0,1,2,3,4,5,6,7,8,9,10,11,12,13,14,15,16,17,18,19,20,21,22,23,24,25,26,27,28,29,30,31,32,33,34,35,36,37,38,39,40,41,42,43,44,45,46,47,48,49,50,51,52,53,54,55,56,57,58,59,60,61,62,63,64,65,66,67,68,69,70,71,72,73,74,75,76,77,78,79,80,81,82,83,84,85,86,87,88,89,90,91,92,93,94,95,96,97,98,99,100,101,102,103,104,105,106,107,108,109,110,111,112,113,114,115,116,117,118,119,120,121,122,123,124,125,126,127,128,129,130,131,132,133,134,135,136,137,138,139,140,141,142,143,144,145,146,147,148,149,150,151,152,153,154,155,156,157,158,159,160,161,162,163
0.0,0.30506642411842644,0.2489223507986366,0.28957096058712967,0.25034209680715097,0.2803167894132749,0.30892870027446107,0.2603561836183172,0.4416126327416264,0.24618350872624517,0.3411745704498092,0.2606259478978776,0.3735762140112634,0.32074873639423257,0.3182954213024859,0.2845734597678574,0.29579232842049297,0.4426296638973047,0.29033924028189756,0.45631817666941493,0.28790692466131734,0.32240200745107095,0.28659971406346624,0.3014631625248995,0.3450071960449176,0.28704814042479476,0.24852250934492756,0.3205405451413909,0.23619370347432342,0.27325329087706735,0.31581845634687,0.3364020783128967,0.32543620488872965,0.3045190112956127,0.38578737927946516,0.3004918994867272,0.33623820642231955,0.3583630485354857,0.24141740567616227,0.35861098445954115,0.3015689378924399,0.3164632854016909,0.30899546643024156,0.3719648299787311,0.31962394849751363,0.3679357369972464,0.2513676985967453,0.29116127852669493,0.3748834320214886,0.35882689104586607,0.34337064440844467,0.3239826291097725,0.27506932824401714,0.2712239659146605,0.30358439240515006,0.3438709317662168,0.42143554130003064,0.26566824947274,0.32055272003217766,0.32815572285356215,0.2566656967573448,0.2795254695647451,0.31848599417614276,0.26661685535587254,0.33203605399853253,0.35825246197648825,0.3800870284422477,0.33775965552651427,0.2788041557050518,0.2945057643451212,0.4900378275236159,0.3194619396682853,0.37195122518002766,0.31281848648356214,0.2982937872973329,0.3373251195628261,0.26516797475868925,0.23819906895923554,0.3428776687492937,0.23669268153448392,0.3255249728707465,0.3580252723506932,0.3254643272383782,0.32071313302384596,0.3540647061916947,0.4159276810272613,0.29343297111012046,0.33064230216209417,0.2976051049032572,0.40015354970213085,0.365297148729096,0.3243091582888652,0.3381235802405685,0.3852200589304786,0.37474754269571714,0.30464224245962107,0.23724510738928542,0.29707742603179477,0.2747482328570093,0.33400838391655696,0.32135548586479334,0.24309150188077883,0.2948041413847997,0.24479199379391955,0.38401523166499024,0.3251525095083927,0.26094384786546637,0.30904093949595907,0.32251587142334776,0.2727571995750851,0.30150954454460804,0.3979518754400949,0.36625265041162586,0.2648291814315972,0.3895666848782766,0.3272187360978044,0.32658626826979537,0.29198263336010455,0.2707282499951367,0.26282236166002243,0.33718179999043973,0.2353473131732775,0.3506362894689128,0.3879065724969166,0.336411551910121,0.27583770911087524,0.25849825205102656,0.24752988372267967,0.2752072290767409,0.3815745313790369,0.27597294351349905,0.2813558749304767,0.2830277456843103,0.37676284495081663,0.28995527711559427,0.3447614878362767,0.34288918469923707,0.3484983605650761,0.34788671231714285,0.3338652213606575,0.3122497138567299,0.30650343457581586,0.3188319753897625,0.30937214297555576,0.35157487948539323,0.3562289917913522,0.3176895549557807,0.25340383383330056,0.30959211891566957,0.20889293512731275,0.4161574468730108,0.28770677069549505,0.29361776899207875,0.2533068142120651,0.3169178837798288,0.4010847202366189,0.3392862800441615,0.3039762887104671,0.3888991496558097,0.34295498247893086,0.2515810555464051,0.38764752115670253,0.2504803375469403,0.45531102008607
0.30506642411842644,0.0,0.3094297561897589,0.311446212945189,0.2132072548422271,0.35510751599332324,0.29468205130259295,0.29781716820265686,0.27604765759820477,0.32067802953345614,0.3160638338023763,0.36959383251326366,0.286728413885923,0.32126412675911764,0.2720592773481584,0.29462000602262306,0.3482982338107584,0.285576797983718,0.3869920648293865,0.36621625622535287,0.343684815729273,0.3746706567216893,0.28733820818540956,0.31791934575392394,0.370273007590026,0.23267383659402327,0.2294542273130441,0.34530007364338106,0.3323023324934136,0.24089314822416774,0.2948570102240994,0.3608325200843784,0.35843462277334914,0.3313386799074076,0.30444420240717407,0.32765223344217587,0.2574675990210977,0.30826862981034725,0.2992528112238526,0.3619611860024029,0.3680087815280659,0.3470695544680458,0.2344025047850525,0.29259290417537787,0.34955090118509463,0.28341271900705284,0.2621503400307001,0.24629655425340252,0.33707400619288214,0.3143194736215325,0.31759414708011086,0.32935447690132413,0.33013643334887516,0.36487945428848884,0.33528009407584636,0.3320207469161387,0.36170777198741516,0.2732927875722259,0.35815706732893676,0.35411809864889354,0.2978705057775173,0.2292106795440448,0.2920024483563093,0.276112017454488,0.2839014598220223,0.3156452780956599,0.2790378865168934,0.24213928632705234,0.2541233822776831,0.26562587899376233,0.2922006689413229,0.27657492547075796,0.2961321835215316,0.3335135864136642,0.3627623759589319,0.2901107227822685,0.26096730426971165,0.2670987283143576,0.2690461500681921,0.21685140210788378,0.3030816269435182,0.28934393133257275,0.3241429210362548,0.2751824860978048,0.3160128491045868,0.40571935912177937,0.23639747596921973,0.24290847686878872,0.2621619427452612,0.32192472469431055,0.2480606869778858,0.30591644776644933,0.3243751840493024,0.3759396447413556,0.3499951712636968,0.3165996588882401,0.28027964100502173,0.3630638931168007,0.2367874640108928,0.31215023291463345,0.26800098416875395,0.24179450424248858,0.22997450616140222,0.28819184046703156,0.2952810148085002,0.2658312819114147,0.2906320968214234,0.3542579829069278,0.3097621623976614,0.3822225446350424,0.36679345908633243,0.2809883181831383,0.2844539389983106,0.23775013077782686,0.30524953359428536,0.3387483162506382,0.34443973482481105,0.2627764037344888,0.3819985477350628,0.2374761479240651,0.26389932287421397,0.21032415109701302,0.3410592409098369,0.3316627244316331,0.26048118536818926,0.3405930560596509,0.28220564636078094,0.2645125221129119,0.4202046081834508,0.27557584084270764,0.308487550732744,0.3094079633529859,0.22406897042252236,0.3521589874851308,0.3062759693078505,0.27112023920462885,0.2903241815747765,0.2813806782714463,0.328675071085359,0.2690452395748144,0.27451271194725313,0.3499591549421698,0.38426375268150115,0.33466416267206583,0.32142575771210413,0.26683619377397017,0.3090424278510682,0.2605954896474565,0.401216023963963,0.26593455582767517,0.2778238390760153,0.3431692698387222,0.2817937199344036,0.3105325753178276,0.3236991524313702,0.2823024519035275,0.3096415877275118,0.28306859977808496,0.2833159755200549,0.2740959985107412,0.2719258231574173,0.3198854579329425,0.24408165028065684,0.2873127619308307
0.2489223507986366,0.3094297561897589,0.0,0.3065604768550158,0.2236770229290587,0.3576888684420178,0.24322368280909126,0.2899029012808808,0.2411441859258158,0.3249642599854904,0.3354001147278065,0.36727219474850514,0.3030830131314944,0.21813053787081751,0.25906131792067294,0.4135354749007175,0.3804655770412691,0.25200248691910615,0.29194352368247334,0.256124357844634,0.3611496230411811,0.37829807672739163,0.2270451735796262,0.2762974069484636,0.2905868669945585,0.26505904230769073,0.22788817317124604,0.3092324656055669,0.25468491190272924,0.2632364022844667,0.23493989623340875,0.3505949656378925,0.27963504694270735,0.2764610588731585,0.206699693112225,0.25439656644227393,0.24299756967005545,0.25464360569628575,0.27183522542015026,0.3007760890235853,0.2586095921041658,0.3173818564972914,0.2504605751434819,0.257215003330577,0.2847101244929224,0.27425337556939305,0.2239148129663717,0.26957795308995713,0.26014938847193864,0.2652013601925535,0.31955564102772815,0.3092136428684639,0.21160099572027946,0.3241663743853171,0.3068764766653559,0.23476582431377624,0.288157446636631,0.33597171122168434,0.2539960038822985,0.2592502917347467,0.2659255018175551,0.22022606033773018,0.3279086667522736,0.20094789895734821,0.22371779274826248,0.283764361584688,0.2531961503522959,0.25818121514918707,0.2543686122961489,0.2642743694782572,0.27455223917586374,0.1940706837079293,0.2535309093605695,0.4141614950150236,0.35805298599391655,0.1948135186497711,0.3392155978160481,0.2559367719181956,0.23099206534436068,0.19955909144645576,0.27112162337228973,0.2582400664639652,0.30520621267463593,0.24608448413906592,0.26217345722111846,0.2994588607662672,0.21522966553627357,0.21287070585518386,0.24497215491712165,0.23535366521871814,0.2608953642865965,0.2112786281042166,0.27276219485387815,0.23264018292043606,0.25700652127631507,0.25795341001489713,0.21817219738480445,0.2609552774807484,0.17428626230597727,0.2736488274388031,0.19344638774147183,0.26436901152005254,0.20864089315328663,0.2517143175796652,0.24482888138879796,0.3165229959398612,0.3069736352076955,0.2751578068668004,0.2517631591087477,0.3049538758533864,0.30788902983966027,0.22063140874382456,0.25745398933002517,0.23791165531944716,0.2413284972181973,0.3309784929248959,0.24341346031960495,0.29839911937774893,0.34098085113465465,0.20997409163256844,0.23519809865256228,0.2008846799841454,0.22108724096407206,0.3065444777108271,0.1741308390885429,0.3272537367353143,0.23945317983240746,0.26470952599683445,0.33858834788466907,0.22786367019363585,0.251971508345808,0.43484351995675596,0.19676239523386405,0.22725133271388653,0.2550475646458825,0.2013823327690997,0.2271393779347863,0.21581063788738727,0.2861180782961388,0.24428100163491376,0.22250464485294008,0.2654593032292189,0.2553164806473801,0.26597211048035446,0.24794600805751624,0.21345512894776678,0.31076386145765555,0.2705983323356351,0.31110187677364215,0.21939415159718903,0.22736841209369243,0.22132807937339866,0.2507132050459433,0.293747458604108,0.3156305941392873,0.241608382881029,0.29759583603435175,0.3354311137062547,0.1925053703697742,0.273718994512769,0.23357692965322058,0.19510583395617398,0.2110743831127605,0.26343671064226903
0.28957096058712967,0.311446212945189,0.3065604768550158,0.0,0.22134790129806733,0.3004595057888037,0.30880701835259894,0.34288260077607974,0.30147833042087324,0.2590296137858009,0.28940371876691157,0.34177953728292976,0.2981947546047563,0.2664830357492367,0.30976898489744353,0.28644201880134873,0.3454384630079264,0.3123478542934449,0.35821129157888393,0.30537123194698,0.38126879404072095,0.29727325835541407,0.3185722049970748,0.2668747425631368,0.3119965194154808,0.2908599703064532,0.3083494009980318,0.3698439909103593,0.20507218187484855,0.25188884783985693,0.2848117081874584,0.32320772891708555,0.4195179194235262,0.403422050890903,0.2603846954948757,0.32410093094827613,0.26717097404941575,0.33339163936589966,0.29725278717303755,0.37716880006462494,0.31799181124997156,0.34935869268733777,0.26801746822276934,0.2663929477327811,0.34611826090276904,0.3752285440411216,0.2250544182016702,0.2228028627976498,0.3101302932127081,0.338494938184311,0.42800176189986416,0.3634963669754286,0.3098821976649981,0.35433209600049087,0.30384411246574194,0.2883231114102811,0.40439011024341015,0.3297567968488042,0.31297260122633,0.3812505416331384,0.3145170915832463,0.2898440609553725,0.37522697837955216,0.23930597974480164,0.32795001227964676,0.4104440406536279,0.3789464685346528,0.2536043809384057,0.2951237209321228,0.30340634399346567,0.31104817437479826,0.2505822340086806,0.34131894383128586,0.5057235457339562,0.39826791766381825,0.24429458233555076,0.37288624910677554,0.263634257567279,0.33231399633796166,0.1933866688432389,0.27582249897804095,0.43496636872382205,0.2767969687884423,0.2880343902087923,0.43039932013889903,0.3857908787540165,0.29269319192891236,0.3045388767167158,0.33555759741469227,0.3256299769451972,0.3086096413690762,0.3204447352713284,0.26627683203674934,0.31647862014514616,0.3819957870489395,0.24942024905644652,0.2852499178610802,0.34968952898963807,0.23735691466361564,0.3679811110493153,0.2395895983770425,0.30835237420956807,0.3350450001685575,0.2602203108952641,0.3586208560182139,0.34919195793394064,0.38984800049807916,0.2992925579087066,0.3053473181036888,0.26953992190064546,0.3682314059483937,0.329162367801846,0.34994822221597177,0.3317591156661422,0.32947136290058165,0.32289677766053665,0.3244649734386507,0.23945497989761427,0.3124725928375287,0.2790915055834168,0.2619744690160112,0.2959974091924123,0.28726769531980945,0.3268180049350253,0.2183835332238746,0.2601878972824925,0.3491271480189069,0.2710089169364978,0.31953049332220396,0.30198994929135625,0.28027719105234195,0.3854360502724117,0.2615469026150715,0.3340891291310783,0.2862018382647396,0.22514161970412264,0.21147974128148492,0.28043224403823336,0.3237148429036012,0.3205557820660755,0.2824112746682951,0.27086121996726936,0.4240273657845113,0.3693034824220343,0.27421958443594885,0.30860097500584593,0.3552003673984229,0.27251000756201305,0.2719075472034813,0.229108637566817,0.32695525659504143,0.2842128945697916,0.3176960857490183,0.27126296615260564,0.37764893635042746,0.3158207961084476,0.319431106244323,0.30868690283916334,0.2700791504636631,0.3095173497093382,0.26439004468205435,0.24987706554859368,0.3041453548407295,0.28453360435807956
0.25034209680715097,0.2132072548422271,0.2236770229290587,0.22134790129806733,0.0,0.18672376451115777,0.34677237939417127,0.19058383614700664,0.25186863295737943,0.2071865455353427,0.2473079068874243,0.23391518712298934,0.21321923029934106,0.2296102754196363,0.2907687120883423,0.24920947898778298,0.2514948141208043,0.27500818497408436,0.21599757467654396,0.2284667581546644,0.25484373739158106,0.24766944161883095,0.3081697155101615,0.26388432761063485,0.2346297800283046,0.23759208869858553,0.23755912167519286,0.20909832629622715,0.20048587052698064,0.3075040836984116,0.25591270356704426,0.2237369797914994,0.23558405911756794,0.22220424265033584,0.2843103398167736,0.2562480358788317,0.22507734178335287,0.2579252603473152,0.24468691753346328,0.26707566452927733,0.2797009382265596,0.26728408343971166,0.277006839422454,0.2987140021012684,0.21196050874045358,0.2342919184118231,0.2919930603716384,0.24884474972490564,0.3112288029608048,0.276740823643348,0.26416555306300304,0.2271480396450092,0.21690558217842645,0.20858844310371194,0.23864792353008588,0.22023045203754824,0.23759782018530093,0.26766066310296405,0.24809627727070405,0.2371010573999083,0.1613195833316688,0.21718868744421124,0.22584931202859088,0.26364394217885817,0.2452642526010582,0.19063155164929063,0.20194198639934588,0.2332620690734736,0.2272684382804085,0.2163755888018886,0.24750202249313086,0.24233425415780585,0.2009418015016442,0.23571823994691787,0.19863506716103055,0.20157020572956674,0.23120698896194528,0.3229960676670509,0.21958903492664086,0.1925104143601241,0.23700972548864563,0.23838682766308805,0.28354499672404504,0.18958451590917996,0.23769595587833636,0.23862344331408444,0.1927168025252107,0.24001218581509257,0.205382998492144,0.21168377417901788,0.3424124446570445,0.27480293716754967,0.3243762115242051,0.1979063358269776,0.2519665705464751,0.21394767468363043,0.17027514696760007,0.23014245111154433,0.24258253148620038,0.19767716563148044,0.22028127572115444,0.20143520512081403,0.24698099296235665,0.22510438503600957,0.23157444759694595,0.24421231558061807,0.20476107254632675,0.24189612296752983,0.29638034241507644,0.21846340042645027,0.2460253827001219,0.2913699955363298,0.18968373017677406,0.22962074084570977,0.22286416078223062,0.23009632397007712,0.21904626377860523,0.26636717879896404,0.2087905028681585,0.21142958886269975,0.3630164922274623,0.19868246587737493,0.2006614445796602,0.28067303919953424,0.23086101054093347,0.21163213793656804,0.20710377443941147,0.2387502187679244,0.20878704374354354,0.2593938032132822,0.22920816125049007,0.22676825709423562,0.17221467458229753,0.2259622056910752,0.20230156571942798,0.26974477105856837,0.24067815714479995,0.31704271480248997,0.26039082492098203,0.297294648192823,0.19977085366247618,0.24447486890207823,0.2427340229610102,0.2632860189952289,0.25792329208513887,0.25303948233480167,0.2999556661717643,0.23950479421064794,0.2285280009593927,0.20129733549574705,0.22145194597279155,0.23680101256956326,0.25077010421228724,0.2929433662785207,0.2573080447187979,0.22789640460779753,0.20848265179846184,0.2607447137963753,0.239591774836369,0.22645289434842542,0.20684044715834402,0.21768775617762903,0.23722378739153552,0.28532698427579845
0.2803167894132749,0.35510751599332324,0.3576888684420178,0.3004595057888037,0.18672376451115777,0.0,0.22981379827416876,0.2934321790249574,0.23322567332996205,0.2589670929672083,0.3660378512258746,0.3348838190787477,0.40908685155375984,0.2243213625595003,0.254581521186665,0.3657713212110097,0.3626222707713638,0.22405528734622068,0.29307223434859286,0.3065649730235539,0.3200641717914422,0.3247972754567427,0.20754005011294593,0.27243926611605196,0.30299339639118944,0.24930035924886151,0.21817968234213853,0.33380701439664456,0.24239148955334214,0.23211459746039478,0.24975964272910547,0.39410773150004547,0.3167342437303736,0.2890862364869224,0.2324131255491136,0.2618938296375258,0.2864569890385092,0.2553454400301374,0.26671734039547673,0.27492601101619996,0.2813873026946362,0.2894975861405378,0.23606242842755526,0.29118568274960105,0.28996888209788946,0.2698588206777579,0.2172016878298477,0.2748518528555316,0.2357706436927633,0.27368810164648705,0.3067820165187356,0.3288558874365269,0.2243415914803559,0.32132940124020404,0.2821608816846131,0.2927813595402348,0.29360336838753354,0.32086600070364496,0.23410433151100812,0.27264687148907657,0.37613154347928746,0.23676160981566907,0.327115747820874,0.1978333319772906,0.21569540616386182,0.2928175210896293,0.2937388286601934,0.2706771108604877,0.22549243743854203,0.24776013990922716,0.28756278316524325,0.19981891232358176,0.284987096773076,0.36191566638968503,0.3906826539149432,0.22655278761137101,0.31406042116593086,0.23638578773217836,0.23930113512530346,0.25589938646567956,0.34594797016223744,0.24462299701998783,0.28626306317248834,0.32586203959579085,0.2601997306781346,0.3097670350816129,0.26042328799889747,0.21361629825938575,0.27635743706081306,0.2861002262397642,0.2418226371827384,0.22687160756268415,0.2815883568827567,0.2790824298403716,0.2421819933035301,0.2851717454364721,0.24387903667900482,0.2835318408391624,0.17828072205612144,0.3043551700875002,0.22683653159667283,0.24002433502863244,0.2033459411765796,0.2123497566698492,0.25959911803831043,0.3268435773784052,0.34316786873325317,0.2941597592549272,0.25086046657682237,0.35667596163210147,0.3145719670217215,0.21859723857678823,0.34798797804508685,0.2438936985388547,0.2617758433365934,0.34697302855307727,0.26930477754827564,0.22118281535211196,0.43745063733943274,0.21489664138983713,0.2257943631428508,0.21289618267251717,0.2816308627597307,0.3052181231665601,0.2141426722041904,0.3141813205934512,0.2656488825819598,0.26155514493457965,0.315034118609449,0.2259658234508701,0.2667681553901329,0.42016667178212697,0.24821390718780595,0.26138111381076934,0.2879893612876657,0.22496812946562647,0.276847626145357,0.2173708731727798,0.25696687965243536,0.23295615203980857,0.25591490648496173,0.2808960112322359,0.25393049338545176,0.2618623544126985,0.27564606942283937,0.21402544637132398,0.3066947239012676,0.2905456386790502,0.2623891489560037,0.23081458340861788,0.24891642117454424,0.23413474324329053,0.22681893549585386,0.2638289035122509,0.30410660013109136,0.2679499392417541,0.3435999767994214,0.3535150839294997,0.23135173521678096,0.29204011107460054,0.23645497304098548,0.2400857245246601,0.20246179702931494,0.2694306719537498
0.30892870027446107,0.29468205130259295,0.24322368280909126,0.30880701835259894,0.34677237939417127,0.22981379827416876,0.0,0.23997406468889015,0.2965619145733949,0.2704036256809554,0.28560236323345556,0.31990959136417174,0.27311776059098686,0.3001916012672391,0.35359545316601115,0.2729238299574614,0.3029426850217961,0.35323746177461884,0.28473063768250717,0.27203807777654593,0.32659521863132845,0.29041819985229994,0.41411363653159267,0.3162837264225104,0.3197129679006779,0.29599620506494484,0.26316449329238156,0.2527246637423948,0.2701159398415052,0.3048163857027038,0.3075395874129676,0.29765280472164923,0.3549521027513373,0.30767670125546437,0.3042586169122909,0.30878165260452284,0.3070357543400542,0.33101309420434133,0.280051423295677,0.4103518780896474,0.38153917768171347,0.36222551709852674,0.36005143544746787,0.361274843509449,0.29582563924168936,0.3208769775920344,0.3583017324245411,0.26751795838266196,0.48475649184050007,0.30956630405812674,0.37451725073965975,0.287047198146007,0.2770946308885353,0.2893486491835783,0.33613448878042557,0.3242731546585649,0.3162655118298134,0.2966235611661906,0.38817094195038276,0.2884033138967329,0.19872566411567902,0.2666717512872223,0.276826156326249,0.3384571103092051,0.29526655377345606,0.2509008147835538,0.279616861888608,0.3058066281682817,0.28602367211816015,0.2629507911074027,0.3454261048840247,0.3039625397544592,0.24948234125335675,0.32342591056491643,0.23484824028772677,0.27177542561628726,0.30708153220178447,0.35574319132427995,0.3015036426975222,0.22598334825966745,0.3297354812783745,0.3129086203245606,0.35567618371760296,0.23208968338749783,0.3219293181413008,0.32226234705362056,0.24422378001694597,0.3140841687074176,0.27137405992804287,0.2876616766112085,0.38970064911462,0.4188901767382444,0.363061687733176,0.26237159533739995,0.34781673016578507,0.3064399578569882,0.21677562557777014,0.3546824033904404,0.3124913982668793,0.2733495498297914,0.27744633003075025,0.2676521887168856,0.3357136190025337,0.30822493132585554,0.2966519937965239,0.3251613442568882,0.2576258585119375,0.32589459337026233,0.4286224105121368,0.2960353068800164,0.3581229183604057,0.37485461894153865,0.24820217035577202,0.2720226769430137,0.3015154504645046,0.2810849522083207,0.3134057185383893,0.3067256267748388,0.2798360473883392,0.2552672491422832,0.35345797700343845,0.23777353254259664,0.274533952903427,0.3879242537556172,0.26835502529944205,0.29264504047211604,0.2489317644555968,0.3119862727339565,0.27818081917152254,0.35277454518575635,0.282330522311564,0.2609231377841413,0.20986311675807137,0.27257278368234367,0.23416158758788214,0.32919694581113335,0.3031527698074911,0.3834377100280646,0.3566314573179583,0.37801379101280497,0.27814132046872786,0.31561916262271134,0.3320156992280266,0.31718706750762976,0.3657594592567854,0.38460514023026837,0.3428514229848199,0.3237004754046726,0.3009225715797105,0.2439935124013415,0.27716592038783283,0.3520390256389201,0.27896630407984374,0.38884131141229744,0.39290256024233683,0.32114487225389393,0.26773027585237946,0.33722909138623436,0.3167476339313978,0.30444093047524556,0.2982721442896781,0.30470388471133486,0.3287361689838561,0.32930485577546764
0.2603561836183172,0.29781716820265686,0.2899029012808808,0.34288260077607974,0.19058383614700664,0.2934321790249574,0.23997406468889015,0.0,0.29242493114823925,0.2723506328321645,0.2800944910910283,0.2930978939433875,0.3288258443687516,0.24692701144432844,0.27604333133023295,0.3275196451760972,0.32553167667184874,0.26820534753767244,0.2962848634160795,0.2891066697213467,0.291149061887649,0.2503182522283259,0.2541431357134244,0.218050559655286,0.3028735271842821,0.2538929276360239,0.2830802048068999,0.33871130547054934,0.2075959281310253,0.24293592274063772,0.3346078400314428,0.35606380693394307,0.33564577093331366,0.3296188198143617,0.24316073075083197,0.3072829256317183,0.26333412959315056,0.31515165412433804,0.27493702309167883,0.3049819514175475,0.2767002379254212,0.27735032949203126,0.2780169178555195,0.24374788605709322,0.4199757122437404,0.3159307343002008,0.21342363409464052,0.22076703876468118,0.27340341503800264,0.2715006755436372,0.3020124985938431,0.2609518349063119,0.23964306607219132,0.27899283005716186,0.30776324542229927,0.2680006588782908,0.2924587816212217,0.36807536770324567,0.3031824661046486,0.2922450408809293,0.40565300637002694,0.25178158018674424,0.3244949662262038,0.24208250761031233,0.23158415889823444,0.28740629112415256,0.31206563665358356,0.22913803622650913,0.2957371343099837,0.4066557448848031,0.2773898625938325,0.23675789250777515,0.2755425470049357,0.3617898557726524,0.38935264013007587,0.2338967299659242,0.38341403852190575,0.24009866805807284,0.32812527136397424,0.186885553609213,0.2661929255820797,0.27567217400794847,0.2728995217297473,0.32599547601196677,0.3375014009481552,0.374840811082528,0.36884135075354946,0.2741741521298877,0.3363515133097708,0.28438805440311943,0.24687054192899946,0.2706001516592044,0.27246736901502605,0.2468382441385968,0.3102210611347812,0.24793000732595896,0.3027800046150609,0.3378913591577064,0.2092676300136927,0.3449964551974241,0.23330462113386913,0.4164940043458164,0.2534950389021084,0.2562113467341593,0.333841419811691,0.3224440471648452,0.3361080110294554,0.30688818872179185,0.2731883672685587,0.23462272831670372,0.2615697052011029,0.26682062289053454,0.3069935822296494,0.3078000123999384,0.29249475781829043,0.2941915574854049,0.3162348139428058,0.23569619633069855,0.2627325421240852,0.25318661635258755,0.22736404323958323,0.3611824513679283,0.23928891570645977,0.283437063884373,0.20659724620996175,0.2725179462757428,0.2648597088495984,0.32960272681802727,0.3226454433861538,0.26804769955903324,0.31747802768866074,0.3367877126347537,0.27930783419116245,0.25040156171596306,0.24458949695553645,0.2039452261526915,0.22878645118227636,0.24378225284527805,0.32242780215055983,0.29257164238611655,0.2695091570248137,0.26825026033577287,0.300485120470411,0.32608788372653474,0.2646554795671283,0.2582328066646905,0.29223795771575356,0.28009265740808764,0.2897790407334257,0.2365580860054455,0.31118201128229644,0.29087411728324447,0.24532374543269533,0.26485610781644986,0.35524857522394865,0.3028006440700039,0.2600069518046397,0.29208708090723506,0.23017286537878004,0.28116335674616416,0.2525966882764907,0.2419436970592249,0.25993012613144273,0.2332822224300801
0.4416126327416264,0.27604765759820477,0.2411441859258158,0.30147833042087324,0.25186863295737943,0.23322567332996205,0.2965619145733949,0.29242493114823925,0.0,0.24051744623344243,0.2837332196775408,0.27046852884104433,0.28786256405977645,0.34616926481911187,0.30877903853895605,0.2891361241881294,0.2812526863511195,0.4116775182473782,0.27172044875029694,0.37269647873661177,0.2662399510305731,0.3083999957822788,0.2804293828314179,0.25254741916467494,0.3012712560621738,0.2821578046157907,0.3099695069709231,0.3234467945199938,0.21889703957921272,0.29669429728856733,0.40187762657967785,0.31935263425413435,0.31744879009348587,0.30253397608364,0.38671958688330527,0.30510929579304574,0.27543877457909105,0.41510415984483423,0.26395395101176644,0.31931076364435534,0.2790010210860811,0.2935688634047112,0.2936480050934591,0.3177289521702506,0.347147086155618,0.3307385652181039,0.2326656992701779,0.2488275910384003,0.3441841782817304,0.33474618533877104,0.31566400485081053,0.28010915975881145,0.2741557483492738,0.2702449642346709,0.3089916941844115,0.29780891489235867,0.35808277186830334,0.28046242775002167,0.3265012367828363,0.2979943199331413,0.23291237393581687,0.2766902825426441,0.2855345104404992,0.3096695953480432,0.31850586788328594,0.3091503639651963,0.3543060809014636,0.2712015638360241,0.2954441138123672,0.3128197035605375,0.39399716652148203,0.36372728721067304,0.3404806889150139,0.29861720061053293,0.3132967584330679,0.2973889784643094,0.2631411643248912,0.23432556166644114,0.34907833285702805,0.2060711754525643,0.25800151478801103,0.39281871829670634,0.3119425454251241,0.27903608893854565,0.3574309168204052,0.42051559509848874,0.2767642909832311,0.3880894591903722,0.3285877798135682,0.37737750120963964,0.36526745313908054,0.3687567962660869,0.3198166270719224,0.30345979093785425,0.39235064219165355,0.28382009659885143,0.26783948863606627,0.3161847733201334,0.32931615571247613,0.3287358619350806,0.3295448021043902,0.24028022970123625,0.3323258159990812,0.25684332923041764,0.4186808923287565,0.3106026502934295,0.243624555248851,0.2928884581266261,0.2895152044264926,0.21944168479284815,0.261356609369966,0.4079827773414408,0.3077892658953983,0.3452460253240593,0.36964622106729533,0.3128092535702465,0.32080732970568626,0.2884020406256073,0.21825370713103703,0.3095345029767485,0.3512888157991017,0.2704416344483857,0.2730591641123493,0.3428013250668305,0.3537207922550339,0.2668381328088184,0.2656661043790379,0.2620143221554998,0.25995685165045146,0.36343213960960014,0.33267168368522687,0.2845804547249176,0.29340828649771433,0.38930840683004664,0.2611956234817708,0.2807904478393945,0.27693283762759513,0.34055181495032577,0.3849166003621789,0.35709191321325673,0.304625541426524,0.29045073992652204,0.3351788149261169,0.34884291745305834,0.3088931891276216,0.3577262002285709,0.3618007207941715,0.24246764447569194,0.2948132887043843,0.22172064716128176,0.43158954002980354,0.29844312606548545,0.28676959162627086,0.25038466246735397,0.3080702884251427,0.3572485684260183,0.27642335097386966,0.2838599703734007,0.3802978897037033,0.32689888326283795,0.2360136656345191,0.34960222685590503,0.29126894935379,0.365147430965973
0.24618350872624517,0.32067802953345614,0.3249642599854904,0.2590296137858009,0.2071865455353427,0.2589670929672083,0.2704036256809554,0.2723506328321645,0.24051744623344243,0.0,0.23933613514144392,0.25631130870932306,0.275965510311255,0.28677852923500385,0.22510126609102823,0.29183824527476926,0.2941892039721226,0.29005964021063324,0.2569260322905811,0.23700078569340088,0.25384865078135255,0.2433926884765259,0.3215072877251797,0.2159001190992216,0.3919513200453722,0.24048731268317203,0.26185618408499706,0.2952695144877646,0.3555173160228336,0.2454986851497821,0.25985093792664415,0.32812299860646166,0.2393815504547878,0.27731561787817904,0.24598089549006474,0.24576670857539604,0.2539344520371199,0.28528934326764277,0.20335341155208075,0.293756774087011,0.23627966114448187,0.28918215472079917,0.24208892344691613,0.23516068744585528,0.2710057119309545,0.24911103740060314,0.24582972862326916,0.22436276565690072,0.3490363599538963,0.21495200743171616,0.2364081656378276,0.23602358166728293,0.21558455635757265,0.2418503669431271,0.2862396764736718,0.3154454880943404,0.240109946424942,0.24107977960731775,0.2950088822490138,0.235416917819851,0.23765611142753273,0.228196610496521,0.22596145324936837,0.2482326036154092,0.21710173773123412,0.2375217009166421,0.2431077150015426,0.24450195248634468,0.2934970653998529,0.2970799148432434,0.23064727108090022,0.274005988906576,0.23233262049914746,0.2763761348064193,0.2807935238470558,0.2753375129253024,0.2465337089770485,0.2799943951666564,0.24348488985328665,0.2298038455855974,0.31477973523861963,0.22154009791267035,0.31118404944085054,0.2958840895167261,0.2760639513854523,0.2907009083177965,0.24182571956282956,0.2546542842009117,0.3185176564584833,0.2396016296067937,0.2336394177080492,0.2491300921715442,0.2621343393912463,0.22251909408335235,0.284140068854639,0.29946878715455283,0.19246148073793695,0.32783658175514646,0.23056914078865676,0.28164022530944705,0.24546912225385778,0.24414447685254517,0.2498737301148732,0.3661602593880556,0.2366445312436099,0.26189992548267543,0.2499735746407643,0.4015234345785098,0.27305759434627236,0.25058667479234686,0.24477777870693018,0.243167233661211,0.2593232185362412,0.29706750698532225,0.24908557211221252,0.2696602704091508,0.31356202336895295,0.33487266791350656,0.3062333898977523,0.27843064388003164,0.2183096247587074,0.23908660083473726,0.22920868614648207,0.27925898297034774,0.21859258784565877,0.3335004272418131,0.24091653701923096,0.21819217911650726,0.37078731604025494,0.2790374485608114,0.37727601112243725,0.2608011978069005,0.2302507981021253,0.21526739790031174,0.21388513028965614,0.22276011850417501,0.25897181955185694,0.2616072640016995,0.3235249875046195,0.2593790505972801,0.2746615800455541,0.31334098822232415,0.26051291271518406,0.24535869077704303,0.2882223710368293,0.2765903263733917,0.21451954315744592,0.33064899804625447,0.48939335824024666,0.2630130033020143,0.215394599414691,0.3291846962510423,0.20804820702188115,0.30370526591234065,0.3202638689768811,0.25035258932648885,0.22290960290543652,0.30701602097829206,0.25492269874737256,0.3121253622430301,0.3841698232994847,0.2805087695817176,0.3040753347000651,0.21738479795429166
0.3411745704498092,0.3160638338023763,0.3354001147278065,0.28940371876691157,0.2473079068874243,0.3660378512258746,0.28560236323345556,0.2800944910910283,0.2837332196775408,0.23933613514144392,0.0,0.36403063485608855,0.3563183379075402,0.24867923471247244,0.29548315264738984,0.38260389703730563,0.3163215260051688,0.2809489228801581,0.300257746243676,0.3162235641292139,0.33330487013440785,0.40976641032378774,0.24888348383109574,0.3122088432614715,0.3483862656565949,0.2960961443017256,0.24044896763058352,0.28749508640360705,0.2615329963093881,0.27503771090612855,0.2851121960049487,0.33149096252434146,0.3224192724582766,0.276398334291606,0.26403488629545485,0.3081876350582174,0.36026834741981,0.3028660643811188,0.3159592235622916,0.30815226009889835,0.2813589584563061,0.3286595029547588,0.291902803095366,0.36047466645526444,0.32457116226293475,0.2724871875615743,0.21917862296220678,0.3863992722303373,0.3055953239245194,0.26956575161457863,0.33441576479852264,0.27218690213816177,0.21742515256923844,0.3437923481464725,0.3605318240726325,0.2544972491768675,0.3026845643031557,0.38653983247040585,0.2795287585076195,0.25442357310333674,0.28564150301538,0.21579753722123868,0.33558342366658767,0.23604305835621753,0.22206979419931172,0.27393362069652405,0.32823272294585915,0.32347233587125224,0.28270788209352843,0.29101973828609284,0.3610042006822027,0.21434838897651864,0.2921272094273904,0.33455155867825953,0.30846465403007506,0.22995916811373043,0.34590464488015593,0.2607401294166362,0.25930159967676997,0.20557657938441878,0.2997581752298824,0.2645251016505266,0.31825407465512284,0.28797107387128673,0.26812349302442245,0.324486795184481,0.2876092374519442,0.23896009854043104,0.22666710685068803,0.3099841813496845,0.3277780873233861,0.24157881770781078,0.3183755303953305,0.2669493081892062,0.2797308334958676,0.33458090355355713,0.23530922486841416,0.2584846186549109,0.2007384683294044,0.2423533384141029,0.2560281110746474,0.26876977375321603,0.2392096857068996,0.24241872945725734,0.2859655138081139,0.2795734666509417,0.26079015217981794,0.29161107339951176,0.26072867630140695,0.3649065131627689,0.3634962466354106,0.26744031390502015,0.29439406588694483,0.24690210917617508,0.26675991730865845,0.285418646085886,0.24387994673750124,0.28193900901138336,0.3374481235361858,0.21465595875846147,0.2680021938124153,0.2072999339178775,0.2741888855408008,0.33707154606510675,0.22901266756163816,0.33403544617644787,0.20661520786987655,0.31611292424143383,0.29480716836674475,0.2551012483184468,0.2396977727795268,0.3409958271668719,0.24628613220923248,0.27800989498072165,0.3520379171055073,0.25630809556273126,0.29889819741326423,0.2459256371840254,0.34498431476983593,0.2887486729793254,0.3006273602423014,0.3056265140819989,0.2449723623777768,0.30702529200238254,0.36320371734251106,0.2539868581048136,0.33003488608719334,0.25168392505723614,0.2917892187867553,0.22760583724021327,0.3269076929959157,0.24849413667245418,0.2843554846689163,0.2898527233043413,0.3233154752013938,0.3589962804946774,0.3414319234686581,0.3143749353478412,0.26142807928018963,0.25873430417603055,0.21621292907317954,0.25919408335605787,0.2089633399787863,0.3826661247024697
0.2606259478978776,0.36959383251326366,0.36727219474850514,0.34177953728292976,0.23391518712298934,0.3348838190787477,0.31990959136417174,0.2930978939433875,0.27046852884104433,0.25631130870932306,0.36403063485608855,0.0,0.2591643659857623,0.21931544755068064,0.31136405791524524,0.30825823176386835,0.330981063007163,0.25415276155501904,0.3836943780892264,0.2873096629653071,0.3838099247040387,0.37762699648513626,0.25900892308568635,0.2912803574884575,0.3056915890327742,0.267700759860841,0.24397639521524536,0.2706656297973489,0.26453447647374756,0.28223049340631706,0.28792080785615204,0.32034220551980297,0.39390916351809474,0.3080370900854397,0.2296340658097622,0.3475952987925498,0.27253593496416023,0.30571237434354276,0.4180401090749901,0.3151492661207582,0.37275769966132705,0.2899794367549466,0.2900861498826401,0.3116745402804278,0.3140552365634321,0.3109557030032592,0.24961553529020553,0.28243765766892476,0.28991209918772204,0.3267087735572911,0.40578006991038673,0.3176064894342623,0.2553797012640816,0.41866293149052913,0.4139992169489769,0.2370214633116633,0.3520518862611543,0.37864138922321755,0.27057378020953843,0.31142847111668265,0.24988319260349692,0.23417602279737199,0.3262417316115677,0.24481611074484477,0.2557222217260426,0.2748871143507674,0.2633282811962844,0.2464607781410955,0.2547453679276386,0.2400410062070721,0.29727696606830684,0.21762906537837862,0.2493247603502222,0.3519631207046491,0.3137941026061722,0.21328048443960293,0.3178766999423889,0.2898899727142445,0.2809169356248559,0.18272542285021812,0.25911049142112813,0.31328817786604435,0.3048962109885212,0.22869464267148756,0.3026531151703578,0.34041773134558106,0.22490483351641088,0.24955380520646175,0.25236710501455395,0.2903523521855891,0.31582955734202334,0.2840735488511821,0.3369404048371168,0.27600908960121406,0.28407195154837867,0.34608772320523257,0.2571869755791215,0.2874360984044039,0.2117238778226639,0.2646732522173449,0.2253884237538718,0.2703921035465541,0.2677855398779007,0.31690095498657833,0.28977053962600857,0.3106598470953199,0.3210157890594116,0.2567483001952034,0.2986126355508311,0.32531968504645886,0.41521107955466935,0.29720386925977305,0.24765044052545046,0.25952956508853103,0.2845448556355905,0.2954777614748822,0.24734284465363726,0.3122554382929399,0.3325374316440628,0.21255960409591482,0.26869567290050117,0.22255241782175741,0.243254970596554,0.3213348075141738,0.19570630329408187,0.38229939106191696,0.24640740074051645,0.3366000652358934,0.35103272127186025,0.27071586949648635,0.23901393969760548,0.33322771063510087,0.19925177445905373,0.28928066323977913,0.293351959678961,0.22197512804413652,0.26642617261486123,0.26487027344767594,0.3238619365918147,0.30389614207629845,0.24893145689794624,0.27973412761501504,0.3124082364071805,0.3558879529268716,0.3215618524056062,0.2893405113273472,0.41943742046778465,0.27938877090288894,0.3221243952358332,0.2396584949140696,0.2705567914746419,0.2730685298562018,0.30053416724686455,0.3240265332720447,0.3773846846971332,0.2620473652011925,0.29115930971567044,0.2975414260936698,0.22326497476796067,0.254426587393895,0.2104601960921471,0.224252160745998,0.226677254927909,0.29301842119091814
0.3735762140112634,0.286728413885923,0.3030830131314944,0.2981947546047563,0.21321923029934106,0.40908685155375984,0.27311776059098686,0.3288258443687516,0.28786256405977645,0.275965510311255,0.3563183379075402,0.2591643659857623,0.0,0.2906818716654902,0.28532014901598934,0.4266185679967587,0.3651880231214601,0.30260254808518877,0.2477353581559099,0.3349600508255209,0.2859148438097358,0.27465735655013457,0.265292671962819,0.25248569441467905,0.3351272336940677,0.3248995143946506,0.28284356155598456,0.33454384861756375,0.2483488817219604,0.2691946016866776,0.30092215228728764,0.47803810630930416,0.3257793008828032,0.3134630531937521,0.2881855091506286,0.25933655560978736,0.41399742833432496,0.3298145486713623,0.24135446310896005,0.33064126109844943,0.27454382516737635,0.322525797220767,0.3057475050173336,0.3145172650648934,0.366890156411901,0.34106206969092967,0.24742265432026644,0.30198902644792414,0.3142397863651921,0.292803087819495,0.31260274828051,0.2924709811774775,0.22621562513113067,0.27269541904659284,0.3197601546722853,0.3613331660272499,0.3025045033237272,0.3286982002129362,0.28239839963104985,0.28638547512007423,0.35616641845909863,0.2974393206292848,0.3296703462687049,0.23250771892562422,0.22232252478642145,0.3157959087501578,0.383072123298416,0.34710065266555357,0.2993274678461467,0.3396455049920661,0.36318276978043296,0.24471244758191885,0.3177569662094098,0.39782475242103427,0.37572297850230923,0.2815334334418997,0.36850183321381685,0.2660415824005854,0.3258158601694884,0.2651290050220685,0.4000961034930819,0.24370498067869203,0.3308105405580598,0.48072857864883484,0.3033493639623455,0.3674492238135811,0.35481059766932016,0.2761308473563411,0.3409276802456367,0.3361732366667235,0.2892433614171296,0.25228023781223274,0.3023422800685236,0.2834537007193409,0.2798314711200048,0.29801847058374126,0.24243135704844787,0.3202650980036492,0.20934524850986178,0.3283343456434192,0.2743753137009524,0.2873420447919266,0.24435982078956656,0.22205478045368493,0.31482002115686475,0.41411366364864854,0.3468474192020342,0.34447923309974654,0.33893833369528487,0.28689596821118996,0.28644557224567435,0.27638433870130596,0.4087771424738541,0.3039437156970769,0.32618999717533187,0.33275214283385773,0.329469997483287,0.25832410128812505,0.3203903986620291,0.25355483575906695,0.2568889513493836,0.2594822558392234,0.30133920159912386,0.3491970264536568,0.25186301939585004,0.32467962308366244,0.2540412360020896,0.2941192960775428,0.2992801638629423,0.29819116444939786,0.32436603217155385,0.3809123634723461,0.32715605805897957,0.24724062373133157,0.27055501214623306,0.27736872334435453,0.30967669345365034,0.2705920362068112,0.3042098700932269,0.2994770854338097,0.2957693682514149,0.33582375346359533,0.26035929137430436,0.2771399351303117,0.34708171391887294,0.2632792627571317,0.2770753989792586,0.3126035443510646,0.2924913016893232,0.2369611930140434,0.287406422656854,0.2641636154540255,0.23216373908589477,0.2865132284079346,0.338244183010741,0.38161808801493075,0.36873332210310017,0.38162844088682096,0.2798274214896392,0.3789110580914093,0.28191491714688255,0.28305132364486596,0.24298455195864477,0.28163801868079374
0.32074873639423257,0.32126412675911764,0.21813053787081751,0.2664830357492367,0.2296102754196363,0.2243213625595003,0.3001916012672391,0.24692701144432844,0.34616926481911187,0.28677852923500385,0.24867923471247244,0.21931544755068064,0.2906818716654902,0.0,0.22863897349767734,0.27932139352395596,0.2893551593892142,0.3730145100149991,0.23522386847076382,0.31264350864413615,0.24920503686397957,0.24437814056621365,0.3408220017294848,0.2318498316396631,0.33302090486484043,0.28565198469968167,0.31492672312031783,0.3222041623768735,0.2997806394827406,0.27633452949271753,0.2901591036502674,0.31900219486447795,0.27301271092396884,0.3185198189053936,0.405603756395089,0.28913602744097816,0.28591389359644914,0.4133169031283519,0.199966639981272,0.343112707114181,0.26489815407866796,0.3041533996715839,0.25581043055765107,0.2703394274292656,0.3247247866778572,0.27772524071755583,0.291658561194864,0.21542886948064577,0.38861627064027604,0.27372081280457544,0.28101730605157643,0.26389124260780533,0.28077343747587796,0.23430185028646527,0.26672874665113755,0.36434669188043894,0.29333307701563377,0.23288432315946714,0.3691666353667876,0.33840508043405226,0.2234228910713883,0.30977434230498824,0.2530881248338251,0.3912834773895881,0.253742710872325,0.27496677886095594,0.32352555903055985,0.2911839432509552,0.31360194922051454,0.31263927386709695,0.29127762010481206,0.44308982695528865,0.3454726951908482,0.2732799356287074,0.2696073067561738,0.3984803226015383,0.24370607460217503,0.28056070576376035,0.2932364303609225,0.24296986042651877,0.2863046840525631,0.25087068352193675,0.3304441847407947,0.33653471529958967,0.32014028506389686,0.3643416441769076,0.2765338379779749,0.3513321135046762,0.3538229769614146,0.32540160928074213,0.2997754148492656,0.37008660119690123,0.28083875879943954,0.3031252636859355,0.38016424071227267,0.26871212970782377,0.23978108333307355,0.34382036792068016,0.37716918609415595,0.32738908664721184,0.3879397369488466,0.21761652043551594,0.3203951809654918,0.26871450137953523,0.3569377545988649,0.27862823191916525,0.2261735051788122,0.3333463395584798,0.32456896336809476,0.2336935063440136,0.26379394250060495,0.31702994767596016,0.2931610480792806,0.34616960038279715,0.33773070475045425,0.294626362486154,0.3495130466160516,0.2559380039540939,0.24864754497324967,0.4061171886675876,0.2891744955870909,0.25394473143484825,0.3079014877172878,0.32222936596575436,0.33741902314972616,0.2843837554842596,0.2932663537787772,0.2585951883679221,0.3017713807788971,0.3313930032277724,0.40311403105368915,0.2471114278595409,0.31110668637191397,0.31796345797433967,0.20990674353052097,0.2741909356478886,0.28601622890724304,0.34528894350474143,0.32634261421479177,0.28284309260786206,0.3134251989832072,0.4545337670685101,0.3390800295668637,0.3089468555575418,0.34252003353702654,0.3322704068959141,0.23744655163173395,0.26147398723836623,0.3528732586303824,0.2578006242859253,0.27972614484781294,0.35613005966852584,0.22902246770157786,0.26890309791382005,0.2678512618369015,0.30308411627875237,0.2568733719933927,0.26933226589925924,0.4057696144508406,0.3601171076859069,0.2881980317104386,0.4177237652140804,0.3196754092280575,0.27149540622954255
0.3182954213024859,0.2720592773481584,0.25906131792067294,0.30976898489744353,0.2907687120883423,0.254581521186665,0.35359545316601115,0.27604333133023295,0.30877903853895605,0.22510126609102823,0.29548315264738984,0.31136405791524524,0.28532014901598934,0.22863897349767734,0.0,0.26068995164033565,0.2803248223015015,0.316383074553873,0.3077944750076877,0.30713519181649857,0.31226342314224476,0.3272202628430129,0.2590429741006956,0.31173857286785644,0.27866580511330846,0.2511441367543306,0.23354833241449974,0.25088419409399315,0.2111361523972391,0.2573807284356708,0.3941051999256977,0.3014860601956506,0.4440644525808169,0.27713405598029417,0.30060380445854934,0.31973045577925413,0.2737800024448184,0.3033031806186399,0.3673835563071022,0.31924045422116665,0.3697489480019626,0.2722869665940084,0.3968547656616859,0.35491269699041045,0.3263395230257719,0.35669753046911207,0.2431289663046982,0.26658468310789435,0.32202565435794506,0.3643088799712171,0.3850260291858021,0.2652925116033427,0.24369662176772,0.3149635688619166,0.3337695881261722,0.2335451203000692,0.3345117843952046,0.2940904843054527,0.32344110674106497,0.29566027219675417,0.2270802265640083,0.25685297771701415,0.3032753245731497,0.24693648767126106,0.34496515796056537,0.2849591527453418,0.27525379253292687,0.2877358753700385,0.28102147765618074,0.27039821090647703,0.3741688152677512,0.26251024065657125,0.21936600224359487,0.3375255818759304,0.2794988031175301,0.22874831616228142,0.2924954041674904,0.2542188396324698,0.31120586703434566,0.18098717954196658,0.2678593514324798,0.35572529052259333,0.30455542798519464,0.2413429303726647,0.28631397694567906,0.33583069610088606,0.22464395919187274,0.2929028472334039,0.2648888453582006,0.27318851777002107,0.2942717061990264,0.30693941107693956,0.34694657814365903,0.2572017338981205,0.2845820462090947,0.28186558152969154,0.2576478958919743,0.27437743132088077,0.22803583734648156,0.2730526789131698,0.26704475578479586,0.28088597453978975,0.26543585742768966,0.26935633256641844,0.32712800243328227,0.3164510923624762,0.306175202825845,0.24262026167974773,0.3290306115938277,0.2472129023236093,0.3052955002870199,0.29394732903116,0.24757751299171357,0.23748536268575696,0.301853227435832,0.25556537334845325,0.25457634678375884,0.32622751042507575,0.22853199962722326,0.2046633136911324,0.32191799115680336,0.22313800305620718,0.22303636881207475,0.3427884911319104,0.23721271826990525,0.2938961387572572,0.2213828069576786,0.29677162156598813,0.26052195822234264,0.35137479849124026,0.23442522046436734,0.28792044173039844,0.1984217986142367,0.2603143843850698,0.29747706562539306,0.34675836053477027,0.27310687829420316,0.3712232106768205,0.3157660817190826,0.37721746281738744,0.28887941131881834,0.25224199975606265,0.2772088741983403,0.30340628781730994,0.30229088866021975,0.27785075656969216,0.4151872437347461,0.2863850981236978,0.2551529529466917,0.19386028237656544,0.32675047238454774,0.27703586447998885,0.29095967164075404,0.2727403027941672,0.3498194202643737,0.3208736044659541,0.28499743650084053,0.2866598486523587,0.26071657093081374,0.2523995407674634,0.24734370028506045,0.23211001501508796,0.23530774176084676,0.3024880321323027
0.2845734597678574,0.29462000602262306,0.4135354749007175,0.28644201880134873,0.24920947898778298,0.3657713212110097,0.2729238299574614,0.3275196451760972,0.2891361241881294,0.29183824527476926,0.38260389703730563,0.30825823176386835,0.4266185679967587,0.27932139352395596,0.26068995164033565,0.0,0.3858493627789492,0.290168436018615,0.2671284602658881,0.27276388220809555,0.32795055238107335,0.32149876737967614,0.26019812666229947,0.26141383510704086,0.35927618004491024,0.3810911180023399,0.2914119225280459,0.31306230489411624,0.27226919054559157,0.33293373465861964,0.3123437134166715,0.5008439936804511,0.30161818130982826,0.3032165762800602,0.2585512892817679,0.28161793017070513,0.31588774494333033,0.3497914020621727,0.2710266018581618,0.3131996139999451,0.26360335214831043,0.31160635074960713,0.3032401727790345,0.3254543122065121,0.3523061688634892,0.30898214262427953,0.271447633012042,0.3300714520812117,0.3089744095242068,0.2680064370173199,0.30084529438930785,0.30998392545997494,0.21468499846460107,0.30010560941499553,0.34979773545792486,0.3114433923458433,0.28224056452663965,0.43419536765021055,0.2582047409719108,0.26309411287167456,0.2762612047415627,0.2798892254657719,0.326961131765978,0.25539489502736573,0.20619685038355626,0.27799158805045865,0.29475077627746815,0.3143978929514679,0.31099575162379245,0.3356827562261233,0.32154175098037097,0.23763603661122143,0.2700194078648664,0.3674641327729936,0.37080445805522355,0.24546658847281722,0.375045163503558,0.32463513188895604,0.30433931732992314,0.24900767063575244,0.3272352415608166,0.23707796345386606,0.3882716264011202,0.35101374265437674,0.2967050594034226,0.35052368115399046,0.2805802449277866,0.2583477718697776,0.3159087328977271,0.2887038251876989,0.32411030276520775,0.2424673830611359,0.3436333054642593,0.24522845400560853,0.268883678404783,0.30808301239446173,0.2297952056486129,0.31800011887991464,0.20881486656908943,0.2861462702080943,0.24887964947230928,0.30224119899170876,0.2424648993982049,0.2467894123373276,0.28719016689949967,0.4235271340174634,0.31619101539214106,0.35994746943383216,0.304533873434359,0.2859249630223973,0.29407138477670636,0.2689272406649844,0.2914582025752459,0.31529863847659517,0.30504486576801176,0.34610446104658654,0.3050264834468548,0.2923967916490059,0.32286593094462346,0.26434149472256524,0.29710599492560485,0.2601320029953147,0.24602705609462988,0.3705541928520929,0.21749800170762965,0.38188801082131907,0.2430026484965973,0.35376979171843237,0.34551502897086583,0.2770063009546816,0.3259526947599235,0.4341609823067608,0.26668105819919236,0.23809820483948738,0.24915983206775166,0.23896667358455828,0.3046517664294353,0.268394749936435,0.3551659724960079,0.3012886447928499,0.26797429215052854,0.3781663620735721,0.24863940393336686,0.27723292927014115,0.33999777281205684,0.2598093262849081,0.30296594741723476,0.3289975661015423,0.33591255083446353,0.2729115962193451,0.2563333666166917,0.26545618246640396,0.24325521355308177,0.3464475690958074,0.3694110406958239,0.300734713669897,0.27925556296217446,0.4510309947885718,0.2382203640781884,0.3695774376337101,0.2617669602369512,0.24527952937485614,0.2475903477716568,0.2699667533245784
0.29579232842049297,0.3482982338107584,0.3804655770412691,0.3454384630079264,0.2514948141208043,0.3626222707713638,0.3029426850217961,0.32553167667184874,0.2812526863511195,0.2941892039721226,0.3163215260051688,0.330981063007163,0.3651880231214601,0.2893551593892142,0.2803248223015015,0.3858493627789492,0.0,0.31814949560417327,0.31182512724033773,0.3417654590990503,0.43803586097547065,0.3322393669382865,0.28835467459739755,0.30851708042617626,0.2984534467413009,0.2817833990125076,0.27471531398857246,0.4673507046109791,0.2478311953282267,0.3043237947184397,0.25843162539763054,0.38279848148845425,0.34250309613751984,0.36814270681118433,0.27107270618825663,0.2823144443597958,0.2636697815522311,0.3196750015109723,0.2725799858951486,0.43612065581638043,0.382346422299868,0.4274492330616496,0.28372739617248505,0.3070992995258113,0.32207626715465804,0.3416875618775583,0.2731259723080039,0.22670947647957415,0.3382922768540956,0.3372539159094849,0.3811813497597085,0.420497480671599,0.2889659229922954,0.3175409056215074,0.2828338878308068,0.3170950209312482,0.3873044854813112,0.35467479810219077,0.33505739367491505,0.3460624557566649,0.2914456172721706,0.2603163248326676,0.38603727957433287,0.2559313081838651,0.2778159063184957,0.3124504628860109,0.284245851362553,0.25223662095482613,0.28077467116573857,0.27727145325100977,0.3066841534511371,0.25976619156753783,0.332277885197652,0.47343924187509495,0.46740793619690896,0.2538200310304088,0.3953502579293231,0.31143776503045695,0.28285201358320794,0.24359263804400288,0.38423214080791696,0.27575704499163256,0.344969923397354,0.29934616440513473,0.38784278505723485,0.37873058500668233,0.2368539101869558,0.24767544667669839,0.3125001829234352,0.2767594696881235,0.32146418313834113,0.278885483024087,0.33783933193917265,0.3134423177818332,0.3602005544681061,0.24459084073147572,0.2521755778143658,0.37088909038131646,0.2228063873029886,0.3711647852904031,0.23464807020278403,0.2649869043403187,0.2378017177707797,0.239502852281494,0.29529354657815443,0.39613248103315524,0.39397075945922844,0.36886127209145647,0.36837809459486076,0.323126269857616,0.37024410087881554,0.2926506210816968,0.31605933576638867,0.3118906840104796,0.3034194428434162,0.5541003471531047,0.3495404455678332,0.2557407678878518,0.4171762559048719,0.2868056348955759,0.3066962506906695,0.23214938811989994,0.30220196529671467,0.3673390993675991,0.2185642405195314,0.2781732145172791,0.336306305071485,0.2734210364381089,0.3788071987425792,0.2814579246878578,0.3881952322557965,0.5104864228802029,0.22174248026005922,0.2845591563229945,0.23357239850113504,0.2545189096315996,0.2858933170136859,0.29120818673223803,0.300997707039851,0.27316037328845133,0.22867901685600106,0.33702003466755287,0.3566987480500294,0.34084106173789547,0.3098533331281911,0.2697113047600618,0.3459511952378428,0.35452931966613976,0.30817535321155926,0.28328675329147873,0.2517996737550983,0.2887269568164617,0.30461344042428007,0.33142512046368,0.35994398442394815,0.2529863538005184,0.3182120080092362,0.36531185346822936,0.24522496186848317,0.35859318022074865,0.30080668046859405,0.2536849915113377,0.267128997002522,0.31886378214347727
0.4426296638973047,0.285576797983718,0.25200248691910615,0.3123478542934449,0.27500818497408436,0.22405528734622068,0.35323746177461884,0.26820534753767244,0.4116775182473782,0.29005964021063324,0.2809489228801581,0.25415276155501904,0.30260254808518877,0.3730145100149991,0.316383074553873,0.290168436018615,0.31814949560417327,0.0,0.3091344699091229,0.34370221598890865,0.31121432039406843,0.29464962857412347,0.36358555833400996,0.26003625671823016,0.37095834291404434,0.28894509037053767,0.29757532766133454,0.3240698024865013,0.23770800093894134,0.3081859312045632,0.3236121270190659,0.32560052855886,0.3247279770363234,0.31211800814934476,0.3330892470616821,0.29723573124387465,0.2892223862774963,0.44683042397523937,0.22813797676440006,0.3765658916917679,0.30193887098172745,0.3173993055843302,0.3474993699259023,0.2936115215066256,0.32162478893919677,0.3894423443325702,0.2922306516912473,0.2382146775255128,0.45396007420534173,0.32999774649496544,0.3414781764382222,0.307658869259301,0.31579099667260774,0.2651305145550098,0.3007895889802785,0.3137946282350139,0.42858636721369936,0.2658562975702839,0.3970920514313909,0.3534723263356133,0.22317678413513314,0.3128477415282665,0.3199271557902043,0.304375017004106,0.37595159478432927,0.34303088125839015,0.31267393869913285,0.3226716887236402,0.3648233212695822,0.34245709412159986,0.36881594371477266,0.3736429016176621,0.31042716109430657,0.3235037282207568,0.3123637313218386,0.3550154164940517,0.26656913642057517,0.26900093788618296,0.397859353099508,0.21654777206669876,0.2993906751131314,0.34773426228412263,0.3554648710251671,0.3062035338559436,0.3798584254515972,0.4020016913722209,0.2699472694173661,0.39150710483513756,0.365655901516737,0.3230510783265325,0.40334839156567726,0.3385410575531954,0.3373195302136685,0.3396954345514924,0.4106933472506182,0.2738997376396382,0.2532953700823392,0.30659647849030575,0.30304615003990776,0.34053268440916307,0.2974530035175074,0.25626267855450496,0.34494067816135854,0.310740773423055,0.4078795987977961,0.33759522049269924,0.2622498957934042,0.3288773216335125,0.3804190870046003,0.23655107595950484,0.288038235635385,0.4218198808613779,0.29363700705567064,0.3207329880864581,0.42042928819650477,0.3164807020197865,0.35143551261096256,0.3311285172763986,0.23264963363080313,0.3146694694481803,0.3274810835482413,0.2631072380484536,0.28101712877140844,0.37877191816641187,0.2911457395887374,0.27840723319207616,0.2746778255300863,0.2548726700159392,0.2748956187797035,0.4219628855039255,0.34167193988817207,0.27285355009372453,0.26076436054520546,0.31787833620381306,0.2394105529522142,0.299582881752333,0.3019023870819622,0.3820093360226007,0.42568972870327343,0.3763624112507802,0.32707831218762484,0.327062686940513,0.3497345798083141,0.3300482083596594,0.34565984579561343,0.42111554787331845,0.28526921245122033,0.31101344520787877,0.34600827637884246,0.23020321922872825,0.3181584944601062,0.3679064828492964,0.29228165111220816,0.2775675714511195,0.34407548149791933,0.37076202124180135,0.28565126973410054,0.2907130517036875,0.34079988171957437,0.34807134495436315,0.31793256934383407,0.35692912800680004,0.319145430276402,0.342130170894043
0.29033924028189756,0.3869920648293865,0.29194352368247334,0.35821129157888393,0.21599757467654396,0.29307223434859286,0.28473063768250717,0.2962848634160795,0.27172044875029694,0.2569260322905811,0.300257746243676,0.3836943780892264,0.2477353581559099,0.23522386847076382,0.3077944750076877,0.2671284602658881,0.31182512724033773,0.3091344699091229,0.0,0.32672324972254174,0.4343826420003897,0.3571974679495712,0.26698517765751884,0.3118729161478321,0.33861839184541204,0.21681841796840018,0.22419056434967252,0.3037938384777507,0.2263200210658485,0.2551364098616081,0.2824204552869919,0.31592914332838046,0.3738970153910789,0.29403594135920147,0.24519909591845493,0.3357044863761118,0.23649217494297556,0.3151387078746117,0.31249379003961003,0.30884338574041986,0.3603955400511604,0.27684316721819935,0.275426138994261,0.2695769285525979,0.30340263769495923,0.29946557093643494,0.2238121341993708,0.22712968726409757,0.3173124254870736,0.33025562214514587,0.3538250689101748,0.3239336398295022,0.3223483577326916,0.49935190957689635,0.3081015027972346,0.23262424587643116,0.41596979154719477,0.2938370379354767,0.33316130390204424,0.3434685682815397,0.2895460220006885,0.22637152377965578,0.3051824428478768,0.2461525700462501,0.325573781797602,0.3037385459960265,0.2460618876225941,0.23138637771306714,0.2848471949505071,0.2609844276060366,0.2765266223840293,0.2364259570649346,0.25388373258180763,0.34869025715703617,0.34232544163027706,0.22658114953879452,0.260124082822495,0.23564008948822096,0.28689846144473596,0.17527267599471213,0.2538516341109176,0.3774634636021634,0.2921011972338497,0.24294953825277388,0.3125209127265924,0.36357592826147367,0.22136014514296495,0.2600104259055137,0.2551816569032918,0.26249984060608206,0.27432922167206847,0.2793702548185139,0.31912581528458955,0.32973270059791365,0.3086396799067226,0.267211425894097,0.33992920458340636,0.2827404025060536,0.21214783257524517,0.2825110944660622,0.22969516488874392,0.270915690368031,0.2591204840040715,0.30366371246843216,0.3064813804906608,0.2653736899321092,0.3260563428956792,0.27099101672891773,0.28118165268276435,0.29009645481917035,0.3896589658313054,0.2907653042079065,0.2495690023993645,0.24400963787370003,0.2913175633356265,0.2718678314493665,0.27274180388352226,0.28552035061637504,0.2963770405439644,0.21353907633281005,0.24340800294237688,0.21424028100256426,0.2497502199884359,0.30312420183750194,0.20627569737117418,0.2820124003242677,0.2618851007833811,0.2535444475299751,0.31337913845304866,0.28903255981029513,0.25287403439789286,0.31026372779694217,0.19889215330621707,0.30033020228721846,0.339431736701347,0.2257563511642175,0.24610947972063213,0.26357664315610246,0.36080603021594626,0.3167188893563367,0.2695371943975227,0.2729577800051236,0.34671037085234085,0.35698369682841324,0.28279233944684684,0.2794669153534006,0.325907981257824,0.2661993325830712,0.30963237801786037,0.23171482998682028,0.2726177688788426,0.3131096975669647,0.42887408852419595,0.27216690600689303,0.37966435527949804,0.2746101140314648,0.2902833769975289,0.2603538402528518,0.2331888881443835,0.24694132589358794,0.23823901194420002,0.24728519781088323,0.23758127917451324,0.2752451643450842
0.45631817666941493,0.36621625622535287,0.256124357844634,0.30537123194698,0.2284667581546644,0.3065649730235539,0.27203807777654593,0.2891066697213467,0.37269647873661177,0.23700078569340088,0.3162235641292139,0.2873096629653071,0.3349600508255209,0.31264350864413615,0.30713519181649857,0.27276388220809555,0.3417654590990503,0.34370221598890865,0.32672324972254174,0.0,0.31958964155006064,0.3441907399326845,0.2638687981963373,0.34795038632356556,0.33257176748683853,0.23486575227364542,0.24837517346855645,0.4124786341581428,0.23053612069370824,0.2471695952089661,0.33798046295078793,0.3151082679744409,0.3513673349837264,0.34559103297162813,0.39461165655632613,0.3182971223317224,0.28789008082560147,0.33987598379393846,0.2779754935122001,0.31794149562454344,0.35146723195442514,0.30070787175507163,0.2836901145798455,0.35896954598288444,0.34813572377646473,0.30445756083930847,0.23032609241479116,0.261331918013086,0.3363452016401102,0.41313799786285177,0.3249015950541664,0.3137347928335194,0.308253202313853,0.2921639109816377,0.28017216307539217,0.2919403525681668,0.411191049128458,0.2523762130156733,0.3543454309223902,0.36762383636606866,0.3084020128403916,0.23239598014227605,0.3105897735848927,0.29795057080904847,0.33886326184052806,0.3434769904214298,0.34594323960968004,0.27256215631180336,0.27142069951150943,0.2799157086659007,0.3524001394474436,0.3189850185342597,0.3799863856297283,0.329307348970451,0.34760202409643065,0.3107327780188591,0.2684925134132976,0.22897059987464094,0.28492045655270143,0.2045333261775171,0.2963922081828343,0.34564763443582197,0.2995138244809464,0.31856868398104915,0.3261792798453743,0.40156021309985185,0.2806491504121642,0.2999581563919796,0.28360810898886274,0.34021191802736545,0.26655721257406556,0.3159067407501793,0.33089046463880417,0.39886219198437894,0.34290945874131745,0.2834085728559849,0.29863798857446117,0.3199321171622556,0.25788810138263407,0.3326252010707903,0.3714550783521502,0.22886445040562303,0.2507724207063217,0.2514866533380363,0.3511347448812894,0.2807733411092351,0.2922247281088805,0.29755445351871124,0.29226178683304394,0.2932693392557976,0.3294506066572283,0.3275372152181674,0.3244469669347442,0.2674683522964756,0.30143267921663397,0.3067473373166988,0.33179657680614555,0.2751645833437976,0.29856650219275566,0.2377292120405297,0.29548419527181047,0.21505310972144306,0.3296622464059293,0.32402006306578873,0.31274899264349715,0.2614450458536985,0.2692386367676137,0.23776624718285913,0.29125940024529284,0.34874577007925917,0.29159818622839334,0.3149635380788346,0.26117896098484733,0.4175438127809594,0.34274789892709795,0.3201910895620826,0.3423163031181333,0.3039402417270751,0.3614369131912362,0.30840841520260726,0.3078531648988261,0.2992395008517834,0.3517426142126847,0.3862597119377165,0.34525281346404596,0.2989430960529866,0.3591554084992204,0.23976950153428117,0.30782312410250584,0.2131935327356124,0.3951924311887867,0.29274529047599984,0.32708754036496557,0.2405261972979979,0.2906530759726202,0.3544437737333346,0.35886008775264105,0.27280409447879883,0.36357106857801164,0.26954625797581533,0.24020494080096447,0.34418566321382194,0.2362768018251677,0.381063484485156
0.28790692466131734,0.343684815729273,0.3611496230411811,0.38126879404072095,0.25484373739158106,0.3200641717914422,0.32659521863132845,0.291149061887649,0.2662399510305731,0.25384865078135255,0.33330487013440785,0.3838099247040387,0.2859148438097358,0.24920503686397957,0.31226342314224476,0.32795055238107335,0.43803586097547065,0.31121432039406843,0.4343826420003897,0.31958964155006064,0.0,0.40178750393036217,0.2878753391198904,0.42895462482430735,0.3485544085754315,0.28749780372084976,0.2369898428779129,0.3325318664389094,0.23470423556075165,0.30074482792595675,0.272064583864398,0.3313964591234498,0.3475233805263881,0.340231602225417,0.2506048795793721,0.3012648243311139,0.2816667499781136,0.30313038174057716,0.3100588341825492,0.42401156595067835,0.363283975578448,0.3561359714376383,0.3082479398738415,0.3503865560453697,0.33202364328775347,0.329506922411039,0.26855921763694174,0.2551576145798958,0.34967376464114763,0.32766477896998936,0.4113309778660606,0.4697760975099124,0.3039039427849821,0.42233412889144406,0.3023370008640087,0.27085578664384063,0.43237701788525607,0.3426357410061833,0.33762205551788343,0.33931380298651326,0.29510285322941493,0.24370263725476998,0.4043573550400962,0.23884522404023892,0.31955497315448433,0.3333115596398376,0.27778762183167494,0.28081780980106696,0.27511876280886044,0.2754284266215938,0.31869833652518903,0.2413082373047095,0.29005941351443726,0.46014672909435567,0.34972968051225756,0.2399576352967254,0.3691512388366309,0.3174875997057481,0.28065813948834206,0.20963619945155185,0.31823411289837983,0.3696594249940468,0.38207656784313127,0.24649794081787224,0.35240245879482307,0.3651741703888831,0.24114337437458186,0.24735706311797875,0.2665768375546196,0.2851724918490177,0.3186035064381503,0.27640257738622265,0.327825035241803,0.3385942416609702,0.34760006736276744,0.26044093634146204,0.2929648690901165,0.3179756998874789,0.2131436002945406,0.30481664804962233,0.24016454825072833,0.28247744676830117,0.2622204746735652,0.2608009340313831,0.2856006796470512,0.33785844721011327,0.36889851476556834,0.2938891980985594,0.33734456818891284,0.38798516674936545,0.5436051730699095,0.2969332656228664,0.27386380018653983,0.2517805170258987,0.3031163643005069,0.35010313837980145,0.2896279539377251,0.283692956489269,0.3525360865521763,0.23389084901238377,0.2985054376559623,0.21997272001568172,0.28835113680352153,0.4147828350440405,0.2105975879478399,0.2857998934668748,0.2861969912044894,0.300537590074657,0.3243839210976508,0.28201525933538996,0.2689106927852259,0.4341467215884881,0.2094134494081563,0.2993788481278327,0.30677315583695886,0.25023234439843994,0.28153643639833686,0.2842984026547901,0.3276602872990526,0.30174389893937664,0.24786305019020527,0.3155871881107381,0.3775620460359172,0.34743538491718057,0.3299250026599273,0.2820946238216594,0.4038858425291466,0.3118004205017541,0.3030532259816742,0.22214687871982916,0.27515036046278446,0.2870314135256646,0.3705075907163494,0.33742690511075324,0.41241470590071927,0.283178061221491,0.34522024538994533,0.3509567328407115,0.2381730143233257,0.30046206352633653,0.2640358295874804,0.2388549574937179,0.2534430943896801,0.33238208120469115
0.32240200745107095,0.3746706567216893,0.37829807672739163,0.29727325835541407,0.24766944161883095,0.3247972754567427,0.29041819985229994,0.2503182522283259,0.3083999957822788,0.2433926884765259,0.40976641032378774,0.37762699648513626,0.27465735655013457,0.24437814056621365,0.3272202628430129,0.32149876737967614,0.3322393669382865,0.29464962857412347,0.3571974679495712,0.3441907399326845,0.40178750393036217,0.0,0.23111398374204742,0.4081848298301795,0.32157100021465046,0.23714902599329685,0.21832977085648983,0.29523687807468796,0.25023482163888894,0.25734896780877353,0.2794212042062384,0.312909384611655,0.30799501536901985,0.2569849095844555,0.26183280861402647,0.3056527315790487,0.2702470467268645,0.281748496224461,0.3637524621153937,0.30017671661002526,0.30534601855817267,0.32172280554573146,0.298888874132359,0.3339239884941417,0.29082457718385324,0.2622235586618051,0.21175132546588385,0.3040706373526886,0.30290483527457984,0.3252171567789896,0.3312035412556201,0.30408848334126254,0.24853634504230815,0.4045172224400292,0.3263209246358477,0.23264261117146892,0.3425017244803846,0.2977809039333749,0.2788961941902018,0.26928106189068307,0.2691497721484326,0.20523419920968397,0.3071696669050234,0.23816486737804748,0.29581587971554024,0.2857475824351334,0.25591946471290816,0.2767747902021686,0.25427862122650874,0.26660606671507997,0.3467797926215212,0.22536511182231386,0.25852334270776534,0.35149468769509556,0.3139911934227225,0.21174874260907178,0.28485607558421977,0.2345841955238546,0.2287466797336999,0.17959713676571992,0.26032173172350526,0.3516020684667826,0.3049542102672352,0.22881328828455474,0.25319323310105063,0.3134968706533973,0.21790567473882616,0.23283415429960017,0.21962887086583155,0.26434878101816744,0.2895538070810293,0.2447479429348675,0.34391369790608045,0.289738113228516,0.27444436966860886,0.3167604959997353,0.25123471260597824,0.24408920365375497,0.20335221267606252,0.2417673134034824,0.2484662987335227,0.24366933257590676,0.21709493617299094,0.24922250546267044,0.25808196169079217,0.2595583722903022,0.27862365004815653,0.26856927386862417,0.2540149936617166,0.34294416075699624,0.39698007582209127,0.2561320006056746,0.24580842365636849,0.2248226292846869,0.24700668996812944,0.29570424200426515,0.2292826940460823,0.3347057368974567,0.3338837161669174,0.19890171096276943,0.26947106998689024,0.18587815108474753,0.23887027161032803,0.3109958212818427,0.2176698971169165,0.3068695982647154,0.2253321728800675,0.2673310865824785,0.28595297514225737,0.27347498795758146,0.23213014672950089,0.34266783386333505,0.19725800908001467,0.3173777477881393,0.37495870171547185,0.2556674683940436,0.2831034547038566,0.2579555815468497,0.3435729030012595,0.2819957897708277,0.25966620266721235,0.2881227534923552,0.28559201500844944,0.30432878308141464,0.30668910342941,0.23962256819135122,0.38284551905572634,0.2469960714600331,0.29320594595922583,0.2067833945971182,0.29029336416055584,0.23650005018807518,0.35270109776588177,0.28196747087484236,0.30429122051315655,0.2925639654214595,0.3377119705811005,0.29010353800806543,0.245945545116838,0.2501154845661285,0.21451230528552617,0.2256077315602715,0.2001691875349528,0.3689305818993086
0.28659971406346624,0.28733820818540956,0.2270451735796262,0.3185722049970748,0.3081697155101615,0.20754005011294593,0.41411363653159267,0.2541431357134244,0.2804293828314179,0.3215072877251797,0.24888348383109574,0.25900892308568635,0.265292671962819,0.3408220017294848,0.2590429741006956,0.26019812666229947,0.28835467459739755,0.36358555833400996,0.26698517765751884,0.2638687981963373,0.2878753391198904,0.23111398374204742,0.0,0.23880939290417924,0.36748911457407624,0.2988633389081912,0.37800677244191483,0.28351106632474016,0.2663749808275599,0.3469386414703204,0.2690041708317443,0.28241706948189477,0.28097549539209926,0.32768496004370234,0.292167916314891,0.30977306553232026,0.28416711842206144,0.3766056950665513,0.21750364431752509,0.3785235877716533,0.3087275044859236,0.35603700600950444,0.29439021608502214,0.25356254556860797,0.293963753315412,0.3242941201681725,0.3650107650330399,0.2138431043359931,0.4414549220874423,0.2977169805918467,0.30677080134279605,0.2606379403674166,0.30243201598656516,0.23421477515481245,0.2659572335955412,0.3466361220938734,0.2892275885426254,0.2873987426891387,0.3472032832359603,0.334329029283559,0.20163244904092803,0.2981538898353729,0.2656609739734801,0.34115729704769987,0.25830501561337554,0.2604247269492963,0.28117068270136153,0.2674938070183475,0.3373088795154377,0.3124853001341479,0.2574079151252698,0.31458606831774233,0.26760878401067384,0.29423207504565535,0.25252599935753667,0.3021043940398312,0.26282926096981724,0.3502350811258247,0.31867271008669096,0.22288396889380685,0.27957065096057854,0.27599369859956685,0.3287238946003468,0.27763895977841724,0.35765849145458245,0.3482314230223755,0.27184864986427454,0.3380236991232478,0.3251359391451965,0.2946282980477254,0.3678097692422814,0.3586737535896611,0.3111605979836771,0.2495356884558405,0.37074312841729434,0.25928391004025897,0.20065405482371038,0.35529700703633776,0.33986704964332143,0.27593668526648885,0.26436959171176855,0.2550640035166441,0.41928894061851757,0.3270462977946517,0.30358099517608456,0.2971735642308534,0.2582483204314033,0.3877572637453287,0.4033547467600741,0.2557875776135523,0.27883369352825205,0.3804914108576756,0.254973245725696,0.3511959911399566,0.30577826217402976,0.27329767608336153,0.35079594086310845,0.28472497276878767,0.24840254680844018,0.31337274939984183,0.2822631806587537,0.2997300229954495,0.299201139442252,0.3186450352359044,0.2626735714974702,0.2595117238466928,0.28758635384253733,0.25152129195056755,0.2822342619561485,0.33597372701328165,0.3486933489868527,0.24348880731991476,0.2445720023595954,0.26163484543423604,0.20857484200794058,0.25163675072953384,0.2622312345497851,0.3403822181543769,0.34633900299513976,0.3728183539116173,0.26454131499653516,0.3342645884698067,0.3534426790048432,0.34290520564648674,0.32506537013631615,0.3978766333262161,0.257898766552439,0.3118683629837586,0.3592253441593768,0.27358219683855756,0.2505092921670234,0.38947436031451294,0.2691864104368119,0.3607559205450142,0.34235431290187185,0.28920990015804576,0.2564350584837478,0.2821845846142605,0.29463615560567863,0.31389871577947454,0.33698432525347194,0.3330808553676437,0.4216118788573925,0.2680536635066894
0.3014631625248995,0.31791934575392394,0.2762974069484636,0.2668747425631368,0.26388432761063485,0.27243926611605196,0.3162837264225104,0.218050559655286,0.25254741916467494,0.2159001190992216,0.3122088432614715,0.2912803574884575,0.25248569441467905,0.2318498316396631,0.31173857286785644,0.26141383510704086,0.30851708042617626,0.26003625671823016,0.3118729161478321,0.34795038632356556,0.42895462482430735,0.4081848298301795,0.23880939290417924,0.0,0.28589610328316206,0.2523028266947488,0.19118347675260133,0.2650806202463424,0.22335039438076154,0.24267413895051665,0.26168242644082673,0.24476092517867862,0.2871680627931875,0.26781969253289023,0.28129505401539173,0.25145905106024646,0.2678998385446793,0.24050339479763191,0.286553198155468,0.3202205865704566,0.3317149502051028,0.3079078665014321,0.28015390479208724,0.39907272391804266,0.2671853104716766,0.25150002570973445,0.24443628067727022,0.28861710840960136,0.3227569319356161,0.2831319815988622,0.2965668531968664,0.3339492527467074,0.25976839738691054,0.3213490895130181,0.2508067916409296,0.26088629879457725,0.3163159313844135,0.24634400034464649,0.2852886741322968,0.2501333551052955,0.25272227200316927,0.18812272172234268,0.2729161943607919,0.22928374515032185,0.3065497180836566,0.27097704205379575,0.2572802324397862,0.2888040382592304,0.20764790028940378,0.2284467941585848,0.30961171773594764,0.23584552836422037,0.2501023210150408,0.2996907485042166,0.24862612269730924,0.24164468666080052,0.2630200529502962,0.2663567030352949,0.2232025144881536,0.21589152114517032,0.3043594645720073,0.31511815364599094,0.3237543466377561,0.21946714259970407,0.2544825557481317,0.28267724310280373,0.21421727816834915,0.209079325350428,0.20467459112097466,0.27226027196626384,0.24934350613472153,0.26657701371731896,0.2800844414130457,0.32965304344575846,0.27309839148634035,0.268897412073291,0.2474672473668371,0.2732335639702955,0.2067355803837133,0.2376041041583273,0.2712135183729527,0.2156904630664524,0.21227441910362507,0.22925106669139986,0.22667599513460834,0.24950006282264842,0.25906751302489056,0.26495399100681016,0.27921764007897965,0.392593106829286,0.41407057028658084,0.250207953439351,0.2352671766993225,0.19385964589190688,0.2320076165409679,0.2841880569723456,0.24512281146040257,0.25250504372905214,0.32106361488039276,0.18880069171213132,0.30254463303867846,0.17563960260640749,0.2703764786905674,0.334731219048884,0.23704967339505287,0.24856309361968137,0.21576256199044003,0.2531846288862298,0.2546627356590449,0.2585992384502418,0.22403653942420568,0.3000226999281004,0.19003738430444522,0.29570086762905956,0.34749201501907157,0.30081503051546327,0.32465522292027726,0.27712420062640564,0.27385086528595437,0.2620242540303652,0.24473742862842793,0.25353770500536965,0.2912038119729645,0.26084415579197356,0.31452186148283545,0.2405918977232421,0.3629299627666614,0.24186427814009423,0.25609192360943006,0.18441703390735315,0.29686024921444615,0.23487326793480287,0.3119819433012296,0.27083338324973816,0.2896088842230793,0.2958708059519727,0.31347772012618574,0.31064544850265047,0.27823453417425587,0.22840851073468602,0.23055477132800056,0.2487544317580766,0.21587354135524364,0.37890046206267486
0.3450071960449176,0.370273007590026,0.2905868669945585,0.3119965194154808,0.2346297800283046,0.30299339639118944,0.3197129679006779,0.3028735271842821,0.3012712560621738,0.3919513200453722,0.3483862656565949,0.3056915890327742,0.3351272336940677,0.33302090486484043,0.27866580511330846,0.35927618004491024,0.2984534467413009,0.37095834291404434,0.33861839184541204,0.33257176748683853,0.3485544085754315,0.32157100021465046,0.36748911457407624,0.28589610328316206,0.0,0.2971205702520408,0.28983010370289886,0.327705599098291,0.3142136090735891,0.2908249112022269,0.3354848570849439,0.3932429027291041,0.2956444970032646,0.3443529575208439,0.32485029926261405,0.316948790621635,0.34928562326755,0.3663234703038875,0.24339165483977357,0.3435132792940938,0.2762333227792307,0.3278239641943853,0.3011357049597236,0.35213747537081047,0.35563981506996223,0.3035339115875413,0.2586639030625257,0.3034931383216366,0.43472722129043945,0.2556461140454458,0.28602552911077644,0.2818688860336538,0.232707649082564,0.3055034695313249,0.3334255976832428,0.3772688764904087,0.2991816976615033,0.3022199930701947,0.33101539584658823,0.2847307272978798,0.276571935861856,0.2607926784450993,0.2790437551396594,0.2857129155242124,0.2521186186900939,0.30511157804916345,0.32967514026518135,0.3182103116150033,0.3434548755292666,0.3918765097197576,0.29886025288730544,0.2843769406303946,0.30917595540502213,0.31499456842603857,0.30178256932033654,0.333104924226396,0.27527249654092595,0.30868052101930993,0.3065959603256056,0.2281948820647774,0.3411715160523578,0.27707487365912914,0.40209747392509876,0.35570636236394443,0.34250025973882886,0.38025189533106957,0.3435024112952216,0.2916982725342687,0.32701109147122776,0.3484180201805638,0.29677365202457484,0.29566617031458803,0.31988960131620314,0.29363943200561954,0.3277467038184082,0.4030817614988176,0.22656280972722345,0.37121365297282194,0.2461861029998322,0.29413664639150816,0.33272767075524223,0.29793243925780194,0.3191125635021773,0.37639429752953757,0.28512398816974793,0.29041326636881437,0.2612997455128208,0.433579151309869,0.3117161252905731,0.33364733969494226,0.33831956580677564,0.314886706829373,0.31839973234027524,0.3036531832340705,0.31388269418614695,0.2771374071478949,0.34182627101583807,0.3484874568042591,0.338726560194182,0.2851921064690713,0.25263784363270086,0.2618509546635995,0.30089899398272846,0.36402333590471825,0.2743351683450344,0.37494517543910133,0.24533340411553528,0.2702173229071551,0.37704432513834585,0.322959895288902,0.3449018034173436,0.2772525694850929,0.28362235123131807,0.28391076234491536,0.29901829613261477,0.2728818598238654,0.33187471789549533,0.3128994447365138,0.45508039497972824,0.33911060131999593,0.3718181639978646,0.42575549516431166,0.29533635612688947,0.30896406966067536,0.43750058888755494,0.3550192322666353,0.2684500527741918,0.3221584009857653,0.526907462489353,0.25818328231997506,0.31002337490978615,0.3699332068434604,0.25790428018308525,0.34147432481881107,0.4585029018648644,0.3800510333046856,0.3100464389495292,0.3650107565867316,0.3375171501109059,0.34118491979536547,0.32951815447271526,0.34102416550228737,0.30297209442778034,0.3027030586984043
0.28704814042479476,0.23267383659402327,0.26505904230769073,0.2908599703064532,0.23759208869858553,0.24930035924886151,0.29599620506494484,0.2538929276360239,0.2821578046157907,0.24048731268317203,0.2960961443017256,0.267700759860841,0.3248995143946506,0.28565198469968167,0.2511441367543306,0.3810911180023399,0.2817833990125076,0.28894509037053767,0.21681841796840018,0.23486575227364542,0.28749780372084976,0.23714902599329685,0.2988633389081912,0.2523028266947488,0.2971205702520408,0.0,0.28383105375939105,0.25307586395822396,0.2360456511411202,0.3075223169342473,0.29135501131064767,0.3261189436314849,0.28352847911694284,0.31921227354602355,0.24294100354329295,0.2436012484852189,0.358155720581697,0.3274773168101678,0.24959213775781636,0.3287804392684433,0.2478754977206137,0.2803857514471254,0.3242465419058561,0.30849176213300844,0.33192446866848035,0.33852107590758085,0.3001008178674388,0.2936498852328837,0.31776966068724083,0.24953799036002755,0.32440368038003664,0.34862251956902673,0.2083319170576829,0.25455386168527416,0.3001632815462024,0.3042640173198507,0.28297405150212007,0.32541574807158313,0.23689690590239043,0.2542686523388605,0.22417932844251665,0.31490569462169243,0.3280382805730952,0.226100741086804,0.22627158217385973,0.31541104879091003,0.35460211309356116,0.3736427402049918,0.2772954832940886,0.31319647572788856,0.3663368559146367,0.2637191119694818,0.29066409054834064,0.3219712885051508,0.25682239360369097,0.2910042153925354,0.355848421742307,0.35578897725550357,0.3761327180943556,0.28705518042831113,0.2824928618815599,0.2661364520444575,0.3737193434753573,0.3131378706796301,0.33140477138590796,0.31980000172979034,0.30046617895379174,0.3014066872619155,0.3145051513597078,0.33815204800193577,0.3580582989696087,0.2608402612544556,0.25983101477527637,0.26381279246379724,0.29860431688985717,0.2875870131340261,0.21805289392674232,0.2900489496638719,0.25846208558717004,0.3028984275477759,0.26270303380591714,0.26184191509391713,0.34384780672673027,0.23050024952162443,0.28985016190998664,0.38610263868942923,0.2655995789149783,0.2688150732370312,0.3139206078678185,0.24589692470750435,0.3004947531798604,0.32309158672087984,0.29381448657999476,0.3015049553340075,0.3530436391533133,0.32253366019309515,0.2798225174518963,0.2504519603448102,0.2463664748684877,0.2930513548133918,0.30957582929572186,0.30124159936224815,0.2647326616658039,0.3920024184185338,0.2347429455746845,0.3391329504099452,0.24404040242877037,0.32285734403725297,0.26111933742680843,0.3066075920920819,0.2675088990862978,0.30488234257772134,0.3166559659570488,0.2688482304687302,0.21605404587611637,0.23386533422214023,0.28516970935433317,0.3135029786961784,0.2769903592325658,0.2895937062904283,0.2678636094667155,0.30857821873555824,0.2613481517420192,0.25073445249451204,0.3646914854338509,0.357338499287428,0.28448850996395775,0.2909144133180591,0.27635403313704376,0.20395057720136853,0.29861054451109365,0.25354947967128993,0.2065725743223172,0.2818216972438028,0.31111279716842144,0.3065773652891031,0.2508853005106709,0.37211123756150355,0.26721712065440206,0.435875006544555,0.2584957050731541,0.28266822196398084,0.28411747744533483,0.2942428612137014
0.24852250934492756,0.2294542273130441,0.22788817317124604,0.3083494009980318,0.23755912167519286,0.21817968234213853,0.26316449329238156,0.2830802048068999,0.3099695069709231,0.26185618408499706,0.24044896763058352,0.24397639521524536,0.28284356155598456,0.31492672312031783,0.23354833241449974,0.2914119225280459,0.27471531398857246,0.29757532766133454,0.22419056434967252,0.24837517346855645,0.2369898428779129,0.21832977085648983,0.37800677244191483,0.19118347675260133,0.28983010370289886,0.28383105375939105,0.0,0.3070073689933255,0.22099948248351398,0.38490129922706484,0.278011644431479,0.3047709428492533,0.27814729035727603,0.30997981770038757,0.2570181660075581,0.29047148580885873,0.28311623308541417,0.38752848442526805,0.21396870331362478,0.27030665711793417,0.25658814444608485,0.27768257903658455,0.25786135666747867,0.22314342631621836,0.29627871253364246,0.3028139536421783,0.2715311944402527,0.19810179865702954,0.2934843290103566,0.2798866124897625,0.2669479410790617,0.22637051889551604,0.23770094279241347,0.21974009987344212,0.2559591715171994,0.27728271950113725,0.24882077531429309,0.30317280764692545,0.26618029598288395,0.2994994145508075,0.2167115898935738,0.3068120507563418,0.23838486303486625,0.29120719550309326,0.20714106772153967,0.24003561351191716,0.2969578283586889,0.2587867434647086,0.39803085594423393,0.3087609993840088,0.2343554690628295,0.30287028337157673,0.28622352813733654,0.28740664648431585,0.29744962083117166,0.2896875767140588,0.26472023722049,0.32148452421553714,0.2906291613687638,0.20876342742479034,0.23208751876531086,0.24399835527818936,0.26994392091354996,0.30470009871114395,0.3104225251470235,0.3191506996415065,0.27942864824830344,0.3718202034804022,0.3937443441630272,0.28299256001011064,0.3242220699793014,0.3027268687654489,0.2783254614393569,0.21797838733406372,0.2769979131157661,0.2711983524856003,0.21625752396716222,0.3101822266418799,0.2757419505721088,0.2863650619089012,0.28920936498283706,0.24851163457121583,0.36804426297731635,0.2819006558504042,0.318590973245033,0.3087640886404242,0.26771608444685496,0.2902723043912,0.30371225662523066,0.1964248435065617,0.22796181259773562,0.3157499847248162,0.25739136478346814,0.5141083825883995,0.28425976057889685,0.259465040193095,0.2821793457672827,0.24743466715347057,0.20852938837049487,0.38920613463932197,0.23744594290744736,0.36507092450578243,0.2226296326897121,0.25895295980550886,0.2265955614419254,0.2526883692311921,0.2697814005323683,0.2527740544614697,0.2525675950986325,0.33031853192703536,0.37347666936328483,0.2555007495106485,0.2983010650895663,0.2386945645956111,0.19453072850463643,0.19682914971309579,0.23965994847220354,0.2750474615274567,0.3135352284398692,0.3297036796983372,0.27892809694413107,0.28636589944175206,0.276923062809378,0.33934950219526244,0.2939716471943048,0.3198902293318297,0.24622580198472643,0.2805181443238816,0.2728466331935131,0.25325197786368603,0.2399967735171901,0.2784489845770887,0.2532917081945839,0.2772373227400521,0.2924609688841223,0.26006285369905996,0.23185973684871367,0.2676950632287853,0.25908939965281574,0.30715506733586945,0.2798736500027383,0.26635908609866105,0.36293334618552925,0.2213382147134363
0.3205405451413909,0.34530007364338106,0.3092324656055669,0.3698439909103593,0.20909832629622715,0.33380701439664456,0.2527246637423948,0.33871130547054934,0.3234467945199938,0.2952695144877646,0.28749508640360705,0.2706656297973489,0.33454384861756375,0.3222041623768735,0.25088419409399315,0.31306230489411624,0.4673507046109791,0.3240698024865013,0.3037938384777507,0.4124786341581428,0.3325318664389094,0.29523687807468796,0.28351106632474016,0.2650806202463424,0.327705599098291,0.25307586395822396,0.3070073689933255,0.0,0.22104559072511085,0.2642829315564036,0.26893546041390376,0.3354342202081933,0.31019673531042824,0.4110702695709576,0.30496601926080824,0.27073133197867955,0.252441966270316,0.31716856466906784,0.22920993269715206,0.34838869583448034,0.29599082791674153,0.3930367426328135,0.2298571678929402,0.2693388580236052,0.3338233750278975,0.3165009895468192,0.2191986619103046,0.20679612218589608,0.3017066023655957,0.30393056951103636,0.31745550360695385,0.33605721661513943,0.27917742656943795,0.28077985962224755,0.24925419955936412,0.31771900687156457,0.35706922992849743,0.2814652224094194,0.32352741035485566,0.3397296565982358,0.33075974180932005,0.23848091023804602,0.32173094616017295,0.244062692945688,0.26872336486909176,0.35146294488012964,0.34512272018302687,0.23473219905111303,0.28522788384411024,0.3122863513523936,0.2870951484421334,0.26026150998490577,0.40885441262244154,0.39979051965059426,0.466774617253211,0.2753294651604693,0.30953358097890105,0.23677932208271252,0.28223513178655285,0.22160095373978686,0.3303116293544313,0.29165590576651196,0.2934358620022698,0.3285857951252729,0.3632627873244354,0.3984214878371154,0.2800015715696357,0.2639973499934826,0.3499904875197871,0.30640236952501715,0.2712409478682049,0.28586972100562974,0.26375257161111076,0.32487125970469144,0.3505763244625376,0.23783170285593175,0.2608708258323982,0.3695460475455852,0.2224658696340083,0.4370482475435055,0.2665700890008258,0.24278187924972017,0.26006923563669476,0.2420831482089266,0.3178987957053187,0.3121479254580518,0.3452642200632242,0.41038503080373406,0.2901857127884928,0.2689339268609447,0.32361792138920137,0.28215712373317897,0.36013997510498597,0.34913702548032277,0.2971386695132065,0.41708515966792026,0.38471423153447565,0.22574102705089819,0.3510429757811271,0.29860456073777836,0.2413267850938233,0.24427494030376828,0.3023178556361996,0.330813022653455,0.2386987587414939,0.25225824131081964,0.3343973378732742,0.2217902835076331,0.3356529104901407,0.273395202936438,0.3892239520138839,0.39354421607322165,0.2569930320834363,0.3345834811266309,0.24751256095079652,0.23702383080113512,0.24181713564021853,0.2589404805742373,0.31882186410641256,0.26213458915499455,0.2636642314421478,0.29220850246246016,0.35414558513339744,0.34570620170259125,0.2865664291903149,0.27371430130409724,0.2907999096360743,0.2883232264279331,0.30832376040870735,0.26462227412103756,0.30918819388426966,0.2792409752236369,0.29107583834037715,0.2482635709511737,0.32180327196372827,0.2863622404134849,0.3235093019908716,0.3538274390041937,0.27614624947743416,0.32458087076231945,0.2967651449328065,0.284423866012096,0.27605061586442303,0.2977894107121513
0.23619370347432342,0.3323023324934136,0.25468491190272924,0.20507218187484855,0.20048587052698064,0.24239148955334214,0.2701159398415052,0.2075959281310253,0.21889703957921272,0.3555173160228336,0.2615329963093881,0.26453447647374756,0.2483488817219604,0.2997806394827406,0.2111361523972391,0.27226919054559157,0.2478311953282267,0.23770800093894134,0.2263200210658485,0.23053612069370824,0.23470423556075165,0.25023482163888894,0.2663749808275599,0.22335039438076154,0.3142136090735891,0.2360456511411202,0.22099948248351398,0.22104559072511085,0.0,0.2538572411056199,0.23903602402786345,0.2865537122363082,0.24066091696428388,0.2305284623583017,0.2606520391887974,0.23670518990638326,0.2733298801482611,0.28568359454536935,0.21362698902088467,0.2709384635596735,0.25032311170148974,0.2533989769126284,0.22731715076428458,0.2643950156963517,0.2438330146432316,0.21399126122775416,0.27169257564613275,0.23899048391248795,0.2931166395651016,0.21253435418363456,0.22723972893909417,0.22502700659737682,0.21349389848567069,0.24346713777741807,0.2955560528734399,0.29103285813117363,0.22763579525417965,0.23425687602828568,0.24869201327832022,0.22456982392416744,0.1948111636353733,0.21170848740593254,0.21615522310620477,0.25671580490087037,0.18541040715151194,0.19868937384832722,0.21296269791908673,0.2473358715486233,0.24188902076644023,0.24131735566736137,0.23408409404986225,0.2636115182992752,0.21140870807243753,0.22798418227875403,0.22103348302450265,0.27129971129566144,0.20994777239886037,0.2792263378332763,0.2208560308819906,0.23881290979733605,0.26679119129885753,0.1896480829101485,0.3002997109195947,0.26062850572874285,0.22594860428550737,0.2647741041023125,0.21244616475228043,0.22609537655453155,0.23149607308955197,0.2389690913903899,0.23878625380095922,0.2362141774709302,0.28014843967256237,0.22540979129157404,0.24333987064179824,0.34112449863398336,0.18528073931909395,0.2621580020544271,0.24118096997898167,0.21382210628955198,0.2700978332333318,0.19665931935559838,0.21414782357799353,0.30217828450963186,0.22552943289750285,0.2247594622308108,0.1963212512282093,0.28743032432363314,0.2621063918738921,0.25067190169262116,0.24860574217307826,0.22397304274888952,0.21366644081715552,0.23132537842335776,0.2472887809169737,0.23989517745401195,0.26591338464178677,0.30552973570795944,0.26556122345164274,0.24082812286101224,0.23598845854155226,0.20498455473303318,0.25212423794987904,0.26999310503972795,0.24275169901749744,0.38087104975749086,0.19460919254752204,0.23341909982641276,0.31646385820122874,0.2568139151560419,0.27490319759985066,0.22178066783082337,0.2273177605338201,0.23043077526067068,0.20246053054533253,0.23871367706807203,0.2973384264862644,0.2621774670937389,0.26509681215044967,0.23280146031387594,0.26420050099620573,0.34503923530631736,0.22657971459863915,0.22722874631242757,0.3287228355948509,0.24743510239824282,0.21726849795089773,0.2516331920471543,0.3738360501334165,0.24053999130971196,0.20732340419695844,0.31325921288937514,0.19464378358900694,0.2673654023047135,0.2627433392839463,0.22833304588232625,0.22634352213370307,0.2525344289047613,0.2580515493165468,0.27079265107856787,0.2654716100693208,0.3092222980037584,0.23414204521257612,0.23325315359028195
0.27325329087706735,0.24089314822416774,0.2632364022844667,0.25188884783985693,0.3075040836984116,0.23211459746039478,0.3048163857027038,0.24293592274063772,0.29669429728856733,0.2454986851497821,0.27503771090612855,0.28223049340631706,0.2691946016866776,0.27633452949271753,0.2573807284356708,0.33293373465861964,0.3043237947184397,0.3081859312045632,0.2551364098616081,0.2471695952089661,0.30074482792595675,0.25734896780877353,0.3469386414703204,0.24267413895051665,0.2908249112022269,0.3075223169342473,0.38490129922706484,0.2642829315564036,0.2538572411056199,0.0,0.26302094754917915,0.2895421904434293,0.28311296881195075,0.25061038431159366,0.23541427728637754,0.27246221757234024,0.32484123514768554,0.38076711676703345,0.23346831361411602,0.29964139911300497,0.30216938733265053,0.2792801820674652,0.3150374349693867,0.2835033115156735,0.2672278380268894,0.3030084587960736,0.3855217424672153,0.24102705044325184,0.32050909040043063,0.2958145636300813,0.31931738781070834,0.268110721394913,0.23740517519652388,0.24175141128035368,0.2587997656678665,0.2654138918410564,0.28891600416115115,0.3507220644923926,0.25276737311962183,0.29976292022685486,0.19258195157946148,0.2859329196744389,0.2810439064538903,0.2475544969064479,0.21681025612755933,0.2268254143729989,0.23395364556984471,0.3312704685231432,0.36026872868289617,0.28791737636035825,0.271873766883849,0.2688910756261187,0.22969673738787214,0.2889580998112605,0.26499752807280663,0.2692241195519451,0.27054823113391635,0.3801869604897453,0.2953906433581863,0.24651891595914757,0.2706725365484144,0.24182329383088708,0.44421822610135636,0.26361272159756577,0.28329979150655793,0.330582650321877,0.24042740961665482,0.32774942804636203,0.29011938924029945,0.266074258620401,0.4259919584740113,0.2725928441563444,0.34142163047229307,0.22644007747478495,0.27751352811642516,0.29285173632131684,0.20108100383302185,0.25405148374508485,0.24438663184490297,0.23745995560026137,0.26550273045333184,0.2333153016747235,0.315929294116352,0.292208463548388,0.2787387181840229,0.3212191876045056,0.2563159436483217,0.27049027681408755,0.35012318938368725,0.23339098463249153,0.2617089412007577,0.3002832514256197,0.22647567774741104,0.33703943786337737,0.28362448007436547,0.28018638419221137,0.2513415775588968,0.2858452753879157,0.22337615212094775,0.26947130013277143,0.2979037122343257,0.286266087366802,0.22000788584885977,0.3590431848614184,0.21348274728287334,0.2936268794688181,0.24101490412871124,0.29134097015496646,0.2342887470833449,0.3448495842631003,0.3369253366343577,0.3000615919797749,0.23858361909150969,0.22854183816306808,0.19234715807590577,0.22893133217138742,0.32011889404885757,0.29084914168913606,0.285974165170433,0.37163263255368845,0.2550128329106719,0.3030250724043624,0.27272266164068304,0.30308224979875886,0.32497932507087673,0.31393278709779604,0.3180451804846825,0.33158701516262135,0.2895380876289029,0.2321766310813486,0.2262593902836279,0.3012885067362602,0.271747515508396,0.3436448522114754,0.31017133769811156,0.25862166537821896,0.2565413541924667,0.34408614760257794,0.23629507954020565,0.3135815906038469,0.25569425931329326,0.2623317454272737,0.3047464552665399,0.26348920001345355
0.31581845634687,0.2948570102240994,0.23493989623340875,0.2848117081874584,0.25591270356704426,0.24975964272910547,0.3075395874129676,0.3346078400314428,0.40187762657967785,0.25985093792664415,0.2851121960049487,0.28792080785615204,0.30092215228728764,0.2901591036502674,0.3941051999256977,0.3123437134166715,0.25843162539763054,0.3236121270190659,0.2824204552869919,0.33798046295078793,0.272064583864398,0.2794212042062384,0.2690041708317443,0.26168242644082673,0.3354848570849439,0.29135501131064767,0.278011644431479,0.26893546041390376,0.23903602402786345,0.26302094754917915,0.0,0.33471457284386924,0.37140733509424395,0.31603569085636846,0.3745576226506949,0.34038209616859477,0.3106248603934103,0.39110233585906334,0.3529433275018836,0.2800773150053294,0.31123329443637043,0.24076882760004753,0.35953633369173194,0.37666131513603185,0.43951542244314357,0.29668449343078096,0.2442092812888868,0.3122231407694891,0.35431165074298215,0.31559441556669965,0.3002647664115894,0.24413486726366812,0.23889971243497143,0.2976372904578422,0.39566955723881614,0.2800291152195174,0.2905867745379876,0.2966582202502753,0.3064215560970243,0.27761930697762416,0.2591941392233473,0.2637626185661458,0.2784423668077566,0.31779756548327553,0.29026523983259594,0.2755160076346966,0.303153751424886,0.2760397306385338,0.3123495455728549,0.33764031437064146,0.3425649318268518,0.33943267696155155,0.24670779302546794,0.2919997976852796,0.3098046823161902,0.2895863268029003,0.2769430651558291,0.2629799142311806,0.36695677144607003,0.19712932964212937,0.26033140112945574,0.319703700199692,0.3132459339464678,0.31698687130059916,0.28590237037332095,0.37475824031761573,0.29542609453867646,0.34217454661751595,0.3234392712157859,0.3168002101806019,0.2880111995364293,0.3501600354099485,0.34346204653192836,0.2634538901133494,0.2914240621448543,0.3302745303147875,0.3065882005634487,0.3427033826019664,0.27584817573883286,0.2991713896454979,0.36870337747558596,0.2795835380555874,0.3021038329143482,0.3042725419627675,0.35361463519255126,0.295873544014819,0.27448944423179916,0.29818394304666573,0.2949005786156122,0.23071171044026856,0.28021659694772605,0.32229406825965135,0.26907572180349226,0.2905338899267798,0.3272032242537361,0.24745462749889754,0.3005070235015822,0.3247322407846069,0.22043062305280348,0.2522610879097513,0.3131472135853561,0.2809213297163882,0.2352746214596687,0.3271962187802031,0.3122150901634418,0.345223758626104,0.22408884273481916,0.32287898293585415,0.28408575796027363,0.3750707562457483,0.31455293295774733,0.2744808317545834,0.2671505579398114,0.3008623122078575,0.3198361272428048,0.2981720536686686,0.3151286030208645,0.4037904027918405,0.4023918860509769,0.4104645575890751,0.35640355862635653,0.305921438451565,0.2827298510880638,0.3292111207659484,0.3607771563357916,0.32845234824677083,0.3616091197927263,0.2754046650280043,0.3205538028730939,0.2156415215237335,0.39786697389084336,0.3358540687066871,0.2621236769186415,0.26200517434381876,0.3424768987223333,0.3826685506473346,0.24604830463886077,0.2970038254590212,0.332337176928406,0.2865988891469813,0.2598468805142015,0.3082519199448118,0.2619630228546017,0.2677197160996905
0.3364020783128967,0.3608325200843784,0.3505949656378925,0.32320772891708555,0.2237369797914994,0.39410773150004547,0.29765280472164923,0.35606380693394307,0.31935263425413435,0.32812299860646166,0.33149096252434146,0.32034220551980297,0.47803810630930416,0.31900219486447795,0.3014860601956506,0.5008439936804511,0.38279848148845425,0.32560052855886,0.31592914332838046,0.3151082679744409,0.3313964591234498,0.312909384611655,0.28241706948189477,0.24476092517867862,0.3932429027291041,0.3261189436314849,0.3047709428492533,0.3354342202081933,0.2865537122363082,0.2895421904434293,0.33471457284386924,0.0,0.3642423121529466,0.37507599590487967,0.2954699352224309,0.34547451496396125,0.31436275372978567,0.3840440357678931,0.2734067043149917,0.36599340402806335,0.3096245315895426,0.34236467793392816,0.3131295432600115,0.3243408106757079,0.41104520832155733,0.38086287363521837,0.27847869096984157,0.2763992223981997,0.3560221617552036,0.3367503158047007,0.3468611456107802,0.3231452697081383,0.24853977584793105,0.3359896658823772,0.40682568402388386,0.35055063658891356,0.34247906558021757,0.3684764254829274,0.32720218243945753,0.33182627982557056,0.30299809633163954,0.34795448527513134,0.3311682046659821,0.2836216485548431,0.24560495610124725,0.3289220771428224,0.3437610397264167,0.3029108887558928,0.3357349244552145,0.33114273048606174,0.35305755178286063,0.2783807470300779,0.30841922105112496,0.436221520566021,0.41318225827852345,0.28726796542710614,0.36355883144617834,0.29646649476519527,0.33178476572691395,0.24036126532812316,0.36150417489202774,0.26694626517159314,0.36425775046586734,0.3794985430438157,0.35132222926628726,0.430211746592942,0.2932009833000846,0.30660116490988687,0.3787822363811145,0.33965984114344056,0.313497505126815,0.29382601746751696,0.3978791776644126,0.28943775931597615,0.3146226804622401,0.3321939532686364,0.26519542738601126,0.39337975400432285,0.2388273065360471,0.3740925196829445,0.27612828332426015,0.34001069568730174,0.2768612705665766,0.2669222884677889,0.3548350002265563,0.43564335632805007,0.36099690868632756,0.3569751066051203,0.36854074527996394,0.2826142700594385,0.3264902811217378,0.31505735770738325,0.35107701201154123,0.3208026703882445,0.38346700775232445,0.34484722689462854,0.3798938276706577,0.3192844782450478,0.34052387423083613,0.27757676083077193,0.28627056054317435,0.2645232594457426,0.2872927919999012,0.39226437779470186,0.2391642051071251,0.39021880104017165,0.28991091658725454,0.33332394550521693,0.41447537035828913,0.3288218990348194,0.35896929683170214,0.3793123005736973,0.2790822295510884,0.27187645883025263,0.25794024785769154,0.26930621358046963,0.30603960636896516,0.30473339439129854,0.3896020091231616,0.3256056487671695,0.2974831179135199,0.44671200576596015,0.29088678813945046,0.32582925635669074,0.372189679130834,0.296252703818189,0.2988861986688708,0.345619707387963,0.3729617716940674,0.28755726382258273,0.27322962315426497,0.3124458030784636,0.25752401863686575,0.35937981856253,0.43971681609134905,0.31425348313371776,0.30713355704409107,0.3767329765868473,0.25867991252848127,0.43668651165420813,0.29888010793197256,0.28230617379228085,0.26567395309020914,0.2690322866120428
0.32543620488872965,0.35843462277334914,0.27963504694270735,0.4195179194235262,0.23558405911756794,0.3167342437303736,0.3549521027513373,0.33564577093331366,0.31744879009348587,0.2393815504547878,0.3224192724582766,0.39390916351809474,0.3257793008828032,0.27301271092396884,0.4440644525808169,0.30161818130982826,0.34250309613751984,0.3247279770363234,0.3738970153910789,0.3513673349837264,0.3475233805263881,0.30799501536901985,0.28097549539209926,0.2871680627931875,0.2956444970032646,0.28352847911694284,0.27814729035727603,0.31019673531042824,0.24066091696428388,0.28311296881195075,0.37140733509424395,0.3642423121529466,0.0,0.3557929395841898,0.27799186063825204,0.38450989349990256,0.297719253437319,0.39161015579195846,0.34533477656886546,0.3646579700976677,0.4823143048111583,0.29239405499186866,0.3468469101354806,0.3313150576095008,0.41288584187158384,0.41514893344892645,0.27521982679284474,0.2522343135246589,0.3448464532567607,0.4207938936113402,0.4787649676787981,0.33173822502019795,0.3157524051665164,0.3917640613157252,0.39344659085408584,0.2752580163521735,0.42137920614822066,0.3430348097479837,0.35009277128920935,0.405514875659234,0.2784749717375118,0.31002346858999896,0.35844486726765107,0.2637852766998481,0.3079949473828572,0.337535084730463,0.31982150809351445,0.2863590445291219,0.3110067558187016,0.28780742204053056,0.3793605762479733,0.27492870419948023,0.2724295104253653,0.3968521218565391,0.37579651951339643,0.2675689530115892,0.3361708253345105,0.28950257744629765,0.38176213632609596,0.20022482049362764,0.2871445463298226,0.3749306013692495,0.32831914162580167,0.29378865134224913,0.35319827609390964,0.4361848207758966,0.255044459082316,0.33462937395533476,0.31903765010681817,0.3315852987247182,0.329678162819024,0.36648873031432316,0.36433419713262355,0.33482198479594455,0.3409229602482112,0.3210284246399968,0.33551573668545337,0.34015657865991555,0.24201417479570525,0.3565959751184308,0.2810229439746415,0.30057230304806126,0.3047414242036129,0.30170962053434497,0.42732213362588894,0.3719553227619643,0.391419881328087,0.2678511199343218,0.3767018400375117,0.2646525480611537,0.35669542136254706,0.3402060153438841,0.29903079781498715,0.2849026896631166,0.3828986210912254,0.31515951293840344,0.30437152854434857,0.2696624788494507,0.2703836192001449,0.23930232730807852,0.29202360439892083,0.2703815999786283,0.28011017678907224,0.37353744685219165,0.23010967988827138,0.3503036251537914,0.27962638538814844,0.34203445532000476,0.32330672176625314,0.3684398053519369,0.27927750622590186,0.3486706658423467,0.23365558378666113,0.3100344594708665,0.28176458893559475,0.26721856009294664,0.282286205231988,0.34418773446204637,0.34017365626018775,0.40759950377925436,0.3427315741602997,0.29759071433996176,0.36047963791075543,0.4140505456906254,0.34561773866813966,0.3170872102667126,0.40631060470687125,0.30486021196544966,0.284744987439252,0.22642199934764923,0.33488734171941675,0.32473823003406427,0.31680735867803533,0.292673722752339,0.3838241816775368,0.33786585112342804,0.3100042253875165,0.30978188169304477,0.28504443558559356,0.2924897854223419,0.25959706075686123,0.2754989321938467,0.2547908733141235,0.2929710631172718
0.3045190112956127,0.3313386799074076,0.2764610588731585,0.403422050890903,0.22220424265033584,0.2890862364869224,0.30767670125546437,0.3296188198143617,0.30253397608364,0.27731561787817904,0.276398334291606,0.3080370900854397,0.3134630531937521,0.3185198189053936,0.27713405598029417,0.3032165762800602,0.36814270681118433,0.31211800814934476,0.29403594135920147,0.34559103297162813,0.340231602225417,0.2569849095844555,0.32768496004370234,0.26781969253289023,0.3443529575208439,0.31921227354602355,0.30997981770038757,0.4110702695709576,0.2305284623583017,0.25061038431159366,0.31603569085636846,0.37507599590487967,0.3557929395841898,0.0,0.31752443798874863,0.3560028485478512,0.2701882552846248,0.34300120734039174,0.26195667909811227,0.39407062039353635,0.3167447778143463,0.3902006110182126,0.2498439124407908,0.30184796560832,0.4296152522221802,0.36467839394656565,0.2559091085977897,0.22237588057187474,0.34027298677887774,0.31532533596762824,0.3387863529703505,0.3502926482639879,0.2747399772809031,0.2938241965541718,0.30776973711347394,0.3468082075731467,0.3396411788152744,0.30046001742920625,0.32187206689253695,0.38370440218957985,0.2748931617001071,0.2912343314795542,0.31058497638031995,0.28175733240680895,0.279964168034943,0.354860453124088,0.40137192148206846,0.24629930476971879,0.2643399028134009,0.29293965408161265,0.3008202880466159,0.29165749489642817,0.38428705158408827,0.38955291189043967,0.35881304878058223,0.2960439993449714,0.3570882732585821,0.2867885061272445,0.3262442271403939,0.22300609795655638,0.30162980008630236,0.30704556851686776,0.2956536559463726,0.3222729206461936,0.4379968324911521,0.4455591712056219,0.2913242154246349,0.2715988398591503,0.3568102902123056,0.4079719294097257,0.2869690370658823,0.38540384331398464,0.2789006848728244,0.3219135636265724,0.38451576168967994,0.26119087523234547,0.2757096053705204,0.5072420908618049,0.2655433854142928,0.5021975366289549,0.303799310261476,0.2856755040642046,0.31649315999037764,0.2592558697645517,0.34998184881610783,0.35182054389287265,0.3257616181168402,0.3440387369487408,0.33916552299799896,0.27932552340894384,0.37268353653958475,0.35110304964792205,0.3671704636861803,0.32572427207260535,0.35564236442233393,0.36504602794015373,0.39121456716154346,0.23971189098472603,0.3039110447804393,0.326981574141632,0.2692902083995923,0.26997603351089994,0.3525472341041308,0.36755932607522895,0.24026687861714052,0.27614880212453496,0.3482972810502873,0.2891695962034177,0.43475213035114346,0.30031045647128374,0.34180687230332385,0.32047030447251645,0.26998949648453824,0.36776765515580595,0.25188008837954134,0.24257040251547748,0.2537959577358241,0.30668556878236175,0.33388757785920736,0.2877388168892379,0.2537280525256348,0.33985916857058096,0.3671941517269301,0.3741114504631325,0.33578143510382114,0.35293012980766564,0.30229575835137135,0.2814489098107853,0.30997819185468517,0.2658819077907442,0.32055468457833913,0.28502272590219224,0.26378504372152095,0.27935592650761076,0.39655371859334904,0.31076553496499365,0.28782431624407984,0.3333395324588536,0.2723371444830249,0.35238681103310554,0.28929415846752654,0.2819239739026269,0.3041689800236205,0.2969914922528138
0.38578737927946516,0.30444420240717407,0.206699693112225,0.2603846954948757,0.2843103398167736,0.2324131255491136,0.3042586169122909,0.24316073075083197,0.38671958688330527,0.24598089549006474,0.26403488629545485,0.2296340658097622,0.2881855091506286,0.405603756395089,0.30060380445854934,0.2585512892817679,0.27107270618825663,0.3330892470616821,0.24519909591845493,0.39461165655632613,0.2506048795793721,0.26183280861402647,0.292167916314891,0.28129505401539173,0.32485029926261405,0.24294100354329295,0.2570181660075581,0.30496601926080824,0.2606520391887974,0.23541427728637754,0.3745576226506949,0.2954699352224309,0.27799186063825204,0.31752443798874863,0.0,0.301217626262624,0.26983083216306464,0.3474816804977805,0.2442221255425841,0.31639759084646535,0.2889626362336161,0.2851176440003522,0.25662565449930846,0.3806128006217446,0.3144525477907264,0.2609145178461108,0.2460904558147963,0.25654879617268034,0.3633112959606565,0.31043099025941384,0.26651502493616924,0.2607823400183392,0.26175161830344984,0.23950382235669854,0.28989017048430366,0.3330002240418333,0.28947556744128256,0.23095019287731744,0.3324962121104594,0.2947659710839617,0.22322275911356196,0.234778374271994,0.2482872997817945,0.35370068844915503,0.2964801720389486,0.25626871424000647,0.30587252937774706,0.2523459353378759,0.24793915913466225,0.26686833666387383,0.3077197284014176,0.413856328037453,0.32260931018330075,0.2578500895884523,0.25253075200790626,0.33271600389647715,0.22733603337713412,0.24546440058279945,0.26697159132967496,0.21296800549049627,0.2861840954858504,0.2814894035872525,0.2764982950310283,0.2945699732636647,0.3070408170673571,0.3532072908562094,0.2653266045759134,0.2994323743247535,0.29398813621638314,0.32053229805519573,0.2828399426819383,0.4089985501763572,0.31880500098362996,0.3062137284671468,0.3399059584368689,0.2732171529189756,0.23398594717769075,0.35019744985145806,0.32503557962848934,0.30234880806222303,0.38642566707340975,0.20998587734841867,0.27208198829343716,0.25017187048537165,0.3522438519987818,0.262741325454389,0.2173004553881441,0.30928264244710413,0.3035645598605066,0.24141371315646656,0.2680794004220471,0.34255686997468815,0.29000733394025535,0.27374949345059263,0.3119335465199491,0.27235273770696894,0.3446568690282842,0.2775072048364284,0.2554590876846495,0.29275141181066283,0.37855018189756034,0.22392678142945774,0.3135764803257234,0.3087618063271599,0.43750067300501405,0.24986143001716968,0.2478962252344214,0.23712340937925633,0.2969407261979568,0.32038607299990784,0.30976237373724536,0.23289462780901277,0.26938085873547163,0.3666243562784543,0.26718037074664636,0.3791403687479226,0.29995487205406585,0.4295369092207333,0.33406441984823604,0.28409072751951403,0.2956401066759791,0.3259449495654615,0.31189065514208814,0.3091767155762485,0.3280618326912921,0.30826349936650893,0.2903628692122167,0.22214590130445833,0.3041888938778442,0.22432096616952993,0.368819174788804,0.2969776936497985,0.2457694243211667,0.24550946565809664,0.27589371389949224,0.326670895533334,0.2569440257621796,0.2659202848447107,0.4591011319612125,0.286142420254771,0.2419068111031653,0.3904932113787839,0.2578256826853663,0.3305262238949769
0.3004918994867272,0.32765223344217587,0.25439656644227393,0.32410093094827613,0.2562480358788317,0.2618938296375258,0.30878165260452284,0.3072829256317183,0.30510929579304574,0.24576670857539604,0.3081876350582174,0.3475952987925498,0.25933655560978736,0.28913602744097816,0.31973045577925413,0.28161793017070513,0.2823144443597958,0.29723573124387465,0.3357044863761118,0.3182971223317224,0.3012648243311139,0.3056527315790487,0.30977306553232026,0.25145905106024646,0.316948790621635,0.2436012484852189,0.29047148580885873,0.27073133197867955,0.23670518990638326,0.27246221757234024,0.34038209616859477,0.34547451496396125,0.38450989349990256,0.3560028485478512,0.301217626262624,0.0,0.25418778904859957,0.3628565595863032,0.3216223333112071,0.3123821162416896,0.4069229933320318,0.2586303254886607,0.29786436692809376,0.3067181218090864,0.37239264075701456,0.32117893984311474,0.25784856452616955,0.26076103691652947,0.3341895618276777,0.42253750158563985,0.3561070360505098,0.25860728742826505,0.28940726191042626,0.32829282355589906,0.4172814758123888,0.2505347124466657,0.3189923869017078,0.32890324719154684,0.3232255371946702,0.44269330534832363,0.24450045670293982,0.3148655667056373,0.2698235649522979,0.3780078508759841,0.28484494681370287,0.2695921895062244,0.2835878001441346,0.22641102317415648,0.2918898437931167,0.2520219142209896,0.30264586405909505,0.29714813903393755,0.2694652318907407,0.30464969766528666,0.3031120097661196,0.23604882344977962,0.28305623937068036,0.26280390970319484,0.29150197949292417,0.17647519749672408,0.2341005419078537,0.337960206254168,0.2647943363675804,0.267314188874293,0.35234788128562,0.369744457786512,0.23647500812657002,0.33104365300609895,0.28412439613867174,0.3029809534980548,0.3406346739181481,0.4000009672847517,0.4425821375088505,0.27087512668590635,0.3338914154957472,0.2916965810652679,0.2678890970353726,0.3188024851121921,0.29916798828363317,0.31247011848899814,0.3126025248012876,0.2885723394284589,0.32323462271404535,0.29081839212984395,0.39247040227483304,0.2848672970739184,0.3111615670519774,0.26907785293328823,0.3193130885684951,0.25223889296445906,0.3046362954750947,0.4021030149313909,0.28424015544842046,0.276357955666315,0.3334877196645908,0.2544736808954188,0.26889102829695455,0.2979650089627226,0.26236820458700055,0.2571798814548284,0.28995721269740454,0.2622779557779498,0.2685885996443118,0.28308345725772815,0.2354626156935565,0.2790998333519515,0.3367130800061522,0.34138990459494084,0.3663910487941937,0.32847077425894844,0.2619602714013274,0.2644488063893918,0.22575902290676134,0.3239019345830765,0.2871877307187307,0.23320788870408826,0.2560516542435597,0.31165513111688803,0.39065402277077005,0.388884298696652,0.2693019877674223,0.3480429041471047,0.3321937265169565,0.46899937138071035,0.317107647337209,0.3137442756588434,0.3361285750991276,0.25642955590297134,0.29649978596191506,0.27247288350404053,0.3122527073817315,0.29459309267397815,0.3367312685786091,0.31949119168413537,0.33768233947102977,0.283909915418534,0.24740724644123427,0.25522847487970185,0.26590906399868863,0.26962935357849127,0.22849653169675277,0.25750658297722084,0.2541755579734361,0.27465092293279175
0.33623820642231955,0.2574675990210977,0.24299756967005545,0.26717097404941575,0.22507734178335287,0.2864569890385092,0.3070357543400542,0.26333412959315056,0.27543877457909105,0.2539344520371199,0.36026834741981,0.27253593496416023,0.41399742833432496,0.28591389359644914,0.2737800024448184,0.31588774494333033,0.2636697815522311,0.2892223862774963,0.23649217494297556,0.28789008082560147,0.2816667499781136,0.2702470467268645,0.28416711842206144,0.2678998385446793,0.34928562326755,0.358155720581697,0.28311623308541417,0.252441966270316,0.2733298801482611,0.32484123514768554,0.3106248603934103,0.31436275372978567,0.297719253437319,0.2701882552846248,0.26983083216306464,0.25418778904859957,0.0,0.34755068986698034,0.25731348418753414,0.3066946855929151,0.25543877620390376,0.2754358438888986,0.35645546576152487,0.33491128408749743,0.34716293980850377,0.2881089177378117,0.27773739766603606,0.36753821356916644,0.35848205054282684,0.25390536488066323,0.32296962281690167,0.2529592795865333,0.20473497398809548,0.27605696314736505,0.32005059755424187,0.3139157712905778,0.2792222583005356,0.2945245445314395,0.258347761421085,0.2519105982780902,0.2751703826918074,0.2591503932857134,0.30388829964744074,0.22713815887147568,0.21525333894839993,0.2711055230368775,0.3332013333568218,0.47316011944288905,0.31536391330295327,0.343440157742917,0.3666856892263904,0.27664986008885945,0.2623810157861061,0.3179214236908816,0.2523303729786319,0.31972646884841566,0.324302483506628,0.3137872462509297,0.3176826910170052,0.27254258741919785,0.31253925206666033,0.2534304685168587,0.37076034125423546,0.3566656297349613,0.26585825366054594,0.32347411932413495,0.4069564108618088,0.30956548218700725,0.29220501709753305,0.3182861567035352,0.31093009470502403,0.2563468095747614,0.27426950121629573,0.2619491404273335,0.2713187362486227,0.39762548004686077,0.23045958970817287,0.27148227284087895,0.22817717995237355,0.2468905678336893,0.34252424735029785,0.2627197515420685,0.2857863641838892,0.26685324113872205,0.278288583829899,0.30359256204123164,0.25371644017655876,0.28261655539938374,0.2998846908155851,0.30493226091877046,0.3051924189316681,0.27156506205291614,0.31600806989896185,0.2778158425794015,0.29137908473543606,0.2499943728042196,0.2567536858208289,0.2840395862060262,0.2636247500997878,0.2494354283865335,0.2537325212123188,0.2818230429346307,0.29230634569724734,0.34683739443601586,0.2700970111548605,0.3478702011938959,0.20374649683005416,0.31027552527302915,0.24800333180180473,0.35575106470498497,0.2685540142382339,0.28247604938991216,0.3733559683154189,0.2408044403664189,0.27995693309907743,0.27342019326652894,0.3620215993586715,0.29834013301222717,0.3059589454556946,0.3303379924991646,0.3507233853639023,0.31954625758639177,0.2481060460871418,0.25976919252395375,0.42200437089687237,0.32650594342010264,0.29574782937152183,0.2798348077053898,0.30401827372834284,0.19021033741274826,0.3221951067385722,0.27921682938558073,0.22469904478757094,0.2669976308408398,0.3065950084360658,0.43117527646160353,0.3423677043422035,0.33626809252068124,0.30419466942426426,0.3234220695608089,0.2722035807336871,0.31295356084041365,0.25773031138152136,0.2928558856120207
0.3583630485354857,0.30826862981034725,0.25464360569628575,0.33339163936589966,0.2579252603473152,0.2553454400301374,0.33101309420434133,0.31515165412433804,0.41510415984483423,0.28528934326764277,0.3028660643811188,0.30571237434354276,0.3298145486713623,0.4133169031283519,0.3033031806186399,0.3497914020621727,0.3196750015109723,0.44683042397523937,0.3151387078746117,0.33987598379393846,0.30313038174057716,0.281748496224461,0.3766056950665513,0.24050339479763191,0.3663234703038875,0.3274773168101678,0.38752848442526805,0.31716856466906784,0.28568359454536935,0.38076711676703345,0.39110233585906334,0.3840440357678931,0.39161015579195846,0.34300120734039174,0.3474816804977805,0.3628565595863032,0.34755068986698034,0.0,0.2692251969946157,0.3409553146021952,0.32639223943198425,0.2870655808777615,0.3586242026616867,0.3074340318606453,0.39276134270667423,0.35558733363460027,0.31384560118665666,0.25684068502559243,0.43893282809667206,0.3706778083910281,0.3561153825311761,0.2778955448108935,0.29670177408293624,0.2996567340138331,0.37475333914490955,0.3303985517351776,0.38116032883409706,0.3172508228856122,0.34569433074274075,0.37379355425653893,0.2408140054245314,0.3357567165987501,0.3097208857966914,0.3448996847482451,0.2788644482294891,0.30164812173955935,0.31237702572090664,0.31475810069826976,0.40291230977095516,0.3867241322460687,0.33121523007518683,0.3851333975295295,0.2946595351394437,0.3419801698934216,0.3531608956958533,0.331897799629398,0.2942153819052868,0.31451276937633293,0.4086242199273427,0.23249691080645177,0.2830790501339508,0.3229157995290401,0.37967945324131347,0.3974536477978546,0.37201074338688034,0.4896284806053775,0.3117006509584345,0.42490069878228987,0.4404908969930298,0.36853354488251044,0.39347331227992216,0.355738143773161,0.36188184037539073,0.3071364628438447,0.36856437454717417,0.33822628856579884,0.28623712652019534,0.33591944089259734,0.3283650226115274,0.32119296005384124,0.3697302158000803,0.27543212119189614,0.3684971637053818,0.3212601330435792,0.4426503440879829,0.35818716589906796,0.28925458748788013,0.3341932774801617,0.3539897017487981,0.23053842574069158,0.2844235254429816,0.40596367415080503,0.3041448085236178,0.4368945312186337,0.43503724231973717,0.30342828017181256,0.3266624488635026,0.34696603159433753,0.23772780101854787,0.33800128440223925,0.3357738471389909,0.31984194119977505,0.28325420415127006,0.3543608249445132,0.2936867248098323,0.34916702137859507,0.28351517287943406,0.3157788860637147,0.30966816423554516,0.4795074913887261,0.4224139448313845,0.31108078915735177,0.32221742265186576,0.32459253716035036,0.2537451145919064,0.27154052235671294,0.3231956762359086,0.41283237589588334,0.41568114313423915,0.450852227778681,0.34382180178540184,0.398273864724618,0.3288644587868957,0.38171616320867724,0.42258361971686575,0.4294839058473921,0.34231563713390667,0.31818521233025676,0.36491116066420287,0.2664407847652967,0.3154588645749746,0.39777798458405594,0.2992506543750875,0.28292832496481757,0.36167961367472595,0.37595739218233654,0.2956312733238241,0.3133115608449227,0.3297515178406376,0.3934181522749786,0.29527465253743507,0.3769772654163163,0.32114920680516984,0.2956520527033677
0.24141740567616227,0.2992528112238526,0.27183522542015026,0.29725278717303755,0.24468691753346328,0.26671734039547673,0.280051423295677,0.27493702309167883,0.26395395101176644,0.20335341155208075,0.3159592235622916,0.4180401090749901,0.24135446310896005,0.199966639981272,0.3673835563071022,0.2710266018581618,0.2725799858951486,0.22813797676440006,0.31249379003961003,0.2779754935122001,0.3100588341825492,0.3637524621153937,0.21750364431752509,0.286553198155468,0.24339165483977357,0.24959213775781636,0.21396870331362478,0.22920993269715206,0.21362698902088467,0.23346831361411602,0.3529433275018836,0.2734067043149917,0.34533477656886546,0.26195667909811227,0.2442221255425841,0.3216223333112071,0.25731348418753414,0.2692251969946157,0.0,0.2628619981359256,0.33539877683979713,0.23796856486052714,0.32237105287438395,0.31315900178785416,0.3076816975652193,0.2733153069144516,0.209075267947998,0.2927068604964525,0.25765044737051523,0.3347397708258048,0.33464897792916315,0.25819203671351565,0.24063971403484816,0.3599611446049895,0.3680487227815019,0.20419083345884947,0.3107658419800926,0.3293291467871493,0.2399495134566987,0.27034894318373304,0.2577990932689254,0.2182676685763707,0.29370898568735726,0.24567626898997214,0.29196107124755727,0.2577799072092353,0.24677842295991884,0.22423819452273921,0.2345757221749539,0.22860283360827313,0.3055653760773972,0.22277540284999098,0.2182089219313645,0.31220498744514924,0.28526680595521303,0.19713553698310896,0.3077219587712158,0.2404023244837701,0.28820058464657294,0.1714626904025227,0.22222254945536446,0.319492748867566,0.24897863809185564,0.2198001904557767,0.25769028210938766,0.27967789273831933,0.2176670622750141,0.24300061496985267,0.2181981422112678,0.2591026914612014,0.25933724295039134,0.2600331544795091,0.32925384932168605,0.251954433432877,0.24922048478888187,0.28148530313983766,0.28414212824909524,0.23512798843201255,0.21626918398448094,0.23067737010463912,0.2408054658944654,0.27711318142892155,0.22992079889428194,0.2385337329135059,0.26889857828580965,0.26122865470605766,0.31222369657168275,0.21364183545405932,0.2661935576563053,0.269621587165209,0.3282132375664536,0.2749555021597186,0.21624812281512482,0.2306579408479645,0.24256567136164953,0.23697561599681913,0.21138884916676692,0.29695551280762644,0.26237685026804086,0.18812689278436057,0.2955859090485394,0.21689752385619762,0.21258021418536188,0.26896630097468144,0.21531007375758968,0.29764995121911936,0.22513180541461114,0.3272256329847198,0.261725815753641,0.2708092071250302,0.20714669011228934,0.29856552720932145,0.20178689908727018,0.28560100865416865,0.37619372756341973,0.2520013526188064,0.24913362902843708,0.29133293374101904,0.2853598641217719,0.30774888067728096,0.23065812171732483,0.2461251001639426,0.2793649416306758,0.3145186066931019,0.2934290731181914,0.24276444585332313,0.4232696724272858,0.25051139196485783,0.2416662460393968,0.21315388858240947,0.30767527620056734,0.23478058562487228,0.30196995661431175,0.2634767233422984,0.29198899127051736,0.2725372004507867,0.2465914173915213,0.2377685674190579,0.21977213661070993,0.22417637993927064,0.1925166049483259,0.2021122948360664,0.21171342385862293,0.2757739303054325
0.35861098445954115,0.3619611860024029,0.3007760890235853,0.37716880006462494,0.26707566452927733,0.27492601101619996,0.4103518780896474,0.3049819514175475,0.31931076364435534,0.293756774087011,0.30815226009889835,0.3151492661207582,0.33064126109844943,0.343112707114181,0.31924045422116665,0.3131996139999451,0.43612065581638043,0.3765658916917679,0.30884338574041986,0.31794149562454344,0.42401156595067835,0.30017671661002526,0.3785235877716533,0.3202205865704566,0.3435132792940938,0.3287804392684433,0.27030665711793417,0.34838869583448034,0.2709384635596735,0.29964139911300497,0.2800773150053294,0.36599340402806335,0.3646579700976677,0.39407062039353635,0.31639759084646535,0.3123821162416896,0.3066946855929151,0.3409553146021952,0.2628619981359256,0.0,0.3769781342672948,0.4578333800666626,0.2944615809025234,0.3196952261728939,0.3644107455777758,0.4301316668344944,0.3177786440752424,0.24075873560214225,0.44204529530628556,0.3420329585790388,0.44723787183628333,0.4162117910861519,0.3208745181756325,0.3282038071193466,0.3131348725559659,0.37574367664639524,0.44029622925907974,0.3157197731012335,0.4125787730498301,0.3746284287351842,0.2480831139100047,0.294452117827412,0.39471827908714197,0.2751348045629232,0.3201355400709579,0.3539985000038376,0.3584397591719518,0.296588773311909,0.28118864480070954,0.2860183547858852,0.38950463838650856,0.3266444190786677,0.3379699719292731,0.46729688447989653,0.31653857896046406,0.3134194473097418,0.3807803609734043,0.3350177014880001,0.3355658866532522,0.24766494343551357,0.3673553833385599,0.32942838138401503,0.3702761900047321,0.2688211638551093,0.4749938368448901,0.45461000033996424,0.2674598889456383,0.29728010777048564,0.3154982082590263,0.34729640442073256,0.361111740801383,0.3605006680598718,0.3258017225184849,0.34435776609842533,0.5229110379489388,0.2669017712382134,0.24367845856885972,0.3982479159615989,0.2744440396723732,0.38942068141889585,0.2563087123589034,0.2806170919703297,0.3044509902827877,0.2630975581671143,0.34755009537778053,0.3884281071477588,0.3148142650244521,0.3483881035672055,0.4710315323403592,0.341530090498467,0.38339017400061237,0.36430689113027553,0.34451054433423295,0.28177822436031946,0.3694390157020024,0.4192314828026273,0.3960064502862304,0.2816477744724838,0.3463819522044245,0.28487669034858737,0.3533586027494122,0.25056002119736437,0.3877122963673942,0.45520539653142733,0.2660718390046437,0.28987435419804797,0.3189614476650733,0.282513199437251,0.37123625834068863,0.32921995530980697,0.3265988635944987,0.34912477946380593,0.2434799426107067,0.3085314366558062,0.2397631982950442,0.3163238816833539,0.2819673122463483,0.38205017394403074,0.34390475506806734,0.31457272804758757,0.25212386049142294,0.3517606798720472,0.4547563054996627,0.33374372116635975,0.3380955057436801,0.3417182971730819,0.34387224640077096,0.31621775681557424,0.34164043582395226,0.24881676325042926,0.32066129608480465,0.3315692546120492,0.282248382148052,0.3893422143374844,0.39524903880395884,0.30946402626783315,0.3488965181637747,0.34695765373964266,0.3184963193765382,0.3904185628642757,0.3066910581535273,0.3155005168485574,0.3215009577703201,0.3620766198369742
0.3015689378924399,0.3680087815280659,0.2586095921041658,0.31799181124997156,0.2797009382265596,0.2813873026946362,0.38153917768171347,0.2767002379254212,0.2790010210860811,0.23627966114448187,0.2813589584563061,0.37275769966132705,0.27454382516737635,0.26489815407866796,0.3697489480019626,0.26360335214831043,0.382346422299868,0.30193887098172745,0.3603955400511604,0.35146723195442514,0.363283975578448,0.30534601855817267,0.3087275044859236,0.3317149502051028,0.2762333227792307,0.2478754977206137,0.25658814444608485,0.29599082791674153,0.25032311170148974,0.30216938733265053,0.31123329443637043,0.3096245315895426,0.4823143048111583,0.3167447778143463,0.2889626362336161,0.4069229933320318,0.25543877620390376,0.32639223943198425,0.33539877683979713,0.3769781342672948,0.0,0.2986286796303113,0.3205717297906345,0.3452545739963872,0.31977980220238533,0.34862655527705805,0.31096920187693977,0.23904799674636598,0.35324908381059705,0.4691967653501692,0.42732965229637554,0.34806602920284263,0.3493027446870978,0.3532637708415459,0.3366413028176971,0.26375572904410094,0.4008322561264808,0.31837995611971903,0.3463465829849391,0.4247496193918565,0.24112332583279927,0.2798225613395903,0.3186751005900375,0.28893600409016473,0.32834096800848506,0.28381208477574327,0.25465394622815407,0.242257487437973,0.26247567733601423,0.23825137782779363,0.3287668072019079,0.28776955408907784,0.2631409086399044,0.343603693724505,0.3192183836428915,0.2587068472851012,0.2829750362346624,0.30070136967271194,0.30756608862230317,0.2074049964355761,0.3026033698607393,0.32364398909248776,0.32002303547397426,0.2483453332543626,0.3386539722979073,0.36655035518703244,0.21355161305719955,0.30316431906451047,0.26530306845361906,0.2799586197392128,0.33779925121802395,0.3937883556042664,0.4486677151608371,0.33966704711655715,0.3299320568417799,0.2821917092181563,0.2792690814683896,0.327122080265391,0.2519582788680233,0.30729536406834096,0.26754892040776895,0.25206945561899285,0.2878503152074596,0.2942223048942565,0.3321144181996886,0.3132333372452528,0.3629475398410149,0.2681415396541853,0.43823931555577106,0.2893920863773114,0.3735154712237789,0.3659532109449816,0.2537675857413587,0.2519859130402726,0.31388644268480576,0.33317852487721555,0.29834431047851623,0.2665170764094731,0.2946319301356517,0.22919108559130266,0.3249696808017832,0.24861053883766365,0.27590127361281747,0.3483079899194688,0.23600714001660872,0.30142813411297836,0.3071361471618437,0.2880527164423178,0.3257990894934343,0.33291092607563616,0.27523680143867507,0.30680627948777617,0.20218579480093912,0.3208287755734913,0.2594734007510997,0.28874269332131086,0.3183392105441081,0.35565655282897973,0.3047084350939733,0.3938026758838288,0.26899464517456667,0.29746183545065014,0.37400521938941406,0.41418349878412547,0.34444329441305954,0.2970858951492,0.38314640589651205,0.31650071989266626,0.2841601414497362,0.23644398880820683,0.28823113071613116,0.3283806744423351,0.3466300203564681,0.34572146653766134,0.3553720718986883,0.26819184692310083,0.28869225423505784,0.2838400006454515,0.28073501869081074,0.27362984732841256,0.25561917163516845,0.27892031060955075,0.27150450472712795,0.3104319715044979
0.3164632854016909,0.3470695544680458,0.3173818564972914,0.34935869268733777,0.26728408343971166,0.2894975861405378,0.36222551709852674,0.27735032949203126,0.2935688634047112,0.28918215472079917,0.3286595029547588,0.2899794367549466,0.322525797220767,0.3041533996715839,0.2722869665940084,0.31160635074960713,0.4274492330616496,0.3173993055843302,0.27684316721819935,0.30070787175507163,0.3561359714376383,0.32172280554573146,0.35603700600950444,0.3079078665014321,0.3278239641943853,0.2803857514471254,0.27768257903658455,0.3930367426328135,0.2533989769126284,0.2792801820674652,0.24076882760004753,0.34236467793392816,0.29239405499186866,0.3902006110182126,0.2851176440003522,0.2586303254886607,0.2754358438888986,0.2870655808777615,0.23796856486052714,0.4578333800666626,0.2986286796303113,0.0,0.24756542577344906,0.2846412015957423,0.2909563492198133,0.30985648005626576,0.26482307678710154,0.22115197246825918,0.35437941252409333,0.2856290581066409,0.3327165336459573,0.3312160520873734,0.2743183800934041,0.27681638631760996,0.26021125548020246,0.3829979350117295,0.33077065600240774,0.3097812064521188,0.3437568724221213,0.29185025129667463,0.24624010315759945,0.2440603233123092,0.3209079611150833,0.2551995581369772,0.2712337872235426,0.31485346540396986,0.3213334821829742,0.26688551276621153,0.25610603828897616,0.29794164758322467,0.3121173467061235,0.2475662204579109,0.358436769590649,0.4092191601426864,0.3322561433678712,0.2626179908376294,0.34665263512641553,0.2884374677118063,0.2521414967370945,0.2374322382269183,0.36175926223957955,0.28061490578185067,0.3216964943947266,0.2618632223945603,0.3657315066173877,0.3579144006683858,0.2645298298469583,0.23360682368580085,0.26810678114642406,0.3193913724965267,0.30476035987617656,0.2915011437317273,0.2696963224566259,0.2932212892577986,0.3777754848675483,0.2509560157729813,0.21506966580053946,0.38190825025564584,0.24532193885757064,0.3203875183948874,0.23266042513580162,0.2627569791494444,0.2534605052641162,0.23156843393245874,0.2728514602143025,0.3079262331638781,0.2834767470981491,0.4104077474752371,0.3274993564052698,0.3382972454006109,0.3733148450401291,0.29436907775248544,0.31211219166262877,0.2964495158780315,0.2710064574686198,0.40711961420472514,0.3756661124903661,0.2495548940993654,0.35322834986890206,0.28217726581486197,0.27814709146952465,0.22246690934320862,0.3537879486486009,0.35507319979530483,0.2457704349825375,0.25166633348841794,0.2844913005778024,0.24451635004100286,0.3289340372660318,0.25806275413984775,0.3406625995022889,0.34940984820037074,0.23056764258640353,0.3076888445734177,0.23647548625315254,0.28086979415873714,0.2514893392517179,0.27303476861510734,0.2867052448429993,0.26120869303440347,0.2298831090525091,0.3370630377343052,0.3376080356570736,0.3139371531722522,0.31558415167367465,0.2799453941518266,0.3047108405710404,0.276327554101626,0.2990207425058166,0.2721188580651712,0.27654373226056594,0.28126874566721954,0.2768022180131916,0.3047816587887541,0.36082918424167026,0.29197149148280493,0.343734762950094,0.34359783055914117,0.26077334722220785,0.3348248300252477,0.30014706869302615,0.2814246797550455,0.3054334698539326,0.37394881290848364
0.30899546643024156,0.2344025047850525,0.2504605751434819,0.26801746822276934,0.277006839422454,0.23606242842755526,0.36005143544746787,0.2780169178555195,0.2936480050934591,0.24208892344691613,0.291902803095366,0.2900861498826401,0.3057475050173336,0.25581043055765107,0.3968547656616859,0.3032401727790345,0.28372739617248505,0.3474993699259023,0.275426138994261,0.2836901145798455,0.3082479398738415,0.298888874132359,0.29439021608502214,0.28015390479208724,0.3011357049597236,0.3242465419058561,0.25786135666747867,0.2298571678929402,0.22731715076428458,0.3150374349693867,0.35953633369173194,0.3131295432600115,0.3468469101354806,0.2498439124407908,0.25662565449930846,0.29786436692809376,0.35645546576152487,0.3586242026616867,0.32237105287438395,0.2944615809025234,0.3205717297906345,0.24756542577344906,0.0,0.3319670677597155,0.3389622475553301,0.32972942783436426,0.3073713133567772,0.31173751426449664,0.3767789649396129,0.3417065231447253,0.37884923524782843,0.2611096850552045,0.22881708132847312,0.27542312636355065,0.344937033009031,0.24188350814233006,0.31043040696443114,0.32498438358519954,0.30308756304974727,0.27910118604439993,0.2312896131683001,0.2966688664337037,0.34836330367863794,0.2815630952247419,0.2901342264646903,0.2704093762093005,0.24758760780722627,0.36246857062344245,0.35587296620729236,0.3414886388586326,0.38963694982249386,0.29511881627486897,0.2102621313634917,0.31927284112307286,0.2622542122033275,0.25435482501317147,0.33622788329613384,0.29620808205249716,0.3694428363747158,0.20382855957682575,0.28635112994601375,0.3098533851130744,0.36143868751827457,0.29481192812950113,0.27165912128544506,0.2988103001364643,0.27253326525684957,0.36213174489776806,0.302248605769889,0.24387471348468365,0.34206306589374785,0.2813079758457374,0.3820499807510124,0.24102132359241457,0.26392295417395656,0.2917229626360683,0.26362660757103085,0.25722209526477,0.2628376307352138,0.24501177205230093,0.2824872321820224,0.31962642861069573,0.30509098167049564,0.29443705184541014,0.32688781041027554,0.3503025241364692,0.30385137626875763,0.24871237433863963,0.34586235623547307,0.23444673261720173,0.2881927211020929,0.3149201886426455,0.2296086545525744,0.2713963771245915,0.30870745479873435,0.24090879242266441,0.252500950063802,0.36341340542094547,0.22626100605364338,0.21839371767916296,0.2992778077940125,0.27539965268358096,0.21459129964807477,0.3349672084060202,0.22749383613739824,0.32799451108030614,0.21364973922343183,0.3494811958877806,0.2399103963836694,0.4257035497590284,0.25810773870878795,0.2895654594382312,0.24184782676163555,0.23343117581150408,0.25625224382915934,0.2836359073841726,0.34213971623568684,0.35576604561999947,0.33318530982086814,0.4380809398221785,0.3144962638155306,0.28827510483971813,0.25585579297628647,0.28704588737587194,0.3495623139415218,0.3184429216487425,0.3448902843647902,0.3434560431209941,0.2856622062976553,0.20246111382220294,0.3130795783647552,0.3071065749166434,0.2713623386135868,0.29711042445320135,0.3253874701843301,0.34710938485173326,0.25228472391514883,0.29455715650606445,0.2647840994866682,0.29697638671012516,0.2704034519810445,0.2551210384070815,0.2612651491237732,0.28469350361352724
0.3719648299787311,0.29259290417537787,0.257215003330577,0.2663929477327811,0.2987140021012684,0.29118568274960105,0.361274843509449,0.24374788605709322,0.3177289521702506,0.23516068744585528,0.36047466645526444,0.3116745402804278,0.3145172650648934,0.2703394274292656,0.35491269699041045,0.3254543122065121,0.3070992995258113,0.2936115215066256,0.2695769285525979,0.35896954598288444,0.3503865560453697,0.3339239884941417,0.25356254556860797,0.39907272391804266,0.35213747537081047,0.30849176213300844,0.22314342631621836,0.2693388580236052,0.2643950156963517,0.2835033115156735,0.37666131513603185,0.3243408106757079,0.3313150576095008,0.30184796560832,0.3806128006217446,0.3067181218090864,0.33491128408749743,0.3074340318606453,0.31315900178785416,0.3196952261728939,0.3452545739963872,0.2846412015957423,0.3319670677597155,0.0,0.3161232973104274,0.28768401291341783,0.26676317985933595,0.38560665558801444,0.35906394270382314,0.3093653311187926,0.3192581825282663,0.3157419262032283,0.22466043078544498,0.3074869900865264,0.3459843879736391,0.3010766499586726,0.3054995300327199,0.30908164017113154,0.28979328890709416,0.262688795395814,0.23671117668177874,0.2313741070966237,0.28888288622471453,0.2748447285791206,0.2791174556924136,0.26475712916937394,0.30219865984715416,0.31960327243499825,0.24328747294382105,0.2583774790785896,0.3790136471505759,0.28669894943956775,0.27214167267008615,0.2902495677376459,0.2572649353001345,0.28290600403918437,0.2943756494646371,0.3049911442936979,0.27402162003704217,0.23868996140579699,0.35127803121468043,0.2753128864202513,0.37749213330844145,0.2680399415744303,0.2909816714597565,0.32502036468892664,0.25962806280285244,0.26279349375375805,0.24713766627186404,0.32443955001645686,0.32986916012009765,0.32109666263584086,0.39260453561493913,0.29746414102693264,0.2882764925981657,0.37530232337068264,0.2306356056330266,0.324361980755296,0.24417479455319577,0.261041460919488,0.36822415431415656,0.24954125373021918,0.26605057312671115,0.26034408978171814,0.2752935779850169,0.31119572846759774,0.25818419155516464,0.2952880511873025,0.32695989256009345,0.32469194023783204,0.3884788600543519,0.32569137278454846,0.2788170281747069,0.23699490155027908,0.2899485957898628,0.2769728554784857,0.2836924430937916,0.318402563496334,0.31482871101017434,0.22494271248440936,0.3975594013330907,0.21564129551627648,0.2756735020668897,0.44178598128319224,0.29660715281399125,0.3313698488788602,0.21760827313998177,0.32119814944655584,0.29323206115206013,0.3346985427122417,0.25184420844127037,0.29613326163839104,0.22914205953097172,0.30487275430226024,0.31131862924937326,0.3823022100772989,0.40325097378752867,0.3706688972871724,0.3285703578419754,0.3179944138553992,0.3158690621152822,0.3276451332634064,0.26314143689618874,0.29974847055900644,0.4595613198295204,0.3076046523687952,0.407381457409705,0.2867229155610935,0.29438019897015844,0.20957074385405428,0.35231522650525926,0.2839351128046751,0.2702859467637296,0.30346756163560684,0.3683133725751831,0.34087245868006694,0.2814949871746285,0.37797630188806697,0.3587792949729212,0.2951801042216327,0.24874385142316646,0.2965747212110732,0.23400504638641473,0.38942609699971903
0.31962394849751363,0.34955090118509463,0.2847101244929224,0.34611826090276904,0.21196050874045358,0.28996888209788946,0.29582563924168936,0.4199757122437404,0.347147086155618,0.2710057119309545,0.32457116226293475,0.3140552365634321,0.366890156411901,0.3247247866778572,0.3263395230257719,0.3523061688634892,0.32207626715465804,0.32162478893919677,0.30340263769495923,0.34813572377646473,0.33202364328775347,0.29082457718385324,0.293963753315412,0.2671853104716766,0.35563981506996223,0.33192446866848035,0.29627871253364246,0.3338233750278975,0.2438330146432316,0.2672278380268894,0.43951542244314357,0.41104520832155733,0.41288584187158384,0.4296152522221802,0.3144525477907264,0.37239264075701456,0.34716293980850377,0.39276134270667423,0.3076816975652193,0.3644107455777758,0.31977980220238533,0.2909563492198133,0.3389622475553301,0.3161232973104274,0.0,0.3748788060456602,0.2589525789791227,0.2684910209492949,0.35246278896545963,0.3191518796848777,0.35396030146049473,0.2957943177536377,0.262774444099866,0.33503275872376703,0.40356897342490367,0.3017725975542594,0.3271631560023864,0.3564134453542428,0.3630059535271139,0.3566994042718653,0.32970593073212245,0.2863893902879307,0.35152525716163174,0.2876032546311386,0.2664239818872422,0.348346923336714,0.4008935361681724,0.2919360132573476,0.34388272683913607,0.37187581227713173,0.3724430752693717,0.29230543463550973,0.3062482483939999,0.37673933110118973,0.37411080573816907,0.3009955015613345,0.3769984516754621,0.27631203429145745,0.39952836247737705,0.2028113957880855,0.277337399464704,0.31808358004839826,0.32407406393847493,0.35671436198913065,0.36180431866454676,0.5079336278917762,0.32958717067507065,0.3163828822763954,0.35011161743763375,0.39361768318198403,0.28669897718526666,0.35748925288879535,0.3082325269627099,0.3065176240931866,0.36993462867562843,0.3001038131060199,0.35751122625957565,0.4331949009117623,0.24770680404542159,0.3905895951123065,0.31126805082942577,0.3461805906174011,0.3105660200540201,0.2835304291995324,0.416056379875541,0.34952675687711515,0.34152152966494764,0.3148470481420966,0.3385453839189401,0.27627839370409846,0.34265458389272746,0.3267316047074996,0.33256850894305084,0.2929447288869652,0.37931496054054203,0.3022916421477959,0.33802421247360154,0.26835171942994224,0.26679998450482256,0.2600041284742522,0.2671936423454896,0.2940726423312951,0.3027504517976127,0.36217677160376327,0.24582887054027766,0.3412401192079064,0.27418359017369454,0.38612878851303495,0.3710400909482919,0.32731637644896205,0.32355096046221815,0.3261920605960708,0.3024754478121697,0.3046406950863671,0.29253456997934624,0.24699638878388577,0.2810822630217256,0.3090279227835643,0.3973751322317865,0.35114831821379006,0.3229377912477567,0.34410417673621535,0.3485984994802709,0.38237441987985304,0.35252329574639873,0.3188176072870278,0.3163044177638977,0.27356128535129837,0.34486666887902345,0.2354991563846213,0.3923773981305515,0.31255456328173103,0.2711643392728847,0.2944450681972596,0.3713454934378667,0.4211466697890226,0.2971295449086344,0.31689915270439345,0.27949334599052067,0.3184038162182539,0.27374343769272624,0.2846941461040168,0.26005916961222547,0.2647880216039205
0.3679357369972464,0.28341271900705284,0.27425337556939305,0.3752285440411216,0.2342919184118231,0.2698588206777579,0.3208769775920344,0.3159307343002008,0.3307385652181039,0.24911103740060314,0.2724871875615743,0.3109557030032592,0.34106206969092967,0.27772524071755583,0.35669753046911207,0.30898214262427953,0.3416875618775583,0.3894423443325702,0.29946557093643494,0.30445756083930847,0.329506922411039,0.2622235586618051,0.3242941201681725,0.25150002570973445,0.3035339115875413,0.33852107590758085,0.3028139536421783,0.3165009895468192,0.21399126122775416,0.3030084587960736,0.29668449343078096,0.38086287363521837,0.41514893344892645,0.36467839394656565,0.2609145178461108,0.32117893984311474,0.2881089177378117,0.35558733363460027,0.2733153069144516,0.4301316668344944,0.34862655527705805,0.30985648005626576,0.32972942783436426,0.28768401291341783,0.3748788060456602,0.0,0.3086078753495617,0.2296902334525746,0.3252546830133851,0.3900809596595484,0.46128400524877333,0.3698421398395651,0.32492392177655505,0.3038299385722955,0.31338453244285397,0.3085974027174572,0.44288281722146766,0.3447409369288633,0.3274627433868635,0.4186741765065746,0.2539662666720376,0.4097486735522775,0.3923752413083866,0.25081188836945395,0.33629059397233085,0.4550345884659735,0.400798946650482,0.29461634141887966,0.3148000458045478,0.2867822660884146,0.40647395267934117,0.2848342206010261,0.29853706213176723,0.3989750833302754,0.3373253011985753,0.32007580180313283,0.34272902238846426,0.2869434808869617,0.477908254569622,0.22611575772426046,0.32651634776231087,0.347904707526747,0.31539535982107897,0.2961798170994189,0.45011303395222324,0.4416765549216247,0.2680533785165061,0.3590561821221319,0.397597698993879,0.38335999911902746,0.3718514239085715,0.3479609114836981,0.3261567362208801,0.35425315423768855,0.37990881530951165,0.2669393477396094,0.2746219392010511,0.33477111609862925,0.24936369593075167,0.40175954565331423,0.25146824193660644,0.325791083295191,0.358219383674637,0.27123269729476085,0.43065444877009174,0.4954492188227903,0.41299424145755537,0.28049041894839216,0.4842392320497358,0.2591439962172647,0.3044002650523531,0.38257448590301024,0.33961549248132056,0.3168245096695547,0.47521132637972796,0.3418742009920827,0.36388000778379387,0.26329723659676035,0.2567192995079371,0.263615278380095,0.30618179391610584,0.2952766511864747,0.29879980848294024,0.4159089612033237,0.22802349997056767,0.29886153289603984,0.31789037475860954,0.30980378156227045,0.31028993867754673,0.3714099614743291,0.28206827766740383,0.3295666800373604,0.2577873470566576,0.2734916923604641,0.23907571448666298,0.28546627542267156,0.27077059931302566,0.33418404690770936,0.31861136780024313,0.3696557707458642,0.27988939114947986,0.2956351115104452,0.3864177477727932,0.3334292699920736,0.3068990266043983,0.33504053528447447,0.3223782916366496,0.37395784391423625,0.2888492261099456,0.23600165159420994,0.31821702447319966,0.3113455727673004,0.28481520001701166,0.33630442627641455,0.3989937209072413,0.32618577153850825,0.3101242378494583,0.32545852478530873,0.26298745447876276,0.3506468413372825,0.2929265308744007,0.26852007839403147,0.3282799512253377,0.28874106670392097
0.2513676985967453,0.2621503400307001,0.2239148129663717,0.2250544182016702,0.2919930603716384,0.2172016878298477,0.3583017324245411,0.21342363409464052,0.2326656992701779,0.24582972862326916,0.21917862296220678,0.24961553529020553,0.24742265432026644,0.291658561194864,0.2431289663046982,0.271447633012042,0.2731259723080039,0.2922306516912473,0.2238121341993708,0.23032609241479116,0.26855921763694174,0.21175132546588385,0.3650107650330399,0.24443628067727022,0.2586639030625257,0.3001008178674388,0.2715311944402527,0.2191986619103046,0.27169257564613275,0.3855217424672153,0.2442092812888868,0.27847869096984157,0.27521982679284474,0.2559091085977897,0.2460904558147963,0.25784856452616955,0.27773739766603606,0.31384560118665666,0.209075267947998,0.3177786440752424,0.31096920187693977,0.26482307678710154,0.3073713133567772,0.26676317985933595,0.2589525789791227,0.3086078753495617,0.0,0.2285847313373944,0.32881727609319655,0.2933817807688706,0.31102095704413396,0.2828713940143593,0.28642265051664695,0.22150776690626606,0.25067609964331133,0.30396080302026646,0.2700036076942963,0.26422791450615135,0.28825482384801304,0.3013368505717538,0.17911503912800414,0.3013065603799059,0.2677781034324185,0.27900182318544225,0.23842675564251115,0.23119128344354226,0.22200169305940642,0.3180706552880655,0.2744725535152533,0.22787327263749038,0.26485656421311915,0.30098214812061436,0.21499800189080265,0.25505088316762925,0.22350332650204166,0.31245530957886336,0.24470102884155784,0.40442883127082996,0.288029941100516,0.2911511668242797,0.2916256070938352,0.223716667960865,0.3676655401042614,0.24640821362397144,0.27385321042272265,0.29280173611168553,0.2107393982147784,0.3176989154631852,0.3100522015909833,0.24337265356159724,0.3297739326136078,0.30976290570480247,0.3247398827517948,0.2536255804696721,0.27290755546741924,0.2526857195140427,0.20402589324366394,0.2834911619640914,0.2866472739118461,0.25382848839809813,0.2461704106796698,0.21156878122551462,0.2950613206269273,0.2730886528405907,0.2769164498959353,0.32915834475840355,0.25007398878413023,0.2557484998279117,0.4313095181770791,0.24165706211344906,0.252586044618801,0.29391350912728736,0.21804183749093933,0.2619908896776103,0.30154443974473377,0.26607958516002556,0.31432493834854147,0.24767623757452525,0.22465079523971743,0.24480002564320902,0.3031775630901465,0.24689438951136386,0.25480082411401933,0.3357335568473251,0.2343819181243519,0.2713213926193703,0.2423945595277331,0.2774005987782297,0.24179613371222186,0.32839061619378324,0.288359688894702,0.23952128265409103,0.20951893228247118,0.2137717289496854,0.17630810904976627,0.26619313961362595,0.33445584626362657,0.31940548945215197,0.24718957016278276,0.29927554517330457,0.24573199238675714,0.2864291811620344,0.28514708665799166,0.26451582516140165,0.30066714236931247,0.32021787699453597,0.26717622193389334,0.3259851961944142,0.27517598416022204,0.22401935140768614,0.2091078724921603,0.35246544872070584,0.21536503401748922,0.3503188432923493,0.26898544689289,0.2348800333670126,0.21640459642520224,0.28901537851707176,0.24480982196496895,0.29795319207222354,0.30111334292502456,0.3011691953160412,0.29985509895821927,0.2291753599093319
0.29116127852669493,0.24629655425340252,0.26957795308995713,0.2228028627976498,0.24884474972490564,0.2748518528555316,0.26751795838266196,0.22076703876468118,0.2488275910384003,0.22436276565690072,0.3863992722303373,0.28243765766892476,0.30198902644792414,0.21542886948064577,0.26658468310789435,0.3300714520812117,0.22670947647957415,0.2382146775255128,0.22712968726409757,0.261331918013086,0.2551576145798958,0.3040706373526886,0.2138431043359931,0.28861710840960136,0.3034931383216366,0.2936498852328837,0.19810179865702954,0.20679612218589608,0.23899048391248795,0.24102705044325184,0.3122231407694891,0.2763992223981997,0.2522343135246589,0.22237588057187474,0.25654879617268034,0.26076103691652947,0.36753821356916644,0.25684068502559243,0.2927068604964525,0.24075873560214225,0.23904799674636598,0.22115197246825918,0.31173751426449664,0.38560665558801444,0.2684910209492949,0.2296902334525746,0.2285847313373944,0.0,0.28096707415739164,0.24022837195694555,0.26259342694326554,0.2267924709580525,0.17668367387897135,0.2715960185596206,0.3525429828872412,0.23614501999089202,0.23364329156190158,0.27790601967056516,0.2218509391821466,0.20518692665182814,0.23482050634745363,0.205679550332408,0.25352325961728367,0.23029456988460004,0.20807487064554167,0.22408150865565063,0.25977537339424106,0.3132369956810514,0.23191191113593548,0.24287027634439418,0.3185877929921866,0.22529574025659924,0.21592855821953785,0.24738186879426377,0.21765365840138834,0.21815117598229922,0.2644069320891853,0.2585544818377436,0.24522039504189108,0.23906216086986376,0.262017148904017,0.23192645483144178,0.29911231834898766,0.25525160881299663,0.21760184528588422,0.24713650606938675,0.2786713852396584,0.23159390976040925,0.21300757939389006,0.24834179182366864,0.2690636856667191,0.2231399260617872,0.29520715340167886,0.2188490083925763,0.21962758606692842,0.3405377736334918,0.1989502790656685,0.22805995759986208,0.20032425579662308,0.20316271085088122,0.2731518087102799,0.23326555965733786,0.2228850961077112,0.23529209927971254,0.23090717309575992,0.2521371557725416,0.21879126117802128,0.24381044250034306,0.23729497186551315,0.3263435632954366,0.2695365532047637,0.24117160419456624,0.2644238667851191,0.20479459696928393,0.23545304844169093,0.20909253596754282,0.2119276854073344,0.3006087894704995,0.2619340485272592,0.1851943292496106,0.26869172621165316,0.19698940952359026,0.24686148530773705,0.2937975712852374,0.2536093896384075,0.3229935626125223,0.1728631052512997,0.28549665667148866,0.24916999726207636,0.267863718409629,0.20194560117633056,0.25078693689566506,0.24016320679014722,0.22504217961425582,0.33666806472573846,0.2631450687748192,0.30891701319270004,0.266117980100871,0.3002942988775714,0.2806011159001975,0.27710798140528825,0.2660443556465039,0.2007377771176102,0.22985173428411412,0.3261562727582642,0.24061953114122658,0.29371797486113754,0.23131013742321366,0.27496533808065987,0.18588955723373432,0.3011412849555999,0.22636851816854683,0.21780483502350664,0.2607794994302699,0.2736344882390913,0.3142510036755146,0.2806070836532485,0.3025091755940465,0.2737866762941695,0.236371761520051,0.20225658313355802,0.23757228596034133,0.19382891260931856,0.2823000508256667
0.3748834320214886,0.33707400619288214,0.26014938847193864,0.3101302932127081,0.3112288029608048,0.2357706436927633,0.48475649184050007,0.27340341503800264,0.3441841782817304,0.3490363599538963,0.3055953239245194,0.28991209918772204,0.3142397863651921,0.38861627064027604,0.32202565435794506,0.3089744095242068,0.3382922768540956,0.45396007420534173,0.3173124254870736,0.3363452016401102,0.34967376464114763,0.30290483527457984,0.4414549220874423,0.3227569319356161,0.43472722129043945,0.31776966068724083,0.2934843290103566,0.3017066023655957,0.2931166395651016,0.32050909040043063,0.35431165074298215,0.3560221617552036,0.3448464532567607,0.34027298677887774,0.3633112959606565,0.3341895618276777,0.35848205054282684,0.43893282809667206,0.25765044737051523,0.44204529530628556,0.35324908381059705,0.35437941252409333,0.3767789649396129,0.35906394270382314,0.35246278896545963,0.3252546830133851,0.32881727609319655,0.28096707415739164,0.0,0.3270948999079688,0.34083740556994,0.29381167780564016,0.27696116692983125,0.3012507208664909,0.3623774930600223,0.36600929937819643,0.3651151511899167,0.2810932468257149,0.43294169525886717,0.3141168462235666,0.2264940038886979,0.2821330186323196,0.2912724497171634,0.3611306627802104,0.3038958698320865,0.2861294170533406,0.301075240078067,0.3222773193517957,0.3475212111941267,0.3429818677649375,0.3470531715963891,0.38677666774526626,0.28259812466719597,0.35549477931536494,0.2854713531175204,0.3357201609905044,0.30869947395261277,0.35747059716483875,0.324260322176427,0.23038819215235298,0.3413640576645716,0.31549723881056013,0.43077405883253367,0.30803176420424366,0.36232664612211174,0.40233561886679803,0.2951492513753652,0.35868376021570997,0.3225991749779111,0.30926379145151645,0.3673416512481511,0.386898630815105,0.3587187732955219,0.3001937870935969,0.4054950209480443,0.34469475801189575,0.24045832018269986,0.3881856116995709,0.3288965548267558,0.301780127413358,0.3469284598898159,0.28078293001364985,0.34528502730513344,0.33676587583279133,0.3253195958040689,0.30798098803188206,0.26891300210242086,0.3940421559379098,0.39608592277584104,0.29683685787197617,0.35373776276434865,0.4025113937737681,0.27897930197935983,0.30761645041786,0.3465271420793847,0.2963995452727543,0.35058224371298796,0.3779092278131139,0.29543287417480874,0.2976050064144635,0.34891520984715935,0.25472393785026903,0.30967303687381054,0.38443415344245413,0.3057731959030503,0.32024959173735495,0.25911440090362864,0.2851750342791917,0.33375779611959555,0.42402589095830656,0.3785886955212787,0.287093820249177,0.2557830456194825,0.30294763471787867,0.2625021226070162,0.324025592713355,0.3509066995207821,0.44696674976868506,0.4776875040128735,0.43484260823179893,0.3314889663413358,0.4227052957342877,0.34996674851393433,0.344473786374456,0.452824257486573,0.4391258008877447,0.3277169620410832,0.3292307885842854,0.43213862392126534,0.25251462201216907,0.31045752983629343,0.40840032347467364,0.30951706413730157,0.3475252188864781,0.40272063543799885,0.35871505124344993,0.28624110928320706,0.3372397149789477,0.3771827818020722,0.3699553804687898,0.35391784949667454,0.3725354872169316,0.334789677536637,0.33439744013351
0.35882689104586607,0.3143194736215325,0.2652013601925535,0.338494938184311,0.276740823643348,0.27368810164648705,0.30956630405812674,0.2715006755436372,0.33474618533877104,0.21495200743171616,0.26956575161457863,0.3267087735572911,0.292803087819495,0.27372081280457544,0.3643088799712171,0.2680064370173199,0.3372539159094849,0.32999774649496544,0.33025562214514587,0.41313799786285177,0.32766477896998936,0.3252171567789896,0.2977169805918467,0.2831319815988622,0.2556461140454458,0.24953799036002755,0.2798866124897625,0.30393056951103636,0.21253435418363456,0.2958145636300813,0.31559441556669965,0.3367503158047007,0.4207938936113402,0.31532533596762824,0.31043099025941384,0.42253750158563985,0.25390536488066323,0.3706778083910281,0.3347397708258048,0.3420329585790388,0.4691967653501692,0.2856290581066409,0.3417065231447253,0.3093653311187926,0.3191518796848777,0.3900809596595484,0.2933817807688706,0.24022837195694555,0.3270948999079688,0.0,0.457186994492839,0.3255016094114875,0.36443526049585795,0.31780213657455436,0.3275894302244685,0.2504273360313457,0.47365082118535523,0.2950581999140632,0.3241064493566679,0.5154979449554871,0.24183480482502565,0.32792953891386095,0.35162409151667556,0.30577307393974845,0.37967023693834867,0.3301647053133749,0.27570101039707207,0.25430017753850687,0.2852095057610302,0.24184557466140416,0.3540125461094283,0.3150790610821938,0.28631316504242266,0.38467154973662626,0.3397244083641955,0.2475789595061506,0.2942052147124474,0.24721628613089855,0.3139384620160466,0.18813595830418836,0.2502759078846416,0.3866242036605642,0.276674463279369,0.2586466291320902,0.34294009497820566,0.39882267376106234,0.2244827088137666,0.359048924223352,0.29220044218570485,0.28794852898106593,0.3650054177141224,0.3512752217280605,0.444916202374525,0.33692173507996886,0.336021153214337,0.25114863916275587,0.2885710448170462,0.27273825641741,0.28069634504991686,0.3198680431007154,0.2758786339771895,0.2572706152841802,0.2986176513746284,0.24284633463147254,0.4100657604938048,0.3396211470325312,0.389522244043584,0.2385063489576582,0.37853897555767796,0.244630860468424,0.31621280429542237,0.39322546617215376,0.278885635118552,0.2798752101402194,0.34087381499670316,0.30621613843621687,0.2779411934734871,0.3051945126353001,0.26000464223322883,0.2265649172516128,0.3474806062215657,0.24800856129859702,0.27167435076914614,0.31343097196223135,0.24887799417526232,0.2564466883781131,0.34186889332732295,0.27392654027914115,0.2752654813673512,0.39409332391726876,0.25583964568484396,0.3245327419883106,0.21843894567616154,0.34515788110256884,0.2804638113940205,0.28721665265869106,0.27207679591621275,0.3618656310504397,0.31156180176163945,0.3819686114847542,0.2455573310273569,0.28973855542973226,0.3739869350519449,0.4354135822288828,0.29591988478845604,0.29983481578977167,0.4306700023114957,0.26243459821619763,0.2552212076769584,0.22040546541294945,0.3195338642233155,0.2731138011947952,0.3824562039078719,0.2886133296639852,0.2960160223960259,0.28144558112332113,0.31181277302913785,0.2544857131335786,0.27348649954507237,0.29601422042296066,0.22371519335913512,0.2600596859242092,0.24848916410477523,0.3156649077761506
0.34337064440844467,0.31759414708011086,0.31955564102772815,0.42800176189986416,0.26416555306300304,0.3067820165187356,0.37451725073965975,0.3020124985938431,0.31566400485081053,0.2364081656378276,0.33441576479852264,0.40578006991038673,0.31260274828051,0.28101730605157643,0.3850260291858021,0.30084529438930785,0.3811813497597085,0.3414781764382222,0.3538250689101748,0.3249015950541664,0.4113309778660606,0.3312035412556201,0.30677080134279605,0.2965668531968664,0.28602552911077644,0.32440368038003664,0.2669479410790617,0.31745550360695385,0.22723972893909417,0.31931738781070834,0.3002647664115894,0.3468611456107802,0.4787649676787981,0.3387863529703505,0.26651502493616924,0.3561070360505098,0.32296962281690167,0.3561153825311761,0.33464897792916315,0.44723787183628333,0.42732965229637554,0.3327165336459573,0.37884923524782843,0.3192581825282663,0.35396030146049473,0.46128400524877333,0.31102095704413396,0.26259342694326554,0.34083740556994,0.457186994492839,0.0,0.38927603376966985,0.329489566246138,0.38720768855819254,0.3478219814492798,0.27550855105488875,0.4825831960237225,0.35232683337571646,0.34458346148454355,0.44531239334523903,0.26385913420271084,0.3363028972967465,0.47312184171669114,0.2531174316543811,0.3445284799199447,0.3878377613943486,0.3337303625969556,0.3424195327052009,0.31367876947058815,0.275953019579754,0.45687655276030387,0.2735190959872531,0.30274664129631645,0.49400184201195585,0.3365086093535912,0.26245916637592054,0.39267959420828186,0.2917577988514341,0.3723209040660142,0.2134105179128225,0.30967660616107234,0.4251441714065287,0.3480048375400784,0.26174846523729023,0.38150637117322284,0.4089336025448192,0.25486615197756873,0.3678787730138822,0.31404730219817195,0.3149212176475218,0.42614011148179765,0.348491040218512,0.3727832170769501,0.3422295100839205,0.386766024130623,0.2721740906248439,0.2867613445058258,0.2898201118625649,0.24997670813939218,0.35512588355110275,0.24488193391739427,0.2998013079673824,0.3409480809674113,0.26917230489043376,0.4253323931930161,0.4259641962561433,0.3970219619062851,0.25811631192679957,0.40960055827137104,0.29173750851756397,0.40823686025356404,0.3657274373991928,0.32096496572817834,0.28422320727211386,0.377061983522151,0.35853718139944746,0.29563795827587436,0.2753644878510316,0.2988909792483791,0.23832109605649576,0.31974318113356254,0.2720207054142695,0.28852478170265206,0.44395175939637044,0.2244168592497923,0.31739826943320243,0.31763814515161204,0.32903126668139165,0.290395653166498,0.3484432890730714,0.2546803839402789,0.39067733671813504,0.23174841772119686,0.3074274818679364,0.2673037255093196,0.27799558170129257,0.2669676174127304,0.3322228409262009,0.3131595982992524,0.3836755049760284,0.27648579252618155,0.28640262224313956,0.42119336623361187,0.39406274690081705,0.3167522288225652,0.327815755116793,0.44723100949244926,0.3193666229844782,0.2751756521697775,0.21385439682055776,0.33993683600983504,0.29639560229617107,0.3208221930129329,0.33175488148453863,0.3507034978549231,0.32550905420320003,0.3447431992805657,0.32530499051110967,0.26232843883025675,0.3348063996817669,0.24794280371546085,0.2668165114223201,0.2755597250024016,0.34240051124364435
0.3239826291097725,0.32935447690132413,0.3092136428684639,0.3634963669754286,0.2271480396450092,0.3288558874365269,0.287047198146007,0.2609518349063119,0.28010915975881145,0.23602358166728293,0.27218690213816177,0.3176064894342623,0.2924709811774775,0.26389124260780533,0.2652925116033427,0.30998392545997494,0.420497480671599,0.307658869259301,0.3239336398295022,0.3137347928335194,0.4697760975099124,0.30408848334126254,0.2606379403674166,0.3339492527467074,0.2818688860336538,0.34862251956902673,0.22637051889551604,0.33605721661513943,0.22502700659737682,0.268110721394913,0.24413486726366812,0.3231452697081383,0.33173822502019795,0.3502926482639879,0.2607823400183392,0.25860728742826505,0.2529592795865333,0.2778955448108935,0.25819203671351565,0.4162117910861519,0.34806602920284263,0.3312160520873734,0.2611096850552045,0.3157419262032283,0.2957943177536377,0.3698421398395651,0.2828713940143593,0.2267924709580525,0.29381167780564016,0.3255016094114875,0.38927603376966985,0.0,0.3238421843784739,0.3382877092580393,0.2610752055889798,0.29838787231995934,0.455017676421033,0.304726697469698,0.28402445054721387,0.35124610611432566,0.27051746880238786,0.28036943248569407,0.41331889822882123,0.2149725107191008,0.33616710681446416,0.3911179407387024,0.2998911810796543,0.2777944355919869,0.2313442694563406,0.24534927970833822,0.3536244580203137,0.2605867185097877,0.33576764044313717,0.39344695133457674,0.3405983276117854,0.2777690409530506,0.3197188722755138,0.29077981575771783,0.3128121509790045,0.2512718250686691,0.31727136320730903,0.3434360430438125,0.3430016033001501,0.25453687394381147,0.40570457987423536,0.36987934555459573,0.23150704577456271,0.25451177381307744,0.28494040061021075,0.3045312184514019,0.3275686343372426,0.2821323844900362,0.29174190467425853,0.43369690433322106,0.3590549486492713,0.23857457299615942,0.26350520128000243,0.32325027701372644,0.2248881115957098,0.3699340325193746,0.22380173958874522,0.22908672452926856,0.2630266593754371,0.22573646005595058,0.30812221628750036,0.38881699327326813,0.34145925290444684,0.2671975586002244,0.34337109292069257,0.30957810885104897,0.4170987803510997,0.3133904977708011,0.31209377022346707,0.24352946794476155,0.3538071756360628,0.4696981490245338,0.3395690221031508,0.22219932228607256,0.3358486432458689,0.2627321164179431,0.32878960853320943,0.23713864560807624,0.32401506683070225,0.42129807257078,0.22911054894853233,0.27499888322529165,0.32505682738670166,0.25966551082901096,0.3231219096670738,0.2746365335266553,0.2638998619252916,0.39391860392994077,0.2307704736725092,0.33662281484889645,0.23883842675796807,0.25319449083001905,0.2782846533278419,0.29322211061589376,0.25934525110942497,0.2485293955171935,0.23029914926000541,0.28459491041774176,0.4011912117012604,0.28676669529824,0.2857065873254154,0.29487881661680515,0.340157735244576,0.281359991845485,0.2705852726169277,0.2067144916432898,0.28167379600769543,0.2653667857209592,0.2695119145754942,0.286459263832219,0.32313866133009606,0.2502338218126138,0.2998490927707226,0.33197131874276165,0.2649390266421822,0.35331196648710733,0.24994723361704976,0.27551547106191965,0.24858162342529727,0.33558017844968474
0.27506932824401714,0.33013643334887516,0.21160099572027946,0.3098821976649981,0.21690558217842645,0.2243415914803559,0.2770946308885353,0.23964306607219132,0.2741557483492738,0.21558455635757265,0.21742515256923844,0.2553797012640816,0.22621562513113067,0.28077343747587796,0.24369662176772,0.21468499846460107,0.2889659229922954,0.31579099667260774,0.3223483577326916,0.308253202313853,0.3039039427849821,0.24853634504230815,0.30243201598656516,0.25976839738691054,0.232707649082564,0.2083319170576829,0.23770094279241347,0.27917742656943795,0.21349389848567069,0.23740517519652388,0.23889971243497143,0.24853977584793105,0.3157524051665164,0.2747399772809031,0.26175161830344984,0.28940726191042626,0.20473497398809548,0.29670177408293624,0.24063971403484816,0.3208745181756325,0.3493027446870978,0.2743183800934041,0.22881708132847312,0.22466043078544498,0.262774444099866,0.32492392177655505,0.28642265051664695,0.17668367387897135,0.27696116692983125,0.36443526049585795,0.329489566246138,0.3238421843784739,0.0,0.28261283801480863,0.23733770513104088,0.2707011794592307,0.3967940685682115,0.23451935439172128,0.33906279267934303,0.39368845364785787,0.24345218902222635,0.26541720868361734,0.29313426414144733,0.27403579008151335,0.37106473298400044,0.3174876560603543,0.25145309012505973,0.210557019572294,0.23904840535155175,0.21712266509774958,0.26280167755098205,0.28680986035239986,0.274880489253026,0.28182046345916234,0.2955463177651809,0.294358772623168,0.22737456928099528,0.22814699522240697,0.28719383462016035,0.19794384211919083,0.2503723378305771,0.3451361505494318,0.24248483200625526,0.23003708735434245,0.33776515738595825,0.3213815248713599,0.2021763772340786,0.2968575438175113,0.26885871373460757,0.26551089819040613,0.28088108863086175,0.33037470917663675,0.29145732757557696,0.4160202020874186,0.37642998927337085,0.2033788743669875,0.30102743353925304,0.2768990930793752,0.278616746728007,0.29025969288416653,0.22746327621810855,0.20855935905586614,0.2599823132104257,0.23475085205391968,0.3505014552031838,0.2677387139007501,0.30396927369636917,0.24787899400879287,0.33621036864951553,0.23567668984457132,0.28111009618426763,0.33344063225307724,0.2502439652731629,0.24819978965002717,0.3117605179997487,0.2836475471871354,0.3369586530057208,0.20810071756993848,0.23823716292062408,0.23391160248064244,0.2768840586985942,0.23215573185594765,0.29262184283313614,0.2707619448805364,0.25617721649733977,0.21133323899991405,0.3297664483676615,0.21783092355534292,0.2514716064571841,0.2720107652914861,0.25966578092029313,0.2603816582783185,0.20633972112931478,0.32012987922611685,0.23575245641917644,0.26117845138523677,0.22709440696767552,0.2688918359552099,0.257116027329772,0.2725556985591962,0.23030042934917408,0.24693523887431917,0.4643641083293073,0.36503493516999336,0.24307770630741485,0.26292677408833826,0.27296865058607356,0.248534862456022,0.2477707282215219,0.22561528090551083,0.2536504155850396,0.33885847487652593,0.3145158429612288,0.2507252682767582,0.24404607010266308,0.24330392722237942,0.2449442569184597,0.21231144823886938,0.26081227278159563,0.2490103383691741,0.26056204960624063,0.297088711863368,0.2842346970407467,0.25333112273946135
0.2712239659146605,0.36487945428848884,0.3241663743853171,0.35433209600049087,0.20858844310371194,0.32132940124020404,0.2893486491835783,0.27899283005716186,0.2702449642346709,0.2418503669431271,0.3437923481464725,0.41866293149052913,0.27269541904659284,0.23430185028646527,0.3149635688619166,0.30010560941499553,0.3175409056215074,0.2651305145550098,0.49935190957689635,0.2921639109816377,0.42233412889144406,0.4045172224400292,0.23421477515481245,0.3213490895130181,0.3055034695313249,0.25455386168527416,0.21974009987344212,0.28077985962224755,0.24346713777741807,0.24175141128035368,0.2976372904578422,0.3359896658823772,0.3917640613157252,0.2938241965541718,0.23950382235669854,0.32829282355589906,0.27605696314736505,0.2996567340138331,0.3599611446049895,0.3282038071193466,0.3532637708415459,0.27681638631760996,0.27542312636355065,0.3074869900865264,0.33503275872376703,0.3038299385722955,0.22150776690626606,0.2715960185596206,0.3012507208664909,0.31780213657455436,0.38720768855819254,0.3382877092580393,0.28261283801480863,0.0,0.376024225346929,0.23644282771083605,0.376516591657226,0.30190628708652817,0.28990840647507016,0.3012662550845351,0.30304199313723384,0.23436902362678833,0.32782339288167833,0.22794264857441038,0.2815262323907768,0.30591887227400244,0.27435765838683546,0.2516031049935703,0.25538226705438066,0.24708396865210638,0.3190478796062349,0.22823488629102698,0.2486357037585971,0.38838117969661856,0.3288332926217976,0.22047295385695448,0.3096569922400183,0.24782461483506138,0.2684420768437231,0.17962912061663225,0.25587681129642037,0.35501504639429743,0.2865780436240169,0.23505941553157722,0.283709536283052,0.33119589433803526,0.22614942948879377,0.2525338975624124,0.24335174125231981,0.26938915375783723,0.28250253687988597,0.26923086746239816,0.31447717075321524,0.31606472149205506,0.2951489897854955,0.3179080747010779,0.3636250114383511,0.2815890440020357,0.20045919215826297,0.27810621685713366,0.23620747163080896,0.2686328916692099,0.24843802268842377,0.2612543850714046,0.28870221519964384,0.28291645866973103,0.34319940071000754,0.24838948610670453,0.28517785138676616,0.3088860220242271,0.43470237232823605,0.2668535926969179,0.2613960753391622,0.22904420661247943,0.28742843247463806,0.2739836719272154,0.2482562710112179,0.27873110899628467,0.32627776403041253,0.20638112261773855,0.24698587923096604,0.215040732411083,0.2441221941885595,0.3170078539245699,0.20046198925446532,0.3303077410331042,0.2454676584341034,0.28910173758673396,0.32583297979109377,0.28281099381901026,0.23136073667108883,0.343206347003344,0.20266356784358794,0.2827589690827384,0.354677901358111,0.236586859789058,0.24765822001521104,0.2700634280779256,0.33439502800786974,0.2952441742694626,0.27449105249526,0.2884115230512483,0.3194722877861148,0.3271023321342675,0.316835883389784,0.2628153105167877,0.35272900560739895,0.2548373396791382,0.2881800781536306,0.20918782691641402,0.281946233029493,0.2686053378531622,0.3745351504755211,0.2901868225781826,0.3416167007358601,0.28004788178963025,0.29545432961419926,0.28285965314520045,0.23798492612761507,0.26690541372911764,0.22649433131412536,0.22804534609869584,0.2123230418101407,0.26812636778968474
0.30358439240515006,0.33528009407584636,0.3068764766653559,0.30384411246574194,0.23864792353008588,0.2821608816846131,0.33613448878042557,0.30776324542229927,0.3089916941844115,0.2862396764736718,0.3605318240726325,0.4139992169489769,0.3197601546722853,0.26672874665113755,0.3337695881261722,0.34979773545792486,0.2828338878308068,0.3007895889802785,0.3081015027972346,0.28017216307539217,0.3023370008640087,0.3263209246358477,0.2659572335955412,0.2508067916409296,0.3334255976832428,0.3001632815462024,0.2559591715171994,0.24925419955936412,0.2955560528734399,0.2587997656678665,0.39566955723881614,0.40682568402388386,0.39344659085408584,0.30776973711347394,0.28989017048430366,0.4172814758123888,0.32005059755424187,0.37475333914490955,0.3680487227815019,0.3131348725559659,0.3366413028176971,0.26021125548020246,0.344937033009031,0.3459843879736391,0.40356897342490367,0.31338453244285397,0.25067609964331133,0.3525429828872412,0.3623774930600223,0.3275894302244685,0.3478219814492798,0.2610752055889798,0.23733770513104088,0.376024225346929,0.0,0.2692322318324455,0.3182708614490994,0.3478026917998961,0.30251068267881,0.29745298680264076,0.2514509152972462,0.28356106894081756,0.3038652244451002,0.2978283060732437,0.25235629772525675,0.2665598664969316,0.28624838235172967,0.2705497952283519,0.2966384990882541,0.28107181677297877,0.3568501985352152,0.2797819648721041,0.24582323028190023,0.3280653639265358,0.2949676681720582,0.24124222665513223,0.3234536022902573,0.28272165379506065,0.3253937555480918,0.19203088893208162,0.2617769369023341,0.2995882508524122,0.29669051877532804,0.286279817799354,0.3062091223988083,0.3517692916710036,0.26132168667988154,0.3088835995605624,0.28807169521461834,0.3021691737926703,0.3209283165617798,0.336916648778292,0.4041458945281851,0.25792592202135123,0.30360186690689644,0.3941446348911504,0.27620820100027155,0.31885073563849214,0.25145261714419326,0.2799094217039009,0.2864605380924189,0.3187768527910293,0.27821763231146435,0.3130355662525656,0.3564625583642073,0.3225232487776217,0.3015952812664415,0.27185456225220966,0.31500234454239834,0.25963249966503266,0.31005368394283483,0.34900624729225593,0.2660839881547447,0.26417531910967657,0.35058585870349174,0.2559327048319533,0.270636059010969,0.3838069401896991,0.27693147660491907,0.24008617059979215,0.3081597775903709,0.2566253909799083,0.2520026747304504,0.3256192349370262,0.2337833818936258,0.4188317829668592,0.236659582837558,0.38044878492068623,0.39521181352573603,0.3387919453184598,0.2637415340685598,0.2871339440812229,0.24505436462338825,0.2786174406181558,0.30053820403946246,0.2560721711379711,0.2799138437572651,0.3388554127198468,0.40444244818575165,0.3627015916906963,0.2992946713958128,0.35349559707574557,0.27658986362406435,0.3409231229933683,0.3650546560752956,0.32127109350962096,0.3370937176742067,0.26807965969874703,0.3507063429748775,0.25181692773672837,0.3135192814607578,0.2957698038104241,0.2749286366936368,0.3159720777008374,0.38982375612665077,0.32920742013964643,0.2521628767710822,0.2901160200321088,0.26692306436234564,0.3027914075316798,0.23636390512509345,0.2613765190225459,0.23246476270898508,0.2684530181172912
0.3438709317662168,0.3320207469161387,0.23476582431377624,0.2883231114102811,0.22023045203754824,0.2927813595402348,0.3242731546585649,0.2680006588782908,0.29780891489235867,0.3154454880943404,0.2544972491768675,0.2370214633116633,0.3613331660272499,0.36434669188043894,0.2335451203000692,0.3114433923458433,0.3170950209312482,0.3137946282350139,0.23262424587643116,0.2919403525681668,0.27085578664384063,0.23264261117146892,0.3466361220938734,0.26088629879457725,0.3772688764904087,0.3042640173198507,0.27728271950113725,0.31771900687156457,0.29103285813117363,0.2654138918410564,0.2800291152195174,0.35055063658891356,0.2752580163521735,0.3468082075731467,0.3330002240418333,0.2505347124466657,0.3139157712905778,0.3303985517351776,0.20419083345884947,0.37574367664639524,0.26375572904410094,0.3829979350117295,0.24188350814233006,0.3010766499586726,0.3017725975542594,0.3085974027174572,0.30396080302026646,0.23614501999089202,0.36600929937819643,0.2504273360313457,0.27550855105488875,0.29838787231995934,0.2707011794592307,0.23644282771083605,0.2692322318324455,0.0,0.28844788918180553,0.2516774655722472,0.2942990822961088,0.28217658084134545,0.26076064172922836,0.3031665514477757,0.2570446999821742,0.2758105053144627,0.24161700646525403,0.28769574388742924,0.35444370024690275,0.29797081998148883,0.2430223463495043,0.2903912883470961,0.29893238184383486,0.3155791227435016,0.3364631655502491,0.29692856111771143,0.2865734019452769,0.3815011476728533,0.280154134829698,0.30038872394054567,0.3036033724825635,0.340990960791465,0.41421426779503057,0.2538801491170933,0.334632933485493,0.3661166904641001,0.3624053398481796,0.3566780029480423,0.31561834454714577,0.27261105754772136,0.3669738411159507,0.40772041064946735,0.2850241167172573,0.32200058632683204,0.2649654598457626,0.31896424420763936,0.3422456087147279,0.29822522991579237,0.21186739433583085,0.4140333955929826,0.28966375887551377,0.3477756603455299,0.3124230453043544,0.24286688389939062,0.2768306779919322,0.24466138575734012,0.28853797956358407,0.3495003710680293,0.259754206045064,0.43242756870961135,0.327025098380101,0.2863428073763775,0.27029332296798575,0.3103221141373994,0.38102926321116903,0.3140945986134635,0.3342676941803041,0.3531546591392658,0.42689403748271054,0.23606219414550636,0.31342972098421434,0.3355240294047956,0.2853696397992677,0.28209697832984726,0.4088013929418841,0.34431498325766935,0.3506714107314583,0.27900588301266493,0.29399014552888136,0.24533982435439383,0.33777015284513345,0.2943647524244158,0.4108019035137287,0.27636328100741103,0.31199698760483824,0.29008731799991744,0.22048012466701686,0.30050593018306937,0.31131628104277326,0.3366125366353032,0.28076531318013825,0.28614802625507707,0.269804509254349,0.3647758810454394,0.32167584989075265,0.2619414811284315,0.35386178126755585,0.32635947232325946,0.2539474835855764,0.3005649294291216,0.3322974320459547,0.27370190631180613,0.2832468940683609,0.3266416557319409,0.21538856175367777,0.2966113627259275,0.3266922650031564,0.3272929228168365,0.27698307299697567,0.36244764694382603,0.37002302049941704,0.4268882740560106,0.34707307906160256,0.43058773514850135,0.3546726263741183,0.29291316509069826
0.42143554130003064,0.36170777198741516,0.288157446636631,0.40439011024341015,0.23759782018530093,0.29360336838753354,0.3162655118298134,0.2924587816212217,0.35808277186830334,0.240109946424942,0.3026845643031557,0.3520518862611543,0.3025045033237272,0.29333307701563377,0.3345117843952046,0.28224056452663965,0.3873044854813112,0.42858636721369936,0.41596979154719477,0.411191049128458,0.43237701788525607,0.3425017244803846,0.2892275885426254,0.3163159313844135,0.2991816976615033,0.28297405150212007,0.24882077531429309,0.35706922992849743,0.22763579525417965,0.28891600416115115,0.2905867745379876,0.34247906558021757,0.42137920614822066,0.3396411788152744,0.28947556744128256,0.3189923869017078,0.2792222583005356,0.38116032883409706,0.3107658419800926,0.44029622925907974,0.4008322561264808,0.33077065600240774,0.31043040696443114,0.3054995300327199,0.3271631560023864,0.44288281722146766,0.2700036076942963,0.23364329156190158,0.3651151511899167,0.47365082118535523,0.4825831960237225,0.455017676421033,0.3967940685682115,0.376516591657226,0.3182708614490994,0.28844788918180553,0.0,0.2864798908563411,0.37342328242588185,0.4621649015283641,0.2746210990919583,0.3038439496857241,0.4221563731825475,0.25630112672928174,0.4273144431470182,0.43167799270331714,0.3222933315157542,0.2844142689384182,0.2858981158040257,0.2666302883912235,0.4154870404603535,0.3116323626706792,0.3335340731528412,0.44656265019241237,0.37606692835169087,0.29350988771305364,0.32074201930122664,0.25609088617836195,0.3665628945651619,0.2152028811509011,0.2948276721548629,0.4346871750742428,0.3321151928099541,0.26883746021421406,0.41870183071387207,0.44822822863189143,0.24693207963869718,0.33866185107270574,0.30966745028325643,0.3384512729828524,0.3701647098283587,0.3195646488077206,0.3377525362665677,0.47156823599698655,0.442766479799846,0.2674308976889112,0.3175245110962644,0.29560700188387795,0.26181109142631803,0.37854027520254263,0.2634584557409342,0.26119066855663836,0.30179763467121673,0.2567234304603367,0.42194532379210403,0.364936458592268,0.3812812334693314,0.2744938238869058,0.3614732901896848,0.2897606514999498,0.39403029556465063,0.3936905265829197,0.3167839421004634,0.2784270269021863,0.41229224234156103,0.38209081787880567,0.32448399498024727,0.2894481449969646,0.2994707239681079,0.2599583213648155,0.3457783111370546,0.24711703341099175,0.32496764581516424,0.4015413435688506,0.25865948359340174,0.27450662465787684,0.342800650490354,0.2708085403448167,0.29908832964167303,0.36915038610354506,0.2766557989844952,0.38656516580655403,0.24305743957087445,0.3981264361283579,0.2880768817814798,0.2941448580960397,0.27928821847911606,0.34601088508111344,0.3449482383278597,0.33735689777835665,0.26981505301618025,0.3052676765863739,0.4594894322783003,0.3854307240486551,0.33597875683204653,0.354298239472945,0.39602531259039814,0.2837952240938081,0.29971953873126816,0.2202672591852804,0.35057868485227656,0.3118088399473309,0.3661908263263209,0.2774869656231851,0.3564403295364122,0.32093721102518136,0.3552111933335066,0.29320181415921787,0.2885724160580403,0.3454200566628755,0.25370620198325544,0.30918099738814037,0.2764458342853456,0.367507676753556
0.26566824947274,0.2732927875722259,0.33597171122168434,0.3297567968488042,0.26766066310296405,0.32086600070364496,0.2966235611661906,0.36807536770324567,0.28046242775002167,0.24107977960731775,0.38653983247040585,0.37864138922321755,0.3286982002129362,0.23288432315946714,0.2940904843054527,0.43419536765021055,0.35467479810219077,0.2658562975702839,0.2938370379354767,0.2523762130156733,0.3426357410061833,0.2977809039333749,0.2873987426891387,0.24634400034464649,0.3022199930701947,0.32541574807158313,0.30317280764692545,0.2814652224094194,0.23425687602828568,0.3507220644923926,0.2966582202502753,0.3684764254829274,0.3430348097479837,0.30046001742920625,0.23095019287731744,0.32890324719154684,0.2945245445314395,0.3172508228856122,0.3293291467871493,0.3157197731012335,0.31837995611971903,0.3097812064521188,0.32498438358519954,0.30908164017113154,0.3564134453542428,0.3447409369288633,0.26422791450615135,0.27790601967056516,0.2810932468257149,0.2950581999140632,0.35232683337571646,0.304726697469698,0.23451935439172128,0.30190628708652817,0.3478026917998961,0.2516774655722472,0.2864798908563411,0.0,0.25975432330900594,0.28854984380333926,0.2667220871002579,0.2774164002367461,0.375707350784905,0.25450447301004564,0.21460902671263166,0.2594687849761796,0.28746748757588925,0.2615194980579883,0.3011607159757102,0.32284522487021156,0.3047775118335178,0.21166248995798861,0.2650548879880964,0.35284287782145135,0.34000479897087776,0.21105479813550695,0.4007055468198746,0.31651291631037415,0.3197088233388924,0.20133954077013458,0.28019635476852617,0.2616399086002784,0.31820218896149655,0.28055285728691093,0.3259597357363221,0.33753998276156616,0.27799161140988554,0.26694779427942006,0.27195857927695766,0.27908227627421706,0.37574159765590176,0.2842393520864255,0.35588220452198016,0.22781576851397767,0.280169309715463,0.2738803581592981,0.24226210982594978,0.30666227337722946,0.21203933726258456,0.26518062995367075,0.2160367118215139,0.34700865670437997,0.27460120200474025,0.2593032087458534,0.3146629774468297,0.3641646483410212,0.3384509883787852,0.2985466391671774,0.32319701127119077,0.27030279494804343,0.30772100601990515,0.2995160973557517,0.2621746770112163,0.30942888083136216,0.2834218418684163,0.31302733596642046,0.2706821315552484,0.2614215929396159,0.28919243066670336,0.2453690878390524,0.28450947025741885,0.28893392227371595,0.23469325735774743,0.34200460033485264,0.19434177132755534,0.3155178031972361,0.2530398259114587,0.4042351311303516,0.3054146381062733,0.2572501060268993,0.27857326625813056,0.38945926713502027,0.2443971870147297,0.24257280281896454,0.2382983022179384,0.21283990660786553,0.254053502786714,0.25102118890190817,0.30499661524682614,0.3217238622439146,0.2450187222858935,0.3084739304219396,0.2777470785917692,0.3376746305253227,0.296057996457452,0.26655507810275936,0.35010998262891885,0.31519785578303217,0.2749208783640123,0.26499504684076713,0.27797684311478577,0.26953759603627214,0.2861260033028096,0.3533262890722063,0.41025856980188424,0.28368498545927723,0.26684130089687214,0.34121310658065307,0.21513451290695032,0.28527842957897076,0.22413664272599712,0.22091972510977842,0.2567880276510149,0.2787512500092469
0.32055272003217766,0.35815706732893676,0.2539960038822985,0.31297260122633,0.24809627727070405,0.23410433151100812,0.38817094195038276,0.3031824661046486,0.3265012367828363,0.2950088822490138,0.2795287585076195,0.27057378020953843,0.28239839963104985,0.3691666353667876,0.32344110674106497,0.2582047409719108,0.33505739367491505,0.3970920514313909,0.33316130390204424,0.3543454309223902,0.33762205551788343,0.2788961941902018,0.3472032832359603,0.2852886741322968,0.33101539584658823,0.23689690590239043,0.26618029598288395,0.32352741035485566,0.24869201327832022,0.25276737311962183,0.3064215560970243,0.32720218243945753,0.35009277128920935,0.32187206689253695,0.3324962121104594,0.3232255371946702,0.258347761421085,0.34569433074274075,0.2399495134566987,0.4125787730498301,0.3463465829849391,0.3437568724221213,0.30308756304974727,0.28979328890709416,0.3630059535271139,0.3274627433868635,0.28825482384801304,0.2218509391821466,0.43294169525886717,0.3241064493566679,0.34458346148454355,0.28402445054721387,0.33906279267934303,0.28990840647507016,0.30251068267881,0.2942990822961088,0.37342328242588185,0.25975432330900594,0.0,0.3424914971963641,0.24657292877221973,0.25146692077594807,0.2880771072669631,0.36568919392515925,0.33668459799297934,0.30251263478204965,0.3161614619109802,0.268808397120543,0.3330727289136778,0.28921264026882404,0.31776665412730404,0.36191648224983836,0.3141759377829385,0.3424832266453416,0.30186784720279436,0.3037511428808955,0.2952528512204705,0.2711646504700125,0.29333633135388765,0.2064459036708127,0.3071393473056593,0.3102050041418298,0.3218660490988904,0.265369103908056,0.36107388027435416,0.3843472616095705,0.24661763513236531,0.3512679090012663,0.30426988202388466,0.28761921124638595,0.2882443606497518,0.3780234433276282,0.3200448115525213,0.31416244428005285,0.44207039398424336,0.24798322402950046,0.28862289710709627,0.39068990054926866,0.2984936037861668,0.34179932678526564,0.2857944247132436,0.2737016786643975,0.3081383290543989,0.306304964704169,0.38408777791519455,0.28696055339443305,0.28362234352779553,0.3300693749705177,0.35412795900273636,0.281308099181053,0.3189020245318524,0.3356931699370308,0.2838146209114923,0.2863829763416893,0.31740742211244277,0.2770961641709869,0.38326060799146083,0.28515331897066365,0.2770066099943236,0.26934256857537425,0.29225405779923047,0.22503644684931967,0.3013802149286381,0.33467533024576623,0.2896592539211917,0.2579282585018416,0.2814322536601808,0.2572231485981498,0.3180105583637938,0.33612692360814245,0.3226718899655167,0.2831190234177531,0.23001430434448653,0.2866579640747393,0.25159109629771764,0.2938198796495328,0.26872693263332653,0.3058463732593502,0.39765667846454794,0.32410301923090595,0.3159679221821141,0.3110037346642111,0.38025402515335777,0.3916935723457854,0.31050784302173773,0.3206244695747886,0.2880053956677795,0.27991560496282936,0.33253705806561706,0.245978135279263,0.30192124523021097,0.41476237816458916,0.28570922505220414,0.31953453007383,0.34090499879393366,0.32069284847150087,0.28075207259328183,0.26999881532312536,0.3213026178219468,0.27891438029178617,0.3324498472705796,0.34032795598191656,0.3188997548367234,0.287094316691379
0.32815572285356215,0.35411809864889354,0.2592502917347467,0.3812505416331384,0.2371010573999083,0.27264687148907657,0.2884033138967329,0.2922450408809293,0.2979943199331413,0.235416917819851,0.25442357310333674,0.31142847111668265,0.28638547512007423,0.33840508043405226,0.29566027219675417,0.26309411287167456,0.3460624557566649,0.3534723263356133,0.3434685682815397,0.36762383636606866,0.33931380298651326,0.26928106189068307,0.334329029283559,0.2501333551052955,0.2847307272978798,0.2542686523388605,0.2994994145508075,0.3397296565982358,0.22456982392416744,0.29976292022685486,0.27761930697762416,0.33182627982557056,0.405514875659234,0.38370440218957985,0.2947659710839617,0.44269330534832363,0.2519105982780902,0.37379355425653893,0.27034894318373304,0.3746284287351842,0.4247496193918565,0.29185025129667463,0.27910118604439993,0.262688795395814,0.3566994042718653,0.4186741765065746,0.3013368505717538,0.20518692665182814,0.3141168462235666,0.5154979449554871,0.44531239334523903,0.35124610611432566,0.39368845364785787,0.3012662550845351,0.29745298680264076,0.28217658084134545,0.4621649015283641,0.28854984380333926,0.3424914971963641,0.0,0.25707776629238344,0.3763159735631938,0.3501253494259814,0.2975264523547287,0.34170625982623615,0.36256420397332106,0.30545235497003803,0.25329616361540713,0.29446635099605833,0.2530204739220861,0.31513558086766197,0.3189329756035568,0.31463138360185877,0.37386805159947256,0.35652966899748206,0.2848799732634681,0.29178450512371934,0.2604335348162052,0.3527476104022814,0.19887095551031578,0.25875411723319125,0.353722171747776,0.29151444197903037,0.2876922047735309,0.40742327569619524,0.4495499802113309,0.2386495257874195,0.347192987572344,0.33886581385151326,0.3356913455560105,0.3463857547632305,0.3824263957690666,0.3586085604304272,0.3722780559223332,0.38480657208499425,0.23505635978788297,0.29640425896621825,0.3117457186696682,0.28266917082557563,0.4009617626024526,0.280525226360708,0.262081435830136,0.3239610259460263,0.2593441439390428,0.4469585465072847,0.35746413326633625,0.3774211940370752,0.2583609768350973,0.4054080993929744,0.2527335617978416,0.3168224303064889,0.3995836411991631,0.3028490534775403,0.2945395091347982,0.40586322310930517,0.3301517637815341,0.31844302489439474,0.248441967421734,0.25642493416286255,0.27530937322548227,0.2961526189065714,0.27167739444356637,0.31706269011445637,0.3435310184268356,0.23414684241627276,0.2606925260560488,0.4453062406588946,0.30117794261257835,0.3279014656943448,0.3496430682143368,0.285320532183007,0.31177995372596756,0.24370174897690156,0.34314764519502167,0.24741534057025902,0.24710405375334807,0.24715223981957582,0.3167883658939846,0.30904013321115387,0.34838173989742827,0.2463281985352786,0.32413752651475486,0.4506870960488162,0.4445053376830725,0.28672029719187464,0.3129981802383039,0.32984821155982474,0.2779560089928625,0.2811122088421463,0.2509604114630507,0.288142192318274,0.2996561779994176,0.33428916644253964,0.3015738808028122,0.30949621187145665,0.28809557083389997,0.30731555275402556,0.2617185751972689,0.2609918211043254,0.30725629539392274,0.24757391106439464,0.2769235322948449,0.28314512375693596,0.2772105107543528
0.2566656967573448,0.2978705057775173,0.2659255018175551,0.3145170915832463,0.1613195833316688,0.37613154347928746,0.19872566411567902,0.40565300637002694,0.23291237393581687,0.23765611142753273,0.28564150301538,0.24988319260349692,0.35616641845909863,0.2234228910713883,0.2270802265640083,0.2762612047415627,0.2914456172721706,0.22317678413513314,0.2895460220006885,0.3084020128403916,0.29510285322941493,0.2691497721484326,0.20163244904092803,0.25272227200316927,0.276571935861856,0.22417932844251665,0.2167115898935738,0.33075974180932005,0.1948111636353733,0.19258195157946148,0.2591941392233473,0.30299809633163954,0.2784749717375118,0.2748931617001071,0.22322275911356196,0.24450045670293982,0.2751703826918074,0.2408140054245314,0.2577990932689254,0.2480831139100047,0.24112332583279927,0.24624010315759945,0.2312896131683001,0.23671117668177874,0.32970593073212245,0.2539662666720376,0.17911503912800414,0.23482050634745363,0.2264940038886979,0.24183480482502565,0.26385913420271084,0.27051746880238786,0.24345218902222635,0.30304199313723384,0.2514509152972462,0.26076064172922836,0.2746210990919583,0.2667220871002579,0.24657292877221973,0.25707776629238344,0.0,0.21483557912738627,0.2888991554634317,0.1958697811479451,0.22978102586629226,0.30529735591903395,0.3223373804008244,0.2337199088081662,0.2392114145164422,0.3156901296676745,0.26218369593112184,0.20242804395944522,0.2862045171088045,0.3237191692772576,0.37508421045794055,0.2283694347968055,0.32168898051512695,0.19891370257910151,0.2584512006470448,0.2037841354209112,0.27634936303518937,0.27058220088663437,0.2345996336945761,0.33110582903439373,0.2602939071410389,0.2844513987327544,0.35696381408820504,0.2244586915066662,0.2682794960664631,0.27097953175322503,0.200492239358587,0.21474742491907886,0.22499731049809815,0.29417689366279764,0.25110405628958254,0.2361234417066947,0.3208543436022636,0.26399642656096883,0.1752261478540851,0.2970632548535328,0.23094038918415982,0.2956789379704715,0.20562561234283988,0.20351404263415385,0.25514256749416786,0.255960343452998,0.34265097516754695,0.26938315695774817,0.2256359786700578,0.2761729944840625,0.2838897316226329,0.21546048710896223,0.34301834960573,0.24400151162550174,0.24157614269810979,0.25899570997213134,0.2666774753316755,0.1959916987966037,0.3044021775488962,0.20633035044431236,0.18912196267201803,0.2643360758326847,0.2587638368406547,0.2488650908945792,0.2114763928839266,0.2453257239339225,0.24954035274745462,0.2552222772420523,0.272771067275184,0.22644313793963822,0.25160391996238934,0.332143387672293,0.28618300485634984,0.2524145892841309,0.3374794196408878,0.20702272077990808,0.22281160640426856,0.20106838753425035,0.2554155475838555,0.2325252942464262,0.2635962535144451,0.2416191225654637,0.27542806145241205,0.2652013061803524,0.25203031862212216,0.20652478164058405,0.2448467737003362,0.23903753169078315,0.24540325595457438,0.19929491561124052,0.28628725798184274,0.23359018684794558,0.24194782406283122,0.21603788779749808,0.26573257867326316,0.30825365374762637,0.29218233608835253,0.26314968026656504,0.23445618935531104,0.2459162956366542,0.23254260505675764,0.2324514808921017,0.21165280401987818,0.22472960549165708
0.2795254695647451,0.2292106795440448,0.22022606033773018,0.2898440609553725,0.21718868744421124,0.23676160981566907,0.2666717512872223,0.25178158018674424,0.2766902825426441,0.228196610496521,0.21579753722123868,0.23417602279737199,0.2974393206292848,0.30977434230498824,0.25685297771701415,0.2798892254657719,0.2603163248326676,0.3128477415282665,0.22637152377965578,0.23239598014227605,0.24370263725476998,0.20523419920968397,0.2981538898353729,0.18812272172234268,0.2607926784450993,0.31490569462169243,0.3068120507563418,0.23848091023804602,0.21170848740593254,0.2859329196744389,0.2637626185661458,0.34795448527513134,0.31002346858999896,0.2912343314795542,0.234778374271994,0.3148655667056373,0.2591503932857134,0.3357567165987501,0.2182676685763707,0.294452117827412,0.2798225613395903,0.2440603233123092,0.2966688664337037,0.2313741070966237,0.2863893902879307,0.4097486735522775,0.3013065603799059,0.205679550332408,0.2821330186323196,0.32792953891386095,0.3363028972967465,0.28036943248569407,0.26541720868361734,0.23436902362678833,0.28356106894081756,0.3031665514477757,0.3038439496857241,0.2774164002367461,0.25146692077594807,0.3763159735631938,0.21483557912738627,0.0,0.2842372347829659,0.26968903617411727,0.25818564867141464,0.31765073383791703,0.3013677782101101,0.2730627207361811,0.2880294136607809,0.26007752994471556,0.3072924518062674,0.2877160117547426,0.2610595137030127,0.3074686099207205,0.277169348573936,0.27950420448844404,0.2806535519041264,0.26108246085176856,0.3841320810721267,0.22756250679108866,0.26783908241710513,0.2729363607615956,0.275950705027457,0.3118841322903398,0.3444082073706801,0.30808920975064163,0.2516486553545138,0.36319992686531716,0.3708120905249492,0.2957467872561507,0.34776552970584096,0.29786356364015854,0.29886770341447766,0.26913559604757786,0.29386389420210135,0.23706268219416488,0.2357608375357802,0.2720091540626551,0.3092995130553785,0.32527437767312795,0.2584820191049014,0.2668333588647953,0.35086212999538346,0.2323150865656704,0.3651468785502648,0.3883593908866609,0.3249421462882838,0.24035420901436452,0.3621702006294124,0.19463583096028145,0.22936174740521317,0.3338087136346254,0.2836086791940051,0.3052238954201757,0.40485817107603644,0.2727774662050499,0.28707295439232833,0.23780929645125476,0.21205524392962566,0.3054631467325629,0.2687667735172903,0.33546251202752825,0.24906710591806874,0.29563874719195227,0.22796770829104293,0.2687395639172819,0.35082725773145196,0.28603078967642986,0.268508855696383,0.3223674128306499,0.2798995745565874,0.26795268722919285,0.28126372533948524,0.2431707457463615,0.19120232717183921,0.23415885984693333,0.24043624504087924,0.30009542258671495,0.2552934020029492,0.35618307780262254,0.2504796939326809,0.3317802650850331,0.28979136792928284,0.2848285525479553,0.27274759672898596,0.30451382153628676,0.24972116085408552,0.3075989195133044,0.24912687859293292,0.25748009501239416,0.24658195802615884,0.27571191813568424,0.223298327870736,0.29852081463164115,0.2945146315674625,0.2611259988602364,0.23009510583015574,0.2663536522275613,0.24484734377227457,0.37984558343916747,0.2527779914129084,0.2631112481572875,0.3091911326020147,0.22496799549663477
0.31848599417614276,0.2920024483563093,0.3279086667522736,0.37522697837955216,0.22584931202859088,0.327115747820874,0.276826156326249,0.3244949662262038,0.2855345104404992,0.22596145324936837,0.33558342366658767,0.3262417316115677,0.3296703462687049,0.2530881248338251,0.3032753245731497,0.326961131765978,0.38603727957433287,0.3199271557902043,0.3051824428478768,0.3105897735848927,0.4043573550400962,0.3071696669050234,0.2656609739734801,0.2729161943607919,0.2790437551396594,0.3280382805730952,0.23838486303486625,0.32173094616017295,0.21615522310620477,0.2810439064538903,0.2784423668077566,0.3311682046659821,0.35844486726765107,0.31058497638031995,0.2482872997817945,0.2698235649522979,0.30388829964744074,0.3097208857966914,0.29370898568735726,0.39471827908714197,0.3186751005900375,0.3209079611150833,0.34836330367863794,0.28888288622471453,0.35152525716163174,0.3923752413083866,0.2677781034324185,0.25352325961728367,0.2912724497171634,0.35162409151667556,0.47312184171669114,0.41331889822882123,0.29313426414144733,0.32782339288167833,0.3038652244451002,0.2570446999821742,0.4221563731825475,0.375707350784905,0.2880771072669631,0.3501253494259814,0.2888991554634317,0.2842372347829659,0.0,0.21308178101177233,0.299028356670078,0.41112153745570784,0.2935853926944753,0.3072213215987619,0.27654084543091245,0.31296591470173823,0.38566263742203943,0.24207517853933874,0.29167923340894375,0.4551515223823422,0.36434564769595834,0.2563269294681811,0.4345580575121719,0.25902422821831583,0.36361832058075727,0.20826586379034592,0.3179812817344244,0.31908511154531377,0.324950307302389,0.2933757410365265,0.33297278035967975,0.3793252912839901,0.2781738290522918,0.27683581364541615,0.3017312828495715,0.2833860113283077,0.33145256481149193,0.26027787866003266,0.29630140438374286,0.3277591253291258,0.33605177114424717,0.23948254200590574,0.3130978177774638,0.275371836153799,0.2088110670364536,0.31829817686850836,0.21727619055464073,0.28521924661345566,0.26486648004057217,0.21880670421980147,0.3506819819112935,0.3781222056730757,0.349318828691953,0.2571860616137183,0.33481048226687565,0.2833343761372068,0.34287762376015474,0.28286329278299077,0.2907647345211788,0.2553992032922297,0.3658358705026468,0.36233590443660696,0.3158701733579001,0.2424476912934809,0.29584800902049646,0.2307005792211605,0.2830060430924068,0.2605135660586687,0.27404619171564565,0.4041696305541243,0.20703496036801078,0.28763216044541023,0.2672307030449725,0.31015042857301883,0.2777699654146744,0.2886288993149764,0.2517972478445259,0.43530411067554675,0.25169467926259076,0.2849133486671286,0.24753792910937833,0.2636172374698134,0.25885042593971536,0.26908145948499507,0.2822043444152412,0.2873443551273818,0.26739080148866134,0.27451110398013656,0.3182318560026866,0.30560241263561716,0.27220261773131743,0.26695544749950734,0.37510690437099614,0.287515685066863,0.2639480515536115,0.2004435715958936,0.33047984838049643,0.28114384670556314,0.26523512352329154,0.2733225266161049,0.3146091230838821,0.3107034053666511,0.3367138947151096,0.31573183706020697,0.2344515436710298,0.30985530733023714,0.2497039287707308,0.24257673939150012,0.230627836038956,0.30910765480411
0.26661685535587254,0.276112017454488,0.20094789895734821,0.23930597974480164,0.26364394217885817,0.1978333319772906,0.3384571103092051,0.24208250761031233,0.3096695953480432,0.2482326036154092,0.23604305835621753,0.24481611074484477,0.23250771892562422,0.3912834773895881,0.24693648767126106,0.25539489502736573,0.2559313081838651,0.304375017004106,0.2461525700462501,0.29795057080904847,0.23884522404023892,0.23816486737804748,0.34115729704769987,0.22928374515032185,0.2857129155242124,0.226100741086804,0.29120719550309326,0.244062692945688,0.25671580490087037,0.2475544969064479,0.31779756548327553,0.2836216485548431,0.2637852766998481,0.28175733240680895,0.35370068844915503,0.3780078508759841,0.22713815887147568,0.3448996847482451,0.24567626898997214,0.2751348045629232,0.28893600409016473,0.2551995581369772,0.2815630952247419,0.2748447285791206,0.2876032546311386,0.25081188836945395,0.27900182318544225,0.23029456988460004,0.3611306627802104,0.30577307393974845,0.2531174316543811,0.2149725107191008,0.27403579008151335,0.22794264857441038,0.2978283060732437,0.2758105053144627,0.25630112672928174,0.25450447301004564,0.36568919392515925,0.2975264523547287,0.1958697811479451,0.26968903617411727,0.21308178101177233,0.0,0.2551111805406243,0.21458968310198495,0.24507289475016308,0.2096813488625627,0.2988955499873352,0.24058986118969808,0.23815234878169833,0.3938032493067479,0.2622297498869754,0.23419650602022896,0.24059404539200552,0.2593105614830832,0.22855692772154884,0.2725069909080976,0.255689569427616,0.19086333494569835,0.22844786699536815,0.2521895026091789,0.2524711942885544,0.2517505429260878,0.28933341878365615,0.28172851508621854,0.22422784505129498,0.31864846536705915,0.2760273621477357,0.247611793945066,0.28630152236289785,0.37564434683384973,0.3530662743951612,0.2315753218224115,0.30592880642817705,0.24412867190808193,0.2277433539193381,0.32469784989327877,0.4606761859692343,0.25597675045281,0.34068649348785146,0.2325602488097674,0.29580365453892105,0.28172636300514425,0.32570224053299635,0.24480415760169105,0.23178428216146682,0.3059548254168708,0.29238258151978586,0.22164835589639173,0.24505548839127572,0.35147050817085207,0.21950068084747112,0.30677048438944554,0.2730751346645711,0.22623764943017122,0.28751914596500927,0.295355359186934,0.23127473994732614,0.3086953873800984,0.3088016167487548,0.2225940766561163,0.2550272632002947,0.24241237350603,0.31345601071494833,0.23524274882924645,0.2643148780837351,0.2820624784296291,0.28458201335012223,0.3146895607426423,0.3052787020372216,0.21950422987305093,0.22867944163147744,0.281532303426805,0.2249582988550721,0.2560921878709363,0.2672375681619829,0.32391188015984973,0.3561773314844102,0.3064838326461201,0.26000300265582255,0.38309524165377534,0.29528311969657406,0.359658232427034,0.3069888278442471,0.3089538780836819,0.25637968567459596,0.25003519386255885,0.29797730057853117,0.32219897377615164,0.25468157366280614,0.34654984269893996,0.2731236908863906,0.2902219096348254,0.27937230898250504,0.2439802169711131,0.2029830165026481,0.22167067718950606,0.31721716627606,0.25741587873325644,0.24927337205293026,0.3070323121599734,0.2927815833767318,0.24996145348291224
0.33203605399853253,0.2839014598220223,0.22371779274826248,0.32795001227964676,0.2452642526010582,0.21569540616386182,0.29526655377345606,0.23158415889823444,0.31850586788328594,0.21710173773123412,0.22206979419931172,0.2557222217260426,0.22232252478642145,0.253742710872325,0.34496515796056537,0.20619685038355626,0.2778159063184957,0.37595159478432927,0.325573781797602,0.33886326184052806,0.31955497315448433,0.29581587971554024,0.25830501561337554,0.3065497180836566,0.2521186186900939,0.22627158217385973,0.20714106772153967,0.26872336486909176,0.18541040715151194,0.21681025612755933,0.29026523983259594,0.24560495610124725,0.3079949473828572,0.279964168034943,0.2964801720389486,0.28484494681370287,0.21525333894839993,0.2788644482294891,0.29196107124755727,0.3201355400709579,0.32834096800848506,0.2712337872235426,0.2901342264646903,0.2791174556924136,0.2664239818872422,0.33629059397233085,0.23842675564251115,0.20807487064554167,0.3038958698320865,0.37967023693834867,0.3445284799199447,0.33616710681446416,0.37106473298400044,0.2815262323907768,0.25235629772525675,0.24161700646525403,0.4273144431470182,0.21460902671263166,0.33668459799297934,0.34170625982623615,0.22978102586629226,0.25818564867141464,0.299028356670078,0.2551111805406243,0.0,0.3910980353204983,0.26948387801846074,0.2392512293374707,0.24372977890395536,0.22593317402019097,0.3345979767342201,0.31354449160999714,0.28182574957753,0.3044184305650356,0.27725453454809945,0.27648174006546,0.24480981193454124,0.21785813082434954,0.29973696391078797,0.18994831024260392,0.25898287570277917,0.4736341904034849,0.24856489095048734,0.2159691226696918,0.36279176931603985,0.30138959600899407,0.20425421996057272,0.2926213912914737,0.26255364402709563,0.2710846362314124,0.2730215046775237,0.31467359776569026,0.2830509744089741,0.44370697489292976,0.38027080842529104,0.21250928056479304,0.28096981797681647,0.2602184475001388,0.27854566434054007,0.3057930184091416,0.2536839550256609,0.2327848179454784,0.27254218610090836,0.24406824547842226,0.3248648676844611,0.2712391383734608,0.2974143636803012,0.22898888420023022,0.30640571788751547,0.2421148595010544,0.30964057927507505,0.3545447537039214,0.25796383832705877,0.22880671584194526,0.32419420271046445,0.28102125510419046,0.285607748752649,0.2729469945769145,0.23435202062000215,0.2307636890239615,0.3398382650212159,0.21419795099656652,0.2655120063813896,0.28916873942893473,0.2776148744828805,0.21115770480128865,0.310849236141441,0.21726971169158144,0.2465191659862017,0.33505119721085336,0.23373576034155183,0.26261874080690967,0.20574162229439544,0.3538568732859292,0.30335693129850977,0.3190403234735181,0.24792885583140517,0.34989010741809407,0.27796865099774853,0.2930591965431557,0.2494251009816723,0.24343314426556195,0.4031782024708532,0.3088894872035385,0.2522174301375744,0.29939698586531693,0.3356257547387505,0.250109405697806,0.24698011193093533,0.19171249941859816,0.3282817311315236,0.2881408834756741,0.30867842362653647,0.23927636810969954,0.27148736066114953,0.27893465101575265,0.26016552525562403,0.22446142181530918,0.28482262938427105,0.2593781912311293,0.2522376090687515,0.2654462925022453,0.26490837523012634,0.32284060549993926
0.35825246197648825,0.3156452780956599,0.283764361584688,0.4104440406536279,0.19063155164929063,0.2928175210896293,0.2509008147835538,0.28740629112415256,0.3091503639651963,0.2375217009166421,0.27393362069652405,0.2748871143507674,0.3157959087501578,0.27496677886095594,0.2849591527453418,0.27799158805045865,0.3124504628860109,0.34303088125839015,0.3037385459960265,0.3434769904214298,0.3333115596398376,0.2857475824351334,0.2604247269492963,0.27097704205379575,0.30511157804916345,0.31541104879091003,0.24003561351191716,0.35146294488012964,0.19868937384832722,0.2268254143729989,0.2755160076346966,0.3289220771428224,0.337535084730463,0.354860453124088,0.25626871424000647,0.2695921895062244,0.2711055230368775,0.30164812173955935,0.2577799072092353,0.3539985000038376,0.28381208477574327,0.31485346540396986,0.2704093762093005,0.26475712916937394,0.348346923336714,0.4550345884659735,0.23119128344354226,0.22408150865565063,0.2861294170533406,0.3301647053133749,0.3878377613943486,0.3911179407387024,0.3174876560603543,0.30591887227400244,0.2665598664969316,0.28769574388742924,0.43167799270331714,0.2594687849761796,0.30251263478204965,0.36256420397332106,0.30529735591903395,0.31765073383791703,0.41112153745570784,0.21458968310198495,0.3910980353204983,0.0,0.4129777915462884,0.287317228733828,0.27728039921347364,0.29504746269592935,0.4063373870280897,0.2582281973703577,0.3593671042502706,0.42927863988421916,0.39415342721025975,0.32709236893552746,0.3192343507340253,0.22127540391204006,0.3847438186911129,0.22014949849122897,0.31360646296546385,0.38324865820755033,0.2778078317843158,0.30240469713427337,0.3894953432239502,0.3745168502180248,0.2750814150738456,0.2959854431031336,0.3206200230700756,0.3718221530593087,0.2772464851552048,0.2718756621443594,0.24299307534679765,0.47023207525073557,0.36769766123401265,0.24094262058450336,0.31429060581926405,0.29929762676839344,0.22135763412546708,0.38849837311577984,0.24788833234119956,0.2821995659379397,0.3064431274126127,0.22529507951322436,0.35534775495646115,0.3422171625271606,0.38048070916770693,0.27600703685253336,0.3152966042756145,0.2831465950000783,0.345757830781711,0.3109267784975919,0.3570072967365974,0.261189986370506,0.3885601715827441,0.32723829580019986,0.3403807960757218,0.22802216066753178,0.28314239201923225,0.24179137555903502,0.25289098982220937,0.2533915330143811,0.3145108007913906,0.3463412723184109,0.23446727883265464,0.27329513743591105,0.31981646356737525,0.24274461148411852,0.28427274864312774,0.3026878391075524,0.252883919405869,0.35890865643149106,0.27586228244314365,0.33630801971802066,0.29609128515135447,0.280303510449466,0.24281880909926493,0.26159302320092015,0.285711274321358,0.29717892913608207,0.3003695702176583,0.27248229965573517,0.3614024004429369,0.29834385412732056,0.2792567545179989,0.28661723485937507,0.29337881633566587,0.2736722258141157,0.2728405686928523,0.20107739629475216,0.3645087939902513,0.2736348560246492,0.2671081644640588,0.24945473981196392,0.31202466544923413,0.34140217441207743,0.33196122177061416,0.2958463726497788,0.25864090343729473,0.32036193688891007,0.2866444592311416,0.27234948400390785,0.2736595061407659,0.29824990613911917
0.3800870284422477,0.2790378865168934,0.2531961503522959,0.3789464685346528,0.20194198639934588,0.2937388286601934,0.279616861888608,0.31206563665358356,0.3543060809014636,0.2431077150015426,0.32823272294585915,0.2633282811962844,0.383072123298416,0.32352555903055985,0.27525379253292687,0.29475077627746815,0.284245851362553,0.31267393869913285,0.2460618876225941,0.34594323960968004,0.27778762183167494,0.25591946471290816,0.28117068270136153,0.2572802324397862,0.32967514026518135,0.35460211309356116,0.2969578283586889,0.34512272018302687,0.21296269791908673,0.23395364556984471,0.303153751424886,0.3437610397264167,0.31982150809351445,0.40137192148206846,0.30587252937774706,0.2835878001441346,0.3332013333568218,0.31237702572090664,0.24677842295991884,0.3584397591719518,0.25465394622815407,0.3213334821829742,0.24758760780722627,0.30219865984715416,0.4008935361681724,0.400798946650482,0.22200169305940642,0.25977537339424106,0.301075240078067,0.27570101039707207,0.3337303625969556,0.2998911810796543,0.25145309012505973,0.27435765838683546,0.28624838235172967,0.35444370024690275,0.3222933315157542,0.28746748757588925,0.3161614619109802,0.30545235497003803,0.3223373804008244,0.3013677782101101,0.2935853926944753,0.24507289475016308,0.26948387801846074,0.4129777915462884,0.0,0.31883893607285796,0.2758563230926047,0.30431994034184057,0.38676610670647593,0.27298257089420447,0.464862551362222,0.3601893179264527,0.31100432759512625,0.3404361278597784,0.34893826058897276,0.2495229218999467,0.3441052282517324,0.24313070569065756,0.30652633100453014,0.3182642027377956,0.2765446520758715,0.3360893247308694,0.39850018538485954,0.38803457833689553,0.3793509257880296,0.324047681568579,0.3313826654314876,0.5175564586167101,0.2940695143538038,0.32522940003269596,0.24299353805473178,0.335362251849776,0.37972472230591825,0.28179007412954465,0.26135922771868003,0.3620361334459235,0.2538012873285314,0.4146668447129959,0.31690043888656777,0.28633268609563667,0.3454425272304451,0.23299443363917405,0.36838557120993076,0.34144874113304646,0.29426023681466307,0.2983236375039758,0.30414979900873557,0.28469869647833823,0.30864847686567626,0.33066386904214135,0.48576823370102,0.31994382162752494,0.332393769996817,0.30019686017212754,0.3345295790171098,0.2283263518559682,0.2834012422455455,0.28938975964461233,0.2614553569512385,0.2823039616846179,0.3588377853925759,0.3442338606061019,0.2919676118876348,0.2778681324013934,0.29056890867754187,0.2695560006029997,0.2945220713977899,0.2956768228720288,0.2798269465409855,0.29901199476221296,0.36919167120246665,0.3263147916172782,0.294174183441805,0.2617294604228518,0.2538916935318233,0.27514272247163524,0.32377764753857735,0.2944168059132648,0.3089489303456025,0.2926410485503054,0.34279173145347586,0.32816138982425885,0.32994179403074797,0.32414748397440424,0.2808013576628116,0.2551704696208635,0.27609618127490954,0.21350637814277104,0.4131343213234101,0.26002396494113816,0.23616774474055813,0.2639396143404219,0.32771705489937647,0.42574355355381116,0.3342302926047029,0.31358728110675826,0.3452352827712909,0.3387367381395853,0.2569867275479172,0.32957546351558775,0.3157619706837394,0.32304827292472527
0.33775965552651427,0.24213928632705234,0.25818121514918707,0.2536043809384057,0.2332620690734736,0.2706771108604877,0.3058066281682817,0.22913803622650913,0.2712015638360241,0.24450195248634468,0.32347233587125224,0.2464607781410955,0.34710065266555357,0.2911839432509552,0.2877358753700385,0.3143978929514679,0.25223662095482613,0.3226716887236402,0.23138637771306714,0.27256215631180336,0.28081780980106696,0.2767747902021686,0.2674938070183475,0.2888040382592304,0.3182103116150033,0.3736427402049918,0.2587867434647086,0.23473219905111303,0.2473358715486233,0.3312704685231432,0.2760397306385338,0.3029108887558928,0.2863590445291219,0.24629930476971879,0.2523459353378759,0.22641102317415648,0.47316011944288905,0.31475810069826976,0.22423819452273921,0.296588773311909,0.242257487437973,0.26688551276621153,0.36246857062344245,0.31960327243499825,0.2919360132573476,0.29461634141887966,0.3180706552880655,0.3132369956810514,0.3222773193517957,0.25430017753850687,0.3424195327052009,0.2777944355919869,0.210557019572294,0.2516031049935703,0.2705497952283519,0.29797081998148883,0.2844142689384182,0.2615194980579883,0.268808397120543,0.25329616361540713,0.2337199088081662,0.2730627207361811,0.3072213215987619,0.2096813488625627,0.2392512293374707,0.287317228733828,0.31883893607285796,0.0,0.3281228372708254,0.3074635551823105,0.39680871739044116,0.27979764607605384,0.25001412654367666,0.3061044368893989,0.23967266606117527,0.3384349803623962,0.2947100884395741,0.3124336673133109,0.3033220069660637,0.2892091689169898,0.3160280982524563,0.2575981785397037,0.41263139069561355,0.3155835624665734,0.2488431688134361,0.3067247319831765,0.2893674134170005,0.32833671389920693,0.2934956812235606,0.3065884940829143,0.3090617310193418,0.24802670643215755,0.2631670207291359,0.2693155900108835,0.2622464366722694,0.3564057609879907,0.2165664279056258,0.24012649397858057,0.2218490177164739,0.2554197205308479,0.3092483323957907,0.2385422547247954,0.28248311423045924,0.2642194458597903,0.2806289098993278,0.3360947329711349,0.24403447361556324,0.2501455208261148,0.2974497627077923,0.2719546671878236,0.2810506445462283,0.2561731707235055,0.2820502459793382,0.2560332874169028,0.2904402208541161,0.25353307998209534,0.25181265767085426,0.27782915087198096,0.24234862843006294,0.23994251494555432,0.2654480269312063,0.2561222353649606,0.2473640286441519,0.39933773310627496,0.2399422366222081,0.3271482553517848,0.20321430201246124,0.28619717120712357,0.22215720494763844,0.35268616442318473,0.24872340048128086,0.28487672881491066,0.28876007286103983,0.22985874189762479,0.24415110135679133,0.28208337945591233,0.3770997209137361,0.2875887141189128,0.2770932789454095,0.3115311236119585,0.35161771546188286,0.28051267648298284,0.24250235075554355,0.23565020865676928,0.3572240334174747,0.31160250682233215,0.2861128247832549,0.28756340245626566,0.2734707203847608,0.1737658922686077,0.2854264503174396,0.26541601811420135,0.20712457737823992,0.2665961480408196,0.28168747917688397,0.39635504563542184,0.30616225455286894,0.3426266230628903,0.2847167946460031,0.3169441764062094,0.2809391796017122,0.30566522562918547,0.26027440309959793,0.2969915432355773
0.2788041557050518,0.2541233822776831,0.2543686122961489,0.2951237209321228,0.2272684382804085,0.22549243743854203,0.28602367211816015,0.2957371343099837,0.2954441138123672,0.2934970653998529,0.28270788209352843,0.2547453679276386,0.2993274678461467,0.31360194922051454,0.28102147765618074,0.31099575162379245,0.28077467116573857,0.3648233212695822,0.2848471949505071,0.27142069951150943,0.27511876280886044,0.25427862122650874,0.3373088795154377,0.20764790028940378,0.3434548755292666,0.2772954832940886,0.39803085594423393,0.28522788384411024,0.24188902076644023,0.36026872868289617,0.3123495455728549,0.3357349244552145,0.3110067558187016,0.2643399028134009,0.24793915913466225,0.2918898437931167,0.31536391330295327,0.40291230977095516,0.2345757221749539,0.28118864480070954,0.26247567733601423,0.25610603828897616,0.35587296620729236,0.24328747294382105,0.34388272683913607,0.3148000458045478,0.2744725535152533,0.23191191113593548,0.3475212111941267,0.2852095057610302,0.31367876947058815,0.2313442694563406,0.23904840535155175,0.25538226705438066,0.2966384990882541,0.2430223463495043,0.2858981158040257,0.3011607159757102,0.3330727289136778,0.29446635099605833,0.2392114145164422,0.2880294136607809,0.27654084543091245,0.2988955499873352,0.24372977890395536,0.27728039921347364,0.2758563230926047,0.3281228372708254,0.0,0.3595618122472469,0.2782283837399236,0.3061110717342086,0.25112297628641644,0.312972572494164,0.3231501679296768,0.29726973818964075,0.2737587592305498,0.3049383362878237,0.3413095461695779,0.1999804618733255,0.2458111824266492,0.2746427913620189,0.31576645591058583,0.32114196660003835,0.29163002864616827,0.32615700948902404,0.2692246453861579,0.40836337386513816,0.3348256719679329,0.2564354984343992,0.31097675581135703,0.26692891073423713,0.3014767918429066,0.23273204280517756,0.30025340970571734,0.29764481604619597,0.2386145115313946,0.2732718670501622,0.2561896623765552,0.2700326762334155,0.285586901433933,0.29402145623790527,0.3436233788340405,0.3368063916754295,0.3437816157898264,0.29878116075077615,0.2887666175760252,0.2961179226767524,0.30539587439305316,0.2192456753065496,0.25495422936831064,0.2912016908539011,0.25013149450892697,0.36104238953932044,0.30763027008497607,0.23745724519129724,0.2696501522101427,0.31499895283346546,0.22533554664475314,0.2902861699086859,0.23651919708306574,0.29927231620884887,0.21929393786990986,0.2889504129709867,0.21471319044447312,0.3002961786346888,0.23891468634214202,0.2741882676783906,0.2567757579167885,0.3814447753247965,0.33236800284937984,0.2763564432846796,0.26817783604188716,0.22674372074381674,0.23323985632100724,0.22027222720723347,0.2748542757530334,0.27844372983435833,0.36869907789133827,0.36073778429080555,0.35187316822164055,0.3177433486466822,0.28076050855524093,0.31536720150762654,0.3104780044407248,0.32734609175965046,0.2516365938905681,0.31086831905362716,0.3311718318784269,0.2408772195113385,0.2554210817034231,0.3479787698082427,0.27707692224336644,0.2875191107308632,0.3226444819180152,0.3001743210652584,0.24869423777114036,0.25894087973671337,0.24594580995684662,0.2889647826781652,0.31289943014567523,0.26797066492692134,0.3051226701593138,0.22973256631049693
0.2945057643451212,0.26562587899376233,0.2642743694782572,0.30340634399346567,0.2163755888018886,0.24776013990922716,0.2629507911074027,0.4066557448848031,0.3128197035605375,0.2970799148432434,0.29101973828609284,0.2400410062070721,0.3396455049920661,0.31263927386709695,0.27039821090647703,0.3356827562261233,0.27727145325100977,0.34245709412159986,0.2609844276060366,0.2799157086659007,0.2754284266215938,0.26660606671507997,0.3124853001341479,0.2284467941585848,0.3918765097197576,0.31319647572788856,0.3087609993840088,0.3122863513523936,0.24131735566736137,0.28791737636035825,0.33764031437064146,0.33114273048606174,0.28780742204053056,0.29293965408161265,0.26686833666387383,0.2520219142209896,0.343440157742917,0.3867241322460687,0.22860283360827313,0.2860183547858852,0.23825137782779363,0.29794164758322467,0.3414886388586326,0.2583774790785896,0.37187581227713173,0.2867822660884146,0.22787327263749038,0.24287027634439418,0.3429818677649375,0.24184557466140416,0.275953019579754,0.24534927970833822,0.21712266509774958,0.24708396865210638,0.28107181677297877,0.2903912883470961,0.2666302883912235,0.32284522487021156,0.28921264026882404,0.2530204739220861,0.3156901296676745,0.26007752994471556,0.31296591470173823,0.24058986118969808,0.22593317402019097,0.29504746269592935,0.30431994034184057,0.3074635551823105,0.3595618122472469,0.0,0.2937000567744371,0.2583186715895934,0.27100430619630966,0.3228913997674368,0.31858498843874516,0.27586452452071464,0.3228170463815646,0.2614855175427825,0.33249591539416895,0.20477153350204272,0.2835581215510822,0.2657341540181902,0.3476218245836615,0.391344184213925,0.2869488069932615,0.34760703081849864,0.45273909105791976,0.298234066073999,0.3299283362161972,0.2904556134676488,0.2790973706193263,0.25136276793980517,0.253142518577329,0.23937685971071224,0.2877129732318713,0.2841146677543675,0.259750223029292,0.3032959724215787,0.22614184317619343,0.27380327285206413,0.27819375513110317,0.34819369632570146,0.29260639704968927,0.28554133950461535,0.29482434758300197,0.2813715472819041,0.257796362626452,0.3480175580336079,0.2662372528196913,0.22652034573890678,0.26340904625251443,0.26078102924750735,0.28161511675802714,0.3307269759926044,0.2918060131493644,0.26409123240756316,0.30379321660547837,0.27719918319333103,0.23382492588697693,0.27650028285102074,0.2249797525362841,0.3658050874673448,0.2347942475055405,0.3144629059390398,0.23188583924448108,0.3149290148549781,0.22243494274269576,0.2899037705638397,0.2669619907295297,0.2999551645104746,0.3520928921997597,0.3027079505462553,0.3364415093112771,0.25278197789531315,0.24086233584035116,0.22689038919918622,0.25761735752736975,0.2684956493282046,0.3338849066386223,0.3393131936400734,0.330197534204172,0.3187060224030357,0.2603638786031039,0.27296177734527743,0.3184325896435428,0.28883656831268617,0.25659289727890017,0.2825589795559277,0.33989715638470774,0.21568330220818682,0.3102926224453662,0.3127592078492393,0.23504511013922927,0.25130320581636323,0.34100776673574557,0.38854076928941467,0.28499801199531455,0.3204161475374733,0.2682010885273525,0.31833631636900384,0.2957429668037988,0.2898350685936058,0.2825663277754753,0.2606057408904613
0.4900378275236159,0.2922006689413229,0.27455223917586374,0.31104817437479826,0.24750202249313086,0.28756278316524325,0.3454261048840247,0.2773898625938325,0.39399716652148203,0.23064727108090022,0.3610042006822027,0.29727696606830684,0.36318276978043296,0.29127762010481206,0.3741688152677512,0.32154175098037097,0.3066841534511371,0.36881594371477266,0.2765266223840293,0.3524001394474436,0.31869833652518903,0.3467797926215212,0.2574079151252698,0.30961171773594764,0.29886025288730544,0.3663368559146367,0.2343554690628295,0.2870951484421334,0.23408409404986225,0.271873766883849,0.3425649318268518,0.35305755178286063,0.3793605762479733,0.3008202880466159,0.3077197284014176,0.30264586405909505,0.3666856892263904,0.33121523007518683,0.3055653760773972,0.38950463838650856,0.3287668072019079,0.3121173467061235,0.38963694982249386,0.3790136471505759,0.3724430752693717,0.40647395267934117,0.26485656421311915,0.3185877929921866,0.3470531715963891,0.3540125461094283,0.45687655276030387,0.3536244580203137,0.26280167755098205,0.3190478796062349,0.3568501985352152,0.29893238184383486,0.4154870404603535,0.3047775118335178,0.31776665412730404,0.31513558086766197,0.26218369593112184,0.3072924518062674,0.38566263742203943,0.23815234878169833,0.3345979767342201,0.4063373870280897,0.38676610670647593,0.39680871739044116,0.2782283837399236,0.2937000567744371,0.0,0.29811176909162274,0.29712998712683303,0.378350304198243,0.2946429365099443,0.3024112184762719,0.3552073193538692,0.25520271224463004,0.3780856630633356,0.23863852735036825,0.3292903163964029,0.38430859215927976,0.35370232216405517,0.2901581808804479,0.34122211662306584,0.39216513719815865,0.28037961884795504,0.3497554283197925,0.289925444085333,0.37890303717609075,0.37333794485849403,0.31651113042920925,0.3413293808874369,0.36059628486919765,0.3613488685272326,0.3092164055510526,0.26932595470405246,0.28300610154851386,0.25569691825129487,0.33156552704004794,0.28885412286802875,0.2757343700802121,0.2963168287147591,0.23603128732461318,0.39798006712859413,0.3880162244331837,0.3027435414426171,0.2678969698025408,0.3460081360220253,0.2757508272620267,0.34932487292837644,0.36650108109258683,0.33268794763194554,0.250416515062633,0.37284660951726584,0.3301884062529871,0.2961513693405554,0.2826022200857876,0.2661049123016667,0.23800600709473704,0.3486380574793433,0.25504132327173545,0.29792694963358574,0.45054882912039645,0.2768796858612273,0.33502950618156047,0.2551766545252408,0.3096239864169776,0.26850619724167646,0.36582118189159657,0.24744560198300497,0.33579516559661227,0.27266553720174,0.34234842976429264,0.29497106577180987,0.34169476332138315,0.3267104057819562,0.3398917607485938,0.3241907693565228,0.3734133989348083,0.3141860134871794,0.2953316612436156,0.3140033679171199,0.29614801647164984,0.3617608694597905,0.330469534636797,0.37737229347705786,0.28123413568344174,0.27925683088176056,0.19219935672069463,0.4578307694298088,0.26690087391245687,0.26809364260669605,0.27914089507359013,0.3169724648192394,0.4076771369133369,0.32366375618182436,0.34011384163457803,0.31388621584965853,0.3519013567295054,0.24438496821738184,0.31111870445706064,0.252303206379214,0.41726436090377533
0.3194619396682853,0.27657492547075796,0.1940706837079293,0.2505822340086806,0.24233425415780585,0.19981891232358176,0.3039625397544592,0.23675789250777515,0.36372728721067304,0.274005988906576,0.21434838897651864,0.21762906537837862,0.24471244758191885,0.44308982695528865,0.26251024065657125,0.23763603661122143,0.25976619156753783,0.3736429016176621,0.2364259570649346,0.3189850185342597,0.2413082373047095,0.22536511182231386,0.31458606831774233,0.23584552836422037,0.2843769406303946,0.2637191119694818,0.30287028337157673,0.26026150998490577,0.2636115182992752,0.2688910756261187,0.33943267696155155,0.2783807470300779,0.27492870419948023,0.29165749489642817,0.413856328037453,0.29714813903393755,0.27664986008885945,0.3851333975295295,0.22277540284999098,0.3266444190786677,0.28776955408907784,0.2475662204579109,0.29511881627486897,0.28669894943956775,0.29230543463550973,0.2848342206010261,0.30098214812061436,0.22529574025659924,0.38677666774526626,0.3150790610821938,0.2735190959872531,0.2605867185097877,0.28680986035239986,0.22823488629102698,0.2797819648721041,0.3155791227435016,0.3116323626706792,0.21166248995798861,0.36191648224983836,0.3189329756035568,0.20242804395944522,0.2877160117547426,0.24207517853933874,0.3938032493067479,0.31354449160999714,0.2582281973703577,0.27298257089420447,0.27979764607605384,0.3061110717342086,0.2583186715895934,0.29811176909162274,0.0,0.2725556546679544,0.25153757412936045,0.2417651330623211,0.4113591802495863,0.2279697260801449,0.29412222000217414,0.29974443669551576,0.24710875143749345,0.2551628730739971,0.28383744879493933,0.29721147857166613,0.2883739098403884,0.3194384695556752,0.3259479414107148,0.24153048695379267,0.4236181081530643,0.3590812630843409,0.284275699698709,0.2809199181815242,0.38383377450075246,0.31273739354907587,0.28956091239935244,0.35262076826916966,0.2758750368434471,0.24572580381677667,0.3227223235120577,0.4386144422375628,0.3170901863451767,0.44714877117201185,0.2102309526402583,0.315685030848294,0.2917108824492607,0.375234110944151,0.2850234965362437,0.22575148937876902,0.26884214910511145,0.3130060578284427,0.21146479288360878,0.23602841741854994,0.356805898746825,0.25299431537612765,0.3161406849055929,0.34684947458799265,0.2601106020172001,0.32587888307790347,0.2976566034517958,0.2133945772119274,0.36885407986329405,0.34955924825008067,0.2741867364251631,0.2775615600815183,0.2951520344243543,0.3679359763731785,0.25651129703762277,0.2600346395406381,0.24035575415854163,0.27674293803991634,0.4625105186897064,0.3450476073778951,0.2233666687830521,0.2945687228357249,0.3118745172687339,0.22116752438185824,0.3027453384873804,0.3245289550725872,0.43256994235777496,0.32700311004969523,0.3052386204170319,0.3104086209057575,0.3254437185190665,0.32473988186709984,0.2927043958452703,0.3232617827111492,0.37664649372913467,0.2687795727454733,0.2557173898304774,0.305504481996549,0.22574325537845077,0.30825531061139816,0.35290165334701906,0.2350509706873544,0.25159135371872865,0.25875208317728765,0.27675009756142666,0.21992863185676037,0.238100934666751,0.4395793633640004,0.3180299347290648,0.3059774817475021,0.41793239900108364,0.3477129422211615,0.26908244933897685
0.37195122518002766,0.2961321835215316,0.2535309093605695,0.34131894383128586,0.2009418015016442,0.284987096773076,0.24948234125335675,0.2755425470049357,0.3404806889150139,0.23233262049914746,0.2921272094273904,0.2493247603502222,0.3177569662094098,0.3454726951908482,0.21936600224359487,0.2700194078648664,0.332277885197652,0.31042716109430657,0.25388373258180763,0.3799863856297283,0.29005941351443726,0.25852334270776534,0.26760878401067384,0.2501023210150408,0.30917595540502213,0.29066409054834064,0.28622352813733654,0.40885441262244154,0.21140870807243753,0.22969673738787214,0.24670779302546794,0.30841922105112496,0.2724295104253653,0.38428705158408827,0.32260931018330075,0.2694652318907407,0.2623810157861061,0.2946595351394437,0.2182089219313645,0.3379699719292731,0.2631409086399044,0.358436769590649,0.2102621313634917,0.27214167267008615,0.3062482483939999,0.29853706213176723,0.21499800189080265,0.21592855821953785,0.28259812466719597,0.28631316504242266,0.30274664129631645,0.33576764044313717,0.274880489253026,0.2486357037585971,0.24582323028190023,0.3364631655502491,0.3335340731528412,0.2650548879880964,0.3141759377829385,0.31463138360185877,0.2862045171088045,0.2610595137030127,0.29167923340894375,0.2622297498869754,0.28182574957753,0.3593671042502706,0.464862551362222,0.25001412654367666,0.25112297628641644,0.27100430619630966,0.29712998712683303,0.2725556546679544,0.0,0.3316168657133297,0.32771189715376076,0.30733400020982676,0.28594411214404114,0.23203807917684297,0.27583224486067004,0.2373554598446063,0.2841616294413163,0.30582194319102435,0.25527318096059043,0.3012883795653897,0.44477707936913136,0.35064826972237856,0.30045846432448375,0.2814420868981945,0.2933739313727751,0.37900594563417433,0.290418771942569,0.3013901927121018,0.2463961335033506,0.3720400949870271,0.41373618656740857,0.23487991121456836,0.24335078241073194,0.3372357017046066,0.2706055853420587,0.4001166475397704,0.28021283892069326,0.23105202738946257,0.30383047460703894,0.21409250968205046,0.33843896475878577,0.2793014691476896,0.2656112627260134,0.3040959460530815,0.26616720066309624,0.2741445885990593,0.307161000352649,0.3474953029666447,0.41848727639302336,0.3163722132844544,0.30960415532156016,0.382548389580774,0.3267884135411081,0.21296948717018352,0.3171678426650154,0.33843192671560085,0.26426005846490536,0.245883835015498,0.38604535410478247,0.29105553102687726,0.31042008287639894,0.22652269718779866,0.35512275835412227,0.21709256366262994,0.29452079935501324,0.24935941462730385,0.29556520492409855,0.2926883520326219,0.3288678470896963,0.40250609989428104,0.2527655183388485,0.23552414198948146,0.23654313446534417,0.25623303728991076,0.2826582768113018,0.23601636406656487,0.2543706366690595,0.2964481543758724,0.3614332087111591,0.36015325439454976,0.29459912855604453,0.3070894357204328,0.26052493441087476,0.22357282086631292,0.2658660392316048,0.22484349944666113,0.34045169535278497,0.24923046809682511,0.25110076838190787,0.23825002925532207,0.287277011811743,0.29563656846195463,0.31190938887672415,0.2671497548618045,0.32927749428222,0.35307931512290297,0.23263337787109908,0.33769539493042405,0.28114151557546446,0.3697020981336908
0.31281848648356214,0.3335135864136642,0.4141614950150236,0.5057235457339562,0.23571823994691787,0.36191566638968503,0.32342591056491643,0.3617898557726524,0.29861720061053293,0.2763761348064193,0.33455155867825953,0.3519631207046491,0.39782475242103427,0.2732799356287074,0.3375255818759304,0.3674641327729936,0.47343924187509495,0.3235037282207568,0.34869025715703617,0.329307348970451,0.46014672909435567,0.35149468769509556,0.29423207504565535,0.2996907485042166,0.31499456842603857,0.3219712885051508,0.28740664648431585,0.39979051965059426,0.22798418227875403,0.2889580998112605,0.2919997976852796,0.436221520566021,0.3968521218565391,0.38955291189043967,0.2578500895884523,0.30464969766528666,0.3179214236908816,0.3419801698934216,0.31220498744514924,0.46729688447989653,0.343603693724505,0.4092191601426864,0.31927284112307286,0.2902495677376459,0.37673933110118973,0.3989750833302754,0.25505088316762925,0.24738186879426377,0.35549477931536494,0.38467154973662626,0.49400184201195585,0.39344695133457674,0.28182046345916234,0.38838117969661856,0.3280653639265358,0.29692856111771143,0.44656265019241237,0.35284287782145135,0.3424832266453416,0.37386805159947256,0.3237191692772576,0.3074686099207205,0.4551515223823422,0.23419650602022896,0.3044184305650356,0.42927863988421916,0.3601893179264527,0.3061044368893989,0.312972572494164,0.3228913997674368,0.378350304198243,0.25153757412936045,0.3316168657133297,0.0,0.45877197295947136,0.24551279558754707,0.48478872941501133,0.2765106304619642,0.3241540959899818,0.2145360149186116,0.3341033507441327,0.3677895680051746,0.3359847417007638,0.3119727161497585,0.38178159028791553,0.41964214986005827,0.2844889481040546,0.2953360506123935,0.326690560594588,0.3082431475891914,0.3231580939486315,0.27860144217924054,0.303437558790775,0.3156215285878372,0.36449224430175364,0.2619927033444378,0.28816432214913856,0.33429517336482195,0.22009335869094918,0.38533187481268244,0.23951791086971141,0.3268644396771413,0.2827004094598781,0.23974088286199927,0.343865017715109,0.40624127539560334,0.4434671177886095,0.30711708126910847,0.35419853933717277,0.3144406723993897,0.405552652356767,0.2994936030121215,0.35202649348893883,0.3013304810057355,0.335553257915486,0.3906552394234968,0.32574374603077444,0.2787252133393663,0.3652522468353854,0.2566036183943403,0.27752631870031436,0.2631442072194348,0.28922819105403247,0.3789912066946642,0.21379168615427196,0.3010664412850346,0.3373444940828866,0.2934564052695285,0.3377159993391615,0.3110125903208546,0.3029435782070353,0.5370644821650485,0.2536184290485942,0.29748075865627455,0.28488953787240673,0.25621476517608893,0.24839702986915174,0.28929347555428747,0.3314665273002299,0.341553378533231,0.2680813213621515,0.30645097105588964,0.3706232079060119,0.3431837750989392,0.3083946400624849,0.2855623597638195,0.40127990854504403,0.316800007214642,0.28980323502902067,0.22806601019204734,0.3077039782247723,0.27268783376671984,0.31324567655217517,0.31518273755223053,0.3933136952501985,0.32055755589549967,0.39966349614344054,0.36878802768031554,0.2420650060512533,0.38178060413507164,0.28045738105293355,0.2454345687450329,0.27176661530154067,0.31286748181092133
0.2982937872973329,0.3627623759589319,0.35805298599391655,0.39826791766381825,0.19863506716103055,0.3906826539149432,0.23484824028772677,0.38935264013007587,0.3132967584330679,0.2807935238470558,0.30846465403007506,0.3137941026061722,0.37572297850230923,0.2696073067561738,0.2794988031175301,0.37080445805522355,0.46740793619690896,0.3123637313218386,0.34232544163027706,0.34760202409643065,0.34972968051225756,0.3139911934227225,0.25252599935753667,0.24862612269730924,0.30178256932033654,0.25682239360369097,0.29744962083117166,0.466774617253211,0.22103348302450265,0.26499752807280663,0.3098046823161902,0.41318225827852345,0.37579651951339643,0.35881304878058223,0.25253075200790626,0.3031120097661196,0.2523303729786319,0.3531608956958533,0.28526680595521303,0.31653857896046406,0.3192183836428915,0.3322561433678712,0.2622542122033275,0.2572649353001345,0.37411080573816907,0.3373253011985753,0.22350332650204166,0.21765365840138834,0.2854713531175204,0.3397244083641955,0.3365086093535912,0.3405983276117854,0.2955463177651809,0.3288332926217976,0.2949676681720582,0.2865734019452769,0.37606692835169087,0.34000479897087776,0.30186784720279436,0.35652966899748206,0.37508421045794055,0.277169348573936,0.36434564769595834,0.24059404539200552,0.27725453454809945,0.39415342721025975,0.31100432759512625,0.23967266606117527,0.3231501679296768,0.31858498843874516,0.2946429365099443,0.2417651330623211,0.32771189715376076,0.45877197295947136,0.0,0.2523954815373775,0.342816954649121,0.24145736108394605,0.32356294671990016,0.2086917836002548,0.31393744379488026,0.30740593136350375,0.2864015739101919,0.37581185805456363,0.34360975814017064,0.41359125621874765,0.26246836332390977,0.2694654710257961,0.3554297824751253,0.3039085765329672,0.26664808403887813,0.25612520654348875,0.28660801334509495,0.33191122869398904,0.3138168556944651,0.24718284571845242,0.31878763687534334,0.334679751259207,0.2077864662494493,0.3879825993947466,0.23879609561208684,0.28308307095011614,0.2398139938804025,0.23247917249659242,0.3401339508898341,0.3471532636576808,0.4524880673676606,0.3503361246941349,0.29164027795388214,0.26431497297384954,0.31949833877000244,0.276190791796825,0.34217060679099587,0.3400035282078311,0.32475314132771643,0.3849838178380321,0.3407955433300319,0.23918138502887457,0.32714906252016895,0.26675165515950583,0.23808273900478516,0.2592697993445264,0.26963666386386137,0.3027651853032034,0.21273987964205457,0.29144217652474685,0.3302648626179022,0.2603915074342013,0.34322062374762846,0.2860913378637804,0.3782013721834379,0.5038549276993577,0.2517783573496702,0.3070148947690325,0.2801147123794355,0.22583090721408652,0.25321428874581464,0.24795855751428508,0.30796753675386734,0.2962568611467251,0.27687193744184696,0.301002470866894,0.32819284735332177,0.3487672862894044,0.2873476667454513,0.25291385573033237,0.31797825611787645,0.30776324467124044,0.2912362396928085,0.27440106122335906,0.2822896496758252,0.2941215653873794,0.3151328002229269,0.2538977812073541,0.33976832264917933,0.2824784246674142,0.3093023990877841,0.31160452310976405,0.22922311553635483,0.3201160970195891,0.291629808987166,0.24839133761165028,0.24967664013800803,0.2628640772612826
0.3373251195628261,0.2901107227822685,0.1948135186497711,0.24429458233555076,0.20157020572956674,0.22655278761137101,0.27177542561628726,0.2338967299659242,0.2973889784643094,0.2753375129253024,0.22995916811373043,0.21328048443960293,0.2815334334418997,0.3984803226015383,0.22874831616228142,0.24546658847281722,0.2538200310304088,0.3550154164940517,0.22658114953879452,0.3107327780188591,0.2399576352967254,0.21174874260907178,0.3021043940398312,0.24164468666080052,0.333104924226396,0.2910042153925354,0.2896875767140588,0.2753294651604693,0.27129971129566144,0.2692241195519451,0.2895863268029003,0.28726796542710614,0.2675689530115892,0.2960439993449714,0.33271600389647715,0.23604882344977962,0.31972646884841566,0.331897799629398,0.19713553698310896,0.3134194473097418,0.2587068472851012,0.2626179908376294,0.25435482501317147,0.28290600403918437,0.3009955015613345,0.32007580180313283,0.31245530957886336,0.21815117598229922,0.3357201609905044,0.2475789595061506,0.26245916637592054,0.2777690409530506,0.294358772623168,0.22047295385695448,0.24124222665513223,0.3815011476728533,0.29350988771305364,0.21105479813550695,0.3037511428808955,0.2848799732634681,0.2283694347968055,0.27950420448844404,0.2563269294681811,0.2593105614830832,0.27648174006546,0.32709236893552746,0.3404361278597784,0.3384349803623962,0.29726973818964075,0.27586452452071464,0.3024112184762719,0.4113591802495863,0.30733400020982676,0.24551279558754707,0.2523954815373775,0.0,0.22115958550674464,0.29807647665407344,0.3403355598828702,0.308093964262599,0.3373939976766265,0.24865085927876399,0.31329843367981286,0.32574128812576475,0.31642102222397095,0.3316567798153677,0.2828521676517313,0.34127519313896987,0.3660146666891126,0.36078255009758947,0.26610892530319646,0.32123077164533176,0.25338443226309315,0.37859614631344707,0.34518378182486503,0.3148207531122162,0.23845525344489812,0.33184747941971743,0.2986155860541777,0.3195382089671473,0.38494581730020416,0.21245309923601627,0.3238777009302882,0.2883816597337598,0.31636505534866366,0.2844548815177946,0.22899393259984052,0.2917936220757642,0.3441708458959735,0.24808163993714044,0.25432621473895745,0.30492312422827733,0.29818849249151624,0.2928166849609119,0.3560770903233221,0.2690465555503438,0.3825361115365937,0.23581049651340127,0.23577907158352707,0.33619029497639513,0.26801305612703047,0.2828335849229307,0.3195351086305908,0.32944831140990644,0.32679442822025256,0.2896684819816964,0.24161069006773514,0.22612182999496983,0.26247772196998875,0.35979928903404945,0.3359470934597153,0.2229281145496277,0.3207812593524926,0.2826197012717022,0.2159910940568889,0.3202423439809865,0.35437535488003424,0.3238675995570196,0.28589852364102564,0.274647571233233,0.3645463989201005,0.314434381114918,0.3253286728384249,0.2628802704095368,0.35957636553413624,0.3466317387579918,0.22277589610588328,0.2881904563682936,0.3270985428234315,0.20543582120736872,0.3006525522755215,0.372548779799427,0.2021509755749777,0.24623875216817392,0.2674573955084223,0.31639659363537226,0.2466041312142952,0.2649629866942518,0.38341144541934424,0.32849558288594527,0.38427048090152865,0.4752358953101646,0.3551482432439885,0.26899722828920697
0.26516797475868925,0.26096730426971165,0.3392155978160481,0.37288624910677554,0.23120698896194528,0.31406042116593086,0.30708153220178447,0.38341403852190575,0.2631411643248912,0.2465337089770485,0.34590464488015593,0.3178766999423889,0.36850183321381685,0.24370607460217503,0.2924954041674904,0.375045163503558,0.3953502579293231,0.26656913642057517,0.260124082822495,0.2684925134132976,0.3691512388366309,0.28485607558421977,0.26282926096981724,0.2630200529502962,0.27527249654092595,0.355848421742307,0.26472023722049,0.30953358097890105,0.20994777239886037,0.27054823113391635,0.2769430651558291,0.36355883144617834,0.3361708253345105,0.3570882732585821,0.22733603337713412,0.28305623937068036,0.324302483506628,0.2942153819052868,0.3077219587712158,0.3807803609734043,0.2829750362346624,0.34665263512641553,0.33622788329613384,0.2943756494646371,0.3769984516754621,0.34272902238846426,0.24470102884155784,0.2644069320891853,0.30869947395261277,0.2942052147124474,0.39267959420828186,0.3197188722755138,0.22737456928099528,0.3096569922400183,0.3234536022902573,0.280154134829698,0.32074201930122664,0.4007055468198746,0.2952528512204705,0.29178450512371934,0.32168898051512695,0.2806535519041264,0.4345580575121719,0.22855692772154884,0.24480981193454124,0.3192343507340253,0.34893826058897276,0.2947100884395741,0.2737587592305498,0.3228170463815646,0.3552073193538692,0.2279697260801449,0.28594411214404114,0.48478872941501133,0.342816954649121,0.22115958550674464,0.0,0.2914468218242147,0.30652962664370786,0.21602339082708147,0.32403579044015274,0.280485749567145,0.3185880884380572,0.2972766395975687,0.33368592683271575,0.3381202248253782,0.3111990229313045,0.26186175444669085,0.29326547193082225,0.2989825003314716,0.30962029517878065,0.257555699037494,0.2770930386803657,0.25517841809332226,0.3182637573760379,0.24787802672648862,0.28371367155847904,0.310573370394466,0.20953785951898252,0.3368835520405123,0.23095203025612446,0.3661031869681366,0.26587246003721493,0.21418953811269217,0.29023697601844545,0.40762598560588736,0.36671301804854695,0.28628108448108647,0.30558005421590845,0.2783168027388604,0.3450973394458128,0.27892741208674704,0.3222121725501727,0.2975633582114648,0.28919681240864525,0.33349628725870784,0.28053326311405863,0.24911049495803758,0.3162887787960305,0.24689562040742227,0.27604557833135146,0.289415685346859,0.25676577965704256,0.35830821872411733,0.19727114574602275,0.2791700533884353,0.2791129573892249,0.37608726986613683,0.3057945104789593,0.27995980961162686,0.27445144951522327,0.4645646276050227,0.2708718723883103,0.2518625343002369,0.24956616027194303,0.23685425338279603,0.24447876310370772,0.25566188078577873,0.2921442918817486,0.29845996234514127,0.2411838419747213,0.2902258209246705,0.28289436720123934,0.3094663730584626,0.3004246974292111,0.2717118139115412,0.3514305832141111,0.31006755484740106,0.25289964008529514,0.22834589489264884,0.3076380717326976,0.2451334891985589,0.2576786048961015,0.3218355096150848,0.3471313148786944,0.3162999893567276,0.29620323709357915,0.37803518541672637,0.22095132956757463,0.3372211560574858,0.2575965622525628,0.21689018783792074,0.26275993472619075,0.2907720025449438
0.23819906895923554,0.2670987283143576,0.2559367719181956,0.263634257567279,0.3229960676670509,0.23638578773217836,0.35574319132427995,0.24009866805807284,0.23432556166644114,0.2799943951666564,0.2607401294166362,0.2898899727142445,0.2660415824005854,0.28056070576376035,0.2542188396324698,0.32463513188895604,0.31143776503045695,0.26900093788618296,0.23564008948822096,0.22897059987464094,0.3174875997057481,0.2345841955238546,0.3502350811258247,0.2663567030352949,0.30868052101930993,0.35578897725550357,0.32148452421553714,0.23677932208271252,0.2792263378332763,0.3801869604897453,0.2629799142311806,0.29646649476519527,0.28950257744629765,0.2867885061272445,0.24546440058279945,0.26280390970319484,0.3137872462509297,0.31451276937633293,0.2404023244837701,0.3350177014880001,0.30070136967271194,0.2884374677118063,0.29620808205249716,0.3049911442936979,0.27631203429145745,0.2869434808869617,0.40442883127082996,0.2585544818377436,0.35747059716483875,0.24721628613089855,0.2917577988514341,0.29077981575771783,0.22814699522240697,0.24782461483506138,0.28272165379506065,0.30038872394054567,0.25609088617836195,0.31651291631037415,0.2711646504700125,0.2604335348162052,0.19891370257910151,0.26108246085176856,0.25902422821831583,0.2725069909080976,0.21785813082434954,0.22127540391204006,0.2495229218999467,0.3124336673133109,0.3049383362878237,0.2614855175427825,0.25520271224463004,0.29412222000217414,0.23203807917684297,0.2765106304619642,0.24145736108394605,0.29807647665407344,0.2914468218242147,0.0,0.27370066159065004,0.2944186671388637,0.296195236362279,0.23166985255707262,0.39860775382452845,0.25335569930125784,0.3044156971407064,0.29133659148954394,0.24073023942871097,0.27662791296783495,0.2928951051094522,0.267358793622604,0.31500748522083105,0.2914287094404009,0.31312448010340777,0.23039029616928489,0.2869873277637801,0.308737967696561,0.19876285545984845,0.3162342424164036,0.26628403879622153,0.2497536381847849,0.2777375295349242,0.24130355458917058,0.28018894511778386,0.28761190451355667,0.25340385815280514,0.32814076443522205,0.2514869259429002,0.2939506316831207,0.3587729990201423,0.266326781330105,0.2940256404318557,0.2976715825883498,0.2307814559731156,0.3104491321934563,0.2765803095354977,0.27667711813055895,0.2754183751610147,0.26793151853449704,0.25646411237897526,0.3050258991738893,0.3174510574331646,0.2692557536542476,0.24480025303818184,0.3465618917189546,0.21964108124865553,0.29987709937834306,0.23072089799711318,0.31387896106678254,0.28133812837693856,0.32510770633278446,0.31145698163755814,0.27219833705240015,0.2339150269813347,0.22987531622748947,0.19245896548337862,0.23589036868371993,0.32953248714122674,0.3195637710142728,0.28169323035679417,0.28770383661560933,0.25397173453730726,0.34104639900182365,0.28535346104861903,0.28537661651244695,0.3677156002546733,0.33045487091735987,0.28521805951790163,0.34402269710213956,0.3047123726914614,0.24091768665669785,0.2150071558026389,0.3197659531471857,0.2287806229242124,0.35655676982642265,0.33133792853937505,0.2403776725153593,0.22842299657966675,0.336213588926525,0.25692945501957987,0.3134163790119558,0.31070690209376,0.2696044510379873,0.31218691035833956,0.24986063226231967
0.3428776687492937,0.2690461500681921,0.23099206534436068,0.33231399633796166,0.21958903492664086,0.23930113512530346,0.3015036426975222,0.32812527136397424,0.34907833285702805,0.24348488985328665,0.25930159967676997,0.2809169356248559,0.3258158601694884,0.2932364303609225,0.31120586703434566,0.30433931732992314,0.28285201358320794,0.397859353099508,0.28689846144473596,0.28492045655270143,0.28065813948834206,0.2287466797336999,0.31867271008669096,0.2232025144881536,0.3065959603256056,0.3761327180943556,0.2906291613687638,0.28223513178655285,0.2208560308819906,0.2953906433581863,0.36695677144607003,0.33178476572691395,0.38176213632609596,0.3262442271403939,0.26697159132967496,0.29150197949292417,0.3176826910170052,0.4086242199273427,0.28820058464657294,0.3355658866532522,0.30756608862230317,0.2521414967370945,0.3694428363747158,0.27402162003704217,0.39952836247737705,0.477908254569622,0.288029941100516,0.24522039504189108,0.324260322176427,0.3139384620160466,0.3723209040660142,0.3128121509790045,0.28719383462016035,0.2684420768437231,0.3253937555480918,0.3036033724825635,0.3665628945651619,0.3197088233388924,0.29333633135388765,0.3527476104022814,0.2584512006470448,0.3841320810721267,0.36361832058075727,0.255689569427616,0.29973696391078797,0.3847438186911129,0.3441052282517324,0.3033220069660637,0.3413095461695779,0.33249591539416895,0.3780856630633356,0.29974443669551576,0.27583224486067004,0.3241540959899818,0.32356294671990016,0.3403355598828702,0.30652962664370786,0.27370066159065004,0.0,0.23274382536549315,0.2949892234561677,0.33138816940499183,0.32151525403343867,0.3597619019205813,0.39756057253750243,0.4253506657230577,0.3040982035412891,0.38215101498656934,0.3931852463385742,0.3823391745326521,0.3577376270164385,0.319508008092982,0.30077180066377596,0.3297507340228028,0.35391830666090496,0.27197713525910683,0.2942741997158386,0.30662077784162084,0.2668888819235689,0.348120716856112,0.270551433932958,0.31050095113165793,0.37889030561940057,0.2778340433015047,0.4253157940751316,0.41760105328782204,0.3298917452859818,0.28761746606281274,0.40951211735156534,0.22618029517374014,0.26418725859387415,0.38262358519740924,0.30389710824500643,0.3266964236739861,0.49830466932871387,0.29349839962144375,0.3398788282003485,0.25265882277355384,0.21923569812895932,0.2765430918021889,0.29541428726522057,0.35303579884980324,0.2844340416542362,0.3793920127971375,0.2534596168606839,0.3259948748149231,0.2750285600728077,0.32172255885220236,0.2775328677277066,0.3830060893395766,0.29375215891654394,0.2848067667120742,0.31332494312005355,0.28067698479572467,0.23802171142986955,0.26376834094865487,0.28170777614860937,0.33514661680355756,0.32856645465547957,0.40166086097467896,0.3077862239276922,0.2896944290902038,0.34172723880259215,0.299820501563732,0.3165747770977204,0.371934256022904,0.29500593984049567,0.3244133897865912,0.30544138565826806,0.2307830252517634,0.3554221146155744,0.33883863508843404,0.24546164693753356,0.2743487171810576,0.348657549005276,0.38035150735920414,0.2640232127955074,0.2998194695241175,0.2842271901022063,0.34470181615560097,0.28390528899853,0.30977671938465984,0.3227086607105059,0.2652351961493502
0.23669268153448392,0.21685140210788378,0.19955909144645576,0.1933866688432389,0.1925104143601241,0.25589938646567956,0.22598334825966745,0.186885553609213,0.2060711754525643,0.2298038455855974,0.20557657938441878,0.18272542285021812,0.2651290050220685,0.24296986042651877,0.18098717954196658,0.24900767063575244,0.24359263804400288,0.21654777206669876,0.17527267599471213,0.2045333261775171,0.20963619945155185,0.17959713676571992,0.22288396889380685,0.21589152114517032,0.2281948820647774,0.28705518042831113,0.20876342742479034,0.22160095373978686,0.23881290979733605,0.24651891595914757,0.19712932964212937,0.24036126532812316,0.20022482049362764,0.22300609795655638,0.21296800549049627,0.17647519749672408,0.27254258741919785,0.23249691080645177,0.1714626904025227,0.24766494343551357,0.2074049964355761,0.2374322382269183,0.20382855957682575,0.23868996140579699,0.2028113957880855,0.22611575772426046,0.2911511668242797,0.23906216086986376,0.23038819215235298,0.18813595830418836,0.2134105179128225,0.2512718250686691,0.19794384211919083,0.17962912061663225,0.19203088893208162,0.340990960791465,0.2152028811509011,0.20133954077013458,0.2064459036708127,0.19887095551031578,0.2037841354209112,0.22756250679108866,0.20826586379034592,0.19086333494569835,0.18994831024260392,0.22014949849122897,0.24313070569065756,0.2892091689169898,0.1999804618733255,0.20477153350204272,0.23863852735036825,0.24710875143749345,0.2373554598446063,0.2145360149186116,0.2086917836002548,0.308093964262599,0.21602339082708147,0.2944186671388637,0.23274382536549315,0.0,0.32048585226844517,0.18587474537179194,0.28075097024353257,0.26661433784427674,0.24521235962638246,0.23070123191611103,0.22813339296513438,0.21433952443374008,0.2557698071606982,0.2586228547366261,0.2230929485484945,0.21033501163702842,0.20819305879432465,0.23724287664961388,0.23518800874199325,0.23518452600384818,0.16900333457193562,0.24299863964666937,0.22606102476236653,0.24430941879171106,0.24697507577165922,0.1785054573528319,0.21218261720874002,0.19481245283754736,0.20567846800129622,0.26580766117486077,0.2076948292495201,0.2582824716326598,0.24352873486043777,0.2584203488875745,0.20516650870201267,0.21996015799426788,0.28838635105201704,0.2379036132571724,0.24088921889916948,0.277508765643673,0.263941000053092,0.18469771056323736,0.23714754406859917,0.26175191144831816,0.2418991122779301,0.22475825904305907,0.30351186427248583,0.276725489551249,0.27789602398780494,0.233096846713909,0.22155427159887583,0.19976375128649548,0.21611083008574547,0.23186748815909602,0.2679468202007512,0.2333312029126878,0.2878665237943571,0.21297542700199096,0.175452431331072,0.23103138145131163,0.2836024121015573,0.23098012056714817,0.18982379125434923,0.20494895847588226,0.21484496246132112,0.2423882897207346,0.21207701260316025,0.18364636410430504,0.2609898037072193,0.22907333388389833,0.19800981176580074,0.2732176826596231,0.21955657174969323,0.20734432217564236,0.20188435601095855,0.24116380978707258,0.15940946193267186,0.21853750260131824,0.22317148987623717,0.2248062642212178,0.2376187940738097,0.2967627777722992,0.2486631807109914,0.3181908857138534,0.2942150161189775,0.31379268825454565,0.27428640183494957,0.23400666584405327
0.3255249728707465,0.3030816269435182,0.27112162337228973,0.27582249897804095,0.23700972548864563,0.34594797016223744,0.3297354812783745,0.2661929255820797,0.25800151478801103,0.31477973523861963,0.2997581752298824,0.25911049142112813,0.4000961034930819,0.2863046840525631,0.2678593514324798,0.3272352415608166,0.38423214080791696,0.2993906751131314,0.2538516341109176,0.2963922081828343,0.31823411289837983,0.26032173172350526,0.27957065096057854,0.3043594645720073,0.3411715160523578,0.2824928618815599,0.23208751876531086,0.3303116293544313,0.26679119129885753,0.2706725365484144,0.26033140112945574,0.36150417489202774,0.2871445463298226,0.30162980008630236,0.2861840954858504,0.2341005419078537,0.31253925206666033,0.2830790501339508,0.22222254945536446,0.3673553833385599,0.3026033698607393,0.36175926223957955,0.28635112994601375,0.35127803121468043,0.277337399464704,0.32651634776231087,0.2916256070938352,0.262017148904017,0.3413640576645716,0.2502759078846416,0.30967660616107234,0.31727136320730903,0.2503723378305771,0.25587681129642037,0.2617769369023341,0.41421426779503057,0.2948276721548629,0.28019635476852617,0.3071393473056593,0.25875411723319125,0.27634936303518937,0.26783908241710513,0.3179812817344244,0.22844786699536815,0.25898287570277917,0.31360646296546385,0.30652633100453014,0.3160280982524563,0.2458111824266492,0.2835581215510822,0.3292903163964029,0.2551628730739971,0.2841616294413163,0.3341033507441327,0.31393744379488026,0.3373939976766265,0.32403579044015274,0.296195236362279,0.2949892234561677,0.32048585226844517,0.0,0.23364603161098144,0.38189943505382723,0.35997334253813656,0.30705159286294864,0.3215108758747346,0.2788000587000535,0.24104437109219626,0.3255519932475561,0.31455603441232843,0.2773880728089327,0.27008428314808924,0.29832095120341373,0.3234811739373211,0.30258691155760753,0.28197306979227393,0.22372088098161252,0.35271279809877015,0.2160542565761855,0.3136031490534757,0.27502907123268694,0.2537416805954302,0.24537223494617655,0.24401877244945835,0.25818832810431636,0.3619110767146414,0.3043482474827307,0.4030750132363582,0.38704357655256044,0.32298285291948686,0.32000338384975774,0.26593373085182753,0.32795493766033673,0.2817855719514917,0.3181229280040351,0.34894316093554434,0.4145928340685359,0.23646250475160932,0.3877806639184912,0.25269987276234346,0.2751345108776675,0.23339812357587186,0.2961801395921978,0.4189848011649963,0.25564858529652096,0.30424100449816555,0.2557580130704744,0.2514461494576381,0.3112157120147452,0.2841050575698471,0.34790066225330746,0.3485964873515241,0.2486422525082462,0.2479378837901305,0.23081973823047583,0.3746706061670683,0.3549886067314614,0.27761687451522243,0.27472822517744905,0.2890114605365531,0.3083854027486442,0.3188635332020665,0.2746850236838187,0.25070674187226627,0.34786946161978877,0.2559592938392893,0.2728597653865562,0.43695805200069376,0.3079349691863727,0.2556428057634056,0.2671081550802352,0.33504442654353567,0.22039744066653089,0.3304210960470934,0.3679452083730536,0.31799782651352,0.30079474664120637,0.46107407565638625,0.29138542301621584,0.35031711474375515,0.38911278432990937,0.3126730734110709,0.30121711328328155,0.31522084160917135
0.3580252723506932,0.28934393133257275,0.2582400664639652,0.43496636872382205,0.23838682766308805,0.24462299701998783,0.3129086203245606,0.27567217400794847,0.39281871829670634,0.22154009791267035,0.2645251016505266,0.31328817786604435,0.24370498067869203,0.25087068352193675,0.35572529052259333,0.23707796345386606,0.27575704499163256,0.34773426228412263,0.3774634636021634,0.34564763443582197,0.3696594249940468,0.3516020684667826,0.27599369859956685,0.31511815364599094,0.27707487365912914,0.2661364520444575,0.24399835527818936,0.29165590576651196,0.1896480829101485,0.24182329383088708,0.319703700199692,0.26694626517159314,0.3749306013692495,0.30704556851686776,0.2814894035872525,0.337960206254168,0.2534304685168587,0.3229157995290401,0.319492748867566,0.32942838138401503,0.32364398909248776,0.28061490578185067,0.3098533851130744,0.2753128864202513,0.31808358004839826,0.347904707526747,0.223716667960865,0.23192645483144178,0.31549723881056013,0.3866242036605642,0.4251441714065287,0.3434360430438125,0.3451361505494318,0.35501504639429743,0.2995882508524122,0.2538801491170933,0.4346871750742428,0.2616399086002784,0.3102050041418298,0.353722171747776,0.27058220088663437,0.2729363607615956,0.31908511154531377,0.2521895026091789,0.4736341904034849,0.38324865820755033,0.3182642027377956,0.2575981785397037,0.2746427913620189,0.2657341540181902,0.38430859215927976,0.28383744879493933,0.30582194319102435,0.3677895680051746,0.30740593136350375,0.24865085927876399,0.280485749567145,0.23166985255707262,0.33138816940499183,0.18587474537179194,0.23364603161098144,0.0,0.2608591907900471,0.23455191763888897,0.39020192514545626,0.34763153990096257,0.24157534242159381,0.33836462899339187,0.28035732911520483,0.30888648511382577,0.322110328768063,0.33855154143243055,0.2914332687693052,0.36980357414116005,0.40115510490750833,0.24412157580917634,0.30341347440114025,0.27214276049530606,0.28360530257529704,0.32477838670909376,0.2569712822667829,0.26162941445176585,0.3174710081718468,0.2510156517548065,0.3864789283407342,0.3001445216518137,0.32101529329711737,0.24075065732632947,0.2806646979444204,0.2471862793855333,0.34216070219293165,0.3925952382163311,0.30024754575389073,0.2614608263208489,0.3423840727155702,0.29340167764053937,0.2660043431078539,0.26684987536136556,0.23844391472228066,0.24748952098950877,0.3004343302974526,0.2587942002409435,0.2731178232059338,0.3032445898450188,0.25885327902861255,0.23775100536549335,0.3275151569353263,0.2525534742891236,0.255462943860802,0.3314306017866847,0.23794763785812545,0.3007597947241095,0.2356487965739243,0.41833438003402607,0.33296099565615894,0.24594226208274136,0.2297370948455799,0.31596822705963,0.3223064073396259,0.3580676917570484,0.26303570292719947,0.24044230813196618,0.4470735785516051,0.35563931273740246,0.2647821280174423,0.3325758528559291,0.40081574463544756,0.23534789082758087,0.2533623518507794,0.19284925766529426,0.39869497713447444,0.26585263967625206,0.363933883734583,0.24169831142106402,0.30055816861763845,0.3261306016336163,0.2894371522680658,0.25163615706636705,0.288563084021369,0.28451838186081835,0.225806376561253,0.27002920886828446,0.2695842377055591,0.3552399323197967
0.3254643272383782,0.3241429210362548,0.30520621267463593,0.2767969687884423,0.28354499672404504,0.28626306317248834,0.35567618371760296,0.2728995217297473,0.3119425454251241,0.31118404944085054,0.31825407465512284,0.3048962109885212,0.3308105405580598,0.3304441847407947,0.30455542798519464,0.3882716264011202,0.344969923397354,0.3554648710251671,0.2921011972338497,0.2995138244809464,0.38207656784313127,0.3049542102672352,0.3287238946003468,0.3237543466377561,0.40209747392509876,0.3737193434753573,0.26994392091354996,0.2934358620022698,0.3002997109195947,0.44421822610135636,0.3132459339464678,0.36425775046586734,0.32831914162580167,0.2956536559463726,0.2764982950310283,0.2647943363675804,0.37076034125423546,0.37967945324131347,0.24897863809185564,0.3702761900047321,0.32002303547397426,0.3216964943947266,0.36143868751827457,0.37749213330844145,0.32407406393847493,0.31539535982107897,0.3676655401042614,0.29911231834898766,0.43077405883253367,0.276674463279369,0.3480048375400784,0.3430016033001501,0.24248483200625526,0.2865780436240169,0.29669051877532804,0.334632933485493,0.3321151928099541,0.31820218896149655,0.3218660490988904,0.29151444197903037,0.2345996336945761,0.275950705027457,0.324950307302389,0.2524711942885544,0.24856489095048734,0.2778078317843158,0.2765446520758715,0.41263139069561355,0.31576645591058583,0.3476218245836615,0.35370232216405517,0.29721147857166613,0.25527318096059043,0.3359847417007638,0.2864015739101919,0.31329843367981286,0.3185880884380572,0.39860775382452845,0.32151525403343867,0.28075097024353257,0.38189943505382723,0.2608591907900471,0.0,0.32345887845897636,0.30341913205334,0.3996977723281475,0.28071407632494094,0.3022655249781873,0.3176291190289778,0.32301720121776856,0.3460519716878703,0.2803096189198764,0.3531376275220192,0.28145515983391656,0.31869543755108115,0.343488193628513,0.23297705856516837,0.3127738248731078,0.2437578029176237,0.279135943405078,0.3071480207286159,0.24956389756694122,0.294902679046905,0.301749899888599,0.2844476921860487,0.35502736513418226,0.2639646857456178,0.3394792404876405,0.36595633295132207,0.30540642914570587,0.35378861142960355,0.2995537022174693,0.2656196717757854,0.2932284568778154,0.3301230901092297,0.32693899703473567,0.31974488974886156,0.30775166792538894,0.27619929217592676,0.26318655863479723,0.323434310176611,0.24761666379798256,0.2608856275616796,0.5513420364249348,0.25085565791978875,0.40291738483876305,0.23041993419695264,0.316776888818805,0.2910310165669397,0.3542689116561619,0.35578351503236116,0.34633776495997215,0.25525645974915556,0.27021274598147094,0.2291007018972115,0.2988762400902931,0.41579048278953756,0.33537413272300276,0.34112349140934994,0.3563357965578578,0.3246534675749342,0.38209389114470466,0.29254011952071696,0.28900159643074214,0.431048751666073,0.33255897914721744,0.3508304721465696,0.4096255176420361,0.39497886964261325,0.2208621403133904,0.26685559770039563,0.37702634535754054,0.2513800843982025,0.3525584628495292,0.3772180530737066,0.3208782039365391,0.30470025769459846,0.4685914819850723,0.29651082985152744,0.37669988711846053,0.3156574125899044,0.31964893279310763,0.2897429229953584,0.3179478288835509
0.32071313302384596,0.2751824860978048,0.24608448413906592,0.2880343902087923,0.18958451590917996,0.32586203959579085,0.23208968338749783,0.32599547601196677,0.27903608893854565,0.2958840895167261,0.28797107387128673,0.22869464267148756,0.48072857864883484,0.33653471529958967,0.2413429303726647,0.35101374265437674,0.29934616440513473,0.3062035338559436,0.24294953825277388,0.31856868398104915,0.24649794081787224,0.22881328828455474,0.27763895977841724,0.21946714259970407,0.35570636236394443,0.3131378706796301,0.30470009871114395,0.3285857951252729,0.26062850572874285,0.26361272159756577,0.31698687130059916,0.3794985430438157,0.29378865134224913,0.3222729206461936,0.2945699732636647,0.267314188874293,0.3566656297349613,0.3974536477978546,0.2198001904557767,0.2688211638551093,0.2483453332543626,0.2618632223945603,0.29481192812950113,0.2680399415744303,0.35671436198913065,0.2961798170994189,0.24640821362397144,0.25525160881299663,0.30803176420424366,0.2586466291320902,0.26174846523729023,0.25453687394381147,0.23003708735434245,0.23505941553157722,0.286279817799354,0.3661166904641001,0.26883746021421406,0.28055285728691093,0.265369103908056,0.2876922047735309,0.33110582903439373,0.3118841322903398,0.2933757410365265,0.2517505429260878,0.2159691226696918,0.30240469713427337,0.3360893247308694,0.3155835624665734,0.32114196660003835,0.391344184213925,0.2901581808804479,0.2883739098403884,0.3012883795653897,0.3119727161497585,0.37581185805456363,0.32574128812576475,0.2972766395975687,0.25335569930125784,0.3597619019205813,0.26661433784427674,0.35997334253813656,0.23455191763888897,0.32345887845897636,0.0,0.2927898961233766,0.36340324395356854,0.3656751374672382,0.298017062754252,0.4278475804432397,0.33697542450035817,0.2509922614233407,0.2508573539929115,0.2636453736763205,0.27777492610369847,0.2692242839957732,0.2914610048156594,0.2583028412325703,0.31719981790398566,0.23915812156910365,0.3305357570106751,0.341299939746256,0.25650275564839453,0.26696595433298936,0.24453831988143737,0.33058617256652867,0.3294143415159815,0.29994960518341107,0.3472272089376465,0.280116621921776,0.2294114160967337,0.24016977482831853,0.2627591134188276,0.3570287231053053,0.3537566436737376,0.3499827210037109,0.2895621823801998,0.3391751079066254,0.24286231673588415,0.27155042715459304,0.3028774632940512,0.23002036313694416,0.305917097178318,0.2775589420961997,0.2927240656396912,0.2611233195355572,0.31920058652469613,0.2608419818985593,0.2634777749187667,0.3061915762467139,0.31308078618553975,0.3967776082774206,0.313211147197666,0.40351725373333386,0.26856438581085185,0.24502195829949197,0.24805597020261894,0.31661972397657623,0.26996323211465784,0.2958899498126512,0.30624133996694325,0.3519035460022777,0.33956150101241944,0.24704291713225293,0.2651272563504091,0.33757444063929243,0.2752122807334595,0.24284501717356238,0.316589555006634,0.31513275891321507,0.24926706325190556,0.29151668631865696,0.31745015966078216,0.21292357565750325,0.2331409002369627,0.2995170845681987,0.3580352613221521,0.2813223893794543,0.327664361276458,0.2938782440632586,0.37223405502619306,0.31865853036115993,0.33911393839285525,0.2755448283264839,0.24575466011170174
0.3540647061916947,0.3160128491045868,0.26217345722111846,0.43039932013889903,0.23769595587833636,0.2601997306781346,0.3219293181413008,0.3375014009481552,0.3574309168204052,0.2760639513854523,0.26812349302442245,0.3026531151703578,0.3033493639623455,0.32014028506389686,0.28631397694567906,0.2967050594034226,0.38784278505723485,0.3798584254515972,0.3125209127265924,0.3261792798453743,0.35240245879482307,0.25319323310105063,0.35765849145458245,0.2544825557481317,0.34250025973882886,0.33140477138590796,0.3104225251470235,0.3632627873244354,0.22594860428550737,0.28329979150655793,0.28590237037332095,0.35132222926628726,0.35319827609390964,0.4379968324911521,0.3070408170673571,0.35234788128562,0.26585825366054594,0.37201074338688034,0.25769028210938766,0.4749938368448901,0.3386539722979073,0.3657315066173877,0.27165912128544506,0.2909816714597565,0.36180431866454676,0.45011303395222324,0.27385321042272265,0.21760184528588422,0.36232664612211174,0.34294009497820566,0.38150637117322284,0.40570457987423536,0.33776515738595825,0.283709536283052,0.3062091223988083,0.3624053398481796,0.41870183071387207,0.3259597357363221,0.36107388027435416,0.40742327569619524,0.2602939071410389,0.3444082073706801,0.33297278035967975,0.28933341878365615,0.36279176931603985,0.3894953432239502,0.39850018538485954,0.2488431688134361,0.29163002864616827,0.2869488069932615,0.34122211662306584,0.3194384695556752,0.44477707936913136,0.38178159028791553,0.34360975814017064,0.31642102222397095,0.33368592683271575,0.3044156971407064,0.39756057253750243,0.24521235962638246,0.30705159286294864,0.39020192514545626,0.30341913205334,0.2927898961233766,0.0,0.4524431801453689,0.2854254474177608,0.33324187470465316,0.3614017029133629,0.3865470066557929,0.36100553752398173,0.38605275147616785,0.3148908611514808,0.38270471045217047,0.5890797519656514,0.24853936789404565,0.2552012153912094,0.4133803825565071,0.32294299636209567,0.4347664729777987,0.27048674398454414,0.3019865584274538,0.3589722067233877,0.27295743827525276,0.422860391781071,0.3944187247691784,0.33631661016265096,0.33493779595787765,0.38576263506274044,0.26691453576269697,0.3167870358130622,0.5199596079915972,0.39475767411202195,0.34799842003693227,0.4255899583370381,0.4164379207473304,0.4003636427820567,0.2555599882655959,0.2969604605900208,0.3568727093924299,0.3541391331607255,0.3118538166256955,0.38477122689945203,0.3572418152396658,0.2877338774159407,0.25490174557812745,0.44075559020133853,0.273656252147537,0.38265855156980705,0.3283787492987462,0.3390447213415521,0.31887968131921396,0.29607331173128526,0.3688397090784632,0.2386102791759968,0.256216201707266,0.2511678433888253,0.34731071164323857,0.3337232110925756,0.3177932451394594,0.24544878198783307,0.33410180760106156,0.47903388301476507,0.39962001000863623,0.3156700359287121,0.3901700108976165,0.31904018771705867,0.29977063633118534,0.3234103335375647,0.2744894094862771,0.34237825267854904,0.32391090105920534,0.2867960151143581,0.31401938558060893,0.39512631768932666,0.30259715623594663,0.2844861937812437,0.3058326296122276,0.3094378938984883,0.41667912560001585,0.2870582746599499,0.32302104518511326,0.36453319663784867,0.3396660594225445
0.4159276810272613,0.40571935912177937,0.2994588607662672,0.3857908787540165,0.23862344331408444,0.3097670350816129,0.32226234705362056,0.374840811082528,0.42051559509848874,0.2907009083177965,0.324486795184481,0.34041773134558106,0.3674492238135811,0.3643416441769076,0.33583069610088606,0.35052368115399046,0.37873058500668233,0.4020016913722209,0.36357592826147367,0.40156021309985185,0.3651741703888831,0.3134968706533973,0.3482314230223755,0.28267724310280373,0.38025189533106957,0.31980000172979034,0.3191506996415065,0.3984214878371154,0.2647741041023125,0.330582650321877,0.37475824031761573,0.430211746592942,0.4361848207758966,0.4455591712056219,0.3532072908562094,0.369744457786512,0.32347411932413495,0.4896284806053775,0.27967789273831933,0.45461000033996424,0.36655035518703244,0.3579144006683858,0.2988103001364643,0.32502036468892664,0.5079336278917762,0.4416765549216247,0.29280173611168553,0.24713650606938675,0.40233561886679803,0.39882267376106234,0.4089336025448192,0.36987934555459573,0.3213815248713599,0.33119589433803526,0.3517692916710036,0.3566780029480423,0.44822822863189143,0.33753998276156616,0.3843472616095705,0.4495499802113309,0.2844513987327544,0.30808920975064163,0.3793252912839901,0.28172851508621854,0.30138959600899407,0.3745168502180248,0.38803457833689553,0.3067247319831765,0.32615700948902404,0.34760703081849864,0.39216513719815865,0.3259479414107148,0.35064826972237856,0.41964214986005827,0.41359125621874765,0.3316567798153677,0.3381202248253782,0.29133659148954394,0.4253506657230577,0.23070123191611103,0.3215108758747346,0.34763153990096257,0.3996977723281475,0.36340324395356854,0.4524431801453689,0.0,0.3056789264564772,0.3366600538537455,0.3859881047297643,0.4786058063250527,0.3482460394689545,0.3699258705096228,0.34853521591345327,0.37825704258379617,0.4448174234061306,0.30869534193345144,0.2976957029085552,0.40781376235297534,0.2683368935965165,0.42043170779098804,0.31074816024951857,0.28651297850693397,0.3239448895229044,0.2864522304529558,0.44858246785804357,0.4018723263790029,0.3240514343597119,0.3496358469912292,0.3907715419188806,0.28390857807746417,0.34373477383319484,0.39817343300466324,0.38133927180728294,0.34871657994843275,0.470657739643047,0.4023356490367592,0.41026043775278637,0.28535570770097823,0.2842779863443512,0.292232861408709,0.3270470671511479,0.28227275773217464,0.35673167998182786,0.4640969710059676,0.280916199667851,0.3442273113180866,0.31346382202878253,0.3105975853176241,0.385041836570309,0.38687725335568895,0.3706335177247228,0.36114733925906817,0.2957066586429163,0.37051312327621927,0.27253422381733894,0.2847647221765127,0.30883021207070016,0.358056999595009,0.4025120867727565,0.3759827775448966,0.30238083669955107,0.3616054134873477,0.4035060047072532,0.39257784280368774,0.3661870219298161,0.36898293993001613,0.37224188963233695,0.29810081279972944,0.38119874990208,0.2570725134678297,0.36272466252485175,0.34461843247363866,0.3015889484131206,0.29827596269258333,0.4046717815774115,0.3877995654029526,0.3734179662805297,0.3575200220923028,0.313049026131649,0.38834402462401096,0.2891928234981387,0.3458073793063403,0.2902099474481232,0.33728115002889464
0.29343297111012046,0.23639747596921973,0.21522966553627357,0.29269319192891236,0.1927168025252107,0.26042328799889747,0.24422378001694597,0.36884135075354946,0.2767642909832311,0.24182571956282956,0.2876092374519442,0.22490483351641088,0.35481059766932016,0.2765338379779749,0.22464395919187274,0.2805802449277866,0.2368539101869558,0.2699472694173661,0.22136014514296495,0.2806491504121642,0.24114337437458186,0.21790567473882616,0.27184864986427454,0.21421727816834915,0.3435024112952216,0.30046617895379174,0.27942864824830344,0.2800015715696357,0.21244616475228043,0.24042740961665482,0.29542609453867646,0.2932009833000846,0.255044459082316,0.2913242154246349,0.2653266045759134,0.23647500812657002,0.4069564108618088,0.3117006509584345,0.2176670622750141,0.2674598889456383,0.21355161305719955,0.2645298298469583,0.27253326525684957,0.25962806280285244,0.32958717067507065,0.2680533785165061,0.2107393982147784,0.2786713852396584,0.2951492513753652,0.2244827088137666,0.25486615197756873,0.23150704577456271,0.2021763772340786,0.22614942948879377,0.26132168667988154,0.31561834454714577,0.24693207963869718,0.27799161140988554,0.24661763513236531,0.2386495257874195,0.35696381408820504,0.2516486553545138,0.2781738290522918,0.22422784505129498,0.20425421996057272,0.2750814150738456,0.3793509257880296,0.2893674134170005,0.2692246453861579,0.45273909105791976,0.28037961884795504,0.24153048695379267,0.30045846432448375,0.2844889481040546,0.26246836332390977,0.2828521676517313,0.3111990229313045,0.24073023942871097,0.3040982035412891,0.22813339296513438,0.2788000587000535,0.24157534242159381,0.28071407632494094,0.3656751374672382,0.2854254474177608,0.3056789264564772,0.0,0.27688607355551564,0.30216350126556496,0.3170674426359388,0.2545969312048859,0.2481392592259989,0.22371334099743867,0.2433409888614097,0.2705957161657376,0.2707478035616378,0.24044498602577324,0.2884766366764601,0.2223711909042071,0.26205438721631086,0.28440539226497336,0.32213212274519315,0.28022154461786863,0.2291180785660248,0.27574524264973194,0.26471744125219315,0.2371741029260824,0.29219805728960513,0.25136286788891254,0.24766383775655446,0.24546939940121243,0.26211008038154304,0.3441129865949831,0.2996129901880161,0.2722787614547439,0.23046316010805587,0.2916121416460605,0.2245197655035868,0.23580844534202103,0.25544698817479866,0.2164300040392848,0.3462534724015737,0.28774173905536937,0.28184839690920227,0.27643155463918817,0.2665972874193141,0.21449787970205514,0.2735199647486425,0.24457633581615376,0.27299480609045246,0.28210015712871117,0.2596659232773928,0.41852691604205655,0.24785275734290557,0.2582437225170079,0.23019901233486362,0.24616998423453276,0.24822882153853762,0.2914265838172664,0.28828804681890835,0.2966950403773742,0.28414834510275916,0.2504638414349962,0.25955665302879166,0.3128479738417682,0.27659704368326726,0.2408857085479313,0.23915049425602544,0.28615585816200806,0.1985237121143922,0.32225512601300266,0.2670427369853156,0.20576943273494083,0.22736162730024403,0.2862037502038883,0.39592442463452593,0.2938898152295982,0.28670833650351374,0.30142301590159326,0.290513925852233,0.24511984255472968,0.2994745519102866,0.26487547598535244,0.24922577007991567
0.33064230216209417,0.24290847686878872,0.21287070585518386,0.3045388767167158,0.24001218581509257,0.21361629825938575,0.3140841687074176,0.2741741521298877,0.3880894591903722,0.2546542842009117,0.23896009854043104,0.24955380520646175,0.2761308473563411,0.3513321135046762,0.2929028472334039,0.2583477718697776,0.24767544667669839,0.39150710483513756,0.2600104259055137,0.2999581563919796,0.24735706311797875,0.23283415429960017,0.3380236991232478,0.209079325350428,0.2916982725342687,0.3014066872619155,0.3718202034804022,0.2639973499934826,0.22609537655453155,0.32774942804636203,0.34217454661751595,0.30660116490988687,0.33462937395533476,0.2715988398591503,0.2994323743247535,0.33104365300609895,0.30956548218700725,0.42490069878228987,0.24300061496985267,0.29728010777048564,0.30316431906451047,0.23360682368580085,0.36213174489776806,0.26279349375375805,0.3163828822763954,0.3590561821221319,0.3176989154631852,0.23159390976040925,0.35868376021570997,0.359048924223352,0.3678787730138822,0.25451177381307744,0.2968575438175113,0.2525338975624124,0.3088835995605624,0.27261105754772136,0.33866185107270574,0.26694779427942006,0.3512679090012663,0.347192987572344,0.2244586915066662,0.36319992686531716,0.27683581364541615,0.31864846536705915,0.2926213912914737,0.2959854431031336,0.324047681568579,0.32833671389920693,0.40836337386513816,0.298234066073999,0.3497554283197925,0.4236181081530643,0.2814420868981945,0.2953360506123935,0.2694654710257961,0.34127519313896987,0.26186175444669085,0.27662791296783495,0.38215101498656934,0.21433952443374008,0.24104437109219626,0.33836462899339187,0.3022655249781873,0.298017062754252,0.33324187470465316,0.3366600538537455,0.27688607355551564,0.0,0.39780327353305217,0.2883553157166024,0.3735463349569655,0.38809536508949116,0.33309185534198027,0.2727506741080278,0.3353982449172056,0.29106849092612763,0.2608013224947265,0.27419927714037706,0.3519217887617933,0.3156443755036445,0.328716314052283,0.25336945315075693,0.46153656729908643,0.3185931416602763,0.4715793493786866,0.3278534933699689,0.28748089907819013,0.24737824024994354,0.3421465263388547,0.19656256556683877,0.24142080281127667,0.4187514866379397,0.2852629693594293,0.38198336293441165,0.35153360439199965,0.24182996651706992,0.2918231607971752,0.29552398573510413,0.20535940633292815,0.308241135902326,0.28705602507316735,0.35646956873536007,0.24040859254470712,0.30409156044353575,0.28216554218801526,0.2821072427584658,0.2858299417247503,0.26024153840431596,0.23736514935421582,0.46294226955048595,0.2979005007269382,0.2518671102382267,0.30645527245734,0.27800873939348075,0.22449423869662966,0.24915927409795965,0.2830646307425136,0.34903117386457544,0.35249212706049937,0.43524852929531344,0.36373906237598497,0.2832088431110667,0.33970964571024553,0.36442401269173536,0.3224886432284861,0.44532592477609595,0.2917136210100206,0.28401143817837704,0.291141368088199,0.20576437723401897,0.32421901120182867,0.3427654763224097,0.2627609761967543,0.2739551453347942,0.2755883002051483,0.3188052545193949,0.23473284674138217,0.2502859210631311,0.33922122104796726,0.3335803873611549,0.2703773407038482,0.3542055621532051,0.37400070491511583,0.2527294250975377
0.2976051049032572,0.2621619427452612,0.24497215491712165,0.33555759741469227,0.205382998492144,0.27635743706081306,0.27137405992804287,0.3363515133097708,0.3285877798135682,0.3185176564584833,0.22666710685068803,0.25236710501455395,0.3409276802456367,0.3538229769614146,0.2648888453582006,0.3159087328977271,0.3125001829234352,0.365655901516737,0.2551816569032918,0.28360810898886274,0.2665768375546196,0.21962887086583155,0.3251359391451965,0.20467459112097466,0.32701109147122776,0.3145051513597078,0.3937443441630272,0.3499904875197871,0.23149607308955197,0.29011938924029945,0.3234392712157859,0.3787822363811145,0.31903765010681817,0.3568102902123056,0.29398813621638314,0.28412439613867174,0.29220501709753305,0.4404908969930298,0.2181981422112678,0.3154982082590263,0.26530306845361906,0.26810678114642406,0.302248605769889,0.24713766627186404,0.35011161743763375,0.397597698993879,0.3100522015909833,0.21300757939389006,0.3225991749779111,0.29220044218570485,0.31404730219817195,0.28494040061021075,0.26885871373460757,0.24335174125231981,0.28807169521461834,0.3669738411159507,0.30966745028325643,0.27195857927695766,0.30426988202388466,0.33886581385151326,0.2682794960664631,0.3708120905249492,0.3017312828495715,0.2760273621477357,0.26255364402709563,0.3206200230700756,0.3313826654314876,0.2934956812235606,0.3348256719679329,0.3299283362161972,0.289925444085333,0.3590812630843409,0.2933739313727751,0.326690560594588,0.3554297824751253,0.3660146666891126,0.29326547193082225,0.2928951051094522,0.3931852463385742,0.2557698071606982,0.3255519932475561,0.28035732911520483,0.3176291190289778,0.4278475804432397,0.3614017029133629,0.3859881047297643,0.30216350126556496,0.39780327353305217,0.0,0.3234052995650323,0.29317183100207245,0.3367515734962914,0.28005846496115,0.2839913815981643,0.31593888709598267,0.2717869348447867,0.27143297207444045,0.3682649342946318,0.28893887295717696,0.44875540848671824,0.306163425322565,0.26397290146280983,0.3634609130960685,0.2878148844377858,0.3994259133963345,0.43291984161011865,0.3288746511378956,0.32618735893560913,0.34964061207072356,0.21153562803556283,0.24168627091778033,0.3157601450462753,0.3356471060086676,0.4832228761215098,0.4230783955004845,0.3121579237090197,0.40129189953737116,0.26239624822704244,0.24005631731854438,0.37804796495515625,0.26108138389487184,0.3517122755213034,0.25971692265384544,0.32933411090539855,0.2549472027775599,0.2979408208757058,0.30492093777681917,0.26576653086060825,0.30185335913927863,0.3896330737093824,0.44374577192424114,0.30011192072038706,0.32665702157372234,0.2598753264983343,0.2078229938519113,0.24280344487157782,0.28135413477976046,0.3348597323772648,0.3269360466900089,0.32715067066892267,0.3308510344669662,0.3072037502207299,0.31202063693320764,0.3025726082603597,0.31614297880069797,0.35572387448016723,0.2653874174188504,0.3805274323874768,0.3131894378567245,0.2511492662269519,0.2805203790445739,0.36178436935927394,0.224541898038368,0.26462633026129045,0.3349135042692627,0.2997001955500691,0.24833168938243333,0.33587800222549324,0.2955127226622067,0.4155829326096733,0.3618683063348392,0.3269155410855957,0.36570605059272526,0.2289618157421225
0.40015354970213085,0.32192472469431055,0.23535366521871814,0.3256299769451972,0.21168377417901788,0.2861002262397642,0.2876616766112085,0.28438805440311943,0.37737750120963964,0.2396016296067937,0.3099841813496845,0.2903523521855891,0.3361732366667235,0.32540160928074213,0.27318851777002107,0.2887038251876989,0.2767594696881235,0.3230510783265325,0.26249984060608206,0.34021191802736545,0.2851724918490177,0.26434878101816744,0.2946282980477254,0.27226027196626384,0.3484180201805638,0.33815204800193577,0.28299256001011064,0.30640236952501715,0.2389690913903899,0.266074258620401,0.3168002101806019,0.33965984114344056,0.3315852987247182,0.4079719294097257,0.32053229805519573,0.3029809534980548,0.3182861567035352,0.36853354488251044,0.2591026914612014,0.34729640442073256,0.2799586197392128,0.3193913724965267,0.24387471348468365,0.32443955001645686,0.39361768318198403,0.38335999911902746,0.24337265356159724,0.24834179182366864,0.30926379145151645,0.28794852898106593,0.3149212176475218,0.3045312184514019,0.26551089819040613,0.26938915375783723,0.3021691737926703,0.40772041064946735,0.3384512729828524,0.27908227627421706,0.28761921124638595,0.3356913455560105,0.27097953175322503,0.2957467872561507,0.2833860113283077,0.247611793945066,0.2710846362314124,0.3718221530593087,0.5175564586167101,0.3065884940829143,0.2564354984343992,0.2904556134676488,0.37890303717609075,0.284275699698709,0.37900594563417433,0.3082431475891914,0.3039085765329672,0.36078255009758947,0.2989825003314716,0.267358793622604,0.3823391745326521,0.2586228547366261,0.31455603441232843,0.30888648511382577,0.32301720121776856,0.33697542450035817,0.3865470066557929,0.4786058063250527,0.3170674426359388,0.2883553157166024,0.3234052995650323,0.0,0.3071408882547288,0.34445901405054247,0.26754548411886925,0.37486358872001513,0.3728228458662778,0.3161316371567175,0.2622819093715357,0.3593667270628902,0.2631469461485339,0.3758242319794313,0.3424670032816087,0.2626345187530529,0.3272901361022304,0.2401509048724787,0.3563717243070852,0.33896176275694523,0.2668241212184642,0.30911417922222006,0.31916254042247033,0.2877801479187244,0.31435344864241904,0.37233793413820915,0.39821819127677904,0.31350112818198317,0.39013371693178234,0.32374408084025824,0.32240626111170223,0.23388974794978237,0.2615686391416458,0.28914751292814944,0.29680769964769255,0.2722910971496753,0.38380410077054206,0.38472006167312145,0.30084216617622556,0.3012540889080385,0.2876046972417073,0.2958191189816969,0.3043271854485433,0.3072042214463222,0.3083594243020754,0.2775746043679494,0.34030196856019707,0.3836869648941984,0.2784883585175504,0.2798642690553738,0.2965683515896081,0.29983613189910596,0.3146504058694847,0.30885878728866567,0.2922021706437497,0.3282763854912178,0.33613100701374576,0.31843647586430457,0.37556674297042475,0.34876782684744095,0.29851441251388955,0.2645975270134668,0.29624299211364596,0.2334479325054453,0.3770750747179163,0.27309837024647377,0.24424863043868325,0.2662189516572421,0.34204825121093674,0.41192743018890765,0.33603187571396737,0.3286287417115048,0.32625282334999794,0.3464874106369527,0.2521594669262218,0.3507771322311894,0.30210706530643644,0.3521811006371092
0.365297148729096,0.2480606869778858,0.2608953642865965,0.3086096413690762,0.3424124446570445,0.2418226371827384,0.38970064911462,0.24687054192899946,0.36526745313908054,0.2336394177080492,0.3277780873233861,0.31582955734202334,0.2892433614171296,0.2997754148492656,0.2942717061990264,0.32411030276520775,0.32146418313834113,0.40334839156567726,0.27432922167206847,0.26655721257406556,0.3186035064381503,0.2895538070810293,0.3678097692422814,0.24934350613472153,0.29677365202457484,0.3580582989696087,0.3242220699793014,0.2712409478682049,0.23878625380095922,0.4259919584740113,0.2880111995364293,0.313497505126815,0.329678162819024,0.2869690370658823,0.2828399426819383,0.3406346739181481,0.31093009470502403,0.39347331227992216,0.25933724295039134,0.361111740801383,0.33779925121802395,0.30476035987617656,0.34206306589374785,0.32986916012009765,0.28669897718526666,0.3718514239085715,0.3297739326136078,0.2690636856667191,0.3673416512481511,0.3650054177141224,0.42614011148179765,0.3275686343372426,0.28088108863086175,0.28250253687988597,0.3209283165617798,0.2850241167172573,0.3701647098283587,0.37574159765590176,0.2882443606497518,0.3463857547632305,0.200492239358587,0.34776552970584096,0.33145256481149193,0.28630152236289785,0.2730215046775237,0.2772464851552048,0.2940695143538038,0.3090617310193418,0.31097675581135703,0.2790973706193263,0.37333794485849403,0.2809199181815242,0.290418771942569,0.3231580939486315,0.26664808403887813,0.26610892530319646,0.30962029517878065,0.31500748522083105,0.3577376270164385,0.2230929485484945,0.2773880728089327,0.322110328768063,0.3460519716878703,0.2509922614233407,0.36100553752398173,0.3482460394689545,0.2545969312048859,0.3735463349569655,0.29317183100207245,0.3071408882547288,0.0,0.34824558608725453,0.400792523365188,0.27376262273490976,0.3623228754849211,0.2822143658334245,0.21517697508368405,0.277929612305459,0.2938261877899476,0.2895620976852678,0.2517860483436944,0.2566186232585468,0.4124084511514814,0.2716215992226251,0.36999585136473895,0.37728592523710835,0.27611927775013384,0.2883467661189165,0.39213375034332265,0.24334777717137948,0.3128570937996666,0.44065192151104843,0.2783449459491398,0.3232021024338209,0.36367253366848457,0.3311698130532116,0.2721492907326073,0.297485462799707,0.2523596823236621,0.29493172470501205,0.3857107294966183,0.29942169347665915,0.26465885665036737,0.3902449566959687,0.2524313882967543,0.29055895590128317,0.29359501486196526,0.3114323098996588,0.25491451714184127,0.34033763681305207,0.2778755913061113,0.30045895597022104,0.24694680193842136,0.29201349271762084,0.21498992862060107,0.2561009452397193,0.2733280523487111,0.34668413141567295,0.340555609279415,0.38948001288178613,0.2548065945887854,0.3161238236788861,0.3318795402321894,0.36344548581797576,0.3388224777268872,0.3910104882261375,0.34313720754481053,0.30181100058723576,0.27894536583657537,0.23097303494989524,0.2953127228096396,0.2934509879318993,0.3045843201796459,0.35266711605573164,0.33658193457507657,0.2965666965520543,0.26673928206516095,0.3340223318645251,0.28440682741517603,0.37395848149811595,0.23372575114733043,0.2952533527827597,0.3045693301582775,0.35551920978472135
0.3243091582888652,0.30591644776644933,0.2112786281042166,0.3204447352713284,0.27480293716754967,0.22687160756268415,0.4188901767382444,0.2706001516592044,0.3687567962660869,0.2491300921715442,0.24157881770781078,0.2840735488511821,0.25228023781223274,0.37008660119690123,0.30693941107693956,0.2424673830611359,0.278885483024087,0.3385410575531954,0.2793702548185139,0.3159067407501793,0.27640257738622265,0.2447479429348675,0.3586737535896611,0.26657701371731896,0.29566617031458803,0.2608402612544556,0.3027268687654489,0.28586972100562974,0.2362141774709302,0.2725928441563444,0.3501600354099485,0.29382601746751696,0.36648873031432316,0.38540384331398464,0.4089985501763572,0.4000009672847517,0.2563468095747614,0.355738143773161,0.2600331544795091,0.3605006680598718,0.3937883556042664,0.2915011437317273,0.2813079758457374,0.32109666263584086,0.35748925288879535,0.3479609114836981,0.30976290570480247,0.2231399260617872,0.386898630815105,0.3512752217280605,0.348491040218512,0.2821323844900362,0.33037470917663675,0.26923086746239816,0.336916648778292,0.32200058632683204,0.3195646488077206,0.2842393520864255,0.3780234433276282,0.3824263957690666,0.21474742491907886,0.29786356364015854,0.26027787866003266,0.37564434683384973,0.31467359776569026,0.2718756621443594,0.32522940003269596,0.24802670643215755,0.26692891073423713,0.25136276793980517,0.31651113042920925,0.38383377450075246,0.3013901927121018,0.27860144217924054,0.25612520654348875,0.32123077164533176,0.257555699037494,0.2914287094404009,0.319508008092982,0.21033501163702842,0.27008428314808924,0.33855154143243055,0.2803096189198764,0.2508573539929115,0.38605275147616785,0.3699258705096228,0.2481392592259989,0.38809536508949116,0.3367515734962914,0.34445901405054247,0.34824558608725453,0.0,0.35111949420350946,0.29870212194398355,0.40484463902182943,0.2754544954550583,0.27272121664874655,0.4467273803532615,0.36710711820142905,0.3586123514405596,0.3310896998319195,0.2622369303832354,0.3890870730608956,0.31873382391523286,0.4398807062727312,0.3097105899741233,0.2740500232300447,0.2852494254056986,0.40976020783992967,0.24518334281850418,0.2998687907713446,0.45935616915941024,0.2826519918617259,0.31030996210123174,0.3371696924844592,0.2779895034703667,0.35027131129472067,0.25573010391515294,0.24481971053716148,0.3111122032319165,0.3397331946365851,0.2798055399280323,0.30262046244280505,0.34409414391658716,0.3055108679908649,0.2593983819217321,0.3191064460082154,0.29370317689525416,0.31492219710084135,0.33680039818665103,0.3194123320036229,0.23947100335780783,0.24712723644814094,0.3457782842372396,0.23143113180763497,0.27646869030235316,0.2647361062236601,0.37876855172089224,0.34661307728736723,0.3609119368969739,0.28175723732474794,0.31398017931173566,0.42664998181317426,0.4197501845551576,0.3149842801152112,0.37832700747799736,0.30889173798862773,0.2722355625731377,0.29511867291086175,0.24732412401828088,0.33005803488914554,0.3352598367243071,0.2817739354170126,0.3116587593877178,0.3385307852897403,0.3165268159546612,0.2371019173386953,0.26982546691330983,0.36679777812661674,0.29125067433764695,0.2574182309484916,0.3433159804058087,0.35889524973784437,0.28116809232332346
0.3381235802405685,0.3243751840493024,0.27276219485387815,0.26627683203674934,0.3243762115242051,0.2815883568827567,0.363061687733176,0.27246736901502605,0.3198166270719224,0.2621343393912463,0.3183755303953305,0.3369404048371168,0.3023422800685236,0.28083875879943954,0.34694657814365903,0.3436333054642593,0.33783933193917265,0.3373195302136685,0.31912581528458955,0.33089046463880417,0.327825035241803,0.34391369790608045,0.3111605979836771,0.2800844414130457,0.31988960131620314,0.25983101477527637,0.2783254614393569,0.26375257161111076,0.28014843967256237,0.34142163047229307,0.34346204653192836,0.3978791776644126,0.36433419713262355,0.2789006848728244,0.31880500098362996,0.4425821375088505,0.27426950121629573,0.36188184037539073,0.32925384932168605,0.3258017225184849,0.4486677151608371,0.2696963224566259,0.3820499807510124,0.39260453561493913,0.3082325269627099,0.3261567362208801,0.3247398827517948,0.29520715340167886,0.3587187732955219,0.444916202374525,0.3727832170769501,0.29174190467425853,0.29145732757557696,0.31447717075321524,0.4041458945281851,0.2649654598457626,0.3377525362665677,0.35588220452198016,0.3200448115525213,0.3586085604304272,0.22499731049809815,0.29886770341447766,0.29630140438374286,0.3530662743951612,0.2830509744089741,0.24299307534679765,0.24299353805473178,0.2631670207291359,0.3014767918429066,0.253142518577329,0.3413293808874369,0.31273739354907587,0.2463961335033506,0.303437558790775,0.28660801334509495,0.25338443226309315,0.2770930386803657,0.31312448010340777,0.30077180066377596,0.20819305879432465,0.29832095120341373,0.2914332687693052,0.3531376275220192,0.2636453736763205,0.3148908611514808,0.34853521591345327,0.22371334099743867,0.33309185534198027,0.28005846496115,0.26754548411886925,0.400792523365188,0.35111949420350946,0.0,0.26817133835587176,0.3058869250120992,0.30525546972682516,0.23984355013804223,0.29287000281936765,0.282253330482815,0.2707775978736975,0.29255293336853266,0.2710628617958494,0.28234305747446337,0.3012255493860156,0.3535486427984471,0.3458877568005151,0.300540577502365,0.2780829355472846,0.415267470536716,0.267034195887546,0.3107149059258973,0.4029484936666979,0.2437954123023561,0.27070537092406144,0.32939782491335085,0.29619208730944435,0.2814079698877595,0.3533891057403857,0.27828491917437526,0.2401567177712556,0.38677690212918503,0.24507884065603855,0.24436769122112134,0.3697336426015042,0.25418235123517646,0.3354521605024305,0.2711927231493234,0.3380743621167146,0.3152084795518395,0.3693811330877665,0.28319874703891534,0.29038513622935586,0.21313630747334553,0.2905636364279521,0.2514232750041175,0.29814481859594144,0.3437389083553773,0.3688751670936254,0.37600550727197385,0.38931638181723827,0.26998297940538946,0.3567889852535817,0.30242837296510877,0.39307100728062977,0.3627704412390001,0.30244794205039544,0.3573716200220548,0.338732434455237,0.32021863166391756,0.26251874873425785,0.2669906169698869,0.32259024933585195,0.32404701399809066,0.3995334365640284,0.3559685653798113,0.2734829459881907,0.2543657129486394,0.2920622359457744,0.2850484995706652,0.3109383195987123,0.24692510219687802,0.2745342527766654,0.2552541709522095,0.31808698365380217
0.3852200589304786,0.3759396447413556,0.23264018292043606,0.31647862014514616,0.1979063358269776,0.2790824298403716,0.26237159533739995,0.2468382441385968,0.30345979093785425,0.22251909408335235,0.2669493081892062,0.27600908960121406,0.2834537007193409,0.3031252636859355,0.2572017338981205,0.24522845400560853,0.3134423177818332,0.3396954345514924,0.32973270059791365,0.39886219198437894,0.3385942416609702,0.289738113228516,0.2495356884558405,0.32965304344575846,0.29363943200561954,0.26381279246379724,0.21797838733406372,0.32487125970469144,0.22540979129157404,0.22644007747478495,0.2634538901133494,0.28943775931597615,0.33482198479594455,0.3219135636265724,0.3062137284671468,0.27087512668590635,0.2619491404273335,0.3071364628438447,0.251954433432877,0.34435776609842533,0.33966704711655715,0.2932212892577986,0.24102132359241457,0.29746414102693264,0.3065176240931866,0.35425315423768855,0.2536255804696721,0.2188490083925763,0.3001937870935969,0.33692173507996886,0.3422295100839205,0.43369690433322106,0.4160202020874186,0.31606472149205506,0.25792592202135123,0.31896424420763936,0.47156823599698655,0.22781576851397767,0.31416244428005285,0.3722780559223332,0.29417689366279764,0.26913559604757786,0.3277591253291258,0.2315753218224115,0.44370697489292976,0.47023207525073557,0.335362251849776,0.2693155900108835,0.23273204280517756,0.23937685971071224,0.36059628486919765,0.28956091239935244,0.3720400949870271,0.3156215285878372,0.33191122869398904,0.37859614631344707,0.25517841809332226,0.23039029616928489,0.3297507340228028,0.23724287664961388,0.3234811739373211,0.36980357414116005,0.28145515983391656,0.27777492610369847,0.38270471045217047,0.37825704258379617,0.2433409888614097,0.2727506741080278,0.2839913815981643,0.37486358872001513,0.27376262273490976,0.29870212194398355,0.26817133835587176,0.0,0.38299680841420075,0.2564930554478901,0.31749240221803043,0.29558323058957026,0.24629903453376792,0.3481207825121629,0.28112695281295264,0.22218291764569706,0.2615608147607306,0.23306780673800725,0.3336565207478927,0.29379466616156835,0.3138211099635987,0.266479618417609,0.32479434809760477,0.29311643878018107,0.3709823871945154,0.34297612040792896,0.32683862193895574,0.23891304941035105,0.38753087910154976,0.3508697057426314,0.3444745888872232,0.2194861816133963,0.28800293945294164,0.24937104025079476,0.2916711090091397,0.22551977563368575,0.3635851764632782,0.33606091254812226,0.287307272462126,0.25663411670790287,0.320761375421155,0.2323193000099799,0.29169508295621843,0.3036749407886683,0.25990981143886976,0.29232950033748895,0.2571927002504285,0.4049534702511519,0.30097250115451996,0.3180766276708654,0.30037650860947446,0.29852017495840666,0.27020035121577357,0.2717146672322576,0.2868204562734808,0.2879726454504475,0.40869602592038107,0.3086359237486181,0.3249502778137555,0.2983904443584791,0.28763426036584955,0.25486774100125864,0.27918602828462036,0.2045622297615533,0.3469508694038027,0.2965925715343551,0.28573075248485563,0.2384506382169599,0.2760117229939184,0.3169057597026052,0.31386432237362116,0.26237836798474123,0.31057783808161354,0.30407047777856766,0.26072027727371605,0.34136736804591156,0.2538872004624873,0.3468222662179756
0.37474754269571714,0.3499951712636968,0.25700652127631507,0.3819957870489395,0.2519665705464751,0.2421819933035301,0.34781673016578507,0.3102210611347812,0.39235064219165355,0.284140068854639,0.2797308334958676,0.28407195154837867,0.2798314711200048,0.38016424071227267,0.2845820462090947,0.268883678404783,0.3602005544681061,0.4106933472506182,0.3086396799067226,0.34290945874131745,0.34760006736276744,0.27444436966860886,0.37074312841729434,0.27309839148634035,0.3277467038184082,0.29860431688985717,0.2769979131157661,0.3505763244625376,0.24333987064179824,0.27751352811642516,0.2914240621448543,0.3146226804622401,0.3409229602482112,0.38451576168967994,0.3399059584368689,0.3338914154957472,0.2713187362486227,0.36856437454717417,0.24922048478888187,0.5229110379489388,0.3299320568417799,0.3777754848675483,0.26392295417395656,0.2882764925981657,0.36993462867562843,0.37990881530951165,0.27290755546741924,0.21962758606692842,0.4054950209480443,0.336021153214337,0.386766024130623,0.3590549486492713,0.37642998927337085,0.2951489897854955,0.30360186690689644,0.3422456087147279,0.442766479799846,0.280169309715463,0.44207039398424336,0.38480657208499425,0.25110405628958254,0.29386389420210135,0.33605177114424717,0.30592880642817705,0.38027080842529104,0.36769766123401265,0.37972472230591825,0.2622464366722694,0.30025340970571734,0.2877129732318713,0.3613488685272326,0.35262076826916966,0.41373618656740857,0.36449224430175364,0.3138168556944651,0.34518378182486503,0.3182637573760379,0.2869873277637801,0.35391830666090496,0.23518800874199325,0.30258691155760753,0.40115510490750833,0.31869543755108115,0.2692242839957732,0.5890797519656514,0.4448174234061306,0.2705957161657376,0.3353982449172056,0.31593888709598267,0.3728228458662778,0.3623228754849211,0.40484463902182943,0.3058869250120992,0.38299680841420075,0.0,0.24971816684290066,0.26414931447734563,0.38670834150778344,0.34780108657366204,0.398127044349389,0.27920475626594954,0.2680999825165764,0.35560822735909464,0.272738337533577,0.41833890832790593,0.3197440340156191,0.2864970041349757,0.333516256402753,0.3738223547033764,0.2838947012517226,0.3290073846857249,0.4553609501285545,0.35193449277353217,0.30917055949974354,0.4084212540630635,0.3769951020536097,0.3767306018349555,0.26596297603438546,0.3012724517990944,0.34278583897275683,0.3632796321224511,0.2764029589693381,0.3849392195664204,0.37013251763777505,0.3212404469873373,0.2525294005904956,0.3783817091229051,0.25805054279333306,0.33806588403080745,0.32604835584762687,0.3377660400098923,0.3040726487767849,0.27912887768695,0.40385431650764436,0.24411849886745451,0.2821020497900741,0.24795490052622857,0.33933405875260236,0.35914051840667277,0.30930023612483604,0.2629880255687633,0.33617329228457016,0.5544963699091671,0.4128664835762465,0.3083302757098561,0.3708344691060818,0.31773101314715574,0.27089062351261817,0.3425867269638121,0.2489973304529268,0.36321481365396674,0.3684807506440762,0.2883386661497843,0.30970400973811646,0.34185508788470514,0.3165711960835694,0.2977805969694263,0.28339146858525,0.34558500774083534,0.3709741686831873,0.28557200858674325,0.3552479662803271,0.3522169728636104,0.366529011053674
0.30464224245962107,0.3165996588882401,0.25795341001489713,0.24942024905644652,0.21394767468363043,0.2851717454364721,0.3064399578569882,0.24793000732595896,0.28382009659885143,0.29946878715455283,0.33458090355355713,0.34608772320523257,0.29801847058374126,0.26871212970782377,0.28186558152969154,0.30808301239446173,0.24459084073147572,0.2738997376396382,0.267211425894097,0.2834085728559849,0.26044093634146204,0.3167604959997353,0.25928391004025897,0.268897412073291,0.4030817614988176,0.2875870131340261,0.2711983524856003,0.23783170285593175,0.34112449863398336,0.29285173632131684,0.3302745303147875,0.3321939532686364,0.3210284246399968,0.26119087523234547,0.2732171529189756,0.2916965810652679,0.39762548004686077,0.33822628856579884,0.28148530313983766,0.2669017712382134,0.2821917092181563,0.2509560157729813,0.2917229626360683,0.37530232337068264,0.3001038131060199,0.2669393477396094,0.2526857195140427,0.3405377736334918,0.34469475801189575,0.25114863916275587,0.2721740906248439,0.23857457299615942,0.2033788743669875,0.3179080747010779,0.3941446348911504,0.29822522991579237,0.2674308976889112,0.2738803581592981,0.24798322402950046,0.23505635978788297,0.2361234417066947,0.23706268219416488,0.23948254200590574,0.24412867190808193,0.21250928056479304,0.24094262058450336,0.28179007412954465,0.3564057609879907,0.29764481604619597,0.2841146677543675,0.3092164055510526,0.2758750368434471,0.23487991121456836,0.2619927033444378,0.24718284571845242,0.3148207531122162,0.24787802672648862,0.308737967696561,0.27197713525910683,0.23518452600384818,0.28197306979227393,0.24412157580917634,0.343488193628513,0.2914610048156594,0.24853936789404565,0.30869534193345144,0.2707478035616378,0.29106849092612763,0.2717869348447867,0.3161316371567175,0.2822143658334245,0.2754544954550583,0.30525546972682516,0.2564930554478901,0.24971816684290066,0.0,0.21964555734785554,0.2819780641811182,0.22791079090434557,0.236858542268267,0.3721600420270402,0.24394527589907267,0.27911462169376766,0.3629667086079168,0.25305640876038993,0.26391142839767723,0.2374500443255456,0.2885142670162318,0.2747656978840357,0.2792731575739788,0.29779173391217667,0.2679078418577219,0.2595977166630601,0.2682063053477223,0.2761345926254841,0.23523167071096984,0.24968309742286063,0.35775896768851995,0.28501121739339336,0.2506713100615005,0.24554386870409586,0.253730055642567,0.2390754633715763,0.3186505739993076,0.2468086109699527,0.4466759111676547,0.19476696796496762,0.28109339680173273,0.3040175484950077,0.3522113952232178,0.26589169712022565,0.24579803800416042,0.26470747532151584,0.2526788492594745,0.28621316638564054,0.2721259970407041,0.38489897310759646,0.3018291339968996,0.35122256629222676,0.31922025408173393,0.4045372591238653,0.3368428089893687,0.23551626165321318,0.26713520409130226,0.4777827046302115,0.33204236941506654,0.2867222550267542,0.28178320234865606,0.3683374340567455,0.20993908228682429,0.28645802104046436,0.2947381040797503,0.2310565216048442,0.2794053261450103,0.34505182806527857,0.33524124109020026,0.2673816358685501,0.31807985603346706,0.30817482109539385,0.2920994099911426,0.27186133582504274,0.3079395871939862,0.25031058305351384,0.2758882548005076
0.23724510738928542,0.28027964100502173,0.21817219738480445,0.2852499178610802,0.17027514696760007,0.24387903667900482,0.21677562557777014,0.3027800046150609,0.26783948863606627,0.19246148073793695,0.23530922486841416,0.2571869755791215,0.24243135704844787,0.23978108333307355,0.2576478958919743,0.2297952056486129,0.2521755778143658,0.2532953700823392,0.33992920458340636,0.29863798857446117,0.2929648690901165,0.25123471260597824,0.20065405482371038,0.2474672473668371,0.22656280972722345,0.21805289392674232,0.21625752396716222,0.2608708258323982,0.18528073931909395,0.20108100383302185,0.3065882005634487,0.26519542738601126,0.33551573668545337,0.2757096053705204,0.23398594717769075,0.2678890970353726,0.23045958970817287,0.28623712652019534,0.28414212824909524,0.24367845856885972,0.2792690814683896,0.21506966580053946,0.26362660757103085,0.2306356056330266,0.35751122625957565,0.2746219392010511,0.20402589324366394,0.1989502790656685,0.24045832018269986,0.2885710448170462,0.2867613445058258,0.26350520128000243,0.30102743353925304,0.3636250114383511,0.27620820100027155,0.21186739433583085,0.3175245110962644,0.24226210982594978,0.28862289710709627,0.29640425896621825,0.3208543436022636,0.2357608375357802,0.3130978177774638,0.2277433539193381,0.28096981797681647,0.31429060581926405,0.26135922771868003,0.2165664279056258,0.2386145115313946,0.259750223029292,0.26932595470405246,0.24572580381677667,0.24335078241073194,0.28816432214913856,0.31878763687534334,0.23845525344489812,0.28371367155847904,0.19876285545984845,0.2942741997158386,0.16900333457193562,0.22372088098161252,0.30341347440114025,0.23297705856516837,0.2583028412325703,0.2552012153912094,0.2976957029085552,0.24044498602577324,0.2608013224947265,0.27143297207444045,0.2622819093715357,0.21517697508368405,0.27272121664874655,0.23984355013804223,0.31749240221803043,0.26414931447734563,0.21964555734785554,0.0,0.26745474993325163,0.20567868357923905,0.2830967395127846,0.24749700482337444,0.2545679808037303,0.23366892753617757,0.2154939364065538,0.327512229499577,0.2461989962796832,0.31677035961821104,0.20967879673606896,0.2495143377682305,0.21610747989167245,0.2848860821757324,0.24263607743281776,0.23168815903556372,0.23297154676902987,0.28044610692199784,0.22908111027061884,0.2543616563285511,0.20384979834301695,0.2109705428534511,0.20457811929446842,0.21407804445012638,0.23153771499498774,0.2214315157631744,0.25407741571901443,0.2073902357910966,0.24024407942772188,0.23588674528184966,0.2751355527268256,0.24055809404204895,0.26077624065761584,0.23746153016720573,0.285899776791117,0.24039027978488833,0.27347215810438513,0.28447972255763915,0.21797986498012528,0.22078048762614383,0.22557547802948286,0.2674620233963086,0.2643943931767869,0.27244768918929146,0.23508856512081922,0.289594187660189,0.3168358477318573,0.24787219015900305,0.2254778442338288,0.2716640931644824,0.22368047221620463,0.22501719592865796,0.18619418484016914,0.2932367023739618,0.2581007684360598,0.3178083841353597,0.20530378626688203,0.2456943599938047,0.2873961588726232,0.23570161632771008,0.21687920917926634,0.2215748695869948,0.2215665253941404,0.2155379875568086,0.2301835285883962,0.2147104178664922,0.21213037031837956
0.29707742603179477,0.3630638931168007,0.2609552774807484,0.34968952898963807,0.23014245111154433,0.2835318408391624,0.3546824033904404,0.3378913591577064,0.3161847733201334,0.32783658175514646,0.2584846186549109,0.2874360984044039,0.3202650980036492,0.34382036792068016,0.27437743132088077,0.31800011887991464,0.37088909038131646,0.30659647849030575,0.2827404025060536,0.3199321171622556,0.3179756998874789,0.24408920365375497,0.35529700703633776,0.2732335639702955,0.37121365297282194,0.2900489496638719,0.3101822266418799,0.3695460475455852,0.2621580020544271,0.25405148374508485,0.3427033826019664,0.39337975400432285,0.34015657865991555,0.5072420908618049,0.35019744985145806,0.3188024851121921,0.27148227284087895,0.33591944089259734,0.23512798843201255,0.3982479159615989,0.327122080265391,0.38190825025564584,0.25722209526477,0.324361980755296,0.4331949009117623,0.33477111609862925,0.2834911619640914,0.22805995759986208,0.3881856116995709,0.27273825641741,0.2898201118625649,0.32325027701372644,0.2768990930793752,0.2815890440020357,0.31885073563849214,0.4140333955929826,0.29560700188387795,0.30666227337722946,0.39068990054926866,0.3117457186696682,0.26399642656096883,0.2720091540626551,0.275371836153799,0.32469784989327877,0.2602184475001388,0.29929762676839344,0.3620361334459235,0.24012649397858057,0.2732718670501622,0.3032959724215787,0.28300610154851386,0.3227223235120577,0.3372357017046066,0.33429517336482195,0.334679751259207,0.33184747941971743,0.310573370394466,0.3162342424164036,0.30662077784162084,0.24299863964666937,0.35271279809877015,0.27214276049530606,0.3127738248731078,0.31719981790398566,0.4133803825565071,0.40781376235297534,0.2884766366764601,0.27419927714037706,0.3682649342946318,0.3593667270628902,0.277929612305459,0.4467273803532615,0.29287000281936765,0.29558323058957026,0.38670834150778344,0.2819780641811182,0.26745474993325163,0.0,0.285131397764926,0.41657495571079195,0.3066795882201806,0.29149302145218037,0.3170218262375749,0.3034187842770963,0.3371777309386636,0.3463315447095355,0.3033852199498416,0.4359464035803902,0.35971199716013,0.2985601419160783,0.3345205916476704,0.33164621332063887,0.32632240616802666,0.3232822525792449,0.330583993294062,0.3388613520550414,0.4984120648870713,0.24470651461957824,0.32405033319686743,0.3347613062510487,0.2862286751579665,0.2752524312963488,0.34848154170990875,0.35199723347993833,0.2787129701386067,0.2872229177949934,0.29962198031985693,0.28361717942576364,0.44553584857953754,0.29326637212224704,0.4265567213325194,0.30202024092214835,0.268235828502528,0.30127658389927675,0.23621744456075291,0.26773626054999583,0.27607123726021726,0.31705037653202944,0.36456014994841485,0.2941624735077881,0.2828434501357736,0.36073755587267686,0.36324252569049614,0.35212430470457506,0.33511228815420263,0.3321586810209827,0.27495997672402256,0.2990188166694485,0.35813021862872035,0.29554213802178353,0.30105374868267093,0.35968688729383047,0.24786784048816318,0.32466234138255246,0.4388792627430541,0.302055319426181,0.2560616644617575,0.34889497552050003,0.3183516356689268,0.3384379873144908,0.3503464172583378,0.33602664234425306,0.3603249140152094,0.260759193127851
0.2747482328570093,0.2367874640108928,0.17428626230597727,0.23735691466361564,0.24258253148620038,0.17828072205612144,0.3124913982668793,0.2092676300136927,0.32931615571247613,0.23056914078865676,0.2007384683294044,0.2117238778226639,0.20934524850986178,0.37716918609415595,0.22803583734648156,0.20881486656908943,0.2228063873029886,0.30304615003990776,0.21214783257524517,0.25788810138263407,0.2131436002945406,0.20335221267606252,0.33986704964332143,0.2067355803837133,0.2461861029998322,0.25846208558717004,0.2757419505721088,0.2224658696340083,0.24118096997898167,0.24438663184490297,0.27584817573883286,0.2388273065360471,0.24201417479570525,0.2655433854142928,0.32503557962848934,0.29916798828363317,0.22817717995237355,0.3283650226115274,0.21626918398448094,0.2744440396723732,0.2519582788680233,0.24532193885757064,0.2628376307352138,0.24417479455319577,0.24770680404542159,0.24936369593075167,0.2866472739118461,0.20032425579662308,0.3288965548267558,0.28069634504991686,0.24997670813939218,0.2248881115957098,0.278616746728007,0.20045919215826297,0.25145261714419326,0.28966375887551377,0.26181109142631803,0.21203933726258456,0.2984936037861668,0.28266917082557563,0.1752261478540851,0.3092995130553785,0.2088110670364536,0.4606761859692343,0.27854566434054007,0.22135763412546708,0.2538012873285314,0.2218490177164739,0.2561896623765552,0.22614184317619343,0.25569691825129487,0.4386144422375628,0.2706055853420587,0.22009335869094918,0.2077864662494493,0.2986155860541777,0.20953785951898252,0.26628403879622153,0.2668888819235689,0.22606102476236653,0.2160542565761855,0.28360530257529704,0.2437578029176237,0.23915812156910365,0.32294299636209567,0.2683368935965165,0.2223711909042071,0.3519217887617933,0.28893887295717696,0.2631469461485339,0.2938261877899476,0.36710711820142905,0.282253330482815,0.24629903453376792,0.34780108657366204,0.22791079090434557,0.20567868357923905,0.285131397764926,0.0,0.2640580444653485,0.3426299336204545,0.20030031614093605,0.3288400327903789,0.25096036991180876,0.3387037542488998,0.2403799650011024,0.20265074485108212,0.24974954123383053,0.27338712291052314,0.19267846246702397,0.2193665404962322,0.3965267900019721,0.22755207829753,0.3038293166862064,0.2972468107884842,0.23622752441732187,0.28498633377190163,0.2612342868050455,0.19653448715008703,0.37341392847683025,0.3242234194877643,0.2517914256164094,0.27398165533289065,0.24092081934493342,0.3667221653937307,0.21307170591751803,0.28662248411848723,0.23710087239979552,0.23686594071684686,0.3217850165018951,0.29163964635553125,0.1976385430233058,0.2631829740793814,0.3188948224284635,0.19463806791695992,0.24487926383696057,0.24494680657133197,0.3428558977228195,0.2828486308649775,0.27870994471066607,0.2380336013889012,0.3103422875876714,0.30977872249995414,0.3057276363680054,0.286980813823164,0.3579116611991656,0.24482600459402543,0.2285265644093473,0.2573202776527402,0.2754986694602423,0.27053124060418593,0.3223413917230359,0.22648713439347795,0.23381197686826863,0.23438857371237307,0.2360703560252201,0.19246459915072883,0.20744193718223822,0.33844489782638965,0.301957227766284,0.24979501739551394,0.38188020683045787,0.3367306325212749,0.2675208904735554
0.33400838391655696,0.31215023291463345,0.2736488274388031,0.3679811110493153,0.19767716563148044,0.3043551700875002,0.2733495498297914,0.3449964551974241,0.3287358619350806,0.28164022530944705,0.2423533384141029,0.2646732522173449,0.3283343456434192,0.32738908664721184,0.2730526789131698,0.2861462702080943,0.3711647852904031,0.34053268440916307,0.2825110944660622,0.3326252010707903,0.30481664804962233,0.2417673134034824,0.27593668526648885,0.2376041041583273,0.29413664639150816,0.3028984275477759,0.2863650619089012,0.4370482475435055,0.21382210628955198,0.23745995560026137,0.2991713896454979,0.3740925196829445,0.3565959751184308,0.5021975366289549,0.30234880806222303,0.31247011848899814,0.2468905678336893,0.32119296005384124,0.23067737010463912,0.38942068141889585,0.30729536406834096,0.3203875183948874,0.24501177205230093,0.261041460919488,0.3905895951123065,0.40175954565331423,0.25382848839809813,0.20316271085088122,0.301780127413358,0.3198680431007154,0.35512588355110275,0.3699340325193746,0.29025969288416653,0.27810621685713366,0.2799094217039009,0.3477756603455299,0.37854027520254263,0.26518062995367075,0.34179932678526564,0.4009617626024526,0.2970632548535328,0.32527437767312795,0.31829817686850836,0.25597675045281,0.3057930184091416,0.38849837311577984,0.4146668447129959,0.2554197205308479,0.2700326762334155,0.27380327285206413,0.33156552704004794,0.3170901863451767,0.4001166475397704,0.38533187481268244,0.3879825993947466,0.3195382089671473,0.3368835520405123,0.2497536381847849,0.348120716856112,0.24430941879171106,0.3136031490534757,0.32477838670909376,0.279135943405078,0.3305357570106751,0.4347664729777987,0.42043170779098804,0.26205438721631086,0.3156443755036445,0.44875540848671824,0.3758242319794313,0.2895620976852678,0.3586123514405596,0.2707775978736975,0.3481207825121629,0.398127044349389,0.236858542268267,0.2830967395127846,0.41657495571079195,0.2640580444653485,0.0,0.27725330711802804,0.2610699095967887,0.324225472860791,0.24602864143799663,0.4161631408015469,0.3945300428056245,0.3548186858864531,0.31035628846409785,0.3307878209591696,0.24464055801676204,0.29889861822228214,0.3299669377204896,0.4264394854894862,0.3306585120788056,0.4010111219931569,0.42559123263137194,0.3886007751088457,0.225387191047396,0.2916884524991041,0.3379652721125924,0.27069774775437416,0.2900054779207357,0.3326261107059456,0.35369401915345094,0.249299529793644,0.2633635876599033,0.40702862598667144,0.2557204982638475,0.3593638801930952,0.30517637862021124,0.3574730611657269,0.33319005803457474,0.28618144363184683,0.3397776732370973,0.22852135909056895,0.2351888939336097,0.23744745138331141,0.30244539802561127,0.30966561101659285,0.2726547224734615,0.26031820300861613,0.28713006357421045,0.3908063111569095,0.3410387547900525,0.2789559920048221,0.3290332047594402,0.27700965163470276,0.2965434968047152,0.2770051374318869,0.24162936152625067,0.33740645193885355,0.27939231940918713,0.24379557673959934,0.26520539974702817,0.3369042425430739,0.2866384702701895,0.27437546160134124,0.33055025909166874,0.28275973531966503,0.4078290186722764,0.30235311464384756,0.3051616828863728,0.31234499066889576,0.2825015722062884
0.32135548586479334,0.26800098416875395,0.19344638774147183,0.2395895983770425,0.22028127572115444,0.22683653159667283,0.27744633003075025,0.23330462113386913,0.3295448021043902,0.24546912225385778,0.2560281110746474,0.2253884237538718,0.2743753137009524,0.3879397369488466,0.26704475578479586,0.24887964947230928,0.23464807020278403,0.2974530035175074,0.22969516488874392,0.3714550783521502,0.24016454825072833,0.2484662987335227,0.26436959171176855,0.2712135183729527,0.33272767075524223,0.26270303380591714,0.28920936498283706,0.2665700890008258,0.2700978332333318,0.26550273045333184,0.36870337747558596,0.27612828332426015,0.2810229439746415,0.303799310261476,0.38642566707340975,0.3126025248012876,0.34252424735029785,0.3697302158000803,0.2408054658944654,0.2563087123589034,0.26754892040776895,0.23266042513580162,0.2824872321820224,0.36822415431415656,0.31126805082942577,0.25146824193660644,0.2461704106796698,0.2731518087102799,0.3469284598898159,0.2758786339771895,0.24488193391739427,0.22380173958874522,0.22746327621810855,0.23620747163080896,0.2864605380924189,0.3124230453043544,0.2634584557409342,0.2160367118215139,0.2857944247132436,0.280525226360708,0.23094038918415982,0.2584820191049014,0.21727619055464073,0.34068649348785146,0.2536839550256609,0.24788833234119956,0.31690043888656777,0.3092483323957907,0.285586901433933,0.27819375513110317,0.28885412286802875,0.44714877117201185,0.28021283892069326,0.23951791086971141,0.23879609561208684,0.38494581730020416,0.23095203025612446,0.2777375295349242,0.270551433932958,0.24697507577165922,0.27502907123268694,0.2569712822667829,0.3071480207286159,0.341299939746256,0.27048674398454414,0.31074816024951857,0.28440539226497336,0.328716314052283,0.306163425322565,0.3424670032816087,0.2517860483436944,0.3310896998319195,0.29255293336853266,0.28112695281295264,0.27920475626594954,0.3721600420270402,0.24749700482337444,0.3066795882201806,0.3426299336204545,0.27725330711802804,0.0,0.2177182368610224,0.2891729644313629,0.2871739467069445,0.29803902170541224,0.24490938919051825,0.22004101558924544,0.2730740718201371,0.2688054182148224,0.23490853967131803,0.2598397097572835,0.3036755188733064,0.26689137195569496,0.29900261909351816,0.29201857028101996,0.22756171751786228,0.2751264211175096,0.2885968842467292,0.22722732426063147,0.3174145213804077,0.280423328993962,0.259529139641327,0.2661015174565807,0.2978182054616595,0.3503779936719267,0.2844467902615089,0.23506665784284295,0.2663571287615216,0.26912894784423996,0.4047471364020984,0.3070791153613781,0.22501067513107936,0.3270593673086824,0.3186897648559479,0.274747608697155,0.30509315940956405,0.37857532555161294,0.34685389399769845,0.33117698602804,0.31925493204339916,0.37497381960104414,0.355300330079344,0.2563911043967154,0.2968364641495192,0.4229974998300722,0.3291212432468883,0.2745755844849657,0.25787702356836956,0.29338385928982896,0.2165841639456122,0.3419292421930246,0.3023447533742379,0.23676953890182334,0.22944843922541797,0.2766551457076476,0.347749618541038,0.24658737371405132,0.27178107234200644,0.4117960035550948,0.2901063855164241,0.28240520435156746,0.38224627528303207,0.2944501456618324,0.28779848450213014
0.24309150188077883,0.24179450424248858,0.26436901152005254,0.30835237420956807,0.20143520512081403,0.24002433502863244,0.2676521887168856,0.4164940043458164,0.24028022970123625,0.24414447685254517,0.26876977375321603,0.2703921035465541,0.2873420447919266,0.21761652043551594,0.28088597453978975,0.30224119899170876,0.2649869043403187,0.25626267855450496,0.270915690368031,0.22886445040562303,0.28247744676830117,0.24366933257590676,0.2550640035166441,0.2156904630664524,0.29793243925780194,0.26184191509391713,0.24851163457121583,0.24278187924972017,0.19665931935559838,0.2333153016747235,0.2795835380555874,0.34001069568730174,0.30057230304806126,0.2856755040642046,0.20998587734841867,0.2885723394284589,0.2627197515420685,0.27543212119189614,0.27711318142892155,0.2806170919703297,0.25206945561899285,0.2627569791494444,0.31962642861069573,0.24954125373021918,0.3461805906174011,0.325791083295191,0.21156878122551462,0.23326555965733786,0.28078293001364985,0.2572706152841802,0.2998013079673824,0.22908672452926856,0.20855935905586614,0.2686328916692099,0.3187768527910293,0.24286688389939062,0.26119066855663836,0.34700865670437997,0.2737016786643975,0.262081435830136,0.2956789379704715,0.2668333588647953,0.28521924661345566,0.2325602488097674,0.2327848179454784,0.2821995659379397,0.28633268609563667,0.2385422547247954,0.29402145623790527,0.34819369632570146,0.2757343700802121,0.2102309526402583,0.23105202738946257,0.3268644396771413,0.28308307095011614,0.21245309923601627,0.3661031869681366,0.24130355458917058,0.31050095113165793,0.1785054573528319,0.2537416805954302,0.26162941445176585,0.24956389756694122,0.25650275564839453,0.3019865584274538,0.28651297850693397,0.32213212274519315,0.25336945315075693,0.26397290146280983,0.2626345187530529,0.2566186232585468,0.2622369303832354,0.2710628617958494,0.22218291764569706,0.2680999825165764,0.24394527589907267,0.2545679808037303,0.29149302145218037,0.20030031614093605,0.2610699095967887,0.2177182368610224,0.0,0.2640705560022224,0.2517377980457183,0.2820030051402724,0.3035786598899255,0.322468688316341,0.2621075556992775,0.2847383490283752,0.23859082861630507,0.2665428958229059,0.2667192430387837,0.25271025744945963,0.2666120374387825,0.26530173997530937,0.22841186103649194,0.2524745097665245,0.26062818768909535,0.2434921857582556,0.21285047088026646,0.2260422505278156,0.3111364734843783,0.2191324809487472,0.27719164809469893,0.18417518729802315,0.2626245644733047,0.23735151950999467,0.35390725745101237,0.2860473683265038,0.26554263619688423,0.24203938454331816,0.28660585960823287,0.24294318606787352,0.20827337807156188,0.24703537215046137,0.21026329485225081,0.2117072191715137,0.23792175270306914,0.3029035742463604,0.31325464421422333,0.2430085940943566,0.2770973155015925,0.2544797451208469,0.2807049749475362,0.2664563540967593,0.24440002082853854,0.2530685203540483,0.2831863316592969,0.25939601718384914,0.2331934522153441,0.26424768090593487,0.24724672699968497,0.2460995808923514,0.29778666619698235,0.3812000278086878,0.3104869251667902,0.24120069883642964,0.2731391567591028,0.20206528707005006,0.2599950581834752,0.24715905109669817,0.20266038916485335,0.26315972862085824,0.21893542573163305
0.2948041413847997,0.22997450616140222,0.20864089315328663,0.3350450001685575,0.24698099296235665,0.2033459411765796,0.3357136190025337,0.2534950389021084,0.3323258159990812,0.2498737301148732,0.2392096857068996,0.2677855398779007,0.24435982078956656,0.3203951809654918,0.26543585742768966,0.2424648993982049,0.2378017177707797,0.34494067816135854,0.2591204840040715,0.2507724207063217,0.2622204746735652,0.21709493617299094,0.41928894061851757,0.21227441910362507,0.3191125635021773,0.34384780672673027,0.36804426297731635,0.26006923563669476,0.21414782357799353,0.315929294116352,0.3021038329143482,0.2768612705665766,0.3047414242036129,0.31649315999037764,0.27208198829343716,0.32323462271404535,0.2857863641838892,0.3684971637053818,0.22992079889428194,0.3044509902827877,0.2878503152074596,0.2534605052641162,0.30509098167049564,0.26605057312671115,0.3105660200540201,0.358219383674637,0.2950613206269273,0.2228850961077112,0.34528502730513344,0.2986176513746284,0.3409480809674113,0.2630266593754371,0.2599823132104257,0.24843802268842377,0.27821763231146435,0.2768306779919322,0.30179763467121673,0.27460120200474025,0.3081383290543989,0.3239610259460263,0.20562561234283988,0.35086212999538346,0.26486648004057217,0.29580365453892105,0.27254218610090836,0.3064431274126127,0.3454425272304451,0.28248311423045924,0.3436233788340405,0.29260639704968927,0.2963168287147591,0.315685030848294,0.30383047460703894,0.2827004094598781,0.2398139938804025,0.3238777009302882,0.26587246003721493,0.28018894511778386,0.37889030561940057,0.21218261720874002,0.24537223494617655,0.3174710081718468,0.294902679046905,0.26696595433298936,0.3589722067233877,0.3239448895229044,0.28022154461786863,0.46153656729908643,0.3634609130960685,0.3272901361022304,0.4124084511514814,0.3890870730608956,0.28234305747446337,0.2615608147607306,0.35560822735909464,0.27911462169376766,0.23366892753617757,0.3170218262375749,0.3288400327903789,0.324225472860791,0.2891729644313629,0.2640705560022224,0.0,0.3341964580550221,0.3703703759813717,0.3016104915109618,0.2691175130527729,0.2667587423186537,0.3391507775042498,0.21604769835369061,0.28450972363172156,0.4067196736575967,0.2843495218732,0.36741917963719695,0.3494926816388729,0.24388756580573953,0.2840641989481103,0.2686097757451551,0.2224437944695168,0.3219410574247373,0.26645097859967515,0.36201341105310114,0.2526458117502459,0.3160501272511066,0.258762353470181,0.27914945481422104,0.29462312108017213,0.2584129302087696,0.2472131329317848,0.3413590979623899,0.282978727680235,0.2337194828733712,0.2812701295239702,0.2730438822613523,0.21643936902868768,0.22687558440146277,0.23527680415940175,0.32100205916392854,0.336644335355831,0.3915373031551099,0.3175893847442449,0.2816421441194069,0.3342498557013319,0.3608244278835483,0.32109382217012344,0.4423301642059443,0.25532652439589876,0.28768486163837165,0.29117356130298977,0.2137680250015391,0.31694205808438797,0.3235075210901643,0.2508773732513119,0.2936120300593287,0.3316373258031456,0.30207294002281926,0.2335264225352771,0.27598540293954804,0.3154097192135988,0.337372593026106,0.26582486356686086,0.31876830254701527,0.42225432468475016,0.2588595218461717
0.24479199379391955,0.28819184046703156,0.2517143175796652,0.2602203108952641,0.22510438503600957,0.2123497566698492,0.30822493132585554,0.2562113467341593,0.25684332923041764,0.3661602593880556,0.24241872945725734,0.31690095498657833,0.22205478045368493,0.26871450137953523,0.26935633256641844,0.2467894123373276,0.239502852281494,0.310740773423055,0.30366371246843216,0.2514866533380363,0.2608009340313831,0.24922250546267044,0.3270462977946517,0.22925106669139986,0.37639429752953757,0.23050024952162443,0.2819006558504042,0.2420831482089266,0.30217828450963186,0.292208463548388,0.3042725419627675,0.2669222884677889,0.30170962053434497,0.2592558697645517,0.25017187048537165,0.29081839212984395,0.26685324113872205,0.3212601330435792,0.2385337329135059,0.2630975581671143,0.2942223048942565,0.23156843393245874,0.29443705184541014,0.26034408978171814,0.2835304291995324,0.27123269729476085,0.2730886528405907,0.23529209927971254,0.33676587583279133,0.24284633463147254,0.26917230489043376,0.22573646005595058,0.23475085205391968,0.2612543850714046,0.3130355662525656,0.24466138575734012,0.2567234304603367,0.2593032087458534,0.306304964704169,0.2593441439390428,0.20351404263415385,0.2323150865656704,0.21880670421980147,0.28172636300514425,0.24406824547842226,0.22529507951322436,0.23299443363917405,0.2642194458597903,0.3368063916754295,0.28554133950461535,0.23603128732461318,0.2917108824492607,0.21409250968205046,0.23974088286199927,0.23247917249659242,0.2883816597337598,0.21418953811269217,0.28761190451355667,0.2778340433015047,0.19481245283754736,0.24401877244945835,0.2510156517548065,0.301749899888599,0.24453831988143737,0.27295743827525276,0.2864522304529558,0.2291180785660248,0.3185931416602763,0.2878148844377858,0.2401509048724787,0.2716215992226251,0.31873382391523286,0.3012255493860156,0.23306780673800725,0.272738337533577,0.3629667086079168,0.2154939364065538,0.3034187842770963,0.25096036991180876,0.24602864143799663,0.2871739467069445,0.2517377980457183,0.3341964580550221,0.0,0.2734700488582942,0.24590791814181334,0.23792684113711632,0.2801053975500142,0.29911863223413676,0.23620309486125382,0.2616805397383481,0.2879823642250539,0.21403766654845538,0.2827963981994674,0.26048522552874476,0.2207530613384518,0.2688939119203894,0.37047779669211295,0.23737150784566557,0.26059996411051717,0.22828052207418867,0.26527033804365474,0.21050436504685668,0.2819549010177719,0.22007860959454392,0.3561749061382401,0.2177454225627332,0.24519849646742745,0.3121745639098234,0.32253436464614504,0.29234956801306,0.21608933722274934,0.22116589324420582,0.2251379996032339,0.23232364288250984,0.22287973317167153,0.2873998804688591,0.29093871239079655,0.36109256490637687,0.3357599379983165,0.34416043316030276,0.2827212823411199,0.2779510926892526,0.29633919850283613,0.31528296950756546,0.32419718099169864,0.23585677749385422,0.3075961601673205,0.44536770788977936,0.22965135529162198,0.24265399438983165,0.3556734794507388,0.2401704045786828,0.3032303950244391,0.35374853889382046,0.2767193079603769,0.21931366370934127,0.25496143767386964,0.27243042989536437,0.24557567919630394,0.2925181311748881,0.28427015576534403,0.3308264401944256,0.2251889893003752
0.38401523166499024,0.2952810148085002,0.24482888138879796,0.3586208560182139,0.23157444759694595,0.25959911803831043,0.2966519937965239,0.333841419811691,0.4186808923287565,0.2366445312436099,0.2859655138081139,0.28977053962600857,0.31482002115686475,0.3569377545988649,0.32712800243328227,0.28719016689949967,0.29529354657815443,0.4078795987977961,0.3064813804906608,0.3511347448812894,0.2856006796470512,0.25808196169079217,0.30358099517608456,0.22667599513460834,0.28512398816974793,0.28985016190998664,0.318590973245033,0.3178987957053187,0.22552943289750285,0.2787387181840229,0.35361463519255126,0.3548350002265563,0.42732213362588894,0.34998184881610783,0.3522438519987818,0.39247040227483304,0.278288583829899,0.4426503440879829,0.26889857828580965,0.34755009537778053,0.3321144181996886,0.2728514602143025,0.32688781041027554,0.2752935779850169,0.416056379875541,0.43065444877009174,0.2769164498959353,0.23090717309575992,0.3253195958040689,0.4100657604938048,0.4253323931930161,0.30812221628750036,0.3505014552031838,0.28870221519964384,0.3564625583642073,0.28853797956358407,0.42194532379210403,0.3146629774468297,0.38408777791519455,0.4469585465072847,0.25514256749416786,0.3651468785502648,0.3506819819112935,0.32570224053299635,0.3248648676844611,0.35534775495646115,0.36838557120993076,0.2806289098993278,0.3437816157898264,0.29482434758300197,0.39798006712859413,0.375234110944151,0.33843896475878577,0.343865017715109,0.3401339508898341,0.31636505534866366,0.29023697601844545,0.25340385815280514,0.4253157940751316,0.20567846800129622,0.25818832810431636,0.3864789283407342,0.2844476921860487,0.33058617256652867,0.422860391781071,0.44858246785804357,0.27574524264973194,0.4715793493786866,0.3994259133963345,0.3563717243070852,0.36999585136473895,0.4398807062727312,0.3535486427984471,0.3336565207478927,0.41833890832790593,0.25305640876038993,0.327512229499577,0.3371777309386636,0.3387037542488998,0.4161631408015469,0.29803902170541224,0.2820030051402724,0.3703703759813717,0.2734700488582942,0.0,0.38223012876668666,0.32600006833001144,0.26144300831362727,0.3498964630055018,0.2193477339386215,0.2735295624718806,0.437120703388549,0.3326620107415544,0.3427164005704945,0.457720495958462,0.30480360023576325,0.33834105881398796,0.26126769442289277,0.22975593708339512,0.3062444163617959,0.3254795120932738,0.30611080448415423,0.30192481524655557,0.3336145962901144,0.28409843849908967,0.2782888263989554,0.32996363676081525,0.3104098030237884,0.29924484882801217,0.3612739431135198,0.30644870569744415,0.29834951875779636,0.30278267341366133,0.3568802215016994,0.24480876684445554,0.2523526262262095,0.24989371613977543,0.3342741771689401,0.36044329637642336,0.3666445763599458,0.30987962198832586,0.3048509837818995,0.40658881322128293,0.4420153464687207,0.2970989776831488,0.3516898363992289,0.32292940143481663,0.2602593419635008,0.28502456209761107,0.23949316592468342,0.38007704564429245,0.3227587838533559,0.28002802125922904,0.26030270744332634,0.3039129445117541,0.3363012079362356,0.27111527077287234,0.26104735727167155,0.3147298622137818,0.3335700810163923,0.24427434257501254,0.34067800518781044,0.29938899901821414,0.2882629588914875
0.3251525095083927,0.2658312819114147,0.3165229959398612,0.34919195793394064,0.24421231558061807,0.3268435773784052,0.3251613442568882,0.3224440471648452,0.3106026502934295,0.26189992548267543,0.2795734666509417,0.3106598470953199,0.41411366364864854,0.27862823191916525,0.3164510923624762,0.4235271340174634,0.39613248103315524,0.33759522049269924,0.2653736899321092,0.2807733411092351,0.33785844721011327,0.2595583722903022,0.2971735642308534,0.24950006282264842,0.29041326636881437,0.38610263868942923,0.3087640886404242,0.3121479254580518,0.2247594622308108,0.3212191876045056,0.295873544014819,0.43564335632805007,0.3719553227619643,0.35182054389287265,0.262741325454389,0.2848672970739184,0.30359256204123164,0.35818716589906796,0.26122865470605766,0.3884281071477588,0.3132333372452528,0.3079262331638781,0.3503025241364692,0.31119572846759774,0.34952675687711515,0.4954492188227903,0.32915834475840355,0.2521371557725416,0.30798098803188206,0.3396211470325312,0.4259641962561433,0.38881699327326813,0.2677387139007501,0.28291645866973103,0.3225232487776217,0.3495003710680293,0.364936458592268,0.3641646483410212,0.28696055339443305,0.35746413326633625,0.255960343452998,0.3883593908866609,0.3781222056730757,0.24480415760169105,0.2712391383734608,0.3422171625271606,0.34144874113304646,0.3360947329711349,0.29878116075077615,0.2813715472819041,0.3880162244331837,0.2850234965362437,0.2793014691476896,0.40624127539560334,0.3471532636576808,0.2844548815177946,0.40762598560588736,0.32814076443522205,0.41760105328782204,0.26580766117486077,0.3619110767146414,0.3001445216518137,0.35502736513418226,0.3294143415159815,0.3944187247691784,0.4018723263790029,0.26471744125219315,0.3278534933699689,0.43291984161011865,0.33896176275694523,0.37728592523710835,0.3097105899741233,0.3458877568005151,0.29379466616156835,0.3197440340156191,0.26391142839767723,0.2461989962796832,0.3463315447095355,0.2403799650011024,0.3945300428056245,0.24490938919051825,0.3035786598899255,0.3016104915109618,0.24590791814181334,0.38223012876668666,0.0,0.38530464981924956,0.30051119890108635,0.4242915050695184,0.2586472120072214,0.28843364793957277,0.34662112464638045,0.3375970641802331,0.3408941297793939,0.4193533673542591,0.3987635140057827,0.3546978788601399,0.2597473158519221,0.2758208295532,0.2843517877795966,0.35049606555921053,0.3051822032108549,0.27624683919207965,0.45446100786000604,0.22458763529690323,0.32185167520260105,0.30476001112001194,0.3582054864900403,0.31298144294762553,0.34953349232957304,0.3163004748832978,0.3944539701777909,0.2673436961536657,0.2513204340498562,0.21675634143905084,0.2665128958259261,0.30465383247945194,0.33403357369466774,0.3042993092421505,0.33211921018642443,0.2545745188841624,0.3030183151518003,0.3182629035266115,0.29020607558175276,0.30916080563014,0.3235743388873283,0.3455659267037773,0.37931639544839063,0.27930204717809004,0.25220187610883193,0.2765499155302892,0.2784136787272317,0.24399957176835047,0.35597222938407247,0.3821379164480399,0.3082853632765552,0.28722944355479113,0.4125367291746233,0.2524684244913915,0.418485377092959,0.2810610209775776,0.26362398457180697,0.3050882440564107,0.2769939285653779
0.26094384786546637,0.2906320968214234,0.3069736352076955,0.38984800049807916,0.20476107254632675,0.34316786873325317,0.2576258585119375,0.3361080110294554,0.243624555248851,0.2499735746407643,0.26079015217981794,0.3210157890594116,0.3468474192020342,0.2261735051788122,0.306175202825845,0.31619101539214106,0.39397075945922844,0.2622498957934042,0.3260563428956792,0.2922247281088805,0.36889851476556834,0.27862365004815653,0.2582483204314033,0.25906751302489056,0.2612997455128208,0.2655995789149783,0.26771608444685496,0.3452642200632242,0.1963212512282093,0.2563159436483217,0.27448944423179916,0.36099690868632756,0.391419881328087,0.3257616181168402,0.2173004553881441,0.3111615670519774,0.25371644017655876,0.28925458748788013,0.31222369657168275,0.3148142650244521,0.3629475398410149,0.2834767470981491,0.30385137626875763,0.25818419155516464,0.34152152966494764,0.41299424145755537,0.25007398878413023,0.21879126117802128,0.26891300210242086,0.389522244043584,0.3970219619062851,0.34145925290444684,0.30396927369636917,0.34319940071000754,0.3015952812664415,0.259754206045064,0.3812812334693314,0.3384509883787852,0.28362234352779553,0.3774211940370752,0.34265097516754695,0.3249421462882838,0.349318828691953,0.23178428216146682,0.2974143636803012,0.38048070916770693,0.29426023681466307,0.24403447361556324,0.2887666175760252,0.257796362626452,0.3027435414426171,0.22575148937876902,0.2656112627260134,0.4434671177886095,0.4524880673676606,0.22899393259984052,0.36671301804854695,0.2514869259429002,0.3298917452859818,0.2076948292495201,0.3043482474827307,0.32101529329711737,0.2639646857456178,0.29994960518341107,0.33631661016265096,0.3240514343597119,0.2371741029260824,0.28748089907819013,0.3288746511378956,0.2668241212184642,0.27611927775013384,0.2740500232300447,0.300540577502365,0.3138211099635987,0.2864970041349757,0.2374500443255456,0.31677035961821104,0.3033852199498416,0.20265074485108212,0.3548186858864531,0.22004101558924544,0.322468688316341,0.2691175130527729,0.23792684113711632,0.32600006833001144,0.38530464981924956,0.0,0.2814924942364152,0.3546955783058486,0.2613337884029827,0.34186062460363714,0.2896480474589971,0.2979234649853429,0.29802503760568394,0.30171676508701467,0.31146422033690935,0.28726000933094836,0.23679402255925536,0.31778010899611425,0.22338533938183436,0.23621203886688588,0.2676104131684752,0.24444207253168698,0.29650427144802477,0.18716719060451584,0.26897461715978843,0.35548205930560345,0.28387881597623826,0.3011833912731148,0.29220540324855415,0.2739404078675097,0.44987935098459797,0.22196894356659283,0.2489391682919188,0.2725705144639145,0.22806406789656186,0.2342402764632138,0.25557905596153035,0.2684466843181862,0.32528582619397883,0.24501497587680862,0.27106283207181525,0.346568789624007,0.3491711131131244,0.2745758897015229,0.24792802233637815,0.3127358767802801,0.35074812127482213,0.2494311177072439,0.2498347878465926,0.2609939899643468,0.2620791195558412,0.32105282266380214,0.2973499154791717,0.34338541924048593,0.2661893273527229,0.2800094558112424,0.31398508633432987,0.2083286536227041,0.29877425702607674,0.2789578546677003,0.2119357557733406,0.2682977403508787,0.23029818310320072
0.30904093949595907,0.3542579829069278,0.2751578068668004,0.2992925579087066,0.24189612296752983,0.2941597592549272,0.32589459337026233,0.30688818872179185,0.2928884581266261,0.4015234345785098,0.29161107339951176,0.2567483001952034,0.34447923309974654,0.3333463395584798,0.24262026167974773,0.35994746943383216,0.36886127209145647,0.3288773216335125,0.27099101672891773,0.29755445351871124,0.2938891980985594,0.26856927386862417,0.3877572637453287,0.26495399100681016,0.433579151309869,0.2688150732370312,0.2902723043912,0.41038503080373406,0.28743032432363314,0.27049027681408755,0.29818394304666573,0.3569751066051203,0.2678511199343218,0.3440387369487408,0.30928264244710413,0.26907785293328823,0.28261655539938374,0.3341932774801617,0.21364183545405932,0.3483881035672055,0.2681415396541853,0.4104077474752371,0.24871237433863963,0.2952880511873025,0.3148470481420966,0.28049041894839216,0.2557484998279117,0.24381044250034306,0.3940421559379098,0.2385063489576582,0.25811631192679957,0.2671975586002244,0.24787899400879287,0.24838948610670453,0.27185456225220966,0.43242756870961135,0.2744938238869058,0.2985466391671774,0.3300693749705177,0.2583609768350973,0.26938315695774817,0.24035420901436452,0.2571860616137183,0.3059548254168708,0.22898888420023022,0.27600703685253336,0.2983236375039758,0.2501455208261148,0.2961179226767524,0.3480175580336079,0.2678969698025408,0.26884214910511145,0.3040959460530815,0.30711708126910847,0.3503361246941349,0.2917936220757642,0.28628108448108647,0.2939506316831207,0.28761746606281274,0.2582824716326598,0.4030750132363582,0.24075065732632947,0.3394792404876405,0.3472272089376465,0.33493779595787765,0.3496358469912292,0.29219805728960513,0.24737824024994354,0.32618735893560913,0.30911417922222006,0.2883467661189165,0.2852494254056986,0.2780829355472846,0.266479618417609,0.333516256402753,0.2885142670162318,0.20967879673606896,0.4359464035803902,0.24974954123383053,0.31035628846409785,0.2730740718201371,0.2621075556992775,0.2667587423186537,0.2801053975500142,0.26144300831362727,0.30051119890108635,0.2814924942364152,0.0,0.30485929806006623,0.2972932104818602,0.30040478751287675,0.2892864713795706,0.31179773098150476,0.3411147848636755,0.286680819332879,0.33738747369039246,0.4092313346709322,0.26129601041856826,0.3606656971633438,0.3105642732956023,0.25862511312699193,0.24947639051611611,0.310462230626621,0.32749607281321014,0.2714110533898194,0.28214887168539715,0.2708684010771656,0.24524379035213534,0.3553435117608587,0.27381364899424937,0.43370929937724073,0.31420855765908146,0.2578828152955456,0.27265420761266074,0.23781533905009303,0.2699514789585473,0.29321471497079515,0.27981719441534664,0.3642051564840202,0.28992895550044173,0.28475865324142435,0.3763249019240512,0.2909362338401877,0.28922874924351166,0.3486690878714042,0.3024515724546288,0.25077765890741505,0.3464619977271531,0.3995208808701888,0.3319050489612705,0.26944935115895524,0.36157382600437626,0.25372669294100075,0.3144572486391029,0.39315531900820816,0.3051299301511394,0.2691309730779592,0.41783892513423354,0.2939646812490573,0.3358699711138031,0.3920832792617398,0.3218358897648858,0.33072845990439254,0.28406732552907316
0.32251587142334776,0.3097621623976614,0.2517631591087477,0.3053473181036888,0.29638034241507644,0.25086046657682237,0.4286224105121368,0.2731883672685587,0.2895152044264926,0.27305759434627236,0.26072867630140695,0.2986126355508311,0.33893833369528487,0.32456896336809476,0.3290306115938277,0.304533873434359,0.36837809459486076,0.3804190870046003,0.28118165268276435,0.29226178683304394,0.33734456818891284,0.2540149936617166,0.4033547467600741,0.27921764007897965,0.3117161252905731,0.3139206078678185,0.30371225662523066,0.2901857127884928,0.2621063918738921,0.35012318938368725,0.2949005786156122,0.36854074527996394,0.3767018400375117,0.33916552299799896,0.3035645598605066,0.3193130885684951,0.2998846908155851,0.3539897017487981,0.2661935576563053,0.4710315323403592,0.43823931555577106,0.3274993564052698,0.34586235623547307,0.32695989256009345,0.3385453839189401,0.4842392320497358,0.4313095181770791,0.23729497186551315,0.39608592277584104,0.37853897555767796,0.40960055827137104,0.34337109292069257,0.33621036864951553,0.28517785138676616,0.31500234454239834,0.327025098380101,0.3614732901896848,0.32319701127119077,0.35412795900273636,0.4054080993929744,0.2256359786700578,0.3621702006294124,0.33481048226687565,0.29238258151978586,0.30640571788751547,0.3152966042756145,0.30414979900873557,0.2974497627077923,0.30539587439305316,0.2662372528196913,0.3460081360220253,0.3130060578284427,0.26616720066309624,0.35419853933717277,0.29164027795388214,0.3441708458959735,0.30558005421590845,0.3587729990201423,0.40951211735156534,0.24352873486043777,0.38704357655256044,0.2806646979444204,0.36595633295132207,0.280116621921776,0.38576263506274044,0.3907715419188806,0.25136286788891254,0.3421465263388547,0.34964061207072356,0.31916254042247033,0.39213375034332265,0.40976020783992967,0.415267470536716,0.32479434809760477,0.3738223547033764,0.2747656978840357,0.2495143377682305,0.35971199716013,0.27338712291052314,0.3307878209591696,0.2688054182148224,0.2847383490283752,0.3391507775042498,0.29911863223413676,0.3498964630055018,0.4242915050695184,0.3546955783058486,0.30485929806006623,0.0,0.2881810873771531,0.32480107677170805,0.3968228871213731,0.27395110961792596,0.2969593743164471,0.4002089263547569,0.3280915509897599,0.387212174646599,0.2745834856275572,0.27490998131554956,0.2642428732556257,0.34352588523617367,0.2702047280531378,0.29237441748468995,0.45506415382942594,0.24490797836414438,0.3193865865968151,0.29952929862384453,0.319728220292171,0.3122141597635618,0.38562560753657726,0.3193630491739179,0.2908920947423597,0.22687706472743102,0.25474250257069864,0.21698832722537545,0.33974775070949786,0.32280674031853734,0.38056019116426054,0.32056484440335103,0.3786452236894443,0.2716041135524243,0.3471690638769451,0.3916821642067298,0.34458182893558614,0.35423778374562126,0.3309118517674348,0.30733354384871175,0.4080817150650269,0.328293237973881,0.255121945616413,0.26076006119177125,0.3627009243843741,0.27466971831108783,0.4446319029301498,0.3826291696243058,0.30883873688587465,0.2888692999067049,0.3326088839318674,0.2903382197966179,0.34351895178960673,0.32076862441595233,0.29222569864618314,0.3415501053090714,0.2797436091859378
0.2727571995750851,0.3822225446350424,0.3049538758533864,0.26953992190064546,0.21846340042645027,0.35667596163210147,0.2960353068800164,0.23462272831670372,0.21944168479284815,0.25058667479234686,0.3649065131627689,0.32531968504645886,0.28689596821118996,0.2336935063440136,0.2472129023236093,0.2859249630223973,0.323126269857616,0.23655107595950484,0.29009645481917035,0.2932693392557976,0.38798516674936545,0.34294416075699624,0.2557875776135523,0.392593106829286,0.33364733969494226,0.24589692470750435,0.1964248435065617,0.2689339268609447,0.25067190169262116,0.23339098463249153,0.23071171044026856,0.2826142700594385,0.2646525480611537,0.27932552340894384,0.24141371315646656,0.25223889296445906,0.30493226091877046,0.23053842574069158,0.269621587165209,0.341530090498467,0.2893920863773114,0.3382972454006109,0.23444673261720173,0.32469194023783204,0.27627839370409846,0.2591439962172647,0.24165706211344906,0.3263435632954366,0.29683685787197617,0.244630860468424,0.29173750851756397,0.30957810885104897,0.23567668984457132,0.3088860220242271,0.25963249966503266,0.2863428073763775,0.2897606514999498,0.27030279494804343,0.281308099181053,0.2527335617978416,0.2761729944840625,0.19463583096028145,0.2833343761372068,0.22164835589639173,0.2421148595010544,0.2831465950000783,0.28469869647833823,0.2719546671878236,0.2192456753065496,0.22652034573890678,0.2757508272620267,0.21146479288360878,0.2741445885990593,0.3144406723993897,0.26431497297384954,0.24808163993714044,0.2783168027388604,0.266326781330105,0.22618029517374014,0.2584203488875745,0.32298285291948686,0.2471862793855333,0.30540642914570587,0.2294114160967337,0.26691453576269697,0.28390857807746417,0.24766383775655446,0.19656256556683877,0.21153562803556283,0.2877801479187244,0.24334777717137948,0.24518334281850418,0.267034195887546,0.29311643878018107,0.2838947012517226,0.2792731575739788,0.21610747989167245,0.2985601419160783,0.19267846246702397,0.24464055801676204,0.23490853967131803,0.23859082861630507,0.21604769835369061,0.23620309486125382,0.2193477339386215,0.2586472120072214,0.2613337884029827,0.2972932104818602,0.2881810873771531,0.0,0.3868481749505039,0.23242076568245176,0.29263003007189065,0.2004589587311874,0.23030537822929925,0.2874038824247661,0.2588720846520877,0.23650445041030602,0.4063928585900191,0.19544002775138367,0.2475142358201954,0.1785712857623466,0.37300758177373144,0.33169206274894886,0.2414559491867186,0.2748880642779234,0.22390759677105546,0.2630656156037115,0.2966338083655374,0.2235271650740458,0.23213478577169405,0.3004818293740842,0.21723254945874443,0.25370490590553957,0.3246863787769642,0.26439785416629424,0.29420787593985326,0.23398995076757417,0.28271088997733823,0.23559076413941668,0.2361929822856084,0.2908966832341824,0.2911492951857894,0.26095795799459764,0.3069669714937356,0.22712225856806198,0.2937131078460636,0.25798264714151115,0.29346536113978644,0.2133060941432851,0.25045874631055065,0.24830823187624504,0.24908881473308117,0.32453406099216137,0.3194269703582902,0.2842633781334134,0.3958041217087581,0.3001016961906155,0.24785274724501874,0.23729645931206053,0.24210855742585954,0.24893070537920242,0.2305557506208252,0.30729293932665225
0.30150954454460804,0.36679345908633243,0.30788902983966027,0.3682314059483937,0.2460253827001219,0.3145719670217215,0.3581229183604057,0.2615697052011029,0.261356609369966,0.24477777870693018,0.3634962466354106,0.41521107955466935,0.28644557224567435,0.26379394250060495,0.3052955002870199,0.29407138477670636,0.37024410087881554,0.288038235635385,0.3896589658313054,0.3294506066572283,0.5436051730699095,0.39698007582209127,0.27883369352825205,0.41407057028658084,0.33831956580677564,0.3004947531798604,0.22796181259773562,0.32361792138920137,0.24860574217307826,0.2617089412007577,0.28021659694772605,0.3264902811217378,0.35669542136254706,0.37268353653958475,0.2680794004220471,0.3046362954750947,0.3051924189316681,0.2844235254429816,0.3282132375664536,0.38339017400061237,0.3735154712237789,0.3733148450401291,0.2881927211020929,0.3884788600543519,0.34265458389272746,0.3044002650523531,0.252586044618801,0.2695365532047637,0.35373776276434865,0.31621280429542237,0.40823686025356404,0.4170987803510997,0.28111009618426763,0.43470237232823605,0.31005368394283483,0.27029332296798575,0.39403029556465063,0.30772100601990515,0.3189020245318524,0.3168224303064889,0.2838897316226329,0.22936174740521317,0.34287762376015474,0.24505548839127572,0.30964057927507505,0.345757830781711,0.30864847686567626,0.2810506445462283,0.25495422936831064,0.26340904625251443,0.34932487292837644,0.23602841741854994,0.307161000352649,0.405552652356767,0.31949833877000244,0.25432621473895745,0.3450973394458128,0.2940256404318557,0.26418725859387415,0.20516650870201267,0.32000338384975774,0.34216070219293165,0.35378861142960355,0.24016977482831853,0.3167870358130622,0.34373477383319484,0.24546939940121243,0.24142080281127667,0.24168627091778033,0.31435344864241904,0.3128570937996666,0.2998687907713446,0.3107149059258973,0.3709823871945154,0.3290073846857249,0.29779173391217667,0.2848860821757324,0.3345205916476704,0.2193665404962322,0.29889861822228214,0.2598397097572835,0.2665428958229059,0.28450972363172156,0.2616805397383481,0.2735295624718806,0.28843364793957277,0.34186062460363714,0.30040478751287675,0.32480107677170805,0.3868481749505039,0.0,0.3062381676045921,0.27923998470162975,0.2419409670023437,0.2796001231569724,0.3186999253807082,0.2814729685700621,0.26810378332048734,0.38319951936339225,0.2277749003546367,0.2735285093847625,0.20933735407862786,0.2913106339687699,0.3969327998700542,0.21792439491456359,0.31851605512929543,0.2653567038692807,0.29314885121565637,0.31769089120236876,0.2764051675442027,0.24729212367426323,0.357484312648299,0.20879130434988022,0.34621278209641193,0.3291771883838225,0.26989683666530817,0.2860154968670031,0.28378928457493774,0.317733013301819,0.29082088459678324,0.2733404210181486,0.32985195988777116,0.3511670937597873,0.35455621206723176,0.3944014823371514,0.3010765674937057,0.35306454987585983,0.2886027097509017,0.2997442866305415,0.2157478980419919,0.3023073376036395,0.2822936963397344,0.3444739760303852,0.3021963964512461,0.38927922786778674,0.2968710681863014,0.3273308366998893,0.34299710998294125,0.2571536706222552,0.29234492713490934,0.2524798059364307,0.25175682969360097,0.24337222976603612,0.3572418049093672
0.3979518754400949,0.2809883181831383,0.22063140874382456,0.329162367801846,0.2913699955363298,0.21859723857678823,0.37485461894153865,0.26682062289053454,0.4079827773414408,0.243167233661211,0.26744031390502015,0.29720386925977305,0.27638433870130596,0.31702994767596016,0.29394732903116,0.2689272406649844,0.2926506210816968,0.4218198808613779,0.2907653042079065,0.3275372152181674,0.2969332656228664,0.2561320006056746,0.3804914108576756,0.250207953439351,0.314886706829373,0.32309158672087984,0.3157499847248162,0.28215712373317897,0.22397304274888952,0.3002832514256197,0.32229406825965135,0.31505735770738325,0.3402060153438841,0.35110304964792205,0.34255686997468815,0.4021030149313909,0.27156506205291614,0.40596367415080503,0.2749555021597186,0.36430689113027553,0.3659532109449816,0.29436907775248544,0.3149201886426455,0.32569137278454846,0.3267316047074996,0.38257448590301024,0.29391350912728736,0.24117160419456624,0.4025113937737681,0.39322546617215376,0.3657274373991928,0.3133904977708011,0.33344063225307724,0.2668535926969179,0.34900624729225593,0.3103221141373994,0.3936905265829197,0.2995160973557517,0.3356931699370308,0.3995836411991631,0.21546048710896223,0.3338087136346254,0.28286329278299077,0.35147050817085207,0.3545447537039214,0.3109267784975919,0.33066386904214135,0.2561731707235055,0.2912016908539011,0.26078102924750735,0.36650108109258683,0.356805898746825,0.3474953029666447,0.2994936030121215,0.276190791796825,0.30492312422827733,0.27892741208674704,0.2976715825883498,0.38262358519740924,0.21996015799426788,0.26593373085182753,0.3925952382163311,0.2995537022174693,0.2627591134188276,0.5199596079915972,0.39817343300466324,0.26211008038154304,0.4187514866379397,0.3157601450462753,0.37233793413820915,0.44065192151104843,0.45935616915941024,0.4029484936666979,0.34297612040792896,0.4553609501285545,0.2679078418577219,0.24263607743281776,0.33164621332063887,0.3965267900019721,0.3299669377204896,0.3036755188733064,0.2667192430387837,0.4067196736575967,0.2879823642250539,0.437120703388549,0.34662112464638045,0.2896480474589971,0.2892864713795706,0.3968228871213731,0.23242076568245176,0.3062381676045921,0.0,0.30606099746984394,0.33423337457394786,0.41997996420209294,0.3108715971026505,0.32379361182603295,0.28841869750469623,0.23907121822852317,0.31739529745926115,0.4059651067148555,0.2980727657342398,0.3153282634549369,0.3442196242637083,0.3157027102189221,0.25541819617274186,0.3547281028721826,0.2907496239922209,0.2915083338622035,0.3814873969934847,0.29142696518602734,0.2566421076307539,0.2674101793269754,0.40324135854233506,0.24337020746402802,0.278392840040915,0.27472748972286465,0.39767282519595215,0.37111520517217145,0.400667891534642,0.2586793770723482,0.3197628788505765,0.4051239770544038,0.4413399152181102,0.3652861372958519,0.4750530405270951,0.32228783459432536,0.275825082953984,0.3028429079879701,0.26242864355719514,0.3418499837808209,0.31553620429388635,0.31879572114150134,0.3043300652108744,0.34003991612645984,0.3209476607109558,0.250560332072326,0.27224882074009094,0.33717495457002705,0.36714446391614747,0.2501989104574844,0.33953555250002815,0.3397720705730988,0.35668593679748645
0.36625265041162586,0.2844539389983106,0.25745398933002517,0.34994822221597177,0.18968373017677406,0.34798797804508685,0.24820217035577202,0.3069935822296494,0.3077892658953983,0.2593232185362412,0.29439406588694483,0.24765044052545046,0.4087771424738541,0.2931610480792806,0.24757751299171357,0.2914582025752459,0.31605933576638867,0.29363700705567064,0.2495690023993645,0.3244469669347442,0.27386380018653983,0.24580842365636849,0.254973245725696,0.2352671766993225,0.31839973234027524,0.29381448657999476,0.25739136478346814,0.36013997510498597,0.21366644081715552,0.22647567774741104,0.26907572180349226,0.35107701201154123,0.29903079781498715,0.3671704636861803,0.29000733394025535,0.28424015544842046,0.31600806989896185,0.3041448085236178,0.21624812281512482,0.34451054433423295,0.2537675857413587,0.31211219166262877,0.2296086545525744,0.2788170281747069,0.33256850894305084,0.33961549248132056,0.21804183749093933,0.2644238667851191,0.27897930197935983,0.278885635118552,0.32096496572817834,0.31209377022346707,0.2502439652731629,0.2613960753391622,0.2660839881547447,0.38102926321116903,0.3167839421004634,0.2621746770112163,0.2838146209114923,0.3028490534775403,0.34301834960573,0.2836086791940051,0.2907647345211788,0.21950068084747112,0.25796383832705877,0.3570072967365974,0.48576823370102,0.2820502459793382,0.25013149450892697,0.28161511675802714,0.33268794763194554,0.25299431537612765,0.41848727639302336,0.35202649348893883,0.34217060679099587,0.29818849249151624,0.3222121725501727,0.2307814559731156,0.30389710824500643,0.28838635105201704,0.32795493766033673,0.30024754575389073,0.2656196717757854,0.3570287231053053,0.39475767411202195,0.38133927180728294,0.3441129865949831,0.2852629693594293,0.3356471060086676,0.39821819127677904,0.2783449459491398,0.2826519918617259,0.2437954123023561,0.32683862193895574,0.35193449277353217,0.2595977166630601,0.23168815903556372,0.32632240616802666,0.22755207829753,0.4264394854894862,0.26689137195569496,0.25271025744945963,0.2843495218732,0.21403766654845538,0.3326620107415544,0.3375970641802331,0.2979234649853429,0.31179773098150476,0.27395110961792596,0.29263003007189065,0.27923998470162975,0.30606099746984394,0.0,0.3067491701343962,0.32964592752583693,0.3390486143040201,0.3398811225967807,0.216582572376313,0.3143337021832698,0.2787497884594296,0.24720082711504085,0.27688857047793464,0.4294987902836172,0.3133609918186312,0.2965251688119046,0.25398418019985153,0.3263401250766976,0.2279987182984861,0.3164001614316675,0.2711811610280227,0.29454934382194176,0.31514610566392126,0.3464951218449674,0.3099358784695166,0.26516141694855155,0.24162083572577145,0.24177793044242804,0.2662153147034277,0.27342637321634594,0.26246825363783227,0.2644827759580218,0.27877012273256074,0.32910002894279883,0.2936071638668376,0.2893494601741945,0.2956553207995119,0.2652404677544566,0.2503257945582804,0.2692407079325152,0.21717271293630827,0.34335313049366756,0.25155728934696825,0.22246873331832373,0.24084236242110876,0.29786851573824374,0.34099144207740145,0.37386956872245203,0.32262524342092325,0.320521636835922,0.38521385622025206,0.26072107766760794,0.3176670183891569,0.2713232903845865,0.2980267593524368
0.2648291814315972,0.23775013077782686,0.23791165531944716,0.3317591156661422,0.22962074084570977,0.2438936985388547,0.2720226769430137,0.3078000123999384,0.3452460253240593,0.29706750698532225,0.24690210917617508,0.25952956508853103,0.3039437156970769,0.34616960038279715,0.23748536268575696,0.31529863847659517,0.3118906840104796,0.3207329880864581,0.24400963787370003,0.2674683522964756,0.2517805170258987,0.2248226292846869,0.3511959911399566,0.19385964589190688,0.3036531832340705,0.3015049553340075,0.5141083825883995,0.34913702548032277,0.23132537842335776,0.33703943786337737,0.2905338899267798,0.3208026703882445,0.2849026896631166,0.32572427207260535,0.27374949345059263,0.276357955666315,0.2778158425794015,0.4368945312186337,0.2306579408479645,0.28177822436031946,0.2519859130402726,0.2964495158780315,0.2713963771245915,0.23699490155027908,0.2929447288869652,0.3168245096695547,0.2619908896776103,0.20479459696928393,0.30761645041786,0.2798752101402194,0.28422320727211386,0.24352946794476155,0.24819978965002717,0.22904420661247943,0.26417531910967657,0.3140945986134635,0.2784270269021863,0.30942888083136216,0.2863829763416893,0.2945395091347982,0.24400151162550174,0.3052238954201757,0.2553992032922297,0.30677048438944554,0.22880671584194526,0.261189986370506,0.31994382162752494,0.2560332874169028,0.36104238953932044,0.3307269759926044,0.250416515062633,0.3161406849055929,0.3163722132844544,0.3013304810057355,0.3400035282078311,0.2928166849609119,0.2975633582114648,0.3104491321934563,0.3266964236739861,0.2379036132571724,0.2817855719514917,0.2614608263208489,0.2932284568778154,0.3537566436737376,0.34799842003693227,0.34871657994843275,0.2996129901880161,0.38198336293441165,0.4832228761215098,0.31350112818198317,0.3232021024338209,0.31030996210123174,0.27070537092406144,0.23891304941035105,0.30917055949974354,0.2682063053477223,0.23297154676902987,0.3232822525792449,0.3038293166862064,0.3306585120788056,0.29900261909351816,0.2666120374387825,0.36741917963719695,0.2827963981994674,0.3427164005704945,0.3408941297793939,0.29802503760568394,0.3411147848636755,0.2969593743164471,0.2004589587311874,0.2419409670023437,0.33423337457394786,0.3067491701343962,0.0,0.3050807849679186,0.29038022007097536,0.32192665468718834,0.26539752714931053,0.236354707841881,0.4252759782120606,0.25890066737523737,0.35932190356929367,0.23741557654619314,0.2851746238715902,0.2511472307912625,0.2649768394739739,0.2983997277710397,0.25389092931862567,0.267132047784421,0.34756480237598897,0.44148034811443765,0.3067898161099865,0.3320386793627071,0.27063604763011356,0.20519411532664922,0.21713037369307012,0.24886623699124738,0.2861456560961457,0.32164998588049076,0.32691077761999726,0.29474226747808424,0.3152601926776139,0.2980722509906839,0.3445920776340907,0.32233622834962516,0.34571979057374785,0.26191731504500965,0.3387993231750291,0.28728301013983143,0.2978296868275867,0.2616294722156046,0.31847742251560646,0.2525301028192444,0.25967831317440615,0.3204398740235814,0.28138291948129496,0.24634636485601527,0.31053105723074403,0.2792613474789263,0.37041976308306884,0.30597942623501256,0.30059840362476403,0.42454113710645397,0.24275991753097634
0.3895666848782766,0.30524953359428536,0.2413284972181973,0.32947136290058165,0.22286416078223062,0.2617758433365934,0.3015154504645046,0.29249475781829043,0.36964622106729533,0.24908557211221252,0.26675991730865845,0.2845448556355905,0.32618999717533187,0.33773070475045425,0.301853227435832,0.30504486576801176,0.3034194428434162,0.42042928819650477,0.2913175633356265,0.30143267921663397,0.3031163643005069,0.24700668996812944,0.30577826217402976,0.2320076165409679,0.31388269418614695,0.3530436391533133,0.28425976057889685,0.2971386695132065,0.2472887809169737,0.28362448007436547,0.3272032242537361,0.38346700775232445,0.3828986210912254,0.35564236442233393,0.3119335465199491,0.3334877196645908,0.29137908473543606,0.43503724231973717,0.24256567136164953,0.3694390157020024,0.31388644268480576,0.2710064574686198,0.30870745479873435,0.2899485957898628,0.37931496054054203,0.47521132637972796,0.30154443974473377,0.23545304844169093,0.3465271420793847,0.34087381499670316,0.377061983522151,0.3538071756360628,0.3117605179997487,0.28742843247463806,0.35058585870349174,0.3342676941803041,0.41229224234156103,0.2834218418684163,0.31740742211244277,0.40586322310930517,0.24157614269810979,0.40485817107603644,0.3658358705026468,0.2730751346645711,0.32419420271046445,0.3885601715827441,0.332393769996817,0.2904402208541161,0.30763027008497607,0.2918060131493644,0.37284660951726584,0.34684947458799265,0.30960415532156016,0.335553257915486,0.32475314132771643,0.3560770903233221,0.28919681240864525,0.2765803095354977,0.49830466932871387,0.24088921889916948,0.3181229280040351,0.3423840727155702,0.3301230901092297,0.3499827210037109,0.4255899583370381,0.470657739643047,0.2722787614547439,0.35153360439199965,0.4230783955004845,0.39013371693178234,0.36367253366848457,0.3371696924844592,0.32939782491335085,0.38753087910154976,0.4084212540630635,0.2761345926254841,0.28044610692199784,0.330583993294062,0.2972468107884842,0.4010111219931569,0.29201857028101996,0.26530173997530937,0.3494926816388729,0.26048522552874476,0.457720495958462,0.4193533673542591,0.30171676508701467,0.286680819332879,0.4002089263547569,0.23030537822929925,0.2796001231569724,0.41997996420209294,0.32964592752583693,0.3050807849679186,0.0,0.35037362987919113,0.383716376459744,0.2615453359862982,0.2362297971391432,0.3242918346054157,0.33313190724797703,0.2952911295925394,0.32061618708555323,0.39923263281619614,0.27430719562353084,0.3156056490944096,0.3136883435701419,0.306756226242652,0.33001667587787237,0.38394009078636415,0.306428825660715,0.2859202960420231,0.303429141289206,0.33425033519526937,0.2272269045961563,0.2898732246790906,0.28386223059148685,0.36141044231225977,0.33776080152396587,0.34447993542266814,0.30957695423982706,0.3327079272601113,0.34536296076849504,0.3095400557126441,0.32392956436853365,0.3727477288625254,0.3010746662733058,0.3036545702168086,0.3096885012526676,0.24492056897482084,0.3209916267961089,0.3507850585183658,0.25240337683434005,0.2753178778358612,0.35242004314898645,0.3286155942879521,0.27978135950037414,0.3076782498392276,0.3012010979019877,0.4047208534047483,0.2889712200470338,0.32931877417414174,0.28237952502225366,0.2978566917979427
0.3272187360978044,0.3387483162506382,0.3309784929248959,0.32289677766053665,0.23009632397007712,0.34697302855307727,0.2810849522083207,0.2941915574854049,0.3128092535702465,0.2696602704091508,0.285418646085886,0.2954777614748822,0.33275214283385773,0.294626362486154,0.25556537334845325,0.34610446104658654,0.5541003471531047,0.3164807020197865,0.2718678314493665,0.3067473373166988,0.35010313837980145,0.29570424200426515,0.27329767608336153,0.2841880569723456,0.2771374071478949,0.32253366019309515,0.259465040193095,0.41708515966792026,0.23989517745401195,0.28018638419221137,0.24745462749889754,0.34484722689462854,0.31515951293840344,0.36504602794015373,0.27235273770696894,0.2544736808954188,0.2499943728042196,0.30342828017181256,0.23697561599681913,0.4192314828026273,0.33317852487721555,0.40711961420472514,0.24090879242266441,0.2769728554784857,0.3022916421477959,0.3418742009920827,0.26607958516002556,0.20909253596754282,0.2963995452727543,0.30621613843621687,0.35853718139944746,0.4696981490245338,0.2836475471871354,0.2739836719272154,0.2559327048319533,0.3531546591392658,0.38209081787880567,0.31302733596642046,0.2770961641709869,0.3301517637815341,0.25899570997213134,0.2727774662050499,0.36233590443660696,0.22623764943017122,0.28102125510419046,0.32723829580019986,0.30019686017212754,0.25353307998209534,0.23745724519129724,0.26409123240756316,0.3301884062529871,0.2601106020172001,0.382548389580774,0.3906552394234968,0.3849838178380321,0.2690465555503438,0.33349628725870784,0.27667711813055895,0.29349839962144375,0.277508765643673,0.34894316093554434,0.29340167764053937,0.32693899703473567,0.2895621823801998,0.4164379207473304,0.4023356490367592,0.23046316010805587,0.24182996651706992,0.3121579237090197,0.32374408084025824,0.3311698130532116,0.2779895034703667,0.29619208730944435,0.3508697057426314,0.3769951020536097,0.23523167071096984,0.22908111027061884,0.3388613520550414,0.23622752441732187,0.42559123263137194,0.22756171751786228,0.22841186103649194,0.24388756580573953,0.2207530613384518,0.30480360023576325,0.3987635140057827,0.31146422033690935,0.33738747369039246,0.3280915509897599,0.2874038824247661,0.3186999253807082,0.3108715971026505,0.3390486143040201,0.29038022007097536,0.35037362987919113,0.0,0.3457432918894869,0.2226292514531292,0.34420753991117337,0.3237082119560696,0.3284306102440752,0.2461246923325922,0.3269358096513319,0.3835344163930015,0.2426688153424473,0.2687952206753945,0.36421404967841914,0.2537609149094799,0.33986594862324176,0.2578036822581421,0.35230321310020224,0.41295059121096633,0.25171222384457514,0.33890307196927,0.21225715147394666,0.24330408011931118,0.27250457158552926,0.29729796555091054,0.26122410981588906,0.2458043356446523,0.21730481940859844,0.30427972103470746,0.34922328317541124,0.2871778401730182,0.279085421319355,0.2810991756282947,0.3202099893968501,0.30584853385940813,0.27817912825053076,0.24811213749737493,0.274616012428035,0.25413620206729304,0.2538880026765819,0.2871951071923215,0.3183269948412222,0.2515954164364202,0.31323829686811644,0.35672999968390295,0.2573684489462759,0.4329334181901004,0.2660893147804251,0.285583665625874,0.26733557800462276,0.38045440182832213
0.32658626826979537,0.34443973482481105,0.24341346031960495,0.3244649734386507,0.21904626377860523,0.26930477754827564,0.3134057185383893,0.3162348139428058,0.32080732970568626,0.31356202336895295,0.24387994673750124,0.24734284465363726,0.329469997483287,0.3495130466160516,0.25457634678375884,0.3050264834468548,0.3495404455678332,0.35143551261096256,0.27274180388352226,0.33179657680614555,0.2896279539377251,0.2292826940460823,0.35079594086310845,0.24512281146040257,0.34182627101583807,0.2798225174518963,0.2821793457672827,0.38471423153447565,0.26591338464178677,0.2513415775588968,0.3005070235015822,0.3798938276706577,0.30437152854434857,0.39121456716154346,0.3446568690282842,0.26889102829695455,0.2567536858208289,0.3266624488635026,0.21138884916676692,0.3960064502862304,0.29834431047851623,0.3756661124903661,0.252500950063802,0.2836924430937916,0.33802421247360154,0.36388000778379387,0.31432493834854147,0.2119276854073344,0.35058224371298796,0.2779411934734871,0.29563795827587436,0.3395690221031508,0.3369586530057208,0.2482562710112179,0.270636059010969,0.42689403748271054,0.32448399498024727,0.2706821315552484,0.38326060799146083,0.31844302489439474,0.2666774753316755,0.28707295439232833,0.3158701733579001,0.28751914596500927,0.285607748752649,0.3403807960757218,0.3345295790171098,0.25181265767085426,0.2696501522101427,0.30379321660547837,0.2961513693405554,0.32587888307790347,0.3267884135411081,0.32574374603077444,0.3407955433300319,0.3825361115365937,0.28053326311405863,0.2754183751610147,0.3398788282003485,0.263941000053092,0.4145928340685359,0.2660043431078539,0.31974488974886156,0.3391751079066254,0.4003636427820567,0.41026043775278637,0.2916121416460605,0.2918231607971752,0.40129189953737116,0.32240626111170223,0.2721492907326073,0.35027131129472067,0.2814079698877595,0.3444745888872232,0.3767306018349555,0.24968309742286063,0.2543616563285511,0.4984120648870713,0.28498633377190163,0.3886007751088457,0.2751264211175096,0.2524745097665245,0.2840641989481103,0.2688939119203894,0.33834105881398796,0.3546978788601399,0.28726000933094836,0.4092313346709322,0.387212174646599,0.2588720846520877,0.2814729685700621,0.32379361182603295,0.3398811225967807,0.32192665468718834,0.383716376459744,0.3457432918894869,0.0,0.22966306127911806,0.2891242195574397,0.3126837444612928,0.2787774316154548,0.2731758509550742,0.35465977198841425,0.3828567968955512,0.30610440926967314,0.2735987879842316,0.28605172653207267,0.2357111988099003,0.3636681050196518,0.3097223131097713,0.3913516339465729,0.29434626015820436,0.2666918117080292,0.29429057973390627,0.21707774631484836,0.3117635465788258,0.2821022921420672,0.30598913883960605,0.31740044764359443,0.280894777766856,0.29605172828123844,0.3163067433372099,0.3603056184523937,0.30048705360298095,0.3038564139381341,0.3071053637848839,0.2583497610983496,0.31477318034360613,0.34708904802725143,0.2835427789690342,0.2971485398370452,0.4360741252698928,0.22834722334658336,0.2869737786582879,0.35415598453865976,0.3020532380819801,0.26305977989648627,0.3271375107159212,0.32573255150036784,0.3457015746318193,0.4017488695618285,0.3925560038811476,0.34815526665587526,0.26552525998185855
0.29198263336010455,0.2627764037344888,0.29839911937774893,0.23945497989761427,0.26636717879896404,0.22118281535211196,0.3067256267748388,0.23569619633069855,0.2884020406256073,0.33487266791350656,0.28193900901138336,0.3122554382929399,0.25832410128812505,0.2559380039540939,0.32622751042507575,0.2923967916490059,0.2557407678878518,0.3311285172763986,0.28552035061637504,0.2751645833437976,0.283692956489269,0.3347057368974567,0.28472497276878767,0.25250504372905214,0.3484874568042591,0.2504519603448102,0.24743466715347057,0.22574102705089819,0.30552973570795944,0.2858452753879157,0.3247322407846069,0.3192844782450478,0.2696624788494507,0.23971189098472603,0.2775072048364284,0.2979650089627226,0.2840395862060262,0.34696603159433753,0.29695551280762644,0.2816477744724838,0.2665170764094731,0.2495548940993654,0.36341340542094547,0.318402563496334,0.26835171942994224,0.26329723659676035,0.24767623757452525,0.3006087894704995,0.3779092278131139,0.3051945126353001,0.2753644878510316,0.22219932228607256,0.20810071756993848,0.27873110899628467,0.3838069401896991,0.23606219414550636,0.2894481449969646,0.2614215929396159,0.28515331897066365,0.248441967421734,0.1959916987966037,0.23780929645125476,0.2424476912934809,0.295355359186934,0.2729469945769145,0.22802216066753178,0.2283263518559682,0.27782915087198096,0.31499895283346546,0.27719918319333103,0.2826022200857876,0.2976566034517958,0.21296948717018352,0.2787252133393663,0.23918138502887457,0.23581049651340127,0.24911049495803758,0.26793151853449704,0.25265882277355384,0.18469771056323736,0.23646250475160932,0.26684987536136556,0.30775166792538894,0.24286231673588415,0.2555599882655959,0.28535570770097823,0.2245197655035868,0.29552398573510413,0.26239624822704244,0.23388974794978237,0.297485462799707,0.25573010391515294,0.3533891057403857,0.2194861816133963,0.26596297603438546,0.35775896768851995,0.20384979834301695,0.24470651461957824,0.2612342868050455,0.225387191047396,0.2885968842467292,0.26062818768909535,0.2686097757451551,0.37047779669211295,0.26126769442289277,0.2597473158519221,0.23679402255925536,0.26129601041856826,0.2745834856275572,0.23650445041030602,0.26810378332048734,0.28841869750469623,0.216582572376313,0.26539752714931053,0.2615453359862982,0.2226292514531292,0.22966306127911806,0.0,0.24343320014180472,0.22870454648213087,0.30075560992326417,0.21704074261398573,0.2094992979545265,0.2782823675057853,0.24015313737268953,0.35478848456601736,0.20499889683303385,0.25793587101963344,0.28835876054751175,0.37371809672294226,0.26021536182077715,0.24715810340497005,0.21419152517076787,0.23609987869817642,0.27964213780700775,0.2670312642026553,0.29804000788717316,0.356140021330196,0.3897593378551346,0.3347809271008222,0.2753027811672274,0.32670377609994794,0.23738917798421538,0.2799323030846294,0.34910650244352875,0.3134345360440718,0.3068928946780176,0.2790382954701409,0.385507888795949,0.2203297288523877,0.2571363781386749,0.2882964421494542,0.2727110170965504,0.29302627434752276,0.3346882420767833,0.27475199914935844,0.2465940406269054,0.26090321401810024,0.26125380472495324,0.2863994013884178,0.24764011789297632,0.25096805416433043,0.24664629651927203,0.27283178224121124
0.2707282499951367,0.3819985477350628,0.34098085113465465,0.3124725928375287,0.2087905028681585,0.43745063733943274,0.2798360473883392,0.2627325421240852,0.21825370713103703,0.3062333898977523,0.3374481235361858,0.3325374316440628,0.3203903986620291,0.24864754497324967,0.22853199962722326,0.32286593094462346,0.4171762559048719,0.23264963363080313,0.2963770405439644,0.29856650219275566,0.3525360865521763,0.3338837161669174,0.24840254680844018,0.32106361488039276,0.338726560194182,0.2463664748684877,0.20852938837049487,0.3510429757811271,0.26556122345164274,0.22337615212094775,0.22043062305280348,0.34052387423083613,0.2703836192001449,0.3039110447804393,0.2554590876846495,0.26236820458700055,0.2636247500997878,0.23772780101854787,0.26237685026804086,0.3463819522044245,0.2946319301356517,0.35322834986890206,0.22626100605364338,0.31482871101017434,0.26679998450482256,0.2567192995079371,0.22465079523971743,0.2619340485272592,0.29543287417480874,0.26000464223322883,0.2988909792483791,0.3358486432458689,0.23823716292062408,0.32627776403041253,0.27693147660491907,0.31342972098421434,0.2994707239681079,0.28919243066670336,0.2770066099943236,0.25642493416286255,0.3044021775488962,0.21205524392962566,0.29584800902049646,0.23127473994732614,0.23435202062000215,0.28314239201923225,0.2834012422455455,0.24234862843006294,0.22533554664475314,0.23382492588697693,0.2661049123016667,0.2133945772119274,0.3171678426650154,0.3652522468353854,0.32714906252016895,0.23577907158352707,0.3162887787960305,0.25646411237897526,0.21923569812895932,0.23714754406859917,0.3877806639184912,0.23844391472228066,0.27619929217592676,0.27155042715459304,0.2969604605900208,0.2842779863443512,0.23580844534202103,0.20535940633292815,0.24005631731854438,0.2615686391416458,0.2523596823236621,0.24481971053716148,0.27828491917437526,0.28800293945294164,0.3012724517990944,0.28501121739339336,0.2109705428534511,0.32405033319686743,0.19653448715008703,0.2916884524991041,0.22722732426063147,0.2434921857582556,0.2224437944695168,0.23737150784566557,0.22975593708339512,0.2758208295532,0.31778010899611425,0.3606656971633438,0.27490998131554956,0.4063928585900191,0.38319951936339225,0.23907121822852317,0.3143337021832698,0.236354707841881,0.2362297971391432,0.34420753991117337,0.2891242195574397,0.24343320014180472,0.0,0.2252120898729107,0.24272056490360788,0.19992423853966723,0.3007284700351127,0.29198252306442335,0.2175185986608233,0.2778618237715459,0.28974514107218496,0.23108601283421976,0.37238929326460685,0.2211246779189917,0.2710375534467033,0.3676253572307337,0.21451299793481324,0.2650072393176851,0.2768035217643204,0.24770042824460142,0.26569102533693967,0.23329360745131686,0.27601695292062167,0.22150879929293565,0.23825370203306379,0.3057249542530464,0.29567424295770656,0.2734358407104278,0.29252320689095485,0.2341311446947172,0.27456714218267536,0.2860699451401664,0.30771250886157075,0.261765565166168,0.24565170657585192,0.254308521618186,0.24537820143782188,0.32205630530039275,0.3280655259583375,0.24518772685361556,0.2993366591160255,0.3359569694316498,0.2557118457572446,0.29804163985828097,0.26165294509227444,0.24705289212302334,0.23027363072634652,0.29675074712762833
0.26282236166002243,0.2374761479240651,0.20997409163256844,0.2790915055834168,0.21142958886269975,0.21489664138983713,0.2552672491422832,0.25318661635258755,0.3095345029767485,0.27843064388003164,0.21465595875846147,0.21255960409591482,0.25355483575906695,0.4061171886675876,0.2046633136911324,0.26434149472256524,0.2868056348955759,0.3146694694481803,0.21353907633281005,0.2377292120405297,0.23389084901238377,0.19890171096276943,0.31337274939984183,0.18880069171213132,0.2851921064690713,0.2930513548133918,0.38920613463932197,0.29860456073777836,0.24082812286101224,0.26947130013277143,0.2522610879097513,0.27757676083077193,0.23930232730807852,0.326981574141632,0.29275141181066283,0.2571798814548284,0.2494354283865335,0.33800128440223925,0.18812689278436057,0.28487669034858737,0.22919108559130266,0.28217726581486197,0.21839371767916296,0.22494271248440936,0.2600041284742522,0.263615278380095,0.24480002564320902,0.1851943292496106,0.2976050064144635,0.2265649172516128,0.23832109605649576,0.2627321164179431,0.23391160248064244,0.20638112261773855,0.24008617059979215,0.3355240294047956,0.2599583213648155,0.2453690878390524,0.26934256857537425,0.27530937322548227,0.20633035044431236,0.3054631467325629,0.2307005792211605,0.3086953873800984,0.2307636890239615,0.24179137555903502,0.28938975964461233,0.23994251494555432,0.2902861699086859,0.27650028285102074,0.23800600709473704,0.36885407986329405,0.33843192671560085,0.2566036183943403,0.26675165515950583,0.33619029497639513,0.24689562040742227,0.3050258991738893,0.2765430918021889,0.26175191144831816,0.25269987276234346,0.24748952098950877,0.26318655863479723,0.3028774632940512,0.3568727093924299,0.292232861408709,0.25544698817479866,0.308241135902326,0.37804796495515625,0.28914751292814944,0.29493172470501205,0.3111122032319165,0.2401567177712556,0.24937104025079476,0.34278583897275683,0.2506713100615005,0.20457811929446842,0.3347613062510487,0.37341392847683025,0.3379652721125924,0.3174145213804077,0.21285047088026646,0.3219410574247373,0.26059996411051717,0.3062444163617959,0.2843517877795966,0.22338533938183436,0.3105642732956023,0.2642428732556257,0.19544002775138367,0.2277749003546367,0.31739529745926115,0.2787497884594296,0.4252759782120606,0.3242918346054157,0.3237082119560696,0.3126837444612928,0.22870454648213087,0.2252120898729107,0.0,0.26583787957582217,0.3277206490160508,0.26071778653966926,0.2656627888892788,0.27028020155814425,0.23186804086150847,0.3264650016349617,0.2327980892637367,0.2908501560579839,0.29255401196466624,0.39296509045936534,0.24106221280579967,0.33051002759194514,0.29946139451780895,0.17907657155263085,0.2049907909323301,0.23707952362740467,0.2945709025583726,0.27448502135830244,0.24533924102880328,0.256669102434432,0.3432171567523317,0.29144639164429115,0.2756622105425279,0.2820253031831441,0.34844233088184096,0.21855026589309276,0.2643105629278181,0.27630761161421724,0.2716923857049741,0.24652745294926467,0.29190168335548394,0.20918976033404782,0.23105015161553605,0.2799494032570452,0.23617488569743547,0.20807203442657407,0.2615944771813168,0.2970035575191864,0.38206356103732847,0.3014617797933938,0.32697253236143925,0.3805676172972231,0.25713695715462664
0.33718179999043973,0.26389932287421397,0.23519809865256228,0.2619744690160112,0.3630164922274623,0.2257943631428508,0.35345797700343845,0.22736404323958323,0.3512888157991017,0.2183096247587074,0.2680021938124153,0.26869567290050117,0.2568889513493836,0.2891744955870909,0.32191799115680336,0.29710599492560485,0.3066962506906695,0.3274810835482413,0.24340800294237688,0.29548419527181047,0.2985054376559623,0.26947106998689024,0.2822631806587537,0.30254463303867846,0.25263784363270086,0.30957582929572186,0.23744594290744736,0.2413267850938233,0.23598845854155226,0.2979037122343257,0.3131472135853561,0.28627056054317435,0.29202360439892083,0.2692902083995923,0.37855018189756034,0.28995721269740454,0.2537325212123188,0.3357738471389909,0.2955859090485394,0.3533586027494122,0.3249696808017832,0.27814709146952465,0.2992778077940125,0.3975594013330907,0.2671936423454896,0.30618179391610584,0.3031775630901465,0.26869172621165316,0.34891520984715935,0.3474806062215657,0.31974318113356254,0.32878960853320943,0.2768840586985942,0.24698587923096604,0.3081597775903709,0.2853696397992677,0.3457783111370546,0.28450947025741885,0.29225405779923047,0.2961526189065714,0.18912196267201803,0.2687667735172903,0.2830060430924068,0.3088016167487548,0.3398382650212159,0.25289098982220937,0.2614553569512385,0.2654480269312063,0.23651919708306574,0.2249797525362841,0.3486380574793433,0.34955924825008067,0.26426005846490536,0.27752631870031436,0.23808273900478516,0.26801305612703047,0.27604557833135146,0.3174510574331646,0.29541428726522057,0.2418991122779301,0.2751345108776675,0.3004343302974526,0.323434310176611,0.23002036313694416,0.3541391331607255,0.3270470671511479,0.2164300040392848,0.28705602507316735,0.26108138389487184,0.29680769964769255,0.3857107294966183,0.3397331946365851,0.38677690212918503,0.2916711090091397,0.3632796321224511,0.24554386870409586,0.21407804445012638,0.2862286751579665,0.3242234194877643,0.27069774775437416,0.280423328993962,0.2260422505278156,0.26645097859967515,0.22828052207418867,0.3254795120932738,0.35049606555921053,0.23621203886688588,0.25862511312699193,0.34352588523617367,0.2475142358201954,0.2735285093847625,0.4059651067148555,0.24720082711504085,0.25890066737523737,0.33313190724797703,0.3284306102440752,0.2787774316154548,0.30075560992326417,0.24272056490360788,0.26583787957582217,0.0,0.22967503082459095,0.28176684494998233,0.36429013165811414,0.338410221517324,0.25012273212887315,0.2663341245555905,0.3026603920771406,0.2636297588021318,0.3312779463873959,0.26757248776225395,0.27900972083535047,0.23469272681233422,0.3205064666612325,0.23511762704665579,0.3455265713354851,0.30243340390445667,0.4612037276399687,0.2967134911427191,0.2964824353014751,0.22000595398766476,0.3077975155010577,0.313955231912496,0.2919626550834427,0.31355430360133374,0.32431762024295463,0.3911769450635752,0.2614222738699545,0.26213980869001285,0.23029548322736973,0.29922748457317944,0.27320850852929235,0.26867530261698086,0.3032006284927114,0.2953724673506818,0.2663734369636212,0.2455133608790543,0.29224580297488506,0.3182157464085087,0.32256093989308426,0.2240252212267225,0.30072334485587454,0.26701406286039714,0.3688832022460535
0.2353473131732775,0.21032415109701302,0.2008846799841454,0.2959974091924123,0.19868246587737493,0.21289618267251717,0.23777353254259664,0.3611824513679283,0.2704416344483857,0.23908660083473726,0.2072999339178775,0.22255241782175741,0.2594822558392234,0.25394473143484825,0.22313800305620718,0.2601320029953147,0.23214938811989994,0.2631072380484536,0.21424028100256426,0.21505310972144306,0.21997272001568172,0.18587815108474753,0.2997300229954495,0.17563960260640749,0.2618509546635995,0.30124159936224815,0.36507092450578243,0.24427494030376828,0.20498455473303318,0.286266087366802,0.2809213297163882,0.2645232594457426,0.2703815999786283,0.26997603351089994,0.22392678142945774,0.2622779557779498,0.2818230429346307,0.31984194119977505,0.21689752385619762,0.25056002119736437,0.24861053883766365,0.22246690934320862,0.27539965268358096,0.21564129551627648,0.2940726423312951,0.2952766511864747,0.24689438951136386,0.19698940952359026,0.25472393785026903,0.24800856129859702,0.2720207054142695,0.23713864560807624,0.23215573185594765,0.215040732411083,0.2566253909799083,0.28209697832984726,0.24711703341099175,0.28893392227371595,0.22503644684931967,0.27167739444356637,0.2643360758326847,0.33546251202752825,0.2605135660586687,0.2225940766561163,0.21419795099656652,0.2533915330143811,0.2823039616846179,0.2561222353649606,0.29927231620884887,0.3658050874673448,0.25504132327173545,0.2741867364251631,0.245883835015498,0.2631442072194348,0.2592697993445264,0.2828335849229307,0.289415685346859,0.2692557536542476,0.35303579884980324,0.22475825904305907,0.23339812357587186,0.2587942002409435,0.24761666379798256,0.305917097178318,0.3118538166256955,0.28227275773217464,0.3462534724015737,0.35646956873536007,0.3517122755213034,0.2722910971496753,0.29942169347665915,0.2798055399280323,0.24507884065603855,0.22551977563368575,0.2764029589693381,0.253730055642567,0.23153771499498774,0.2752524312963488,0.2517914256164094,0.2900054779207357,0.259529139641327,0.3111364734843783,0.36201341105310114,0.26527033804365474,0.30611080448415423,0.3051822032108549,0.2676104131684752,0.24947639051611611,0.2702047280531378,0.1785712857623466,0.20933735407862786,0.2980727657342398,0.27688857047793464,0.35932190356929367,0.2952911295925394,0.2461246923325922,0.2731758509550742,0.21704074261398573,0.19992423853966723,0.3277206490160508,0.22967503082459095,0.0,0.22087521511707459,0.2550131952225511,0.2207817099684622,0.25040506275453106,0.2797170316347757,0.26744755351577737,0.24182636223884868,0.2967246369048177,0.29038120977311543,0.24273305006438284,0.35025692870827324,0.23473243011001127,0.18882206926366898,0.19171500018447774,0.2201809174763208,0.26417050447666796,0.2498571225680602,0.32156154968369627,0.26453007481617413,0.2443643210253757,0.27696560968000644,0.2710479826751995,0.25822138767288644,0.31487898181999857,0.2307078850692045,0.26912594466013273,0.24128979112385732,0.20786689553836973,0.2787466361947417,0.2711546434304035,0.2049610201582239,0.24428656907645863,0.27703182002861654,0.27638188661362606,0.2048425669435055,0.2599957107699048,0.2503651261524842,0.3226507659758663,0.2640281332143279,0.2726373013566724,0.3707163583660878,0.20904788055588816
0.3506362894689128,0.3410592409098369,0.22108724096407206,0.28726769531980945,0.2006614445796602,0.2816308627597307,0.274533952903427,0.23928891570645977,0.2730591641123493,0.22920868614648207,0.2741888855408008,0.243254970596554,0.30133920159912386,0.3079014877172878,0.22303636881207475,0.24602705609462988,0.30220196529671467,0.28101712877140844,0.2497502199884359,0.3296622464059293,0.28835113680352153,0.23887027161032803,0.299201139442252,0.2703764786905674,0.30089899398272846,0.2647326616658039,0.2226296326897121,0.3023178556361996,0.25212423794987904,0.22000788584885977,0.2352746214596687,0.2872927919999012,0.28011017678907224,0.3525472341041308,0.3135764803257234,0.2685885996443118,0.29230634569724734,0.28325420415127006,0.21258021418536188,0.3877122963673942,0.27590127361281747,0.3537879486486009,0.21459129964807477,0.2756735020668897,0.3027504517976127,0.29879980848294024,0.25480082411401933,0.24686148530773705,0.30967303687381054,0.27167435076914614,0.28852478170265206,0.32401506683070225,0.29262184283313614,0.2441221941885595,0.2520026747304504,0.4088013929418841,0.32496764581516424,0.23469325735774743,0.3013802149286381,0.31706269011445637,0.2587638368406547,0.24906710591806874,0.27404619171564565,0.2550272632002947,0.2655120063813896,0.3145108007913906,0.3588377853925759,0.2473640286441519,0.21929393786990986,0.2347942475055405,0.29792694963358574,0.2775615600815183,0.38604535410478247,0.28922819105403247,0.26963666386386137,0.3195351086305908,0.25676577965704256,0.24480025303818184,0.2844340416542362,0.30351186427248583,0.2961801395921978,0.2731178232059338,0.2608856275616796,0.2775589420961997,0.38477122689945203,0.35673167998182786,0.28774173905536937,0.24040859254470712,0.25971692265384544,0.38380410077054206,0.26465885665036737,0.30262046244280505,0.24436769122112134,0.3635851764632782,0.3849392195664204,0.2390754633715763,0.2214315157631744,0.34848154170990875,0.27398165533289065,0.3326261107059456,0.2661015174565807,0.2191324809487472,0.2526458117502459,0.21050436504685668,0.30192481524655557,0.27624683919207965,0.24444207253168698,0.310462230626621,0.29237441748468995,0.37300758177373144,0.2913106339687699,0.3153282634549369,0.4294987902836172,0.23741557654619314,0.32061618708555323,0.3269358096513319,0.35465977198841425,0.2094992979545265,0.3007284700351127,0.26071778653966926,0.28176684494998233,0.22087521511707459,0.0,0.297552394495787,0.3691107882616849,0.23134203587497268,0.29089172628136767,0.2260281734105691,0.31953165644135717,0.2516144793838758,0.2724960399124823,0.25612826330330796,0.30067633855630355,0.3348922214554803,0.256423193580286,0.26429435919265787,0.2590459597144626,0.2785209449694561,0.26477399531336576,0.24071539972719516,0.22722776122508395,0.31206619653669954,0.3567342565775392,0.2877003297545286,0.29342455273284856,0.2902656346099978,0.25732557713856324,0.21828801336924666,0.28045006980581566,0.24097794313507875,0.3095852640254462,0.27411006693277473,0.23197315547769248,0.24505603613487612,0.2766181262560054,0.2939103062657546,0.3542985266199563,0.25504062702835284,0.32143914622414893,0.30336611373475325,0.2535357489008445,0.3804738852166048,0.2658451495367372,0.32588699112563896
0.3879065724969166,0.3316627244316331,0.3065444777108271,0.3268180049350253,0.28067303919953424,0.3052181231665601,0.3879242537556172,0.283437063884373,0.3428013250668305,0.27925898297034774,0.33707154606510675,0.3213348075141738,0.3491970264536568,0.32222936596575436,0.3427884911319104,0.3705541928520929,0.3673390993675991,0.37877191816641187,0.30312420183750194,0.32402006306578873,0.4147828350440405,0.3109958212818427,0.3186450352359044,0.334731219048884,0.36402333590471825,0.3920024184185338,0.25895295980550886,0.330813022653455,0.26999310503972795,0.3590431848614184,0.3271962187802031,0.39226437779470186,0.37353744685219165,0.36755932607522895,0.3087618063271599,0.28308345725772815,0.34683739443601586,0.3543608249445132,0.26896630097468144,0.45520539653142733,0.3483079899194688,0.35507319979530483,0.3349672084060202,0.44178598128319224,0.36217677160376327,0.4159089612033237,0.3357335568473251,0.2937975712852374,0.38443415344245413,0.31343097196223135,0.44395175939637044,0.42129807257078,0.2707619448805364,0.3170078539245699,0.3256192349370262,0.34431498325766935,0.4015413435688506,0.34200460033485264,0.33467533024576623,0.3435310184268356,0.2488650908945792,0.29563874719195227,0.4041696305541243,0.24241237350603,0.28916873942893473,0.3463412723184109,0.3442338606061019,0.39933773310627496,0.2889504129709867,0.3144629059390398,0.45054882912039645,0.2951520344243543,0.29105553102687726,0.3789912066946642,0.3027651853032034,0.32944831140990644,0.35830821872411733,0.3465618917189546,0.3793920127971375,0.276725489551249,0.4189848011649963,0.3032445898450188,0.5513420364249348,0.2927240656396912,0.3572418152396658,0.4640969710059676,0.28184839690920227,0.30409156044353575,0.32933411090539855,0.38472006167312145,0.3902449566959687,0.34409414391658716,0.3697336426015042,0.33606091254812226,0.37013251763777505,0.3186505739993076,0.25407741571901443,0.35199723347993833,0.24092081934493342,0.35369401915345094,0.2978182054616595,0.27719164809469893,0.3160501272511066,0.2819549010177719,0.3336145962901144,0.45446100786000604,0.29650427144802477,0.32749607281321014,0.45506415382942594,0.33169206274894886,0.3969327998700542,0.3442196242637083,0.3133609918186312,0.2851746238715902,0.39923263281619614,0.3835344163930015,0.3828567968955512,0.2782823675057853,0.29198252306442335,0.2656627888892788,0.36429013165811414,0.2550131952225511,0.297552394495787,0.0,0.2554552854212141,0.3834829201241529,0.25939783591865734,0.3465531667478128,0.31546191072110935,0.356287454086654,0.30459859207655277,0.37297018825095324,0.25175644931620556,0.30007286614532863,0.24624949272093016,0.3418742477770927,0.35072200471341736,0.35377549160864075,0.33828938014544574,0.34786223189244514,0.3026559693779245,0.346876325127756,0.3368528717403768,0.301479898548873,0.3987680332896971,0.3402629599287993,0.37154361794083657,0.3720794142591365,0.3491204355158297,0.22313530598665451,0.323020591204381,0.3266049192518953,0.26156096231337145,0.3606653582884747,0.43364713304311103,0.37789472494998905,0.3377718688198572,0.48084450378378896,0.30257787099383343,0.38480959579572366,0.30268137524434274,0.3124696802499025,0.29611803464816056,0.3636002963225831
0.336411551910121,0.26048118536818926,0.1741308390885429,0.2183835332238746,0.23086101054093347,0.2141426722041904,0.26835502529944205,0.20659724620996175,0.3537207922550339,0.21859258784565877,0.22901266756163816,0.19570630329408187,0.25186301939585004,0.33741902314972616,0.23721271826990525,0.21749800170762965,0.2185642405195314,0.2911457395887374,0.20627569737117418,0.31274899264349715,0.2105975879478399,0.2176698971169165,0.2626735714974702,0.23704967339505287,0.2743351683450344,0.2347429455746845,0.2265955614419254,0.2386987587414939,0.24275169901749744,0.21348274728287334,0.3122150901634418,0.2391642051071251,0.23010967988827138,0.24026687861714052,0.43750067300501405,0.2354626156935565,0.2700970111548605,0.2936867248098323,0.21531007375758968,0.2660718390046437,0.23600714001660872,0.2457704349825375,0.22749383613739824,0.29660715281399125,0.24582887054027766,0.22802349997056767,0.2343819181243519,0.2536093896384075,0.3057731959030503,0.24887799417526232,0.2244168592497923,0.22911054894853233,0.25617721649733977,0.20046198925446532,0.2337833818936258,0.3506714107314583,0.25865948359340174,0.19434177132755534,0.2896592539211917,0.23414684241627276,0.2114763928839266,0.22796770829104293,0.20703496036801078,0.31345601071494833,0.2776148744828805,0.23446727883265464,0.2919676118876348,0.2399422366222081,0.21471319044447312,0.23188583924448108,0.2768796858612273,0.3679359763731785,0.31042008287639894,0.21379168615427196,0.21273987964205457,0.32679442822025256,0.19727114574602275,0.21964108124865553,0.2534596168606839,0.27789602398780494,0.25564858529652096,0.25885327902861255,0.25085565791978875,0.2611233195355572,0.2877338774159407,0.280916199667851,0.27643155463918817,0.28216554218801526,0.2549472027775599,0.30084216617622556,0.2524313882967543,0.3055108679908649,0.25418235123517646,0.287307272462126,0.3212404469873373,0.2468086109699527,0.2073902357910966,0.2787129701386067,0.3667221653937307,0.249299529793644,0.3503779936719267,0.18417518729802315,0.258762353470181,0.22007860959454392,0.28409843849908967,0.22458763529690323,0.18716719060451584,0.2714110533898194,0.24490797836414438,0.2414559491867186,0.21792439491456359,0.3157027102189221,0.2965251688119046,0.2511472307912625,0.27430719562353084,0.2426688153424473,0.30610440926967314,0.24015313737268953,0.2175185986608233,0.27028020155814425,0.338410221517324,0.2207817099684622,0.3691107882616849,0.2554552854212141,0.0,0.22144154503399793,0.22788044561124268,0.19806392302694742,0.22791828266730932,0.27733637255024,0.27164597276634095,0.201438979698767,0.3192479538087145,0.32127324817057706,0.2530063452276014,0.3291865357861517,0.2767811039713471,0.3500543746986397,0.27425569157589574,0.25806844744472346,0.2675645611083234,0.27368866815066695,0.2756036473386241,0.2576568319801495,0.29339439497024256,0.28305550475096874,0.24798664240042695,0.20700371706212542,0.2636988632555986,0.20748222654442208,0.3224440719781643,0.2953342316733429,0.2063543929136171,0.21119696756450715,0.22792701735006382,0.29399923023158486,0.24894915743262935,0.22572185824004906,0.4809597055782255,0.2846733109513345,0.23701523213588163,0.4756007867589627,0.2752381980010137,0.30331947145813376
0.27583770911087524,0.3405930560596509,0.3272537367353143,0.2601878972824925,0.21163213793656804,0.3141813205934512,0.29264504047211604,0.2725179462757428,0.2668381328088184,0.3335004272418131,0.33403544617644787,0.38229939106191696,0.32467962308366244,0.2843837554842596,0.2938961387572572,0.38188801082131907,0.2781732145172791,0.27840723319207616,0.2820124003242677,0.2614450458536985,0.2857998934668748,0.3068695982647154,0.2595117238466928,0.24856309361968137,0.37494517543910133,0.3391329504099452,0.2526883692311921,0.25225824131081964,0.38087104975749086,0.2936268794688181,0.345223758626104,0.39021880104017165,0.3503036251537914,0.27614880212453496,0.24986143001716968,0.2790998333519515,0.3478702011938959,0.34916702137859507,0.29764995121911936,0.28987435419804797,0.30142813411297836,0.25166633348841794,0.32799451108030614,0.3313698488788602,0.3412401192079064,0.29886153289603984,0.2713213926193703,0.3229935626125223,0.32024959173735495,0.2564466883781131,0.31739826943320243,0.27499888322529165,0.21133323899991405,0.3303077410331042,0.4188317829668592,0.27900588301266493,0.27450662465787684,0.3155178031972361,0.2579282585018416,0.2606925260560488,0.2453257239339225,0.2687395639172819,0.28763216044541023,0.23524274882924645,0.21115770480128865,0.27329513743591105,0.2778681324013934,0.3271482553517848,0.3002961786346888,0.3149290148549781,0.33502950618156047,0.25651129703762277,0.22652269718779866,0.3010664412850346,0.29144217652474685,0.2896684819816964,0.2791700533884353,0.29987709937834306,0.3259948748149231,0.233096846713909,0.30424100449816555,0.23775100536549335,0.40291738483876305,0.31920058652469613,0.25490174557812745,0.3442273113180866,0.2665972874193141,0.2821072427584658,0.2979408208757058,0.3012540889080385,0.29055895590128317,0.2593983819217321,0.3354521605024305,0.25663411670790287,0.2525294005904956,0.4466759111676547,0.24024407942772188,0.2872229177949934,0.21307170591751803,0.2633635876599033,0.2844467902615089,0.2626245644733047,0.27914945481422104,0.3561749061382401,0.2782888263989554,0.32185167520260105,0.26897461715978843,0.28214887168539715,0.3193865865968151,0.2748880642779234,0.31851605512929543,0.25541819617274186,0.25398418019985153,0.2649768394739739,0.3156056490944096,0.2687952206753945,0.2735987879842316,0.35478848456601736,0.2778618237715459,0.23186804086150847,0.25012273212887315,0.25040506275453106,0.23134203587497268,0.3834829201241529,0.22144154503399793,0.0,0.20248955757886464,0.3206266915946137,0.3431362035707591,0.31717264586511074,0.2823669987771311,0.28872114503016966,0.2505570832650077,0.23872388860892854,0.25864540551558185,0.25370303140596423,0.34131754748441195,0.3003748955116505,0.3274286891384323,0.3283547867892879,0.3443408518519299,0.353379281170957,0.24289870374842118,0.25884513872770737,0.39851201830276967,0.2850328606342657,0.2862510087256859,0.3359822247065557,0.442042356309525,0.22002965222333248,0.2636419173944984,0.3151308024827044,0.21925021464239416,0.3056256226742154,0.35445665195744147,0.30683903108448046,0.26595816381647147,0.3420350099605342,0.26482206866063307,0.3228102008283036,0.26662238721747705,0.2821489902087018,0.24090716593893302,0.2554946201889097
0.25849825205102656,0.28220564636078094,0.23945317983240746,0.3491271480189069,0.20710377443941147,0.2656488825819598,0.2489317644555968,0.2648597088495984,0.2656661043790379,0.24091653701923096,0.20661520786987655,0.24640740074051645,0.2540412360020896,0.2932663537787772,0.2213828069576786,0.2430026484965973,0.336306305071485,0.2746778255300863,0.2618851007833811,0.2692386367676137,0.2861969912044894,0.2253321728800675,0.28758635384253733,0.21576256199044003,0.24533340411553528,0.24404040242877037,0.2697814005323683,0.3343973378732742,0.19460919254752204,0.24101490412871124,0.22408884273481916,0.28991091658725454,0.27962638538814844,0.3482972810502873,0.2478962252344214,0.3367130800061522,0.20374649683005416,0.28351517287943406,0.22513180541461114,0.3189614476650733,0.3071361471618437,0.2844913005778024,0.21364973922343183,0.21760827313998177,0.27418359017369454,0.31789037475860954,0.2423945595277331,0.1728631052512997,0.25911440090362864,0.34186889332732295,0.31763814515161204,0.32505682738670166,0.3297664483676615,0.2454676584341034,0.236659582837558,0.29399014552888136,0.342800650490354,0.2530398259114587,0.2814322536601808,0.4453062406588946,0.24954035274745462,0.35082725773145196,0.2672307030449725,0.2643148780837351,0.310849236141441,0.31981646356737525,0.29056890867754187,0.20321430201246124,0.23891468634214202,0.22243494274269576,0.2551766545252408,0.2600346395406381,0.35512275835412227,0.3373444940828866,0.3302648626179022,0.24161069006773514,0.2791129573892249,0.23072089799711318,0.2750285600728077,0.22155427159887583,0.2557580130704744,0.3275151569353263,0.23041993419695264,0.2608419818985593,0.44075559020133853,0.31346382202878253,0.21449787970205514,0.2858299417247503,0.30492093777681917,0.2876046972417073,0.29359501486196526,0.3191064460082154,0.2711927231493234,0.320761375421155,0.3783817091229051,0.19476696796496762,0.23588674528184966,0.29962198031985693,0.28662248411848723,0.40702862598667144,0.23506665784284295,0.23735151950999467,0.29462312108017213,0.2177454225627332,0.32996363676081525,0.30476001112001194,0.35548205930560345,0.2708684010771656,0.29952929862384453,0.22390759677105546,0.2653567038692807,0.3547281028721826,0.3263401250766976,0.2983997277710397,0.3136883435701419,0.36421404967841914,0.28605172653207267,0.20499889683303385,0.28974514107218496,0.3264650016349617,0.2663341245555905,0.2797170316347757,0.29089172628136767,0.25939783591865734,0.22788044561124268,0.20248955757886464,0.0,0.23758714813382292,0.3079046881358804,0.24682960932597525,0.2953405119551286,0.3111433296318511,0.24500006393246448,0.3425151846699752,0.20726681948080053,0.2029538830843671,0.19909939568183954,0.2578030663789744,0.2437519615354237,0.2658308193414013,0.19589640334971967,0.28918389532704863,0.4105225563269092,0.34291676536356774,0.231822224207953,0.28094215641483306,0.2591437835494325,0.26732983811761607,0.23953863860783864,0.2687870850765818,0.24680536761344704,0.24262429847265207,0.26355938762292674,0.277712526046441,0.2676136087960847,0.23191867214730222,0.24400875297731986,0.2549805265879749,0.23381305243589315,0.34701855237281465,0.24318840681091192,0.24784743533030523,0.3029077883883268,0.2582032411913964
0.24752988372267967,0.2645125221129119,0.26470952599683445,0.2710089169364978,0.2387502187679244,0.26155514493457965,0.3119862727339565,0.32960272681802727,0.2620143221554998,0.21819217911650726,0.31611292424143383,0.3366000652358934,0.2941192960775428,0.2585951883679221,0.29677162156598813,0.35376979171843237,0.2734210364381089,0.2548726700159392,0.2535444475299751,0.23776624718285913,0.300537590074657,0.2673310865824785,0.25152129195056755,0.2531846288862298,0.2702173229071551,0.32285734403725297,0.2527740544614697,0.2217902835076331,0.23341909982641276,0.29134097015496646,0.32287898293585415,0.33332394550521693,0.34203445532000476,0.2891695962034177,0.23712340937925633,0.34138990459494084,0.31027552527302915,0.3157788860637147,0.3272256329847198,0.282513199437251,0.2880527164423178,0.24451635004100286,0.3494811958877806,0.32119814944655584,0.38612878851303495,0.30980378156227045,0.2774005987782297,0.28549665667148866,0.2851750342791917,0.27392654027914115,0.32903126668139165,0.25966551082901096,0.21783092355534292,0.28910173758673396,0.38044878492068623,0.24533982435439383,0.2708085403448167,0.4042351311303516,0.2572231485981498,0.30117794261257835,0.2552222772420523,0.28603078967642986,0.31015042857301883,0.2820624784296291,0.21726971169158144,0.24274461148411852,0.2695560006029997,0.28619717120712357,0.2741882676783906,0.2899037705638397,0.3096239864169776,0.24035575415854163,0.21709256366262994,0.2934564052695285,0.2603915074342013,0.22612182999496983,0.37608726986613683,0.31387896106678254,0.32172255885220236,0.19976375128649548,0.2514461494576381,0.2525534742891236,0.316776888818805,0.2634777749187667,0.273656252147537,0.3105975853176241,0.2735199647486425,0.26024153840431596,0.26576653086060825,0.2958191189816969,0.3114323098996588,0.29370317689525416,0.3380743621167146,0.2323193000099799,0.25805054279333306,0.28109339680173273,0.2751355527268256,0.28361717942576364,0.23710087239979552,0.2557204982638475,0.2663571287615216,0.35390725745101237,0.2584129302087696,0.24519849646742745,0.3104098030237884,0.3582054864900403,0.28387881597623826,0.24524379035213534,0.319728220292171,0.2630656156037115,0.29314885121565637,0.2907496239922209,0.2279987182984861,0.25389092931862567,0.306756226242652,0.2537609149094799,0.2357111988099003,0.25793587101963344,0.23108601283421976,0.2327980892637367,0.3026603920771406,0.26744755351577737,0.2260281734105691,0.3465531667478128,0.19806392302694742,0.3206266915946137,0.23758714813382292,0.0,0.28025877015978523,0.2813209227568448,0.2461601425679048,0.29796389471428997,0.24667088931806205,0.23383212238921933,0.23756261465092093,0.2268040659500612,0.2754136818362886,0.27305536371931105,0.3080192209401737,0.3147731400544762,0.2480003578970477,0.3358042620507378,0.25375849370153075,0.2962925570539965,0.3214932141338678,0.2684192104893828,0.3278600707640232,0.2893443796532956,0.25790151236241826,0.24288891967402632,0.2630213130266532,0.25526686143523747,0.24303492196526363,0.3262346881374,0.33972620875127796,0.31524329959733266,0.2410338144200269,0.30911529749041977,0.21682843716140765,0.2652617254125575,0.21799408670546291,0.21933499030499098,0.23124127845365397,0.24312634353352708
0.2752072290767409,0.4202046081834508,0.33858834788466907,0.31953049332220396,0.20878704374354354,0.315034118609449,0.27818081917152254,0.3226454433861538,0.25995685165045146,0.37078731604025494,0.29480716836674475,0.35103272127186025,0.2992801638629423,0.3017713807788971,0.26052195822234264,0.34551502897086583,0.3788071987425792,0.2748956187797035,0.31337913845304866,0.29125940024529284,0.3243839210976508,0.28595297514225737,0.2822342619561485,0.2546627356590449,0.37704432513834585,0.26111933742680843,0.2525675950986325,0.3356529104901407,0.31646385820122874,0.2342887470833449,0.28408575796027363,0.41447537035828913,0.32330672176625314,0.43475213035114346,0.2969407261979568,0.3663910487941937,0.24800333180180473,0.30966816423554516,0.261725815753641,0.37123625834068863,0.3257990894934343,0.3289340372660318,0.2399103963836694,0.29323206115206013,0.3710400909482919,0.31028993867754673,0.24179613371222186,0.24916999726207636,0.33375779611959555,0.2752654813673512,0.290395653166498,0.3231219096670738,0.2514716064571841,0.32583297979109377,0.39521181352573603,0.33777015284513345,0.29908832964167303,0.3054146381062733,0.3180105583637938,0.3279014656943448,0.272771067275184,0.268508855696383,0.2777699654146744,0.28458201335012223,0.2465191659862017,0.28427274864312774,0.2945220713977899,0.22215720494763844,0.2567757579167885,0.2669619907295297,0.26850619724167646,0.27674293803991634,0.29452079935501324,0.3377159993391615,0.34322062374762846,0.26247772196998875,0.3057945104789593,0.28133812837693856,0.2775328677277066,0.21611083008574547,0.3112157120147452,0.255462943860802,0.2910310165669397,0.3061915762467139,0.38265855156980705,0.385041836570309,0.24457633581615376,0.23736514935421582,0.30185335913927863,0.3043271854485433,0.25491451714184127,0.31492219710084135,0.3152084795518395,0.29169508295621843,0.33806588403080745,0.3040175484950077,0.24055809404204895,0.44553584857953754,0.23686594071684686,0.3593638801930952,0.26912894784423996,0.2860473683265038,0.2472131329317848,0.3121745639098234,0.29924484882801217,0.31298144294762553,0.3011833912731148,0.3553435117608587,0.3122141597635618,0.2966338083655374,0.31769089120236876,0.2915083338622035,0.3164001614316675,0.267132047784421,0.33001667587787237,0.33986594862324176,0.3636681050196518,0.28835876054751175,0.37238929326460685,0.2908501560579839,0.2636297588021318,0.24182636223884868,0.31953165644135717,0.31546191072110935,0.22791828266730932,0.3431362035707591,0.3079046881358804,0.28025877015978523,0.0,0.27265533722603696,0.3297375302837858,0.3032148908861299,0.23821216623321181,0.2851031609351969,0.25579493104569284,0.23680520802820068,0.26432255108981034,0.2914515139214347,0.3360324208417978,0.2683114063718497,0.2514553731707464,0.38799859494546785,0.3128392508835704,0.31075130173146176,0.31066100301132843,0.28069537994735455,0.26384136497656646,0.28628443336203324,0.42901950633401614,0.3150275092958662,0.2633200785894427,0.3011585454929879,0.24967386608937805,0.32750253383807437,0.39081045975734174,0.26134105501801697,0.2559037420081078,0.3122169078126487,0.263681599710356,0.32140120122704896,0.29056502977592896,0.2664036117636828,0.263464423502277,0.25681968424148444
0.3815745313790369,0.27557584084270764,0.22786367019363585,0.30198994929135625,0.2593938032132822,0.2259658234508701,0.35277454518575635,0.26804769955903324,0.36343213960960014,0.2790374485608114,0.2551012483184468,0.27071586949648635,0.29819116444939786,0.3313930032277724,0.35137479849124026,0.2770063009546816,0.2814579246878578,0.4219628855039255,0.28903255981029513,0.34874577007925917,0.28201525933538996,0.27347498795758146,0.33597372701328165,0.2585992384502418,0.322959895288902,0.3066075920920819,0.33031853192703536,0.273395202936438,0.2568139151560419,0.3448495842631003,0.3750707562457483,0.3288218990348194,0.3684398053519369,0.30031045647128374,0.32038607299990784,0.32847077425894844,0.35575106470498497,0.4795074913887261,0.2708092071250302,0.32921995530980697,0.33291092607563616,0.25806275413984775,0.4257035497590284,0.3346985427122417,0.32731637644896205,0.3714099614743291,0.32839061619378324,0.267863718409629,0.42402589095830656,0.39409332391726876,0.3484432890730714,0.2746365335266553,0.2720107652914861,0.28281099381901026,0.3387919453184598,0.2943647524244158,0.36915038610354506,0.2572501060268993,0.33612692360814245,0.3496430682143368,0.22644313793963822,0.3223674128306499,0.2886288993149764,0.3146895607426423,0.33505119721085336,0.3026878391075524,0.2956768228720288,0.35268616442318473,0.3814447753247965,0.2999551645104746,0.36582118189159657,0.4625105186897064,0.24935941462730385,0.3110125903208546,0.2860913378637804,0.35979928903404945,0.27995980961162686,0.32510770633278446,0.3830060893395766,0.23186748815909602,0.2841050575698471,0.3314306017866847,0.3542689116561619,0.31308078618553975,0.3283787492987462,0.38687725335568895,0.27299480609045246,0.46294226955048595,0.3896330737093824,0.3072042214463222,0.34033763681305207,0.33680039818665103,0.3693811330877665,0.3036749407886683,0.32604835584762687,0.3522113952232178,0.26077624065761584,0.29326637212224704,0.3217850165018951,0.30517637862021124,0.4047471364020984,0.26554263619688423,0.3413590979623899,0.32253436464614504,0.3612739431135198,0.34953349232957304,0.29220540324855415,0.27381364899424937,0.38562560753657726,0.2235271650740458,0.2764051675442027,0.3814873969934847,0.2711811610280227,0.34756480237598897,0.38394009078636415,0.2578036822581421,0.3097223131097713,0.37371809672294226,0.2211246779189917,0.29255401196466624,0.3312779463873959,0.2967246369048177,0.2516144793838758,0.356287454086654,0.27733637255024,0.31717264586511074,0.24682960932597525,0.2813209227568448,0.27265533722603696,0.0,0.3137441893521546,0.26909993112533465,0.2746769422164214,0.2869950509470565,0.255525656708251,0.32300311550904026,0.38138312784215195,0.46546265748312476,0.38209730979963763,0.43500067656175845,0.367638278623842,0.32509781878242433,0.30326882726777044,0.32097648756313535,0.39973428231893676,0.4414049522064773,0.33783690787224824,0.32591216313525234,0.32207591046539413,0.21899927562343086,0.31668055777424353,0.3702912140054311,0.2886764182843659,0.28745220664417104,0.3288519210128798,0.3396671126134767,0.2666816924078759,0.29631045542172096,0.3465460973490164,0.33881554561676547,0.3357645335350529,0.3325527901132137,0.32032129126410497,0.2847961132415536
0.27597294351349905,0.308487550732744,0.251971508345808,0.28027719105234195,0.22920816125049007,0.2667681553901329,0.282330522311564,0.31747802768866074,0.33267168368522687,0.37727601112243725,0.2396977727795268,0.23901393969760548,0.32436603217155385,0.40311403105368915,0.23442522046436734,0.3259526947599235,0.3881952322557965,0.34167193988817207,0.25287403439789286,0.29159818622839334,0.2689106927852259,0.23213014672950089,0.3486933489868527,0.22403653942420568,0.3449018034173436,0.2675088990862978,0.37347666936328483,0.3892239520138839,0.27490319759985066,0.3369253366343577,0.31455293295774733,0.35896929683170214,0.27927750622590186,0.34180687230332385,0.30976237373724536,0.2619602714013274,0.2685540142382339,0.4224139448313845,0.20714669011228934,0.3265988635944987,0.27523680143867507,0.3406625995022889,0.25810773870878795,0.25184420844127037,0.32355096046221815,0.28206827766740383,0.288359688894702,0.20194560117633056,0.3785886955212787,0.25583964568484396,0.2546803839402789,0.2638998619252916,0.25966578092029313,0.23136073667108883,0.2637415340685598,0.4108019035137287,0.2766557989844952,0.27857326625813056,0.3226718899655167,0.285320532183007,0.25160391996238934,0.2798995745565874,0.2517972478445259,0.3052787020372216,0.23373576034155183,0.252883919405869,0.2798269465409855,0.24872340048128086,0.33236800284937984,0.3520928921997597,0.24744560198300497,0.3450476073778951,0.29556520492409855,0.3029435782070353,0.3782013721834379,0.3359470934597153,0.27445144951522327,0.31145698163755814,0.29375215891654394,0.2679468202007512,0.34790066225330746,0.23794763785812545,0.35578351503236116,0.3967776082774206,0.3390447213415521,0.3706335177247228,0.28210015712871117,0.2979005007269382,0.44374577192424114,0.3083594243020754,0.2778755913061113,0.3194123320036229,0.28319874703891534,0.25990981143886976,0.3377660400098923,0.26589169712022565,0.23746153016720573,0.4265567213325194,0.29163964635553125,0.3574730611657269,0.3070791153613781,0.24203938454331816,0.282978727680235,0.29234956801306,0.30644870569744415,0.3163004748832978,0.2739404078675097,0.43370929937724073,0.3193630491739179,0.23213478577169405,0.24729212367426323,0.29142696518602734,0.29454934382194176,0.44148034811443765,0.306428825660715,0.35230321310020224,0.3913516339465729,0.26021536182077715,0.2710375534467033,0.39296509045936534,0.26757248776225395,0.29038120977311543,0.2724960399124823,0.30459859207655277,0.27164597276634095,0.2823669987771311,0.2953405119551286,0.2461601425679048,0.3297375302837858,0.3137441893521546,0.0,0.31554725329795996,0.2907389117966659,0.2716874581912929,0.20059789926702212,0.24080789163128022,0.29338213310161754,0.31063483767070177,0.3232713520325609,0.30343177318643155,0.2744007980964568,0.3728368828384813,0.3134379012315889,0.299756078790766,0.3247761314892673,0.3131015763177269,0.25266345566716275,0.3519537577649954,0.3662516547675811,0.32092523657530336,0.2431383374607583,0.38278935623921956,0.2422636975480761,0.2949257382946196,0.3305161072127215,0.27172749991737066,0.2453993834333463,0.3321982756667563,0.2977435222628998,0.38607807198046795,0.3674786424838357,0.3531081099563753,0.3653727031388846,0.24325020759283902
0.2813558749304767,0.3094079633529859,0.43484351995675596,0.3854360502724117,0.22676825709423562,0.42016667178212697,0.2609231377841413,0.3367877126347537,0.2845804547249176,0.2608011978069005,0.3409958271668719,0.33322771063510087,0.3809123634723461,0.2471114278595409,0.28792044173039844,0.4341609823067608,0.5104864228802029,0.27285355009372453,0.31026372779694217,0.3149635380788346,0.4341467215884881,0.34266783386333505,0.24348880731991476,0.3000226999281004,0.2772525694850929,0.30488234257772134,0.2555007495106485,0.39354421607322165,0.22178066783082337,0.3000615919797749,0.2744808317545834,0.3793123005736973,0.3486706658423467,0.32047030447251645,0.23289462780901277,0.2644488063893918,0.28247604938991216,0.31108078915735177,0.29856552720932145,0.34912477946380593,0.30680627948777617,0.34940984820037074,0.2895654594382312,0.29613326163839104,0.3261920605960708,0.3295666800373604,0.23952128265409103,0.25078693689566506,0.287093820249177,0.3245327419883106,0.39067733671813504,0.39391860392994077,0.2603816582783185,0.343206347003344,0.2871339440812229,0.27636328100741103,0.38656516580655403,0.38945926713502027,0.2831190234177531,0.31177995372596756,0.332143387672293,0.26795268722919285,0.43530411067554675,0.21950422987305093,0.26261874080690967,0.35890865643149106,0.29901199476221296,0.28487672881491066,0.2763564432846796,0.3027079505462553,0.33579516559661227,0.2233666687830521,0.2926883520326219,0.5370644821650485,0.5038549276993577,0.2229281145496277,0.4645646276050227,0.27219833705240015,0.2848067667120742,0.2333312029126878,0.3485964873515241,0.3007597947241095,0.34633776495997215,0.313211147197666,0.31887968131921396,0.36114733925906817,0.2596659232773928,0.2518671102382267,0.30011192072038706,0.2775746043679494,0.30045895597022104,0.23947100335780783,0.29038513622935586,0.29232950033748895,0.3040726487767849,0.24579803800416042,0.285899776791117,0.30202024092214835,0.1976385430233058,0.33319005803457474,0.22501067513107936,0.28660585960823287,0.2337194828733712,0.21608933722274934,0.29834951875779636,0.3944539701777909,0.44987935098459797,0.31420855765908146,0.2908920947423597,0.3004818293740842,0.357484312648299,0.2566421076307539,0.31514610566392126,0.3067898161099865,0.2859202960420231,0.41295059121096633,0.29434626015820436,0.24715810340497005,0.3676253572307337,0.24106221280579967,0.27900972083535047,0.24273305006438284,0.25612826330330796,0.37297018825095324,0.201438979698767,0.28872114503016966,0.3111433296318511,0.29796389471428997,0.3032148908861299,0.26909993112533465,0.31554725329795996,0.0,0.24009051294640454,0.2807990155690618,0.26776378505109183,0.23731426223610902,0.25474138655217804,0.24352271866822997,0.28350424458422474,0.2947400651775067,0.2445012574014924,0.297646511892718,0.3070904551149379,0.31129948356725545,0.2851896397127671,0.23980199254260617,0.3893947941827464,0.32221090546617626,0.2684323783300051,0.2405811819860928,0.27647427355329984,0.25387521515069944,0.29361259977109744,0.29397370169838444,0.3323473013101762,0.2816761309680558,0.34364873127224754,0.4049015515630865,0.21791322040907027,0.3364945768744099,0.2673673298701857,0.22807842792604627,0.24628124782047955,0.29388678159087894
0.2830277456843103,0.22406897042252236,0.19676239523386405,0.2615469026150715,0.17221467458229753,0.24821390718780595,0.20986311675807137,0.27930783419116245,0.29340828649771433,0.2302507981021253,0.24628613220923248,0.19925177445905373,0.32715605805897957,0.31110668637191397,0.1984217986142367,0.26668105819919236,0.22174248026005922,0.26076436054520546,0.19889215330621707,0.26117896098484733,0.2094134494081563,0.19725800908001467,0.2445720023595954,0.19003738430444522,0.28362235123131807,0.3166559659570488,0.2983010650895663,0.2569930320834363,0.2273177605338201,0.23858361909150969,0.2671505579398114,0.2790822295510884,0.23365558378666113,0.26998949648453824,0.26938085873547163,0.22575902290676134,0.3733559683154189,0.32221742265186576,0.20178689908727018,0.2434799426107067,0.20218579480093912,0.23056764258640353,0.24184782676163555,0.22914205953097172,0.3024754478121697,0.2577873470566576,0.20951893228247118,0.24016320679014722,0.2557830456194825,0.21843894567616154,0.23174841772119686,0.2307704736725092,0.20633972112931478,0.20266356784358794,0.24505436462338825,0.31199698760483824,0.24305743957087445,0.2443971870147297,0.23001430434448653,0.24370174897690156,0.28618300485634984,0.28126372533948524,0.25169467926259076,0.22867944163147744,0.20574162229439544,0.27586228244314365,0.36919167120246665,0.28876007286103983,0.26817783604188716,0.3364415093112771,0.27266553720174,0.2945687228357249,0.3288678470896963,0.2536184290485942,0.2517783573496702,0.3207812593524926,0.2708718723883103,0.2339150269813347,0.31332494312005355,0.2878665237943571,0.2486422525082462,0.2356487965739243,0.25525645974915556,0.40351725373333386,0.29607331173128526,0.2957066586429163,0.41852691604205655,0.30645527245734,0.32665702157372234,0.34030196856019707,0.24694680193842136,0.24712723644814094,0.21313630747334553,0.2571927002504285,0.27912887768695,0.26470747532151584,0.24039027978488833,0.268235828502528,0.2631829740793814,0.28618144363184683,0.3270593673086824,0.24294318606787352,0.2812701295239702,0.22116589324420582,0.30278267341366133,0.2673436961536657,0.22196894356659283,0.2578828152955456,0.22687706472743102,0.21723254945874443,0.20879130434988022,0.2674101793269754,0.3464951218449674,0.3320386793627071,0.303429141289206,0.25171222384457514,0.2666918117080292,0.21419152517076787,0.21451299793481324,0.33051002759194514,0.23469272681233422,0.35025692870827324,0.30067633855630355,0.25175644931620556,0.3192479538087145,0.2505570832650077,0.24500006393246448,0.24667088931806205,0.23821216623321181,0.2746769422164214,0.2907389117966659,0.24009051294640454,0.0,0.2779649160308391,0.22838837755122487,0.21356249407516764,0.25585257719057314,0.24317856415361552,0.26084823317833505,0.25562936279261983,0.29742907858204193,0.28342036680138927,0.2422947841699573,0.24081810569611625,0.2865208223851268,0.2791814979093857,0.21608015097653635,0.2292161579905321,0.24919776000606378,0.2029450167310698,0.31336932355449415,0.24926879986195868,0.18979713762093198,0.20555062596100204,0.24980169883391068,0.3408969339146925,0.27062340366047766,0.2510613867148319,0.3057881546895901,0.3372441370386787,0.23955676350568877,0.3459667626533122,0.3023235552245511,0.24774210432901028
0.37676284495081663,0.3521589874851308,0.22725133271388653,0.3340891291310783,0.2259622056910752,0.26138111381076934,0.27257278368234367,0.25040156171596306,0.38930840683004664,0.21526739790031174,0.27800989498072165,0.28928066323977913,0.24724062373133157,0.31796345797433967,0.2603143843850698,0.23809820483948738,0.2845591563229945,0.31787833620381306,0.30033020228721846,0.4175438127809594,0.2993788481278327,0.3173777477881393,0.26163484543423604,0.29570086762905956,0.28391076234491536,0.2688482304687302,0.2386945645956111,0.3345834811266309,0.23043077526067068,0.22854183816306808,0.3008623122078575,0.27187645883025263,0.3100344594708665,0.36776765515580595,0.3666243562784543,0.3239019345830765,0.2408044403664189,0.32459253716035036,0.28560100865416865,0.3085314366558062,0.3208287755734913,0.3076888445734177,0.23343117581150408,0.30487275430226024,0.3046406950863671,0.2734916923604641,0.2137717289496854,0.22504217961425582,0.30294763471787867,0.34515788110256884,0.3074274818679364,0.33662281484889645,0.32012987922611685,0.2827589690827384,0.2786174406181558,0.29008731799991744,0.3981264361283579,0.24257280281896454,0.2866579640747393,0.34314764519502167,0.2524145892841309,0.2431707457463615,0.2849133486671286,0.281532303426805,0.3538568732859292,0.33630801971802066,0.3263147916172782,0.22985874189762479,0.22674372074381674,0.25278197789531315,0.34234842976429264,0.3118745172687339,0.40250609989428104,0.29748075865627455,0.3070148947690325,0.2826197012717022,0.2518625343002369,0.22987531622748947,0.28067698479572467,0.21297542700199096,0.2479378837901305,0.41833438003402607,0.27021274598147094,0.26856438581085185,0.3688397090784632,0.37051312327621927,0.24785275734290557,0.27800873939348075,0.2598753264983343,0.3836869648941984,0.29201349271762084,0.3457782842372396,0.2905636364279521,0.4049534702511519,0.40385431650764436,0.2526788492594745,0.27347215810438513,0.30127658389927675,0.3188948224284635,0.3397776732370973,0.3186897648559479,0.20827337807156188,0.2730438822613523,0.2251379996032339,0.3568802215016994,0.2513204340498562,0.2489391682919188,0.27265420761266074,0.25474250257069864,0.25370490590553957,0.34621278209641193,0.40324135854233506,0.3099358784695166,0.27063604763011356,0.33425033519526937,0.33890307196927,0.29429057973390627,0.23609987869817642,0.2650072393176851,0.29946139451780895,0.3205064666612325,0.23473243011001127,0.3348922214554803,0.30007286614532863,0.32127324817057706,0.23872388860892854,0.3425151846699752,0.23383212238921933,0.2851031609351969,0.2869950509470565,0.2716874581912929,0.2807990155690618,0.2779649160308391,0.0,0.286613884049094,0.2582523254452868,0.2614192733803705,0.30615611646722446,0.29831850326355064,0.27677326924099416,0.25330325638761125,0.29773542749797904,0.38598136556043616,0.3635695874034733,0.31645161258293525,0.3269567933713903,0.33712313901861457,0.21588102533200784,0.2636752386571783,0.21918893519017346,0.3950658886402718,0.27001850694470947,0.3005630908953888,0.21474964964837726,0.2717680822705133,0.29143616235792835,0.28591836821747313,0.2510735341797705,0.3343335414651165,0.3041397357953657,0.21464762774304263,0.3409006395636222,0.2553799811697096,0.43590835385753557
0.28995527711559427,0.3062759693078505,0.2550475646458825,0.2862018382647396,0.20230156571942798,0.2879893612876657,0.23416158758788214,0.24458949695553645,0.2611956234817708,0.21388513028965614,0.3520379171055073,0.293351959678961,0.27055501214623306,0.20990674353052097,0.29747706562539306,0.24915983206775166,0.23357239850113504,0.2394105529522142,0.339431736701347,0.34274789892709795,0.30677315583695886,0.37495870171547185,0.20857484200794058,0.34749201501907157,0.29901829613261477,0.21605404587611637,0.19453072850463643,0.24751256095079652,0.20246053054533253,0.19234715807590577,0.3198361272428048,0.25794024785769154,0.28176458893559475,0.25188008837954134,0.26718037074664636,0.2871877307187307,0.27995693309907743,0.2537451145919064,0.37619372756341973,0.2397631982950442,0.2594734007510997,0.23647548625315254,0.25625224382915934,0.31131862924937326,0.29253456997934624,0.23907571448666298,0.17630810904976627,0.33666806472573846,0.2625021226070162,0.2804638113940205,0.2673037255093196,0.23883842675796807,0.23575245641917644,0.354677901358111,0.30053820403946246,0.22048012466701686,0.2880768817814798,0.2382983022179384,0.25159109629771764,0.24741534057025902,0.3374794196408878,0.19120232717183921,0.24753792910937833,0.2249582988550721,0.30335693129850977,0.29609128515135447,0.294174183441805,0.24415110135679133,0.23323985632100724,0.24086233584035116,0.29497106577180987,0.22116752438185824,0.2527655183388485,0.28488953787240673,0.2801147123794355,0.2159910940568889,0.24956616027194303,0.19245896548337862,0.23802171142986955,0.175452431331072,0.23081973823047583,0.33296099565615894,0.2291007018972115,0.24502195829949197,0.2386102791759968,0.27253422381733894,0.2582437225170079,0.22449423869662966,0.2078229938519113,0.2784883585175504,0.21498992862060107,0.23143113180763497,0.2514232750041175,0.30097250115451996,0.24411849886745451,0.28621316638564054,0.28447972255763915,0.23621744456075291,0.19463806791695992,0.22852135909056895,0.274747608697155,0.24703537215046137,0.21643936902868768,0.23232364288250984,0.24480876684445554,0.21675634143905084,0.2725705144639145,0.23781533905009303,0.21698832722537545,0.3246863787769642,0.3291771883838225,0.24337020746402802,0.26516141694855155,0.20519411532664922,0.2272269045961563,0.21225715147394666,0.21707774631484836,0.27964213780700775,0.2768035217643204,0.17907657155263085,0.23511762704665579,0.18882206926366898,0.256423193580286,0.24624949272093016,0.2530063452276014,0.25864540551558185,0.20726681948080053,0.23756261465092093,0.25579493104569284,0.255525656708251,0.20059789926702212,0.26776378505109183,0.22838837755122487,0.286613884049094,0.0,0.260618734034273,0.24971062781368983,0.24733510030955308,0.30563223839288056,0.27843708683923285,0.2729949994154603,0.23992198334944806,0.253078215965247,0.2706372146452343,0.28635914429127923,0.22719227641368572,0.31196475591559775,0.20558315312511594,0.2581277536020772,0.18872139342199346,0.34882037973950325,0.21839099884205682,0.31576843896358014,0.22200311433169456,0.2731290526037583,0.34512637727788736,0.3055324072514607,0.23163141092331638,0.25855133678646164,0.20555267093736165,0.20344433610678136,0.2296710773052396,0.20192616080956313,0.2910985495945943
0.3447614878362767,0.27112023920462885,0.2013823327690997,0.22514161970412264,0.26974477105856837,0.22496812946562647,0.32919694581113335,0.2039452261526915,0.2807904478393945,0.22276011850417501,0.25630809556273126,0.22197512804413652,0.27736872334435453,0.2741909356478886,0.34675836053477027,0.23896667358455828,0.2545189096315996,0.299582881752333,0.2257563511642175,0.3201910895620826,0.25023234439843994,0.2556674683940436,0.25163675072953384,0.30081503051546327,0.2728818598238654,0.23386533422214023,0.19682914971309579,0.23702383080113512,0.23871367706807203,0.22893133217138742,0.2981720536686686,0.26930621358046963,0.26721856009294664,0.24257040251547748,0.3791403687479226,0.23320788870408826,0.27342019326652894,0.27154052235671294,0.2520013526188064,0.3163238816833539,0.28874269332131086,0.28086979415873714,0.2836359073841726,0.3823022100772989,0.24699638878388577,0.28546627542267156,0.26619313961362595,0.2631450687748192,0.324025592713355,0.28721665265869106,0.27799558170129257,0.25319449083001905,0.26117845138523677,0.236586859789058,0.2560721711379711,0.30050593018306937,0.2941448580960397,0.21283990660786553,0.2938198796495328,0.24710405375334807,0.20702272077990808,0.23415885984693333,0.2636172374698134,0.2560921878709363,0.3190403234735181,0.280303510449466,0.2617294604228518,0.28208337945591233,0.22027222720723347,0.22689038919918622,0.34169476332138315,0.3027453384873804,0.23552414198948146,0.25621476517608893,0.22583090721408652,0.3202423439809865,0.23685425338279603,0.23589036868371993,0.26376834094865487,0.23103138145131163,0.3746706061670683,0.24594226208274136,0.2988762400902931,0.24805597020261894,0.256216201707266,0.2847647221765127,0.23019901233486362,0.24915927409795965,0.24280344487157782,0.2798642690553738,0.2561009452397193,0.27646869030235316,0.29814481859594144,0.3180766276708654,0.2821020497900741,0.2721259970407041,0.21797986498012528,0.26773626054999583,0.24487926383696057,0.2351888939336097,0.30509315940956405,0.21026329485225081,0.22687558440146277,0.22287973317167153,0.2523526262262095,0.2665128958259261,0.22806406789656186,0.2699514789585473,0.33974775070949786,0.26439785416629424,0.26989683666530817,0.278392840040915,0.24162083572577145,0.21713037369307012,0.2898732246790906,0.24330408011931118,0.3117635465788258,0.2670312642026553,0.24770042824460142,0.2049907909323301,0.3455265713354851,0.19171500018447774,0.26429435919265787,0.3418742477770927,0.3291865357861517,0.25370303140596423,0.2029538830843671,0.2268040659500612,0.23680520802820068,0.32300311550904026,0.24080789163128022,0.23731426223610902,0.21356249407516764,0.2582523254452868,0.260618734034273,0.0,0.3386342924036919,0.3554278853373279,0.2665113459027213,0.28235359533866944,0.2870378466470553,0.2754998643607562,0.2527972919479467,0.2381324160821893,0.3329594304437443,0.254030691740031,0.2874958799689517,0.2718825420396249,0.26372901284805156,0.19920910424970484,0.29498650888971706,0.30023475223832663,0.22758105115460478,0.26271764457896607,0.2710709194835487,0.3161656313865302,0.2637488037209435,0.27473725806544314,0.32896137992428975,0.2634520233827089,0.273672416945774,0.3037791557455478,0.2450313358589034,0.3167038361002565
0.34288918469923707,0.2903241815747765,0.2271393779347863,0.21147974128148492,0.24067815714479995,0.276847626145357,0.3031527698074911,0.22878645118227636,0.27693283762759513,0.25897181955185694,0.29889819741326423,0.26642617261486123,0.30967669345365034,0.28601622890724304,0.27310687829420316,0.3046517664294353,0.2858933170136859,0.3019023870819622,0.24610947972063213,0.3423163031181333,0.28153643639833686,0.2831034547038566,0.2622312345497851,0.32465522292027726,0.33187471789549533,0.28516970935433317,0.23965994847220354,0.24181713564021853,0.2973384264862644,0.32011889404885757,0.3151286030208645,0.30603960636896516,0.282286205231988,0.2537959577358241,0.29995487205406585,0.2560516542435597,0.3620215993586715,0.3231956762359086,0.24913362902843708,0.2819673122463483,0.3183392105441081,0.2514893392517179,0.34213971623568684,0.40325097378752867,0.2810822630217256,0.27077059931302566,0.33445584626362657,0.30891701319270004,0.3509066995207821,0.27207679591621275,0.2669676174127304,0.2782846533278419,0.22709440696767552,0.24765822001521104,0.2799138437572651,0.31131628104277326,0.27928821847911606,0.254053502786714,0.26872693263332653,0.24715223981957582,0.22281160640426856,0.24043624504087924,0.25885042593971536,0.2672375681619829,0.24792885583140517,0.24281880909926493,0.2538916935318233,0.3770997209137361,0.2748542757530334,0.25761735752736975,0.3267104057819562,0.3245289550725872,0.23654313446534417,0.24839702986915174,0.25321428874581464,0.35437535488003424,0.24447876310370772,0.32953248714122674,0.28170777614860937,0.2836024121015573,0.3549886067314614,0.2297370948455799,0.41579048278953756,0.31661972397657623,0.2511678433888253,0.30883021207070016,0.24616998423453276,0.2830646307425136,0.28135413477976046,0.2965683515896081,0.2733280523487111,0.2647361062236601,0.3437389083553773,0.30037650860947446,0.24795490052622857,0.38489897310759646,0.22078048762614383,0.27607123726021726,0.24494680657133197,0.23744745138331141,0.37857532555161294,0.2117072191715137,0.23527680415940175,0.2873998804688591,0.24989371613977543,0.30465383247945194,0.2342402764632138,0.29321471497079515,0.32280674031853734,0.29420787593985326,0.2860154968670031,0.27472748972286465,0.24177793044242804,0.24886623699124738,0.28386223059148685,0.27250457158552926,0.2821022921420672,0.29804000788717316,0.26569102533693967,0.23707952362740467,0.30243340390445667,0.2201809174763208,0.2590459597144626,0.35072200471341736,0.2767811039713471,0.34131754748441195,0.19909939568183954,0.2754136818362886,0.26432255108981034,0.38138312784215195,0.29338213310161754,0.25474138655217804,0.25585257719057314,0.2614192733803705,0.24971062781368983,0.3386342924036919,0.0,0.34069137770162666,0.3018100970600288,0.3098277366192284,0.35251815105092965,0.3334824784003631,0.23723569835855687,0.24950098938571746,0.45075138463413666,0.3120146487195071,0.3010672429965405,0.33745838659785604,0.3221860967931249,0.20729354276263795,0.26602207511186504,0.3294318123558112,0.23264863061989274,0.29298248335578003,0.2957937772855802,0.30308219521277024,0.2627813574372164,0.31250881834376987,0.322366518749416,0.28746171303702506,0.2848557404669403,0.3446011410461798,0.2512591012452661,0.3136326076588775
0.3484983605650761,0.2813806782714463,0.21581063788738727,0.28043224403823336,0.31704271480248997,0.2173708731727798,0.3834377100280646,0.24378225284527805,0.34055181495032577,0.2616072640016995,0.2459256371840254,0.26487027344767594,0.2705920362068112,0.34528894350474143,0.3712232106768205,0.268394749936435,0.29120818673223803,0.3820093360226007,0.26357664315610246,0.3039402417270751,0.2842984026547901,0.2579555815468497,0.3403822181543769,0.27712420062640564,0.3128994447365138,0.3135029786961784,0.2750474615274567,0.2589404805742373,0.2621774670937389,0.29084914168913606,0.4037904027918405,0.30473339439129854,0.34418773446204637,0.30668556878236175,0.4295369092207333,0.31165513111688803,0.29834013301222717,0.41283237589588334,0.29133293374101904,0.38205017394403074,0.35565655282897973,0.27303476861510734,0.35576604561999947,0.3706688972871724,0.3090279227835643,0.33418404690770936,0.31940548945215197,0.266117980100871,0.44696674976868506,0.3618656310504397,0.3322228409262009,0.29322211061589376,0.2688918359552099,0.2700634280779256,0.3388554127198468,0.3366125366353032,0.34601088508111344,0.25102118890190817,0.3058463732593502,0.3167883658939846,0.20106838753425035,0.30009542258671495,0.26908145948499507,0.32391188015984973,0.34989010741809407,0.26159302320092015,0.27514272247163524,0.2875887141189128,0.27844372983435833,0.2684956493282046,0.3398917607485938,0.43256994235777496,0.25623303728991076,0.28929347555428747,0.24795855751428508,0.3238675995570196,0.25566188078577873,0.3195637710142728,0.33514661680355756,0.23098012056714817,0.27761687451522243,0.31596822705963,0.33537413272300276,0.26996323211465784,0.34731071164323857,0.358056999595009,0.24822882153853762,0.34903117386457544,0.3348597323772648,0.29983613189910596,0.34668413141567295,0.37876855172089224,0.3688751670936254,0.29852017495840666,0.33933405875260236,0.3018291339968996,0.22557547802948286,0.31705037653202944,0.3428558977228195,0.30244539802561127,0.34685389399769845,0.23792175270306914,0.32100205916392854,0.29093871239079655,0.3342741771689401,0.33403357369466774,0.25557905596153035,0.27981719441534664,0.38056019116426054,0.23398995076757417,0.28378928457493774,0.39767282519595215,0.2662153147034277,0.2861456560961457,0.36141044231225977,0.29729796555091054,0.30598913883960605,0.356140021330196,0.23329360745131686,0.2945709025583726,0.4612037276399687,0.26417050447666796,0.2785209449694561,0.35377549160864075,0.3500543746986397,0.3003748955116505,0.2578030663789744,0.27305536371931105,0.2914515139214347,0.46546265748312476,0.31063483767070177,0.24352271866822997,0.24317856415361552,0.30615611646722446,0.24733510030955308,0.3554278853373279,0.34069137770162666,0.0,0.3345385018584918,0.369671493256949,0.27779064944998827,0.3467482612946269,0.3256344922777732,0.29515462178172325,0.3816397726917913,0.41940789846985044,0.34453307205220446,0.2960140762749939,0.3201799456149652,0.22135198388038477,0.3183776424892405,0.33203233040239855,0.2638948188321704,0.29240133988302147,0.3313050966398789,0.2980407993044412,0.246197366828133,0.28617065352218596,0.3969401670374749,0.3607752778861121,0.27569650861479345,0.34836878970373314,0.2967314432864517,0.31288725720868543
0.34788671231714285,0.328675071085359,0.2861180782961388,0.3237148429036012,0.26039082492098203,0.25696687965243536,0.3566314573179583,0.32242780215055983,0.3849166003621789,0.3235249875046195,0.34498431476983593,0.3238619365918147,0.3042098700932269,0.32634261421479177,0.3157660817190826,0.3551659724960079,0.300997707039851,0.42568972870327343,0.36080603021594626,0.3614369131912362,0.3276602872990526,0.3435729030012595,0.34633900299513976,0.27385086528595437,0.45508039497972824,0.2769903592325658,0.3135352284398692,0.31882186410641256,0.26509681215044967,0.285974165170433,0.4023918860509769,0.3896020091231616,0.34017365626018775,0.33388757785920736,0.33406441984823604,0.39065402277077005,0.3059589454556946,0.41568114313423915,0.2853598641217719,0.34390475506806734,0.3047084350939733,0.2867052448429993,0.33318530982086814,0.3285703578419754,0.3973751322317865,0.31861136780024313,0.24718957016278276,0.3002942988775714,0.4776875040128735,0.31156180176163945,0.3131595982992524,0.25934525110942497,0.257116027329772,0.33439502800786974,0.40444244818575165,0.28076531318013825,0.3449482383278597,0.30499661524682614,0.39765667846454794,0.30904013321115387,0.2554155475838555,0.2552934020029492,0.2822043444152412,0.3561773314844102,0.27796865099774853,0.285711274321358,0.32377764753857735,0.2770932789454095,0.36869907789133827,0.3338849066386223,0.3241907693565228,0.32700311004969523,0.2826582768113018,0.3314665273002299,0.30796753675386734,0.28589852364102564,0.2921442918817486,0.28169323035679417,0.32856645465547957,0.18982379125434923,0.27472822517744905,0.3223064073396259,0.34112349140934994,0.2958899498126512,0.3337232110925756,0.4025120867727565,0.2914265838172664,0.35249212706049937,0.3269360466900089,0.3146504058694847,0.340555609279415,0.34661307728736723,0.37600550727197385,0.27020035121577357,0.35914051840667277,0.35122256629222676,0.2674620233963086,0.36456014994841485,0.2828486308649775,0.30966561101659285,0.33117698602804,0.3029035742463604,0.336644335355831,0.36109256490637687,0.36044329637642336,0.3042993092421505,0.2684466843181862,0.3642051564840202,0.32056484440335103,0.28271088997733823,0.317733013301819,0.37111520517217145,0.27342637321634594,0.32164998588049076,0.33776080152396587,0.26122410981588906,0.31740044764359443,0.3897593378551346,0.27601695292062167,0.27448502135830244,0.2967134911427191,0.2498571225680602,0.26477399531336576,0.33828938014544574,0.27425569157589574,0.3274286891384323,0.2437519615354237,0.3080192209401737,0.3360324208417978,0.38209730979963763,0.3232713520325609,0.28350424458422474,0.26084823317833505,0.29831850326355064,0.30563223839288056,0.2665113459027213,0.3018100970600288,0.3345385018584918,0.0,0.39713963882296927,0.3625142832376667,0.3661712122576662,0.3109156141127081,0.4004626214356182,0.386515272633675,0.3683929626121974,0.3103528974494033,0.2945757274848082,0.41566900339296253,0.2579436218502864,0.3311785144133625,0.35562603836051143,0.31308190762081434,0.33232552350828937,0.4171555464640001,0.3710361713971815,0.2845472388228594,0.31548695347763694,0.32232225666723596,0.30321840230451247,0.2837795932905111,0.31077735972606313,0.2937467900497597,0.29453568846301903
0.3338652213606575,0.2690452395748144,0.24428100163491376,0.3205557820660755,0.297294648192823,0.23295615203980857,0.37801379101280497,0.29257164238611655,0.35709191321325673,0.2593790505972801,0.2887486729793254,0.30389614207629845,0.2994770854338097,0.28284309260786206,0.37721746281738744,0.3012886447928499,0.27316037328845133,0.3763624112507802,0.3167188893563367,0.30840841520260726,0.30174389893937664,0.2819957897708277,0.3728183539116173,0.2620242540303652,0.33911060131999593,0.2895937062904283,0.3297036796983372,0.26213458915499455,0.23280146031387594,0.37163263255368845,0.4104645575890751,0.3256056487671695,0.40759950377925436,0.2877388168892379,0.28409072751951403,0.388884298696652,0.3303379924991646,0.450852227778681,0.30774888067728096,0.31457272804758757,0.3938026758838288,0.26120869303440347,0.4380809398221785,0.3179944138553992,0.35114831821379006,0.3696557707458642,0.29927554517330457,0.2806011159001975,0.43484260823179893,0.3819686114847542,0.3836755049760284,0.2485293955171935,0.2725556985591962,0.2952441742694626,0.3627015916906963,0.28614802625507707,0.33735689777835665,0.3217238622439146,0.32410301923090595,0.34838173989742827,0.2325252942464262,0.35618307780262254,0.2873443551273818,0.3064838326461201,0.2930591965431557,0.29717892913608207,0.2944168059132648,0.3115311236119585,0.36073778429080555,0.3393131936400734,0.3734133989348083,0.3052386204170319,0.23601636406656487,0.341553378533231,0.2962568611467251,0.274647571233233,0.29845996234514127,0.28770383661560933,0.40166086097467896,0.20494895847588226,0.2890114605365531,0.3580676917570484,0.3563357965578578,0.30624133996694325,0.3177932451394594,0.3759827775448966,0.28828804681890835,0.43524852929531344,0.32715067066892267,0.30885878728866567,0.38948001288178613,0.3609119368969739,0.38931638181723827,0.2717146672322576,0.30930023612483604,0.31922025408173393,0.2643943931767869,0.2941624735077881,0.27870994471066607,0.2726547224734615,0.31925493204339916,0.31325464421422333,0.3915373031551099,0.3357599379983165,0.3666445763599458,0.33211921018642443,0.32528582619397883,0.28992895550044173,0.3786452236894443,0.23559076413941668,0.29082088459678324,0.400667891534642,0.26246825363783227,0.32691077761999726,0.34447993542266814,0.2458043356446523,0.280894777766856,0.3347809271008222,0.22150879929293565,0.24533924102880328,0.2964824353014751,0.32156154968369627,0.24071539972719516,0.34786223189244514,0.25806844744472346,0.3283547867892879,0.2658308193414013,0.3147731400544762,0.2683114063718497,0.43500067656175845,0.30343177318643155,0.2947400651775067,0.25562936279261983,0.27677326924099416,0.27843708683923285,0.28235359533866944,0.3098277366192284,0.369671493256949,0.39713963882296927,0.0,0.3443175075265056,0.3081952484988201,0.3074481811512766,0.36557743918719576,0.37166438866985213,0.35645723394499085,0.35648040797134484,0.3400948024553417,0.31762259255336717,0.23381190529721946,0.33272995141513334,0.3423044705093163,0.32952461440061154,0.3390911244234517,0.37691375301172353,0.3881231297239557,0.2754240376476905,0.31762253920574035,0.29544064554504085,0.30324262111500566,0.2779577370205518,0.2915281444505422,0.33420085749375633,0.2847693702867123
0.3122497138567299,0.27451271194725313,0.22250464485294008,0.2824112746682951,0.19977085366247618,0.25591490648496173,0.27814132046872786,0.2695091570248137,0.304625541426524,0.2746615800455541,0.3006273602423014,0.24893145689794624,0.2957693682514149,0.3134251989832072,0.28887941131881834,0.26797429215052854,0.22867901685600106,0.32707831218762484,0.2695371943975227,0.3078531648988261,0.24786305019020527,0.25966620266721235,0.26454131499653516,0.24473742862842793,0.3718181639978646,0.2678636094667155,0.27892809694413107,0.2636642314421478,0.26420050099620573,0.2550128329106719,0.35640355862635653,0.2974831179135199,0.3427315741602997,0.2537280525256348,0.2956401066759791,0.2693019877674223,0.3507233853639023,0.34382180178540184,0.23065812171732483,0.25212386049142294,0.26899464517456667,0.2298831090525091,0.3144962638155306,0.3158690621152822,0.3229377912477567,0.27988939114947986,0.24573199238675714,0.27710798140528825,0.3314889663413358,0.2455573310273569,0.27648579252618155,0.23029914926000541,0.23030042934917408,0.27449105249526,0.2992946713958128,0.269804509254349,0.26981505301618025,0.2450187222858935,0.3159679221821141,0.2463281985352786,0.2635962535144451,0.2504796939326809,0.26739080148866134,0.26000300265582255,0.2494251009816723,0.3003695702176583,0.3089489303456025,0.35161771546188286,0.35187316822164055,0.330197534204172,0.3141860134871794,0.3104086209057575,0.2543706366690595,0.2680813213621515,0.27687193744184696,0.3645463989201005,0.2411838419747213,0.25397173453730726,0.3077862239276922,0.21484496246132112,0.3083854027486442,0.26303570292719947,0.3246534675749342,0.3519035460022777,0.24544878198783307,0.30238083669955107,0.2966950403773742,0.36373906237598497,0.3308510344669662,0.2922021706437497,0.2548065945887854,0.28175723732474794,0.26998297940538946,0.2868204562734808,0.2629880255687633,0.4045372591238653,0.27244768918929146,0.2828434501357736,0.2380336013889012,0.26031820300861613,0.37497381960104414,0.2430085940943566,0.3175893847442449,0.34416043316030276,0.30987962198832586,0.2545745188841624,0.24501497587680862,0.28475865324142435,0.2716041135524243,0.2361929822856084,0.2733404210181486,0.2586793770723482,0.2644827759580218,0.29474226747808424,0.30957695423982706,0.21730481940859844,0.29605172828123844,0.2753027811672274,0.23825370203306379,0.256669102434432,0.22000595398766476,0.26453007481617413,0.22722776122508395,0.3026559693779245,0.2675645611083234,0.3443408518519299,0.19589640334971967,0.2480003578970477,0.2514553731707464,0.367638278623842,0.2744007980964568,0.2445012574014924,0.29742907858204193,0.25330325638761125,0.2729949994154603,0.2870378466470553,0.35251815105092965,0.27779064944998827,0.3625142832376667,0.3443175075265056,0.0,0.2888834096729366,0.24233519802588102,0.28383544368622493,0.388624984283374,0.30629114396002455,0.25145749315521,0.30056405951215753,0.31376034055500834,0.18993304772386183,0.32973652853842916,0.37803357597788156,0.2260355974462726,0.23591909404214662,0.30940189113003214,0.3711489022871697,0.25799833878167927,0.2840346831734847,0.3595235618513657,0.26607575777003395,0.3160334706336246,0.34783371544870695,0.2786461732402656,0.2548495933000619
0.30650343457581586,0.3499591549421698,0.2654593032292189,0.27086121996726936,0.24447486890207823,0.2808960112322359,0.31561916262271134,0.26825026033577287,0.29045073992652204,0.31334098822232415,0.3056265140819989,0.27973412761501504,0.33582375346359533,0.4545337670685101,0.25224199975606265,0.3781663620735721,0.33702003466755287,0.327062686940513,0.2729577800051236,0.2992395008517834,0.3155871881107381,0.2881227534923552,0.3342645884698067,0.25353770500536965,0.42575549516431166,0.30857821873555824,0.28636589944175206,0.29220850246246016,0.34503923530631736,0.3030250724043624,0.305921438451565,0.44671200576596015,0.29759071433996176,0.33985916857058096,0.3259449495654615,0.3480429041471047,0.31954625758639177,0.398273864724618,0.2461251001639426,0.3517606798720472,0.29746183545065014,0.3370630377343052,0.28827510483971813,0.3276451332634064,0.34410417673621535,0.2956351115104452,0.2864291811620344,0.2660443556465039,0.4227052957342877,0.28973855542973226,0.28640262224313956,0.28459491041774176,0.24693523887431917,0.2884115230512483,0.35349559707574557,0.3647758810454394,0.3052676765863739,0.3084739304219396,0.3110037346642111,0.32413752651475486,0.2416191225654637,0.3317802650850331,0.27451110398013656,0.38309524165377534,0.24343314426556195,0.27248229965573517,0.2926410485503054,0.28051267648298284,0.3177433486466822,0.3187060224030357,0.2953316612436156,0.3254437185190665,0.2964481543758724,0.30645097105588964,0.301002470866894,0.314434381114918,0.2902258209246705,0.34104639900182365,0.2896944290902038,0.2423882897207346,0.3188635332020665,0.24044230813196618,0.38209389114470466,0.33956150101241944,0.33410180760106156,0.3616054134873477,0.28414834510275916,0.2832088431110667,0.3072037502207299,0.3282763854912178,0.3161238236788861,0.31398017931173566,0.3567889852535817,0.2879726454504475,0.33617329228457016,0.3368428089893687,0.23508856512081922,0.36073755587267686,0.3103422875876714,0.28713006357421045,0.355300330079344,0.2770973155015925,0.2816421441194069,0.2827212823411199,0.3048509837818995,0.3030183151518003,0.27106283207181525,0.3763249019240512,0.3471690638769451,0.2908966832341824,0.32985195988777116,0.3197628788505765,0.27877012273256074,0.3152601926776139,0.3327079272601113,0.30427972103470746,0.3163067433372099,0.32670377609994794,0.3057249542530464,0.3432171567523317,0.3077975155010577,0.2443643210253757,0.31206619653669954,0.346876325127756,0.27368866815066695,0.353379281170957,0.28918389532704863,0.3358042620507378,0.38799859494546785,0.32509781878242433,0.3728368828384813,0.297646511892718,0.28342036680138927,0.29773542749797904,0.23992198334944806,0.2754998643607562,0.3334824784003631,0.3467482612946269,0.3661712122576662,0.3081952484988201,0.2888834096729366,0.0,0.2949182356076689,0.32700163927261555,0.4416260639444294,0.31968518785525585,0.2692833387164706,0.3192802842069261,0.41649063715813217,0.3132989777153687,0.25446464070080943,0.3451823519667086,0.2602940437882841,0.3355140873430947,0.377590844187185,0.29245514288320096,0.28005074066844143,0.3180274125374679,0.30236723642399127,0.3879661741161065,0.2911399512237375,0.3198508136398711,0.28631798746858733,0.2835101673521212
0.3188319753897625,0.38426375268150115,0.2553164806473801,0.4240273657845113,0.2427340229610102,0.25393049338545176,0.3320156992280266,0.300485120470411,0.3351788149261169,0.26051291271518406,0.2449723623777768,0.3124082364071805,0.26035929137430436,0.3390800295668637,0.2772088741983403,0.24863940393336686,0.3566987480500294,0.3497345798083141,0.34671037085234085,0.3517426142126847,0.3775620460359172,0.28559201500844944,0.3534426790048432,0.2912038119729645,0.29533635612688947,0.2613481517420192,0.276923062809378,0.35414558513339744,0.22657971459863915,0.27272266164068304,0.2827298510880638,0.29088678813945046,0.36047963791075543,0.3671941517269301,0.31189065514208814,0.3321937265169565,0.2481060460871418,0.3288644587868957,0.2793649416306758,0.4547563054996627,0.37400521938941406,0.3376080356570736,0.25585579297628647,0.26314143689618874,0.3485984994802709,0.3864177477727932,0.28514708665799166,0.2007377771176102,0.34996674851393433,0.3739869350519449,0.42119336623361187,0.4011912117012604,0.4643641083293073,0.3194722877861148,0.27658986362406435,0.32167584989075265,0.4594894322783003,0.2777470785917692,0.38025402515335777,0.4506870960488162,0.27542806145241205,0.28979136792928284,0.3182318560026866,0.29528311969657406,0.4031782024708532,0.3614024004429369,0.34279173145347586,0.24250235075554355,0.28076050855524093,0.2603638786031039,0.3140033679171199,0.32473988186709984,0.3614332087111591,0.3706232079060119,0.32819284735332177,0.3253286728384249,0.28289436720123934,0.28535346104861903,0.34172723880259215,0.21207701260316025,0.2746850236838187,0.4470735785516051,0.29254011952071696,0.24704291713225293,0.47903388301476507,0.4035060047072532,0.2504638414349962,0.33970964571024553,0.31202063693320764,0.33613100701374576,0.3318795402321894,0.42664998181317426,0.30242837296510877,0.40869602592038107,0.5544963699091671,0.23551626165321318,0.289594187660189,0.36324252569049614,0.30977872249995414,0.3908063111569095,0.2563911043967154,0.2544797451208469,0.3342498557013319,0.2779510926892526,0.40658881322128293,0.3182629035266115,0.346568789624007,0.2909362338401877,0.3916821642067298,0.2911492951857894,0.3511670937597873,0.4051239770544038,0.32910002894279883,0.2980722509906839,0.34536296076849504,0.34922328317541124,0.3603056184523937,0.23738917798421538,0.29567424295770656,0.29144639164429115,0.313955231912496,0.27696560968000644,0.3567342565775392,0.3368528717403768,0.2756036473386241,0.24289870374842118,0.4105225563269092,0.25375849370153075,0.3128392508835704,0.30326882726777044,0.3134379012315889,0.3070904551149379,0.2422947841699573,0.38598136556043616,0.253078215965247,0.2527972919479467,0.23723569835855687,0.3256344922777732,0.3109156141127081,0.3074481811512766,0.24233519802588102,0.2949182356076689,0.0,0.42549806694305364,0.28043548910333826,0.3409017707657932,0.33444720632449987,0.2708623519972589,0.3086849060637791,0.23834017269207722,0.31611733642073747,0.33957055739462905,0.3214993125245515,0.308428421071665,0.3104244761047656,0.2848454665934817,0.2924531727652923,0.2606370651453023,0.32220211143178007,0.31300445368624863,0.2606867227180942,0.3243746212174546,0.34181105974037684,0.30029814565857715
0.30937214297555576,0.33466416267206583,0.26597211048035446,0.3693034824220343,0.2632860189952289,0.2618623544126985,0.31718706750762976,0.32608788372653474,0.34884291745305834,0.24535869077704303,0.30702529200238254,0.3558879529268716,0.2771399351303117,0.3089468555575418,0.30340628781730994,0.27723292927014115,0.34084106173789547,0.3300482083596594,0.35698369682841324,0.3862597119377165,0.34743538491718057,0.30432878308141464,0.34290520564648674,0.26084415579197356,0.30896406966067536,0.25073445249451204,0.33934950219526244,0.34570620170259125,0.22722874631242757,0.30308224979875886,0.3292111207659484,0.32582925635669074,0.4140505456906254,0.3741114504631325,0.3091767155762485,0.46899937138071035,0.25976919252395375,0.38171616320867724,0.3145186066931019,0.33374372116635975,0.41418349878412547,0.3139371531722522,0.28704588737587194,0.29974847055900644,0.38237441987985304,0.3334292699920736,0.26451582516140165,0.22985173428411412,0.344473786374456,0.4354135822288828,0.39406274690081705,0.28676669529824,0.36503493516999336,0.3271023321342675,0.3409231229933683,0.2619414811284315,0.3854307240486551,0.3376746305253227,0.3916935723457854,0.4445053376830725,0.2652013061803524,0.2848285525479553,0.30560241263561716,0.359658232427034,0.3088894872035385,0.29834385412732056,0.32816138982425885,0.23565020865676928,0.31536720150762654,0.27296177734527743,0.29614801647164984,0.2927043958452703,0.36015325439454976,0.3431837750989392,0.3487672862894044,0.2628802704095368,0.3094663730584626,0.28537661651244695,0.299820501563732,0.18364636410430504,0.25070674187226627,0.35563931273740246,0.28900159643074214,0.2651272563504091,0.39962001000863623,0.39257784280368774,0.25955665302879166,0.36442401269173536,0.3025726082603597,0.31843647586430457,0.36344548581797576,0.4197501845551576,0.39307100728062977,0.3086359237486181,0.4128664835762465,0.26713520409130226,0.3168358477318573,0.35212430470457506,0.3057276363680054,0.3410387547900525,0.2968364641495192,0.2807049749475362,0.3608244278835483,0.29633919850283613,0.4420153464687207,0.29020607558175276,0.3491711131131244,0.28922874924351166,0.34458182893558614,0.26095795799459764,0.35455621206723176,0.4413399152181102,0.2936071638668376,0.3445920776340907,0.3095400557126441,0.2871778401730182,0.30048705360298095,0.2799323030846294,0.2734358407104278,0.2756622105425279,0.2919626550834427,0.2710479826751995,0.2877003297545286,0.301479898548873,0.2576568319801495,0.25884513872770737,0.34291676536356774,0.2962925570539965,0.31075130173146176,0.32097648756313535,0.299756078790766,0.31129948356725545,0.24081810569611625,0.3635695874034733,0.2706372146452343,0.2381324160821893,0.24950098938571746,0.29515462178172325,0.4004626214356182,0.36557743918719576,0.28383544368622493,0.32700163927261555,0.42549806694305364,0.0,0.3461044238957252,0.33123603940360496,0.3512348387291936,0.2734952045078812,0.29829353240266965,0.25795054689004104,0.3186199739708713,0.3317744685291105,0.3828407913466725,0.30467360240984664,0.3381450160482734,0.29457054285573364,0.28080311810665903,0.2623830676701185,0.2829867854003092,0.28981339435538905,0.24127147255670572,0.28430451632800924,0.3072289915918203,0.2977110858510078
0.35157487948539323,0.32142575771210413,0.24794600805751624,0.27421958443594885,0.25792329208513887,0.27564606942283937,0.3657594592567854,0.2646554795671283,0.3088931891276216,0.2882223710368293,0.36320371734251106,0.3215618524056062,0.34708171391887294,0.34252003353702654,0.30229088866021975,0.33999777281205684,0.3098533331281911,0.34565984579561343,0.28279233944684684,0.34525281346404596,0.3299250026599273,0.30668910342941,0.32506537013631615,0.31452186148283545,0.43750058888755494,0.3646914854338509,0.2939716471943048,0.2865664291903149,0.3287228355948509,0.32497932507087673,0.3607771563357916,0.372189679130834,0.34561773866813966,0.33578143510382114,0.3280618326912921,0.317107647337209,0.42200437089687237,0.42258361971686575,0.2934290731181914,0.3380955057436801,0.34444329441305954,0.31558415167367465,0.3495623139415218,0.4595613198295204,0.35252329574639873,0.3068990266043983,0.30066714236931247,0.3261562727582642,0.452824257486573,0.29591988478845604,0.3167522288225652,0.2857065873254154,0.24307770630741485,0.316835883389784,0.3650546560752956,0.35386178126755585,0.33597875683204653,0.296057996457452,0.31050784302173773,0.28672029719187464,0.25203031862212216,0.27274759672898596,0.27220261773131743,0.3069888278442471,0.2522174301375744,0.2792567545179989,0.32994179403074797,0.3572240334174747,0.3104780044407248,0.3184325896435428,0.3617608694597905,0.3232617827111492,0.29459912855604453,0.3083946400624849,0.2873476667454513,0.35957636553413624,0.3004246974292111,0.3677156002546733,0.3165747770977204,0.2609898037072193,0.34786946161978877,0.2647821280174423,0.431048751666073,0.33757444063929243,0.3156700359287121,0.3661870219298161,0.3128479738417682,0.3224886432284861,0.31614297880069797,0.37556674297042475,0.3388224777268872,0.3149842801152112,0.3627704412390001,0.3249502778137555,0.3083302757098561,0.4777827046302115,0.24787219015900305,0.33511228815420263,0.286980813823164,0.2789559920048221,0.4229974998300722,0.2664563540967593,0.32109382217012344,0.31528296950756546,0.2970989776831488,0.30916080563014,0.2745758897015229,0.3486690878714042,0.35423778374562126,0.3069669714937356,0.3944014823371514,0.3652861372958519,0.2893494601741945,0.32233622834962516,0.32392956436853365,0.279085421319355,0.3038564139381341,0.34910650244352875,0.29252320689095485,0.2820253031831441,0.31355430360133374,0.25822138767288644,0.29342455273284856,0.3987680332896971,0.29339439497024256,0.39851201830276967,0.231822224207953,0.3214932141338678,0.31066100301132843,0.39973428231893676,0.3247761314892673,0.2851896397127671,0.2865208223851268,0.31645161258293525,0.28635914429127923,0.3329594304437443,0.45075138463413666,0.3816397726917913,0.386515272633675,0.37166438866985213,0.388624984283374,0.4416260639444294,0.28043548910333826,0.3461044238957252,0.0,0.41002428694820325,0.3122162980074986,0.3463230456151066,0.37499042071015787,0.24051069667248084,0.3202857874252827,0.3546416406165155,0.27683022821872977,0.30732304894936824,0.39268102229939705,0.3765059482431204,0.29842331276335404,0.3624690416671881,0.34920849968150774,0.374115799360726,0.3044784361594389,0.37766331747904647,0.2978520514152659,0.3457339467485606
0.3562289917913522,0.26683619377397017,0.21345512894776678,0.30860097500584593,0.25303948233480167,0.21402544637132398,0.38460514023026837,0.2582328066646905,0.3577262002285709,0.2765903263733917,0.2539868581048136,0.2893405113273472,0.2632792627571317,0.3322704068959141,0.27785075656969216,0.2598093262849081,0.2697113047600618,0.42111554787331845,0.2794669153534006,0.2989430960529866,0.2820946238216594,0.23962256819135122,0.3978766333262161,0.2405918977232421,0.3550192322666353,0.357338499287428,0.3198902293318297,0.27371430130409724,0.24743510239824282,0.31393278709779604,0.32845234824677083,0.296252703818189,0.3170872102667126,0.35293012980766564,0.30826349936650893,0.3137442756588434,0.32650594342010264,0.4294839058473921,0.24276444585332313,0.3417182971730819,0.2970858951492,0.2799453941518266,0.3184429216487425,0.3076046523687952,0.3188176072870278,0.33504053528447447,0.32021787699453597,0.24061953114122658,0.4391258008877447,0.29983481578977167,0.327815755116793,0.29487881661680515,0.26292677408833826,0.2628153105167877,0.32127109350962096,0.32635947232325946,0.354298239472945,0.26655507810275936,0.3206244695747886,0.3129981802383039,0.20652478164058405,0.30451382153628676,0.26695544749950734,0.3089538780836819,0.29939698586531693,0.28661723485937507,0.32414748397440424,0.31160250682233215,0.32734609175965046,0.28883656831268617,0.330469534636797,0.37664649372913467,0.3070894357204328,0.2855623597638195,0.25291385573033237,0.3466317387579918,0.2717118139115412,0.33045487091735987,0.371934256022904,0.22907333388389833,0.2559592938392893,0.3325758528559291,0.33255897914721744,0.2752122807334595,0.3901700108976165,0.36898293993001613,0.27659704368326726,0.44532592477609595,0.35572387448016723,0.34876782684744095,0.3910104882261375,0.37832700747799736,0.30244794205039544,0.2983904443584791,0.3708344691060818,0.33204236941506654,0.2254778442338288,0.3321586810209827,0.3579116611991656,0.3290332047594402,0.3291212432468883,0.24440002082853854,0.4423301642059443,0.32419718099169864,0.3516898363992289,0.3235743388873283,0.24792802233637815,0.3024515724546288,0.3309118517674348,0.22712225856806198,0.3010765674937057,0.4750530405270951,0.2956553207995119,0.34571979057374785,0.3727477288625254,0.2810991756282947,0.3071053637848839,0.3134345360440718,0.2341311446947172,0.34844233088184096,0.32431762024295463,0.31487898181999857,0.2902656346099978,0.3402629599287993,0.28305550475096874,0.2850328606342657,0.28094215641483306,0.2684192104893828,0.28069537994735455,0.4414049522064773,0.3131015763177269,0.23980199254260617,0.2791814979093857,0.3269567933713903,0.22719227641368572,0.254030691740031,0.3120146487195071,0.41940789846985044,0.3683929626121974,0.35645723394499085,0.30629114396002455,0.31968518785525585,0.3409017707657932,0.33123603940360496,0.41002428694820325,0.0,0.2987164588691753,0.2805115510713819,0.3335401474526652,0.22509024900871377,0.32064833152823874,0.34379408063532024,0.2582008932320782,0.2810620183089364,0.34575801728350747,0.31810446311694496,0.23988905567657062,0.28829874070447026,0.344288440892046,0.3717953737920647,0.283411657966297,0.37587160469450714,0.3473728024315878,0.30557474294272896
0.3176895549557807,0.3090424278510682,0.31076386145765555,0.3552003673984229,0.2999556661717643,0.3066947239012676,0.3428514229848199,0.29223795771575356,0.3618007207941715,0.21451954315744592,0.33003488608719334,0.41943742046778465,0.2770753989792586,0.23744655163173395,0.4151872437347461,0.30296594741723476,0.3459511952378428,0.28526921245122033,0.325907981257824,0.3591554084992204,0.4038858425291466,0.38284551905572634,0.257898766552439,0.3629299627666614,0.2684500527741918,0.28448850996395775,0.24622580198472643,0.2907999096360743,0.21726849795089773,0.3180451804846825,0.3616091197927263,0.2988861986688708,0.40631060470687125,0.30229575835137135,0.2903628692122167,0.3361285750991276,0.29574782937152183,0.34231563713390667,0.4232696724272858,0.34387224640077096,0.38314640589651205,0.3047108405710404,0.3448902843647902,0.407381457409705,0.3163044177638977,0.3223782916366496,0.26717622193389334,0.29371797486113754,0.3277169620410832,0.4306700023114957,0.44723100949244926,0.340157735244576,0.27296865058607356,0.35272900560739895,0.3370937176742067,0.2539474835855764,0.39602531259039814,0.35010998262891885,0.2880053956677795,0.32984821155982474,0.2448467737003362,0.24972116085408552,0.37510690437099614,0.25637968567459596,0.3356257547387505,0.29337881633566587,0.2808013576628116,0.2861128247832549,0.2516365938905681,0.25659289727890017,0.37737229347705786,0.2687795727454733,0.26052493441087476,0.40127990854504403,0.31797825611787645,0.22277589610588328,0.3514305832141111,0.28521805951790163,0.29500593984049567,0.19800981176580074,0.2728597653865562,0.40081574463544756,0.3508304721465696,0.24284501717356238,0.31904018771705867,0.37224188963233695,0.2408857085479313,0.2917136210100206,0.2653874174188504,0.29851441251388955,0.34313720754481053,0.30889173798862773,0.3573716200220548,0.28763426036584955,0.31773101314715574,0.2867222550267542,0.2716640931644824,0.27495997672402256,0.24482600459402543,0.27700965163470276,0.2745755844849657,0.2530685203540483,0.25532652439589876,0.23585677749385422,0.32292940143481663,0.3455659267037773,0.3127358767802801,0.25077765890741505,0.30733354384871175,0.2937131078460636,0.35306454987585983,0.32228783459432536,0.2652404677544566,0.26191731504500965,0.3010746662733058,0.3202099893968501,0.2583497610983496,0.3068928946780176,0.27456714218267536,0.21855026589309276,0.3911769450635752,0.2307078850692045,0.25732557713856324,0.37154361794083657,0.24798664240042695,0.2862510087256859,0.2591437835494325,0.3278600707640232,0.26384136497656646,0.33783690787224824,0.25266345566716275,0.3893947941827464,0.21608015097653635,0.33712313901861457,0.31196475591559775,0.2874958799689517,0.3010672429965405,0.34453307205220446,0.3103528974494033,0.35648040797134484,0.25145749315521,0.2692833387164706,0.33444720632449987,0.3512348387291936,0.3122162980074986,0.2987164588691753,0.0,0.2705802149153438,0.2565459503282831,0.2040615586207125,0.34964977549573023,0.27137812189837224,0.3284522769365752,0.2887543898042462,0.32902916024746887,0.2989905293869508,0.3202458807457325,0.32336264766088074,0.2684367174642009,0.2763479955983601,0.21545695224239791,0.24500805920177934,0.232691853656447,0.3663545293903
0.25340383383330056,0.2605954896474565,0.2705983323356351,0.27251000756201305,0.23950479421064794,0.2905456386790502,0.3237004754046726,0.28009265740808764,0.24246764447569194,0.33064899804625447,0.25168392505723614,0.27938877090288894,0.3126035443510646,0.26147398723836623,0.2863850981236978,0.3289975661015423,0.35452931966613976,0.31101344520787877,0.2661993325830712,0.23976950153428117,0.3118004205017541,0.2469960714600331,0.3118683629837586,0.24186427814009423,0.3221584009857653,0.2909144133180591,0.2805181443238816,0.2883232264279331,0.2516331920471543,0.33158701516262135,0.2754046650280043,0.345619707387963,0.30486021196544966,0.2814489098107853,0.22214590130445833,0.25642955590297134,0.2798348077053898,0.31818521233025676,0.25051139196485783,0.31621775681557424,0.31650071989266626,0.276327554101626,0.3434560431209941,0.2867229155610935,0.27356128535129837,0.37395784391423625,0.3259851961944142,0.23131013742321366,0.3292307885842854,0.26243459821619763,0.3193666229844782,0.281359991845485,0.248534862456022,0.2548373396791382,0.26807965969874703,0.3005649294291216,0.2837952240938081,0.31519785578303217,0.27991560496282936,0.2779560089928625,0.23903753169078315,0.3075989195133044,0.287515685066863,0.25003519386255885,0.250109405697806,0.2736722258141157,0.2551704696208635,0.28756340245626566,0.31086831905362716,0.2825589795559277,0.28123413568344174,0.2557173898304774,0.22357282086631292,0.316800007214642,0.30776324467124044,0.2881904563682936,0.31006755484740106,0.34402269710213956,0.3244133897865912,0.2732176826596231,0.43695805200069376,0.23534789082758087,0.4096255176420361,0.316589555006634,0.29977063633118534,0.29810081279972944,0.23915049425602544,0.28401143817837704,0.3805274323874768,0.2645975270134668,0.30181100058723576,0.2722355625731377,0.338732434455237,0.25486774100125864,0.27089062351261817,0.28178320234865606,0.22368047221620463,0.2990188166694485,0.2285265644093473,0.2965434968047152,0.25787702356836956,0.2831863316592969,0.28768486163837165,0.3075961601673205,0.2602593419635008,0.37931639544839063,0.35074812127482213,0.3464619977271531,0.4080817150650269,0.25798264714151115,0.2886027097509017,0.275825082953984,0.2503257945582804,0.3387993231750291,0.3036545702168086,0.30584853385940813,0.31477318034360613,0.2790382954701409,0.2860699451401664,0.2643105629278181,0.2614222738699545,0.26912594466013273,0.21828801336924666,0.3720794142591365,0.20700371706212542,0.3359822247065557,0.26732983811761607,0.2893443796532956,0.28628443336203324,0.32591216313525234,0.3519537577649954,0.32221090546617626,0.2292161579905321,0.21588102533200784,0.20558315312511594,0.2718825420396249,0.33745838659785604,0.2960140762749939,0.2945757274848082,0.3400948024553417,0.30056405951215753,0.3192802842069261,0.2708623519972589,0.2734952045078812,0.3463230456151066,0.2805115510713819,0.2705802149153438,0.0,0.31064716510063856,0.2687723444569715,0.21970820460459925,0.3778628755766599,0.24172373916566547,0.36577957607485556,0.39308283149302514,0.2614976238635158,0.2448566953441011,0.39883903652406694,0.23684704518795635,0.3485608289559915,0.4011199056946635,0.2508009195278736,0.3496720369668627,0.2474423663911874
0.30959211891566957,0.401216023963963,0.31110187677364215,0.2719075472034813,0.2285280009593927,0.2623891489560037,0.3009225715797105,0.2897790407334257,0.2948132887043843,0.48939335824024666,0.2917892187867553,0.3221243952358332,0.2924913016893232,0.3528732586303824,0.2551529529466917,0.33591255083446353,0.30817535321155926,0.34600827637884246,0.30963237801786037,0.30782312410250584,0.3030532259816742,0.29320594595922583,0.3592253441593768,0.25609192360943006,0.526907462489353,0.27635403313704376,0.2728466331935131,0.30832376040870735,0.3738360501334165,0.2895380876289029,0.3205538028730939,0.3729617716940674,0.284744987439252,0.30997819185468517,0.3041888938778442,0.29649978596191506,0.30401827372834284,0.36491116066420287,0.2416662460393968,0.34164043582395226,0.2841601414497362,0.2990207425058166,0.2856622062976553,0.29438019897015844,0.34486666887902345,0.2888492261099456,0.27517598416022204,0.27496533808065987,0.43213862392126534,0.2552212076769584,0.2751756521697775,0.2705852726169277,0.2477707282215219,0.2881800781536306,0.3507063429748775,0.3322974320459547,0.29971953873126816,0.2749208783640123,0.33253705806561706,0.2811122088421463,0.24540325595457438,0.24912687859293292,0.2639480515536115,0.29797730057853117,0.24698011193093533,0.2728405686928523,0.27609618127490954,0.2734707203847608,0.3311718318784269,0.33989715638470774,0.27925683088176056,0.305504481996549,0.2658660392316048,0.28980323502902067,0.2912362396928085,0.3270985428234315,0.25289964008529514,0.3047123726914614,0.30544138565826806,0.21955657174969323,0.3079349691863727,0.2533623518507794,0.39497886964261325,0.31513275891321507,0.3234103335375647,0.38119874990208,0.28615585816200806,0.291141368088199,0.3131894378567245,0.29624299211364596,0.27894536583657537,0.29511867291086175,0.32021863166391756,0.27918602828462036,0.3425867269638121,0.3683374340567455,0.22501719592865796,0.35813021862872035,0.2573202776527402,0.2770051374318869,0.29338385928982896,0.25939601718384914,0.29117356130298977,0.44536770788977936,0.28502456209761107,0.27930204717809004,0.2494311177072439,0.3995208808701888,0.328293237973881,0.29346536113978644,0.2997442866305415,0.3028429079879701,0.2692407079325152,0.28728301013983143,0.3096885012526676,0.27817912825053076,0.34708904802725143,0.385507888795949,0.30771250886157075,0.27630761161421724,0.26213980869001285,0.24128979112385732,0.28045006980581566,0.3491204355158297,0.2636988632555986,0.442042356309525,0.23953863860783864,0.25790151236241826,0.42901950633401614,0.32207591046539413,0.3662516547675811,0.2684323783300051,0.24919776000606378,0.2636752386571783,0.2581277536020772,0.26372901284805156,0.3221860967931249,0.3201799456149652,0.41566900339296253,0.31762259255336717,0.31376034055500834,0.41649063715813217,0.3086849060637791,0.29829353240266965,0.37499042071015787,0.3335401474526652,0.2565459503282831,0.31064716510063856,0.0,0.2645782242089135,0.26570422508355823,0.39501519851096856,0.24483121006748387,0.3381968272069248,0.3634343979700831,0.3072882581912026,0.2640804500153808,0.3065901418522003,0.3114119696564645,0.3247175740913997,0.31946149177219935,0.33214589550402784,0.28981718848463084,0.2590799382259812
0.20889293512731275,0.26593455582767517,0.21939415159718903,0.229108637566817,0.20129733549574705,0.23081458340861788,0.2439935124013415,0.2365580860054455,0.22172064716128176,0.2630130033020143,0.22760583724021327,0.2396584949140696,0.2369611930140434,0.2578006242859253,0.19386028237656544,0.2729115962193451,0.28328675329147873,0.23020321922872825,0.23171482998682028,0.2131935327356124,0.22214687871982916,0.2067833945971182,0.27358219683855756,0.18441703390735315,0.25818328231997506,0.20395057720136853,0.25325197786368603,0.26462227412103756,0.24053999130971196,0.2321766310813486,0.2156415215237335,0.28755726382258273,0.22642199934764923,0.2658819077907442,0.22432096616952993,0.27247288350404053,0.19021033741274826,0.2664407847652967,0.21315388858240947,0.24881676325042926,0.23644398880820683,0.2721188580651712,0.20246111382220294,0.20957074385405428,0.2354991563846213,0.23600165159420994,0.22401935140768614,0.18588955723373432,0.25251462201216907,0.22040546541294945,0.21385439682055776,0.2067144916432898,0.22561528090551083,0.20918782691641402,0.25181692773672837,0.27370190631180613,0.2202672591852804,0.26499504684076713,0.245978135279263,0.2509604114630507,0.19929491561124052,0.25748009501239416,0.2004435715958936,0.32219897377615164,0.19171249941859816,0.20107739629475216,0.21350637814277104,0.1737658922686077,0.2408772195113385,0.21568330220818682,0.19219935672069463,0.22574325537845077,0.22484349944666113,0.22806601019204734,0.27440106122335906,0.20543582120736872,0.22834589489264884,0.24091768665669785,0.2307830252517634,0.20734432217564236,0.2556428057634056,0.19284925766529426,0.2208621403133904,0.24926706325190556,0.2744894094862771,0.2570725134678297,0.1985237121143922,0.20576437723401897,0.2511492662269519,0.2334479325054453,0.23097303494989524,0.24732412401828088,0.26251874873425785,0.2045622297615533,0.2489973304529268,0.20993908228682429,0.18619418484016914,0.29554213802178353,0.2754986694602423,0.24162936152625067,0.2165841639456122,0.2331934522153441,0.2137680250015391,0.22965135529162198,0.23949316592468342,0.25220187610883193,0.2498347878465926,0.3319050489612705,0.255121945616413,0.2133060941432851,0.2157478980419919,0.26242864355719514,0.21717271293630827,0.2978296868275867,0.24492056897482084,0.24811213749737493,0.2835427789690342,0.2203297288523877,0.261765565166168,0.2716923857049741,0.23029548322736973,0.20786689553836973,0.24097794313507875,0.22313530598665451,0.20748222654442208,0.22002965222333248,0.2687870850765818,0.24288891967402632,0.3150275092958662,0.21899927562343086,0.32092523657530336,0.2405811819860928,0.2029450167310698,0.21918893519017346,0.18872139342199346,0.19920910424970484,0.20729354276263795,0.22135198388038477,0.2579436218502864,0.23381190529721946,0.18993304772386183,0.3132989777153687,0.23834017269207722,0.25795054689004104,0.24051069667248084,0.22509024900871377,0.2040615586207125,0.2687723444569715,0.2645782242089135,0.0,0.18799393073775328,0.27141816654787204,0.22548215992600631,0.2770050960188001,0.28463226439880995,0.20276534777785865,0.19239691579920318,0.24130688359274824,0.19967933485580386,0.24736877037101063,0.2584320010195345,0.22716340480893463,0.2632916020264724,0.20134458637272173
0.4161574468730108,0.2778238390760153,0.22736841209369243,0.32695525659504143,0.22145194597279155,0.24891642117454424,0.27716592038783283,0.31118201128229644,0.43158954002980354,0.215394599414691,0.3269076929959157,0.2705567914746419,0.287406422656854,0.27972614484781294,0.32675047238454774,0.2563333666166917,0.2517996737550983,0.3181584944601062,0.2726177688788426,0.3951924311887867,0.27515036046278446,0.29029336416055584,0.2505092921670234,0.29686024921444615,0.31002337490978615,0.29861054451109365,0.2399967735171901,0.30918819388426966,0.20732340419695844,0.2262593902836279,0.39786697389084336,0.27322962315426497,0.33488734171941675,0.32055468457833913,0.368819174788804,0.3122527073817315,0.3221951067385722,0.3154588645749746,0.30767527620056734,0.32066129608480465,0.28823113071613116,0.27654373226056594,0.3130795783647552,0.35231522650525926,0.3923773981305515,0.31821702447319966,0.2091078724921603,0.3011412849555999,0.31045752983629343,0.3195338642233155,0.33993683600983504,0.28167379600769543,0.2536504155850396,0.281946233029493,0.3135192814607578,0.2832468940683609,0.35057868485227656,0.27797684311478577,0.30192124523021097,0.288142192318274,0.28628725798184274,0.24658195802615884,0.33047984838049643,0.25468157366280614,0.3282817311315236,0.3645087939902513,0.4131343213234101,0.2854264503174396,0.2554210817034231,0.3102926224453662,0.4578307694298088,0.30825531061139816,0.34045169535278497,0.3077039782247723,0.2822896496758252,0.3006525522755215,0.3076380717326976,0.2150071558026389,0.3554221146155744,0.20188435601095855,0.2671081550802352,0.39869497713447444,0.26685559770039563,0.29151668631865696,0.34237825267854904,0.36272466252485175,0.32225512601300266,0.32421901120182867,0.2805203790445739,0.3770750747179163,0.2953127228096396,0.33005803488914554,0.2669906169698869,0.3469508694038027,0.36321481365396674,0.28645802104046436,0.2932367023739618,0.30105374868267093,0.27053124060418593,0.33740645193885355,0.3419292421930246,0.26424768090593487,0.31694205808438797,0.24265399438983165,0.38007704564429245,0.2765499155302892,0.2609939899643468,0.26944935115895524,0.26076006119177125,0.25045874631055065,0.3023073376036395,0.3418499837808209,0.34335313049366756,0.2616294722156046,0.3209916267961089,0.274616012428035,0.2971485398370452,0.2571363781386749,0.24565170657585192,0.24652745294926467,0.29922748457317944,0.2787466361947417,0.3095852640254462,0.323020591204381,0.3224440719781643,0.2636419173944984,0.24680536761344704,0.2630213130266532,0.2633200785894427,0.31668055777424353,0.2431383374607583,0.27647427355329984,0.31336932355449415,0.3950658886402718,0.34882037973950325,0.29498650888971706,0.26602207511186504,0.3183776424892405,0.3311785144133625,0.33272995141513334,0.32973652853842916,0.25446464070080943,0.31611733642073747,0.3186199739708713,0.3202857874252827,0.32064833152823874,0.34964977549573023,0.21970820460459925,0.26570422508355823,0.18799393073775328,0.0,0.26099113383679595,0.26803317037346863,0.22270591602139278,0.2940098953555229,0.4393412153408307,0.291142127967261,0.2805440203140546,0.37184172014987554,0.2773586312095265,0.22386662038957292,0.3385039607130116,0.2638598785084649,0.39488438624692684
0.28770677069549505,0.3431692698387222,0.22132807937339866,0.2842128945697916,0.23680101256956326,0.23413474324329053,0.3520390256389201,0.29087411728324447,0.29844312606548545,0.3291846962510423,0.24849413667245418,0.2730685298562018,0.2641636154540255,0.35613005966852584,0.27703586447998885,0.26545618246640396,0.2887269568164617,0.3679064828492964,0.3131096975669647,0.29274529047599984,0.2870314135256646,0.23650005018807518,0.38947436031451294,0.23487326793480287,0.3699332068434604,0.25354947967128993,0.2784489845770887,0.2792409752236369,0.31325921288937514,0.3012885067362602,0.3358540687066871,0.3124458030784636,0.32473823003406427,0.28502272590219224,0.2969776936497985,0.29459309267397815,0.27921682938558073,0.39777798458405594,0.23478058562487228,0.3315692546120492,0.3283806744423351,0.28126874566721954,0.3071065749166434,0.2839351128046751,0.31255456328173103,0.3113455727673004,0.35246544872070584,0.22636851816854683,0.40840032347467364,0.2731138011947952,0.29639560229617107,0.2653667857209592,0.33885847487652593,0.2686053378531622,0.2957698038104241,0.3266416557319409,0.3118088399473309,0.26953759603627214,0.41476237816458916,0.2996561779994176,0.23359018684794558,0.27571191813568424,0.28114384670556314,0.34654984269893996,0.2881408834756741,0.2736348560246492,0.26002396494113816,0.26541601811420135,0.3479787698082427,0.3127592078492393,0.26690087391245687,0.35290165334701906,0.24923046809682511,0.27268783376671984,0.2941215653873794,0.372548779799427,0.2451334891985589,0.3197659531471857,0.33883863508843404,0.24116380978707258,0.33504442654353567,0.26585263967625206,0.37702634535754054,0.31745015966078216,0.32391090105920534,0.34461843247363866,0.2670427369853156,0.3427654763224097,0.36178436935927394,0.27309837024647377,0.2934509879318993,0.3352598367243071,0.32259024933585195,0.2965925715343551,0.3684807506440762,0.2947381040797503,0.2581007684360598,0.35968688729383047,0.3223413917230359,0.27939231940918713,0.3023447533742379,0.24724672699968497,0.3235075210901643,0.3556734794507388,0.3227587838533559,0.2784136787272317,0.2620791195558412,0.36157382600437626,0.3627009243843741,0.24830823187624504,0.2822936963397344,0.31553620429388635,0.25155728934696825,0.31847742251560646,0.3507850585183658,0.25413620206729304,0.4360741252698928,0.2882964421494542,0.254308521618186,0.29190168335548394,0.27320850852929235,0.2711546434304035,0.27411006693277473,0.3266049192518953,0.2953342316733429,0.3151308024827044,0.24262429847265207,0.25526686143523747,0.3011585454929879,0.3702912140054311,0.38278935623921956,0.25387521515069944,0.24926879986195868,0.27001850694470947,0.21839099884205682,0.30023475223832663,0.3294318123558112,0.33203233040239855,0.35562603836051143,0.3423044705093163,0.37803357597788156,0.3451823519667086,0.33957055739462905,0.3317744685291105,0.3546416406165155,0.34379408063532024,0.27137812189837224,0.3778628755766599,0.39501519851096856,0.27141816654787204,0.26099113383679595,0.0,0.24768340105961725,0.3023138449843193,0.35186050045111195,0.2814975324967765,0.2355559018748661,0.2774354324984219,0.32872490101300333,0.30152866975951537,0.40267926200344406,0.40483692950888467,0.35249559223785065,0.24393154629792857
0.29361776899207875,0.2817937199344036,0.2507132050459433,0.3176960857490183,0.25077010421228724,0.22681893549585386,0.27896630407984374,0.24532374543269533,0.28676959162627086,0.20804820702188115,0.2843554846689163,0.30053416724686455,0.23216373908589477,0.22902246770157786,0.29095967164075404,0.24325521355308177,0.30461344042428007,0.29228165111220816,0.42887408852419595,0.32708754036496557,0.3705075907163494,0.35270109776588177,0.2691864104368119,0.3119819433012296,0.25790428018308525,0.2065725743223172,0.2532917081945839,0.29107583834037715,0.19464378358900694,0.271747515508396,0.2621236769186415,0.25752401863686575,0.31680735867803533,0.26378504372152095,0.2457694243211667,0.3367312685786091,0.22469904478757094,0.2992506543750875,0.30196995661431175,0.282248382148052,0.3466300203564681,0.2768022180131916,0.2713623386135868,0.2702859467637296,0.2711643392728847,0.28481520001701166,0.21536503401748922,0.21780483502350664,0.30951706413730157,0.3824562039078719,0.3208221930129329,0.2695119145754942,0.3145158429612288,0.3745351504755211,0.2749286366936368,0.21538856175367777,0.3661908263263209,0.2861260033028096,0.28570922505220414,0.33428916644253964,0.24194782406283122,0.223298327870736,0.26523512352329154,0.2731236908863906,0.30867842362653647,0.2671081644640588,0.23616774474055813,0.20712457737823992,0.27707692224336644,0.23504511013922927,0.26809364260669605,0.2350509706873544,0.25110076838190787,0.31324567655217517,0.3151328002229269,0.2021509755749777,0.2576786048961015,0.2287806229242124,0.24546164693753356,0.15940946193267186,0.22039744066653089,0.363933883734583,0.2513800843982025,0.21292357565750325,0.2867960151143581,0.3015889484131206,0.20576943273494083,0.2627609761967543,0.224541898038368,0.24424863043868325,0.3045843201796459,0.2817739354170126,0.32404701399809066,0.28573075248485563,0.2883386661497843,0.2310565216048442,0.3178083841353597,0.24786784048816318,0.22648713439347795,0.24379557673959934,0.23676953890182334,0.2460995808923514,0.2508773732513119,0.2401704045786828,0.28002802125922904,0.24399957176835047,0.32105282266380214,0.25372669294100075,0.27466971831108783,0.24908881473308117,0.3444739760303852,0.31879572114150134,0.22246873331832373,0.2525301028192444,0.25240337683434005,0.2538880026765819,0.22834722334658336,0.2727110170965504,0.24537820143782188,0.20918976033404782,0.26867530261698086,0.2049610201582239,0.23197315547769248,0.26156096231337145,0.2063543929136171,0.21925021464239416,0.26355938762292674,0.24303492196526363,0.24967386608937805,0.2886764182843659,0.2422636975480761,0.29361259977109744,0.18979713762093198,0.3005630908953888,0.31576843896358014,0.22758105115460478,0.23264863061989274,0.2638948188321704,0.31308190762081434,0.32952461440061154,0.2260355974462726,0.2602940437882841,0.3214993125245515,0.3828407913466725,0.27683022821872977,0.2582008932320782,0.3284522769365752,0.24172373916566547,0.24483121006748387,0.22548215992600631,0.26803317037346863,0.24768340105961725,0.0,0.25874358425286215,0.29663613158135305,0.2531005071562252,0.26635707939153686,0.23426794443182553,0.22630388624335324,0.2287017713577442,0.2081449796725337,0.2159572214901341,0.23434512225446985,0.2922406085435245
0.2533068142120651,0.3105325753178276,0.293747458604108,0.27126296615260564,0.2929433662785207,0.2638289035122509,0.38884131141229744,0.26485610781644986,0.25038466246735397,0.30370526591234065,0.2898527233043413,0.3240265332720447,0.2865132284079346,0.26890309791382005,0.2727403027941672,0.3464475690958074,0.33142512046368,0.2775675714511195,0.27216690600689303,0.2405261972979979,0.33742690511075324,0.28196747087484236,0.3607559205450142,0.27083338324973816,0.34147432481881107,0.2818216972438028,0.2772373227400521,0.2482635709511737,0.2673654023047135,0.3436448522114754,0.26200517434381876,0.35937981856253,0.292673722752339,0.27935592650761076,0.24550946565809664,0.31949119168413537,0.2669976308408398,0.28292832496481757,0.2634767233422984,0.3893422143374844,0.34572146653766134,0.3047816587887541,0.29711042445320135,0.30346756163560684,0.2944450681972596,0.33630442627641455,0.3503188432923493,0.2607794994302699,0.3475252188864781,0.2886133296639852,0.33175488148453863,0.286459263832219,0.2507252682767582,0.2901868225781826,0.3159720777008374,0.2966113627259275,0.2774869656231851,0.3533262890722063,0.31953453007383,0.3015738808028122,0.21603788779749808,0.29852081463164115,0.2733225266161049,0.2902219096348254,0.23927636810969954,0.24945473981196392,0.2639396143404219,0.2665961480408196,0.2875191107308632,0.25130320581636323,0.27914089507359013,0.25159135371872865,0.23825002925532207,0.31518273755223053,0.2538977812073541,0.24623875216817392,0.3218355096150848,0.35655676982642265,0.2743487171810576,0.21853750260131824,0.3304210960470934,0.24169831142106402,0.3525584628495292,0.2331409002369627,0.31401938558060893,0.29827596269258333,0.22736162730024403,0.2739551453347942,0.26462633026129045,0.2662189516572421,0.35266711605573164,0.3116587593877178,0.3995334365640284,0.2384506382169599,0.30970400973811646,0.2794053261450103,0.20530378626688203,0.32466234138255246,0.23381197686826863,0.26520539974702817,0.22944843922541797,0.29778666619698235,0.2936120300593287,0.3032303950244391,0.26030270744332634,0.35597222938407247,0.2973499154791717,0.3144572486391029,0.4446319029301498,0.32453406099216137,0.3021963964512461,0.3043300652108744,0.24084236242110876,0.25967831317440615,0.2753178778358612,0.2871951071923215,0.2869737786582879,0.29302627434752276,0.32205630530039275,0.23105015161553605,0.3032006284927114,0.24428656907645863,0.24505603613487612,0.3606653582884747,0.21119696756450715,0.3056256226742154,0.277712526046441,0.3262346881374,0.32750253383807437,0.28745220664417104,0.2949257382946196,0.29397370169838444,0.20555062596100204,0.21474964964837726,0.22200311433169456,0.26271764457896607,0.29298248335578003,0.29240133988302147,0.33232552350828937,0.3390911244234517,0.23591909404214662,0.3355140873430947,0.308428421071665,0.30467360240984664,0.30732304894936824,0.2810620183089364,0.2887543898042462,0.36577957607485556,0.3381968272069248,0.2770050960188001,0.22270591602139278,0.3023138449843193,0.25874358425286215,0.0,0.3853306144502963,0.2613213045840685,0.2525198756864538,0.33873200158825634,0.2418773866423436,0.2920580263993821,0.27134309910822385,0.23789270690593467,0.3023648329540086,0.24941938148773452
0.3169178837798288,0.3236991524313702,0.3156305941392873,0.37764893635042746,0.2573080447187979,0.30410660013109136,0.39290256024233683,0.35524857522394865,0.3080702884251427,0.3202638689768811,0.3233154752013938,0.3773846846971332,0.338244183010741,0.2678512618369015,0.3498194202643737,0.3694110406958239,0.35994398442394815,0.34407548149791933,0.37966435527949804,0.2906530759726202,0.41241470590071927,0.30429122051315655,0.34235431290187185,0.2896088842230793,0.4585029018648644,0.31111279716842144,0.2924609688841223,0.32180327196372827,0.2627433392839463,0.31017133769811156,0.3424768987223333,0.43971681609134905,0.3838241816775368,0.39655371859334904,0.27589371389949224,0.33768233947102977,0.3065950084360658,0.36167961367472595,0.29198899127051736,0.39524903880395884,0.3553720718986883,0.36082918424167026,0.3253874701843301,0.3683133725751831,0.3713454934378667,0.3989937209072413,0.26898544689289,0.2736344882390913,0.40272063543799885,0.2960160223960259,0.3507034978549231,0.32313866133009606,0.24404607010266308,0.3416167007358601,0.38982375612665077,0.3266922650031564,0.3564403295364122,0.41025856980188424,0.34090499879393366,0.30949621187145665,0.26573257867326316,0.2945146315674625,0.3146091230838821,0.27937230898250504,0.27148736066114953,0.31202466544923413,0.32771705489937647,0.28168747917688397,0.3226444819180152,0.34100776673574557,0.3169724648192394,0.25875208317728765,0.287277011811743,0.3933136952501985,0.33976832264917933,0.2674573955084223,0.3471313148786944,0.33133792853937505,0.348657549005276,0.22317148987623717,0.3679452083730536,0.30055816861763845,0.3772180530737066,0.2995170845681987,0.39512631768932666,0.4046717815774115,0.2862037502038883,0.2755883002051483,0.3349135042692627,0.34204825121093674,0.33658193457507657,0.3385307852897403,0.3559685653798113,0.2760117229939184,0.34185508788470514,0.34505182806527857,0.2456943599938047,0.4388792627430541,0.23438857371237307,0.3369042425430739,0.2766551457076476,0.3812000278086878,0.3316373258031456,0.35374853889382046,0.3039129445117541,0.3821379164480399,0.34338541924048593,0.39315531900820816,0.3826291696243058,0.3194269703582902,0.38927922786778674,0.34003991612645984,0.29786851573824374,0.3204398740235814,0.35242004314898645,0.3183269948412222,0.35415598453865976,0.3346882420767833,0.3280655259583375,0.2799494032570452,0.2953724673506818,0.27703182002861654,0.2766181262560054,0.43364713304311103,0.22792701735006382,0.35445665195744147,0.2676136087960847,0.33972620875127796,0.39081045975734174,0.3288519210128798,0.3305161072127215,0.3323473013101762,0.24980169883391068,0.2717680822705133,0.2731290526037583,0.2710709194835487,0.2957937772855802,0.3313050966398789,0.4171555464640001,0.37691375301172353,0.30940189113003214,0.377590844187185,0.3104244761047656,0.3381450160482734,0.39268102229939705,0.34575801728350747,0.32902916024746887,0.39308283149302514,0.3634343979700831,0.28463226439880995,0.2940098953555229,0.35186050045111195,0.29663613158135305,0.3853306144502963,0.0,0.341257489242139,0.3071560725767515,0.41771123807863686,0.26648807568248634,0.3454767202726238,0.32093193565395156,0.2674963760742332,0.3317165289879951,0.3027455414728332
0.4010847202366189,0.2823024519035275,0.241608382881029,0.3158207961084476,0.22789640460779753,0.2679499392417541,0.32114487225389393,0.3028006440700039,0.3572485684260183,0.25035258932648885,0.3589962804946774,0.2620473652011925,0.38161808801493075,0.30308411627875237,0.3208736044659541,0.300734713669897,0.2529863538005184,0.37076202124180135,0.2746101140314648,0.3544437737333346,0.283178061221491,0.2925639654214595,0.28920990015804576,0.2958708059519727,0.3800510333046856,0.3065773652891031,0.26006285369905996,0.2863622404134849,0.22833304588232625,0.25862166537821896,0.3826685506473346,0.31425348313371776,0.33786585112342804,0.31076553496499365,0.326670895533334,0.283909915418534,0.43117527646160353,0.37595739218233654,0.2725372004507867,0.30946402626783315,0.26819184692310083,0.29197149148280493,0.34710938485173326,0.34087245868006694,0.4211466697890226,0.32618577153850825,0.2348800333670126,0.3142510036755146,0.35871505124344993,0.28144558112332113,0.32550905420320003,0.2502338218126138,0.24330392722237942,0.28004788178963025,0.32920742013964643,0.3272929228168365,0.32093721102518136,0.28368498545927723,0.32069284847150087,0.28809557083389997,0.30825365374762637,0.2611259988602364,0.3107034053666511,0.2439802169711131,0.27893465101575265,0.34140217441207743,0.42574355355381116,0.39635504563542184,0.3001743210652584,0.38854076928941467,0.4076771369133369,0.27675009756142666,0.29563656846195463,0.32055755589549967,0.2824784246674142,0.31639659363537226,0.3162999893567276,0.2403776725153593,0.38035150735920414,0.2248062642212178,0.31799782651352,0.3261306016336163,0.3208782039365391,0.3580352613221521,0.30259715623594663,0.3877995654029526,0.39592442463452593,0.3188052545193949,0.2997001955500691,0.41192743018890765,0.2965666965520543,0.3165268159546612,0.2734829459881907,0.3169057597026052,0.3165711960835694,0.33524124109020026,0.2873961588726232,0.302055319426181,0.2360703560252201,0.2866384702701895,0.347749618541038,0.3104869251667902,0.30207294002281926,0.2767193079603769,0.3363012079362356,0.3082853632765552,0.2661893273527229,0.3051299301511394,0.30883873688587465,0.2842633781334134,0.2968710681863014,0.3209476607109558,0.34099144207740145,0.28138291948129496,0.3286155942879521,0.2515954164364202,0.3020532380819801,0.27475199914935844,0.24518772685361556,0.23617488569743547,0.2663734369636212,0.27638188661362606,0.2939103062657546,0.37789472494998905,0.29399923023158486,0.30683903108448046,0.23191867214730222,0.31524329959733266,0.26134105501801697,0.3396671126134767,0.27172749991737066,0.2816761309680558,0.3408969339146925,0.29143616235792835,0.34512637727788736,0.3161656313865302,0.30308219521277024,0.2980407993044412,0.3710361713971815,0.3881231297239557,0.3711489022871697,0.29245514288320096,0.2848454665934817,0.29457054285573364,0.3765059482431204,0.31810446311694496,0.2989905293869508,0.2614976238635158,0.3072882581912026,0.20276534777785865,0.4393412153408307,0.2814975324967765,0.2531005071562252,0.2613213045840685,0.341257489242139,0.0,0.3585743101684738,0.33036672840500986,0.34439891604559936,0.28951743153599,0.2685979414570262,0.3379106865862812,0.27758997775893224,0.32440030135361336
0.3392862800441615,0.3096415877275118,0.29759583603435175,0.319431106244323,0.20848265179846184,0.3435999767994214,0.26773027585237946,0.2600069518046397,0.27642335097386966,0.22290960290543652,0.3414319234686581,0.29115930971567044,0.36873332210310017,0.2568733719933927,0.28499743650084053,0.27925556296217446,0.3182120080092362,0.28565126973410054,0.2902833769975289,0.35886008775264105,0.34522024538994533,0.3377119705811005,0.2564350584837478,0.31347772012618574,0.3100464389495292,0.2508853005106709,0.23185973684871367,0.3235093019908716,0.22634352213370307,0.2565413541924667,0.24604830463886077,0.30713355704409107,0.3100042253875165,0.28782431624407984,0.2569440257621796,0.24740724644123427,0.3423677043422035,0.2956312733238241,0.2465914173915213,0.3488965181637747,0.28869225423505784,0.343734762950094,0.25228472391514883,0.2814949871746285,0.2971295449086344,0.3101242378494583,0.21640459642520224,0.2806070836532485,0.28624110928320706,0.31181277302913785,0.3447431992805657,0.2998490927707226,0.2449442569184597,0.29545432961419926,0.2521628767710822,0.27698307299697567,0.3552111933335066,0.26684130089687214,0.28075207259328183,0.30731555275402556,0.29218233608835253,0.23009510583015574,0.3367138947151096,0.2029830165026481,0.26016552525562403,0.33196122177061416,0.3342302926047029,0.30616225455286894,0.24869423777114036,0.28499801199531455,0.32366375618182436,0.21992863185676037,0.31190938887672415,0.39966349614344054,0.3093023990877841,0.2466041312142952,0.29620323709357915,0.22842299657966675,0.2640232127955074,0.2376187940738097,0.30079474664120637,0.2894371522680658,0.30470025769459846,0.2813223893794543,0.2844861937812437,0.3734179662805297,0.2938898152295982,0.23473284674138217,0.24833168938243333,0.33603187571396737,0.26673928206516095,0.2371019173386953,0.2543657129486394,0.31386432237362116,0.2977805969694263,0.2673816358685501,0.23570161632771008,0.2560616644617575,0.19246459915072883,0.27437546160134124,0.24658737371405132,0.24120069883642964,0.2335264225352771,0.21931366370934127,0.27111527077287234,0.28722944355479113,0.2800094558112424,0.2691309730779592,0.2888692999067049,0.3958041217087581,0.3273308366998893,0.250560332072326,0.37386956872245203,0.24634636485601527,0.27978135950037414,0.31323829686811644,0.26305977989648627,0.2465940406269054,0.2993366591160255,0.20807203442657407,0.2455133608790543,0.2048425669435055,0.3542985266199563,0.3377718688198572,0.24894915743262935,0.26595816381647147,0.24400875297731986,0.2410338144200269,0.2559037420081078,0.2666816924078759,0.2453993834333463,0.34364873127224754,0.27062340366047766,0.28591836821747313,0.3055324072514607,0.2637488037209435,0.2627813574372164,0.246197366828133,0.2845472388228594,0.2754240376476905,0.25799833878167927,0.28005074066844143,0.2924531727652923,0.28080311810665903,0.29842331276335404,0.23988905567657062,0.3202458807457325,0.2448566953441011,0.2640804500153808,0.19239691579920318,0.291142127967261,0.2355559018748661,0.26635707939153686,0.2525198756864538,0.3071560725767515,0.3585743101684738,0.0,0.3027029290130626,0.26158650613882867,0.2795959074251111,0.2263613046689453,0.26092110116932954,0.22467930692513835,0.3430935093569189
0.3039762887104671,0.28306859977808496,0.3354311137062547,0.30868690283916334,0.2607447137963753,0.3535150839294997,0.33722909138623436,0.29208708090723506,0.2838599703734007,0.30701602097829206,0.3143749353478412,0.2975414260936698,0.38162844088682096,0.26933226589925924,0.2866598486523587,0.4510309947885718,0.36531185346822936,0.2907130517036875,0.2603538402528518,0.27280409447879883,0.3509567328407115,0.29010353800806543,0.2821845846142605,0.31064544850265047,0.3650107565867316,0.37211123756150355,0.2676950632287853,0.3538274390041937,0.2525344289047613,0.34408614760257794,0.2970038254590212,0.3767329765868473,0.30978188169304477,0.3333395324588536,0.2659202848447107,0.25522847487970185,0.33626809252068124,0.3133115608449227,0.2377685674190579,0.34695765373964266,0.2838400006454515,0.34359783055914117,0.29455715650606445,0.37797630188806697,0.31689915270439345,0.32545852478530873,0.28901537851707176,0.3025091755940465,0.3372397149789477,0.2544857131335786,0.32530499051110967,0.33197131874276165,0.21231144823886938,0.28285965314520045,0.2901160200321088,0.36244764694382603,0.29320181415921787,0.34121310658065307,0.26999881532312536,0.2617185751972689,0.26314968026656504,0.2663536522275613,0.31573183706020697,0.22167067718950606,0.22446142181530918,0.2958463726497788,0.31358728110675826,0.3426266230628903,0.25894087973671337,0.3204161475374733,0.34011384163457803,0.238100934666751,0.2671497548618045,0.36878802768031554,0.31160452310976405,0.2649629866942518,0.37803518541672637,0.336213588926525,0.2998194695241175,0.2967627777722992,0.46107407565638625,0.25163615706636705,0.4685914819850723,0.327664361276458,0.3058326296122276,0.3575200220923028,0.28670833650351374,0.2502859210631311,0.33587800222549324,0.3286287417115048,0.3340223318645251,0.26982546691330983,0.2920622359457744,0.26237836798474123,0.28339146858525,0.31807985603346706,0.21687920917926634,0.34889497552050003,0.20744193718223822,0.33055025909166874,0.27178107234200644,0.2731391567591028,0.27598540293954804,0.25496143767386964,0.26104735727167155,0.4125367291746233,0.31398508633432987,0.41783892513423354,0.3326088839318674,0.3001016961906155,0.34299710998294125,0.27224882074009094,0.32262524342092325,0.31053105723074403,0.3076782498392276,0.35672999968390295,0.3271375107159212,0.26090321401810024,0.3359569694316498,0.2615944771813168,0.29224580297488506,0.2599957107699048,0.25504062702835284,0.48084450378378896,0.22572185824004906,0.3420350099605342,0.2549805265879749,0.30911529749041977,0.3122169078126487,0.29631045542172096,0.3321982756667563,0.4049015515630865,0.2510613867148319,0.2510735341797705,0.23163141092331638,0.27473725806544314,0.31250881834376987,0.28617065352218596,0.31548695347763694,0.31762253920574035,0.2840346831734847,0.3180274125374679,0.2606370651453023,0.2623830676701185,0.3624690416671881,0.28829874070447026,0.32336264766088074,0.39883903652406694,0.3065901418522003,0.24130688359274824,0.2805440203140546,0.2774354324984219,0.23426794443182553,0.33873200158825634,0.41771123807863686,0.33036672840500986,0.3027029290130626,0.0,0.26414614899787636,0.3867680386530799,0.32280619907574515,0.26362343862376014,0.28090910260488583,0.2968068950480654
0.3888991496558097,0.2833159755200549,0.1925053703697742,0.2700791504636631,0.239591774836369,0.23135173521678096,0.3167476339313978,0.23017286537878004,0.3802978897037033,0.25492269874737256,0.26142807928018963,0.22326497476796067,0.2798274214896392,0.4057696144508406,0.26071657093081374,0.2382203640781884,0.24522496186848317,0.34079988171957437,0.2331888881443835,0.36357106857801164,0.2381730143233257,0.245945545116838,0.29463615560567863,0.27823453417425587,0.3375171501109059,0.26721712065440206,0.25908939965281574,0.27614624947743416,0.2580515493165468,0.23629507954020565,0.332337176928406,0.25867991252848127,0.28504443558559356,0.2723371444830249,0.4591011319612125,0.26590906399868863,0.30419466942426426,0.3297515178406376,0.21977213661070993,0.3184963193765382,0.28073501869081074,0.26077334722220785,0.2647840994866682,0.3587792949729212,0.27949334599052067,0.26298745447876276,0.24480982196496895,0.2737866762941695,0.3771827818020722,0.27348649954507237,0.26232843883025675,0.2649390266421822,0.26081227278159563,0.23798492612761507,0.26692306436234564,0.37002302049941704,0.2885724160580403,0.21513451290695032,0.3213026178219468,0.2609918211043254,0.23445618935531104,0.24484734377227457,0.2344515436710298,0.31721716627606,0.28482262938427105,0.25864090343729473,0.3452352827712909,0.2847167946460031,0.24594580995684662,0.2682010885273525,0.31388621584965853,0.4395793633640004,0.32927749428222,0.2420650060512533,0.22922311553635483,0.38341144541934424,0.22095132956757463,0.25692945501957987,0.2842271901022063,0.2486631807109914,0.29138542301621584,0.288563084021369,0.29651082985152744,0.2938782440632586,0.3094378938984883,0.313049026131649,0.30142301590159326,0.33922122104796726,0.2955127226622067,0.32625282334999794,0.28440682741517603,0.36679777812661674,0.2850484995706652,0.31057783808161354,0.34558500774083534,0.30817482109539385,0.2215748695869948,0.3183516356689268,0.33844489782638965,0.28275973531966503,0.4117960035550948,0.20206528707005006,0.3154097192135988,0.27243042989536437,0.3147298622137818,0.2524684244913915,0.2083286536227041,0.2939646812490573,0.2903382197966179,0.24785274724501874,0.2571536706222552,0.33717495457002705,0.320521636835922,0.2792613474789263,0.3012010979019877,0.2573684489462759,0.32573255150036784,0.26125380472495324,0.2557118457572446,0.2970035575191864,0.3182157464085087,0.2503651261524842,0.32143914622414893,0.30257787099383343,0.4809597055782255,0.26482206866063307,0.23381305243589315,0.21682843716140765,0.263681599710356,0.3465460973490164,0.2977435222628998,0.21791322040907027,0.3057881546895901,0.3343335414651165,0.25855133678646164,0.32896137992428975,0.322366518749416,0.3969401670374749,0.32232225666723596,0.29544064554504085,0.3595235618513657,0.30236723642399127,0.32220211143178007,0.2829867854003092,0.34920849968150774,0.344288440892046,0.2684367174642009,0.23684704518795635,0.3114119696564645,0.19967933485580386,0.37184172014987554,0.32872490101300333,0.22630388624335324,0.2418773866423436,0.26648807568248634,0.34439891604559936,0.26158650613882867,0.26414614899787636,0.0,0.307565846049298,0.2609804568802022,0.484659074175812,0.2997072869504381,0.32831921251595964
0.34295498247893086,0.2740959985107412,0.273718994512769,0.3095173497093382,0.22645289434842542,0.29204011107460054,0.30444093047524556,0.28116335674616416,0.32689888326283795,0.3121253622430301,0.25873430417603055,0.254426587393895,0.3789110580914093,0.3601171076859069,0.2523995407674634,0.3695774376337101,0.35859318022074865,0.34807134495436315,0.24694132589358794,0.26954625797581533,0.30046206352633653,0.2501154845661285,0.31389871577947454,0.22840851073468602,0.34118491979536547,0.435875006544555,0.30715506733586945,0.32458087076231945,0.27079265107856787,0.3135815906038469,0.2865988891469813,0.43668651165420813,0.2924897854223419,0.35238681103310554,0.286142420254771,0.26962935357849127,0.3234220695608089,0.3934181522749786,0.22417637993927064,0.3904185628642757,0.27362984732841256,0.3348248300252477,0.29697638671012516,0.2951801042216327,0.3184038162182539,0.3506468413372825,0.29795319207222354,0.236371761520051,0.3699553804687898,0.29601422042296066,0.3348063996817669,0.35331196648710733,0.2490103383691741,0.26690541372911764,0.3027914075316798,0.4268882740560106,0.3454200566628755,0.28527842957897076,0.27891438029178617,0.30725629539392274,0.2459162956366542,0.37984558343916747,0.30985530733023714,0.25741587873325644,0.2593781912311293,0.32036193688891007,0.3387367381395853,0.3169441764062094,0.2889647826781652,0.31833631636900384,0.3519013567295054,0.3180299347290648,0.35307931512290297,0.38178060413507164,0.3201160970195891,0.32849558288594527,0.3372211560574858,0.3134163790119558,0.34470181615560097,0.3181908857138534,0.35031711474375515,0.28451838186081835,0.37669988711846053,0.37223405502619306,0.41667912560001585,0.38834402462401096,0.290513925852233,0.3335803873611549,0.4155829326096733,0.3464874106369527,0.37395848149811595,0.29125067433764695,0.3109383195987123,0.30407047777856766,0.3709741686831873,0.2920994099911426,0.2215665253941404,0.3384379873144908,0.301957227766284,0.4078290186722764,0.2901063855164241,0.2599950581834752,0.337372593026106,0.24557567919630394,0.3335700810163923,0.418485377092959,0.29877425702607674,0.3358699711138031,0.34351895178960673,0.23729645931206053,0.29234492713490934,0.36714446391614747,0.38521385622025206,0.37041976308306884,0.4047208534047483,0.4329334181901004,0.3457015746318193,0.2863994013884178,0.29804163985828097,0.38206356103732847,0.32256093989308426,0.3226507659758663,0.30336611373475325,0.38480959579572366,0.2846733109513345,0.3228102008283036,0.34701855237281465,0.2652617254125575,0.32140120122704896,0.33881554561676547,0.38607807198046795,0.3364945768744099,0.3372441370386787,0.3041397357953657,0.20555267093736165,0.2634520233827089,0.28746171303702506,0.3607752778861121,0.30321840230451247,0.30324262111500566,0.26607575777003395,0.3879661741161065,0.31300445368624863,0.28981339435538905,0.374115799360726,0.3717953737920647,0.2763479955983601,0.3485608289559915,0.3247175740913997,0.24736877037101063,0.2773586312095265,0.30152866975951537,0.2287017713577442,0.2920580263993821,0.3454767202726238,0.28951743153599,0.2795959074251111,0.3867680386530799,0.307565846049298,0.0,0.31640769224320253,0.3428197675773072,0.3305519579442413,0.30715952588583956
0.2515810555464051,0.2719258231574173,0.23357692965322058,0.26439004468205435,0.20684044715834402,0.23645497304098548,0.2982721442896781,0.2525966882764907,0.2360136656345191,0.3841698232994847,0.21621292907317954,0.2104601960921471,0.28191491714688255,0.2881980317104386,0.24734370028506045,0.2617669602369512,0.30080668046859405,0.31793256934383407,0.23823901194420002,0.24020494080096447,0.2640358295874804,0.21451230528552617,0.33698432525347194,0.23055477132800056,0.32951815447271526,0.2584957050731541,0.2798736500027383,0.2967651449328065,0.2654716100693208,0.25569425931329326,0.2598468805142015,0.29888010793197256,0.25959706075686123,0.28929415846752654,0.2419068111031653,0.22849653169675277,0.2722035807336871,0.29527465253743507,0.1925166049483259,0.3066910581535273,0.25561917163516845,0.30014706869302615,0.2704034519810445,0.24874385142316646,0.27374343769272624,0.2929265308744007,0.30111334292502456,0.20225658313355802,0.35391784949667454,0.22371519335913512,0.24794280371546085,0.24994723361704976,0.26056204960624063,0.22649433131412536,0.23636390512509345,0.34707307906160256,0.25370620198325544,0.22413664272599712,0.3324498472705796,0.24757391106439464,0.23254260505675764,0.2527779914129084,0.2497039287707308,0.24927337205293026,0.2522376090687515,0.2866444592311416,0.2569867275479172,0.2809391796017122,0.31289943014567523,0.2957429668037988,0.24438496821738184,0.3059774817475021,0.23263337787109908,0.28045738105293355,0.291629808987166,0.38427048090152865,0.2575965622525628,0.31070690209376,0.28390528899853,0.2942150161189775,0.38911278432990937,0.225806376561253,0.3156574125899044,0.31865853036115993,0.2870582746599499,0.2891928234981387,0.24511984255472968,0.2703773407038482,0.3618683063348392,0.2521594669262218,0.23372575114733043,0.2574182309484916,0.24692510219687802,0.26072027727371605,0.28557200858674325,0.27186133582504274,0.2155379875568086,0.3503464172583378,0.24979501739551394,0.30235311464384756,0.28240520435156746,0.24715905109669817,0.26582486356686086,0.2925181311748881,0.24427434257501254,0.2810610209775776,0.2789578546677003,0.3920832792617398,0.32076862441595233,0.24210855742585954,0.2524798059364307,0.2501989104574844,0.26072107766760794,0.30597942623501256,0.2889712200470338,0.2660893147804251,0.4017488695618285,0.24764011789297632,0.26165294509227444,0.3014617797933938,0.2240252212267225,0.2640281332143279,0.2535357489008445,0.30268137524434274,0.23701523213588163,0.26662238721747705,0.24318840681091192,0.21799408670546291,0.29056502977592896,0.3357645335350529,0.3674786424838357,0.2673673298701857,0.23955676350568877,0.21464762774304263,0.20344433610678136,0.273672416945774,0.2848557404669403,0.27569650861479345,0.2837795932905111,0.2779577370205518,0.3160334706336246,0.2911399512237375,0.2606867227180942,0.24127147255670572,0.3044784361594389,0.283411657966297,0.21545695224239791,0.4011199056946635,0.31946149177219935,0.2584320010195345,0.22386662038957292,0.40267926200344406,0.2081449796725337,0.27134309910822385,0.32093193565395156,0.2685979414570262,0.2263613046689453,0.32280619907574515,0.2609804568802022,0.31640769224320253,0.0,0.30456035809407694,0.3690264991790166,0.22062346797602816
0.38764752115670253,0.3198854579329425,0.19510583395617398,0.24987706554859368,0.21768775617762903,0.2400857245246601,0.30470388471133486,0.2419436970592249,0.34960222685590503,0.2805087695817176,0.25919408335605787,0.224252160745998,0.28305132364486596,0.4177237652140804,0.23211001501508796,0.24527952937485614,0.2536849915113377,0.35692912800680004,0.24728519781088323,0.34418566321382194,0.2388549574937179,0.2256077315602715,0.3330808553676437,0.2487544317580766,0.34102416550228737,0.28266822196398084,0.26635908609866105,0.284423866012096,0.3092222980037584,0.2623317454272737,0.3082519199448118,0.28230617379228085,0.2754989321938467,0.2819239739026269,0.3904932113787839,0.25750658297722084,0.31295356084041365,0.3769772654163163,0.2021122948360664,0.3155005168485574,0.27892031060955075,0.2814246797550455,0.2551210384070815,0.2965747212110732,0.2846941461040168,0.26852007839403147,0.3011691953160412,0.23757228596034133,0.3725354872169316,0.2600596859242092,0.2668165114223201,0.27551547106191965,0.297088711863368,0.22804534609869584,0.2613765190225459,0.43058773514850135,0.30918099738814037,0.22091972510977842,0.34032795598191656,0.2769235322948449,0.2324514808921017,0.2631112481572875,0.24257673939150012,0.3070323121599734,0.2654462925022453,0.27234948400390785,0.32957546351558775,0.30566522562918547,0.26797066492692134,0.2898350685936058,0.31111870445706064,0.41793239900108364,0.33769539493042405,0.2454345687450329,0.24839133761165028,0.4752358953101646,0.21689018783792074,0.2696044510379873,0.30977671938465984,0.31379268825454565,0.3126730734110709,0.27002920886828446,0.31964893279310763,0.33911393839285525,0.32302104518511326,0.3458073793063403,0.2994745519102866,0.3542055621532051,0.3269155410855957,0.3507771322311894,0.2952533527827597,0.3433159804058087,0.2745342527766654,0.34136736804591156,0.3552479662803271,0.3079395871939862,0.2301835285883962,0.33602664234425306,0.38188020683045787,0.3051616828863728,0.38224627528303207,0.20266038916485335,0.31876830254701527,0.28427015576534403,0.34067800518781044,0.26362398457180697,0.2119357557733406,0.3218358897648858,0.29222569864618314,0.24893070537920242,0.25175682969360097,0.33953555250002815,0.3176670183891569,0.30059840362476403,0.32931877417414174,0.285583665625874,0.3925560038811476,0.25096805416433043,0.24705289212302334,0.32697253236143925,0.30072334485587454,0.2726373013566724,0.3804738852166048,0.3124696802499025,0.4756007867589627,0.2821489902087018,0.24784743533030523,0.21933499030499098,0.2664036117636828,0.3325527901132137,0.3531081099563753,0.22807842792604627,0.3459667626533122,0.3409006395636222,0.2296710773052396,0.3037791557455478,0.3446011410461798,0.34836878970373314,0.31077735972606313,0.2915281444505422,0.34783371544870695,0.3198508136398711,0.3243746212174546,0.28430451632800924,0.37766331747904647,0.37587160469450714,0.24500805920177934,0.2508009195278736,0.33214589550402784,0.22716340480893463,0.3385039607130116,0.40483692950888467,0.2159572214901341,0.23789270690593467,0.2674963760742332,0.3379106865862812,0.26092110116932954,0.26362343862376014,0.484659074175812,0.3428197675773072,0.30456035809407694,0.0,0.343567429565437,0.3146750904510978
0.2504803375469403,0.24408165028065684,0.2110743831127605,0.3041453548407295,0.23722378739153552,0.20246179702931494,0.3287361689838561,0.25993012613144273,0.29126894935379,0.3040753347000651,0.2089633399787863,0.226677254927909,0.24298455195864477,0.3196754092280575,0.23530774176084676,0.2475903477716568,0.267128997002522,0.319145430276402,0.23758127917451324,0.2362768018251677,0.2534430943896801,0.2001691875349528,0.4216118788573925,0.21587354135524364,0.30297209442778034,0.28411747744533483,0.36293334618552925,0.27605061586442303,0.23414204521257612,0.3047464552665399,0.2619630228546017,0.26567395309020914,0.2547908733141235,0.3041689800236205,0.2578256826853663,0.2541755579734361,0.25773031138152136,0.32114920680516984,0.21171342385862293,0.3215009577703201,0.27150450472712795,0.3054334698539326,0.2612651491237732,0.23400504638641473,0.26005916961222547,0.3282799512253377,0.29985509895821927,0.19382891260931856,0.334789677536637,0.24848916410477523,0.2755597250024016,0.24858162342529727,0.2842346970407467,0.2123230418101407,0.23246476270898508,0.3546726263741183,0.2764458342853456,0.2567880276510149,0.3188997548367234,0.28314512375693596,0.21165280401987818,0.3091911326020147,0.230627836038956,0.2927815833767318,0.26490837523012634,0.2736595061407659,0.3157619706837394,0.26027440309959793,0.3051226701593138,0.2825663277754753,0.252303206379214,0.3477129422211615,0.28114151557546446,0.27176661530154067,0.24967664013800803,0.3551482432439885,0.26275993472619075,0.31218691035833956,0.3227086607105059,0.27428640183494957,0.30121711328328155,0.2695842377055591,0.2897429229953584,0.2755448283264839,0.36453319663784867,0.2902099474481232,0.26487547598535244,0.37400070491511583,0.36570605059272526,0.30210706530643644,0.3045693301582775,0.35889524973784437,0.2552541709522095,0.2538872004624873,0.3522169728636104,0.25031058305351384,0.2147104178664922,0.3603249140152094,0.3367306325212749,0.31234499066889576,0.2944501456618324,0.26315972862085824,0.42225432468475016,0.3308264401944256,0.29938899901821414,0.3050882440564107,0.2682977403508787,0.33072845990439254,0.3415501053090714,0.2305557506208252,0.24337222976603612,0.3397720705730988,0.2713232903845865,0.42454113710645397,0.28237952502225366,0.26733557800462276,0.34815526665587526,0.24664629651927203,0.23027363072634652,0.3805676172972231,0.26701406286039714,0.3707163583660878,0.2658451495367372,0.29611803464816056,0.2752381980010137,0.24090716593893302,0.3029077883883268,0.23124127845365397,0.263464423502277,0.32032129126410497,0.3653727031388846,0.24628124782047955,0.3023235552245511,0.2553799811697096,0.20192616080956313,0.2450313358589034,0.2512591012452661,0.2967314432864517,0.2937467900497597,0.33420085749375633,0.2786461732402656,0.28631798746858733,0.34181105974037684,0.3072289915918203,0.2978520514152659,0.3473728024315878,0.232691853656447,0.3496720369668627,0.28981718848463084,0.2632916020264724,0.2638598785084649,0.35249559223785065,0.23434512225446985,0.3023648329540086,0.3317165289879951,0.27758997775893224,0.22467930692513835,0.28090910260488583,0.2997072869504381,0.3305519579442413,0.3690264991790166,0.343567429565437,0.0,0.24616753623664983
0.45531102008607,0.2873127619308307,0.26343671064226903,0.28453360435807956,0.28532698427579845,0.2694306719537498,0.32930485577546764,0.2332822224300801,0.365147430965973,0.21738479795429166,0.3826661247024697,0.29301842119091814,0.28163801868079374,0.27149540622954255,0.3024880321323027,0.2699667533245784,0.31886378214347727,0.342130170894043,0.2752451643450842,0.381063484485156,0.33238208120469115,0.3689305818993086,0.2680536635066894,0.37890046206267486,0.3027030586984043,0.2942428612137014,0.2213382147134363,0.2977894107121513,0.23325315359028195,0.26348920001345355,0.2677197160996905,0.2690322866120428,0.2929710631172718,0.2969914922528138,0.3305262238949769,0.27465092293279175,0.2928558856120207,0.2956520527033677,0.2757739303054325,0.3620766198369742,0.3104319715044979,0.37394881290848364,0.28469350361352724,0.38942609699971903,0.2647880216039205,0.28874106670392097,0.2291753599093319,0.2823000508256667,0.33439744013351,0.3156649077761506,0.34240051124364435,0.33558017844968474,0.25333112273946135,0.26812636778968474,0.2684530181172912,0.29291316509069826,0.367507676753556,0.2787512500092469,0.287094316691379,0.2772105107543528,0.22472960549165708,0.22496799549663477,0.30910765480411,0.24996145348291224,0.32284060549993926,0.29824990613911917,0.32304827292472527,0.2969915432355773,0.22973256631049693,0.2606057408904613,0.41726436090377533,0.26908244933897685,0.3697020981336908,0.31286748181092133,0.2628640772612826,0.26899722828920697,0.2907720025449438,0.24986063226231967,0.2652351961493502,0.23400666584405327,0.31522084160917135,0.3552399323197967,0.3179478288835509,0.24575466011170174,0.3396660594225445,0.33728115002889464,0.24922577007991567,0.2527294250975377,0.2289618157421225,0.3521811006371092,0.35551920978472135,0.28116809232332346,0.31808698365380217,0.3468222662179756,0.366529011053674,0.2758882548005076,0.21213037031837956,0.260759193127851,0.2675208904735554,0.2825015722062884,0.28779848450213014,0.21893542573163305,0.2588595218461717,0.2251889893003752,0.2882629588914875,0.2769939285653779,0.23029818310320072,0.28406732552907316,0.2797436091859378,0.30729293932665225,0.3572418049093672,0.35668593679748645,0.2980267593524368,0.24275991753097634,0.2978566917979427,0.38045440182832213,0.26552525998185855,0.27283178224121124,0.29675074712762833,0.25713695715462664,0.3688832022460535,0.20904788055588816,0.32588699112563896,0.3636002963225831,0.30331947145813376,0.2554946201889097,0.2582032411913964,0.24312634353352708,0.25681968424148444,0.2847961132415536,0.24325020759283902,0.29388678159087894,0.24774210432901028,0.43590835385753557,0.2910985495945943,0.3167038361002565,0.3136326076588775,0.31288725720868543,0.29453568846301903,0.2847693702867123,0.2548495933000619,0.2835101673521212,0.30029814565857715,0.2977110858510078,0.3457339467485606,0.30557474294272896,0.3663545293903,0.2474423663911874,0.2590799382259812,0.20134458637272173,0.39488438624692684,0.24393154629792857,0.2922406085435245,0.24941938148773452,0.3027455414728332,0.32440030135361336,0.3430935093569189,0.2968068950480654,0.32831921251595964,0.30715952588583956,0.22062346797602816,0.3146750904510978,0.24616753623664983,0.0
