0,1,2,3,4,5,6,7,8,9,10,11,12,13,14,15,16,17,18,19,20,21,22,23,24,25,26,27,28,29,30,31,32,33,34,35,36,37,38,39,40,41,42,43,44,45,46,47,48,49,50,51,52,53,54,55,56,57,58,59,60,61,62,63,64,65,66,67,68,69,70,71,72,73,74,75,76,77,78,79,80,81,82,83,84,85,86,87,88,89,90,91,92,93,94,95,96,97,98,99,100,101,102,103,104,105,106,107,108,109,110,111,112,113,114,115,116,117,118,119,120,121,122,123,124,125,126,127,128,129,130,131,132,133,134,135,136,137,138,139,140,141,142,143,144,145,146,147,148,149,150,151,152,153,154,155,156,157,158,159,160,161,162,163
0.0,0.3141054695207937,0.28534909088063987,0.2594695902102506,0.2943291711461717,0.30444872100163267,0.29756739001265,0.299716573121975,0.37153141623264596,0.2768809796343968,0.3348336636937357,0.2913540774952851,0.38367431651257977,0.2923762985855773,0.3043176290309449,0.32538087141188443,0.3159207584827243,0.4281164019813172,0.3083938172107274,0.48179593000900367,0.33020124177175514,0.33421586031531636,0.2871588303033102,0.30647111870148436,0.3863201270871731,0.2711478714510269,0.24259570109849699,0.31040106920665245,0.24648548613930368,0.27546663832771356,0.34973485476176186,0.34326762803231115,0.27830401287213336,0.3134010208047868,0.39496130053687006,0.2977362327944144,0.38452148060727115,0.35121145224106975,0.2629662199655523,0.3144341691455661,0.2828057767883902,0.31222030645123744,0.3390254619739621,0.35493237446372006,0.3281678809951199,0.35800638370248544,0.29526977667443965,0.31837891865920803,0.37697423375189776,0.36309482166344365,0.35088635008342417,0.341403887117002,0.27897069531671215,0.27598520692550116,0.28733019426872963,0.3118105384336097,0.42273498294651646,0.30511899250657626,0.31488737141568557,0.3269068044721997,0.27775985579035634,0.25865378571548947,0.3214744515034406,0.2741126588020601,0.3122073392519463,0.33664422374677494,0.3274567555288459,0.3608713362616179,0.28760388010896526,0.3531771317467062,0.46894750396662893,0.3162658347167091,0.3353799641318287,0.3209733850257802,0.327226299936724,0.3548497543281566,0.2626180508393953,0.2718097073686913,0.32103811338064825,0.2503095299302132,0.3064314944945154,0.37653501376039455,0.3205297775967975,0.3099330156266874,0.3158882416858209,0.3955713333942321,0.3144384109776216,0.34531836846937103,0.3471352585034029,0.30933211379910724,0.3695639709285234,0.3348955618445441,0.3358123107982426,0.3696170742617119,0.3359566589092191,0.30951140163577096,0.24448651123428022,0.30199103931552035,0.2656361066737969,0.33875836101452217,0.29853068670870503,0.26391856955862025,0.2791888841296072,0.28344331191484295,0.3639186847661602,0.3382039660752431,0.2781582538276573,0.32140860617596173,0.31128250896720994,0.3107999624543604,0.3221626884785477,0.3507765779371607,0.3427905166190398,0.27595158184850704,0.3314970396056744,0.32156326337169894,0.33299470003986986,0.3305076631798389,0.27016273184674733,0.28310730082873703,0.3184696444413125,0.2551091148050898,0.3347072638375764,0.3970728305864759,0.30889662416649694,0.29278934852624505,0.2564306268907819,0.2618283853939248,0.2737221758232645,0.32458260713802173,0.27067047968242536,0.28684112321140165,0.2812086391205235,0.3565581491012679,0.31395391964603836,0.306468182041754,0.3534445328394617,0.3090555959492142,0.3008760753398815,0.3603280690506557,0.27575147085710255,0.30151481890411996,0.35478330078983783,0.2850336125479042,0.34741792080454953,0.3587695085169178,0.33270457485459504,0.2639010014747616,0.35974142923568014,0.2069142886886748,0.4160803258172886,0.29836375001403126,0.3186445516312169,0.23332941485839637,0.3431563908614467,0.4056802450926341,0.3107972360338426,0.30759107509957445,0.2961118289881403,0.3149192577024855,0.2497994401157517,0.3820233423636325,0.24940747953486808,0.4562807755412739
0.3141054695207937,0.0,0.3505760905439709,0.29797859529263565,0.2513085623484823,0.34333597210997824,0.32653785807677776,0.3573737900030839,0.28161471240270874,0.38713705099413315,0.3234218882917958,0.35076548882687714,0.33106687072740704,0.32674714496968815,0.30875653969750955,0.3022344542170831,0.31314258985832233,0.30838910302267286,0.31354387258275934,0.3206911016269718,0.3193648207534082,0.41046975479480036,0.3110560021194391,0.33401380221876226,0.36446572157543083,0.2556777049094909,0.2533714204923364,0.31547079706281406,0.3451755668940254,0.24949652025819083,0.3225253822195621,0.3163770789402701,0.3378283841819294,0.28988054476623015,0.3014985065412468,0.300299566615624,0.3109209659522976,0.2963640080843491,0.2892565749710467,0.32459026978573824,0.33464157500376046,0.32378338128272427,0.2389651775883922,0.27894815839671666,0.39246270209177014,0.3015975948686256,0.2919728820084494,0.26053689280525316,0.33484257284855395,0.2805960898700567,0.3096161005666924,0.30681519555139153,0.29283979959902445,0.36740489169316515,0.3156140822661322,0.31859433750099236,0.3118574839110114,0.28099283435412853,0.3381382577657397,0.3443894608214535,0.3182870114329173,0.22073969946476546,0.2661398229223969,0.24496002111710222,0.2496201840262925,0.2682075922739612,0.30689176517700106,0.3026864482925001,0.2652472454012048,0.3108407691451944,0.30896120054548676,0.2795858024179027,0.25589853249714867,0.3412743357775454,0.3188486039461246,0.2807838416541232,0.27232204519814923,0.3322073541675042,0.26883363707844565,0.2225807199362871,0.2720249116408731,0.29272142559468955,0.37736720061301676,0.2790454058503793,0.26346934861105636,0.4274599127430672,0.2518043652551744,0.25246823119546474,0.2853893739049028,0.3286711717438442,0.26614757032196845,0.3031266625432197,0.31042830609441074,0.30307018293081034,0.3122246209013037,0.36619032640407034,0.2535704378068115,0.31735011027572757,0.22273041291470372,0.33938121804039334,0.2778725756838894,0.2412600143868429,0.2211036353645349,0.2975426137105665,0.2728493215191364,0.291669998947971,0.2587647666119527,0.35380752658803644,0.3199645533136748,0.39274639382410503,0.31257744388877823,0.2502960934114168,0.2781988227498341,0.24361294364259628,0.30544893440033166,0.387600294566181,0.29739169162854256,0.2567599578911599,0.29524656412212347,0.2569283383748132,0.2688559065978401,0.23433112970177758,0.28333368377466933,0.3714626358274928,0.24303505734518802,0.3875302966656599,0.25360730158336564,0.3355178364471725,0.34437552038295555,0.2824612870607916,0.2912681226090613,0.2768275577782602,0.24737255761770377,0.3094830807842213,0.28804593108874244,0.2453326972863826,0.3019343580595008,0.2838347830192107,0.30337586971369934,0.2759889061516135,0.2859675964482808,0.30298997226717317,0.37393233159361067,0.2741700224790538,0.31038638827378884,0.275691723271295,0.3283334014398738,0.29142553504550417,0.3795175933416168,0.21551405572327487,0.2700254055708859,0.30847374177046344,0.27662206948727314,0.3115315668987374,0.3164458506589166,0.32680558627477346,0.31998069222332953,0.339734578777472,0.26782467566650797,0.2578078206550052,0.2823402132580038,0.30292493156944605,0.2351333374489022,0.2990817331474004
0.28534909088063987,0.3505760905439709,0.0,0.2966591565934518,0.2639668254791858,0.33269521415025394,0.2729699365879783,0.351141395756014,0.25033969049446,0.3950156119596167,0.3381511825732318,0.31558841658393205,0.36507174219083705,0.2571617452638108,0.276830150280114,0.40519876477717237,0.37165990949283495,0.3053474288729385,0.27142269057649654,0.2675557196806,0.3454811973539471,0.4088479701674059,0.26921570553354096,0.28366883243974506,0.3172134061720327,0.2817030462750453,0.25927576911096717,0.32698549071389676,0.27411828079799966,0.2544488139477512,0.2595540764689056,0.3320753884091306,0.27067952009657054,0.27635607371403303,0.23976727520356445,0.2675144434079284,0.3010484233524082,0.2817275976877171,0.265531565417164,0.3045043605929946,0.2694036323855237,0.3171468958466603,0.2528237782989402,0.2549162326130505,0.33916257620919593,0.30949545990479144,0.25468396329940396,0.2692564639765786,0.2995736351992371,0.26374722982025667,0.3034471371257219,0.30849574888979514,0.2251637820327215,0.32662376363849716,0.29405655898519445,0.2557387389947681,0.2807999448323695,0.33079969896293693,0.28664132819327576,0.29032208176420987,0.30233691048195294,0.22279870151006498,0.29289164430341924,0.2216751087402819,0.22327043287670018,0.26613140060660995,0.287461040697055,0.3034412050497837,0.29198988980153584,0.3301166049013092,0.29728540385323543,0.22740658866015512,0.2602975735299255,0.43531337960269356,0.3540082493222309,0.22225697140220943,0.332289695873323,0.3082748594018273,0.2521373912991768,0.21102320201384067,0.2708726872686679,0.2763183794527472,0.31461681166131633,0.28339520318020905,0.25649928269764427,0.36265428066547406,0.2436489589921526,0.23202448152655555,0.2906634778203231,0.25235491477617455,0.28408359306565223,0.23723217151331918,0.27803815546811306,0.23561456351869328,0.27431691007688636,0.282956761742269,0.2209993801873782,0.28454442344711406,0.19238849884236808,0.32787757323743827,0.21973475185037264,0.27336076731239983,0.21537508307846445,0.28666811218676475,0.25371496960595236,0.35208347189643746,0.2856351361365502,0.3151718097744015,0.28322503992614667,0.32735436575605387,0.2869380436394538,0.22947691228977418,0.2714125072185934,0.2594784124555977,0.2622743438992589,0.36712086772665536,0.2542805233396128,0.2923378832766565,0.3073196165282508,0.25719964165823594,0.25544921906721196,0.23495211600888272,0.2346667802852855,0.3327297808870452,0.19169650609673267,0.34547684297461273,0.24942622374168835,0.2972378782295734,0.3345028190219968,0.25601970143367137,0.2703217203166222,0.3673946940248245,0.22963257361700692,0.2381984238545744,0.2673599630673874,0.20746443276983656,0.2387491864036477,0.23766897687612157,0.28773035427993904,0.26409595029942773,0.23614742627915924,0.2679935295875576,0.2930941556611373,0.2555770028958299,0.2699965074375206,0.23940958056385794,0.3021692529804322,0.3062524358055199,0.34645504036038244,0.21836825996015025,0.2376521386475852,0.2313105674005154,0.27437209637460547,0.296539143592823,0.32991545105409126,0.29202495398785255,0.31237248053431005,0.359106823152907,0.20315161164428103,0.26915824218196077,0.2794720479721505,0.21981410782085073,0.23355224627075116,0.2901560636675358
0.2594695902102506,0.29797859529263565,0.2966591565934518,0.0,0.2450866247417243,0.26293711272359,0.32231143640553456,0.3004111026521268,0.2324771870784021,0.27123056629395087,0.3127864183198559,0.2804617790134213,0.2958859755801829,0.30325620223601485,0.3060795330878339,0.2827936573003937,0.32436643341965765,0.3019063036407994,0.2928937864029313,0.2560325370465526,0.34083530578367877,0.2865676548997285,0.30181071505447693,0.2662313667186222,0.2815761230130446,0.3310824843975736,0.28871912572788444,0.3169986006115931,0.27172963162296165,0.2137378885491973,0.25517869761205997,0.2845857251566833,0.4061167287063287,0.3036020294567162,0.2668451285545682,0.3120921630903947,0.27455994305028636,0.3127385733146452,0.29096063952607476,0.35955899401788405,0.34500637411979523,0.2733898259820351,0.26329373708723836,0.28609689298339863,0.3120364915911008,0.3253718202174405,0.2148337400782173,0.2528108668251268,0.3069872613796691,0.29403325166366645,0.3833176433555366,0.33540589732940246,0.28396772107995766,0.3876427646756101,0.3175090704698356,0.24176833516382448,0.3381556517320805,0.3000671982479128,0.326278917082392,0.3503696591977439,0.3318511493967143,0.25921462906343734,0.31324211167976485,0.23725706061387508,0.27556683763360607,0.3137607422814292,0.3749598876438544,0.24909673632462973,0.29393498531207224,0.2945270750355585,0.28649450185593434,0.2659914781587516,0.2952328738896796,0.4448624282337375,0.325386839516007,0.241413764920782,0.3778782133896114,0.3130290327138047,0.30347500474193145,0.21414707275494219,0.26945811675263265,0.32867647261986893,0.25649767607288815,0.28891883599692625,0.3356741920499816,0.3117271381206048,0.28142295362473435,0.29672668591599405,0.29410517601531944,0.2589442840381258,0.3140495345646906,0.28028892549636275,0.2820886760334269,0.2798646506027386,0.34505216127086075,0.25270584257904893,0.24980184445300296,0.28511201397803604,0.23322668464238602,0.3431732901367039,0.26317177208308556,0.30626532533430834,0.30735753568467256,0.258792250922094,0.3020903786321856,0.2977898446631768,0.3183712878769407,0.2665599368445501,0.32624558417906546,0.25812537053425905,0.3372257197890614,0.2886599908120718,0.32789139011401536,0.318449234229875,0.3210633948156296,0.3020353842364066,0.28836982528149313,0.23726905096290188,0.30781470281924195,0.2953492641648701,0.2802037595525015,0.31712019333354585,0.26415013636581747,0.31733662472824287,0.22018707584475886,0.2932032462364013,0.30226393284059444,0.27566354550019445,0.3277133863321284,0.32963906136090887,0.2266062922782177,0.31479173156937823,0.28871737556611543,0.30197083745534176,0.2745827701014235,0.22111332983532964,0.19966919451025766,0.3008822822419638,0.3029344594357968,0.2914547148794296,0.33047697130199605,0.27302273763945367,0.35854948452979485,0.3005109236309256,0.2905846596270865,0.2620717694517962,0.27523081290391577,0.28376020249089795,0.2499175915956181,0.21335083551380143,0.29813466142708267,0.2883449930355157,0.30369457805151545,0.2587494310297265,0.3302710496271967,0.2899279611463174,0.2950610498223643,0.2939338869057485,0.31360621349425033,0.2958969215129589,0.2985532166076911,0.25814533089871805,0.2924982458671212,0.28607969374618136
0.2943291711461717,0.2513085623484823,0.2639668254791858,0.2450866247417243,0.0,0.21364349851867476,0.33844691290917744,0.2380716616788868,0.2649751590105212,0.24848558834843287,0.2889532097347337,0.25681188189112264,0.2430506654753182,0.25297253844840556,0.31169852138728266,0.2833761424694942,0.2798867805751302,0.31498050062243,0.2409260590765238,0.26667190178282585,0.28856430564569374,0.29400917318442293,0.3123730023860644,0.26652055474225483,0.26498597971793075,0.2524483347317965,0.24778950841281594,0.2378765642485095,0.2277685426896908,0.27384118210323244,0.2988947676753892,0.24417496888125567,0.2498564300668855,0.2468932154806008,0.34311829704787833,0.3007186984414096,0.2777531400548596,0.2905788943614468,0.3016292821695121,0.2652917239013247,0.2836261861195896,0.2812149658372186,0.28985559741401,0.3167304002414991,0.24645558378876214,0.2646964563694434,0.28199101893514744,0.28716542266345507,0.3421201023914598,0.3017177637299786,0.29760571510132533,0.2527666602947302,0.2444851535128927,0.2504903331697024,0.2695581988293595,0.2267691679297987,0.26169506274162263,0.30600206138503266,0.2762591172953808,0.27006715962320044,0.2035154209211565,0.22131119119028717,0.24046142980290774,0.281133941240064,0.2640995770480086,0.20986846415723664,0.24094040318004617,0.2711174118929222,0.2607306550395793,0.28058431506280274,0.29306972639298196,0.2733745523368436,0.22631159970331313,0.2748782142493754,0.23699369978965149,0.2270969354010044,0.25901349435977317,0.3573465465133595,0.2449561684766763,0.2011584168817979,0.2385399673030802,0.2970775862488087,0.2880412335475597,0.21636559983763876,0.2446698077650601,0.27255667949637497,0.23293392931742793,0.2717905701963232,0.24106605935179828,0.22926636132846268,0.38578880559992723,0.30303298728727884,0.34615035094244195,0.21839793000381907,0.28114406305137846,0.2538637326622147,0.19335801372132674,0.24307807881844767,0.25817134614216536,0.2386401967660439,0.2498564763441081,0.23228348774963362,0.2574951284133804,0.2565762599718517,0.25448866694634326,0.26722983106822656,0.22388884777274773,0.2703141658488622,0.29637762896418585,0.252957722330679,0.2758518390394425,0.2967179890209931,0.2238165496453167,0.26559548232434993,0.24080216584416908,0.24819566509638122,0.2346526259631734,0.3002291713539213,0.2262644961782465,0.26179973343482027,0.3735509369519799,0.2382413202438545,0.22275664115996485,0.32383629946871234,0.2507099663726775,0.2486859075639196,0.22877841805726956,0.263517603472286,0.23848958502469828,0.27267950487511816,0.23091981976695505,0.24416070078438326,0.2095106272687444,0.2699228341806897,0.2567757335527926,0.26785042582234436,0.24429171475144626,0.3209694722606616,0.26793436698379197,0.3313251649588886,0.21977446661772843,0.2623956203111205,0.3033618305002628,0.27602647323020135,0.2957842377296995,0.2772916595787954,0.3192739508386889,0.2621669423693337,0.2589814523880359,0.20408714348799423,0.262241782355875,0.2537582857321923,0.3087711247444805,0.2590669569565803,0.28942928306812526,0.28340763346404174,0.2251376332942992,0.27738426875019834,0.23982569812123342,0.23731858287703872,0.22714846215999415,0.24678452849971216,0.25070863689695605,0.3555300983954077
0.30444872100163267,0.34333597210997824,0.33269521415025394,0.26293711272359,0.21364349851867476,0.0,0.24053297297627066,0.3221266381115293,0.26335729012119957,0.2966659968175759,0.2936185019540277,0.32019544462553473,0.36291141525502085,0.22599817833396346,0.25045220024923104,0.3332924385515603,0.3122852031166649,0.23279882823541126,0.3082023547870522,0.29972215783385875,0.3128266035845606,0.29840246370042095,0.21722592035344207,0.24417816782326773,0.3398240352851696,0.23031339663094957,0.213315473201835,0.2909927365671878,0.24261451972377454,0.24877018357347797,0.288071475572318,0.3924195110567097,0.27284688304904925,0.2809487961813225,0.24721454802984896,0.24739396878911857,0.301942896799084,0.2529735354372821,0.24877075857594316,0.23907719531872007,0.25066555588302797,0.3221646838257541,0.2443978460188367,0.2795783649402311,0.2822369593707447,0.2609936791749734,0.2466462185822685,0.26161215642179675,0.23867896851465845,0.258519817879162,0.28620546830083515,0.3198952110385537,0.22972414588670614,0.2900804295786277,0.2522967735166748,0.32708686186371866,0.28091127466770777,0.3487925378576366,0.23377586932392694,0.2568637824536944,0.34897408961587034,0.2531387921029568,0.3020733578531195,0.20032052428217617,0.22980973750555264,0.27313401197840725,0.275482549028851,0.2957576793223204,0.22525506232459924,0.29083843961331274,0.2953956059618012,0.20958688464917966,0.2845263224148366,0.3117427149754732,0.360442865179871,0.255879762436015,0.274961578656073,0.2563946883762374,0.2370672687177191,0.2891421824996322,0.35012245768257094,0.27657916222404016,0.2872774757999016,0.2986653587224376,0.2703371787749448,0.30821506173305235,0.3101964235421405,0.23562808732904506,0.30680587650754565,0.2640506341929621,0.25327084266032845,0.284762194977337,0.2605612722267775,0.2663934763707671,0.246692866568217,0.30397090907621716,0.2582866432323804,0.3318534268655838,0.20427134414459788,0.30076176117009973,0.22439814174695535,0.2575714384253345,0.22476839603051227,0.24846538012403246,0.27117031946006126,0.3152098686686087,0.30603642878023785,0.31019040287456695,0.2404412187512635,0.3230150340400964,0.2991222569319829,0.22638127743775285,0.3547775354349582,0.26873759090433996,0.24365296798728112,0.31180595468223904,0.30603134400928567,0.23087717813805977,0.34410341567950886,0.25300811386046695,0.22230380340845973,0.2502395100589976,0.2924192707562865,0.31341123005902016,0.24274506580071656,0.30053712801514515,0.2816817263332854,0.25355329538867766,0.2904334498798148,0.21736104173805,0.2990691940609138,0.3900075584040767,0.2535057779837796,0.27421435127833715,0.26995413869068097,0.22103697660547236,0.2641862548401911,0.2090339571388675,0.22554875488828674,0.2532516380159445,0.24465979775102972,0.2975573483238293,0.2807481766984432,0.2611200182549587,0.2709744210778521,0.25066318211817834,0.29920909417882446,0.28892244143058055,0.30515294620392863,0.23281102781534468,0.262562398542143,0.2582746653035521,0.22415749755536415,0.23122884087524534,0.3279056155577583,0.2910775798299044,0.2864469136972305,0.3514434826743951,0.2165107887532483,0.2844182254264826,0.24161330120059354,0.28763444059577375,0.23890816095193151,0.2685018550440528
0.29756739001265,0.32653785807677776,0.2729699365879783,0.32231143640553456,0.33844691290917744,0.24053297297627066,0.0,0.2622441056644396,0.2644637076238598,0.29434911326784113,0.29622212067598147,0.31780672740748217,0.290242668313736,0.2962801077797755,0.3839358801924286,0.26274997141144807,0.2687671274008275,0.32883594398304355,0.2724774461511451,0.255539210238553,0.2930132500335328,0.3376338190804703,0.41225060294990395,0.3357944166334642,0.3137827058628366,0.2951329719553352,0.2772243246268143,0.25523807947036653,0.28283906981054885,0.26171729689927486,0.3106198684901089,0.26685530015522346,0.3496991812249239,0.29204538121024143,0.284819523665407,0.28746757442993576,0.3323046342381755,0.2825127380499062,0.2892039431883103,0.34523113070422495,0.3497973168730218,0.2940432375681111,0.2924101063947289,0.3122567521560889,0.33087799056683675,0.30963778279393483,0.3040506314301701,0.26591685487061345,0.4299615765130803,0.26646912466588296,0.3303091417096804,0.26849638785654634,0.25200702960572496,0.3161482783624289,0.32455290385155244,0.27055280099473117,0.27773096929843505,0.2845274069263805,0.33801976588720156,0.2895504998397228,0.22640118264201634,0.22765843988568135,0.2392989940653385,0.26849845506809006,0.25334280844047063,0.22644956522369422,0.31384320734148036,0.32472823379628557,0.26727190567561887,0.27857700680914754,0.3187552932712292,0.27504219702244226,0.22662019703462585,0.31986033028428607,0.22735114353738983,0.2597975611655552,0.31279086957295066,0.38835751632630994,0.26508983497714644,0.21222756127336312,0.25592942336609353,0.31258277994828393,0.3251935048150197,0.223699061209385,0.254529076437268,0.31648733005685786,0.24230284601876073,0.2889046713661842,0.276063223244568,0.2758873954142445,0.33567391363255983,0.3868140921649673,0.31371187795535166,0.24643920579323514,0.2990962977538066,0.3314697698794754,0.21055550513100682,0.30933969615854384,0.25416162594603453,0.2977267871554117,0.2798337279008752,0.25852602986403367,0.28303746496444493,0.3061359131453986,0.2550155110602397,0.2998297801185013,0.23297123161717617,0.29134238945004987,0.36942319700347087,0.3017475060615985,0.33456451822473965,0.2858968313729939,0.2417044865428047,0.2504137990877832,0.2724627337145926,0.2931334273675903,0.2614750051510904,0.2865047424940749,0.2482056832861147,0.25621989163036757,0.2999014036095703,0.24521322814943386,0.23795108277047758,0.37484603094036834,0.2337459735380678,0.323846359108123,0.2300190443883032,0.3421652050735879,0.2608283117802255,0.32272143961464217,0.2367778837562238,0.23190642186761365,0.22479571217959546,0.2634934836715188,0.2446104150692017,0.2552504932873092,0.27032492654622725,0.3374893791467844,0.3161086560390007,0.3336528722346498,0.29252566365469695,0.26301359970870286,0.3350712269310201,0.2662383512365609,0.31611996068334236,0.3442822938356001,0.31755297506709307,0.31043545543723244,0.2845547719734517,0.1964827110896845,0.27207687149153464,0.2945491796008865,0.28296643473442373,0.32721015700068506,0.3501851292424385,0.33663374381292677,0.29316407809539746,0.33066053382012384,0.3017196751281022,0.26437961310856956,0.2786863361451059,0.26733092553976834,0.27269983247629803,0.31512564251072794
0.299716573121975,0.3573737900030839,0.351141395756014,0.3004111026521268,0.2380716616788868,0.3221266381115293,0.2622441056644396,0.0,0.29763300856689623,0.3504507391698639,0.2838416829311645,0.32975015940669133,0.35713581136653805,0.2533955509003022,0.27893711619140793,0.36598125204430754,0.35150255548942594,0.29217972446479956,0.2920585988258363,0.29671801608405735,0.3275961984714505,0.28462947065234423,0.2811804394948042,0.25275372132341456,0.3473271549650085,0.26415595070609327,0.28825420330024987,0.32711854618488606,0.22998489395641905,0.2679174461121008,0.3518420480516712,0.34526426773128766,0.29202651966483667,0.31880050283767436,0.2722005979612556,0.30683426917041795,0.32162462144286824,0.3278457926320717,0.2825526447733403,0.2935123873195285,0.27555372226200925,0.3127219217502716,0.27862427494495756,0.2593809529592574,0.4046465802361669,0.33142100624790244,0.273417499397597,0.25030297273500207,0.3016169410178156,0.27955182642463794,0.31097760865345453,0.2945864957981435,0.2510572113589453,0.28671584788258125,0.28841207398066687,0.3025221541246216,0.30110431855652664,0.37236556655166914,0.3013629714344901,0.3048523810260307,0.375202078350291,0.24368453014850983,0.3025084404777652,0.24454324572537398,0.23219131163768267,0.2758371365812147,0.30263157214834935,0.28983449707359776,0.29838708059781166,0.43447795376094556,0.30069496043167016,0.2576359039850371,0.2699397139516151,0.3761455894691087,0.3842321242282503,0.2551305672358831,0.34210568049286816,0.2898738324251408,0.3254838026845348,0.21276936705900815,0.2745855919940069,0.2934702399634875,0.3321405505450401,0.3263990849853992,0.3079986986265297,0.42743706956087857,0.3416574205276378,0.2764897885472521,0.37955923834670824,0.29926194683153123,0.2802751926604634,0.2859291545351974,0.28511873761993795,0.25597139881292613,0.3067857151680894,0.30487997746653533,0.26516405822826095,0.344971522807649,0.21337190450812135,0.36262342753731225,0.2390137721844829,0.3510756318505025,0.24726426740452762,0.29624931682416106,0.30923105044763766,0.3739392254617802,0.3181407895971212,0.3719010793082679,0.2895591177406619,0.30594990550695067,0.2750978734468896,0.26320456042198354,0.30901830063006047,0.30702523052424535,0.28999972303203486,0.3543444340837561,0.31291655058230394,0.25683137868754746,0.2739989390495331,0.28614414891713946,0.25342196399795053,0.3420312386520514,0.25341318963550447,0.33272528411464836,0.21522894718766325,0.29784477319621666,0.267536754894248,0.35328793946473735,0.32927512680401894,0.2650718558237867,0.3329815572303265,0.32479743656504095,0.2846752179915986,0.2575891322095211,0.2687011497285097,0.21192646977146792,0.2722431775136821,0.2505773652448356,0.2864148574011428,0.3073767738858378,0.2516751867298185,0.2712559953810717,0.3396119603726885,0.2796624768823444,0.2936636181835941,0.290933280575971,0.3325148491619462,0.30697400509963335,0.34381596270386244,0.2272782097201898,0.29598950892899845,0.28494317959879023,0.27050087017450924,0.2803122208031097,0.3844100301215689,0.34055264665979423,0.27441471649251964,0.3703152765870396,0.21670347151729175,0.28150738602638786,0.26944108959539353,0.2623011711226385,0.26572365486560834,0.27412046277637636
0.37153141623264596,0.28161471240270874,0.25033969049446,0.2324771870784021,0.2649751590105212,0.26335729012119957,0.2644637076238598,0.29763300856689623,0.0,0.24945825601080512,0.25001087963886676,0.28727179208060055,0.2562371030688378,0.27441506502383767,0.2657843962811257,0.27253706338964284,0.256565482318925,0.31519852653977215,0.26598458838956845,0.321614481282783,0.26825243474472915,0.31421420890380614,0.2430557416602058,0.24271255603358913,0.29475547114876427,0.23127874361005518,0.24941373332459343,0.2530306082605422,0.2098257114210881,0.3466392180694194,0.3768774450114413,0.29810203299083476,0.24719357592327545,0.25402421997999824,0.30700873893837294,0.2591906277929257,0.27275390230735297,0.3258046805185952,0.25718218682900995,0.24467491240034134,0.23479722163178995,0.3468338793710988,0.27455278572010244,0.27465238112171086,0.29064317161211184,0.26695537886798076,0.2659536854101055,0.23777499866459276,0.28501051258733423,0.2878588755936721,0.2741134725120841,0.25619229187860154,0.25191660459801535,0.2450692658755392,0.24927766478627075,0.3396380565402508,0.30105784200336827,0.2911934732812389,0.2629464817195516,0.2519190468033639,0.22613445171246171,0.2577081540456291,0.2586748255412675,0.2591937340539175,0.2874447822437217,0.25727810455306865,0.27480338097949497,0.2898288061789074,0.25319956408700933,0.30543667254925555,0.34930508005243643,0.2815020084526608,0.2900237224429003,0.26149957007399,0.28734906289387235,0.2714970516091543,0.2345341183187409,0.23726005431467828,0.26880575701333503,0.21840329048549517,0.24961581449857137,0.38035815727807565,0.34372128062678997,0.23633722826153078,0.2983627630533661,0.3487094976983727,0.28090694438104796,0.31481518543760084,0.2832978812925387,0.34490718035327766,0.31230739684055087,0.35503255894436325,0.27202991577259633,0.2608067821689026,0.3160560899808696,0.30036357584680884,0.2654411151774939,0.2984293366238213,0.2995656238829327,0.2632996119620638,0.26879808444732317,0.2395734395565905,0.2674760537086651,0.25315978627243896,0.3257413430620069,0.2732428411831496,0.22492258776478155,0.27897345247167316,0.24255250503940373,0.24148963568223766,0.24654820359061067,0.3160897556278462,0.2739562715278701,0.3008558000261921,0.260069412277618,0.28599383675790707,0.2829443321023057,0.27497688466782555,0.20480214073554687,0.2826332166041646,0.28926423610993285,0.2552384549288448,0.26363278664040624,0.30291780145705727,0.326323900441155,0.24226426216593125,0.2569272379140835,0.26642469223620624,0.22952370881957887,0.2733826557978898,0.3773135189454906,0.28973389389121706,0.24928261082041914,0.34563465747690075,0.2529879283640769,0.24722941952292327,0.2927694884874024,0.25688796759831,0.2645941536826975,0.3241690907323181,0.23727185336861023,0.28633262574472224,0.3177681860371215,0.3088881297027697,0.27870200993402755,0.32672530952028517,0.4031005913784666,0.23390321521887147,0.29980323170650774,0.21323850753482768,0.3398575926871821,0.26748412117824477,0.26801505245219415,0.24689743370413678,0.283240519586924,0.3253228098661902,0.2423557885756481,0.2806494003860372,0.253659677952624,0.26869422374410046,0.21154831406635005,0.32221870723166857,0.2812444142236676,0.32472981168450127
0.2768809796343968,0.38713705099413315,0.3950156119596167,0.27123056629395087,0.24848558834843287,0.2966659968175759,0.29434911326784113,0.3504507391698639,0.24945825601080512,0.0,0.2669705608064243,0.2826250360878467,0.3262457684550356,0.2778956890902756,0.2585295364301062,0.31795554509307444,0.3142947190782742,0.30930141967513797,0.2573014354815577,0.2509114774298256,0.27765366898777244,0.2893533925612018,0.32638577624978976,0.2518170243388972,0.3857684694639211,0.2530056626138172,0.27141594706582084,0.3142606757539969,0.32544343783170493,0.24908186341204086,0.2922645263321242,0.31673536926719253,0.24700775341428088,0.27793083886516684,0.26112896271445607,0.2544102007216201,0.3069891358740514,0.27553700118752267,0.22756050741423814,0.28842681180333263,0.24470882784474537,0.30785505062959195,0.24480286282223268,0.24298678599325285,0.31380210498786143,0.28595332934345086,0.2712238287623965,0.24514527559132993,0.34852542608033404,0.22749848563479397,0.26587816355977895,0.26040984666706113,0.2264710836795485,0.2762410710896929,0.29093438304331837,0.3113663396101576,0.2528767039904032,0.2681022663600151,0.3070872584881782,0.2665244279797606,0.28960040517443864,0.22094122246350795,0.23596623337099779,0.22966056115136577,0.21740122904031584,0.23856538070089794,0.27106611477234865,0.2954692857047672,0.2901088636872353,0.3402867692094296,0.2609131410337254,0.2712058566335746,0.2317396631892054,0.32793877004029726,0.2950835884795543,0.26681980315365983,0.2809716781483146,0.32730573530221585,0.2505541291570193,0.23616350802887318,0.29151127052141224,0.24913108123844652,0.3474361260853338,0.2969697408505931,0.2545769713183326,0.3414721878688884,0.257585801696941,0.25748848903286364,0.3421883424694355,0.26156519639867587,0.25718899272519186,0.2617761220052349,0.2740750328532775,0.2285315625967727,0.2790570116686286,0.327701599295497,0.19991920276021038,0.3137292000900081,0.21463955614713404,0.33255127893315195,0.24924818172780253,0.25779138215286135,0.23167997364960383,0.3361999506760764,0.23918416452627944,0.30392622018774007,0.2592968797559211,0.4134003931379054,0.2845519891604892,0.30734962121719717,0.25728121709835206,0.23111621804480292,0.27574500825582754,0.2869381998560697,0.25976592761935113,0.3324932909824839,0.294305971227774,0.29942236869458483,0.29024997943717806,0.2885318488300482,0.23696649722984747,0.25539404419041994,0.23082691488419818,0.32942740113942437,0.2117771403188566,0.34978480304078985,0.24660880905192437,0.27299057215341666,0.3420253331821673,0.2676356898208716,0.33378370149033326,0.2718563570606308,0.25186876852191037,0.22712411984487932,0.23355359411941215,0.21455590901779756,0.2696499419395162,0.2565213113924976,0.28732385482682954,0.27055611010703046,0.2599673750979883,0.2819664190840546,0.298645984073638,0.2320572249572828,0.2826715458884149,0.2786109805277233,0.2515672219916276,0.3516098912771083,0.4206947132400954,0.2245628106480362,0.2316933403574864,0.2918354929064466,0.2356353188328076,0.29836722048405584,0.3270753862096361,0.29460912425131824,0.25414152381936983,0.38560330460571274,0.23517074072948654,0.2923895600306271,0.35091698521233833,0.2716477361520405,0.27000616361307905,0.2526156120451831
0.3348336636937357,0.3234218882917958,0.3381511825732318,0.3127864183198559,0.2889532097347337,0.2936185019540277,0.29622212067598147,0.2838416829311645,0.25001087963886676,0.2669705608064243,0.0,0.31740781206308305,0.35051788459602057,0.291754540795162,0.27849587540860704,0.36713933970892054,0.34027139383742977,0.33040670537355055,0.3000898361208166,0.30597082074580695,0.34218802989135744,0.3760185037742423,0.277932223053986,0.3027870558130146,0.3308510261368321,0.3239614937495656,0.25503789372786495,0.3232534735440588,0.310628461551859,0.24837146010435301,0.2743198190406965,0.3126835299181862,0.2974884621609427,0.2720557656132143,0.30715877204551334,0.3286271271330005,0.3722412108307419,0.3335223124564375,0.33354948103325993,0.3052540317688543,0.3046977368855284,0.28726114706002864,0.29248394719800525,0.35159071831915406,0.32221181296720963,0.2852579537414398,0.22147683650394334,0.3968103245017086,0.35258136896740033,0.2805981919520219,0.3462543956968964,0.287675140645889,0.24263193956817702,0.38446523661866155,0.377237362781072,0.23247899496900443,0.32423851459395076,0.3449326052469991,0.3256710905641317,0.30498310461095646,0.3316008067252893,0.21439187159415873,0.30781516694295796,0.2577903893550605,0.23035026261233446,0.26916669135432514,0.3440523900976679,0.3037724668380373,0.3209712027155219,0.31936234234898336,0.331302382668032,0.25654362198308817,0.3001975425897412,0.3719266730416864,0.3235579421374628,0.25932283016234975,0.3620704344598062,0.3100029221452562,0.27782207937583114,0.2254394353379056,0.2828659261660713,0.2718595494946856,0.2879918201713426,0.3107035184325072,0.26634815302666054,0.3174176332431502,0.301320289565804,0.26652599127122023,0.24898023919365217,0.272323598222963,0.3650509456488703,0.2433356766854568,0.341078916024725,0.2887090617791209,0.29777711471286766,0.30830678289655084,0.23570109481666462,0.24463880317383052,0.21918707864043974,0.2778842807542718,0.2980391182317746,0.28697349958994817,0.2519280720286862,0.25022859854866136,0.29022672408115635,0.26829631657732816,0.2603389698859229,0.29045206159708936,0.27983688818467545,0.34024976809646,0.3783354545794212,0.2776934141116294,0.30245035269588577,0.2788686466639954,0.29864656505175063,0.2879788651642363,0.26068692794905773,0.2967497806454136,0.3180138357719986,0.258371392348891,0.30184019903827486,0.23964097818965838,0.2838255948497994,0.34409677788323917,0.24263523515638036,0.3560004228311018,0.22193246973659195,0.3070900050187125,0.31369499316593635,0.2818648859883718,0.22365563055660934,0.3104816454979463,0.29269470515097246,0.30423554288603594,0.368899065436936,0.24939554703779632,0.266448572053196,0.2716048226793345,0.31909725765552743,0.30084727127247923,0.31052495291590826,0.30581820177126257,0.2747142334417459,0.2918399663369101,0.3930934398306684,0.2544533894078427,0.27950763068124823,0.2680673859730198,0.2871807259862032,0.22691519984046707,0.34794512857744153,0.2696102884173643,0.34757891505757693,0.2494324299886556,0.3068358208662229,0.3489372151146645,0.317624528397782,0.3017556840403314,0.27848977189705193,0.2685737613801829,0.25362324249034335,0.2952123713586175,0.22930091159360055,0.4094301989443429
0.2913540774952851,0.35076548882687714,0.31558841658393205,0.2804617790134213,0.25681188189112264,0.32019544462553473,0.31780672740748217,0.32975015940669133,0.28727179208060055,0.2826250360878467,0.31740781206308305,0.0,0.2575021857423658,0.2114399980978897,0.27834383051671735,0.3034159052986183,0.2917425786640248,0.25742611061651033,0.3642428800205822,0.2896927921195955,0.36418382268116534,0.31046785863666854,0.2785923214740783,0.2863124428004279,0.36588369034859214,0.2520841159306782,0.24600376074165756,0.25447403443819067,0.24862904847170597,0.3038435538681797,0.33182263245318655,0.30465638428835257,0.2942905772427277,0.31838777293720427,0.2493945946031412,0.3021720108698964,0.3040493718967589,0.28982190585292095,0.3429939246637117,0.26828816512004483,0.2980997193328622,0.31285683856849555,0.2868606099041267,0.2987248556494053,0.31168252487094167,0.29152613798299915,0.30643397730800176,0.27980611431278446,0.2989777233210532,0.2855741606008818,0.3445629795810338,0.3079030189879774,0.23875731878274647,0.33431784046144086,0.3299007132412805,0.26704646633571116,0.32887748808658984,0.3824430132221894,0.25511459955941457,0.28393054809826757,0.2439467326667902,0.21987621954655664,0.29055101053209065,0.24037986111273013,0.2389079782322772,0.2588672590037544,0.2501908177639525,0.2670153946392347,0.24405315475442407,0.27549129214493184,0.2872656447560315,0.22239472024511991,0.2431737293774479,0.30135286115207655,0.29032251580281915,0.24314577458736986,0.27946541203476294,0.30355659538645935,0.2666605329020024,0.1998160703585134,0.24575586355770973,0.3138630935172757,0.3166529226696328,0.22551495238658523,0.2804964291591921,0.33803769829940994,0.2516959013593137,0.2622368105668645,0.2861129892904777,0.2870883754323077,0.31089308752034034,0.31429224499367314,0.2915249264997494,0.27366425609909995,0.2631224069167926,0.369084180136288,0.23859022506699565,0.3206326407853724,0.21665852042581435,0.2657787573055484,0.2234582208177565,0.27854192731518057,0.27669791238059427,0.3503844857048319,0.2764494394806652,0.29760018528621734,0.28624383133965203,0.28706273485855727,0.26969235809510844,0.3484397306470385,0.40503348204365336,0.2890478447536223,0.25214258516174737,0.268691565285998,0.2576786306835603,0.29311364658389505,0.2656051485551451,0.31238600504521,0.2841541198360431,0.2374305202517022,0.2514913503961013,0.24637304257342757,0.2507037662330374,0.32236483741036115,0.2047849446006129,0.34163913292637405,0.2353235723214983,0.34384486657624386,0.30589303418203906,0.23919618200109571,0.26032676034414326,0.28150160539202435,0.21371062998516754,0.28653745502716776,0.2815429553688971,0.2089741875041504,0.2942834572470412,0.24532990061626375,0.2678444212468889,0.32059398758012647,0.22965818092942644,0.26651964567335823,0.31722170384078946,0.2933595382990228,0.3104668766396632,0.33883101395492743,0.40774738476836203,0.2582909498536478,0.3542654679229079,0.2236199449033251,0.2958254483912601,0.2789616152912188,0.289478621228728,0.28086082850039634,0.398326498016974,0.2824633360674134,0.26185707357305255,0.3276937929877061,0.21008016193082435,0.2500586188630909,0.2073571162234312,0.24932368381582903,0.23577294058177503,0.29432746001805055
