0,1,2,3,4,5,6,7,8,9,10,11,12,13,14,15,16,17,18,19,20,21,22,23,24,25,26,27,28,29,30,31,32,33,34,35,36,37,38,39,40,41,42,43,44,45,46,47,48,49,50,51,52,53,54,55,56,57,58,59,60,61,62,63,64,65,66,67,68,69,70,71,72,73,74,75,76,77,78,79,80,81,82,83,84,85,86,87,88,89,90,91,92,93,94,95,96,97,98,99,100,101,102,103,104,105,106,107,108,109,110,111,112,113,114,115,116,117,118,119,120,121,122,123,124,125,126,127,128,129,130,131,132,133,134,135,136,137,138,139,140,141,142,143,144,145,146,147,148,149,150,151,152,153,154,155,156,157,158,159,160,161,162,163
0.0,0.9378891876380826,0.9307415559275283,0.8041189913428688,0.7272407717216115,0.9307899521909047,0.7806704676882295,0.9257637018300942,0.9231557498437446,0.9517664602949737,0.8075337182340235,0.709053372408444,0.978386892144335,0.8972948409897633,0.9244456700230791,0.9486761930694741,0.9458741945002201,0.9553109908952533,0.8364110321342486,0.9679710197644629,0.9105804817068655,0.9193470800837759,0.7323666904477276,0.8889522390216646,0.9464211010177019,0.7646437647553535,0.711289451625358,0.9249942560229107,0.9050123617709537,0.7993652032723756,0.9337517375369422,0.9442530522607716,0.8898759945436512,0.7704797645865149,0.9394917554968315,0.7879428906085527,0.9044795621843538,0.9118004378362432,0.6801885465506524,0.9202073797412709,0.8212255514649659,0.8006869893672788,0.9347340484473978,0.9184903480444794,0.9213571058015978,0.917184182067977,0.8885565939112059,0.8741215655533742,0.8735206566049281,0.8988418695075858,0.9147894335233672,0.9454821370892449,0.8479652313159028,0.8919631471875724,0.8690825027823684,0.9194304783078749,0.9466431441494194,0.8032114513214512,0.8975621430752253,0.8869828938468066,0.9402845167476648,0.8433298431266923,0.9363545198369522,0.7509023163272003,0.9245626835571739,0.9503648465635031,0.8151255054131379,0.9386324989487127,0.8816099506166997,0.9633234358878825,0.9760979931822373,0.938425356325292,0.8193295358706788,0.9128991900146605,0.9029145526029664,0.9351991647283816,0.7823221463725415,0.758613194821339,0.8509892025321828,0.8322205155003883,0.891878335495809,0.8917482582666164,0.9154495459243103,0.8774206719679029,0.8963425716779445,0.8989307037447049,0.8470477711802803,0.8648004114317429,0.9207489120460365,0.7295523607146043,0.8170905271941303,0.8276202257634332,0.9066783213352502,0.9397690527009903,0.9000265794023143,0.8824775148197631,0.8708703148891966,0.8599116408405867,0.7275544595719153,0.9256509570857444,0.8576099050418796,0.8686341977477667,0.7340935908256111,0.8499981777986656,0.9317950220668287,0.931459183742853,0.9010928663989596,0.8750565765245016,0.9123432244422484,0.8783249931120898,0.7796251585374695,0.7497836754232958,0.9114864126170922,0.7151692357653183,0.9143723480585222,0.9309110568418865,0.927746620449052,0.8825466872818548,0.8671300703209783,0.7524239017208586,0.8841413361794433,0.8243710137939169,0.8751014257845825,0.9669935490345183,0.8810372859797223,0.9193881247963662,0.7858882584667389,0.8005719674553228,0.8997108018957621,0.9368648078230242,0.894597676966996,0.9297594028248941,0.7933802645172878,0.6931937253500244,0.844783877233024,0.9238207789953072,0.8710250778846412,0.9195385402802193,0.8795647317970046,0.8273961397741748,0.9050280552515081,0.8516115235822842,0.8882527672207192,0.7527235891165379,0.8179794213516496,0.7452239191815943,0.8487496988835437,0.8227230150376187,0.9706283077726634,0.5831794049458572,0.9147397175513082,0.8308054350757125,0.7876287822096191,0.8052005516783852,0.8752561701961301,0.9461785116142878,0.8737583466766328,0.9442785014668098,0.9212057244514869,0.8954907881347621,0.8916245591994102,0.9329305877614648,0.9591836981672346,0.8140514712793397
0.9378891876380826,0.0,0.8913431539266863,0.8065506421624784,0.6744757496331805,0.9710683829777826,0.7119338689780714,0.9699858790220894,0.953578320024962,0.8814477267304762,0.7813702779572477,0.7513850120174833,0.9164627276173399,0.8476298201738172,0.9078469691681595,0.9051624455329121,0.9183051885923526,0.8855218848688128,0.8901955123821277,0.9438800635716614,0.892925624915399,0.9016668936809055,0.6665326977868299,0.8777327702210007,0.8668615044273672,0.693237339306661,0.6730420387454911,0.9092096839429217,0.9287475985716154,0.8074888074221598,0.9473595381033002,0.8775632691362214,0.944150973773322,0.7319213858527188,0.8958574845661406,0.7786962659111838,0.8201289814335332,0.9256959528079527,0.7578292511055148,0.86043047502167,0.8969052799139424,0.7489831040963197,0.8436379120144591,0.880624682217222,0.8698077408661861,0.8899441311882723,0.8248578854762577,0.8107385505310272,0.7779832042682182,0.8631144430982178,0.8632444439163133,0.9451478122024689,0.8794689550022777,0.914349501161191,0.8324382466404787,0.8959479004505114,0.9446789809710484,0.8375782179434338,0.8065657900948501,0.8935874331037627,0.9645161258611402,0.8278761188088667,0.9236880238640667,0.7000734320873843,0.8880089093849023,0.9137986727246535,0.7541432268665512,0.8345894219984582,0.7760167958459722,0.9215608908222034,0.9204917365219615,0.8846892354478598,0.7515534792551666,0.8514152081384739,0.9530909060971807,0.899761307316999,0.7212329394997948,0.7088371636318973,0.8655673151737812,0.8471926871178163,0.9032965976811707,0.8740698174957694,0.9382411795590017,0.9059991131229975,0.8498353807979029,0.9527312813122158,0.7968645806685658,0.7753860512013472,0.8995357016517768,0.7773200018727519,0.7523179734394473,0.8023192729106194,0.8906819871690782,0.9532049834666508,0.8496455209153516,0.8649865936067049,0.9355109789393032,0.8271212789073679,0.6998551217125107,0.8793869840926423,0.8558390394336843,0.7882579660093398,0.6594465756040041,0.8243958442637594,0.9091029346331715,0.8884050114020339,0.8830357417990687,0.8344221509504524,0.8760138196748961,0.8420203995107212,0.7408954220716614,0.6984267760778842,0.8475515802573231,0.7275961240101186,0.9182766400586275,0.9670423364997597,0.9230746800958276,0.7771635552273688,0.8105776052378074,0.7452321563033542,0.8599117472597312,0.8368067143192077,0.8346046321420035,0.9626797042316236,0.8681316651344487,0.9479023218536853,0.7531446510132449,0.8040365324962746,0.8953684448219776,0.8752182691797828,0.9304711747173959,0.9517719256767577,0.8047698448011813,0.7689577457243956,0.8403680973540558,0.9058906290117837,0.875950863226184,0.8641793197849417,0.8037155472729001,0.8522383708713986,0.9010655804683338,0.8147358701586619,0.8725598432655106,0.7333278417102723,0.7749240599378793,0.6598572892127994,0.920321359710938,0.8454235033284789,0.9071965899995557,0.6374925534068276,0.8974531018927585,0.8621918583549766,0.8054316220797529,0.7380391497771115,0.8809989603248963,0.8980132199306141,0.8661847243269207,0.9338833519371991,0.8969541877639311,0.8209258514009783,0.8554332219275582,0.9311959492158205,0.9512981143583942,0.8077625222278052
0.9307415559275283,0.8913431539266863,0.0,0.8658955799422916,0.7832645276099378,0.8777365386761801,0.8273775085640446,0.8913342078229893,0.8441796355385791,0.9416956750687538,0.7909196171429963,0.7132854271768643,0.9404309067900316,0.898596348364138,0.8826392257193632,0.9155569019387063,0.9512084682619256,0.9093203599227815,0.7880229441233388,0.8969627800650442,0.9575382599026392,0.9485694489865124,0.7568690963369112,0.8718956428339656,0.8999770583176542,0.8127499116292359,0.73140816827212,0.8818547560721703,0.819579347259384,0.7110030582817377,0.8389391334051458,0.9353727929378681,0.8652816112425914,0.7903443447744629,0.8951457430760494,0.8436033696273293,0.8549204439409557,0.8322995150496242,0.6550163461356135,0.953014595799917,0.7916846584193646,0.8684757278280145,0.9078961866736821,0.8823534059961959,0.9372759114632857,0.8821514156643929,0.8944321737244946,0.8342670400733004,0.8740908424147529,0.9228740648851572,0.9454538389801045,0.9433479692481479,0.8061560413745985,0.9366200605109593,0.8771807343029043,0.8926921092928656,0.8982298202266593,0.8172038790175388,0.9404421537246686,0.8822974646931327,0.9028777085394128,0.8454344434422075,0.9035601398469504,0.8017639490027222,0.9057758012651124,0.912762670583197,0.8554025922944184,0.9219882782846726,0.9120594636682546,0.8797684117573179,0.9562427986435127,0.8764839362778125,0.8786701211630893,0.9684275112125337,0.8532880286171848,0.8296501827662774,0.8417611504519038,0.7803957249983613,0.7729629990014736,0.7113521546860322,0.8139573544103713,0.9434486661102917,0.8117112065085826,0.7821086262504504,0.9327279682521923,0.8349852686889871,0.8050111735580403,0.8849198871921984,0.8522343272078673,0.6982535589802668,0.8757480793331172,0.8683441465333872,0.8761409308998583,0.8576604713276029,0.9528584366717856,0.8141624046312108,0.8489999660544293,0.8923271770383024,0.7527754356827165,0.9494297536373971,0.7640600067219584,0.9159329621178058,0.8010209022814966,0.8131222426902842,0.9183923719611095,0.9208738041595653,0.9263333396603834,0.8495054283462887,0.899915338746553,0.8641247602410803,0.8280623811480183,0.8069018177374235,0.9214584869970196,0.6952078468914652,0.844613069479744,0.8944513956699002,0.8450697094704668,0.8642213832204974,0.9311587933474741,0.7586588208650004,0.8640687704596315,0.8061458592452014,0.8536688317070301,0.8844829532148656,0.788444248111636,0.8173987320323104,0.8700039296344353,0.8175268734462728,0.9088620048238409,0.8956962749562619,0.8198543272071834,0.9365894138607169,0.6906085906123042,0.6725359880779402,0.8276830132157347,0.8342000720443112,0.7462634805109758,0.8979250774002359,0.891459734537897,0.7464479030732898,0.8141299037775461,0.8526339600365354,0.9385070691541944,0.8443092110285694,0.7881644951030905,0.8043756887251643,0.8408220237443206,0.7545144029764012,0.922951127908396,0.5778028800842874,0.8443669019857178,0.7382426267006982,0.8345125895299097,0.8915023110505688,0.8491148995056007,0.8760755105750716,0.791774389742426,0.9006275547782571,0.8497337274674844,0.8836093025181297,0.8390968169293971,0.8074541803826659,0.9136486112887243,0.7730752972577548
0.8041189913428688,0.8065506421624784,0.8658955799422916,0.0,0.8479535172553327,0.7855751465806561,0.8908096458353417,0.7920030105362682,0.759110770125915,0.82528172625725,0.8443214698584378,0.8526926330426541,0.8070574010624186,0.8123446432454315,0.7962340567667973,0.8226592692801173,0.8484693153156092,0.7553527107494215,0.7646521137998668,0.7660940890025524,0.9015086852873921,0.8738498372701361,0.8280105358112178,0.8570985640764446,0.8520491938530551,0.8337485084861618,0.7937907560226275,0.8321827050537925,0.7742968795977334,0.6733664023929355,0.7916466250674418,0.8293560708129462,0.8294967698943548,0.8600935835566197,0.8524759443639853,0.8567057911428831,0.8070030944360066,0.7319888246622349,0.7339287350809913,0.8990497910045822,0.7313893555299601,0.8892175901812117,0.7708892494243703,0.8834814928949339,0.8703631114938992,0.7368148089887685,0.7512429478421901,0.8074189185112484,0.8671005848659494,0.8056024409473475,0.8737434762419215,0.8360676467767248,0.6761295698771626,0.9398848335185707,0.9092775969154664,0.8090410333362587,0.7822335220544412,0.8970664985291302,0.8329597693401741,0.7908512735409606,0.804227884916746,0.7282431468229594,0.7552931810892954,0.7807154495197776,0.7526581296330621,0.7444652075876901,0.8503631504579495,0.7779965184395605,0.7781435212919067,0.7795800456231411,0.8084240526098948,0.7598970266548261,0.8623405124893906,0.8937914595204541,0.7266359819922427,0.6943149350480671,0.8671379955975681,0.8459318318239193,0.6572596196569175,0.637750180844244,0.6675281806396138,0.8969228413205531,0.7027915565934924,0.6607862878038584,0.8897439335729946,0.7318475701190371,0.7863020184520791,0.7948708845577602,0.7259067590921949,0.7169921720513589,0.8878008404618276,0.8927052850947697,0.8015484975260254,0.7331765477376825,0.8946888807375726,0.7972155529416605,0.71937743299304,0.8857307549097568,0.7648526863333386,0.8600191918870755,0.7346854533678602,0.8600982987836419,0.8430225379694987,0.769701603992846,0.8002165567674643,0.7703369992407851,0.7943464189985411,0.8104046681432687,0.7644362762376975,0.8285189989979485,0.9318349657873636,0.8448380563069653,0.8500061491437754,0.7500815422199396,0.7167001011764362,0.8121920582213148,0.7181514217222894,0.8123085273455123,0.915600102657822,0.7814089467299863,0.8151554353851451,0.7780743858525441,0.8068047340005974,0.7920324313354612,0.7258696154230412,0.7492059219813396,0.8269593502146256,0.8320615804706407,0.8663720492513788,0.7378786513118468,0.7016653638183357,0.787108092702829,0.6556841970544991,0.7395788565140334,0.79653398519868,0.677118401396655,0.6355596773804209,0.8447074424412095,0.8394850347743567,0.6889564879241591,0.7087626506559338,0.8051694246374036,0.8999713526218451,0.867253580588351,0.7977754204779789,0.812500206965236,0.8094622385326538,0.6307656578557705,0.7951382488725098,0.5889020977056343,0.8447057444891342,0.6385853226857986,0.8544622586029104,0.8128262321676006,0.8615985661469816,0.782719560675822,0.7433445310284866,0.8506759735408311,0.8516139593959484,0.8493928251714636,0.6765928753174695,0.7268710526275118,0.7927589237506045,0.8098389899765744
0.7272407717216115,0.6744757496331805,0.7832645276099378,0.8479535172553327,0.0,0.634941159291039,0.9336543425944629,0.6622327640235592,0.6879754231293168,0.7504548951248353,0.7585373879301729,0.748156116697599,0.7196726296230144,0.792530083434151,0.7382356384314093,0.745827046080503,0.7522341267458268,0.7089163695336986,0.6344790760875407,0.6867465006779515,0.7951807892897437,0.7935299583879591,0.8838630320195205,0.7468055567508285,0.7639646572444763,0.8597979364768787,0.847687074238429,0.7020223044417432,0.6735747264205598,0.6383915096724361,0.7187169767280482,0.7795508763259147,0.6989634865927584,0.8218094416775155,0.8073820886011558,0.8751967760801641,0.7555100864403269,0.6727112264583799,0.6695889104516353,0.8434655463379889,0.6347145027369369,0.8484438403842841,0.7621226072604159,0.8021193946096729,0.8218804526592608,0.674095850353619,0.7484451544425906,0.7483787800969608,0.8831357749948894,0.7958023681788607,0.8288621610705185,0.7166382369411258,0.6037408854648244,0.8031669926822176,0.8780500191327214,0.7131649862083232,0.6928517168485722,0.7850895932448577,0.8355206402397634,0.7391734764735706,0.6550302774575877,0.7096504638798661,0.6641021392860923,0.87356032626479,0.7051850916348484,0.6643773016968666,0.8187154198292416,0.7525510735484808,0.8107912793227017,0.67207705950989,0.7503830657974838,0.7464474617196579,0.8437914144072649,0.8338241718934655,0.6106009482800182,0.6242143279719095,0.8725225668025004,0.8886890848993154,0.5813628093510348,0.5364605076627742,0.5666902209024006,0.8365357284794105,0.6100431246161492,0.562359854121828,0.8356812375715631,0.6254949444180153,0.6997683325269477,0.8336595783448387,0.6502749493462328,0.6249798276011052,0.9397543050457612,0.8873295861491419,0.7694346881309723,0.6311909786580469,0.8567495999085327,0.7082329388550075,0.621131060397541,0.8036017390029037,0.8360477607050385,0.7876408188381494,0.6838738009087901,0.8514095674078104,0.9172454242013014,0.6939502249119298,0.7487723376854847,0.7142970640390751,0.7193215648832265,0.7026676982882772,0.7198908503813728,0.7227979647189512,0.8760201652427856,0.9304850833494017,0.7616560625785093,0.7023187719623404,0.6368250438215488,0.6776513703115404,0.6208689018908959,0.8622017677870284,0.8219068870838077,0.7535561402863595,0.8385504499518436,0.7045454838483766,0.7219728136696806,0.6808866752630007,0.660885086085845,0.6349392985856236,0.8343004124854894,0.8238462401817758,0.7624549101182009,0.7208166816619773,0.6122618089434665,0.6724327095639175,0.5691879576461848,0.6401803652226307,0.7085701473472993,0.623565072323936,0.5659174644416959,0.8439839517826236,0.8315454162237317,0.6420364407887854,0.6097481406345002,0.7943282197374266,0.8395625271887127,0.9080575827465319,0.7673436454771898,0.9044874225071178,0.729839602583514,0.5552536690483504,0.7302043648312287,0.5586093406732487,0.7384841161011505,0.5585257844472182,0.806997042748618,0.8698372125338542,0.7115789823488785,0.6935949136313865,0.6262538683532091,0.6979456416079852,0.7429504406772037,0.8082096252919406,0.6088979654319149,0.6287336512837468,0.7184695193138972,0.719679304833347
0.9307899521909047,0.9710683829777826,0.8777365386761801,0.7855751465806561,0.634941159291039,0.0,0.6891793642558743,0.9454068157565895,0.9227591259327056,0.8804150352361174,0.7844844251152497,0.7195426456285534,0.9240822008276267,0.8314136365675832,0.8532573661143847,0.8953425317203176,0.8938114326223058,0.8602808121581774,0.8534717775281577,0.922894608298725,0.8649937585769802,0.8729345891169296,0.6369208997904873,0.8505085767791328,0.8779095810139397,0.6906247973593842,0.6384861575126337,0.8952578746673128,0.919206017185637,0.766584867137435,0.9057707496343729,0.8647040615321976,0.902907787283259,0.717270921325434,0.8732608753619099,0.7340515021402891,0.8388482431916976,0.8920556086102173,0.7003208485603416,0.827532888934696,0.8390735205539835,0.753789487135392,0.814788643139411,0.8754178308788351,0.84279284742239,0.8549433567332329,0.7990528078080189,0.828995113313683,0.7557470770856121,0.8113789458862043,0.8273313026039908,0.9285783182829219,0.8428033510334246,0.8773917385318857,0.7990580291661055,0.9224499007818437,0.9030102042807014,0.8057211842996634,0.7834514900834758,0.8361957209586691,0.9751185519233869,0.7988264957621781,0.9086778322589186,0.6721624668629328,0.8516128935296055,0.9002868306635872,0.757215687869363,0.8429943447581276,0.7589530463740614,0.9333886348277236,0.905874176626989,0.8502231285478173,0.7565955741795986,0.829282345834723,0.9370372135363093,0.8961954352097364,0.706343199194526,0.691145919540345,0.8423320653430307,0.8955704653918304,0.9251581840196134,0.8332525152656055,0.9298891493092315,0.9235556577444761,0.8264298785296658,0.9283556072299899,0.8362499737783277,0.7492038949809043,0.8821905009367471,0.7840942779788561,0.7213620424715614,0.7690681555755803,0.8326831084214632,0.9321498493357625,0.8257476403864721,0.8831038933246599,0.9017375672088398,0.8265786555844449,0.6770148184832834,0.8596839269689411,0.845002963316926,0.7666537153572175,0.6462412755475959,0.809930594422426,0.8730460477678025,0.8630233488013538,0.8489317359281257,0.8493762675997016,0.8357172302185688,0.8587060777058638,0.7296113790316542,0.6687355276749698,0.8730018456098235,0.7181476399848368,0.8925542722534202,0.944350628904495,0.916055237177084,0.7464398116977512,0.8218320307411937,0.7460380557394304,0.8008076121823687,0.8160891488626442,0.8539718797533752,0.944557340817744,0.8825162357050917,0.9368598487162678,0.7286195317195026,0.7616026332277148,0.88043109682296,0.8421657925783307,0.9315087747451152,0.9447814974516793,0.8325162651241851,0.7573402985303673,0.8321605988545775,0.8869343541676304,0.8705677008935205,0.8170108202991014,0.7708335537718743,0.7887377208247672,0.9071425551054652,0.8059120920420224,0.8291481957153185,0.6997149279131106,0.7785743700102256,0.6507629583557284,0.8646441768269455,0.8300044517630948,0.9003382611440225,0.6257406600495271,0.8844651938962014,0.8478948899737576,0.7425875782890545,0.705446053444999,0.8749243447210137,0.9079558348228219,0.8785108324782961,0.9529146851000376,0.8944776916792221,0.8143255726726335,0.8564541938919885,0.9470127666307491,0.9244461788964227,0.8033116233596915
0.7806704676882295,0.7119338689780714,0.8273775085640446,0.8908096458353417,0.9336543425944629,0.6891793642558743,0.0,0.6949086582819634,0.6978879073078664,0.8379788490046152,0.7907047221684096,0.7323072766984215,0.7966608053960903,0.8527417983137936,0.763656357911685,0.797743177512525,0.7969125933476121,0.7546075409911629,0.6496748956125069,0.7153435681778422,0.818843110022175,0.8187769068500909,0.9072309654231493,0.7727205453090729,0.8326647377715499,0.893500183157987,0.8692293634291877,0.7552857443666638,0.7216528438168963,0.6504031018521738,0.7421456622176826,0.8582484187968707,0.7301961582220369,0.8587460393851838,0.8343239841900225,0.8631113605503841,0.8318857768840364,0.6794686549380053,0.639397323136378,0.9060921196443039,0.6313967283948814,0.8876871583423472,0.7985563636671086,0.8385325915329829,0.8690438864821901,0.7166125508300081,0.7884658023601586,0.796258146234127,0.950479788960136,0.81134603611802,0.8832256297034318,0.7499749196756119,0.6312688303123888,0.8369314270767587,0.9289825311701297,0.7796938884788819,0.7236570627400976,0.7729446186070653,0.9027675095339791,0.7698310616231178,0.716223955149254,0.7492938645687133,0.6992447673150763,0.8605228994384156,0.7389497699843178,0.715889697789784,0.8958853661194873,0.8308154512552562,0.8561898093609959,0.7219572602312417,0.8000656326437707,0.7853389904650059,0.8990469418757149,0.9021448021754682,0.6410351931705218,0.6834385286174955,0.9512073473266549,0.9356709145210852,0.5983901975634147,0.5888107868366999,0.6093378532867493,0.8530139644310712,0.6513817796207824,0.595798791442622,0.8697313076746269,0.6370293512161666,0.7600337936065783,0.894402708184582,0.7072095229903544,0.6459771410753081,0.949242215373447,0.9179697373636988,0.7980293758043555,0.6763350783649302,0.9066238130003397,0.7570422038907054,0.6426943196721018,0.8352907809540937,0.8302019871547305,0.8622270377577692,0.7272055363409338,0.9233726273371201,0.9433977726471529,0.70949269785556,0.7799193347389681,0.7553624738796344,0.7642400201314715,0.7391217802230154,0.7649670404792359,0.7785937092025222,0.9182676131867316,0.900671580942418,0.8467766513670633,0.720717466067983,0.6702910386024522,0.7130586643298177,0.6659999271582476,0.9109090421786786,0.8818864748592868,0.7818499988423867,0.8190226435326625,0.7314577039735629,0.7609782055407058,0.7394699281550383,0.6899234616176344,0.6812534548458674,0.8738331079727678,0.8431391707189626,0.7969806564473275,0.7603249060412093,0.6434486855140683,0.7057621139162046,0.6149297549830846,0.624630129854329,0.7219298339561943,0.6540098752973436,0.5909540910252836,0.8645052270580131,0.8450015838929218,0.6454111784674706,0.6568292733140851,0.8415225506347845,0.8852006286909183,0.8913313618829604,0.7982772126520238,0.9350808320287923,0.703832283468855,0.5950644671912728,0.7696545897748899,0.539464007392524,0.7676501756084662,0.5895033480589342,0.7796864927350542,0.909260342531092,0.7349165837530875,0.7500742329862824,0.6829548060314519,0.7683541574872228,0.8052824857966135,0.9086437623350867,0.6612127842862571,0.671278979888615,0.7533098807272238,0.7275694712779077
0.9257637018300942,0.9699858790220894,0.8913342078229893,0.7920030105362682,0.6622327640235592,0.9454068157565895,0.6949086582819634,0.0,0.9116710857366725,0.8827603710725526,0.7409647166458788,0.7432013862405767,0.9046433062438697,0.8210728741664135,0.9015735575921491,0.911686612402262,0.9404882559698012,0.9060868734935934,0.9120676870578164,0.941474599066956,0.8936649747509204,0.8599532971249433,0.6836088051479806,0.8508107538595658,0.8567754621004839,0.6861500748741448,0.6798857320422157,0.9310224126716405,0.8895816740592867,0.8408689201149548,0.9237394037406002,0.877549626990943,0.9409568369919045,0.7364075687659242,0.863944585189651,0.775720530912743,0.7854229971132043,0.933015479392855,0.7203790340905677,0.8565043086520054,0.923894247305218,0.721647787277636,0.8726175219253349,0.8386079445905931,0.8726435001580692,0.9291923221912867,0.8498536823875397,0.7663854078606669,0.7704427417174908,0.8787451648148354,0.8676118759933196,0.9630008309644048,0.8989141408140693,0.887950264316562,0.8109339905019168,0.8558063378514281,0.9614551834530997,0.8561962527414062,0.8041644368432149,0.9132615840857908,0.9339206438777666,0.8394223096053621,0.9513504499854433,0.6927697873992067,0.8940465104466958,0.9307857400286665,0.7172133643799045,0.8153690240251001,0.7943276581177342,0.9252165736031881,0.9007740898473329,0.8785535689856971,0.7275038875331021,0.8502993590905141,0.9743921620582576,0.906548463983646,0.7051290375344724,0.6892516104800326,0.9194024439220999,0.8132264777278916,0.9073869046318818,0.8543712280924386,0.9207280150374532,0.9156222366240471,0.8576146410002536,0.9655848657188728,0.7577215793601112,0.7809759305740428,0.932173821096955,0.7183961859798622,0.7563882520096697,0.7858413732584116,0.9003229558549266,0.9545231653016207,0.8230642197532698,0.8176933632379337,0.930776843629223,0.8313021062333775,0.6772715124874985,0.884823615389165,0.7998514622965595,0.7960300298157126,0.6652027357629415,0.8613020727441891,0.9235134054291007,0.9286987061908607,0.9180350272949205,0.8501560572335409,0.9039213356481469,0.7998977511937143,0.7175408398101545,0.6936037932367125,0.8121924741368324,0.7129909203070466,0.949830667648642,0.9824149515474223,0.9521994616094276,0.7738928617360791,0.7985246006974235,0.7238429628986599,0.8321898760317187,0.8676051455596285,0.8079932502782313,0.9520995641986151,0.7993529128460988,0.9402329433246669,0.752360221524988,0.7876074726135889,0.9024885812748239,0.8809748025687139,0.9399791141103812,0.9516209623853861,0.7616837351547386,0.7115280442408795,0.7925367992949974,0.891011215423508,0.8899730190945601,0.8555097699925366,0.8160967826428528,0.8823872767139214,0.8961229187743209,0.7833682735542318,0.8591821941053055,0.713692770598051,0.7321725498401565,0.6590625594422586,0.881816788712111,0.8716929272370346,0.922488653213157,0.6378916916256165,0.8662516487082691,0.8760393094432686,0.8038727322801839,0.7449064066979225,0.8999811880665399,0.8550619443587457,0.8248633989512927,0.9236597740637511,0.8439013297164816,0.8095281469132116,0.877575429759771,0.9006006347394003,0.952017343452392,0.7598238581901358
0.9231557498437446,0.953578320024962,0.8441796355385791,0.759110770125915,0.6879754231293168,0.9227591259327056,0.6978879073078664,0.9116710857366725,0.0,0.8361919754366347,0.7832313576864858,0.7310992824441934,0.8782556568831313,0.8292839224519908,0.8909359004990941,0.865977091839644,0.8576425450937015,0.858311865134844,0.8428927136784866,0.9232126624142678,0.8452572962052142,0.8939038830870414,0.645926344341423,0.850813618759065,0.8472462857452915,0.6771290601287809,0.6591688184144002,0.8496519804512197,0.9008228462992477,0.809784742314014,0.9525090860100199,0.8386317581059985,0.8881339581645434,0.6988150077940044,0.8987988211840549,0.7533577800054571,0.8212664145300361,0.9164371582401086,0.7642719747180226,0.8134868586946815,0.8445523912997396,0.744418288199006,0.8203797564829425,0.8768040038096918,0.8311190773211883,0.8351573387096464,0.7923897223256142,0.8178384703301512,0.7628771508822795,0.831097814340668,0.8218183343347724,0.8839187502553439,0.8350580998327083,0.8624562814651258,0.8064719197334809,0.8800431466086659,0.8996390242170474,0.8073417506889982,0.7778460723105013,0.8405730088984995,0.9109321762776968,0.7916707074115981,0.8750785005809575,0.6951527995154473,0.8601490664801903,0.8641227509345785,0.7399568553300251,0.8263881258084061,0.7581027494024456,0.9089187045013185,0.9034791673895275,0.8713478715142112,0.7378276945187974,0.805703609905358,0.8973869185344705,0.868138162974444,0.6965247219049184,0.6980837855326066,0.8206304109928343,0.8307182961641496,0.8623375908805316,0.8566665941780918,0.9265867491411347,0.8694189599265278,0.8094604116138125,0.9184096595740777,0.8043639192947911,0.7571800909302226,0.8469953987142935,0.7894397643926805,0.7390064999540287,0.7839666774311614,0.8582945711118208,0.9059717628324524,0.8264357272648818,0.8742558093111722,0.8902881440633263,0.7891959074505966,0.7057557204439399,0.8231653764475392,0.866724208205993,0.7560988357842173,0.6437165179042722,0.7945119347005282,0.8731544783289624,0.8332192672573765,0.8137071568795361,0.7988888633007895,0.823767806937603,0.8240630693066491,0.7192154828727656,0.6939712765324425,0.8229027929884795,0.7268530558478157,0.8684521862174722,0.9040952396703907,0.87099693576001,0.7756223947144767,0.7692705307477524,0.7381027316357135,0.871528351984417,0.8012917944326154,0.818387451713735,0.9205370073191748,0.90746710712777,0.9060912515636003,0.717887667808123,0.7827201854798097,0.8361162226822109,0.8544074123825415,0.91177428923627,0.9012104283778104,0.8107006280175657,0.7881756715046726,0.8435814807376631,0.9010440328260113,0.8640699326479716,0.8497866637622239,0.7796248236864731,0.8385895897818068,0.8734285874144787,0.8060053608980788,0.8327985382276032,0.7237333529210875,0.7845086622155698,0.6525388047106352,0.9361247860490131,0.7976484536854825,0.8783388154522735,0.62447977406462,0.8973557090819702,0.8329100794081012,0.7817483883751529,0.7091903777553713,0.8340436967687024,0.9004057535263054,0.8508892310519023,0.8804520651561392,0.8883972200352498,0.7885148358799012,0.8101168040282533,0.929707843379994,0.9248491039641326,0.8293162901863956
0.9517664602949737,0.8814477267304762,0.9416956750687538,0.82528172625725,0.7504548951248353,0.8804150352361174,0.8379788490046152,0.8827603710725526,0.8361919754366347,0.0,0.7690220459716433,0.6810593788363993,0.9662673199995361,0.9149792498760129,0.8946580260169931,0.9280698292036165,0.9316642775729725,0.9440569965481317,0.7729486115723954,0.8823923833619499,0.8787549587121488,0.8815454281542014,0.7757322654660069,0.8237283015046905,0.9310980174055591,0.792112117368955,0.7603140061514404,0.891181243329686,0.8772938171496438,0.7748139797457286,0.8692269980786459,0.9674904611567339,0.8738884655749286,0.7774201307586688,0.8953157830481666,0.8062804261170704,0.8884706739367659,0.8446287235167981,0.6185304357301268,0.9399334677449124,0.7759474158560673,0.8093694650946699,0.9366004831898141,0.877994048116865,0.9216295889124826,0.9069172226200527,0.9237069699162777,0.8311246524252784,0.9009827009456924,0.896753218899953,0.9373024125592703,0.9119623430423277,0.81847490618846,0.8719811291867522,0.88682307122668,0.9007844003874144,0.88823605310632,0.7879411733446128,0.9385478840128795,0.8822029735729395,0.8846367475287021,0.8678114223009907,0.9041860294646553,0.7714439599776655,0.896661075415455,0.9188225484613416,0.8285896569229924,0.9578373128317784,0.93231569307723,0.9181328089224511,0.9468319451968907,0.919836900754342,0.8343070920914462,0.9388684385562036,0.847912787235645,0.9061974935115119,0.823543432180733,0.8062032954912757,0.7955340544355315,0.7649507125444801,0.8415847730139586,0.8723664568020335,0.8613077538936287,0.8135795005961696,0.892091415722965,0.817816318079837,0.8073396650259411,0.9185133083759479,0.9179456313026584,0.6717207413729732,0.8614116767505715,0.8593793677047534,0.9067549628533677,0.8748494453266638,0.9103522481946753,0.8584923485909242,0.8093228795398513,0.8635493160023803,0.7411920475993511,0.954842946728116,0.8057320718964505,0.9060309920197567,0.7935819190065728,0.8527040265438476,0.9195789207171189,0.9276388665871887,0.9053544480922461,0.8446258021458435,0.9281108590303426,0.8308109224471623,0.7863406874681095,0.7602746780013885,0.9110825689675909,0.7050554507174873,0.8782088769377474,0.8834913205486503,0.8885896054895355,0.9001735378252178,0.886175967779884,0.7706365836392995,0.8312296767354113,0.8489806385449247,0.821184740534334,0.9260919552410581,0.7915330724208994,0.8765150568062199,0.8321615905147911,0.8053326389086117,0.8892913203359882,0.9324665290666923,0.8524831389606662,0.8782332019246816,0.7251670647400573,0.6249031395736296,0.7616765322791261,0.8575361040559434,0.7923638679279297,0.912348843356713,0.8696651524233362,0.7777119519563194,0.8735740061208966,0.8553174409958906,0.901022096083158,0.77302604005464,0.7834048798490774,0.7953583839487197,0.7719643781715682,0.8074806676597375,0.9430613528943279,0.5592104047882576,0.8321929460250231,0.7924104104129044,0.7506739702645152,0.8721643277584012,0.8388988727418458,0.8780981214731188,0.8014127625063829,0.9246702306181459,0.889252236374888,0.9340944611286355,0.8938754702374477,0.8539402382792666,0.9324646059674827,0.7371050187719285
0.8075337182340235,0.7813702779572477,0.7909196171429963,0.8443214698584378,0.7585373879301729,0.7844844251152497,0.7907047221684096,0.7409647166458788,0.7832313576864858,0.7690220459716433,0.0,0.8470426790195859,0.8159867699815808,0.7777195018280467,0.7145813492642814,0.8456762379843618,0.7907682927720959,0.7005378654201536,0.7196962998383398,0.8039248926643977,0.8315042525684043,0.859798828750796,0.7632584055236583,0.9115384086520918,0.8957903181709113,0.8267160075378714,0.7514367433627765,0.8300613663391753,0.8080362342066228,0.6559576926678483,0.7838465276530187,0.7733836330713992,0.7077516449111488,0.8535118846192266,0.8688289192808596,0.734178507501184,0.9097698974308502,0.7404807847867572,0.7693030134553662,0.8243584352737322,0.6359299887957117,0.8980525177360474,0.7019073234747794,0.9052230258245263,0.8270598851475569,0.6588557695479189,0.6504744585613762,0.9457276454772083,0.8453444173250784,0.6970440157215089,0.7470883497108908,0.7482552796413536,0.5993772851624254,0.8321800423387347,0.8489433642198879,0.837787997741886,0.736658701574519,0.8140828702870632,0.7433129254099387,0.6902310795495004,0.8208843258451983,0.6296346894660901,0.6811950634480711,0.7363638185644459,0.6732996695955537,0.6936721998652519,0.8841045984515141,0.7591966486781634,0.7027369293890456,0.8037728013862079,0.7695982778258514,0.731949490229397,0.8548699475221037,0.8008682253770002,0.6904174744988971,0.6769398860301935,0.8264001146450394,0.8160491068908153,0.6244287686582375,0.7357460449300363,0.6545757966699925,0.777762802464152,0.7098046107559239,0.6846745772287125,0.8118278684602349,0.7337035813234399,0.939645770141563,0.6948537121097303,0.6685465160461067,0.863534751748904,0.7571737630422135,0.7524227581286426,0.704099583761832,0.7134054491923923,0.808890218281852,0.8462571450117795,0.6613109717483352,0.8248108488058392,0.722204908012469,0.7604546712253492,0.8298647786263422,0.7855836048206085,0.7158112530309032,0.6780916176830108,0.7083671992658671,0.7028967914880578,0.6872753596167216,0.8773791219845639,0.6634266304938404,0.9487336730489134,0.9047722840707246,0.7813056424716975,0.8654915170752896,0.8374061731486828,0.6615096627133442,0.7801455234083492,0.6787865793837828,0.8053961368380337,0.8640940388392588,0.7592950032020772,0.81954855458619,0.6502734531485216,0.9115201517461241,0.7636592655068901,0.853304828038771,0.7459912242148212,0.6958837095191676,0.7966884656590311,0.8159389006483425,0.6846950092684402,0.7024411436817585,0.7547886959437744,0.8211788406511266,0.8243500340392929,0.9223546855172038,0.668368796798857,0.6799005974083754,0.7868395953820225,0.8469929433162288,0.6424687673054371,0.6752129851763183,0.8164416273424435,0.7683825843621676,0.7478287783264098,0.9377504663050191,0.748510521663994,0.777255530787883,0.5811352355185134,0.7974970721463102,0.6168567656889841,0.9214034353635586,0.6002571141066217,0.7917783850840246,0.6949181391594783,0.8279405571014986,0.8804698820874671,0.8827154954895617,0.8536665294403203,0.8792552339768446,0.8054931723948779,0.6216417977178601,0.7846964311121994,0.7308900851104608,0.9664798541105031
0.709053372408444,0.7513850120174833,0.7132854271768643,0.8526926330426541,0.748156116697599,0.7195426456285534,0.7323072766984215,0.7432013862405767,0.7310992824441934,0.6810593788363993,0.8470426790195859,0.0,0.6942237203492178,0.6799993667804412,0.6936055467093121,0.7653289580848484,0.7552643479436474,0.6417508324671614,0.7852861740414838,0.7333650311751108,0.8039972725505216,0.7568426813976629,0.7733357354948799,0.8389107153360185,0.7742626701685372,0.7280601585102493,0.7437987999590635,0.7968732871936395,0.7384999131506297,0.7021935981387624,0.770385094974376,0.701102682813613,0.7273907846242375,0.8518248614205595,0.7807059343459899,0.7585018175207607,0.7260580061455122,0.7149059117702363,0.8818568495494586,0.752631963644577,0.6987659714881815,0.7743500519299393,0.6574083240365652,0.8054771771722286,0.7683319218760014,0.644229398018369,0.6206788295831018,0.7566130361503898,0.7547447065688161,0.6858651804515856,0.7159137450697791,0.7305214612696639,0.6008829516529256,0.8193200354447983,0.8065726928221524,0.7156005328173356,0.7219479826994011,0.9214812004502454,0.6620950134371479,0.7049632245425232,0.7283769162500405,0.6145469566533102,0.6538370337391161,0.6938985699258544,0.636063719464794,0.6404865773208624,0.7238373635200468,0.6262521981442616,0.6256786668946792,0.7092790993960628,0.6763119028040738,0.6709156252769551,0.7236357448555147,0.7299776305421029,0.6780364271111217,0.6207305364449923,0.7362838094819464,0.7549861195352947,0.6358951130776802,0.6366966238991421,0.600767973280888,0.7502276700545237,0.6584262093089527,0.6347815300015854,0.780264768105603,0.7263950544298255,0.7472282740769495,0.6390237910139219,0.6453746839761031,0.7744855312510239,0.7335465063204989,0.7508336053564442,0.7085332952967931,0.6783465833500747,0.7230067741133918,0.7364154945898244,0.6563877965451228,0.7974447755373042,0.6905213572863255,0.709947435006978,0.725472860738919,0.7201503588050103,0.6876786674894526,0.6972058574891263,0.6887044651882488,0.6744893378318831,0.6808387573829593,0.800227831876878,0.6446178674721997,0.7840123590704843,0.8498567104080939,0.7620454516419607,0.7086844062993536,0.8083671101545986,0.6493481599796662,0.7668077150197771,0.6569049341929848,0.7210309689250791,0.7632683349577662,0.7113844020225052,0.7751488957418037,0.6768645277623275,0.7755452698074279,0.7155400458641096,0.7034912310059033,0.7165857677499646,0.6728526521377444,0.7955201740030747,0.7971479159891265,0.622317817714141,0.6728672849757451,0.7040868261623292,0.6890246071976239,0.8288014172126913,0.7985821097117735,0.605462082833926,0.6449465005788789,0.7395423888368479,0.77272635232044,0.6950644652069189,0.6223563517115258,0.721566546507253,0.7496895710152575,0.7320933468472043,0.7832508324693557,0.6804231010914568,0.8000389636020393,0.5706430579909463,0.7258195671639487,0.6790079303808708,0.8465412049398191,0.5949100328722952,0.8452537960676584,0.6515095280204163,0.8503436565277838,0.7201095073578597,0.7398488204545028,0.7744113118121551,0.7596699354291152,0.716392174009349,0.571106891401155,0.7022965721504895,0.7000753962572751,0.845509597945427
