0,1,2,3,4,5,6,7,8,9,10,11,12,13,14,15,16,17,18,19,20,21,22,23,24,25,26,27,28,29,30,31,32,33,34,35,36,37,38,39,40,41,42,43,44,45,46,47,48,49,50,51,52,53,54,55,56,57,58,59,60,61,62,63,64,65,66,67,68,69,70,71,72,73,74,75,76,77,78,79,80,81,82,83,84,85,86,87,88,89,90,91,92,93,94,95,96,97,98,99,100,101,102,103,104,105,106,107,108,109,110,111,112,113,114,115,116,117,118,119,120,121,122,123,124,125,126,127,128,129,130,131,132,133,134,135,136,137,138,139,140,141,142,143,144,145,146,147,148,149,150,151,152,153,154,155,156,157,158,159,160,161,162,163
0.0,0.8265953943018107,0.7164693889560666,0.8288241639570175,0.7768309968943332,0.8530289806122451,0.8746978695701677,0.8005051795784752,0.8657637273187954,0.7493953751087281,0.8608945495338362,0.8126219254846199,0.9359939315011917,0.8585710728140884,0.8855037129874386,0.8432554130905479,0.8575794795366112,0.961324534350137,0.809706452559423,0.9438125368045706,0.8464104805720952,0.8330109707261583,0.8219031298640126,0.9251204648225148,0.8866239624926887,0.8297974414041432,0.8320073594034736,0.8644870217707656,0.6916150804064366,0.8307970176136418,0.8931497227685976,0.8605945289509668,0.8182705338272477,0.8985911088703881,0.9274505804515275,0.6890506360328569,0.9617565891521062,0.8200718798583031,0.7779144268768168,0.8991577602355352,0.6972951281298051,0.8754724037887971,0.8219898293601576,0.8498258973037188,0.894150181188967,0.9053431019706545,0.7566507887719196,0.822563678428318,0.8853983742958246,0.7827682164619956,0.8485890156606679,0.8540669122714655,0.7896962087427637,0.7913050185409388,0.7471786980392519,0.8309165459669277,0.9061012824711611,0.7961847748117538,0.7951307860199616,0.8455192912470192,0.829927783725004,0.6998234893555983,0.7663591535039009,0.6420382188425832,0.8520547391473393,0.8782607169656057,0.9387567963508382,0.9060416303364037,0.7568073102233487,0.8628036624451563,0.8984992142848807,0.844848635929177,0.8068856861422858,0.8890443687342531,0.8276749436104489,0.9206724198467058,0.8343393640505984,0.8382343991895731,0.8331111981197789,0.7953495393982738,0.7571055968574073,0.8937170981402771,0.8716377680471475,0.7722449910474779,0.853599653386749,0.8540352227485253,0.8656287494068844,0.8138441445670629,0.8998692563284962,0.8597539038049833,0.8416167317326197,0.8589245158993823,0.7532325812822863,0.8748801658014685,0.854169286010876,0.8225412976894881,0.6914109096151139,0.8036050116101534,0.7049513354493914,0.9223833082709793,0.8546329474932184,0.7591990570398837,0.7332586626540527,0.6963480903899643,0.8083712397558671,0.8707201825626613,0.7482139431029613,0.8546860465395776,0.8464375604166818,0.8916104303154944,0.8819594335744585,0.7901034945553098,0.8760689503605359,0.8318922097340707,0.875413688307153,0.9063947652183665,0.8906362556555893,0.7870735750352353,0.7173664216542082,0.8597166726124638,0.8341998025295,0.6774047023999807,0.8762946997204615,0.9354791898271851,0.7968855515796011,0.7929664897847437,0.7119942354767239,0.8475927073483259,0.7104944169932191,0.8212794983405203,0.7913382951168362,0.7672419890426426,0.8481396832961344,0.8946795119303924,0.8188798947425673,0.7679810823679586,0.8987420103061354,0.8917250224416066,0.8252101032134335,0.8134026191228853,0.7921074541343771,0.8126783476138227,0.9156825759319889,0.6543078712701808,0.8581542674317633,0.8756140082409755,0.8043849802536214,0.7954575760836872,0.7638412286828822,0.5695858317657827,0.9238653931591428,0.7522385756090916,0.8228995950990465,0.7409468156802248,0.8250874378512149,0.9407102403690452,0.9280573888826683,0.8894552690509329,0.8600622913954996,0.8055097466956465,0.7340438641491919,0.9143539096234826,0.830030437310149,0.9623129846926457
0.8265953943018107,0.0,0.8939939213962804,0.7746814967570567,0.7934369763967117,0.9203971908393519,0.8401919469425182,0.8393106678973632,0.8131073798296182,0.9588287232567604,0.860202754685926,0.9410690176273674,0.8739173478689916,0.7917420001470286,0.8909219601293082,0.8847877003635739,0.8732125878462739,0.8381363825079373,0.8468045851111748,0.8935584323918296,0.8971875673270855,0.9528032503483094,0.7994595547721639,0.9241600091913247,0.9626207469359653,0.6966420773161833,0.8281873682399935,0.7974766421560981,0.879969984490122,0.83240653767397,0.9072591127852401,0.8588753971414412,0.8586242688948461,0.8220699934406673,0.8489687243598039,0.7833581337485094,0.866594599371275,0.826245755639685,0.8336728737376425,0.8382501371978245,0.8257631682990763,0.905026857625337,0.7779275711880277,0.83340174972301,0.8929777206902021,0.8125541150152297,0.8129721007642463,0.8323976703935878,0.832412522482672,0.7453450155099025,0.7465486661320397,0.7673469341083898,0.7528724312590668,0.8595795033328567,0.7937231070168009,0.8492474462841595,0.7631451711009322,0.8611352531690506,0.7900358265542832,0.7876641785718822,0.8014389746833859,0.6176319555040034,0.692172519848434,0.7318955333448957,0.6962607400553888,0.7003677162785642,0.7889505226566761,0.8298954849372905,0.7923565493681336,0.8294811235966177,0.7644225129486661,0.7424529888427771,0.6512396588024018,0.8268062368184708,0.8858427686527934,0.7760699619808398,0.7451726689698823,0.885079012278117,0.7303160450769373,0.6751168533151006,0.811872750724912,0.7626597355695947,0.9230240041498712,0.7742205659775852,0.6795322617919353,0.8949529508899903,0.7612293674643428,0.6935702052011149,0.8325411584854615,0.8333327324360812,0.7392114824576306,0.8628418818451381,0.794006480316209,0.7083525044757597,0.6986723050612226,0.9616167347065138,0.6964249890671295,0.9156688214919831,0.6170071346305538,0.802567821300292,0.7917348611491519,0.7292290932620425,0.6455235423716256,0.9073837712145064,0.6957367192090319,0.8275454096981131,0.7591084946536297,0.9729998312929578,0.8671906759653328,0.9519424012338105,0.8415908919098088,0.6514375615258773,0.7345697058877745,0.8230378695105649,0.707435018278214,0.8322550362810437,0.8614045078421854,0.8572131914211016,0.7972193412559468,0.7666853153796543,0.7253228613341348,0.6228073536631338,0.7634219060195307,0.8614342014200216,0.6802254979503628,0.920037097394879,0.6199257680784339,0.8718836659229796,0.8783204741402082,0.8123561223737552,0.8933602296521262,0.8000620067620339,0.6796202611400793,0.7436477767660593,0.8638619016730854,0.7286002953634596,0.9377565487973033,0.8285744428893034,0.929024404554105,0.8215434280602772,0.8142160661602809,0.8708956992069096,0.8405879950859616,0.7258377247251983,0.8848577439828591,0.7824057035414915,0.8543761903754595,0.9116352877738051,0.9655754695089696,0.7583233801481601,0.746816383973751,0.836593112645294,0.8365103536586115,0.8832620879786991,0.9522264533416525,0.8552410179096092,0.8193223511864399,0.9101401751034772,0.7477935817450299,0.6532638482705773,0.8703898859646907,0.7864078622806708,0.9446880077101365,0.7834943281323916
0.7164693889560666,0.8939939213962804,0.0,0.7310268321449118,0.791722194666356,0.9007253490414141,0.7233457790425204,0.8440490523354243,0.7149647811622997,0.9180052600229377,0.8237213913586827,0.8679030530301822,0.8222863640715165,0.7436780435620931,0.8158191152452356,0.8859745685951795,0.8296741869970305,0.7386384251244393,0.7507010244789073,0.7869684304170501,0.910330902937408,0.9496775809478737,0.6696265369724049,0.8033181885745142,0.8591319439096978,0.7363963751806808,0.7254062992935897,0.6807017487491682,0.8653623156519729,0.7281706508863809,0.8166034415047035,0.8156494166016784,0.8317844600927966,0.7054016396225107,0.7392381518019913,0.8630098630816232,0.8026311412449927,0.8552474680719921,0.815347739889256,0.7420058327644783,0.8529551899728404,0.8109383093908639,0.8123146834310394,0.8148594483745444,0.8542436037679801,0.7452533283287199,0.8049684041679129,0.8519140536855049,0.7175887791281128,0.7787970007738482,0.7281089602318706,0.7689374603152712,0.6734099910602495,0.8749210935148855,0.7981065512938079,0.7541834231396135,0.6861623639513155,0.879335513170053,0.7399358988050254,0.720553109415304,0.8025541221298131,0.7029916579532576,0.7707635255715614,0.7848571276897537,0.6593329453282241,0.686163175214728,0.7327147454659471,0.8268935454540577,0.8707093669119477,0.8139942332440725,0.771609944966095,0.6720683291917251,0.6402202803247694,0.8086022053201547,0.8864951192446,0.6450849426314434,0.7319389209346541,0.8429428033261117,0.7296770013892412,0.6104543762329809,0.8473845040429571,0.7242812361375934,0.8289244139270371,0.8130418505045403,0.6561029662569832,0.8428001741843199,0.7567623211504843,0.6669243788428687,0.7260514902585445,0.7363871915430432,0.7325423767864968,0.7651537290070288,0.7703207235185177,0.6117083581828185,0.6685178270295956,0.9275214846816583,0.783963637303625,0.8577932163853211,0.6048459771133865,0.7194350598385707,0.7154748283360333,0.7728732688575973,0.6562146012784256,0.9034426044059041,0.7131613003858452,0.8261930385859925,0.8151750981058801,0.8540573832984867,0.8140943752519193,0.8539196949884942,0.7675196262625651,0.6610895784329002,0.7116614538551206,0.774816738753462,0.6758711170066419,0.7253411088374165,0.7130651658392881,0.8062612398217137,0.8536057042171118,0.7195211131770781,0.6994339889412868,0.6810737614675708,0.6871594579939766,0.7612862351383932,0.6064975674259503,0.8952162243312392,0.6557648484674818,0.8661090197875142,0.9181961675487651,0.8391704302840703,0.7962624503946288,0.9119998013790761,0.6230924880558026,0.6697968495070421,0.8597425178228763,0.7174406532704386,0.8114645925980252,0.7560102445868052,0.8878278055910036,0.762968217935765,0.7916618320381167,0.8840516328656647,0.7234186983628339,0.8300508426293085,0.8725160187322497,0.7360477929743583,0.8409026011600381,0.8731338309839012,0.9415808667161493,0.8503073452259027,0.6697590294536032,0.7400778817950131,0.7714900906120887,0.8768742459593203,0.9079074702495312,0.7925123974828975,0.6965706225305388,0.8429633854841421,0.6429954517923149,0.598016024774698,0.8881215457387613,0.6519336857816052,0.9007634598925834,0.6826025023407593
0.8288241639570175,0.7746814967570567,0.7310268321449118,0.0,0.7560670897551,0.8095120130094466,0.8578002166366903,0.8073638373269869,0.7029342508502308,0.7608902375613976,0.877306257812291,0.8242455493328701,0.8507274586958962,0.8112176581042831,0.8687482180832578,0.8382142133876225,0.864878708816354,0.8739323987792709,0.8575042833448012,0.7966336610805892,0.8486669343506692,0.7909145305895015,0.813242025092449,0.819269428418099,0.8406820981647366,0.8209079079284924,0.8437766516910805,0.8666168766330383,0.7440370877848937,0.758213687899113,0.8427709716180668,0.8590259035763139,0.9351190975970024,0.8758140864732544,0.8367303742822184,0.8042264632944643,0.8551238807445524,0.8372790790118467,0.8288322906105076,0.8676244503645899,0.8063275218646897,0.7299585334228827,0.8615098212709221,0.8558214383011562,0.8628535590054395,0.8591197746514418,0.6734820999687487,0.807684386640505,0.8577211431778864,0.818888793937151,0.9133279340990276,0.8235404139241503,0.8260809906717389,0.8951514391897599,0.8618532148694209,0.6665957093645117,0.8633359347462771,0.8545665558703912,0.8044975377592913,0.8697666394200816,0.8536718814269555,0.7485854316462989,0.8372762598692935,0.6602649330093723,0.7807837928448139,0.8282341618872777,0.8359554190276737,0.7733030119069733,0.8068484721843922,0.8607897865033274,0.7806574509880958,0.8053047260500649,0.7503018062401567,0.9104214481836902,0.856044860992125,0.8127044626668876,0.8755373157484307,0.8289491890881068,0.8588866562113581,0.6965265949265637,0.7138952520383729,0.8141123670683683,0.7551346274039121,0.7792966221938568,0.8725793983030878,0.7540684923501115,0.8193835761108321,0.8480939438370342,0.8669117688594952,0.6911157430830542,0.8767797985963413,0.8221332886722716,0.841141835293835,0.8034398941304851,0.8305460335482195,0.7914910433581035,0.7276415642389596,0.7511600881361012,0.6582399357043676,0.884923057118031,0.8277255343632148,0.8358706596440096,0.8606079429132668,0.7545901468564178,0.8703771515248682,0.7928117958018686,0.8448057396308716,0.7734391394095717,0.8510018535218374,0.7664984075711884,0.9066430265753064,0.8132224992279612,0.7941375004244153,0.8677730096685157,0.9179864310381806,0.7855039148416234,0.8339188817167206,0.8064947702701925,0.7809877834667626,0.8055607310504466,0.7495603366528362,0.7905309296607768,0.7094003661454621,0.8689205018584429,0.6521911825299178,0.8477812519264115,0.7307869647355748,0.822128784748545,0.7865390983860863,0.8066488871747308,0.6738098864790061,0.7497689629088115,0.7848083688832479,0.7835247511098928,0.7792778466602239,0.6784910246106659,0.7525739641435992,0.8661940359782118,0.8374949185831845,0.8377310507471558,0.8858044503066919,0.7886805151337718,0.8523911647889169,0.7419534111619517,0.8217101505811204,0.790014439885231,0.7129661204507605,0.8164501329241527,0.7429921094576288,0.6043365744239932,0.8754245582382325,0.818351524520252,0.8470513110809547,0.6954519979379385,0.8464908353509305,0.8151422864364706,0.8139005202771478,0.8191759867376497,0.8696323783559131,0.8245963284950553,0.7507565522963502,0.7769027567092477,0.7673305204745017,0.8132232526065619
0.7768309968943332,0.7934369763967117,0.791722194666356,0.7560670897551,0.0,0.7717598208803689,0.8523231820237457,0.7256072056178205,0.7282551789720745,0.7538510715691047,0.7859928201754114,0.8336411804621022,0.7680917788177666,0.71369888156158,0.8808616731556513,0.8291441248258142,0.8397654809075212,0.8172346731848571,0.7674288807673351,0.7568581551518558,0.8865584283022596,0.8412526148606889,0.7790785795878388,0.861399170710392,0.7844308863550239,0.7868738990332732,0.7569438993082533,0.7052197598754474,0.7332242604527004,0.829445803645442,0.80116512301351,0.7896328593860265,0.823901610500966,0.75864542894767,0.7642551760046257,0.7754093816105069,0.783870921881877,0.7800278538576322,0.8029710594649061,0.8350393235121292,0.8473590692002428,0.8023366574827134,0.8389779148408317,0.8298246712979022,0.7855041415880709,0.8277543194598586,0.8795295789074772,0.770648627317838,0.7993247721876444,0.8464962570052214,0.8355487739684118,0.8400335522399576,0.7913488268225308,0.8045694792871284,0.7555696203383251,0.7209254414791187,0.7935645479605224,0.8471495474218825,0.7377545179155757,0.8102545608452305,0.6796667949004245,0.7380307062155121,0.7542714155407874,0.6905697302102082,0.7760904092562955,0.6956729584539915,0.7064218463846468,0.8138897879525941,0.7587044068366278,0.7328590873161784,0.7955244322627703,0.7296737246089785,0.6207872830118353,0.819914106752364,0.75019154919081,0.708481869435854,0.7660480136598314,0.9332456733840723,0.7410473089666139,0.6654048029263828,0.7156570009249715,0.794004829279132,0.8437374083779543,0.6511528722219871,0.7390577346328182,0.7727471252020303,0.6713138825980669,0.7383291274849488,0.7445217830085465,0.7154264410215587,0.9014882711182094,0.8175276300203173,0.827428956332732,0.6911605646464852,0.7363167603144191,0.7958398216757137,0.6417493703980166,0.7518503425636426,0.6882208368952831,0.7494453500800367,0.7042927060763954,0.7138408228548504,0.7120496925201149,0.7526276914887925,0.7226918204561482,0.8518389612642655,0.7599090562814382,0.7655974759567844,0.9028899632512367,0.7906278477092924,0.8178155035400272,0.7799261250828105,0.6600000611751352,0.7114677789107096,0.7537202141072232,0.8014967504923256,0.7402308134376401,0.7919090311088098,0.7215417350010398,0.6978643587843403,0.8922374862935705,0.6482953189979246,0.6738003666554043,0.8539657803127697,0.6142221407969428,0.7938986625122699,0.7038248222272511,0.8474078086392735,0.7370941445415895,0.812479781358044,0.7243918010406181,0.7813857407513871,0.6164318196656489,0.7075217574464665,0.7279786046364639,0.7354858235212245,0.815638214913271,0.873056603829442,0.7855526725170949,0.8148293069202343,0.6943200680674534,0.7865567750879046,0.8187512816084678,0.7112142524682639,0.7986672784445528,0.7989776953223531,0.8387715821004598,0.8353278893912373,0.76367754541308,0.6441470770096397,0.711365328201977,0.7335791048949548,0.822697994587086,0.830379154594977,0.8249406275339863,0.743586830405506,0.7223174791572898,0.8351015257689357,0.6871713382656194,0.6910987383118015,0.7255240940751033,0.6893942388339511,0.809221052834105,0.7936638638989726
0.8530289806122451,0.9203971908393519,0.9007253490414141,0.8095120130094466,0.7717598208803689,0.0,0.7845618457217026,0.8776885433267656,0.7978022378876494,0.8882755011633939,0.9022792310790493,0.8987068139204545,0.9279770848170907,0.7860568257751801,0.849988814367376,0.9242470041796269,0.8833543681288667,0.8215878904562249,0.8247059802266454,0.8862573952983408,0.931150017160744,0.9349340237224223,0.727373513358035,0.8885791508153424,0.9431551805036733,0.7873283098361924,0.7679100691660184,0.7913439258347609,0.8279069912796867,0.7944268417832518,0.8868877894356714,0.8736768488327928,0.8646954245442923,0.8094744066184654,0.8311451145015899,0.7709478199619174,0.9270316255789787,0.8708729131255651,0.8251874677733801,0.8033042518042005,0.7909437719369272,0.8873402287194194,0.821662902422873,0.8829128108402441,0.8986481410771162,0.8089854387764671,0.7728618723065555,0.9047666366021409,0.7914684915912545,0.7457899939733753,0.7787324806097263,0.8519025631325794,0.7031192195292958,0.8798736886607647,0.7994158125627469,0.8375622213096124,0.7812053872516254,0.900033997900185,0.7447693253814455,0.7547305332884593,0.8890304086331453,0.6771598704912356,0.808798800413394,0.6829688878704725,0.7026576376066169,0.7795559517737956,0.8383519434839977,0.8936092672804307,0.8056150861588264,0.8997155290201031,0.8409955314179974,0.7168024930676411,0.7233282193866364,0.8637049212679448,0.9404066483283535,0.773247709837106,0.7890778669362037,0.8652393561019585,0.8015848913365333,0.7440217250749306,0.9135462704157462,0.7908833022404578,0.8992900207947849,0.8829016508381051,0.740527564401651,0.8977250809182398,0.8763641742133752,0.6984399650201528,0.8265040682514878,0.8284362954555281,0.7668523586771077,0.8100572700621352,0.7640952560558032,0.7282713740386267,0.7288972519149206,0.9570235263312433,0.768089330483461,0.8950226379699657,0.6094635149988621,0.811806625496054,0.7994782429862745,0.788736248146777,0.6784307549052975,0.8497157932365348,0.7503772773820229,0.8628786762843477,0.8011090623824427,0.9314966170729235,0.8125853272699745,0.94428637357716,0.8563053146472219,0.6818273850035129,0.8372449326537884,0.8471107721430634,0.7663782310823875,0.8336932353485229,0.8398656999159932,0.8112489476000753,0.8525998741569693,0.8137943488291262,0.7273178212751811,0.7018876611427376,0.8165647268193053,0.8750194546778876,0.7060963761821089,0.9154870753900248,0.6496653984710965,0.8799822830453299,0.8704702851410167,0.8074789715203643,0.8443629668237421,0.9103468174051669,0.7517281990100947,0.8010535181958106,0.8944550369821441,0.7415323508499202,0.9036139388228116,0.78995117885523,0.8705889094148109,0.7974968964895641,0.8593220287275687,0.890851174283719,0.7940758752639554,0.7356388284333696,0.9233393767357639,0.7808396833278755,0.8506745058942838,0.8877107066241028,0.9104803323169456,0.7408396687931519,0.7989431725943206,0.7932843511956655,0.7913074212864563,0.8003662134715102,0.9508966497440962,0.9055164495586902,0.832752596571344,0.9412680404079522,0.752089808394319,0.6883272637718166,0.8603576366902812,0.8041999156840175,0.9117914349282938,0.8208061551375795
0.8746978695701677,0.8401919469425182,0.7233457790425204,0.8578002166366903,0.8523231820237457,0.7845618457217026,0.0,0.7415043694209559,0.7549792409181353,0.809378647903293,0.8347719600218276,0.8707000108130173,0.8463933498006566,0.811283405070033,0.8952548247087342,0.8422363117042438,0.910395178245996,0.9318060689167577,0.8756073956478658,0.8393257632619371,0.8529059531961288,0.806518187545996,0.9647284180913717,0.9136740903378145,0.8812183494519931,0.7436682096660753,0.9043579733834987,0.8952187182624962,0.753515357024782,0.8847846377756517,0.8531231172185809,0.8932658481539824,0.8344560492935801,0.9471649760363305,0.8542059971684279,0.739016568034937,0.8477343570467001,0.7469329811057431,0.800666473045317,0.956653828322532,0.7541656086768098,0.8385525740703512,0.8128042282638052,0.8128958733329031,0.8479138379077104,0.9137950211576901,0.7984729774497814,0.7546753234651669,0.9658539510705121,0.8111701197000557,0.8925739824567787,0.7864755829557967,0.8915960212392656,0.8183822835330872,0.8043468578663794,0.7507552341566175,0.8910923434630238,0.8165558630390745,0.8642942259761816,0.9285251121087227,0.7373192721425935,0.688747666751893,0.6939216965238973,0.6746803201690166,0.8046235156976235,0.7640229030010783,0.8090591886119827,0.788167526758294,0.7577913633351118,0.7682008648185119,0.7514653082048872,0.827394050910073,0.6922273524805763,0.8944870121744197,0.7848195016929579,0.8917457706109456,0.850694089280133,0.925080002593689,0.7345335518249585,0.7188757919005693,0.6752298908192627,0.7974815491412197,0.8432877093268606,0.6518312563095486,0.8220336082490813,0.7570906482825431,0.711289604502067,0.8468424199944508,0.9087453626464029,0.7431594399487886,0.8790441903946988,0.9002922963804524,0.8634820445219522,0.8335989591102596,0.8021372326974947,0.7881589521164408,0.608756785089404,0.7825259144392387,0.6870268024856055,0.9110121398275433,0.7980875353810536,0.7419317476327068,0.7631464762256154,0.7427592391079183,0.7504932967464493,0.82940255750651,0.7861929225772079,0.8442821755594732,0.9485808736528308,0.8402297927523452,0.9292550642258952,0.7671025795940891,0.7292343472767892,0.8138310721047387,0.8075712110797306,0.8639514721502888,0.9175796763263707,0.8660827441023108,0.7223796629391308,0.7553174548303534,0.8099320447968722,0.6250076715219121,0.7343398326921702,0.9310802221107503,0.6527627229423889,0.820003062831023,0.7335278606306211,0.8349525810831606,0.7478399505167206,0.7766988975487563,0.7558961202761447,0.69726763189615,0.7085260829224207,0.7220231834189915,0.7319215731751394,0.6844526249248453,0.8476154459493176,0.9007874356313704,0.8363019981447068,0.8527366519348687,0.7387714174222687,0.8052940287991486,0.9686397702453705,0.6681634159806213,0.7988595252374858,0.8585914753431411,0.7440814518781016,0.8597070389848934,0.7782623950450257,0.5994489012449851,0.8057898515828541,0.8267939947006497,0.894391959339118,0.8024764764051695,0.8381456764119463,0.7907007908581704,0.8565737432363563,0.8587533362627053,0.818883925550495,0.833385312380683,0.7424158786335979,0.8069391890055958,0.8013659926035936,0.8420717373584509
0.8005051795784752,0.8393106678973632,0.8440490523354243,0.8073638373269869,0.7256072056178205,0.8776885433267656,0.7415043694209559,0.0,0.852029477794579,0.821752937989976,0.8180262004325538,0.8781570414716445,0.8710179497634173,0.7183737024523988,0.8769146742828366,0.8692482957580638,0.7928103001286231,0.8186564005454113,0.7934619311407097,0.8305611081387088,0.8402271796196096,0.8804895201566235,0.7259802061418081,0.8016881662537187,0.8672842045526372,0.7649954549474254,0.84578139323332,0.7577949393212376,0.7195190908133381,0.8143098241771096,0.9222226033732916,0.8230949994875648,0.8725959419458542,0.7826515380157794,0.7553878422964228,0.7813943165447779,0.869830623874095,0.8814843516026211,0.8392030081957829,0.7509017240609831,0.7652220795526491,0.8047804462621234,0.8488364153228651,0.7558109995655281,0.9451011513591157,0.8565098132594295,0.7334111386230259,0.7809214480677446,0.7447270021539052,0.7725539128794506,0.7730383920886288,0.7518639087704555,0.6641007046027847,0.8221411243629521,0.7689331342507653,0.7701202645922757,0.7595967507319873,0.9207416469174068,0.6912605083452721,0.7927805222347432,0.8746948742270173,0.7279494142231367,0.7931725725672373,0.644753394221471,0.6824290578435223,0.7573942248831262,0.8089866800344621,0.8427930325279708,0.8321192635601595,0.9712876491951683,0.8267019607277102,0.6779603133199574,0.651911418316258,0.8468575480851651,0.9218825173984789,0.7109804529382906,0.7945854873809816,0.788754883600656,0.8926074743523154,0.604065111671758,0.7240934202430978,0.8476107770168895,0.8605081754408159,0.8318472909188627,0.702115433708624,0.9128200372307118,0.8848319165457115,0.7403786163208874,0.8588671705146125,0.8386089042896949,0.7766379762886477,0.8137913082414675,0.7376597787185184,0.6713816418421719,0.670688172301265,0.8879847745841473,0.8182863647982722,0.8209969416834761,0.5639810565649898,0.810044412675948,0.734987028670446,0.8742017601610308,0.7047578533272058,0.8229436837090963,0.7984714878496377,0.8846364776703206,0.820351805427462,0.8376421754418951,0.7990528418643796,0.7987234634120994,0.7695195509274726,0.6896870777362074,0.734168033603703,0.9033463611864225,0.764581808556067,0.8031142511575975,0.7349515648961978,0.777981225299427,0.6993066072813118,0.794759700917956,0.6795945535266977,0.8417376410547002,0.6610643207474157,0.814355491252207,0.5972060006282456,0.8554842435744289,0.663792307684933,0.9460292769031277,0.7710879970359296,0.8191581153048849,0.8399150281447004,0.8592278378778904,0.7429271506423457,0.7491127541327177,0.8276788224350042,0.6374571189951186,0.8355028742744776,0.7666552456612727,0.8727764301312924,0.8681583371261614,0.8037518026173059,0.7791204585702901,0.7887599297271658,0.745409091703272,0.8106743673294675,0.7773892098313266,0.8706423858411774,0.8562697600475906,0.8375033385816613,0.6540946410512004,0.8036924603352347,0.7042038907172111,0.8039318757076266,0.8059560598831018,0.9024955040081415,0.9074591928324595,0.767034314001553,0.8759702092307413,0.6743445686499064,0.6494389249125037,0.7250188826906393,0.6815158702228797,0.909534534948559,0.7446054512190914
0.8657637273187954,0.8131073798296182,0.7149647811622997,0.7029342508502308,0.7282551789720745,0.7978022378876494,0.7549792409181353,0.852029477794579,0.0,0.7248681462695474,0.7090736362111566,0.793096606480794,0.8106755565701133,0.6977281667824744,0.8494915878669088,0.7420857943217152,0.7092879638221579,0.8326262147864321,0.7076459125119869,0.8330743768548147,0.7461158131911452,0.8093714724611775,0.7343049900585702,0.8236775677517951,0.8115942856714479,0.7176339997969082,0.7983929122270403,0.708032432400216,0.6164869351998288,0.8371224325530171,0.8835394176989172,0.7230377860949248,0.7707763836129435,0.7551933999668515,0.7850370692204055,0.6383032474364054,0.8356825856736652,0.7502914061285508,0.7069029216612297,0.7473405863996931,0.6711742610136512,0.8919711849883183,0.722821890076189,0.700938182713521,0.8550809992090368,0.8275696404459593,0.7990554086986601,0.6852960059452622,0.7250761315478613,0.6881760470025883,0.6929325606717095,0.7553869692365025,0.6379344041411286,0.6803156122100161,0.6243396901981129,0.9055856521682645,0.729659858437723,0.7752547540859814,0.6468058128198819,0.7312768787160947,0.7178607427032353,0.6311123593029186,0.6637465020441029,0.5854707403712075,0.6982440953919339,0.695345724774386,0.7933673233312324,0.8589199491452669,0.694264925984707,0.837875816047197,0.8381467770072722,0.6676158844254855,0.6424062745816946,0.7458828540881068,0.7565235545948779,0.7346541502650936,0.6803280904652836,0.7466473408171811,0.7858406230994555,0.6167203167302676,0.6689022486750031,0.8969095931214627,0.9030663965770543,0.6975108630097034,0.6579723216640988,0.9343613637130311,0.7826320238845638,0.6835911029882016,0.816039505749566,0.9683245772587931,0.7483686021172603,0.8612449990812334,0.6354403596844241,0.6698866102100849,0.6693789688189364,0.8281096267762378,0.6584500599868839,0.837707559406711,0.6079843122730514,0.7989322525112957,0.6788051307151932,0.6845685010842947,0.6422006256468814,0.7269223551435918,0.6991363448748592,0.8569370979834924,0.6450923241801724,0.8380761770044519,0.7616694084735179,0.8043115485295732,0.7078662143868967,0.661644965005896,0.7124635738712467,0.75353948937743,0.7063452330198953,0.8812206237366955,0.7380241678131223,0.6812628826873472,0.6035490348590229,0.839493025979138,0.7017542668455626,0.6864048744869583,0.7188050938677878,0.8046185412389293,0.6639270272577236,0.7170001377645077,0.6348216871042024,0.8485173980941767,0.637806508484619,0.7490232122146929,0.9181004111510557,0.7223986860924545,0.6940958104162401,0.8109173516072854,0.7310857565200958,0.6426025836529711,0.8786940857217775,0.7761650743567291,0.7680825120508906,0.7746850856321424,0.6916979305058174,0.6863803487035813,0.8273965434761116,0.6128673818803102,0.7295490290447421,0.8360001829330367,0.9133309284562614,0.7450080361328117,0.7542226184846694,0.545151067196886,0.776246270232104,0.635242074097857,0.721134201974818,0.7991367095742057,0.8087406208985336,0.8857557051489428,0.7652309634608159,0.8592480423217423,0.6733392242398121,0.6112532136901392,0.6559944551353788,0.7424088651639998,0.8936197811158942,0.8089061974978262
0.7493953751087281,0.9588287232567604,0.9180052600229377,0.7608902375613976,0.7538510715691047,0.8882755011633939,0.809378647903293,0.821752937989976,0.7248681462695474,0.0,0.846764264338978,0.9300948253942535,0.8365249963410463,0.7706466988246374,0.8317124987968488,0.8865785294239092,0.8726672518268307,0.7828243820315972,0.8462745010144977,0.8331337683211619,0.8814920679258785,0.9165215089072172,0.7809743590049218,0.8450512988258502,0.9400216553676534,0.6610112723793855,0.8107723813167184,0.7840154853708787,0.9239473785534728,0.7884705965467305,0.8562560800228375,0.8786248198484075,0.8231583806455987,0.8041594941510808,0.7852888781904482,0.8265266217508619,0.8126915330787212,0.8015860741214446,0.8315816972366152,0.7948760880315963,0.8081262776252907,0.8358287793375367,0.7781642818818283,0.7976423321045107,0.866396569009594,0.7745497133315616,0.773180179142594,0.8171482596785936,0.8147707753651268,0.7470704932859628,0.7404599514506514,0.7081689377875277,0.7379061107954131,0.8735710728656563,0.8352230677778707,0.7677389531033545,0.7268494113812274,0.8580011067309237,0.8116359846870393,0.7791649124213565,0.7982374519925247,0.632281982047032,0.6825788823779031,0.772227417522227,0.6598104486099284,0.6796245097146225,0.7447445437709546,0.7693581566717304,0.8272848059543262,0.8005385835731805,0.7013493619477983,0.7167967958845122,0.6339720444943726,0.8204947853540501,0.8871743509870075,0.7356047212078898,0.7542171755282846,0.8604981997301531,0.6887107178170527,0.6329266492871828,0.7837050873117093,0.69790891797857,0.8435581207241816,0.7551244096930256,0.666381179248175,0.8110109102361465,0.7328089988062243,0.7006775476284892,0.8099891818473837,0.7400054787771927,0.7101758715519567,0.8196007986651099,0.8189624994396688,0.6728703192039379,0.6672910070335497,0.9221303932667331,0.7037641292273403,0.8765504231913985,0.5961695946679908,0.7724980891325703,0.7665318518476656,0.7577193089360039,0.6540277230232697,0.9263565812936934,0.6892118267820687,0.7837290051837055,0.80557042477347,0.9258325167410462,0.8451483833941574,0.893078874818654,0.8308374915104773,0.6322171679830513,0.7021314691211592,0.830322086143087,0.6694042861828975,0.7486932615928915,0.8291105138094121,0.8880271080450562,0.826994424051733,0.7100743278152584,0.6687791957047058,0.6198990784174077,0.7008305288548129,0.8036123649933233,0.6183095218521666,0.9304442274097251,0.6304849491904896,0.8443803840088783,0.9309775375368364,0.7831070732350994,0.8319781069098116,0.7945156897873946,0.6453145974257517,0.655271909588035,0.8409756437050621,0.6821321532149266,0.854447260782755,0.7672836278464827,0.9214564321695373,0.8045379112665004,0.7972000959150387,0.8911733626197693,0.7952449102771955,0.769988247828832,0.8585052633956824,0.7450982724617474,0.7769233193842012,0.9111606150694673,0.9804936379546175,0.8278356899438838,0.697706511643983,0.8431193099683183,0.830987717208945,0.8716161401912002,0.9283137460724943,0.789026068900105,0.7636576460193999,0.8500002642730874,0.6995303276661071,0.6498169355734441,0.881647631364668,0.7155419938324763,0.8968842230599603,0.6963992219700801
0.8608945495338362,0.860202754685926,0.8237213913586827,0.877306257812291,0.7859928201754114,0.9022792310790493,0.8347719600218276,0.8180262004325538,0.7090736362111566,0.846764264338978,0.0,0.8858119524920438,0.9263167769509044,0.8442358398346346,0.8771657335237916,0.9597712526816803,0.9487118603124861,0.8750146424371932,0.914948918392524,0.9141809322500567,0.9412550719879853,0.8914072010092198,0.7872559737524291,0.900048308725513,0.922740399569834,0.7948219420460471,0.808676046672973,0.8875173340921554,0.8728004398251277,0.7851379084845566,0.8830190568097003,0.9430216916215982,0.8704592415636635,0.8759915104657068,0.8771411331896641,0.8225838573476618,0.9306965583455363,0.9217466059465234,0.9297967067701756,0.8664182168140461,0.8108580922993361,0.767697027700248,0.9048966964470812,0.938282923284412,0.8867616662383094,0.8452933627442075,0.6834612870492139,0.9573635407565034,0.8935965100842204,0.8369700202003366,0.888776511546261,0.8007299154223837,0.8410857280131412,0.9539811760068008,0.9363174363699815,0.6938952768448243,0.9057853007939242,0.8850517193130393,0.8370632295335032,0.8600664745454237,0.9357101445518526,0.7148186265551958,0.8461608959450585,0.7225951424401544,0.7989461621626022,0.8684402141489962,0.85525852733317,0.8191815687755533,0.83256479844486,0.8827046592498716,0.8080039546494475,0.8518603676066199,0.7498047934957776,0.9280729224991981,0.9489056873965765,0.8574399755873664,0.9076342311362039,0.8836455800459783,0.835849547783996,0.7978721905838015,0.8379149934766614,0.7610188707394661,0.8148810185810859,0.86832263062258,0.8426368174107178,0.7882309662732536,0.8702503740508274,0.7987873558973407,0.8563303161711049,0.7154908761433626,0.8039930229351221,0.7672625013424722,0.9033419407184806,0.8566079235965506,0.8034368955712242,0.863182956671826,0.793546161990277,0.7568997186101853,0.6462097423172023,0.8259035188048651,0.9419370893256483,0.8679610579144658,0.7210300760941666,0.7801688634620495,0.8277273804266853,0.8094276485872887,0.8907465940671493,0.8364922359247788,0.8510538467533303,0.8904478968868416,0.9490934828958679,0.7689350701599457,0.8268136272237067,0.914129655584198,0.8691478073765959,0.777198189716437,0.8798964454266534,0.9194939297450438,0.8479301022339337,0.7284588552868777,0.818085843804889,0.701410448228985,0.7917612333482064,0.9143389322613888,0.7329046177692023,0.9537592302980947,0.6570964469605309,0.8626632725360188,0.8792807220560097,0.8526447992489872,0.708101903773284,0.8601403053905773,0.8430869022428885,0.7976656342355671,0.9286561620076985,0.8095211703792876,0.8579887225867028,0.8566636782113574,0.9052492984704409,0.8728050302593456,0.8967286076408056,0.936889077272407,0.8141261449511599,0.769196545705468,0.9668977041270442,0.7381089955114586,0.7462718683811311,0.8982475208439128,0.8510090700819967,0.7315499884219108,0.8839759956386946,0.8967525615562348,0.9094513743803481,0.7220431203167539,0.8892472024563771,0.882731795164985,0.9020315768161575,0.8578442344630891,0.851127794096063,0.8178613693223672,0.8153654588854267,0.8384831560768522,0.8073251088453017,0.857964412218333
0.8126219254846199,0.9410690176273674,0.8679030530301822,0.8242455493328701,0.8336411804621022,0.8987068139204545,0.8707000108130173,0.8781570414716445,0.793096606480794,0.9300948253942535,0.8858119524920438,0.0,0.858312168515899,0.7310580037633423,0.9225586872176617,0.9276777961440791,0.9037807735692172,0.8464055358324629,0.9325878525835112,0.8618763107968118,0.9192457500705093,0.9166354564987805,0.8528389836813136,0.9035099737846628,0.9538817390075358,0.7021314597985545,0.8788632866588011,0.839703171912171,0.8596286658178408,0.909688684328685,0.9404898747084773,0.9044465199881287,0.8861252928660748,0.8710256367629373,0.8066985138100522,0.8126893850654974,0.8608550267119487,0.8431048340957161,0.9151114447133606,0.8324217535531687,0.844139693045473,0.8505259420845644,0.849505137404129,0.8304278338015264,0.9009432258482906,0.8650183836430231,0.7866284426162753,0.8191372395653871,0.8672446802682502,0.7926050290295052,0.8197403306554616,0.7561257815158127,0.7859617696336092,0.8894844113873213,0.8543610232564491,0.7696620448291934,0.8208493309969693,0.9516732430920715,0.7710879425769802,0.8567881234869931,0.814905989639388,0.6624462776457527,0.7326339029238852,0.6892220235617025,0.7060343436000969,0.7163894361091626,0.7558810077976401,0.7940775754940433,0.7952023687690343,0.8687487359695211,0.7495024203733235,0.7298355873769538,0.6177657515720604,0.865495905106687,0.9141433357924968,0.7877552164253377,0.8155301112158886,0.9189141508295676,0.7848753297578506,0.6680622830231145,0.7518084342633241,0.7762875313018357,0.9129692406939309,0.7477845778215019,0.7179164118608771,0.8527339542645338,0.7735578547248089,0.7452350417196756,0.8841453891576846,0.7837848587199978,0.7992244299203225,0.8663211940852069,0.8725983469692739,0.7347253365099146,0.6790904892794274,0.9220067441880232,0.7118768498723829,0.8462131596398581,0.5883293244439991,0.8070835952219519,0.7874614707347254,0.8130402299383749,0.6871485766669657,0.8980276700401726,0.7362451640773885,0.8458550211767402,0.8332157198516862,0.9140999221855576,0.8883917189341826,0.8830367524689993,0.8853030675681938,0.6823942089475848,0.6932341379985193,0.8912209722434647,0.7428988028520627,0.823840386243068,0.8642226172034018,0.9119119858782403,0.7590558596181509,0.7215062057761905,0.7384944449503359,0.6856603378901237,0.6871740282786221,0.9006818190641921,0.6159604958927261,0.9514334362344399,0.6317294824049238,0.9229461712762027,0.8574105020524591,0.7889631464486024,0.8452221435566833,0.8135028586793575,0.6962183574773421,0.7191031063709735,0.8328059685152858,0.6806728115299081,0.9151319166786163,0.8202452488741967,0.9070967911299357,0.9280972774415285,0.8000670491420875,0.8551652955380599,0.8562470277008204,0.738071211371836,0.8621049722735324,0.7696213617347015,0.8428544072811325,0.9615786977972987,0.921753930678849,0.7365719378522363,0.7838981793880423,0.8667364964842509,0.9083533298125166,0.8508226037403538,0.9728524011825732,0.839505720883066,0.8201267269335388,0.9125770072392637,0.7260757703914527,0.705798336412035,0.7776061072667826,0.7486782827400569,0.9156744372860665,0.7808538957632732
