0,1,2,3,4,5,6,7,8,9,10,11,12,13,14,15,16,17,18,19,20,21,22,23,24,25,26,27,28,29,30,31,32,33,34,35,36,37,38,39,40,41,42,43,44,45,46,47,48,49,50,51,52,53,54,55,56,57,58,59,60,61,62,63,64,65,66,67,68,69,70,71,72,73,74,75,76,77,78,79,80,81,82,83,84,85,86,87,88,89,90,91,92,93,94,95,96,97,98,99,100,101,102,103,104,105,106,107,108,109,110,111,112,113,114,115,116,117,118,119,120,121,122,123,124,125,126,127,128,129,130,131,132,133,134,135,136,137,138,139,140,141,142,143,144,145,146,147,148,149,150,151,152,153,154,155,156,157,158,159,160,161,162,163
0.0,0.8196116326409157,0.7712083151926394,0.8067931836354023,0.8900725122605486,0.7878122656214388,0.8190975917000247,0.802984781398928,0.8709272775388384,0.7330321388789957,0.9005557926818772,0.824413132265491,0.8867699254442002,0.8363705149785422,0.8228099171952746,0.867642982233832,0.8638285172447578,0.9544002585765712,0.8428471758463226,0.9420977049668794,0.8823516512534528,0.8502578691562455,0.8543787061551121,0.8552048518912411,0.8836155634873987,0.8056629968357251,0.8313716676017752,0.8552377714587105,0.7220008283086705,0.8527018549428315,0.8482749517422871,0.8550873783513933,0.7736685404633179,0.8074323346714545,0.9430981964011411,0.8157914118972635,0.9090274688987195,0.8910547999776784,0.7658421415946666,0.8401822553669513,0.7809524729672429,0.857856627698019,0.8671153224135656,0.8574482487624351,0.8622761570985178,0.8521804358667068,0.8177018992027951,0.8527345770012634,0.9091733404204593,0.8958594346275882,0.8830672802665747,0.8666852320109792,0.8154512768163017,0.7997328482762718,0.8010969313715356,0.7820531301700903,0.9388097138901242,0.8523006718202599,0.8499234771910242,0.879729654419316,0.7732956323247192,0.7206048321642299,0.8651924750683909,0.8124679656507946,0.8446035204594589,0.840475344786493,0.8184529421560424,0.8375767314136543,0.8478662272315998,0.8627696843727315,0.885634116972799,0.8777290299921824,0.8651515652859627,0.8750695698509097,0.8343880714712887,0.8556752110572137,0.7945072429652246,0.8338023327585425,0.7785992560311653,0.7017238353192725,0.7660102473216333,0.8654688727735064,0.8305200221001893,0.8016534746314471,0.8798602696912955,0.8872663221070992,0.8299559369880076,0.8684733215202058,0.8527359799649964,0.7723225320329457,0.9223879697958279,0.8171456961660188,0.8575569553603136,0.8772026104392667,0.8696726275645804,0.7771291709132936,0.7051876543320966,0.7894092704896488,0.7812511214469503,0.8265335625370414,0.8012976491249691,0.7395787499066354,0.7900059090654693,0.7466625030613164,0.9008001225660209,0.83228893949442,0.7585551899149271,0.8248883357699727,0.8210561938983729,0.8366134853465079,0.8606447188428276,0.892339330753143,0.8375527727468143,0.8128714967333476,0.8704796240520085,0.8709549998954988,0.8600192738133088,0.8482412858499256,0.7721792399629894,0.8035837992964378,0.8963426804565826,0.7139448845525541,0.8556878797514463,0.8714708371838211,0.825816064966975,0.7625507148575249,0.738097681936252,0.8043609238338227,0.7679560868467518,0.8291304128842768,0.7938454515345184,0.8008926919523296,0.8205796418015467,0.8586444371652157,0.8337096519237222,0.7796286485708683,0.8609283804342234,0.8553596784929934,0.8456041235949816,0.8494792709641774,0.7756585083681601,0.83912797418849,0.8815071636429118,0.7834719571265844,0.8707076250552162,0.8684255884905213,0.8373845127867259,0.696617820551308,0.8186050065812907,0.6805235473521906,0.909047847742983,0.7965907760180808,0.8937992788173117,0.7522263732607467,0.8156817572246664,0.8651586952636824,0.8699839878097844,0.8095549822878971,0.8214599274773208,0.8117309345801642,0.6983911066289953,0.922459154714083,0.8618954283590776,0.9633812964820228
0.8196116326409157,0.0,0.8857159719432373,0.8236731048141238,0.8303278089469428,0.8643340251935326,0.8412536310777197,0.8109057897087395,0.7896709814813243,0.8981911293450395,0.8731404117949875,0.898317811687683,0.8525211954070295,0.8161122356230802,0.8470165421343175,0.8377201343679083,0.8092311091473553,0.8114787682987559,0.8172769766001285,0.8193318411563084,0.8588244644749533,0.9242437012732482,0.7863277446156717,0.875192021882377,0.8780492314251475,0.7074119721455527,0.8151377869561002,0.7740371799799365,0.9012263814063669,0.7842178729841115,0.8388736437669234,0.8238340616310305,0.8670699353203307,0.7324653896878923,0.8323333856600212,0.8352579638194,0.8388974552206179,0.8023999045375383,0.8228677026449882,0.8386073746764131,0.8503193792276449,0.8254432393659634,0.739863313188609,0.8290837855943712,0.8354732341566069,0.7799986079233547,0.790732410518383,0.8347967489654471,0.8323248561919278,0.7892801910733347,0.7990762469016326,0.7713196251446904,0.8190092487879489,0.8910045909058171,0.8436530509146863,0.8239794572553145,0.7908461984219317,0.8246823754859388,0.8204249504527917,0.8379729916702529,0.8084785053430317,0.666963848463344,0.7393448869538468,0.767737052328508,0.7247066917724909,0.7102499620530711,0.7998137682263597,0.7958563628034786,0.7563000646899221,0.7915656272948245,0.7852750649556886,0.7766164420763951,0.7115647391480372,0.8376912481542345,0.8172662025590487,0.7596493796730469,0.7646181250414317,0.9085636666257348,0.6784368933914907,0.662120075010027,0.8275935967922196,0.7749663271030901,0.9169831257566796,0.7687879568839218,0.7073342881980602,0.8587097002888635,0.7286236870205139,0.7315811551494885,0.7961978943046646,0.8257049296214958,0.7761341187679992,0.8237848837884382,0.8582087469076246,0.7641175374711683,0.7834253488493707,0.8996387380443204,0.7223345979302387,0.7838020255350265,0.6861265067464908,0.7918377717688192,0.8065373216875287,0.7007739915828604,0.6650808476251394,0.8278961231527244,0.7534229590078356,0.7564976011969201,0.7427526177775173,0.8026220818031411,0.8443374080867919,0.9054273506358321,0.8335329845997638,0.7161408114321435,0.7587552453940437,0.7657053336454038,0.7479514472457292,0.8206039349941368,0.7824204865089432,0.8307035283802507,0.7921290580026745,0.7438980698885744,0.7825139676410985,0.6598348354861596,0.7276393313235191,0.8745446056503339,0.7235697351558757,0.8896773558005099,0.6829729511967857,0.8505000922235698,0.8334228613705735,0.8066733341319736,0.8077631088330229,0.7808604399768885,0.7214629498835777,0.7851746218024124,0.8415023332717076,0.7399908280129799,0.8238296923814633,0.8099302881407374,0.8322448638084499,0.8100980375713785,0.8287479662134883,0.839859248903004,0.8691753710462116,0.7857170810059163,0.8672666974661954,0.7236456902828747,0.8558139750343982,0.8651457962452194,0.861543109792049,0.7008165274033701,0.7552040736811378,0.864858147275655,0.8391536712927535,0.8719003268117382,0.8515958319699387,0.8259284645939488,0.844993751571326,0.8676713138390958,0.8118831360611313,0.6971532974098557,0.8034715197438388,0.7902248420854362,0.9115777112320488,0.8123743989790922
0.7712083151926394,0.8857159719432373,0.0,0.7991881624573216,0.7821406487143113,0.8753189892767453,0.7257471518913308,0.8682191963342013,0.7357216322983234,0.9160676329489469,0.8736270252344168,0.8421174229363458,0.8731867311153797,0.7834515994487493,0.7453873600500001,0.895154439806922,0.8501318151856527,0.8021644945597897,0.7729969205025463,0.7915660185972321,0.8755874135446051,0.9084944372422666,0.7386129638384001,0.7708921890524176,0.8624316637443037,0.7327794030082398,0.8075096873834825,0.7799387170506145,0.8504612354799677,0.7513336349809489,0.745262338333489,0.8361381202498022,0.7886029209871569,0.7018628866673399,0.7546776364315623,0.8347596837957681,0.8067205697340053,0.8244976329152276,0.7405281391070824,0.7812858376979559,0.7871460076633298,0.8308911703376787,0.7671623990996456,0.753078617291582,0.8334792886773382,0.7553384455457288,0.7685316594448491,0.8196973538101022,0.7657388367835312,0.7885958311703418,0.773062074337002,0.7748020592699237,0.7305654274462882,0.8520043980496277,0.8173813406807483,0.7538612893772743,0.7518356346253899,0.8795769414767184,0.8009180421338966,0.7826844401376187,0.8380954169237813,0.6851869636330229,0.8132142724158782,0.7815368097422141,0.670252120240589,0.7217840392081709,0.7625881822213872,0.7868411797375487,0.8620052723465175,0.8511191316388257,0.7574037407980001,0.706961045232394,0.7549261064305046,0.864013929945244,0.8861871355096291,0.6563611237552339,0.7770239914922973,0.8289510018000005,0.6889913800197555,0.5810973085116538,0.8561114285548598,0.7277071328964871,0.8109922277048186,0.8296436804302564,0.7264198693383209,0.8435425187405768,0.7729845109459446,0.7243139034099685,0.7726591438297314,0.7183155099841366,0.7898508736148828,0.7171132749049628,0.8041583621867822,0.6749936423134862,0.7540563680011446,0.83258407891459,0.7298421113535002,0.7839193550805962,0.6385109971671864,0.7640667497969066,0.6932666264429825,0.7652508382893506,0.6847741302991905,0.8307516470271478,0.7708748708598386,0.789915324009735,0.807768761439948,0.8318346913899625,0.7872335955947657,0.828432941276434,0.7740074934960781,0.7147978756593492,0.7764172667644904,0.813908987668158,0.7298995459539761,0.7934103588588389,0.7384280185083599,0.8078508309790505,0.8662783922438532,0.7478731977716885,0.7128856651575034,0.7167459744812772,0.7097796142519204,0.7573220021815569,0.6335262100748138,0.8347096828394173,0.7162876590037455,0.8121289517228022,0.8663911439522441,0.7763071424505263,0.8130655931283494,0.8934926336459528,0.6955025916988912,0.7001926839505009,0.8085188727615104,0.6568231154075522,0.7492556476617139,0.726328467671473,0.8430827782571085,0.7505656929354954,0.7809911484704455,0.840507903905877,0.7728198152079302,0.8232078501335627,0.8184799662679775,0.7281030456409702,0.7878297257766588,0.8135116194352343,0.8896336930160222,0.7471955304606188,0.7011215582000141,0.7565879940590141,0.8232478902153807,0.8607630607295632,0.8479624470743212,0.7797036022267224,0.7617764848038627,0.8359412891138456,0.6963865208323924,0.6714495229385484,0.8223847561069104,0.6892730617353019,0.8605291208680891,0.7407733705766444
0.8067931836354023,0.8236731048141238,0.7991881624573216,0.0,0.7779734737911554,0.79617683389985,0.8415694296793415,0.8244286947425785,0.7061783749222956,0.7662770740193728,0.8694191467787264,0.8028145299453519,0.8651162301010532,0.8050595992114192,0.824297821205104,0.8119143468276164,0.8123370821795493,0.8293206982173302,0.7920376371407867,0.7558155660690418,0.8399283729514104,0.8266541222300711,0.7952419839092447,0.8234516984179652,0.8021370074491485,0.8138228261651241,0.8380034575139333,0.8141720705402153,0.7656448243103247,0.7144323440961663,0.7668042500007094,0.7998244926238687,0.9301364178534149,0.7561360225099653,0.7868478349272673,0.8176437170884087,0.835707417155733,0.786797094461456,0.773172333071947,0.8834811958239656,0.8379612910786443,0.7351190826682531,0.7691914850049715,0.8084151130852342,0.8410442285601842,0.8257972300815545,0.7007668809507946,0.7970395473103904,0.8247820919365912,0.7943626439831535,0.8952552265677161,0.8268987465505735,0.8003837703208707,0.9082432165604262,0.8517894611189367,0.6869607444155399,0.8189927940162679,0.8205527563821262,0.8178893211791988,0.8597167956076006,0.8661999442686921,0.7061628656499487,0.8321414744180383,0.7017279545405738,0.7277537173105401,0.7875437857530986,0.8638457375192763,0.7793993630382635,0.7718541830979289,0.8310046118369687,0.7988702371191329,0.7570757118766333,0.7708588995066823,0.9181723025474822,0.8079550181757392,0.743882687320021,0.8648618765752732,0.8564659365152869,0.7361767616264343,0.6525822986152265,0.7571649282854098,0.7981775801221883,0.7770609852516831,0.7889412985633405,0.7764168904292523,0.8009128200005815,0.7733735166152537,0.793176396708304,0.8226152644770838,0.7271093962501993,0.8389190421330939,0.7705252943915495,0.8300560853652629,0.7914535807744159,0.8376171946828049,0.7759116066516583,0.7211898446667945,0.7252198327154573,0.65052098851568,0.8723827218557417,0.7663514687831436,0.7736388066014233,0.7766818910067492,0.7440764111194547,0.8075137505383214,0.7741158364922593,0.8026299785092396,0.7429059258268703,0.8511427658801671,0.7776176286777765,0.8587751090686686,0.7593677215709729,0.824094977423902,0.7729216353807821,0.8368175086504367,0.8282707399927683,0.7520618302499325,0.7546598506238531,0.807526491405586,0.7583463310880979,0.7529184651378535,0.7920375919929767,0.69767307344895,0.8695290227269077,0.6532803941274584,0.8255528520522554,0.7422135570656921,0.8189508983973043,0.7855598583539929,0.8008984464514078,0.6803293345357557,0.7636576861132144,0.7852716831590176,0.7668169902532459,0.7728004211371018,0.6660969618889757,0.7082248697085362,0.8131588205028306,0.8145163107135142,0.7837333457587468,0.8768112214928762,0.7459746283581837,0.8606698777366012,0.76306621668856,0.8007326736040237,0.7381626869092888,0.7484004003317116,0.811337983202454,0.7299852277837185,0.6206746411349585,0.8039770514571611,0.7833564939100687,0.8186611268222027,0.7639531002009935,0.8147429059320399,0.8097089392251167,0.841724563043391,0.8457199794389294,0.8670678585776753,0.8025870096219974,0.7814355313618905,0.7340046999460712,0.7821054168986985,0.8118638756044769
0.8900725122605486,0.8303278089469428,0.7821406487143113,0.7779734737911554,0.0,0.713736014275548,0.8359544972535788,0.73108173966896,0.8607877737814337,0.7383935068272562,0.8608304377042074,0.7949730572890411,0.775704789070907,0.8399252255751354,0.8667913412211682,0.7898309835977794,0.7889909274679152,0.9098524815989547,0.783536035207079,0.8389830762717837,0.8249432681785717,0.9010685487497531,0.7985847896158316,0.8074846605595112,0.8039962364911571,0.7160366359613232,0.8133420280214756,0.7472452945800369,0.7705825090724825,0.8233506176948177,0.8279338038686551,0.7756860977814548,0.796064390635759,0.6856536064309031,0.9184290002442153,0.8483388853870721,0.8007864037785283,0.864793666442679,0.787477653841913,0.8022527855413073,0.8209534275270132,0.8190338942823318,0.8149528106307804,0.8432377600399337,0.7749003109191374,0.751667138557351,0.8077068361937604,0.8052786026179708,0.8568805484248065,0.8993273349067311,0.8412669145751576,0.7691165100483682,0.8572960357582347,0.8061707965563328,0.8059880499710407,0.7116994932036386,0.8405665217414525,0.8164305586117735,0.8542294778945012,0.8324987030973524,0.6913533839148401,0.6979269713242537,0.7858048953793463,0.8426466225090387,0.8482676890459467,0.7053555284298061,0.7319131695956278,0.7971471603742668,0.8441278428758454,0.7901948878994781,0.8354989363368467,0.8666695210975949,0.7675362345436026,0.8036258567170029,0.7754138360754248,0.7345974865000167,0.7271312389789901,0.8459383006845179,0.6795790207851119,0.5820906552345939,0.6873025205712926,0.8571601013335456,0.8211579035493439,0.7060589318894278,0.7646923148823894,0.8152748694344853,0.7072000520952343,0.8462254175370236,0.7291578490390002,0.7068227057134273,0.9216304772004034,0.8293715699409321,0.9048033702226095,0.7532409755387292,0.8743302480727222,0.7880302135196527,0.6836349169382668,0.7112891348234421,0.8119244466876084,0.7208482824075995,0.7833240310577685,0.6773390594674715,0.7421008174962054,0.7628547187462008,0.8453685152248538,0.7230833283476507,0.6803857679468013,0.738280262486159,0.8020155407298116,0.756510661468162,0.7914200873396983,0.8553830764538101,0.7116320998824627,0.7673768637965444,0.77225048485815,0.7775095840276061,0.7396088383597773,0.8548760740182209,0.7225265208412462,0.7679618146358854,0.9225039863744113,0.6747100149520319,0.7183560433134359,0.802381795136778,0.8153822253834121,0.7501356688412883,0.7018359938153568,0.7675861267733605,0.7290718999088813,0.851724380484107,0.7561538143483872,0.7430012556028446,0.6954229373415665,0.8412305516710216,0.7989080881544717,0.8230007844426519,0.7752170314422828,0.8670232472515734,0.8137243991926396,0.837610398658321,0.7800109748562586,0.8231472317331049,0.8677969589830484,0.8524412062760025,0.8289432594438422,0.7924597954443438,0.8685236514114183,0.6865366050872628,0.7871148194059285,0.663328212616941,0.799621935064838,0.8340622981240878,0.8954798439391813,0.7812549520577473,0.7562818862194215,0.7795657017888694,0.7658451024485096,0.7213386096477883,0.8200480056221033,0.7145768916001282,0.6837945975439524,0.8288103666960575,0.8500713681144324,0.9017795854141711
0.7878122656214388,0.8643340251935326,0.8753189892767453,0.79617683389985,0.713736014275548,0.0,0.7183426091419042,0.8752448846269587,0.7671490727875862,0.8524486465069024,0.8474407435310607,0.8644938091918544,0.8654853851022584,0.7349122201280521,0.7090219034601918,0.8623991253672096,0.8039309662942837,0.7384779564251194,0.810743914298138,0.7702813017620644,0.8400561136954526,0.8281735346017192,0.7013757660067333,0.7368070089438219,0.8677532682690036,0.6920695500607763,0.7427581124544778,0.7772914714151096,0.7838648349132876,0.7770524845073188,0.7793363263461619,0.8707137574114231,0.7684314273858094,0.7293836367698305,0.7380940900019233,0.7681082592692157,0.8345058162390956,0.7666401782162581,0.7428881254535038,0.7127759910324953,0.7133434192767655,0.8413370525330026,0.7252356070435184,0.7612805744901112,0.8001526698112944,0.7310427729103348,0.718027134125895,0.8073821595310567,0.7409082302155894,0.7268567459961607,0.7751319668228829,0.7735932148223595,0.7148436494075269,0.8310657704964559,0.7952260578286555,0.8305404337297988,0.7535323467751267,0.8857693892160503,0.7199980307029659,0.7581808957132637,0.8830691653535891,0.7082417466117913,0.8028184654161226,0.685540053063528,0.654588320407503,0.7361512876954018,0.7692577411456029,0.7784395110574175,0.7424496841370087,0.853589882088312,0.759459617947496,0.6658363433270111,0.7604964490199803,0.8291927090914505,0.8731852372908057,0.7234959584433954,0.7874101196911493,0.7932887625330919,0.6703561796153454,0.7034451594125496,0.9113628496073739,0.7451216825154514,0.8347989193964438,0.8121628527804764,0.7340952233491381,0.80670275698498,0.8558335106846364,0.7069289528840863,0.81479373584377,0.7758636660110421,0.7499351602567099,0.7617249937240936,0.7609071776747103,0.729756296843729,0.725654089290195,0.8447785078077161,0.7574861184768095,0.7911834691220306,0.6351505006902096,0.7773450616957008,0.7082769675458979,0.7744763045383707,0.6748106950484903,0.7737243538476045,0.7634143497561432,0.7528167920604124,0.7852677448277245,0.7931581323547405,0.7132413850163042,0.837324131903304,0.8113364372637509,0.6778043167889608,0.852006730849556,0.8135965763199975,0.7132376837696995,0.7848228223182999,0.7802641893572051,0.7600793663096849,0.8216773549367872,0.7638820233717943,0.6646003167311084,0.7403725348290086,0.7279929414099864,0.8066127573993652,0.6608998622205056,0.8277238927983279,0.7194331554536514,0.8100524696194482,0.8087267064350593,0.6815455529871463,0.8297437536594597,0.8897718698127807,0.75858988102772,0.7493750689168827,0.7816867311698397,0.6285985831235524,0.7482856322880812,0.6653650831761855,0.7266922959286285,0.7468416298444833,0.771890394666455,0.8396293638465622,0.7881233160846307,0.7697728287039493,0.7965795186084363,0.7056564258423764,0.7841250858417611,0.8012740015924086,0.8223225184025996,0.7187508898794658,0.7468105954391778,0.7743361704369682,0.7660563588095993,0.742933508773984,0.8423062434835987,0.8008192478265348,0.7878357460122921,0.8808002482152968,0.6927676200632173,0.729740365534243,0.7226343936989054,0.7535210768911077,0.8564556025607405,0.7489786232136919
0.8190975917000247,0.8412536310777197,0.7257471518913308,0.8415694296793415,0.8359544972535788,0.7183426091419042,0.0,0.7077818500355781,0.7223206253548247,0.7875191641091853,0.8000242258706486,0.8077621969338928,0.8000426308851294,0.7940947093740149,0.8812376896563023,0.7447898477231232,0.7381299566558008,0.8179110759120476,0.768480479412174,0.751819680859753,0.7829841616095916,0.8053908844222175,0.8459691877932148,0.8624335016765181,0.8184773645450567,0.7351060677242773,0.796681602810537,0.7409632204746216,0.7749366864700806,0.7432211549915673,0.8189868285984917,0.8088794216745188,0.8435216568514045,0.7593075733496669,0.817809267650078,0.7765841289060129,0.8402928025226067,0.707914745228931,0.7820941026605981,0.8761830258540291,0.7711700516336458,0.7425689217594633,0.7597835399746098,0.8304943664059102,0.8015458132183688,0.808359944796795,0.7873642265507499,0.7863018693796623,0.9122365814566665,0.7794349288273285,0.8782416146317404,0.7291088356737718,0.7947526807923246,0.8353762130636547,0.8365199534746862,0.7371703857557003,0.7909703951347771,0.7240544774436781,0.8856635609355967,0.8414264632202368,0.7275590516752317,0.6714713902860828,0.6903827271926155,0.7139003898140069,0.78249563809018,0.7312240295931423,0.8423439574380257,0.8226628311437215,0.7153707471616229,0.7228321328762913,0.7900866018805025,0.8073731776523722,0.7042424091527018,0.8421230744061912,0.6814850800200193,0.8522659417632437,0.8206472313020343,0.9249902207580452,0.6550583110198721,0.6693410592724578,0.6751263269718325,0.7907644093610242,0.8327135299275721,0.6469933203853437,0.7125388596346485,0.7300284413937225,0.6850931389659978,0.8452961660036065,0.8014237790170268,0.7518584685199591,0.795677709388093,0.871589498163546,0.8550450439409156,0.8028339312555491,0.8074127446418502,0.8041855336241377,0.6403372840672834,0.7104864675464643,0.6942728078789938,0.8356651594484772,0.8171474172470352,0.7056424648404561,0.7592612909861453,0.7399158166149239,0.7340893548901033,0.7215084168481479,0.710894635077923,0.7020516120907025,0.8806853505007227,0.8248618254152853,0.8792993863417916,0.7375865389705784,0.750346958249688,0.6824749005949869,0.7445287808860228,0.7533772297544202,0.7546466878438057,0.8320191678644795,0.7178181411094369,0.6848394794446174,0.7844258702498867,0.6422161411636924,0.6818628062300054,0.9171522463049147,0.703207403584302,0.8106242452095453,0.6943275424618752,0.8070225604304695,0.7208275473638994,0.809824919252973,0.6689010781891442,0.6463716837541696,0.7020335827270026,0.7152296475579788,0.7558281255834797,0.7363220701066505,0.7543284194432881,0.8524019308092032,0.7778993087529906,0.8043426162323091,0.8046436710999681,0.7522088057384532,0.9067126941994743,0.7175811233323008,0.8118977411768987,0.7860474922020397,0.7565355840293986,0.8010719192631787,0.7358602395229007,0.5629727490611219,0.779905943994774,0.811480640668465,0.7790266400058706,0.8303873736746124,0.7660704063837068,0.8031014115225296,0.8347269966174866,0.8062405758753354,0.8745163721926873,0.8019212848958331,0.7556943938831842,0.7712789608907211,0.8075828273475627,0.7965378365242857
0.802984781398928,0.8109057897087395,0.8682191963342013,0.8244286947425785,0.73108173966896,0.8752448846269587,0.7077818500355781,0.0,0.7774676301656795,0.7966390012081513,0.8510475194385406,0.8698956241571757,0.8936196820896117,0.7177491709295494,0.7720591090537527,0.895631754574689,0.8048932203723753,0.7930033427976194,0.8029343381255515,0.8044130874219229,0.8503865227873555,0.8235994625129837,0.7450371042193135,0.773443966405198,0.854985090863782,0.7943050394774831,0.8154583013433467,0.7916414881858557,0.726603925369204,0.7905560489099603,0.8249475407398923,0.8364624012259123,0.8123404567594645,0.7631960495562666,0.7410607754804792,0.8016113810065253,0.8767393488022723,0.8346086904000082,0.7894466426413909,0.7562689311108621,0.7666521522003505,0.7626422489087072,0.8254682059634979,0.7518357977142395,0.9017218976275032,0.8403148315697778,0.7298152319111,0.8117627971350303,0.7592157082571898,0.7807890764614651,0.8114576424179942,0.7910186754015761,0.6835443545597562,0.8235678049175612,0.8087827194283298,0.7463189767950517,0.7978087189321793,0.9207783202976703,0.7117683888329377,0.8156369373920623,0.904794693490801,0.7256190213517922,0.8635364862522061,0.6934408654078772,0.6703766608370406,0.7932229835966551,0.8000971759890008,0.8050732648074373,0.7949120019687917,0.9466094148562584,0.8127511823207769,0.69824039685237,0.7233327006284962,0.8709135405533427,0.8716340185322882,0.7104996030672028,0.834671083659208,0.7986214697332873,0.8030133442702779,0.6166714556193155,0.7884372958306807,0.7765991600102066,0.8324036118617794,0.871064022302248,0.7555509916330768,0.8866067814693113,0.9059345377639217,0.750621331382595,0.8704120485154236,0.8050666216061033,0.789688162146759,0.7314611734257332,0.7725359115836914,0.7272701607849825,0.7062029509217981,0.823286246143943,0.7826515685517571,0.7747915191810679,0.6099127432841491,0.8086844305198176,0.7159911730000612,0.8822223706102246,0.7244119345400469,0.7903389758670486,0.8132111551990052,0.8583109385259391,0.8472025192541025,0.7948402504928522,0.7785691836002572,0.7902448208634293,0.7833730841297143,0.7317879821698287,0.7839140709505862,0.8336490910769236,0.7987686988457311,0.8168689603464763,0.7428101888542695,0.7734628129660085,0.7571372683039725,0.7409864926919317,0.7061701829092821,0.8742186374782761,0.6997150114648759,0.8210962291167851,0.6133338145552272,0.843859088619678,0.6964284973339047,0.9123468677232082,0.7979905160887437,0.7674226994955287,0.7889225555662425,0.879451006822073,0.810960434160872,0.7281011867211181,0.8087649168309244,0.6270379461732981,0.7922372847823378,0.7293438139861373,0.8181766623386102,0.8430273582642207,0.7865609495109938,0.7705190967439455,0.7634990414759255,0.749856324891791,0.8137699814694369,0.7442254905569192,0.818732844568759,0.8206257123005688,0.8186518781508128,0.6802798916116556,0.8085873251380227,0.7085324693588553,0.7953325257887593,0.78040334010017,0.8765255698097449,0.8760483523551704,0.7983562011033358,0.8931592473291147,0.6888385533930468,0.7118949278066529,0.7117288914772995,0.697859701655422,0.870625859290377,0.7621260982241308
0.8709272775388384,0.7896709814813243,0.7357216322983234,0.7061783749222956,0.8607877737814337,0.7671490727875862,0.7223206253548247,0.7774676301656795,0.0,0.6821649315463094,0.7956394682393226,0.7574327309621417,0.762617534012142,0.7633174367058781,0.7811711847752154,0.7530798461217625,0.7204876589112165,0.823562264401986,0.7311008603965502,0.7913131165852006,0.7449908032242213,0.8540822647659352,0.6948749263607369,0.7192636146808965,0.7572411280042932,0.648203936141893,0.7663956938790318,0.7036520696186104,0.6671231932223436,0.8673085173620394,0.8181296475783272,0.7365652954451379,0.7253917102030095,0.6317214293909863,0.8193084009163819,0.7279344279522109,0.7892307788673556,0.8124172121260198,0.7333267614637203,0.6878399393109046,0.6951931536301158,0.8600567558549923,0.7256309634866924,0.7360766364928082,0.7276179823218112,0.6942875929456809,0.7346501422003102,0.7257781250743728,0.7339792458595156,0.7842811115877996,0.7477466430023211,0.7129385437056709,0.7697886086898399,0.7157247967695533,0.6958766353136355,0.8020301800379176,0.7739640384675953,0.816557825640141,0.7000093613619035,0.7496514799670021,0.7064268532609546,0.6928027774241385,0.7496455590757908,0.7080232007970687,0.7572473836071465,0.6676421090640638,0.7093394076794965,0.8009621095065868,0.7574774496096235,0.8300669685021023,0.8330213752980288,0.7365910999004174,0.7360794188379898,0.7372423376365279,0.7851909950595427,0.6962929704521724,0.6869239013530376,0.7431386009300495,0.6412683189995398,0.5942258696057435,0.680947413430839,0.8667053026537409,0.8684734340726059,0.7003125461017924,0.7011185070432875,0.8167155465735038,0.772077399274344,0.7553072802033863,0.7205441288113766,0.8081762405925678,0.8378669191706473,0.7910473761020944,0.7633742626001891,0.7072096480348132,0.7883149787673771,0.7728240030831176,0.7021237421655973,0.6766295740281199,0.7421771081807097,0.6778846251240586,0.7141744710411295,0.6678092798078895,0.6444618768132467,0.6791061178462294,0.794966429146384,0.6920720303828419,0.626527291310475,0.7050765566323063,0.6795499841064667,0.7151944407004255,0.7017407139280958,0.7475013022124711,0.7207504265974417,0.7937134558936378,0.6991090908212664,0.7771417188977189,0.6876133547656976,0.739773365768097,0.6318823182520547,0.7930287796431381,0.8048179621042115,0.7081610252919222,0.6795529933226319,0.7638091999711972,0.7941927205783579,0.6856080994940937,0.678681900845002,0.7620988404620057,0.6376681622272476,0.7338098660165036,0.851655399077024,0.7792770007845403,0.73745972170079,0.8787564291635146,0.7420218238888291,0.7277358449920944,0.7492583986091297,0.7281634542096914,0.6995426660352397,0.7901650525294885,0.7097917750831085,0.7770222972557601,0.8198799232381415,0.7822964041847988,0.7426866516217647,0.7199284921405035,0.9127935759942264,0.6571641725090234,0.7196118903060583,0.6410573762597972,0.777465458923545,0.7397507292763034,0.8114182388466934,0.707613523284705,0.7075394629238191,0.8025551798844834,0.7520672890001782,0.7299447927558543,0.7173387116099299,0.669341328778458,0.5898036731186094,0.8031044388865897,0.8444896678498175,0.8729815218319201
0.7330321388789957,0.8981911293450395,0.9160676329489469,0.7662770740193728,0.7383935068272562,0.8524486465069024,0.7875191641091853,0.7966390012081513,0.6821649315463094,0.0,0.8329016255995816,0.8660249869900372,0.843115245795292,0.7462495396260495,0.7323868192394327,0.8574000619976245,0.804687736040792,0.7533767809905187,0.7738031057640196,0.7426000247413956,0.8069380304443516,0.8350161609077627,0.77975218999955,0.7719461759411934,0.8942552024308177,0.680413996408588,0.8000906686152535,0.7713108666639762,0.909952638283093,0.7606578946442939,0.745082813918224,0.8549022224332898,0.7635702092626684,0.7277393643896121,0.7217893227261982,0.7722214015957454,0.8040610326119183,0.7361167511405626,0.7282574410165568,0.7769504611790962,0.7360488774162167,0.7933182308272159,0.7215572353444575,0.7389232101773523,0.7992772532942,0.7374988707427217,0.7626926060155743,0.7950284530758503,0.8034936262635229,0.7086822167907335,0.74191416571704,0.6996485043139546,0.6889689404182067,0.811456803200498,0.8265022952926331,0.769170279517755,0.7076866151812592,0.8151247184660994,0.7951696302672637,0.7557785668215548,0.7840434012717297,0.6324557869823799,0.7004256819907979,0.7247014294310359,0.6211092467232652,0.6688108402992639,0.741627489118399,0.7583105682206146,0.7759018405750813,0.7807900308450815,0.6834532477156994,0.689053752398576,0.6783928046190567,0.8164369441107098,0.7946495301491814,0.7178944760886381,0.7707827136977997,0.8818090636795826,0.6403531395557356,0.6342104155818968,0.8143578162775607,0.6551271093550393,0.8334473315843843,0.7497854363565419,0.6686078221787926,0.764685436567585,0.7168627109303992,0.7066121444396674,0.8002671904702662,0.7104021539511202,0.7217341703246596,0.7281445352766891,0.8006063280374612,0.6734367391770636,0.6865918237566297,0.8585606763876258,0.639711477141674,0.772664200598447,0.603192171246123,0.761241438843967,0.7109806299068738,0.72948197676521,0.6589218817586772,0.8476902383525371,0.68611585413032,0.7414356888508205,0.7595443559566959,0.8213190223315576,0.7906507936584757,0.8567728113279302,0.7916479210517373,0.6457621091698408,0.7321769591857216,0.7670307659012726,0.6796648687087214,0.7523093831656319,0.7644865420002346,0.8393262019193864,0.8243122294052917,0.6959175858942921,0.65958394040195,0.6454047630297723,0.6766174177002613,0.7900310971058031,0.6057467990131111,0.8804339139784922,0.6544382762884545,0.7944181330020856,0.8498050529345049,0.7285695946138133,0.7903432122128775,0.7635621148474115,0.6729114253703851,0.6309958129000236,0.7525686914264464,0.6257186088909304,0.7659971595737359,0.7063550173080007,0.8046627374058468,0.742651291636026,0.7713938671124494,0.8163490288539099,0.7558780542238259,0.7260307619478195,0.8040930162475827,0.7081851556807913,0.7181208133472505,0.8833158350009606,0.8895019103483884,0.7003178635232431,0.6684773024342079,0.802397231086531,0.7560548791577316,0.8685089544049833,0.8455036666278591,0.7481882206656284,0.7777058708128116,0.859860525573572,0.7053032517778345,0.6971844790296583,0.8478662418964686,0.6936543798896263,0.836949754814372,0.6913231312029383
0.9005557926818772,0.8731404117949875,0.8736270252344168,0.8694191467787264,0.8608304377042074,0.8474407435310607,0.8000242258706486,0.8510475194385406,0.7956394682393226,0.8329016255995816,0.0,0.8653684330459473,0.9181616900356224,0.8480479062429732,0.8144973346248876,0.9386083753639146,0.9013024485733503,0.9150070841647919,0.875983033965278,0.8841763496092291,0.8967487376599659,0.9149279479795831,0.8275635350215537,0.8331051227075892,0.9016366073871813,0.7652281448646021,0.8785382676935062,0.8867263178655745,0.8559167140059969,0.8384209701405997,0.8191040748093403,0.8910950697158495,0.8230816469384523,0.763654153278752,0.8728604803180652,0.8493998180854123,0.8952129979033483,0.9141920045929003,0.8223758413943598,0.842249481786699,0.8128932655257065,0.8210518222100776,0.840753502506225,0.84427220890984,0.8500750314592947,0.8060043058078672,0.7223010326977731,0.8946592361989079,0.889537162904916,0.8611254762783421,0.8752127886318555,0.8036009737849218,0.8270081100678701,0.8835730033496518,0.9021332886521568,0.7081253299717573,0.894928768480836,0.9149711794535034,0.8513156408544199,0.8725903744735815,0.8731821986504357,0.6992410541743819,0.8740743720007982,0.7984542439020995,0.760940007764313,0.7933692560152718,0.8071835791559258,0.7938014049723394,0.8796292906278279,0.9157715513392048,0.8116848571259999,0.8269702041727255,0.8178624324999658,0.9108847388851804,0.9197168749915027,0.7884367499767082,0.8552149037121128,0.8717792932916956,0.7411507126175055,0.6946167094375513,0.8188827753746479,0.7860318086725967,0.8316360861875621,0.8615758433918789,0.8165836337688617,0.8562953373014116,0.8415341604910506,0.8225506544663002,0.8408830302303488,0.7160754507752278,0.8839876308157352,0.7436567373911502,0.9228323009236832,0.8298420932462197,0.8448082726658568,0.8150606410239343,0.7355151524329318,0.7365270366734965,0.7021885301177943,0.7923885522524535,0.8209368408141934,0.7964943006374795,0.726715179819451,0.7827066921716578,0.8630400988530735,0.7848007974216592,0.8033155772665904,0.8259856113510338,0.8103228638328768,0.8325209821295825,0.8632137482724531,0.8080075270266105,0.8195900371330717,0.8973122102778237,0.8335104646153051,0.8407787100376493,0.8202859141221781,0.898976004345048,0.8285946950706823,0.7831890354866373,0.8343280184421383,0.7458469878327908,0.7659561384407739,0.8622683896680975,0.7504210752986135,0.8618973995408252,0.7047032849092033,0.821417659736542,0.8331334900423232,0.8234131150388008,0.7818583427605413,0.864283437844165,0.8534483240527574,0.8140540259623731,0.8596694674188256,0.7402294780173428,0.8078546137003417,0.8104845132582054,0.8722974156068323,0.8595286210612793,0.8495112400896068,0.8815147230827026,0.8378628391246412,0.8292472240213765,0.8915669016392171,0.7490007951872499,0.7946914850026331,0.7965597197679795,0.8512690225844181,0.7295834857025015,0.847817336213591,0.8797436325182074,0.9291643169214459,0.7571299948291415,0.8414650683819667,0.8465620862681337,0.9014700396330545,0.8257673443900845,0.8321091234583088,0.8153444310859022,0.7531099086428803,0.8397711510282265,0.8380776757860129,0.900147076875194
0.824413132265491,0.898317811687683,0.8421174229363458,0.8028145299453519,0.7949730572890411,0.8644938091918544,0.8077621969338928,0.8698956241571757,0.7574327309621417,0.8660249869900372,0.8653684330459473,0.0,0.8313446175098754,0.7008258313663787,0.8265574122525072,0.8767994546471615,0.817453050450162,0.792403605874083,0.9361352349020514,0.85557252645744,0.9080492093361269,0.8329633133305444,0.8294923163988798,0.8675091697634865,0.9456521170284733,0.7301011240917951,0.7764613083738946,0.8061220029282938,0.8240859100587556,0.8270699914899087,0.89830091841162,0.8757401851483069,0.8129898345031603,0.8373604181590748,0.8100534676020809,0.836065703674457,0.8612054690062536,0.8007503644252995,0.8684713213386527,0.7795060732053184,0.8266198826809127,0.7795542572265098,0.8410620504324678,0.8484937766602492,0.8808369309713325,0.8384071110520621,0.7871142259142084,0.8626579321405871,0.8596196959480031,0.8004461520204669,0.8349228373446194,0.7934753652400749,0.7371943058564306,0.872225293080896,0.8745613970637798,0.7599326140207597,0.8415232234629175,0.8952164234905392,0.7732014420512335,0.8380277438943587,0.8120498526050882,0.6596204988738841,0.7904911385230773,0.7371364208185158,0.7241933527132864,0.768122124148423,0.7471592554235711,0.7559240993743864,0.7424042708411598,0.8327635599950184,0.7683537047525291,0.7477932540282384,0.6871922302567718,0.8377568832275085,0.8130053853503165,0.8023902781925247,0.7915836715498014,0.8649759563897124,0.769569127028035,0.6657717751489519,0.8024462329269413,0.7683858461584053,0.8653087608699854,0.7736481397246955,0.7638926976157674,0.8546043777968895,0.7951990285613312,0.753676609052817,0.8625968587250155,0.7764180513525689,0.7721765353434712,0.8204344183054126,0.8615440521024386,0.7984738344706813,0.7005365746958653,0.8786692075539398,0.7369196840525851,0.8377090878803997,0.6445847276773495,0.7890716468206312,0.7717285274191159,0.8011453909183686,0.7401018015482761,0.8984617480771858,0.7800335360946572,0.8100132054526625,0.8235023645065074,0.8265769330639215,0.8216883015469456,0.8952870427773776,0.9001431228512539,0.7469356339393062,0.728125272425793,0.7631814087205318,0.7753208382457287,0.7862812915250187,0.8496401140957205,0.8906446206721744,0.7906247723511676,0.6778007487957813,0.7461095270250669,0.70793675960572,0.7458505597745465,0.8927109315730851,0.6677887551223411,0.9199574864997054,0.649048998149201,0.8745233498400015,0.8609835343305932,0.7557859343334311,0.7720488962444351,0.7863529488176343,0.725174500544483,0.7329400711965066,0.8625213875312704,0.6936386432059954,0.8850615286856711,0.7760129021699237,0.8367389656690447,0.9090694480031961,0.7918704897786784,0.8017241390638391,0.8124597623163239,0.7489457631677865,0.8760785974034686,0.7693988127303718,0.830262958693509,0.8384893512401617,0.9086625742085639,0.6924521669751185,0.8347755018721921,0.8423367074534095,0.8365379250695565,0.8022953605797756,0.9515831793320156,0.8401831472454275,0.8191914689184535,0.888366162537484,0.7318341763706684,0.7216628438564766,0.7243493320013696,0.786124981740792,0.9182276522251925,0.7895070344704558
