0,1,2,3,4,5,6,7,8,9,10,11,12,13,14,15,16,17,18,19,20,21,22,23,24,25,26,27,28,29,30,31,32,33,34,35,36,37,38,39,40,41,42,43,44,45,46,47,48,49,50,51,52,53,54,55,56,57,58,59,60,61,62,63,64,65,66,67,68,69,70,71,72,73,74,75,76,77,78,79,80,81,82,83,84,85,86,87,88,89,90,91,92,93,94,95,96,97,98,99,100,101,102,103,104,105,106,107,108,109,110,111,112,113,114,115,116,117,118,119,120,121,122,123,124,125,126,127,128,129,130,131,132,133,134,135,136,137,138,139,140,141,142,143,144,145,146,147,148,149,150,151,152,153,154,155,156,157,158,159,160,161,162,163
0.0,0.5809524012258686,0.5069216426217127,0.48249584171848814,0.459757937104383,0.5209152055478857,0.5083767848792321,0.5089827339574011,0.6231087079723882,0.5173996086170706,0.5572391338891947,0.5074932947831823,0.5896098662169016,0.5240005273861803,0.5352091422829545,0.5443738498376196,0.5684589501639502,0.6707348853812332,0.5578627841641747,0.6700638884640544,0.5669344506641539,0.5747719325134923,0.5113254279070161,0.5065314903626766,0.6060262709555323,0.4817861075531807,0.4623956767351495,0.5376180506618701,0.4902701685587783,0.5239991248771967,0.5662089830359948,0.5884016526099272,0.4917336608250396,0.4849885475624259,0.6055247188672873,0.5137135657423199,0.589431931554185,0.6055774075295771,0.48858731667685285,0.5401271241313511,0.5281963620597585,0.5329900123582849,0.5773812496074361,0.5460839502513595,0.5523683212897126,0.5585856550340287,0.5015704502694964,0.5332021915543912,0.606674814118758,0.6129974500587116,0.612253396537001,0.5552696242052166,0.5195912138815112,0.5354451412309603,0.5452218917784266,0.5313394026098991,0.6719670882118002,0.5195116822326158,0.5806140968407901,0.5460746463112099,0.5087501745250695,0.4574324536925526,0.5777461146671271,0.47707852779574816,0.5660800779883172,0.5475686762817387,0.5198981686909004,0.5609362154366329,0.5479456474050891,0.5518911035847073,0.6280621023871555,0.5599143318114865,0.5577248579584785,0.5842899509209982,0.5632356667434752,0.5409477629312177,0.48749903102544234,0.47847241928241196,0.5442601241244823,0.46054119912803754,0.522551671828849,0.593020280339904,0.5871428455263459,0.5349458582613842,0.5745811175980573,0.621142955448889,0.5069521023900558,0.5983229955788967,0.5406699361099928,0.507210640949318,0.5846993736591495,0.5179256937101991,0.6086997919261385,0.5874558744508467,0.6046901766674466,0.5237730721074828,0.47694545138077815,0.49878053862664984,0.4558554142407485,0.5280797445454466,0.5092496347624582,0.450820468793367,0.48820409991556807,0.47574290937789626,0.6093581790877524,0.5388810704277044,0.5059567658029436,0.5373530912665475,0.5415187977483469,0.5307424348457689,0.5184984876328717,0.5599812526644723,0.5705658091477209,0.4946523631741954,0.5806753715446208,0.5566045573696775,0.5639834799734901,0.5550134612204405,0.49629011957647556,0.4694100336823694,0.5458584786377151,0.46925062767849174,0.5570651305999473,0.5863064505165312,0.5594818222848545,0.5250320434075554,0.47657642946153567,0.4601431755808106,0.5128699922669258,0.5647567200867659,0.5252931010782773,0.5247038250391385,0.5091700915976537,0.5452663504575829,0.5346127744502461,0.5285934427523937,0.5796522233064227,0.5467133850076588,0.5406049100976309,0.5736523552472358,0.5019097803774965,0.5242902584765475,0.5929134527792861,0.5373699572358718,0.55328851648903,0.5421560480209064,0.5619574524383587,0.4906232504575801,0.5995013975999035,0.37194415536658065,0.5955156851936517,0.5645575828113776,0.536389071693786,0.4849768951306432,0.5300287107443066,0.5741314294300895,0.5443549368062998,0.5100644383646395,0.5169204776002149,0.5541561239919862,0.47459506698938353,0.6096492917987729,0.4723785813635144,0.6160574953591638
0.5809524012258686,0.0,0.5303960609122322,0.5203811336035296,0.43488589509798453,0.5532108726776407,0.527105977629334,0.49890291276568743,0.5275760477082709,0.5809609717014362,0.5190732197229696,0.5507924682780165,0.5609596637879591,0.5555727291745317,0.5094965136927433,0.5254053049545828,0.5796906029544971,0.5373323898847736,0.5460837051782272,0.5758884395238983,0.5730117575706909,0.5548103799633718,0.5154938258467842,0.5313151003906816,0.5776819098884858,0.4796696425555274,0.4686182686901186,0.5289383188086884,0.6022534795821595,0.46740298477425046,0.5371528613845391,0.5604729782236002,0.5552528880975789,0.5190843179714069,0.5717462761477631,0.5719506390182815,0.5241244437284882,0.5691312667498307,0.4996359661327114,0.5990467594993041,0.6286636343775862,0.5190572880209555,0.47795793663025293,0.5395700746893318,0.5696942894973923,0.5468108213532036,0.5062349659838122,0.4959044925193641,0.5632282206079449,0.5610141246132035,0.5691766386399064,0.5780308261236987,0.5347388528773093,0.60810440115448,0.5681121841960243,0.5821720204772225,0.5889036240930352,0.5032841541935472,0.5634257569270866,0.5916665264954728,0.5134988853038175,0.4654254621734703,0.5075469558097601,0.4981032336225592,0.4973454638362867,0.5015200749241318,0.5346383485654289,0.4892578710150781,0.4718748895640473,0.47705631914178365,0.5429444165746174,0.546804830366281,0.5245050205757503,0.5732168856271147,0.5557340295823727,0.5074658826340511,0.4733055231029237,0.5093022219656109,0.5190136083356538,0.46667286037961975,0.5324357190693735,0.541830444798104,0.5801760447729332,0.5398532207383772,0.5611123066187039,0.6549687337805112,0.4520094586127546,0.5088342067708252,0.5386622857112492,0.5545524022309978,0.5253096491687028,0.5592010646076537,0.5977192140113722,0.5605168024209428,0.600179421461865,0.5494747711974395,0.4812187503213972,0.5604559489613706,0.4688375481971382,0.5849677285669247,0.5292755002399309,0.41691422528036964,0.4712524788371578,0.49658008011244487,0.5582416721070024,0.5375470846351189,0.5218748770835244,0.5650550022253078,0.5900201756186045,0.5745156767441709,0.5349896016697374,0.5319851238639122,0.5556702824198908,0.4882057760561652,0.5719862687769043,0.6010133631789438,0.5720061672167174,0.48596160220921725,0.5464000905733977,0.4947963493393739,0.5185985377404518,0.4535903003335747,0.5682580294504516,0.5858450348379101,0.5185087570815421,0.5790056791751444,0.5109835826821553,0.48266072712875835,0.6397802118232422,0.5406977182990186,0.5338139944236839,0.5088748413772259,0.4776547775384509,0.5611705382361438,0.5169328898490614,0.4811425559156316,0.5457393450426631,0.5584050192145179,0.5479995379011597,0.5302345884406036,0.49619703194323905,0.5436658385460983,0.648566140497905,0.5470875790880103,0.5615817115262185,0.5002287691924204,0.5502748976749892,0.5233212742016556,0.616676549071849,0.40811731448381744,0.5160243168303869,0.5764901954533243,0.5168701945825018,0.5418234975195917,0.5578880001882536,0.517910268132034,0.514815733811858,0.5394913220821071,0.5386569471469856,0.5211998018240622,0.4992313222044443,0.5782125121890808,0.4841662644341971,0.5380236696834582
0.5069216426217127,0.5303960609122322,0.0,0.4797956224360474,0.4718981950255739,0.5438034578284348,0.46306612425752064,0.5094000477063065,0.4660085113225264,0.5436891790862727,0.5647984539652406,0.5109896330781204,0.5723297034562737,0.4432504049832147,0.4591391816463351,0.6126753040696075,0.6038733076534339,0.5094000397624648,0.4832588086479759,0.4807473402149415,0.6095284844051954,0.6143722397642262,0.4596208979482209,0.49520801548563403,0.5249770310981182,0.5026947933383257,0.4440065795408543,0.4868648952261185,0.4897942396290991,0.48939512332795676,0.4396277975396142,0.527616283968292,0.46585175817558644,0.4336840433051713,0.4319334273573928,0.4683880944886799,0.5163939485027067,0.5109079981279188,0.4564186067457309,0.5295850843047519,0.4986230069582319,0.5412091734852797,0.501462320213018,0.47525187579854333,0.4983694754451683,0.4991715023614806,0.47939098016519444,0.5086855044626698,0.4903584483624239,0.5047023174112839,0.5478632976690491,0.5408790069059507,0.4366286024716549,0.5416044189421272,0.5014393558822516,0.4855572401467646,0.5232181516627349,0.5688512739130329,0.4823041947625148,0.47274716974961284,0.5070755319686069,0.4201829354784908,0.5532833543355181,0.41755273726991377,0.4414307206047222,0.47146241285706614,0.4801347177458509,0.5332036747167679,0.5123845146382363,0.516392138064441,0.5290082717944316,0.4246429634243542,0.48063334439051963,0.6180476453308201,0.5521938515385885,0.40919730609615695,0.5249813040155016,0.5098644501019391,0.47213623160302987,0.4342115891349674,0.5141756729248086,0.4908411551803821,0.5696343923721866,0.49338699315082785,0.5003893671138261,0.5454592711891778,0.4604307650631654,0.4559153968378235,0.45877975187021014,0.46611377412561733,0.5449357328056054,0.42961460278692143,0.516888845910505,0.449128142351424,0.5123693942880687,0.48498907460170393,0.4340576810971235,0.4579703145697312,0.38350474990184147,0.47412833736228666,0.4106436143507906,0.45993037192577874,0.4322239640708023,0.4459267631591531,0.4741257753413824,0.5516714828460813,0.5253467203962442,0.5313058852279482,0.5054183282175709,0.5319931321541657,0.49289209008412666,0.47449212148665737,0.5068468277748519,0.4698587457776179,0.4725875178934647,0.5621868934493183,0.45423112356940076,0.47944258947917334,0.5530571764248743,0.42498047154656826,0.47509568469022884,0.4512625773563674,0.46557330614235864,0.5299173093415368,0.409869014239142,0.5094119369119208,0.45952873881724854,0.4690294735658423,0.5116603924623503,0.47869741606120997,0.4843328851599144,0.6174772335899786,0.43656678684807093,0.45124259591143323,0.47648331630183793,0.41823094387368825,0.4713239340973743,0.4509544598870941,0.5048929560690538,0.48622545211499996,0.4276676268888975,0.47871553525281235,0.49954440997769267,0.49440587624684584,0.5014696553494468,0.4567860345953207,0.5271387466345208,0.5067872518417343,0.5413668014190661,0.3711832626878508,0.4484370911512096,0.4526038208712534,0.5041340295676501,0.5549937152206775,0.5295801986416233,0.49365247513500565,0.4937843776395073,0.566985699670962,0.41515751558782343,0.48367191829435907,0.4570226522902638,0.43953207213554774,0.4438010743638292,0.5136831402123444
0.48249584171848814,0.5203811336035296,0.4797956224360474,0.0,0.4104990374065433,0.49654108801472535,0.5386920967069837,0.5088059324732624,0.4528492824044322,0.5008548365629826,0.5140654953510895,0.5482094555729184,0.48426188899125416,0.439212803684843,0.48276888254401207,0.45939732181341225,0.48599025190524536,0.46597430394193956,0.5173529367142788,0.4377200184750238,0.5208344240264943,0.48792773905247117,0.5092602885602382,0.4780972992222943,0.5404347470256496,0.5014897356110245,0.4622229323075735,0.5000499427855696,0.4653492882107901,0.418008726020623,0.4788945407033438,0.46618397988599947,0.6107829226678045,0.5033007562301484,0.4684385086816781,0.49496733248576974,0.49617374820419397,0.4732355332320412,0.46103879544483983,0.5313680931305802,0.536781527900797,0.4777459247421509,0.4484618555769344,0.5073574901282166,0.5162321331506078,0.46542322546122056,0.40776854471085777,0.4613130919462423,0.5053670384320882,0.4522234606740413,0.5423388988452374,0.5268833965424066,0.41129643943729105,0.6076607289497622,0.5365984554180746,0.46928350148461895,0.4805795197535187,0.5223326862697794,0.471680522453417,0.46044534658745284,0.5019048633233738,0.3928694891084747,0.48186952876756883,0.40147146756950164,0.4181242933676766,0.4347185571170195,0.5140206293224482,0.44951876010362746,0.436094521360381,0.5061676012322792,0.47420612809447565,0.42639079902347193,0.49076561567212723,0.5519668179322309,0.47338009750501003,0.4115897689419376,0.48214182247817994,0.4705837772915064,0.4754636006343664,0.39926087973856417,0.4457962828482357,0.5238435017101153,0.47767722378263083,0.46279787476368406,0.5053355472684866,0.5163866937040161,0.47080924556035497,0.4622438965555297,0.46583712897508,0.4784809281523331,0.525033456585445,0.5090900681171845,0.47945343620809855,0.43859978630209784,0.5201551737040708,0.5230059981440066,0.416028574820307,0.5201228829133491,0.393797183021654,0.5255610243288642,0.4323403956594835,0.4361028287284607,0.5432501708778598,0.5195991707506071,0.4795302329778298,0.4594238166899454,0.4657814516951708,0.5089085238785916,0.4751193613368527,0.47776575531370324,0.5681380578319335,0.48680672087236165,0.5235514509800514,0.45997893291982955,0.478542022858731,0.5128601290128829,0.4600199817021782,0.42649772329208213,0.5600422835997783,0.4577566096669592,0.42242416472961036,0.5065656399494142,0.45588753406238647,0.513779458356734,0.4160040491396982,0.52061666031881,0.44703897954210986,0.4407043125403992,0.525792892389709,0.4459163120520325,0.43461693225306663,0.44913656880861486,0.43890952220746887,0.49772423635070556,0.45772750439395743,0.37818143330623905,0.41486974986605435,0.4811077966895052,0.500056745446055,0.4801158320680998,0.5100445856778107,0.42752463524122825,0.5344240775475629,0.4924434015290588,0.48543388456349224,0.49682220602182586,0.4775257938695694,0.4452288337332191,0.4837679167338069,0.34438905995128943,0.5153753615867036,0.46406749966264843,0.45895695160999656,0.4533623269208965,0.5854099451727692,0.48509675224365395,0.4619483843978088,0.535415669407785,0.5391722541314449,0.488099289935375,0.43061595941483033,0.46471874086925663,0.4445413261773729,0.5008456199925188
0.459757937104383,0.43488589509798453,0.4718981950255739,0.4104990374065433,0.0,0.405600000765818,0.4938550055401798,0.380035110596181,0.4370225925624934,0.4094690106621684,0.5040752419955306,0.47520943066161525,0.4144740646722556,0.3944025175149633,0.46210293340678826,0.46779568901713486,0.4564828784280158,0.44300400834703524,0.4239582794314105,0.41955290106591286,0.4939893522346661,0.5165303447746603,0.4512208950492852,0.4835445500512822,0.44162559017327185,0.4596117409600987,0.39483899403261513,0.38804150396074955,0.4404083290009864,0.4979035721841483,0.42268088741828913,0.42141262449026595,0.4133038178358181,0.38912737961250854,0.43632288385689105,0.43277961060283027,0.4537908654399273,0.45016467809257454,0.45625739844683927,0.4590385705133022,0.45800052676148406,0.472709639752727,0.46357378822555695,0.5032952049410799,0.4049960511663692,0.4060338334244243,0.46103130587462565,0.4940164907425673,0.4822294618054931,0.46261126780075595,0.47912179895044815,0.45335087195922,0.37895330576282504,0.4486525422275315,0.45556821406421644,0.4150581020478163,0.4542611274164888,0.4855819865330437,0.417691532178468,0.40856654424620825,0.36602611311982497,0.3690730079369403,0.4312274218847614,0.40550769112002516,0.41315892125014964,0.37584944607489335,0.39744885096419713,0.46410957414667947,0.423216229808315,0.40887080085449795,0.46623360989529966,0.4100706063061659,0.4052770498579219,0.45149859900877365,0.39902599603237215,0.3670541442162204,0.4293579500142705,0.5310893126961442,0.3957523055680411,0.4000551614037235,0.40307322968145015,0.44999014100836765,0.5047376591279277,0.37794569902227054,0.4339167897533978,0.4404554409023007,0.38160816719367285,0.4178458134374087,0.3713851258576094,0.4091619446261678,0.5578232092104997,0.4153716836794388,0.5078934733115582,0.3902481277596331,0.4523708598037315,0.4485937777958883,0.35429512137032193,0.39742714800018303,0.3950483550313886,0.3796048597990917,0.3962075032825567,0.3741754732509184,0.41012780174194396,0.40655804299564613,0.41034650639997755,0.43047353392072546,0.3911816049736711,0.4252439404669413,0.4338107282509215,0.4537443282329598,0.4668453451888599,0.4714009074733843,0.3969581314124849,0.3987458570849806,0.40278801693728067,0.44786602593002933,0.3850182082146251,0.48134038877716695,0.4317755403830891,0.38421575623874205,0.5505710870048444,0.3828233569403036,0.41655426920621436,0.4740527890930877,0.4161681810352351,0.4327244534211546,0.38636689501454813,0.4220029234243684,0.41161657524598966,0.43343164347893115,0.39988888790005617,0.4396699249784216,0.3722356729806187,0.4388640985111063,0.4241525992400977,0.4207940911941447,0.44369092340696586,0.4722082981493705,0.43332719759233734,0.4560634189792545,0.37265067510661637,0.43098328571257916,0.4372448708349986,0.44025182061668783,0.4738849281638515,0.4513880346280445,0.529921177771434,0.3997629227463703,0.44079966903256634,0.3389053564462495,0.42115225533810374,0.40565276336123895,0.46268429026955493,0.4636425375958822,0.44800312507904677,0.4188457931688951,0.41468162548424664,0.45234816881719714,0.4064467526500703,0.42813619452543245,0.36841411559859166,0.41764943711781655,0.39729375623876495,0.5457675515066447
0.5209152055478857,0.5532108726776407,0.5438034578284348,0.49654108801472535,0.405600000765818,0.0,0.446452037714777,0.5266700650926858,0.4700716773015157,0.5177538189838155,0.5005458714670119,0.5332010518529361,0.5653481705540035,0.45198795350625026,0.4284217567032031,0.555221507114886,0.5577822494401781,0.4606107565214145,0.5212248228534178,0.47820749667436296,0.5534527119191909,0.4800691285533708,0.43121358347612704,0.44501315079299014,0.5395667817950645,0.47837628111323727,0.40691750953242384,0.49555933520833634,0.4854776329993715,0.46870498608060845,0.474495866084048,0.5837993216354604,0.4972115870007723,0.48830082007699077,0.4541932179210823,0.4856096123184454,0.5198892842551608,0.5006288460908052,0.4444428454072128,0.4708424129410701,0.49883623515712,0.5046268009219331,0.46806444317017326,0.503776578244883,0.5053639465252575,0.49600009429415076,0.47767469977711674,0.4944353647943514,0.4641141376840025,0.4791236743002017,0.5439719736923118,0.6117758240879735,0.4534629016178193,0.5464350341895977,0.5115692305587303,0.5542011313484958,0.5188951499128011,0.5663457223845461,0.4457638555435596,0.4876140647445705,0.5461966494117125,0.4691631877671883,0.5809529784392384,0.4076748120787183,0.43162378250066563,0.49039920744096566,0.47537698874722845,0.491133925332566,0.43874122190663056,0.4985412936821801,0.5166880438655795,0.4331623235870675,0.5027739166566103,0.5499820468038245,0.5704435916087457,0.46330682232482545,0.48192082717034357,0.47767314533357386,0.49734057491612976,0.5005332468081547,0.573557657922178,0.4885077428195984,0.5438328700689167,0.5536399833177419,0.5272978899759417,0.5502007730840512,0.5003643548291754,0.45667341990394716,0.5194019448497088,0.48963363936798254,0.5028466554955473,0.48342541655005333,0.49942595137549195,0.4981054343488798,0.49750801992777666,0.5217627971231672,0.46836192958949074,0.5304636174589877,0.4094670976969203,0.5304739612571465,0.4381600841027778,0.44219784768914966,0.45427867163473473,0.4607911994027119,0.5160396902182726,0.5367876728814559,0.5305874380600024,0.5207971472766165,0.48303453903074506,0.5170053700869852,0.5147916793003433,0.4653747583196991,0.601528882145087,0.46419137545121075,0.522480059830836,0.5601211323860383,0.5304727451524992,0.4276369432801835,0.5862542291374306,0.4690348056378255,0.43564465991024015,0.48525563302440444,0.5190591110033793,0.5522461817197867,0.43453391274104874,0.546936811239856,0.49321153451237315,0.468594959300781,0.5714396158040284,0.4421833257173768,0.5102707051863693,0.56996913708373,0.46572771864338475,0.48984569793897764,0.45116836207176614,0.4099209228347994,0.48559676486141407,0.43326776644740755,0.43315048168670817,0.4721886830085199,0.46359515119756606,0.506387252683395,0.5135952327537512,0.4818099616803456,0.49665519157855503,0.46342126741955586,0.5014646201889383,0.5025851748460013,0.5299161269565972,0.39444599971720246,0.47930360412208134,0.49663324863894276,0.4388355932055967,0.45082641102794596,0.5475968652525997,0.47924570213885304,0.46359655424665686,0.5905117517809518,0.43595930349412987,0.5339923427442906,0.4565164819083858,0.5026155547115635,0.44178272614512565,0.48014194298143625
0.5083767848792321,0.527105977629334,0.46306612425752064,0.5386920967069837,0.4938550055401798,0.446452037714777,0.0,0.42624677646179915,0.4522384991861506,0.5155539963614153,0.5075117953923148,0.5508583457867642,0.46854550490071495,0.44611632735383716,0.5408734660942315,0.4639373655686561,0.4803309652414532,0.48939705978636544,0.49503596619751455,0.45437379650201076,0.5314882650696972,0.5005071975249259,0.6036710030230392,0.56375032106682,0.5616371894679312,0.5099179508836897,0.44662990859645735,0.4534737342094603,0.5079061757429705,0.45367530666013306,0.4997748557505477,0.48000885267550975,0.5187017999469818,0.504473733018941,0.4992096388614172,0.4844126606350041,0.5271611843821532,0.46766801437628,0.4872961082087409,0.5904550122019949,0.5319608209278587,0.4900306559945458,0.48341655836049235,0.576816841401789,0.4903520714384085,0.4796565293750383,0.4732226356703719,0.5073657541665764,0.648927186228771,0.4741896823447763,0.5657019561395255,0.4984946420276624,0.4176955305573676,0.543656472551009,0.5509457300615944,0.48781774042450593,0.49949988260802813,0.47561516847806257,0.5259196104538366,0.46600891346398093,0.42422074184397596,0.391892078889021,0.44170901774417176,0.4273712741131375,0.4532625680681471,0.4306116550799694,0.503298413124178,0.4989890534826243,0.4319156076645475,0.4457916846778021,0.4973294102033284,0.47106771024533095,0.45813239422067,0.5295558459922463,0.42157754271711984,0.4496908815373095,0.4836136627982062,0.5703413611030879,0.4534775454067409,0.4383091415190053,0.4478763153881958,0.5104768479967235,0.5396589774497543,0.41721082780552077,0.4999486329590412,0.4891284926689962,0.4232530394484676,0.494411003468257,0.45235863648137115,0.48160388748515004,0.5440338954307746,0.5305755088001541,0.5418848495878154,0.4565850508630013,0.5312218972503597,0.5439845345112115,0.38490957322491903,0.4946799495725059,0.4195025617455373,0.4897516209046429,0.4690417121176174,0.41090057803897684,0.527549120322916,0.508038575644701,0.45437637925718555,0.4668501173469031,0.4442975248219424,0.49495518754363366,0.5284147419233336,0.5421511899027812,0.608744433537935,0.514227954368208,0.47851997355949594,0.4358520313067207,0.46224453256396364,0.4876365680904761,0.4672958620004365,0.5123715061423093,0.5067760023761041,0.42813796820831224,0.493453874558585,0.4306279292237518,0.4722747948385846,0.5820400064790079,0.45453773091770283,0.5317715099457385,0.42968927260093126,0.44732262284833746,0.4934667147027083,0.48762607570992184,0.4243918521508049,0.4289336460273967,0.41869669448025315,0.4737636701841589,0.4664173123410046,0.43193722109050214,0.4737477806470843,0.5642038893086839,0.5128555370084174,0.5162300628584503,0.4653041377631433,0.44996531720663796,0.5468712212546589,0.4766276732498458,0.5419485988578228,0.5532521718117576,0.5004266241812998,0.4645362306394625,0.5100508408574916,0.3375924858803724,0.5013209260426306,0.4862273321938951,0.4596910284180235,0.5244805803476945,0.559400998190699,0.4912764640596061,0.48038431891976946,0.5355778173887582,0.5491389012361734,0.5144409239684619,0.44371751497261697,0.4950008749101655,0.46310646730486243,0.5431841226064105
0.5089827339574011,0.49890291276568743,0.5094000477063065,0.5088059324732624,0.380035110596181,0.5266700650926858,0.42624677646179915,0.0,0.5142701662342007,0.49829655830969366,0.49769137000449243,0.5052541755494319,0.5733838521974615,0.45689297725422323,0.4582940482164227,0.5342919680224575,0.49932735208468493,0.49040861317675316,0.4958442048516894,0.4998510744275569,0.5087326184533635,0.4852696864478856,0.44561860467059855,0.4273864669825209,0.5311697713985455,0.4928419351905304,0.47408082373038424,0.5000429011900988,0.43315259004598483,0.4520859668330768,0.5238339379752528,0.5445980314643005,0.49430406518858283,0.48443697324437807,0.4507897329387027,0.5069073986700015,0.5442961197851819,0.5511058986380314,0.485037618838759,0.46944037441690617,0.4801457430234296,0.45511373091616425,0.5158778390786467,0.4513133679576662,0.6218010647369859,0.5335234240554282,0.41770976689354056,0.46535848008761144,0.4698819358547761,0.5035629449220417,0.5401228807343109,0.48709143599779825,0.4294059001962387,0.5239573079672054,0.5367523449153725,0.4773484868201676,0.5226085777310884,0.5512688043360431,0.4609670037733929,0.5119908899563109,0.6608564107507098,0.4653805341619266,0.5502353162987438,0.42010133834968183,0.4392641380210294,0.5127703105212965,0.5353211278643485,0.4879845713764476,0.49558024508003223,0.6506672583302632,0.5328340348732741,0.45206172818871837,0.4962017751488232,0.5761277822197115,0.573486070980806,0.44385816761940183,0.5360120944531593,0.43825198719161623,0.5771256731313911,0.4057245039708359,0.4684480014730261,0.5264282724048154,0.49813622258131346,0.581348057532695,0.5246449412483887,0.5874606888148561,0.6138902415314846,0.5183626760802745,0.5546229987595209,0.5213665526093975,0.49488168523414433,0.47044862714341545,0.48718819450884193,0.47058578814351243,0.5012208340974362,0.49674635698708397,0.5216596931109324,0.48170470890380307,0.39951003709855365,0.5385432224532439,0.4581110083116856,0.5853185659840715,0.482134386050612,0.4572801360310714,0.5633555538602522,0.5425699449431566,0.5629591525034306,0.4909328296421186,0.47972616506287735,0.4530335271076946,0.4686099472283448,0.4926555065289865,0.5429806303024909,0.5253077417008342,0.526333449086835,0.502394219014971,0.4661603236231094,0.45211832275500863,0.46296645494913663,0.46295123990742293,0.43053436734545925,0.6243979899246976,0.45128820925179025,0.5036971534882045,0.418344715807221,0.5261891989736447,0.47887072344132176,0.5187398926290512,0.5097391175270715,0.49026428962823204,0.48949285118735125,0.5367291551407902,0.5466983327289272,0.4818123101111155,0.4911604207644455,0.39743750362803276,0.4568490861168265,0.4482373718575602,0.5067001106674419,0.5433341530889586,0.47396694436188697,0.4724498997609036,0.5092131401759327,0.5171453819474539,0.49795801918767596,0.4721122990911024,0.498705793471262,0.4859246055607245,0.5198614509980117,0.3711534890560005,0.541384415038699,0.45710152620779165,0.46726710597327276,0.45899305562468523,0.5302281464260865,0.5673629533276602,0.4704625985686618,0.5132264395761503,0.4315555520060128,0.49921652408496503,0.4354115525348875,0.45869127464263754,0.46265400741732443,0.46439529775635985
0.6231087079723882,0.5275760477082709,0.4660085113225264,0.4528492824044322,0.4370225925624934,0.4700716773015157,0.4522384991861506,0.5142701662342007,0.0,0.47648424353177304,0.5116405216372468,0.4866619973979536,0.5013114150049148,0.5161964705857446,0.4764446582214281,0.49732110249574724,0.5030311747136332,0.5634674911215282,0.5033495456706112,0.6012312551210321,0.508012309599665,0.5361542101993926,0.4762230448006197,0.43752173307454917,0.5440924767567694,0.4437067085128841,0.47635327276659306,0.48732106982743667,0.44895174729598536,0.517677096266611,0.5600718523013691,0.5178475495416616,0.4469748221088424,0.45118181227002047,0.5790199970014364,0.5207873407024364,0.5190520987990979,0.6360080221914639,0.4846989527922907,0.46685929074096155,0.4824740708405655,0.5357065575278002,0.5048215192043323,0.48104453131300573,0.5165879908565815,0.48017720112088785,0.4436510230519967,0.46610753008731043,0.5227661020301826,0.5694605453159588,0.5199994916262572,0.47402366203327273,0.4689847641693952,0.48142710539363703,0.5010627900374083,0.5193322931378737,0.5668249127631074,0.5161964762078897,0.5126382800498311,0.5093490972161612,0.4740271186643634,0.4517800256554697,0.49540561246232756,0.5071610038555736,0.5068049997667309,0.47388367998728337,0.49598880122326805,0.4847738245214838,0.5344626760060344,0.5502681756714681,0.5518681176287851,0.5378620233392417,0.5579397740331317,0.5090968321287133,0.5422976419870338,0.46260641795918434,0.4535683781176493,0.4441325021738768,0.49415521767288856,0.41058876391195503,0.45899012537924805,0.5946153244407332,0.52064851839806,0.5020773345409187,0.5611226303041764,0.6015159167966275,0.5158695235840541,0.5632840763442561,0.4926173797345558,0.5236404526538158,0.5577517667025195,0.5219961189848488,0.5363820239710769,0.48814736692038296,0.5932313996591886,0.49476236269700186,0.476620611005025,0.48556545766295656,0.4900167117782473,0.47404871020358197,0.4985860416353122,0.4429838093178562,0.47823706652165665,0.45422671200347625,0.6045154092214914,0.4800637272156719,0.4645958205184867,0.5103110707608682,0.4650481047609153,0.46186176234047543,0.4654924959600247,0.586483190276494,0.5134808647014778,0.5529256196589141,0.49771967090949326,0.4978115326291924,0.48907836861944015,0.5092009809343395,0.4412696455546515,0.5027764296038577,0.5225906913586897,0.48691497760527863,0.5102229062950489,0.49174205577267177,0.5742186034398976,0.4624935807234802,0.4796848333219803,0.44963727119120206,0.47549992750440295,0.5148491599752543,0.5666900630544107,0.5079631905762272,0.5110943764511825,0.6014184210538277,0.5137519674064346,0.46842041922962807,0.49065003117957445,0.4929163430581768,0.5076974473015731,0.5678571153601794,0.44778963324592846,0.529480039476022,0.5679822573871544,0.6066642635217881,0.5310078188499695,0.5154739920601399,0.5679540997930316,0.4392408768817455,0.557851502582653,0.3936582772979993,0.567848985930078,0.5052997955028127,0.5391532681674626,0.45283094722385203,0.4961656602345921,0.5431332031753485,0.4643001925889897,0.45581515949154483,0.4661826718911903,0.4890216356851409,0.421247039638623,0.5695778477287935,0.4960736748155914,0.570710418856889
0.5173996086170706,0.5809609717014362,0.5436891790862727,0.5008548365629826,0.4094690106621684,0.5177538189838155,0.5155539963614153,0.49829655830969366,0.47648424353177304,0.0,0.4975721335959554,0.5057829403758028,0.5599803570004299,0.48988870078028807,0.45639346119333324,0.5298924275394581,0.5559302047207931,0.5375208693415675,0.4969251648695113,0.48898901780513704,0.5293891758876311,0.4990906188990512,0.5481679208614817,0.46415327266199696,0.6502220876821166,0.4713255296495987,0.48750371661358555,0.5321276459652804,0.5635593518114744,0.4744766955274671,0.4750485694552847,0.5620415183648426,0.48029334811590085,0.48861029675517414,0.46823790846429764,0.47784412284090383,0.5285851733475411,0.5209364099574422,0.43315467240999606,0.5504398443478768,0.5014472055947045,0.5293056636433748,0.47960429121863973,0.47406387983708176,0.5195646644669661,0.5209174313742065,0.4815357673173385,0.46649752805710565,0.5660255934901828,0.47396731554701166,0.5245542949781887,0.49646909053701105,0.45493868469302223,0.5045777723150899,0.5194444259095041,0.5593445713805426,0.5100442054252008,0.49829542969590607,0.5617141377065223,0.4874749710033069,0.4905151438987455,0.4278054685598846,0.47830865806144973,0.4445809511998862,0.445318502355339,0.47898023330803347,0.516055545377751,0.5092848465949886,0.5135734368499936,0.5141348344362677,0.4892202949955085,0.4811372131771026,0.49861861978279287,0.564446417349959,0.5249515056694996,0.4944543688947884,0.4833799348947508,0.5088286139301786,0.4918284658384028,0.46135775854325023,0.5425415662835125,0.47778086119835783,0.561593997577038,0.5184533292790185,0.5336164508456516,0.5490051634932234,0.464100667315515,0.5099224051336804,0.5537927927238234,0.48960751636047734,0.5056392591643047,0.4915563581674231,0.5193952035072636,0.4736044442833059,0.5471704079652941,0.5378229020989624,0.41701047945319475,0.5369842472848656,0.4127901375716393,0.540956386171512,0.461321635495291,0.4395779465043109,0.4897517974852789,0.5353008726590407,0.4920843117093417,0.5210699767420652,0.5119500204713862,0.6310887833015649,0.5446397870897338,0.5305834480976847,0.4972144865611253,0.4869916927630609,0.5408383399288036,0.5195215071300386,0.49625188104084267,0.5299658784543902,0.5559626077877333,0.5023459181856165,0.5478686352468265,0.4745937816190756,0.44128570483686275,0.46844117874299146,0.49395758691853425,0.5472926924385487,0.44748410127783134,0.5552762019432489,0.4678556561683615,0.43718045419006063,0.5688889491939818,0.504521043935894,0.5411103862910239,0.4966215492259956,0.46557988126539335,0.45271212524099025,0.45381183755883786,0.4216546732699459,0.4946099369553708,0.47380350103503405,0.5383705235550303,0.515404947959888,0.49259333133995975,0.49703410234810136,0.5447121071600189,0.5007774775065347,0.5293224325079685,0.5001464280308077,0.46194652115348395,0.5625708476231662,0.6593176059489513,0.37840740915643467,0.4668809932772394,0.557918816891581,0.4533390497302521,0.5482689191067563,0.5860032045064358,0.5081489194309879,0.48789822021051527,0.5657761403635215,0.4782177509619964,0.5331554947689213,0.5602419239550108,0.5213760477852222,0.5210713980457754,0.4788101472485964
0.5572391338891947,0.5190732197229696,0.5647984539652406,0.5140654953510895,0.5040752419955306,0.5005458714670119,0.5075117953923148,0.49769137000449243,0.5116405216372468,0.4975721335959554,0.0,0.5639731191056349,0.5521863843832558,0.46147668367958006,0.4812121626668105,0.5956230297470732,0.5594095574976843,0.5134688307291437,0.5114304410128537,0.5079272906684054,0.55945638189681,0.629343285937319,0.5145417540010266,0.51599971488817,0.5624900246550208,0.5111927516200463,0.4957831356148692,0.526871433597562,0.5072684691975095,0.5279398202704491,0.48289936018609186,0.517375961919555,0.47130311353322574,0.4689396738424545,0.4955697242420038,0.48522716437131996,0.5847014037887381,0.5401862102041718,0.5092776270422572,0.5285097575711026,0.48065003505620996,0.5433835275045383,0.498358004478187,0.5226514975404519,0.5096153109218805,0.4571444265447612,0.42257445825282614,0.5771804493015353,0.5632133179859913,0.49720042815806725,0.5431326351049627,0.49236919791334455,0.4054020353068268,0.545441369516247,0.5709929319967434,0.46597747879808515,0.5301384592000711,0.601191429191092,0.4744057845627189,0.46855327732122803,0.497769157079305,0.39552115192454196,0.4981210279559092,0.4346656835743485,0.4281982857097967,0.43344550325687464,0.502465530505148,0.49947793571143456,0.5046843973480531,0.5533565625172913,0.513925639565755,0.44757376129754006,0.5101959636438878,0.5773427002135602,0.5141102907749602,0.41000929202573133,0.545155098042219,0.5203596594471532,0.4545043087285096,0.4284542785490939,0.44343220571626024,0.504991441902301,0.5427601579530015,0.4756082546507375,0.5034879285272689,0.5349214158502189,0.5072959487124648,0.47334378537167854,0.4455092962786291,0.4828792106659646,0.5956755230330667,0.4467157890979361,0.5471706971390706,0.44993303408855195,0.521484830584317,0.5130673325029956,0.4098038510132432,0.450327782357553,0.4060505700955791,0.4569250663799346,0.45605102102975514,0.459400636692526,0.4505065130508725,0.4436700205666328,0.48150776069530404,0.4816250398221458,0.4582829091298492,0.5296864351072383,0.4595995061377207,0.5282847785788553,0.5466500211033483,0.5115118530137144,0.5090994438972182,0.4990366417765877,0.46176983886774897,0.5403891601749152,0.4387104385780195,0.5411127063684259,0.5156734025257347,0.4452642484832967,0.5121140847071765,0.4556552835770953,0.4846824916836912,0.5259038111207804,0.4533240797796264,0.5158478232663006,0.4312594836399157,0.47936587378286794,0.49415934461037475,0.46871689131523453,0.46993005375698993,0.5182428030407784,0.4911350403404281,0.5131580726330199,0.5160817916529312,0.41319669714204654,0.4746663169768775,0.48825410555634974,0.540012274962961,0.5097324082153624,0.43610952159873684,0.4926099576077818,0.502338399439766,0.5059648708254156,0.5440887868966671,0.48642385037533076,0.5370335604375132,0.43826371894055066,0.5248526184570417,0.37005322973307814,0.5231672895151115,0.44686300739282425,0.5575266981093131,0.47348935253842017,0.5231753989379941,0.5210352900480436,0.5672011839016362,0.5258467277569513,0.4769987926307973,0.5183176373666254,0.40065967500138683,0.4746113064198826,0.42934709088331197,0.6451201387678116
0.5074932947831823,0.5507924682780165,0.5109896330781204,0.5482094555729184,0.47520943066161525,0.5332010518529361,0.5508583457867642,0.5052541755494319,0.4866619973979536,0.5057829403758028,0.5639731191056349,0.0,0.48632114652684943,0.4309885032913961,0.49670207958387796,0.5270784469148834,0.5124531479381139,0.45515994515717567,0.5890401107199861,0.4832809701168503,0.5998717942551176,0.5194938360847288,0.5190241264843374,0.5265195686529499,0.5882158190942035,0.5147783506019583,0.43734063118976374,0.4749777022470535,0.5024032841152806,0.4913978063756022,0.5513399925312893,0.5245222452582747,0.5189337364624363,0.5606401001383589,0.4931005781522597,0.5408623426804153,0.5443137719274176,0.5065592637587721,0.5814019896025467,0.5036379394920952,0.542367334388332,0.5119073939582796,0.5002771776778852,0.5908457363074188,0.5356498790622277,0.4771573112199248,0.4511814210584754,0.5498608133035052,0.5489775790774457,0.49602421880200914,0.5784480030825737,0.534503193802262,0.4110614919062009,0.6183542507465306,0.6197916661036041,0.5023571571547822,0.5267698529760216,0.6108874138352921,0.46047610730509586,0.48541059839078454,0.4827311609750917,0.4160422882174059,0.4882794498384191,0.43342776291698804,0.43669420191863695,0.44103464815909715,0.4941226141640167,0.47167667377239564,0.42682379330702314,0.49272776750268693,0.509780444585084,0.44673080940340903,0.47670971872588785,0.5475204442020816,0.47613110651652774,0.4269392733726374,0.5169075716782906,0.5409476591947077,0.4863759837547445,0.44113972085677855,0.4597473588497838,0.5395240325529987,0.5447639559867137,0.45637530718076585,0.5355870535307015,0.5412721778282591,0.49096881613334137,0.4715979151585156,0.4654629621869037,0.52307579228081,0.5509715336729251,0.5396657642979774,0.5503417344954681,0.4633920499927683,0.5098237128055867,0.5770498782404885,0.4363163119855595,0.5377052101029565,0.4255429969501118,0.4878418225884557,0.46882270874281373,0.46490159499284955,0.5158033521864979,0.5151304011880832,0.49159602765702115,0.4947004637830711,0.4902746073019392,0.5169605025700468,0.48152916705640725,0.5535262244547493,0.672183887912222,0.5343218475643174,0.5007434469223321,0.47213582013584726,0.471336379009439,0.5078732110749629,0.46970228476218184,0.5066387131743582,0.5383454197846722,0.44615982670459514,0.48695016655002316,0.48052200452965826,0.49741760796982903,0.5712447619391485,0.4476579746365404,0.5786033657355413,0.45273971897477244,0.513186916862065,0.5580010684454102,0.4533545851361852,0.45802451284829576,0.49491094882344727,0.44925395222379966,0.5332897553990923,0.5184088022900147,0.40933084627997446,0.4872374405557176,0.4947764439515152,0.49337698560404214,0.5540147980636398,0.4449993797329604,0.48898534413686023,0.5417369742368098,0.5242736996529048,0.5688171965889345,0.5248795032873496,0.5786608173271592,0.4573395030102167,0.5480485027004531,0.3761402049221868,0.55379367114058,0.4703425095424761,0.49879368888973524,0.4823575640339292,0.6325079525959649,0.5108222635689196,0.4734974173815099,0.5711725171254387,0.4698172310643776,0.5101654523172672,0.40651974078577446,0.4916101758119123,0.4619900816017396,0.5509665793082755
