0,1,2,3,4,5,6,7,8,9,10,11,12,13,14,15,16,17,18,19,20,21,22,23,24,25,26,27,28,29,30,31,32,33,34,35,36,37,38,39,40,41,42,43,44,45,46,47,48,49,50,51,52,53,54,55,56,57,58,59,60,61,62,63,64,65,66,67,68,69,70,71,72,73,74,75,76,77,78,79,80,81,82,83,84,85,86,87,88,89,90,91,92,93,94,95,96,97,98,99,100,101,102,103,104,105,106,107,108,109,110,111,112,113,114,115,116,117,118,119,120,121,122,123,124,125,126,127,128,129,130,131,132,133,134,135,136,137,138,139,140,141,142,143,144,145,146,147,148,149,150,151,152,153,154,155,156,157,158,159,160,161,162,163
0.0,0.5199211091111822,0.4069939503113619,0.5649823261344876,0.46054912694395356,0.4714655147530732,0.5647398457832957,0.5126328446862395,0.5960899219983877,0.41339687442436485,0.5551893389862773,0.47314986709887785,0.5737322872896405,0.5849918815791818,0.571320527235673,0.5026838690144037,0.5333739126262811,0.7295703212020382,0.4777523361334782,0.6608640497521847,0.5347727010355221,0.5084241265992772,0.5246159336458048,0.5482151125975535,0.5562605607647221,0.5315765382642177,0.5051355500413618,0.48749094498972745,0.40178142651688864,0.4904604640493602,0.5845989983050826,0.5290240316283231,0.5751116294293731,0.5227045250541501,0.6542775512980246,0.5266827816019575,0.6273207661945414,0.5760485917993164,0.47956524554845387,0.6303904718251004,0.5172563997461725,0.5739853931437002,0.600838671321807,0.6005821437335187,0.6064212564090496,0.6189415962349836,0.4868826440860248,0.5045028596838266,0.5993334584328484,0.6013067868160987,0.6177610947824852,0.5321944847098877,0.5646714380084352,0.49852585548470524,0.5050236370013945,0.5355261194222463,0.6608035894816594,0.5104691505973552,0.5652008466202028,0.608455710879337,0.49614443580777023,0.5132574188144875,0.5698149292620702,0.5069342675339066,0.60603142731654,0.6193438825762253,0.6013076452884506,0.5393313227360446,0.5063313403344173,0.5764605539194265,0.6284985078725623,0.6197243376538215,0.5496355722745349,0.565649441715791,0.5075932127810441,0.5932690277538931,0.511690296717666,0.4917227723796127,0.5561858490650653,0.4553970574038281,0.48337074506223254,0.5798175574265125,0.5342703966980641,0.49582409659982574,0.6011601930530067,0.5629881887915137,0.6012211464144908,0.5653039911878373,0.5321536905127863,0.5723526396347123,0.6096404829249508,0.5981369597571148,0.5490770879799108,0.6138976053287557,0.6079587029550042,0.48711695197861093,0.46588359193295226,0.5193278215161928,0.5472252718562379,0.5440363898400588,0.5852589139525858,0.5332655081578588,0.5452580643535003,0.44229924451792313,0.6257067838354141,0.5374990226763033,0.494664984680148,0.5087472196947552,0.5957004620520835,0.5330074718607098,0.5621295327315864,0.6280272063412815,0.5492145628442001,0.49729880988048747,0.6483123518223182,0.548157695843942,0.5884597461312161,0.45232222220257706,0.4593148562529688,0.4927866906838043,0.5940122558188207,0.4857117556365803,0.6212216325545465,0.6029132336939207,0.580250702743568,0.46532807418135397,0.47056111880340423,0.5490933442086154,0.4691057104604435,0.5767716283378543,0.4939215242748407,0.47790600014960266,0.544246009730122,0.5648231191907208,0.5107117402905906,0.5489798405293405,0.537254363436186,0.62966774556585,0.5508864190454219,0.566844587282853,0.5414176602754862,0.5631666333781388,0.598254533457042,0.5143681048677882,0.5958691584182679,0.5372706052918917,0.5149477887941684,0.4677316243569465,0.47504086726813805,0.4245183657172159,0.7003902993013291,0.5381785578625977,0.5178019507483443,0.46773775266106715,0.52810639697369,0.6738724573131634,0.518006075707949,0.5012448981233065,0.6504192266145463,0.518406669188906,0.47221844427842496,0.6458116480619519,0.4737519435453212,0.6811879168448411
0.5199211091111822,0.0,0.5327423665378793,0.5874887923394223,0.42266472247167086,0.6044958812158342,0.4810255934584305,0.6491836058370651,0.511489653011844,0.5237546042779904,0.6124199585171689,0.624877441034382,0.5537302799866002,0.5069254078678955,0.5359925392500647,0.5500471909689226,0.5634282509047782,0.5234630568105527,0.5574638465542004,0.5871416409633268,0.6115140243533702,0.6550077734733812,0.45240200460492735,0.5466303583137322,0.6047533982204228,0.44433690639797546,0.47255494711416424,0.47727328166677196,0.5160186751906467,0.4571389743197988,0.566439969878052,0.5458057376277388,0.6677461552548187,0.4757307331934038,0.508913484231891,0.6003077476427078,0.5205345529484522,0.550792009970545,0.5712204064613711,0.543410883344194,0.5980599708499322,0.5758424722281482,0.5143390469981522,0.554450391962534,0.6112420656230615,0.5344613205071326,0.44521818710117017,0.5203391997874895,0.4929565239269688,0.5420565391654875,0.5383981954374297,0.5010093140980535,0.5699322717998923,0.6712067409773583,0.5868363542103118,0.5171877125279698,0.5513273880106744,0.59802670081989,0.5202155836431422,0.5642619294972607,0.6357253309591393,0.46959909141428796,0.5526743308264626,0.49685776099506374,0.49738406574525,0.5337976249778325,0.5203298327405376,0.46402863448307624,0.47821832564386935,0.5811309502528157,0.5130433630759114,0.48188977608741423,0.4685288556841288,0.5634459250256995,0.6358712454911742,0.4647573538596745,0.49471979153078766,0.47790677704912876,0.4982055320817912,0.4131266277166736,0.5309951039385248,0.5121889569398822,0.5478388955933012,0.526208423385398,0.5128794186807428,0.5832159206963752,0.5554984013593705,0.44811398042006007,0.49266299418630977,0.551516778556762,0.48764848174111763,0.541231639808117,0.5642525695163286,0.5100163585962191,0.5193383592731223,0.5645454889741673,0.5642131707654627,0.5523526386141675,0.44891440842298547,0.4923615365717455,0.5166616932199202,0.5857961559070632,0.45399807765478817,0.5365027588619785,0.5344110144578407,0.49966171692097844,0.5635625954470743,0.5486331683383151,0.5534061642967851,0.6238636408124271,0.5642969787906351,0.4935698657020609,0.49552171845654497,0.5035211816832089,0.5141722197505812,0.5068879258693549,0.5509100826460611,0.4675531647302128,0.5388092437142223,0.4478872796903594,0.4754928836393628,0.4668664585504269,0.5129078374569751,0.5455049651511991,0.4660158308635212,0.5876911516745191,0.445346389091409,0.5970115039002637,0.624741763974795,0.5061398857222734,0.5322316365174152,0.5525222295156965,0.46491761655889674,0.5156586435692166,0.6192789200146374,0.48182028959133905,0.5048496371971511,0.48942791984621986,0.5808919096845765,0.553315321403573,0.5644840659949157,0.5955321076567371,0.5528156695116552,0.576461109849244,0.5870365883068593,0.42215741586128647,0.5392679229199793,0.5319112064000079,0.5900224125544408,0.516904370182793,0.5206817795006227,0.5817622514966945,0.5643386700965667,0.521005834086673,0.6306329873157777,0.593636673070086,0.48369079083288335,0.5256106272372854,0.5008761923643829,0.4288029177234262,0.4947658558872708,0.5061385760998859,0.46889823064587,0.5076647846208803
0.4069939503113619,0.5327423665378793,0.0,0.45292932295054467,0.4190298360346666,0.5759696395555132,0.4076488976420623,0.4946548193879856,0.3889421109100676,0.5092237209069802,0.49542604376417676,0.5009045699120165,0.48614493167435363,0.41758592032417263,0.41532505682146603,0.5402704400654836,0.5145828700051445,0.41726556891380545,0.4172730524243307,0.426428029794952,0.5490641380517428,0.5545924202682049,0.3776576136784093,0.44935537346746945,0.47649791561489163,0.4362354687994329,0.38778303127387664,0.3878597300543153,0.48753834797285067,0.3990968844511002,0.4085118046624038,0.47820316153138437,0.48501608161360105,0.3928948958658758,0.38919041345955774,0.49434960318792026,0.4406060657118186,0.44380960403932623,0.42998157736521986,0.4547049716761353,0.4830032806058581,0.5105667364133694,0.45347366157773694,0.46593593395604893,0.4740801867355929,0.43931885313957825,0.4673697847532606,0.4890077938371402,0.40129838715888483,0.44997477762482646,0.45260860427606814,0.47088686585848527,0.42495867680339,0.5255851246289108,0.4742515388520603,0.4541142665175392,0.4226699303304449,0.5446432268840521,0.43032562034457295,0.4323621661850769,0.4805504611615825,0.43126925030932606,0.5063245923071378,0.4332015776021615,0.39566713625032196,0.43345957066637636,0.4227190677103478,0.44901872927851816,0.4529624923388913,0.45503211481147166,0.44254985766019406,0.38283362954394734,0.40739662429692464,0.49372382962558015,0.5042671259506809,0.3680160809580484,0.44588536065676365,0.4698677150800836,0.41186113042972305,0.3791600040819417,0.5068156556407908,0.40739482610387584,0.4745653062087872,0.4542255827875985,0.42690236387547464,0.46226317982891046,0.43980441958722327,0.3783456325318363,0.40098692289497695,0.4248458537210889,0.43904927303013463,0.4198444871550529,0.4574373431570986,0.3851951100611194,0.42338236256208955,0.4898688399988301,0.4402815196916456,0.480315706742729,0.37971616857473295,0.41556219054348537,0.38783395088592104,0.49077623164934814,0.3974297699450714,0.4752812061187947,0.42320617408206457,0.47913327901498676,0.509177219359562,0.48060985495490643,0.47602290881319886,0.5366954354761504,0.4613168886221909,0.4119321912770885,0.4350342527455811,0.4120891478028994,0.41726687636300636,0.4415577560718291,0.42674004727004655,0.40602567840198533,0.618967926776249,0.3905743471350895,0.40811655168156385,0.4067166271734701,0.431776891725237,0.4460276095745531,0.3650087656988774,0.49904389835827323,0.4155177518439883,0.5153546543845717,0.5822264126146414,0.42894641624092805,0.4516347038550653,0.5596390825433651,0.36617827237627165,0.39209951331140647,0.45777024486738077,0.3987341906644792,0.4223126737260449,0.40133579206647574,0.4634021954307018,0.41803984892133395,0.4291686865587189,0.5135259687202547,0.42473023065198356,0.4731634131948196,0.48028324345062273,0.3891388209797665,0.46094044763749553,0.47968884704985165,0.5237864215354254,0.4926836978278568,0.38122086093193736,0.42837360999273966,0.4307211644402772,0.5722092763305331,0.5185275421648167,0.43797190631277605,0.382291815823818,0.5008667789928217,0.37493571273345644,0.3746231630414656,0.4651399495829317,0.38764923576474164,0.40210166437239353,0.4038316971059272
0.5649823261344876,0.5874887923394223,0.45292932295054467,0.0,0.40910532229602786,0.5455249952431209,0.5233137464092164,0.6315667845803588,0.5203508131889633,0.45629054893617726,0.5322535120111903,0.5074364463128318,0.596384241866687,0.5521759896938307,0.49602314329048763,0.5235759707711037,0.6292315438760546,0.5950669687363398,0.5277501022724193,0.5594847021858349,0.6074623449634194,0.5160985382769545,0.5113158961647657,0.5165625570724255,0.5508182534972836,0.49499543757548203,0.527502381929079,0.5543822275010912,0.4100928577833196,0.46137517629610253,0.5038573860271173,0.5622161424537805,0.6498476144268515,0.5487086199440555,0.495186969186848,0.5470014175258424,0.5178301058707359,0.5383516518335831,0.47353337601830864,0.6744221835062815,0.5491941872650921,0.6379503207283888,0.5065454007420143,0.4992703780698016,0.6296124407499922,0.6733832524819953,0.455601517419611,0.44037360328167735,0.5220779817523438,0.5660544372766814,0.6439619747028563,0.5667018051198217,0.6758497511109424,0.5862413962205633,0.5085826366836819,0.5522610615900201,0.6488601356661489,0.561548800129884,0.5729786592076361,0.7041200198381484,0.6376589744672222,0.539682386963361,0.6000035549584363,0.4743054420043862,0.5430305494514409,0.6918851314526764,0.6381231428990818,0.47276966941331616,0.48596269797475805,0.5856925225070149,0.5417183501209832,0.5009711437069484,0.5660604227498647,0.7010160323053315,0.6457786545377772,0.5132915670521612,0.575520140423262,0.4769881446136491,0.5432935660650159,0.4373546796040292,0.5247738414975396,0.5773694432428337,0.5118871912264814,0.5172999959255415,0.6605590196066521,0.5761702392317134,0.5736892786325883,0.5063148572069264,0.5801627464144604,0.5750001827552998,0.5536100192279488,0.589680747870451,0.5225215986814896,0.6036276438263672,0.6404946502749443,0.4606482975102003,0.5392487433636597,0.5676431736189554,0.47727816157737896,0.6603681063448525,0.4909862939308034,0.6201240902494948,0.5303552572107477,0.450534611712273,0.610942957350995,0.5656289430717241,0.6671036623502439,0.5552731661183367,0.6252920088626331,0.5387594285178502,0.5955771644121003,0.5591066108721473,0.5817432816588084,0.5535314965930368,0.6058374132599679,0.6144251171549807,0.637008375512895,0.4166500722650754,0.5239093243665399,0.5021067902489438,0.48013127922138066,0.5200197781938896,0.5580228823833473,0.5837458049875953,0.4595274616112503,0.47427585783914133,0.5598489984778798,0.5536594871700733,0.531005657081222,0.5017762974355522,0.5318293416462245,0.5588684052775817,0.5116792728854966,0.5385650208280365,0.49094573759264176,0.44323001843345006,0.4524408087900218,0.49309272997428977,0.5308665059235949,0.5421556530667418,0.5175820726723982,0.5543249772173944,0.7354490434451297,0.5685417254481238,0.5318854882491781,0.4655074519377626,0.4867752885774413,0.5356775703085258,0.4798553013446704,0.474099339600088,0.556763137431128,0.5473435707210152,0.5634241960787928,0.5040629228895019,0.5869537852966171,0.5909168532259429,0.5024541299351754,0.5471363675735257,0.526402677225747,0.5165826359691316,0.5135384996558983,0.5301261018142855,0.5089824578866488,0.5373254020678246
0.46054912694395356,0.42266472247167086,0.4190298360346666,0.40910532229602786,0.0,0.40642244035468444,0.47616120244522525,0.39259744405425206,0.421378271923443,0.36378213244041985,0.4724091832577635,0.4390318801935326,0.42156730987213,0.4064901909799398,0.518415001465429,0.4616235651129752,0.4362486721233256,0.4546246305187798,0.38853851648205445,0.4229560217376914,0.4745779212482921,0.48683925004967826,0.4003065961526805,0.48966374366333165,0.41438030048749314,0.474083169190723,0.38024422922096635,0.35088129763301484,0.3909894233522055,0.4703169545375849,0.4441719424497841,0.42090474288410445,0.4677079398949634,0.3740363831627367,0.4337759417392152,0.45182574781746954,0.4628457488549835,0.44647594475594327,0.4609629026034752,0.4613736748936575,0.4756900893462597,0.4444022855206816,0.5419929987485608,0.558093600705692,0.4226082622090731,0.4450268822077446,0.532103080999228,0.5046514480841675,0.44123068913458985,0.4973341264978263,0.4933492920090778,0.45656864988595197,0.4237953231465149,0.43607004929965165,0.4459331947771004,0.4069358856496706,0.4547636535773822,0.48118907186203125,0.4064423151035672,0.4369594032886584,0.36985776751665056,0.4323438593128342,0.4833686204054163,0.4142430757493822,0.449831423822208,0.41167243289436545,0.39406487736716617,0.4974770390222888,0.41785462547239344,0.4165933904501867,0.5049989092871925,0.42851774000564,0.3751522908132213,0.4396293896172929,0.39424582279058445,0.3922409788815339,0.4281729099183674,0.5312841920486759,0.4182343159575821,0.398715786902754,0.4160348581784045,0.43521502770870835,0.5087772973308287,0.3829588610598642,0.4175818608636438,0.42829294490443826,0.4004590291290869,0.4149177814986253,0.3767629323323733,0.4125255331885415,0.536148836190634,0.4306916788954545,0.5187928872737619,0.4043578435589063,0.42547213051292815,0.44541471931993637,0.3774796164114951,0.3922681732481836,0.423329161419589,0.37837470252336125,0.41870604003669426,0.4244132141510783,0.40739643494058425,0.3951009286879539,0.4269090645369128,0.45575345712838755,0.4045940725908937,0.3877383143838208,0.486960517432147,0.4427701048481524,0.44860657931260944,0.4589327091596509,0.3823229694073703,0.3752605572531497,0.4416044113089103,0.4277456550056994,0.39454154578361744,0.4240619024796272,0.4016133581724588,0.3738310508066112,0.5987669655657156,0.3932494442758507,0.4077146917612006,0.49392689859708433,0.4068797171668341,0.43223776512287093,0.37841743840367587,0.5232289152734352,0.39755101272876386,0.47283320101503507,0.38620350389730823,0.4350026463648478,0.3685687415889154,0.4141942908431229,0.41635767909906984,0.5000718238782,0.4705519148201154,0.5076880623105386,0.42041953380712727,0.4607898683384252,0.4045645709164074,0.4580827703547553,0.4182342465822869,0.42047167698539906,0.48154294150168103,0.4200542599638072,0.5253357379484462,0.420900671790296,0.40454238015341276,0.3728201488847078,0.4198126651471854,0.4172177800037338,0.4267497396721202,0.4677017589488266,0.4352876603125393,0.43771549983873415,0.38463757279717525,0.44464471480575507,0.41166711061833794,0.3969809452170505,0.38828464457635925,0.4112864711848159,0.3802357066273268,0.49376100047244675
0.4714655147530732,0.6044958812158342,0.5759696395555132,0.5455249952431209,0.40642244035468444,0.0,0.44063234557449554,0.589377122598392,0.44270194411383534,0.504066154992083,0.5610112967934109,0.5358399577157397,0.5960213320624073,0.46124235929558494,0.43324640939152237,0.6068231108015912,0.6124521350807467,0.4674688263771283,0.47828954802429796,0.48256014895146326,0.6107812966991126,0.5398301534988535,0.418427883169019,0.49437687355351234,0.5427018911512609,0.46917286039991785,0.4330776558997879,0.4674415900922355,0.4676136212662963,0.4493207853066567,0.44739715465989977,0.5429754402017111,0.5431259029078156,0.45642732823464205,0.4212070955658894,0.485985977215424,0.5085030036726487,0.4916002984745051,0.455735857122681,0.5196357257560797,0.5057123974817898,0.6165474161010094,0.46470176432088883,0.4946291255868699,0.523753118107386,0.5117506191728564,0.453813976395666,0.4931864920591386,0.442413597803252,0.46469966781902594,0.5079591796335191,0.535267531365485,0.4923174570839621,0.5592141513036946,0.48916618205261336,0.5522255567224007,0.500586993220152,0.6116996413316244,0.45311881497213036,0.49514886838021505,0.6309268767500803,0.4726619328875822,0.572599933302507,0.4240922709755146,0.4302843454014888,0.5218385552246546,0.5021997714039348,0.4756374299473615,0.4450425373673269,0.5397593152263858,0.48829785269805803,0.4174226220573085,0.4644371066495218,0.5718310929953534,0.6362977201661286,0.4366038206025259,0.5153662893710549,0.49724688815101337,0.4709393562303086,0.472146899620248,0.6255273463044816,0.45259252843844133,0.5493858640545655,0.5389209115192383,0.5037738630157426,0.5318364108532612,0.5456584649407011,0.40522356088762457,0.4801385290761674,0.524426270772619,0.4716814139041804,0.4620262967071748,0.47727893985693304,0.4727932353241874,0.48499217811164025,0.5037372669366091,0.48717215674345377,0.53182308528786,0.4063467031206891,0.4888702683781618,0.43879353919870334,0.5524304399360513,0.4244840904988239,0.4591349855954329,0.47285017642524,0.5381921670179919,0.5874402575021568,0.564880590685205,0.5177371576329042,0.6359529787738396,0.5282592587321704,0.44859901780433403,0.5304362379665516,0.4895418145948043,0.4863480017010617,0.5492415711369427,0.5285280466861637,0.4050225248198455,0.6137071284729344,0.44487466916081825,0.4342499036838465,0.4599253781438774,0.5167004555375692,0.5416947002002483,0.41111011248296425,0.528385578270603,0.45732143785353235,0.5542495948524538,0.5842465879823066,0.4451609584257478,0.5321917895036608,0.6683699197709442,0.45551362989838196,0.45893244043359116,0.48236383825583545,0.417528829633287,0.4676090400495437,0.42097220793321066,0.4728698005576135,0.4685670994850543,0.47762448031800836,0.5665601884396513,0.49413543436005913,0.48986118193827766,0.532862951551672,0.4009896250616553,0.48031989942415926,0.5674519181646664,0.515565540312801,0.5299801820389226,0.44561715084152437,0.4981497544380395,0.4670402739828322,0.5060713319799703,0.600548610737715,0.5214314413899676,0.4708778380690105,0.6274582456422317,0.4296316203344635,0.44363754459761423,0.5097994333108664,0.4624987319266022,0.45851795153310515,0.47293827347670314
0.5647398457832957,0.4810255934584305,0.4076488976420623,0.5233137464092164,0.47616120244522525,0.44063234557449554,0.0,0.45616066724825444,0.4546483612863572,0.4360498187816084,0.542642567241338,0.48750647121776103,0.5395236620460628,0.5078488314159163,0.5449847506518095,0.5080177088896946,0.507700696929037,0.5700533415136023,0.46206763933587663,0.4925744513049996,0.49014212779962385,0.47776522375881275,0.5806735234058648,0.5133493630299334,0.528305125387708,0.4824201136795132,0.512500981981775,0.4650679785603869,0.42175563362628665,0.5105620380226299,0.5149433436530726,0.5934890894679316,0.5218237297816467,0.5210647831026957,0.5003465834127215,0.4934266541736158,0.5765798199774884,0.46674640720169575,0.4740778357058331,0.6116342992889855,0.4538810328693739,0.4988765755303513,0.5782442106345208,0.5365211319846154,0.5406039640420628,0.5605837003463412,0.48433862575342784,0.48734498575525304,0.7001688478599345,0.5332766053997122,0.6426310916897418,0.45112214275853063,0.48980808491429556,0.48833005000764923,0.5772833470114699,0.45344890843844393,0.5431746908028217,0.492737822676894,0.5682936931912088,0.577388873415003,0.45349546625931836,0.48094641951640876,0.481550736829183,0.45338937375032967,0.4975690193210764,0.5048069483084762,0.5215531409877795,0.5107917044624152,0.4806813577361471,0.49182668462124673,0.5049055018578886,0.5121740049023884,0.4551862308760427,0.568285037082003,0.4456101266203166,0.548712162763674,0.6167206170404159,0.5429160022554039,0.4469494313131055,0.42515435697020276,0.42357116211683193,0.4730022321231218,0.5067230097511068,0.41411001945290155,0.4926739213920515,0.44411467034718033,0.48531154281154987,0.5830693805616858,0.5080092248048947,0.45496642973539875,0.5640224356479165,0.5341000155735428,0.6173219320496723,0.5214359659180504,0.4981132344525308,0.4637733279285521,0.4024176972431809,0.4441537697172714,0.4578516421368664,0.5119179123626771,0.5150010954618074,0.5765151515209765,0.5015331192125718,0.4205353633851814,0.49818170332674944,0.4874695630076243,0.48361824853843766,0.4476255553483692,0.5916000171737062,0.4978807015669393,0.5971668311842839,0.5004192203928305,0.4699292529090886,0.4463768718247743,0.5052487701729887,0.47184780483913974,0.5023409234338049,0.5248549074195412,0.4406943233242045,0.4215189695867163,0.5060176886326486,0.4319975642949922,0.4570208679012072,0.5876892866927215,0.43311167612217466,0.4829146448318454,0.44328405570240903,0.5781443419895615,0.445822359549337,0.5031232923012542,0.42882201334411313,0.43134828499021743,0.4563541264982342,0.42986464813721975,0.4405810977098181,0.4565480769899616,0.4749300550220596,0.5435213199225853,0.4947748661849166,0.5249176740477206,0.47197795946030097,0.5320221145096637,0.537089621906756,0.4596438697914826,0.5183887593784552,0.5073853812785041,0.4437384764575936,0.472141138319438,0.44760916737473866,0.38252136965424816,0.5133289829073159,0.4921623272894456,0.4849352317061519,0.5043629796616764,0.47833185726592387,0.5201811586311478,0.49652817754983375,0.4845560682710723,0.532295966494526,0.5721905333610263,0.4370063343675635,0.48186671016079163,0.4154116233511912,0.5065660935128125
0.5126328446862395,0.6491836058370651,0.4946548193879856,0.6315667845803588,0.39259744405425206,0.589377122598392,0.45616066724825444,0.0,0.5273709813720635,0.529253079571708,0.5264559111287586,0.5353481752151434,0.57842125461268,0.5348743662998182,0.4712644287066296,0.5523571756031366,0.5942634801106831,0.5529719082618477,0.5082281025029669,0.5539590798401232,0.5760524047678418,0.518540048940514,0.47705074804902614,0.473466166435284,0.617710683456917,0.47384232973803775,0.5300856621526526,0.5136956896422334,0.46146738345466587,0.4644173433469315,0.5240179182360005,0.5421335669824136,0.6257418377947852,0.5007970242394036,0.48270830768044654,0.5680356074671128,0.5162589896312868,0.6061712607084777,0.47350504760915246,0.5532341416438786,0.5762157060918858,0.6143386780682981,0.5033417830389915,0.4914249157438701,0.6355068278946115,0.5916780078264384,0.4547628352290219,0.4522173298345294,0.48102597738513037,0.5152546793793058,0.5243133026955131,0.5198124527899775,0.5669769140827527,0.542879819634052,0.5094812022300634,0.5922994995419567,0.5479089698386023,0.610205322304154,0.5150068477763071,0.5774583551529046,0.6318310776576359,0.5197706138665267,0.5713286272460308,0.4987889211186042,0.4763207043438007,0.5769402688671313,0.553394079090213,0.4648097648978532,0.5128497655252652,0.6825723852697546,0.5058030604175877,0.4968008181881008,0.504783752327221,0.571918756181933,0.7481463046156651,0.49097546474129594,0.49043945830973384,0.47598634822890223,0.5801682153765971,0.4334238501537292,0.5893921374268308,0.5072579094629062,0.5373728507950196,0.6334519085425995,0.593718715808435,0.6567730612333761,0.621390302091185,0.46502124223504854,0.5827513940275925,0.5973516073747588,0.504872094445993,0.5558067184346137,0.5058409940755316,0.5012508544676888,0.5582911579685511,0.5286201842523516,0.5375235509338354,0.6618509524747457,0.46877120073448053,0.5517379795699123,0.5010618721051524,0.6098434890528892,0.5040864803614702,0.5512325155991068,0.5813865566850527,0.5613743451452381,0.6226879698582408,0.6761507920750467,0.580287917486306,0.5376500248973087,0.5090972182605136,0.5265924332970813,0.5329424537931727,0.628468368373564,0.5732548246432835,0.559320096008757,0.6487758500550098,0.42220919104704413,0.5364266176106827,0.5289932677217887,0.45255516102723514,0.5654648333271537,0.541578720227636,0.5376424527551269,0.45881424003158133,0.5318483592079037,0.4907545029274905,0.5557215947093304,0.6342108732362971,0.5152934884257356,0.6659980463074133,0.5833345966371103,0.5126804395811423,0.51599444887938,0.5029906956943083,0.43944567688121744,0.4882567949940769,0.47256933832536174,0.5825363757354745,0.563475003861633,0.5753882905867941,0.5934053619508985,0.5687641421758506,0.582914200891019,0.5762533401390755,0.4412469572272492,0.4924768442825041,0.5905717069188687,0.5875204632358559,0.5965619398864821,0.5133144202721901,0.609491969558434,0.502141425861251,0.5154270440360779,0.7210284811300184,0.5993286526769432,0.45555053498520454,0.5646219481365236,0.4897010917151231,0.45205688693556156,0.5848253082328879,0.5405279858111905,0.5672093860699177,0.4883424859696101
0.5960899219983877,0.511489653011844,0.3889421109100676,0.5203508131889633,0.421378271923443,0.44270194411383534,0.4546483612863572,0.5273709813720635,0.0,0.39668485763732614,0.46571897920277994,0.4357860925087113,0.47168075631485173,0.5611445140254644,0.5425662551399049,0.43657366276452036,0.4568061301383843,0.6069714310314097,0.43814557990489394,0.5678830285610682,0.4812844138320823,0.4878894602862629,0.4388166125040391,0.45533575761257034,0.4929975142318926,0.4594374603092912,0.475866698190221,0.4207613171299028,0.3864809734713252,0.4487074193262983,0.5974931517000901,0.44142770395538883,0.5792995554631559,0.4244892480215224,0.6056835569492681,0.5253606197522449,0.5031695454125893,0.6323866078736429,0.46748209287955533,0.4992931738380518,0.5472641132303984,0.5314133122682162,0.5073680471792196,0.5197445950098422,0.5248601327931653,0.5243412217925153,0.44403308274044034,0.4340066914114699,0.46748540319672466,0.5477265192943982,0.5026686831934388,0.4820945632416868,0.5818799382027232,0.46118401846757195,0.44487061887286944,0.5431887314442313,0.5468270097381365,0.48230193268562266,0.4896868900468579,0.5299557033243236,0.46509102837477445,0.5102075822595827,0.5199270823146183,0.510648012991994,0.5833277065409848,0.531189794634396,0.5257508675949448,0.4819883834156268,0.4779264022163933,0.577976246600408,0.5856522292825682,0.6053607854654226,0.49782972299170264,0.47226556053508956,0.5044997535753901,0.5024596157218324,0.4199713375214058,0.43722096055836435,0.5573787340789107,0.4119044205109293,0.48508961437424347,0.6140285613629602,0.5131396741236219,0.5101313644604378,0.5577287534670365,0.6107914800262003,0.5637602645065576,0.5010332107150528,0.48617174326328966,0.633990345656207,0.5358358868591091,0.6178925626735906,0.48476449930175664,0.5023750341440477,0.612506157950503,0.49113743303551033,0.5081176356240548,0.5153243582285576,0.5967433866177859,0.47354625385883026,0.5660714978634398,0.4696628061021278,0.5144428641682415,0.4618929843555025,0.6361846573135908,0.4765755129087215,0.4506296681480838,0.4771746891187468,0.51819519617992,0.45039521836360696,0.45037648155861343,0.6153110004153761,0.48584762018923267,0.5295987530522878,0.5817595794513348,0.49099411677962307,0.5268167414695051,0.39768865790302593,0.4113855717902585,0.5381341293590836,0.545824098300029,0.541816125026114,0.5230330781706753,0.5090170201128863,0.6655927992254589,0.43600387512384603,0.45226228206715846,0.48822334651249716,0.4425662990299915,0.5824665146507444,0.5386984609607675,0.46791314652362903,0.5179257636218418,0.6846140998432252,0.49218789149695635,0.5584637996788163,0.48124547534368983,0.5636576637058693,0.5057676583490593,0.5771464460496565,0.5764391357101392,0.5190871669818292,0.5629236336986394,0.5663035539918324,0.5554314261628671,0.45990294454012987,0.5536300282568017,0.4590078844337248,0.4604374188011262,0.44487081554163205,0.6104062466538902,0.5681090565458916,0.47645881374304216,0.43469210988956203,0.5150819817604481,0.6376202225682746,0.4259912630178691,0.45403342608044633,0.5885942297932854,0.42514363239552644,0.4767312486922315,0.6512519398540694,0.5470640450832477,0.5820580080978484
0.41339687442436485,0.5237546042779904,0.5092237209069802,0.45629054893617726,0.36378213244041985,0.504066154992083,0.4360498187816084,0.529253079571708,0.39668485763732614,0.0,0.4915522091881758,0.4974704265859875,0.5150097981808341,0.4559578456149111,0.4063621838577898,0.5315545194478457,0.4820209673471139,0.4412371447928815,0.42478916689353124,0.4300715934609828,0.4491883576885538,0.4566777048985728,0.4410519402609958,0.40186051054169414,0.5926428936068276,0.40562768110645975,0.48113577858598694,0.4363626437018212,0.5919323287945906,0.4264289398543913,0.44478624154829044,0.5519161730257631,0.46531760827567376,0.4369108834404864,0.4047249903563117,0.4777013284899206,0.4803735161461147,0.4576865720707436,0.41630478436978813,0.45084887280633795,0.4292722712617374,0.46938133490282036,0.452511910066583,0.4332007257055634,0.5062642516497438,0.4464824269729609,0.41913790074830876,0.45415059120086765,0.45802791029386947,0.41462309629986344,0.43349106229870504,0.39379123970716373,0.40898271173120554,0.4549992029375148,0.5384003430997154,0.45838389417647496,0.41133974401125567,0.5025266002462588,0.4680277270680281,0.44200372287637174,0.4915629485704256,0.42647135246247153,0.4301444546547448,0.44620088598146745,0.37523367455580026,0.42353326371328576,0.44516810202464946,0.43170608979408037,0.49814694905338,0.5173119915898866,0.40292007631381566,0.41985452877728946,0.40485088919373713,0.4714798072717547,0.49346564153985095,0.43389366109522326,0.46118273727222425,0.466685196836008,0.4165383496140209,0.38660198126824064,0.465655250198812,0.37994080679587694,0.4653359167844339,0.48050454687832117,0.4259628356538286,0.4418087676869173,0.4895600135558473,0.4239724658942641,0.48416239983759835,0.4239803517479573,0.4180795307629647,0.44041528674397473,0.4743967806110409,0.39178179645547995,0.41678483757947404,0.537228483534246,0.39754064215283713,0.48944975536835705,0.3876755073684888,0.4412309723756215,0.4452499517255252,0.5590606144889695,0.4243897166804098,0.5551429174776485,0.42942060692629513,0.44502698707338456,0.48253567873736525,0.5315874994371234,0.47485291062100754,0.4832036521056522,0.44741007457399173,0.40479412169650775,0.43793425201422687,0.4829702814500171,0.42155083635947843,0.4136279609193272,0.4788199692237502,0.47365673154969967,0.5030178256178107,0.42099168215111554,0.37543048386346844,0.4353401097985853,0.41375447808439064,0.44681496296842244,0.37348912264560674,0.5790192946105701,0.3956540099458881,0.4948900540746737,0.5919124610506747,0.4413304891370339,0.4986101208917638,0.44865432573689235,0.4186969445506643,0.373732078556035,0.42482803786714,0.37688690182236045,0.4386172007882117,0.40370076270569566,0.5111808277987892,0.4526322387925654,0.49667413543404976,0.54574567664718,0.42432496943963255,0.4545109134543521,0.4961650915047749,0.40228479813988877,0.39149755127893543,0.5209627435160625,0.6186132887098529,0.4888385355757782,0.39795638363220676,0.49955293191185196,0.40333708648476946,0.514470268042842,0.5301020680529962,0.46025740274803456,0.40416005397184035,0.4824152445056396,0.4138352490765208,0.41552777944117497,0.5144379637501807,0.4233390009484688,0.4315410183423776,0.38248515045556264
0.5551893389862773,0.6124199585171689,0.49542604376417676,0.5322535120111903,0.4724091832577635,0.5610112967934109,0.542642567241338,0.5264559111287586,0.46571897920277994,0.4915522091881758,0.0,0.6400411661347931,0.5926842256406297,0.47632383522443916,0.5382022747739541,0.6395174769237074,0.5912267515011324,0.535016108659928,0.5547555008887096,0.564798110421383,0.5816123813188538,0.5940277059158205,0.4995778937868993,0.6149153076857328,0.6157119652581142,0.46477267655802185,0.478947630627215,0.5003708948554855,0.5243184733360189,0.5334298431735337,0.5370310068783156,0.596668317907193,0.5656540717068768,0.503517384777095,0.4977256885720015,0.5122971850109223,0.5962979957143181,0.5126986812529778,0.5641576688304806,0.5725161967269495,0.5165664620534806,0.5430259866551492,0.5609668398187071,0.6019524095624506,0.5590211843259071,0.5334324761710647,0.4561066427024093,0.6147789850277104,0.5720350118818285,0.5157747910199584,0.5648536154096842,0.4858857588977586,0.49934409168198574,0.5767050729382145,0.637134479647622,0.473890528483673,0.5675614624147284,0.609451372594144,0.49603304541647697,0.5427290136272168,0.5425407307947587,0.4420033631804144,0.5364812571286339,0.4501306059271618,0.46812980472328813,0.5054405229190744,0.490509843064213,0.48635150841138036,0.46750468580304966,0.5526478067725219,0.5002311372655533,0.4731762404816608,0.44052051312605406,0.5670040427901006,0.5412876851779768,0.4958748077061837,0.5564174510583985,0.542523877884977,0.4745483022527341,0.4592372573310802,0.49275978656543146,0.4596126501121577,0.5825030474958381,0.48144983152063714,0.48581734741937915,0.5069003632240288,0.533887624574245,0.45201497714833444,0.4880247750555812,0.48867531911645,0.5110776189777567,0.48102050113878825,0.6357292483942085,0.531068220387067,0.47552058777528267,0.5370238763935243,0.44568865108195793,0.47526583640783865,0.42194555493241725,0.46791115885035417,0.5191564353383552,0.5828342589294909,0.43417246403719806,0.47376660850844854,0.48499331587727107,0.502394800412262,0.5155394251471876,0.5230143953300282,0.5505293867264349,0.6672177505474364,0.6269258111007271,0.4718043744352947,0.47331630526630303,0.46836134643683747,0.5073480989572458,0.5130799870635829,0.5361723724918547,0.5388133894826195,0.5104079785521869,0.41522762557918536,0.5041933953886836,0.4296485131898667,0.5019736811279951,0.6157865304910609,0.4454106679168346,0.6176589950554539,0.40940329461707353,0.623975792389484,0.5394382674130186,0.4857406230024074,0.47502247403275843,0.5081851540894192,0.4766834519472134,0.4621292197591675,0.5413615310532157,0.4770788102715501,0.5734969215002754,0.5013354766245426,0.5481546003487483,0.5468962219371386,0.5101234082152731,0.5804649439757704,0.49969884236300344,0.47361432388755825,0.5894439269272106,0.4272284984064389,0.4954861998379974,0.5200969512554205,0.537062238863777,0.4538768697902139,0.5208590959010511,0.5454646840631632,0.543371740389485,0.4945065301991299,0.5701328739956598,0.5614104340228909,0.5723088951138736,0.5503524314173578,0.5061799257945667,0.4808315466394171,0.45447105175267116,0.4999709318140365,0.4217154989837102,0.5487693497688625
0.47314986709887785,0.624877441034382,0.5009045699120165,0.5074364463128318,0.4390318801935326,0.5358399577157397,0.48750647121776103,0.5353481752151434,0.4357860925087113,0.4974704265859875,0.6400411661347931,0.0,0.5014697697632587,0.42446658464034687,0.5124718578229763,0.5779760104429419,0.5507290125053687,0.4727684277439363,0.6303500951339648,0.5212757008337494,0.571839983043189,0.5609092854812835,0.47519798115053613,0.5706454006891641,0.5688513112257504,0.4165157923622386,0.45076673388942784,0.47777747887242183,0.5297777464987795,0.5067312307944127,0.5220455272333591,0.544311438979299,0.5480901246673567,0.48970696249366874,0.45021228408223624,0.5135856416595032,0.4904712840160904,0.4789198173596966,0.6201684321594879,0.506377145010981,0.5302150596459874,0.4927368234182146,0.5141581968722518,0.5273267596957825,0.5297737280109431,0.5045531125627852,0.42741255607995327,0.5212165702874719,0.5063453374778983,0.491898544508085,0.5180043512816892,0.4568340634093809,0.48851581930015864,0.594216690382711,0.6220354248620907,0.43620173282831026,0.5283201240142692,0.6140840334273566,0.45787146648457716,0.5253535250878729,0.5202974713514464,0.416556941409047,0.4960476515201992,0.4307191955584932,0.44110506135249045,0.4675328360240543,0.43747046542876933,0.42239655994313097,0.42870326132451625,0.5054290210464935,0.4474072050278148,0.4314588284469793,0.39842830520466377,0.5188692053527235,0.5337171150140823,0.4444966342704895,0.5034415433700241,0.4916428566127392,0.4593912443065112,0.408934494623887,0.46192580010274525,0.43886244508636646,0.5295471064010162,0.4499536056108449,0.4558141700851524,0.48780015036048224,0.47243690984578796,0.41525039981499634,0.46334013767117926,0.45736572964842437,0.4601182284541778,0.46311117300900917,0.6072889749757673,0.4889287751624447,0.43608826262350464,0.5067157255397421,0.4559936937143776,0.4657835304732469,0.3922705195977765,0.43823874148032793,0.46675300862372054,0.5696209963284211,0.4100807426017292,0.49615180751095866,0.4558767814747861,0.4719555730117016,0.5244226546958003,0.4995061254915003,0.5155670138723784,0.5882591102327782,0.584450886140201,0.4400462423620501,0.4188725445776182,0.44821290687920456,0.4654361192893813,0.47299409071620485,0.5073228499293763,0.5250755444361711,0.48327310375422144,0.38634131088290846,0.4553895853568184,0.4132914731131635,0.4472705898850621,0.5451470641488843,0.40122062037794637,0.6288365298778484,0.39147972620210003,0.5970691091596707,0.5551492897264065,0.4444543789704817,0.45724954730577283,0.49076614262593077,0.42415511439628384,0.43554893940061234,0.5317203379995257,0.43465075322351343,0.5282749780887025,0.4548480015675631,0.5248324512306248,0.5473047191305767,0.4701453850881796,0.5183880267910261,0.47701723160687254,0.465715672581745,0.5237549907912625,0.3920905956906738,0.48422260961208324,0.5131871119579126,0.5415280529138248,0.46452229479404394,0.4782569629529424,0.5286183330114465,0.5583316426684065,0.4838377277352241,0.5773557320204402,0.4985951203134595,0.49333113304246107,0.5100548547784031,0.44213052120935253,0.4274059698303185,0.42842598435890966,0.44805021760650143,0.410301352578909,0.4760984258755782
