0,1,2,3,4,5,6,7,8,9,10,11,12,13,14,15,16,17,18,19,20,21,22,23,24,25,26,27,28,29,30,31,32,33,34,35,36,37,38,39,40,41,42,43,44,45,46,47,48,49,50,51,52,53,54,55,56,57,58,59,60,61,62,63,64,65,66,67,68,69,70,71,72,73,74,75,76,77,78,79,80,81,82,83,84,85,86,87,88,89,90,91,92,93,94,95,96,97,98,99,100,101,102,103,104,105,106,107,108,109,110,111,112,113,114,115,116,117,118,119,120,121,122,123,124,125,126,127,128,129,130,131,132,133,134,135,136,137,138,139,140,141,142,143,144,145,146,147,148,149,150,151,152,153,154,155,156,157,158,159,160,161,162,163
0.0,0.6357934727708615,0.6500299088534359,0.5218488359167525,0.5697096168575229,0.6771674715203548,0.563679125544554,0.6635227895344495,0.532555493455928,0.6780997171106498,0.5764330845547574,0.5728008008085234,0.771788176601564,0.5163745719256829,0.5762394906230333,0.691625286273644,0.6204646280686498,0.7029673751496456,0.6266215400022365,0.7216487911500898,0.6033275713050169,0.6340341345149627,0.589056163147566,0.5528792655942518,0.722589498026903,0.498623999997156,0.5439385569535822,0.5957464012944399,0.5541266733963877,0.4906559074222211,0.603262681377393,0.6804193048942705,0.5361268132200058,0.5262713426018995,0.6464352641694209,0.49175917775664124,0.6774352968130427,0.5480830074445598,0.518105259044832,0.5857571867985957,0.5085495898460302,0.5793560588433144,0.5543183040091405,0.5117547288153423,0.6177295919731046,0.6075708436924109,0.5495583125654276,0.5238347206439549,0.6490032338110097,0.5368080068076804,0.537859845115383,0.5831609363823094,0.47752852988694594,0.5182886319486852,0.4706635908085037,0.4953778977013391,0.5874568831377099,0.675479390790186,0.533920270468598,0.5959199952317251,0.569842706019349,0.45658383846194284,0.4952021713991476,0.46460111851797287,0.49090681472000836,0.4870835113335132,0.5539522687827981,0.5909453171382647,0.5389310630228283,0.7668276473624491,0.6062485099424237,0.4911279764950228,0.48727471548732365,0.6363606018363568,0.6265171490536882,0.5645324697092099,0.5283072456825888,0.5775923858620803,0.5092789630932405,0.46823297809235015,0.5142892604672534,0.6112795212609681,0.5162856890962172,0.5363039781069066,0.48509224398199624,0.6753968806020373,0.6273271133891822,0.5385002176576659,0.6840258122608156,0.4377201555761541,0.600273545970317,0.5665790086989627,0.5224908439652023,0.5141850659753984,0.4869422510867373,0.5572762296731214,0.4440637060225587,0.5786744321409367,0.4505308413686936,0.6269783239214302,0.4661192489667432,0.5291361108086463,0.4612976991740756,0.5875238631300153,0.5060396907204349,0.6268844254968803,0.4980711856485218,0.6536608663766745,0.5744698399730092,0.5822173832423234,0.549765540480703,0.4754761579489065,0.5628064185587154,0.55137805464744,0.5046082354733827,0.6513756807843429,0.6309386801163063,0.640003290676088,0.49083657771187456,0.562614860769472,0.5329431688440813,0.5100541585428526,0.5687641177252337,0.6092546631927606,0.4913380681459695,0.5869267619519598,0.5059403326128523,0.5322591847175449,0.5321708112580751,0.5285532119927053,0.4947302754732741,0.5760626293166372,0.5236584599366341,0.5415338700752071,0.5574707018229853,0.4566999353706329,0.5386571486843422,0.5591474164132243,0.5718936229357008,0.6067899509749604,0.48508789174500117,0.5435211773600322,0.6433228743901738,0.45645241211728654,0.5341357995582715,0.6083809729364292,0.5500448300541727,0.5621440284699776,0.7154212218868954,0.43627002926307595,0.5767293846273897,0.5056308026367723,0.58946604320329,0.4695424291401282,0.6237889079872937,0.6162319460545299,0.6070332091134039,0.5821252297917336,0.47929017414749014,0.4761628869666293,0.502083396444567,0.5927897578942913,0.4909112172955872,0.6712587140739262
0.6357934727708615,0.0,0.6281467622764804,0.4869935508397691,0.525963724450863,0.6648147428475942,0.6238573057592732,0.7541241392613077,0.5923796418591338,0.7906086378167554,0.48070261995277286,0.6230843201938321,0.6688822051296677,0.4663014403961186,0.6681958726907498,0.5447678426469508,0.48855183132681845,0.5510981524795074,0.5066518864546198,0.5516615352675034,0.5152783906704926,0.6553152660332718,0.547272784512342,0.6007120298787765,0.6478817611361456,0.4617295959533576,0.5471344439729643,0.4743055377072277,0.5059789221957602,0.49604248188265626,0.672223067604868,0.5455987743319156,0.5657914658750671,0.4837641343327521,0.533958884151143,0.4448121545287354,0.6632593631880537,0.4638955012934658,0.49943854665679793,0.5606985625720818,0.4765359986929387,0.5903982952873342,0.46548688657068577,0.46323366056466286,0.6362871945530739,0.5718759191163572,0.5949732991830555,0.46052737829838536,0.5494465398139068,0.45655435264968636,0.47402272817362384,0.5025928484076506,0.4272022622873656,0.4812867100211923,0.42247747804587804,0.600069246963008,0.48053329695719893,0.5663630070714808,0.4646680951529642,0.528932155772942,0.5146449942336407,0.4187483315084927,0.41885406469293784,0.4065017800358599,0.43470390549226556,0.42694061772963304,0.5583790670370553,0.6556492559159627,0.44345651095643507,0.62411577618498,0.5754989095629904,0.43348954074868074,0.4137797168685768,0.5483464800368933,0.5018837492761754,0.5054647167078288,0.47896120519361146,0.5891106637690635,0.45307308048715855,0.42170479170137043,0.459172246391462,0.5919695272966338,0.6405465413476945,0.4590798191429225,0.41607347579635456,0.692077118029849,0.5374156532916778,0.4657638268056404,0.6228907908938358,0.5453487285043181,0.5022887316424584,0.6119127190528468,0.4518297561597032,0.44440479550255413,0.4352724398035055,0.6967659181881947,0.4124745807633269,0.5740679409843266,0.4062836902024631,0.611176546835649,0.435301328675883,0.47057143890542447,0.4148145737045742,0.5847711791891435,0.4336596922810143,0.5888818532986626,0.4375534161610523,0.5848839610947925,0.5600951785661966,0.6400353499900183,0.49175224737619067,0.415261217986837,0.4929395381392871,0.4742463371682684,0.4393613444825758,0.6684871218430763,0.5085776855635631,0.513873815155859,0.4216449975321947,0.5111111713634263,0.4675279984348324,0.47017502297440944,0.4715939788047801,0.6111310315797298,0.43400968235495285,0.5821902508840727,0.45524504274297006,0.6540936184913321,0.46426419898154075,0.49403782547092084,0.536340559579679,0.48937781692925425,0.45959421930880684,0.49223613858753656,0.5024540595366173,0.4142177286074442,0.5654380255844446,0.5326881461426008,0.5202614965560346,0.5517934824462832,0.45505855532632755,0.4700505170380499,0.6241227121157528,0.4116145825178881,0.4849146759809359,0.5744049129811137,0.6716257407598359,0.5711732898058118,0.6179614123856747,0.38107010973369293,0.4973106498453438,0.4456734214010259,0.4859319123857681,0.5814977862792207,0.5935191724659394,0.6552248310205194,0.58976642361024,0.6863450475281628,0.449757866598475,0.41226674028810345,0.46720294039201293,0.49659135830400947,0.4611115514358662,0.5548836063609901
0.6500299088534359,0.6281467622764804,0.0,0.5042049576984352,0.6620042976228423,0.6329559522098787,0.5427404143195549,0.626020635545913,0.5289739751957225,0.6336300354406511,0.5475948007837014,0.543494567385703,0.6706916445638764,0.49549172677791525,0.5781961578348737,0.6374276245246956,0.5696721027994831,0.6153462928012362,0.5128493901237127,0.5755467291274925,0.5807865690608754,0.7544031217772349,0.5233820266556062,0.5545467230249332,0.5963501622065474,0.5051299237519119,0.5315799772152173,0.49976319021548277,0.5353885845817629,0.4789147226909953,0.5418627238455149,0.5544342789544012,0.5413134239454158,0.45642126381934844,0.5587308806477755,0.47528635856275364,0.6129682983566686,0.5222004026762075,0.49471863405822275,0.5780278746799956,0.5091723019938235,0.5982398764047953,0.508835885113342,0.4905088182179595,0.5677104008937088,0.5490276542763612,0.5739641646766594,0.502855644481891,0.5488673832998628,0.5072749642306272,0.5023826102439508,0.5664116279933626,0.4483296003394054,0.5030017843289533,0.4402868893922846,0.5011079042373521,0.5178208384120606,0.6579799519183043,0.4898381626435692,0.5344047612693776,0.5189918092141727,0.43891281591401665,0.47405602185803714,0.44642104048605785,0.4579314173920587,0.444898392711885,0.5295035995490963,0.6259716364126942,0.5220663422641084,0.6658815866524317,0.6031265999400319,0.45385049645600345,0.4560263221522178,0.5951804602358115,0.5694695120722387,0.4708103264876086,0.4974787619052816,0.6067933744247701,0.47173062833439366,0.43750541850343594,0.4950205487349051,0.5907914398355012,0.5390902928444836,0.5019534275220965,0.4507643749551444,0.6732666564060499,0.5476897965438244,0.48207740380037,0.5487796122157638,0.4477870440591337,0.5975091065846929,0.5292670521610044,0.4876999766469959,0.4493560386353819,0.4715467030985684,0.5660423619686689,0.42389109942932157,0.5401744323090202,0.43170362107034477,0.5533024085037689,0.43329830134290337,0.4836014482463981,0.433514559654957,0.5567520038758866,0.4670577016161322,0.6087385036358071,0.4634477169346197,0.601955644302355,0.5559446169499582,0.5654821424706674,0.4993682758171801,0.45459559159130414,0.5160842391970473,0.5129969917309047,0.46696321491359155,0.6669841032432148,0.5126047415656263,0.5376579066063875,0.4750890543496933,0.544694716486295,0.5319664768576786,0.49408070203493953,0.5081633281989681,0.5684582562515825,0.4572699214115199,0.5473861376125787,0.48727294263337345,0.5459044670305754,0.4972083295993028,0.5221425138106802,0.49458759563872096,0.5776112375202731,0.4702276871049765,0.5214756759212665,0.5215507741894444,0.44013212590889916,0.5058065859190347,0.5472834777404489,0.5503951643804562,0.5460902110076227,0.45893719309673936,0.5101943454498493,0.588516882252778,0.4469687557142491,0.5114821165992082,0.5621666533524113,0.6089398429567657,0.5457943347785865,0.6225763235213416,0.42195048608385766,0.49876460135381945,0.45977706231465154,0.5497410743351459,0.5116400679902628,0.5862770302904973,0.5781568307738714,0.5413032049037381,0.5946666439186967,0.4525499238019257,0.43124415329109644,0.4862167602566676,0.5104135938886946,0.47470525491907334,0.6372656171331561
0.5218488359167525,0.4869935508397691,0.5042049576984352,0.0,0.5179866005121767,0.4969102234765629,0.5345475525797667,0.4805299005200858,0.39392100421315557,0.4968347625086202,0.6037528580830503,0.4481391607409229,0.5347050572439166,0.6027768264758533,0.5376492316279621,0.5425855246578623,0.5638148672661725,0.5653624115749258,0.5631397525603041,0.5164419913560638,0.6131879468231558,0.5080128748038932,0.48166158722336905,0.47584023279950377,0.5067495989042693,0.5874515085623732,0.4596942363635376,0.5101179802121871,0.691264382884949,0.3612161186990694,0.4944165406861811,0.5643181162330123,0.6590944489804238,0.47378978251116266,0.6344856906870321,0.6372884786696277,0.5345362663340033,0.6025144102937126,0.6291748454286806,0.628509798328303,0.6640614116340074,0.4197213804348128,0.5704510714313412,0.6429339212222202,0.510043919805313,0.5314235450840635,0.4165776986927845,0.6063838638785554,0.5996498388513752,0.600276798039121,0.6661096324863333,0.584501524644486,0.5461108268686887,0.7502652696357017,0.6561201680655897,0.38258310338936846,0.6078739471154198,0.5326266299751594,0.6600012987539857,0.6196176512340491,0.6714869159617439,0.5208649195220427,0.5525185608953969,0.5344366938750861,0.563654415771891,0.541670145319205,0.6239691134328185,0.482164661617221,0.5178493057727079,0.5536935340839544,0.577484022575391,0.6049506400536551,0.5598296129000399,0.6757239998301743,0.5552263986438252,0.5276286927119528,0.6388727309616915,0.5651908619021552,0.5361382710661752,0.5274901534485508,0.5553993386001207,0.5848828848292192,0.3989542008450903,0.5821097172877561,0.5766136509240701,0.49569931490269564,0.5796676649585988,0.6235315068090419,0.5230355937062461,0.3630612129469681,0.608698096961464,0.5237293940819671,0.6366396219390522,0.5635907160460557,0.6348376722714317,0.4668607198759939,0.521004363260336,0.4764146635364548,0.5334312796135068,0.5880696400889757,0.6067397028670038,0.6024057703507536,0.5874446328721898,0.5131940851166054,0.5834094872020438,0.4916851903101124,0.5775701866572626,0.456707766814043,0.5839030822382301,0.4575286168851289,0.6301101293352465,0.5851541184847111,0.6337492494351146,0.5870970469751186,0.585731591915199,0.4600871702943116,0.5524459889282692,0.5641261457662222,0.6038913073920917,0.5740121006060934,0.6188614836480669,0.6485677722973645,0.5354481704730362,0.5604728563206801,0.5693055395768396,0.6075602204459208,0.5852928965655562,0.4481509469157508,0.6139053792626642,0.6275654435743765,0.36251757972503534,0.555370200397031,0.6152423821810256,0.6267868433318664,0.6193648883746468,0.5350022880320809,0.39288530628551993,0.6609875937949746,0.5448562200255124,0.6001946636326698,0.64400602680946,0.5755980554723096,0.6094977928047328,0.5665040471015687,0.6372391063041737,0.47876322870485133,0.4328012458840027,0.5551741230729373,0.49546589238919997,0.4546989168952163,0.6324870981716487,0.6034149372709842,0.5686655852729293,0.3843115101451289,0.553488177871326,0.5296353729084854,0.4921518379846904,0.4615506898884217,0.7212737604364408,0.5786230891278589,0.5796655361310926,0.6083223770668004,0.5688635735933826,0.6070006750427444
0.5697096168575229,0.525963724450863,0.6620042976228423,0.5179866005121767,0.0,0.5658732523493932,0.5392032081178545,0.5197853397942882,0.4642002301414683,0.5404675592605581,0.5962181797692527,0.5125927232308496,0.5746710566221236,0.4916285062040119,0.5225536832888927,0.6476083851673471,0.5815485351781493,0.5627943718330847,0.5176994958324533,0.5157522179612379,0.5874707722253639,0.6281767504800166,0.5068361266607971,0.5038174797450566,0.5367753084872517,0.5111704755140429,0.49948321235764037,0.49246534995015373,0.5534333942060993,0.4613813870957629,0.4933556760848451,0.5576772396183105,0.5134054997705337,0.4447647059796877,0.5348092804599499,0.48707828700973554,0.5630776776058461,0.5268762156427206,0.5181468135729198,0.5513711401874598,0.502966338889426,0.5364005464237193,0.5136837659251939,0.5116725301097502,0.4967413121759007,0.5006150190376428,0.498373182557266,0.5250702856045713,0.5543157691170125,0.5159584934740818,0.529045529873128,0.5470665393855699,0.44873184151238965,0.5164318136754684,0.47100121899517405,0.4386704375431772,0.5259764010521528,0.688851680610951,0.48743884841460794,0.5250755588077737,0.5030816118405302,0.44930772886278253,0.484031357909712,0.4530810944355651,0.45740556192628623,0.43778538585495624,0.5031314339108535,0.5463057173195457,0.5127678757694589,0.5922384445988809,0.56003694261845,0.4571104887369794,0.46747814302886753,0.5930057080720006,0.5499581380777554,0.45390315122960995,0.5405795811622124,0.6488779328785035,0.45137596980913,0.46398321035037493,0.487522468780517,0.5538912247032334,0.4795496354905978,0.482306546098979,0.4686337018691193,0.5401385507170774,0.5316812225278161,0.49227356886340373,0.4995813920103509,0.39966057939078153,0.6596270319610658,0.49827481306847327,0.5273857329954577,0.45181493636634734,0.4884802664209244,0.5029212151569081,0.41891765547445875,0.48036423925663024,0.4491162161791878,0.5050129480230278,0.4428005727794707,0.49872648114014534,0.4455831362955632,0.49715786277098517,0.47159016865339026,0.5347139724014146,0.46915451200816577,0.5199363636839034,0.5192016520917936,0.5027680877825009,0.5274931741893282,0.47614209856050455,0.5086190880599032,0.5343659482488908,0.46118712085549884,0.5573271944744882,0.49021298905610805,0.5637826808905444,0.491226147203531,0.5360082381437025,0.5715361088411771,0.5017123616598536,0.4909555994000168,0.5534362790293591,0.46306306489833116,0.530072181985731,0.49910280885858915,0.5016354784530441,0.49139545379934463,0.4991848298385891,0.43447000837105154,0.5912350819947926,0.48011966309715337,0.5310329782267411,0.5032478569222054,0.44085178527947094,0.44505006456073043,0.5263319115772248,0.49971737363813784,0.5452351936793929,0.4466330662964059,0.5355987896716029,0.5607559041520296,0.4667300850974294,0.5234273657273106,0.5106819808876345,0.526887941253978,0.5206607561914881,0.5339029508540557,0.4381502524402748,0.4969485080213708,0.4684781366342067,0.5721325882458758,0.446158518379595,0.5460159897638581,0.5156906249954812,0.5094949861721003,0.532373547544483,0.4573517189392886,0.4693277462209646,0.46122100190263376,0.5073406328948629,0.4771896605776595,0.6598358996915696
0.6771674715203548,0.6648147428475942,0.6329559522098787,0.4969102234765629,0.5658732523493932,0.0,0.5686261354721234,0.6466934811489868,0.5529033928667177,0.6515413927456647,0.510700878580083,0.590990668623408,0.6433806182604085,0.4795271054865124,0.5884377089617271,0.5886607108327443,0.5239739678200396,0.5577107173980755,0.5564703242211182,0.5740766279593182,0.5736938363227935,0.6200078315482271,0.49985025466632765,0.5372102049067635,0.6462838565841776,0.4788836664732872,0.47444734568488567,0.47819966668467784,0.5218413658205542,0.48178491080756697,0.6457402523343452,0.6157901539976679,0.5462335647210571,0.48246957438574667,0.5664485085563866,0.4732683532833995,0.6620885157550332,0.4984011347028727,0.5245088691060369,0.52398597085236,0.49381113233095086,0.5885131916863618,0.5100619120647969,0.5146886989434135,0.5717125145951215,0.559952827996316,0.5869410027159933,0.5107411893640169,0.550400194870257,0.49513803708688026,0.5174123565872671,0.5618287598476317,0.45795446730212647,0.5116014767707779,0.44907376812993227,0.5507021434406724,0.5232716932541968,0.6358763906522432,0.48228276001876047,0.5379033221050676,0.5447077946767326,0.46072158728865925,0.4692112084868561,0.42936809766258943,0.4750094912392192,0.46202636460124047,0.5443287840389109,0.6611738826497238,0.46240452647894476,0.6437742718463771,0.6373463320519864,0.4556426114173868,0.45243701699278693,0.5729367498965148,0.5465764063319143,0.5367373445911725,0.502154647939766,0.5952325592367521,0.47273317558643646,0.4753393848375847,0.5227289522196783,0.6418354149414601,0.5664240816001318,0.49176847773808297,0.45586382948894594,0.6344718002405292,0.6094477500957011,0.4989721766160866,0.6090377873046274,0.473774886699627,0.5487973189472443,0.6265485446340353,0.4864727756939463,0.4803335128884308,0.46757322675143503,0.639962836883028,0.44901734906723134,0.5838701057493849,0.44285493843792306,0.5864485611933331,0.45455606064275517,0.5064334042214858,0.44567039395490826,0.5808381509222702,0.4741189657588974,0.586380433231377,0.47167508335004577,0.5583708115054351,0.5444686676699042,0.6032383565048258,0.5339649851595024,0.4489801577885053,0.552502348406716,0.5042224638510471,0.4647387919822275,0.5915211451799285,0.559111849476994,0.5421142470900919,0.463809909229426,0.542360009837542,0.5035601473274898,0.5072187197160449,0.5201869417751032,0.634186250390182,0.4810918250309987,0.5898113655801047,0.4972117956486592,0.5686025188263496,0.4937196522897539,0.49966417034254273,0.5000309498056427,0.5650295721100935,0.4846827975364664,0.5420090744102676,0.5337612501738328,0.45174803528475777,0.5277622334212004,0.5195544946252922,0.48351457614268883,0.5808769554433232,0.47393439778786867,0.52611584342977,0.6363467098756344,0.44682728766157975,0.522820391950265,0.5737699090873619,0.6332666595292338,0.5781291832296617,0.6249455123815816,0.4119097241253776,0.5373227884060057,0.4863820051771372,0.5029086540198573,0.48355193889933173,0.6167988373248972,0.6274942317941733,0.5390110397317026,0.6325642434753713,0.4547330415384949,0.4483762493898467,0.4857766770552767,0.5593294314121365,0.49430387063232134,0.6014953553655117
0.563679125544554,0.6238573057592732,0.5427404143195549,0.5345475525797667,0.5392032081178545,0.5686261354721234,0.0,0.5837973283576561,0.4762679179491224,0.6502971055617015,0.49985413956462676,0.6131155320621853,0.5940976610221558,0.4553509583031482,0.7054401083270307,0.5317379410588715,0.4809307146407186,0.5201548937598918,0.5317321878091663,0.5045812568416355,0.5316915401249224,0.5661515441383287,0.5775319631613862,0.6270995660740238,0.614336932417586,0.49202880098171564,0.5112489022277978,0.4690162901892998,0.5267827119612758,0.45014334655339816,0.634130475880583,0.5557855375100067,0.5891597404935268,0.5142226276241463,0.5168498571034332,0.4556624370190943,0.6708659090990671,0.4544044750114703,0.56815751313369,0.5984873975244772,0.4893695068003324,0.5027979274961135,0.48811554308361055,0.5024137539744844,0.5916733915230652,0.5707986703905769,0.5142379580221146,0.4952101362251486,0.6183817298843004,0.45905639932217934,0.5179446311228098,0.49474157336995667,0.42597367902416744,0.5208625747818507,0.4661832036397967,0.4924022176564365,0.4950423641754894,0.5431784872570193,0.48608532512854147,0.5349735803654742,0.525838504259249,0.42042948257757434,0.4203771567899986,0.4031251138110259,0.44675186383123594,0.43894144819387704,0.5941826933997798,0.6040989042680542,0.424062248102355,0.5662042253553987,0.5610949605464638,0.4442142760573621,0.4143852611531,0.5782185661575342,0.466155514826444,0.5241868510290651,0.5534518469192742,0.6711265075826959,0.45709811366441755,0.4540010988735784,0.45772346252162927,0.5759504058518079,0.5468127702294993,0.44182854644225295,0.4308344261921499,0.5503776829111192,0.5348666344362338,0.49009094256623775,0.5883613072717644,0.4767948766586205,0.5070643444121418,0.5993502192259661,0.48107720509102847,0.4661900759341372,0.4482203591429129,0.6177741342119539,0.4129529405272472,0.521450050060305,0.40869009621333485,0.6082708671052984,0.4648343202540886,0.5194234554556861,0.4453996158498885,0.5574888064657013,0.4325966732690842,0.5445149469387752,0.45752745115503046,0.5104326204466957,0.5779818099957683,0.6101326443958264,0.5691980833257708,0.43083510051159923,0.497411821539876,0.4728264316404688,0.4441546684990948,0.5468204061724882,0.5010856117367474,0.5624663194111865,0.4347469001622095,0.4783054566299647,0.48285285516822124,0.483192333037173,0.4611826617255237,0.6843368299790106,0.4348376769958208,0.6411831063994367,0.4552376194148788,0.6177881083199749,0.469254636336699,0.49889734674465974,0.43408641369807727,0.47330569767507186,0.47696487919145364,0.4857362903232405,0.5180265984522376,0.42251134218130776,0.4983831701184699,0.5589766438341738,0.5102109854251451,0.5922060327017389,0.4702791213146388,0.46859084264178724,0.6208267470949755,0.41803416102226915,0.5151977067996404,0.5492321536788605,0.5494294541574284,0.5923338414617666,0.5430332280285429,0.3679892172496951,0.5297712714114737,0.4597556555711573,0.48491142401266163,0.5106858675291226,0.6021266099178195,0.6371190926134789,0.6079139178193085,0.6434926641766252,0.4845196968562404,0.4519332477147053,0.46939721344877045,0.4962087875839584,0.4765777661802031,0.5589868586174981
0.6635227895344495,0.7541241392613077,0.626020635545913,0.4805299005200858,0.5197853397942882,0.6466934811489868,0.5837973283576561,0.0,0.6040717938904375,0.7737162650654318,0.4783673954595494,0.6528341530260493,0.6556654307170527,0.45861527996206397,0.6254958272241417,0.5600284582164682,0.5017960484945659,0.5663046545735729,0.5304324237147773,0.5973667788330974,0.5327758607473719,0.6168514312460153,0.5766738714929835,0.5895705272615654,0.7149265383785807,0.47109151033448093,0.5440905556970526,0.48986745166247975,0.4867217825571771,0.5032641267377975,0.6988783093237014,0.5562481277056717,0.535868280570372,0.5159816598121137,0.5490193792076299,0.45253185273885466,0.6611992052944882,0.47693237919890064,0.4954459086431626,0.5472126552971456,0.47827248688232854,0.6079768471292208,0.4871032445318552,0.4641161140840562,0.6865914910510239,0.5941718163097408,0.6169941767067046,0.4618785365370532,0.5604590780930424,0.4675017198027092,0.47505684973802825,0.5175607949940867,0.4228125986003992,0.4737864347261593,0.420789301604839,0.5996170632568409,0.49335466420924423,0.5929741640010443,0.46855826139458484,0.5321196670417899,0.5077097398754221,0.4202885335877536,0.4273520076033377,0.4190725498011408,0.44033241985742555,0.43647015555096985,0.5471040502144454,0.6260885001722026,0.45843734978053424,0.6602725408321535,0.5751899512233258,0.43870279240150034,0.42295746669674916,0.5494911610686403,0.5129928187513563,0.5085088155815173,0.47272417383276816,0.5658029024337496,0.47735199338991774,0.416729649969713,0.46190897461661473,0.6043791979838495,0.6008150316333156,0.469217362289917,0.43000204845022255,0.7760763094397689,0.5621822818812376,0.4740711647523993,0.6543389586626461,0.5341316261664594,0.5115046098386077,0.6225089242413189,0.4498016773400981,0.44639193621193873,0.4359448972688465,0.664565505358166,0.41585629303312543,0.6440047225664891,0.4123598381981024,0.6169791970730166,0.43017806801905123,0.48498037595672333,0.430809849452717,0.6452218405394984,0.4450813317547937,0.634596864723057,0.4491641983289257,0.6543545481871823,0.5571747840170672,0.6385240058509737,0.49755305000855987,0.428926819000182,0.49373639381606915,0.48597983855978866,0.4469217043221835,0.6680660962580441,0.5335507172900856,0.529731669630393,0.42928425598985004,0.517793336871985,0.4690311687627381,0.48029134803930695,0.496891496630459,0.5899922182540605,0.43673240585414314,0.5661929576114181,0.460488436013568,0.6308274471191514,0.4795451823813358,0.4936934038311067,0.5526251809230581,0.49911508733999055,0.4586410681246648,0.49349779489542994,0.5148622880904147,0.41224384416161003,0.5940269975897087,0.5308075454476184,0.5468332477243157,0.5728575230608749,0.44752902329660305,0.47321057328925065,0.6169353566753585,0.4171598142007205,0.491711224877304,0.6499496232002459,0.665826073162728,0.5500362390926709,0.709935033666762,0.39208179275681165,0.5160764786088949,0.44440457716974685,0.4960804036267502,0.5688487844135204,0.6402121391850436,0.6621561914715868,0.5564401860595565,0.6705710171799808,0.4363588472615679,0.4110413653039497,0.4668896247752472,0.5073656031511234,0.47388511490272334,0.557910597154355
0.532555493455928,0.5923796418591338,0.5289739751957225,0.39392100421315557,0.4642002301414683,0.5529033928667177,0.4762679179491224,0.6040717938904375,0.0,0.5925275011161313,0.4143218452168295,0.5375184421400778,0.5089116859733704,0.3982650523443297,0.47923109494732313,0.4613696064179101,0.42041899774144276,0.4657731484788945,0.43097115723230045,0.46869698677890176,0.4251526879355859,0.5607078198741263,0.46586915404079016,0.45424559049589375,0.5364224866681372,0.3741874891596233,0.5014823543859086,0.41872802095060774,0.40621183152832263,0.5797630126950248,0.5289521464638627,0.45666069419212835,0.42318651826279424,0.40440736020630264,0.4431574968092367,0.37504660692919317,0.5039785864591374,0.4022628087754552,0.4025925304969572,0.42387266267924106,0.38130357638976575,0.7082347039422329,0.38992776108094085,0.3793933480325405,0.48086676327038064,0.43848810813954175,0.5163345791741035,0.3791849886060346,0.44220914548891627,0.38880400172804663,0.3899638020352848,0.4102988619261541,0.3669318414145469,0.3870250447470181,0.3530523594797619,0.6376644650586214,0.4021521980272931,0.5096439499186535,0.38765737817897683,0.4216679039654927,0.413631922434254,0.36325545366386924,0.3624589934997153,0.3603932997373084,0.37128166847761473,0.358704822169021,0.43428371622263795,0.5211957914290412,0.40565709329754057,0.5415934641516733,0.4583899013621483,0.36529192895920193,0.371677198070474,0.43573964573515617,0.4460926413255444,0.4105183137057486,0.3933108051577459,0.45899778589546447,0.37267155582575706,0.3555394330142207,0.3874605171931501,0.49213665768689124,0.6023832703240722,0.38654635335609255,0.362622656743805,0.5485721360182957,0.4628430389626707,0.39688576302619544,0.4880736931922244,0.5358187570775075,0.439153130542607,0.5036518248563351,0.38052672415291894,0.36888100790002276,0.3767465485359111,0.5530866959948758,0.3560812091254757,0.4897612608580687,0.36311332645177824,0.45457477643500194,0.36071097719636497,0.39464425623203164,0.3568145351142041,0.480896947177093,0.3774826686179226,0.4664366139456417,0.36577155583399323,0.5351298786055293,0.4216759998739227,0.5039292782248183,0.40197237937218144,0.3624169709538912,0.41301276445869994,0.429818942810304,0.3625191135959794,0.5589096713363089,0.425221073156991,0.4383154069671618,0.3599098259532195,0.4565339568753824,0.39258352845736516,0.39942872920436207,0.40368926218190776,0.4597855214619077,0.3823915060810092,0.4330334055914598,0.39535639887621987,0.5082368787439935,0.3827361414022137,0.3953068566448123,0.7432792662644946,0.4318303234072784,0.38876332538042796,0.42768481436986067,0.409556486533866,0.35106708239193024,0.49627153126079954,0.4084985992310632,0.42171705373797297,0.44898451471512313,0.37178610400185186,0.41174654925356624,0.4955356990899282,0.36920633685110155,0.39864294149365914,0.49741041456760116,0.6223498887313079,0.439022223977934,0.5241424046495657,0.3532219341512369,0.41150215674608565,0.3795029214218689,0.43091147636568544,0.5246826597990669,0.4735204565000908,0.502606968695435,0.4702374429189755,0.5318022177746533,0.36623252910361936,0.3546891587657368,0.3799167726648781,0.42304298442582106,0.3998132176126674,0.4691344360236231
0.6780997171106498,0.7906086378167554,0.6336300354406511,0.4968347625086202,0.5404675592605581,0.6515413927456647,0.6502971055617015,0.7737162650654318,0.5925275011161313,0.0,0.49612571972067904,0.6383678103689984,0.6874529647047517,0.4687879595468412,0.6769119168648228,0.565225656104599,0.504901347480703,0.5855612419837115,0.5329650405523789,0.5759130811173384,0.5324116315832982,0.6563018325752644,0.5899428769196772,0.6049919112640275,0.720345518789534,0.4703228360019968,0.5635880924154459,0.4957981150220416,0.5103766026966787,0.5083617179419918,0.6888137492262091,0.5695382559850922,0.5567055967896568,0.5012344087213525,0.5498137292933547,0.44974629839333174,0.6993580444519188,0.4753329435659793,0.5055292606869541,0.5723461098328629,0.47925966982705637,0.607410531025169,0.48775504655927804,0.47196348574819735,0.6493577812220456,0.5907160014553778,0.5944656414202901,0.47111306134955033,0.5892175730255281,0.46706758474988525,0.48760414569168387,0.5098857788148353,0.4310302185279542,0.48529155035120813,0.43124014154538287,0.58200722333117,0.4972761045609941,0.5899579926493808,0.48237011112974587,0.5355747376257807,0.5198351818504223,0.4199932929357373,0.42795879823792377,0.4141114708596255,0.44576679700594013,0.43729338276247315,0.5649440409847711,0.6680186618612399,0.4621096963152557,0.6773829989051069,0.5833491639123843,0.4425999740780124,0.4240371472262756,0.5682415646529972,0.513316590396707,0.5228036494368079,0.49279141079128697,0.5984021637852983,0.4651825285511708,0.4272778757720937,0.466360390331321,0.6077266646261709,0.6239482817027788,0.4653524089798863,0.4281876314139442,0.6933612379045635,0.5610000303709072,0.4852130234295884,0.6552975181723624,0.5224917529495771,0.5216568916260742,0.6176608977243688,0.46301197706592134,0.45358389841076535,0.4440832570112428,0.6842392463538433,0.41323816071630065,0.5884336941346259,0.4107067282716601,0.6200943761246491,0.4391914911601092,0.49068986641086804,0.42999783447222,0.6219357821233409,0.4431292738452024,0.6025953242485647,0.447822203456652,0.6195635200024251,0.5691972297271317,0.644314874038577,0.509167336558012,0.42675727504741506,0.5020982749523757,0.4912608687200303,0.44655361272776,0.6616782530574573,0.531022542699742,0.5534096841041933,0.43112167024608866,0.5159522722169568,0.4752946481140881,0.48095839735502494,0.4835687357866516,0.625156969179382,0.44145883335072844,0.5899729361770945,0.459255623510635,0.62259671559638,0.47243544778795754,0.502509088699717,0.534402758618917,0.49841431724147517,0.46899479669207667,0.49452551798868805,0.5140251454276915,0.41934224378789314,0.5719675843248202,0.5411708830052319,0.5420820672955264,0.5811781188097815,0.46251793104105815,0.47694983646403494,0.6383484863022204,0.418845434517295,0.4964575777368963,0.6126355950192729,0.6436911227961065,0.5782016123176777,0.662668385541445,0.3834385738747834,0.5177454704200302,0.45712148706126415,0.5025319872873995,0.5681635178361529,0.6261922504237938,0.6808545021569501,0.6047162611802646,0.6877584886022365,0.4556065491193109,0.4240339230417503,0.47695661405934187,0.5128022022955768,0.4748892104190163,0.5771566323837859
0.5764330845547574,0.48070261995277286,0.5475948007837014,0.6037528580830503,0.5962181797692527,0.510700878580083,0.49985413956462676,0.4783673954595494,0.4143218452168295,0.49612571972067904,0.0,0.45436426372531896,0.58041077623302,0.5909397694894514,0.4827221820606535,0.6695138129184428,0.6992698943961484,0.6227065153892161,0.5728737812298536,0.5616812874501147,0.6009657290708608,0.5517031299633091,0.5096879302013945,0.4683448395667653,0.5191038498480758,0.5328513621360631,0.5048692317139759,0.6141073419436499,0.6623653069364045,0.4031273558279145,0.46283082780175006,0.5979080007994606,0.5155143578495751,0.4641875931281616,0.6342368505383964,0.5468840904957241,0.5408219260154522,0.6233181945864869,0.5392302320996863,0.5887056300834935,0.5327492619521399,0.46107722667592904,0.5474995966522084,0.5524760515484504,0.48662003205802234,0.4950258478571985,0.41801302731811324,0.5898261893075869,0.6192962188872237,0.5840286788385984,0.583808701909066,0.5581488590640381,0.5028075942941049,0.5766449496116737,0.5665176611302511,0.3840874222923619,0.6170398112634292,0.6101826074498495,0.5800707486784923,0.5825645518838412,0.5875455972299116,0.4745138272843333,0.5445869388826174,0.5287020385425892,0.5003303174516547,0.4878566807892602,0.5330722568075521,0.471944702547875,0.599348347558697,0.5973987141964063,0.5336711589372701,0.5417169291775841,0.5770739186243439,0.655649282896763,0.6379831696128163,0.48793793588157397,0.6135269855193892,0.5575904711348936,0.48287591258160967,0.5057768576496205,0.507764632938434,0.5290155155081614,0.4066538700783817,0.5669847069359223,0.5439054904810883,0.5002235041247458,0.5749085303315493,0.5623001745386234,0.506078455100734,0.35664804468044214,0.6994169693055621,0.46645091984279174,0.6272596528613872,0.5267349831348516,0.5682327511501334,0.4440160555141386,0.4522250335365788,0.453238667806418,0.5008310093281846,0.5215573468665995,0.5141780656372726,0.5413472299017117,0.48770279967339253,0.4672154397147056,0.5477565411677627,0.49263005528945786,0.5180768551381936,0.4983886078166564,0.5146875940904766,0.4592370079876555,0.5733568159692947,0.5455604637605216,0.5817808748148623,0.6321880362809806,0.5317274871315226,0.5028493197632092,0.5384922142567986,0.6350632211764241,0.5783271308278043,0.5764886103368634,0.6389471583046428,0.533408021543524,0.5524610639530736,0.522516820162064,0.5385372729975547,0.532706472718947,0.539393941319895,0.4388883999186282,0.5593535064645914,0.5352824550222613,0.3873697282406975,0.5987444243858416,0.609152599960297,0.591663921473763,0.5573325384981513,0.4811398600004561,0.40637640462530117,0.5615715997101809,0.5447371430094631,0.5485766743735219,0.5019086059705712,0.6055215581646001,0.5579702156740596,0.521611940852288,0.5694544189724118,0.47618325122612976,0.43468038340224374,0.4958678606572182,0.511098899827863,0.49540058872197423,0.5688869532942219,0.5340006853618088,0.7120826340247259,0.38187305106168723,0.5150695644975132,0.4965083868197438,0.5389831712514724,0.45750244016185343,0.5570075057890779,0.5745174019838375,0.4881747327107667,0.5843309327888075,0.48958784974313124,0.7357610997943601
0.5728008008085234,0.6230843201938321,0.543494567385703,0.4481391607409229,0.5125927232308496,0.590990668623408,0.6131155320621853,0.6528341530260493,0.5375184421400778,0.6383678103689984,0.45436426372531896,0.0,0.5638264882665741,0.40380583747115334,0.5717134229796493,0.5256966646843054,0.4630635886475882,0.4843904570743598,0.5197197616320888,0.5236220481869879,0.5018367693789191,0.5344133989561713,0.5992369322232853,0.6214145837360459,0.6768379503834354,0.4522751244173501,0.496108430775688,0.45982951245041354,0.44736958871470567,0.5265955244165658,0.6515954030372594,0.5206870106473553,0.4839165090548233,0.5511330262554925,0.48541209692058934,0.415745729791953,0.6307398622574564,0.4252156357959764,0.4845588703877035,0.503803512990828,0.4364697971441158,0.5778984171608692,0.4577784435022182,0.44776815181026336,0.6109567910174207,0.5384007469979699,0.5877844213646025,0.4470942397528383,0.5458445124137007,0.4234102676049196,0.44886759000800597,0.4781977152418785,0.3793774699068609,0.44360441250196225,0.40300980974294587,0.5809378562779168,0.45712819049016595,0.5657355697917213,0.4217168439404861,0.479357384266548,0.45486880469557034,0.3844648603691519,0.39282931840929536,0.3811521618286948,0.4011647934537337,0.40179027360491476,0.49608574457080123,0.5636347586619357,0.40330876686435363,0.5519120847579754,0.508044047086694,0.39811160718228644,0.3871795315034623,0.5015746360451536,0.44737302932002104,0.4729893483120905,0.4607931199221686,0.5697531493255079,0.44025824369830024,0.4071862982709117,0.42037573069210493,0.5294562736973998,0.6015105186283911,0.41438088489773317,0.40257445291120125,0.601288209452556,0.5124161126397736,0.4312087099578737,0.5721549113694053,0.5391705688467283,0.4718883082602556,0.5752093211209638,0.4218599053766012,0.41926926686395893,0.3964407445862552,0.632724594490403,0.3776247720194663,0.5998176980799741,0.3802495438264174,0.5455243847249993,0.40170858398040227,0.4617293362058438,0.40952118043256525,0.5855410692506492,0.40155505321346696,0.578884558195726,0.4191609191286008,0.5997162092737706,0.5028872158388629,0.6811940287889289,0.5066787000167896,0.40083524417722666,0.44736378590422293,0.43818075296677306,0.4073621444676121,0.6025840696668997,0.48690131594076763,0.515006073697164,0.40447483286145536,0.45260879862552544,0.43609132277098045,0.43386742660804417,0.46491155461393474,0.5767321527640784,0.39748293882151103,0.5390682639121807,0.41716120636988846,0.6547684889355422,0.4441822584101234,0.4338116288922427,0.5087940557088956,0.4515091411714013,0.4215926781615133,0.44729546397814546,0.474338231603811,0.3767379708649371,0.6123357243854096,0.48310182097481424,0.48968770835605563,0.5331429713193926,0.40204369816769736,0.4344594263547677,0.542449091875923,0.3815458090277741,0.4628614111612024,0.6341094082647585,0.6240362186716863,0.49844835299358276,0.6078145593170724,0.36431865825627785,0.4873379818918828,0.40531682584700596,0.4570353420967885,0.5550721115362852,0.6143990631544091,0.5860353225617755,0.5446303559692256,0.7149339689338791,0.40308841891009367,0.3968355867925016,0.4127018421085836,0.4610270100317041,0.4335779658192668,0.5205443517654239
