0,1,2,3,4,5,6,7,8,9,10,11,12,13,14,15,16,17,18,19,20,21,22,23,24,25,26,27,28,29,30,31,32,33,34,35,36,37,38,39,40,41,42,43,44,45,46,47,48,49,50,51,52,53,54,55,56,57,58,59,60,61,62,63,64,65,66,67,68,69,70,71,72,73,74,75,76,77,78,79,80,81,82,83,84,85,86,87,88,89,90,91,92,93,94,95,96,97,98,99,100,101,102,103,104,105,106,107,108,109,110,111,112,113,114,115,116,117,118,119,120,121,122,123,124,125,126,127,128,129,130,131,132,133,134,135,136,137,138,139,140,141,142,143,144,145,146,147,148,149,150,151,152,153,154,155,156,157,158,159,160,161,162,163
0.0,0.36651482253566453,0.29619191724877664,0.2952517488994598,0.24415311844431742,0.3445906583691677,0.27742212841451425,0.30563494256402723,0.3636299177348009,0.32605262712013555,0.2857828288437258,0.2593348908082598,0.4355763850211673,0.32802669017841063,0.36896746989109547,0.31165528188458697,0.3571890327158447,0.49400550941601623,0.3735623887892715,0.5337276339457998,0.326336858117783,0.3452780277124379,0.28462512244729604,0.29646990559546077,0.362292716892334,0.24445255479600123,0.24689978860833764,0.3351144786293734,0.28328517941631914,0.29075401510744797,0.3364992892895479,0.3860707512903861,0.37052602256042655,0.26993550662525967,0.37749429750552926,0.30721169582291336,0.35438869009590473,0.36985682989201624,0.24308938206772351,0.34471967162421996,0.3450932934393864,0.2856405769859731,0.41602975139069537,0.3288208214172835,0.32633533611428434,0.3880393374088659,0.2931671848589585,0.29090707308097274,0.35763393934961557,0.4844254323179702,0.40040464397535097,0.4112943980223374,0.28474756492349085,0.33385844085148364,0.30493131416960245,0.32398976890259373,0.5419311816356223,0.2696181760272706,0.3541782635888969,0.44429498315377336,0.3303864173863012,0.3255892514805729,0.3494961338079254,0.2647066970035479,0.3668113586602425,0.36169329540613643,0.286971862160731,0.37786784497524933,0.34588874266094755,0.341274326450249,0.48597282583016016,0.3956349171581904,0.2976472861545317,0.35146795124796926,0.3757314978785015,0.3261236081563572,0.24939312382809423,0.24458110256000673,0.3583912738484106,0.2667003222148085,0.3003084004279405,0.39462425070438806,0.3457852048584887,0.348425565658876,0.33694524593933783,0.38771170118011455,0.28452184534214153,0.40244292408830523,0.3518986813412009,0.2749674266429575,0.34678378401373994,0.3124056344759575,0.40983196764439417,0.38759809818011487,0.3567965249735669,0.3155287000495598,0.300915171424215,0.28536054298179236,0.2642397232302469,0.3662500671830892,0.30756977423155485,0.2773732138829765,0.27280882848618576,0.30834268398919745,0.4485903495404011,0.38218694077575316,0.37451159335578454,0.3046925506215453,0.35926946773486007,0.2908906098886537,0.28550149369956723,0.3261596704535888,0.3486649207502042,0.2538016889168986,0.3667670368336588,0.34859523113185265,0.33358594240031303,0.339591515305017,0.2826072561631058,0.26685612520549684,0.30782337666633725,0.27352378301505476,0.3355167112975153,0.3872642306725953,0.31158882410515554,0.3221670476267204,0.2821939146403883,0.25019486738316515,0.30209339655417566,0.46625608622126763,0.30059406037502207,0.31656750256685867,0.2819284827441559,0.2999724282211247,0.30431413477759717,0.31261699783321883,0.3672205756565439,0.3553455083870973,0.31891461877364247,0.3647846882887356,0.31567632830129105,0.31478115974217025,0.37328934308604805,0.29250014295247473,0.30083249379792937,0.29769166185531787,0.30530390907829547,0.27701517664748004,0.36842980488868954,0.20413401461856953,0.35668138740197775,0.31702569908635636,0.350056871603114,0.26186036665670964,0.3036741429591917,0.3591634728445482,0.3390822521812865,0.2906243514427593,0.34772726880161053,0.33838190874820095,0.267047267626638,0.3960743203267108,0.24787310054630132,0.34444034525729916
0.36651482253566453,0.0,0.3298864675724115,0.3220985998517133,0.22444511748684906,0.3963290910425946,0.29310626157355557,0.3989742047697325,0.3217018348534819,0.44525662174373154,0.2945157664096906,0.3134862670220549,0.3714117884167476,0.37555136945601375,0.3432248234685752,0.3311559298910995,0.3682336631054274,0.33749891720443453,0.44693789160309266,0.4107221875668691,0.3502380119675987,0.37024934472550536,0.30623103371610594,0.31920904979014164,0.4081135724267229,0.24327694362362265,0.2595096173530882,0.3537542971406177,0.43458522311380415,0.29270833527534534,0.370364886664246,0.3871821837944845,0.4490311947885267,0.2776729278087361,0.3441350722894121,0.33208062083648965,0.3296004741163691,0.3927500325190703,0.2769131140856219,0.3657693919334734,0.42692233936637725,0.289979490452768,0.2970848872709148,0.3108245647160016,0.39441709365685174,0.31676237249140843,0.28623420349348216,0.2757673628772655,0.3530501996389671,0.3562409775911487,0.36570160831032733,0.35255344141514994,0.2902164565001929,0.41370011000293366,0.3446731386731389,0.37685218901196527,0.4044596055267801,0.28992156055508916,0.38001187669042213,0.42282691979100834,0.4001038140651699,0.2772845555124255,0.2839736292741819,0.26830222702480333,0.27914908067196426,0.28506546554664813,0.2867990788861381,0.32372625723916043,0.32920356819560365,0.361616663266579,0.35291437847905505,0.3922670588159084,0.263536212453118,0.36007038894165766,0.3708427907247065,0.29212500152274523,0.25648376193804123,0.2917069441057339,0.3312690120409059,0.29198451793696045,0.2987720266091674,0.3295865216880945,0.439785870165391,0.34763271181490474,0.3314812410379814,0.49518008024374244,0.28561547155918027,0.31924903408108846,0.3150098672828246,0.3200722985171752,0.28284586366904746,0.3225984922879781,0.40507521318589346,0.33909692372736766,0.3594081061247837,0.3994262935110622,0.3172266276209508,0.3384431998563329,0.25273705704973565,0.35567886930113957,0.33567438657392096,0.2800513566522332,0.24900780925393734,0.39817088589081007,0.35379612979584885,0.3371312653767343,0.3276654181508696,0.3715591820147099,0.3477570710390967,0.35227274219964644,0.2874185743245819,0.28569450228710674,0.3278640363763543,0.2647963165990348,0.3459692786443539,0.4108454679905265,0.3349650197957154,0.3015032862637114,0.32076466992425406,0.27209924507065103,0.301730399888354,0.2982450039617248,0.34461717204586956,0.41489074725963393,0.31741807960552426,0.46355598914533186,0.2939423406345351,0.3007881023671232,0.41689882390242083,0.36658552423850305,0.3737399714857037,0.3338314864443083,0.29811388091507557,0.29947374230036333,0.3246199708999437,0.2731105114631696,0.3371343510197119,0.3479630140812294,0.34557386397779555,0.3522589975241326,0.32600133210508836,0.3509134605805447,0.4087007269023813,0.2982445913682625,0.328033569443992,0.2699156329556762,0.3192084417715792,0.30081456994170236,0.486600670993187,0.2468570713101509,0.30405501175461547,0.3509388118477117,0.31762054691116964,0.3327271177709901,0.34745681606125456,0.3657280219025684,0.3657093458814019,0.33594818359217365,0.34714037706135004,0.3142608631730281,0.28762246095882327,0.43405133624070313,0.2789609721733149,0.2884438732026973
0.29619191724877664,0.3298864675724115,0.0,0.3062349412162875,0.2650274682997009,0.35691748622433167,0.270011346192051,0.3362925852606024,0.27117480459700416,0.41051815818831927,0.32297199474168636,0.29031667682300183,0.3714950576109777,0.2923852935468209,0.28212938033623935,0.47985281758747966,0.418267876761107,0.2884414490584806,0.29736659407235894,0.2766687983149051,0.3898499177844313,0.4184068689631074,0.2665536495025395,0.3071385800370342,0.33531308462251364,0.29518483247147187,0.2526336137376152,0.3215727995424239,0.33018012529643115,0.32203989411633643,0.270424073910504,0.3500804441091832,0.2955620493839075,0.25151399455394813,0.26428584468756067,0.28265418332991527,0.3266781230865022,0.31720528313540663,0.24564071472475618,0.3403948952541851,0.28787977315986846,0.31268772067349204,0.2964919124714348,0.3022070654180969,0.32302288908969934,0.27702031626393936,0.2669290932315562,0.3220935677298849,0.300750849622455,0.29196396079057785,0.3452521693063885,0.34584928486610883,0.19900582915280546,0.37514462589919,0.3181023381445249,0.2970709172519645,0.2956763028202326,0.3419284828225173,0.27521834146162877,0.2897740347600599,0.3068928850298784,0.2534129202954745,0.29805753477958435,0.2327329045201063,0.22503097595180757,0.2508685584910455,0.26466493896357757,0.3469486608850201,0.3175384045078393,0.34419893703344817,0.32990171386515366,0.2561584527616674,0.2599177881374219,0.4441585556052442,0.31566126583441867,0.20486612952824645,0.31714521162769277,0.3048190166291301,0.2467219025941003,0.2621035594535544,0.2704645083938541,0.3019137247212337,0.3622616335236073,0.28096197343343926,0.28814916770056376,0.34623021734588594,0.25339240376492383,0.253630560076652,0.2594670744135727,0.23994233445522523,0.32861501358389233,0.24771818235257284,0.32495557458565544,0.22350052136258258,0.3002849128242833,0.316530677610577,0.22932302002905827,0.28767292955027246,0.2102136120513635,0.29164124730848723,0.23708491879276766,0.29939021403171834,0.23442693973571277,0.32807914423139284,0.2774371010319132,0.37301051875455277,0.31503585777928167,0.3145372267530791,0.28199621319199336,0.3339851050168635,0.2829966497540899,0.2447466653208356,0.31273720748041517,0.25078392181539194,0.2473679178425757,0.38346384790614085,0.2369986503363493,0.3365932453162569,0.3603070060857018,0.2601794267059184,0.29111350112106044,0.2685424227441222,0.26269734432660574,0.34432096935667694,0.2211455240718017,0.35559161367293174,0.27450883476475313,0.2979665908283892,0.36034558642608183,0.28254626683148576,0.30860603801927206,0.4606120483519823,0.24557179149637418,0.2254804457391603,0.27134535318885444,0.21286001618693765,0.25217990780107047,0.28158551455250935,0.3013379104577206,0.2890592728255127,0.23584705959991695,0.3100914267112673,0.305945536686012,0.2695495047007443,0.27085920048257195,0.2327590238752664,0.3163401999582129,0.2740163243905514,0.3775965110075562,0.2238287240725411,0.24437023214709327,0.22290626561208748,0.289215820228259,0.35621650947214134,0.32441487660248286,0.2937522318580333,0.33868500462430595,0.39547051497512387,0.24488073844821925,0.3267212214527443,0.24653491447275103,0.25132812127546744,0.24622973368410633,0.2814855365484887
0.2952517488994598,0.3220985998517133,0.3062349412162875,0.0,0.26532540928892995,0.2770188492215835,0.3737337448172784,0.34880981086144264,0.30768378399919205,0.3386419364426581,0.35140125468799743,0.3345555646197541,0.3216584482406768,0.32009057414638736,0.3016766218995385,0.3337018914429384,0.33341962815901244,0.3011775708283753,0.31502187340606325,0.29987253337236736,0.3869499440972117,0.32692775235745475,0.421576743583384,0.3112162994803858,0.4114778163527786,0.35517886404179866,0.3984907756627932,0.33664375495845766,0.2924817258338049,0.26827596449155583,0.31560649002494845,0.3099975386508445,0.35304324715122276,0.39741087379409973,0.31791584830255604,0.395022764673747,0.3868881156181059,0.3711853602003979,0.3151574119059683,0.4023802964588089,0.3006381727365862,0.36465952371430926,0.27645258599888717,0.32833646354407436,0.3872232179200257,0.3067621818456207,0.21588850531906809,0.31658989322150977,0.3954077307283697,0.2988878138529892,0.3603697048613567,0.30658897150058867,0.23217827807739697,0.40963195197376756,0.38553050298480657,0.3538334944319739,0.3327811029949896,0.3683267805308008,0.3085561632635935,0.3509096377132577,0.34959803590465194,0.2710248307463687,0.2718275577712427,0.30053420572560985,0.2586733685989498,0.28713932302580053,0.4755831819339894,0.27538245233502257,0.3077977759289478,0.3607230793036179,0.3046007550517218,0.30608429802244647,0.3720981598729025,0.4374803438147957,0.3051229216684799,0.2369199415016087,0.41416297043897604,0.3600934585543361,0.29020537142575237,0.23418711845414583,0.2458394890220965,0.4094412370837977,0.2928184623481715,0.29322991952883826,0.47309015328060405,0.35890431024174724,0.4303993060983612,0.3150655145272655,0.3023305210234921,0.3645973302450066,0.3726409225891219,0.35473178858820764,0.2944550908308588,0.26024798751205047,0.42851611798986805,0.33732737959691367,0.2553420296043101,0.39347044712531637,0.3046022015162084,0.33228045048335714,0.3408701619171524,0.38259834417734484,0.39032879648844326,0.30759155927722714,0.32016534310992234,0.3172583340351736,0.3226274369043101,0.38335177205843995,0.29446766026241994,0.3440636051986903,0.3705210739651284,0.39107587589611553,0.3890570887372305,0.38733903778514905,0.2858351153498055,0.31606202295061625,0.2786304297135591,0.3015434110548907,0.3398586490626624,0.3767753735408026,0.32742696876773997,0.39251894437298834,0.37005291444112687,0.31821006782341915,0.28685995350682536,0.29554159622480985,0.3409594840272295,0.3595622271041852,0.3812396864279234,0.329952098368388,0.2935548424350359,0.3288219883251118,0.3830587148942232,0.34280066576145385,0.3705169543772899,0.21508241297694605,0.22297710983325145,0.3432373400296414,0.428279758119725,0.35567354092694353,0.2765025776207125,0.3602230012071591,0.4169063694923928,0.3967856454544424,0.3695490853012615,0.3445722296790321,0.3337547222751606,0.25384765878733434,0.33284377515962965,0.2601213686025158,0.3745251897312256,0.2609804251392628,0.3950790610677432,0.31649797643863514,0.41303017790083824,0.38935597481195955,0.34258413487060146,0.347248915203385,0.35960671916720505,0.3482140017889655,0.25854825592325076,0.3016776494752154,0.40026068924603014,0.3407823826909494
0.24415311844431742,0.22444511748684906,0.2650274682997009,0.26532540928892995,0.0,0.2066522833451068,0.31836515118577097,0.20651275465470884,0.24713260424399405,0.223386738836245,0.3233765679435095,0.2831771067932366,0.2187504764651578,0.23003362872220026,0.25061332752505044,0.2740099016029273,0.26403962619903704,0.23590077003418972,0.21972811745090967,0.23310768818535854,0.2944023974937189,0.30195101948977077,0.31163612218394865,0.29531046651159015,0.2513999225979981,0.28599601391978996,0.26241200309190654,0.2143597028862087,0.22549358225644822,0.2721952797416125,0.241278167776157,0.2137476575313979,0.22259217580300497,0.25151001144502977,0.2872523720052011,0.2756035013318801,0.27872229381454555,0.25684624406144857,0.2948561240405203,0.2611241061240243,0.23910109372409563,0.3314491692794225,0.2474311609738188,0.31906218585037915,0.2282265913844464,0.2032609860302662,0.22804002698608183,0.31370038124240696,0.3017401331116435,0.25591844446630785,0.2566180977410424,0.2355057062127256,0.1795383725027435,0.25760669353603527,0.2641169331469707,0.23165831320479627,0.2328110916130728,0.30555151589065976,0.22163638141487574,0.22619684153416095,0.19150433350864698,0.19105403933461493,0.20868806591640404,0.2762297805952022,0.21508625181041116,0.18148579582063196,0.24507910921488765,0.24256886899717614,0.221384700089477,0.23632854024628355,0.24972800945638718,0.23815139692953416,0.24074575480325372,0.25441147235737055,0.20102269301782055,0.1746189295970969,0.27695114240159013,0.3968429848868551,0.19153649956849844,0.20615236935521603,0.19484714837682074,0.26839759355341747,0.25987719397261666,0.18469784107340806,0.2531862386060917,0.23214012111463028,0.23785076919689116,0.21723725366944616,0.18575858919739258,0.2479706034674154,0.3558633923118312,0.26563388067892585,0.27723356157722223,0.18547031179059947,0.2718183773666897,0.2547802917171955,0.176267232717943,0.24046821926891007,0.2692522245278736,0.19627796485743212,0.2406353127137009,0.22836594505452387,0.2559251283654963,0.22646055701190357,0.21869649158407528,0.23194688671396224,0.20804770376451145,0.2616426840134288,0.22792333244451288,0.2799149096810625,0.31267402045268694,0.31779653151275905,0.21540241269436156,0.2634639570684111,0.19048878989287268,0.24001546606895252,0.18387723628772887,0.28338187568185896,0.2511377245049691,0.2566547182891907,0.3721702921779599,0.21781404757277817,0.24307835472343087,0.25443729665837794,0.2439676188756666,0.21401372788546152,0.21744993950953823,0.2756318552897289,0.23077031868644002,0.23312212388016063,0.21725556049869002,0.24668703082969756,0.20845565790464626,0.2757479477978724,0.26784032217788684,0.20988228926980634,0.2136772502057962,0.2899379672689291,0.2657838097923837,0.25909603268070736,0.18252713706128135,0.275241645137888,0.2614778250527483,0.2921419907467159,0.3105014459522105,0.268719134828745,0.3115042118246501,0.19614664534990514,0.23486380407723226,0.21991228028812512,0.24408754212692785,0.1894889595944504,0.31428078885290917,0.2603281389292779,0.2643431972605901,0.2487540791638155,0.2306660059567318,0.2667181253919161,0.2388615474980535,0.23176485277947212,0.17718054789552407,0.21812314022358742,0.24126182513912117,0.3585985928556619
0.3445906583691677,0.3963290910425946,0.35691748622433167,0.2770188492215835,0.2066522833451068,0.0,0.2363707415653672,0.3537641141647007,0.276056736581684,0.3435480390296026,0.2917734054616979,0.2916021964947175,0.45782928286206304,0.2615387516131508,0.3150259790414448,0.3886042509736019,0.3886913218535406,0.27400070946265453,0.35126456678843443,0.3536992007814632,0.352988605529223,0.32243472862262573,0.22565904319103655,0.2715934244869491,0.33147529823876154,0.24436152791360277,0.22719926725967818,0.31943542645092493,0.3100167383661054,0.2963633080213208,0.3007206047451668,0.4611980661151175,0.37077388122957466,0.24937834015503266,0.2622036135051518,0.265447101806025,0.3177264295565105,0.309372409711301,0.24976418424870878,0.28705103740387017,0.3290405818132959,0.27903351910910984,0.3285394541819585,0.3041597827029095,0.2969402259907096,0.303385810775736,0.2790523697388871,0.2796535177593219,0.25625524023314866,0.3410999202114238,0.3466415311228846,0.40458518593738685,0.2378619877354219,0.3370360710787141,0.28216008928706104,0.3434728191533721,0.37507668606605266,0.33418299494545467,0.27066629264179565,0.3325926104699045,0.40823435804289465,0.31429488008715467,0.3476328313001358,0.21136714904434403,0.24919326382400833,0.2842634259679659,0.2545596386281273,0.35948982913872546,0.28066670434797847,0.31373248277395327,0.36039856623754557,0.2737515219591994,0.2524521814382423,0.35219470564591965,0.41450269052739436,0.2562875435693915,0.27933323673902755,0.2602951137155892,0.297756311530021,0.3534706355031894,0.38099262980209253,0.28277873217610255,0.37925088291374087,0.37960802376606284,0.29498028950526,0.351348977672778,0.28849620953391936,0.282801367520411,0.33897131017105464,0.2613619119708329,0.27876551405854516,0.2603741804456967,0.36349945557597396,0.29098834780641736,0.2691725541468637,0.3303576915299896,0.30557069278197013,0.2948195517324759,0.21067390698760166,0.3336235024837694,0.2588130978783787,0.2730495582292278,0.22321006813699643,0.2868147057432263,0.34053830348019143,0.4431489107256714,0.40596610262540833,0.31619191407756647,0.3033641174586588,0.3205709767907166,0.26693843580031934,0.23723748769065206,0.3473357308026297,0.263038260386729,0.298967379469104,0.39463570494520456,0.3179161322914198,0.2633678447789518,0.3522233029674209,0.2487509520974141,0.269566543814161,0.28518522202247193,0.29509570154546333,0.39102432369804324,0.263285222559665,0.3862446747739767,0.29039703058879845,0.27619566059838185,0.3268035708956264,0.2974493827156659,0.3414887041055761,0.46583160032257914,0.2801310512226019,0.24710413921882726,0.2774584810199214,0.2556044078608412,0.33916149985956956,0.2600242624871954,0.25993052582914333,0.292399518610472,0.28317748846203533,0.31515540632916855,0.2908947109998666,0.25638640732877926,0.285302613479982,0.22740290243517153,0.31546835146708296,0.34621101364108386,0.3428468369240587,0.23590638981732226,0.26317057712469344,0.280225347660032,0.25422657816134475,0.28905042739949427,0.3225843271632537,0.301482361326542,0.3313403949030888,0.38334791806213886,0.2547386996412571,0.3356837230273599,0.26517383105572334,0.3245968787545632,0.24850231644524032,0.2667367295140219
0.27742212841451425,0.29310626157355557,0.270011346192051,0.3737337448172784,0.31836515118577097,0.2363707415653672,0.0,0.24505905634189293,0.2646235365618136,0.28013671962582404,0.3360013950244954,0.3507857347164805,0.2770448570464489,0.2933566895505768,0.3110899741656103,0.2766032275480819,0.2890613931159874,0.2683957881169071,0.28035840348514374,0.2596638049782899,0.34935065232161927,0.3435104727213742,0.4298698376934455,0.37950695027986414,0.32833289767976565,0.3391044896891512,0.2889159842240372,0.25326250800472827,0.29313091789425927,0.2791480210160326,0.2854395634538742,0.2828372370948729,0.3069829031935121,0.34090924863209754,0.28898453557925136,0.3381669693522639,0.3922867565508147,0.28905671730022653,0.3315602041575872,0.39218636176621596,0.3160847443218464,0.3538992053934686,0.3013510655364954,0.3571217614477359,0.3262072973165248,0.2616009100913365,0.2713575598316911,0.32522026365868456,0.4875301024890732,0.2867836847164291,0.359590831992147,0.2668711828000429,0.20588197322143956,0.36212106422330786,0.38282451491492114,0.3071692162957499,0.2876593645156523,0.30941369401991664,0.3218797884621648,0.2801908296887255,0.23589565411154714,0.23553803970684278,0.22792257754423742,0.32815840537276286,0.24608594076100457,0.2220156527928736,0.3621822316284624,0.31715072844416864,0.26960060426515164,0.2635466266299724,0.3205438919379933,0.2788697518589545,0.2973229408950293,0.35701695209396134,0.21549046806466518,0.22230779020615263,0.40968968114107873,0.38077800427288555,0.23384819553661523,0.23041194058373135,0.23451665221090517,0.33441309768584754,0.2971609043092338,0.20950546868870182,0.31247268235253695,0.2845860127508673,0.28952063239029646,0.29317896940917454,0.23152735390669518,0.30353284209460807,0.382535544117393,0.3793361554093212,0.31317841290788895,0.23790652380018698,0.34066130681046236,0.35350112670451106,0.2134060672309241,0.32846019659978415,0.3073722723739503,0.2797113374052116,0.3116703750016199,0.310950094059341,0.358693540694729,0.2900387093583377,0.2507619592113213,0.2802295709546011,0.2567445886083226,0.3085643683570387,0.3101318417951698,0.38087535971082287,0.4402838494727082,0.34691106793637955,0.2831517782682431,0.26307979314295626,0.23167212437829152,0.2792062506883861,0.22678937551404157,0.3421720683664411,0.33076925033287663,0.27318822421579464,0.34072554753815576,0.2603533856516037,0.3081755668206627,0.32578559983121647,0.2647761361424149,0.29015272691219784,0.2761719612530408,0.36990189266586143,0.28701116553656736,0.2987810961495187,0.23873905706484969,0.25748877306204554,0.2549440154211011,0.28519597628354615,0.3116853981935432,0.23462212086327164,0.25458778434299123,0.3517390636915664,0.344580704214101,0.33204265359939644,0.2350749281633654,0.32682603731216514,0.34474987875887664,0.326488102843341,0.3836350095039848,0.38421023464900017,0.33771378661828466,0.24578736288561498,0.2839619804983893,0.2223055073943403,0.30568686170480813,0.23363949054279104,0.35019583967067164,0.38830113430237345,0.3576994531493859,0.3333633514862053,0.3133429922980387,0.3218804180701689,0.31239363425821687,0.321432902424346,0.22574113157256553,0.2692350207674996,0.31648310629200843,0.3643155388598421
0.30563494256402723,0.3989742047697325,0.3362925852606024,0.34880981086144264,0.20651275465470884,0.3537641141647007,0.24505905634189293,0.0,0.35017432210670074,0.3882534343330698,0.2683999654348825,0.294783962526261,0.3641953335044439,0.31305764151885535,0.2918194413732694,0.36369105556391645,0.3704477846531333,0.29027412651742135,0.368583599386772,0.35834164285705167,0.34173799354268936,0.297579160602575,0.27550758053528424,0.26092561165383926,0.3789378195562902,0.24986813638835975,0.291966810958819,0.3904236622621387,0.291945594021635,0.29253713621968913,0.4084987972365362,0.3555131172927097,0.35821064320885604,0.2909561461330869,0.31196314102346606,0.319185629678522,0.3280289621030125,0.40135633551431493,0.27297859499631766,0.3179025759899016,0.32602805631900583,0.2746312866698726,0.29691750396809735,0.28061161689662045,0.4169012795411822,0.30004400859737934,0.2346885626818106,0.25896662152245187,0.3023357771028592,0.3095473593762655,0.3295459261134015,0.3092692247841639,0.24012620362652545,0.3461253270368651,0.307158178731447,0.3415035994135706,0.3396878421575677,0.34550467295010395,0.3156071814575178,0.33517944670075306,0.49865246248642925,0.2701241047600677,0.29092352654974263,0.25626551832105465,0.2445744143536182,0.275108614625591,0.3056394140601489,0.28577835278625846,0.3337519529107551,0.5192468057153057,0.3118787045852995,0.32115785371434574,0.28184376560597213,0.39355939271337964,0.40345027282757284,0.2514187336405128,0.3015295759658606,0.2580855508320954,0.3460306405567876,0.2554976571080894,0.276021367812212,0.3379703857407798,0.34937170378658344,0.3795498318961534,0.35439989736051025,0.470672218134269,0.3910871096823312,0.32014316654323893,0.35413225459715436,0.30094427048935307,0.2769857259043182,0.3035237474017375,0.31357972834557324,0.26734374854530446,0.3423308058732525,0.33667184633796665,0.3264866704868505,0.3557068758985881,0.23741758496688128,0.35874759208270507,0.30191565155384714,0.3709755187045317,0.2719190591691097,0.38834246564904606,0.3556608959588735,0.35293507611921504,0.3543198683793958,0.3706502157404673,0.2820090605360439,0.2875643979944211,0.25923351364089914,0.27671223681517854,0.3662143222513259,0.3252096991994739,0.29248773832811076,0.3671905828662506,0.32054263725414145,0.2771447605776055,0.30004926475370564,0.29810263210665683,0.2656552349035307,0.46128193400249096,0.2911278021185935,0.3332554928366088,0.2817843397854288,0.3427151695333625,0.30600226120609014,0.3064231002442793,0.37164265722132256,0.30809621782702673,0.4221521334711551,0.3880471307648299,0.3656215573639625,0.27587141770982015,0.30859005265010114,0.21990387742378842,0.27379071277427014,0.29452895578764826,0.33604413613779943,0.3657277520133556,0.2970950892694037,0.30015296618714904,0.38084753999927956,0.3063690860927943,0.2966759469031425,0.2656483458576949,0.3204253270303356,0.2875252292437049,0.4113165455225202,0.24131862761580405,0.3409226788106409,0.30233255096033285,0.29912350813803873,0.29248526794825225,0.38272356553240855,0.3803458290490312,0.3328246842445378,0.35230781504849673,0.29842061748431425,0.3220314812441811,0.25890325911524253,0.362247030317141,0.3134385397090752,0.26390869719143506
0.3636299177348009,0.3217018348534819,0.27117480459700416,0.30768378399919205,0.24713260424399405,0.276056736581684,0.2646235365618136,0.35017432210670074,0.0,0.27920616400217074,0.2808554148953284,0.2902865796492654,0.26983948269526997,0.34628310803198736,0.2833950944633405,0.31133043867325116,0.29691238394731523,0.31545587868638225,0.32820583145387694,0.38327854111948123,0.3187893177861437,0.37661535445911437,0.2724008845189019,0.2838100494504171,0.34889530214967024,0.2413089090442121,0.2982546601371373,0.3305439405584934,0.27534661629848045,0.3567392862602608,0.42522855197862447,0.28438559093322496,0.3070076714916868,0.2658761744026124,0.40636558942686746,0.32059802552740824,0.3092677496064018,0.4639963354546147,0.27693697915994486,0.2991327449965463,0.2953797217078175,0.310439177014987,0.27616250145598675,0.3177794812929817,0.34273174094210984,0.25695526189387313,0.22079972220321328,0.2679692665658253,0.3180441107457882,0.3218164929347058,0.2987507086735118,0.2765300015053224,0.2380677420267777,0.32990522359836666,0.29474512649921575,0.35462475885656425,0.3359739549367567,0.31482908613807176,0.2877551758026106,0.28820160306957826,0.2825813241822899,0.2551078913829866,0.2543453446934524,0.3045514457840539,0.27759120882236854,0.25096721937404415,0.30305599050520204,0.27068536173853974,0.29677815512935873,0.3840169175564553,0.3335137410996391,0.35298928228483695,0.33846191628780037,0.30039365185408706,0.32143903954190484,0.246666988657562,0.24114947802445388,0.2381327466083129,0.292817474391098,0.23849457390299722,0.2395577872075312,0.4729060580096981,0.32094846789293724,0.2789108288757509,0.3644559408427137,0.40395179294253003,0.3208276163635697,0.3421746301050868,0.280555080739094,0.3391294717006889,0.3482440570916231,0.3860020552542695,0.3027964000857523,0.26474219362653667,0.3957640573779511,0.3552514224507761,0.2996444313520481,0.33014406543904673,0.32734607020115025,0.2839359226374831,0.36388826750684633,0.26927752168965174,0.3125715144138434,0.33454031128909106,0.36830847493868074,0.2715857849016776,0.25404141823416376,0.330434315298518,0.242051195835635,0.26284986917605707,0.25757368976795103,0.33900600134791886,0.33547907365128715,0.3561745553335694,0.267874163472095,0.3232103400185326,0.2731713291366387,0.31649781383957754,0.2556095563685015,0.33533593453000304,0.3279960522183726,0.3503746399945675,0.3186921438988789,0.30029485667613076,0.44193050118892424,0.2793673359971985,0.3085875245466351,0.25887013427585803,0.2988697414824103,0.3127111716202854,0.4113039699615669,0.32884031459597685,0.34246295856141845,0.38986394865888474,0.32360112010846337,0.23660210712706717,0.2696447392561718,0.32725198361457425,0.344961851234704,0.3921384354277961,0.2773302480216426,0.3172468594924349,0.3879539778280317,0.3571854329880269,0.3020496248238548,0.30690375774283696,0.4052273278443759,0.2258339055655072,0.3478642471127165,0.24114927375533274,0.433761976815169,0.2735884728443427,0.3572168948174919,0.26786662046415,0.32693280708276945,0.3873950390803583,0.311065242319421,0.3031887681605206,0.38905971527443545,0.3086290442819252,0.21060360510551898,0.40946872853946936,0.3359087333793984,0.35481820672870806
0.32605262712013555,0.44525662174373154,0.41051815818831927,0.3386419364426581,0.223386738836245,0.3435480390296026,0.28013671962582404,0.3882534343330698,0.27920616400217074,0.0,0.26071801742629336,0.2694811285075814,0.3704570610160243,0.3313394851541238,0.2912397714494982,0.33192951477145344,0.39939819111368985,0.3344134259659209,0.3500574317823511,0.3290536951521616,0.32947018572632947,0.31792501200451795,0.3209612729030485,0.2727393673516967,0.42164125055627044,0.23762059489148327,0.26658973718299916,0.3870378452769307,0.3632329438439066,0.26272071426311866,0.3127338993665016,0.37426035231704297,0.3130255725501121,0.2872923619216031,0.3113428270778599,0.30090271178213807,0.31583382149425987,0.31864217752537677,0.23136399259661286,0.3562267827077997,0.29993080955569285,0.30467087450761293,0.2860130171358619,0.2728957899783477,0.35396489672565934,0.29920364692376594,0.24894147469151798,0.2610278405760104,0.35668616828789274,0.29715817637425535,0.3336985814523899,0.31007290524463355,0.23753821705845327,0.3525423857626053,0.3215674301501158,0.35333991538465587,0.32472727208032925,0.26690058176225034,0.3623711623516843,0.3447940209711163,0.38527158801856026,0.2623946073765621,0.25914717718686175,0.25198541857364853,0.2636485572979025,0.27793207406951725,0.28611527295843914,0.299410985858288,0.3385932631045801,0.36002197811576025,0.3071949016713236,0.34355702525761045,0.264774162389583,0.3965156472427169,0.337335376956037,0.2600654613022708,0.27880662379601057,0.2772353786935711,0.27342419345184016,0.27139535846892004,0.2912550338931806,0.31857652356653254,0.34791990297605335,0.32215504805679973,0.33413151832079746,0.3771635629251658,0.28201219393051474,0.30599863770466645,0.3312158207053131,0.2611674675407262,0.2725141424717879,0.2948581987222183,0.332893332273858,0.2627170452840437,0.35440758792364885,0.3245719970602087,0.24777141086598242,0.34368744613874264,0.23873132791329915,0.37291609977386186,0.2803263981783613,0.3083015992686262,0.257082255880833,0.3953405431769567,0.30992277272991275,0.33346058225374714,0.3480602662343041,0.39707582951054265,0.3086254465385476,0.32365706073317657,0.2719146990929076,0.26799306149913416,0.3571081192886154,0.2772848342482983,0.2729584648011118,0.3666736697965701,0.30971043332519543,0.33499848564674445,0.35730296097496567,0.2834172667942229,0.2579372106747682,0.2933860129390696,0.294970215088656,0.337755603467023,0.2599449145547935,0.35831051352555177,0.3194918401595394,0.25947874838187457,0.4191918531022514,0.32046967973486284,0.37916130518107294,0.3359089379063165,0.2784555937704487,0.24193709547129205,0.28141153803660673,0.2295797388361928,0.2650357283198812,0.3073881361449175,0.33972409028879696,0.31258619663618664,0.2740206615254579,0.32063403023370146,0.3845398142817819,0.27877951512589494,0.2769003014522517,0.26197993811354064,0.2598717460211353,0.3054858942429779,0.5004305773119765,0.23965429653485348,0.2680866396338161,0.2939508854276797,0.28521150824974184,0.332515849806736,0.3338761484323709,0.3263276785361678,0.3103296877478572,0.3508133646084048,0.3043321876826711,0.3430229837899902,0.3180909349696715,0.3410707568522372,0.2907690982115561,0.252987798107831
0.2857828288437258,0.2945157664096906,0.32297199474168636,0.35140125468799743,0.3233765679435095,0.2917734054616979,0.3360013950244954,0.2683999654348825,0.2808554148953284,0.26071801742629336,0.0,0.42908756277338195,0.2989862373223052,0.26068229594255826,0.2638173216259622,0.38584463898475524,0.32744554838502504,0.26409556133473744,0.2933662681446794,0.2795756098442065,0.3657272437882183,0.40884527249825964,0.33775106394524773,0.34344040969578193,0.34674549829533846,0.3504990469985037,0.33283191907548393,0.29006322184033434,0.3117500182596743,0.312378885330536,0.27494296792142175,0.27932993827376607,0.28389801764898664,0.30133386186344646,0.2755541331730446,0.31837790359636814,0.3998646807165118,0.3281142327967509,0.37748303314643017,0.305001349696437,0.2720538453688428,0.3761794030547224,0.2731955665166077,0.35946517037701814,0.2980133310919993,0.23636601782449285,0.20591283849323871,0.39751854447392354,0.34730430312108646,0.25906437040740726,0.3102620334372982,0.2652486668065546,0.19428845157867278,0.37769687858696427,0.3776439095670696,0.26596266315543665,0.2983454096160175,0.42943772726037577,0.24958856470057333,0.261824306321305,0.28105583634282827,0.20596112006060804,0.26067846486358226,0.2798901112876238,0.20204359123158475,0.21676220397151028,0.32910265943518513,0.28243346946269116,0.27691407530400336,0.30933306573051406,0.29345706422614876,0.238908726638614,0.2974297437636546,0.3306024901904771,0.2703076616738852,0.20291658760282544,0.3911241072481299,0.364793455089388,0.2329141992451431,0.22625434898071214,0.23124294697535203,0.28332131632453467,0.2994914386018305,0.24800452215170873,0.28693268314219394,0.29193426995994937,0.3326686829154011,0.2396477454143444,0.21897251227267925,0.3242090393023227,0.40784287603550157,0.2575352826898971,0.31995677089433916,0.23289815767297384,0.29583858115720096,0.35979169523317034,0.21927105878795738,0.26642872376586546,0.25499296666126997,0.22798142870474492,0.29762091613299063,0.294820048742989,0.2820614713115282,0.2665284127400595,0.2541950928996528,0.26347041194699433,0.2473920502938127,0.326770142383982,0.2405084167500309,0.38758498273654873,0.4290910012377923,0.32703635010754384,0.2675966939318645,0.323163877165999,0.23515142997505983,0.29883175837927145,0.21427794827412672,0.31930643752085036,0.3284898005599752,0.2896703064832006,0.335075554753709,0.2578667419076556,0.2939073039763105,0.314520467416843,0.2532223625833185,0.31670614990209545,0.2265639245566279,0.3679823372429646,0.29246029561083065,0.2512161624135911,0.24955689516701032,0.32477622233032444,0.2990930763729663,0.32310653998885713,0.3744909768020398,0.21222236158855934,0.25633524496154225,0.271290735314938,0.3465846010770878,0.30511725144794644,0.24138802364849785,0.33568734415301293,0.27280347512749226,0.3356317736004316,0.45074538005361237,0.2877459862716979,0.3328004820254821,0.22987166876971316,0.2937065672702991,0.2706377211588678,0.322732137346745,0.21937417132021822,0.4185040044336151,0.28954864754727816,0.3337851548963878,0.3377118399690934,0.3327478267003803,0.32374679713080745,0.27922174902288016,0.27838599963764066,0.19748220648426765,0.2650464579066983,0.25911859482411337,0.45259259804276997
0.2593348908082598,0.3134862670220549,0.29031667682300183,0.3345555646197541,0.2831771067932366,0.2916021964947175,0.3507857347164805,0.294783962526261,0.2902865796492654,0.2694811285075814,0.42908756277338195,0.0,0.2566981315101532,0.22574994492506018,0.2659372409444087,0.32718379738263453,0.29327734846941245,0.22963352148291474,0.3353806891116049,0.26915700703378453,0.3783982639733339,0.33149348497735215,0.3287349652077023,0.32288308343529143,0.35827120618935704,0.3320197207460025,0.3051558478218407,0.24872602803680832,0.30526871321497906,0.32490757903838857,0.31340009216672765,0.28501296548996236,0.2972397121826165,0.3445531340122128,0.2536323713080382,0.33011859858308973,0.36854236125553536,0.32671409735088236,0.4472716362016941,0.29950175668230167,0.3021268838022571,0.3403632980246409,0.27993906595306406,0.34552599927320926,0.3031960844641127,0.2503077711327281,0.23364661339094095,0.3454863801539595,0.3273130740483851,0.2657132527233194,0.3281417692155403,0.27569178938732103,0.19685933715315354,0.3751211745811165,0.3951464253086596,0.2901863271647469,0.30642183014624697,0.4237336254001392,0.2342940373870829,0.2661133467544617,0.25590464142976593,0.22038374256306884,0.24579772408493422,0.27300972749544034,0.2109708914308798,0.2188360151352516,0.30058949974258714,0.2609228756276392,0.23416219956477954,0.28075606472760256,0.28330944863520524,0.23671719361217708,0.2645309540335337,0.3022920733565525,0.25732368472785955,0.20854820346918235,0.35159416056848125,0.3862217623113791,0.2544961419163518,0.23295594404153191,0.2399041662374626,0.3047848748482042,0.32026623352242783,0.23073754722811388,0.31525274967959394,0.32125321901878756,0.3094613190954576,0.24730518621700104,0.24103740024205278,0.37444555327997053,0.3480211654283306,0.29754105724765767,0.3080286050511776,0.2420549464824527,0.2875236841370977,0.4181391684404641,0.23232888264521118,0.3100773733745551,0.26230897907891115,0.2355588839249087,0.2830696558296715,0.3037681612515144,0.31001270297049766,0.3336007747817412,0.25321955815890446,0.28215585215621164,0.2702833522014326,0.3102668902222887,0.2527301774215446,0.37508478122866473,0.4818528921566611,0.36469722246030445,0.26208063846371926,0.34301997531972833,0.2373232939156938,0.2876583629947991,0.22831640139635825,0.33499094797349166,0.3130805783736228,0.272370839941118,0.3088255554113963,0.2854117060989164,0.291288283900231,0.3187387983706621,0.24632398262353256,0.36152239767709665,0.2394248302905176,0.38562608121394953,0.3202697217259927,0.25105167363418146,0.26107475885208736,0.2991851030889647,0.2756925696727605,0.34581242195699197,0.34146786061751555,0.2059550089179813,0.2798735584273492,0.2778615995152926,0.3170239305717159,0.34652612590348564,0.22398454495215595,0.31943823750647454,0.3001083884249491,0.3436723840204889,0.44444295931618916,0.34039359982924144,0.40604424168821535,0.24765676514850737,0.3318252913544227,0.28360845711487576,0.31976533868135665,0.241012480553705,0.34417118461362767,0.30597865951347114,0.41553999181980117,0.30951204797859705,0.30211657613021164,0.33716011358001685,0.2531964240086728,0.282506753338383,0.19104725009235837,0.2681407149133612,0.2946109633904846,0.37879342661621046
