0,1,2,3,4,5,6,7,8,9,10,11,12,13,14,15,16,17,18,19,20,21,22,23,24,25,26,27,28,29,30,31,32,33,34,35,36,37,38,39,40,41,42,43,44,45,46,47,48,49,50,51,52,53,54,55,56,57,58,59,60,61,62,63,64,65,66,67,68,69,70,71,72,73,74,75,76,77,78,79,80,81,82,83,84,85,86,87,88,89,90,91,92,93,94,95,96,97,98,99,100,101,102,103,104,105,106,107,108,109,110,111,112,113,114,115,116,117,118,119,120,121,122,123,124,125,126,127,128,129,130,131,132,133,134,135,136,137,138,139,140,141,142,143,144,145,146,147,148,149,150,151,152,153,154,155,156,157,158,159,160,161,162,163
0.0,0.8522036753400657,0.7830985938509698,0.804633034583566,0.8032850856735785,0.8735625856577907,0.8214203982440264,0.8544504903205159,0.8792539058010838,0.7548331335223455,0.814639593227016,0.7945964363404198,0.9316538996733554,0.8302895048047679,0.9209575808040579,0.8444329031997082,0.898990854176487,0.9571311142216249,0.8645663105941018,0.8980656117102312,0.8501711796392766,0.821636444603907,0.8007390416623196,0.8663262219023093,0.852745314654269,0.7834091107291139,0.7656528948236188,0.9042666932854612,0.6986060940221606,0.826860942586398,0.8908886865349135,0.8900705604808135,0.8500950918931705,0.839157680793608,0.9127469137462372,0.7982781823529909,0.861978131398795,0.8596120152610472,0.7660184698228498,0.9168585938006866,0.8465533060894638,0.8166754255176925,0.8864954973623509,0.841103576051249,0.896105540483389,0.9384682673093684,0.8460541569284538,0.8061564698125355,0.8656380836179955,0.885759463059417,0.9275719753290306,0.8895399334459778,0.8307598792050559,0.8228773468492504,0.7928126071522288,0.8296402873433877,0.9167268664189488,0.8250714806645064,0.866642433593565,0.8973934500747325,0.8476218744580286,0.7849615018283064,0.898272789714517,0.6876553020324485,0.8630135586080308,0.8788543161789373,0.842956494169307,0.8512773553420361,0.8019818267395469,0.8500197704970803,0.9259267197505,0.8362017138045936,0.8215469610073317,0.9054737433013587,0.8844055383086704,0.8633889922942459,0.7912961283915346,0.7541598180136022,0.8867577710039879,0.7904816975105057,0.8447120376475733,0.8638912086402484,0.8666954971668388,0.8371640432027765,0.8823739362187596,0.9041174379397278,0.8017339917164156,0.8736796115666134,0.9187550576012743,0.7775822218485927,0.8848137712383569,0.8496145605110496,0.8716654479383609,0.8950181113225382,0.8642460143003863,0.7480571530157853,0.7771005321852431,0.8140499616604358,0.688769003811354,0.9444549280558718,0.7754077640639094,0.7683494163401472,0.7676743236172541,0.7369128693045355,0.9134815898384752,0.9081412779811502,0.8490413502814397,0.829446362409326,0.9280636035507097,0.8384850918840709,0.8208324732041462,0.8165563054064872,0.9016267433442132,0.7526612125997255,0.9149338807398497,0.9279166981739716,0.9169846196137503,0.7537512986509017,0.7873417618795752,0.724551257345638,0.8435201383933687,0.7436396727812332,0.850124469592888,0.9510655482065615,0.8436611146399728,0.809604308208097,0.7922772804274727,0.7988311246942053,0.7948678110878885,0.8382249773985362,0.8210188939395324,0.8131103264123559,0.7568168753475973,0.7742101892757961,0.7833301099807114,0.8130501090609847,0.8555113169901738,0.9054925077154197,0.8167590141182364,0.8839439123812016,0.8031470241981902,0.7662778790930339,0.8866909307439363,0.7481984988654435,0.7905685459469334,0.804658978907038,0.834090401693242,0.8298338796261399,0.790984823855439,0.6114381489986082,0.9047062487658177,0.8213262383629335,0.7925680086763153,0.7741653299285176,0.8279170022822402,0.8919840668197266,0.8717893542763424,0.8811997733041076,0.8155734715277624,0.8467249359078444,0.7756490681042059,0.8928537401158301,0.8872369018504968,0.8744171416146991
0.8522036753400657,0.0,0.9143640741536962,0.8198793413834083,0.8207641019570202,0.9475272507235462,0.8161089084454671,0.8569508384849294,0.8344060234586438,0.867966922675215,0.8601958175735305,0.9040319254449288,0.8625826052544578,0.8001961870594576,0.9040505745612534,0.851425226276987,0.9041654064869691,0.8054697262957174,0.9099483386490682,0.8607930553298341,0.9074899957037628,0.9359889436204423,0.7517164455350769,0.9077607518882418,0.8769051362648755,0.6879607919910782,0.7304843001423683,0.8559037239308573,0.835896474462243,0.774792447716611,0.8863379530683155,0.8704136240654335,0.8765401924164886,0.80666788247266,0.8746963647657214,0.8783613397100346,0.7808563849632049,0.8204481712559845,0.860861715455074,0.8824944286013287,0.9124598445781259,0.8806054982347685,0.7714519471126854,0.8582536581101505,0.8726287052297832,0.8182087549241273,0.791509846237364,0.8361590060612695,0.8088002171338444,0.8462899386976399,0.8629718253444547,0.852404339741125,0.8133598628920776,0.9177494185785564,0.8499711957393216,0.8553369887551328,0.8407806622990137,0.8667844083397926,0.8476648296086129,0.8602578303733421,0.8717189173253453,0.7131462373907279,0.8204116683926889,0.7409852649629697,0.7897510408236051,0.7734854317665422,0.8034600622223863,0.7474907793001874,0.7298415010491718,0.7850834821692749,0.8241011695054433,0.7355073800830646,0.7707197264205311,0.8807480094883848,0.9106671861944442,0.7300490302848954,0.7619894047270518,0.7838092779377276,0.7561690560073829,0.7016605689465645,0.8478168534194774,0.8377955633285337,0.8776281269087531,0.7915993791150518,0.8055895340837297,0.9043865756531342,0.7377250901182099,0.7262139308765819,0.803019461295601,0.8072618753445681,0.7965907464766027,0.8728316767640041,0.889904018913459,0.8114383061389313,0.8338496341183366,0.8150710387797406,0.8112976791362376,0.8621401271696945,0.6726930082322123,0.8658004022103951,0.7623542126626586,0.73411434112486,0.6964221670731431,0.7998069046293955,0.822190501524556,0.8087843163287859,0.8444408130780918,0.8662844893636632,0.870340824292209,0.9381563195628473,0.860295376652388,0.74795595446324,0.8412935498845322,0.7557587724127064,0.7814784374238898,0.8782017623790608,0.8536954677549368,0.7758698014069721,0.8647051081910101,0.6956861301527807,0.7878084094719708,0.6736231398116291,0.8193623198493408,0.8946711735876379,0.7990247593533178,0.8766938534523792,0.7746825159091082,0.8209924800232571,0.9040245042221601,0.7563725927697645,0.8592995143288321,0.8543539666554851,0.6512992540299015,0.8060074447689293,0.8676074364891232,0.767287106928657,0.8054827789942072,0.8313325367547693,0.8340717949838273,0.8461351654451285,0.7790680815537817,0.8293765454563334,0.8986961489272951,0.8473092005148671,0.8347591424275538,0.7124878250138446,0.8998429137279996,0.8329409745103802,0.8763177365937864,0.719581220682558,0.8103871625547495,0.826516517657105,0.8455270362631125,0.8539155091767986,0.8835902844262857,0.8320612663605553,0.8329764718868733,0.8884061812099107,0.7777009021374673,0.717978473258382,0.7483610194404504,0.8096133894946603,0.9270236094267273,0.8211160312282029
0.7830985938509698,0.9143640741536962,0.0,0.7672772390707577,0.8092946431153741,0.9014610405814042,0.7396470184433834,0.8815744703608114,0.7692917137988029,0.8758120573649766,0.8675008069651894,0.8715725389530655,0.8564571944276307,0.7447568700332284,0.852605417200206,0.8875939495961369,0.873372459861768,0.7672361334816055,0.843562642994635,0.8305006651458187,0.9036741664234242,0.9557090253770363,0.6932677840635244,0.85259620033406,0.8549706154852889,0.7132621771925237,0.7060476779265908,0.7878757705259993,0.8173277772369515,0.7242769974113286,0.8339642925215414,0.8550781028693463,0.8073452077241268,0.7504955155710358,0.7869364980409708,0.8753444255551618,0.782915821593559,0.8251548652719235,0.8567307088656361,0.8161658219412506,0.8482856245939648,0.8401331265598089,0.8119510351659646,0.8151305149341388,0.877592254024282,0.7814070239008324,0.7598771982625523,0.8794318407541987,0.7587542141140036,0.8374857382594941,0.8258607655669076,0.7956063168613929,0.7347364522345187,0.8900458418271313,0.8513541183716526,0.77028567447089,0.7868611702922179,0.8718851830182919,0.8255563098762352,0.7955424796596501,0.8788598284268248,0.6958256999553866,0.8189781891352728,0.7622796753315332,0.7495551249058963,0.7578353589097339,0.7927828352278662,0.7708910522031754,0.8002227464865826,0.8128544845271686,0.818033547835503,0.6825042994063145,0.753442539657254,0.8772020841861158,0.8903634989884144,0.6539997233709074,0.7868863186926546,0.7595991856557445,0.7424002060102887,0.6203374400730037,0.8146459866739597,0.7955294324194363,0.8202493573227614,0.791465396079812,0.7660466086824613,0.8653375737276908,0.7740239997527849,0.7133407203599492,0.742749303836118,0.7516574333949868,0.7689270638050021,0.7767562259388933,0.8465025331257887,0.7287737391010114,0.776698054064683,0.8001068476911911,0.8140504873866035,0.8124383407795518,0.6175448780405574,0.7934086298105438,0.706890697443518,0.8111405760006611,0.6846430248540352,0.7901621419700599,0.7901140892382829,0.8115138632096202,0.8608822362347827,0.8345259295394537,0.8177191877143379,0.9058827148607609,0.8142298989244476,0.7369962131711991,0.807939186110016,0.7612020537421262,0.7255909176118964,0.7888797420990248,0.7559759277478666,0.803938386025605,0.8629005953701854,0.6402232516989408,0.7521706307241299,0.685502657832245,0.7600649456116465,0.8105835633304684,0.6934343578840441,0.857960071688151,0.7434440011958858,0.8367663481479541,0.8950492986119051,0.7675015413343904,0.7999233614207815,0.9010799243492625,0.6325822333554719,0.7260789128088232,0.9015687116439941,0.734562153783399,0.7603426647836332,0.7688727659476173,0.8721688628691494,0.8235557518386474,0.7385300354525035,0.828608706193206,0.8041105739737564,0.8729270960630023,0.8515337716069893,0.703511012158637,0.8748422624719157,0.7982821606814305,0.8997502833600625,0.7161292184550473,0.7630000184977229,0.7390219075847387,0.8261573475487779,0.8862227505278538,0.861050444151737,0.8416392097348487,0.7749233524219213,0.8457127100296374,0.6841242703626974,0.6634702196586754,0.7266021422674315,0.6929411711675669,0.8883905183812819,0.7533317871196692
0.804633034583566,0.8198793413834083,0.7672772390707577,0.0,0.830265583484058,0.8757614639519088,0.8670285176611106,0.8056684125520864,0.7519973105482484,0.7170807079335438,0.8654270072863918,0.869212861487829,0.7582359070309277,0.7104731810946598,0.8596539428389735,0.7359310364293716,0.8071098927662838,0.7305475186919963,0.8764355068713783,0.713756744342643,0.8573418617435992,0.8103310391318087,0.7624915048996118,0.8337344804173642,0.8193147382960546,0.7973762386363656,0.7102231689026189,0.8308088408774489,0.7118613238013148,0.6867281155410836,0.8268742107806893,0.7537700634087213,0.9437302156220678,0.8296948829335464,0.8609127039861197,0.8464981015750122,0.7658428135071262,0.7438700601316328,0.8019723001033029,0.8425179827976705,0.8850669082780652,0.828373457002334,0.7303725967497305,0.9211539536451433,0.8008082257941275,0.7204662050621425,0.663520016834146,0.8098820954463121,0.779467349186707,0.7529136784164474,0.882776537218563,0.8823440983068965,0.7000353475048571,0.9170594746025271,0.8338217862060072,0.7435423790724813,0.7745909590942899,0.894492549307541,0.7447587520263546,0.752337308801357,0.8210568684534503,0.6439763571308605,0.8221687410619412,0.6335322210483806,0.7125065591687983,0.7012209361713508,0.8104863879552275,0.6889645807133951,0.6624579942826803,0.799830667475147,0.7778485873455289,0.6474759789173866,0.838718041687342,0.8504714405222127,0.7941216458898788,0.6471960498209895,0.7626365666013407,0.7620944348420484,0.7343694535047603,0.6595586583495178,0.737384638434967,0.8737033449225305,0.7355910794404906,0.7217093363214916,0.8481814117003394,0.7981164472499008,0.7909609239467296,0.7110909539558076,0.7201420897048159,0.7268556927047168,0.9088558451788024,0.9040858690952225,0.7945882742037365,0.7325915376447636,0.8594749180552231,0.7866197430572024,0.722009217294404,0.8631653620550878,0.6699335517861975,0.8429868129142171,0.6934186096468506,0.7194958885839617,0.8791660366677221,0.79509546060783,0.8064310652224812,0.7073405973322537,0.7501723545404567,0.7908438451542475,0.7463199962971293,0.7996490469674942,0.9316259336973002,0.826110988556596,0.8860852824640143,0.7301151354810145,0.7612662745799127,0.8318793943660047,0.7683884822211124,0.6633324110703889,0.902821544297197,0.7639654671558757,0.7093819606235603,0.7896782051126141,0.7848996974614583,0.8462342508461173,0.7476191946555234,0.7975862051597404,0.7538768023138662,0.7361773237566529,0.8281575733034807,0.6487083773249226,0.6837100375045679,0.7460058542845257,0.6476877957556392,0.880206720102155,0.7746283547928342,0.627630602992621,0.6465745221781021,0.8217819015657378,0.7444371977214739,0.768589123167324,0.813669920600355,0.6895215208564255,0.8575564645646556,0.8250222830494539,0.780359604747215,0.7735937905869287,0.8204697608829977,0.6772733795199858,0.7153719287669114,0.6015394584904713,0.8945263198201044,0.7437359224876107,0.775066115372885,0.6703861478044566,0.9002665090843806,0.7694636014706611,0.7546846194111381,0.8689147578682105,0.8957296106693479,0.7650098610284329,0.6458471322160533,0.7929573231039474,0.8008841554468185,0.8875856825854559
0.8032850856735785,0.8207641019570202,0.8092946431153741,0.830265583484058,0.0,0.8167222446979531,0.898208367192536,0.7655610329641399,0.7748547632762866,0.7743264560220604,0.8744717621325293,0.8775954912176311,0.77553532765251,0.7276188126020662,0.8604183950467704,0.801682144147778,0.8039854126009396,0.7452016466420643,0.8060250505775576,0.7347531145517624,0.8308940182461377,0.8436229179556544,0.8175774393253609,0.8554887067307795,0.8523988366574085,0.8039193497115283,0.7658803815346327,0.7763576516145281,0.7624667103013858,0.7869488597964115,0.8385237406077732,0.7841796023247685,0.8273746263345405,0.8085618231073645,0.8538144609164181,0.8281650385983272,0.8225140396612706,0.7629645798374154,0.8070134018963047,0.8459092125485419,0.8128552983885934,0.8689508414935087,0.7690282390723393,0.8951576850971849,0.8084766743645856,0.715674512547976,0.7506542130271924,0.8625672647470884,0.8470391074180901,0.7566548878141007,0.8299585856601349,0.7914932518156644,0.6527669875250405,0.8307647136532327,0.8323650379901703,0.7843853443395055,0.7435792107566195,0.8760366043930886,0.7620785185124181,0.7390017244932873,0.738698123519942,0.6366048450320728,0.7445399479228775,0.7071137036258862,0.6847758020740728,0.6580911190719341,0.7837225542744813,0.75962272521553,0.7204133660549648,0.7723556546632081,0.7743185547504937,0.6856843215729704,0.7600348359235912,0.8189439168806586,0.7413129457856827,0.6501571399146772,0.7701440202328512,0.8898750291963387,0.6903364262359935,0.664875342859031,0.7004606007472899,0.7935182231572603,0.8126217843469921,0.6821076520517823,0.7745241147330104,0.787816336884737,0.7502979814988366,0.729269795930986,0.707205829369882,0.753564530767187,0.9043150810145414,0.8583924006759233,0.8264665216857309,0.6849736240958694,0.7861230241195166,0.8198841437993586,0.6578128428095329,0.8259890493928416,0.6957249823228069,0.7772846986797145,0.7238791116536564,0.7157391629374177,0.7965191152982365,0.7879945398443773,0.7429032884731543,0.7378833794083102,0.7150988733806642,0.8213449777116013,0.7680614678395323,0.8487378559146888,0.8760354733876458,0.8146623721617455,0.7904011135877085,0.7388611929110014,0.7034414195512914,0.8017800694584698,0.7272314054147337,0.7683124919658036,0.8331472352796854,0.7225274462916913,0.8030561812038344,0.7007370033075836,0.7667466953281639,0.8401186533776579,0.744378538035459,0.8084956899808182,0.7056423184835697,0.7985484133220132,0.8075249013542148,0.6995279925497212,0.7398188270694878,0.7330200019032821,0.6280012904960868,0.7736811888180323,0.7724346138938186,0.6563901077999476,0.7265487817821066,0.8613621292543907,0.8029626401049759,0.7986831235734837,0.7314728264120196,0.7633075925066587,0.8038913865662061,0.7888301981747379,0.8607258805835991,0.8249786833554711,0.8472044815439956,0.6916270653584361,0.78566577681489,0.630439253960945,0.8092141250880955,0.7084391132808873,0.7654878002394359,0.794794695135535,0.8648542464492472,0.7823521932627395,0.7583143634450354,0.8711617877212683,0.7982711805464547,0.740646437924331,0.6409239594374389,0.7588910605320544,0.827256250318891,0.866340740738459
0.8735625856577907,0.9475272507235462,0.9014610405814042,0.8757614639519088,0.8167222446979531,0.0,0.8095112715797054,0.9066702501007452,0.8424877331483583,0.8386000081031459,0.8732735520986313,0.8990957310245601,0.880056509389888,0.78573082343894,0.9108142479857976,0.8559311877746535,0.8898583556608646,0.8092684906538734,0.9097180601327456,0.8241913912423448,0.9053363202997057,0.9039743577468143,0.7272402620789478,0.8619503507620305,0.8850196723899665,0.7452979377464616,0.7170300948749903,0.8520900978500722,0.8033956966289776,0.7721751035734857,0.9098055112913846,0.8748428960660621,0.9318877483744318,0.8065375277322555,0.8771943459129794,0.8865929305211144,0.8207597859297242,0.8474556110929412,0.845143342138033,0.851388743145373,0.9250775531309947,0.8623453019762487,0.8109675088167634,0.9045802474138416,0.8800376959009755,0.82176287770938,0.786246688448104,0.8667880472926499,0.7859355574441496,0.8379398296450141,0.8987149714418889,0.8995794199602799,0.7962855043295446,0.9295183579129732,0.8642002081290309,0.8524990599215145,0.835951847956382,0.9243712757094833,0.8061532878921056,0.8370651895305483,0.9069045208204697,0.7476322105610557,0.893609411351881,0.6937841115260441,0.7820438183187738,0.7903762708097253,0.811875096946032,0.7885442214012808,0.747208168889567,0.8577462113999527,0.8668015595733006,0.7199069999853116,0.8012659156534909,0.8938529717714178,0.927537565963322,0.7374139351278574,0.775207087751446,0.7845869810875449,0.8054057512302203,0.7326804936968511,0.8879461427570247,0.8667202281416017,0.8748898362975092,0.8479332854389086,0.835961420993404,0.9117929032596925,0.8198993984961073,0.7529506168929314,0.8261450882882794,0.793750137969659,0.8536667909310149,0.8954896476006565,0.8787809905863587,0.8036778944618628,0.8427740526511189,0.8484526289580745,0.8228714398109938,0.8855121651017008,0.6719787811555454,0.8854455236391521,0.7550716633890305,0.7737712754392849,0.7634204715316575,0.8283635398152448,0.8708161072722131,0.8227162420674856,0.8502568449198598,0.85203480715498,0.8528692846379657,0.8874285907257531,0.8714433684511543,0.769895515346577,0.9077847300369211,0.775771259195074,0.8251213775714867,0.8832728730800897,0.8610068965743851,0.7397712200719988,0.8962341893732407,0.7464086331940804,0.7554743402718651,0.7745128228896007,0.8134360543971229,0.9173824142430425,0.7927131628027557,0.8968872102190726,0.7847664067408301,0.8258533601123833,0.9030559110059815,0.7557457077881284,0.8419009639736859,0.8743481974938049,0.6853373901224064,0.8302797882568007,0.8420990966422864,0.748046469878801,0.7836637673615731,0.8295488878735975,0.798388149677994,0.8546956442754208,0.8438644614905202,0.8099319417442461,0.8791724809714094,0.8513940384426054,0.8384210860835586,0.7398390338806532,0.9046268694356117,0.8330585337005488,0.8483977227448268,0.6871258470204598,0.8597980333884212,0.838560859062783,0.8016315127564821,0.7873488014215256,0.9209949043457423,0.8553229054526612,0.8060126225621953,0.9321108832823221,0.8112394527934113,0.7536318348724523,0.7584847439280856,0.8362105059799625,0.9405555713899941,0.834487151025107
0.8214203982440264,0.8161089084454671,0.7396470184433834,0.8670285176611106,0.898208367192536,0.8095112715797054,0.0,0.7377855356419118,0.7514675556788449,0.7980683451583562,0.8471500360273785,0.8591564722630955,0.7818366407998097,0.7495135811109691,0.8594913980751023,0.7616595459311508,0.7871566576654794,0.7645090913547338,0.8162216292987334,0.7068397780169561,0.7804793853657376,0.7807532892487795,0.8985157873781024,0.8312898101488412,0.881328446931325,0.7630903765467908,0.8105651539441543,0.8227115678059331,0.7691715765993339,0.7992581565786722,0.8414135226810973,0.8068116169679016,0.8471220099553528,0.8490885820621515,0.8646290205231679,0.7826961579198197,0.8341636710059738,0.7095222311982116,0.7583327948384267,0.8728154114036203,0.7822073575503229,0.8441519994454086,0.7403757450263965,0.8824915231085191,0.7896490432121838,0.723609627008402,0.7361119013793238,0.811227313370127,0.9165233140778309,0.7149501676369848,0.8407078597489196,0.7717973312371442,0.6634392198022032,0.81164910028585,0.8376505632749095,0.7967503576970475,0.7367245459907038,0.8310900702665963,0.7931642399590055,0.7428139157635274,0.7293513856220765,0.6280027934141195,0.7168453308441957,0.6551130813671211,0.6766709926357906,0.6565764589263148,0.7980340649727113,0.7499425251650313,0.6963312002169607,0.7638569314268898,0.7353587282478731,0.7034091324614524,0.7563114476156347,0.8138547635745592,0.7184392689496258,0.7196253703440568,0.773346710407665,0.8946163671013053,0.6729273977247858,0.7138845086907659,0.6935854747983359,0.7694576726803768,0.8093351494848972,0.6640537907116462,0.7657512620714958,0.7405969388138359,0.7354688416982598,0.7736761590163285,0.762248676635004,0.7296935726915093,0.8888925582969156,0.9008539549714837,0.8305029656120156,0.7105678446366535,0.7873620107684658,0.8208582752805805,0.62199169438417,0.8247287512309116,0.6829257167365044,0.8258547250623247,0.7512276213270837,0.6936697509304136,0.833475002501406,0.7947594950733954,0.7319872496076623,0.7056429611028638,0.694563141168659,0.8196970171540561,0.7819859334847656,0.826225825779283,0.8948258432652504,0.763262255924194,0.8146982958473505,0.7359256815504578,0.714324691651019,0.8014587176106275,0.778006619390182,0.769179228606906,0.8193103824678939,0.7451228685516557,0.7234413860349054,0.6971271023522165,0.7477482164248652,0.8769082164651484,0.7426854870829821,0.8186863536732043,0.6972039372083408,0.7532810200269291,0.7862433361537264,0.6792442742295886,0.7330937058061531,0.6660315125883549,0.6473414903501871,0.7424602421090409,0.7113125492371356,0.6334034077187768,0.7168963972854397,0.862617261518083,0.7669936432899206,0.7878205349104624,0.7740224590565455,0.7338336548019316,0.8276753460501438,0.7310568635310433,0.8117296069239779,0.8399147740444073,0.7626477596852631,0.7117972443334007,0.7597777398363715,0.5798327026911922,0.8181227623862221,0.7583061934594191,0.72668532443664,0.7563360665017499,0.8558809173876818,0.7638695969508951,0.7890230635408587,0.8812507462457148,0.8889081255233166,0.8292856339725869,0.6675586678447025,0.8184368433968044,0.8090387350100142,0.8410836762406113
0.8544504903205159,0.8569508384849294,0.8815744703608114,0.8056684125520864,0.7655610329641399,0.9066702501007452,0.7377855356419118,0.0,0.87519007356502,0.7931370075317145,0.8667393420073235,0.8647199732343473,0.9104429062564363,0.7488805283395468,0.8885393298786919,0.8977486967191144,0.8475714556607588,0.8117496749635262,0.8490671391737405,0.8434439619364702,0.8561655883427954,0.8791301296345302,0.7190802688782059,0.8241435821160392,0.8566004174330747,0.7843100411318862,0.7856234710773566,0.8330215447490321,0.7288227058624983,0.7976483990993619,0.9232593408851932,0.8649713356041951,0.847920014514278,0.7986868957107363,0.8131047733038691,0.85124281379465,0.8701518045657276,0.8935487152945949,0.8646688399208423,0.8100886361229227,0.8317651176194488,0.797684014278875,0.8675841348929381,0.8122837191781992,0.9446420825943931,0.8454485370405612,0.7382098973011824,0.8552597090586385,0.7688064974690748,0.8369711816608116,0.8617756625523627,0.811511392441184,0.7253066935511694,0.8557430117184733,0.8438158579613467,0.7847117144548534,0.8245807683933853,0.9207377423931903,0.7599326858583281,0.8337651362804613,0.9295237360272476,0.7487981618742648,0.8683341494527942,0.6863922555646825,0.7472874125810736,0.7957210873216485,0.8463393621735323,0.8108236407127011,0.7988276368891833,0.9456545586524899,0.8809234482686135,0.7120962373021481,0.7630862226424421,0.8901596438049314,0.9105442557695578,0.7081745691395436,0.8309652239502792,0.747817231288238,0.8553477872264187,0.6576439833284938,0.7865150879987591,0.841080901865394,0.8528224014208711,0.8667548785280108,0.8038709213756985,0.9244246640643407,0.9180189261521141,0.7780952098652018,0.8387061420263525,0.8321321329049011,0.8231766913894826,0.803498770400668,0.8324165247673312,0.765421178199491,0.7716465895542778,0.8049521974310393,0.8263733975971712,0.8048258954116534,0.6232596183654995,0.8517680526998971,0.755071532738079,0.8943261921553343,0.7323483789060949,0.7680255133815926,0.8644213831682802,0.8701334681675514,0.8615139855386745,0.8173088355824748,0.8184974962976389,0.8308223810122222,0.8023421119680387,0.7736195387617079,0.8480258218487993,0.8588694229215968,0.8060698386630138,0.8450311641782241,0.7748371702481094,0.7635979598439564,0.7852875027069768,0.7065754608459979,0.756129042802279,0.8316435422945112,0.7506580055723352,0.8640823825470346,0.7028817448217559,0.8609100701534771,0.7477525157846803,0.9129847074066103,0.8304881857788142,0.7900725022927495,0.8298952115469544,0.8815201849670601,0.7750905748775977,0.7720012784442876,0.8580358289313518,0.705006390359329,0.7953222616307596,0.8031904240188724,0.8529108968682437,0.914322973195488,0.7781046445426365,0.7855316273198412,0.8106816151773102,0.8167171164854552,0.8385235117092286,0.7387306436189655,0.8947289166344305,0.804558801812888,0.8288295612977775,0.6648871222503975,0.8797736073107738,0.737165515268248,0.8008530594437736,0.7956652655714312,0.8689828688516555,0.944984883363198,0.8196507782156011,0.8900502447425618,0.7231307227570538,0.730801631294252,0.6958342456090438,0.7403267701733868,0.9075228894405044,0.8013359003936376
0.8792539058010838,0.8344060234586438,0.7692917137988029,0.7519973105482484,0.7748547632762866,0.8424877331483583,0.7514675556788449,0.87519007356502,0.0,0.7136072447881694,0.7632499134756726,0.791997896789358,0.8395232764311769,0.7468028019797818,0.8695479594654898,0.7759416819473604,0.7769437836462665,0.8061726929473428,0.7834473589208384,0.8121536802731972,0.7867772498870317,0.8316648571640355,0.7063217242190608,0.8094350093936057,0.7842605431015199,0.7141706182351558,0.7506887750349212,0.7731029287705609,0.6491670053344145,0.82159622937805,0.8846833451937274,0.7838880810068721,0.800483619131984,0.7463590839824948,0.8150448592827509,0.7540189616724619,0.8123830088079954,0.795348874763358,0.7729681014847176,0.7910491262411521,0.7729933783898773,0.8423842036927753,0.7611774590561288,0.7579916271920351,0.8486022073384937,0.8112637553820085,0.7648655455072703,0.7371963923865555,0.7396569711936481,0.7904132762942855,0.808562712891647,0.788478412719381,0.7325894900432364,0.7745664636516384,0.7198525276096531,0.8785876480708371,0.7972494759513554,0.8139276119015381,0.7259785860781482,0.8036056768746364,0.8093194240738164,0.7233150578879655,0.7840511822278261,0.6391841055724499,0.7576922594632766,0.7521436371175748,0.8180977936809983,0.8106704514461808,0.704863862534572,0.8328568979002505,0.8783508871006602,0.7028882436215268,0.741464453366978,0.8143090520664032,0.8203542778590917,0.7168076396826435,0.7401275120113325,0.7165227229407443,0.7692405091590857,0.6622215593389862,0.7386504767709184,0.8634733096786067,0.8838335539516633,0.7523209576922708,0.7589439107585737,0.8949896231072821,0.8029368315409473,0.7466178870379762,0.8011091796217552,0.9178099372850927,0.8039810489971029,0.8314612523149228,0.7575739550363901,0.7605392854215952,0.7799732626934862,0.7562241654745732,0.7624015733289871,0.7724402364236264,0.6576801026465803,0.830041248424487,0.712812656616757,0.7392687647916885,0.6825650956318173,0.695947331860584,0.8082228277037026,0.8170327176693735,0.7527496850232374,0.7668052992592888,0.7879738118284596,0.8007845147415867,0.7506537110611853,0.739720681438812,0.8107482715510216,0.7593788021658854,0.7630534900147473,0.86945010908941,0.7565003595937045,0.6822631487274626,0.6975757012847498,0.7217363745677932,0.775160576369773,0.7372898474829201,0.7460756555987331,0.8502582065080072,0.7741312291291641,0.7498531912872718,0.7449556049244889,0.8377841153380459,0.7158260024245966,0.7440028146700376,0.8766521531190298,0.7943171141090031,0.7217294663950578,0.8003544164878839,0.7686404497840041,0.7100955859871012,0.7851827730293475,0.7920082508316759,0.742820699767783,0.8347915298602694,0.7183075205246953,0.724875875026828,0.8406886052256586,0.7442122456582344,0.7444948700943124,0.7393320048003643,0.9181080167537681,0.7495021644013355,0.7375621866216372,0.6045529508126701,0.8336064012537453,0.7067442387601347,0.7603735195583758,0.7806461912344634,0.7823324355393274,0.8949225788789714,0.8030940498768897,0.8480982023847041,0.7198053550119055,0.7011892961676048,0.6579715755460279,0.768474824506834,0.8794231532128717,0.832458379777601
0.7548331335223455,0.867966922675215,0.8758120573649766,0.7170807079335438,0.7743264560220604,0.8386000081031459,0.7980683451583562,0.7931370075317145,0.7136072447881694,0.0,0.8185815971833974,0.8431498249030892,0.8239286125442461,0.7491698154629561,0.8184887372416169,0.852556101479454,0.7870290051400977,0.7613192246838011,0.778675393688984,0.7383455058398167,0.7541423775831516,0.817703980985989,0.7701050602362816,0.7594957337498489,0.9263096263390822,0.6646205182904458,0.7770456353738031,0.7631969991510552,0.9372616613557622,0.7981575539841222,0.8463170144908474,0.8611367047153555,0.7800119564374915,0.7385699560668937,0.7824773495408944,0.7931417338721449,0.8216351747584897,0.780047302606841,0.7567484080297829,0.7683035436151161,0.7715815160919774,0.7626467091418608,0.7894575237767182,0.8028342837998472,0.8076143879192528,0.7305026040619012,0.7873437274967193,0.8566192404664478,0.825784912536687,0.7135431059176977,0.7465687670393318,0.6974646149009007,0.6682977412704781,0.7709362261149947,0.8576658079668752,0.7792357441525943,0.6905673006786099,0.8175636028244758,0.7934892549104487,0.720608834645127,0.7526829165541359,0.652371958872808,0.7162147526254061,0.7198630406766311,0.6505709461411366,0.6615527312418478,0.7013841240780891,0.7809652961592918,0.8137999696601956,0.7986461712087467,0.7066203452060431,0.7199185271939657,0.6461815259893335,0.7649852231696125,0.7770074635722436,0.7312968517153269,0.7129218903222363,0.8471890388446619,0.6938154090607243,0.6776051899112449,0.7809965432253564,0.6633763617961471,0.8588783145372303,0.7672686565225334,0.6673636651789961,0.7679873622573967,0.7284081829509124,0.7384695144201028,0.790729564965195,0.6841314809052554,0.7344232557949882,0.7736868631287533,0.8561618994081228,0.6681757783382237,0.6696218405497134,0.8895214129144249,0.6543898672961543,0.7979857535769371,0.6080385246937706,0.7463739807629739,0.7665402826503397,0.7327865809603527,0.6921548876972342,0.8777090981660742,0.7111927885818137,0.7376670368854575,0.7307909689079832,0.8574084198420905,0.8042489405407721,0.8318959330607021,0.7550246531498341,0.6431003074749785,0.7313510881824742,0.7626858823801561,0.697518941965369,0.7206460670129936,0.7827893621199419,0.8763361370420271,0.7989246435035058,0.6688854586288449,0.6569662352291603,0.6730803196932281,0.6817174249471245,0.8087619559446866,0.6709373326891024,0.9303853514598447,0.6288896635971264,0.7777627826346845,0.8658075762135734,0.7664418715851723,0.8352447141942257,0.7160641027069884,0.629078643290912,0.6206120419515954,0.7434603034130729,0.6931908375204568,0.8189377468804298,0.7799077878103873,0.8440336355174102,0.8150157945055125,0.7972254850078153,0.8198674570428569,0.7144941012064807,0.7254986157006726,0.8501794519057461,0.7216609810073104,0.740658816639388,0.840221288796542,0.9521243079002332,0.6721407762719417,0.7009642821643439,0.8184327496861653,0.6871531875963073,0.856075215879015,0.8530145112274379,0.7703720312803445,0.734706869999053,0.8476897627119238,0.73397232462069,0.6961603387183979,0.7882858476675294,0.7508027764926504,0.8840193024081168,0.6731589398492364
0.814639593227016,0.8601958175735305,0.8675008069651894,0.8654270072863918,0.8744717621325293,0.8732735520986313,0.8471500360273785,0.8667393420073235,0.7632499134756726,0.8185815971833974,0.0,0.9440398315833817,0.8503093659766715,0.7408137130017315,0.8669991655010382,0.9047092961467388,0.8738850187739219,0.756922056641909,0.9001274678905551,0.8082914010191848,0.8879788499113495,0.8931844773651578,0.8183595885765992,0.8864796226313283,0.9053536094264844,0.7929352828326633,0.8135782149916222,0.8804617335899361,0.8153361069986789,0.7866916490635474,0.8852728808049636,0.8678629267596075,0.8376781647429775,0.8750489131302767,0.8538859414801713,0.8808703510833343,0.8703245844493054,0.8327792241328379,0.9315816248490737,0.8595515247871686,0.8265377894535653,0.8346286360114259,0.8160525965988603,0.895738347527923,0.8881754632463138,0.7524672252727962,0.671381368967323,0.9470623876031515,0.8776019071082629,0.7966421108820447,0.8727353943202418,0.7843703347465758,0.6762352712872791,0.907498730650855,0.9482416842939523,0.7250512478098978,0.8083467020896111,0.9421452886920132,0.7930988593542908,0.7982329561399637,0.879793463550192,0.650749426663566,0.7899149335685302,0.7255730005508308,0.701220395185007,0.7158485298638582,0.8529020898023754,0.726604127199173,0.7502817686085335,0.8599316138840879,0.7796544876738307,0.6989833437922828,0.7962651737407092,0.8942121280038855,0.8403798798233637,0.6693589403270616,0.8865629604805103,0.844508243012927,0.7403215192507907,0.6836190430402249,0.721576730098549,0.7998976199985298,0.7932866049390505,0.7597734638928548,0.8214423632457155,0.8190183057743682,0.8637942851292992,0.7477641321186608,0.7552848577395306,0.7559276523916942,0.8565617986422479,0.8143610140379531,0.8875440521052024,0.7452393563248544,0.7946588197574361,0.8139731338689162,0.7391022839665466,0.8077056268279253,0.6485421031297853,0.8090068137208067,0.8000204360824539,0.8526038553599428,0.769822524805839,0.7829759838306001,0.790208300786132,0.7604652788263525,0.8115198393724613,0.8470487352866547,0.7700676966531677,0.895626483512607,0.9309643446440237,0.8200392056337314,0.8370158193492316,0.8770377910103779,0.731848688511572,0.8044665893316827,0.7536900246354831,0.8510662647207161,0.8663346180374848,0.6898596521575415,0.7898240226966486,0.7379204044389304,0.7860709130056323,0.862867411593545,0.7356467155455029,0.8839535501047022,0.7156210838816466,0.8628028149858952,0.8788778077995639,0.7088758111780469,0.7320368766872323,0.8127133169521921,0.7429389722523232,0.7959337677707832,0.8900872007208458,0.6610694123330615,0.7408170914982088,0.8251073410253833,0.8821131078740898,0.8833777788725118,0.7522150288365772,0.8228457613252146,0.8172673543200518,0.8483337524479482,0.9297862074422537,0.7550785464935352,0.8321623301745702,0.7304289112777164,0.8334058747371319,0.6876492526132787,0.893704880419634,0.7333657304327037,0.8532625512775271,0.7637727729647478,0.8992749381407866,0.8652020738984116,0.8632126192491476,0.8781056801672341,0.794474255514165,0.7909421251447507,0.6382371964344937,0.7559098775937203,0.8284920661523479,0.8751447585150718
0.7945964363404198,0.9040319254449288,0.8715725389530655,0.869212861487829,0.8775954912176311,0.8990957310245601,0.8591564722630955,0.8647199732343473,0.791997896789358,0.8431498249030892,0.9440398315833817,0.0,0.8068523273968593,0.7022647307495717,0.8639413628196853,0.8628112199999834,0.8535861766259676,0.7241343129704224,0.9134748040404109,0.7876564505713924,0.8877085106292467,0.888621923843945,0.8275063545697123,0.8971733956579065,0.924680713831979,0.7526155374289079,0.7912834093683501,0.8567890747975553,0.8223090097644511,0.8060999726079378,0.9011249625969671,0.8318795103956482,0.855899770085638,0.8828133988795319,0.8501654533027824,0.8750744966109504,0.8276113094674935,0.793201843844607,0.910110559544868,0.8369993715459519,0.8511613134826949,0.8859608620167552,0.764456653414627,0.8931195131753975,0.8723347254714272,0.7330828268983365,0.6960460385620685,0.8918478390112906,0.8458674380712949,0.7611145350568129,0.8337987153994673,0.7972390994195379,0.666902354075849,0.902438972103775,0.8991685053381959,0.7918336790298427,0.776185202846141,0.9571752087311627,0.7532612108619706,0.7743645522192739,0.8337146045909479,0.6241649309377425,0.7593115531035385,0.7063159989484582,0.67559012888244,0.677670196900955,0.8002177137731649,0.6994059518469613,0.6974617241537625,0.8264495891436504,0.748533352219382,0.6593213617679069,0.75522884599803,0.8512256978000383,0.8237876189430675,0.6510756940652824,0.8047647143047697,0.8493219418947909,0.7217310449241309,0.6579026837771218,0.7225186077591316,0.8022153460948416,0.825483307905713,0.7318948820539866,0.7935120217212521,0.8452527617054302,0.8113252264957779,0.6927041322389343,0.7445376827957505,0.8030326865279288,0.8363617571102603,0.86524028854458,0.8504373789167837,0.7162367136497031,0.7615984772054013,0.853059238732186,0.7181591405288745,0.8776609192641053,0.6444643746445297,0.8005020984597034,0.7476830047935245,0.78001351155139,0.7644653518582002,0.8356576126523942,0.7574666050865088,0.7492075822748648,0.7771503287725365,0.8963006431194431,0.7600419564350737,0.9197917770018827,0.9302194801446767,0.7840982322480675,0.8014296596857616,0.8285827701285086,0.7072514224655447,0.8254335265544485,0.7652476179394659,0.8067304925153258,0.8729926757394054,0.70489007593506,0.7432103158153349,0.7173915079313354,0.7891001885223764,0.857008592560821,0.7143948270585987,0.8855291701770069,0.7014621564494788,0.85137555115041,0.8963768551942268,0.6675068327278724,0.7915629324536593,0.788171905450355,0.6676209840762266,0.8086100924765638,0.8608933921596579,0.6317014746073026,0.7557847672825682,0.8077272376431864,0.8554863121644628,0.8622675953464815,0.7451932717723272,0.7916368946956464,0.827063576120116,0.8300311037119203,0.8945033387600103,0.7633049591359224,0.8747852209600059,0.7253827612053351,0.8606110305683073,0.7020683856449469,0.8587104252669812,0.7370620630059117,0.8307944395557566,0.7898274496082609,0.9491616881982299,0.8274121541806608,0.8165497660655536,0.9137390434387939,0.7805898738882496,0.7273489002945851,0.634173925920845,0.7616467470606924,0.8699035058476937,0.8574786693334113
