0,1,2,3,4,5,6,7,8,9,10,11,12,13,14,15,16,17,18,19,20,21,22,23,24,25,26,27,28,29,30,31,32,33,34,35,36,37,38,39,40,41,42,43,44,45,46,47,48,49,50,51,52,53,54,55,56,57,58,59,60,61,62,63,64,65,66,67,68,69,70,71,72,73,74,75,76,77,78,79,80,81,82,83,84,85,86,87,88,89,90,91,92,93,94,95,96,97,98,99,100,101,102,103,104,105,106,107,108,109,110,111,112,113,114,115,116,117,118,119,120,121,122,123,124,125,126,127,128,129,130,131,132,133,134,135,136,137,138,139,140,141,142,143,144,145,146,147,148,149,150,151,152,153,154,155,156,157,158,159,160,161,162,163
0.0,0.28084633647664864,0.26335479552633617,0.25298483779940556,0.25222348914094367,0.2706228380114431,0.23984254004693983,0.2729659246045438,0.2965459977174094,0.2867322534777374,0.27888115827985793,0.2568967144416374,0.3821362035639035,0.24636294173651294,0.3030316229840838,0.2989127475449289,0.3239932912879624,0.44257259188690823,0.2819253081821792,0.3916158851816627,0.313338513823958,0.27818571232311906,0.2586008264804854,0.2594003709257046,0.3577590201951625,0.2306197815987733,0.23740463433375236,0.28293331980029734,0.22074926595507285,0.2545324903585764,0.3087856828986582,0.3305822423319205,0.25977135222413156,0.2557731362139244,0.3558997777614011,0.28460819185446884,0.3472306958230484,0.31345107074477974,0.22376863203633227,0.3201187817734301,0.26704964850331775,0.2775240358726847,0.33016622540050306,0.3073171579673017,0.29885946497066335,0.38395967590799723,0.2564556426149106,0.2921006304464913,0.33146817235669374,0.3818193626414989,0.3529947439854182,0.3161718843668496,0.24583633625340706,0.2665244744271629,0.2723361220641437,0.2740516299389349,0.43667661302466737,0.27085410807416904,0.28076745251595964,0.36159090769643637,0.2585447610403917,0.24517188277188318,0.30248972610881497,0.22612722197785712,0.29803146330598607,0.334763919626678,0.2719091628811669,0.2803759108102945,0.27247184026795906,0.2950451240583152,0.38752590804622417,0.30575180397871177,0.27560189858368184,0.31975506906262113,0.3188587932187516,0.2992123083058764,0.226353146959554,0.24138282068969805,0.28466257771999826,0.21976647852737533,0.2613815272649423,0.32958783800663205,0.2763432334500899,0.2691951145663154,0.3278902352001126,0.33679429032956243,0.26711086161318554,0.317442373442468,0.3490008582191179,0.2475764153469871,0.3488683694820382,0.28364442728638967,0.34437736160366,0.3260481305465036,0.3062398294529712,0.2532326359947313,0.21033517534238017,0.26306762450663984,0.22083590123134988,0.34256063937025855,0.2514198036941771,0.2514949017658474,0.2587919678861396,0.25157112784844265,0.36981875831220207,0.3287287827698407,0.32085409436312157,0.2784403468657351,0.33261315866756597,0.2920389315370072,0.280973939547296,0.3368913955811418,0.31386006952804396,0.24385954796326348,0.3220166726353783,0.30773696320164434,0.3068988032079472,0.3055456026927562,0.23909888427514725,0.23848325341049967,0.2814560070898896,0.22730214426908352,0.2912774504875517,0.35261002168187816,0.25137354434040904,0.26648961342290906,0.23442477275717244,0.23295928563007434,0.2615497149806273,0.3303194159045935,0.249475400207853,0.25830186014373957,0.2313098441010842,0.25721359699396995,0.2735408480277019,0.2636507740744997,0.27847961496351703,0.31965896593969184,0.2728703420658693,0.3336826965403421,0.231571120299288,0.2672368943804579,0.3318766122467841,0.259048265734798,0.29415744354523654,0.2705589859472596,0.26700783423932517,0.2472066515117259,0.32673348756233833,0.17757676421303206,0.34836927751991065,0.2596661765365293,0.3115577677651567,0.22355950102243563,0.3063195937247985,0.31753873564804674,0.270758927309626,0.28402863950433954,0.256136697836527,0.292084041750789,0.23657565481644363,0.3093661624961137,0.21626883268494432,0.3418177764087018
0.28084633647664864,0.0,0.2741463846274613,0.26920135144247687,0.22308854667740663,0.34188186658922387,0.25060286793627107,0.30802026636736024,0.261072566003884,0.35578703856564403,0.265078682759957,0.27598250759293325,0.2823488782672906,0.2759353054478995,0.30033444366193357,0.24950048440490044,0.2812895820898438,0.2640442680210396,0.2722523257549207,0.28391482515277583,0.2755865903938341,0.3271614047379738,0.2409298764716286,0.27126196342277553,0.2968735878852697,0.1975828238334861,0.2215483863229536,0.2614441568866112,0.331088830312256,0.22193266593966732,0.3109650676378103,0.2640320242228648,0.33181873954589264,0.21641749844204033,0.28277099409126355,0.27392062864216726,0.2578422616473231,0.27774170075333443,0.25799007165843846,0.2776571289288803,0.3308950766901319,0.2754516571601279,0.20756760045634431,0.2574990581552009,0.29400770527990694,0.2571234061482183,0.22804061801741637,0.2333546350868103,0.2599752185232393,0.267667503992803,0.2771960667629228,0.25956430753862864,0.2826572762944495,0.33025650650090105,0.2752314687245464,0.31181526073229204,0.28566281390708914,0.25038206763892656,0.2738975481788493,0.3110684270837523,0.31031391747233317,0.20339645273028006,0.2259489816069271,0.20513213745860395,0.23920645294620083,0.22947494840544963,0.2583739183074066,0.23613742539864974,0.21916511853295786,0.271413395677814,0.26674279384715,0.2724785682534532,0.21944140953453914,0.282130307768901,0.30970702876194256,0.23992795355894456,0.21312038848601567,0.2768976858038817,0.2328811935862574,0.22619728166560804,0.2568632587104841,0.2715991231805128,0.32441510818634606,0.2489849559338998,0.2535881816871983,0.3481097566349318,0.2290796184030526,0.2238096609920795,0.25101978521878865,0.28945006863448597,0.2390479032572927,0.27937995081454137,0.3091740992878549,0.2706375621565071,0.287828422403823,0.3173879620326314,0.2319660069380992,0.26143499916609836,0.20421965926944194,0.2881959018155284,0.2678786485680013,0.20515548404954292,0.19018854489316447,0.26144308022387364,0.2556710165487055,0.2454981307398152,0.2471688139541385,0.3033129393716636,0.28798624065159156,0.32781817165841487,0.2385455891965091,0.2312311134627142,0.269735296619564,0.23394037527540143,0.27464784451392776,0.3568477539400236,0.2672443338014213,0.21323179188653318,0.24480491004877306,0.23487333723479314,0.2580802638218783,0.22967436736622962,0.2574508478900247,0.33171272334664514,0.2586469463482872,0.3317603987103309,0.2369979362043467,0.260479371679069,0.3026524056164885,0.2621994339817006,0.29047494531232687,0.2576509327823358,0.22578361587213452,0.27672524481830857,0.27038035678363254,0.2417709819792598,0.24492430366718085,0.2771813689287727,0.24507444606952267,0.264742823938884,0.254012570607786,0.2683017330468937,0.34735518329338577,0.24934804162689736,0.2765966377342283,0.2056474201406686,0.28948066285024204,0.2708253595084729,0.31717442791862005,0.19143875959673307,0.24433573810819195,0.2843705198327632,0.2555159223351404,0.260814776718708,0.27689858994124616,0.2957294031430246,0.2783441998083138,0.2951027104260266,0.2619852665489025,0.22850662061376995,0.25282466136235254,0.30978885556823044,0.22745678196943897,0.26875952615805815
0.26335479552633617,0.2741463846274613,0.0,0.24992261668875498,0.25247227525602606,0.2911137052980876,0.21818762296844757,0.2698222279340667,0.21856939919853546,0.315921581662539,0.2968927612326604,0.2507276310826664,0.3152842798127087,0.21758842032518322,0.2569691716418975,0.3282903554010979,0.3071366545010974,0.26003031635011553,0.21734006465088618,0.2267016217971133,0.32002725499381596,0.3732726199457372,0.2108030607448535,0.25648062173137953,0.2625989202396956,0.24933855181836442,0.21475397639781416,0.23944701390710005,0.22791466353769613,0.23218791834249664,0.2251018046751818,0.2706491479182225,0.23525960680623395,0.19808965014683655,0.22132978964445368,0.25854766574614446,0.2861008946853998,0.24910577865904815,0.22271399803661093,0.26775612828664874,0.24786124024906922,0.27626552033295476,0.24145612459257787,0.25554973427692884,0.2706528968827964,0.257430447313359,0.23036510286625386,0.28637846042719506,0.24221899582948114,0.26003194118811573,0.29110782963621273,0.27349144609120196,0.18470755014682574,0.29497623001907664,0.2611671107571871,0.23088473089384143,0.2435936531630659,0.2763232080136756,0.23152589941541743,0.25436673594553616,0.2523225322511426,0.20368523694954202,0.2648252078024089,0.19220863666453003,0.21097192006206386,0.23622603036089598,0.24351033701293948,0.28777666223538906,0.2555861377447762,0.2625190822403623,0.29847342803557003,0.2069242036565287,0.2281418874911397,0.37550419298971977,0.27917703091436236,0.18411093825333838,0.25574097181769584,0.258261897015758,0.2051058155249598,0.19091768784809593,0.24036402184198039,0.2663765473342963,0.26798618325883855,0.23259880928209598,0.23424606035578158,0.2900360469204538,0.21443660166751508,0.20484273245548096,0.2265459031694948,0.2139795160852725,0.2816673319391277,0.20772990417441303,0.26410208857337186,0.19825551804821345,0.2491393733886573,0.2489605027135962,0.1901892320863768,0.22835966155514123,0.17584203394918727,0.2541659473701832,0.19181663665637777,0.2349707319640337,0.19552735612963557,0.24111261304024983,0.24200682659873504,0.2994866986368973,0.2659799322589563,0.23721744378273554,0.2566605873248406,0.30907595251685627,0.24499901106547722,0.22076384477015484,0.25633776437957384,0.20767845085433626,0.21780970947556694,0.289797607155459,0.193698993539162,0.2561641749605137,0.2716300395776404,0.20987785866386527,0.24849672230640327,0.20446171070487984,0.2131074028340037,0.27848270439943845,0.18154001028414832,0.27917208199265575,0.21925295067315548,0.25657853217828963,0.26553769312162845,0.24893368014483738,0.22841427393654412,0.3414211781509522,0.18843802488777464,0.19861943651033953,0.25690396158411166,0.19777341034181675,0.19780201077654308,0.23083184788300146,0.2391406651924071,0.23923541831544864,0.19959649905601276,0.23565351091555772,0.2540792085017834,0.24245021622054985,0.245858955851263,0.18890334539376982,0.28751001825187683,0.23956009108656057,0.28036092501995435,0.17367790343955422,0.21031309890017502,0.18145866859282966,0.24358340578467963,0.28180109111567986,0.263272946291121,0.25840796024511575,0.2739181942263902,0.31833465435171304,0.183872109613645,0.22890886182564113,0.2338415496968708,0.19460022994477014,0.19982603019636277,0.2609393872831195
0.25298483779940556,0.26920135144247687,0.24992261668875498,0.0,0.2247075253188527,0.24870873760811538,0.26869509305300565,0.24903866844104272,0.22216667753493385,0.26120985221870807,0.29550395322927236,0.2503142758108941,0.2659209402729057,0.24334302856465892,0.2941268351371,0.24201264893853577,0.2630195272441009,0.2588685834277816,0.23728115614899492,0.23275972608207005,0.28456795759080716,0.2741806377607313,0.2507539335501662,0.24164407143158684,0.27608636474609854,0.2505964581081965,0.2661407031816215,0.2547161050528168,0.23767292313189337,0.19061451362232215,0.254444636862028,0.23511736430093208,0.34643376734133163,0.23916884481623893,0.25456871669503406,0.28333744399804445,0.2773900771909343,0.25696032895025755,0.2559631839195799,0.29249830082067113,0.2663474972996416,0.25874633890352877,0.21818709240617531,0.28118767391429095,0.2694749838622707,0.2642009741394923,0.1678692143528744,0.2563723242362579,0.2583719701669154,0.25023551527090554,0.3210109547365664,0.25727716509145454,0.22383277976297844,0.364744413401587,0.2927789226261221,0.23211256647653689,0.2751414970255043,0.26379733858672133,0.24902756290023517,0.28822154584289367,0.30435195320568637,0.20700644780331148,0.24548638059601047,0.19332212053388362,0.23989945909965557,0.2613925044307575,0.34786251602318496,0.21546403099314265,0.2299293557328778,0.260757407992348,0.258011679789715,0.23062252658313145,0.25660612334397853,0.35393841225244765,0.26783560814878443,0.2054318816400024,0.2885071159225667,0.2671219876793895,0.22128462440021165,0.18556816275903742,0.21737927000454166,0.3156948689207954,0.22279969945672543,0.22756472840056127,0.2921618400435452,0.25258286990569573,0.27637579485934455,0.25015128426771444,0.24225196728791495,0.246100363498533,0.28522815502590565,0.2608519550853478,0.2549237529294225,0.23185424551162187,0.2989590454538181,0.25223989708265815,0.20344711818758418,0.24562040473237126,0.2032088602518481,0.2755936863718814,0.25016803035167784,0.25381541227854687,0.2714143832946305,0.22813042663969005,0.2580174678506976,0.2316413527689062,0.26735803716909107,0.23844162799573956,0.25700911853115477,0.2603649288069553,0.29555580205438287,0.2607423803360594,0.31157170481142604,0.27183940407003954,0.2467297775189359,0.25093944083199493,0.22620823672098359,0.21044306587206443,0.25892814331417696,0.2533635218789058,0.24258902609575653,0.26689706611005304,0.23691682878073783,0.27309312126510554,0.21204340143125772,0.2566923260411918,0.24382396175041682,0.25002929228541865,0.266737930829053,0.27224531906463345,0.20363787355568644,0.2594454977846363,0.2558305501976841,0.26388429482810366,0.2816036156188627,0.19736190210063986,0.1702906715801519,0.26730351396786994,0.2688405601956193,0.26847333216002306,0.28536591502341674,0.2433561643587053,0.31635738094280114,0.27255512484168765,0.2661531130375589,0.21332529495371536,0.2473421985685047,0.22339838731567396,0.22440488560665078,0.1674944707862534,0.28784125572592745,0.22692135063739843,0.28328123108347275,0.2194606238193904,0.2789054924733137,0.2915945558574353,0.2680797456218458,0.2710907427832502,0.3123531091454197,0.24729994908151554,0.23401797718224857,0.23265055579347843,0.24183591475688074,0.27429593074348885
0.25222348914094367,0.22308854667740663,0.25247227525602606,0.2247075253188527,0.0,0.2041865919254599,0.27467453712027873,0.19446692145274255,0.21571536205230196,0.24261944100729896,0.2746624943447524,0.22027000157423057,0.22154727297883278,0.21586770649788012,0.24835759664429566,0.24931189876216414,0.24707109418568546,0.25015198476344785,0.18667973918578065,0.20935839971413162,0.26835993667245833,0.2656825396919264,0.2453947268832328,0.24657852879032202,0.24053626199635367,0.23559646907396908,0.21020429319573666,0.19267237168767487,0.20750219811116088,0.2254671899974292,0.2345800378965761,0.20718109861530054,0.20410305104530305,0.20100225253219614,0.28253935226377924,0.2438202319159044,0.26720591949532535,0.22757531410343604,0.23239402177201146,0.24110711934858986,0.2193012356459055,0.3018910569100084,0.23053914646134638,0.3019181128265985,0.20585275437606873,0.20900399950818602,0.22245612008877877,0.2980303370668095,0.2739010006633491,0.23290596710304712,0.25401615268908,0.2213274951171339,0.18622893145012223,0.2310691369559664,0.238866590408169,0.2221452165463061,0.21321369908002927,0.2577217122959222,0.2187019365780985,0.21228704725655398,0.18355870042783973,0.17885948035598748,0.20501203528565673,0.21420312927323962,0.21937452243840488,0.184282851770816,0.2274216554918755,0.24146002473226302,0.20315277803229362,0.23098770697234686,0.2547758016882488,0.22705233181540002,0.2093114922607664,0.24242995864001335,0.19853597707010825,0.18728557124702067,0.22930851360133328,0.36250978836443665,0.1822358864936741,0.19787779161098265,0.21761667183254907,0.24746777407499193,0.2562380710313147,0.17782803947838186,0.22665381352676311,0.21379285933174685,0.21887588729982285,0.20541488013213233,0.19185295588746712,0.2124014535434903,0.33450193999232214,0.25023630357676635,0.2749827206333121,0.18182046541299196,0.25607327899311416,0.22922858972972232,0.15546408722161087,0.21218210877469298,0.21655309895862884,0.199157515926306,0.21274994342899556,0.20018777821031442,0.21447502379237468,0.20164513945115062,0.21022972259874378,0.2244169457717592,0.19604657474368023,0.2408581993599684,0.24585527625223352,0.2651300332326497,0.2570927149575988,0.26164107181054735,0.21903875566808895,0.2282109060126193,0.19414058784646576,0.22357412023090795,0.18970513145022963,0.2371841098842556,0.21793824533347808,0.22970645193852582,0.32008992510680323,0.1923765662064981,0.20976400295558714,0.27838031680341957,0.21927841110621998,0.21125385810982703,0.19162795343630892,0.23433018422616098,0.2121166304139766,0.22651865027669416,0.20541086057182284,0.22260754453413173,0.18278799973162158,0.22660553394903057,0.2295051046966281,0.22474549181725745,0.19556326186066522,0.27290232373315654,0.22357250095374973,0.24236957812034718,0.18216083165613944,0.2497036012888071,0.2547177111304133,0.23622403496345976,0.28089094687711447,0.21590849613421667,0.2588354311782242,0.21327721708315076,0.22385805587688054,0.16873045272449136,0.21674882730182635,0.1958701576555151,0.24389739950214764,0.23300066480596018,0.24793628764357892,0.250960815438738,0.20364802315621733,0.2740440063704695,0.21480380413513347,0.21509934899857344,0.1986967739678597,0.21416349090766332,0.21275347934191574,0.3221502854633015
0.2706228380114431,0.34188186658922387,0.2911137052980876,0.24870873760811538,0.2041865919254599,0.0,0.20726455976613056,0.28527172925992966,0.2556719599949842,0.2579906613099896,0.26270766497865283,0.2935371646370468,0.29765302623030887,0.20275741095787345,0.279482483027805,0.2903260792803093,0.2796975019056171,0.21426637816364658,0.2694831487100959,0.26048564709561356,0.2958433791660358,0.29032853398418357,0.1773230892410522,0.21883026650011347,0.2714373183122076,0.19970958488393667,0.19303553279754196,0.2310773068596315,0.24152488960577684,0.2384281795329085,0.289296701295827,0.32306433733171713,0.31166965000770497,0.20578279159636548,0.22786656676448047,0.24024790047426303,0.25704237304799815,0.2489506182382234,0.24529383613901862,0.21567128166455501,0.2696201563855355,0.26848971938462496,0.23591069258970396,0.28056437684207153,0.23947379741635122,0.2412031656845502,0.2163206362131581,0.24446946424664806,0.19866795714192287,0.270547598541911,0.28836662240104854,0.30315847674739177,0.22227674597587552,0.30236619466889947,0.24562415875479396,0.2847165421623704,0.276477065184907,0.33172918484118713,0.20047382378857134,0.2504658533080344,0.30309743022147073,0.24216742337402003,0.2899430117468546,0.17115046543522472,0.22487908001420281,0.239167966375682,0.22819867673684943,0.2591109435312393,0.20137172437751646,0.25575788942038885,0.2930687819019989,0.20424043989303037,0.22268390590121806,0.27647758299133474,0.3448637995862499,0.2133466016509582,0.2284784056444979,0.23355212291391758,0.22009054748015056,0.25422472754364933,0.30333340365235617,0.2706955837915115,0.28318561571270306,0.25498951635352757,0.24956091022010765,0.27586024135652265,0.25309775224559555,0.2191796194116771,0.2639931339351023,0.24050528874691124,0.25583562376745655,0.266210652125383,0.2837602089031408,0.23787053229754812,0.22943863533271494,0.29989627854434264,0.24928937396055845,0.25765482052685096,0.18430695343935946,0.2547745849944092,0.21492927212656165,0.21661866520402318,0.20021564112399684,0.22723220623253243,0.27329941088149573,0.2937008449248077,0.29176429976875046,0.24559467241976846,0.23441839231969117,0.2720534661878124,0.24904072838132707,0.2126410190258322,0.29888728110310087,0.2416430392551432,0.24021652140752767,0.299735877578647,0.25489940421630297,0.20328857862206343,0.266080747775526,0.2229907310052414,0.23177473202769755,0.24542892388599685,0.2355433045343387,0.3169001629126701,0.22951652768738484,0.3063965434457681,0.24341283362438335,0.23928166536659196,0.2559399170838954,0.21965444285601088,0.27284279994249067,0.3761705333770168,0.21514389559522498,0.2492470062466263,0.24947340413571675,0.22169345493241396,0.23112822457543267,0.21204241086590303,0.19777357416358363,0.2505257191499422,0.2365428987014972,0.26627280907371553,0.258591681081408,0.24290895860328643,0.2560012482893737,0.19593293053272115,0.31179910350678397,0.27281237384629753,0.2606112802042146,0.18664624249869385,0.23879512733800992,0.2380479872115207,0.21590376413456913,0.2161043269981855,0.2934978487107491,0.26297504320885784,0.24895562832168128,0.3240509963575683,0.20507913630464775,0.24713759880704425,0.20949279412693436,0.2609428197637762,0.2123482334467202,0.2491697283927882
0.23984254004693983,0.25060286793627107,0.21818762296844757,0.26869509305300565,0.27467453712027873,0.20726455976613056,0.0,0.18880183272627202,0.20411767060719666,0.255084778497032,0.259104024828185,0.24522605769971648,0.24587707290299493,0.24703925524483214,0.28499908337511287,0.21171951734689518,0.22318641494639282,0.23869325119905183,0.20977203816482565,0.19340787099244403,0.23539730756466326,0.26905080433153844,0.3212555251856903,0.2655535203620139,0.25855753973997,0.23388894129239315,0.2269891685400889,0.20648288069889573,0.2442684919360185,0.21606779348805752,0.23106847413445036,0.23829185179780465,0.2465555527408918,0.2327319645081373,0.2360156731867566,0.22926563037135214,0.28660973903904535,0.20352476559848434,0.22983074283224475,0.2947133758494446,0.2407306766977114,0.27152343261417294,0.21997376868984342,0.2705596700210593,0.23568964709216578,0.22151365838003378,0.2269471889469781,0.2383672689252442,0.35950284576757036,0.2142978851202739,0.28005774856211635,0.20762777331735352,0.1899906386775557,0.2639556916797426,0.2784513117903509,0.24018234933969435,0.214814410758574,0.223926993586114,0.2717330288719513,0.22238523859141665,0.19219610867076686,0.1894993978273361,0.18497957142904953,0.21419110545816902,0.20527363945888139,0.18292323168147362,0.2820238631337195,0.26555524102377076,0.21063429099089093,0.20974541212381437,0.24992129252041947,0.2140355064517704,0.2132163092579493,0.27592872041391586,0.17775456823424782,0.20936419677848941,0.2969865240135337,0.2980990537842373,0.17689462907917416,0.19239337711312732,0.20863369005344956,0.24294013109640406,0.24689780872827827,0.16873803893190123,0.21239524862986625,0.21165371460642643,0.20641990174552985,0.2353416181175288,0.20550385453149686,0.22152873866324538,0.2863649355250507,0.3001744166896283,0.2629215845425885,0.20029300696979577,0.25612050277616943,0.2655316319577011,0.15792645446762474,0.2345915816495084,0.21116193746571083,0.24211789352888133,0.2322495195201071,0.2152280840772605,0.24824721717875384,0.21233275298012452,0.19359970616835634,0.21295487764971463,0.19273177568305766,0.2312532782875432,0.27372760451921435,0.2760371697316965,0.3131915251133807,0.22849384321702046,0.2347122028867149,0.1993777728336352,0.19437098195261554,0.22759273121333604,0.20107952939057436,0.25028535062280377,0.23890407974853037,0.20832462997774143,0.23919913636894963,0.19309573988621873,0.2059262285582654,0.2882126620132489,0.20752199102015725,0.24769000350654646,0.20646213040482853,0.24784233369471725,0.20923826781456836,0.23252166137053065,0.19011782934553123,0.18942811031080062,0.1901287269218319,0.2070458559888622,0.20695608474322483,0.21393418628280256,0.19517360311054455,0.2644385485197251,0.22820695645274391,0.24282536183725015,0.21490229227856053,0.2322035125606496,0.2733832829313465,0.22187907106710247,0.25571053671948385,0.24860532342977373,0.2351667311413538,0.23102022520765148,0.21490357164884094,0.15320980674160983,0.2190302590719775,0.21853672428256526,0.23028351605004765,0.28864051700849785,0.2589371087186551,0.25464405012430125,0.25156559721473853,0.2668565795180343,0.2685741521774536,0.2591048293693167,0.21416905856804191,0.21581689363520357,0.22146634022347578,0.2665289160452591
0.2729659246045438,0.30802026636736024,0.2698222279340667,0.24903866844104272,0.19446692145274255,0.28527172925992966,0.18880183272627202,0.0,0.2838029210760006,0.27942504794919176,0.2548083518119804,0.2639630035950337,0.3024754709413275,0.2175307250485095,0.24868075807092146,0.2876471382262592,0.27510698896998925,0.2456194164085063,0.24685821990292187,0.2751439841754031,0.27268205117522704,0.24508028457913475,0.20805264164711837,0.21662111148668917,0.2893662751931695,0.21135492517537469,0.243424239992765,0.26973968120050124,0.2090441204077643,0.23069999113001527,0.3440736903452898,0.263509895795998,0.2632102168989713,0.22020813792118918,0.25926101964191195,0.274965152420556,0.28752911778676254,0.3119921641175666,0.2481643441705326,0.239215082488693,0.26073034574592696,0.2417603930884119,0.23991863779200925,0.2416175957082994,0.3320211274389226,0.2627062753048471,0.19968345380362754,0.24058820957812557,0.2316166711605564,0.2565449298521381,0.2576335744625962,0.23629142943417436,0.2112224931430457,0.25106074225457015,0.24466284376349842,0.2549479434856648,0.26266843241220833,0.323737558511033,0.23266235197733742,0.2611586458407247,0.37618919786043686,0.1998999985098511,0.2583146979079494,0.19821656023012546,0.20469629447607526,0.23838001816373952,0.25698220428200735,0.22810135948081497,0.2467119090723585,0.4270709870690934,0.26154228534760926,0.23844109144882722,0.23537260399157553,0.29123305452776616,0.356750698914617,0.21635257535636782,0.24116658073275352,0.21616169126725196,0.2851562684344718,0.19139908992955473,0.23647226367071686,0.26007384054275734,0.27066695198005003,0.302028165874106,0.27444954095993757,0.36940850735105757,0.35413273274023965,0.23395189532514654,0.29381608684378463,0.2661893695226645,0.2414513809061636,0.23869085805240492,0.2515291182874732,0.22795619929940142,0.2575394114208312,0.26981094591994,0.24385461954427376,0.2610529815053832,0.1816823536461237,0.28395565912763737,0.22850332668398726,0.2873337234093674,0.2138971162166942,0.26390807016955,0.29219811463434614,0.27660678212052525,0.2761659511958062,0.29337443605555696,0.2417349119898313,0.25846799145181537,0.21648116452141936,0.2372687749077575,0.28291268757945454,0.26752858441366356,0.2506601267264317,0.29387595624287943,0.25630127762238586,0.2101263993505864,0.22063696695489735,0.22759329205048093,0.2280107459934728,0.33560687827765123,0.22595148394409187,0.2724310020308315,0.21944739147303285,0.2697739748468073,0.21526245418981774,0.27650081878523103,0.26881398685583946,0.23804988025960025,0.2998273911018872,0.28167206158609265,0.27161809687115934,0.2330682254291278,0.281557818918109,0.19571596451350243,0.22531347457635797,0.23211990983277933,0.24475634813614486,0.290935487789148,0.23451878472657692,0.22593804709921209,0.2774500110331587,0.24217753011358964,0.2703106747082714,0.21058985824298315,0.2815764179750194,0.24139569859912158,0.2977550348778044,0.18497793695193687,0.30262224060232995,0.23431197929198586,0.2429560200830604,0.22084892191283514,0.31171547721467713,0.32868633894137556,0.2526554372970263,0.30219517427981024,0.20742190268346858,0.22176996456171427,0.2177371354430161,0.2639259639609041,0.22803937646206196,0.2528677549414793
0.2965459977174094,0.261072566003884,0.21856939919853546,0.22216667753493385,0.21571536205230196,0.2556719599949842,0.20411767060719666,0.2838029210760006,0.0,0.22673326371317834,0.22178743366332498,0.2407277858693993,0.22949287167381308,0.25122546264694845,0.24269148841989477,0.23636055753819546,0.22153755426494268,0.25359427903591625,0.22613920178201777,0.2703110784678449,0.23799390753251115,0.28710346700203776,0.19341495009272347,0.20201350729069859,0.2579804990691958,0.19215086769221762,0.2334345769405951,0.22244797366559013,0.20084840974067422,0.28999670112644715,0.34362490663411593,0.24140870927476027,0.23950638010667824,0.19270926598310503,0.27612013205900415,0.24114877211675015,0.24414699192465839,0.3281291566124801,0.23767825566617345,0.21159236838216305,0.22426262076753226,0.28025123754802844,0.21767022517725498,0.24626981455905175,0.24542545942405225,0.22815798333849086,0.19574344776285338,0.21585125531879754,0.2197917104379009,0.24971989718187348,0.2376076233090529,0.2120524775088933,0.22937554971938928,0.23189171021395777,0.21986131588140242,0.3152786076188764,0.2564243335626477,0.26261426713795416,0.21599132476888283,0.2234432517434685,0.23260675848925969,0.23377735312172263,0.21677650395145429,0.21111240975934892,0.24458793231638168,0.22137183406748406,0.2652719588794252,0.24445714367913962,0.21937707216343452,0.283806283504072,0.297030798789679,0.2472457074360291,0.2635590173183514,0.22888051600638012,0.2799988465360809,0.22499538511373998,0.19534648115460795,0.20284031337445954,0.24117349023444906,0.2102658907276687,0.2376338144194026,0.35799301494453395,0.30061156756660223,0.23041220855277503,0.2812257365299958,0.31350879017542455,0.272082142471234,0.26782845426749935,0.24881505636500323,0.34725954572066453,0.2697934704378231,0.3150029414497662,0.24070262838827325,0.22287147637740404,0.3100763924962514,0.2918495232085547,0.2528407812183579,0.24641559218328044,0.25249965581508454,0.2255461737535582,0.2687391882173326,0.20855487051587918,0.237892062539535,0.23385765944803957,0.2990415701950038,0.23104712936362348,0.21053969138548723,0.24587117176464504,0.212255563784477,0.21588304535760336,0.19809957936284914,0.28166337874941244,0.2800321195630834,0.3168038622397419,0.22666265626994883,0.24714870219183194,0.23562950595640145,0.21892251879330796,0.18387613546986376,0.2620143271641564,0.25508781604495684,0.2694657203438931,0.23638150616645878,0.2626556489916581,0.3609222697558506,0.22605365002836134,0.24074099107530866,0.2202608989667476,0.20954245632568202,0.24698975489234157,0.36295610139633366,0.27387516457018163,0.25544788868581664,0.32486028631974695,0.2500926479172362,0.23000854153266223,0.22329617830808424,0.22978269024791215,0.230965537228849,0.31384526890638476,0.23358136024752046,0.2529544605776296,0.2974869011270104,0.3070036217555743,0.2600442591743307,0.22725298669112892,0.35980899613149103,0.22636612818221963,0.26282548658593097,0.18943129756007016,0.3054601290704556,0.24364318606379692,0.23986202880250865,0.21564498783033656,0.26311759686698505,0.3188456803273051,0.23120048842844165,0.2584961389687421,0.2501034706581429,0.23086128958922011,0.1904076443574502,0.30888959701126906,0.2959118871956001,0.2813211727812441
0.2867322534777374,0.35578703856564403,0.315921581662539,0.26120985221870807,0.24261944100729896,0.2579906613099896,0.255084778497032,0.27942504794919176,0.22673326371317834,0.0,0.24247115580607975,0.22934069079284042,0.2978277958393185,0.26270482244656485,0.26162397557756145,0.25838604082688377,0.2836417167555598,0.3069414931257655,0.22928531460064686,0.24047427381226794,0.25373706450962086,0.2650283261586139,0.2837751963424213,0.22978757926337373,0.3573233560862253,0.2063087063149442,0.24188491256004305,0.2599487602192171,0.30124012654725707,0.2214990647644488,0.28067415665031403,0.27364406300089233,0.23076102600076995,0.2187110481833672,0.27448033769928104,0.2518044970947949,0.2985461627913435,0.2491494898066952,0.20126271832964454,0.2772451438147353,0.23157266446798078,0.28451295014302763,0.233331927218077,0.24194319243028292,0.2702302263388684,0.25770499098853256,0.22409559778007065,0.246084013467169,0.31052767695723127,0.2286022868506158,0.26891779381168285,0.22553299235476792,0.21235378927999746,0.2690394144589828,0.27804442232303817,0.28886470006569265,0.2388832253789952,0.22752750418766957,0.2887624105755999,0.26390174560005464,0.2719633923653814,0.20182913056964585,0.20754563769586964,0.20492193976976633,0.22669156699461548,0.225672303097815,0.25098715792760284,0.2563571073748981,0.2614525508281026,0.2954174020244105,0.2509024735896443,0.28165781988372185,0.21425817946401507,0.29709586103881885,0.25383574319344143,0.24754206581524885,0.22462604752056578,0.28670942132170757,0.2098920440572521,0.21747249459660528,0.2547195884763069,0.25219934857964454,0.2936209183291193,0.24345002619771647,0.2523304093169402,0.2736641687353226,0.2416447958487433,0.25146438869867244,0.28347118888287215,0.2266275181114706,0.2521975642340764,0.2566778210523887,0.28594187645395636,0.21367525471584473,0.28132316022401704,0.2844268043969346,0.1770687772089038,0.2610539612345571,0.20547829828884123,0.2887530952645071,0.2433669299638242,0.2340461525809978,0.21747824984031558,0.2937339997375085,0.23907394613122107,0.25083081401435225,0.2469423223218891,0.32237977061229517,0.27861051813691906,0.29896770822346264,0.23100922079622194,0.23030752682598546,0.2774727871118723,0.24651229864135926,0.23032074308544476,0.27836990579017923,0.25352982266626667,0.2739887707490603,0.2504599410469353,0.24869044798005682,0.22736076021702648,0.22756420068555666,0.2225293387350978,0.2952970909906569,0.2173044327072732,0.29995859556827265,0.22454363766323346,0.23324086450761944,0.2924143919650694,0.2700178569231413,0.29482139853036543,0.2335779479585437,0.22340515317543055,0.20350850002291251,0.2312026048291471,0.21274389511967964,0.2244550869965656,0.2704181947418174,0.2592205323311572,0.2642551084732529,0.2363590251715428,0.26549945072913805,0.30926353116937527,0.2257798745547419,0.2613441475794759,0.22364713482767154,0.2182776229219331,0.28553816727944575,0.36863909235685244,0.17932392144059495,0.22238918966296864,0.2628961552430838,0.2290691292696531,0.27223406710559755,0.27229416080894064,0.2841103217223771,0.23491679574817836,0.3123376431670996,0.24793853143457242,0.26017953132846,0.30305910215098053,0.278752237820136,0.24228324017173897,0.24043499857515752
0.27888115827985793,0.265078682759957,0.2968927612326604,0.29550395322927236,0.2746624943447524,0.26270766497865283,0.259104024828185,0.2548083518119804,0.22178743366332498,0.24247115580607975,0.0,0.33610788693396465,0.29723951977242696,0.21105210306759808,0.2732158744767951,0.34125826822055993,0.2996628814934681,0.2637681878728544,0.25618608179432,0.24330713169422158,0.31756531257564236,0.3214568078061409,0.25402062022439215,0.28643802075172176,0.2980378411825555,0.2771295607874914,0.2660740106865866,0.2680093730475608,0.25838610001148593,0.2520715757621948,0.2609287291372103,0.26858887192884706,0.25552203463828943,0.23162878817389052,0.25135578482428955,0.2892077504892394,0.34412931496739907,0.27634546561012824,0.32545376555709943,0.2759940944671548,0.26034690577581604,0.2698913547290161,0.25555518545191436,0.3180408908163126,0.26531641901937253,0.25189319566918905,0.18218804584827777,0.37236465695263277,0.2940205864269233,0.2445549833998358,0.3142642865709187,0.23861806512856623,0.1941325144850952,0.32877560477963885,0.35195189316465125,0.207825795846102,0.29039662826348933,0.36057577901097565,0.23516415566875107,0.2645105062544475,0.27116517826168823,0.18079264406643508,0.2652207114953382,0.20391825517845777,0.19457931001280077,0.22229244245211124,0.2740849340701129,0.23517775357902984,0.24402023636168788,0.276429593947531,0.2737073686558625,0.21548481866510125,0.2368066225590097,0.33216766674546433,0.2753288142455128,0.20653754395991886,0.32547597379428095,0.2917503709737495,0.2213879497854723,0.19893760199673147,0.22809616147701497,0.24405973764219244,0.25322872274653063,0.23385175144012052,0.2474497206789895,0.2591674037336312,0.27008523081646485,0.2198277318552057,0.22814089039309304,0.2399782587924889,0.3447232331858773,0.21070896481341694,0.3256691378067775,0.23690708951523834,0.24586246761482275,0.26736226937536023,0.18801319999231617,0.2086589920043867,0.18607211075524285,0.23309399466350372,0.2483549670792446,0.2602866564631328,0.22468836953188867,0.21538381990169217,0.2457731070429096,0.23951452275349913,0.2433051001984992,0.25614012289041704,0.24427074798412365,0.3238968203770111,0.34751818980318955,0.2574934546189928,0.24780248370378413,0.25563840463674076,0.2462174192488742,0.2716214301021928,0.21704954169838622,0.2680731908951284,0.2538117108930002,0.22183591574474665,0.2886889722146302,0.21675894666224596,0.2275045444121724,0.3210924536170397,0.20382423077623635,0.31419212966276433,0.18745178595228115,0.2953905799262436,0.2562002555784549,0.23463485807850473,0.20216801580726915,0.28371128857614875,0.2468829921100915,0.24581003717052075,0.3286684422427036,0.2077159415392083,0.21772354458338944,0.24860928860085502,0.26578693544081583,0.2888934493394263,0.22973372552837285,0.24990268052374243,0.2363444954632645,0.24984664220648714,0.351873511401019,0.20614357890367926,0.26682359326611427,0.2347733704749263,0.24422921286017307,0.19043454138047639,0.3186630720579885,0.21082162744389152,0.3487095158462205,0.2310943145304097,0.2850097165075462,0.29343410568417255,0.29021362016447716,0.3036904758971129,0.23144731825920206,0.2390414739048256,0.20320397290424552,0.23320600361777863,0.20345188753088594,0.3814210862822393
0.2568967144416374,0.27598250759293325,0.2507276310826664,0.2503142758108941,0.22027000157423057,0.2935371646370468,0.24522605769971648,0.2639630035950337,0.2407277858693993,0.22934069079284042,0.33610788693396465,0.0,0.23368155816750794,0.1689605900183645,0.23769004191767404,0.27747635118074543,0.26182148200599914,0.20941408047389293,0.30695322688874516,0.2463557954673418,0.31089272848306765,0.260230093142059,0.2302939912878824,0.2689708742506388,0.31772062131189643,0.22315615666255317,0.23115969437305597,0.22702408609489785,0.23027363644448234,0.2744090627764719,0.2833519944589192,0.25265887281238986,0.24081097725292472,0.2545662718243364,0.22538695146494783,0.2517227987731172,0.28067159889268384,0.25685995248699617,0.3239093901158654,0.23697748165692747,0.26749628323056357,0.2612724994425018,0.23040173894533983,0.28867928258023995,0.24331308034612917,0.23820825083764238,0.20663384740652874,0.27979821213005124,0.2489896925309904,0.23764072119887517,0.2781884056716158,0.25462801073182123,0.18372113345964977,0.2873305552933811,0.28918095633339286,0.22434907460982806,0.28744646152556247,0.36430909007839546,0.18844548694330612,0.23528678719664112,0.21958791475502948,0.1726862715343625,0.24008636688755594,0.18865945712292534,0.18741505623460603,0.21407226338860605,0.21918804307630219,0.20232789682236185,0.18850279320739502,0.2354350530241459,0.23176489296357627,0.18764048338635594,0.21049436853054196,0.25511399967030707,0.2578481421536279,0.19866557680784627,0.23831989144867785,0.25442726307938257,0.2154322220017888,0.19428499057491547,0.2183622589542546,0.24137483665507303,0.2591967374068124,0.20397753084219175,0.24762643047494062,0.28008348277635403,0.23180229570664074,0.2015497396915806,0.23835856020679155,0.2606264040894784,0.2726880087897395,0.23556537471438935,0.2636292292907879,0.23575869593641793,0.21130284698345875,0.3138083136402659,0.18512228195115893,0.24976752970494134,0.1750073671805496,0.2165100184436277,0.2079409902036184,0.22442131084701983,0.2326668025572833,0.2665014749990832,0.2187024836544304,0.2364731709146546,0.24801121817043317,0.251109935499983,0.22222096794164048,0.3251074745183894,0.3721936974120601,0.2569457010453721,0.22437351587579532,0.24862913157769728,0.21675493133036497,0.27184031188079183,0.224214446195745,0.2618366775776639,0.2543506160026877,0.19930330856825754,0.22934388192730698,0.21411811663770344,0.22216788747619134,0.2826525153738429,0.1901508772248572,0.32140779359678906,0.18575839250563048,0.2656198816340672,0.2556319778246794,0.1973624225810372,0.22139006983534582,0.24748752094952522,0.20732908366907243,0.25565185286780256,0.2730630593067263,0.18254578600509797,0.24913276633723178,0.22220134367969907,0.22252507099292057,0.2846068573055791,0.19283186976037295,0.2222611875039788,0.2407273820461394,0.23476228538413849,0.2952649648663265,0.238268144326031,0.33010918832461805,0.2190914651395113,0.27337877851439624,0.19390253703074448,0.28770166303344596,0.21721421195667506,0.27349464865788337,0.21824500671497069,0.3595598440089245,0.24311760672195298,0.25769023990063206,0.3036962810601713,0.19759530252382915,0.22013293802256015,0.16814332429987935,0.22647414038148517,0.2023750933575077,0.3053202149700093
