0,1,2,3,4,5,6,7,8,9,10,11,12,13,14,15,16,17,18,19,20,21,22,23,24,25,26,27,28,29,30,31,32,33,34,35,36,37,38,39,40,41,42,43,44,45,46,47,48,49,50,51,52,53,54,55,56,57,58,59,60,61,62,63,64,65,66,67,68,69,70,71,72,73,74,75,76,77,78,79,80,81,82,83,84,85,86,87,88,89,90,91,92,93,94,95,96,97,98,99,100,101,102,103,104,105,106,107,108,109,110,111,112,113,114,115,116,117,118,119,120,121,122,123,124,125,126,127,128,129,130,131,132,133,134,135,136,137,138,139,140,141,142,143,144,145,146,147,148,149,150,151,152,153,154,155,156,157,158,159,160,161,162,163
0.0,0.8458301523677051,0.7917159615999465,0.796888298429211,0.7434113363370396,0.841412112584043,0.7927965610518005,0.825087482995375,0.8703514118331267,0.7609999927495325,0.8191729709793996,0.736090733510909,0.9194728147121098,0.8168728733264582,0.8327563419221181,0.8405046623153881,0.8696181810654872,0.9264043654305903,0.8231821235357617,0.9494065009033048,0.8549879643762305,0.839856275628996,0.7759876909746969,0.8271444201441642,0.8661281491143478,0.7794238384668469,0.732732704876585,0.8656498831277578,0.7391890099279436,0.7884997655209984,0.8480518112663591,0.8677894879568965,0.8210331628681676,0.76599487113754,0.8994102589689,0.7473284008709767,0.9004713112837143,0.8550698003387837,0.712691644551381,0.8517742846802533,0.7934527534281681,0.8193664581384879,0.8652672107579793,0.860059629420825,0.8579038151184842,0.8723094042751428,0.8463464015942171,0.8269401902186944,0.8913428161305273,0.8735643981361496,0.8784476795981396,0.9010387379438896,0.8067527139951268,0.8197409021000883,0.7738311392983526,0.8406732986739675,0.9407679913543322,0.7737567366309526,0.8427959080254609,0.8186485418358259,0.8390619315758188,0.7333433486347252,0.8916185344137475,0.7497393545870447,0.8604960496902736,0.8794416511209354,0.8167735368763003,0.8845534205695489,0.8505390961337758,0.8714700140184112,0.9452339095181124,0.8494094052830743,0.8291373655291071,0.8779005759523918,0.854372277901554,0.882688118149499,0.7778208021714348,0.7456820884422162,0.8248198350179011,0.7563185214849826,0.833458316629647,0.8920290219253391,0.8429116707844432,0.8318395281970534,0.8563146947480575,0.8906796722435131,0.8386474238933516,0.8440758528735286,0.8512321999798028,0.761972506392702,0.8424792132952045,0.7899795819027746,0.828577215883308,0.9028697475790131,0.8870903590424544,0.8087300533886145,0.795892261382345,0.8131991345153591,0.7059558661134425,0.8417999362863409,0.7727175505214917,0.7573731420766717,0.7401838962103455,0.7444650903029334,0.8612314731011028,0.863970555734013,0.8026474983928698,0.8221040844257537,0.8459893020067576,0.8346468092764,0.8082982360490456,0.7963672040680563,0.8716363895167003,0.725119428719535,0.8570536439388127,0.8666886224936317,0.879884476354797,0.7974479181489342,0.807097615302925,0.7252288664937948,0.8369432445036011,0.7484918615213945,0.8619648317031847,0.8939874759720244,0.8468646427886483,0.7890798018478095,0.7311792421413396,0.755245590168361,0.772741438854456,0.8845945311820187,0.8088145208686598,0.8431713418725133,0.7912611696419554,0.7718340363408022,0.8189526528586295,0.8717340704479206,0.8764253304928505,0.8562234121601673,0.8071434342718693,0.8155637871566588,0.8380092296357752,0.7825662299364763,0.8755959843045784,0.7532008596494246,0.8179334779082097,0.8055297131387075,0.8340948881360127,0.7566990675733359,0.8318504400635404,0.6321278313303031,0.9046007282541212,0.8054924670035725,0.8182419850298148,0.7674391008277534,0.8022317651505734,0.891406424354782,0.8711584341193361,0.8188117317456137,0.8487569883191021,0.8404078070859445,0.7960418178020214,0.9021217728784895,0.8847492154637195,0.8703635914984407
0.8458301523677051,0.0,0.863432568497143,0.8254926786950508,0.7153433336137243,0.9124114817604431,0.7845353645891991,0.9012697206666621,0.8260116758643555,0.8800678911918769,0.831831758644102,0.865688505127444,0.89707162974351,0.8411354166338232,0.8188926739044227,0.8806583322759576,0.8624789344410692,0.7867277711366383,0.8422573996104941,0.882177408674993,0.8352934103548276,0.8651883622731062,0.7586520958038546,0.8194536085822655,0.869839911443714,0.7321569110018751,0.7917101609782308,0.8356365578618548,0.9180722987351383,0.7937274547297564,0.9014145108756488,0.8827375114369989,0.9171500797474377,0.7833598994025183,0.8642007426726647,0.837023018188512,0.8539422544466141,0.8761776374630253,0.8305453875108508,0.8394942985892151,0.8838797730241058,0.7758627414208924,0.7614236963275571,0.8502059062172821,0.894407735611891,0.8231802582101112,0.8204029950956135,0.8205021510049886,0.8341900305844232,0.8306205043665092,0.8111774389556479,0.8325032002479462,0.7935618304228943,0.9061287253209072,0.8736074407038821,0.8729743433236666,0.8429083964996502,0.8329844684625368,0.774791261870049,0.8631086257503808,0.8868484855056586,0.7551547482363516,0.7944531423604596,0.7885972757152145,0.7268448532341474,0.7606242988861586,0.794435312558208,0.7818770365572154,0.7718265860935146,0.8191765675312364,0.8317476158503064,0.8312578766927643,0.7298451082296303,0.8370362624767438,0.88872288216046,0.8173435143563804,0.775957484011807,0.8192688123668183,0.7787374932943141,0.7414638245064819,0.813686868277832,0.7849156188581271,0.8883054421757917,0.8653694168818303,0.7716126975966401,0.927239213063305,0.7853500071880088,0.7519424525449535,0.8585902963937123,0.8361463909106294,0.763835360549231,0.8332062894236388,0.8825810707720184,0.8281985241870636,0.8036784475500433,0.92470217875634,0.8364264995698166,0.857469038975567,0.7196626827733755,0.8368533240610917,0.843928535970554,0.7482999570365815,0.6564616996069791,0.8217031863607333,0.8183442585570339,0.8366119453614477,0.8186680803867638,0.8375500251091526,0.8557339131649709,0.8562782569866773,0.8019508754401821,0.7308324978907591,0.7974822020460344,0.7911013838307415,0.8186275248029397,0.8634546091335542,0.839470601036093,0.8014051297756877,0.815171033631996,0.7635129271030157,0.8027161769528877,0.7701040146234144,0.7947003094251832,0.8858582235323325,0.7798735725035182,0.934226960994691,0.7338142063950904,0.8671833394366982,0.8911640548699187,0.8595285281083251,0.8736357139692348,0.8451306656079955,0.7874848808053624,0.7904908472449705,0.8312311931064856,0.7958491147471176,0.8826897284184848,0.8462666916964361,0.8252171547898385,0.8446054018149151,0.8395534923549716,0.8523998922618341,0.8740410419752702,0.8003136253685653,0.8652539925143086,0.7151464450375005,0.8728927340267224,0.833894236575982,0.8991823462188878,0.7349671428424258,0.7981587335985844,0.8441015211172586,0.8209073917757397,0.8365044355221716,0.8616012048374107,0.8346789536355338,0.8332353832810533,0.8609570923304461,0.8349554195464448,0.7750538200084063,0.7841367270000481,0.8446873073964101,0.9522989043621553,0.7643138583121296
0.7917159615999465,0.863432568497143,0.0,0.829386885524366,0.7997217238898696,0.8555618774391115,0.8197502114226665,0.8451270350650373,0.7122741152319283,0.9292312783707426,0.8929724161113796,0.862763348602731,0.8713573974166675,0.7151664517685322,0.8017700462349274,0.9167220068792755,0.8890952423069298,0.7983543162214007,0.842803483750094,0.7928612325598855,0.9268606753574811,0.9296259338816,0.7917232112321763,0.8422781591849269,0.9008296667625331,0.7510295842864734,0.7514241892599809,0.8158808152997211,0.8572883609829004,0.8013554771264575,0.7596805176273134,0.8614203738626994,0.8066460989796405,0.719781068776726,0.7314085745670622,0.7443157313837172,0.8415105692142949,0.7719968786511163,0.7732907120854948,0.8365718852832494,0.7883423472143111,0.8410049373615502,0.8283943697165245,0.8161430816617317,0.8150445283879476,0.781129620070404,0.7994768849858046,0.8529808575119884,0.8606553006805898,0.7857368793731669,0.8376819417349919,0.8017638342608988,0.6993583415080293,0.8964843347269913,0.8454221400193487,0.7546383188879032,0.7996124232622753,0.8811334826571623,0.7994562100446819,0.7411404759542436,0.8351818584115966,0.6554214972208671,0.8130391418382369,0.7043762522370212,0.7058727004801699,0.7367696231449603,0.7457993934473526,0.8324222410861106,0.8431198118182042,0.8604397539529876,0.8006213797958314,0.6925869001555421,0.7063569429665418,0.9054404499926569,0.8344487582691319,0.7000497571878973,0.8628797693055926,0.8395936912105268,0.7052659936304144,0.6760376646370452,0.7944673053578777,0.751732440207874,0.8565746684235842,0.7506382053340303,0.7319802849585961,0.8000879994608975,0.7609493167704758,0.7284818174549952,0.7483213870113583,0.6917207099901438,0.8032671344322466,0.7022447883996198,0.8425921856952135,0.7199347337119396,0.7587345916707352,0.8570155428930102,0.7178202060927265,0.7685085742740336,0.6034369316207316,0.7451154308147157,0.6775471286122238,0.8560846025072231,0.67893179043479,0.8457461835430448,0.7164096958495255,0.8148024875535975,0.830561907708821,0.8483439058602057,0.8113948719269849,0.8730571229527764,0.8537165027567205,0.6919952209266755,0.7548412270065549,0.730875810437598,0.7104004845888743,0.795777746921096,0.7476614815546412,0.8938978220155137,0.8912781492173256,0.639830633036374,0.7430633611307197,0.703750346534679,0.7150305142519795,0.849882438527117,0.6438961070446422,0.8755082994944408,0.6713831189296774,0.7830538216803171,0.8226552554468947,0.7913571275363772,0.7662399315637796,0.8978043710420661,0.6633658744566318,0.6447726267544618,0.814591304397379,0.7251944889609719,0.7915019099442547,0.754722803514373,0.8375934713764548,0.8040845631572544,0.7658479151191201,0.76154417859008,0.7804650578343872,0.7642249090110617,0.8130823365068388,0.7214061036808919,0.8110201491488772,0.8140553984987557,0.8967689957337719,0.63602612384828,0.7183061124098477,0.7447407985955047,0.8447062944430193,0.8841050630395892,0.907193655563262,0.8042018354381485,0.8201453607985956,0.8877774197934335,0.7130587625160433,0.7499905721900205,0.7744666864082914,0.6917671500623831,0.8369205720629767,0.7585335082178719
0.796888298429211,0.8254926786950508,0.829386885524366,0.0,0.7435853919827496,0.7662269675371063,0.8544592965884372,0.8205269378752911,0.7171910608941238,0.7779447812360564,0.8477958953048164,0.767994797687726,0.8579953510310645,0.8062362981040662,0.8012766961691873,0.8174734684656022,0.8387451679360999,0.791001907189432,0.7468607200751592,0.7836695018452012,0.8348400206705535,0.8468797531867345,0.8216719160124701,0.8221120968161317,0.7942611813615905,0.8337232141113695,0.8341943057468015,0.8313537798463623,0.7773809882201534,0.6877538719790054,0.7582373637383293,0.7994598446880282,0.8841953404306057,0.7738819089199481,0.8008399327902445,0.7979850147507628,0.8282531893078761,0.7918560195248452,0.7548955995501815,0.9201974451323448,0.8108211265318604,0.7647686892314357,0.759672443074285,0.8079091379555935,0.8667838767789623,0.7843134473457263,0.7404938648470548,0.7893999331087815,0.864691219381494,0.8095986635697627,0.8541177994276064,0.8117633076988601,0.7032192335984169,0.9050285628095136,0.8440833060186171,0.7356650780136725,0.802156333990387,0.7860814483277497,0.8208092852215114,0.803823170068042,0.8432706885196519,0.6906433495856439,0.774513918187417,0.7555812357872352,0.7087812132354032,0.7372584678687518,0.8702898673270643,0.7767218341179981,0.8136069128615228,0.8049639695623394,0.8112091862819617,0.7639458761974973,0.7933989741075788,0.9135251939683425,0.7855266450054789,0.6956152012759438,0.885947374568612,0.8032721795814968,0.7245055153865618,0.6414745309339496,0.6934145086170344,0.8137044444769583,0.7491090140400729,0.7556074986570638,0.7926823363039193,0.8102992690531818,0.7649670406572932,0.7783829748430625,0.7535880607529547,0.7352553646266271,0.8351576217180261,0.7633184517092683,0.8100116682260134,0.7411133653326684,0.8675225763755766,0.7843785451944663,0.7313045595190745,0.7723801436162924,0.6755784171076923,0.8351996807144849,0.7444228552615304,0.8004583469542138,0.766413493814076,0.7286149643780088,0.7739696037878285,0.7956715547513645,0.7964540694952291,0.7792509580493979,0.821045930453381,0.7908461840328789,0.8523854803373887,0.783576551097096,0.8054354298650297,0.7516382039528702,0.7635512441738826,0.8220955879137399,0.7118812175426756,0.7619872584968548,0.8451731147448004,0.7219731379332286,0.7830950459265141,0.7802469195461488,0.745940662408641,0.8067345135451096,0.6888600650617526,0.7928536996636646,0.7467392063395776,0.8004492097620177,0.8034708098851171,0.8287882785601497,0.7054679640417528,0.7821630834263504,0.7362363860232576,0.7335091183970788,0.7896496288351754,0.6999743313292699,0.7125709733930742,0.848681966617189,0.8612105939132724,0.747499338791922,0.7740741752227362,0.7539057808859231,0.8591962127241427,0.8018445224172535,0.8054962070573946,0.7707713115152375,0.7727138029310768,0.7128647357068034,0.7653345898565843,0.6376533601775131,0.7879192086522989,0.6864484637940104,0.845564391461187,0.8277631042554329,0.7974816171421953,0.8016000222885312,0.8150111138677286,0.802502539570181,0.8502164498325161,0.800704742790997,0.7198803832156365,0.7113769964703011,0.7894586109813488,0.7848754185994061
0.7434113363370396,0.7153433336137243,0.7997217238898696,0.7435853919827496,0.0,0.6857008001537646,0.8501700206098721,0.6706567256090913,0.711376957676741,0.6852632182428077,0.8181830502668304,0.78286618387646,0.7147542162494177,0.6658353423178911,0.7911821222572603,0.7917169202752359,0.7673818035279432,0.7313728673528287,0.7122842648266006,0.7037839170730191,0.8372259354200716,0.8399859423683934,0.7822886987990181,0.8093756780809696,0.7284292467978567,0.7755844532662828,0.7051044268770758,0.6677791088339724,0.7113345935309415,0.8153932365292583,0.7153222289986962,0.7199889313050859,0.7274143555547778,0.6614901904757322,0.7215048227144792,0.7154311437498754,0.7626139633045769,0.7285334993333863,0.773124057144046,0.7811336764983783,0.7441834195462178,0.7945668934480751,0.7883428728249486,0.8182554649821259,0.706332070009402,0.6886378586862341,0.7758025145037712,0.7897994099200457,0.82253099636648,0.7745347980521278,0.807956419134969,0.7494135894778271,0.629997446868282,0.7760273620360164,0.7583337762724979,0.6752247657670253,0.7507427791018294,0.8250994156990561,0.7038505503831405,0.6913429169091637,0.6359910958576076,0.6291201697802917,0.7229433417839781,0.6931314498280329,0.6877109999663499,0.629250179968841,0.6725498934243085,0.7752634160940542,0.7446680812455336,0.7114296516200711,0.7799719967393722,0.6759017066030188,0.662428525777336,0.7836269205678753,0.6702695037245567,0.6099301773599222,0.7927958877699073,0.8700694684863841,0.6362793716428362,0.6312502508198222,0.6424972712133946,0.7748806095025454,0.7871410302738779,0.617784650323219,0.708529182460165,0.7128920069571267,0.6550047714350482,0.7041630235321709,0.6204898238058709,0.6587108585491743,0.8931946263035703,0.6966160483686458,0.8081850250878272,0.6428449456697584,0.749493511036008,0.7464304494403173,0.6137640054055228,0.6670427736431973,0.6462777617244905,0.6458662224331174,0.6473566532716695,0.7136493803384266,0.6945919464694623,0.6926879388134414,0.672612431057604,0.733132018167608,0.6773091149870681,0.6968757080957358,0.7334818151312117,0.7469020924623051,0.812997069331796,0.7722264639564952,0.6492936940662978,0.6559371155056183,0.6525841811678225,0.7346218800718846,0.6210845893634812,0.8121827304701605,0.7334578530403103,0.623364632739725,0.8630359363215693,0.6540690169147084,0.6650550331468715,0.7846826055694862,0.6530938542594413,0.7169495767601486,0.6472599366912288,0.7530256138140984,0.6791626020704244,0.7404691126207682,0.6601163002703422,0.7654751520845732,0.6002932868102829,0.6793550969609558,0.7221856552631539,0.7044134396592291,0.7140723308098428,0.7850296938557119,0.7355286741943943,0.7795637504179593,0.6303639416013707,0.7071241367918079,0.7395578475476977,0.7395022239014631,0.7746610390766859,0.7412494958317212,0.8509483793561655,0.6578067489942425,0.7148929399354629,0.5979875289790777,0.7024606798675878,0.6317513789640335,0.8268001707657222,0.8011699616761533,0.7575518281036351,0.7087207338402964,0.7065902127202917,0.764918850028466,0.6818449817330653,0.7123111082934898,0.6118008421879892,0.6485721883814003,0.7324322972995149,0.8328849752012426
0.841412112584043,0.9124114817604431,0.8555618774391115,0.7662269675371063,0.6857008001537646,0.0,0.7156271356934935,0.8795089689873267,0.7833139907404847,0.8332459534938431,0.8185596453520849,0.820575001852642,0.9153555927067093,0.7923536297259072,0.7250748689341945,0.909787399644115,0.8749635574350539,0.7464184819811394,0.8229207483933328,0.8474243279427834,0.8436126405727471,0.805956668994647,0.6782479303528893,0.7605306932751175,0.8514531811270306,0.7353752292308232,0.6980410585246983,0.8231753889447485,0.8467543483281618,0.7943259767947576,0.8263383925549483,0.915880602179661,0.8252490320480967,0.7689996390041157,0.7952082949664242,0.7721509579077855,0.8648768962075563,0.8338511094472012,0.7572662637232295,0.7671696330844261,0.7910494030348673,0.793287711514104,0.7554457803958202,0.8349962376249436,0.8358370621728752,0.7995887447715571,0.814499213512495,0.8328000923001104,0.771151981611651,0.7874988273441603,0.8060925099780509,0.8649657895421835,0.7657946883105591,0.8542831640591954,0.8208530259740754,0.894217781532406,0.8341521276494323,0.8500937677812539,0.7203411168114824,0.8086682193885937,0.9127811945625893,0.7723282989301722,0.8439103902250953,0.7249865541011098,0.705083851116904,0.7917428152793103,0.7699114544092004,0.8029729120128749,0.7409589096871043,0.8220429418879823,0.8381739904244587,0.7647618762763184,0.7542387092532676,0.8318204354023265,0.9065481824459913,0.8259001195776182,0.7921186735613396,0.7954764006674819,0.7659000058025234,0.8460775484762619,0.893483533050109,0.7482926709256416,0.8731279793498248,0.8852593375379952,0.7936438099256153,0.8742700649084978,0.8500299269447043,0.7225700029231055,0.8542280351354441,0.7983558098339016,0.7475823894483955,0.7741356981522861,0.82250415086322,0.8402633297458828,0.7720743816034163,0.8770236646145891,0.8360204142164401,0.8413327364050219,0.6931615109159965,0.8180421501877445,0.7874408618803453,0.7705244455321922,0.6386927201944111,0.7477279624017091,0.803795012629001,0.8484211953531352,0.840737554546854,0.8221506658652309,0.7957657487867065,0.8558373755398849,0.7983778604094729,0.6983580749487039,0.8589085060516771,0.7775283027146299,0.8051658951226435,0.8539648106950511,0.8564897160804247,0.7489162990166525,0.8466823866396079,0.7525553368704773,0.755543732357552,0.7772034301108393,0.8254291793718798,0.8873777471302968,0.7617796962286469,0.8893207478880556,0.7436555686811483,0.8276577532057244,0.8606472424358957,0.7784350501818187,0.8669430738574183,0.9329525952325495,0.8088999235517793,0.7631166406476165,0.7856145903321453,0.7674450709487213,0.8614620966768903,0.7451635740967919,0.7221279359001421,0.772712804425583,0.793229374273141,0.858697501838032,0.8136416787256624,0.7532931570320479,0.838690823746532,0.6957568701632558,0.824660427477177,0.829665938412585,0.855912295472006,0.734872974252901,0.7762283079017684,0.812841036487148,0.7470352000468456,0.7602636308079644,0.8391414035123285,0.8122348195176788,0.8207729257195011,0.8953897444072658,0.7500473675856294,0.827149198110984,0.7737681645307082,0.8473288274340842,0.8975494638364022,0.7499487572520355
0.7927965610518005,0.7845353645891991,0.8197502114226665,0.8544592965884372,0.8501700206098721,0.7156271356934935,0.0,0.7226429766352279,0.7178200392950117,0.7839404967334986,0.7940829460026604,0.768120008900176,0.8025087623223247,0.7504761897728482,0.8507715823510769,0.7725119528857773,0.7687213027942651,0.7813404092341197,0.696940217409206,0.741410646536894,0.8300571265004779,0.8562366438220749,0.849404256068173,0.8500696828705994,0.804113321721907,0.8255574338000874,0.7593002945821381,0.7079791671248581,0.7379838200800249,0.7127250840067801,0.7661851170571095,0.7890876450699476,0.8053207174893231,0.7379679299702284,0.7773076758715817,0.7554144801523675,0.8422632254147474,0.7103890092654809,0.7386112447876485,0.8935795879566514,0.7463153436242411,0.8101150963003766,0.7983924844701259,0.8337256325740441,0.8180928466709457,0.7614793033302042,0.8200355150282832,0.8029931592592536,0.9232775545386535,0.7973701615924055,0.8670628295936541,0.7668084736287514,0.6594422925169605,0.8431201062916669,0.8077295394039515,0.7570426343634962,0.7551842371276949,0.7421261302996008,0.8532175770210421,0.7434867110310427,0.7172161412747624,0.6634241371344636,0.7181104404679184,0.7369468126017056,0.7372100800046575,0.7007060845833357,0.8395356106122238,0.8671483802513215,0.7966559472466165,0.7342201700441556,0.8393264441901691,0.7371916219023431,0.7446278358465771,0.8809083380610002,0.674283204516714,0.6871119900096551,0.8743499942050384,0.862438395336083,0.6540360360871716,0.6212036361354109,0.6630481755534547,0.8401099981821176,0.7877543665875629,0.6444616097252369,0.7362943923476144,0.7369742553630894,0.7053538250838854,0.8131237906344008,0.6993579541224623,0.725629471049591,0.8551169338166068,0.8003637862638,0.7994123525337927,0.6888807668031864,0.8339589775150479,0.809806814591494,0.6556145143506289,0.754174876880347,0.6688724715135435,0.7805879608634677,0.7025888249311023,0.777869857061047,0.8083252958902334,0.7426208521241641,0.7118437614848415,0.7729898584271471,0.7336119669138941,0.7303931676294296,0.822060785359939,0.820371504717579,0.8810455341436999,0.7766245624850313,0.7595253664979383,0.6474711400832991,0.6875212440782803,0.7487901533676278,0.668786995795444,0.8303935663247283,0.8004963765776241,0.6576331598000714,0.7992141080738188,0.6766973112875823,0.7084861800704267,0.8223220040400203,0.677198811016593,0.7572036173859097,0.7155835065274064,0.7886066535563935,0.7303609743156587,0.8252767780143283,0.6746467880870044,0.7256511931470402,0.6315096114131357,0.6652046653621717,0.7657021542660176,0.7237132666755823,0.7168327700527066,0.854801362588954,0.8128285197463336,0.749589408698461,0.7142688834077124,0.7305391065906209,0.8517329116528132,0.7708368776277863,0.8034284997376985,0.8569067190668972,0.8080215273039596,0.6925747936445741,0.7628234006480613,0.573670345031044,0.7430141145119132,0.6492861880084445,0.7857645242700427,0.9230455063744868,0.7801743201059679,0.7995345182470374,0.7611207099655896,0.8027314604672646,0.7866001663412681,0.7716525340494766,0.7009881806573391,0.6777376442795696,0.7985182797478696,0.7761574534248148
0.825087482995375,0.9012697206666621,0.8451270350650373,0.8205269378752911,0.6706567256090913,0.8795089689873267,0.7226429766352279,0.0,0.8196856724007597,0.8448153817343478,0.7993526949148314,0.8495706814421266,0.8879502325666229,0.7752477602203972,0.7785721227665434,0.8792489435345237,0.8513009495242746,0.7876816919132927,0.8465942829006914,0.861749338257188,0.8160863100095219,0.812795945265361,0.7651739641437851,0.7663272228719719,0.8632515690879204,0.733657465721889,0.8097293884433714,0.8640633332698939,0.8092409970310076,0.8078331616540656,0.8712600858156927,0.864635279686124,0.8652035424046012,0.7941860719646279,0.7975948774335568,0.7956100218129609,0.8347907900812185,0.8598775561318874,0.7808908391395323,0.792972114780349,0.8242048340437281,0.7562091307393363,0.7847636572791238,0.7714630753168723,0.9083391853083613,0.8416532237660951,0.7851464372469681,0.7669735962709672,0.7949822288991067,0.8064406814734555,0.7953140238317781,0.8140760724472954,0.7457952617672206,0.8443508634771978,0.8218824020006055,0.8219965793126853,0.8315585343486321,0.8645149233232299,0.7346152363166986,0.8360813228840428,0.8956815702041345,0.7364683904056399,0.8143122295741609,0.737915123585376,0.6974819300098595,0.7706632074589931,0.7668315507847407,0.759462979131245,0.7933249572407564,0.9001414257254878,0.8047471988632741,0.7695803157956691,0.7152688490306517,0.8383365136580426,0.9026285216183181,0.780705498056825,0.7820082058424187,0.7558219037950661,0.8263918612689716,0.680788396121293,0.7731431022112942,0.776048254360228,0.8401609860758016,0.8671025364228457,0.774349544206998,0.9241745138298599,0.8336684922640021,0.7502077440283667,0.8840250273415161,0.8041166329309521,0.7584387909589575,0.7812947040978003,0.8198105629713269,0.788363926267255,0.7474305184558144,0.8581338376011408,0.822766729349878,0.8457822427659285,0.6662889548873825,0.8301336126098964,0.7606670681050565,0.8325887148031292,0.6779234972938702,0.8200998287461894,0.8169774558562288,0.8615305152130832,0.8453861196592842,0.8496342529646191,0.8190547705914248,0.791740140151157,0.7614405956991924,0.7165889562562092,0.7713006032308799,0.8182373286339213,0.81147892052618,0.8548401362086,0.8208319201817079,0.7734258407294743,0.7777359633983124,0.7401239787776533,0.7339563189320877,0.8605675972502844,0.7533950248802811,0.8351907204225563,0.6924684420379658,0.8795503004126172,0.7181355440274253,0.852207308994705,0.8495641011143238,0.814727035374181,0.8725384489616121,0.8505460041856853,0.784347035525258,0.7327856049231917,0.7884655925421499,0.7154978413928648,0.8505035439489802,0.782714476780791,0.8246708674208076,0.8574492228125536,0.8029249593331578,0.7879528734547032,0.8216484305818651,0.7619747309038472,0.7968775941681232,0.7204055179598591,0.8305318580956906,0.8082021711127033,0.8781797988970159,0.7054263371179488,0.804449043641922,0.7793329974502059,0.8049861779083824,0.8033066324576676,0.8750445342835587,0.8331253797880511,0.7980960850049266,0.8513979314558314,0.7471659532769227,0.7531056545268169,0.7518951032571414,0.7759935638795347,0.9171827052100353,0.7250579556545054
0.8703514118331267,0.8260116758643555,0.7122741152319283,0.7171910608941238,0.711376957676741,0.7833139907404847,0.7178200392950117,0.8196856724007597,0.0,0.7027930260531748,0.7531437355354512,0.7508301375552396,0.786844955230785,0.7690685587703644,0.7674318064661633,0.7565630644870552,0.7484949849232094,0.7851557052319558,0.7598995792288625,0.843409397756681,0.7272011275968561,0.7949239906847775,0.7133016020035401,0.7220136850850528,0.7760635490932082,0.660794611689954,0.7582423075966276,0.7634479158482144,0.7024705368067402,0.8444269678359931,0.8651480964840257,0.7651694477080704,0.7655645702313827,0.695019890026403,0.8455392938926587,0.72428936226125,0.7931166408645315,0.8215437684249853,0.7291513531770978,0.7181304510040326,0.7288375085488921,0.8065158652010496,0.7137975960364354,0.7504624981767457,0.7788229451478361,0.7322984858070112,0.7446073152083594,0.7119578413385763,0.7627131992607084,0.7768599235522995,0.7372957794611799,0.7469776514631677,0.7290077788421491,0.7320061263699374,0.7111916768138884,0.8398624203704969,0.7998058353737058,0.7763105685827063,0.6955367304829225,0.7652464808353504,0.7469608040517387,0.696558811274119,0.7333938548209141,0.718915281837597,0.7253646909566128,0.6968098752191622,0.7256482462833208,0.7481368646271103,0.7366166397646106,0.8234007822963981,0.8118713515305317,0.771561064541823,0.7282603548699943,0.7328486796553106,0.7982563149708127,0.7531825644072365,0.6796991929690318,0.7004660463505054,0.707643365076249,0.6601252964261428,0.6923022509891037,0.8488255337709899,0.8264341498869137,0.7476174208152221,0.7361748555073707,0.8582494773430469,0.7867151133067956,0.7407340917347538,0.7700195699648426,0.8260881187192494,0.7762742824616995,0.8023300952473689,0.76175997423321,0.7598172237401813,0.780945765260662,0.7965211915963288,0.7475883579280456,0.7561307355714287,0.7165724357884277,0.7348939501590721,0.7495115839668305,0.6707771714241915,0.639542766861175,0.6960468108934899,0.7895330256580967,0.7391561713178976,0.6723643874048288,0.7528373623385759,0.716731974951417,0.7312960018666677,0.7029082650840899,0.734863866454703,0.7390012644637961,0.780240680449378,0.7379438199712619,0.8073724428655084,0.7509437576744323,0.7205814351639461,0.6619970519021016,0.7539920512887758,0.7807684479164522,0.7449702400371306,0.7448581121759934,0.7786794323426046,0.8148374627005858,0.7263414869489976,0.6878390815014022,0.7588978048583516,0.6964031043515223,0.7609949507768774,0.8782209332041921,0.7586841180868384,0.7640442217965515,0.8295781179625984,0.7434556119994652,0.7453962311104336,0.8017396495987341,0.7673291262602181,0.7151272158213979,0.8026777754445622,0.7277266668756167,0.7567691925300428,0.8311414005126526,0.7505170120092796,0.7468269275459043,0.7176946698658926,0.8771509571225081,0.6761064805608301,0.7589193373277178,0.6572402354715802,0.825829792883384,0.7375937976806598,0.7940222606951478,0.7114850277913543,0.728968122240048,0.8082468841163,0.7685844434456115,0.7392168778056288,0.7634427899941663,0.7143136889869446,0.6457164170928326,0.8358519350521523,0.8622250457010083,0.8163793412643575
0.7609999927495325,0.8800678911918769,0.9292312783707426,0.7779447812360564,0.6852632182428077,0.8332459534938431,0.7839404967334986,0.8448153817343478,0.7027930260531748,0.0,0.8067540889469612,0.8226271852252904,0.8495234387347281,0.7264462900272416,0.7687038610678857,0.8427871949914962,0.8184428568457034,0.77220702971051,0.8040122875800942,0.7800689850040202,0.8172765222183432,0.8576041872938058,0.7697538680311455,0.7709558548690162,0.9146543757928363,0.6809846381219589,0.75126658321069,0.7970676172380174,0.8762785421889285,0.7397822393310561,0.7725776932763475,0.8535184697372348,0.7896520021385063,0.7153978093350083,0.7295292689627083,0.7343058125066684,0.8084565368877481,0.7426155409583384,0.72224398494531,0.7884405162188958,0.7505346005781818,0.7817508827038517,0.7708141219064516,0.7583475286069875,0.8181025699554282,0.7617083305753716,0.7717567918807562,0.7913546319310955,0.831123509556724,0.7404188131308799,0.7654712112759048,0.7320558382921699,0.694578781603193,0.8404552946939748,0.8241451942249243,0.7681820390666068,0.738128158386769,0.7890482517023054,0.8095885391389966,0.7280886040416058,0.8268334902712572,0.6497392710048951,0.7437989183543695,0.7084825948136386,0.6794469348173597,0.7186121247184317,0.7391140061882854,0.7890254838471327,0.8239151084270336,0.8298789293704039,0.7439748640747843,0.7020074614353281,0.6841055202735841,0.8350394316479192,0.8092265119410824,0.7305017880039573,0.7785591855684671,0.7671708192473439,0.6861793626529181,0.6403506170146858,0.774115989710258,0.7006095029578211,0.8145552625148815,0.7532277047541386,0.6853641962228227,0.779879333869047,0.7428742327774792,0.7298587885091925,0.7801605594886029,0.6911542414157441,0.7131206577576417,0.719716395402787,0.7990101684224471,0.7028673182600643,0.7170036562263351,0.8730588227982177,0.7124290814969378,0.7916004441993986,0.6012279062984793,0.7562170086857875,0.6917456480910945,0.8083863759589868,0.6660530194840898,0.8951177522161843,0.7048540266274795,0.768373192050031,0.795233491671991,0.8425086477197068,0.7940768845177818,0.837622903374587,0.782042280358342,0.6425530841401026,0.743934217743894,0.7205207243966283,0.6947549834017117,0.7423439820841851,0.7675913288137237,0.8702119678338882,0.8435687999376202,0.6448267268850812,0.6661093852570455,0.6822639669917615,0.6938506002947511,0.7923449439785798,0.6408481957763481,0.8787722201987741,0.6558136588559192,0.750755007397849,0.8302084643584319,0.7822446511074052,0.7873366892893948,0.7951277898751273,0.6562678784611409,0.612693248160546,0.7826960250565111,0.7043985789274965,0.7807150170915083,0.7289085709625966,0.8298913377683894,0.7666611559527946,0.7999996140801897,0.7508166367473341,0.7630134322822663,0.7387342973066136,0.7770307133651513,0.7080011405992402,0.7415844698063586,0.8113669413038049,0.9281944067043398,0.633262968218366,0.6879045928639116,0.7704137289536229,0.7601087172686783,0.8671460358088492,0.8703925841040357,0.7862851243505947,0.777199855684808,0.8274400308456044,0.7177179288535698,0.7095125210122928,0.8088656882694142,0.6989694114614013,0.8531524975536097,0.6697864615374804
0.8191729709793996,0.831831758644102,0.8929724161113796,0.8477958953048164,0.8181830502668304,0.8185596453520849,0.7940829460026604,0.7993526949148314,0.7531437355354512,0.8067540889469612,0.0,0.8482116202116042,0.8547296914039842,0.7487800487687911,0.7716713308711846,0.9020690242240559,0.8567153330707138,0.7670239490171847,0.8019605862850206,0.8276026526285069,0.8857650494129513,0.9232686029694094,0.7825181992142349,0.8588827689016709,0.8802316982486779,0.7986318609151871,0.7738302987947268,0.8254944883862589,0.8479326625281809,0.7726330133666562,0.7756839103222704,0.8040215110902692,0.7806001530095499,0.7406079087312646,0.8095579701432916,0.7550309250422936,0.8950312076294693,0.827008834878571,0.8172418526370054,0.8249064840490291,0.763625401050603,0.845890945200588,0.7782531067575612,0.8779243061369965,0.8080842168104663,0.7033413081772252,0.7103710082602961,0.9273053082488387,0.8716739002244684,0.764169227481496,0.7881508531719291,0.7787358124367874,0.6428602824050705,0.8753907312254124,0.8557022883950385,0.7468221696478109,0.7941703830600096,0.8727778342507339,0.7492130415891205,0.7176454519248413,0.8300547069788843,0.6295886106131038,0.7674150881069621,0.7431431735776652,0.6705460609368776,0.6873374176864363,0.7950485614284151,0.7915045836563921,0.8053335311064064,0.8660748633794629,0.7992595795266273,0.72605259548096,0.7710357375187264,0.8503314936230832,0.8016993211493338,0.669604442053147,0.8506223596501264,0.8356729129492654,0.687863739702696,0.7077757193230927,0.7298007574885604,0.7572439890437251,0.8066405720681555,0.76697003392875,0.7590321143717935,0.8136043813976731,0.8468663685115541,0.6984282131318243,0.6895803142919281,0.7372272313917902,0.8209289989175693,0.6943060804608294,0.8131990052275516,0.71284527341857,0.7952998953578511,0.8587416341623286,0.6929310487429458,0.7563761006552525,0.6534104741517052,0.7092313252985855,0.750429062307217,0.7928695840636873,0.6762620421356561,0.7629736291323111,0.7203094669616712,0.7548623810832287,0.7310408898711125,0.8474059328671181,0.7284097755266515,0.8827103062815276,0.8815306870702749,0.7616817962081766,0.7873497014603844,0.7941983145549267,0.7014809892325556,0.7943813342296475,0.6995529708572069,0.8624783820006859,0.8745846951957353,0.6885605037475494,0.8169625478834207,0.7023049043816911,0.7914458088770758,0.811360256307831,0.7517607953030649,0.8337720401901866,0.6516902762410766,0.7815147928906433,0.8077285379756519,0.7728126144089976,0.7421366403997375,0.8531126473400679,0.7662752165146419,0.7608305776015266,0.8881487854781381,0.7268930108453282,0.7814063584662103,0.7922850688405262,0.8557794691852306,0.7752534929622217,0.7445385871782072,0.7915402105546251,0.7549237914795554,0.7860742108371526,0.9011821282491372,0.7279602461385809,0.825687618801309,0.6889129588533077,0.845136690922242,0.6673704091369488,0.8152397101164065,0.6940246708899048,0.8764311766457749,0.7700562216233465,0.8586696403640012,0.841917127691021,0.880721616501463,0.834397376188933,0.7996412808434532,0.7612626251529927,0.6719323227799849,0.7549408086988733,0.7918133756947661,0.8928351723200084
0.736090733510909,0.865688505127444,0.862763348602731,0.767994797687726,0.78286618387646,0.820575001852642,0.768120008900176,0.8495706814421266,0.7508301375552396,0.8226271852252904,0.8482116202116042,0.0,0.7731540601538974,0.6919885897984069,0.7583082930855839,0.8721518974551438,0.8014541117025715,0.6762480742883835,0.8427619217186098,0.7906537264443655,0.8584938358314368,0.8347251607564925,0.7873484384141769,0.821341512206831,0.8633282106624375,0.7424018648318953,0.7469974917544,0.7495536760448057,0.8459255092187112,0.8202641740435335,0.8512211851272146,0.7991295672691835,0.7863660197456871,0.8010681795488067,0.7665062876101173,0.8026680822153079,0.8109012368846111,0.794456658366493,0.8926547828266044,0.7503859723208636,0.802284573441087,0.7900391582052656,0.7517243527199121,0.8343042637093927,0.8357791053027235,0.7142116593871971,0.7548590111955386,0.832647569020769,0.8057859385978645,0.7528887293272691,0.7484791441174207,0.754489938334122,0.6277919485997162,0.8534651854274933,0.8522440835386272,0.7791573742731214,0.7500903528588682,0.9164983892319929,0.6733546009746632,0.7441458082820234,0.7600932761211795,0.6536245075678162,0.7088458854245074,0.7466980590627028,0.6259590177252333,0.6409829548849866,0.7087963567547053,0.7111553636429141,0.7076132008357551,0.7773673348046817,0.7371138715127903,0.6978488967810846,0.6610236573330114,0.7727333499729327,0.7652663991851137,0.6534261011591559,0.775470493133209,0.8470271890358904,0.706442394741535,0.6569057944921719,0.6867947965466539,0.7288967466950481,0.8246065376041496,0.7282872034650235,0.7241507624064254,0.8358529786035875,0.765298497078076,0.6624661128978915,0.7136427351717894,0.790100657947452,0.7577078420795952,0.7681669920097144,0.812295725424249,0.6754667253401488,0.6845366969702914,0.8987742827945818,0.7099173601244577,0.8385165182994893,0.6631321139293352,0.7055776925063155,0.7331709104603517,0.7839533655013903,0.6673843300514359,0.8490911568481028,0.7056584502659472,0.7770299219376531,0.7496781125362607,0.8330991136378808,0.7361990060039937,0.8484629313520774,0.8530090155904121,0.734426719040907,0.6857862569001199,0.7581933654593627,0.6831409549111379,0.7702394485022274,0.7009652495340432,0.8366382304182992,0.7935797961122482,0.6795960673512532,0.7700341069042442,0.7184771281885074,0.7380642736105729,0.7969922077104681,0.6702069389960584,0.8746544315157861,0.6555470438457671,0.8688000765619516,0.8475861955603858,0.7256298146256258,0.786343288625365,0.8062944496566399,0.6793414126927431,0.7319973242528798,0.8312167685870565,0.6689144502858441,0.8205631102092464,0.7653922101076018,0.8093612558081902,0.8464860460083371,0.6796414854327715,0.7875201970681786,0.7532180082733453,0.773139821641204,0.8654192805718484,0.7249206645546193,0.8865886182790599,0.708535713618806,0.8855202096635931,0.7175410152026571,0.7615067642887706,0.6840415688818393,0.82507007071293,0.8184798360969616,0.9288368893521809,0.7720843206338774,0.7439378516471922,0.8466674742694035,0.6873121288695385,0.6840608310454753,0.6317750204520107,0.708539645750589,0.8633339210809545,0.7548734248049204
