0,1,2,3,4,5,6,7,8,9,10,11,12,13,14,15,16,17,18,19,20,21,22,23,24,25,26,27,28,29,30,31,32,33,34,35,36,37,38,39,40,41,42,43,44,45,46,47,48,49,50,51,52,53,54,55,56,57,58,59,60,61,62,63,64,65,66,67,68,69,70,71,72,73,74,75,76,77,78,79,80,81,82,83,84,85,86,87,88,89,90,91,92,93,94,95,96,97,98,99,100,101,102,103,104,105,106,107,108,109,110,111,112,113,114,115,116,117,118,119,120,121,122,123,124,125,126,127,128,129,130,131,132,133,134,135,136,137,138,139,140,141,142,143,144,145,146,147,148,149,150,151,152,153,154,155,156,157,158,159,160,161,162,163
0.0,0.6712903030353321,0.5804304049506641,0.5313759750062133,0.4291306433212004,0.6344470861806935,0.5550903522494607,0.5876719026750025,0.612772712499021,0.672347036746086,0.5595704189129614,0.5449592453825128,0.7154642019094117,0.5716834841961619,0.6181109928787171,0.5845783594688672,0.6359878561156391,0.7230104649426002,0.6360401759330216,0.7117242444599895,0.5873281252062589,0.6330427765074897,0.5779673291132505,0.5213268676816105,0.6856304591165537,0.4937956024555079,0.5118904059207667,0.648752412477831,0.5787896254632459,0.5224785037449293,0.6184628086108037,0.7171696305233817,0.56391725684728,0.5602891639948251,0.6386582237628897,0.5645507245992739,0.6189874542869316,0.6324073023454831,0.5279738332603552,0.5945713062847986,0.5765917183592466,0.5767184380017781,0.5934917897817616,0.5413295612054602,0.6148165963759397,0.6300841746183957,0.5143618360345787,0.5151608306995125,0.6573406952301841,0.6307746843545663,0.609152318162278,0.5868060651342928,0.523986975203858,0.5632588298853689,0.5585716289921957,0.5847694303025448,0.6676564858409921,0.5634159768791367,0.5834743963084456,0.6350463150550839,0.5787068065389896,0.5473436729935531,0.5620287183625025,0.508439586467486,0.5754380996587083,0.5602153119334401,0.5589008289942685,0.5871041911721728,0.5983697809030806,0.6282619112485747,0.6636510147665651,0.5580048885858554,0.5485713711228983,0.6512212448222198,0.6724768517903316,0.5744292110835348,0.526942950262506,0.47790592292961626,0.5941763802399809,0.4759551308079235,0.5861185580973718,0.6474179676693635,0.5640680107536793,0.6238603044440966,0.5764847966517851,0.7302091562018057,0.5503831197723628,0.5976266068054044,0.641663566643755,0.5150205565961865,0.5922721196899517,0.5690634451177556,0.6131977474844474,0.5924177701363128,0.5899477130816876,0.5833687949067656,0.5028501487457979,0.5771363723155944,0.500701205043659,0.6292193253082418,0.5328463337052805,0.5047668683078308,0.502290894934784,0.5637846110719655,0.6030373179034368,0.6164772707265634,0.5696131974287977,0.6432546489319029,0.600616893316907,0.5583905057727311,0.537963664270343,0.54518347109056,0.6445268078071432,0.5375811765173413,0.6023688267531739,0.6355977369494844,0.6261343309976415,0.6574669977489292,0.5447587447922925,0.549533117050558,0.5402400216671022,0.528500251381389,0.6082059060588884,0.6073460508632578,0.5591797976451726,0.6000398593841927,0.5730885943442777,0.5040783062397599,0.6060299172763827,0.606013205500407,0.5806040703045182,0.5850480161879598,0.5448184417717805,0.5714271434102705,0.573138722525826,0.5464308806905046,0.5839032167411536,0.5995241776924437,0.5923291079130013,0.6311724525994362,0.5259118627986205,0.5930280230499184,0.647314603407217,0.5397788417917837,0.5623416879857608,0.5862073577510941,0.5820361079904578,0.5791080124619267,0.7263242603020962,0.47036429074541014,0.5928923069757462,0.576299688519549,0.5707079024740876,0.521430670922094,0.6102239175127665,0.6223562675228034,0.6401773732466137,0.5516373494501285,0.5278466472379851,0.5877260660831118,0.5447976846636865,0.6192877594211683,0.5253918090605654,0.6090600763757936
0.6712903030353321,0.0,0.5527369453285929,0.5409346441780495,0.41787704089401007,0.5984637657408532,0.599189068306624,0.5562377156144697,0.5866054253052382,0.6925921884404986,0.5140149224704027,0.578629098089225,0.6228244805245894,0.5453629652753847,0.6260853084997573,0.5261665111896706,0.5823131839192465,0.6011000032432096,0.608945374495246,0.6359167464818863,0.5670032778984548,0.611217187223204,0.6131401020122504,0.5695586096387801,0.6536040857195091,0.4782489002740302,0.5129437660024,0.604327413721313,0.5789179199345631,0.4926679809779716,0.6072225101501548,0.5994564507558322,0.5897933260235954,0.5967005741882289,0.6097205418275053,0.5497618420093926,0.5662709445745145,0.5539160942816921,0.5233317958628305,0.6354303562407941,0.5952063438843966,0.5798791951980816,0.5064991009379995,0.5203943993524629,0.620390793026439,0.6032662724442692,0.5108704322782297,0.47680468975978263,0.6316394455601202,0.5595393224466342,0.5566670158872723,0.5681136016154007,0.5003198028898055,0.5664134415368804,0.5221289738060447,0.6439555865284395,0.5936208551193438,0.5203151874114181,0.5563348335192159,0.6221873452814674,0.5356793450008794,0.49547264114520284,0.48575841582057533,0.4914455429449613,0.5255277685573375,0.5069830915305835,0.5650712712746079,0.5330531200501148,0.5006054639990544,0.5362685484680499,0.5861724500991933,0.5240365333723852,0.5060318992739393,0.6025779967508997,0.5763066803506809,0.5339518694502762,0.494164688680618,0.4798337380921841,0.5448011500495397,0.45354690217434823,0.5348180624411482,0.6226346517685117,0.5690894142255373,0.5436030783032534,0.5357832950330549,0.7434927487629426,0.4892415805944161,0.5218932351544897,0.5990163552958021,0.5748786130436173,0.535319093348394,0.6057399706018505,0.5533388482557864,0.5540564680775821,0.5578973693657127,0.5922867510970959,0.47450901835217674,0.6250880406776773,0.48488025238404914,0.6575797884889788,0.5162127106922065,0.45569028570163694,0.4809349800557432,0.5716721954308654,0.5311757214462234,0.5853005258104587,0.529461495339668,0.6633722426424479,0.6077882486164089,0.6045644952021978,0.5435107648556846,0.5133697740387733,0.5806590457924284,0.500271717107921,0.5469348347916184,0.6705594067868076,0.5920628095112008,0.5641782204928648,0.5264035561879522,0.5326032601663838,0.5129603820492328,0.4815923073638187,0.595980082454195,0.5961704044366506,0.5241518045898846,0.5858871056479854,0.552169602992636,0.5104441736557851,0.6084489575726925,0.5581290544051215,0.5794406866278782,0.5213095685771109,0.4939022568924407,0.5662391455919108,0.5550733332636368,0.49801017626465804,0.5760765872642344,0.6086493772332158,0.5946255449072987,0.5810552058746545,0.49474065790818417,0.5419146717891001,0.6887635145461439,0.508869308632328,0.5397974475198384,0.5738059477880447,0.5931423664590467,0.5594431678882896,0.682467799899387,0.45895227479106915,0.5490945649863459,0.5349101158555494,0.5496048749646829,0.5716402704464876,0.6183941271593639,0.5879702727478262,0.6320216240940587,0.5644015526200016,0.5320359539455691,0.5219769386530289,0.5219055496548658,0.5762524290381565,0.5149936630285461,0.5755731900384348
0.5804304049506641,0.5527369453285929,0.0,0.48949272667251315,0.5522358582721656,0.6302983490367852,0.5592703140944154,0.4984309161330761,0.47893218126910986,0.5298331162006702,0.6269133074772617,0.5798312376249674,0.6353534854587597,0.454756707737666,0.5721450492602127,0.7208298983837508,0.6609588512535434,0.5320618048598115,0.532443292944448,0.5119989758143724,0.6519385918828005,0.7322551276382719,0.5149211092935292,0.6123677019279352,0.5330537976452688,0.5575856812404981,0.45382533721144,0.5101964787084341,0.5440378741919302,0.5734626064495875,0.48574243610015216,0.5884753520447803,0.5178531812255315,0.488096727115134,0.4745903359147623,0.49228193261965836,0.5902654154501045,0.5180478986140065,0.5418095290249371,0.5960766353162826,0.5425869456328816,0.5674002229257834,0.5639094166015489,0.5502887094447906,0.512736236839351,0.5431589060933714,0.5471525882292434,0.577152292549456,0.5589656518324262,0.550307352981334,0.5991850559866189,0.6184776216049658,0.43734831269392643,0.5578846103958767,0.5236917920132962,0.5053384652989669,0.5714754735435625,0.6477548627089322,0.4596187099023586,0.5279911931026067,0.4952590342626162,0.47877794147355995,0.5512055694900961,0.42751460073533065,0.46949037719737674,0.4683294121955034,0.48214576210452953,0.6187222042902936,0.49224772317129556,0.5173654341704046,0.6197100360149341,0.43927363206599035,0.453622160732252,0.6503495312406024,0.5403051193825793,0.4368665876334208,0.5916694816932588,0.5762449066080726,0.4941131864321284,0.497001581566224,0.5296094511643167,0.5306599418814566,0.6227192740219867,0.493567492532885,0.4912183039359838,0.5711929413310635,0.47010796109690695,0.46156972987114503,0.4741267474570711,0.47496693741154516,0.6303439914620198,0.45729341170590004,0.5857780612671349,0.4839759883448017,0.4917516405233726,0.5300659319615002,0.42716867198715364,0.46949253930774876,0.4218043972929458,0.49470447121840994,0.4405152168249763,0.48060985896350333,0.4294751603519609,0.46016236769677427,0.46768432112785163,0.6484972030095477,0.5246419300749355,0.5361050578747694,0.5552816059817498,0.5961652384653887,0.5519773621648141,0.4830651295291064,0.5135881506887884,0.4534889067042337,0.49715665848825197,0.6888152120821603,0.46529677675466996,0.582964820426889,0.5460824185941731,0.448736164302393,0.5900309773938791,0.459659674903221,0.5085831666313669,0.6343026194801984,0.43634106626222363,0.5730179400323717,0.495778608664987,0.5665126625175331,0.5211328578802761,0.5057970792825491,0.4756390640700955,0.6555593404841116,0.4547829213193818,0.48747641547398973,0.5075539942844735,0.47575782504646486,0.5520929887496252,0.5359248531929179,0.5024985611606864,0.5339844170422473,0.4219473096117642,0.5275327676877186,0.5165546559052442,0.46160623666687906,0.5292559995861289,0.5013424237722518,0.6518952674669967,0.5494850458319123,0.535026538550057,0.4344921347200766,0.47801921289325744,0.4489237237350983,0.5488255444210749,0.5701235167054177,0.5571752115636278,0.5194169350584722,0.6296474175272506,0.6428835428638706,0.4360217666523679,0.5399877021294989,0.4505182146765111,0.46117884323586095,0.4417246034528053,0.63619006198814
0.5313759750062133,0.5409346441780495,0.48949272667251315,0.0,0.40233603231789866,0.5126552549535874,0.5594020887003832,0.5248869461450034,0.47176666295570957,0.5322503788413171,0.553901428415403,0.5334501064966923,0.5185939266631613,0.5196173429592461,0.5529420706599637,0.48291858666802334,0.5249673259836182,0.5144209958669509,0.5902231562466222,0.5103861559390732,0.547676779837846,0.5272060188572174,0.5520670978635849,0.487899998135651,0.5680271120921481,0.5190412207134115,0.4912444079006477,0.5689776905493373,0.545504159588484,0.4091169845827007,0.5418321789789105,0.5239751117747257,0.6520692963831377,0.5863178346976223,0.5839833711219541,0.6258549749244735,0.5263974703730768,0.5539943258488874,0.5552506585468897,0.5703867197773902,0.6044609573339026,0.48265614476236374,0.5011372942829155,0.5588320604779053,0.5629660160660164,0.4978605736758555,0.4065433785865808,0.4975679090775963,0.5798983063724819,0.5309411539548233,0.5752241133309626,0.5368659055303495,0.4442224159013292,0.6607915244164941,0.6289174144260937,0.46602686898355306,0.5408104189816528,0.527821243275326,0.5317349229827817,0.5401379464269035,0.5665841151536838,0.4712284817964054,0.49602198286332866,0.49374038016755845,0.4855037048862311,0.47765060145845,0.5793021730668149,0.4616543784026084,0.49401566366058325,0.5457748201053806,0.526956664390582,0.5030932600736862,0.5576742472062626,0.5920559043323792,0.5274152806888968,0.4519320731119817,0.5274583668247533,0.4554993564649523,0.533146340542954,0.42351491559056414,0.48056221608349625,0.6080534085412045,0.4425901550369687,0.5337119519615084,0.5726423028072246,0.5575651892817715,0.5317971011541074,0.5261364083593126,0.5002767530104467,0.4620872434407361,0.5555602824447803,0.5649698733414434,0.5402278268713816,0.4917152594011022,0.5903082998085837,0.5357677351079906,0.47637968855910157,0.5623533418433135,0.4928784593980513,0.577618778350514,0.5275942490641604,0.49892581471033,0.6009354448636436,0.5691046412838966,0.5489218965904531,0.48400823303107804,0.5214995289654959,0.5364515017998972,0.5066483383826093,0.4868237122782126,0.6062269357811136,0.5709582086420826,0.6046693701626865,0.5204850997734187,0.5279485464497108,0.5075094418079852,0.4988421967433146,0.520259471046016,0.6047572997704542,0.543203663820376,0.4851853240758183,0.5725603372241247,0.5404534734251552,0.5161989828209654,0.5084627170187447,0.5583666282726573,0.544497112062196,0.46367982825820014,0.6369753410154462,0.5166231750356662,0.4377811288412213,0.4900381463672347,0.5144865462722765,0.6115893269965744,0.5689977520552103,0.446507513609491,0.42757857191180637,0.5836438250439491,0.5790234237089164,0.5514147236051286,0.5391010968077937,0.5097027632292126,0.5884233136543021,0.5742128344000968,0.552257944047631,0.5456401733160372,0.49214965380079795,0.4699234831862709,0.535606263852384,0.44532547830572605,0.6142294721163798,0.5004812191976565,0.5358524302965265,0.44189654555958935,0.6104127305418177,0.5383937520868317,0.5180499834343278,0.49102161704946196,0.6240852222772814,0.5480882619126393,0.4677843361098161,0.531464978687118,0.5111715810283267,0.5581640850016009
0.4291306433212004,0.41787704089401007,0.5522358582721656,0.40233603231789866,0.0,0.46240762763355486,0.4885697132771361,0.37460489428323945,0.38056839678912235,0.41203101974848305,0.5174604652943736,0.4829891802658548,0.4416032049775425,0.37503172677698876,0.4379805056748311,0.5458444956315058,0.4950762244319397,0.4055765162166297,0.41270964619052536,0.3900051171845603,0.5100190944274116,0.5021203388416914,0.43435806182242337,0.5022695733552484,0.42078921119593876,0.5109926227387328,0.37673183907176927,0.39053778277376777,0.46891299232698064,0.5076887682118683,0.3881677703309984,0.4425284192773112,0.411709902424825,0.4022553524665542,0.39021912021328164,0.4112613546158436,0.46420576225491805,0.4201469177125294,0.4548937208564952,0.4658921699453228,0.4434977588637019,0.471637543473274,0.45270505755482665,0.4987013911987154,0.3910607192882097,0.4074021980010075,0.4868871206335694,0.5253190358907588,0.4547653378411973,0.43060018110301773,0.4680157305541908,0.4876232128439028,0.35476977959220063,0.4400232139785539,0.4388286175086482,0.41426119093568736,0.43453559059059643,0.5310362870666404,0.3727665580398954,0.4053771333214479,0.37190582266473543,0.39670465435594293,0.4336912642339306,0.3739863717341872,0.3778768101106623,0.36721459441975374,0.3860688167934778,0.4864431391029689,0.39562972800501867,0.39648799764170345,0.4616397300674456,0.3703973431082481,0.3777230324433171,0.464381035142683,0.4016687794598628,0.3562452288548687,0.478182726282463,0.6227235191724788,0.38902254135138997,0.4789124911862819,0.4312768923816883,0.41057833096523466,0.5006054698716462,0.38542582139928117,0.41110732898357094,0.42310143313855764,0.3800275615707723,0.37593009244879155,0.36759835640904925,0.3893974582132648,0.5394174096415643,0.3830089869536932,0.48143561304026394,0.3809177916008768,0.40678964268287665,0.44186332224288843,0.3404564728459822,0.3898380156141365,0.3801763612924161,0.3801174597896376,0.37596901087954526,0.3877282231847456,0.37584425089521334,0.3865959429906387,0.3755852801367452,0.4752779379048453,0.4069568689130616,0.4279978961193264,0.43556806159291234,0.48190388535176687,0.4761313269227361,0.42143927095098693,0.4026220449099375,0.38258190176530726,0.3935790611340869,0.4877346248929473,0.37451141390114634,0.47143977336709547,0.46835094953284867,0.38353388400576105,0.5435218728577512,0.38093192033415757,0.42298419533953335,0.4961916637114289,0.3757913152224083,0.45466172440642844,0.40351802686061927,0.4659527769365759,0.4235852501111083,0.4054773526956475,0.3844637091911,0.49540308038700287,0.371228429536521,0.4087498869542813,0.4024546074895665,0.4018232234247587,0.44547453785320096,0.44473504622914767,0.39825208525569405,0.42714369748818004,0.3468965701350076,0.448788948434368,0.4049527627968135,0.39058571619668725,0.4609949998342679,0.42454059648986914,0.5085206621540586,0.43255693061484646,0.4193130002481229,0.3957420109373647,0.38533712474640225,0.3740763336026015,0.4326507292435649,0.4664083946343434,0.4514935630836667,0.4004004072715574,0.44605972310960934,0.5185131326052669,0.370529752441476,0.4537793129268291,0.370444766684406,0.3871930375844748,0.3822114740216677,0.523788641351577
0.6344470861806935,0.5984637657408532,0.6302983490367852,0.5126552549535874,0.46240762763355486,0.0,0.5452063894610943,0.5374187329372563,0.5089007774346672,0.5571684387325997,0.5541669274998718,0.603728035691635,0.6298453916501163,0.46561026000822947,0.5790580177016484,0.6057811387281401,0.6037864822398995,0.5326863151045109,0.6085636267750927,0.5438464100395791,0.6239175367904373,0.6021131405843009,0.4994719640468566,0.5513658107104038,0.584039558782199,0.5159231548912412,0.4339562824966657,0.525777937953133,0.5395743344232848,0.5294095150583376,0.5504104463382002,0.6416143458018789,0.5645737696167644,0.5331751091649318,0.5144274430172654,0.5155108149107336,0.5969448750012796,0.5254195781916474,0.5362955294656979,0.5433414418974264,0.5646789840484762,0.5512765002734299,0.5664698787164565,0.5801922282870083,0.54170559172882,0.5686408783691194,0.5438156730941782,0.5550787162481889,0.5505048476463377,0.5517022076750634,0.6090565388339402,0.6764613083830356,0.4656620625562182,0.5807294064759843,0.5345324735904248,0.5563733490791972,0.5886068815342433,0.6193816687029011,0.470057189448736,0.5456518921026923,0.5350182961101285,0.5145989969927519,0.582696026531609,0.4317799777277424,0.4988536231607099,0.5060376455099393,0.4928950167337775,0.5949872385011216,0.47562285720560116,0.539363748845315,0.6410932282447431,0.45867012778172883,0.4741911799891207,0.6136220094246474,0.5697048194604957,0.49200950000308397,0.5319719442520168,0.5107879734138658,0.5388113111578733,0.5107043159689405,0.588206280438329,0.5749580450354772,0.5985761527427041,0.5369916819214237,0.5162064095912883,0.6085799891757591,0.5093422399029852,0.4860503141674346,0.5305984643176818,0.49530259023161244,0.5763763181075656,0.517019579897852,0.5708555009779064,0.5328176807544313,0.5019053017246139,0.5868128048801718,0.46853845249992115,0.5370055490046864,0.4430328909256196,0.5459474481532827,0.46490809599828653,0.48565062602027215,0.46206496817568327,0.5169186204735046,0.5094238499463749,0.6264792442267433,0.545375373819827,0.5514018934804246,0.554433016272403,0.5904771589674096,0.5709571396117721,0.4881252282035821,0.5761751695667259,0.4582994615389954,0.5399224604659997,0.637744705497446,0.5341814633723164,0.5496903941392671,0.5676737726668843,0.4762243837585235,0.5227936382892504,0.4932143837807455,0.552646084185232,0.6542543550557002,0.46983511898488045,0.6216078409899075,0.5187933842193523,0.5374391790094432,0.5673814657591116,0.5045281341220832,0.5025588224420957,0.6117176980501983,0.4714134115779783,0.5209639827606297,0.5230287785214481,0.4935839905766999,0.5775676394146237,0.5303623054720007,0.484388583405448,0.5538696811315231,0.470191813475836,0.5369346214079802,0.5501918261065388,0.4752077815680843,0.531155431515684,0.5285738461070194,0.6342512618440529,0.5627879728521927,0.5780574919061352,0.4399481217663624,0.5263496819751439,0.49724827147072803,0.5074562065635255,0.507632410245925,0.6084273220679162,0.544361937309848,0.580314155980305,0.6359324613905719,0.4627033253696355,0.5521441902517136,0.47823975073187835,0.5176592082613369,0.4609725909486703,0.5858235076047982
0.5550903522494607,0.599189068306624,0.5592703140944154,0.5594020887003832,0.4885697132771361,0.5452063894610943,0.0,0.48309724854054176,0.4881312355400141,0.6090929880335425,0.545449320673942,0.6304124065362671,0.5475790602400398,0.4846322444864958,0.6150671850073397,0.5366288763797504,0.5464976671612571,0.5138687179807383,0.5312576041041069,0.5010384126386946,0.5911466984341059,0.5798803192285484,0.6542040783272814,0.6211663083636911,0.6201638317177551,0.5772859738393951,0.4822163640028236,0.49914608617300893,0.5989154541523168,0.4887650081035585,0.5499095791725918,0.5465488794117472,0.5772321083823537,0.5931192771055607,0.5394687727175905,0.5404294818659454,0.603425274210307,0.5163932365406739,0.5510053378389649,0.6553010542556403,0.587703324761722,0.5699551298688076,0.5190579985318061,0.6092365188073554,0.5507784418263629,0.5275906893233613,0.523712465404886,0.5430656098387255,0.6714786874562076,0.5108571021202827,0.5704041312851932,0.5653472741763758,0.4214233597406653,0.5662809632950692,0.5526350308705265,0.5798655661852038,0.5270538943124828,0.5505660459838082,0.503031686493086,0.5213565644647512,0.46878413079843956,0.46259035510452134,0.46400678305560206,0.4684602307397173,0.46723444801265973,0.44934632058068913,0.548187306015337,0.5674064844456184,0.466051409015245,0.496524588157527,0.5702902822415671,0.4823016987527565,0.4753420061282758,0.586686573184032,0.4747414861360663,0.4644574005688486,0.5339913092906649,0.5994529083739559,0.500931989935698,0.4845225815271404,0.5075846583302132,0.5640758878286352,0.5738258495117639,0.4774945874573723,0.5228874931266152,0.5825089226376016,0.47471497536304313,0.4900670159166577,0.49492028371815255,0.5357415583076166,0.591783292384012,0.5745941795984719,0.552905457700411,0.4705406734473338,0.5332116622046313,0.6514959017469996,0.4128693500030514,0.5893201963788051,0.47685320471894344,0.5481902019000792,0.49919543968867075,0.4567745594052496,0.5184872882593814,0.5786608663723709,0.4721096740341598,0.563344032079393,0.4914064174945561,0.5980600735330577,0.5763607527792398,0.6346769958579908,0.6300582443172502,0.5330076829898208,0.5400980411420321,0.47586876343039886,0.48955031443292385,0.58662185189207,0.4943161381879246,0.5803248971951814,0.5703165597577664,0.5047531536502821,0.5504423483469432,0.4823516144070974,0.5574597173232718,0.6297676189473553,0.48566339266133235,0.609458753434231,0.5089897971193499,0.5343354900513991,0.5839745770248026,0.5284826570257404,0.4802206825231575,0.5039705656060106,0.4599205293651721,0.5313478547904636,0.5227550768770018,0.46613148264963883,0.5298196321573134,0.6453887412063631,0.5579572001215339,0.5654424502811053,0.46166129800989625,0.5295786102749384,0.5784059803998491,0.4919215208307432,0.6009713470778627,0.6357499601116274,0.5978032987189708,0.529696260325629,0.5934988239592022,0.4340746422966986,0.5196648066520859,0.4785034645540623,0.49733327007209394,0.5960225456104665,0.6778560723758745,0.5496719156373597,0.5580064130935221,0.6375639704777025,0.5228549343562016,0.5407464483759185,0.4811974026178839,0.520725834342435,0.5157680721360614,0.6103734949158482
0.5876719026750025,0.5562377156144697,0.4984309161330761,0.5248869461450034,0.37460489428323945,0.5374187329372563,0.48309724854054176,0.0,0.6037511472306303,0.5643980425250261,0.49363190915556526,0.5325743882187919,0.5970929672990765,0.49182590587967845,0.5652355305241411,0.5013936000233563,0.4938564791633817,0.5453756604788862,0.5527832765396152,0.5775793376344531,0.49662533469612263,0.5335517323072554,0.5161431039799238,0.461819084708126,0.5953806032307635,0.46537058632784145,0.5255422395821279,0.5566868239535059,0.4639564358816242,0.4621740501956371,0.6557596318048189,0.5678859871646282,0.5381445943715217,0.5547579877327694,0.532185141162997,0.5278549131127084,0.5751446573890627,0.5483374049676023,0.5263816677490315,0.5003034759620839,0.4945203583913695,0.4907397994537489,0.5245484182427333,0.46304244193839383,0.6950769875547039,0.5591569871485705,0.42598556938563586,0.45499441868038626,0.5329635371887846,0.5223294755807316,0.521434368275409,0.4780773990530964,0.4356760057257789,0.5162832005488265,0.5187591927972155,0.5186267350795042,0.5335459871151882,0.5251162326997074,0.48951381432628993,0.5563744013957451,0.6250455247650489,0.4891336443586024,0.4838990991717698,0.45313131145818963,0.4791946459708466,0.5003662122322814,0.5700602060583926,0.5066175759428281,0.5166429453043366,0.7016857937890947,0.5618910219718858,0.48113821412714136,0.4909891097054906,0.5664868038124389,0.5665987349049445,0.48353753442383446,0.5139365237814237,0.4227012331355722,0.5710608513340575,0.3970229586833507,0.4622185039414936,0.6131840872195947,0.49097529978208776,0.5594768345345725,0.503818656548672,0.6481265172866832,0.6257050503991481,0.5452292907416733,0.60345498988128,0.5504451640421826,0.4970434129989029,0.5412026100651797,0.49104248770570774,0.4891531613159883,0.5000104422995328,0.5503706914462655,0.5088594491478753,0.536859966906915,0.4433399892953226,0.5933857674067262,0.4950315275572682,0.5754436750098985,0.49074294742477403,0.5305804308232377,0.5469931190406409,0.538712809077863,0.5244415182390504,0.5415834226269008,0.4999068046067694,0.4810300045449793,0.48502296057262173,0.4925596806641637,0.5577276914964019,0.5235838727527808,0.514022499800372,0.5244885684785686,0.495256368589749,0.5349490480353782,0.4542721981293669,0.5092617324672678,0.44827173895633876,0.5895331648932949,0.48880881195123227,0.509509492668753,0.4661647351399934,0.541886063590687,0.5095813704203663,0.5318326538325568,0.520965483126065,0.524721956134482,0.5267933817426786,0.5011119995451194,0.5538142036560462,0.5239660511407263,0.5544578726989611,0.43501660529189584,0.490269889675774,0.5133233280672873,0.5687220919322628,0.596500824427631,0.49230017388934244,0.49283823119078496,0.5605251336242253,0.5035279598407836,0.5004547504416044,0.5441394615683206,0.5381133167558849,0.4927950443652393,0.5793700801742923,0.4195127247886289,0.6035045521652743,0.46646099054756546,0.5084993740323175,0.4785239982378565,0.5608893034629254,0.6542867366376459,0.5521742888513751,0.5003338998757662,0.4738900441210658,0.49117241270257045,0.4523930973291632,0.4970256483913275,0.48694916675457656,0.5016286277282181
0.612772712499021,0.5866054253052382,0.47893218126910986,0.47176666295570957,0.38056839678912235,0.5089007774346672,0.4881312355400141,0.6037511472306303,0.0,0.6047000284565794,0.47768728402037197,0.5226002262937338,0.5469529542515245,0.508864594835789,0.5078570855349112,0.482612901634124,0.4959734860450321,0.558432781611283,0.5324395440978624,0.6050309827916681,0.474821479901488,0.5363803646914208,0.5667413243769654,0.44813100710158116,0.626627689162501,0.4220617912289339,0.5622498397292579,0.5758475481091712,0.468226798403083,0.5124092545518374,0.6034302607547077,0.5440245084388067,0.4687520272137344,0.532715889223408,0.5664341153134056,0.4938170419481398,0.5300619102010379,0.5386888677338191,0.4695928864289645,0.4840673293947332,0.4593021692050835,0.5830376898824785,0.46701798147666834,0.4381834364694543,0.576054484700489,0.49944446261518666,0.43437492272806993,0.42222582638086764,0.5496623756695881,0.49542644210981013,0.4714259627918013,0.45052976148900803,0.4300339314859639,0.46043923772260764,0.46401139672206676,0.5989795075746999,0.5091699043543032,0.5036063971479783,0.4948571470086007,0.5219163683547746,0.4981868077792309,0.4531651195259756,0.4324773014957645,0.4802681823359678,0.46243054470687645,0.4493658639920331,0.521708181005582,0.4779302901010493,0.5224906546329572,0.5993919763222068,0.5078569813054922,0.48362604247845337,0.5015298119065585,0.510029885430035,0.5492049996945829,0.47636072176469163,0.45394921966511154,0.4187934488101554,0.48410821189801634,0.38978229433173167,0.444739558314037,0.5777315381853076,0.5003901191748888,0.501771650627346,0.49450768094911257,0.6397562434929105,0.5346252906596557,0.5179108340615283,0.5654025042552909,0.5687511581186359,0.49524865983718697,0.5597626365603822,0.47308602496604,0.4635099856595327,0.5033346858066926,0.5350671720736211,0.44446251231916944,0.5630295227623087,0.470818688892658,0.5389207086616964,0.4755163252703478,0.46168871636565545,0.4620962420095102,0.5259525098867841,0.5118876796970502,0.49547989176716783,0.46123907010775944,0.6294893953983052,0.46993025373766956,0.48674575737551556,0.4624561515865972,0.48827420962253776,0.5223289120995753,0.5485873820579921,0.4636456450957971,0.5377653117058815,0.5088717826887953,0.5451867623333548,0.43844132805127367,0.5479268302688091,0.4481621881715934,0.4887130868769999,0.5136144286180179,0.4787837987755465,0.5015749742585314,0.4800008463311807,0.5003385611346934,0.4720250792881374,0.49627133925854444,0.486988134784312,0.7112666753104594,0.4765228621767776,0.5060874531152114,0.5367402054909747,0.5069070197459549,0.42485258435750417,0.5003599316960723,0.49083793935604375,0.5487159496404614,0.552033359874798,0.4441896247993428,0.5088917744168499,0.5785787820047841,0.5014594709582872,0.48486642686460574,0.5671736278211925,0.5352017808215912,0.4594817393653163,0.6343673980121494,0.44812718774140675,0.5374953306963528,0.46856181213182546,0.5214469049305842,0.4887027326128906,0.5341641524573865,0.5729686987568701,0.5327637322026585,0.47736470637552975,0.46046392130318486,0.46827244820452496,0.4377976256066554,0.5315053398512077,0.49920521865977574,0.5167675199892058
0.672347036746086,0.6925921884404986,0.5298331162006702,0.5322503788413171,0.41203101974848305,0.5571684387325997,0.6090929880335425,0.5643980425250261,0.6047000284565794,0.0,0.5081995556591586,0.5484263431091303,0.6252847252323507,0.562991864910889,0.6023574158244295,0.5253578794420138,0.5584855546153005,0.641824908713112,0.5633074612885195,0.6084231641051252,0.5338552437756198,0.5676657274309317,0.6817342677096048,0.5160684805831485,0.750465665422913,0.4852841953818393,0.5552111091814237,0.6010703650129351,0.5846824322116156,0.504366920568256,0.623871752943914,0.6117172967660172,0.5588944849795433,0.5893875383853552,0.6144351588556706,0.540548031493871,0.6008767852197732,0.5788184751892085,0.49798354964953256,0.6086186503245312,0.5541361321106819,0.5794841670502787,0.5258959928083843,0.5112019121366904,0.6199503142956836,0.5934599162163904,0.5078235785749383,0.4744551531140643,0.6872449835023213,0.5387636035796571,0.5430309236802949,0.5243670220545124,0.47516288976598386,0.5191768968963588,0.5247128328960606,0.6598626125712761,0.5637984007601442,0.5182910309728851,0.5780069279475248,0.5819147406474692,0.518300374085328,0.49818381342891754,0.47486769264013606,0.5044226147314874,0.5116949539930586,0.4993307130156383,0.5775993655833163,0.5590487988562773,0.5498445053072375,0.5832170273939022,0.576106533707526,0.5498293157504377,0.5144202187049984,0.5846357767073269,0.5588260441034701,0.5628211778743685,0.493992644496442,0.4856035182723155,0.5553716530370221,0.4547053905476111,0.5344049832866479,0.5965099883611735,0.5657266140694179,0.5605878028719927,0.5444814089519444,0.7044076624418509,0.5174187299103478,0.56937630599489,0.6475886146154758,0.5622214183863021,0.5471910067341391,0.6163300512645103,0.5467110132117926,0.5203640229729773,0.5655942968855355,0.6306193937513997,0.4510861955022043,0.6421414003195816,0.4976549547798756,0.6441722918247613,0.5336975014225878,0.4712171042386926,0.5170589419724859,0.6378361122349264,0.5381250593724813,0.5758859137891854,0.5150745274514017,0.7263870276367512,0.5969894174250862,0.5605401963522753,0.5207199245433906,0.5272792498748877,0.5890968352051597,0.5409796731483024,0.5415621033403067,0.605381182567748,0.6022898873183,0.6093960908755449,0.5133868028458716,0.5726048237383934,0.4991739153084971,0.5161573079651101,0.5762703388140823,0.5809521383744375,0.5369694299000886,0.5890137248864666,0.5395015203802246,0.49569921501055836,0.5930600069206193,0.5882964704345329,0.6131524759843489,0.5047679885865338,0.5189363942191414,0.5409828670513148,0.5280202563146185,0.49005178451988274,0.5711800117447305,0.6109052530791952,0.6269291914005841,0.6120651365803611,0.5194103775120539,0.5516634052223738,0.6460080929773511,0.5149912535166926,0.5582382340598202,0.6355461676014384,0.5497611864106198,0.5704674495581771,0.7829564854204523,0.45399532026140105,0.5548493162870124,0.5557016545248992,0.5118675160844738,0.5668506896100103,0.6401436197608985,0.6139443978238843,0.5908660103431507,0.5599517331574908,0.5454652337427306,0.5427989267935526,0.5567702940943742,0.6089318109555535,0.5627108229250293,0.5580461423568572
0.5595704189129614,0.5140149224704027,0.6269133074772617,0.553901428415403,0.5174604652943736,0.5541669274998718,0.545449320673942,0.49363190915556526,0.47768728402037197,0.5081995556591586,0.0,0.5557527822299462,0.5823404913721452,0.4975099747002149,0.5228324454927739,0.6632430556684411,0.6385135060845843,0.5214774598135707,0.5337052820539958,0.5141191907643887,0.6213062754621114,0.6547152042920384,0.5342807981654246,0.5311593403808963,0.5441762457629523,0.5976143134192492,0.4897765528704527,0.5458789593476158,0.5792336261743052,0.4997856841957195,0.4889099161837554,0.5661886075468779,0.5161191905346737,0.5126785310512417,0.5243453330245558,0.553575525052569,0.5968747818583444,0.5864939560703213,0.5796814475879521,0.5791628190778243,0.5404963199508105,0.5528454952962534,0.544842929422504,0.5863922226145526,0.5135831098525842,0.48438281464038735,0.4457864432808257,0.6215582565459592,0.5903877524523055,0.5529519612597382,0.5896432655133429,0.5598166789015907,0.41916541960168596,0.5839318004036753,0.6069233124973104,0.47093603827114644,0.5634409786022113,0.6710681377674624,0.4773352883976313,0.5185586301991306,0.5182279460794594,0.4766045301546659,0.5304730363003217,0.48131799986310037,0.45922598053891445,0.4539541596643709,0.5226966062551672,0.5286476797923967,0.5296625410794883,0.5522311510854188,0.5734618382437636,0.4708557193909535,0.5282058477793075,0.6361407316613796,0.5476687727032021,0.42229488843181295,0.6314118457836797,0.5507741978854921,0.4907811496396938,0.48423379095754887,0.4956015265991015,0.5434278191245155,0.5036890454573183,0.5223370534675481,0.5467109698959559,0.5529670417948569,0.5283203033180671,0.4864520562318922,0.4582673408881256,0.457783153603332,0.7055512815001168,0.47001578065454613,0.5978578152709181,0.4700571295857238,0.5507746171294854,0.5240095132817741,0.4328177815652749,0.4797722808631173,0.4747249798429073,0.4876596741638832,0.4898512322160134,0.5053151990040367,0.4792030910069943,0.46752576997593637,0.5016034412130107,0.5381896274325101,0.5104090109353645,0.5460626166977223,0.49717221832463987,0.5337923194664679,0.594479245312487,0.5625677287212512,0.5617870849224362,0.523715964895291,0.49533471571760573,0.5767250533011479,0.4550055285538475,0.6073740411743386,0.6044917500637642,0.5088406787041772,0.6162713707684522,0.5087501768794735,0.5492926313977923,0.5536510876154223,0.48804670933303823,0.5511051550820839,0.5211326565037955,0.5194177330719424,0.5630841299658134,0.5079093725224146,0.45515164409841236,0.6184590780687498,0.5200459591945031,0.572006208520919,0.5523174660402235,0.46055217444939656,0.4687414997763062,0.5559839142184806,0.541689728223422,0.5440634729241688,0.4390296028494045,0.5838336091094493,0.5219762694011136,0.5323178314142495,0.5969377745502128,0.5203680386499993,0.5620478907816956,0.48027571972177346,0.5302477492698104,0.48716286102732437,0.5313933822486465,0.4544408709115663,0.5951917490412646,0.4758942452243256,0.5642109744894769,0.5265770191652863,0.5950250284198731,0.5452743094243578,0.48829137975704023,0.5958974817572649,0.43287981546010806,0.4942701245338897,0.4733200012331894,0.7443268713371745
0.5449592453825128,0.578629098089225,0.5798312376249674,0.5334501064966923,0.4829891802658548,0.603728035691635,0.6304124065362671,0.5325743882187919,0.5226002262937338,0.5484263431091303,0.5557527822299462,0.0,0.5392149407335252,0.44145536471849073,0.5727647163880097,0.5551200593856691,0.5312118261522615,0.47530251022158854,0.5597876204184314,0.5002777491135559,0.6020386352448359,0.5961685094786888,0.5683945314666122,0.598018342497641,0.6032989118846035,0.5464386382989657,0.4643733151046204,0.4895639093489684,0.5108889915129727,0.5300413731894823,0.5712264099016017,0.5432766577998144,0.5379709832333424,0.6009555907494862,0.5027733776511133,0.5199023489846574,0.6034305455756747,0.4994584833675703,0.592269781203987,0.5456134089369019,0.5322748335218703,0.6056645791117483,0.5074775243131833,0.567205174807173,0.5583034177943692,0.5033778374706035,0.4931903915140722,0.5354713130193381,0.5717372130909127,0.495266186415266,0.548287735608054,0.5539091566043957,0.3981075529344944,0.5598650303072993,0.5260027645704428,0.5872427044780674,0.5171411807770613,0.6375207018120495,0.4464385247789927,0.5013888149457724,0.4843316610928965,0.4497923125981749,0.46578045435363646,0.4361564556154235,0.4421251191706463,0.4353305707912409,0.5207609942907329,0.542385263901957,0.440176587443244,0.5200673961192362,0.5651013832628949,0.43576325878970584,0.4611810425065208,0.5711723629018827,0.4843401781759459,0.42929782761788776,0.5432200683252616,0.552799311147524,0.4876223726904894,0.455812031487642,0.47620628160702244,0.5845801036989676,0.5858716325401869,0.46373186631244684,0.5025497931622105,0.5956412954776311,0.5100980773061161,0.4575958589450769,0.47823305471821553,0.5849013235203998,0.5726163472436533,0.5542773507112729,0.5129090596143329,0.45194463051497646,0.48936094477127284,0.6415484050194251,0.4234710045125449,0.577308811385204,0.4472726794929808,0.5146949320088495,0.46056727524136726,0.4828579721264444,0.48323928940674166,0.5364285079504927,0.4618229065759393,0.5617671283900282,0.48690755357899285,0.5784793705379596,0.5043324110091304,0.634142450613193,0.6310785521458857,0.5074463488212017,0.5218270862391956,0.4716419644060674,0.4589619144071283,0.5937832047435153,0.46287410531752693,0.5475855049243668,0.5283893548005993,0.4833072026651742,0.5174265302124004,0.48888034002664493,0.53305431629173,0.5959648563171556,0.4536783086459994,0.5750735005047501,0.49423243014515295,0.5972925729878337,0.5425159777946998,0.4705591344982186,0.4981552142783347,0.5335033500190884,0.4566118936312767,0.5439260018222464,0.5362787367012498,0.42705667000434616,0.5263325819558552,0.5367956497546429,0.509194345221817,0.5619404442448872,0.42442129664229616,0.512699177103704,0.5522096127205056,0.4822953077874586,0.5600131545238574,0.5970414592495438,0.7324568773589807,0.48909573282227137,0.5670804287631734,0.43433555114769645,0.5310714247362848,0.436685864096933,0.5115850608838864,0.5554300441899197,0.6755405350470682,0.5580774349550182,0.552668091265319,0.6628430367306423,0.4552578351407836,0.502454192574429,0.4212013244963667,0.48281701531746984,0.48021147267082387,0.6122095281639486
