0,1,2,3,4,5,6,7,8,9,10,11,12,13,14,15,16,17,18,19,20,21,22,23,24,25,26,27,28,29,30,31,32,33,34,35,36,37,38,39,40,41,42,43,44,45,46,47,48,49,50,51,52,53,54,55,56,57,58,59,60,61,62,63,64,65,66,67,68,69,70,71,72,73,74,75,76,77,78,79,80,81,82,83,84,85,86,87,88,89,90,91,92,93,94,95,96,97,98,99,100,101,102,103,104,105,106,107,108,109,110,111,112,113,114,115,116,117,118,119,120,121,122,123,124,125,126,127,128,129,130,131,132,133,134,135,136,137,138,139,140,141,142,143,144,145,146,147,148,149,150,151,152,153,154,155,156,157,158,159,160,161,162,163
0.0,0.8696452227956823,0.8056399456342735,0.7950257720792582,0.7916186290047739,0.8224841412467921,0.8540943788420828,0.8273575836619488,0.8544898599555658,0.7908631434155784,0.814890838879575,0.7957011786619512,0.9043211042866334,0.8351598635522847,0.9041208227747338,0.829674189476206,0.8575181300186016,0.9660086144685991,0.8582862741210588,0.9434734981370831,0.8609980001058233,0.8773846536937435,0.8495905755767236,0.8592334341681466,0.8884790098267394,0.7703479654952914,0.78441203027769,0.8296459141003286,0.7450726202593501,0.8371681478917525,0.8828480694480518,0.88246232726476,0.8521432219151026,0.8030295011701971,0.9066985760431049,0.8264702646648213,0.9087916125183071,0.8906217621333388,0.7542900698119059,0.8677988709193613,0.8298400014398114,0.8295972493027567,0.9035446078387437,0.8351259658844734,0.8918886346908959,0.9157993635789222,0.8854467208330015,0.8055615855953439,0.9103768170037155,0.914526824875,0.8914313059834347,0.8722406657372306,0.8090242597135393,0.8331572073773383,0.7894851295039318,0.8181883650227472,0.9398336093120413,0.8100689781009899,0.8316016579642991,0.9338855890104754,0.8031376475643989,0.8111494997051285,0.8467692137089502,0.7625291332673637,0.8732543717238442,0.84738582412592,0.8075395910839933,0.8905634001679398,0.8632693469622313,0.8801290919738368,0.9281305087063375,0.8634445085562535,0.7629163925102511,0.8806092811050373,0.8451007639083447,0.8794036895263277,0.7726403913655784,0.7712053463141828,0.8335817834926443,0.6853140383055699,0.7724349910613679,0.92921003815568,0.8375274365168203,0.798793560122029,0.856547988241628,0.9010316532685445,0.8287615767018572,0.8602498061858813,0.8739615608851509,0.7596187954775815,0.8845307410947302,0.8698541541717413,0.8711714037692507,0.8792103781477902,0.8588610704600103,0.8296750824661291,0.7669994644966831,0.8261248290173807,0.7648510968024684,0.8592421374546223,0.8027408758318894,0.7841844666956138,0.7637046029124037,0.8071068086995836,0.8902018911617074,0.8772255608600628,0.8075481366623005,0.8118366961849275,0.8986237760438539,0.8464979748116845,0.8224658259115651,0.8215075230487002,0.8418840917330501,0.7364375501760341,0.8718730016427445,0.8664842929939907,0.8669966210816535,0.8620843226523375,0.7531581038969711,0.803817312361884,0.8319498152516477,0.78095818442979,0.8766597365588344,0.8821533049889078,0.8050728861505061,0.8126560461954735,0.7687790816304135,0.8303285999281887,0.7880560559475029,0.8931102174457022,0.7977260064536378,0.793626418310403,0.7790466477206194,0.8009692748905076,0.827049479049469,0.8217189748502821,0.8773384841391072,0.8920828911454088,0.8343615009840641,0.8885555797221592,0.796160763879929,0.8413404929043767,0.929786379955645,0.7647658687280785,0.8279484745672288,0.8430363183972763,0.848941126729508,0.7770493062283756,0.8575737886998702,0.6257199350026356,0.885687918114081,0.7894833334273628,0.8796437123692769,0.8300483939697219,0.8324713526418392,0.9094628121128256,0.8742367029256521,0.7998036722536476,0.8040714899169379,0.7983106427083723,0.77430889400739,0.9251346602144871,0.9165262461279409,0.8690784881700481
0.8696452227956823,0.0,0.8734475455433246,0.7945008061084011,0.7541221270524996,0.8778931291210047,0.8389771282440638,0.8819163300489593,0.8386239586499645,0.9210604767051457,0.8138014524999961,0.8815603693670094,0.8805297322136146,0.7705297922549325,0.8990255975436067,0.8258098517423912,0.815444881949605,0.8520778204285383,0.8559848928284152,0.8566876899289854,0.8312680823250925,0.9241888489659557,0.8240351586202128,0.8794331312411038,0.9211052396691536,0.7009509462196576,0.8144691178360398,0.793556119603174,0.8668413734832561,0.842746679504216,0.8875245736128943,0.833084910236617,0.8952967890957354,0.7569377521392496,0.8094850127402201,0.7914040000750291,0.8735190983024904,0.824020592706042,0.7919689551314658,0.8433982153859853,0.8481618937863113,0.8358403191812549,0.7876067374948346,0.7872054230440018,0.8764164207400723,0.8458761830969588,0.8368634261613255,0.780821158835866,0.8431945370212344,0.786721979175519,0.7881701350795726,0.7890022966369875,0.7492936219345535,0.8534913410092627,0.7847782105032023,0.8658944768334996,0.8132082968742688,0.8240248574154185,0.7551617720842625,0.8578644903242644,0.8285217068343114,0.704486263511421,0.7438055255529348,0.6957416836819236,0.7362397220932901,0.7261052282171703,0.7726654949499632,0.839236363945958,0.7726562662976716,0.8706984941327713,0.8253777721941518,0.748424193090506,0.6420743196055935,0.8265965876880811,0.8436414999354603,0.7915253200449959,0.7328396392555916,0.7924450014556383,0.7549333759255769,0.6597798994869465,0.7686757417287904,0.8267600719238298,0.9030449686278325,0.7859803257826842,0.6998663600361287,0.9217335243907221,0.7709408252049593,0.7239195337865687,0.8408483595119524,0.8360114473071283,0.7752661014581225,0.8377163407524025,0.8275703068968774,0.767299369433365,0.7407674309518889,0.9340208882837513,0.7300684208598162,0.8365313021413723,0.6483395808612473,0.803885079690499,0.7757126086662222,0.7409462077788272,0.6510583897083135,0.8957150896488619,0.7449732577617015,0.8247045972015429,0.7574646472331014,0.8556596395033028,0.8656045484295175,0.9024794752321695,0.7859843069680174,0.6793263451855531,0.7495312990036223,0.7471322179933447,0.7625666460689383,0.8633553322237674,0.8084232255102969,0.8399042294631971,0.7365616127953718,0.7574457550830997,0.7440507607297072,0.7306870636103042,0.7601708628409851,0.8723437194250312,0.7010948030822641,0.9070272947336432,0.6740373150300818,0.8677323259807475,0.8263512472964479,0.8281549119175127,0.8641966567934217,0.7744718812217475,0.7211115497224602,0.7506043104677143,0.8285176972938371,0.74168742847253,0.8892880362615034,0.8261324996169351,0.8425069772168259,0.873386012686361,0.8021381177326155,0.8051615225523172,0.8755449015419108,0.7177419956191035,0.8179960660161365,0.7391224751914565,0.8712808860942347,0.8445652945701667,0.9158528719958783,0.6562947681085188,0.7701934288204217,0.7952623927002879,0.8366678430022106,0.8879528706213856,0.896209040304644,0.9000687096936937,0.8907668861953628,0.8534738929020314,0.7693662794679796,0.6871990935776606,0.7811885749866776,0.8190661280785632,0.9530250946873347,0.7948909551051037
0.8056399456342735,0.8734475455433246,0.0,0.7908434182999285,0.8420058322398544,0.9236814770558271,0.8241954055592184,0.8199389233241373,0.7037418889542142,0.8870159356135568,0.8871060616749207,0.8651836902213597,0.9110136663702727,0.7351207458281724,0.8050903038271419,0.9511273711483568,0.9116947390341574,0.7941864593664903,0.7898836748488102,0.77044629149466,0.9325686649562359,0.9254592985882316,0.7800618116755005,0.8630543519224844,0.8664469662619663,0.8195976256610028,0.7490102250633119,0.7598246966394135,0.8727332607274118,0.8331936235386731,0.7493204721937837,0.8835474922060315,0.8261326112118769,0.7446815163731892,0.7146664217702299,0.8061106634853857,0.8908785899118186,0.8131475886070756,0.7708922867946167,0.8544041011622903,0.818810418956827,0.8578691330872409,0.8358228260931869,0.8256829861002581,0.82900786783787,0.8180610978442568,0.878676105806325,0.872916314258658,0.8214413974085341,0.8025130282570972,0.8453201287059989,0.8590299306969137,0.6869669672206672,0.8839406131685651,0.8255285558983052,0.8028402431037835,0.8023055515322643,0.9160281735281596,0.732410973196873,0.8157456508382236,0.8232624426769264,0.7598498169752482,0.8210340002750007,0.6971890973046857,0.6930066559003625,0.7281870487164891,0.7584895454388555,0.887160240940264,0.8118185039391703,0.8339743783385496,0.8415433670605728,0.6813596750616487,0.6793558242041519,0.9035503596257141,0.8436273431297082,0.6975602951507021,0.8507026836404946,0.8966051345705497,0.7265924236988783,0.7392132984409776,0.8233218540235171,0.7617717820075253,0.8706483893715169,0.784533511005129,0.7561410307619336,0.8342257854965925,0.7822853609789212,0.7069806368912456,0.7595236397852647,0.7307889814096284,0.855307724962429,0.7351074300223219,0.8495788478162228,0.7129218574982398,0.7470851763432732,0.8728619397739151,0.6891604181488965,0.7909791029641685,0.6351228408238303,0.7703279192919875,0.690393808238896,0.8207583654398328,0.6714018047532865,0.8056953534120797,0.7216880809423086,0.8882732037870884,0.8430572038657127,0.8349778971361976,0.8587929238108643,0.9164614537616556,0.843417922962033,0.7139021129719402,0.7952109441440103,0.7386032511442435,0.7433257909004054,0.8611050312361688,0.7362805234811469,0.8433141310419843,0.8721358172744006,0.7275052565122906,0.7833974839024713,0.7511065890608732,0.7790960180261907,0.8749880474574006,0.6153223131250641,0.8936100602060981,0.7381516323741623,0.8965716084956851,0.8737490625486287,0.7934976049785161,0.7726526188445582,0.9256058988685186,0.6781435161444903,0.6756427274015572,0.7882884747210793,0.7063891336400286,0.8203184102145633,0.7779566635244843,0.7955828125246539,0.7972247445936558,0.7074475330471436,0.8862354728464271,0.7954663434413815,0.7405861808229103,0.8662139732305071,0.7490687622540176,0.8389313542936714,0.8465653729588635,0.8734575899347671,0.7316061919000837,0.6914096625406367,0.702968644619354,0.8219685482406706,0.9078473869158403,0.8932234108950963,0.8143462514051685,0.8350648049655773,0.9069392741959748,0.6702949101564388,0.7627202736374856,0.7675790364519548,0.7022794959064672,0.8514674491687846,0.7935220686127872
0.7950257720792582,0.7945008061084011,0.7908434182999285,0.0,0.7342154741531004,0.7609578438615249,0.8578387785463136,0.7785768746474734,0.6773471560148857,0.7786549412856962,0.8434785808412542,0.7655082703748665,0.8418098614748144,0.8167321323500678,0.8085687491174143,0.781804651929652,0.8064187785255736,0.8016961800259579,0.7615128870684871,0.7432553416382492,0.8037497478850788,0.8185691076054881,0.8265685513503236,0.8005078166277458,0.8091959696141308,0.811157845758302,0.8215909201615496,0.8088182769670126,0.7815461846980873,0.6938080523140604,0.7480037770459743,0.797526063645834,0.897029269117537,0.7918865094834934,0.7893092823474823,0.8415867981459134,0.840396334770443,0.7862341883695239,0.7351825197616322,0.8845034841535491,0.8014629110800343,0.7427805354142818,0.7742603069268905,0.7988972078592562,0.8440557996444584,0.778803685777458,0.7296217555235054,0.7854851123677967,0.8520475324863857,0.7837802071202278,0.8431863695188571,0.7915990668207746,0.6807253115230798,0.8930066903661347,0.850933306250543,0.6991659504663255,0.7794761189482059,0.7824307313724634,0.7908401113626911,0.8334953264524675,0.8402270789258331,0.7173962868306304,0.7583889541633758,0.7232026050014746,0.7018144523941526,0.7205046499788881,0.8623014346686181,0.7789469950276344,0.8019584188878522,0.8167872158675357,0.7834942633557834,0.7479444715345264,0.7668682167975619,0.8809406817350791,0.762574258295439,0.7029595979228723,0.8349125705147707,0.7774062574583316,0.7206196360132182,0.6293679007475825,0.6777882139884918,0.7982392504418172,0.7204177200307543,0.7478121955994401,0.7928460766419508,0.7679177863030935,0.7956984208714933,0.7757034484648072,0.7568717637317803,0.6855311406401223,0.8369672220361045,0.7857147843044826,0.8064814126970032,0.7254570225487902,0.8359051477397239,0.7873976397921871,0.6784624982289403,0.765283951424743,0.6911014086557756,0.8381302889982264,0.7717027623523494,0.7960123945809432,0.7983778477324752,0.7676647993065737,0.7752428412993703,0.7650226412834539,0.7723055094216181,0.7554031986884558,0.8147222429552424,0.7799803970582762,0.8536716071012576,0.7728989462729224,0.8403389862168091,0.7555582261993047,0.771825554806134,0.7876523821059461,0.7122063414179541,0.775862290672055,0.8262804808101013,0.8129165075476418,0.7327953792092999,0.8304253198188855,0.7562355970881957,0.7906920379274431,0.6587087111627619,0.8051124959880821,0.7575650091504633,0.7959640112780451,0.8231039452256994,0.7960974702942528,0.663722575777193,0.722596083071031,0.7667908835924446,0.7422096477527296,0.7691119473205579,0.6648266165596982,0.6940985744463752,0.8342647681645348,0.8300682605002891,0.7524587706099112,0.7916203864066788,0.7785401178183086,0.84243872045228,0.7732574041928902,0.8041810602452395,0.7761698297415527,0.7241461717620471,0.711930209607622,0.7526181517216679,0.6140647571176285,0.7880909752053904,0.6888378378321532,0.814015034517434,0.7802216965407951,0.8041623709495761,0.7990828280045398,0.8200836383357097,0.7691012859863678,0.8622816361148795,0.8018000789361485,0.718705148809523,0.731745634337255,0.7669091936241029,0.7794143164992429
0.7916186290047739,0.7541221270524996,0.8420058322398544,0.7342154741531004,0.0,0.776859384203452,0.8521123252583155,0.6647070046276552,0.6946468252605897,0.6894382212584492,0.8900498284361394,0.8211881580001258,0.7721801649824058,0.6829103047599132,0.8191290296268915,0.8634255691348007,0.8158352152688728,0.7418003241420895,0.7316937099476176,0.7224386686159185,0.90392361704727,0.8817670099024543,0.7524185961202392,0.8860563811263177,0.7521238546759098,0.8570258812852523,0.6724083012930636,0.6501719565848032,0.7727572296717392,0.8320299192691174,0.7340718566692555,0.7662780391640371,0.7684309576597101,0.6928526325442098,0.7384174664618578,0.7764204089838372,0.8597494196167759,0.7880514792196508,0.8288467395297519,0.8159128442483397,0.8042197406660917,0.81352725374152,0.8288540543397075,0.9135577579976147,0.7227395917792991,0.7305202188011285,0.84202005423427,0.9121889746080726,0.8179933149421301,0.8037485384317059,0.8459622421876692,0.8360272878201193,0.6387144103521459,0.8279148493725653,0.7946183262658955,0.7232168060591444,0.7986907649691122,0.8731606811730407,0.6707870601764362,0.7511018274723391,0.6576769634884297,0.7107610877052442,0.7720524416611594,0.6878620004667824,0.7065231583536552,0.6554356127029536,0.7011393559897663,0.8583392426693556,0.7150966642530926,0.7191836672064919,0.8568682702501514,0.6894526559114476,0.6519517643118167,0.8124613806664416,0.6880701840951077,0.6404101866552405,0.8170444088050133,0.9427832050701507,0.6719730494066769,0.7787170445130192,0.7219871337215862,0.7854355618144491,0.836016769143898,0.647673406066393,0.7517182547567233,0.7516349410233647,0.705357572932623,0.6822804179758962,0.6299110984223493,0.6999788418054166,0.9220904512239553,0.7204124773521885,0.8571257068155047,0.6875567778365008,0.7603894389338776,0.8067746039251759,0.6145383224173719,0.685922683213469,0.7133401475516568,0.6598100366774992,0.7150142280498754,0.7212964032918932,0.6719138130137867,0.6929175482963421,0.6830664889902082,0.7992546023502255,0.7069614862982481,0.7061769022122917,0.7851439383737222,0.854857921765896,0.8662111404761806,0.8026215351042697,0.7066024178233847,0.6473752043241603,0.6983004526625218,0.7954428618639773,0.6391082184740796,0.8201195815917641,0.7722697599915279,0.6750748686945632,0.9418822987471406,0.6769544965583731,0.7704012104462535,0.8685583555907348,0.6962293207939101,0.7907695226303151,0.6810949805829694,0.8589079278070321,0.7270913905598877,0.7639173418660656,0.6591054095533548,0.8365577038882543,0.6440425220276036,0.7758992111395955,0.7749730726394373,0.7516475490866527,0.7848306529766836,0.8272426107293579,0.716976715113335,0.7987030663505256,0.6299732330419312,0.8426269992055,0.7537197626784816,0.7245098345100873,0.9046378953737896,0.744148217656822,0.8818470980084965,0.7190571562784802,0.7307083022709987,0.6580851304248709,0.7247248698273472,0.6433646423251711,0.8246834217924734,0.8067851085317451,0.79781576080694,0.7650126961750083,0.7883667546238401,0.8281709043437141,0.688205565217049,0.76094112432972,0.6303325512644554,0.7126239310698659,0.7610699880753153,0.9261026568896127
0.8224841412467921,0.8778931291210047,0.9236814770558271,0.7609578438615249,0.776859384203452,0.0,0.7804650676307533,0.8535187283139762,0.7411489702121187,0.8644196806326866,0.814290662262354,0.8598316906030803,0.895691478457787,0.685392013856351,0.7903953140122366,0.9048054855275223,0.8722656410004997,0.7849179495923222,0.8359458142239312,0.764785351779866,0.8874413876675342,0.8615278706676189,0.7384883493535146,0.8190253963294677,0.8652462317846299,0.7419752153880846,0.7023615113962487,0.7642144782782962,0.8076603151446284,0.8712230925734468,0.7732739091353114,0.8812467368579457,0.825382380717691,0.7306952872349431,0.6903757508339172,0.7317163817225711,0.8653892758312691,0.7756562701015057,0.7383213483738043,0.7849631134441097,0.7932797234554555,0.8464384040361729,0.8074040157467133,0.7886296197493923,0.7953713668393718,0.8354034238292725,0.8719707009981271,0.8050581888936735,0.7708687800680424,0.760385355784659,0.8225330914738965,0.8661608472687982,0.7225764606465365,0.8341699152889858,0.759780659362231,0.8486093619570546,0.809416743679241,0.9074099686090903,0.6830739486445994,0.8009058411997528,0.8387820724175555,0.7682376177205429,0.8356220867231554,0.6166095049807881,0.6980828506006755,0.7521013763473728,0.7084195328698053,0.8703539876672676,0.7432933733741925,0.8551818816614709,0.8333342250239323,0.6510486090571944,0.640336110945679,0.8529546609093518,0.8760637394468174,0.7587235076773582,0.7865793189158519,0.831431526643734,0.750159122506918,0.7863578175091704,0.8827718476232576,0.7677910966184051,0.9048778105767694,0.803848281511221,0.73332901586824,0.8447857276067544,0.799880159619988,0.6862665561680539,0.8190825030215952,0.7531627673171923,0.8027866112111653,0.7468540061768835,0.8083278207402851,0.7572367722036812,0.7017635717871403,0.8712544077498974,0.7178128698822802,0.7968032665634123,0.597115604435388,0.7734082341620317,0.6616503709669977,0.7904138974076212,0.639322524770399,0.8068355993808907,0.7223507055593875,0.8787391845224244,0.8303837512048753,0.8219632240130215,0.8325830595536119,0.8838767396079726,0.8003821020563364,0.6526874503329388,0.7912186054004431,0.7194967438404526,0.758876759534628,0.8746041438893838,0.8037702778515102,0.7820821590893792,0.8020202221016222,0.7182936500770083,0.7225436791624548,0.7783918986630721,0.7562299862831086,0.9021815955613143,0.6129407964531614,0.8877742045386731,0.709800654553338,0.8581631906001692,0.8136631248776678,0.7433195606237873,0.825024091813049,0.9179052903103535,0.693178430210063,0.6781004532650481,0.7355442643947274,0.7000464143849034,0.8507160315161996,0.7208646407233794,0.7130785707825033,0.8102643596760688,0.7311382608113125,0.823018438404805,0.7946521516196321,0.6762455571222522,0.7892474089761538,0.708059614088738,0.8384977508034156,0.8937637668348423,0.8468121798919674,0.6848628893575397,0.7026002656678729,0.7565220344518029,0.7617946641226355,0.8374533398042414,0.8983120437874853,0.8160528105346774,0.832896131335653,0.9268269406175649,0.649787295981297,0.7558131599706138,0.7790725446883413,0.750730026129033,0.8754708359250234,0.7684951358481893
0.8540943788420828,0.8389771282440638,0.8241954055592184,0.8578387785463136,0.8521123252583155,0.7804650676307533,0.0,0.7379904087445934,0.7416412725136714,0.8096484032521766,0.8415946838526848,0.8303704745901059,0.85611028046577,0.805078647784129,0.8743286840286261,0.8130232734502982,0.8061980883807317,0.8147898539679952,0.7521534986871709,0.7716664305740996,0.8535873680880447,0.8809993043322887,0.8865008196916495,0.8919971779255755,0.8582989287812227,0.838985219620387,0.7954531079314721,0.7358280612607143,0.7817546280054072,0.7854044141827392,0.809535450314252,0.8501473507646378,0.84294847180494,0.8192774151428771,0.818164086966886,0.8313278012438649,0.9232064333572974,0.7519413053455849,0.7756374791127157,0.9148903836478278,0.7746520189585264,0.8508219259479114,0.817944296315932,0.8610643072033795,0.8566348466625603,0.8050103606636239,0.8569179985104515,0.8396256853623976,0.942185530812347,0.8181531419589806,0.8844441021746335,0.8027179935096618,0.6689225357598527,0.8693516225101054,0.83916644478941,0.8096583574867345,0.7979605403119122,0.7973762692298085,0.8160717533219942,0.8435355459124269,0.7397534658765161,0.7391601110589903,0.7257267012518379,0.7459360920997224,0.7440493344948865,0.7086614083942346,0.8850943817832165,0.8950013359521954,0.7819217522660719,0.7681079417059269,0.8623586707316404,0.7632603362201287,0.7433258428047037,0.8946506394430311,0.6973801146539154,0.7378196554080726,0.8700543912966668,0.8896041010303858,0.6761495783858492,0.6746663297879526,0.6813809853223658,0.8608613314589703,0.8203444893276676,0.6524927503197774,0.7801799385544794,0.7765555453545604,0.7644908385147754,0.8097544628725101,0.7490482085901671,0.7699093096775032,0.8911844163639353,0.8832248401327999,0.8422326138502549,0.7302121577756603,0.8400835501092572,0.8591584596783891,0.638516630760812,0.7995316935839824,0.751484666339015,0.831713360997646,0.7845843280014201,0.7813791672575306,0.7917152584898648,0.7669066140106578,0.7381196794295974,0.8121975253529888,0.7475916252091708,0.7646846351335721,0.8616883685944945,0.8957531804200346,0.923750621725777,0.8033091356421227,0.8288906842600936,0.6869920081616496,0.7227310465763054,0.8100277928681042,0.707753187357007,0.8633163831074252,0.7962724231887728,0.770887210827325,0.8193713441543223,0.7106334264734141,0.7987064955220439,0.8716766901519649,0.7025282442327244,0.8114267877010882,0.7770903009858072,0.8828068723631222,0.7778577287899702,0.8197407387328268,0.7085046613013316,0.7381004582270619,0.6841254709363522,0.7406083782524021,0.7911674678731512,0.7162547599128163,0.7711032499212407,0.8839699743815552,0.8070068337106437,0.7978281172839501,0.7076597691676313,0.8486631688953431,0.913456261159462,0.7659028639459723,0.8741738916666467,0.8742419073539476,0.8249203191913705,0.7312183961826072,0.7925409299759935,0.5856533845854532,0.7816332824269542,0.6672591069951874,0.8236738059349552,0.9056966856501195,0.8219699069148622,0.8522505345362058,0.8486779127456512,0.8323444358906623,0.8040025437704871,0.8206233432004242,0.6983241077987983,0.7562604144224386,0.8388212488060924,0.842422905659034
0.8273575836619488,0.8819163300489593,0.8199389233241373,0.7785768746474734,0.6647070046276552,0.8535187283139762,0.7379904087445934,0.0,0.8309269801205278,0.8626106128506282,0.7630014523390792,0.838523701446516,0.8746741669384938,0.7107967055294626,0.8041098252691924,0.8055907108776647,0.7779114558118736,0.809977843281526,0.8225680893493801,0.8292440867365064,0.7722802436696424,0.8249228077648176,0.7876068982872708,0.7810962282583176,0.8961528667989445,0.691138271544466,0.8289152774880134,0.819808608399273,0.7375158388827286,0.8112648629597481,0.8530180999126239,0.8089193185541638,0.8228366679275886,0.7772713754533882,0.7391258309064513,0.7382995594383701,0.8508923752421884,0.8025344535344832,0.7277856330902079,0.765088816617554,0.751367402438256,0.7921122192988654,0.7662272978405398,0.6975600202167207,0.9000263364595068,0.8343856454711623,0.760692846193417,0.7154704924947219,0.7706112838488474,0.7331504203534336,0.7394554988242624,0.7466173862472387,0.678238093112118,0.7740201677406902,0.7276505044670273,0.8291617160554915,0.7713234533333702,0.8235804108327524,0.6941611499742689,0.8127092010158289,0.8831933849592468,0.6895421637063367,0.7375079387530239,0.6449522221948694,0.674053503054482,0.7289045967189683,0.7686838072399785,0.7874753279957541,0.7690312561995611,0.960243779609221,0.778113647498049,0.68353529085917,0.6456001401296292,0.8027156872717106,0.8624443207771059,0.7508740134396511,0.7268756259023124,0.7090096191017453,0.7940633963003335,0.6065865980907993,0.7159940789785387,0.791993956994402,0.8269282263524538,0.8260650590556465,0.6976304910139992,0.9153438082548855,0.8870289514412032,0.7077577895820865,0.8784645816132749,0.83095918376449,0.7300469148336157,0.7774205627894494,0.731522884401944,0.7210461397695834,0.6771164384212986,0.8579214931417176,0.7369887858118543,0.8346109731734865,0.5904738343961687,0.8090047522278121,0.6984454190898107,0.8146507945575313,0.6582855796756099,0.8532122303488301,0.7468074470331968,0.8255189306324444,0.7689590623232491,0.8585841814313593,0.7871150851541378,0.8126434115441606,0.7264795485992158,0.652147556908695,0.7508449821547486,0.815616724254478,0.7480912190630099,0.8367946335090131,0.7791614775402137,0.7662292307948153,0.6930910805165252,0.7671830062982945,0.6566886156989427,0.8491721997911138,0.7243749039338487,0.794298339643226,0.6189237263059664,0.8352896149956757,0.6652101839965842,0.8486354012094315,0.784089008361047,0.7593530599095417,0.8723440926497272,0.7643601254658536,0.7906667624518696,0.6988510424118883,0.7765932074283317,0.6446267492435039,0.8317360385291006,0.7354744509349684,0.818564608152734,0.8395071202997801,0.7614324528353575,0.73537806042395,0.8033464716523925,0.6780562596951022,0.7436443170655579,0.7298138402927417,0.803413687653703,0.7869703155094536,0.8724363348463456,0.6401751011793616,0.7802730336860639,0.7094812998926209,0.7784023733777342,0.813551746215236,0.8752653588084749,0.9019361477020778,0.8407691106032583,0.8242065070702576,0.6858598470501084,0.6656153403401851,0.7254593302727198,0.7443912283675138,0.9028615174919783,0.7263443411408157
0.8544898599555658,0.8386239586499645,0.7037418889542142,0.6773471560148857,0.6946468252605897,0.7411489702121187,0.7416412725136714,0.8309269801205278,0.0,0.7355714559735451,0.7032165977791017,0.7784690727821149,0.7499686429905548,0.7034158577131068,0.8186534112971874,0.6927155644404358,0.6765364387911049,0.7956263971850326,0.7555088680299723,0.8223693426207703,0.6976299165672634,0.8140599606330681,0.7507186061334996,0.7511313859410957,0.8132319755384031,0.6172977400478339,0.7774537662488566,0.7043351685050433,0.6539016510697744,0.833662390543489,0.8891882071156268,0.7120139761820948,0.7447604370621372,0.6840911061822186,0.802143225151681,0.6883816124710112,0.7909157356422539,0.7640409561354239,0.7125874357309353,0.6974947021199791,0.6928317945571637,0.8223971286494336,0.7055369898248779,0.684363936652896,0.7859570893166946,0.7344242234150647,0.738841297255267,0.6621516602118105,0.7473654628406072,0.7186599847783846,0.6864315472767811,0.6789023640051157,0.668571640859244,0.6858940141347196,0.6455225744654962,0.8509572414974234,0.7368411260745635,0.7421208081393613,0.6663334723318927,0.7473068655937748,0.6952193180802678,0.639596085698287,0.6525906228999253,0.6514419890742226,0.7051834637918282,0.6469380990624842,0.7117085257565211,0.7613660487598406,0.7057362785829535,0.8459889480414977,0.7753233668292765,0.7016544315634143,0.6314763700835674,0.6973237220689419,0.7365427187661556,0.7210682851946083,0.6311084089104779,0.6684294297645046,0.6816369744735223,0.5639522993372341,0.628412917908598,0.8641746129658168,0.8204223929875075,0.6682835525891492,0.6482751905050337,0.8639751399865556,0.783188512954161,0.6994810308624737,0.7580940304091706,0.8726860338179605,0.7280615195235448,0.8374750646750697,0.6965975436554815,0.6861648510264485,0.6925880231176501,0.8224396562182543,0.6769944177105878,0.7653110007239393,0.671820186144208,0.7077507867339244,0.7039638407578759,0.6634236306190942,0.6252993003709327,0.7666973501167162,0.7181513966663273,0.7148385168569739,0.6171994880972856,0.7607229831496207,0.707116142251021,0.7555189555458509,0.6758366326037326,0.6701328331058707,0.6767600990545254,0.745146571632555,0.669349772684993,0.7756316230224684,0.7091232171707602,0.7352840293103181,0.5873798566711039,0.7747762856156115,0.6953329819458623,0.7086097779874075,0.7006122041513542,0.7448327301144738,0.7505488458043785,0.7091512386246359,0.6259316787486434,0.7726631580629129,0.639307114824762,0.7263180254812946,0.8849323313673754,0.6719709798282834,0.7109766393213435,0.8199580832926741,0.7485618558735139,0.6788211196301381,0.8052637911061398,0.7413355489230867,0.7310936464141583,0.8204222232112688,0.6903579234083037,0.7012807611018782,0.824391075169118,0.68205290548614,0.7037914028483658,0.731559466924478,0.86129779416825,0.6705530180735002,0.7804694615886246,0.5756754645238874,0.7939338781859542,0.681442413772505,0.7761792479682911,0.7579852323381847,0.7567909016385899,0.8700680307475449,0.7797310454084099,0.7265665826424157,0.6969561256091348,0.6070866087218427,0.6209794049216177,0.8081080169988675,0.886310506729752,0.7848823582021293
0.7908631434155784,0.9210604767051457,0.8870159356135568,0.7786549412856962,0.6894382212584492,0.8644196806326866,0.8096484032521766,0.8626106128506282,0.7355714559735451,0.0,0.7783712839987498,0.8354441794652275,0.8831921593289384,0.7627930551135981,0.7808747575247929,0.8238784506327385,0.8163836352970013,0.7961033083972215,0.7957187877945469,0.7846748788972473,0.7941652835672327,0.8482450293950707,0.8178809560262539,0.784727578238706,0.9260261673631536,0.6883139110273517,0.8123539658176867,0.8072257934243027,0.8585144535490642,0.7769818938548877,0.7870494838873837,0.8730010236937716,0.8060806431987787,0.7776062974276867,0.7327973757013672,0.7729037726615537,0.8364146643737894,0.7492970237938891,0.7004565133814337,0.8079718143261353,0.7440289072127496,0.8225400375788685,0.7524216093107985,0.7196827742620522,0.8638967243257782,0.8026706319241286,0.8046195122598041,0.743923129141498,0.8238304303810142,0.736983696898328,0.758710322003124,0.7390774157750569,0.6879854232532018,0.8133551900810997,0.7836498562681464,0.832811090305429,0.7384162095163577,0.7943083980701355,0.7769798624152267,0.8082120320421871,0.8355824619996451,0.701303133444733,0.7105452038509232,0.6999671459660098,0.6710019883679259,0.7084381753350639,0.7787857331105711,0.8033289463618247,0.8045827258671795,0.8394195901522301,0.7482261880819483,0.6944078734417247,0.671530481381793,0.8345747142131242,0.8252231146557808,0.7535873779698116,0.7577539216507257,0.7640363121343287,0.6934139566509893,0.6233334013847268,0.74174263982734,0.7357192405051206,0.8119882019905644,0.762144304651894,0.6939444515041281,0.8196223934511002,0.7714922397954868,0.7297790334929094,0.8442148948425268,0.7507482333870168,0.7363247865376173,0.7939435213184918,0.775676550790598,0.701482534496534,0.7080314803235375,0.8746230679753276,0.6803851695607737,0.851438581165045,0.6157544844368646,0.82455590656099,0.7024096305119517,0.7794759246724631,0.6747839576885608,0.8809890500034576,0.7128778395884626,0.801480125286626,0.7874657617211223,0.8689841615690731,0.8236505570606413,0.8640362166423836,0.7753071878047979,0.6441718008792823,0.7816952665839382,0.765654357498722,0.7067628028604196,0.7985476804355186,0.7892872853493069,0.8311203749888904,0.7891811012347868,0.7524597712443213,0.6542582024850415,0.7122617623061807,0.733384589992288,0.7926850556966945,0.6091270259434762,0.8646319581799076,0.709223513397944,0.8177504938170626,0.8646618504911662,0.763339981210255,0.8361088400508615,0.7577044691282743,0.6735385522641967,0.6270124672090844,0.7556417481223792,0.6526383826656217,0.7922370933718933,0.7376701123865561,0.8206745241867769,0.7695609384450383,0.7537219931823625,0.8141038597852596,0.8253562518319923,0.7142003484101644,0.7686414319700065,0.7520577830010917,0.7512365537821815,0.8121443331536596,0.9257716368050994,0.673665632345948,0.687276235437186,0.7353341724236867,0.7672267450559335,0.8880693508301035,0.8624496945888918,0.8161705151453831,0.8140266803283057,0.8237747635266316,0.6975441412794328,0.705948636369387,0.7934084285075808,0.7250529078913923,0.8826343701104984,0.6876901863898127
0.814890838879575,0.8138014524999961,0.8871060616749207,0.8434785808412542,0.8900498284361394,0.814290662262354,0.8415946838526848,0.7630014523390792,0.7032165977791017,0.7783712839987498,0.0,0.8734077640009967,0.8437579174675927,0.7458482531207724,0.8250583088050533,0.924165506935306,0.8833154014259513,0.7901510979175828,0.8288369852805718,0.7902841904050454,0.9142121558882921,0.9176277390997333,0.8204832436719072,0.8808195219315985,0.8404333026719433,0.8378057847108253,0.7812035494548194,0.7833119275181867,0.8762096457921048,0.8232064460580875,0.7729803253085671,0.8301281035435187,0.8230115343027488,0.7669521770108545,0.7865080355668034,0.8507472966589763,0.8967798347195973,0.8788608006238965,0.8714813412768215,0.853759979714492,0.8329234341594641,0.8039424462017298,0.8459639158179435,0.8919183275563928,0.8047423505005846,0.7574179918031374,0.7719443454045182,0.932145647800676,0.8760846494575342,0.8218283071971515,0.8546780353864947,0.8147368968696457,0.6585359805048476,0.9070302901656483,0.9046119295280936,0.7014346933713143,0.836227306928706,0.9244385523052071,0.722725178010675,0.8126768008774325,0.7921130763688531,0.7022988041913066,0.7946704592046313,0.740428482630747,0.6960630439547258,0.6873721437357426,0.7581916617836932,0.8112060329960503,0.797200890818004,0.833948552465295,0.8172764795659404,0.7306617557627574,0.7034932420773862,0.8711412793495171,0.7969801585697031,0.6695055095786472,0.8707526828059878,0.8914522355551268,0.7199294905730097,0.7263760159337266,0.7204675173641213,0.7757611762741323,0.8042117289425057,0.7511888752017084,0.7946240989981852,0.7990044305237483,0.8122239344740392,0.7173192700025793,0.6973326533632684,0.6943938660219674,0.9021811395125184,0.7233560153883365,0.9025892370691058,0.7231617525352747,0.7843601137522166,0.8363342070236999,0.6661898727263025,0.7260539984740929,0.6958389697324834,0.712663107849253,0.7884549942979058,0.820121119467908,0.7006824058309357,0.7654833166126721,0.7404600430680812,0.8008174687466348,0.7723288239639164,0.7863848123819339,0.7962325062079149,0.8649787630892978,0.901062618037502,0.8089715487428185,0.7564077952830023,0.8001617145765724,0.7414670510798406,0.8137847537352204,0.6906058747962389,0.8977290087598132,0.8348639499164293,0.7345671814419258,0.870350283803539,0.7587832859573478,0.7951508015319216,0.8506241899066027,0.6956334426413392,0.8725006077508032,0.6885514525818571,0.8723268921630751,0.841428397509361,0.7893301718451295,0.6916836781988271,0.8483846784182536,0.7763559608052351,0.7931710053582453,0.8568127181169543,0.720622091388758,0.7876276198186654,0.8359125150992406,0.8286892460425197,0.845842245403737,0.7056936757069077,0.8895141840309355,0.7791883025166593,0.7865398163570017,0.9378036078364639,0.7407825352676115,0.8266638410696712,0.739159222913729,0.8136318428316779,0.7443846135445219,0.7925481329630958,0.6953879959830428,0.9233048657791405,0.7972716755599769,0.8586098579584029,0.8145937040766273,0.873872199309555,0.8229748454480437,0.7569229985516537,0.7971678709521216,0.6627087846777989,0.7480581779163437,0.7849167553342122,0.9054052936156568
0.7957011786619512,0.8815603693670094,0.8651836902213597,0.7655082703748665,0.8211881580001258,0.8598316906030803,0.8303704745901059,0.838523701446516,0.7784690727821149,0.8354441794652275,0.8734077640009967,0.0,0.8076161446966219,0.6467012445140473,0.8276639600479723,0.869141145131772,0.7995831300471369,0.7325333411213003,0.8643268939048468,0.7884298547714536,0.8718190578545599,0.8833179784380472,0.8366424608658737,0.9008344640215923,0.916648507338182,0.7539154896036557,0.763564373884755,0.7443692787149486,0.8228710543125839,0.8909391911107604,0.8563057310493447,0.7972012852610966,0.7993110477391964,0.8127549049101593,0.7445587788116251,0.7675662538001718,0.8913842051180124,0.7809390085690505,0.8631133870022798,0.7821158323412613,0.7897570379996623,0.8571762540988263,0.7842007846498389,0.8259641165914868,0.8316853585447739,0.7571874086098165,0.7945916433066134,0.8443416277453977,0.8305617691549007,0.7283627170032148,0.7640957475257611,0.7711982465180527,0.6078365977000237,0.8286959950666579,0.7945458506793545,0.8221280933919066,0.7682396463185751,0.925058482308234,0.6522066469627679,0.7572767491378743,0.7473384984307451,0.6325278165705176,0.7058489650197264,0.6582636334321211,0.6421077185960828,0.6393332561361015,0.7199878570606277,0.7962175187028961,0.6948879416979514,0.8371169148487608,0.7763714018393233,0.6513752474295967,0.609934273712888,0.7906802730318806,0.752331094103134,0.6720385954933576,0.7692178956462763,0.8591133054681349,0.7139555388578215,0.685576793759977,0.6991228738295834,0.7738118983485361,0.8845500902313805,0.6989963564844104,0.6996925566619816,0.8588509854921053,0.8116656584682946,0.650612698862112,0.7288656548962024,0.8320960806194235,0.7939710004709428,0.7824517007141062,0.7933088794270448,0.677029070305932,0.6610044624419871,0.9324724322122787,0.6371794101897195,0.829604411430065,0.6206154989629312,0.7051453417293244,0.716040425657421,0.7740538555698717,0.6558171419776861,0.8653099396838125,0.6643290552204595,0.8056600984613151,0.7175774328334769,0.8576916838424129,0.7646879343480492,0.9344299818022394,0.8636988711277324,0.7033330152866262,0.6905115131455892,0.7465344995009735,0.6742828900938506,0.8270573769168289,0.7069088840027987,0.8536980699511627,0.7461889036107043,0.694964246379236,0.7605444726070852,0.7174053699164777,0.7679186451351591,0.8571745396736102,0.6408457772269655,0.8898924717318596,0.6216653664755001,0.9156338733358856,0.8096623352087182,0.7154892696401073,0.7975763315997063,0.788293975548018,0.689652718881844,0.7539783194950068,0.835154786599717,0.6574490237417777,0.8724270857665141,0.7721626517757957,0.7975805535889882,0.8762927224646104,0.6691982072121707,0.7959618609047693,0.7733025593595657,0.6884487896028628,0.8781450565421053,0.7469289443597904,0.896714787655636,0.7519237988632091,0.8815799193665674,0.6943290580914558,0.7770490131990193,0.6710148014731006,0.8297715751247466,0.8421455261083258,0.9587429619257626,0.8574017197178943,0.8527432268364649,0.8916842194953302,0.674586805816963,0.6800184275505364,0.6357546286691378,0.7362827079108627,0.8758305063525826,0.8396044741754454
