0,1,2,3,4,5,6,7,8,9,10,11,12,13,14,15,16,17,18,19,20,21,22,23,24,25,26,27,28,29,30,31,32,33,34,35,36,37,38,39,40,41,42,43,44,45,46,47,48,49,50,51,52,53,54,55,56,57,58,59,60,61,62,63,64,65,66,67,68,69,70,71,72,73,74,75,76,77,78,79,80,81,82,83,84,85,86,87,88,89,90,91,92,93,94,95,96,97,98,99,100,101,102,103,104,105,106,107,108,109,110,111,112,113,114,115,116,117,118,119,120,121,122,123,124,125,126,127,128,129,130,131,132,133,134,135,136,137,138,139,140,141,142,143,144,145,146,147,148,149,150,151,152,153,154,155,156,157,158,159,160,161,162,163
0.0,0.3886587063064284,0.2892638638351856,0.2467880676035458,0.21228496033236616,0.3275916823898131,0.2603909052760165,0.31048746260885945,0.29377682711139974,0.38142741920540263,0.26920293371876164,0.24590169996735822,0.47649526793309965,0.2788034657269668,0.43147639669498145,0.2949283819680337,0.33858594129088393,0.46135028882812457,0.32919950392075975,0.4143742308120844,0.2964249865840473,0.3336326321512593,0.27986874100724995,0.28262511677452623,0.38985627207329043,0.2210550363603881,0.24948671388654647,0.31858338550661,0.2930636437691411,0.24013243116275454,0.3603514091873554,0.40902187688783026,0.323261812570943,0.29474626300286383,0.33624479050045747,0.30157262347832786,0.360059396338193,0.30921727589301984,0.2490098507995283,0.35950654607014043,0.29339565439623155,0.28145092160680096,0.3542829934071977,0.2672061333387334,0.3645716009950956,0.4176921171622746,0.24402487424345906,0.2566840370993651,0.35356539460259456,0.3679690374834332,0.34749573981213233,0.29154656981675864,0.23984602959767384,0.28552387107960414,0.2965609974222789,0.3026376162226153,0.40408197854832073,0.26462780373014483,0.30286601588763573,0.4230996731313074,0.31284547934086543,0.2931603531675038,0.26081972366477046,0.21438099067557684,0.2957749064545147,0.2949787330686606,0.2830116321873481,0.31303001080750187,0.299251480079151,0.34232374560371653,0.3830380122808725,0.2932902441966053,0.24813193764127112,0.34701373077363684,0.3696703165278706,0.2915508935011911,0.221262699196058,0.23616019403411456,0.34317432390403324,0.2259532616763745,0.2762250915001725,0.3548042088579251,0.29133339690299903,0.3163050401820128,0.3027502752124655,0.39225709536571113,0.279874790288209,0.31833367842493576,0.37352698571266346,0.2528830179285288,0.29146629966551646,0.30675899406092394,0.36971715897845847,0.307102216792635,0.2889394316659565,0.27790937899160895,0.22671594024152508,0.27535030749290945,0.2263312700149744,0.41723400599605603,0.27925482383485145,0.27818755562946396,0.22161972629021828,0.27074516859709363,0.3567573061421493,0.3605605777491545,0.33104432387462024,0.3178827575921419,0.3783845567692603,0.2919612049994649,0.2495007445581395,0.28191543530879826,0.32939708449165667,0.23106862074769177,0.3619075034528184,0.33902937433459357,0.33211914638365136,0.31749716733875066,0.22564301551048227,0.2414008817677562,0.24369262590533747,0.23148504654719107,0.3229928534324193,0.3840447367949267,0.25303905651277486,0.339345800981354,0.26327386348808046,0.2543752785259296,0.3199388423334908,0.36592079442993586,0.27117022485118647,0.25095319402643806,0.23438052703590864,0.2610385992223972,0.2829510182220827,0.25276330322603496,0.30623607456550744,0.36454697712710576,0.32890045570623455,0.37780865288529686,0.23548182887205626,0.29620372231716846,0.36402318050521376,0.24746557210478215,0.2837631987611144,0.2839664130844993,0.2626993585046741,0.29576316627877086,0.40584480870240386,0.21148999772031704,0.31027727838424385,0.27697431301586084,0.3031555574112821,0.233573255416363,0.3276348834696667,0.36503601644043593,0.30668960994229527,0.27291033082091587,0.2571672412166492,0.2872841519472824,0.2626664473470875,0.32222100956723754,0.2198528145044613,0.31707264221474774
0.3886587063064284,0.0,0.2869598383519582,0.2601738005694171,0.20356057221164114,0.34460789652799845,0.2621280665022791,0.3746267109367273,0.3090170269261521,0.4743537510353921,0.2473082248238484,0.2793752749790686,0.3152287490375987,0.28066191002197716,0.37276683036649544,0.2446773559607695,0.31268373669875327,0.3200449949659554,0.3489687120872107,0.34325912079182963,0.2975740215667821,0.34169357980289106,0.29817654383066383,0.3126671246034679,0.3762374321555638,0.2061436735539221,0.237909130371943,0.31916571028705853,0.3182661234249363,0.23520401160221316,0.3669490581273438,0.29188410669089165,0.33317975532115934,0.27553232246090675,0.3154484006752588,0.2884922871312726,0.2831770287066511,0.2904422184567254,0.23970783738803544,0.33393721164251733,0.3296569951055339,0.3313903298607818,0.24674989664607938,0.24420973948892635,0.34869846139421184,0.2946636374046718,0.23756923475144118,0.22299643212958345,0.2963081297164167,0.29063294503357034,0.3079074664979769,0.27893300421808936,0.25107338880132024,0.2986976519355275,0.25330159859781154,0.3543605158188763,0.324582676000772,0.25728698140710626,0.2856195444861135,0.34101153612196466,0.31492195238073534,0.23184120679680534,0.2358787401190152,0.20394379509289232,0.2660797788754335,0.25674217882133066,0.2637196737342783,0.27113758679595346,0.2582477121405342,0.3458911488401873,0.2984661774360888,0.2756066756652453,0.23603888268667864,0.3123372118245995,0.347267365444503,0.24221566548412368,0.19988297322946516,0.22963813426125318,0.2943920633004869,0.21943324958659208,0.2571716387089224,0.3530351010153696,0.32932305643505705,0.27070513227448156,0.2921918886244218,0.4423487764814967,0.2592732367261682,0.24586949870823543,0.2755189888339782,0.28731746508621653,0.2569268952394388,0.3109398262800405,0.2841463739290527,0.27641276212833926,0.2981488345113664,0.31329191868278106,0.22112721627949214,0.307888545425512,0.2180799052801387,0.3539553378803439,0.25179541936364785,0.2291139985035804,0.20913846967185273,0.29895317081439193,0.28147459321284823,0.2825426421815069,0.2717457886465509,0.4306857258920825,0.307914903480734,0.35085450285265724,0.24058614310090903,0.2477734358806735,0.31569473859769565,0.22299485329596955,0.30386025870918243,0.45141485543544363,0.3080786456633154,0.2396401722062501,0.24163535947203726,0.24768388718271936,0.23133469281248617,0.23939050643323584,0.32756153178046904,0.3477865041646228,0.2586788370956751,0.3227529802193232,0.2748050747906013,0.25366263114051796,0.3456224458228946,0.2784207299289992,0.32769193908425,0.25659772069877596,0.21684500903535928,0.2925553365502501,0.2852383925272526,0.22522097066268643,0.26948213005680516,0.33503445732656284,0.2950529232811685,0.3108369363671407,0.2239219958549962,0.269803756336932,0.3942182598573125,0.23709616945621273,0.2609544782716536,0.28059470310354895,0.2991716226991596,0.26197514717685877,0.42853622764486665,0.22117959141103416,0.28595035199854274,0.2717850817907569,0.2707492610959155,0.2590322385127081,0.3261885429413265,0.34786797265560754,0.30815883635216573,0.30883164425426984,0.2506207734796772,0.23460791956619975,0.2530544050311324,0.3507475511159112,0.23779813275517897,0.2928583866504038
0.2892638638351856,0.2869598383519582,0.0,0.21746601387461678,0.2493408515142704,0.3549898019764692,0.2334753773513235,0.2767117133191448,0.2447598814689111,0.2768519978657054,0.2734588454112138,0.25138011845069724,0.33002197081577145,0.2332310566887803,0.2930952120074612,0.3937709658405914,0.3587761971331899,0.24780236679040968,0.2235992403000986,0.24477309610538173,0.36912743607689946,0.43553972655477285,0.21374288587476603,0.3341031235928609,0.2586743501928333,0.3080100592889844,0.21072890165364885,0.24602229531064893,0.2503491603395731,0.28048387770813965,0.24938830951566543,0.28852470322794693,0.24989960729334015,0.22693016384766437,0.22888125611507604,0.25510801929616,0.3119208038264487,0.2625427944158552,0.2439247566171806,0.3214049044048534,0.26790735532856685,0.29089333348381546,0.27479691488839425,0.2700259812290317,0.3021715551552897,0.26648536705751763,0.295187722559073,0.3008558235316453,0.2439547092873919,0.2720482878803199,0.31416505221597835,0.3347681372751111,0.1785253742553504,0.27886771209409167,0.23772890201725244,0.2666041703625594,0.2603940403263751,0.3115996046436,0.20941616166564467,0.2591594150348592,0.24641814716937993,0.24299372429315108,0.2736854559272565,0.19111119708564425,0.2092819453462308,0.21896374904540294,0.24099507727844888,0.3822174728072642,0.24327183949902956,0.2656364926276279,0.3650415212747483,0.204403065586171,0.22513262043858967,0.37403191026103083,0.27731468457363895,0.18196825532565913,0.2566908465086768,0.28338368029753186,0.23876888025618848,0.24678353288172655,0.2609810371085737,0.3017600026268143,0.32898605845365886,0.24286317801656077,0.2507639697888788,0.35265028134504783,0.22157439938395526,0.20823876297001173,0.23043276956927244,0.22539707622726923,0.302539006581436,0.2318970452159646,0.2749513807125736,0.19819531221191009,0.2536247759638444,0.25437599143621303,0.19551757633239794,0.250801536910899,0.1985064905358955,0.26780980993840525,0.199784516588984,0.22678668550938957,0.18722232217568927,0.23077986063916578,0.24600587094489532,0.3977459680382752,0.2635505555383175,0.25489928062416367,0.2792841665315199,0.3395275887027996,0.23777300082511102,0.22748098565483937,0.2753979232442355,0.19827482331729476,0.2276567306669251,0.37807691484465006,0.20041340498803517,0.24562299339842453,0.2646409286830087,0.2215844785831263,0.28520882424753374,0.2160897389512144,0.26541308608753644,0.3400480721375255,0.2028200497368323,0.283116117067229,0.2617084538826069,0.30470011276833353,0.27353315002296297,0.24599607561127168,0.24694316708555392,0.4166475979313879,0.18974117055389544,0.22180355011311356,0.24122247816939493,0.2029598354974548,0.23829649029341785,0.2723158150433338,0.2504676865027907,0.25797637359348796,0.1722978479643601,0.2585097354884078,0.2828795496751695,0.2360965867058667,0.2512769526869332,0.2224108298552006,0.37950156614936487,0.25550035792400794,0.30828515740429224,0.20207898239696695,0.2176108609957291,0.17585449430315214,0.23241136691312714,0.29818251152197484,0.2745364220637439,0.27577039042489937,0.29499127415652143,0.3613842707271293,0.18292512512716425,0.2529032648428546,0.20995823815395945,0.2116806891987728,0.20776169772684774,0.28339149550772413
0.2467880676035458,0.2601738005694171,0.21746601387461678,0.0,0.18835318834626294,0.24305695493016535,0.25789439727315994,0.2440337426650871,0.21836838471607622,0.26257420866110637,0.2887567375874132,0.26552916238576646,0.2327270701785038,0.24677361317428592,0.2582055195128907,0.2310838831208477,0.26231700890058457,0.2479910971518588,0.28074533458466405,0.2429358462821286,0.27553301749103465,0.24826849544555882,0.25892262927939375,0.22108234631245613,0.3080815302541451,0.2464248987867083,0.2471363687234969,0.2709574875569332,0.2710921762027776,0.17259361049562955,0.26931269543119146,0.24041697920311694,0.35465550863950907,0.3082848358010412,0.288836706393771,0.35684715818134427,0.2525487485707919,0.2808153941102887,0.2770045961102412,0.2728374413357489,0.2713717456703532,0.24153237620601292,0.2232082608927585,0.2963667878314867,0.2826855516147846,0.2298835731670075,0.15030484602680508,0.25786174782607396,0.2642354104353159,0.24699751015457147,0.2868194165229483,0.2512040130667997,0.20495290896604423,0.3626137550548213,0.31950099292748163,0.2206599146916785,0.26866120276007527,0.28131817986583146,0.24044129928368266,0.28092469043411433,0.2992997238553159,0.21523151061820092,0.218012619965983,0.22345276861623073,0.2302029665460708,0.23959494842988366,0.3196979872914535,0.18393055705061528,0.244182433341656,0.2711427429543091,0.22518576651279631,0.22745506496750256,0.29081583232476454,0.30553179311961093,0.278657450082422,0.19478694423924456,0.2537029830953769,0.2206185825034967,0.2456780959260347,0.17933886143653058,0.1977796664566023,0.3318180274722648,0.18377589932144395,0.24457000345066238,0.33384172169968934,0.24896041520358791,0.3008733629244775,0.2462023430854402,0.2229362516558206,0.2291974977666549,0.2903581841335439,0.2957042244355063,0.24283643248021003,0.22441536594715258,0.30591413407776935,0.26390252924840607,0.20146267080927704,0.29823368600891376,0.24125961594577766,0.2786783142322572,0.2712996053226413,0.27398736840412974,0.33206368615430243,0.2798124645395094,0.2658159339615206,0.2070131718203046,0.25859702860800426,0.274036848377821,0.2201425126083572,0.24064176859190245,0.3131982821230362,0.2916604184733907,0.3417949108489551,0.2743700189001451,0.25068133004082693,0.23160855095177013,0.237721756278536,0.2286977994961003,0.30216962700204836,0.29099058209508305,0.2291190455797613,0.30037013538409474,0.2992718604173776,0.22622022385954177,0.2343473736194633,0.25870852952973716,0.28831259544715576,0.22825060364446242,0.3558466273083219,0.23716163259862316,0.20095128715839428,0.23195386672211799,0.2609079343691915,0.33146321840666015,0.3204247582087648,0.1737887511585067,0.1638022130452478,0.27727552079119416,0.2982756987233685,0.2701392838091187,0.2680597630177208,0.27665094759088155,0.3166539314284343,0.2935422626687917,0.2765114810994702,0.26173785666491967,0.21930205206164305,0.1931396290654395,0.2540199705603022,0.22495190367287346,0.3329342843849777,0.2331220262150763,0.2942175530975791,0.18336642494177915,0.3164454930776543,0.27134073296168093,0.22210737449597198,0.22891931641757024,0.3328725759142459,0.24223657487182457,0.20997946237695733,0.26465206339765457,0.26042974364255433,0.2780673402282357
0.21228496033236616,0.20356057221164114,0.2493408515142704,0.18835318834626294,0.0,0.2042784913329066,0.24683622468986352,0.17503897560700535,0.18303036286331373,0.20850734128067583,0.2712083326665133,0.22947515334770677,0.20062521738182112,0.18611003877444818,0.21798578968633275,0.2592848379970149,0.22789031585871272,0.1970341816167423,0.17485769414520164,0.1824834127272893,0.2554580544548677,0.24597203551354674,0.22994669957938396,0.2557070935518119,0.21619545492015457,0.28422630020326173,0.19384909123916877,0.17599474100820742,0.22136471624995255,0.21101788999635843,0.20437310371573525,0.19636860004784198,0.1868364766030128,0.21908189811829548,0.22841382856787318,0.22420316465053092,0.23971434800707841,0.1964762069554731,0.23244085721317126,0.23795338380403144,0.20178868366643213,0.2589842432318627,0.21005379411568317,0.26765916288609026,0.19718710980767337,0.18624741047423735,0.2152446270406669,0.30855752509205747,0.23512522923523343,0.19336492130528155,0.21784384654751113,0.2151703920329932,0.14726684368906978,0.20780361649696105,0.21867305194853723,0.20024314983557717,0.1853026500737005,0.28005116780263695,0.16946935154344175,0.18470886618521903,0.16290903705159218,0.1710646245821287,0.18251356931229676,0.18911741175342558,0.16801988243024144,0.15267932117527466,0.20876904349521377,0.21884012318271082,0.1729793015370908,0.20147441390451096,0.221503733235193,0.1796456892243252,0.18758552735252815,0.21268283837894858,0.17607266847769032,0.15562168915951738,0.21393376847866497,0.41825243154294006,0.17527213305253306,0.2104363180167669,0.18845296003987955,0.21826842243396438,0.22756265623292365,0.16336785483418215,0.20786261382623836,0.19593008968621928,0.2057842567078642,0.16855290679138024,0.16608176793798637,0.19401715858043173,0.305448260001815,0.22180430172711507,0.22739108964276059,0.15383818980220432,0.2060845362980509,0.21028211756873397,0.13581759276943484,0.20204787357638865,0.20352140900575166,0.18798383170520422,0.18595467443567165,0.18149425030089386,0.19116706666621838,0.17899471242828047,0.17763409731467625,0.22075307346290557,0.1734408886674389,0.23158428671486778,0.2191362950925184,0.2493338488412345,0.24131320168287637,0.2344274583834987,0.19879543247588005,0.19589443930196204,0.17977932413950956,0.22670555397627157,0.170808689304388,0.21565734377039553,0.20698196315877304,0.2142430107692396,0.28479860952584246,0.17752256433164035,0.21791081464002998,0.2524591037000285,0.18916649385845663,0.21438908321179095,0.1838927184025183,0.24577587278677446,0.21493255570175848,0.18344065667823062,0.174566996110604,0.20575277064957356,0.16327552959358022,0.22203255091335178,0.2014199117058348,0.1720683378564172,0.18669331747570184,0.26082069076438597,0.22158848823744248,0.20905610177851786,0.14487885517427695,0.23462437310200984,0.2179193657832985,0.2002012382356433,0.25947381846692996,0.22767651890946605,0.23926266261051402,0.19450734043050816,0.21513939156834036,0.19078563288376443,0.19655817169094866,0.161717368128859,0.20409255342148883,0.21429966432506192,0.23930937876947403,0.20549591962745728,0.18210240122813046,0.25870125544657135,0.1784253111216092,0.1951357662639243,0.1588285934804257,0.1918976164367942,0.1877639777342972,0.29768199586814376
0.3275916823898131,0.34460789652799845,0.3549898019764692,0.24305695493016535,0.2042784913329066,0.0,0.25758469703123943,0.28166422317226614,0.23531487765889036,0.2877178507092773,0.2783707323215216,0.3156746042645396,0.35263596531328045,0.20495578644490212,0.39323761722207345,0.2911291233069354,0.32746702717210585,0.24851834090771302,0.2910054121893755,0.2716977923906274,0.33432596548054705,0.3638012880990913,0.2049724637361304,0.2843428055790735,0.28879561588008373,0.23221042063125294,0.19322418646766648,0.251408789929215,0.2798517955162841,0.2381570355727373,0.27750731247523824,0.30207852390313694,0.3528091981779636,0.22613031991523416,0.23526081669950297,0.23104932545487797,0.2914031807978202,0.2343921961694601,0.2385879945717374,0.27384453128127767,0.3270161160194499,0.2728910603099464,0.2905946277706784,0.3039576886671835,0.2630698614556615,0.2775413441059336,0.2358796340147302,0.2539361427113553,0.21917275365674788,0.2796784862942504,0.32662013896101105,0.4067500190795419,0.19491530565615886,0.31359575156686076,0.234872862480348,0.25497191778078665,0.2957210998116291,0.34857194305864686,0.2074884325218714,0.2655588072435614,0.27364555421788395,0.242274138240707,0.31821224685562166,0.16138484507655956,0.22131916330465026,0.23214474799858384,0.22137750146497534,0.3339656936979651,0.22183839554590565,0.2749665936117206,0.3411561563597717,0.20034759862831764,0.20328517459202874,0.31249894280935875,0.32084607583616775,0.1977907648827233,0.22697988137617242,0.22709536052313337,0.2579219658675714,0.23772688965989386,0.29851518472002675,0.28448888057694,0.309363958087396,0.25558225612410707,0.2350315821310632,0.3046711461558885,0.23112131259460367,0.21267119990606986,0.252281293565572,0.2162976837156117,0.3035686698202297,0.264380951777685,0.28398154664562464,0.22282571502933035,0.21971172275582943,0.309832707094848,0.20349733417325042,0.26394980765918413,0.1732304528775163,0.28704660482867195,0.19725784346684141,0.2085380874868455,0.2010865201157378,0.25468049452875113,0.2552400292987955,0.3926972342134978,0.2862695658341017,0.2755283822959269,0.2827988058618671,0.31314817014633434,0.2685908867986692,0.2006878362694062,0.28279045759863125,0.1961027572310641,0.2603421678420434,0.40588623700438,0.2484884193692825,0.2196978236871117,0.29035089233128464,0.2117869844652684,0.2345331483026349,0.22919643940140774,0.2481562568249974,0.3815627040336585,0.20083334375792802,0.38134594827061985,0.23031089379209266,0.25455163099691913,0.28183676823101894,0.2343237493505075,0.2363261008123232,0.3353821885433182,0.190206929696169,0.22980135830322573,0.2402248288061085,0.21485688998415636,0.2734217094133416,0.25682731023130195,0.22437530440897305,0.252492844873959,0.2228163283370083,0.23794490393802278,0.2588605585086312,0.19874924184727222,0.24147008748491894,0.23239880194122256,0.32003273192530557,0.2948119156549732,0.2931656274530302,0.18487154762370764,0.23794511803234153,0.22022400416481772,0.21664150353392322,0.24160297920106416,0.34352175490856207,0.27365443421711755,0.29072150275255204,0.3658230673818394,0.20861906495259366,0.23502320059666307,0.20940497395989607,0.24828844618750626,0.19115829923070435,0.2905265653599285
0.2603909052760165,0.2621280665022791,0.2334753773513235,0.25789439727315994,0.24683622468986352,0.25758469703123943,0.0,0.20504072173689258,0.20922226826019596,0.27094753151851086,0.2972765444428733,0.35290679962895416,0.2594975447837957,0.21788667305946158,0.2925091829638002,0.24649432854136039,0.25428887514915816,0.2244362514895687,0.2500896692942944,0.20262452931154343,0.25588717594072236,0.2891015071204349,0.37201665315825055,0.2965360208917781,0.31255266732499876,0.2550240258492906,0.24869244271492819,0.2270435391359875,0.30799128076115134,0.24272732193462102,0.25825617946866924,0.2687120296569728,0.24419698758807176,0.3168490424872062,0.2511615537640988,0.2503115071636587,0.331574233243187,0.2122263998263919,0.2693063271468902,0.32632561666017423,0.2525340351517885,0.3062108815668782,0.23201480079273412,0.2998654123062291,0.25819088991445743,0.22233252202748643,0.21580607062024287,0.2579615864414709,0.37071620897224195,0.21010775201194887,0.2768138120132649,0.23396863369833393,0.1633758717450832,0.2753794051666657,0.311073272649548,0.25385782714307953,0.22259403458956378,0.3050218022796383,0.2162638019505829,0.22169311493241042,0.18674869246748074,0.1928779287856439,0.18835473687165732,0.21510631992498536,0.18012093171590537,0.1690304043282629,0.2526465254659456,0.2434460266151282,0.19902042837680306,0.22747297123214186,0.24783003749030494,0.19657166069819101,0.21774632355579285,0.2723660045556807,0.18789957708457886,0.1977543388849981,0.286117416379178,0.2904773405010126,0.19278232162913259,0.19895543930076534,0.20368848697108963,0.24281228896182672,0.23465779746203683,0.1763208962825024,0.23033660357739236,0.2353753753286563,0.22857901327244287,0.20974386306609216,0.21002734013377086,0.221110405806427,0.33387943749824034,0.32361047608045906,0.2751148552386213,0.19318027411751865,0.23217110476027117,0.30989879888463107,0.14704186275464937,0.297491885462019,0.22310417873136565,0.24212055603705523,0.22128057122944206,0.22522669877494284,0.2536150755078863,0.23872216551492673,0.19196984287716864,0.23880861496581632,0.19437909852655758,0.2922589666269694,0.26206389531735447,0.3121582394958249,0.3784424538677022,0.2394770161426885,0.23557824736717592,0.20031469349893072,0.20051626317432386,0.2752296312506848,0.2099954658262659,0.2939675291206598,0.2778448273552553,0.23483764818774167,0.24521665165439288,0.20571482637401192,0.2525317306204239,0.2934800573469339,0.20466438196010037,0.30318862416322134,0.2144039359809401,0.28635192711358415,0.2584115161929003,0.20327701315491453,0.2006029625593329,0.19715497369668952,0.19543112785318267,0.227863482504796,0.21589830446373254,0.18458935064285523,0.21798912996344494,0.2909749849840708,0.2549180504458335,0.25017423491323376,0.17691757742241704,0.26313546277620325,0.26261395234304996,0.21192415869852502,0.2764218867477928,0.32279783899432896,0.2515025091874198,0.22060489957214033,0.25981126369868573,0.19714123550471135,0.23886099572056066,0.20060572370724025,0.24329145783654965,0.268460911438694,0.33586497918744207,0.24972130996735245,0.26866381188468724,0.2897380997607292,0.24557704675672076,0.2789837626068273,0.18064221652907123,0.22848025044542133,0.21241669153101714,0.3173447068269888
0.31048746260885945,0.3746267109367273,0.2767117133191448,0.2440337426650871,0.17503897560700535,0.28166422317226614,0.20504072173689258,0.0,0.366278229769733,0.3664359294581318,0.22560003084382108,0.24096750673942197,0.29609440478019106,0.271472281286661,0.29379170288644585,0.2503423204421515,0.26371654933995015,0.2764571953560026,0.26220647343134534,0.3101104008700178,0.260820778533628,0.2848637016456262,0.24242706002169703,0.23751038113749323,0.32782855400589966,0.205977736521143,0.2713403003371468,0.31937117749861976,0.23394546865150656,0.22202855921981887,0.41804219557586797,0.2656661936656777,0.2723322133397984,0.2635389828848099,0.29110362254733946,0.2803040687413352,0.2812106836883686,0.30350915158416925,0.23229415428244826,0.27038407122825664,0.24575424679878824,0.2734481993246033,0.2435213107327733,0.21034184631143102,0.4224185498146277,0.26391804498796373,0.1979637295625938,0.2095620551757174,0.2458230405812882,0.25023457429153473,0.2554388568524852,0.22055339028121485,0.20375011493293413,0.24298220169322232,0.23568514679712577,0.29516562735652163,0.25511404717906405,0.26671822590850375,0.2534831290402627,0.2741912052875437,0.3704035253488895,0.22373392221959187,0.22282814008303078,0.20532714827051088,0.2237141458087125,0.23160725597924411,0.2934104359413781,0.2491824225258943,0.2739081708672382,0.4779597961522709,0.2749967416141049,0.2513640777050592,0.25136798656671194,0.29129169934449306,0.33137067008870225,0.22280426695365338,0.21420810510528104,0.19470210277602665,0.3061441897742265,0.1863859600818973,0.21997726917486796,0.3364041139862623,0.26492846038606815,0.3006970906391412,0.28814890895648515,0.43140294214547104,0.37365163642728055,0.25856258546883565,0.3075724529861699,0.2830200047593092,0.23189169581184818,0.29827603022808147,0.23586218639615614,0.21399103014580947,0.2866273233509263,0.2734895453446611,0.2448075744280982,0.3071512373770616,0.21663897533032359,0.35158116877968376,0.25313700258391925,0.27836232064576794,0.2249823130442719,0.3048583326305984,0.31869893680086275,0.277170045095917,0.24989464872266912,0.3459141441607945,0.2420834852820513,0.25870750566952594,0.19678412258877231,0.23842467230632833,0.3211463872976676,0.25822084495286435,0.2575782609770258,0.3363211705246434,0.26994052943095004,0.22299514486087366,0.20218073505338224,0.2587165283513487,0.20688727751126723,0.3330307359793883,0.2679296557977123,0.26626872217130376,0.2511944167771906,0.2647781626786692,0.2598460423284997,0.2707394514158578,0.2945559769558993,0.24426675866929573,0.35860970616621285,0.25455231736431005,0.270381611454062,0.26358615689687737,0.27864936147610814,0.18471760656395028,0.2220381248617286,0.2676894487694816,0.31597946976723,0.305820720377462,0.22258545493715529,0.2371813998028892,0.3397061035308064,0.2515902119922525,0.23895462684081167,0.2569784713378111,0.28019291910168204,0.22933050839539532,0.38802543606826156,0.2071920417493298,0.32655751139385364,0.23019820419424233,0.23377089778311297,0.22787850926558176,0.30358926188320057,0.37868372145021756,0.26704613741059086,0.27442509584978464,0.22561900832054826,0.22350252094985548,0.21922300095337033,0.30222301577641086,0.2524832372467164,0.2479186002550749
0.29377682711139974,0.3090170269261521,0.2447598814689111,0.21836838471607622,0.18303036286331373,0.23531487765889036,0.20922226826019596,0.366278229769733,0.0,0.2985521693328787,0.21320723411907214,0.24165944771769673,0.2555121145202705,0.3024056764599303,0.26147444619069116,0.2455288330731715,0.23309911253349733,0.27684503971655494,0.23331984642525053,0.3044893852973249,0.244447065970062,0.31898834680571914,0.2347540566490131,0.23448659535151314,0.31829268766730734,0.19587703824077213,0.3003922674893398,0.2665068347761094,0.2257843131307229,0.27210753250522024,0.3923928127327152,0.25179233802978973,0.23331644867824083,0.23945314871688073,0.33165036968783096,0.2776159592291227,0.26032887250873876,0.3461688697214281,0.23069106608158851,0.24942516914214397,0.22451915522616117,0.2878966177890921,0.22545422792645167,0.21889398001987861,0.3643837882373874,0.23731467553726485,0.1991048259161688,0.2069482349875996,0.250878870916813,0.24385414322462093,0.22027063529806937,0.19616055055904585,0.19593636106748613,0.2294280274597041,0.2267656013194572,0.35260293192794967,0.24007363707913254,0.2361728310850461,0.2532049946486038,0.24699863630135313,0.25264838084386415,0.22118796995412532,0.18772336691366387,0.248347418976293,0.22384013699364758,0.20944906453128387,0.29470104677322684,0.24468098335961416,0.26443103083614794,0.32904309015935895,0.2713675725820625,0.272130832063974,0.27228980013063425,0.24923212995316985,0.2839553305889447,0.2193275214656227,0.18872895535980083,0.18940818076769342,0.2636010717289045,0.18108500313206935,0.2051924951542405,0.35607748300205455,0.2844053034926653,0.2562036910431398,0.2829984562928008,0.38456117696386105,0.28309407335878,0.2730976684520749,0.2831114208034327,0.37376786152126507,0.23786417706509194,0.33950523820607464,0.22674755736936153,0.2032970280858939,0.30310153343860685,0.29989683832499614,0.2336357793820568,0.30529368445423843,0.2685530350129723,0.27598295909804116,0.2985542279749712,0.22863757977192278,0.24094013489877367,0.2861593573225166,0.3047551028482826,0.25014160617522724,0.21259768353880004,0.32237703849285565,0.2281577738548637,0.2503638787528062,0.18950965646616735,0.27216135086368337,0.28424176036591475,0.2954311709794317,0.22933042963827166,0.27226819016178166,0.2371343682584727,0.2486515234900502,0.18963843708187633,0.2796847312512756,0.2270492151242626,0.26137836087126787,0.27097222550186595,0.2399868734275329,0.3411466356283424,0.23461667798086044,0.26600142521882514,0.2552531286282159,0.26554574163149997,0.2536827962303532,0.4538828361184697,0.23637347439242357,0.26317721390002946,0.2873937601242799,0.2843330662276861,0.19551403636955145,0.24949759565215224,0.26693057682592125,0.35272380598199365,0.326129743694143,0.21820754813109036,0.25995934788714775,0.3148690578001285,0.2860652132046196,0.25604522772006927,0.26440387476171817,0.3200477482887968,0.21459131644854548,0.3545470002567201,0.2231856219454014,0.3094305071143223,0.2157119466544278,0.24819350586869507,0.27219981144763367,0.28747933229923045,0.3797600404290001,0.25369733654776455,0.2634217190769165,0.2504236315950109,0.2158099224569049,0.19863048938703792,0.29472783396555596,0.289868907660706,0.2523215479148772
0.38142741920540263,0.4743537510353921,0.2768519978657054,0.26257420866110637,0.20850734128067583,0.2877178507092773,0.27094753151851086,0.3664359294581318,0.2985521693328787,0.0,0.23062431441382752,0.2385623976828279,0.34085084601684373,0.32055718416339346,0.32807689074061397,0.2639644541114294,0.31481241606328725,0.3692730296633331,0.2795973041816681,0.31146658569160324,0.26088901396483166,0.28326542146951156,0.35971036821560187,0.2655956379916631,0.4641839029223567,0.2229798438414375,0.29300906192806137,0.3322905267006848,0.32165769281199125,0.24346658531043452,0.39888525273585596,0.31347811987974283,0.26836743050132195,0.3057926746501594,0.34547623260052807,0.2922608723186875,0.32650790631990473,0.30061846448967067,0.20955022151764421,0.3340445964589622,0.2591941825762141,0.3097505541634818,0.26204757362166126,0.2361943950714903,0.37622186231912,0.2911034515140497,0.2429049052632622,0.2290738593112898,0.3367023093664914,0.2548392831174277,0.28663956841510396,0.2439859758927491,0.21942771671285158,0.26410423597706933,0.2646843620806365,0.3653435732140688,0.27067651705225687,0.24404902315614885,0.2937538363270241,0.3157329825863646,0.3007033632999084,0.24324567692916862,0.21042595362386307,0.22107917196292412,0.2453764837569968,0.23907909064763214,0.2799298451348198,0.2838850244480646,0.29925506493726595,0.39143088966013095,0.2760098278423033,0.31513607312235714,0.24050859375675773,0.30655615129082064,0.2997934588537637,0.2747000883849308,0.20673058259000884,0.2577756658274635,0.27587333113335494,0.23159563846384768,0.24704542279141503,0.32964961781652896,0.308604167128638,0.2952945055899895,0.3033059874204001,0.3831751160888642,0.28691402942253397,0.2910918467748438,0.34525867385783426,0.26332432626394625,0.2667335729288332,0.3319460011921269,0.2822283175611603,0.23438551893202125,0.3070258125357543,0.30600873175755217,0.19458061869777277,0.3406990560490594,0.2460102680606649,0.3962917412642534,0.2797874997457554,0.2452403910739998,0.2380948440529998,0.3285734699584813,0.28591206206307146,0.2906496646504934,0.2603863894929579,0.4671570113511379,0.3074101997205571,0.3019335498897268,0.22524068027898017,0.2583320062524835,0.3486987503809525,0.25745343051203823,0.27893673603571206,0.38672626602730614,0.3180236957996214,0.274078204070616,0.23361361491000437,0.2977633456652736,0.22265453616195063,0.26967104883652626,0.2957921825935654,0.320330448847601,0.2583524757629878,0.31409064486018207,0.2827576302198675,0.252570272563741,0.33996686163892464,0.29322335023647556,0.38481600677120004,0.23212914116673738,0.2459121945888594,0.2529931056368476,0.24550560884420572,0.2056663413538549,0.2652630918704441,0.3626546788884083,0.32161899961036783,0.31330559415142223,0.226388062782916,0.28984195301010923,0.3960841046773011,0.2357070794719224,0.264073200591306,0.32349460646469863,0.24367763424731254,0.2784664886726384,0.503780452586045,0.21932254839877344,0.27565090524062513,0.2831478831939712,0.24087505066359316,0.2644316514385847,0.309901893744254,0.34676732218391204,0.2637955453104733,0.314992100443989,0.27681446776219254,0.27818387702473774,0.2875505402599015,0.38334542494992363,0.2636929677644865,0.26075285392914965
0.26920293371876164,0.2473082248238484,0.2734588454112138,0.2887567375874132,0.2712083326665133,0.2783707323215216,0.2972765444428733,0.22560003084382108,0.21320723411907214,0.23062431441382752,0.0,0.36478513399911383,0.27713813513718927,0.22099141995262475,0.27938087184098936,0.3435434949136785,0.337965292871796,0.23569780310995664,0.2577311078602557,0.2306412099673797,0.3637712190175634,0.3205153413611885,0.27527567000638603,0.3146605502105773,0.28085196354811565,0.38094290913817985,0.256919244432742,0.26318072701964207,0.3247995509716753,0.24590929450310842,0.2560878524240083,0.28338990459721747,0.2518407463186909,0.30501735812842523,0.26175853392799975,0.3063194461987825,0.34948204753447515,0.2700921953419162,0.4184560728366535,0.3217507405790974,0.2651212303517182,0.29872701786445555,0.2874929659828473,0.3511869905657267,0.25969584829261827,0.23763568938724444,0.18191602857319925,0.3974250312501217,0.3018248557721621,0.24547347596264088,0.3567498220617807,0.2684450167804683,0.17922967517024438,0.32400975540743393,0.3825565450650792,0.21953193878649876,0.29131888287615876,0.3965940404649146,0.21473152124320893,0.2614354917212896,0.2567165157628991,0.20966916631434387,0.2669198702780978,0.21111504792985933,0.19355220617728505,0.20505385632448384,0.29400145920166376,0.24534921212034702,0.22392448155630482,0.2609532160239481,0.29244185842402015,0.20491826718562853,0.2522579051855138,0.33508807162905363,0.25291762027963566,0.1962320215782286,0.40233934935208604,0.31745251445992867,0.2396892175396539,0.2363343882169861,0.2398721095943658,0.26663062788712555,0.2420908401037119,0.22876826176393564,0.275067615040386,0.24750880409835882,0.2909653565028832,0.22185035750520152,0.21248162122240255,0.24227549775953922,0.4192564714089818,0.2297359843375346,0.33738626647926667,0.22456682760821314,0.2578281289659388,0.2577936961662934,0.18014992895390794,0.22046856902564677,0.22633285789175178,0.2381120856981702,0.2613062318180308,0.27720481820326387,0.23688337061368445,0.19646359844264333,0.237846008020135,0.2596148810272849,0.2414508455458151,0.26390565609426864,0.24704530309120568,0.32462757163698835,0.41430805658769954,0.2897731807644427,0.285750817802886,0.2650614677138915,0.24784112787230775,0.2962472590934186,0.22221652211964207,0.2857546874700038,0.2734579764429464,0.25724821744108367,0.3171201596757259,0.23650530628225988,0.29405412771504963,0.34651263584667313,0.2229664018872165,0.3248771531070465,0.22494076917927103,0.31952007141121597,0.29219122076774273,0.22320518897883682,0.18944006336134284,0.3023873945153897,0.2582085358363158,0.31272073409878165,0.30835178030482113,0.19929528959836168,0.22313315603269657,0.2938353012461426,0.26873247798774985,0.28841392255148635,0.18932996188281898,0.2957572931799722,0.25164098534180934,0.26101761774848636,0.3899212907805498,0.2479187216005114,0.28962345010131746,0.23209082322161476,0.24100846846340604,0.2360164645387697,0.3434750628264695,0.20167831470236217,0.3212462644801634,0.22290772344513285,0.29370487653195315,0.2729889367554753,0.27614021983939185,0.29166304966307144,0.23432879851107274,0.28506114779721026,0.18645581958605978,0.25158620248569363,0.22368875544746275,0.47975955494893413
0.24590169996735822,0.2793752749790686,0.25138011845069724,0.26552916238576646,0.22947515334770677,0.3156746042645396,0.35290679962895416,0.24096750673942197,0.24165944771769673,0.2385623976828279,0.36478513399911383,0.0,0.23619919465013112,0.17485019033772983,0.28227602670733243,0.25550604687158146,0.26183895812507074,0.20034340355555824,0.2758839084620117,0.21280751855102212,0.28884921909748434,0.3099141870906552,0.2769883537548565,0.3197546949134291,0.3003015401506038,0.25400722466096093,0.2568913160856467,0.2230624363295224,0.2606498360463366,0.27590282364629715,0.26927977614291015,0.2400712772065705,0.24981488249905426,0.3024507254344911,0.217144341629644,0.23954931415541958,0.30365732525103556,0.22095623022406352,0.335426635986054,0.2689722026279023,0.25606931111703884,0.34177925267329196,0.22353114479356967,0.28258293714136373,0.2447978545435191,0.22061419709660596,0.19679949546092207,0.2517203111311254,0.25558187514763414,0.20941134224183103,0.28008790706916514,0.2505819291764077,0.15923028345443188,0.28814319099298585,0.2764365199993941,0.2425707561062865,0.24399986577337468,0.3715965277867764,0.17587509405201318,0.22246705231732133,0.20061427588042596,0.17653498908698834,0.21097026541903535,0.17592836164560832,0.17267223650078747,0.17717927690078572,0.23247776067014866,0.22298857553496673,0.17668997149944385,0.23473473316036736,0.23771772125512194,0.17005297723362117,0.20217563923445592,0.2676232397302186,0.21704852698151766,0.172112493212888,0.26269445893673654,0.2734442300785138,0.1999663307494803,0.19040749457092598,0.2022724425665239,0.25338010627293794,0.2676574473237586,0.1823384811666249,0.22497470711317005,0.2622550148503103,0.22945103697106256,0.18288678133505257,0.20764478729674185,0.28258677744680705,0.3042550388259244,0.2603291620176425,0.25305158217889123,0.19386940026221486,0.20751272454635705,0.3341647083981121,0.1587658576233815,0.2599222604329393,0.18823034379276685,0.21864525027157036,0.20440665882879416,0.21737160687276103,0.2247576113893569,0.23044817305799445,0.19116560332423777,0.23984821822342783,0.2058176334861207,0.27571803220302066,0.2174533922764206,0.34880842645705273,0.4201800981667667,0.23653796219714987,0.2211835035966569,0.22549994967645542,0.2001410009972891,0.32791786708043436,0.1965235684226438,0.2434603394724819,0.2540549088230537,0.21874590076806688,0.22790289060570068,0.21000314877098525,0.23345679959398322,0.295264684973106,0.1830479489594545,0.3171523989670851,0.19664422936364637,0.32201204680047646,0.24578606324325616,0.18269666259116024,0.21353776293446197,0.23009311433172064,0.1998693225867565,0.2729935018119742,0.23910509857831536,0.165473267251208,0.24353607948070977,0.23848433456584855,0.2322864732610114,0.2576634532928665,0.17047815980051143,0.2280009907055677,0.24213712128784667,0.21639847347890764,0.2790715125393315,0.2786801186812106,0.35709316415936393,0.21779255864602393,0.2414998069295757,0.2046497558273134,0.25968343058670956,0.1864813598699001,0.25840420203525033,0.236113230451263,0.35917049809917906,0.24563405022059576,0.280312559002469,0.33794523350850814,0.20374220678874433,0.22553294229115958,0.15672601690117663,0.20993748126290554,0.19700444029411954,0.36947338376547456
