0,1,2,3,4,5,6,7,8,9,10,11,12,13,14,15,16,17,18,19,20,21,22,23,24,25,26,27,28,29,30,31,32,33,34,35,36,37,38,39,40,41,42,43,44,45,46,47,48,49,50,51,52,53,54,55,56,57,58,59,60,61,62,63,64,65,66,67,68,69,70,71,72,73,74,75,76,77,78,79,80,81,82,83,84,85,86,87,88,89,90,91,92,93,94,95,96,97,98,99,100,101,102,103,104,105,106,107,108,109,110,111,112,113,114,115,116,117,118,119,120,121,122,123,124,125,126,127,128,129,130,131,132,133,134,135,136,137,138,139,140,141,142,143,144,145,146,147,148,149,150,151,152,153,154,155,156,157,158,159,160,161,162,163
0.0,0.8313868710694389,0.7334161612941184,0.8132964711415391,0.8451871439546854,0.7951821229540884,0.847064687608845,0.7866036178682353,0.8879391817043153,0.726635447108438,0.9191272284202434,0.8565906687463808,0.8707669282508164,0.8317473213005526,0.8756086721484745,0.8538180970456698,0.849613743109455,0.937328197564589,0.8541628154543627,0.9429578798159728,0.8623558107259224,0.8492848103547124,0.8111001031739682,0.8854347886215123,0.8932894268610178,0.8028599245023157,0.7699851264963237,0.8440855938280866,0.7374655340045148,0.8244796005373639,0.90778593758531,0.8588017946349579,0.7986175691049455,0.8587819605777898,0.9385700551697382,0.8221373110594612,0.914709250224079,0.8790508299282203,0.8623129980371238,0.8096762836144652,0.7779147436555275,0.8387264366664802,0.8805845977777725,0.9088309127573058,0.878538623212603,0.8756450244594235,0.7624819836937453,0.8980884236337722,0.8952038681975236,0.8780547476257083,0.909212147905073,0.8288169919472234,0.8150825661898865,0.8412069333451745,0.8634328026056038,0.7864414642434185,0.9325521073872536,0.829126852819265,0.8656414154689686,0.8736764410473624,0.8145211857534824,0.7579763681002271,0.8406445333424855,0.7626059643775455,0.8671195335048224,0.8825675596321856,0.8596100625245549,0.8477736043108488,0.7967024213528121,0.8396222212800711,0.8894859802116736,0.8787409012352488,0.8679295331691613,0.870389880205228,0.8285792884585098,0.875748071700142,0.8288869723719167,0.8102528536969961,0.8343918211734782,0.7552703303123103,0.7536906866419787,0.858539444811598,0.8778275866582826,0.7848572663715127,0.894572558478945,0.8600306706900857,0.8158487971981803,0.8847367188446831,0.8475218007827259,0.8530142143860261,0.9006562808884009,0.8577203449545393,0.8752164268675642,0.9067808357473078,0.8843666026582836,0.8046267618005116,0.7370349864577846,0.7659083605789051,0.7718423389269187,0.8484829642114472,0.8834181610512738,0.7701587117152424,0.8094094436259093,0.7284053839162443,0.8985913891359228,0.8267751224416535,0.7778204148863659,0.8016170292623073,0.8154222737604414,0.8714363913993496,0.8983801100655736,0.8971067128942606,0.8547329961394307,0.8149337528058719,0.896832982941253,0.8400740078260344,0.8547822389563754,0.8490013699504985,0.7581417869651106,0.7761480998912035,0.8779733886664539,0.6937889074866719,0.8520285872172093,0.9190437600240331,0.830454062891985,0.8267606202039326,0.7280651025110442,0.8367014071638632,0.7791326893007409,0.7944858303044333,0.7755239688401653,0.74995576235128,0.843052201462699,0.8776877644145937,0.8769957931634361,0.8202619917900542,0.899190458051375,0.8422226917698505,0.8164990196031016,0.8785869800136592,0.8095191001885212,0.8699249899613577,0.8770680890947192,0.7711230344016542,0.9056132694134288,0.878388704361642,0.82915096224674,0.747676761797622,0.8026723188148019,0.6233670718068947,0.9519354612184348,0.8345648911127409,0.8684578859662966,0.713398805446156,0.8420931844780019,0.9102717413404178,0.8837672160921843,0.8305724340083213,0.8447896006698261,0.8275291741023183,0.6682197075168064,0.9129193663937365,0.8689552238651889,0.9699846246701608
0.8313868710694389,0.0,0.8757033418814093,0.8632879395321589,0.8189478734021466,0.8236238669531512,0.85890103678757,0.7707416833119877,0.7582847240372813,0.8741485060077006,0.8988442557056008,0.8839453026316704,0.8476531920848589,0.8590893158197349,0.8792194076552277,0.8288830379186674,0.873633896219216,0.853548471391466,0.8237576442300585,0.8461321397791891,0.8891690507950483,0.9431544361259375,0.7870844988341734,0.9365746077617225,0.8644551490669725,0.7496306438487457,0.783619530737806,0.8144799281414686,0.8937960014515963,0.7186237985509887,0.8144451357331149,0.7940071806366311,0.8824932272407549,0.7842231004729813,0.850790959875192,0.8663486827100627,0.8058689412380382,0.8129524924145793,0.854130382823929,0.8770353957342748,0.8909656233570863,0.8453531004909449,0.746483018600018,0.8609109222996266,0.8589946508492544,0.8285978421563813,0.7669438829243869,0.84718274654442,0.833886157696664,0.8188148568442177,0.8389877058112045,0.8217351573358952,0.8649791154875105,0.9312195858475009,0.8678837476488777,0.8054034963717477,0.8288346260530586,0.7940483719165019,0.9024208619671782,0.8626023953247446,0.8221168025952371,0.6652316059840356,0.7623659804423998,0.7822338410181621,0.776060560726828,0.776332159918496,0.8441431226588015,0.7727064760089913,0.7613806919153658,0.7551905273154548,0.789132153124384,0.7946148489561655,0.7652679165147372,0.8744630927741482,0.8480233607491836,0.7404198076017786,0.7823232484691912,0.8523902196928325,0.7406563797481561,0.6724170038989431,0.8079261893508934,0.7864496698832655,0.8959967233437497,0.7723502208021057,0.7656449631333625,0.874343409189914,0.6856765417927098,0.7324237280386995,0.7717287315081115,0.8525304109578181,0.8001033234762102,0.824656308554214,0.8658561363444499,0.8076999126144232,0.8690407708104746,0.8456651690404647,0.7311896192830729,0.7975737322160805,0.6725438062753639,0.8485877343154858,0.8234280406526271,0.6949396101418509,0.6994151471370836,0.8014860410840664,0.771234089864705,0.7876806831840618,0.7854923976068064,0.8483227289870673,0.8825528023092708,0.9364566343342751,0.8701562831377363,0.7590669780733188,0.7865388899729802,0.7553726901968906,0.8157659766143595,0.8634976822658463,0.8004961915429577,0.7984801902456893,0.8541041298142049,0.7372427784876346,0.8047775751266024,0.6297491221426753,0.7718028294345163,0.8769842598635599,0.7194761212171347,0.8887901626107227,0.7228182795804999,0.8250118008955085,0.9006654021970839,0.7964621993669682,0.7908215383705174,0.7505608956691986,0.7157309129404407,0.812401379335541,0.8734274636146754,0.771742671109647,0.8243273159554267,0.8356761085657115,0.868714952086093,0.7898360193989066,0.8339468465171894,0.8406008202840749,0.8909731647057637,0.7950994645974666,0.8719690502070284,0.7358461273310755,0.8219448580835861,0.8536227909029641,0.8585087330499284,0.6991822848605693,0.7816370650116818,0.8617459442003957,0.8731616053379485,0.864489346825697,0.8789042877331946,0.8237579122445173,0.8535493431947105,0.8628001366302563,0.8485399590976019,0.7101431846185361,0.8041956496837568,0.7719971234429115,0.8779742677155962,0.8539934170352574
0.7334161612941184,0.8757033418814093,0.0,0.8021641017253494,0.7459095448985715,0.8497109015035097,0.7028508772894859,0.8523188250346848,0.7078303925910964,0.8502112781214737,0.842243002482889,0.8189121748410678,0.8397655103540274,0.7752241748596563,0.7785875473506739,0.856138034541421,0.8341283104664446,0.7642033733971857,0.7316790170453249,0.7683532109758537,0.8694637548987637,0.9112317075760694,0.666674868586201,0.7990332056743421,0.7965258554067193,0.7848689517024263,0.7285780749012467,0.7291002040581307,0.8120447241757582,0.6582628377603129,0.7437540409793776,0.762504518253155,0.8237163048894306,0.6991957399467801,0.7251190210991187,0.8666104684421877,0.7721534052827593,0.8265044834184192,0.7889878926200393,0.7689434583960147,0.8305718115129047,0.7938021096748408,0.7581337273827713,0.7752895086271491,0.856336272726097,0.7806346156859363,0.7512667441275893,0.8270820519299378,0.7015407739160877,0.7893167816336416,0.7772465235823717,0.806199269539285,0.7302634510138515,0.8782587960196607,0.8126330094937981,0.7522746734552008,0.7382958500086245,0.8379181671889172,0.778121357931067,0.7740609179694894,0.8495898379976072,0.7384846167771573,0.8267196512272516,0.7582811015900606,0.6887137098575459,0.7614397665814909,0.7970166011780977,0.7904743391810014,0.8315766480235064,0.8017553688150987,0.7887406737759755,0.6837848345585535,0.7504831905564218,0.8520520397233763,0.8869075824909713,0.617307503498828,0.7662633810185911,0.7767558884945904,0.761595164108843,0.5926779669434846,0.8436610776934373,0.7441108759513455,0.8155079391392889,0.8500220825216019,0.7293715780567271,0.8754718450181764,0.7333584269623836,0.6836671642334186,0.7202779630804073,0.7961070441946019,0.767622548396068,0.7144392928602696,0.7677866973758792,0.6805809199878454,0.7735191959285632,0.8228325785067577,0.7779678757844777,0.7877548341585322,0.6032183801761997,0.7834010170414041,0.7084402041781189,0.755458610196987,0.6882251125382833,0.7945600626437652,0.7700155993489884,0.8361626902561289,0.831877238387971,0.8116853472895992,0.7985640600225105,0.8321804411920064,0.7627156223926359,0.7215837520809191,0.7802404083778584,0.7672685077110043,0.7700484785540208,0.7950323308398862,0.6836006985991212,0.7232882004015871,0.8733740468908249,0.7356107692595303,0.7150344455033051,0.7101208296603678,0.7025501212626442,0.7610667220624376,0.612682528344055,0.8436474567583476,0.7501604627790753,0.8422925555219033,0.907325468046331,0.7722969070841079,0.7953306293965662,0.867438608242051,0.6846295625470226,0.7270828209267253,0.8385357371172292,0.683096320266138,0.7365364369420986,0.7334659786594183,0.8325351469129186,0.7314288442906076,0.7846118423501175,0.821575072859062,0.7559071540190687,0.8253497569877504,0.8227482700693484,0.7053535997758269,0.8113248552626413,0.8207849356087196,0.8564617754472522,0.7699151224098396,0.7095861160968147,0.7104539938762289,0.7887360572255175,0.8634410462414087,0.8609747995510575,0.7968842835742835,0.7362863752327061,0.8427702306705656,0.7013983318558552,0.6353778350104929,0.7937090658351368,0.6363564496215727,0.8600649515353392,0.7345473686416675
0.8132964711415391,0.8632879395321589,0.8021641017253494,0.0,0.7659379719833166,0.8076466314286644,0.8556406168240185,0.8343516722265538,0.7217681713976911,0.7752194421231731,0.8816566710442512,0.8421027618045737,0.8611327377985508,0.8212403054587786,0.8637175841224565,0.8133681926544568,0.8550201693767949,0.8511774372797907,0.8052312801937168,0.7612080152604757,0.8492181491852221,0.8469866382196272,0.7962409252475029,0.8660696515317184,0.812951152695513,0.8409901628981449,0.8299727147460872,0.8460998515102013,0.7728332855037527,0.7043611928085466,0.7890446704810921,0.77648935462023,0.9564765249940976,0.8109750421949035,0.7903955966112655,0.8443460905202547,0.8149381002343161,0.8020380343964604,0.816823398788339,0.8830977966853599,0.8763732102625846,0.7609330634013132,0.7624573048895427,0.8262545531385638,0.8783622886064515,0.8717206830142643,0.6870170774890445,0.7926080570563728,0.8077188376077349,0.7934568535019997,0.8976992113505586,0.862501629842475,0.8129028503708299,0.9261207916706854,0.8639698876997338,0.7144726037345085,0.8262428788611664,0.8370625188741764,0.8290548940807497,0.8743377928511512,0.8669085013523816,0.7255980530984756,0.8329440839540257,0.6705325690266157,0.7322020189092385,0.8056723977476941,0.8803763839567025,0.7665074717779257,0.7632157784695811,0.8237301016380909,0.7945999881496626,0.744850449702926,0.7879834382427566,0.922463418679783,0.8520387492908565,0.724775329674085,0.8461379678124223,0.8317409538956414,0.8156086388318761,0.6570677618508273,0.7456038094633471,0.8085612141391283,0.8260072587968184,0.8048879933363022,0.8108979646410699,0.8494218807379592,0.7379682940086502,0.7746453675113126,0.829062783752686,0.8153685468362478,0.8710305692607577,0.8115736932087058,0.8280190367705911,0.7957794026811981,0.8728827059724663,0.7922248498432046,0.7243397730355227,0.7629088511859025,0.6206358538366501,0.929864958465642,0.777869873102021,0.7570767060639016,0.8101116506236546,0.761534407136593,0.8191400106211185,0.8206429767139134,0.8208808310909297,0.7921100679290523,0.8736736188911368,0.8050864945823674,0.8698188565749185,0.7762666338322024,0.8260623799324917,0.7987809334606994,0.8981440111846141,0.8977032741944958,0.7683091510233256,0.7232329553202064,0.8328083829437202,0.8136566521459259,0.7463715830759552,0.7651690727519933,0.7053838866160628,0.8855822432764938,0.6341466951393,0.860336751478049,0.7798483179656034,0.8424604176949796,0.838528683529805,0.7728827272907701,0.7009180160159021,0.7392801810063785,0.769664312858958,0.8021148081040298,0.7862405589879331,0.6641895600153152,0.7282046860642764,0.8205429026016041,0.8319913161354106,0.7911771289456535,0.8794926261573727,0.7349363617460352,0.8801617327346676,0.7594122537514278,0.8010374075102886,0.7553975043268445,0.7671135520562675,0.8435168349572417,0.7308055397766606,0.5986535200673636,0.8194981518717477,0.7973607247482783,0.8288670733878897,0.7754876684764384,0.8802826104265116,0.8215015284835143,0.8367809872232899,0.8955665911481312,0.8718456136289594,0.7774291394939338,0.7650317052993486,0.7214606524087616,0.8071929407511815,0.8374198868465271
0.8451871439546854,0.8189478734021466,0.7459095448985715,0.7659379719833166,0.0,0.6895731687107972,0.85003914339489,0.6966248957021509,0.8119920220038025,0.7130807991460029,0.8317961545292446,0.8149661080841042,0.7376917726734578,0.8028073099072105,0.9075388342308426,0.7659214526981473,0.7677005833969522,0.8680264276737492,0.7625473501935108,0.8075944054243628,0.8115591482644812,0.8625767469092287,0.7705384066404688,0.8500625741371576,0.7811386091586824,0.7578657008161551,0.7408998054245308,0.707110497944436,0.7760102702029613,0.7765522408989131,0.8486493197845162,0.7361752307897151,0.8162821773961437,0.7190653666283418,0.8897607731735305,0.8661777096678721,0.7822784482280943,0.8463366398509381,0.8491311750290017,0.7906794177169545,0.85482964888742,0.7617114977725997,0.8313028250054959,0.8923605666463941,0.7850589378733686,0.7860567750563756,0.860042473747339,0.8294017215168944,0.8270582406596723,0.8788920557128954,0.8428764863269229,0.7744950185783614,0.8082398355940524,0.8163777712786394,0.8300678260236489,0.6943031126737376,0.8158243989552509,0.7828225833407294,0.832044536920724,0.8186149545082074,0.6842723310879687,0.7236967153188609,0.7603158797832676,0.8222393282111135,0.8316735939703112,0.7175455580736019,0.7343104666710948,0.794227980633742,0.783829269496666,0.7283272689222783,0.8254013005184722,0.8619785917750457,0.7060555500501005,0.7799055258408625,0.723819737658432,0.7252501884238797,0.7271415274259483,0.8550121742648784,0.7452829661692082,0.6286344328537888,0.6789497412394369,0.8116925664405703,0.8589551599172974,0.6824350842306347,0.7584347582250627,0.8049063878443379,0.6598206391344752,0.8140735146810909,0.7057758940834299,0.7534002278327249,0.9106140367869058,0.8522336428264363,0.8990555517948202,0.7516712590924024,0.8407240726185891,0.8050457106290283,0.6762254543616966,0.7088241632991866,0.8187298687878863,0.7292353881891449,0.8179568603723268,0.6749317090514694,0.7678381910931392,0.7685378678734766,0.8098668375189497,0.7500302253086683,0.6925349388376976,0.7145062897117564,0.8351884862152272,0.7768451872714126,0.8041299674703907,0.8731388804031995,0.679521243471678,0.7035976986555998,0.8091144541998555,0.7622532208400752,0.7190585359173757,0.8179823788222244,0.712812677929653,0.722032479260069,0.9307216736960101,0.6509668881131576,0.7043913553668236,0.8365390843063835,0.7675516626242722,0.8007858355985581,0.6749498097761651,0.8016375430559347,0.7523421292096283,0.8309797527430126,0.7006812785664776,0.6808627619281364,0.6725435754243657,0.8122076011437219,0.8019932631938124,0.850161969232415,0.8227888357216041,0.8863648002302952,0.8031318558561423,0.8436376324862725,0.7795569126109204,0.8083434244947421,0.8212598284757232,0.7953445980326709,0.8556735966205847,0.8153594495122368,0.8639732310772069,0.7334454204086354,0.7732270521113296,0.6209991264773923,0.7974498233662621,0.8214011247756408,0.8309945903999738,0.7855000913491771,0.7920630987807551,0.7788285256036531,0.7443091118751256,0.7508840687875934,0.8104396499322155,0.697354478784811,0.6745684864751946,0.7810629858415966,0.8536492393627898,0.8772887993136516
0.7951821229540884,0.8236238669531512,0.8497109015035097,0.8076466314286644,0.6895731687107972,0.0,0.7091182900227523,0.845974402921569,0.7530304171892283,0.7938109317536673,0.8521783193897623,0.8704935071924319,0.8339479391522893,0.6899669681213468,0.7237992306497795,0.8482346961099929,0.8276694749652443,0.725234169325373,0.8335752559234715,0.7793039458778673,0.8782887237253872,0.8151869331363132,0.662597715324336,0.7593556789708342,0.86113361341712,0.7185894386096242,0.6600690286670774,0.7795162514911081,0.7311152897481147,0.7223919620141874,0.7806271850880573,0.84933445650384,0.766160447988713,0.7748669523908297,0.7266758340529558,0.771732670550989,0.8082490926674644,0.7520211191262676,0.7816688929279504,0.6920283112711667,0.721415834315969,0.8780457143670357,0.7516619464867713,0.8051373556263347,0.8032213067494465,0.751195633591808,0.6758794144513623,0.835618972104913,0.7150760324552367,0.7356764092806012,0.813614338639353,0.8303265713959541,0.7199331382907834,0.859643209412017,0.8054231679572281,0.8349806441663871,0.7809325714374088,0.8899588732478537,0.7223877906282747,0.7402036493138691,0.8880945943835823,0.7363547513298873,0.8615983802713957,0.6360333493709499,0.7018161659995387,0.8144788618111932,0.7802648017977283,0.7689572251690184,0.7103981389964388,0.8306268251038131,0.7811800171896429,0.6354488968380707,0.828954461588985,0.8390402179736426,0.9054810017106286,0.7031864829477936,0.7916074718385454,0.7264491476632778,0.7337204681212047,0.7196301628778912,0.91899110199567,0.7770824738504519,0.8106933818570012,0.8076902451977453,0.8081067815488032,0.7982706749528248,0.8401826790760266,0.6991246386116274,0.7766103355897795,0.7940773975700451,0.7583230431729477,0.7725472960344737,0.74436052737905,0.7640213138847651,0.7564778144419446,0.8115548506085567,0.7895376235534377,0.8287082603873847,0.598551013449298,0.7942221681401906,0.7007535375461401,0.7885552411994162,0.7308055611648747,0.7566667084372122,0.7898710189413573,0.7742587214610382,0.8316338076422494,0.8048685344431927,0.6963271309081366,0.8551995421394007,0.8552839130761256,0.7058941085639456,0.9011797584286025,0.7929067951258146,0.7466858881332592,0.7769984000399703,0.7933697327391006,0.724857079357253,0.8806115115811826,0.7361971633141364,0.6546080470058396,0.7183067145742771,0.7733776104475,0.8116459620568085,0.6565606360700504,0.8204926924335517,0.7581139057954653,0.7849806268228902,0.8413617675711739,0.6436440457541828,0.8294800114940669,0.8877358774409423,0.7384928932428658,0.7797453316832524,0.8186547077209332,0.6469683163458314,0.7383199618558516,0.6498401448313028,0.6996060930819626,0.7411350040225003,0.768301705668418,0.8349782035316348,0.7819833444267335,0.7796291695388861,0.7955301904556125,0.7199973471829846,0.7772313372631576,0.767230979184772,0.8087622523190146,0.7074917149432085,0.7937485487197985,0.7572463406625118,0.7647254499406027,0.6797360363002412,0.888747037741973,0.8096643627697742,0.7696542742085483,0.8808528412996327,0.6925339599399384,0.7305520072752434,0.6764264014565422,0.7393530351421461,0.8393271913010971,0.7739364468087705
0.847064687608845,0.85890103678757,0.7028508772894859,0.8556406168240185,0.85003914339489,0.7091182900227523,0.0,0.6952807912189232,0.7178597017251019,0.8038611640365629,0.865714458123916,0.8450710667593136,0.8107665901485639,0.8397417599887395,0.8846747812036377,0.7906013033422902,0.8216201005023549,0.8863964235939152,0.8097001092586464,0.7782802547964702,0.77916253363801,0.801488083603668,0.9233128261524479,0.8940186801618436,0.8502357444047608,0.7491341581914434,0.8504996680413816,0.8406768425205384,0.836038638883569,0.8056285136092335,0.8184765054692316,0.8118966842714649,0.8460882245871225,0.8427282605054269,0.8469720913914006,0.7850792128953934,0.8255877054377361,0.7537722813593737,0.8206429129496278,0.8949322825926243,0.8013773170098283,0.7514392679025643,0.7634364500982526,0.8440711019190422,0.8098758959141886,0.8473696038239331,0.7566484315524654,0.7929693026691379,0.9505340167628381,0.7767843338258342,0.87544002646874,0.7388911623252786,0.8172407472690949,0.8303076481787746,0.8808648791134505,0.7129126415216684,0.8324690898037639,0.7530089967914275,0.9041958111849657,0.8786629804564943,0.7314947467860372,0.6585097222775054,0.6938230922619745,0.7067625366767358,0.7518531277926361,0.7336338288318851,0.8149946489105565,0.7565639429417138,0.7278687146932057,0.7278629435078396,0.7361418110605545,0.8493320931391123,0.7046624636257005,0.8435565213862057,0.7266566403103861,0.8649198284014249,0.8202380437380206,0.929358272522337,0.718665749245573,0.7309406660804592,0.6626025650877846,0.7354409408362469,0.8763102893562075,0.6761422429932608,0.7573304673511311,0.7487243936777271,0.6568877892312994,0.8381546910301629,0.8396240926343653,0.7640949515993751,0.8506128293625133,0.8451763153350299,0.9145582129795191,0.8366737800245739,0.8294100389264021,0.7877511117261241,0.6134171064931547,0.7007042048805727,0.6867276997273047,0.8587817486115658,0.8671861223716893,0.6889319795537134,0.7610407257397757,0.7414367345459577,0.7425012749038943,0.7458109377428266,0.7210833933552322,0.7728589186547752,0.89892930542455,0.8285403136301921,0.885175381491978,0.7630383684756371,0.7263457884797683,0.7539709880443968,0.8266696807331497,0.8282809240841771,0.823092191773135,0.8473306417884399,0.7315201021662314,0.7244962125689901,0.8122075385283327,0.628793011572689,0.7002376092298678,0.9343600993637523,0.6954289215470167,0.8618138720771407,0.6742127601285195,0.8015217450821459,0.7712950026196799,0.7774026145019435,0.6904960521374472,0.6222202549950515,0.7453401891080581,0.7377646822778257,0.7457871345440905,0.7274414431185868,0.8201120421290097,0.8696062844579032,0.816225856229362,0.8322348579937937,0.813099240811265,0.7801363025055256,0.8829820554340435,0.685239996241972,0.8274407800410732,0.7875108225652635,0.718772018623912,0.8439279230460937,0.7501644118792028,0.5669353916667832,0.8016890686147735,0.8992118619413063,0.8195483702267424,0.7894662988514451,0.8107122409591833,0.7814397624934943,0.8720473863573762,0.8340299767644812,0.909534692327043,0.8461468658736037,0.7370459830367844,0.8110512577292021,0.7842033575281614,0.8559756227365508
0.7866036178682353,0.7707416833119877,0.8523188250346848,0.8343516722265538,0.6966248957021509,0.845974402921569,0.6952807912189232,0.0,0.7829708586733731,0.7530623387657114,0.8568604545221606,0.8349791597469249,0.8785681775399997,0.7236774622269707,0.7937034752481305,0.8828934746430128,0.7971442081685899,0.7904528360942917,0.7712438042733176,0.7822381747846396,0.8275399395347923,0.8270280711829305,0.6855277254077016,0.7547019155034187,0.8119467818190225,0.827220939422078,0.7709423525165912,0.7719048726980592,0.6948904733808544,0.7295403225060135,0.8282922516931556,0.8148197544328138,0.8204285127534675,0.7614571840945705,0.718360343473664,0.8314845319510473,0.8526153362398743,0.8609126993709266,0.8335912730417679,0.7286103984311053,0.7563655917901779,0.7291834280407726,0.8520999637632033,0.7603227300584734,0.921619959176239,0.8515780916355102,0.6592690825077303,0.8207665143575742,0.7195244463886338,0.7980403554181408,0.84095238964391,0.777212958226718,0.6899947138544663,0.8449777351883296,0.8405802977254728,0.6959019728183186,0.790704328378689,0.9163773412629638,0.7198634497697627,0.8084401690326775,0.9341512722185293,0.8387295551821484,0.9021011483859557,0.6600749447668621,0.698367847182699,0.8450097393198964,0.8392713417006129,0.8181058530845626,0.8311573565585046,0.9596024389105219,0.8392798087320292,0.6844192506227977,0.7635366254263904,0.8834184292045125,0.9112080468992482,0.6757805928618049,0.8617373522497145,0.7374965430638427,0.8822304376528197,0.6061361803928068,0.7449296782371618,0.7990601274175466,0.8091560346534764,0.8919814389774475,0.7853802795872263,0.8716287702288271,0.9006092092164903,0.7835379296480663,0.8348891398432933,0.8362325314394726,0.810379338299492,0.7300294054256594,0.7672460512473083,0.7271803897244914,0.7451479650000873,0.7996561564197769,0.8253951888586322,0.7346141438866148,0.5792819884393412,0.8271321702386472,0.736405305561235,0.9253149786208145,0.7726708289856733,0.7446239368656661,0.8650124853702786,0.8801695696338975,0.8818218662821871,0.753438107730318,0.7587916073230019,0.7529451643476558,0.7784841313455637,0.7587428764921678,0.8160734241145945,0.8838314623520004,0.8363181435263674,0.7879033309395521,0.6904051276299982,0.7380532065815426,0.7529780749031533,0.7563013452875872,0.693830333812653,0.8908614815603655,0.6651166956986435,0.8014529203535168,0.5965834530649355,0.8424852311767133,0.7491682684597816,0.9253367329304394,0.7990078054732456,0.755681835672758,0.7702887581373642,0.8664416653278093,0.8221898060138431,0.7468113446392937,0.8263456116878432,0.6380057830499837,0.7430439955377632,0.7152939350360612,0.7976982583073201,0.8333237941448902,0.8027705728523309,0.7751628033775897,0.7549465375484941,0.7898972807063076,0.8059726562485966,0.7437376776162142,0.8038956476253254,0.8055010392302628,0.7743558293770526,0.6441574775751687,0.8305965378421738,0.688811993883319,0.7860418718155565,0.7371906742819739,0.8633922554775216,0.8937397672799389,0.77111524116905,0.8582422472551668,0.6980655122610323,0.7163532557380056,0.6713705353506031,0.6512819270073553,0.8513695957085772,0.7570953380180031
0.8879391817043153,0.7582847240372813,0.7078303925910964,0.7217681713976911,0.8119920220038025,0.7530304171892283,0.7178597017251019,0.7829708586733731,0.0,0.6451373486597699,0.802538669061549,0.7850915786269236,0.7468549560197435,0.7358798433618382,0.8315407771948561,0.7439125608623627,0.7081336516679555,0.8149387127350596,0.76512721242388,0.8460373485420866,0.7852065463974679,0.8312127366082936,0.6607062815241824,0.7566432946918874,0.7714328724709035,0.7057941585079573,0.674636417687873,0.6867739191529357,0.6482261491202812,0.767153697333043,0.8972228941258129,0.7459777161814283,0.7436475193582048,0.6948753702119624,0.8554088434601682,0.7968240788973467,0.8068293169285088,0.8436695944045395,0.8331974308729321,0.6733790809552367,0.7276755880727207,0.7976504520504281,0.8264562905418591,0.826548399049008,0.7889861480982683,0.7489978344350466,0.71297532170803,0.8104269981515543,0.7329063022189921,0.8471206041396458,0.8088622173529632,0.7475574984536038,0.7538380042846227,0.7753642888912462,0.7650097758075509,0.7540112816864247,0.8140652650360073,0.8021936326161139,0.7337078343428711,0.7617899599558545,0.7545817862657044,0.7780026351879871,0.811793303810085,0.7278907331139343,0.8502669680744386,0.7818502955448635,0.7553531610607784,0.8166342452258614,0.7498749185673581,0.8179538027924758,0.8940065560494178,0.7721826470427762,0.7847619211166319,0.7567660503050053,0.7756100877312209,0.7163987349838825,0.7225306103550941,0.6927601265396173,0.7571112355928625,0.6137465481484303,0.6900070380117264,0.9017106993626675,0.8209643165927999,0.7185435230965862,0.7794884835501679,0.8227994930889525,0.8042643942352519,0.8114080753310521,0.7149048615466376,0.841471210144194,0.8367270976208327,0.8442934285368469,0.7783498936078092,0.7608169539065934,0.811265626176557,0.7833099331324397,0.790623164019456,0.7054090027236762,0.7861955118514716,0.7098948025142021,0.7793306207995083,0.7433110359294743,0.7484498067613137,0.6986335304956587,0.8792517089233309,0.7277583312228663,0.6979693788409467,0.6742629783231249,0.6943866467622207,0.7446154153789691,0.7653732358594357,0.8482068357883071,0.7608229709565366,0.7543112927306683,0.7675014745823195,0.7193723032766928,0.696236068613673,0.75448588219955,0.6591889684802578,0.7412765958654272,0.8185465076882933,0.718963201353484,0.7236222337901574,0.7827580582798075,0.8163760502770855,0.7328933976447171,0.6965014303723015,0.7952657321754851,0.678068267506603,0.7462919084154513,0.7800280122364501,0.7548894516193896,0.7454474414878545,0.8958613742964305,0.8442092686771969,0.8064250349563054,0.7821146892128426,0.751384467827193,0.7145840442491298,0.834849354551927,0.748548516524588,0.7986317096178791,0.7982216056773127,0.8254145832056429,0.8082902139937592,0.7922512717115427,0.9091033212399734,0.6543835867754845,0.7334640666279387,0.5939442955795806,0.8777535913322804,0.7337443572737589,0.8008441206177965,0.6629297791678191,0.7575239798768586,0.8631827280736867,0.7347231361554424,0.7209380791248867,0.7263745184707605,0.6769886945488766,0.5769761234913362,0.7955984402999622,0.8754398122117016,0.8699137198662608
0.726635447108438,0.8741485060077006,0.8502112781214737,0.7752194421231731,0.7130807991460029,0.7938109317536673,0.8038611640365629,0.7530623387657114,0.6451373486597699,0.0,0.8456161140396775,0.8440766364402541,0.8335499407579898,0.7788187499295217,0.7524756502609002,0.8542246768839021,0.8221576820554417,0.7674487103035944,0.7515026092781099,0.7296235472205888,0.7617805880373225,0.8025045885689047,0.7901240771221681,0.7855048522676399,0.888293365785461,0.7058474228774966,0.8028625449989112,0.7957153580565691,0.9394657216257711,0.7376950072842671,0.7442832074910585,0.8249599113382329,0.7772748157566809,0.7680329739599435,0.7247352353869637,0.7705880816938915,0.79604427633066,0.7454484359367378,0.7518246568382722,0.78626111492361,0.743754844466319,0.7548519342936454,0.7179028000682544,0.7568407732457765,0.8044120661317975,0.7575837663189946,0.7255227412072914,0.8009549730989743,0.809697715011465,0.6881844443940524,0.7451541747704843,0.6851507171857729,0.686017844634481,0.7971521876998389,0.8541158096439492,0.7462802420415067,0.707728588889218,0.7819415240056461,0.8110613680080611,0.7594534284034596,0.7695707418230681,0.6285493675512237,0.6816090761595478,0.7071869692841992,0.6165527387255887,0.6780528588524994,0.7579259294813566,0.7368620577608287,0.781495990789629,0.7563556417595594,0.6647262004244335,0.7135397468574278,0.6668536029215396,0.8008907612709377,0.7873839043493817,0.7353725525868331,0.7707506524704046,0.8645860136846907,0.6831489273086286,0.6776973824441819,0.758965168444031,0.6295676065060958,0.8416434777706813,0.764684281888407,0.6721749861298371,0.7504497865987788,0.6828914626357796,0.7098063901731044,0.8050031071460998,0.72545552605367,0.7215395385462771,0.7163721369426659,0.8116830671192866,0.6951835732211881,0.6962379786142698,0.8458748643999409,0.617261953860556,0.7543413220303594,0.5761334599935175,0.7839880695675272,0.7666966817508187,0.7100838533301271,0.6723444337656652,0.8293202370409127,0.6760302205844552,0.74708326395307,0.7450902540003698,0.8644537866312574,0.805309738862681,0.839605198487889,0.7861412108031145,0.6427007402988739,0.7240700934157801,0.7937490575697617,0.7260831442512756,0.7619271066500741,0.7711754333138705,0.8182273462450277,0.816648148629148,0.7130558851887415,0.6618449568352887,0.6342589111680594,0.6701810009838335,0.8025607235507229,0.600265891293291,0.9103474076265428,0.6302443096078832,0.788117747466801,0.8896642694434032,0.7244527159870472,0.807616454567105,0.6865622389821533,0.7032627228607873,0.6323527947372585,0.7387487605348715,0.6355392976763012,0.790328343302815,0.7289279757278502,0.8196598487759973,0.7420101533124497,0.7965897095046252,0.8308519133418152,0.7329569560973181,0.6841485649632675,0.8164200618922631,0.7023495286245475,0.6721978569326217,0.8919319041691575,0.8923582144638649,0.7151958407086366,0.6864224988377717,0.8294394903681196,0.734178146822067,0.8325328686024469,0.8520260837001488,0.7451640289302427,0.7864635165785996,0.8561291322116966,0.7549853522766289,0.7229179256287462,0.8342125055245042,0.697341530011083,0.8041856618619249,0.7023383593938396
0.9191272284202434,0.8988442557056008,0.842243002482889,0.8816566710442512,0.8317961545292446,0.8521783193897623,0.865714458123916,0.8568604545221606,0.802538669061549,0.8456161140396775,0.0,0.915112513152961,0.9413696046384732,0.8603963244991212,0.889356648136717,0.9482833601093511,0.9121619234313325,0.9234270519437403,0.8690214473445663,0.8944083660863658,0.8913023910685182,0.9093861898342932,0.8310565783850717,0.9051775101915247,0.9325543769835722,0.8269947965507778,0.8459642619485191,0.8904713578908826,0.8538625683654634,0.8239150537366856,0.8880238434258451,0.9065450136867895,0.8636598564153921,0.8594379817505187,0.8706801286115158,0.8673891337651913,0.9366862287801232,0.9034245988315593,0.9102898254566099,0.8592100542861837,0.822234579065365,0.8162892018017959,0.8742034625772521,0.8962904206137966,0.9249149099591052,0.89614847041286,0.72596209666805,0.9354061560032715,0.9045267545451731,0.8560466767369413,0.9238743933249687,0.8101100668660078,0.8101872628022877,0.914533986125705,0.957434259693311,0.7487963519616538,0.9043203145686631,0.893883071028486,0.8848291210189803,0.9040008882056659,0.9017762401306074,0.7566716620643407,0.8515314966445324,0.7528048498818012,0.7839403421067206,0.8609830347643582,0.8945729282546458,0.8473443413075766,0.8462856813420047,0.8934402982941557,0.8479459580528771,0.8394374357976632,0.8182659943098443,0.9386456386006313,0.906087262431446,0.8338308796924744,0.9082250871537877,0.888736145811141,0.8349496675111623,0.7509260889986756,0.7929220145071039,0.8010556425841496,0.919988726430269,0.8552096375976068,0.8453027598895849,0.8729236362462369,0.8265013186352141,0.85626235255208,0.8855425742320713,0.8440451368386542,0.8863759253867145,0.8048105550195902,0.9275771151398352,0.8702064858975014,0.8613873267428251,0.8582242599242407,0.748168518329282,0.7523144454613904,0.6732896486053684,0.8802327132826772,0.8995927615260733,0.8322793295296855,0.7739729635262905,0.7760904255539929,0.8633854319427136,0.8537251766720766,0.8470478201286299,0.8448913647614243,0.8654547045996056,0.90044990426284,0.9147964291615527,0.8231618321310205,0.8533357205410901,0.9010768020664319,0.8981281378304904,0.8668869582688388,0.8310258974714184,0.8875509307518626,0.821452175482353,0.7765442005194563,0.8320177640831448,0.7326836568650883,0.7762925878763073,0.9464702173501204,0.7270051069438381,0.9405896264751544,0.7238449710444996,0.9081720072153001,0.8704403960939808,0.8185602219695907,0.7869018111570446,0.7983359383422274,0.8725260145474842,0.8168669250997113,0.8917561167064971,0.7621710631578594,0.8783243792338017,0.8376954968457078,0.8795339101286199,0.8957687682603407,0.8672002835933182,0.9106403858161494,0.8639946811494107,0.7905731002655821,0.9393498841766744,0.7943946550583613,0.8065421192602655,0.8760315373403152,0.8553181615749261,0.6775039301848944,0.8975728558823264,0.8725306242303977,0.8913699397390238,0.7825156509850543,0.9020916216634736,0.9188124350153409,0.9255840515289345,0.9069099034883653,0.8578272368773292,0.842571905173381,0.7427054340743634,0.8212426077051422,0.8759705438186762,0.9122930394849166
0.8565906687463808,0.8839453026316704,0.8189121748410678,0.8421027618045737,0.8149661080841042,0.8704935071924319,0.8450710667593136,0.8349791597469249,0.7850915786269236,0.8440766364402541,0.915112513152961,0.0,0.8291157800666182,0.7275115001147063,0.8459653330709022,0.8941383762690995,0.8802833608727569,0.8272121752824875,0.9507115525359942,0.8589683415204279,0.9149539713926492,0.852834628188047,0.8180700518072096,0.8599911173451648,0.9393593676030257,0.7316819588667913,0.758548770714594,0.8528714455366695,0.8131443800798851,0.8521427531686335,0.8981806407190579,0.9102776569552601,0.8192730008225405,0.8863352755136883,0.822300370060393,0.8663111405870825,0.8397148337787118,0.8157391799351958,0.9142820974937601,0.7735007084702703,0.8081120305070004,0.8365822911408871,0.8559802055850028,0.8756386456513269,0.8697987698586098,0.8524878619359972,0.7482726941368576,0.8666690865431154,0.8653082306837205,0.8384745371945371,0.9080433960150693,0.8076975796036163,0.8007432887974857,0.90649090138076,0.9288039819120819,0.7452856138543432,0.8841053550654367,0.929473463318915,0.8270072507673084,0.8670101460587252,0.8354850869186753,0.7292335184207339,0.8269310452858482,0.7211844582886199,0.7777629132315401,0.8172494331699465,0.7766706289769618,0.7505297707608442,0.7554390785997543,0.8292795141566607,0.7799667802634693,0.7512783070106692,0.75458755860781,0.8782836619510982,0.8754127702545552,0.79736373357211,0.8445860079153285,0.8335519561216324,0.7937916097165721,0.6959167256718162,0.7706818175356163,0.804274940969912,0.8767218111525293,0.7526320890498305,0.8473938276819737,0.8220597963462737,0.7774544985072984,0.8117099803841568,0.8567932727579937,0.7840816417627552,0.8459207356004707,0.8689651768375476,0.911682583660223,0.842484082393688,0.7834007258582724,0.8396442449041003,0.7529043032955478,0.8156141784580273,0.6572148757816039,0.8278811334964692,0.7982695753979394,0.8162523999213183,0.7964163329728361,0.8349534627152903,0.8356735153762416,0.8083778604920946,0.8580498102374714,0.8326655638752419,0.8086603224330211,0.8766339484157502,0.9454419707244199,0.798158182900393,0.7751644226675299,0.8293818713858688,0.8145077500303487,0.8035054754898614,0.867998819172769,0.8870983849237417,0.8188228603842734,0.6956210466098727,0.7612811857674591,0.7001932409618247,0.7491538321123079,0.9076009631836045,0.6770876504559781,0.9112258267660065,0.7200217532914176,0.8615732688232961,0.8779617980692399,0.716638453088157,0.7995997217582675,0.7871580856603652,0.7453615558201571,0.7850659314495813,0.8577416103378653,0.7084243544230762,0.85254794921776,0.7604187338640855,0.7984385892601235,0.905377020257815,0.7932204402408639,0.8675365265079452,0.8651710398703308,0.8006988101035286,0.8637268253860574,0.7934378055387702,0.813011500944095,0.8323633214402837,0.8807480621834728,0.6991445209543478,0.8688125748109274,0.8817334409972821,0.882793884670001,0.7522187480605519,0.9491206449422577,0.8314470918219,0.8269504657228013,0.8770514265105033,0.7620930021585011,0.7931827916101326,0.6721658438190965,0.7915172943275182,0.8956674994741587,0.8396948832403154
