0,1,2,3,4,5,6,7,8,9,10,11,12,13,14,15,16,17,18,19,20,21,22,23,24,25,26,27,28,29,30,31,32,33,34,35,36,37,38,39,40,41,42,43,44,45,46,47,48,49,50,51,52,53,54,55,56,57,58,59,60,61,62,63,64,65,66,67,68,69,70,71,72,73,74,75,76,77,78,79,80,81,82,83,84,85,86,87,88,89,90,91,92,93,94,95,96,97,98,99,100,101,102,103,104,105,106,107,108,109,110,111,112,113,114,115,116,117,118,119,120,121,122,123,124,125,126,127,128,129,130,131,132,133,134,135,136,137,138,139,140,141,142,143,144,145,146,147,148,149,150,151,152,153,154,155,156,157,158,159,160,161,162,163
0.0,0.3328388984271821,0.34455406168123087,0.27725078345051907,0.3728165469328992,0.3612166763030686,0.2906457252901481,0.3483858060321456,0.32420388763268626,0.36861146832831765,0.3179992241486416,0.28388025697901664,0.5516658275903159,0.28509212387317595,0.3728043587119639,0.43944044128206644,0.380897876463406,0.45972095799997187,0.2758958593521099,0.4771795658068599,0.29981690167718206,0.3321194791630809,0.29861563500442884,0.26847781626680406,0.4084004979926557,0.23336172712875874,0.2583690854506797,0.29821064042832474,0.29885762187031495,0.24780236558741425,0.3567013125762788,0.39955204543117356,0.2987287082289493,0.28194853155046207,0.4083236899258378,0.27558078090424915,0.3688629215471096,0.3055009679114856,0.2502924240559487,0.3585746133573818,0.25874278427508884,0.3003865829582193,0.34014843963766683,0.3048585668284961,0.3585356035470503,0.40297541017808247,0.27170357949845075,0.3101255955311496,0.3254775142510043,0.3420402777596574,0.34125117283788126,0.301613695900797,0.25739191711465836,0.2530482457178136,0.2823255572065882,0.2605860788649065,0.3736338295896942,0.39927993348756696,0.33567278783583254,0.36561226292661564,0.29270263004768116,0.2499028834080862,0.2902796232365072,0.253170222248503,0.26337790977417713,0.2702513654336828,0.2984103496660066,0.2987953909689103,0.2586320925980948,0.40441939023186924,0.37382953673149927,0.2815350759812404,0.26852594433712035,0.353895715417995,0.33196870713034016,0.26618251617575095,0.26247125711221136,0.3043318362032683,0.2818824646381128,0.2384874781382148,0.2661567874101919,0.31446375779407176,0.30981860885603935,0.27742376188905543,0.29543988849768854,0.3586790989724655,0.31422883066414387,0.3275753055064802,0.3829255831445439,0.23187484456420254,0.3685485603072761,0.3495579528449952,0.3800045478138527,0.26238252477598073,0.30394190495359835,0.2610005908053428,0.19645202217260885,0.3041214851424275,0.2284545746098945,0.37124615354719714,0.24493275032247697,0.3002812373056123,0.23456171957807598,0.28854225002791667,0.3521209733046642,0.4045600663592662,0.28837983653956284,0.3730288372037639,0.34961195705413817,0.30661788410379776,0.26101010998056323,0.28779985774724653,0.3196042221546824,0.2845355273215994,0.30371843742655663,0.36555116024121487,0.37480066477758217,0.32567758702958843,0.25372615667709697,0.26192589185614457,0.31979378152747073,0.23950674784518303,0.30512641419575437,0.4051788296212528,0.2694101294318416,0.31639985744194554,0.25234323525256813,0.2932329756733604,0.28978945888446156,0.27668007436045355,0.2552069417095193,0.29697656287838464,0.2622704101470348,0.2697662344167938,0.2546853518961543,0.25532246814801773,0.2994469209097527,0.30232400498857687,0.3510946153021301,0.35807843063539857,0.2449012997340417,0.30854965491942266,0.37254663732495497,0.2604147859332754,0.2689939945388962,0.28861666159277166,0.27812913058192884,0.29987028220755235,0.3945041292761766,0.2078564841573015,0.3329466258356389,0.3002793989779404,0.2728060580287928,0.24889505759846306,0.35222767180644676,0.3588626661760145,0.3005763173565792,0.32388732707552875,0.2803995199232592,0.26577626143859256,0.22339656450426829,0.32386575272816204,0.22075340950149208,0.40123799437212443
0.3328388984271821,0.0,0.35704932031324155,0.31432319044684986,0.2756375248642676,0.4775815395884082,0.2699723375487747,0.48559025586321386,0.2952516095201157,0.39188710648657504,0.2578151489004234,0.3596809431759994,0.34918955223592,0.2530838208167098,0.3603976300532562,0.28623723828909176,0.3137521446782336,0.28036804067564713,0.2818535980570437,0.38768179774101796,0.32982956087271414,0.37906679373428065,0.261154350590091,0.3476000727739946,0.33144108527582755,0.2231461067684308,0.22657952634194933,0.2692624709878863,0.2813059175336164,0.21335601284766953,0.3367536904400636,0.2816571285395046,0.36337844051318613,0.2522903725326577,0.31459081464094907,0.27543609354215576,0.28933439345829526,0.2526576213539786,0.2714803834254861,0.3270422740158334,0.3247393483932923,0.3096738922349575,0.24599312949479799,0.2665632003362702,0.3881042792389424,0.3096852016239342,0.2755956676719029,0.2588984948465727,0.2604827366585013,0.31658050841990926,0.30557729724773813,0.3240093489908539,0.2807374071246576,0.30087265422168397,0.24467705780706386,0.29666407354022917,0.3317498741158124,0.3056931819040686,0.29919727732663276,0.3610567585936387,0.343307931915843,0.21486420736969825,0.2629696750307297,0.20731891663292226,0.2610445280640165,0.26147248048609334,0.29653448122512643,0.2815405133460642,0.20580248439217488,0.30582925244468306,0.30361377176218796,0.2623492395562781,0.23778623360250956,0.3642557678511548,0.3184290304009241,0.2133149943691467,0.24216515944189157,0.2837272226843444,0.25449417884049613,0.21560645860170696,0.24014012682218894,0.33134692011159295,0.36430154721204594,0.249689031372466,0.27528115444017986,0.4287073839120915,0.27573420357791073,0.23884539246540443,0.2815463709915981,0.28473738357038586,0.2600966385876484,0.3174410164492367,0.2769906433096124,0.256256049294654,0.2833761032491101,0.30841596005442906,0.2172538170785829,0.30401758264044837,0.20248710655599714,0.35295736426991237,0.22693971677407637,0.23185409545765825,0.20203744465816614,0.2818575616135346,0.2751307994092953,0.3426776365418618,0.2819457891771429,0.35980048097680756,0.3076840764488292,0.4330747208746324,0.25068267116602,0.2421025032730621,0.30048086071161945,0.23118074420550785,0.2867506538865447,0.5062088741627823,0.2892579799628944,0.22309114738313215,0.2782420999152522,0.22061351420582,0.2898404974764551,0.23059470810352997,0.31347815097711157,0.3301387717072673,0.2549939627750954,0.30223551849465125,0.2784939561351483,0.334680694712864,0.31026731792805623,0.2439214752801847,0.25838914603383784,0.2980697971047004,0.23422670696784278,0.29901421173999365,0.28909909021032154,0.2250064869131174,0.2848744288300633,0.2888868200327683,0.3106681859689395,0.2750313381589791,0.2397219497177281,0.25112342071455473,0.4157415634881101,0.24598189592881586,0.2519482086148992,0.26443829967196114,0.3861256586004834,0.27518039700110397,0.3610018398289188,0.18566286282781655,0.2784818748427454,0.25176201963563877,0.2405492927229424,0.2904156213972206,0.316024411127257,0.34085473035338737,0.32929875838021483,0.37369758681046505,0.25429874547159215,0.2127417508375051,0.2150767955470001,0.3000626649468479,0.21193999175037906,0.31155809947788493
0.34455406168123087,0.35704932031324155,0.0,0.28132123231020006,0.3254322312017851,0.37840842396511487,0.23993806049565242,0.35584744661815326,0.29351203765343997,0.3116588333066363,0.2836458416519306,0.26015433278110905,0.3541703588815843,0.2753664759785122,0.29650896172745517,0.330507189849751,0.35035200691113455,0.30792565544203476,0.23238765604916986,0.33727372413799067,0.3198127670517637,0.49103092444067764,0.2441804288691688,0.266809638000592,0.28625687435513625,0.24367060678191751,0.22576188636685643,0.2847742784077657,0.23966677283604865,0.20224807520480137,0.2536457231404913,0.26253160580752893,0.2883497742574646,0.23035392253993994,0.2917489711291603,0.28418159011144933,0.2765674120118728,0.28663941858704733,0.2303921897389609,0.2979537637916682,0.294183131338855,0.3412486020231292,0.23731772788477482,0.24415167993374734,0.3289655530176049,0.2781136928710788,0.25513550275458197,0.24978352166549447,0.24402597942540707,0.3117707654713373,0.2801692568390159,0.3271293909711934,0.2266283934838048,0.26442828858586137,0.22401025491110205,0.26349083727622286,0.2733601247194662,0.3315044534548166,0.2643137047470945,0.29636374469329907,0.2811214061082012,0.22525923666012201,0.29668948289725383,0.2506692452154314,0.2418087621666205,0.24231571083875733,0.27628434897904935,0.29381937870624125,0.2583577042957554,0.33567414407802526,0.33943936418257986,0.21995783898022198,0.29614695309176053,0.3670963170993405,0.3249836834494191,0.18302608787798974,0.2430387844380628,0.2494590474863595,0.23376090352688278,0.18402262663787639,0.2538002445714242,0.35067604393911944,0.2569520189079904,0.2669265622998528,0.26010881375597167,0.4155743956617344,0.25323553042628627,0.2168292311963484,0.24426455364639013,0.23397921312725348,0.305046600736494,0.2784997539041909,0.25164463933185915,0.20705482964345145,0.30325990222268207,0.2526926406354761,0.21248902656212018,0.3152073972573581,0.21893872532717373,0.29964504316645557,0.19298857076571863,0.23426407004399916,0.20772994591046284,0.28973912239003025,0.27921166717520013,0.34496120511278966,0.2576284129085502,0.33164566580750565,0.2638775526215136,0.3150515730386573,0.23340723857691503,0.2476377949161433,0.3011029251114237,0.2390361036227713,0.23624319415729403,0.3931481873146774,0.23214153476632585,0.2350670926790057,0.31023940466644245,0.2742303390221535,0.27505937659602664,0.23712481239449612,0.29379225633122946,0.2706782662535111,0.23509176735472456,0.24348086375326208,0.29695128193891523,0.2560411155527765,0.29497242516656436,0.2495959032361994,0.255966189929059,0.4026240650979842,0.20879591741198472,0.28684010135258625,0.2709142459414383,0.21783545355269146,0.20733125431642277,0.25163914461517345,0.2972784218070623,0.2461314242195708,0.21365971037089726,0.25833123817686937,0.336390315219633,0.30366227529166956,0.23251218105576948,0.24353397697010706,0.36491378788792517,0.23794469431986734,0.33894026187326576,0.21887118410207454,0.24304932531988396,0.2012844365028122,0.25223554008814375,0.2745351289835997,0.29539556323590554,0.3031088463689009,0.30937478016523506,0.28845933418628417,0.21309479773441495,0.20406040134432135,0.22989341190902396,0.23024261644569205,0.2269416594713603,0.32945546783229274
0.27725078345051907,0.31432319044684986,0.28132123231020006,0.0,0.2723712105490704,0.294991524367233,0.2706696946832006,0.27759890587790453,0.20683460508255436,0.2669476516887513,0.3494524780457338,0.2883371193045071,0.2938781155210984,0.27373708803672675,0.3065396945713156,0.29506633914184516,0.35420271688282845,0.272806598875604,0.2857921193865888,0.31886936695403817,0.4010461021752877,0.3018318120716018,0.24491506242325195,0.29872891751021763,0.291530234976724,0.29862828372663497,0.21694165648692398,0.2763491009671404,0.3158874228904402,0.16963879754611627,0.2552386509450528,0.27668465039973483,0.354786237499822,0.26790079179301285,0.31775867999011126,0.35221979817232385,0.28301523433275694,0.27062098709477106,0.3612970607119436,0.3850927609357856,0.34651766149225527,0.24155855400502252,0.2887084251331525,0.3469393266937527,0.3038502580059394,0.2959140459790187,0.18544877871717588,0.3633157274776932,0.28563350026422724,0.33687630093607174,0.41359320569668684,0.3518511448385864,0.2869413425743659,0.43034003846062047,0.3359054608123008,0.21199498181250687,0.40808702825768056,0.2984987100750013,0.3566974481784611,0.38752790799669645,0.44018138304368176,0.23547412425792272,0.29749974275788155,0.23822058305468807,0.3037543912162603,0.31655120502852424,0.37025797499813085,0.21644709310110738,0.22390866743633359,0.25946549881158315,0.28616916982351637,0.27379458656973227,0.304573501779313,0.47101676983768787,0.301875784675963,0.21202763252946774,0.3782398219282152,0.29805802579268437,0.2648092162085497,0.23152673376822613,0.2540015730863223,0.3460631631221284,0.23007778936075116,0.25595547981794964,0.3610243206714419,0.2636676704787208,0.3221312083732891,0.29166792834036487,0.24616356739876713,0.21507468061087245,0.3089195203206504,0.2706974695584953,0.3101169001997137,0.29577538583782137,0.3465446175054629,0.2274344427738553,0.22769554268235212,0.25419760454622836,0.2338022925948438,0.3263202060357015,0.2768588374603623,0.3337252327767781,0.27666347490824583,0.22892206620887295,0.29425388610596964,0.26584457117655,0.3555484875009907,0.25497229601105703,0.29436568042561256,0.3251686598843158,0.36933301478671793,0.3093913503790825,0.37986524610960476,0.2817877421466102,0.30267696812204464,0.2810494787609491,0.2913970512572812,0.24580967161614423,0.3652402463255296,0.2425237659264284,0.33777871828132366,0.27850795519712784,0.36076434789668843,0.2854299121067685,0.2684050884759806,0.278216827974461,0.3267673629202252,0.273432990310514,0.37710214229612743,0.2785262165710733,0.17630933537359816,0.3237155489406065,0.29931757727069963,0.3515595463981413,0.3731197656420934,0.23326830024173897,0.19648887869886275,0.3101847749461883,0.33427474554017206,0.2954817970319398,0.28354881067935145,0.2939098306482528,0.41575999321647605,0.30904463677858773,0.3089675829071945,0.23256519180898125,0.26391934292204094,0.2511593255482106,0.2542999675561748,0.20358891557174819,0.3721905851611847,0.2752173069360617,0.30687277216402553,0.2234729235716892,0.29655548170655904,0.28391128563040335,0.2810996107901008,0.2721172645669964,0.36132583148520536,0.25864586737797424,0.23671127965420266,0.2931491472994824,0.2591204476978714,0.3539738124747337
0.3728165469328992,0.2756375248642676,0.3254322312017851,0.2723712105490704,0.0,0.273415541860011,0.30027180607346077,0.28635941176390695,0.30706046802974585,0.3208731570804759,0.3545682233826448,0.25051284221334413,0.3369215804754597,0.31916974983014845,0.28127179868261815,0.4139320455725142,0.325470809096107,0.4000790811826656,0.21680761303407467,0.3191102630691086,0.29543075473783326,0.3442975993634223,0.3057152495436868,0.2379841383746654,0.33092109911362316,0.2875080238908095,0.27149036915415675,0.2561783233886351,0.28548650829016303,0.22455628261934335,0.292631320834515,0.285135979245773,0.2654436903449156,0.2545042063342305,0.4256866309991043,0.28854226681874506,0.3235827004654792,0.3180487459467558,0.2539955222258978,0.3018504171546975,0.2381863253277903,0.35217878122334345,0.2863000505092722,0.3256328427157297,0.29238222989106477,0.2738201095513539,0.23558203276327647,0.35456218028138414,0.32861167624226123,0.27745676317909496,0.2635488874081788,0.2538854726476224,0.21741756793372632,0.24024147522322764,0.26744757692045595,0.2542193059743935,0.25177702969360743,0.4276466407370954,0.2765164063883378,0.2608907860372083,0.23729402514331827,0.22421113940581977,0.2395181715658389,0.29991828851668406,0.23159763803859984,0.21532227387832234,0.31891877329619217,0.27469784830136823,0.26860483496926785,0.40137193874146126,0.31083112235609917,0.27179912471427436,0.2886440962390258,0.2935322395124248,0.28100025017212765,0.2132115028865813,0.2612273061175618,0.36595154196403173,0.2534595918167978,0.2118040581544629,0.24216245385855392,0.3005270345246102,0.2777736490456608,0.25124984089003255,0.28363691243111566,0.29212395807066766,0.35085804745713167,0.2567494211387445,0.2599913686203456,0.23921357311436775,0.4983817040185361,0.3239096256265554,0.304187944150846,0.19583795106820687,0.30882331034907795,0.27091335583465903,0.17082872903583904,0.28210955218621137,0.26757037584930127,0.27136233072620425,0.24068952185849563,0.26033615633711316,0.2635035431183613,0.27191141194017754,0.2767352081628439,0.3136081390649655,0.2240176798339477,0.4194999411867333,0.2996478401168105,0.27868066389860324,0.25609509435213307,0.3211539745453139,0.29207575518806783,0.3557967718122877,0.26115254771380353,0.30381543616003814,0.2629033228227412,0.3020240806861462,0.2621339785438204,0.3369451547532223,0.37988450021045306,0.24947344439371055,0.29878739915040564,0.30978617160596045,0.29350308289438376,0.27162144416160977,0.2407062826172807,0.2797748864292044,0.2880013007238161,0.2561743362225427,0.2516083176811149,0.2713864452673568,0.2541392786107352,0.29580259790741337,0.27191805997363516,0.24045217754582043,0.22638612807960812,0.33201816862991856,0.400281420264105,0.30767188603824835,0.23386519198990946,0.34937737691198895,0.3210055041887859,0.27642902697214067,0.3292098280205624,0.30618343189307967,0.2627017117217424,0.2670124068353343,0.34214314122451256,0.24584840777839492,0.2763185626058524,0.24389425642953066,0.269008486410381,0.2516319190610524,0.35005397886419487,0.34576754967543066,0.23857199893091266,0.31351358355854625,0.2690649590684057,0.23630517593656034,0.2188528142875599,0.29081625877527967,0.251919290869249,0.44093421979565056
0.3612166763030686,0.4775815395884082,0.37840842396511487,0.294991524367233,0.273415541860011,0.0,0.2423696886114497,0.43146847790303516,0.3007280848927858,0.3228720780790466,0.24985283033723873,0.33214816969702815,0.35864818660073383,0.2371987398988638,0.34268843588282516,0.3077017689928817,0.32076224189209535,0.2689610736764036,0.3004324917261512,0.4168492771118195,0.3578342375238728,0.3611801509371105,0.22876835636141285,0.2739879847116875,0.3310646962609741,0.22104858327348836,0.20758176629914143,0.2642317520701739,0.2530890261882866,0.21131280777259492,0.3273964526203407,0.3386350807802731,0.36514243002177066,0.2580389119866407,0.3036853274470579,0.2766376695036202,0.2811947034960245,0.2622130846684826,0.2619930525170606,0.2847850982552931,0.30637547343969096,0.31611245635528096,0.2696104006601742,0.2777615563965104,0.3415992228946632,0.304115385373387,0.2636507743060359,0.2584631344081096,0.2358097779421566,0.3630475004174012,0.3099276907160829,0.37071591526723585,0.2752991359889661,0.28030729330457443,0.2342201935136002,0.2889079532840021,0.3528198307835639,0.36321493169231056,0.26824487855791634,0.33655993041132715,0.3349633894510757,0.254237160343778,0.32341307473856556,0.208825767353539,0.2866436528714902,0.2829010089268428,0.2743639785457879,0.288770823738139,0.21052495425870793,0.3150011663869407,0.3344080526558307,0.23992530699701467,0.26826054816412803,0.34901225980471023,0.3762963872940358,0.21885455841406393,0.24120395761109975,0.2559517296083976,0.2655370348130367,0.23163809576338776,0.27936079036100253,0.365677612929145,0.2980563755508038,0.2715850565052285,0.30922658928428226,0.39911815717173127,0.3101227002837052,0.24916892198417656,0.305236333953913,0.2495952788314293,0.27705894632699585,0.35713074138525314,0.27452510978780964,0.2587769232572112,0.2862085483272153,0.2817251460524511,0.24566658576819364,0.3407378537324952,0.2178595026676837,0.33876863277972147,0.2104760933419432,0.24804721099233915,0.2227152433490742,0.2890945399908895,0.3296144892258422,0.39205831170049343,0.31663075101244925,0.3282877048004896,0.2817651579294645,0.33220294371004916,0.2573123787677878,0.2556458500485978,0.3432549644263567,0.24952260557988926,0.27772975261102656,0.38481684997165466,0.3209362410007294,0.2298764911356068,0.3071428328787034,0.23639896450297096,0.2887659850097483,0.251468919329245,0.34210531185925447,0.319954136008445,0.2746720531323237,0.2821164882080818,0.3207436198367471,0.27168731485359443,0.31228943292523575,0.23782171160242122,0.2629854302477348,0.38452041573586704,0.2338913278651481,0.3214086554354905,0.29279379853375637,0.23332152036254092,0.2544555152254741,0.25708111781956494,0.28337831010227393,0.2799166069404005,0.24055880302163088,0.28089049590813503,0.37732804783736007,0.2749466260210577,0.2559408634335492,0.2761142157707589,0.3639634896718482,0.2742269434289047,0.38382846864308967,0.20499752102624164,0.28927074162982486,0.25458355421884227,0.23082330150319474,0.24374943988745357,0.35053284212990815,0.32709760718878456,0.3052167055760669,0.33012607530532867,0.2293079996157773,0.2263987859879173,0.2120659133855219,0.30623938641401516,0.22796669256942834,0.3053934415637063
0.2906457252901481,0.2699723375487747,0.23993806049565242,0.2706696946832006,0.30027180607346077,0.2423696886114497,0.0,0.2532907770841255,0.2208885826636978,0.3131668673311399,0.2705815197178362,0.30822002908959745,0.3160655457364709,0.23451861855436065,0.3432008017455491,0.276732278426167,0.22776546552766258,0.2630606366937784,0.24046377619949322,0.24069865484181405,0.23864685733960944,0.2560634742861262,0.418595150574262,0.31643968559942864,0.36282585454789246,0.2737961294629322,0.2681207481618353,0.23917746954140573,0.25884098193706134,0.22577236448504012,0.33001175238358915,0.30180292656370933,0.2691216213824519,0.3487739861606709,0.27128381514528166,0.23805667204207512,0.3668041890487897,0.21150342946983167,0.2627660388047807,0.32197844445839297,0.23601122154012402,0.23817018136970566,0.262099230740724,0.2864380131168314,0.35623590284040035,0.29163710724867636,0.25011364550042037,0.30543176446532666,0.42339760492343853,0.21182695931965823,0.2763935905231566,0.21491849944909464,0.18039384014647553,0.2405705578980036,0.3153805410505952,0.24966217938415403,0.2329543582051482,0.2623268750388122,0.2732696644112122,0.2575335073926009,0.2262528698016831,0.2056485910910808,0.1848887126948129,0.21700926902167453,0.2068414147909923,0.20383143967862635,0.33987345602912955,0.29640826881142757,0.19665423423448844,0.25917560234196146,0.27285994813524317,0.22801596551202571,0.2067532321832608,0.27950551166638027,0.18739496896585425,0.2620139928465393,0.35057636965592287,0.3412103443310895,0.22884678869353978,0.2259445561846282,0.21856293029441543,0.24972947404316123,0.2663587574103959,0.1954792491395681,0.22808502610442313,0.25791990918439933,0.2738624795584697,0.2580000175955278,0.2993061045164393,0.24197091640158705,0.27191091757758035,0.34269705494518343,0.27104355828860566,0.2326687666285294,0.23281497677432056,0.29040449885028835,0.16071540787334715,0.3031839466089835,0.20670197303292825,0.31501974464281635,0.2571090594866114,0.28931953666198734,0.2601316529025647,0.2803321394426499,0.2077389843567436,0.29776524160435075,0.21403316821980262,0.2908450362483121,0.3108868768086775,0.32253930308891793,0.3162635347207575,0.2387579161903188,0.2525898607077352,0.21664629650205372,0.2307203056699536,0.2510320804278624,0.25636513830807794,0.31234148073455187,0.22073882236522385,0.21039793436209794,0.2539973873761143,0.21891821509149384,0.24113957745254755,0.362378459332696,0.222332885810362,0.3179445371493122,0.20616438328169512,0.3420993871471712,0.24481010164631817,0.2402140737580749,0.1907858277151374,0.19298926532121594,0.24378588866811537,0.20893903161193295,0.23747677937614953,0.21451422994318456,0.2547675506717173,0.3028344039593477,0.31068746689851706,0.3189579812868547,0.23483559267805537,0.23737922957997104,0.2824001876485718,0.20393345842031685,0.27711617981482956,0.3210978854177509,0.23590643696421315,0.26996995145446123,0.28821960254670387,0.16770901440842104,0.2922540447384404,0.22646390196016644,0.21301545413296155,0.29663260334339636,0.33425606449828515,0.35225953402656457,0.30760018534537814,0.3521689761696582,0.2891825146182632,0.26994769454265155,0.2129205003580945,0.24268620251915884,0.2318036368259482,0.2744873048981056
0.3483858060321456,0.48559025586321386,0.35584744661815326,0.27759890587790453,0.28635941176390695,0.43146847790303516,0.2532907770841255,0.0,0.35001705070203415,0.38992395975452543,0.26475718687024796,0.3367937971464599,0.361818320560453,0.251416531794362,0.34046698025176914,0.32547940917780943,0.30437436458448014,0.27584129701736654,0.2542916784719978,0.3543141095464,0.32163912669248407,0.3308983398883444,0.2537941484630802,0.2857461584121736,0.35964797055206615,0.24263537608240648,0.23466413928068683,0.25709018014058044,0.2560000462759086,0.2282763529686488,0.373436359206761,0.2952273640007505,0.33741301417359587,0.2592946512285762,0.32151069925683234,0.3040958536308416,0.32008687212933323,0.2885603685910534,0.25941182649550415,0.31924329046481387,0.29079318440640634,0.3301544250774047,0.2668854063029757,0.28406829036590003,0.40670894240531763,0.3178657496748936,0.28241452917975024,0.2811990766205613,0.2621634759195797,0.3034682225810675,0.29056716600150645,0.30119972761137764,0.23780220673893807,0.2581261893398081,0.24684353030327674,0.3213380553670007,0.2930110323142537,0.3648808624819713,0.2863898048247409,0.3031108455822136,0.3258154353976744,0.2311563618795473,0.27437464411236184,0.2200845873203022,0.2408621562541391,0.24578935660075052,0.3078067314244019,0.31119848298517755,0.22286777083683468,0.38075845274308606,0.34189987515259385,0.25292536422519546,0.25146817283428136,0.3354257871528249,0.3137970118481525,0.21233062257188867,0.2629234423606335,0.2706606155262466,0.296055439858684,0.21642969631167577,0.262336281828864,0.32389167747111175,0.3675792811959429,0.2832156614662332,0.3138481756669443,0.5161329824627358,0.34302916165950736,0.2503305576666788,0.30328393207578336,0.31179599021129634,0.28404092631512595,0.3355752019640732,0.2711576080465983,0.22636936275284666,0.31006623674939354,0.34263455861108666,0.21214325460465702,0.34095459206861767,0.21128402158695503,0.3327279004445539,0.2236293661912667,0.2743956109828827,0.22599688639632812,0.319363062153789,0.3067374731824618,0.40124169195541565,0.26962519178758426,0.4048128328109372,0.2905765693695951,0.3625978040640999,0.2309584452964968,0.26906343995366616,0.35627972990983797,0.25725149862238156,0.2796743663252713,0.42402172258205806,0.29714686693739056,0.23594480895358536,0.2712931369992684,0.2403453382325344,0.3036456385623164,0.2854706637791733,0.3240278027997392,0.32932876278803863,0.26986019047582377,0.2904051860607983,0.26839391753746816,0.3463477546763539,0.34002768204757644,0.24874849122700304,0.2920460446294315,0.30949923235508237,0.2601368843066198,0.2807157594115612,0.29102936493955706,0.23139370656491456,0.289072771943717,0.2787313704364938,0.31713650325171483,0.30623487717117553,0.24578253006861936,0.2635431710780407,0.3549119355218011,0.25604165640332593,0.2804374557015802,0.2978268491049111,0.3986998137497401,0.27718156067521643,0.420752392981607,0.2008777521724834,0.3121923276139859,0.2500310697347983,0.22346910547347118,0.2999304889292158,0.3802355967189171,0.3882245454590782,0.29793703778528385,0.4126757512502174,0.24283502302203155,0.22433082545408958,0.217746962524301,0.30118734106674916,0.23654050882042646,0.3242163075733208
0.32420388763268626,0.2952516095201157,0.29351203765343997,0.20683460508255436,0.30706046802974585,0.3007280848927858,0.2208885826636978,0.35001705070203415,0.0,0.2800024210131285,0.24606378930084577,0.27193491368013234,0.2816564125193864,0.2545761856928662,0.24722429008643085,0.30360081735996514,0.2587516737185158,0.2763029013227247,0.2052162878914039,0.28229211867981896,0.24144531276853598,0.33741255179231944,0.22454749848744687,0.21926394267282293,0.29355908383041196,0.20813121547004737,0.2398752392580123,0.22372661651314968,0.22625493353102094,0.3233054829310996,0.30904282968707647,0.2533465722603239,0.234667824822516,0.19957215073067114,0.2956149062343792,0.2367808671240176,0.25311804476601124,0.3009460208799751,0.20470605513646206,0.22949484219644428,0.2205647379741807,0.40289827072347734,0.22598436018038953,0.24651108512582603,0.27341793230443456,0.2296013674003538,0.2616111682033522,0.23481423869143853,0.22216946199872187,0.24087739954466392,0.21442408418665493,0.22515457763976457,0.19567065123651856,0.199728730527074,0.2068525418887626,0.3717395005340946,0.22578669124090645,0.3496411149327089,0.21581822104285509,0.21571971545659863,0.2112935841975494,0.21635775218201428,0.22462085600991738,0.22909402923515945,0.20393740933060517,0.19188427200119446,0.2363973865158169,0.2620438859891251,0.22947209853499234,0.32778512430018836,0.2773769853125359,0.21297471703639365,0.25506584985574654,0.22945831099767447,0.27543796247046826,0.187269701243333,0.19370224764252303,0.22334106991237618,0.23573306616051531,0.19365608996946107,0.23452244658948132,0.2824465026108325,0.3540650651633086,0.23616718783465526,0.25156986880606613,0.34773148306940005,0.2770850818710024,0.2201049580778391,0.23439413023401615,0.32504256794294456,0.31020198187105175,0.3008963965213926,0.23725688218955546,0.1812173402202618,0.26377387569277877,0.3087973205625785,0.18288962535834502,0.29384935096488807,0.2243196878150116,0.22241850405266875,0.20132413137886546,0.21704245096815183,0.21345625756326045,0.26788667739922994,0.26746407677178424,0.2902889280407696,0.19723803816399235,0.36800323590030937,0.22784708814907884,0.2560559395827809,0.1876750316760413,0.2593314550959455,0.2634663212965111,0.281619913028142,0.22103274961648522,0.33027347620369074,0.2442322569637234,0.2271679725565293,0.21459910354017459,0.25974922880083073,0.2737805038764826,0.23667473215249415,0.26561350604785194,0.2545598031165643,0.287319379695049,0.22651661402323334,0.23244707446024582,0.2773245929554751,0.2421282845547827,0.2193900246989826,0.4531265288803165,0.27855913527216625,0.2180104462296348,0.2668152240104729,0.22360101840304913,0.21410765711452445,0.2770793772285533,0.2336833261087939,0.2703133982344032,0.2683598264353151,0.2057507588501489,0.2675846563316417,0.25871074106965264,0.2455118856924425,0.2379170909181471,0.26735024548563296,0.36933082257798877,0.22127595820835153,0.3342293714852354,0.23102055763549809,0.24638243156079667,0.21595095595684669,0.21734066469343627,0.3119448121217101,0.2998959098891524,0.3048401720367365,0.23040885448815443,0.31870943509185357,0.2150969061447946,0.1977627350250011,0.1839022359040511,0.2665218646836888,0.23240688476422217,0.2915527834750817
0.36861146832831765,0.39188710648657504,0.3116588333066363,0.2669476516887513,0.3208731570804759,0.3228720780790466,0.3131668673311399,0.38992395975452543,0.2800024210131285,0.0,0.24902807588366788,0.27266394974001906,0.4060517520899359,0.28932418233798357,0.3334566498162458,0.33688324661049057,0.2884704511946674,0.35723342331321634,0.23002453154474184,0.3101461898825256,0.2634105876751068,0.2852046410594516,0.36343677207260594,0.27349973274350703,0.47327283730973196,0.2615929260880399,0.2908559926110381,0.24432282899298677,0.3419696570421026,0.25801620857158203,0.36990118523910254,0.3158953259368181,0.26625785992299317,0.24200956977772894,0.3308566187417737,0.24804775616558145,0.43097533018917283,0.2800805338652136,0.21678077945135674,0.319582783580527,0.23498430843059254,0.2862904164050667,0.3144246051063373,0.26746121645937654,0.3539458478404786,0.31356440883240405,0.32622407633716344,0.29868950754458135,0.350141550563817,0.2509272685165358,0.277101900908795,0.24861460168713337,0.21441397908859697,0.24115013298634866,0.26042091973303505,0.3211858838112588,0.2652784386059841,0.29062184809531033,0.3083718483015543,0.2907753873921702,0.27640911235761867,0.2358189057982704,0.22357479974002828,0.2261674045103942,0.21850844967993874,0.2231271431259494,0.2840039132990503,0.37652464664815566,0.26063566742280087,0.392016812837842,0.2919214516755853,0.3183974497896885,0.21350419992341027,0.32421321638124545,0.24092731886400243,0.260801443022386,0.24550835821592276,0.38046250875770093,0.25573642845637395,0.25806237316763236,0.24675024386035807,0.2669740727725359,0.42838241451674514,0.28296698647724156,0.258197734711326,0.3560488787028671,0.32217366326752633,0.31763997016726425,0.3753725893478313,0.2472116346851469,0.29668798893843423,0.30612623045111764,0.29410302842142666,0.2064870003658106,0.2682237543960428,0.3602096374179766,0.16953158311918334,0.3010952257080287,0.23774479971674006,0.3220587954803463,0.26774723091079716,0.26010619491854403,0.24585838540924312,0.3576871950153747,0.25969186303415326,0.3571400018441132,0.24133349488325131,0.42325707657129835,0.3193102580217429,0.34208676327711496,0.22387956613389215,0.24885368158065388,0.2874935812036338,0.28437572733069244,0.2701234398576571,0.3583099998561068,0.2963401807945373,0.31367131262788456,0.2424905919305142,0.268331170007084,0.28154005442897856,0.2692753349192005,0.2643808146815638,0.3417754241420125,0.26276764564294014,0.34470712747585525,0.23305141651272612,0.3309505890746641,0.2828134886242429,0.2918544071880816,0.2965043606979551,0.240529349318559,0.29132702869412297,0.22098860056500536,0.22821865944052136,0.223346552414328,0.34061939555212895,0.3313095650886941,0.34924232941425976,0.3262971996529469,0.27173372830807524,0.2915395294951141,0.33253598920834526,0.2174372146184972,0.2908925764367788,0.34187333305255074,0.2709330099803088,0.3490781992781741,0.4729297007691824,0.18557770248887862,0.25803033983457435,0.29646652839479265,0.2098200788133372,0.30405535722997346,0.32208819196124844,0.3562821244318227,0.27096420490468476,0.42630163931140597,0.29315523627868173,0.2711315564087895,0.2657076028216851,0.36049604207236585,0.2552429439828395,0.28745713547171625
0.3179992241486416,0.2578151489004234,0.2836458416519306,0.3494524780457338,0.3545682233826448,0.24985283033723873,0.2705815197178362,0.26475718687024796,0.24606378930084577,0.24902807588366788,0.0,0.2905210693984094,0.3066335590108083,0.28102807516242745,0.26704578958044484,0.37814740714496553,0.4148295310758321,0.3281633831685046,0.267279640278532,0.30332172721754785,0.29722673574482844,0.3034257510720305,0.2826675342510634,0.25262602292841074,0.28397560366054003,0.26971460319917845,0.2898224943314599,0.36695044121440074,0.31550327011134155,0.22854031000536246,0.2440202620544072,0.30779708416821566,0.2709587388558936,0.2720338098055501,0.3297195199243596,0.29999764537433904,0.2782669843459508,0.2986202486682322,0.33464111275844294,0.3303912476634805,0.2625708282603224,0.2914199889345648,0.26578021215471687,0.2971759426716649,0.27297530051735996,0.2698216016617181,0.17745677726200632,0.3280660895889928,0.31446918625616965,0.28030969195232885,0.33021187185200473,0.2546377574030842,0.2336940920910482,0.2834942406134898,0.34381243194160255,0.1940266526559142,0.34064464134155803,0.3827798604530177,0.308460951901251,0.33416636439635694,0.30283092964289376,0.2039157005320676,0.26085383855346556,0.2521687166132965,0.22102358566108415,0.23196705691767952,0.31079915778152983,0.2052106321161117,0.26486467114586637,0.29942849467438754,0.2662772892033507,0.23997581375685142,0.29804665719030016,0.3547320268364339,0.3317228722292896,0.2191572281603115,0.3813323607435541,0.28419410445588367,0.24447884853074894,0.22538050350605895,0.22775764537180537,0.25379725297683464,0.22160560500350054,0.24884958909557733,0.2939797922564617,0.2617285471830692,0.2960085525299553,0.2635369408169378,0.2511101242470333,0.20922364393305837,0.39939960515965367,0.23895773440484452,0.36776613766210786,0.2549950638215346,0.3066725402782366,0.2138608319870471,0.18365205731603143,0.2225264266824861,0.22456282957620036,0.2726477913202788,0.25989988409230824,0.31497146612102106,0.23644627064992832,0.21050387027946454,0.2809632376001333,0.2426997647146822,0.24797429450428873,0.2897704570490624,0.25313120401280287,0.26171631100256076,0.33141987680967633,0.28458499488494915,0.3033142373241664,0.34364497015116086,0.2692966635027223,0.29692894213718896,0.28193355321094715,0.29491974436632923,0.2682909388952608,0.27487618303691025,0.3373145782051828,0.23753095288143267,0.3012427464202785,0.3023126374900598,0.2508885724302392,0.27803517829336905,0.24156672555152828,0.25615607609002794,0.30599748198880733,0.2338546935097381,0.20526276153565925,0.3019880986715327,0.3108462908533376,0.31024617938593185,0.2918196918871956,0.21518869884713088,0.2006451755292818,0.2666878944090805,0.30744961260058834,0.2960614647753672,0.2320705012144389,0.2943011957501016,0.2846778956784696,0.2832085696039443,0.30265904658466963,0.22073581226295858,0.22897666718242515,0.23535708885419498,0.24964971726301458,0.24853593405288282,0.38136382492042903,0.2483835785732766,0.398303507731441,0.20016571730171764,0.2704434305223877,0.2686686445251234,0.2815330368627632,0.25336841843535624,0.2904066042530148,0.2610378575514326,0.20317177177464169,0.2787311613634945,0.22643577903258288,0.4508444873368118
0.28388025697901664,0.3596809431759994,0.26015433278110905,0.2883371193045071,0.25051284221334413,0.33214816969702815,0.30822002908959745,0.3367937971464599,0.27193491368013234,0.27266394974001906,0.2905210693984094,0.0,0.26341644528639935,0.18241269312113684,0.28920769376013167,0.2676220413830181,0.2601366587169765,0.2164530392190505,0.2882930264446734,0.3039662294021316,0.2966387810426445,0.2705939434795849,0.27158187982251203,0.3513504713526755,0.3447388115545629,0.22086435846801863,0.2413023139857922,0.246509637532056,0.22356139683114312,0.2442713471269142,0.3312189862222015,0.27121894952175735,0.2669936161982838,0.33189418928172104,0.24393450815291767,0.24317098645701538,0.3079356007904143,0.21243714278250472,0.3430661961539344,0.281004719913724,0.25060748143645917,0.3085285613354998,0.23099943300961603,0.26192436065663716,0.30843499522716034,0.27101980313578367,0.2431674072220681,0.26411169481128305,0.2641949093593736,0.24047491243811453,0.3004906308984736,0.25907261294357076,0.20367248468829666,0.2613388881108013,0.27282497369833325,0.27029592962920485,0.3000686575415792,0.3143928225896085,0.2242956062202466,0.2849165403613465,0.26860272793190176,0.18707382927139524,0.21962924233912337,0.18728060999568907,0.21874394243241185,0.22992811617683842,0.27398719996116844,0.23264164720752373,0.16576422677219088,0.24819745158846582,0.2553120098262584,0.1969792632127622,0.2200116884441491,0.29170001095255277,0.2423423723333772,0.21581406571664194,0.28896377105467375,0.283644524151077,0.21868196404621812,0.2131090045858811,0.21110156274676284,0.2932538716352346,0.29346485723522997,0.1925493984798821,0.24896311065096832,0.2960287478994377,0.2680067138194537,0.22060151921189386,0.28488425462853256,0.2969830928828507,0.23810504293679718,0.29343287828119746,0.2481387444741785,0.2613872539170148,0.22834676654638705,0.29815971560727794,0.18653418129144703,0.29108480603773224,0.18580194735681554,0.27975785241181544,0.21752914727043618,0.2656146540175022,0.21699179792648168,0.25653089052343797,0.21696379514018055,0.2727550493308186,0.25068450589544516,0.2890086034622181,0.2363497853394258,0.4234297582106197,0.360079082924799,0.24058669836911123,0.25549553583213247,0.23256388159547087,0.21759977703058184,0.3170799096201519,0.2636628901671573,0.24364449882700032,0.23952856944616244,0.19838535799036333,0.23487951275365082,0.21850948528952993,0.2694945607385514,0.31741605756990965,0.21057723250164126,0.2803714859384978,0.22250857672639532,0.34062036238489124,0.25609961654633073,0.19526289687616954,0.21895574985145727,0.2426035294582034,0.23548136453713306,0.280535387531066,0.27765000411261254,0.18996387710312856,0.29045369533482246,0.2318815625694413,0.24892714725456302,0.30003267989043547,0.19551469380626688,0.21747297144214253,0.3214689013537555,0.2304389082192907,0.2573109026598714,0.2851621626866818,0.38913813666031327,0.23027656987988288,0.27996180899229034,0.1799793560040104,0.3346994232983966,0.2200770695351301,0.2459326526672626,0.2518587266177073,0.33129949821606586,0.29430773619258627,0.3053141549430785,0.3570325760301509,0.22885952898601425,0.2154230550432068,0.17058216112688399,0.2384161923069005,0.21017429073800098,0.31235107632882825
