0,1,2,3,4,5,6,7,8,9,10,11,12,13,14,15,16,17,18,19,20,21,22,23,24,25,26,27,28,29,30,31,32,33,34,35,36,37,38,39,40,41,42,43,44,45,46,47,48,49,50,51,52,53,54,55,56,57,58,59,60,61,62,63,64,65,66,67,68,69,70,71,72,73,74,75,76,77,78,79,80,81,82,83,84,85,86,87,88,89,90,91,92,93,94,95,96,97,98,99,100,101,102,103,104,105,106,107,108,109,110,111,112,113,114,115,116,117,118,119,120,121,122,123,124,125,126,127,128,129,130,131,132,133,134,135,136,137,138,139,140,141,142,143,144,145,146,147,148,149,150,151,152,153,154,155,156,157,158,159,160,161,162,163
0.0,0.36675528818049463,0.27735633154111117,0.3433045982477339,0.2442219586368682,0.3091539915647483,0.28714741815449707,0.29401451494819875,0.3369452018302517,0.3652368669351345,0.3336811913220411,0.2965346412993758,0.4549906007378019,0.31299828605589314,0.38065292557557673,0.3269256585820588,0.3692294307893187,0.5316565278509868,0.32948327246866654,0.45046070884665995,0.3261715773944149,0.34631842312113564,0.32040869464406374,0.2976086680954101,0.43748277914012856,0.25760366489353637,0.29148462791075314,0.31127291049665096,0.3078905793070847,0.2603904105851043,0.35210152839536624,0.39092731864729147,0.343381057137428,0.31655504898425496,0.40752962876390225,0.363640297529238,0.39489892772527746,0.36629578567432763,0.2691509332293903,0.3957567911378795,0.29953709857596705,0.3447717552716079,0.3542047411005802,0.33418167866943094,0.3650721176534222,0.4481686645743796,0.24137190672812875,0.30342599652782715,0.390446052167746,0.4236050790963588,0.3762132787660764,0.30768977133874836,0.31557442151116716,0.3372371350603602,0.36350120389209084,0.3412176629648807,0.46349447706761854,0.2960008116720963,0.3151884776374619,0.4615280779005464,0.3096488681226891,0.3169401279429909,0.31144612567104263,0.26972037365459506,0.3602332665242305,0.3844138019747356,0.3350739301263741,0.2905579727543883,0.29903693219850985,0.33733082461022634,0.38111628873423925,0.3510685705570441,0.3119334291319665,0.3779991717536776,0.35425288621288037,0.32942734235986165,0.2588367221128229,0.26659983653626856,0.32245904501963374,0.22821235143260035,0.2795405732777107,0.37823402197203493,0.29703915437006745,0.31328234977529595,0.3950822026268122,0.37712262531320917,0.31283406550879134,0.3373581723549389,0.36049474149199034,0.31919354756166407,0.36836138372465843,0.3302931468202814,0.4010047687537278,0.37302749216963565,0.360931202271874,0.3142031650458337,0.24073292198750054,0.3021466075153155,0.28246476611195537,0.37881641520696535,0.3351729452170211,0.3114095426390439,0.283515335344742,0.2802931021287892,0.39794219706799405,0.33887873998515433,0.35648083284815907,0.3482127011843698,0.37626985533590374,0.32166335311229594,0.3180892319862554,0.40717118279419984,0.36281061132742476,0.2873596977886581,0.42673672421315567,0.35178362987188455,0.3531190402472007,0.35665030705245643,0.2757293115419219,0.28412908310076135,0.310381467410414,0.2526142392878601,0.3776241556758581,0.3510986062103305,0.2923051709979188,0.31555780199469696,0.28843634109164357,0.28707554740958324,0.3530834708323152,0.398581862913911,0.28831748429932524,0.274833537734065,0.28099080298982304,0.32205108701875906,0.3286350581233294,0.3027144764891334,0.31532232858900083,0.40791773698564604,0.3764955088118583,0.3880974544091349,0.28140239578172205,0.37648255917609585,0.3829657138902702,0.3165409422648602,0.3538144412199813,0.3186205421585629,0.2789191728499996,0.28501478249696144,0.37682441518095455,0.24650983522650258,0.3694846456675651,0.3096275741749512,0.3883046817721965,0.25722874818419394,0.34921450837569123,0.3770590904081797,0.3157350214786309,0.296965084098911,0.33657257172083793,0.3322510862493882,0.2835462247049754,0.3513258522636859,0.24264101787867492,0.4009975734402154
0.36675528818049463,0.0,0.2739951471078559,0.355473794208191,0.22245680131404316,0.3717195740615682,0.27566867234196524,0.35254491630117607,0.3182691705099995,0.4243114798932971,0.2940071008533182,0.3286256744096615,0.31333819732489326,0.31786262876035437,0.35002277358235273,0.27112629490526235,0.32710426930813685,0.3500664662277969,0.3641866408529469,0.37851289175121866,0.3428564075484413,0.3552121629142805,0.3023021209240222,0.3100349003338975,0.40181788328621154,0.2279826075831864,0.2523090291110278,0.2974483964749815,0.3842447599797249,0.2367162943057635,0.35384552399135366,0.30604511797892003,0.40531084281718105,0.28087024302109315,0.3456736793587134,0.34805479135876993,0.2953793746914623,0.35152956981418126,0.2881841630138908,0.3553970964256631,0.37029865682426927,0.361560691803457,0.26344326116873573,0.3002029704711089,0.34562158458390985,0.3274681061278115,0.2381791080757646,0.2568901009365759,0.320075771841582,0.33508335747665796,0.3133770585198679,0.3032341185405544,0.40268211789560193,0.3734326363133821,0.30975420866900427,0.3887909840213787,0.38355637970986195,0.2926605536218173,0.31965972290372474,0.3911431303255303,0.3481133024712864,0.27025881771151283,0.28292569758101166,0.2549688762547238,0.3411141972598029,0.3361378465170078,0.3073702241226364,0.25416926406665535,0.2590371461799638,0.34498429526255137,0.30192339639192195,0.33164965025907417,0.2728600367920502,0.33071282330813045,0.39521887525995775,0.29459717153458087,0.23306512684674613,0.26940114517717434,0.31691673451784486,0.2348235082045218,0.313061278292051,0.35470417930239523,0.342097341833112,0.30983992997766013,0.372374862127212,0.42490171691020084,0.302025839746838,0.2595269490477875,0.29383657504856336,0.3632834543507356,0.28144512058445054,0.33355965809607974,0.3214904232268088,0.3656399457305717,0.3753412853604111,0.36172873021534485,0.278965767024948,0.3309768336077306,0.2714697301882224,0.3212940141754728,0.32039786860423947,0.25934728061700396,0.24732705174159764,0.33548830212367686,0.31722109428850176,0.2828945237140728,0.31818490547083456,0.44098860125262734,0.34455183845367326,0.3687319954826365,0.2921430158990485,0.3272638272838832,0.33127471530654423,0.2885654507667574,0.39055653809189533,0.3914951539398745,0.369912615029346,0.2609955973967193,0.30255383780821404,0.2834969401360335,0.29446614270827387,0.27228772368916015,0.38302951697792315,0.3385478613403689,0.32326690020190507,0.3379106548045308,0.3047349102913618,0.27722400816423654,0.41929016326508106,0.3258742377106949,0.34375224127948634,0.29416174889714874,0.2648933967510568,0.36855042853086856,0.3642114813140336,0.3092279696199542,0.2893756646142428,0.35095006236657256,0.3468189920248734,0.3391270131851402,0.310117580016489,0.35877360613762893,0.42330449861492003,0.3080234507506555,0.35189924474194945,0.27764871010606407,0.3112523285797589,0.3105667374809535,0.44142415661937695,0.28799449216484896,0.31536585094189806,0.37230215323048577,0.3246549123074242,0.28422942262843637,0.37550576861677853,0.3796660543439934,0.3113143436863463,0.3162730778782326,0.31705983152780204,0.26031380903348456,0.322063973721461,0.3976727825176225,0.29042180701003206,0.3392452980961902
0.27735633154111117,0.2739951471078559,0.0,0.26260523544211195,0.26870874572841297,0.3618858937242487,0.22711657126198104,0.2545594066610202,0.23877118067430614,0.2802155395795462,0.31157588738779757,0.2794948001980888,0.3235923785509789,0.23517019335544045,0.26963110157311493,0.4016198411803036,0.35096844309332276,0.2647852534496159,0.21999487245783952,0.24164969949293788,0.36855156526993593,0.40457117451473695,0.2126624379230767,0.2902956516594134,0.2551919712499088,0.33965005725840697,0.21597524953144645,0.2253995711935659,0.2552165704569547,0.26399863250944994,0.2230726181070094,0.2899683939124855,0.26941040292039864,0.21950349760182733,0.2294356948162239,0.2871323253946989,0.2887057799247141,0.2737005665942936,0.23998406934502872,0.29310676022579074,0.2771181023152332,0.3275347115170246,0.28260595878952327,0.29994247738582386,0.26742566853454147,0.2754623605763259,0.30176821789441494,0.33220366207035856,0.23367334852858124,0.29848766947516653,0.3137152594800125,0.37185095284951014,0.2164937332076298,0.30728474639880904,0.27020323139011315,0.2710858826253502,0.2667988726562827,0.3362861014058775,0.2144155521908395,0.2658321080912096,0.24225733257889104,0.27585266521795887,0.3550482254230579,0.22137957493153176,0.23944799936921562,0.2653698459155119,0.24562200316487423,0.34490690667700796,0.2545920872624853,0.2515835680611997,0.35028307636505757,0.21575608548176106,0.2485633975359148,0.35456519641463513,0.29390661868116896,0.19282887095152415,0.27753289035749024,0.29564928637421667,0.23202295659686895,0.22706453651537967,0.2963758504248958,0.2830541486731318,0.3150519947195862,0.259940775001986,0.26765454866460503,0.30155590256024295,0.22538102296220602,0.2076897906626802,0.2282302868211649,0.2410114677363453,0.3348910346069289,0.22435696716690792,0.2866383283883714,0.21510234469226983,0.27112504748792043,0.2723214201131985,0.21956305029138024,0.2586796819028269,0.21821071496921854,0.2476917765472537,0.20081720182740612,0.23635717728917865,0.21171089676403226,0.23669876137928836,0.2672164935967123,0.37702320241358145,0.2964872445469303,0.2557497018974695,0.284768994042359,0.3186812901869954,0.2685124431775468,0.26082408669304186,0.27333106457224793,0.22185967163075423,0.25651581897496106,0.3389547495662097,0.21318378232271423,0.25373579545692604,0.3274075539766669,0.24556074755766097,0.30985472039549644,0.22411093424752482,0.25738683127862233,0.29849136875514237,0.20161993735458184,0.2804031061884958,0.2603867779120372,0.3057876428271215,0.2980822136703529,0.27188206749955435,0.24666043051797681,0.4498530789628121,0.19478500797941073,0.23531149158662734,0.2523705584326455,0.23937021239110504,0.23607879184083702,0.25845754901593565,0.25455189027597563,0.23434351843942625,0.2091131689030864,0.29486559480366253,0.2563358829548485,0.28043299138751343,0.2733615607469307,0.21571851295554076,0.3642974294750396,0.2632619527334805,0.28152346261508143,0.2330702249671976,0.21219027892278974,0.19689500623629452,0.24452633134544985,0.31853215696954085,0.276821113678885,0.24722932085601762,0.25597549419143406,0.35276203939916556,0.1940851785440498,0.2522113613698725,0.2504507939824491,0.20523861198448562,0.21529303652421172,0.2893420126950563
0.3433045982477339,0.355473794208191,0.26260523544211195,0.0,0.2080034629898937,0.3104234747683639,0.27322870462085186,0.32604843315954557,0.2842318891340531,0.3579769974888221,0.3019157950584355,0.3098202817162172,0.3306010713966227,0.2890749846190276,0.35304233902128707,0.28320812726687117,0.3223634855871613,0.36143816859295014,0.32033266566798335,0.3398425907071077,0.3295056737312894,0.303383025956498,0.302222079763894,0.26158005144703234,0.3965783787754607,0.2608508295139647,0.3145305585888668,0.3083079069444673,0.2799289616840488,0.21322462832665784,0.3435035483293501,0.31357571843334525,0.41761060870273964,0.3390052956846389,0.3225139760289052,0.3849555098163148,0.318660471574928,0.3299009138500167,0.2911572319626708,0.34643292066332465,0.29513350892839574,0.3074206230248983,0.2796238999717704,0.2994228934322198,0.37268211587834366,0.3666464327326277,0.19515318239776566,0.26735106546718335,0.300987828591669,0.32747541296528493,0.36514984185098653,0.30169515112523043,0.3287342760854697,0.4125993139262189,0.3528144061019115,0.30012681150733966,0.36638877732048986,0.2982839619828547,0.3026142679074452,0.41882925480118144,0.39481426857555424,0.295593498538246,0.29846424847069747,0.2425882084636434,0.3410131552056801,0.38813853137760673,0.3945251871816702,0.23961328527884204,0.2826404781760698,0.333674323569076,0.29413686385258303,0.3030040376523336,0.30644399264877537,0.4089280843879598,0.36739323944457025,0.2771480486947093,0.29060914071261335,0.267321427354442,0.3035473464858451,0.20342947809049297,0.24956816760318098,0.42758876511405064,0.2535420305350168,0.3056771195126806,0.42861029936054557,0.32744283138546415,0.35153595664342796,0.3167019996671354,0.34206868570888493,0.3171335870482496,0.3033268413411818,0.33223461861234066,0.3016976017488875,0.31904603902693685,0.3715916248836183,0.2970088253203633,0.2693362825742249,0.3278334660671662,0.2675534259340989,0.3703855495100708,0.317299562037466,0.31873867782157234,0.3225004564636684,0.29605894873366984,0.3586359480210354,0.2925122574690072,0.3691233316120565,0.31793380367129237,0.3072149826268471,0.29724137182692256,0.32515375357697623,0.3533084178906358,0.39746614960561033,0.3258793027069525,0.3612660259615762,0.29966967541934786,0.3317711310394901,0.26024007229252194,0.2917021793232589,0.3063855184241269,0.26378412594003736,0.318117071395344,0.329045658917368,0.29254174982196496,0.26061945970414135,0.29949141399102874,0.32979353999726396,0.29183789938425037,0.3780278184762196,0.32553810995454907,0.268665734323331,0.2870504923227336,0.3070630337720538,0.33802168520381304,0.35374472236860344,0.2391061963492495,0.22047452582426874,0.32482814404887533,0.36381071243394525,0.33952672349827523,0.329520094229047,0.3174220247115722,0.4297840900602118,0.33967561828925646,0.3103506481358466,0.28402979301766496,0.27313209962639146,0.2670874019709214,0.3223929761574557,0.23783682525896518,0.36112887271812016,0.3111189625621982,0.3352477849490321,0.24130499329772326,0.34478369673445214,0.3664414515917478,0.2845802998261181,0.2867037818909162,0.35602050225371834,0.28841305159623765,0.2918875323912561,0.305974038479828,0.2796880519442928,0.3037985383882217
0.2442219586368682,0.22245680131404316,0.26870874572841297,0.2080034629898937,0.0,0.22703874429730644,0.2425750238098135,0.18353796074449175,0.20634802871147295,0.22505212479850337,0.25533591023339486,0.2210773441973021,0.2262954023431138,0.21488519961308775,0.24425342450953036,0.2732931299986331,0.2622596151206973,0.24394648827505813,0.18303467583535937,0.20826147083760907,0.2715024558313462,0.2705448057977555,0.21884199604916618,0.26041206150018764,0.21946196669402987,0.25358699056445344,0.19412981829881532,0.17989849503403219,0.22740617694476015,0.2397939693076304,0.2099911286246434,0.21281069341843215,0.21592632482093355,0.1912188524556968,0.25147604052955624,0.23330436256938725,0.24132024031230373,0.2192122465492853,0.21572441835058515,0.2488042077475348,0.22744820361056894,0.27640179113481994,0.2482269110646581,0.3003265772825922,0.20250253910326235,0.21688121384859552,0.265876151439084,0.30288143831909947,0.2334643249600872,0.24414937810583454,0.24450898332763926,0.24832185089208003,0.20103639295376963,0.2283948862175871,0.22715741603424155,0.21791527306606162,0.21742444844664877,0.26990957015296724,0.1958163515881927,0.21769081395271722,0.17469711906110857,0.20662175960689538,0.2301776262231864,0.20595527202647593,0.2221689710121392,0.19299211464070745,0.20078137730065293,0.2451874702660275,0.19463825943767374,0.20616043361550562,0.24698030578807756,0.22037054033825135,0.1953918540608416,0.23050959540094956,0.20147103838178845,0.18349866178793758,0.2136843758344656,0.36918703265270314,0.1894018533580215,0.22339390773338316,0.2228608331724306,0.22229694917025128,0.27057079352005564,0.18180528422152809,0.22911104654963524,0.2066221610084457,0.19709765993233935,0.19062398234780314,0.1856269385714391,0.19853631601085026,0.3282252791951309,0.22963754301912254,0.27501616955614966,0.18550355199257493,0.23283626164553767,0.2207879339084763,0.1590699926813663,0.2043312956981035,0.2142848623689278,0.19161107195403307,0.19896045825799072,0.18874064372176066,0.19694567903831045,0.19370622157716594,0.21165064562705677,0.252006270144873,0.20786322178237385,0.23153581285763944,0.26324213015539216,0.2537590036656538,0.23387015621475285,0.24824895558726662,0.20478493772898856,0.2031717275624425,0.21604093037041025,0.25097233465547886,0.19335004939983416,0.22640214703604736,0.2274002109571097,0.21030362592351204,0.34070627973323303,0.18060866282859223,0.21898100183739158,0.26054234505102564,0.2054158397299162,0.21553859602664682,0.197166897101314,0.25168639273674787,0.2226911060404104,0.22503156097809532,0.2029413027817139,0.23549943937255752,0.16923929389751555,0.21046947015316098,0.20585925358194837,0.2328675668311313,0.2215016046156232,0.28063682121072464,0.22430157509435977,0.2173359415434776,0.17939541529331338,0.2648265248347959,0.2288620623480795,0.21676607004246054,0.25547596145589746,0.20925183207567685,0.2539360054517936,0.22400601010782403,0.22442955085334632,0.19200799715423195,0.19308706601315917,0.19440384745502806,0.22177496321678986,0.2510111171812459,0.23191872582556386,0.2136346271593502,0.19238598111619634,0.27225150772041734,0.2043737007905897,0.21049355450507534,0.19430690847831925,0.20497441026772958,0.18888004305454706,0.2830245218097473
0.3091539915647483,0.3717195740615682,0.3618858937242487,0.3104234747683639,0.22703874429730644,0.0,0.24880404225173702,0.3081561336573442,0.26768376217017764,0.29436713194762393,0.36130335158127735,0.3699770367700762,0.36352881263316233,0.23046743318745125,0.3442874314993924,0.35716374481245866,0.36523503960958015,0.26095372429625163,0.28627018226239803,0.2950990327349067,0.4136602973469765,0.4012517261128477,0.21351215440040147,0.30120131791302346,0.3080081587644846,0.27460884983139844,0.2189075555790707,0.25271285720659853,0.3103279236109721,0.26127673931955475,0.2838811487233511,0.3274820571964378,0.38277987379133027,0.23561971646229216,0.2512017737566216,0.2803782496863658,0.3227407275410674,0.286794761765687,0.29275964183141534,0.29343150079815716,0.3266558185599788,0.3307347423046086,0.30666944035964394,0.35994923330119566,0.27395020687991195,0.30349114001678434,0.2407268988728725,0.30967980401158723,0.23496953458215522,0.31812123723075475,0.3483962691657671,0.3841581375244261,0.265506784805226,0.3692752764539805,0.2836639235649758,0.30756472421179015,0.3344987539583917,0.403678534269887,0.2205756119211735,0.2878347935058187,0.32328934844909957,0.2867224329059972,0.3961956898163118,0.19552673965400533,0.2638503915994921,0.2942613373684089,0.26794053807697393,0.31993015248439716,0.229457558567394,0.2904876962568414,0.35260281362557033,0.22959962705439277,0.24366052817457426,0.3565774089487615,0.3707945802789884,0.22479196825343276,0.2874261941753399,0.27080145661518,0.2725667759964783,0.2662561427962784,0.37035534319355634,0.30174840433155714,0.3533486650819224,0.29950139373187074,0.2980776211016701,0.3199628629554979,0.2835848653659755,0.2246976564245459,0.27060700570556484,0.2884518589329836,0.33834354262411703,0.26129895816742704,0.3258812476167402,0.2692910201236918,0.2675492355777151,0.3580368523990836,0.24912545955508886,0.26735344016328233,0.20955712759755568,0.27092745685653347,0.24507576317832017,0.24536792779141964,0.22605824067211702,0.2576980603781048,0.2849007044779802,0.3981300645438623,0.3444465161448987,0.31127928328956467,0.30002694837381716,0.3662310403296648,0.3060157928929886,0.257996556813168,0.3239181500927062,0.260712332328778,0.3166050018907937,0.41573782654389496,0.27591958996871263,0.24284204063868806,0.3610580609184246,0.24332827205313037,0.30879614273086414,0.25944413231368135,0.2899956334859981,0.3757659212632486,0.24414133958366377,0.3667550373444207,0.2683178406151512,0.31084962626030854,0.3212503784778438,0.2635090128029257,0.27358987317138356,0.45496604293121506,0.2407555788323881,0.28194373262599637,0.31230479574904657,0.27951269483189806,0.3020169884821008,0.2719296441321019,0.26379035265789985,0.280593038295321,0.27543805574484237,0.3186695556484722,0.2762599848197415,0.25745719099229064,0.33143508546297407,0.23142682386445815,0.38166132670663117,0.3523088387380319,0.30612129998759813,0.238309992882596,0.2654229488435466,0.25525279922375593,0.25926368412180884,0.2879028265902142,0.3693617404319565,0.31071911500527466,0.31166874028464936,0.4153883276348479,0.237340770076,0.27597691798989654,0.25306119137078253,0.26978654633547006,0.22996133154180343,0.34768891503212285
0.28714741815449707,0.27566867234196524,0.22711657126198104,0.27322870462085186,0.2425750238098135,0.24880404225173702,0.0,0.20377775634919157,0.21394696947016237,0.278932491068272,0.28933595092709646,0.3184542656441018,0.2935293476573436,0.25925444024865724,0.3179328729355198,0.25269156370861307,0.2843479032702872,0.27292006656196355,0.26481115314882486,0.23087853542948025,0.276960237475016,0.27820831936735196,0.3522105793730664,0.3018558217431901,0.29217915273432965,0.26531388727337324,0.24119525122353527,0.23348423344352637,0.30706837434736567,0.2591150631569252,0.2552695040936913,0.3334951056423034,0.2809520011386575,0.3063841913177684,0.25815400418313594,0.2666732922576779,0.332467624668171,0.2291783317053846,0.2760718532298131,0.37937570078476957,0.27939572339913743,0.30277884901475316,0.2950452679691639,0.31160383458509483,0.26574695362349743,0.2840469593051398,0.2762661391211383,0.2642921660507691,0.4249612939313393,0.2700275823250904,0.36133378288860846,0.2537973755467703,0.2337486731900092,0.3027949464504024,0.3549009589499163,0.2730968311159222,0.2787707932111638,0.2538592722524522,0.28909875634673377,0.2796716192683831,0.2097969113030413,0.2562087779813419,0.2312014717540474,0.2449790373331909,0.25264947611805194,0.23070634292908943,0.2749873900475812,0.2863732276714483,0.2291988450236299,0.21899404057523164,0.29554967289525347,0.24851524910284242,0.2310719783951746,0.32493995339945464,0.20605818773772233,0.2718518136640314,0.35421203249325733,0.29981362195131406,0.21780116023427615,0.22915020469170108,0.25490560737706996,0.2552914338878882,0.2692282940542075,0.1950838847161229,0.259065546659912,0.23257067482069757,0.22105124359538897,0.27030376563051545,0.24918882534454087,0.23687762997183337,0.32386388103926,0.31196076757038405,0.3496416386345737,0.2712329093487783,0.26950477357720376,0.28796758921701365,0.18160465519849242,0.2622075533216215,0.24958865202568353,0.2807964106785297,0.25678132621610855,0.25772236921095637,0.27074028860860033,0.23481333617929923,0.22856011692126202,0.2714517835284049,0.2500650691615027,0.2576169526162657,0.35294902450834814,0.31588165575520954,0.41171176719890434,0.2719458710256549,0.2610157333285013,0.21006985053928243,0.25193065152595,0.2715004260080039,0.2553490109554138,0.33243061228966525,0.29478740016042687,0.2186852398451865,0.2754141567408222,0.2044359315679721,0.25843704045664384,0.33297512677481667,0.2228974658791156,0.30560830389713184,0.24670412365951574,0.2899431370538525,0.26168998990240844,0.26303014306879163,0.21193637189323722,0.21762578880465405,0.20981056088720546,0.22369804546570535,0.22571068830600532,0.26580728548160304,0.26231183359032084,0.3225665399686112,0.2565327990643595,0.2779984261475181,0.22148094656816358,0.2947355495531644,0.2940301591557702,0.2339799430414685,0.3026727929881391,0.2926132082560413,0.2503610773594281,0.27822290047049864,0.25354925343017026,0.19968690829168914,0.24558372409229692,0.25416838152210985,0.25889583314432885,0.33765229553978315,0.2924345003155853,0.26003558121306886,0.28204106664388295,0.2843623588111253,0.2796494356763956,0.3540532492383878,0.23852064954723654,0.2485620438659866,0.22454191606608337,0.2972738824117616
0.29401451494819875,0.35254491630117607,0.2545594066610202,0.32604843315954557,0.18353796074449175,0.3081561336573442,0.20377775634919157,0.0,0.3548583655340955,0.320987342896588,0.2573331654408399,0.27325972185715697,0.30413382953295026,0.27453613352644074,0.2866898192085541,0.26768999649648634,0.26853136058256155,0.2969298885284454,0.28329151774760025,0.3343661062696446,0.28463155358129794,0.26848138038646424,0.2390585182499858,0.22291503505678778,0.33074592136830383,0.22915324098999934,0.28063821036742503,0.292626176049419,0.24404123808442812,0.2168311353438325,0.39119029832055174,0.2765942315887779,0.33071659158185146,0.265195818656239,0.2995612796506701,0.32825577914156306,0.280711458268568,0.357551502742972,0.26199050912346594,0.2668308007884623,0.28137533352072475,0.27587270023622196,0.26761893745175813,0.24369992458729012,0.3952158151829948,0.2962303105832618,0.19626484909636108,0.23255068239765256,0.24566286439367163,0.2874128632613029,0.2635776272937131,0.24633952758928257,0.27999328531326195,0.2770713538835313,0.2705694683028791,0.29333533905755493,0.2923556735800076,0.31704508179480606,0.2704833558461195,0.3052489673191255,0.43928877291044005,0.2604412560366648,0.28834152403039315,0.24068883098890848,0.27038158192283795,0.3011619674599765,0.3222614369883992,0.23306097976613277,0.2826809744157723,0.5028633485465365,0.27614299311733337,0.28751959252918985,0.28027269552280293,0.30075298386809435,0.4027281854270734,0.2565622824314641,0.24800892252247253,0.21221924986463603,0.3526019962304485,0.19273972209972565,0.2619358497781985,0.3274494607782491,0.2681278175561225,0.37214579219046906,0.34786552299496537,0.3963084130941195,0.46478343651848697,0.271321229939056,0.33843869083786654,0.33094522486341843,0.24925301108646775,0.2993287317593935,0.2522749118675206,0.2598741065665553,0.32256092317973223,0.29051362474241205,0.322210265241422,0.32181234188690194,0.24601073074475144,0.3303000872634828,0.28860897859625806,0.3254816940176044,0.2700091479378976,0.32760199094007575,0.37208955715000835,0.28879933786325124,0.30327637505417554,0.34373262127879883,0.262070293805229,0.2483704823406839,0.2261741593489531,0.2950879085534192,0.3324471930649244,0.33447397965514547,0.32625304153573065,0.2993808560079609,0.32529997681780787,0.22620429722717134,0.23800872056867511,0.28897689226421736,0.24085087689165735,0.42828393202617626,0.2816240762666581,0.26095539673072765,0.2782509309727867,0.27841978220870905,0.27117866656422496,0.2881552568452435,0.3306046458695498,0.28155182758915726,0.35582960679120007,0.2863520136386289,0.33575632367729735,0.31113144509188223,0.3312344979353165,0.22876433279959696,0.2339165740469772,0.2693147238119831,0.3445499970359186,0.31976157436320657,0.3160569541862313,0.2753252710888873,0.32415471792227535,0.30764412955254,0.2927753248144407,0.25292279476102003,0.2815434142136978,0.2669137092751846,0.35423476653327035,0.2512370281096176,0.36476122786628,0.29900176344892293,0.2618112100056371,0.2320609300313405,0.3543384261342077,0.3844294903389855,0.2587231832703615,0.2792807857117643,0.259825297439726,0.23387116966927557,0.26748067697919,0.3255676835511964,0.29397132233589535,0.26879021027069905
0.3369452018302517,0.3182691705099995,0.23877118067430614,0.2842318891340531,0.20634802871147295,0.26768376217017764,0.21394696947016237,0.3548583655340955,0.0,0.2798518060974849,0.25200987536991265,0.25830378312925784,0.26315522058518076,0.3512448139594001,0.2844170433250289,0.24937514014490922,0.2511451724371387,0.34221659022673473,0.263525514185636,0.3561415470539466,0.2575550165962842,0.325319895295364,0.23454717094526556,0.22179030434665356,0.30691437826924656,0.21944860225345597,0.3103769121543545,0.2811897309275994,0.24616649965551765,0.25063853022839183,0.3887211398096432,0.2584223529349588,0.30376690606407847,0.23771467253218187,0.3703604526523228,0.3221148154824113,0.25421528173440183,0.4345729364368614,0.2506363496169719,0.24734865270579556,0.27598707234689307,0.3019497009427623,0.24734334038500125,0.2567726261845565,0.31493902982279054,0.2722068429429883,0.20009693086541738,0.22548175637492504,0.248079342544984,0.29861579316094267,0.2473172650117791,0.23657844716033422,0.29475811614725866,0.26173608112516045,0.25405300967757405,0.3187858930701176,0.29043436269113754,0.2748271496110843,0.27648841869645757,0.2807331482529872,0.27759981810573975,0.275895922010249,0.25171139476875415,0.29618668173244356,0.29992837610269163,0.2765155539600551,0.31906791003659113,0.24562369360863054,0.29230649488584304,0.3573042763913953,0.30198763458710404,0.338261088623277,0.3332962382081773,0.2545931606927281,0.36248970693798727,0.2650596020417234,0.20190150941205393,0.20408786807292464,0.3205888951155691,0.19597829184813292,0.259607650921702,0.3920283819188357,0.2840688785149123,0.3223316757453514,0.32978420988402274,0.3965576011476421,0.31385013332832695,0.30815699665647817,0.3168551124027203,0.4040840866978564,0.28526921973668395,0.36228026655770046,0.262567662630366,0.2586404764247047,0.36610955715480836,0.320699906655473,0.31536944877990936,0.31065321059885853,0.33005566441758044,0.285315199644991,0.34453955950835663,0.2294021369160015,0.30174219941371133,0.31963981331141866,0.4064415997931728,0.2633684147402818,0.2443427755077772,0.3226849310011023,0.24898144795703162,0.22722010483885113,0.21391250714325982,0.34784998913041987,0.31210557889341795,0.4127611098780014,0.31430236512014603,0.28447420508020843,0.29692438625992396,0.2428164824946232,0.21578060786926037,0.3570463116705469,0.27271624438125014,0.313784398046213,0.2865497152056965,0.25864820202380584,0.421832369034159,0.2581697955220339,0.27779091207714685,0.23888634525911434,0.28259381503740705,0.31447936743927873,0.43461458826787713,0.2753904711409265,0.31459280475175005,0.4110120020231525,0.31437087282851983,0.26669693263935473,0.2477998913619128,0.28354119936527916,0.3563874724264019,0.33718340358610516,0.3395659450027409,0.2958830902753881,0.3236914329988846,0.36696182826755364,0.29843730681339564,0.2679208691068259,0.3240468672427739,0.25064333646309167,0.3368083831046422,0.2700029975700893,0.3598088022867143,0.30128893457762745,0.2861677811425011,0.23415955276516423,0.31595166928714513,0.36582316028739514,0.25140868614509315,0.2558821501181011,0.32282749979521785,0.23243474610484025,0.24990569718538566,0.36954020101899043,0.34297203637957235,0.31027543583628164
0.3652368669351345,0.4243114798932971,0.2802155395795462,0.3579769974888221,0.22505212479850337,0.29436713194762393,0.278932491068272,0.320987342896588,0.2798518060974849,0.0,0.25804815812376247,0.2632490835653288,0.35006986879380014,0.3430760570797495,0.30301369160803604,0.2837392863336456,0.3312490038118483,0.41984933923347495,0.2799755198172048,0.32909351656082314,0.2859540401875496,0.2806929624267367,0.36117546338392614,0.2518148557386314,0.4701262392715566,0.2414181486043894,0.3019525847829987,0.3018504080578269,0.3589444580779704,0.23037395874144093,0.3388353657392381,0.33738559217489794,0.2916950957284361,0.31060983443103324,0.3604965282153086,0.33832967579393375,0.33009325763313463,0.32011027588903046,0.22863225773564735,0.3542095910892773,0.26656475504909516,0.3415298920311118,0.28269472967718057,0.27171558660878453,0.35732284918701307,0.3272943684152795,0.24063585145695535,0.2568163194174769,0.360033592414165,0.28963551905449214,0.2959160799373563,0.2625260217513603,0.3073210098171559,0.30973491934192093,0.32300219455838336,0.37195922343427457,0.3040047540815835,0.2578988588159495,0.33660737865329454,0.3611110278891902,0.32506602004240936,0.2821415855364578,0.2475212602831674,0.26961946655208013,0.31230147323478863,0.31504615642398365,0.3194078494698176,0.2611967492935065,0.30160147492226963,0.35070096564460695,0.27658460103243665,0.37484814900066665,0.27493905100179866,0.3327937750529583,0.3226559484163235,0.32852340102081945,0.24367721778562138,0.2943320017777416,0.27506877255189893,0.23444349243861257,0.28593399191077923,0.3203794087313026,0.2989441893952119,0.31790485583242906,0.375620008608986,0.32929330044033644,0.31383389372963133,0.308406112614876,0.3685439469039543,0.2915102305028424,0.2855971702305427,0.33678879330579414,0.31361288189461367,0.28327438909725033,0.3761458035118687,0.31517817237195156,0.2235512088307887,0.3541097665969119,0.2965091571045471,0.37080343221114587,0.3193099165311537,0.28277559375632555,0.2802884372011602,0.3429898859358825,0.3199326917727729,0.29272205011842867,0.31761470264269204,0.4326478801544578,0.344841513301293,0.3125717759098641,0.2694636143871031,0.33070570550531647,0.3604250505725389,0.3167727145977133,0.3262759128380567,0.32401591829240733,0.365217945216438,0.3096523852174537,0.294955747939562,0.32680879688521575,0.2607706924777303,0.2810129325704844,0.3223531106804506,0.29612054364384277,0.2820586705206564,0.3131650211266581,0.3129969413518004,0.26651857321678857,0.4018660901156133,0.3401896892975922,0.3691608998831417,0.252544097382495,0.2800395794789504,0.27635170510899604,0.280395668992108,0.2575574718041858,0.266933851440757,0.35863836899212126,0.3665775207536003,0.3113019287719133,0.2880935314137888,0.37036544278743655,0.41387113157269995,0.2949862231711439,0.3183132223255807,0.30518268477555277,0.234447011737582,0.3194103223527826,0.4871497451871889,0.26437874538000855,0.27958874944451,0.35600702331699885,0.27214588101167164,0.28972851813070777,0.3254302317312379,0.33853049925196055,0.25197298026206155,0.30761196508604055,0.32918158420745386,0.3113181239822357,0.38080440769392015,0.3719014723682613,0.29877707467845405,0.2768801350725279
0.3336811913220411,0.2940071008533182,0.31157588738779757,0.3019157950584355,0.25533591023339486,0.36130335158127735,0.28933595092709646,0.2573331654408399,0.25200987536991265,0.25804815812376247,0.0,0.41449940624627973,0.35558970788887917,0.23144437954855077,0.32811421181327294,0.42145556816557866,0.3823272835039388,0.29541236026731943,0.2910092251092951,0.2857576588465776,0.36367524603209095,0.38518969776003376,0.26175483623803564,0.3486415642475248,0.3213814585195324,0.29774662916093386,0.27948090353829236,0.28429094076366007,0.32806415564068947,0.31660252579007236,0.2813468320084273,0.3327730379448857,0.30477223675894016,0.2618335562876584,0.26061296927991684,0.2873436109789981,0.3831048107713608,0.2923626647625601,0.3569099767060083,0.32759693586192923,0.27944128214871783,0.3155917969291277,0.3193736728947603,0.35828479267247687,0.27952363710893724,0.29818207837547706,0.21264161761595723,0.37080980561766697,0.29755628041192833,0.28144024231949455,0.3714245622576223,0.2909312274613439,0.23885512156578315,0.34732917293382976,0.38801094751751536,0.243306754723134,0.3557161646497747,0.4277139352288396,0.2317926109970952,0.3033689176947824,0.2834626106356682,0.2344225210602582,0.34271575821960987,0.2092896797999533,0.22762122899928644,0.25834661617562954,0.2686533625938132,0.28248967180735335,0.2451497079828932,0.2886910031729109,0.3211303737399048,0.22883123643645553,0.24023615544016855,0.3530221188412393,0.3068369476832381,0.2415098027635531,0.36126796378226445,0.2965465708645618,0.2519855026316863,0.2431465879469581,0.2732362495362495,0.2619232595517069,0.30733498008081106,0.2585496366974818,0.27410786592506925,0.2765437875902555,0.27766359016080544,0.23650771608923787,0.2631330505253584,0.26148280385108885,0.39351689843490045,0.2276059854328311,0.40933618795331783,0.2886034737966385,0.25660309310375107,0.30024086554086576,0.21212000594385977,0.22335717471891103,0.20824390782489793,0.24611450252591124,0.27057586010587975,0.27843593668469496,0.2207057576073349,0.22603429955207743,0.268653241326993,0.3067150443998149,0.2825717291543593,0.27959894971119736,0.28580673709474513,0.363422348367824,0.37374256774668185,0.2699694316489943,0.26496761734063895,0.26023361145354995,0.29938279766401027,0.35690416551521154,0.2580626884865763,0.3054262200808499,0.28439942595337603,0.23397037908612603,0.327699635232,0.2248974072932082,0.2658573897036258,0.396723166572092,0.22270696265129503,0.37466787772135063,0.21376931161237536,0.3557427838719932,0.28415411104021404,0.25137181683609533,0.2316664166166246,0.3411219243061506,0.2702682155942678,0.26366075579524073,0.31089019624355724,0.25308891800501976,0.30040897569602987,0.27869999690681563,0.28290907078295147,0.3074890769707136,0.24366494133997968,0.30444811113763204,0.25534682456030433,0.2531975844633326,0.3561507034628545,0.22414915296414128,0.3135056800760446,0.28315790993101947,0.2703535298117988,0.23308734458733174,0.32131728156379574,0.24101161296662113,0.3621942254010739,0.2635763790219963,0.302293751236593,0.30663251016730075,0.33510515413193864,0.3341800137303389,0.2585236767675723,0.29010810603578774,0.216150046373641,0.25692369186673425,0.20526421462914518,0.4375137671138093
0.2965346412993758,0.3286256744096615,0.2794948001980888,0.3098202817162172,0.2210773441973021,0.3699770367700762,0.3184542656441018,0.27325972185715697,0.25830378312925784,0.2632490835653288,0.41449940624627973,0.0,0.29117682694833347,0.20067368172724942,0.33610295854708433,0.3201764276499617,0.333321482284319,0.25744159876601896,0.3675003567760246,0.27648447300723566,0.3679332139697762,0.3386383588950653,0.2614573092965178,0.350733280630314,0.3343547714334141,0.2598819305610415,0.2541981288855695,0.25282518155238265,0.3192857874211956,0.3162210218997755,0.304100289726757,0.317603146052564,0.3292074720882584,0.28658650500577176,0.2389731133811855,0.2824898803046141,0.3429290429808805,0.2877611790330763,0.4142401188338963,0.32236220397305676,0.3370952224894671,0.29174054043193537,0.3076128097923378,0.33118118438896643,0.2752631087393238,0.3146154323587366,0.22692560319294702,0.3011399830993831,0.28799668301645326,0.28417688891027754,0.3840369534206782,0.30500805916652585,0.24023343903595948,0.36680242660290024,0.3686341999478034,0.2539797122191945,0.36962746890096,0.3873493139552944,0.21817695987714777,0.30906859383525337,0.25769440942305716,0.2342041728869502,0.30104825662157997,0.1984638703768274,0.23922974207967596,0.2624609886005961,0.24582838070305887,0.25193604997286084,0.2083674169200556,0.2618386315686944,0.29405195065945483,0.22035350567822495,0.21460452880716657,0.33147267490099874,0.2914043730757373,0.23846034700676064,0.3059996597217087,0.2875245347254763,0.26802168574615953,0.2403921162020043,0.28696664258620613,0.27946996840138927,0.33207088690916203,0.2396248246709338,0.2794676278774755,0.3094393400916375,0.24737766811554013,0.22773563651923415,0.2816483147286793,0.29740409604597157,0.3183545778712565,0.25254975785734357,0.36715845293832433,0.3011083229480878,0.24241852161000346,0.34860438090207957,0.2184597076902794,0.2512452482333428,0.20209112965584797,0.25338854065669253,0.2572607988774773,0.26694779660981943,0.23749499289361753,0.27788125483302806,0.2471792902138412,0.3072259821628682,0.2980272866308963,0.2728308750859392,0.29401413578856606,0.3704223495235249,0.434156105769389,0.2728452513425313,0.24754836712757267,0.2577899536064941,0.2947334928916593,0.3571067302407591,0.2673559853652784,0.3047898889100021,0.2900198860077355,0.21502083288750343,0.2815098810325665,0.23571496625970043,0.2571711182045793,0.3849479476552714,0.21249051321976517,0.4432181736529308,0.21910053376444855,0.3389671842798426,0.29797243030486564,0.24502501277483346,0.23881719725268902,0.2974655708543263,0.24806082673452537,0.2801930948838249,0.29552027454229973,0.2399670482009468,0.3320287667136439,0.27997177405396134,0.2683015536221298,0.3418688886595207,0.23756408006818064,0.2732139595406212,0.27474923096045845,0.24695391920608845,0.3355239175853371,0.248141357649678,0.3729016154199081,0.31953041406070015,0.2856867844339175,0.23196903092569054,0.3089278766844477,0.26468665422300036,0.3188008116581233,0.26863188701783774,0.39559966785726847,0.2832092151915099,0.34006283235259166,0.3524690091841989,0.24267670717898793,0.2764138058742826,0.20852800380797534,0.25719554472708983,0.22442476517261165,0.39177634850551585
