0,1,2,3,4,5,6,7,8,9,10,11,12,13,14,15,16,17,18,19,20,21,22,23,24,25,26,27,28,29,30,31,32,33,34,35,36,37,38,39,40,41,42,43,44,45,46,47,48,49,50,51,52,53,54,55,56,57,58,59,60,61,62,63,64,65,66,67,68,69,70,71,72,73,74,75,76,77,78,79,80,81,82,83,84,85,86,87,88,89,90,91,92,93,94,95,96,97,98,99,100,101,102,103,104,105,106,107,108,109,110,111,112,113,114,115,116,117,118,119,120,121,122,123,124,125,126,127,128,129,130,131,132,133,134,135,136,137,138,139,140,141,142,143,144,145,146,147,148,149,150,151,152,153,154,155,156,157,158,159,160,161,162,163
0.0,0.8888580756080519,0.8793637209277765,0.8460089547455466,0.8368057040021436,0.8573674294103869,0.9052754683664694,0.8315648066482907,0.853186695797128,0.9091638540022454,0.882722255241587,0.8504481926231708,0.9364826856815177,0.8208358824163045,0.8946343902023897,0.8800033165660888,0.8961684232102927,0.949834209853307,0.8220846066147507,0.9549601989691409,0.8887657196515992,0.9226462067715627,0.9048850910117722,0.8517071951699428,0.951164692911248,0.8325892209431823,0.8498284205860357,0.8659487003071727,0.8113083839731097,0.8150291283040993,0.8798439694411662,0.9145465338171855,0.8485408990781574,0.868644298942493,0.9019111767684724,0.8228510621832366,0.9450069308505222,0.8274360725990219,0.767805227267947,0.8915077557224532,0.7753577312946768,0.8962758614881075,0.8935536138962336,0.8638155467368431,0.9144061737600658,0.9277664802526331,0.8850424785548298,0.8606871797511718,0.9339255758376007,0.9009034445895873,0.9020587549677688,0.8735925751373539,0.8262909127719931,0.8825989175730269,0.8566131371634855,0.8487388636842437,0.9286391853764269,0.8482689007684342,0.8283661785879722,0.8735899610304569,0.8402254641570488,0.7677076047685504,0.8429883972289337,0.7789535243261853,0.8612637112339615,0.8574133722067568,0.8736170540163624,0.8988428547658048,0.8658896647716636,0.8606876805968625,0.934535485851936,0.8200866620544673,0.8125987622019404,0.9086943999746265,0.8407498633621763,0.8826395349583638,0.8538962564834801,0.8441806061376291,0.7934977813569366,0.6619779090849677,0.7716962101507696,0.9426732556534876,0.8233812002186934,0.7337223412228648,0.8597356985898889,0.8467156305483273,0.8637065605471881,0.8603242410506856,0.8799928810440127,0.7804343417261703,0.9215477659862943,0.8868113583019056,0.890084548751754,0.8599108643947173,0.87574934813572,0.8814538169260299,0.7429854906903509,0.8605687483640043,0.7460228478612642,0.8720387836279156,0.7616818215229083,0.8221215333240052,0.7981818248854201,0.8366235025897135,0.8494535224958915,0.8950925714203181,0.8372178698746449,0.8778231574784228,0.9027700288430389,0.8956931647630557,0.890667700487341,0.8566955190385723,0.8691297732566807,0.7787908657346145,0.8318938441441684,0.866743725072283,0.8849538283105624,0.9234228793427963,0.8172465077715313,0.7728486041175896,0.8423200924441916,0.764226805973636,0.8820859425544242,0.8862684303857867,0.7975405037363901,0.8372008386751686,0.7947132085277554,0.8563982497816139,0.8298559395206127,0.8861280190971895,0.790093649988241,0.8195950764999764,0.7295551520570934,0.7674066741292014,0.8749568738742299,0.8072373846545455,0.8106950724046513,0.8931433368629488,0.8953109062377539,0.8486389439258712,0.7946613202127616,0.8329833921198494,0.9421419002532512,0.8295992651570161,0.8841892274310374,0.8790145890399411,0.8474442306797947,0.7834397588015436,0.9639356536843422,0.6081800399638975,0.8864038550656169,0.7665070886270983,0.9003421838104787,0.8794046604393825,0.8581513735421991,0.9057392264419244,0.8538146434024046,0.8313541452449178,0.8220330280780638,0.8346513149602658,0.8004463726768495,0.8491576625107751,0.9225077385625853,0.8830679553348114
0.8888580756080519,0.0,0.8221146876787812,0.8014487534922186,0.7608704023913982,0.8920579429622189,0.8098805344923937,0.8690998059958993,0.8798138416706437,0.8736414768968723,0.8064045279237673,0.9053650886513984,0.8761260578933756,0.7856828752117074,0.8440903192748784,0.8433228693843985,0.8418521958615466,0.8118146099189752,0.8016525582334829,0.9059537120333656,0.8054221359678326,0.8565110040486231,0.8469335325142383,0.8529646921946205,0.876485017411602,0.7644932458531873,0.8649743767901446,0.8385048695330946,0.8714166906914458,0.8351197076961894,0.8969131656725872,0.8092544182794326,0.8985458969928801,0.8511772928417218,0.8527355190530587,0.7921877642594555,0.8610843469135019,0.834775627081339,0.7920792786924578,0.8470735856833331,0.8515213850983463,0.836819133042547,0.7295875531702949,0.794313532078024,0.8890910836097102,0.8822405859152262,0.8374411235772647,0.7619272288938334,0.8078651831417326,0.7882079308006805,0.7691221451365903,0.8429198707220612,0.8031300067306091,0.8269085181957492,0.7748374229114564,0.9142992822390621,0.8435358914052126,0.8401033729239121,0.6906145412665643,0.8707541115351285,0.8094283859297737,0.7358421577621057,0.7373687693245815,0.7242235044915626,0.7065864986150053,0.7285067167489812,0.7962075271337372,0.7789148364410194,0.7114495914373263,0.7946189489288158,0.8257803679805314,0.7737591708631159,0.6932813457409215,0.7917425537709218,0.8543538533779644,0.832786288452431,0.7388470538646597,0.8323359264660499,0.8275846115877157,0.6941672139196019,0.7635207701253884,0.8295844471788397,0.8802774684657162,0.7947947352122984,0.7571987654096362,0.9596889085007706,0.7725602109651981,0.7090571215344945,0.8848178599055075,0.9115211742940545,0.8004383141548826,0.8598778502090438,0.8157907764955552,0.8184138882219424,0.7579794722533006,0.9195042067365108,0.7273823099408496,0.8838556685237575,0.7204623481446029,0.8339668266847932,0.7824191750285105,0.6866705130810229,0.6655708651274213,0.8349018964707807,0.7713262566493425,0.8778450007266102,0.7549193024173896,0.9209859728323676,0.8664486324811241,0.8828804017856764,0.7841513853725031,0.7476307758297313,0.7621039429315805,0.7914076734080098,0.8308414771199903,0.9507649412303258,0.8786268357860554,0.7571105217777978,0.7239414564547327,0.8098910572816237,0.8031103014463602,0.7472087411570741,0.8491771516917083,0.8766856882264794,0.7618509694874294,0.888562133916079,0.7328671682301136,0.8970637793719454,0.848078366832183,0.8111517887263051,0.8834886807559393,0.7742757359027985,0.7570670752226201,0.835430102226971,0.8015920666507598,0.7249156536503805,0.8933758133855175,0.8607290095368627,0.8476227287783751,0.8359141805286633,0.7598084356722973,0.7961430294793707,0.8837388474008997,0.7287149398470394,0.8463161584826931,0.7574667861497142,0.8900749534454514,0.8367161961530742,0.9321061226984867,0.6824910606738871,0.8069508382973712,0.7853255675148235,0.8270999868602571,0.8467810544007845,0.8810601723791976,0.8500228894240729,0.8487816867779701,0.867319053880249,0.7998631086850326,0.7282910938610266,0.7502398627069706,0.8614409957164082,0.9468759256703582,0.8383052902729218
0.8793637209277765,0.8221146876787812,0.0,0.8225342116443468,0.9012471002885621,0.871114568148969,0.8623444178650448,0.790538004842777,0.7436923110558494,0.8755937487554414,0.8839483973358638,0.8221541998787071,0.9181865678548351,0.7311310427626019,0.8395824035452601,0.9183609493616196,0.914710771342935,0.866247548281459,0.7311034008762969,0.8003627232668596,0.9478540658253478,0.9453507474143341,0.8223171289814062,0.8758283015296889,0.8625182587891513,0.8911383668072215,0.7753556290866436,0.7760118629975635,0.7766164138524154,0.798189560448779,0.7377106609689225,0.8450578257799792,0.8152218802055591,0.7681870057551226,0.7417442281568165,0.7467744186654511,0.9056368315698515,0.7542912805012156,0.7206667777376307,0.8926369106917996,0.7670972801690098,0.906915348221134,0.8664642269183825,0.8343906188304441,0.8324973370544287,0.8851707623499036,0.8998549767735571,0.873436963047148,0.8390755855184833,0.8272301602188636,0.8772924630975676,0.9134725693865715,0.7307049272713168,0.8660299770048682,0.7842172986003284,0.8155554439438131,0.8476149694506504,0.8786192838528483,0.754826278403172,0.7814723641020973,0.7990814536680148,0.7217648511004748,0.8699452257670863,0.6899921400235762,0.7673622595870581,0.802000044271714,0.8182443490803014,0.9346912910707226,0.8250476747553738,0.8197190680681087,0.9197447702397441,0.6891738639915954,0.7476543832445325,0.9185244381554187,0.8035336617129428,0.7245573359108829,0.8689269871719214,0.9005922817283788,0.745833861863805,0.6920667390273152,0.842562233712312,0.8575106790865047,0.8491475745026825,0.7006807165207709,0.792503032809354,0.8054881680059282,0.7881689802731998,0.7538206316659216,0.7674631023431124,0.7443648959454356,0.9179707335550396,0.7602762532371,0.8208219256425294,0.7416372837528903,0.8102183274186183,0.8395188234920155,0.6710975986739063,0.788429964446987,0.6533033319250586,0.8005057169618827,0.6451507082892328,0.8045132132024264,0.7329253461567152,0.7716674441609077,0.7373276225658781,0.9303668890916205,0.8384831835574209,0.8571294836976031,0.8858665671783889,0.9144605536756618,0.8588053145030526,0.7786920648621629,0.8219938736233633,0.7018926279214648,0.7621493560933726,0.8856559261576901,0.7523824865075311,0.828480607822449,0.8571431699725724,0.7003655774176949,0.8229505415696994,0.7332759087063978,0.8038218891782847,0.8877002623564755,0.6458702824492945,0.8116810609322301,0.7573897361291556,0.8435048380766599,0.787280861074049,0.8259311584124773,0.7391927604654412,0.9146605069362812,0.6467528289046772,0.6794768959812241,0.7956512123261811,0.7371462958154481,0.768476372043095,0.8154998654463143,0.8316555975242548,0.7611718088350846,0.7049497978430898,0.7708173360423953,0.8379524523703471,0.7529543647655381,0.8440870102027986,0.8136994781951432,0.8494482328552292,0.8339546081032766,0.8752418435451563,0.5830010260462696,0.7347460098863836,0.653129862424226,0.8331000502945634,0.9146509231105148,0.8705395621358664,0.8405306361039645,0.8216565667573085,0.9059216811958146,0.7064892527090503,0.7835065556520152,0.8144693009263002,0.6886457971742918,0.8364390272254653,0.8626975778933051
0.8460089547455466,0.8014487534922186,0.8225342116443468,0.0,0.752899272480358,0.7853283486475405,0.8674898811954305,0.7825777687425559,0.689831702787826,0.8336820969467637,0.86680683053882,0.7738251924901451,0.8709238127049584,0.7974561158303836,0.8289264981394763,0.8044248577132004,0.8498544199480645,0.8485708230345126,0.7704860168808183,0.7948640681924923,0.8391965635028179,0.832790502002325,0.8521641843330038,0.7976781850333415,0.8398604576415034,0.8525199719471047,0.82673802833109,0.8596488935745014,0.8039811211203634,0.6730117693965502,0.7617499666803781,0.8288507069205912,0.908625801568255,0.8406820139937601,0.8203578916673684,0.8196113562264015,0.8532791752725649,0.7672086512996839,0.7348344802204272,0.9009427655163647,0.7979978749486454,0.7649314280611131,0.8125070997630601,0.8336279354824215,0.8649729020818453,0.8509097584130042,0.7559370203097111,0.8197429439234901,0.8663687618912115,0.8280369345776988,0.882760186166624,0.8479628452088338,0.771150881579318,0.9361316792975725,0.8841168792400327,0.7173098777852309,0.8414161120700766,0.7887187071864601,0.8084313948209659,0.8287654308312111,0.8816034779967856,0.7268703058654031,0.8253280950117624,0.7360486080548224,0.7733257079896352,0.8173520061820168,0.8775376616880537,0.7955394234777322,0.8167927958973672,0.8048978304381337,0.8311411173522689,0.7667266172636164,0.8055911164203798,0.901353270860362,0.7908018365482354,0.7696737923994661,0.8625297189385054,0.7955905236511637,0.7723776172858015,0.6258090157128725,0.71730125516008,0.8526243123321621,0.7030915690899039,0.7318019057515153,0.8393108798717843,0.7553674617393816,0.8120023336453958,0.8108326116433667,0.8046628932730404,0.6862178942037684,0.8674554625054258,0.808454257447085,0.8387011343849082,0.7971412036366012,0.8680111509217839,0.7933341580098263,0.720737240239154,0.7945482120171433,0.6970418404347885,0.8642530622737866,0.7378922556588992,0.8166012799421007,0.8275310557128291,0.793203192258337,0.8098329501125507,0.8082004608162692,0.8384509007038771,0.7877586556487797,0.8594034353116409,0.7964571573594694,0.8883992959903779,0.8220163434411055,0.8599122133708588,0.7440399542300441,0.8259600238368221,0.800056324445284,0.7881993347738895,0.8046428011523069,0.866997011458749,0.7478036752189278,0.7587946209266714,0.805823861182051,0.7975966918098918,0.8129710535163029,0.6942376981071858,0.8185889963194284,0.7774233581877787,0.7874813311981995,0.8484096749176618,0.8341704357692674,0.65778384580341,0.7503535016918121,0.7206544353252677,0.7280779358696026,0.8152076394213228,0.7026105682910595,0.6689846476161777,0.8603362990727692,0.8838447100303566,0.7464969650457158,0.8609307286903962,0.7578091593519491,0.8724568186796798,0.811404199536361,0.8256931624660626,0.8066029043635071,0.7225813686031441,0.7359974149699894,0.8083403445041472,0.5846229673336379,0.8379405435240532,0.7206999160173139,0.8378347428821589,0.791635131280628,0.8191992269922699,0.8078904185570668,0.8023658556119106,0.7761570237723155,0.8907390804287411,0.8299011168274023,0.7991691113979791,0.7419617212674186,0.784120835305569,0.7979508312778374
0.8368057040021436,0.7608704023913982,0.9012471002885621,0.752899272480358,0.0,0.7934206481304463,0.8483466974627089,0.6780293334849894,0.6994315142945575,0.7635075077726684,0.893770598085284,0.8134792847421831,0.808754898949562,0.6836602084771692,0.8400663565858401,0.8798892614413307,0.8585420981106234,0.8081375089722512,0.7349445132132094,0.7598274997280765,0.9288636297090329,0.9017064326836994,0.7881703911726606,0.8823746118645354,0.796166264879489,0.8585096993727769,0.699471977577933,0.6996756956455713,0.7916995746121114,0.8054760954268885,0.7239087158067451,0.7850437888483369,0.7706947572484947,0.7182670179227623,0.7381265652996682,0.7260192440915915,0.8569187022765514,0.7445574765628348,0.77477044878,0.8366928597619304,0.783191130440135,0.8331675112831025,0.869594411236478,0.8997264080417018,0.7402431100921261,0.8007725196387441,0.8646514549742056,0.921488873713629,0.8279549580568076,0.8107539516193076,0.8546679478436179,0.8753861969616863,0.705801469883809,0.8323861400488669,0.7869593825110286,0.7348705331555049,0.8412447089919548,0.8585068071932981,0.7062304056650072,0.7356078427555198,0.6877422825153141,0.6857431217627372,0.8339713608964322,0.6750816044479326,0.7648975999291502,0.7292593890369449,0.7258734270770482,0.8764219854578499,0.752008575331599,0.7311528080180784,0.8796154237409708,0.6881566143138212,0.6873827295534497,0.8320889067676664,0.7165122979848871,0.6956916923373448,0.816240699359844,0.9247700048112709,0.7068385416183841,0.7436557250384159,0.8086149718599507,0.8054362788003874,0.8301990512628813,0.6416130651943085,0.760641510498692,0.7391620624394291,0.7090713715115236,0.7137552078508815,0.6786350935575506,0.6835781960042847,0.9118532521717477,0.7203720642666687,0.8581543512896771,0.7298929212186854,0.7712450469742727,0.8086403923082386,0.6219557337120715,0.7096979253599179,0.6588446352531226,0.7029775513922752,0.6575318476141754,0.7331426634743419,0.6990400870390144,0.7318799108751347,0.6967816730365957,0.8435934669076663,0.754404981904985,0.7614308121144286,0.8316622974065047,0.8718107467372508,0.856020024341649,0.7870343315843462,0.7327675548709166,0.6465360716537072,0.7295601804307147,0.8107618908714758,0.7038870658515357,0.8531108692913469,0.8033090271653489,0.6495113736050611,0.9042796583551805,0.6675136431929094,0.7729077533564847,0.8870673306015201,0.6852018203403203,0.8014776129178592,0.6918298533397994,0.7989040484277201,0.7362855109543129,0.7945398118541399,0.6656973379080015,0.8553153661875325,0.6161158436080091,0.6908526831375699,0.7875217648862415,0.8068207486878329,0.7755046243006221,0.8242265949711302,0.7644784982994766,0.7845216151258207,0.6666230554640329,0.7543671180633894,0.7701668366722735,0.721963374060013,0.8707853476577004,0.761161810067404,0.847644946878717,0.7822658596706825,0.8032062419487433,0.5784768609495218,0.7302970180418347,0.6738095461087744,0.8223872105578158,0.8259079387767986,0.8262294968640315,0.7720021776989533,0.7833291002903077,0.8455217855085272,0.7034153642950186,0.7656329085824096,0.7213604270511532,0.7023976756325275,0.7733421262729772,0.9170112884670802
0.8573674294103869,0.8920579429622189,0.871114568148969,0.7853283486475405,0.7934206481304463,0.0,0.7714407436208727,0.862456095053318,0.8013840195627135,0.8265794614841696,0.8314242433343271,0.9065712520598441,0.8854296098413014,0.7348923275217092,0.7690020049891172,0.9216557632266534,0.8864366305254863,0.7588344776199039,0.8056266420568574,0.8289270233513998,0.8656626894485085,0.8241626767802461,0.7684112151892882,0.8006261263101015,0.847935989452331,0.809889668358693,0.7637752622226962,0.8028364894857173,0.8266887878173476,0.8557413921940433,0.82584634074284,0.8532667059374672,0.8476310321523178,0.833089919137771,0.76986317625998,0.7778774178028199,0.8721981582129302,0.819305973632867,0.7780112768479055,0.7903217269567966,0.8094561490130506,0.8433276297272285,0.7715383356098511,0.8254415180379089,0.838666975292039,0.8629056518489121,0.8584680574745093,0.816789344522553,0.7641666853065456,0.7867270186363431,0.8069051897098604,0.9153941471380846,0.7645187375094772,0.8351318584683591,0.7859359846783179,0.8856838703572892,0.84972253471703,0.9380146038760279,0.652978755613364,0.8310316382372683,0.8349118395821952,0.780869919351827,0.8390467040194182,0.6847562835164519,0.6879572812986525,0.7582475672783464,0.7572782869762901,0.8063576428715111,0.7057093590887137,0.8068102699631352,0.8492626442228567,0.7082514913035736,0.7039437678988899,0.8139332896169985,0.8886276380622901,0.7953609270827731,0.7865270369630498,0.8663248828372889,0.8332573175515258,0.7928050401589744,0.8813600426699274,0.8044675073717809,0.8726711294083702,0.817136276693072,0.7985310695067853,0.8904212357032241,0.8334601607327399,0.6984947381680028,0.8562505491729405,0.8303859556645344,0.8365470945259715,0.8092307460094423,0.8193439488729344,0.8070434838685081,0.7393171690195969,0.8900855218021896,0.7445916510875985,0.8586406953354964,0.7017242937061977,0.805371736816347,0.7219907225252409,0.746710039982397,0.6764073920635915,0.7783631061592309,0.7752123956562951,0.9198012230033642,0.8200621001058079,0.874005418456064,0.829005006972124,0.868351283731851,0.8135987453360554,0.74899787284193,0.7976822171982323,0.7840254591518298,0.8285579728005564,0.9321254342753112,0.8620620174080084,0.7402645314886844,0.7829776924061639,0.790402329664835,0.7960854244284953,0.8084921130955447,0.8534570706481557,0.8993170027268312,0.699569866442219,0.8900622161884701,0.7564618579918235,0.902074520972348,0.8539679244244537,0.7517900366818878,0.8396189189897318,0.9057861493638263,0.7488251240983369,0.7967693900809866,0.7571609401909006,0.699442650940526,0.8537431441705597,0.7770403869098178,0.7364130193571846,0.8073806739371275,0.7119311599787376,0.8240031098485234,0.8267087790037214,0.7291398172793182,0.851870138153204,0.7470586041474973,0.877944319578383,0.8624846859263021,0.8822931946346169,0.7013102035411802,0.7777650568214245,0.7481775016843646,0.7821216879027525,0.803656549602423,0.8998055939350198,0.8052917360939775,0.7965427618484345,0.9184017185224187,0.7036888535872322,0.7795557442018961,0.7310868871507832,0.8127631251588274,0.897693778511804,0.8256756471043432
0.9052754683664694,0.8098805344923937,0.8623444178650448,0.8674898811954305,0.8483466974627089,0.7714407436208727,0.0,0.7225507686731494,0.7150576134436422,0.9133224431295994,0.8372728245401888,0.7990816712591687,0.8923701130736993,0.7820066376027032,0.8751648884677569,0.822197066944914,0.8538712925050932,0.8955603320118278,0.7368001434983489,0.8162219002620115,0.8799382116224532,0.8725960584464897,0.9492126049100251,0.8725409378317306,0.9160924750428496,0.876656877320627,0.8056682493621665,0.7981208257013941,0.7771252569148333,0.7310845357384064,0.7770358590725135,0.8826503012480165,0.8144999907179573,0.8709168554263381,0.8218317454275799,0.7814354635973481,0.9192732100474349,0.7022558293202712,0.7060425216043207,0.9447792814132109,0.726873379653517,0.8656012948205123,0.8756920708959566,0.859028686779269,0.8718842576968404,0.8950063556226454,0.8877689107161428,0.8549594670844775,0.9759504803734909,0.8459594618914412,0.9173405523692338,0.8427475969911946,0.7337770378776719,0.874716679887589,0.8475327637586121,0.7963387880412832,0.8418796303972566,0.7651854125294497,0.87635599473727,0.8123012153599712,0.7591166429967825,0.7194849097448673,0.7742836421870173,0.7475653281915918,0.8302419459567689,0.8213022550088576,0.8995537774962475,0.9164003730841241,0.8399173291178831,0.752335301712044,0.8886915510888423,0.7678132562421892,0.8010559855235831,0.9290475933669454,0.7006643898409155,0.8231410960439265,0.8933661162448694,0.8784273814704432,0.6958667467628817,0.6417269593726934,0.7153698676968758,0.8816607337223807,0.769506156710132,0.6272613082893639,0.8243214248787515,0.730363929135359,0.7630692585997005,0.8620841853612945,0.8038922086064498,0.7152100528839027,0.9053063001342009,0.8576551148355049,0.8463964046045503,0.7827586483300715,0.8657986426048422,0.8300846018784408,0.6380173121169117,0.827600125517554,0.7034025592578862,0.8727212447321031,0.7049102949081518,0.8082105475491919,0.8515397686532844,0.8073271015998724,0.7591871836651477,0.8596276835555228,0.8195009574629493,0.820374946517446,0.9208869670187474,0.9092340666790757,0.9447064158100769,0.8306465877183767,0.8597063291332953,0.6682959140780255,0.7544671964982,0.7998450581541574,0.7968048734265265,0.9228998979749807,0.8617804531962568,0.7026906705827836,0.7980369225539773,0.684430303855191,0.8292817486153048,0.869215109233016,0.6949584063537669,0.7920118189729903,0.7857999567714984,0.8089325161267916,0.7961739230831077,0.857756586091692,0.6817455474809154,0.7394875881750165,0.6342181853787099,0.6565300169442035,0.8028411727530851,0.7480271471229922,0.7266936170393968,0.8874960454967808,0.8823601196167524,0.754168422341621,0.744845818993472,0.7750810395934152,0.9145983779947117,0.7786355780344092,0.8540592080107949,0.9172526152762679,0.761476099695354,0.752657031687493,0.8808998743772667,0.5448446768422592,0.7927023138833332,0.6724545733338563,0.8179459697244603,0.9227134497631565,0.82791801610077,0.8401766973214616,0.815939932131274,0.8244331174304929,0.8155492229473509,0.8498572254465177,0.8252678423698673,0.73418692285425,0.8287437808593205,0.8176525872739505
0.8315648066482907,0.8690998059958993,0.790538004842777,0.7825777687425559,0.6780293334849894,0.862456095053318,0.7225507686731494,0.0,0.8831571452779106,0.8219906335653823,0.7738434306400255,0.8621314999899649,0.8515964526750509,0.7083986813045677,0.7950870045150495,0.810173737199464,0.764303714996921,0.7715402934068193,0.7794746294553051,0.8410936978019635,0.7485967636333635,0.8056361985555548,0.7671847444626486,0.7561756020867687,0.8503738960763506,0.7286580755185958,0.8469187998630486,0.8100304022093711,0.7300409320467751,0.8061597613007975,0.8835581829812383,0.7727686438010049,0.8365276006824595,0.7939993244382035,0.7543133332311569,0.7299088618785374,0.8467709670404301,0.8000869773792549,0.7666876676887829,0.7472648752520578,0.7418545139158732,0.7809608937446604,0.7304461825968462,0.7085892942824643,0.8784118931222696,0.8421044665631016,0.7387020814985952,0.7166957602255575,0.7327482313058223,0.7289298020549462,0.729272813505229,0.7582678629773764,0.699314478123628,0.7693958418957997,0.732505260350411,0.8351300396910313,0.7814569203863329,0.8489260750438518,0.6405365899588294,0.7915860717610221,0.8827134237901487,0.6981061344588915,0.7392386832684013,0.6494276479129422,0.6575858190272332,0.7234867136491275,0.7758428287356326,0.7570430192621381,0.7074089174277414,0.9224794038842977,0.7947739695670883,0.6869116095991874,0.6656902789895497,0.7666554423255939,0.8617217703280929,0.7577834777534403,0.7376291265136108,0.735420272522924,0.856181289437011,0.6190428761040877,0.7024979967515629,0.8149026457936687,0.8245759589708722,0.8048890799113289,0.7100959610648796,0.9183803742791218,0.8974937831030525,0.6919174925607616,0.8752067659905148,0.8859467851637365,0.74756196722293,0.7832207721313919,0.7276062948980725,0.7381606892335895,0.6904964443420881,0.8721354624176596,0.755652676718999,0.811794978825765,0.6405083392268336,0.7870389054487739,0.709790464366077,0.7791662417468501,0.6559833818736364,0.8109972334503875,0.7505955182855378,0.8354034788675362,0.748733762257087,0.8556012011267573,0.7661412362313419,0.7854713354564568,0.7222944206158227,0.6924110955973198,0.7393130535296144,0.8310701477785143,0.7721932854748721,0.8617329180204328,0.7776138983582233,0.7175479745369836,0.6639684281057648,0.7581568306315879,0.6946999879837181,0.8636808124172838,0.7334972048945634,0.8018103177224573,0.6597022172683753,0.8374288727253051,0.6865544746734077,0.8712251910417638,0.7585219207759367,0.7501586803479499,0.855030434804422,0.772879786501234,0.799307647550817,0.7669141349285751,0.7849808385404642,0.6324106342403562,0.8130700798950149,0.7496226844731291,0.8051399593261993,0.8450552619601945,0.7554643986017259,0.7206040015764003,0.7971134358605603,0.698132790885147,0.7663921259737426,0.7181743599459158,0.8421144279703275,0.7901154846254445,0.8639968031446954,0.6255615012753972,0.8272328546968246,0.6919104752757955,0.7728028591840507,0.7734165378013643,0.8611325299744246,0.8939824687779495,0.8110993461383208,0.8299046956389992,0.7084797359283358,0.6859894979738429,0.6807512928723184,0.747005828315121,0.8951912251297667,0.7641368925330891
0.853186695797128,0.8798138416706437,0.7436923110558494,0.689831702787826,0.6994315142945575,0.8013840195627135,0.7150576134436422,0.8831571452779106,0.0,0.7995981416831045,0.7361640088285241,0.8544241908285137,0.7754545848140392,0.6892643369020885,0.7913943943278692,0.7501972059991756,0.7221984514939667,0.7772051861392041,0.7773662779150421,0.8773912995818994,0.7144753421168799,0.8141900401611095,0.7708671814393416,0.7494352710916946,0.8532755296644192,0.6531199625038112,0.8137673157352993,0.7619423076282751,0.7088693368435603,0.8560428685767668,0.9020652449161416,0.7268717442374764,0.7546626203102254,0.742727254003596,0.7913081307006248,0.6939370224795757,0.7966256639621634,0.7796041917226167,0.7357772957608095,0.7017589588812992,0.7052296637824389,0.8300692869424955,0.6926447615007474,0.691348002979584,0.8059851379408177,0.767080260650317,0.7435210127547859,0.6790981062055973,0.7292563660397156,0.7109391161769417,0.6767442639474445,0.7101612253675249,0.6908487072070135,0.6990157119655508,0.6691150691633512,0.8675475152172469,0.7551986259028064,0.8033385935279553,0.6309628483382899,0.7425059728153743,0.7304008599543773,0.6479549971009106,0.667930186594448,0.6594142598943449,0.6676023497228265,0.6535169824774544,0.7084947292885783,0.7300565832220294,0.6880678515203992,0.8495001910952138,0.7619355528533553,0.6872962219899458,0.6440112310320606,0.6973553989134893,0.7989550673086082,0.741355654497572,0.6528744127237284,0.7045857489756693,0.7461222377065786,0.586111201643971,0.6555099231995702,0.8178082507473745,0.8394332678775609,0.7100643425615217,0.671831603779224,0.9092369087454899,0.7980683857541999,0.6682512124188824,0.8028818427540917,0.893737818638527,0.7309118283423912,0.7963058613954997,0.7060342648803297,0.7025212189129264,0.6739253493844928,0.8672725635170271,0.6848367786612786,0.8087957028658831,0.657020087302247,0.7178882335446889,0.6865914345674161,0.6672931541580629,0.6220365294854734,0.8295342286613824,0.7140769242009873,0.7642897531145026,0.6491737241664091,0.8716956375138947,0.7164332947398723,0.781909723384927,0.6866900456779139,0.6828840953580878,0.6806387329592537,0.7903232901157566,0.699786077902362,0.829495352212774,0.7740837669497492,0.7308524627282563,0.6163845855727029,0.7411167589157359,0.7060183383641827,0.7207566921346994,0.7386424048721909,0.7589719520982752,0.735489445061457,0.7586419379395909,0.6464403952111336,0.7988327698909873,0.6980937631684144,0.7160624426434409,0.9233954488818868,0.7132730079891872,0.7113028442754239,0.7925944948942587,0.7713302715936604,0.6594785356710844,0.8499536497530351,0.7375240767023608,0.7738298754567865,0.834519942537317,0.6914151157135491,0.705658269433839,0.7895601056917497,0.6855807669987021,0.7374615136720111,0.7162518283825882,0.8796418184817177,0.7093352634655139,0.894895858325566,0.6207421378115233,0.7997288267012294,0.704290022351095,0.7835942229141012,0.759249821551193,0.8191106771851357,0.8506839450079056,0.7733384925167418,0.7712554623088923,0.6869500967124248,0.6302658152564692,0.6280734537460546,0.8003924690152825,0.9112522748252493,0.7956376225384281
0.9091638540022454,0.8736414768968723,0.8755937487554414,0.8336820969467637,0.7635075077726684,0.8265794614841696,0.9133224431295994,0.8219906335653823,0.7995981416831045,0.0,0.7942388069223288,0.8154648483848115,0.9291459898041108,0.7793147846663362,0.8296763765323416,0.8274391275960512,0.8503745864204553,0.8985558773120663,0.7313603431034976,0.8361672415044458,0.8179940287922023,0.8654000128607163,0.9398263811302987,0.8256555846813898,0.9565314821055202,0.8036086930601284,0.8809173201154202,0.8542316737453786,0.7664392711017507,0.784023323107697,0.7941434341866749,0.868884022937843,0.8095820620468455,0.8582878368865718,0.7940027221826038,0.7404931561505238,0.9057040245564949,0.7149841652655156,0.6574325617369142,0.898351194299567,0.6998016221284159,0.9142679013799304,0.792719631416128,0.7546018017588331,0.8961645276860823,0.9025201803579748,0.8762421594105215,0.7586013403561884,0.900800047690784,0.7833432092829556,0.8255146980501877,0.8102053219734876,0.7255573232424531,0.8023607220322146,0.7651691456648304,0.890087947209868,0.7983757871196313,0.784203094327917,0.8117709072750314,0.8065976028124824,0.7911606992428115,0.7066466291985769,0.7388245011333537,0.7123955715757259,0.7446237313473846,0.7818677813881283,0.8773339258156723,0.8871366328504767,0.8325911978813194,0.8239901863347946,0.8430374211101928,0.7295773583627377,0.7679853597363114,0.8862302338151555,0.7716543409859827,0.8294111272866019,0.8232656525769279,0.8270009275772897,0.7123518475344569,0.6188026196072811,0.7242790571269129,0.8491513807270891,0.818938342180331,0.6792983830344751,0.7705201273314471,0.8078988419194674,0.7926426919145452,0.8065600098511266,0.8840910046504658,0.7957048597346732,0.8456103777589143,0.8504986982722464,0.7744140916600936,0.7490462257954134,0.8017961627062272,0.8628733453732446,0.6360576970848832,0.8776969669000138,0.6709658757822891,0.8882746227695967,0.6752684010433372,0.7717880423424325,0.7703625472423943,0.848767168234854,0.7443717836629061,0.8799890981904227,0.7888991746494759,0.935378778209458,0.8881225588884172,0.8972887473021693,0.8359729898841365,0.7467034310590019,0.8420495799611314,0.7356890124766576,0.7467201536368411,0.8691480613828096,0.8422291718873208,0.839012764823634,0.7985285400763161,0.7489572660636115,0.7201657387697697,0.7116027491496811,0.8084886585986484,0.8415548050352084,0.6595703484940652,0.7911118194005847,0.7672847018136925,0.8193912129896765,0.789870044834794,0.8148747996720608,0.8117253837254506,0.7472275359012021,0.662850656141153,0.6570125709453773,0.7460000585675856,0.6682732737552916,0.7689017911692594,0.8191621904962602,0.8824873287928887,0.7455979664739356,0.7451793883963738,0.7575601099520703,0.9054213858040546,0.7323515229102866,0.7873865187600413,0.875860503974584,0.7769581109661338,0.7933285648060201,0.9451733121783892,0.5675931710778641,0.7546886251406411,0.6799543405050278,0.7876541218780717,0.9373211536592186,0.853428650393029,0.8610265529664628,0.8326858916054092,0.8611850739376234,0.7664623952858143,0.7857147100432078,0.8444149155876468,0.7425151190122914,0.8868332782405751,0.7760362206235103
0.882722255241587,0.8064045279237673,0.8839483973358638,0.86680683053882,0.893770598085284,0.8314242433343271,0.8372728245401888,0.7738434306400255,0.7361640088285241,0.7942388069223288,0.0,0.8431031893381556,0.8782612880004514,0.7422508064300116,0.850376958807838,0.9262303084145923,0.9150205018900092,0.8603505780125792,0.8280978331782177,0.8336317509736441,0.911641328217795,0.9138484976819566,0.8363661524435095,0.8660103849957095,0.8408802866667366,0.8539072858579827,0.8077054531784749,0.8492845412417969,0.8534320403318238,0.8122353978954923,0.7733035953837375,0.8299800657788218,0.8445338128450969,0.7822322577612603,0.7946854335325059,0.772391992066815,0.8961202601965638,0.8358420058467916,0.8348951234181977,0.8719247166197818,0.8140958510011962,0.8108710291316557,0.8638983258078916,0.883103480253056,0.8055174865258973,0.8388304074845705,0.7809400322617569,0.9177917143282166,0.8639767697600019,0.8359259938053986,0.8785754491201194,0.866361577651077,0.7624496913741434,0.9005782555263852,0.8724055301153385,0.7201309635328519,0.9171655308651637,0.9080502217239187,0.7269511233297609,0.8082049686192495,0.8345707762186737,0.707994819688764,0.872852853322849,0.6988564590654259,0.7614679524439162,0.7775399663910524,0.7858010563137258,0.8262998199666611,0.7930380117076734,0.8448981281929089,0.8659967800196472,0.7383868628594502,0.7350464272284265,0.879237557204062,0.840262336226479,0.748509988471295,0.8739539067290474,0.8811713307777884,0.7863150590264391,0.7359044678612223,0.7848968602206766,0.82713858502595,0.8042213894141031,0.7442380669835964,0.8140967234809648,0.7911433191517736,0.8178982906507513,0.7484516607094991,0.7602838142620054,0.7038783922002841,0.917179461152193,0.7345092619354976,0.9067583263370114,0.8153337156053735,0.8153417006110296,0.8143742852791924,0.6925623830904147,0.7196297007149498,0.6740995915281823,0.7583521971336202,0.7331199185022839,0.80866919034754,0.7137961501082188,0.7392766803237857,0.7682414511763721,0.8429308654647031,0.808750973080227,0.8071552890373627,0.8352883064085849,0.8458917144266922,0.878509033521849,0.8125897585491514,0.7839038249076334,0.7829925766816563,0.809794495870736,0.8574584669974054,0.7648329596327619,0.8767943349210234,0.8129092838567687,0.7091712006292011,0.8824255570424778,0.7671625007947598,0.7968311528634971,0.8929309528234713,0.7217882331304328,0.8651287516719718,0.7146523728282813,0.8291608874640185,0.7953670650425471,0.8187607793565368,0.6933662209298139,0.8697174347141992,0.7596240666745507,0.7661528473826513,0.8524358333378641,0.7719526776869322,0.7689546301531488,0.8463908142797163,0.8434836331560006,0.8457828189181595,0.760387315909064,0.7858256953354623,0.8134535976782825,0.767930173105088,0.8927351855009432,0.7461872700752076,0.8159393865982693,0.798724284457524,0.8232143889992743,0.6156618084036846,0.8400753764779051,0.7463592945814608,0.9226156493102745,0.7819841216100153,0.8465472605933798,0.8297901967664224,0.8897733126249893,0.8363578601104932,0.8006197051547508,0.8290055065190487,0.7231396250709167,0.7650612067644883,0.7846519907101168,0.9512782341246881
0.8504481926231708,0.9053650886513984,0.8221541998787071,0.7738251924901451,0.8134792847421831,0.9065712520598441,0.7990816712591687,0.8621314999899649,0.8544241908285137,0.8154648483848115,0.8431031893381556,0.0,0.8229327075031447,0.666034470923478,0.8494566342863686,0.8625149928855987,0.8079183478092352,0.7542879101822951,0.8737353787243434,0.8291234508684264,0.8419652355993491,0.8522656195519205,0.8214559180486452,0.884789658179591,0.8829636397676671,0.7572115810140487,0.7832088877024631,0.7842904067367172,0.802132301936256,0.9161312541955317,0.8929870269544712,0.7784234700392711,0.8439769689531557,0.8180804295480802,0.758142112531517,0.7169083275938865,0.8739892169585051,0.7712133583422198,0.8628959300367185,0.7813867472786881,0.8044543747477756,0.8395491016936211,0.7562466756010408,0.8159519837903427,0.8185821519132582,0.834140915739977,0.8015194733676564,0.8023124109715709,0.785037222575407,0.7317298185217765,0.7661574243463325,0.8242792858802697,0.6966951634153553,0.8090211493245045,0.7556874113311802,0.8609661871020684,0.8310273097050783,0.9230887963611051,0.6244693736780358,0.7768407188100489,0.7753891739116564,0.6698352900217943,0.7428947779717264,0.6293309681456424,0.6691810206980113,0.6871943873907763,0.7286588414519587,0.7829146329955653,0.6529020186737565,0.826320206025461,0.8132947300197857,0.6696727762745321,0.6306547467588415,0.7686467787938775,0.7981852742371124,0.7614490500318624,0.7519348376188186,0.8563706570754142,0.8076007776307583,0.7359624478551126,0.7620187537455763,0.8144402888837855,0.9319588602733535,0.7183098527874854,0.715338164910864,0.8960411469253009,0.8008613302857626,0.6585620210601965,0.8063902953518779,0.8895587481226404,0.795603884639678,0.7910450357428168,0.7919173289291311,0.769434492797921,0.6837429722556715,0.930252852531349,0.6762009809900642,0.8107993436360701,0.6399140054867408,0.741383034928441,0.707257652079223,0.7236427724581849,0.6412154237616513,0.8365846680608308,0.6962831730807199,0.8509539546323903,0.7266673724529181,0.8777480468237885,0.7925118393215244,0.9001356471289812,0.8145034413176057,0.7059263376254413,0.705230103879234,0.7483643383544313,0.7479775815169112,0.908625868004329,0.798456598081898,0.7764726719609203,0.6940921883818892,0.7079539300821106,0.7868464848188734,0.7460841411444742,0.7732142724861978,0.9230645541441189,0.6842465215869931,0.9066722228343362,0.6587151789963496,0.8936564897487463,0.7621712393234908,0.7245688148477883,0.8281621494030788,0.8029629178202213,0.7243072285082006,0.7932438571403301,0.8037639988904393,0.684890573359686,0.9151623226293732,0.7846851031882843,0.7663593243844199,0.9069268489918199,0.7008707278929677,0.733907580047999,0.8030387027713556,0.669426815391066,0.83905585811745,0.7185323902910957,0.9343581110620585,0.8416252682797539,0.8772252038149986,0.6250041541551358,0.825943079618229,0.7333239229978673,0.8107074357461274,0.797663856520666,0.9578652535352923,0.8636952268189327,0.8661443185004952,0.9271101661834918,0.7136781214896458,0.7113735759506294,0.6557074182036439,0.7890457422852795,0.8962020852987396,0.8887605857270563
