0,1,2,3,4,5,6,7,8,9,10,11,12,13,14,15,16,17,18,19,20,21,22,23,24,25,26,27,28,29,30,31,32,33,34,35,36,37,38,39,40,41,42,43,44,45,46,47,48,49,50,51,52,53,54,55,56,57,58,59,60,61,62,63,64,65,66,67,68,69,70,71,72,73,74,75,76,77,78,79,80,81,82,83,84,85,86,87,88,89,90,91,92,93,94,95,96,97,98,99,100,101,102,103,104,105,106,107,108,109,110,111,112,113,114,115,116,117,118,119,120,121,122,123,124,125,126,127,128,129,130,131,132,133,134,135,136,137,138,139,140,141,142,143,144,145,146,147,148,149,150,151,152,153,154,155,156,157,158,159,160,161,162,163
0.0,0.4317691468487023,0.3552192509349579,0.5465244405233712,0.5553603776614937,0.45896017553198787,0.5389489747440583,0.4815306764532595,0.6577117952432016,0.33430620774257114,0.45044524223227583,0.3861698216915143,0.5675431159645039,0.5304226197680909,0.5239230135969225,0.47210135767789196,0.5566641089471261,0.6972445565770782,0.4707834657016936,0.6302906071776537,0.542442160933487,0.43562211486095603,0.542062083472693,0.5128911068822767,0.46639332932772787,0.5485640879240219,0.4912735161535833,0.5736180699188579,0.29729025301576517,0.5578693391691236,0.523316484270907,0.48102439739063,0.5104070130883204,0.5171809295647504,0.6146705700173398,0.43869112503856533,0.5883476373124931,0.5883556293292185,0.416771051656809,0.5596608629037997,0.5149011259325873,0.5564492854110312,0.5507256168920317,0.5344480286655162,0.5171475487490098,0.6426438792280339,0.5711441547412859,0.42293500087212366,0.5724146833104544,0.6113400821106573,0.6490529323439707,0.6699053512443162,0.5545139303199995,0.44691692519127807,0.38665752923449553,0.5695728681649138,0.7254234932432252,0.4803960004120653,0.5450492425070591,0.56744209336218,0.47396160629379885,0.4806328612721072,0.6075003573411777,0.4443781217559195,0.6158824682338263,0.6190894318605233,0.5819754612331078,0.630508092103069,0.5091613695952915,0.5438273793611851,0.7122435153729905,0.5905241320255048,0.5950733619625294,0.5907243475968859,0.5243102084847606,0.6182323060837165,0.5161951645804927,0.5063019540693129,0.6087340288917577,0.551663598503825,0.5412681064939356,0.6563493252466978,0.5639869870782735,0.5241850000090859,0.6043884937586098,0.6308202056400395,0.5356072966580586,0.656614307537053,0.6063199593666609,0.5437234470929503,0.6581571432506399,0.5719914878642604,0.47576321034922436,0.6426842443538554,0.622859466514106,0.41115243865265766,0.4924261900048102,0.5176248065316388,0.47009889293053864,0.5999120907772394,0.4985710846954711,0.435047482647771,0.5659565992879275,0.3717947178779366,0.6223187579809493,0.6289930343130712,0.5130007995704928,0.505501265497271,0.5699347650073694,0.45956653786355345,0.5122993312065885,0.5842343888162297,0.6302701676389247,0.544100503598034,0.5915085197351742,0.6166686360355552,0.5998846511996355,0.36585714482523085,0.42997441533437314,0.5130478802995652,0.6178346180441555,0.5383190137456901,0.593135534007198,0.6567095259101439,0.5931621133669039,0.3728288784754994,0.5190896969733966,0.4422575203851714,0.3823490747054136,0.5786414546142583,0.5246137788697633,0.5459811619879241,0.5637759999566692,0.5717329249312407,0.43629380412890345,0.5591946934610295,0.5250966113784687,0.571170580379681,0.4437361931180535,0.5708497155766714,0.4915388111344835,0.4567099815050406,0.659781916853447,0.4974423338673787,0.5105802065858033,0.6085779024174031,0.5762101727936599,0.4892257693107121,0.3828349244837349,0.3465112131167658,0.6588341872649287,0.5080231842151157,0.5250131190976389,0.4258133389404413,0.49133159741209187,0.6053795665278316,0.5632964055237151,0.5560384336724572,0.5611648265497095,0.5935787147921607,0.49200115220887164,0.6545346089643305,0.5468638601726634,0.6555542053564049
0.4317691468487023,0.0,0.5505487627242577,0.4647530750297448,0.48529781278486617,0.6094525696764923,0.4989225449665106,0.5322512590392668,0.41969425496944773,0.5305062172740302,0.5608576292080251,0.5885218793047382,0.5453723535992262,0.46879473276478517,0.5081602030624915,0.6082297272522199,0.5471891872947094,0.43378885562890074,0.5514738748285818,0.5288527583250803,0.5403296228677016,0.6045712201253591,0.4708846056381553,0.5267919690264876,0.6012994001555985,0.39621806436234414,0.4764967254858011,0.49255734258125944,0.4643990397095735,0.48184500120282175,0.5598564428408724,0.5876032450006599,0.5477273256165855,0.47247177969534704,0.49271638748774677,0.5635195135252475,0.5107889344709796,0.500432895966062,0.5563761532628495,0.46661394507853365,0.5677158665403306,0.46635229067100054,0.4743842193879484,0.5444101035960668,0.5631622221398684,0.4445368710438752,0.49776416752639896,0.5597732339145914,0.5245724713198531,0.486399198687652,0.46311225712433735,0.4310412186964581,0.4335394343805612,0.6250780640789348,0.5666500191587097,0.46298148120789395,0.4399884351624436,0.547117614584732,0.5230116035950335,0.482584289306618,0.5376167490324649,0.39089785180179476,0.4390559455850628,0.5157780090589484,0.39470917776634584,0.40360402306143384,0.43727452111403586,0.4574893460733666,0.509593901780086,0.4765319529919638,0.42534496006149636,0.4501165828118468,0.39473494982259394,0.506981579171247,0.5540911095277234,0.4287805398459057,0.4766907549633945,0.5688607543340943,0.41539919238971973,0.39626625118481945,0.49436440999048975,0.40237655870966454,0.5678482278827127,0.507184043249451,0.3995854065955565,0.5169338873466105,0.4386861314738574,0.43422568542035184,0.4771680667746065,0.43616299294818456,0.4220526404290049,0.4803988688061145,0.6118529568659861,0.41331028531492936,0.4091458838882612,0.6486857635352096,0.4806460364814078,0.5368673086767949,0.3767997229149351,0.44413923656577353,0.5041617333376276,0.45385725004887134,0.3996460896457529,0.5478534234766824,0.43308565888431527,0.462330370501959,0.5128667836324551,0.5600172102832203,0.5122954059858418,0.6264846791916182,0.525524074667899,0.39713936178154646,0.4353143224524647,0.46398286253570714,0.4057084805910558,0.42600262543099326,0.476631452180443,0.5075793566589041,0.5728448276590924,0.3955442973484456,0.4262636514476569,0.4022404429135795,0.42492096144609265,0.49561150583047137,0.40431502816477294,0.6120952889770892,0.38983759276110697,0.5375338593115678,0.6075025993186784,0.4952513625261701,0.5223882057516558,0.5058632028650044,0.39812411759073985,0.3996292774753554,0.5550233364196173,0.4541599717847152,0.577771663984678,0.46540310983267497,0.5643260274915565,0.5055900123980432,0.5313125684792592,0.5496438195692476,0.4585307092343951,0.5116218605228952,0.553830954773807,0.4186536893479888,0.518560629651129,0.5619835787410025,0.602565443645474,0.4238900956673297,0.41577015401093603,0.5453277470068565,0.5288010342327716,0.6250508365081253,0.5668882545930823,0.4718803701214887,0.48084994005416243,0.5361229843971167,0.4427828167763112,0.40011703982957647,0.49542709599849305,0.43029665236311176,0.4175175747292853,0.39991096695198364
0.3552192509349579,0.5505487627242577,0.0,0.39415875927462246,0.4080113815927976,0.503655743211946,0.4023497186499929,0.4807613714668409,0.3477146938015536,0.6810770275535023,0.5313592152350113,0.5709198609935577,0.443492177398012,0.3656895401744491,0.42604345792686354,0.5297415449909163,0.4464318217800778,0.3690044322164667,0.49376641419267175,0.42042689388654647,0.46410590244663236,0.5908201137363698,0.3908487528955974,0.43123013201781685,0.5432690798492692,0.33789129798040973,0.39917124016266053,0.4113713792850684,0.5078827542716641,0.4022423413697294,0.4409328270772701,0.48821002168858035,0.4269141721237956,0.38088414459539643,0.38059953109188516,0.45462809338541443,0.42459303946283544,0.40585818605629287,0.4962762768159379,0.37841537500965694,0.4350328079398435,0.39902825606175946,0.42922611945137334,0.43561618463631485,0.4515346570080536,0.3654707692494685,0.3869179693734564,0.5386911776108726,0.4274163198430114,0.3955580166789473,0.38680645876003894,0.3525901160441296,0.35080881820632465,0.537478149871002,0.5427985070434258,0.3646707420002499,0.36347260285078614,0.4929754275563752,0.4391091126455483,0.37398865117635255,0.4837789629089419,0.322243710433707,0.3835863644565079,0.41697944471708653,0.3367750231506355,0.3462210026923062,0.36363281685633614,0.3920500137043191,0.47895985010776004,0.4413713894039623,0.35574257123550634,0.354745229829037,0.3363175840077133,0.4307100788884741,0.46673218132252864,0.34375841337263335,0.4215558795252708,0.4412664113523175,0.35004710057451327,0.3239249753364699,0.4146173671800055,0.34186627332257397,0.44181680281317887,0.4155861189678623,0.33721780813788654,0.4048119613441393,0.394662635676351,0.3646282431518856,0.3813136728760394,0.3492133620106706,0.3563446392405128,0.3735528645539041,0.48516387199726685,0.3358884387432372,0.34190191623186933,0.5666840272664615,0.4091159559341405,0.42312886449182235,0.30751332024042133,0.35518749628404844,0.38703195844059884,0.4608886213793576,0.34685926391614375,0.6101615025117876,0.3571460882287024,0.3778946743810529,0.442775036401986,0.46958469847346124,0.40058687325225806,0.5155858317704591,0.44375738679475585,0.3349133932018539,0.36299697960413846,0.39490827455761995,0.331797581947256,0.34414339074541495,0.3811043367431019,0.5809965287705804,0.537258376764281,0.323438329359142,0.3446870323800305,0.35088569529635155,0.3448529028545081,0.3938178198414545,0.32902639794017524,0.6025875501281026,0.3229418880047177,0.43509830490034185,0.5441173371068825,0.40080438205086294,0.41510780206261155,0.4425352539059325,0.3340718501499592,0.32669016159945574,0.5265659003639886,0.37201184222531675,0.4373207614059132,0.36713756800629943,0.5150206329915519,0.4246011147079589,0.4538112416979145,0.4370836565924759,0.3654474811303051,0.43759332700253284,0.4485051507660526,0.351418049391609,0.4151987201849096,0.46125252483589957,0.6466475392164541,0.3677333719845695,0.3518578669891221,0.4355779572550464,0.4539295955175617,0.5268741722234621,0.4944551160027478,0.40347465385282916,0.4021226065470204,0.4358022945674757,0.35452974026118544,0.33408294666143984,0.4206106227424096,0.3443843507736791,0.3561360889316052,0.33750044943165175
0.5465244405233712,0.4647530750297448,0.39415875927462246,0.0,0.5735462421284141,0.4724709944753197,0.6156600366697155,0.5248187321124139,0.5015080078919569,0.36489013762144334,0.5233771607698728,0.425914930398225,0.582753467894666,0.5261982810122255,0.5549820210203246,0.5117215667410141,0.5809289342042058,0.5639958851999688,0.4876067073512892,0.5337041571692874,0.5928335826559272,0.4827703827964076,0.5866743550560329,0.5681290222029454,0.4957953678514078,0.6010237867788174,0.5724560994224882,0.5899061621918563,0.32558045654544326,0.4914608183446902,0.5157395706223957,0.4870850196102186,0.6249395274209774,0.5349913307180423,0.5463462308580629,0.48721260412368983,0.6049651572972486,0.5838841243703154,0.47230072225985864,0.6492471662946496,0.5875157643524259,0.5284591637916851,0.5323814371846415,0.5726282416105547,0.5665040413969115,0.5641227441670994,0.4863393289680843,0.4653835787232284,0.6054457164443949,0.5595234079361798,0.6501604871376266,0.5751737946197902,0.47924899438892454,0.5364026699772357,0.4422959282838777,0.5009109051107394,0.5799665386847722,0.5292188628531518,0.5718939730139558,0.5491089639367213,0.5423989361902247,0.4396846871266015,0.5486222067069232,0.4602699160308426,0.4917593479154272,0.5162298883431772,0.6560483107395597,0.5671695863511879,0.5285115542099049,0.5730344760405202,0.5723663504627762,0.5288449222308299,0.5409971860484818,0.6953089538165952,0.5320878695646619,0.4826909381334053,0.6430465554876553,0.5984906342900397,0.5457483590602991,0.48514746198116554,0.5145161878313277,0.5622101161846886,0.5465316299505146,0.5319725528718589,0.5480017612296636,0.5963975620265162,0.5403987599292313,0.5677439397683857,0.5413814518303667,0.5207512203818626,0.614733025989717,0.5430118860174658,0.5096371108923474,0.5073469210931056,0.5890408822496054,0.44966826740742294,0.48831360795404477,0.5243492443184811,0.4315013025654779,0.5806857121870531,0.5186980955848725,0.48733831023392205,0.5796637310198531,0.405614147496909,0.5394296609981829,0.5700183900942638,0.5519782953905761,0.5317885807065692,0.5838761747213798,0.49338380060852716,0.593618706797368,0.5488894289014332,0.5874980726964912,0.5864343747964196,0.5159173877814159,0.5552724971781186,0.5076727091341551,0.38837313570950854,0.49552405568886243,0.49069719577189586,0.553320657107709,0.5701277779184176,0.5076178684321755,0.6319777204848435,0.4857079774862494,0.4154211942793457,0.489400888276024,0.4864881132968759,0.4249757730236989,0.5859993178948855,0.47707839060365975,0.5556372877476805,0.540136536503968,0.5256198926178591,0.4779605336858738,0.47792197148788546,0.47046087146408305,0.5864867221794428,0.5171354761455395,0.5818677509847523,0.5398685392043805,0.46803160815537137,0.6100515561437256,0.5478154474729311,0.5690546735451826,0.5382012315668384,0.5522675449000616,0.5223775129928754,0.4032312576635494,0.35777464378541074,0.5803780243352571,0.49868120608139677,0.571351814547837,0.47358955204331704,0.5565007496661348,0.6052852212711815,0.5876702930319889,0.6158995517317319,0.6145378284492236,0.5518327536442567,0.5047972841824895,0.517647541439682,0.5446308221311049,0.5707640185166445
0.5553603776614937,0.48529781278486617,0.4080113815927976,0.5735462421284141,0.0,0.46270027979334405,0.6457323650129639,0.48969334183666335,0.5544619064954885,0.38083637204910226,0.5424089521697313,0.45602750885220605,0.5208998120828914,0.502330846622877,0.5775548312705765,0.5148774870049466,0.563498924606661,0.5648465680562423,0.5171632192168604,0.5778509408548873,0.610175978582624,0.5322034832146227,0.6136707037626321,0.5759157268813788,0.5366073409560872,0.4999883023362174,0.5400203860746754,0.5349902820727557,0.3374757344672571,0.5655886710383362,0.5589548486598424,0.4937794257014823,0.528394105613611,0.502656681794169,0.6002135492055048,0.4980867452396916,0.5797857492661859,0.5890599086178366,0.49839182111552294,0.5542839385706703,0.5610370596898083,0.6025365456869959,0.5529360642964022,0.605109692506803,0.5280721026763887,0.5027514364057724,0.5168827257189382,0.48679097331319,0.667288733058164,0.5796221256693591,0.5861537802243207,0.5133237409193899,0.4647344453456392,0.5177205985824036,0.4478997182853166,0.5096979873363945,0.5571330475136846,0.5492048488420395,0.5992861227419409,0.5081107753458141,0.47218362179784573,0.41408619178740624,0.4995206493673223,0.5080642067338629,0.5025672488224595,0.46575645394533643,0.5372910789407663,0.5566732288173386,0.5616762190014463,0.5481006540560983,0.5442005699429566,0.5316535055022851,0.5100157358017595,0.5876691283019585,0.5124251871144461,0.46443288008888967,0.5420998208381328,0.6090814085129053,0.4819769040726522,0.4473820817557811,0.4935622272041474,0.5577526403424377,0.5793428946369042,0.4756351815916752,0.5174787820714307,0.5762441634786127,0.5049803915331615,0.5613102526769332,0.49125420964096783,0.500453337208413,0.6153918935271069,0.5693688236588113,0.5447288525462467,0.47036596400234104,0.5569060064098676,0.4775908630734508,0.46411040251281377,0.5369568291800497,0.4458899031649695,0.48729330047664454,0.5096988851414447,0.46209889057177733,0.5467223690607403,0.4359248075672737,0.5143487582277777,0.513625617728521,0.4990176330217172,0.5572732314462937,0.5355958970673839,0.5203250677681913,0.5983056293516831,0.5521083671645035,0.5101343788208222,0.5734603403023169,0.45599665627486113,0.4971032544967465,0.5000159604236782,0.43406171595301724,0.48681381020141734,0.4648229000629531,0.5859121950557746,0.4860979004581809,0.5028942944127377,0.5806227815967795,0.5212996755964825,0.4169003580341373,0.4524512405595961,0.4694630282707699,0.4266485164391869,0.5651491063989376,0.5151179306109879,0.5419349657108917,0.4682414769216123,0.5174711039647443,0.510646882170719,0.5133429837841028,0.5056657678677715,0.5723615307476917,0.5289682193561802,0.6229538015700081,0.4979546956638036,0.4926350259830612,0.5894624670512048,0.5955497440213161,0.5969844364091517,0.5650588651641354,0.630470960747127,0.48980383235577307,0.4388021859257712,0.36685797272152576,0.5535217450505886,0.5158300913143592,0.6498412842378358,0.499887309154167,0.5687132925037375,0.5777118372430685,0.531115456400403,0.5569997672083289,0.5405357885759222,0.48852611818456515,0.474030003493435,0.5290107598452297,0.5457914967772232,0.5830203455037734
0.45896017553198787,0.6094525696764923,0.503655743211946,0.4724709944753197,0.46270027979334405,0.0,0.4639146851249285,0.6075965947958558,0.4489032122922029,0.4717060682076897,0.5406589580658532,0.5496897421459931,0.5812666337786545,0.4650413107367452,0.46843161289133217,0.6502302727434807,0.5711419611190954,0.44133067727506997,0.5846899056556348,0.549696344323526,0.5675135301374813,0.527713992453487,0.44767447700078106,0.46927569607964714,0.6061011573037735,0.4109654711985171,0.45000806083167133,0.5146122506127084,0.40115287354787704,0.5138957740651174,0.579130488401631,0.6966581934963794,0.5153982502396351,0.49795406479892107,0.4896263352481379,0.5456630622021974,0.5434340786478669,0.5276441469948683,0.5225457771894731,0.4386610922823852,0.5206687810280252,0.493760120241605,0.5084858771141466,0.5471976753642814,0.5668885219226629,0.4638386642225361,0.5046635347739807,0.5467415550519041,0.5020836448468945,0.5055188677688047,0.4950135868042772,0.4641160446119521,0.4460562019971101,0.582963749950483,0.528584370418276,0.4963640755313363,0.468528984024852,0.6216202295579683,0.5004370445146207,0.4909657094055941,0.6151413945788569,0.43084477614038746,0.4999089970178818,0.49035146031788696,0.41296943527579166,0.4435162546956375,0.45190965713953746,0.48376327922743473,0.5186538199506179,0.532692487280932,0.45604356825974,0.45116772133134436,0.4314567441725292,0.5315997827905979,0.6441693299039686,0.4589142025881591,0.5088377037164115,0.5313426202545264,0.446049417139268,0.43253101009688105,0.5566102613757831,0.428607300559064,0.5622683454637387,0.5666661508992931,0.43486241933515846,0.5342595116950146,0.520940950990667,0.4653220335612461,0.5273933700235766,0.4488946700612637,0.4433882899350083,0.5043840847979584,0.5672911326892566,0.44131112001459627,0.4266107541657057,0.5870464002794038,0.5543792792641234,0.5784564712148645,0.3919699467695021,0.4679976791649746,0.4961230513819641,0.5125050110051327,0.42960487586104196,0.5023153013011334,0.47803481852111773,0.4954291288893087,0.5800108073368999,0.5594633961304677,0.4894742122773415,0.5692719719114868,0.5413529524080007,0.4177330437761811,0.4923505976180335,0.5076973104105521,0.42728724982844024,0.4371510055493201,0.5203609928157529,0.4663563770044594,0.5815605365397756,0.42115239560787543,0.42513776573983714,0.45113157030299783,0.45480256951049447,0.5148262791671209,0.422110632809819,0.5399161663023132,0.42311454817052213,0.5322298982683924,0.5600009045593397,0.47736996111528807,0.5700297500244732,0.6025566143908354,0.4333968814004591,0.4222056589474531,0.5330546579933741,0.4521426417786196,0.5571077093582992,0.43598418546634443,0.48288968475811755,0.5275652087448657,0.5268970888075788,0.5848822660743006,0.4747807842352879,0.5429787233452498,0.5549156738084274,0.4400317978278767,0.529766516079819,0.5624370391566973,0.5513024444337049,0.4330341212604806,0.44932498034952534,0.5536242718104926,0.510760731768133,0.505598147950886,0.5853725832875616,0.4984178984066077,0.4715983907763143,0.567041987006864,0.4255666270331299,0.43634287337982886,0.49077877590603913,0.46037868716340674,0.4437576043431039,0.4115526051689821
0.5389489747440583,0.4989225449665106,0.4023497186499929,0.6156600366697155,0.6457323650129639,0.4639146851249285,0.0,0.483484569104437,0.5045703546103714,0.38829581014197834,0.5147823124356535,0.4517474302252487,0.5459053139369396,0.5016687272363841,0.601946394592029,0.5000353737278075,0.5501588339780629,0.5522248056023348,0.500305279123908,0.541235675310934,0.5845229565085007,0.5079494310031563,0.673917644412584,0.6466224586136969,0.5372450864467714,0.5144618164053645,0.5508580501435674,0.5428994351791677,0.3392624563939216,0.5226239999191865,0.5437954322646897,0.49372019545172696,0.5686056884800351,0.5316551724231221,0.5583455205751583,0.4763715107387426,0.5994326566681017,0.5317050615314391,0.481883480265207,0.6326264870768435,0.5630210006580074,0.5616744239236687,0.5226999973722397,0.5879692183147964,0.5468155327025747,0.5335477979254496,0.5278012995210846,0.47512462450449333,0.7171599720717416,0.5333848190043122,0.5912579542401257,0.514659100350444,0.4643271086659998,0.5238636237615764,0.4451918641169411,0.5261775161446273,0.5408109360017791,0.5047836597272047,0.6204913697107863,0.5171332233893876,0.4819869053029271,0.4088886226548232,0.4770122342954337,0.468787491240044,0.4871485884012962,0.4730457686852658,0.5841775274274106,0.577095009710004,0.5104246637864652,0.5187382206506034,0.5343302308294565,0.5211379610015623,0.48588551615734626,0.6129270488130399,0.48715935045315517,0.49040319606475496,0.5675631953440812,0.6536622009275258,0.4825699434934805,0.4654922574620455,0.49777885962377316,0.5307476969644381,0.6045943519772906,0.46932801161268606,0.49798650025805247,0.5611526626446498,0.4832397914671413,0.5477076753603799,0.5170440482809633,0.5236936402852868,0.5596248028367923,0.5706674191658537,0.5244170491798255,0.4832658789133703,0.5401804304943912,0.4815258081090335,0.44744871418547666,0.5391256766029708,0.42302053478688123,0.5311560944137701,0.5146577026152538,0.4545328075607398,0.5355829527319003,0.43207948708414795,0.48529507288402374,0.5279777814154443,0.5046416167214304,0.5534296710428557,0.5898477742649859,0.5526871831927664,0.6185894629279957,0.509220401399905,0.520545125442928,0.5297151246031874,0.4615229867333172,0.513226523326504,0.5100083725326183,0.4210517140702189,0.48645790257853433,0.4523525497550024,0.5401914564165436,0.4721801193431407,0.4934213544197483,0.6382219747350216,0.48617303489615754,0.42766193887064974,0.44864259842097903,0.4791612136749586,0.4266433409670186,0.5711509342822807,0.49275926375355616,0.504863635155009,0.4680736106780508,0.4834769802241278,0.4887426544142524,0.4947873095036527,0.5127759781679947,0.5925023267846723,0.531630424641062,0.5880041248983823,0.5167640105833698,0.4698428912680263,0.6035468886488408,0.5251173068390754,0.5786614217627343,0.5565717203060754,0.570742171401785,0.5268867557952815,0.42947906106964884,0.35046225054750263,0.5322385551344382,0.5135862816154433,0.5647597700845182,0.5353061542263914,0.5708435761996429,0.5874653669184335,0.5858226561226729,0.6136365040007388,0.5842305341530662,0.5031993344845572,0.506832331377424,0.514755115691361,0.5325817243213593,0.5456776648006249
0.4815306764532595,0.5322512590392668,0.4807613714668409,0.5248187321124139,0.48969334183666335,0.6075965947958558,0.483484569104437,0.0,0.4777250941079146,0.428699329089355,0.5607501311371559,0.5227054799642974,0.631636353529633,0.4598517087980852,0.5252379603597277,0.6477458777105649,0.5585384757014799,0.47566330062190304,0.5467100094208722,0.5525818736718159,0.5741959202661244,0.5403266358482867,0.47916342336775525,0.5023437113362069,0.5743469419392572,0.4611311611500369,0.5123782016263193,0.5328230337329908,0.3640118635753261,0.5354118742190035,0.6083084223562123,0.5935167149462086,0.5615057247378935,0.5078475690251262,0.4863708280384298,0.5254764493501595,0.6138813765990968,0.5562629200291378,0.5427040246687178,0.47243535311018525,0.531901827852546,0.4884904967538307,0.569707173067076,0.5353892665227121,0.6642701820302869,0.5086291140605766,0.4888451259229559,0.5323558286727544,0.5212950684874977,0.5261310634512862,0.5321159039821638,0.4755569372121151,0.4315553556452148,0.572105575247497,0.5073654832959078,0.4787816440905124,0.49174926031734384,0.6629918307897942,0.4963907841260809,0.5076632762465403,0.6746189678617461,0.42749997000113216,0.5321670164005168,0.46011852793967534,0.4236093466207918,0.4637637213909348,0.496331667982683,0.5320083899667061,0.5595068454514047,0.661324928534377,0.4966125911267258,0.45490068655504173,0.4373398506155971,0.5927140473600274,0.6175052894778371,0.44796722451966503,0.5887965468533704,0.5435610081915763,0.4970733018377517,0.4159742454222776,0.5064525956511667,0.4632060844751385,0.5851314163961359,0.5759110193409819,0.4461518477124681,0.5823753134067401,0.593276174023754,0.49628039796825946,0.5465380493959465,0.4842918242895395,0.4797106138254254,0.4949738135671708,0.5413817839939582,0.4414883916372872,0.43990955913882424,0.5493646575764924,0.5505502526291378,0.5344199952056763,0.38243647397439706,0.49057366118338575,0.48927145163590435,0.6154009496255272,0.4579123510135927,0.4731964463066809,0.4944871313964245,0.5462496060370593,0.5947696971909093,0.544720614395316,0.5133011264892305,0.5287411538400312,0.5373789331715721,0.4392895113191269,0.49511099716392193,0.5333419440708954,0.44894977425832416,0.4645995652513291,0.4811187814503403,0.4494586832666388,0.5092713345597275,0.4249491683870485,0.4460747317415768,0.5197541946330718,0.43981511490389474,0.5418301217811303,0.41172411342792536,0.5065539324737477,0.4240168998022482,0.6052271284442623,0.4877234851544802,0.5202112663565328,0.53351171322086,0.6047144701691878,0.4706538729510248,0.43251025250675157,0.5391524689889536,0.4422482172828734,0.5451838569737575,0.46916381329571133,0.5324662447656185,0.586548874879838,0.53788554443216,0.5080102867869389,0.4857585416871742,0.5308246847392587,0.5546835513185333,0.4673723269346014,0.5765236163120906,0.5562549116665604,0.4902519701012608,0.3860951674692791,0.493381234063156,0.4941362087124831,0.5412392855366798,0.521942603765141,0.5965476269007038,0.5752270875956197,0.5138006811145129,0.6093452461235604,0.4419583880308645,0.4466199032784853,0.4740189471791402,0.4448065032024498,0.4534567161299387,0.4391760522800865
0.6577117952432016,0.41969425496944773,0.3477146938015536,0.5015080078919569,0.5544619064954885,0.4489032122922029,0.5045703546103714,0.4777250941079146,0.0,0.3267291990017721,0.431650751256547,0.38770849305082156,0.5076499899637624,0.4936047111299377,0.4847567324746217,0.4521656265966564,0.5003719046347331,0.5598229577169069,0.4438057519149927,0.5512897021751723,0.5039848219838414,0.42589355534202106,0.5013675133225326,0.4686127244710776,0.4474736598675495,0.5050986755975793,0.48197986889665245,0.5001018232416671,0.2900962018610419,0.5994778351732304,0.5202500708571937,0.45481563742447023,0.4720416427973438,0.4838581164694717,0.5584281060340457,0.4275178075717864,0.5481079917544369,0.5537424647122161,0.4129117934882196,0.4889849091425802,0.47165853337232794,0.5847957470662013,0.492366890468227,0.49450703639343424,0.48651709151921124,0.5345327029950909,0.5324094627059075,0.40202916950101336,0.5111027368549734,0.5439969288928056,0.557702718200704,0.5619101769443718,0.4825658184814986,0.42240263366939573,0.37187686104693785,0.6024006530180819,0.5846424686573982,0.48592939499053084,0.47460571338126406,0.5153770459235124,0.4433953041642783,0.466903148392687,0.5195535483039005,0.4317019593150521,0.5244698622293482,0.507491275029497,0.5387383563745239,0.5726682239178362,0.46796772322472147,0.5254696747206079,0.6254375920394438,0.5213201151632372,0.5497341506075015,0.5235781444529473,0.49149269184831307,0.514290288531565,0.48566776843556647,0.4940948267503104,0.520723796745379,0.4997857011654972,0.4844246387937882,0.6443151697407289,0.5612251600957406,0.476660963806167,0.5537618824593161,0.5967830031478538,0.5320704366399716,0.5695778626208556,0.537312545143005,0.5957656188603182,0.6227672471347839,0.5822829366678528,0.4453926915834762,0.5208486649670524,0.5671006773367339,0.40978119958592213,0.4683422592788294,0.5052473117177793,0.47549957070504173,0.5266653407348588,0.4715096506857727,0.4217972047323422,0.526350026801122,0.36229669587109037,0.5622363402559314,0.5562610591434265,0.46553358922373816,0.48251405740706493,0.4934239524041071,0.43849078516307893,0.48127134115301795,0.5590366531394738,0.5591566494830524,0.5519147793462622,0.5000616734717273,0.5695898496515412,0.513011866853098,0.354195987013724,0.40146178286020706,0.5256601656302169,0.5750112249150546,0.5351275511043271,0.535118438470515,0.5742289780147816,0.5626667909802583,0.3590949058054686,0.5071652717888105,0.44752717988810375,0.366442225079409,0.5068604050041968,0.5595359908490352,0.5280603244194652,0.5311431996249165,0.5932197022016878,0.41843569548527704,0.48560084175088103,0.48841861776904383,0.508525939060835,0.41356336755585477,0.547288500024016,0.4393551208726562,0.4514312706076161,0.6157071621514209,0.4957384879541077,0.489754334700639,0.5823794492370888,0.6257167301027065,0.45159857827293665,0.37249641735469824,0.3493133560357331,0.593759447996501,0.4611998947700162,0.5002856777762078,0.41770509310315534,0.4730862725536528,0.5684888442824313,0.49750346313089727,0.5324634827921597,0.49047122735525406,0.5260207501303973,0.43293695500632046,0.5860899482864329,0.5418051764044877,0.6159390707227235
0.33430620774257114,0.5305062172740302,0.6810770275535023,0.36489013762144334,0.38083637204910226,0.4717060682076897,0.38829581014197834,0.428699329089355,0.3267291990017721,0.0,0.4724104513242755,0.5485625585086024,0.40943600761718185,0.3473022737742809,0.39647958188919585,0.4810887762817037,0.41420723447620217,0.34573979468933647,0.46169800069261485,0.39051131605797007,0.4250690647911398,0.5103115425150789,0.37601976760814276,0.4054669340427912,0.5151630389528009,0.31672782941266564,0.37417909040650177,0.3848834834983886,0.5616649873055395,0.38354016479492575,0.41481934780952817,0.46293665652558436,0.397114809457324,0.3657992750819631,0.3595793689907523,0.423434765150408,0.3955723493278654,0.37565117623232785,0.4570837116714096,0.35781320507633885,0.40630966869892665,0.3763753272966444,0.39481699348338484,0.4095095506893353,0.41513588816688646,0.3452597020593505,0.3745109899321208,0.4923761646268704,0.407444508254518,0.36600652558000507,0.360770207464072,0.33145456871615114,0.3348134577703623,0.4821958111905555,0.5099439339321106,0.35238604564684245,0.3408588350195933,0.4448959463245676,0.41375193191117066,0.35341352438497897,0.43188029195915406,0.3077705812580528,0.35227333877256944,0.39576834592544646,0.31819789044048535,0.3256366666250789,0.34085424734159797,0.36705316482070843,0.428886515221327,0.3977482768962958,0.3318444693636272,0.33874663386236104,0.3154214108690919,0.39471758001125706,0.4234109250066025,0.3348034090345961,0.38795165272911486,0.4233848953401625,0.32833601677861496,0.3153319419135834,0.3952498469231187,0.3192198404017045,0.42034992854077197,0.38538630340478813,0.3188714410522361,0.37574464135232216,0.3624407587824315,0.3435412233029227,0.36452554463473313,0.3322081476407326,0.33285209402445504,0.35832494465747766,0.456564909688576,0.32063758293346023,0.32234220799723046,0.5473400721230826,0.3746813678591507,0.4053438389643007,0.29603513397208076,0.33747728579668507,0.3712271107231729,0.4144428803122458,0.3277950604977926,0.6138298312582342,0.3338904335489373,0.3546260760468193,0.4089325530415487,0.44460473094929986,0.38143101365779053,0.49407162133857907,0.4173080406957548,0.31541260556280054,0.3409534058152573,0.3692833667402856,0.31411722663186514,0.32541228451997756,0.36898246168539434,0.5730916428334594,0.4971752386553232,0.30863123648561896,0.3249705319337409,0.326233460677867,0.3289601293495871,0.3744328097355031,0.31452909649090344,0.5978974347291278,0.30662088519856323,0.406122975073141,0.5267884818564582,0.3745526409569851,0.39685505947201366,0.4019482763086077,0.31462058980530483,0.30791955951681155,0.4693437861133181,0.3540232510705226,0.4238071674255023,0.34748476915035065,0.4669474063140016,0.3969350089703528,0.42479431340551865,0.4176838623325209,0.3460318776028715,0.40193988167675715,0.4214233249182469,0.33344874898127913,0.3831931773338581,0.4447747633183038,0.6420033775008832,0.36007521505800194,0.3289048492843935,0.4240181842364343,0.4093496859648291,0.5037849699280808,0.4622805486129935,0.37354328754300603,0.3771621566588123,0.41178733495369607,0.337823047741454,0.31949723846116895,0.4072784029137483,0.331310043114101,0.34061302683034367,0.3170027799715672
0.45044524223227583,0.5608576292080251,0.5313592152350113,0.5233771607698728,0.5424089521697313,0.5406589580658532,0.5147823124356535,0.5607501311371559,0.431650751256547,0.4724104513242755,0.0,0.5670712024202578,0.5569234838947958,0.455290012256752,0.5189465139336493,0.6600130199845312,0.5681391172865237,0.45941258794743545,0.5802215718058331,0.537499947310704,0.5917637095383466,0.658811921295709,0.5042722714873745,0.5404818058308221,0.6337885228903263,0.4311879624494744,0.5161694071392379,0.5389867395962429,0.4157629664729833,0.4943327075891934,0.5455840402269536,0.5641592765823683,0.5217931277184683,0.48025278751735007,0.4979646685774339,0.5387134731384626,0.5723586506631486,0.5341569527663284,0.6017106852618362,0.4779511672619859,0.5276169132530206,0.4927124455454742,0.5301386251134881,0.5786054413376283,0.5614950993560834,0.438459569990411,0.435275542041743,0.6600978848164648,0.5785537955538358,0.4974157358832402,0.4970650691913302,0.43247244955167724,0.4062768440382039,0.6470320085424701,0.5946283471983155,0.4308034228603369,0.4627829874389685,0.6308976151063339,0.5409243308052107,0.4600129523681953,0.5888839399046398,0.3758084481716708,0.4676136827222954,0.49984850120117913,0.4047999800805968,0.4146600816405616,0.47077665504907523,0.478564881410069,0.5922669172239002,0.5727134025193105,0.44431933664299506,0.4459176705271164,0.43001068987123897,0.5625508526802717,0.5621991224687335,0.4091675271394507,0.5701632248553258,0.571148099476561,0.42723440667642626,0.39632151955302575,0.47354185127181675,0.4278127590650848,0.5264946502856334,0.5042769343004135,0.42468377559072457,0.5070630047032576,0.5148207568544693,0.4608108351691827,0.45637160678201283,0.42666969145575795,0.46427613263881407,0.45830804432744415,0.5967591768180689,0.4111978247334126,0.43434162476077587,0.5754124380979627,0.4726001137511063,0.4989248823684258,0.37387376932427907,0.43260599892485013,0.4966862626019691,0.5435355396102011,0.43782252117418596,0.5128684678988663,0.44600126127680695,0.45665122398681984,0.5198862704908397,0.5685920238979575,0.4753328734367579,0.5889900459614482,0.598864644853443,0.42990540415306217,0.46017934542147687,0.5217352331799732,0.40326369695002345,0.4234465930955766,0.4499928489823626,0.5450946783764116,0.5994793251830626,0.39867419320334363,0.4465244834453491,0.43783794435744183,0.4319707913442542,0.497757928493935,0.4161024767175447,0.5391267321984531,0.3883785635354466,0.5108836036579699,0.5291849167794604,0.4966532059178577,0.4766223467717391,0.544682226565927,0.4340569457210374,0.4187401964227124,0.6417050737046844,0.4426422807174974,0.5006388834040916,0.46824504780630233,0.6284035786642915,0.546606610211494,0.5318258260987709,0.5233034277290883,0.45904928037079595,0.5601314274695534,0.6037071880446887,0.44005673679200064,0.517339163840737,0.501893776195197,0.5406052906457429,0.39315261943438173,0.4638344365533222,0.501475244998824,0.63050406573136,0.5213185535038715,0.5981519440001909,0.5219168783164575,0.5328160864064937,0.5354552059680433,0.4623390429891716,0.4260659246843964,0.4573928909204993,0.4325818042336836,0.43584445103847147,0.4437654321551138
0.3861698216915143,0.5885218793047382,0.5709198609935577,0.425914930398225,0.45602750885220605,0.5496897421459931,0.4517474302252487,0.5227054799642974,0.38770849305082156,0.5485625585086024,0.5670712024202578,0.0,0.4624187059308053,0.3899200745605277,0.45395972054302897,0.5752242902518182,0.4739654541687541,0.38236832518878966,0.5698503573402166,0.4663302517808965,0.511351615067223,0.5615094730345424,0.439716863482729,0.4716426479000508,0.6208408908009138,0.36864342863162114,0.42870483761656625,0.4406087587944864,0.45872195390661075,0.4616716066366909,0.5352724091005788,0.5423562708883357,0.45533985753163714,0.45662156544534677,0.42986460821951755,0.5182450800249538,0.47670143181197594,0.44535476608113944,0.6104238801892398,0.3992272803909371,0.4687136951378005,0.4413042707308644,0.4601427112456295,0.5029368449543195,0.5100117178669484,0.3902565859530404,0.4204940276346834,0.587532707507098,0.4803693537600304,0.42977989857851473,0.4220915933370954,0.38141642367135736,0.3629665083638502,0.5745620923898488,0.5922949938477032,0.41004560915764976,0.39628389966583966,0.5785850199749091,0.4497253181557218,0.41113454900302615,0.49575491531000654,0.34906538309667395,0.3992001823591444,0.4631724437912619,0.3562365482720433,0.3636044708502662,0.39617180543582337,0.41217690112538224,0.4633509510987853,0.46626989802296925,0.38409845976191676,0.38771349788336734,0.3643439455614912,0.45627678749427675,0.4811227763225274,0.37220864741796145,0.46208972997525427,0.5065349234836825,0.3783202161865254,0.35459144677884324,0.4267986766056283,0.3754447312038857,0.4874484472406067,0.4341997734836524,0.3716903551605197,0.447382984270028,0.4419008272923043,0.39598599863199707,0.41591363800836045,0.39813680688499703,0.39026320992786584,0.43645549643963427,0.5296793614179198,0.3631007959385716,0.3676205867892964,0.6590930427893168,0.4375291565079301,0.4972934162698335,0.34394452592133506,0.3856919671071838,0.43904567015737833,0.49334015216242594,0.38608987106913023,0.6113932577353338,0.38985432875518106,0.40976070412043,0.4696965460502665,0.5157489356718339,0.4220583309616594,0.5819017939096709,0.528118925662484,0.3732502759744322,0.3922473063061065,0.43851353609208493,0.35381280340498605,0.37108468510812814,0.4134766609504958,0.5844064847574278,0.542058701355401,0.3563575981012652,0.3810699195821807,0.38288369650778026,0.38505640511061817,0.4362038859280507,0.3637457433645271,0.6061633723233854,0.35153860611802246,0.5116112587019175,0.5740185601147392,0.4179178994880569,0.46039153800097316,0.4699653685384012,0.36568792294980607,0.3672182982214672,0.5794946799265172,0.3890617347841086,0.49426992493093,0.40125754939971864,0.5205297982354514,0.48502460039035517,0.4518903966677207,0.4953231381074399,0.4048414344533815,0.4869203673850816,0.5196319540304323,0.3984056748609084,0.47974236219389915,0.4657183956462986,0.6457099317737683,0.40275526624420266,0.39769843126584453,0.456305086778573,0.497246049714195,0.533365647422666,0.5704119185889254,0.4425735175047222,0.42679448483266424,0.4856784314152215,0.3810647592581162,0.36619930403059875,0.4088606558386358,0.3830896658379274,0.3908207184918578,0.3712545533392047
