0,1,2,3,4,5,6,7,8,9,10,11,12,13,14,15,16,17,18,19,20,21,22,23,24,25,26,27,28,29,30,31,32,33,34,35,36,37,38,39,40,41,42,43,44,45,46,47,48,49,50,51,52,53,54,55,56,57,58,59,60,61,62,63,64,65,66,67,68,69,70,71,72,73,74,75,76,77,78,79,80,81,82,83,84,85,86,87,88,89,90,91,92,93,94,95,96,97,98,99,100,101,102,103,104,105,106,107,108,109,110,111,112,113,114,115,116,117,118,119,120,121,122,123,124,125,126,127,128,129,130,131,132,133,134,135,136,137,138,139,140,141,142,143,144,145,146,147,148,149,150,151,152,153,154,155,156,157,158,159,160,161,162,163
0.0,0.28953662025669913,0.22980891029339554,0.27310876608828094,0.25527314734663814,0.24826733269201728,0.2822891810359905,0.2804167881797731,0.37985707718946227,0.24758791022722046,0.295794898242139,0.284266148396361,0.32512400055829405,0.278915581556479,0.29346412774228603,0.2756661984721589,0.3091119068048904,0.4713977397160292,0.3141052903467523,0.4217389668783308,0.33064362786557017,0.2866997970443796,0.2935984131973267,0.2706598700618013,0.34851704233771447,0.258400401636151,0.24062853430327874,0.2814585774790505,0.2149265872034714,0.29343858828217295,0.3362930166181302,0.31787860689626873,0.2789711386870217,0.2918329993688321,0.368863662414882,0.3503186159935727,0.3561151797815129,0.393424383641597,0.259638692144635,0.31098389715439484,0.31374220664262226,0.304253409903442,0.37175017508611075,0.3407232580193735,0.30491992301267956,0.39306751507488336,0.2923064736468726,0.3019283525649493,0.3879240846571937,0.47481579168005256,0.40880221578603027,0.33729653496930084,0.32669124798328997,0.28718089067743335,0.30779466934648003,0.31856106482928004,0.5275344468360711,0.27712239763379737,0.31619148321485313,0.38693998918092687,0.25723361590287164,0.30095745754642,0.34448725097401367,0.2859263317857581,0.3744674860422499,0.3956141056680788,0.2964247289488273,0.3039599996629111,0.30399126045485786,0.3129812597748112,0.4598933101159712,0.35928956589339844,0.3274006885432749,0.32230778255703874,0.32719857051827544,0.35065442365624666,0.2489314604038226,0.24155054334700982,0.35734707535613086,0.23725544220331873,0.2794421633412553,0.4105979867872279,0.3023225849852344,0.2896949609957221,0.3813595115446365,0.3816838712292159,0.29111127197565567,0.40382654169616106,0.3325988708358003,0.3259465876141586,0.4227863888894507,0.33072383132227895,0.3788840634552946,0.42198295284249404,0.38065967619747165,0.28229398927408494,0.25368394280906975,0.27524388195373234,0.2932164418674297,0.32918901420361163,0.3012031642904664,0.27648122989451,0.3329776722378246,0.26521441218202996,0.4358985201190049,0.313505225054837,0.32374256130301887,0.2855962756335182,0.3316250929691116,0.29330408701294286,0.322773106813663,0.47586427948733717,0.35296008375276017,0.27583616222479285,0.39218389960933014,0.303068671440082,0.3197425656943359,0.3172170594103541,0.2493905726194727,0.2736135153272105,0.32724961983516715,0.2793279327040334,0.35069266348374833,0.35656802160858164,0.30699844205914817,0.25791924199560534,0.27959503231684113,0.25090990869635726,0.268320595065004,0.3706735353345683,0.27588973178398596,0.2621233147950958,0.27430605038022804,0.3573284400106854,0.30769497082360736,0.30906328300288055,0.3257281870691412,0.33450064483927233,0.27306247845550413,0.4243920034493472,0.2579867436590545,0.2970993844545151,0.3756555152978665,0.3177982126366674,0.3527844560926067,0.36814565736247185,0.32660259690677923,0.24847463026413777,0.31514379866517717,0.20778907215535433,0.4308688807106922,0.3132547946251489,0.38261736652396355,0.2367959571482326,0.3269714532971561,0.3600965218147892,0.28765443203520225,0.27341057438390876,0.2861351810216783,0.3418877778034243,0.25226741180099355,0.36919866521441186,0.26036266720688767,0.41591274753464114
0.28953662025669913,0.0,0.28687603564378505,0.31125761177954536,0.22051905934252772,0.3104570830452835,0.29716579957711775,0.3136862142392797,0.25096219608792814,0.34696742287926596,0.33901474807641047,0.314018639047274,0.3101644884860333,0.3306373574910915,0.2899375144223436,0.26963018002210043,0.3004688069415947,0.30640478844261465,0.32395351960979624,0.29361051703565594,0.30510094520853603,0.36202150845224473,0.30172492494474906,0.27320886046951887,0.34023350892428744,0.22849432574031686,0.2415590729027416,0.2840532621169953,0.3562065364562036,0.24158763922249293,0.2964785679381039,0.2985742738170653,0.3582816999132653,0.2555214873467435,0.2831828394199032,0.36025614706431064,0.29904655937481395,0.32984707317731504,0.30010979309327795,0.2994906581573378,0.3850583106469265,0.28188567492701166,0.23523904690890418,0.27443211140167617,0.3522857720703454,0.29401032086926265,0.25140729830390285,0.270453212599354,0.32408524333703614,0.30163512875318743,0.31929068507251135,0.2694389019413495,0.34350051177953433,0.42606762254444114,0.3661220351685216,0.3084063096188298,0.3107699392729374,0.2696720160950577,0.347161678783619,0.38036689131074897,0.34360144874480436,0.23599062295533352,0.25985378994182484,0.2583308781714859,0.2570170365234032,0.26623650736651994,0.29731090489824863,0.2578715137848926,0.2893007559476911,0.29421616689860475,0.2736382122771361,0.29205115417190136,0.25132541780773004,0.32260009041229587,0.332490921902361,0.2754210047349947,0.2552205150550853,0.305088057077839,0.2782389580960086,0.2204405256465187,0.2720512499425905,0.27734546137036825,0.33286389029365737,0.29235418754656023,0.2782107631675666,0.3810735993819261,0.2514560116607204,0.25866862093716864,0.26031846371926237,0.33406708197450874,0.26926212207553163,0.2898253948571868,0.3602879782178204,0.31447098313653926,0.33555471771228035,0.3512979434548826,0.269331683140843,0.2772333913393044,0.22898428192445577,0.302923596897776,0.3068609125929535,0.251928265174114,0.23214709956381901,0.29619746356298954,0.2854518806541091,0.25202415576991644,0.2787800235484297,0.3115204699243143,0.3337251033842107,0.36759092598724796,0.2948971585233351,0.2709014720787987,0.29253326542522584,0.2515959345496072,0.3316523861921054,0.3102086085945245,0.2804774699028862,0.24559667198839039,0.2977388985030079,0.24911871795778762,0.25732731180284785,0.2517958289887675,0.29190724360829134,0.3332165000460837,0.2516889094693601,0.38198690758933207,0.26029623082668,0.3024269106096637,0.37227765409640245,0.30408477928219785,0.28934573950547127,0.2562497810866425,0.2558863455110949,0.29233621665660986,0.31574689836447833,0.25355676390515275,0.26767468879647816,0.2819563697256117,0.2882170669719872,0.3000856205075811,0.3068806892597609,0.3206023238249504,0.3705533512389972,0.30980589119133173,0.3295410279708463,0.2421862005907851,0.27911682340969907,0.295962977507132,0.3498931697680557,0.2375460008152185,0.2530692958798347,0.35590239017630165,0.30829960059643524,0.31562714348121507,0.3102428510838959,0.3198292303292635,0.3098813390943334,0.2745382425155709,0.2742297164848227,0.25345607892774313,0.3057024640555868,0.3071222517481438,0.2459061447581522,0.2732595686601651
0.22980891029339554,0.28687603564378505,0.0,0.256360753838667,0.22774301290683532,0.30185520804116217,0.22719243585941593,0.27743059750506505,0.19560647330366515,0.33019905282483225,0.3393937627439965,0.287582371066653,0.3247017912157615,0.21524254890900418,0.22751953516031448,0.3745139454101842,0.3277831025255701,0.24357693683106615,0.2264474631085579,0.21184181124393484,0.3210680907262185,0.34059749213310697,0.22154911475343725,0.25633855587687593,0.26225402154449456,0.2687926933159293,0.21646144790492525,0.2491555186137753,0.25656900471396044,0.25636711216169905,0.20483054514124727,0.2866341154705379,0.23167212777308624,0.21230346930562163,0.19660363366711403,0.2596238482313337,0.27892448395860875,0.24603502482718376,0.24126586081582388,0.2537508027770993,0.2573303930713177,0.2723501352609527,0.238826110772361,0.2528621054628468,0.258582242830916,0.2641419394958677,0.24598640582730147,0.3095061778847514,0.24402735207132623,0.24471351549631745,0.28715351833564773,0.27469115335854016,0.20161134608401418,0.3116253522283687,0.2927759580324147,0.23603851529732223,0.23869358580415445,0.3002062729574539,0.2386803852065156,0.2556085088944462,0.27755703026562967,0.21605384268343703,0.27790066183959905,0.1971230660139505,0.19504530748396315,0.23870007180238473,0.24419931729423022,0.28330489543819776,0.2651796912922071,0.25554350250212166,0.25878927125202134,0.19758768519618108,0.22663916699063089,0.3775860315411055,0.2919778003626003,0.19109962156091906,0.3059834142428243,0.2854403596092659,0.21828651905491644,0.21659540863495105,0.2670472776911856,0.22099349570859017,0.29972616560739856,0.2622012788269981,0.23002593210047595,0.2721327564968011,0.21614266774313995,0.20189188541317976,0.2281984827979187,0.2313294507227267,0.26887761684519923,0.19076833714758104,0.2789680341685747,0.2077726863781155,0.23622992909940707,0.2634631781021823,0.19586816210158467,0.22184501385411912,0.1698116132109968,0.25034548645978266,0.20011429550975657,0.2538072372783462,0.1972802538247908,0.2426389553612481,0.22319235184047162,0.30391234171924336,0.2819455279510106,0.24904287204701714,0.26249712129475655,0.3382505466285808,0.2603319460622772,0.21115156107982377,0.2540483070586435,0.21926058566400886,0.23227377257058657,0.2909038204074042,0.20572723806465948,0.2598440160179456,0.3164875761136657,0.20909294895264066,0.2380461592872693,0.21517354208321368,0.2124867959805721,0.2850468254211596,0.16992193879494227,0.3247803298972534,0.2211280167322622,0.2833498946571953,0.3049174018412707,0.2314369736138774,0.23408003414089182,0.3356290266991899,0.20634243687986756,0.1929084735369341,0.2501521599987871,0.1963332432308003,0.22307516451048123,0.205503710117949,0.22748356197323458,0.2344487870997544,0.21169303054523408,0.24543361943467829,0.2337440297019014,0.23567290188808024,0.25850200786883154,0.18898819597441793,0.2666645121648969,0.284334177891326,0.2777670922463663,0.20394728983958757,0.19603246857941206,0.20306878194657121,0.24545892033432287,0.3190946852002013,0.27668533334930223,0.24107857547835215,0.27653159110312503,0.34222188968281453,0.17728936784040158,0.24646368401098379,0.2552828630819241,0.1883608334292222,0.20744525074408907,0.24634536444256547
0.27310876608828094,0.31125761177954536,0.256360753838667,0.0,0.20617295661342358,0.2612111926981152,0.3043573066501724,0.30021366396410054,0.24351174514835136,0.27715514422617216,0.2870508196986486,0.25546038818362526,0.32426521023261445,0.2892870038070458,0.294582739038227,0.249851192803593,0.2788583124853333,0.29930438602298687,0.2517165469880595,0.251606925798214,0.2806201553009526,0.27360927469441293,0.3222585400353398,0.2569359654257138,0.30061149802540493,0.2761774585782634,0.32430553580340477,0.30351649507187234,0.23420339603116636,0.22050161590363693,0.2569623434654532,0.25967548728900547,0.37917577642679257,0.29598534576967245,0.2529552745889466,0.28663281029446774,0.3025007565880381,0.2857786288615953,0.23580787475829082,0.32641844337306525,0.29554043919810524,0.29977906205811616,0.21989974663489442,0.252986336153825,0.3200653458564141,0.31936379720088204,0.20071243581846668,0.22724322032379005,0.28437425455190546,0.261781647347526,0.3256909212399597,0.2768248909883222,0.2696432244733549,0.33667085482380327,0.2780061348078772,0.28570055914730164,0.28379168240173513,0.2697375885122694,0.27994023643695326,0.3362808818792914,0.33373537349535815,0.2438460353456037,0.2735255650003818,0.20696012100586927,0.24486055886941877,0.3050131602671369,0.41508378844711624,0.2524599050412306,0.26959469037717876,0.3105157006832318,0.26570993895336537,0.2449075675850972,0.2869334305801671,0.39539636423152097,0.30496846845691306,0.24241296792490927,0.3083660528783909,0.2723222426997284,0.26542710076768933,0.19933209938009464,0.24465104268289817,0.3056651581657743,0.26123627362158536,0.28685343076997283,0.30736859235059727,0.32057106887353,0.3009387599624279,0.26858841017965757,0.2909522585197373,0.3258810088149273,0.2813326238263614,0.2776029621850224,0.24810994105980758,0.2638650978948599,0.31816069661320084,0.26672505310623423,0.2270429618342189,0.284327934055753,0.2096876446148934,0.3341859856833619,0.263456325981163,0.2662524204961975,0.29035103413526886,0.24490610265010385,0.2745709437839315,0.2705557742156067,0.2854046249367464,0.28024445979584156,0.312598765960577,0.27717681890761375,0.2938776189919021,0.2663842673630162,0.34909665524641925,0.29069826086056916,0.29050528335473486,0.3016811897368293,0.2710757979530061,0.2010461729005273,0.27085187699750946,0.2753146077336673,0.22520610053857104,0.30266778735738503,0.25937589487950014,0.3031512492276869,0.21154499604651308,0.2686919019328441,0.27204319864368626,0.26574598538728156,0.28066748107461764,0.30148656130578966,0.253927980007865,0.26146959057361824,0.2974524968895757,0.26929774056584477,0.2631863211613184,0.20709935384198008,0.20015425871591763,0.2698012219769884,0.2769166252262636,0.28230183831509625,0.3244095385536456,0.24728195491300045,0.34257970309402647,0.27718883511299314,0.2673260355529691,0.25024309072540435,0.2548172298066279,0.2584288197081228,0.24183883983902885,0.18903016520701857,0.27703234431184665,0.2593395533381873,0.2819360086254925,0.2694376847784274,0.30915026991250644,0.3342593275606503,0.3424977462412641,0.2978409028711617,0.3144843123290679,0.2727781802083336,0.2845571505407248,0.24656684494578057,0.26510961219558654,0.26625658468942115
0.25527314734663814,0.22051905934252772,0.22774301290683532,0.20617295661342358,0.0,0.19838606832202235,0.2822462739803496,0.19258266262752186,0.222155012816756,0.20274383142821858,0.27130529116458674,0.22113637814687828,0.21756622558600594,0.21303978048040434,0.26731833940794475,0.23999455906133965,0.24189726569629705,0.24454722217741748,0.19330420312961247,0.22219894751511937,0.26201741631234365,0.2628833781819229,0.23084294366318486,0.27073228388211706,0.22296859578388917,0.23115126516265558,0.1883412044354993,0.18985786180796796,0.19504174683593958,0.25305607867715607,0.24910576373055027,0.20186346400871932,0.20642580093694557,0.19685292068284618,0.2905600267085484,0.24539837279341545,0.27171282574613875,0.24146458495287143,0.25799999018407693,0.22208965598039274,0.23940197246415967,0.2623088037494006,0.2547705212065765,0.3336144635179544,0.20343036988447816,0.20973119311696772,0.2604928111340438,0.3208182406592603,0.274628119175972,0.25758655281385295,0.2659426636617664,0.2294015871042748,0.20767832250143584,0.23071774722039753,0.23950471452226815,0.21680467492609617,0.22623552756242316,0.23835701528784572,0.22772358278871285,0.2152811596091888,0.18288351918580148,0.1856226703146449,0.2259608117155325,0.22364528218276386,0.23670267276126927,0.19121352973645375,0.20630480330743303,0.2694553146875861,0.20957605402817836,0.22268372513947723,0.26252837865588985,0.23959861106322572,0.19831981272959565,0.23786643342823297,0.19655790426205952,0.19644242354353905,0.23134560239317323,0.3254965754223467,0.1982722919188725,0.21157688606663677,0.22751630442547277,0.2334137377372183,0.29471873329856346,0.1906087119842633,0.20864744954775388,0.225135818521773,0.20430233063728437,0.21478208100471363,0.1880675671171906,0.22242153034297765,0.3067487964935964,0.23231831602826425,0.29667996275774766,0.20042244795926972,0.24074489702346288,0.23559502608933236,0.17159924040636856,0.19791165427038795,0.2149240600825177,0.18778590275083584,0.23445214839978026,0.19273063357267275,0.2050768956015601,0.1939947096492982,0.21097608010924987,0.22478664157420206,0.19467945563579575,0.22167950999892808,0.24139096009565628,0.266602960401638,0.25456555350898674,0.24714399223930536,0.20821562017272352,0.20463944592038816,0.20701258481132162,0.21686647808347068,0.1911232511801058,0.236888281608441,0.214019973622737,0.20181582024904074,0.35322815856268824,0.18770477516800413,0.20526424500810922,0.28931461251030727,0.23227528808970807,0.21012783039169433,0.18281273451649308,0.2405118134993408,0.2008747189962011,0.23802222025306927,0.20328775112819228,0.21926603022163993,0.18659619262718138,0.22794081789796028,0.24040100442111365,0.2739014106243889,0.24336006383190115,0.2741045513686264,0.2026334491004469,0.25048495959749434,0.194260524311379,0.2332737294459944,0.23215272763382666,0.22569227524717153,0.27930305607892913,0.21995024016049092,0.30567266973543006,0.213879965480954,0.20673686974376365,0.16642519966793182,0.22408861607354422,0.21249123515283072,0.2514866440774799,0.23040729514495537,0.23102946330356072,0.2530530747236101,0.21573679730612189,0.27085971788063534,0.2163323439629013,0.21430871037924581,0.19933371557553003,0.21480209719450363,0.1963299118835712,0.31903133761573366
0.24826733269201728,0.3104570830452835,0.30185520804116217,0.2612111926981152,0.19838606832202235,0.0,0.22448342693805984,0.2979348143432716,0.24138780718889832,0.26724799151520806,0.2956737235016922,0.3327037579268702,0.30735293478492265,0.2077076970333975,0.23523705566804495,0.34011208823994876,0.33380948438860525,0.21304457688673786,0.30390509721114367,0.24265902066760794,0.3376285115199635,0.27829213691616583,0.1974375315707167,0.2146594376059152,0.29423145550807944,0.2228758045333503,0.20046329943159863,0.2551944309777746,0.2342823783876151,0.28249107595266765,0.2609197300501271,0.39674745159509645,0.2744692725386092,0.24167740721260436,0.21096909987817436,0.26690659709418657,0.26673035854833194,0.2582887822783317,0.2607068450290947,0.22216892920582726,0.27182572417307027,0.3190141747888082,0.25992743807012636,0.2878380790130926,0.24120193596965955,0.2508744517814667,0.2435541436770052,0.25857789382170787,0.21753666214179698,0.27208039960792274,0.3142805653637083,0.3163576811942049,0.23785483455760043,0.3225167046421026,0.2711274657448379,0.31870754691452324,0.2761478934855023,0.39831525965570796,0.21653646435784896,0.2525907607500891,0.3194682836790551,0.28746424722456,0.33933851643875035,0.19543621907085165,0.22562386590648684,0.26490586876694106,0.23344395781025584,0.2618901699927818,0.22784664054745757,0.2637306957423195,0.2781730894531732,0.19981379255195386,0.2534003867272682,0.30990695768004006,0.37641516295294325,0.2269211288993255,0.28957343514438977,0.251479625096855,0.23175790913710276,0.295557921986453,0.3836739755601603,0.2534657401955193,0.29661776412275803,0.2815929957245303,0.2802588714848544,0.26597801622640915,0.2725003346776938,0.23060927375932075,0.2764279548100815,0.2518962149010124,0.2780808086147656,0.26074068803377726,0.30551309976108687,0.2477872721214163,0.24130956107530102,0.2943828788224934,0.26688478965809315,0.28695759829987444,0.19970651949955096,0.2612252015809659,0.21325780693674126,0.27234226135529427,0.23081709563715397,0.2290488280400733,0.27221517098916825,0.30898224622020326,0.3623581741760411,0.27884319381553635,0.24537937267289134,0.3090549405308302,0.3022236043113954,0.2315298988016958,0.32923906530175423,0.2775351581827238,0.24397576719366512,0.29765973295950227,0.2807841433454303,0.21827892432798687,0.3631293407110243,0.2393086575376683,0.22332827493123106,0.26914716936425426,0.25721836564432843,0.30881006053430893,0.21588065398298548,0.3008974011170442,0.291648644116041,0.2618413451648379,0.289833157230202,0.2137032127752348,0.3160804985416012,0.4527742177529027,0.22680192581513822,0.24534104046318211,0.24453709377940122,0.21936422291540558,0.2508441138854671,0.1981658829146096,0.20059998542218624,0.2614379135321107,0.2325011032432143,0.3178243759543485,0.2570268970779711,0.2791244930934392,0.2779280964538343,0.21701088970689125,0.3041423405605009,0.325667360719918,0.2622912290034784,0.25629343747495426,0.229550591740101,0.26791895266422133,0.23027573673099452,0.2591888821158555,0.33117733424361895,0.24535777487731436,0.24713679315665837,0.3552138884242102,0.19014000168125816,0.30202833557708986,0.24666609972563458,0.252975697936271,0.24543991686754998,0.24406431198654777
0.2822891810359905,0.29716579957711775,0.22719243585941593,0.3043573066501724,0.2822462739803496,0.22448342693805984,0.0,0.2130361458413569,0.2340175960883952,0.24366200431672078,0.3223377306977855,0.2744684174357001,0.28813313980209093,0.2989575116091431,0.3256087444408487,0.2332480025434644,0.26245887892746,0.29846942973854246,0.24302820960112284,0.23523708463662,0.2769443364184887,0.32128919915427245,0.35596114773107207,0.3183730118298956,0.2692008499546323,0.2739751276957745,0.24076073140163307,0.23460577819021317,0.2780757056905048,0.2583670904069111,0.25221722002309177,0.2512609661268661,0.3144728758560161,0.2491141039561328,0.2657365108073528,0.2791401917028079,0.3463855307262267,0.26644100877198595,0.26744128060947786,0.3304963744065034,0.3555185695657995,0.2946543289044259,0.27541502550903757,0.3265700020395588,0.2694775880376679,0.2674085257709763,0.2688009145896666,0.2742488392702151,0.41797051214246894,0.27192183314540785,0.3441511538035874,0.2500343179411126,0.25256284150941927,0.32932548486203855,0.33016391656535665,0.2673246235958253,0.2697008259008144,0.24629234744317463,0.323688835607653,0.2758671883794367,0.2222109607156241,0.22395424576094872,0.24012855906812652,0.24751419900910873,0.23993252627608913,0.22046197004078683,0.30195967610961727,0.3123392639485035,0.2509869557945592,0.24313675743708826,0.3117070127491571,0.26125814420138616,0.22776662403054457,0.32163076676366037,0.2100242187763503,0.2463288810145495,0.3184123780159937,0.3207932375101114,0.22656269071867488,0.2161733208131748,0.2595348511191479,0.26740136801799697,0.3141523606891265,0.21536492797141768,0.23520301133420307,0.26514837081648845,0.23029946643650454,0.2731066298310458,0.2237234672148766,0.27548796888963717,0.3361326244675945,0.3163029352701426,0.33374461493980395,0.2502168661040091,0.29239469144382535,0.3147119797893525,0.19904620901551298,0.24502993531019188,0.23658973979396505,0.2537277340827615,0.29103804655647714,0.2320229103535371,0.2668193468436169,0.2327897256961545,0.2341092502279179,0.24485681033037138,0.22385558830105262,0.24934239617534937,0.3542231403052392,0.3121567633037236,0.3573887611616374,0.2738422394229284,0.2522335363145379,0.2202263664251231,0.2548002989954511,0.2681044903109243,0.23192522136951643,0.2576516966467687,0.26516443876041856,0.2230133695860797,0.28065969917183153,0.2223465273788827,0.23974541120276457,0.3448815551936647,0.23426170750791817,0.29777637558339054,0.21833175918218012,0.29314880291441725,0.23588150230534488,0.3067990813528386,0.2182402079525252,0.21819209918928573,0.22256253145071553,0.24905592956373984,0.23865845625815027,0.2748332825540601,0.2611180475677113,0.30773606448204677,0.25990858741101824,0.3022714977332301,0.2866468910881879,0.2643233825573744,0.29326809824070027,0.26011142720672076,0.3270725208525294,0.27650726721895774,0.2871767491118013,0.27673107161195326,0.2297681074188239,0.17776844683155824,0.24947284068317527,0.2773589580111929,0.2820423436561465,0.3217738424610947,0.28719629580027595,0.3065433527566987,0.31500893410192776,0.29260825018993447,0.31402082704644635,0.2796560397759048,0.26442445408991133,0.2576711682142972,0.23925954400283883,0.32175985791678763
0.2804167881797731,0.3136862142392797,0.27743059750506505,0.30021366396410054,0.19258266262752186,0.2979348143432716,0.2130361458413569,0.0,0.2706156615301288,0.29767987567940385,0.28753976770908085,0.2679988369353976,0.3543939413578361,0.25905402299913965,0.23470063185557274,0.3280455239193646,0.32914890187559165,0.27465354137525105,0.2754648933725901,0.29863402115898385,0.30085718909114717,0.24553412568009458,0.2504472741214475,0.21418312891773822,0.3316708517340286,0.23674327016010938,0.27684002506769967,0.33474866004736564,0.21353806662584177,0.24244901734335003,0.32542362902474425,0.3236953890732363,0.27084055155594094,0.2877212954252115,0.27289316690494814,0.33809755939259717,0.31693847301669875,0.34846748830829644,0.2614532344237504,0.2531582892318581,0.27844146183143104,0.27544816838937297,0.2605230555179007,0.25479301082955735,0.3771303910742801,0.29993194924598837,0.2194774966916308,0.25447650771942215,0.27245183586005733,0.28187974608809696,0.2919708275612693,0.2594257985617556,0.2646164609194608,0.283932216769212,0.2825060974350037,0.2951226569071362,0.28276632116319006,0.33983445497397324,0.29499256171468247,0.30457934531263336,0.4993994946544756,0.24629104091359388,0.2954139392769344,0.2520081224480979,0.22457852120767025,0.295577347658711,0.3160099735384651,0.2476868536315293,0.3243207147397237,0.47433224062770873,0.26722874382766953,0.2643609043130096,0.2996690662754362,0.3469632204403851,0.4379367259901537,0.2648162636713321,0.30902246344674883,0.2384037720103047,0.32739609443105266,0.211574544392463,0.2820720207256824,0.26486846861232793,0.2833117602376399,0.39974925154828606,0.3174307800029227,0.3725513442948572,0.4115899052013051,0.2782838053208483,0.35481916250819623,0.3079402410875731,0.26137113629915176,0.2595203634593475,0.2826734098919973,0.2678149268408663,0.3084352462630084,0.276827805214014,0.292120967303248,0.31610251885059426,0.20980464065501922,0.34024418249926075,0.2672851242242792,0.36602799501241795,0.26292565513239496,0.2783501466993211,0.3288281529946974,0.3028570691088888,0.3467727399449938,0.34775217195580027,0.2694949476360114,0.2869097740302773,0.262204657288867,0.26860941010176437,0.3542615843247125,0.32816289388896075,0.2874322086890548,0.28472563651833793,0.31635535228567424,0.22219319485212735,0.28130463664900884,0.2789846391802223,0.22242673639112867,0.40480539684779565,0.2624971183167872,0.2854231111931716,0.22801420907007347,0.273847651329651,0.266234857079396,0.2886538831409368,0.33058212608320486,0.2562416251057719,0.34561839101000535,0.30308230924106483,0.33817095764436883,0.25512265536786266,0.3005664925161021,0.21174005584729788,0.24569070428287312,0.22543588989998303,0.26713796028647174,0.30991974875035594,0.2795211462658674,0.27448671576388944,0.3173787369784293,0.3070919438673684,0.3130962571427796,0.23983929175307667,0.2617646421642963,0.2852228972602748,0.30900090469102864,0.2346966820232487,0.30854067556256237,0.2996471710804135,0.2794553395614669,0.25003590895946,0.35440271904653753,0.34808547184878225,0.2694894987232905,0.3072003201880252,0.2222798107754454,0.27407419283192996,0.28311998268901517,0.279111559768452,0.2791310268106421,0.25318108434152076
0.37985707718946227,0.25096219608792814,0.19560647330366515,0.24351174514835136,0.222155012816756,0.24138780718889832,0.2340175960883952,0.2706156615301288,0.0,0.2083269921646378,0.2371093020820155,0.2374784875555472,0.23554618594151294,0.3010863882559032,0.2465484263238036,0.22546322718271056,0.2296975689021218,0.3123681858016966,0.263678733731301,0.34166394828570223,0.25197006138894273,0.2725723699814113,0.22402725654528483,0.21130040516623244,0.2696509817649111,0.2135558373028593,0.24100520489038182,0.24314515542911302,0.1915135140496865,0.28666597700603286,0.3679549815124577,0.26783834508470006,0.24827675275124558,0.23097934603534506,0.3346575137142919,0.2930712876287004,0.26511511210239513,0.36672320831215044,0.2570841644212703,0.22260335164801773,0.24924791275302643,0.28669786974932676,0.2732971209539908,0.27740607197639877,0.2633840939752799,0.26174275113400053,0.2195523360216392,0.23840523522541826,0.26203259830452913,0.32711186201392567,0.2864208743410762,0.2392064618355501,0.3082750349293943,0.24549312048158012,0.24895802958787616,0.31186842754360744,0.31924252355151916,0.2573891518623652,0.2761048565436067,0.26855103476174197,0.24575966321721973,0.3027490936051891,0.2592750198136856,0.28571809715256136,0.35007670367034793,0.2908481254907567,0.30629907596673395,0.26487598194611983,0.2606105351907776,0.2926588929050598,0.3568938760028531,0.335487269509062,0.3550733847152537,0.2446897053268259,0.2859381228996866,0.3046580898550759,0.21525079404962516,0.20486589213732215,0.29100955349695234,0.2311895636613948,0.25649707420071255,0.45450932593482746,0.27026077538352267,0.2534550711316318,0.3510698949778304,0.31726205631112714,0.3178947604474517,0.3956350756536386,0.2814303681883892,0.3540497209293215,0.31628666905654657,0.40250355093022966,0.2810522569852482,0.29906572909870643,0.3821339387777183,0.2731591646960981,0.33078041785822293,0.2720503602645771,0.38707630981609575,0.2572966681391382,0.337672045791121,0.2374727301360991,0.3369166509947275,0.24295000771185904,0.4177697565080241,0.23875301133315674,0.23598591294835936,0.23937033974472763,0.23539750613989172,0.2189376521047437,0.23474500745039367,0.39687761691211765,0.32846673241687435,0.344164409334786,0.2777227429970508,0.2337632707266685,0.28602406388873086,0.24467189939580586,0.1970211690104585,0.3007317961140247,0.2863857198601035,0.3059436665565696,0.2971431250889476,0.2723350468732082,0.4959231242340886,0.21853461621962475,0.2906230664429239,0.22024687350601502,0.21596003925293492,0.2948766599135416,0.3343124600281954,0.26886861587012467,0.3045819261806766,0.43060712462944933,0.2824580820641172,0.273805255523655,0.24292436488511557,0.25379274870562,0.24590786258464853,0.36678342602470504,0.2724113895898359,0.28590261194329863,0.35100674430539186,0.40553999867082796,0.29376037542393024,0.3013801643001419,0.34105229267528453,0.22256677349734533,0.2627905427425307,0.21273689315172511,0.4203081573192705,0.3007535575235562,0.2834082238422563,0.20486181589188335,0.26077257960977035,0.34709685336736346,0.23968659976776668,0.22783145398151086,0.30605631394136984,0.27449938312539224,0.21176783316988637,0.41028072927553666,0.3523775521781136,0.32839630135573616
0.24758791022722046,0.34696742287926596,0.33019905282483225,0.27715514422617216,0.20274383142821858,0.26724799151520806,0.24366200431672078,0.29767987567940385,0.2083269921646378,0.0,0.2612567036472754,0.24556073340316528,0.3021930749821977,0.26350944525872494,0.22247218596756038,0.2683184194668031,0.29373640988034877,0.2857585442036661,0.24281579231295303,0.2302668549884865,0.2506266799339427,0.25037861938067557,0.28940571635290274,0.2075082402294613,0.3490881055396939,0.21177252168213234,0.24284070560174523,0.2951615937442749,0.3196760657984904,0.21767071951297426,0.2462990444016716,0.2852977217361084,0.22866267705646368,0.24369439590058295,0.2406608145160908,0.2772030492744792,0.2774766723090962,0.2648478455481032,0.2140245894170117,0.25155248991485357,0.24115088163558077,0.2702597128870168,0.22182119618137247,0.22686925826916055,0.27004995462068,0.261541539454491,0.21557154671465473,0.2426231510202846,0.3024866477550162,0.2252006124452717,0.2562761917695374,0.22182027772565968,0.23666438837826823,0.2798099970606915,0.30954536748507583,0.2904281921287899,0.2331310053336242,0.2369055165645093,0.29816724703115743,0.26946636909088,0.32125791231973166,0.21904864434839708,0.21769875884687465,0.22495014181623454,0.21508212011238256,0.24030309706061673,0.26216747914202987,0.23615770952157825,0.2948167956037973,0.30129062241393795,0.22483193032836077,0.25885952656262845,0.23238254693647517,0.30234393771465173,0.2937435618098206,0.2512019174777867,0.254291237318712,0.26751352962543923,0.232251222400858,0.22368812001895932,0.28366680952023987,0.228014750587964,0.2740772090991696,0.3033958764494455,0.25822239515337725,0.2752582320765203,0.25148835697725686,0.24569264302288646,0.2957272652581949,0.2508653174401991,0.23736150776919843,0.2350396693039606,0.27891227804490204,0.22578051173989663,0.2795303179645507,0.28716297004449576,0.19595874192436347,0.26524624129660934,0.20386296773030135,0.29824048963224786,0.2519895772147816,0.25915597499353044,0.22948502410146848,0.3112459022476082,0.2347570404516782,0.24808201812787906,0.2778424149637677,0.35224311677180076,0.26778985351472934,0.29002340263958953,0.23908806020913287,0.2312886176505789,0.2999293754738835,0.27816044761917086,0.24667076902707827,0.25950667709201736,0.2679291321687982,0.27241668763948795,0.30360529323373464,0.26105548097249864,0.2069779146675563,0.25434635927093996,0.22880847867142334,0.26893082607454666,0.2043451038061824,0.3183684944852345,0.2525240506160484,0.22967844920739877,0.3549900981661024,0.25410332810271313,0.3121195475512251,0.2422097290659182,0.24974683224101057,0.20927269903276846,0.2439862932089466,0.20586368809251096,0.22469487803446625,0.22902612884885004,0.2530255422986206,0.25920297914815105,0.25415760486511524,0.27332523191596925,0.2841311812454434,0.24271514054729676,0.27065003981845376,0.22472249793207486,0.20406372133664774,0.32237978617854274,0.37216112559178094,0.23217875179262926,0.2136938418985251,0.29170954190807813,0.23946762538638855,0.28084506479081245,0.289528249426681,0.27375228283587005,0.2363157143675195,0.30138786616656543,0.227415437547373,0.2721043368496617,0.3625231939059687,0.25560251456793864,0.2625942743608596,0.22238098065209813
0.295794898242139,0.33901474807641047,0.3393937627439965,0.2870508196986486,0.27130529116458674,0.2956737235016922,0.3223377306977855,0.28753976770908085,0.2371093020820155,0.2612567036472754,0.0,0.40454751106827114,0.33490852860981196,0.23839863953260548,0.29802404831426765,0.36691440503089984,0.320636014354062,0.3023284800978888,0.2971840727132304,0.2591902492784605,0.35361100650475275,0.4052972433415091,0.290204023917483,0.32160500874963477,0.3301725689650979,0.29362482847986815,0.26084368603490504,0.2671205754378712,0.27567420544594873,0.30676695841729323,0.2772207995908804,0.2990651150572517,0.29739268655599777,0.24768191336449194,0.2462797455881263,0.3427293112601996,0.40185153580052546,0.31145303437661054,0.34708733545892984,0.2915257708197207,0.3210491046963478,0.2880094515390653,0.29802765323982616,0.33760099998388404,0.316824819140028,0.29299541300214377,0.23985281150337145,0.39467048901048174,0.3413433544453279,0.27934311510312326,0.3647835573275535,0.2658506989279942,0.23486291498683048,0.4166337718361156,0.4111438950484613,0.23080614854880518,0.30908116069844815,0.3894547586311661,0.28519916014652985,0.30081574090964885,0.28046422918765557,0.20885441286230996,0.3137312949530728,0.23472101417280072,0.21119220079801432,0.24300564875247313,0.2750032028334053,0.30198520519369765,0.29665444054400497,0.2963145257301276,0.3090018568567864,0.23384078153588703,0.23544141870450394,0.3631106566178036,0.28691884985999966,0.22668416298075397,0.3525406467020033,0.325724181965514,0.2535869736378366,0.20493930242380992,0.25497736323960235,0.25291845799150403,0.33573497623967247,0.26044720000329874,0.2461827306206207,0.310475234390416,0.25831109270601466,0.24474517040478674,0.23830541342369418,0.28252928482747,0.3802082073879639,0.23316373285540384,0.3956635954196337,0.25934761289665387,0.2633470884599978,0.3345791658596521,0.22133372318407074,0.22758809980007522,0.19665697821141,0.24886547750553897,0.26467285418273145,0.27861411723061247,0.23914832551752874,0.254061125912071,0.267724572773843,0.2807501576568031,0.2663612939623556,0.2739889119016159,0.2961553296930201,0.416723130655524,0.37767641171030275,0.26707916465522574,0.2489964056746235,0.24051780897587366,0.28369464738372796,0.29716057476539715,0.2257503535074721,0.28550542723866623,0.2935793495507093,0.2166360542334089,0.28987969195644325,0.22450302164800864,0.23607169832139563,0.36920012271272973,0.20048729837322044,0.37847483208658705,0.19963882161860172,0.39119302161224634,0.2817885683874746,0.26481506348749156,0.22790054154212588,0.28806201610421633,0.24474072507978975,0.2447272351580225,0.3267305984736765,0.2292654272296212,0.29267208414006735,0.25509573312644257,0.293897696118423,0.31733558355219244,0.27061333774834945,0.2795667387767259,0.2578272583214499,0.28005812497463045,0.3787853028776726,0.2422675054010002,0.3183161966939469,0.2860887407357047,0.275528759332024,0.21123656928984877,0.28260827400881156,0.25396434315587696,0.35784662443975573,0.3248781544151887,0.3203796544976397,0.3237282766631041,0.3310264986776853,0.33019042641770735,0.22800360073421028,0.2520232782374956,0.23314402011588387,0.23788596281600288,0.20617063519977707,0.362731027827694
0.284266148396361,0.314018639047274,0.287582371066653,0.25546038818362526,0.22113637814687828,0.3327037579268702,0.2744684174357001,0.2679988369353976,0.2374784875555472,0.24556073340316528,0.40454751106827114,0.0,0.2599796236498507,0.19959329665813577,0.2410571853205517,0.3124715366936871,0.30094298506649325,0.23880216198394819,0.3655013838229614,0.2754554790933233,0.37989037594743824,0.3073993885656231,0.24250180070987165,0.26774382482503906,0.35877230203174226,0.24227131595107046,0.21487465055899727,0.23539421317047876,0.27012691211300066,0.2997059528577199,0.28520334226941274,0.309060975081293,0.2677146816896779,0.27313428273717283,0.23625379595101229,0.3121360970562495,0.3265463880179276,0.2982970028234264,0.35364116020190317,0.24989380819633072,0.31316497059527965,0.2751035937402622,0.2943513851318448,0.33890482094132607,0.26741972295189453,0.26397984810833974,0.2530795491106096,0.34391440628454617,0.2850040912160736,0.2905168636215015,0.3559437124374758,0.29798065608345764,0.2327653399425541,0.3698552703783114,0.37956784115062175,0.24185122080636548,0.33570130019261535,0.39174406250878185,0.233572287945387,0.26963458187508127,0.24721003989026263,0.21531412420520782,0.31578045346022326,0.22872552166970134,0.2187262960974933,0.2605906978811576,0.230271783214271,0.24886051165343584,0.23808870352325195,0.25855606298067946,0.27796737802032817,0.21096431445398403,0.24009410449679033,0.28991160836142704,0.2902606199117586,0.23760251055927042,0.27151976441892045,0.26556329384976046,0.2485461588920295,0.21336369571663052,0.26828912673000066,0.25891832701906237,0.2925419046702287,0.23540227155752244,0.26863916553983136,0.2956755749665264,0.25160984063283354,0.24369103956398197,0.24421430344349657,0.26724234938210173,0.3245342773324674,0.2571645543075641,0.33510401419785796,0.2875252595202479,0.2462925863565127,0.3696447903406289,0.23220764579407308,0.2660636061064306,0.19842768596161037,0.22475720794845783,0.23078896646678343,0.2697703708106904,0.27005369842222327,0.3201898255494224,0.2621018947944964,0.2586726712358352,0.2953435587145711,0.25602065754341047,0.2601908165880266,0.37430785877309986,0.4696072821113725,0.287852974462368,0.25852338666531,0.2502104454413573,0.25391634836088567,0.2598439855728469,0.24830645284315253,0.32067345985831486,0.33284029093593864,0.21034882303143593,0.2412132774896567,0.23397900512365202,0.2582298696169624,0.3146168950019008,0.20453230828340171,0.39452457462999296,0.21322164681023523,0.2916397747867629,0.31754575046985317,0.22538342023210428,0.23340717398616814,0.28069251194816897,0.2196226525684514,0.26971092926480406,0.3087268937532285,0.21932114258408641,0.29207855763500973,0.2268864881022783,0.24081266217468728,0.3198234438342506,0.2314526249609791,0.2829610319648108,0.265312814303405,0.2892738354704658,0.3550939638732436,0.27066790442661154,0.33144452809441205,0.25076754516059907,0.3364920467288132,0.22768504676156656,0.28785690827084787,0.279681924806682,0.3007279475772823,0.2594748215826213,0.3840139077870633,0.2671120430565195,0.2753071199236686,0.28966831922571584,0.20566337895462175,0.25962684139636494,0.1987181923111069,0.250877214042103,0.2160013271013598,0.3108810478477733
