0,1,2,3,4,5,6,7,8,9,10,11,12,13,14,15,16,17,18,19,20,21,22,23,24,25,26,27,28,29,30,31,32,33,34,35,36,37,38,39,40,41,42,43,44,45,46,47,48,49,50,51,52,53,54,55,56,57,58,59,60,61,62,63,64,65,66,67,68,69,70,71,72,73,74,75,76,77,78,79,80,81,82,83,84,85,86,87,88,89,90,91,92,93,94,95,96,97,98,99,100,101,102,103,104,105,106,107,108,109,110,111,112,113,114,115,116,117,118,119,120,121,122,123,124,125,126,127,128,129,130,131,132,133,134,135,136,137,138,139,140,141,142,143,144,145,146,147,148,149,150,151,152,153,154,155,156,157,158,159,160,161,162,163
0.0,0.32365264481622924,0.29372378686129696,0.24727054613543784,0.25480807306065983,0.2752028327913709,0.25625385923624566,0.2921504310174055,0.34121855609470475,0.30892795904120496,0.35448761214498914,0.2885814180962882,0.3665334094003128,0.281031630615058,0.281079632179439,0.3069447265724932,0.3180316189764719,0.42827647839720684,0.3059887491966492,0.41317581229553624,0.33758905334319855,0.3360774684541144,0.28527508152221287,0.29234290842738225,0.3941119923502154,0.25731613242439627,0.24090771828283458,0.30131937027205635,0.26881181127206943,0.265217055264885,0.3172658743728516,0.34555326912059353,0.2476670645746344,0.2811300779402686,0.39205427820703465,0.3345682661268777,0.37472238780980743,0.36485694156380977,0.2527688858032586,0.31909061954485995,0.2741955556135485,0.3266362932067945,0.3313090804972222,0.3325096151009619,0.31245243323492,0.3268008147071512,0.2641641580345803,0.3329427248191255,0.3954169477833936,0.37620666354979504,0.3450106387401262,0.30179882996616336,0.27959176921548695,0.29008721185244835,0.33263140692926396,0.3292958181114144,0.41709609458436847,0.2772269206602672,0.29552921986919733,0.3258168043957877,0.2795217844232088,0.2477183632837614,0.3344561354377727,0.27458540200852233,0.30899669586556955,0.3369518977371938,0.2947622737505855,0.30370061442726043,0.2834239943187178,0.32582250741760566,0.4033724039175318,0.316486732935792,0.34638290070924854,0.3217514964732933,0.32720424635455936,0.33180082347864237,0.24617678808640234,0.24991397030757667,0.29192803918845217,0.22118826507605946,0.3003391934027882,0.3540244333299776,0.30239102314557254,0.31899073775917197,0.3482734692245431,0.37384796433781126,0.3091094167569885,0.31409404498682225,0.31812799319706964,0.30074622010896024,0.3473483916471086,0.2782945976282391,0.37390314475388114,0.36895526697520703,0.34991222388053383,0.29510297108267,0.23381812398568663,0.2724585943636837,0.26845221533116154,0.30701593426610285,0.2952967659598962,0.2616851900371052,0.25816725128403495,0.250467673338328,0.3857776090551534,0.28729100075749586,0.28800186493759883,0.31777221058898425,0.30303097791379796,0.31406019362535315,0.31389988225567783,0.39379977995317583,0.3326571521366218,0.2593382406261338,0.35259354339602,0.30840984176635505,0.31466536198779843,0.3602881051387822,0.273789135894482,0.26734112802004767,0.291876792868786,0.23547819021612476,0.3349762401403319,0.3349552646288642,0.2961032892536375,0.27910120481255424,0.2454012948559226,0.24682676870395687,0.29915083150295646,0.3361302766068236,0.27350742454557786,0.27193811448406935,0.25532023335593623,0.3345643351136908,0.3264995523093963,0.2971238109300275,0.3183117126278486,0.3234352371772943,0.30654162431756815,0.33178755680417316,0.25155462469965933,0.3176707452018765,0.32796090241485165,0.31206879599436066,0.3635726763654506,0.3013675332385548,0.31177572256980596,0.23901955805460626,0.38247068337203144,0.20855997337588533,0.38584543296638707,0.28744934991742777,0.33322222506160676,0.23330865430907888,0.3080358520039492,0.3476584645784374,0.289989628737047,0.27968522166722926,0.2737167813966251,0.33121699124362725,0.26531530163972894,0.3508950939911831,0.22665590621243048,0.42504332865061556
0.32365264481622924,0.0,0.2960973170271962,0.3055788580271576,0.2289804797815886,0.31990709430166253,0.2904044017659525,0.32507878082534886,0.28632999213063787,0.38800723561203476,0.32016812738893263,0.31120693915302344,0.2975747478969261,0.33124192869198205,0.29932634504515787,0.26490496675746705,0.2982134655495448,0.31059887407610914,0.3202970181877559,0.296208499810089,0.3193557626324234,0.34635635695091954,0.30336929247228467,0.2944141968534,0.34750930202351343,0.2530812284047723,0.23678304418874094,0.3084145133404717,0.413101380858833,0.23574893426647223,0.3190289016011552,0.30189666722109554,0.3268414427288234,0.2748039304105956,0.31591955640095754,0.32776902489333265,0.29568164114984113,0.3257581187684534,0.27915184062494774,0.3325390361342843,0.34850085698271704,0.32113629821374484,0.23083007545885523,0.27668917234431345,0.3331652358567814,0.28782754242495945,0.25180428769354884,0.2512278788591805,0.3385842566947022,0.2865705009714552,0.3281994887573543,0.3059446306914112,0.35431615107872444,0.37515774145202374,0.34917147516500435,0.36764062944003995,0.3414836187758463,0.26205948981514515,0.32031873323181664,0.3512491362339415,0.3295073737499527,0.23436931471341604,0.28982354340764405,0.23601254455780768,0.2771052627951769,0.2837605742548994,0.29933892395597256,0.2637112916263356,0.24099886453164138,0.31502621926546237,0.31077779734668953,0.3016526988145947,0.27464526008729173,0.3306411416201899,0.32927346459472506,0.3061944330016309,0.25633822030205405,0.31304070544218526,0.2810582027198685,0.2349162076502145,0.3064015036475048,0.322319866238603,0.35655735513736214,0.30013778965765026,0.3126284689728302,0.4170700639511231,0.267998147166222,0.2564426956496756,0.2841697005417857,0.35557274719251314,0.2712816417217959,0.29211345873023187,0.32959423712515434,0.35923752998994224,0.37353109798854517,0.3274367321795712,0.2687125316453349,0.28998230479256315,0.2541476283860766,0.3287771848931252,0.3065706984929939,0.2306704384988122,0.22277527954217485,0.26129046533179145,0.3045150349117971,0.2571805024338219,0.2575917408793568,0.34114828627487215,0.31145106979411785,0.3259680580052306,0.3029184584749008,0.29308236314097,0.31164825538431123,0.25498196685548236,0.3710227607028509,0.37211869534175945,0.33530705158909535,0.24505879836422131,0.2767933065287216,0.2855986987355011,0.2779549891060565,0.2640009706063663,0.3096335591198502,0.3783668377134308,0.2895235766567433,0.36733223596486664,0.27133101998488246,0.276734709802944,0.3617877210802821,0.2964620488009843,0.2990251893253065,0.27324385571024107,0.26367348049182077,0.3785228750168928,0.28643324708063417,0.2713854096089883,0.2658650761904469,0.30957850520930486,0.2788365731185414,0.282953663093966,0.28541887429043106,0.3134546328625968,0.3998876985205754,0.30187316622553595,0.3353275954781075,0.2525019841447562,0.31871269048938317,0.2793221361522561,0.36795209590742095,0.2160626988577466,0.30118689432493584,0.3586308657673107,0.27502218520445626,0.2641756507713604,0.3003101993950736,0.3192789771574132,0.3019648462132934,0.3081627393711591,0.2910463873136533,0.2983903102082338,0.3160051264335117,0.36791592482145863,0.2551448204648359,0.326782292872414
0.29372378686129696,0.2960973170271962,0.0,0.2730873094193158,0.2653858137459458,0.29638796689131564,0.2434243542237284,0.3013201030037176,0.24824651585988383,0.338164333999973,0.3518527329089811,0.2781877396874508,0.3564249860458908,0.25111965106338857,0.25390935337238724,0.4153187453246859,0.39333607234083723,0.31491702056438814,0.24264545774741628,0.23808168794096998,0.3732563564670974,0.3870148647075457,0.25222670120779694,0.2818112010445827,0.2772838778672353,0.3148807977743347,0.24834122583222268,0.2931572469807385,0.2583488090749795,0.28205094994467644,0.2284978371189655,0.3319047656057647,0.23367549101799662,0.2430041686009783,0.23054974971699874,0.2679795012826676,0.30290859980415663,0.28569681057921803,0.24730412055018,0.3231923186639129,0.2519403220763783,0.34303792059669563,0.2700692388584567,0.25872464084051916,0.2941180393133748,0.2978835658993486,0.2659142965772574,0.2857404057657709,0.29497279746916377,0.278472929996892,0.3355483712662708,0.321196835360824,0.2322207851096555,0.31375052078720805,0.29805456833902166,0.26471887642718683,0.29514872922925084,0.3149661114457973,0.26508586369898673,0.2862021145888511,0.28137725831450233,0.2349340976105614,0.3405635115350716,0.21030402435966314,0.2368739361855673,0.28274033044835784,0.2705382113160021,0.3107936929112534,0.2740875963484848,0.29843144750636347,0.3191923783804791,0.23117970784781716,0.27961325882555693,0.46655149730415196,0.3423174542161404,0.22363313264848245,0.34045874307710566,0.30965298177075745,0.24240649923185795,0.22538665823802997,0.2835382907807347,0.2754215087599054,0.3325301050986204,0.27767295370747136,0.2859710688429577,0.32449420442950705,0.23797275506782578,0.2310639320794064,0.27376751064107824,0.2494475053904348,0.31920911672319663,0.20808556094724842,0.30293147056147685,0.24577092218985047,0.3003868861753642,0.24135391243490498,0.21034719418690478,0.2385613230823653,0.20371265084948373,0.298356348676821,0.2118705905253621,0.2625935745961367,0.207051435952567,0.2121287961333525,0.27811427146618606,0.34133089536169986,0.29439870211653746,0.27751290100868914,0.2898330726913844,0.3202945709081184,0.2846091546023813,0.25705479366760814,0.2732166934249754,0.24971121312197542,0.2774403895618851,0.3797163571377379,0.23995994825311154,0.2769143742592561,0.29007893966538845,0.2520321696031698,0.28323384741995306,0.22464588514962988,0.23835026560269496,0.3286536721770548,0.19393374715272607,0.2913941036895064,0.25072910289285905,0.2917273282902253,0.2943029220499852,0.2626655094315512,0.2660131676073973,0.39585539077517623,0.22002051802381523,0.23307800839199302,0.24849576444245716,0.21488357118744542,0.22892445593319838,0.24356100532410513,0.26049124652452865,0.24971342114183,0.20711652570149136,0.27594510863306076,0.2832280060853568,0.2686115401172743,0.27950817816197154,0.21271858278760045,0.30961104732004946,0.28286328593986276,0.28939657337209185,0.20270649566615154,0.23074947765738119,0.21681702748095652,0.26794930083273016,0.2928387759589072,0.27745843185561575,0.2604703906918925,0.2947722345469131,0.35921752640084814,0.19152123074723773,0.31826890008170067,0.2834513634908986,0.21501215016562494,0.22156820445422254,0.3147539597019788
0.24727054613543784,0.3055788580271576,0.2730873094193158,0.0,0.20252397420448326,0.26634424500560316,0.29158406045064933,0.28983254537826986,0.22781879045321776,0.30594973757652655,0.26329427525343324,0.2935267402596906,0.2587872521078148,0.23707675609124437,0.29527360356373933,0.23399675425570574,0.25547042884830884,0.26662580301301925,0.27948303590937174,0.21981387930531324,0.2833829412532242,0.26418696652450996,0.2756340708308557,0.23011321822567218,0.29708516094886817,0.2528645508301978,0.26122530817900774,0.26169859849138394,0.2575007021363621,0.19786841456420054,0.25647347601520465,0.25361956781675243,0.4121730048235012,0.2657514536758476,0.23754823233887093,0.2892807300252483,0.2532038190475944,0.25669150721749606,0.24088125972114532,0.2945873735155757,0.28597493214065856,0.26253801436880114,0.2200348939959038,0.2579341270580127,0.27994050421270894,0.2789549867045198,0.19092540456234341,0.22063197585948893,0.26721388067324986,0.2407941795680787,0.31117434779067416,0.2919278557030641,0.2511289443273071,0.36311970307156116,0.30899827687736814,0.2536892080671112,0.2721582373565708,0.26903129604744835,0.25513994641950877,0.2865762933103075,0.2888649927024839,0.2248778021824474,0.27458690368191047,0.19623427676055774,0.24824638099340873,0.26850518248036226,0.3017110628905674,0.21913501807302788,0.23578895423944773,0.27344097300573533,0.2527910129794828,0.22961829330815922,0.2477773113323662,0.3438486480967556,0.275774224858769,0.22258628755468707,0.2739840105802612,0.26670515619046176,0.245094392119996,0.17727760058262973,0.23221712003017833,0.3234390048471468,0.2426509307646953,0.24583980826700358,0.30549115401605054,0.2791957802266158,0.2572860420207041,0.2486790081008545,0.273325847398622,0.25694148223851776,0.26603156095675984,0.27010980267153983,0.25318853213941317,0.2434626475716665,0.30351556246463224,0.2775165885498171,0.21780589941905795,0.28447507025471536,0.21150438040522568,0.2965735449114676,0.2260397924691611,0.2512171764323276,0.2820462402130346,0.28627314326179415,0.27164184164343347,0.24808164461806478,0.2634776659845278,0.2511912565604502,0.2672314069081823,0.2393261475606466,0.2965688651325884,0.2622848679146941,0.2905562825355335,0.2520448349205772,0.2855425157103123,0.2684053890781829,0.2585607178512502,0.2175064591571247,0.28076015828463496,0.26965515608477486,0.21921373364351798,0.28695920080971016,0.22644932924011282,0.273920462827839,0.1973440184423997,0.28207062206889877,0.251231251477426,0.24728228902711055,0.3039540884959491,0.2721375755098772,0.22576978740449039,0.24891233990164988,0.2344245900649495,0.2629893982313223,0.24175585255557713,0.19326034261675407,0.1823292219853448,0.2610218233235364,0.26745913406733035,0.25338018973205345,0.330679967537292,0.232041472457131,0.32183687704369973,0.2696173784553771,0.24552950542494176,0.23988102669658237,0.25911851935799113,0.2401205368254524,0.25440067339670436,0.1795412502717769,0.26318270170610947,0.26823967484139655,0.24832593976020362,0.23858865290075845,0.31330649163561364,0.26413458580541105,0.2512637958200759,0.27573773126966755,0.30304155340610356,0.2634928593218658,0.2689770294117254,0.23274893338315272,0.23678840271862409,0.24453318192500556
0.25480807306065983,0.2289804797815886,0.2653858137459458,0.20252397420448326,0.0,0.19476930939229115,0.2666903571088976,0.1975881661513309,0.22711748364981516,0.24196389912626365,0.2675227223342135,0.22973264776071428,0.20683930614714524,0.2120258029670929,0.2622841745199602,0.24350558894725285,0.2459777294768437,0.26096726387583,0.2033683876924938,0.2008338480109587,0.2574608679932438,0.2707542246254334,0.25803553839334975,0.24081114634124642,0.22741440299594023,0.22851402010976585,0.2051025466959372,0.19462766114582528,0.22317176173734987,0.2577843328557658,0.23941585551849587,0.21071326469570664,0.19811255680591597,0.19313848295564454,0.2705622382793933,0.26491209709742614,0.23567391613236519,0.23376495621345833,0.24352405917207223,0.23246528543739983,0.2396073049041788,0.2669553139778191,0.24780309405130937,0.2726606832562587,0.19798323780400107,0.21357301809884782,0.25963437315004384,0.27693110054933917,0.26945105627892485,0.25395098494112817,0.27179173744914775,0.22843183920220095,0.21741296248624076,0.22970309387774762,0.25869694213695227,0.2126915972069126,0.2254463476685405,0.25910019953248614,0.21980680034409303,0.22311361305124597,0.17557313704025224,0.1963221932241732,0.23216361911868913,0.2223058638847297,0.23608461172729805,0.1853623165258901,0.1919640027866484,0.2356703513700005,0.2104716656385492,0.22456910636363525,0.25023671803818626,0.2295060852137135,0.20067837624608043,0.23310060008590566,0.2006714634842885,0.19385786217467504,0.21731076068702238,0.32706842610525083,0.19546751389917214,0.1908223781083483,0.21855173698343233,0.24974986812739894,0.26669516365935364,0.1822891279715252,0.2224976375412564,0.21768863850086925,0.19091035426132008,0.22091258365210412,0.19606781580785262,0.19807111635917848,0.3449425787435926,0.23349119220606018,0.3277694962726683,0.1939340451586164,0.2519944965237144,0.21820160004918024,0.16462918342235164,0.19525381936449882,0.2275071428629196,0.19507000139581995,0.20366510546761557,0.19488070168753574,0.20753289562378913,0.2008072732771981,0.2264609050749761,0.22164611907993764,0.19649094912493972,0.22609022057691117,0.24821839610795507,0.23115801483570814,0.2363422210440261,0.262338839801609,0.19841996952859436,0.2099153033392569,0.21642814826179876,0.2335624974399942,0.19761045458410906,0.2590060615790827,0.2053221264451824,0.22380454988971304,0.3215895831316121,0.1996969103764441,0.1919898583011908,0.27307543114631383,0.21353040898937198,0.21596173837585794,0.19811681713469048,0.2313846627019384,0.21257328637921497,0.22979650554658024,0.20639391172384622,0.21754305799708545,0.17215608439643026,0.22748672016011992,0.21030388440698078,0.23339636390649787,0.21064052620902787,0.2770950564648577,0.21307287817901707,0.24647210314949014,0.17981494619983915,0.23199028626465068,0.24640992543469004,0.24187003021280076,0.24658504766465109,0.21432328604188852,0.28101978294654867,0.2163666352788206,0.2250787644608926,0.17364746846293125,0.2152088707036083,0.21732669500965537,0.24856617399501904,0.24215037966535158,0.22611114037724217,0.21730663725469002,0.19255438213194925,0.24837329941187095,0.20162154575397306,0.2263150988583875,0.20440040598841336,0.21153229922226918,0.2013446787592622,0.30466589751644807
0.2752028327913709,0.31990709430166253,0.29638796689131564,0.26634424500560316,0.19476930939229115,0.0,0.228450029084601,0.27466975250551373,0.24495637667432332,0.27707397647415977,0.3015688647519434,0.32879032816676407,0.31076789685571243,0.20780464341392885,0.24201545098552601,0.2892525050539898,0.2876348700743565,0.21299099560488102,0.28276763901189794,0.2440404643510914,0.30272636866174,0.2715278637268189,0.1964926220197693,0.22849626518081176,0.2920815670013434,0.23219931059962595,0.19244364975095304,0.25454056482054277,0.27726316885406294,0.2378102956600175,0.257630207740478,0.3271660923980962,0.2696878817071546,0.23743709122081183,0.2335045195127732,0.23837899376120308,0.2799638421075662,0.2442208849135045,0.23758603089006436,0.23103904179997214,0.25974124521176545,0.2984772324504008,0.22858884332312177,0.29681706033931643,0.2309527586793166,0.2342661159106571,0.2176762977335537,0.2597615873050393,0.2185289536293256,0.24165031180748797,0.29311794330175295,0.339986752499656,0.2317839357612858,0.3102129124554018,0.26908503468110884,0.3308666089662808,0.2739994664195687,0.3335823773043148,0.20184745861215736,0.23468922877610698,0.3193682107394146,0.24348361668165228,0.3335649233486079,0.17562015297200279,0.21907502452434904,0.2525671989376581,0.24728239714157826,0.26413439721214405,0.19265299206552872,0.2600742916834,0.2861677770589301,0.19947969895372322,0.2634358270664428,0.29247543482191857,0.3152900965337691,0.23676028208174218,0.2613343972498075,0.24309173986901605,0.2214310990331003,0.28775695921332983,0.362052148679998,0.2638733601348735,0.28565141732900984,0.28494462488551153,0.2692820580258322,0.27313640097106906,0.28566227238586644,0.21433973030198858,0.2665312242868733,0.2641195274384264,0.2650645065817855,0.25391335184488933,0.2662460767821055,0.26325041199585014,0.24710963434354652,0.30723873938661245,0.23739508456315092,0.27666455282704017,0.20090998843545538,0.2607114553218519,0.2208182593837571,0.22146581247047795,0.21568971525364147,0.2149298768119467,0.2628468146877372,0.2746085654021524,0.27464636914975116,0.26766187885710824,0.22471268682087556,0.28504450540796533,0.30011382843569695,0.22780401584117219,0.34342997375514095,0.24649394961800658,0.2578335930335962,0.3149147975861736,0.28291561920875846,0.2116901752665877,0.33929754708585863,0.2515412284746714,0.2260438717139284,0.26284281598401804,0.26790132044499476,0.3139028070759545,0.2428737820968663,0.31409578827642326,0.2592281013753472,0.23312414636699455,0.283659583038079,0.20748330085654412,0.2701245269287511,0.36926451032500135,0.24457126323356201,0.28015398415890186,0.24555273854437132,0.22363720698604225,0.24026242880350904,0.20874979689943582,0.19695935969305364,0.23083580309123436,0.23999852391375429,0.2719136540126075,0.25444808703926414,0.2482187441274692,0.2689436908689752,0.21460919057937294,0.303174207096249,0.26743614586875114,0.26039329443882486,0.20354872023514978,0.25693277374100343,0.2556336799177801,0.20621763857787592,0.21237026264520759,0.3024098280428546,0.25632639961823617,0.26276956833988824,0.35610512047212345,0.22499394491905697,0.30699642646940334,0.23423736989365598,0.28416950991231255,0.22009300620794103,0.2805683622449737
0.25625385923624566,0.2904044017659525,0.2434243542237284,0.29158406045064933,0.2666903571088976,0.228450029084601,0.0,0.21402328493360975,0.22286917710134563,0.28240735341548506,0.2677438518312168,0.3076864583663231,0.24280899081279153,0.26080101270463507,0.3353773486400166,0.21809593059667534,0.23793332402948897,0.2722195835964928,0.2512810061705963,0.20149761546320552,0.27007723855066146,0.28855955818463896,0.31421937747407896,0.2742360653139141,0.2714369663245044,0.2743751224860423,0.2125749182823632,0.20694294609044317,0.30207636256761883,0.22042358713004676,0.2569201507303304,0.2522095024880004,0.31226285813736393,0.24203934455291065,0.24887627317249517,0.27940405695899206,0.28272429359813517,0.2347031534178299,0.2628681679138154,0.3181767205826745,0.3349984716883262,0.2701097511975476,0.27265865549693846,0.31358715731935355,0.25722231319906175,0.25957784881301155,0.2762064245317712,0.255159693226183,0.3634698103217754,0.24683867576940682,0.3427043477149676,0.26537031549220363,0.239937001905125,0.34161855559262727,0.3501177178466386,0.26053166660631705,0.24996523721119882,0.24686807174601685,0.30159875803376485,0.24713347598850172,0.20497384756948492,0.22711607792663252,0.2382454458973166,0.23754582450027675,0.2517527318416992,0.21397321580125533,0.26995871087700785,0.2886245227720572,0.2339058521865344,0.22474810720627705,0.2995872881192198,0.2457292535866427,0.21910057787779788,0.2943261224338182,0.19692278983590203,0.2344151646263979,0.2858448023950412,0.3206123636316996,0.2243075271768092,0.19814606839434884,0.2513303069515107,0.2896981944462807,0.2831256555494562,0.19381703781876938,0.2451975887337797,0.24185138347435833,0.20796997130560188,0.2676211508148827,0.22696856372628268,0.2430247485920007,0.32199362389886194,0.3458231009598898,0.31075389370093215,0.23200149768654482,0.2923519813537271,0.32146346038551954,0.1920974915568156,0.2660728243910721,0.24768881073688329,0.2672697649368483,0.24485269186022626,0.23388745993295965,0.28985396799356966,0.2595008257701235,0.23701230719518107,0.24360637915817612,0.2196643234640269,0.23519862097116695,0.3266958732566965,0.2700841345265939,0.3538056009567991,0.27323212007572695,0.24040061261985826,0.20539724784361135,0.2563280091036818,0.25058611324767005,0.23287612345444947,0.26733311828716294,0.27078459538549193,0.23120329042813503,0.2604498588306644,0.23017272877132455,0.2161034962973178,0.3207362547919918,0.21677367238327466,0.3130398058189077,0.22540062138819147,0.27636123101044513,0.2572804256586815,0.2824697557458212,0.20430889059852614,0.20551712206711936,0.189681572256235,0.24030755748507787,0.2181782151135538,0.24895566992291368,0.22740463627978283,0.3124503617521116,0.2503970652195597,0.27034220006403853,0.26813426497773724,0.24581479127034211,0.29881350252807165,0.2519249164394501,0.28901811628628443,0.29294482197568783,0.27498457565484763,0.27140379534712955,0.24475036773865402,0.17225524114610968,0.241643078293502,0.28349686535685975,0.2349883967872461,0.31932198618481816,0.30914853833927813,0.2585212381498022,0.23155852179174788,0.28646425310048873,0.2866464962465536,0.27924430434272524,0.26625995222763865,0.24395534629480514,0.23845853960526217,0.2793633002639899
0.2921504310174055,0.32507878082534886,0.3013201030037176,0.28983254537826986,0.1975881661513309,0.27466975250551373,0.21402328493360975,0.0,0.2981004760811652,0.3307092608874869,0.2744047848853247,0.29381403958495256,0.31317857573844476,0.24506657596007123,0.24926127367025883,0.30602419084558186,0.3096672806122026,0.28893701900737934,0.28812329781065066,0.2765770517950775,0.30879654325065226,0.2480611821490658,0.25575659464659944,0.22097503433347665,0.3163334786749202,0.25225862511193575,0.27391778696783065,0.3195569592321512,0.2397185263557245,0.2424006278216132,0.33153147504980374,0.3133255775200497,0.25955022151698104,0.28080434773730906,0.26880539081459043,0.31708789859449443,0.2944270926359194,0.3537847752827751,0.27371495995073597,0.28269826472287535,0.2690278813491067,0.2749837407879164,0.26381922978975114,0.23479120275927093,0.35577416003027307,0.3050542055701622,0.22309893417987442,0.23815807566079697,0.28514396159209227,0.27379528389189595,0.3007024547466436,0.2690692716954504,0.2720684646826233,0.2745329743015525,0.3033568614295467,0.29593953190961836,0.3132610311770261,0.3268629138841563,0.2809273612973164,0.3015548873901674,0.40261425808494267,0.24089177360556596,0.31674633664157353,0.23040465502114402,0.24062148245301132,0.2870629154413077,0.2916713684173868,0.2374367738699246,0.27183486624270703,0.44407405593065147,0.27974799770257996,0.27271125075261615,0.288212003970413,0.3499810688016123,0.3948635597911268,0.26810138509167714,0.3007217813444024,0.24770245892725667,0.34344479159568136,0.2058043421954351,0.2790821169355276,0.29868245249484376,0.2904280986419432,0.3620890348351873,0.35422870909272697,0.4018171508357147,0.3887343151815373,0.2783382555940512,0.3813690457534619,0.2995671285998367,0.2614151859041922,0.2521000737127909,0.2822241677421851,0.27852738272397337,0.332227406782925,0.2590202338962476,0.2827251600746646,0.29212713454211026,0.22846870524468932,0.35135915204426726,0.2506809519872059,0.3305607144677532,0.2441326556248703,0.26418407696777474,0.3576014603279382,0.3050651825849306,0.30747971031353505,0.3167793467204516,0.269918832139184,0.2538572606939913,0.2471273599723932,0.294314703275423,0.31121833170951707,0.31921495912607484,0.3281071752357194,0.3172130605852974,0.33081877968824447,0.2448937849566134,0.2441240953269158,0.2911880949287556,0.24380092546294024,0.3956606056842512,0.2527736846809201,0.2975183686391352,0.2357033947998141,0.28417911079027136,0.2637209520981663,0.28508564475340376,0.32288148509892,0.26602938277912364,0.328457460818869,0.2990673278812548,0.31179550691856406,0.27917795548478413,0.27445485931550834,0.21031098470100015,0.23285692524302815,0.25106124084141007,0.2780150348444227,0.3020748173983323,0.24369186889521816,0.2527029298776985,0.33407412534474284,0.2958387855398879,0.2921445985581404,0.2466586118966403,0.30044518872649484,0.27304694202044816,0.33412217310575154,0.2220558474142856,0.33253738044895664,0.2971579441638699,0.2586611909392272,0.23425217809089657,0.33135639582157256,0.31844457005239857,0.25478763435743734,0.3000486353303435,0.21813279725733767,0.29673438612763126,0.2802999704472171,0.29089189748156535,0.2766511562431767,0.27603505886710195
0.34121855609470475,0.28632999213063787,0.24824651585988383,0.22781879045321776,0.22711748364981516,0.24495637667432332,0.22286917710134563,0.2981004760811652,0.0,0.25741465218052983,0.26336505078635014,0.2602802758887875,0.24698031855118482,0.3031003727122821,0.2528728736404287,0.2633866660922695,0.2599051115593735,0.3266702786293989,0.27036392283311295,0.3183163193691545,0.2597675753700548,0.3270972733548902,0.22280910474664478,0.2163676014819586,0.27896722040219757,0.2080894708512042,0.26319506312810725,0.2644635562358115,0.23664523888552913,0.2989927245279542,0.3663108126974057,0.2968954258174846,0.23673401495318333,0.22578674071621063,0.30792015166454106,0.27820749489353236,0.2518824912536926,0.38475742727695855,0.28076671912695,0.23444428051637833,0.23689394251194437,0.2992495639341125,0.26376985494211713,0.25212135930302687,0.276047848404367,0.25011407512951883,0.21047464587710482,0.2313160996032382,0.27366333478713706,0.29286413833575403,0.26450418245820323,0.22438198201057133,0.2966209564786542,0.2548451114128446,0.2734294587005122,0.29176604940007045,0.3096872391945658,0.2734609326375645,0.273947644732628,0.25536133818339884,0.2555859588201812,0.25669752289208003,0.2568266591542014,0.27330415439533706,0.29887428667111715,0.2589730966433508,0.27682607981289853,0.25196646339031004,0.26215095626500745,0.3148899015935558,0.32458429169087644,0.30816402579526647,0.30909562619589753,0.25858751290171195,0.3391399037117748,0.2812885382887551,0.2259248106681871,0.21718810633623936,0.26816907251102745,0.211317233076694,0.25939385264150194,0.3711444940390274,0.30297896437761607,0.26399643613947815,0.3176021135756832,0.34157178645465813,0.28720297114721655,0.329492880630335,0.2896843646481193,0.3290223898741273,0.2842234807584158,0.31081376720583553,0.2965146138509501,0.27652341312021667,0.35918626301573986,0.2750093109851794,0.31330177911917084,0.2558169616367601,0.330096904182795,0.24775720721046013,0.318123032688804,0.2355601335716278,0.24654683883207423,0.23619784767532204,0.3639740212561839,0.23566213006181777,0.22951458253808613,0.26256351587939486,0.23520102485544558,0.21813621325726323,0.22664917594552902,0.3383881854279479,0.2687636004741058,0.36365962816797076,0.27197754685441566,0.25664710653549677,0.28370465554906243,0.28311428795167104,0.19417939930956818,0.2968185391082119,0.2746495080302148,0.26307281909360436,0.24806229351816836,0.2778370872827582,0.38662835747514745,0.24759325218987469,0.2547885729407625,0.23401586297672053,0.23537232221540091,0.28833468196814116,0.3804385509648812,0.2928991476834148,0.272904428695424,0.38417944461165227,0.2776184588880521,0.2616922630919138,0.24915877387122032,0.2476597434201044,0.2820657670471162,0.3389898832250313,0.2547522115308686,0.2997709592808036,0.31737158473086036,0.38705069674568837,0.29864533890772305,0.2505232323284737,0.35404614693895714,0.24341123514090085,0.30573316078854784,0.22795592720480773,0.34479969337887323,0.30461125491672575,0.28883229455073994,0.21204755516947693,0.26244642872547846,0.31782857604823805,0.24031608223827525,0.2373557094963636,0.26133542608327043,0.273696621263423,0.22685079823257517,0.3382067030984801,0.30548329084353587,0.3202063704995493
0.30892795904120496,0.38800723561203476,0.338164333999973,0.30594973757652655,0.24196389912626365,0.27707397647415977,0.28240735341548506,0.3307092608874869,0.25741465218052983,0.0,0.27369722150950154,0.25203349135382536,0.3204373619941999,0.3051585165332934,0.26024799884051053,0.2839951996795197,0.32173062964929316,0.35320913532312814,0.2661288200793331,0.24840113528404129,0.2955084450730219,0.271905860302546,0.35513905085839226,0.2371670190164217,0.3962731388690586,0.2669184641864115,0.26779616823072605,0.3284307867026344,0.32740947141231375,0.23507382472281527,0.29135040133214146,0.32618760828370325,0.2420756325839286,0.28972051552872535,0.2967894386320953,0.3006905654720689,0.31264077040716476,0.29889837426304205,0.21961846551186243,0.32533049828055155,0.25465054740732984,0.34012064583561774,0.2523596144893031,0.2503176067320131,0.30563989876340264,0.2923866103917781,0.2499110530209343,0.24778907900758582,0.3883769748760054,0.24914659629359967,0.30699497117032304,0.2760614800416221,0.26978190429277854,0.2993614369413566,0.33167852803829906,0.3640875716313009,0.28223302994310845,0.2500722833991119,0.3299285073940916,0.29643326022906785,0.31140875450816197,0.24406598938633747,0.27025367816682283,0.23762394641107557,0.26262047743046407,0.2774213412634895,0.29090581662704723,0.2725572499316081,0.28840102103489995,0.353457409870119,0.2801529594659915,0.31693289696160115,0.2720862416777101,0.3568961578916285,0.31047756272181176,0.3062544864730568,0.2817152358143828,0.3232703659155822,0.26022629111074835,0.2404832443806735,0.3286359306018238,0.29710057650732064,0.32557528081962944,0.3223936219632423,0.3276393948550762,0.3354892800654434,0.2860048683862679,0.2841414657935442,0.360034050834815,0.27748098443442176,0.28135741998681857,0.27220156228460685,0.30435856528248717,0.26532381086062956,0.36800816967145616,0.28605369754540083,0.21149712474905252,0.3109737182207685,0.2587458782689076,0.3662564254785063,0.2703306358654608,0.2644717714815696,0.2531660055463084,0.2798390538245705,0.29021374804209615,0.28290496978080837,0.2801388812582438,0.3999302232862958,0.3023946122099632,0.28539442705983536,0.2727420856235197,0.28959454118560835,0.3398967723795346,0.3011022423030057,0.31102818462003984,0.32799805840419927,0.33941666269006887,0.28695002403798714,0.29743793483372205,0.33749883977755535,0.2487238379265782,0.2864915863227647,0.26130549872023634,0.33415006038008377,0.24391122608680535,0.3103796730181119,0.28632120375084713,0.24556293128431123,0.36572089683941794,0.30224348139487034,0.34972907382268126,0.27324648417066627,0.2669149280213605,0.26478263998700646,0.24037632795054134,0.23464071408612047,0.23863147917086022,0.29774169736390427,0.29216604133496826,0.2758778326251197,0.2616952619184816,0.3071227259697238,0.35226773608202155,0.2744366725155034,0.3038306644958634,0.2727335325514849,0.24654842839964758,0.3255245817568436,0.4055481720388044,0.22181191897630276,0.26084981585807077,0.3333647995938838,0.24326349460979171,0.27878174392214583,0.3095252704789214,0.29709611266303443,0.2477909905690444,0.34740289015732506,0.262990005500216,0.3696950429098728,0.44499721375751206,0.3205635201784992,0.29482153440183617,0.2750058670703303
0.35448761214498914,0.32016812738893263,0.3518527329089811,0.26329427525343324,0.2675227223342135,0.3015688647519434,0.2677438518312168,0.2744047848853247,0.26336505078635014,0.27369722150950154,0.0,0.3290786305190929,0.34163796435623095,0.24539581601937827,0.2807660176368783,0.34002542021666377,0.31922598777279915,0.31315799724025634,0.26821174214866866,0.26931142397197533,0.3315740716445241,0.3839054930248726,0.26691231540262045,0.3119793779196627,0.3163945602774126,0.3006355579895487,0.2512530206996238,0.2958145147584443,0.304662400509724,0.2807105146277777,0.266602338157301,0.2803299161171936,0.2587938363310502,0.23891165134067996,0.27346918173808465,0.29066236345561436,0.38223598825438576,0.3040363998514921,0.2792944254212278,0.29355286427514427,0.27433007527284264,0.31805887521180104,0.2699539834823626,0.31939887297257386,0.28249499996219585,0.26825708306941776,0.22022117045456852,0.36481766378393066,0.3125834154189864,0.25706267791661624,0.3358545813664375,0.2783418580458096,0.23164857047014342,0.33203047042060807,0.3521640804068853,0.254120867172117,0.3101819527839561,0.34997175520434765,0.2533921019462755,0.26597406809202817,0.28256356706892855,0.2004773326016171,0.34006163210452967,0.2107619094938448,0.21521035631729285,0.24985424714241353,0.2820547081819366,0.30114165480765415,0.2632698991579916,0.31525899764354615,0.32483904028885385,0.2307652149601237,0.27697713200123825,0.33738702337985105,0.2998868370257001,0.2428148706486262,0.301737094986665,0.28741277346162974,0.2467951388165044,0.21331510810310444,0.27916218958821326,0.2676072645961505,0.3107402011614776,0.2821096665387759,0.2590987028259516,0.3091969291206778,0.282240494525116,0.23010768176934995,0.24069248573209495,0.2790910191644488,0.3733703869100515,0.21718305349507613,0.3257292938386511,0.2784129813111948,0.27438608761826494,0.29815059225345203,0.20992542305875395,0.22049456988590857,0.20293968113932284,0.25258557180006586,0.2557469642731066,0.23625199993830406,0.2181363423292186,0.21975764635017245,0.2790127444418212,0.2633415119851927,0.23667549306615274,0.2871218143010176,0.2629788820981474,0.34180554235207883,0.32836099231196975,0.2658260638991759,0.2745358524355182,0.24185539713398474,0.3007964758911185,0.3362729584274023,0.24528221571187347,0.27066245451225474,0.2744441947002933,0.2430924213499587,0.28686084049667276,0.22175429809240646,0.2540664604665832,0.35775248952577376,0.22606368108858815,0.33758901392514856,0.19833520183406703,0.29760746087855533,0.27210247807446974,0.25062531325247084,0.23608897588981884,0.29510848738908396,0.2523365429746639,0.27853686520535953,0.3069923223548147,0.2393471364008972,0.26974206030212194,0.26087661569444165,0.2688325800749966,0.27070414231474216,0.253310191679358,0.2644943194578645,0.252158707513433,0.25839224209414324,0.3514015073981399,0.23068757643924162,0.30660122758612324,0.24653401829754,0.2802725395506753,0.19756409385184706,0.32016349878994693,0.24056661631740903,0.3114899550661881,0.24541377290864097,0.28003618839657357,0.32368821184307406,0.32059271786975174,0.3226915033588366,0.2427063508785585,0.2693613853859792,0.23377302340174505,0.27535568156027795,0.19994183421068157,0.4432616748453604
0.2885814180962882,0.31120693915302344,0.2781877396874508,0.2935267402596906,0.22973264776071428,0.32879032816676407,0.3076864583663231,0.29381403958495256,0.2602802758887875,0.25203349135382536,0.3290786305190929,0.0,0.24526557350103084,0.19778049184927157,0.28415557781894407,0.28163610326910077,0.29500088464320007,0.25365160104828277,0.39795583247857647,0.25709086087165467,0.3904612886544381,0.2789724627158863,0.2563310280312929,0.27566103917343376,0.336050634319437,0.26973860825171647,0.22019184366599448,0.2435615679938894,0.2772280236288716,0.2875596732662573,0.30713719164708164,0.28389594857930417,0.3097777253177245,0.28463841158427217,0.24995231215346478,0.30888934527577794,0.30070412748496184,0.3093044925609857,0.3353861894285866,0.28215362121530685,0.36938741694965993,0.27351488963795967,0.3005001999312357,0.34073337440177565,0.27308708024346967,0.29267327151601435,0.2667691489801177,0.28629326263416843,0.28967720417928433,0.28922818582173715,0.3890782155669152,0.37002063642052324,0.24858938903605796,0.3789383355497768,0.35267931331394403,0.2577873973932116,0.3603503025543809,0.40088168705372906,0.23012266223026268,0.27887071843545763,0.2380409907179174,0.22455606520606486,0.3536566601624199,0.2151350382294551,0.24363620840103922,0.26830313250776566,0.23052846542187688,0.2444314392872857,0.22170931538303718,0.26399943024338524,0.2950048753739047,0.2252699714157796,0.2374719856036982,0.30189901086204185,0.2884999996537525,0.24325855032578259,0.26707188267457127,0.28831396282230937,0.28684597291397795,0.2110358761923628,0.28208594323186564,0.3125974519904624,0.3056538613208076,0.24022489014947798,0.311859335377785,0.3317088816069758,0.24573594049267458,0.24723444758028973,0.2789468474053001,0.2760125828519891,0.3412053228675769,0.2907456594286557,0.3134955873659429,0.2987625836943532,0.2679924770651557,0.3429814136024049,0.2342988093624238,0.297364753129035,0.21538888037381962,0.2568396659663026,0.22467104730026702,0.25212822320043893,0.2927469350676356,0.3117938474409814,0.28945659744830016,0.2895984929725139,0.2925429389004017,0.25863700816977936,0.27912589616829275,0.3076473852782331,0.4514940860707412,0.31562715073426184,0.2549677350303647,0.2562116817739019,0.30715145585735976,0.304675645455107,0.2792459969422997,0.28262245921893997,0.30068378462051504,0.23667888995294678,0.26250901703011537,0.27302042204672483,0.2501276648137363,0.3415191236860311,0.20985088015485404,0.383271434989395,0.22415428290472328,0.29014914250960455,0.3120200762483282,0.2455928341753913,0.23909080024770754,0.2819285260428764,0.21337125633676823,0.30137541446644556,0.26865616363830946,0.22122988022615245,0.2764852531872005,0.2693469203347693,0.24299036182008746,0.3194137751777119,0.23914032277061664,0.2503409130317603,0.2944201467922565,0.2809995174556987,0.32790334007558336,0.29911020494950125,0.38799513005829384,0.26445300790521836,0.3057187894813775,0.21070455947202302,0.3203313073354576,0.3000630983303529,0.2764010583692171,0.2454893513273785,0.441512212409979,0.2599404933939993,0.25658937205439547,0.3279096935103656,0.22365993452192243,0.27470661329543894,0.21570569863475333,0.27040993325111107,0.2330648086772741,0.3290819539359466
