0,1,2,3,4,5,6,7,8,9,10,11,12,13,14,15,16,17,18,19,20,21,22,23,24,25,26,27,28,29,30,31,32,33,34,35,36,37,38,39,40,41,42,43,44,45,46,47,48,49,50,51,52,53,54,55,56,57,58,59,60,61,62,63,64,65,66,67,68,69,70,71,72,73,74,75,76,77,78,79,80,81,82,83,84,85,86,87,88,89,90,91,92,93,94,95,96,97,98,99,100,101,102,103,104,105,106,107,108,109,110,111,112,113,114,115,116,117,118,119,120,121,122,123,124,125,126,127,128,129,130,131,132,133,134,135,136,137,138,139,140,141,142,143,144,145,146,147,148,149,150,151,152,153,154,155,156,157,158,159,160,161,162,163
0.0,0.7976023217116819,0.7160154759083156,0.7601880209547559,0.8403206939545886,0.6953390816186912,0.8572462553060453,0.7371808345284561,0.8849185965753943,0.636742632352947,0.8457402701180764,0.8004565360963259,0.7842707035724888,0.79239843147754,0.914888929932492,0.7587552659742247,0.7752938891822698,0.9388217925592652,0.83421202882971,0.9264526321079753,0.8385400102361256,0.8507213073226307,0.8145149103159747,0.8681808938268695,0.8084336115171217,0.7951813032800267,0.6950044642747905,0.7229067681047321,0.7132432444460434,0.8133054520080143,0.896467404954793,0.7802998848097571,0.8260048452098717,0.7806554018550795,0.9155887182689972,0.8729844423913491,0.8863804797440076,0.9225701190499528,0.86728768605696,0.787147630124923,0.8799892398885832,0.7784365139075958,0.9294150663556046,0.9127118027709876,0.8432040686100419,0.8773182602013981,0.8264934763968371,0.8629772505487603,0.9117543681566538,0.9704522582527425,0.9235737654833556,0.8426613321779131,0.8657245574814945,0.8400401531700403,0.8370548273224738,0.7856308090191342,0.9646079301556202,0.7796738181230164,0.8384544484624834,0.8935152323000536,0.7146435966420158,0.7859905090327214,0.8712874509525851,0.8224443536600384,0.9297046185517299,0.880520415958429,0.772996324695333,0.8495568688783586,0.8392055367813408,0.8066970166958255,0.9403913724065444,0.8940164228479272,0.8128350846973693,0.8171315276473623,0.7584743815267168,0.8866632422527814,0.7553760711980486,0.7564890979739398,0.880278947457972,0.657919375822114,0.7175726571401881,0.9235893229353214,0.8187679165620977,0.7543759674398841,0.8901988277463986,0.896389694478618,0.7622384455178106,0.9125880012306778,0.7516583943144887,0.8436389431756504,0.9150650996017768,0.8668771052079969,0.905813048470162,0.9350674239493594,0.9146490242563894,0.8077805219602805,0.7927312256455606,0.7507851662432155,0.816192794247575,0.7479541998214354,0.8552117275264569,0.7411690825884769,0.8563317999697447,0.7525730347289543,0.9275936512525652,0.7956507665516461,0.7445480821600561,0.7017383557018475,0.8455151576498203,0.8091570819252439,0.8594450579579942,0.9512116473878316,0.7938021492181143,0.6853451311434734,0.9021875152362258,0.7677694468223597,0.792645412319335,0.8385938523409284,0.7145314207228448,0.7089268283901735,0.9127315555548199,0.7366843180163132,0.8590758304768835,0.8645469318131369,0.844575998480125,0.7841095187326522,0.7110159837047754,0.8237587794807022,0.733160395458435,0.8856516382411005,0.7185276913942814,0.7171691128010692,0.7657855860184773,0.8830417016680554,0.8729519219998535,0.9149226597931289,0.8948822253517883,0.9025405412192327,0.7941032689723715,0.9279424735777538,0.7997299797478283,0.7990964115591083,0.8959957053163949,0.8268905538665138,0.8792100562955284,0.8985293964077696,0.9009012980579936,0.6950672494163911,0.758981466063772,0.610610999768198,0.9302571983603604,0.82535299012377,0.9022684221634062,0.7563605072588979,0.7986965369403656,0.9060224681221175,0.8217978774120447,0.7177388421798955,0.8123629068051081,0.7867549987737731,0.6796906060221614,0.9105054848455172,0.8950293464556879,0.9296207298881154
0.7976023217116819,0.0,0.8705403148788511,0.8492793634847741,0.7638192429580968,0.7835502422391344,0.8730871438043002,0.8101805010853569,0.7154001358002676,0.8683409741862097,0.9049326227602708,0.8822937328695855,0.8559187578519585,0.8523279060879277,0.875756572729069,0.8143967845469766,0.834237285123237,0.8369669354152268,0.8327843470258173,0.824240187169728,0.8410217008695987,0.9348733827507102,0.8306674810810544,0.8824161921357266,0.8848609058480729,0.7436181512713647,0.7943841184873196,0.7914071946382594,0.9447960403788564,0.7350816154064639,0.8203767620155543,0.8211930300083858,0.9155489221011158,0.7637145756527783,0.8080794117775034,0.9226260196347128,0.8446002114228545,0.87388654829779,0.8792432793157248,0.8504573497044411,0.9375726570501811,0.7780168381674456,0.7890313019445304,0.8462591123407571,0.8822507102437428,0.8265822069264368,0.7642126460055233,0.8572598268833636,0.884557482571219,0.8445245920211544,0.8371716473075704,0.7699384132984218,0.8450095808029139,0.9556784584372284,0.9386306602760092,0.8204307049720255,0.8165257616216169,0.7938325239616455,0.8850600725558031,0.8930191708338788,0.8397354407058701,0.7086411506448915,0.7723654205911085,0.8275995804444495,0.7405965761151497,0.7547164174141975,0.8163449021383318,0.7805261646812365,0.8508561831919169,0.8002913673331192,0.785850283881794,0.80367385647019,0.7062350348059588,0.863452205638422,0.8590733483360965,0.7655159102420634,0.7926633927917899,0.8055184939875405,0.7667331078640368,0.630092139301885,0.7663736871559695,0.751521935077074,0.8436711996885135,0.8308613643093709,0.7292641752033969,0.8954189717816493,0.6930313855822415,0.7578875438213011,0.7753777808562282,0.8542375336338642,0.7840938786561248,0.7951814550566733,0.9189451118050211,0.7997093025271188,0.8379128695652376,0.9101355285517374,0.7779712387049859,0.7921529055871019,0.6810533135880363,0.7918224342536633,0.8578014319366726,0.7438279176088205,0.7058719447041694,0.8644760993220236,0.7772616319702935,0.7641493618583803,0.802105027845313,0.8126169448313364,0.890114415840294,0.9022189996204024,0.8557007477181005,0.7497234254548715,0.7797970339943424,0.7764445846099769,0.8097732399743991,0.7824504648690273,0.7706937741591785,0.8575010662863467,0.8390284562704562,0.7146106704354157,0.7831019631874887,0.6947287954082955,0.7430690334970392,0.8397875273413716,0.6932015554376578,0.9378751722863877,0.6887670731148398,0.862748328945015,0.9097842815430244,0.8665330050053254,0.8216412887725139,0.734161473280886,0.7285746067918017,0.7575547512091273,0.8806986088655853,0.7911007980956484,0.8363396614410344,0.8485320287007774,0.878984754648175,0.8442566993347936,0.8749580595104145,0.8498841681002871,0.8736582896630616,0.8447624404126682,0.8895918300073368,0.7219673102812728,0.8196225636915669,0.8334618884715785,0.8754361015448878,0.7205729336408969,0.7445457889906175,0.8965781766235156,0.8954127278642947,0.8996040893771498,0.8763190878717886,0.8487019426664195,0.872823935976928,0.7810823666709916,0.8266783163510054,0.7182702977483703,0.828112459948115,0.7523486731327337,0.91038432207484,0.7787941011211307
0.7160154759083156,0.8705403148788511,0.0,0.778638126045551,0.7968722162911996,0.9030466302263781,0.8015394633012234,0.8102146781416293,0.6055389917134746,0.8779620386798701,0.917698505727154,0.8989850380493608,0.8986598752746147,0.6934604844975691,0.7599206805585613,0.9485286358306764,0.9172739601694684,0.736941344165717,0.7847297903886801,0.71205783665735,0.9107348060646242,0.8927920885900548,0.7553156033409566,0.8423489193256132,0.8600450645388439,0.80314414550596,0.7070126660935382,0.7516588270061582,0.8933479399553382,0.8112153338815059,0.697589620754225,0.8834709181400009,0.8056091857072407,0.7347975475577015,0.6492337343161909,0.8040918210114746,0.8575945311390525,0.7880819508426767,0.8097607500133132,0.7976641126700543,0.8344762684158289,0.8634178743068707,0.8013278292877573,0.809618599129985,0.8032575243475522,0.8053175024614664,0.821994654500041,0.886366287519176,0.7964075436552863,0.766272254195056,0.837891297604449,0.814102917828563,0.7039739831420446,0.8981644021566234,0.8784823771979983,0.8442037699088902,0.7671822519507758,0.9061301862794806,0.7362576320320632,0.7810824517879076,0.8323485413792385,0.71921181507289,0.8356342165082074,0.688529883878572,0.6424507361160178,0.7368706394858922,0.7338417679761109,0.8384973061933949,0.814715379399479,0.8019747167883917,0.7673846723967952,0.644410671537092,0.6480852020989714,0.9056283460758615,0.876775046500379,0.6572700492884055,0.8908234899645984,0.8845913365305424,0.732372585060056,0.7349657047498894,0.884730244050995,0.6628337583925157,0.8901252855311694,0.8185618042991171,0.7172434425475375,0.8142562071752671,0.7161077124677423,0.6587788605494111,0.7303923246039584,0.7617849895736348,0.7969933422529987,0.6531940371061281,0.8560226254190584,0.7065231344896455,0.7154069538447291,0.8657876415984294,0.6991928788254261,0.7498904854025755,0.5707370268521879,0.7272260612111604,0.6915019881011584,0.8204844790592929,0.6474089028144825,0.7932800275232382,0.6761277130860924,0.8530280659619016,0.8909048474202571,0.8404808491547321,0.8425902639775633,0.9383846645108259,0.8614049676729962,0.677426936371945,0.7906410995077202,0.7521122936981757,0.7372478868057698,0.8073802753815812,0.7108040444746533,0.8178359452851787,0.9333683681150007,0.6283644018734035,0.7372631657545762,0.7034364330239012,0.7093489071304785,0.8621519090506431,0.5649319228661559,0.9266342432426492,0.6936861336530746,0.8878697781204695,0.8922876396757128,0.7550973249284351,0.8165942285950076,0.8931662350012833,0.668201605183141,0.6346491615539145,0.7816545684361434,0.6930041788113339,0.8150695177474754,0.7234355979613174,0.772599461928535,0.7753881215455645,0.730911028623624,0.8504911405451138,0.7312116498310314,0.7419715291414181,0.858430451599102,0.6820536228832431,0.7925711913495799,0.9136543804995502,0.8474730246201054,0.7443739825847874,0.6445352457772736,0.7543848566407996,0.8012737691137272,0.9245101300344338,0.9160971239533204,0.7751510175235079,0.8291319142188135,0.916252213697297,0.6564277928305758,0.7712921977617265,0.8120071221116224,0.6223008190309827,0.8216313247962924,0.7348854308200882
0.7601880209547559,0.8492793634847741,0.778638126045551,0.0,0.699549308645348,0.7196619460580388,0.8539010464771347,0.8312357406013174,0.6624601286543474,0.7457876214594202,0.8435388367527518,0.7663482843418724,0.8699163826644798,0.8244817885666561,0.8213784946341421,0.7510860453832415,0.7948194159153332,0.8220836721161989,0.726363084641729,0.7196840409231158,0.7688252668076707,0.8280674177984325,0.8465849621296414,0.8382434618710797,0.7766817606078359,0.8157156060373197,0.8690834607651466,0.8419340183886674,0.7771995503352401,0.6602636742797733,0.721797817985701,0.7179606091780377,0.9470768054274558,0.7727735257306564,0.7322143525285957,0.8075229512944148,0.8245463563591956,0.7943548638114339,0.7605633170657617,0.896575491849003,0.8699624561035195,0.7189806188393313,0.7201667677451029,0.7590345846133819,0.8749735331935946,0.8375156464208825,0.6819195686480798,0.7551924785160292,0.8201685891688891,0.7530094632010272,0.818612193505253,0.7796650785824093,0.7479516906591175,0.8856648679741217,0.823896360689014,0.753030783482881,0.7671448189671665,0.7466320395846926,0.8046759559369109,0.8518509111791485,0.8619569915016528,0.6662262926876362,0.7580175286089418,0.6913449532162202,0.66800044614721,0.7469430939238918,0.918963681090752,0.7565683931060798,0.8014683173684247,0.8291649540851169,0.7580762380763995,0.7266402292322229,0.750088888493939,0.8910451607133378,0.8023614587204047,0.6938892485957457,0.8251115288601826,0.7629856315648668,0.7885371141015532,0.6060559976320651,0.6863922398219846,0.7417635634646507,0.7664407167965226,0.825882180167085,0.7292002483363094,0.8621237133081548,0.7115573609429857,0.7267509369871578,0.7921074063836085,0.8733325723586102,0.7883685785451333,0.7248539603113894,0.7825778352523046,0.7493297606400458,0.8428929809022424,0.7910115057892446,0.6948641255476606,0.7357781109934535,0.6067077340237146,0.892228540688317,0.7629817631729561,0.7345125222193508,0.7521268331512038,0.7466576824632212,0.7402784414242931,0.7697858266013606,0.7680908795740895,0.7798992117723524,0.8600349493580222,0.7915234873551387,0.8050920220279466,0.7207152232185369,0.849488938914767,0.7780186451956607,0.8345212722718596,0.848188482669683,0.6921129667423127,0.6991131848054901,0.7947812449094308,0.7816623987170971,0.7172016393856983,0.7990965013873418,0.6929540879969389,0.8063669828614711,0.6089471402077913,0.8237349740108179,0.7171288008215648,0.8204936702512091,0.797230522101546,0.8142274605221149,0.6990771087179679,0.6825148210059226,0.8011831895706866,0.7312808952082628,0.7585092718564513,0.6681389202303579,0.715385283188283,0.8208192350697582,0.8483711920267936,0.7481697406217057,0.8613449580166807,0.692755658849964,0.8497364977862654,0.727901087986242,0.7786371637472221,0.7207467481930571,0.735287388225266,0.7766821273518135,0.7085575263428336,0.5985208671219331,0.7369375698776378,0.7333524154168105,0.8073332874297592,0.8267723579304999,0.8173328445544636,0.8305819189866844,0.8915321359898999,0.7942476271117255,0.8602192773134998,0.7591439494647034,0.7911156225512945,0.6687586083570524,0.7735762433971642,0.7661527058139149
0.8403206939545886,0.7638192429580968,0.7968722162911996,0.699549308645348,0.0,0.7463052271992253,0.8830242754406223,0.6417089911387791,0.7237469957252484,0.6416794172466267,0.8803160897442428,0.8301967490391835,0.7585327714692576,0.6794086285233688,0.8486663232667448,0.8308476485789731,0.798675343023392,0.7825193602647836,0.7448768752355847,0.7444735027141423,0.8911232872777703,0.8736992771281851,0.7446930560780091,0.8969990930322325,0.7493305900641318,0.8437901719745474,0.6252834380432971,0.6162126963496791,0.7526235347252236,0.909732291207364,0.7614838126134567,0.7598658139558727,0.7723674827027198,0.6754970628784033,0.7470561436201817,0.7811219181104928,0.8806201425357494,0.8114542550547819,0.8579571139261825,0.7750008840202464,0.8450617813492215,0.866981503045948,0.8748029031135628,0.9423880014373038,0.715767694349698,0.7760970024751848,0.9144739751836645,0.9281481499783215,0.8422804979304243,0.8520656623502608,0.8985991106762427,0.8561115838298774,0.7284611207406649,0.820106829440649,0.8088258013209291,0.8244780820018301,0.849023855495575,0.8438423875815813,0.7019340180404248,0.7638434613712062,0.6404415765395466,0.7373580389525968,0.8379524786140562,0.7056555717029681,0.7751640147616443,0.7172704747613954,0.6840717961176253,0.9226117838591766,0.7288678395911946,0.7061852802974391,0.9060818161850386,0.727417212530491,0.6479583885277144,0.8026591149418323,0.6858588788652612,0.7014350410549037,0.80013121216646,0.9184782324100343,0.7310645517588403,0.8054347276705914,0.7881196879564475,0.784720004523873,0.9355872315834524,0.6677651035656182,0.7646387774956231,0.7886202527889353,0.6645106814603922,0.7183187329531189,0.611135124317896,0.7963348245987882,0.9420161458796873,0.7286579204321735,0.8966702313024977,0.7690874013214214,0.797301001223802,0.826989898422996,0.6564459777870252,0.6618749308668571,0.7111340330347743,0.6313270414163812,0.7458216129367776,0.6945853966707499,0.69694986595502,0.6952920872939037,0.7124489382102346,0.8053690874137656,0.707696062772854,0.673786018279262,0.8184693335264092,0.8794732447619802,0.8773759076521115,0.8289733105661456,0.7069829629492795,0.6075299115397336,0.7585515970930062,0.7785580878840748,0.656179445946172,0.8156190650764101,0.7550594092350614,0.6149803137335582,0.9466549458029561,0.6515488062134307,0.7703857627553095,0.9263763015973472,0.7195422113777012,0.801589133950103,0.6522283510146647,0.8563627213663101,0.7047085555869108,0.7962896776675465,0.6642604482256885,0.7991179683868936,0.6462586161930864,0.7731819904253807,0.7852461259677943,0.8569275875314201,0.8813788166677028,0.8252167656979102,0.7022903139583317,0.8425931979898839,0.6814916760140423,0.8201604500548508,0.7636988420577201,0.7344374441456137,0.9034676480006567,0.7776625654848094,0.9369127292763167,0.7548355838502703,0.7151323670738005,0.6227968950651941,0.7392439303035309,0.73489107164728,0.8160427738310617,0.8167853567911064,0.8038863596946444,0.7943865646555747,0.7949375316073166,0.8245715523635355,0.7038686077483349,0.7924900765273754,0.6561262932536028,0.7460586461454093,0.8079055640119154,0.9332598807638758
0.6953390816186912,0.7835502422391344,0.9030466302263781,0.7196619460580388,0.7463052271992253,0.0,0.7165214067400802,0.7882747753855874,0.6069962066216431,0.7849606447683576,0.8270273027577617,0.8762950701019998,0.8200005396749546,0.6202122950537381,0.6796604248764891,0.9029125527610627,0.8715844416618798,0.6604310921656651,0.8109211001749558,0.6722399299354461,0.8821599754406394,0.7848143361618944,0.6590007825480411,0.7362280031263245,0.8097412362319966,0.7331679674304606,0.6047840952486779,0.7100348661840317,0.7815704458504296,0.8338058119135391,0.678405916426553,0.9146515799306704,0.732823902905905,0.7278056101981706,0.6108779998656177,0.7518653671101752,0.7909336449584743,0.7289060319511853,0.7571004378247492,0.6817588521221798,0.7522178428565501,0.8743099184596453,0.7689232551194913,0.7768303977263868,0.7241018885651237,0.7495228125164465,0.8031021107870753,0.8228583464818969,0.7070098890700252,0.7300969548486508,0.8204549895211024,0.8280807968644974,0.6945895824513079,0.8336381752333236,0.808319876918669,0.8896607051703249,0.751330086801229,0.9336451904467714,0.6458952762007105,0.7307404194239748,0.8036222683397547,0.7883726440452389,0.8700971486427941,0.6256370472079642,0.6304443821693326,0.7453089746143875,0.648745182162403,0.7817710733304314,0.7139138812458751,0.7676294750007833,0.7412964673651995,0.5898962578356375,0.6607394006325968,0.832299004019091,0.8844099320071951,0.665535255536632,0.8345844735074646,0.8067879946582394,0.702590067759635,0.7860087164316304,0.9328533257326119,0.6606860061936723,0.8347828066247198,0.779589670507092,0.7531337826486845,0.7467417145975692,0.753935863760265,0.6366966894947131,0.7332503084711716,0.7016695451014626,0.7684728688552207,0.6656511143316112,0.7966987650872839,0.7150851339569497,0.6683565404183496,0.8039756910902786,0.7275958658215516,0.7658482056460465,0.574846053056133,0.6936251482082159,0.6321291997915197,0.8147533983730931,0.6501705264049411,0.7403317921153936,0.6888702850577557,0.8138536415140334,0.8951535186507023,0.7693635628299886,0.7418919897253355,0.8496254901496383,0.845299878617225,0.6533242370695033,0.826939100296264,0.727679305765331,0.7063763626979015,0.7582336141653678,0.7537593734267956,0.7445068580602638,0.9018939207486216,0.6326831596010473,0.6807011131555485,0.7260440048705351,0.7133698457159985,0.8265686939873884,0.5554404052838082,0.845293075817483,0.7463596072867643,0.8214308515187766,0.8319735195967852,0.6538674702130391,0.8535360984813667,0.9387246803306661,0.6387813458241189,0.6371889401927144,0.713319101442074,0.6513725613572138,0.7630207535955953,0.6358146497613116,0.6448081953843748,0.7369730634312555,0.6724066305875173,0.8459949223618363,0.7051850791714871,0.7239325803019057,0.7785911323074726,0.6588526311557642,0.7657971503567761,0.8493041518143258,0.7823771328447391,0.7707808618571601,0.6378087838410402,0.7425578608358753,0.7311798946213225,0.7728929237854776,0.8767322869536966,0.7055922975814696,0.7264243825009753,0.8846091036286765,0.5875897373885035,0.8054000774431072,0.7197006377212016,0.6368905500183458,0.7927800528283837,0.6925107155824969
0.8572462553060453,0.8730871438043002,0.8015394633012234,0.8539010464771347,0.8830242754406223,0.7165214067400802,0.0,0.7053005743229513,0.725140083254153,0.7313636251508687,0.9086911890094255,0.8260304465106444,0.8337493603511292,0.827484543050864,0.9246997517611014,0.7953208268028313,0.8085248014733104,0.875986695058459,0.7550815458283767,0.7753332209662203,0.8424234714465623,0.9145872982161468,0.8791738039846425,0.9400706302745114,0.8105521162160069,0.8475842164862528,0.7752963672416069,0.7223904730529432,0.8356672432823709,0.785943163351771,0.7969479736909265,0.7643065325592993,0.909222825940638,0.7416575441677125,0.817902249212604,0.85238648409315,0.9052986659342632,0.8420461861591643,0.8584672769858582,0.9040117186879127,0.9185121839988302,0.806090966318002,0.8276775524020227,0.9099248005834987,0.8240456820311522,0.8378352442322654,0.8297141166246915,0.8848174333503427,0.9437602273636201,0.8549211287135887,0.9052434327903801,0.8171447455399428,0.7933787997163015,0.9000762223564025,0.8836817566019359,0.8185842352574451,0.841824703334637,0.781118862793012,0.8523130228069025,0.8605475226925626,0.7262700572228932,0.7070449178954651,0.7841631537884151,0.7681678759213012,0.774245988443538,0.7392137427090891,0.8365002085990524,0.8837218706871027,0.8133371123235625,0.7594868857198737,0.8660963506637088,0.8149471040719243,0.7115775869936695,0.8728940012742487,0.7242963910092424,0.7678198511860276,0.8308930816777079,0.8905448437380522,0.7589919962564738,0.6945813733715869,0.7305004154874282,0.7982984180531757,0.8915384594732526,0.7299208756384917,0.752167792041453,0.8467033247095119,0.6676042734966809,0.7948799425851939,0.7055293411407181,0.8699868942537582,0.9045606144582834,0.7966262018574012,0.9188612151309099,0.8021623943149382,0.8978597889476682,0.8722539541864027,0.6731712436422785,0.7115100270404403,0.7122458453180424,0.7673239060618017,0.8437798818987708,0.7045263705023885,0.7630285557222307,0.7645719075810335,0.7510645090119908,0.7862547161540935,0.7256349981327269,0.7349260508288868,0.9138870600449076,0.88813392548967,0.8911625774251257,0.8192280296686913,0.7786193978996162,0.6788215639249854,0.8243319922497064,0.8189398368044694,0.6988272999368257,0.829176211738665,0.7882063269603559,0.7060731168713501,0.8853760606193559,0.6912251099329675,0.7525399288989729,0.9153767110159711,0.7218045852655401,0.8633018139230325,0.6835267478577526,0.868629120289915,0.7749461109059335,0.8906724117036106,0.6824471444121164,0.7077914662447364,0.7228870441614884,0.7836000707385693,0.8194678864277802,0.8292847524987454,0.8409762023338604,0.9210523838954459,0.8295115800816136,0.8433593622232464,0.8220380164906301,0.7966369214818758,0.8789748591901122,0.7721820668857001,0.9053706067593432,0.8067788052689723,0.8609533297432727,0.7904677115555453,0.7513778389109397,0.6025727707939393,0.7713213640805712,0.8058467048474723,0.8618507848509103,0.8939544529842319,0.8278239601852555,0.8584203282615881,0.8979741412590172,0.8120047313290972,0.8707403688343891,0.8085774920302453,0.7633267259488014,0.7674286083281422,0.8435030200659706,0.8952858537987578
0.7371808345284561,0.8101805010853569,0.8102146781416293,0.8312357406013174,0.6417089911387791,0.7882747753855874,0.7053005743229513,0.0,0.6835988665015258,0.7923581452298546,0.8287860383079807,0.8096539256584045,0.8712926020045436,0.7400558368648772,0.7498364354126444,0.8051476218712854,0.7851612258664499,0.76450023232462,0.7911207253136188,0.7672674625605725,0.7691395064045226,0.7936229054920275,0.7381602833971563,0.7355399296404928,0.8424158306657472,0.7366955767376886,0.7837486901032159,0.8311026787049822,0.7654350437755585,0.6899585088308533,0.7674909871251627,0.8230475252555411,0.8190831133687516,0.7897868423488315,0.6971568621604814,0.8280941397923003,0.8258913501428368,0.832178402569503,0.784024638919618,0.7361338660027026,0.7828888531899919,0.692407578907286,0.7775490026693688,0.7227979701820684,0.9083664412634526,0.8171117897285083,0.6578637527109461,0.7715051775013352,0.7560434477899914,0.7622844641902871,0.7830459795745986,0.7218288244796979,0.7048996900712837,0.8472259129271195,0.854243086059209,0.7174596098275335,0.7610711549836335,0.8112460960502942,0.7494348275267066,0.8199464425116405,0.9654231708603476,0.7265800855976556,0.8035184235966125,0.7084455538591675,0.6552728789630151,0.8031407681300365,0.8140888010825005,0.7283268693683241,0.855901505074373,0.954202979056256,0.7376582458206055,0.6931682008491146,0.7390841007528397,0.8498113646143188,0.9203149883432213,0.7063218493089096,0.8228541849836212,0.6922706049563554,0.8300718040125189,0.5810784405283435,0.7140619742929515,0.7114300553262599,0.7306272672446646,0.9190980234673802,0.7427844988355246,0.8536693626129381,0.8895953570250733,0.7484543144123572,0.8695820464773515,0.7990084649853448,0.7226536802404978,0.6977757277683692,0.7740879224582565,0.7331369088960912,0.7229334225719388,0.8021722512940528,0.8178716490956309,0.7698487230902301,0.5892930163272672,0.8135694985766319,0.7423842752857204,0.9163590079629836,0.7374189721364591,0.7919867830665385,0.7977829116476906,0.7769622487806026,0.8701254534040967,0.7881961597296739,0.768141844692974,0.7605677406120251,0.7674044821219645,0.6980702975447102,0.8422927004666863,0.9144854706207238,0.7930711920372392,0.7367434731788827,0.7262811210619656,0.7566833644885267,0.7796204502831977,0.7213557137848114,0.6584080482695517,0.8890614436816481,0.6801668269891505,0.7448048194158501,0.5878825659899445,0.8484102502147212,0.7029386493355382,0.8390527435913675,0.8422357857007101,0.7628719378610077,0.8134198659394611,0.7554279314361158,0.8442944180970069,0.6798053385187057,0.8022345631956234,0.6489842761154263,0.7365562342136008,0.7152348390441033,0.8116863784646382,0.7974778999440523,0.8182477168717839,0.7564494967419384,0.7513453153137988,0.7785842408318498,0.7783972942148144,0.6991896450232832,0.7220651827674788,0.7692503921301916,0.802373902073173,0.6864582276818512,0.7541980728639641,0.7375425974044952,0.7919359680530971,0.7618925513384025,0.8422957551944735,0.8516711852439477,0.7986170705699082,0.7538223357048748,0.7022560431079833,0.7216799386071674,0.7398313547574566,0.6518642798185901,0.823880255806031,0.6815612994438115
0.8849185965753943,0.7154001358002676,0.6055389917134746,0.6624601286543474,0.7237469957252484,0.6069962066216431,0.725140083254153,0.6835988665015258,0.0,0.5676746090983987,0.726955060672544,0.7124951684109394,0.6365516475896488,0.7355241866234703,0.8427344726030571,0.6210586951111696,0.6108805713379477,0.7994749958821691,0.7688463640653922,0.8597950217162662,0.6941338056389167,0.7638446234191931,0.6592028075454289,0.714129072931801,0.7093839692766517,0.6336169592772428,0.6197058256804058,0.600207000490472,0.6361235637218471,0.698569913292818,0.9282192876429763,0.6728301581451818,0.7291489610200113,0.6481847696186634,0.9097865843793658,0.8208163870813314,0.7509424317743668,0.8377633228374003,0.8381717310711608,0.6359365041165265,0.7539395683764669,0.6617742323151413,0.8063402726951647,0.8080515338431419,0.7370600433588226,0.6968489729396254,0.6627852448796667,0.7513243602297803,0.7662347973904912,0.8765747182064109,0.7746246342146482,0.6683456266234541,0.7969916121178096,0.7445502630920174,0.7610487196649418,0.6577329984717316,0.8189942156409472,0.6753548933318284,0.7546004281552191,0.7672601388220567,0.6554102533434369,0.7156262963392263,0.7284991646187716,0.8040832233736522,0.91406945431365,0.7449714387473594,0.6894992986135082,0.71469478823962,0.7314491748983403,0.7466127081924245,0.8347876088742588,0.8574639330916912,0.7553091029211702,0.663523661762061,0.664917485978556,0.783755489539786,0.632063991964795,0.619788891677053,0.7353461435646812,0.5420814104864412,0.5925644630680538,0.9345018113418144,0.6907105221692397,0.6473685132422108,0.752761736868934,0.7689781914017236,0.7575604427509832,0.8867900470467294,0.6403047155436243,0.7765014997541503,0.7652977372510338,0.8951130918453544,0.7976428765660869,0.8103802811412453,0.8326483991245776,0.7468922264818311,0.839734630155537,0.6587572543494763,0.869511454361351,0.6244687627418626,0.8501049573983368,0.687005997396256,0.7933047848684726,0.6991225017841671,0.9048859381263423,0.6196028655096402,0.6174729529583355,0.5702931041058023,0.676169476389382,0.6654849829193732,0.7305688288826316,0.880216778448051,0.681109977107023,0.6580535056923829,0.7432958882065998,0.604388233305257,0.6670107359548513,0.7755580558505344,0.5848655572807488,0.6704841452576751,0.8044559198669265,0.7020713703857219,0.7150088391366239,0.706263033164059,0.9370806704850037,0.6829068915673385,0.6282381027847395,0.7139793132912324,0.628588075352462,0.7873387216298867,0.652689522882005,0.6155723193092689,0.7229261988169375,0.931064564365337,0.8515973226172447,0.8782747076973851,0.7465292656101726,0.7952070884380203,0.6942957085262274,0.8733860073660784,0.7576217681793199,0.7304762258146117,0.82078394227816,0.8703943934444657,0.7739288100246484,0.7805936617225583,0.8411373777521859,0.5740096432941477,0.6821267839020126,0.5638252369036147,0.935306547447624,0.7757207943856455,0.8221932127810828,0.6217217936266923,0.6710726885528593,0.8448960698867136,0.6829981375910831,0.5755501809228589,0.7633014250893073,0.6360838666213462,0.5583779748888928,0.8906314601589428,0.8339287788547224,0.8162586035187182
0.636742632352947,0.8683409741862097,0.8779620386798701,0.7457876214594202,0.6416794172466267,0.7849606447683576,0.7313636251508687,0.7923581452298546,0.5676746090983987,0.0,0.8024906439913954,0.816236038787642,0.8086434740739901,0.7138094074700428,0.6964645436768738,0.7974763008914242,0.78487727485093,0.6901592387604474,0.742869487630401,0.678563000801396,0.7412999399911693,0.7905683905069256,0.7477271168058086,0.7221307102315514,0.8743718524496042,0.6576916437112222,0.7457734989726774,0.7684952128454092,0.9313475524560862,0.6686216463733511,0.6794035189078995,0.8185740780064727,0.7607954062740854,0.713915787201072,0.6403485958080127,0.7773976196931385,0.7458541308503425,0.7252961063218705,0.725201651649813,0.7283129829906516,0.7545562390475121,0.7115249999028926,0.6909973861880018,0.6979510031008153,0.7832322007234144,0.7101386264057626,0.6791338917318339,0.7578920651759903,0.7561905525386311,0.673773665107205,0.6975871679451068,0.654611841982819,0.6634356787970758,0.8144977338553581,0.8479017488138706,0.732711990549787,0.6539617131315325,0.7534979466522241,0.7693141332588053,0.7236448184464427,0.8108172029271676,0.6233734786858623,0.6786565378741024,0.7083264016738805,0.5812566249288817,0.6488559730709065,0.7034018088163042,0.6872550061001901,0.8104593160873094,0.760946427864554,0.6310621334523671,0.6436036202374195,0.6114228725201264,0.7787228906615319,0.8222891399116984,0.6589255110473595,0.7468523248331008,0.7355278273317108,0.6591084436544127,0.592682425070754,0.7454386377579851,0.5844242663841612,0.7371139885552269,0.7951744585909895,0.6186420339080353,0.7366008460276039,0.6656844830136828,0.6463717580419237,0.7580597565826277,0.6719128401448816,0.6520998293240796,0.6465528706700446,0.7731689489658101,0.6325507475285066,0.6465309782516764,0.8346564461804632,0.6587885766022686,0.763009481589824,0.5475632989871474,0.71724109731692,0.6958281643696885,0.747940388857053,0.6275386737815756,0.8624429910045344,0.6382957393144628,0.700234226496653,0.78594146999776,0.8436894658784807,0.7608239876853351,0.8119274189103173,0.7446357808955182,0.596574132945167,0.7117652607002721,0.7861650383183861,0.666551555599269,0.6802779971373907,0.7191314315115115,0.795480497001027,0.8516294382090708,0.6339668267927364,0.613849058515449,0.6510984099692692,0.6286662692592458,0.7117558579541401,0.5447734245809676,0.8905171066263021,0.6142952493401893,0.7563941673637306,0.9104941671276505,0.7120790174652872,0.8293265824748163,0.7027042726945754,0.6391007429778754,0.569743132909277,0.7346742065846648,0.623343567090387,0.7204731960217741,0.6720912080657464,0.789972498826911,0.7048206210253696,0.7754064417563353,0.7792648042560243,0.6812211848108487,0.718525457096179,0.7627677666072503,0.6298259955603996,0.6544520590605059,0.8264169485932575,0.8878933112046236,0.7370368355791299,0.6001256098244417,0.7877354067466512,0.7215772964005023,0.8392841286617122,0.8370772783160398,0.7070217364186988,0.7440005665098136,0.754719714487964,0.6678848703382125,0.6593755628751274,0.8426300402825446,0.605863441903884,0.7832670267380737,0.608744078672035
0.8457402701180764,0.9049326227602708,0.917698505727154,0.8435388367527518,0.8803160897442428,0.8270273027577617,0.9086911890094255,0.8287860383079807,0.726955060672544,0.8024906439913954,0.0,0.9434228496459036,0.9010914788583164,0.7706680149850378,0.8906081299602877,0.9220628363193352,0.8923303208579804,0.8469645016955273,0.8449420669478799,0.8172957525323865,0.9312663642063016,0.9630372441179265,0.8525530704700665,0.9356040075955802,0.9017861039228506,0.8617157542679283,0.771354520480469,0.7753759831301273,0.885730739031079,0.8673676212461399,0.8236342594234933,0.8655547035154585,0.8879060604733076,0.7931648579306184,0.7799589452000545,0.8963131386383768,0.9593257122907739,0.9055157891133153,0.9270144288920442,0.8565766986858928,0.9213456743019842,0.8659109337237554,0.8941173640417011,0.9202539635772949,0.8817856649537081,0.8602616027524544,0.8326647043979364,0.9621488287142846,0.9207176888594741,0.8750036316504319,0.9239718172516768,0.8429608635392083,0.7585969603742202,0.953757469488584,0.9553783162638201,0.8352932327031087,0.8729030357291784,0.9190760795378947,0.8052907473802396,0.8681537123443096,0.8265542486790236,0.736676681831195,0.866093241914282,0.7730128310516519,0.7404030475796097,0.7778951663070726,0.8106576524047296,0.8902358071849772,0.8678293125674861,0.871817700669916,0.8702538166442212,0.7621798467837916,0.7133399101106324,0.9270669492576652,0.8495113736739549,0.7339713801667187,0.9067440558898194,0.90703274839401,0.8137954267853298,0.7139347394629176,0.8009572795775134,0.7817783825697027,0.9299620507617385,0.8235727739792988,0.7910881220832333,0.9048023244812957,0.7793141270386743,0.7675855443073515,0.7483480007558447,0.877941728945972,0.9048667693974343,0.756924054988795,0.950907878074216,0.7960695463139551,0.8264424905466837,0.9276358220906479,0.7424504355374055,0.7639327046302049,0.6666368167159562,0.7532404930985711,0.8183047706202697,0.8376242645187363,0.7466456343046592,0.8247403222369046,0.7757323494821761,0.8533896998334436,0.8370559756224204,0.8173043603070399,0.8899852239562975,0.9524734271978653,0.937065956255145,0.8120449246222785,0.8073228972219426,0.7898241537048917,0.8223055425430793,0.8324441100101961,0.726165719976415,0.8971242204994521,0.8649599925199929,0.6875136195548743,0.8597059353947487,0.7599673070020895,0.7744786944282596,0.9283968343542173,0.6744075826589703,0.9484500883628559,0.688517458581861,0.9523964309924863,0.8663240677860684,0.8589695820120853,0.7870668121905634,0.8312158507130005,0.7656727638485576,0.766416200056526,0.8862134758883912,0.7949517982492058,0.8956365774563902,0.8543975419151885,0.8520852859787218,0.9057641105661876,0.80624432223549,0.8755204170077744,0.8292662641588225,0.8196555141986964,0.9607156463023496,0.7852048560895306,0.8989744726738331,0.8445528632140893,0.8498697012395965,0.6984091331061678,0.7858475991996555,0.8082289966507571,0.9147720013344617,0.91160271075859,0.9361829316387057,0.9009040125242962,0.9139738077985118,0.8797971251215567,0.7729402081489286,0.8131088459936612,0.7551709897751502,0.7343744206564073,0.8997104553487212,0.8763707551754149
0.8004565360963259,0.8822937328695855,0.8989850380493608,0.7663482843418724,0.8301967490391835,0.8762950701019998,0.8260304465106444,0.8096539256584045,0.7124951684109394,0.816236038787642,0.9434228496459036,0.0,0.8161286144209285,0.6920213887679245,0.8140368312149969,0.8981197465633828,0.8603626335811851,0.7576220262036394,0.9227864861382472,0.8145326843959887,0.9324253514205952,0.9004766712408079,0.7827543729165194,0.8554395269318027,0.9402396632635172,0.7651383394768512,0.6744287570838818,0.7421562437484207,0.873961401999048,0.8644076276259497,0.8314206406688949,0.9020294865321424,0.8047128474857238,0.8115525474247449,0.7587120829728575,0.8916138783241521,0.8834806576184498,0.8550477871296264,0.9170562624696298,0.7437536161936552,0.8617689630254832,0.8816548586156867,0.874932391140793,0.9069263963293432,0.8280164690136126,0.782675569004741,0.8095365523220373,0.9451157050181245,0.8595106060126698,0.8425388247986675,0.871290579472477,0.8140408188827721,0.7267162940926418,0.9254173774886173,0.9417907180727538,0.8390739615102191,0.8375718027959466,0.9413067394845462,0.7561992440177012,0.8023011842908345,0.7946903002472406,0.7222903106681068,0.8472467004329507,0.7719493201266895,0.7221070695904532,0.7497334959643857,0.7092738360388312,0.8061204995241917,0.8029620558152296,0.826558268028015,0.8051009534900148,0.7125222244476394,0.6995471143519124,0.8464149387661862,0.8503326165497369,0.7181663931761847,0.8282348811867117,0.8381621068988863,0.7676643203343942,0.6995624649961973,0.8171046253475467,0.7544236142046163,0.8677372076654694,0.7817441996875075,0.7964839286754052,0.8450868578351971,0.7912402044146721,0.7288023839298412,0.7217823676697243,0.7892176725218277,0.8341501570447364,0.7777725940266147,0.9191276456104759,0.770441200470894,0.74864571103379,0.924952670608491,0.7675670319068496,0.833837010872694,0.6690899321774078,0.6923486388534819,0.7702585745417351,0.8349008080233424,0.7471167405925501,0.8752905857680876,0.7661081960998312,0.7946938452408228,0.8390734093086537,0.8194935438969467,0.7960620737956092,0.9399510129670078,0.9505629132125906,0.7836770963735223,0.7762607426010314,0.7653553151591594,0.7513033047444214,0.7455687962516432,0.7699007465710495,0.9129373348800917,0.8873979935080895,0.6456058290952988,0.7908288598924996,0.7159068702678378,0.793761901947345,0.8627419096940966,0.6717252814201695,0.9299635724308766,0.6703111751352422,0.8844526627664162,0.8979089980625835,0.761772255750625,0.8274352660910833,0.839827281468371,0.6836584288137117,0.7462560920599557,0.8866046424124455,0.7640844653184354,0.8787331401987348,0.7647056488547441,0.7794278854499973,0.887192607182696,0.7570272779039632,0.9045960864393195,0.783380066009724,0.8441460416506896,0.9289476726342568,0.7688744282214669,0.8724512283752679,0.7894878979966731,0.9069284874168733,0.7645006362144987,0.7718052484051455,0.8249202221238205,0.8780548092406038,0.8272444888650045,0.9626294484083887,0.827687719834727,0.8025748736823443,0.832708779477215,0.6929697012136138,0.7598021498524608,0.700099706383308,0.7471802741872904,0.9129034243098698,0.806418450782897
