0,1,2,3,4,5,6,7,8,9,10,11,12,13,14,15,16,17,18,19,20,21,22,23,24,25,26,27,28,29,30,31,32,33,34,35,36,37,38,39,40,41,42,43,44,45,46,47,48,49,50,51,52,53,54,55,56,57,58,59,60,61,62,63,64,65,66,67,68,69,70,71,72,73,74,75,76,77,78,79,80,81,82,83,84,85,86,87,88,89,90,91,92,93,94,95,96,97,98,99,100,101,102,103,104,105,106,107,108,109,110,111,112,113,114,115,116,117,118,119,120,121,122,123,124,125,126,127,128,129,130,131,132,133,134,135,136,137,138,139,140,141,142,143,144,145,146,147,148,149,150,151,152,153,154,155,156,157,158,159,160,161,162,163
0.0,0.334533465355066,0.2823828398643998,0.26354321534386826,0.2515883344659316,0.31823774249781706,0.26873837058555455,0.2951468102951123,0.36952844594479367,0.300874063975756,0.3109682184103074,0.27247594553125665,0.41852150658341647,0.3026187623306905,0.35558470579260965,0.3138203036176287,0.3433720170865761,0.45788045129132093,0.3337870027380322,0.45311427769660606,0.3325902653078147,0.3170267222956955,0.25869412494732497,0.3127737270182373,0.3735289709791628,0.263164603811116,0.24999140018256108,0.33425593512281265,0.2596076247813014,0.3049161952685838,0.3523400340296564,0.38357024281254387,0.3066329979063893,0.27949024370844144,0.3738213656757175,0.3042268846681287,0.3530646092768178,0.35723533663130996,0.2562655143976272,0.35626984776702464,0.3230472731240373,0.28845824762084377,0.36239377180689086,0.344360132237972,0.3276319042410798,0.3917468575816646,0.28668612515409736,0.3077728668828759,0.35344418144564016,0.4072241269202126,0.3957276998284469,0.3525590681697529,0.2588679024463482,0.2927476206546431,0.29811542869385543,0.31753132268853507,0.48707520458996845,0.27598980816547686,0.3516428211883483,0.38077021460688587,0.2965976721937426,0.2875579771713002,0.3219723751958569,0.24522617784234615,0.3294540995246453,0.3574612775216884,0.31935035679638935,0.3548928675368551,0.3219562187361556,0.31553790322277847,0.4422284854912054,0.3398799547495242,0.33623983311841754,0.3530985507005791,0.37009144075971256,0.32999052179894617,0.24754254982259605,0.2510760627145323,0.35934883954336716,0.2785531425287179,0.32751226162118396,0.34839805777446176,0.3607567367394127,0.3479742806058642,0.3454936668331724,0.4112057064666973,0.2809730654845754,0.38467165197281344,0.3624668894520286,0.31516050924661193,0.3490929055089668,0.30060089060789735,0.3805072726624172,0.37675767418657896,0.33245435954958447,0.2930510736589979,0.2505046553974116,0.2744080819084784,0.24449689221523527,0.4156061721818543,0.316473537107991,0.25074835625369657,0.2829899923938418,0.2675672062496439,0.40922334170536484,0.3544558333040332,0.33189876125975276,0.3025327608238017,0.35819636163389684,0.30565944567542047,0.29233149882757187,0.33658433659647435,0.3680650547773264,0.2649341604141007,0.3814926759985351,0.36027751552968257,0.3413042011907167,0.3128586577943005,0.2683261906306904,0.25408937065308124,0.3038851221064819,0.24226626989369243,0.3122991116133401,0.4302456071094441,0.29993880819015634,0.3252018324244798,0.272083061294112,0.2483842751211322,0.2884933518792229,0.380770672589564,0.30030901880171884,0.289930116624059,0.27164870614516845,0.3094546295611148,0.3022840666924569,0.3074118668569022,0.37492904579173514,0.35154367372296824,0.3082522495571114,0.3733181438716242,0.28222081931181864,0.28994672996995796,0.3421989974982026,0.27743321023547485,0.329123830846288,0.3236049539120784,0.3116577820348046,0.2902232252920104,0.3505381246388595,0.203587800230112,0.3927255757415956,0.3054813742272559,0.3157794186286588,0.2591149571273066,0.3303804004235727,0.36530713753547506,0.31599990969422426,0.32894908362726966,0.31043418958963365,0.3449389335016229,0.2599920408663263,0.3845285126522489,0.24602773904623954,0.3898736362273285
0.334533465355066,0.0,0.32774791379652374,0.28640328028443734,0.25102706453682716,0.3603291795390565,0.30083433130651993,0.3105065438302097,0.29606271870972395,0.4142793228670917,0.29290797390855294,0.29438115074670346,0.31778283254719725,0.3697246156987505,0.32520771035894913,0.2886556338472466,0.3588826793779077,0.3093218522142109,0.3407348705486771,0.3347968139992266,0.3340401296894209,0.37637074171523466,0.2748010292037088,0.31872205344824067,0.34781673483352216,0.2379159867479403,0.23766952158162352,0.33075347596847743,0.37687185356102987,0.260920569951902,0.33121275175444115,0.343324106661705,0.34945923337230544,0.27186644156135553,0.3450915548884557,0.3227922834418478,0.2800042569098266,0.3135002290834633,0.2799493667373953,0.360186162554746,0.3864417456276241,0.33383995821287155,0.2506124667284763,0.30276876239591455,0.34249030123217256,0.28248599214477926,0.28018917619834605,0.2646470407254024,0.3228381689247887,0.32262188334493225,0.35424248746668957,0.3217654806403383,0.2916953999400999,0.3781728512173782,0.32133722220746885,0.35752563587184505,0.33572132724048026,0.2675117776451923,0.3894635438529352,0.3510689122034033,0.324388422511774,0.24293868478881295,0.26670672001237145,0.25728375043610574,0.2855360256031538,0.276767414898936,0.29306374458683493,0.28597822689585084,0.28668961360682865,0.2945237621507564,0.3199992887144965,0.33203880829346655,0.29141278627749,0.3460394152534947,0.35570399509650463,0.2753828322023134,0.24479027761631952,0.2985338448385155,0.271200006903641,0.27286059022057096,0.3032490422836964,0.31284062101094867,0.38214807103324505,0.28406084377890045,0.30804142444966465,0.39229314257312287,0.23963466816888515,0.284034135787861,0.2743696157692144,0.3069023308545348,0.2797777469133069,0.3282334731285334,0.3610813017201851,0.3111299450246656,0.3562774856313529,0.32240826300898817,0.2578436084397,0.3184365333548531,0.24613526185449539,0.3703236914785856,0.2947392008106305,0.23032499469688517,0.2342094772638482,0.2872593673847473,0.3112141677818756,0.2820594420640825,0.2922780464072271,0.35020785742154603,0.3367747013320408,0.3696388271036278,0.2971015107736855,0.266957143076446,0.329146153778766,0.24926942865589896,0.30572104080533036,0.3972996593876973,0.3148850032615212,0.25636602981489287,0.3249718973220671,0.26464722507283833,0.2824210967109544,0.2340870007685617,0.31085997319928704,0.3845404717922013,0.2858514704378036,0.3766041446562191,0.30208065651814386,0.26695867933488915,0.3803890306900565,0.2999016530072197,0.3473570539689631,0.29620049836295065,0.23698053337896505,0.3218317149404362,0.28858734681403414,0.2706327535658472,0.2902297074612254,0.3340832049837897,0.2932886270172419,0.29121624682666475,0.26745604974282733,0.33136043655078223,0.4138581475675662,0.29322927093602935,0.3064284698388618,0.2698307201390431,0.30879747551671743,0.28786239847148026,0.387260120693772,0.23290046262310352,0.27608197828104053,0.3326866956459212,0.27959604460205184,0.32440273339068443,0.3110414603246247,0.3042342162780474,0.2921705078961703,0.3192180648914723,0.30055637630793147,0.289576438623369,0.28289348701183625,0.37120433650744045,0.25860056882520877,0.2982901519448046
0.2823828398643998,0.32774791379652374,0.0,0.28266221336507114,0.2509780273915731,0.3426062930517663,0.24310173818781688,0.3287586386211169,0.285615909767478,0.34997113179060707,0.3230771695058406,0.30503417156204077,0.3326514039065703,0.26233543263774073,0.29585162353374295,0.3929153413588573,0.3687502809145576,0.27734332591992683,0.28127789898667377,0.26549549625316454,0.38551207533401227,0.41999910682664887,0.22308919806727012,0.2991760863860307,0.3024423560388961,0.2894233880074083,0.243769022844881,0.3009644729643539,0.27303372887306393,0.296368675760917,0.2829650453553101,0.34020531524402553,0.2821586678864635,0.24181545759015882,0.24591069720151748,0.294692526918946,0.2955160840098529,0.3146913411249672,0.2805139637115777,0.3183293130473908,0.2989717375146857,0.3014067639326277,0.2763136515520528,0.2864312731986184,0.3224606122017387,0.2834947041916674,0.25612289717083486,0.30401520791555176,0.2762128112133864,0.2965338123878976,0.35125817232005013,0.3148817521352588,0.20313782961004437,0.35048206104983454,0.3052112689965917,0.2728200713448773,0.2964857454804575,0.3172982822644907,0.2839049894559689,0.2816185034657172,0.2940874973783374,0.24483387012934504,0.3022896944154623,0.22144154049442435,0.23636619150065985,0.2698912476675759,0.2816081325350864,0.3257594542508799,0.3120168577592736,0.30623871219855003,0.3344231934080145,0.23700110834745075,0.2796496861819264,0.4608297702256989,0.36186757498234595,0.2046598151125629,0.29886715574165984,0.2734913321314746,0.26291879279952296,0.2366856968885684,0.2855060038386154,0.31222679606116316,0.34585718605419563,0.2894039874870241,0.28486338188889887,0.38097626182888117,0.2383935907428242,0.255873034902027,0.2632832504222041,0.26669236793371937,0.2984095918747897,0.23526799681846333,0.3005686328678171,0.23097934658423608,0.2896281704754778,0.29001532711036254,0.23620017332852966,0.26535507780680406,0.2025460059266887,0.3115095209374211,0.23318968704243814,0.2623206583492709,0.23217123173373122,0.2805325498101699,0.28679368019520673,0.34097706208515477,0.31053681687786167,0.27759220779856575,0.276092303264197,0.3271380911300292,0.2757543754032837,0.24748905750248554,0.30752221965165777,0.2516125124719498,0.25842752712520123,0.355416336832357,0.22957119766896264,0.29478146949760303,0.31525085167906763,0.2394515770834318,0.273771689806645,0.23915640615211978,0.2420395283576122,0.3378148055457252,0.21362120547743152,0.35131325874493663,0.2774434062656106,0.2839798912969786,0.3294226882832302,0.277151289605389,0.3003579548680519,0.44614711088635367,0.22491320692250746,0.24533567369359138,0.2958869808643591,0.21907875594631768,0.24335996983366695,0.26462694141166027,0.28916963038896876,0.3010510469912447,0.22895323812542656,0.27343113869662594,0.29011614792959856,0.2799679161922628,0.283404487990265,0.2362050416530337,0.36352391872690587,0.2810491091717399,0.34316652515537194,0.21836966456779758,0.2554574017418655,0.21919614656614947,0.2741507717936822,0.33180574356808806,0.3226292885984435,0.2961672588306354,0.31361332041778067,0.377465094140673,0.21225322025941712,0.29087628562694506,0.2523425311704779,0.23367919737237844,0.24420137688441135,0.28987882743961924
0.26354321534386826,0.28640328028443734,0.28266221336507114,0.0,0.2480722207080443,0.2794631308967259,0.32759155707251536,0.2839861855753271,0.2771597584368922,0.27008654802403453,0.31652668733075084,0.3274928568075024,0.2732648759839639,0.2611595249627232,0.31125553712044995,0.27310105478746277,0.28638476778765903,0.2647902070648733,0.29153042674251034,0.24740948384914657,0.3179991453819174,0.2962372793791772,0.2818899593535831,0.2687991983724918,0.30490877945786227,0.29022500754085206,0.30356965964476373,0.28947284853692823,0.2447084598187766,0.24267632866450692,0.29658686285033636,0.26934574284991064,0.39414549034158547,0.3045865421064184,0.2691402099595308,0.31991398875745286,0.2889860652391961,0.2986221776564528,0.3059963872113398,0.3182985146623166,0.29262830113955557,0.3034110964364549,0.23770165388517508,0.3020800501540914,0.3065380600548023,0.27223331961943753,0.19318948165654407,0.2638275082939524,0.28925746878602454,0.270031563587489,0.35594582721749396,0.2809035902087805,0.21826977169662581,0.3770392082235048,0.32695073989756746,0.25969777014128814,0.2924441336572644,0.33793411391095013,0.27451962355357773,0.2901862704728478,0.2865042177810208,0.23222597953131752,0.2614744126004639,0.2271601697240559,0.24535868661321264,0.2668404484556949,0.3751105118241731,0.24079466010246003,0.2692716641119252,0.29064579025593146,0.27054785745592747,0.23569183551208875,0.3172487780237987,0.39570210160697455,0.3042370483208652,0.20379394529243167,0.32323561121274647,0.2866842185748699,0.2569683394439846,0.20300503569728234,0.22759179226435097,0.35493979743508697,0.25978185531032394,0.24813753316556114,0.3310621765017286,0.30206005204609077,0.28656783900555904,0.2845912109683196,0.26002766977131914,0.3000825533891317,0.33238403051080284,0.31402839408448563,0.25911814438583725,0.23401187436568177,0.3237345953216994,0.2939241542342344,0.22226413351310378,0.3004144448459555,0.23274726562349324,0.31521783396560316,0.2648555134818372,0.27092112201815427,0.35071724596025977,0.2734383647300559,0.28506353568317605,0.26135057187486044,0.2861761488823073,0.2820354799869857,0.2588346545180443,0.27326422267179423,0.3442013918459581,0.28998797501324175,0.33058914831622305,0.3176787549743854,0.2600617192290155,0.28996349711767533,0.24017590829807928,0.23697464994511974,0.3074851692921467,0.28897981248951404,0.2604061376913545,0.2926389203152919,0.25193343557917386,0.298028050355399,0.2235307372160112,0.2878382001918105,0.29108192899189084,0.2809859044358688,0.2920510042521982,0.26540760676534547,0.2504938764917981,0.29426420784477886,0.2713690925820384,0.3130974028351041,0.29607046493741707,0.19434088550005338,0.19601221697352647,0.28395036017515257,0.2980313502043029,0.30812970145931357,0.28750404312287153,0.26754546468977675,0.3414660782060903,0.31279546726484414,0.2832699894801698,0.29602258807271936,0.3121809847855513,0.23870955328626117,0.24848576634034025,0.20730953935260182,0.3218991112464357,0.24503411069454847,0.31164879347333574,0.2556122699845233,0.3585111039925127,0.30527867467351805,0.2786204411559299,0.31777089340037357,0.30928416421999255,0.2826384930189625,0.21974435132336897,0.24820222866704586,0.28100647261820944,0.30783462682306706
0.2515883344659316,0.25102706453682716,0.2509780273915731,0.2480722207080443,0.0,0.21171946655235052,0.3448478310598496,0.21403592835863816,0.2594730447368041,0.2531299190036681,0.297478389220631,0.27408767025717645,0.2202303497013439,0.24634074298079658,0.27892935654264556,0.2586295503531491,0.26294452048584793,0.25245131161534906,0.22224822829062538,0.224119849406199,0.295928223653013,0.27667490647359816,0.3061917479049068,0.2915816477647135,0.26617370412695845,0.27919267591758534,0.257858783894264,0.21728675723340202,0.2350453231178648,0.2878300195363963,0.27592310651966123,0.22586194286867176,0.22900641843544003,0.2474658842443318,0.3072291152917134,0.2936461453825114,0.2639468794641956,0.2661624708343655,0.2905261217950224,0.2774690947122192,0.27511672149098276,0.3309923753043045,0.249441318709504,0.32789326024352056,0.22959121459348664,0.22027652032419143,0.2571265347812152,0.3002212766527101,0.31700555947406717,0.25945023081537016,0.2800434746241025,0.2354423034324743,0.19939912064098245,0.24843911243469316,0.2687939198821224,0.25363143910361036,0.23560460755131554,0.29673837841876055,0.2565688219539605,0.232145529284804,0.1880156348537019,0.2058193987285058,0.2136383588383395,0.2698009142036574,0.23431233083440225,0.18974527950017042,0.25236921012374314,0.2479912264243784,0.2310092925913069,0.2432105544000079,0.25396931849474624,0.251594313465067,0.24762461693170834,0.2595867016152538,0.21527654547222422,0.19662977647096133,0.25467517341990104,0.41244698589078355,0.2147583817751211,0.2228310505657226,0.23788818671559092,0.2710524817233865,0.29688079716640603,0.19782478979578477,0.2680787368963499,0.2508797875355877,0.2307526590004785,0.24326757595384757,0.20605905403556002,0.2634355954174285,0.3732968577010625,0.3040255625141604,0.3048052108758172,0.19623812605005608,0.28797742408034066,0.25375109676698915,0.17378641976635648,0.249344653919934,0.27063332278340724,0.2243367037830498,0.2506071706926948,0.2134272686933771,0.27691171909482093,0.2354932616730707,0.23178873621705476,0.23726825914133481,0.21154132784762858,0.2819573763563225,0.27112638968099934,0.2763557156965386,0.2931534427729789,0.32205658864137665,0.23433183065745397,0.2744557643911585,0.21674899634726244,0.2541533526684453,0.21173452945406526,0.26131209171642217,0.24373492236640049,0.2644826044184866,0.36751335493054127,0.22299830121875777,0.2310359454820844,0.3000603838313363,0.25362808157924904,0.23502801582549318,0.23624348519136693,0.2631889281954676,0.24294644323351244,0.24297772124965455,0.24920035984767383,0.23801472790219677,0.20165945078993872,0.286172655336226,0.2483013908692186,0.2358168113445388,0.22929787023221557,0.3213349447851124,0.2621793958973981,0.2969266717363771,0.19432562265861647,0.2757364664319581,0.2815730105849306,0.28591638331387753,0.32430484038421137,0.2962102124376664,0.3158310013445738,0.2371282831717545,0.25314672719655384,0.22073795239031518,0.2502112520394891,0.22784711633361115,0.2772027372785581,0.29528053020175726,0.2966104851974588,0.2616434863029891,0.21652117724107398,0.30335207422761473,0.24493211866622105,0.2437090867098189,0.206320796417783,0.24590653788258465,0.273035955292919,0.35931530165686115
0.31823774249781706,0.3603291795390565,0.3426062930517663,0.2794631308967259,0.21171946655235052,0.0,0.237342915041049,0.29667410499101426,0.27238268140641964,0.2892852216046477,0.2985529884785341,0.30491751961011443,0.3793935646654592,0.24661974082229937,0.3137549088047895,0.32017650330099173,0.32490712510956066,0.24652806055502663,0.3103471061894299,0.29616277292884746,0.31682118605043336,0.3219441622771423,0.19497151276083688,0.25038177463906697,0.30145615578282553,0.23907984327534956,0.2126355225051607,0.28445535962974094,0.26433046184600656,0.256951254214591,0.2986769326770476,0.38862633264915636,0.34770100660285375,0.24357573458210346,0.26022284018010117,0.27059798511603284,0.2883106221064326,0.271996619174665,0.25853046216450626,0.2566469879228988,0.31168919728268774,0.2812244886748117,0.2704156664756128,0.3159579084594588,0.28073989079013917,0.2688257525705741,0.2414815462515844,0.2806237511537649,0.22843856850444627,0.3084035757422908,0.34427761681875463,0.35910621332692,0.21841884348361087,0.3519116020912892,0.28217915803068766,0.30027866493561123,0.30181736444082546,0.32520778299414205,0.2532815583188688,0.28229710125383206,0.34913993647959995,0.2738662178390634,0.32144601970455117,0.19438049798571205,0.24436313225606351,0.27993220552342657,0.2766117144909308,0.3217612406999491,0.2588236027395491,0.2729983734967273,0.33320723555081,0.2304224676628771,0.2790316402868399,0.33777418610333976,0.39580351757493065,0.2305849645727524,0.2596221583080426,0.24064145210257765,0.25877409228083037,0.28750166663038945,0.3322054709105937,0.2886335859051375,0.3182763094198911,0.31578078455140784,0.26905283221335186,0.3082951570185784,0.26009551753772864,0.2657385649382757,0.2868588360591326,0.2682148411301716,0.2792717102431885,0.27899853781449896,0.3060052484600898,0.2598520538782643,0.25426288859991036,0.3177610352467347,0.2616494284856109,0.2817695626517321,0.1961611023423265,0.3292335324329134,0.23860816305448265,0.23129899592166867,0.23539108203709677,0.24087593644131955,0.3127649636078843,0.3349022168447692,0.34033715976217943,0.26847698521512864,0.2645557346181484,0.30121878366507715,0.28733758901494894,0.22518794816899976,0.37541530919908395,0.24813871969804646,0.2714929531622772,0.3336570167887738,0.2681079736482993,0.22642898126025104,0.3438598787698987,0.23693531052374814,0.23449050743435074,0.24764328178396944,0.26148467119141633,0.3391763421045279,0.23750845468950027,0.36167303614498497,0.28074593572087625,0.24918780655500908,0.3017465811529869,0.2536891795635049,0.2948880688171004,0.3794798058734815,0.23988130277127973,0.265833901957548,0.2746273660795949,0.23312179228801483,0.2724940059237496,0.2429769999502914,0.23225310274016825,0.2645766056243829,0.2739340617771467,0.2838814801066913,0.27605137452790585,0.2572086920504053,0.2677405487974726,0.2384780749596362,0.31543726137623174,0.2903441756208866,0.2790143508677641,0.20598109961574912,0.26187876832823015,0.25840745221769407,0.2282053481455907,0.2540984667669357,0.3181136662073596,0.28065338327528594,0.28120514278420583,0.3555329103524618,0.24220265474822336,0.2917973549056906,0.2321885683024548,0.2822907032400517,0.21811225814233368,0.26593363869338016
0.26873837058555455,0.30083433130651993,0.24310173818781688,0.32759155707251536,0.3448478310598496,0.237342915041049,0.0,0.22428294786685835,0.2694910306345992,0.2873621134375782,0.313936768008609,0.3343435857198797,0.24964710416100305,0.2808753562452235,0.31788273721462823,0.25555570253746884,0.27590189161198886,0.27376067161016554,0.2817423902423367,0.2297646835000261,0.29464296942038287,0.3012739395510754,0.4014703001186428,0.3227274441756292,0.31532723874723473,0.26839144463336106,0.2805672218775127,0.2576795440487414,0.3090054793009583,0.2986612470444497,0.28596073371798214,0.26046824205728275,0.29438970309569257,0.2924768044679481,0.29355357763394013,0.2857253422358562,0.302132801065185,0.2726880186079714,0.29619947203022734,0.3499783932115058,0.31783886508627124,0.3465571182445889,0.252730076908129,0.3416575268953816,0.2612989611753446,0.2436131061325266,0.2500874267461456,0.27213638949382785,0.4264967966829412,0.24487238515690227,0.31330278221497887,0.2532064055165239,0.2188206238161658,0.3084361540419974,0.33752578228747904,0.2996903842678314,0.26277020773709514,0.3027199986607169,0.3104075900176525,0.2530196854298103,0.20707339493774096,0.21123557525830364,0.2170393991459834,0.2756493547877835,0.23021730011844627,0.19991237689865993,0.28887203825361923,0.2597616099613313,0.2395259263148828,0.25122166919792904,0.2690428061269627,0.2598747532334374,0.25535078529157984,0.2957909857293607,0.218186537634275,0.23172140535180316,0.30565930762924354,0.36615889278184904,0.22484945037680237,0.23860033545467355,0.2500169876608422,0.2892940663083403,0.3102775563259292,0.2049094354735988,0.28076972727131716,0.26969728774235213,0.2403836714794981,0.2630513887859328,0.23435213725402507,0.2794376107855923,0.3594653441669269,0.3811220379405295,0.317494435775705,0.22849141351431382,0.31912080134818527,0.3198904094636758,0.1853698997308544,0.3122432128329277,0.27812785748337454,0.25747208495683727,0.28506347392858267,0.23819647515947825,0.3034826763156932,0.27032005361040085,0.23785583150771059,0.24353934999726887,0.2186015983281645,0.3138053135784555,0.3000132403310363,0.313077021826411,0.3726458803523575,0.2984692505952617,0.24980405183748627,0.2657622590003063,0.2330003479773929,0.2814739035752029,0.24934590540734702,0.290937530834838,0.28168922154412107,0.27502209469476363,0.31068566462246405,0.23667659997264173,0.25562492665411657,0.3403835847559426,0.2635222525680593,0.29636102064847614,0.23994959673668403,0.2900331847775857,0.2679203944772502,0.26123451858098345,0.2582887519374604,0.23099989270558866,0.22676426458094417,0.28180579334722267,0.24148094746699686,0.23933516702548377,0.2422698406912777,0.32457767384438985,0.29112645861120734,0.310719334068246,0.23918213484610712,0.28793537545282105,0.32239724197426883,0.2843115645168045,0.3209964893399517,0.3249544541883051,0.3064917149989702,0.26591843061478343,0.26656170731202944,0.22079900608074626,0.27282093443865524,0.2867706706069338,0.29279209340547224,0.31285436574229464,0.3582068163479197,0.28516579114149915,0.27358996560342774,0.32717257539161243,0.3287231927919852,0.2977251050663383,0.23615909025602624,0.28384623279284094,0.3047651793027151,0.3471222994202855
0.2951468102951123,0.3105065438302097,0.3287586386211169,0.2839861855753271,0.21403592835863816,0.29667410499101426,0.22428294786685835,0.0,0.3124530662055819,0.30671281252778093,0.2775607367566003,0.2683466613565664,0.342401750469661,0.27236211823219797,0.2861995831648591,0.3318704385968037,0.33047273784098896,0.2777112473025898,0.28019533392607393,0.28799304370820933,0.31503228012358775,0.28173794619820824,0.23040396165283586,0.2373938688892333,0.3057384639259251,0.2612904297382936,0.2709860657196485,0.3195155317738975,0.22726649135000557,0.2638776029857984,0.3672234958904713,0.33211456470040485,0.29790886184846427,0.2654441368578955,0.2797442000294137,0.31890098709765835,0.3092767305342422,0.3413047796793468,0.2796108253940232,0.2952507973090387,0.2823349646194781,0.27029637249880667,0.2998905319923211,0.2626240286860256,0.4160610167043743,0.29132340431413434,0.22825016910440224,0.26112293787393487,0.2705579927251957,0.29858965349838956,0.3268483980950983,0.26559453071411127,0.2147300439882123,0.2964269200840232,0.3016158156947894,0.27694613250588623,0.2910989858572899,0.34309325639465565,0.2980194313543065,0.29250156154926754,0.42270718935198315,0.24804737163191223,0.30377288673128994,0.23395959193311594,0.23456534684356,0.2705157504158638,0.3011684295706047,0.27098996742657283,0.3292648835876675,0.46860291140214216,0.30755478182238954,0.267954052122104,0.2903636661610787,0.3759175933009905,0.3836283182064073,0.22509007473290274,0.31263722436732605,0.24104655373949288,0.3289715491002058,0.21277689765265942,0.25066356522014094,0.30610764469933566,0.29657755048882584,0.32871753279212346,0.3238557759212368,0.3914585362437517,0.3836377289310906,0.30097947454340046,0.3169481722412317,0.2771570009765392,0.27851987699139324,0.2728387656880122,0.2896199593693115,0.23685482683619508,0.30620010424001026,0.2697711834183663,0.2834357689269851,0.2898233412334183,0.21276931882666555,0.3576519554317708,0.2501199825663182,0.37186558151484367,0.25856033465717665,0.26822673170352834,0.35428888777107653,0.32174325748946636,0.3294452899716197,0.2979546723073476,0.2739834383521205,0.2610688313582296,0.24596142893663286,0.2660676118368057,0.3383096262449525,0.2860304659023619,0.2809705091890827,0.3206484835592576,0.2666434383441907,0.24761791547146678,0.2577173436901291,0.2548212163740905,0.24641320417408732,0.373332812642693,0.2458074517319826,0.3002236423038007,0.22733088473397592,0.2944650436076787,0.27572437115753373,0.325391859627877,0.3125265969756529,0.2768104184118327,0.3343871123048592,0.33172983360894803,0.2879993749975114,0.24957693560414124,0.2834525908482264,0.20442561718494096,0.23701805283002014,0.27567227657799265,0.2916742395178073,0.3193025117274076,0.2454576948588518,0.26581787836854853,0.31749956359024045,0.28679403522912184,0.2791289998839137,0.26634276048088484,0.3031837132596445,0.2596778175874231,0.32259074803611953,0.21261833514246856,0.32584710558333196,0.2514677255027397,0.26186842435991375,0.27074314685629924,0.3287526706135668,0.3412993660953707,0.2602511315184064,0.31404351467328206,0.22864291835240022,0.2825263527463556,0.23610101755233415,0.2691915564545961,0.2484357933827318,0.25443677256025127
0.36952844594479367,0.29606271870972395,0.285615909767478,0.2771597584368922,0.2594730447368041,0.27238268140641964,0.2694910306345992,0.3124530662055819,0.0,0.275058448708819,0.26762252284890636,0.267856731607573,0.2901793365104213,0.3543932820500237,0.30356219938462353,0.3080550784672106,0.2868349786907561,0.32799934030160127,0.26772436673455374,0.3279108647738696,0.3116444667541412,0.37085679183595194,0.23996039358384894,0.2601652918007303,0.317356956930066,0.26969190740813614,0.2899354525364353,0.28358669932614716,0.23921044424968727,0.3312254063549017,0.4134436133382851,0.3301630211208299,0.28903000813930063,0.26057952340511725,0.36340626911072993,0.3279269657616393,0.30529741929445525,0.42435280492920197,0.2895276205759729,0.30315132247196636,0.27048499757043587,0.315780816513041,0.2897629993859323,0.3180985889373758,0.35369379825105873,0.28871883642846896,0.2410399987673837,0.2729345248708622,0.30822310873987463,0.3340215724445687,0.3263836805266024,0.26716372500988134,0.2442424582326215,0.30846428865832964,0.3024843990476983,0.3545021168786547,0.32450619216863846,0.2864873973249355,0.3122889729757477,0.2863204668277382,0.26642049340266094,0.2985883610334192,0.2614407711325425,0.2851208475374131,0.30351223727244964,0.2793696619373105,0.3642628363714229,0.3216180393422468,0.31075078617425156,0.32203502173450965,0.40093447797073084,0.3343415770477635,0.36319544359863376,0.3268620451196728,0.3224967774142679,0.2602038147251655,0.2616998987507801,0.2491001915500208,0.304315416277814,0.24348070447843745,0.2598876047806238,0.47170448768984125,0.3435533250346246,0.27474090864677936,0.3771401196777343,0.3992071744675838,0.2977940070883213,0.3907339014121548,0.30240741001770133,0.39510599471935987,0.3520255224688064,0.3891402374803861,0.3079173203731764,0.2633194992342196,0.4259670586963304,0.3302590074846398,0.28617043120712166,0.30557942753948925,0.32919631120439347,0.31819535272544247,0.35078413011569776,0.25979261912373486,0.3243911829509682,0.2653906395140397,0.39623499575461135,0.3039098609308465,0.26581984834324046,0.2866126818558682,0.27374328226219985,0.2563661862234813,0.25391799046506724,0.37586939793577023,0.3724486157721083,0.3477360635982907,0.291070947805639,0.2998079866577305,0.2662642866500606,0.29816320189656426,0.23802690379536706,0.31057248038353336,0.33109629500606225,0.2981080799270395,0.2907400803341145,0.3288184002677791,0.40262405593169237,0.27360860764468986,0.33595341944460716,0.2752791846658527,0.27943031265281326,0.3344774579440449,0.3869729989909921,0.3289783517550493,0.29685358533629713,0.3729052316155017,0.30301214842993585,0.2625037697108327,0.26219244971066064,0.3255194633587639,0.33353333349511244,0.38912765292272006,0.2634636986987638,0.32667893563462536,0.3792663349892671,0.3838598122108981,0.326104196174524,0.3345204479764792,0.40850115507918744,0.2548176808840968,0.32450100736479925,0.22336882959348436,0.3821063379962782,0.2672065866031805,0.29409008043889584,0.2913498777893076,0.31268879884277584,0.39281970618048573,0.2736683512057457,0.31540834814373175,0.31772050985271844,0.33238576246190776,0.22572622996630679,0.3401923843073887,0.3298763527433572,0.32881744648513334
0.300874063975756,0.4142793228670917,0.34997113179060707,0.27008654802403453,0.2531299190036681,0.2892852216046477,0.2873621134375782,0.30671281252778093,0.275058448708819,0.0,0.2641257196361218,0.2587676255926171,0.3094155805392892,0.32937522307486544,0.2857287105258136,0.3006679481186058,0.3457661903818268,0.3243320021593925,0.2871960781738017,0.27046070746840334,0.2941080458497527,0.2890878991608315,0.2999522152210101,0.26505564130211157,0.39291319357815174,0.24109147066500614,0.2617968393211698,0.32597197463231703,0.3811846575843661,0.2777590579397657,0.3228878077761538,0.3296030694948427,0.2629420690268995,0.2597170508903536,0.3044375825239667,0.2765622314337405,0.2917593028485532,0.3048735391870451,0.2312234227019075,0.33160082726738327,0.28524425954097654,0.3079766008610107,0.261210548189532,0.27103902017592135,0.2978701125621341,0.2689599987594326,0.26015505064659006,0.2587410288113016,0.3539916475073113,0.2525360794453464,0.3057057786929211,0.26429747130199865,0.22629558346991102,0.2952477657344818,0.30445388849749183,0.3352086656769999,0.2762280255962371,0.25860049922500156,0.35752564556222594,0.2767782216383632,0.2866451298648417,0.23402710906213223,0.23408795077591743,0.24244532212349923,0.24569062407043385,0.24314404399777945,0.26783785421523837,0.2833802887593935,0.3180665545583712,0.33459297990073444,0.27088601375880517,0.3240245967667473,0.25898488969459177,0.3314242280143618,0.30935092798328656,0.272366073715894,0.24553430648043836,0.30917181110485475,0.25686063825048705,0.2807055222626959,0.3144436525772436,0.27099947081776177,0.3708423853263158,0.2946249200132218,0.2940267716707415,0.3319087824386019,0.25062020915219063,0.2988226583991751,0.3124155516374275,0.25846846187524897,0.27513189953029965,0.28592755622949667,0.3190139039150789,0.24145436603094073,0.31925931281345116,0.31095408191046997,0.20580758967642113,0.30433489036885714,0.2374892679256594,0.348154190098461,0.28351527915268165,0.2449339829091268,0.2532171828812298,0.34413831865461336,0.2687569568732857,0.2769488851236355,0.2719801076799513,0.3894629889021855,0.3057489543203024,0.30586698321426087,0.25658185867745065,0.25067759185323835,0.3130063785118122,0.288176885933069,0.2660751370950473,0.34756131921841693,0.30618241802233825,0.30847791107825234,0.300805468998922,0.289398986706731,0.2541956648074271,0.25372731891675004,0.2486118770855628,0.3541313837690075,0.2521482565238937,0.37016499457518065,0.27327425602952277,0.2413294600512904,0.3618544515075032,0.2936221750003176,0.4032014494423639,0.28071536077980225,0.2481494043440254,0.24337020384451205,0.24619077806672376,0.23656529394537665,0.27641861609814733,0.3135689756720258,0.2979919527830225,0.3062963664958986,0.26173973308343335,0.30799882675487467,0.33470830733444934,0.24920066546622177,0.29459634883792557,0.2802410687533046,0.2502551847812757,0.33425158218006495,0.45144991265539314,0.23252604460239712,0.2532383105313754,0.32535605438971155,0.24836393061681317,0.32298384571216165,0.326097496851235,0.29461056578737804,0.2547114641889799,0.3579669612999616,0.2839853498124506,0.321094235630129,0.33442493629683123,0.3491015060754578,0.2971828011768316,0.26921649912672163
0.3109682184103074,0.29290797390855294,0.3230771695058406,0.31652668733075084,0.297478389220631,0.2985529884785341,0.313936768008609,0.2775607367566003,0.26762252284890636,0.2641257196361218,0.0,0.40584282844475744,0.3329509943660473,0.2452341427310752,0.2933601460772932,0.3618749996093892,0.30089496176240943,0.2640723789315673,0.28694844831703414,0.2663355059263062,0.3378911394219344,0.3581913513246169,0.28731635757846746,0.3300474458342085,0.34852079388520746,0.3527607411379849,0.2966891302774621,0.2832759261593419,0.2745486278304583,0.28673075559217787,0.3087311935000055,0.3122616804803443,0.2727715266466263,0.30472273708782,0.28149128469632795,0.33557577929228893,0.407100324312917,0.29955431087611334,0.38645288040629333,0.31175002855045375,0.27065071938603896,0.3258281652654929,0.27709359733457484,0.3546031113300779,0.32346948862307073,0.25621172918098184,0.2060956618159601,0.4355287080319011,0.3345074557699159,0.2600177062032152,0.3498554740953617,0.25211007616713865,0.18828701570867212,0.35629815019687056,0.4155127215230667,0.2502242623843931,0.2881170950194352,0.39316076083856827,0.2707399670195391,0.2646321860147314,0.28275252118456734,0.20597817143944053,0.2737066937351958,0.2414259158192489,0.20822583254443708,0.24082389719733555,0.3634071175573561,0.29403337261129825,0.2762318117073452,0.3000967104125448,0.31374621555938376,0.22850864711547084,0.31198637263337264,0.36503882492082923,0.2836060689390684,0.21620412049291415,0.3832529616540309,0.32407195103330166,0.2469484553839326,0.22583383158896475,0.24698470264312747,0.28192880738795456,0.2952858748210712,0.26528457781035153,0.28041979743844436,0.2995045911506642,0.308415624769583,0.2588947074355078,0.23814583961625618,0.3223421043694419,0.3646705458221925,0.25214958762384704,0.3189159125472752,0.24208619675532564,0.2790538057198815,0.31842751396806673,0.20880801873823635,0.2501343317024073,0.22203692659100754,0.2703980338601117,0.2859450178663158,0.28081410546543306,0.27795344688931994,0.23326316753631646,0.27294739251929445,0.26045816865977156,0.2592267853382883,0.29295709149064975,0.25098297614662257,0.3681049078439961,0.4159617849906641,0.2979300714331582,0.3066472183124487,0.2838127245231616,0.2509341549309942,0.28848086195268496,0.22572357068861232,0.2962550943612359,0.3057482632089855,0.24794606032764493,0.2871856985080063,0.23236730324918745,0.26554671406061714,0.34010175923853364,0.23214136288298512,0.3445474368169869,0.22302788659626926,0.33890449878997164,0.28759182480568357,0.24628276756298945,0.23307675552358403,0.29857114686003966,0.28314360001598665,0.3046749309956068,0.3726130577008022,0.21279531839114688,0.25717766011365445,0.2749395634900888,0.31563694544249904,0.3166691528842593,0.24497257532144545,0.2916933684175375,0.26316796760930755,0.2997157404573548,0.39598775212730014,0.2891884038266551,0.32115959914884074,0.23860678281751826,0.27347178711938575,0.22376325787986878,0.370293840055856,0.22489854989558425,0.32745639795974696,0.27569622694898954,0.32828777026140765,0.34411172253667827,0.3158005979471108,0.3402161814574108,0.26002908788448714,0.2819523564533195,0.20285315500922702,0.26220670402568347,0.2301241292159912,0.4287120744440041
0.27247594553125665,0.29438115074670346,0.30503417156204077,0.3274928568075024,0.27408767025717645,0.30491751961011443,0.3343435857198797,0.2683466613565664,0.267856731607573,0.2587676255926171,0.40584282844475744,0.0,0.2547216819377767,0.21328202247703776,0.2778191195505059,0.3086161544288788,0.30272886681921685,0.23876134594312606,0.3456045955255988,0.25831138960087946,0.354695963625753,0.31664496572699696,0.2828980731458105,0.2955190140744125,0.34249624597421374,0.2936730855608668,0.2897666585637252,0.26535533450314647,0.26039147771816123,0.30042875502329397,0.3001525763289268,0.3005940654804784,0.287591278105474,0.3335908077153952,0.2591760122206825,0.3301829977399655,0.3015957553060338,0.2904669584903926,0.38848092534158973,0.29082368581094725,0.2999356417149271,0.3123254590430401,0.26169198675448413,0.3345034496737211,0.2903780319738276,0.25971714859466044,0.22624826808786866,0.3127294868925095,0.3039760872884644,0.28039212411814074,0.3487618688172579,0.2877360013964681,0.19497334632697663,0.3678128696562958,0.38324371562294,0.2424237123507694,0.3068803301542852,0.4072428139140469,0.2409483401472057,0.2705536971157946,0.23232511059750122,0.20625587953629432,0.2636064106151671,0.24459510397345358,0.21420786807949604,0.23228312502417658,0.2778218065549263,0.23367173444290126,0.24426238663884392,0.25048638134369455,0.2602898025011959,0.21565038102323508,0.2781442501726829,0.32025957382817427,0.27429748325366027,0.20319253499755302,0.30558178215443754,0.31542788446470016,0.238151061213962,0.20184938089325638,0.21964940030313843,0.2944506454156145,0.27391044529801717,0.2172624789767489,0.3003631383842844,0.2993752603336978,0.2484810420480199,0.2530917784884317,0.25110446811509973,0.2962413885352165,0.3531789043304479,0.29728917236074326,0.3055703776898445,0.23813917044804497,0.26506300892057694,0.3426255725447038,0.2051583325648073,0.29574624882171746,0.22443603793775097,0.2644016809634784,0.2392779110159089,0.2588821531834438,0.3211964269228138,0.2869825019735782,0.26277190944613193,0.26465908152451795,0.2767879214170328,0.27479879798076473,0.2503257292016004,0.3302515579050012,0.4962909945909525,0.3219163462306214,0.26704532092347444,0.2929866237064321,0.2426891071845373,0.28950691057513556,0.2292732875228408,0.3120629402553812,0.32142552086257786,0.24662870953114463,0.26480498704164646,0.2352859474746031,0.24779460955506452,0.30320889177929045,0.20628934569951934,0.34396490557349985,0.240526643155876,0.31110856635831,0.3118430829029028,0.23074961410405265,0.23987812339631337,0.2766658007066362,0.22216968828684006,0.3081090570947092,0.29422337375989976,0.18931780378794333,0.24321785315811137,0.2675179213730661,0.28513196398489926,0.30204599524348597,0.21251426301820361,0.27204855749219187,0.2893048138383587,0.3148542882587283,0.33690620402937504,0.33963138465162956,0.3547541057591335,0.22961980966189152,0.29508101435534045,0.23722133272675736,0.3076605626665862,0.23471568707497797,0.3212221274743977,0.2708948183110859,0.3934210249921252,0.25923060481515525,0.26651693604026805,0.3217136590909398,0.23264889855709625,0.2712682209696067,0.1836235571019523,0.23573047148968043,0.23028772793829239,0.33360574622878786
