0,1,2,3,4,5,6,7,8,9,10,11,12,13,14,15,16,17,18,19,20,21,22,23,24,25,26,27,28,29,30,31,32,33,34,35,36,37,38,39,40,41,42,43,44,45,46,47,48,49,50,51,52,53,54,55,56,57,58,59,60,61,62,63,64,65,66,67,68,69,70,71,72,73,74,75,76,77,78,79,80,81,82,83,84,85,86,87,88,89,90,91,92,93,94,95,96,97,98,99,100,101,102,103,104,105,106,107,108,109,110,111,112,113,114,115,116,117,118,119,120,121,122,123,124,125,126,127,128,129,130,131,132,133,134,135,136,137,138,139,140,141,142,143,144,145,146,147,148,149,150,151,152,153,154,155,156,157,158,159,160,161,162,163
0.0,0.877792323422214,0.7781357574273445,0.7909911312355518,0.7388935971892244,0.8801759036856409,0.7827984186634813,0.8556498294587455,0.8705092450985916,0.830233767634662,0.8623952150247057,0.7898161354979916,0.9484467895564,0.8249553971434864,0.8482831002665557,0.8990597782528665,0.9057908054214789,0.932640264696233,0.8636849193254972,0.9558970937635901,0.8801056883650871,0.8272596000079457,0.758499850156187,0.8767707443458302,0.9151912681362036,0.7674608580501311,0.734605680966855,0.8927300523575993,0.8002406802015346,0.8084794877310648,0.8993183104642619,0.9087357852392234,0.8013588517143523,0.8054517121864662,0.9268924643537896,0.7288678925393433,0.9143675606105831,0.8663861215757651,0.7706955452768203,0.856128373152601,0.7748974648693429,0.8247894880987873,0.8832610375228306,0.8990683911669457,0.882785078311408,0.8843001525313233,0.7850536089127217,0.872901375331617,0.8662733974656915,0.8496725995075046,0.8936109713548932,0.8706285837407824,0.7948580016821041,0.8371916119530731,0.8225979905302899,0.8259797039563029,0.9389346849242959,0.8050530385785268,0.907980002783883,0.8398952215137223,0.8894608617005323,0.7002407178811575,0.8739854914150866,0.6992262907659341,0.8556981670214098,0.9107191036033736,0.8373750243218775,0.8683500087366359,0.8295044439049352,0.9065548680496579,0.9041584666833542,0.8857904396865125,0.8552220934425377,0.908145111892976,0.9011348385681187,0.9147536155532436,0.7968100231781876,0.7703587387531893,0.8439744155144859,0.8683922959123871,0.8326157672458643,0.8349053181691621,0.8983606368640934,0.8604756309727836,0.8815204462705766,0.8719993670108841,0.8492187834885563,0.8713063274120639,0.896582953537948,0.7796094018448373,0.8354955882067627,0.7876710320626626,0.8438566192132573,0.9368413937980387,0.8850627062769291,0.8109735353793732,0.7613596509911181,0.7830493398165479,0.6580470942670245,0.900995505178511,0.8374886413248902,0.7954700650096835,0.7471269174019675,0.7505684763716161,0.8696754368039536,0.8608812869694674,0.83944428111089,0.8495605895256431,0.843881282360979,0.8825895626666099,0.8312305639870479,0.777469813399695,0.8872466277843044,0.7804282917783072,0.8871616351945119,0.9044389796961133,0.923203140646194,0.8256648154007484,0.8230049351440795,0.7019082820645947,0.854714751736391,0.7060220683513311,0.8539549994491081,0.9303414097446678,0.8399606986604485,0.873480877467601,0.7100183954330114,0.7753292853304642,0.8120152763133528,0.8310152202534128,0.8388776628099461,0.8343743489277529,0.8635210087513162,0.7750792190827122,0.8518086456122822,0.8498565198886496,0.9376341033454935,0.8480263481133034,0.8064945116468688,0.8412831005396555,0.851240063013739,0.8110549305233256,0.8608932190159289,0.6789090185055812,0.8500485327460088,0.8067824682801329,0.7809631288885337,0.8084737444901521,0.8629271004025769,0.6221420699670106,0.92922724593253,0.8581324096205033,0.8118139653561377,0.7223032921919355,0.8528062050987463,0.915147381118623,0.8927783355368757,0.9012492849783592,0.8614279885591116,0.8500228062908605,0.778773962494261,0.9462745270644696,0.8770780674916291,0.901438446896949
0.877792323422214,0.0,0.8701834292049956,0.8406791010006537,0.7538755860849746,0.9091174080807652,0.796321044305455,0.873876515412893,0.8446040522593992,0.9052487092316935,0.8438833059446698,0.820529193553437,0.9113898988786252,0.8864377490261446,0.8715396486679782,0.8699889002073077,0.8738990247562733,0.8405708024374868,0.8159361086288569,0.8661415955174221,0.8674062960976326,0.9051223439897403,0.7161126546132323,0.8667412891322477,0.8531127778156118,0.7387597082833686,0.7562238050665896,0.8222514198207039,0.9185629057070812,0.752302113393226,0.8917897673903158,0.870103515379861,0.9049317489729191,0.7526681926149205,0.8918740422766243,0.820766720696465,0.8455451471600401,0.8569477806276207,0.826736662662144,0.8730701038685463,0.8609016828916701,0.8113756726579773,0.7776451282670103,0.8849882507608376,0.8821897681990041,0.8336270527776737,0.7839241210865692,0.8378810080473242,0.8038183235196663,0.8421160658126279,0.8624520836678717,0.8420949832968964,0.8143732311690135,0.930222923556551,0.864172326632854,0.854619110142118,0.8540775384216148,0.8110197460750465,0.8894884220685424,0.8634132578332206,0.9058805594810138,0.7328876946333829,0.8138235141633308,0.7425457591509171,0.7944614035960426,0.818757060010422,0.8484840561385629,0.8222017968342501,0.7835347957923028,0.8343268267123872,0.8648716300106565,0.8597858509113417,0.7961396428466058,0.8968505588643839,0.9041036490566735,0.8227894318092397,0.7847929016927613,0.8260495135294208,0.7702832624463198,0.7942746478971546,0.8141486380813308,0.8299336094034366,0.9236165121429133,0.8452638720242878,0.7995139489234145,0.8830671835625993,0.7688155829871517,0.8027165587622405,0.8443490029102623,0.8372012062041342,0.8023852670537681,0.8522750503820428,0.8651948757635688,0.8575058494316332,0.905776342587984,0.8813330620461655,0.8067128801678646,0.7882586995373306,0.6890391517725537,0.9014764823536804,0.8583622483645635,0.7516516959718342,0.6877599261981302,0.7750870444357618,0.8385409635067237,0.8183055180235835,0.8312466124001531,0.8056228941495986,0.8658896207632748,0.8727695405029112,0.8080046521479677,0.734444649596297,0.8462272254523037,0.7820196277736576,0.8415877182211605,0.895999592812638,0.8402758530934993,0.7777974879674754,0.8408886897537049,0.7469136167742595,0.8452315459678904,0.7170268293563117,0.7792563289841512,0.8996422633908288,0.793597745758053,0.9268180349845291,0.7668775089470986,0.8472298242352573,0.8695955242076571,0.846725827881655,0.8607057442457142,0.8427920212603061,0.8024586956943847,0.8104531804615231,0.8484125456052614,0.8190069786557801,0.8578171136300186,0.862582040698101,0.802445222650191,0.8056262634787278,0.8624124035577138,0.8543835660415169,0.9067324867528548,0.7753579104057338,0.8517294494698001,0.7274932451026903,0.8530422172848757,0.8473624066988119,0.8541390162820878,0.6763808452710008,0.8210475856698706,0.855287188940428,0.8154182240915073,0.8362005650601128,0.8439548428351757,0.8598536706586736,0.8384413846219555,0.9037547847537778,0.8723135985082656,0.7803015617076359,0.7880606919957075,0.8566990657868744,0.9224204657588748,0.8241721181717219
0.7781357574273445,0.8701834292049956,0.0,0.7652798367586424,0.7359476682487622,0.8371217787887841,0.6704169755617128,0.8708781220096516,0.752611237552435,0.8615721040353661,0.7852900217388497,0.751683588022448,0.831872485151195,0.7534544833573065,0.7905444729934047,0.8259762094778351,0.8219769052113656,0.7877671378253324,0.7324614849247384,0.8002407501943498,0.8724620573591435,0.9135944160191181,0.642281722464723,0.7991316786543403,0.7936253981390894,0.7482725777743438,0.6793891292704198,0.7323402033587242,0.813668464415211,0.663269120061956,0.7596138743801508,0.7549258248529266,0.8133725284654602,0.6653349230841805,0.7689240728580726,0.7721527593460173,0.7636503061145744,0.8198241442567016,0.7278894812093717,0.7833544641941886,0.8291050669119616,0.7937609665147914,0.7772700667289781,0.7973198137224067,0.8264437687450527,0.7644020799438009,0.7632732108028848,0.8059215360439884,0.6966380290692916,0.7925795563650856,0.762743677597063,0.8254648495105577,0.7153796059699935,0.855755924807498,0.753682629096902,0.761905972398608,0.757167942332812,0.7993399085239534,0.8036529065263509,0.7334789301877287,0.8335019992089974,0.6561914988842069,0.8269247249812915,0.7195993367111411,0.7330554394459015,0.767216032819521,0.7527791935849348,0.8056618732892075,0.8463974434911612,0.8311833864003579,0.8252630337260155,0.725230743824858,0.7503751028546705,0.8353201837851094,0.8623175715190048,0.679756524166377,0.6989679603825308,0.7250636025630949,0.7590658196293688,0.6615330142210174,0.8003485086754565,0.777521027762448,0.8148326703054908,0.8224213600974992,0.7354059980070438,0.8672659554522816,0.736425374195401,0.6957790917157967,0.7245633214764836,0.7353708335666002,0.7595769745596659,0.7007236394034863,0.7444876976559749,0.7159072706007421,0.7959504155258031,0.8223079044947283,0.7740026737574771,0.7783125020021133,0.5977877429684723,0.7727736399025624,0.6913326851116032,0.7364499494687984,0.6731065024073756,0.8201183471594813,0.7658189072254294,0.8073187741813632,0.8000590118475999,0.8040320021524431,0.7865696776656129,0.8119281959581187,0.7158718220541753,0.7001872705622584,0.7702654436051376,0.7024240705808552,0.7611592359042154,0.8101039477311437,0.7361369249105186,0.7109856827001713,0.8715692042492,0.6664681474599723,0.7501434997127158,0.7108108704109593,0.7303066980655958,0.7588085533229512,0.6812200866391721,0.8240051311499995,0.6912186233195643,0.75766877917076,0.843653997332803,0.8092840036122897,0.7984539614689292,0.8892636085326242,0.6804781295169904,0.7030528401090279,0.8341272345888343,0.7521400955762565,0.7776827763760609,0.7684286927878436,0.8158395120034473,0.718351251849957,0.7959077657256638,0.7439615165171695,0.7491787263617955,0.7713353794812722,0.7832035953409087,0.7073257046576645,0.8405183460762404,0.7647134001590836,0.866325022696993,0.6486410938078462,0.7215851813647126,0.728822759384913,0.7591721918779738,0.8549153595825127,0.8434155515121895,0.7991497736415469,0.7256251679259726,0.835415476129425,0.7219104205844927,0.6423235348415949,0.7786093809374794,0.7108705014355479,0.8611405526650282,0.7415332713458487
0.7909911312355518,0.8406791010006537,0.7652798367586424,0.0,0.7960066939261052,0.7673691268351556,0.8791968978314935,0.8273025013025103,0.7282168976235543,0.7957687337719734,0.8711736175368361,0.8497739505104338,0.8179420335666768,0.7623116330989801,0.853125379206527,0.811250642075281,0.8266765220983162,0.7818829670589313,0.8198885109224072,0.756104733437405,0.8363562795514523,0.8291730342194658,0.8002160505009213,0.869868297560791,0.8126355246250179,0.7825287376014847,0.8307411140074772,0.8418020965501809,0.8051976735646198,0.7396292778122152,0.8131904428099634,0.7849323095142741,0.8960154959705288,0.7907629059312177,0.8039953626237903,0.7718590949096287,0.8053602438278031,0.758990497981369,0.8446452666823329,0.8970567073197846,0.8051359497365476,0.7654059885910304,0.7412203172621996,0.8356214475453304,0.8402390450168372,0.7729499675084495,0.6473366867984863,0.7786055140390467,0.8356605209673348,0.7588833327796359,0.8719403248552244,0.7719101798360484,0.6950991367842829,0.9231397007897061,0.8741662509491781,0.689877632754967,0.8086103054514888,0.8391898166690652,0.8228330732811253,0.8067506024320106,0.8384434517935077,0.621587155912022,0.7344101734419988,0.6552320090117555,0.6968117569821785,0.7220038234752948,0.8425835051194087,0.7122073279640456,0.7228308274204159,0.8239882153250959,0.7470306989152974,0.7453162724557931,0.7562308882177647,0.9047782358299273,0.7862025943973671,0.7177435775679699,0.859763701061013,0.8449185159922947,0.7202998553870773,0.6978382301271132,0.6550921301490952,0.8094205543018748,0.7944656931593402,0.7165193553997095,0.7850547474620243,0.7707961732025592,0.7430189072542167,0.7713546467305902,0.7700640013976287,0.7542963532971869,0.8625741996924056,0.7962983381725471,0.8224346617446536,0.7736376500598048,0.8544918063046326,0.7784889020283752,0.6762072605689272,0.7176867896430152,0.6114074350991487,0.8526261650717081,0.7724434688439534,0.7929396666673652,0.7887821317285263,0.7349466548459376,0.7472574769788586,0.7402294402939772,0.7738673154518146,0.7668621752453364,0.7905790587191366,0.7928155998576081,0.876991564747818,0.7567018635457549,0.7613298843899979,0.7935686958078733,0.7604629892173186,0.8514760374786087,0.7372831480041742,0.7661046492738537,0.7999559875621806,0.6903827500789198,0.78492813592148,0.7482197952330828,0.6974895017481386,0.8528377048062349,0.6643976875461758,0.848888103532122,0.7021021287197989,0.8161696358437278,0.7840675417025365,0.7348008340467563,0.6906274635277991,0.7203660294296204,0.7695179528901813,0.76815270036722,0.7809540150178923,0.6538789930709427,0.7285023019904044,0.8370624776648262,0.8073371116059158,0.8018042464562697,0.7813116632140374,0.7161151336959414,0.8718280390881838,0.7262022367907002,0.7879714709669515,0.7401277723213265,0.7529748899554403,0.7373770477963618,0.7296815176029227,0.5931816248407433,0.8374956055653081,0.7357435487612046,0.8496635549063085,0.7610869745076072,0.8473055170846823,0.8002018931445445,0.83069144346993,0.8694273237350517,0.8789992330999363,0.798948163104933,0.6596281721912532,0.7390535736184584,0.7577211274701526,0.8445024381692843
0.7388935971892244,0.7538755860849746,0.7359476682487622,0.7960066939261052,0.0,0.6665155715835936,0.8296450709109621,0.7245736977592971,0.737897719365242,0.7304660293661108,0.8072764264488873,0.8252301748611109,0.7128576117951819,0.6958631468939056,0.8132831542011877,0.7755299772990428,0.7676518033410767,0.7457362414440167,0.7582918622245627,0.7220778489689282,0.7882080759300675,0.8022466134235107,0.7876309293668794,0.8033725379636182,0.7548600593340294,0.7287253320563618,0.7897252124884011,0.7416608991673633,0.7551966922752024,0.7919580407694279,0.7802114316423666,0.7249964780546924,0.7600931503256417,0.7245671922939799,0.773418691615409,0.7617953306430226,0.7333313569037505,0.7500230390974502,0.8228344305641371,0.7953726846086288,0.7567408850742803,0.7596208873817359,0.7508779178383173,0.7895194675828648,0.7564732205185847,0.706637211619992,0.6817403257301295,0.7374093627201371,0.8029133777379452,0.7655496598692906,0.7946198517227022,0.6996687117266784,0.643049314907808,0.7917298704002301,0.8061833070098422,0.6384010736810805,0.753095794942453,0.8324068462178318,0.7574416555799377,0.7464392984741682,0.6775722931283498,0.5978727493536743,0.6752077581179378,0.7016753582792643,0.6721285625193527,0.6385661789543876,0.6990223706558385,0.674790943965226,0.7357213657888795,0.7413414375322829,0.7002576952271651,0.7230264004369086,0.6716421057068515,0.7864208856100289,0.702248260768988,0.6500769044858935,0.7624667014618073,0.8481264614238573,0.6673783344243867,0.6220790582628164,0.590221155997961,0.7578121370503849,0.7629631118638768,0.633488148614419,0.7289296565664861,0.7211745013032976,0.6566891536445444,0.7455370046270471,0.6839179479446975,0.6798666825906637,0.8993435056197806,0.7581743104385597,0.8166906395841578,0.6836753102982686,0.7626617967986081,0.7322237365680406,0.6067493888913912,0.6716711100636874,0.6420042084804473,0.710966036137194,0.7073459632752074,0.7220096687626851,0.7512486373190869,0.7247878458712665,0.7014018731687367,0.7015842703063094,0.6909838962420605,0.7227304433555362,0.7354382875497354,0.7208253138893984,0.791635664874139,0.7919706857782608,0.6371770833076361,0.7451231627476239,0.6857605774282383,0.7606656587318644,0.6683211496005235,0.796884448718909,0.7046964658198145,0.6448037606751881,0.8486877063224841,0.6664679871665148,0.6486267585650896,0.7634340811965241,0.6415219069622364,0.7605172702263119,0.6465791005650261,0.7805049836003478,0.7163943413532262,0.7108494638902557,0.6806128425897681,0.676862160996795,0.6637088075322835,0.7114861648544295,0.7263188806879798,0.6464453652672221,0.7169381382867052,0.8141218067674274,0.7759529504182884,0.805072734190775,0.6676000812542856,0.7041286043216313,0.7798335890026321,0.7344779203273318,0.7575062832722186,0.7600091551309184,0.7890253121387512,0.664001682941037,0.7248947040499855,0.6043641846692005,0.7542423558393992,0.6785060023446916,0.8410531745912243,0.7803643579047054,0.7799473160619786,0.7120999899241157,0.722870816565603,0.7585484918342356,0.7454914399223614,0.7124437117566608,0.5935561195032674,0.682295863364528,0.7324990227572078,0.8087633660644594
0.8801759036856409,0.9091174080807652,0.8371217787887841,0.7673691268351556,0.6665155715835936,0.0,0.7014026653570599,0.8658793878073576,0.8498347970099688,0.8421847283682864,0.8098594945338002,0.7716170318833585,0.9011792090893708,0.8179208540998194,0.7639284706147897,0.8507734537069992,0.833070366886815,0.7841980018653091,0.793154877381396,0.8499993944300748,0.8463797206051213,0.8314815699882465,0.637082636088613,0.7783055565617277,0.8459180319328413,0.7111607942592677,0.6517142579489708,0.7821416903693292,0.8237055328583628,0.7208771394661054,0.8547860512627224,0.8739021601848448,0.8085458618516538,0.7234342266546915,0.8456996528063444,0.7480861458112412,0.8516063727537274,0.8194159731015446,0.7496842259993577,0.7519600911530344,0.7580404442905725,0.832617659511753,0.7639259671940667,0.8749879410720235,0.8225488611600844,0.7793932509968174,0.7550429450828929,0.85445786114929,0.7329150385845572,0.7818859091364488,0.8167555248076569,0.85257614179768,0.7715634160167821,0.8606083583254511,0.7953205912810883,0.9053389963743457,0.8198081365762009,0.8044831310694834,0.7989010608883684,0.7760022484169886,0.9256554353959673,0.7418818315687755,0.854192248462292,0.6824651774416534,0.7764423919680158,0.840534306496849,0.8135845618036308,0.8476492352791847,0.7441515316491544,0.8522865676751229,0.8825044567382896,0.7865118079159524,0.8479642805624547,0.8419478003782365,0.9096883733816732,0.8220455486599189,0.7445480717029989,0.7356229369916194,0.754594270423808,0.8554138265186461,0.8883995641165751,0.8141385560968565,0.8796975445199529,0.8722834286167787,0.8061750748349409,0.8449032481571771,0.8597672534514343,0.7611075584640704,0.8206845122753845,0.8140611113005563,0.7473301519337362,0.8076148454768854,0.7764912162682113,0.8454135994003452,0.850845981763412,0.8706810371198056,0.8370121823570034,0.8031630869805537,0.6738983859147231,0.8503438663807215,0.8065628377056938,0.7555609518891085,0.6771925157272584,0.7397917071285902,0.8362164298547671,0.7923363147683707,0.8116746581089797,0.7851195516645421,0.7637234745709937,0.8616615769394798,0.7814166799290387,0.6969858822237646,0.9298030853793364,0.7569487558150653,0.810021173673131,0.8363638207103296,0.8463920381559419,0.7221569301418975,0.8622952966597836,0.7457829598724071,0.7534659392828877,0.7325754441646648,0.8180368219125973,0.8576499879022145,0.8277663037986933,0.8677437442491761,0.7563635342842586,0.7758903094047227,0.8328391745975247,0.7593858402007051,0.8752727964096152,0.9110948203100661,0.8141631047234176,0.8111367790138356,0.8340005647012391,0.806282169809449,0.8346420029334007,0.7413077557868278,0.7042740819591117,0.7404354242690379,0.8442043734332207,0.8586162225333172,0.8243529965110029,0.745862876378651,0.8277252416111683,0.7124066953196876,0.8187456528053941,0.7954874334005836,0.8340893004115426,0.672226120948733,0.8227994583140084,0.8258905208173681,0.728432754377672,0.7013484801270456,0.8220362138654341,0.8590078243263665,0.7998182355079192,0.8913732052527827,0.7946246277753936,0.7711923348980898,0.7666102199398956,0.886463465672566,0.9008799016526664,0.7974081554736074
0.7827984186634813,0.796321044305455,0.6704169755617128,0.8791968978314935,0.8296450709109621,0.7014026653570599,0.0,0.7268850540235237,0.707453043137151,0.8086263634606389,0.8565981170740056,0.859577045377726,0.7823509033982192,0.722052343187438,0.8518192643220203,0.7930335066587716,0.7835893267066601,0.7745583698106835,0.8303008052461962,0.7294142996314719,0.7595893808560857,0.7649227988137567,0.8849715796856459,0.8585741537569642,0.8278308474296032,0.6953350605964792,0.8604635949052529,0.8414498557343709,0.8107677707518672,0.8376608033057243,0.8264311120171193,0.815331315224135,0.7909775803527666,0.8063689912293102,0.774572496293951,0.6915337946218456,0.8128919010670662,0.6889355792413414,0.8595543585795927,0.8733278081450522,0.7029467439947359,0.7373054223611112,0.7336259408723034,0.7982070053637653,0.7775213533037316,0.7546873163914098,0.632975741332229,0.7526199437057782,0.9309470566829112,0.7115316886550522,0.8623843330304132,0.6665582965786941,0.673085668899248,0.8253541650020083,0.8898823564889738,0.6580652118970858,0.7984427185193109,0.7806520424256614,0.833149044666025,0.7926641853960921,0.7555503474391002,0.5877539866710138,0.6464570355067976,0.6129199069183535,0.6807510121481538,0.6810029594479957,0.795151087209031,0.6960614128718337,0.6732583980696695,0.7662331780589153,0.6850917342186026,0.7478846739160613,0.6728297996603585,0.8535606183059358,0.7047185512044386,0.7685199438187522,0.8982014946421978,0.9054898469942732,0.6546789290414755,0.728823615065247,0.6024224116155118,0.7273250845687458,0.8190059028290715,0.6310877338476386,0.725983735569245,0.6749544965070798,0.6948398841834202,0.8157706457890836,0.7818055282776067,0.7120094969644349,0.8200680087543298,0.7840713966818349,0.8622898685197966,0.7838568751945086,0.7749972796799852,0.7492055182498988,0.5936033141759395,0.639627572489732,0.5908844450823152,0.8019361007517303,0.797084428328395,0.7854321451410536,0.7318195797288738,0.6853888013059609,0.6790267594438548,0.6848503812135777,0.7168220586817445,0.7232326710466108,0.7721441166119651,0.779930754899331,0.8923056392096539,0.6990435469911502,0.693327422682349,0.7830805902530956,0.7020164617952693,0.7828506667970155,0.7352944445484734,0.8740801393844092,0.6904878881901961,0.622929602531291,0.7751649150663127,0.6412185675249534,0.6486575319165466,0.8860057457834446,0.6515659712627789,0.8424321744774292,0.6302213644993974,0.7945657702763926,0.7012155967653086,0.695173941981586,0.6624784240667724,0.6285974677246662,0.7680573939070537,0.6840956942258439,0.7216309809963671,0.6425766003176973,0.7438813831739256,0.8092939541956076,0.757770072779282,0.8525344014187599,0.7231071456572528,0.7069546561489868,0.8571036652538895,0.6355792497631152,0.7671797250315007,0.7223817351438092,0.6786861523991358,0.7455446005489431,0.7031274238071893,0.548243927127276,0.8205946279949039,0.7541060901042235,0.8310597035812264,0.7417911775419205,0.782734142578519,0.7748357883955932,0.8673876094035606,0.8328206284406688,0.8634551579639952,0.8717543267064191,0.6221084945179164,0.7433930541597078,0.7096641119092824,0.8283649223275344
0.8556498294587455,0.873876515412893,0.8708781220096516,0.8273025013025103,0.7245736977592971,0.8658793878073576,0.7268850540235237,0.0,0.8280751847133346,0.8443139268529631,0.8187584126201128,0.8279013361210269,0.8967922422289848,0.7919969150746398,0.8327830551370856,0.9018285319803497,0.8769103108197186,0.841353028752306,0.8215284142996394,0.864003139840385,0.8770453546544879,0.8365345888687371,0.7232936761079876,0.8127288883985878,0.8481822974650784,0.7927018533234905,0.7680621655899826,0.8298779736839786,0.7965048931200177,0.7717294645196034,0.8855084169582493,0.861257502034134,0.859140340193574,0.7778975108194351,0.8307669877374602,0.8251749722609665,0.8354090321877993,0.889901904612814,0.8072758771685624,0.821080740016349,0.8358627049677223,0.7663811335369899,0.8624591419237718,0.8246809006277234,0.9327366168141968,0.8690511206434652,0.778331058568974,0.8074773100081958,0.7762714931372505,0.8625298026715785,0.8651423059851228,0.8517843072607677,0.7539205900765673,0.8747756383512253,0.8394558845899893,0.7745831330122938,0.8576384727002879,0.8929906892374738,0.8211876707433745,0.8526726954140372,0.9000982650014225,0.7409277058885892,0.8733797953705168,0.7249674740297547,0.7647867691959054,0.8382291630383153,0.8015767184696356,0.7979813264259401,0.8503405526825624,0.92662476592023,0.8561983700562036,0.8076884893763561,0.778854556813245,0.9045844536049619,0.9221100624549017,0.7787869402755455,0.79664726166512,0.7703457172760534,0.8614361632986295,0.7175854815897669,0.7702482752498158,0.8300198952708501,0.8527124799291915,0.8688298096708725,0.838174812904895,0.9082162650303734,0.8267912553037332,0.8225334530051966,0.8647614637637078,0.7864958887565102,0.840006925204553,0.7958284486058687,0.8279288505265878,0.8127008763956735,0.8165714262037899,0.8221989392107064,0.8125281503054175,0.8048636357816417,0.6438353977129044,0.8885152887733797,0.7738910695645379,0.8700091508475194,0.768760936114305,0.8041791803930866,0.8778106421893012,0.8901548389114702,0.8922015854924374,0.8214899338657948,0.8427914137147462,0.7980738304443027,0.7795154491144174,0.7764249275235303,0.8019594332912264,0.8152709191987042,0.8609859319707978,0.8820505319376739,0.8183934474576742,0.7702363673266854,0.8145841261784991,0.7254344224787387,0.7954707206103935,0.8560757317508367,0.7524248087373414,0.8477336708435399,0.6927484117155516,0.8870180041205076,0.7610755805437289,0.8745397956249523,0.860996117232255,0.8280375970519943,0.8457696498284482,0.8795352422659205,0.7922657553351226,0.7471001783122411,0.8225804332687873,0.7380602839115648,0.8476307504353563,0.8210472068592137,0.8293873829967081,0.8475125172268101,0.8166037479019856,0.7933866795011202,0.8313934619823174,0.7627431628962065,0.8112065668826355,0.780007714397283,0.8374014780398951,0.8101946760110268,0.8616928754204609,0.6715260579780729,0.8429234778931549,0.7800380362605036,0.8121634606527934,0.8087147956142229,0.8850129183505823,0.8564726594844995,0.7837552233689716,0.8917424365961711,0.7667633331562225,0.7576436586504989,0.7459874763720885,0.7818065218653634,0.9089968823300327,0.7810490488292254
0.8705092450985916,0.8446040522593992,0.752611237552435,0.7282168976235543,0.737897719365242,0.8498347970099688,0.707453043137151,0.8280751847133346,0.0,0.745490476657433,0.7748209111067508,0.7390145424496265,0.8225103574933061,0.8062436655178239,0.7932708510351101,0.7836252695599883,0.7645877358848486,0.7919510277245332,0.7477892012375554,0.8213462632486153,0.7740570174460717,0.833982015520913,0.6425093480237071,0.7464659741558929,0.7785464610407932,0.6755903870076038,0.6847534535016065,0.7354681235636168,0.7383779820728249,0.7640578088846037,0.8727374868947041,0.7997858513843049,0.7732019766329145,0.6788698257481267,0.852718915376367,0.7339331758213531,0.8088602267912842,0.8194741544579282,0.7570411945491938,0.7246824795195312,0.7245699509718796,0.8298194545811559,0.7473551736606097,0.8119542002300051,0.7839451500546294,0.7441576612353908,0.731705682617707,0.7754072740049702,0.7238400443074505,0.7948848339361079,0.7899856758148616,0.7697999333795484,0.7493165525259562,0.7877710235975057,0.7491093831806662,0.8487429179099788,0.7968426505372844,0.7829309489020183,0.7665677702841115,0.7659382236149992,0.818372376291569,0.7225084392379895,0.7843033265662172,0.6893721372922686,0.7818552733750193,0.7663248361157763,0.7754110229530191,0.8196314056907014,0.7466063029839294,0.8379918724028178,0.8746249680045813,0.7903884311494922,0.7980102527961713,0.7877714515024425,0.8351543493532639,0.7687618822166982,0.7155269481495077,0.7151019158609038,0.7121520450641695,0.7423423712504083,0.7507418545785288,0.8759382584808669,0.8674798878792795,0.7748825978070851,0.7611755448525137,0.8208466259385443,0.8081415243369235,0.7865500377758952,0.7699029037024655,0.8280550191856867,0.7944462647568777,0.8268913243675434,0.7681101272865682,0.7895720100862806,0.8540334107857573,0.8142330006194497,0.7866144883928918,0.7225418717293839,0.7105113373864667,0.7830720445108578,0.7856060151998915,0.7229266015059114,0.6646905476179354,0.6837508664115001,0.8258025282524133,0.7412863944432876,0.7249586505689084,0.7200657398541614,0.728449339801935,0.7697042818839961,0.7277719415947115,0.7300659119578575,0.8166459835555011,0.7678675370898737,0.7628188170830442,0.8031043342695061,0.7619035281640085,0.7167743161207332,0.7156343987884111,0.7484094999431475,0.8079928801705064,0.7329888727385453,0.7414260511660069,0.8076834639874076,0.8325175413257401,0.7765714698618423,0.7338020443223014,0.7750001819562976,0.7198063014888494,0.7608686511631316,0.8732615408373343,0.8206629798113722,0.7842212860732822,0.8436661032409285,0.7888915467047497,0.7901837869432256,0.791917324713575,0.7579028448977989,0.6890491747853165,0.7660290435342033,0.7741886305299709,0.8081513883196657,0.8327982109034852,0.7684900470850597,0.7757709448101929,0.721039216963283,0.8869974637436125,0.7241247858888834,0.7573221883375211,0.6337722157256802,0.8173465801668057,0.7687728950207782,0.7545771862958962,0.6984597681453559,0.7418258381354158,0.8394961683749923,0.7631875733950632,0.7942138379140655,0.7732707475206533,0.7310643708175775,0.6776731299383719,0.8394077318466713,0.8733052557143417,0.821583421562481
0.830233767634662,0.9052487092316935,0.8615721040353661,0.7957687337719734,0.7304660293661108,0.8421847283682864,0.8086263634606389,0.8443139268529631,0.745490476657433,0.0,0.8416545079625245,0.8251089562980659,0.8850419316826763,0.7807256139016651,0.8352164249983823,0.8789637013497876,0.8516626328581481,0.8388688192921006,0.8175976576482435,0.8124320910602834,0.8193353521333925,0.8456853194000759,0.7612586121749403,0.8288724772742208,0.9029668420641697,0.7012932032613034,0.7766546705089302,0.8328102232282053,0.9275523297534682,0.7885287168316076,0.8422038221159783,0.8747951105393884,0.819605194541158,0.7489320031812784,0.801017611764309,0.7331407673813944,0.8422654868225672,0.7886165787845905,0.7773617223591852,0.8373869599627013,0.7710512301681279,0.7741433823991579,0.8034442367161752,0.8208521284737517,0.8387595379937981,0.8107858020688078,0.7495334503239529,0.8217079934508577,0.8369843453009076,0.7607294155861738,0.8234098951078941,0.7511278533391277,0.7376571307526529,0.8449652294698314,0.8611927233480543,0.7636208087668913,0.8040063735365401,0.8080114386029952,0.8801896230265129,0.7891926076659127,0.845847793664866,0.6510644431322945,0.7634533018513673,0.6746305059519998,0.7263204762412937,0.7724395329453544,0.7767691266768766,0.8051345924602692,0.8172634168051613,0.8601020346742909,0.7654444491394014,0.7878793049125797,0.7104803366078858,0.8681183290475729,0.8453354421981765,0.8149857742003243,0.7904331701516069,0.8284731124050241,0.7412722590246542,0.7610621934915953,0.7724427431425208,0.7129114132790888,0.8975445675396946,0.7897313131057653,0.7358092236865075,0.791647706610402,0.7508536900064899,0.798974449871746,0.8435174998729976,0.7242786204170714,0.7654752308416122,0.7514288721642296,0.849119642752624,0.797811214563593,0.7721124465365253,0.8653204411148364,0.6912591107969935,0.7407521089622796,0.5895731647194127,0.8322342023015191,0.7873537424909299,0.790618266961488,0.6892595352178809,0.8333786249081915,0.7502079447284995,0.7836934701635875,0.8023966040728964,0.8256259990726521,0.8330377983300804,0.8422184884313486,0.7926222249043225,0.6630018095478463,0.7701719511963036,0.7767720902179521,0.7773124868139347,0.8195908248974753,0.8267573840760074,0.8530135742835171,0.8121134279805278,0.659539185639264,0.7371849143729287,0.6846648413615453,0.7112712913466612,0.8719667539934206,0.6900179731022825,0.9396629428331366,0.6521494944169824,0.7863054700886076,0.8311741734132374,0.7964410611575902,0.8159084175816905,0.7678268245039613,0.7617226932171433,0.6604197568547676,0.7852957714832514,0.7424640113646642,0.8498819080184652,0.7950239951381964,0.8140871581197445,0.8165327642222792,0.8435785202587252,0.782029813991468,0.8007594302774981,0.67553069315389,0.8097135571330881,0.7184190386922685,0.727271293910961,0.8603554478194019,0.8880171329269354,0.617670561603685,0.7751486794890289,0.8470445808578188,0.7713120060445106,0.8286408227775602,0.8635135231879452,0.8243813382557468,0.8287989403311655,0.8969997692516578,0.8124834750983417,0.7798643008705923,0.7922043069528004,0.7936980031690819,0.8545834442274676,0.7605145586686556
0.8623952150247057,0.8438833059446698,0.7852900217388497,0.8711736175368361,0.8072764264488873,0.8098594945338002,0.8565981170740056,0.8187584126201128,0.7748209111067508,0.8416545079625245,0.0,0.8891117113568756,0.8876499304362893,0.7763002793570943,0.8017050196713329,0.9124033982123476,0.8633673093466969,0.7937179920998153,0.841497442330981,0.8470561492879176,0.8612603385894854,0.8626961131310126,0.8162071622380385,0.9107897802995096,0.9237992030277113,0.7988928316235893,0.8233356003302835,0.8899859531309514,0.859299198379357,0.7960350387045384,0.8504140393038021,0.8534836339689406,0.7688520387414328,0.8390294234288673,0.8649740097294859,0.7338660785283361,0.9327408853576904,0.8010309494542915,0.8734846295815331,0.8664399713112193,0.7109861334872436,0.859803817727274,0.7754350972243844,0.8960023065813519,0.8608554645423697,0.7448424852921557,0.6297253405337858,0.9237736537147236,0.9060649517467508,0.7378868226847545,0.8344091115062837,0.738249198852573,0.6444733437858959,0.8728788199164085,0.9079287705071581,0.7405008431441008,0.8312756852426596,0.8608929760472165,0.8312339656680591,0.7683155802024576,0.8743167056823065,0.5908624027426375,0.7189528872481148,0.6917125597766969,0.682047516113497,0.7319773322938261,0.8951027365933364,0.762673962838205,0.7541223875923654,0.8860240187808194,0.7639121168603452,0.7748198322629817,0.8337907193124758,0.8998407178605736,0.8004842208582956,0.7561852581823579,0.9053720491276944,0.8737480620569936,0.7074635974385522,0.7964932498283941,0.6758743271745479,0.75551502506355,0.8296271196515795,0.7507894241590619,0.8092321580536409,0.7779461366900847,0.8711215195827785,0.769083002193889,0.7715653113184241,0.7988977454163981,0.8304343224798709,0.7397206614952283,0.818802369186885,0.8000645676921183,0.8293794196673342,0.8300622319663078,0.6543378567734448,0.7302650536993726,0.6251812459841958,0.8103326019416137,0.8473696285487573,0.838865905880434,0.7343523160987891,0.7173966775323051,0.7305652558155917,0.7409738676203397,0.7518128746704662,0.8471660787964095,0.7345882794532415,0.9127965406876227,0.9278805309939201,0.7751094699245227,0.829227114489456,0.8770960590310969,0.7329378318506606,0.8378253692371999,0.7594158266715263,0.8771934032526094,0.8346213515407658,0.6864450283818159,0.8293599339261415,0.6718639390604195,0.7953795364743682,0.8675085475994361,0.7625280739790872,0.8769346664250528,0.6453009868213393,0.8239157827342961,0.8045789818104823,0.7219971190657978,0.7394444185812598,0.7612698252109711,0.8812322397230075,0.7898463254976397,0.8895516010506844,0.6847779030569613,0.8116289965476988,0.8128113276447342,0.842084377758192,0.8116519111877967,0.7513153118729862,0.8091488963810096,0.8122944227362341,0.7052443680713838,0.9178896356351329,0.7785884802397488,0.7458456299354893,0.70533538187529,0.8156185247100465,0.6293291542214989,0.9117900231912666,0.7264718272312998,0.8656787678373556,0.7201716341915982,0.8639464043462943,0.8930994619124469,0.93062862608981,0.897802234114212,0.8729235955236114,0.8457724335178531,0.6365248184340117,0.8204309504324256,0.7630180289045079,0.944914629448165
0.7898161354979916,0.820529193553437,0.751683588022448,0.8497739505104338,0.8252301748611109,0.7716170318833585,0.859577045377726,0.8279013361210269,0.7390145424496265,0.8251089562980659,0.8891117113568756,0.0,0.7907538115699362,0.6994953575781949,0.7819899984550225,0.8841773788366313,0.8531333836184728,0.7395456710092774,0.9045162926043007,0.8073626309870184,0.8694993418674949,0.7774509155328728,0.8634381938212639,0.8590315165689044,0.894291001488161,0.7462001382454199,0.8126153362398966,0.8682008216790436,0.815530989332681,0.8522338754032434,0.875708485021812,0.8565839100300839,0.7601098768900023,0.900637637370024,0.8145363932685966,0.7940374792441052,0.8187004851619681,0.766961975251644,0.9148397721275285,0.8122602973131778,0.7400150697559333,0.8110768848912057,0.7849100168320235,0.843763840420073,0.8596896465360723,0.7581952614935024,0.665075071098365,0.8109688062051538,0.8884181678044301,0.7647869689223333,0.8464766986314922,0.7346863089029498,0.6446647232459248,0.8633994939699098,0.9161214955180454,0.7001238302263538,0.8261523283903618,0.934118665929539,0.7820119217149535,0.8054077900908466,0.7859128742244759,0.6129820173352009,0.6991495020732551,0.7064732307403693,0.6651930074019854,0.6984575375715518,0.7672215479135751,0.6616201590604305,0.7061647119175735,0.8069753891864272,0.6943416038943889,0.7389902525537432,0.7359542734354578,0.8587017330583407,0.7753566688105749,0.7269065313406843,0.868080520656857,0.8694040280791557,0.7184862204760738,0.7082000748886321,0.6251501397575154,0.7501642463473261,0.7851537773213897,0.6883697248806672,0.8276878503229363,0.7584585572061345,0.771792490591163,0.7716549923856216,0.7843465355084887,0.7435958950527851,0.8435436873664096,0.8204399143619826,0.8503071438312941,0.7706623611483985,0.7450755398269993,0.7847387002869937,0.6512466679050581,0.776933379075461,0.6379411116430254,0.8034901280794677,0.7754368163249515,0.8522346024583828,0.8036793029586893,0.7747817332129305,0.7387115419991959,0.7537613055397226,0.7921533115463386,0.8282018347086746,0.7434223764245884,0.830704574636798,0.9408699203581018,0.8021989483103308,0.7154813916353927,0.8470462282734907,0.720114633120243,0.808372571193057,0.7661386933952427,0.8853643648060979,0.7899426382563487,0.6619444808876105,0.7899475495803105,0.686985799936274,0.7375220045820376,0.8363505689898053,0.6599874565685846,0.8623913588871708,0.6779097991371138,0.8587298954588007,0.8282787357114064,0.6699786760516937,0.7398799438025072,0.7270582837888133,0.757914008979232,0.7397466920823375,0.8079793933377631,0.6238976062034902,0.7944169587143552,0.7821013512546134,0.8063894584352971,0.8728276706118638,0.6825213989908971,0.7821979087826159,0.8309815003341074,0.727716039618593,0.8363926603580201,0.810465261488382,0.7554980916623714,0.6973562019611963,0.8235296568761958,0.6660509310315611,0.8675832777437683,0.7175963561618579,0.8878594751492829,0.7459214598012299,0.9073294456112145,0.7785013607204763,0.8111957869236384,0.8611141898170738,0.7619021704395349,0.8133440381873916,0.5955409957190211,0.7568278304785173,0.7811751146925624,0.8303500351089923
