0,1,2,3,4,5,6,7,8,9,10,11,12,13,14,15,16,17,18,19,20,21,22,23,24,25,26,27,28,29,30,31,32,33,34,35,36,37,38,39,40,41,42,43,44,45,46,47,48,49,50,51,52,53,54,55,56,57,58,59,60,61,62,63,64,65,66,67,68,69,70,71,72,73,74,75,76,77,78,79,80,81,82,83,84,85,86,87,88,89,90,91,92,93,94,95,96,97,98,99,100,101,102,103,104,105,106,107,108,109,110,111,112,113,114,115,116,117,118,119,120,121,122,123,124,125,126,127,128,129,130,131,132,133,134,135,136,137,138,139,140,141,142,143,144,145,146,147,148,149,150,151,152,153,154,155,156,157,158,159,160,161,162,163
0.0,0.8453501941847288,0.8112902038657115,0.7997388286479952,0.712522595264359,0.8918891777189488,0.7827695223450262,0.7954901070174557,0.8876356653523017,0.7753952718383254,0.9089543639597061,0.8200448808673753,0.9302012036502296,0.8104331655311241,0.8524231941060307,0.8590775265565178,0.8582935565557362,0.9228279397659056,0.8395002593587956,0.9374657848636935,0.8625408926635451,0.8790114017983197,0.7282522478159815,0.8613078604381649,0.9162397449057635,0.8446258431905564,0.733003179828933,0.8791918111709524,0.746691631020769,0.7749724172263865,0.8835599319936589,0.8898154765957114,0.8105281140751336,0.8539163747592422,0.9035938870650517,0.7646729591087252,0.9394647170277692,0.8748619684676185,0.8093018365712931,0.8137847709426974,0.761599690957284,0.84722010377649,0.8356225560523421,0.896604313266783,0.873954733176609,0.855768504124216,0.7237095532090119,0.9066645497436906,0.889056619827665,0.8201999189697194,0.8591947155118954,0.8663642593391103,0.7341936578042991,0.856331334400692,0.8341770883013947,0.8404745370387701,0.9212485001125668,0.7993529401040393,0.8053281673067675,0.7924501417525667,0.8586811375854857,0.7177022745522372,0.860458166051827,0.691438046340369,0.8563168767569629,0.8974944987531527,0.8921992290237452,0.9035358523323789,0.8220124282158533,0.8386441791359528,0.9249158946583845,0.8244486625495712,0.8878713756194454,0.8833283046841597,0.8759070647985386,0.8991775052063935,0.8166341994620756,0.758199649874327,0.8385794665682056,0.7804343627595027,0.8522416570319501,0.870446923939682,0.8659046416867432,0.8764685230960035,0.8854972565148915,0.9137954646567581,0.8465558445554121,0.815130322027829,0.8583361966279341,0.8832547527682627,0.8171276401849609,0.7800094722637677,0.8000766390657973,0.9216361498087651,0.900905688068369,0.8765637284296555,0.7832109954637952,0.807133364106121,0.6759851946981943,0.8705191706405947,0.8586306000770756,0.7435256000931527,0.7495710773784642,0.7331381425677284,0.8388694660367422,0.8421904625039811,0.7863961640391978,0.843763737333329,0.7906757706154504,0.8716317246284432,0.8813791322566512,0.836249594510181,0.9190849092195759,0.7912117997012996,0.8778803069422181,0.868884325142837,0.8353232339961014,0.8212669084703044,0.8238155846045636,0.7738669804310886,0.8076214567470051,0.7206122990188346,0.8493730693351698,0.9051171173117203,0.8173693238459753,0.8603356066518939,0.7183175528095449,0.8037755202056627,0.8092344236915426,0.8475881603064908,0.8179202104786985,0.8258693960832637,0.8507067490540454,0.8826428530226041,0.8979962804059126,0.8495001132603139,0.9020707889566164,0.8424459692220968,0.8203570869168139,0.800916464673304,0.84586105325324,0.8314777635718603,0.8515091826936763,0.7635706680140105,0.9118344478639997,0.8659230504304243,0.8536046103245507,0.7794178581968769,0.8501935994858625,0.6133920316194602,0.9141000793268277,0.7822815230257277,0.8101152453824609,0.7081179075490843,0.8512404139327393,0.9117905860861832,0.9111843521554014,0.8668184912861463,0.8312115211409006,0.8746405859273603,0.7611745962026323,0.8683423813857674,0.8956576380554194,0.936325085408244
0.8453501941847288,0.0,0.8354577658071931,0.7895486015861809,0.7153734504399877,0.8561591835009195,0.8407768809056889,0.7134666728143491,0.772984059546149,0.9060001673399825,0.8396177184161991,0.8471285547624791,0.838361266552135,0.8459774748032048,0.8210500782056793,0.8014706694233481,0.8628941727194387,0.8200596887186488,0.8130266496136055,0.8392473668998024,0.8279350619597484,0.8767960016197963,0.7785877350412606,0.8792009224286257,0.8767771650974473,0.7489729326184563,0.7492820785832656,0.8418122931323879,0.9163380368718208,0.7333816891906968,0.8064847232358561,0.8229174106541595,0.8396646057141256,0.8204230145934076,0.875935563294774,0.7967604285852012,0.8059402697262658,0.7998800678175154,0.7759637381717047,0.8664295310389499,0.84796473750854,0.8446179476799729,0.7034766425783499,0.8530396291894611,0.8079369374697442,0.7830906500123107,0.7617357690640896,0.8165994514257402,0.8702921145504414,0.7618189231043195,0.7737294088305302,0.8265566319916201,0.7927163707326853,0.8694585417058571,0.8201319616485584,0.8683025559892039,0.8085931414168422,0.7460666052714099,0.8334368613084032,0.8010924431131973,0.763018432950295,0.6720056069744151,0.7339023153293401,0.756561701770932,0.7434175199245426,0.7383356631186858,0.8000395012519435,0.7762527708046653,0.737129001514019,0.7089119004260342,0.7773696540942863,0.8105203266615195,0.7650114853700932,0.8100922732593829,0.821802701505266,0.8185224028838832,0.722139290092677,0.8031116823569302,0.7222225543462206,0.7378244881018347,0.8251027265322517,0.7525911942921181,0.8599495751465419,0.7959564290653511,0.7709624667466191,0.8759047836659528,0.689807112996612,0.6983482721976059,0.7936363320528883,0.842965996578093,0.749016171315525,0.8157133304059099,0.8236221576149618,0.8265451343721603,0.8553638047135776,0.8836062830600946,0.7021007347883891,0.8558433057657077,0.6964559299778422,0.8459273888103355,0.8335567070163075,0.6332369272806211,0.6682708690501412,0.7932586422180912,0.7355845285761794,0.7720872151407627,0.7296634201157144,0.8910643762657225,0.8444012060978229,0.8877691194946467,0.8492671514105992,0.7383220287259159,0.7977779875541122,0.7254277112582617,0.8002913919287665,0.874661141608032,0.8478837730792592,0.7862106734991422,0.8568117490739275,0.77685530631854,0.7753341705767306,0.6304841840007825,0.8040640165349329,0.8572167499452428,0.7618230380472035,0.8818058650125061,0.7101354901874061,0.7637542054232922,0.9062853715126836,0.8053656391487666,0.8579063347183786,0.7422028816758731,0.7138172398367552,0.8239756476950036,0.8137087728404454,0.7976586638984509,0.8684927021294484,0.8566325068003149,0.8274908108740304,0.7261602033167243,0.8096410174953635,0.8365892337484968,0.886799441046418,0.7508389186522949,0.8626680579183202,0.7705941123736917,0.8110811941439102,0.8211627855259092,0.9003150599853739,0.6997431566219443,0.7479924820306374,0.8623519156532067,0.7978071191198061,0.8087436102152595,0.8445504883339506,0.7686608758635,0.8332756561671805,0.8422658290332681,0.8441921319540397,0.7642914037496761,0.8375861085141876,0.8253360938927495,0.8891412381970569,0.8262848503678908
0.8112902038657115,0.8354577658071931,0.0,0.7943936455722248,0.8137553864668738,0.8826899401122978,0.7817994130569059,0.8085320949226981,0.7458432471618072,0.8545452066797572,0.9128053102736817,0.8924473182359626,0.8820256500911592,0.7067950942802724,0.855078622375057,0.9373938247392867,0.9050309991816994,0.8236552593220351,0.8137038191915559,0.7820992507712485,0.9401831727832997,0.9484060739456126,0.7137209256220863,0.8623204576008613,0.8510658905534793,0.8647871154974967,0.7393029973863495,0.7817138385559868,0.8086802434917687,0.82018792402948,0.7981995104162878,0.8737589753224829,0.824883877071439,0.7609944439194111,0.7221471008700009,0.7975727080052539,0.8620233647768544,0.837885047022997,0.862743846861229,0.8199801044486248,0.8231027647393041,0.8248107687031698,0.8584927188673053,0.8537443949582405,0.8401581173476366,0.8478950411262244,0.7812160630166788,0.8921169402850698,0.8164209035261303,0.8266692635989413,0.8769515503201387,0.8516132110799493,0.6881709064618045,0.905922988831519,0.8726123658717236,0.7445120076495089,0.8430225727409965,0.8906257952543295,0.7385450873385876,0.7779541957815964,0.8232873921159559,0.7187611952804325,0.8696213809743583,0.6594739279403885,0.7424516273499279,0.7973769055785193,0.7886155862820153,0.8878361387655699,0.8434470907757341,0.8132650152537103,0.8691721216693357,0.6840413656565664,0.7211705757420954,0.9204114509100224,0.8740263492605663,0.69541101782423,0.8700116115411656,0.8631083581797835,0.7968853403627899,0.7126159135264883,0.8375753062596571,0.7956113030919356,0.9051696060656661,0.8129394251336358,0.7878247814337379,0.8654100312816737,0.76609366801432,0.7365194797523177,0.7716648338352132,0.7917285823073293,0.8496976276302286,0.6990186516665011,0.8588398429433625,0.749981925917676,0.787640080458088,0.8712068212685826,0.7562159100155609,0.7401909181453048,0.5834222455040876,0.7821386978244241,0.7281468355276645,0.7833862868874675,0.7016173102974604,0.7681120995998029,0.753222864435539,0.8893156220837605,0.8631173212601378,0.8067230936486042,0.8416071586910286,0.8396558263018338,0.8605418795199777,0.7700635500030444,0.7768424177068893,0.7668992524602499,0.7940605896681904,0.8491993238692926,0.6990078791859792,0.857450869544168,0.8505015051125746,0.6783552233315547,0.8024786238808632,0.7294336447744422,0.6943165899758227,0.8936076822764567,0.6196836790505867,0.9139964656029379,0.7108779408453657,0.8692700896926188,0.8421602675350177,0.8312479171169217,0.766186165645548,0.9151400034408906,0.7252361560325713,0.7351352606182806,0.8402715029703458,0.7498906270012203,0.8353704651982262,0.7922889449008685,0.8251500090908083,0.822563033588353,0.7667812647291922,0.8092232029057544,0.7766243600741032,0.7876277348644506,0.8783808635104674,0.7692876405853283,0.892293255728186,0.9020377065216418,0.8614894551776874,0.6374534564859714,0.7608873707391272,0.7176527794687175,0.8419135304576932,0.858679804475332,0.8952415924311663,0.8229549333458003,0.8117047950607371,0.9193924181419453,0.6939686896849195,0.7903471206334626,0.7654002208103617,0.6615153337836143,0.8676620024704413,0.8267494473665772
0.7997388286479952,0.7895486015861809,0.7943936455722248,0.0,0.6948881984450288,0.8098968484749764,0.8190891640974945,0.8279645768212965,0.7568948940113296,0.7651414038967517,0.8501018145191674,0.845909505037822,0.8115132567929151,0.735214011284486,0.8752623575636103,0.7767318352773068,0.7882996255217116,0.8206762954342613,0.8359025812840251,0.724036892692705,0.8120389203403293,0.8219023608103677,0.7665084016226049,0.7778050702475333,0.8235735431101205,0.8373719656843993,0.8149161383473322,0.8401280736351692,0.7323259786067431,0.70692201617267,0.8345799291536362,0.7800787767391347,0.9613411931391803,0.8163459952887704,0.7848750654539653,0.829753178660178,0.8119711720488805,0.8138982813686275,0.8144645794915739,0.8130575913476041,0.8569972665284273,0.7215553258918155,0.7870507136141885,0.8319827206540473,0.8515494023403609,0.8101371555614288,0.6477403657907315,0.785518967495261,0.8067107527511387,0.774334347406159,0.8719006252584658,0.831643803223428,0.6893973153803498,0.9230803158594022,0.8742680438632532,0.6859689024071466,0.7994389312199061,0.84223983566243,0.7401145892767406,0.7835113766778149,0.8295248608897082,0.6907016326458729,0.8360887712653424,0.6309967718728479,0.7177514259340322,0.7611719100324397,0.8185020523561013,0.7706310522091419,0.7988653800874501,0.8369049581832059,0.8022453769323659,0.707644129656129,0.7668613133029091,0.875968756442097,0.830065838770355,0.7020305263037632,0.8104169567783155,0.748181274600293,0.824351444503624,0.6244003393622426,0.7164611126638755,0.8601103760860285,0.7646949741319744,0.8044245964576321,0.8159647386123818,0.8405061081480789,0.7785108476629186,0.7926136409978234,0.8133514550225432,0.7660691277143614,0.8546910759827595,0.8117667352105661,0.8011162662897896,0.7402580510289475,0.8456179474723563,0.8484986767833183,0.7464307260127168,0.7844568153375482,0.6102394115374684,0.8688881436480159,0.7486826017320705,0.7587740260952893,0.8754930849602712,0.8266970923408071,0.8163128376855723,0.7715553716039448,0.786043297842966,0.7612411805449043,0.7894403365995836,0.7148942527301246,0.8654926486649805,0.8059323652270683,0.7933739151579315,0.7919966173337806,0.8474904813361922,0.8166767771435136,0.7142722263330931,0.730028617728941,0.8165574015786836,0.7801841632304655,0.6976436352614859,0.8220722024898619,0.6599292397967221,0.8287777277191561,0.6254559464845697,0.8665656369418351,0.7224173670047361,0.796035686114469,0.8162726181796572,0.7919804252638698,0.6958682783802683,0.7435964859304791,0.7459351609447362,0.8124082252264614,0.7763120811507663,0.6519009476219005,0.70429005597768,0.8301942409773223,0.8202431619284547,0.8025997990556608,0.8997624069078664,0.6985973218077106,0.8429606245075603,0.8057811985540357,0.7898718227886985,0.8102745490172785,0.7968987753513967,0.768359702095609,0.747428597402307,0.5710325576199962,0.843298394625108,0.7523097580243417,0.7953249051023396,0.7040682162134473,0.8923224284361149,0.7986364271337527,0.7645938246053238,0.8330596644899055,0.8440048268924183,0.8022725168467764,0.7209738335838891,0.6964429664357084,0.8330112283378208,0.8002356116872402
0.712522595264359,0.7153734504399877,0.8137553864668738,0.6948881984450288,0.0,0.7202711098759959,0.8363223687411667,0.6258676065287511,0.6475436227184465,0.6791292909291907,0.7714301288446714,0.8017538481707559,0.6956717061623597,0.6180196327416113,0.7949898681818277,0.7938712688000255,0.8081329788565605,0.7247875423551534,0.7165496959960883,0.647271142314319,0.8519502302583284,0.8046871327286513,0.7338493328621667,0.8239346286041108,0.6950188713708532,0.7920106229038102,0.6414980351928844,0.6401345027418798,0.7281344056352002,0.8485357948471425,0.6827188836258046,0.7203900545268428,0.7379363584119151,0.6697838077864186,0.6631257265645866,0.7140604371608392,0.7161231071133662,0.7093524157118241,0.7668817049765588,0.778467920562147,0.8092100703725937,0.7716163547169987,0.7655751454066009,0.8215276590854925,0.6657796541525413,0.7360454110251489,0.8706757352734011,0.770114409541464,0.776497947801102,0.7702442791328598,0.8151651340963036,0.8171820238327688,0.6664955287210668,0.7688471167965257,0.7434509284641891,0.67055387421835,0.7627599376188154,0.7959828516188953,0.6478606681863595,0.704616771652057,0.6155151023652622,0.6626847547044217,0.7478303457624474,0.6193777402882105,0.7048906948938242,0.6435695922587344,0.6277721544388596,0.7759106894803874,0.6829784450334194,0.6412749662114261,0.7602082565520126,0.638930017852483,0.6005523702346962,0.7639725027474235,0.6723810234020626,0.6190672239867062,0.7348921104558621,0.9245092597849374,0.6731506724139502,0.7061849762405977,0.7256294301024265,0.7122124279058186,0.8488072914297689,0.6284977795144477,0.7131355740168169,0.713897546109642,0.603123969827919,0.6533263296312023,0.6270902036383155,0.6634301422264471,0.8788558988744687,0.6767161762621546,0.8472383728868085,0.66545104564284,0.7206316031779835,0.7416873440352307,0.5970934351440277,0.6511424849042642,0.6130409995804573,0.6486090315249192,0.6332266900972304,0.6318009209252825,0.6580862896114241,0.6814378389370185,0.6445152695545314,0.7826443374124954,0.6989779962606272,0.6830761840975216,0.8104429355968077,0.7370547516506987,0.7986842191107162,0.7576715434204389,0.6259130150937563,0.6097377315581185,0.7022025689691107,0.7861841977618247,0.6323423579884769,0.7650795584669988,0.7401313249879653,0.6100711257276147,0.8844457238771737,0.6208134221350479,0.631694849065886,0.8425874357515525,0.5861814876100103,0.7621589255792498,0.6553102998800195,0.7540596606916775,0.7011798900993395,0.7271480838256523,0.6450642243602059,0.761403304563195,0.5835243284855095,0.673389309652767,0.6676427186802575,0.7310189602446688,0.7654331333544725,0.7862984269211327,0.6767186831729747,0.7437830935951913,0.633601594812221,0.7133540600471936,0.7210268465490794,0.6757919173261349,0.7655338656658092,0.7294857559169929,0.8429567724884761,0.7888321274740989,0.696096329405139,0.5977900562078908,0.6457469546962947,0.6741635770033039,0.7607870530843486,0.8166878813229336,0.7728033345580054,0.6541109085551459,0.6786843111038928,0.8171527858544839,0.6399233300982425,0.733046883385913,0.6568472920108258,0.6203309443672816,0.7323400235268281,0.8034556997750097
0.8918891777189488,0.8561591835009195,0.8826899401122978,0.8098968484749764,0.7202711098759959,0.0,0.7515565458149693,0.81206693237054,0.8162823257626567,0.8198684534534564,0.9086158920563294,0.8828137809349268,0.9084007995435974,0.7487641526458627,0.7932365735037433,0.8992337041678293,0.8739561665598184,0.7913414692397296,0.851913794062268,0.8292736696744162,0.8957804637040202,0.8692049192355623,0.6659702680041871,0.8130417350904331,0.9064981841575716,0.8369227472423877,0.6845359268359049,0.8261815152318512,0.7896870858696912,0.7917707883057256,0.850271087071034,0.9172356499979496,0.8242256670189212,0.82886029349897,0.8032019334517908,0.7814312032092201,0.9086166105268796,0.8435920317003158,0.8198215077337493,0.7551971163756748,0.77248136513629,0.8655294095954921,0.8067821362307468,0.904794628246541,0.8375543925129253,0.8033487794752712,0.7369055633009268,0.9150491083480279,0.7984065301197885,0.7752622568568585,0.8525534481859086,0.8933694054631813,0.6961743166439167,0.8913302890730364,0.8559705418442973,0.8610815671950208,0.8515091888739947,0.8730669643382057,0.7046985037914688,0.7572261299618982,0.870152401903442,0.7467780433602761,0.8831374483982064,0.6486110994212099,0.7436660991873466,0.8355959561431555,0.8285136830380432,0.8807516961301047,0.7671925149779087,0.8294165381706633,0.8844019113936163,0.7142953866546694,0.8326941938825075,0.8742341730719753,0.906969428641167,0.8087498354626823,0.8246400418508073,0.7981000157684947,0.8012310931327269,0.8122101264670962,0.9200746760552416,0.8212827376010682,0.8870894290979614,0.8831660674146371,0.8580872278946636,0.8840853838400539,0.8459832776684066,0.7386477245367229,0.8304589279364148,0.858002618823204,0.8112511942344263,0.7761891712257715,0.7998532452701934,0.8379627628303198,0.8228561343877433,0.9205033764949553,0.7923340982348315,0.8379804080293078,0.6480764749037919,0.8342383206955009,0.798552696326737,0.7549293419305644,0.7324958324552433,0.7651159942779232,0.8047940553693468,0.8416206696001916,0.8178956716492228,0.838973149015964,0.7575094906656259,0.8691481454849824,0.8992996834856315,0.7739482282651815,0.9106024105032043,0.7964195336015233,0.8307863790823727,0.8577787878916462,0.8093573728955165,0.781830203078175,0.8918818571411806,0.7823366843071741,0.7521746839611032,0.7457476377605539,0.8067643883117436,0.906948848598182,0.7322039466361512,0.9095256547797486,0.7400445841056849,0.8277947075590494,0.8658794492567453,0.7649668313628449,0.8426887353030211,0.8980321119346762,0.8049360224549725,0.8546195885150903,0.8530677816475294,0.7626232159911657,0.8585619241944538,0.7563778994922554,0.7423375046174454,0.777203495331143,0.8262095176606183,0.8666952287466159,0.8049680877937206,0.7806172344630917,0.9040927977537137,0.7999604253616837,0.8680437103021544,0.8283632962056245,0.8601736419475954,0.6706429746204073,0.8410384851972665,0.7818627969412648,0.7614456707021536,0.7093299997109689,0.903617766528751,0.8527953680438619,0.8392601204321979,0.9285785645720742,0.7576707181616699,0.8634120854928912,0.7518120543437903,0.8072923535012572,0.9052196951406344,0.8645234441637244
0.7827695223450262,0.8407768809056889,0.7817994130569059,0.8190891640974945,0.8363223687411667,0.7515565458149693,0.0,0.6497086607103103,0.6875587373760587,0.8090101637687582,0.8012439539126468,0.8303603488550367,0.7499819056304473,0.7260102580934977,0.8529062917883725,0.753505638753937,0.8168817845318775,0.805768021924907,0.777742655144173,0.699949007667614,0.8159132620043754,0.8221613691681078,0.8887026205315994,0.8795918341993455,0.8059891809633932,0.7743444990513044,0.7415431965032836,0.7660546566487896,0.8200005654004012,0.7711485690563302,0.7415593902399481,0.7531827298575196,0.8387401098126643,0.7800484839467752,0.7818064237484811,0.7431073531299918,0.7589655079892614,0.7110073347885806,0.7451422560214858,0.893897908871651,0.8427961521732648,0.8137400407562849,0.7182088668044583,0.8513422405717432,0.7297843731708766,0.761540104528811,0.7999925708883003,0.7695372860814355,0.9149702783489876,0.7364751374117912,0.8162809425890967,0.8180210655588609,0.7190638589488121,0.8311138667029632,0.7917302371664474,0.7519407076856676,0.7697438231861043,0.7483609308220651,0.8003108133379331,0.7458163703142887,0.6644036119436664,0.6264133154083298,0.7113099605036693,0.6585411384355592,0.7203976609406877,0.6665664194569606,0.7241682796049053,0.7692573465228966,0.7071826922174449,0.6684164918250585,0.7433718187106914,0.7232631188877029,0.6793704925654702,0.7994760229360973,0.6975767153416186,0.731172002199221,0.7295870924039822,0.8803915572657891,0.6783776325648365,0.6979455771172601,0.7302109852136209,0.7429835621679713,0.8402031739013609,0.6662543135866351,0.736460482207343,0.7563678531378983,0.626966481155216,0.707093461353556,0.7160301780470545,0.7268679247504284,0.8367660790262,0.7996984259142872,0.83997965419651,0.7332367305413011,0.8184479243033176,0.8194565479233188,0.5981559579056845,0.7641438436882629,0.6419636851405911,0.7786151899351049,0.7177709074326465,0.6169040405123309,0.732645786755213,0.7834167133729661,0.671990601141898,0.742929869834812,0.6824571328636426,0.7924947214032882,0.8617970114642928,0.8011572570394905,0.8772677433789529,0.747215171564689,0.7051041780970649,0.646031263954273,0.746294525116569,0.8358532293813482,0.7492749153543461,0.7824839410338489,0.8134468051751903,0.6941693104816592,0.7888754994347134,0.622795225071369,0.6926302871758225,0.8702255779613881,0.6527577224927755,0.8207915246612852,0.6696178432309858,0.7296004962355236,0.7824681784510139,0.7611699524976339,0.7027678081799772,0.6795554696415186,0.6260259520969614,0.7262897135222988,0.7031536215837684,0.7243246069345534,0.778414482150056,0.8736420535768161,0.7686341204308623,0.7274083285704853,0.7558778586303323,0.7179591676165619,0.8546377085994191,0.689094770682769,0.7891522667363663,0.8112494394949001,0.7830262998621055,0.7929140672480112,0.766774821684726,0.5776876119862133,0.7034748849809674,0.7920914028139743,0.767855525957733,0.8263516023517862,0.8310894096526567,0.6987307112939903,0.7618766135727368,0.8386514267594075,0.8183546273984842,0.7848905277458049,0.7675492823141781,0.7237349630845377,0.7911928172651626,0.8249062982568678
0.7954901070174557,0.7134666728143491,0.8085320949226981,0.8279645768212965,0.6258676065287511,0.81206693237054,0.6497086607103103,0.0,0.8587573745219175,0.7224442682167169,0.8303252688365728,0.8219667115130214,0.859732820183858,0.6929537326385142,0.8234576420923008,0.8400809968152104,0.7445969777209381,0.7999639219905714,0.7981459122489543,0.7813214523962658,0.7760952003589872,0.8055861103141033,0.6485205161430682,0.6894423010391513,0.8019636622443574,0.8201108885480135,0.8180802992341786,0.7942621518848495,0.640813696390191,0.7499184090710792,0.9066247125577106,0.8442355928945366,0.8252770590064149,0.7826884045593775,0.7131900737886919,0.8186547684225817,0.8567981968834655,0.8901094458055129,0.872662046075749,0.6861158064029793,0.7245081052917235,0.6677820297913886,0.8795907073375576,0.7360914419873349,0.9394589831635031,0.860395544108746,0.6102532503737418,0.7851189883503447,0.7181627312271373,0.8166978652437471,0.8443316730954104,0.7339799962725204,0.6294371767209402,0.8382123373994936,0.8651431486819704,0.6580722574070813,0.8139130188618481,0.8835846260672975,0.659972392688613,0.8014371351099089,0.9331061819609403,0.7802262522702028,0.8802396869931041,0.62356331942413,0.7153873171797407,0.8480847895385158,0.8372075346765144,0.804934140803659,0.8796488596372871,0.9702588875896226,0.8574347605617946,0.6863889723554141,0.7474646569505639,0.8778983099090705,0.9139643763274085,0.6922886713178553,0.8844356446337316,0.671463273833208,0.9186229582173454,0.5873783819747543,0.6822768902542177,0.8746208223514077,0.7562506951524449,0.8803429704615202,0.800491137488644,0.8783632604963194,0.9222118799268444,0.8621368977800123,0.8887250521508601,0.8205986911169135,0.7898178623877582,0.724261874990858,0.7583418623266757,0.7274559689748871,0.7359871742666915,0.8124915656218903,0.899735730737274,0.7051289228429201,0.5769317967212962,0.8286709467477902,0.7516302066512257,0.9442179383535055,0.7969046832267601,0.7334217022797599,0.8909494289327938,0.8380626418145845,0.887209959707865,0.6987759808320995,0.7190553404963522,0.6680292315183968,0.7543171903260265,0.7930699709726639,0.7847876444290903,0.9299353690293202,0.8336484782658377,0.7470429656301295,0.6445332747096228,0.7689004118123519,0.6884107690194442,0.7364536162217825,0.6694911916804368,0.9377728443716146,0.6169237892970661,0.7748314371561871,0.5902965605516901,0.8436673412426556,0.7293398702885838,0.9018273879831331,0.7481355415834187,0.8126577344493259,0.7483186473611507,0.8400060747868036,0.8558198384467468,0.7657550679887628,0.8326499762004328,0.634246619938252,0.7243873407030217,0.7254836714141667,0.8088148836862081,0.902878766976245,0.8122340460563601,0.7287691228204475,0.7483919131741121,0.8389301744952274,0.7847823872483795,0.7707420792534453,0.8273626125532921,0.7674253279652916,0.7580744640560141,0.5885772558057976,0.8912224935553634,0.6457256165240581,0.797949058025199,0.6816804775089494,0.8275092787860236,0.8995739745966463,0.7544141872881766,0.7909521726017114,0.6754933582040998,0.7701861240745785,0.6316059900270322,0.6306239036902874,0.8624136169616382,0.7318099474005084
0.8876356653523017,0.772984059546149,0.7458432471618072,0.7568948940113296,0.6475436227184465,0.8162823257626567,0.6875587373760587,0.8587573745219175,0.0,0.7094318407804023,0.8073609525315235,0.797225296634921,0.8326253988036784,0.745393794425477,0.8200947119271368,0.7796471614886664,0.7273935395205817,0.8249591136242398,0.7891776905625631,0.8554150191193642,0.7571266258724455,0.8174360318887874,0.6563404678497584,0.7253062800021951,0.8252459410166194,0.7530413680810479,0.751139949238983,0.7752959460461615,0.6519144244433928,0.770344127363536,0.9275064145770806,0.8186347516083561,0.7769290374314521,0.7732448347377853,0.8240295503707896,0.7691547938258454,0.8548418536287123,0.8564847102816339,0.8161601724298679,0.6868900373375733,0.7018570918466074,0.7642991403722529,0.798145308965189,0.7717378284393214,0.8654708215794977,0.7960246020770989,0.649250162887949,0.7849097042254904,0.7552640222659511,0.7956500865242552,0.791540518366671,0.7419474865544162,0.6747375198286432,0.7891558676801288,0.787431641978466,0.7753110784095006,0.8227229123584678,0.797604051288613,0.6946555383264872,0.7711186499368763,0.8382669464100565,0.7343189498988388,0.801265485557583,0.6651198662761152,0.7850387552683146,0.8102606758500234,0.8289847611255399,0.8152477160946341,0.7959538601282024,0.8655966177316036,0.8673123013186333,0.7523958482948399,0.7971334276598381,0.8019543661340494,0.8486819180158818,0.7728084222125249,0.7730834119366367,0.6677759823276959,0.8121908950280625,0.634303373401911,0.705908709351707,0.9016709409812015,0.7977550449303508,0.8196691873318319,0.7953678552755044,0.8857035047403942,0.8602363200084404,0.8246339848284929,0.8390729561478227,0.8959861108175935,0.7689076210853072,0.8017291781971092,0.7381309254145842,0.7842838267800226,0.7953398656598939,0.8327754081493163,0.8308873676018461,0.7512458336130263,0.6653229995802155,0.8045168558500991,0.7983807229769028,0.7784924391824676,0.7391582543854198,0.7121744821837105,0.8549141701222861,0.7754705232166328,0.7503184123074881,0.7312742680271502,0.6978466784371368,0.7270785105558145,0.7621392276706623,0.7996203731102457,0.8119661531321457,0.8411888299568909,0.7964582093942861,0.7673811729203867,0.7080109685580862,0.7594006717450117,0.6806544863138567,0.7752886394325313,0.718175599534251,0.782911159223588,0.7039050800813629,0.7870488862189743,0.7308049772542029,0.7891643075276427,0.7121991110550739,0.8195357816005615,0.7187863740964634,0.7897324210793557,0.8451749364264848,0.7801733715389431,0.8265753004760714,0.8663189371017141,0.8416666256893868,0.7253589987594682,0.7902843087777,0.753991079961285,0.7596068461038855,0.8320176702371369,0.788748287791174,0.7664589189012602,0.814665318038801,0.8068520081640262,0.8025907763018255,0.8115324759644785,0.8650849867400839,0.7059951328593023,0.7773428685374613,0.597845794789694,0.8950361555648865,0.694115928192804,0.7850364510445159,0.6689034428567306,0.7865095594995294,0.8885230200276383,0.7834758313360868,0.7700663771791315,0.728155932414313,0.7535856303605037,0.6298569525880078,0.7531550390242775,0.8984813906749421,0.8098947079932389
0.7753952718383254,0.9060001673399825,0.8545452066797572,0.7651414038967517,0.6791292909291907,0.8198684534534564,0.8090101637687582,0.7224442682167169,0.7094318407804023,0.0,0.8185643535169975,0.8376729712402222,0.8133611787901902,0.7514158476044339,0.782597553848355,0.7943374846416751,0.8169494145467933,0.7904417568087992,0.7927438951412914,0.765538698408591,0.7877540825416626,0.8410813076336964,0.7800898929708653,0.8041361652360004,0.9013000143634273,0.715488890236588,0.7524775045307188,0.8171501041258084,0.9019577393374865,0.7258571764894644,0.7702138841863994,0.819366786630708,0.7894675029570907,0.7790909392650591,0.7698483003726007,0.7464401673398322,0.7878244999956842,0.7475782558810478,0.7381087777686173,0.7988378528241932,0.767286048519144,0.8019688200826748,0.7130046466947948,0.7886677927634738,0.7847800360958985,0.7481557539695033,0.7192656793411583,0.7921085978791429,0.8484911076393556,0.702174753152695,0.7408333791790302,0.7436060351996401,0.6859043614757887,0.8218859817722626,0.814365237670933,0.7853757480559626,0.7337339252230068,0.7469830246260382,0.8148757742548743,0.72298117013507,0.7495759620850896,0.6242056638822875,0.7099855215319771,0.6910325657046422,0.6696665351646784,0.7005540914158006,0.7539378200490382,0.763840860154155,0.7752098182619539,0.7289680800477708,0.7219337240172146,0.7158685075705508,0.7049156150620134,0.7920877572599083,0.7907874561814021,0.7607722195999621,0.7228260457188443,0.7726104572650757,0.6935911438569523,0.6748381996456569,0.7824363201875568,0.6925609490906803,0.818194523806588,0.7607940818611363,0.7027665482693977,0.7973850093663026,0.6906975888078337,0.6950682838280213,0.7804275166543007,0.754049561016652,0.7150085784374808,0.7431242866055039,0.7853499950952081,0.7239806278995893,0.745729809801524,0.8742737116809539,0.6582431938957135,0.8110018035304776,0.59770170782793,0.7859818063004376,0.7488071641892655,0.6615127676486906,0.6755845655452104,0.8481195579661115,0.6860434265323543,0.7388542361114192,0.72373900561294,0.8832550336718816,0.7918120712393318,0.834008505970602,0.8095063675259185,0.6684754357543731,0.7508635874918987,0.7248937194970644,0.727070675291265,0.781159411196671,0.7899802020728781,0.8297781482372044,0.8391151543867386,0.7019354584053437,0.6744744643971134,0.6358324839518481,0.7099634117283748,0.8009238934102645,0.656850678201903,0.8807643293606024,0.6415276015643305,0.7340879776166456,0.8736263307870241,0.7611256513112218,0.8174714525031623,0.7173235732944707,0.6779323349949735,0.6910946872171799,0.7717195335470116,0.7035413387996523,0.8091704137419008,0.7673582862572664,0.8258064783892495,0.7194830487936213,0.8017121857515908,0.7728719625875289,0.7773547176374478,0.7142319711384346,0.8104502172323804,0.7513926637859648,0.740233227581865,0.8233930197568639,0.9303609630623867,0.6389627304170324,0.7054513361833737,0.8195467047955889,0.7420881297422598,0.8080229745242311,0.8523960215059408,0.747882936371686,0.7846238350973455,0.8223812043731525,0.7662213044488237,0.7296021221203538,0.8430828024530218,0.7292504088593222,0.8478314032387773,0.7365123105469898
0.9089543639597061,0.8396177184161991,0.9128053102736817,0.8501018145191674,0.7714301288446714,0.9086158920563294,0.8012439539126468,0.8303252688365728,0.8073609525315235,0.8185643535169975,0.0,0.8911316132414362,0.9395191372820303,0.7655893767283443,0.8778476024541246,0.938176563064943,0.8943697129914919,0.8708529416642006,0.8544869959480687,0.8595742141056382,0.9207908711753301,0.9449843128553597,0.7337863542874916,0.8874129215674547,0.9150347246925133,0.9022940087176959,0.7692258555166287,0.8651416997020812,0.8093966635057248,0.8001261034957969,0.8664597800051065,0.901694311114664,0.8484140980067119,0.832436621999475,0.8209849942923232,0.8012406962509254,0.9561957324108964,0.8932151139118026,0.8981214473020857,0.8353145828797814,0.799501375193663,0.8252794427226968,0.8717605156881791,0.9221191049409789,0.8835703942793278,0.8417787753297974,0.7013468896550991,0.968264836184827,0.8874528050475156,0.820415431386035,0.8963183349294755,0.8554226081314081,0.675679714749029,0.929601321952945,0.9228489487477719,0.7623802149897037,0.8972765948931992,0.8824705522236521,0.7640982070873016,0.785092888876652,0.8943077336125869,0.7076143768854514,0.885796553504077,0.6704869973348292,0.77221294264055,0.8470117592846161,0.8849813073187232,0.9108500051527829,0.8474245734520861,0.874122712027399,0.912869018512452,0.7540442241031505,0.8221085453690413,0.937934696387684,0.8957334552082169,0.7776390708932662,0.9057502554018805,0.8349426252038228,0.8340555683810814,0.7679040681999615,0.8391003793784756,0.8405048943289861,0.8889779675348656,0.8787244731374068,0.8519328501740624,0.8943162908127404,0.8591224618018419,0.784473493778553,0.8126558093558184,0.848565633929784,0.8567842158180168,0.726340535724251,0.8553366986815786,0.8359981851397377,0.859701481107601,0.9102909762492483,0.781551667741444,0.7574561042809694,0.6202276849766678,0.8251596093273832,0.8392511021558845,0.8065187913305365,0.7458787693550095,0.7561611453626431,0.8042671217796404,0.856719296511832,0.8331698591343709,0.8287551613311133,0.7988621332672962,0.8736867117496959,0.924771130582247,0.8282764482794428,0.8755021157618097,0.834321404449023,0.8450218695475558,0.8595407863309095,0.7391387390094087,0.880622321683211,0.8649498144141556,0.7352621923936823,0.8231013623606781,0.7592372157239176,0.7691463851620075,0.9272420428036253,0.7188475443543156,0.9384685079822304,0.6962396200016107,0.8671934623930412,0.8462592444583699,0.8514046950761333,0.7575763308017032,0.8873128014584618,0.8469448837178483,0.8416813294499067,0.9226053042621255,0.7903547458330145,0.8628178176894452,0.8372183879221989,0.8576294028759436,0.8431308426061749,0.8426954488532585,0.8406721225260112,0.8014657710560487,0.7987489676390843,0.9574936970740704,0.8089827986039764,0.8783655032980989,0.8344446499374575,0.8553807667203435,0.6252793263344611,0.8859860804869032,0.748640817780946,0.8568636467909034,0.7490064432734307,0.9041478184050095,0.9111571188360027,0.9157349972028904,0.9185333442593724,0.8013885823913354,0.8814946119635788,0.7378905414039689,0.7610684989101155,0.8714887139172575,0.9309090946399372
0.8200448808673753,0.8471285547624791,0.8924473182359626,0.845909505037822,0.8017538481707559,0.8828137809349268,0.8303603488550367,0.8219667115130214,0.797225296634921,0.8376729712402222,0.8911316132414362,0.0,0.8221692438803896,0.6898943833705454,0.8690881857491548,0.8874097289113303,0.8665426136641268,0.7928047531841779,0.9240550122508293,0.7820809295732757,0.9145587840415074,0.8807211829029253,0.7876176605172837,0.8338654747721604,0.8932479217246077,0.8246646982042067,0.7594798887588764,0.8142198966535155,0.798196160332169,0.8762075321694007,0.884956742171627,0.8791435522520478,0.8645208758551692,0.862193268819008,0.7780680397285268,0.8524026108590169,0.8413284072926097,0.8387540880047156,0.9045623242627415,0.7781870021969873,0.851507704314151,0.8246161547862431,0.8474662865700814,0.883171906938954,0.8505123768230084,0.8270228517286996,0.7611990612905363,0.8544088208380336,0.8517866820914993,0.824493826900915,0.8876438088163998,0.8523562951458618,0.6837947039742202,0.9188427067510535,0.9081275304171018,0.7554188900884695,0.8498923715771743,0.937455584525127,0.7087008784624667,0.80113160244052,0.7950161777457858,0.7191417681203676,0.843339618905441,0.6722852772364016,0.7292340486215592,0.7528060711966738,0.754864962492966,0.8070367003475515,0.7847912597942077,0.8144306689902618,0.8243405222954866,0.6982309237648864,0.7174918013512375,0.8737102773658673,0.8554801930675234,0.7194731066157358,0.8315149911385131,0.8453981804094892,0.8085477268843569,0.6835310928992527,0.7704485219967478,0.8368972806820817,0.8780233768331204,0.7826997151970697,0.8309926992137469,0.869045106493474,0.7717877748561621,0.7641524471340748,0.8107280583754086,0.8016392302567293,0.8770000503956615,0.8238164843894576,0.8874528805336632,0.7573806388580555,0.7734987890938677,0.9060673214346984,0.7493648295342021,0.824937743650972,0.6331974937704556,0.7999471392501526,0.7483478670667147,0.773819496749237,0.7897564273453593,0.8551791794047557,0.7912682931125002,0.8407569173786827,0.8302064028307793,0.8219259625840787,0.8061667303368621,0.8025281742644794,0.9232828866317292,0.8211588487012522,0.7553424448778627,0.7954019270758181,0.8017336600331992,0.8363052443134964,0.7502805217708503,0.8671604036616491,0.8321543722583129,0.7279233232734696,0.7750453062550166,0.7601631545003065,0.6965907575873553,0.8925231412051632,0.6340702580912505,0.9280449853585109,0.7176157499271123,0.8694218630667904,0.8676693592120525,0.7710350998258428,0.799465909967199,0.836427226637024,0.7152030793010865,0.796911155283367,0.8185977534821121,0.6991159342130846,0.8339740189841973,0.8042712728364291,0.7998511671459941,0.880493358041634,0.7846970947212913,0.8023892525660793,0.8328995958928262,0.8210079772591476,0.8644854069853664,0.8328269007581852,0.9079032521211516,0.8320612356711042,0.8740697664018348,0.6573852953894667,0.8188789629048986,0.7690691446627236,0.8568526604829314,0.7883900837243653,0.9595269308761226,0.7990925843018859,0.7712615956036792,0.9020786843179909,0.7245425831996319,0.8073072033312854,0.6862355266237828,0.7101411770118203,0.9173932850684158,0.829866446499181
