0,1,2,3,4,5,6,7,8,9,10,11,12,13,14,15,16,17,18,19,20,21,22,23,24,25,26,27,28,29,30,31,32,33,34,35,36,37,38,39,40,41,42,43,44,45,46,47,48,49,50,51,52,53,54,55,56,57,58,59,60,61,62,63,64,65,66,67,68,69,70,71,72,73,74,75,76,77,78,79,80,81,82,83,84,85,86,87,88,89,90,91,92,93,94,95,96,97,98,99,100,101,102,103,104,105,106,107,108,109,110,111,112,113,114,115,116,117,118,119,120,121,122,123,124,125,126,127,128,129,130,131,132,133,134,135,136,137,138,139,140,141,142,143,144,145,146,147,148,149,150,151,152,153,154,155,156,157,158,159,160,161,162,163
0.0,0.3219438373781297,0.29341717421268854,0.2642579288938025,0.23884067798903366,0.3272860089748947,0.24797132323922128,0.29120397391935576,0.35654332404643635,0.287443670421795,0.2732119733195333,0.23712091706828303,0.43098788840183627,0.3044621167260877,0.33879875601319664,0.2966195206619647,0.3423979646565174,0.4676416270936545,0.35781771027348386,0.4616061481551111,0.3227937503573656,0.30487150077667974,0.25274801284465354,0.29630313676920983,0.32401810165021455,0.24643103617139364,0.24348104399064718,0.346086487995541,0.24350475897497265,0.3133536640762418,0.3022835355519997,0.37009780600882,0.3248747804702376,0.23128557934408467,0.356196189790867,0.2676744536658922,0.32484232839087823,0.35767571761681655,0.2178587027901623,0.3618143629394065,0.3465551953205732,0.2618316725171443,0.37136848099104575,0.3112232015378381,0.2927691613884257,0.3623485889971325,0.2984734624127134,0.28002492511285604,0.3337927987222864,0.4506516185247291,0.3896926835189107,0.4240989004670752,0.24337982590932195,0.2943805294354777,0.2614948921894673,0.30127697717529056,0.546266567264594,0.2531933418528445,0.3508424448475348,0.39309918387374093,0.3039238505339939,0.28274946018889036,0.3563544244090853,0.23302818369203043,0.3302445713953732,0.3480750805156998,0.2770526829621342,0.3721618393649608,0.34326831791919477,0.30582529214893067,0.46221218371000994,0.36841265814707264,0.3175405700348556,0.34626408326512725,0.3707572247853201,0.3086770926508505,0.23616404609682545,0.23085301166519423,0.3418860236368956,0.2813881192563414,0.31701258232316737,0.3418291074624055,0.3568746913967665,0.3632235468086091,0.3308971376171836,0.39682410685036734,0.26210017857443135,0.39564913116339223,0.35007758394722277,0.2609101517655589,0.33501887833850275,0.2648123126718799,0.37374058279659866,0.3720474523446125,0.3288092428732496,0.27151099736832535,0.2717194005870251,0.2548536125633571,0.22902754155933341,0.3915953932538562,0.2740616938354108,0.23025418521038113,0.26899346841585,0.26405125302747345,0.4416724716383341,0.3686053314777225,0.35377810904927676,0.276005358218274,0.3559821742255606,0.27425956522496403,0.2640657363561001,0.30155492323794936,0.34380187426742814,0.24113454395651443,0.3456498156242339,0.3721331922739594,0.31889773825976964,0.2988280752997646,0.2723486020714029,0.24064177283443056,0.2996295689612828,0.2474619775313945,0.28866021147278315,0.39935743256920975,0.29661771889667965,0.30003357429852257,0.2625909318246457,0.21700377975139623,0.2585671501567016,0.4515799846588615,0.29985335316480394,0.3252724862430474,0.26328554925484066,0.2707050397455975,0.2753757450156979,0.2951202698666436,0.34850979571505797,0.35046180400770127,0.2884610623359002,0.3251149252895346,0.2924009386807618,0.2630207845731252,0.3266331433127442,0.2637514594814579,0.27909668031002255,0.2788451641447821,0.297252918160471,0.2668693451815756,0.3255419952849156,0.1760305230977087,0.3537303309494326,0.28511064342675707,0.3102004842830701,0.26290770860694596,0.2797623342133258,0.31698154451849003,0.34482420722945584,0.30648833141606224,0.32697405039676863,0.3440069233454083,0.2555850772704494,0.3897225442873072,0.23774706680997112,0.33187627041251094
0.3219438373781297,0.0,0.32380962008500447,0.2760089483142853,0.23392640587050803,0.4158163671850911,0.2837844469814035,0.3338650337970296,0.3006421377401395,0.42332362420356995,0.2700235575832293,0.27972573155182656,0.3331447377443388,0.37231609029541435,0.3164855881610796,0.3146269071234877,0.352012971060186,0.2784601438397332,0.4045189835373559,0.3440379508276814,0.32491948126773296,0.3455566201796755,0.2559413191649135,0.2933711639841933,0.35324279745803333,0.22209097778503137,0.23912275594183818,0.3235782883598014,0.4219058664847129,0.2929063482105035,0.3569962045869587,0.41718450666739937,0.3890388627851103,0.2427483538219399,0.3388731408052296,0.31041276848388616,0.2884082826204257,0.3429558911709598,0.27052897956310723,0.35155004160896675,0.40985167913415194,0.2792603287496095,0.26130257234705984,0.3079381458136607,0.32457145669762716,0.2581405792466528,0.29140242892457796,0.26871381709519826,0.3236838671958593,0.3352297829658159,0.36431354043122355,0.3310910250656403,0.25621273006208883,0.39399512497560996,0.3429647026661343,0.3832079573570195,0.34750688304995964,0.2651508872944594,0.3865391554573011,0.3518179959823825,0.3637586295419686,0.2517946599992051,0.2595574290472745,0.25609259088621344,0.2598224173563684,0.2431484138761327,0.2605752124588075,0.3033779624295324,0.29324094893979247,0.2974868126967743,0.33979713914408777,0.37629804842206893,0.26617056355473157,0.33416106941385565,0.340413776221946,0.2760970855772226,0.24711622399123687,0.29933971602253207,0.2593540985177118,0.3314598666071001,0.30797677491379855,0.29918113566657856,0.43100110511368767,0.3050948454712883,0.3007607201376711,0.40601185980308524,0.24664618495546164,0.32343616623860094,0.28932860840981933,0.27907630149831225,0.262889398163959,0.3177528042493425,0.44122871057907403,0.30265769312675084,0.3398041269410738,0.3538999648815846,0.2956472406088861,0.31526600531868587,0.24517426618900684,0.34468157792366977,0.3108329811995641,0.24097460726644543,0.22530333458176302,0.3161589823883064,0.3362796547722,0.2918652228868599,0.2978831981090787,0.30668720177398334,0.31639773687415057,0.3216351574703575,0.2739113204190491,0.2558239101611837,0.33086166235913433,0.2485966092676347,0.27738379299870913,0.3673232130940518,0.3084117857467974,0.2809454464060976,0.3216513500738487,0.2582177204389374,0.29118707530434446,0.2648901254395562,0.2925859936581705,0.4107525148111767,0.32121389420308244,0.434678170946316,0.29435745703188865,0.2583470356460548,0.3665116739904488,0.33090586090934465,0.3855552217972687,0.33467324598265213,0.26320310941565284,0.28612053470585574,0.27847525670245343,0.2673908646559438,0.30354620553715284,0.3358732464808206,0.28471748005770114,0.3083137990450582,0.28156616645460164,0.3418351774566527,0.3905390291736536,0.29612149123028075,0.30012029660063066,0.24134929134667635,0.3157218937813725,0.27888475243939514,0.40929285294693324,0.21442136856472954,0.270323140968945,0.3406190358968214,0.27141877389448066,0.34003446057621056,0.2939039547643704,0.2939070187726374,0.3158072991859166,0.31700733925716224,0.3419038162887328,0.34024921864677504,0.2642992703271571,0.4353948238154855,0.26546215663232636,0.2594879713855318
0.29341717421268854,0.32380962008500447,0.0,0.2942180155180566,0.256367327456346,0.3291462764878736,0.2535818207874931,0.3442164542554491,0.2938224346977124,0.43684050363980176,0.32443265201025123,0.2950056405085742,0.34153161596171794,0.27734332323632804,0.2888064590984203,0.42710878312332184,0.37661201829745994,0.28026676940543976,0.34115622892287195,0.2712117936723122,0.38642823992358616,0.41401147398299865,0.2435965644419834,0.2939574279502487,0.3520272401271003,0.24702283987145893,0.26122279763925105,0.32654229636250565,0.3143562892305022,0.34697798439707356,0.2991404417136983,0.3762306161284671,0.2789024635352087,0.22479759611274916,0.2629420934905683,0.27657173856581124,0.31267054426136187,0.3286797135000201,0.25584186445726204,0.3380688103784555,0.27837021262729694,0.29251421366753017,0.2862018128787217,0.2913619651747027,0.30863254775783966,0.2513994241521077,0.23080320917855937,0.3107914178186809,0.30951555162949873,0.28843675934988516,0.35433525248379477,0.28461180401081454,0.18267352944731693,0.3749551173520439,0.32928455426189335,0.2708997011540967,0.2996289238687523,0.3210711042134952,0.3036888419555182,0.26974936744235467,0.30428387371364934,0.22060352371096592,0.27283465202022733,0.21927276010396257,0.22375628947344145,0.24340284502362283,0.2566953891899776,0.30925147733425173,0.3321105760794186,0.361610111003543,0.30898125459246706,0.2531479430509567,0.26915499851520897,0.47329512846884336,0.33623054276884407,0.20175150902210434,0.2943362081490665,0.2655301774211003,0.23070574759796464,0.24374313466210848,0.2566339318417298,0.30860808418739366,0.3477258309125488,0.26750950862059675,0.28373708741536563,0.34558325213407587,0.25049704723243826,0.27852821416255397,0.257677899998938,0.2277865431721161,0.30514876130214535,0.23279862824130165,0.32927578252745376,0.22106767386378745,0.28834542221661663,0.3032388291337855,0.22516228059969207,0.25574863374540513,0.19415360603297743,0.28563053489635365,0.23525257405782807,0.2962181688910687,0.23539807342752475,0.3296964306971673,0.2853780938027395,0.3010607436394328,0.3043292473592352,0.2891859393698652,0.2582946128679609,0.31357346594458857,0.2776040562706406,0.23487580333114189,0.30880438296808116,0.2566761577958526,0.2250178393438467,0.33777272761073424,0.2265487452629992,0.38731009249922493,0.32157669349549717,0.23058408308168715,0.2658736338575115,0.2470851541648252,0.2292846566850955,0.3306895719057328,0.22142300797036388,0.372312567635653,0.2568720642436158,0.25798772795507574,0.3241833097924729,0.2808638937411795,0.3262496818898121,0.4557330148434028,0.23794405804413127,0.21790495518114272,0.29735050413428554,0.2025107285151438,0.23465843987265378,0.27653045221254163,0.30945918913217135,0.3287038462962896,0.23400306133407056,0.2841885674906305,0.2940188680693384,0.2676510195306937,0.26896556771094304,0.2233533984456946,0.3121703816664865,0.25382522268488356,0.3935263945904714,0.19676253950996409,0.26241471499394825,0.2230035874479242,0.30085107333038824,0.3462665318456413,0.3212083209838484,0.29819521819905154,0.3673563243000328,0.37416262369889636,0.24359745457320545,0.3305725653859115,0.23242480842693203,0.25867789948635433,0.24328828218071794,0.27968371061657815
0.2642579288938025,0.2760089483142853,0.2942180155180566,0.0,0.2978872141871932,0.27420559873586975,0.3969550217920114,0.30356111941790526,0.3179176414155167,0.28286651917243716,0.3351238817705142,0.34138641075751414,0.27335269582303845,0.2672543803909568,0.2916221885541714,0.29465365166832325,0.27938527703445704,0.24863666250768493,0.3005015526863382,0.24603969593897282,0.36327106176590174,0.30594356262808725,0.3433436918355153,0.2893898545330431,0.34831485571392307,0.3204936405761902,0.3548007749586535,0.2850466170311526,0.24077385223545228,0.2924270012222058,0.3118884838359781,0.28034235275470204,0.34398359490103214,0.31477934383191114,0.28425850422947774,0.33829235138911024,0.35972668569217714,0.32886287291394006,0.31439057333882053,0.35466948344133775,0.27688101882224614,0.3632501955084802,0.2470490646187976,0.3360565909511203,0.30821769639011937,0.2514408878820218,0.20656290485799855,0.30572089871849156,0.35906726838033765,0.2695133476420521,0.36652203697684427,0.2787315605776125,0.19267445510223716,0.38423100106665536,0.3552831983680402,0.32742741861101393,0.29142010088040354,0.3795907729454933,0.2757090971518415,0.2757209656552048,0.2832518934261898,0.23151622939762007,0.25484068595575565,0.2562571955141817,0.23429381317334383,0.24159254124180823,0.4176193013614257,0.273841845108511,0.26927167360582005,0.3170383270894965,0.299894069776386,0.256295479777621,0.35558372724453474,0.4070105017351936,0.2691079441475221,0.20239830707016046,0.40588900764432523,0.3523725341579308,0.23972763271775557,0.22521586446156253,0.23683178934942947,0.4007390188500218,0.29666450663199345,0.24213585114860364,0.3911021039076808,0.3219000511186286,0.3776985565024787,0.3085794951630252,0.26091572324648493,0.33869592927444875,0.3830215908829266,0.35068890462817043,0.268592980870965,0.221273012499779,0.3768900837464538,0.3375064312711793,0.2280247562273324,0.3435597561157883,0.2728616177708346,0.2848806258189389,0.2899929829799619,0.3136158195371936,0.40964828353827154,0.2819162551759007,0.28822738524172103,0.2727767773103911,0.27547802799244026,0.3152914074199366,0.24774478389605134,0.30388267561938964,0.3774285479821332,0.34343777613226395,0.35926581288187576,0.3717814664039286,0.2309171042001962,0.277144167794316,0.23171664536706132,0.2751408296645481,0.3217721686412086,0.33324313987337484,0.30957405896326545,0.3552395855625714,0.28321643143036707,0.3219432016083576,0.26573870243036884,0.27318953401988466,0.301950723266049,0.3156440023853905,0.28448743761112355,0.2846353304840496,0.27857177213625345,0.33614372932270553,0.3216857373081736,0.3229508631279083,0.32890932239826676,0.19992107459725914,0.19906275065457757,0.3055548906423088,0.33400022186241984,0.3485375857433824,0.2602105069230533,0.3066492303850636,0.36216709428784755,0.3772436743821506,0.3342399143793975,0.3358515819915915,0.39108981437124407,0.22998587276654092,0.26997636914850587,0.20739320162376187,0.35869808501860106,0.23328158886473693,0.35251411691479023,0.30046234040462977,0.39624411442890284,0.35255367698871437,0.317224814004706,0.3690601647004528,0.33500691538809996,0.33927617116421555,0.2152637982998194,0.26997826152534393,0.3790832799704312,0.3361557191376505
0.23884067798903366,0.23392640587050803,0.256367327456346,0.2978872141871932,0.0,0.20124197139565378,0.37930893614886796,0.21105733558532191,0.2721647004738686,0.24121905388975598,0.34026586683899535,0.29427707425771876,0.21309262980703172,0.2424179975684884,0.25750592584540954,0.25053658310428795,0.25836796866005624,0.23495284757177878,0.23767497118052022,0.22144811855863453,0.30379259598609953,0.2959332769498057,0.3677956251049006,0.30308617375396907,0.2708413773335365,0.27614311720245266,0.3219571059516601,0.22911692223594332,0.22219044907558955,0.3084237644073762,0.2577635740222279,0.21728879414097668,0.22169108854153258,0.2561358290343686,0.29136353489721256,0.28282001669478124,0.2759142803560003,0.26840699764165615,0.30016065829597094,0.2852677072313449,0.2537338383122322,0.4111114483237505,0.229647023719113,0.30885045290922325,0.22211862151787082,0.19347389707334048,0.2171773751532759,0.2825049519475699,0.34234687982933015,0.24870662308566335,0.2708891368594949,0.21920847410846211,0.1753266439639214,0.2593907053386776,0.26972769060328355,0.2546593953587137,0.2327454052754186,0.3121053119170811,0.2516029752519581,0.221466268871018,0.19194736235268128,0.18305367652851232,0.19993904340860572,0.2862659007988342,0.21774264744047378,0.17571551322411044,0.26717807784463427,0.23159571721917152,0.2293308330434841,0.2498892326724061,0.23953554435641985,0.23824208635155966,0.27779951791870616,0.27006622896856225,0.2054531026825376,0.1770121817471174,0.295037873610726,0.42260189808354665,0.18247172579700596,0.2063485381360393,0.21022489952626275,0.28586345042150246,0.2667383648352793,0.18386927212834947,0.273559011846898,0.24073403519210887,0.25305436052058866,0.2389799884120274,0.18898527909422355,0.2706336159186588,0.37041010238576466,0.29189732961472975,0.28064409140405555,0.18498363101730314,0.30056323529101175,0.25084401251792443,0.1755997709130467,0.25357286449595634,0.28843261621671773,0.2045526592411695,0.24946807386439276,0.23072997251174013,0.29488594480711894,0.2293040200011384,0.22214850326403612,0.2089563153694156,0.20464204182890053,0.2781765075975494,0.22992990930561533,0.27902834607231675,0.3439643411474953,0.3476312641294695,0.2314188697152992,0.31957964797104355,0.18055514092961406,0.24240341695753945,0.18939410254273276,0.2796247623424008,0.2531314195154354,0.28507588223104724,0.3512652153480335,0.231820453337636,0.23219591770938902,0.2642477643068961,0.2592246664913573,0.21003331280074483,0.23557457244688643,0.2564329920155073,0.22159063371593166,0.23757458893419522,0.25203557125060844,0.2567685407811684,0.21557172675389458,0.3074796151815755,0.26730772414721066,0.20537518820395054,0.19859739363377435,0.2956777509885075,0.27109617183056106,0.2906074298539234,0.18431660167425762,0.27711679582862303,0.28217928582591206,0.3413689184915231,0.32996393458290174,0.2926267605355915,0.33115516726682026,0.19929924289171885,0.2351788112303316,0.2186837312451866,0.26013809729381776,0.20188738118633537,0.336791422061473,0.2901210041602411,0.28469584690185057,0.2589500347772666,0.24966040622521168,0.2820571314746072,0.2609316042956089,0.25277715254940497,0.18748202727230917,0.23537395624919577,0.29975984320043825,0.39079938104100514
0.3272860089748947,0.4158163671850911,0.3291462764878736,0.27420559873586975,0.20124197139565378,0.0,0.23118436717449517,0.32188935213530623,0.2694227814275857,0.3188364794234649,0.275514471489695,0.26454047586842183,0.4474591662014546,0.2702572217630459,0.3290513775426052,0.34109861264468133,0.3243012154451335,0.2519135407213077,0.34101047611053537,0.32123031815560366,0.2930987288055295,0.30235146548881126,0.20038473048657077,0.24557340028430283,0.30293138817154786,0.22163567627848166,0.22688455773969962,0.29905392228594746,0.2990621451081249,0.2736899972397486,0.315227215961313,0.4779177303024351,0.39710662391157,0.22233621140195617,0.2693856095864073,0.2673190184113151,0.2941551750624802,0.29925586773368984,0.24605967222267308,0.2690463189197453,0.3365506574252927,0.23805295103583068,0.2804923698334628,0.29623190358639456,0.28676342369772184,0.26528614238507175,0.2567699317176382,0.2710073480865031,0.24318344832770367,0.33371982023931984,0.34254608264262226,0.356304325684897,0.21597138932861526,0.3618440409740329,0.3005754827894883,0.318897135836086,0.3309210829350718,0.28850979684938793,0.2817160956411403,0.3196129866182919,0.4195858979112933,0.2800607594472259,0.2982447112972772,0.2009288748673324,0.23225674879785962,0.25393829581379673,0.2591712518941076,0.34168166557706414,0.2778537028752241,0.280453515205787,0.344929407542533,0.272486662855883,0.25092517191857955,0.33474602649322716,0.397152959914102,0.2442273278392807,0.25956768787086737,0.25037749641475504,0.2597912942336533,0.33057328291056315,0.32992511250461504,0.2700966616769597,0.35762634111099506,0.37085101108899926,0.25722679415618305,0.33234145028673706,0.2565951783426302,0.30700957005760215,0.3239332333514509,0.25501790792635126,0.2520440700135452,0.25948360103658497,0.3779176070614173,0.27155660138661214,0.25619955964845936,0.3262624384870186,0.30146777520553786,0.2672652474569138,0.19652817614210183,0.346251042199212,0.26457438407905104,0.2368173730021254,0.21314465555186798,0.25088699093258315,0.3478510508149037,0.3508388726894604,0.358110628398656,0.2560033039962394,0.27861706523719987,0.2758398394288319,0.25132577778857046,0.2156600015738323,0.359849381490267,0.24695861320904347,0.27248947165470616,0.33229632678752064,0.2752543754463015,0.24227028792989636,0.31751651858065183,0.2342263933839389,0.2432365834852642,0.2688712341715106,0.24595863445633756,0.36358066670023725,0.2581555172441926,0.4013536474418053,0.27351606668575434,0.2478113464746311,0.29457970652059406,0.3048680749671333,0.3232548586241766,0.387924857490154,0.2747276134108865,0.24186831562106775,0.26232000570212105,0.23969172293548355,0.2970351628704786,0.2597180047941094,0.24264738746668238,0.27595504956148953,0.30040058829303345,0.2859486534853621,0.28033466744675256,0.2552802600655738,0.2607877873661053,0.21102924624340813,0.3034774485129311,0.3001276561687867,0.29011440070639843,0.18960640028508793,0.25181023050887696,0.27846346753517004,0.23294718141228582,0.27281890158372646,0.28030037288826093,0.27760564000109006,0.3147345967831894,0.34205912431317553,0.28049441021904814,0.3351789484927403,0.24250292343546997,0.3156042974415542,0.2205369617637277,0.23544793259140956
0.24797132323922128,0.2837844469814035,0.2535818207874931,0.3969550217920114,0.37930893614886796,0.23118436717449517,0.0,0.23323594979481324,0.28658297126342347,0.27470321466492303,0.30410329493620963,0.32628176412367493,0.23313368156559267,0.2784257120878422,0.30281388650297303,0.24659518075257694,0.26148969479155715,0.242004289746521,0.2769555569210098,0.23034688155635608,0.3463980921401677,0.31547994080345504,0.3864397414142656,0.3493841022042774,0.31953873765603347,0.29170104675450836,0.28212608761872837,0.23777912415158312,0.26785386181667226,0.28461671844546077,0.28751946987566307,0.24615080914200238,0.29940228107018846,0.2873420135790371,0.2880966657592241,0.3106934562906502,0.33316828271310317,0.2826093702133883,0.31899581897503604,0.3614417721764922,0.3081519095264476,0.3950673884600219,0.25748877830918304,0.36670774213090723,0.2698105710619656,0.22259319107793513,0.24860258137767188,0.30106151981541196,0.4317244176949833,0.25428089739860643,0.3288619696648908,0.2519526484895463,0.19785726994413846,0.34505990061192715,0.3321412945099008,0.3363855911748254,0.2595046001731341,0.31116609179182325,0.3220674895650909,0.2397943004060446,0.22236883645462402,0.21029517655484756,0.21263657331844113,0.3066242509764383,0.24117877126021514,0.201021850080788,0.3431616262435681,0.28901246979852674,0.24468042142383728,0.2588345975186399,0.2905163847154007,0.2643499788384299,0.30395749222964435,0.32033287007151345,0.20894147200604538,0.20455894155076076,0.35682185762234486,0.3995499546507683,0.20903719659224207,0.24039053951853837,0.245743524186055,0.3563717376763927,0.3111483287543465,0.19638419143754485,0.31712158426970394,0.26984498003241314,0.2887774874209828,0.2775007995968553,0.21423344445958803,0.3114120298781996,0.36736711685152384,0.4242362712060619,0.28151206820067043,0.2130837682463276,0.3726556600984665,0.34974305429443586,0.2084043990702574,0.3436423728747706,0.31386837356232783,0.25087690680348446,0.30572278550663345,0.27624698671824727,0.3751942961758875,0.2818732465350736,0.23980564207079788,0.23689692823681516,0.23199043168222214,0.3076927253941382,0.2705609047920559,0.351500754754468,0.4134362830299144,0.3363475278245609,0.27922400105730244,0.2905339520714994,0.20232447997616118,0.25154808931959205,0.22173614246050313,0.29026593656829186,0.3123853882510889,0.2918537899862275,0.3318101383227924,0.27177824286441704,0.2779742006835627,0.3194558476510496,0.29530804838286157,0.25756754961591943,0.2695691608957287,0.30388851898368835,0.2599726172622343,0.27645912588518995,0.2591775430070269,0.2625442619846886,0.24062868999847664,0.30834761455636783,0.297938934674446,0.23400847815888184,0.2199703575093829,0.32950198332950886,0.3079691892541098,0.33234793268388135,0.23462357244488274,0.30619937739170355,0.35748178611801007,0.3627340159036282,0.36518123282730997,0.3559525810162782,0.3708490734322316,0.23944877893440425,0.26154909722656416,0.2092646831447598,0.3025725036148366,0.2522993720370094,0.3267745236178964,0.3546855789720387,0.3786547313757992,0.31951233042762317,0.2803009262025141,0.3401439975182635,0.33868120430666904,0.29756239953077146,0.22659398665404873,0.2813050795606773,0.41258339522245174,0.36087620909647244
0.29120397391935576,0.3338650337970296,0.3442164542554491,0.30356111941790526,0.21105733558532191,0.32188935213530623,0.23323594979481324,0.0,0.3101181109296282,0.3232935885714344,0.27276819882991565,0.27742617953589505,0.3685277851459707,0.27675978443356314,0.28551702586184285,0.36715930412554604,0.35935839054423613,0.2612292123770607,0.3514876983466032,0.30594591843737423,0.3397721820667183,0.28053412803399574,0.24019930083636462,0.2571664518011955,0.329092009054425,0.25194958598369105,0.2806298817236446,0.3496986880322767,0.25534897683389984,0.31380594114737437,0.39230486002813236,0.37643090281915964,0.3251047823926834,0.2455100584105075,0.2869960592820339,0.3030890879291664,0.3317541214462996,0.37143851318722076,0.2749788441582587,0.3279460889003042,0.3222283590977751,0.24512154117014165,0.30661070067383,0.2850009001489044,0.39406926226002775,0.27144835910869564,0.23295546837009978,0.2712999206407176,0.29863314927707235,0.30997653539434883,0.34736445285816464,0.2881710565231974,0.19921906608978646,0.3399742292292208,0.3150889220611803,0.2926768069340401,0.3224718656384116,0.35356532703114263,0.30563333658686176,0.30572693511438087,0.4707553589238918,0.23758748950948141,0.296283847533038,0.2331866196944369,0.2208651478210867,0.24799065803503723,0.2734493373361614,0.2731189102762255,0.3266052163642534,0.4682925975853009,0.30708873483234483,0.29453285156244274,0.27270705455204863,0.4151951066121235,0.37318396181012825,0.22353945143682694,0.3170081461622668,0.2582367557264639,0.2999803176162127,0.245564195784505,0.2548333554487444,0.30472595729502966,0.32886102871841655,0.33380492591072286,0.32730386034130676,0.4215722770288904,0.37557825264564965,0.3260928378321016,0.3146129012106609,0.25088605831791977,0.2742257988866051,0.2616588865005737,0.32654547349635255,0.24556957906317686,0.2968753142589458,0.2891418940920821,0.2996482762336856,0.29170861765567113,0.20812778576247262,0.3360942239029394,0.26226747548907814,0.378380241453794,0.2509965346621648,0.2961158959120028,0.34652240704030224,0.3186467224334041,0.3519978354485909,0.2888510796238598,0.27700463848131324,0.26460191834185576,0.25788726823506314,0.25975757749529854,0.33733361357090913,0.28136262333934087,0.2578488085382747,0.33444380241997884,0.269110842515096,0.27647138869207905,0.28036996448741974,0.24264875309960993,0.2602524166281996,0.4029827300942301,0.24383870753855683,0.3210796431117224,0.24635097659636424,0.33081078501056366,0.27325944479202413,0.30865289752027686,0.30585259194234493,0.3066499168351647,0.36327888780120743,0.40282866257090366,0.3102594463378378,0.23538280561433716,0.2838726411952076,0.20209594951074894,0.2513646353583722,0.30283160615564936,0.29758411031458537,0.35283192427196314,0.25307691665996224,0.27109774281235477,0.32979213316636097,0.2866129619495691,0.2817416081116458,0.24822283739266282,0.32295382280919477,0.2566885481729466,0.3439842275095559,0.19774557001059095,0.326597620850535,0.2597919481553124,0.2832265383380373,0.29804214875760693,0.3287418259901511,0.32741953185352096,0.3175621697633043,0.3384639377020923,0.27058205526920237,0.3302319226905278,0.22844005986962093,0.31271857355640115,0.25611644971573994,0.24258214627905833
0.35654332404643635,0.3006421377401395,0.2938224346977124,0.3179176414155167,0.2721647004738686,0.2694227814275857,0.28658297126342347,0.3101181109296282,0.0,0.2666176608791107,0.28632007107672747,0.26486598111544696,0.2870306672993562,0.3603013573680783,0.29469188341914465,0.33512677881989156,0.31231866050898355,0.30474384801036686,0.29102964921298735,0.31991729179147993,0.32533701995838615,0.4085894749314454,0.2539962572296153,0.28345189862860165,0.31258186669249816,0.2599356191771948,0.3119916273802432,0.3240278699033807,0.2631835838791863,0.39394002672351813,0.3906530071080077,0.303802712223158,0.3091681406896466,0.24041502892684927,0.36822699543769255,0.2983183887578167,0.3253740264264178,0.4513897463750782,0.28926930673794915,0.34488491142661104,0.28165666623034746,0.29902606469298865,0.2614386091027593,0.32752787923736976,0.32860954883192217,0.25775044538638375,0.21825089195154648,0.2714604549926163,0.3296876176446995,0.3206711405207083,0.34069737463280286,0.2763784068345029,0.2257921228416678,0.36205599962905544,0.30744152889837917,0.35154226789643656,0.3393979796445786,0.30242820656991287,0.2921452153072223,0.2822673974798941,0.28335522219730763,0.2563157069155687,0.24833859416919404,0.262590055639026,0.26615737245203774,0.24314725223571004,0.3433509854340715,0.30316057643372535,0.29199873338518806,0.34291283746782036,0.37383937906238346,0.3301423270782872,0.3492551218925389,0.34879926636773534,0.3119659261900018,0.23389546639553238,0.2804934858582407,0.2636053243291245,0.26481170370277346,0.26272050008444725,0.23615127126395133,0.4932141018675232,0.3532182034953629,0.25785001673061675,0.368890066725349,0.3870837833096923,0.29235666635823265,0.37848054586192686,0.2710058668910359,0.34198634974138387,0.38885778812633354,0.3535386086482197,0.3190369811281694,0.25778381712409654,0.4500907153394683,0.3379640721050992,0.2739263888242076,0.2773124215087478,0.2960366784794635,0.29650939130841053,0.35792299142045286,0.25771696291720614,0.294068019855753,0.257063407756926,0.3470821468084218,0.27459128783920184,0.2566034886689882,0.28337972701262554,0.25118776828157324,0.2542999615497712,0.25935979265131454,0.32970568037227416,0.3743590714810502,0.35395160380371976,0.25387502243850796,0.3350928082128064,0.2394572236576815,0.3112898281244071,0.2515862465602871,0.31465091631656655,0.357663564667358,0.336407608043725,0.2775333601961213,0.3353814218338723,0.4170118511226438,0.27648545396893454,0.33372134008055376,0.25665098359783667,0.26601758098842637,0.3280952023776051,0.3712986442760728,0.3634950945038684,0.33834233208808223,0.3653640186133216,0.2925268507333503,0.23493677235962457,0.24119151822375784,0.34793827206869055,0.3161783232988074,0.3905085070458907,0.25268278919660614,0.31057148199612866,0.42498846721357275,0.36823661919476236,0.3025696281780964,0.29344345155367413,0.4434536883731722,0.2364661547838391,0.29535021326467836,0.19828102627944902,0.39589522038820246,0.254609130488962,0.34549301575484853,0.29056889580070777,0.2931802487265353,0.37696035927411853,0.33711801493879345,0.3324259607482844,0.40634501107003085,0.39171173948888804,0.20344916203410127,0.3562277740476809,0.3224835133839972,0.35228764832702236
0.287443670421795,0.42332362420356995,0.43684050363980176,0.28286651917243716,0.24121905388975598,0.3188364794234649,0.27470321466492303,0.3232935885714344,0.2666176608791107,0.0,0.254390538040368,0.2572253452032915,0.3064225113791573,0.30083476600475473,0.28320009629462456,0.29936243319530914,0.3522823390600379,0.28081053841911957,0.352814693291375,0.27555752848668064,0.32507759638231193,0.31110264257429665,0.27108327670313287,0.27149790277857067,0.373232976728895,0.2144380525060338,0.23539743510176783,0.32934891157934043,0.37476151600776575,0.2783294193198301,0.3017195189251911,0.35340611342697564,0.2807303586557291,0.22791972630051371,0.2847040371647416,0.2659338081828841,0.27767463572991,0.28784398552856416,0.2265617218848231,0.34471313852378976,0.3011054043826151,0.2890681911910532,0.26078792466340456,0.272352837339868,0.2793517161318723,0.24271687923439794,0.24139104232097822,0.25948199574615144,0.3409136598310756,0.26892010453501997,0.3329075709462046,0.28176272943822384,0.20472717240958224,0.3329942774468241,0.30812737874579443,0.3188599666230672,0.29572798418911833,0.250628642723356,0.3650684452951405,0.2753244085922267,0.3143317229975545,0.22068592352419586,0.24165632517718968,0.22746076866607132,0.24542004300905387,0.23371124510764743,0.244697490841063,0.2834290523965741,0.30624166274068915,0.3164739308498164,0.2902010233183946,0.30862372676044164,0.2479068408193273,0.36247999828269295,0.29899133306737535,0.23531918038033417,0.25335647448138715,0.2747496043867822,0.22794091539543562,0.2773877339349715,0.30565106207351705,0.2891969189124965,0.36332228097566227,0.26871137670726264,0.2896023072083345,0.32878228101937335,0.2439250906475206,0.2959398118707391,0.27351898787664525,0.2255460670281778,0.25694167703986964,0.26558122113553034,0.3397506738734858,0.2359293171750223,0.3205744868318948,0.3024811698647808,0.22481974849689984,0.28820143161123757,0.2160235896272578,0.3116390011505305,0.2510412183630728,0.2627022258515293,0.23508190105086654,0.3640713828513433,0.27519495706098235,0.2697362552720399,0.2891980495524519,0.32371590626026625,0.27989470679908435,0.30317583302790907,0.2615590623516223,0.2357149927380227,0.31455573102448275,0.24972517989062776,0.2273280378752777,0.3241786123606892,0.2723946098635162,0.3402270483571953,0.3348685255203786,0.24627224305109782,0.24962122956180935,0.25069321807632755,0.24058001996059214,0.3475972836153594,0.25196854023306897,0.3660913533695416,0.27458124053631017,0.22386228927908114,0.34968719960067857,0.2974031612340831,0.36945111170747524,0.3413427950621623,0.2355343682886372,0.22353806894112963,0.2607756254266844,0.22772878255550721,0.2461022528151564,0.29348211278650316,0.2966416010574238,0.30419891206762667,0.25343714300654474,0.289455934324709,0.3329269717409709,0.25847570747778253,0.2621334980445485,0.23324055496433838,0.26382427121144275,0.28338710120011534,0.4582766757197885,0.20208742439807917,0.2482799559057285,0.28452874259013566,0.2599304475745138,0.3493242542048439,0.3081776686851175,0.28273793497613525,0.29695738116082976,0.33799427672905963,0.2894693532494198,0.330619086572138,0.29091139423003454,0.33308127895873985,0.2801966758225559,0.2457249883971288
0.2732119733195333,0.2700235575832293,0.32443265201025123,0.3351238817705142,0.34026586683899535,0.275514471489695,0.30410329493620963,0.27276819882991565,0.28632007107672747,0.254390538040368,0.0,0.4065295517929043,0.28695395775743976,0.23623799600031334,0.24735981333893337,0.3536976031208921,0.27952005939413715,0.2354487826929737,0.28568045210689036,0.2520018008316147,0.3383504570697022,0.3716795980630543,0.3137518465366688,0.3128988963305569,0.35636695570306903,0.33375923381867595,0.3530400220285898,0.2707193274689507,0.2547759937884487,0.30833308019380584,0.2849744382481594,0.27433318238289217,0.2488594282549428,0.27868285849879676,0.2695689647151044,0.3191733606553354,0.390480699716302,0.30940392185232457,0.3580290104578782,0.28687344631218864,0.24796680462432688,0.38758269266918893,0.24470315553897198,0.3384968918011392,0.28584708606061365,0.20713740472704958,0.19096215173179248,0.4193678150513896,0.33221401950940366,0.24023421398159803,0.28723788894227253,0.229604384412244,0.16370576858395486,0.3429361159996255,0.3561251704472629,0.25868964379111176,0.25752565096825686,0.43111270187092887,0.24343142112239796,0.22426545512629043,0.2628754275407823,0.18120624669450133,0.23841171506384318,0.2698109879012524,0.18697777989876946,0.20463570413414087,0.33980251803710015,0.26422917430902565,0.2769546125361084,0.30919271770879136,0.27315807197859293,0.21960425891616508,0.33575782373971436,0.32329197180593927,0.2669949944968945,0.18447165992649475,0.3591166987269475,0.3398972495802092,0.20686338645335148,0.20571317636116446,0.21953554969240438,0.27860150199866435,0.27648516237425985,0.23843091686322693,0.2780071223780476,0.2803940389622147,0.34341021022526913,0.23684278840993553,0.20574675766434303,0.31923634547763075,0.37085582087890034,0.24545353158994973,0.27653508388003945,0.20530159494600414,0.27693575742675697,0.33656481851109893,0.20306126667243718,0.2613662935720089,0.23722818324528236,0.22201785407285296,0.26613843374699925,0.27693185619391003,0.29884156899165687,0.2467075321486064,0.24843559790911604,0.22720719729282599,0.23446991399052575,0.31623520654344167,0.21407536696238474,0.3632361269946752,0.4210535588472235,0.3189729127112602,0.2745343267005506,0.3289826732408757,0.20094028256905436,0.26194888573174663,0.19543468021982127,0.3036822208938173,0.321087034456841,0.2718030355053652,0.28838470067012445,0.24224525153054216,0.25732748231712094,0.27589923364167146,0.24218300617207786,0.2827534239886859,0.2143529176380039,0.3141814425831903,0.26122630954255915,0.23546665514697843,0.25399979081537355,0.31221174963964016,0.27408415446918466,0.31145452044721755,0.4030732509620526,0.1902683391864166,0.2224595694290233,0.25735828080045575,0.33985859363112453,0.29950961317372327,0.2255427651677693,0.3012878800980329,0.25019786843329517,0.3423587355007359,0.42970801971938555,0.2958187536732458,0.328916987793233,0.20250167708559685,0.27825477456593245,0.24094918835264706,0.33359924172581473,0.20058855270524817,0.37826507512303703,0.28762884248067966,0.3315583102027588,0.32506216160904244,0.31552946887456845,0.32450547813202407,0.25732066987466057,0.2628268517395268,0.18351606769774384,0.25152394462805133,0.2550693070232542,0.42174228242428213
0.23712091706828303,0.27972573155182656,0.2950056405085742,0.34138641075751414,0.29427707425771876,0.26454047586842183,0.32628176412367493,0.27742617953589505,0.26486598111544696,0.2572253452032915,0.4065295517929043,0.0,0.24041018133149777,0.21208139803077622,0.24620969344214338,0.30986722008947537,0.2700089635791343,0.2118532210340117,0.3214838253667468,0.2410948306868334,0.352924633634997,0.29771302645881553,0.3101658069107665,0.2935356520420235,0.342130046911284,0.344594191953418,0.3278810765857651,0.24379884008037875,0.2652711521871261,0.29088056823738145,0.2938829622132773,0.2705343148918075,0.27766189408268455,0.31952702750241735,0.25793518364236373,0.3466721046493766,0.32274589084958794,0.3123902256269183,0.40949111585594256,0.2927986843040287,0.2967171626332652,0.30410015119723227,0.24513494510403971,0.34459886465900036,0.2942287046457761,0.22698286882378851,0.2147162579778471,0.3575388374799405,0.3204279314293663,0.2560568015443437,0.2966637893818914,0.25992710423871435,0.16814777451605042,0.37456089941855863,0.40292495156857183,0.25639370049012433,0.269561254642266,0.4142207193711159,0.2298539484240409,0.23981016076739628,0.2358312588217619,0.19084347769143456,0.22693958218031307,0.27971479722525067,0.19023520171869535,0.20089048583092856,0.30241458325277304,0.22524959135964148,0.2389728893045541,0.24950273389979163,0.24583776505914245,0.2249325287691304,0.2831796085682068,0.2909861578820612,0.2429629616948026,0.1833202965755175,0.3259115940902239,0.3838898771575968,0.22525385383676896,0.20154738855700846,0.20852322522516023,0.28102117084691464,0.2670554865590112,0.21840915236403047,0.3183474167404341,0.3035223645814611,0.28599401382246337,0.2418818497809776,0.22766288302835802,0.32918639713202624,0.3348715369078032,0.2866368266863635,0.277916677208069,0.2090869481553995,0.2685630768932163,0.3877595887946638,0.207140828988407,0.3138725322868375,0.24486649160896506,0.2371998552455855,0.25544943559278677,0.2668995714178876,0.35078811206148436,0.31602921578916976,0.245525174222633,0.25162435579662046,0.2607763099764595,0.2837557444752902,0.235504929443561,0.3304509555953785,0.47544439299692176,0.3778876742133422,0.25787586889559305,0.33801113937442223,0.2159208958853305,0.25717589548925884,0.20825179070024957,0.32404526424792923,0.3279259750090987,0.2602138097101093,0.28522904499385376,0.2633150086578293,0.2538399472183622,0.27028196931386134,0.2247048202528749,0.3308671822230116,0.22704046178199716,0.3228121599488044,0.32150102732601693,0.24612959414438232,0.2418519098161221,0.27654988204763126,0.2389660244851802,0.316414770692794,0.33431220780421533,0.17942034898387355,0.22925915589307566,0.2863031020185784,0.32141302745386946,0.302535207299238,0.20964265208836802,0.28199224069434614,0.2738978283648218,0.3545626576563712,0.41905123666278404,0.3600634282601781,0.3592847613012297,0.210544559400761,0.31071243232923584,0.25475191673131004,0.3071152293919424,0.21370243131365999,0.3259553227677555,0.3009804863753152,0.402500460926844,0.2651225925060613,0.26330113601921623,0.31985612047322887,0.24786842339588977,0.26243190494529917,0.17810228556319047,0.2403649323323857,0.26880371174555595,0.3207951674563193
