0,1,2,3,4,5,6,7,8,9,10,11,12,13,14,15,16,17,18,19,20,21,22,23,24,25,26,27,28,29,30,31,32,33,34,35,36,37,38,39,40,41,42,43,44,45,46,47,48,49,50,51,52,53,54,55,56,57,58,59,60,61,62,63,64,65,66,67,68,69,70,71,72,73,74,75,76,77,78,79,80,81,82,83,84,85,86,87,88,89,90,91,92,93,94,95,96,97,98,99,100,101,102,103,104,105,106,107,108,109,110,111,112,113,114,115,116,117,118,119,120,121,122,123,124,125,126,127,128,129,130,131,132,133,134,135,136,137,138,139,140,141,142,143,144,145,146,147,148,149,150,151,152,153,154,155,156,157,158,159,160,161,162,163
0.0,0.8373465532636334,0.8560573657544907,0.8306540783379363,0.8464853612149196,0.8123588790856879,0.7932730381712507,0.798112484970076,0.8844304477462752,0.7911862448286231,0.9400468956683382,0.8881782188160433,0.8908372202640753,0.8046093440521913,0.8298376156432826,0.8897080501754561,0.8589314993414806,0.9507267680668748,0.8855078177586743,0.9596701597116625,0.8949041843058534,0.873681383251458,0.7930867763075372,0.8607241565212802,0.933144450706405,0.8439661932088525,0.8128547924769989,0.8521732717646601,0.7622412533651224,0.8594912999502141,0.8674363849405164,0.887317068029123,0.8204880033196292,0.7969489330728076,0.929016393955889,0.8501794342613599,0.8940931875923728,0.9263520941087597,0.8132732379504586,0.862314239609764,0.8501879484452165,0.8291514064994755,0.8778791688341877,0.9183333567112649,0.8781911643851467,0.8631600208413475,0.7929586765837853,0.923022759426861,0.9282360912190538,0.9208210334309767,0.8893319356404447,0.8855814025250656,0.7583642269776619,0.8409631146509281,0.8711933770617956,0.7751217210969705,0.948535595189708,0.8593022458915919,0.8777024041404435,0.8540304710351037,0.786209640318798,0.7155318461048589,0.8963014614417489,0.8218449839165598,0.8561366731184268,0.8770406260903735,0.831726369805162,0.8277594344440043,0.8814503667288562,0.8251569216059116,0.8959676021533127,0.8653179660518264,0.9117896452963039,0.8775329962239503,0.8637788916357428,0.8561829117134344,0.7870424243921208,0.8232647113072737,0.8321559942920281,0.686056215405824,0.8272892896253957,0.8476569231822715,0.8741296974914862,0.8542187309339159,0.8979081950228082,0.932340833947453,0.8089467227172928,0.8761654811352838,0.8327011683774179,0.8125683282925197,0.9185225229529984,0.7887625285915785,0.8945901527408973,0.9059264026312865,0.8798618950474486,0.8398203469553744,0.7759585786730776,0.8020094794553035,0.7290961107762918,0.8224532754994642,0.8056252921216153,0.7394926398511548,0.8415238982743184,0.8365538170660148,0.9086895763155131,0.8412573049903405,0.7954463694172331,0.7935849809137505,0.8433857821221576,0.848554644847429,0.8909322729979379,0.9205517967002129,0.8477448013678069,0.8035940088671496,0.892667251827697,0.8630410102315612,0.817135670638956,0.9144897450008586,0.83022979742261,0.750357306637547,0.9032525622111589,0.7182577425692626,0.8293773104226614,0.9042364257588857,0.8116447813498977,0.8491974469830323,0.7258760733204586,0.7953414182691876,0.8200720116762874,0.8918452291933073,0.8028286393892993,0.8380191054851917,0.8220502332798338,0.8579839921873331,0.9040783213730024,0.8191127188934658,0.8853357595383271,0.8792266716365456,0.8864696030427193,0.8636451541874509,0.8423632955063577,0.8252067250833287,0.8248013759000504,0.8310430407311925,0.9207385947960941,0.8786483086380191,0.8727329215969573,0.7155589260432178,0.8895179202775116,0.6831426107681615,0.9213009402797813,0.8166142685127872,0.8911756238632691,0.7978644228610211,0.8728506840287503,0.8585450596560438,0.902557989109701,0.8373752911934759,0.8504468524652977,0.8486812316039463,0.707214178291538,0.8779275877262244,0.9215398289180067,0.9616638640310523
0.8373465532636334,0.0,0.8044807269842651,0.8027755370216298,0.7767574738677657,0.8240315975010108,0.8238356365210024,0.6951556064115618,0.8027149910241916,0.8021660670193862,0.8177801086291331,0.8295026440903119,0.7917280292758119,0.873829251193939,0.7614425312701473,0.7715324964812129,0.8058733218853329,0.776532648789716,0.8055882441519436,0.834459301645396,0.8198985024998263,0.8454518948125951,0.6995630821605344,0.8222239489165214,0.7715238350039718,0.7061980706510539,0.7380070093426108,0.76443748190281,0.8855125574182756,0.7340726626411187,0.7771331724750716,0.8151790747230796,0.8431040846886696,0.7258186841793605,0.8707612545770087,0.8496606245753588,0.7405694288099293,0.8049451412308768,0.7830945296534989,0.8586527249237208,0.8766435078811614,0.8105604584822049,0.682019463109633,0.8425434375307005,0.7713826883076044,0.7547138154864597,0.7672189191926109,0.7832163338362095,0.8014965140564729,0.8428361087899243,0.8045167151873522,0.8304753741946439,0.8946946015756824,0.8695928185767483,0.8195242607452691,0.8658089695694049,0.8411348876973272,0.743700055197407,0.8511049410962723,0.872636835666255,0.7399813909143377,0.7359019515908288,0.7513557095619958,0.8201080294045953,0.7982381431175116,0.7586012834666476,0.7954088050835846,0.6984151870115557,0.7064993483076922,0.6676326774083354,0.7857689287158928,0.8280848338481014,0.8386362263299134,0.7950069282116541,0.8105214190972084,0.7936972158516411,0.7121903362061355,0.8341364539805598,0.6863558201573831,0.7186263923451114,0.8211692145540068,0.7872553718904516,0.845120992273947,0.7575456549528022,0.7988008446213488,0.8403601608656212,0.6698140265283895,0.7393992867154481,0.7467081317598827,0.8365190176756967,0.78355132602839,0.8554993459149653,0.8697864548874258,0.8920188282348546,0.9118229852118594,0.7884584365457048,0.7742122763900611,0.7664296583482562,0.7866492379240682,0.8189297399900876,0.819645036738213,0.6236563629696137,0.6767818071579301,0.7056358530823678,0.8121898755474654,0.7294710078518987,0.7362057065951557,0.7112368482387197,0.8323241381982611,0.844562569180351,0.8426973372562407,0.7970566878195288,0.8028091952868304,0.7277251617646787,0.7969898809012154,0.8418899774488376,0.780853055506767,0.7514127892820827,0.805299565218838,0.7710299049009969,0.8590106593403356,0.6231557995326229,0.7857835521249338,0.854989769237448,0.8224542544854665,0.8023184911111105,0.8020154726504937,0.7542062025878021,0.8179694819384654,0.7903270707271561,0.7948528749064228,0.7750575537881145,0.7278221639203153,0.8972735629943925,0.8127979951603149,0.7997619040869491,0.7651790690294027,0.8192918745216077,0.7499354366759747,0.7290496659363658,0.7579954709467627,0.8618374657632142,0.9280591462259351,0.8400429263946542,0.8288243146579591,0.7168472599480396,0.8344535064633962,0.7480746782492503,0.7761545267296447,0.7429165193921837,0.7617573637723369,0.8801707753328383,0.8445115265139174,0.833395450832892,0.7463030709874638,0.7269375111071068,0.8285777793743734,0.7677315171250575,0.869015043869211,0.7825191082435083,0.7106999282643857,0.8465157112347159,0.8601454021574316,0.8437843268867616
0.8560573657544907,0.8044807269842651,0.0,0.921004371929175,0.7478871321264146,0.8811871862213514,0.7096282715976674,0.8792539399048662,0.8032450671778917,0.8719413450396019,0.9353035109860515,0.8814572594871093,0.9192707007834328,0.7324481085553896,0.7614804906548327,0.9190795140452153,0.8734202455688481,0.8614249491472065,0.8620332932027287,0.8302952749439686,0.9034785709436899,0.8898698308386122,0.7223270988500224,0.7823415448646143,0.8698759735025186,0.8179881265335163,0.8367758008399979,0.8623049303701947,0.7174199978173516,0.8193714787677743,0.7686962122920763,0.890086636386395,0.8319251116085901,0.7438629391368727,0.7462134679071697,0.8002454024805138,0.8399867090939929,0.8500850001820037,0.7830015913615543,0.8260011712164799,0.789500362557779,0.8340136244724863,0.8188303973743725,0.7749321475344588,0.860068067050014,0.8413161891324635,0.6877593469591284,0.8353915951230171,0.7926758406924396,0.8425855522757969,0.8853884792443033,0.8480200262025992,0.717102896767288,0.8803849332935668,0.8514700776035092,0.7142235879698169,0.8718815296315148,0.9200114658798606,0.7954766524400865,0.8173442522484105,0.8785933016228386,0.7068178973192093,0.9190189865102656,0.7032819533494562,0.7450907642553283,0.8609216661330955,0.8410784990258681,0.7996835515705547,0.8749165616896585,0.8750475715880484,0.8384901046035457,0.6954061710385805,0.871859085214363,0.9562348286915767,0.9378190712194746,0.693431452377387,0.8793870891809644,0.7767506059962227,0.7876738446353141,0.6131846273071645,0.8264825405404925,0.8177774765831043,0.8381240523619256,0.8506394042478946,0.8389302900168774,0.8796444212546143,0.8286522219131717,0.8001806861580081,0.8243184112926133,0.7776692014335043,0.8728138216802765,0.6928322459790901,0.8150757128106252,0.8008424832395833,0.8238558174245828,0.7805425825602389,0.8043274368655381,0.7381736002186933,0.6093911056527593,0.8314959086328554,0.6841259740270418,0.8125617665106771,0.7784406106468953,0.7747035807908536,0.8484242923413426,0.8370090610226241,0.8748076825867562,0.7689256900209154,0.789377633344219,0.7883662538130779,0.8529059746623957,0.7966346277154693,0.8545672588150978,0.8520117894608384,0.8162906315187375,0.8651141172039324,0.7252573915009194,0.8142338594960882,0.8566226013540457,0.7150476929334499,0.7468923603362508,0.770508817902924,0.7143611685150453,0.8481066178825202,0.6354020679906935,0.8369852947280182,0.7582296850293987,0.807631136752872,0.7980577360927429,0.7870639453452973,0.7930249948481919,0.9448304607141743,0.8037501430263567,0.7687430705511447,0.8414923305345396,0.6571819273131434,0.7371720710976416,0.729907720914585,0.8302987445267505,0.8084933628535264,0.8004570293630809,0.7628800615412118,0.7975456076303551,0.8306743614953027,0.8022851066130701,0.7588548867032497,0.8196254821041462,0.8113396748095354,0.8144330779367853,0.6597727685176343,0.8261491381742604,0.7040715704633773,0.8804196406477138,0.8303533736234787,0.8712634922335878,0.831451247453783,0.8824620998027951,0.9028057715247882,0.7175707094318078,0.8284657979303433,0.7008246930809943,0.6876686437126784,0.8416413447818132,0.8364849429781978
0.8306540783379363,0.8027755370216298,0.921004371929175,0.0,0.7271387389481085,0.8657692646689835,0.7440533980000572,0.9051561257496058,0.8110356111833583,0.7673264853507974,0.9040819960533376,0.8816838289293338,0.8961105853721874,0.7353979846059759,0.8203007049114474,0.8611722781234468,0.8006870929551007,0.8132952320988435,0.8468683035894577,0.7972569937422332,0.8792458294345558,0.8809076446032721,0.6816338845542883,0.7876636499994356,0.803898513724644,0.8327631988837272,0.819197333012847,0.8013036070515017,0.6790793367643602,0.7578636923042774,0.8175983773687105,0.8648996811656662,0.924557837256563,0.7374780875139929,0.7415038272209492,0.8316113516479178,0.846536124464549,0.830502057295877,0.859000724227359,0.8266163912661768,0.818124835342219,0.7475635580270844,0.8131859088072065,0.7940915515396615,0.8832938937201573,0.85885246970572,0.6490223267579044,0.8293425204086899,0.7655777216166786,0.8562688456469083,0.9399907786813286,0.8308740251313231,0.7372729841112787,0.9459417860630915,0.8943005643735413,0.687982927509655,0.8716264144311568,0.8937208859820985,0.7734430669111638,0.8549499746549097,0.9281567591283728,0.7482039379797076,0.91184387361188,0.6788198674894925,0.7754454030724814,0.8820053344090948,0.9149550643624583,0.8093951530066001,0.800338784082716,0.8682796176366597,0.8855030827787584,0.7017662885622338,0.8429405451069502,0.9701288156570407,0.8937046455147706,0.6944941623041646,0.9379664933539363,0.7732470020216545,0.7945690121640143,0.5993671585217858,0.7654308950925176,0.8856782599845872,0.834491601665725,0.8273342732821444,0.8231883601453884,0.8653325536672574,0.8475154675933663,0.8308261541484081,0.8230692429167018,0.8465273983221775,0.8542530645987126,0.7461813647108785,0.8227764471917508,0.8271803881528661,0.8479463248942476,0.7930606694462436,0.8816950666364479,0.7033873832527057,0.6189514874775527,0.8678700458186959,0.7283584663777363,0.853905851412082,0.8000113697645368,0.7245688546582517,0.868788653780745,0.8174456719996589,0.8897865682037569,0.6835250226119653,0.8031372876082977,0.7571032797324371,0.874570983725754,0.8027772572407604,0.8630787328023,0.8251634533805711,0.8274223301110855,0.8282473062637925,0.6749498173728802,0.7726691022036398,0.7850436123148076,0.7080432652978084,0.7564525521239204,0.8208361286215489,0.6749028816394324,0.8928721623490249,0.6364700989636669,0.8580087987828388,0.7879458457091575,0.8703865443963785,0.7615122585793586,0.8114873948742605,0.7147841961317332,0.9136213394983096,0.8376606344463793,0.8137015810686585,0.8655661522075235,0.6684965351219432,0.7001267688261716,0.7539439236296767,0.7968757782749536,0.8446279623667803,0.837456204943679,0.7440648681182244,0.8475282429334546,0.8596607338942134,0.8054529886187766,0.7362914099280967,0.8598951928994018,0.8293965391706403,0.7326457197977796,0.6228302494022088,0.8688308055475702,0.6837081498210299,0.8689571224639596,0.8094476586834538,0.8395306962638277,0.8742606731451665,0.8837130859386227,0.8891143340824702,0.7584805352956954,0.8433000482367595,0.6467866541217735,0.6656562488710561,0.8469219683019419,0.8262155427889525
0.8464853612149196,0.7767574738677657,0.7478871321264146,0.7271387389481085,0.0,0.6485826217065297,0.8630747526676619,0.6588262052403999,0.8491660596512377,0.6901665825380586,0.8165148956396355,0.781685595527543,0.6963141004536554,0.7512238941729189,0.8424554527315194,0.7269801631512605,0.7282725155027361,0.8637648615266939,0.7728499931473004,0.8011457661072543,0.7731482595308232,0.8614476875284257,0.7457432066777592,0.7836195907248975,0.7541799450078968,0.689168555599325,0.752143708050008,0.6950410378224934,0.7482759398452785,0.8297516147100271,0.7875320025748798,0.7198619683635553,0.7574880137225698,0.6457026440704892,0.8652262132817894,0.7910792956797593,0.724257853477711,0.8101430272236021,0.7807043850430938,0.7771094447339567,0.8156147973066342,0.7737708946533357,0.7671869670674192,0.8341802376182357,0.7127243482255635,0.7082844654350873,0.7551531187974002,0.7756990287221773,0.8518340039099074,0.862504189078916,0.7954565570306585,0.7299406408013569,0.7675523372684924,0.7615763393967916,0.7827949147342174,0.6501041372296539,0.8136160511784136,0.7500002397927575,0.8446943939630178,0.7614298709948903,0.6349253266663808,0.6434790989533721,0.7372248535350441,0.7981343933265365,0.8460538794715122,0.6857395405509364,0.6786639885934769,0.7261533148179861,0.7930319170139282,0.6957260329908728,0.7838734312673094,0.814747071385721,0.7427779377422395,0.7350037143184326,0.7164546873737496,0.6929646832606157,0.6712302067570348,0.8018556852446269,0.6737754585860414,0.5555138078674354,0.6397666300562382,0.807740198420892,0.8115633267326053,0.6618191602527883,0.7404115466370149,0.7701994814031373,0.6492619092263641,0.8081493372105722,0.6543080550317171,0.6855774345649183,0.8845937919229111,0.7771747898314718,0.8986903046798003,0.743948948478133,0.8481584128004245,0.7529352224356394,0.6764574927292312,0.6586848207226014,0.7407375560802596,0.6563481302709963,0.7347436388843097,0.6309660073309195,0.7332442735898937,0.7586871360175501,0.7822533818539904,0.6766041455542744,0.647245550255767,0.6621368227733174,0.7626905443646075,0.7053285130682277,0.7690930244165041,0.84478978813999,0.6536803155202414,0.6995842362762458,0.7302838520691181,0.7236686817731038,0.6702855860486271,0.8828358244801766,0.6779424247523328,0.6726434895080305,0.9215748978125935,0.625569157490322,0.6766824073408443,0.7748316043228511,0.792749722072804,0.721273384941856,0.6526661633979257,0.6962726445331353,0.6804648830227217,0.8288306390467474,0.7062598590025583,0.6986181651845528,0.6566969366821017,0.805225375014074,0.7828550092676441,0.8354206776612381,0.7458158407374116,0.8544407138213397,0.7743713312928512,0.805250338874189,0.7339346476828674,0.7407304756447174,0.7984841621476713,0.823854401603416,0.7884334201800217,0.7626918969054122,0.853297151063134,0.6232096674604546,0.7525212129482951,0.6214611593522097,0.7718550707046888,0.8107953788419479,0.8655202366401871,0.7877032096185653,0.717524508155139,0.717480184716406,0.73646688641139,0.6601615243436677,0.8110000268940886,0.6958497604047137,0.5994238761343104,0.7697483970680014,0.8084571725153014,0.8911799193946526
0.8123588790856879,0.8240315975010108,0.8811871862213514,0.8657692646689835,0.6485826217065297,0.0,0.6517658676145459,0.864350281538074,0.8016451517026051,0.7957177520893296,0.8604204299592215,0.8334092120062826,0.9163459180990814,0.7762635701743288,0.6965612607127958,0.8721950230043183,0.7982000973045635,0.7333364520864667,0.7896904707089382,0.7805379311507802,0.8146126202591601,0.8020898786560337,0.6155607608403709,0.7025076066412096,0.7944674268452501,0.7764234900247418,0.7508903663334527,0.7867483749128602,0.7205930152179945,0.7531491424225364,0.7806476902525237,0.9214615597032956,0.8294375692398958,0.7300405068858248,0.730599468840625,0.7994619877518983,0.8403344754233314,0.8156110674712279,0.7789791214286591,0.7342856709493069,0.7353255731398536,0.7733595248641275,0.7324436990360905,0.7681889459983378,0.8322310773328598,0.7850805976419228,0.655764776755474,0.8162354985263827,0.7013878499359516,0.7862696676987526,0.8412614140332267,0.8157053044395706,0.7270103056251453,0.8635442375043737,0.8453290689607446,0.8299746177653975,0.8132635905192371,0.8638784475457264,0.6993069349926497,0.8222021428508662,0.9264997247997481,0.8082804152249585,0.8697109383040907,0.6804959854722386,0.6991992722610002,0.8460339815485524,0.8835546712114143,0.7843358369014273,0.7450356992277959,0.8202727525834087,0.8370408492961479,0.694891953613509,0.8789334926468032,0.8835492370846646,0.9171473449859727,0.7505878930869886,0.8707859003768725,0.7592959794684301,0.7436609410060371,0.742906016481803,0.8930033908846756,0.7905794602570612,0.838552936242878,0.8780794010316799,0.8117292458837402,0.8414462077699703,0.8596451450892344,0.7671809642378526,0.8476802288136563,0.8776473758848301,0.7786362447465945,0.7440369919810735,0.7707743108969282,0.8338755262219334,0.8075793185636723,0.808366088156013,0.8692618154609147,0.7326217668542441,0.6583588150592334,0.8645694489824532,0.7550452664107665,0.7897393100741364,0.7139832063057396,0.6671716196517429,0.8510618899215351,0.7933253102888526,0.8506874627261491,0.6934549915342895,0.7286773447169335,0.7711066840381462,0.8167582371606865,0.7446803409824292,0.9530744687523851,0.849849391416293,0.8059432252210224,0.8257833162036761,0.7174207554505252,0.7061349412230762,0.8065312835179163,0.7861451173469085,0.7099285566469264,0.7857864252376883,0.7212284062219315,0.8567705261705352,0.6757911455267255,0.8458808225421154,0.8316739933995292,0.8430128776591261,0.7863417517371002,0.7348486050084712,0.80988333649683,0.940775449757645,0.8814577676621058,0.8274291200466379,0.8044807355059165,0.651162831384775,0.70806779483349,0.6802819338715421,0.7059459609902581,0.7507678767545127,0.7936737254012304,0.8404455101536064,0.8053207942547794,0.8229291941397886,0.8051528584061702,0.6973029739911031,0.8038531460916875,0.8307711438991867,0.7371891062986786,0.7041044928138772,0.8077738181206299,0.7126508965810426,0.771779157491428,0.7178550952489664,0.7862136835813958,0.82039245453132,0.8518327739794332,0.8993127401648564,0.7201409910444401,0.8915466787217039,0.6600818857450865,0.7281265095858248,0.8452170041317751,0.7728016646587834
0.7932730381712507,0.8238356365210024,0.7096282715976674,0.7440533980000572,0.8630747526676619,0.6517658676145459,0.0,0.6265228310227179,0.7526645221232313,0.720098957373727,0.758995394307896,0.7531316428060849,0.6939367191213136,0.7576252244246128,0.8538288814326934,0.6721706054442589,0.6799007145682089,0.7810805444749143,0.7296713316451152,0.7529836539521025,0.7461987671340538,0.820535726488932,0.7139907831199829,0.8292336394197963,0.7301567718550063,0.682048029129802,0.6927684194134013,0.6557121000598116,0.7760793807101259,0.6887396113808218,0.7712220438478188,0.7082649151042197,0.7932208333861761,0.6534294009819477,0.8272534852385478,0.7626084632886244,0.722521384976186,0.7180341107794231,0.7734220837729722,0.8282470140408169,0.8054144095384705,0.7136753695512353,0.7072953069336227,0.8433014805745007,0.7100994033066835,0.710090985774015,0.7415046558957584,0.7689104186403458,0.8454174744241216,0.7966723574424983,0.7897728458392426,0.7123143435796484,0.7747564255089451,0.7936974255029541,0.7825074643629241,0.691079245257072,0.768135770832876,0.6629231508792365,0.893355815830312,0.755428787584272,0.6466680944245691,0.6349418946212032,0.6794933651535455,0.7466211084109002,0.8390329897313374,0.6946236298830858,0.7462111919498264,0.7391600444967518,0.6893608223733139,0.637306951163573,0.7745240277238328,0.7996507836761743,0.7155466586581011,0.7341942651611622,0.6559698973112872,0.7443538890265144,0.681958754438676,0.8237258954447527,0.6411875874571626,0.6024994259441095,0.6592426156723709,0.784137253817111,0.8063790498874444,0.6305093628526142,0.6970324858985619,0.7227151769415742,0.6226315609265775,0.773817970587421,0.650243516214336,0.7313475911654864,0.7678780443819845,0.8164177936025659,0.8416946964305524,0.7751301988694232,0.8430077411827223,0.7693914618403609,0.6775057963234826,0.6579083473603333,0.71420960517823,0.7032890283907093,0.7725821135989573,0.6120391025679348,0.7080888415836624,0.7159438886339421,0.7231471188278508,0.6542024434591129,0.6440905340168269,0.6231040788715901,0.8068544701530063,0.7696767797779294,0.8056846966861951,0.7680003492188539,0.6843717761738577,0.6242286308960014,0.7061054596022335,0.693875236237335,0.6637413687651242,0.8132730619239928,0.6835691801053114,0.6354810061626393,0.8522325051249772,0.5894866080331134,0.6730509027867145,0.8230348917597865,0.7835556768478408,0.7447564262727361,0.6574114341369645,0.6964265001516389,0.6785304969250464,0.8197593774533114,0.6319932504688948,0.6465199315125851,0.6443282349718689,0.769721036807152,0.7819920765384473,0.8463625806486991,0.7182541121598506,0.8576040685829865,0.7387331567012907,0.7442164279950874,0.7564460324272022,0.7156874507368494,0.8357892323718817,0.764157358828793,0.7874049362836751,0.7322592311230243,0.7994015765577484,0.6730262245421063,0.7069767235170072,0.5768564001450308,0.7436420433346769,0.8002653240574864,0.7804003804865055,0.8435188031766595,0.6941098531149541,0.7232701521091559,0.7667121686758266,0.6804447676470012,0.8843822738590663,0.7045022513088771,0.6656665370711659,0.7516915651938795,0.7849514171983519,0.8198180178701987
0.798112484970076,0.6951556064115618,0.8792539399048662,0.9051561257496058,0.6588262052403999,0.864350281538074,0.6265228310227179,0.0,0.7948490515026673,0.7327645327461663,0.8676414164698362,0.8635086513146893,0.9092393866814981,0.6814561646950372,0.7622131160887735,0.9000127831635443,0.7560092555736814,0.7721250240922876,0.7963656229385662,0.7694992067077472,0.8101955305291129,0.7802246010250566,0.6465402629301039,0.6909353917451638,0.8097551609321669,0.8740125196131202,0.8163768168875795,0.7714561922530108,0.6224640213283,0.783832654971134,0.8409543320318125,0.8868811168498372,0.8574394837395038,0.7432936645863849,0.6937375973025405,0.8098023971918914,0.893381015634185,0.8555358922643821,0.8357298417378165,0.7136217625060768,0.7414645426580482,0.6659821752438506,0.8718287233138284,0.7529395532261097,0.914509870349779,0.8664199077657916,0.6306013039938654,0.834814641686621,0.7120459543846455,0.8137655304894977,0.8912426964767569,0.781002970974706,0.6304561357590318,0.8410397717178382,0.8881967753819259,0.6525787245504664,0.8200935904879028,0.9451915575195587,0.6620137653074921,0.8091069528481337,0.9468957331601173,0.7872896544169614,0.9440948667275991,0.6463845575359348,0.6934210943232305,0.8811300842416764,0.8705562701072446,0.8296695284981866,0.8254251454642169,0.9569355425683223,0.8749103778724778,0.6757911730980383,0.7893626286718557,0.9185864913677655,0.887222551380026,0.6955359252837507,0.9532558842406628,0.7341420567975043,0.8627522011450056,0.5945553378156155,0.7422211712939193,0.8185221777890055,0.8029541529035407,0.8957966631507359,0.8047568179242641,0.8603052902900332,0.9543170427387249,0.8508141771046304,0.8867414479752251,0.8277071523838688,0.828264609257566,0.6946393768100945,0.7721964972552652,0.7567446930519994,0.7236573556767864,0.811523813836879,0.8753115276605481,0.6966650466910012,0.5920432708816781,0.8348688930731947,0.7166950675404923,0.9605122113749308,0.8368757091629978,0.7436583276846168,0.8840659186247577,0.8581553130598051,0.9078877995986466,0.6723719575179518,0.7433807201864555,0.6804063325620101,0.7878184689729949,0.782660437524494,0.8423107900982648,0.8747794719496352,0.8406279056616802,0.772258377686751,0.6506877807465591,0.7627622338595678,0.724920909812179,0.714054855781192,0.6961276769579534,0.9489523088580366,0.6431374143507272,0.8423141521540342,0.5871452613227609,0.8830005690995439,0.7420873603223277,0.9219326457814225,0.7456026546902429,0.7988578358144786,0.7194780566133685,0.9204827025446628,0.9067668249194542,0.7439932354355527,0.8211952824921841,0.6137066625548971,0.7141055545043379,0.7046729453814756,0.7781727881994155,0.8810743295486977,0.8372486579735631,0.7326001649928934,0.7174359863134344,0.8013717027882655,0.8021276040817475,0.7471213303236649,0.8174687444674372,0.8299277013630633,0.7380525147274751,0.6234533763805581,0.8822957505021115,0.6272355406238647,0.7717463884291701,0.7241676343984504,0.8530062645654889,0.8992549002258644,0.8061357888171682,0.9018295421519357,0.6684662468493954,0.8439907033593984,0.6121988758199616,0.6348881879154549,0.8502944872712007,0.7481880528599975
0.8844304477462752,0.8027149910241916,0.8032450671778917,0.8110356111833583,0.8491660596512377,0.8016451517026051,0.7526645221232313,0.7948490515026673,0.0,0.7026528182477122,0.8881869093513578,0.8080704630418234,0.8032822491501761,0.8091397768348866,0.8416501895871946,0.7934537502183032,0.7211279642090612,0.8337975625023486,0.7765272553024124,0.797983719227547,0.767590374279074,0.909572471470605,0.636211352221411,0.7098054113021217,0.7662817411439634,0.7183092403442495,0.7910325692598903,0.7078622836729547,0.7251158703892254,0.8659875804263536,0.8788189920597549,0.8208564302012654,0.8428364669933738,0.63820953062355,0.8386507599030911,0.8260974046931377,0.8286058146057614,0.8755812171000019,0.8566213108256472,0.7121302415376879,0.766519372524119,0.7817179173359771,0.7834697307404911,0.8329323791636462,0.7735737237204974,0.7277007326730855,0.6676758571328147,0.828463865542027,0.762740873178428,0.8670198741027996,0.856716548307411,0.731983626041957,0.7752092282968552,0.829702882255992,0.8621681847014087,0.7262574281825261,0.8261296237611172,0.8487426951877675,0.7548393567490438,0.800576907797568,0.7915320325513944,0.7635068689509219,0.8303685743375129,0.7377508276950182,0.8216864637368402,0.755353778866182,0.7987173669716862,0.8291213126772984,0.8102428745307566,0.8302806400389063,0.8957578514401434,0.7870574095872683,0.8220886970153745,0.8056646599529846,0.8314691450721176,0.7289235913820062,0.7895478100635487,0.7765782952352769,0.7023117283755448,0.6091280253726455,0.713109274805624,0.8974941765964102,0.9102568147029878,0.7682700701692479,0.7589447786689334,0.8193354668922297,0.8087493578200499,0.8789476428782771,0.7395516047615606,0.8286603605617511,0.8948102220412218,0.8154047985823929,0.8876251933175994,0.784604205196733,0.8896168158264881,0.8542488937176517,0.8255114153047525,0.6446908978139748,0.740079021294137,0.7188509125078828,0.8112519225070869,0.7460477640787724,0.7334666757053688,0.6965948925982538,0.8805388425681409,0.7013160953412183,0.7087830693123044,0.6291527166970877,0.7107830246184539,0.6888937515823892,0.7692630480847021,0.8220915665635778,0.7945772057953523,0.8387530552091275,0.7688832588779841,0.7452658678813877,0.6468091271043297,0.8259403745652067,0.6692939961075174,0.7699403025348582,0.8554920528769034,0.7682261682357738,0.656448571518602,0.837697673699096,0.8050538766332952,0.7981657293669439,0.7330587287212421,0.8086635161989805,0.6778681306351316,0.8369115007122206,0.7883880615547431,0.829307109635788,0.8265209059017591,0.91700745291379,0.8316206532666697,0.7943689613287436,0.7157190894955139,0.7806392771419768,0.7227318959478014,0.8556125895023035,0.8429956639361544,0.8249018917577537,0.8349801784981531,0.9218216527474749,0.8239094387429117,0.7211375868753689,0.9348394253810284,0.7066320063327235,0.717646662112354,0.6388065703827552,0.8546805166995634,0.8052015264360852,0.8485012866082506,0.7115933425210123,0.723564205783812,0.8376591016340966,0.8073481387444373,0.736493208387619,0.8202206080299275,0.8019812781194751,0.5746335172230226,0.7793262026631411,0.8860770058568618,0.8919605250469052
0.7911862448286231,0.8021660670193862,0.8719413450396019,0.7673264853507974,0.6901665825380586,0.7957177520893296,0.720098957373727,0.7327645327461663,0.7026528182477122,0.0,0.8302115309277177,0.7774699700158699,0.8560812707618403,0.7633179726297011,0.6697421379569309,0.8460430802448106,0.834568927526418,0.8042957444235971,0.7449654407540727,0.7759830082712604,0.7704573892090989,0.7693533173580865,0.7543429587609363,0.7331357234320048,0.8541589596926457,0.7441012572378173,0.8137404783335136,0.8297551709422815,0.8299458551454801,0.7685572122253769,0.6881504384181863,0.8370406100694116,0.7308774214673853,0.7279222912467066,0.7363702352145829,0.7305445180708486,0.7777487181707601,0.77904379210394,0.6622492832246363,0.8183842934040841,0.723249365573039,0.7933301500828566,0.7146170211851852,0.7244252277448097,0.7727107834211894,0.7562068071873833,0.7272003828819579,0.7696922910678262,0.8036263102769474,0.7338723660461124,0.7393296492858076,0.7628669408504228,0.6729134876278765,0.7410952114694873,0.7697159781390612,0.7668268417408552,0.7589688640304803,0.7732907809513231,0.7953330519586747,0.750962831144755,0.7385235179500357,0.656368133164989,0.7568449307146297,0.7222244403970225,0.64887561019476,0.7372405441541472,0.754946129200612,0.7287886594096293,0.8171087293699477,0.7417160566003892,0.7105143621557332,0.7148322906710288,0.7972152759560722,0.8086030309501586,0.8167975568024174,0.7456500913497291,0.7387607070022497,0.8093300170054162,0.705622558163036,0.6796318173253098,0.8149989377421828,0.660600679756579,0.7915349765683124,0.8007107275701345,0.7540158389218927,0.7949149045510701,0.7099888670075383,0.7244317471550701,0.7962064692693936,0.7074534327419741,0.76640389134297,0.6582391538918222,0.7627602979009452,0.7395290918277299,0.7429148856031106,0.7587531148542778,0.6556616719126297,0.7471691158255744,0.623959991163278,0.7862383468012212,0.6881436047598357,0.671323559219283,0.6947889558985064,0.7684415481702802,0.7410279105223498,0.7689896373528058,0.7445140117435617,0.8042199004919078,0.7783577529937609,0.7874602609488071,0.7580225115455783,0.7140480566873625,0.7859717044161033,0.7771807827500129,0.7604483830735026,0.8220392650676728,0.7655614925281929,0.7801714315006129,0.8416633987891223,0.7261587023024374,0.6995920621453074,0.6527849319566551,0.7311758434466611,0.772956068887185,0.6435720578320443,0.7987996288385878,0.6932953130281281,0.7120422769302036,0.8060907629395854,0.7449783185021952,0.8128186488155408,0.7724731946506268,0.7346242848464022,0.6790082933040947,0.7241571876615615,0.6385251009151639,0.7547630889277517,0.7159581899850563,0.7970594128812516,0.69335854980228,0.7497433321471642,0.7696937339605552,0.7180086702407937,0.7063524827643547,0.7716409231179605,0.7368578241611106,0.6876257576015281,0.7884834385025582,0.836430922244939,0.6898076698779229,0.7058771008742484,0.7484109585494374,0.7487531624089707,0.8344090105115084,0.7888302727563449,0.7167956066158061,0.8184787365744639,0.8340057324445699,0.7314725701014146,0.796024510429284,0.8246731325463805,0.7258497969591173,0.777080032893578,0.7458122267361516
0.9400468956683382,0.8177801086291331,0.9353035109860515,0.9040819960533376,0.8165148956396355,0.8604204299592215,0.758995394307896,0.8676414164698362,0.8881869093513578,0.8302115309277177,0.0,0.8970188769719872,0.9299149806646994,0.7808341095249953,0.8217317554342818,0.9253138558769899,0.8489885089318737,0.9146258901553045,0.8675959612926447,0.8844793188126194,0.8860727210854565,0.9226691605591522,0.7427749182074869,0.8129170004360893,0.9118185728397563,0.8420811512466966,0.8634256648491863,0.8530012688809605,0.7547618677629074,0.8725356808112189,0.8468656388272396,0.8974276277914441,0.8504184376526324,0.7491441402491658,0.8363180771988505,0.8282453807955075,0.915198040060432,0.9156853763266147,0.8362615188471929,0.83213278003214,0.8051651769274575,0.8338129649684262,0.8614831663512976,0.8599367529784769,0.876011522145431,0.8329009454887035,0.6947546852890484,0.9182210944352815,0.8612768685824354,0.8766893203927972,0.9003075063025449,0.8350156909946755,0.7166383928912279,0.8753712657158351,0.9003349665802738,0.7328179784627853,0.9042667645939934,0.9232173008270744,0.8157555010349411,0.8264775480346883,0.8653800042579032,0.7127481028473485,0.9175955715663158,0.7463169110591222,0.7879601917232173,0.8554087075342415,0.8701634271685127,0.8530829904570945,0.8996854021724229,0.904075117747007,0.8950106330271042,0.773870762250574,0.8982313700916397,0.9280712992046044,0.9132807860978782,0.7576967888695901,0.8719505854561231,0.8235472721646366,0.803643180080236,0.6523085398327548,0.8070133265240998,0.8532773698412254,0.8977637588704792,0.8698928564234222,0.850764416107786,0.9076406953676923,0.8695925909745893,0.8597833190156865,0.8250806943233504,0.8244660921612316,0.9216064798277379,0.7342400346023048,0.8715623181489759,0.8366947786154262,0.8645886560793978,0.8542322162231193,0.8025279921159337,0.734591535728513,0.6629710856664593,0.8085067765388604,0.7718702062036782,0.8083404162962186,0.8066053767169417,0.7951182458907197,0.8877199559856388,0.8203919163690969,0.8165011028195565,0.7623992899476648,0.7869747590891061,0.8067660019664632,0.873226303778044,0.8570456059418493,0.8708505637876326,0.8778972050680542,0.8451476929379419,0.8536101596947271,0.731046969789837,0.8910185801294441,0.8181538714101467,0.7486839890143724,0.8315775912338028,0.7811084218438938,0.7444665247767078,0.8954468854707719,0.7303851139879359,0.8741294923940479,0.7250343719083345,0.8299073014173987,0.7865386836451898,0.8552714316988678,0.8020497377018437,0.9058278637504602,0.8719514326696414,0.8423707031847552,0.897463302531535,0.7346506339238508,0.7967634905635714,0.8035577256383154,0.8603108690271798,0.8677433595896851,0.8646380498407941,0.8078108987932193,0.8044364924776674,0.8552360828309669,0.8883133783072675,0.8002137795358265,0.8741761993801694,0.7645897970269407,0.8357285253196365,0.6602663434859369,0.9055199900176164,0.7585649925127473,0.8975411838002432,0.7882981836112976,0.869173934486075,0.8920133594983432,0.937403805290707,0.8819382588986477,0.8138097592687455,0.8655037222793206,0.6698634297008004,0.77578197143682,0.8881260345043339,0.9344247735804667
0.8881782188160433,0.8295026440903119,0.8814572594871093,0.8816838289293338,0.781685595527543,0.8334092120062826,0.7531316428060849,0.8635086513146893,0.8080704630418234,0.7774699700158699,0.8970188769719872,0.0,0.8636067197645321,0.7285374105370508,0.8206865474242871,0.901425377485586,0.8513424443165728,0.8382704510195004,0.9444535485586425,0.9154543710754318,0.9418729394107764,0.8300983250420322,0.7783159262148395,0.8607206190080184,0.9005611407440546,0.8707937708145482,0.7906634451944651,0.8372869068426788,0.7261217348635126,0.8141373266854055,0.8850208556227289,0.8989171732203423,0.8639424999869483,0.8612785427822637,0.8415171520875095,0.9063057028099429,0.8554132126004611,0.8932110828891546,0.8867031873702068,0.8391737738273388,0.9010865622296185,0.7508786464311232,0.8872362652520602,0.8882357120649685,0.9358640875124173,0.9143964007845873,0.7667262249973487,0.8909226097386165,0.862302454236113,0.9259513110123988,0.9234092088133621,0.9050097453029197,0.7293182654421899,0.9078127114075243,0.9187898898555504,0.7211943463357389,0.9451455013768446,0.9090715772167615,0.7972839307890631,0.8998644295130184,0.8287659440041123,0.7448595247108979,0.910994193946158,0.7886710550438241,0.8092738490395883,0.8975972897587693,0.829191549995348,0.7591716465706689,0.8095231212398151,0.8178322447476584,0.8677308945464864,0.7925205155957402,0.8402593974839947,0.9080964790520145,0.8689522485847062,0.7772820775211093,0.8403004397363827,0.8157210450554239,0.8825611894673852,0.63272176479599,0.7806583989069055,0.8522052112035531,0.8221717554341484,0.8490783015774834,0.9127884074570619,0.9399750956358925,0.81568358393524,0.8384908623867324,0.8583212629531851,0.8328436554048956,0.8716610724343259,0.8066391825566387,0.8841983487898093,0.8882058386331382,0.8037412844167402,0.821944355516393,0.8427935686303581,0.835918651006504,0.6875416749931488,0.8643513094232008,0.7720522606267605,0.8060786640316218,0.8764203741409655,0.8638562711925898,0.9095946261770372,0.8894396907757491,0.9013068014527066,0.7688524621690785,0.8645455492998741,0.8311052191037138,0.9415510058516525,0.910942383876856,0.8059839410453078,0.7919370399506753,0.8958512891750063,0.8476086890631096,0.7860036311784886,0.8731122332879095,0.8337501766184284,0.7104166708238908,0.8415177116765117,0.7635919626552816,0.7845741110308886,0.9059314403751046,0.6924503772355878,0.898962795685795,0.7603111069975973,0.8740672097488108,0.8718447557347669,0.8422490096033732,0.7475368895469191,0.8681141789454455,0.7973814709195911,0.8265373651363273,0.9167086256750907,0.726067083919137,0.8486385037810003,0.8380146372718736,0.8800176877984733,0.9069533070982991,0.7918717983673069,0.7938135172388334,0.8263239533781718,0.8439966051812429,0.8985477698122031,0.8527375248377893,0.8842236945741705,0.7580184043466521,0.8743349913837175,0.6988874028746824,0.9222050939248007,0.7343273010201942,0.8957319965498033,0.8321351265303186,0.9429543556069062,0.8475829247692773,0.8419369911111102,0.8791528118619794,0.749380303009072,0.8179108109902503,0.6479336368480417,0.7595714269730177,0.9279299740736121,0.8602601102449863
