0,1,2,3,4,5,6,7,8,9,10,11,12,13,14,15,16,17,18,19,20,21,22,23,24,25,26,27,28,29,30,31,32,33,34,35,36,37,38,39,40,41,42,43,44,45,46,47,48,49,50,51,52,53,54,55,56,57,58,59,60,61,62,63,64,65,66,67,68,69,70,71,72,73,74,75,76,77,78,79,80,81,82,83,84,85,86,87,88,89,90,91,92,93,94,95,96,97,98,99,100,101,102,103,104,105,106,107,108,109,110,111,112,113,114,115,116,117,118,119,120,121,122,123,124,125,126,127,128,129,130,131,132,133,134,135,136,137,138,139,140,141,142,143,144,145,146,147,148,149,150,151,152,153,154,155,156,157,158,159,160,161,162,163
0.0,0.2959517386302212,0.26383759477277463,0.24619659293162874,0.2964252260996457,0.2830332886170219,0.260974888662915,0.3037899059483153,0.36103181930518297,0.2836275735056419,0.30048291959754975,0.30780514489576005,0.3490242899051101,0.256075519281458,0.3042402100902357,0.3284949621121093,0.3437934567409314,0.42386598182892604,0.3140196624081061,0.47277443622294923,0.35332349806349983,0.2856435578144028,0.24272449209826302,0.27570622247608606,0.3713702791623686,0.24128866620094,0.21708145595047526,0.2835931229175693,0.23438358459198078,0.32015155202236745,0.3760180116741783,0.3415285495868765,0.26311307931656613,0.2619710191224015,0.35801659963925064,0.30464680767998903,0.3586303704719311,0.3491889839249825,0.2749493245557727,0.28884453162463297,0.30609506223565613,0.2675081827063617,0.4199809462576443,0.3746162060339625,0.3018326584699343,0.38445823267042556,0.3263756146961828,0.3621846713966914,0.3324415160882709,0.45586778742848055,0.4557710637290053,0.35696332667430664,0.28062347680739397,0.29025643955180314,0.29889979666570304,0.27309749867991295,0.5464069750812084,0.3037426704205035,0.3625027309166445,0.35333741811084074,0.27993451628354826,0.25568019178105716,0.342626124434527,0.2576040558007123,0.32964608035352544,0.36116349616778115,0.27602015391708334,0.32969590940418514,0.31551671612397153,0.31846638015520534,0.4593302820413853,0.34125568403019607,0.3042125327484931,0.3332707498644083,0.35860590263755016,0.31916458238610185,0.24653431340344728,0.26055164017019805,0.3480731107331773,0.2782286222638876,0.29137573736186967,0.3552774580171621,0.36729362369059937,0.2819899447805647,0.33099840373852707,0.35115000228307336,0.27577003100995423,0.4616823402236276,0.3522592647909207,0.27522566911380497,0.4027081985815141,0.31565109816875603,0.4140958759056777,0.3677667835332646,0.34033447253271504,0.2871220504152234,0.2478050605534136,0.2609990578840037,0.2313073681023054,0.34768559892482703,0.2856491988855564,0.2732924805176829,0.3087397706690368,0.2943619180961104,0.4132792634348978,0.3399768613980583,0.3542385676497963,0.28465708976487314,0.3307962299459691,0.3241083610438341,0.3127156140671395,0.35780484710525656,0.3388774118678406,0.27342493554856123,0.3304510008270609,0.3042442063700746,0.3321457635455683,0.32502627053788813,0.2628310129158473,0.23741733834104026,0.3145075971544433,0.2589125796073297,0.28707664247708664,0.4336027204514393,0.284351437884125,0.30774404046085435,0.25037235387833817,0.24920348893087318,0.26243253683607337,0.32511368747858205,0.27476182520374265,0.2768815525220538,0.26018794184875277,0.29650454645180346,0.3034507563096592,0.30185752598151444,0.39229634101327326,0.28705283200715376,0.2590660082685216,0.44073234898999497,0.2633187297971102,0.2653237545510444,0.36625418445701713,0.28109326226472464,0.3281075366399317,0.32725767597105765,0.33187812454192017,0.2794385408506314,0.3568008869655717,0.17851872909935768,0.427495658210712,0.34577344867361237,0.3398738321495786,0.24635394602661928,0.340305488847523,0.34701952018433824,0.25608107476448305,0.31864801907365586,0.26558504162140506,0.3130855959624414,0.22841593335854615,0.3633460699170224,0.24304936771591526,0.39060328089947594
0.2959517386302212,0.0,0.33241938473188065,0.2939025569161915,0.2709927190575256,0.3243681156065168,0.2919910209234578,0.3177857690701735,0.26124016404905254,0.3616794599731355,0.31129546051234713,0.281091134276368,0.3419182022945269,0.37201676398094924,0.29798641739165305,0.29057684171550435,0.3406959671042227,0.3053337194839657,0.26290799446906954,0.3042002478035358,0.30799702884710545,0.36336417804762344,0.2603492235999654,0.28632060388955455,0.28648553103785374,0.2540198034016932,0.23147092966233535,0.2913609395883393,0.37377369711561276,0.24525113829778156,0.29636164751401123,0.284891476015272,0.3588632388475647,0.2333574188822735,0.3161512275941314,0.31356425575496355,0.29690646536650106,0.3128664863406702,0.2793955329940536,0.3063974655805465,0.41057448113525696,0.26545886251742434,0.23685606243283241,0.2943392138560001,0.3825519399768126,0.3000650488609001,0.28763547150946944,0.2832863567240778,0.28670924383439383,0.32148744185179007,0.35386740830738356,0.3103161583687338,0.3070996344880031,0.4161721400929224,0.33141275394838793,0.29516925537423483,0.30756152647348844,0.26739780675492464,0.38771805923798874,0.3776644912028038,0.3476762165688911,0.22102732921135126,0.2559421418998541,0.2416495258907046,0.24597492259930678,0.2545029971022593,0.32192261811369804,0.28890240466019945,0.2923520701328377,0.28018972168781847,0.3002258506224358,0.33510572231661057,0.26762180844488137,0.34953703809458536,0.3261558705416524,0.2508120851665889,0.2533372519709358,0.35312402618944594,0.27684389856303526,0.26631622480919986,0.25344659081551685,0.27434043322765045,0.39265011883615686,0.2785704382542765,0.2713504256518718,0.38155180211534784,0.23055268651573171,0.2797771179407879,0.2620899690450386,0.321408361906859,0.29741337504976134,0.3048284488686297,0.3715995825114674,0.2803113060988289,0.34111263320149415,0.3189533605256987,0.24661973840925003,0.2664087446513112,0.21140734220020688,0.3752363694892206,0.29583120474453556,0.22106483469739982,0.22906268886889222,0.27042437910881345,0.29900713241133403,0.2955944356949821,0.28198247551746164,0.29115578338835246,0.36051749661490373,0.3751012883656285,0.26590271617993594,0.2510285117397967,0.3083384827007183,0.24752771993255784,0.3281897864280439,0.40709180900896524,0.26052622062723124,0.2191772598893566,0.29273545812427815,0.24419730993233427,0.3018567441552952,0.2436477993353603,0.2789313238243923,0.37923667466887395,0.2565518669479414,0.41682762064915735,0.2669393662035092,0.3144863751223072,0.33977795792427984,0.2915672237848719,0.2901759358471661,0.2629056214476954,0.2585308886405281,0.2825514513211666,0.271810921179987,0.24093190907566794,0.27939201684453224,0.3035391772162891,0.2634497141842473,0.2746271938692372,0.2851093790226474,0.2836111032433615,0.4055241941013132,0.2749411092799274,0.3000436291154676,0.2417271976593453,0.2875457329495578,0.2990243724016128,0.319462299597275,0.18617545004866282,0.24809766060220337,0.3070409663491681,0.27518005296919523,0.32709174595035784,0.2807886150463412,0.3084419011236776,0.2802829358159719,0.3140524700743657,0.28357399827591123,0.25615074025727913,0.26382415466426695,0.3235109237155067,0.22910445647317887,0.2842891913805119
0.26383759477277463,0.33241938473188065,0.0,0.3005715062838813,0.25494972536083677,0.2918617367109291,0.23721118996276422,0.36203048689662165,0.25051349664372147,0.3775899983385984,0.3202197469748249,0.2608937986957176,0.34788743462030475,0.26267374662352283,0.2603159444943258,0.3332133311577281,0.3422717217958148,0.2900011268595761,0.23837503270703858,0.24962093051545967,0.34338765290004647,0.3804223868004695,0.23057036906251685,0.2580025037939987,0.2910162767133767,0.27809552124464926,0.22935293156154862,0.2993940227933748,0.25005717949329703,0.23954375194830244,0.2440224979999258,0.2727398144114141,0.2616512989484138,0.21598034417337025,0.2368342750343788,0.2876243337896471,0.29839799487966706,0.3011147815798258,0.2458262389854259,0.2748006845313669,0.30754294547498423,0.28491522372388595,0.2460347887544529,0.26098406221947795,0.3188094746931825,0.2985448070928153,0.24446913790008848,0.2879523679938305,0.2647197796625958,0.27693001766864833,0.32071812780189096,0.2983149709327949,0.21036372718627266,0.34532022886477604,0.27934673196009724,0.2708601181934362,0.2674530272950362,0.2807610768470928,0.3162641941523812,0.28505370768068095,0.33488445996171906,0.22129065455946234,0.28064952400550214,0.22151984394571503,0.22289681893889254,0.26846532415207697,0.3098736498361841,0.3173969214333354,0.34843113111738794,0.3190546377602975,0.31263889904172093,0.2376073646284413,0.2830927616548012,0.4751977330105385,0.336916632839483,0.19632324287122666,0.29314927531661056,0.2707590010663594,0.2682461577398292,0.21917572708320485,0.2806547579757547,0.2931131465316142,0.3159956373510035,0.3120881952163468,0.2673831034621557,0.38054806843923256,0.2409878233810875,0.2444090206931421,0.2527353555260144,0.28185353863757645,0.2893794599315121,0.22383492232326,0.2712166678378418,0.2175404561313292,0.30394486983640245,0.28603645059528293,0.2239437992132758,0.25955647635693463,0.18534882394274096,0.3235448717676596,0.227846089257385,0.2653677920865682,0.24048311271678793,0.29948047137891753,0.2656989703637723,0.3311437085110409,0.30075914124680947,0.286985378288057,0.2759255410203173,0.3460411390832805,0.24962118389376123,0.23891246408802927,0.32105333513564716,0.25075027031243696,0.25996962775682547,0.334407273436399,0.21825458077061521,0.24224634041948606,0.33083719678356,0.24432689404803912,0.253721861499137,0.2663366975615358,0.2370929879005016,0.30719254542642177,0.20608718406821597,0.32284688292131436,0.2664457951868636,0.26314288062585217,0.3245357986102579,0.27260025778089153,0.2800250928597966,0.3637367709353525,0.24190643292596814,0.22841436192957765,0.29879623672776634,0.21208189845141046,0.22066928705264946,0.23266437406664467,0.2595422476733564,0.2809827122874113,0.25032966551406755,0.23487656407572025,0.29254473659020863,0.27155474997118,0.27225774963362254,0.2206414739466918,0.30567129028870743,0.29414527862934253,0.31652371401276647,0.19271642726105379,0.23859498387653777,0.21689889183762623,0.27105693613005677,0.33726738756462965,0.3201458428281657,0.3150632496460473,0.2958211730910368,0.36420215902002945,0.20723848745648882,0.24900387273624267,0.29105056487875747,0.22265785271659885,0.2628780465174033,0.2782482859875258
0.24619659293162874,0.2939025569161915,0.3005715062838813,0.0,0.2580961831554912,0.24902392137208962,0.32489211766462944,0.2713582161188287,0.2268854359520034,0.2771697771534951,0.34269277127038705,0.27865020354854286,0.3057858366591355,0.2616461510180305,0.2992451952489111,0.27586580394333016,0.2839693399528642,0.25573897791351896,0.22529561672021,0.22692614738828196,0.28930093466578677,0.30536590094993765,0.2803984208018076,0.29540892952336606,0.27529632122890507,0.3098333624868481,0.2980212444984008,0.27152719289576854,0.27075339246048113,0.2197220805820528,0.24291847902986233,0.23219385188880887,0.3451140948048214,0.24637961748757944,0.23639624326863135,0.2593870614882748,0.3050637217303451,0.24996449865946133,0.27032636889751094,0.32321868199164927,0.2892062901611263,0.27333773758824387,0.21178485699446423,0.2748565377883539,0.2986147012222837,0.2766928797416984,0.18679825982537102,0.2778066189453155,0.2686856889350014,0.23483679127360402,0.3224397337077008,0.259268909185711,0.20853225129888617,0.36603952985964155,0.29137235314247545,0.23288320942951427,0.2595801873160136,0.3006429967269851,0.27782275156888137,0.2707786212381682,0.3087359119864935,0.1922918196286588,0.237070550064549,0.19603362450770545,0.20534881768985802,0.24715266112207887,0.4229626395377451,0.24187040689866457,0.2508125764384572,0.2758856659634235,0.2502411129367627,0.21829815624183063,0.2795004632213896,0.4098905952015024,0.2654026615968257,0.189432709725784,0.3317764944418713,0.3221356163583313,0.2310831155086978,0.20731581737218285,0.21451050015295117,0.26974230911052877,0.2731002044371151,0.23100383929471996,0.26574088867,0.2702838082622304,0.26398292087333497,0.24763897009764352,0.23096275416727974,0.2867497858523983,0.3067668896724702,0.24816865270894878,0.24495079009785878,0.21458124244596266,0.2910012089124862,0.2726791953280205,0.18909893823603646,0.24273457408532698,0.18240949430988915,0.3034433645476654,0.24804205028409607,0.2553776774076137,0.28191728393071486,0.23490745214277392,0.22908777202612357,0.2506233443884974,0.2593927264805479,0.2682816728125743,0.28910035303946324,0.3167208564456555,0.30431231307237616,0.23729261284266612,0.2966970465781104,0.2757689791627208,0.24107628281545457,0.31468115695888865,0.21485687045832075,0.20375462637497832,0.29245789983921455,0.24181500041602638,0.2455016772302984,0.2592951296980013,0.2276113843107336,0.30328635770382895,0.19688112826226875,0.29684325642416143,0.23486185821791428,0.2890297274052478,0.2633153279442316,0.2598257166783299,0.2150386419996831,0.25618766267645804,0.28012931783032735,0.24789631638396895,0.2713295260985989,0.18373891826275046,0.19503381880917428,0.25983022179061555,0.2823132849662798,0.2696710974585546,0.29524947304578486,0.22824720273768667,0.30899013917351453,0.25015168644188474,0.2654768441796356,0.2358483405732924,0.25794282019945713,0.25296392922122624,0.22553332497109907,0.1650920039464306,0.27117690257949906,0.2233834983534889,0.29085096948282935,0.29420099130633354,0.308760565796996,0.29701768442724186,0.31382052142700007,0.33452447994786716,0.3039933741147018,0.246066443057108,0.22254381326107597,0.2197521883395188,0.24304830576237407,0.30273560029538404
0.2964252260996457,0.2709927190575256,0.25494972536083677,0.2580961831554912,0.0,0.21167450905658408,0.33717307384362105,0.2478260705766155,0.289265354236319,0.27986835324510484,0.3329829949156146,0.27438293560964655,0.235236135624287,0.2547530491041438,0.29557678367559886,0.2634298442726349,0.265000354315875,0.28696016059098994,0.21812004007432423,0.2615084840890776,0.30612344470917907,0.30708669826490137,0.28106349394645125,0.28143862188857516,0.29708566560381133,0.2672252020873078,0.22585433466270144,0.21889291018509255,0.23175081045074067,0.24764461239985788,0.32398615653172813,0.2173682176345798,0.2259809259974075,0.23476682479829647,0.39689242839712224,0.31070944779662585,0.3226964327396757,0.2941343789140733,0.3398564531962931,0.24439356091652617,0.2624946004426545,0.32770774903232724,0.2717422857320818,0.3989731315139138,0.2504869984215192,0.23197376122039082,0.23761618199423,0.39197998882589946,0.33870551836862306,0.28180408976116245,0.2975985811170728,0.2371505772882189,0.21822294085623936,0.27544214302062975,0.29272485797206127,0.2544953907001834,0.2514094718696727,0.27918416106862604,0.30519515270667197,0.23148949621431442,0.22006592173502507,0.18808269239190087,0.22067603768500668,0.289288858160689,0.26759028398867013,0.2134896084061709,0.29035965324124124,0.28992486869230555,0.2625156409587677,0.29221724950198946,0.2953360613416392,0.2977288477766089,0.2672516028673214,0.27547331881230896,0.22902724815010517,0.2082855705965603,0.26181317980353164,0.3541719564678704,0.23971853834045692,0.21458864209863238,0.23477967206488992,0.3038045618460601,0.3280794926014035,0.21310072958188098,0.2641582165088007,0.2707002857167767,0.26451357046890206,0.26849881145499244,0.21349820681551857,0.3069569226102435,0.39217757975762274,0.30836109470279555,0.31967464592312644,0.210271210089049,0.33057378713298174,0.3097263763914414,0.1840886745116182,0.24359107683739248,0.25774904778344665,0.22884523359953962,0.28919254688189144,0.23355124794891982,0.29329006323065243,0.2650476605296066,0.2438982410244502,0.24305768515789375,0.21525529634058593,0.30951857567661234,0.2555210090891107,0.33692174801893565,0.3042444182714048,0.33336889610317216,0.2635775892188597,0.28604182970230313,0.22839204657824108,0.23938083341457211,0.21154229096860044,0.2825521571217895,0.2588369257323916,0.2611353168115935,0.41559386443180724,0.2346541026101356,0.24434011712094136,0.32349740923024095,0.3027764304900329,0.24711158830086513,0.21641601649594883,0.26131145990413557,0.2530754340231415,0.25677463670474726,0.24117122502361016,0.22663792852085315,0.23845864327785224,0.30937626093166404,0.3463756530169999,0.2806241842210729,0.25250048685607424,0.31484709162449376,0.2645085958913235,0.32095813198541007,0.2305879876871465,0.268850842321256,0.3047487567179852,0.2852161252109345,0.38463994688138886,0.3088951723171104,0.3319361286193057,0.23669423523102243,0.27515342319093844,0.18609668412118266,0.29846493906966104,0.24655993589860575,0.3134354453704461,0.26467243448465166,0.32009475435732987,0.3594943956352363,0.22311637921041788,0.31750658350923044,0.26298667474719745,0.2333152181411467,0.21616632857868304,0.2680766451136458,0.26937793595458814,0.4572270574789413
0.2830332886170219,0.3243681156065168,0.2918617367109291,0.24902392137208962,0.21167450905658408,0.0,0.19874730852181122,0.32312365233500284,0.29700335973411984,0.2805445548350318,0.2335612769142649,0.28578910150291,0.3057335524234378,0.22938628429170482,0.23132990192547964,0.3060949626278613,0.31195438699282874,0.22341573372290746,0.29261836820910947,0.28337952795394844,0.30658830864434866,0.2473600638788951,0.17841046807535874,0.19078861178343828,0.28214655480776374,0.2115922368751716,0.19192199812746094,0.25833430561318943,0.22429528573466875,0.26859987344663344,0.29655093862709736,0.40814593723322345,0.2800964186457362,0.23774477166435146,0.2434301853383288,0.26224617166099634,0.2461783669530913,0.27443041486651804,0.23642155553619104,0.20517407068506097,0.2683627553686905,0.30332914944122374,0.25653743624706266,0.27598673753859276,0.2606925180970496,0.25451224097195047,0.26076002260091585,0.24623047222054414,0.2008562795391972,0.3163038565392643,0.31738602152337053,0.33669416530722607,0.24008354923745395,0.29423230663892536,0.25360453133315375,0.33805687871825,0.293065745307642,0.35100612054215596,0.242485202526978,0.26917147748765474,0.3309085960398834,0.3048475807610603,0.3177091802061616,0.19943075055073015,0.2556441348594389,0.2919947510998822,0.24941806009568027,0.2665728980038191,0.24549215292415436,0.2713708017724848,0.2964048983991943,0.2292085850929432,0.31178281640391015,0.2939493317810678,0.43879604634425523,0.23766235412728565,0.23783073915378908,0.2327713774299977,0.2577598714930979,0.33550561995386324,0.33729696218047645,0.2916375364488552,0.28700400320748987,0.2912785723467639,0.32144296237475467,0.28401522212629543,0.2861828701539473,0.2826172719915486,0.30661875114417925,0.2602293361280078,0.2730618499264898,0.32755551247152004,0.2802663269887028,0.25584830872629766,0.26517313249544255,0.2779588368608194,0.30466136136424543,0.3200452180600143,0.2101367070848669,0.3184749373236895,0.21475049544184863,0.254850513532891,0.26398445067892734,0.2420024036413424,0.35603262757614346,0.32152673147391947,0.3854484612696651,0.26925887259813214,0.23934512813665149,0.26281351546437587,0.25823371178391713,0.24523222532713465,0.40337275195870936,0.29682698916822764,0.25452829278224487,0.2941564818812625,0.30577162862029295,0.2034540989381861,0.31523943802497184,0.25190482938894804,0.22474615324039576,0.28798874342453856,0.2847834223924755,0.29393841945002674,0.25445310395365717,0.2881301698775583,0.3411778329655117,0.2271298645408072,0.29187631315512524,0.21903189568585538,0.3697355565330336,0.4179036000734285,0.2382770886089328,0.272769063186083,0.24176851966554716,0.2129732367121041,0.23810151848515285,0.2017843212535775,0.19046826719734655,0.26778183723600274,0.23611364746574917,0.3048485522374463,0.29605069372841625,0.2936459046814092,0.25511284955194374,0.2449286967562226,0.2858438887378564,0.27771753103582864,0.28462285369020784,0.219818683906175,0.2534625634343209,0.274888248614963,0.21609838070720366,0.2244116920004592,0.3106794239600212,0.2545926495988127,0.21074999259949886,0.3220753437773767,0.1970718341933128,0.2913268290308485,0.2223498422337945,0.3102777778428311,0.2590732694480832,0.2295876215140792
0.260974888662915,0.2919910209234578,0.23721118996276422,0.32489211766462944,0.33717307384362105,0.19874730852181122,0.0,0.21455866099990842,0.23824659723052333,0.27505897526108575,0.3520291936394312,0.27885108705663736,0.25844155059077456,0.28170403968522595,0.29474311010085985,0.2386029677180507,0.240133179074215,0.2819477362832789,0.24413209213703743,0.2218633276306649,0.25149193615302634,0.3114914435375164,0.40930873976587173,0.324181833593198,0.2878833843781947,0.2620569032561618,0.2678127566824676,0.25452177537433684,0.2915495674533613,0.2618771047651042,0.252794723050884,0.22388988326069784,0.266322821715785,0.24743831684174764,0.2645352474008351,0.252658969059693,0.3099704422240573,0.24380881890409162,0.27009200936690536,0.2955266997122373,0.29055174363860686,0.26442053459554204,0.22609319297103236,0.2972153394190104,0.26437211371965247,0.23599827464146703,0.21366910137670975,0.28759462601721203,0.4345179651775616,0.2209415032246291,0.2836493643737357,0.21437560392202076,0.20817441191639904,0.3003221332565714,0.3355745244187981,0.23635533989328822,0.24231782804872176,0.24747608409128366,0.3232272790611701,0.24597602576041835,0.2201215572082037,0.17393811932334324,0.19304598496772993,0.233610760245304,0.20496944504201936,0.1916943970414662,0.32415247177799644,0.25888698761469725,0.23759731763206754,0.24643107672897105,0.24961568599061112,0.24646350064299793,0.22864658990595188,0.28548959023627374,0.1966715169248909,0.2235151856259984,0.3143990245004444,0.3470401479575916,0.20811190378786767,0.2168569833853799,0.20568052277912097,0.25419795766690295,0.2973882354529415,0.19397192522271878,0.2252221620476404,0.24492241438043194,0.2266235928142379,0.25723073355543985,0.21493617861597142,0.26927168657437006,0.313881512961047,0.2952936601976524,0.2969092364513375,0.223413726970813,0.28838346276544075,0.29792090791969567,0.17016952195047977,0.23141582385968743,0.21164069801739419,0.24531846539229915,0.289080815134882,0.22783799204642116,0.2629022077228068,0.24246972249575116,0.20934554055199608,0.2138145950624951,0.19413764790780716,0.2669851609301996,0.27951831243200304,0.31362492377353335,0.3231000564197167,0.2530502210448199,0.23143999283255423,0.23241554443053664,0.2203962634263201,0.26004690313033685,0.21162293263720566,0.2690401269969394,0.23860230678886354,0.223344859612215,0.274887298323576,0.21463455612785554,0.21851247168114102,0.3237027582401535,0.23256172286134189,0.29553607450900143,0.19556991069730734,0.28040729951422116,0.22790262227251126,0.25510256424358424,0.20773246110499158,0.19385156768658107,0.24443270565875763,0.24280255264228834,0.24586082797684616,0.21405926828127575,0.22942441777538944,0.27438595583325043,0.28043851929695424,0.2923252326094326,0.27252658624248516,0.23007255711596872,0.287677104455714,0.24244557808505096,0.28943984111598736,0.2630857761711878,0.25213425954394497,0.2453059757441732,0.23413685209900997,0.16186515407577778,0.2638095226495264,0.25519264324018676,0.2934683104215122,0.2876184605660209,0.2852526560625439,0.30346951387263776,0.3031710731554558,0.29492191625780806,0.3364160051175029,0.2565230241445876,0.22496814002542734,0.24843281816900123,0.24653140842936797,0.33193773133206256
0.3037899059483153,0.3177857690701735,0.36203048689662165,0.2713582161188287,0.2478260705766155,0.32312365233500284,0.21455866099990842,0.0,0.2832003848030995,0.31911269408556503,0.29362915112986787,0.27651469932983996,0.3783177533652666,0.2608560490150978,0.2411134873623931,0.39924316875229093,0.39281882164593707,0.26732833283787977,0.24284840759663978,0.29109509042283727,0.3350808321959887,0.2732202473668588,0.2194960130988008,0.22467272782892878,0.30540285052300864,0.2746907803290519,0.23833552015203752,0.3073667283365614,0.22932072485487576,0.26371588784927813,0.31504218544614626,0.31530552313489885,0.2714161799738157,0.2513487799000695,0.2853139403855665,0.3195088875816278,0.3473698873339416,0.3491373623632031,0.27862803660814744,0.26207012183000655,0.28683874223618594,0.27900245939247603,0.28028007930578097,0.29862526214191126,0.3707646377917433,0.30944006388929207,0.2553447537500424,0.3144582934814598,0.25792725021164226,0.31452168657059354,0.3429102427967745,0.30927008934382566,0.23360893503560243,0.3041130611895505,0.2887443311278249,0.2942532372655918,0.2925268646997219,0.37185341452609405,0.29384859554237763,0.2883057194528071,0.4483409288411494,0.23577294256739195,0.3137134880801459,0.2301848576007519,0.22033402158400414,0.2827031384990147,0.31123949032996207,0.3008123539186239,0.3237354365696547,0.4483828433193357,0.3219349113756457,0.2677102406633154,0.31025437125144095,0.3864173290695225,0.4135929341199991,0.2260160088716064,0.31974379137334713,0.26702993464514196,0.3490193381735758,0.24752030008235962,0.27040095126260005,0.2761010645424618,0.33768245506048045,0.3455733219383922,0.3252883473376595,0.3957626967439723,0.36089598682665724,0.2895680508447796,0.31349818389711714,0.30246429628159605,0.3209216517490709,0.2625164694300292,0.3040327039579623,0.24598734573788794,0.32496850546042605,0.3068680807057367,0.25141147331602715,0.2836806768391356,0.1906276276248932,0.34507507557640893,0.23940428736249905,0.34304019296848576,0.26134482104399864,0.27402319841951017,0.3259675873489041,0.3786909521446012,0.3595154711725532,0.33395248441280834,0.28351738180848285,0.3209614915271027,0.25444528118026416,0.2680498123148933,0.39260793123953475,0.29879567079194563,0.27994002628815684,0.340917814798154,0.2676317780472733,0.22613559192906685,0.31354738436633395,0.2574046201889911,0.26839771379262767,0.3824903793958277,0.26563492513505527,0.3343110223575434,0.22646093914718743,0.3051397836537464,0.2713318402563573,0.3051612225422829,0.34322894827901185,0.25394300409251,0.3228693795014997,0.34054669842776314,0.3094735535384913,0.24266588228515648,0.2994621027872992,0.2143026724213798,0.2609299332645291,0.24055229915116133,0.2391917721931496,0.3088623978103286,0.2443358279768093,0.26258943104596133,0.3331580309171967,0.2707850485661085,0.32040538603730206,0.2598615423527021,0.2966367323634047,0.2806381563455412,0.3304290879677088,0.19511899035590374,0.29827704470180944,0.2530072997766726,0.2672372216614389,0.2793836714017843,0.34928542030818427,0.35689868878612185,0.24907415763160473,0.3763126761493104,0.21410544659207084,0.2840829922467588,0.2386059358686871,0.2699876278208319,0.24903592933039617,0.2814136559827756
0.36103181930518297,0.26124016404905254,0.25051349664372147,0.2268854359520034,0.289265354236319,0.29700335973411984,0.23824659723052333,0.2832003848030995,0.0,0.23335943272429735,0.24968818265393392,0.2732441688160766,0.24857308118338234,0.269657029565277,0.24688643758565484,0.28245374369574455,0.25585205285702495,0.26660997831011085,0.25794720160766466,0.3218213280351026,0.31022019320810773,0.32302447429663356,0.20055137122663935,0.22523729513035506,0.2931853343617684,0.2385024084566107,0.20561705771047994,0.21824656776559934,0.21285833839114593,0.3503510390207872,0.3873321165133783,0.30443169375856455,0.2441493936979301,0.216936983786261,0.3175729496756107,0.30385386234361567,0.29607212550259604,0.3700715831064631,0.28439439507738556,0.22547187670754099,0.2557559134684274,0.324443565164592,0.30487552452966754,0.3557055068610926,0.2736159505724181,0.25196065963330827,0.26320156202838696,0.3123929777013054,0.2564931466274773,0.3447772859411184,0.3163575974902085,0.26540895200246073,0.24534960222079769,0.2802488612331345,0.27066552605719496,0.35611157135224736,0.3072523034021546,0.3175182680318774,0.2635522478125751,0.24143679761300546,0.24395809129345097,0.2949714617820889,0.2769784848118193,0.26728690341619804,0.3125121606050098,0.2669038698912851,0.29144916077444055,0.31597528938437236,0.2684508494109945,0.2887534771922087,0.4076110413540093,0.287371149389801,0.35564663747701936,0.26755949615036717,0.28583622236152595,0.24618843143455482,0.23078506541437308,0.23976885825116367,0.2799162233750548,0.2738763439355297,0.2766980704973423,0.48046529833776486,0.3276044597968395,0.23656096597159032,0.3771482990421144,0.32138236818791344,0.32412550515888366,0.36934964087850625,0.24526802708213638,0.3417185616896696,0.3654838499547691,0.4141214314870836,0.3027046757357488,0.25130106066089103,0.3890913497700144,0.3407284216854487,0.2951940148667264,0.29110152964081376,0.3213493733277939,0.23980257215458695,0.29217911892511955,0.2627726563606109,0.3361983323917846,0.26311689515499503,0.38018712558758133,0.27499857204567374,0.25831551333434694,0.25281311991727856,0.24015743813113472,0.25973947716441453,0.2501716864456953,0.39690647527517414,0.3688083254686804,0.31236017206416555,0.24524344600367398,0.2420899258538661,0.2602429414906102,0.2731842137135484,0.24011091939158416,0.26016252938866663,0.32539564581186176,0.2992258092148992,0.3151322802351332,0.3026368134114868,0.4656583507326607,0.24583715138673642,0.3119243281867406,0.24624693162628947,0.2449572720121247,0.2826451325953276,0.35591697833027125,0.34311509144093105,0.25912507532386597,0.37444598271215684,0.3010130197231107,0.27491033181326074,0.2636935968459633,0.2560539203691138,0.23600706268617294,0.38924174189160204,0.2374058022557017,0.3232106617072943,0.3481619560275893,0.40178108538090396,0.32647797810894,0.3328175611686587,0.4368036433744665,0.23246317901594832,0.3155355599800565,0.2045732131184235,0.37356884752832176,0.27214548166679503,0.2712584325329248,0.2561131431921445,0.29812594379073815,0.3554533938974962,0.22002841048258825,0.28520110034945645,0.2581056786834724,0.2837520353586256,0.19481349541230117,0.36693884441151287,0.3323173339173025,0.32487617197707785
0.2836275735056419,0.3616794599731355,0.3775899983385984,0.2771697771534951,0.27986835324510484,0.2805445548350318,0.27505897526108575,0.31911269408556503,0.23335943272429735,0.0,0.2869541131554268,0.2442656223887378,0.3437691756668741,0.2875266550997854,0.25816956431768057,0.3205252499980243,0.3598105590021316,0.32033156313941874,0.23812526510549298,0.24915957603164804,0.2859573910674044,0.27730343486118475,0.28142055210993694,0.24437188500404464,0.34914860371667944,0.24447865780467398,0.23974210713348623,0.31870208328633537,0.32997779658304544,0.2609807343886546,0.27201010377210505,0.2826079733326418,0.239071294622886,0.22286357440543375,0.26704691348683485,0.24957326220395099,0.3262206047983939,0.2775417313916497,0.22600082293519122,0.28155877011645103,0.26486661628035113,0.2787990166171679,0.25474196915437025,0.26529292436940116,0.283104030542913,0.29358708915704895,0.2529563143332765,0.28728581880178905,0.3265244786798653,0.23995085442228034,0.3150179151330208,0.25621727109144743,0.2230169731745174,0.30139052430844,0.29554125332031306,0.2924944197595733,0.25994614016797707,0.26293323317503836,0.36822910389011454,0.272207091003346,0.3369126926906683,0.20992946053491426,0.2301378199193868,0.21437730491058504,0.21715373832911714,0.2414141404429179,0.28253614536570865,0.30237298103237736,0.3305153403908164,0.33744207373276286,0.26437249576778626,0.29674991282881763,0.24320356975110619,0.37013994477520756,0.2938557288097639,0.2437365072741642,0.27712796673084794,0.3380378758830946,0.25490510620441253,0.2978264182356856,0.29833680821951614,0.24135594984504474,0.39336448876357716,0.29453582077498125,0.2593399141745532,0.3028578142498171,0.2486486762202718,0.2866910651351633,0.30402361969360736,0.258355933215247,0.2887163807983661,0.24585950701622958,0.31229567681923537,0.2226130243777124,0.29869260945509946,0.30277670708424376,0.18566058872970173,0.25161022004979144,0.19279529304513082,0.34354675300116466,0.26685025300136184,0.25609582291663435,0.24654608821357843,0.3137953246391987,0.24025473027832306,0.29699252646821994,0.2860119279523462,0.37154769589066017,0.3000824706906555,0.34955232441161277,0.24541714512425278,0.22634611285540301,0.3112640209939464,0.29251245047104785,0.2581155952818067,0.3401236566510298,0.26463300697473274,0.26286316917589664,0.31109032874840414,0.2592060734929003,0.25318969958177323,0.2614917610511206,0.2267057339126379,0.36544918626991857,0.21902128279466107,0.3637465621860682,0.24609864001437018,0.25124442835182764,0.3197623919677379,0.26231751791058644,0.32519428611059137,0.269442174565644,0.27253594921100177,0.2090100507967599,0.24209363827395405,0.21944354165142105,0.26605847072720995,0.25390423580547167,0.2515992219478574,0.29779337632986974,0.26655152853514913,0.25830537382799196,0.3181511787122184,0.2228514897131068,0.284739899452564,0.24157571721702661,0.22972254478412177,0.39373817655864235,0.3549124994287661,0.19014074169865144,0.23485401414147894,0.2959155056525877,0.2521135322613215,0.3150565858802565,0.314721060376586,0.30818697943823975,0.25080466755426994,0.4278248655615163,0.2501807837861916,0.29262564819269793,0.32778093939417,0.2947094654154668,0.2762875897408795,0.2757961031891315
0.30048291959754975,0.31129546051234713,0.3202197469748249,0.34269277127038705,0.3329829949156146,0.2335612769142649,0.3520291936394312,0.29362915112986787,0.24968818265393392,0.2869541131554268,0.0,0.4028937066947942,0.3207720794380727,0.24733725827148936,0.2829955012454964,0.3326793808925183,0.2929991759880916,0.3049912036615986,0.2741455753049542,0.25972636539708893,0.3116132677025963,0.3359551937447477,0.333799913909166,0.3135640437158715,0.3356333153497142,0.32142986473968244,0.2999551757062642,0.29240477335293524,0.2673377584611764,0.2775031317457126,0.2901930660247285,0.27266645855774146,0.26848595502471057,0.28020843457663674,0.27164209155566793,0.33033307698191355,0.41135449852980605,0.30043865052085256,0.37702906701845,0.2967866483458972,0.28340587225283626,0.2800829365159611,0.2618367206793605,0.3171596076755882,0.34571208686743315,0.2910750444652785,0.2089742123479674,0.4087321872192835,0.3815441970558765,0.26070750475662885,0.36433062483148615,0.23757164661439975,0.2082090185318831,0.3890116519796173,0.4421255448931037,0.22015264294693854,0.30355479853257633,0.34507091467601836,0.33259658421869787,0.30477827956105424,0.29007951641919927,0.18356996821684396,0.24879387079833568,0.24010458229424037,0.2051834268741865,0.2392983838362132,0.3645577534800625,0.2730939190698871,0.29929112036051275,0.30305296079857785,0.2878880382825107,0.24742312660017188,0.27588293118110857,0.39211325762846605,0.2644121368250189,0.21851930283216442,0.39127985228337187,0.3644191957348621,0.2550416941749129,0.2117263047590304,0.21274054105887805,0.2703048294405441,0.30683200723038856,0.24277886024803957,0.26407680663466854,0.3048040268136374,0.27869363597289576,0.27787866342124506,0.24737709569526392,0.3177280679153655,0.37281674300662,0.2509905694843595,0.3409539048393059,0.2469160250279855,0.29671496391362845,0.30702602434040893,0.1990285176284278,0.22983616221565262,0.200562732360291,0.2881816058496291,0.29131930778676124,0.29230392835248314,0.28967544219955454,0.2527305694335861,0.26477516052885125,0.2526695375060362,0.2514673056833602,0.2860732531870211,0.26825432453110254,0.3809849934690843,0.4028089982764406,0.29327913980310744,0.27238692509917367,0.27793168432984555,0.2651082663352824,0.2794668903993395,0.22048934100208692,0.2831953742564356,0.271496886022235,0.23037506288413992,0.2920986052638163,0.2356615311631969,0.23932563155871184,0.3590526259117361,0.2125397055950104,0.3569586017410679,0.20581271119278768,0.35144127306908113,0.2747642905931251,0.2501007999911674,0.21478161816917135,0.2463053891210023,0.29802275232767134,0.2702023506101737,0.3460340278789271,0.20091236112567354,0.24593077617842987,0.25633466109494313,0.30594727614550704,0.34053039208885744,0.2626836524597001,0.24827662339348983,0.2878125481223196,0.2872123378613751,0.37222115449047244,0.27782956166942463,0.2817623448188851,0.2539887929701389,0.2679260379060154,0.18429108548366302,0.35508576135267456,0.23979672899470184,0.387633592277834,0.27888773886075857,0.3173362924631894,0.3535324210340372,0.3066628207370019,0.3345418843110833,0.2571679559448832,0.25437208371890885,0.2107703440339057,0.24710141253606657,0.22649952331834136,0.4027374452562347
0.30780514489576005,0.281091134276368,0.2608937986957176,0.27865020354854286,0.27438293560964655,0.28578910150291,0.27885108705663736,0.27651469932983996,0.2732441688160766,0.2442656223887378,0.4028937066947942,0.0,0.24961007417000539,0.20438632058932665,0.21935504439905495,0.3154943064771239,0.29425008950193526,0.23493254603563288,0.3330288891199044,0.3008892405455419,0.35312078527888247,0.26166039096856963,0.2631119374724086,0.259339871331083,0.3812920442540809,0.2584374028506727,0.2500995541137432,0.260874408942754,0.2359579623517459,0.3111595079169367,0.3142904582397335,0.3005225142463013,0.23563454768956565,0.3313127885085688,0.26673693381108066,0.3015553614716992,0.3238928721120489,0.29106397178659565,0.3605755484218395,0.24070074192643814,0.25927423104699887,0.2955125902759207,0.2579221079963766,0.3388637004934825,0.2789428647339116,0.2527451744523478,0.23942213197226087,0.3404394204864385,0.29635323065446256,0.2859368124787585,0.34955208461685117,0.28230217537705604,0.21237238826463742,0.3266067224553826,0.35363706261538946,0.24559652932106035,0.3449845108179411,0.4029030602694795,0.24809906181360875,0.2670667563582282,0.2483391688869975,0.19286109914151034,0.2687019273234001,0.24338948545497163,0.21390200086473304,0.25704499427403593,0.27442336950482105,0.230119355668593,0.23558721913041422,0.26338246345243477,0.2592141554593827,0.21841419929233935,0.3090998687224693,0.289566747710158,0.28452798133396506,0.2367905625584573,0.2863997848195381,0.2936491318017538,0.23894900948651404,0.22718722339920852,0.21532090309629226,0.28456524086533813,0.2704036156904854,0.21280951728725406,0.3043245562701613,0.2850446092804275,0.27901309961780746,0.2889378376539307,0.26087842114054755,0.2928729184916964,0.35127377495565393,0.2985571857025802,0.2993865915339435,0.28325314083956793,0.2761074254704347,0.32509617841315286,0.21294014127175398,0.2875006277322319,0.21148409847828548,0.24858594268383483,0.23900918693126585,0.2797535616314387,0.3359679221148171,0.28887350703892023,0.2745869084246138,0.24257195879415783,0.28839775434864534,0.2729105025567963,0.23012323330042309,0.3564543402400097,0.5313294459503226,0.3409556838596583,0.2957363823969197,0.31175870806737455,0.2295876850129028,0.2536679455922265,0.25026124991112614,0.302359278474761,0.30624818995878966,0.23564236530941707,0.2500078076078089,0.24570964742372958,0.27442923416370385,0.3063246694613357,0.22329890789458987,0.3107971018303959,0.23243674032854464,0.2744017400433559,0.2814412080727058,0.20601088839774084,0.23878028908989327,0.26061309708109764,0.25083235549113925,0.3194045421856544,0.3059818927556056,0.1909775651249554,0.2562111870584719,0.2197480861510357,0.23662533049631682,0.33147168480162825,0.2073632721029911,0.2667229146489963,0.31170030725388514,0.32180879493916204,0.34964737734541873,0.34301764783142746,0.322814048207716,0.20853570753221295,0.3192871722193442,0.20575031477867917,0.3604149881206486,0.26247345362017316,0.32703264909843516,0.2287144425281395,0.3658544295684815,0.2748567996245175,0.246174971559953,0.29452913592589414,0.22140527987495315,0.27547691838221555,0.17152086899354832,0.2661984690998212,0.23076677558970718,0.332030681748807
