0,1,2,3,4,5,6,7,8,9,10,11,12,13,14,15,16,17,18,19,20,21,22,23,24,25,26,27,28,29,30,31,32,33,34,35,36,37,38,39,40,41,42,43,44,45,46,47,48,49,50,51,52,53,54,55,56,57,58,59,60,61,62,63,64,65,66,67,68,69,70,71,72,73,74,75,76,77,78,79,80,81,82,83,84,85,86,87,88,89,90,91,92,93,94,95,96,97,98,99,100,101,102,103,104,105,106,107,108,109,110,111,112,113,114,115,116,117,118,119,120,121,122,123,124,125,126,127,128,129,130,131,132,133,134,135,136,137,138,139,140,141,142,143,144,145,146,147,148,149,150,151,152,153,154,155,156,157,158,159,160,161,162,163
0.0,0.6028360179509179,0.4960963053928412,0.5518429491573671,0.48380770341642065,0.5652510405260095,0.5375391678658922,0.5837281419258005,0.601822160901278,0.555179153952923,0.6019320914509791,0.5566654279326451,0.6513904410765594,0.5207958965194193,0.5730779698745635,0.5945404365939561,0.6280662007832033,0.6760443587830501,0.5839349692393702,0.7103212483911333,0.617235957084297,0.5623640272844144,0.498450488389217,0.5764412008270327,0.6640054848795294,0.5295120778594419,0.491601848419183,0.5456177060988386,0.5065004378606786,0.5464323385739853,0.6487690391250844,0.610546331710219,0.5286765600594536,0.5046624186258113,0.6355839409402922,0.49763185050365916,0.6935347739059565,0.5932049887061873,0.5608906874280697,0.5715718323728861,0.5322857741270332,0.5783580289546179,0.6284463070967905,0.6342720281583861,0.6088465901753177,0.6320037913882565,0.5131862469476869,0.5877791998017652,0.5995234548669001,0.6040252098783053,0.6570012321634117,0.5789645265826252,0.559675641725443,0.6133429451448279,0.5656548134944487,0.555282133082336,0.7348479358685488,0.5622205895130109,0.6381005774910263,0.5498017637794843,0.6122012332932837,0.4462306638478852,0.6005455998084096,0.47155933962949587,0.6147478328795812,0.6778667310393144,0.5960588421574987,0.5810159397945617,0.5798553098103547,0.634331718834807,0.6182065967502918,0.6026748186739501,0.5974068147170977,0.6488417698787359,0.6255610494181083,0.6234758287032035,0.5409260334736453,0.5291021658084416,0.5933782524940272,0.553500038258433,0.548624707962811,0.5887646624581874,0.6206102979251003,0.5472639004708729,0.6144259890533464,0.5886762730545151,0.6062881090436331,0.6374965790766648,0.5978834671172515,0.5609228291050592,0.5924429864352533,0.5470175270493116,0.5844305171026963,0.663545167860787,0.5978132162744093,0.5705490203321012,0.5216990542359615,0.5258211618696844,0.448051026132801,0.5987179310638598,0.5568759606443532,0.5583544461004846,0.5483478124800638,0.5099687539315406,0.587549407677824,0.5718279044607135,0.5891841321316268,0.5895270631043286,0.5834390526667341,0.6202484244078582,0.6031601384720926,0.5672541551000827,0.6150468078402068,0.5530510453455191,0.6003254356163933,0.6047902687144663,0.6493625373195298,0.5326202078833653,0.5494071375803806,0.4715768593074517,0.5767697066139086,0.5099692217943527,0.580686681616022,0.6629476399132564,0.5756834937107864,0.5875170047302406,0.4833219333451233,0.5052429034457072,0.5275711732380132,0.5706535238528204,0.5592816690781451,0.5420541880307765,0.5834689446933123,0.5515144051619749,0.6183253021277002,0.5790118569743351,0.6598089153717781,0.5779271825043009,0.5352748611200342,0.6171525768618036,0.5637054993601117,0.5317050009483344,0.6219310075653742,0.5044004121655251,0.623649821844137,0.6002756107801303,0.5379526200859146,0.5553311758622403,0.5963690937499956,0.37577721487995863,0.7173162715270647,0.6242668155678328,0.6102970593503151,0.49961695422234653,0.594672441508913,0.664637494794429,0.5097598988429428,0.5963873905709448,0.5642790661213709,0.5590202487680346,0.5221410775244012,0.6912044843098805,0.5038670495157951,0.6753511873386491
0.6028360179509179,0.0,0.5542164164328622,0.5891122179452639,0.47986881370408097,0.6061964991156208,0.529386748435518,0.6204851946267677,0.5791062267235444,0.6493943716793084,0.571559684202148,0.56394874719252,0.6445589120900849,0.6391926616060474,0.5629831056555821,0.5948099159352048,0.6126103558308384,0.5735258670592409,0.5052993405741193,0.5857575241006236,0.5824961968842551,0.599100156198068,0.4671106506570829,0.5335368011333549,0.5912141581592771,0.5399586264796462,0.5312419914997093,0.4944111791183674,0.6809450716882882,0.4978615801585402,0.639449701986796,0.5882163417829469,0.6443063701171783,0.4740975986633233,0.634252884784892,0.5972493786832068,0.6126953757368657,0.645911401287302,0.5840899559771341,0.5962985407590501,0.6255456582582821,0.5555416811739534,0.5316276858699452,0.6231192384522612,0.6492288899463291,0.5844567713644446,0.5380764311254899,0.558243184125747,0.5327150770185057,0.6086143483370512,0.6018029156196083,0.5698048169774708,0.5833063912433866,0.7211413108972662,0.6251365378854647,0.6057589765531686,0.5871852441276877,0.5708667036758464,0.6163236038992638,0.5959880751354181,0.636539788318375,0.4941869972390493,0.5553936201732843,0.5341711817496078,0.5323345639494809,0.5606985239696235,0.6236007223713318,0.552737726036757,0.5820145967737377,0.5767724692937265,0.5882146637266672,0.6451549131141165,0.5748125821712836,0.6254515992748518,0.6627465510895122,0.5397918425739653,0.5219964326435448,0.5859773199799104,0.5538931853338737,0.517972011314066,0.5529581094778923,0.5575861113491566,0.63964016381345,0.6044331093419795,0.5755542454470003,0.636902858331224,0.5468633658863585,0.5891483004088419,0.582476294462583,0.6276818861968857,0.5807227497988068,0.6022715140375986,0.6156215860559663,0.5490035585410908,0.6205464099572914,0.6811846298366948,0.5587447941254947,0.5578173904966528,0.49144185232544163,0.6427061978348817,0.6278530177998185,0.5163339658038064,0.5272337419413125,0.536462930171293,0.6004240981212883,0.5689559058232505,0.5903868875044034,0.5754321823212385,0.6373924435898206,0.5845995910870351,0.546751823756733,0.5589095324288473,0.6027551491074311,0.5841262424889851,0.6057492251187435,0.6238516633432061,0.5740066609414434,0.48399502289550056,0.5852245497906037,0.5406189142586298,0.58241115575139,0.5466938591418607,0.5382856827264156,0.6110882759362584,0.5570223066503448,0.6918487727924901,0.5382008086469179,0.5808304317280956,0.632942461451522,0.6309473422932185,0.6181963093276063,0.5507103627182863,0.5610414996652384,0.5866695751587996,0.58275501213541,0.5521027366556179,0.5778810478620438,0.628159650197105,0.5498220244602872,0.5736710103893573,0.6038250988879218,0.6109966735554261,0.6520370111157332,0.5603620236880551,0.6639490157538962,0.5538592996405872,0.5683180867764651,0.6059821201140129,0.6184766451605445,0.42224991670820144,0.5595673222095239,0.6411429852701939,0.5721532643200263,0.587425412880133,0.5880466104670102,0.5926845054058707,0.45869179657930287,0.605284985065762,0.5960656719389655,0.5151192108275376,0.5630216693617,0.6218544364976142,0.5185923494776224,0.5643385017314482
0.4960963053928412,0.5542164164328622,0.0,0.505227655704303,0.5218714690368287,0.5442819223864377,0.44999599125409945,0.5598032013386726,0.4942261741574853,0.5784065675440024,0.5160423007415671,0.4969586759664869,0.5335782682541997,0.460390462808064,0.51090344006587,0.5571833057432304,0.5508703414680984,0.5181535111392744,0.4410997895854435,0.484174930356502,0.6327089500289003,0.6477362244507049,0.40733170392718354,0.5084450732615305,0.5225749142961492,0.5611168628948784,0.43281444883914694,0.412824297885651,0.5113002244698319,0.44950435507803843,0.4840556615571981,0.47363651231896864,0.5214020121955876,0.39362325093751954,0.4649768563268717,0.4912259348951474,0.5265158909263941,0.5504279182456095,0.4911298045724788,0.5123519241760094,0.5711830859996306,0.5688256598392099,0.5442038345341762,0.55096572317671,0.5165287794634044,0.5112181193009268,0.5509407799734479,0.5498604365541148,0.44583627106656876,0.528412763663624,0.5266838129938974,0.5709809196139223,0.4685125599432143,0.5885248552150175,0.4806814972182891,0.5293566381610378,0.4969887321341041,0.5663285942240623,0.5146573335115221,0.44963773226363196,0.5209309739464608,0.4271903959091907,0.5876132102466385,0.4561102799529722,0.49254649037481374,0.5105054383018683,0.5073162736050016,0.6125539349916284,0.5980845663546581,0.5576537542024904,0.5820815911263411,0.46702101043534644,0.4960355824987991,0.5704528520001183,0.5614830206210755,0.41565848787596893,0.4684558245346645,0.5428651841498243,0.5176087257110722,0.4535745372467398,0.5917594422010478,0.5240526906360421,0.6005457501178545,0.5244611866016053,0.510882107989021,0.5729767113873161,0.49746348998025636,0.4718034556704923,0.4504403069803104,0.5154685196454788,0.5544916913192578,0.4688538188940107,0.48818924971163413,0.4297737414090992,0.5373545278860109,0.5922523196397471,0.4960459785541479,0.5080876873431777,0.4088122549923595,0.47743688096418313,0.43660025942314723,0.5013620795018064,0.4934664551017905,0.5503787386349691,0.48876363845522075,0.5642903062945596,0.5492080287229113,0.5468763540949226,0.544826242685523,0.5537427684035199,0.47811331974621823,0.507970255391427,0.5121321479491514,0.4964113695860684,0.4858116642049781,0.5322421858708003,0.4640405211840085,0.43806057653698693,0.621353754644873,0.44764274173802615,0.5209408764673988,0.5156813052095638,0.4726724155239717,0.5213016300312218,0.45371026660211483,0.5412883177587017,0.4638520705874176,0.4885659191965044,0.5314616111616713,0.5632149475074458,0.526783141459612,0.6313267899584861,0.4343634027567653,0.47693336792859825,0.5468066934149689,0.5084115812753073,0.49813690995224486,0.5031738706395001,0.5145787423357377,0.5059614397066519,0.5075034232621126,0.48674594820979744,0.5003463826581485,0.5197098913345128,0.5749492219292325,0.5043757207221998,0.5864168108713614,0.5642200451455288,0.5848774201430846,0.3792728882889404,0.4616577840458739,0.4937614537160069,0.49840359950350704,0.6420433260861002,0.5984052342772541,0.5417942544674339,0.40011964890481305,0.6057186118384663,0.44049399947000956,0.41881650993550523,0.5710811758701884,0.4701730594849338,0.515243157592403,0.5163549868874077
0.5518429491573671,0.5891122179452639,0.505227655704303,0.0,0.4830933804226792,0.5085601591138929,0.6058050378421798,0.5942864226004722,0.5261634548969446,0.5902522392337312,0.5772240371636611,0.5663850535770436,0.5603141681166045,0.5048750027158362,0.583176709160735,0.5311453436773111,0.5628553303414516,0.5741397397766745,0.5195592967988468,0.4989612068410483,0.5658872884681472,0.5589594671639315,0.5252649389879697,0.5450490441914488,0.5899602867256861,0.5439587627206561,0.5800778175383512,0.5140380476970388,0.5259197047482983,0.49573128062266186,0.563543923371985,0.5145584419145485,0.6475846733708582,0.47569882884224757,0.5322993495063929,0.5063395719683318,0.5786459566434202,0.5430189089141004,0.5488434126606833,0.6240600455551852,0.5659649363807789,0.5487620374764398,0.521263818259118,0.5639384699510332,0.57856664459497,0.5542229342166455,0.46339274629991645,0.5021041283248353,0.559363545549792,0.5220520431398105,0.6123519588232242,0.5263864285031253,0.4939539434551093,0.672529119832776,0.5761377236363462,0.5116623873568401,0.5533773486529696,0.5727215847494459,0.589306671270723,0.517452784065035,0.5740412261852845,0.41963893342738745,0.5155789995227883,0.44645986029957374,0.49502480818654837,0.5116794960568374,0.6054701501934137,0.5192978702609288,0.550644804960583,0.616323305870355,0.5272159087179404,0.5195255362785401,0.5305055123959814,0.6460050844713212,0.5556181827318236,0.4816434865983682,0.5516075301638967,0.5674167014833336,0.523590112494364,0.4610343509861763,0.4824780334525341,0.5608295073208552,0.5750252295748812,0.4961316433920148,0.5507172194020162,0.5470848769462745,0.529378399500446,0.5664468494182788,0.5369481605159726,0.5476876241925461,0.6064668455705898,0.5503704506409702,0.5490648573576921,0.49349027182181776,0.5888353785316036,0.5834936271995055,0.4646717011413343,0.5107949816718883,0.42382265696302035,0.5906432138447792,0.5065312752594516,0.5406929128863928,0.5867223909623532,0.5469809346540462,0.5196479660733693,0.514557891936419,0.5413151600383727,0.5630479439909699,0.5754127283995093,0.5305576454655128,0.586005838076832,0.5361156419985054,0.5386791611980017,0.5699489228493634,0.5268874813783133,0.5868506915661423,0.5175105968260747,0.47718658975676914,0.550284813398841,0.48479039776984684,0.5101582618268221,0.5628289238546185,0.4688022042759282,0.595883303909698,0.4700817041015872,0.5912204445255371,0.477289365362607,0.5081772502472811,0.520870373963103,0.5410421896534026,0.515473553325196,0.4932125440284734,0.5153587986208051,0.5229664060620904,0.5218045774314025,0.4562777127251496,0.4853882504182842,0.5761071498373657,0.5525797693296974,0.5773212210036441,0.5868396554447817,0.47846998443115796,0.6181614270617135,0.5113745061969045,0.5678016322285587,0.5543895341041113,0.5115779638936409,0.5545549288795545,0.5279571569688538,0.3628871978596615,0.5703185156836765,0.5598349634577304,0.5748200627885359,0.5415878858123624,0.6199460397708341,0.5762863739996591,0.4661843475694089,0.6118494366501622,0.6121290898785146,0.5155632907622011,0.5122196193231107,0.531928780675364,0.5108501720032723,0.5793100292727572
0.48380770341642065,0.47986881370408097,0.5218714690368287,0.4830933804226792,0.0,0.45683803704297393,0.514379991609246,0.4577797651249045,0.4736760549016127,0.4619284621517607,0.5166764361736097,0.5214138676609006,0.45851742241018206,0.4179057348415107,0.5376030052712126,0.5152032193407862,0.5070032990084524,0.48713610957290976,0.4537943097013799,0.4477976944407176,0.5805851402356453,0.5603350396196954,0.4369822111331846,0.5329705260808628,0.4767284963920581,0.5240519245880063,0.42642499224103053,0.39977729799776307,0.4582233577869305,0.5150267321926052,0.48206188955078483,0.45422885505717403,0.48232328667695223,0.3988739474675714,0.45491713332689676,0.46093710816833583,0.4979386281095768,0.48894021035641017,0.5422137466301448,0.4994710454140959,0.5205198029033558,0.5249922098872879,0.540107387063943,0.5680541781515814,0.4579787649349929,0.47854124674716103,0.5201430979489516,0.5207421096913426,0.4759531058857097,0.5186224446087013,0.5550791919670524,0.5105660979438793,0.44192799397673277,0.5406350082120038,0.48575655051442457,0.4569500398872705,0.5041860722115393,0.5604214197600608,0.47270030818668246,0.44539834573886655,0.4324669913071049,0.4023487013462611,0.5028430036157947,0.42153728762762194,0.483604475594427,0.4498602373108219,0.45396380600604114,0.5299997218761957,0.4831252559418394,0.4792298886661037,0.5283620782861762,0.44931020400141564,0.4412200101321827,0.5255714420903984,0.4621834460890116,0.40536296503802927,0.48542673091274435,0.6058795117265218,0.45840656754219455,0.44912352279056295,0.46202154124137396,0.5131861127633971,0.5786610969155468,0.41715200250376516,0.48553245869102374,0.4786897181574249,0.4395680139560051,0.4719103578842797,0.4187336009110055,0.46633587714928215,0.6107405029799556,0.4655192458985453,0.5265992649048119,0.4283725380415595,0.4997128002402848,0.5075800867416062,0.42360781282728943,0.43773986040838503,0.40554113580950957,0.4344521237087079,0.4272946617362883,0.4719588120483216,0.4801697487915644,0.46560015357247975,0.4514865004298435,0.49505168114380793,0.47874520423353767,0.4623006483254626,0.5078160112494597,0.4995296475697278,0.5149047066934335,0.510428155197245,0.4372898910938682,0.4566893227486839,0.44758155368558405,0.49623564542643755,0.42971699583560796,0.46651658025138315,0.48489042617545675,0.4089661442821005,0.5928187064480827,0.459023395184152,0.42945870766737204,0.5411942485381808,0.4347834324086822,0.49292748004562537,0.43080519267696427,0.48690078389049474,0.4446258439113928,0.49183007789071825,0.44803111928305556,0.5099909424196848,0.4096774746471734,0.46678370575225975,0.48411206085915776,0.4816448014050028,0.47861009545865246,0.5125550437613053,0.4547655639976304,0.5280855191113377,0.43216142292779636,0.45429175542766964,0.49405442154990137,0.473587496349029,0.5308098030726206,0.4968532645568089,0.5793399057633528,0.4915250711494784,0.4727834876371554,0.3507625736108099,0.4671959566770078,0.46259412748196954,0.5281472503285292,0.5409338437331924,0.5253468460115299,0.48404595836312453,0.40063087465432506,0.5430417291379138,0.4335056040349943,0.4397415220077183,0.43650590711833287,0.4500121188405931,0.4626716295818776,0.5639892322402665
0.5652510405260095,0.6061964991156208,0.5442819223864377,0.5085601591138929,0.45683803704297393,0.0,0.4592031298513508,0.5764368282760225,0.5379078937929809,0.557185937597545,0.5295601816892442,0.5321185733024825,0.6015920763051993,0.5173614190068109,0.4678182120692914,0.5941250887705621,0.5763800616346155,0.49515333569283837,0.48432292082085987,0.5268153238524138,0.5732304968210807,0.5237631944602756,0.4105337565230164,0.46912812963779726,0.5575859096657269,0.5168458002019011,0.43228184735989955,0.45454424017626366,0.5384788967698154,0.4908344591702056,0.5528016493604978,0.5899675250114776,0.5220020793963339,0.449269183226854,0.5278926754358426,0.5142391642474784,0.5900207492791156,0.5637874956680864,0.5052146133181331,0.48201988963305087,0.5169218512097011,0.5690370875159632,0.510361458076403,0.6005626551140156,0.5397481118192526,0.5169804915423293,0.5349905263657648,0.5674994744404689,0.46553760800950134,0.5305253551809186,0.5552068882079831,0.5939924632003657,0.5095447672976111,0.5929493189004593,0.5310385692501864,0.6388605237565508,0.5372299385176356,0.5901051326490382,0.4989903006440066,0.4995189806762363,0.6058775533315651,0.49623311932635117,0.5957211067924604,0.4650260618827681,0.48986455012245844,0.5489402184217227,0.5353905260477161,0.5595920050145895,0.510586081369468,0.552827731472527,0.5752165179847071,0.5133333582129267,0.5704329561201003,0.5607741050228207,0.6367719450929273,0.5089208913814455,0.49292529253303885,0.5374463011349502,0.5152605534483229,0.5961648933650385,0.6221175704893769,0.5197738832311136,0.604532812156272,0.5908618787478334,0.5583313379307042,0.5635830642252668,0.5918387354166205,0.5131502907305362,0.5328139512896606,0.5661064795449249,0.541091099647453,0.5405872347742036,0.5210707858913466,0.5148633136807546,0.544211551643402,0.6291887077290516,0.5458543769017355,0.55288905602896,0.46294663825422355,0.5519110162928014,0.5166787154025676,0.5058641740508505,0.4978483320182661,0.49379303761590376,0.554630520510516,0.5515660903819918,0.5667549217482235,0.5411650770757452,0.517401650466614,0.5692153602315617,0.5256780103639587,0.5109685662015296,0.6576189564096444,0.5340075083880044,0.54018216372782,0.565238978011415,0.5573236715471865,0.44007165678752935,0.6168594387748692,0.5141215122949069,0.5106932545747005,0.5329784784605214,0.554099837514608,0.5723879146597909,0.5257327929281513,0.5898929809583023,0.5233849263640111,0.5244214029939834,0.5741183458098095,0.5047729295312865,0.6081452868907249,0.6109182993929894,0.5252653058174866,0.5478279593529087,0.5246265901605031,0.5058315478750371,0.5450784326297792,0.48602895108363986,0.4468893026974504,0.5076210637424505,0.5243845995605857,0.5993310411212979,0.5469687124340821,0.5151805775838656,0.5976564901445088,0.5212348988119155,0.5444401283054544,0.5528835901184223,0.5670102349466708,0.4215331011874235,0.5198537949189432,0.5619140332101109,0.4835050817372791,0.4901129478461329,0.5645187236500842,0.5424280753384875,0.4257717968716267,0.6221830898818287,0.47842159747844054,0.5054231887315704,0.514888382730363,0.5936436108890056,0.49304078974844845,0.5268392658589562
0.5375391678658922,0.529386748435518,0.44999599125409945,0.6058050378421798,0.514379991609246,0.4592031298513508,0.0,0.48233197159266317,0.4723649512351195,0.5364093082097133,0.6093576726682189,0.5934276490270215,0.5181557701762027,0.44703311083416264,0.5923001636930552,0.5224814971409091,0.5368298572946839,0.543014457822939,0.5686215313100715,0.47821141830467045,0.5275675529864419,0.5226431970489913,0.5976079322648172,0.5968841654608512,0.5617432763083492,0.47094648143428713,0.5499569657263187,0.5267671925357674,0.51557522954249,0.5722247560938688,0.5363567659330154,0.5284035503532265,0.5232185341773078,0.48413649218637983,0.48995222226006585,0.44522918190577804,0.5616640003040271,0.46881939375038234,0.5953639470057915,0.601752948585623,0.4831875574691407,0.5012903749870334,0.5113610266213523,0.538830769451344,0.5015074274904702,0.5249835509205327,0.43407852341800324,0.4985913593118205,0.6792142710615435,0.4881310553488615,0.6211731135545853,0.4590144542325137,0.47179154840310716,0.5936151863670944,0.6021647863947167,0.4460236940513678,0.5637189375148972,0.5259459048826925,0.5605249916479509,0.5026667647952159,0.5012330413388167,0.38457715429190925,0.4563445370839785,0.40214424446954256,0.48039013720372803,0.47456425443854944,0.5214670645968007,0.481486698136559,0.4714649313822905,0.5200279324741062,0.4752748586465521,0.4821100351799062,0.4545146463769975,0.5994652797071085,0.4817634471421924,0.5008674439821642,0.6168623151039438,0.5868411364132552,0.4538848620841224,0.47522413141586867,0.43035249563490047,0.4951096999883237,0.567901142551786,0.4178774525367757,0.48977553627854686,0.4582884533943646,0.4656911446198027,0.5464139560877672,0.5053256806692101,0.4743712864783427,0.5527411127717323,0.48932964957402786,0.601243275456683,0.5224385563702605,0.5074751320865489,0.5044369289903186,0.41049165249720077,0.4290865695835994,0.38858728034665263,0.5119270375988374,0.4917906299026584,0.5247916219927855,0.4897615595829348,0.46225343414134834,0.45440786613885054,0.4637298990346124,0.4949640828051376,0.4885578387756739,0.5359132709727175,0.5305664785420174,0.6572070045252469,0.47716374764482244,0.4642515619041243,0.49809553768591786,0.46795963674541075,0.5235863915464088,0.49234339540546784,0.5740378624897968,0.4678121278987006,0.40983297786562267,0.5070082438390752,0.4496736300650312,0.4278661213179456,0.6415418441048909,0.4371185668444569,0.5735086612163895,0.42138312029485187,0.4879074759120436,0.4508791766206235,0.4768635957317185,0.4474565606055025,0.44401254355020164,0.48794918923248304,0.4594390642595279,0.4885099060219669,0.4440525448520797,0.4925268421101693,0.5315307823996028,0.49261960944716604,0.5834155833170437,0.4856671603675752,0.44990157330641634,0.5675144113410813,0.4444329069533708,0.5185972041144874,0.4894063566008637,0.4650399471854348,0.5290979190737897,0.47385024588704133,0.33455231487876863,0.5491492796367277,0.5365892481240128,0.6112941313860868,0.49364047500887015,0.5293631812617747,0.523500694230384,0.5315542763167396,0.5565312962402764,0.5624776439783434,0.572121108628271,0.44056066035956726,0.49454354171960846,0.4461045489128114,0.5837338533951049
0.5837281419258005,0.6204851946267677,0.5598032013386726,0.5942864226004722,0.4577797651249045,0.5764368282760225,0.48233197159266317,0.0,0.6015495863947493,0.6081515140024687,0.5376553235527783,0.5520226328853279,0.612792008048692,0.5514117036889628,0.5299103603783968,0.5928104778464108,0.6086237959159878,0.5869346527627523,0.5133717490965048,0.584043628478474,0.6087522544496355,0.5604970471690849,0.4639583978743505,0.49118221281015084,0.6011261561817919,0.5612138509301668,0.5267425669358511,0.4969308811546844,0.5165207984214205,0.4957627570709524,0.6206016714523264,0.5723885254637784,0.5791047887844085,0.47753388284454185,0.5645889264223782,0.5822743373752084,0.5889704330827261,0.6787199966978332,0.5516694935540594,0.5447490229402565,0.5888232917686954,0.5682518721621597,0.5837397975514067,0.5588060816900282,0.6897578470557335,0.6150216530860282,0.5204527034530154,0.5179458902420907,0.5068678520390651,0.6210366602724813,0.6070039539317051,0.5775454468828729,0.5412490925511246,0.6441907002590851,0.5668314014865116,0.5787672105324491,0.5954292808297965,0.621309925034152,0.594870505482532,0.5646096113165192,0.6638726478154855,0.49526595165214843,0.6143691032721647,0.5198083336163548,0.5409897177620248,0.6114096472418499,0.6113731800518523,0.5486645214724712,0.6691449781201855,0.6981040240231571,0.5985477423791564,0.5823428135773495,0.6070221042686587,0.6488400872236604,0.731571584586239,0.5047422448341271,0.5269084152802948,0.5273232226161865,0.6407076881682874,0.4717266110677215,0.5517674019404958,0.5995387563788758,0.5788242964826674,0.6265419064303713,0.6380276580123351,0.6702231836066264,0.6260018295504759,0.6201010529446502,0.6001286434404951,0.6009688681271622,0.6014967708803747,0.5827725316296541,0.5523795855003942,0.5165177196108461,0.6208038811323061,0.6038144311529734,0.6016118962802228,0.589075702588203,0.4710295957305129,0.6335241907125873,0.5321952978285951,0.6168311520188646,0.6037866503187568,0.5673656384543591,0.6506941971981433,0.614510580740233,0.6802627611303,0.605621190234597,0.5950703784568241,0.5309636871205258,0.5281740350549422,0.6010370980771249,0.6003592103626304,0.651420088298526,0.6012078686985179,0.5943080792798319,0.5681904896221809,0.47168365396843476,0.5777724936786491,0.537503205291165,0.5354296668144072,0.6737410001817998,0.5258114759592554,0.564255559695769,0.5110752851306366,0.5920618278538944,0.5557359018543765,0.5552119399335664,0.603638481954641,0.6062807187371766,0.6386411105325701,0.5995855931496881,0.5536153757753274,0.5621777800303496,0.5785706106867167,0.5016771003196461,0.534598355718801,0.5556905137115673,0.5605183964933496,0.6109964353181471,0.5704038271371056,0.5580969324918456,0.6257164189694238,0.5931128239379426,0.6223750145869852,0.599137630889733,0.562955273260591,0.5830407249564896,0.6346928728467656,0.4145848016213886,0.5858871136681193,0.5801451366886108,0.5747305464634138,0.5636400938786457,0.640904792827462,0.6205151780760827,0.4301509534996781,0.5961367755714991,0.5069944373276727,0.4971259359861682,0.5571487025201804,0.5732036244379963,0.5661717650020007,0.5417269610683395
0.601822160901278,0.5791062267235444,0.4942261741574853,0.5261634548969446,0.4736760549016127,0.5379078937929809,0.4723649512351195,0.6015495863947493,0.0,0.5200962093476733,0.49764414447254607,0.5004099612062313,0.5229506974934236,0.5532934941611025,0.5264294990382493,0.5072556494637113,0.5239100954317311,0.5651175099989437,0.48435441320246664,0.5725884426140926,0.5740566539780179,0.5589735199267871,0.42663385051394187,0.46290773206694213,0.5510477414610834,0.5024681172008375,0.46294589141689696,0.4388078846438531,0.467827035876185,0.4831652967912274,0.6491594426996684,0.5225663049539795,0.5212723560748629,0.43065152188994,0.6074954827935171,0.5548794132045782,0.5528934002924818,0.655898412133076,0.5436902332893682,0.4873741282334649,0.544414117382103,0.6128491081259595,0.5458375244253789,0.5735054899649726,0.5541161716163039,0.5309351854090767,0.5103204317932717,0.5008665461485969,0.48208574206659244,0.6239897260732336,0.5770535476321269,0.5412572457456671,0.5608638759936359,0.5781942472131613,0.5097024759541895,0.6261239262721275,0.5760190223860174,0.5525601596472849,0.5858883901769614,0.5163139883574019,0.5561665331990835,0.4989313403719655,0.565641108725493,0.5335021886414187,0.6281183788610656,0.5793051804866529,0.5880478949834661,0.5633089144005099,0.5871527476378149,0.6072553419554458,0.6557994491958947,0.6070444933874602,0.6584984310407009,0.5581464033716802,0.6084250768352182,0.49864570474226905,0.4765486186743521,0.4962950467271793,0.544150439327007,0.4737203194249269,0.5502172164176081,0.7432135686532184,0.5720354729012751,0.538241672641293,0.6425314670285642,0.6114900191497872,0.6099015058324029,0.6356592786608196,0.5211336335957477,0.6328938590560111,0.599037875673729,0.6574145240051206,0.5252703735493476,0.5087019518478804,0.7246399917692227,0.5899860526475015,0.640453476605131,0.5587888114139468,0.5322125890097523,0.5428183878183547,0.5445177403166298,0.5306245786193114,0.6014468448491934,0.52019718208249,0.6625457199881619,0.5230957460245901,0.5542269027304604,0.5258731087844098,0.5254330756868523,0.5079168780518839,0.5057435720554649,0.6542366744574537,0.6049197918200726,0.6302176235741187,0.5341577515523777,0.5218774937637575,0.5358656619637626,0.4542652245594654,0.5134761132237252,0.5510512646681075,0.5738671850748231,0.6118144900087019,0.5321958931247598,0.5388791149298037,0.6691288638905933,0.5057291190516064,0.5625974964465871,0.49517515340507223,0.5091500636263624,0.5869582008763317,0.642363391256741,0.5818652900416754,0.5305541963915363,0.688766174350399,0.5896441383687928,0.5787048872643995,0.49930042100126554,0.5365504775146273,0.48306482101756487,0.6003264665226234,0.5391282877092718,0.5693964976812048,0.6650975522994514,0.6805016067620236,0.6231643170467964,0.5925082519136743,0.6270064806589446,0.5195053476002438,0.5647683866643853,0.4032011355811459,0.6028484712688379,0.5889537738788476,0.5529910203711595,0.5066304479689545,0.5681671602409093,0.626000297821356,0.4080109044962657,0.5256847598433418,0.5055931233880883,0.475583818385071,0.5161351139900596,0.6502785913591086,0.6294298025905131,0.5797912210065197
0.555179153952923,0.6493943716793084,0.5784065675440024,0.5902522392337312,0.4619284621517607,0.557185937597545,0.5364093082097133,0.6081515140024687,0.5200962093476733,0.0,0.5768847767419245,0.5757845997889719,0.5957823376846065,0.4972858551580648,0.5443291639163738,0.5775786672635285,0.603525883972616,0.5831364257659467,0.5478800050448894,0.5392237043372251,0.6005655415457242,0.5937477182695352,0.49200929770509433,0.5333070458256203,0.659999214188881,0.4923868474065592,0.5181239656295515,0.5166439276717189,0.5932482235313585,0.5036304102374125,0.5582240967284987,0.5718450587405357,0.5479161654859886,0.46293043374530596,0.5139427306692399,0.4976320307880644,0.5771455788664259,0.5468389141509857,0.5431454195338788,0.5680772703066067,0.5391300119839953,0.5728773140654289,0.5440200763723957,0.5462476205174,0.5729533869423511,0.5652462584296488,0.4838691319818155,0.5271301328219661,0.5499493750309761,0.5317996603730056,0.5871420377120027,0.5147443527906074,0.5218453865052641,0.6582801467109385,0.5791330443076667,0.5298201202522791,0.5650932641737196,0.5676095754503281,0.6439234622182783,0.5103459370754646,0.6184488381395828,0.42374785690906824,0.5311979410237946,0.4579925588946503,0.5162072114662648,0.553177882349752,0.5685387056168512,0.5364403325682512,0.592702384688622,0.6194039895655653,0.5268829561010087,0.5169447397192745,0.5258341522268305,0.6468731944882926,0.6218743914327087,0.5077535040399468,0.5387302506451489,0.5415073416087425,0.5182986169580563,0.4785473728833242,0.5394919433004716,0.5301960928352378,0.6015005627829125,0.5192346362499176,0.5452246751625768,0.5486952507898698,0.5352308293969565,0.5581392516244911,0.5547831141700547,0.5246883332193971,0.5432590991341528,0.5203345073366356,0.5604847043010232,0.5117870450941936,0.5652429370706933,0.5987292252910044,0.49586845722747813,0.5186700732982423,0.4138442388664862,0.5634158239652435,0.4990902034380099,0.5680164347927164,0.5264018360414675,0.5772076948324117,0.5163542665824093,0.5281662530952493,0.5984101641452872,0.6054654554180846,0.5777290670661739,0.5890391691832783,0.5640283681612817,0.5077795597554111,0.547046632320382,0.5716971258030619,0.5108001919659001,0.5513870634928425,0.5627273432780142,0.5255636495590515,0.5872941379997375,0.4587288624497203,0.49230523870592924,0.5116572470968704,0.48251072401593215,0.587936308409571,0.4749416999371493,0.6393657321202094,0.47151387302537234,0.49302656103855164,0.5593818819365322,0.5432304873695034,0.5597521284184224,0.5384638803766457,0.5021641706272609,0.4871592343879944,0.5650209892458564,0.4874317055586886,0.5262233109991005,0.5177478120500116,0.5529771450637817,0.5808651458370973,0.5715859847329205,0.5087194003873933,0.5902873547965813,0.5185391814810688,0.581220904347637,0.520395933439792,0.5040301969190113,0.6240974232395959,0.6381432043532974,0.376354220285549,0.5339922803878461,0.6167595640140747,0.5786660663432112,0.5720020906051684,0.6335252080006242,0.585938301343067,0.4688274217924769,0.6090932101703724,0.518816428348954,0.4997249095166773,0.571056664647623,0.5385104945837339,0.5230060224220082,0.5350304585683856
0.6019320914509791,0.571559684202148,0.5160423007415671,0.5772240371636611,0.5166764361736097,0.5295601816892442,0.6093576726682189,0.5376553235527783,0.49764414447254607,0.5768847767419245,0.0,0.6408737604988592,0.6235052818963758,0.47020921024837015,0.5592540989405618,0.6351028528044717,0.6015130197733745,0.5534215535768301,0.5633339834614557,0.5504684950222736,0.5912079860480326,0.5889114531311516,0.5324973858911277,0.663368390911667,0.648631817580482,0.533384659836266,0.524510075066092,0.5449572651019995,0.5636740637207034,0.5570855576645994,0.5630853526445184,0.573746420697024,0.514497515306229,0.5053802298140182,0.530178592297608,0.4668960500527121,0.7323098873083862,0.5162201944600232,0.6186987471117515,0.5977450280120827,0.4919735398597475,0.551186620170701,0.5538844965374681,0.6143691119242164,0.564922929995375,0.5330965843870646,0.45222188659812973,0.6597365183819466,0.6413791138091076,0.5082204413221397,0.6055025532869192,0.5002192725066859,0.4543506286776319,0.6388679968356649,0.6336458812687774,0.4874533760941176,0.5877506465285319,0.5807992533389494,0.5554624673413681,0.4977246553152032,0.5868024156054307,0.39515305619813607,0.5022293464642965,0.42957540632759517,0.48000641478060563,0.5104917056187296,0.5783309340666445,0.5368988186865175,0.5157650304521649,0.5899332248922367,0.5218644296066951,0.49867335012372205,0.508459901112297,0.6491559967957291,0.5358498215905079,0.5008848868812472,0.6401771360336986,0.6031956765853772,0.48948459631200103,0.5263539014667548,0.4721860808234567,0.5029216495025606,0.6090657258490408,0.4763407251968138,0.5183894639574874,0.5091265983256898,0.5576216890820017,0.5282076564230074,0.5107615184829972,0.5242542808676022,0.5613888253318912,0.481035283136442,0.5772241534093304,0.5324806691831784,0.5187205897690408,0.5711755074401274,0.43970965550377444,0.466396958888416,0.4006330333426121,0.524420256748723,0.522854943955127,0.5720294455156417,0.4904302606307653,0.4817703636920038,0.4771495142799866,0.5100369746248028,0.5261568699249144,0.5598461313794465,0.5289741922213848,0.6795154315392583,0.6948671421115334,0.5008404110097613,0.5325611825899272,0.5234839915890224,0.4915810778701318,0.5662557322727545,0.508993399193432,0.5860982109061278,0.5451239451467081,0.4293465640676182,0.53833424148562,0.46534357568158957,0.49672813185543735,0.6475982982331416,0.4749662554662279,0.6419801589126126,0.4310970476618122,0.5302195693238967,0.5059034387889138,0.5011397203503769,0.48419788577276296,0.5002293161711828,0.5509939301003502,0.4906642003644289,0.5935471821430797,0.4720343869920772,0.5706862107407666,0.5416566774464752,0.5426037918040882,0.5687356680758578,0.5016503365337677,0.49748356066701066,0.5429475543441163,0.462521739567454,0.6107088390940592,0.526460904730563,0.5012241680508517,0.5238113551820116,0.544814920075766,0.3589348742955146,0.5998504395659535,0.5185544847003484,0.6199002470742991,0.5086510449264785,0.5775568089669401,0.6022490381998902,0.5736293149197106,0.6294756645132565,0.5499658279052575,0.5555260554015365,0.45582735638115235,0.5300617760587877,0.4532024418536259,0.662308412700855
0.5566654279326451,0.56394874719252,0.4969586759664869,0.5663850535770436,0.5214138676609006,0.5321185733024825,0.5934276490270215,0.5520226328853279,0.5004099612062313,0.5757845997889719,0.6408737604988592,0.0,0.544591924830809,0.46362254213207577,0.5241676743562792,0.635247500906,0.6135497625061094,0.5187143677166381,0.6322266472151715,0.5360884324906252,0.5982538963221966,0.5220339156069909,0.5565859167843396,0.5501712276877477,0.6398723587562429,0.5119708335309808,0.5198196076257159,0.5357777281553378,0.5583556270297805,0.6252283062824278,0.6057026389722395,0.6202887009470037,0.5130768286687047,0.5593341480489505,0.5337774953664919,0.5174165149102795,0.5964998777041053,0.5317920423630127,0.6613395283163364,0.5382397495,0.5137450964603597,0.5430621636714599,0.5689819499490678,0.6050150630528872,0.5701899783270439,0.5392921640584747,0.480304568330772,0.562942292482956,0.6200434771203998,0.5416087136188877,0.6297299871493495,0.5107136342678288,0.46666316086583026,0.6332626101712591,0.6974435786118404,0.489435500031488,0.5947242534089768,0.6778995136776246,0.5343425753702885,0.5341113451377265,0.5302554249955368,0.4244004731469156,0.5067075986468217,0.45769172080357307,0.4767898598836508,0.49686042295340216,0.5138723445033939,0.4820223877787601,0.5083752895319087,0.5547309052070201,0.49624443598225326,0.5092078750670092,0.4994253120232159,0.6059989788421996,0.5466721212513573,0.500318874769809,0.5967143943412948,0.6126844941281723,0.5054386785358079,0.49760251475360373,0.462269593815661,0.507243378810612,0.5702740591093316,0.46852735083324887,0.5572227208652227,0.5099747861508762,0.5302718604841986,0.5587965119340417,0.5398747528692103,0.5020057446407471,0.5948779572666664,0.537417018683827,0.6411653174858899,0.5219387498048476,0.5118785094348637,0.5636285460917874,0.45237700114090124,0.5060388734784251,0.42979542349385585,0.5340168262021883,0.5155405646447162,0.5873355579933134,0.5403126703518911,0.5204327311622841,0.5102767202294487,0.5223292640997266,0.5659575174379218,0.5610816727339142,0.5333749282497562,0.5684645879757276,0.7259538042711053,0.5361386154349236,0.4978999119952972,0.5494123153304361,0.5023303032205003,0.5473994270051568,0.5402215488442157,0.5943782077779585,0.5426438091873127,0.44911179691766306,0.5341617319300548,0.4934995427564045,0.4896000385285213,0.6134890792131185,0.4602484056582415,0.6438657806578859,0.46328447490382463,0.5563089547027069,0.5487976431130738,0.481888891645946,0.5092126436564943,0.5024294149166697,0.5044250419624698,0.49743418875396095,0.5351935599361943,0.44900954327434034,0.5580909093117933,0.5275257529535702,0.5102213526514375,0.6203422027228181,0.474572988055307,0.5278648672913013,0.5670870552401631,0.49225162410734796,0.5939976044780342,0.5675227028555073,0.50833976427398,0.5208371093142933,0.5722212207518808,0.38911771649221966,0.5869060857251085,0.5430425672853784,0.6326034682764665,0.5062554849929045,0.613443559343131,0.5290637949753232,0.468518926960349,0.5972717720759062,0.495865986301893,0.5658280998382367,0.4418894692195678,0.5354062152004045,0.4696075211064676,0.5725808601482029
