0,1,2,3,4,5,6,7,8,9,10,11,12,13,14,15,16,17,18,19,20,21,22,23,24,25,26,27,28,29,30,31,32,33,34,35,36,37,38,39,40,41,42,43,44,45,46,47,48,49,50,51,52,53,54,55,56,57,58,59,60,61,62,63,64,65,66,67,68,69,70,71,72,73,74,75,76,77,78,79,80,81,82,83,84,85,86,87,88,89,90,91,92,93,94,95,96,97,98,99,100,101,102,103,104,105,106,107,108,109,110,111,112,113,114,115,116,117,118,119,120,121,122,123,124,125,126,127,128,129,130,131,132,133,134,135,136,137,138,139,140,141,142,143,144,145,146,147,148,149,150,151,152,153,154,155,156,157,158,159,160,161,162,163
0.0,0.6230337717225132,0.5444945903632832,0.49067355629226345,0.515540575586564,0.560453568775764,0.5623433168336747,0.543643008668773,0.5962063960174663,0.5413615683136955,0.5976522064693058,0.5360916251309696,0.6433169089392602,0.5750519500180534,0.6139214476564161,0.5819617201750744,0.5835884893034646,0.7085628830564163,0.5850384348011677,0.6675745530817776,0.6080301481962258,0.6354260262335407,0.5536775424564248,0.6304560748218536,0.6531505650694948,0.5510921001088309,0.5451795580396009,0.577259213209622,0.5180212010666343,0.5230291905227936,0.6383944735852423,0.6188888489085616,0.5207736879759792,0.5677588126393619,0.6500301616546093,0.5303491372642727,0.6782952615397727,0.5854883488825724,0.5375019170676244,0.6420335245808072,0.5383624893032225,0.5789358336055611,0.5869135369329488,0.5588171051295187,0.6418801146255372,0.6141714904208316,0.5406001067775383,0.5571454442859322,0.6564051492376597,0.5604817415369471,0.5909912615667735,0.5765225060107663,0.5115059355004711,0.5535619830682246,0.5239328507447876,0.5398939999599054,0.6260851688778548,0.5535198874729669,0.5652488133409587,0.5851940473394547,0.5412500865683252,0.49252727976896493,0.5402598565196797,0.4886198419839098,0.5535664694685283,0.5500950160393571,0.6030316025725838,0.6354974891782689,0.5621967191659422,0.6032709132916925,0.6714039199059999,0.5528886857171318,0.5425499078911186,0.6142937468051702,0.5843956723413867,0.6298476527544121,0.5168710962563108,0.5552687595038354,0.5716825059591986,0.4954990479737214,0.5421295637292444,0.637925831351778,0.5735990909579921,0.5535153985473552,0.541215397348586,0.6645248567042675,0.5647826502301738,0.5684669015285262,0.6035857204911603,0.5231830706004433,0.5861267132489333,0.5766660275001612,0.5565885933756831,0.5894536869991657,0.5512639708197076,0.5527415369709279,0.494662326447284,0.5525674611312147,0.5012979232234415,0.6129579587764332,0.5577235627286652,0.4825856837935538,0.49166491962010694,0.4862382153067279,0.5682531178141444,0.5824088869499735,0.5053609051730591,0.5725165976296294,0.6060044400422929,0.5997990993359974,0.5725812832994439,0.5341781382149839,0.5796184355919094,0.5197036885479314,0.5818219846703468,0.6111205046835234,0.6010181346647903,0.565466701043291,0.4809684010298411,0.5445687682437863,0.5464797796013776,0.48517044728169195,0.597336604230172,0.6677898908923441,0.5480192236635123,0.5808133152442106,0.4995305335976671,0.5406974244309383,0.5360222577781302,0.5894737597565979,0.5228408683394156,0.5372568995349042,0.5264882792143064,0.5868618447528916,0.5832489822120048,0.5115798555927725,0.5954425028926418,0.6323882705867722,0.6172045798679955,0.5943332764583671,0.499511405335822,0.5650693329317945,0.6261952811634496,0.5064116911564168,0.6018766381488018,0.5984393433395959,0.5793842873289591,0.5391313614890358,0.6189314535244724,0.4409879937142098,0.6393184066907218,0.5366651142882821,0.5675747073629519,0.4905886781373415,0.5784043006594038,0.6623126218950711,0.6023076606475765,0.5610539660831785,0.5251279145018803,0.5270970576297029,0.5198116956532806,0.6306965120798789,0.5037796541727925,0.6830821529930503
0.6230337717225132,0.0,0.5977854317123008,0.4896789954176279,0.5000920745621743,0.6098275163744108,0.5852249510973387,0.5479644870858064,0.5920324425046407,0.6673384802764408,0.5412362115343062,0.6104105043670204,0.5835325000480399,0.5280153691454134,0.5850896852016084,0.5501888216788022,0.5572328969197319,0.5810514127535982,0.5780326479377048,0.5611793161546386,0.5860270028096171,0.6554505685191,0.5576619573508054,0.6277525686940078,0.6810895370631075,0.49174825912708686,0.549588578642698,0.5411714078611638,0.56822200843549,0.5409059748742421,0.6129710606979951,0.5772499028801231,0.536612792214029,0.5469225931836184,0.5608441508775929,0.5125683880622305,0.5837121707377345,0.5244573877990847,0.5148224583844662,0.6105079480528243,0.5421479754364946,0.6467931929795536,0.4966838432699535,0.5171324260519009,0.600462233858107,0.5601129745362013,0.5646085429878696,0.495859096554461,0.5873078341017133,0.49675019482418575,0.5290923743025828,0.5463756669886641,0.4880320778679017,0.5500323029989848,0.49390840820363335,0.6213686183832104,0.5350429378128967,0.5606800914553998,0.5209681131145398,0.5439903068477014,0.5065335623026732,0.45930296283441613,0.47856155052291377,0.46109406359588323,0.48348932440816894,0.47756801179943115,0.5490170174763674,0.573663705899973,0.4998378980145521,0.550828194800502,0.5624600554261152,0.4870547964095289,0.48238989835923424,0.5655541168117448,0.5622942922602411,0.5487693987526342,0.4755478997155319,0.5759120326064738,0.5027966113909365,0.4649193172643556,0.5319345778443461,0.5826786341524185,0.6402488564511619,0.5068012305920914,0.4926537989289258,0.6646871729217666,0.4981591731818932,0.492097818938441,0.5802288869563954,0.5667068865393388,0.5344100342213042,0.6128707668334161,0.5196847123347942,0.507244328735646,0.5085245231669882,0.6172930404164326,0.4614961784806069,0.6098065468875967,0.4674606170024785,0.5919548315556532,0.4997251400052897,0.44288844893705703,0.4610255866724437,0.5349299462392453,0.49933968359540837,0.5502500623768619,0.47971362379792104,0.6241262906711326,0.5893454107149904,0.6455347102102499,0.5532543215379184,0.4788665077730168,0.5241145378375665,0.5025501324319551,0.5050914608250063,0.6341231333979233,0.5811964765227351,0.5215879785825782,0.4813689301768918,0.5390503699948449,0.48459427510690445,0.45954822678143387,0.5350117272868282,0.6383904770940352,0.4853339841440223,0.6079054395455412,0.48274551776966484,0.5439938662564524,0.5528932406611462,0.5210676660543969,0.5979496289167835,0.51519401847449,0.45982346697250626,0.545168665499125,0.5256008717036261,0.4539420856708877,0.5824269806964495,0.5582459067057378,0.5736693496411683,0.5544574581722542,0.4802289625044586,0.5367370157419549,0.6309108711924439,0.48823795803315,0.553483878034599,0.5525828978889724,0.6059806111621104,0.5662907493113359,0.678433164449451,0.44808962564570104,0.5256877165441579,0.5305634108683686,0.5295267605628515,0.5534114424933476,0.6219866304301737,0.5825535276854532,0.5448351207549724,0.6144466847780314,0.4896564962087671,0.4714977673159046,0.5216150962873326,0.5655288734871289,0.5032039363075625,0.5750723036397792
0.5444945903632832,0.5977854317123008,0.0,0.4710477587190581,0.512065768289405,0.6062081126448072,0.5014304015839374,0.5711421749328839,0.5028128933293526,0.6105209453758133,0.5646911902607006,0.554629116949696,0.6145746772639203,0.4998638183174242,0.5148211341975643,0.6537694335429729,0.6003095626366529,0.5471010005198608,0.5229241321912401,0.5200836535495108,0.6310070521283607,0.6514756154285734,0.4956050435105419,0.5555839847431319,0.5878028891349475,0.5436843879363993,0.5204878374942323,0.5145697354409879,0.5348889723335191,0.5148314450565994,0.5170961150082103,0.6001274865920038,0.4925816824202582,0.5041026196718893,0.4797905443054306,0.5138914535290094,0.5746605038477354,0.5345986118297493,0.5092265811842419,0.5776507397362434,0.5164554651253548,0.5885242773987305,0.5339747099952817,0.4934084626136044,0.5873835842228807,0.5595665632266589,0.5507603855961212,0.5203597151795167,0.5296149705836517,0.5094044339572995,0.542858777798287,0.5494337564338154,0.46098071736789364,0.5475582664116402,0.5029284444673731,0.5253443103413895,0.5273794718184083,0.6146365742910961,0.49807988678515347,0.5289007584166402,0.5364980756869623,0.4854482444076515,0.5246061825749965,0.4567325649042368,0.4645242716665488,0.4931900752182556,0.5366969376031564,0.5976943690116087,0.5470452200967741,0.5718726702326059,0.5719090453325624,0.4579598973511652,0.4840886424568028,0.6170176084322111,0.5963736009304673,0.4806161286932602,0.5323810018246282,0.5908264764700578,0.5133579359891348,0.4643836502403193,0.5470569201433879,0.5373235465157998,0.5742092069434472,0.5309981055784874,0.4990194953728129,0.6065830139631007,0.5191803090640063,0.4850902058362234,0.5396782657059767,0.49668255106319,0.5479368153853258,0.5034696726576624,0.5162000089545463,0.4753547224160933,0.49654205589926315,0.5383719555213902,0.47660164263268,0.5325283416300718,0.4418838357610648,0.5504072298533111,0.46366538439760985,0.5012766041869176,0.45291744302649556,0.48238923950454277,0.49781291608946365,0.6087124170691759,0.533110382387214,0.5720792516483404,0.5728007656853261,0.5803572191216179,0.5272042703848521,0.48067205554189196,0.5223334846698007,0.513095840329525,0.4990509689879611,0.5902114563647012,0.5115535997903246,0.5178194289419054,0.5026979788433215,0.5061476250214496,0.48553204716527965,0.48311216895684655,0.5025239096609275,0.5885493263784335,0.43662182688203455,0.5840087286337493,0.5016784384894865,0.5761461176769663,0.556823754407609,0.5202808074306307,0.5288509671491363,0.6163966341995126,0.4615478219010949,0.49244497661306896,0.5181799015480395,0.43639450671191166,0.5170181733974444,0.5053386725876636,0.5618621934861652,0.5365431184501896,0.44508632371291496,0.5516443470407253,0.5472978383918568,0.4976128855083568,0.5529756570413368,0.5157139388616503,0.5634934102580493,0.5815452121039154,0.6225519038497948,0.46755784707716225,0.4872486620231473,0.4774260249488343,0.5273575227277257,0.5577163862936709,0.5878891937538386,0.5573802713448253,0.506833951895633,0.6098613976533169,0.42894245477698734,0.47787152385754167,0.5145476836751962,0.48489679918787665,0.49399170105444373,0.5316122319480793
0.49067355629226345,0.4896789954176279,0.4710477587190581,0.0,0.4535453932442233,0.5293900403594797,0.5376091574553228,0.4796472615864862,0.42757292169213645,0.4799454550571532,0.5365282322461398,0.5089972460366167,0.46862828251563776,0.4789683581109804,0.49459846799729884,0.46792043524661436,0.5028329577837912,0.48708932477972183,0.5757092027531303,0.43135028739675807,0.5375915165272219,0.4744273029347214,0.4885061096289394,0.4614186867643359,0.5296804888496137,0.529144885032832,0.46852274189884496,0.517912096890112,0.5071104156372003,0.4108214422053128,0.49341457095181024,0.4938896817583122,0.6782095314997846,0.5199154191564105,0.5133606128839834,0.5466394285696524,0.48692231357337284,0.4938735166427116,0.47720669689361367,0.5240624496190368,0.577817464052656,0.4660985446127401,0.48084152218690757,0.5688946107563215,0.4892503053336836,0.4661198656389348,0.42213173334761633,0.48280366867145263,0.5079566291473052,0.4629806676871978,0.5675531464498826,0.5850227072816644,0.4515190582526555,0.6363407444352044,0.557016749219091,0.42890483563990284,0.4867347603214416,0.5718420087405689,0.47559439927441405,0.47670517107870514,0.5010647991345996,0.4501255469697283,0.5387969288133883,0.4253476039154802,0.44500333154869887,0.451686444725638,0.49075653069896735,0.4529245983559346,0.47066407853581493,0.5261781759111984,0.4829817576629635,0.4504561551727002,0.5127030096862524,0.5358681646690725,0.5095433980138857,0.4624770239248372,0.47139058467011496,0.5027135019128203,0.49946746841070516,0.44020007804833816,0.49590129374623315,0.5384124455177484,0.43308435791132815,0.4981337095829199,0.5212702974394204,0.48761512172769084,0.49994068044972534,0.4886442073165948,0.490204476774578,0.4036842246733131,0.5787853647270244,0.5628431967679834,0.5077811724115817,0.4620326938254779,0.5170168651943118,0.5115702589557461,0.4441095674885413,0.5450627637566234,0.4599767878846558,0.5425949396158858,0.46684394031751847,0.4492416089680761,0.6318076906888681,0.5475673453899146,0.5235073895625497,0.4497685959032203,0.4698354154905722,0.4845508073484103,0.49051846915502945,0.44410206904109883,0.6217483959532909,0.49994521085315896,0.5398656375849247,0.48228492181278204,0.5282076904654431,0.48695994816389043,0.5204664648459646,0.43621437618041253,0.5875022568637742,0.555405483280115,0.4321028787094267,0.5699487864106971,0.47352573646324186,0.5298635229689878,0.44432830646381133,0.558838358846691,0.4813174805788036,0.4348411163414778,0.5700478707433246,0.45705036610983435,0.4126890197686396,0.46363792822737454,0.4421250707190097,0.5461452680496656,0.45405692564993066,0.40063106162433876,0.39966744508432445,0.5125757168497794,0.47892047220416356,0.48971191635801214,0.5929468532576389,0.467974676525264,0.5307698394228662,0.5071571819919833,0.5031253036583,0.5057307635161444,0.45012265267071816,0.4682303733065806,0.4778741841727935,0.41527889092160736,0.5458265022100867,0.5327899674872598,0.46603384560538874,0.39312898343976077,0.6003258462709289,0.4645858455813136,0.4286367871346732,0.5046513108655842,0.5875607765253154,0.515497099228389,0.4818423266123487,0.5239271920197217,0.46934043100780304,0.51539941566818
0.515540575586564,0.5000920745621743,0.512065768289405,0.4535453932442233,0.0,0.45898595696820976,0.5597036296643288,0.4355146885822237,0.4738193200197605,0.45796174429770475,0.5265798345501218,0.5168582577048818,0.46160571925618427,0.46602641570011993,0.5613928129190894,0.5090575095704113,0.5042097070634292,0.5128813693474897,0.4956287264498539,0.46897768656958516,0.5595078861818236,0.5651457741318195,0.5013143168359823,0.5534154366697145,0.493754114378399,0.5191162650451915,0.4662066067246389,0.4393899116747681,0.4935596495223622,0.5040006421478334,0.5083699219938657,0.48768186241748995,0.4845947191706415,0.46008211437164775,0.5088981662034892,0.5134676519140103,0.4993504118539596,0.502741427934894,0.5347698894248412,0.5411587767553807,0.5366056196576832,0.5051263755125779,0.5270742896218563,0.5455047785732081,0.47816471634766855,0.48374809914038414,0.5336320130228128,0.50704472189791,0.5414575010724577,0.5172386565957818,0.5412602184052497,0.5161564206017694,0.44718337366235683,0.5133444273908347,0.49617595738144193,0.44559098246679074,0.5082448599226657,0.5432356639749557,0.47100327356726834,0.493275044548227,0.417271402785606,0.4497700416135114,0.47620204212411715,0.45880476148026006,0.47750285006486853,0.4312884855263462,0.4576272644930993,0.5166174588625644,0.47783628656007215,0.46527894557823507,0.5344521410901248,0.4695119390095714,0.441356862474343,0.5093043789154686,0.46167106768762806,0.44645128734491574,0.4684411096068658,0.618309868734064,0.464150205128257,0.4384914721364009,0.45903758356565616,0.53489918595914,0.5123661323519871,0.4315167783642786,0.47606224165733807,0.5036712621061963,0.4327022583239254,0.4801225698616329,0.44603840348163576,0.43374100570170293,0.6077229038969801,0.5130194159049501,0.5571580495630121,0.44999781320914717,0.4882003427674854,0.4927249506338552,0.41841461649232503,0.46564344780548883,0.4780592126516229,0.4595117232999028,0.4642307948787936,0.4256166145046852,0.4635815391680404,0.4564416141766446,0.4738661925703479,0.49060708000245984,0.44402895896245925,0.4632442082064138,0.5296899107178883,0.48581070240985635,0.5298003033889365,0.5090654537212768,0.4401166703886459,0.45066453579418364,0.47183681293395296,0.49843643840022217,0.45727507341367635,0.5196500230328844,0.4474737805706344,0.46699726975404293,0.5696257456529082,0.44078786883885307,0.460887403476674,0.5559048573286333,0.4557108988234746,0.5080456598654046,0.45316953657443126,0.5007717371388645,0.47334492705337644,0.5040260249671528,0.4334946279650255,0.4823744896115887,0.41048823335654977,0.5077659469911829,0.4750936962659797,0.46228799263219483,0.4762603580391288,0.577346964747,0.49712239264394936,0.5329395272008148,0.42300720363675787,0.4988809552576918,0.5183892005305983,0.48322259721439276,0.5310015630347867,0.515292291762735,0.5669763268132484,0.47508353581585133,0.49519189588769186,0.42020361799761974,0.48472712151988906,0.4674216464402298,0.5224164430740662,0.47766263149532245,0.5141913704278807,0.4766086930613227,0.4425606145669796,0.49504753127394024,0.45069218126345645,0.46050441286222565,0.4378529039590721,0.4813336298628326,0.4595258521632355,0.578411694174324
0.560453568775764,0.6098275163744108,0.6062081126448072,0.5293900403594797,0.45898595696820976,0.0,0.5180372674396683,0.5617791289605523,0.49273865428463876,0.5906663616021954,0.5578813334823665,0.5682049039844006,0.6025081334473659,0.48063088005926174,0.5040679043879633,0.5587011047240679,0.5470350056397054,0.5119121758665081,0.5501648069687263,0.4835061620107002,0.5688817449370343,0.5609108861414904,0.480304963216619,0.5336085513578577,0.6237410197272736,0.5197432726734407,0.4842172399648946,0.5346136449491438,0.5319890821054378,0.48500544743047347,0.526847631003921,0.5673193350931163,0.5568028989153886,0.5237350379280346,0.49112140630682527,0.4804523619559461,0.5905529676423278,0.4920230546440162,0.47138454475208275,0.5419664362725044,0.5093399574920637,0.5705601807876782,0.48247864922493267,0.5221651211470336,0.5504194466849264,0.5143287488982354,0.49784735113646933,0.5176248679989098,0.5096856155175739,0.45289107155621355,0.5249467664097962,0.5882516609838292,0.44583094894813036,0.5607265060449276,0.49191440917846224,0.5527085588916427,0.4956910656183644,0.6024901435696899,0.46154758606348356,0.48458747593146756,0.5570514071707563,0.45220404579975415,0.5241343938357668,0.4092655617072625,0.4365465550812577,0.47227081399006365,0.5267511438309869,0.5654338679707935,0.47503420517318345,0.5820493119777426,0.5373162994174498,0.43454406539653617,0.4850728067855537,0.5666989866389738,0.5699133791470741,0.5047650718688117,0.48713578287536935,0.5466874091567373,0.49801968690342047,0.492854647037055,0.5669823256127843,0.5262096692107303,0.562634403767646,0.5415139959665769,0.48038406761673585,0.5761321266919699,0.5477305647879908,0.4577061883259414,0.5514772609074086,0.49703560507051836,0.5224748881750644,0.5295190485505232,0.47940490223934895,0.47951581463274906,0.47755517363299893,0.6036940073982889,0.45116104090383746,0.5789288450306406,0.4240409508274895,0.5748432538108292,0.4589985279648703,0.45744576159551265,0.4648373313934706,0.5160119034716032,0.48292073827951476,0.5305221607059643,0.4805474674658261,0.5751633255701409,0.5193270554349988,0.5785250700784815,0.5595030622669565,0.4479958260790909,0.5800832526495893,0.48085384193939135,0.5045482073701248,0.6029469086082373,0.5482235500656142,0.4566135959251878,0.538005274331403,0.5286650712282915,0.43505720890269683,0.4940762790187181,0.514011937913282,0.610686187569628,0.44092912611649154,0.6252043054511502,0.46817495261402614,0.51152704794078,0.5563685446518319,0.46709059198293384,0.5172827231580663,0.5318203506020447,0.4653227745061292,0.5101142082595043,0.48276229960823513,0.4128706883713864,0.4999582354876205,0.4852967129340339,0.4940257161723807,0.492118641791429,0.5080766234438118,0.5021866976651846,0.5334717601511691,0.45809453352435564,0.5204093450237721,0.5071957837184301,0.5235357571949103,0.5440604076642972,0.5662985368480173,0.42710545609384276,0.5096825878693949,0.4994601866866122,0.46342392221579254,0.46487700461510484,0.6242498963129771,0.5404858161810696,0.5181738679187264,0.6772159307185981,0.47901410533617683,0.48740717002731226,0.5094862219551825,0.5232151043851562,0.46286077277194365,0.5331381767357337
0.5623433168336747,0.5852249510973387,0.5014304015839374,0.5376091574553228,0.5597036296643288,0.5180372674396683,0.0,0.4716960631258621,0.5009249264074974,0.5487668466407727,0.5322303354338905,0.5990690227652717,0.4996453803675391,0.48915085119755036,0.5945012644870494,0.49646283788651646,0.5126530625254245,0.53551501322789,0.5652136276413462,0.4749869686442859,0.5499128761153312,0.5494925041986457,0.6190959238891253,0.5845287704142529,0.6041446682268146,0.507968346739572,0.5252583049900231,0.5062019013230897,0.5308293398396285,0.5142421329709171,0.5685739102649234,0.5317192788906038,0.5639189968076986,0.5577426711457707,0.550097684502904,0.5101701242308009,0.5449261190501479,0.48156090985902356,0.5041239559862271,0.6011928659245562,0.5359390285949015,0.5611829889796218,0.4944837298162804,0.556677128215591,0.5266087765022535,0.5074984265447336,0.528817965334021,0.4885176465578505,0.6319320745026855,0.4780332012122874,0.5575040870144692,0.5356291457552356,0.452022417857064,0.5513562036907887,0.5162841816086439,0.5106349550001935,0.5042264156159504,0.5528335854595164,0.5058926873592505,0.5070009926086778,0.44836190290869865,0.4377818885009327,0.46247331715204354,0.4391708767857949,0.4636238121296915,0.4386530370092291,0.5069522648823718,0.526533026857453,0.469968881506137,0.5006921570942791,0.5169828504516306,0.46933949298644495,0.4665380031011699,0.5406185402989847,0.47666022810922754,0.5089212279157798,0.47775248177656426,0.6198553671672722,0.46766317490473813,0.44721318174209707,0.4714001361304059,0.5619755737140784,0.5435861254845076,0.4434611660905647,0.48477136271386817,0.5258134733964797,0.4614021538777248,0.5041036384202816,0.516297971285962,0.4740473942240218,0.5881471411423792,0.6468704050206864,0.5348825920514485,0.47268984065538266,0.49886721147224095,0.5764907793422582,0.4115361959080675,0.5590817674568893,0.4678894325154931,0.5511783637239996,0.4793581835899144,0.42857459391493646,0.515947399890877,0.5365528584296674,0.4792166710548095,0.489019730860785,0.4469028454572998,0.5295167461430262,0.5547990505599226,0.5368674050666218,0.6274192046739658,0.4871583055758618,0.49082249691259844,0.46622091808448024,0.4845888095058471,0.5474604841762096,0.5279259617058863,0.5160008769148839,0.4845185055569128,0.5152139939711996,0.4784734299290312,0.4593417091925592,0.4854156182880281,0.6206018032020179,0.4581176604989365,0.5712779032285396,0.46560235409942263,0.49950294285181257,0.5131655130975267,0.4846903962478162,0.475129887684252,0.45464199895540774,0.4252995179155451,0.5188971378099794,0.4675132064712494,0.4262551181105821,0.48822687535033765,0.5824399962890321,0.5168959559846312,0.5316924222430475,0.48070536921616547,0.49095692827880033,0.5966893673589589,0.47327473339522314,0.5255172766811327,0.6010995060154295,0.5348875449390569,0.49965481358969244,0.5397090144769933,0.4032935261173216,0.5235443753051982,0.511191231981212,0.49840530950396106,0.4925572057524727,0.5956849370773796,0.5056836665541696,0.48515636719870714,0.5665131459288223,0.5296310025493697,0.4977057849535149,0.47195071155303714,0.534671629537945,0.4712760593931849,0.5700727640652253
0.543643008668773,0.5479644870858064,0.5711421749328839,0.4796472615864862,0.4355146885822237,0.5617791289605523,0.4716960631258621,0.0,0.5583123257340006,0.5476141953105536,0.5132471086541764,0.5509006966879556,0.5964216613724735,0.47243072308043865,0.5192599812203076,0.5633578598013473,0.5141465451468117,0.5340142922878081,0.5218157631248681,0.5125536700263335,0.5319361887334618,0.5523289413710805,0.4931861812243352,0.49689803305217434,0.580586391780411,0.509411380882207,0.5756440247201541,0.5237279418485814,0.45250320027620955,0.5160492411064295,0.5785414657725484,0.5596503714681541,0.5002177461667371,0.5247232142443682,0.4708828272452612,0.48998849427954283,0.5810949735805396,0.5204217341982983,0.5025674303677264,0.5165766862640977,0.478567497439882,0.5268497367893337,0.5201115350283112,0.45167544954827543,0.670984054383994,0.5688266245581056,0.4766278717629427,0.4631234056409486,0.5013330863982016,0.47905086148854226,0.513218163489355,0.4950445613424872,0.4337497773887304,0.505335909156138,0.47948000911217753,0.5118271763677851,0.5055973288153414,0.6001688267854787,0.459251595712807,0.5229313053065521,0.5743678840507319,0.4710852013192517,0.49915805201973446,0.4223863075240933,0.4427763360445745,0.48537466924223427,0.5462532020120044,0.5494251239884606,0.5188666193215111,0.7143880007415654,0.5480259924375279,0.4430412896413882,0.46314146842037884,0.5710097248152967,0.5801252005436044,0.48289329272489057,0.5166071863884788,0.4976226691577514,0.5479564089910615,0.41641612598670263,0.4764763638146705,0.5553618365881484,0.5423759801123446,0.533357199203814,0.47759779209833103,0.6274505919781853,0.6011106251299937,0.4946230129670538,0.603554024897281,0.5388967267452495,0.5105101060556696,0.5144971743140582,0.4707902179309599,0.4623299828467222,0.4648464158667505,0.5319250611166595,0.48678547299147434,0.5248839536577653,0.41962525158147,0.5729671190218018,0.4572555861065898,0.5533181671046564,0.45956412032771576,0.4812266325358212,0.5059675213029206,0.5775493306193357,0.5081751055929313,0.5402364012314704,0.5208081996610051,0.5002842939654756,0.4883939103455891,0.46163159185230945,0.5043668943066622,0.525185176921369,0.49789101237452194,0.5632502254092676,0.4929689630741148,0.47977254059065183,0.43619874349378623,0.5101776112023022,0.4375112894840764,0.5488363060203867,0.45983614344034285,0.5487469085827026,0.41638714319038633,0.5540508516391834,0.47476006924389813,0.6136098754811092,0.4978127063743383,0.4961770302876277,0.54297072320375,0.5332276947725525,0.49385305633305754,0.4885509639988549,0.49725024712788624,0.399745011310588,0.5006913640720286,0.48230314310805494,0.5504788919726459,0.5586899160379326,0.45460195497240136,0.4876330236440591,0.533220626448258,0.47159309677219324,0.5030725035273496,0.5171291553236262,0.5476587327939978,0.5322995359637174,0.5620943403261842,0.4231070371989209,0.529318354625367,0.4532315880058427,0.49738995486418364,0.4973580631466966,0.5716374904448926,0.6079159814407008,0.5007801761678028,0.5718088899834359,0.4249973564583076,0.4592506139010571,0.46500123134874954,0.47013845005218935,0.4778147183771304,0.49784564551417476
0.5962063960174663,0.5920324425046407,0.5028128933293526,0.42757292169213645,0.4738193200197605,0.49273865428463876,0.5009249264074974,0.5583123257340006,0.0,0.5131192456659226,0.477771435115676,0.5217988767919017,0.5279182891315943,0.4857541306870919,0.5628900071606819,0.4938058298403853,0.47345454590273495,0.554157559813193,0.483179725170238,0.5455214277474556,0.4971548816308048,0.5948587864990779,0.503434888055612,0.5348399124223305,0.5564931601709542,0.45651084854070845,0.5577897519631232,0.47000610810451954,0.44017298591925286,0.5654243894423556,0.6224775563083,0.5013370340572315,0.46167997229788754,0.47725137977861487,0.5169197989946892,0.46209129105953733,0.5548239902007334,0.5020343755968186,0.48979056262007475,0.5125126727818391,0.46167928187374857,0.5911254884087938,0.47756782950013904,0.44777860569107136,0.5746489495605466,0.5238464425015077,0.5144260132228357,0.4414704454875557,0.5167236880359483,0.4759191981555108,0.4746472605665599,0.46166232074030045,0.4397149075375201,0.4585157986383266,0.4335330660128091,0.5847387910179301,0.49472824989376085,0.5074348219535324,0.465283988229821,0.5040752196863054,0.462790735544157,0.4396364855141388,0.4353491769511287,0.43702649748419475,0.4644746509888823,0.446510511642141,0.5225104082783363,0.5645515611361662,0.4829156311203329,0.5544549898339756,0.5564520717286316,0.4630244396581608,0.44656134102821904,0.5007482330350944,0.5003461468310968,0.49063808458973557,0.44833768799506224,0.4955481033673007,0.476714193244403,0.4072987898884664,0.447248348686334,0.5866239658598974,0.6109833934358043,0.4588277230204179,0.4518918468065208,0.6326856526160234,0.4985751281414049,0.4821839013784162,0.5302581596444667,0.6418322852075762,0.49901214786777687,0.5521980000211764,0.4605826908868307,0.45671149303400244,0.4689776611976384,0.5351460919338822,0.4454366606649292,0.507897000026545,0.4483672035199653,0.5133674941024176,0.4672266607006048,0.44028469885808397,0.425857841475346,0.4567349464245775,0.4747643201853488,0.5186966879028505,0.4346934387835966,0.5241152210229497,0.5085558350067443,0.5244519798072931,0.4613366836022799,0.46006670329965643,0.46473293865216814,0.48812065598384846,0.457212391414701,0.5575150794110222,0.47798618222732625,0.4858468284964868,0.39530117898437334,0.5014639166490494,0.47255429038208285,0.45073437363987234,0.46875271775467997,0.5385797935244907,0.4641944771860311,0.4879634927050621,0.44949242111773385,0.5576324370485775,0.44366387263889645,0.5033266482127152,0.6120595868338772,0.4767901036092304,0.45689775728861853,0.5183098188638688,0.49568409199076463,0.4314096449138046,0.5554894126458709,0.5142912400690682,0.5294016327495739,0.5464797899535476,0.4226030112922764,0.48345575019896014,0.5620614051140522,0.4593996625672176,0.49738023027329936,0.5342174596201464,0.6505562131894111,0.487114575836868,0.5514294112883045,0.4065454683580186,0.5113665448211338,0.44891728572824313,0.5044346089269919,0.5324365642843791,0.5134350867077343,0.605464542743026,0.5058120640120521,0.5208565328275169,0.43169611988349915,0.4254563427881028,0.4406612713399614,0.4982974610392557,0.4773217821571141,0.5428424237222776
0.5413615683136955,0.6673384802764408,0.6105209453758133,0.4799454550571532,0.45796174429770475,0.5906663616021954,0.5487668466407727,0.5476141953105536,0.5131192456659226,0.0,0.5162483497356226,0.5720948338203508,0.5810488289756731,0.5046014867836724,0.5045024429862648,0.5587610281764246,0.5552590291272395,0.5434930744730081,0.5362252076141893,0.5038971675603277,0.5487580712989182,0.5638982111465395,0.5614044031160731,0.5311798254347972,0.6806244404682362,0.4822934750974248,0.5670399547751585,0.5491046251760251,0.5689920692500102,0.5228821003520878,0.5342602251044782,0.5919191542092621,0.49819575132382743,0.5433109536195122,0.4915400111745915,0.48811603094173306,0.55577229240199,0.49972511003886044,0.46849925373912127,0.5736353812350741,0.4956166211909383,0.6071844333581817,0.48017628464491596,0.4730125496208516,0.5736637784772773,0.5392979314746258,0.5354320609440462,0.4682848579532826,0.5626625199178149,0.46306378394579295,0.5043096060868536,0.5062269147910836,0.4546341098666653,0.5117440261440215,0.48573014904300754,0.5818310035805478,0.49469988617750793,0.5537157371264709,0.5093216150479885,0.512564528391125,0.500783081494553,0.45216723938459935,0.46179350802888824,0.44483054644790465,0.44199922494539046,0.46212371167714306,0.5290290117728644,0.5429540209901718,0.5119655801097042,0.5495989564637737,0.5053577630674557,0.4587019905214487,0.47007061196192296,0.5583982904077505,0.5536089479070946,0.5246145708835559,0.4826064020789325,0.5660882105442225,0.4841153680505779,0.45525585229719234,0.5228950317720288,0.5099040701456147,0.5777869988475381,0.5035743755072524,0.4811509191130295,0.5834650359998427,0.49241634765440107,0.4832210887370852,0.5965380407268687,0.5110366570819391,0.5088942549794088,0.5510187272717162,0.4938191500859228,0.46870233596587374,0.4830529529277255,0.5761265991946114,0.4338160393822394,0.5936581398096176,0.4386782628469932,0.5850056262366761,0.46700953063628087,0.4541960947072863,0.4601301905644617,0.5365978266424004,0.4754358650000427,0.5423265767860644,0.48670073418248444,0.6475332251939755,0.5628748134695853,0.5807709342860212,0.5235842942853298,0.4556831055241073,0.5132989233865048,0.5146917863172578,0.4800090989393565,0.5825465775749173,0.5659111278824992,0.5125576384760131,0.4882734165179291,0.5301420182456137,0.4404867842243256,0.4633797887397665,0.49668529707456727,0.5796891988376787,0.4372928849811221,0.5948391673110794,0.4785051415543765,0.5169476072461514,0.559038828140048,0.490983323677728,0.5891233999471234,0.5066754217095071,0.4504495679662722,0.4770831671302178,0.47482289388354265,0.41262386341082335,0.5236354253615526,0.49674436652526166,0.5546254925972887,0.5225972373205138,0.46480424301687995,0.5237281687051609,0.5673571832349201,0.4709595073681578,0.5239227440600434,0.5333015264255502,0.5098764391750282,0.5825058163095216,0.68257284148837,0.4499280653864777,0.47861248722755084,0.5107596010748734,0.48637904414104205,0.5525520144896269,0.6124738717993707,0.5357464403765255,0.5067976949018244,0.6121286971237546,0.4542073198117647,0.4763054387181051,0.5393105092658154,0.5157226035317906,0.5028091337182001,0.500513586165889
0.5976522064693058,0.5412362115343062,0.5646911902607006,0.5365282322461398,0.5265798345501218,0.5578813334823665,0.5322303354338905,0.5132471086541764,0.477771435115676,0.5162483497356226,0.0,0.5404743155876436,0.5887536683888706,0.5452002994792852,0.5378853424842465,0.627835497940194,0.6011419406002445,0.5685910603747236,0.5994319954033966,0.5505703177159532,0.6407708202329666,0.6065382983082057,0.5126490196508096,0.5666509828586915,0.5986709152232067,0.5955553324864201,0.5145534277365763,0.5735867792125297,0.5875301007165947,0.47079090964794074,0.5474976503594633,0.6101266280604992,0.5239137113512655,0.5491611005377102,0.5752055508560131,0.5650804021772118,0.6362669795576248,0.5914649513655192,0.5973787051613003,0.5988887519857347,0.5440875868788586,0.5164422167974191,0.5816422422175169,0.6132359101598458,0.5668657372638797,0.5225925645864495,0.4543409416242921,0.6816978098543687,0.6160082545639014,0.5382743568198067,0.6135841994367409,0.5599611054723428,0.47145430140325706,0.6372908268205437,0.6438316483621753,0.454991261711298,0.5898579247500835,0.6102231436218541,0.5311077632038279,0.5400230275702185,0.5846552384416159,0.48055176506947006,0.5674946367032283,0.4858230669933879,0.4980728397447468,0.5154277037679329,0.5777563492959926,0.5442742446066137,0.5506796837027568,0.5956453793779967,0.583244886111585,0.5165963088194905,0.5579977535176492,0.6312518491873275,0.5852179549795735,0.5185007079038833,0.5856520804308107,0.5810088769400208,0.5363079330888613,0.5162111546383932,0.5348516706862386,0.5598936993033428,0.49454403126182206,0.5641748638137205,0.5542547975918379,0.5518810985501733,0.5965266182737408,0.5329181104735653,0.5190260743089011,0.44875234844255313,0.6014253851080973,0.5106748004695961,0.5943819944713041,0.5415467380470618,0.550836981375082,0.5281144390298572,0.49244144729052136,0.5028554928337412,0.4891196235524866,0.5395796072442873,0.5692627135733033,0.5251263101089403,0.5064714740132535,0.47311384735664075,0.552851073214765,0.5187806600112934,0.5207118043478779,0.5248087631009901,0.5351908627621992,0.5497769146727953,0.6531644771139185,0.5468983508862659,0.5853575016526097,0.5416990219447692,0.5512861177881452,0.5295881375678976,0.5298009743910114,0.581051662042326,0.5456302879491538,0.5284705949217279,0.5397004650292501,0.5100689972059635,0.5591299271934722,0.6118696597538922,0.5164820293223835,0.6285243750531578,0.48981228701923707,0.5191475312280719,0.5845797872223137,0.538069627922989,0.4460002654021951,0.5636415695390017,0.5484661747108869,0.5872575319656571,0.605084766962755,0.47643491766402707,0.4845375621912812,0.5729765832210801,0.5850905788743355,0.5679221789639354,0.5046424589781074,0.5908304069588092,0.5503127634357124,0.5376125542825035,0.6540239178233233,0.5167079159038974,0.5100180663117666,0.5119780409249616,0.5605466595798289,0.46781548973943954,0.6267008254160974,0.5246783308712263,0.5795499876013906,0.4362834177110265,0.5788968869695678,0.5782704582412711,0.5666632843480583,0.5349432364499038,0.5342325431788189,0.5721737983822477,0.486527343637618,0.5690371527366204,0.49062656696769075,0.6646525899331027
0.5360916251309696,0.6104105043670204,0.554629116949696,0.5089972460366167,0.5168582577048818,0.5682049039844006,0.5990690227652717,0.5509006966879556,0.5217988767919017,0.5720948338203508,0.5404743155876436,0.0,0.5106571248581625,0.44101671436969087,0.5706978808326606,0.5254772133137718,0.5043436142327925,0.4966770358480801,0.5925226494555481,0.47952921097975565,0.5485968432888689,0.5720056522809212,0.5719363638534531,0.5939330742014096,0.6399792025680489,0.4921171414216761,0.5304559340783309,0.5069934595307304,0.5120463744493939,0.5614761221696679,0.6010092284580376,0.5212819416547266,0.5465500851625126,0.5697204036051167,0.5005285155878354,0.4903852162936853,0.5550505912858242,0.47368187914600485,0.5224617384529537,0.5344007352722512,0.5133845165283486,0.5673129297013837,0.487345040378674,0.5132462143036823,0.5672043249905132,0.5004353024998405,0.5067925041582213,0.48700940886568583,0.5501639069908748,0.4529034648605321,0.5083349749542944,0.5166866704442067,0.41380813834864744,0.5371586531898433,0.49533360696310846,0.5201072413482862,0.4814728392717387,0.6384798270226283,0.4454100132101114,0.4838547548932742,0.4664420971820322,0.4139475407253884,0.45723636414786656,0.4120567300326186,0.42212550470840937,0.4215053407500681,0.48138204003884955,0.5090242047231104,0.4537962560364002,0.5448175928274255,0.49741216494911,0.42526289763797864,0.4315645469892198,0.5230483457206324,0.4932004332467109,0.4615966448782483,0.467853875666194,0.5727562261289822,0.4765217875996219,0.41793182043423033,0.45385718533014735,0.5332820262988487,0.5789864059649975,0.4520831592648999,0.4532933152811661,0.5676220263746761,0.4870244434681376,0.4521738851478466,0.5143734905011874,0.512239439760711,0.5336611863564656,0.5725522326786158,0.49208993409524543,0.4407663941384121,0.4455851382277171,0.6285759758162583,0.4136240497450546,0.575842128952598,0.4184073273914828,0.5192619436349324,0.4442578754131277,0.4471562389153155,0.46669378698054026,0.5683504778468925,0.45545683966683875,0.5062908928459616,0.44487910339917025,0.5662000949104848,0.5104706014870947,0.5587101932529938,0.5782629190003578,0.4506836174067958,0.4627183051794006,0.4609263788517149,0.460185685462301,0.5686244585538757,0.4954441265647525,0.5034356728248854,0.46534599424540213,0.48344190316502467,0.44367126199095236,0.4643719761302047,0.46431104602670176,0.5843785345669937,0.41628498589812696,0.6102803398214193,0.4316406327914481,0.5621833512706977,0.5174809781706211,0.453287694824558,0.5120416416965924,0.4662761452143813,0.42067683075277296,0.4934056629630848,0.47935688690120193,0.3929324390337474,0.5265260757227771,0.5151703014766706,0.5282230036502609,0.5325100351424299,0.454724604177297,0.46780974135936415,0.5331239810770381,0.44774780358836214,0.5050363847080602,0.5539224745342222,0.5864245528092159,0.49087580322021407,0.5816035421504829,0.40692392317589493,0.5136405417417143,0.464077869610928,0.4951330525436248,0.5044961986772591,0.6498285062956736,0.520195416977368,0.4890860031191676,0.6200233032203778,0.45766082983752665,0.4455157892506621,0.4361752075173208,0.48243881974784014,0.4450400111597248,0.5356544460389846
