0,1,2,3,4,5,6,7,8,9,10,11,12,13,14,15,16,17,18,19,20,21,22,23,24,25,26,27,28,29,30,31,32,33,34,35,36,37,38,39,40,41,42,43,44,45,46,47,48,49,50,51,52,53,54,55,56,57,58,59,60,61,62,63,64,65,66,67,68,69,70,71,72,73,74,75,76,77,78,79,80,81,82,83,84,85,86,87,88,89,90,91,92,93,94,95,96,97,98,99,100,101,102,103,104,105,106,107,108,109,110,111,112,113,114,115,116,117,118,119,120,121,122,123,124,125,126,127,128,129,130,131,132,133,134,135,136,137,138,139,140,141,142,143,144,145,146,147,148,149,150,151,152,153,154,155,156,157,158,159,160,161,162,163
0.0,0.5693019273466459,0.47030346385638677,0.437550338201407,0.5206204298151124,0.47043648958194345,0.5309160369284582,0.4797069979911696,0.6603219458965696,0.4517063494648248,0.5538320941480043,0.5044874045560276,0.5244367684418828,0.5729031708506078,0.5537796708290003,0.5085989612802363,0.523387179955193,0.7065808532434308,0.5724038171215059,0.6388195594823287,0.5945779696965732,0.5888258282916281,0.5314638778853336,0.5584369332564139,0.5745499263676246,0.5078997503305043,0.47057220765499297,0.497641669289351,0.45296738977464246,0.5740265208884848,0.618485652658798,0.5464559360262945,0.46457692192913747,0.525326512205329,0.612362415989922,0.5891452408097759,0.6178219693994986,0.6312436683284086,0.5243243185078658,0.5226346956383974,0.5598919658294206,0.5178600625027704,0.6302490333600058,0.5489198290010306,0.5788040855912566,0.5785516868364036,0.5665906662690715,0.5537095016169047,0.6328443382176457,0.6454095515240504,0.6684317077497243,0.5505777817761042,0.5541929429530803,0.5455921030667528,0.5407046438744988,0.5092579558011455,0.6808692659924928,0.5106976343742758,0.5870485349089016,0.6089251473694341,0.47414289520131375,0.524074707822387,0.561466919410034,0.5102098986040451,0.5994344193449053,0.5409105489473823,0.5269811627834599,0.6317374918940029,0.5686801472668669,0.5334736069535206,0.6886455305873498,0.6018365335327481,0.5415619720837836,0.5542409722506407,0.5210304371767405,0.5977845718999776,0.4676277794424339,0.5179895397171748,0.603337454455788,0.4668425406023949,0.4934430555895025,0.6903750185143243,0.6142847126569281,0.5111807905561669,0.5573021461759545,0.6385734946127002,0.4927520311143289,0.6691694216164232,0.5257378178886232,0.5404760214695359,0.6323564466943322,0.5860101355339566,0.6418245947344287,0.6146498496519146,0.6036237510240452,0.5133607131484035,0.5159821055688101,0.49004623087163124,0.5405906278464693,0.5224969064764968,0.593437964125931,0.436415215270365,0.5096044275802634,0.445756773567028,0.6661248678753722,0.5267426599848033,0.4773311532138679,0.48578190815715677,0.5751951477193505,0.5518919174618777,0.5373389823039507,0.5996438485544858,0.5316268233736805,0.47624915925759387,0.6209368634104434,0.5212998681380996,0.535559652702487,0.5280050444740026,0.43479369163616405,0.5020498820652096,0.5489313264732073,0.46864485673352296,0.5747277614145818,0.6466135804554051,0.5669658384030558,0.5172989413426413,0.4865597922037104,0.5097209276913446,0.4924539703173741,0.5791570059172342,0.4984917867962821,0.4820295341122072,0.4966867365359692,0.606925605923033,0.5486253234237691,0.5032320561449743,0.6277745314791344,0.5638825047929272,0.5309616525140987,0.6585787047499501,0.46905358546499204,0.5462757930855622,0.6451368197190158,0.5673375163025984,0.5914245309595249,0.6009717453903585,0.6154427865090442,0.47949955048089965,0.5565184882713728,0.41213199825108576,0.6365590622482649,0.5660641169239641,0.5805958697890131,0.4754548707985982,0.521209079632565,0.6170502654359731,0.5356800674479201,0.48328047985795086,0.48201514090646264,0.5211882974134954,0.4579682842393166,0.6324121060157463,0.48731733846052194,0.6569610173600051
0.5693019273466459,0.0,0.5645524137828225,0.4732237465079052,0.47763863716254973,0.5160711620803755,0.5689591179663986,0.479282391976617,0.5089260013335136,0.5930153699495437,0.5624975337177256,0.5625913586015665,0.541266983131646,0.5747197960547713,0.5006096626462015,0.5265117472519465,0.5744277347836155,0.5798829731455677,0.5674542605761602,0.531301653688796,0.6122871237702913,0.6132780808838239,0.5885565095202346,0.5994350487019992,0.6426400961796868,0.4955621843783033,0.5077990084332663,0.5415115370753831,0.6026282904160456,0.5204184419128329,0.5174461281715007,0.5396482016039196,0.5009938574527223,0.5530631322844024,0.5237707298577585,0.5872432723831231,0.5565136157244215,0.557187551750799,0.481438903877458,0.5938748193120976,0.6215136661027049,0.5494767854527051,0.49420096411685016,0.516091091684893,0.575523172219091,0.5419477131704433,0.5646795507610227,0.5204045209678653,0.6112217304169191,0.5160142418428746,0.5697254945753438,0.5546977313192178,0.5179471583711465,0.6043486860532121,0.5517224194198945,0.5528653342599358,0.5470766952043704,0.5164662263103761,0.5890643232853406,0.5702629554830195,0.48265068733224287,0.46761292691677353,0.49506855915003245,0.4942371496899266,0.46881382189874327,0.4753075712878231,0.5238666660102151,0.544595658176957,0.533629055161944,0.4958006347125489,0.5227814124668825,0.5144939793381814,0.5037394662217264,0.5664790284110311,0.5380741842859119,0.5242316510335985,0.4569571635268443,0.5803081128795353,0.5267735931024127,0.466621867370383,0.5227336214454913,0.5288857933244179,0.6409018438193245,0.5233248357807094,0.5148062696184414,0.6400546705065424,0.44313583924681355,0.5097380915502342,0.5258478712403858,0.5410709795419406,0.5500296879656715,0.5603958247621056,0.5915555288895512,0.5186754069030033,0.5590158752922078,0.5656133696420688,0.457007366459433,0.5540153739740717,0.4734612872670792,0.5559557321485077,0.5311335967473729,0.40600483680212873,0.4788016268327413,0.5054893039152795,0.5269958111569572,0.5200525504755646,0.48196742143595606,0.5868812625846537,0.6198839917355021,0.6740145500549563,0.5551743902239279,0.505304050336557,0.5240572062301088,0.47697226812481136,0.5505403254500336,0.5730435542059545,0.555002524792476,0.49350349607014155,0.5089474517313766,0.5146841661453604,0.46751394426924364,0.4412834910617923,0.55879615103328,0.6266934589902965,0.4709369406480767,0.606382574809094,0.47904845008356267,0.49741688056052896,0.6299843858260662,0.5226989166672785,0.5361071755768172,0.47502482198075635,0.4500763627636688,0.5230101778255793,0.5027526506270601,0.429283753051991,0.5781955570549202,0.5237244725828735,0.5824717500284956,0.544853004133992,0.4816965575784256,0.5392947015610474,0.6272925269612307,0.5338975409984877,0.5755432014202326,0.5320186757575499,0.5335268443330125,0.5339711501999608,0.6701032192296567,0.4484486118391893,0.49202546603162944,0.588223268885556,0.5365509931844038,0.5645866639651888,0.5921178851204656,0.5313070463726525,0.5379915774149796,0.546133000589738,0.4888175534645088,0.48964616822874674,0.5214448928668052,0.5575584976414519,0.48929341933919446,0.5401168301993022
0.47030346385638677,0.5645524137828225,0.0,0.4385493862934575,0.4251447162173639,0.5515208375948992,0.4461051093687019,0.5427774141308047,0.442258470019061,0.5976103550616054,0.5507357793694452,0.5095282915520637,0.6030824012098027,0.4933188740019497,0.4156384175064789,0.6429798936266544,0.598995415499297,0.4918111609488553,0.48063772660981785,0.46319782524855013,0.5934479311573259,0.5557651629415122,0.47624604374961615,0.48058821803954893,0.5547886656204405,0.5153014415651751,0.4925454498413037,0.517108774042347,0.514834127792218,0.49698591652175605,0.4365736450611885,0.5671783634731172,0.43507390051044986,0.4958726565628251,0.40911278618131036,0.5115518133818572,0.5426620916498041,0.5217867960458148,0.44451646145279156,0.511144337173213,0.48732834391596835,0.5193148915535355,0.47988756246522946,0.4346365249983871,0.5609882544837084,0.520214351831755,0.4979443399434864,0.49692891270154693,0.48719704132282515,0.46769272323945504,0.5241329527259019,0.5024144553648123,0.4395459249297308,0.5365365761393271,0.5134999526548862,0.502280523222333,0.48956219217668556,0.5560309615782457,0.48881071680310517,0.5121544214723892,0.5533565402698476,0.4830333557227711,0.5108752643636808,0.43737439362147956,0.406259344035293,0.4738959728752346,0.5159801947273991,0.5447089601259728,0.5550517940419523,0.5309494382140609,0.4904310185211898,0.4281879764650686,0.48245322843279703,0.6069615319896529,0.5897545319700904,0.4421251023693116,0.5249128503481044,0.5505094839742288,0.5054265960641838,0.45872468160219854,0.5247593633568131,0.4586148512641062,0.5691904649992091,0.5630574033717468,0.48828358382688086,0.5645717645293107,0.47809181068034107,0.46206963308180116,0.5116037119706092,0.4997636634067648,0.49915382337648456,0.4431227868063076,0.4988056411821686,0.4501254148830421,0.4889922273448667,0.4900797972996573,0.4622423075682372,0.4830527509145732,0.4045461986106114,0.5213929258070042,0.44705605766579287,0.4702923898338362,0.4325412214373959,0.4352420953213128,0.48186462946737746,0.5687879232406223,0.5478751723444178,0.5540415001509714,0.5322506032392526,0.5777903058083543,0.4858108331870351,0.4534859332897777,0.5254636167702146,0.5013965608276922,0.48897714599985187,0.5402584770615002,0.47001455425532085,0.45383285989869615,0.50736830590916,0.4772546080059605,0.4159530391876119,0.467443673611231,0.48086601222653197,0.5394643370256932,0.3886708203958476,0.558587766798985,0.4898484831242266,0.5361142088446678,0.589863056486402,0.46843548685368186,0.5205493283485548,0.567470453612277,0.46358871864715145,0.4398492401198436,0.4623315041420954,0.3729521339080056,0.4832096792803769,0.42081162658053795,0.5176839963567708,0.4923264921937689,0.41775824249331567,0.5319848421302574,0.505338440626629,0.5013715960615082,0.5237204040329435,0.45904124623772596,0.47333979126107095,0.5625441127865876,0.587647588794516,0.4695110784665415,0.4310019328590107,0.46392317488838547,0.4852129962077185,0.568141062338804,0.5442541727758388,0.509612819986504,0.503622963303906,0.5726517586891866,0.3891892942690425,0.48346030551284835,0.49462838644456925,0.4405149163283021,0.4704791560580897,0.4556823921478751
0.437550338201407,0.4732237465079052,0.4385493862934575,0.0,0.3968848971644001,0.49697604839183873,0.516256740985537,0.45464669613287706,0.3964541146772181,0.44940781012224557,0.49569331575482634,0.5029799477680241,0.44210747342416096,0.4283212046791551,0.4193565558954798,0.42124768310138816,0.4488442668156359,0.42673226301023215,0.48447983400358985,0.3750594524822597,0.47066442939043374,0.43144740436317836,0.4860958794702508,0.437166142247177,0.5060687726218634,0.5045320341691473,0.44792101791571026,0.48851153064617703,0.44831614313212814,0.4035477386938045,0.4258507661754202,0.4232074680347248,0.6224026260632669,0.5128782619066207,0.425625817667411,0.47738252040546714,0.4700673222152615,0.4305716517314798,0.3945674317228676,0.47097237297025346,0.5177352896913547,0.4412958881930092,0.4059177090243469,0.48134095491937323,0.46385444208182947,0.4169217541107708,0.3995567304077257,0.4407610353071987,0.45355235099307234,0.38882117446150133,0.49159024438889243,0.5388212086010278,0.3825928385225975,0.5645138800265177,0.4881457949117134,0.43402891716730746,0.4140697519916821,0.5186583182683048,0.41371850505927654,0.41847359503869386,0.45232037610257847,0.38780640949131756,0.468343683911334,0.36560091565466696,0.36045723821492437,0.3857925079800299,0.4511315590303976,0.42917040660207484,0.4198512511716891,0.4819080962038486,0.4176525050590917,0.38360331926389,0.4565062744876673,0.4800889084061458,0.44135409657556685,0.39940051404506516,0.41614093570611305,0.47550902655105687,0.4538538275097078,0.39964924275781677,0.42912484729325967,0.4520145391139824,0.44288407717939454,0.4593025782240878,0.4437468342027611,0.4649218867929982,0.43985735272173043,0.4164150056237794,0.4410275324686544,0.42341296552660324,0.5141669815563136,0.493935845546026,0.4339318785209779,0.3960285256056727,0.4508116861874066,0.5187634244568806,0.37405694780243604,0.5211326117656018,0.3840194461096977,0.5015932665304134,0.40743261991255886,0.3792690659437943,0.5566491961342312,0.5165986143066175,0.44348277510674844,0.4140886100797976,0.40336955667565216,0.4794926414395082,0.4388769659311231,0.44234607504750195,0.5463951903425277,0.42510271408339356,0.5047005212801102,0.41508558273225155,0.4736650291824569,0.48773954710663764,0.44356304923130896,0.36465932353301594,0.5613710084094643,0.5036923403075722,0.36087653786085033,0.5077498227720293,0.43396475677681307,0.4887032259550376,0.37100075178842234,0.517160160574503,0.41487202788173144,0.412993353008048,0.5251079449304387,0.39113383147081293,0.4067838135036979,0.393859431850022,0.40065593630808494,0.46129190526893504,0.386633309922353,0.32619815917937106,0.3847377816158278,0.4279950863161573,0.43410626622508647,0.41930110607915133,0.5419472120241023,0.3992227311637582,0.4680693800135125,0.4327879413458886,0.4402673961802904,0.4814554150904242,0.4159748245004626,0.41479480960476794,0.4349836582693741,0.36018309572731316,0.4549616170228019,0.45399593980066905,0.39935438625508535,0.3907553789341447,0.5700399760673778,0.4241368410926271,0.4187943480545012,0.5229759128104855,0.5246783733696625,0.45739724644340896,0.42110286591864055,0.44604164424760573,0.4007622481544279,0.4510464199596106
0.5206204298151124,0.47763863716254973,0.4251447162173639,0.3968848971644001,0.0,0.39241771509628687,0.5316001624224365,0.38059248062677026,0.489162051076553,0.39049503586795664,0.5218195911276327,0.4865878878763974,0.4075649484826431,0.4536599446011743,0.5311113158205302,0.4313801553909039,0.4291600503040546,0.4784494982742965,0.46144531382682813,0.47247534883458814,0.5008832951505306,0.5530634634739461,0.471488949832392,0.5654523648671818,0.465270921875675,0.46520497576712055,0.4054693305127829,0.39088431405434915,0.4474333994942943,0.48210971463772995,0.5107637824920144,0.4204105872875861,0.4265071061286054,0.43273961836200314,0.550694791180995,0.5231794946047276,0.49344924862647516,0.48879181911384745,0.5243191040662926,0.4594506232816944,0.5133879845308649,0.451728372350132,0.49735436574037756,0.5781116934641937,0.44789125205452707,0.42107831250567157,0.4847552795771072,0.5681318631418696,0.5343871263650269,0.5052994762927366,0.5021340364641658,0.45755665327126865,0.41411658159705084,0.48814185804692367,0.4944963081597299,0.41947958163812826,0.4795574472283369,0.45400466947792245,0.4585664921757867,0.4505251409740174,0.37322582220900424,0.40109400770024295,0.43077612201187215,0.473664810740881,0.46224379507139357,0.3919704777000061,0.4251934267574371,0.4917052992783389,0.4429000295956029,0.4149780233735881,0.507448258812308,0.48283094835951723,0.4278947915594,0.43865258268701235,0.3968777650009953,0.4151421958045309,0.4014091592345491,0.5208060514580684,0.4334279282482115,0.39898701294102185,0.396832602294452,0.5150704178905986,0.5053424507822893,0.39310869957003186,0.4387051581817034,0.47667791508352375,0.39606362081054,0.46485372970806854,0.3835445313386362,0.44789364497569717,0.555089144245488,0.493484638771642,0.5553281982426413,0.43110955668284,0.47581580485160874,0.4864860722144364,0.39488305298359433,0.4209669928953611,0.49207594129499604,0.3976271041176792,0.49980216866527616,0.3651101742100697,0.4421726338188871,0.41832224966033943,0.4585767558292713,0.4159538424294898,0.37883162584257046,0.4122690482880342,0.4576916901323166,0.4946447366611297,0.5018975389971413,0.517552380584653,0.41023687021420063,0.39234484011692694,0.4424745709921963,0.42741485292971887,0.40353194994809544,0.4967280268243026,0.40114396758424303,0.41720524130773873,0.5678242286600876,0.38501453561179866,0.46745279643441695,0.5015872455514374,0.5012583820094167,0.45815059879707826,0.3917630379486932,0.4551572862017214,0.43085864720659717,0.4759960601411222,0.3978649879915464,0.3995360964870279,0.3898149425400388,0.5264839724864218,0.4972490481887037,0.4611572379646965,0.5037819096799546,0.5607968324262119,0.47106726314355424,0.5035700520728806,0.4013898726160122,0.4617940852572537,0.4788995146461937,0.4806268606726247,0.5337470175816026,0.5158462155396438,0.5917732974473784,0.3872007015562631,0.46311135967118616,0.37267625368092394,0.493563140669076,0.44168769852787493,0.5061108299414243,0.4370398318443419,0.4527977164990934,0.4656088284782928,0.43597846996048706,0.4194110620610377,0.4537254046546163,0.4147233642113851,0.37222518721734876,0.4814439271950229,0.4061551400500024,0.6116697158253779
0.47043648958194345,0.5160711620803755,0.5515208375948992,0.49697604839183873,0.39241771509628687,0.0,0.44823983967823366,0.5351193228697501,0.43312575597806446,0.5492027711431362,0.4919146953947635,0.5361131720563139,0.5252286634396911,0.43819041452251317,0.3902390651416777,0.5284003185319294,0.5496557236556533,0.45342460122471995,0.5468843761331761,0.4179515319983946,0.5593097847465001,0.451501021858784,0.46074145313733744,0.4236691353039968,0.5917823403689206,0.4810696874911053,0.4282971952894418,0.5373763680260183,0.4558253062270874,0.49273810434294885,0.4354164096856005,0.5573330929178083,0.4644183905641438,0.5429354114590396,0.4033563024265636,0.4751445003091774,0.507127328734972,0.4687704269798158,0.39942927170300774,0.44672221089310526,0.47553982742209716,0.5325303972368222,0.4494292256919595,0.45006054175983573,0.49243547085848693,0.4796648459931428,0.48058694016014875,0.45489684623626897,0.45452585476910395,0.4209500837095916,0.5273737031889346,0.5928437932240603,0.42878289692938876,0.5288255069070213,0.478202965522009,0.5389015485762231,0.4644758559863523,0.6268842363763979,0.43599333845381716,0.45771576726771696,0.5267892449372659,0.4722137434491028,0.561860565622821,0.38314495720182057,0.3885330843236787,0.4588485897745887,0.46019514351568147,0.4929853309829125,0.4662407260008633,0.5393517137359758,0.4581735240662681,0.3931125193973764,0.4959860804211455,0.5413280432530733,0.5761577236765889,0.4612023400035866,0.45967264057956625,0.4960270703107922,0.5021253932612942,0.4904682017600243,0.5806728076353158,0.4636348711212223,0.5253986687402673,0.5498979801398921,0.5045918521781833,0.5179847956522675,0.5027447568977107,0.4450680024597825,0.5435006016593845,0.4605865525140906,0.5072439806054262,0.48929116137851875,0.4558759949244312,0.44729235525702105,0.4686750510671487,0.513613873920346,0.4361863701473529,0.5841598897360375,0.3959559283523895,0.5448507823252196,0.4077394844343467,0.4359683983643305,0.4967688063326182,0.4913034086844624,0.487886268296554,0.5072296640683763,0.507308092231505,0.5689272717178143,0.47045733046628924,0.5102261639636287,0.5283864134649837,0.4346388104374759,0.5978952255529529,0.4750973627842875,0.49704886062685066,0.5362557162630909,0.5464146769739666,0.3962812468254246,0.5944953900637688,0.51913184096069,0.36935188916584627,0.5227845759205874,0.4908661045670483,0.5453533729912664,0.3807829862587481,0.5436984126264692,0.48825651991513497,0.4487866932113486,0.5934459585959369,0.40136450540871654,0.5285171820340582,0.517265015864365,0.4334321196661504,0.44861997718905505,0.40426282078584685,0.3446286710945788,0.4435740840813491,0.3870586850099535,0.4191965892789991,0.4592745097297316,0.4598088332443805,0.47578634284728927,0.5007713522675609,0.4683075427540464,0.4683250531911197,0.47914625177853243,0.44283212255547266,0.5182223949116013,0.5321537606499278,0.4332322591399411,0.4443660175514556,0.5034338338026005,0.4185776681852349,0.4331989093918079,0.6351421867697744,0.45938615088779344,0.4389018769230201,0.6425802505356893,0.400153996019738,0.5157996172974878,0.4861488056605032,0.4767846743525363,0.46032611197904666,0.44063245958481234
0.5309160369284582,0.5689591179663986,0.4461051093687019,0.516256740985537,0.5316001624224365,0.44823983967823366,0.0,0.41396901163643895,0.46316978273789083,0.4687993570838129,0.5470572273459834,0.5585560754506321,0.4511911076348585,0.4928696422800865,0.5197878464932898,0.44480423319822127,0.47426103677326803,0.5026345086357416,0.5256805158322052,0.44837286983232627,0.5229321106395289,0.5183071529401515,0.6394317681817011,0.5966186710551934,0.5647685284717592,0.503885216847016,0.47177135752475857,0.4758774328722325,0.5207442557810525,0.47875169447553406,0.5061123068417959,0.45487095491176965,0.5331037773795528,0.5485055850881503,0.5469565287468762,0.5386249068149811,0.5273281982991064,0.4780794564697599,0.4653246159020493,0.5542640764223192,0.5839415867353247,0.4928481108687889,0.46008225263949426,0.586761499777127,0.49345704601473783,0.45480846260373603,0.4906772775565998,0.5171192150753123,0.6273823320495452,0.45781240141052826,0.5440140429447095,0.5249132720543722,0.4308880646567876,0.5697992622519764,0.5391361011912016,0.4765131576335312,0.47908937931592954,0.488023705156559,0.5018659092917394,0.4773210558147144,0.4108647404273468,0.4045402197622829,0.44457543292122775,0.4413111014480701,0.42772450516173566,0.4050457854937442,0.47565620209613624,0.4896393224490356,0.45067064645195903,0.4481018346497274,0.47505724363707547,0.4720468938107486,0.4655125402399135,0.4911257497780157,0.42842210376350964,0.46253092033603,0.4244960678383176,0.5864236587664958,0.46007428725724697,0.4306693939027519,0.4327286206104677,0.510375602648053,0.5348122094776011,0.4300520966102812,0.4693368968574768,0.5084877291271408,0.413557740764455,0.47752590024910246,0.4447095592730772,0.47688492964831775,0.5821615144499558,0.5877657381125956,0.5446426164862459,0.45293160392199455,0.5085756055846067,0.567204106321252,0.38428676731281874,0.5163783503878254,0.4635846924776156,0.48828494418667084,0.4997493219124564,0.370248155346672,0.5261055143477474,0.5076954637039948,0.46927113778033475,0.4371426654464297,0.4028315183043786,0.4951156823800656,0.5143501231926508,0.5502902278971324,0.6226453267174326,0.4947735887201136,0.4736485300373141,0.4197721129256515,0.48991847739792754,0.5018002704172206,0.47478150165847105,0.4575381043010938,0.48592745184950586,0.4849827387374766,0.45494134579913814,0.42290541649723806,0.5013601241646074,0.5776077546285997,0.4576976739271877,0.5414913812692388,0.42170027652453235,0.45127883394046386,0.5173340558379845,0.4607159730147167,0.4335106823468845,0.39825344042547667,0.4078899254370423,0.5224934913013447,0.4506106350342092,0.3974743673708423,0.4871184737543799,0.5622147589517458,0.5068483584613749,0.49156462453022626,0.4843796333330923,0.4568728723407752,0.5507919825284622,0.47362029661020083,0.5283108620740334,0.5840906485973333,0.5008239160401383,0.4314033270663792,0.5026990623013559,0.3784060819200555,0.503754631400219,0.5100975183839576,0.47535646327760683,0.46312528056851826,0.5531514813423587,0.47132360277485813,0.4804651916486671,0.5023669233813304,0.5878157191821057,0.4744842064778266,0.4297129691717334,0.5324660656615631,0.430860584118928,0.5710291972670177
0.4797069979911696,0.479282391976617,0.5427774141308047,0.45464669613287706,0.38059248062677026,0.5351193228697501,0.41396901163643895,0.0,0.47374574714271184,0.4849403824095923,0.5154358577345998,0.48712969329491473,0.5997363679979687,0.46064078860551494,0.4137467824145405,0.5653452192732857,0.5060883682281058,0.48161186286944596,0.4805371561051906,0.4552226345933948,0.5185546634154059,0.48368023434355784,0.4462615498985124,0.4272087082984845,0.5307317881142912,0.5172533390111473,0.4998645882402199,0.5168827109144124,0.4130630773694412,0.48473418228396,0.4682915154469067,0.5483515243747329,0.4392976439226474,0.5099071701489609,0.4027467510849257,0.49040561030680924,0.5773554241148681,0.5205139136347076,0.4454746967923513,0.45292034912448936,0.4466356142719529,0.46623064601546405,0.5002983360220735,0.4153500793557445,0.6247687881835429,0.5286021165526,0.4298714807083866,0.4647538197780013,0.4552669948700289,0.45481774826456467,0.5271943276928444,0.4755978635477779,0.41366291463269167,0.5039062166456613,0.4988386891100527,0.4700135332993699,0.4852297815607686,0.5745809455356836,0.44301929709012067,0.5017765034773577,0.6973884732183295,0.49927821727238697,0.5445333361917595,0.39959948462740064,0.40082261243908773,0.4967377284502831,0.5395628546305942,0.5329620699107935,0.5357638831413737,0.7352737491457307,0.5049840307859874,0.41496845034120716,0.4877864008407273,0.5862364559498299,0.5914275549499317,0.44536041831822115,0.5499651401206667,0.4628226630948177,0.5754572389864092,0.42190643249012905,0.47023097143830117,0.4877731655185873,0.5118189995195334,0.6034620640509467,0.48751808916983885,0.5616687106365512,0.6424456125254375,0.4927487912559709,0.5612060517871444,0.5204793897877924,0.4894012345860119,0.4460451180460378,0.45637350180698755,0.4490959653264625,0.4671291668384162,0.47385504369132064,0.5077924357364576,0.46444848812353146,0.39088250131885005,0.5399837328699655,0.44339445829072915,0.5895516265607321,0.45985351893452475,0.41901461231746007,0.5220923287981564,0.550208308549873,0.5447947106019342,0.4899788633230372,0.4741005015264244,0.47341770553302637,0.4637262690406329,0.4514276390023857,0.5499691264245126,0.521479079417008,0.5077688780483027,0.5027684979760897,0.4498572766812093,0.422194283220873,0.440988341949801,0.48522164457884637,0.3885622537293659,0.6119372902782934,0.4459271081990464,0.5131353001467572,0.3787165426047861,0.5189846228615737,0.4797813881076997,0.5673571206150211,0.49800014681558014,0.45057438574379693,0.4966096670995589,0.5340379768159393,0.5410684742388872,0.4485248842682202,0.45430579286464456,0.3528806548819034,0.4497427047360634,0.40287168199095685,0.4803957113394026,0.5144250559898949,0.4330596338643987,0.47662414892980687,0.48759680298417,0.48667074880785405,0.48551121748633813,0.46523752280099356,0.46395163063643635,0.5010194010612864,0.5009392419380552,0.412719923893068,0.4851820614847325,0.4351917308092896,0.45730555243367504,0.4550966276974388,0.5235975465068108,0.5677912272252166,0.4902735616086317,0.5344387812928445,0.3853773902467027,0.4912690992673454,0.4383783666888162,0.4320866216187732,0.455246850641525,0.44348082889346685
0.6603219458965696,0.5089260013335136,0.442258470019061,0.3964541146772181,0.489162051076553,0.43312575597806446,0.46316978273789083,0.47374574714271184,0.0,0.4208072234008111,0.5026754786771199,0.4815503233400641,0.47492136873132024,0.5177189442460803,0.4954272729605103,0.4776404657004631,0.46987410144298786,0.5772858245432382,0.5059800634317944,0.6238678155099057,0.5350275023441902,0.5503283978636058,0.4816204997812596,0.49455563843280353,0.5270037629094438,0.46795332672695006,0.45311436376245595,0.44708520755757003,0.40822297324882845,0.5632774816239089,0.6070368832361288,0.49711627959967875,0.41057414604234904,0.4849120448651476,0.5596795108585364,0.5452367037751461,0.5636475175774739,0.603872185958777,0.5176782665660481,0.45648846845731983,0.481140943245982,0.5144943402067507,0.5649973262756469,0.4849117791466614,0.5452213830139282,0.5074204214797252,0.5039306313232556,0.5023521856384439,0.5427770134118014,0.5875113802188835,0.5435222092254922,0.4719452484873673,0.47468735668287604,0.475674246591268,0.4812801022394307,0.5007075145955734,0.5822817979114701,0.48675190450446754,0.5129765285426205,0.5366137697562339,0.44379620945652043,0.4930949297815084,0.48577431877116595,0.5170077152380005,0.5439968997977922,0.4882313814686974,0.502510456273361,0.5624168161555134,0.5298096321887459,0.5152763413501972,0.6201830072083343,0.5500887125358652,0.5163734654665516,0.49307312552421234,0.48381582829898595,0.5029295481357615,0.44236055327706153,0.47044756082682926,0.5362207373664668,0.42277112225697244,0.4430974115098788,0.6629325291822837,0.5561551654229273,0.4690692789741701,0.5243445294497129,0.6034487336787849,0.49888503801661005,0.5911798946999368,0.47606797788337757,0.5742805505517167,0.5561391011305676,0.5488840639151319,0.5337539456802799,0.5150242588094949,0.5491902029096429,0.48012423935098675,0.5081004973519212,0.4667238339270387,0.5463986062393774,0.4641098125719034,0.5503618399619151,0.43420817142230533,0.47334067747136815,0.41643358475967085,0.5964837647760614,0.48976650738593036,0.4454090964603966,0.4613532707752262,0.4869544335360896,0.507940367931273,0.47955721658091294,0.5923718933037655,0.48348196621865125,0.48135704079641706,0.5064257900577942,0.46973882550787943,0.4682084143750492,0.5069166206026313,0.3936894751605518,0.484452666638325,0.5303836802760512,0.4524128169795761,0.536925311389806,0.531392119176317,0.5628290078579274,0.4551671681680046,0.4658790503620885,0.5040388486007801,0.44651994199480033,0.5254373674457038,0.5070031276090854,0.4701253443222685,0.4862380507143661,0.6033740799447451,0.5524501963602402,0.4694084598501877,0.5692292230192169,0.49944039554872605,0.4992310129627616,0.6321888262231181,0.4107271021473661,0.5315341183171401,0.5739474411899971,0.5708154185106324,0.5630492635102343,0.5726528542878059,0.6401284842931979,0.4315828195184569,0.5296311561196437,0.4159790820221374,0.5992360207298117,0.4787433417995372,0.5623039403096429,0.4569591452094438,0.48175977038978834,0.6111132894549431,0.4807326317491601,0.4433131451922424,0.4223059147903806,0.45985501584215854,0.40738446738818923,0.5590948125229901,0.4894237961881881,0.5993056516236864
0.4517063494648248,0.5930153699495437,0.5976103550616054,0.44940781012224557,0.39049503586795664,0.5492027711431362,0.4687993570838129,0.4849403824095923,0.4208072234008111,0.0,0.49247453071463493,0.5057309389080057,0.5435014827146949,0.4904588277339268,0.39317394749731327,0.5411826961463551,0.573429233835296,0.4744538757877885,0.49021251892916057,0.43580520089276426,0.5296923890586819,0.47768192254224145,0.5258167089890066,0.4512649110469229,0.6079730480712761,0.4584313656261322,0.4960763420120323,0.5602547920548264,0.5677597091476118,0.4796240289936871,0.4218260156352151,0.5535287242133267,0.4340500778123631,0.532330538276893,0.4072938914224743,0.4796319456424822,0.4959261819537097,0.477790956036611,0.40154110999838794,0.5041570011870202,0.47378240790684717,0.5263278102376042,0.4290413880041961,0.4214647572687591,0.509013565868706,0.4887528186920335,0.4869063915899458,0.44299882240577493,0.4996088452082948,0.4227318491580664,0.48385395889290433,0.4838518628802826,0.43713319306453746,0.4999567800956807,0.48660386387545734,0.5384122325049003,0.45660878881963557,0.5057257969560933,0.497694350534293,0.48301235160550804,0.49215543070483825,0.44717783839108083,0.45351122722926507,0.4245396267748747,0.38586447031289367,0.44182468086405724,0.4860602218822866,0.4794292014230147,0.5026598582542875,0.4837902352597346,0.4334983814074697,0.42212054661153,0.47255449985646464,0.5388378973327272,0.5450500927786833,0.46996535117292754,0.46134581098462313,0.5325092733541112,0.4674530641352148,0.46957363295217225,0.5321275797310524,0.42735491175170076,0.5358370824252047,0.5270130149583355,0.47963426129308706,0.5201870636284991,0.43805317822479917,0.4464134090141878,0.5424041901534248,0.47316436229776265,0.46691058013203673,0.46339782889354025,0.4737471980397291,0.44160374514396444,0.47728430806790956,0.49708677974724486,0.4107827456278137,0.5377207107126105,0.4020471757431963,0.5433961339381086,0.43690677190463817,0.4131303105510982,0.4435415781248785,0.4764558554926601,0.4542522377835365,0.5038801472726417,0.4985544919966127,0.6441991965362647,0.5196716813150759,0.565224042594585,0.48729436779550755,0.4296441370842091,0.520072060212915,0.4963417588153522,0.4698349857108368,0.5284212578652697,0.5308102012252124,0.4350172710354864,0.53683193086651,0.5008250612254316,0.3814530509542327,0.4401141463610679,0.48595142438919237,0.5227289521231564,0.38535027256730264,0.5562026519861899,0.47426615619216367,0.4526432364712285,0.6441666081395185,0.43300790493917907,0.5544666692954324,0.48101952856956137,0.43467178163240683,0.4220747374249312,0.4153547908145157,0.354094206985594,0.466602177757977,0.40630297002979754,0.4884169711709468,0.4614072011447775,0.4328383610067325,0.5062710416180618,0.5096863827799486,0.4692981805615576,0.49136780611131614,0.4596931412864987,0.421872050950236,0.568354332901542,0.623747881602497,0.4701905072281082,0.41096857631415623,0.510945787675959,0.43957596359608464,0.5288181504470898,0.5692334904543177,0.46057857590838785,0.4756352907009286,0.571872189611517,0.4053162771331014,0.49017561191646564,0.5466719880026262,0.4654110183439703,0.4830868323386797,0.4277649740936798
0.5538320941480043,0.5624975337177256,0.5507357793694452,0.49569331575482634,0.5218195911276327,0.4919146953947635,0.5470572273459834,0.5154358577345998,0.5026754786771199,0.49247453071463493,0.0,0.6039768879412182,0.5397688804611696,0.5236259892147412,0.5061947579792464,0.5734896240812404,0.5393482715057095,0.5342095501621419,0.5592231051552103,0.5068198629885529,0.6108891939434723,0.6380962175299825,0.55414231780999,0.5677933370811902,0.6009806443389717,0.5738182938282497,0.529159941249389,0.5217632329727607,0.5277088220341235,0.5339094135950504,0.5400800298794622,0.5368634528108013,0.4911642117150438,0.5577774273071878,0.5111278034911677,0.6241969928783515,0.6606070446778396,0.5857365922633071,0.5725865956262949,0.5385182455759642,0.5493293552021209,0.5076522596251768,0.5514439273286783,0.5498878353214128,0.6028067064386727,0.4974229148394745,0.46405734716620506,0.6552698220066309,0.6100834746490295,0.5217547477548334,0.6156159408863203,0.5116094931142028,0.4356772467272224,0.6456620946759161,0.6994486559948725,0.46487375756657934,0.5411639147237096,0.608747847460504,0.5122386531288249,0.5350000143832289,0.5202529626951127,0.45803653016496837,0.518741129909837,0.47619364716604007,0.44255289296042527,0.4557106128517139,0.5461507536805914,0.5520053623830614,0.5528397180980915,0.573379823941726,0.5421085463075829,0.4856351169252417,0.5149573725450503,0.593222034075264,0.5177373473766689,0.4564808375828312,0.539743617590684,0.5975907926230052,0.5259567163292698,0.44370743646231525,0.45549510708338276,0.5443095977087017,0.5653990733229312,0.5126293835040572,0.5127960181636176,0.5756915932308398,0.5235502057940354,0.5289199263168299,0.4794271995325718,0.5158327918240915,0.6228304540100182,0.5121131092277993,0.6116560495471619,0.4779215238496813,0.5349419871231881,0.5582187641506002,0.4608347801627715,0.4817047963856327,0.46103422559167334,0.49981957341580047,0.5500247981399882,0.47521823459808316,0.503752854715026,0.4631256478995608,0.5365097182690031,0.49720167725342385,0.4754481367860543,0.5074305812088401,0.5159644562409075,0.5744750700554546,0.6104859357962495,0.5403865011275346,0.522237172228851,0.498497909603059,0.5193920363879115,0.5135654604082976,0.45809422041554543,0.533887314178695,0.4871886537299941,0.4964276920835359,0.486154823092958,0.494257986029385,0.5072853699516174,0.5941419098876142,0.4534653739448963,0.6086127789723991,0.45779771734775737,0.5758991641500275,0.5566897271066187,0.5040850826650742,0.4617530521948691,0.48622618651233435,0.5023866563081122,0.5479844357842026,0.5511239576029232,0.4058082622554052,0.506964428137512,0.5163377125047982,0.5839707828894869,0.5828583899504864,0.4628666443895685,0.5380780696286769,0.5479496598608193,0.5597777835576627,0.6245919375672173,0.539721244003964,0.5506419765560701,0.4666234838838998,0.5561271628519494,0.42739691569879157,0.5638989742748893,0.4865970776078605,0.5794545503655663,0.48491000827269165,0.568909619944778,0.575152477771832,0.5579956838485324,0.5251677547341187,0.47869728383491833,0.5179627240329645,0.4264644707670752,0.5003424371100398,0.4570407132890788,0.5977730765601296
0.5044874045560276,0.5625913586015665,0.5095282915520637,0.5029799477680241,0.4865878878763974,0.5361131720563139,0.5585560754506321,0.48712969329491473,0.4815503233400641,0.5057309389080057,0.6039768879412182,0.0,0.46630380406666755,0.44378062225422976,0.47399610521097785,0.4940996958504885,0.48305478032158244,0.45982944646590335,0.619806117739952,0.45013353481954227,0.5677181340992259,0.5369141243553278,0.5255548932609719,0.5140189388427029,0.6471613328494886,0.48762632208868895,0.449690032418467,0.47827481325243354,0.5125489193676894,0.5240740229070256,0.5445426505181356,0.5021631282092117,0.498640154919777,0.5723558721605823,0.4847206159970734,0.560840482600302,0.5586834414429297,0.4884498995592495,0.5106438368068631,0.4626329054567698,0.5254146964070431,0.5194758157075011,0.48515758336732256,0.5620793125117569,0.5223209915546917,0.44481269927791833,0.4620746149543424,0.5667267617581249,0.538001207953322,0.451477774182037,0.5429826318392255,0.513162709989593,0.4038400427344004,0.6145911504932723,0.593559482855285,0.48527176535936795,0.4725325799442395,0.6324344668749944,0.45192163616384606,0.4600940243409642,0.461756845558187,0.4164831919373138,0.4787834469543212,0.4239734796319258,0.40642973640285646,0.41011583915091476,0.46456923122190885,0.4901918294267856,0.45627257698262436,0.5165586342300127,0.47606178292584217,0.4247721928750891,0.4665506466982886,0.5044516472057723,0.4708614204015224,0.4347903299929361,0.4526802563739327,0.5489420034056931,0.4699240994948739,0.4233627241727658,0.44707523041050895,0.516393711860334,0.5471069547607945,0.45538976026475486,0.47393749223906917,0.5216266578334637,0.4868868301737288,0.46380806394893476,0.4556338326716736,0.49141153565079315,0.5556627838831889,0.5679134837631947,0.5268658396550424,0.43364391219715553,0.4714896616402413,0.6521566591112035,0.42077466746450903,0.5481477226570668,0.4330397709052425,0.4699384310781086,0.4685289973366423,0.4253196565519836,0.5219308252161341,0.5508771448852526,0.48077895083113953,0.44788966185493667,0.4326850593019677,0.5119714275310203,0.4606739827258029,0.5634782612342996,0.6651987282103792,0.47897879848623154,0.49159982273838826,0.4476254278244192,0.46052719237468254,0.47771897277208925,0.4652151175481993,0.47840908702309143,0.5107872028569024,0.47772207642228065,0.4186059731468269,0.4693146852162779,0.4845628162533143,0.5563461207707546,0.4247038159034312,0.6095584834496353,0.4252518320994769,0.49926316359813033,0.5618789853738706,0.4258238790413227,0.4653841066687292,0.4428225573033315,0.42130047008746374,0.515758550545321,0.4829477837005285,0.37176422929723413,0.48312855983265074,0.45742859246737605,0.4773360456837945,0.5200887966688588,0.46542449065360114,0.4819670283466991,0.5161221528790492,0.5059238868860971,0.5385784722719802,0.5490401252322094,0.5367347669141882,0.4370289305351981,0.5627991703290112,0.40475640163085297,0.522213288713231,0.48636782907368686,0.48145603081519467,0.4477525114749008,0.6423120901652376,0.49579563611542027,0.46179220615838773,0.5395920857312722,0.45758997160086984,0.46599315086583937,0.4062606381654437,0.49434589123234207,0.43544042605743566,0.5223237048368983
