0,1,2,3,4,5,6,7,8,9,10,11,12,13,14,15,16,17,18,19,20,21,22,23,24,25,26,27,28,29,30,31,32,33,34,35,36,37,38,39,40,41,42,43,44,45,46,47,48,49,50,51,52,53,54,55,56,57,58,59,60,61,62,63,64,65,66,67,68,69,70,71,72,73,74,75,76,77,78,79,80,81,82,83,84,85,86,87,88,89,90,91,92,93,94,95,96,97,98,99,100,101,102,103,104,105,106,107,108,109,110,111,112,113,114,115,116,117,118,119,120,121,122,123,124,125,126,127,128,129,130,131,132,133,134,135,136,137,138,139,140,141,142,143,144,145,146,147,148,149,150,151,152,153,154,155,156,157,158,159,160,161,162,163
0.0,0.3192702190410134,0.3032634687494584,0.2767134399763114,0.3559079474190328,0.31011572395347664,0.29541815537466076,0.32194691602627645,0.4075209957110575,0.30000745538404266,0.39114188358507873,0.3125957381958549,0.41618573408286563,0.3076607889125755,0.3131405178374668,0.3734552024849561,0.36151041933934164,0.44639399147010034,0.2981020587295118,0.4551364913530692,0.3612195421921605,0.33905373036260783,0.29853874362312516,0.33363713532304157,0.408637608726292,0.3067295901667558,0.2734241587287866,0.33214378516213633,0.26514604557886573,0.3085792057705129,0.3616128556398457,0.358486288895078,0.2607347708126706,0.3128688429738125,0.42798104487660343,0.3062729540655689,0.41394130076415975,0.3638453418389067,0.2860043703771003,0.3654428242364542,0.2783023148082823,0.3521106029075034,0.33976986886995575,0.3702040130401809,0.33920689242885155,0.37435803789207545,0.3036526379475057,0.3637440211844485,0.38072985506626517,0.35766658787374606,0.38938299073939137,0.33114697595227865,0.3064959639263483,0.2842022459677694,0.3060425980484802,0.32867174183292036,0.4354545363515688,0.34239117017831044,0.344679449406865,0.3249093605083848,0.29867547154497837,0.2535228089878809,0.3506296120312297,0.27819341102087564,0.3156157080361752,0.35104979869834557,0.367397692397046,0.3481041359665004,0.28700174470592066,0.3657687402111526,0.42892446684872937,0.3207965498603556,0.4073910284499286,0.36695873254703254,0.3438398643024694,0.35508558418486963,0.2883605663842609,0.31781535160222535,0.3263554321521001,0.2846120898963802,0.3353691096577491,0.36148230658958463,0.37076629076238465,0.3260191125667459,0.36271615436328986,0.39807246200932633,0.3491761618347198,0.37367443962642205,0.3678055348620909,0.3393740036065244,0.4156294028889099,0.3221289337340827,0.36755047683308456,0.36547384832861035,0.37066341537983416,0.2931747322507533,0.2333220465770949,0.29287310667551325,0.2727865274278724,0.376234702828037,0.31687666949024046,0.2690086127051476,0.29748171594461165,0.25228111186706353,0.3843423037789696,0.33706165685925715,0.2880775328887246,0.3639098459843161,0.32941699888923204,0.3425272740751756,0.33426214343896055,0.38679559994477364,0.3795054517593646,0.3243207356701737,0.36267281891647585,0.37468323656417574,0.37279883670991165,0.3192919837422317,0.287492780888585,0.29390296515387143,0.3525092566571971,0.25853339898640915,0.345386990118927,0.4267067756003741,0.3340509754965986,0.2978242053551897,0.27009180722450604,0.27712341245939726,0.280993962519792,0.30746125029701565,0.2932040375987722,0.3066885109748687,0.303620167085148,0.3762604805012572,0.3152745323013629,0.31865899714890233,0.37036886940584857,0.33017392333127715,0.3300481326443647,0.36974798263994324,0.2728639576558377,0.31270531802944673,0.37654580724298,0.31200152616482124,0.37326394517666717,0.3718525541423759,0.3520119030536241,0.2918342802699024,0.3650652854411758,0.2112979452320679,0.4580970370180032,0.3291314106032498,0.3221534965658062,0.25460000182289805,0.34691243984977854,0.38977924604342323,0.30689257146900073,0.3593243557735809,0.3125921393934815,0.34892118468658023,0.2646956126539041,0.40229038809538004,0.2615221165402132,0.5521034230028354
0.3192702190410134,0.0,0.35393709509560994,0.306970804213737,0.3122741783812434,0.3835017368332167,0.31763728470156793,0.35534560063847304,0.29027176877429894,0.3965425690113957,0.34469892389277973,0.35882466142383823,0.3294256083768711,0.3363774246258469,0.3191493258009034,0.3154997642978396,0.3388598275813776,0.3041896067389522,0.2987853680128504,0.32464402381965995,0.3577543181430881,0.4088290682530364,0.29586227428266576,0.34540661864655525,0.3598858406319538,0.2845790791252467,0.25170565053085986,0.3065696219340664,0.36242282011539895,0.24473789139425173,0.33552938831891066,0.3265386888919549,0.32441268486925734,0.29488099426183456,0.35439544049995547,0.3396048836406194,0.3083056262528899,0.2986950600726954,0.3205034227871112,0.35144367503327073,0.35307895174409454,0.3549708743221417,0.2530678307864329,0.3163327774854131,0.3831561749491166,0.298801831763129,0.312438510320794,0.3078903318550591,0.3273290330319873,0.3090805117145462,0.33607107257745517,0.3305434567476459,0.3488406873368585,0.390415983513189,0.34456236526637946,0.34179719691285965,0.31976266876958576,0.3070824422728243,0.3660685040775916,0.33548595851693125,0.3318907572253749,0.22796944387112897,0.30225578540201464,0.2635037287844197,0.2793289662330935,0.2886558071661183,0.32958837238328326,0.2903854262307895,0.25208182611707647,0.3063754678457347,0.30989936654229283,0.30435993637463776,0.3019716424589669,0.3651309053569045,0.34184078354538106,0.2858621561000056,0.28153725015900893,0.3876304835595363,0.27074410525899073,0.2491611959601123,0.308337600517153,0.31035454974034704,0.39391763516710787,0.2904239067629285,0.30283531366335725,0.39550474406464503,0.27231135565426545,0.26873213431954407,0.29482911714716026,0.33614054696214235,0.2935793614873973,0.3272319204413878,0.33960644184160677,0.3094661657657479,0.34563597391538226,0.3391804517704638,0.2574120194544429,0.3249232397037941,0.24677300769719276,0.36704763756495784,0.2895749246165576,0.23692858671039876,0.23626205594764724,0.26433842693707066,0.3005749698862203,0.2959431813716085,0.2808796035109742,0.375761883868157,0.34120058455503105,0.41194582858363715,0.3290282778059516,0.28369193391631786,0.3213825764533216,0.27049334312281853,0.3385261519524095,0.4091215782437894,0.3370427967240652,0.24840522171301047,0.3394883447171891,0.2723924624438942,0.3080495934579999,0.24161113833139392,0.31362527859706785,0.36951066090112716,0.2795713607974571,0.36527882497144537,0.28219791091716817,0.32408262330523996,0.3771462855984133,0.2798193717311848,0.30059409554271077,0.2918127537023095,0.24983024702799694,0.36538916489310663,0.30275426754360957,0.2757330361535203,0.31085768411775766,0.32511969284100284,0.3208324088944651,0.27444177219348176,0.28612277602140207,0.3242556556055745,0.40983808305952524,0.3107041144995786,0.34014476658568155,0.29489045881796555,0.35505598889007045,0.3117552055880121,0.376740482014216,0.2206002108932336,0.291486351788304,0.34938333766078383,0.2703941976563442,0.323091540476191,0.322291063723442,0.3096935848591233,0.2813672770760965,0.3630468767377752,0.2849970152410678,0.27605308432351844,0.30042700686968576,0.3406504916147067,0.24629959154613243,0.33533686410767527
0.3032634687494584,0.35393709509560994,0.0,0.28989205767350484,0.29594020841981583,0.3232611547885344,0.24765117112498267,0.35909204660386096,0.2982398285525885,0.37733897650263326,0.3470749877015075,0.3095811954144705,0.3432582383395828,0.2726385187754983,0.2868766072697926,0.3634293370752627,0.35965309487739794,0.32933854527727535,0.2680885523386294,0.28486532575257234,0.3618340851115512,0.4482681120951106,0.25170204778256217,0.2761693871126664,0.3095760826962875,0.2869314011952859,0.2622173117070647,0.30791930402511875,0.26264976344138496,0.247008897571279,0.2682053510844787,0.31923465585446503,0.26442100376062855,0.25271719945852456,0.25937228093279197,0.3012710465816976,0.28810665223516985,0.3178902452979279,0.28473522295186077,0.303604833778234,0.28846633910226926,0.34807177900393166,0.2680149465623275,0.25707568850866136,0.3326793363396619,0.30373953370893353,0.2677537689858053,0.28090151223818616,0.28904251144965504,0.2972834998922415,0.31109150016704495,0.3048254763609676,0.260158211329482,0.32081564337602386,0.29388121593418737,0.27085849041398646,0.2950091805015803,0.3248333928922951,0.3156422208699451,0.2855493111698396,0.3110536288761791,0.23497759154727238,0.3350445624616926,0.25447177195719883,0.2597226971921011,0.2933028617429753,0.3022271274006057,0.30527577666410155,0.321211462502955,0.3353328971888209,0.321048926956417,0.24136205292969362,0.31813476655619727,0.4287570350169375,0.39877940603203926,0.2258362297632828,0.3026807169629002,0.2880210825772869,0.275016419255497,0.20554058903353079,0.3066520687296647,0.31244909593827414,0.3178652553316871,0.31972174550660565,0.28529742167811495,0.3968204651847904,0.26045726960172094,0.25335480666556587,0.2890837617570371,0.27982033062869044,0.2952361515502725,0.23963137361175152,0.28707209219408863,0.24454781720593852,0.3140128135874966,0.27764043288527945,0.2508056660019392,0.2830968071903981,0.21956951956828027,0.3201611093059026,0.2278723994204679,0.2633751440589964,0.23306116790577822,0.27409532254671043,0.2969103523461616,0.3251377518617948,0.2949135601465961,0.32662832751948423,0.2852717990781038,0.32371241503363596,0.2758896520545119,0.2679688046614241,0.29037811042983813,0.2880581654179587,0.2839985903398228,0.35105246217064445,0.26236782759746174,0.28425255667671573,0.31467119281497524,0.27323653320657204,0.2674846071830455,0.24318619830628563,0.2525867259097687,0.30382777468909866,0.22227712293000904,0.31130426006063133,0.2719137801601966,0.27549836494682556,0.33047259732178763,0.2806929223944013,0.29533696608900845,0.3931086793982381,0.22845303523410845,0.27964250623959497,0.3061737079594396,0.2407577589003002,0.24233503734136114,0.2487444092900388,0.31969377586690945,0.2762242727996153,0.25221536029737424,0.2752185790507053,0.3012497970675443,0.3215903267694966,0.29289179464237736,0.25317190503358283,0.3531441314678361,0.3033825111619037,0.3593208962717926,0.23307531749383742,0.25687457633776994,0.2506276818023213,0.28376455511115434,0.3043244549107129,0.3219356161603095,0.2973409227206915,0.28466875709835954,0.32800907166515064,0.2065168665301167,0.25668014934774996,0.316849656631926,0.2316465222619103,0.2580217913393258,0.3196399383374031
0.2767134399763114,0.306970804213737,0.28989205767350484,0.0,0.27086599696563163,0.3001957565947881,0.3239691431025642,0.29602103875891805,0.24192152277957718,0.27458223634565876,0.30382184411152474,0.31581107391742386,0.29382027654954157,0.26163650081238415,0.3503733729093973,0.2722438963355729,0.3088706217695056,0.29331411927805295,0.3004485365081501,0.2570962205271384,0.3356847850257024,0.28580053485066964,0.26840792895564836,0.2787798467438022,0.2855035838609683,0.3001699933453134,0.2583619859368168,0.28405352403892653,0.25959505395208615,0.2201621138961113,0.27700929474932795,0.27415702692392974,0.4570593615535779,0.2711899364060762,0.2714054600377531,0.28682267627667,0.27604919910554915,0.2741041791575904,0.29163830367738575,0.3490910617750939,0.3405847487402192,0.2705659078626779,0.2693877490891457,0.30726177844546354,0.29566133893263796,0.322447488197319,0.22693207814723634,0.2641237690053472,0.2812056188997274,0.2901681974332545,0.4046906439364907,0.3473182659812421,0.2921927563771762,0.392898606769231,0.3057878736039996,0.2380489572903074,0.3325805251564634,0.31028861117683015,0.31975189660939374,0.3180847423958003,0.3166359334448628,0.23752120751117511,0.33501838551670066,0.2094450394733495,0.28269417522524254,0.30940105393141576,0.3310314427111459,0.25546792780964966,0.25589288297303325,0.2807434559583633,0.28624683330047046,0.25203414995658835,0.2737928037867694,0.4341558958660771,0.3095414818072292,0.23358489355592676,0.32459114368166736,0.31542690582320243,0.28353220185418765,0.2164286449997204,0.27138588154416227,0.329143980853298,0.2876397561835662,0.2621845972049473,0.3066090370928621,0.2968156908574918,0.265021085608326,0.29982325160711354,0.293013629070467,0.2523915543160136,0.31070832319267017,0.2883870811162879,0.28153764396757713,0.27071639411669773,0.30957688726918264,0.2668927953275442,0.234645265092828,0.2727649122166701,0.2127870555450033,0.34235756351446295,0.24344273296423152,0.26377086170685393,0.3111396152166783,0.2695728359154736,0.295122810345446,0.2887474352036868,0.309289542742277,0.259067261342951,0.31618469409966365,0.266780948842163,0.34530360046506453,0.27033798921439245,0.3144653510988888,0.28532702630859136,0.31908758400935555,0.3100254686231431,0.295997262763614,0.22191740558840842,0.3193872853516293,0.2543228249411303,0.26557986758578,0.28257627704408955,0.24283158530745366,0.3324260722208566,0.21589554238406156,0.30446039843016953,0.2690896982380344,0.26480956236475306,0.2941588817903618,0.2918351383114453,0.22210223498840553,0.2962654719378862,0.24942989317243902,0.2895900602753681,0.26059140070663517,0.2293218525859142,0.21765052715834932,0.2964636165319904,0.28315898366166475,0.2915283460962555,0.37299681559743897,0.24002138668522568,0.3535478565418023,0.2758531052281075,0.26797392822384064,0.2696183460256111,0.2987512945409425,0.29258258193230463,0.24335327290907707,0.18235044800259836,0.30438192343969345,0.3095910196564364,0.27260712110519,0.2539730154007886,0.33159251236529647,0.2767206070286636,0.2705825831679902,0.3280424524718544,0.3352115586191857,0.2725928342166178,0.27254771837631964,0.2594424881767263,0.247697794953908,0.2975465750813212
0.3559079474190328,0.3122741783812434,0.29594020841981583,0.27086599696563163,0.0,0.2506028168803016,0.3501011060974467,0.2897433727001863,0.33206524489568057,0.32279416482968826,0.31767636635055657,0.26778603832401,0.28474872045742394,0.3119198042421118,0.3584541015995877,0.3081333496795437,0.33116940757484564,0.4039685097258536,0.2664591089401632,0.2975272790761749,0.33353701257306356,0.3304106498496539,0.34584614157278687,0.2831794157636979,0.3185943091446288,0.2715603791208516,0.2810822151205024,0.2754005169285932,0.2606685204567115,0.30642579004775095,0.34440681880105284,0.27662549882877097,0.274009197795294,0.2548945246444929,0.416612810562814,0.34029551018695153,0.29968777207511293,0.3418711036605171,0.2924558980334594,0.3102089350926665,0.3261527696680807,0.35219706278722207,0.3290889481700456,0.3389507129238372,0.27795356312936464,0.3014284613486692,0.32246327604418207,0.31094663129537675,0.3686796572136747,0.346421081220304,0.34772700576740356,0.2798536457434348,0.31624507454974304,0.27635135715055886,0.29340874239056997,0.27646903650201116,0.2967047541050106,0.3473286517201141,0.3528679638125206,0.2959427128192646,0.23584616095394906,0.25042497777547,0.29576784723821054,0.3045668215984986,0.31879022413119584,0.25103601804594156,0.2725239779617482,0.29967154393004247,0.3104232734680649,0.35370168866113494,0.316172710416142,0.3206756869255414,0.2824905372605237,0.31981260005185347,0.2976691426569571,0.26302482990298626,0.26257004283085866,0.3728848472318815,0.2917623813085504,0.2252966615977625,0.30624412631954123,0.33730079977848465,0.3580323671018347,0.2634029263480067,0.3020917312599903,0.3192481305699847,0.27296112140983264,0.327708823681034,0.28837349011258007,0.2601407762950295,0.4707355536701977,0.3491777890397333,0.3966568003802915,0.24589276221870143,0.346973989560349,0.2721440795394314,0.2130962064457961,0.2732929346191058,0.2823439829969343,0.28680523034469696,0.2710767513342682,0.24753621626755481,0.299344478330972,0.2782714831969974,0.31579240276843373,0.2975070805445192,0.25935146013452365,0.36186349343830376,0.3610023316119174,0.2795295185175511,0.28077157845764383,0.34103139015795264,0.27878739260227325,0.32821687589613546,0.30680547698871646,0.3101195445567219,0.3028146327279817,0.2960316828446931,0.25820843917552483,0.30548228620787093,0.38841109792463263,0.27170171846026187,0.2527822375027718,0.36598503736865473,0.2940457595725987,0.2712335680191073,0.26627509621032186,0.2665726611692135,0.27792194754551636,0.3077992842448219,0.30087286910210254,0.27424373005260644,0.2293429619302749,0.3083525019547435,0.27254198703311716,0.3166523698360234,0.2773454238143152,0.37599088730497743,0.31782190005429894,0.37441531887572105,0.26381700853785434,0.299136636954492,0.35678162017868215,0.31954688713716917,0.32675312040370713,0.322315947329325,0.3425988384294941,0.3217101696702309,0.3172186288423941,0.22087040220581727,0.2957454858485547,0.3378704929373133,0.31900545151703696,0.30499887455460983,0.3387813592457008,0.32156967228218025,0.23762751732227966,0.3330763214954404,0.274584645931724,0.26776571195261234,0.29253586004430565,0.3090675957850508,0.2927767373945543,0.4042114574560025
0.31011572395347664,0.3835017368332167,0.3232611547885344,0.3001957565947881,0.2506028168803016,0.0,0.24962166335240477,0.33966449946810395,0.29064505646123023,0.29772426550735626,0.3127805175925962,0.3561571653634253,0.3420256119121257,0.24728699714219254,0.27171239982008727,0.3196577429210033,0.30185887703893133,0.24005814627214342,0.3124901814558133,0.3067262779592578,0.3285089118816384,0.3104789372467576,0.2174581246438342,0.25042253212099924,0.3472610694926495,0.25367711947729343,0.22173122510229507,0.27680080188720724,0.2614430551013244,0.23683617627357192,0.31869840473258754,0.3685748736680028,0.3052457641039039,0.2832234211126967,0.2983743943195417,0.29511325691396467,0.3010719834359199,0.2745124105492539,0.27372881552430944,0.2510370011412146,0.2856423971580412,0.3300612469785424,0.2475652624192146,0.32736834047365965,0.3025158968020275,0.2595038154175445,0.25222037615059856,0.3012791550575139,0.24163697297783743,0.28859872796380387,0.30566248283813213,0.34083171935621254,0.2635968060106389,0.3411804366451683,0.2886367788070314,0.3347025618676345,0.283154254498084,0.3727148252558384,0.25351448739631566,0.26323972969025466,0.35636648092299933,0.2517756282970976,0.3321530574925489,0.21931128137157163,0.25458468297148584,0.28876098627598584,0.3067135970648721,0.2829113315025194,0.22954104783949267,0.29454324820250866,0.2958710980082806,0.2301377186951483,0.33470998838765725,0.3252354253253195,0.3736974652700985,0.2539775252547118,0.2668875123397957,0.2770415930536144,0.24972512605309857,0.27474574703013005,0.33531146729203404,0.3070632367929372,0.29766846605195085,0.31252644160872795,0.30249199469229227,0.3224818549702271,0.33099419431397153,0.25568210693199944,0.3007793041947427,0.2967804737927574,0.2813896091112093,0.33536773304158884,0.27683655677495594,0.2696349598524547,0.2780651192701158,0.3317065968665617,0.26688851282017756,0.3516890343323699,0.22539965112619886,0.31586231038017804,0.24398126244456206,0.246332094776371,0.2625040162775963,0.24746559563825718,0.3093472045343338,0.2952897144206023,0.30344415594572116,0.31663534552804024,0.24824405381743475,0.32120333210549945,0.3248503103678016,0.26072643564738535,0.40805388518080615,0.2881121219834931,0.2776595461787172,0.3124809008525206,0.31547201420256493,0.2243636359247273,0.38387320294440413,0.27008298202253034,0.24670006303572187,0.27054666429205143,0.31541340490712194,0.2993646543580088,0.27757694671627936,0.3122665102190421,0.2984056244691336,0.2577802556681179,0.3287328191378717,0.2294134917034507,0.29957291238221817,0.3588412095906939,0.26128280443121726,0.3362861421566756,0.30156399303490705,0.2382437721606319,0.2626459909638557,0.23985045587467005,0.25292713005637885,0.2600390577572728,0.2822409672703996,0.31017753619471305,0.3047940059489984,0.30452937469732816,0.29867820299583264,0.28699347677376535,0.32882835474657945,0.2755988914536797,0.3104769419355537,0.22297671476101394,0.29398851012445837,0.29210845358597765,0.22865496244977637,0.2382119794621192,0.355895521904699,0.29378361718789,0.2609245656633396,0.3595731300523222,0.25135347366933286,0.2809106931596905,0.2462006048316119,0.3168930718839612,0.23827576473039602,0.2905271136526622
0.29541815537466076,0.31763728470156793,0.24765117112498267,0.3239691431025642,0.3501011060974467,0.24962166335240477,0.0,0.2563592680249265,0.2574578372559569,0.3102713598303682,0.28983841310397696,0.3303224136484074,0.27746381892812266,0.2757726010372595,0.39360916932810697,0.2544639831966318,0.2655687550617928,0.32205828044500684,0.3080680042540517,0.24616171296269515,0.28438579716877327,0.28148121262085,0.4075961502144712,0.32662532857369875,0.3285960849504402,0.2758620070054955,0.27163418369460207,0.27195857558219433,0.2856644198887775,0.27492836175450275,0.3217431929420435,0.27597746715607174,0.33745230225651757,0.30217989372966797,0.29706455448409674,0.26806776937000787,0.30513422972880894,0.2615587621144983,0.2810155332364791,0.3419055976077508,0.34544741444001664,0.2814268632866905,0.2904086789826698,0.32912116859098695,0.2989532139793415,0.30812249334753533,0.29692421769383937,0.27201808447623416,0.42708343439434776,0.2523890153415802,0.3389369481937228,0.2751634936744009,0.2733098483059427,0.3137303792550468,0.3338815632498995,0.27387571231993874,0.2800283602448617,0.27717839525351934,0.3536892064419673,0.28016634691085296,0.23351557011323418,0.22096881532789844,0.2492804432493395,0.2410199004505141,0.2680273614115658,0.23813474986909938,0.29427306137922504,0.2947159324768074,0.24461681681748432,0.27263036113079,0.2884776605801534,0.27603729963459966,0.22495346590441154,0.3086908684937052,0.22879160433405443,0.30044237357083475,0.30821144647657367,0.3820621368204663,0.26842039027699205,0.24095564339423514,0.2814476422306257,0.2964510077203234,0.3375078945371513,0.22637648387125053,0.26091409325456283,0.2850849581661298,0.24099511835819473,0.2975294799573392,0.3039206097507938,0.26382467726088904,0.3137130007352519,0.3826684794984452,0.32473637437292197,0.273980503934718,0.29430305156881675,0.31014875657953384,0.2053295501218319,0.3090665181966987,0.2398542689900481,0.3092310735682395,0.2807294518058913,0.2540659383387775,0.2968124791736876,0.29304780995243135,0.2568701302543957,0.27809702952573545,0.2381756633003129,0.2934797960829812,0.3623915140821553,0.29182552452019406,0.36016610566398194,0.27435851319647153,0.25042143672676775,0.2521632721020524,0.2873724910244416,0.28141145796609573,0.31037174487327307,0.2789153830778923,0.2514899436079771,0.24533585764010077,0.27888682400983245,0.2486024757093467,0.23173840037291213,0.39864309614941984,0.2432304646169948,0.33379829479201356,0.22183077640336926,0.29036718955877433,0.2647425827390562,0.2989187722904928,0.23895303959338474,0.22141813704985266,0.22612655587873365,0.2560222109178203,0.23388221118283434,0.2734410992337354,0.2773860076385249,0.33561384373865977,0.2950128891136266,0.33581578962401487,0.3204849447532874,0.2430153038392615,0.32923862331142756,0.25283992123874044,0.2955612638251017,0.3217779560749743,0.2879537366993868,0.3308179939186726,0.27465662767482546,0.1841560885252648,0.29187498398369066,0.36166423125095054,0.25781564340948754,0.29929546189708284,0.3614794447585808,0.30915016150571994,0.2759702582105408,0.35844445812298004,0.3419675352980498,0.28474541392272673,0.3050462846965265,0.2888244233644698,0.27364907986421794,0.30058992076337326
0.32194691602627645,0.35534560063847304,0.35909204660386096,0.29602103875891805,0.2897433727001863,0.33966449946810395,0.2563592680249265,0.0,0.31355148545216494,0.3283252745853069,0.3162372729849788,0.3329721967104724,0.3692614667226606,0.26160646672724486,0.3037365982484625,0.3739193320460431,0.3581889015823725,0.3020004113846502,0.2783289325759222,0.3003534176174657,0.3727956150094289,0.3062910184427837,0.26278293266825387,0.26628566995459607,0.3301355393345282,0.3115166650192011,0.27653118590921627,0.2942986212202201,0.23539546033257897,0.2661963912450768,0.35595777391913586,0.35101210914081904,0.29975804814631735,0.2940418688367072,0.2945902268457518,0.3478917532150316,0.34348771125909433,0.3415465709178642,0.32177044932585613,0.31901504043348067,0.2975001336311864,0.32975410424248724,0.3228230068646639,0.2940524387539373,0.41467099021131326,0.3424024044594977,0.2993648484123011,0.3025021669992327,0.3030933053751079,0.3241099420790854,0.34666972722944556,0.3109306950102302,0.2824453538918651,0.30614958559380057,0.31772980751693386,0.30489039290182846,0.3177823096490406,0.4095780251462443,0.32289436813742783,0.3057665541255491,0.39664469783114265,0.25602007565250523,0.37090037727123076,0.2564483455309251,0.26284532369022906,0.3000137205796128,0.3228197963982683,0.30538277033472516,0.3001385050887617,0.42603311811052086,0.33333724683023597,0.2735286392392812,0.3072838299488148,0.40086555483530134,0.4028774437965386,0.25420865375498913,0.3617417815603082,0.32513885849908325,0.3586106035603863,0.2250073428694176,0.3044184650906834,0.3142292038818877,0.36025738082821973,0.3450909976734003,0.35305347550706034,0.4207190489354914,0.39486001430743045,0.3011788102681385,0.36295539961326284,0.31395400647517757,0.31511518411566214,0.29060851561346185,0.31812675124594,0.26401257209292645,0.3372724449871229,0.2973782943579278,0.2784824892802804,0.3144062168680977,0.22945664664620216,0.36276500322523564,0.245800160723664,0.3567602471127654,0.2636451766909229,0.2577013575499082,0.357731999625383,0.3856139139179647,0.3440983820474227,0.35662657893729366,0.3201897042797984,0.31266666105999,0.28376527835013626,0.3100944735256323,0.34247234729861215,0.31905566462419616,0.3341380289161162,0.3515115604359913,0.3195073007792895,0.2544122376717619,0.29130926781390803,0.2742817332189282,0.2951669536001224,0.34705704935103915,0.2759861965755129,0.3377006907501047,0.23919408119559984,0.29853495125912505,0.2786985464146785,0.37599482132239886,0.3375511217482815,0.288162026392841,0.3137613158088851,0.340979268923259,0.279936081379787,0.28394452206757653,0.29657526938947154,0.24376678869748167,0.28693219564520517,0.2849210006952375,0.30954412687742816,0.31640782463736394,0.26383910685638984,0.2883412123655143,0.3461212966458473,0.316719403129388,0.33864374401658515,0.3166756261237589,0.3786606206662988,0.32303742369822697,0.3487956668463147,0.22213672299694498,0.32130957719579356,0.30407520306816976,0.26840963994621103,0.2976856182995332,0.37754335312707493,0.3410547537850609,0.25373168547153235,0.3749287375419849,0.2235366803930309,0.28772356841783037,0.285761995272245,0.2722659224603904,0.2595018895328572,0.3060510933444525
0.4075209957110575,0.29027176877429894,0.2982398285525885,0.24192152277957718,0.33206524489568057,0.29064505646123023,0.2574578372559569,0.31355148545216494,0.0,0.26357288531427553,0.28269372546372135,0.27781089041585705,0.3034868648177293,0.3181123161168016,0.2822958284744936,0.3191555755516573,0.3095554383355297,0.36880086044707255,0.2502479600442244,0.32743553235999,0.30193047772653964,0.35834942565605615,0.24018622691181557,0.24468892270723017,0.2885708995612061,0.28267364432512,0.27141668776399847,0.26197711609576985,0.2224997150671675,0.3491605808826619,0.3503786679882486,0.3365095101506202,0.25689410669595797,0.24633662895526187,0.31967410527823187,0.2854919893469011,0.2900756654703136,0.3805681648747493,0.2788721804835868,0.27599306420826303,0.2549198359914568,0.3942881106738754,0.30855366300176124,0.29621160803977387,0.3048387144821402,0.3066530809741541,0.30344387910268855,0.2696461470078979,0.2860706112569196,0.3378109800590978,0.3088910159916729,0.28946590423126617,0.30399098438449995,0.2597785038726444,0.26513260755354356,0.3508991241387309,0.33229336050994224,0.3272547005345002,0.29329371265830195,0.2702759909203092,0.2513379705100855,0.3020445081715177,0.32058243411743825,0.27749671031781487,0.3277094462447468,0.29920132902165525,0.3191342864608041,0.33906489630492126,0.29557421036168663,0.3179119057124721,0.4152608023409307,0.3014651512023846,0.3621326316825023,0.30389441547297674,0.3521124702089526,0.2851683854504764,0.2626850844502528,0.27280759086557327,0.3145667146645453,0.25159449476989326,0.30200318072613164,0.38972221319381467,0.37973439306975604,0.27964997242479883,0.3555809360780577,0.3836463995582536,0.30412485164616665,0.3524585193563323,0.3073852511576703,0.38237601110678354,0.37717348454219146,0.3346056917204394,0.30602036567630325,0.2789814167166972,0.3860423716257356,0.2957550289559885,0.27760594629529256,0.28893632246400025,0.3228491378834135,0.2879414241283033,0.2745452035895126,0.24739786413529263,0.2851292293677282,0.23302697285312712,0.3871699532981498,0.32954276391752535,0.2607300855222172,0.3028754140411246,0.2895545457511647,0.2541991555751868,0.25046929668919254,0.3916338757183825,0.3222339096821691,0.3602297481429725,0.31216519156555306,0.3253917583905481,0.30508951449173327,0.2697603451534466,0.23096770673411937,0.306185892545309,0.3467037524772057,0.26952269079158314,0.2932148290601178,0.3280714231219779,0.36512067170574986,0.2515990893575288,0.29662122714128814,0.2802387420430104,0.24942852682449013,0.3154656719860959,0.4099888625959216,0.3503878156000734,0.26032495785603177,0.3768915259456217,0.2693644119623666,0.3027440442026889,0.301354462142819,0.2837136895189927,0.29416312351433566,0.33430974349767384,0.2508162737531649,0.3238608013394332,0.33477441217195925,0.36380358287471365,0.32702737770457496,0.3459455246976884,0.4223943184406049,0.2796096315363315,0.3202956429924225,0.23264713055055986,0.32833786897111733,0.2928271772584222,0.27702776701987847,0.27672570578991296,0.29358826809724387,0.3331487780372955,0.24315521866875492,0.3059311756899082,0.2512270339229007,0.2979837567507487,0.24842640408465128,0.3258599829056874,0.30205088159298804,0.3601867339928128
0.30000745538404266,0.3965425690113957,0.37733897650263326,0.27458223634565876,0.32279416482968826,0.29772426550735626,0.3102713598303682,0.3283252745853069,0.26357288531427553,0.0,0.304470280299027,0.30096951712330655,0.3227261412898971,0.28846446219355315,0.28906855984934576,0.3283276233952829,0.32043390294408947,0.3317334041660172,0.262763046990638,0.26006650904231676,0.30695179655097565,0.29959508234582516,0.33227371871281985,0.2759372276460335,0.40938251280606996,0.28301633760358746,0.2712127882638473,0.2877359897749244,0.375096093919174,0.2652416315592233,0.31666125599959244,0.32055473584192584,0.24467253524644386,0.2665075096450364,0.29687460018598966,0.2736000911628805,0.3300217140800922,0.2854832944566379,0.253417738333254,0.3194572381992205,0.2603431663746424,0.32618549951635245,0.27880414161555156,0.2771794090878763,0.30459501400266714,0.2903641299518274,0.2965702317491706,0.3015191594462247,0.37408273494138083,0.24314448947703554,0.29695042732455507,0.26731433058790166,0.25643622260619764,0.2938371326778132,0.3223455177677913,0.31562566735930925,0.27073116057817603,0.29236604172638586,0.34856589788494347,0.26250054705423725,0.28551701645500294,0.2229348782852868,0.2645947994679098,0.24312893641281835,0.24070072297126263,0.2506863162026278,0.2811760748444395,0.3043609982525126,0.2864075681963654,0.34872781912233325,0.2693594464007711,0.29757211856934096,0.25302151265595063,0.3443639487415109,0.29134489348854525,0.2844459514276376,0.2822901944743882,0.40377056655414023,0.2599975042111397,0.2621579823139988,0.3279084652894282,0.2609905234436116,0.40713904523898264,0.29761271361762687,0.27711702021703233,0.3232858693085838,0.27873466114958917,0.28970953760327556,0.33945415619538877,0.26590848804038436,0.2909068657412942,0.2724848867334025,0.31077797882979774,0.23857030566314727,0.30233821317612686,0.3271556621818632,0.19997551861625285,0.29496758035525306,0.2360184202881086,0.32966082990303885,0.27162144677157735,0.25544297240685204,0.2543915147902499,0.3146555020401457,0.25665543609211794,0.2919497487559986,0.26097595306192817,0.41822934654212324,0.31151472425909105,0.3325971482735798,0.2771576682564891,0.2590060654315446,0.2883247352771041,0.3107532378681971,0.28974105876542033,0.3339566800899136,0.32876473058353206,0.31503453996840725,0.30257979446701044,0.2906236906060409,0.2702566563658979,0.25625962267098273,0.24290223483726464,0.3584881379713811,0.24223333684981352,0.3692754638012696,0.24332705280129852,0.27771510895123097,0.3447019813053553,0.28021108470859796,0.3262840764332311,0.26972141299443964,0.25696047652451,0.25145748024190656,0.2484211329642131,0.24863379213720319,0.30396722380622826,0.29749957049852416,0.31861112736747066,0.29523180347627453,0.2820952994807423,0.2991666900688363,0.3163889657099636,0.25168235891586965,0.3232575293332476,0.30587375878599493,0.27210878047790527,0.38998105443357534,0.436370036349385,0.21779630398634633,0.258489343525524,0.358213739575316,0.24104132758685365,0.31431149174676853,0.3395063526114629,0.294482313575704,0.24248544572418362,0.40998225355117,0.26168610145877114,0.30561691509679634,0.37172529656892705,0.31444328665030674,0.28395098094646354,0.3008858924111164
0.39114188358507873,0.34469892389277973,0.3470749877015075,0.30382184411152474,0.31767636635055657,0.3127805175925962,0.28983841310397696,0.3162372729849788,0.28269372546372135,0.304470280299027,0.0,0.3294924961160007,0.39123184981076653,0.2856934838082349,0.3132156895297819,0.3822207293116209,0.35542464967867016,0.3579733467079907,0.31696286376224697,0.320688516538284,0.3254460833597903,0.37278066464578224,0.2873305957146957,0.3138590605879194,0.3680382100749033,0.2967429661933216,0.2844725322304574,0.36292972810452573,0.2986484455542439,0.27802239664770845,0.31106079386474256,0.3485645107486564,0.28131214309133984,0.27721932280544237,0.3273996708570826,0.3221563247091523,0.37643051230025776,0.3163155199724776,0.3278773839755236,0.3233262706068013,0.2870181475104678,0.30805665262093807,0.2965972899914369,0.3251139947459111,0.3340966377415593,0.30387065445849065,0.22949393473666369,0.40114349791112786,0.35223117885595534,0.2857208549997003,0.3707341644774559,0.27250224165032955,0.26107535610240185,0.35605038951462015,0.394269616229974,0.2430185982351233,0.33381932580445633,0.3603445704207966,0.34602939991616666,0.30699817910832666,0.34654952150465385,0.21201910061175147,0.3288377195852383,0.24151860209174,0.2442989872133682,0.2888871056933792,0.33868538309780843,0.29855125413405736,0.3221285572731495,0.35052632437728587,0.32061607479115384,0.2575499578655107,0.3203900542634237,0.3933072578190828,0.36027936807050737,0.2782782717231349,0.3409031488702443,0.3067230779979151,0.2793295767963799,0.23703349710150118,0.29206202782740204,0.281227673631003,0.3137317548401568,0.3200133543255005,0.2765525825321087,0.3215337675873734,0.30654216607086726,0.29306331091877136,0.29169472077672104,0.27141031693282447,0.35278516307008706,0.24555390410181904,0.36895934730213337,0.30116980743491406,0.2984877914078071,0.2876889557571266,0.22897159835719982,0.24149684798683474,0.20975874534688882,0.31301371564685027,0.2895836314058406,0.2855803369495522,0.24853424237028193,0.23533307859725863,0.31031105268563264,0.26707896657523517,0.27302632851320646,0.32203284427261475,0.2853781726429501,0.33721036483840305,0.35513716832283493,0.26986302505386517,0.32632468435821593,0.2878220364381837,0.3148820080704592,0.3171974344473197,0.300869468335491,0.29531387774024254,0.3024178389381774,0.24955271410624622,0.27940103016690865,0.2340949013700757,0.27006188755964683,0.36710056612218067,0.2466042067694709,0.3550266056239986,0.22267161845400474,0.2876152898888887,0.30384112353976384,0.2705488366247718,0.24938557780066128,0.29948674093376026,0.29519583851142017,0.2943799039305828,0.34652646349191485,0.2553992484994149,0.28474067122078883,0.2786531749911632,0.3275137181991487,0.31579749703785415,0.3102182825031155,0.2833670038373198,0.2869451551007858,0.28535436655355134,0.3374774283008635,0.2595919121464457,0.2840814606747814,0.28284385252074606,0.2989268795566244,0.21143814765650856,0.3860408737129524,0.30095521128337804,0.3459015653062669,0.2520945529324658,0.3044766004844264,0.34097779980781157,0.31847091576761183,0.32580678389908546,0.285427327108168,0.28126940554244173,0.261852778382342,0.3047771988004447,0.21918979490956786,0.41146662171355686
0.3125957381958549,0.35882466142383823,0.3095811954144705,0.31581107391742386,0.26778603832401,0.3561571653634253,0.3303224136484074,0.3329721967104724,0.27781089041585705,0.30096951712330655,0.3294924961160007,0.0,0.2751408541267815,0.21605411050905618,0.31443003484856785,0.3083208603785985,0.30930773018754404,0.2704783688389984,0.41190697690124717,0.302458164826113,0.36218115070506085,0.29279417123322354,0.27228254946572816,0.29749079504303766,0.3851810531092325,0.25552516642922907,0.251998031918428,0.2816808375012684,0.2620792515178212,0.2887142033484412,0.3564657264282506,0.3385946854766377,0.31851287781824505,0.3286268037869204,0.2786382600646799,0.31946728452928236,0.30242158728947727,0.28060022859186884,0.3609701149909745,0.29297897815598395,0.3304909083076628,0.28077268586659837,0.2978311414527899,0.3317464110563628,0.3199450800057366,0.3183239883504022,0.2940557455972618,0.3075234365544807,0.3062302696405676,0.305678400927945,0.3938137796975469,0.34040198514655845,0.26893248020132016,0.3811308101900092,0.3889390537926496,0.25879915495066863,0.3572875726436988,0.38218278315639614,0.28342100792502406,0.30867084975385883,0.27601465722776514,0.22403109034023075,0.3224781552820944,0.23099216982814072,0.2649558582829942,0.28968021279830447,0.2628956194228854,0.25478681335978326,0.24244211462395107,0.2727426068685395,0.28208937086305386,0.23830651794891064,0.26093962077924493,0.3314135810191056,0.3110017266624214,0.26901588571093943,0.28836728667858474,0.3119185945336271,0.28033159299988597,0.2188216305253327,0.2592277432330223,0.32190207924734493,0.3127305787893361,0.23926467253334754,0.30258950140858765,0.3224587031681044,0.2563068059251812,0.29722150803580505,0.33741550004224186,0.2677294751878445,0.31110120935172475,0.33166535748359993,0.32936748129112586,0.3088398775625099,0.27160164588522023,0.3491070954626683,0.24190114334821253,0.32341637339599005,0.2116306168181639,0.3125790647267998,0.2378060621802451,0.2810358128758953,0.3009606642963313,0.3261041864055537,0.29950833967627916,0.2964048182691732,0.3195608078970416,0.28344287208149893,0.2894448781059067,0.3327552573362206,0.44186443111592205,0.29062700925427687,0.28344283978358636,0.2683346923692761,0.29440419654004024,0.29690785615277954,0.31755382954132194,0.30528946133240825,0.31118533993443936,0.23197962805737052,0.2508295638362094,0.2563696406509849,0.2515166871418663,0.34682528191450473,0.21438447894442694,0.38036763076793106,0.24365391710348064,0.3030891217364068,0.3369366659428848,0.2507637903238903,0.2500580345080696,0.2764022047705822,0.22314919685955914,0.2870477015608394,0.28608069445912543,0.2238424410278914,0.29722577382540294,0.270908522288639,0.27740984521392015,0.3288779280079862,0.2609421412286428,0.2530757719422961,0.3376659566433994,0.29498550298107484,0.29820156160997296,0.3412309933747893,0.3669130629794354,0.27475385840683936,0.3421166813959728,0.20259845296502993,0.3392189920627128,0.32892147626295015,0.28847796124148406,0.2696520776990031,0.4058613940278178,0.2712095311215992,0.2557455191898689,0.34622927856094177,0.24716214866648162,0.2699589311112875,0.22589419321036744,0.2680631975566229,0.22700462890206055,0.2897729784613992
