0,1,2,3,4,5,6,7,8,9,10,11,12,13,14,15,16,17,18,19,20,21,22,23,24,25,26,27,28,29,30,31,32,33,34,35,36,37,38,39,40,41,42,43,44,45,46,47,48,49,50,51,52,53,54,55,56,57,58,59,60,61,62,63,64,65,66,67,68,69,70,71,72,73,74,75,76,77,78,79,80,81,82,83,84,85,86,87,88,89,90,91,92,93,94,95,96,97,98,99,100,101,102,103,104,105,106,107,108,109,110,111,112,113,114,115,116,117,118,119,120,121,122,123,124,125,126,127,128,129,130,131,132,133,134,135,136,137,138,139,140,141,142,143,144,145,146,147,148,149,150,151,152,153,154,155,156,157,158,159,160,161,162,163
0.0,0.9141232233727666,0.7662313502898919,0.8497684908736038,0.7404570097764134,0.8182981009826321,0.8275656189027539,0.7969185394704407,0.9242247611700255,0.7346136438466423,0.9198902857204032,0.7910170194497025,0.8803455709688971,0.9539917150070958,0.8292258400873818,0.8398249358757645,0.818435377420971,0.9382900833188738,0.8660855996001985,0.9813051905181415,0.9080762276674615,0.9129100546506798,0.7155208893388671,0.9257412871988648,0.9146111676454466,0.8447345645368826,0.6865736878339914,0.8039236621250292,0.8277525286302554,0.7537852434598589,0.8803602751440699,0.8715998032276808,0.8466926231357498,0.7912776586232244,0.9520841734748973,0.7561356837141889,0.9354822783303991,0.9253459751962554,0.7882911331299456,0.9032803810110285,0.767295185362368,0.8661502905585191,0.8522798276248563,0.9268831475644731,0.9027883442807509,0.8069799164929695,0.7616071724346761,0.9213376106811167,0.9164229425252954,0.809175181872238,0.8684946670365681,0.9104055060681757,0.779799090418471,0.8873970442748134,0.8404748046263391,0.8615418764536241,0.9472471659348088,0.7540565973673862,0.9281028102499774,0.8029890054690431,0.8331080460029661,0.7179545948181489,0.89279154455045,0.8101452521356733,0.8677758052605519,0.9009115354906692,0.8757256509008865,0.9354586022593537,0.8243361542349085,0.9039735741195274,0.9521040660118142,0.9258121299930897,0.9054559662779165,0.8884864482720622,0.8242293809306555,0.916542422483117,0.787165664925727,0.7948498870681672,0.8288528478953054,0.8016216193962862,0.8175603365943659,0.8797618914540319,0.9246466755450694,0.8640283200293041,0.9357445652800856,0.9526973095902075,0.8756210890218722,0.8377622053442555,0.7942172890452196,0.8917538883053259,0.7927472758062569,0.8144938166529727,0.7920602573680423,0.9509954159233404,0.9653970044924743,0.8939172395336284,0.8616922231396734,0.8475890514185301,0.8319574620855169,0.840355783663,0.9336067837838022,0.7372256785145518,0.7486781117369158,0.7557628911262044,0.8984850634865226,0.7998829958442533,0.6890554392008654,0.8026397418566192,0.7812107710568666,0.8811127700723673,0.894504445289278,0.824424515527197,0.8460398495597871,0.7460112901270487,0.9054044641322683,0.8537167139046525,0.8760746711592703,0.8440314830416495,0.8040051165797378,0.8462029681347014,0.8633109977279918,0.6677717774565797,0.9021887048105892,0.9235989190604802,0.9396108651499662,0.8539890062602999,0.6988003045734482,0.8041817618616359,0.8070117748210076,0.8874055618750698,0.8105468323436285,0.814938349787436,0.8884392516171935,0.9350341160601779,0.921928388159415,0.9100209049546722,0.953615447458493,0.8652698306079742,0.8701713024637956,0.7694383056144902,0.921621676248607,0.9248482399841342,0.9076635765383977,0.7678910535052137,0.9230510101648259,0.8936374572143969,0.853841146453676,0.681654281346668,0.8679508594169545,0.6596623022520657,0.9511247784208788,0.870448496741234,0.8139667555274587,0.6824822153328337,0.8487618567379815,0.9424517889849271,0.9120934043853269,0.8019178606909463,0.9499922435795563,0.8453120388754201,0.7480381604104098,0.9801648624677557,0.9110295977516877,0.9635095123898992
0.9141232233727666,0.0,0.8746805278098249,0.8669333414434698,0.7251504259907418,0.8599633303784218,0.8400477725733829,0.8302363795506871,0.84842827941872,0.8787789209604816,0.9260589174926257,0.8561046061537168,0.8831512966070186,0.9330181235657915,0.8217854126588384,0.8736900209105227,0.8325003783293654,0.8812450477337147,0.8810642719009799,0.9246556628403563,0.923884687346568,0.9497228457961422,0.7095476939320257,0.9158383350759811,0.9482845337321752,0.7903524817622505,0.6992025139936224,0.7923002774204759,0.9652479832152678,0.7425304538101798,0.8641727295357543,0.9115296149303792,0.884274302925793,0.7694484983987766,0.8905649715671552,0.7843856325382836,0.9088273682735928,0.8896113014247807,0.8076932810737049,0.9019804549678573,0.7910735978476866,0.8573360181997394,0.8235269752824594,0.9064932890433856,0.9052921187940708,0.7859765332999988,0.7680521789451441,0.9227958421747989,0.8992665578053675,0.778340767276443,0.8435122377604307,0.8567611296747607,0.7729585920409013,0.9517839965650822,0.9017049357791581,0.8572072338105854,0.8771356235152048,0.7804916450261269,0.943612372134538,0.7922344178876263,0.8591123391460147,0.7015341932302755,0.8532103848183328,0.8077466368415476,0.8073061520343667,0.847668982749276,0.8500938684435942,0.9119099275310094,0.8271154345218636,0.8892722884072228,0.8861711674775151,0.8700175097207821,0.8321302451369238,0.9021751966835038,0.8469430418845596,0.8756219007455602,0.8049884715658291,0.846763101822027,0.7740988258130477,0.7788552226232195,0.8420947276278277,0.8077800685715865,0.9528031348934416,0.8626131422289366,0.8372730532962449,0.9225043712794007,0.8381779005771983,0.7919623457645024,0.7957773941880738,0.8613293391097653,0.7442016471816191,0.8009365732556246,0.8155992068067357,0.8855906857921058,0.8959067660446222,0.9554451315280876,0.8624876996812278,0.8663563069805208,0.7629579338016723,0.8287170242477111,0.9125698379074035,0.7637761925789274,0.6975539907961046,0.8439836144845718,0.8328614151474077,0.7831556670322667,0.7307920656201677,0.8234700527810245,0.8060594112447828,0.9038020641237712,0.8969417972921815,0.7468344250405484,0.817797115559418,0.7518694882358533,0.8407793057353402,0.8183035868415841,0.8622214874106962,0.8812333617735293,0.8569896069380862,0.7967683614162306,0.8026244736430921,0.6499724843979517,0.8409091059789755,0.9152503006733245,0.8649016121722515,0.9508327128417078,0.6725365269055964,0.8371252886318964,0.900059242049284,0.8727898334383094,0.8323532053088446,0.8348406478768045,0.8323937774562855,0.8503331934306559,0.9176487484393366,0.8711358335690184,0.9332191595682953,0.8274244422696145,0.8896172622637355,0.7636581903027001,0.9435786599286473,0.9549614188073797,0.8808737748791142,0.7856726389484521,0.9230089630234863,0.8142200319492698,0.8330202206148911,0.765316367093932,0.9446305669016045,0.7076404852098424,0.8636962934769037,0.910719881508676,0.8016301906388033,0.7838920624880101,0.9067716104254184,0.9075069518513598,0.8894767786362172,0.8379356568658675,0.9091720600595788,0.80231493543952,0.8107513755555333,0.9078218973398886,0.9390978976415755,0.8751995772540047
0.7662313502898919,0.8746805278098249,0.0,0.8161828372136939,0.6768246550481462,0.867847408172119,0.6976631386071254,0.8734593163105182,0.7167575812676604,0.9186530245058505,0.86041566028266,0.8154533760585083,0.851333433405746,0.7996218866024936,0.6808259936557076,0.9333663180110697,0.8863350916439935,0.7702678111257342,0.7871065092850673,0.7799436488256719,0.8844387197811595,0.8588368142026557,0.6648419638624173,0.7701291743688315,0.8584982029588285,0.7644628573427917,0.7142302006872782,0.7885632364786926,0.9073405821321344,0.7448975237562384,0.7057960107422109,0.8804040165272534,0.7738543531981016,0.7090099006177807,0.7194698209808598,0.7235845782369246,0.7992253669951989,0.8154420276720145,0.6969403687722293,0.802830306479754,0.7162004843335394,0.8464037644773333,0.742771188314307,0.7567728930298533,0.8161406262658504,0.7251984483762851,0.7377295202823141,0.8105674717859571,0.7564795613560771,0.6961457312279358,0.7516702228352553,0.8157329520758324,0.6771507561152431,0.8478693272756483,0.8085070724117824,0.7862115635962744,0.7569469733550249,0.8671029545152277,0.7793866332255494,0.7165706097794768,0.8251348924879902,0.6958992507377644,0.8375526485955092,0.7185153951234268,0.6557677704774818,0.7480648860118666,0.7387426592350778,0.8050906578995312,0.84223175552535,0.866264757425496,0.7518788392158381,0.698183804972898,0.7607388468626181,0.8858296945118201,0.8963676310332542,0.7147541146058435,0.8068251772308207,0.8280810530671033,0.7147272525861726,0.7203102907972951,0.8187613076611263,0.6716830493628695,0.8566749075358117,0.8521958339619333,0.769968034925772,0.841414621875129,0.7783715493393183,0.6741598114505887,0.7607419165097163,0.7343910822770021,0.7182425186550442,0.6491900178598651,0.7364192193111541,0.7275690294431457,0.7529520513509403,0.8353282901168603,0.7536648560956991,0.8182964806957341,0.633581108332272,0.7656697790914685,0.7246833786703096,0.7830478618983984,0.6221205206661793,0.795175314923863,0.736302904911544,0.816696523134643,0.7985449658555662,0.852541829142063,0.7362086335213391,0.805377387078008,0.7808128576690663,0.6553266989932871,0.7551155120278286,0.8034218932863377,0.7490291461319929,0.8252431607806068,0.7743979639757017,0.7760291800945329,0.8918638846578705,0.7803366798807027,0.6860852924199405,0.6947805393703752,0.7446046973615411,0.7886009108959187,0.6897905013351096,0.8718416451156736,0.7414120294075522,0.7985469552656623,0.9155001666234742,0.7374149493411166,0.86895416392102,0.9329073443132401,0.7433027747788212,0.7040607615432537,0.7700358316952188,0.6999293504187148,0.7993499766546364,0.6822671219104951,0.8073841165862362,0.6746882542538225,0.7907099949527112,0.885393313911669,0.729426321241069,0.729739682234507,0.7963198088652789,0.7076853769980119,0.7315987347513144,0.7916260038959386,0.8965599935264388,0.8382990987781322,0.7033676399262485,0.7739430630515719,0.7390627062944026,0.81537704129654,0.8844209834258397,0.7645585770399238,0.7782954452458591,0.8585030509360438,0.7180638262974511,0.746543228821325,0.7894041838637506,0.7371211048548166,0.8174465173069633,0.7419262912921388
0.8497684908736038,0.8669333414434698,0.8161828372136939,0.0,0.7162047482499173,0.7899744807063733,0.8391439972702642,0.8804050185388216,0.7969294953060285,0.7978821289065142,0.909474689950467,0.8462114808148905,0.8566614349246344,0.8642485646961182,0.7767333590545457,0.8811077244592738,0.845138812470594,0.8524655306702804,0.8561201508452662,0.8374851842393956,0.8708303526278246,0.8663388528300473,0.7891385332252923,0.85133157363233,0.876601736732695,0.834744584012367,0.8264957533409598,0.8449425527302183,0.8472733227324653,0.7849889145570497,0.8005689849211963,0.8750706017338636,0.8716358655631186,0.8131826366087976,0.8105871054345634,0.7604548107460279,0.8641388632090627,0.8596858777899986,0.7802600156882634,0.9179670738742371,0.7501220535898927,0.8121769586647196,0.7993880468237627,0.8170801041375779,0.8979181290857172,0.7926291829989466,0.6940138884655052,0.8335939471023098,0.8854312693105917,0.7506451780472215,0.8575486061616179,0.8149353591628635,0.7068831238071068,0.8955864332790733,0.8820613816955363,0.7567092490758236,0.8546939135503584,0.8430751189211636,0.8513688057035392,0.8165706044631547,0.8364898167026151,0.6936674908289571,0.8286296995581559,0.7397976002112374,0.7258831266456329,0.7891861244578794,0.8281071379667174,0.8250155913133106,0.8271186285205897,0.9172006906549872,0.8118329426380493,0.7960521945222437,0.8011483562729321,0.9397554436881258,0.8352340099687652,0.7911117322267426,0.9073488841183726,0.8563573049367569,0.777732982847636,0.7219813412191739,0.7309004155567631,0.7739645353768911,0.8683668333610433,0.817001789837633,0.8528416294452397,0.8676704222693407,0.8235423674861443,0.7937629723185728,0.8153277061251885,0.8044103552508659,0.7939605295519121,0.7445650191631228,0.7941065003446494,0.8198712946858965,0.8487309272487317,0.8408333362762623,0.7686946766058829,0.7821174631344628,0.7033406376639751,0.8516291336000775,0.8289317113468618,0.8401712821883832,0.7423912749857587,0.7622799439277952,0.8122716235965812,0.7984899863546537,0.7545629113822295,0.8017937472290327,0.780349231412054,0.8025211895468437,0.8760962598637099,0.7501754036951752,0.7679746036975659,0.8346575318542442,0.8274676500176361,0.8538634472170081,0.7866169755547812,0.831283868311065,0.7955614794397431,0.819042105345066,0.7647815596555785,0.7683666868528063,0.7623484060983263,0.8708451633056569,0.7536010009166382,0.8761560195510578,0.7354630276634325,0.8690569829408321,0.8275374193073126,0.8029020056146857,0.7839930551606976,0.8048085156527955,0.8368263095211385,0.7993788917579309,0.81691873363775,0.7419247463932189,0.8294607374971894,0.7892986315524941,0.8730784840581125,0.7652829255073943,0.8473076685772162,0.8582637837288072,0.8567805450951657,0.7480784282066291,0.8393451864512873,0.8042990734715157,0.7706578836658416,0.7321737892949577,0.8261571496005646,0.6851042722271409,0.8373899582066564,0.7982240081083962,0.818649686606276,0.7516936734205607,0.87331454613018,0.8449940658304752,0.8618677472219071,0.8311886887800518,0.8520034286395154,0.8621633943208402,0.7110052826285049,0.8056823223910146,0.8279600364627365,0.8429985570107738
0.7404570097764134,0.7251504259907418,0.6768246550481462,0.7162047482499173,0.0,0.572634996050289,0.8629331131227795,0.6375016431330214,0.8187324755802361,0.5945459709531714,0.7386821963097168,0.8122962667779324,0.5998074343015475,0.7191652561949902,0.8752041699616105,0.6834013086494238,0.6679857056332876,0.7901578763874325,0.7821372275434176,0.7407747575478612,0.7936320265443516,0.8260462698078275,0.766809828305519,0.7745503192247454,0.6737968510881406,0.6938819170099474,0.7080983445633784,0.5941997194972695,0.7152002005420108,0.8418678760998607,0.8210912408011598,0.662640202223332,0.8050034277014323,0.6224594993926783,0.8050595558571558,0.8948276855116764,0.6686659839829822,0.8328769498837734,0.8740788507121078,0.7496478987787616,0.8754772809218215,0.6832944950645493,0.8491871587134439,0.7981036955934093,0.7114860515433145,0.6931492153963299,0.8136760055874664,0.7157564647854819,0.807945767080349,0.9041917963675172,0.8479959593439185,0.7063091016737403,0.737304810329883,0.7912842527247155,0.8116688249460364,0.5824463301535174,0.8029456911320819,0.7960112132516731,0.7734602668745874,0.8134492988122185,0.5642994723839684,0.7174309055977369,0.7220661497476614,0.8672533943010279,0.8165142203000397,0.6212972491051236,0.5983485397201205,0.6959454699073618,0.7679711856414771,0.6825777618506819,0.7670379583481095,0.8197369756490047,0.6169008038418723,0.6992721538154404,0.6309766073195547,0.63215975390892,0.6607257843687928,0.838951658521939,0.6927651941698211,0.5477465258665856,0.5642428425537782,0.8617091262014647,0.76811651403421,0.5827064083803035,0.7448663474153938,0.7477446475716427,0.6002758048552582,0.8352017030164297,0.583000343586403,0.6444972785076123,0.9340346890166931,0.8602544344964673,0.9072753342926347,0.6740529410636286,0.7969553349893183,0.7278677281906509,0.7021750915973161,0.6294737347482384,0.8819034063743647,0.5769425310102398,0.7369249458441521,0.6608813857896747,0.812319358225256,0.7623705045681723,0.8069306761482491,0.661479847902087,0.5984965794889736,0.5932605697795854,0.7674948403354648,0.6317985917527914,0.747119229467561,0.9092991499714694,0.5515626838112339,0.6392071764088431,0.7158950203094405,0.6522611404034504,0.6134414996908936,0.8540123195613456,0.5909136606308727,0.6482186213539259,0.9371520718776271,0.6634578678882586,0.6131622100619083,0.7358459793773241,0.7197173931315298,0.7101518390108703,0.6553760550402611,0.8149874030073808,0.6486546123243344,0.8265351541887963,0.6287382264793066,0.6458516943122256,0.5910268083765571,0.7865500753909408,0.7353633501679295,0.7888630084048692,0.7406565782351653,0.8775023517714421,0.7786276666064882,0.8810405033912205,0.6787078542187025,0.7419930983307916,0.8390310506233454,0.8847175066455168,0.7448440656708741,0.8186872258116283,0.9132546790581775,0.5878615417934709,0.7077613102757838,0.6239139064031484,0.7515019344992548,0.7379343122310649,0.9043245500776114,0.7987613585435798,0.7158397312347236,0.6805907735909846,0.627203985008999,0.597961835059091,0.7234344237966354,0.6271586504374844,0.545255060429057,0.6918036779978107,0.7976922675621981,0.7953647401798973
0.8182981009826321,0.8599633303784218,0.867847408172119,0.7899744807063733,0.572634996050289,0.0,0.6580999273663138,0.8285275707701557,0.7036462961727067,0.8716999231132956,0.8618598466059214,0.7144458536771601,0.9640839868403343,0.8195384050174576,0.6266954924166799,0.8929634114466292,0.8405251500255894,0.7376320813058429,0.7362454518560728,0.8011965505139218,0.8255285640024148,0.7910318683854278,0.5881246061200501,0.7782756267846266,0.897384774152085,0.7828073206169618,0.6121038620559596,0.8254937324779296,0.837902941018394,0.6452380052006143,0.6812102525562692,0.905948529863152,0.709254023881095,0.7458296457245644,0.7178554497997937,0.5977074846362046,0.8961919330606881,0.739881078474172,0.6291159445699132,0.7827934249035753,0.6058302460166215,0.8712065332611013,0.6724691034450825,0.7646348259187469,0.8004948746044601,0.7013876800039238,0.6462138306524634,0.856368618514791,0.7346626367207312,0.6052163800644881,0.7017053609363004,0.8356053320126491,0.6384872341672599,0.794268343463508,0.7323380456373271,0.9445987712897709,0.7436751259768166,0.7199486402626213,0.749837641190662,0.6368545639586608,0.9594408065110666,0.6367369537645885,0.8180719685099019,0.6171737355076525,0.6403015795050099,0.8437090413698332,0.874822007372074,0.8823909775848705,0.7173900889763409,0.8742918998619746,0.7823915604004756,0.6788759777348902,0.8725642174974177,0.8774250703936396,0.8757316887731551,0.8263090195249854,0.8240302325854538,0.7387444614664017,0.6955015560227092,0.9147407005277262,0.9542406700932319,0.646450496648054,0.8578585929752522,0.943855078401673,0.773320238563956,0.8164549193323876,0.908989142559953,0.6263384804332354,0.8076962757690093,0.841102569399787,0.6154590985681702,0.6080229599930459,0.6296918202171993,0.8191180037826344,0.7582289699728901,0.8420916047973718,0.7559696862927674,0.8422682346505125,0.5946479351022956,0.8611067705893789,0.767445044030791,0.7410728695674261,0.5656792326890712,0.6720780956611321,0.6895036315116808,0.7841289550874826,0.741781949990039,0.8747517418575824,0.6605346662180535,0.910455373960074,0.8030234222292417,0.5923569232660428,0.9417211800829162,0.7568566820352309,0.7500117495490911,0.847534925120838,0.8493462616806979,0.6921293515309063,0.9459583277416101,0.8029483787641287,0.6305697169030272,0.6255171180608463,0.8674396925549724,0.8334568879427197,0.7549499662773032,0.8449336097185782,0.675306329566752,0.7145369631518447,0.8553826135703183,0.6850861942178252,0.8545012055587506,0.9245303384397522,0.893896277016261,0.7278690826162489,0.791049689399953,0.7072979988904678,0.8194916136285239,0.6331786885868784,0.7207324952266074,0.5931550205218674,0.8363145671627877,0.8769669774880271,0.6980618154201416,0.6146987501735516,0.8169815215578756,0.677704995247753,0.6636937144842027,0.7702069124316914,0.8340303718377982,0.7101410697449616,0.7445271391741065,0.7532989237961226,0.6310586792637299,0.6367870571643626,0.8313030402382221,0.8479310757818608,0.9060556693386443,0.9470262029669021,0.7739669040675691,0.848337878125015,0.8457808919356777,0.8290236805860373,0.7663196015729036,0.7680388307755905
0.8275656189027539,0.8400477725733829,0.6976631386071254,0.8391439972702642,0.8629331131227795,0.6580999273663138,0.0,0.6986714108410821,0.8238531403152075,0.6896234220445241,0.8278865965755127,0.8892499149717231,0.7027300059191912,0.7972400619659782,0.9168803137602706,0.7446052668241663,0.7134530206213152,0.832775698654571,0.8820579993192065,0.8245120889680028,0.8472864129676969,0.8622952322284162,0.8276496599976388,0.901556716568294,0.7978015907940282,0.7524310219706761,0.728287396628045,0.6851091237123375,0.8180272056389704,0.8066674036187115,0.9023316428952994,0.7757441790916159,0.8866690243398571,0.7575770210344578,0.8679441385989694,0.8443942776253285,0.790964974147226,0.8283024835240991,0.9228183608900228,0.8746808179424274,0.8463599995623076,0.7200843790199962,0.860103522013507,0.8843917558891589,0.822301853001782,0.7724551427919751,0.7688609677426359,0.8159528749273669,0.9424855983959755,0.8442919122787126,0.9112598900908591,0.7480481653983116,0.7553667955335984,0.8976671392170371,0.9182039258669699,0.6713680707169455,0.875140831371909,0.7627071867285986,0.8802659647488366,0.856008331099252,0.6750849812464004,0.6849240294747201,0.7408379575011654,0.8134407537494059,0.8400300944506044,0.7213547593937014,0.728358161811752,0.783666117060054,0.7350167350578719,0.7505715345953992,0.8255524261405539,0.8810147264998949,0.6825383308147476,0.8007650583188475,0.671621114680759,0.7783178716171255,0.7852155458827308,0.9016054760210258,0.7399875464081991,0.6529969154802334,0.6386760866162443,0.862945013854538,0.8625517508154421,0.6550650433083112,0.7918230590586166,0.7954227428509891,0.6933383929628413,0.8679155304832332,0.6929908717846005,0.7597599562255148,0.8299180019633815,0.9021061184018887,0.9068984024833117,0.81117951930841,0.8452030817205824,0.8323164014288066,0.7570541732457199,0.7051740481595237,0.8258271455199651,0.7069939366782719,0.8737178985414555,0.7397285491550722,0.8080459875887455,0.7921090162904479,0.8078485057322187,0.7016838499512406,0.654110071283754,0.6593092825612566,0.8267072078194133,0.7546131203043941,0.8948323390287852,0.8447187939797557,0.6460716351692017,0.6677074343627152,0.7803834353157317,0.7102751542301727,0.7192771119892409,0.9248361414629903,0.6628968943257827,0.6674797218491162,0.8982557221397663,0.6441474294283126,0.6984553631231883,0.8803889296407846,0.7926224568349701,0.8446517531512652,0.6216666387304035,0.8825256015042326,0.7273803673314371,0.8624038025396922,0.6536220245815471,0.6641833040603762,0.706801319502732,0.8263727939817711,0.8318627007911211,0.8398545992341722,0.8441629178325889,0.912202222714364,0.8426577373586125,0.8906125687130514,0.7956254129418677,0.8095191303968526,0.9259434566106842,0.802222020950863,0.8453097430524045,0.8468964493644483,0.8726172712315258,0.6705109055485824,0.778148784041534,0.5912426872823002,0.8594229650549482,0.8299536683725934,0.8730441685346207,0.7893008823770862,0.8082671478502406,0.8017072461909112,0.7693059702011208,0.7018908661654237,0.8605998659933898,0.7585522640204461,0.6225740851899837,0.7977659451271806,0.8538347234454431,0.857800131320976
0.7969185394704407,0.8302363795506871,0.8734593163105182,0.8804050185388216,0.6375016431330214,0.8285275707701557,0.6986714108410821,0.0,0.74980130699992,0.8409849262311673,0.8358715062299008,0.8049384115803693,0.8614962024679931,0.7955880894889549,0.7107374496113,0.8949234878592517,0.8454780894034005,0.8099786213499641,0.8288047783372399,0.8090960151900797,0.849827113756549,0.8129136794431834,0.6943376094575271,0.7599816329477915,0.8596511648355035,0.7825083843033761,0.7552445076656561,0.8256702887208202,0.8061564134703194,0.7432260359173523,0.7563536631300658,0.8959487435946016,0.8094690131705188,0.772246242870447,0.736519125045476,0.7335073601714108,0.818383256538599,0.8346588059828545,0.7170804884076756,0.8021732783017199,0.7135690978911254,0.7722266189578355,0.79551103294667,0.7462493329599713,0.8974311772785849,0.8105781484213197,0.7006969394860353,0.7887160193179503,0.7779454569042782,0.7247131171481568,0.8011015085816434,0.8095721921182685,0.69743642287417,0.8432694157662841,0.8229143701495747,0.7485274831066687,0.8063632372496833,0.8527617011903704,0.7948207784250509,0.7794096540474019,0.8710424527319146,0.7514106269302672,0.877519242159957,0.7006929963427738,0.6919556843039824,0.8238612475995922,0.773616246462964,0.8024332064305493,0.8522764737307965,0.945786062938242,0.7791705679106558,0.7298715575431931,0.7699922517108041,0.9172175845885092,0.9011001526274901,0.7676051572926617,0.8537373960009463,0.7496144312205775,0.8163256781025098,0.6931170020408037,0.7741426703390352,0.7204370948925654,0.8222007327946395,0.8729354849113907,0.822171293237245,0.8652281964633004,0.8344438833363458,0.7546736211607922,0.8666348240698918,0.7533956279510241,0.7229049976646471,0.6830365590800874,0.7376886524009565,0.7786115538971466,0.7597006794431274,0.8089952328577829,0.8239838073319602,0.8101276396581727,0.6335953152835342,0.8533657405909821,0.748419527379221,0.915488330791566,0.7046137666804051,0.7862190920423477,0.811465808995245,0.8540565332839712,0.8623275154516445,0.8124923381276198,0.7571697709679015,0.765064999197404,0.7834874778910019,0.6840278977674786,0.7619846303502138,0.82934336041064,0.8215621081954491,0.8169195185916573,0.8017695468941238,0.7782893212136139,0.8073611408467469,0.7790758062887769,0.6785706327333285,0.8457833292135813,0.732734233913156,0.8037451758474577,0.6892426664331462,0.863040711708916,0.7743347453327439,0.8369932380817806,0.8614501142219662,0.765166397714166,0.8278107622670805,0.8752263329314113,0.7984778668319477,0.7145208507194027,0.778726585046242,0.6998061838611519,0.804729793823384,0.7019192738682456,0.8289518763947871,0.7294248267286794,0.8295897766400481,0.8287405659174133,0.7659327955572497,0.7237474543393103,0.7792220663837754,0.7492210522906255,0.7246408611268408,0.7805983234377861,0.8567333324467918,0.7255433947671878,0.7727440847606737,0.7769180701942661,0.7491789597295959,0.7445239104679698,0.8799476735471697,0.810477386792523,0.791961946697307,0.826978778444228,0.7385378752840528,0.7889310569586415,0.7640374982145967,0.7479903910343155,0.8304543145860159,0.7411246215991881
0.9242247611700255,0.84842827941872,0.7167575812676604,0.7969294953060285,0.8187324755802361,0.7036462961727067,0.8238531403152075,0.74980130699992,0.0,0.6634357094302389,0.8557730580103073,0.7745595756721629,0.7487501222274862,0.9131221737022343,0.8707158541442176,0.7484838025886955,0.727004898194973,0.9135424994061447,0.8240986213623968,0.9054880758833885,0.8309430340358073,0.9220172903517961,0.700404650457139,0.8372065668259018,0.8069776792857181,0.7421961835217564,0.7112835927045996,0.7017058778085505,0.7726875595855923,0.7856133954676331,0.9006752799032789,0.7687595313016257,0.8408324313738901,0.6750420841171878,0.9481138031080689,0.8222890374689729,0.8231157841428901,0.9363078523126812,0.829558058404511,0.8040791742246033,0.7914555477540729,0.813773273025454,0.8460625281324767,0.8787460167158642,0.8197691424861554,0.7271523444446334,0.7411675539057822,0.8331633422420609,0.8631790313448933,0.8671852297134176,0.849434396304747,0.7910946068296458,0.7880229782505468,0.8490770403033546,0.8273379691734027,0.744326603885561,0.8906970443505756,0.7628179189538815,0.8885423582650777,0.8019455580094907,0.7202299316820909,0.7302203109732543,0.8230254727959989,0.8730756965998562,0.8898165039153249,0.7681520897538068,0.7645252403356348,0.8442792788123258,0.8434532844603941,0.8518151330189008,0.9084655030794929,0.925527686878857,0.8141892073307702,0.7895430370601438,0.7584791623467738,0.7859733395722864,0.7091160823739286,0.7557861275994003,0.7507495473178768,0.6595531167838707,0.6881671359172166,0.9492486727841005,0.859515189592668,0.7404952400241029,0.8499535531506085,0.8873565942606173,0.7804140693576542,0.8840752650935738,0.6878238599819576,0.8094308586628701,0.8588556382966006,0.8790435308789258,0.8324565857017678,0.825064860675122,0.9629846081488963,0.8434795026632874,0.8475441933554101,0.7361973916969209,0.9258707968178275,0.7013742753058066,0.8840794434817411,0.7023307675045616,0.7756873403655676,0.7530571235768064,0.9210658469220153,0.6942492120767249,0.6129032142330075,0.693328628835651,0.7356715254080507,0.7525030184715922,0.8070394971989414,0.8846730376806514,0.7210580390256006,0.7411621076766409,0.8172570864702351,0.7473212318123569,0.7403129003726097,0.8519249118991877,0.6844587992134772,0.826248325466411,0.9082134439196606,0.6970631640869449,0.7678343100250571,0.8174024000364781,0.9091055959931291,0.772701274826175,0.6942413076851198,0.7916139380968056,0.7101549853913163,0.890615266346311,0.7703410854243146,0.7402691974405435,0.7754097499587891,0.9556412543245505,0.8716679918141431,0.8964487409874009,0.8457237345169225,0.882574935027296,0.8335846234031731,0.8177276129196783,0.8489482653213792,0.8711220667816499,0.9241169524253531,0.884950326170431,0.8516725296906996,0.8721671932096496,0.9190143092608853,0.608921083927182,0.7973760635588693,0.6401182864371341,0.9053212680308421,0.8341800381501642,0.8758105804048222,0.6853702674785724,0.7597212045734523,0.8565260844166447,0.7824209326899232,0.6736994603626563,0.8910498165261473,0.7286464259609977,0.6385868925748288,0.8861231815355523,0.8984050489933829,0.9278123195669518
0.7346136438466423,0.8787789209604816,0.9186530245058505,0.7978821289065142,0.5945459709531714,0.8716999231132956,0.6896234220445241,0.8409849262311673,0.6634357094302389,0.0,0.8196873476340268,0.794254331944681,0.8503400815625598,0.7742576941578216,0.6439156454284702,0.8819223241333766,0.8505428315569963,0.7291773465061748,0.7940109680470346,0.7562899323662615,0.8134329598082717,0.789155044623378,0.669222872325552,0.7434936789875114,0.876318656307784,0.6870437185858173,0.6980902246669325,0.8226226525881055,0.9240092246437199,0.6913137366818572,0.6831294363975398,0.9012881832646864,0.7348181764954229,0.7450853402015976,0.688115782196799,0.6667955135998187,0.7811563549988212,0.7370289400850714,0.6626503783083235,0.7806721277392512,0.6595858610198863,0.7950904303835502,0.6843581091145885,0.7146663582899656,0.7970524740877875,0.7111772928317306,0.6677463782515233,0.7749916279432629,0.7537177270311879,0.6351599421408822,0.705946373153988,0.7440725034609303,0.663875210423261,0.8164801773423895,0.7941616929683069,0.7847008068701559,0.7214830996439784,0.7712268258935824,0.7836979041796039,0.6934012703759931,0.848797804789523,0.6351899125986183,0.7560840234085595,0.6655362420264304,0.6233095733782612,0.7459044452705068,0.7453667312637071,0.7544784643429998,0.7648226934543618,0.8204770077470355,0.6909002096384995,0.6720262252699054,0.7364479874783468,0.8529436879391716,0.8677032463403231,0.7526312953736529,0.7970202949536892,0.7627874239534319,0.6759614912884606,0.7352812841254492,0.8161155214921896,0.617211729867448,0.8092756644523655,0.834455965240122,0.7214421106576429,0.7765192702939736,0.7634384799825173,0.6482517067912885,0.8104131698392825,0.7169683472544054,0.6283252596130221,0.6294176753181365,0.6973746699748264,0.7409975727855974,0.7025810922041205,0.8114752901655968,0.7219435867845311,0.815686502497664,0.5835296450833217,0.804374187619888,0.7215374278515824,0.7640288873933988,0.5847569060222297,0.7808767767941728,0.6824380390785652,0.755451628646286,0.7989089520834977,0.8574338198794762,0.7120507315146434,0.8125748748186886,0.776381426707346,0.5908101063408989,0.761948351239789,0.7805734415897223,0.713400850779828,0.7794191826550544,0.8159815488581356,0.7610229614516931,0.8819205288212282,0.7260767756326741,0.6172219111677754,0.6234454649202918,0.7339378657654269,0.773606450390795,0.666826058399638,0.8802940125518512,0.6722739550654736,0.7366143098945341,0.9217835511108013,0.6866606234306452,0.8427772066522969,0.8383388774357342,0.7489266700273692,0.6540648259061653,0.7447676475586433,0.6644523305339896,0.7771695982809996,0.6382594866318464,0.7737589816092769,0.6414548050110186,0.7922889731823796,0.8446342838322166,0.7113050240056861,0.6617788608530583,0.7611886562549334,0.657046677917917,0.6500019507202565,0.8204820209308199,0.8895716782891587,0.7868011840276508,0.6816292671298566,0.7907940320327337,0.6869864349418127,0.7575075408291806,0.8602603001132418,0.7470676662585296,0.7961069983160669,0.8467335478155368,0.7151103186735419,0.7652837655124649,0.8237362778963104,0.7324110975977958,0.775474302672046,0.6887653236533279
0.9198902857204032,0.9260589174926257,0.86041566028266,0.909474689950467,0.7386821963097168,0.8618598466059214,0.8278865965755127,0.8358715062299008,0.8557730580103073,0.8196873476340268,0.0,0.8651245120471126,0.9047835712380705,0.9238786381731866,0.7672620932857025,0.925397981323503,0.8646791801809355,0.8543151709899982,0.8585765809416439,0.9166175429728496,0.929684263323445,0.9397754586718658,0.7365041420493464,0.9096135093370963,0.9538889369052788,0.8621318361127629,0.7464898810316706,0.8411736582240235,0.9098298483396444,0.773652283645036,0.8259382463190812,0.9066822965987232,0.8123033612511057,0.8170469878924257,0.8819043630893726,0.7540816579410218,0.9478894602615554,0.8988570078927385,0.7943021564224589,0.899111924256421,0.7215167373829063,0.9322151175216453,0.7962986777744465,0.8975329474864653,0.8984159889350772,0.7293492873517351,0.6947947248218675,0.9430566949836057,0.91091176966527,0.7442488046221731,0.8247979220493473,0.8464095195421378,0.6800576638638456,0.9145926459642815,0.8890272222144057,0.859127774364729,0.8675440961493004,0.8371257800743768,0.8721408320827029,0.7519841466805078,0.8702526003845704,0.6495553545254331,0.8338146860266133,0.7938132451437194,0.7428860072567856,0.8016303042400119,0.8891808001252334,0.8962022473858833,0.8284672143329003,0.9339005065762529,0.8669640150345571,0.8271978063085614,0.9063995547725247,0.9255347369485026,0.848945755239184,0.8145769487179689,0.8835669685399212,0.8762160155189747,0.741087470680072,0.8003204346812172,0.7930865768145062,0.792613627169998,0.9177535053957094,0.860962156423293,0.8881099215324063,0.9091758898781301,0.9052564909423885,0.760682282229972,0.7574045050885655,0.8859439284249,0.782813843202336,0.7501726893262348,0.7775483234560301,0.8497280086631573,0.9032657055166129,0.9202657661080973,0.7871901989812154,0.8508412596067382,0.7639023478218163,0.8062248560454491,0.8969811653591374,0.7911559572304026,0.7043967036663805,0.7614633421520791,0.8083240521090854,0.7737698150715256,0.6969192501789254,0.8635330973263724,0.7216737877003181,0.9120560469309226,0.9388230340188677,0.7766522838130759,0.8505026247770583,0.8423828916272562,0.7984944092772197,0.8579840749817287,0.8078892166760059,0.8650028250955277,0.879498972360141,0.8693096837085519,0.8090377745571533,0.669426827663189,0.8785667534289238,0.8890739932891712,0.8634996267224591,0.8923917811289154,0.6847889271012247,0.847811175687129,0.8709928425428413,0.8054823682913606,0.8392502990695521,0.8668680807416,0.8983326484020244,0.8903064946638143,0.9127236504199051,0.8027534563888102,0.8943216654998952,0.7969348489307275,0.883878334951025,0.7348508793136331,0.8612642595872927,0.9781217235349349,0.8448250377268487,0.7784330034355054,0.9427556849948127,0.8453710328548139,0.8172077126017675,0.6798926751305064,0.8992834140870724,0.7494158429876164,0.8874725203360078,0.8020070898685178,0.823297687384273,0.7180260312363174,0.8970635926310098,0.9140335596779645,0.9295268532353159,0.860352111661447,0.8981397976561617,0.8629101042418981,0.7067998872423931,0.9010156667757533,0.8653269206843296,0.9349755502773477
0.7910170194497025,0.8561046061537168,0.8154533760585083,0.8462114808148905,0.8122962667779324,0.7144458536771601,0.8892499149717231,0.8049384115803693,0.7745595756721629,0.794254331944681,0.8651245120471126,0.0,0.7360436700348743,0.760164153154008,0.83139554417444,0.8420491712171342,0.780480628112558,0.7930807447486524,0.9284053538935306,0.8258796276085205,0.9131948171769617,0.8697518187171299,0.8290134051557403,0.867505850285165,0.8661741405334992,0.7762624070352977,0.7489878446326868,0.7298168067677338,0.8801106024903108,0.8212736430843123,0.8684529466505893,0.8440899453579043,0.8417572304013854,0.8205512401418288,0.8167630791460369,0.8766328813787848,0.8003391202677901,0.8474715945179141,0.9039745026471699,0.8322348287651592,0.8219110500975859,0.7570936027633088,0.8741166491900472,0.8567750263459462,0.8792644938984553,0.7638260406600869,0.7630246139948104,0.8389136686073412,0.9097574479464333,0.813245800377424,0.8707107032246912,0.759850312614146,0.6862170247998702,0.9219872658124372,0.9621160051392731,0.6827353680840609,0.8396470252903547,0.8814833435038962,0.8438952554615095,0.8213561804107121,0.7199764254878606,0.6754119675772751,0.7715765543537846,0.8295738727324158,0.7515424089412365,0.7163706359981477,0.7173834535323844,0.7653309793623788,0.791754080268473,0.810255105900861,0.7808584598681844,0.8047706184029395,0.6942841952955278,0.8420396763802944,0.737248442395723,0.7320942217278632,0.8301375294905841,0.9112485554152885,0.7612515904359928,0.64495558192921,0.664712256020814,0.7868578575636732,0.845438058365085,0.7049005221399928,0.8133930767445167,0.8227782015849836,0.7368890336555355,0.8079038534674805,0.7204872609754396,0.7403160923785146,0.8056180024286546,0.8285544362899754,0.8809073545667138,0.7580812969878775,0.7736711882202311,0.8638374687256862,0.7655606051658322,0.797930209051246,0.7510238873643511,0.7141336261826307,0.8180105530278442,0.8511877884872742,0.8146890898796292,0.8957470090219884,0.7947406104557433,0.758773723104004,0.7456386086743259,0.7433748162544432,0.7930259693055206,0.7807603756403036,0.9133540585219878,0.8100332508603311,0.658527579698922,0.7370880162400285,0.7557713505411109,0.7206445391009051,0.734131779367798,0.9557176875604546,0.7476964831986717,0.6784342350914511,0.814233994045299,0.6942036756936866,0.7112283638407626,0.8378163164258414,0.7318733231232172,0.9052155533718571,0.6395995789129808,0.9306697413579464,0.8535153730095013,0.8085802190435969,0.7115813427492367,0.7435264668409145,0.70407453556264,0.767491688461819,0.843545939229604,0.7636542221888621,0.8481854740100557,0.8257274119954691,0.8930451370398681,0.8671261806259251,0.7759180542854337,0.8569913450725367,0.8346945792005654,0.8239720662697191,0.8603452253105612,0.8531491981336016,0.8390130056406437,0.6935556571338627,0.8877868239831413,0.7095415777934856,0.8221058223263439,0.7957366737325171,0.8700640913731574,0.8455505642943509,0.9261018952993356,0.7914346724891396,0.7549981594972008,0.7545298559818701,0.7753463854390285,0.7415656252232206,0.6383034629191999,0.7568832258980137,0.8755104660602767,0.8033245195774387
