0,1,2,3,4,5,6,7,8,9,10,11,12,13,14,15,16,17,18,19,20,21,22,23,24,25,26,27,28,29,30,31,32,33,34,35,36,37,38,39,40,41,42,43,44,45,46,47,48,49,50,51,52,53,54,55,56,57,58,59,60,61,62,63,64,65,66,67,68,69,70,71,72,73,74,75,76,77,78,79,80,81,82,83,84,85,86,87,88,89,90,91,92,93,94,95,96,97,98,99,100,101,102,103,104,105,106,107,108,109,110,111,112,113,114,115,116,117,118,119,120,121,122,123,124,125,126,127,128,129,130,131,132,133,134,135,136,137,138,139,140,141,142,143,144,145,146,147,148,149,150,151,152,153,154,155,156,157,158,159,160,161,162,163
0.0,0.9086970599365496,0.8230995156820606,0.7847186321396102,0.8083830899422624,0.8480827175013674,0.785301178940653,0.8606594041774285,0.872195846495143,0.8342526509483756,0.8443062053440835,0.7844598789752542,0.9293932987175914,0.9101265012539486,0.8746735311018701,0.8899054504312022,0.8978801653425499,0.974828444988582,0.9007986692593474,0.9497722737386435,0.9088614073005647,0.866952899122063,0.7961890744628083,0.8687794379607574,0.904221266265703,0.7421222734891704,0.7852079224984324,0.8668999053714241,0.836904054740306,0.8686824189495309,0.8770371242214293,0.9132348835520253,0.8322978890271837,0.7481601134317621,0.9377249707797415,0.8508162104780695,0.9006531281577355,0.924524229473532,0.7458752479877874,0.9224757811686405,0.8607280348584728,0.7920840256268313,0.9219506195946553,0.8543806757076439,0.8835011084702332,0.8837005784928608,0.8586223335130061,0.8568823429674791,0.8827004802653593,0.9379105451009682,0.9269433180004544,0.8836551790869234,0.8372211536519797,0.8516570230991578,0.842996183673541,0.8376022328822814,0.9622976988976849,0.8329547085964178,0.9306157587520762,0.9382742515731017,0.8430910827320982,0.8136294788122335,0.9042259628222912,0.7873299376863071,0.8818165339313773,0.865983176285966,0.7902668776776544,0.8699414268563327,0.8798837940970133,0.9032857352769973,0.9007101725252876,0.945822566297433,0.8385049627646922,0.9177067252989326,0.89006987555708,0.8728022039809712,0.7538443537287087,0.797292751008141,0.8367877444796777,0.7989728195711222,0.7973121629809148,0.8680604432142369,0.9014501559556146,0.866901534180857,0.9081739693397809,0.9136170592744198,0.8204590019314292,0.9226983140586794,0.8865731749583268,0.730549127959722,0.8878091385390158,0.8187021308472981,0.9308266755102272,0.908044563440576,0.9046778300977344,0.7896467640054059,0.777655620720645,0.7681218828914061,0.7854058808103087,0.8823755483119388,0.8447786103492019,0.776788012887946,0.7589908060815687,0.7934093121657266,0.9540725640647285,0.8606727137101116,0.8348548730791585,0.80736802241523,0.891915464328617,0.8451364698208823,0.78676784633345,0.8222195161046408,0.8674867776821055,0.7508265385287176,0.9173877703623832,0.9113110768045171,0.9023173104716415,0.8714034862648311,0.7891982163630996,0.7670292812518891,0.8822091171689208,0.7580188921488504,0.8407786869345354,0.9032026938768065,0.8510331473870948,0.8575794399534853,0.8001714841645383,0.8046996208301778,0.8270532359965823,0.8919740644019248,0.8401547028560407,0.8429853715342328,0.8371600704905215,0.7818623393549062,0.8258561177960824,0.8311226552132729,0.9104584800251206,0.9018036762741247,0.8519842320820359,0.8968361014787652,0.8385272486318978,0.8935736209578379,0.9072713978930568,0.7609853029333427,0.8311672121238755,0.7971788510801205,0.817402223203979,0.7774635917098637,0.8853568603670348,0.6749819893888749,0.8945020536214042,0.8673229963552703,0.8654825788628898,0.8107820329611526,0.8239734251020775,0.8909409609854045,0.8725184336678724,0.842738287467243,0.8650745226955896,0.8373786940621964,0.7665746470135355,0.9646496497406114,0.9151911890111877,0.8829521634330475
0.9086970599365496,0.0,0.8679915129553132,0.8104559280003937,0.7746627266840794,0.9122506988658318,0.7970461295670388,0.8475302285404313,0.84241186629695,0.9077808869764357,0.812317048757071,0.8013614806676507,0.8810571529374494,0.8708022034629918,0.8891773982918447,0.8276548257655537,0.8377513782002176,0.8892548531221146,0.8877143250492071,0.8539956964476527,0.8858000465384832,0.9063467967417171,0.72953111515811,0.8486247955041484,0.8735535434701546,0.6618847713194621,0.733035465681808,0.8005085815213362,0.9183881703695808,0.815143829737941,0.8673847517284056,0.8799848997821743,0.8954940078667709,0.6881574258262608,0.8649257223986193,0.8343753522049355,0.8392971100959302,0.8357265436011607,0.765028760342184,0.87631978007385,0.8800731506495597,0.7847441771469992,0.8299232661901109,0.8441326297516042,0.8220649022900248,0.8272728597737508,0.8244747686584488,0.8252159132569223,0.8158823587057251,0.8659639324187578,0.8951900649479686,0.8441115567159375,0.8530397760012327,0.9176000950577102,0.8462769929840259,0.8753112341749223,0.8808866396833481,0.8100105213154838,0.8960579271150764,0.8852781057760201,0.8690365397629437,0.7876607430540543,0.8571044733756553,0.7173300995028548,0.8506328407825173,0.8149015027153192,0.7696443423807969,0.8548223549106106,0.796061679652399,0.8533346046659999,0.8641332718637933,0.8512526568869212,0.7604480270080688,0.884448074117247,0.8718061494086129,0.8338586103969892,0.7285485730771093,0.7986703113761383,0.7575114850446697,0.7800078477351572,0.8252626069473386,0.8615631884094245,0.9465227158151307,0.8179427265958119,0.8011239934275826,0.8620771050604642,0.7626484585073153,0.8435747057832141,0.8409460917649244,0.7563405174548834,0.8120945506080225,0.8481354642471981,0.9105695013503278,0.8638713296361848,0.8765134008275083,0.855345107475181,0.8071242062192394,0.7481836573083213,0.7199620483340653,0.8498884961465766,0.8193065137597257,0.7400720134192903,0.7009377732752013,0.8175868430024468,0.8742399918907797,0.7827194670823548,0.807145649610616,0.7556442292123013,0.8686375857851306,0.8562673519883464,0.7789185950331118,0.719492918426935,0.8466721560403941,0.7077077902780464,0.8424819083701837,0.8575988312980211,0.8614434376116488,0.8245586065875686,0.7919733785231322,0.7298026575213276,0.7948226458463302,0.7330949691279262,0.7515682145733886,0.9060991206616704,0.8077276299884227,0.9042992347956078,0.7742400364520663,0.792668244265147,0.8198250232772027,0.8434041181313149,0.8300065131096102,0.8335042456646561,0.7590328117792151,0.7721864517903405,0.8126245314335511,0.816986103435852,0.8442635898278888,0.8368985643904189,0.7779535642069051,0.8551741873461187,0.8758041561127063,0.8621118094523716,0.9224232863159387,0.7740799230910475,0.7915654438612629,0.7077969522216707,0.8385750863886213,0.8252117700746484,0.857352356408871,0.6425785045329327,0.8172365121050896,0.8991673043976794,0.8204876917143678,0.8401432408851084,0.823311670369746,0.8585842250436079,0.8404225593406498,0.8628545068410389,0.865948389770772,0.779867046132741,0.786353951146818,0.9028787576881341,0.9317613340919824,0.8144987221375604
0.8230995156820606,0.8679915129553132,0.0,0.7533653812548305,0.7372898350499177,0.8781023895033199,0.6586870126739645,0.8870395957066033,0.7882457021383589,0.8756949558584495,0.794078085646588,0.7361779603561973,0.8701062745043099,0.8446495385373496,0.7297149510551845,0.8694931370347443,0.8676098025801504,0.8366459944691319,0.7750968530259743,0.8144447130396747,0.8726853921119055,0.8799602288272265,0.6825703894850578,0.7341675491658003,0.8185804248598694,0.7089895626795062,0.74334590649127,0.7836463728113068,0.8250449103267202,0.7619617278389506,0.725365797488546,0.8212489613110407,0.7743632398417186,0.6560963469552766,0.780739262876253,0.8352781203585422,0.7722404005419715,0.8676836554265003,0.6532843563522587,0.7997443975186118,0.8013323308581117,0.8296166843433253,0.7901847644929675,0.7338132975455349,0.8116585782612098,0.759834899799374,0.7978446335212495,0.7729243601594296,0.719721818223767,0.8308010248874823,0.7874720633321833,0.8358483157893024,0.7451016556366107,0.8157208594050874,0.7536225602961864,0.8331465218771971,0.7926535705174919,0.8529838386817894,0.812750811153997,0.7984575521993195,0.8303993038234667,0.7703805676249249,0.8616534056153602,0.7754956471411292,0.7346767346150765,0.7568973469597067,0.7195486462808555,0.7949596112085665,0.8941342978024917,0.873403948886495,0.794967498105099,0.7544601055421519,0.8272517164259869,0.8596442035715336,0.9074659669720271,0.6927901436074753,0.6919600607270004,0.7270828990102707,0.740995836135732,0.6527310343354925,0.785959170532369,0.771335413466743,0.8038379352448364,0.865315279604895,0.8075746075150038,0.8792868801008912,0.7809129571265018,0.7616380588725238,0.767588090835125,0.6789854845458434,0.8206440434532714,0.7140620254358837,0.7918913973052383,0.724872819487682,0.8216350057226698,0.7649780236195166,0.7576823345750562,0.7757324004524209,0.6973789130243236,0.7892236296021623,0.6699294209205762,0.7363656479869446,0.6908179390741661,0.7872024345677506,0.8519738679786492,0.8109717160037431,0.8050602046036839,0.8140329898447709,0.778709766621751,0.7747487137402258,0.6929854877105203,0.73126855337133,0.8339250000615976,0.7607850680650451,0.7891278879914144,0.8557036586319224,0.7759459998613529,0.7426747144764044,0.8587669637456793,0.8002346541796707,0.7328965266545961,0.7677121583352444,0.7616861830962437,0.7388464027454954,0.6972778434001244,0.7799072528520337,0.8329401842908382,0.7509644194646723,0.8562382086571646,0.783277893154949,0.8821088703589948,0.938096427827208,0.7048078402389644,0.7124206741574404,0.7566148215728158,0.7008833016440862,0.7588130238254324,0.7390003588435364,0.8018606732957191,0.7330796941165346,0.760478713975922,0.8682920328636786,0.7879064752622991,0.8118257791765725,0.7433687145844203,0.7232655848732079,0.7828065957025218,0.7266224750457954,0.8763804772402853,0.774499468930041,0.7157698269331801,0.7492452820667537,0.7951920325135954,0.8585074952835057,0.7963245312801994,0.7628628628419939,0.726064568936827,0.8091048773329069,0.7061089798576928,0.6943465569218057,0.7468567956862432,0.7653332526597755,0.8577027629478222,0.7456168389721438
0.7847186321396102,0.8104559280003937,0.7533653812548305,0.0,0.7657744269963915,0.8213586564769984,0.8551604711064074,0.805042665792272,0.7257553468204239,0.7873465702450322,0.847648415279322,0.8658320731338404,0.7775515670083891,0.7453985834010067,0.7724518717172486,0.7754331119082515,0.7757693458078033,0.7425137749354538,0.8457600947417262,0.7148370457966318,0.8310872603111985,0.7790496090112832,0.7841209512312259,0.7938177780988307,0.8465187724333625,0.7506193946598982,0.7766914590396988,0.7964785747055786,0.8006805062822133,0.7604146448618122,0.7860936410018302,0.7888925277745797,0.8705945725787585,0.7613045898485292,0.7913179967922862,0.815886938140499,0.8215356740527155,0.7377386877061428,0.7519643146319848,0.8338146704481929,0.7769742611023209,0.7831361423493897,0.7347781129575106,0.8350257291918703,0.786239509518522,0.702679813173938,0.6640928926979782,0.7959978303519434,0.8079348435547613,0.7274621016542272,0.8473241813099159,0.7834960697042471,0.660915032842996,0.9025920441171837,0.8651774074051881,0.7524029177324029,0.7644664422289845,0.8734588295031549,0.755921634234394,0.7646165320758971,0.8019668099651687,0.6516072596626161,0.7486504010058403,0.6545526800157647,0.6714407838370767,0.6738965632177236,0.8034501923746312,0.7104824988341443,0.7071972935323558,0.8275034811086941,0.7203150218030548,0.7039727400482623,0.7897522740667999,0.8498881402836891,0.7489670589848904,0.6886578408080901,0.793164783997391,0.8554395097792511,0.6814179354129223,0.6943131074650327,0.6568203358349977,0.8007235721228466,0.764969846719084,0.7047157490083692,0.8044625443165132,0.7447716418108558,0.8159466228484971,0.7598120485396628,0.7401723119166133,0.722892556778386,0.8477017963222772,0.8480888304249287,0.7985848617798827,0.7217090449321131,0.8067846195762577,0.8170888361853861,0.6506058766678992,0.768010095080758,0.6857692668035759,0.8064195310499895,0.7378458846026816,0.7601669129536757,0.8329198989152824,0.7904121899485209,0.7670019867162469,0.6914311165699416,0.7179309400130585,0.7479940440863656,0.7196680621901146,0.7834963925125639,0.8871777968384698,0.7494303531974079,0.8292697642379377,0.7436622436780799,0.7292862923776693,0.8017662421736325,0.7355685602297756,0.7514297195745917,0.835149583034403,0.7843454584645626,0.7011010102843033,0.8127371796554529,0.7180197949164644,0.8119151000147893,0.6824367280584143,0.8219718352675269,0.7435415156282341,0.784675019238722,0.7933363776989063,0.6709314273065089,0.7027541429531995,0.71488026957192,0.7451672712375422,0.7890045765159489,0.7323031573917165,0.6153954245090831,0.6884292485496517,0.7676684172563819,0.7393247118262942,0.7684197944577837,0.7737558547979438,0.7592865142735886,0.8440218525650475,0.7523372882216851,0.775376652074125,0.7595513369626298,0.7377865320061955,0.6622678837672323,0.7383305057583128,0.6159628683487244,0.8287915182780923,0.7270758641713846,0.7770454340842292,0.7032086109218088,0.8580214439272749,0.7654856319577699,0.7813972118889728,0.8700146492948451,0.8710154723017068,0.8075384995939197,0.6274385259456695,0.784753873184902,0.7709987364427741,0.815886055311233
0.8083830899422624,0.7746627266840794,0.7372898350499177,0.7657744269963915,0.0,0.6695138887998295,0.8074702270205916,0.7010835148700763,0.8647339099315745,0.6982624325275678,0.8677116910842082,0.8018520339052946,0.7048795954531557,0.8130592694471417,0.795475077769218,0.7571872952457851,0.739977775234503,0.7730094063983192,0.7615191903935467,0.7711245356423535,0.7903804948037063,0.8795236863345457,0.7693491069215725,0.785958297362101,0.7815955072084427,0.7069153311193607,0.8023310187115098,0.7183120631460564,0.7886760079533439,0.8138492061532246,0.8050906099983087,0.7204061990698344,0.7338166147754669,0.672502211531044,0.8997736012554236,0.8750473765053599,0.7854853448736603,0.8328074846363466,0.7958488780413865,0.7817124630435123,0.7495234939116932,0.8305107665872389,0.7514455058150478,0.8315337091133717,0.7377503125398208,0.6431823012125635,0.6803259649835754,0.8170203237808397,0.8165699902094219,0.8052456250315635,0.773593501325978,0.6979097059154022,0.6440837852553479,0.7868704801950982,0.8184273248485904,0.6989622183923061,0.757198139480629,0.8314145463582923,0.7699384874159811,0.7439650882236098,0.6533318230831494,0.6296026609936055,0.6900241001170385,0.8470103326952397,0.7056477236918275,0.6137147510095646,0.7186384016002252,0.7071119427150785,0.7792540442841701,0.7755528817639529,0.7424634436145184,0.7959355883649116,0.7929766828860583,0.7531323519190263,0.7033936471533985,0.6314470979057171,0.7023179134010087,0.8486929887847419,0.63266371462677,0.5890464273835693,0.5802625360582997,0.8305215681423493,0.7533276724236683,0.6450403341405326,0.7695995761179527,0.7547708208671534,0.7346594299072492,0.7784678251716096,0.6402772192182118,0.7150459650301926,0.9191600401731422,0.8168604686223296,0.8352261254645174,0.6664536467442934,0.8514052326588136,0.7754936530369703,0.6208105608634673,0.6860633430471886,0.9179282596466282,0.6607851015457882,0.7855143921060344,0.6720364381723685,0.7506932457089787,0.7262239201326092,0.7739840052827721,0.6477674885298587,0.6206848933965129,0.7123378891019776,0.6755614338060707,0.7346826088690882,0.7795021436827965,0.8821647396709003,0.6909100584370426,0.7646547764340179,0.6759094102765844,0.7390014410152282,0.6555096011464882,0.833075931740255,0.7079771543961504,0.7910381796407693,0.9141557299498752,0.679771344355773,0.7194086130392058,0.71651504290749,0.8352371448116847,0.7130730483493805,0.6926719380101056,0.7704981973460954,0.7108072114576981,0.7306742198434634,0.7275128480929468,0.6919592310211008,0.7006549010157485,0.8879132914237323,0.7940001539105835,0.6864841756798901,0.7051657126400311,0.8490658462420247,0.7893136261886811,0.7925795443352419,0.6751573747798749,0.8531608538169647,0.8069687508688671,0.8794105105208104,0.8393572495486783,0.7906452152502312,0.8606780890331004,0.5749187722724073,0.7529882834651264,0.6851374799413733,0.8091503571708019,0.6796613900173242,0.8761019424951244,0.7414794297840154,0.7333476472103494,0.750633355241935,0.7274796770876798,0.6851218895602916,0.8167202873244404,0.7021892577887701,0.5608571428427359,0.7878554881556727,0.7704599844909494,0.9185421689054367
0.8480827175013674,0.9122506988658318,0.8781023895033199,0.8213586564769984,0.6695138887998295,0.0,0.713247311139614,0.8901152834545764,0.7692353592919707,0.9016204206875752,0.7661453003102461,0.744442524813904,0.8986653732168907,0.8095028449678913,0.7754654289595981,0.8211955158829478,0.8293449058046213,0.8330120838669836,0.8342423423755144,0.7775497719199291,0.8413955669718787,0.8162346020402913,0.672516534187379,0.7444234176373019,0.8390365521440643,0.6601716693446831,0.695282259000942,0.7960956456378537,0.8371196820746728,0.7658414435192239,0.7714991060434414,0.8692384053806296,0.8699227427823878,0.6661666853219388,0.7590002136703132,0.7531708563809806,0.8071628131286614,0.7835615316692454,0.6652681897100484,0.803384091717946,0.8076296158112796,0.7668547957088728,0.778624982195163,0.7664691900216097,0.785175978576452,0.8040421938968567,0.7849040128949841,0.7643655657776808,0.731698191772765,0.780251348470242,0.848188592536794,0.8566494072261531,0.8127226586240475,0.8635119343577013,0.7767856831350157,0.8916482856108692,0.8169935737635723,0.8139029732203686,0.8085922852067579,0.8157547006607776,0.9231386905104445,0.8020800515023256,0.8859725602234506,0.6322087431140695,0.7694489198994173,0.81606521200008,0.7466058432247338,0.839635029768893,0.7773877798825714,0.8788307570939312,0.8175295876983381,0.7441996764681569,0.7651530952059351,0.8743706600059298,0.9002760950383399,0.8038831959704326,0.7186554882561346,0.7311694014421619,0.7521463574888402,0.8066600732607773,0.8798032131434174,0.7893351548670934,0.8869906276843958,0.8677933103079922,0.7822552317822067,0.8274413650736268,0.8039364130340767,0.7836688524145883,0.8544630705578607,0.7063332445073204,0.7679995721565864,0.7684338195400826,0.8088300242406391,0.8179382882276711,0.8115273224947499,0.813764524879204,0.7952427486077905,0.7519237123883146,0.6290506662326686,0.8637679464971686,0.7136899734140632,0.7510901461409057,0.6886706481803032,0.7902935969635108,0.8430764427790632,0.7870994956451677,0.8258071384240905,0.7560759129470815,0.8143130019737828,0.7937484635281925,0.7314679839536753,0.6506331717645822,0.9148784644170783,0.7101130857534034,0.8305994274143794,0.8576412893102876,0.8555992199597291,0.7228803654948841,0.8285983217865129,0.753554085808218,0.6716758049772209,0.8072063396228936,0.7257702702737671,0.8581279238770438,0.7044983050592516,0.8668528548172192,0.7972096226709173,0.7371208962869705,0.8111777633315161,0.7622996882289456,0.838955992146961,0.8801356748685439,0.7592655115852303,0.7046285753952762,0.7200689089902206,0.7263469912589042,0.7765778182487674,0.7213406778786596,0.7081509635726561,0.7619649968971998,0.8764926650698422,0.8027926574509211,0.8402630294807462,0.7134463442941158,0.7117225702644262,0.6696629954051069,0.7458504160873107,0.839671023110288,0.8096326903138958,0.635981286040198,0.7543836580664454,0.859008397879614,0.7294680067587159,0.7582930682864965,0.8155873808609909,0.8045721887813678,0.79147274364143,0.9064535158895435,0.7889301081660678,0.7788847166141049,0.8133707806611016,0.8389475820717988,0.8726130108486841,0.7330215256312625
0.785301178940653,0.7970461295670388,0.6586870126739645,0.8551604711064074,0.8074702270205916,0.713247311139614,0.0,0.6942876963100826,0.7192305408252677,0.7705102542452815,0.8182206283792701,0.8572954625540067,0.7400755192652838,0.747855638416255,0.8273413367692712,0.7325216606556642,0.7154905922876482,0.7347324595210143,0.8266433883239686,0.7168085436754359,0.767522514693748,0.7553305995696052,0.8335066315381073,0.8399385007160743,0.8334514655882719,0.6913017428211046,0.7715677942767958,0.7504059695360773,0.8144888900440005,0.7837124719478032,0.8415547562167072,0.8054379547304595,0.7933300050205934,0.7713131047515998,0.810365758924977,0.7773932430497953,0.847872977106881,0.6856396919034387,0.826696538519764,0.8477120904493678,0.7160547095304693,0.7272297562697472,0.7393364922322122,0.8459823687294759,0.7625397277267584,0.7013552623951609,0.6674377248140632,0.806710767044013,0.904527359614688,0.7281062609128,0.8566842158622933,0.6834696920325949,0.6587765284330396,0.8467077759816124,0.9092246118397308,0.7164868759066426,0.76747878430526,0.7574603579501488,0.8072497196518059,0.7828877122836713,0.7228074410119669,0.6351689376224767,0.6605013136702843,0.6636091227432256,0.702191020772917,0.6586591745541885,0.8299048229290739,0.724741233382038,0.659797681558045,0.7328931810691892,0.7137978155341395,0.7623341674227802,0.7118056797696545,0.8089590719960326,0.6584324277946462,0.7414640718002249,0.8349269823228763,0.9383158644703752,0.6336215641287998,0.7230530571241537,0.600640287079221,0.7797741085296658,0.7884228458773004,0.6120424762439735,0.7458345313947137,0.6694685703686625,0.7363896976439979,0.8205140619829044,0.730640553499236,0.7408945987800439,0.7961279352106448,0.8914034053090296,0.8486710533190173,0.7512168941979268,0.7851441572694062,0.8011458552481368,0.6134551917816847,0.6806946914945214,0.7259562372960139,0.7746928906566711,0.8562980009648847,0.7499416119982079,0.7842483235481692,0.7212844579759817,0.7176297949409812,0.6497694146658449,0.6746422703110998,0.6735262457693649,0.7346754829166429,0.8095566940109435,0.9144655574611043,0.7394239186037482,0.7463457962382883,0.6891009102850906,0.6865760099860976,0.719869573384857,0.7135817456970185,0.8570873326813543,0.7036948021200367,0.6726866533593633,0.7580581445579929,0.6671444392384273,0.6800383224024792,0.8540947099968695,0.728420512727285,0.8203683564032611,0.6824040762580701,0.8184243476804726,0.7076810823397912,0.6912533859157564,0.6422844591266486,0.6189620393796843,0.7466692573233641,0.7405925348021597,0.743720732601601,0.6570174159297975,0.7129821611181142,0.8155012483274517,0.7215667626845262,0.8221393574561501,0.7240775185777346,0.7759197214180211,0.8719310352880141,0.7066189668518784,0.8109696466520897,0.7625242220996641,0.7193722910665569,0.6612953071193448,0.7088106899866882,0.548873653128862,0.8396040778920756,0.7303241736328078,0.7744245158514519,0.7367619287175471,0.7672931852457261,0.7877416784742622,0.8278980387797797,0.793785041639885,0.897610040068887,0.8548214716834376,0.5984075588193845,0.7953812490168228,0.7475342409781381,0.8151746055905611
0.8606594041774285,0.8475302285404313,0.8870395957066033,0.805042665792272,0.7010835148700763,0.8901152834545764,0.6942876963100826,0.0,0.7838924781700393,0.8458658610318921,0.8049143032664834,0.797575249993262,0.9123182872209887,0.7802807131364946,0.7867501754731083,0.8954237746737377,0.8595433887929497,0.8533226404157758,0.8538868443642101,0.8431674332522294,0.8854168768551317,0.8134202126546405,0.731571854725638,0.7856744377250138,0.8676150720939363,0.75955191907785,0.7653605546324498,0.8308564496815339,0.7797956936834369,0.8027818249477585,0.8124446538896397,0.8698199857236091,0.8254250974075696,0.7345264104030228,0.7831957337151056,0.819523182921255,0.8553385379935776,0.8642142846456536,0.7201326988456033,0.8299728948231957,0.8181371551345119,0.7478117800572622,0.8670489771317809,0.7657894431560727,0.8979533693091601,0.8480109084352296,0.7807210622530709,0.8034471169475987,0.7694262187371722,0.8351965614784,0.8572088035694558,0.8527176021180091,0.7467621081412296,0.8427692713472049,0.8092584225324916,0.7965727521133977,0.8572593639347077,0.8824417708180742,0.7952630906336186,0.857821260792581,0.9143077580667434,0.7861282647963922,0.895907992492402,0.6955417210612732,0.7549590575634386,0.8237990751645625,0.7710757005485359,0.812833740500088,0.8361073680108413,0.9514895247031797,0.8275128255642,0.7742133981854733,0.7736296772112659,0.9052360919289785,0.8986648756586303,0.7669098187382395,0.7677748178229012,0.7457426486680325,0.8403423661855475,0.7168755486902786,0.7807279294265196,0.7985689409604363,0.8417845175486036,0.8952334338235708,0.8440334835866659,0.9005153853380681,0.8845260362369136,0.8114278267900797,0.8645233471769258,0.7393780634773063,0.8112807084029205,0.7407912759769909,0.8195033626574433,0.7989638027310171,0.776473040293398,0.7839959524773644,0.7905152498218833,0.7784426244094106,0.6418320983593988,0.8621347411862045,0.7251057433187678,0.8690153150915089,0.7408943403015269,0.8045360769552432,0.8821030646741004,0.8715201052989763,0.8745994273968867,0.8033608897693942,0.8228447281563934,0.7925131335953357,0.7459344632237697,0.7372354512268324,0.8421470619600245,0.7638619474618197,0.8571042701115504,0.8766597352380823,0.8236620417010991,0.7770263907497699,0.8013531369489272,0.7417139519224183,0.7272406797677807,0.8828341254041218,0.756955722780653,0.8299204030128091,0.6742403946176255,0.8602357644053018,0.7803728576851761,0.852759496143229,0.8452201698355226,0.798371444605907,0.8241894991957487,0.8938329877297169,0.809195593996279,0.7045276905246031,0.7827129789279182,0.6997316490312263,0.8242374291941436,0.7713825444561248,0.8191468415397019,0.8395862828109053,0.8035913829984512,0.8050199493452742,0.8040631885648789,0.7304588490294072,0.7688501876402272,0.7400184236648023,0.7780308287048747,0.7784314891285761,0.859760186220984,0.6825613746457586,0.8214376803681328,0.7736188664564023,0.7917082986204396,0.8007361734159736,0.8614798522065126,0.8609724735261631,0.7979095563574732,0.8924455056554635,0.7398329043481622,0.7645914253570766,0.7404117167444277,0.7953533145126331,0.8772740774909172,0.7625902797683958
0.872195846495143,0.84241186629695,0.7882457021383589,0.7257553468204239,0.8647339099315745,0.7692353592919707,0.7192305408252677,0.7838924781700393,0.0,0.7302491925776285,0.8143572706079826,0.7156926564300854,0.7806305604981373,0.8798611251950594,0.8230292167144053,0.7675136302183422,0.7537154266885285,0.8479106125408791,0.7579274291694676,0.8011457213537588,0.7727687062117314,0.9345774261876612,0.6723619890838602,0.7332715860675912,0.7581399778818152,0.6292886799472698,0.7611797880188598,0.7208345398097845,0.7740093827935636,0.8397652156392647,0.816836071255361,0.7588290977965914,0.7717151105795893,0.5987137014989076,0.8634412205629651,0.7960696942223003,0.787076010061544,0.8708307601876337,0.7388691734753026,0.7523271109095825,0.7588042511872544,0.8268036268388593,0.7624789607533006,0.7689062796201266,0.7267533209559099,0.6965390971609391,0.7234079385032599,0.764748373021035,0.7431078738586078,0.8375160068157409,0.7902306173572524,0.7292442873139362,0.7577127397357011,0.7795348668776109,0.7547366041998991,0.7932197570296233,0.7973505130369329,0.8071887342170193,0.7843795192616364,0.7827495612511747,0.7485500958174847,0.7362168104188689,0.7776409389841469,0.7512159623029332,0.7875065781724229,0.6929841212019463,0.7148916488814508,0.809682941004839,0.8181115402719736,0.8594087367075147,0.8404528130427797,0.8128422608700765,0.7822389311009421,0.7764146250277759,0.8120239993260565,0.6999285865032255,0.6773942146254748,0.7363353995913555,0.6654730898407226,0.6444700187188246,0.6838899474387524,0.8850170541483902,0.8663050942261884,0.7358755663395761,0.7425610417647339,0.8142852727482981,0.7722219606563658,0.8084840832428585,0.706973049506883,0.7603414998380292,0.8670708237467376,0.783146719380716,0.8365855215562887,0.7328402162556492,0.8916763661662112,0.7792436455387438,0.7370454487112372,0.6451589865990802,0.826327043438793,0.6956774039631042,0.7757450069901642,0.6836031447895461,0.6526141370858397,0.6956141287855387,0.8438849985167943,0.6832462511959743,0.6625564354283002,0.6867939905465995,0.7148973622488225,0.7091206041265351,0.6824237737034499,0.7624984715177923,0.757277972115488,0.7731181711649328,0.7363098704195596,0.7873375293718817,0.7073410040826845,0.7746711405759124,0.6689427499667173,0.807476139886615,0.8607403228286223,0.7394330573387873,0.6880662235396595,0.7595210320458721,0.8745082969669427,0.730084247285513,0.7370762360120403,0.7495466058272916,0.6739905896084892,0.7937129936163828,0.8438677666012503,0.8038819473096923,0.7631430871959852,0.8800933043105016,0.7704355635199736,0.7717688329456702,0.739735218420708,0.7921830179954903,0.7254082670202643,0.8021857912989515,0.7553508995429662,0.8602206831004088,0.8427409388305025,0.853978956516751,0.7526144117522028,0.6886677383192913,0.9054861370439681,0.6678934187366257,0.7466691823249579,0.654493621482597,0.7853345819071107,0.7667997990590046,0.8399186191427614,0.73471243040376,0.6945301710473785,0.8137631446481609,0.7601758331157387,0.7085430628042491,0.8003325354830975,0.7041451278245817,0.6414852571327629,0.8348397247718881,0.8397679316254679,0.8741521370846531
0.8342526509483756,0.9077808869764357,0.8756949558584495,0.7873465702450322,0.6982624325275678,0.9016204206875752,0.7705102542452815,0.8458658610318921,0.7302491925776285,0.0,0.7948222917615742,0.7872176081637674,0.9019001157534764,0.8238301303022115,0.7644512066128936,0.8702698787690976,0.8596736906128413,0.8410542489606941,0.8441906393333956,0.7903685152928676,0.8301990809898459,0.8018812067480021,0.761621015983422,0.7688446628868916,0.8938974155586866,0.6674392656545937,0.7731423939277902,0.8370748723134339,0.9241707991240892,0.8174059749903018,0.769939681591004,0.9162139671662451,0.8071461225089764,0.7187902157731283,0.7679752062454127,0.7704692943402714,0.8263146063465092,0.7827139881498839,0.6779643756132103,0.8527487266180276,0.7748154635034549,0.771098587343438,0.7926544226364083,0.7535240742067378,0.8110277601552832,0.8061559084443138,0.7967448831760188,0.7750727688827197,0.8124176151644505,0.778632401711323,0.8381696032337133,0.7910055012232768,0.7688637642331558,0.827655730706794,0.8292616108438751,0.8426134082008936,0.8132604638041013,0.8158923346239297,0.8570587147958918,0.8387448688620431,0.8493836650844098,0.7567069439290292,0.8086820411025437,0.6831608874043932,0.7321026404677896,0.7740705449789058,0.7429605855010435,0.8003012035521754,0.8098800524668865,0.8478963490183494,0.7508424771193188,0.7743160403795484,0.7431411736118659,0.8808669979674182,0.8593362144330412,0.8115452502331504,0.7586660007905309,0.8163326255399069,0.7312044274708732,0.7830030037179643,0.7958405698959651,0.7189503984352216,0.8720620997815393,0.8171386290109005,0.7801818877716519,0.7951390544458733,0.7597569922143633,0.8128903318329961,0.8710121782643622,0.6698231674806365,0.7756750685019425,0.7583429302890538,0.8530641287621998,0.7992625460772653,0.775585634632769,0.8049430461559821,0.7026879459306864,0.7533425182075058,0.6392662230813816,0.860639091939727,0.7411660570974605,0.7655638468728718,0.6975858741495473,0.808050647054848,0.8050286736082006,0.7917690636879768,0.8211007354215516,0.8012959431133972,0.8354284354474072,0.8213568764824634,0.7584063343540467,0.6649645045936272,0.8344201204442643,0.7434793344450089,0.8008034170251627,0.8442083633474645,0.856425374248204,0.8169650435807214,0.8217645264974313,0.7321724243444842,0.6872643044602754,0.728755068723066,0.7256709842354976,0.8500133226278647,0.6745429489858231,0.8916457801114983,0.7652936246023485,0.7674486299082978,0.8462493285909599,0.7644738517572172,0.8386755996706682,0.8079042250424154,0.752089385592982,0.6460740197670971,0.7114864777560166,0.6966774430939868,0.8044338882436012,0.7462766021684233,0.7695913702526809,0.7872400662492631,0.8132627659375281,0.8504968356733338,0.8283455029932568,0.6965626437638343,0.7450591301429139,0.7084165149939798,0.6962255955238785,0.8286428194086425,0.8693911267805017,0.6718055710256635,0.7381734147767539,0.8423581490424957,0.7569428665007107,0.8448975907573513,0.8227157612556014,0.7766229329370631,0.8145230310653692,0.8931670601266715,0.7787601266817101,0.815963798440173,0.7898085014911005,0.821060181915274,0.8497900983758028,0.7228558479887606
0.8443062053440835,0.812317048757071,0.794078085646588,0.847648415279322,0.8677116910842082,0.7661453003102461,0.8182206283792701,0.8049143032664834,0.8143572706079826,0.7948222917615742,0.0,0.8898200219187572,0.8258064592822499,0.8185789100482903,0.749592098745494,0.8994072105854394,0.8500887241776179,0.7971952263302743,0.857001889778661,0.8187020674745651,0.8533279871634559,0.8663454645229317,0.8559042807244489,0.831502563819849,0.8950178765666307,0.7514674833883266,0.9100755079240637,0.8699447072254411,0.8565004612734403,0.8853213379239532,0.7949065271437594,0.8310856149300085,0.73419010783617,0.78042513426844,0.8634477087382092,0.8329034938560224,0.8905093372687242,0.8505132465770014,0.8049687069367137,0.8540373880229507,0.7197476331804799,0.8776863236648657,0.7675461006172505,0.8123083229794829,0.8132083354131269,0.6896831077014997,0.6473045943469676,0.8724810277916897,0.8914276126022268,0.7769019027988002,0.8128308276141117,0.7243279598924082,0.6417344900386153,0.8314473817152819,0.8968966972246991,0.7293743480112909,0.8153468930167825,0.9299567380828956,0.7855981173830132,0.7931893363841803,0.7865638751307649,0.6258205973830823,0.7239177298216691,0.7798444866468714,0.6695053008151514,0.6597895761724398,0.8157494949469971,0.7032847265209199,0.8000786555361439,0.8841705358278725,0.7173266787875625,0.770803522604791,0.8601215887518998,0.8601358587069502,0.7937012471660446,0.679129616635631,0.8442822313531022,0.8995828032038667,0.6707876073769117,0.6933243940888407,0.6148187323142011,0.7684425781501811,0.7793873264375506,0.7234465948666464,0.8409830325672716,0.7838886589353586,0.876937027646295,0.7809616289987089,0.7265813393616546,0.7444639290876116,0.9008474646307234,0.7522690161268433,0.8515208688107272,0.7277287714442187,0.8289324759031209,0.773944014453824,0.6264837795712564,0.717761541076265,0.7628918772587928,0.7418932422634072,0.8085344881839536,0.7888454894425873,0.7417829605972687,0.7254498987305955,0.7808829792059641,0.7038811232203402,0.7022640024843843,0.8191342396141625,0.6923220045770359,0.8319822590975173,0.868914467586944,0.8337642232811916,0.7912669646782873,0.9036918164729129,0.7112554032802337,0.8317330849336636,0.7205284532786315,0.8905376546391793,0.790639047914947,0.809577697220686,0.8289475482295209,0.7198222687145557,0.7842766717923042,0.7775508137920819,0.7642958007503903,0.7903752460645282,0.7125396739122482,0.8312717755805779,0.7915469940231221,0.6953639024236234,0.779360229977039,0.7680438581139307,0.8679046903960511,0.839241687388198,0.8186393300541361,0.634879054767842,0.7459025570629202,0.7923587788767241,0.8418044641744942,0.8176701547702875,0.688515765033232,0.9117059067741018,0.8195868034681497,0.8044618902133838,0.8775142224547818,0.7766433229441781,0.7644816265990816,0.6222923732669148,0.8079480848127231,0.74785703109634,0.8638793985823628,0.699344151564999,0.9242796746990207,0.7252082600787704,0.8094275889579151,0.810108368540929,0.8784174328985808,0.803152500459032,0.8272714830573042,0.8275923207096644,0.5807051060885342,0.8182663620050733,0.7559792245967232,0.9409529269809243
0.7844598789752542,0.8013614806676507,0.7361779603561973,0.8658320731338404,0.8018520339052946,0.744442524813904,0.8572954625540067,0.797575249993262,0.7156926564300854,0.7872176081637674,0.8898200219187572,0.0,0.7593060136739717,0.6879518753985018,0.7754692620925863,0.8275020936002214,0.7857476009797264,0.7287393162150543,0.9006011040260001,0.784928024178916,0.8687311769833345,0.7683976029906423,0.8817870513849954,0.8967952294099809,0.9168350575585751,0.7798774157314393,0.803431143433852,0.8181451099696716,0.8207106811703706,0.8088761376577225,0.8438139452823662,0.797288912663964,0.7671625357642531,0.8724060833051374,0.8211654480946737,0.8389680815381716,0.8646563661485521,0.7588407062248302,0.858370732704757,0.8411506313109316,0.7611736016262537,0.76773078230767,0.7794127052214095,0.8549967570769545,0.8527551155944072,0.7130836469079846,0.6599996315504604,0.8699380685872882,0.8892427447787316,0.7381905531805437,0.8123842662621238,0.7375825784000982,0.6115088666816159,0.8597271906419015,0.909391816367886,0.7116751962307986,0.7909705028207792,0.8852627754107255,0.7443715071582319,0.7755951560937777,0.7501377602935817,0.5915128089264626,0.6946921231472774,0.7164553498580729,0.6546083071329176,0.6586879702905598,0.7844415234615718,0.6664294145767786,0.6927470980514995,0.8014030421168639,0.6888914337136367,0.7295098884772765,0.7359104378598909,0.8211580214810071,0.7108855151476107,0.6843866624231459,0.8111234845135855,0.9062695690834829,0.7091372976443434,0.6807829046159942,0.6039926931653806,0.7516852306547698,0.7571121898695504,0.678838856565343,0.8179701130754355,0.7670780013129871,0.82010409638998,0.7389403471282127,0.7303648934893303,0.7728241464633692,0.809810135259261,0.810894053458494,0.815560998130683,0.7229726314954324,0.7226268943675583,0.8122787524963077,0.6193015849259562,0.7949890035138506,0.6862097924041218,0.7597606952893602,0.7876581252001417,0.8018293473182675,0.8122953492978194,0.8123283325674853,0.7323765087881203,0.7170128334278076,0.7208242996346433,0.8034747139841215,0.7139376830307234,0.8797194139598798,0.9450376717499891,0.8046334903870026,0.7267537893708296,0.7507358055837374,0.7063529915669714,0.7792922466470082,0.7300897572458209,0.8680318964075638,0.7901465769645619,0.6881751251252359,0.7598523687591252,0.7081034416303568,0.7731417089334686,0.8055524827952191,0.685390786871912,0.8469185353543442,0.6494229203708799,0.8748440374289158,0.8325132690338922,0.6693201125739218,0.6893728314879316,0.6824202342889234,0.7589218328753818,0.7618930395562403,0.8294001459305825,0.6133177267203886,0.7721214406921774,0.8055542191558475,0.8392506729440439,0.8482731803094158,0.6891568120369418,0.7809166073280214,0.7927596804821319,0.7175896783414946,0.8834301390041052,0.8077989977130446,0.7539678012348945,0.6290587836775889,0.819420326616544,0.6671481180969465,0.8868150125285501,0.6849186823977825,0.8364725192767368,0.739632540390036,0.9109947185063366,0.8024312078243899,0.8215826015948469,0.852719984116144,0.8015942224645598,0.7767912944852985,0.5781387266533379,0.7788531473555526,0.7724420796943012,0.8482430139878925
