0,1,2,3,4,5,6,7,8,9,10,11,12,13,14,15,16,17,18,19,20,21,22,23,24,25,26,27,28,29,30,31,32,33,34,35,36,37,38,39,40,41,42,43,44,45,46,47,48,49,50,51,52,53,54,55,56,57,58,59,60,61,62,63,64,65,66,67,68,69,70,71,72,73,74,75,76,77,78,79,80,81,82,83,84,85,86,87,88,89,90,91,92,93,94,95,96,97,98,99,100,101,102,103,104,105,106,107,108,109,110,111,112,113,114,115,116,117,118,119,120,121,122,123,124,125,126,127,128,129,130,131,132,133,134,135,136,137,138,139,140,141,142,143,144,145,146,147,148,149,150,151,152,153,154,155,156,157,158,159,160,161,162,163
0.0,0.31535015924796994,0.2577349734734262,0.24765705790902842,0.2529617779388244,0.3012487546777888,0.27700654494133287,0.3061660744541981,0.3612933364716127,0.2740598303375658,0.318845642303425,0.2471297409885111,0.4155808921331399,0.30336758474513276,0.3153271263495403,0.3069047649489971,0.3171420517402974,0.41295540256102703,0.2683931713297208,0.41891847399931675,0.29745026925083845,0.3036376483631743,0.2807021312234118,0.2909827119012719,0.36846296111857535,0.27217618766658425,0.23537556847312616,0.32555697058262734,0.23780316729786588,0.2447175146855137,0.3382645664084498,0.34900660666337996,0.2603848903495973,0.3297504419819774,0.3963237905632875,0.27666729859102895,0.36908827354967305,0.3251223243557867,0.24811339943781127,0.33185208747171097,0.2534615112205568,0.33511715646481743,0.3076175489503113,0.31577505095319525,0.3364749053718269,0.35685475661266725,0.25986587029031893,0.2743752912984117,0.3575242025978504,0.31491434679128955,0.3298606805043321,0.30669230950299026,0.26688098109331154,0.2475553839923955,0.27430371263330383,0.36299049826986185,0.37706132987865515,0.2781020049566926,0.30146333766775746,0.31374952303764453,0.29282990012088334,0.2712520857684034,0.2997903065637271,0.24518189131056442,0.2984587510711632,0.32936602333772913,0.35608425684581285,0.3438762373423198,0.26206142391052756,0.3601208238738861,0.4351269110987905,0.293367664149361,0.3488400483241531,0.3249088151578906,0.32852566632749536,0.3471305390913376,0.25947299909574856,0.2506321477070267,0.33807432790326203,0.25518793434957815,0.3296298803035333,0.34400102147996947,0.30794355815658875,0.3396028848837672,0.32586866656985664,0.39716970852014777,0.33439131997714666,0.30921275036640816,0.3460405346054497,0.3413071566600847,0.32599589176497834,0.3099090479786696,0.30568145266763436,0.3542853110959259,0.33687926097286713,0.2712515962441865,0.22320546700978616,0.2962017079743197,0.2649626429185994,0.3723876495542818,0.30051507086213547,0.2692597841106089,0.248471880138492,0.22739247741525687,0.3541428788889841,0.3329732692299048,0.2665331160437433,0.34957028885502006,0.30581627352108476,0.2893942146692635,0.2817016634872824,0.3290096208086323,0.3751591294090101,0.2681464490745462,0.36156435091729766,0.34516184466556016,0.35718650922278544,0.27545943749672164,0.2544501879681509,0.28434615344248637,0.2972921661766263,0.24993692511318544,0.3695511737972729,0.3866894720313969,0.31926739741701976,0.2707814758485281,0.2658741175854104,0.2573791796949767,0.27944652811872145,0.295147323290749,0.27938345044791185,0.26907263994438896,0.2864664859106928,0.3456840632384357,0.2844305780695765,0.3121688527966751,0.3245328795238715,0.3180978028247544,0.29146813146859096,0.3257034508890143,0.2476033147188858,0.3036754079334242,0.3470475796668467,0.26360161932155446,0.3271355427010294,0.3352920295844616,0.30148967176495345,0.2646885597043585,0.33156123995674897,0.22171117177087987,0.4007567036277166,0.28463379618877177,0.26515030782510923,0.2180971804488053,0.3213507149528256,0.4141506617156319,0.29589405420109355,0.30481112138524347,0.2885844129397135,0.33284442940610204,0.2636549878775889,0.38731109902205707,0.24406653400617284,0.4430998272932613
0.31535015924796994,0.0,0.3379002790991742,0.28076769578410904,0.22844659157474423,0.3461320422638087,0.2853472110813316,0.37458576568590474,0.27204103969466376,0.38396114441921075,0.3189855915665605,0.33381154040728656,0.31191873612797927,0.2879783255025929,0.3311348318675404,0.2872523250321413,0.3190756968080027,0.2939093698988151,0.32324050380077995,0.3228666640105811,0.3193029496804046,0.4292340016724979,0.28783179741731996,0.33287269581773504,0.37772625669565596,0.23875129513513715,0.22679143687505637,0.33921342734991666,0.2980349261385468,0.21705104904983566,0.33320815003127496,0.3147240450065118,0.30417160181419434,0.3096818885501996,0.31045457771909457,0.31269565006768446,0.277422329863154,0.27409269066420716,0.3017966818168027,0.31574270786531444,0.31278635061999815,0.33925532060527624,0.2422081694333136,0.270419812495164,0.38126445943263404,0.28109423382640053,0.24276551804523597,0.2558835211923612,0.3190128356490207,0.27532657536551824,0.2969452454437565,0.2857353635698337,0.2688986039730102,0.34700396308154396,0.3088243144046378,0.3060741108643475,0.30219827432468066,0.273705330112723,0.3138322955591723,0.3116194494551659,0.32721864234645487,0.20994971947438698,0.2712092515712357,0.233069298990356,0.2560141827588938,0.27675432948650136,0.2830432506344261,0.2626249333616832,0.2490425016473309,0.32549783562530143,0.291577627717549,0.25355755024589066,0.2526550831538035,0.34577392844227334,0.34797527775307235,0.2460183264334205,0.25583705494127235,0.26948388864366996,0.26537772426587586,0.1950967502463326,0.27277604677139067,0.2991999616488099,0.3285360234377857,0.27965466995067984,0.26428231402259306,0.4003780209477952,0.2526168760772066,0.22829322167619173,0.268258832143871,0.2980332703537767,0.242062299727948,0.27681530694584744,0.28887557148526577,0.284898414498153,0.29004919253896566,0.3215890358850174,0.23685886103921194,0.3099135200686161,0.21326449861211122,0.339107189042849,0.2587371295733732,0.2492341610830441,0.20376088009205184,0.26122364483447846,0.26207347188660324,0.2688500342954111,0.26709644255090176,0.4040085088488531,0.28692328765959874,0.3688967181508897,0.3042018522214737,0.24114242409472408,0.279348529092341,0.22677100035583236,0.2970521118191544,0.37413469193353144,0.3081659526893682,0.25033159449985903,0.30852049527575864,0.23747338810646654,0.24098572453094175,0.2175648979026564,0.282239628243881,0.33108817311669536,0.23015677171968074,0.33920893184378403,0.25046843359377247,0.2960146857742498,0.37764093041680874,0.26051383505722514,0.2804603802093649,0.2734178873862401,0.21539292401489357,0.31768576531105563,0.3103104549916714,0.24396103605775635,0.2793958544694523,0.28913116234203123,0.31639401986254034,0.2642104638492355,0.2536007204781385,0.29092854103986904,0.3419503281838158,0.26352536901545087,0.2924358310347474,0.26930106227311873,0.3216178012526749,0.2726643209650128,0.38137150134402675,0.2347361569620353,0.2848422374086542,0.2885693727287626,0.2638486946949195,0.2742507938600458,0.32218991518110385,0.3103415134103731,0.2828565844974118,0.32695884427764504,0.2393418941758724,0.24089973987309446,0.27984087571413946,0.28077954103662534,0.21541155301798892,0.296316567720399
0.2577349734734262,0.3379002790991742,0.0,0.23534624571652557,0.2477525814403285,0.311708734988359,0.24158282098746997,0.3059171889211809,0.2397543918938596,0.32724280466843975,0.30968694778588407,0.3048136061485158,0.2985797159652241,0.23392423855584574,0.27568920840180455,0.37148231040437035,0.35593043762785675,0.26395990176502615,0.24348414928970966,0.25206902174720147,0.3364856913587266,0.4304404147262813,0.22482298110012852,0.2915893547680544,0.26784213713298916,0.2663228301936683,0.2116161031349698,0.2804139505486938,0.26018678105374565,0.23509989381278562,0.24990873393754703,0.3004173673203699,0.2435400582597255,0.25482311143149666,0.22833549688474913,0.2620815829404729,0.25753901882226937,0.25761021405546775,0.28579945987791033,0.28861743708749543,0.2598546652893119,0.295480936886569,0.25132662536038136,0.2477961206752284,0.31397039840582297,0.2639544671373279,0.25290994826736823,0.2658724064494933,0.2677999705737124,0.2582972614933041,0.2818701806937571,0.2905628546224911,0.21180067788378026,0.295548147586648,0.2834918563358186,0.23481459044607492,0.2627125028922591,0.3020770803002301,0.25222540967894164,0.25865427463663476,0.26453387326211475,0.20921128820662946,0.288247803218131,0.21586026032952715,0.21734640915206038,0.2349450158684121,0.2401665053705206,0.27828561414311537,0.2479756472850274,0.2743440781404391,0.2882762034276399,0.2083321317723694,0.23205562399827864,0.36941932588433607,0.32310643275441797,0.19360279046993464,0.29265151175937093,0.2754753362367397,0.23625403036047307,0.19468993495462528,0.25734086112967197,0.25641792081518067,0.3054678209185827,0.2521897539745326,0.23644965726085648,0.3375070404422315,0.2141652690499168,0.2036598477937874,0.24261578368944853,0.2309963832778612,0.25187732450514316,0.2168309200048352,0.27434184724898153,0.2147590151758997,0.25315655166627904,0.2524491162662938,0.21200141802604278,0.2547543263802179,0.19196687855576675,0.2783098184547672,0.20531701507450387,0.24382638001439946,0.18220338184869536,0.23810772535004335,0.2376343897597495,0.31177233748817024,0.2591739967540547,0.28065435883540835,0.2596677538211661,0.3100177894340652,0.26128382206523987,0.21809254825435914,0.23233167428691956,0.2174356288831654,0.24149018698025138,0.33615007584073286,0.22851669495713628,0.279088035705926,0.283956384041101,0.2192710962153622,0.25625371942480857,0.198811009202068,0.22752759519071575,0.30429363555806177,0.18640486877875806,0.31069479651276616,0.23266586238914563,0.2966872185708946,0.32236673128997345,0.23366391751900972,0.24596289763778678,0.35518215788363894,0.18807880669547689,0.23405864295608203,0.25439417775804163,0.21283142958634715,0.23714389216476617,0.2355553600914636,0.2739278809487345,0.236069389578735,0.19658443779549098,0.25975534015942126,0.2646391712479726,0.2498807011842187,0.25525678824428283,0.21895009983013555,0.33230438645850074,0.27271360588333166,0.3293673973478494,0.22605926593041195,0.2197653639037304,0.21089133059253876,0.24276822305169846,0.27411603150086183,0.28258811384193605,0.25252773794629324,0.2565161924756309,0.3131766512450352,0.17879505762849032,0.2378080781934029,0.24597686057855164,0.19765117035400406,0.19993121163504818,0.27147200445958597
0.24765705790902842,0.28076769578410904,0.23534624571652557,0.0,0.2174470255493261,0.24526069892373256,0.3049914008776609,0.2806722053829282,0.22600493125778326,0.2357886337463566,0.2614611834325699,0.27308761818013333,0.24618201142780272,0.26549393073787014,0.31265669449980754,0.23234449654238648,0.29415401086333265,0.2823210667161638,0.29408877986435933,0.24931842826212325,0.30115285613340215,0.2554978115935197,0.2756334275670158,0.24615084801396228,0.2593240782405786,0.266047981152724,0.241223543844303,0.3002649522844356,0.22822928985208635,0.18862175538795592,0.2610535181397029,0.24669590695457727,0.42881920626194325,0.31097854914014755,0.27873228433865554,0.30804923771038123,0.23117880862292142,0.2847914144994108,0.2799958532639651,0.3193017301743366,0.3306954555920667,0.2535457809048287,0.2470314359820939,0.2752124435349514,0.293260073209036,0.28439931500581006,0.19367877255915666,0.21414692059409338,0.2774510398592709,0.2835858032357271,0.34422231620138316,0.3121451662678407,0.2757066637599131,0.3417405804853338,0.28769083102782755,0.2239617672897397,0.31660383762237315,0.27201474088105276,0.2919632470118652,0.3262862817288583,0.2869267347321314,0.23088161067390553,0.2917052550994683,0.22540844053901818,0.2787326943966788,0.2778804661723795,0.29662317894055107,0.2084799647382566,0.2503166235014654,0.26803467309173196,0.2500997932885524,0.24743152473051386,0.2631521991366872,0.3656730472707188,0.30305436359068016,0.2153077732113636,0.29292545238239415,0.2493885550197242,0.2860410633555761,0.1795710967825237,0.23191688054726622,0.33158855927921377,0.2209406306001733,0.2554980327249828,0.31470581827805416,0.2924403673759512,0.2491704116110303,0.262350586756295,0.26919270529191297,0.2351372307423309,0.2794225381519491,0.2962012660528935,0.2538971930010283,0.25860990376249743,0.3125259582624521,0.22995130743550757,0.2298305053341166,0.28893327860770524,0.2315649584077054,0.32665136936149675,0.24088730163889072,0.2654024394100047,0.29330863507325666,0.25305379329803046,0.2921333509843142,0.2574093077220814,0.28764309928074383,0.2568855990550728,0.2798902142582245,0.22406888767529173,0.31753403809324376,0.27581257078907373,0.2889242703233337,0.27038039646313683,0.3031418456696865,0.2768359750421965,0.28261790677088827,0.21089301554927734,0.2913800639947909,0.2659259707839684,0.2524428267303888,0.28178228459963267,0.2517387257278212,0.2726149887533523,0.20980818372901194,0.24967855823185536,0.2864681673791361,0.2445500416118032,0.30786479849542864,0.2795165317618259,0.21402839742352903,0.2626731139343488,0.22821830635131693,0.3096091896810368,0.2512331813234156,0.20844803669460601,0.18493654269422913,0.3013431458565297,0.2760723741253017,0.26301136194419444,0.2983737430034934,0.23983963984743992,0.34827711525023825,0.28075351357291334,0.24996292769219192,0.2669376226446101,0.2663369205475335,0.2383486818493497,0.22774294606248918,0.2115656451952515,0.29665974863489614,0.27771257494008234,0.2719941767608651,0.20989575151297335,0.3101326290763879,0.25772543334077036,0.236879766556149,0.25591575954034035,0.3078767374415705,0.25104114407126976,0.2564597427466438,0.24542150674952146,0.2458655268238263,0.2649610156675751
0.2529617779388244,0.22844659157474423,0.2477525814403285,0.2174470255493261,0.0,0.2094710068689818,0.305203910948296,0.2323028405601213,0.2317013281329108,0.22624331876537868,0.26177220414543506,0.23542918621581505,0.2354205615096959,0.23055799650083608,0.281362634242241,0.2868025950546906,0.2776862001762567,0.2741944188725555,0.2102419752317661,0.22192564856824448,0.2730239631950408,0.2510740889883052,0.302190841683676,0.2426603907997853,0.2396444942349489,0.266189408567868,0.23803604398772268,0.22575952999840554,0.20898921296698902,0.2774661205666614,0.26199911373472734,0.2366698188893577,0.22964623769319206,0.2464259041426091,0.28132116870810353,0.28371372110577836,0.24990143964587574,0.26643669061216935,0.25432547911315123,0.2589094396936419,0.2669812331143373,0.26933420356039367,0.27930165641686727,0.2772109543580737,0.23579360493300963,0.25209494400111937,0.300282215705735,0.26106307052618577,0.2944092122366397,0.2686344549332037,0.2822078866692947,0.24160844197877632,0.21926658057854378,0.21981115217329744,0.24724120622426418,0.22407351953268886,0.23165342952082402,0.31882296373010494,0.23543763726227285,0.250005153359321,0.18633542081853105,0.22938794133254242,0.2415435333771154,0.24511184051312965,0.21628091666159585,0.19011280778409792,0.21543148103622253,0.24915082778764666,0.23375709230289496,0.264848439241802,0.25657645336126783,0.2299776598192019,0.20417455163844736,0.2611489063299467,0.2266623643157287,0.198921598212169,0.2489454129145805,0.37183789866944583,0.24417947164341144,0.20110009386481167,0.23896731660144455,0.25076471075538276,0.28428292428489915,0.21333767760864003,0.23688730613172254,0.2554403450881999,0.22129683399159797,0.2378864051697779,0.23286962011084797,0.2113259612641656,0.3782569531931646,0.27408645200312126,0.316667322990529,0.18919959733527192,0.24701285864225242,0.21705889423495783,0.1718469443134146,0.23380254046400212,0.23512803015111167,0.2318028969846732,0.21518199338059188,0.22179464819650757,0.23607102299993754,0.21316225548499854,0.2394763467903809,0.2778444960269346,0.22092830718444334,0.27442815414370464,0.2988937995204039,0.2239444071683671,0.2424478271939759,0.2724083972591521,0.2110899909440071,0.24831551406580904,0.2426214770525077,0.25387317648233443,0.232981352824667,0.23983718786035468,0.2109833449099292,0.24414006191211765,0.318070001582473,0.23406605299056266,0.20962045140147417,0.3103306448750725,0.2080274812055968,0.23001450540475815,0.22402204767845754,0.26951140878370955,0.23191735601444585,0.23769959850941821,0.2258783716617634,0.2374226487180457,0.18387391773095832,0.23468901403061754,0.20124165505588337,0.23004459780094075,0.22644592108332337,0.29662636810534115,0.2471037041847222,0.29768591800043287,0.18668441099059177,0.24891164510520455,0.26530078976934846,0.24999375698948678,0.26559544938416235,0.260393949108498,0.29137750358673253,0.2653827642458181,0.2355174408891256,0.21596428120943925,0.22630068388400587,0.2349509967488576,0.24637233703416916,0.25637212700371226,0.27650186697865653,0.2424583353218718,0.19433912764591335,0.2935117538390712,0.20015556692119288,0.23061608776508585,0.21707197717906399,0.2215315712154898,0.22988775592197322,0.29226228553342826
0.3012487546777888,0.3461320422638087,0.311708734988359,0.24526069892373256,0.2094710068689818,0.0,0.24882560005967888,0.29181561517552174,0.23715449192480276,0.2570396128968924,0.32862303847223384,0.3353376002006038,0.3332606768963193,0.20887146556580857,0.27983674528438196,0.2995573589465329,0.3024511643720321,0.22235224146205387,0.30530907837904375,0.2928473932315809,0.31934480581919394,0.3319879783181969,0.2045596030886123,0.276068309608625,0.32994779672851443,0.22381497102533174,0.18343778406513367,0.26704692019267445,0.23824612446692034,0.21821835636702444,0.27777346057346314,0.32828110397840016,0.2709372353662844,0.26595272412947585,0.2566267641788328,0.24720449718553267,0.29256451570599784,0.2275311341327753,0.2585464217998459,0.24225146931405755,0.2681837688822925,0.30921079732601375,0.24893497252446686,0.3167264527421404,0.2685486079165876,0.23683476655784796,0.22315226685236347,0.27957049904391273,0.23271203818933414,0.2489160268722212,0.2805929083221569,0.3266058220697816,0.21027786960976996,0.3027144970470069,0.24853818309976247,0.28073722958181613,0.2653426907690996,0.3394551218485678,0.22267803805472203,0.23379826876866705,0.3193318749757791,0.21514528836608884,0.3126576072540823,0.1894202758103702,0.222935866196751,0.2491937862652046,0.24827439147281213,0.28203716296696135,0.2068486589460734,0.27181468079033755,0.2861472266728027,0.19332629361156764,0.25600595809382704,0.2988896741104488,0.3172001027700101,0.2201778153591517,0.2512285237130792,0.23050232229240175,0.22374836389441813,0.23552908427694455,0.3248705461766518,0.2608514240327715,0.27665196117464574,0.2692930608040956,0.24035814446885267,0.2854157583482549,0.2807885231164455,0.2026920272422349,0.24253475886419532,0.24083470890348535,0.248097251131613,0.2638711241552409,0.256822347148224,0.2442561377596537,0.22704003627974992,0.3003542474507862,0.22185296306943586,0.30296200409863394,0.18812393124917626,0.263428463531122,0.21341072321850213,0.23507025661389108,0.20500553251019613,0.2267325962964529,0.24148214446509023,0.2794815746033132,0.2651169430496445,0.2970083070776489,0.23058989484748296,0.355913724805325,0.32173264832736326,0.20915214953068362,0.30961354397963975,0.21209141031497356,0.2335251164230089,0.3011602388079074,0.2748290996798141,0.21957246840307415,0.3726683616814179,0.21467601581640625,0.21778237090226157,0.21312339323048196,0.2843561389961736,0.30142098193883665,0.2288688063349258,0.2988645180914547,0.23262047485550433,0.24805357044410697,0.29268119821233746,0.20400375216624558,0.24462309987115088,0.3314416506755403,0.21086717056545132,0.2662691327000867,0.2867819110706182,0.23033754622342603,0.2719848658111701,0.21806416586457647,0.23083501268210507,0.2298043364642204,0.23602302398615702,0.2703942288493318,0.2519867510799146,0.23521675242044773,0.2646172068049636,0.24063941520869378,0.307920423375441,0.25602266986638106,0.2833379212234695,0.21566183373843428,0.2618342754236627,0.24313314192294197,0.21194505251036783,0.22284418425231403,0.3331508782192294,0.27661724627551465,0.27472137042780087,0.33084861790622827,0.2169426179164047,0.23857902781084728,0.21895555516171766,0.26337977376275784,0.19610899501519366,0.28786632388397004
0.27700654494133287,0.2853472110813316,0.24158282098746997,0.3049914008776609,0.305203910948296,0.24882560005967888,0.0,0.2626508421548648,0.24301190050731306,0.27075989244155546,0.27721639909898027,0.32994129903037506,0.2868918459232035,0.26207152490400176,0.3984028233735274,0.26529919512515154,0.28077229807449733,0.2982277920784632,0.26848603174844315,0.23038196131231084,0.2778161830449747,0.2808055274001689,0.4000822523512612,0.29496402111458436,0.3040914939043571,0.2898965096621738,0.26833084369921056,0.2620393759051466,0.26414579593360127,0.2627942500375673,0.3141393866145557,0.27910888049715554,0.3316728536401555,0.32654725049795946,0.2864372323173015,0.2755793879244393,0.30899518601978193,0.27152531875325014,0.2824512063949436,0.3430304316108519,0.3355760027512873,0.290570414695084,0.30079154006511666,0.319061865829645,0.31266599461291755,0.30132218041647785,0.2860245854097547,0.2440513033087095,0.39827889895412133,0.2530133247226738,0.3286090408717071,0.2719600442831096,0.22428202172466127,0.2893359735247073,0.32143652805011486,0.26775926941356465,0.260816612854842,0.30934904320562906,0.28607049430721987,0.27194394424133844,0.2095540894013344,0.2310935180621264,0.24722968955624408,0.24843855635075274,0.2287462297600235,0.20999681432569575,0.2679924049423594,0.2772992506987283,0.24481752308042465,0.2756414009501314,0.28582334449132285,0.24846599946757258,0.21114908754590678,0.31461855738974925,0.22630531959143613,0.24082765607072346,0.3103145363383763,0.35129721522436674,0.273493488498149,0.20238747339462343,0.2610898353515621,0.27336930966487943,0.30080344017622745,0.2260103528805754,0.25537399871748867,0.30079216075871434,0.23803713492958078,0.25908897596710717,0.28489853445413704,0.24961698095851587,0.33733055965669384,0.36837804333429136,0.31380416357105767,0.2252723826279635,0.26551030410495025,0.2953542273327044,0.18682852689554336,0.3297254042920751,0.24418851308106548,0.295178196387516,0.2520582642090368,0.26028826947986644,0.2768317751935164,0.2686957377751063,0.24864191220985615,0.31098684052415826,0.23416684948854818,0.3052581928621717,0.36336388457032526,0.26129698910204346,0.3389445789272442,0.27060350924160076,0.23263680151052754,0.2444117451103886,0.2805940515724441,0.2989785170400422,0.276083759595767,0.2693209615088996,0.2525552598730476,0.25283997115937284,0.2833790309831743,0.2479093075333756,0.22879674646965265,0.3648748233754745,0.21313003932221763,0.3210371394265708,0.22316682708632785,0.3358504630241605,0.27086557478621043,0.28366220647685336,0.23880203634333125,0.22540541434739436,0.20540855875000322,0.24091831858734675,0.21062647900541623,0.24452717961496154,0.25799521668421194,0.3513998479193973,0.2889076729159621,0.3093522521458903,0.24800964893432412,0.25758536009427335,0.29553904557724625,0.2406194087828062,0.29217212356135824,0.341449793051706,0.3021390228311495,0.3087745512681876,0.2639920852100001,0.2128465607335749,0.260848386601361,0.28631600124762707,0.246056163573586,0.2929599547119132,0.38008396976610664,0.28916398846099406,0.25539900556019357,0.35142080509589524,0.27317878016049163,0.2802519579111776,0.2623502134176921,0.24906346949455413,0.24482973193145263,0.2892700829117468
0.3061660744541981,0.37458576568590474,0.3059171889211809,0.2806722053829282,0.2323028405601213,0.29181561517552174,0.2626508421548648,0.0,0.32934744318418735,0.3342657399723465,0.2745466292133162,0.2993042011498286,0.3139542374098107,0.2708444022643937,0.32871168406245294,0.3124062196715162,0.3354363309498297,0.3092756740948159,0.2925572987357028,0.3114238858143573,0.32641436080416014,0.29961373011054243,0.2812358020555587,0.2578291918835495,0.3398901655309239,0.24410570169756984,0.2721366497640068,0.3346401575866461,0.21983257509481174,0.24249225506941652,0.40788815780786564,0.329268345250664,0.29470221613786196,0.33578782989920963,0.3028587222778248,0.34605248252779497,0.2877856899261432,0.3345850976388227,0.29497938462733586,0.3069613359432067,0.2793363906698246,0.32251652262651315,0.291241610953552,0.2533405713320928,0.4507343433514551,0.3159538185422525,0.254078784459495,0.2328688875530802,0.3132744256393844,0.28804414345894586,0.30784228766553706,0.2615271412742074,0.259706555715962,0.2761722477845955,0.2944985496830805,0.29609848173284187,0.296708738142712,0.3335090487080499,0.33547421107098707,0.3037314595217764,0.3512217755621283,0.24194898117686064,0.28986390649988325,0.26890117495072297,0.25708040052993425,0.26559511677473757,0.2990305515493165,0.26517682417428273,0.30402537775175625,0.42362317137256206,0.29825787913221163,0.27019595295831905,0.26789027160577195,0.3563471406459449,0.38354648918591366,0.2466542711312652,0.30555931032308603,0.2635499874816502,0.3332114899893046,0.1886614440061777,0.2684636034211569,0.3209015928173532,0.31758208507334507,0.31706346707529315,0.3204700094121578,0.4428223882553998,0.32836696831492224,0.27809934827780874,0.3640656295019093,0.2985192128689277,0.26331940337407317,0.3110224058805655,0.29504633581366563,0.24332502143907797,0.3339768697627499,0.27341849840448407,0.26886892620435604,0.35236996662728043,0.23966843629780987,0.3763776452910521,0.2559160039660834,0.3398106319005227,0.2404150022336003,0.2762871133520171,0.3412367792681936,0.33219519274216625,0.29903506813360975,0.3895275310233449,0.2859842913337293,0.2812917723213215,0.25873363435771374,0.2758880986285385,0.2978141212714936,0.29513135375450567,0.3048589143172917,0.33202624986847806,0.3229832854911186,0.25521321157991,0.24888110366004154,0.27870838473081616,0.253986327667786,0.30208808221584227,0.2610533159722408,0.3132715029924557,0.2315884923609622,0.26969847250153756,0.27048134163583476,0.3448684764659212,0.3378774886247425,0.2725547695755705,0.34456486087375643,0.2951615237165061,0.24949326633118243,0.27901200611162763,0.2739733768534231,0.22590504226079844,0.2633477138480665,0.27972549782451905,0.33563327601000054,0.3125683694247139,0.2469508763126109,0.28034043638931166,0.3555291538118647,0.3116371699899464,0.29001265493921197,0.3000379370252082,0.3506710908876477,0.29677614577241235,0.3540502435412293,0.24791634081220623,0.3165036597538059,0.3065798624086963,0.26443919913082437,0.26520020214764295,0.37900948671636314,0.339328256666021,0.2468390643838139,0.3210860315516191,0.21736064125074495,0.25978607053305197,0.2788606682470087,0.2673481081726656,0.2602081582212062,0.2750497634857382
0.3612933364716127,0.27204103969466376,0.2397543918938596,0.22600493125778326,0.2317013281329108,0.23715449192480276,0.24301190050731306,0.32934744318418735,0.0,0.25446955417233647,0.23036200721947125,0.241257353813201,0.26937012254749215,0.31391560157705184,0.2623702143595332,0.2710158853829703,0.27147324719503235,0.3520483543926125,0.2376914766344183,0.30954519348184945,0.259170356220206,0.2819920340267612,0.2512624663791854,0.2260554769103984,0.28959603757342045,0.24216722203598903,0.26817962300073866,0.2805444776069823,0.19574795804518136,0.29359376511757584,0.3645440317090992,0.30457190374764104,0.22843393530747422,0.28022313855274983,0.33212895829964384,0.25787524132435313,0.2546298807805326,0.3433420583885416,0.23644933831793963,0.2672937105760331,0.22188416552753287,0.3542025129940652,0.2685656208981448,0.24286817013525178,0.33199030504806143,0.28290707057680525,0.2502269178186171,0.20732667979458613,0.28796799796617106,0.2726044051495718,0.2592654564288525,0.24836997458884177,0.2506458143267907,0.2188566690208122,0.2363749684144921,0.3570235292284423,0.29684570381458686,0.2639415915633311,0.28770205654888215,0.2600334269839951,0.23225325392986051,0.27081723313679096,0.2555713047444792,0.2702252026685311,0.2886299333613954,0.2713673552188131,0.29988363666184453,0.27248089684078997,0.266434325843227,0.3276428958321611,0.3412738959819272,0.30131352775131887,0.3184020162829759,0.27363527993105013,0.31128339927597015,0.2798498028091716,0.23484126926672613,0.21849489506723505,0.3067874628731465,0.21010902865487993,0.2553009223321415,0.35130470666951097,0.31297552421512315,0.2644218388452392,0.33334859322089977,0.38638022006503037,0.2902306799770075,0.3139155091803148,0.3226631970429541,0.36925691781323594,0.2900237435128033,0.34046548353707057,0.24973281160557145,0.25745214582610054,0.34742996196503456,0.2491394715838741,0.2538385118841625,0.32236634931832725,0.325596903984948,0.3090435450897414,0.27060050138527314,0.24893851028307593,0.26688745786520707,0.22920881809372087,0.35975926120924356,0.296304001421216,0.22877034165311624,0.3159515279882231,0.25678449228968775,0.22608169705646647,0.22288266367202383,0.3373820422365438,0.283125269637777,0.32260232709736175,0.29130447797834674,0.309044033065869,0.31472624226063795,0.2480343620010629,0.19773783334543982,0.31290135709265715,0.28592478376143293,0.26101922970832714,0.28299044522269345,0.2925153766638643,0.3406534705118453,0.22202648877996473,0.2803125384353237,0.2662941382411097,0.24509669518696406,0.2701495706332508,0.43240145675597835,0.27869938193639926,0.25910373802508335,0.3323064069572946,0.23828234355719996,0.24956525042903976,0.269226214580128,0.2711939337618323,0.3005817634634893,0.30780924967429,0.22184753255903042,0.28932296670863733,0.3201045575880198,0.30220428655354814,0.2736023631945916,0.3277883056662435,0.3351440424437378,0.23796931085771517,0.30516414181342794,0.24325501237529326,0.33665520869308035,0.2598341559505946,0.2413954749021445,0.24281939454270965,0.28474031126575117,0.33602869742399827,0.22851863314567264,0.2757741076529599,0.24129287769434069,0.2789324977263234,0.23504211937838612,0.32149476744210875,0.3010376903813786,0.3004899428784926
0.2740598303375658,0.38396114441921075,0.32724280466843975,0.2357886337463566,0.22624331876537868,0.2570396128968924,0.27075989244155546,0.3342657399723465,0.25446955417233647,0.0,0.2548787564359066,0.2692763444645978,0.28796838707084244,0.27829593706901024,0.2741292720880856,0.28976201167042276,0.27774562681352966,0.3091975302719788,0.24719458466906627,0.24745546649369007,0.2505095445277379,0.27612368611215915,0.3170217708545476,0.2348886599118004,0.39832066087862644,0.24414626851176116,0.25590975728001675,0.28388059927510584,0.35008489400995296,0.23018159184198597,0.3345095037710804,0.30678490919674717,0.2333470633164462,0.28446859975661903,0.2817519038469767,0.27111011342461916,0.2892167916831984,0.2843592876324435,0.23190314469713805,0.27150363246533077,0.23225622211696942,0.2763039420667992,0.2559562452611075,0.2365076799773352,0.32633087276401607,0.25775560949143955,0.25049188576006576,0.2433157470363233,0.34546239630403874,0.21989018129251783,0.24627896476748662,0.22736665273872875,0.2133191097914408,0.25671440153195624,0.3089158418113419,0.29217356428235125,0.23576259990160212,0.25046179267026586,0.28696560254041953,0.24798751687553447,0.25910218797459733,0.21481600010632246,0.22348689095057378,0.2372061157981517,0.21204078460855294,0.2196590277732765,0.24521300242158245,0.26575908497401707,0.2840334066221489,0.35486978227542143,0.2432051822722801,0.27705761613702484,0.21436579732810082,0.2837922290865854,0.2776210229562013,0.2570535103473419,0.23905159346266064,0.29038365069349836,0.2553900043529964,0.20333116128387121,0.2566052322995412,0.24259611096089803,0.3227853695346391,0.29499955052660515,0.2447127004192548,0.33004731660698877,0.25672187862250523,0.25521412201643795,0.32132060012549857,0.24669457622101332,0.24002366516886348,0.2577540228319596,0.2714210809319381,0.211392159718044,0.2604978395781204,0.3205157743248592,0.19133955522946033,0.30114360506972404,0.22848086934622694,0.3065252216111045,0.2633233015583365,0.2471085161067815,0.22162382982113563,0.3239191996482294,0.24078441979823684,0.26468802981826195,0.22966390804225617,0.4057833198870915,0.265274065601957,0.2625939329268972,0.2338964338156729,0.2311941208848662,0.25183753068662085,0.2641147292089797,0.26725234514825846,0.2918092446397541,0.29693350264444923,0.32049114982419713,0.24639086781540864,0.2743859074654841,0.22298122867763867,0.24334057937152354,0.22338781599744506,0.2988063439500697,0.21649934427155038,0.35775747469102914,0.22048190773714427,0.263841069253294,0.3557228878588634,0.2688557844241763,0.32187817514306283,0.2296180154235917,0.22935801851650547,0.23017215743216737,0.22976499815041854,0.214755181859005,0.273007839743016,0.2866519971345092,0.3114730438585455,0.2674534227018497,0.24888057708029812,0.28672610528138553,0.27412492231577096,0.22695583035652817,0.28454156033664996,0.2965426291009889,0.24209277664386022,0.30558948363098276,0.4762932189520577,0.2317864957453502,0.2386411391963872,0.30635957179834256,0.21471622644410288,0.25934465331691575,0.306864986926236,0.2816424078704794,0.21448225747234048,0.31688833656323623,0.23038326732043457,0.2687872146798768,0.32564618075995677,0.2818091852366862,0.24315832027429035,0.2379207836146222
0.318845642303425,0.3189855915665605,0.30968694778588407,0.2614611834325699,0.26177220414543506,0.32862303847223384,0.27721639909898027,0.2745466292133162,0.23036200721947125,0.2548787564359066,0.0,0.3021785501279829,0.3451603804831964,0.2595749927956891,0.2900236416341077,0.363053233722394,0.34800543758858055,0.27706181250723666,0.27053356567797976,0.2836450703753243,0.32386623845972773,0.36681737897466626,0.25253783656014545,0.310722727277813,0.32363880501178405,0.3011145906025299,0.22445586415387042,0.3144967393974979,0.2962026673862962,0.2289281355880376,0.2706575859781625,0.31912012339828133,0.26066866063851085,0.2848084109630804,0.3011652610991243,0.3091769247991862,0.33742878444268126,0.2772899423610565,0.3344553118343383,0.3006598877103432,0.27424571778055407,0.2967271473667811,0.2791701823678424,0.3489722999506351,0.30053330454948923,0.25712028328950853,0.20571441273308091,0.3816559960913803,0.3125713435343171,0.25127872613900265,0.32002685696085587,0.2686200150774437,0.21404728716701588,0.3311208089258825,0.35845278302559497,0.23938100946178137,0.28174959153504714,0.33905553222062085,0.27721318418417845,0.26385775234217596,0.32010333745312125,0.2037330804113082,0.2979447312349737,0.2314383999843768,0.21150113892192363,0.23860019714385358,0.31084183830003415,0.2792244573802266,0.25967547645233374,0.296382697216148,0.304554124339367,0.22324074081852918,0.2765883328864706,0.33921876785550487,0.3036306522032006,0.23401796625631202,0.3511409951847983,0.283578780478622,0.2505463391277147,0.22490703137173015,0.2984281409626756,0.24326088697637405,0.27732123697610167,0.2978465190774979,0.25016202643836427,0.2890515486207891,0.28588690245291887,0.22527483972184134,0.23380407707832812,0.257857318518475,0.3123710781786302,0.22448317900500747,0.3361021317133603,0.25692667149609527,0.26400259136881254,0.2785415567475744,0.204655358418603,0.2378625485524095,0.20556683597724346,0.2679551594038728,0.27824496294876755,0.2748431626073558,0.20919261461254124,0.2063612170939078,0.2536868282137593,0.2597123972506321,0.24451020186367703,0.3028952304187091,0.25824126038362544,0.3432097412087226,0.34772781043275175,0.2444411417693143,0.30134628498667737,0.24418299031336047,0.27494542389757237,0.2969009781159111,0.2629987071718654,0.26963511264445833,0.32616227543437176,0.23524270246231052,0.2763893192094673,0.21349383686731474,0.28201138307553886,0.3393598162913693,0.23279668291316238,0.33037574485440546,0.21029659861457686,0.2975700490546532,0.3209199149440453,0.2395367533816595,0.2171471770370601,0.2952160967957116,0.25491481875561356,0.28554696713467465,0.328703885111178,0.2507331148269258,0.2744173969354014,0.26743059285520004,0.29058265701583036,0.2603624285889389,0.25231576002053624,0.2985572699365081,0.24664368619191876,0.25724746895517314,0.35103811291208453,0.23249691881607767,0.27853401964864305,0.2621064541870281,0.2678609037637546,0.2380238087220955,0.32675775172056776,0.24981313526122656,0.2802569015559993,0.23757090089367996,0.2928584223588814,0.30646667080672013,0.2853418765319921,0.3038020777910841,0.2531231792052606,0.2639519087024857,0.23768178345161683,0.2720663302891505,0.20218210909130907,0.39974176786009297
0.2471297409885111,0.33381154040728656,0.3048136061485158,0.27308761818013333,0.23542918621581505,0.3353376002006038,0.32994129903037506,0.2993042011498286,0.241257353813201,0.2692763444645978,0.3021785501279829,0.0,0.23348053348741699,0.1889729264275929,0.3062669888325371,0.2726705026355055,0.2903708701919589,0.2251341220230085,0.3408357308056278,0.24320233184059395,0.32895748741715963,0.31167555912436906,0.25225852650141745,0.2757045947144741,0.31605206651409373,0.22623289056739407,0.21579034289072194,0.2435794366706198,0.24309699272684845,0.2552097843255484,0.3014807661839792,0.2829423358269263,0.28518393898115507,0.3054832815765621,0.23024968768112422,0.2839578426607991,0.2535445533783137,0.23958008088133337,0.3631168942494538,0.25980484922658365,0.29564517572509313,0.298083111109933,0.26940503631934287,0.285044936290452,0.2738697072214872,0.2563757804741665,0.24857810588913049,0.2502982237109021,0.26502293360705387,0.25588693646137123,0.32558360904424327,0.2887349330319031,0.21447470736201066,0.3267653607822204,0.33517138286621845,0.23794323385886598,0.2816095349336384,0.36796636112398384,0.2282027040166335,0.2544096789437296,0.22798671320851924,0.20238759299541412,0.27497545460928113,0.21210308666243455,0.22271324366546363,0.22204108102942105,0.21619284143943118,0.22561122124788732,0.210867385221354,0.24757099797383925,0.25259839543418167,0.19399327824023876,0.2100965087692997,0.29476358536947367,0.26946492855115173,0.20052714209493,0.2713333253804506,0.270846487970692,0.23559473994143246,0.17876142582063653,0.2348478363943359,0.28230739652466047,0.27783025854451593,0.20280016839722412,0.24753002103454744,0.2805539746331502,0.21737538991385738,0.21772142144736187,0.24897745896685497,0.2412107995399739,0.2760924792988643,0.2884498231498384,0.2881814792671641,0.2287966019847619,0.23263506595991656,0.3201066757377633,0.20479786576980194,0.2944470760808378,0.19871473458570585,0.24949475680835065,0.20101313355756734,0.26520736264421835,0.2330708769240719,0.28802488578329266,0.23778080419662917,0.2680131345171011,0.2632335974608946,0.2712398727997382,0.24628305170216278,0.30891747783101736,0.3901611469842956,0.2415402529816226,0.22356790149928163,0.228886190622821,0.23370495354186108,0.2863472365730229,0.24400327584072684,0.28245718039394463,0.2930476038723301,0.21428257832730951,0.2301937502334922,0.22178247731342093,0.22066050892157485,0.2949486237366928,0.18114725738949936,0.3332778138824016,0.2213780147768442,0.3184704436808548,0.3154268490110554,0.2091340025311002,0.2314728894990201,0.2617752166875107,0.18101657027735407,0.2588273393961747,0.2494528110021341,0.19792958367454638,0.25510526534984596,0.2381933100347836,0.2459726808842345,0.2717179044422249,0.20328056183114956,0.24141058520131473,0.2795865256137594,0.25605052922851923,0.2611764524208476,0.28365761614267854,0.3769614135308667,0.255434860960791,0.29792221338579694,0.22473151968982383,0.2593688177569464,0.25561417574182554,0.25475982271018266,0.2589036381412922,0.3817024393599742,0.23621463572668097,0.23027759195448416,0.3101438331902076,0.19502273790533317,0.23022414317061715,0.1968257367164257,0.21249478712028105,0.203965416741345,0.27392041949067897
