0,1,2,3,4,5,6,7,8,9,10,11,12,13,14,15,16,17,18,19,20,21,22,23,24,25,26,27,28,29,30,31,32,33,34,35,36,37,38,39,40,41,42,43,44,45,46,47,48,49,50,51,52,53,54,55,56,57,58,59,60,61,62,63,64,65,66,67,68,69,70,71,72,73,74,75,76,77,78,79,80,81,82,83,84,85,86,87,88,89,90,91,92,93,94,95,96,97,98,99,100,101,102,103,104,105,106,107,108,109,110,111,112,113,114,115,116,117,118,119,120,121,122,123,124,125,126,127,128,129,130,131,132,133,134,135,136,137,138,139,140,141,142,143,144,145,146,147,148,149,150,151,152,153,154,155,156,157,158,159,160,161,162,163
0.0,0.2865023141175182,0.28181841235881666,0.26277581964666374,0.296772757320292,0.2824943067194176,0.25914077504237165,0.3081611101736495,0.35416522313320253,0.27963528346181543,0.322665976507369,0.26674432492866895,0.3926843965304459,0.2847020494018672,0.2743335952654837,0.32812410102495465,0.3390746826622895,0.43938741721558583,0.2772641212410155,0.3963666548550863,0.32984273094789485,0.2950824903791695,0.31266688253148006,0.25977362096827583,0.36772487721032315,0.2667498733026446,0.25115169787664504,0.3188814844484211,0.22433559633236932,0.2648966013291382,0.30187038127220817,0.33990400621417527,0.23701831852216002,0.29611657855620727,0.41695015121973816,0.3007180808961762,0.3626719665339872,0.36522006429126885,0.235717654585241,0.3240379519809285,0.2537474500393851,0.350855525478241,0.3069218077104117,0.3102267405618938,0.301127539376122,0.34744130294580106,0.27571714543570025,0.294318526304484,0.3728178722837706,0.3675269391705754,0.3444487678817967,0.32546237160225944,0.2959436438140189,0.2534913312477504,0.2786435579305806,0.33990335335017197,0.417204723907815,0.30679383059022874,0.28768611778620773,0.3291343252855262,0.2722032129126847,0.2630183200044065,0.3526908785173076,0.2747036060227525,0.30621057592027356,0.3390854872840168,0.30752423171504506,0.2971580028588393,0.2652863730096962,0.3538131584923041,0.40083667051670446,0.30582575509906784,0.3713388167702052,0.33476746354212167,0.33201650940856,0.3279590745088945,0.2653583208879059,0.2611659822708641,0.2950870311195344,0.23529674002830864,0.30550699354173827,0.3510612079861098,0.29326351047980587,0.3193177284398433,0.369846343237464,0.3827339307966096,0.3261767077891243,0.3184456600173565,0.3573534183989017,0.29621190355505594,0.39516228501494016,0.2886743195714558,0.3385242208454184,0.35199659935053956,0.3723817596700467,0.2541877910752145,0.2159559699613279,0.28762746870406514,0.275152929726101,0.3323763782742763,0.2613320349336374,0.2635696368190365,0.27082342328997727,0.2320649676777611,0.39531232815029804,0.323664611860059,0.28958361765785334,0.35161106946821696,0.3002313269719402,0.290495022450175,0.2991245201654131,0.40031782980785613,0.3694390834160406,0.2981476624913929,0.3490440637303741,0.346613482615176,0.34004014696189555,0.3136483486802894,0.27308422394681003,0.3072690855684585,0.3282229221965974,0.26478025457596505,0.35542070729947745,0.3390087348180553,0.31006373897041983,0.24020017885834047,0.2756539907501144,0.24196524427493454,0.27364178445369136,0.29772354078602326,0.2806456074718331,0.29850715099207686,0.27769597116170824,0.3384503898786835,0.2810222957220666,0.3001183593672686,0.2801964926344613,0.3121922916409487,0.28162684888555917,0.32015314068193157,0.23187970098252456,0.31080630652872565,0.3559356165004317,0.3082035748012538,0.3239343440096519,0.316818970002,0.31442473355995804,0.2475223894692643,0.33478846287166625,0.21337853190294656,0.3830679682073517,0.28174522424150283,0.3030642735416572,0.22618349602822943,0.3143211061889386,0.33581451483224334,0.29963191390305693,0.29871730771501204,0.2650877918695249,0.35841951414672596,0.2634327881892047,0.3488817190248755,0.24574407211679244,0.4462515653483925
0.2865023141175182,0.0,0.30828875996761707,0.30050779656441123,0.24387025972834092,0.360854264989536,0.2848851827031465,0.35816752482272113,0.2554252544170919,0.37718971867641565,0.3159592599805189,0.32899169545072954,0.30680369079661823,0.27525271732556095,0.3135565839281574,0.27438422200162815,0.2876613169466092,0.27147604228802175,0.305074507938509,0.2933401597163729,0.30520208788728853,0.36844576577098864,0.2906608244973016,0.2954085673410326,0.34391809647831695,0.2286781094892978,0.22710643358447136,0.28825737646890265,0.32619752780888533,0.21361096157508866,0.3184721933835829,0.29975886341708513,0.3090217669550414,0.26061438930500846,0.3058345723103346,0.3301267301105081,0.282132843701704,0.2833039657750846,0.30868219155997073,0.2966787442090111,0.3330761929162423,0.2914526444782114,0.22589269847158056,0.2714977428420271,0.324933291783608,0.26946051257882814,0.2439333788121469,0.2691626120802435,0.3181890811080069,0.2811206535727597,0.29041543282131504,0.27775597730153123,0.3170490521839304,0.3604802085113353,0.33695230956988403,0.32198628846861144,0.3007719145410841,0.2684779709366718,0.3020697179758629,0.3271572815085838,0.3450313438741188,0.21344548553185705,0.26584268101504444,0.2359392881661879,0.2536784739266005,0.24775927028366812,0.2780933038756884,0.245931943241555,0.21811256493115774,0.29008145331571306,0.27621050965281174,0.271006831602559,0.23940866005337552,0.3302407943838282,0.3122795240731764,0.2550790257779414,0.2652344382252189,0.3139565104571434,0.24267279296785574,0.21239609075157823,0.28604867635983056,0.28831153557572486,0.3298484035956509,0.28800496347747867,0.26801024312748745,0.3783062553732791,0.2580903869548181,0.23519476421370714,0.2782697725222444,0.30419100547352873,0.24148152305723614,0.2710433118388411,0.33049318121893995,0.29375412296613995,0.30331329053957057,0.32856114132692316,0.24397918010228128,0.28101466637146627,0.226560663356299,0.3061927611654015,0.28055734798390947,0.2327083417749416,0.19871244663925597,0.2544858373035548,0.2657457551152912,0.25576096035921314,0.25857622218177106,0.33810994218522494,0.2860967806169471,0.34502109778517054,0.28243078679159633,0.2593955199454174,0.28874967849306343,0.24343157386132863,0.30550691189082113,0.3397188652447822,0.3033947147518794,0.2473732959528815,0.29874555426624605,0.24839727480657278,0.2727951745404132,0.24473514765996826,0.27566884970446026,0.32296482340861066,0.265786097411174,0.33206065841257404,0.25486496615767257,0.28938298302410204,0.3524660272548509,0.27237057065637493,0.2687005290040745,0.27186984994991414,0.24519365747434757,0.3214549052783191,0.3060963307360199,0.2666361875756214,0.26661862745881804,0.28678518196443736,0.2831757764672876,0.2686944357924595,0.27389615645196674,0.2854171467833867,0.34972791765027145,0.2861418572301234,0.3050037789428399,0.23319074480043053,0.3372445570079117,0.28867956992325555,0.3414989827428677,0.21351399063584456,0.27187400056166877,0.3199741967119646,0.2621173444583077,0.2777207613170081,0.29658754128592607,0.29418796028253347,0.3007045211354401,0.31486372694281245,0.2658193577477033,0.25975494361161666,0.2975827048459251,0.29906251480812146,0.22897381973558767,0.2921599371508387
0.28181841235881666,0.30828875996761707,0.0,0.24729235282548387,0.2879964009390415,0.2894618113291793,0.23635167550820263,0.2827425042654793,0.230630814396688,0.3403115339172424,0.3595742449352431,0.28755167172906065,0.3255697323977675,0.23395841952798732,0.25975951555441845,0.3647242724726596,0.3376997038870501,0.2952633565092655,0.238480779216089,0.24829836667078148,0.31641555005754307,0.4229610911227863,0.24582886989261132,0.2639536532854566,0.27080040997323507,0.24331606820243273,0.2262389261709264,0.27179320382022554,0.255071982476547,0.23902109044166767,0.22656078815777325,0.29227311405377093,0.2244491223681913,0.21748096252324392,0.23949999534360228,0.2686818714954199,0.2774111210627926,0.2635594733732986,0.25715611667019445,0.2702881922476929,0.24456522165272462,0.295944469982248,0.24870918189038801,0.24646913716241842,0.2746080225517728,0.258154306505932,0.23693676096898658,0.2894634932055525,0.2792637609229967,0.2718737036726311,0.2835473056955279,0.26294914912370726,0.22484632176074287,0.29329031049136717,0.2964740117381086,0.22223431391247342,0.26155487749047585,0.30218308512227127,0.25779301865506354,0.2682522125908587,0.26648390334561173,0.19877947259140413,0.29010486219465753,0.22002388889741845,0.22130300876548473,0.23543470116909984,0.2372746255060894,0.2659702094768408,0.2530910862656611,0.28269408945324764,0.27369031568515967,0.2156818297235719,0.24422892925482056,0.37275435727272394,0.3066530171962124,0.19928177972074734,0.2884691055694443,0.27736663614201923,0.2092490439580195,0.18571115876613284,0.24394200545352096,0.248709240935587,0.2830821148090619,0.25056880073772053,0.2330892552737056,0.2939645764323204,0.2202871192608667,0.2118940603298982,0.24158979185939952,0.21626084447082403,0.2821332019236389,0.20086403988802293,0.3027987229848615,0.21831921463505982,0.25764891865890477,0.24272701544940653,0.19444150399520732,0.2196540346667977,0.18925704172462737,0.2538851183245072,0.20227722658268155,0.2394471056616995,0.18485913196354378,0.22546300870792102,0.24760632267287516,0.27790114371488794,0.2565112091005206,0.27350428850583225,0.2557451345203463,0.30785100673548793,0.2605417426203364,0.2289383695988757,0.23640054337938518,0.22957427213266127,0.23767392793844536,0.30915704299442426,0.21663633031320786,0.3058248961016611,0.2812074547398465,0.2200096906428895,0.2653315875890161,0.1963018853201048,0.21722132788927706,0.2739998181102766,0.18920528188080932,0.2845978276840176,0.217608508876995,0.2696305030172973,0.28166986029003016,0.24115638090519342,0.23136169810922808,0.32745884982341456,0.198284956579294,0.22144589379472865,0.262693030900666,0.21533363837714223,0.22046657860241728,0.22777414167843327,0.2624491486261159,0.23498006021401577,0.20600958915810658,0.2565577557168681,0.2567582518010425,0.2609894774098698,0.2549615240987858,0.19832413566215756,0.2950012236951909,0.2566257649260581,0.2975726674244923,0.1972915693505557,0.21660065283420218,0.21066825254893867,0.2679014163313745,0.26872494337825886,0.2556404520063941,0.24485761544572598,0.2848052962079775,0.2956507562924265,0.18584387854445047,0.24185041252612097,0.2495524640491291,0.19809046374253064,0.19088288267909376,0.2975158319912015
0.26277581964666374,0.30050779656441123,0.24729235282548387,0.0,0.2302407661125876,0.26514122869705026,0.3053579330616709,0.28021077459380334,0.22286218130756563,0.2604276895091695,0.26577924439076933,0.26370376197754847,0.27262190669075737,0.25528102550573284,0.3360568667009565,0.22761623941707074,0.2627502673864587,0.27875876497862284,0.271925099525936,0.24644438614219905,0.2966384381129543,0.2667336491741301,0.28002798973865317,0.25398199572392766,0.2736219821306574,0.258611371732264,0.2395374891257551,0.268630114019258,0.23374769867491274,0.18719541609199902,0.2590146493697816,0.24536969440002884,0.4184732239106713,0.2559600953672999,0.2760088653870062,0.297675611034548,0.2653344393238071,0.26383887750990426,0.2550060939994498,0.3203434437533581,0.32385383063197615,0.24720404008204272,0.24063602856512706,0.28192438691337907,0.28013596166458793,0.28920166897350585,0.20251028954073594,0.23712220041195475,0.2853352752221038,0.2804199914665065,0.3472588414127786,0.3111490241802961,0.28628987016188495,0.3569493025637154,0.29226977598211573,0.24596194239228011,0.30623786236561945,0.2471950600464255,0.2852320366222819,0.3290832852649058,0.31234872429251437,0.22765166112562904,0.2993562581635975,0.2048860839119672,0.28147933096668865,0.2798363143311702,0.310674583819843,0.23432372481941716,0.22454808957210023,0.2620216003090256,0.2769545984933679,0.25868530046716637,0.2424161168516699,0.36814419948643784,0.2695506726798153,0.23155029419454576,0.2971295579708121,0.2711997892775138,0.2508339853037922,0.18698717334143547,0.2510352918982117,0.3343438839976242,0.24816686595825516,0.25799923304099215,0.29487797021246104,0.29182624797821877,0.2656245105901781,0.2705905608792836,0.28201266463917596,0.24545543727606123,0.26785049846100883,0.27387383985083474,0.2701784811147537,0.268075701999458,0.30786464310276496,0.2500895150646017,0.22565708746254878,0.261522207951411,0.21823511521507474,0.30527793278124216,0.24418578676622898,0.24404408757207227,0.2687449107272637,0.2464038731860632,0.28449448684282325,0.2581518867771742,0.27698644416854074,0.24059524382515268,0.2930015651508433,0.2419671350959309,0.3035588629390771,0.27371542613724437,0.3123056007546642,0.25168974399252203,0.30134136787344606,0.2667678171254461,0.27400903813546745,0.2131278310190083,0.2807252001747767,0.24874286045065988,0.25337232352437883,0.2831828903754119,0.24526131308612076,0.2904214853132811,0.22183434167575553,0.2570267573905921,0.259491079794162,0.24379005899316783,0.2803621118758838,0.3118444660760664,0.20568997333674166,0.26093426545466286,0.24255547872854427,0.2809132977920419,0.2592656578711034,0.23490216599369024,0.19241902982922843,0.30027816327172613,0.2696046572267332,0.2666978385867015,0.34714298455507825,0.22850837339761018,0.3420989036149171,0.2739564352511458,0.2560540948772078,0.2365200510433987,0.282865178885358,0.24828928394137126,0.2311620807968042,0.17080395559299888,0.28855317745717235,0.2770979404590632,0.25401517759487263,0.2310794735734106,0.282229110396154,0.27926778161297483,0.28275520103973695,0.27766837416581963,0.3480713518295103,0.2616825926213276,0.2848976700546986,0.24860847495780322,0.23388972699695829,0.26323445783623317
0.296772757320292,0.24387025972834092,0.2879964009390415,0.2302407661125876,0.0,0.2273006129411154,0.2872904071062927,0.23484769976510309,0.2469484000360345,0.2605088478454948,0.2955060055859502,0.22418948233529157,0.26573040358517186,0.2508794739722138,0.2674522596607344,0.2997396717539131,0.3080949598366563,0.31978995346376543,0.2152427212115882,0.23671308709029726,0.2804114027031162,0.2859735189751689,0.2946964141386032,0.23876473976337922,0.25621430555836106,0.2367034074961737,0.233521968735557,0.24473596380947027,0.21773753882564342,0.2751794522249287,0.24714339921928377,0.2457279812962113,0.21687690967072507,0.21751094450276265,0.306795972721632,0.26869770396695214,0.27621733375519236,0.2774808700139775,0.22840356386813326,0.2558236323961262,0.24665267494453277,0.31486975015284435,0.26518306081165677,0.2785198617775781,0.22216831997638473,0.2432677744444215,0.2792661843108392,0.27746345021852514,0.3088819251059399,0.27532684690291825,0.29228486902834483,0.2510908574435628,0.24428553656584742,0.23248167943762915,0.2536790457465911,0.24047474844626546,0.24692412716161216,0.3037440141283178,0.2528579641157692,0.25179613064257034,0.20673301996662186,0.21407123624928068,0.26613700878445584,0.24106557418405195,0.23573751441295088,0.20490600838835787,0.21728677755183132,0.266376313554699,0.24047777421653188,0.2889216581468365,0.27153141136089,0.2445533136133061,0.22911792329593378,0.280406873666086,0.245241440916022,0.21688210110808875,0.25385985523118093,0.3480871380099333,0.2161385821006483,0.20773606685251916,0.26208671069408046,0.2560922253128688,0.2981344662941559,0.22612807684303485,0.23836997996138612,0.2555991676430898,0.2302402811018022,0.24129068978705717,0.24003297200043533,0.2096771802588718,0.3872200251286156,0.24792432111126295,0.34041280043746414,0.20908066944618575,0.2754742563479357,0.2236480477918239,0.17536909479805152,0.2223190119015679,0.22836777577379144,0.22598185503684165,0.21620694633772522,0.21649283940398503,0.21531092356772338,0.20670467477978932,0.2512531681357019,0.2614463230842748,0.2221361987219465,0.2866212372029437,0.2781772221725897,0.24660482604412207,0.24858876849147452,0.2652279017010052,0.23529184867230882,0.26118871557078627,0.23834214922468866,0.27086307330809195,0.23762657455760913,0.2549905322905684,0.23137969315409648,0.26308883822540413,0.31960306563607116,0.22369642885081978,0.2156311865686453,0.31054097499873784,0.22427091249376205,0.2214711338574552,0.21823860537381615,0.24031246561612016,0.2278829624174727,0.24773202726243335,0.24422826636817022,0.2613477522769289,0.2007667284004482,0.2364765401720636,0.21312716760622516,0.25571586908760185,0.22486018323636753,0.272466904121819,0.2328021104112844,0.2703156420045984,0.20205759446017474,0.2618203324486595,0.27466702412938576,0.25951380874946245,0.26404910490008515,0.2258342348375978,0.28712874947717126,0.25408014467278356,0.24027732911486224,0.19227464889672102,0.22635080131668867,0.24644448592282328,0.26668722341318535,0.24524661057164276,0.2543579331002301,0.2528990455981211,0.22883317100161488,0.2968459395006964,0.2157746153731434,0.2537159023647051,0.2425717754364321,0.23392338413322147,0.21907201835922524,0.330353484505931
0.2824943067194176,0.360854264989536,0.2894618113291793,0.26514122869705026,0.2273006129411154,0.0,0.2426831015217717,0.30461422136993616,0.25845984213949813,0.2635386239868937,0.3109907244757823,0.36519141263431465,0.2980677362472834,0.20675299930054153,0.2700855470384793,0.3014728495846594,0.2797188550679983,0.21610929946918447,0.32723820301815354,0.2804382457699534,0.3229507169356552,0.3017648878417858,0.21058779022753576,0.24116223931976885,0.32598232061576216,0.21404387861947904,0.19114652707759827,0.2417572355522634,0.2511788781814874,0.23752078217849842,0.3012670466510541,0.3581528911162409,0.2767886094156332,0.2444721740208473,0.2631626465399639,0.2763652055906323,0.2842793844855039,0.2528094409650619,0.2782951656818307,0.22860915643881377,0.2738879127738039,0.2992307703445891,0.24662751919885892,0.3148369778757648,0.25004000152585515,0.23278698176388812,0.23201283241198425,0.2821981307274861,0.238261332982092,0.2728052605399232,0.29418375542552433,0.31517374645784485,0.25193638957496695,0.3210625478039201,0.28074338276848637,0.3088146191465148,0.28646652340899353,0.3658161154057077,0.21967973225974355,0.24984642534010704,0.3169863284927246,0.23755706178262004,0.33077093169226096,0.20136854765101142,0.2377713728183234,0.24437915964488505,0.2371853815877715,0.2567932338368477,0.19350677457577117,0.26857845084594156,0.2853782163842462,0.20947068973474858,0.25289686077749496,0.29551248918527345,0.31079691260902076,0.23384250442815122,0.26255517562142255,0.25680548663124475,0.21473979732682733,0.24751929214265864,0.33136731078962856,0.28324377684056573,0.28923738341039656,0.27063961499494754,0.26704992921759096,0.2927981076127037,0.2977979803742471,0.22572436500681908,0.26438705720329214,0.25062708235632397,0.2602635272455812,0.28178138480486226,0.30287441951955485,0.2607588759621396,0.24970704123289875,0.31462095916107846,0.2527867000767616,0.2958781017228585,0.21656576967371566,0.24557098457652396,0.22800861229554145,0.2403490151563317,0.21553113785392528,0.23047761067198969,0.2743438865253224,0.2649565500158134,0.27185383928963014,0.2725037782914068,0.2261680057010186,0.3099111100540042,0.31519833599253866,0.24156543215753035,0.3162574211855805,0.2455882061845935,0.24598415171995777,0.2796925351178691,0.2916679150769606,0.23579910015019312,0.3383310738669325,0.23577162672835103,0.2468543149755318,0.2527526788372196,0.27639278546913754,0.30111979675620487,0.2658652202314491,0.29229136372388537,0.2577282443046389,0.2520668288250919,0.28377533065672833,0.21374437163482807,0.26116150661719323,0.3693039465194499,0.23474956532502717,0.299185063001893,0.28028770185701607,0.2463271548066822,0.25468062617376513,0.2186683326050666,0.22180440481262195,0.2549238309148854,0.2456161629432654,0.2958931863210518,0.2728696852731282,0.2875350580429389,0.2818394077218345,0.2284042225751486,0.35560060586353265,0.2605020275757165,0.283855502512539,0.21023244974349573,0.2715072791946213,0.27795664883515175,0.22399677001133175,0.22330918101006667,0.31865951665316977,0.26549282143012304,0.27209600016808266,0.32348587937503137,0.22447148349575768,0.2747388109811835,0.22323728772809645,0.2887570493677866,0.21928013917212427,0.28329915246154563
0.25914077504237165,0.2848851827031465,0.23635167550820263,0.3053579330616709,0.2872904071062927,0.2426831015217717,0.0,0.23534484203043973,0.21574423946614218,0.27637202992909427,0.2501352127427573,0.27378562420652947,0.28402029342581303,0.2647481099245557,0.38784661777091733,0.22688309016964386,0.24243409112169828,0.27230464566551504,0.23389296440951476,0.2143314275176145,0.2687965086586986,0.26928504396585917,0.3375570024241284,0.2880693529550388,0.27949273738210756,0.2863118107695714,0.2217030111906866,0.22256392944848447,0.24957483590847768,0.211924833719004,0.27917966508119735,0.2603403934547658,0.325209811029349,0.26443547976068854,0.26679683877788435,0.26335175956536794,0.31439780042100995,0.2341237245565042,0.25439149599859906,0.32447747379126246,0.3320290730028164,0.264422750771224,0.28174289084318715,0.31940948250595236,0.29032383070618284,0.2891081050603064,0.29948762210205127,0.26062385641702657,0.365097793344981,0.24926516843303195,0.3365592109263623,0.2649140915628734,0.23889643305025254,0.3104448671486697,0.30416382048803536,0.2779026174131334,0.24359809742477445,0.2400654529630683,0.31062384415285715,0.2611622594310038,0.2281033115476503,0.23572762472134406,0.23962201835470853,0.22767771006266477,0.2546327770948792,0.22582043576180574,0.30522811261335525,0.32337022857031644,0.2243347851243957,0.24126470660129612,0.30652915879820747,0.2514976538217117,0.21208645481588068,0.3192055348316916,0.20223273713283577,0.2503462243077647,0.3190413723452111,0.3423344932890849,0.23605674098633478,0.21233486352723774,0.285874170778109,0.2767489962649511,0.29888049483729084,0.2157179561275065,0.23779798112965794,0.26193863697140535,0.23090204062086991,0.2656643931690249,0.2649770697030497,0.25327477020425376,0.28969533116499324,0.3426896599437674,0.29039451871082056,0.23706754363979504,0.27448129095087354,0.3016333739363027,0.19480326230893685,0.28959954821707046,0.22814330147464357,0.30570136291131356,0.2598582015215715,0.24693840818040624,0.2797172218276334,0.2511106778700262,0.2314337529342405,0.27973146416240263,0.238887122596997,0.2523702363753935,0.3683595301971073,0.28074270011532926,0.3367026555602143,0.25375160147462944,0.2620696422992103,0.21533667905247975,0.2634381063579576,0.2565542439569662,0.2568379202874919,0.24424214951773582,0.2629648552404648,0.22554524408026824,0.2610584503492975,0.2430899589230797,0.22132520567014152,0.35254880872510885,0.22206125969335536,0.29816260575999476,0.2267637624151403,0.28939961821442267,0.24998802871241735,0.30513891436128004,0.20762214406007876,0.21473048857186186,0.20265624076416422,0.22529464858703702,0.22391344681808337,0.28690420317075227,0.24126603333138308,0.3324463914672544,0.2489294364251293,0.2874599116577578,0.29096822426203545,0.23663120937073528,0.29800013752717447,0.23829119237953045,0.2907360359346589,0.28725977232350774,0.2822125634132644,0.31319558540238396,0.2375934568893275,0.1667689437521345,0.25097612695683336,0.2817296771442841,0.21785440233290165,0.32637497568131935,0.3228041957611246,0.29322174572208626,0.259791666997609,0.34394566318669517,0.2937521544034077,0.27626619295312005,0.3106007454516147,0.2400185320316264,0.2482309356099961,0.2622842324838772
0.3081611101736495,0.35816752482272113,0.2827425042654793,0.28021077459380334,0.23484769976510309,0.30461422136993616,0.23534484203043973,0.0,0.29400643174531926,0.3101192558701541,0.29261402009114573,0.3161031027246849,0.3272193468343166,0.23629525906004423,0.2879265595680647,0.3123343888179467,0.3049161800965193,0.2831974937932155,0.29801850885406395,0.31276019554343315,0.3219238459661405,0.26780412440726514,0.2684338517387833,0.24612690640077026,0.3392530813838219,0.23735343209954923,0.254553219508415,0.29717300898868904,0.2224778131834197,0.2390036234011973,0.37492267239465993,0.3195542769685021,0.2724351068806518,0.2774358444544942,0.30571217695578723,0.3512559052705184,0.32057670913522623,0.3416477123537623,0.3013375048636244,0.27822211893342413,0.2897323859192212,0.27399859511102514,0.2814604267697515,0.2690852122894953,0.3697426968109516,0.2995920562121317,0.24529680950806787,0.2694567625028884,0.3118687621355686,0.2985928308411699,0.30156125428520414,0.26796368326342823,0.2806134350831764,0.27759527964833164,0.3009154560794057,0.2874352220380633,0.31339956194373414,0.3434753785512069,0.30061707358894507,0.3104649546870295,0.396390285650721,0.22733774156600536,0.31008281301750473,0.253955166399802,0.24522460038152305,0.26591339478058645,0.28008957906128473,0.25354686292171585,0.25769444256043533,0.41453175502965256,0.29092383847664754,0.27685286969793743,0.26106028310947416,0.34340968383924864,0.36712887297230146,0.2596837715944632,0.30394762331122005,0.2681500437031892,0.3110101387908192,0.19968109005944384,0.28396768786711285,0.2940585877636822,0.319331524531677,0.34748491362410416,0.3143300838074703,0.42364878641129067,0.37383247087180066,0.2766689265377092,0.3630120819866739,0.29326207424086187,0.26132896328509747,0.26465459647233736,0.3148953523863442,0.2726589562673367,0.3122345317702835,0.2812746144090694,0.27003229633425346,0.2986180161454145,0.22646340361810866,0.3194557135402674,0.2595180601647864,0.3179558790128039,0.23123447576133488,0.2647503047843719,0.33609585604036546,0.30383087547826076,0.30250783026248074,0.3432068107356871,0.27428985688074214,0.28879627030229604,0.26536294202169536,0.29232402885879905,0.30278110898866295,0.2958503465640976,0.3054648991361921,0.297510873878755,0.32342164261496825,0.25544423816226935,0.2584236130874689,0.25720513460700756,0.268910476567678,0.3340256915373358,0.2599973597643032,0.30530741526444743,0.25128123232749705,0.274075005384009,0.24764642829757513,0.31401087756731977,0.309043489929293,0.2707532116846031,0.2976307512787029,0.29565143391458676,0.2902238709325501,0.2809596249518085,0.3042025895486065,0.24250610367357195,0.2722787834082551,0.26103872632054775,0.29187667988796107,0.31990179685322145,0.2606764997612409,0.26251776320602477,0.3303554641908972,0.30853000621353405,0.3173315844322038,0.25456231765362786,0.35556336986040354,0.28663141939271,0.3314838633693093,0.21427943552331216,0.33579126638990436,0.31483108889704353,0.2691273791192395,0.24634545407509603,0.3467708117773374,0.33477754345689836,0.2746313800226915,0.32328514352318627,0.22688133049356582,0.2680053259947155,0.27451742782489535,0.28858408491715937,0.25004829424253566,0.2936332607497297
0.35416522313320253,0.2554252544170919,0.230630814396688,0.22286218130756563,0.2469484000360345,0.25845984213949813,0.21574423946614218,0.29400643174531926,0.0,0.23128661024356553,0.24837554633260775,0.23794890382005515,0.2599390436006213,0.2841503161446646,0.23467984360995,0.26434086076951946,0.26864488580694457,0.32538856361201535,0.24136253316485062,0.2936005106949937,0.24215571126088428,0.2789005886218146,0.22975327940619036,0.19629618588875683,0.2612896381690381,0.2064877964687041,0.2593838265850226,0.2697020792381462,0.19569487116603704,0.31731273023033857,0.310228654900913,0.286140391542891,0.2168831303180169,0.22100209416241742,0.29541331215862715,0.23712662822402833,0.24415595039843097,0.3416740131906816,0.23284446761792968,0.22552877876507574,0.21390196774238845,0.3447526020950114,0.2385928508283432,0.2303326073185652,0.24665635484163742,0.25149453807427563,0.22299639586142148,0.20685934724018612,0.24956898960055243,0.26931031993046173,0.25184684416797976,0.23342680989869594,0.28919096303638325,0.21309713767612648,0.22291344769904356,0.3222453456767174,0.2953518967880751,0.29113450024119386,0.2452661117947071,0.24593141702780813,0.23992196425957424,0.2650871299448067,0.26211154197078235,0.24220632867898345,0.2779433936697375,0.25341304716326307,0.2671372861802483,0.2495109435179712,0.23897663707434508,0.314890135019096,0.3078785162910794,0.26628334091734074,0.321455814684328,0.2497549700198472,0.3311922537797505,0.2721222017083573,0.22428575867678233,0.21456410246819813,0.2577821488966087,0.22530272153825273,0.26890772707321325,0.3288055111165319,0.3003764702802841,0.26106469791567444,0.31380704608049104,0.3265204447028812,0.2935073302492607,0.3003601315917945,0.29521815207779917,0.3239958637064068,0.30683274497577734,0.2927257941241395,0.26038325214676766,0.26407757727597914,0.3349120834492638,0.23881885929423138,0.2592523708120469,0.25514006057082955,0.29965482656418213,0.24895488824086542,0.25301654174961824,0.22314408064098917,0.2398670080598161,0.2073060210084354,0.3422847369453676,0.25045578565502197,0.22295357762021803,0.2813103309375564,0.22728782516769702,0.20978717724111814,0.21197727024486543,0.31826137193130205,0.2835959742247404,0.38278571693059654,0.26304161541577964,0.28754647578461007,0.2958309197375595,0.23481555739197524,0.19202007648488043,0.3145648469968403,0.27656842277390475,0.26875624118151975,0.25953602880824606,0.26984777622344164,0.3686959880583312,0.20981161195248027,0.2653627028163157,0.22241569217397303,0.20933616702534072,0.24624994292540717,0.41076977743900794,0.30240401660265087,0.2744896521170529,0.3501265011823604,0.2294005736970725,0.2560241655755625,0.23837382648666494,0.22742265527574004,0.23733430372288733,0.29663633742200435,0.2244506045424829,0.28034572920626355,0.3063437213108984,0.3337653293387932,0.2596065156822962,0.25298391788424457,0.3339430593152598,0.23941230735431826,0.26431285859780457,0.22902548558707186,0.30909798475383876,0.27874251934720784,0.25572565056254,0.20605721493171425,0.2512225904342564,0.29080823752535095,0.24166943273713506,0.24949179141531308,0.23602163048258232,0.2776134479629786,0.21827065719653857,0.33024980721872144,0.3004724276005115,0.3175480245614548
0.27963528346181543,0.37718971867641565,0.3403115339172424,0.2604276895091695,0.2605088478454948,0.2635386239868937,0.27637202992909427,0.3101192558701541,0.23128661024356553,0.0,0.2711854340511272,0.2683777173006174,0.29417656456512575,0.2609148974208752,0.26647725169547093,0.2701767964685805,0.2636442466895543,0.3039536628270974,0.24929611901578586,0.2430386714018658,0.2649405000877468,0.2782698113407454,0.3297905113793952,0.23190941639617735,0.38362332669021126,0.23144993050527052,0.23863339262020347,0.25698542995269347,0.33567652596416553,0.21676022810742143,0.2913195324555151,0.2961975073524695,0.22741241503885298,0.2439602209074188,0.28999991026214655,0.2921548929008081,0.31023588563681914,0.2690562869218104,0.23134586682800434,0.2708676249019273,0.23932356694377466,0.2767830237555578,0.25083313831357634,0.24911199250232682,0.2831412680741131,0.2568644697836329,0.24747385651482354,0.273977184974813,0.36762296180962495,0.23871553869796955,0.265424578961831,0.2335600818816571,0.24121142611026877,0.27696173587217965,0.33683117761811265,0.2908969484254092,0.24800614245485053,0.2410999494311621,0.3030693407749263,0.26662116653000334,0.2755022878708628,0.21180125126509045,0.23747723738588086,0.23839572557270203,0.23223055971293644,0.22655652152882955,0.24976426202065752,0.26484477551310753,0.2575078654194113,0.31305004136276154,0.2537789700297209,0.2876994005487916,0.21962034606141406,0.30415470056647664,0.2527588361097397,0.2615351129823006,0.2560687670503427,0.31411076150233663,0.2258723752855419,0.20271274383198495,0.2718773129183164,0.2557340290427392,0.31213562939441347,0.28297928043417836,0.25400150185333575,0.3039471963102584,0.2643460119942402,0.26195845832395,0.3033834598087,0.24069880545580544,0.25144288034277706,0.2492434839081545,0.3074780604597679,0.22492136494550843,0.2883064090870218,0.3095389817804301,0.19074567105416787,0.2693034043380637,0.23410068928633257,0.27757656600631303,0.2580450037731116,0.24538189418820006,0.22237749553211258,0.3023698528950046,0.25078043894504004,0.2526728770957836,0.23665914106925615,0.3403039855221625,0.2694553549609421,0.2854326795724832,0.24908136327313898,0.25389357131971024,0.27028381554406683,0.2556946825720484,0.2614281535899898,0.25775177130063465,0.27938302568340473,0.3337423623039253,0.2707134819908001,0.26270582001512854,0.2453869480730172,0.24505473699580363,0.2296494572924478,0.2896758672836602,0.23349048705953018,0.3197606645315997,0.22634412835532416,0.25067827680042404,0.33082437623595967,0.2813451476862195,0.2734200659598955,0.23436131512654512,0.24114256171127488,0.23176335979759477,0.2487051247805075,0.23746569660314729,0.24937920365596322,0.27694427146173745,0.29273894488595537,0.26673690957515733,0.26002093097903023,0.2811629324089851,0.29176240462766,0.25294631768253184,0.29103294268492796,0.2540414394072351,0.2502491022375181,0.2957422986331392,0.42139283509496667,0.198281470699002,0.2368892730570094,0.30867192590445663,0.22724937516766655,0.2732790802142513,0.28447698233166635,0.27908048725336704,0.23818054515938875,0.3064042651183655,0.24493474418481886,0.2810978960249804,0.3427486099885835,0.2775420418677079,0.2430848159915339,0.2513602959588152
0.322665976507369,0.3159592599805189,0.3595742449352431,0.26577924439076933,0.2955060055859502,0.3109907244757823,0.2501352127427573,0.29261402009114573,0.24837554633260775,0.2711854340511272,0.0,0.2893343750101109,0.3500068207907537,0.24899985198916247,0.28452033241844216,0.3769520518817384,0.36187574970822056,0.31554132298702403,0.2682308405818638,0.2747092364136567,0.3147008862252758,0.3937604188390789,0.2618122298591964,0.2744118970529589,0.31015597034662373,0.2581978375283194,0.251814559014641,0.33195810961141337,0.27339902622904916,0.2593126952005285,0.25834557908218103,0.2959464476830611,0.251884976284255,0.22673149088597036,0.2877409707319667,0.302373811282328,0.3210897341573345,0.2983132558465524,0.28452840543250235,0.2755443067299111,0.2762259020125924,0.3049138161313014,0.26565572968552603,0.30403998504904195,0.27302174096832243,0.2602917210693687,0.20980643688432887,0.35080149359302965,0.30209776851410647,0.26645013902855225,0.3049179546051274,0.261086758369893,0.23582817139935125,0.32087723940312446,0.32975155105026926,0.2285528769683081,0.28865766406286353,0.3698299313941285,0.26636456337347375,0.2711859456325768,0.3050258578847574,0.19544716144047805,0.3209894836912581,0.22804319923368743,0.2120635686021099,0.23424416682737245,0.25850670997772524,0.25692981089168065,0.28204125053580487,0.3196756950397296,0.28472106851340645,0.22921798622691456,0.2619943748042288,0.34251436996980816,0.3449017593056253,0.22388309329062106,0.30694651664343414,0.2773290671843403,0.23237207058515907,0.2006871232985364,0.2782295109604692,0.24205952338215592,0.281173305145062,0.2944793592381429,0.24362252859718786,0.29451705619908064,0.26652906912170365,0.22449379870823066,0.24415932279138813,0.23288781225956406,0.34390323838031567,0.2062178719466279,0.35577103973463825,0.25037743956521685,0.2603489907462335,0.26518872046811104,0.20092089195915616,0.2177488561924957,0.19375273301434112,0.2504914250924071,0.24418005788798935,0.24868040121313867,0.20154767032641246,0.21334607834898348,0.2655650061328796,0.25528442830568737,0.24720757306913535,0.30634332031083866,0.2564730292316345,0.31486727375356166,0.29669988052109475,0.24296471292627816,0.2686637447926595,0.2606200192262238,0.27928911451851196,0.3193281335705098,0.2512332618481241,0.27334717414435505,0.29450748984873876,0.24114502624034642,0.28710867273797075,0.21881034674202118,0.23931452928330757,0.3115477044338953,0.22040624584734433,0.30216177292885665,0.20096262379453142,0.274150897019721,0.28386840364174115,0.24764073796714164,0.24061786491895887,0.31089903596815494,0.2416126242131919,0.2554260959079976,0.3079828687081542,0.24741087477553128,0.24927819154123604,0.2523342578642361,0.2756709548288267,0.26287545373183896,0.25516960793491944,0.26967569876518394,0.24171298726349444,0.25858286171325545,0.3127530148322294,0.20633981013477057,0.28265248363111206,0.2634986695504587,0.26822983744426515,0.2210908690986573,0.2899250761696908,0.24920124103970234,0.3325510991123609,0.2444736145788214,0.2769996443176089,0.2807022318377476,0.30364845043149724,0.3046068171013477,0.23263352940825752,0.25103201812637205,0.2489366273233846,0.24952293672792508,0.19565462075995682,0.3811509864060732
0.26674432492866895,0.32899169545072954,0.28755167172906065,0.26370376197754847,0.22418948233529157,0.36519141263431465,0.27378562420652947,0.3161031027246849,0.23794890382005515,0.2683777173006174,0.2893343750101109,0.0,0.24728861321423687,0.18025945334827423,0.28338965815131356,0.2795364912088989,0.27627197338077597,0.2236445106368305,0.362189323822695,0.265548172914829,0.3592171453564258,0.27352091474097107,0.23421435749857672,0.26915007110361144,0.3468542770318623,0.22719353144465745,0.19756471808239814,0.2342979900542257,0.242800955589343,0.24652213798232367,0.31935383818698915,0.2882404965257998,0.27859476632019514,0.27252819189985233,0.24595447395862932,0.2959894797893424,0.283185906435169,0.26102120983308197,0.34108377797410516,0.2499534987670988,0.32985366293295065,0.2556439240159251,0.2856716947346396,0.32125644561473243,0.26880993504702033,0.2706561560878468,0.2662109486818126,0.3024164833866423,0.26595307962986264,0.2748364167233776,0.3296374061662396,0.321968579710319,0.23280837178186553,0.33831423094647334,0.33983308427447473,0.25758358651046986,0.3110788063262124,0.3581962477429813,0.22286583205230728,0.2596177798425192,0.25868998223803247,0.21082857308915023,0.30873675511646254,0.20845942376885626,0.23654080219935403,0.2540363039820355,0.2181748930315951,0.23255035160378562,0.1984256804946122,0.2510335632501188,0.27171442142566693,0.21221349988028357,0.21415704579748543,0.2846251402361766,0.2820976075175375,0.23050713692859745,0.25989527770468407,0.2676960770960562,0.25035086703339243,0.20377931680805392,0.2848691589396511,0.2823543209289534,0.29113983858944,0.23573456073692467,0.2680699800984323,0.3046512241366506,0.24253947435861445,0.2288898947637848,0.28227877020946573,0.24923580772453893,0.2641081093350812,0.26951572317836375,0.29494244737219943,0.2739281547183465,0.23243412099573316,0.346996752808494,0.22478312010451224,0.2972840573498989,0.19240770570978416,0.24963747467740804,0.21471778515730588,0.2566974486177703,0.24385871745773344,0.3178209727705298,0.25260456244683593,0.2790930215048336,0.29954715849014024,0.2637815664743218,0.25596333921089004,0.3292205164801007,0.3829224069600431,0.26405039738664093,0.25253608500651925,0.23508698748525783,0.26084312647717345,0.2711760915616363,0.27891812904247815,0.288515616813057,0.3100229718335241,0.20743817180130678,0.23845336002745007,0.2516304774830789,0.23851414630220352,0.3039804344927701,0.20471798547535036,0.3582396421350461,0.2143499787225683,0.2771128045436978,0.32969748444794783,0.22886593977169348,0.23010431690948815,0.27499174154792,0.20052132601781011,0.2621637303823267,0.2904976669849455,0.231418103532411,0.2882135735426285,0.24637638846834883,0.23286534025362657,0.3038669659959477,0.23246026237405887,0.23605003243982167,0.27219957650979393,0.25683735541747715,0.2952896823004406,0.26627700934272175,0.3851550801606364,0.26771336729126277,0.3237773662991935,0.20414649571299928,0.29857984645181623,0.2838526066435137,0.24598591419629143,0.25123790152601055,0.41202250375341415,0.2506407708589806,0.2483074883294393,0.3315151257927631,0.2077855995078185,0.24232788349099302,0.21729578707379615,0.24376608657913346,0.21719744241157107,0.275427746656509
