0,1,2,3,4,5,6,7,8,9,10,11,12,13,14,15,16,17,18,19,20,21,22,23,24,25,26,27,28,29,30,31,32,33,34,35,36,37,38,39,40,41,42,43,44,45,46,47,48,49,50,51,52,53,54,55,56,57,58,59,60,61,62,63,64,65,66,67,68,69,70,71,72,73,74,75,76,77,78,79,80,81,82,83,84,85,86,87,88,89,90,91,92,93,94,95,96,97,98,99,100,101,102,103,104,105,106,107,108,109,110,111,112,113,114,115,116,117,118,119,120,121,122,123,124,125,126,127,128,129,130,131,132,133,134,135,136,137,138,139,140,141,142,143,144,145,146,147,148,149,150,151,152,153,154,155,156,157,158,159,160,161,162,163
0.0,0.3067024785345182,0.2666291997593136,0.30930620248968643,0.26589461455910657,0.2954025031256,0.2731077350887803,0.3149437334678042,0.36224179399884043,0.28809940492687725,0.33236217835614523,0.2650742248323827,0.4383862435064468,0.3123802364764519,0.31322375271940844,0.3186571610560895,0.36138562920081513,0.48894533502127785,0.2962923203394259,0.39682169750320556,0.34196158027657597,0.2946031375657973,0.3203978416397672,0.29878493824937286,0.3812961130767155,0.3032733129991056,0.28840833671823923,0.34938109672031425,0.23294874491364917,0.2792663842037628,0.319103877033457,0.35604006085830053,0.27346175194278427,0.31092281592117993,0.43560334311793547,0.30611406145064063,0.3962083854951644,0.37743635112054286,0.24654349967215042,0.399582440687427,0.2808068849033975,0.3799872504422615,0.32104100973093247,0.3312805275562418,0.3304774428913414,0.4068334096426899,0.2744054788442866,0.29308787525045477,0.39333004046620906,0.38282923056053514,0.36998767010483613,0.3522533495502327,0.3106771493033649,0.2831103980965551,0.29035508752712547,0.39937305619683716,0.46387496409613815,0.29249159528497004,0.3050784006934523,0.3727087219230087,0.3086010888324791,0.29638583285139986,0.3705174277879181,0.26508695891302936,0.35358285873869594,0.4252902890169621,0.36508437157868745,0.31775514197993615,0.29175644675158185,0.3547917688131051,0.41862408433422693,0.3478235411622169,0.40893021980430255,0.37553334118664905,0.3589441966162293,0.38076048860142364,0.28249709788739746,0.2672198740029193,0.33524802431040923,0.2669205515579794,0.33690230591679127,0.36642639951579714,0.3039594007461933,0.3601210390509557,0.4295191988010934,0.4030874580631002,0.35525066789644655,0.33346710467531043,0.38760367124120676,0.35225614694077056,0.3899247399703949,0.2958054501288676,0.32798602428414153,0.4208275910415421,0.3894116805131808,0.26919046503077365,0.24056166745297,0.3036246280777716,0.29079809030743975,0.4023281420510102,0.30342448300298924,0.2866027802784235,0.30482950525311253,0.23201551612510043,0.4135362065314841,0.3433588164128933,0.3341752041154626,0.35613508337401534,0.3475028979732639,0.31206125534889595,0.32302979835497075,0.42527223344536275,0.41221219820276733,0.30729011216195623,0.41307689796839214,0.39487094576985277,0.3740403319491104,0.29712594342342397,0.2904023066117563,0.31601711252831394,0.34135084247060493,0.2833599813179252,0.3961398247215838,0.361604672100095,0.33428821893394073,0.25904191046004943,0.2988173448319989,0.25751923161450835,0.2906334367998078,0.3539347995089607,0.3110860676332791,0.30619930046505384,0.3107286298339939,0.3437752617166637,0.30901965834412465,0.33686767523596534,0.2987220044162045,0.3889394286443937,0.299164988954108,0.33295976630529284,0.2602987923956271,0.3235862359908098,0.3715466501726476,0.3019547364804718,0.35330832997253375,0.3351099544295371,0.30473313339747277,0.2697213343139134,0.3201464186191391,0.2297658327287333,0.43236872948543476,0.29099476002207086,0.3313847828325458,0.24408842854208243,0.3254357065352743,0.3718232278266113,0.32607743769675473,0.32740865685274356,0.3189998414503737,0.3970680995002568,0.31022923460589175,0.39687163581365775,0.2705593626934362,0.44755796709456186
0.3067024785345182,0.0,0.3041687568120251,0.31731940183464474,0.24417916415602664,0.4014494126364943,0.28618135248789633,0.36426140458727446,0.28666545650776376,0.40403778349676767,0.33656911526064537,0.33198007306172256,0.3138821541116459,0.3040003804051792,0.3485746897392767,0.2982409908211332,0.3124621504848821,0.2896452298771836,0.34622428442414693,0.31266150236499207,0.32272915283417186,0.4012238075937317,0.2774327987224362,0.3017913262508228,0.38508265224860716,0.23123048077292094,0.25003279615705043,0.30519750205376167,0.3568693414850365,0.23695609200441103,0.37475547127734987,0.34505169673073177,0.34653031916456745,0.27057693198374844,0.33581580670592015,0.35938774705290877,0.2900153517781113,0.31993756995278033,0.35172028275981826,0.3119681991284112,0.3477868595930871,0.33539987405808797,0.2502279129704515,0.3105569681017171,0.3288648083466603,0.2741930063231619,0.24078236599396907,0.28879989332293027,0.3258095775902224,0.3015209402160921,0.30153308163372755,0.2762545981163129,0.33377263281957714,0.4093672303386695,0.37420011432715466,0.3673799814898122,0.3129976995136367,0.2942010471491041,0.31475310055451017,0.3211948939288985,0.38077373649744917,0.2383759886632739,0.27984219020087,0.2607542608797134,0.2903618831713806,0.27979365628376723,0.2905316244829348,0.25255542337183035,0.2511135038281258,0.330503339048077,0.2950706282997726,0.29912695586552696,0.2611889583419108,0.33090280276198564,0.377780595988593,0.28283262207657034,0.2719415180267451,0.30656165651063616,0.2586419734909458,0.23484713637116464,0.33177770035696197,0.3058446532004633,0.3393970435480394,0.3147559489128354,0.29623922564622357,0.36930524408962534,0.2875514592091634,0.25384391376632265,0.29216277770192156,0.3259874303607064,0.2540272170312548,0.29701216962624594,0.3615925708905436,0.31785625469824047,0.3200398388305351,0.3768815043260177,0.2877861368816971,0.3075805347475165,0.2539893304321632,0.31027960525510584,0.32548568624707847,0.27056482818897337,0.21824300059804544,0.27970579298620785,0.2876327773617196,0.2555921916378003,0.29487106172289873,0.3768928974249506,0.30015224413560376,0.3434225201628162,0.3060898876630325,0.278370889800027,0.31272205968743816,0.281693485384523,0.3122481670490471,0.3311352751761052,0.33505872600082676,0.2739064639894554,0.3278426678062185,0.2733344347718343,0.28103325854579686,0.26757422388447905,0.2863169557205669,0.3363447329881815,0.29792572170482434,0.3625100705300464,0.2730217592755413,0.29043241523302493,0.3949625803141922,0.30896593038581527,0.3317669273381095,0.3053026747396096,0.2557826978039768,0.3440645995975039,0.3617120100169495,0.3162056772487297,0.28124146143913925,0.32302052843846424,0.3093280224883196,0.30216145094606284,0.31007182692857355,0.35115781523909567,0.3494798010342742,0.3155154771557732,0.35238112729759635,0.24464318331142842,0.3365526368554197,0.31768463415739073,0.37547203771284104,0.2663576498076614,0.296387483247102,0.366708878246711,0.29816071408886297,0.2946821442891721,0.33332786423023836,0.3221786732553351,0.2893434857158869,0.3287076511209169,0.2944519310371669,0.28249095845951017,0.34398152187705827,0.334901251257989,0.26171865508021885,0.3014256026779565
0.2666291997593136,0.3041687568120251,0.0,0.24469210949922884,0.28207617572736393,0.3055094630716176,0.24021534657810512,0.2737894393351814,0.23445315302178055,0.347955025635647,0.35585624992154785,0.3155708398907491,0.30122532985920625,0.22891885846950016,0.28030328388121034,0.37297130420040364,0.32733280547108345,0.2733796665079094,0.25240541370590264,0.23956004070214312,0.3475186724531109,0.4226195234955413,0.22445474750815675,0.29081343750288563,0.27758780389187465,0.2643993401866935,0.22465496887504072,0.24322073119056517,0.27721853761510945,0.2683283118978311,0.24836235614781746,0.311544027929198,0.24135563885944075,0.2143342469436738,0.23909767843320753,0.2855804939519416,0.2828338254335431,0.268814327475107,0.2860694036835038,0.2818342658057388,0.26235730730596213,0.30183364584548333,0.279921374115306,0.2894234873787488,0.27149300359787615,0.2512709550196752,0.2613992119866777,0.33647642363389413,0.2746663465191692,0.27966338703299853,0.29583982377470136,0.2769178358177818,0.2185358843843571,0.3231659541150042,0.32955682882863435,0.23534367880343043,0.2632527129539786,0.31384983025890684,0.25258244998208806,0.2540677617853519,0.2582391867325862,0.21396616762900914,0.30875263160872607,0.2280157082420527,0.23682436014667874,0.24527318148947966,0.23002769717710733,0.2851641088989168,0.26325366101152625,0.271742388181162,0.2919986784847036,0.2254361323384804,0.2343716956320736,0.3542956672799321,0.30579917664027845,0.20646682448023404,0.28816822163660105,0.289702252434209,0.2139820306270007,0.20314724972216755,0.2712858770055441,0.2530239205750947,0.307029134370962,0.2473477221623961,0.24070007713331315,0.2834085431080905,0.2258507118714103,0.21681415863555423,0.23496672966356114,0.22176633734900608,0.28563204971495454,0.20917223676184182,0.31890034612576534,0.2217794139274561,0.25217452146543456,0.27420388291644815,0.21788402862083728,0.23099819057672163,0.20217426663014731,0.24186572334270254,0.21365094604969045,0.26030232292227323,0.19729642265612632,0.247673649415064,0.2531396288951946,0.2791778601661603,0.2755346192030971,0.25764973601790425,0.2679816641811064,0.3192028122372247,0.2837531232002075,0.23881267333697703,0.23415335214345495,0.22592022989925917,0.2354762226152032,0.2862897128039386,0.2184663385222491,0.34199085836443055,0.30046343376879286,0.21464589885711524,0.2843338292999426,0.20196280889269236,0.2161986022678066,0.2886578861021708,0.19708243257352032,0.3256179779217201,0.21750282588313846,0.2957871462229265,0.29955961280511195,0.26627079931282455,0.24748713430469513,0.35994024559860255,0.1912165621239706,0.22004506498822768,0.28626517562144055,0.24287383556347789,0.2393198546089987,0.25217408428571964,0.270641096423283,0.24881768522844747,0.2171522653771013,0.2806137272777981,0.24460040874789946,0.2685259119665295,0.2842301409550068,0.20443666539753264,0.32355959220277386,0.2669407889632781,0.31661305821970415,0.21763900296166258,0.22241847251122712,0.21993024400440772,0.2704166040736012,0.3052236832819877,0.27167979526664837,0.2463861650621798,0.2615184769001599,0.3216293267630932,0.19321452680765772,0.2488015145821469,0.2666550676473116,0.20598712026653815,0.20154937246371862,0.2833481342301568
0.30930620248968643,0.31731940183464474,0.24469210949922884,0.0,0.251257126608547,0.2852154583966678,0.33825987517175976,0.3131486232922752,0.28560634672345864,0.2846248918374337,0.27713421830603213,0.28635418684375813,0.29046393454082414,0.28396812053946924,0.3931057689852755,0.24427357951699244,0.28722192704349264,0.331647981046437,0.3064363790540522,0.27969818901884563,0.31371081955755775,0.28538637873501643,0.3072965340556099,0.26702977277363954,0.311206182097605,0.2591291884461923,0.2920443344952352,0.29509066677715323,0.23082992911251857,0.23053188111656606,0.33344256563262326,0.2731661778241001,0.45904193186248393,0.28987899865648253,0.322624719442765,0.3263667348802838,0.29678208146623003,0.31448574724515954,0.2830112430713342,0.3433912558996741,0.32326344662667156,0.30940868763608037,0.271442464011967,0.3123035718175635,0.3116595129611139,0.3218196990275423,0.22242906327860903,0.24037921853501362,0.31453073881118027,0.3173713516628664,0.3850814775777848,0.3082126657069186,0.3210342432214909,0.375211117807178,0.3135011911559804,0.2984487625338145,0.33681227898135274,0.280660836760509,0.30589366365511533,0.3575454879835774,0.3220066261669126,0.2593177509887806,0.3240331879537992,0.2317044427420525,0.34139172291997116,0.3177251594932191,0.3368139739211565,0.2591676500157233,0.2635010938192297,0.3135624509256561,0.3082034489665296,0.29851684829938935,0.27271654970748677,0.38384668980503345,0.31523426275531485,0.269548624656327,0.3060654767453459,0.287109802253147,0.27794984952357604,0.20292083085133594,0.271675783549778,0.4057137640459561,0.27401001998082947,0.27646317917394586,0.34440186945841716,0.3277971865893562,0.30908150978242943,0.31762661698265104,0.33201641582741165,0.29475406166396917,0.30669816092750335,0.34638485878679887,0.2936117016020682,0.29297659536709314,0.3495510334732722,0.2827527900858471,0.26472437704258445,0.3045926357190292,0.2638925604308373,0.33771405386019865,0.2855303442963494,0.27854300752343447,0.31923572563143376,0.27322773509467685,0.33664228108551497,0.2790330818644431,0.30953597429655266,0.2769425347397265,0.31152137089325527,0.2537915992480746,0.3290055831175303,0.318551355884325,0.3408265462789033,0.31089237026379213,0.3189666220831876,0.2865390079377998,0.30990918066401,0.2354753274593918,0.27710298279601286,0.2929270462254855,0.2785138013894477,0.32246252608703463,0.2608194207858311,0.32663745670249217,0.2546096408551922,0.267856864069796,0.29113956680865793,0.2742366420846159,0.28156975946970314,0.35003701665290865,0.26702502004456097,0.2884975828200097,0.26241779025369655,0.317744811642105,0.2857106524598283,0.2704345241734338,0.21290380499383446,0.34726707936250834,0.2914273253608809,0.3211046259324127,0.3571623958089034,0.2651689986859554,0.3905304393694474,0.31781246845216515,0.2866139711654458,0.2824069399462916,0.3254413448681657,0.27133229050690444,0.25426698316549856,0.19943970400889274,0.3360885150161244,0.31652434490080933,0.30308403270203554,0.24409932038217824,0.3199199333163636,0.3379651908425539,0.28412353352829517,0.3077999586815608,0.3765085772559571,0.29222362948047315,0.3125726876308667,0.2874501498047591,0.27629423508337847,0.2929035328751007
0.26589461455910657,0.24417916415602664,0.28207617572736393,0.251257126608547,0.0,0.240926287884646,0.30361097395373576,0.2323854697496838,0.2363449825141281,0.2491631063160021,0.28113242499814256,0.23466638585979135,0.2608444120029812,0.2429039268762695,0.2853272893942258,0.28767745439936176,0.30596309541550726,0.28467403458191926,0.21926192345956733,0.22199421367545255,0.3068648873256087,0.2770049498062869,0.28702742071014364,0.2682206906351336,0.2468085080911272,0.25939371919086857,0.2516534672969734,0.23189267700906807,0.21387283078656724,0.3160559480191148,0.24745663575012625,0.24751356020444926,0.23932598182486528,0.22099096387182432,0.2713048255313126,0.26937334479144565,0.2761506393750615,0.2669108118031834,0.23591605673946475,0.2801298927196309,0.2699673309106639,0.3397290003860981,0.2779647275167026,0.29537245380879273,0.22614772822580514,0.25007494726048163,0.3140306459919076,0.2729249600805797,0.29109904563491007,0.2831489556005583,0.3130095094107188,0.26327240630424803,0.24577901817859493,0.25055257321654684,0.2529955794776899,0.2560290890143305,0.24950365399491944,0.3106834495126333,0.2482136339040659,0.2587358604112202,0.20897035583311435,0.2335577629167231,0.2802124060213247,0.22888909826327192,0.24677614061021846,0.21677636898420374,0.22339618638449082,0.2748068668042086,0.2375574012211738,0.26837319372704416,0.27122026809116945,0.24177701216469827,0.22374140293745015,0.2949115518973241,0.24613241315573586,0.21718774932199808,0.2740954236887232,0.4067551771538547,0.2156623633992271,0.23374741977161334,0.2838216327183284,0.2567455173689016,0.31680096501554084,0.2202245533831025,0.25357107660600814,0.248671361622946,0.2338103759998951,0.24162599736262913,0.23694602915409213,0.22106207435975583,0.3752207378179314,0.26093402658632764,0.329586309295592,0.21241089265158192,0.26972874649100914,0.22562465533065182,0.19011466463539486,0.23151595082804988,0.2337085002839382,0.22950157958061665,0.22106367125518056,0.23154769444597634,0.2311076629380905,0.20409850829070822,0.2510500115942363,0.27182930256919774,0.2494039951061803,0.2667474122216269,0.3077587262944864,0.25502356625907413,0.26836662049967297,0.2712411685036055,0.2362208533637802,0.2621483281732654,0.2376089125307448,0.2755961468951181,0.23721786547356088,0.23524057957557357,0.23828596417792594,0.2494018674816325,0.3219590214205565,0.23412619857437278,0.2151377045009162,0.3204586658490921,0.2144919321198292,0.22513523603308874,0.2332277348525329,0.2692934709122451,0.22522151828132014,0.2631636795751463,0.25813356920023944,0.28768381086296835,0.19459312889074787,0.23031054859758518,0.21105645211100946,0.2614670476103918,0.2279345574965689,0.28803614138627187,0.2286240783449372,0.2794607645060582,0.20457664763988034,0.2707597250725722,0.27286370048458425,0.2673466310953399,0.274501148037047,0.228375814828839,0.3061843518396415,0.2745399912506256,0.22697130619323355,0.20241012449530094,0.22175919258187632,0.2450681346672781,0.267077260971115,0.2828368034304912,0.26342214876754766,0.2495465183877912,0.22875032526521225,0.33049353836883144,0.21824508860320194,0.2613229606993645,0.2586440284652638,0.23038017277185238,0.23707340199268573,0.3002366733831845
0.2954025031256,0.4014494126364943,0.3055094630716176,0.2852154583966678,0.240926287884646,0.0,0.268496412309664,0.3050796658227248,0.2657466831240901,0.270556204955039,0.39361845163294806,0.36783233715224994,0.33579707504123063,0.23393406872829756,0.3310239441538854,0.3343502211818891,0.30554588806895067,0.23529829482444808,0.324047413907559,0.2861675341518013,0.34888182431069076,0.3732388283687144,0.2112890495580494,0.28880814645086716,0.33406433228992327,0.23934301339867983,0.21298855721871196,0.24761051093065806,0.2923946930347949,0.25973040992915547,0.32824548975649115,0.3607584562460945,0.3352751252880125,0.2367736654351167,0.2817158972099196,0.29894520264209,0.3246975732167421,0.2767320262567442,0.3264934679418474,0.25841104413708715,0.3159930295400913,0.3126476690836567,0.27549921903956626,0.3901428610159376,0.26769942141075415,0.24657447312577174,0.23964550783795344,0.33359206411750436,0.25256070864113317,0.2876994418314627,0.3168350241623953,0.3207998469588884,0.25759019321572363,0.3984702509935312,0.3200351363216175,0.3195646936062764,0.29000316023441763,0.37941369962136684,0.23463448633461792,0.2576538305367605,0.3561675701528247,0.24465868245643768,0.3445118483303484,0.2142068564358959,0.2511087314351429,0.2558132286737813,0.26196982624290105,0.29591012207324346,0.22272710788657268,0.286410860780029,0.31770060709793574,0.23055955269533043,0.2520030801324923,0.3137919047335207,0.33526991399655465,0.24488602304066376,0.2873675049062293,0.2829007731006322,0.22874129939146737,0.2643921231941868,0.36488119389120777,0.2800197938650719,0.33331511167852323,0.2947003194338047,0.259991280370053,0.29578365431715015,0.30232203685994213,0.23195251059585975,0.25912797291441975,0.28142630950403674,0.28470414951203293,0.27766701615895467,0.3523977556434486,0.27086899347708276,0.25535351610077034,0.38252072348310284,0.27223144238057767,0.281203856115167,0.2197559317658893,0.2507490859359353,0.2719129408440147,0.2560682077160966,0.21940940351688243,0.23916590908142704,0.273264310556282,0.2790155023416131,0.2879277309127717,0.28123216934916956,0.25809031986103975,0.36035125750821095,0.34101082952348105,0.2427791629360475,0.3183218332687418,0.252741615185141,0.2641366854287204,0.3027409142124206,0.27713799605955186,0.2494670701474182,0.3648644696301131,0.24000942437113962,0.27587994781922337,0.2565567259941777,0.268422935402789,0.3418266944566379,0.27546089532458173,0.35329759264498567,0.2428580984830387,0.2960993589063564,0.2992652556871132,0.2524191586751216,0.2777096880495492,0.38077194712498535,0.24676558280656352,0.29524534899347044,0.3331043305388458,0.29918177138838986,0.2975633285682806,0.25920861372347076,0.24938421461565616,0.2708673030411514,0.2964519246391215,0.32915784240983453,0.2669430878616273,0.2847866102818247,0.33558779425854046,0.22608072488315306,0.38177648375757417,0.3009738861458645,0.28224482817414054,0.2239627547184015,0.2776762447745942,0.29367453818656064,0.25284619608347864,0.2661917483531358,0.3386562669825811,0.29794023455849394,0.2953507620800006,0.36003444905891424,0.2628223120240418,0.28042753188565106,0.2529085966429913,0.2921176632482858,0.22204784636139926,0.312076005206421
0.2731077350887803,0.28618135248789633,0.24021534657810512,0.33825987517175976,0.30361097395373576,0.268496412309664,0.0,0.24424863120178045,0.24086592216449101,0.27524209395222693,0.2733297720869767,0.29416870328084177,0.2965512541189117,0.28280198070422863,0.40682907252149797,0.24690399831317975,0.28824712575895695,0.2857779505192424,0.26662569466014935,0.22694714854644527,0.3033076087727719,0.28645410950711847,0.3423590646588949,0.2955464331753454,0.28518713992918115,0.28115402849127813,0.2569722905987168,0.2494391956363741,0.2567788842636037,0.26519112600586947,0.29067181325037417,0.3005914311580547,0.34346488931580815,0.28341565310174727,0.2820116015225734,0.27578575303354685,0.32523758234810063,0.26061988618496235,0.28808375582727125,0.3663688544318388,0.331145461720398,0.33355879374805986,0.3093311408445569,0.34096323949571095,0.2762794537366209,0.2947503199858265,0.3075217970219374,0.25326342584576056,0.3883489432240918,0.2853637193020761,0.3905823041630817,0.28132288801502325,0.2664833704853827,0.33337114965533643,0.3196999688969583,0.30806425642451535,0.27488064230129744,0.2760888148225413,0.32379124649110397,0.28003346234218696,0.23953880588415685,0.2671576189769865,0.2740405608258842,0.24716346673061834,0.28414469914888163,0.24472462111514987,0.29867631873176526,0.32291525328809445,0.25385185240953345,0.26092007903874676,0.31700140038450625,0.2654213337893899,0.2389645080752913,0.3663802572008971,0.23411915862729724,0.26577538488632346,0.37349799179080156,0.3507046920013576,0.23893231760905684,0.23319112898479805,0.3158348049094017,0.2992364239989508,0.3187760065383509,0.22583084531152903,0.2705271877675237,0.26558674672152954,0.24940742695595322,0.2892205849052571,0.2779527723862873,0.26387206144413716,0.3308300018462017,0.35995495710850556,0.32901245603154583,0.255858875613661,0.3038015300517748,0.29922394459910645,0.21743853036253435,0.2956918209407062,0.26002531061913836,0.3052149776212923,0.27470592228751056,0.27726848069373433,0.29965432080186266,0.24020158519900717,0.25489494743673524,0.28536239058293,0.27319272278495993,0.2679555016537735,0.3783770839475115,0.28339357182658553,0.3906638113282938,0.2754207768101442,0.28162310011798414,0.2527247980796036,0.2654976467310365,0.2775405046714403,0.2781026496672811,0.2688707086670137,0.293437125164872,0.2506523011271698,0.28740443688809214,0.2598327553442744,0.23406973789338498,0.3689911393495092,0.23961604573859704,0.29177953540358775,0.26171196352646103,0.29676724235657737,0.2542655649928124,0.31384666674684025,0.24774888177081109,0.2555427493283483,0.2141284955135537,0.24604098477797395,0.23061501937006046,0.31846996534065514,0.24572148257335205,0.35029583872050746,0.24824611382046569,0.30398456812179653,0.27536064518802045,0.2782549206265693,0.3261999519756845,0.2720150031110911,0.30718143063782855,0.2932014656660321,0.31811617888176724,0.3367168672553552,0.23673275203148753,0.19582796203280856,0.2600101258730213,0.3098388257608095,0.25899012355710127,0.33626161634221835,0.3334423229070881,0.28834381780419455,0.27372515757883975,0.3511486808771818,0.30419818064128584,0.3342929035633465,0.31775949915611623,0.2562071050017006,0.2751861887732831,0.2885099938447769
0.3149437334678042,0.36426140458727446,0.2737894393351814,0.3131486232922752,0.2323854697496838,0.3050796658227248,0.24424863120178045,0.0,0.3344390600394589,0.30690558349464114,0.30899252149445705,0.31332559828656653,0.329641887564389,0.2708445963984519,0.33042217224872167,0.31094206798148305,0.318096713925168,0.316208959130347,0.3369582100155243,0.33835666333773906,0.3433926122342736,0.2886835965468697,0.2709984412211058,0.26379870794648136,0.35148668409961187,0.24607819207793616,0.30176748466963704,0.32280052518766805,0.23377761647552128,0.2628911428684496,0.45812084327094826,0.33609917394060157,0.32017493938186603,0.2824323978533098,0.3374080323008218,0.38746636169801135,0.3197910517006895,0.3995440494142061,0.327938748774982,0.3018275051746404,0.33064186765380355,0.2906459842138501,0.31351135080024994,0.29507529962441403,0.41197085567427877,0.3072996193573727,0.2411378109290929,0.2702951808510035,0.3229878744295581,0.3279406828837116,0.3103095925255182,0.2643669269617146,0.2975983240642142,0.3140633789685105,0.3240031165522464,0.29452824882420403,0.32918072737655485,0.366282920670433,0.3300583821938463,0.32676967622923125,0.4322490998486868,0.24433342762766405,0.3272170954714086,0.29205175802557126,0.282956808747676,0.2945542978491305,0.2982825932231347,0.2487285637104941,0.3178925009854576,0.4706098048604496,0.2937241886062258,0.32018642483114357,0.28462991199397375,0.3508851610566222,0.441230365778861,0.2844345061780136,0.29951086281147216,0.26916125481028175,0.3342112412440655,0.20409380606347835,0.2978089465529161,0.3200913023161579,0.3114063393796804,0.37438639661869183,0.3434592982806093,0.4199602085514029,0.41211382696573423,0.3030622882540183,0.3774693598858571,0.30606520714453456,0.2730853674474465,0.29463132584108503,0.3309705605672879,0.2899148186894032,0.3266993245311668,0.29170411039982075,0.3369820627683032,0.32616208148323295,0.2570757193608561,0.34095603779087447,0.3053026794406408,0.3621732440020089,0.26523216689274964,0.29174767121796685,0.3859834627213022,0.2931453743402939,0.34074623259762543,0.3526847888079981,0.29980229696304544,0.27987831352187204,0.28531771634404485,0.3171041397572842,0.3049135885676606,0.3388920338447146,0.32530889398911617,0.297890039734045,0.3453683178441761,0.27031156358944897,0.26271264431601393,0.277263743638307,0.281443494244661,0.36322930493356537,0.26206495986715134,0.302255484721721,0.27600783583335303,0.29216816091944847,0.25991343972878955,0.3331649256501352,0.317643915717904,0.3243331767178561,0.3631383471483428,0.3196051338384396,0.29694298071704356,0.3017573844852288,0.34827019606688525,0.2676513457122492,0.27609657120623404,0.31138972784660696,0.344289367555554,0.3574826918663467,0.30999262605332295,0.29744247755692393,0.3375057743506148,0.352521095013574,0.3522615228960061,0.2694317347053395,0.35360042420933,0.3050881579771713,0.3399348386851021,0.25153742309836546,0.3744051343168986,0.3576464262840972,0.31689583165330665,0.2626087853970416,0.3802205622281322,0.35538629897618296,0.274096844349432,0.3160033393737067,0.25845357205949876,0.26971064250112187,0.31498904825118734,0.3202080277494264,0.2805859251966905,0.29115137683474407
0.36224179399884043,0.28666545650776376,0.23445315302178055,0.28560634672345864,0.2363449825141281,0.2657466831240901,0.24086592216449101,0.3344390600394589,0.0,0.2519792143585825,0.2527027996325803,0.2372824404929682,0.2810465071466334,0.35903201625380615,0.2809603127918427,0.26455063279713326,0.2839797557177856,0.3661001342647333,0.2561307479751529,0.30937409474027194,0.26691754437073756,0.2949180562372253,0.2465380381693424,0.21906621097397874,0.2755095845848668,0.24448698905610738,0.31387132696977027,0.3070500578047942,0.2118424324369947,0.2950965243452943,0.3563187930251473,0.29233412417613625,0.2722211811479248,0.24771705163267613,0.3402082825050103,0.26837536484233526,0.26593879660708636,0.3973427596302819,0.26134007704550055,0.2760517807580815,0.2511557361609719,0.3446877512166049,0.25137986104875665,0.2533618902840292,0.2905954094371889,0.2945165577467884,0.22447838170920958,0.21117509938191617,0.27389652500300304,0.29518000783705944,0.28619863571331333,0.26566051118558237,0.347383295002768,0.2550058319554335,0.2461401499152719,0.3596509215760109,0.3338342676139699,0.2791651703063083,0.2906249807605408,0.286472268504809,0.28954385950677697,0.3103529307647765,0.28659248511704527,0.2632901963997555,0.33783824868286383,0.31204634276353366,0.35086281286060267,0.2772765928786037,0.2747673841567918,0.35179133751608294,0.3538088650718855,0.33719555077827396,0.3726694472961154,0.29140742044201134,0.3764802451866206,0.32048521247041234,0.254747348036651,0.2339138305579483,0.3132493735683064,0.24885037951415445,0.29837005324345467,0.4005401142173919,0.31839521300803136,0.30686433869762425,0.3716227238744517,0.37635977869315235,0.3265664618935846,0.3539440980148457,0.35218539629714984,0.4110415562964514,0.3193344565121355,0.3429214629522012,0.2688887739687759,0.31013701169028207,0.43245631908699683,0.2643952108343876,0.3288188007982124,0.28661726222488365,0.3514701134435659,0.3199330151929166,0.3225459249305877,0.24781505995693062,0.29206528111122726,0.22757597208640365,0.4048577015515125,0.2775404938105602,0.259050422985458,0.2961659467903586,0.2654479416890134,0.22005962771114917,0.2335739150504706,0.3625076912665595,0.33791207320508915,0.4541569765827677,0.31916195929993846,0.32102856378068634,0.32794665027676967,0.2329339766479085,0.21033758650122314,0.3863576706681685,0.30979827853910613,0.3398621352879044,0.2811353275556188,0.3057788757008444,0.4427776682883291,0.23424572596112705,0.3172910976389132,0.24116045015812743,0.23670051802555617,0.3085778112268607,0.44247541602647816,0.32367185197978804,0.34032263397969803,0.42153844213927616,0.26155299132450066,0.3011148563452961,0.23814840042895924,0.28322529004976005,0.2776482164983583,0.3282164879046182,0.28466557674983406,0.3002199299786024,0.37565850980023163,0.3791644597763131,0.29660574596694855,0.2769714388133667,0.34697458179038676,0.28142648052718927,0.271967153329384,0.2428333925810706,0.36598014780024263,0.3215508018310043,0.2800210647679909,0.22517823096553286,0.27990408158077096,0.34518609169561965,0.26419328890323485,0.27672720297858855,0.30886701109836995,0.32154673674962847,0.27608038461258544,0.38330517821604204,0.38634634098797865,0.3333032527197603
0.28809940492687725,0.40403778349676767,0.347955025635647,0.2846248918374337,0.2491631063160021,0.270556204955039,0.27524209395222693,0.30690558349464114,0.2519792143585825,0.0,0.2855023088595169,0.28680414502865254,0.28541649120134627,0.2787229229173877,0.29682038335469185,0.27220505112291415,0.2769113243134559,0.31796120168475484,0.28301413988159124,0.26149549452683135,0.2803725923242211,0.30460035985798417,0.3011959599535484,0.24548842969860182,0.39640369018526345,0.22496996899698934,0.25370390792540887,0.26405002691736223,0.37725133139822903,0.22833167690471004,0.3331179422155879,0.31818141579800774,0.2550482185754493,0.2534937701452129,0.3084172948445214,0.3214981538620311,0.29592869521803594,0.2864322833025682,0.26189322755473804,0.28967112550993274,0.25832066234932083,0.3002665235802433,0.2652850561552035,0.2718368428377102,0.29930728223468295,0.25701081218261906,0.2331488992770569,0.28071975215162004,0.3538796099277597,0.25761478691317335,0.27963797194634193,0.23401343252161388,0.2581471761865187,0.3199847952340914,0.3802053662374567,0.2948488897545446,0.2618232235837959,0.25234490612556887,0.31972956295036165,0.2752989631701898,0.29189342299827775,0.22227523409545907,0.24729638209278118,0.25688171167003837,0.2692370919780622,0.25224573369006453,0.25863142045478715,0.2500041459976006,0.28261567429187484,0.32510795972317824,0.260618627203739,0.3041492334400493,0.2351992949279825,0.3053630918252645,0.2884136849414832,0.2755360368176702,0.2526766583870868,0.2933873556090441,0.2311139314100102,0.20310891179898516,0.28076592491945496,0.2767183646164965,0.29698023083572545,0.2775447158382798,0.2747426117016827,0.294610801543459,0.2746620463560315,0.2727505148500167,0.29227615702950765,0.24880143798886664,0.25380315958228383,0.27032789344272357,0.32581741296803607,0.24430050830718036,0.3014435383523318,0.3246130755603934,0.223360580781703,0.28492417500738165,0.2509747652279945,0.2829203343541628,0.28183503923359216,0.27477729225333025,0.23626554609308015,0.32887562802109005,0.2704067615254248,0.23877192160855237,0.2605874928195509,0.33114573326339397,0.28102659308162675,0.2877013610973029,0.2727961442549135,0.2679767040430897,0.2770549707708396,0.2674569554369279,0.2629963384113808,0.254526932183758,0.293721635938188,0.36920095363573174,0.2801496330683718,0.2643007282870518,0.24643256604604052,0.24652923795231524,0.23521690279488763,0.2893458326356506,0.2466196777162684,0.35207473883387885,0.2362367929063997,0.2575999515723908,0.3632445935968,0.30827985436855404,0.3062084526938899,0.25119818390787463,0.23360503513999184,0.24816273613491552,0.2887064123846589,0.26186787804493467,0.2478088811550589,0.3052370144539064,0.3193555618933739,0.2861691989299616,0.27897457407067927,0.3162804657241838,0.304370016396165,0.27995508310825223,0.3080404010356307,0.253988451695591,0.2540479297099472,0.2899838162913502,0.4521430012671472,0.22678676724088936,0.25684821666046176,0.3331587353431544,0.25896691752531237,0.2849050671173764,0.2983060225596783,0.2915921752704877,0.23570246808801057,0.2879323635601504,0.2660356541420404,0.2783553368352616,0.35992189016277837,0.2923133811231285,0.2541814549166838,0.25475277266919655
0.33236217835614523,0.33656911526064537,0.35585624992154785,0.27713421830603213,0.28113242499814256,0.39361845163294806,0.2733297720869767,0.30899252149445705,0.2527027996325803,0.2855023088595169,0.0,0.3485184452574933,0.38207581504713634,0.23883276820950158,0.32472061611514064,0.416236054192748,0.36473399772139664,0.2902917451879993,0.30071499831044224,0.28569895974734166,0.357832765372219,0.416412123699172,0.26024271030091867,0.3398540366076535,0.36424502236418926,0.2753050737498324,0.27037405833261385,0.3100369651985701,0.2844504207684125,0.2974103939585579,0.3008047136656321,0.34555103105242485,0.27196703754335355,0.24609339833494762,0.28975722164447026,0.31046551385583737,0.3758811777133931,0.29320900171086695,0.3344749408059665,0.3034108130133425,0.2881168115946468,0.3348591799079801,0.29705535621446577,0.36627424197739744,0.28797834862902455,0.2690321858731459,0.22624080800455232,0.403524373689228,0.3117917695497443,0.2726809710199433,0.32324335147384253,0.27335042331139825,0.22971642025635483,0.35592662545838194,0.358495333968855,0.2641973667739758,0.2988165551624788,0.4098278545251584,0.2581526560177804,0.2671983291664368,0.32827190916321997,0.2082965461921731,0.3412919138646868,0.22954896834252478,0.22560929021371856,0.2544880117412229,0.2714324224416294,0.2868496353014371,0.2746653037652853,0.3284473505866702,0.30289684176416337,0.2359201571125218,0.26410348976248366,0.3569244652356242,0.3480966690587914,0.24566222132609158,0.3343631842866725,0.2996320398935127,0.23491919906552322,0.23022059809650341,0.3210762905162843,0.2503426607084365,0.3162447497906486,0.30117227113551215,0.2559498503291803,0.2934547261473535,0.29763148413782,0.22865672303169327,0.2624826383204681,0.25954858107712664,0.3300267725638641,0.21980136502399183,0.3793394553923026,0.2698906107305213,0.2510027748917129,0.3130374664367127,0.22067620405943178,0.2404471177846707,0.2018853542624409,0.2567379775948222,0.26890192195195894,0.284705751535692,0.21411759632844238,0.22802247257662356,0.2628313509767081,0.2751461760666717,0.27984952650128336,0.3214873205911008,0.2757994335711107,0.3929480005620467,0.35445001316469266,0.24963781424853548,0.2778909201755562,0.2613993293113272,0.27213467433654975,0.32861144406739623,0.26625210899114304,0.2972922282317681,0.33706248034876035,0.2348118771991425,0.2955824475327672,0.22509132475085278,0.2480964830385172,0.35114335806491564,0.23153255124350117,0.3464299439007737,0.2056508264120241,0.32005309551003225,0.293758981141325,0.2618387405381497,0.2642998575629612,0.3446943812809827,0.24936562657919592,0.25461352886544075,0.36034270767879745,0.2791518898084986,0.3001323850909865,0.2776379993784371,0.29149188536040693,0.28624028002861995,0.26792565789743045,0.29949567259884785,0.2432387875632107,0.2599960426265547,0.3620653469295569,0.22014899895527737,0.3195473770917815,0.29325661394713026,0.28651327933661236,0.23969120097441238,0.3095584633941985,0.2592707304663285,0.33717822632999056,0.28896631124729655,0.31739822066896883,0.3086222117661438,0.32706132708782437,0.36369105788636835,0.25017149558027124,0.273306800530536,0.2645260064791231,0.2635559258515883,0.20845916421057056,0.3883068249293818
0.2650742248323827,0.33198007306172256,0.3155708398907491,0.28635418684375813,0.23466638585979135,0.36783233715224994,0.29416870328084177,0.31332559828656653,0.2372824404929682,0.28680414502865254,0.3485184452574933,0.0,0.26930440162818725,0.19336243594514518,0.3186633398742866,0.3192890869413218,0.3187502169823349,0.2416719492723797,0.3898439138050249,0.2585994630022921,0.37047898034763627,0.3128325991413187,0.24748359261356698,0.2962729198330591,0.3469886224590473,0.24513753515690015,0.23407012026247306,0.25292841899462404,0.282361589405136,0.27997756132257495,0.31884609519209445,0.31602086398898527,0.3039605349308712,0.2676449802716365,0.25460895019888946,0.3112685473225389,0.2888842455907588,0.2852335820735412,0.4016447353604987,0.28469535246154076,0.3580329375175748,0.2691943395055517,0.3073670972647355,0.3423675830514496,0.2744001477818749,0.2819482685669833,0.25016461783184235,0.32114549894003874,0.2861709190919819,0.28624127183902737,0.33334210538205805,0.3089099873594078,0.231926230493081,0.37746733872238325,0.39902657892179266,0.24743054042677415,0.3155585788010753,0.40538627356968415,0.23050605664872847,0.2686742205552091,0.26361595906061774,0.2151875315095747,0.31864462031996166,0.22553472029834692,0.23611325924415447,0.25180728549808584,0.22161553607368256,0.22822466149791934,0.2292598698163182,0.26352764496625286,0.26427591675903395,0.22412038930411865,0.21598736042804484,0.3086622037470804,0.30815781882467974,0.22785102385311745,0.282474712666715,0.28734410579980163,0.2558421876534653,0.21109629074001385,0.293836848934845,0.2643189011274398,0.29372834807758225,0.2517742548140902,0.27669554267120183,0.30132004129983553,0.242218117446249,0.22886651874994224,0.2835230858712756,0.2470803398470366,0.28549410826880256,0.25740338109617517,0.3459026066611362,0.26341689565653,0.23233641555774207,0.35936998248486457,0.22959390052279136,0.2857350654792276,0.20120921784623877,0.25320169120477304,0.23230816250216657,0.27905596740082916,0.24822124081107264,0.32501054263008533,0.2538376842948785,0.28557436352204235,0.31994950796733823,0.27716087005096657,0.2824564842614821,0.33082646880186367,0.39983501708631847,0.2689532662512642,0.23938922692977038,0.2551795574563453,0.269183940156981,0.29631399894079696,0.27704337653622724,0.332787329499965,0.341343933633122,0.21534018426028462,0.26168407060162996,0.24812779679095265,0.22851089115966655,0.3135199022876537,0.20441180440738677,0.4286312544807116,0.21399049411271792,0.30135789310155514,0.35777573761873627,0.25126324109617654,0.24988253646509684,0.2972739829794566,0.20764350862057368,0.2521852474806797,0.3063901320056465,0.24275990452604101,0.2930841659919987,0.2821900561543664,0.26246117944598263,0.3084014938920615,0.24291730599766032,0.2602533821115352,0.25877035307916524,0.2604925443691114,0.31727357439824994,0.25403113765513236,0.361493180279174,0.3034016688978314,0.32655631600066526,0.24435334369937053,0.2883656576419892,0.2869327350903933,0.291504636945001,0.27968631381400866,0.42776409032858137,0.24724902718867234,0.2596925796218071,0.33889992108931805,0.2221748724023194,0.2557844013271896,0.23618127395012917,0.2417536556377627,0.2229364986939329,0.2920627164986428
