0,1,2,3,4,5,6,7,8,9,10,11,12,13,14,15,16,17,18,19,20,21,22,23,24,25,26,27,28,29,30,31,32,33,34,35,36,37,38,39,40,41,42,43,44,45,46,47,48,49,50,51,52,53,54,55,56,57,58,59,60,61,62,63,64,65,66,67,68,69,70,71,72,73,74,75,76,77,78,79,80,81,82,83,84,85,86,87,88,89,90,91,92,93,94,95,96,97,98,99,100,101,102,103,104,105,106,107,108,109,110,111,112,113,114,115,116,117,118,119,120,121,122,123,124,125,126,127,128,129,130,131,132,133,134,135,136,137,138,139,140,141,142,143,144,145,146,147,148,149,150,151,152,153,154,155,156,157,158,159,160,161,162,163
0.0,0.5572908060785294,0.47864997780959045,0.5360072750781948,0.5290374350039968,0.5415885304190032,0.5780197373201534,0.5832722755441087,0.6046566691287277,0.470821193215304,0.5675514000044017,0.5146461844716127,0.6229370095466749,0.5522828362687667,0.5721593022167014,0.5702063701662027,0.5821527519163138,0.6927840191391303,0.5447107894870663,0.6958460454028074,0.5873217865792073,0.5443792456527692,0.5443540237704639,0.5629402282780089,0.6078335288207364,0.5505728679797642,0.4935462288294365,0.5611160178112198,0.43536127452628093,0.531579451632832,0.636702939980708,0.5861703865051155,0.5427687228347063,0.5537293203630195,0.6631051783600651,0.5151838903810201,0.6653721964574472,0.5974677717131701,0.5223851735876337,0.5617975640937347,0.5402237351840841,0.5877634976008352,0.6084555638704924,0.6090523573723872,0.6201688133891333,0.639476260602909,0.5624563870259065,0.5414524934745366,0.6389792430667446,0.5866230600626869,0.6122692153094025,0.6036345414473268,0.5290107050939427,0.5212075561516035,0.5014186808387905,0.5601521866638209,0.6558633345097757,0.562981423196114,0.5896988125469125,0.582452956880483,0.5456261012116845,0.4933585833659298,0.5778335737512564,0.5057275097864398,0.5798277070527971,0.6027133122758583,0.6015184747373935,0.6168045803469425,0.5568930991349207,0.6465188287240015,0.69982866548326,0.5766703546629693,0.5633232109071907,0.6035821439906157,0.5766678471759813,0.6419887272633842,0.5467386593870806,0.5364800773452555,0.5957549223380738,0.5191139553590826,0.5541936444674351,0.6160933157470411,0.5711173067950032,0.5513202034862111,0.5656686074755795,0.6498851092710356,0.6256552578336012,0.5903977385180259,0.6020343063068435,0.5469001046570287,0.6110679863997996,0.6026110961383498,0.5447802642239636,0.6189287495761405,0.5745472224880039,0.5349479068043641,0.4999569851027218,0.5798364741172379,0.5021868400228124,0.6017876618122291,0.5455983953071982,0.5560126931131022,0.5416826425063213,0.5013429553043733,0.5893964040888262,0.6016906560370928,0.526473767923669,0.5651752148194956,0.5882803808429996,0.5801592871229484,0.5869158811140635,0.5622100501708438,0.5941384042728792,0.5344697100183624,0.5870807024738104,0.5901550470118659,0.6329465982216176,0.5085357669248601,0.501091811256163,0.5282123693797607,0.5896314694475076,0.52748919292031,0.6133836087064494,0.675739370123112,0.5751876797551734,0.5206766181765518,0.5034336041062426,0.5430896256839114,0.5006665924824192,0.571926861736631,0.5326440581206107,0.5476076666189685,0.5658205733267379,0.5814230889691142,0.555311131943176,0.5555913461010439,0.5904052441011417,0.5761392310396566,0.520089976084411,0.610048070727874,0.5391315796541841,0.5473907223309938,0.6202694377097545,0.508105412228204,0.5990176187442067,0.6123704947969852,0.5770581589362758,0.5281806220031685,0.5372308611595895,0.4270527305990028,0.6989668047232611,0.5568530415510894,0.5471177313618351,0.48052528091915164,0.5918181417146369,0.705016635424653,0.5623785891252864,0.5747709592993325,0.5414503159098673,0.542320928283849,0.5184789648703759,0.6636969914158973,0.5230485297361552,0.6894993651829462
0.5572908060785294,0.0,0.6188222259481756,0.5495384917842342,0.49646368447913275,0.6106525963007007,0.5706348020085044,0.6878981535376743,0.5362348934229012,0.5934837099116003,0.5869244710101241,0.6194852548333433,0.620919228927356,0.5281849691695577,0.5843013627490112,0.5871828013741017,0.5637180756225516,0.5440227227885541,0.540438195596206,0.5690876362219712,0.5716714265552901,0.6836425773431047,0.506345145402564,0.5839518973028213,0.6047149500337345,0.4804425341419617,0.5199415820013787,0.5271443500406333,0.5339304064254824,0.50303838138398,0.6109847771273298,0.5748678065476326,0.6218963485711981,0.5045337752249901,0.5423100369109458,0.5413446766142712,0.577978867354478,0.5341542245669647,0.5756967136338202,0.5563861296990016,0.5668084174260742,0.5663784896076076,0.504755953213628,0.5431928804501691,0.6521503843379908,0.5579146760532849,0.5230467138402859,0.525086861659567,0.5548338332700602,0.5238650309666157,0.538664868412345,0.5222062258296465,0.49864017287195905,0.6020926107280821,0.5417713938393818,0.546464704005253,0.5281521954613775,0.5856880873127243,0.5477234748578035,0.5651359339701642,0.6056184208515956,0.4547467106359352,0.49992038918962334,0.4864341794599897,0.47489738230935563,0.49232450008779144,0.5628303232747063,0.5417135731082112,0.5173402115543997,0.5969491112992649,0.5540659070687265,0.4871953319714232,0.47198455285644764,0.593221425493573,0.5987898497802947,0.4986183506438064,0.5401650712138425,0.5503199281707567,0.49422974321944235,0.44117954933804493,0.5142283114367505,0.5308610225355166,0.6058090581601829,0.5244267589093075,0.4708089548973724,0.6315183838820435,0.5318489654833659,0.4881486069134503,0.5471438232908498,0.5648817381722162,0.5143859321836979,0.5653913887119146,0.5454823349189883,0.5009045850503833,0.500110028443069,0.6223294663644975,0.5041532822820207,0.5617166320023979,0.4386016969610421,0.5664421201804792,0.5085263072392199,0.545685908608155,0.4559576467621096,0.5513613035165983,0.500128378556734,0.544268064873216,0.5205962411742157,0.5622249890584391,0.5780630996615631,0.638949565522643,0.5597238531609438,0.4662601295694358,0.5149519353613314,0.5051065723608068,0.49344476793833614,0.5663168021920624,0.5271234124320467,0.514477946146648,0.5171518781965538,0.48435396242405193,0.4970051114484524,0.484107650765464,0.48951323209166653,0.6022217100358686,0.46198289967917605,0.6343304509168001,0.471486525393775,0.6478370608083363,0.5602370729539488,0.5288317528163295,0.5524766422271087,0.5388064582257501,0.4840947148975152,0.5106864532489018,0.5719055128912954,0.47433247088756564,0.5438793027541198,0.5229678218956192,0.5454628883787794,0.5537495923382211,0.5334151777165977,0.5391369157878827,0.5837223870277272,0.5037191562505987,0.5562860333988732,0.49200694880963625,0.5972206006507493,0.5694212307852653,0.5897004073575057,0.4438416981759953,0.5191043192099196,0.5269673805228009,0.5567336739908139,0.5860460806145885,0.6027090711297309,0.6104148455395696,0.5487414419579715,0.599205997151756,0.4974738132374541,0.4589246569273317,0.5076999929586153,0.5035166867664453,0.4730452757381554,0.5285441110286166
0.47864997780959045,0.6188222259481756,0.0,0.5048837083460025,0.49174569502048915,0.5799477083108607,0.5017556369511462,0.5915893295030071,0.4483659912986176,0.6169073474858191,0.5661055495388164,0.5777995187586166,0.5595575099350183,0.4634134179848478,0.49988339862831976,0.6035355906582962,0.5634094780807266,0.4918164743917846,0.5044288157390052,0.4972118927701425,0.5824793210733928,0.630434881323503,0.46658301860773427,0.5291223550729269,0.5648260242614489,0.474099872564792,0.4628569455670561,0.48452403265567967,0.5390997233834861,0.46347391592768616,0.496010275155227,0.5422866044987584,0.5299629657039522,0.4618712676569333,0.46095574795571415,0.5076075033292543,0.5177230193036603,0.4961149638002607,0.5177778590102695,0.5100164112276088,0.530548826566367,0.5329119086544478,0.4996145766714839,0.5098303832633159,0.5545875246884762,0.5064666441493703,0.5065840728463683,0.5276733861941021,0.5013271458053274,0.48785695520328937,0.5053111609692916,0.5038745395780172,0.45049433936592403,0.5702992230061569,0.5200427449999321,0.482355122155355,0.4820581940454136,0.5854888542698707,0.511525447339361,0.4894000886572158,0.5505934867654829,0.4274101112861256,0.4982161627836372,0.46235718742621473,0.43794734922367506,0.4654866737889728,0.4931452727495525,0.5122456744874225,0.5214072010624423,0.546500917586348,0.5000972498414221,0.4361640644224445,0.44502383089514974,0.5671393659464296,0.5638014213018243,0.43728020718543015,0.5230064107586772,0.5378150756817482,0.46609293073352437,0.4243687030905468,0.5202182862809337,0.46948323929302244,0.5349263381711907,0.4983618960845295,0.451249131081821,0.5426134051645624,0.4898132558427565,0.4463646586944657,0.48204364778556524,0.46694857928514,0.4885542867160033,0.4784131095302176,0.511286695429665,0.443667150983418,0.4633489222304342,0.558898005559689,0.46626359953693464,0.5249246005603638,0.40106033851138206,0.49338934818402386,0.4426560091039525,0.5471042111739337,0.4401704227516687,0.5570422187751178,0.45708369729201276,0.5263579504261775,0.5273220983821526,0.5488323650155711,0.5326253516043216,0.5976984235900628,0.52933104241301,0.44170934555719465,0.4778515352184977,0.4753048765253733,0.45185064412086534,0.5034614685648816,0.48328548888349826,0.5061649239956885,0.5691632950626397,0.43863258842618763,0.4586987171090152,0.45837533570818095,0.4578494135886096,0.5323026150548413,0.4119280090074881,0.6006454085274273,0.4452700999624627,0.5526537577361339,0.5738494960624265,0.4867557194722312,0.4923901024443851,0.5590118359240522,0.4304080507677329,0.4440271730768215,0.5306346615498924,0.43925807964457025,0.4881638816541576,0.46352331607510044,0.5221586364489824,0.5022768106534935,0.4844513547699208,0.5083043908558345,0.4973707303106065,0.4843419059843311,0.5265973000629847,0.45864268055549234,0.5212398986667601,0.5544240256948185,0.5949944269486213,0.44111680305447243,0.45366133457138014,0.4844413594261808,0.5119791389183876,0.5796047488114611,0.594748434745674,0.5224687711725086,0.4766166142505293,0.5741915424058304,0.43136008968577544,0.4312787228825143,0.5089632415605027,0.44541213734058505,0.45638394763467927,0.4729784882270636
0.5360072750781948,0.5495384917842342,0.5048837083460025,0.0,0.49697974113803506,0.5052589203126159,0.5864806372984442,0.5649663635469764,0.4705211508096404,0.4779743799291513,0.5889508278435412,0.49434393840689217,0.5679751384610945,0.5729910121512576,0.53798059831098,0.5446020610882498,0.6085239263885219,0.582150735954443,0.526217094881737,0.5193531599411155,0.5997321445245627,0.5461016756896038,0.5342981438151679,0.5351936982136065,0.5236067653947941,0.5661015924588904,0.5345320824385335,0.5794704778464034,0.4670834522758823,0.44274841002340415,0.5078744293782567,0.5327682272016666,0.6657395998783152,0.516920498141137,0.5364453728421414,0.5624862039716728,0.5320000544897828,0.5703898546118961,0.5401378678531021,0.6567100821475277,0.6243345624946404,0.5166604348373879,0.5178090737455306,0.5553883963435227,0.5767679172537582,0.5823573703239998,0.4638913834142573,0.4941838773013581,0.5774777555379004,0.5625116652735603,0.6417278107353884,0.5810154116523286,0.5476168817067015,0.6381392949012171,0.5553337182808065,0.4685780255435387,0.5918498742085876,0.5566195940246805,0.6246988244554005,0.6088483088359701,0.6146044089872168,0.4862883003983024,0.5592006464913922,0.5021821767277329,0.5194339505537041,0.5547324307995392,0.6426318508103005,0.5021750099995891,0.5427363977425287,0.580053506525807,0.5626961726800382,0.5295097879905591,0.559821988989373,0.6965887894128999,0.5963463806708671,0.497661798297853,0.6390970854776914,0.5478430500535908,0.5435837574102471,0.4721724759646077,0.5264039023684078,0.568165242053952,0.4878570107111692,0.5404692062953754,0.5670538059584149,0.5661653126303661,0.5313168054611792,0.5425665515151722,0.5382476353304756,0.47769463569510323,0.5990545989255297,0.5461795601634246,0.560868175394301,0.5491229560919103,0.6323163122075276,0.48419497291327485,0.5129620060542347,0.5219552156552066,0.47405340830873743,0.6274517790585662,0.5232052843391269,0.5796246852913344,0.5523292098713216,0.48350295831902257,0.5597245523739515,0.5388281812218135,0.582590397669239,0.5201799862054118,0.6088633844197734,0.5121076677644617,0.6102290333487569,0.5524898465238661,0.567531857536347,0.5654172721472046,0.565376219117784,0.56405614688837,0.5381779926507956,0.4656607867335102,0.563659220410319,0.5288052201532834,0.541583006401627,0.5656661313496578,0.5082491206406309,0.6001287859007632,0.48122884785312925,0.5282671440710822,0.5473623762154748,0.5202893729498759,0.5410775184608257,0.5543653617754116,0.4565236255321271,0.5513849320020687,0.5377471215275951,0.5617926398352008,0.5256200031652537,0.47536432552992447,0.4412953086205713,0.5557715814757104,0.5379003031796281,0.5591377583570774,0.558674411921982,0.5207315900985513,0.6410928038230406,0.5579086063019062,0.5651110699026319,0.49469310669162986,0.49720786232259684,0.5529304834801971,0.4809558147542387,0.4402258563220301,0.5651968538488302,0.5465037189356007,0.5916812953125771,0.48081148866261864,0.5793613080732473,0.5675311575636836,0.5264687877483908,0.5446193758267217,0.5833225788457348,0.5490534670115388,0.5405451001983316,0.5249092879055679,0.5314652752817585,0.5787810510166657
0.5290374350039968,0.49646368447913275,0.49174569502048915,0.49697974113803506,0.0,0.46197862308922205,0.5890033221157802,0.49074986621400324,0.4974851023218955,0.4451967756616606,0.543357090638709,0.5156504355085043,0.48709871117820835,0.4749172301782143,0.5848304606377345,0.5309584785176771,0.5084516247362391,0.5352578818391983,0.4787060163372717,0.49396253889102837,0.5522995271220252,0.5542445755536588,0.5006831442177826,0.5305850441602896,0.503059390298337,0.528668591752383,0.4649811032516873,0.44245442041314176,0.4454495321410748,0.5186315577389066,0.546474539460948,0.4959687957389745,0.5252969295322238,0.4534470239792953,0.5222653625710233,0.5178030564277993,0.5352646125222299,0.5338698857510976,0.568003778719454,0.5157828756919032,0.54736708288701,0.5120890212593557,0.5763075845658586,0.5930950811175115,0.5076036441515427,0.5138472370683234,0.5446004224711922,0.5276728691368259,0.5560702759531073,0.5510819023913289,0.5684676569865668,0.5119448560297529,0.4617176679484294,0.5110883676948214,0.5099254560305113,0.4609604576590856,0.526193528809483,0.569240006108773,0.506853083000436,0.5078978958500443,0.4497714848094088,0.45637529130963245,0.5049145287915562,0.48352656576143027,0.4993830867524398,0.4629444040197574,0.4871480537932474,0.5503221112564929,0.5108469837200618,0.5241233547514824,0.5756695453149284,0.4966052815681741,0.4522320604661104,0.531782914781155,0.4782186569491442,0.4600693957503676,0.5243205524830841,0.6072111854216589,0.48806129317363484,0.446294549518496,0.4722750004244445,0.5373926543799595,0.5414990730632209,0.4506417202838142,0.484477904388296,0.5220690483484528,0.4819004471102893,0.514572570994249,0.46328601729692764,0.4665173025643099,0.6240948957443849,0.5303466063371958,0.5696962949114538,0.46327379955591125,0.5086825220842978,0.5166642683584919,0.44148588134611516,0.47718258901215443,0.4692003797431136,0.4683753441699048,0.484076154160207,0.5180081319858102,0.49874093212959825,0.4873842693279959,0.49372285216893447,0.5143599611125752,0.4727148045233332,0.4688583018005932,0.5424917861035935,0.4963101989347264,0.5394204327859567,0.5270624762595567,0.4554643535086525,0.4795090499426508,0.48008984363811097,0.4906828715903962,0.4648688208278235,0.5168028381542802,0.46221834585232563,0.46039764732908645,0.622159677822474,0.49198365389165144,0.4577084021781933,0.5800203949449741,0.47103348209453283,0.5079577703339477,0.453935593064794,0.5528462700814545,0.4621521928157964,0.5370370396744404,0.45079600044425633,0.5054432999786133,0.4482081932669332,0.5034614783580282,0.49792387158847434,0.5078470547957116,0.4917336335154089,0.5595343016095493,0.4844234976822855,0.5843223749242271,0.4693565425400004,0.5042351464551286,0.5244921701425677,0.5012708533426782,0.5600122279168089,0.5203377586467732,0.5928198598804597,0.4972982793266046,0.4823851936465048,0.4073348029522523,0.5179544476124844,0.489906281320089,0.5269586141738288,0.5021856197256692,0.5387111164962822,0.5340911323677285,0.45525365474643825,0.5196314582608687,0.47247975525250185,0.47073744339221973,0.45478845698533843,0.48891271522366797,0.48346605542776566,0.5804784943798782
0.5415885304190032,0.6106525963007007,0.5799477083108607,0.5052589203126159,0.46197862308922205,0.0,0.4930066619575849,0.6178240071584504,0.5064513414633001,0.5445573140425959,0.5471055712224966,0.5627117059374421,0.6011784775475305,0.487498144485225,0.4677722881151819,0.6053876237742257,0.5791436524946336,0.4977170414043197,0.5399933214463337,0.5346908889536416,0.5867892405604281,0.5459370504523,0.4536134877994782,0.490714732905441,0.5914808879634266,0.4708086362509451,0.44125758355793215,0.5156193083321796,0.47642061519103035,0.4992422041626347,0.5332164607408998,0.6275221436122705,0.5086649962519907,0.5009331355403972,0.4907254899512863,0.4954432081365048,0.5594515269152199,0.5132748725363553,0.5008318458501969,0.48050448052518663,0.49565333494370023,0.607747045517773,0.4935259834753169,0.5302056008448521,0.5471918230617223,0.522250336120694,0.5168316270554042,0.5198037755399793,0.5019780793906095,0.493555325691419,0.5314576859799992,0.551729306798352,0.48486237381678116,0.5438490550546321,0.498062038379872,0.5803609163782091,0.5236259666123272,0.6103134738838404,0.5004897591251692,0.510958770749765,0.6117404797955869,0.47917952109754774,0.5370916407793729,0.4559419006358477,0.4655166182501081,0.5179913630978517,0.5265340772412929,0.5367070419012061,0.4868139880577242,0.5796070184679591,0.5452943297288556,0.45481829425983017,0.5056198770448654,0.5697983950055753,0.6326929476688444,0.5095161436294514,0.5352402645805494,0.5198018117213596,0.48342975680686023,0.510308436363622,0.604094588015801,0.5108261719327422,0.5609279382973195,0.5389731207184546,0.4992408673332964,0.5659219638236697,0.5896059386790677,0.4722372621531649,0.5451740249297607,0.5180905399257028,0.5029461170678037,0.5372329251486094,0.4995836584960351,0.5110559103530016,0.49652347830734156,0.5576009519224423,0.5138586899681055,0.5836388211812491,0.439912824399104,0.542836888967756,0.4713316591606604,0.5564452167954956,0.4603611838766771,0.5046865486277766,0.5021476671507472,0.5427751866988675,0.5462893635734788,0.559659988347952,0.5082305413401709,0.615794472245547,0.5633597516660998,0.46274563678370545,0.5807189460248764,0.5163692030655376,0.4802569900816911,0.5378544289754197,0.5684658627857273,0.4716509382664219,0.5629575265547975,0.49313241251603235,0.464494870151983,0.49156031816838297,0.5308963742813898,0.5844702399205104,0.4658900660238486,0.5560304518779917,0.4979302029210239,0.5417855902538139,0.5480054948520295,0.4656378079421641,0.5643095262146103,0.6284700347275389,0.49043041273803134,0.5053823772460035,0.5194539937838182,0.45502664251529273,0.507965855597788,0.44498713031391196,0.4519428749030067,0.5142739773671867,0.4891639717315137,0.5689212685634917,0.5479765485644511,0.49906027357143423,0.5417787000910074,0.48021580641681166,0.5368421038990158,0.5569375914483206,0.5599121839359554,0.47096319015215754,0.5049605709330831,0.5241756156480399,0.49462977221688625,0.48459486888294045,0.5968911910722513,0.5614801011356958,0.49993691680507246,0.6157333137645202,0.4427419126085827,0.48907441272382285,0.5041974260930371,0.5252824739412687,0.4904978565876247,0.5095355946082547
0.5780197373201534,0.5706348020085044,0.5017556369511462,0.5864806372984442,0.5890033221157802,0.4930066619575849,0.0,0.5607379657439271,0.527461945663376,0.5110855282672093,0.5863860332005209,0.5477877129715724,0.5751490242942121,0.5299320272183975,0.6421611756642085,0.5549508851602023,0.5395321502035234,0.5993951582935888,0.5047428580265998,0.5178168951464535,0.5434297388087632,0.5819697593860707,0.6105765241262473,0.5800398994109919,0.5727628782835142,0.5338084312829587,0.5826805926488247,0.5201859750238684,0.47527790469239506,0.54145618066764,0.5911956803358545,0.5483564968214014,0.603320217124049,0.5108593882714013,0.5471078781075597,0.513190900684889,0.6155902342413098,0.5323473668615196,0.559101917066217,0.6169907096995348,0.540514451211886,0.5484035852418617,0.5437564382783233,0.5620539343927712,0.5889298801950456,0.5736214517709243,0.5249671175257578,0.5120421174993429,0.6791212410980191,0.5279117140789494,0.596084768238375,0.5056063472196288,0.47999859659087735,0.5415835860874237,0.5422302298351908,0.5057120902383601,0.5435065977212349,0.5654675353160246,0.5766071203309434,0.5616193657752706,0.512847431663675,0.4546466832471776,0.48781691310736963,0.4734904921301073,0.4908395076329981,0.48526256627866865,0.5878132807880838,0.5833730608581519,0.5342313178568121,0.59735346553067,0.5723600410779823,0.5166050436832863,0.4759974934752157,0.6084828631422634,0.5117829565005503,0.5214016593723401,0.6110540799665782,0.6404322688753161,0.4966027607883754,0.4580849830945196,0.476697408043551,0.5490177052866964,0.5941735115598515,0.4756423658113196,0.48979920993969567,0.5558260132360057,0.521732879210842,0.5584476059802334,0.5448847589340945,0.5266231652359517,0.6048506132592253,0.5772334205851597,0.5738130411487108,0.4999353394238873,0.532763586801988,0.5596059246793047,0.44237692324649003,0.5060129632045801,0.45530091020096686,0.5615823569041675,0.5235359015209889,0.5612366704846704,0.5112143444030788,0.5079070198057852,0.5005053677101232,0.5355099323934247,0.4928046477437406,0.5188595086906734,0.6064536038150761,0.5461247491102147,0.585399783200975,0.5057064608837383,0.5010681147052284,0.5213297032021496,0.5015723877425791,0.5525405829872923,0.5064792821776837,0.5385331403816619,0.47493826435983744,0.49306636010849497,0.5505305694353071,0.5129909742018904,0.46778364572129516,0.6646812740697559,0.46904821493590926,0.5616748050518728,0.47140535574768255,0.6068385652784772,0.48214169887279873,0.5588019245239771,0.49145615101088486,0.493390289258324,0.5041370817882432,0.5061437468480194,0.5038861469235353,0.4760374881609236,0.5092517667215063,0.588037550263748,0.5360190196261577,0.6036534869524958,0.5247614980421306,0.5112651123802533,0.6000056834896234,0.4930192502883565,0.5658576356621123,0.5464668778793117,0.5547891107070994,0.554262203315276,0.5051442498392705,0.3993707170045037,0.5516267401996345,0.5214468276098339,0.5450757260801344,0.5567012249191365,0.5737917034221112,0.6133500184139865,0.5557777244540251,0.5874505863567769,0.5511248735961477,0.5222657444057214,0.49455107313074215,0.5150767511195192,0.49540915530022883,0.5894268908044037
0.5832722755441087,0.6878981535376743,0.5915893295030071,0.5649663635469764,0.49074986621400324,0.6178240071584504,0.5607379657439271,0.0,0.5694314212852736,0.6009419758905152,0.5557503915238273,0.6115111643258281,0.6433761281005428,0.5312840382656108,0.5359100510670337,0.6295035155728325,0.6211977911873673,0.5878182680436858,0.5568586210748853,0.5892331206639536,0.6045196618713529,0.5828640081453899,0.5612668969005611,0.5405983556431087,0.6687590163018846,0.5157726486763989,0.5549219005968175,0.58077213847398,0.484792821977101,0.5497658810241876,0.6057875571867227,0.6141244354212438,0.5784659877113087,0.5616959512619074,0.5376230902621514,0.5429973899117222,0.591959962991505,0.577360442760103,0.5277388027067571,0.5614477386255914,0.5631197070555879,0.641097123057212,0.5380093574122031,0.5272484321763066,0.6989749099744808,0.6281272304997803,0.5703173116501424,0.4951663418168766,0.5776564464096938,0.5380244579212333,0.5609000751673818,0.5633772674792813,0.5037013425766721,0.5518447281724529,0.5152293181492296,0.6103751147189042,0.5613344204347416,0.6553401660662369,0.5627064487372918,0.5880111432995756,0.5918490527488166,0.48616612018834565,0.5319214594206295,0.5028412435235953,0.4855362898832239,0.530889360278542,0.5807476767105139,0.5562087531285199,0.5659471088112215,0.6901836063797175,0.5701169078907969,0.5032788894827374,0.5088581040781386,0.6280515828583152,0.661932045500109,0.5325239101400323,0.556477768244238,0.5645266078639206,0.5581439241461738,0.46420589408049073,0.5550069423465328,0.555273199737405,0.6107815679596459,0.566504064725058,0.5280409846435768,0.719057412609867,0.5847012321894318,0.5238206273071813,0.6445200462293942,0.585504444771771,0.559468751885164,0.6065022828045564,0.5330669361415098,0.513194948663533,0.5299164087378383,0.5915770298444436,0.5024675370951825,0.6785681965755475,0.45982960002244866,0.6312245823854467,0.49581445986450434,0.59819476088947,0.5109411016328235,0.5914651599000479,0.5396930770205925,0.6343098462506389,0.5736965289875618,0.6823752915243991,0.6077225150162426,0.6050334934038527,0.565023147876619,0.5064947711759916,0.5457901455214433,0.580470839922865,0.5267738258490419,0.6234066727473657,0.6047323672888678,0.5047419692463374,0.5346112274535407,0.5396369848253297,0.4987778501088123,0.549002147623228,0.5282966177588343,0.6231746541270868,0.46667240913846375,0.5863789559781298,0.5163865600545838,0.6221861868513733,0.5782348852608569,0.5346224988411838,0.6517474418501664,0.5877844495474374,0.509576377181923,0.5207153628626349,0.5307763864568389,0.45860275015657503,0.5579364682173292,0.5138340840234811,0.5534993422500815,0.6021220523335093,0.5222504763598921,0.5563280909556726,0.6217996787947191,0.5242734997617672,0.5720175325747784,0.5540374541305688,0.5827962560200115,0.6105484597508982,0.6338512578939961,0.47370580629607983,0.5428036821263289,0.5473625099199659,0.5503880650263985,0.5885682729440338,0.7112263163143786,0.6330329425754763,0.5198604173622877,0.666472037961449,0.4784523084309044,0.4910788414940381,0.5501715684202406,0.5402314625462974,0.543027787974076,0.5391193323623641
0.6046566691287277,0.5362348934229012,0.4483659912986176,0.4705211508096404,0.4974851023218955,0.5064513414633001,0.527461945663376,0.5694314212852736,0.0,0.45422547667865903,0.47012051116965375,0.502459941947993,0.5069202616919283,0.4871028133681965,0.5298106898996582,0.4830913578488607,0.4747246947645874,0.5419114344506885,0.4763594734075826,0.5378389921523642,0.5005551981441851,0.515619820669536,0.4805681417243298,0.4793338136254566,0.5382857067700383,0.45870170955568873,0.4713500870814561,0.45515261269261803,0.39869269381275496,0.5577468337015307,0.6392697775565285,0.5023547476641793,0.4911662535141327,0.46667010953343424,0.5434568058189052,0.4696919723995834,0.5496404003137586,0.5176607795561463,0.4869321075733007,0.46802455057594533,0.47510426417659696,0.6171809642554859,0.4937161592202429,0.49986471561418694,0.5320253620207096,0.5206901564047877,0.5382743195558027,0.44824670118209275,0.5123545720011978,0.4996910085181468,0.5059961688813874,0.4918643250578893,0.46955386820548184,0.458553848824754,0.43653972606306596,0.6308356542929133,0.5131066331798594,0.5283520352333856,0.4877316818225445,0.5010568896014599,0.47010128108393046,0.46422705491233596,0.46995209622537737,0.4573704563864119,0.5006619116883235,0.4777385505372908,0.5232010531481274,0.5648809931717277,0.47804659261401705,0.5781679889126752,0.5920163651794503,0.4878193725582816,0.4798341523517363,0.499248571427697,0.5026678424833239,0.515672438362311,0.46796475620738054,0.4942667383628673,0.4840675878688727,0.4422245935224212,0.48084064861699227,0.6089897243344762,0.595652999672403,0.4633170173451707,0.48511048620038877,0.5910166196624917,0.5515874083505912,0.5153757599725529,0.5278005979693265,0.636240446856714,0.5356946194230108,0.64516877466676,0.47093156635380257,0.4805523014884075,0.5092336851684601,0.5399596888671878,0.4664427809594561,0.5471228045813604,0.4822002191782184,0.5113430122224321,0.4779593267473984,0.4899716377115695,0.48329502178257716,0.4829631205256646,0.5088254374933099,0.5116968522585107,0.45235074355171295,0.5052893465033622,0.4970703132806804,0.5076175934815765,0.4901695698657534,0.4953710072426291,0.4991903561540415,0.5109656958674624,0.46779762840277883,0.5221396895815495,0.5112803944400038,0.4524940021330751,0.42291102095523864,0.5174659981526778,0.5044066680482702,0.5052768217736934,0.48869323511625534,0.5604872815823774,0.5168827901263306,0.46354904036944133,0.47426940653868793,0.5317614907037611,0.43512446491758827,0.49356068573028694,0.6078644527075158,0.49731203958463577,0.4820254667601751,0.5547444574338777,0.4820800177951683,0.4742516403373181,0.5205935279741786,0.4886605118566271,0.4475881785955247,0.564958576799355,0.4662869751692469,0.49793725526464094,0.5855696535565464,0.4888764204418743,0.5138380755282808,0.5523912573711611,0.6468704002812834,0.4865467509302896,0.49408236047794263,0.4046737275476109,0.5512868682570776,0.49186807087004375,0.4840165294067866,0.4863901984951408,0.5353948956338299,0.6158509855648486,0.4661057671068254,0.5326244148235248,0.4585339542300121,0.45320398272780493,0.45302483709098607,0.5535680217080512,0.5198981993103643,0.559793060372029
0.470821193215304,0.5934837099116003,0.6169073474858191,0.4779743799291513,0.4451967756616606,0.5445573140425959,0.5110855282672093,0.6009419758905152,0.45422547667865903,0.0,0.5298561953717325,0.561278942046488,0.5594208188045718,0.46796216961016285,0.4801143835283992,0.5763636056706256,0.5133717253504949,0.4896534888098092,0.4800146209371683,0.4764873606778071,0.4968670468961669,0.5384294560457092,0.49472769726819804,0.4714938402993456,0.623314456313321,0.44464583726281515,0.5075196567135459,0.48929076498417395,0.5737149859718842,0.4888701325448945,0.516442124543929,0.5617897361620233,0.5004470782712717,0.46677657386767835,0.4558081506461181,0.4786912746571475,0.5378312318733388,0.4867431176763243,0.4819513856025166,0.48221657473967283,0.475467759017123,0.5101572190817716,0.48319555311100176,0.47556381562045896,0.5497553890362322,0.49112084565709335,0.4879880666364955,0.492963867349209,0.5213685958131298,0.447917503761455,0.4710826497674341,0.4438366718911421,0.424622354878571,0.49374468344780165,0.5178680429457516,0.4950528836501328,0.4508695851141713,0.5496377271035126,0.5040808941165877,0.4707439692492042,0.5204852367842325,0.41919003365417673,0.44847454230549266,0.45100871277269855,0.4100774002947,0.43914596474193673,0.48608554622542677,0.5072463409191892,0.5310397819949152,0.5770256777399035,0.46427581332591417,0.4417364186208372,0.42572678186451324,0.518736665902459,0.5279277459070383,0.4684221726261232,0.5030989122529276,0.5335256290072953,0.4516383128144738,0.4223254580366867,0.4916748949309035,0.43732610246062614,0.5432173574753449,0.4956037325683665,0.4322400797989089,0.5145446296787083,0.5034611391876385,0.4611513452819731,0.5246895572192564,0.46874888495299055,0.4640434294130692,0.48371373762267716,0.4974289930037674,0.42598725075202004,0.4412543921031706,0.6120202311011691,0.42509204835750547,0.5214666113661323,0.3969029715804159,0.4900999748418225,0.4583389402940559,0.5471283170740974,0.44006948830358794,0.6114489001545514,0.44327190109500053,0.49535113775909795,0.48478096318367303,0.5646977598730697,0.5120053124347387,0.5454824611016971,0.4900466975108033,0.42219792246048543,0.46420290801364766,0.49885269638361496,0.43709840590601096,0.4736539747554409,0.4929372924090991,0.5391680034485159,0.5006188464670448,0.4506394845834139,0.42465392511216077,0.466160831791976,0.4332881576991501,0.5185551387934011,0.4068558708621508,0.6414952151842974,0.4218353358202018,0.5383155457048053,0.5439206249838621,0.480314876072243,0.5303107253624384,0.489305020138121,0.44686465182952895,0.418873026105248,0.4781842148655987,0.41586006655535657,0.5009876243520561,0.4504458402554076,0.5169706280998365,0.5094371794789703,0.5052621160638047,0.5069109929171239,0.47704529923754496,0.4575679506878255,0.5167857525667601,0.46270753859819685,0.47192670550093835,0.5724796519906413,0.6388750334904535,0.4298163032552657,0.4452278499130962,0.5049208917919947,0.4589313995932769,0.561813190573607,0.5819169521093182,0.5235847678565213,0.47211019360425444,0.5626050283090915,0.43682583409449177,0.43897798086284606,0.5219260727199432,0.455320682991363,0.4637370084583089,0.44224127689721165
0.5675514000044017,0.5869244710101241,0.5661055495388164,0.5889508278435412,0.543357090638709,0.5471055712224966,0.5863860332005209,0.5557503915238273,0.47012051116965375,0.5298561953717325,0.0,0.5673385017212459,0.6110365459981005,0.5396669312141212,0.5515753426997686,0.6514758882536806,0.6193457463207915,0.5646653319761041,0.563828505772018,0.5803876125230899,0.6262898252413149,0.6165470457232941,0.5312771866540998,0.5944222690221778,0.6121246151014558,0.5486712143526562,0.5015145095632983,0.5673841499092124,0.5595999519505176,0.47481752840542757,0.5559050462566337,0.5950863729548709,0.5708759821174454,0.5317741436543263,0.5747785349443558,0.559526594029821,0.6279174234881364,0.579917589112116,0.6237276610123059,0.5865323764611915,0.5722756645747021,0.5273048269885093,0.5720423703309163,0.66320736433537,0.593342948305608,0.539733520457082,0.4755810455332784,0.6892847063288307,0.6487380349383491,0.5497120298524041,0.5967241335244033,0.5395116485312095,0.48569518127007877,0.6371102843978866,0.6522803904642476,0.4704254768232944,0.5781774374880503,0.5980734459137909,0.5987581559208859,0.5493803877384718,0.6125281880011241,0.45223583960484065,0.5438396848473356,0.520534664676681,0.49578252861522476,0.5229061284653449,0.5854547176328415,0.53547333954129,0.5583065101110858,0.6037310328307628,0.5613567290308934,0.5283001612930338,0.523011798839482,0.6378083542373282,0.5814568224475936,0.5113537202876266,0.6400528096551208,0.592763663170288,0.5181509557251209,0.5014034861233817,0.5359871405493659,0.5146455179736132,0.5221095594789922,0.5480126404601443,0.5216400620689519,0.5581450519243194,0.5788019446913609,0.5196096357680462,0.5151073878671023,0.47337152480099065,0.5633025501832267,0.5152479647224806,0.612216924239182,0.5372105976252287,0.5426451610869238,0.5570517962697915,0.4880047170169472,0.5222645381972475,0.459415653844714,0.5338508981167371,0.5656908661469462,0.6140289753467529,0.5026408285995195,0.5235303137340124,0.521270452406761,0.528289410307499,0.5451171561395075,0.5504863987623413,0.5624512625720657,0.6240525349760238,0.6778182372659307,0.522532972199816,0.5515122281197599,0.5361274686318994,0.5201761264814484,0.5215490699192733,0.5358715683154293,0.5882622477073629,0.6013305452369876,0.48127014023119524,0.5615902374275341,0.4975141728905391,0.5386405120622549,0.6207425686191663,0.5040390647793443,0.640467738858879,0.4681315046945606,0.5566472612530227,0.58960484130658,0.5491717108648162,0.4623975236527571,0.5569703302902308,0.5425948091251931,0.5280288935288794,0.6374455172290291,0.5122848140465642,0.5118400629920601,0.5543180576532012,0.5750524760867192,0.5758509231964475,0.5545447984938668,0.5773195862563723,0.5482926283915763,0.5293026662578927,0.6684262361734082,0.5002208584933701,0.5165477619151656,0.5390333065066724,0.5642087407650833,0.4543497097009215,0.583025735085824,0.5508508161450527,0.5925499547530636,0.48632278702654774,0.6106917634639952,0.6082201028606207,0.5869370912244973,0.5629235149614279,0.5538621977793775,0.5305951685763017,0.5112806716891674,0.5423685484882219,0.4905691158822515,0.6060025908164265
0.5146461844716127,0.6194852548333433,0.5777995187586166,0.49434393840689217,0.5156504355085043,0.5627117059374421,0.5477877129715724,0.6115111643258281,0.502459941947993,0.561278942046488,0.5673385017212459,0.0,0.5265809551049012,0.446249097933731,0.518202514288265,0.5918660083436484,0.5465511165407688,0.4911071940274874,0.5940538894395684,0.5399166635132069,0.5749583217604198,0.5784313008133888,0.5315868494825444,0.5508524217728943,0.6257523550678795,0.4568583481668477,0.480892381415516,0.5121982340601713,0.49190722342435483,0.5581535057885615,0.5885151550943718,0.5690586588787759,0.5065525280381984,0.5430874752885491,0.4982103369547464,0.5123589185049349,0.53658713568984,0.49566893830887404,0.5791055172150061,0.48830095078590724,0.507660305066364,0.5703079316927149,0.512315236891778,0.5244470684673752,0.5822995898300278,0.5107205942968233,0.5105523555383531,0.5128990117787648,0.5536354212265069,0.4954320199998127,0.5132767082582887,0.4919555471143446,0.438301206419601,0.5411275147795808,0.5263050956354809,0.5048646102933971,0.5069803026736304,0.6520605481019688,0.4903361848385088,0.50933213395409,0.50712160181857,0.42133146580560593,0.4710758364584534,0.46519768077440943,0.4417991628914934,0.4520449236273608,0.4804815726717894,0.4849482414996064,0.4826628878411991,0.553702126593254,0.49328724759092163,0.4436425609787462,0.44144527226802366,0.5389131069130924,0.5362784872653609,0.4591726400747038,0.5194089969460838,0.5391174545823102,0.4698331601307794,0.4206911527127887,0.46793551750262596,0.49489570789996856,0.5563499483682319,0.4617877775096172,0.462276951796428,0.5548687036635337,0.5096256994634434,0.4619336885418968,0.5059438628162979,0.50342769541988,0.5050336651123454,0.5378734342981139,0.5271459033396138,0.4613717447896799,0.45330032744391724,0.5735340104285414,0.45274162660621553,0.5645329547298031,0.4185302797237588,0.49448034472734204,0.4553349332398365,0.5541146715780796,0.45629969978494733,0.5730656128953655,0.4659672646583817,0.5189916488663538,0.50138262198206,0.5685972061913968,0.5073852505716326,0.60968095577284,0.5899270464045249,0.45927673623198684,0.4597282989123812,0.485702012335796,0.44626281803981316,0.5115442052069873,0.5063238875451078,0.5613716857934399,0.5006353547935021,0.44365819690534486,0.47155807441933245,0.4549713210480893,0.4734709111366222,0.553830864652132,0.4259262115877251,0.5816324462105535,0.4395242283491711,0.6038864688447213,0.5397900985186616,0.4589549502818176,0.5282749643488582,0.5153853238462097,0.4375315406237569,0.4699359751868091,0.5368199166033665,0.42735346703510296,0.5423888888848782,0.47068078617031234,0.5081113058188195,0.5571912474988107,0.45215656705568297,0.5118120440722238,0.5250949443205317,0.4794216033676084,0.5295977369542632,0.5043755740346855,0.5692332788941324,0.5031442152797448,0.6100077835241926,0.4430494015211708,0.5039465709005381,0.48244207556592317,0.5534797480340711,0.5391763682374533,0.627437342652169,0.5362564659449214,0.4897041484571937,0.5714600945838375,0.43032109007526825,0.4438172919289217,0.4410636459704888,0.4719574443260137,0.45480017873570666,0.5047887352378049
