0,1,2,3,4,5,6,7,8,9,10,11,12,13,14,15,16,17,18,19,20,21,22,23,24,25,26,27,28,29,30,31,32,33,34,35,36,37,38,39,40,41,42,43,44,45,46,47,48,49,50,51,52,53,54,55,56,57,58,59,60,61,62,63,64,65,66,67,68,69,70,71,72,73,74,75,76,77,78,79,80,81,82,83,84,85,86,87,88,89,90,91,92,93,94,95,96,97,98,99,100,101,102,103,104,105,106,107,108,109,110,111,112,113,114,115,116,117,118,119,120,121,122,123,124,125,126,127,128,129,130,131,132,133,134,135,136,137,138,139,140,141,142,143,144,145,146,147,148,149,150,151,152,153,154,155,156,157,158,159,160,161,162,163
0.0,0.28431158403097245,0.24465062805786586,0.23802880471401358,0.27415306626997066,0.24659006592752483,0.3047007649547401,0.2748776859676724,0.32626268015809196,0.24818590542062155,0.29567239812915236,0.2535401776366236,0.3670641937326693,0.23585180655019028,0.33806370996061796,0.28048878546882067,0.2702552626688363,0.4119625698355238,0.25670764974054144,0.4100133126288638,0.2594331556711488,0.29318396413947057,0.25480925682505845,0.29254063507420686,0.31889546592219514,0.23138232574511022,0.22769602765732952,0.24655304713568882,0.23071755910199968,0.24211073707813663,0.3354518237432308,0.2978941238234014,0.31289467570600493,0.2351867312721148,0.3158751663822197,0.2509170882368809,0.34611940972040695,0.27038551038016273,0.23460154060598903,0.36017063996966603,0.2897309748220162,0.2455780220475556,0.34042063439328873,0.31752312208275224,0.33119896726142944,0.389128397410188,0.2556600544727085,0.3108657660535288,0.33208999047352056,0.31754274368674273,0.33000200587238676,0.2700325070793442,0.22180947138638674,0.24264132018763526,0.26946605960219877,0.22884004242040512,0.3641768297518821,0.2872146833033726,0.315066684655943,0.2995323241162671,0.23609802399768529,0.20384316067306293,0.26471045668413173,0.2133807291956775,0.2598920850301399,0.27321937474014474,0.2923204869954908,0.28905722350740387,0.2547621538493528,0.2925533176449515,0.4504514116683466,0.269141296146273,0.2323200151688768,0.2833413991269148,0.2563606818393623,0.27061518139986224,0.22816617722963037,0.2453037742215822,0.29745290931085056,0.20566499935195634,0.24291039948750534,0.317164551189146,0.28113914452002237,0.22480074866833707,0.26618639825443763,0.33165026623831684,0.2776416304951628,0.317084439817294,0.2814452415252017,0.23765320454035177,0.3311407239188032,0.34045738360988803,0.33147443025708906,0.27268793874181213,0.2771943131718295,0.2588479639014003,0.19773133365970014,0.2629226699296264,0.20072123279388687,0.30169869679075967,0.23573460314911038,0.26240408795556874,0.24542285188196417,0.2613972591391891,0.3176104161384664,0.3200113529960766,0.2405708185963262,0.2538618208726073,0.36278449862541,0.2846802498985024,0.2550578819404284,0.2949159959196649,0.2614602161387136,0.20844519237256523,0.2825915071036567,0.27426882484971554,0.3057335519313733,0.26825545226420017,0.2053008541048388,0.18958545300080873,0.2791054573410494,0.2064735670619955,0.26647527986293557,0.41159052184461054,0.24844437296366936,0.29919188963708865,0.18999551840013787,0.25722099813147853,0.22575049311365034,0.3239485776517719,0.2117986133007598,0.2293997151857847,0.21556267262536927,0.24745599722065253,0.2511522843474762,0.24618885529834625,0.30447744174596003,0.31125097392219725,0.3259802092565696,0.36803476392330875,0.2552606320598291,0.227131616102958,0.3089001548641646,0.2306200718414012,0.27435510298372495,0.2889585708179874,0.2649665859317204,0.2446087779611444,0.31791027996357996,0.15294818461187745,0.37992081959524965,0.265297412387727,0.2688442096595063,0.24191177388216725,0.30063812268784856,0.37845567561334775,0.2766987445239069,0.2674785122156526,0.3000468742108764,0.22058739101583588,0.20164866190622818,0.3180954101223352,0.2049581521337869,0.35670142531328086
0.28431158403097245,0.0,0.2970327474301884,0.259536168235936,0.20636338155444098,0.38410423496690055,0.24111793085886707,0.3572374710749167,0.2745465746745434,0.27243120946093763,0.260536296741736,0.34479098982790485,0.28258602945412514,0.2505760934166164,0.25848237324584183,0.26188640102574545,0.2840238081513515,0.24150533764267068,0.27108603375171475,0.3161814884333622,0.28416015804220374,0.3274648447820735,0.22114769824471034,0.2770436466538662,0.2823774499299119,0.2034416501405493,0.22752828656994434,0.2524867096213094,0.27482992435329656,0.2371255700364607,0.30029972859296905,0.2795634091455366,0.37601608666347375,0.2394665344630268,0.24136960631645887,0.24535636293123567,0.26070967449733645,0.25480284041215506,0.2529751437682428,0.29095663109038017,0.3114636370725867,0.28971393891859926,0.20550087121273258,0.23693994663484655,0.3707528727333153,0.27019476582243296,0.26380421434280216,0.22001654402883414,0.22654521044365594,0.2754139728769556,0.2995465524608266,0.2825395587276969,0.2571107909448341,0.29849383510738875,0.24881919613743167,0.2717706064406905,0.29461587390311456,0.28884015049676337,0.2616941299422094,0.3162941807814944,0.2913629714445899,0.19017426467854232,0.2456669529511092,0.18630265131415927,0.21580979231893535,0.24773444552883106,0.2681770012051051,0.2470315602160208,0.217065602668378,0.2666514339833959,0.278423300584406,0.21485559924625547,0.23727159091731956,0.2868974956782539,0.3199376482093035,0.22487554211193803,0.2170886954370117,0.24718684858995685,0.24282666836444186,0.20045308481698992,0.21604752911307468,0.2735262776953941,0.3117059927339465,0.21358344449074695,0.24472158813466258,0.385442953095341,0.24178713550006628,0.21865253786986347,0.2344532636370686,0.2907390682681444,0.24594040206475193,0.30939926309930993,0.2628683092135441,0.26683137280418334,0.26627742452032643,0.29371703278658223,0.24028968220839764,0.2874619096667467,0.17370515332996095,0.29215725084873384,0.20318801391400562,0.22368801858993606,0.19716919282600237,0.25010076929518094,0.26596457529533074,0.26910641830990795,0.2485860113657249,0.26644261767197824,0.29016666976432054,0.3812938179022202,0.25964643498086926,0.2153475657642144,0.2592565649642178,0.20859820612628882,0.24995898811421818,0.3814668691185196,0.2518438357035003,0.1892943943961765,0.23438448218464308,0.19424282524069525,0.2226697788427528,0.20780085043858257,0.27887608602183167,0.3276767611935588,0.21179677985958825,0.322693275596283,0.23100359405513235,0.3050571330178695,0.26822741722439397,0.22005336374455833,0.26339216684511696,0.27145197197405985,0.2054297182854675,0.27142333247522965,0.2413186113144358,0.18404488640524916,0.24307738528200362,0.23491034451983744,0.2531080638073198,0.24828216405301282,0.21931332821598626,0.2485410748300347,0.37568167080194426,0.2544026407770875,0.24536629533997384,0.23046357120534858,0.30357743921464053,0.22400533307782647,0.31225997188427806,0.16491131960811717,0.24164377900180095,0.24272831412946974,0.22937519680362659,0.26768801887165883,0.27073124038200863,0.298007244823436,0.2951909242388645,0.2757623468594327,0.22205584118843558,0.20033284339141091,0.1838277553115572,0.27606755617038337,0.19333670628650632,0.2500144647409447
0.24465062805786586,0.2970327474301884,0.0,0.28030676383194914,0.21447154516464906,0.33867459140561545,0.22636807295896183,0.35052414858111985,0.21496506591365552,0.3134296949404568,0.253398845395677,0.26202303547513656,0.30757661608129444,0.19695289190403922,0.23169525846103556,0.3033790786165929,0.323935850574131,0.2310185309730797,0.23480021015708516,0.2386922548213136,0.3275189259115732,0.32775399828970664,0.2156871201212,0.2505179319251742,0.28440750823826483,0.2285490025457176,0.2145634754238654,0.26919717218413536,0.20777414492990545,0.20706813410420968,0.21311091618048184,0.27055817742723515,0.25606058341707266,0.22993985216408352,0.18903602358629173,0.21449313796330619,0.2480208519480691,0.2145622307159234,0.20573578475446788,0.3012576208751804,0.25022945748828235,0.3355824186427372,0.21126069636938286,0.21442311475666342,0.2850340629334604,0.2675922484882933,0.2186751925636567,0.2207630841558028,0.2207936003811688,0.22761281854401674,0.2738741257907118,0.28898890555458623,0.18284889310648456,0.24894529259103687,0.20735016283612123,0.24780164041372812,0.24261941532902306,0.30162751413346556,0.24204044764973429,0.23519303956343907,0.27744114422023547,0.18842019145198036,0.26803423273335886,0.1716777875446982,0.20081326028100066,0.2552122901048636,0.26564564784148864,0.2556649555104753,0.23601607696457608,0.28970903443110946,0.2764198419460976,0.16943343306541342,0.24927351433906064,0.3893771645338936,0.30943607499611714,0.17756640183972264,0.26784317573261174,0.2280430925943749,0.21516162068314185,0.18845955525279845,0.2650685868075155,0.2746725204294961,0.24295952976958446,0.22025178252925598,0.24852855496392484,0.30895442537697676,0.24318730714558767,0.18759329153959267,0.22645632398472976,0.21306097114949596,0.2394083870834077,0.22803482426568988,0.20493645984448344,0.19665862384634344,0.25064555870162086,0.22393455552481725,0.19270084504067028,0.29674733572481354,0.15532877356741362,0.28067553406056106,0.15829895518184317,0.2803324408922554,0.20192795776218114,0.2696924191386096,0.2178190956602947,0.31424943154564267,0.2701599706672411,0.26978505816528187,0.25302202673325774,0.33906932103037746,0.247722514771059,0.19852905525853465,0.27924478807021386,0.20841259446733953,0.1942756082596624,0.31852070261043586,0.2299065976100962,0.20601365487676823,0.29748833389179896,0.20240922827132085,0.19464218174737563,0.2203254593420428,0.2383117539470401,0.2805541224595525,0.17049109569583046,0.2526853444426602,0.24023540672334356,0.22677404721854952,0.27587010015157676,0.20517454948464856,0.2387516360654561,0.38407592651003813,0.1838071962786592,0.20221161568653792,0.23408203456698282,0.169543902820499,0.1792817763514405,0.19457138167620283,0.24766504408207496,0.23203792450569377,0.19209245781545803,0.2099468671871522,0.28223184610224156,0.2363965641415719,0.2128517608897752,0.20151203873301443,0.2653610845725594,0.24362646374308108,0.30425782307652066,0.17422582682846435,0.21324116078827954,0.18651184506868418,0.2125260664690025,0.28770499954943923,0.32422008504368494,0.2754803933672,0.3026415165487066,0.30908437472270833,0.17644141552180725,0.2058557206091293,0.2287675772479926,0.19548607590415934,0.23868696990282348,0.24256863347275232
0.23802880471401358,0.259536168235936,0.28030676383194914,0.0,0.21865018351420498,0.2590704682731531,0.2487308413855596,0.2686189163699144,0.20381649486450112,0.23134629272665916,0.32374370305699357,0.2592607099181803,0.2583931423607049,0.2312059335568224,0.2190638786685734,0.2715538155261184,0.34162500196816686,0.2403849117360914,0.26247639802558836,0.2450458845963462,0.3569716652418366,0.2565533901016385,0.2371095027320753,0.23725067986651938,0.2610807429615666,0.26683692014403,0.24124336053496878,0.2917250546841686,0.2293535631180915,0.1908158235002504,0.2110038829117614,0.2619503361430022,0.3020932396448664,0.2702077300250976,0.21972640817250977,0.25081927467955534,0.24451467050436607,0.2458777240365999,0.2736309781255847,0.3427934611008138,0.27395591492371385,0.30357631837096194,0.2232152346920755,0.2647072611163217,0.2585614467518962,0.27766422909722516,0.17002697362280486,0.25229440861847585,0.24577746853187948,0.2573639258108871,0.37091434167545306,0.3104063619660369,0.2415641567309647,0.3418149119675606,0.2581972007268245,0.21346151323693302,0.334987575029159,0.3244491714850996,0.2868756596775306,0.2843585384036057,0.35494911557184244,0.20534489366214398,0.29286467352117623,0.19103558853333993,0.24379034389166776,0.324420813285461,0.3667567762435912,0.1969249278197803,0.23912332723944987,0.2689664081592899,0.2526480061108795,0.19640476727620462,0.3392405420388963,0.45031077322731144,0.32316243964981034,0.1985482880230752,0.3728466027686417,0.2543137416761927,0.24496514425639185,0.20947855587657652,0.2541525427616745,0.2987498546248238,0.210083793509737,0.22089584141272184,0.34889779134661036,0.24297076842465723,0.31575046482197483,0.24053044427555664,0.21861365566637853,0.21773030086407028,0.29906171541395965,0.24959390710204313,0.23595967767237858,0.2586474044119987,0.3330634436784929,0.20257257870848866,0.2143333863753222,0.2648175143233441,0.1857081474501224,0.2818006997997586,0.20439403828705488,0.3591621363503956,0.2880282316001932,0.20716426964063409,0.25211013321321557,0.23990158537917053,0.3219753280536746,0.24860958257831467,0.25889398481925174,0.29964386480813465,0.36479284873928,0.2538871409533626,0.34123692184391236,0.2917276602585325,0.23168979433903433,0.26322699246767595,0.26926186019726933,0.19489114645260164,0.32260979614438356,0.23254579549400797,0.23337668723770902,0.27254616282821,0.28883264119053126,0.28395531968067866,0.20281245822298413,0.2370656160945464,0.2851389938430522,0.2266593563192956,0.29326325839972284,0.2214849689657141,0.19477236520500374,0.3473073996301431,0.26172759573264126,0.2821917176807335,0.2750207970409899,0.1806495056488217,0.16014306752447308,0.2182347876112456,0.25861668064130466,0.2614834050828346,0.23467240184761706,0.25490032565062304,0.3603252722072681,0.29343429449379366,0.26070140782226886,0.21010234218443083,0.22550964467919518,0.23116655648351073,0.22458687717050083,0.18180746339781756,0.29795145180977795,0.2386030860523004,0.2915743398122139,0.2185993574402874,0.3105514143128469,0.26453229612224927,0.26725593795994346,0.25981362988309925,0.2539704059676314,0.24702676791118552,0.21914751661710652,0.2393244966249664,0.28980351268994986,0.289405882136396
0.27415306626997066,0.20636338155444098,0.21447154516464906,0.21865018351420498,0.0,0.18078819127683202,0.3271739413361392,0.2007295038720133,0.252065687469266,0.20938734286412175,0.27311502178860636,0.21947285793889876,0.21463650425077402,0.20577143302106216,0.3145298598484925,0.23454583144653646,0.20013599625420084,0.2694952355220407,0.19343662603607797,0.2382654767231429,0.24001119802881388,0.26293376310664496,0.2505898290920956,0.2474866812984437,0.2518833739274828,0.23815939287261792,0.21313858523101617,0.17691922829523848,0.2026792924919268,0.20897422938942728,0.3097534624244703,0.20576293133569962,0.23496506825987598,0.19880047358961855,0.3199890384596993,0.23017267823678408,0.26440368593145136,0.2303015487399345,0.276194236809089,0.2508368952859024,0.2249552577479108,0.2529980189205539,0.2752366957417167,0.3343664180175501,0.22720148008229235,0.2192244583779798,0.2055736779397089,0.32528192573122827,0.2950394015021145,0.23445289403174904,0.23786971732725345,0.19127330490048447,0.16998455444115507,0.2072727917717765,0.2355040103177054,0.19533165628921487,0.20911222122024925,0.26574106427912786,0.23692530900122247,0.1963058156695393,0.17261463382279624,0.1682014338064242,0.1908680748451147,0.22613279224813232,0.23173170009785707,0.1809191967064095,0.2492084856153219,0.2369296113058872,0.21496873800769878,0.2565767335888139,0.2824704045728069,0.224059969470573,0.19529103609863543,0.22279542450689319,0.1826580529137389,0.18426512967944983,0.21755449583449202,0.28934814527052016,0.2081933504593673,0.1710276084390951,0.19910732985722626,0.2762691845465241,0.23406123658127276,0.16927747183361863,0.21357018881797232,0.2195744450032733,0.2599481297544803,0.22782414348033284,0.18333500208570366,0.20646362022877449,0.33109295799167965,0.2840218756487291,0.25882512731734114,0.17024849464288666,0.2334947827998606,0.23294446723594528,0.15519960155619242,0.21487488594072904,0.2174856469733457,0.19110163682708287,0.21792836416542896,0.23011655465847425,0.24668292472018225,0.2301183423726323,0.21115431749648167,0.21517867290730114,0.17374488425250623,0.2271715245543674,0.2553923777584821,0.23395242792854415,0.24025041846772618,0.27428801326548946,0.20225884368857877,0.21818496640051968,0.1937637125672438,0.1891754546118829,0.19493965403864208,0.27601119361763127,0.18157195686172722,0.19184258522591388,0.3378005412426505,0.19570329379620555,0.20796960310741125,0.2763148150108468,0.2672399915148014,0.22918399620463795,0.16703557602595404,0.23740327748283277,0.18888836493534916,0.2472250137105709,0.18089914211794889,0.19708395395225797,0.18209662468274623,0.23273832318618243,0.26506618052747294,0.24048420270948972,0.1997982840926589,0.3392225560061727,0.3075580599080536,0.3118857304682799,0.20831348180118678,0.224999314535432,0.23812091427239399,0.2294362433119609,0.28475841755866066,0.2578776328214699,0.26720413961763567,0.20643465281376236,0.2366061842325456,0.15374101893393807,0.27017648877115413,0.2034592516462783,0.22940931151476482,0.22720660234154041,0.27686837503758266,0.3091126565601845,0.20503554452715744,0.23864693223213052,0.25142472624941464,0.18341753687778722,0.17904970589629732,0.23029931471154372,0.22268085353455627,0.34216539132352103
0.24659006592752483,0.38410423496690055,0.33867459140561545,0.2590704682731531,0.18078819127683202,0.0,0.20321150887233902,0.3484688103438129,0.21417159364368102,0.272872639477231,0.2290141669304586,0.2604804984367152,0.35092089086149464,0.20542724298982798,0.2275010656815162,0.2950660922158696,0.3275390467083968,0.20367880114266756,0.22399060022772174,0.2622279686093097,0.26267370687743963,0.2648326712564546,0.18524418848015065,0.21564348054059548,0.24744002561007747,0.20290481531691046,0.21398672437901184,0.2915423269375333,0.22104064746394844,0.19720191921447197,0.2346523014153216,0.310345761784103,0.32089503736135483,0.24026844079218998,0.20099048905301364,0.20916431362178795,0.22943833277037987,0.2161012678183338,0.210426372779148,0.25056109083547445,0.2614658255858484,0.27335061145280737,0.19078810472242455,0.21557279497661921,0.2913119562992714,0.26162182896883635,0.21739098718093935,0.19764114115989917,0.18555659320201542,0.2440677969808948,0.25336377590053905,0.3014755171680282,0.2101319349842736,0.24600596924521376,0.20879569888438007,0.2746271983813914,0.247911818828541,0.30619171972796677,0.21004596405097564,0.26162039826398636,0.34697232075834883,0.20464673962364108,0.2524662124614498,0.16089089637331874,0.18958416320142749,0.24079436299912288,0.2595038118328391,0.22660016907233788,0.19527570767014074,0.24787376398100613,0.2504383707793411,0.17867875251118648,0.2401900595559293,0.2973442653494544,0.40073093679972394,0.1975093114032113,0.24142181390507325,0.22496355171502752,0.2228973130046807,0.24590226480717495,0.273323758062127,0.22966464947574178,0.2388255273629752,0.2527907013565753,0.2394765290458776,0.2933787751622755,0.24330289189667229,0.1906389009857505,0.28233871615121475,0.23619441521293918,0.2193273462054446,0.2601245838263377,0.22367214810822938,0.22346610969344252,0.22108572094950832,0.23208601744007482,0.2160909000635502,0.29893119494574905,0.15299140058234945,0.3465517206830134,0.17449062456534947,0.22598599275911235,0.1804468353257242,0.20873004039328377,0.23914981758545054,0.33709495879860407,0.3176581674605732,0.2824330487102314,0.25430700928123146,0.2895283926307319,0.22430729104124797,0.18537354287902175,0.3135064594826454,0.2330662952200101,0.22176101661363484,0.3844808765850787,0.2618429032044582,0.16398805334055816,0.29071683073531834,0.2074419548433627,0.19472540209265737,0.22543317932225193,0.25391470225577023,0.28272711260172073,0.18456720716442515,0.2692690967795002,0.2706635979791523,0.23628639819967975,0.2720817626919022,0.19328061305098027,0.2723597965026693,0.35269114111545935,0.20739464342738828,0.22488511447223217,0.20745271899900786,0.16875846451328183,0.20272364522088157,0.1938272857467059,0.20549889191152765,0.20787305671179537,0.2009936710481831,0.22642490575161994,0.28043288722483767,0.2162012872160365,0.21265288230436083,0.19549094520549887,0.24294236226707785,0.27956396848726145,0.2535045257735251,0.1842331634908992,0.20572324916017992,0.20556485130608357,0.18944080449683734,0.23087515218897345,0.2793669526500473,0.24608479818283557,0.2628886174577081,0.3218875166932603,0.18916541455947092,0.22084065225537466,0.2108090550409158,0.22424731760224748,0.19892801245833305,0.21423860184835547
0.3047007649547401,0.24111793085886707,0.22636807295896183,0.2487308413855596,0.3271739413361392,0.20321150887233902,0.0,0.2218034913759034,0.26501571850123123,0.2456465301455669,0.3061271608509579,0.27819949331177496,0.2542614304918399,0.22525668759774753,0.28501858319339346,0.24605368762737287,0.2129408915291626,0.2899325746056368,0.2397816981810249,0.23087815973692696,0.23590437276456078,0.2874804198563654,0.3648010405231851,0.27856866580136513,0.3241098648858129,0.23002094747850424,0.2661846922237327,0.2129571545399863,0.2307332900556969,0.26976659161108735,0.28773860679584967,0.25188954307349926,0.25968940779817984,0.2459263441480543,0.23883710730278754,0.22370623137156564,0.327621305939527,0.23190734012236036,0.23800114862437644,0.2949807854419579,0.22912625737484502,0.2761345915907166,0.25835621206864756,0.2718294648025669,0.2710219822720274,0.2391133596878528,0.22625352489247294,0.27111017723735503,0.4287243159894103,0.21183503545016696,0.2722593698014145,0.19336567501223995,0.1786415946633774,0.2258843593338004,0.28908819176982975,0.22295225343329125,0.23386182118236265,0.2779254695266128,0.2758855566875294,0.2154197981712945,0.18525444345089329,0.17497849696495937,0.19099120682490991,0.2143738108736132,0.19528419038891828,0.1858950788098236,0.27515072809923447,0.2809677535667569,0.22934148795206216,0.27182847888475853,0.28192361945266814,0.20337130094579012,0.2073305428604635,0.2526320689730369,0.18372416416079823,0.21981430528239584,0.28161418158219964,0.2847208429892569,0.20965860667684239,0.18252199447227893,0.2002656834336018,0.2679915728170059,0.2703468851974784,0.1703944685830468,0.21565773670444016,0.2468102291731581,0.26380712850916344,0.26510848061963666,0.21665538323032293,0.22720984235066186,0.33261805411160617,0.34855479437785475,0.2700415701969491,0.19949131890693558,0.24765381175213771,0.28353122961944943,0.16004309706441186,0.2499155182610227,0.2011947297175829,0.21558838473241362,0.21954793752211313,0.26296405689300034,0.2635678103750783,0.25863254411872066,0.2126938634174269,0.22874178896750005,0.1773856094381726,0.2570378569232188,0.26918137097537104,0.27730304260484046,0.29325194859219317,0.2554173744164265,0.2151457900246913,0.21551718475440645,0.19820666623279898,0.21611437781454756,0.21706334220907342,0.28929108560831657,0.19438604420355216,0.19389333987115775,0.23998029934733509,0.19984281414099747,0.21239430798640602,0.32980575114143557,0.21567989843880161,0.26479968634859924,0.17598446673341553,0.279685741711172,0.19296122973100985,0.2315245565521547,0.1973681390154881,0.19396186141505814,0.20543514545451264,0.21812602514015075,0.2159600479972009,0.19338269544704573,0.22070460870426858,0.25136039008366046,0.3213577538673472,0.33250914420834965,0.22699683187066033,0.23055798739194067,0.2656610715468315,0.2314807404017759,0.27238452902396576,0.3103738288064873,0.2504205574285434,0.22208220545468133,0.2633964572086429,0.15035369179664954,0.2666086138795337,0.2311988528343126,0.24387904093006335,0.26557749475816517,0.30262722137682974,0.35621904740137905,0.2875431770261977,0.272209769542496,0.2731976057609126,0.2289923726247388,0.18275124459821226,0.24452009833152683,0.23085725738014923,0.31171609125873195
0.2748776859676724,0.3572374710749167,0.35052414858111985,0.2686189163699144,0.2007295038720133,0.3484688103438129,0.2218034913759034,0.0,0.2866016429710081,0.3178303478898225,0.2540395693170384,0.28980572696650686,0.37158717021935644,0.2231012177139646,0.2386994100030207,0.34010283774525396,0.33993810500343824,0.2383625041359373,0.22738123571297802,0.27193758974872756,0.276595709945042,0.2525434280020817,0.23294922517301736,0.23126632595066776,0.3037664464281873,0.23496872684164666,0.2813210282789746,0.29951214946194277,0.21654487280530593,0.2495963237541899,0.2910638813068158,0.3083537237616862,0.30514490706787334,0.2659251377159923,0.22305270869123192,0.23667626438483635,0.2686949666462242,0.25835138083931575,0.2123771737781705,0.3187889034917856,0.2634682206189791,0.33847374464980423,0.212833121917331,0.23316852021360274,0.375524101283452,0.3121846302830587,0.24011229296770295,0.21583622601855124,0.2254541145200154,0.23584941757287872,0.2615875011338937,0.26679484474914317,0.19830541276321886,0.2336719598151337,0.21962294059815707,0.3057158979243306,0.24836535663447598,0.39126510920675767,0.24942317228098249,0.2529388746423166,0.3223772918135834,0.20018317310590514,0.2519478034042102,0.18332472859207646,0.185973477233955,0.241794315206023,0.31183962812170496,0.23690593102418953,0.23848652846345902,0.34619872044464645,0.26704271637242427,0.1971228856504662,0.2650157539779983,0.32364804091296967,0.36516130304150557,0.2081864606498936,0.2745471563236377,0.24478629134562763,0.27562102113785775,0.20916013379116452,0.25787396665811596,0.240612598645712,0.2851520351528414,0.2628958744002316,0.3088952308275486,0.4095212738015334,0.31481379484368116,0.2172179168366338,0.28967636100198,0.2788840129407086,0.2535195346035727,0.2763076879709388,0.22769540445186423,0.21249576202104223,0.2692434309011905,0.2682917212110188,0.20093137678286044,0.35679245518554764,0.16401806011211006,0.34203128683249506,0.18343341023703152,0.2965022500289483,0.21681654650449653,0.2581668888173158,0.26337686967712093,0.36449279206997137,0.28384116296588446,0.35737124568710504,0.29331598251100555,0.3106823895210277,0.22323895792911108,0.22284780854246825,0.33506262437884193,0.26463654384769975,0.23376216222879947,0.4216346121250798,0.3017146612846762,0.18801854499763096,0.2508520943544189,0.22357698012158145,0.21289951020862752,0.27778451164562457,0.26308059661356764,0.3032282325379193,0.194829923443519,0.27554253885529106,0.23463577457915502,0.28890066838368805,0.3030259043824225,0.21905115586765556,0.33514171671213905,0.3212099466580204,0.2298768531355364,0.21310375115767,0.21685146810887518,0.1715949896472838,0.22465920896711097,0.22132567584377144,0.2597469261529629,0.258482741156729,0.21153480024422963,0.231612502603613,0.3021376699756934,0.2379417224142163,0.2460636044817303,0.24405197511530569,0.27276123079139136,0.265364605837096,0.325718117079719,0.18709370867436864,0.25515641673100026,0.2247243333470652,0.20733473032389152,0.29749528984747553,0.35952287512147,0.3003049184195022,0.27320930343748834,0.36903274236275185,0.2051727364607423,0.22599780072572692,0.21496339067298442,0.2459269481681463,0.241438111978044,0.23912011980572692
0.32626268015809196,0.2745465746745434,0.21496506591365552,0.20381649486450112,0.252065687469266,0.21417159364368102,0.26501571850123123,0.2866016429710081,0.0,0.21974094907002018,0.22280808903901958,0.25449323151380143,0.2362607652307146,0.2313101745950701,0.26390328087909626,0.2309690953517675,0.2023008001820078,0.25236250693254636,0.19306563732170784,0.27780964791220036,0.21655273814607018,0.2972458484222895,0.21176496787200813,0.2462582874739535,0.253694758920969,0.21270110056100974,0.2218109975677775,0.19284822273387903,0.20474517123586933,0.28361477386894207,0.3612753795330353,0.2200724026684751,0.26720505584724125,0.19125906127177303,0.2775328805593829,0.23109803093938452,0.2603259566113551,0.2718497064978693,0.23085814003476943,0.2473009726720893,0.24238056583295703,0.26810310673513277,0.23420659568109367,0.2862821795850776,0.28357359669253895,0.23775954169661276,0.23893319397771262,0.24959640216971057,0.24293651221363116,0.24493671440358375,0.2295091039659816,0.20691283691023077,0.19301442512792913,0.21499309583185944,0.22829719601866066,0.30502242875279284,0.23053497558275776,0.25359340275741454,0.22702704343201305,0.20669258965128476,0.1960035467606426,0.1871879419641918,0.19946589192618353,0.21527298612357096,0.2142572216834799,0.19232510255735438,0.2657246486285717,0.25909237513696415,0.20930017537776888,0.2574247227236168,0.3295509220844996,0.23403656070421613,0.21604591559647127,0.21346990977182975,0.2107987837508423,0.20143717733448938,0.19366927593802,0.21638707207874813,0.24571725759622626,0.1786727676853157,0.20492505049199036,0.31654255635792533,0.3347978296191096,0.19119957961647768,0.23525382570968117,0.3202863882002642,0.25201713233236384,0.2497886862725442,0.20827146027405744,0.3481818251419108,0.2796976613178367,0.3447105637704051,0.2515998639770245,0.1941201520872406,0.27322936667581993,0.32370703250048277,0.19230423132895375,0.2572310261628648,0.21983478098575968,0.21352941718174506,0.23377646707754587,0.21122509137431955,0.22392120524078374,0.2434038478811263,0.2536587713437866,0.24835137713498076,0.17942188129307352,0.24396999096283206,0.2471737509313913,0.240381791188082,0.1946656597856039,0.2739967351292882,0.235858875861633,0.2177666010931207,0.21502994117542865,0.24680330334669517,0.2189908232955437,0.21890375448917773,0.17648555859807952,0.19817702760622805,0.2766708507271404,0.22339578406641056,0.22861979490140416,0.28462300158514425,0.29319600662779643,0.23700844969385737,0.19063625060507744,0.27403855776832586,0.20187197640968377,0.26795119645097076,0.28785880752866194,0.21636417456215068,0.20603372004039738,0.26936826697143607,0.22835889715387797,0.2171157244541745,0.27639617768989344,0.267452897504366,0.2740281360712511,0.3024100582323702,0.22279100412467928,0.2178864752764941,0.27309713122121954,0.24348251744955837,0.2549291319044768,0.2756637995611712,0.3967034781139829,0.20456553221437776,0.27445605806122203,0.15352104017736293,0.2987600693603595,0.2190843721836916,0.21146070951868573,0.29913236296972723,0.2637144037656827,0.3437000990457186,0.22370348126301656,0.27089375255863474,0.2811104820904128,0.1915848538251013,0.1709852210267903,0.2690366368998452,0.22422038397576916,0.28637995285896206
0.24818590542062155,0.27243120946093763,0.3134296949404568,0.23134629272665916,0.20938734286412175,0.272872639477231,0.2456465301455669,0.3178303478898225,0.21974094907002018,0.0,0.21814141556414823,0.21956123416785164,0.3204036150514067,0.2227291554221565,0.21831927336472337,0.2911504407635816,0.26525009386631865,0.2616906375399843,0.19751327205076952,0.20589886114950653,0.2201004007444592,0.2213738050970443,0.2817744095880397,0.20343293133622758,0.36592415313728704,0.22253254354835078,0.28208078337257997,0.24967562575247365,0.26974550922300006,0.25307525013567717,0.25327556789017747,0.2746337545520037,0.2167799886991959,0.20900453871343988,0.19664345766792565,0.18072473158843597,0.29859868961997094,0.22478476989679802,0.16949740994294346,0.2622836608298828,0.19022492919433495,0.28138679117011467,0.2288778188721021,0.20076066010652463,0.260762725886165,0.2506866683609021,0.24088302431153358,0.21638939036235647,0.25910265942043464,0.17821550674323489,0.22660916943828013,0.20011968326031282,0.16362815973474357,0.199391134005701,0.20922819115905125,0.28489227945854845,0.20014558076012157,0.2568854681051598,0.23702443895690672,0.20071587263904972,0.24596889047994366,0.18893116712348026,0.19238443572322422,0.1676209064572611,0.16830880625493777,0.20436471585562602,0.24426880173986326,0.2786940731828133,0.2631139935051488,0.34708852054903927,0.22516586685396206,0.20463011520549163,0.19418303935170525,0.26884579235928163,0.2447905154602652,0.22375865525186472,0.22695251844742012,0.276243937073432,0.21597644488570386,0.2463444941423776,0.26008238759743657,0.20224139617626663,0.31095688956450973,0.24003993819062266,0.21857113598260486,0.2534472118891667,0.27352687275846693,0.2355373472880364,0.31202764306449793,0.20699529112450035,0.23501684896057093,0.22602058324537486,0.21266915440759385,0.17206675852376502,0.2159026132769303,0.27759049605149544,0.15151709561329543,0.2652093408832925,0.16583776338213813,0.2726416016734473,0.19018446641920295,0.2607021049886689,0.2228520492626603,0.3043680669764843,0.19707391378245648,0.27649909195708017,0.2302000953311582,0.38041789682383154,0.25819600905721146,0.27208481918503113,0.19797004238538424,0.18610094990294823,0.2541345183300378,0.27761457871984696,0.19756108495877053,0.2913129620193587,0.2518950727210809,0.2362190273029347,0.2248959315310314,0.22721013138094873,0.17861977154693784,0.24435981573756163,0.19680545712808434,0.2880938031455397,0.17811671319961578,0.30515861686453355,0.19724584286869298,0.23303901755968848,0.23627198462244192,0.22640825718665744,0.3242549447208911,0.2428289403454828,0.22444456701184076,0.16400712896746775,0.17934482317464562,0.16441436865496228,0.2268641605413025,0.21653268856152064,0.25644249936579344,0.25941007264945437,0.230020048088822,0.2300421499644921,0.2379209754138199,0.1816001090103671,0.23340193046246419,0.2423400571410202,0.19174943478135495,0.3391519307708684,0.35840172372995666,0.17106331346449868,0.19678216427104886,0.2406145989649349,0.17678797807922783,0.2774572527437089,0.29584821833755326,0.2770766195893552,0.22782975186281523,0.38643597737561663,0.20966770799547682,0.24619415166511444,0.2845315719167737,0.25328147198088036,0.2643962522959854,0.2054481613965324
0.29567239812915236,0.260536296741736,0.253398845395677,0.32374370305699357,0.27311502178860636,0.2290141669304586,0.3061271608509579,0.2540395693170384,0.22280808903901958,0.21814141556414823,0.0,0.3418158263841384,0.26047635243232614,0.22735930501549623,0.24974194108530395,0.29822018646905357,0.29009129380533005,0.27492092927488715,0.29343709343019714,0.27141137450352526,0.32657405952408736,0.27748756949801046,0.2669769854000467,0.27959339996998994,0.3039806195058549,0.2835074743474138,0.2407567151901218,0.25665063733887716,0.27295546837150375,0.2289045396639062,0.2469232754267553,0.2824648835297718,0.30261966157679454,0.2623294343694726,0.25362604040178643,0.29507934221075893,0.3168205725320915,0.28016464884686804,0.33402636690090165,0.3545607713027669,0.28775665807433953,0.2704779301248951,0.2725391162148952,0.33252779882331274,0.2872194831734038,0.2665826852120109,0.1879561835166564,0.3685541985248826,0.3343896360722201,0.2528446272401743,0.36929633066996387,0.24545243771041728,0.2101317628089221,0.3193323943644819,0.3508302074431231,0.19374504241649565,0.3386114283377773,0.3482813631264505,0.32481654313115604,0.2772681535324182,0.2655948194251525,0.1781521023170542,0.2646748166345634,0.21897044784496564,0.2111570781970215,0.24848065144935005,0.33105674135531976,0.22704327449618408,0.25169462382291363,0.2684234269461296,0.30251477494153495,0.21041885469018934,0.27050109488543284,0.3270669121047051,0.2551525767977227,0.22609351409969797,0.36361909980036566,0.2764170781875957,0.2501499475548271,0.2054156949818417,0.23853486061410673,0.2605930841606374,0.23767588754209784,0.2084597853139421,0.28720525189535584,0.263513712655068,0.3125998225584909,0.254146097386493,0.20843387827329168,0.23281499893224417,0.3711325697308078,0.256736634338805,0.3144278618473728,0.26425488639493283,0.3033622218141995,0.24642327552674698,0.200367771770081,0.232302209732443,0.19512368813439634,0.2354697644654069,0.23485215249917565,0.345866896681279,0.27902624422651817,0.23459703426220177,0.27302882588250155,0.22373723073551507,0.23339401790902622,0.2418478867351,0.27065204940419535,0.3270120500589842,0.4398576844209409,0.2945148034678207,0.2768661772796471,0.2520609463410729,0.23906491254729037,0.23050229810985015,0.25233357142829194,0.265910635866021,0.25858164845761866,0.20209855529647142,0.2741416456371372,0.21817040348837313,0.2898102344960503,0.34110181072158735,0.22227022493929224,0.303435887270119,0.19604256978049694,0.2745801989430501,0.26972232343852937,0.23896407311290224,0.1796318723865814,0.2725119154821917,0.24789337840555115,0.2773591041194788,0.31852420968989464,0.2029981120348649,0.2058199488253625,0.24706925861409965,0.3302426247879839,0.32938834171326764,0.2531450934813333,0.26328887168062637,0.27296902425722935,0.30322565889054265,0.3755578251460669,0.2406252128921472,0.2381301198030043,0.220482156293512,0.25906635489970997,0.18221811354574835,0.4013000523288008,0.24887266172179326,0.324422592375293,0.23080534219050552,0.30435816450396225,0.3231831015752969,0.28809880032183,0.2545309639326364,0.27046217667592193,0.2277471151105234,0.19372207258089427,0.2821397478594409,0.2344545924844458,0.40121565009545845
0.2535401776366236,0.34479098982790485,0.26202303547513656,0.2592607099181803,0.21947285793889876,0.2604804984367152,0.27819949331177496,0.28980572696650686,0.25449323151380143,0.21956123416785164,0.3418158263841384,0.0,0.23463920595597568,0.17878936144777982,0.22209520290317467,0.2538011550900342,0.2580154325922611,0.21263967824223293,0.2784296496465059,0.26395076782117716,0.27175471800257955,0.27617757254364517,0.2567843845694657,0.2965214843534436,0.2845228499889671,0.2175962565173651,0.2566106796515598,0.23757666050092477,0.22085501516161554,0.2704371446895432,0.255122803184917,0.23616093299282162,0.2702753328757685,0.26596425374170524,0.20358090716082572,0.22460291486117973,0.27034277024257714,0.2227412354147242,0.2998239280014793,0.27699560229192277,0.2561998077189145,0.29906628999701435,0.1972422700830572,0.23745288408776272,0.2879156708951918,0.24328676477172462,0.21960860207820157,0.23530211291505543,0.24996316417991574,0.22561420759919049,0.2762305580744466,0.23539988614358057,0.1909527050543281,0.2663616203394411,0.25935004788767746,0.21263842299523533,0.28013039565204867,0.3380524496550309,0.21482079076425933,0.2491752244838477,0.21924096915599742,0.15157066028973937,0.22010711537318997,0.180901812021889,0.17670939243650305,0.20535381193337957,0.24821507198554021,0.2019185503979111,0.1879006300274772,0.2263318169422175,0.22475540634945848,0.16871266083275574,0.22091580806985486,0.2602074798612806,0.2379908359781776,0.1889072076381863,0.2455830391540858,0.2523349608515315,0.20875596808249716,0.16717370928462552,0.178523479303724,0.23800284973164115,0.25404371231824124,0.17096569274165024,0.23212309314967555,0.2897355702504121,0.23301673326806013,0.19730430164305024,0.2066716432612161,0.2680452260089681,0.2618801496255474,0.2567060757426803,0.2329545692550943,0.23111322089999897,0.22334575306319995,0.2824276958640045,0.18003034544743265,0.2533235915410293,0.16153057288582237,0.22256377474863598,0.17913445353237123,0.23179726589034103,0.21477562141110865,0.24325635523158462,0.2101692937032355,0.22396581319471554,0.21728809702948798,0.24541857679367998,0.23646509421832054,0.3804756267646462,0.3506927054514548,0.23313983833120916,0.2072966225728033,0.21152696585885417,0.19464621088618678,0.2882625861701075,0.21600742649111132,0.2163387228195223,0.2276817653654477,0.1740400246187605,0.20664949724392795,0.18400399009662996,0.23383020217461548,0.2779237442865979,0.17385415288850656,0.2812540926645405,0.1820025477241453,0.311571276323955,0.226417812840134,0.18496524368812658,0.20763253273017632,0.22905089555516853,0.19118929262761628,0.24664087001205262,0.23620247398710298,0.15351005212766472,0.23146341743230897,0.20390007015418754,0.25102059527484544,0.2484161971416015,0.1803885165874035,0.2046832263548518,0.28533925133529575,0.24660265523902913,0.2538552218608278,0.25723308720542576,0.3198237065183018,0.19032711675435618,0.26627259328542885,0.16422271640383693,0.2627803456907116,0.2025735246536381,0.258941300599718,0.24838500826736615,0.2869461148668344,0.25415660720696825,0.2850583887998239,0.2651456128492739,0.20101456106745286,0.18396591135031298,0.14928328131061339,0.21274547896333168,0.18233993783713537,0.2808589563101183
