0,1,2,3,4,5,6,7,8,9,10,11,12,13,14,15,16,17,18,19,20,21,22,23,24,25,26,27,28,29,30,31,32,33,34,35,36,37,38,39,40,41,42,43,44,45,46,47,48,49,50,51,52,53,54,55,56,57,58,59,60,61,62,63,64,65,66,67,68,69,70,71,72,73,74,75,76,77,78,79,80,81,82,83,84,85,86,87,88,89,90,91,92,93,94,95,96,97,98,99,100,101,102,103,104,105,106,107,108,109,110,111,112,113,114,115,116,117,118,119,120,121,122,123,124,125,126,127,128,129,130,131,132,133,134,135,136,137,138,139,140,141,142,143,144,145,146,147,148,149,150,151,152,153,154,155,156,157,158,159,160,161,162,163
0.0,0.5790601832686368,0.5418877864610451,0.6225543440942873,0.4706955228387666,0.5633041049440175,0.5896890929393523,0.5606780397705134,0.614824473896815,0.5968080958704554,0.6287153809126647,0.5794357148572296,0.7016587298540271,0.46021120135968385,0.6056157148296882,0.585244649206036,0.6396079104107601,0.6759103485096699,0.5510559139513842,0.6754120023999668,0.5808426427932049,0.5765790927538069,0.6287498847592303,0.5278402829947444,0.6725117335121454,0.5464401505426464,0.5793557055396157,0.624610127768478,0.4919731986516398,0.5299413609707135,0.5959791609443318,0.6161204689586505,0.5948700755766262,0.5260109702822625,0.581862416705455,0.47783027971253483,0.6465585308964414,0.5782962852046901,0.5349418830087106,0.7055366872465397,0.5627926996320355,0.631872162061885,0.5783081570546948,0.5923957873808072,0.5910959637660289,0.6952980122198575,0.49445476242808595,0.5534823998251299,0.6753334156000251,0.6131425300753017,0.6351231191263658,0.570634943071566,0.5508219262030176,0.5516481851506531,0.5541006511029827,0.561464124528364,0.6728108945845093,0.6002297392730007,0.5604608399540919,0.5138197292136395,0.5495248536520779,0.3989159229056937,0.5852416715133889,0.44343668193776437,0.5728294494224042,0.6087181519926824,0.6400548999137251,0.536264808224154,0.5662535806293784,0.5718677877056654,0.6545360391153712,0.5069073087453329,0.5742483719504536,0.662052179835894,0.6074189577420178,0.5727149744687403,0.5732967737902844,0.5129632163667543,0.5719059326307498,0.46044210484277565,0.5772460089910242,0.6174416151857239,0.556395712102635,0.5120776507260398,0.6389731023896034,0.6267404998269598,0.5819165241527481,0.5803104474033997,0.5889715364050723,0.5340030075761395,0.6696661458882899,0.5497451106638631,0.5970523064265414,0.5857132561603737,0.6308386570793404,0.5683552695912845,0.45839161350464985,0.569155283556074,0.3975529368624764,0.5648702113689638,0.45829409561124057,0.5098233323882565,0.5630689880013708,0.534911070288572,0.5540456943203339,0.6063752828820893,0.5854362306277483,0.6568217711414039,0.6493697434719125,0.5829725818495947,0.5982872848314993,0.6304921498451711,0.6382727867009041,0.5798745457937096,0.5520962396599304,0.6102253586355526,0.6299779557437639,0.5792679806127263,0.5649154049316504,0.44321964121706725,0.5685572134754671,0.5144593375306769,0.5728788997351059,0.6220517050406398,0.5489153759508066,0.5580078409138707,0.462326139643325,0.45246500066881534,0.5118514978442964,0.6216628643538624,0.5368436818898301,0.5812187198166198,0.5075132954214939,0.5306911313128607,0.5691632509192526,0.5807193263001776,0.539438133273292,0.6314150613124961,0.6641996877193478,0.6232037483353942,0.5535056008783935,0.4773849815842143,0.6361936771861684,0.5750097824790694,0.6161691332369202,0.5734188370934636,0.5738894418655907,0.5762891509592465,0.6440209313360842,0.31901096534071094,0.637984922753586,0.5631965570059844,0.5658955438293276,0.5561845023721196,0.6229444812776016,0.6177314073575232,0.6082251180808008,0.5870990933016341,0.5921104876884627,0.569218351819526,0.5495675725444669,0.5759782676329456,0.5343583874327497,0.6597827221203482
0.5790601832686368,0.0,0.49206080474827335,0.5406787275287152,0.41769774576758767,0.6444779066447228,0.4945669421778201,0.5263914153065217,0.5741467018998586,0.5357361822157423,0.5114539491935043,0.6208188668218282,0.5741088058366091,0.48578403213934007,0.5009666467838944,0.5287898096798049,0.5811295743808698,0.48183681765203035,0.5233151518158126,0.6251057764213753,0.5170781956237634,0.5057305840507927,0.4990045635887617,0.48508036782822145,0.5291097037199132,0.4671051326509827,0.5112643796295403,0.5439462596230994,0.5507143142279886,0.47693544779118674,0.5957486996461661,0.5732431617822339,0.6310642575477152,0.5468882736373148,0.594621135930047,0.5335153494442519,0.5063882757322073,0.549716271102564,0.5561710085574328,0.5756682352544181,0.620334171992527,0.5365830245755362,0.4427591130872194,0.5435728191672488,0.5746769789448403,0.5727728167732156,0.4841008797066684,0.4773708937999384,0.509862050746863,0.5736442378934747,0.5217554344509354,0.560198884241294,0.6042321304758541,0.5612618025674325,0.5371276674461939,0.6275467550991572,0.5735467983398513,0.5440925907953764,0.4678716803286952,0.5790948279531666,0.5272658637375696,0.42806374810228165,0.49227582008248116,0.471725209323816,0.4840903475763208,0.5068606583720917,0.5498023876260313,0.4308937753707143,0.4352342981583556,0.449978337543409,0.5311154675531496,0.5043483613060882,0.5116807282605087,0.5257096941417118,0.6086074243696054,0.5305295984794812,0.47535241602104966,0.4858479200336613,0.5108432629709025,0.4575674292242089,0.5308399500011969,0.5310949588929322,0.517856813919644,0.5184644660805794,0.5643109506552536,0.6604672228861137,0.48013075030827906,0.4703325542431733,0.5642857919744707,0.6139230143561856,0.5158598474535786,0.6150406092700847,0.5707267938391086,0.588474245704923,0.54698067571235,0.551606163279916,0.49961376217448994,0.6275146091235484,0.4324367472247076,0.5793003924979564,0.4891747055559919,0.4216216688536953,0.45742284130634087,0.47723059071758395,0.5422497213996694,0.5518682001902737,0.5475054303665636,0.5684156536346866,0.5899612836628375,0.5544810687385573,0.5331412268264369,0.5473915810624087,0.5604149617191725,0.5271045660923082,0.5463979332394846,0.6335308831220757,0.613296985699786,0.4566890484016487,0.5218174333705006,0.47278106009762194,0.5418484170718525,0.4620117991140893,0.5994726727496026,0.5481492941379975,0.5501018890533715,0.561149136719021,0.498919302902467,0.48729099444043067,0.5905174909522278,0.5216600274276334,0.5812513800194165,0.5354093748548991,0.4810219977729846,0.6131426793380569,0.5232984927503147,0.5213933147482659,0.5321821496289674,0.5768354306586853,0.5209098941976135,0.5235012846812723,0.4797375250419488,0.5205712956099973,0.6491131551754202,0.5633689982249577,0.5632380136410319,0.47442757832214566,0.588911210515371,0.5308607013420029,0.581101741317155,0.3622772885142856,0.5270300385819249,0.5427080767376053,0.5257838853990482,0.5205097490281321,0.5372773237037407,0.4956385375097086,0.5053064259960848,0.5288084686836882,0.541682112305566,0.49508073162455807,0.4759745828919746,0.568413386271362,0.4810299071747959,0.5247293792550083
0.5418877864610451,0.49206080474827335,0.0,0.5146943459640625,0.5569930207116447,0.5461436902691845,0.5121337918487622,0.4775068740551169,0.46410438132126,0.5144347986552565,0.6163050338382113,0.5572264598318692,0.5495337528199714,0.37240461112222123,0.5629311183987777,0.5645420363349309,0.571531074027618,0.5152418384149832,0.500386995382272,0.49061128748917454,0.6457917608161338,0.6975650543477465,0.466199845001547,0.5701541697379053,0.5229852890077961,0.5063203513659489,0.4251040945281711,0.46324398868308947,0.44346272708826445,0.4882196284282641,0.4557547734897297,0.4977293031049563,0.503655137759569,0.4137127636789594,0.42709403567382903,0.4102650316356718,0.5266564223240624,0.45521982388602406,0.5056422569971124,0.5601533774191146,0.5048504253972547,0.5935019619322108,0.5478231045921376,0.544807072610703,0.4642318707978071,0.5309429067607276,0.4782208948776419,0.5831671528009265,0.501457166517512,0.5126787677309183,0.5708933304100533,0.5534066182980587,0.45593152158430134,0.5476030023098066,0.47486581162966146,0.45774283522383286,0.5367368181009224,0.5967170594766766,0.4593316442371938,0.41949676967633825,0.4832722015198404,0.3522213878414953,0.5892979482549597,0.3700867195070459,0.498553975155205,0.5048586949772886,0.4786915349491997,0.5444341062072916,0.47768607434127625,0.4905538262927637,0.5863215782809463,0.38971619633061677,0.4469159235079884,0.6079453829522153,0.5082348622871128,0.4150575695179706,0.5451567101549459,0.4997707290043945,0.4599125352525244,0.42154169268710734,0.5485911072795279,0.5273512272842829,0.5475603063952651,0.4212895767045049,0.4823344705165351,0.4963741397899929,0.46865007248150736,0.43590194878727917,0.4278598278124457,0.44163410502817546,0.5726644579794282,0.42544859565034854,0.5087536477398491,0.45912281548068223,0.48824963919342884,0.4972796147193836,0.416496857963945,0.44911936801923713,0.33491468153089976,0.4339655279096833,0.36917010620195734,0.48231603406420315,0.4437853954384703,0.47009508387307575,0.43069668707783276,0.5382209339501719,0.5273445186660073,0.5099091599144205,0.5283376270476771,0.6010759866726134,0.5600614688989785,0.476643718676537,0.4902605044819993,0.4370475526809749,0.43535419636726264,0.5208519329114407,0.4561331945155444,0.5207346215799183,0.5695754953943994,0.360396116444456,0.5064328630818505,0.42648493701233414,0.4529822422552444,0.5591429511773615,0.4158389389894426,0.5011904003983325,0.39737629889005993,0.42295946883051355,0.4418783125585885,0.48602617217814525,0.4327956693447624,0.6416825560683295,0.39403376247875394,0.43092471604246346,0.5325536389846874,0.5076237928325766,0.46968514593272764,0.4780569444210744,0.5076971169641944,0.5023168439764591,0.44570100445303656,0.40939779322807773,0.4856921080313439,0.4753074520563305,0.5046332376728806,0.4529237257588868,0.5897052285003862,0.5288866270407291,0.5194816849867636,0.29189983532208785,0.47150296544800674,0.44507842747794596,0.5256879665292578,0.5662018807378737,0.5559163975391496,0.5108053264473496,0.5296703402961502,0.5889480106903029,0.4287217258470769,0.44858422401329,0.4694624438748056,0.4227043781191319,0.43822399545886176,0.5777167171682941
0.6225543440942873,0.5406787275287152,0.5146943459640625,0.0,0.4260955224614673,0.539554167823364,0.5346127199904035,0.5510825028384762,0.5248204226573612,0.5260676049400713,0.5855564545366604,0.5510560548192923,0.56554098346027,0.42445179760387103,0.6015761384419651,0.5002966927151308,0.5670667722244243,0.5764766921358213,0.6205878910901212,0.5874008095635472,0.6015178071362735,0.560868335362067,0.519535883991507,0.5127253502072455,0.5779215810455718,0.4943304368932713,0.483354849293496,0.5815089628981883,0.45151419258590436,0.4361576411176907,0.5489000626332483,0.5395277421131949,0.6391765411855677,0.4915466966902181,0.5217210163505294,0.4700814858759868,0.5332938141244447,0.5172623199846874,0.5645793174467364,0.6127475167741172,0.5790305049745759,0.5410668784053534,0.5386130622490491,0.5685934503081793,0.5422637485160211,0.6140679672185407,0.42159363162824004,0.5169869674497232,0.5621915221010312,0.5865549382291927,0.65877155755677,0.5629370461526924,0.5796519823601214,0.6621112998251,0.5533492838701043,0.4745324865110042,0.6613847916021934,0.5504188769932293,0.5555627152068434,0.488585598215084,0.6299659367520446,0.38115054692579997,0.611388487829823,0.41264196093106764,0.6263639603107055,0.6643098224326479,0.6212149129390628,0.4741927188381626,0.49573392240852143,0.5434563481243417,0.6028592935353395,0.46090305645371166,0.5670624882448514,0.6661634487948335,0.594646482076573,0.5027871505478188,0.5657622447943492,0.4474004245519544,0.5490438057427369,0.4222542593109456,0.5587701339263493,0.6970153681654356,0.47602552465170744,0.4791392555665397,0.6253228418257324,0.5514112842868638,0.5619618059488815,0.5332779619663313,0.5177656788260873,0.47818161581353985,0.5680107708983007,0.523471120898866,0.5476206375790653,0.5985096044121352,0.638592563246864,0.5037765156211447,0.5167218764759581,0.5237448976680478,0.3746516326099999,0.5391135692504131,0.43187092825697887,0.5347365316220573,0.5725530410821914,0.5172988730812415,0.5411236815799484,0.5151837097006634,0.6302054122999481,0.5359475279546575,0.5672287467931422,0.535565581316078,0.6443721673895181,0.5876185026509976,0.6248550071241143,0.5272531756670171,0.5186108385887668,0.5189554861853493,0.5714570885486446,0.5125060722108631,0.5846211044353333,0.40825964425306793,0.4991098433159758,0.5118080112716548,0.5159166013810808,0.5652410773143246,0.5093886013059468,0.5234589203880319,0.4527899533322829,0.4170617439206601,0.4948822675144345,0.5436393437310287,0.4500531552994188,0.568783254738517,0.47350706835933526,0.5334677387092209,0.6354150453566979,0.5481833411256168,0.44593343566095095,0.5417941793927977,0.580384486698322,0.5861249403873856,0.5816530236014317,0.4337202243887975,0.6363413098936519,0.6075519029458049,0.5468654372952922,0.4875029023134751,0.5287650267041626,0.5329074139577769,0.5403820960762877,0.30497785481510453,0.6756911992088573,0.5476446442209957,0.5916598748964277,0.4741046565118745,0.603638907618625,0.5876319767827047,0.5622624130027227,0.5204997084425124,0.5821958894511882,0.518418303719796,0.5184928702764322,0.5159095905023345,0.5167955527905761,0.5939581771982194
0.4706955228387666,0.41769774576758767,0.5569930207116447,0.4260955224614673,0.0,0.4586945736810324,0.5013589472315917,0.3839087634769455,0.3999991194543263,0.43862041290852216,0.5239659348900824,0.46585340204792686,0.4665444405604282,0.3477112087192711,0.4821072715960674,0.5194792528318005,0.5003795317218331,0.45640415183646604,0.4158380358175032,0.41000619285979756,0.5182626122383746,0.5117387707421309,0.43987732976068517,0.5088514500823588,0.44706370806786316,0.4934926434605767,0.3853851823849248,0.39875439151516023,0.42551305337939754,0.5065144865762148,0.3974647784098591,0.44196572947857987,0.43312766534910474,0.3725398004566854,0.3861969059283863,0.36792556637170154,0.4804408553522817,0.41265349235361026,0.43523529328965305,0.5023211838931859,0.4487194294800792,0.5015619799651416,0.49532876351705135,0.5191871338821981,0.3901478721424519,0.4582969507223043,0.5030144016936442,0.545673794220386,0.4688610468171736,0.4423449008796777,0.49768281548143145,0.49324763726808235,0.4039322591670591,0.43924175867281895,0.4241512400134641,0.41869648191966674,0.46237298280676575,0.5114492303424941,0.40196335270809835,0.3789868130117659,0.384662724768196,0.3371595082620272,0.49220087432500953,0.34238626318565507,0.42959237472684586,0.4219590590011913,0.4052347846707218,0.528189631301863,0.42183058810550284,0.4132547253048226,0.5012234774879681,0.36824523463816483,0.3862637602751226,0.4862369897852281,0.41669201546857115,0.39398711825177196,0.47713621900262143,0.5632140080971968,0.4077287423197209,0.46284637831752895,0.501800627312966,0.42798568751271654,0.5387091980412214,0.37794110048612,0.4272479019218623,0.4219255379712152,0.395186759828028,0.39615696855693994,0.38440207341550353,0.389345847581402,0.5483747754775382,0.38136071153519363,0.4818045751595877,0.4099258259294387,0.43024233519533184,0.44965307472306915,0.3464194278947924,0.3911570218522799,0.32329803446122934,0.38024343963121804,0.3496301467378968,0.40141270460367817,0.3990179219409133,0.4105905254612318,0.3796124167129292,0.4851449107923449,0.4325189417955753,0.4423844756531405,0.4857483106373595,0.5068650134726714,0.48086284774599275,0.4309556667786196,0.41822893437998443,0.39105753392381903,0.40169185092211684,0.4727147314040849,0.41178673026174123,0.47608708008409745,0.4792712705826505,0.3401417908469552,0.5156390998734802,0.3815886081176448,0.41007458502908123,0.5355512219530338,0.3868769511658736,0.45500380575077315,0.3608751636689843,0.3923160854276251,0.3903957384847076,0.4432859981823818,0.38942753604699337,0.5127469966347947,0.36197971298694337,0.3839649971801695,0.41569305728284667,0.4817421751025987,0.4588562487393116,0.451886095886605,0.4225947012119657,0.4469891888659112,0.3941583840958565,0.38758827313717353,0.4158117494684686,0.4009817318152389,0.4664742755478434,0.41568335115129057,0.4975778998803263,0.4972780181879746,0.43881056352804015,0.2814835599855763,0.4027899234163793,0.4154999842835378,0.4283810536582337,0.5009670335815174,0.4712801290680403,0.4275861929995743,0.4614174938018289,0.548336218865387,0.3966411989030714,0.4410656703892054,0.43506112898265575,0.3977952237617868,0.4027982760967016,0.5309953503296166
0.5633041049440175,0.6444779066447228,0.5461436902691845,0.539554167823364,0.4586945736810324,0.0,0.48095450594959177,0.5462365491718373,0.5190921588145557,0.48952970449622335,0.5659431523317059,0.6578675252487031,0.6260703965831401,0.45503041830702917,0.5023184117622964,0.6244274890708756,0.6074766312786636,0.46117379694959243,0.5016740377392327,0.5551035347930432,0.5438988360668587,0.5209042835129873,0.45829328658212776,0.49198887061601804,0.4988483726386377,0.532172555745738,0.47672054325821955,0.5037483368873283,0.5343756805671839,0.5006203224943825,0.5630960942223745,0.5982703671004057,0.6664022225571961,0.5169629323135707,0.5253217357667717,0.5290832620771099,0.5453313461058878,0.546367249355903,0.6039594070102264,0.557760713278386,0.6156682692308372,0.5120962084220118,0.47256305748048594,0.5981623226388766,0.5671913825673919,0.5726472553660514,0.5043267684915016,0.5497239143054421,0.4843356555836332,0.5841063313821772,0.5607061089448495,0.6284847574141083,0.532758771309334,0.5921875701490437,0.5733772901510505,0.5585639924770415,0.5701822957625672,0.6588403035432943,0.4284982892308015,0.5568976383265039,0.5539797830304363,0.4440034779569222,0.5678269488048632,0.43599890794027907,0.4600831725641931,0.5050665925136101,0.5265159637550609,0.45917141412430096,0.43253746610845895,0.4622909288514061,0.5778953930571715,0.464310876984869,0.4866412624948378,0.5542031930649574,0.6098917538410532,0.48555170250952806,0.5324205173256936,0.533942017006049,0.5223463480677085,0.48988792590462926,0.5440986834765995,0.5144262706302104,0.544027413724166,0.5330121670275454,0.5413618801685608,0.621932836673671,0.5079192061898681,0.45598403774441465,0.5263166518237067,0.5678100976669692,0.558755934569527,0.5332036205317532,0.5983762922232728,0.5539286786030561,0.5087490946971766,0.5608237537895007,0.4990480289526035,0.543296904498472,0.410813762512345,0.5400973962201936,0.46714709277635935,0.45333820768553806,0.4451351107490069,0.44719731043449495,0.5298728645224732,0.6158476588201567,0.574688096602966,0.5137299659140042,0.5784639922191837,0.5491422745648267,0.5487255140877876,0.5312260730289029,0.5627084624513995,0.49632567277028766,0.559540374827269,0.6638974132765642,0.5275081705583229,0.45184759750840947,0.5439070955361862,0.4509603929817157,0.5796518252191981,0.4886170289590746,0.5516040325560632,0.5856333526528005,0.4865630763324274,0.6090378974670048,0.4896967930336281,0.5600808970994027,0.569800885130556,0.512340152426783,0.5150324251256463,0.620313390290926,0.48532962796654067,0.5717034548990351,0.5134112262116594,0.5089328368221983,0.535695473112988,0.5593377342036226,0.48580266382528214,0.5157144143396711,0.46476602167008096,0.5236777895866993,0.5570199354211712,0.5290660751927596,0.5734355963947059,0.4624135596269995,0.6552109189941377,0.5405973224402169,0.5270157183525298,0.357171468494695,0.5168590530611412,0.48983032970243334,0.5077014467587696,0.512688893579217,0.5311092005321156,0.49252143170323653,0.506648460646446,0.5864578576376152,0.49295671727537976,0.5175233400603034,0.4483227435374672,0.5049373539023662,0.4432304091920674,0.5379532995915134
0.5896890929393523,0.4945669421778201,0.5121337918487622,0.5346127199904035,0.5013589472315917,0.48095450594959177,0.0,0.4395814351864264,0.47006014626211956,0.5871409278627471,0.5303453549180516,0.5189790987413717,0.5447270698604276,0.4003883127805713,0.5979697416964573,0.4974460991222548,0.5251555099883177,0.5679903136156276,0.48602020762652626,0.4910133955869381,0.5421695651051515,0.529112133741819,0.6104778396172471,0.5452715415554845,0.596729865955985,0.5039461657577394,0.46550849714648684,0.4831105502610609,0.45864205522526885,0.48283722335921264,0.4902067175833865,0.5338922656719467,0.5076482491429933,0.4614488846713897,0.46840460644976484,0.41207023194592685,0.5696025799383159,0.4486236338789624,0.4701888970075828,0.6564165468265097,0.4839121237434127,0.5793835807404957,0.5429483622207163,0.5624270266935415,0.47651187927761873,0.5728648444338845,0.5069315736790083,0.5292591661628276,0.683192659819114,0.4987722155204047,0.595479529925037,0.5014401264942802,0.4712921850120774,0.4998762581415242,0.4933130588039945,0.4994035970747164,0.5339703647479142,0.4934090367015073,0.555780627635261,0.43473260498259103,0.4471723773886671,0.3596051135483773,0.4888048764921682,0.38773215140102796,0.5339890202001355,0.5177421186126834,0.5405711909107906,0.5705660692640021,0.48375856448287385,0.46881161756299705,0.5629198451925977,0.4368313098060811,0.4700949482776122,0.5878662924396514,0.4543133574369032,0.5161480305475247,0.5462503485705205,0.5321674975744626,0.4578166908164999,0.4485963514101637,0.5302392111579034,0.5264957798893751,0.5409861351906954,0.40805953953888024,0.5113808268191214,0.4719887984989261,0.46071166466314284,0.5208665910629653,0.48176381848185723,0.4537381825689566,0.572749521381591,0.4902447759622217,0.5289792149977338,0.49409284319819136,0.5336328561641747,0.524192220257716,0.38743981434464847,0.484413550890297,0.35759659908276487,0.4850342929245532,0.4037686498904036,0.4613160955173362,0.5277062300070091,0.5081713895877906,0.4405933862862482,0.513942920785744,0.5001975918070708,0.5287393665598742,0.6063237363217608,0.5949899259390352,0.606506194110626,0.5073594865751888,0.524508722117835,0.45392959493584994,0.4485904726138944,0.4933371858879721,0.5224379852483231,0.5931013112291177,0.533122133203149,0.37970465188481,0.49870199335789356,0.4269973346024779,0.47309393409138134,0.6116400094344995,0.45835013429393934,0.5081103159295333,0.41026143899063167,0.4071750756632368,0.44043199225169216,0.5302723778729923,0.43842202145761233,0.4864948566121004,0.4101459143945588,0.42631365978416524,0.4846034041158694,0.5365003225589552,0.48124901396437625,0.5445904262972266,0.5277053692472677,0.5292962546443934,0.48996287221861,0.41923919857171515,0.5426779937671812,0.4731573692508982,0.5326883520882689,0.5455197784285182,0.4959235223412484,0.5579237333710771,0.5384751201955068,0.2859763581829728,0.4989245813783894,0.5017865520361597,0.47174756226740316,0.5969662879459215,0.5600570909017935,0.5284277278686326,0.5435260854450142,0.5722885600587451,0.5157676012548834,0.5259992201905491,0.5426618158759179,0.47977386013139367,0.48722269537904805,0.5548088498790902
0.5606780397705134,0.5263914153065217,0.4775068740551169,0.5510825028384762,0.3839087634769455,0.5462365491718373,0.4395814351864264,0.0,0.5950695038022749,0.49680329484330205,0.5169627470676275,0.5534713417718182,0.5838041923356218,0.42426139008611574,0.5207956677927676,0.5119117856438615,0.49321255909311656,0.4954665999520297,0.5017649156448747,0.5716392435738387,0.4803989009470968,0.4905127194003136,0.4639154812399821,0.4394360643582844,0.5345204669881457,0.4757036834339439,0.531479250819366,0.52036124412612,0.437666578900182,0.4593045233965232,0.6388168233217145,0.5248903354924294,0.5834668109036755,0.48777134466418304,0.5011665933024899,0.47257562479398213,0.5509398958974312,0.5433823775770367,0.5531475767288316,0.4920335967657963,0.5086686917514118,0.4731036534436422,0.4962079417153999,0.48518746573640553,0.6244589328175786,0.5729802502256419,0.4110993649950991,0.47704742805116707,0.47642490842801755,0.5209837920382017,0.5086227912755813,0.47965696850169337,0.4722289408747531,0.5114258759871956,0.5185445300369395,0.4916703008959381,0.5324615305794924,0.5664456404948072,0.43837534124629884,0.48962186808462765,0.6375736914486531,0.39722087481288276,0.5262585106287037,0.4086157614548996,0.46499459144586053,0.5284093801959295,0.5617939212391283,0.45048918309122515,0.4723238702205994,0.5911876138819332,0.5475067236212032,0.4517531156651208,0.48009781601032375,0.5280303074937599,0.5922850612631082,0.4821166166004648,0.5058828760492048,0.4274933967003335,0.5822618846695296,0.3974766356372415,0.47802887314075887,0.5462625478730301,0.48215695595994795,0.5368307837008066,0.5164975656690618,0.6146172109647263,0.6751379126320362,0.49153705628871436,0.5645025486824091,0.5601842500585168,0.49657450458437163,0.5033582119952992,0.49235357389978845,0.5000061574078648,0.49096049365752786,0.5373996831258193,0.5151382287162629,0.5145538970071707,0.37440052950985964,0.5181154553347938,0.44709466708660595,0.548475737784619,0.4804285385780591,0.487983915775924,0.5359550071641332,0.5317173872492756,0.5435324675369514,0.5129333144076429,0.5036708430117538,0.46921947077705045,0.47986477617478507,0.5122778016340237,0.5358223871258249,0.5478361071367824,0.5159694584055945,0.5127834438994182,0.5015539036780851,0.4625892169877316,0.4538175759643712,0.42971038440534426,0.45973386932309285,0.5847532499125928,0.4703525697117557,0.5030023766998132,0.4652515533187259,0.5398201415207522,0.4307591655335355,0.48315032183433865,0.48227159982195983,0.5229754685209536,0.5071682099118245,0.5231313110571759,0.5330479507915257,0.513833715841028,0.5465590250429192,0.46139413954641395,0.4816412917829213,0.5053216898680725,0.551673465689629,0.5708647153699679,0.5239551436258938,0.4406413581514025,0.5193539253648708,0.5234672032183624,0.5198872353282598,0.4642511475312588,0.5438797486787522,0.5001233043632668,0.536981986421079,0.3197201242123137,0.6124681961097158,0.4760779999897486,0.4903530628930078,0.4591161695981205,0.5390088113641621,0.5880569766660202,0.5021896534931425,0.5038035887736432,0.4886336253407529,0.46208516372554653,0.4479288415803692,0.4824361594856474,0.4687481864102853,0.49388179759314527
0.614824473896815,0.5741467018998586,0.46410438132126,0.5248204226573612,0.3999991194543263,0.5190921588145557,0.47006014626211956,0.5950695038022749,0.0,0.5411149474005043,0.5000960779571749,0.5200684558321415,0.5590986975878168,0.45159708932171433,0.5206600590944923,0.48823678589349384,0.501599165987776,0.5477527617911452,0.48423013988619656,0.5872303142959662,0.4693271785124721,0.5055839460791473,0.5094994418790538,0.4417452261236052,0.5629376689185254,0.44593571195819315,0.5950723198929319,0.5337052675827717,0.45695109293661845,0.5028288188807823,0.609143652130825,0.5064973659313358,0.5472036421099568,0.46196052424304773,0.5433638076832767,0.4523200582137142,0.5317845346092469,0.5562559439650342,0.4898006957347355,0.5165053384844345,0.5055513771649705,0.5502247274950295,0.4617267095207554,0.4759794863065827,0.5429237889437692,0.5467366189312007,0.433604805209602,0.44528624817124807,0.5060651432141356,0.5070320544286238,0.4849812639623982,0.4698689389058448,0.5072021542165176,0.4710877218429494,0.47142429503133504,0.578979412383926,0.5281411500744495,0.5270719391249968,0.465754264181456,0.4798098834643173,0.5140784420525526,0.38819292337527167,0.4768847236912136,0.42539351366027167,0.48047773880927436,0.49410288110528927,0.5508945596181525,0.45844835896819686,0.4900478293744769,0.5538014660431949,0.5337597487806925,0.47944442972940055,0.49589168028199004,0.5024751963346554,0.5786180580011712,0.5152863940083412,0.4568847726916602,0.44102207321524145,0.5182768546820776,0.4103498085753155,0.4964663627521592,0.5534971596423229,0.5229607323408613,0.507781722832869,0.5242436183995252,0.6389765338303816,0.5529092960985619,0.4974171447351083,0.5667622799362212,0.6035113058480546,0.5166238211637765,0.5389627138440065,0.49308112743775967,0.4969567254308324,0.5353840150287591,0.5518250814612631,0.4551731264651419,0.5390296962334602,0.39388746188175694,0.5083786091163774,0.4514350173101837,0.44948165222424796,0.4744168486483597,0.506156379576737,0.5193815069797273,0.5057238524249621,0.4830731102044329,0.5809705957792666,0.5161117971133293,0.48102126740346945,0.4628320623662752,0.5246475491281881,0.5296735939557756,0.598519287480233,0.4960089177476994,0.5481142620864157,0.5476432829371025,0.4673511603920559,0.44595652396305296,0.4613185768167109,0.47971012968514093,0.5159951457397962,0.4927973704832923,0.5082654056486006,0.5340906249415349,0.5010670568332808,0.4328573119146647,0.4373003670884992,0.4649485034581775,0.5383983114316074,0.6372972214383629,0.500944991220911,0.5106868933357221,0.5429543704271734,0.5014795576123828,0.49054523483181733,0.5013062691046235,0.5262316887369396,0.5533510547031575,0.5647428359788125,0.5234262952206022,0.45086538687058936,0.5661319922250363,0.5333843721363953,0.5230321649094114,0.4783128921119761,0.5530215746350988,0.5143904098902502,0.5710579104626741,0.3236698855412965,0.5589047983070827,0.5291854379732451,0.49416968576463677,0.4859980198639817,0.5368811910679494,0.5670518203600993,0.5091976535444301,0.5038911638540942,0.5326560251992837,0.46236257082950044,0.4846381830015814,0.5497061268972102,0.5202989672529347,0.5321915752679872
0.5968080958704554,0.5357361822157423,0.5144347986552565,0.5260676049400713,0.43862041290852216,0.48952970449622335,0.5871409278627471,0.49680329484330205,0.5411149474005043,0.0,0.5286799605272535,0.5280988735137245,0.5611980253837229,0.4235185611191535,0.5668467645243669,0.5035577584607447,0.5162413126941785,0.6048537781595099,0.4893669607405115,0.5348602982750433,0.5036944527283158,0.5273390432720312,0.61899231710131,0.48196423216413325,0.7315230056931367,0.47104661969968764,0.541882382746523,0.5153989717951869,0.5054673916131747,0.4954951514965089,0.5451894987126011,0.5338352182615057,0.5147144372192191,0.4602845718607061,0.5024200012299646,0.42843119989092454,0.5794040343851685,0.5024081020192678,0.47113917372376224,0.5801086263325758,0.493933668866655,0.5832268325891633,0.5264636411549933,0.5206602951854252,0.509150798451128,0.560823776510926,0.4720652160143785,0.5026172926695488,0.6366606247278329,0.489636842179503,0.5180441723716855,0.46551432585357744,0.4728939688609272,0.4768505602099948,0.49799599788746174,0.539895673531767,0.5159115606300773,0.5085341086361349,0.5516671061573972,0.4381700404720892,0.47048387429095134,0.3632911907527132,0.4740639434043571,0.4144828757109108,0.5028209920419741,0.5045237966242135,0.5487781364540802,0.5285149889298438,0.544445060828641,0.5360542617145143,0.533124188628495,0.4673789912223042,0.47936697850500787,0.5387410991545244,0.49937875698005263,0.5420563012589114,0.48829044254638676,0.49204836595134716,0.49130973045281706,0.42901830948052033,0.5458851466771741,0.5159481201451454,0.5455217141613292,0.45677995383250597,0.5188386954705373,0.5278761043956266,0.5100715284280062,0.5307937187674946,0.5332087935559103,0.4891326106430883,0.5367610797738505,0.508751940392874,0.5185632414732841,0.4754943732486732,0.537723887984689,0.6015792525872423,0.40184162658260814,0.5349491970856232,0.3696355969520775,0.48642882541389293,0.4296056028450663,0.4687061700955248,0.5324815347366993,0.6377474851249861,0.4656989518123694,0.5065940949224658,0.49249527852811437,0.6405488265752265,0.5735399716495716,0.5501805650899649,0.5158295843719584,0.5173793107199793,0.5256570911825438,0.5344202089516337,0.46108991796798504,0.4912016687139693,0.5674875713017463,0.6102281363405152,0.5085078345559529,0.41180410603723244,0.47358511290063904,0.46790432755832073,0.48129666095186285,0.5507912593699213,0.4966697028310755,0.5441619618223303,0.40541419958747266,0.40789789534246845,0.4709823280396112,0.5741039837911133,0.5193172353144551,0.48696259395093644,0.44730702116684057,0.4462489665611801,0.5050554012134862,0.527527317897387,0.5112726209457262,0.5432605446357077,0.6286019328860031,0.5775527624307323,0.5622574037168163,0.43707181833576075,0.5347220568622286,0.507753997104238,0.5639976717673055,0.5312033254450795,0.4962770354157091,0.582845450686399,0.7107790334374154,0.30147140813874174,0.5190402131416036,0.5667975619558959,0.4699064290191377,0.5725802632967977,0.6119202264168782,0.5726196260796979,0.5229771170637911,0.5483954917803232,0.5415796536494053,0.48714944944475197,0.6089586941704137,0.5276085856780567,0.5550930558661732,0.5277257244277659
0.6287153809126647,0.5114539491935043,0.6163050338382113,0.5855564545366604,0.5239659348900824,0.5659431523317059,0.5303453549180516,0.5169627470676275,0.5000960779571749,0.5286799605272535,0.0,0.5861455598284734,0.6171573282772376,0.4049153408529938,0.5838527132638766,0.6393007881807261,0.645967949884705,0.579116765702848,0.5686222826893044,0.5528572540427391,0.6245271929827915,0.6258489877874964,0.5228934268195499,0.543030951250513,0.5738680033587937,0.528653301992753,0.48771008016449835,0.5595749689979854,0.4890765507472967,0.5356336063669658,0.5074771416111498,0.5604590107468564,0.5531654199584174,0.45515645643140146,0.47979549997896576,0.440328961986699,0.5903451203982474,0.526013973597208,0.5722847226727975,0.604228980832517,0.543115531302038,0.5623480991872641,0.5973139948820093,0.5994393430619078,0.49810202667952713,0.5802878945770034,0.45235465153155313,0.6345179722803954,0.5750343328715207,0.5603008786124184,0.635661155486662,0.558951191851422,0.5030305612045404,0.574480428647298,0.5571837901196027,0.45990277038320365,0.6371382902944825,0.68409280042733,0.4838808749483161,0.46174305646896097,0.5433636884253515,0.3729367337493067,0.6574335867899311,0.39406519127598627,0.5244073971989948,0.5532393245394809,0.5172208906879937,0.5191989320632197,0.5177173418722107,0.5573139591266836,0.6023768959131734,0.4363808483265901,0.48777682559251795,0.6496996874594697,0.5882574782124749,0.4751032747810355,0.6141519698111712,0.517053068822494,0.5201395861347661,0.4658241710388998,0.5748140917939596,0.5436084625727943,0.5461124796196978,0.4768219149067977,0.5479196549876796,0.5326729529238894,0.5387929488625876,0.48741564165399476,0.48478651885270524,0.45279903855292014,0.645496488795473,0.4499845002019024,0.605820828775939,0.5337433589151352,0.5383429683812422,0.5186113944792703,0.44033476790408904,0.46330365194275736,0.35792120085268236,0.46573891641085974,0.41549970353785143,0.5279857454001862,0.48006402913139085,0.48590296709803843,0.485101902453834,0.5519740420447015,0.5698128849202986,0.5455219240118442,0.5576797508553734,0.5617107596098234,0.6017877806258949,0.5359971166523454,0.5360171127027185,0.5122370061324536,0.49718158412838376,0.5546960375646037,0.5180497496230615,0.5919324717384846,0.5698664729869167,0.39132098020210776,0.558290018055432,0.4804190714874961,0.4880205031053913,0.6164025924197076,0.46779842464914034,0.565045358596083,0.41398605148913825,0.4376956437880005,0.474127283519675,0.5328035069402582,0.45518232764639954,0.652469706331931,0.46735359653595276,0.48009611711946837,0.5634015211421435,0.5510997068461829,0.5004210197885733,0.529918567325239,0.5591246902450939,0.5863527242041073,0.507419061725096,0.44375488575022365,0.519422218005767,0.5159327082306959,0.5667918399925819,0.46171494773231836,0.5592105458665912,0.5702320203748324,0.5477119825361145,0.30750925225386344,0.560430571683256,0.5172046117041912,0.5824354406386874,0.49478372314110136,0.5878770955594971,0.5523525283475023,0.6273895773955869,0.5852764408161546,0.5020305769283276,0.5342523450916522,0.49022607797897166,0.4847555972647504,0.4707106955032092,0.6774020892765368
0.5794357148572296,0.6208188668218282,0.5572264598318692,0.5510560548192923,0.46585340204792686,0.6578675252487031,0.5189790987413717,0.5534713417718182,0.5200684558321415,0.5280988735137245,0.5861455598284734,0.0,0.589300929620576,0.40504860622128636,0.570771494893145,0.5889084910617483,0.5851810178471902,0.48985659166275247,0.5816459976245828,0.5686563980427786,0.579490830951457,0.5523852503388428,0.5116618424522151,0.5716098943658897,0.5589066199061472,0.500313699200867,0.47665710653414356,0.529470598928066,0.5019393154861476,0.5327754918731745,0.5782429026025564,0.5562854517790985,0.6163693067876457,0.5192843999368901,0.49161013357219474,0.4630527974425728,0.5567414962575408,0.5032628510219415,0.631353729025137,0.5782880180711619,0.5892999793950148,0.5350166892202758,0.503377247546689,0.5805774259655694,0.5519933576527095,0.6074019627058171,0.48059981185165684,0.5493523949402468,0.5259103100613097,0.5350116733260423,0.5628581834879,0.5756948688299722,0.5021282619323698,0.5826257501067189,0.5390642292908223,0.5258741541364552,0.5907043269794424,0.6436020262064857,0.44039857348425526,0.49893861930810407,0.5353290907606937,0.38483495391906786,0.5416016738831759,0.3972190433896777,0.4773242388235318,0.5136438485123733,0.511154770328024,0.4696279090203159,0.4306305016910869,0.48835135120584194,0.5597950880143089,0.434757434828247,0.4490112767601161,0.5662404317182161,0.5629201742443348,0.4873998180456416,0.5313743672596056,0.5159948401109671,0.5318204007318951,0.4623150256339806,0.5372999955857242,0.5288167685539905,0.5833213004268984,0.4779908580464962,0.5176138635663262,0.599091369645703,0.5011639014982262,0.44729984575426324,0.5174647610352543,0.5502545749214095,0.5350043445145951,0.5009914183211572,0.5650414740901372,0.5483262357862496,0.4878736587371758,0.5666442316816517,0.4600337563836433,0.5270784699568847,0.36738789285805323,0.5030489512899587,0.4306051212366176,0.4729726543890938,0.44906651076206044,0.4943087381504288,0.47742310245981123,0.5881738024775292,0.5606155140853074,0.5538863944408464,0.5786114451701779,0.6197233804740537,0.5915151096340518,0.5021767069441305,0.5085899029435856,0.4796470313363007,0.5058863096273766,0.6171364675686717,0.539466654563108,0.5022059536741499,0.5206022417331773,0.4011249022353865,0.5288484804593011,0.4622707065513671,0.509705038577893,0.6306498044825735,0.4570268622501092,0.6231760746180961,0.4241470344398612,0.4996263794961131,0.513760272528694,0.49943761738911124,0.4949204224251199,0.5730940152142484,0.45467624826956055,0.5041345051781702,0.5502259520712031,0.5030879735317294,0.5781402266513732,0.5392375877295565,0.5273285137366467,0.5683511190935914,0.4743590203964905,0.4511221591347836,0.5440594786331777,0.48726900389575484,0.5533560466955914,0.4601159525628586,0.6465018987078387,0.5702428354945458,0.56450883994752,0.3225306059295147,0.5443962503211043,0.4985443859757829,0.5330198294386542,0.5310275862469949,0.6035118297842798,0.5316838441702327,0.5776735170542527,0.6333405450917357,0.4837495807985785,0.485651215876906,0.45877212469421136,0.48780626238918723,0.4541536932189694,0.5688610977182583
