0,1,2,3,4,5,6,7,8,9,10,11,12,13,14,15,16,17,18,19,20,21,22,23,24,25,26,27,28,29,30,31,32,33,34,35,36,37,38,39,40,41,42,43,44,45,46,47,48,49,50,51,52,53,54,55,56,57,58,59,60,61,62,63,64,65,66,67,68,69,70,71,72,73,74,75,76,77,78,79,80,81,82,83,84,85,86,87,88,89,90,91,92,93,94,95,96,97,98,99,100,101,102,103,104,105,106,107,108,109,110,111,112,113,114,115,116,117,118,119,120,121,122,123,124,125,126,127,128,129,130,131,132,133,134,135,136,137,138,139,140,141,142,143,144,145,146,147,148,149,150,151,152,153,154,155,156,157,158,159,160,161,162,163
0.0,0.8839596324641296,0.8498174927047785,0.7672216176409532,0.7992332094158234,0.866263018909569,0.7869677437248777,0.8535779317211966,0.8801022880243019,0.8454890292965174,0.8669619156962266,0.8077500336208506,0.9190374674339744,0.8185161751726189,0.8210931015713949,0.8922807015376505,0.8882089493963339,0.9313271921547692,0.8785019095212355,0.9562784064119745,0.9140408626652141,0.8770247674338754,0.7948666506860756,0.8254174208939828,0.91917654945342,0.7566427168524728,0.7702971994443963,0.8759344411910372,0.8076311968980145,0.8393848958673954,0.8616869285245145,0.8971116537192307,0.7847500290716234,0.7638058480284254,0.916195093015276,0.7607772527902753,0.9061979898677719,0.8802724987140513,0.7526503117038279,0.8129486488119105,0.7869780860377922,0.8300220742308627,0.8676508056057883,0.8461043669635774,0.8533994811551485,0.845275456319123,0.8319915511299407,0.8515002398434799,0.8938672152230559,0.8723319996436891,0.884530963162993,0.8875627916949858,0.7996533925188193,0.8341801972381038,0.802655063267227,0.8169462449448666,0.9424216452554824,0.8352484697555105,0.8705586932708149,0.8296778861518471,0.8446800483334256,0.7029856643604071,0.8746517333239705,0.7500442418408484,0.8328339874576187,0.8337212906897863,0.79227678228617,0.8774353746457426,0.8579801318070955,0.8992781086251475,0.9164979858131918,0.846096726493033,0.8399445559483255,0.8931283242228525,0.8865127531614939,0.8586799204203234,0.7762233424906883,0.784065360035603,0.8087347960134376,0.7612409954728636,0.8183830641652515,0.8917681525423687,0.8749861259272524,0.8497495213270001,0.8571074989857923,0.9060044826567831,0.836270486309175,0.8722066991428079,0.8665840406461687,0.7577696675451315,0.8635186901853085,0.782795490107551,0.8589543585804876,0.8793256650828445,0.880912425875801,0.8327477328687234,0.7564850703366438,0.7958774192448292,0.6979522673466445,0.8364360318156177,0.7758113732233058,0.7445638886453446,0.7242838889720321,0.7889546708091685,0.8647061320521975,0.8508283054908496,0.7888399359784508,0.8565605802610757,0.8128467108806384,0.8481485351976628,0.8174278076177116,0.8017185037785709,0.8646918981250671,0.7790429437162468,0.8497167739754644,0.88463153237746,0.8824862640140572,0.8687002355263932,0.8099894380625717,0.7585334546720475,0.8445839052108118,0.7411912306151296,0.8480027911955373,0.8884449265010832,0.8371706110805812,0.8339615646498079,0.7256232172565726,0.7633436536730908,0.8017581287263293,0.8342067347234665,0.8345144819793613,0.8603772265870251,0.8206886546780722,0.8144204084786749,0.8439852880106066,0.81705769538854,0.9047815718212905,0.823084656917431,0.8137762615243846,0.857025301864442,0.8169409653471865,0.8045688868175448,0.8954337822418689,0.7615716968567874,0.839801406740194,0.8305074281404647,0.8481966587508729,0.7684128664800465,0.910236088824084,0.6492369814588042,0.8937752685631333,0.8409704682351404,0.8536384821508614,0.7541388965070527,0.8358877887904915,0.8734240743865462,0.870600120570451,0.8353027808413673,0.8103265432758321,0.8281288286779581,0.7613923546348619,0.9185978582187266,0.8955618636946184,0.9096823485187641
0.8839596324641296,0.0,0.8745309871364831,0.816682684398224,0.7736588883429973,0.875337299632614,0.8410771129259547,0.8705044655509605,0.8374854456628471,0.92042261871078,0.8229492145477776,0.845043741332661,0.9117167001108482,0.8663398269077376,0.8482631309553488,0.8600394654699043,0.8427734688124396,0.8405442883960771,0.7914781788978345,0.8557254406092202,0.8488176461023581,0.8807083653162366,0.7940693180883012,0.8523673274902898,0.8684224253971535,0.7710676879225138,0.8224391546685516,0.8194955943257113,0.9183102002111632,0.7928847819490615,0.8714150087373341,0.8502975914250084,0.8886745300985078,0.7620165195899632,0.8794578909692505,0.8106925738765056,0.8787939041648091,0.8479518850691543,0.7911744039681495,0.8718349010378882,0.8622331348538096,0.7858156523012443,0.7502550334258777,0.8272364540113802,0.8900371837897453,0.84016338810683,0.8484377331738335,0.8039124290357359,0.852732348393895,0.8152425470419378,0.8358363530544468,0.8531104480428275,0.7892014958107417,0.8862549709657032,0.8303293072992237,0.8764895962678784,0.837994045694273,0.8044404912661783,0.8272987233895607,0.8702833637471079,0.8492885233578414,0.7234604912248246,0.7716946696908057,0.753038611236032,0.7303325781577304,0.7448671556103309,0.8404719141428674,0.8457524645674473,0.7740257653125016,0.8216404960733359,0.8638279877232024,0.8405099802871773,0.7478742328880519,0.8738255194348199,0.8424805089126288,0.8173956732097285,0.7737805508411446,0.8803334409815964,0.7727441589311156,0.7459269818350693,0.783898946420484,0.8319273336251486,0.9292340519706366,0.8451303944383736,0.7608667235922487,0.9322507904213564,0.7523517738814445,0.7946760496257733,0.871203530901488,0.8577352482679164,0.8067831394706685,0.8401918803387836,0.8545334496941511,0.814455445011731,0.8482011994435846,0.9128599783146503,0.7435290736535383,0.8192244123993462,0.7069365545641169,0.891351260339625,0.8273773331351366,0.6872900755961783,0.6730657759415857,0.806436587121682,0.8034718290389469,0.8494178702872914,0.766409960417476,0.8358523565984686,0.8733612144082464,0.8640175284135783,0.7906702200282506,0.7366701317018406,0.8205145291855385,0.7641466359502934,0.8358864559868516,0.9174714125726026,0.8204322895180313,0.7838567715985391,0.7885833256948146,0.8030529950599906,0.8239776997985909,0.7514737934820948,0.7812194135418236,0.9100492982287026,0.770932941742713,0.9166187742725465,0.7489233888393524,0.8590657132628162,0.852298888041334,0.8592892230119346,0.8466743354051888,0.7930376609539888,0.8018182300518282,0.8166826220837706,0.7991606538074759,0.7623726650961873,0.8855820698933179,0.8700882203496557,0.8264150461872133,0.8241134816201899,0.832953529272297,0.8123071853619609,0.9344286309652776,0.7477236709068508,0.8520150880685448,0.7777915532846151,0.8760989683923679,0.8408769149764281,0.8838476163708522,0.6767441536273144,0.7953813156501304,0.8268440947597713,0.7978567816796227,0.8627518629369537,0.8424619429218879,0.847323062754469,0.8541701790804789,0.8938634939324109,0.8540342051676113,0.7781784654604816,0.788767635079622,0.8494800759144454,0.9335870694105304,0.8276373184813889
0.8498174927047785,0.8745309871364831,0.0,0.8035694810598136,0.8130297608769227,0.8323802023989365,0.7706871720675688,0.8777859713095592,0.7954541864980753,0.918646643483219,0.8666822055021798,0.7965592555210494,0.9031914353921223,0.7823414764928892,0.7896477093115414,0.9022814018067916,0.8849246029426715,0.8706660816012035,0.7696991949788164,0.8161762664873289,0.8983552902859229,0.9297353511435341,0.781401378328909,0.8107308092813453,0.8594439800774433,0.7758970939464879,0.8236534503173024,0.834821885095973,0.8353478159089786,0.801001606917871,0.7474977344046612,0.8131349162904028,0.798238801752097,0.6919939864520624,0.7799714419297471,0.7391815442605154,0.842177563265142,0.8304492341314509,0.7111481833116454,0.8399389074276199,0.7865341410040464,0.8372793301034006,0.7838666415180553,0.7531148472915171,0.8292947146448085,0.7935559639636658,0.7958144330768887,0.7923857061887224,0.8156855691507564,0.792356599871048,0.8144474079786954,0.8309145182025778,0.7212073195844316,0.8378185007760589,0.7712488377788145,0.7767643435035856,0.8094745628974725,0.8574652516359564,0.8180301716441489,0.7736151178994012,0.8310069141576596,0.6516933979140475,0.8150841051222462,0.7087184625728423,0.6984487301536184,0.7265151485645255,0.7793028209134639,0.8534381297274447,0.8814010677896962,0.8959710663231686,0.8282499462279322,0.7297625466246415,0.7631637996602517,0.9124399112433762,0.8711836456089235,0.6997552344727377,0.7953986649970379,0.8265458275734834,0.7400260083832298,0.6592471220224606,0.7658572405931839,0.7986415349671301,0.8677620816749992,0.815189908321722,0.7478941986641547,0.8808183074066542,0.7620155585775991,0.7589208757543889,0.7870324367084032,0.740776338698053,0.8498550923175129,0.6976057776721066,0.8005647269835273,0.7191923617782856,0.8211608536549602,0.8206649469711652,0.6829683843991778,0.7506550551428206,0.6171470677565883,0.7950773884160514,0.6821920998972466,0.7409952455865985,0.6667227297469558,0.7928919480503092,0.7581411147322312,0.8392300091309576,0.7720544697991294,0.8673474581761906,0.8042096680670495,0.8168388142798789,0.7532382296856369,0.7189264689242013,0.7869325578656694,0.7849350694249758,0.7671938532983379,0.8917512487659757,0.7496903065185495,0.8003564464416759,0.8328930278569904,0.7369965438146902,0.7719048436225494,0.7481238479128842,0.7293842553847589,0.817752799314266,0.6729500703354349,0.823301161775501,0.7032523344875097,0.774360001576023,0.79862275246838,0.807428598330698,0.8218298484899254,0.8803539797864397,0.7382392170153564,0.722025464000121,0.7746355481653029,0.6942596982104037,0.8004353067141597,0.7787170010004194,0.8459200901905414,0.774717874551485,0.7733233590841806,0.7476969743628521,0.82536118272611,0.7469137454134261,0.7831878212493021,0.7605575794138685,0.8248764228559264,0.7892835340891073,0.8797901410212857,0.6409220564773297,0.7352464397018589,0.7402195626157416,0.8361703685594216,0.8536352870894139,0.8385837209291854,0.8115071919788516,0.8252381133318738,0.8676011076161774,0.749735737684701,0.7319035715764569,0.7676802657390375,0.7335432804939171,0.8378108655413989,0.8263409584161311
0.7672216176409532,0.816682684398224,0.8035694810598136,0.0,0.7618603717787897,0.7424439784138228,0.8655956697566167,0.8000088079680171,0.68587915837785,0.8066892260693266,0.8485720671625736,0.787390568390664,0.8139887447349111,0.7771173097625537,0.8151838093714786,0.7802113154168124,0.7861239700374223,0.7810062664508237,0.7506328928052086,0.7136375373258562,0.8072682767019292,0.8131129093892929,0.8139762095270683,0.8110587291957188,0.7914005953925515,0.833765264255335,0.8321433808870169,0.8062465153133007,0.8388303906357224,0.6840456453565898,0.7467780650358952,0.732779679349176,0.9161605992100615,0.737098759805892,0.7871829902815043,0.7761075549651623,0.811140129046806,0.7709941410231248,0.7609455374799142,0.8812185594714865,0.8406086670291062,0.6970333943319846,0.7217706827109717,0.808609861970098,0.8162233829604362,0.7488831252042336,0.6797357625878382,0.7781026071978072,0.833448589881005,0.7340692453486543,0.8382908036874928,0.7985411902461237,0.6779734957373582,0.91686742061841,0.8561648936943612,0.6797223817713143,0.7563657938488039,0.7890461447372124,0.7896011856802974,0.769446136882052,0.8147186910619494,0.6257644140269996,0.7439359537778184,0.6778903409958504,0.6489490824084295,0.6708178594748136,0.8268206856561989,0.7462879493884718,0.7566927251563965,0.8115135860910778,0.7553711431437335,0.7381848480588438,0.7340042716797905,0.8776313792464462,0.7506945957047666,0.6789868084026706,0.8257084509848529,0.8470557185025588,0.7288835252460507,0.6455129445567227,0.6676154927677533,0.7756253323323542,0.7565613145051944,0.7609508505958607,0.7368217288107942,0.7911231945532323,0.7263689084514764,0.7529241066056105,0.748913090103472,0.7073005072453319,0.8294501335142265,0.7381690534326936,0.7991135329320669,0.7044838318877495,0.8298544335350642,0.8096663355340499,0.6412963532701245,0.7261590127866067,0.627659935969818,0.8216941923656355,0.7424710712976654,0.7187037641627255,0.7813688138003039,0.78770505218381,0.7336967462768251,0.7407643779964914,0.7181326514417554,0.7639093832982469,0.7932078896634147,0.7465305172472241,0.8336569942043244,0.7393767488373192,0.7683938365657057,0.7374875139577362,0.7749138593277493,0.8229018311482615,0.6985988114339521,0.730419114985166,0.8269132334540096,0.7430297352936073,0.7453370338500236,0.8111720898224767,0.6838655998139874,0.8167617189300678,0.6556049905407682,0.8497845409459335,0.6817563274691454,0.7651179226143249,0.7982034910664721,0.7842963052514565,0.6702040342154564,0.6955318968533923,0.7535187044994504,0.7510548804653955,0.7399406963431411,0.6427942699790546,0.7011066335977353,0.8422082350299253,0.8318233822781052,0.7547300621104223,0.8419201362221513,0.6862861505541836,0.8243905052295614,0.7253537034308943,0.7884118935019376,0.7448433095246076,0.7345968360095112,0.730596778097801,0.7399375810146097,0.5961114293350235,0.7817108310689416,0.7278516981044583,0.7761565726851141,0.7537485140615167,0.8282379548756745,0.7672388512554142,0.8021710777772404,0.8225655478172044,0.8999612619417101,0.7769966344522158,0.7165973613235728,0.7186771780266847,0.7525228131355038,0.804462833783147
0.7992332094158234,0.7736588883429973,0.8130297608769227,0.7618603717787897,0.0,0.6880904539676277,0.8252440159040202,0.7228738334313812,0.8003210533480442,0.7421302037358664,0.8451198154742042,0.8014638003723422,0.7361288719270033,0.7320325445678428,0.7974025020949893,0.7927829019658036,0.7827195422975991,0.8010251671850194,0.7502252054987454,0.7535370837614619,0.8303018386399156,0.8791845120702083,0.8056985584416894,0.7827598366926177,0.7700194891724211,0.7318918016022877,0.793343294150817,0.7396385193657565,0.7675381170026709,0.8235435114294269,0.7528449963240711,0.7198709487525224,0.7430083949747096,0.6651171940799661,0.8068697153741065,0.7524898976181287,0.7635892239545086,0.7948027214033457,0.7746124529795599,0.7758461943403936,0.7599455911187032,0.8058249206686997,0.7571557122085316,0.7825984641584532,0.7311294329517379,0.6867880595120371,0.7397315437159769,0.7605085882910956,0.8330441384428869,0.7955060448299828,0.7954739840425835,0.7418566430422263,0.6645970397207708,0.7843347198865017,0.7698439932019812,0.6853251847022722,0.7724659163260009,0.8376110072014529,0.7588701838304225,0.7302273427912436,0.6607768579136003,0.6104479704704703,0.7132128258012109,0.7369879208612689,0.692137831092097,0.6130287616039792,0.6903848840837028,0.7481994628126482,0.7985527032447752,0.7764588210588315,0.765764620485875,0.7287800289131007,0.7153354937331716,0.7913466641158454,0.7297772158978152,0.6273931696479135,0.7402976325804436,0.8435698829968575,0.6520694795739258,0.5939192396297036,0.6156694106975611,0.8246287700805214,0.7904154262999958,0.6626401241893309,0.7270595029459962,0.7738623643004932,0.6746342146695743,0.7567705329983797,0.6651281916599315,0.6842770344044493,0.9169785605194701,0.7303943016454894,0.8288845194471371,0.6567549227486935,0.8142275384880675,0.763127711313092,0.603001253736301,0.6800634459834469,0.6802054648151893,0.6775688524174165,0.6805295730755323,0.6611210092757169,0.7023372440603968,0.7370092050810354,0.722517979172821,0.7110182629756137,0.6414633157361639,0.7508957764576222,0.7205877674005032,0.7241603047807061,0.7753150221018401,0.8081543016131807,0.663627447591476,0.7450300776370485,0.6868785275206487,0.7848546073470044,0.6557550093014352,0.8353821634873956,0.719132134717887,0.7087274923890062,0.8687120148833822,0.6841571014906911,0.675831913049611,0.7566304199190115,0.7057050841848689,0.7289780346305131,0.6598380782249633,0.7364197004634765,0.7001201292152721,0.7469544080536178,0.7285302952181975,0.7370490575719356,0.6631479739956168,0.7731316805151616,0.7388196041875758,0.683349205779524,0.7286109008844114,0.8011630521249258,0.7802299145478978,0.7997906036289558,0.6794404268236033,0.7227205241443795,0.8079112306028852,0.7905579921373944,0.7718592520906961,0.7781985346195593,0.8508357091163034,0.6470034362420893,0.7650861401686425,0.6210926114643748,0.7454299958175687,0.6868592962070047,0.879768177264024,0.7692668907335284,0.7584872092682401,0.7234171365412323,0.7358143450803631,0.7374928395694934,0.7439407020152984,0.7031996595973,0.610867921016611,0.7142396380407193,0.7638634965778391,0.8830726200478344
0.866263018909569,0.875337299632614,0.8323802023989365,0.7424439784138228,0.6880904539676277,0.0,0.7116570075206724,0.8646765817673656,0.8140458728139974,0.8486802963259217,0.7843470190785453,0.8069868566413877,0.8844212484147024,0.7781829858755122,0.7110326856484882,0.8603812522055012,0.8233328270254443,0.7635718540651386,0.8071974545511952,0.8187666194454999,0.8363532639220559,0.7801853980350223,0.6810962916234519,0.7208773426303859,0.8604745236928958,0.7155334917343779,0.6966856338504719,0.7931247569393005,0.8029981616094325,0.7856190873810798,0.8175897757199106,0.9015625004539661,0.773141614378184,0.7438124484356963,0.8031129249334557,0.7419768288051637,0.8561911731647185,0.8002508112673338,0.705314012774632,0.7177552626345644,0.7356562621751375,0.8007435605263294,0.7401812625805356,0.7993137342302127,0.8048485939195624,0.7708274008614054,0.8046334737425137,0.7991157508296448,0.7496100739027087,0.756866724793779,0.8039931806194655,0.8663640658689553,0.7465997826340454,0.810275753673455,0.7694643809682695,0.8900442582986278,0.8080066671678365,0.8376033545746431,0.7246808601980266,0.7774779003924558,0.8727766649365454,0.751705715776181,0.83171231504854,0.6834190221748668,0.7010579629228709,0.7719061066912157,0.7606005756549001,0.8248187398127537,0.7340233314533973,0.8359167129074473,0.8402422984250688,0.7424864757671957,0.7951485426585508,0.8190594230073092,0.871371778221697,0.8194957541054803,0.7444340904966845,0.7698468643888784,0.7461103188601204,0.8316374661877908,0.8707692637034566,0.7944316119638022,0.8578964685976213,0.8609483179590902,0.7968135701941707,0.8526766468734874,0.8562534243513421,0.758493224277649,0.8605993188649483,0.7834244213854128,0.7659156685159232,0.7974418429302127,0.7720639158372024,0.8096285902106635,0.7810267558179861,0.8629143606905398,0.7798554143802396,0.8328396692972281,0.6874327367959233,0.8328551910701649,0.7469971650917571,0.7227915657239619,0.6752788349035979,0.7597209055006854,0.8121611222646662,0.8144843395607462,0.7833406708709185,0.8078600430645673,0.7440508254095372,0.8186807921632963,0.7779698561097363,0.6964860743961364,0.9052622481875184,0.7628699701915584,0.7948890965278397,0.8435545797573771,0.8536139335801578,0.7227953931781962,0.8240630446424658,0.7955148750444573,0.715522458934956,0.781869648711741,0.8131581180581497,0.8523647153478389,0.7634613031977431,0.84460257232991,0.7639931729915866,0.7775986743115383,0.8213923643267875,0.7244221798216169,0.8558083406494331,0.8865511796953077,0.8039609429704235,0.794389507474643,0.7476715873285336,0.7123260462019484,0.8320000559001695,0.710142705816906,0.687140455536564,0.7509800737855079,0.785444137355378,0.8286970348567072,0.8354687134692164,0.7300499087520277,0.7950549139138632,0.7497855049727997,0.8086543675315547,0.7837970688473663,0.8524280326097722,0.692396450209617,0.7887399379924527,0.8066941452535916,0.7125956295799489,0.7098028287463803,0.8228881335671164,0.7990312891075839,0.7796641336361106,0.8746324096282865,0.7361886755871782,0.8101973371996539,0.7406370169738772,0.8713112325676942,0.8884228860046325,0.7727864787248581
0.7869677437248777,0.8410771129259547,0.7706871720675688,0.8655956697566167,0.8252440159040202,0.7116570075206724,0.0,0.7472473124283312,0.7241280404541813,0.8323740948937554,0.8001638593519159,0.8382386706427891,0.7856393378111552,0.7339037763784113,0.8837602797788369,0.7484885735069476,0.7370334716648889,0.7770179814995166,0.7571355493286522,0.7267796499136683,0.8033775853091257,0.8266741865019944,0.867264486628578,0.887685063668517,0.8251464637705153,0.7789905023386634,0.7994361535439656,0.7482966820703163,0.8089387233839198,0.733847917783587,0.8080309348095117,0.7434097184592343,0.8492783196657844,0.7528064449068241,0.788001450575255,0.7299975815783291,0.8365805250284634,0.7062665122375869,0.8023074812652595,0.878158307898418,0.7869508871608056,0.7322821738820087,0.7349092920081739,0.8174052667486155,0.8106114652145375,0.7642939033108184,0.7449489439405135,0.7764786005902934,0.9086401898741673,0.7270763358440155,0.839062275844889,0.7440004277204257,0.6650746626952924,0.8619081265421269,0.8216085392255977,0.7324616923049062,0.7551554342384158,0.739859171823932,0.8183808738475634,0.7592288542544557,0.731529435475359,0.6008028302693993,0.6689787553929636,0.6607677607948563,0.6860801517884322,0.6567885863080991,0.8243123168961373,0.8029015871228057,0.7026758973686524,0.7505796202162651,0.7769978313180623,0.736163398549868,0.6706475496163817,0.8449860691603502,0.6749277750394009,0.7163625127556278,0.818615016763574,0.9015354731090832,0.6816905965314484,0.6477004916294902,0.6368465054571247,0.8099089347656216,0.834274897594722,0.6626396269793452,0.6867141039256026,0.7655115699258573,0.6809233844524171,0.7729175296881766,0.7424587520141372,0.7674537002695764,0.7956928133924844,0.7987881595456509,0.8003999163658385,0.7127162571732886,0.7848217809144681,0.8442534495697495,0.6060364409732906,0.7230808039108145,0.622690546183007,0.799851845948289,0.7441425668820495,0.697368479691627,0.7468059706588139,0.7868065101304434,0.6794779073724756,0.7356802029560477,0.6770850986696569,0.7438449463550331,0.8134123945358652,0.820370252323457,0.872130660153542,0.7146071208672257,0.7164647285000888,0.6695486503128951,0.7127795692378806,0.7921275953928876,0.6936899628718896,0.8125683510901033,0.7322866453625919,0.6740347824264107,0.7701642947905631,0.6853891729388686,0.6717747097532055,0.8741571362797482,0.66761917220937,0.8398313617488942,0.6452483681577085,0.7926136772791543,0.7288835241651247,0.7810017652603887,0.6787370546844828,0.6454330000790354,0.6940196014986295,0.7124446340127376,0.7556011237534115,0.6759116955917998,0.759320795621988,0.8574755809360989,0.8079051903131327,0.806323495016202,0.7692247100829728,0.6748874816187919,0.8694435719152399,0.6779577969016777,0.7972597064464847,0.7968571165847929,0.7915726787610414,0.7401253170202926,0.7582933944502969,0.5501841970513202,0.7797768593038401,0.7129658196730492,0.7669949355412985,0.8419818309806931,0.8208670590936618,0.805346209729386,0.8240876679874201,0.8407355253411379,0.8530497058096144,0.754500366535307,0.6891000598887175,0.7187622901700751,0.7910843051528783,0.8129548826672156
0.8535779317211966,0.8705044655509605,0.8777859713095592,0.8000088079680171,0.7228738334313812,0.8646765817673656,0.7472473124283312,0.0,0.8325377970995179,0.8642809828390263,0.8056067561850847,0.8528227768906663,0.902891870150294,0.7685128889261881,0.7931193455592795,0.8886038459769445,0.8325322400892943,0.8204514528276213,0.806609076181378,0.8361658791494859,0.8515399442247016,0.8271805520833807,0.7737656709362243,0.7791234903037866,0.8666626719060153,0.7874082872801459,0.8162485246787153,0.8274034009959537,0.7785851450882976,0.8142396489702522,0.8553166887060323,0.8537991666581562,0.8245755330965213,0.7757326598736526,0.7929854008684508,0.7778010545120064,0.8731926473546213,0.8429887584992697,0.7692609222690244,0.7915384620078562,0.7884178330608964,0.7685515463554028,0.8075722268523442,0.7551714439724003,0.9139421632841982,0.8514096021289618,0.7983543253234043,0.7707150881291464,0.7972710464221676,0.7999770520214505,0.8306499350227311,0.8329562728665126,0.7159717855596219,0.8297993552790661,0.7966679921041163,0.8123867423098152,0.8286122883192959,0.8773485961220225,0.7499989978772972,0.8305613503188333,0.8831086039599498,0.7171803869884276,0.8189704369866923,0.6986043174707247,0.6924487165327329,0.7637688298063963,0.8018884761758595,0.8260835466919381,0.8028296774859027,0.92345194284115,0.8478364007891608,0.7529858083802509,0.7376147323788989,0.8844914369275974,0.8667554889633314,0.7593970983071028,0.811770490954106,0.7977245435442499,0.828424853620458,0.6741257824356294,0.7432219990583284,0.8331646843400912,0.8693508214451975,0.8541442567724996,0.7790534057357472,0.9238490251156697,0.8483881448513341,0.7983753195069461,0.8877534808312172,0.819408423499431,0.8095698523562326,0.7760165227157799,0.7927048703682511,0.7622378521293421,0.7660170238221807,0.8516636348795605,0.7618566439281298,0.8085552001237917,0.6437293692814164,0.8630195205139032,0.7327156225400536,0.8344058412807214,0.712977187679201,0.8041300594657498,0.8154584018511525,0.8893882719565408,0.825202180856322,0.8353393927909467,0.808523049766855,0.789333056266381,0.7611475727521193,0.7348180536422533,0.796839201100324,0.8019216941286506,0.8173241807901894,0.8842779911834718,0.7839114553065702,0.7701133463773778,0.7567799724978767,0.767601501467032,0.744501112417096,0.8754082307745333,0.7355600398394764,0.848723347261965,0.6701640820373527,0.8652359020467351,0.7355293741583233,0.8701231164910751,0.8131851466837127,0.7990394768226133,0.839807183739634,0.8476508818050613,0.8073700665283472,0.7532391984958755,0.7763503128276628,0.6729438903236655,0.8457882442048303,0.7800416323233264,0.8122319774981104,0.8561734372140445,0.7807068912918977,0.7577322833337841,0.8473204779318181,0.7328692895510704,0.792634775529123,0.7923021006159089,0.8509539446257516,0.8008077198384497,0.8698259861611337,0.6571348408363245,0.817254998032774,0.7404375761951268,0.7874673374413682,0.8111562512025243,0.8692245863561882,0.8588323476022722,0.8041956969268793,0.8879478981749981,0.7366853437390507,0.7587493755360741,0.7259471561215737,0.7614773668925553,0.9029671659397127,0.7797201565716629
0.8801022880243019,0.8374854456628471,0.7954541864980753,0.68587915837785,0.8003210533480442,0.8140458728139974,0.7241280404541813,0.8325377970995179,0.0,0.7785523912556156,0.7845270124058284,0.7973033622292282,0.7954933408466763,0.7597298762390429,0.7499660252191764,0.8014917930068403,0.7682375841731921,0.8053656342486238,0.7684158355410382,0.828387006534941,0.7769172144360567,0.855334748572789,0.7188394417470403,0.7127737849232977,0.8171679944154098,0.6492586778373918,0.7633039181032554,0.7541124051102601,0.7250866251850459,0.8952160087313106,0.8383871166838917,0.7931234119292296,0.7111314262324133,0.6667036923353902,0.8280971454920029,0.7175886539800196,0.8029923812865167,0.8158486805803129,0.7233375518231058,0.6928684326161999,0.6912551297518041,0.8820194653312526,0.7244849088187684,0.7264497801779083,0.7598374703961466,0.708290840469691,0.7700236510309759,0.7201215226119078,0.7615456438359895,0.7776059024379859,0.7467654627199765,0.7416089257025645,0.7085196697779202,0.7249336792361284,0.7033231016641712,0.8470200549686446,0.7851697733276565,0.8416344348603774,0.7159019465268351,0.7458701555755373,0.7334973452953302,0.6737757802820176,0.7341054987622733,0.712318281021167,0.7117039072671485,0.6638573536242633,0.7075940175132528,0.7939773025908571,0.7788024411475353,0.8532218213598953,0.818575104628684,0.7339273094005364,0.7556854419912773,0.7592129152438526,0.8178278468905665,0.7121461710907412,0.6892748463217522,0.7387770019696444,0.6689444717073431,0.6405574838863702,0.6844573544032051,0.8798194179985632,0.8698876434153615,0.7316684582811703,0.7300461397902599,0.8489478826425546,0.7882334029226301,0.7707459365025185,0.7601807468852613,0.8011024571013532,0.8262061101582213,0.7948856299597421,0.765225560105172,0.7116228081912684,0.7894109654911794,0.8136897855784447,0.6984425628012523,0.740941376872549,0.7055388791985212,0.719922318900966,0.7001273517671186,0.6730308207630742,0.6357975503508354,0.72242210260226,0.7798030972725857,0.738264258617404,0.6538306797481804,0.7820065839570949,0.6886457513642026,0.7447860639833038,0.7043721562352481,0.735398417664065,0.7455895621279623,0.8044456264341839,0.7032547011744691,0.8174529442520202,0.732108623501144,0.7739978426585621,0.6693292327900372,0.778734954210925,0.777993587449057,0.723602123017508,0.7237706727744077,0.7666344418803128,0.7822006600013539,0.7254296352261639,0.7038670456501712,0.7573324663103996,0.688783145248858,0.7201311719408262,0.9111754347723375,0.8116135718891441,0.7404962691719064,0.8335150644017503,0.7406956135845837,0.6985618455675513,0.799105369201101,0.7205275515216293,0.706841644853659,0.8009161707048509,0.6928962468469182,0.7796903937793421,0.8520738165523547,0.780554053622174,0.7428970577871838,0.767351802823539,0.9130572520674964,0.6767315843745593,0.8166796924661873,0.6573975445307091,0.7791220125198226,0.7292980132132824,0.8126017662432536,0.736685876168535,0.74712668715137,0.7936900786095643,0.7533096711503422,0.7644501034270733,0.7006797451842626,0.7022427601299168,0.6255368404792878,0.8103046415996145,0.8765866200604565,0.8435913825083563
0.8454890292965174,0.92042261871078,0.918646643483219,0.8066892260693266,0.7421302037358664,0.8486802963259217,0.8323740948937554,0.8642809828390263,0.7785523912556156,0.0,0.8162441349214722,0.8280790095988649,0.902247287968723,0.7718997242111882,0.804079995567139,0.8573732705045953,0.8463725919865255,0.84821164842034,0.7982340024512439,0.803720815215345,0.8479183103350192,0.867669479380197,0.8211150639148962,0.8264841756329347,0.906721588811326,0.7335533229554082,0.8173816820597554,0.8434288868711527,0.8626693219541922,0.7980712311669801,0.7844446924741856,0.8404701106067334,0.8170798368751332,0.7384240338780029,0.7771534222710279,0.7156266770440185,0.8526435477163026,0.7699211031186285,0.7064381830782048,0.8485031705701184,0.7746054190012668,0.8117307285986947,0.7522312620881458,0.7505773565848232,0.8419616477822671,0.8196908425352508,0.8092852402010895,0.76524096769734,0.8532161295659761,0.7456615747024927,0.8073179423201543,0.8036705964767574,0.7298852548984579,0.8310718361316142,0.7772673925950729,0.823870656518814,0.7939879991087255,0.802913691960126,0.8338000836974435,0.7833363124780572,0.8282078053617968,0.6436580780884595,0.7565979642566679,0.673391126557188,0.6898928622532763,0.7297064261529457,0.794102760422486,0.8443403298947422,0.802612847587674,0.8528331197707765,0.7938367208723016,0.7334330238490222,0.7180631753340188,0.8887645438525648,0.827650848021304,0.7730339005302712,0.7832367769198191,0.8338693999268296,0.7323567019343853,0.6919839875301999,0.7715749336656906,0.7704111809377494,0.8983422396998281,0.7890823321460407,0.7177667098554704,0.8576775944032653,0.7394584938880978,0.7647638812041216,0.8499648667372921,0.7724813848959791,0.7818044037479959,0.7466071827299616,0.7930133023774685,0.7526026650373066,0.7783974912851948,0.8604638381878638,0.6633364728499886,0.7851824559502736,0.6036176792363597,0.8455901259933046,0.7059286595009595,0.7188288246752051,0.6686763802384548,0.8342909883233215,0.729068933944717,0.8253651753037781,0.764492635639246,0.8711802914101603,0.8321988611763215,0.8543251617648416,0.7801548548893696,0.6662369855142888,0.7881950275569705,0.7468160075243697,0.7638531729383268,0.8804730270199544,0.8044458913145557,0.8080479660613247,0.8059018056841489,0.7214175915120709,0.7155511855380458,0.7129698528267341,0.7237004006527605,0.8666354153266117,0.6652861857836283,0.8722915458136891,0.6842592907516094,0.7766844776046617,0.8044172188806715,0.7885844336447677,0.8277895970592778,0.784184040783293,0.7339429331955818,0.6903041408266625,0.7479541567804114,0.684469809900487,0.8346376546827097,0.7770977689749433,0.8228803923242188,0.7841458014986504,0.8027970572177117,0.7305423783285545,0.8575171139110155,0.6837289051189346,0.7708575882481952,0.7641952538007533,0.7869475664088085,0.8423920427540504,0.8956641313678914,0.6145808145674858,0.7378147536936767,0.7862867179229566,0.7760450800381958,0.8676845734010064,0.8635737226631743,0.8191580031071999,0.850485710005475,0.9050505411322488,0.7782797955342657,0.7558136687524294,0.8043329995566286,0.7625823245929223,0.864948052405215,0.7794937535816119
0.8669619156962266,0.8229492145477776,0.8666822055021798,0.8485720671625736,0.8451198154742042,0.7843470190785453,0.8001638593519159,0.8056067561850847,0.7845270124058284,0.8162441349214722,0.0,0.8145013912162646,0.873304647013712,0.8077211449320513,0.7653107258543359,0.9042323042463787,0.8756441801842475,0.8390276675952737,0.8038317117891044,0.8357232654199815,0.8766651451000553,0.9055630590849985,0.8218751543839969,0.8196417640510257,0.8666004944544438,0.8000489521010684,0.8494317659400116,0.8838690153242632,0.8592185959824727,0.7915219375857149,0.7598994143004644,0.8060035022023345,0.769480369939855,0.7399369081251161,0.8554804481210381,0.7590487323818544,0.8863456637396486,0.8626285264909536,0.786029833189685,0.8341113982990463,0.7501814712286652,0.8191183937492407,0.7645001539451519,0.8225731672832381,0.8058654571824593,0.7158372733560476,0.6751513687730718,0.8791865026822504,0.8911355109311652,0.779147346196258,0.8181254132542952,0.7810051215839711,0.6696063860095166,0.856908890967604,0.8563132071236991,0.7119490167602079,0.8305271195930437,0.8673969167461055,0.805419551512337,0.7599152328927898,0.8342432550953987,0.61738908197484,0.7698658718038124,0.7468532136774965,0.6735223822637629,0.6834592383808138,0.8179081654968076,0.7773232346693192,0.8471075193797891,0.8923423011898945,0.7896401759560261,0.7680460854392219,0.845503847022333,0.8892962981866447,0.8332917290355832,0.6886060301177684,0.859005602624117,0.8406239714668186,0.702040817028522,0.6998938915918643,0.6857018672869052,0.7872511499573454,0.7891351307793228,0.7946105897287964,0.7994421864584065,0.8245275848299929,0.8306657353211877,0.7677911320818214,0.7350206378276203,0.7180863613317823,0.8832071043555011,0.6907979892557824,0.8313556836640089,0.7372625214079109,0.8709245073908161,0.7994192363514127,0.6486583137024224,0.7122682367441499,0.6671718020994506,0.7532621663007198,0.7658286968745834,0.7479817615764124,0.6988351724132916,0.7285042117916357,0.7632510885503346,0.746467910261735,0.7069068823964475,0.8435141115407873,0.7248207973223741,0.8146544066807982,0.8496624068067968,0.8035249893510221,0.8156056828057905,0.8584904201270276,0.7470244443245248,0.8476995816716568,0.7193303534807777,0.8636719072030475,0.8417293834211476,0.7636901707008876,0.8384591025454649,0.7340578536828113,0.7821350509805561,0.8008657720630116,0.7663524760676351,0.8095313401699942,0.6760976959959824,0.7566614665702063,0.7917086361725137,0.7661280043856301,0.7508900643153084,0.815996491674144,0.8480716699186942,0.8246192803179722,0.8411223104334387,0.6863342748192813,0.7634071041202259,0.8015176655167386,0.852262335405096,0.7825981430106987,0.7571411771435443,0.7888982755389361,0.8110104099958168,0.7872921346633813,0.8682930372391126,0.7632453632563823,0.7807082338367108,0.6787843562857797,0.8235261507134697,0.66299017524951,0.8403477249537491,0.7226663534287223,0.9043149930292126,0.7228346196310366,0.805307284964352,0.8182090237797318,0.8919332383347458,0.8021449221233465,0.8371892582669662,0.8187939072528686,0.6580511168468397,0.7963475478220072,0.7612385255408233,0.9499254271197114
0.8077500336208506,0.845043741332661,0.7965592555210494,0.787390568390664,0.8014638003723422,0.8069868566413877,0.8382386706427891,0.8528227768906663,0.7973033622292282,0.8280790095988649,0.8145013912162646,0.0,0.7891152608554478,0.6975780504116097,0.7809379735715972,0.8359515726715291,0.7801795591651715,0.7316155421135256,0.8555788474702302,0.7962840831589101,0.8642929796268619,0.7904645771709367,0.8474074792105175,0.8262654979986184,0.9029244845419678,0.7731751980256893,0.7739046375263567,0.7829111457843942,0.7841007828157428,0.8343912180308561,0.8832746142184908,0.8089673407261233,0.7766762862335801,0.8581763200955007,0.8085549738902706,0.7764035815236416,0.8549850275699943,0.7675399783421981,0.8411214495363197,0.7619001752627955,0.7619590136384438,0.7971114153025134,0.7650226358378602,0.8233945305667594,0.857668906140919,0.7533366592249424,0.7712078885469746,0.8011944388346083,0.8549186739129413,0.7421794722584362,0.7976925388113412,0.7860905620070938,0.6272672878284078,0.8221242555913068,0.8179837164345408,0.8058701748741381,0.7804284477660157,0.8857230265898435,0.7037902504401012,0.7649842871170259,0.74620119716436,0.6344412994364151,0.7049966102516837,0.7005880083880988,0.641007701848993,0.6541689876537278,0.7528274972399313,0.7487100672349172,0.6993376938385497,0.8067172920201886,0.763629373167575,0.7136914504838677,0.699088546349323,0.8040888336730311,0.7392172191908306,0.7069970272162576,0.7816274058506567,0.8662349841295167,0.7357035334308542,0.6687357614333664,0.6538670529193045,0.8084480194941487,0.842386288224737,0.716690075639561,0.7640127250573412,0.8423899628114608,0.7881430543911345,0.7347475671849453,0.7823064324183642,0.8194392220816489,0.8054591960941115,0.8393528092032618,0.7848467047027208,0.7084807975639882,0.7142711616237067,0.883815333016681,0.6492025254113085,0.8554877272791654,0.6638557583041556,0.7808366173380712,0.7296780458585655,0.754767167036193,0.7615333990102667,0.848939133374096,0.7282577637893023,0.7939235210115552,0.7190007884726459,0.8360712714620356,0.7410924950273963,0.8415086850286709,0.8925441457560568,0.7665039256335375,0.7264246231282773,0.747025867981341,0.7185469376417634,0.8188991954910675,0.7430147054571254,0.825217288680356,0.7591440939153722,0.7268994278173186,0.7579046707303009,0.7469837071386689,0.7545456409981073,0.8391055929649954,0.679738828998346,0.850204802587147,0.6718784960335528,0.8548907305297754,0.8063367778686313,0.7056144412446661,0.7833842036987521,0.7341863688103665,0.7230550310671087,0.7724350734334784,0.7877550770599164,0.6306323435477074,0.8381366253337018,0.7792116494219148,0.78292189491258,0.8594912761007676,0.699714601077769,0.7455161947394172,0.8302297089090834,0.7164567981958819,0.8378499749068902,0.8548174273947826,0.8665138354782661,0.6955162355850979,0.8693853398607608,0.6510129243683206,0.8374686758113102,0.693078399480127,0.7870643866892761,0.7857557917346947,0.9255931469316819,0.8023749378940844,0.7732858758668267,0.8781749072227079,0.7313645784068975,0.7392414314584009,0.6196117328090696,0.7648839437594946,0.8695401537267451,0.8153450400637527
