0,1,2,3,4,5,6,7,8,9,10,11,12,13,14,15,16,17,18,19,20,21,22,23,24,25,26,27,28,29,30,31,32,33,34,35,36,37,38,39,40,41,42,43,44,45,46,47,48,49,50,51,52,53,54,55,56,57,58,59,60,61,62,63,64,65,66,67,68,69,70,71,72,73,74,75,76,77,78,79,80,81,82,83,84,85,86,87,88,89,90,91,92,93,94,95,96,97,98,99,100,101,102,103,104,105,106,107,108,109,110,111,112,113,114,115,116,117,118,119,120,121,122,123,124,125,126,127,128,129,130,131,132,133,134,135,136,137,138,139,140,141,142,143,144,145,146,147,148,149,150,151,152,153,154,155,156,157,158,159,160,161,162,163
0.0,0.5621220412141137,0.5057212360170121,0.46762574935516554,0.5002022846427918,0.570183694683381,0.48450616835326105,0.593739673008973,0.5645952715063374,0.528907632295055,0.5511363681737311,0.49181332074753775,0.6428265356132593,0.5102380060311338,0.5191600253080365,0.6057520139310296,0.6285390893656853,0.6309478474559723,0.5380662320112198,0.6564258968605803,0.6080790818562312,0.5313941846686119,0.4651691999177371,0.5342778433855108,0.6282382896953637,0.5066268447457551,0.4334356308431011,0.5676684553711124,0.4553865470025013,0.5121714488335243,0.6094187479321507,0.6018640405263405,0.4484263360795193,0.4914335265962624,0.6466953557810768,0.47227114200833165,0.6601521931763261,0.5638788533721097,0.49691223368073223,0.49581325303396184,0.48073610323377386,0.5567355459493215,0.5969167224146479,0.5883049782319946,0.5765911873098643,0.5746279570191815,0.5268484538337715,0.5676016025911494,0.5761439427967399,0.549726792803665,0.6031976388817982,0.5969492186905173,0.49601715167619864,0.5435728988516878,0.511003534601945,0.5677949789392394,0.6607151673001954,0.5232634039409857,0.5782705408304681,0.5161360605917633,0.616960899122939,0.4397097575980891,0.6002797724063649,0.4566835328848045,0.5642553577818648,0.6180706040782682,0.5425170182829387,0.6040771707858633,0.5433671708661721,0.6469891812746638,0.6358276084124477,0.5786166792156118,0.5733515633093472,0.6155946167573921,0.6217393056158623,0.6194393566861761,0.5173210479121907,0.5141233475194575,0.5519585668080917,0.5751151937951907,0.5700905355279889,0.5625610886010085,0.594364671811014,0.5628966424395477,0.5663844029946138,0.5815963929094863,0.5975340640001955,0.5657607674857829,0.6170868222547713,0.5114142435502598,0.5427654545594175,0.508598515949562,0.5350075496525778,0.6316435131636168,0.5624198564523998,0.5170580914651264,0.5055100198122786,0.5202522222310358,0.44431274204938653,0.5990078400827815,0.5288728969863586,0.5395756017663486,0.48110627319917854,0.45630898958444754,0.572955019438401,0.5725278175095534,0.553527290760857,0.5786472202528188,0.5235451015580296,0.5930642367859951,0.5493843391264013,0.5120267907247225,0.6137960841471171,0.5111013557669958,0.5631162596140132,0.5915284848545845,0.6430014338602721,0.5062172456920341,0.5233073754075935,0.48360137889141425,0.5455433100804139,0.4943611418986318,0.5685590927549453,0.6580437088611862,0.5619181280847796,0.5308631955614186,0.4703280273641377,0.4866687200485545,0.51068983262528,0.5208858834979381,0.5528601847061054,0.5528250521232747,0.5480741785359006,0.5164602046321953,0.5683017899844371,0.5566596031153729,0.6064697805217043,0.5134835260158698,0.46462739190600144,0.5385668476399594,0.4888439295738067,0.5159526609387248,0.5808771944397961,0.4703038491201406,0.5709602522769249,0.5223925114420414,0.5294923576375238,0.5195292278530492,0.5693669102084596,0.3782841030756406,0.6695346332762738,0.5525289262544141,0.5333367854617574,0.4457299508631267,0.5471675363013677,0.6311440808687728,0.48620305036273,0.6132299428616919,0.47698775835819435,0.5668706450546007,0.5204014234179621,0.6657249886325172,0.4780849985551002,0.6192509847819652
0.5621220412141137,0.0,0.606041268001181,0.520643185278868,0.5217607692216166,0.5730704758684336,0.5142577976922217,0.6776964675258865,0.5324067690321717,0.6576907528002365,0.5695157168912154,0.5305220996770305,0.6218762453271052,0.5775407564897332,0.5934707776083833,0.596491266606834,0.5782836642191074,0.5470334352066091,0.48285492075153336,0.5240243669227449,0.560212912548122,0.6335938229360643,0.4558780664274149,0.5507260519250422,0.5675771248853633,0.5088788237608193,0.4941468672580822,0.504990078620358,0.6285606624127144,0.48004898427357334,0.6320086527198873,0.5376821494096079,0.5574031207672403,0.4487055005494144,0.6074554902080928,0.5418981820843699,0.5983851780479135,0.5804885542844288,0.5692400741875834,0.5409565849277672,0.5736701126701773,0.5092823284778448,0.504920202604517,0.5826900207738562,0.6179416452943476,0.5331316254886597,0.5119865898664258,0.549566507549787,0.5303946231604872,0.5256580314665928,0.5576681151197336,0.5386362517774028,0.49092598275309396,0.6665025951174129,0.5910464905168037,0.5575719491739708,0.5329823278433133,0.5386223466491704,0.546338349606181,0.5425439932246039,0.6592118522311412,0.4436310592647132,0.5180291604788242,0.4756210293291387,0.47601107053328956,0.4872138977319251,0.5566757382168871,0.5595786336637134,0.5265564910070406,0.6081921022190637,0.5699663794509673,0.5707494957995356,0.4855636536144052,0.6012573876089814,0.6128624535654063,0.49915974164417115,0.5143397535574334,0.6071602353261383,0.5053214943091574,0.48819489311292963,0.5223158555293,0.52432705622114,0.6751320665562626,0.5809007454462046,0.48887958337349147,0.6186396463973856,0.5124137954437854,0.5079087911637356,0.5658898021150951,0.5642322207292335,0.5271364097228489,0.5266144106448493,0.5818046922806677,0.501190623040568,0.5453093003842493,0.6406305162572103,0.5050936314028037,0.506304733006915,0.4441211468890084,0.5988276460339205,0.5869490413350287,0.5061929010434131,0.44911875661438544,0.49190788129256435,0.5290738365047231,0.5363927109184348,0.5222138133123622,0.5453580227926315,0.5703684864224073,0.5646547243610941,0.511537490202063,0.4778086906717339,0.5281578089500156,0.5183998372250785,0.5385308245061604,0.6101432493970897,0.5142679013302601,0.4813118312109121,0.520017212508553,0.5174539724772662,0.5434886317222994,0.5240184444996776,0.4669645129188955,0.6350842178845659,0.4959653793003423,0.7075572644622654,0.4663616057995297,0.5969617697126143,0.5765838100406616,0.5741410321493189,0.560624057515869,0.5214486254965987,0.5178087366930798,0.5227735512451605,0.5542464156437755,0.5106823211494008,0.5421143373085854,0.5803845628369211,0.5027631073772874,0.5306826559543585,0.5437630467708492,0.5283310244984423,0.5846627258466831,0.491429794826779,0.5877656888930768,0.46267402883263703,0.5793518434964767,0.585541247315667,0.569834340799842,0.3989929757534853,0.5332670110777493,0.5582552020419935,0.5298962315706798,0.5258977974615501,0.5537726193998678,0.5858557913594585,0.46521520342269584,0.6562164850222687,0.5272645223195159,0.492400080982425,0.5428341583915762,0.5415988681959854,0.4698169768234735,0.5412995622175786
0.5057212360170121,0.606041268001181,0.0,0.4764784959359608,0.5403451539144122,0.5009560331717245,0.4660863152840555,0.6237392115314514,0.4953868624827527,0.6690310775137343,0.5278105228526375,0.4913640463034854,0.5441022896530284,0.4980004016426138,0.5416182624133773,0.5686486748647536,0.559351131609851,0.5406750945053939,0.4522852605039681,0.502564900018775,0.5986666553546017,0.6813043822615465,0.4356154226193727,0.5196880183403879,0.5503125753986357,0.5107089957920158,0.4544756806939645,0.4557629331435867,0.529793032194846,0.44321863120568394,0.5270053673367655,0.49002725464110664,0.47814190541158363,0.41283230327841525,0.518530708091829,0.5166826895984774,0.5315418594516316,0.5573906666560632,0.5105573623509256,0.5050230844477401,0.5387438192213958,0.5275728527530211,0.5328525768277184,0.5279093933997415,0.5660015803893725,0.503980753763481,0.516923199854322,0.5313477280868838,0.4924621851246113,0.524130655808414,0.5228487568814915,0.5171435482987268,0.4491905866591311,0.5913557145566318,0.516318928727679,0.5097798427922727,0.4984904001583268,0.524123957084579,0.5651238161225488,0.47393019446787604,0.5571640555256209,0.41466348393054,0.5187530974271767,0.48746916912456617,0.47933175089132735,0.4795810710446352,0.5155298650570431,0.5691930351928612,0.615249601661449,0.5961737295437122,0.5568156351550876,0.5070189852100001,0.48271203907080307,0.5864548896890239,0.568377344121669,0.42941044190946276,0.4849596878617889,0.5465307662314028,0.49181674769315886,0.4247545550843999,0.5178192363084239,0.5196674427998553,0.5718893709377095,0.5249847140676808,0.48545659607207425,0.5817550660037013,0.4887307409101429,0.4874337576641804,0.4840992114900245,0.4942505779242025,0.5205080035832774,0.47628987726736344,0.5154911528652272,0.436633095634867,0.5350460669731855,0.5623810581182916,0.4876533745699907,0.5020070534473876,0.4183430431269207,0.5102425119876428,0.47250926919330405,0.5223677053454386,0.45974151614158115,0.5171817365629312,0.49756943018550776,0.5344781745880157,0.529075083352596,0.556978982138661,0.5347475191971502,0.54263105647493,0.47935870618597165,0.48550015533507795,0.4899762784078152,0.5008751314655159,0.4760089356976231,0.5222814131554138,0.46787958363187715,0.48435824186995174,0.5445570549484139,0.46594029817240423,0.5165820438631836,0.5012311679077541,0.45048072816956547,0.5287694364084226,0.45635453538850174,0.5557540393573542,0.4518792107639842,0.5100392681430466,0.551716578943407,0.5681180584018424,0.5240137687659938,0.5514084910940668,0.4423125683615108,0.46702448234098687,0.5710454274388888,0.4943873012155323,0.48640442561045333,0.5201735012141832,0.5295389225863186,0.5088821250853455,0.4834975623345554,0.48920060009071664,0.5256147989863936,0.5120932000284816,0.5635097450338403,0.4734721303369535,0.5639215032585339,0.5353618342724984,0.6169638170518713,0.38526625698364303,0.48190127996153914,0.4901906492348141,0.5261753408325837,0.5772538094219042,0.5612832580986359,0.5583021267458252,0.4145047148638317,0.5800451390111608,0.4417638585322715,0.4330118433727087,0.5567474011033435,0.4723441138372385,0.48955204629161586,0.5038379630022727
0.46762574935516554,0.520643185278868,0.4764784959359608,0.0,0.5430166920501435,0.4504241256866487,0.6152135859935411,0.5108819034620066,0.43832595112241374,0.5045943086736829,0.5306434353597911,0.5042373681191276,0.467043808120635,0.46480195707961874,0.5671992381804277,0.46524445751375293,0.48880562756851775,0.48164081315095053,0.45720388387237976,0.4117551693304339,0.5021928287036174,0.5084386189488282,0.49611023416754263,0.5131775686686256,0.5003927030721329,0.5255096122812803,0.49648684290188033,0.4750845155506999,0.49518839079631155,0.42504469994780514,0.5016986516691637,0.4329435863951299,0.6306415934503924,0.43863953940169254,0.516035150695251,0.48871593037661626,0.49559211996514313,0.47401734725025246,0.49288454428860734,0.5392898523391637,0.5550600085944686,0.46315954417641625,0.4514967425155403,0.5605702427573949,0.49814810786773445,0.45134600852706813,0.42595226188120794,0.46911212381154477,0.5158019547413273,0.44586486237760226,0.534113845237825,0.5052388700460168,0.4101534426598331,0.6312038322295686,0.5420685289898569,0.4441163522992987,0.4575999949740419,0.5139726147151106,0.4862169155940044,0.45225843932260984,0.4859474043217377,0.3763250258846074,0.4583808413944257,0.40996081841960624,0.4155508361452643,0.4077694500959289,0.495356828098253,0.4613508773271206,0.4621299859869804,0.5287946498491317,0.4662785287359032,0.4621058537851474,0.45004566573028626,0.5399572759838428,0.46256626302424697,0.4092274853348391,0.4822065300118301,0.5802466585083575,0.4477370708530434,0.4103384473353233,0.42514643743076624,0.496165142989671,0.49542056529071316,0.4443302541432863,0.45857202691710625,0.4836279977547366,0.4450927139490738,0.4629450146317493,0.45821607911509743,0.4516710584209259,0.5606108737096684,0.5037401627592132,0.5028652077838183,0.4158575073921152,0.5094199655622182,0.5375342689983537,0.3967773328553775,0.4717295705477314,0.40202445133875564,0.5206358897850845,0.46313787479292173,0.4501777693098613,0.5149836316618488,0.5066236755952416,0.4557215839271181,0.44289079328328135,0.44010664714804,0.48745543629132143,0.49185902634685374,0.457864922061579,0.5435115965403935,0.46496441335364397,0.46044404673668426,0.46343789537079844,0.46692362417249245,0.5244924912370439,0.4390664977905325,0.4240702250468084,0.5207332924028265,0.47915106502578053,0.4676151836804679,0.5280076477761142,0.40760317354225045,0.5382211134023025,0.4183828934474807,0.5426574606521054,0.4206258448137136,0.4691505228760716,0.4909385225173727,0.46953806435959555,0.4283313980892579,0.4238647340922651,0.4298191474316322,0.4796243782741728,0.44812198711516665,0.40187132065144915,0.4101092106721847,0.5596680718984807,0.47157068339173364,0.47325010008445945,0.535191228573784,0.4184199560954805,0.5245555801646917,0.4517671637091695,0.4934911349785257,0.4674657069896374,0.4786634237159715,0.46213458572185057,0.4496029716195283,0.34236023589644926,0.5018744180739603,0.4755624249372446,0.48034650573341087,0.4513655616114314,0.5473928125577592,0.475008382104664,0.4133195721590668,0.5716879267419569,0.6045867861105216,0.4687269342349369,0.45656611172383377,0.46183044331885226,0.4346926485281293,0.5222660875694282
0.5002022846427918,0.5217607692216166,0.5403451539144122,0.5430166920501435,0.0,0.4547799430809606,0.5641249089693466,0.5794471926751882,0.5404977765782752,0.5293861543588677,0.5297429258992791,0.5503716006200385,0.4721166368734821,0.47808734170395795,0.557490924505856,0.5376304686754381,0.5488956372130419,0.5281333328455119,0.48893455426020166,0.4654027564601389,0.6210260541354985,0.5714527041454628,0.514140179373693,0.501723873800543,0.5373793919660433,0.5370804561828508,0.501811750954396,0.4653929944281615,0.45809848526657887,0.5195243747395031,0.5683105227390958,0.4872836825589388,0.48059218070136506,0.45051166987224106,0.5317347341099281,0.5522711747671532,0.5125838372187129,0.5626954950193985,0.5873268059640637,0.5066129629004326,0.5387118030668776,0.5777043004104417,0.5441169039243265,0.5493774617518862,0.5316286137606627,0.4942947470121388,0.49757629082354154,0.47845421565431445,0.5522879690691601,0.5497744685107937,0.609304371187089,0.5113664482119917,0.43937854119671976,0.5901265267253425,0.5468216617900878,0.49678820941776425,0.5291880562292538,0.6202578090527565,0.5476577113226165,0.4980260852849339,0.48369580971523807,0.4262814504323018,0.49271664512721264,0.4917347615498764,0.4880810115635627,0.4502194880692842,0.5124960857965216,0.510384540847949,0.5507671949055323,0.5909877870133685,0.5399758176926335,0.5147211796958034,0.5009930285190735,0.5994591877314651,0.5163562728470487,0.4208619518789409,0.5442180653190786,0.6534758563876818,0.48006596806369284,0.42227984974422894,0.4527160521401901,0.6206309527108519,0.5536643454507382,0.44802791255452235,0.5558167276825341,0.5366934086034597,0.48987508842391525,0.5528601158508537,0.4844151178574723,0.49896203750158746,0.7150509057334081,0.5679665507121658,0.5655239852882017,0.4347785780751453,0.6074941101218497,0.5209045436071801,0.4553773830460218,0.5057118478106483,0.4674177251628335,0.5120875553952905,0.4762086176558205,0.565707696137054,0.5706213448355116,0.5015510219136238,0.5241369699952719,0.5080899267456332,0.5196579064318888,0.5260720975158809,0.5149866102542384,0.4792828468264668,0.5566621561348001,0.596699669280385,0.4662503455825566,0.5833374343188822,0.46302054623995387,0.5234449433162485,0.45952915922327303,0.5017615844152425,0.49455765642876565,0.5100151500481528,0.5850091053542172,0.5895914895579651,0.4351468299736599,0.5589037539945767,0.4610423212801333,0.5011082209009032,0.4962649363141343,0.5293979052984787,0.494494533177404,0.5130390447285109,0.5095663720501903,0.524305122422786,0.44571971738636884,0.5278072759495853,0.505708373605139,0.4452250691263194,0.44002259508647,0.5391661370030016,0.48388494074013433,0.6041585524174575,0.43998817604459595,0.4895979292859067,0.6271288288972573,0.5820707570890037,0.5694544167687952,0.5376367371280745,0.607868271113446,0.49482651020461116,0.5165942251396686,0.38480714947960815,0.5396739991931429,0.486839126225908,0.6151688099363927,0.5275605919905426,0.5945210303938742,0.5307770705233982,0.39853668300425216,0.5764190424065887,0.4514223888588978,0.49101202314301384,0.4586056591587716,0.4875516161609618,0.5557396277631055,0.574542113118662
0.570183694683381,0.5730704758684336,0.5009560331717245,0.4504241256866487,0.4547799430809606,0.0,0.4361016594279007,0.5613390215176833,0.5415134691924252,0.5327051948248553,0.4984990169911057,0.5030109738268527,0.5219612890047497,0.4738321006903614,0.4562580582993486,0.5248898046797861,0.5109344030031061,0.46913287091939876,0.5018545233860198,0.5043263778009998,0.535825977957411,0.4952432868660803,0.39095133812727845,0.44039393118192255,0.5733234192818862,0.4417368218820691,0.38148382822371774,0.45527387241083156,0.48242235402564676,0.46526863045275146,0.6009895998313589,0.551880675347575,0.4509247935416813,0.4342634880217377,0.5701729914590611,0.47569277043423797,0.5540745098998706,0.5125003845362599,0.4784626269239725,0.41332586116088565,0.4628290654955577,0.5361803692541212,0.483428131083956,0.601866570930465,0.4899786395589724,0.4536250245219106,0.48631594374894377,0.5504967673206073,0.45880679391208323,0.4722124620689999,0.5101261394680547,0.5499217749731254,0.45515698491162615,0.5400978691110428,0.4976283257892841,0.6139122106064159,0.49934272909794575,0.5349660856667473,0.46592548031675224,0.4474752855491782,0.5799899885221023,0.4415985118997067,0.5472345658033246,0.43239324255590805,0.4709419666887497,0.4871868629506846,0.4710262432754305,0.5284292944737334,0.4568629949893839,0.5659687501199862,0.546005296273038,0.4868182019436772,0.5215258348795413,0.4975438698838104,0.5795478085342731,0.5133367372428865,0.4431494800956817,0.48178769193073384,0.46354816869452314,0.5575591470614903,0.5984768337843774,0.5167703336968892,0.5596839333256847,0.5432522410881516,0.4987233612980062,0.5232048119051228,0.5955283362137141,0.4748027658868883,0.5176201743067577,0.49648122837940245,0.4846054563547778,0.5362310172502635,0.48690139263124577,0.4967194273953427,0.5012728242047548,0.6102999527795708,0.5175297673875476,0.5474267728254452,0.45054931749300253,0.5046540703017821,0.5014463015911954,0.47478490605452944,0.45613448570841875,0.48266066739165364,0.5273981975073453,0.4716105266877554,0.4820642002590908,0.5109777700617013,0.44358266920971823,0.5344674519534947,0.5107879248985717,0.45857510776509824,0.6043096709625574,0.48143600306020334,0.4799357636934829,0.49284187223033127,0.5608692167133994,0.4396428465417247,0.5452220576833179,0.5046629431107194,0.46088800715223927,0.49989295820303986,0.5148216183469804,0.5536397624810414,0.5548507907015879,0.5456420935133407,0.454711465063262,0.4622321925188033,0.5251506496569245,0.446534715343406,0.5720342076536357,0.5374607793972578,0.4811633187515781,0.533780968241259,0.5147973402667584,0.493968281171297,0.5064361525690437,0.4404903322390973,0.3960506395217155,0.47637385460339926,0.5020727173011581,0.5324789513947443,0.5169808978888313,0.477915252855988,0.5370994701743913,0.46223212956889176,0.5343670911940444,0.48171223756167864,0.549688222180807,0.39808156329846833,0.5468727383574127,0.5562512914434811,0.44552575699603025,0.40492211137471296,0.5367227739764209,0.5264295940490356,0.4080559274371804,0.5769232361834851,0.4480944095496705,0.48523633186203435,0.47822065759209526,0.638151869228815,0.46011170909525717,0.5092526837494864
0.48450616835326105,0.5142577976922217,0.4660863152840555,0.6152135859935411,0.5641249089693466,0.4361016594279007,0.0,0.5012927515572448,0.44846085448595024,0.5279117286824363,0.5463327019588499,0.5239936638372994,0.4853271918853366,0.45983590717943884,0.5847791885841829,0.48587183368911396,0.4965367621042824,0.4981057654176002,0.4764686915496433,0.4247929416654755,0.5007929425512263,0.5173487145063432,0.5614846224338709,0.5365481184026365,0.5192538674367978,0.48742059758007794,0.5305991210966499,0.4992451025502168,0.47893309663348205,0.47159595947698,0.5196694058512471,0.47444721737395684,0.5150933896012545,0.4623034943390136,0.4993665223962431,0.46476104155576237,0.5231678045679508,0.4539465990948537,0.5256075600921403,0.5503348646706093,0.47743668993125316,0.47723636226730404,0.4683621758011002,0.5196213416940125,0.507372833356947,0.46953181793272075,0.4293436312358908,0.46658715678094864,0.6127651383377469,0.45598922441959305,0.5713600724666068,0.4561362293126815,0.4123964768279519,0.5883535901022772,0.5738210506933239,0.44158658742329776,0.4794245373871896,0.5009076181553005,0.5296632400137065,0.4743655003915718,0.48818228042429984,0.3768431218131092,0.43327653001503214,0.4062252205247694,0.4299399581063499,0.41741223964533086,0.5163217120466942,0.47709701024556533,0.46435934233446857,0.5226785332977749,0.466836295284333,0.4659642919127302,0.4443201713171476,0.5799237333486487,0.4528631526581609,0.43422853762074026,0.5738386266699913,0.6120860568708882,0.4241143109538713,0.414120230841277,0.4050395969163992,0.4962463772120714,0.5169544783720879,0.4105249706642702,0.4547178027890647,0.45533911722654186,0.4468343301450925,0.5085265684771584,0.48064197098969685,0.45566418243699486,0.548759757870231,0.500932260054393,0.5368663939541165,0.4380830409039151,0.5020237390185552,0.5018764379099406,0.39215237255055546,0.4382209732250237,0.39482990851236555,0.5301995027623521,0.47236294814340835,0.49921110060501184,0.4870310404662746,0.4536322819389015,0.4453756858045978,0.4446155297016973,0.45325913633435544,0.47122783620957054,0.4987665248244096,0.47735517047774656,0.5858024340572865,0.4574334596316294,0.4521676056590871,0.47017101441222425,0.44111896112616567,0.505616355570293,0.43908946155178336,0.4931191025741579,0.4659079154815547,0.4415278367298968,0.4757119906544159,0.4759534634634263,0.3977538322556509,0.5724577193487738,0.4112829053553817,0.5295206819861537,0.4235057597470337,0.4972416985057695,0.45351899325312706,0.46307854166062257,0.42924344996872815,0.42181044373758925,0.441191951266708,0.44935846252093375,0.45376226899047034,0.40280172960116334,0.4205327331330925,0.5320020567022352,0.46544991175280215,0.5009802829749288,0.46467317437467087,0.42855904290548896,0.5578661800405558,0.4439770157822917,0.48943258695161984,0.4767801242755617,0.4689163766179487,0.472190497840695,0.4486055489807926,0.33186002198080145,0.5098862986486707,0.46471216490551853,0.5224303217273965,0.4789796406802271,0.5096013684867625,0.49401426430600237,0.45177879524640296,0.5594327719793272,0.532699356983766,0.5225716075687137,0.4324079813972649,0.4514208932950788,0.4288703484619442,0.5230438284690025
0.593739673008973,0.6776964675258865,0.6237392115314514,0.5108819034620066,0.5794471926751882,0.5613390215176833,0.5012927515572448,0.0,0.5977281691971325,0.632294923742564,0.5479373318809379,0.5729634784783193,0.5819131341724718,0.5345280299630593,0.568613344311862,0.6624929425667075,0.6662265504843797,0.5956415857408894,0.5341799973326581,0.5756821283157771,0.6820051329922153,0.6002245780125087,0.490021078047008,0.5365635662390931,0.6201358930474582,0.5416379877053836,0.4926167942897909,0.5274125292376369,0.5191086312507321,0.545046040046922,0.6830980240921362,0.5684031736447658,0.5067907719475454,0.48362523946285024,0.612628995034249,0.5779296982416486,0.5826745166974221,0.6780469056310976,0.5865139705881246,0.523978217365806,0.5976548490410328,0.5786231971519026,0.5956271941382779,0.5842004412997549,0.6535436521172644,0.594422407798714,0.5825785246057992,0.5275574483935782,0.5531709948617574,0.6028620680532908,0.6146786906379381,0.6040630917313611,0.5046056623619908,0.6254683503649494,0.5644612535846657,0.594185604323394,0.6118192562841098,0.6377243553186097,0.570141888886895,0.5691313242196475,0.5987514068924088,0.47027207668059456,0.5828185633754913,0.5170719531651439,0.525306527628438,0.5343587795711622,0.5375501406105013,0.5630349385177621,0.5927193311718004,0.6986787576757273,0.6146115518182728,0.5968885620664129,0.5231430636687374,0.6439979563385149,0.7002919525390389,0.5043925701994502,0.5253872271731166,0.6159733588970027,0.5922715572069955,0.48936927435599037,0.5558860537142494,0.5990362040133619,0.6769495512189556,0.5887603410496487,0.5841828074878692,0.7255326143745837,0.5475925182511564,0.5585702365840195,0.6164001673442966,0.567094871994956,0.6077780952728379,0.5714071550002643,0.6011399961592372,0.5143934695418875,0.5962244168946843,0.5888178377604523,0.5403589781114634,0.5809200300706108,0.4750999579500757,0.6086618884421315,0.5377869061395466,0.577928753903455,0.5118409955434836,0.5351998275384164,0.604548313561275,0.634714976017077,0.6143591098050126,0.6353667227901865,0.5904524491754445,0.5539861750970212,0.5366201773329772,0.5612223695830226,0.5255322339244508,0.5972420723367009,0.5651705814420016,0.6415110060667409,0.5722692426103503,0.5083023729873333,0.5359654433649503,0.5452062279227943,0.5948070155018151,0.6014035758035547,0.5012942733012291,0.648397851470856,0.5071924697067184,0.6079486765025303,0.5119673919716236,0.590369692302956,0.6009077119469828,0.5797396265837075,0.6562785109453777,0.6088966483094073,0.5070743075407582,0.5490291880022504,0.5689887849218916,0.5144037149425539,0.5714148487311486,0.565248054753955,0.5161532984294357,0.6307830129306645,0.4935744371326346,0.5499028014721157,0.644399130116753,0.5491216868353448,0.625462919848709,0.5237485224744421,0.6554074252064767,0.5983867069101829,0.6598173949910813,0.4252252414489302,0.5847547679865204,0.5739018109337356,0.5969050950121806,0.541870127110776,0.65549244286275,0.6068256918471355,0.43402296147362207,0.6979534368738342,0.46573644079558646,0.5078816207095936,0.5507778865918255,0.5754980619767536,0.5522029332354075,0.5753568849437772
0.5645952715063374,0.5324067690321717,0.4953868624827527,0.43832595112241374,0.5404977765782752,0.5415134691924252,0.44846085448595024,0.5977281691971325,0.0,0.49182973707496963,0.47662143583835215,0.48966962049349405,0.49129637719949587,0.4859749917363757,0.47990481857510503,0.5292484926732183,0.5185871025464511,0.5096455707287131,0.4780120187397387,0.517145681988809,0.576286577863827,0.5275562189730332,0.4150653618776692,0.4449565984826904,0.5301151492194766,0.46097826931679103,0.4169158925863321,0.4391238828412617,0.42136527121608736,0.5444946971797188,0.6234126988412334,0.5224312735522403,0.42451362405632304,0.4216554321921473,0.5431704692016024,0.4901749491176407,0.5311779058078137,0.5796753907849682,0.5257067875407824,0.4288994183856609,0.46768888018695115,0.647848933626463,0.5142727366852752,0.5242801515726241,0.4964569179600332,0.48587252049025165,0.5171346461202314,0.4752224617775265,0.4744275383606082,0.5354457419350108,0.5440378786146896,0.515263451409573,0.47642359760349806,0.5035030349131054,0.46742348369137754,0.6702915900507402,0.5491360463493398,0.5611190659213718,0.493796686762675,0.48171947940607635,0.520308514468253,0.4765384468882987,0.5205931541300799,0.4719988271165392,0.5377685794478383,0.5018908491136869,0.50329656338463,0.5605786904455611,0.4937008904557372,0.6030847553451734,0.6273660346574176,0.5262583734471866,0.5407350571421949,0.5260025089658056,0.5792307570271226,0.47941784108971963,0.47969527325496236,0.5186137416359697,0.48072892016873625,0.507246325406582,0.5400913670392208,0.6658958821312279,0.6226500880274352,0.49182827063664075,0.5698516119199313,0.5684313186799601,0.5808004132563217,0.5339865560956443,0.5168309574003662,0.5887830361807119,0.5563639673777195,0.578267072754163,0.5009201870186846,0.4851775355230021,0.6011775214998697,0.5237139763395098,0.5545719436185158,0.5153129707086582,0.5068280618221263,0.4984869268289485,0.49935891375712854,0.5303313658219863,0.4809571356257254,0.4454729230755352,0.5681013046818556,0.5105933046638806,0.5138058900748906,0.5063568589852928,0.46553040025472203,0.4961831549201232,0.4875877442689869,0.5485614578107788,0.5322022557812547,0.5992571541294032,0.46728615414349656,0.5128531738039398,0.5087463308323044,0.4548555411433071,0.4546046563733122,0.5432055004856106,0.5579590916202274,0.5642082548024596,0.4855663247580252,0.5630385655054712,0.5855339521908794,0.46902348499938373,0.5196342366185522,0.5000445614180701,0.461158663347226,0.4864521779578735,0.6931232519420798,0.6279654277557774,0.49911963180069324,0.6088553231605982,0.5208755946379332,0.5129973790325847,0.48527506519628105,0.4581894729638464,0.4093399816502781,0.5736716978706301,0.4296814647514931,0.5511665436072902,0.6169923061778554,0.567954385542782,0.5653164869451716,0.48812110844247125,0.6945628519036547,0.5042238379183469,0.5207406166530026,0.4087305554418518,0.563116110056553,0.5201228127920342,0.5176829121879796,0.45173998177895414,0.5332595801140698,0.5853509892178124,0.40020932470840964,0.5615053031708928,0.41497970825689157,0.4894655595410405,0.46423303195124066,0.5955752150972464,0.6008749344597315,0.5705530363826877
0.528907632295055,0.6576907528002365,0.6690310775137343,0.5045943086736829,0.5293861543588677,0.5327051948248553,0.5279117286824363,0.632294923742564,0.49182973707496963,0.0,0.5716808468528808,0.5552671913392673,0.5663221971251109,0.48674910596315757,0.5761653672591973,0.5897591057854541,0.571439822175667,0.5448793493172872,0.5131238317867299,0.5019015676560019,0.5839021527857826,0.6389424559656814,0.47442195578193114,0.5406751071907181,0.6171310572830792,0.4765840370586253,0.4740887171167269,0.5047683912974549,0.5862936923903118,0.4867895878034909,0.579734953426983,0.5459179815579405,0.49668733375912116,0.4449951699802,0.5290302875653647,0.5019593145087878,0.5651845998187385,0.5222477540785855,0.5513289016008863,0.5118654817718543,0.5178964716641691,0.5211104567726925,0.5354414914961193,0.5484944623978378,0.5691949399453007,0.5142416942015302,0.49425319031641246,0.5428468619523072,0.5541447147687184,0.5060517476779194,0.5597562504261826,0.4994371002187463,0.4582874771721645,0.6403351936446385,0.5898390645621457,0.5018446098865493,0.5176781024255527,0.5467106713954624,0.576903240662189,0.4914553384670306,0.5950311834421212,0.40719641170058385,0.5043532919748006,0.4506975883793943,0.47370055248646836,0.47790556821868635,0.5119283301608264,0.5468315589642518,0.552683103027626,0.6182654578360197,0.525305587118634,0.5020187610597211,0.46637517861974237,0.6108608317110324,0.5703195857821536,0.4714930354572247,0.5267157856518165,0.5736605900314505,0.47555631681694516,0.44574430639352425,0.5006951482750682,0.5090134183942537,0.609633573058164,0.498959040511675,0.47738426910086834,0.5370136068371169,0.4980405468674097,0.5100358830635572,0.5305099010752451,0.4844734578733047,0.5172056566223076,0.49604547571325025,0.5690479922742051,0.4692541261736243,0.51356720295611,0.5947698664195528,0.4689076789424993,0.49131685646373563,0.4055057107636863,0.5356591473412979,0.49418954845357826,0.5543980698622231,0.4600795038202174,0.5289614806758413,0.4899309531030696,0.508122930562205,0.5301214595994534,0.5524087712443416,0.5364487069742534,0.5646812782283448,0.5343954253125813,0.46277278928149784,0.4918599054130433,0.5009196247498615,0.47604310474587375,0.5254915372956419,0.5015113462864162,0.5488225443424627,0.5338218818387181,0.452370050580298,0.49079642223879943,0.4904226750122221,0.43876816967490734,0.5914472505006168,0.4480018284816071,0.6568347750707161,0.4378801936759229,0.5232520601191443,0.5482758368517138,0.5221877944503308,0.5183076936989213,0.5122837034986506,0.45816878710978215,0.4585704393265102,0.5513666297381752,0.47474351678723614,0.5062658204251979,0.5121376589513517,0.5050763942476412,0.536518556969041,0.5082803342789526,0.4887425096172438,0.5495138417432496,0.4841941191097843,0.5505237120529201,0.46791369959469276,0.529695673613125,0.5657551579213782,0.6114217341094865,0.3713295236099407,0.5111735364564279,0.5367827061353332,0.5421278886074986,0.5345938363800001,0.5773026861072387,0.559776111787192,0.4505269885501229,0.621436618441843,0.4694250118913119,0.47830139583716186,0.5287012121117014,0.4913950449355165,0.46552236306701156,0.509928496633618
0.5511363681737311,0.5695157168912154,0.5278105228526375,0.5306434353597911,0.5297429258992791,0.4984990169911057,0.5463327019588499,0.5479373318809379,0.47662143583835215,0.5716808468528808,0.0,0.5537852026686759,0.5790431705800443,0.49219279930263526,0.5195135837527324,0.6019243771726612,0.5715506148063535,0.5134406061692356,0.5046419745443099,0.5188153574829558,0.5661083283593727,0.5852500291643792,0.5103500080176597,0.616050226260942,0.6272973339330595,0.5284475098154313,0.49720826171407795,0.5693673936865503,0.5538505547853074,0.4711598256443359,0.5490936218725203,0.5144669351733372,0.46431488294984535,0.49587633387904057,0.5802468721175121,0.475150139433733,0.6755591453623847,0.5207599144881913,0.5732175138228868,0.5370801778198845,0.47386541542177574,0.5261795132189258,0.4932605392898359,0.5963853108825581,0.5617216262809697,0.4684206714586976,0.42137706676397574,0.6540171570484637,0.6261150060892513,0.46673757386082104,0.5322966406766042,0.48309403987755717,0.40568010700961904,0.6062388309309915,0.6064997451048584,0.48401415565168204,0.5212646062392201,0.5302037810121478,0.53077767655674,0.46796236987654405,0.6055274694490496,0.3768473694659434,0.46287550521867066,0.4468595159489739,0.43621431391653964,0.4519206688923061,0.5807924587444295,0.50704055890929,0.4958804101896237,0.604896372360409,0.5020609883855851,0.5045991663323062,0.5119494152802126,0.5970738233321972,0.5190988435834756,0.45698157803141076,0.5814864682810685,0.595607417065313,0.45774624781856876,0.4938078773183412,0.45545259852265696,0.48721495743140086,0.5425717890804959,0.49146926757748527,0.4911868174724281,0.5165719153179031,0.5564091618482776,0.476871785845979,0.48760050962476226,0.5065112770013199,0.5176505600470154,0.46617381425506715,0.5249781463554828,0.4774270023478417,0.5195216938827871,0.5519508139848849,0.42445529326158393,0.47473565911354976,0.41143629395344844,0.5171780514341909,0.5515056228285407,0.5291206045285403,0.4570149259770387,0.4579171637104818,0.4650844188355373,0.4744903113305853,0.47621617846126735,0.5772135543396867,0.47480064351724255,0.640400267183638,0.6216677181637382,0.48288242855869834,0.5274227998337346,0.5225537712769193,0.4605036339139063,0.5397886901724014,0.4740460679082056,0.541004753267653,0.5431467890964019,0.462844740498078,0.5215129634530451,0.4651524617974073,0.4916925116350565,0.5835029662210047,0.4888726093313523,0.587702048262213,0.41754618472531757,0.51119589293471,0.5255326694045158,0.4806428655100583,0.471121240906491,0.4807509740813866,0.5482697917098801,0.503046809002854,0.611851552277381,0.44555789528615547,0.4953355542660646,0.5265832096246325,0.5220250288735503,0.5065557532493535,0.47031625239772795,0.4906165747095246,0.5228407220254898,0.4610284203903838,0.6198207270921677,0.4746288597809331,0.492503081111702,0.4691198080353799,0.5363899367575997,0.3730458486518089,0.5952366908591418,0.4750736764418131,0.565441832665611,0.4540504062354371,0.5533413642965082,0.5926573183201468,0.5369744767179997,0.6101191126440436,0.5325171458683069,0.5249925955516909,0.44716802310125797,0.5231810393095506,0.4481923923728314,0.6410334182538006
0.49181332074753775,0.5305220996770305,0.4913640463034854,0.5042373681191276,0.5503716006200385,0.5030109738268527,0.5239936638372994,0.5729634784783193,0.48966962049349405,0.5552671913392673,0.5537852026686759,0.0,0.46459022297401936,0.42801887845477193,0.48258251169446115,0.5576506341169442,0.5369173114057403,0.45964669615011605,0.5944573520274198,0.47382803453513994,0.5668319316891071,0.48919830023799815,0.5252965511925319,0.4900209126841252,0.6255702237301842,0.4690083545738727,0.45956795502428627,0.5114603847163601,0.49318303113502887,0.5577422191906061,0.6151542519483204,0.5213041129300093,0.4521977997914758,0.5392348961467114,0.5309498765268647,0.5116807281215711,0.5204897585034788,0.5032491926552843,0.5914994812077884,0.4480745286500363,0.4827794841062537,0.5316215719971417,0.5022740776466799,0.5635323927216748,0.5252600599356743,0.4563284476077237,0.45206119976546955,0.5046242547518043,0.555305084328025,0.4710497194624172,0.529480105881355,0.48663360037452397,0.39915803101687264,0.5606559227774903,0.5844849366527971,0.48651195821647747,0.5007691684930263,0.6772444745510049,0.4649355061340225,0.46628650491384416,0.4834448892077377,0.391652580100657,0.45919152471400676,0.44587448304688143,0.42157337753125046,0.4204674827853601,0.4546255859758467,0.44188252388018745,0.4585091865869549,0.5572909372152253,0.45895547473497944,0.4639710096803149,0.4592201274161487,0.5188919132876503,0.5045916429338959,0.4351867136544274,0.49932366359736136,0.5747380559214605,0.4608016135284301,0.4390215613501974,0.43466037708558036,0.49577579354141543,0.5218157810000552,0.44476234891727584,0.5061840987831728,0.5019060573003489,0.5078984568485989,0.47603504320890194,0.4978091509949027,0.47305750948773334,0.5413620202884605,0.5416744219118281,0.5387279390370525,0.43941666333215024,0.4747209648515654,0.5552322181736551,0.42227623502498024,0.543474648858871,0.4280775635459777,0.4868749016882012,0.47220294462238355,0.5313771095726347,0.5089895473390039,0.5410954261921789,0.47854832454267426,0.47039044065889124,0.4847917830030146,0.5683371436577812,0.4529831768620924,0.509777722817608,0.6308733230823846,0.49707434416185203,0.45231279272479136,0.5238552611423964,0.44174275044298245,0.49755980498981,0.4926536892437961,0.5316243208240221,0.5095155967997502,0.4697035545052614,0.4776405469950955,0.5022806588256395,0.4518746124517963,0.5426743077282536,0.43815109174600464,0.5628893434356705,0.4305320798289012,0.5159754832144079,0.5419244518542705,0.42802143097416184,0.5092691494996083,0.47252695280631446,0.44326469825048614,0.4901861260864237,0.49770449782241205,0.40077938333920765,0.4812834867457863,0.4704330109256555,0.45221961229749585,0.5540938132524191,0.42924071769436,0.4833073097383755,0.5259172599853132,0.4806630291097187,0.5433043985261582,0.5075754508828847,0.5207658668482731,0.4554143546359071,0.5644788569379426,0.39785393093227855,0.55932797735686,0.4851469287571372,0.5409284368094076,0.441898026381262,0.6355758572876071,0.4894384498503713,0.40806203937141383,0.5855559568510895,0.43532160817602916,0.49032677024614385,0.4113925448574554,0.5034317745650525,0.46405077693466523,0.5237195680411593
