0,1,2,3,4,5,6,7,8,9,10,11,12,13,14,15,16,17,18,19,20,21,22,23,24,25,26,27,28,29,30,31,32,33,34,35,36,37,38,39,40,41,42,43,44,45,46,47,48,49,50,51,52,53,54,55,56,57,58,59,60,61,62,63,64,65,66,67,68,69,70,71,72,73,74,75,76,77,78,79,80,81,82,83,84,85,86,87,88,89,90,91,92,93,94,95,96,97,98,99,100,101,102,103,104,105,106,107,108,109,110,111,112,113,114,115,116,117,118,119,120,121,122,123,124,125,126,127,128,129,130,131,132,133,134,135,136,137,138,139,140,141,142,143,144,145,146,147,148,149,150,151,152,153,154,155,156,157,158,159,160,161,162,163
0.0,0.5590057883358663,0.4370327355942235,0.45989443943310027,0.4046463830933462,0.46631744193889385,0.47593002212526775,0.4519383369633935,0.5793355519121335,0.4204500010983527,0.5705764478176076,0.45330271520995397,0.5251730686604895,0.5982935867832418,0.4660975852532579,0.48768211872894585,0.4681314657325598,0.5911629816802111,0.5085976078776815,0.7407392688511435,0.5135810690651721,0.5678585401183777,0.4125782763777133,0.5853891938759263,0.5618421800600283,0.4834859695106101,0.39904432630863845,0.4598801381882946,0.4708931033278578,0.43039295189790866,0.5264165986922599,0.5083485775249397,0.48533005684822256,0.4530743064428732,0.6270169803122264,0.43283863666153277,0.6024350956615734,0.543959326606846,0.44186859529903455,0.517907818962837,0.43880170309103367,0.497522143083956,0.49948397161929536,0.5875075877966355,0.5335051790254269,0.4562561157473092,0.4355181926106202,0.5144276229480675,0.5622751165199048,0.46541303349136576,0.4894286162414952,0.5275096049004947,0.4463484300910543,0.5213190398395121,0.4892405304949057,0.4973776044894946,0.5800105199404143,0.43089490228639976,0.54711038125391,0.45288802783999627,0.47886183835101265,0.40891305546618933,0.5297591903222225,0.4660212150766381,0.5140171736915083,0.5383584609358744,0.5190867517031783,0.6031252301621941,0.4758271217333823,0.5407629174457985,0.6228366178677822,0.5775084075127044,0.5495976162303632,0.4965295975722303,0.4736757851285139,0.5736802388797674,0.44788929991673565,0.4479125348153666,0.47319924357264465,0.43972772790957315,0.4714041414598606,0.5092790033324047,0.5581853611903336,0.5104694156404531,0.4749227004519621,0.5658328625420935,0.5183656000590057,0.47821372106427057,0.44865497408715954,0.5288197963059696,0.4511071808183047,0.4552553920340075,0.4528328260075487,0.6343013604295267,0.5208309521976165,0.5430595223305269,0.500884615431399,0.4678047621472547,0.4767082817553753,0.4641797920437763,0.6023066541093576,0.42308667504756026,0.41831242572450894,0.4327320739711162,0.513961404541859,0.4492830732642354,0.40114441565006326,0.4606139576060267,0.4423871133845602,0.5087245406424535,0.5321955595524177,0.4646519521843171,0.48672817829477866,0.41865432613526177,0.5353802026217321,0.48968152675586374,0.5098330345246919,0.48025009167944044,0.4613374829585915,0.45489504811637116,0.5087117112028907,0.3922352481813444,0.5431020777483336,0.5503408445992082,0.572682173461631,0.5010450297598189,0.3909898231955191,0.45972776619399075,0.4616714738931904,0.5296588198406551,0.45882582596592014,0.4601725899141038,0.5333311711990897,0.5891811181894397,0.5518066122180907,0.512676032476821,0.6365949467784845,0.5098713258320169,0.5159725917775638,0.43975119220512265,0.5818518633281181,0.548783667600894,0.4796761110956056,0.4336534812132948,0.5718939355882832,0.5163696329103463,0.5008612968245564,0.39884806984556537,0.512477226939298,0.3892717661191206,0.6391804730598406,0.5049333913075965,0.4685761991017098,0.3992405623495483,0.46639862767029294,0.6174090837509641,0.5100285824227275,0.4571228504982223,0.6314747924027007,0.4815583759242518,0.4285693912374976,0.7094836547840182,0.40063147734654314,0.673096593078712
0.5590057883358663,0.0,0.5753681273641162,0.5575747058808481,0.4181670022473654,0.5292400767679778,0.5496549450160925,0.5445680969226524,0.5392508385848024,0.5860729946145808,0.5643679460563255,0.5619576169238252,0.5477033311302075,0.6605125143434493,0.4733579543952203,0.5769305669311479,0.5451427313783451,0.5817073693413406,0.5858639494502145,0.5674114894574529,0.6311111037564167,0.6370339371969198,0.46201210454183395,0.5668280198591118,0.6846311524914035,0.5132547364330905,0.45635708246626266,0.4889992240162232,0.6595843525876364,0.46928098094356185,0.5347422172636344,0.6277027783119495,0.5941977725910982,0.4944267118147001,0.5115478584214865,0.5088585175814628,0.5545694576028783,0.6000400003757468,0.48173637278076376,0.6113473462349179,0.5132269002912799,0.5674046871150324,0.5174195570771821,0.5561857622961593,0.6193624663044592,0.5132438096327286,0.498595428343323,0.4716218696938555,0.6043718708198438,0.4909356981835146,0.5546467725697153,0.566929425879191,0.49259895111139934,0.6958781896099351,0.6039095866467318,0.5667009400441373,0.5855534261617674,0.5091712000186575,0.6738400802719855,0.5176583410759542,0.5282943122677979,0.46959725179299466,0.5588376238796279,0.5160964296722084,0.4946940517007875,0.5528295474948518,0.5496668965894075,0.5997405497253641,0.5331472421428862,0.59752190242914,0.5806563911380048,0.5661260592504392,0.5324201771441311,0.6033225344371961,0.5559868000117939,0.5509008842267479,0.5255800895804686,0.5555362624579735,0.5022730665681941,0.43769560815254166,0.5418153253191791,0.5251597977904896,0.6990196637823847,0.550426387081024,0.5294466271450119,0.6397833252633269,0.5003812591934057,0.5150036194964566,0.5199920667982318,0.5669054568612593,0.48484879885114884,0.5230334803668495,0.5139094269030533,0.5642503356403201,0.5852685117892407,0.672623665900536,0.5701888765455891,0.5660947132781093,0.4931238927698366,0.5398266067403374,0.5766291467911946,0.497647368851314,0.467889230065879,0.5542862751103675,0.5466616469429776,0.5119844115734536,0.4831209510901068,0.5328357640216856,0.5268848272530865,0.5220205131521061,0.6067544704813801,0.48895143630722915,0.48174918435113634,0.49226827808341383,0.5502766788665191,0.5340229308888127,0.5709632894389388,0.5245216906051521,0.552358966701383,0.5152491412120864,0.4856885235225566,0.449018013820382,0.4820744655237716,0.632724469183201,0.46100902310809394,0.6800937248662005,0.4533589433217441,0.5489630223741148,0.6125153054140791,0.5740816643338698,0.546173846560552,0.5478666635029075,0.49482454992338126,0.5469618813796637,0.5136317377849638,0.4504274694535542,0.5658906262546356,0.5013360936982213,0.5855344192848856,0.49513675080176694,0.6359901163615469,0.698443133811103,0.5636682989915338,0.5133155997852009,0.6376700185914512,0.5312026261544551,0.5261446500080409,0.501288313281093,0.6779525829583356,0.4668982050997226,0.5283196758581038,0.6264097119944653,0.503389340425923,0.5120648387613135,0.5949605577129632,0.5896866443140353,0.4568567442672002,0.5505230919698526,0.5470106226427995,0.5230981859158205,0.5289984311409504,0.5961041933732278,0.47978922796554935,0.532694139958844
0.4370327355942235,0.5753681273641162,0.0,0.528195423065361,0.39207071719772246,0.5369294233813967,0.44953751681856324,0.5812041625283885,0.44125667482845427,0.6379123859059678,0.4986781685262669,0.5257638025235227,0.5166209382999852,0.5123505173205308,0.38840643541741693,0.6599456212575238,0.5970147751491279,0.48338663833957624,0.5003542007769528,0.4432529816700532,0.5904490330659086,0.5222556748285856,0.43742649596527794,0.4428443168511038,0.555760298303101,0.49578400295951164,0.465354081707124,0.48637806188768296,0.5685056069648413,0.4710798687285811,0.41961301765546,0.5896015696186422,0.5016403920384057,0.456128950283492,0.39688583773122466,0.46976674698338705,0.4595434108823908,0.5319841914207111,0.4111512761708147,0.5242494946450691,0.46479498297215505,0.5579804928392865,0.458070488381759,0.4347229035325458,0.5294097322939488,0.4763129962851158,0.4795516548107854,0.4035708708783751,0.4742344191223628,0.43812047081502326,0.491971927630363,0.5330952785794725,0.4329988315243377,0.556424969604527,0.5089471021164521,0.5087513748987849,0.4851859765862505,0.5756176461983364,0.5051522601989297,0.4725594978440727,0.49851500357671663,0.46764039703814647,0.5444645308588657,0.45430304927192966,0.399506056935348,0.4752514923881427,0.4631445392533593,0.49166814949517684,0.5469817768727057,0.5720413646760797,0.46450909155919745,0.4345332203645887,0.47720460070100323,0.5887999133155242,0.608555813123773,0.4278830981352549,0.5273372935620738,0.5423926190427893,0.46521418263382086,0.40387879061350757,0.521391168387813,0.4386866728796818,0.5639420630394691,0.5401731186137206,0.499323601653849,0.553700903533931,0.4559547287734459,0.44278499591982634,0.4982234494309702,0.4672473832409346,0.46966339297887844,0.4399351725935414,0.4569358004134791,0.4371705728056315,0.4950083439125011,0.5149336541019898,0.4829482300337473,0.533797769276967,0.4184691184167581,0.5020664865527055,0.42310814269098557,0.5107337924998788,0.4368158382555568,0.5149176615395173,0.48062728167040664,0.5340674420172011,0.518343091611417,0.5593978757112378,0.4837692766411689,0.4453944037186527,0.49793970094381623,0.4390834315774722,0.4388915716427484,0.5173661461014802,0.4810190229684533,0.5399706163198682,0.4990379144957619,0.4433214329646586,0.5914829089707763,0.5074736473750449,0.4114359087064154,0.4669177931834511,0.41860296302334343,0.5092009808526459,0.36441984890775436,0.5614913958005912,0.47070605721950814,0.5185501058071713,0.6328084534171989,0.4632949643071987,0.5769944644695336,0.6422379885411365,0.43298893671163957,0.4389126797972864,0.410843431443022,0.35997414469311523,0.44901566865573894,0.40626302831908184,0.5054253080931557,0.4423662345644725,0.47263435918913116,0.5959989652878775,0.48288597897272884,0.48208610996297996,0.5015836925203584,0.46099449510147356,0.4513691050554216,0.5176709786753737,0.600328273727617,0.5506709676065685,0.4141624255384723,0.49921594287780735,0.4593347345398058,0.5316808743178899,0.5781368614627538,0.4597493335269043,0.39295268855710147,0.5689779392811801,0.4055819157464,0.4859849997783488,0.5138184476003014,0.44595156669375563,0.46620982775069664,0.4319017153485594
0.45989443943310027,0.5575747058808481,0.528195423065361,0.0,0.4180329106279823,0.46491778023216646,0.5739140895426622,0.6459406881034756,0.4993169690230929,0.5371038379230823,0.4749214694725263,0.5657090783305366,0.4876637827854916,0.5750250823343115,0.43118745884666193,0.5759969273772346,0.5911813567995622,0.5462688732235448,0.5617519922713327,0.4516026940804109,0.641405812892955,0.49025128625738407,0.5597095167908469,0.46584519525701135,0.5570958210394856,0.5883931612462355,0.5858792986433211,0.5182045042307917,0.47614374210480176,0.5200439269486622,0.4712708237471095,0.5959484081099785,0.6141518426808131,0.556709523313403,0.4250394001336279,0.5391606761035398,0.46705654825501564,0.6043084890763635,0.4564218796991719,0.6733965423060614,0.5313677542158983,0.5727692940166909,0.5017199288450461,0.45274542324934536,0.6163100542622093,0.5806645356140984,0.5051634209729466,0.38029919315355587,0.5678113822385229,0.4952735741932246,0.6300826054733631,0.5783655762922698,0.485363019536156,0.6112797652656454,0.555795794495375,0.5300360018339672,0.5807127230534983,0.6132083284524613,0.5968786716988522,0.6031506590895581,0.48500025174318995,0.5616032070067243,0.5533783835781612,0.49586389726010216,0.45218100438629494,0.5276336643102618,0.5345606364498003,0.4945192091486337,0.5466473949672328,0.6146005651845476,0.5090457053497025,0.5081529291317728,0.5182336443425232,0.7283268171666598,0.5716531722428841,0.472823543867323,0.6649094705776927,0.639665499970058,0.5519886328870989,0.40435898261729775,0.48284705104135855,0.5432891285507622,0.5857738077045205,0.504299672340779,0.6713028025249429,0.6144647469780915,0.46681560260869814,0.5636898650411734,0.6022160093142138,0.5386686238396096,0.5707808599104374,0.5633148865839247,0.5052307538070336,0.48893882598428307,0.6497423568258213,0.4994923552205179,0.5266599323917308,0.593515037768322,0.5031222038070433,0.6482981273655498,0.46996889255930496,0.6063476631976387,0.5912172613873357,0.5318496233705912,0.5843179712406136,0.5975384826366152,0.5884667819326157,0.5403930082486808,0.577940938669612,0.42079974993104746,0.5821724738126179,0.554729420499847,0.4415037711007667,0.6535719009042585,0.5659430833174006,0.601154467096024,0.5431278478952469,0.4530222227054407,0.5075492663077962,0.638246856626291,0.46103634131985866,0.6128694915723707,0.41987819559044315,0.5997588853557861,0.38202390762371585,0.5379726489037003,0.598433752107697,0.6083204382352736,0.5756966464385089,0.5228481436716019,0.571993483768041,0.5897230123534508,0.4712268926509772,0.5119904990175325,0.40894018208602173,0.3671693755002222,0.43933076328143056,0.4658648552448219,0.5439060861755659,0.5437299760662323,0.49045718823734225,0.5949110608978432,0.668143121356926,0.5693933717565303,0.5360888686529215,0.5687229823009089,0.48838223163825584,0.5553737483372999,0.5301721833209353,0.5180967607830921,0.4795233480421823,0.5519542748386947,0.5196906953099897,0.5742393572044661,0.6712329408266109,0.49887372155961074,0.39400355095124867,0.5899861158120892,0.454874283634194,0.617614619235763,0.5154103693320825,0.48788934024444947,0.6084300842742393,0.4733536036086765
0.4046463830933462,0.4181670022473654,0.39207071719772246,0.4180329106279823,0.0,0.32754367328345524,0.5098247834100424,0.3849124912278003,0.4777300162081165,0.35713841779476024,0.4005558981296038,0.47436614375446867,0.3380048009195939,0.4174360033905669,0.5150081030054366,0.3969460253211005,0.39528689423028646,0.458408430353969,0.45402133904452424,0.4034285501166465,0.45762203688775677,0.4752386120510238,0.445452474591573,0.42922428043841393,0.3891561126399933,0.40816547442620515,0.415344273148274,0.34553463319087907,0.39544122563202494,0.4967295485609337,0.47379684115677695,0.39029707946141196,0.4676025136544363,0.37204617208722385,0.4400348033261517,0.5290103349284032,0.3643081350637142,0.48512595855926727,0.5232344028313322,0.43619780826766064,0.5149452219090965,0.40311235064137185,0.5035111841379544,0.4466084003179775,0.4150535591875533,0.4095745938397494,0.47201238058038836,0.35374712463611063,0.4710310919052712,0.5565591110812591,0.4872181766797134,0.4145168377983208,0.42761568029475555,0.46033260630322115,0.4731899020734342,0.35606806757112985,0.4677792581896972,0.45965640536832053,0.449324053876786,0.46657038966850134,0.3237660093570851,0.4161832638080359,0.4192067415629468,0.5180435800218938,0.4734295903151098,0.36824872304466033,0.35394399199755516,0.3930161009191825,0.44525564569139386,0.3982388650765992,0.4409201464247198,0.4794024468123081,0.36221670736502903,0.41257628331530066,0.3760474514969189,0.3578856646534611,0.3942586223325546,0.47836713975115214,0.4078039327860809,0.3034506783709417,0.33848159100276437,0.5056698493117826,0.44605531069964305,0.3403851907399589,0.42406324293479253,0.4352896272487629,0.3361243237457922,0.48533215043559225,0.36400897790408276,0.3796754819726349,0.5533713448831229,0.48673507806177874,0.5639954724183744,0.38021421624732765,0.45232598675875,0.4107910930252989,0.40989156318495923,0.3850341268948697,0.5209125924846174,0.3650485981262856,0.40907475596416076,0.3943964787152203,0.44701667775795445,0.4431276841215061,0.46667066245104477,0.396948734364156,0.37564171080329034,0.35680083436000465,0.4436686536066985,0.33668644895215377,0.43306878563972057,0.5242078807188717,0.3131691711384552,0.3906238923064323,0.41745550088881384,0.38847536686205775,0.368587169106083,0.4931696981550261,0.3481108358517947,0.3935510035185873,0.615669562968527,0.3979096249474585,0.3332556828690265,0.4283354853951482,0.3697670479752752,0.4051157625122223,0.39028779835746075,0.4741620663556889,0.3858248551852153,0.4850394333109194,0.38128689846986524,0.38905752938714816,0.33149921267761595,0.45545875358941884,0.383452076142357,0.4035588522049251,0.3994279455654335,0.5285172324801035,0.44888326495525244,0.5175193051199799,0.3794283952098128,0.4318992390611325,0.46303475838132413,0.49671813174196167,0.4289680765908436,0.47543291293571216,0.5729833341068539,0.3678911232642068,0.4078422740130354,0.3803486321344256,0.42029761823866907,0.42958336223284066,0.5600181341129202,0.4543138028605787,0.41909532560703977,0.3831756746156593,0.3150102950314774,0.3654508312276862,0.39200775195762433,0.37872866271354033,0.34352983897952427,0.39142544069350255,0.3989375629939897,0.44828170890491725
0.46631744193889385,0.5292400767679778,0.5369294233813967,0.46491778023216646,0.32754367328345524,0.0,0.4003206036854216,0.4969985589841904,0.41222694898832163,0.5391505343100705,0.5016108395903858,0.42760666558937205,0.6900641508013668,0.4954116801350493,0.348608129606126,0.5628456926797025,0.5097065455098726,0.4367354445492561,0.43844664623774193,0.45092475240100066,0.49427783860700847,0.45523654639626976,0.3718788842660733,0.4384425683978913,0.5695469187194165,0.47079656253094054,0.3828951896116404,0.49467137204641953,0.4915792288780855,0.3888315058559423,0.3893543224783442,0.57161729216301,0.4291295999750807,0.4475741415594881,0.3874534581618472,0.37541159043200095,0.5463738486017872,0.445670772011273,0.3598694634897716,0.47046832612136386,0.37862319153063984,0.5322579795784821,0.39530962666772185,0.4291761595597297,0.48209468534187605,0.4278201173529389,0.3987486970603318,0.44173064501973247,0.43512450085907395,0.3672732943565795,0.4279832874735907,0.5047560766041232,0.38737507088476897,0.4777758644772571,0.4317115735481663,0.6105205780042998,0.44586416130471906,0.43661049264844215,0.4512141956726526,0.3989610939376294,0.6789334095429195,0.4047110850031343,0.4943531583771783,0.37499939904758095,0.37298215284195757,0.5147121060554853,0.5440056551110009,0.5482265278203193,0.42793866086261606,0.5420988598275682,0.46299254297312104,0.40122627411096234,0.5416979541474298,0.5238957045095768,0.5407071672270292,0.4896961170253189,0.49538525250444526,0.4462011227398651,0.42254680358964425,0.563060143467402,0.6559676610987304,0.3970492298975533,0.5262764272668343,0.643589293377126,0.4518341908907339,0.4921590268656395,0.5731883790053547,0.3894239961397142,0.4825687623925734,0.51249131811861,0.38607260631038226,0.3885646147856171,0.37521607861249945,0.4846266360099147,0.4537331407080097,0.5052042824079681,0.4532168180748113,0.496035673612542,0.37290236322372927,0.5057852794879235,0.4366542029014306,0.4472953716665093,0.3799412915778261,0.40862406053323763,0.4209223899894046,0.4684065909165677,0.4448132335146316,0.541863687549706,0.40954482990147245,0.5463959623919585,0.48313922452741725,0.37894564735406816,0.6281991514326728,0.44827201225307817,0.450049756784711,0.5143166983607962,0.5178779483861371,0.3828791048235583,0.6439515575164626,0.46797117419917433,0.3649769313820891,0.4014834075272686,0.5065913604430703,0.5055841802138559,0.3932588310114541,0.5125346285663629,0.4105288372337782,0.4314973291061872,0.5215647492182649,0.40765728065118645,0.5135838379016588,0.5633541055816115,0.5518487694960585,0.42972348725969145,0.42199719884435194,0.35893123198308063,0.46004687390359156,0.36408947130757724,0.4232309342695934,0.37382536991713594,0.49586596238941827,0.5401067249657229,0.42719976184720876,0.3921777942920686,0.49142152449978915,0.41355766998848015,0.39091527732122,0.4611088235453727,0.5056527315532797,0.4323052176202771,0.4238205811366426,0.4525033792797539,0.3763675636902221,0.4017436847157204,0.4887112423683601,0.5099705658590782,0.49257068964710454,0.6019302920805234,0.43015924409436357,0.512852315941214,0.5117297576569331,0.49488557222172813,0.41310626455087374,0.43602619746693777
0.47593002212526775,0.5496549450160925,0.44953751681856324,0.5739140895426622,0.5098247834100424,0.4003206036854216,0.0,0.47910685545987786,0.5235488004584766,0.45452853724704356,0.4695351849688375,0.6118183752927413,0.419641950438121,0.5237025231959175,0.5439051982959707,0.4820139961426188,0.47885960500547387,0.5418768572493501,0.5979016902172092,0.47078348878900056,0.5841515861671652,0.5217515754520083,0.5626739536028276,0.5378959994319095,0.5116711414611534,0.5054881594591955,0.49116965742334523,0.4295001232675946,0.4836847790198717,0.5275450026164759,0.5686530646227971,0.5132474844811445,0.6196338160102614,0.5018805693008769,0.4826931184405333,0.5765074378085157,0.4540545925347046,0.5616527168203178,0.583285275992606,0.6090130382019667,0.5776867454492073,0.48479675926977517,0.5560746223646535,0.5233650479208543,0.5503890654897542,0.5265593727972837,0.5180417860826022,0.399970468841756,0.6753822582860387,0.5551738330111213,0.650698752455805,0.5040720718393289,0.49402970841491667,0.6265239649305008,0.6289185222243598,0.4524684704569018,0.5998995581374756,0.5186208323215733,0.6119675901566157,0.5922519857097298,0.4087912223537395,0.48773534760040543,0.4847149253833451,0.5328426887067195,0.5246541805253413,0.4712432724712571,0.467715698112057,0.4809977751782273,0.4782030918478528,0.49060960780720725,0.5264751214922142,0.5837788307330657,0.4400547135693371,0.5482183392659941,0.44930727320248054,0.4730713207597199,0.5327373358936421,0.6367468541684914,0.49800181719985354,0.37488577426201297,0.41672237416049857,0.5929544291163905,0.5846379983832767,0.41368925291247527,0.5400554764770277,0.5363560705443853,0.41081052272655405,0.600544862166878,0.479236315954327,0.49728667631961293,0.567024118216751,0.6350884860958634,0.6125707085377639,0.4980089573868647,0.5812172165496464,0.5145078969177357,0.49990565175308205,0.49137909069967506,0.5584562395360283,0.4925944892974801,0.5274601083617502,0.502144815118322,0.5496592087852955,0.5294372489167053,0.5494014178354425,0.4868829687057995,0.46958953056201574,0.43795304601485885,0.5676265736325841,0.41522229059498916,0.6167591150886422,0.5821238079217993,0.38560691629371346,0.47898952373255343,0.5179357151842728,0.4782563757014301,0.47840061247025595,0.5536858811994761,0.42523074097444064,0.47767364472977114,0.5703764599173451,0.4714064763291556,0.39728466269476437,0.6085157085774685,0.41241775994343366,0.5387861622332505,0.46700896733701114,0.6139555163346865,0.48624978886997705,0.5724756320675297,0.4542446797245158,0.46138588445127177,0.41712291046605987,0.5336001354893016,0.4413023898815252,0.4226717547046193,0.47494432135134806,0.5786448952287107,0.541868209850018,0.6249991700465065,0.4791019002037708,0.5432168986031003,0.6380348852820422,0.5506807832325439,0.5514780398554864,0.5794938579434441,0.5690414506688957,0.4704464119160247,0.4988602069842483,0.4250341016829238,0.5211495894057402,0.5594110388585738,0.5750159307497621,0.5421712957692892,0.5549135919482956,0.48989215078072357,0.3855716192379074,0.47539009397306126,0.49339079092449556,0.5124576137793425,0.43190884052070205,0.4924682619287009,0.5026636850785442,0.5120662978327992
0.4519383369633935,0.5445680969226524,0.5812041625283885,0.6459406881034756,0.3849124912278003,0.4969985589841904,0.47910685545987786,0.0,0.4766574454515905,0.5699326401919481,0.4653080611856405,0.540422934969903,0.512095180110091,0.5318577441993207,0.4097543479842346,0.6094309282224337,0.5908179389633673,0.5277863969061509,0.5514436995731073,0.45497555167992093,0.6105084472290718,0.4804173455877355,0.487441070049094,0.43780472713893603,0.563244529903497,0.5430693105849789,0.5260672727642308,0.5203182290296842,0.47164785147788246,0.4926124675454714,0.4569609539802582,0.6300436161886039,0.5620778132870168,0.5252353041931634,0.4063221769914999,0.5095100778238671,0.4645123528904506,0.5826024346294179,0.4317940721481061,0.56411460338048,0.496022449102916,0.5358129325092205,0.5057548606974187,0.43139530922366925,0.6335828662385895,0.5768935578019299,0.49192175477785555,0.3810819616401335,0.5066312640152002,0.4766353646916011,0.5695505139412896,0.5658334773059885,0.470256355438307,0.5775078451308792,0.5310858649953375,0.5144519525865195,0.5475231769340532,0.6110263333086376,0.549982598591029,0.5562102999963953,0.5250228826863069,0.553734779280015,0.6014493178970738,0.46744390467382285,0.43410963851212425,0.5522986730759544,0.5049050865247998,0.49356626865232994,0.5730941602341766,0.6854001328338074,0.49609472405424393,0.4719412509703609,0.5016140590022157,0.6892182915961049,0.6391483953963454,0.4678420717378082,0.6092740621779362,0.5379493834203073,0.569932199066275,0.3956642303597237,0.504826751403013,0.49873997181086266,0.5569103209651194,0.556299058716268,0.5963345834599741,0.6132446722986205,0.4885320009616349,0.5257161921728549,0.6292802598390214,0.5042650067705017,0.5094159761489537,0.5002196993880786,0.47506946857016574,0.476677719522944,0.5521058524356838,0.4954958666501215,0.5611809221444456,0.5858316419914047,0.449469065082613,0.6216850939590104,0.44225728893172145,0.6800811345116274,0.5281623525731555,0.5392604879280839,0.5719914437698355,0.6200192341004417,0.6298464397530664,0.547795485577918,0.541025624553645,0.4173555686883351,0.5227361717966167,0.4934379735957116,0.4457840376935173,0.6026912654541796,0.5617994242503306,0.5685267607912109,0.5484377240685834,0.44274972512559757,0.5203010412847271,0.5692394843898865,0.42148025605430905,0.6083721990273049,0.4143367921438991,0.549945727447774,0.3662865416168691,0.5504470145251005,0.551255841188258,0.5827131704491211,0.6037247019669774,0.5012393305739196,0.5894767212045542,0.6360117597704379,0.46692938274870105,0.4647018027688015,0.40826652873893166,0.3598419040258481,0.4441956808848238,0.42865966629378155,0.5307058411974648,0.5080255823006117,0.49801439323539903,0.572578004006515,0.5604802412090214,0.5265112249568773,0.5050855568685443,0.5209340046904657,0.46380511225942606,0.5617249175326607,0.5631782918215916,0.5194162989532969,0.4595769619287543,0.5315671301759598,0.4829507806166768,0.5408061177866931,0.6471534605416076,0.49425177983485313,0.38827662062853174,0.5801401877682318,0.4191566761101695,0.5522958756400308,0.532901923870305,0.46369575820596964,0.5413217255680957,0.4367404431156666
0.5793355519121335,0.5392508385848024,0.44125667482845427,0.4993169690230929,0.4777300162081165,0.41222694898832163,0.5235488004584766,0.4766574454515905,0.0,0.4174745239695104,0.49680235348120294,0.4843487625336827,0.4364875112034977,0.6156290115735575,0.5155504857453135,0.4635598092090557,0.45949473698588594,0.6151625479777533,0.5198986755822216,0.5512842595197172,0.528506604134873,0.5978035747649152,0.44581919636553163,0.4901444490366549,0.5013712581897726,0.4694700412647537,0.45210297026154866,0.4230502156531085,0.448508981925765,0.489845852256869,0.5752525216328952,0.4824748900766867,0.538151230297638,0.4269305062725089,0.5879587339023526,0.5234757147264886,0.47608240693846754,0.6393760188907684,0.4965566374143352,0.5104974566432414,0.5009089360387976,0.5171157943780276,0.5312212129082032,0.5293986224093181,0.5201446789482442,0.4642584416461744,0.46948839701547695,0.41964906203187186,0.5535744803202364,0.5587420354769986,0.5419284802641166,0.5012958608348712,0.49353502325507176,0.5447486828674399,0.5170210005505838,0.46905239180768193,0.5868110221599804,0.48429504454461064,0.5821338818054357,0.5084585429053393,0.42184309317868557,0.46597818017276343,0.5208256431254483,0.5663986308036755,0.5706187148542254,0.47903207703808837,0.4718656563386381,0.5204574037134154,0.5375077449593798,0.5460783619241759,0.6039787450997612,0.6326694448360808,0.5086454173479837,0.500621697533406,0.47642084420358466,0.46909011785573895,0.4528055963813475,0.4809640754587717,0.4749871774125254,0.36916112709904475,0.4241973514660246,0.6611619753020846,0.5541784277968966,0.44693048254348827,0.5147558969723597,0.5799151910957127,0.45414932395678,0.5760797545868477,0.4443698460570759,0.5098560895146412,0.5518166850765155,0.5578750872932737,0.5210624088691012,0.5016055057023567,0.6143174709377868,0.5184079788541838,0.5433434673396892,0.47075225560750344,0.6265478137888795,0.4535367303174152,0.5451410471638295,0.44922074941612056,0.4846000733760301,0.4741924828224773,0.6113133568145327,0.44892201186372216,0.41649148846998074,0.43424591405754587,0.46961530144958613,0.41217390958288114,0.5074909820978002,0.5693390116348739,0.4145250963055935,0.4710775780955576,0.518272567258596,0.47236229085583686,0.46543503032532374,0.49933346247502697,0.41893305360281724,0.5113691320489032,0.5893397263934017,0.45171258128104746,0.4304707246160782,0.5187568398508774,0.5037391468255399,0.4695203778381654,0.4423193931636444,0.5007218197868848,0.44902748639950807,0.585284281662299,0.4889502545565271,0.4716332661363855,0.4500756365726005,0.6936945046751924,0.48085236031187134,0.4759827660455323,0.48368685103370407,0.5526707348121811,0.5205471470583685,0.5200876374549803,0.517094203385439,0.565540671792488,0.56655988200804,0.559487019885291,0.5410926824659817,0.5651800732881829,0.6198418324728348,0.40904372778079573,0.49469262922991186,0.42050753421197234,0.575605722294226,0.5324203913000256,0.5649244047551419,0.4459500166920359,0.4826937451419964,0.5296548188254573,0.39648298876902305,0.4318575765314543,0.5327943780402331,0.4628433108198389,0.4141025712213984,0.5661287487163655,0.45685180101849726,0.600840294979123
0.4204500010983527,0.5860729946145808,0.6379123859059678,0.5371038379230823,0.35713841779476024,0.5391505343100705,0.45452853724704356,0.5699326401919481,0.4174745239695104,0.0,0.4657280961123359,0.5183540941212251,0.5149033809783581,0.5025103280872837,0.37410734698494325,0.594062023086749,0.5747948546519582,0.4634549310597262,0.5138436036156027,0.4300571845534395,0.5482648955568249,0.4683734775071754,0.4504058725846491,0.42878966217013204,0.57990818779526,0.45956020783401014,0.46714016580828693,0.5173538403247095,0.5803448479423939,0.4464865177582574,0.41186697282484874,0.626650329346437,0.4874962263162034,0.4885471163837928,0.3833482321550249,0.44788529859542076,0.4483100170198581,0.488770043463764,0.3976112528504483,0.5221254389104082,0.4431757239262613,0.5296262207941403,0.42951017144832165,0.41322646593255075,0.5250288627695148,0.48111520033433164,0.45008379967056644,0.38372785951978444,0.4797267514656023,0.4123922792784412,0.4781271421001293,0.495447959757044,0.43426324383249226,0.5395714859847062,0.5039613804763585,0.5190512429082459,0.4721151332450411,0.5173433935651041,0.5201127347643154,0.47272461333721266,0.5186542682943128,0.4567425637300495,0.49047470173557906,0.4318506633148114,0.3889649201240073,0.4826284107513342,0.4749589421004433,0.46025449522670975,0.49393096374154494,0.5384671536902306,0.43369254948006136,0.4268237927436804,0.4685593600974687,0.5800123495672586,0.5885007237734312,0.45521611251675237,0.5343608009070513,0.5148841906110928,0.4539454694664768,0.4137616177806717,0.5261907050301825,0.4197879370472543,0.5320278087109646,0.5275016650963843,0.4957548336212968,0.5163764485090742,0.44858320766714527,0.4394216603764697,0.5466227338387726,0.4652881667782773,0.4317949026060007,0.4425809131794938,0.4401091138124539,0.4499760879182,0.48347295188419104,0.4979941638463932,0.4723374539287778,0.5504762228654151,0.4028268246514423,0.5428111976300376,0.4247796834755985,0.5113941998112387,0.435123899743225,0.5156865196064714,0.46124574007151314,0.5109486347533508,0.5376237569686376,0.5742315542477122,0.48341518452155063,0.44811094090822273,0.5036445036444808,0.4181914623018537,0.445415994444721,0.5253586936699367,0.4685523777825019,0.5177338889046371,0.5415082964797426,0.4354130118765971,0.5837404497822303,0.4979346204073628,0.3815413094064733,0.45429045182313027,0.4143777443641343,0.5091844271716017,0.3559715815407868,0.5729874785427699,0.471661704986008,0.4874676785257035,0.6580599889571305,0.44040959253697703,0.5715013986957431,0.567972654637083,0.4391571814965906,0.4181301223450265,0.39743802445135157,0.3461582478089805,0.43508817658948046,0.3886754817110699,0.4861211715274441,0.43493105815133726,0.4762211943276702,0.5677986992633376,0.4903481277593363,0.4604340617100903,0.4831230555315604,0.443389703415646,0.41137586408303123,0.5542287885927882,0.5966926797291658,0.5296753500619223,0.4067577383629469,0.522391317006918,0.43496086453559096,0.5135463117754806,0.5819742081160786,0.4526127597996793,0.3991368910303274,0.5731010551356929,0.4064103501495368,0.5106357363910095,0.5533690051579127,0.4480575675951382,0.4801155672139425,0.40575173034860323
0.5705764478176076,0.5643679460563255,0.4986781685262669,0.4749214694725263,0.4005558981296038,0.5016108395903858,0.4695351849688375,0.4653080611856405,0.49680235348120294,0.4657280961123359,0.0,0.4984356101330406,0.551379123561576,0.5520960296465109,0.41560238968980756,0.55911758493155,0.4904595090232195,0.4940121864834562,0.49549099535181274,0.5641661207533335,0.5180048763322801,0.6087912478981512,0.4173801225000814,0.5557295875139726,0.6067278698680979,0.48715500064790707,0.4222251258627583,0.4842573230385128,0.557989181610109,0.4370837320872957,0.4689397565058364,0.5291879725400572,0.4575011262661106,0.46269707136044697,0.5088767596072369,0.42613562863842597,0.6258892437637912,0.5135469041437676,0.44263418528062165,0.5061415583165251,0.4100781111554974,0.5378382531542,0.4502698989770802,0.5387287836122278,0.5211023345088227,0.41354073717182543,0.39788537648426114,0.5504078245794,0.5475206152370078,0.419348234156187,0.45832064420060264,0.47605593509407756,0.38744042120462935,0.5364662542972236,0.5270613362557449,0.48819139501107073,0.49782425803749675,0.4662623289300591,0.49510359118758446,0.4230194560701157,0.5102754091490196,0.38206895319674633,0.47561466533699526,0.4495631848858813,0.412857133737115,0.4543817932414877,0.5245953066126358,0.5398270011857896,0.47258401952591306,0.5626467952456817,0.5067940340391629,0.47301924784651594,0.5425455528992235,0.5087294008210453,0.4834247866248656,0.4607069316785125,0.49508729453347927,0.4802099555831866,0.4196161669168482,0.4361999140784604,0.4490044438233308,0.44685710393108735,0.5418397054835075,0.5017718285412698,0.45203696883234773,0.5192139446090949,0.5514943160340345,0.42926097578397865,0.4254029569880594,0.5157171804477775,0.43966616555938637,0.4208755126508172,0.43826242416634215,0.49104002339967984,0.4814438217593898,0.5722114403013208,0.44497709919960254,0.46158920211020915,0.4313670864274956,0.4422993968196871,0.5403853970912046,0.44347699998252266,0.3986429576231968,0.43024396650550895,0.4525965527781503,0.4311649410982285,0.39821286260053756,0.49658776177111574,0.4099472377442569,0.5485594786243351,0.5691113427657186,0.4346280854935233,0.4874074489412128,0.44300043510988235,0.45140005913170805,0.4849437090990078,0.4566943302583454,0.4983519470444769,0.5175802054403246,0.4553606268867621,0.4563208324012256,0.3870899772374718,0.5104341332802774,0.5117989368980008,0.47185770712831393,0.5332326660487443,0.382758595543289,0.47970689653127907,0.49584982726977117,0.4572958005534847,0.46687195915755975,0.4802686136553194,0.5418922199351772,0.5276288248368638,0.5381361527427431,0.41142330685878653,0.5281832869082388,0.4459622694840016,0.5230212676711179,0.41658451575474564,0.5010564140525524,0.5927505942560456,0.44837945918186056,0.43157745796934466,0.5891035255659975,0.4762075515935324,0.4654130184816853,0.3928765601303074,0.5357181724097642,0.422072908282383,0.5291302247529421,0.45298597541480495,0.47008339791478,0.40726196271751464,0.4797325078390487,0.563638310454564,0.5368836334718581,0.48453531594104093,0.5361694298598593,0.4847030757370668,0.4034241057675921,0.5454196686643871,0.39090410785648805,0.5997892906420925
0.45330271520995397,0.5619576169238252,0.5257638025235227,0.5657090783305366,0.47436614375446867,0.42760666558937205,0.6118183752927413,0.540422934969903,0.4843487625336827,0.5183540941212251,0.4984356101330406,0.0,0.43626323211985674,0.49210658890316744,0.47892879815955025,0.5526559075436112,0.5167256701218237,0.5067197300550024,0.6587426741250217,0.4733144369294097,0.6407147870527546,0.530509511987155,0.5563596028927983,0.5126149036569252,0.5688752681716337,0.5151430811339469,0.4976984347111118,0.4521165694907422,0.5348482623630336,0.5354053766261695,0.5379833479994764,0.5633151275270436,0.5664670325334885,0.5435720232631566,0.45228872420247307,0.6008445809828453,0.46038600562256354,0.5715925566733971,0.5675454185623384,0.5606872616558971,0.5491576293870721,0.5020103462401434,0.5694478157631009,0.5041671419852762,0.5999264413167602,0.5126122111231368,0.5071076572156659,0.4138390365824709,0.6236316923232328,0.5250542941594067,0.5954260239516508,0.5050552035117517,0.44627267477983495,0.6554232769897896,0.7131019531995274,0.4531054472561127,0.5590386897615184,0.6064703889005166,0.5680756452692515,0.5537252729135477,0.4306319046530347,0.47362242404089117,0.500662297065983,0.5424390681525771,0.4596025409347692,0.4633594695358468,0.4568758049629191,0.467021390881626,0.5129243770058778,0.5294852213852106,0.49005628119685024,0.5121025274055885,0.44255393130751974,0.5698623756356062,0.48304642891414745,0.44245874374794,0.5592362561305543,0.6339341444557007,0.5053312091035995,0.3693765986621025,0.42628848573138495,0.5210820749033801,0.5628723066425448,0.4375284782956037,0.5384660453623571,0.5508393818919778,0.43270166648543706,0.5395137857545714,0.4873074972535803,0.479459916782892,0.5394774780133141,0.5589360235231026,0.5813334060516239,0.4604014779516315,0.5223374064409663,0.5419721544974123,0.500336995696392,0.5374673756020186,0.4961029757747191,0.4878211108180377,0.4854129019722891,0.577426104559832,0.5404797997001269,0.6212353979670112,0.5316047568691593,0.5120210988253933,0.506750702923691,0.4829053516724008,0.533293349949238,0.4296447928961182,0.6381898404623431,0.5449753331423917,0.38923049109093205,0.5022826518441145,0.4950405520801155,0.4782573809136122,0.48200567251719906,0.5986547828341299,0.47131717890029245,0.47370661886949095,0.4969940661256899,0.4825464614494618,0.40245628294682706,0.5596068031824921,0.3844953403703763,0.6023709680492401,0.461484725251638,0.6711114707139239,0.5760961227357364,0.5212627359656219,0.47961183737522645,0.49984938820538194,0.4138432869283658,0.4859294343764835,0.4511521481406682,0.38847373710330596,0.48046976986843093,0.5012265867478808,0.5924494449303188,0.5912368815977307,0.46509924085771887,0.5788223525669954,0.5568867753343331,0.5552091877474344,0.5635718222276701,0.5776631317235545,0.5360631205821218,0.47491125020620323,0.5943530238508845,0.4805213804388108,0.4929634139532065,0.5254481411101884,0.5706268372838308,0.5702828837836561,0.638009265541922,0.48158782967592134,0.38051465614654195,0.5015646104662144,0.4395077883981166,0.494303584761721,0.43403920893581766,0.46303759258907373,0.4925093618740053,0.4732060599712308
