0,1,2,3,4,5,6,7,8,9,10,11,12,13,14,15,16,17,18,19,20,21,22,23,24,25,26,27,28,29,30,31,32,33,34,35,36,37,38,39,40,41,42,43,44,45,46,47,48,49,50,51,52,53,54,55,56,57,58,59,60,61,62,63,64,65,66,67,68,69,70,71,72,73,74,75,76,77,78,79,80,81,82,83,84,85,86,87,88,89,90,91,92,93,94,95,96,97,98,99,100,101,102,103,104,105,106,107,108,109,110,111,112,113,114,115,116,117,118,119,120,121,122,123,124,125,126,127,128,129,130,131,132,133,134,135,136,137,138,139,140,141,142,143,144,145,146,147,148,149,150,151,152,153,154,155,156,157,158,159,160,161,162,163
0.0,0.6105433934997587,0.5333041324828207,0.5372976690222481,0.6002606084659193,0.5549352303093258,0.5872490872166481,0.5816205667666164,0.6979075567847026,0.5108365049409141,0.6063478016297756,0.5779144746476096,0.5809373861089666,0.6164660405328632,0.5489184084007294,0.5945457347347701,0.5877275228409996,0.710213942341924,0.6309016657858767,0.8188331871803403,0.6475712312134662,0.6184395034913297,0.5731834899388425,0.5495955104720749,0.6426014471237416,0.5422543496989856,0.4710132904506365,0.5563715594470511,0.4991240365258823,0.5951869676449437,0.6454388752317791,0.606018778304829,0.5325934146004373,0.5774078849909874,0.7016320157495965,0.6160095389608807,0.6729474694587511,0.6918271098179629,0.5630375849910944,0.5031185531786198,0.5716834459219157,0.5892500116292892,0.6783884647944826,0.6483955457583118,0.6061263114620058,0.600255500495725,0.636000682678509,0.6110013529279099,0.6745791496469042,0.6959079048115099,0.6727367294923298,0.6593872475377018,0.6269048634768499,0.5990005765353671,0.5832548779972268,0.5836999403237175,0.7411393752072734,0.5897025236555415,0.641476592508145,0.6407174457405028,0.5584037352491111,0.5847936737074542,0.6521363755216816,0.624064824901943,0.6534321135187808,0.6123651968985612,0.5602382508982101,0.6939836137091248,0.609062182240686,0.6540644835141934,0.7501712072825907,0.6775004111840511,0.6059065364628291,0.5984836831789019,0.5838765940463719,0.6466420211318242,0.552832060226406,0.5685816580055784,0.6151660049888898,0.5298384746309535,0.5562858060536818,0.711790291262845,0.6531814234622227,0.5786524206430139,0.597601059046961,0.6737045619285088,0.600786737005171,0.6832836412189164,0.5822451848716614,0.5795439559745638,0.6735030706547505,0.6421227876019603,0.648427574980452,0.682444880032139,0.6653552936552136,0.614090470994607,0.6050279515649554,0.5825728669523346,0.6210468632260278,0.5550971423953293,0.6218127648032888,0.5569584833091472,0.5781245928104201,0.5827861654309474,0.6970700848595011,0.5930958944731918,0.5390088669178507,0.562751409475836,0.556684676689463,0.5995047950134043,0.6196851269606451,0.6365180664026119,0.5926742809273126,0.5499342317077157,0.6304827424153308,0.5599230983759818,0.6084824069071059,0.6102521668470343,0.5409115472953768,0.5897159145223175,0.6467776918175766,0.5652175188924476,0.6547232680765024,0.6555621511829591,0.6501355507544695,0.5545010223882292,0.5477437631334564,0.5710322134858448,0.5571779774491429,0.5876982848099095,0.5595351534051178,0.5705475609598332,0.6044677931791416,0.679299338078613,0.6138336542492344,0.5919661600224246,0.6747687746157781,0.5384701962016705,0.5168108840969812,0.6496520799297348,0.5848360607950036,0.6369029846793245,0.6824629531781117,0.6126799159178459,0.6345066941126773,0.643443258208302,0.6714483870642006,0.5190350364275391,0.6165473717892433,0.4970351878772608,0.6932174287090125,0.639351828029903,0.6421920408647481,0.5013229479585046,0.5905840962628123,0.6770841615882895,0.5616795936707961,0.5462861258833541,0.5376248904331647,0.5863878076977569,0.5129845344225188,0.7119750525019112,0.5445591673114265,0.7171290056867912
0.6105433934997587,0.0,0.6799988461641404,0.632221338460821,0.5505850602049115,0.5639827153346142,0.6570757447633071,0.6639889580029736,0.5446261088357389,0.6604927907908296,0.6570293635643115,0.6363418047868782,0.6711774136063889,0.6485799749525384,0.5785711246374283,0.6513091895726304,0.6264639370214458,0.6576738762612256,0.5821709981224911,0.6349502780355598,0.6442646665434391,0.7145362535408941,0.6598181144989155,0.6537620807393898,0.6719601195601939,0.5879441172279135,0.5525480148673617,0.6043975879275727,0.6594961144238821,0.5357955558679283,0.5813859383910212,0.5817593524143478,0.6561020659996819,0.5983682111539887,0.5802635335389834,0.6334055173564163,0.6824869335582953,0.6435798542208355,0.5754768280307364,0.605072479191073,0.667936069786366,0.5494183148092074,0.5813061486357496,0.5917841604190784,0.7372052854362837,0.646293668306684,0.604266949527229,0.6039312929122345,0.69302202642912,0.5884331275589859,0.6216482300106217,0.6223480522108732,0.5772468641665593,0.7149596628505983,0.649932089204081,0.5731125139798683,0.6156279967163616,0.5818805415101426,0.6618837606265848,0.6803104218727466,0.6388028276976794,0.5251696106822544,0.5708898666557468,0.5824692347960598,0.5206433258361189,0.5564906054663918,0.621514560532075,0.6598557857243472,0.6064879374900334,0.6524580478491241,0.6145521351916436,0.6065122783122197,0.5252252495603751,0.6705438108575602,0.5939637081577405,0.5700867006005083,0.6061328299132428,0.6743554087488968,0.6149916083206279,0.5043079800357686,0.5494547482280543,0.5715411206347676,0.7354286938356481,0.6305791933512227,0.5322848001141481,0.745038214807852,0.5399532070490962,0.5677369275075737,0.6062493927810405,0.6283819053030214,0.5901678106013528,0.5715201239883336,0.6413998875770526,0.5830845743671145,0.6036499729474011,0.7137190378535979,0.5482404842773889,0.5858067796814799,0.5046206177807654,0.6155680908924337,0.6194115992991411,0.5612615621188098,0.5257986757476214,0.6736517218528516,0.5685200765513457,0.6399929210061378,0.5648917150038882,0.6344797054232042,0.6616430555025519,0.7006294612293659,0.6099414768088686,0.5424397969719863,0.5584110509984441,0.54819029670333,0.6231058867038602,0.6292581538919592,0.5650875898430275,0.590819620135582,0.5935057395309334,0.5684801260951484,0.5686430240838618,0.5592022317595966,0.5624039129205367,0.6879837466490641,0.5041788673483502,0.7350895219891024,0.5181653651245082,0.6896966785276226,0.680152100071194,0.6351045043383644,0.5498698375323059,0.5489965149844689,0.5926031249080224,0.5600250440822683,0.6038670358641143,0.5081664570076265,0.6676449670160794,0.5694825672948479,0.6464344420340734,0.6089767606424872,0.6623251556049112,0.5875010841349968,0.6487297814635135,0.5577817527489387,0.6415856420797204,0.5563379037158545,0.604628113047581,0.6176200312096536,0.6780359543365724,0.4999151405478831,0.5618850403848282,0.6129715797232674,0.6224058381506804,0.650959475865666,0.6520507298119537,0.6750918234587752,0.6573566618911769,0.6361372984675375,0.5782007959583995,0.5462183616366427,0.592884817696952,0.5614785416240227,0.5296722226375673,0.5962009524400602
0.5333041324828207,0.6799988461641404,0.0,0.6036532264380403,0.5020514227392436,0.5959894223269759,0.5589947979073249,0.6679903176359671,0.49121438723173144,0.7472453147438632,0.6335991029394148,0.5941329998187416,0.678527518783076,0.5949521960668523,0.47808076445112335,0.7287475065167978,0.6810569065388828,0.5767574206589471,0.5441645800640673,0.5455192955856479,0.6175946029684245,0.6235180840412883,0.6000381793043489,0.532103048681037,0.6329130840500037,0.5570357098813103,0.5499059020964866,0.6346938424241677,0.639359658092934,0.5288270097973329,0.49426842954160344,0.6015968241467559,0.5595908111963288,0.5675263475158496,0.493977867873586,0.5775631396732409,0.6003717902437872,0.5907967442113896,0.4998289445808455,0.5526213841664377,0.5612719459746807,0.562485608812739,0.5271800359458896,0.5136933521470095,0.629755584276659,0.5763303423082228,0.558360537177511,0.5428992251665297,0.5909474221740613,0.530397767300647,0.5721416062130384,0.5855107247378896,0.523162250499245,0.6305996695738529,0.5989694360592761,0.5524722721072436,0.5520060913533908,0.612735460251498,0.591857194203429,0.6009999470572865,0.6488827200367167,0.520368039072514,0.5605272605725071,0.5400012905839339,0.4612982127502157,0.5223680217435335,0.5703306306589835,0.5858043638545496,0.6287933926027482,0.6429001733829669,0.5355217845065651,0.5163561407365242,0.528170140639168,0.6706217982306395,0.6367776877475749,0.507597250445178,0.628276729407584,0.637514469246422,0.5454134623496596,0.4942934864051197,0.5491060538622788,0.506624782621036,0.6230628523829835,0.6310287844409911,0.5215427384958998,0.6274174201499878,0.533095422850318,0.5234169925843427,0.5890623428132903,0.543142897222749,0.565452897401455,0.5110546246289419,0.573981980124841,0.5162085571504678,0.5609267384301413,0.6034792148364045,0.5099087963329066,0.5668141598176288,0.4680015807574733,0.5900286702365376,0.5188767473648438,0.5733385897029498,0.5007465913690164,0.6037807172864078,0.5318545794669622,0.6220831669744978,0.5852320058374505,0.6689979379699799,0.5797799023105578,0.6157216955739158,0.56735905541791,0.5030216902502113,0.5593290672791551,0.5732167437927574,0.5541885822778425,0.6138431581123255,0.5413710970817495,0.5419314488565028,0.6598770002271434,0.5712931764093134,0.4948582000777058,0.5558591030849864,0.5284031691142937,0.5904645634192587,0.4476729172041901,0.6408292039759835,0.5352952607477908,0.6115324627790696,0.7054224435529574,0.5353767583720742,0.5658399940466562,0.5866106012691824,0.5580912451558195,0.5008336226604578,0.5189345504213259,0.4393867993957043,0.5447407546195893,0.4801985265237649,0.5696862911488331,0.5358648071327591,0.5590957412963719,0.58971242556336,0.5812011253292853,0.5425322119277375,0.5712805239908572,0.5160309660584207,0.5217199824579049,0.6082670408153874,0.6498961754516808,0.545021078083645,0.49039715399340067,0.5550785056564996,0.5730957401292134,0.6193634188421476,0.6194745013402957,0.5660869999575698,0.5761881687016598,0.6359563517499265,0.49081492458852277,0.5508870223253949,0.579193084652024,0.5051915623992298,0.5138986506975186,0.5224709366154175
0.5372976690222481,0.632221338460821,0.6036532264380403,0.0,0.5091033592682757,0.5130981635299862,0.6449765858177218,0.625009158491031,0.48069192272979017,0.5791742815849161,0.6194323498365844,0.5425047831703016,0.6624496671274435,0.683055619388821,0.5178648328599442,0.6173343561205693,0.6341666039192304,0.6093943200953527,0.5119960135584255,0.5351703510767001,0.6033594623899369,0.5863689026784796,0.7033151097396819,0.5933126616332374,0.5749955453394742,0.7295849897719917,0.620936701296824,0.6374674830444617,0.5751563883833571,0.47955667728017826,0.4974454293781162,0.5368432509988601,0.6750694322251357,0.6098058227743037,0.5183135363001175,0.6046114297708682,0.6214209005055542,0.6141628250974819,0.5184149438710532,0.7012417813313149,0.6439533768296035,0.5158707847112723,0.5263937298675045,0.5351761511408905,0.6950986841974262,0.637995431381297,0.5294516463816659,0.5328264899675836,0.6436734527174207,0.5450651137079162,0.6171297354997225,0.616854970376497,0.536783171506263,0.6746349139399829,0.6116235023749089,0.5284906076524739,0.5786827088472515,0.5514397139723299,0.6372100626740477,0.6820414240970838,0.6504960070817641,0.5279023367255908,0.5489934812016595,0.5508233876394459,0.4787237932911745,0.5437716902024547,0.7233618170388488,0.5902320021583689,0.5900774637893237,0.6154210000079702,0.5654965552738034,0.5760863351980544,0.5461264671950821,0.7389081033644832,0.5684237300508694,0.5193357429796746,0.7082426127547395,0.7007550204378814,0.6139122543722515,0.5052695540365355,0.5212245246680011,0.537038139746267,0.5906756719762642,0.6355730285058223,0.549773428068647,0.6561205183125003,0.5232380410883426,0.551407893742285,0.5938693758410046,0.5874035996135676,0.5989205888061748,0.5285487676279719,0.5751194975361078,0.5459487006095218,0.6394446288081058,0.568812263051355,0.5073060912913033,0.5508374309975101,0.49203710255048316,0.6890361364509917,0.5843918404637753,0.5633761580545131,0.5493716914735843,0.5556958442015689,0.5491547975081847,0.6456012122501875,0.5809920010390557,0.6086933183952038,0.6695521195398557,0.5866230738757057,0.5891251246720255,0.5504591748380795,0.5732173716271426,0.577851656847613,0.6388832053528225,0.6661487039831943,0.5245429338095335,0.5002300879633447,0.6083791361720434,0.6143222789099052,0.5425445679070726,0.6141222039210763,0.5378120828447001,0.6354033824827711,0.46400800766145134,0.6159895724549669,0.5579794071444389,0.6444302991456737,0.6476055941998694,0.6108831229725052,0.49860989004958234,0.5347480163037146,0.6419825898334898,0.5409393537095951,0.5241490425186371,0.4510392888902103,0.5198051033338448,0.5580070860836647,0.6445324597553803,0.5543130643294542,0.6115247375624514,0.5477271456946429,0.6342877509654388,0.5434456686761819,0.6033563840359575,0.5360190140981724,0.5170577710444536,0.6059224177100179,0.5475002928277714,0.49508701365054625,0.5279508126058492,0.5447522437305043,0.5797220450851653,0.615617876691312,0.6090309952391425,0.6079094713500325,0.6350389660347432,0.6325879744922189,0.5988584268839883,0.5924499275677932,0.6004062096082156,0.5166813286070772,0.5412738575459953,0.5665103917637881
0.6002606084659193,0.5505850602049115,0.5020514227392436,0.5091033592682757,0.0,0.4547890640839153,0.6033816424864511,0.4982187814806371,0.5857868118055368,0.4639672282384422,0.595964869848154,0.5655050005943801,0.48725655090310016,0.5548375870235075,0.5791925333236183,0.5260983503989558,0.5115855364338115,0.5875208945042236,0.539765865046016,0.6034870183004502,0.5668432200725054,0.6335731720378519,0.5681299299070124,0.5562270704125524,0.5382112433700054,0.5194509304954116,0.4746066138107353,0.477588047776975,0.5019051460528642,0.5436020645907124,0.5949773356899862,0.49839154778513256,0.5202265970374489,0.5055017100559456,0.6632842264589978,0.6312976813986401,0.5641267527545117,0.6123971034242294,0.6133623452022272,0.4919141696468268,0.5727598438591432,0.5124227602896504,0.5996378384133474,0.6244755199828105,0.5450274256905923,0.5068314355973791,0.5482832771782861,0.5842742328073077,0.6332305753795333,0.6440518350465474,0.5818001653162848,0.5337227451191978,0.5147808993179863,0.5714350596490025,0.5866971742073025,0.47873072065494215,0.5835416941499977,0.5448303614487475,0.5666842152497107,0.5683403001968047,0.4672004781364713,0.49016067319228024,0.5194395743454117,0.6480994128505312,0.5530056060196276,0.4773059247359334,0.49917728160269076,0.558367900671575,0.5572735576380708,0.5387879068113418,0.594017676925184,0.6130574015019832,0.5022769046653688,0.5258915603707628,0.4855540526822324,0.4863332876053236,0.508476277822901,0.5720760347502645,0.5159165875639274,0.43789937325064615,0.4505253316279282,0.6079943539371023,0.5632326059793701,0.4771271035636924,0.5091445173477578,0.5700065706741259,0.4900794091251593,0.5790580476949369,0.47047050928127104,0.5139378158420428,0.6506284239611573,0.5716459323253689,0.65451731506124,0.5142283674292162,0.5730813678397885,0.5688294522337022,0.49957204568397917,0.4964610069477667,0.5886220716263662,0.4718383844693791,0.5830420207084939,0.4937354855250111,0.5274333774329161,0.545500811311508,0.5626141763801993,0.5038886124146769,0.46452866251746167,0.4897153239302152,0.5151905277222051,0.5240484234355758,0.5675111475678692,0.6080512871555903,0.4711418287256978,0.49204864308100016,0.5238641860956281,0.49434180993719157,0.4747342066312224,0.6286763025636352,0.4801215972781171,0.5127708819668276,0.7303857716135443,0.49779935414269955,0.5168109541292035,0.5521505859141795,0.5617475510350632,0.5188791235032804,0.4755117313377562,0.565509102318357,0.506573921370215,0.5674333729523788,0.4727856831138166,0.48426373178443105,0.4988192077569196,0.6098997725503277,0.5864116610497039,0.5456172029995697,0.5615961331719821,0.5771945619434606,0.5317111580449224,0.6008889100836248,0.5103591791622646,0.5532937950858611,0.5761319196445885,0.5806071616685491,0.5912657579442501,0.581332553738859,0.6683731605640878,0.4547235355186393,0.539866070294009,0.4617956595619559,0.5855908378552667,0.5249855095533689,0.6732240964937014,0.5017098991085793,0.5249253034022077,0.560823210268224,0.4978068324348299,0.4791024665763701,0.5263855833775268,0.4915831397834258,0.44045913917655827,0.5429695799897415,0.4813035376045728,0.665816419805803
0.5549352303093258,0.5639827153346142,0.5959894223269759,0.5130981635299862,0.4547890640839153,0.0,0.4856424057811468,0.6540761571512727,0.5265649639456217,0.6080901479965666,0.5325342581503599,0.5873465831509993,0.5970973755268539,0.5083547861916831,0.4230801031963654,0.6739436385460092,0.6389400796453342,0.5252531168956165,0.620701593023658,0.5601538535243292,0.6506213345663332,0.5027389304351416,0.5106962360492223,0.4575650788618144,0.685210750410946,0.5019811485098953,0.43776508821046406,0.588821022376322,0.48591714081542176,0.5705339267203693,0.5051296521006007,0.7277165405734853,0.4651866913911929,0.6143264383350537,0.47427005578374604,0.5211640862004611,0.5852286360122146,0.5651615523870315,0.4701998368952177,0.451465105687101,0.48497370346473334,0.6435282268131355,0.5400204079415365,0.5097745581836662,0.548450051945475,0.5584960909547377,0.5761386729795827,0.5186865450600759,0.5328636002723335,0.5134784567691619,0.5739799282713394,0.6312234968665075,0.5287345905829518,0.5429921305044234,0.520914783711928,0.6810386626916191,0.5818533262524586,0.651065177417561,0.530142176606518,0.5431471469343431,0.6354735567235785,0.5959487988579948,0.6249844628416181,0.4986958203056052,0.4876086680704405,0.6022922723577183,0.5256613779863056,0.5831622351592459,0.5331496620043328,0.6477586893305257,0.5523864702097797,0.4898664623833327,0.5900300473416351,0.594202337001275,0.6753702802809262,0.5852464265262759,0.5757581886051305,0.5420756726280639,0.5609482794279571,0.6284812758626479,0.7114651101347939,0.5352648705343573,0.5999881436431114,0.6261419735464352,0.6059393226590647,0.5877159525069394,0.6616190579608549,0.5335470122939443,0.6519458132695355,0.5448681202559206,0.539646407081404,0.5502109159064014,0.5157030756211987,0.5734898355203046,0.5604672999588225,0.5657318664305087,0.577724506032149,0.6772824339959586,0.4953606115698096,0.5678230528314243,0.4894954274259901,0.6250530026337189,0.5392585998565405,0.5788347249516872,0.5713156592624862,0.6219747912777364,0.645437941175028,0.6648430087899754,0.5002306553844955,0.6043783126295705,0.5894647131902109,0.5188909079803569,0.6667873530843871,0.6105542085865558,0.5341574498594989,0.5487272668879516,0.685067843281694,0.507210267426672,0.6522685343905346,0.5920847363779427,0.4620741064666435,0.5929352303858737,0.62813220402391,0.5948844696655239,0.48149941276036246,0.5467893635067107,0.5942021780871894,0.5249153566292674,0.6233636812122534,0.4644856076048015,0.6577053743339472,0.7358597090767292,0.5763740885514752,0.524697792060638,0.5005614763941885,0.4396514527504591,0.5505525139245487,0.41655716832322215,0.44720488520693275,0.5480602638903702,0.5033062967536498,0.6435505847433047,0.5857253518859049,0.5577450844675318,0.5609002773986408,0.5353478425657038,0.5161822488010939,0.5859448452356207,0.6540647881425597,0.5961419664219801,0.5225758819562635,0.5926584234867086,0.507394328556766,0.4823809774482522,0.6595660487701991,0.566915964550927,0.5021317074891859,0.6424698717827729,0.4287265750582287,0.6156968774692912,0.5511315387768069,0.5850761793487099,0.5963619734434382,0.5112127570905632
0.5872490872166481,0.6570757447633071,0.5589947979073249,0.6449765858177218,0.6033816424864511,0.4856424057811468,0.0,0.5675321327784347,0.5226462319867331,0.54503939926697,0.6093074673038215,0.5883371383458499,0.585436158707894,0.6434299130061317,0.6265650713155264,0.5672438341312953,0.5567532642545607,0.6250119028657549,0.5284318246195449,0.5856032107117002,0.6028256879165642,0.6419928844639132,0.7241317254765396,0.7020670378549929,0.5917615084656137,0.6623112723471634,0.5509997224582308,0.5359638936190798,0.5663062302175548,0.49828103765654846,0.581836825750559,0.5305501837362503,0.6613800372072205,0.607328403882236,0.6025517044435549,0.6545625825988337,0.6656622285469712,0.6037290581496124,0.5947883088332185,0.6414543295610555,0.6631668218637391,0.5129235829089038,0.5841699476918946,0.618170859478711,0.7212875155251147,0.6215260334963261,0.5898565226041195,0.5943092075888635,0.7681149996968043,0.5994798075591878,0.6405307132681779,0.5889533564323304,0.5328176538206599,0.6807154047409767,0.6504435506694078,0.5291736175126682,0.5937621455330203,0.5329463844237853,0.6754365424215936,0.6729802382861068,0.5503846543792076,0.5133349246361437,0.5260071220904722,0.6034500971021942,0.5280041889386252,0.5275853704846111,0.6571043800369036,0.6491192687231409,0.5659489148805287,0.5724290848897821,0.6237526373385394,0.6421459919009265,0.5175172891844824,0.6405773575263877,0.5055971343996734,0.538191592423414,0.6179163537278533,0.7169567184531812,0.5895912441751096,0.4758754194484582,0.48719530483681517,0.5915956846307967,0.6329380367455705,0.5375076670089797,0.5270707377236084,0.6455034425567653,0.5092142153974126,0.5973753831122314,0.5480427445397364,0.6170349611654661,0.6158320163709888,0.5950054311947448,0.6322661276908641,0.5538774404116525,0.6162571884112751,0.6411837901855147,0.5098471764323916,0.5507226781446624,0.5318987397816713,0.6020892406660769,0.6525462359838443,0.5422124377091238,0.5653722802899547,0.5953839436135084,0.5544818919434003,0.5994797401204448,0.5252863940609734,0.5496301224826702,0.6679664412158627,0.6272661945973993,0.6295256985213943,0.5808328723387468,0.5290710237896805,0.5130847236055643,0.6003378471353416,0.5756977765685345,0.508947936665767,0.5771876825697769,0.5409835517404025,0.5493368837022057,0.6271488637020086,0.545756956249459,0.5405424536868945,0.6612922605152718,0.5071026462608567,0.6257612876705999,0.515152583852322,0.7165227195505462,0.5898247468533829,0.6714531155133706,0.48222537060580456,0.4946190590444202,0.5618244122586746,0.5643766381457009,0.5899393452322766,0.5100042685760474,0.591187453586633,0.6592729217900973,0.6546893679150794,0.6027375732351138,0.602301784336351,0.5508180279994038,0.6530596618814216,0.5520009936784886,0.6467954161232791,0.6155239631455601,0.6004804589952234,0.5424488664967165,0.5701042080125632,0.4548748682486917,0.5782810877823367,0.5435761796783981,0.6056853664472917,0.652444945271322,0.5944522184168721,0.6550413717949977,0.6037568006425262,0.5776803619380323,0.6263838928962467,0.5439338542407999,0.5308942287425865,0.5368546375121573,0.5166563426410573,0.6137078515537289
0.5816205667666164,0.6639889580029736,0.6679903176359671,0.625009158491031,0.4982187814806371,0.6540761571512727,0.5675321327784347,0.0,0.5514459755678333,0.6649747639743548,0.5945293652771595,0.6368574239862588,0.6823891526284663,0.5860068231859038,0.4879532964587045,0.7251371084626275,0.6788388882272934,0.6028113794869178,0.605383544939923,0.5885256025810548,0.6774910444254443,0.5791611944114382,0.6202763809110322,0.5288523815875908,0.7033043987061297,0.5860461233355294,0.5301474852329903,0.650128027761212,0.5421999913996162,0.5767922050321774,0.5475967545411251,0.655073058924468,0.5635943325165257,0.6595161802734841,0.5130887547777184,0.5939319386945496,0.6560705967621299,0.640013273571096,0.5239159927124956,0.5355467118870149,0.5733630473151848,0.6064801023690769,0.5743750231772845,0.5372695990535176,0.6860899780804433,0.658688807971777,0.6007822514310487,0.5404191127800486,0.6111087302512621,0.5599479251810724,0.6327281462527743,0.6577206578100344,0.5589423699351179,0.6291595546190434,0.5889408410049121,0.643774809946095,0.6200499388722444,0.6721150210086969,0.5948995933516915,0.6521083770609396,0.7114945786671343,0.5923452627026975,0.6198282797902409,0.5415030038986381,0.5013473693766181,0.598445019296977,0.6138945490193111,0.6388966989556729,0.599724688289365,0.7714971017110632,0.5982173831611625,0.5461722769532824,0.5698216243100758,0.7047986583470266,0.681123367923038,0.5786519885523279,0.6658532603044793,0.6376390966445998,0.6463898693112397,0.5498601012270399,0.6092566952056421,0.576425199555543,0.692636129473645,0.68797209813469,0.5956925878581151,0.7209217938906007,0.6252460035090919,0.5766975570838384,0.7164696824286386,0.6334866903203965,0.6003823960444262,0.5813920217866078,0.575296655688458,0.5803266729193617,0.6132707939430095,0.6329863814197911,0.5790841577187104,0.6583994530519881,0.5057247977353699,0.6590718562779314,0.5474374011110754,0.6694000209496747,0.5669053030039694,0.6424926990351235,0.598351136682051,0.7259868477476309,0.6603730831909342,0.7099885491327407,0.5956068944802434,0.6316772679854227,0.6121386884125416,0.5536141098279032,0.6222784337633358,0.6454560703339648,0.6092123008020279,0.6434879903794849,0.6194786876009717,0.5370789078726885,0.6272719467693373,0.6410745682470783,0.5113905271740121,0.6843205798823311,0.5825846520148587,0.672062902695428,0.48063825268809074,0.6341097339786239,0.5958634887567029,0.6533007221059026,0.681246172110222,0.5452536601253996,0.6310823074253651,0.6497931409695705,0.6398515588662685,0.5553138177497174,0.5375615511141564,0.45601090299857777,0.5895759523148095,0.4824992071341702,0.5390660776360485,0.6141369813094611,0.5768024448651334,0.6196346238200083,0.6632645377844951,0.5818407612140618,0.6109308636489565,0.5675471106058168,0.5678549718796282,0.6604532062240361,0.6689960433846563,0.5567264682528054,0.5552017783475237,0.6049245061004539,0.5747840174003076,0.5819266628483577,0.7273912024368396,0.6510521219120982,0.5748104838464777,0.7215165803946567,0.4913714263987788,0.6128685897857302,0.5974946871048673,0.5678339876279859,0.6030425581939863,0.5562119344370916
0.6979075567847026,0.5446261088357389,0.49121438723173144,0.48069192272979017,0.5857868118055368,0.5265649639456217,0.5226462319867331,0.5514459755678333,0.0,0.4749998760008037,0.544515077497049,0.5841620277019169,0.5025008678347183,0.5237133074613738,0.495084257874908,0.5455944818192834,0.5309786258666521,0.5876323234686555,0.6191289339673846,0.6858735464875233,0.591732005979346,0.5574439777776385,0.530613783541039,0.48737121664250654,0.6021197687509625,0.48145357282377116,0.44295175344990395,0.505269187955889,0.45068180881858116,0.6651816285398616,0.6330414271840923,0.558517534344843,0.46888078128765204,0.5397016695168095,0.6221714232255635,0.5637054825542144,0.579427894001624,0.6247950481295327,0.5397614214119647,0.4433618576684438,0.5067571469128156,0.6128593483820262,0.603769330470732,0.574131443993427,0.5347531199176405,0.5205369492363977,0.5805740740915737,0.5371709172104047,0.5806762922240682,0.612157629314491,0.5777814208093645,0.5692611949521772,0.5395457659025815,0.5224108016453058,0.5185393643182468,0.5758624347803311,0.630949006468281,0.6001360482224504,0.5365627709903729,0.5524270951679461,0.49221131790980577,0.5402365296096602,0.5687350731405785,0.5823139462498589,0.582883441725743,0.528231173751148,0.49286875587287116,0.5796494717424836,0.5452007984407411,0.6089612734093272,0.6242416039496718,0.5719229117688104,0.5607354178011018,0.5217036380026842,0.5434922723557879,0.5527356230476437,0.49609525164508733,0.5181844889466539,0.5422496253390745,0.48532887196032537,0.5059368319539558,0.6827939435548376,0.6013089457075063,0.5087211434196022,0.5690005607813347,0.6073823703361271,0.5835673927552171,0.5998144062641074,0.5271061288096175,0.5599596466553308,0.6272469464884027,0.6355805508051577,0.5707095872989458,0.5658404482922998,0.5845802926909515,0.57110246487561,0.5584127279998454,0.5694669647690416,0.6197043361222928,0.48822349531868037,0.5393334236085049,0.525254373050688,0.5505392299452374,0.5592234870390285,0.6270212904079675,0.5308258664882164,0.4927022044560829,0.537084179382032,0.482235657970026,0.5375807521085698,0.5676006023489365,0.6124094185640259,0.525941434535479,0.5451570936484286,0.5265638560582505,0.5091124991156037,0.5567608047609796,0.5775770002883115,0.486898167482499,0.5654197519516809,0.5842619757770363,0.5382750573197156,0.5958765192105524,0.5656240496221783,0.6201992016957935,0.4935279585915775,0.5169170266881316,0.5278532865008024,0.5033142904229365,0.5031477276997487,0.5861149570281702,0.5491038763363202,0.5363001877527716,0.6714741999038342,0.5599373780279348,0.5227866578734786,0.6072734909838905,0.47759266918529536,0.46449528542224483,0.628294652451031,0.49359353024115227,0.6003797509310542,0.6132697536099864,0.6027699236066031,0.5738547375831408,0.6179335528713968,0.6927232464701434,0.4681174965580283,0.586273661358661,0.5030569638232018,0.6406555385551703,0.5679666854930498,0.606497168704907,0.46271602848896687,0.5623940394118797,0.5944688051356318,0.4864994399349899,0.5053629785142465,0.46508521486159743,0.5239926859369098,0.44963141381720767,0.6540892767178893,0.5381849537253552,0.6521188878177518
0.5108365049409141,0.6604927907908296,0.7472453147438632,0.5791742815849161,0.4639672282384422,0.6080901479965666,0.54503939926697,0.6649747639743548,0.4749998760008037,0.0,0.5698468664425731,0.5907971681970992,0.6524063293206084,0.5599677335788407,0.4591061619650739,0.6756417725405637,0.6384425270410278,0.5433287737012856,0.5402870123554233,0.5248535442652578,0.5950097736672647,0.5590566030211864,0.5883992547685413,0.5095414806506341,0.648630614808469,0.5350221594569657,0.5238499803515954,0.6151464135180599,0.6162139026403369,0.5125723486474573,0.4889329723819631,0.6103234325111668,0.5369675424077348,0.5890407912620969,0.4723778638129486,0.5503776095478164,0.5846489861761544,0.5561418812012571,0.4825160362636837,0.5298271826597429,0.535911500807255,0.5500543512223832,0.5106379012455539,0.49617552521184183,0.618276900162611,0.5768078424716936,0.5545026178222991,0.5178113042076,0.5723084690089983,0.5018693541397553,0.5520795344502447,0.5648236968699683,0.5094013281129013,0.5955552128497064,0.5742385818690134,0.5722681465762882,0.5317462632528108,0.5829749424233078,0.5755606772547306,0.5779251798986822,0.6436760544897091,0.5184194246705484,0.5352013193015559,0.5144488504789951,0.4500912196088911,0.5242439839913792,0.5645208728155708,0.569015806944346,0.5741280492534839,0.6137868039383337,0.5150711794885113,0.5002356948298542,0.5127698239077685,0.6370965676990555,0.6096629131301198,0.522532447767,0.6084558607425092,0.6130477902439885,0.5421894219203738,0.505744505600948,0.5632733266905746,0.49038517334834075,0.6098315090955927,0.61883515746886,0.5175668623840417,0.6009313606536274,0.5313002510540287,0.512879886313448,0.6190317650068784,0.5460636809435265,0.5260447366291369,0.5136473745095075,0.5411336013628134,0.5119800804871948,0.5391390451842588,0.60217106564342,0.5040481012527883,0.5915899252287595,0.45623293141060595,0.6030421570019888,0.508203837205225,0.5761599265594902,0.5019240915878072,0.6234869514231874,0.5151841844073215,0.6176253461166284,0.597279284843879,0.679859532551876,0.5708726600522321,0.6183285301099464,0.559734616180192,0.48601802229929286,0.5603973958015246,0.5672547868677889,0.5373061446815302,0.5827628820634356,0.5597575229853204,0.5242781204341682,0.6488069216474337,0.5595317610743604,0.46441677621818234,0.5520362123319444,0.5236007709659776,0.5856318050272068,0.4364351722674196,0.6437980903587164,0.5319679392616754,0.5890762178850178,0.7157062459167414,0.5127664741781994,0.5706944484922954,0.569822631318925,0.5471743018694584,0.4797349131477405,0.5000063221795654,0.42596685094560177,0.5401516310591685,0.45891397212455,0.5395303312918207,0.5282853820535965,0.5498657350122769,0.5749685752262591,0.5701227173401608,0.5230219859525322,0.5584318316700428,0.5096515971190055,0.496873959332784,0.6393826623443987,0.6625160281096337,0.5377740195815381,0.4791261193437477,0.5582678256077463,0.5239589768474217,0.6087431077322764,0.6351466943731171,0.5572811272685538,0.5511043841732156,0.6539234416218926,0.4723173292818988,0.5491432035709696,0.6055109886752468,0.5024809084295174,0.5285879803032301,0.4900919506529954
0.6063478016297756,0.6570293635643115,0.6335991029394148,0.6194323498365844,0.595964869848154,0.5325342581503599,0.6093074673038215,0.5945293652771595,0.544515077497049,0.5698468664425731,0.0,0.5998299849476996,0.6223426946186141,0.6665092810908501,0.5311558559244746,0.6655843338264229,0.6289545395208687,0.630138492405153,0.5631302372136052,0.6229568886378141,0.624658993864605,0.7296748932922968,0.6305349282426648,0.5887586256647851,0.6266370371927825,0.5871079255541586,0.5585274960234254,0.6110582694410143,0.631110414016217,0.5380574526829872,0.5462204571502968,0.5629935752924806,0.5755859238324996,0.5661101290537303,0.6033360673941951,0.6381145398093562,0.6666704600789098,0.680238714638,0.5749423650894907,0.5646203080920434,0.593940328181274,0.5590519662579871,0.5660056694924012,0.5983783999197743,0.6312461253945317,0.5472877305690895,0.5249429256039666,0.6438661970751887,0.6850181171911427,0.5871194670371851,0.6008442625581331,0.5810935191233498,0.5269917892695785,0.6696873807405561,0.6724181321098021,0.5226751794363386,0.6018348937306881,0.6060630508720581,0.6225538130051976,0.6149004826339621,0.6021655096625821,0.5047507221100574,0.5614965374721673,0.6270420762618448,0.5008655736764677,0.5149133103159164,0.5964047705513604,0.5978301956459473,0.647968344793946,0.6589131434047303,0.5853796328334273,0.5980471200497859,0.5672921521559912,0.6377616442542177,0.5872165614635667,0.5121031921497535,0.6179449810981957,0.6475836945886118,0.551259300238981,0.4922721701555833,0.5080999342870411,0.5595483584177331,0.6106468686079332,0.5999281020067001,0.5392842055902992,0.6480012474569469,0.5600464510655045,0.5615614586869208,0.5342800317400817,0.5582536306937592,0.6385433903255114,0.5366503853654339,0.6446591691733128,0.5448593866197332,0.6202993946552036,0.6265048558749362,0.5184193194494193,0.5389859588828425,0.5304860526532427,0.5451692958018239,0.6195350276573489,0.5533653004092974,0.5239205044358208,0.5786695196668172,0.5702029844309903,0.5634340822374182,0.5244022363547377,0.603321400620636,0.555888177720944,0.6188179607693265,0.6148911774726487,0.572287866179541,0.5576760304733585,0.5769836268070662,0.5725049225881026,0.5856646712755942,0.5185564446132779,0.6098850351962466,0.5990556869070708,0.5885824291099633,0.6025630035804378,0.5496309951614475,0.5711763794219392,0.6015920287414693,0.5276805897522764,0.616013213061925,0.511909398033049,0.61575601397037,0.6288958776692738,0.5830281788050826,0.52376287149387,0.5508726700814037,0.6251592001768792,0.6002304963716588,0.6099237881149145,0.49243699463792834,0.5697693828263863,0.5494700180773997,0.618610217141609,0.5776589784988538,0.585951228933872,0.6188133796914761,0.6038027125966373,0.589212613943477,0.6526396863521475,0.5501134727970519,0.5793737208417062,0.5213024839903371,0.6136024297747119,0.5278277638718177,0.5723797409665287,0.5622014829477534,0.6965631609938838,0.5455951411135018,0.5918893066407255,0.6220028016608377,0.6372557184760915,0.563966178751081,0.5780553179611755,0.5597572572558657,0.5091592135820168,0.5596528514516275,0.5091043296493065,0.662205955407294
0.5779144746476096,0.6363418047868782,0.5941329998187416,0.5425047831703016,0.5655050005943801,0.5873465831509993,0.5883371383458499,0.6368574239862588,0.5841620277019169,0.5907971681970992,0.5998299849476996,0.0,0.5446709699023862,0.5263248878516443,0.5099945813829865,0.6292238118085387,0.5717770608146935,0.5452170236768251,0.6742574156415566,0.6141911210528476,0.6890746994926911,0.5954117527267241,0.589188187916784,0.5422247139844822,0.7275700652955894,0.5336751191769962,0.4696009355451418,0.5300303447784952,0.5424294247763712,0.5968518216405099,0.6390176857997688,0.6178376495559937,0.5193601774040207,0.647700031578742,0.555922749104679,0.639658535200349,0.6378628786800166,0.6145013756218123,0.6278431393196848,0.482135749160148,0.5599768121197846,0.6010875773466692,0.6095960906338609,0.6133712034982507,0.6199033165931535,0.5564545019286582,0.5912833531045956,0.6088348525157862,0.6326470761636703,0.5784733790895763,0.6131058625997629,0.5844045454270759,0.513153868518992,0.6309116563184735,0.6334027800007153,0.5986395480352743,0.6026009361480192,0.6740729187305261,0.5664792042371942,0.5830063152147591,0.5640946154285983,0.5396978212152702,0.5569147964979557,0.5872598576714088,0.5208837184161831,0.5326995713422679,0.5454274117824621,0.5984210837150987,0.5374317261402999,0.6314248278998172,0.5950842109815976,0.5498379535836728,0.5348140138045181,0.5857780667952337,0.5592853497714001,0.5417436981313599,0.5849834252573386,0.6272544233282735,0.5680910954636056,0.5111713709677457,0.5396940963917142,0.6096578504146628,0.660788560457462,0.5421476958768265,0.5711718580457702,0.6331345542227402,0.6040576071429348,0.5705723606680542,0.5622725811445456,0.6108991078786221,0.5918333352619166,0.6493224029037389,0.6082914282518606,0.5482590926049854,0.5764458597109801,0.7185799241038127,0.5738260631041919,0.6536703413483325,0.549224293897147,0.5329147563761816,0.5731236024555066,0.6310345600771546,0.578771425918621,0.7260038063046208,0.5769849921358359,0.5816107564228199,0.5636599723532031,0.6014642272071694,0.5302898384162616,0.6601000433343834,0.6925767884145847,0.5864172213255598,0.545596811597026,0.5735091356407938,0.5274322581081969,0.5246043332477012,0.5620227700478104,0.6440809458112117,0.5723977596612955,0.5585924412432431,0.5481628703918463,0.5767914966439316,0.5826270339942882,0.6317561139476399,0.5235824217678006,0.6233083584725796,0.5296624870147836,0.6495850539679402,0.6315715579479986,0.5205938818740233,0.5680744521436916,0.5826248955427519,0.5491503984203469,0.592639088923592,0.6168093906632839,0.4845530405408293,0.620962347781102,0.48854246055230566,0.5146895744296651,0.6736443605465404,0.5273204411395643,0.6437517351338816,0.6299121228658018,0.6239991777564485,0.6689775410829736,0.6045504415813123,0.6594585328236692,0.5391830310130803,0.7230560266823772,0.5423618132946327,0.6003250985657883,0.5834993410058701,0.6010860133125033,0.5419038739464371,0.7172432734262804,0.6390047226250849,0.5185742396893211,0.5994833883919429,0.4761855571282027,0.5458116442247191,0.4937092803277821,0.58252535337213,0.5803777062203063,0.5830192073044912
