0,1,2,3,4,5,6,7,8,9,10,11,12,13,14,15,16,17,18,19,20,21,22,23,24,25,26,27,28,29,30,31,32,33,34,35,36,37,38,39,40,41,42,43,44,45,46,47,48,49,50,51,52,53,54,55,56,57,58,59,60,61,62,63,64,65,66,67,68,69,70,71,72,73,74,75,76,77,78,79,80,81,82,83,84,85,86,87,88,89,90,91,92,93,94,95,96,97,98,99,100,101,102,103,104,105,106,107,108,109,110,111,112,113,114,115,116,117,118,119,120,121,122,123,124,125,126,127,128,129,130,131,132,133,134,135,136,137,138,139,140,141,142,143,144,145,146,147,148,149,150,151,152,153,154,155,156,157,158,159,160,161,162,163
0.0,0.6298381115212559,0.5668097331518916,0.46645771096060523,0.5343342781231256,0.520715358466198,0.5410387037152126,0.532806550359961,0.6006616946020638,0.5313579386771501,0.6520639712144579,0.5513161701016446,0.5910668173672843,0.5813261258080287,0.5309657648708641,0.5705100413646439,0.5372838356045025,0.6851426843068661,0.5725439458681714,0.661941312097384,0.5773842897946877,0.6700931448837073,0.5530143769984144,0.5706746741587588,0.6424005007117533,0.5190457012272817,0.5078446869558774,0.5212672233797588,0.5813952444482883,0.5005365886779956,0.5664647568530929,0.5913582479813704,0.4838774285075576,0.5074997576861204,0.653347854828912,0.534636392243098,0.6351494014192282,0.5954105807379123,0.5077961890800946,0.5949305478648063,0.5094800265032475,0.5698884473599628,0.5543407950259773,0.5269375861651121,0.5860022145632122,0.5241304622646604,0.5234966737454884,0.5651461189082155,0.6722758518925518,0.5443355640219122,0.5471678463513774,0.5420830722064106,0.5090113397825958,0.5207891015345215,0.5353442361576618,0.5097134776921569,0.5978699598125164,0.5535034668006733,0.5640176902958418,0.5499669981212694,0.5034794150826042,0.46680646315657887,0.5399915514536321,0.5184626307047248,0.5156489724476361,0.49442739829403703,0.5405821941931467,0.5856833389379608,0.5250144050818314,0.608660154593523,0.6208843055399108,0.5375677948928884,0.546775606409226,0.5661852301671035,0.5352635999740788,0.5560183613771185,0.4980214025556841,0.542374768157542,0.5046092089349662,0.445979583916855,0.4996142495520488,0.5924889172012804,0.5579488214184637,0.5357688616203503,0.5170446699857231,0.6636317145776692,0.5690926578774695,0.5442832846632399,0.5277975739253313,0.4933108971388753,0.5764404375776915,0.5244931575639923,0.5559279498229024,0.5512866202577869,0.5462475274736015,0.5349558767714194,0.46182587474645787,0.5130813180442899,0.5262069346740067,0.5198027441341676,0.5226320645902655,0.4651755064724482,0.4581068989185969,0.4737344044337072,0.5639792277839534,0.5171820015553618,0.4477275097009212,0.5400335330152226,0.5280482418579435,0.5563175688762637,0.5452627299380509,0.5395640094555806,0.52962091265666,0.4974161278739546,0.5558915309359322,0.5604560084085004,0.5600067130943515,0.6177004498596207,0.4690970481310613,0.5354362391128701,0.5483194991380425,0.46076905446231253,0.5851573781230278,0.5729638486400129,0.5529671221215912,0.5473883192328617,0.46884349136150033,0.5218421698937552,0.5262744616544477,0.5487945099228722,0.49244304269437295,0.5127230437719015,0.5176844311134222,0.627943915505606,0.5580002056902547,0.47999959247160506,0.5701381593340159,0.5700020093742224,0.6277174365055731,0.5465651079021293,0.48055241898458845,0.5813650709032979,0.5769733744091642,0.5165696768341482,0.5836318595100474,0.5914183775306728,0.5832020973446593,0.46675717415110674,0.6538457472472542,0.44758437975651394,0.6050827828358711,0.5319373492743973,0.5385524367796907,0.47264747799893797,0.5312013889535123,0.5931032759443955,0.601800982562364,0.4988137564117612,0.5113916099035646,0.5022211015938984,0.4697660391735673,0.628435194686512,0.46183890255897925,0.7616504802093975
0.6298381115212559,0.0,0.6055062848078243,0.5018038236331013,0.49262654634657976,0.5868910916194066,0.6126806657087792,0.5774931038961048,0.5765072390902308,0.6224590746212847,0.5401512281546461,0.6413384610427044,0.5776552999249962,0.5256847691077213,0.5370101634592986,0.5354331326885019,0.5222979066561739,0.5756021051058318,0.5877783603335257,0.5445403972006644,0.5996289091832129,0.6285470510854257,0.5698538466519174,0.6091078249801753,0.6672587840944462,0.508598101483276,0.5011310668545332,0.5021740351758743,0.5700015980968306,0.4945937071251049,0.5650550572451859,0.5831925050064296,0.5311233712796986,0.5370098642637732,0.5323742584784188,0.5159615342531533,0.5883987732890849,0.5174348002891898,0.499995585651407,0.635885677408998,0.531435169140313,0.6218257678719621,0.4942071084639449,0.4998938915153517,0.6046181061244598,0.5567823114232685,0.570510930638587,0.4919470141514779,0.6097056832883633,0.49416777812596413,0.5494485906992154,0.5672074032199932,0.5134017266510801,0.5509120942706041,0.5058720983488332,0.614649872625082,0.5524363212887935,0.555860945259805,0.5397268283168974,0.5541807509172348,0.5162905559841957,0.4674632581449664,0.5035339740193266,0.4587856933492629,0.4867871899257603,0.4873677947933357,0.5671198149416412,0.5873835150864599,0.455740806671592,0.5661139257890115,0.5903137791688938,0.4785364007427292,0.49862400472062607,0.5870788456775501,0.5211027395050867,0.5501671781308534,0.503735893176987,0.5837995177652056,0.4943550678168531,0.45040186326273685,0.5260111983967074,0.616615564554492,0.6471384614614764,0.5026562096321189,0.5047630829798724,0.6936668477859775,0.5267533844610742,0.5014385833731756,0.5687683482681132,0.5787898943752517,0.5322888398561371,0.5948559939626752,0.5117083817662064,0.5315140882207713,0.5324620489274958,0.5799130681129876,0.4644180808036377,0.5840463253017852,0.4804077343565518,0.5907823685289002,0.4813838406027995,0.4611733524524287,0.4613403535764102,0.5076752662738104,0.5139782415516434,0.54153842238612,0.4653665100919899,0.5634082888865505,0.5714976906014282,0.6189936500209202,0.5751512700756809,0.49487559866616376,0.5304471578993694,0.4858059518661131,0.5238853056870766,0.6157949001577744,0.5830997927304578,0.5180157881648565,0.47654216378440056,0.5345077209704975,0.4814591691956176,0.46965824990988364,0.5377033140408398,0.640740626407855,0.4773274029678933,0.5831582867545421,0.49252658053330495,0.5615876689708671,0.5402987488775881,0.5084992463882728,0.5252755016590597,0.5136842850633698,0.47292353119022845,0.5844085679395238,0.5097849960864945,0.43400054201116706,0.5475873712354429,0.5262755856077964,0.5600313379912603,0.542271384968286,0.47754585529948096,0.5329792280100683,0.6650320646418374,0.49926825567407984,0.5477715268591399,0.5742230270650467,0.6188682471746232,0.5271354731458026,0.6429202623880454,0.4298666140453454,0.541156417788515,0.5336237857443327,0.49447746860938296,0.5468184453261805,0.5990668689213897,0.5895483207726346,0.5742336050103728,0.5890107693186291,0.4879242257951504,0.48800208782288373,0.5031324190119415,0.5687775711959555,0.4912052084873871,0.6017937918107547
0.5668097331518916,0.6055062848078243,0.0,0.48576136504676104,0.4829922053511629,0.6004030698682664,0.49653927404070913,0.613433267195135,0.513517266593841,0.6096296945088291,0.5798947824160736,0.5440880476984808,0.6603359833319378,0.535300184656193,0.44439948358689807,0.693080264827539,0.6525021442676131,0.5877856442589592,0.5398098664427409,0.5167605901902182,0.6154184032182632,0.5981362637596187,0.5472346505939889,0.5000194771367743,0.5858302221794207,0.5265414145676125,0.5532637183616603,0.5784232329402379,0.5408073367471946,0.5254091815290097,0.4593992568158244,0.647766768436695,0.4679599294000079,0.5047446423687664,0.46251698307719646,0.49795962038762537,0.544872795076997,0.54773450172831,0.44968512001389205,0.6156841502439749,0.4861039674250705,0.6559321436940698,0.4904561347212772,0.4428466112938507,0.5608448518347464,0.550503035790539,0.535367051413149,0.4639081531045254,0.5509658105802417,0.49811606169253086,0.5430526437366849,0.5682623284972851,0.505161051965408,0.5107717662922664,0.4896770825560537,0.5373165806985024,0.5580842306228009,0.6471518742679792,0.5181081555420719,0.5629258636467983,0.5455275038853156,0.49987842629757123,0.5577367228839579,0.46012164087141955,0.44893060116001743,0.494782403940605,0.5332985686927768,0.5458152305239432,0.5241538651062825,0.6199005455747632,0.5411042715071473,0.4517285330272737,0.536659265481473,0.6661277415593134,0.6452159711529825,0.48885332809978094,0.5680078270192425,0.576429180859053,0.49014010496926175,0.4550928317192728,0.5391802469903437,0.5280677225551534,0.5644681179218412,0.5567218675442991,0.531027724714767,0.6435334124733639,0.5379706808060121,0.49228796268663616,0.5774498044072323,0.48612894765430303,0.5700081300602353,0.47901469483637743,0.5069167812343599,0.5022415856328811,0.53317348851906,0.4772945963880333,0.4546244529965931,0.5167690048392578,0.45724073415153504,0.5731157065297792,0.4362991295253751,0.49638932691387744,0.43922191285912426,0.445464819197535,0.5234805301159852,0.5972116288206031,0.5106284405162235,0.6024210017260481,0.54292341831715,0.5267562484656306,0.5158474878619571,0.4919529884693911,0.5374358560971203,0.5554993128052728,0.5280811423393188,0.7134885420559774,0.5572176738056613,0.4984084617185415,0.5011520057640075,0.5648765465389488,0.4695911896790594,0.4908935109231981,0.5181551535055916,0.5609455388703953,0.42763078681019534,0.5199259034556478,0.5481482155933617,0.537612805137579,0.546998674491482,0.48267148642023916,0.5511701548890782,0.6471191447641307,0.49572018749952096,0.5210501317977356,0.45829642875636073,0.39698522317890983,0.4823168404730229,0.45982818010118004,0.545189378800413,0.5055838373741064,0.4299947212425467,0.5702262081189555,0.58453145315219,0.5067412395479393,0.5118093788413594,0.5133634636855345,0.5199038575659123,0.539176234826074,0.5986372690438713,0.500607973140663,0.47741912653351376,0.4944463390612363,0.5203931437337707,0.5266965435679815,0.5485087227624559,0.51914972474172,0.5532245140913584,0.5752838069759232,0.4255534529683133,0.5296454568360754,0.5023606298338331,0.502903247927485,0.48417296600151527,0.5577179688064657
0.46645771096060523,0.5018038236331013,0.48576136504676104,0.0,0.42690903164596794,0.5362107230085129,0.52963351535033,0.48919179656116746,0.40492529244546827,0.4934454951954712,0.49730113270775334,0.519469702879232,0.459236936843521,0.4634686390014817,0.45082970615880563,0.45525663484419593,0.4803154153396629,0.4674846521366894,0.5808147724018727,0.41251175775553917,0.5362683492323697,0.452202790777195,0.4807777447493863,0.44311395615641636,0.5183634652142836,0.5129709122478754,0.427365479506774,0.478468630314497,0.5364338904331779,0.3870536077857419,0.4540114258364442,0.4958338706439427,0.6706259167039258,0.4994314084211842,0.464082617829341,0.5360074432823616,0.46247586702872034,0.47030054193462795,0.44471358797773897,0.5229629971563617,0.575741661481729,0.44902790507114054,0.4593917265593489,0.5149669636533253,0.47750541039099886,0.46468458192554907,0.43287921392494105,0.4554346021595897,0.49313721934698673,0.44608239629816926,0.5625706027498751,0.6176354689721016,0.47998513205051,0.6230591340196651,0.5523954654677623,0.4287940570940526,0.47969185484784826,0.5499979556844581,0.4780467352718071,0.4768895740559803,0.4999855903017698,0.4573104253706636,0.5684739926036391,0.4129807191714106,0.43279379485351965,0.4535102971112384,0.47272967931903287,0.44303952943761804,0.4239370937793368,0.5074202591155098,0.4711527191775627,0.4298897864548923,0.4951799055457322,0.534231610361419,0.48433257662743173,0.46295777243128816,0.4719716312960704,0.499201012186938,0.4846250421509421,0.4278414750113154,0.5132367894281029,0.5157654350245655,0.43316816897210175,0.49649219655920396,0.514143959998887,0.4868297541990722,0.4860262026021404,0.4715375629342013,0.4914896228864403,0.39682056694582596,0.5304759690810373,0.535077907930949,0.4911836059551597,0.46904111987729263,0.5124803537403886,0.491141639628023,0.44111075371953595,0.541553831859221,0.4496588185587225,0.5431832423263243,0.43403326409167386,0.4483572326893505,0.5793873680204549,0.5434357144399603,0.5167507000553515,0.4463520151879118,0.46266875290792725,0.4649567854516555,0.48985844692698544,0.4348333484460222,0.6053720516187151,0.48177211335172115,0.5227601919957126,0.45338570183251076,0.5446121407641012,0.4786501444997255,0.543082526440519,0.42086639322095265,0.6002589694672629,0.5308095569505392,0.4092660803191117,0.5615887189970059,0.46045184601701616,0.521925248724933,0.4156707099675106,0.5588743599058557,0.4855939714350536,0.4308807751543,0.59068363383076,0.4382317097516182,0.3957859506284903,0.4592378848837888,0.4278656250892095,0.5261353500955409,0.4246018286166748,0.37975459772185755,0.3902348588763255,0.4660200116416617,0.4580537326373545,0.46589440193123416,0.5901560352507655,0.45738913184819857,0.5285959684385153,0.4970238425364627,0.4778071739729908,0.48738675517868335,0.4378042782946081,0.4690941170418078,0.47773564876694313,0.4079950139885629,0.5038181700288933,0.5587390024717223,0.42547770680018,0.3956853191575114,0.5874340037871114,0.44371742211535486,0.4215326527213632,0.4985461847543305,0.5381975911730594,0.5135387509609981,0.496951411276685,0.5068915924106641,0.4556839050396617,0.4819108309854832
0.5343342781231256,0.49262654634657976,0.4829922053511629,0.42690903164596794,0.0,0.41697539369329534,0.5222149905876556,0.4299789532834915,0.5029308259037018,0.43597670632545116,0.5141255191136103,0.4923239348751526,0.43361495948847517,0.4794172814888861,0.5316342718818728,0.47137663088023024,0.4607938678604406,0.5493082975831967,0.4937573172953947,0.4758370033115442,0.4979778145123353,0.5657016580395402,0.49691733921319364,0.47916592297525695,0.46989574027792574,0.45111591917027205,0.4551985659749374,0.4175432597762785,0.5100035317043812,0.49410730141142023,0.49347255346577507,0.46849391428288845,0.4621678576748361,0.41233831690319434,0.5355142006546393,0.5209625586857543,0.46121012335969264,0.516748269359214,0.4957863585128076,0.49799844046363645,0.512267662125769,0.4678270006468738,0.51784745430919,0.4892747262012361,0.4529539781949028,0.45067131390414966,0.5110775236878706,0.4656551707433111,0.5413269908833814,0.5382742312798846,0.5110014388791255,0.4737504926471202,0.486363130886464,0.47207298910445655,0.49564567498749346,0.41106832496427465,0.506656842033272,0.5158630670068327,0.4815252440695804,0.49459073597958414,0.3933890013302598,0.4411462471841721,0.4809189446403328,0.4867773183518011,0.48581297960682873,0.41017516676816745,0.41630414643759045,0.4752121946561652,0.4765360095003399,0.46957020365677227,0.5106395423268546,0.4839281402728525,0.43133193732671,0.46987582974527703,0.44399282646516064,0.4385248843161092,0.43209060477128636,0.5231152452661395,0.4359287423267306,0.3803315045125965,0.41884188805271544,0.5270274819866407,0.48565027091803337,0.4194358942571383,0.45131408992968924,0.49780912589221554,0.4188612298543336,0.5007775774175309,0.4277971904363633,0.4015468705468455,0.6018563769954526,0.4855122956976227,0.5923331677934173,0.4454476002658996,0.48385840416393094,0.45946568259615267,0.4074353811947674,0.42440528311942866,0.5092216274932376,0.4211871677236792,0.44671310857198665,0.4072690169236421,0.43312039364557053,0.44265812170921365,0.49769905246457113,0.4410368712019126,0.3996817450869699,0.42594644000742177,0.4852600327569901,0.42349432991571284,0.4700286542216679,0.5089629379800527,0.40419757200286044,0.4319826732876419,0.4774548103323281,0.46112235353636116,0.4469591098185568,0.5624092767490086,0.4059560400084381,0.4574785434175675,0.5702154740161824,0.4258605622566739,0.4283364451377887,0.48929043931639543,0.461946566358912,0.4696904246013273,0.427215798017483,0.4656226438361968,0.44243798350152236,0.4998647727937594,0.41725258153355815,0.44282688898220157,0.4012879011931009,0.5222411182747639,0.44641565346407514,0.4585535337872855,0.4599221208377684,0.5512932364933139,0.4950970594968112,0.5165137378828347,0.42467673920683435,0.4870988552354169,0.5008466595083052,0.49236514191517206,0.4816586862642308,0.4976725255554512,0.5577849563116503,0.42226941113911204,0.4887469247402058,0.40819290937818187,0.47759835085788294,0.4882052778433122,0.5153514722720655,0.4430267179862691,0.45615369559070795,0.4460621219474248,0.42664012502588605,0.42244602430178285,0.4502277167055487,0.4368881682014596,0.4077029632085908,0.4832279439033449,0.4181259909135416,0.5757620880088276
0.520715358466198,0.5868910916194066,0.6004030698682664,0.5362107230085129,0.41697539369329534,0.0,0.5017555365084394,0.5684649357119914,0.45775875973632774,0.5990387822625347,0.527652238595814,0.551047477822246,0.5933892596688176,0.46992669315980257,0.42776188603130133,0.5345863434906241,0.520646383096799,0.4820287561182866,0.5299857927703061,0.45074247958864333,0.5496377734917525,0.502335855704238,0.48102354770568073,0.48315745440062746,0.6086898698639168,0.509046299069684,0.45181655554691685,0.5186263539269539,0.5267406875360814,0.4409880416057376,0.455287407983887,0.5661517254051515,0.5060522183153091,0.5154627152311109,0.44286721271858304,0.453344028219915,0.5528064218473974,0.464256689289453,0.4216568886004704,0.5353661326816136,0.4661334482164397,0.573289006602626,0.4399366150169998,0.46360328037522963,0.5183452999957633,0.48668980166495,0.47422308441236144,0.47219403842343227,0.4966920467498111,0.4207950861160942,0.5035907507710446,0.582198732246295,0.44524638295096997,0.5210960205438893,0.4718517167092366,0.5680740807527409,0.47943086008212554,0.5670865462474518,0.45947008750312973,0.4675951783583247,0.5668624442632261,0.44410968580575627,0.5201751260461371,0.3948511424408336,0.40983230007254867,0.46486983365437806,0.5305230353403364,0.5284646568787356,0.4271589514779108,0.570430771652692,0.5015515405904398,0.4093202140704595,0.5065096234766403,0.5675437153372023,0.5314852050804254,0.4919266302221644,0.5032551126561685,0.5288470547461388,0.462513526976942,0.486113992369477,0.5699533990500567,0.49584437625646044,0.533374357417817,0.5355169411294123,0.48499283782453234,0.5546032161807226,0.568586044955852,0.43943040280680884,0.5449097538695039,0.48898641267234544,0.4882451316656706,0.49123277043180485,0.4430691289648073,0.4776538782984987,0.48250487021867683,0.5313089599294928,0.4294295548642632,0.5684005948874267,0.4161903231640825,0.5770526689809417,0.4241397070335697,0.4562646536873853,0.44913886375655543,0.47649727940544034,0.4685355958458821,0.5058191642602706,0.461008798351578,0.5639921084691871,0.48287976487699086,0.5529376874611366,0.5526042894065312,0.43763332460959287,0.6099101894420544,0.4750806925340025,0.4927550259933161,0.5929502623679795,0.5613959040937331,0.42811528095231816,0.5529822036110753,0.5363444729237987,0.4034992860626585,0.48778981341292793,0.5179065273088161,0.5655520719201891,0.41674863758991454,0.5546403163698177,0.4785623983454287,0.4811315703842195,0.5473741692496829,0.4283025088675292,0.4881894416036831,0.5252145746033166,0.47366070569310326,0.5038568105989683,0.4387472450096867,0.3729368282146633,0.4531099739104944,0.4286736356516216,0.46328504540755994,0.45170180775577173,0.4790950956290114,0.4909784585325569,0.5280460751482717,0.4493154930597392,0.48982554804829265,0.49279049683144677,0.47437850986679986,0.508024864543016,0.5400067922643749,0.42288543491532,0.47923776495937115,0.48975554310354363,0.42209330254561667,0.4485634525859077,0.5866357941824996,0.5067144198968467,0.5296409381654155,0.647930143258002,0.45535946535807686,0.5081069617275819,0.5015387083225146,0.5120702886603485,0.455093444271911,0.5087056028692649
0.5410387037152126,0.6126806657087792,0.49653927404070913,0.52963351535033,0.5222149905876556,0.5017555365084394,0.0,0.4960380168819056,0.48749480014530155,0.5444782288706496,0.48540479788649066,0.6334215770152526,0.4767184903742593,0.4790448878159909,0.6089951754859922,0.4659486542605121,0.455795889670935,0.5164257108162371,0.5584115453041154,0.46257281295219144,0.5453981065312535,0.5174578462436864,0.5653635807645337,0.56266410510333,0.5936088047320003,0.5236323541690995,0.4522399225543289,0.43333936399842204,0.5656963905829787,0.4503638454641477,0.6025448487745256,0.5186809933710957,0.6215621807550846,0.5223059258543168,0.5299648825476427,0.5427014172572763,0.5429755912333507,0.4830777076000422,0.5179453614745962,0.5834495342680297,0.5883763043485098,0.49116298929757807,0.5165174427550144,0.5665190181837598,0.5452350128490618,0.5255035590666983,0.5823776802139853,0.4936385962131674,0.6088497617673132,0.48079129638906826,0.5727230654466107,0.5521509450139411,0.4841481598294883,0.5589328558892347,0.543926958216343,0.5120377557374901,0.5043895294458504,0.5224718985455207,0.5151010746371872,0.5147104585881105,0.4491279067685226,0.4627753629106934,0.48716498722755663,0.4422154590251242,0.4831079465481844,0.4534382825714786,0.5053514823373305,0.5551226194737241,0.42351302307147903,0.5012811162491866,0.5582421994905762,0.4814300773450875,0.44580324597686344,0.5227632611841314,0.4408114610863747,0.5425354163011867,0.4712290774667388,0.6247450108709061,0.4950042052257027,0.4339119146075793,0.49047670953775213,0.5952362734049779,0.5678685833683028,0.45262000633588734,0.4837421520331521,0.5539071718828066,0.47492713249484153,0.519478763414383,0.5208211760345635,0.491260529782335,0.5405153537716133,0.7131207214203085,0.53458191189248,0.4885457734869393,0.5049165892046195,0.630957155075481,0.4336205787651054,0.5694389151412572,0.49043863196348597,0.5434917253384643,0.4886739132639213,0.445751885365679,0.5322517397073877,0.5921753033314942,0.5000518104899495,0.49008696647874234,0.43892213800827673,0.47579199266145794,0.5827573030595512,0.5156820408752174,0.604545495494879,0.5007456667151226,0.475998573504475,0.4380916167341077,0.5235624660183201,0.49768806529768955,0.5400562258991439,0.5085984248646674,0.4635426281196834,0.49944420056277683,0.4742089070644507,0.4902405286888074,0.4713283765824757,0.6478379247436111,0.4593415557521503,0.6351642432830904,0.45835023224778415,0.5327097237517655,0.522447222620761,0.5130029734988754,0.4354669596477007,0.4425672317516983,0.4253939142766981,0.5384492939129523,0.46826050454417606,0.43778557695683157,0.5007298762773242,0.5887005888725081,0.5121367717075994,0.5567943393177471,0.5302583199092387,0.48299309965371917,0.5957557749662605,0.4840690125503355,0.541215530603635,0.6161541524318644,0.5722928127444478,0.5082728899724404,0.5561417375381966,0.38676800601345446,0.5420934014247497,0.5594175088776343,0.43895490802233184,0.5009552668286713,0.6122169728326451,0.5247689568371235,0.4614652215857251,0.5467613974796582,0.534418779243772,0.4801290259455324,0.4960877170544572,0.5489804691571605,0.481821829929539,0.537841819927903
0.532806550359961,0.5774931038961048,0.613433267195135,0.48919179656116746,0.4299789532834915,0.5684649357119914,0.4960380168819056,0.0,0.5167857358419864,0.6032475692706795,0.5006828882661122,0.5784601753428504,0.6055417082808267,0.4820828025874565,0.4623519491336599,0.5749208873280162,0.5237558294342005,0.5348731337932419,0.5336845589246356,0.4940761004975349,0.5553566629054852,0.5198499981044078,0.5423710977583868,0.4883076844646343,0.6062567273019419,0.526477622155069,0.5374225600447494,0.5182340618063986,0.482534403763928,0.4930122457184404,0.506642337822466,0.6019317320206862,0.4864118718141242,0.5460252823355543,0.44734177970390304,0.49030101875837084,0.5623290753752451,0.5121079571588292,0.4616289160252344,0.5584848734371508,0.47786949138830104,0.5491070723874603,0.4985827603020534,0.4344839558894285,0.6465358717218944,0.5860801055094269,0.5168772589770648,0.44573692777553625,0.5295760145793276,0.46924557615710727,0.5267607486251769,0.5247175185783873,0.4622693075699702,0.4968137724107172,0.48359805538161066,0.5474903326348709,0.5196536902808161,0.5976422956532139,0.48560358993210834,0.5449853134973975,0.559096607930781,0.49055836957767857,0.5170187279807548,0.4288725305091061,0.43656658085135597,0.49551301878004855,0.5526420615740801,0.546714515081636,0.4733881700508508,0.6656288362357248,0.5377661451882403,0.4399103825884912,0.4808193878702229,0.6061836107901994,0.5514232157581298,0.50425456868189,0.5514184770525689,0.534972000431198,0.5308729062904877,0.4272872138634127,0.5024590163904091,0.5399879545709714,0.5624422567107136,0.5383729451296595,0.5044468357114859,0.6536800177461678,0.5880625836665895,0.49769539549122127,0.6499938911584038,0.5382189882969778,0.5100178358655102,0.5107789733577568,0.47021414078022594,0.4832771847141675,0.488292248125286,0.5076980953818666,0.46498629571773775,0.5494863505514572,0.4335229757346104,0.6120680550376211,0.4384001547634071,0.5515627073252504,0.46149936801769526,0.47780539973699876,0.5114747656143775,0.6039355467353466,0.5085086699771545,0.5602328973401086,0.5404151228401971,0.508673473842315,0.5059255054754346,0.4737564266763239,0.5142322893991813,0.5253229752764329,0.5208191170871068,0.5967529171152397,0.5405582457104362,0.47800925642493497,0.45443303662510987,0.531864228138074,0.4308725003373118,0.543629343289419,0.47800034417887,0.564200492398875,0.4069796046231937,0.5469398530755146,0.5081723144663126,0.6016360972309107,0.5243043302321113,0.4801685390470237,0.5281365888346342,0.5449252928661625,0.49554281556006174,0.49316295298156504,0.4574612751558643,0.38139612842889453,0.4915633457247721,0.4573117095394275,0.5416152740525202,0.5354072120536322,0.44473575529380327,0.5039677602591441,0.565785134103123,0.478541594358818,0.5015088008917344,0.5392478358856195,0.5222780123687617,0.5454263790127903,0.5910511219422613,0.4372026289636899,0.5028195893276012,0.4759790508464658,0.46322087310051935,0.5279012440773351,0.5853199169863865,0.5652075984257419,0.5149031970725049,0.5943419544141744,0.41944943889341496,0.49344480139680763,0.4917210164569532,0.4834611283832679,0.49281691224157254,0.49708185017868295
0.6006616946020638,0.5765072390902308,0.513517266593841,0.40492529244546827,0.5029308259037018,0.45775875973632774,0.48749480014530155,0.5167857358419864,0.0,0.49748802534080144,0.49592872311179803,0.509988678011285,0.4975192986065895,0.4910620879573909,0.4969498038720102,0.4864910823683169,0.45543649529039476,0.5674300441021566,0.4749179967839333,0.5284487674090173,0.4702924235264843,0.6289034309866753,0.5007936104663956,0.48061710378044614,0.5257567155457844,0.4200029507335334,0.5252171070236984,0.4465869696520665,0.4690969775753967,0.5747103137308949,0.528357166815694,0.4941386567088525,0.42938628650919325,0.42428581577943014,0.5083171268008346,0.4538461711923069,0.5105208649146727,0.49762056607279975,0.45422854592204004,0.48535886134531137,0.4348270921827138,0.5725458677706786,0.45922592529047573,0.4220661053693165,0.504174048051046,0.463908081355275,0.5007381080174426,0.4301347141682025,0.5216704237999219,0.47239812946793036,0.4562483539051384,0.4366766008547183,0.4529599683598217,0.4337549909915154,0.4353666939356273,0.5094825799007829,0.4837894071998456,0.503592736398213,0.4677913950864371,0.48643231029976436,0.42895809391623846,0.42269081764265604,0.43536938595848174,0.44833075055039945,0.44704673876987516,0.4131855229860143,0.4595007674508221,0.5208568736261067,0.4746416126723637,0.5438338374401838,0.5162361737372981,0.4511298617651669,0.4402307195053049,0.47494995060748313,0.4763088595010823,0.45929305700543005,0.43404442354388073,0.47927297677494035,0.42319325502945904,0.3746681124590387,0.41697298207535516,0.5357435562633766,0.5802768158609964,0.4359933730531832,0.429449855256643,0.5778199696548718,0.4720132033586975,0.47664977769381545,0.4765897695516769,0.5137845469261062,0.5026658248625553,0.48927520374840533,0.4735750849519131,0.4414070157564529,0.4615480875253956,0.49028890074454334,0.4124841986766381,0.44807338189377915,0.4560314081275129,0.4502484418070522,0.43571528686368033,0.4182793989089904,0.3939608220924505,0.4295041728151903,0.46999443185089224,0.46102851580985005,0.39409672001680685,0.4798749857850632,0.4622374165053752,0.4698877496754664,0.4372202602608497,0.4502172175354733,0.4290517121705062,0.46312645943280456,0.4417658144772552,0.5160995383659591,0.45619310881982483,0.52567188595053,0.38140182902703235,0.4813124037057642,0.472460813667792,0.4191443029029702,0.44080590327856906,0.4858021860531613,0.45450782533963313,0.4571379690584,0.42572922468321206,0.5093226817089036,0.4234274131524804,0.47314963330791265,0.5523788900085406,0.45568475822010324,0.43815578993912574,0.5143321193721786,0.4557855160913888,0.41405444724587387,0.5152146927288095,0.4741301996155962,0.5081298669482046,0.5005854834445637,0.40611719885821,0.4876297887478688,0.5247475630559655,0.45937248973787415,0.46402890798522095,0.5043605558399853,0.6120852405611369,0.4326225399939147,0.5411104986503751,0.40401265059086866,0.47501560040912166,0.4510667061812139,0.49736307499717924,0.4974825272501767,0.45779062663220926,0.5167320263325232,0.49994071946082536,0.45435526288002265,0.4189633964892413,0.41777860348904067,0.40651905433539043,0.48478417806808544,0.4247028229567749,0.5531445210778203
0.5313579386771501,0.6224590746212847,0.6096296945088291,0.4934454951954712,0.43597670632545116,0.5990387822625347,0.5444782288706496,0.6032475692706795,0.49748802534080144,0.0,0.496786738284347,0.55436814891083,0.6154271142354965,0.517743493326101,0.44298064630291856,0.5726509076378922,0.5438354927578217,0.5418612028369945,0.5076550557041436,0.4723459400067832,0.5415670118865925,0.5024860182855367,0.5978334357948601,0.4823474875633328,0.674787218519525,0.5232758217443717,0.5528825472615809,0.5321079703738595,0.5595249864094489,0.5016238853789657,0.4794371878216428,0.6212063656026652,0.4848851739610448,0.5455739837344193,0.453045566899566,0.47598865174066046,0.5663902219760852,0.5056902070298468,0.42692383741167694,0.6007677405092199,0.47705448951943763,0.6138899852301523,0.4665575498711561,0.44204492862218614,0.5696214252935387,0.5547180774244591,0.5655632541818848,0.4436328150279906,0.5641150561040821,0.44499950421117324,0.5102015054200707,0.5314166154078126,0.4675680871399342,0.47933396330819994,0.47551194912680167,0.6545664728092493,0.49754364293112163,0.5663097652011577,0.5084307916561358,0.5211002759965923,0.5098726871569146,0.48656225607042863,0.4870148508154381,0.4360097048071989,0.4239555978646183,0.47330415197078773,0.5531615917411444,0.5644566747249916,0.4743599996057613,0.592683444906687,0.5108722323796209,0.45100848050793874,0.4942075623561655,0.5837543267343951,0.5359795334737452,0.5500613005903778,0.5196951620647556,0.6136643628481099,0.4935597572812295,0.47762053603304844,0.5574853405982176,0.500646039046065,0.6027856769704598,0.5428599466769806,0.5108227501912281,0.6185692849821249,0.5357884110477488,0.49180471471576703,0.6862561970868991,0.5312068737134139,0.5158622786778535,0.5293569239875914,0.4716555296467193,0.4780556331971535,0.5071918364646046,0.5391188892741748,0.42139183523753515,0.6046903319729651,0.45242795025680094,0.6361815902747651,0.44738735761619497,0.4743506159838008,0.46815703481008963,0.504364560402903,0.48987909084694287,0.5793103592484025,0.4824610560289845,0.6522586749867197,0.5615504588738889,0.5375392113551691,0.5111576150045021,0.46835572212232895,0.5429453715747997,0.5437683401284027,0.5140510006829658,0.6343968230031627,0.6137065388526267,0.4741870425815575,0.4889463761642292,0.607832669197321,0.4276791560365427,0.5112737593471631,0.5063809450870169,0.5904235193706538,0.42232317135515207,0.5640000842374088,0.5163514343404836,0.5278507928111715,0.5554717390744857,0.4779753858086293,0.5801798765643064,0.5249364305371045,0.48810434533753416,0.48740190877825207,0.4282959140380122,0.38285905290023825,0.49869711686303625,0.46045894060260745,0.5254636139525632,0.506351125432339,0.4607076727366708,0.5344273017883014,0.5782090425235298,0.47087644742411794,0.5173927275548901,0.5552686285812322,0.48771643281957716,0.5972508288021445,0.641921054236451,0.4593768302697775,0.4695150738670914,0.5235654598591136,0.4357365479625113,0.5500862194333652,0.6120298575921299,0.529434790339444,0.515454039202761,0.6635105386132625,0.4443290704661472,0.5289646847470023,0.5750829247879679,0.5315448869251768,0.5302621922969596,0.49867406525464525
0.6520639712144579,0.5401512281546461,0.5798947824160736,0.49730113270775334,0.5141255191136103,0.527652238595814,0.48540479788649066,0.5006828882661122,0.49592872311179803,0.496786738284347,0.0,0.49159163038180403,0.5791430473860795,0.5982398455077754,0.46284578301832635,0.5987684351547208,0.5883523135496422,0.6329527573781442,0.5607270255613633,0.5562044396849166,0.572763146727286,0.6142646225789415,0.4997172819571834,0.4877709561728287,0.556699913053088,0.5159848468715682,0.49644782971380363,0.5653689958045215,0.6154300457115166,0.4630343402497029,0.47192091714187984,0.5833736433598786,0.4789787172068973,0.4669690892778299,0.5713846284290841,0.5321967191052889,0.5556513915208539,0.6109362468500527,0.4746211424366553,0.5662337946810779,0.5015534745834946,0.5282532911007657,0.5217461637596852,0.5110489906877025,0.5079730478875686,0.4788438395725991,0.453115767335309,0.558885597310994,0.5833554065182157,0.5310842890060656,0.5530348956770772,0.5538046738545735,0.5190513890555685,0.5384210921467132,0.561630196151451,0.4444180667913589,0.5847299052132332,0.5839696046383415,0.5420711626557206,0.5266564551312302,0.5315922712328259,0.4723832139407242,0.6167557671337388,0.5037366501965312,0.48353147701693366,0.48702043047655047,0.5065463219807713,0.5117582192184013,0.5593364965882333,0.610681154573354,0.5507257584832582,0.5064340906265712,0.6090187437999361,0.582238059901946,0.5979047492497296,0.49737473831428314,0.517983791080048,0.5176007135118769,0.48088476585202716,0.4569239446325909,0.5132333976177866,0.5298076690352291,0.4801611665200416,0.5791960426419845,0.5333435483961794,0.5617449781994712,0.5636207870625981,0.5203193333540627,0.4927591027088627,0.4191178172554775,0.6090691458362458,0.4636296050022333,0.5698825368768469,0.5354954233367726,0.5672032501651006,0.47349693504776214,0.45855136543954045,0.46575103004532975,0.5091058351968031,0.49379046509234226,0.4938318930001981,0.4655676327668892,0.4529160134972878,0.43951439437843925,0.5784395088384522,0.4809543657050499,0.45628338480917935,0.5110889322143392,0.48803466650154825,0.4840469482756597,0.5350041893806657,0.5329610686925272,0.5528245895155598,0.522592448538304,0.566606337522575,0.5410932364282927,0.5372238109489187,0.5497495717187466,0.520267004793887,0.5541504064250485,0.52239910791027,0.4762089404976995,0.5536929235671972,0.5247350273881819,0.5188393855307879,0.5209679959567101,0.4826094889154086,0.46259175350742826,0.5407627918980578,0.5053619677517461,0.45125610068783584,0.5496527764218984,0.5361972859268948,0.6174808804143448,0.5079803727551655,0.4503233777920922,0.46175617078990894,0.5067103562650012,0.5559537782329076,0.4961131611243572,0.48796991494536257,0.5931419000481993,0.5312849520200835,0.5358022365063476,0.5468255620869656,0.4963408851907119,0.48936128586212757,0.45400520045234705,0.551458476568147,0.4817727426414733,0.5509759186017216,0.5400953577937169,0.5488911668926428,0.4160640942567132,0.4993577339828401,0.5079770499188385,0.562287135538798,0.4703799748189937,0.5149706354490211,0.5486346882861756,0.4663105580847368,0.5848981215627989,0.44463305322319024,0.7054250483858338
0.5513161701016446,0.6413384610427044,0.5440880476984808,0.519469702879232,0.4923239348751526,0.551047477822246,0.6334215770152526,0.5784601753428504,0.509988678011285,0.55436814891083,0.49159163038180403,0.0,0.5012400941772752,0.4446673964228032,0.5566580771833924,0.49350516938869604,0.4772225998174502,0.5091837649685946,0.6173795950601964,0.4818922262333338,0.5704784238770575,0.5317723640600355,0.5777920632719872,0.5889500668791586,0.6309848198700063,0.5141094706981851,0.4633500406214715,0.4640729241509801,0.5068683133362827,0.48443785157541613,0.5856587595538355,0.5264315885140588,0.5766579722579227,0.5716440957257565,0.49488500690391585,0.5095678928326168,0.5426996570989031,0.4731586313425768,0.49878700431297046,0.5613794896207988,0.5494445639170211,0.5293609591473685,0.5053837375838401,0.5088608555751954,0.5939586068500026,0.5431597250545206,0.5803001145023814,0.4730008505618208,0.5636260562471632,0.46774466599681147,0.5422890391066388,0.5805518739290937,0.45690905050104863,0.5444093743881259,0.49910453362701374,0.5374903658736355,0.5076508926660067,0.5817234494478317,0.47276982361247033,0.5113418032187231,0.46746863714291126,0.43971624135319176,0.4976340813242902,0.41847798721072044,0.45100404542708966,0.45213945087765145,0.4903576538198326,0.5313404528947437,0.4212835146119968,0.536541235979998,0.5377621493634791,0.4369720086057576,0.43949931236257167,0.5362865107460214,0.4668120221081597,0.4993798860375404,0.4706673431433406,0.5660994114018414,0.5090135716961539,0.41305463925736197,0.4774937860148265,0.5840516692904957,0.5910693196009068,0.46042931149755667,0.47443649592681325,0.6169902478986923,0.49350750180299985,0.47423948485331885,0.5396242351240964,0.5238373964097125,0.5241404491037583,0.6164851377684544,0.4912913137592443,0.47718282484641705,0.46777014923343097,0.5996506994786361,0.4334313498046065,0.6161045722054551,0.4391994957756159,0.5546867237505189,0.437939699308813,0.4576055161663176,0.48979535103678246,0.5863259059511015,0.4852828904992269,0.5290717589119838,0.44917451698470257,0.5236442206932381,0.5489633916456058,0.5444916190278459,0.5922917486246404,0.4726080761002902,0.46958446140010407,0.43693592673262716,0.5094686039508322,0.558458805134099,0.5425008666796882,0.4870140584896919,0.4647142592935245,0.4823316562760909,0.4447304813922065,0.48259794346650514,0.47850077175849715,0.6152962444575295,0.4195508253698568,0.6034075313593807,0.4504685118642755,0.5698567760857775,0.5284172772396022,0.46853330026856804,0.4703407240524764,0.4623790606048661,0.41946353418521454,0.5159286496969248,0.46814440914133576,0.39921694979589456,0.532676005877838,0.5173645130638979,0.5232868420328307,0.5380229358408661,0.4769255856594364,0.4623714488824495,0.5735617586025477,0.45824456675536596,0.5028215517128742,0.6140771521547005,0.6103168043737457,0.49369313568893053,0.5902524524986802,0.3921645742888473,0.5338656522847978,0.4956106055520878,0.4533955506193617,0.5176858095863768,0.6600225741000392,0.5280609526267538,0.47986573258775256,0.5974400263976802,0.46307511757527486,0.45371321647603663,0.46116361239840925,0.5042954247701598,0.4534872644198126,0.5313984491403988
