0,1,2,3,4,5,6,7,8,9,10,11,12,13,14,15,16,17,18,19,20,21,22,23,24,25,26,27,28,29,30,31,32,33,34,35,36,37,38,39,40,41,42,43,44,45,46,47,48,49,50,51,52,53,54,55,56,57,58,59,60,61,62,63,64,65,66,67,68,69,70,71,72,73,74,75,76,77,78,79,80,81,82,83,84,85,86,87,88,89,90,91,92,93,94,95,96,97,98,99,100,101,102,103,104,105,106,107,108,109,110,111,112,113,114,115,116,117,118,119,120,121,122,123,124,125,126,127,128,129,130,131,132,133,134,135,136,137,138,139,140,141,142,143,144,145,146,147,148,149,150,151,152,153,154,155,156,157,158,159,160,161,162,163
0.0,0.30505349704415025,0.27131849065162505,0.2616500001732295,0.3024929590963584,0.29954596535305406,0.2866479399813792,0.3298032595836396,0.34978401830637146,0.28526885179081285,0.3018470196122392,0.2717386712430819,0.4029619054381981,0.2796948917559694,0.3275707688492701,0.321729102162741,0.3497850919901194,0.4488803838208956,0.2968931204963315,0.41787660189845327,0.35314105486285546,0.3029506508927317,0.31239235360895723,0.3013565522494544,0.3814310553632853,0.2848913310917309,0.2650376055164428,0.3355561535472197,0.2202643968354815,0.2816328222628871,0.3660738426340147,0.3419033416462524,0.2597443600204045,0.3438860339622012,0.38784823344830616,0.2898678750132124,0.4237500414790539,0.3375548678322975,0.26925461067792195,0.3401225499055129,0.27226587161492316,0.33926569871724643,0.3510750565470689,0.31668864543291514,0.3424154984263008,0.4201617939256972,0.31278125142936825,0.2974523155618775,0.37845096329113237,0.36479569139634566,0.38837777458620676,0.35453460549618204,0.29893822518107666,0.2723179231255903,0.26632625407530897,0.33888377950176796,0.4442725263169548,0.30909409782043956,0.3012973893498652,0.3537021756538176,0.30226528947751274,0.27796973891302584,0.32782320134806753,0.24622066158408085,0.3303743938870695,0.36423785570096434,0.33711214015583985,0.3564177765832996,0.29176522648276215,0.37963202362231574,0.46096797151118307,0.31755275154826973,0.3292933476594914,0.3555851086917654,0.35736416072840765,0.3832725871029348,0.2687246129754111,0.2928943819747979,0.35993995034580045,0.27723767400928906,0.3139932419624368,0.4111221946249725,0.31514071728969967,0.30982157752891293,0.3482618483022315,0.39361307146501784,0.34520077825007045,0.36256541792798874,0.4214284685888363,0.30270009935788594,0.3910083584781567,0.34071768739449093,0.3248660851006917,0.37598487432510846,0.3493514076766283,0.27217703482507266,0.24223242257108332,0.30452445069705175,0.26515865272581735,0.40782447958830587,0.285696134260736,0.2860264183580823,0.28795232379077734,0.2551002106962086,0.3763020267925248,0.3753211540554069,0.31981604935343516,0.3423748150719903,0.34479199857584264,0.3251612403212865,0.31605126363874336,0.3588130687363381,0.38040614675463535,0.29565563043831306,0.35346922903369443,0.3569589360782576,0.3642948610652741,0.293746584111967,0.2506132209315201,0.3048886951298653,0.3106566992190857,0.29213917138377826,0.3681623510333743,0.4220096231480741,0.3064425365563017,0.27324079725395944,0.28277992560802423,0.2649879994478887,0.26786130589530005,0.3156751299288509,0.2839326265955639,0.28437240539254255,0.28425583673192284,0.33268117248549967,0.3010101413517059,0.30001718547115913,0.31984727623584996,0.3357253319872013,0.27820735492012316,0.38411457304256275,0.2392107566764155,0.2860459779036086,0.4264039433766314,0.27742645797200494,0.33513584824709125,0.3668131479760808,0.3303890900542603,0.2932368266462158,0.3482130517415717,0.2043456741396337,0.42428825169322437,0.29876410538003045,0.3253077759254975,0.22596957070463988,0.34840326342962363,0.40006480209910983,0.2991261028550618,0.3220856753701493,0.26399945928250335,0.3398457040186219,0.28016153913309944,0.37666735758029446,0.2735938378866246,0.4310709255823994
0.30505349704415025,0.0,0.3338591670324713,0.2654768250459553,0.2649875365167566,0.35519519769467867,0.2992734455102179,0.39385801562448275,0.2708815742997863,0.4179626750947667,0.3312889853687766,0.3279054644414996,0.3372796161564755,0.28418191568909157,0.35036570605823486,0.2976564087679382,0.3036289814881297,0.2939190923628141,0.2939272486932491,0.2943937385595437,0.2978671093743962,0.4202904553024342,0.3081887951835663,0.3266694273632245,0.36744619735502904,0.240483147799954,0.2660325408380489,0.3077315231354629,0.31346623650711586,0.2443042097282184,0.36694595538084807,0.29571932276368557,0.30923446875772953,0.27469625518036106,0.30654853050568,0.31113927752011483,0.3159624018742712,0.28465287953247254,0.30967366915050043,0.28654478285930407,0.3241454128287886,0.30905725968965436,0.24191893417702992,0.27194686372912,0.38271466696791856,0.28783646777446203,0.2722915324588623,0.28499904925683206,0.3087358381629482,0.2658275418538146,0.28458856414790623,0.2628880177789303,0.26880728676548693,0.3618133056514297,0.31269543138526046,0.3103595283361749,0.26935736142730304,0.2932949495439274,0.2906917680829099,0.3055618381393673,0.3405559997932828,0.20679158531143438,0.24384091274772368,0.22928706414894826,0.23142762269377862,0.2352239270690828,0.28751001096413525,0.28439356041672104,0.2664750024497226,0.33390808999016325,0.2772680879123286,0.26340627461505445,0.22823906574056826,0.31539962024496104,0.32844085322143063,0.2551361235940107,0.24820711274128454,0.3327604272038227,0.2630268084304497,0.21734105186717784,0.26565219405125357,0.28148655355583846,0.35189900666127555,0.2840503917774857,0.24063650282173973,0.3876594147350126,0.26119353527873945,0.23691267821011133,0.2880169655161529,0.3020830374246656,0.25919314116862374,0.29058996578954005,0.31833188411465696,0.25582612150415973,0.26768264961112714,0.38060545804038454,0.23674871558039934,0.2964500039819499,0.20683785915198621,0.32963252031354606,0.2794611084391424,0.2431983797580765,0.2050413650798216,0.2838740764049567,0.2523644265720459,0.27918934834469183,0.2583525689248197,0.39278032453684075,0.3102237925007523,0.3939478611018337,0.27096444410279896,0.2321764106676319,0.2771848283711777,0.2471735678702548,0.2887191113519502,0.3819148038237369,0.2835692387382978,0.24676186061697997,0.27009421962468877,0.25180521248051635,0.25029881617032806,0.24384976098976485,0.2611491438016199,0.34635551838689377,0.2368995325438809,0.3778072992231559,0.2310950930996508,0.3372232866139348,0.3395004971050096,0.2751580834875132,0.2983697220266182,0.2552619526658955,0.2321125373642045,0.2768454535339256,0.3092026181985411,0.2396948779286864,0.29778823617904454,0.3003026432937026,0.29731770382074846,0.2830085194877908,0.26898143403083974,0.27697506924584886,0.33286088826702964,0.25411370103100506,0.302979621746769,0.26030752132934887,0.32297032658461494,0.31429937195815727,0.366538922171849,0.21571843027579146,0.26294941396383653,0.2920783011343377,0.2815052269405607,0.29743997169612124,0.32091396342801853,0.3262019583399944,0.2908681877663352,0.3513531900991752,0.24297057772455863,0.23213796039322881,0.2960666844507454,0.2843581221527929,0.22619880741450876,0.2842714584127185
0.27131849065162505,0.3338591670324713,0.0,0.2318725601264641,0.28044737167590833,0.300954546875159,0.2555667095093542,0.31362265336719974,0.22716206284077928,0.3846574376696031,0.3262960405616219,0.2879012239406007,0.3333532475252645,0.2340093288645771,0.2895399344026773,0.35093550571502374,0.3187175722873736,0.28007273534967303,0.2401604639109461,0.24686281007466002,0.32638996156836575,0.43791994718659805,0.24965548292953466,0.2969748299498884,0.2960639084225278,0.2647872076422305,0.23603003373134468,0.2677542373134148,0.26557123998883403,0.2419687980066582,0.26022063511040694,0.2863960921677227,0.23658908407350845,0.23490991535178632,0.2375048149356833,0.2708330568678862,0.31700763166844037,0.25943218287196657,0.2801730956163695,0.2736470612062603,0.2621664635463143,0.28081698039756336,0.26322906599933943,0.25605943256840946,0.322200939129373,0.27940658110624766,0.2695866707172999,0.3086000117290474,0.28398181582725635,0.25278699310661024,0.27528329754865966,0.2648724654216498,0.20949436904386023,0.3078013153569583,0.287204975753286,0.23928385970302318,0.24466461617162719,0.29481434968053843,0.2588561078643101,0.26065642782773146,0.2873140084232077,0.20431176359873807,0.2564707219687896,0.21701275930238334,0.2136982353949719,0.22778578418227538,0.2577822867505366,0.31908363295009157,0.2833300225235678,0.29432404714588734,0.2939324218995857,0.21981075971769184,0.22199147365745733,0.35961172810941483,0.2967836349140432,0.21048027219263174,0.2772533906385241,0.30963714093069006,0.2381969628521702,0.2049684879897407,0.260562727720873,0.2613050757989302,0.3027137085497963,0.2633841675394545,0.22483294856415714,0.3287650493716908,0.23514053112652092,0.21670465460384886,0.25883260530442037,0.23227730680588934,0.26515464926218335,0.22610221252364515,0.28447274549241697,0.20932414306084246,0.2452898866099889,0.2879549443569879,0.21018655749441761,0.25161993360416546,0.18885846336113946,0.27564844105503566,0.22102063244967843,0.2554016542751834,0.19466591856182272,0.2800729045740116,0.23337080961648032,0.31487787529855793,0.25999455607549865,0.28506833410118326,0.28214290244378826,0.3546006859576762,0.2565769099967111,0.22034227104385265,0.2438181483478699,0.22429117367378348,0.23469569440934168,0.29600371310583407,0.21981021889692012,0.2988267804955212,0.27248265547084166,0.22294202129723195,0.25109234210879877,0.21632780933314388,0.22770051115630965,0.30641266373456244,0.19456584441521668,0.3392588797401539,0.21802952727892133,0.302856885057777,0.303358180565012,0.2570515105813177,0.24287897414067572,0.305966852978788,0.20159035717493942,0.21409690625523234,0.287781354132092,0.2188032359861864,0.24495703550272024,0.24470627993436056,0.2762977673291835,0.2602671962093893,0.2153514371119058,0.24890087332584224,0.26884101691043444,0.24541127685558603,0.27639971587458645,0.22179854982662553,0.30534715960016023,0.30069060937492637,0.35689733110077604,0.20357782961716955,0.22064351188229187,0.21290524834520508,0.2652580294712675,0.2948041916744694,0.2931573663854022,0.2886156488734959,0.2760956638544964,0.326483115564741,0.18608954692926089,0.22575012240524125,0.27739838860645855,0.20605453352750297,0.21596906209389305,0.2692011146304857
0.2616500001732295,0.2654768250459553,0.2318725601264641,0.0,0.24942694319525022,0.24221368686338723,0.31640524967598194,0.2563989839758907,0.21565040508963323,0.24269036460548504,0.3010033582674121,0.23854459588350435,0.27365200984429294,0.291338770248059,0.3205353683957637,0.24126716899402484,0.28806076586254103,0.2934003104276866,0.25889056998033216,0.24215429532609223,0.2866016906766489,0.2601446967147632,0.2884456093993927,0.25825148203264353,0.26342260122068706,0.29585411295808134,0.2673565934903161,0.29595140679987925,0.25399063487640894,0.1949425094657775,0.2578439038429897,0.23655986374367804,0.4140636144251837,0.27017204046035453,0.29787426669206124,0.2891767488684355,0.2746508736173024,0.2859870442990255,0.2638385246050253,0.31569117796981255,0.33602956121190625,0.24727813275045077,0.250894452556493,0.31202644884550207,0.28045142346142865,0.28192613882247664,0.19552226794381095,0.25707615356500363,0.28662572183663343,0.27010468735599535,0.3405885597666492,0.2957785369305074,0.2630372672327778,0.3650045595156154,0.2837859708995396,0.2242025275401495,0.2907919241003817,0.26714133680459634,0.287332405446763,0.30810936161893526,0.3101679324160748,0.22038317807424407,0.2788556509487502,0.2153207576966439,0.25332512930403667,0.2658588646056256,0.33322449237093793,0.23326787651331357,0.2688125143810757,0.2820220500764166,0.2615301252239032,0.26007064788993417,0.259387572608904,0.35388144796291804,0.28241632599439775,0.2355135961440075,0.2984058226031,0.2832830644167353,0.27386300766623445,0.2080279472479075,0.24884571366319433,0.29661624151219335,0.22814030412270353,0.26966829372390616,0.2796241255818046,0.27199107193374433,0.2758443308713744,0.27469164779969896,0.26483477149210116,0.23072160618350412,0.30731916256649094,0.2834123916435304,0.26811734407483756,0.25165332384690914,0.2998098337756783,0.25153630359287354,0.2203495039041099,0.2639458331201477,0.2203242360267433,0.3081644328481929,0.27220879308276863,0.2600344875473979,0.30680175066984683,0.25143123654898264,0.27228207827435,0.2468744821829061,0.2689735461452751,0.25607427086069356,0.3034509430837617,0.24078372098647619,0.315373766338577,0.26389393700382163,0.31537394873135766,0.28598886567661513,0.29122117583993856,0.269145833943666,0.2699779325857484,0.20930968595040703,0.2865088443068205,0.2770168616132964,0.26011900989830206,0.3073105853507881,0.2535742352466954,0.2946531444141164,0.22717875578440339,0.27029322718153137,0.2528860814444076,0.2423870221210231,0.2849985773196277,0.31381715286118284,0.206000138827701,0.25213526769931655,0.26176102420528746,0.28510534836073054,0.2652577780825197,0.22540474497481308,0.19000879579052152,0.3202819683742562,0.2729861926455937,0.2742355455913137,0.368676264359941,0.24293951233056027,0.31452648991531756,0.26309915442669174,0.27886686954329015,0.24637155732926316,0.2413430677831792,0.2543135515648134,0.22144358279324142,0.1865562962263131,0.3032250651599796,0.2754506062094682,0.28806625425495297,0.21284131877255802,0.29309010878672914,0.28258888694695944,0.26438380780758186,0.27503801496410435,0.37665840897590425,0.25594004815567967,0.2917800791605699,0.2645176422188771,0.2578801955353281,0.2837054962603901
0.3024929590963584,0.2649875365167566,0.28044737167590833,0.24942694319525022,0.0,0.24650730917065738,0.3241821781764041,0.2622805189707132,0.2404673808192004,0.26165114690764646,0.3126257820257238,0.24842940408321051,0.27757735534605277,0.24710066873571015,0.31254095056340536,0.3035832507555324,0.31224314525496744,0.30350596004769526,0.2362701881317893,0.2643817897122304,0.3321787932495944,0.29727762702647326,0.30755304962332725,0.29155296029411043,0.28052527783970893,0.28590039095199843,0.24603408454175396,0.26176255216479666,0.21949043329370285,0.2660160878999006,0.2934820806197687,0.25150152450063556,0.2456998216647431,0.27433451150824867,0.33418218089659085,0.2925263108705814,0.33725330054488717,0.2825608479837613,0.2865498845910429,0.2796829950357821,0.2736391758525802,0.3174697860653862,0.29570276294476644,0.3270026525258041,0.26516745000863295,0.27711507661982454,0.29352196061284613,0.32648228309682314,0.3397194855001293,0.28322076055394324,0.32099420309672333,0.2765388014815983,0.239515036335982,0.2692055263488119,0.26230705710257896,0.24902303842628437,0.2588912439006476,0.320661785642053,0.26575025330468155,0.2649376630662444,0.23758001886645558,0.21527149536258797,0.2639573552344166,0.23972450007184468,0.24679875022367098,0.22205388645322827,0.26600152780959496,0.31142730167634175,0.2593812026322386,0.3189054823070176,0.30859725978367786,0.257082937263167,0.23279010827714547,0.31378189321443034,0.2592317262335578,0.23615072146705277,0.2821740486209523,0.4291271150599582,0.2532696252045592,0.23270222757382508,0.272977660463668,0.30468821983653355,0.3125416906399294,0.23787884711833376,0.24891147646972941,0.28183936810742083,0.27464731670773973,0.25334218277363824,0.2601567547968185,0.23817834320365508,0.38065100708173955,0.2950865319068607,0.31558018961914436,0.22002998932303028,0.2782577896163611,0.25767449727091246,0.1970936747959339,0.25551787530737613,0.232629712257524,0.26690453514066065,0.25105673733330264,0.24375789558633756,0.24529683428424442,0.22930579606139384,0.24977879290908375,0.2934775276628955,0.24457415612888167,0.30537905065190635,0.31055117520682385,0.2988606288898147,0.2993348547297573,0.27494181754052915,0.2645780288241719,0.2692794301622031,0.24806426522268152,0.2694112938616377,0.25353589254916387,0.25496651415312926,0.24300902887691586,0.26965457155622463,0.32645371297360437,0.25004128851486856,0.2479174963135564,0.3748513528204561,0.2368648519338037,0.2550244822536694,0.22707653693595903,0.27540610825403117,0.24999091453429056,0.26502369015154126,0.23576061663935177,0.26489852962954186,0.21664950952322287,0.2663706099429351,0.26461862503183126,0.26137713621149095,0.24705665738159366,0.31491715092311623,0.2566744318425082,0.3143960754131641,0.21604524032097713,0.26352888222586385,0.318348223168583,0.261566382777616,0.32024470915520814,0.2736902397943928,0.320056395887887,0.28917917167736157,0.2576678114756761,0.1946453666610401,0.2684910586898852,0.25022208224690146,0.2952473892063977,0.24313437159456947,0.30979390466293905,0.31258467902250353,0.23973589767968106,0.3396731332964299,0.2235539987295409,0.24531556137820215,0.2575235867483394,0.255039271883387,0.24842664691167204,0.3652116369990974
0.29954596535305406,0.35519519769467867,0.300954546875159,0.24221368686338723,0.24650730917065738,0.0,0.2623914055167779,0.3233260975820698,0.26736856507965573,0.27925693341517027,0.302022547165262,0.35202376925925005,0.31148670045812077,0.21436197361558829,0.2990077002463592,0.32040344255220793,0.29643446134378193,0.231975782353865,0.33621978799192265,0.2820922436490337,0.3261747007660515,0.3228114726488305,0.22034901902974893,0.2541723503799695,0.3571779354708974,0.2225923708365492,0.2108572558503684,0.2565524330143088,0.2440963502636555,0.2645055210704754,0.3452837129721268,0.3583020689043034,0.28538314499120193,0.266196180152347,0.26694214420926643,0.2682845057016201,0.30508053487345776,0.25460839622347103,0.2767326575566211,0.22681575448200872,0.2821163584929297,0.3197873851320827,0.27005760244074156,0.32400097809457085,0.28045459370878234,0.24979116387113923,0.26186183939730473,0.2847207852684235,0.23888789448607461,0.26269474966662887,0.2865493150859829,0.31992412748146426,0.22873951037515877,0.3242381676610994,0.2607390500018869,0.30335488306422737,0.2642267218808299,0.41625790790906514,0.2217828761539832,0.24233912799102844,0.30830298541951606,0.23867565874750965,0.3013027437017628,0.201973700906842,0.23196475380205403,0.23985701733510012,0.23868956363638955,0.2908564560663943,0.2299796376601347,0.303983923649963,0.29054718834985654,0.21088761311416182,0.2435443123656107,0.28043258777455926,0.33915429625893573,0.24528866953257034,0.2434566701969008,0.2724034236919319,0.2374823729619399,0.26166528774896314,0.3284420521498047,0.2853373000904253,0.2943547781861397,0.2668277284749752,0.25338283549879304,0.2950114707323525,0.3020448402469743,0.23156943200907198,0.28347732290870226,0.24129219837553445,0.279139552264077,0.33312864156900435,0.2900778621966852,0.24005629245515306,0.23092987411641303,0.3473894867193937,0.25735806165667763,0.3483940852347429,0.20623220106398985,0.26737448641836764,0.22680541014774472,0.25632298525467967,0.23390080482004097,0.2694636038647733,0.2657684065715215,0.2964205297996419,0.2818492598959815,0.31003130183909094,0.24788311841146218,0.3310127737976181,0.31586575731291394,0.2262104014359437,0.3062041134543763,0.25250793715983394,0.23831354527873078,0.29167595529768636,0.299193797930207,0.2325640650152825,0.3127719613894808,0.24738374222242762,0.22909986147865535,0.2627444750351166,0.27327993399614575,0.32438957785561995,0.2443736328907315,0.32473135553837507,0.24309267468283652,0.26799403594967736,0.2896025844235686,0.2203972330898808,0.29305771113010953,0.3429002467348917,0.21599615094594277,0.2683549915193851,0.2788369377373764,0.2330274775892616,0.27553781494536206,0.22971722694558205,0.22703329128101352,0.2720824589385155,0.24852191510166827,0.29619362868196647,0.27460953741437977,0.26062513115443947,0.2855777666514243,0.2648021122512416,0.3253813023858818,0.2911554851409097,0.313733927245174,0.22316609038919286,0.2658419883266916,0.2782138035480814,0.2371674187834462,0.23151909114011857,0.3756100982959928,0.28597397914022826,0.25095331761279266,0.3498031260730893,0.21166887606096316,0.24688396929907236,0.23594378633144508,0.29000194013031405,0.23207729615656708,0.2707662735951786
0.2866479399813792,0.2992734455102179,0.2555667095093542,0.31640524967598194,0.3241821781764041,0.2623914055167779,0.0,0.2528740994461507,0.23055833270395948,0.27609528245993464,0.3010757413802455,0.2929406075714802,0.3118859599768933,0.26890192879473584,0.38973173487743185,0.25052622885125286,0.2723679155699051,0.2907248200946631,0.2616142626172071,0.2354399958794108,0.273855215957517,0.32067425944969097,0.41538590643521334,0.3285806781671723,0.3042402639532154,0.27740295074967974,0.28644348991484775,0.27869686435997376,0.2541859977036576,0.2550443244104695,0.2897901355933983,0.258612513905162,0.3072070733057723,0.3010620058877562,0.2830518553064215,0.25258014873809087,0.3493609501048456,0.24549630040069198,0.2649076095360382,0.3238348319473383,0.31089069343418957,0.2967688292733543,0.2608827201698131,0.303805081239344,0.306328929361587,0.2798558968744299,0.2682431287777808,0.25343035955259235,0.39246710941875773,0.24333777796375422,0.311382133688375,0.26262898970643,0.2235883316462319,0.3074051212389985,0.2845825114334081,0.2546154868193298,0.24730823810363375,0.2849506186070496,0.28561234677831243,0.2653793342348535,0.23527599455190082,0.20330095151755936,0.23201965939654165,0.21968144851339985,0.21962394829858467,0.20746207669483713,0.3014285524457133,0.30920775339452344,0.24968833923521866,0.2816371551157091,0.27744401676291336,0.23531841753354082,0.21868559923376044,0.32912670967510693,0.225323515619509,0.2440156114975275,0.3167308488921105,0.35523122500459847,0.23042458578362504,0.20850096954623917,0.24315993250810086,0.27471183894964707,0.292046473749291,0.2191660654139876,0.2241720521630993,0.28418715824959445,0.2458352642342278,0.25246355765655026,0.26784135951801313,0.2444542157835083,0.3177737783378865,0.3410988655083783,0.28454950949931507,0.2254075045212979,0.25637270729927736,0.30313930040144066,0.1865290813514179,0.29388885677719,0.21260979727422685,0.29679679331882913,0.2560583597007994,0.2394032244176868,0.26166668804162646,0.24907386717104144,0.2221430611905247,0.27107954451020216,0.2231055199227928,0.29236997269434856,0.33223745487956213,0.2975961207786944,0.35047894334434887,0.2354993560535467,0.2524720044383788,0.23341545697262248,0.24204041767176168,0.2991643845638604,0.25031700135150664,0.25153037556513036,0.25649234627021317,0.24417613129969618,0.25404001600113707,0.23972133525980438,0.22778629569854603,0.3534001844541509,0.21275590959164115,0.3039626421559376,0.21534118130894583,0.29736331322882903,0.24192451020709604,0.27185705828013973,0.22321791982095868,0.22001829376664303,0.21543941362916316,0.2366666233609718,0.2290339364642656,0.23262348515482295,0.24253723199329424,0.3112828660850092,0.2636448705171157,0.2842145324292544,0.2619693696700094,0.23509538483094974,0.3026150602749575,0.23072008275162528,0.2764216857628134,0.30403858090161456,0.2867926172217555,0.2898972310956365,0.24663459313254862,0.17405408580564538,0.2564454174979578,0.25958026320117733,0.2695255646124517,0.2765253256503368,0.3293496361293131,0.3044305225461621,0.3100587014637498,0.3408548509113907,0.2844780075003125,0.26132964004749176,0.26559864412302264,0.24198381740795752,0.23156708566028872,0.30125543837422025
0.3298032595836396,0.39385801562448275,0.31362265336719974,0.2563989839758907,0.2622805189707132,0.3233260975820698,0.2528740994461507,0.0,0.3229418386468839,0.34326609749488923,0.29537730709609206,0.3101919070752655,0.35103371378170495,0.25867421707168714,0.3109105890408391,0.3393761000818436,0.3403964815732457,0.30008412716617505,0.2860516120537141,0.32404360060657733,0.33564469854355744,0.3168758735505699,0.28378724105168446,0.2855332915808527,0.36295296597341137,0.24718643640359067,0.2956579038028801,0.33179268395588696,0.22338694086141742,0.2755573404763176,0.43274490273380745,0.3137070939867996,0.2744509886626045,0.2992749844310484,0.31493468156811216,0.3267861041076518,0.36029517009172946,0.34099031372646876,0.3059354094774067,0.2736454148619687,0.286613599689183,0.321471826876921,0.28835209017723723,0.27645837747608765,0.42044714571096037,0.3104884333698397,0.2810899074357971,0.2757779242090842,0.30861294409371504,0.28883550332877184,0.2977263983616415,0.26741691458607064,0.26001894186748026,0.28780261706630794,0.2720521000546756,0.3094918493303186,0.28623866091643013,0.3583703992772208,0.29175842714921196,0.29319098070892846,0.3972120482723836,0.22378810899562715,0.27684276206305164,0.2534617693749049,0.2380552536796771,0.2582584458405627,0.29557752379199903,0.30366033626869793,0.31490894590852614,0.46650351631909626,0.3002930357238635,0.2696530216597471,0.26201253718938017,0.33804272063144286,0.4038846007787205,0.2668186319493745,0.2804566250426374,0.2911273321254105,0.3273098190434997,0.21476952961398893,0.27999772904109327,0.3056525174289874,0.34994445932086,0.3361375452810112,0.28241245591015723,0.4387582738077111,0.36104622574914064,0.27362482040091496,0.36753161491099495,0.3071818223736755,0.28067819347792744,0.2977462385499504,0.30413046392780124,0.25242707676122966,0.2921834959886946,0.3286207320565193,0.2683132499398156,0.3316876196458375,0.2169168385715324,0.3406974001727022,0.26930029398376454,0.3140836677127025,0.23691805182110037,0.291133024396179,0.3059411998324689,0.33349601353353225,0.30505209701484487,0.4282934250217255,0.293022381888659,0.3522130370772098,0.26829477233630106,0.2618486893563773,0.3058788758601217,0.3039389446512116,0.27975744006969816,0.3424267169951633,0.30604477331643754,0.24877785427021404,0.2533833199827743,0.2744549554011222,0.25407447230610275,0.3197087260605025,0.2656144652885426,0.33402781176872737,0.2421558074547894,0.29046837380824,0.24545650772844085,0.3487288707609099,0.3054981099595177,0.27123266256434014,0.35494622533644293,0.29603757398423175,0.27013977788198684,0.26873316703175665,0.31856506367017684,0.2340584213613371,0.3077565087901945,0.2712903611249322,0.29629792179649245,0.33350119750676105,0.25711803276894335,0.27276508864644755,0.3484475261321313,0.28634014419545545,0.3313212802635918,0.2881522137472599,0.36171376405510663,0.3163365099575826,0.36481376953322603,0.22105434298826396,0.3117540800751977,0.2931204201285931,0.29959021881144166,0.2669777583242648,0.3779563119645355,0.37945666307168174,0.27563436763691596,0.3698635410462301,0.2170788398634915,0.24824491143044014,0.28537375215122107,0.28315426688040385,0.26051411037409206,0.2948099022979254
0.34978401830637146,0.2708815742997863,0.22716206284077928,0.21565040508963323,0.2404673808192004,0.26736856507965573,0.23055833270395948,0.3229418386468839,0.0,0.2380141157695752,0.22069174710141892,0.2532113977987319,0.25987839001153057,0.2658797346378438,0.25242717020255695,0.2511204014263626,0.2529245892025809,0.2969933191074252,0.2428562131274494,0.3009863645907739,0.26504722858308716,0.27703756689577363,0.23674351387250564,0.23153946761055594,0.2795719331082055,0.22723303917440563,0.2576236052343014,0.2519771898821464,0.1836558355152296,0.34638744217589723,0.3567371019109,0.2760662761361348,0.22006073293954298,0.24808181283726516,0.29147245965596774,0.2395658017896772,0.2773363631206131,0.3138411961530374,0.24649518751761493,0.23642725796102487,0.22158308340152888,0.365219157739374,0.2583208930666532,0.24016302082224694,0.2871528336591951,0.274909336090889,0.27109373099837597,0.21582449181499155,0.2543163589565674,0.26984820999687037,0.26028147784875466,0.24904806661146872,0.26333784596933785,0.2216884486619498,0.20971601051330171,0.40089858443536763,0.29170007594346914,0.2712294728991477,0.24484581192310062,0.2496889561577549,0.2477312522496894,0.2693055768257745,0.24764520440891383,0.23033633185513153,0.29071913209888894,0.26641873921303627,0.2936198388890098,0.2987408797675701,0.24495265876732167,0.3078602805030164,0.34265673749783904,0.26987694760266717,0.30340515343039576,0.2578615052999544,0.297807799666281,0.29128074293623807,0.22238836064619827,0.22860623996456036,0.28771010809481123,0.2476913569944642,0.26408276538853426,0.38380307453728896,0.3358255737924834,0.2484525533461216,0.31881550597518055,0.34880490380173973,0.313863900031452,0.3081374517445294,0.30697162928231375,0.39442948486459234,0.28654934528239306,0.34650115315369706,0.23667150897721997,0.26441659901158066,0.32283928089590225,0.27187985375891777,0.27345154206012745,0.29482968024583106,0.297441640903324,0.27578068011602597,0.26266206512585244,0.23945430950232227,0.264376835034506,0.2273991498773085,0.3246939827192173,0.2821496894419149,0.23613226479684007,0.2887751696087836,0.2464026695632813,0.25295571096187097,0.22369433435285063,0.31527920893146566,0.30091336805360736,0.32031938016507827,0.2519763532856552,0.29217429481900936,0.28910790959437266,0.227087137438341,0.19284012921877808,0.29158739864644184,0.268606056906886,0.2838563929618038,0.29622544306518167,0.28755686765637783,0.3688483831659522,0.2152638914195796,0.2823342514781044,0.256241256444894,0.21448788086330176,0.2553281407462175,0.44003317822873783,0.2881469835034658,0.2650954781261253,0.33313249901023056,0.2534948993145563,0.24856512895654193,0.284498341914869,0.24585077153554655,0.24018205682512322,0.3223443995899511,0.21434935043954056,0.26770280632181537,0.3395509031072865,0.3028155746742649,0.2750407701974591,0.31056545117466944,0.3845824063211176,0.24875836246697358,0.2846232317090595,0.21013827534144006,0.32992761255349673,0.2531594263282592,0.2512452275862995,0.23956580750585113,0.2718488671049031,0.3409280318775698,0.24101456985420316,0.2829968085473647,0.22611518607786843,0.25961436884679834,0.22294822215718596,0.3365209112206067,0.3315294307966943,0.29978271681949803
0.28526885179081285,0.4179626750947667,0.3846574376696031,0.24269036460548504,0.26165114690764646,0.27925693341517027,0.27609528245993464,0.34326609749488923,0.2380141157695752,0.0,0.28524760349820316,0.2884230554845146,0.3060885945723957,0.24790368138005162,0.2933918689765257,0.28439046727066164,0.2856375194299983,0.29895092612428237,0.2547129744259441,0.25241482364712015,0.26750325568896366,0.31785022844241845,0.3109408423781051,0.26592716921927356,0.3823022922085559,0.22477080390038004,0.25832035193062264,0.28749411032582733,0.32007158173937506,0.2324105314713178,0.3248377616108932,0.2796918556130155,0.23320762122523844,0.2597758128993847,0.2756351710351823,0.27306039214931077,0.3174279547398283,0.2535736081597515,0.2504320832071237,0.2604666846739566,0.24217273554839064,0.2885076445317527,0.24628594239089216,0.24354680375751442,0.3171586907876758,0.26962447551288515,0.24859098718470105,0.2756574278459353,0.3213564422209728,0.22756312183435523,0.26319959242475016,0.22854693333865564,0.22095478811852592,0.29021188048634317,0.30656720279348615,0.2729667694969293,0.23435516334758377,0.2618396613209656,0.2834594580385258,0.25765819338818663,0.2974416953105479,0.19545670115762773,0.22005330114832108,0.21668802370637905,0.2150019498439876,0.21984228609321455,0.2551233427778042,0.27827211915417155,0.28154997058404746,0.334122171108282,0.24923831566294435,0.25154993109372603,0.21131047727405236,0.3002925321526694,0.2767719793015488,0.24461708118898756,0.24368707782029322,0.30475809555595024,0.23562339748629696,0.20449674602576057,0.25145238015305815,0.2565815754048933,0.3105479914932141,0.26413267076250874,0.2273715891203854,0.310947822094215,0.25466242651721405,0.2408545423071515,0.2936584892345533,0.24364685451945295,0.2496657209950017,0.2585977750477979,0.2838851357172581,0.2133728492746358,0.2502762676321479,0.3323925174332512,0.19498253060496654,0.2765039415371634,0.19777858126470543,0.2993471857440885,0.2491562867348584,0.25057892273621396,0.2111409642153027,0.31971537048795545,0.22894057104780044,0.26375878835778965,0.24323285811894702,0.38036250903170116,0.27293038681248033,0.33698043168335146,0.2483348551600521,0.21835712511661765,0.2612757330009419,0.24548311075857074,0.2416280966553872,0.2932748211917909,0.26389773122881693,0.30069531272685346,0.253173011318346,0.24666841289524463,0.2208384259855999,0.23358133595402847,0.2234846369813883,0.3076392912109992,0.20703835529207906,0.351377302200588,0.21291314479789522,0.27633199392287217,0.32432194256614555,0.25298900341093744,0.282479837824583,0.23136075225693714,0.2207449629731824,0.21956037707933695,0.2640898297437331,0.21306405306555468,0.2617264283497913,0.26404477191413167,0.28060314311648826,0.2714271550791132,0.23972008465069922,0.25375450248890935,0.2937432980492111,0.22716487685325001,0.2716857496086975,0.2573188210121818,0.254152260759756,0.30845365651108986,0.4166358041233755,0.19906176344433846,0.23773384357189778,0.2711496637051502,0.25134181224546986,0.27136367841797815,0.30144595341090297,0.29994567381017073,0.24286910387463986,0.33503968088781183,0.21844463470544778,0.2341077909161693,0.3025811488983451,0.2549806794801407,0.22856399056165452,0.2530910159482325
0.3018470196122392,0.3312889853687766,0.3262960405616219,0.3010033582674121,0.3126257820257238,0.302022547165262,0.3010757413802455,0.29537730709609206,0.22069174710141892,0.28524760349820316,0.0,0.3209190163705879,0.34003668212846083,0.26088746558655235,0.31373715521993567,0.3802591948055116,0.3652866061741291,0.305096074974669,0.3097078906948969,0.275593861709619,0.37028885383863847,0.3698284167146818,0.29493678108895394,0.32366852794906636,0.343295393165662,0.3243508043571324,0.26125301251067146,0.33286049671024315,0.30595416599170144,0.24698731942665553,0.29491997094238087,0.32121689815093396,0.27589117215418346,0.2806365906651613,0.3087714280532596,0.3487940778774953,0.3738903189692536,0.3059353763503675,0.4011276187331258,0.3050412588246025,0.3195176404863198,0.27358298948931625,0.3127736505888856,0.36087622964914995,0.31177230625736274,0.2870325680498878,0.22089283170935453,0.4436539919547245,0.3592903157794308,0.27619676508977486,0.3599737222125832,0.28133599018342387,0.23914183129091077,0.41882068149616336,0.3995496931498954,0.22625936007400457,0.31012529247717885,0.360589885923682,0.3023523268567168,0.30508399039922685,0.36319158496312187,0.20756781893240966,0.301940771026051,0.24402922313027467,0.2257815617273065,0.24935502070473475,0.307009548107256,0.27768777965293695,0.3092534360833297,0.3227861518472152,0.299503624368105,0.25239671786996976,0.2571718384694558,0.39006589852278134,0.32578450944127285,0.2543403420193567,0.37635732130016225,0.35246607676819053,0.2757571153560823,0.23810788646002837,0.29407655353685713,0.26632992383477844,0.2851555692591359,0.30125180013236913,0.2560199084996057,0.2900542064308619,0.30082147766964434,0.25723707715559396,0.2644377798361883,0.24162822748701585,0.35378687517441937,0.23642141954007792,0.3977222858135457,0.26878120467714817,0.2717027990965121,0.29462142375408645,0.22429715882913448,0.23876905317184824,0.20962519189169387,0.2862143943828435,0.3031966424786666,0.31333219865598383,0.23982553309346824,0.23627681515961596,0.26391030377417124,0.2691923419980341,0.28035612914916086,0.3082136777626914,0.2954571802352129,0.3701469651400273,0.3934921250403618,0.26249037251461477,0.29570928005572494,0.27759532213779814,0.2946878628210137,0.2889741409939046,0.27361912340695205,0.29733330660858587,0.31635454160475174,0.25389377309755334,0.30069429821308463,0.25306818483219023,0.26915523142406317,0.36893893603439354,0.2323705113218822,0.3724695046217504,0.2172033805036054,0.31692921780732436,0.3268490542045206,0.27848609153609144,0.2170014916790362,0.30443909804516034,0.2720132210922684,0.28046448317059014,0.3816267588993146,0.25267890394596654,0.26509431481885987,0.29819256007851125,0.30841931264497446,0.31484450758110955,0.27998775746247795,0.2934497334671949,0.2743431335254767,0.27338252887693437,0.3977229489351481,0.23841016942960908,0.2805620760743597,0.31233342280337817,0.2813527498904627,0.2260219826908834,0.34169644362931023,0.27847470722796513,0.37123836878496985,0.25337204785768597,0.3215085185433574,0.312204227090166,0.2942297055958349,0.32580163301332743,0.2561433278086614,0.26821990093093656,0.28375922854119506,0.2779172110372097,0.23293218464735946,0.3817825495643736
0.2717386712430819,0.3279054644414996,0.2879012239406007,0.23854459588350435,0.24842940408321051,0.35202376925925005,0.2929406075714802,0.3101919070752655,0.2532113977987319,0.2884230554845146,0.3209190163705879,0.0,0.25083414844616286,0.18454544993530156,0.27095528424357535,0.2926216276727,0.27461517265291213,0.22389404092027546,0.33519295751405004,0.2552719348255708,0.31190873619188214,0.29462718651915637,0.2580721905873663,0.27645510483306374,0.3734493375646322,0.22033006274263783,0.23420652933367972,0.24447692180637948,0.2466315858758872,0.29093025634568304,0.33209496266834954,0.28237941887202805,0.24570057102253642,0.2886714759474939,0.24526325503385119,0.26252054962989657,0.29299340730762147,0.2455300973935059,0.3296033588813343,0.23166154212721451,0.26888974099785745,0.29895191832236717,0.2578255511475284,0.29953448788601633,0.26654336087449304,0.24385485452625047,0.263622472057517,0.2902434173907798,0.2662718497209315,0.2384018446719853,0.280198374787149,0.27171831012067493,0.20335210012345545,0.30726796349268076,0.3072410959168676,0.25289913109030976,0.2656339369056861,0.3912975811180388,0.21036493403583206,0.2323889041254768,0.2387768450405459,0.1859788751114671,0.2539110895062559,0.20550345012704738,0.1998485993991848,0.21382557545604367,0.2164273725026629,0.23674362443216518,0.21582044585445773,0.27188997082999145,0.242982739956155,0.19455403039183147,0.21024368840570784,0.2608614107199164,0.27271820539218444,0.2230193579525803,0.2423829155351111,0.27579802082364024,0.2267458773911893,0.20104270288664072,0.23911346230849861,0.2553809039875517,0.28976080796150605,0.2157676652430095,0.22995465735683643,0.28215037497908646,0.2448094036112604,0.2211021834896672,0.2616803366355295,0.24650501488510546,0.2772978591789964,0.2809455862963041,0.27967475058463565,0.22964441256198342,0.21419218611181176,0.3866676295712804,0.20098953381088372,0.30006686032428204,0.18632949400026783,0.2339189466186015,0.21053495729823665,0.2530336933521588,0.2368418492086707,0.31702478806954804,0.22456991614204136,0.25088915957070906,0.25147308378799593,0.3000936848392968,0.23513956497602947,0.3483516520526286,0.37849137985185644,0.23486647587735326,0.23602165439660214,0.24448748848565377,0.21708432463008337,0.27657035636015276,0.25187675973004076,0.2920560384147249,0.2823948409705155,0.22020913169446948,0.21812581130418227,0.23394920839685338,0.2273809684834419,0.29514783525260724,0.19448077616641582,0.35617686978082364,0.19836619223804716,0.2960879663793319,0.294858839118693,0.20296912362012876,0.2523295684262447,0.24704547851930642,0.19876821352629173,0.24880772910323665,0.27050700569532066,0.19807383449743182,0.28941710825242706,0.2261515132438398,0.23256649510212327,0.2865841754009146,0.2104551327517544,0.239130461505103,0.259485400370463,0.23800277259608207,0.2807403795544951,0.283384770334089,0.3523658570125532,0.250223935880527,0.33600048170776137,0.20955630096089187,0.27282270711341144,0.25924945071698835,0.2663622043759508,0.24379081115847326,0.3909856066270832,0.2522810618608397,0.23997058647892996,0.3358039017166941,0.1983242121841151,0.22589750248184887,0.19811159372369974,0.2341574650189891,0.20806032551832088,0.27763839300945103
