0,1,2,3,4,5,6,7,8,9,10,11,12,13,14,15,16,17,18,19,20,21,22,23,24,25,26,27,28,29,30,31,32,33,34,35,36,37,38,39,40,41,42,43,44,45,46,47,48,49,50,51,52,53,54,55,56,57,58,59,60,61,62,63,64,65,66,67,68,69,70,71,72,73,74,75,76,77,78,79,80,81,82,83,84,85,86,87,88,89,90,91,92,93,94,95,96,97,98,99,100,101,102,103,104,105,106,107,108,109,110,111,112,113,114,115,116,117,118,119,120,121,122,123,124,125,126,127,128,129,130,131,132,133,134,135,136,137,138,139,140,141,142,143,144,145,146,147,148,149,150,151,152,153,154,155,156,157,158,159,160,161,162,163
0.0,0.8244607739281841,0.7289910600113457,0.7715397115480863,0.8894898673519999,0.7245773425904111,0.8482937958989539,0.8277673336092606,0.8314634162869309,0.7504156007898828,0.9055950673984909,0.9034524481093417,0.8204329008373837,0.7908566222889785,0.8512831242223738,0.8610015995862891,0.8497456071340229,0.9359156252239936,0.872192132349254,0.9556967567529328,0.9130869258539351,0.8154972082633992,0.8777044831511148,0.8756563604773449,0.9192283319144305,0.784010379186246,0.7710623427868135,0.8255551992695832,0.7807661638628492,0.8503720505771047,0.917679954108632,0.8428953551317592,0.7556640545402189,0.8343176694643288,0.956523588015168,0.8945520460106218,0.923769930129137,0.9127492319462407,0.8758006948349439,0.7884925034331693,0.813297547692548,0.8311930850082375,0.9502293997410707,0.9278141105049353,0.8707941693222433,0.879435658595471,0.8511621696884715,0.9283830841069082,0.9347974497416676,0.9598002885320006,0.9403247600939069,0.8448337605463948,0.8655025437201475,0.8447663913805835,0.8978804505817677,0.8375020344037989,0.9755230480935313,0.8758255805185053,0.8983550034054991,0.9113739236407802,0.7696924629401342,0.791246067977914,0.8887738978477752,0.8654102448219796,0.8930204551639894,0.9108959017875943,0.7683984688793011,0.81406295985986,0.8545492105963144,0.9050437016669846,0.8780349501479205,0.9332193013745353,0.8620505430297771,0.8464446900100431,0.8326391595570887,0.8934610974649548,0.795730744350473,0.8106652853395234,0.8411963067400149,0.726052958857283,0.7130173472214181,0.8620389941253662,0.8346460438190474,0.7662121189653895,0.8874369481156579,0.8437215292900918,0.8725181413237423,0.9402778100071111,0.8387791880058189,0.783356686830006,0.9497271773296795,0.8703761006217124,0.9393900956280199,0.9302577405978727,0.8614593367389576,0.8172999900594872,0.7338604549133994,0.7581728425145644,0.8064434716061483,0.8016023087136649,0.8700119979899278,0.8461256498704329,0.880955544555365,0.8352527814090465,0.9610973106935534,0.8121656228350034,0.8107308814925621,0.7849693444257424,0.8238705662741072,0.8940363583339163,0.9128401169097581,0.9335528412759356,0.8300667419716379,0.8073838329501539,0.8889891303753941,0.8012358649311306,0.8524829208906237,0.931976024293658,0.7653099734111357,0.7624142518516765,0.914730354678589,0.7793748823800781,0.8401584478239279,0.8835414386635572,0.8138454269161998,0.8366334935640403,0.7320883092563841,0.847035584164966,0.8089030128190189,0.8071216806799887,0.7822144204277697,0.7239789907858802,0.8354100300789731,0.8478105573269686,0.9083778795518944,0.8328948098035935,0.9304730855117007,0.8553609312901123,0.8224410049791601,0.9497732296081862,0.7828131969491807,0.9033955713753691,0.8908840038950738,0.7814922150787104,0.9210538957107708,0.8843767554345866,0.8153130308105581,0.7073801871203693,0.8645922417777765,0.6583201352266858,0.9622697122850653,0.8829764582897361,0.9510496532899628,0.7399516567531748,0.8686546317888516,0.9041253995416809,0.83165674595805,0.7756843087136815,0.8058349647431787,0.8011210457837404,0.6806566394669697,0.9498987579396121,0.9157839394876345,0.9569480736751153
0.8244607739281841,0.0,0.8854670508408482,0.9431487313892973,0.8480286506202351,0.7113613772176756,0.9205932371810894,0.8947851512947869,0.7045577708487328,0.9044933797756461,0.9367949101621827,0.810808305874162,0.9108925529270271,0.9419150084967607,0.9423294380827407,0.82683558724985,0.8203371568710389,0.9182396954836541,0.7013678741385478,0.7776142390332902,0.8261807298769356,0.9617519851128276,0.844714455525308,0.9464741704755539,0.8038406276882303,0.8399774450743532,0.9076685521420482,0.7904986833899111,0.9731681936160042,0.6851155663627347,0.7983488922524804,0.7158833640167208,0.9587547592649551,0.7067824031010388,0.8439594488093514,0.9011404584210985,0.9104089851787013,0.8736909736855697,0.8710464149802624,0.9351734052957814,0.9364209281098321,0.71343780805814,0.7596635652726461,0.8477704687417653,0.8997401292605719,0.8770540244623994,0.7574679580304083,0.8729989429124309,0.872304744402951,0.8362185109295915,0.8817865890712261,0.7833481975790162,0.903638656003306,0.9806968299096988,0.9290524854456015,0.8295139714462346,0.8157634783733746,0.760846385984771,0.9361430927320542,0.9323549949528874,0.9225301069191946,0.7020020847669661,0.7624330324514805,0.7870317147246353,0.7434367767354484,0.7757671843107216,0.9301169428954095,0.8871812204956356,0.8500270639286436,0.8972754771265141,0.8506910784216636,0.8910481338762198,0.7161068395595553,0.9243762693847535,0.8329460226678592,0.754148050706284,0.8543425647859859,0.931117933528823,0.7696908665046205,0.6602571120389223,0.7218710758712793,0.7769716362163281,0.944444363226326,0.8332169812037895,0.6797088510114796,0.8768377868324956,0.6875916082256412,0.8018333826021724,0.7952653601336835,0.9484596520554458,0.8663119131296582,0.7596257578254748,0.9113245152938787,0.7970235606276408,0.9262545155572076,0.9235759980390945,0.6984928018809957,0.650333543379862,0.6511996373040051,0.877364826476635,0.9188461955551398,0.7613123026074928,0.7031592491073252,0.8062605481207392,0.7768749099160958,0.7889603577815689,0.7712040379220015,0.7500556133457097,0.9420577198136058,0.9096505076315606,0.8066185510999163,0.7496103935946218,0.8245481545668967,0.8063951432364567,0.8793670238552233,0.882084529701282,0.6846525742962032,0.794974823029508,0.7825370498855847,0.8382212302831618,0.8706120767534617,0.860143334027819,0.6628081135409956,0.9113831428901508,0.6800608169284869,0.9583936212175556,0.7122886932749508,0.9533402117219372,0.8314053198446646,0.9239779731187098,0.7065963274694124,0.6748309184154999,0.8709271645785058,0.7924637946170524,0.8645950310156522,0.7818865388718454,0.8009783114155472,0.9295111876760812,0.9025774110610156,0.8307408654356798,0.9523842540033168,0.7869039423207626,0.9162144196418308,0.7452956162942312,0.903897486959895,0.6995113608764668,0.7976765623251761,0.8948421578194203,0.7677111103163856,0.5843778516037351,0.77206405023644,0.8617770744643413,0.8968131046088347,0.924428170456553,0.8250501290952642,0.9409370103261157,0.9136284510089507,0.8772805610271595,0.9497080839691029,0.7300225201251344,0.8595876712478688,0.7287492975369629,0.863578215249555,0.8786333639141044
0.7289910600113457,0.8854670508408482,0.0,0.8535771544057059,0.7724351290238524,0.7372832670596591,0.7640448573932256,0.8928822684670862,0.6075092869638932,0.8820874537697276,0.8414937784137615,0.7344193847651248,0.884311578576217,0.8537772617885416,0.7871693246629757,0.8405353624152769,0.8395329853398531,0.829562522919255,0.6267528880142214,0.7245571032667839,0.8262923362671721,0.8760116085144534,0.7644074998988518,0.8480732247886168,0.7502300079122839,0.8759261993356985,0.8300994581436117,0.7488510510776281,0.8815167816203386,0.6181358332142303,0.6626699750614659,0.6684052215266003,0.8567734857713594,0.675003228420339,0.735814937809379,0.8500235950569708,0.8115584130762146,0.8407574046431856,0.714827997217621,0.8694905876223156,0.882711513702772,0.7287866491818533,0.7199705314962247,0.7511601420230802,0.8622116313469814,0.8250128978363825,0.802618799232367,0.807009519003666,0.752970051430397,0.7721803362620363,0.7693511924965556,0.8339422978130442,0.7540631325055676,0.8686473959216731,0.793954535073209,0.859377784184889,0.7270206478151929,0.7645828652090697,0.8269362623925135,0.8218703147916989,0.8498727991236701,0.6962823867386763,0.7976957170186744,0.7804625148557942,0.640932802895904,0.7382923998883023,0.8362994242568376,0.8337612916666767,0.8847470198611268,0.8398722816293239,0.7774778528329094,0.7691517647758205,0.7287601111147934,0.875474749968254,0.8516294220011216,0.6335737744382797,0.7664983877157409,0.8566766899491572,0.7742314516521529,0.607407218981123,0.8165546663264163,0.6725364322215841,0.8223630245020446,0.8956779139131531,0.6754611501853108,0.8810662187412379,0.6522873037167142,0.6845165010915573,0.732416031096927,0.8282965253572695,0.8147130029286537,0.6401094323094404,0.772921638349692,0.6744821847954434,0.8150847262814797,0.8254469054707273,0.6452947537342072,0.7090551309900854,0.5963927291609445,0.8311887636395037,0.740285566491271,0.7074402561327148,0.6808737482283849,0.8036168077543754,0.7248792456257699,0.8468884054374491,0.7956860329457781,0.8032784051636922,0.8807759249320202,0.8550536337481083,0.7130968767549294,0.7123587106659983,0.8139528569423498,0.7544382453291182,0.8368424604332606,0.8776184886316355,0.6515769787352265,0.6892684393513339,0.8893844790084643,0.8528459888515577,0.7739037030288429,0.8514779655826391,0.6844766414919359,0.7747573072180931,0.5820690960261576,0.8514932857061909,0.7568744089571003,0.866709454146652,0.8836203816789028,0.8502502686821282,0.7507837797430281,0.7812690023534258,0.7398198928898776,0.6757474259871478,0.7724771818893293,0.6779643748461095,0.7474578297350675,0.8281713723410085,0.8756961150426298,0.6964590518045015,0.8271826099269624,0.7438462376843541,0.7629713876845696,0.7006268457529894,0.823952989512851,0.6985627553632049,0.7310057452869141,0.8284133252759959,0.7891222995613842,0.6830490417867107,0.6574080117357433,0.7025626822403402,0.7894486147963173,0.9308280640644913,0.8241769865743082,0.8030519877354502,0.7807225611141402,0.8739690663093936,0.790350631106129,0.644017142170188,0.8916936156409362,0.6259645889677995,0.8008759525814403,0.759578704131757
0.7715397115480863,0.9431487313892973,0.8535771544057059,0.0,0.768517442850556,0.6888797280153011,0.9155673251170635,0.8965147171322595,0.625090679392043,0.8996004321534031,0.9052018429967364,0.7646652934858371,0.9395933012329646,0.9281103941966529,0.8752462124494275,0.8190154453814632,0.830192446783919,0.88579712549151,0.6648931661549417,0.7191917939494772,0.7795608728305142,0.8809249102461235,0.8679595744484305,0.9202945079938706,0.7738341703214675,0.8703570862736482,0.9554409008634694,0.8267760174822193,0.927439772794904,0.6538066297540542,0.7146961343851584,0.6972240793240775,0.9563483818547553,0.724230747508771,0.7700210562775275,0.8256378721973979,0.8878218852559976,0.8099080088833215,0.784496341503046,0.968664209580401,0.8904612904863296,0.6804857897878422,0.7015136851072685,0.7683081148715931,0.8950198631863302,0.8828549841808714,0.705574868077775,0.794809385678658,0.8551978410597221,0.7573160749640242,0.8508527618646938,0.7722063811888094,0.827867240561452,0.9354860651392906,0.8815220589416578,0.7946006637639856,0.7751702815176813,0.7291720647553326,0.9000985130690304,0.9179372567733655,0.9446516239279743,0.6553244619339325,0.7210008916633331,0.7158895148567849,0.6600160820126991,0.7529549673682401,0.9687786326774097,0.8356089407002292,0.8201647415089075,0.87834246221647,0.7734279308525124,0.8268449402490585,0.7093409470661629,0.9474257021341163,0.815424063112868,0.7313458100352529,0.8899326616240777,0.930380547857645,0.7598176387550308,0.6695027702313576,0.6783056422691651,0.7030697741963434,0.8860600431760344,0.838146979251487,0.6668197571553283,0.8432664537109743,0.6630680004076123,0.7588304827259913,0.8233989046921149,0.9273439164779509,0.8321356681976734,0.6939091570913642,0.8406699935328122,0.7680615573603318,0.8861776427311779,0.8388305437214774,0.6121245088412413,0.6375835133415692,0.5842503107587734,0.9379609275235434,0.857565932059963,0.7496718985135413,0.6916901015694243,0.7466068042582024,0.7173270694153272,0.8007749635818124,0.7784480570401006,0.7653989046018921,0.9423321501726721,0.8718856360198387,0.7865958819646754,0.699481564231665,0.8509345067231077,0.8214087983250157,0.8745209037417959,0.9252779861249355,0.6724871667196023,0.7297809812141074,0.7906713264930872,0.8668099157496872,0.7931282115969543,0.8887695050127488,0.6422424974796798,0.8919735486823737,0.5984379796363777,0.9221615358679468,0.7326839484385983,0.928895089125703,0.8182260794240833,0.8765635182659715,0.6720485091998047,0.6374559729543281,0.8961939125984111,0.7156281466552075,0.7688237022150085,0.6771591285112548,0.7460429362253479,0.8919531025237655,0.8944104597125706,0.7612666335786352,0.9194079661910578,0.7093201981676983,0.8851724411838654,0.6568593983166767,0.8334330013891298,0.679854714685212,0.6993481313039619,0.9111547504006614,0.7106250200030236,0.5610212790083278,0.7246431966465232,0.7845623229214816,0.8398666542764385,0.9194808314154401,0.8051029586093593,0.885963446275593,0.9309191103778983,0.9196423675950013,0.9432586117018756,0.75889904073285,0.878892839084832,0.6702538587083577,0.7660321997043974,0.8249018276506077
0.8894898673519999,0.8480286506202351,0.7724351290238524,0.768517442850556,0.0,0.6781702642221675,0.8521237149004484,0.7557216445422997,0.8447671779054785,0.7232619284175361,0.8806892501677095,0.8187501896504468,0.7680332407937759,0.8209386084329923,0.9082686894504359,0.778908646484689,0.7488487273742792,0.8700616442497799,0.7260506629951561,0.821019383928197,0.8472412493467396,0.9067601686170152,0.7687116198574562,0.8675014628862443,0.7848065470651291,0.7810033376258103,0.746479635214163,0.6906883186898752,0.8184098158461716,0.7554232518189014,0.8833539612052216,0.7143548236477303,0.8076289119290727,0.6794586325749546,0.9151126711011007,0.9069363977151031,0.8805933915564228,0.8871589486994678,0.9038533325516775,0.7834408821184852,0.8527121352973659,0.7833137064833049,0.8552091510193581,0.9525826318459435,0.8019671494468754,0.7842184274718936,0.8416594213632553,0.9389529172398244,0.8398953699669132,0.9192585930535316,0.8833722930195732,0.7857910659644266,0.8460894482617498,0.8703989874721568,0.8719771777248913,0.8283894266145211,0.840672035079208,0.8023962293551246,0.8508504113054063,0.8368298630154557,0.7290818500715449,0.7817218396707217,0.8110525995820971,0.8464823139077595,0.86503290813001,0.7569711313780042,0.7734248473710692,0.9049749541340828,0.8130365340920261,0.8285858484822476,0.9416676067747928,0.9001643157104376,0.7491483986944254,0.7991440675750673,0.7363042694722639,0.7447391000825268,0.753566986959955,0.8574951427030509,0.7410378967093242,0.6630792779797393,0.694297973008422,0.891581653250425,0.8974509246224706,0.7158533576182007,0.7306962187613908,0.8171689841766924,0.7410341339580412,0.8510983162407634,0.6941142464053678,0.841536566969097,0.939754895546328,0.8563481403899738,0.9172607499520786,0.7851596065105624,0.8962607523377063,0.9019255515000651,0.7386694300865005,0.6597818647945506,0.828344521720976,0.7232635167028643,0.8823347073943305,0.7364174547141584,0.7703293721794336,0.7915163186579399,0.8527564893380544,0.7356311126367956,0.6921535579167437,0.6816199427949704,0.812389725413129,0.848171739983036,0.8161134509347248,0.8714840417027212,0.7539375060158539,0.7202148312388015,0.809313115479764,0.7569738179148651,0.6744366995279495,0.8439530606405229,0.7147488000229365,0.7666360654520067,0.9695134022089784,0.7801805089356959,0.712329937253597,0.8558246375381036,0.8377631627531644,0.8314908872690425,0.6860765846527073,0.8709121126245228,0.7404585382857691,0.855574824864353,0.6936264000909401,0.70437548516616,0.7622482511197529,0.903089805894623,0.9015720788391007,0.9033328215594563,0.8316804391728719,0.8832063685889509,0.7924169323999116,0.8802331390706457,0.8151637040415051,0.8723094317358249,0.8596388761197808,0.8439844927842828,0.9306951872753915,0.7809940576019896,0.9337275411145752,0.7129365268554841,0.7680712318089254,0.5958391405778237,0.8436915817122325,0.8298483913416116,0.8855497716971766,0.7873692321327671,0.7841520987993289,0.8965340908214621,0.7820678888343456,0.7523589530501973,0.8324739350097765,0.6986162556114556,0.6850069114194067,0.8266283484387096,0.9123014450873036,0.9470058952415008
0.7245773425904111,0.7113613772176756,0.7372832670596591,0.6888797280153011,0.6781702642221675,0.0,0.6941863529958326,0.7632465093477916,0.6240067081604095,0.7659228898030804,0.7604484068726485,0.8113073939681618,0.7389248238626598,0.6284427843549313,0.6373700901871042,0.8102880204199384,0.7892749225699537,0.6921155296200053,0.7942116237618652,0.6954266235233522,0.8020116361824903,0.6791629661671204,0.7044064576786231,0.6815923463479975,0.7911609984997943,0.6368694246135939,0.6487866481100147,0.7509662330856717,0.7004259138885258,0.7817550505914331,0.6710923159256187,0.8484965823385514,0.6397419679670459,0.7225532071245112,0.6495779856060157,0.6796399170889347,0.7314010967952709,0.6700035577384411,0.6882130227816962,0.6523210324442626,0.6417834054668204,0.845976638175952,0.7114094875897138,0.6973362893219203,0.6866881503274179,0.7104288046384184,0.6955146765883199,0.7276267399355124,0.7221823320091069,0.6935739521989113,0.7777352450646344,0.7305859038683987,0.7159629918707993,0.7375300924245658,0.7486070819537612,0.8304396262840191,0.7537636793847668,0.8703492664404529,0.6950507267508708,0.7205394962968644,0.7682727509514834,0.7382731415084385,0.7877485205866593,0.6167857621102674,0.6473896225683243,0.7555849931247005,0.6433089191552382,0.671856068709798,0.6802706009372618,0.7716813810182738,0.6582907249066745,0.6316026901134286,0.727647397678168,0.7591060293246608,0.838590901856567,0.7265715340366674,0.7596234760982579,0.7088824471310006,0.650907926382287,0.7811509148414382,0.8385721236374666,0.65114499605546,0.7285005919708287,0.6761558979624246,0.7398805679112381,0.6580418893752538,0.7944325682798054,0.6978095138478864,0.7598041788305281,0.626347803804854,0.7308585711659905,0.6747651049772424,0.7432623958788588,0.7533609150248937,0.6693555276808003,0.685934312642157,0.6620780639382715,0.6791743560384628,0.5726545505484202,0.7070300819077187,0.6378584468153262,0.8167275532772217,0.6740879044734589,0.692125528778594,0.7085903936002558,0.7009786227489914,0.8136645760348075,0.7130994172465054,0.6688361899168955,0.7691634479570703,0.7993261258301994,0.647290133106147,0.8164471828895032,0.762759781394575,0.6818653140494032,0.7053048932174818,0.7734509920652964,0.7415235693228135,0.7792611073455753,0.6469016712589026,0.637844718196432,0.6938908353183271,0.6791833358053391,0.7532986559002682,0.576110608412179,0.7363627303909067,0.7508340177186226,0.7031417299497017,0.7312475344334619,0.6018683481398958,0.8044442194360933,0.869795457784468,0.6902536398134774,0.6286632223170789,0.6741694137098783,0.5969724130968062,0.7004517913679714,0.6159306155259272,0.6355214934180009,0.7131561472080208,0.6426057340105876,0.8005506408533846,0.7300088782201422,0.6563570874991136,0.6910527222945194,0.658560278041558,0.6355670257032083,0.7151627635622606,0.7320023069389257,0.6778905601256867,0.6902898832230776,0.7544313761408166,0.7397380036853569,0.6431371510298801,0.7712331223211848,0.6795483952841042,0.7104479863781715,0.7746082944598301,0.6229744059319487,0.7700175610943079,0.633071069812166,0.6985782597815513,0.7124365186049667,0.6949535522816158
0.8482937958989539,0.9205932371810894,0.7640448573932256,0.9155673251170635,0.8521237149004484,0.6941863529958326,0.0,0.816114693073822,0.707617075381568,0.8585288866816831,0.9332821859281906,0.8322447742788514,0.885381568013058,0.8939844893714607,0.922781328636015,0.8144197857871465,0.795151742930088,0.8950689997381955,0.7375407179759143,0.759786999062939,0.7929796688279763,0.8798332557598867,0.88406796279567,0.9173385192967742,0.8211865884481094,0.7975028240339297,0.8906119677764028,0.8032043752309459,0.9118892501379406,0.7513561846307375,0.8278505855667215,0.7803868234154041,0.8913290383751185,0.7463675458848124,0.8348403747875055,0.837871292948551,0.9451379777313448,0.8019633009399905,0.8910960624974437,0.9004475187994333,0.8347592045057611,0.7163645773625361,0.7686945027103677,0.8530282921507033,0.8571655276957718,0.8635889200766459,0.7281713246559612,0.8631421519411815,0.9351222597093604,0.8135331020381676,0.9384288828733981,0.7281215081820264,0.8791419537110319,0.9342055439618753,0.961631743239071,0.7959311315425792,0.839747373263304,0.7555792615167323,0.9352967808617468,0.9337565457270348,0.8822771712978309,0.7184654479137852,0.715815509896784,0.7314075303222525,0.7570332425309547,0.7768895869451222,0.9221238358836853,0.8774106798244042,0.7834744438919367,0.8658647998144632,0.8254537771903544,0.8833354123213109,0.715999718063109,0.9170461896101288,0.7621954331515094,0.8431172535584414,0.9299960599086416,0.9501594222953964,0.7220497741720409,0.7444966234932257,0.6446272320357068,0.7787941540592613,0.9376986345645556,0.7309041987555053,0.694897076182146,0.7761959862735075,0.7219264557469511,0.8820585109840806,0.8312079558357219,0.8984968564129227,0.8747750381205885,0.8095554598324904,0.9423128444565759,0.8567291844102785,0.9065232380048982,0.8770969009116787,0.6456757983787825,0.6132640000446039,0.6636464936715476,0.8751852447052896,0.9478838271629232,0.8177148373605795,0.7323928217538229,0.7358557058045517,0.7628322498547395,0.7456952930036309,0.7552285242234218,0.7048871086941102,0.8989454115242501,0.8904575749655737,0.8770241383309703,0.7470094229515085,0.8383477111630278,0.8158868616111594,0.8360175815217572,0.8326618514322592,0.7052218518065221,0.8526785553694478,0.7204400485422334,0.7799107091860187,0.8565529716913042,0.8088454927937495,0.6486541861922875,0.9657100655698834,0.6909029664021896,0.9327153910423536,0.7149136282759624,0.9400920052972186,0.7561954701661779,0.8544607945501996,0.655241598645526,0.6203442864904295,0.9174263306572892,0.7730126066811416,0.8171983970841739,0.7595115999478088,0.7890792157100108,0.8902908057707276,0.8296827400738634,0.8696441532009419,0.8875209664393939,0.8061454773379617,0.954716673314452,0.7068920965254171,0.8847315430141964,0.7177060336758511,0.7487875487584456,0.8683224648179838,0.7163735307580744,0.5314504622249497,0.815721348282962,0.8822465106737717,0.8856076292616166,0.8479237180132901,0.7860876374408633,0.9313296062763139,0.9454695099385572,0.8619018103731905,0.941859097951688,0.846800648386657,0.7661540670648642,0.7693303358278083,0.8099207598463833,0.8913900583207193
0.8277673336092606,0.8947851512947869,0.8928822684670862,0.8965147171322595,0.7557216445422997,0.7632465093477916,0.816114693073822,0.0,0.6424608216792439,0.9022945002634216,0.9123200238537426,0.8402698383533032,0.9461674500192125,0.8420287814489668,0.8118547017274238,0.9205306388247994,0.9223612949135102,0.9080208793682129,0.7494786630161507,0.8301187896914298,0.8806699333785837,0.8347046547537096,0.8894239763529758,0.9007988646908255,0.87399651294433,0.8832670436025373,0.8901194905558869,0.8902022410709532,0.8743048633095496,0.7080092405779004,0.7427308449398592,0.7684053174745907,0.8501045274681901,0.814546045395648,0.8010282831626465,0.8654838326344909,0.8970856692387996,0.8876829093034756,0.7742772686553648,0.8969645076283925,0.8762562489947573,0.742177866763813,0.8036033241919072,0.7869703397027472,0.950391154207084,0.9314566001053352,0.7799584388996581,0.8438728541612386,0.8641807380846476,0.8192798538348046,0.8503837584224881,0.863904260639704,0.7939815388235045,0.8898599123944154,0.871499340469576,0.8261876456175993,0.8473521298325727,0.8422381332577902,0.8791022091635646,0.9200103449153288,0.9248340517868854,0.6899025916066938,0.846670634068984,0.7879044360260083,0.6837285875788841,0.8562893857032976,0.8632507205937983,0.7894664241837656,0.8991209709637505,0.955200800297468,0.7735555743006596,0.8323228507979945,0.7842200485529628,0.9367003284591789,0.9341289137057025,0.7598551582303559,0.8435063071868857,0.856718398041857,0.8766828488369218,0.675153209602646,0.7735595471401933,0.6992341235044204,0.8296315384497144,0.9362683590127546,0.778758434580231,0.9156090800637079,0.7748735459188725,0.7706460541832004,0.8829303028453866,0.8386287606511542,0.8520996236380428,0.686734359956642,0.8402811784379475,0.804099410979549,0.8168040062761246,0.8132775735100499,0.6593738684090927,0.7634787033111882,0.6039770902101927,0.9185188351973487,0.8017449869451199,0.8328090825191853,0.7644439960604119,0.8499042156069481,0.8074689075410423,0.9043330428792649,0.8972976186322726,0.8868861395519764,0.9093004400101636,0.9131211867228537,0.8165156495099005,0.7706569497896493,0.8641008116988181,0.8644512928828139,0.9274019458574317,0.9286106709461747,0.7808420289534338,0.7828466007478045,0.8847040311897081,0.8386152542547777,0.7899808620595928,0.9038916498157107,0.7599146555419167,0.852953649510041,0.6063942849211096,0.909366730435089,0.7453247673597917,0.9031276213214343,0.9313321676171502,0.8386545356390979,0.7947726668859594,0.7531739379713699,0.8671717894088001,0.7009373121991253,0.8223109888749872,0.6773672651187567,0.8460894544643942,0.852005515265515,0.9226491859964319,0.803414452393109,0.844735777424293,0.770554770904533,0.8250279500521558,0.6764625808205162,0.8648581421299499,0.7639256596467157,0.7063457578105145,0.8416111912414169,0.8555625400031978,0.6941480029241123,0.7785739144762196,0.7827980925111064,0.8777731983572222,0.8660973707563524,0.9180129186485085,0.8752675033914298,0.8769760433163645,0.9142311033320815,0.826609707696381,0.7473512460138504,0.8464506045523963,0.722459438799354,0.8302099543288656,0.8246659274817669
0.8314634162869309,0.7045577708487328,0.6075092869638932,0.625090679392043,0.8447671779054785,0.6240067081604095,0.707617075381568,0.6424608216792439,0.0,0.5924825372465735,0.7326523544056536,0.7262704788340002,0.6172028367611884,0.6899441334837972,0.7779029695892171,0.6362525071448001,0.6187431043124162,0.7439291063403066,0.7244994945666476,0.7714302020533212,0.7129712342754408,0.7663239972857152,0.6403465709754843,0.6884293505035607,0.6962457815287665,0.5961689509400425,0.6123137593023344,0.6008649351226247,0.6588531962840241,0.739775936627854,0.8855235441114632,0.6696026046622138,0.656917026518198,0.5991393527586215,0.8587608380911212,0.7787604872885047,0.7240226935734874,0.7700668367691459,0.8290736265159667,0.6149800217395801,0.68714126903428,0.7436348190778659,0.7747632420733312,0.8330539566541404,0.6547648279405152,0.6401762402410294,0.6895804358299826,0.7837836023622187,0.7179225166954242,0.8415917589523148,0.7637728825755601,0.6476755989039665,0.8041047239900422,0.72147048134519,0.7438674876477277,0.7017107090616134,0.7663488786039139,0.7161349369770086,0.7272480213079886,0.7036236299649551,0.6218396896672567,0.7574917419517471,0.724300635403218,0.7662227554344475,0.9121743320280671,0.684058192363683,0.6290749226917781,0.7360095927441225,0.6910141020065649,0.7302263739317291,0.8357078986529968,0.7951451013825775,0.7185498621955934,0.6439960264247522,0.6589572472196861,0.7092463034894799,0.625319665807946,0.651948049971053,0.6283339416714847,0.5795198004021203,0.5951483139398441,0.9256817937876822,0.7353999522399364,0.590206625059265,0.6849672970713159,0.6776614931721164,0.7523325508455774,0.8216918837385214,0.6081563011820058,0.6929908157580713,0.7967946830455633,0.8849006513268257,0.804146253523213,0.7373005649940796,0.7891427431546046,0.7614825078539356,0.8237732916830893,0.594134582492883,0.9097204767108393,0.5915258751095382,0.7805232149715267,0.6703159657745734,0.7099003971985481,0.6887962357836049,0.8448346469867445,0.5868933494693428,0.5871620278402369,0.5719727950669822,0.6371001338968835,0.6780846611460223,0.7197550629908404,0.8082197358326084,0.6570394550134134,0.6596795638691798,0.6680107243104083,0.6023676298382499,0.6385902723443502,0.7894996917362714,0.577848428638332,0.6618278792200133,0.830297957792736,0.6665054292821522,0.6509648827445488,0.7076732195780442,0.9593838431891805,0.6710022348724701,0.6205506143644662,0.6870097948262925,0.6026949602237179,0.7006842915354254,0.6764679102187433,0.6391900698566554,0.6682562786067233,0.9384344370794206,0.8230332332531527,0.8861992753684347,0.7169603302244203,0.7190404218174036,0.6383703911693642,0.8246401208841537,0.6963553378748427,0.8188848716441491,0.7769006643476141,0.8954121695044028,0.7649880057789802,0.7020643252570096,0.8802124358829564,0.572910359072389,0.6781899576310143,0.5576842583627201,0.8311172096643568,0.8016977049851726,0.7965843275891421,0.6048440421888562,0.6487009483020952,0.7723156799401459,0.654122720214095,0.5795863745292374,0.7020339986583638,0.6313940921879826,0.5456029739874596,0.858207006768267,0.8300184988768635,0.835765777617035
0.7504156007898828,0.9044933797756461,0.8820874537697276,0.8996004321534031,0.7232619284175361,0.7659228898030804,0.8585288866816831,0.9022945002634216,0.5924825372465735,0.0,0.8910567979757593,0.7992304122633009,0.9373638286965515,0.8544884216856429,0.7888249708952121,0.8790216287417785,0.8655611396863391,0.8454826572116065,0.6983898143453031,0.7231964902876462,0.7872140116004632,0.8224136604267299,0.865534317951968,0.8526010174497588,0.8323020045928605,0.8087277313870349,0.9073915376449361,0.8536235159466381,0.9404133067092622,0.6941393253398023,0.6950708549485125,0.7765311246467548,0.8475911317541095,0.7541838118519191,0.7283814645357471,0.7952736520778187,0.8697823766877447,0.7835452140129111,0.7478053110832464,0.8911560525844832,0.8100932932128452,0.7130624468487888,0.7137795435225284,0.7338536418364044,0.8698463799243155,0.8594127925577562,0.7187191247921764,0.7917042703176868,0.8508169419583529,0.7315333931831093,0.8211570695817584,0.7438657636373647,0.7776987695883906,0.8761685154172985,0.8827557951184185,0.8110568537606947,0.7634807165338671,0.7741738615286037,0.8761867085753291,0.8786305384609213,0.9284664788581136,0.6643926650522644,0.7228245099721577,0.7111928212645815,0.6261573055254085,0.7558433424197701,0.8741876573490953,0.7876436264708836,0.8343807097832272,0.8800397139192196,0.70689850347147,0.7787493837116892,0.7053298205596487,0.9219066820900899,0.8608234596326998,0.7532091453587055,0.8857326519679244,0.8983458987365673,0.740949587359519,0.7022442372682743,0.733288961596638,0.6364110773553381,0.8499866604167663,0.8387908134310678,0.6793821292777582,0.7964921523399472,0.6951024959980385,0.7517208339671138,0.8642581925518525,0.8069094498985758,0.7889898983085551,0.6644255276913116,0.8329646527516719,0.7581146144660131,0.7919498415288521,0.8191635997008653,0.5923962895619882,0.6680268528610013,0.5604197239677617,0.9019782795329738,0.8011367444554207,0.8034546500524162,0.6832514504076863,0.7780476498846454,0.7028650436378737,0.8049793208850837,0.8316544638898087,0.8098864877259007,0.8881881131165242,0.8787978005273689,0.7919032185379089,0.6686911323839488,0.8441994036936984,0.8633580732737469,0.8267361209963604,0.8742573003592614,0.7234956740494187,0.7727992173637903,0.8345229595488157,0.806932323195805,0.7272257609904235,0.8176324423004582,0.654741417257518,0.8554648188776358,0.5654737658384783,0.9267825277818593,0.7250135028361039,0.883514046366676,0.8620176269445372,0.8017023831494576,0.7508784463547099,0.6844558647001984,0.8550724314926748,0.6351206774777394,0.7399429804957701,0.6358944756579601,0.7604856677249846,0.804655666680423,0.8565389597410914,0.7517536806957454,0.844942451437161,0.7674894952674722,0.8204982903659922,0.6408714181412986,0.8126965951913674,0.6819256137948914,0.6449389739068776,0.915790038955776,0.7796428442704053,0.6284369591934255,0.6947163319667596,0.7991758905169717,0.8122684821650253,0.8829801611867836,0.8302738238073298,0.8225123697546621,0.8885985525054119,0.9178577441088523,0.8342314630220977,0.7814975057374524,0.8679621659488918,0.6676797686167336,0.7620368630612321,0.7557434972302
0.9055950673984909,0.9367949101621827,0.8414937784137615,0.9052018429967364,0.8806892501677095,0.7604484068726485,0.9332821859281906,0.9123200238537426,0.7326523544056536,0.8910567979757593,0.0,0.9090475355529907,0.9309368844297026,0.8801081063392221,0.8943458682327089,0.92435764046735,0.8993464576835186,0.9469413847116303,0.8027611584561876,0.8519928431753713,0.8916951439817092,0.9015244433563722,0.9290360705334153,0.9463278302683756,0.9043907561163192,0.8436186484205302,0.9071953558472171,0.8793703820301031,0.9272044103602176,0.8127181264898138,0.8382146894612623,0.8220967299837665,0.8669912119154636,0.8085137892332886,0.8760524591997163,0.8908906268395004,0.9724079616615747,0.9012748421658326,0.8924499759907873,0.9044196109696674,0.872228117076225,0.8029932494405088,0.8390499274696596,0.8787421988949371,0.9160357569712992,0.9088632142129567,0.7824907458550373,0.9209918275103881,0.9559681683863509,0.8713680308810223,0.9410496479764482,0.8136995023497995,0.8654042583494549,0.9394618535189422,0.9683488778562712,0.8424833279899212,0.9080474078084897,0.8769318651854064,0.9305858307433197,0.961395745941792,0.902503796896252,0.7172543347841202,0.8140383219463915,0.8013128215430111,0.7584290477903016,0.8312162310062475,0.8826159665945283,0.8514116461114397,0.8713136473188257,0.9619965532294483,0.8330293319355593,0.9001600053562039,0.7842346380489245,0.9473987823773754,0.884586507524718,0.834413664766175,0.9116978613208756,0.9430430129416117,0.806430468052789,0.7492689309634196,0.7143263915588862,0.7758849509238802,0.933539748775779,0.8264995943162434,0.7782199343538848,0.8669606311014025,0.7987574004538018,0.8646062484604502,0.8705120673442095,0.8810158062774921,0.9350695340264089,0.7791409469124491,0.9608730261275484,0.876981941041796,0.8926543351641941,0.8806205944108597,0.6660928949506134,0.6936501015949994,0.6763794255952885,0.8821262336384328,0.9111369726174023,0.8590921134885536,0.7689650070566911,0.8162341582446856,0.8310221536669989,0.8300178812776596,0.830630031268206,0.8141250585707209,0.9079329956546327,0.9504633520252039,0.9041103918690335,0.8133247068509,0.8577912664944896,0.903232825619838,0.8976184108894755,0.8994738736700423,0.7756508191150615,0.893358323723754,0.8089254688172302,0.8276157970681205,0.8881432534529584,0.8487301228298547,0.7377694436887583,0.9506051107217498,0.6957900362738433,0.9521938074013706,0.7286567433546661,0.9534956581629631,0.8535889116275175,0.8570507654967195,0.7765935459371847,0.7236087620616665,0.9302491566403545,0.7946711848978015,0.8728249205802917,0.7558728456975521,0.8751732036363205,0.8960068897961436,0.8912388667955161,0.905151714192848,0.8641480553179502,0.8694419819924639,0.9222535078913401,0.7338514564656641,0.9358737032769497,0.7718026185938591,0.7777325209047469,0.8487674432971097,0.825826829020235,0.6409617857353972,0.85554827629111,0.8836964990194897,0.9620656551879222,0.8542031491423915,0.8858612313965554,0.9391542649085844,0.9475016095703246,0.903298278099469,0.8960351277052241,0.8318201023019399,0.7741403523525608,0.8119895285430361,0.8646368733432411,0.9403879837260318
0.9034524481093417,0.810808305874162,0.7344193847651248,0.7646652934858371,0.8187501896504468,0.8113073939681618,0.8322447742788514,0.8402698383533032,0.7262704788340002,0.7992304122633009,0.9090475355529907,0.0,0.8086252263932286,0.7118614218611121,0.7870726218049935,0.8997275590746967,0.8635361940062839,0.8413611656998325,0.9414327842614268,0.8938207886758239,0.9234488706965589,0.7660521343068923,0.8841567065694003,0.8528790879771598,0.9634840249095594,0.7453219405564764,0.7510136090062753,0.8542603529362789,0.7966458592575095,0.8819457812940266,0.8742524528152443,0.8985170162925105,0.7223693528597273,0.8860115457605865,0.8488513252106333,0.8346748770862393,0.9000762389688542,0.8268477387567432,0.8797509817434598,0.7583192989109071,0.7655031402040243,0.823776575377804,0.8976766427774359,0.8811819735876525,0.843375711859799,0.8485018107327359,0.7770298424043804,0.911092174397689,0.9218315784458209,0.854611122433799,0.9109194704190544,0.8029768447624303,0.7823375772938821,0.8417483769217874,0.9159293012505019,0.7981120933985277,0.936815966574335,0.9368388175551798,0.8301474070820251,0.8713454326031488,0.7953281673184713,0.7001542400877915,0.8328843979155549,0.7703811228247777,0.7785923046844974,0.8626645147727892,0.7334238896061412,0.7349728341375582,0.7710295468264774,0.8821160562165065,0.7669098636769511,0.821533120791237,0.7790487701848207,0.8388793796164253,0.8382764161285328,0.8772233834617158,0.8309794289387077,0.8151223600328608,0.8021556239360319,0.7910951481673085,0.7211869591454779,0.7609155339345327,0.8176243385278975,0.7387866740199697,0.8616532365233103,0.7849146661345849,0.891531731470582,0.8487396295391947,0.8565524191629331,0.7426935024030377,0.8618238437015316,0.8102044438601039,0.9124807657420236,0.9128418167743098,0.7600593771359557,0.8035215566446453,0.6893400867928743,0.7633151236193428,0.6890247750326286,0.7852377059041308,0.8183890781240939,0.9149385883444441,0.8278629987410203,0.8404454889563665,0.8468783123180265,0.7921951878706466,0.8552738532522134,0.8047398144035083,0.783152661613422,0.9241477962940216,0.9681646861065799,0.8322823030464465,0.797664533988158,0.8271122030707572,0.8215209075104062,0.779646019187699,0.8747545942615926,0.9466826430019775,0.791736951947165,0.6824665776233633,0.8126445741574814,0.7378370083137054,0.8090934936270379,0.8869729789257178,0.7069979544325776,0.8695445348598706,0.6811273704820342,0.8415025927532813,0.8344688302903118,0.7234255198671848,0.770116374217927,0.7430495141000469,0.8215472841748217,0.7567097401595667,0.8674036848991782,0.7258012610217406,0.9085928341070441,0.7769390096598066,0.7844167370226818,0.9345142546541196,0.7344084855846801,0.8865069028630249,0.8394451591707157,0.714859597558889,0.8888883039954552,0.8141824578174818,0.7432763396492365,0.7301338535769498,0.8771072798473805,0.6871864759144011,0.9153767307116003,0.8687488899989247,0.916803613561474,0.7125446966179272,0.9193818529176082,0.8491708218444487,0.8370207142940278,0.8195172448797253,0.7505954580018022,0.8313643383059646,0.6526941373140468,0.8803403204293687,0.8539787858064624,0.8801420897650168
