0,1,2,3,4,5,6,7,8,9,10,11,12,13,14,15,16,17,18,19,20,21,22,23,24,25,26,27,28,29,30,31,32,33,34,35,36,37,38,39,40,41,42,43,44,45,46,47,48,49,50,51,52,53,54,55,56,57,58,59,60,61,62,63,64,65,66,67,68,69,70,71,72,73,74,75,76,77,78,79,80,81,82,83,84,85,86,87,88,89,90,91,92,93,94,95,96,97,98,99,100,101,102,103,104,105,106,107,108,109,110,111,112,113,114,115,116,117,118,119,120,121,122,123,124,125,126,127,128,129,130,131,132,133,134,135,136,137,138,139,140,141,142,143,144,145,146,147,148,149,150,151,152,153,154,155,156,157,158,159,160,161,162,163
0.0,0.43635782760263725,0.4569715043550928,0.38520132248703426,0.46718560869530723,0.44641122302873515,0.41979881856889484,0.4520452162629552,0.4271337037815357,0.45409504796255945,0.4401365787590735,0.4483430192873032,0.5703432992061571,0.3717854107146306,0.45415111373907463,0.5040193159160776,0.46744829628318973,0.5921008070518073,0.441335513963176,0.5898983769493352,0.4731213646611402,0.4589514166958646,0.43672276892572004,0.4050597451617995,0.5659677753302996,0.35802173192536935,0.3857972847212932,0.41554919304803556,0.3671436724244156,0.3778726027911942,0.4942142925019956,0.4945698180353838,0.4006929524798282,0.4342194892802218,0.5253039698666263,0.42612898499809104,0.5435035423458039,0.45923685219250254,0.37958122551903595,0.4517691177794021,0.39448909773925206,0.42679329560191975,0.46904465690593844,0.4487817514532731,0.4773290777045775,0.544148138181552,0.42215210597389174,0.44825477858144,0.5093374124561897,0.5036143467837016,0.4685623701506693,0.453689755809444,0.3804114523139015,0.38992810417750534,0.39704002716439857,0.3809757214494455,0.53900015766449,0.5041141029001038,0.4154158211173517,0.497781046356723,0.38695242935100777,0.3568740150142526,0.42178566766337333,0.380005292787945,0.40656577922051523,0.4341978238470126,0.41491415154004563,0.4358514053008392,0.4034657968462792,0.5162166818328227,0.5365081637728477,0.4147599034716061,0.39222877169404247,0.4636221790487919,0.4660765516258247,0.4486223732816198,0.3696677099713623,0.42414718560829584,0.403580833857773,0.33198873218780695,0.37963008428735096,0.4988825678828086,0.39632691509957724,0.3882372641480001,0.4248346469605454,0.5125547218682716,0.4351345857242926,0.4500955104425057,0.5469076818349446,0.3521082705718502,0.521584720085267,0.49128134498142384,0.4693056293848371,0.4385458184128394,0.4170523328174609,0.4139809413526917,0.3204126772294319,0.4465102255373714,0.34918174883233044,0.48705016850116184,0.3642515645686723,0.4102079908639954,0.38729971528129864,0.467856619653727,0.4682047449459204,0.5066926998591699,0.42660107553493914,0.45532969435745496,0.4740849033451685,0.46290264615914506,0.4477722590907128,0.45668506512880463,0.43775807264152433,0.40116634129120793,0.4218396216362987,0.4504841117771332,0.46312464710516077,0.5129144724017023,0.3691641653666842,0.4019313146480868,0.429792277927934,0.36772159980552416,0.4324491898984434,0.5194216595479806,0.3718425355970424,0.43163025316598497,0.3650069982186458,0.39813375853882416,0.40002129185830837,0.42778978395676703,0.3648067927510772,0.40421513620196625,0.36758717116344175,0.4143992941955809,0.42989624768209805,0.3729199825224381,0.416501028429445,0.43781469471456413,0.4285044096152943,0.5217155463422724,0.35345133178000354,0.4188216815473456,0.5090168562359776,0.38233815735927235,0.44018704688719845,0.46098747952970764,0.42406754726655305,0.39941731074347375,0.5358393094755451,0.3077035833823647,0.4982429629318759,0.39803948683406787,0.4758235633867015,0.3433769781027827,0.5278981625550202,0.5115643187873131,0.4364723744051793,0.43232306156729455,0.36344147779856856,0.39065668966779316,0.3524627827140133,0.44581378178690045,0.34734452327264226,0.5392665889814201
0.43635782760263725,0.0,0.4603670947331012,0.41571777242559677,0.38295394256454446,0.5048750248508954,0.4450843186673305,0.5277332712739395,0.4071952145551228,0.5504443518734856,0.3952935678531874,0.4714803850257275,0.4634732965573359,0.38928786900079265,0.47218961178744917,0.3847113214693526,0.3875720495809273,0.4147252450886851,0.3812180569544048,0.4209252928878157,0.40091160765151385,0.5156758329500228,0.4197283056744765,0.44971937123661987,0.45891584480012565,0.32566592433323205,0.38315878284644844,0.37335624108341453,0.43479656010408335,0.34902888369709867,0.46849419416057114,0.383387168728053,0.47163369549365614,0.3508771440400668,0.3977502511720263,0.3786288681075508,0.442235378034804,0.3782457312461038,0.3874782486081411,0.4112735000065308,0.4277528718956723,0.4395051190864569,0.3216316135710319,0.363875816460379,0.48629756151308373,0.42663219296477817,0.40285887796087344,0.350540619906718,0.404625971990366,0.37694373912314405,0.3930017607252456,0.3865001584426233,0.3988442058359125,0.4384865644060426,0.370829750533616,0.4378960661487589,0.39935345762645985,0.40174868563599514,0.3957110591501972,0.46135937397406035,0.434647756129182,0.31210555244576627,0.33292249014543285,0.3075169829690582,0.34765781359828457,0.34091583080031584,0.4280954381468503,0.42507527051403887,0.3303861566247115,0.4286048936221407,0.4140771049829535,0.36609118172332444,0.32104956778318805,0.43401747944422603,0.4108044985103168,0.3657418971295344,0.3576074121524659,0.4578020496401392,0.3489552316213385,0.3194449090683283,0.3543010798597361,0.4220027198997303,0.4862964304920375,0.3565687878438124,0.344268092464526,0.5416691395701091,0.37021604014565823,0.34253560240398534,0.4078475455818735,0.44359049590413385,0.3746370103311083,0.4405742983780767,0.3954511431022145,0.37522724155019627,0.39021786768287603,0.5125693754381144,0.32656823928362316,0.40993517150160325,0.30671918725620556,0.44444447418036764,0.36630420737320873,0.3290711118544497,0.2994568529205482,0.4233428264298834,0.3538435636813414,0.4132718798019519,0.34775996603496045,0.4609041033493431,0.4349113579294899,0.5425057157174132,0.3678730940494955,0.3354088088438794,0.3872183885258463,0.3546709355520185,0.3868759970814488,0.5546926097185297,0.37761733441929546,0.34061982723467515,0.3434196317216227,0.36440733306927275,0.3815649875544648,0.3514319390709406,0.3725327353214603,0.48155872045029025,0.34939668497872745,0.46920711718317804,0.35597263355260866,0.49016428101744064,0.39317921471517375,0.37941927245694035,0.3946592614973889,0.3719156331785598,0.35815383732320066,0.3975772754275047,0.39138286063707123,0.3356059745732908,0.39395231934505015,0.3872604479590285,0.38030590136718634,0.40033137925620654,0.37782620512220755,0.3729302378596079,0.5071139183365625,0.3469811789546079,0.3892815980006897,0.36753479048943316,0.47974002085674894,0.4235125456838232,0.46296724341421874,0.28077998783111846,0.36245036369448363,0.3811307496618376,0.37912168780132727,0.41728959882962824,0.427462745310854,0.4872300800605359,0.474548256678036,0.48930680906206553,0.36578410571582265,0.32352424188277573,0.3677680676776369,0.40080466430241474,0.3380948396365612,0.4189780250151018
0.4569715043550928,0.4603670947331012,0.0,0.404334441286608,0.43880030920227625,0.48414565108826846,0.3971105294940087,0.4621144849492215,0.34790564414986375,0.49099061307828995,0.4511111800034751,0.40138688119762256,0.5431885788942467,0.3589628394820857,0.42197045167175695,0.491514145927835,0.4526283551296346,0.44533268642480733,0.34837660513843693,0.39269086031478806,0.4442960521132127,0.56170974982526,0.39250448523859466,0.40494200783590084,0.4347910554305305,0.38444805411244853,0.3807146377153818,0.3986211224050899,0.36234874212627116,0.34256667140469027,0.3726450581002734,0.41374702301764554,0.3900770218423343,0.35128000868286763,0.37204673266749105,0.3839822480344573,0.4808196336632579,0.3833476151611674,0.3502726706070668,0.41350148593737396,0.3883038095309211,0.43875237364528197,0.3532487237410706,0.37330578158644956,0.45709486288813705,0.44554430811788037,0.38527076633086954,0.39620335057994155,0.3992185913470711,0.3883089906117943,0.4074718073536011,0.4271597776238487,0.3210503439090329,0.410690940459508,0.3627457549711945,0.3611459489492328,0.37662527283592523,0.46640835983809403,0.37240963462851434,0.4266596861541288,0.4033102364845102,0.32236285088355193,0.3855175823075192,0.31873898627662745,0.32843569727747934,0.35936131857980236,0.4141207593438671,0.45838380328910655,0.38856000318544776,0.46276760010297785,0.4481431753441973,0.3281269353385693,0.3610893257266682,0.5271084683099633,0.4352789946239927,0.3260382039843981,0.4031454231026241,0.4419369449926088,0.33613427215383085,0.3023719744373661,0.3696430491895192,0.4194852156912756,0.3914541995965439,0.377959182238668,0.3455300557002698,0.4911533356444652,0.36879982424434793,0.32744455569511527,0.4077530460051019,0.34386255904307006,0.4412178266206856,0.37545521589519865,0.3795521597057171,0.32740168184547064,0.3727676221926095,0.4004504312412018,0.29833700818604053,0.4043202292128826,0.29091286087654517,0.44517683857791324,0.3070961533972025,0.36534099401313946,0.31322030542508766,0.41913485431245395,0.3606634126454301,0.4990480576649696,0.37872293233439847,0.4192566120051039,0.41961746418407997,0.4765966964754099,0.3831381052221244,0.3373487506279682,0.39780444269794396,0.35390026563194593,0.35353205953611994,0.48839289946565567,0.3395327490782382,0.38223183239155284,0.395362585084651,0.38022341706970275,0.3873178929432501,0.3444058846894184,0.35357613369001495,0.44553387497918556,0.29635540048890235,0.4301811758490982,0.357710579223023,0.4223120784823013,0.39526037838593,0.3786206291888091,0.3518878223475701,0.464504184657316,0.33041258934567375,0.3438633831507552,0.38819305756469946,0.309544987161574,0.3257779651985602,0.3593183941051639,0.37912646630311814,0.37975952386590756,0.3317106165388096,0.36422682415585766,0.4277009103985188,0.35402491728255947,0.37642987754896484,0.3476549400238623,0.4277364836889979,0.4076877083898075,0.44548252590405724,0.2934807140384847,0.3422172383677559,0.30501528634142455,0.390728916933444,0.4044514201985455,0.4401081000412261,0.4478699194492998,0.47627543992908344,0.48112545829838066,0.3031699906885285,0.3346966059149446,0.3786801841151214,0.3279006297848851,0.3301560860510861,0.4438981545402112
0.38520132248703426,0.41571777242559677,0.404334441286608,0.0,0.36625895641734735,0.38266005004296133,0.39590699172109917,0.3780466245712213,0.30184261562419556,0.39834443032568134,0.4881584556893002,0.35046914353608555,0.4329879248700965,0.4497777065036332,0.4278326569461613,0.4008897774613535,0.4451891449534231,0.4266045128413052,0.3813775825348726,0.38145037455733644,0.46222292831704287,0.41306616937081253,0.3711230921885335,0.3713365023559722,0.3910103503778278,0.4439223683048016,0.3727040761015213,0.40558351178685836,0.4684820671273869,0.2710489305852961,0.3594212706083135,0.4000341832477636,0.5064897967808017,0.3579782237131974,0.41322195910367077,0.46011312152392597,0.4114426555990196,0.42589181689802286,0.43489981989752585,0.4723917680924254,0.4839922576590372,0.3471214967932334,0.38682246760570166,0.44766908961858687,0.40570573595299386,0.43153222076130143,0.28210031142976516,0.4448320660333942,0.412912223194783,0.43346992518196314,0.5232641142675735,0.4405366834376524,0.42023917589683585,0.5756584264267515,0.46317933147569923,0.31748223832971806,0.48007647559746314,0.3891701202278016,0.46761265166994703,0.5099364518967653,0.5578895277770513,0.37248480732580747,0.4114019395844008,0.33954105056898065,0.41642553510994795,0.449390126559262,0.5408160200760749,0.3461420067695223,0.398152804370356,0.39984691513020393,0.4212786058569909,0.40389048868551125,0.41045973253454365,0.5669549153580905,0.4463190909589774,0.368627395822906,0.5157846276128024,0.43313525309342993,0.39380205287989467,0.3478081685136253,0.4032576363551712,0.4429493415242709,0.32794826482154954,0.41747443305351445,0.4412786028197081,0.38047208238847424,0.43297952140996,0.43522801899070235,0.3845544272733228,0.3259546097667031,0.44182373417772625,0.3703610292573336,0.44380218528240917,0.4260707690043453,0.4707225045403421,0.35255431967525047,0.3565711764918679,0.3482647487478542,0.34390644454876806,0.4480917099553848,0.422320912662058,0.45048013195699665,0.40065677408535566,0.34441985430405714,0.4179152315457394,0.37229598883612947,0.4521226371810142,0.3437299009532122,0.4539496987017265,0.3868587819019384,0.4599234920036386,0.40876523983417024,0.521281685008277,0.4455578867237247,0.4415082655507428,0.3803369260004718,0.39542769845043874,0.3590500832401175,0.4256768522811385,0.409261499577129,0.42984633850006004,0.44874164777360404,0.4070121536046962,0.425931439504513,0.3651333788878752,0.43126243400213937,0.4324795534572934,0.3741880823953711,0.4680240503976492,0.48838637907459603,0.28439069529215816,0.43981704476958927,0.4675817427303605,0.4424222632752511,0.46180410348925316,0.35630141345222005,0.277163570561168,0.4344345171324687,0.4158689381048939,0.42090423273631805,0.48895160823502154,0.42609271032040036,0.48111547450946757,0.41588369339272196,0.4528135162490239,0.3183021120014482,0.34270298822384715,0.3993302968331995,0.35159005413978617,0.30093838454077926,0.4468072328758457,0.4080689012519742,0.44356803185037486,0.3327168343332306,0.4010410621901817,0.4248939200582902,0.42895942795589437,0.37813639030696383,0.495406250399671,0.4072169472570865,0.4483398373464853,0.4078817782085586,0.409163918587618,0.4344569835734848
0.46718560869530723,0.38295394256454446,0.43880030920227625,0.36625895641734735,0.0,0.36975699404608564,0.42700976375755606,0.35558638800903114,0.3575760260892123,0.40963275914526753,0.44365186805759144,0.35321107150257774,0.4121512029534222,0.37705591371806485,0.4169262839704228,0.45501283431451967,0.4123852466270157,0.47184414238662264,0.33427738286701647,0.40789204586779243,0.41762029355076496,0.454596134591382,0.3806119496152061,0.371689157773175,0.4038917221469117,0.364624544629493,0.3394257842203574,0.3454293223086373,0.3699402484512197,0.3318082790352189,0.40772626139320733,0.3802185577664365,0.3691753154295457,0.3406809938640524,0.491463793156556,0.38817037377929536,0.4548398175069916,0.39240494541409116,0.39801306025588534,0.3894665012472037,0.358451129251019,0.41760457117787975,0.3856857402578011,0.45578296570542887,0.3649279384319261,0.3929370672325187,0.3608020835489396,0.461968744909181,0.45582460502950645,0.3911201683231287,0.40219817404834995,0.37907349938661233,0.3370476177386018,0.37530186825094825,0.3767572478963393,0.33449262631194054,0.3685761377230042,0.4499349067995257,0.3770431709720174,0.3810415255180802,0.3409784851892066,0.3105520285640462,0.34157157876405964,0.35809824510100813,0.36841054942983287,0.32223367710675693,0.3973577291886573,0.41851254802320903,0.3609118923677717,0.44178329825972396,0.46031302361584164,0.3795369871427863,0.3426374793030144,0.40935422245532205,0.3685028275091219,0.35312780908451424,0.3762247877470908,0.5182519267025663,0.3320150816182228,0.32406873558407906,0.35994958523717285,0.43144675428324886,0.38532452805317113,0.3274049959518276,0.34392419488058984,0.38168146386353535,0.3910554665712801,0.36213148965256386,0.3647396198704273,0.3232545607749766,0.5196325131794626,0.41592369640477805,0.43868698641230114,0.3247920424501919,0.39472812867268964,0.390534255697362,0.2771370192523264,0.352304064832013,0.3462156994634917,0.37262911892896844,0.3538352427706494,0.3478585097236949,0.33498253381398074,0.3718742320341172,0.3548047270894726,0.3982430831585334,0.32441700285015024,0.39501470890299056,0.4153601783962605,0.41056154378544835,0.397407145240565,0.382128778486622,0.3746924671256043,0.3867308108888628,0.34040686623127836,0.3710119751176005,0.3446457697552618,0.4298693013448906,0.34756237432604464,0.4042933648079907,0.49082146822217165,0.33548924307324296,0.3562657964926921,0.4776287433556433,0.37004016115362226,0.39676905963794773,0.32624851773121233,0.3796192064420727,0.35804910095765224,0.383084026386712,0.32165011583905206,0.37670559291618394,0.3403081653643576,0.3841892711015123,0.4032846576275163,0.3763535120270468,0.33246554571023595,0.4280919465071468,0.38754033967116513,0.42395079511582234,0.3348906155475697,0.4080925235349919,0.44641925821446826,0.355158660854786,0.43462268451513186,0.36335641244047745,0.39564264488196826,0.39036764578533784,0.39513142875418494,0.2882051753030912,0.3756792760223941,0.3441024694393766,0.41250302256786975,0.33795693081212874,0.42125799165877087,0.4537588378837211,0.3635837119228502,0.41228507205888915,0.3543175116149092,0.34189328021473403,0.3428187290524055,0.37566579369650543,0.34193502200804965,0.5399349579650109
0.44641122302873515,0.5048750248508954,0.48414565108826846,0.38266005004296133,0.36975699404608564,0.0,0.3724149492617824,0.4813237185445855,0.41323152264845936,0.4451418476383222,0.37625929559887433,0.4620576644500239,0.4619670761690993,0.3240923094074098,0.42267137369695956,0.44254319149959986,0.4118105825930029,0.35896656406971084,0.41641553226805167,0.423800597682336,0.4490415057196618,0.4604370318494222,0.3329568622901345,0.35530622807928214,0.4620105975775107,0.3197112917469239,0.33384757981281354,0.36267904429221726,0.35920762718179333,0.36989397689023706,0.46263374816484354,0.49085355674483894,0.4244688231426222,0.36541733872914983,0.36241962855052556,0.3595586426873036,0.43096321594138715,0.36911123541911833,0.38157362154690344,0.35005302396110405,0.3682354206397063,0.46672494074885756,0.3617541274870721,0.3847812980303306,0.4086461275926801,0.4035739857785852,0.3785563842438238,0.3588083381562003,0.3437362880195204,0.3958208625923416,0.41199080208363886,0.4331110509571622,0.36316948498098456,0.39730013399703973,0.34485187093690645,0.43957390569549143,0.41327598304264984,0.5257795525505364,0.3294636009537154,0.39640892302479513,0.43310112440308773,0.38214510696470005,0.40577268129174393,0.2898591481559818,0.3653657121616145,0.37278661076728253,0.3832978475166524,0.4299268727405809,0.3148580101778693,0.438931949864517,0.451171883374326,0.3163499862973241,0.35869893383697,0.42829637419763517,0.4778067420138141,0.365045049545431,0.3763910550581926,0.4023162406274133,0.3411264161107394,0.3842136553743101,0.43985582660230527,0.46031833705420305,0.41131706882685304,0.36738309530858904,0.3884397815427721,0.4590764896011589,0.4385530787560214,0.35525197068905806,0.45258581709106177,0.3654253517108799,0.3999896497473423,0.47656341145734404,0.3834319229582988,0.36722402065117876,0.3643673745997956,0.442011809386835,0.36942527023207017,0.45817037705329394,0.3205746194387587,0.41666551722269174,0.31998470072039503,0.37186017192581083,0.3287017066113828,0.40518321492064646,0.39599784893454026,0.4728560132807438,0.4125385457093919,0.4190678460480456,0.37341297572334486,0.43716983529167003,0.3910830568109304,0.3451329857683822,0.4510184927877152,0.40410924699893225,0.34975545427084176,0.45307047010201806,0.42280551750135476,0.3510857141735343,0.38125904890114476,0.38424345449639546,0.36272190837568463,0.3901709265327664,0.3939687148070262,0.47380786624522764,0.36346177150500264,0.4218517359553758,0.4178955174987747,0.39617803815386077,0.37644165837856086,0.3317384800852108,0.41270123534906067,0.533803596608257,0.3516038088903071,0.4082221186646306,0.37973202331426575,0.3317989282569049,0.3533084087010106,0.325920716877821,0.3260937001473411,0.41183609594500065,0.3405654522423716,0.4190648960024632,0.45302494599236515,0.37830399874468773,0.38442852990941967,0.37361636602849624,0.47580733143064624,0.4333940083378676,0.4605700435725103,0.3179835517629432,0.3799938079564014,0.36737684327112413,0.34830824807411953,0.3395078696626789,0.47268360342883564,0.45062152725333143,0.41980251832775,0.4798551831135065,0.3057734110508549,0.36862701226962574,0.33715988448129286,0.4092054780343123,0.37394798194707235,0.408073907579251
0.41979881856889484,0.4450843186673305,0.3971105294940087,0.39590699172109917,0.42700976375755606,0.3724149492617824,0.0,0.3526740018713358,0.334739256667136,0.44190798488231375,0.3969079634159705,0.3960010209005238,0.44818646151101166,0.3857848397416523,0.5041957985996474,0.36176525100748336,0.34189343342446965,0.40693479742837896,0.33788153801426907,0.34474448870680907,0.3594854230361496,0.47511407765981734,0.5000620737760555,0.44547835942110436,0.43523024222325857,0.3726997720570768,0.3816666444914989,0.335777296216567,0.3942514413185443,0.32750309571117686,0.4150381613854304,0.38633545042265716,0.4210661627135231,0.37780321212680607,0.37017237599434394,0.34911526776056656,0.4951585911032337,0.3242546980947822,0.37644421712991677,0.43545427461815917,0.3803757608437467,0.3813432958073951,0.3514977852385022,0.38645799110635076,0.4462110897200336,0.40742421084635194,0.3839681416026201,0.37861234346262057,0.510248297163014,0.3342459048119374,0.4031476738592372,0.33414519337772236,0.31815398151126195,0.3957215033916215,0.3997602818028324,0.361811065335229,0.34434433151115923,0.3621822984943179,0.4041144103145772,0.38222602020853647,0.34175657387304664,0.3114888198657076,0.29311474984971786,0.3167506935756918,0.3279965858054246,0.3070794908552955,0.4703853940394833,0.4817433243241008,0.32962120780499693,0.3734260442716523,0.4266513045576413,0.33875658716138957,0.3071601476679688,0.4189214665745984,0.3024131336445761,0.37212729883436757,0.4374937885530329,0.48396417246056567,0.31054559362997225,0.3122860300105973,0.333553462066292,0.39752118840533035,0.3989592517757646,0.2942388647868464,0.3087590312070501,0.3888556315152572,0.34810491798850357,0.36980123867754583,0.38399420832112835,0.3595805575561186,0.4034704312411798,0.4731419451822275,0.38963350659502066,0.337850889360522,0.36229565517045026,0.45026510245246265,0.2726410402606051,0.3834822827516079,0.31113668289705926,0.4231372501094165,0.36896124032107613,0.35206320532774166,0.3424339684017357,0.3910324684125811,0.30806323682867953,0.39206019086243804,0.30957260306544687,0.3726304949122168,0.4556072469683457,0.45020813486918904,0.425300114822327,0.331852544672434,0.3625094639728425,0.3180774805947401,0.3292922736925324,0.3892745920214244,0.3356450103952135,0.3992913376935554,0.3284190754473558,0.3335730679966068,0.36481105164399114,0.31932036227916194,0.3251637217058488,0.4858873757230841,0.32153137099367446,0.4410294635277308,0.319516332933662,0.444679883215716,0.33134113981605573,0.38655342084637556,0.2977966220879342,0.3073069182679296,0.33041792039403833,0.3335519557754931,0.3480918535380703,0.33816110252161485,0.3477701283766915,0.40739079874285683,0.3806247829443375,0.4092284144742654,0.3761011525770688,0.3497710385540748,0.4369186671138216,0.3199297655853737,0.391776266224722,0.4082930330395647,0.380515421765698,0.41480825326374576,0.3856628989799748,0.24695005966926775,0.3573089057661997,0.34490742685419146,0.3541720362233739,0.4272691142786398,0.4151470657435201,0.4738289039921549,0.4628106205386013,0.4351898726170079,0.39636110538893715,0.35844379228040624,0.3568535420935873,0.34523343422690217,0.3390515933253603,0.4111881556318966
0.4520452162629552,0.5277332712739395,0.4621144849492215,0.3780466245712213,0.35558638800903114,0.4813237185445855,0.3526740018713358,0.0,0.42309330215291363,0.5048720242921807,0.3853212443281916,0.47075216951739435,0.4910080596955714,0.33136129202555986,0.3981444151448116,0.44719967021251805,0.4061820784649678,0.3961848698253214,0.37228782281540856,0.42817189708085673,0.4098143760845843,0.40818404638064126,0.3805974840516874,0.3802981218343254,0.48996916722546213,0.33746532358696796,0.40133480952324535,0.38896820176700475,0.3354902196830239,0.3623673097810125,0.4953709327640697,0.40940724319223304,0.39250499128915967,0.37611197755097164,0.4004364873109929,0.3933170701287358,0.4758574502792206,0.4120452351116329,0.36943945234604025,0.3768645827507261,0.37498148368145373,0.4295314051700968,0.3533206474028978,0.36533837595876695,0.49833171276200383,0.43681243416315924,0.3875499438976147,0.3723373331360476,0.3822913445608166,0.37722585668910386,0.3780852258261366,0.38791385931439903,0.33810162372301816,0.361000415930496,0.34602791037886776,0.4168093089184178,0.3892006711923251,0.4867901008185708,0.36067968855795346,0.41104047363596685,0.46239676064961127,0.3150892787745605,0.36743188951394956,0.31201510907018093,0.3185408225583824,0.3599204453586539,0.40846431573262815,0.4179847841792392,0.3542596571481075,0.5577211864896138,0.413433574023614,0.34926933417488154,0.3491213072875262,0.43532607569435094,0.46408967113665955,0.3599815139460043,0.3765341870794374,0.37971490176718725,0.3981457970762759,0.3061952262433408,0.362309036584542,0.40202076929487374,0.4391987941448476,0.413179157517589,0.3768260062402486,0.5729379306882506,0.47305731898660347,0.3501927187749157,0.4796004665480967,0.4198429925140052,0.3865625486229967,0.40593581120208205,0.3618209662929973,0.35373953681494924,0.37188682282699803,0.47540331080520176,0.3267435556233389,0.4482892751323087,0.28958495132601786,0.45035247704584275,0.32844564391482345,0.3995093717496193,0.3288488015715916,0.4513054484866062,0.38823102068267795,0.47439430900512497,0.38207447192730176,0.5067222346837875,0.3907947182977739,0.4876886167463767,0.35718671085300635,0.35042736102980604,0.4182296635997683,0.3899175850886243,0.36824744254750924,0.5018081914428328,0.40278828893132285,0.349137105190673,0.35070549158969977,0.37379446636936986,0.3605858076896843,0.42948317614099424,0.36742217183224707,0.43992791875714804,0.32686843698478585,0.41448277830796987,0.343212407683034,0.4668292185482734,0.4029077217461665,0.3499580737558896,0.4254178450671667,0.39877674241964645,0.3964208046844667,0.36301750762330154,0.4110083164422251,0.30713821576790157,0.3935252714486977,0.3477337988536023,0.3708757172076252,0.4228711566358747,0.34804258375408115,0.34946803259512993,0.43984060699948,0.3379671199667066,0.400146507957688,0.38792795523433615,0.4582693335057245,0.3951397546587784,0.4833980245168393,0.29413434158264073,0.41564636232735563,0.35016658337447026,0.36761673970849,0.3753558095099811,0.49144460630861103,0.5111810692226486,0.4280318010245579,0.5279794604986348,0.31272854113083337,0.33009590816357637,0.3437843855194118,0.3880594153169589,0.3503859388968486,0.4186605048909412
0.4271337037815357,0.4071952145551228,0.34790564414986375,0.30184261562419556,0.3575760260892123,0.41323152264845936,0.334739256667136,0.42309330215291363,0.0,0.368724652196429,0.3247358112352539,0.4087557422773639,0.34689648993844974,0.32807647687608416,0.357211645328872,0.34443006043080754,0.31367891201403697,0.35873472848179666,0.33283166901870187,0.38241112854761283,0.3307263813688822,0.42164560133917417,0.3127756222829176,0.31639080700570904,0.3932506428143332,0.27378473036273165,0.33929534722992183,0.3063122152623494,0.2993759211275053,0.4678217068928776,0.4652026033229842,0.35458741047795106,0.33418659350800617,0.29566190291145944,0.3656568409109044,0.32188731817956834,0.3639837544223731,0.37266043260918574,0.32909631327593014,0.29376801422985627,0.30581359111101614,0.48384639367614835,0.3158844812172991,0.3345184373163039,0.3492145662443922,0.3287197330803957,0.35869275191505545,0.3141173383149825,0.3205078142004389,0.33498754811426906,0.3201789197338084,0.30871155779255605,0.32104777018635444,0.3075269283934177,0.2969628246737588,0.4902563410428682,0.3347593554532867,0.4061248797384575,0.3020388507999035,0.31554995141600994,0.31623893166033923,0.32374277008296476,0.3067378867491985,0.3020051866277928,0.33023722068532707,0.29982768581115504,0.3439390786218883,0.3836945572386049,0.30672869950917386,0.40438324071104237,0.3933706966858994,0.31192568363793083,0.33600669409558553,0.31481851900562413,0.36552203638809044,0.3280067954733325,0.28662607580735716,0.31878078350871536,0.3126694013424925,0.2949530267552362,0.33350258191590326,0.44180133344982064,0.4794826124514396,0.30793370530966685,0.3339460511926193,0.41892962758246777,0.38255492897294485,0.3445502909493016,0.35627215081235725,0.4701672598101816,0.37280450464572257,0.45214592897570355,0.3287424853000748,0.3045240925011478,0.3548535466429853,0.4523720058829108,0.3266742576017063,0.37984839837534196,0.33575606926402685,0.31821873752261687,0.32231755584678834,0.30812690641067086,0.31569167603576,0.37062358353459485,0.3606150695012407,0.34323515737411364,0.28872843720917096,0.38188521993025887,0.30876474398413867,0.35709771892547215,0.30078310776298967,0.3441688552857534,0.3564891596894401,0.3876453628718983,0.29912732349728,0.37522104833156894,0.3435174913498877,0.3321851270654549,0.2722280549918827,0.36234496564062874,0.33534447668597994,0.34310448278613265,0.3324691217920114,0.3684307809110187,0.40060488085167867,0.3289377972242006,0.3246917786512975,0.36739022217964407,0.2942727799347862,0.3196708288023139,0.5320909920168402,0.36587211901418976,0.3245736844578021,0.4053320646938526,0.3365775214202859,0.3136329318185349,0.3880579251695203,0.3060074196935409,0.314302836443842,0.3973167065750665,0.3184603509352143,0.3545203653832435,0.3917205692280939,0.3682794309374025,0.3402383703755376,0.3645712406310804,0.5282665961957246,0.3317050714131424,0.3957352435350127,0.2867116722148113,0.37355138263167303,0.33724242186802644,0.3324434472578363,0.360083754453741,0.3781013925994208,0.42205247964631715,0.3406175136581302,0.39409942918927926,0.3126517137539293,0.2970496381079743,0.27749707271659924,0.3901264978282945,0.36487421497972505,0.38964494060290394
0.45409504796255945,0.5504443518734856,0.49099061307828995,0.39834443032568134,0.40963275914526753,0.4451418476383222,0.44190798488231375,0.5048720242921807,0.368724652196429,0.0,0.37478328356572327,0.40171170140980805,0.5050589190711535,0.37972141235022094,0.4205979349646975,0.41868386273075664,0.40283959373140626,0.46078674201789926,0.3439230306770549,0.38433918529727057,0.37769164786752246,0.42847312538731624,0.47644496075310117,0.39008878462334506,0.538829631458984,0.3410284096888989,0.423756393428674,0.38592020522675596,0.4131617335204843,0.3576449769175758,0.45473286316140415,0.41427372998276457,0.36947644905205024,0.36138782598293806,0.400773661212236,0.3613488787781947,0.5115001200555267,0.36958236424309593,0.32833108167664055,0.4053094476660956,0.34473313775302794,0.4507557143467141,0.35296318847221786,0.35720230132196795,0.4517380164553362,0.4370665618244524,0.40840978201717226,0.368782202902361,0.4608484959751189,0.34375481965756255,0.3839954767552111,0.3575073549224372,0.33450453955844633,0.37776237459981205,0.3762289388746748,0.43938104846190884,0.36026589828615513,0.39066641436119237,0.4078767671707272,0.4146000499618879,0.4153085448935275,0.32103899712438944,0.3178148114463602,0.3140049393532531,0.32966604772135705,0.3386013339005167,0.4153660230834083,0.4636216779297683,0.37701425603446276,0.47712673829792,0.39936519884563865,0.3861145721160514,0.3215062966030766,0.44843758649031984,0.38120509403350866,0.3915793120402848,0.3769768383966091,0.47994066395557644,0.3372299742448966,0.33739805829338165,0.3733826778969747,0.38908890371593674,0.4646344274052235,0.38054328021817474,0.3487693604312308,0.473986151369758,0.4002174852230269,0.3785109937701494,0.483473229989423,0.3804056881498055,0.39414761578575086,0.41692064020144054,0.391251565074263,0.32957374995829175,0.3809640075685283,0.4840973500875169,0.27615216603983267,0.4256453184000153,0.31502107838017496,0.45813387521282944,0.3580786916522243,0.3657360438226949,0.330362453711404,0.4615646410463833,0.344896988190328,0.44260572227211215,0.3576279431315188,0.5235544965880234,0.42684768328865097,0.49909307727196706,0.3568351077507268,0.3376076473506421,0.40684056196273677,0.3920953488016684,0.35522217150724233,0.47371412033112503,0.386143900578655,0.40069678372562645,0.3579666517855945,0.4004625232332897,0.3606365569036104,0.36755654267621046,0.3471324409518559,0.4615996924857515,0.32544631258587464,0.4486888360332144,0.35082835768258663,0.4408331798227872,0.3947609988368989,0.38958260267476097,0.42261856413477794,0.36045372266409437,0.3796880386863381,0.3283668621006536,0.35296131448342694,0.31681020760834633,0.38642927982224085,0.38328960998130196,0.38816108919840464,0.4107278261198589,0.36392177166653056,0.3838564822348153,0.46198459360560945,0.3237832119814403,0.3923297697792402,0.4008977449315294,0.3822904410476905,0.46875355863978935,0.5150947945600356,0.2840440400033093,0.3453531673230711,0.37650241237390486,0.35235846669345217,0.42015588807619697,0.43725871805272887,0.48141730852788966,0.4153909060548753,0.5423192684023675,0.35501882124862977,0.3697100214900423,0.42792718627956355,0.3983265973725723,0.3668194068783534,0.3948376671844133
0.4401365787590735,0.3952935678531874,0.4511111800034751,0.4881584556893002,0.44365186805759144,0.37625929559887433,0.3969079634159705,0.3853212443281916,0.3247358112352539,0.37478328356572327,0.0,0.4136157911931437,0.4585044217627277,0.4044822163586104,0.39801610249918784,0.5066129935260844,0.5187908813982445,0.49368957368294003,0.41695397753053853,0.40828730567049176,0.48586328553002434,0.4511812692154587,0.38911366882402626,0.3855884004116329,0.40848088267932525,0.44133341533488146,0.3888698003188915,0.45676168605938355,0.46265547174643806,0.3412768772669587,0.36942248106120956,0.43804785854930084,0.42742847887194235,0.35536325767351945,0.44365575146740777,0.4627121536815917,0.4632049690308718,0.47652746550266867,0.4861488032760389,0.44281185563704056,0.45699083199012525,0.3671217706308927,0.43047409520607277,0.47638773128945466,0.40454766485294286,0.4327298885728918,0.30466262022473617,0.519144548997793,0.4751188769511863,0.4356468479943543,0.5044036081410389,0.4240975540023987,0.3774521554846022,0.5051100019093392,0.5013733074184386,0.29358718001955053,0.5031407993700935,0.4941338268588517,0.44818559250988094,0.5096340013225732,0.46382364465857795,0.3281518383857474,0.4291508660112994,0.3633418260921216,0.35332127397430935,0.3879702422985649,0.4380136700745238,0.36034947720612837,0.4482273191709904,0.43549436324250124,0.43855686416357736,0.3914553843554004,0.39361612883340047,0.5411816053421687,0.48612491582437567,0.38148661554217267,0.519575598091219,0.4396883446275923,0.4008153002740653,0.3423292230165446,0.38451141705046205,0.3888745199448333,0.34722218992403814,0.41189162054469813,0.3963023202155697,0.4042940051989215,0.41842290664242565,0.4012385568021615,0.38369347261212056,0.31694915272489244,0.5733290412796364,0.34461573086213193,0.5219247530680494,0.42486038768736184,0.4173465973758632,0.36598263256861624,0.3252227377319473,0.3262551499924616,0.32622696810180696,0.40722182760608233,0.40597803839624796,0.4407304116145122,0.3707596530302577,0.3562938201560615,0.42352286604671,0.38392518494805017,0.4012984069134296,0.37086028305573515,0.4281772064180667,0.41472860662332606,0.5123389056312846,0.40987380881328817,0.42135327365956393,0.44222314532907403,0.4408257520739621,0.40577124692371813,0.39199005370900125,0.44335065176366556,0.40106004979984594,0.39847786223700243,0.49329893441153366,0.3808728166485581,0.3980316360503292,0.4700198299951971,0.3490010027378958,0.482261422257746,0.3471474126393973,0.40438114044877993,0.4347232473706182,0.4234774525889829,0.29865566019064393,0.4616019001562707,0.43489440905882465,0.42122059285004254,0.49112000226470787,0.3557259625562088,0.3210662095256144,0.41431362078643064,0.408470492209246,0.45842436964459093,0.40824389229575,0.42217137405400634,0.40413644492625816,0.3931557247220888,0.5151864259892864,0.3265738214920801,0.35575896023055065,0.40084433459881547,0.3744008950601717,0.33312859306299397,0.4977616456408039,0.38245839523405106,0.5747220089978266,0.3231268444442116,0.4140671190210908,0.42664416065793753,0.4319547522673186,0.39716913109863405,0.39402318291953087,0.3867961345031155,0.37945706810950025,0.4172509059088421,0.3543682927416757,0.5608221484081523
0.4483430192873032,0.4714803850257275,0.40138688119762256,0.35046914353608555,0.35321107150257774,0.4620576644500239,0.3960010209005238,0.47075216951739435,0.4087557422773639,0.40171170140980805,0.4136157911931437,0.0,0.3965079598476705,0.27803959076127216,0.3812873777451507,0.41386564524973374,0.3802209900337375,0.35624248936484343,0.4352925726999848,0.4216695947496987,0.4477276413756071,0.40080245926766817,0.3838609206064829,0.4419503657372731,0.5163061151657216,0.3281325268761327,0.3605406422551515,0.34839154806131595,0.3326711447128175,0.4273413072734923,0.46976019477581155,0.39949347829155885,0.3617945151517844,0.40519897805804617,0.3581371674844464,0.35434735294237873,0.46234162186143424,0.36378707766212964,0.41385971842468955,0.3656762385358451,0.37000186959656733,0.4460148895075042,0.3650183177691532,0.3866253713698858,0.4183340407774539,0.4072108465250204,0.43322400594596233,0.38799669118157887,0.39317748329437413,0.36441319462749083,0.4036167907635503,0.39447673560295776,0.31050843816546575,0.3745687263591205,0.3636775598080275,0.3970733873620774,0.4315794677181677,0.4811960472292907,0.31466927444345333,0.3854480297667072,0.3494964605557452,0.28986619004879194,0.35860064733040947,0.29416865415138704,0.31517669034637574,0.3549059037035818,0.35117770599686426,0.3797498936408012,0.2983877369548702,0.39323770625453214,0.38967648066157734,0.301982693568064,0.3187987614957626,0.3872686243706119,0.3857330222204437,0.36068757639708526,0.3567169706500348,0.38911799127586766,0.34100632733757685,0.31221510664775665,0.34263614041280877,0.3973200643272017,0.43767024834332235,0.31948519120284236,0.3525548861135216,0.4679822092234003,0.37574010513051775,0.3327446729322473,0.4247024755900436,0.4091465843705585,0.38699481441356537,0.3982856072333992,0.3630525586678086,0.38706666331455525,0.32090578244904333,0.48809653101320233,0.29811788611684836,0.4211120849897633,0.2778240947758701,0.37285439162934186,0.3105214405178486,0.3589637413253366,0.3378946817190103,0.4422083850207611,0.33853639672551183,0.4088575846970539,0.37076803081878534,0.4177497585703906,0.36542754276528927,0.5602059773161109,0.4755361107623564,0.35981329443482885,0.35687512456765497,0.3532471068581226,0.3359163519500197,0.4551793435120322,0.378583804385426,0.398493973190894,0.3475733821738316,0.3176201195482252,0.3408019980588965,0.33141850331879347,0.3638596211116604,0.445187801895131,0.3015909958700164,0.43358325187838326,0.30802046508080744,0.4640095534040605,0.36049869553088393,0.31218550182076,0.36929994189699533,0.36684694906746385,0.3286375319526566,0.37354790420323847,0.3980382001061124,0.2967570119225841,0.45689539454234157,0.33623104785398045,0.33858343842993643,0.4392532892797231,0.30412807750013066,0.33762975896750436,0.4042597767012869,0.3278200752611149,0.4000003199407987,0.41729175860471734,0.5357168529262072,0.35578418322821803,0.4554774347284583,0.28637228393569775,0.4286206572590669,0.3391941063724982,0.3846082856076432,0.3690113674484646,0.5014028249248259,0.4231936705765337,0.426146492533837,0.49896542463996163,0.2964705403816393,0.3251636470692238,0.2835750436052999,0.36141842393241114,0.31844880412698645,0.4341358467287081
