0,1,2,3,4,5,6,7,8,9,10,11,12,13,14,15,16,17,18,19,20,21,22,23,24,25,26,27,28,29,30,31,32,33,34,35,36,37,38,39,40,41,42,43,44,45,46,47,48,49,50,51,52,53,54,55,56,57,58,59,60,61,62,63,64,65,66,67,68,69,70,71,72,73,74,75,76,77,78,79,80,81,82,83,84,85,86,87,88,89,90,91,92,93,94,95,96,97,98,99,100,101,102,103,104,105,106,107,108,109,110,111,112,113,114,115,116,117,118,119,120,121,122,123,124,125,126,127,128,129,130,131,132,133,134,135,136,137,138,139,140,141,142,143,144,145,146,147,148,149,150,151,152,153,154,155,156,157,158,159,160,161,162,163
0.0,0.7787773464092661,0.670206039980433,0.7964291522102009,0.761229239698016,0.79260600180683,0.8567127769249123,0.7968645681302783,0.84550235085576,0.706410359199419,0.8043973151940922,0.761968339703298,0.9005959000776246,0.8275126399790709,0.8688631531019384,0.8031549568971502,0.8801737328404726,0.9624267814223777,0.8522212586057767,0.8733981577921597,0.8084756750129889,0.7447331811848918,0.8621105207527777,0.8496637895449106,0.8115399710294414,0.7345818564893666,0.8124701625856081,0.8904030044126082,0.6981001350073494,0.8884336626313535,0.8333254981305479,0.8440528749022225,0.7935059417900664,0.8283661881681077,0.8919561151366469,0.7093762968065702,0.8863912712011458,0.8255630082721003,0.7356092257308654,0.8937653017484795,0.7690981234329293,0.8125039500457264,0.864591955243304,0.7943436009465292,0.8262903626347865,0.9133007498322434,0.7896157893292077,0.7454655594082499,0.879236006061672,0.8719099194448987,0.9182808835070757,0.8216877133233963,0.849325540735706,0.7707404910773749,0.7552648523488545,0.7962321654723946,0.9495622156160225,0.7962213605117676,0.8337319858724175,0.9116927290459464,0.8038634695530807,0.7714722155099624,0.8401284854837474,0.6336422153699097,0.8638298784283178,0.8578404412303233,0.827809519982563,0.8151190725068403,0.7700744669582459,0.8760517902131646,0.8462652585902608,0.881690912796113,0.8181246108615342,0.8966863440170277,0.835403938229396,0.8983130772939075,0.8005668931148502,0.7794972797182715,0.8580809049457876,0.8197512034773728,0.7511597296385297,0.8927063836975124,0.8449853310312785,0.7845903472265539,0.9219822505379875,0.8299902348046521,0.8475078977589026,0.9146249206450925,0.9145403697467223,0.7469798031028639,0.8735788990295271,0.8044529690894062,0.8424140056522978,0.9032245297071306,0.90380237634039,0.7139419618604743,0.670482876545625,0.7177490580297959,0.7166683179469581,0.9189576791431345,0.8010562352659514,0.7615606841959025,0.7430606725735843,0.6820117005901576,0.8976161323112188,0.8453195531907993,0.8055728893342666,0.8124683515465912,0.8793562187975773,0.7853020969876068,0.8195641462028843,0.8311195029180781,0.8982245628786041,0.77492917978238,0.9067537514953976,0.9226367794503693,0.9215696158670941,0.7601389478960369,0.7176235198485621,0.7278723828747883,0.8047225693351285,0.7767790380340843,0.8740014418872846,0.9043727172273538,0.8453851912038527,0.7607302994416502,0.8237176388947393,0.7706799189773219,0.7042741827881797,0.7901759508589699,0.7902978143218186,0.727965334676167,0.8353470807484571,0.7904880505661948,0.7010044290235482,0.7671618859136795,0.874188952878941,0.8800376741871726,0.7472563080587433,0.8674329715476595,0.7641256420439818,0.7449950511643801,0.9442480735648191,0.6475532962351294,0.7501664484134523,0.8355280880860856,0.7441296507421494,0.8071486677665201,0.7071825075840089,0.6073789746569077,0.9058986049428968,0.8408716084278589,0.8355775069842245,0.7051003836738302,0.7725728338403762,0.8754455437011859,0.8737040848490223,0.8325669381643875,0.8281484049963689,0.8671028834010179,0.7410988548951176,0.9431535024011751,0.7793011520933262,0.8923491882223025
0.7787773464092661,0.0,0.9076202443564427,0.7933557634581959,0.756429705334692,0.9370636149722155,0.8193234628357741,0.9792974936905864,0.7485076543968626,0.969583820369789,0.8976283428209342,0.9279600018110997,0.9022627193374404,0.8350252255808865,0.9143477678930328,0.8909528120249119,0.8702015546626011,0.7909148368522464,0.888364868207418,0.8501694493755011,0.8977701050444491,0.94850882058769,0.7725813382067168,0.8607039379640572,0.9506086703618152,0.6656325495389025,0.797407198188867,0.7876357915853155,0.9569549958717332,0.8003749807373091,0.9393316521741644,0.9021256568060909,0.8706000499992399,0.763066185625578,0.8574446675606026,0.9308408942537096,0.8891263001853543,0.8972128498634548,0.9021276845199334,0.8145627016883372,0.8888660257823447,0.8353375234381026,0.868616693340021,0.8650291953682689,0.9361569609442182,0.773301396261801,0.7844134582477782,0.9021499899880386,0.8284601552045909,0.8483226011770241,0.8185799329654379,0.7245651712531854,0.750698324625205,0.951804003453668,0.9244136308931556,0.8219766738110856,0.7629365886877286,0.8988875323967837,0.8869229651192635,0.8198810945611775,0.9552908711836724,0.7022528298021257,0.7838493279532772,0.8099428091621034,0.7039234390470516,0.7050551539210406,0.7937410047201101,0.8085376746336396,0.872910577685137,0.9428716485311847,0.7539265140030896,0.7930253292046742,0.6765121173583395,0.8848067271269989,0.9212892435771166,0.7326008562107382,0.7831761428961057,0.8368465693737553,0.7410949932919604,0.6728032922796027,0.8252195515395598,0.7531824433495,0.8907277393850392,0.8807356813129954,0.7159618090494101,0.8864662765881569,0.9026355126379396,0.7771414727340695,0.8112783882439906,0.7621639178931631,0.745402068253391,0.8368672237929414,0.9129374117523243,0.7028122935835193,0.7488450237247339,0.9481034388129609,0.822334379099715,0.8444147705634846,0.6479360455408104,0.7878669832648969,0.8651686981701755,0.8831438124136656,0.6949400013807464,0.9063323810116962,0.7959626371954286,0.7744547585511136,0.8749284197246242,0.912623350582624,0.8614282301363255,0.9282648293707366,0.841103827113041,0.6931952053756667,0.8169262727439651,0.8257128767733279,0.7261594178117402,0.7492576317611809,0.8216612817610827,0.8907040380958617,0.883095441220724,0.6761674362594676,0.6983789562503019,0.7750487621684541,0.7491085238943468,0.8247949693525225,0.7206526139217947,0.9683128476521693,0.6848667234822768,0.8950659424141849,0.9373211982894211,0.8530456514023981,0.8791958480103954,0.821171361055113,0.6816413829614688,0.693502462457323,0.927383468522074,0.7681967550390955,0.8834132499864135,0.8321794823603137,0.9086940818609325,0.8969012054070756,0.8649197966430723,0.9101254617022942,0.830017187112551,0.870885584794682,0.9167666122813148,0.7424459609221958,0.8390936003199613,0.8998949355172807,0.9491904647637658,0.7893569757688006,0.7527636926055528,0.8996853386756075,0.8561334113277935,0.9003371887954239,0.9271011910314743,0.9150579138187309,0.778799429594421,0.8678582840369122,0.7616603503341052,0.6830731701717496,0.8461109117316438,0.7785213304737226,0.9645118642046736,0.709037576817685
0.670206039980433,0.9076202443564427,0.0,0.6826848446042355,0.7969392780431969,0.9003026834263156,0.703727647590341,0.8752968208952756,0.6512045243748937,0.9141296251034093,0.8467870081111936,0.8576666584864594,0.8183457308298272,0.7315103785652525,0.7976797060536798,0.8888589313816272,0.8306750007877775,0.6891578702750754,0.7621907573511597,0.7557311018552967,0.9053461805142283,0.9615498154269262,0.6550798587181013,0.7965181495672731,0.840553622383751,0.6825997233351577,0.6781186258690195,0.6632934767931712,0.9271249121667667,0.7318326876582432,0.7868744797923718,0.8117384661313344,0.7691733895309429,0.6480827978059356,0.7221126569972292,0.9026842759373024,0.7983070155183248,0.8671141836300991,0.8409108942562833,0.7255987794554936,0.8550200247890519,0.8178691986700741,0.8312386913715948,0.8248595692593695,0.8218072085478163,0.6829178976986379,0.8128374351202622,0.9142600436971607,0.7089807349573675,0.8103024827829426,0.7322297197779915,0.7123067845563404,0.6620922287590625,0.8844192654389779,0.8424704578962295,0.768964399601264,0.6733134700444093,0.8816311631263585,0.7667022646316126,0.7031933630408999,0.8371591322033963,0.6879791571818884,0.7768121510720861,0.8322658297907009,0.6323373101722727,0.6350959766231171,0.670167433160405,0.8132482877523726,0.8662820046312094,0.8282785094825541,0.7405057391784442,0.6742841976539184,0.6148395562550227,0.8068608486603016,0.8594825444576291,0.6050075072498011,0.7203600771120574,0.8292494098568255,0.6740282153524103,0.6383024086811047,0.846510183684083,0.6595779182275575,0.8456425464663355,0.8434890449578474,0.6460208535517828,0.8386477164935183,0.788478872822366,0.6472563765372964,0.6664725063628334,0.6844235717031032,0.7131129068567276,0.6993082757534491,0.8336311945557184,0.5973480066623843,0.6667830799730133,0.9033608391096108,0.7936610813066876,0.7891723679007655,0.6090476605598357,0.6493145637014442,0.7254412621678097,0.8162464300056691,0.6155427846216447,0.8571804706712877,0.6970392682976059,0.7699772857505734,0.8329820947460824,0.8480826355260446,0.785445802483613,0.8926024347459223,0.7510580352915267,0.6588903185149654,0.7194157797160002,0.7335650595629747,0.6432780072499462,0.68704440171572,0.6918669791015268,0.8227080367458931,0.8985749507241166,0.614739237874965,0.7073366614794572,0.698222272525536,0.7035468007241856,0.7348595393731574,0.6245251685651687,0.8955044324918607,0.6502756041238922,0.8628688139919609,0.9172284799844652,0.8155871194246069,0.819245633927559,0.9184515991939552,0.5740662101275856,0.6193688744704526,0.9007113802478742,0.7562908860518163,0.8166785479271409,0.7398071367254818,0.8453142479531326,0.7800548853562119,0.7482101539187976,0.9089478653752958,0.682816405338833,0.8843644442292515,0.903978956048152,0.6736524388033595,0.8683233585428396,0.8412650910168396,0.9288802713090972,0.8671363787066465,0.6179907841946372,0.7692842174731146,0.7812546293077003,0.9352688563121448,0.8685023124386212,0.79041654655613,0.6702290422610121,0.8247711001037079,0.625519082929949,0.5944769885115085,0.8098189515967704,0.6448273214999912,0.8958719753733742,0.6521583805801088
0.7964291522102009,0.7933557634581959,0.6826848446042355,0.0,0.7364392340844289,0.8072863955823764,0.9010661666242273,0.7892298240247168,0.6996149591315699,0.7435029522215705,0.8228213055354735,0.8200748673822341,0.7764058499074722,0.762026547200256,0.8532574500662706,0.7308261863945801,0.7783398073075705,0.7611309550603215,0.83690457721205,0.693555054760378,0.782415102912424,0.7398247235171516,0.8299945542745528,0.804862920194354,0.8317780547397046,0.747372354031855,0.7902460147664739,0.8091266197030643,0.7591594297893249,0.7453229147363799,0.8292895834841751,0.7570823239678993,0.9328586485624379,0.814255955206635,0.8772467365105678,0.7861834831942204,0.8303533653074925,0.7515963218353369,0.7542618688997859,0.8367572637639371,0.8354057317064661,0.7754125435131,0.7495292351919143,0.8703249886525125,0.7930328175317246,0.7173445470252232,0.6764448535482328,0.7688464615532908,0.8217663504706655,0.7138961609549188,0.8427036329224928,0.7883083167333524,0.682965469410443,0.8607734084040077,0.811702500180848,0.744765830258351,0.7436747752329363,0.8288625005062477,0.7620725443225295,0.7513261245730247,0.7917071945604812,0.6198169163240151,0.7541917469731806,0.6262324427454067,0.6534340047721213,0.6475529541054773,0.808454286454221,0.7107235051423959,0.7013744750568138,0.8547418538050097,0.7012028227088948,0.7327210365115098,0.7819397061678552,0.8236990153792023,0.7496901469846112,0.7233729355585318,0.744081922302227,0.7930522408003343,0.7301963807599032,0.7014806061858718,0.6990742665613088,0.8326696090982784,0.7620967571392296,0.738965978666301,0.8051875111087698,0.7586408558093076,0.8494791176013798,0.7695563303119338,0.7722038226382313,0.7002124745821967,0.8447443155192568,0.901300887563836,0.7975997692982363,0.7066140514713337,0.8397014930416872,0.8131652768116018,0.6077053470017125,0.8144403173854158,0.6933293079664129,0.8422213294147255,0.7814667892649004,0.7205394175865522,0.9054783838763105,0.7994591725134009,0.7794794514999334,0.6818835626203037,0.7067995090570749,0.8124074756644587,0.7696879021800739,0.7648164591487681,0.8823356136390652,0.7845270227043668,0.8848216640952566,0.7486257818100012,0.7693374072686474,0.7939643707400644,0.8023881530383674,0.7178622283163593,0.8271791728721231,0.805153483569568,0.6660030336893198,0.9130626926026966,0.7655208115985768,0.8216176765594815,0.7377241609035613,0.8092206835059282,0.7000629843221639,0.7354646215865149,0.7755266297720934,0.6924975488283759,0.70134108915789,0.6437747560750432,0.7044666223675938,0.8454675743296916,0.7027658834031806,0.624008489238321,0.7229258646867799,0.8613324111908467,0.7504311187046335,0.7828449295715496,0.8706745670444149,0.7030969032637779,0.8616653815220118,0.7110679764777612,0.7740181278475105,0.8351530725132271,0.7172556267132462,0.7283557828142346,0.7131943318251727,0.6047739828534695,0.8620336530603067,0.8194692878927767,0.7486437178965404,0.6741431321358373,0.8625131349576401,0.7784308482225482,0.754265596184874,0.8361688542715123,0.9532129772582677,0.769582850288234,0.7077911255348251,0.857037061868423,0.774337940019666,0.8089743473084162
0.761229239698016,0.756429705334692,0.7969392780431969,0.7364392340844289,0.0,0.8188462386314765,0.8120234810937805,0.7225942871603707,0.6827034297472507,0.7066641889968458,0.8550405882802617,0.8070995318710796,0.799597176848033,0.6824112087383651,0.8124927105066505,0.8616872611312812,0.8456034172278676,0.7231023340667617,0.741321996803569,0.6979836356979635,0.9018589957950995,0.8386635403975039,0.7272051740935203,0.8731850733776526,0.7531091954996461,0.8672161421578547,0.6898937915945456,0.6865611350105533,0.7493956733005214,0.8437709098226919,0.7337948654488067,0.7646882907154764,0.7612997722252287,0.6960163552697926,0.7269517179264067,0.7521102846487263,0.8556405437388312,0.7925724695608822,0.7980058200926445,0.8148108979433678,0.800962907633926,0.8704643492131021,0.832074188434211,0.8768698433113598,0.7318689301614941,0.7187263413766745,0.8417617601726194,0.8702500643138745,0.7626352448955362,0.8001622623814256,0.8423897158446331,0.8203303775160631,0.6463477531721061,0.8071889772416672,0.7665977915367812,0.769858874027884,0.761023897917116,0.8915094441661726,0.6802161558028854,0.7257129301186575,0.7122597074780844,0.7017785627857784,0.8058169485402161,0.6504228707966303,0.6624755083454897,0.6418140803688456,0.7068078901545841,0.8755799612110636,0.7199206137193642,0.770519918113371,0.8416459278402247,0.666108201466453,0.6670953729202501,0.8423253906624106,0.7410820813058618,0.633113127042611,0.8022068570029508,0.9441778469795604,0.6884041604416239,0.8088760979047893,0.7628043525873054,0.7653307643272643,0.885912173196239,0.7027575190634149,0.7612015040228375,0.7715956403717706,0.7608943832522677,0.6745782826206352,0.6584682775274274,0.7279259002225653,0.9106510111116595,0.7051162825291395,0.8204292393796936,0.660344929586881,0.7667642399821052,0.7765065926799801,0.608851663764963,0.6930323199682111,0.6762765888811157,0.677786925920244,0.6987397513137669,0.740983080966302,0.6684345619653017,0.6902525717084982,0.6857988259347345,0.8184721260147846,0.7458379708548806,0.7648163075386443,0.7886756485341394,0.8409735583837957,0.8210827341725688,0.8143360064742396,0.7549484505938732,0.694708036915184,0.6986534273442457,0.8241372344584226,0.6796620447607851,0.7442521295749115,0.798205978273076,0.6538537562082023,0.9079392377285588,0.7238831761054745,0.7704235149418542,0.8476301356182288,0.6716388114400185,0.779202844060879,0.7222649107584389,0.8595188919730177,0.731439404965815,0.7344611360473622,0.7112315154013624,0.8574119797645404,0.6394965172165091,0.7488514248804564,0.731147540965801,0.7224322151494214,0.8024785671887565,0.8166529971447652,0.7109058621928028,0.7817412377483222,0.6639659348140575,0.7993869859373351,0.7436129329734862,0.7063429510196939,0.8529525264929381,0.7607623567470729,0.8968213857479966,0.7713515716305106,0.7121230867994548,0.685316864201256,0.7006948788734669,0.6994618282040993,0.7837210142843999,0.8002052476675302,0.8014293223984158,0.7691483094496829,0.739563455764947,0.8945556066994944,0.6802464279403155,0.7250463957163265,0.6647521523485368,0.7009845098266659,0.7545258951736383,0.8728612495216584
0.79260600180683,0.9370636149722155,0.9003026834263156,0.8072863955823764,0.8188462386314765,0.0,0.8167709248868903,0.9177561606952269,0.7325692998338201,0.8978821653410096,0.8818041391961431,0.912164205866893,0.8795576470830525,0.7659770641409884,0.8854896651987643,0.8913402525919989,0.8814966389950013,0.770313023262922,0.8736571469063542,0.7886609116464365,0.9395057227285887,0.9125247152288617,0.7368128383662872,0.8486552762559753,0.9129632944919223,0.7195707386667947,0.7166057944223388,0.7537987679186844,0.900310517710804,0.8189593888233626,0.8881211454608555,0.8824839690844379,0.8842870974582288,0.742555078565016,0.823547407138362,0.8890033882955324,0.8861389666725743,0.8694512526836067,0.8522204217831366,0.7908960968006882,0.906022553192776,0.877430095868556,0.8847397951687684,0.9219018723463592,0.8560291579091241,0.7646190218933869,0.8522190995775494,0.9170741197576714,0.7911746330980818,0.8379675486587119,0.8539580151409474,0.8207742795844832,0.7471133507960256,0.940851846939738,0.8785924434818938,0.8667377300469779,0.767318579790484,0.9462855832145969,0.8033095426837796,0.7768271426674463,0.8935408035388603,0.7485937496917024,0.87025673231086,0.7305654724353726,0.7097280350749693,0.7113439368611857,0.729934192246979,0.8629680456618511,0.8230818634385226,0.9171772177235641,0.8097382564164701,0.7314823524283798,0.6944907310976663,0.8795902642348705,0.9031408612426818,0.7212920439518493,0.7677339036634895,0.870612883514696,0.7557427100389876,0.745040530560287,0.9071569506299522,0.7896219971467913,0.9176876867175012,0.8731853119052984,0.7585871505877971,0.872050036707507,0.8997033566334763,0.7446812133891297,0.781533010002784,0.7335097294205765,0.8108432848872857,0.842736389436025,0.8923839506336656,0.7002242373063564,0.7625453323356463,0.9421052771304205,0.7859862746286848,0.8632961280885203,0.6622709390941763,0.7706325813939843,0.7837370422893412,0.8338966884867005,0.7310884262427078,0.8890999062883012,0.8014305792903051,0.8059449039753398,0.8612266745029811,0.8889098946867958,0.8483418593276894,0.913616912741354,0.8580164012669409,0.7178379370366276,0.869869482226234,0.7637565779188362,0.7495986367763658,0.7837485054826407,0.829983409366562,0.8256555344014519,0.9296907789442146,0.700100576080926,0.7210266279738675,0.8318187816245468,0.7893115877526272,0.8586713705270882,0.7196577185737342,0.9378298878017676,0.7276466075471355,0.8658631244316192,0.9071234268972256,0.7989016601381815,0.8577705138724165,0.8792274025963951,0.6453643922063467,0.7271263691761706,0.8467771571202385,0.7727512856052572,0.8732296601974352,0.8089885313417471,0.8012658615470379,0.8564289719025612,0.856025683998549,0.8871759762017933,0.810894570286774,0.8325434205525595,0.8982973589794867,0.7675256659666191,0.8827517921842644,0.894861371111209,0.8913364623652958,0.7660576100042076,0.7447744892101704,0.8893158998404948,0.7981559412672387,0.8495473030332725,0.9455014371229938,0.8545868507982984,0.7416624731286882,0.9257945399106322,0.744402863184461,0.7024493716723791,0.8422626764181207,0.8001736685208599,0.9465755275380403,0.746011366196462
0.8567127769249123,0.8193234628357741,0.703727647590341,0.9010661666242273,0.8120234810937805,0.8167709248868903,0.0,0.7999161936251642,0.7240017391984266,0.7694411742665377,0.8942965643455142,0.8824577323968157,0.8626657962216006,0.758998714923148,0.9100834061894719,0.826558035535192,0.8483391511923155,0.8047285727467989,0.8957146132866273,0.7657728208952864,0.8410997787112336,0.7825128937190499,0.9266716578541653,0.9193422695334588,0.8733012656952756,0.7638122535062223,0.8510733758968406,0.8647404274830528,0.7814511402783213,0.8792448993965694,0.8824043311973526,0.8619938367092411,0.851480718746494,0.8971924156535481,0.8519919645912253,0.7646291339154105,0.9441956745013079,0.7559085393720173,0.8593621307228314,0.9170618599718009,0.7849276249824565,0.8191738285169232,0.8293997472361998,0.8776441545143642,0.8450700333115605,0.804384122278427,0.7203190699435729,0.827926805665293,0.9438719657648026,0.7749218464608436,0.9327752691880009,0.7513760971607287,0.7052476185599291,0.869059566332319,0.8696427529635529,0.761867214026752,0.8466092108354834,0.8601038438527531,0.8138740618854031,0.8499445462940663,0.8322565464528558,0.6529694430619521,0.7384866818951478,0.6258202759061727,0.7023380103186153,0.7030232386282336,0.8963709312865571,0.7804966892619394,0.7005527758229639,0.8630999197185952,0.7502312175418835,0.7760937338280423,0.7253617344569744,0.9179031482084669,0.7623143820476488,0.8027990264251242,0.9033035818099122,0.8968851094078706,0.7273417913484391,0.8074442892487796,0.692586752337822,0.8217222113424661,0.8598062829862221,0.6999137174175086,0.8277175661743452,0.7486217990558173,0.88316056470832,0.8449423246241059,0.8363241617377913,0.7737830977457676,0.860487394403115,0.8615458463371674,0.8848051010281001,0.7987892215806787,0.8218751738343675,0.8015146889759251,0.6136119143651622,0.7372598759210981,0.6562902703956044,0.8681264461223303,0.8653651320501872,0.8371815078210751,0.7917110337091143,0.7373072555547021,0.7507671048993293,0.7536940447873672,0.7833004958050122,0.8147629799187754,0.8379927185765321,0.8610524756985188,0.9607201150659577,0.7920556973079732,0.8542434446010841,0.7955776699085644,0.7600853233982466,0.8350631227348907,0.821257074278938,0.8269517854800738,0.7752079512237421,0.6858920207478338,0.7654929356305883,0.7798021100039113,0.7749942308663303,0.9361178570873312,0.7234484408085926,0.849305072280154,0.7106939346029943,0.8579746563713279,0.7553168811326106,0.722653866513879,0.7163002147097108,0.6924359645338066,0.8016071701248221,0.7759923043701115,0.7533614599020756,0.6685880637599728,0.8224851206168894,0.8848788046024366,0.773876617540392,0.9018576417738925,0.7732988018052318,0.7725635891721169,0.92818416553444,0.683198630108536,0.8403880202433889,0.8315232622185782,0.7529215652199012,0.8059139013834125,0.7301093802819075,0.6087422937251888,0.9067353814562003,0.8183426514963792,0.8471922276865957,0.7445342854082037,0.85141922950901,0.8847501456927646,0.8960845280978044,0.8992401734083378,0.8798857747537884,0.8819291495417204,0.6806221829884862,0.8483454996907681,0.7774607797429913,0.8798223442359374
0.7968645681302783,0.9792974936905864,0.8752968208952756,0.7892298240247168,0.7225942871603707,0.9177561606952269,0.7999161936251642,0.0,0.775804039736536,0.9523835709638027,0.8682740308973491,0.9095167334779611,0.9005828362254824,0.8317141689105592,0.8859275785077044,0.8719200589900796,0.8705192988388771,0.8112948678234803,0.8902591146496855,0.8754636970953185,0.8746785785726358,0.9075664614628115,0.7887835095594748,0.8396549012516791,0.9551292430949523,0.6568528905785752,0.8132037908647676,0.8138236706558915,0.9133968296895114,0.8010952652558495,0.9324463021546391,0.8910997700379065,0.8520710718408034,0.7838167873967562,0.8700632801100516,0.9049201060607039,0.8727592650758448,0.897529830054127,0.8523209588439673,0.807026038340502,0.8671382510873055,0.8410271667823611,0.85773100065361,0.829395674641516,0.9514114406566564,0.7871400532507281,0.7796936893193342,0.8558562366839189,0.8251511719443598,0.8388027143492053,0.8003577118373475,0.7286280229610235,0.7493233408836769,0.9101039395113542,0.8855683000054743,0.8381151646467131,0.7679196928567373,0.8838513295861744,0.8836818451074596,0.8229928671228189,0.9371265660837316,0.6915472711919209,0.7806004248921156,0.8065742734035095,0.7018928779973529,0.716298866175622,0.7858610655365217,0.7822449936188114,0.8854798479495141,0.957602956547787,0.7371007371171329,0.7969867912147571,0.7000178358697672,0.8712943764437003,0.9310664808163421,0.7440571160561603,0.7565592156119116,0.7973932278789324,0.7695521651887398,0.6537137056668603,0.8075864058285308,0.7564705768259865,0.8653257759480351,0.894338469184824,0.7352863379937442,0.9125636736282249,0.9099007101812718,0.7837315822614713,0.8396237457890889,0.7666466217515197,0.7399462367816425,0.8411718031311456,0.879429228739034,0.707631405442043,0.7411847940504745,0.9171531568878598,0.8037222632471193,0.8753544298933695,0.6462367853098904,0.8121474979363352,0.8334459908857824,0.861040136270114,0.7098338480598144,0.9066048274856777,0.8167117699527372,0.7851639318869669,0.8672489154002908,0.9487663222472712,0.8520460185493246,0.9027380619325768,0.8217037953616316,0.698776110036922,0.8204505673610624,0.8361461564951319,0.7415495400984882,0.7655999830787864,0.8509844318790798,0.8672814635690834,0.8661539027934896,0.6977856776330368,0.6735198682072039,0.7819090555528875,0.776761322460668,0.8048147033324321,0.714796038398701,0.9322182009956941,0.6927808948546744,0.8613425667001394,0.9263454065794577,0.8335485238732259,0.917662732927991,0.7970074401419648,0.6848153814978054,0.6896609294687549,0.8944375798720027,0.7370874193489337,0.8874749110358107,0.8198113730482207,0.9168858809243111,0.8833275222821421,0.8563461169827435,0.875655800096978,0.8339067354287499,0.840576199627271,0.8753852158693227,0.7717709063172596,0.8125421913359994,0.8712650714051999,0.9491890414494552,0.7848168406132672,0.7644246124199013,0.8887392434835744,0.848366515251455,0.8762201003522881,0.9233680328803416,0.9051159147643183,0.771981916701759,0.8527457008964089,0.7552745978208001,0.6779861470543075,0.8422255816364767,0.7948805638434077,0.9628595548236998,0.7026286892756575
0.84550235085576,0.7485076543968626,0.6512045243748937,0.6996149591315699,0.6827034297472507,0.7325692998338201,0.7240017391984266,0.775804039736536,0.0,0.6801324888817661,0.7043226683225633,0.6984128227249873,0.7636923022922828,0.7795237989870987,0.7617661798862508,0.6941400181578459,0.7302515236518603,0.8163781073598702,0.7232332404705837,0.7706737249986605,0.6928922559984461,0.7289758328731685,0.7225061256094564,0.7074277859896945,0.7375849892633097,0.6112593534573068,0.7595684198736421,0.7400611790810979,0.6503386127089112,0.7926185233785226,0.7756245959481846,0.7164551669087627,0.7163353224924028,0.6776934658248389,0.8142231648202086,0.668538241425521,0.7514635351453672,0.7617009338757367,0.6544044946923923,0.719885851112872,0.6844317953165303,0.8289903923132125,0.7010592995806784,0.6807285596068453,0.7372442568396295,0.7212581722611661,0.7132717955953458,0.6494650864520507,0.7214975959100398,0.7394751654321369,0.7193904500542294,0.6944067706669023,0.7272886702184325,0.6806438947362466,0.6562369666845421,0.84488396138061,0.7386276347246702,0.7280282843823179,0.7189203042436825,0.7424079071873123,0.7067683463343932,0.6724953174495251,0.7015239984225563,0.6359682542823538,0.7191006185030752,0.670581398272744,0.7212759647713812,0.7333855490385405,0.7360896882859351,0.8191829185304913,0.7440705946735764,0.7388762332848943,0.7530941961386208,0.7315974674142457,0.7674726821271994,0.7181992023815601,0.6503262349954079,0.6717285157911507,0.6858936541484422,0.63182747574054,0.6641008921726058,0.855397696820737,0.7762990885450466,0.7082776029098301,0.7202190225598749,0.8075859141832824,0.7752993671298143,0.7570849346104446,0.762011408944096,0.8021663384683396,0.7580156842301556,0.7825599425467429,0.7075232340201939,0.6962536192437971,0.7882813706875739,0.7017488408551731,0.6430054705880764,0.7066691441640548,0.7264175609928666,0.7546876164935393,0.687822781803978,0.64972288129095,0.6545652211615838,0.6685945471624246,0.7835069650271614,0.7027167172202271,0.6542674658992501,0.7605565499145639,0.7139846507259552,0.6976522284684176,0.6805176920063527,0.7063685591123229,0.7686999574157336,0.7492444612314804,0.7143007177464791,0.7956107636932135,0.7553849468409929,0.6719896847806712,0.6451720696725731,0.7764741048074844,0.6793745294688238,0.7250030703948003,0.7326725707657693,0.7264859951663013,0.8175726602454818,0.6743586765246088,0.7359915042871293,0.6949856363780805,0.6466310106008372,0.7010682046192748,0.878420316199497,0.6714378907543987,0.6957329301698422,0.7955552335564858,0.6554085546106673,0.6689499558712216,0.7507699874419983,0.7377343008465401,0.686072050278003,0.7378847180295199,0.6996541297802629,0.6912884984176596,0.8309647642567028,0.6676546240640882,0.6651843529329103,0.7597594275369793,0.7584210897800511,0.6872856469901795,0.6834189954618838,0.6095175419446562,0.74818017664741,0.7307638257600957,0.7409507866043042,0.6851654407891038,0.7011566167101774,0.7851952066094354,0.7189741501689815,0.7228452844930389,0.718450117122148,0.6704231513054673,0.6613075943346102,0.8079298481496524,0.7730910317956841,0.763187896337293
0.706410359199419,0.969583820369789,0.9141296251034093,0.7435029522215705,0.7066641889968458,0.8978821653410096,0.7694411742665377,0.9523835709638027,0.6801324888817661,0.0,0.877504367609865,0.9210449858745071,0.8499406524587028,0.7791229588001878,0.8387114156434223,0.8729983960497432,0.8318982448656281,0.7265047820022823,0.8698879637378301,0.8168728906131114,0.8616734955820595,0.9215605238358819,0.7426907887767633,0.8040534954279056,0.942507382019525,0.6143244046351609,0.7691947525680901,0.7602325371803648,0.9756151177341561,0.755740282515488,0.8958730352412867,0.8901730107392221,0.800403976335104,0.7426135801245415,0.7938928191017944,0.9228949305699067,0.8355060052939448,0.8479085770952118,0.8965902221361263,0.7502013716733458,0.8259989018036821,0.7907817367546606,0.8284845908326269,0.8137150341061379,0.902520722433339,0.7139984193613074,0.7228535905498891,0.8860839577653296,0.7980895856749065,0.7942354646775934,0.7593417008604711,0.6566916849189858,0.6946981210702404,0.9245071825829141,0.9291137092829903,0.7509892622344561,0.7090727306486885,0.8682918558630877,0.8697798877777342,0.7668478530553761,0.9394577196360022,0.6491897347595285,0.7236500722077458,0.831533179228397,0.6478986876324171,0.6609998347787459,0.7431619515246515,0.739159847317374,0.8615084846492967,0.8987460209956095,0.6745223747180114,0.7391181839645898,0.6386035014207803,0.8360603014645287,0.8905407729227551,0.6879312153450166,0.7647017700233514,0.7940666872317942,0.6808245366859405,0.6254875096428766,0.780475328936375,0.669426816781653,0.8219897707976556,0.8367864060955491,0.6667593127937134,0.8118811982474436,0.8747383391272778,0.7353494597865716,0.7665657247611332,0.6938843300546413,0.6807293276862912,0.7803005941593782,0.8817195587323239,0.6565159076515944,0.6759289221590536,0.9258039454967759,0.8099731375702692,0.8191146855227869,0.5995613452679929,0.7261476796493156,0.8340340302540371,0.9020198726435212,0.6618069388178369,0.9097414352033203,0.7354291246290551,0.7163666670691042,0.862253197524891,0.8910947208206251,0.7945129606018233,0.9042859034511054,0.8140544046094346,0.6421753158923577,0.7523968363034801,0.825020217026763,0.657101701848316,0.6734201655676387,0.7755486097278732,0.9102915335552876,0.873625254424479,0.6229683155696147,0.6400524310557114,0.7119286519052594,0.6967176416323018,0.7593046709834416,0.6541913321772991,0.9563230856193113,0.6293404346194846,0.8573536473080521,0.9499767167473826,0.7922557881863861,0.8401286933260873,0.7960633512139152,0.6464351983030119,0.6232154901379907,0.94172393682961,0.71440835748123,0.8299564242936454,0.7512256640761102,0.9044909358719743,0.8605238953360732,0.8187745090150012,0.910063164080765,0.7602687226697645,0.8859984477354811,0.8982512907123824,0.6930162747748227,0.7717641661975106,0.8587571598743842,0.9740129122007231,0.8200275224850904,0.7018955897481083,0.8607352333219059,0.8351614808929093,0.8801941642801892,0.901214557306051,0.85570144354278,0.7392778317738388,0.8084254907402809,0.7017247856744222,0.6472512502363412,0.8082122350047974,0.7133579342119989,0.9196938843892286,0.6441353788782805
0.8043973151940922,0.8976283428209342,0.8467870081111936,0.8228213055354735,0.8550405882802617,0.8818041391961431,0.8942965643455142,0.8682740308973491,0.7043226683225633,0.877504367609865,0.0,0.9471197949012187,0.9054635163268351,0.7985294093082622,0.8748821614658843,0.9512490842347039,0.9354474289733573,0.7905000657641257,0.9156951045878186,0.8326461453474968,0.9305073465960201,0.9108960926704398,0.8662437415808805,0.9167474152386347,0.9315634215947909,0.7381061829365081,0.8532192078287968,0.8555914674577875,0.9126401741759791,0.8872311747495621,0.8765323126712636,0.9218817450098277,0.8114887387947294,0.8381751996931761,0.8479488451822517,0.8728589676305658,0.943874520143448,0.8793344645237089,0.9399703219239195,0.8738005699703347,0.8231357465222826,0.8733827795603868,0.8809434369410742,0.8948883748833888,0.8822373167376393,0.7589033087625293,0.737847506032379,0.9398228438179063,0.916956640768224,0.8412130134443032,0.8812910032034705,0.72757209628568,0.6944117840159719,0.9313448892468476,0.9521732860493721,0.74272856979442,0.8234672621845849,0.9502040640681381,0.8510924746093657,0.8357446677958311,0.900171394357263,0.6603640930227439,0.767702586949341,0.7649951419786415,0.6715960383215969,0.6799255061346472,0.8216346048887706,0.7814484319201956,0.8276991452845774,0.9168619872510312,0.7328193240227263,0.7778499667056007,0.728425260838375,0.9371148232962555,0.8713271659549424,0.7246669878347408,0.9068913324349603,0.9264985810881166,0.7056711671488701,0.7586037676510574,0.7465476040806307,0.7314235993239551,0.874489726176716,0.7874709860075174,0.7981420429233727,0.7996399975247133,0.9232936092798669,0.7896909020252723,0.7843179323867263,0.7186238845245917,0.83777688120619,0.7792379800349096,0.9526119830689579,0.7336398883560183,0.784773837155367,0.8619739285346526,0.6829863795373804,0.7601858193550286,0.6639870888532983,0.7689077994208422,0.8790971324327385,0.9143696794727141,0.7091973052387434,0.7990262631069814,0.7565784435616008,0.7719328024830753,0.8555862559758697,0.9006457027142043,0.8265357799720326,0.9353073509285137,0.9371422154683912,0.7909811843924766,0.8152924745247696,0.891889255829286,0.7140451243076247,0.791896619424824,0.7932769314868532,0.9296643508094936,0.8708906943007145,0.6668552103706644,0.7940382406659533,0.7358265002191212,0.7951409784850604,0.8707865268744741,0.7169146348816539,0.9235898613675112,0.6907828383342348,0.9112287903985228,0.8734427895780901,0.7692632803412776,0.7872057720330407,0.8205003602355505,0.7611893785153089,0.733601271000862,0.8841515335443996,0.7087294365320976,0.8614091918091703,0.844058052549043,0.8771127049529887,0.918371291061105,0.7630131828203691,0.922963459845094,0.837343460358222,0.8146324167094935,0.9508895526383601,0.7679172663601104,0.7992445254690396,0.8388288215317721,0.857931237922556,0.7783942246623111,0.8096908673451956,0.8345981965653413,0.9436476835679775,0.8290044280299862,0.8972769392437198,0.8811494769330328,0.8635792834105505,0.8887997780691956,0.7779430496407957,0.7935646485239288,0.7149678347334291,0.787098151074362,0.830905545177967,0.8293655206621539
0.761968339703298,0.9279600018110997,0.8576666584864594,0.8200748673822341,0.8070995318710796,0.912164205866893,0.8824577323968157,0.9095167334779611,0.6984128227249873,0.9210449858745071,0.9471197949012187,0.0,0.859178995322897,0.7333003034235559,0.8779661494074765,0.9093643534672452,0.8726041371958253,0.7329890493849721,0.9295624960299832,0.8060259306775102,0.9215240373373409,0.8944617110586603,0.8388522627586649,0.8970060224870287,0.9701675095305712,0.7052371769421637,0.8004709581594955,0.8075354282859513,0.9279657644775604,0.848463523238704,0.9314031929343589,0.9073006840963768,0.8301655400198186,0.848504134485811,0.8330248148867744,0.897709695041976,0.922880363074162,0.8303687875196123,0.9514375617677061,0.8127998047116858,0.8355435732953755,0.861131237347336,0.864149266294504,0.9060033176830922,0.9038581378882236,0.7359893998238817,0.7434220239297802,0.93652180103499,0.8808108176175337,0.7918886308307944,0.8410042332416855,0.7156475184437013,0.6599323033522115,0.9461477226122308,0.9537116619328678,0.7837795978687282,0.7657425314714517,0.9511683463693689,0.8194348570936609,0.7888497781587388,0.8926506578442696,0.6334011322235298,0.7400443461296562,0.7546777774648984,0.6416221819682358,0.652172776087792,0.785593115288941,0.7642692855133654,0.7817100527054984,0.9071660008663088,0.7060623806202333,0.7294470827322496,0.6706615234925948,0.8852006600643492,0.8389696848868408,0.7091903128412523,0.845769716241032,0.8996192074333016,0.701966984481459,0.7121028601392451,0.7509422786442752,0.7289289628355831,0.8725823576328886,0.7731033300383173,0.749776631575783,0.8061361781334626,0.936176584393774,0.7523170777900565,0.7782331729384088,0.7506829209686391,0.7792593420443725,0.8399654758500388,0.9143616554556542,0.6931706560707914,0.709113513708675,0.9295689474475747,0.7000764915848667,0.8385543875070823,0.6350835431153956,0.7585280726863424,0.8535134765161644,0.9145212403729419,0.7381519007834261,0.8785837106045795,0.729298822607044,0.7497650445122671,0.8422878388947247,0.9154606023116868,0.8042290434561334,0.9553857082515356,0.9411535409861133,0.7375373962415116,0.7904970087962493,0.8363439144201466,0.6802434930184765,0.7435948724876121,0.7937554304490129,0.9194891144997728,0.8885956629728543,0.6504956289236011,0.7128071285561485,0.7507739343483362,0.7715175537682961,0.8491888339633921,0.6775538795800709,0.9578747846562002,0.6454209704889691,0.9169116395039972,0.9128773700881365,0.7380351165742637,0.8034717559357735,0.7870614019733011,0.6912725144367302,0.7057149461536412,0.9054491846333564,0.6802842550818439,0.8656956890696879,0.8112736468830092,0.8690272043550326,0.9162231133228402,0.78630008830404,0.8959931529150504,0.8145691941372875,0.8214494876711091,0.9510210852805719,0.7875770689078514,0.8187346298272095,0.8342336154159501,0.9059563675430226,0.7705570164815221,0.7982323489731094,0.8370065818975361,0.8725517073212661,0.8454153005093861,0.9579946844344399,0.8818744800721853,0.8021093852767177,0.9006744627293578,0.7546209531716419,0.7325611679925931,0.7213825840770078,0.7707371886373591,0.8889810204640523,0.7588972960891757
