0,1,2,3,4,5,6,7,8,9,10,11,12,13,14,15,16,17,18,19,20,21,22,23,24,25,26,27,28,29,30,31,32,33,34,35,36,37,38,39,40,41,42,43,44,45,46,47,48,49,50,51,52,53,54,55,56,57,58,59,60,61,62,63,64,65,66,67,68,69,70,71,72,73,74,75,76,77,78,79,80,81,82,83,84,85,86,87,88,89,90,91,92,93,94,95,96,97,98,99,100,101,102,103,104,105,106,107,108,109,110,111,112,113,114,115,116,117,118,119,120,121,122,123,124,125,126,127,128,129,130,131,132,133,134,135,136,137,138,139,140,141,142,143,144,145,146,147,148,149,150,151,152,153,154,155,156,157,158,159,160,161,162,163
0.0,0.6365592001616783,0.6731441517704917,0.5425951937618082,0.7513743116944465,0.7072227276606095,0.6389407122192512,0.7481802669909132,0.6114867059367431,0.6777398866901627,0.6332639164936278,0.6763442122876346,0.7029028667616273,0.554387795934561,0.6130209351045901,0.7865088985969929,0.6720799534894853,0.7063304648853614,0.586323423985658,0.7623029696579388,0.6377153914462078,0.6143068174076299,0.6192319239381568,0.5432329859893243,0.794982152047438,0.5660775646178723,0.4987006514479314,0.6479721531447685,0.5418907015681094,0.5596464867035292,0.7965510554178121,0.7388643453615992,0.5440338041929486,0.7055535528293652,0.7229081427305145,0.5886036529698747,0.7014437161408075,0.6113398522963963,0.6354379867380572,0.5172135589819687,0.562151964162535,0.6479879707564825,0.6513277975784071,0.6395653070652124,0.6943664356769543,0.7448854316207879,0.6636503746676317,0.63544916106317,0.6930212259498746,0.606254352205527,0.6285300512907033,0.6396860139336121,0.5343809122923512,0.52861628073414,0.5513606600158384,0.5787268217217844,0.633813296688058,0.8028050347161222,0.6027419574161764,0.6510305076517284,0.5916706095268878,0.5551473625332711,0.5627728820247324,0.5553015456984685,0.5628069998080047,0.5796750562753045,0.632337984342671,0.6608772024703565,0.5910817563293495,0.7818801958379911,0.7556110242296952,0.5469868459930113,0.5547639795256677,0.6491701038838262,0.676525156242696,0.6559656507419422,0.6169854571623732,0.623186473430917,0.6407931158138543,0.5553406371610746,0.6145161382504565,0.6606348100971681,0.5937372915993577,0.5896819234909568,0.5582087797450082,0.7346119612421723,0.6829579381308123,0.6069953128594873,0.7779569175377676,0.5392025040110949,0.7013929087964929,0.7614428595683667,0.6011504054969262,0.5798494602402668,0.5662144307824979,0.6317512045452499,0.4846849440571055,0.7398525981470444,0.5281306474625524,0.704371122333863,0.5402506753991771,0.6625149737500502,0.5678574911698822,0.7167433415089683,0.5859196064128999,0.7751570919664771,0.5784789372711002,0.7249528015300489,0.6172238680363822,0.6892477182153646,0.6336232958513869,0.5636686107650348,0.653048484806199,0.6231399136222727,0.5749723627786831,0.6287172019375813,0.7108411357077433,0.6993353352116088,0.5576378326232548,0.6260191313726111,0.6161520386908115,0.5877182175711021,0.6517246332170412,0.7943202500867597,0.5642127247253423,0.6648991884084452,0.5849173242758846,0.6459268176400562,0.622927762175245,0.5421782877728452,0.5632753625095896,0.6214110183853069,0.5791372055032956,0.6140893010559433,0.6111255854324855,0.5557440703775722,0.615884389184873,0.544357560225736,0.5263469299597904,0.7604344751768609,0.535982382068527,0.6174595623248851,0.6983210391103056,0.5364294079284502,0.6322301334116444,0.7023625561985027,0.6443684307921899,0.6680551491474885,0.7740144011849542,0.5420044379781043,0.6922330341541487,0.5834517800714915,0.5570098533421001,0.5114207339167776,0.8494123699653066,0.7913570779730709,0.5706667111716702,0.703079781535677,0.48824720541354943,0.5486987312396007,0.5536936156894717,0.6353197967773045,0.5890751943966656,0.7393829727963416
0.6365592001616783,0.0,0.7849732563387062,0.5634044894949175,0.6267211993453996,0.6073702715062039,0.6749056177894034,0.7536560701466324,0.56955592900215,0.6355003787723328,0.578086135176308,0.6567916677075307,0.6904948263836058,0.5117966217744099,0.7399332093221976,0.5928404600315559,0.5784509726848684,0.6034683970703064,0.5125969520489327,0.6056228269846604,0.5630178360029673,0.8232974280401338,0.5875984549156601,0.7026230010704978,0.5898142039205434,0.5157492747991578,0.5332049429265431,0.5951371291552012,0.512684341778187,0.49670442243116225,0.6142009957409192,0.5347740672187778,0.6167386538934085,0.57485061355163,0.5720916831722211,0.5118411630340779,0.587495781399531,0.4974981890099302,0.5849430392487508,0.5762035954802162,0.5560979105647225,0.5966432966400272,0.4921189093977653,0.5189446608865468,0.7232590817058918,0.6672249822719263,0.5686009351951656,0.5177168508624538,0.5762766515268388,0.5180131103600891,0.5373839230543497,0.5680550760914542,0.4940345592211073,0.5400093977185338,0.48384324965840525,0.5519440774064327,0.5345553291106593,0.5864176681907217,0.535921279039143,0.6111168954620798,0.5819649952032048,0.4494600397720516,0.4740632062876552,0.4628455237271898,0.4835492385931601,0.49002916419992626,0.6417684933876515,0.5838763583680374,0.4934761455145805,0.5981795954634159,0.6123629545651235,0.462070445153957,0.46638428124420567,0.6269774243072181,0.5750633249864068,0.4960009632932959,0.5613514482822776,0.5651508925820788,0.5202529741908246,0.4404675757669281,0.4890588372939425,0.5994643292039051,0.6133478535605488,0.49788287147964955,0.4542005991479339,0.7316435766658227,0.5076474059098762,0.47790137692252377,0.585090727418312,0.6207037969980158,0.5522081000756819,0.5926400197873503,0.5085934894372846,0.5037605467077264,0.4960309697515346,0.5812544584056966,0.4473981317822827,0.5762170571288644,0.4283902910873994,0.698748589061218,0.46820306504139486,0.5160358790512839,0.45026567505533743,0.5633374487118494,0.47524140830830097,0.6493867468808149,0.5002886238266745,0.6214967291845608,0.615029715747373,0.7804716653452389,0.5537632169440171,0.4601241528859616,0.5325190751914453,0.49184712895062704,0.5006355845200655,0.8048353743486467,0.5177332916263039,0.5230937626417074,0.49135962060343824,0.5079779752720691,0.530135555936434,0.47776157754706516,0.5119182969100368,0.6609308973525603,0.45402642870378485,0.5990813767754065,0.5014113533120238,0.7404827230562819,0.533755955665897,0.5048822602828363,0.5244435066683084,0.5187993171453594,0.48654030064792986,0.5361332410010401,0.5714132600854106,0.4698510454069769,0.556467631314776,0.5405213582506917,0.5497195055490349,0.5558793455983699,0.49037792129939245,0.4819265447890886,0.6609757113975757,0.4598479470057056,0.510536839909054,0.5420145727428534,0.6852862297393928,0.5940859196636744,0.5744096046352373,0.4380678272392512,0.5385398281033398,0.4710718619157005,0.561164817897795,0.6220154034061491,0.6180298437661298,0.6819651517142507,0.6878808460132948,0.6993103891889969,0.48194180258555575,0.44858761260511776,0.49126126177344304,0.4799797953507166,0.4666555151192108,0.6299109423616058
0.6731441517704917,0.7849732563387062,0.0,0.6108456795852488,0.6806540311737448,0.6290496594524054,0.650536699290479,0.7534290101678948,0.5516123867325282,0.6305005430712776,0.6332625645596099,0.6325336686552184,0.7211721197146044,0.5563700192258753,0.7149707153898074,0.6488080700437433,0.6492152956744892,0.6558937175253776,0.5375568838418915,0.6640185370091567,0.6261179809251289,0.8095362358099233,0.5858186453853331,0.6625629253921749,0.6086283440985714,0.5695408120565018,0.5225711286348795,0.6349974381017425,0.5440121686063327,0.4794079186575598,0.6223249727719,0.5688136446014032,0.6461172329259257,0.604793181011952,0.6364250103614618,0.5751141348112264,0.6052811494484547,0.5517017576381077,0.633908990121855,0.5951488849369693,0.6240589255443297,0.591378503655142,0.5383310965834865,0.5756208669175946,0.7616519094346206,0.7277475024579395,0.5757487621840768,0.5730224662253668,0.6058724249277111,0.5781007301903044,0.5905980610550673,0.6455749904219791,0.5352420210881692,0.5844535571949033,0.5250957627042684,0.5339955124125287,0.5868460599018466,0.631852442684287,0.5921232637527774,0.673281276470693,0.6368661168549086,0.48974522645854346,0.525873152650729,0.5153333956490403,0.5276759109871595,0.5399373669249964,0.7007357649151956,0.5960313553022936,0.5407102453673446,0.6366652169371498,0.6848387290830544,0.502654274123517,0.5156687635094463,0.6978777738067822,0.6429351084880541,0.5202677323634384,0.6045776288982976,0.5872782788419294,0.582120097091863,0.4719879187849587,0.5396544039356469,0.6463784435826311,0.5717638057517892,0.5540383627390385,0.49967147103597753,0.7999986811597852,0.5458118664851854,0.5148668441827721,0.6076507121774347,0.5642553559176415,0.6120845210537276,0.620454606452255,0.5531352683465408,0.5428930210142804,0.5494714775336939,0.5789063414457801,0.4825207513350811,0.6172333587499407,0.4662721536596336,0.7697034350378744,0.5027670394429398,0.5621296938705582,0.49358337890230763,0.5980811396691513,0.5250443022652725,0.7122686296749507,0.5534172323227066,0.6471452523906656,0.6616320615028957,0.7453646338667683,0.5973129270412105,0.509296697898547,0.5914110415036172,0.5333921143867468,0.5543866276093646,0.7531073552014461,0.5597035425384718,0.5506347947534216,0.5520999107622447,0.5522874387729106,0.5909255259651736,0.5215370317095586,0.5695156481150151,0.6934037012464951,0.49412535158443877,0.6331521816571154,0.5547725849265773,0.689684299875789,0.605634797124774,0.5449520255688234,0.5091275903783685,0.5729215611091537,0.5234927207618565,0.5925354515046194,0.6366012060984669,0.5156368562840241,0.5448035736038509,0.5753674715358718,0.578322876400872,0.597171298328775,0.5275605700021936,0.5247065035779693,0.7098558613017362,0.5056300628159559,0.5615707060878572,0.5684400221450722,0.6633908617039284,0.6266327605814004,0.6100204127546119,0.4840008676836661,0.5889417262975376,0.5082423877236919,0.5991488438414734,0.5709943571751357,0.6766955717981687,0.7171004878178104,0.6432047674885827,0.6794199315449605,0.5086201411567179,0.4799616781774577,0.5338878325369423,0.5178487125974446,0.5066902123215886,0.6998072348954875
0.5425951937618082,0.5634044894949175,0.6108456795852488,0.0,0.588188208497469,0.5002457720256617,0.5752114206275492,0.5293446971239173,0.4254608093248134,0.5062990832231137,0.7379455709893189,0.48522616267889296,0.6020922926895202,0.639916100347315,0.612167392249913,0.5814759091255803,0.6634173918682913,0.6122904915311476,0.5108195098272006,0.5649003766666387,0.6016192907755554,0.6193278201673974,0.5206378341682852,0.575014043881236,0.493983465504533,0.6114947781960489,0.49229737821542435,0.6499537167661035,0.610857928772021,0.390651957244083,0.49513224034570225,0.521213540487688,0.7197431977728975,0.5335616948047414,0.6155606725051606,0.6582359011117274,0.5179187325587794,0.5719973653174352,0.686248141118654,0.6676342008220483,0.7907387965212481,0.45235149920352713,0.5268848010622749,0.6073230148401294,0.588342455414768,0.6196368815102103,0.44562659050900905,0.6089088494018435,0.5857812064991492,0.6264339801639833,0.6516430420451222,0.6172731639378187,0.6159161561611682,0.7293234190891653,0.6491499508899163,0.41089643365417067,0.6134377277400332,0.5286652391143165,0.7108424997705115,0.741738903747895,0.7422062182029786,0.5025840040148554,0.5619510353389802,0.5612708593147008,0.5574639261454652,0.5786691773582125,0.7251388654411614,0.4888153264609184,0.548015476935974,0.5365451953274671,0.5926880797536785,0.5553519475600001,0.5548762857022236,0.754437468922396,0.6197306523527815,0.49181628229579866,0.7220578887993986,0.5431214394834932,0.5821486228173615,0.48496432233487025,0.5296447443270083,0.5584381660332106,0.4429014667947616,0.58588270459625,0.5268698735359996,0.5577884334891212,0.49525300768814295,0.527240627070418,0.5191495167833716,0.42833394203624997,0.5949513008182892,0.5066254722232165,0.6364328846033511,0.597469619780478,0.6349882313314331,0.4664373743223909,0.5107179709313941,0.483072530678999,0.4807217761700359,0.6734443878394306,0.5677874082031067,0.5672009734239802,0.5080820288794925,0.49050197388150235,0.5525851278758033,0.5541829523062651,0.6042635401878714,0.5003399777161459,0.6581607781922137,0.5357087032246963,0.6073790845193169,0.5449736532372013,0.594829678499452,0.530174345691741,0.6351916906387738,0.5555489495434651,0.5168404290700988,0.5253420620683337,0.6295818545760636,0.5218932344110112,0.6620761019401977,0.5246713295890209,0.5366772891496592,0.5954437564764486,0.5064089659414589,0.6042183609660077,0.5745787322923293,0.5253300922835981,0.654695036756847,0.5866331640540875,0.3969790474104392,0.5433574523249886,0.5727671560093647,0.5968899064434359,0.6582353227983903,0.5663479748486155,0.43224176767479966,0.6224053751493993,0.5899177925033031,0.5474989011804392,0.5920386258490771,0.5207357781998773,0.6208432003221102,0.5436071260826623,0.5706931920163583,0.4652261761159053,0.4806320941763297,0.5807078442884729,0.49125321863136434,0.49633694106666654,0.5803295394725917,0.5346651766295956,0.6469557422658806,0.45185149024548915,0.5475689603737869,0.5657961106651612,0.6087283226706652,0.5080912224016791,0.6341283014124881,0.5307591266319213,0.5580424939014625,0.4989021056718464,0.4905102702858272,0.6482673832099657
0.7513743116944465,0.6267211993453996,0.6806540311737448,0.588188208497469,0.0,0.6194492128235779,0.6956804557382903,0.6860196091307458,0.5633873470739482,0.6954771306490437,0.6974575570777203,0.6010195735522825,0.7357003233001125,0.6341557818045445,0.6539802421621556,0.7928472183896134,0.6627911239496777,0.7558686241102603,0.5307204103733277,0.663342371206842,0.6112486162816052,0.6317966172042724,0.6337373120261949,0.5450028182304162,0.7114896713330866,0.6420350297772375,0.5397869086125037,0.6273711289605652,0.6183438877331542,0.5163200983013941,0.7171577774423767,0.671630272157369,0.5960710174693679,0.6301986186119611,0.776927986644945,0.6327896198626255,0.7517695178295428,0.6688579033737474,0.6608454028668727,0.559941958793822,0.6069088685125125,0.5852031902935161,0.6501183847799172,0.6865757304118499,0.6983488779753083,0.7210642143991054,0.6145011908642078,0.6978869722694563,0.7435476142056672,0.6098103067137435,0.6400228081931979,0.6150004204350558,0.5346564594513494,0.5436653415112492,0.5997551212011708,0.5427543301839075,0.610222015419317,0.7196039895295077,0.6489984220616909,0.6677017160008842,0.6045785358830953,0.5698162424283649,0.5566514400544368,0.5975021113738789,0.5513285157055605,0.5643678309626436,0.7269988215983082,0.6964352252958473,0.6493757873825003,0.8116391257504024,0.7767343800454288,0.5990660983220744,0.5627287042195581,0.6738304960469381,0.6488300835527152,0.6376359241510388,0.667788028718103,0.7239026792064519,0.6533837195296931,0.5732703530763066,0.6152103070337459,0.6272202778910388,0.5799725450149844,0.6376803542945387,0.5582868622737249,0.7136374712055643,0.6681990720151431,0.6380999632913579,0.7222274438347883,0.5266238460511437,0.7769631566752213,0.7044629647248517,0.6444888655257499,0.5590447870490951,0.6081258349301224,0.6564432704843601,0.4751766333143711,0.6509180688337158,0.553488087480017,0.7171813211658004,0.6070355613789626,0.6641140201019649,0.5908264844397737,0.7095552299755173,0.5917324671780325,0.727409682670153,0.5683324902090322,0.6739640917991429,0.6724626340848668,0.6377765769508353,0.6139650584477295,0.588564636291924,0.668301966471885,0.6754278855483952,0.6072609323643909,0.6164651157362427,0.6357211701134011,0.7000789137294916,0.5720067327277611,0.7039245751135887,0.6891199851679611,0.6454346249676186,0.6154530903893992,0.8149517170716949,0.5864461550977048,0.7501229572984728,0.5876483667193899,0.6627136290782729,0.6497224849101388,0.6132360531958241,0.5234756376347973,0.5985850306983698,0.6445677461406332,0.6292020205199974,0.6111122163640905,0.5847023760856791,0.5704243104078165,0.6126154344561803,0.5691960693617515,0.7678751725501235,0.5986562217514785,0.6420868058143357,0.6790832053273504,0.5552226740414822,0.7120877573360701,0.6608559305575887,0.6030419752609238,0.7337411498726712,0.7000275040682026,0.5495141631328121,0.6728449523801227,0.6065735142813787,0.5481079792349617,0.5199616977869245,0.7815003651902768,0.8367924117075114,0.5825940522340853,0.6859075996698798,0.5478363224088261,0.5722072152568172,0.6087546269374287,0.6367190127021537,0.6207138986721036,0.7777955246626276
0.7072227276606095,0.6073702715062039,0.6290496594524054,0.5002457720256617,0.6194492128235779,0.0,0.544153851932224,0.6830269567579792,0.6440867373572815,0.56811578844136,0.5495994298576181,0.6951896526375435,0.574620162758569,0.481203072340091,0.5383734944776564,0.6167342591769345,0.5995441549446767,0.5642581058783557,0.6346802234327767,0.6877772186124302,0.65095826123174,0.5934434403642436,0.5067416828716615,0.5061673406666655,0.6452140308427452,0.4787364987137363,0.42978235598671133,0.5625169250248373,0.46237164098636657,0.5367010958134257,0.6891640343037658,0.6666947509513974,0.4891970463027877,0.6140175379769829,0.5960165756405904,0.5384269999243713,0.5641484345819622,0.5271134303934577,0.6073711755860152,0.455652623822915,0.5077066973903871,0.7341952900291246,0.556696828009483,0.5675675447166114,0.5809541331811793,0.6037565209828398,0.590789909507687,0.5451560456804871,0.5505577253441469,0.5739606793190782,0.5881129111501786,0.6239708087697932,0.5312607954652436,0.5227305935081663,0.49151013507648345,0.5851275227656634,0.6049131266159788,0.7441063574600238,0.5330694403712055,0.5780854310751999,0.5743632443005933,0.52729850549741,0.5456737886026525,0.4971967615156223,0.5708696705634111,0.5622489820925273,0.5534744382207,0.5667268923088574,0.4951796116491771,0.6226846136866787,0.6791884470241603,0.47231580316696126,0.5447916464597805,0.5890974199800747,0.6580663577854847,0.552842171597912,0.5529036365602213,0.5167119014618179,0.5373833721762736,0.5040622762412895,0.5835210995959373,0.7570100275206689,0.5511480143046058,0.5053990559071541,0.5377934099545513,0.6333961780362768,0.6309923818486954,0.5306131409757515,0.6062446007934342,0.5324230603232941,0.593944482722676,0.7676929036819842,0.5279046246000263,0.5648738124262407,0.5340867592566592,0.5528078428474866,0.5217913839996468,0.7033580528247928,0.4978557821937913,0.6026806818568085,0.4691746028952777,0.607676365761551,0.5153107606865378,0.5859210030609611,0.5523523269123621,0.6188370137173362,0.5644870275124811,0.6021307234145071,0.518066192482322,0.6646271263165007,0.6293477484885424,0.5222258779322032,0.6209333094840048,0.5507115277223981,0.49733585650927553,0.5673833859635288,0.637886991546319,0.5706583370323528,0.5296009882782201,0.5428888697645924,0.537719235742563,0.5203261294383519,0.6188710083452308,0.6424130985489231,0.5343840794245542,0.5404142806896096,0.5971467916647852,0.5681675519579947,0.5485543105678795,0.46221488088681123,0.5598101319966499,0.6624724731783073,0.49737254742946463,0.6279892076071345,0.6052653850329759,0.5117934649529161,0.5339029886811247,0.4611894922820691,0.4494529243938912,0.6299154585575586,0.46454676741799394,0.567668773670215,0.7116696487832092,0.537396300501222,0.5410098421174151,0.5956719418486842,0.7019289117853412,0.558249646823782,0.6318420790490632,0.5167672536705927,0.6330266061373412,0.5246202818852526,0.5613520199074288,0.4718613768593176,0.6839920792158085,0.6492799619643177,0.5115925310037308,0.6119362329896623,0.4285091864002305,0.4943321672232703,0.4757108494649424,0.5700346281538882,0.5455535349686118,0.6482146272530946
0.6389407122192512,0.6749056177894034,0.650536699290479,0.5752114206275492,0.6956804557382903,0.544153851932224,0.0,0.6603730841953903,0.5329968736982349,0.7290477123513028,0.6328816191216848,0.5823786956341223,0.7747754724083158,0.5852721074260026,0.7653697789351878,0.6481393313226154,0.576252112523067,0.681540190784764,0.4764954596214504,0.5702237289638763,0.5239362648887046,0.6522129370959039,0.7125939096611611,0.6077973340225292,0.6265215508502662,0.5858755071957308,0.6471346300126128,0.6069132679032686,0.6160476185439454,0.5096512179936125,0.6315722099041358,0.5585558596439468,0.6369658899547371,0.576607875821716,0.616474508768328,0.5305779705790228,0.7058848493293198,0.5469324310277277,0.5834745418254382,0.6204845206878676,0.561752390196541,0.5375229620570481,0.5309650739517013,0.5546181511391528,0.7161589512221899,0.6795906311279132,0.5707406356539707,0.5705017061480855,0.7004520662082823,0.5148851546421387,0.548046303657093,0.5273287720583956,0.4802598519962647,0.5098311338891002,0.535857244273274,0.5255755088639754,0.5260922614861757,0.5827684912526728,0.5729546434085429,0.6166010899897582,0.5569617038766018,0.4726811326743135,0.47078311517324667,0.4956149887445373,0.4716397691221708,0.48416972123746266,0.704253861673963,0.6521351612309585,0.5600001743508554,0.6649802714918163,0.610184845050534,0.5233087589971951,0.4701994835756636,0.6196810964688283,0.5496424078809359,0.5579301250891422,0.6129601846881335,0.7173209774746373,0.5525783792467196,0.4869198399626445,0.5009840851585865,0.538582007362655,0.6188824828845642,0.5448110242880692,0.4648511900338465,0.6657973738318943,0.5353415385284119,0.5338404775149906,0.6542959671173524,0.5627216634276422,0.6032229077331768,0.5838181569224107,0.5606399222461019,0.4974934227368505,0.5150892258175975,0.6442840451606788,0.41942359629880377,0.5493856682653462,0.45691942429339116,0.6952904454701466,0.5449706287190094,0.5442123937536474,0.48462599774895143,0.6074455881624636,0.4887560184841796,0.6502627728246333,0.49084836815734156,0.6295283060921568,0.6870372321677001,0.637772541354461,0.5387405612020829,0.4836850334418091,0.5423221377258364,0.5485873589273107,0.539178205312894,0.6778945514791158,0.5293369030909816,0.600571013263607,0.4901858788418577,0.570773203269058,0.5757311148078991,0.5306315997932662,0.5047423711637158,0.7281746658641379,0.4800904478617281,0.7350464957292749,0.491456509753325,0.7605611393243301,0.5507641516357874,0.5824800696711273,0.5079293826407126,0.49546895207410024,0.5676455811663381,0.522095513149577,0.5344391538534029,0.49474084037035293,0.5763506575632656,0.629378564664497,0.6080379321331807,0.6092444046643721,0.5607202368099333,0.517366402944365,0.6044932339593129,0.46381135035656496,0.5733995312440864,0.5708845984084753,0.5709072371804988,0.6926288687123497,0.5943143327804273,0.45230814442038353,0.5521193283525889,0.5151076882599257,0.5134846771364803,0.5966785236637582,0.6274860095753949,0.726408771092919,0.7032135382530192,0.708165224145636,0.5566422397397472,0.5003034471931485,0.5536280004417997,0.5179173735641991,0.5027174632180598,0.6413495357869052
0.7481802669909132,0.7536560701466324,0.7534290101678948,0.5293446971239173,0.6860196091307458,0.6830269567579792,0.6603730841953903,0.0,0.6526795205422095,0.7053300025548588,0.5809525328106809,0.7391056772226203,0.7099972278426184,0.5157339224595967,0.6581281642395939,0.6647587672767691,0.6021149942339313,0.6385066430320677,0.5370856206907414,0.6714260210991054,0.5862537279340627,0.6864029859872876,0.6199360392303563,0.603407767067274,0.7107057924607303,0.5324305210404586,0.5209304707209867,0.6026716607846119,0.5123626939967386,0.5655633230629289,0.7330042122409299,0.6019388524595395,0.5574978160569306,0.6405961805634416,0.6184909806522941,0.5283028139507816,0.6596244962946023,0.5343552629248302,0.5841611592252443,0.5296489893182961,0.5387942422026275,0.6916147582615471,0.5443968070319027,0.5519112827151201,0.7471593177055911,0.700988778674109,0.6758145857417589,0.5510818475954534,0.6163852917163636,0.5369985423861455,0.5533007850594716,0.5904063707673521,0.4900935540092807,0.5115658407749362,0.4924004327815811,0.6312478940829664,0.5567729650628113,0.6829251128928199,0.5422166817956425,0.6035736134183062,0.5620174715442631,0.48299640125517673,0.4970223465865775,0.49141618899573,0.5006816099272876,0.5108243006460006,0.6226166487279496,0.6530141921160492,0.5289571994375153,0.6889066090681121,0.6673052448008868,0.48495099824832655,0.49175902051737264,0.6146391305509462,0.6035657141827377,0.5507112295435824,0.5618954522947411,0.5986839087038718,0.561241648667424,0.4776923817916823,0.5309514752816762,0.628253641426378,0.6650783394666601,0.526664765988002,0.48626001261848,0.8332341953823947,0.5782458962733376,0.5172114118432856,0.6717012568258202,0.6376135999594639,0.6015996589339709,0.6867971778071821,0.5252339295586843,0.5145783930400286,0.5087656549255939,0.6525496543731503,0.45205538898729986,0.6993870896925214,0.46268182213530723,0.6932927963154503,0.48473207246742106,0.5594021722648975,0.49053211650499007,0.6630783457191095,0.5069081707295907,0.7507872356750015,0.5172020941290514,0.747653055815186,0.6039732499481978,0.8214692520814563,0.5728398475930714,0.49215325784962605,0.5686905998119862,0.5389224077503485,0.515326127857116,0.7376632393740816,0.5821576753758732,0.5810651358263387,0.5060527002697128,0.5597799355623551,0.549057869340728,0.5175998367952,0.5657780257237842,0.7132815241499423,0.4892957791044082,0.6215921852955666,0.5250046904065805,0.7505905418725065,0.5588120631913028,0.5116066340747752,0.6015846145351554,0.5563304107483357,0.5117040677423998,0.558069657517011,0.5736253647775361,0.4890671342871876,0.6386409772866722,0.5314300569269839,0.5342410898453578,0.6238088897681208,0.49593096618127847,0.5279483777952085,0.6692461131890108,0.48090719426456774,0.5519094677740138,0.6489930451412723,0.7498891887041648,0.6214217852786804,0.6939758019897491,0.4756559233958486,0.5836154578472995,0.5016917129254934,0.5402265849903805,0.5941891044328627,0.7320812356000665,0.7703157804270337,0.6055814660945456,0.8094786072666048,0.46732816424975154,0.47436086904058494,0.5098818547604099,0.5338910831425254,0.5147500192765538,0.6641807908246737
0.6114867059367431,0.56955592900215,0.5516123867325282,0.4254608093248134,0.5633873470739482,0.6440867373572815,0.5329968736982349,0.6526795205422095,0.0,0.6006148600996407,0.4666685285852571,0.6627751347494092,0.5351755274046132,0.43300631064774836,0.5103788159274729,0.5387186339058032,0.48074682251937195,0.5076824399948201,0.4814880333178225,0.5431815909682483,0.4916234513576147,0.5292324370180244,0.5068329023853163,0.4701059588729547,0.6407766040638502,0.437434631734596,0.4421668805239103,0.4718794010506601,0.42899841674205386,0.682863059130748,0.6945997351131382,0.5482232134064731,0.44194849564401845,0.5279788127277448,0.5089124854964824,0.44470865313540237,0.5704829427089457,0.46167302183111586,0.48480481440030515,0.4196102379705933,0.4313691643078789,0.7801059908382586,0.48205105070435794,0.4736682077133491,0.5421573096125161,0.5260478299678716,0.6775442802572006,0.4678512890265663,0.5053773941730977,0.4545742702679088,0.4665489583565996,0.48266652435537116,0.421823082170406,0.4227179757448166,0.4192372512132581,0.8271495807539136,0.46906897323168845,0.6053010500185042,0.44652404882065383,0.47486113633715155,0.4572813594286832,0.44767706410698754,0.4340609409478758,0.42849471793028354,0.4447442586304315,0.44137424848174567,0.48920606616608053,0.6044854199017142,0.4542466042723772,0.588938078849219,0.5568890350348698,0.4226403569538752,0.4368617117952018,0.4812315419512985,0.500486897122869,0.5084907970748571,0.46208815014507665,0.5116755364907307,0.4642705535792707,0.44611496960294056,0.48025011392077627,0.5527546293683888,0.6760749305025102,0.44469119541461627,0.43702221390664214,0.5922544703205412,0.5518335339022836,0.46780505184798576,0.5756449088315538,0.6491169123217737,0.5101603483034359,0.6622292361020603,0.44640311966689566,0.44127792751909,0.4390675253003879,0.6314435088664715,0.4094418492794375,0.6440003013625115,0.4349268814670628,0.5166580239159678,0.424083364409601,0.49308802267401347,0.44647597206666234,0.5935381222912144,0.4496197197170109,0.5669180071123044,0.44086248488925556,0.604954196003122,0.4715066851886216,0.6112826003538963,0.4854644910096613,0.4376458239722897,0.4934597018996667,0.4895319460692132,0.426824844836976,0.5430527279859729,0.5201992812389326,0.5178436405370093,0.4267815404236247,0.5069593854510103,0.4582790493467226,0.46861584912021276,0.49335597165535416,0.5675874418852239,0.4558081087057601,0.5030282070751672,0.4641140156780862,0.5922069274639962,0.4555138745039967,0.4297251058707101,0.7703294150692162,0.49919339360880577,0.44561810025423504,0.4891021482333524,0.47269075983833275,0.4317410510327499,0.6126878909625287,0.4315288219424828,0.4255078814683076,0.5496901842970956,0.42263490818429483,0.48643960758650095,0.5461915948617702,0.4357304928582588,0.47979223909246693,0.6161278165123596,0.7183003761862482,0.5174304204138629,0.6175762822526744,0.4342460466312361,0.503346346001586,0.45222159578599613,0.4457100016107108,0.5202442211537489,0.5979261795228269,0.6074412690515348,0.47449689376411425,0.6474774381595658,0.39176748057327604,0.42648683483990235,0.43633266862912107,0.498638052988447,0.48772578393902133,0.5306998411718689
0.6777398866901627,0.6355003787723328,0.6305005430712776,0.5062990832231137,0.6954771306490437,0.56811578844136,0.7290477123513028,0.7053300025548588,0.6006148600996407,0.0,0.5677536801677867,0.5955151277219329,0.739236406860105,0.5520655208337524,0.6585364427468049,0.6622471076511844,0.5495505645057008,0.6737400165307323,0.4646211333636075,0.5729312212572351,0.5076272986416778,0.5922570033523454,0.6932626322600229,0.5409757611765262,0.7163183634944936,0.56589767936811,0.6066230440988338,0.5568881529627272,0.5694772470590306,0.5832398597215601,0.7107831959168389,0.578430464567816,0.5556116316941764,0.5727391970010227,0.608991694400404,0.5085934756786569,0.810611854486071,0.5524646714860608,0.5331875864758249,0.53810234307579,0.5170574679902806,0.5821735822985116,0.5507596129554674,0.5431158942942125,0.692568969370666,0.6620306167063511,0.7038588190548571,0.5576261348572213,0.666722665025066,0.49763095989588685,0.5195299569564205,0.5155398633754983,0.45552660106777515,0.4632900156422535,0.49828515451704664,0.6097037760168287,0.5054729010256508,0.6119454620763184,0.5347455633657477,0.5619208121675935,0.5099930133498917,0.4835921811700577,0.46514818884226095,0.493058378674799,0.46080357291795077,0.47359867372173514,0.6198863643729601,0.8046754931430432,0.5764838842929002,0.7447579296741534,0.6211021408592693,0.5171550068687636,0.4622270877462323,0.5630580328108286,0.5373561562007118,0.5957502897320258,0.5489204840144759,0.729140915166883,0.5599010126910747,0.4995056180849822,0.5172543867849408,0.5315644530917285,0.7212156668728811,0.5480402484044262,0.4633182184592115,0.7021252098211271,0.5713662504133443,0.5433871796638413,0.7357720704448971,0.6051966654101409,0.6052695672000785,0.6256666555657421,0.5305141796411379,0.47324699993725544,0.49334546407667285,0.8046677200165713,0.4073413118739933,0.6104885366448541,0.4673365401508333,0.6395415321612893,0.524866942665423,0.5397532021029436,0.4951683949856334,0.7248931925410194,0.48792539280162056,0.7024440493846918,0.4740490337664433,0.7149151640134558,0.6318398135066564,0.6301733142965457,0.5082201292553024,0.48141887143755663,0.5373427635801692,0.5640063204571414,0.5203933508004205,0.6475287567140294,0.5524672607398861,0.6136005566123194,0.47180268667707226,0.6100441861960052,0.5484312185705525,0.5502322480404139,0.5131834842703088,0.7108349115798135,0.4875758061228643,0.699851182804573,0.4826215329711904,0.7622740802505795,0.5335052586578108,0.564933765007243,0.5946458252329279,0.4977858535565023,0.5522383174763619,0.5062106192073605,0.5031098995383169,0.488395801551093,0.6857713647768242,0.5768611529591617,0.5600511839092978,0.6325690536988593,0.5399916729556431,0.531241858591766,0.5731030370368987,0.45595954386253096,0.5774734181165202,0.6627670616925245,0.6022764539110491,0.7015349335056849,0.6883438650561364,0.4608711878776677,0.5428089244610147,0.5182309872954425,0.4708581968917672,0.612308562133122,0.6720381325483819,0.7643033044830888,0.583963403032798,0.8161246873119073,0.5002870195424319,0.4888296320589272,0.5601838121632001,0.5438174751359076,0.5302441458717773,0.6062135577949352
0.6332639164936278,0.578086135176308,0.6332625645596099,0.7379455709893189,0.6974575570777203,0.5495994298576181,0.6328816191216848,0.5809525328106809,0.4666685285852571,0.5677536801677867,0.0,0.5329116780282793,0.6731652942080487,0.6887726605404692,0.6261281339969095,0.7106104994073352,0.7642449337511533,0.7194223821394363,0.5508514730156869,0.6440923757729643,0.6483582093339134,0.611915859939948,0.5895924592270146,0.558734136550682,0.5771177115449009,0.6813895639181148,0.5157174283456384,0.7319920860269369,0.6579971288626396,0.43620910506893523,0.5693288878170832,0.6173061442410472,0.6522872373957015,0.6197337867263235,0.7562173422448694,0.7298298324144784,0.6038655498169961,0.6717403050871589,0.7527243450278381,0.6243382330710419,0.7303614776419177,0.4964832945355898,0.6279454462374737,0.723671783026454,0.6452684021516027,0.7036481891478424,0.4989932467035321,0.7409390134093793,0.7169448846010023,0.6861187821448186,0.7362867242987756,0.6582400244187382,0.6083370227813302,0.6468763089571993,0.7298488479632206,0.44911164734346304,0.6844843544673193,0.6173090403250481,0.8002268441700771,0.8138252278834897,0.7148765955127574,0.5636693465244178,0.6068819225722725,0.6364148901658228,0.592590985491554,0.625663440889829,0.7775610206692494,0.5498054438430664,0.6331504995206864,0.6323320330500679,0.6780588146992591,0.6323963422539562,0.6082859879387388,0.8059330136342384,0.6845669753895789,0.5801472775576476,0.8569622824166626,0.6225916741120067,0.6795518279800069,0.5613096889357856,0.5979046207670632,0.5985162917281978,0.48126172167090736,0.6662749532853384,0.5916474876630965,0.6118059033592479,0.5823304883253507,0.6217318671475808,0.6103790400450224,0.45205170117566007,0.7255021545382182,0.5779680690838972,0.7481879964958615,0.6402219602515192,0.6849021753474058,0.5212262077596733,0.5102428142078499,0.5487750576632584,0.5431082617069503,0.7406614656352857,0.6433489152568567,0.6748687642035363,0.589441962540157,0.5673881845355419,0.6231221139155172,0.6323150872171777,0.6462760733220351,0.5690958101781046,0.7016559381586125,0.575540503862848,0.6745416232300815,0.621378351674353,0.6811386195047116,0.6287284822881903,0.7039696453839236,0.5777135074585181,0.6060069394964883,0.6415254110505852,0.6654317283420261,0.6072283387618227,0.7820060931245334,0.6056036456284315,0.6156640167951002,0.6982908518256401,0.575331048072779,0.7005964358225983,0.6197583862691034,0.5678855858844368,0.7510830607603711,0.6287283987498007,0.4358582039750499,0.5950553146142323,0.6738891762999178,0.6485162047235217,0.6821088369318445,0.6201443191098178,0.4827919053079512,0.6495577174484979,0.6006329921110798,0.661706223825124,0.6323198353862239,0.6090638890786867,0.6699861966194902,0.5847296481636747,0.6843111009141211,0.5398118562510944,0.5134416430407883,0.6574585845791717,0.5707647748988085,0.5594422100249072,0.6901597435958577,0.6133178061254786,0.6288135433122299,0.4652699215287562,0.6433764470881457,0.6491643732281686,0.6100409444447707,0.5635622106338902,0.6247448564338842,0.6148365113738182,0.6094758394706262,0.5875129899969911,0.5646614776634846,0.7736909150281548
0.6763442122876346,0.6567916677075307,0.6325336686552184,0.48522616267889296,0.6010195735522825,0.6951896526375435,0.5823786956341223,0.7391056772226203,0.6627751347494092,0.5955151277219329,0.5329116780282793,0.0,0.59310304171211,0.45622722148715905,0.5632165291553209,0.5959891086645285,0.5614771621585948,0.5492972511441424,0.5716914606647313,0.649083106567399,0.5746119343215712,0.6097237922368628,0.5642754394318991,0.564823012619104,0.6596971584309359,0.4713782265047742,0.46375399288190833,0.5721193832263336,0.45301774592913274,0.5816721622430948,0.6797657679526659,0.5840291284946301,0.48862039362841825,0.6571624386777372,0.5568930434054679,0.4878652724378533,0.5765316659434361,0.4832981294619267,0.5595792808662082,0.4719121151732834,0.4827396892615559,0.7541348585039773,0.5064175893933383,0.510787381531642,0.6298775224006703,0.6018507558488012,0.6032134441666354,0.5049482493375177,0.5578435701242305,0.5067080521774187,0.5226741936804756,0.5574237819127709,0.4643602123083282,0.4879950784820892,0.45821764143208255,0.6199717262863114,0.5391838953759203,0.662852368355627,0.4929859571009536,0.5503099904415844,0.5262357044869922,0.45301911091429353,0.4726996229733616,0.45450156181238555,0.48446581729499066,0.4887417921016166,0.5441026529498819,0.5582951030619291,0.46915067908156527,0.5988583309900711,0.5902509024078454,0.4404529839273295,0.47476159831580955,0.5608528267215617,0.5676328952869449,0.5108043569714797,0.5243175045997029,0.5224587843178858,0.5054843935139159,0.4513295288605935,0.49257531215932204,0.6198008004532649,0.6031192190135332,0.4688468720255929,0.4710555258779491,0.66267265910564,0.5543381571111551,0.4791745951243466,0.5955541827588039,0.6122287600874969,0.5443562917683745,0.6582549731261369,0.4849294375295559,0.5023801266218587,0.4729854759021058,0.5701651719477346,0.4469920543228159,0.6749676071891526,0.4390110667874868,0.600515627338038,0.44117418248867835,0.5352504606492714,0.46328169380364087,0.5801759878599335,0.4793408944642979,0.6306564953007462,0.49776449905168585,0.6622863818717041,0.517457265413382,0.7865901877031036,0.5771558218015456,0.4667760194893082,0.5317500869113928,0.49932497683802196,0.4651536901315401,0.6389545426519776,0.5591806930630672,0.5492547193623815,0.47863919127945076,0.5006037903626559,0.498375776967515,0.46987151594772514,0.5522907176228484,0.621956468869587,0.4637885071370985,0.5364261931639883,0.504300518479157,0.6397287988655413,0.5116111613152917,0.4468720113739962,0.5949782125689317,0.5415286543670133,0.4670326904289661,0.5370330166812282,0.5529046652237526,0.45015593333952525,0.5939018828349052,0.46524920324621555,0.47198003145454803,0.5750636095053818,0.4381401829227705,0.49724978958280436,0.6349523711439767,0.46167807188780396,0.5012987563260443,0.6086834106767086,0.7354243072115186,0.5309776498888671,0.6269482696075864,0.4570730167542621,0.5649529708438175,0.46416784063822436,0.5375432540039551,0.5306341721708271,0.6560167700055327,0.6439462558251798,0.5592633460629958,0.6743382150345767,0.4199848391973042,0.4510386113879382,0.44588757890731895,0.5037606445580518,0.47977716854430796,0.61137684776791
