0,1,2,3,4,5,6,7,8,9,10,11,12,13,14,15,16,17,18,19,20,21,22,23,24,25,26,27,28,29,30,31,32,33,34,35,36,37,38,39,40,41,42,43,44,45,46,47,48,49,50,51,52,53,54,55,56,57,58,59,60,61,62,63,64,65,66,67,68,69,70,71,72,73,74,75,76,77,78,79,80,81,82,83,84,85,86,87,88,89,90,91,92,93,94,95,96,97,98,99,100,101,102,103,104,105,106,107,108,109,110,111,112,113,114,115,116,117,118,119,120,121,122,123,124,125,126,127,128,129,130,131,132,133,134,135,136,137,138,139,140,141,142,143,144,145,146,147,148,149,150,151,152,153,154,155,156,157,158,159,160,161,162,163
0.0,0.3529878404060647,0.3227932011420008,0.3582705178861472,0.38757795960912633,0.3499937313937615,0.34095777261706955,0.35539998252064475,0.4037966889588124,0.3416111803024899,0.3770271746436062,0.3333535061328461,0.4947320382453414,0.332246874429004,0.3779149713746952,0.40627682337626647,0.4143469987130528,0.5332779794495192,0.3455725364963913,0.5007009323685061,0.3869251871358775,0.36806242954858515,0.36615085311323514,0.35843752273966656,0.44091639796138843,0.3232480150625677,0.34251771458757413,0.35749882895281737,0.2882638080765596,0.3265232626389891,0.3905018133359795,0.3849435907285556,0.32679010484252985,0.3399394217052622,0.4464528185282489,0.3196184611743814,0.4754078882395471,0.3850046298210708,0.3070729141278796,0.44248163274000984,0.31208528651553824,0.38019081737172833,0.3754344496298889,0.36291184457528775,0.3812737350875541,0.4703968625085344,0.32322580484482555,0.3529108018455214,0.4122364207431663,0.40855102470114263,0.42519283660724927,0.3758200971108831,0.35810403505554367,0.3308860428712996,0.31033702011641395,0.33729738213283245,0.4965301396041029,0.39189862985394147,0.3616457228636333,0.40700844403964453,0.3393699966432978,0.29144385911464876,0.3689206665115178,0.28959035578155706,0.36062834763313434,0.39012254615953945,0.39303396264217505,0.36440990057184314,0.320834450745883,0.42091504156972664,0.4397023628746128,0.36034696054109916,0.378865468709393,0.4277568384061866,0.37751693534881675,0.38106397980444356,0.3166278913757193,0.36889906857594595,0.3528632735349194,0.3026429410852667,0.3213048020460866,0.4225861974238993,0.3653148570250307,0.3284650648815494,0.3929530572575505,0.4160911728668144,0.38634866186353695,0.4160141070834496,0.435278796626071,0.3244430989113982,0.4696880636673239,0.37486060633391854,0.3815240777686041,0.3851117495929655,0.38924279072775864,0.31580555845426667,0.2609727752879459,0.3279876473333776,0.29362527900880125,0.43413710423673396,0.32528568103892164,0.313725111974935,0.334372305911231,0.2968450470803017,0.3995738038254874,0.40005535536975684,0.34406389687014594,0.4004226906580252,0.39434755299981405,0.3677299198358569,0.3612261598580014,0.4007474480408629,0.39726769482248225,0.36616437438428967,0.38560519294948126,0.4304492341000649,0.4104915034634712,0.34126728207706303,0.3012213960296827,0.3312098078485041,0.38289249179461843,0.30625685063132047,0.38445126047956624,0.4443224734865225,0.3412788854801248,0.3231723427458353,0.309493642775093,0.30964611395242564,0.2996483748563163,0.3610476928643446,0.3102353974934716,0.3412864222835556,0.3390093980482981,0.3754173037815194,0.33529988924554666,0.3205822237374487,0.36469217471006,0.3935365732778953,0.37677545272537,0.4245585557831493,0.30091467327515453,0.3407693802816001,0.4622356167930483,0.32507295127341684,0.368609828566376,0.4121762631753295,0.35072287389097556,0.3388727479863475,0.3845598755275039,0.22798758107460498,0.4582407208859631,0.3535753346380198,0.4008696845980906,0.28075519945770083,0.3827136557631702,0.41731783905984937,0.35835666146120154,0.37615699143737047,0.3572476503985072,0.3522879691658825,0.29541039635328914,0.420662949502428,0.2963470334615633,0.534491493669892
0.3529878404060647,0.0,0.3513969432251716,0.3375033764325251,0.3250725920867757,0.46878065450826395,0.33344365927345393,0.44326103481771,0.3277136288611371,0.46117865384737994,0.34033914619317024,0.40216003074395473,0.3806622445524337,0.33003989286321717,0.37016076252959784,0.3518912536725487,0.3436266755119823,0.32896760910562206,0.3388512207590822,0.37245220883456737,0.36833519302340406,0.4250247824227736,0.3259084436612747,0.36290713234097005,0.4280386821228581,0.2802502581667916,0.306442360515332,0.29609680852581116,0.3757656164232473,0.2785314827215429,0.40863047394294755,0.3593551812116565,0.38904930249730973,0.29899351470159424,0.3724929416056859,0.35414945690500155,0.363709992791575,0.33424547184372794,0.34400490816409535,0.35916438337316864,0.36586663113681506,0.3688604262543159,0.2912808679969519,0.337539934245295,0.4227120899751738,0.33442699116569674,0.34432163923851333,0.33793629381680906,0.337947929733473,0.3369049548349229,0.3281677958293594,0.32651457686865804,0.36360918376190193,0.4082702234746599,0.34313787284559016,0.3793672541882541,0.3333974643102156,0.3629463773019259,0.3517607908775806,0.3611855616873566,0.37515802633995987,0.2572817443559782,0.2969815931257465,0.28065254116779687,0.29440484396954775,0.29498072882987064,0.34494848422504515,0.3260677344485722,0.28035830858434463,0.36026835527855344,0.32189242112653904,0.3321935805134832,0.28561219499958457,0.3632715997092214,0.36932678070993036,0.3059301969359092,0.28603014016209544,0.4068829868066974,0.29754331645888743,0.27123737680020243,0.3171122310386602,0.33341474818263855,0.4246441570536608,0.31915044202309034,0.3181543186968262,0.4339339146441934,0.33304340059625454,0.2968183512962646,0.34170899563566803,0.35429496261147797,0.31332526627788027,0.3739754817861642,0.3612527549074456,0.30811340216807187,0.33175675725903403,0.44026499439232786,0.2875560355868551,0.36725683690566,0.26262594338808737,0.36065162927331845,0.3165282952126173,0.2789386395716207,0.2596396410329592,0.3414500182321796,0.31474797530605764,0.34110565839597096,0.31616832351935426,0.437347415346508,0.37446494431357885,0.4522341533183041,0.3194275595788098,0.3026467267192969,0.34000538677302217,0.31639485453140853,0.3444027059743067,0.42474108819632567,0.357245272344888,0.2824203988595422,0.33738464735455254,0.29172446686016645,0.32900485334128726,0.2876916588415634,0.34144227026605506,0.3713542991258476,0.31203163053056876,0.3939196274600315,0.2936080107651816,0.3790713069228248,0.38896793416410846,0.3222855773087282,0.3476147555909771,0.31505014926544156,0.2863060457953516,0.3437054332118987,0.35609902116463066,0.29513912280485305,0.3641451315429004,0.3605989192092408,0.37824860483485906,0.3325413162614465,0.3289428887509685,0.35840052061849254,0.41878444643310775,0.31855098984337665,0.36997058895757645,0.3317298507543988,0.38245126968472554,0.3631346912837449,0.4461113880104948,0.24926994336025798,0.30494396440171073,0.371852025817156,0.3109102320357717,0.3672831518864636,0.38047669718946103,0.3722075220961341,0.31764605734817686,0.40489631713664026,0.31449644553151235,0.2740797678973071,0.31905842904191195,0.3748493191022483,0.2799734897283458,0.33511284920467754
0.3227932011420008,0.3513969432251716,0.0,0.29227248807796596,0.340012092541933,0.3714121708457365,0.2701702056844557,0.3484936742116167,0.29124758367549025,0.4025800854675157,0.3477763649028325,0.3190201710372217,0.36614655176834005,0.2755183547156097,0.3112053263573291,0.3846666960148796,0.3426906014640646,0.32651867590149974,0.278087851180945,0.2989701091699278,0.36543266058376894,0.47867367720778903,0.27048088407059256,0.29815053300511,0.33999187010037435,0.29638373197191636,0.27736682769857074,0.2754234013924185,0.2922506399553867,0.2631808457239145,0.28176239043382145,0.3167162027846221,0.29066289494576375,0.24414092479458066,0.2773093195540947,0.30801569136406676,0.3291705512253473,0.3189234862484619,0.28001674436047386,0.30460619906053177,0.30212779703114906,0.3559791343282091,0.292733866598441,0.28742766925561514,0.3256500296742977,0.3012393814062477,0.3075902235023162,0.3267117740646351,0.2872159223607123,0.3034247913246657,0.2988975494116133,0.3196894636195162,0.25639679262903664,0.32758281620118024,0.2891834544946917,0.28649802682143544,0.2813865355769544,0.3665844329677848,0.2906183175256683,0.27991352021047916,0.30463282955043935,0.25011333219935594,0.32708060369948305,0.2727236639497431,0.261441924303422,0.275314275075682,0.292143159020501,0.3517583594959469,0.3325240261898478,0.35366868350462666,0.3373965542284904,0.2478431676363384,0.29059355370931805,0.3729624064312426,0.35188827942590256,0.23195940555898503,0.28546386042009947,0.32042142980840566,0.265446425015373,0.22260786477084343,0.32030989903404183,0.3213936364073959,0.3215922027553896,0.31302684670398523,0.27303377258682415,0.37392103499849316,0.2861272039351528,0.2547662448122845,0.28438346617335064,0.26422894297179567,0.3245535204414827,0.26805680061473613,0.29688474428880146,0.23394321846519953,0.2951192407162572,0.3311920258029665,0.2588972101611865,0.31251772637236686,0.23421533526522095,0.28957449314353334,0.2320084433614178,0.2778989747709568,0.24770316601177753,0.34774048494160814,0.28704096221709424,0.34834980611605665,0.2950410039842491,0.34535750972295676,0.30257753912765595,0.3486524831329558,0.2822676273274437,0.271999743834702,0.2957232720769219,0.28795391327009434,0.2657826241200828,0.3330334976210835,0.2614083979329518,0.3141780839523548,0.3384535301412533,0.28708514844219657,0.286899642273627,0.2656725809547563,0.2703089393818333,0.3057621044517438,0.2404354135612049,0.3315736658976344,0.26842556393699973,0.2953453028231729,0.33003178659844984,0.3049209941796184,0.2957949260282134,0.4005840416705828,0.23339864305744212,0.2712576767609823,0.3248189482266268,0.2611362745774398,0.263221339451879,0.2725458531774203,0.3366819864253394,0.28891750620468515,0.27389149359290826,0.29923767299685744,0.2990110447845596,0.31957667503287945,0.30493885610291077,0.2722561975443868,0.3599507000405192,0.3145768385392223,0.4016896336550238,0.24922878017855632,0.2528602943263996,0.25516650493182313,0.29843763427576836,0.338718027609749,0.3442088987536196,0.3160094642046895,0.2967771159509194,0.34412627137718016,0.22663397895851436,0.24196748662979473,0.32097647162339066,0.24784093291409134,0.2725794118079991,0.3212262949507603
0.3582705178861472,0.3375033764325251,0.29227248807796596,0.0,0.31678603778112446,0.33412859523902644,0.34697659109656864,0.3335887331615718,0.2783577235807444,0.32433837464738047,0.36504919058558205,0.311079589126206,0.3725733257898036,0.3383093590951365,0.39146417375938863,0.330744522272157,0.37584778615411923,0.3792315849952255,0.3426661703437193,0.3452257719573177,0.40205583249034565,0.314986606231552,0.32282980430256636,0.3172980403717185,0.3592790593475554,0.35213982381193637,0.3141463753226495,0.3271334812612369,0.3124058604624422,0.24723544004824857,0.33631026587417295,0.33580653685927336,0.4574140218795275,0.3109949811857194,0.36312139260296766,0.34959662118765694,0.3724169408065772,0.35417650218199015,0.3374799277923186,0.43256839578466494,0.37848198166862895,0.3109307203714265,0.3580396890086004,0.3840119238574472,0.35112551257239116,0.39562541448954,0.25758168905133844,0.34988290306747716,0.35191762519343095,0.37313664889509296,0.4881938750743836,0.3815955422061474,0.37387356992747717,0.46141241163095587,0.3509290059301484,0.2854890023578065,0.42788229378018144,0.34479260503948866,0.4044816810655533,0.4155755969060536,0.432348749804431,0.3005392354531741,0.3826622823769871,0.26086309540954705,0.36104891100935055,0.3985593181041326,0.42668911331906206,0.31108139740697976,0.3197879013407474,0.35374621014559066,0.35324707808279937,0.346571286158634,0.33168980670062276,0.5103457706797946,0.36525246792251376,0.3133773545223414,0.39477764175366736,0.37629522396742815,0.3479652972906792,0.286455971014269,0.34055665615280584,0.3931398354466954,0.32039047896646256,0.3369883963503499,0.3941308331812418,0.3384569877950607,0.3868109153874197,0.4089079431061924,0.36307296084368723,0.2836381925990526,0.3787219131360118,0.34244238560077617,0.35108166318249373,0.34577012342190294,0.3858437720254431,0.30206329876255383,0.2933439246119014,0.3100908421156858,0.2723256406006889,0.39273845282086045,0.33723333764965663,0.35224549582654857,0.3765322250007838,0.29518082558086006,0.36631537248025225,0.33769806086106724,0.390194840667975,0.3143467683406907,0.38857366114196834,0.32111667973137376,0.3949299525542218,0.35226696402620694,0.431997763582901,0.3845103936230748,0.3865899101565738,0.32909463354665175,0.3878333223724147,0.27374247032951615,0.3490420943613512,0.3106082181950661,0.34329368961426393,0.3700130083412924,0.33793938980773996,0.38850448968054385,0.3006200512993379,0.3380880527438111,0.33041467194741825,0.30289435543885207,0.34802393100405865,0.3929107683620981,0.2544047123470491,0.35460551350028385,0.3528247216120913,0.35152444494226914,0.35003967051475804,0.30648086646931794,0.2623856397226282,0.38348274014637423,0.3605620773217866,0.38882025573487333,0.43512583255140175,0.3234424098647287,0.4359456894366436,0.3373198588044412,0.36381767882230903,0.31495106355059366,0.31339204706673923,0.3535932084719776,0.29819954573982776,0.220449000282952,0.40351190519987473,0.3915093613699133,0.35666571574494144,0.2752840009592557,0.36590738652539945,0.3692706265381574,0.3242691350683807,0.3605966983244566,0.44330706373594514,0.33129356288065215,0.35508166941383196,0.3653074147782392,0.3328223164903356,0.36968911298725654
0.38757795960912633,0.3250725920867757,0.340012092541933,0.31678603778112446,0.0,0.31066905713280574,0.3476284793192685,0.3037880380279135,0.32194076838699703,0.32204612497984997,0.3532401474762109,0.277881205534333,0.343165028367815,0.3263864355180456,0.3662768246865356,0.3596344669459194,0.3755259618797064,0.4170320329307229,0.2864130353448922,0.35221483540443516,0.3889593503572391,0.38694290460315234,0.33023278682231083,0.3291995787713258,0.3349850853394444,0.30070582948984487,0.2990957554250735,0.2937892704370707,0.27527401422779707,0.30394098067614816,0.3273639175969811,0.30070555776202584,0.31836189569278833,0.26972094746783953,0.4110557707860675,0.3133806150688746,0.35903620600714203,0.34469191706933167,0.2972441451714754,0.35081799193314717,0.32029848654662,0.39978386280793277,0.35000130553374437,0.3725717561897326,0.30389272224017977,0.3247189321839238,0.32524159248683576,0.35054046586713017,0.36535399647080297,0.3582794308198542,0.3501420623715864,0.3214517275717022,0.31732515010941603,0.31451300294276885,0.2810677515180276,0.2867521620131444,0.3191294089783945,0.3939119024367381,0.339734794920221,0.3117665218652645,0.2788467879540806,0.25569678789987277,0.3223293646758469,0.2898374735289159,0.32908317469268905,0.28189506576058493,0.31385545771116335,0.3465368346576449,0.3204074697580509,0.3900423149101951,0.3526169969183407,0.3206988520586229,0.3005732102896978,0.3650206543945559,0.33285864432310164,0.2770039189108611,0.29631155709458806,0.42772853498466096,0.28466725531433246,0.2620485321235394,0.32202741158563053,0.3616621787976567,0.36109972147929004,0.28114131176259444,0.311140219892295,0.32695203135191603,0.3293778182255751,0.3116676863927135,0.29803260451832553,0.2643456611194123,0.4631431106867024,0.34825328133751715,0.35602103910394167,0.26258501567151443,0.34113997065968105,0.29682461068505633,0.23767403063788245,0.2940215863405844,0.2754307080808289,0.30228563539452014,0.28184311777269777,0.2748025709761234,0.2926559699754406,0.28637558555082815,0.3121290889143951,0.33422797277797356,0.2903717239059288,0.37568138657103617,0.3750208324098926,0.3290770696609959,0.3187402154320506,0.3263226688137671,0.3142162059276535,0.34881330595550725,0.2989214291293531,0.3400087529935534,0.3112906962466712,0.30267944188786616,0.29548909931998,0.31509982903363687,0.4005587951857713,0.27737123798765717,0.29965637452373806,0.3778673758739345,0.3034676914417368,0.28790571976880136,0.27383214490547836,0.2911096521245126,0.28638106281772235,0.33135835924470175,0.2994322776489543,0.3333527212689155,0.25614522807439805,0.3157313940235802,0.31630062053331465,0.3252737173965456,0.291106649237595,0.382450288619318,0.349271016229794,0.3604369307796535,0.289860197395392,0.3355276484486411,0.37485621903109756,0.3147425692517343,0.35288068241086157,0.3219950247514178,0.347884863348491,0.34008066256462144,0.3253625469249631,0.22978899541822131,0.30483682819720903,0.3151513140352617,0.3549000752141445,0.30039776795419487,0.35955143523514066,0.35861582025093913,0.28735397628527526,0.36215069407073935,0.29628676749464716,0.2699958806614904,0.30600630624008546,0.32183166255199375,0.2934225948873505,0.43847480894607077
0.3499937313937615,0.46878065450826395,0.3714121708457365,0.33412859523902644,0.31066905713280574,0.0,0.2967847078996063,0.42284194471063463,0.32426270061626755,0.3578623471079783,0.34432438621795686,0.38945306455548767,0.40755889986763705,0.28471968571272543,0.351200216109097,0.3988947582803588,0.3503507412553098,0.2894081328223952,0.34638549044593153,0.35964458033994984,0.39578983441263244,0.39745190552693316,0.2666117279909404,0.30499743928534284,0.4056024096212574,0.28922727884523464,0.28094981944869873,0.2858762692176166,0.31182628113637917,0.28127962572735055,0.3882880276971994,0.41711087532821406,0.3919071250117355,0.2955857785938655,0.3347189246287149,0.33883441466949543,0.37073365289200766,0.33066766910240175,0.3255848181019649,0.3054766995082737,0.3379520326578913,0.3614268713918272,0.31052290516422687,0.3666069247465493,0.37141197097104467,0.3189996427758668,0.31460893401633533,0.34355306161641547,0.28461775197585093,0.3476185148120428,0.3354238249258429,0.36635272162262683,0.3111216701969593,0.3909423212168857,0.3151412090509913,0.36091535909790423,0.32518309013080515,0.45706327728277274,0.28555984859032596,0.3163531123120065,0.3872725846454043,0.29077722433248543,0.35320280793627495,0.2574044624169129,0.28705416551507523,0.3020625992213753,0.3283290604329034,0.3461457294076373,0.27546637299694077,0.3596403635885456,0.345037865750823,0.2794858955901071,0.30605277656839025,0.36541283396835367,0.41247882024608684,0.28312388201299843,0.30158304012762566,0.35867482711461746,0.2930403035727812,0.29790054863388926,0.3591193206004283,0.34548192358800084,0.36635912655456526,0.3445500889100197,0.3273642492042302,0.39115332008470916,0.3732747520517182,0.29298206546265576,0.3569009878039803,0.31767210859966616,0.3365782350397575,0.38431706892707923,0.34519326507583353,0.2852101935428069,0.3029959463480917,0.41047059362664967,0.3061519726166194,0.386060340232452,0.2551241655774152,0.33947248283978193,0.2829631868000202,0.29371742368445214,0.280636786584047,0.31919382810842334,0.33810256950303375,0.38950607172002666,0.35051507096282997,0.38220707368824375,0.3216683469143438,0.38087154708384846,0.33308837707533906,0.2956090261991961,0.3906327140996701,0.3371244585247917,0.3170032677617973,0.37239912501733025,0.34600002146733155,0.27082953611738014,0.37957720106105947,0.3000357776170872,0.31658171662475004,0.3171877783654244,0.34042227336220615,0.35892125076384157,0.3068040357488062,0.36988193499297617,0.31669184136546674,0.3388220151586638,0.35933401230641837,0.29322710316721873,0.3409426715955871,0.41055644757599485,0.2918027689255829,0.3409635886476527,0.3500480847580625,0.2827095907040678,0.32754177619128794,0.3055256966433571,0.329239501893257,0.3259273523776046,0.3282468229186048,0.3739412824065024,0.35251020482749795,0.3281297524355875,0.3639518480040067,0.3286843360651076,0.3887703940905708,0.36350796867476,0.3942466730254409,0.2552253648334037,0.30662878740861615,0.3305714337862381,0.28597324179203043,0.311279261449979,0.4245730842036382,0.3562478975240043,0.30935801601881463,0.4162934620497856,0.2799573554528916,0.29223081794178335,0.2908817610701434,0.34651020949825456,0.279073489165578,0.32643568559893976
0.34095777261706955,0.33344365927345393,0.2701702056844557,0.34697659109656864,0.3476284793192685,0.2967847078996063,0.0,0.28122117644736727,0.2647400501206567,0.3256735982283214,0.3191030879337254,0.34956408848654974,0.3437330029983576,0.282927158409436,0.4271188776373919,0.28686187461146334,0.29967594558305183,0.330923898281693,0.3433231374793373,0.29494383948510944,0.32312371865420303,0.3215001259159816,0.450971515379838,0.39914905983189614,0.3702591493632374,0.2919170181802442,0.318486381316048,0.30425714422273265,0.28322199532371023,0.3064585020802789,0.34631305292664705,0.33077003812969547,0.35084450412754864,0.3584537596399557,0.30846916878331804,0.27201590737519105,0.4015187604349165,0.26660078890948324,0.3137719664948436,0.39283672100999256,0.3259529488327743,0.3206096169850688,0.32488023880530104,0.33891369310383396,0.3447311928082944,0.3487611986011155,0.32164411357436046,0.3015838817972625,0.4775225971168253,0.2850707031134335,0.3762964509919355,0.28934435707557576,0.2837148608416008,0.33695205329590827,0.33103211373703967,0.2946307217880157,0.31544423779439884,0.2980368132633026,0.3570437813555476,0.31831062599616244,0.27979659023637593,0.24399053627667122,0.26360738922621996,0.24361363111885628,0.2937106595792727,0.27379151519889156,0.34410017488906897,0.3619422592979419,0.26056251521101254,0.3028243685524653,0.3277067564458825,0.2846918209013282,0.24734780700771397,0.3680414648824091,0.2512304372230888,0.3478242061500324,0.38968761944554425,0.3985039174109345,0.2683636289073685,0.2756491768587602,0.2980891062606537,0.32460362763415973,0.3460230174184798,0.2400024418609307,0.27250011180009526,0.30346919462931526,0.29041083862502315,0.32298136248401593,0.34394350663829154,0.2779592198669199,0.32099393334355025,0.38599841757535136,0.3341375857870222,0.31946424384826566,0.2938967876036669,0.33155829747433485,0.23093335588492503,0.32361984889166057,0.24229497454054463,0.3456085199232305,0.30524208144749526,0.30242558978085105,0.3026777553715994,0.3005960669755643,0.2594470831365525,0.31787018559999153,0.280527492102378,0.31386629469382826,0.3900919159507724,0.3645369213435673,0.4280352334028271,0.27677655189512523,0.2926118532697481,0.26836080086409103,0.2794891342117612,0.30526109332886847,0.32736862955325574,0.3223530074319413,0.2760641405035001,0.24817525503782478,0.289543399473899,0.2605214057957482,0.2711391656760039,0.43397498766446374,0.25876425604735814,0.3400694501771215,0.24876393186965695,0.32233836826530005,0.26637732031884936,0.3174294439936307,0.24749823312702832,0.25518405854352877,0.2626591331599451,0.26335743251360305,0.28037252196507556,0.2959753274949419,0.31460015296625976,0.3502947703264579,0.3121151492657931,0.3709129726264156,0.3152394344481269,0.27108078901360977,0.3632931051287538,0.26136411009264765,0.3240247244092761,0.34618644566379264,0.3091978734201463,0.35561332876103413,0.29562420740601264,0.1900480390000339,0.32339544590831776,0.3280044998000734,0.3046768962355717,0.3249799355411951,0.3661464464874437,0.3657327524614762,0.3715126714384957,0.38202212043454004,0.3454203441886323,0.3189549398605867,0.3088326621617227,0.3002720585775588,0.28585608717988475,0.3323115465055587
0.35539998252064475,0.44326103481771,0.3484936742116167,0.3335887331615718,0.3037880380279135,0.42284194471063463,0.28122117644736727,0.0,0.361370714922266,0.3787709352833618,0.31984609990366175,0.3657705013087475,0.4131735881121203,0.2904961617941657,0.34574282771313214,0.3772222122479714,0.3508654378218553,0.32423122084417744,0.3182033992280874,0.3712674101456203,0.3869449523001294,0.3504157958086409,0.2982936259101301,0.3139592150679469,0.3989357119833125,0.3039140204964909,0.32825576782842125,0.3048153723325797,0.26641978942010236,0.28880791455650934,0.4323434150094555,0.35653317879178154,0.36194467368681493,0.29883444721639535,0.3393894716684314,0.35273942566768673,0.39625237988570866,0.3648013210086546,0.3258534422958004,0.33171463747152824,0.33430496831097495,0.35853179786062367,0.33357783121827506,0.32731829205944185,0.45048204411134524,0.3546482658802263,0.32404964259607405,0.32394077224841344,0.316967020157698,0.3471537018431252,0.32769003136933805,0.32537863921554677,0.31037309203796104,0.3377513118247419,0.30046256500701957,0.34724870109869815,0.3300007176609466,0.43442501797552635,0.32617328069298135,0.3309282072584675,0.4444983585539012,0.2689616337953711,0.3460041972220945,0.2776291793633507,0.2856651020923947,0.3112652921244838,0.3515956547626918,0.3424475063072127,0.3209668470862164,0.4770486328786252,0.3419861729485011,0.306107040411378,0.3066837341525742,0.3853427105839978,0.4243461312423746,0.2866845288084611,0.3235631380838059,0.3460223476969048,0.359387487589848,0.24782534488326488,0.3213952779722647,0.3465681822418293,0.39231473807523837,0.3726700318709805,0.3482159470740128,0.4636372381314072,0.4575701067460782,0.3175240218392511,0.38550733679845867,0.34447518556384227,0.3246510166699041,0.3441774044259414,0.31999171756664824,0.2823600229134283,0.3294761092046639,0.3851617702880371,0.3122462264595987,0.37233483352802227,0.24943976630324147,0.3613028691009921,0.2851666666653307,0.35184031173632824,0.2894724766036816,0.3328291244918954,0.35456893863077543,0.3986620720385642,0.3578916799900639,0.4369102738669215,0.34674793724185726,0.3715412801017197,0.30052616611387867,0.31935584304864767,0.36775478618546714,0.3532497434143929,0.33041434841811734,0.380062012422939,0.35352367324479006,0.2693836078250699,0.3119741868707155,0.2954584307528132,0.31187072338259847,0.37871161923867014,0.317622190114685,0.3449881992567291,0.2877399213454417,0.32922611806500995,0.29001667899348754,0.39657294050148245,0.3449556078242582,0.326633628552425,0.36381331640590125,0.357796512101544,0.3169472901289708,0.3130406113649791,0.3593920493155996,0.27354100480991334,0.3427904690959665,0.3211284575177004,0.3678518827072279,0.3594134356120564,0.3308356890645056,0.3227886954270055,0.37690429978410395,0.3291625720308,0.37851670254672065,0.3531081902187005,0.40400542157719815,0.35699324592336545,0.413330840630339,0.24036261288868563,0.34293592242588833,0.3375124122033481,0.3080540313229636,0.3318586410461123,0.4286427014127594,0.405693819583263,0.3042035059061083,0.41804232788012075,0.2730959771532612,0.2719712715389358,0.3116323650092991,0.3315288541591719,0.29547489705783087,0.32273732034660174
0.4037966889588124,0.3277136288611371,0.29124758367549025,0.2783577235807444,0.32194076838699703,0.32426270061626755,0.2647400501206567,0.361370714922266,0.0,0.2815719392635429,0.2795408090486995,0.29452381351742507,0.3165029848537242,0.32595241514630807,0.3005767291991444,0.30197439612162325,0.30381736831546624,0.36178655370687063,0.2631125287943493,0.3501414093289001,0.30042468656698684,0.3696340016228721,0.2659828219015737,0.2670770992501355,0.30581666088820353,0.27866078075750733,0.3158876681776529,0.2782024217320755,0.23286076582001097,0.3571534406975218,0.3565902371237981,0.2918196160957175,0.2966352156936222,0.2478427832461955,0.3358987710585853,0.28259347741587804,0.31095329246673553,0.3741697629497765,0.26739751492451347,0.2856690143257688,0.27843495238280414,0.4256370869291147,0.28291165112530464,0.2873873476380697,0.31184748038529386,0.31192686887179855,0.31103762886964476,0.26095116949551506,0.2734197200761068,0.3278694354417907,0.2921018538993078,0.3045583761942775,0.3175029041849579,0.27089177028142114,0.24128600588923027,0.3987508878804721,0.3211694249341547,0.3411647269792551,0.27880636533527575,0.28349235911527254,0.27861850178997255,0.2910607311071332,0.30671749231450374,0.27112317684671966,0.31772429678847464,0.2938738877615479,0.3332020667557256,0.34326803472701867,0.29926337629704225,0.35277144068816124,0.3768806027153759,0.30311861903902737,0.35532964144089063,0.296668492554736,0.35506103172961584,0.2858032814028579,0.24865379678086194,0.27830366065332646,0.31887295998010623,0.25400804208857963,0.29332349181900846,0.4080552649483855,0.3913901962784299,0.29576556775615753,0.3349032153896209,0.4004334237790298,0.3332241003479804,0.32977663375126404,0.31793088171139655,0.4224595723828094,0.3749881277402997,0.3597907037097081,0.2787887358474112,0.27706320834303005,0.36697724455062564,0.3412032121109234,0.2873607722534657,0.3135022189657173,0.3067212241715372,0.30022490646532973,0.2770241646822501,0.24510986598344187,0.29908624979489074,0.27463792714508867,0.363180492205418,0.33366947147997905,0.2657207764947408,0.345678262276898,0.29171972466349855,0.28024850401054163,0.24945579302073465,0.35315391346078906,0.3401844255810935,0.38015932939089614,0.3022426101106039,0.37020810564375256,0.30640038020235666,0.248829004078736,0.24518257193319806,0.33992713118432155,0.33121690553197214,0.3129683100826994,0.31761031690938885,0.3117290234608334,0.37767680427394495,0.2562982619034915,0.3034853882794836,0.2862845876321335,0.25437308326959246,0.3199878910435168,0.4601994639824705,0.3390717782048892,0.2909479325098125,0.38746085263267416,0.28763717163930497,0.2919629784271717,0.3194743370030117,0.2986308570752813,0.3032090278809545,0.32896909710437094,0.28425014601260573,0.304031786486234,0.3600772341049419,0.33813794281565807,0.3123182024838853,0.3544310263365152,0.43518598192617247,0.28721909231597054,0.3270744429203939,0.23565232044834683,0.33141739398446757,0.29374821707236015,0.299511086554141,0.30260118378048323,0.3105958692131789,0.35367237755135367,0.2752729339983981,0.3277470927630261,0.2864415917542633,0.2664880525565092,0.25979538424594445,0.3516831545901028,0.3236842785234696,0.3639326220863619
0.3416111803024899,0.46117865384737994,0.4025800854675157,0.32433837464738047,0.32204612497984997,0.3578623471079783,0.3256735982283214,0.3787709352833618,0.2815719392635429,0.0,0.31609569880552485,0.35153385318197594,0.36882316551983624,0.2838056058894012,0.3391822668387455,0.33952826521983226,0.33117063747558356,0.34947598657770756,0.3074884270065162,0.3201085757882274,0.3314268671379888,0.3511217286930217,0.34816632157517086,0.3204328011579271,0.4621589532135094,0.2618944847704092,0.3039890690946537,0.2890004987522319,0.37801376996944114,0.26930279747534797,0.35628692889728497,0.34021538244615207,0.2902502927770398,0.2788711198829485,0.3192697832363921,0.2958064797345269,0.36917196838157496,0.2859687941066424,0.2828762700661584,0.3415412609482027,0.27871883015870536,0.3502526097281001,0.300972327926434,0.2947128923273845,0.34904132903570584,0.3221228841574421,0.29729169271390077,0.32614019082790563,0.3587910110979499,0.27857042555409,0.3105744174997398,0.27759231471484946,0.28478779586045727,0.33644483918829005,0.3253417244600039,0.3199790564537007,0.29733357913843594,0.3239197135346833,0.3517760355483486,0.3036983382418679,0.3387064248984899,0.23540002658987802,0.2692890013648892,0.25221741149328986,0.2717517198353231,0.2775093490126789,0.30950635872299614,0.3204838857404043,0.2938652123912367,0.36428627606805,0.28921471141354393,0.299040292455153,0.25767168348283237,0.3660619912236271,0.31139642210451374,0.2889537577560278,0.2873256663302846,0.38043373766796595,0.263065746028405,0.2546909166108217,0.3063956311582231,0.30140141786480745,0.3795896741671445,0.2909380526142522,0.28990517450561276,0.34049526186438306,0.31791334259661247,0.29993050590069187,0.34366009462379277,0.27619851286392766,0.29742067785936593,0.31039627644661216,0.3226387539093289,0.2578419258414575,0.3037616706634046,0.372710184446546,0.22845364055426529,0.32296368698223604,0.23879439422982804,0.3348402662476422,0.2791540217136081,0.29589072732532873,0.2631650171987658,0.3721537513217905,0.27300872565727036,0.31342554346591295,0.2993158635375514,0.43023414817484207,0.3348958813521416,0.4061700247799093,0.30071056981005534,0.272213666607958,0.3112023179539573,0.30906515068413487,0.28186396058443364,0.34264458579574686,0.33218009740966375,0.3435953406771653,0.3191586113477248,0.2755233200380764,0.27736376473002117,0.26707905065579063,0.27683079501439006,0.3437628830182611,0.2591579977586668,0.37633307082790013,0.26176666118350883,0.31729629962086836,0.3517957357381972,0.29847323574785944,0.31766780748270845,0.2873875674638001,0.2696528222734507,0.2620203011655489,0.307040292284679,0.26074013016576303,0.3195166943437118,0.31099126305596814,0.3660661659794614,0.3277295314182389,0.3010160158021541,0.31308697277320585,0.36270032709581285,0.27385131505109517,0.3206310964090829,0.3150103099153913,0.2963772234635735,0.37717803405115763,0.4817941777343626,0.22613981813263495,0.2805417465952071,0.34447391631567537,0.2890136419754889,0.3411876110192742,0.36177878319964146,0.34212421355343464,0.28905377989586,0.40039626104761994,0.2860337205666682,0.27565668802117377,0.3385009320861466,0.3202197764430842,0.2817833418240908,0.3122746791369863
0.3770271746436062,0.34033914619317024,0.3477763649028325,0.36504919058558205,0.3532401474762109,0.34432438621795686,0.3191030879337254,0.31984609990366175,0.2795408090486995,0.31609569880552485,0.0,0.36602776166209294,0.39635840921589244,0.3010983338934555,0.33561666331277334,0.45606796683382334,0.43476184656896844,0.38136360061421265,0.3825741511389687,0.3471947900469427,0.38591574144223734,0.39862639341867145,0.31754583289943195,0.3400108308640574,0.3897633641762234,0.31022649981160255,0.33858863935789457,0.38014625193409196,0.3441638882391932,0.31594110044824997,0.32172632518499195,0.3988850443041002,0.3233130786455766,0.2858532060746511,0.3402730442293165,0.3369677052939193,0.39381864702390745,0.34976491637567614,0.39790995094709686,0.35969169399915923,0.3227602935929372,0.3205328636690305,0.35495935122879707,0.3637927492688801,0.3254624501749104,0.3272209894650652,0.24398614210396716,0.4285750208182705,0.38088172198182446,0.32820646714314167,0.40308175386443906,0.30513611670552604,0.29892436639963477,0.41418607550422437,0.41047544001500064,0.2426999787686407,0.3923864885076509,0.4296235718399076,0.3512109623498332,0.3551517458544714,0.38573656026974723,0.23985213910378092,0.34914778699929994,0.27015462066045226,0.2729407579135618,0.30490458306374785,0.32423014967003166,0.29562488446147855,0.36040524309617106,0.3708526966002467,0.32276122773078003,0.28613543678027764,0.3061422533334286,0.4294136305113275,0.4056193321573575,0.30258463168471167,0.3937534209652634,0.35158564352549776,0.29547555231109035,0.2740172804644199,0.3108955502696562,0.2981992973054444,0.31552077493962444,0.3211957350991848,0.2984937424274004,0.3076706489407366,0.3385009058771557,0.32586568852311387,0.32161543999925885,0.24872368921385993,0.4111939892035915,0.26361627692334433,0.4536877386744156,0.32609114868237005,0.30618499657282805,0.30528541604434706,0.2573552916110422,0.2561367841268515,0.23316390631989398,0.30570980628576383,0.31410433171996466,0.35465166193774605,0.27540517733568537,0.2700574968682888,0.3160156141184396,0.293712897003033,0.3243893733600412,0.3384120063615549,0.3230613622169542,0.36092769949082915,0.4184696224159917,0.2936945693712483,0.32311956934163844,0.348815192777793,0.31986634161275346,0.3283097533354898,0.33260107987690646,0.3541631152877905,0.3348124593339732,0.27730022737240984,0.3297255378619449,0.2721587444344925,0.29447708910915477,0.38648276087003586,0.2670724860127784,0.3838501286393943,0.2491208691336193,0.3130746165210598,0.32370056870020614,0.30986868927395234,0.26241182294693477,0.3619868706177633,0.32880975524366346,0.30376106494869654,0.3886796141376756,0.2812507168779514,0.30002084463419376,0.31482965558989,0.36716169454889974,0.3720077416714055,0.3343978323961226,0.3357189547650012,0.31348206991891164,0.3081752068968304,0.37976258591624223,0.26656098617154844,0.29183791461535324,0.3339325250223575,0.3177229840255942,0.25105064299148366,0.38860823653387255,0.33760379282247743,0.4796964205934508,0.2760914027558997,0.3367594290981276,0.333530961495734,0.3438222402710579,0.33433863576810974,0.3177585554977593,0.30528586324921203,0.29018008748480517,0.32491164535032363,0.25693921519505375,0.42104189990571483
0.3333535061328461,0.40216003074395473,0.3190201710372217,0.311079589126206,0.277881205534333,0.38945306455548767,0.34956408848654974,0.3657705013087475,0.29452381351742507,0.35153385318197594,0.36602776166209294,0.0,0.33000360216882085,0.22601128365030015,0.34153765518334295,0.3519056140042286,0.3205798039771862,0.28084007860477395,0.3997120301645169,0.3284175233106421,0.35759607774550317,0.3288323694128377,0.3065515373354858,0.36413774691392947,0.4345529985569387,0.2657865498635362,0.3017643676307017,0.28476016525519277,0.30173747639072335,0.3324385033736059,0.38958769420173356,0.3660421282459006,0.3269472800651903,0.3250419477266339,0.28610099444592085,0.30000779480142703,0.37961282319999345,0.2854016093124081,0.39174704386118664,0.3215692290849263,0.3199870885552945,0.3076409299619039,0.3145427340926074,0.33742032563442864,0.3450993441496679,0.33567187017791444,0.31519354581683223,0.3489555582443049,0.3298291223432635,0.29391860828563743,0.35827595732776013,0.31090511234717266,0.26481997898777015,0.3739297640583773,0.38595193379330267,0.2920052547068021,0.3479392700378028,0.39335893750758133,0.275802447387726,0.31606809852867923,0.31256573206954685,0.230424736036584,0.29080434796198157,0.23217429131686393,0.2560652056175439,0.2795881936623714,0.28428936003333205,0.2912192239891705,0.24585341315948245,0.3026893530719413,0.2939925001492489,0.25187153139190155,0.24400905254426478,0.33335968907690144,0.3086815541089309,0.29490323030538873,0.31205815931607583,0.35048083477612824,0.28006168874134546,0.2567779164927027,0.2801763277375066,0.30178141927280366,0.363661746242578,0.2586210924523934,0.2846496188010612,0.33791092879835427,0.29654558071801435,0.29139647235826704,0.36385466677820527,0.2958263176679866,0.30212632071366013,0.31594352749523225,0.3503370387785766,0.3123732664279951,0.25607959006628234,0.42669586465994114,0.2477571548597653,0.3220845224305082,0.2126782887265313,0.30725745566119117,0.2699201736659027,0.3080720584274965,0.27407020545066374,0.3581889106959914,0.27069288015098597,0.3224958231135621,0.32005820002861335,0.3272952575287327,0.3160063987697721,0.41591888849624836,0.4158546704823596,0.2773362403091713,0.284745203440957,0.2836050270667442,0.28442284222060965,0.33036827421074766,0.32939500495955487,0.34110683204019504,0.30541122091679734,0.23383214896923754,0.2680591734451235,0.2657705908307243,0.27106321441182657,0.37834343910557233,0.23516913319968769,0.44005468891066285,0.23431589125057745,0.3614438989078254,0.3329663720928709,0.27193399004128754,0.2761966234367883,0.28735608195070983,0.2637253274847855,0.27367272084127264,0.32557848398270967,0.2462991193287796,0.3865270081344338,0.29402698139083144,0.3101171066723933,0.36372246530483116,0.2798169360809364,0.2760019191072166,0.3265626312563884,0.27137537190943284,0.33216941149727724,0.3311562995643895,0.3800655589322307,0.3228721988075133,0.3818873626292133,0.21668185206407445,0.3404933629292776,0.32000100706278917,0.3189325468514383,0.31739902885023624,0.40677102592498054,0.3143999066678217,0.3136422162506564,0.3995760415171251,0.27308902080231107,0.27154321058600334,0.24414583234745954,0.28883937937731113,0.244574317216044,0.3141506684342221
