0,1,2,3,4,5,6,7,8,9,10,11,12,13,14,15,16,17,18,19,20,21,22,23,24,25,26,27,28,29,30,31,32,33,34,35,36,37,38,39,40,41,42,43,44,45,46,47,48,49,50,51,52,53,54,55,56,57,58,59,60,61,62,63,64,65,66,67,68,69,70,71,72,73,74,75,76,77,78,79,80,81,82,83,84,85,86,87,88,89,90,91,92,93,94,95,96,97,98,99,100,101,102,103,104,105,106,107,108,109,110,111,112,113,114,115,116,117,118,119,120,121,122,123,124,125,126,127,128,129,130,131,132,133,134,135,136,137,138,139,140,141,142,143,144,145,146,147,148,149,150,151,152,153,154,155,156,157,158,159,160,161,162,163
0.0,0.916103662265184,0.8050583022572648,0.8055981485001229,0.8331049470484517,0.7705915709890748,0.8445619336967576,0.7957849002708022,0.9363340773652443,0.7575851442413903,0.8765602810156581,0.8151125662375092,0.8411322988081211,0.8716797545724629,0.8807888985256337,0.8234734305690834,0.8114960328603443,0.9519860877427861,0.9228413028968947,0.9825693859772711,0.9327695035241343,0.9329952852925057,0.81701452424205,0.8737651812520527,0.9282180555994323,0.7703606234447857,0.7311716955943645,0.7738826363291915,0.8478924796618588,0.8382316460309142,0.8868316113142413,0.8511964850171765,0.8729845175996875,0.7358989288500855,0.9328695347634938,0.8263577975496462,0.9133964787297421,0.9191204953518879,0.8013226466061969,0.8712696604507296,0.8622768899161712,0.7968103067715533,0.9147201646650462,0.8956834973045346,0.8731744632133662,0.8387902043329684,0.8512045267398474,0.890057759892294,0.930985227897821,0.9248487935703321,0.9201006361283635,0.8981864931690722,0.8576982901902666,0.9080934644760351,0.8718320142384842,0.8008194904363031,0.9722025525003318,0.7985823564257808,0.905390069287077,0.8556241095931515,0.7883051450774189,0.7465883763732042,0.8981971666622831,0.8287365057175711,0.9099907184256231,0.8458738150317094,0.7996080314023033,0.9198086734015957,0.8747913811602098,0.8754489245070342,0.95767262142644,0.9166285390990947,0.82724683360151,0.8602012009578501,0.8000023379444996,0.868968334476501,0.7451671150787232,0.7903366464493857,0.8472651827741278,0.7004922663555652,0.7625096659786808,0.930409923529332,0.9238683111908658,0.7933784083594808,0.8993636746838327,0.929374467271873,0.8214054256358144,0.9075371759156929,0.7703089874413751,0.7878697260395809,0.8843198436179932,0.8454108613296515,0.9165535138868558,0.9143794777693228,0.9492213624884441,0.8907133194000071,0.8631127030354985,0.7977810718735562,0.7984072981268726,0.7570756348952394,0.8566171879694063,0.7472467989320012,0.7824506463716276,0.8513508685374254,0.91906737340076,0.8081282970916667,0.7250291927262447,0.7588268353760653,0.845061504455528,0.8461461474607577,0.8447101037430121,0.8575295872789105,0.8006654391608705,0.6973786543666787,0.8775177256556768,0.8043905744251907,0.8356870832782831,0.903844475877154,0.752528793973634,0.7231687286849352,0.8892283281556778,0.7417536068915207,0.870681981964419,0.9155015572111342,0.9104931498785139,0.8570647623901514,0.690008308594669,0.7790712245507023,0.7863131744535081,0.925380676373216,0.7660443576786262,0.7997474911147938,0.8069861653813796,0.8605469063276874,0.8789221913776031,0.911583284567134,0.922446043354039,0.889783760278682,0.8951956227422556,0.8750980255679562,0.9014543777907985,0.834954907861136,0.9301013366638263,0.8581935362490876,0.8700141689975847,0.8359695449672122,0.8952609648618798,0.6975085731828649,0.9341997408684322,0.6063894064917881,0.9120694806444001,0.8814485002739018,0.8862730048998315,0.780149760278877,0.8619162586042993,0.9110193338647027,0.8830789708325368,0.7371519348500295,0.9179150175464111,0.8049235981061158,0.7149030890116619,0.947392079153688,0.936737304396807,0.9106107151240753
0.916103662265184,0.0,0.8304217992283868,0.8247509839574557,0.7706836007596015,0.8299301542962181,0.8134610454959805,0.8352556893008329,0.8669361222989671,0.8276760523650698,0.8409790186346154,0.8545395404926762,0.8655183326672412,0.9062782817917318,0.8270196779114087,0.8594257586107495,0.839860682888704,0.86973912921314,0.8872566322330325,0.9322524708052585,0.8945693406129007,0.8776230415085963,0.8104882399481356,0.8481645091204157,0.9059755928373009,0.7768025832928229,0.76504330512487,0.795134892305737,0.9568052449110831,0.8167552783887276,0.8635317593962423,0.8727578219106252,0.923549301071203,0.7981718426913366,0.8933734127217919,0.8609488301577344,0.8802088924383814,0.9169544060410049,0.7911486588496212,0.8946707689757153,0.9038448396660813,0.7577873764025562,0.8283758081587889,0.8597278624460957,0.9102109555644625,0.8512149919960933,0.8656522455218133,0.8486514643377016,0.8763313558504622,0.8796289869434227,0.8692370810920091,0.909912069860103,0.8571201296213694,0.9214450840751726,0.889918341376938,0.8650336700592136,0.9156928632670759,0.8080184745288428,0.8458080381510165,0.9063045195199099,0.8204655859185372,0.7934906374184152,0.8552375134043225,0.835666134266819,0.8159278029847721,0.8097097100313319,0.8007553229888296,0.8476910538610433,0.8156004206170793,0.8206981757206527,0.8848039061200003,0.9049537213248454,0.7834547189499579,0.845945875501835,0.8291254022649353,0.869950425926654,0.7407121393393956,0.8424292413357034,0.8595590824632598,0.74532104754,0.7856510323060113,0.834399763346405,0.9362188525976265,0.8586240791137759,0.8732495873332821,0.9682176803714583,0.7804590701301621,0.8379741355091699,0.8261805299726847,0.8423708187573987,0.8248690010797142,0.8518368815359407,0.9077007252966589,0.8992563995059867,0.8893556871696705,0.9172258514816952,0.8646041691194607,0.8749194926098801,0.8032911281831269,0.8154206635029964,0.8815076542785262,0.7115581983451912,0.7266514420862714,0.8604628253244035,0.8966522831111085,0.8541643467734511,0.7637487281684461,0.8046633839788451,0.8819827856563033,0.8548545437049689,0.8150340045332045,0.8040433003645768,0.796130832639361,0.7221339651033036,0.9052825137215548,0.8622843256342592,0.8637762795157288,0.8317594698740332,0.7823504310986151,0.7791521497424119,0.8463752600429993,0.7610958852331897,0.8723826220346187,0.9182468409724919,0.8501765403124801,0.9357966751325517,0.7268666701813298,0.8434181714389464,0.903843516642992,0.9003167794983072,0.8160571161726182,0.8039476542040798,0.8267175212464294,0.8434799468899724,0.8251811931161663,0.8477947950734818,0.9345537840228871,0.8724814177133274,0.8855551726270439,0.8347935033922078,0.8904905125666651,0.8780532066967298,0.9211048220283697,0.8271767249194552,0.8687358331526163,0.782540440587603,0.8601908846750983,0.7587847243831781,0.958644868301917,0.6865451478742508,0.8351880697811657,0.8915980181645631,0.831597828773141,0.8255475409708192,0.8939701723358865,0.8497146034443546,0.8605872290936578,0.7993193758597451,0.9007721265979832,0.8089255722033353,0.746462550586661,0.9243656372493391,0.9524049679258135,0.8271051668843821
0.8050583022572648,0.8304217992283868,0.0,0.8382891243832307,0.7212194896169076,0.8469803274346185,0.7382213558898112,0.8502646692688128,0.7408501349471083,0.9220603220223612,0.8415422136509773,0.7559136523092931,0.9035105258612401,0.7884469226196449,0.695528143912903,0.9335575897459123,0.9233270626117496,0.8300774542936441,0.7847022509779237,0.7747966083672793,0.8850338335596852,0.8457312557368492,0.7880370027748088,0.7329082080320564,0.8704134785386525,0.7593486379997118,0.7932746315472353,0.8664743094260016,0.8317805210248717,0.8149737296966462,0.6770548510070661,0.8717028919200347,0.771879421499258,0.7000744167272541,0.7106700075682925,0.7153654552604451,0.8113948668676053,0.788978714934812,0.6455064883062205,0.848444914982153,0.7251995534187909,0.8514683240583567,0.760668233553408,0.7074648075380666,0.7952124115088871,0.7773475398186401,0.7840312070034863,0.7548490492963859,0.7886670492932448,0.7598195326109617,0.8124268355003433,0.8432555068506166,0.7407903825505796,0.8181106693020798,0.7732471997264919,0.7848750754023902,0.7978887027186576,0.8618008954703954,0.7978555265003507,0.7659446329542402,0.8369410427717653,0.707593337365139,0.8505712956108868,0.700898532030962,0.6962766662101467,0.7572915277889256,0.754207314864834,0.8314308787078104,0.8874205770799131,0.8775418586292819,0.7729863008814424,0.706460757382537,0.7935372930825685,0.9285723092123966,0.868775434369595,0.7194738147286643,0.8414644405045283,0.8015515613075471,0.7227446610554745,0.6851182334872831,0.7766685214244223,0.7225716367514269,0.8447747168871579,0.8029756841818597,0.8049437451403864,0.8165575915398419,0.7722750743573048,0.7581159283153198,0.7769145573940939,0.6826835329793325,0.8147476818344126,0.675418291514756,0.7800709726743857,0.7419194207504296,0.8076540740669956,0.7681004991020305,0.7175894290703781,0.7574323868542985,0.6428241665897342,0.7735789391830866,0.6682345293332353,0.7821031002263993,0.6763909783507919,0.7560980592800058,0.7682905413536743,0.8450969138133695,0.8021596488461556,0.8857407617167714,0.781889895469045,0.786963268070319,0.7540081515265248,0.6893687885016029,0.8048845685771933,0.7666720155706912,0.7647277012396928,0.8698930232129534,0.7703611756923713,0.7655501671093573,0.8828735360365633,0.7207243638151104,0.7000945345426179,0.7482622216225728,0.7458041730102151,0.8001404345067972,0.6645477003839008,0.7975260418268614,0.7261477974489118,0.7333241629304506,0.8158543309866997,0.7535374279597733,0.8162792347413361,0.9195578849846296,0.7388380884114648,0.6742307731632133,0.6966395998828949,0.6830077618229813,0.7485021745645182,0.6985158597857732,0.8051115003551762,0.6990644336863666,0.7638653288186873,0.7822931993795905,0.7968499933158747,0.7477149836927561,0.725237737546552,0.7234905236132174,0.7206680190031494,0.7594278841355806,0.8726037219319913,0.640158080997329,0.6851860693021332,0.7475620795571881,0.7817645318175268,0.840771658992496,0.8480914082173353,0.747887870010063,0.8255145345149661,0.8614192950794668,0.7218455895996692,0.8238440165410366,0.7494490119855381,0.7248219542643312,0.784055994057884,0.7376843218950437
0.8055981485001229,0.8247509839574557,0.8382891243832307,0.0,0.7471277555522656,0.7526412902432209,0.8306323271327505,0.830574845361028,0.757776716172098,0.7933677451358766,0.8539851693218353,0.8044091491662277,0.834937128269678,0.8257792473423854,0.75168150117858,0.8313640860182323,0.8128169737750185,0.7984923142119094,0.7736605331376742,0.7757268560863715,0.8486937785793103,0.8309593160366915,0.8625179242723594,0.7801701879027784,0.8478788952412637,0.8622374843689607,0.8384087801566987,0.8036839416770347,0.820728664891098,0.7434600123467885,0.7430496025178576,0.8038099496703,0.8662215253682525,0.7959775718829452,0.7798703908226938,0.7972291616330951,0.8461422344303162,0.8089694821967494,0.7176060841974526,0.9004071389480718,0.7802341699751788,0.7719475368109384,0.7656397381957714,0.775103453579424,0.8668063177700189,0.7570294274542826,0.738821002166755,0.7886418987723541,0.8429774531786625,0.7816875652098003,0.8416683214070181,0.8240704954959607,0.7034620171383447,0.8847326774916783,0.8527071931330849,0.7485380458249988,0.7921785694486624,0.8289376904312615,0.8037416568859475,0.7959841033931475,0.8083583553718775,0.704892147400756,0.7896048491982062,0.7550601536958708,0.7035465946885573,0.7168751951543771,0.8459874046532999,0.8014685383157095,0.8266494949343185,0.8426957862899945,0.7930631614530073,0.7630938219579746,0.8132098006864343,0.8982147536080557,0.7624443422821753,0.7044555877297731,0.8630349764214904,0.8403745407486796,0.7439325386309467,0.6360033808056168,0.667720649679469,0.7837603833522094,0.7918913737160764,0.7599069432791765,0.8344183712197011,0.8259842864610631,0.797947435356458,0.7983104561417396,0.7390271080452215,0.7521715758156353,0.848179267080456,0.765669629226555,0.7998443565641064,0.7342084786364238,0.8542795078500267,0.8171360174980085,0.7242092063671494,0.7988432221372083,0.7122008684850694,0.7983149691064682,0.7510973733008498,0.7875236371457611,0.7997415155832334,0.7821945918961584,0.7977731108928642,0.7874824505883271,0.7344891467152967,0.7920565022634944,0.7831005613577918,0.7721365529654567,0.837891309956985,0.776121033023417,0.796074026766439,0.7496491131608192,0.7796383654141874,0.8191043391330926,0.7096977002656477,0.7679212341231952,0.831646725160188,0.762571012973677,0.7496454763492719,0.8200833953376767,0.7610152413821365,0.8043315487581619,0.7106006308305557,0.8146577300886076,0.7294457027659541,0.800341909438245,0.8229380387241507,0.7909102149610154,0.7180547366737988,0.7642637022211308,0.7770454050510818,0.7551112314978424,0.7444758994424274,0.6913883724975839,0.7289882660958678,0.7889789118061217,0.8699893476349315,0.7365615953977871,0.7965254950622614,0.7778919048456183,0.8463486523244864,0.800387959777902,0.78966525787,0.8033837529973891,0.757129328405609,0.6682014580445821,0.8120664886096276,0.6224789057074626,0.7700255713729172,0.7153754243023114,0.7974273847692236,0.8145306695536527,0.8632454642293584,0.7879654659666194,0.8117823503786202,0.8006917936222259,0.8369052913868221,0.8226823637863632,0.6692112228733044,0.7489116633266238,0.7971890882353926,0.7809873427433002
0.8331049470484517,0.7706836007596015,0.7212194896169076,0.7471277555522656,0.0,0.5983228596495711,0.8887230336281243,0.6502468034501134,0.8692884295652595,0.6251013300519762,0.8539520908821876,0.8597640417821518,0.6512934157055448,0.7460612621808929,0.8690529798319806,0.7194165391127005,0.6900466078702663,0.8078520476144339,0.8151479787364835,0.8264800372659429,0.8635030801362829,0.9086764912043426,0.8642351292028013,0.8590113570795109,0.7811507662474355,0.7519624659730922,0.7225629317236405,0.6282903621391022,0.7686644728975032,0.8267819549591232,0.8375452197124381,0.6851972023818186,0.7776169022946302,0.6638675201694648,0.87485633069843,0.8271971519300394,0.7862316546545628,0.8360773290479846,0.8667827087378704,0.7883985859618486,0.8212113591137605,0.758682658151802,0.84795719596616,0.8758555837034646,0.750941558268072,0.6733593224795632,0.7539976961131124,0.8407333122067293,0.8997412066055476,0.8687351522434372,0.8313733323061738,0.7336420688211462,0.6945112845365029,0.8367243057515121,0.8459524439757001,0.6419048399912965,0.826882248376817,0.7957966955812318,0.7889682202558932,0.7446159078103516,0.5974698997640417,0.6343670946027433,0.7211317857698701,0.8374520527324504,0.806314764795067,0.6358803878409887,0.685371039183604,0.775255723132337,0.7823424294279406,0.7354750038794791,0.830941694679151,0.8218500186023647,0.7087865387971881,0.7321078919683693,0.6374690657291693,0.6512757632835587,0.6971189766795814,0.8414102464580266,0.6859586271488515,0.55512368098847,0.5726305261260459,0.8941691316483042,0.803230696186274,0.6029553360702956,0.777991841071183,0.7830154633245872,0.6805324950810865,0.8115577447691087,0.5845552565534196,0.7102733023036748,0.9193930129785671,0.8134069942574917,0.8848876414933992,0.701655373111439,0.8545984763028924,0.816615761865037,0.6956447952309514,0.6772276579022931,0.8008797030051289,0.5986246971035699,0.7808679178577446,0.6744641055794712,0.7909848762713622,0.7999120915545977,0.7806228184251695,0.6607029973778772,0.586929930560206,0.6436560361211481,0.72355543034856,0.7369970573207862,0.844328247397142,0.912790129065353,0.6166031441983346,0.6493652715620974,0.6984135543213336,0.6741766787885903,0.6222596248434153,0.9206909912306719,0.6451764990896255,0.6511583523104482,0.9392802326080538,0.6563778987150649,0.7182748667180775,0.7737887206536601,0.8314007211523287,0.7361870414475669,0.6119046298967062,0.7614142424022666,0.6727137230303993,0.8254967452927298,0.6397943634004323,0.6671076835192679,0.6478506330454796,0.8447286428949412,0.8394136958123504,0.8128435606882328,0.7767605001656351,0.8857299823940342,0.8648260988217655,0.8676812942041413,0.7139698007078757,0.7525097828895361,0.8267487493146447,0.8806353065998307,0.8463971751768453,0.8319956443750722,0.9234397452599314,0.5602778190146291,0.7933110461630558,0.5787694201608509,0.8411767205053998,0.7105229375223028,0.9257171768438793,0.766506836305327,0.780624711573263,0.7817829726065743,0.7225854401639756,0.6214265917930732,0.8230965192193394,0.6662904000617696,0.5499068149907158,0.7753772192428424,0.8089118785937796,0.9178016599474863
0.7705915709890748,0.8299301542962181,0.8469803274346185,0.7526412902432209,0.5983228596495711,0.0,0.633642839251311,0.865218733761795,0.6956529502909301,0.8603645499217891,0.7378518757095472,0.7036902974498022,0.9292878466743921,0.7856214648313073,0.6209026300256173,0.8989172647280526,0.8780010104838416,0.7312872485371612,0.7465405784752361,0.7543765305600382,0.7845815590441579,0.7063073246518506,0.6474149456496675,0.6585920096831086,0.8185011042089018,0.7201772014881531,0.684184201038403,0.8545870351668313,0.8047719120325676,0.7351933104719336,0.6641961673565062,0.902462386216424,0.7494503633674982,0.7596397481059981,0.6816748533336631,0.6837409648773738,0.7932167977833293,0.7568739751786274,0.6023825122218678,0.7476038592327208,0.6910828221544444,0.7481204861446822,0.6831767824594033,0.6792711818615681,0.7849258963604016,0.7825674433152408,0.7634570686912568,0.7161935261894588,0.6871125088583042,0.6957960385685336,0.742770403368519,0.8760782115024135,0.7480977382892819,0.7566315938132496,0.7211203713876336,0.9047745186340836,0.763634498534782,0.7839999723952688,0.6965842683297997,0.7692598766536363,0.9186186864448135,0.7848364154656916,0.8419592799899526,0.6548995283035804,0.6502419305196355,0.7993125119067719,0.7467527459380302,0.7715313736597833,0.739411718673608,0.8021617155358504,0.7391958671007628,0.6944122020372006,0.777987754128994,0.8292243552134867,0.8939564358357057,0.8042406905331158,0.7595194459884207,0.725687944178698,0.7664689598000398,0.8736255268917973,0.8919986811223495,0.6548715770245438,0.8126093347649128,0.9315259046482008,0.8075494576057632,0.8208866218934818,0.8132524327303332,0.6948067616753268,0.8805398966385786,0.7332691668051734,0.6931248525436526,0.6711078132487935,0.7104449469221764,0.8028221341509216,0.7336581868706226,0.7544900648504022,0.7687251560096463,0.8369903282315392,0.6464910952131611,0.8444274268223256,0.6931012178655603,0.7196694281057758,0.6164160089259549,0.6871138646879101,0.7690151529441958,0.8757474888953678,0.8395012283781811,0.8622322785208367,0.7501612876372848,0.7774643111144951,0.6960707468088128,0.6283499938335911,0.8929974517986183,0.7445721787972792,0.8156182774219786,0.8834172427389766,0.8713139319862149,0.6479430807703319,0.8672811209676307,0.7736589829829241,0.6384408330139677,0.7720498698103421,0.81932231829444,0.8022074920655734,0.6667167935221311,0.8146385186071187,0.759753680319537,0.7300643633111282,0.8714491811560191,0.6969657727301407,0.8566152880258832,0.9185942743181961,0.8329254180502361,0.6747653340075886,0.650442688220758,0.660323406288519,0.7722363805044575,0.64288543165264,0.6776425994738837,0.6423012361588644,0.7664348628304204,0.8072655824609187,0.749743365372803,0.6674844049661958,0.7028849045069792,0.6571724221852515,0.6635678403643364,0.8068039210551667,0.8229131409259318,0.7102689164969441,0.6674112910495493,0.7685887018072135,0.6540195925887586,0.702430860850143,0.8045069424112327,0.7185127240626714,0.7979187731875289,0.9094715456892315,0.6945427114679943,0.8665832521555047,0.7843436993266202,0.776427506613823,0.7781195898918166,0.6640925802420578
0.8445619336967576,0.8134610454959805,0.7382213558898112,0.8306323271327505,0.8887230336281243,0.633642839251311,0.0,0.6759121035490773,0.7994977572806619,0.7020934922115605,0.8147409520231558,0.8474863574638516,0.7145532942633414,0.7860206393640968,0.8866118496905224,0.7165999602115303,0.6957141045495985,0.8120804893895757,0.7952826762127579,0.8265360607845729,0.8809215947328077,0.8734343145471355,0.9086014336928262,0.9093720820020544,0.8437644894266353,0.8414268541139331,0.7144380847118961,0.6450892184520021,0.79023185413806,0.726373483352771,0.8481650797239318,0.7459993478415899,0.8414352760893312,0.775036406026927,0.8723237574817218,0.8404561076884578,0.8539637855508759,0.7838484338585313,0.8294676158173445,0.8912901092695789,0.8254675964053957,0.7364185466971203,0.8622060839590552,0.8991140265935429,0.8476407672970837,0.7485223501359451,0.8112091370207382,0.8667793904766656,0.9614071755490209,0.8600922711525029,0.8915974934177346,0.7804660663644328,0.7074840936512553,0.901418999713479,0.888714405765456,0.7066277689832013,0.8251846976983271,0.7267189156336351,0.8863163504887283,0.7820805732409946,0.6576737340171718,0.6689238799871972,0.7303853096044693,0.8289104366412753,0.8251337431123228,0.7062031727878321,0.8147016122776056,0.8550942466630103,0.7757888787931605,0.7229542245457062,0.8693890965956327,0.845391849446896,0.7498433535924309,0.81263490169562,0.6263177813665964,0.723546529598257,0.7773906711041686,0.8754571749997714,0.7216357951915084,0.59026736592041,0.6105560822438681,0.8958748685597193,0.8087260317948466,0.6252154693394312,0.8057999786298737,0.7826776585021268,0.7088189532637162,0.871461956158612,0.6470797245416712,0.7598988663555053,0.8658933690608394,0.8779591088624217,0.8639036079450014,0.7502156778359699,0.8807537152898122,0.8656974886985848,0.7225927054718853,0.7723773988216645,0.7866475824730771,0.7090126066661179,0.8147503575307441,0.7315049907607124,0.895474664080885,0.8430241304041491,0.7891986815207206,0.7216167555448834,0.6516801971915575,0.6624884966627399,0.8110731981219184,0.8252055960683172,0.9335042947398803,0.8814079925906685,0.700898367228773,0.6084234418622465,0.737847692740148,0.6865907609448875,0.6694499773804689,0.9042301383346592,0.7206934160833633,0.6538884780164077,0.8741405256835508,0.6691027073340665,0.7651385197150632,0.8383124721671529,0.8095529529057511,0.7963764516864741,0.6616350402916606,0.8011715589470463,0.7366228968427713,0.8697010833773653,0.619862985085069,0.6492800320084322,0.6644145449097022,0.7867282254953395,0.8493771786485108,0.8149149816574996,0.7885805338921948,0.916400010891843,0.9028367712794986,0.829297114805641,0.776082558745524,0.7582663641970867,0.8895419108180493,0.8437826982529903,0.8708810292954976,0.9263557322341548,0.8619266341479299,0.6066363360020307,0.8258434769565001,0.5487179007042464,0.8495924151408577,0.7185551062899421,0.8342670172429081,0.8719601591921317,0.8342657653788298,0.8359679607047255,0.7638019203799725,0.6897323331326308,0.8824711760201388,0.7325463243868252,0.620320750199348,0.7826426096667598,0.8442157413563274,0.8475829750782518
0.7957849002708022,0.8352556893008329,0.8502646692688128,0.830574845361028,0.6502468034501134,0.865218733761795,0.6759121035490773,0.0,0.7705958875521515,0.8210216281124938,0.7743766439313601,0.7679230526399371,0.8883419585972484,0.7936309106618598,0.7025746089489662,0.8851390514268644,0.8344085325030507,0.7875026070092203,0.7982160718699849,0.7894040946273971,0.8040286171104126,0.7692439573287215,0.7147216378109323,0.6917344512937379,0.8236993445923552,0.7487164742549742,0.7813302721687035,0.8319611973648836,0.7899517930726266,0.7872190403380513,0.7413143104158554,0.866670440357695,0.8291443348843284,0.7510098514896775,0.7226609830259677,0.753142948626702,0.8121821962340416,0.8270735304311833,0.6840884305540066,0.7780057054972315,0.7559641913057462,0.7173807686504252,0.7614617260604115,0.7021812279250277,0.8668593746654061,0.8259099893497713,0.7534407767491871,0.7284437351782347,0.7323683852158142,0.7669147014866736,0.8005915617726502,0.8337436478819633,0.7613824734931197,0.8135958163684169,0.7902561488874265,0.7900568882984883,0.8084708458980842,0.8520481022859068,0.727514596939909,0.8263538107433946,0.9160628623632058,0.7864490147839611,0.8634667886494622,0.6953893943419217,0.694589797273791,0.7926015547975492,0.7622386056232822,0.7840618321115236,0.8065629556551407,0.9072438028140246,0.785172677463042,0.7377723421601623,0.7472537070243415,0.8614377767962962,0.8854667910779394,0.7702087071826663,0.8049076098862658,0.7355628307963069,0.8382886378061963,0.6913159567182908,0.7646333144327128,0.7362259595794215,0.8309951601078734,0.8915139248745166,0.8117568509431753,0.8784090461728025,0.8456081079299077,0.768705052574843,0.87048710525106,0.7603877925260168,0.7594380800607401,0.716811645440049,0.7740889567677949,0.7862264223219871,0.7653175462459207,0.7880363518853624,0.8276073167194166,0.7867418827301325,0.6676490558161918,0.8218408955108574,0.7256860654469243,0.8464905926076501,0.6804427898156583,0.7539130537665094,0.8309918901071353,0.8760844428441364,0.8411613200958281,0.7949089010477056,0.7843675820168615,0.7211028172706243,0.7077286417594982,0.6911700839398509,0.7947180501804619,0.7878788497936233,0.8401659250176768,0.8521214850288793,0.7936562218871511,0.7135980895960332,0.7559360120934497,0.7611510993184765,0.688521833256045,0.9212236739168417,0.7314425821142311,0.8092742433046878,0.6740964004054537,0.8458891856374755,0.7392404553446393,0.8123129505351945,0.829703773663705,0.7694241189389044,0.8242940884605193,0.8763069192755362,0.8409192176583828,0.7130804094024898,0.701863765142068,0.6853339464409407,0.7801977773412301,0.7073264453270592,0.7740961239235372,0.7483391501202946,0.8066174589602403,0.7832760700236349,0.79569538876948,0.7411623386148474,0.7264371602218407,0.6956856888627118,0.7362702058468951,0.7808361315389606,0.8346743021529063,0.6687637554854651,0.7359355178329821,0.769334425019472,0.7388404042844763,0.7524623241082048,0.8430715907692802,0.7816600792738693,0.7906483980363452,0.8340578564700397,0.7292943897211264,0.8103469645075934,0.7253364830384801,0.7516172199794746,0.8307280800029027,0.7003440044293265
0.9363340773652443,0.8669361222989671,0.7408501349471083,0.757776716172098,0.8692884295652595,0.6956529502909301,0.7994977572806619,0.7705958875521515,0.0,0.6772263445665695,0.8738356325268739,0.8507434423201153,0.7413869534696205,0.8329298679585954,0.8562351832521539,0.7788702208320774,0.7507583806688233,0.8821222942044127,0.895945967606244,0.9456286406073053,0.8575064909656606,0.919502244336632,0.8161858530846705,0.8225993064542445,0.857067103859336,0.7149910809272707,0.7631322414406811,0.726397393244421,0.8111142993161795,0.8868423488275841,0.8978815228321984,0.7632956030124469,0.8203595535624685,0.6983659897179948,0.9380312991765178,0.8410409051627016,0.8418541354225126,0.9399271892316257,0.8405829253314909,0.781966690059115,0.8390017138922553,0.7912154761968437,0.8541380993107407,0.8616250846929816,0.8196930506599986,0.7363198419798068,0.7697125384370258,0.8395083887225384,0.881881534037189,0.8998314769201881,0.8347115510221466,0.7939327144915236,0.7841269764657663,0.8455407487191645,0.8469521020458421,0.7426878912310633,0.9080318435144893,0.8320073856107507,0.805049793767027,0.8166744269812065,0.7013977583699337,0.7021967038252936,0.803013708254664,0.8553967709778284,0.8422707387669437,0.7182369811709202,0.7241550078789005,0.8025459391586991,0.8340389633659556,0.850242321713223,0.8799900211383059,0.8891573309005266,0.7781800759845872,0.7596858168884479,0.7590874399293549,0.7558797540607332,0.6825172924156203,0.7657967545070565,0.7787414541066333,0.615849290529254,0.6512705303243222,0.9207245641116929,0.8694173155078943,0.7295806700927514,0.8465640234696142,0.9122373088732213,0.7888796098890335,0.8487213166525193,0.6899874355052892,0.7933723369061457,0.893793567640232,0.8425925632023322,0.8983392904016794,0.8076133242150171,0.8969897925537818,0.8628461432038951,0.8081424562769834,0.7505503587960348,0.8329949732372958,0.6657726133148363,0.8453882059554362,0.6968750696126444,0.7482264568326942,0.8224826414216739,0.8868866355766323,0.7191819876323386,0.6358532214581506,0.7239944826050713,0.7481127341532317,0.7589918811964745,0.7942960514063093,0.8891858836406832,0.698563537956843,0.7386200780509391,0.7968216966035466,0.7589219223191584,0.7349313973921711,0.8922740433962578,0.6617681176157388,0.7387282870520415,0.9118146109455965,0.736491868678463,0.8066083967383934,0.8150615882654704,0.912419688249131,0.7898418077185251,0.6521108640391847,0.7792681129059424,0.7319781896121809,0.8625229669284452,0.7731315445406205,0.743819202383822,0.7796296616677014,0.9220454643129234,0.8643015486368355,0.8541966732663459,0.8697702109199698,0.8736437126340796,0.8753802666200075,0.893335660376123,0.8049807873819825,0.8212018373197343,0.8824885615514669,0.8947384584148095,0.8533883286313478,0.8060062061586842,0.9352467958989072,0.6116914589668037,0.8807846170235786,0.6374355819566151,0.9064153415713124,0.8121004567458481,0.9334899810209106,0.723093465004313,0.8099818555762397,0.8530194220249656,0.8019497126318816,0.6568421557128918,0.8717236270801437,0.7164771771750448,0.6039379254216443,0.9060696145792326,0.9018571679570861,0.9302136390730112
0.7575851442413903,0.8276760523650698,0.9220603220223612,0.7933677451358766,0.6251013300519762,0.8603645499217891,0.7020934922115605,0.8210216281124938,0.6772263445665695,0.0,0.742125984328528,0.6978427923567884,0.8990244167079933,0.7724322401291255,0.6524969971199202,0.857001922993893,0.8776175554208125,0.7833210746397276,0.7450488229920851,0.7357583664726778,0.7968330903665946,0.7538103170776801,0.745775876462747,0.6846590310951177,0.8524507213147006,0.6957299332768933,0.7434535919321672,0.8630934604021202,0.8213055073621099,0.7264635999142176,0.6457003334424704,0.8738072356423774,0.7501478303533727,0.7152017260997473,0.6715772063623346,0.6753733467794252,0.7632340282968141,0.7208565449915505,0.591140796897973,0.8174877934366299,0.6902958566272727,0.776104850320259,0.702151423629734,0.659209675176242,0.7786572056853065,0.7867234653831258,0.7732223491249208,0.6939525125113711,0.7437071434238075,0.7037872802999298,0.7584295967222499,0.8100565696159966,0.7437674808621998,0.7689583467437556,0.7267511865052921,0.8114167651957256,0.7455603018419752,0.7509206514341642,0.790532686258627,0.7501100565581469,0.8434262521323458,0.7075956790305903,0.7981385346247035,0.6623647723938408,0.6666811562451511,0.770998578265228,0.7439059375558253,0.7864452018589,0.8186154787566249,0.8002007406858342,0.7183284078935465,0.6838191711885431,0.7556820916302733,0.8786285547932434,0.8436341629827891,0.7597914196253656,0.7759048999856456,0.7322824537190624,0.7104064194291192,0.7021718106987432,0.8106531159901024,0.6618097717949709,0.7946695721275336,0.8103338121036837,0.7561239846663765,0.7728363812054263,0.7232036051759784,0.7282285496220706,0.8338828276681028,0.6624101632045022,0.7133705259688363,0.6627893903363516,0.724606219918377,0.7461584344756249,0.7496896689716207,0.73899042345922,0.7024025347755979,0.789331427830451,0.6110158837207337,0.8264841214061045,0.6494770339866913,0.728107014306838,0.6479502726185533,0.7510064976268652,0.7322092657201015,0.8320099354425524,0.8214255161303313,0.8832337465508632,0.7875401784041517,0.7717476512100968,0.7055181464442751,0.6231233972072736,0.8165617973681826,0.7122610168156736,0.7590045414358519,0.8356849500351007,0.8235665255742561,0.7050135992740348,0.8802010161773072,0.7028041540816602,0.6282726843055095,0.7011276053812923,0.7313424980518993,0.7730334708454957,0.6294952836063704,0.7915439427013239,0.7258203395029569,0.6872581666097889,0.8347367640816974,0.7197563431590466,0.8086671942343829,0.8351091245823078,0.7113414302708653,0.6168909754489001,0.6477388297804288,0.6534996795562775,0.7290064302626348,0.6575466309831145,0.7521204945680178,0.6459661380706465,0.7709258459838527,0.7464665488316315,0.7700312821991023,0.6790820098455436,0.6744840554237249,0.6874148138246283,0.6465975284615699,0.8049547008862326,0.8600115322824358,0.6280650003637543,0.6383283386416126,0.7589358163146869,0.6895511546731898,0.8200023957167921,0.8115209258731769,0.7066836427716962,0.7895449372524687,0.8548052120394616,0.6994594231937161,0.8107153324590264,0.8252970812565531,0.7106275832014965,0.76250082347633,0.6525317716940003
0.8765602810156581,0.8409790186346154,0.8415422136509773,0.8539851693218353,0.8539520908821876,0.7378518757095472,0.8147409520231558,0.7743766439313601,0.8738356325268739,0.742125984328528,0.0,0.8670063833244446,0.8036046498562447,0.8208557727461792,0.7785187859077237,0.8658076252792002,0.8082651701158323,0.8259903021344183,0.8309313837522826,0.867170863285097,0.895552484237166,0.9428215924227616,0.8487823916517758,0.8399428315764134,0.9046739200043943,0.8054150688481081,0.8159339452137235,0.7888532570306015,0.8617345244121585,0.8412843962728106,0.7913845943840562,0.7769440789332593,0.7854566820067785,0.7313652314181023,0.8578104432794346,0.7912233057625673,0.9015997864560107,0.8833685486767684,0.7935039749188257,0.8349550239237761,0.763133808105206,0.872498295719774,0.7908696644559184,0.8417037402844341,0.8131840548495828,0.6818092390556733,0.7023438417353005,0.8950297487698223,0.8899537207786234,0.8041514812990299,0.8070090423210705,0.7790923076613054,0.6836231092109271,0.8675663567956398,0.8641766085156719,0.7474869172987844,0.8325021824295071,0.8817621771765618,0.7852120136414913,0.7481775902353401,0.7628958271880666,0.645065217014764,0.7720777881993891,0.805267684176759,0.7311756262279314,0.6763462206261123,0.8034390899640794,0.813132011930511,0.8427025647913492,0.8855114207242134,0.8241835399581053,0.7924603649274868,0.8397884988135896,0.8285690605106697,0.7638650842509251,0.6832305658764752,0.804270569251105,0.8461033776173339,0.7002844410000912,0.6545950964449998,0.6511399335582004,0.8248029123546663,0.8426018196965831,0.7382060252932217,0.8309012379876723,0.8547457621285448,0.8574509629427484,0.7743596716126265,0.6550826444797576,0.7860816002907258,0.8878379882257511,0.7475382623654706,0.8332245263929239,0.7368406900177256,0.8808871648959709,0.8626206030980994,0.7165327009467399,0.7438556654440791,0.7548112517350376,0.6694844483745979,0.7990812480693089,0.7408325013061287,0.7282018021491901,0.771521447945057,0.7925189961126387,0.7123032859473181,0.638780489596901,0.8167156229377094,0.7035454701263109,0.8400292997886516,0.8661396114902784,0.8355725127310374,0.7665295064839321,0.7962384820074352,0.7298570070872406,0.7902623710602698,0.6810247044174129,0.872096483970763,0.785379661844298,0.7467278192719509,0.8470102979143058,0.7210402708466567,0.8317588708773225,0.7974209991857434,0.831425600639305,0.7975535502777331,0.6479329590936233,0.7783705211907811,0.7711844449686656,0.7910416873877244,0.750666675458239,0.7954446131199148,0.826088246087616,0.8649483149089965,0.8536074669979298,0.7533153319297808,0.7914150630109485,0.8096426404061224,0.9020767555032465,0.7861027906771672,0.7646417017498777,0.8300604687159974,0.8194897596257614,0.8556363879074648,0.8812209607707684,0.7917237893771754,0.848714675437739,0.6007943387736294,0.8702221252059681,0.6460132177439941,0.8452508597075732,0.7228430171693669,0.9084073301889705,0.7419874879739492,0.8525732680790976,0.8478522567355246,0.8912289749713415,0.7414836727840833,0.8591680216782368,0.7695884759954074,0.5962508712365563,0.8267130348199122,0.8099304240175311,0.937217936172199
0.8151125662375092,0.8545395404926762,0.7559136523092931,0.8044091491662277,0.8597640417821518,0.7036902974498022,0.8474863574638516,0.7679230526399371,0.8507434423201153,0.6978427923567884,0.8670063833244446,0.0,0.7136249357122407,0.7681410823996863,0.8276248971915449,0.7864992154248391,0.7097286505956875,0.743771880623205,0.8520783421688215,0.8345425102186832,0.8700556326077494,0.8652543583044118,0.8243649441077323,0.8535860619677516,0.8541733294917223,0.7992173500970012,0.736395785675264,0.6652703608954252,0.8551971614669427,0.8119561348941328,0.8888719414184545,0.7527559938755474,0.8401591305835447,0.7984869707381644,0.8623492300640632,0.8711272116601587,0.8568218372873985,0.852260196440689,0.9061197096334619,0.7818476710247702,0.8367604308999542,0.74198695410074,0.8108660079502241,0.8904452581431851,0.8514096861394668,0.7014569592058739,0.7479965596076018,0.8807318850345371,0.8633918910503897,0.8236353124331698,0.817552514282021,0.7655375102841889,0.67894172038588,0.8979398946050724,0.9169437432162704,0.7394984905374626,0.8105490698082102,0.857446525423151,0.735602665000933,0.7832061061856678,0.6997796629398094,0.6826782652955884,0.7289985463003035,0.8219217848010071,0.7386470855240712,0.655741953699359,0.75380747277875,0.7710235288450952,0.726952620343162,0.7756693847080953,0.8232886860490314,0.812692020917899,0.7151420724929479,0.7536565032562145,0.6816989748820633,0.6908639382919421,0.7529842031554811,0.8863302367856394,0.7411468844691066,0.6265676123545599,0.6157672326497574,0.8460921220713215,0.8491957529925382,0.6864008412286094,0.7966814519903535,0.8513068905541603,0.7860210265409011,0.7756413324923864,0.6552838085006756,0.8475260032297586,0.8383487223405374,0.857141458779666,0.8636566265332359,0.7303337083797277,0.8031761984077327,0.9295312197078894,0.7605639385752848,0.8031196859850791,0.7998444639952954,0.6667867913721827,0.848666428438716,0.7478191373430273,0.7766561509755986,0.8524403447654431,0.7951890202017006,0.7173549168436145,0.6448197799846745,0.7031866789474946,0.7341482622417028,0.8128568239712974,0.8923981493226564,0.8575900281091656,0.6801020617431516,0.6994741026728858,0.7342397073078449,0.7175040283917722,0.6649511499360533,0.8692095995425434,0.6987539135376096,0.710555495055127,0.8657681813820064,0.7476968824330549,0.7750610387245361,0.8242918268790201,0.8132152504484149,0.8626580597866162,0.6431325534440574,0.8869749925844054,0.793491872005236,0.8029033453057088,0.6953777535652914,0.7100451104130067,0.7446402089221287,0.8702617301067048,0.8625515179526769,0.767793344224778,0.8296151021526099,0.8552634770114309,0.8574869670196189,0.8665686193691244,0.751480903028885,0.8177296516814911,0.8296240340136284,0.8592520813189075,0.9091672340186492,0.8126730669625862,0.9190474043155008,0.6083085230990115,0.8618415910252566,0.6468922191544579,0.8648123810074245,0.7247386698621385,0.8491962122893324,0.7730310980723183,0.9062101667107508,0.8299989968654432,0.7645114177968942,0.726827016356513,0.8302065586655237,0.7080417113292758,0.5683665830833575,0.805825270266965,0.8750968982834938,0.8568958051536915
