0,1,2,3,4,5,6,7,8,9,10,11,12,13,14,15,16,17,18,19,20,21,22,23,24,25,26,27,28,29,30,31,32,33,34,35,36,37,38,39,40,41,42,43,44,45,46,47,48,49,50,51,52,53,54,55,56,57,58,59,60,61,62,63,64,65,66,67,68,69,70,71,72,73,74,75,76,77,78,79,80,81,82,83,84,85,86,87,88,89,90,91,92,93,94,95,96,97,98,99,100,101,102,103,104,105,106,107,108,109,110,111,112,113,114,115,116,117,118,119,120,121,122,123,124,125,126,127,128,129,130,131,132,133,134,135,136,137,138,139,140,141,142,143,144,145,146,147,148,149,150,151,152,153,154,155,156,157,158,159,160,161,162,163
0.0,0.9073980431300314,0.8501776892025061,0.8054032059497104,0.8363351516100732,0.8612889081719922,0.8665604979191677,0.8443749244241266,0.8817943159147343,0.8644653624487635,0.9103087345324797,0.8607519345188791,0.9188219580513707,0.8435231857547382,0.8857650319079582,0.9013330510613667,0.8712784940056825,0.9484095954886826,0.8363876172283429,0.9610057968782055,0.8719554286931388,0.9142949017153652,0.8261660703594529,0.8942711288490577,0.9464710006360454,0.8069455463673044,0.7842900943635132,0.848792733489145,0.8493146669766473,0.8068393447418397,0.9074929429722653,0.9014621609469343,0.8328080700160869,0.8465993522426615,0.9351240546974355,0.8024034998392323,0.9288739219824959,0.8762100036876741,0.810760088327306,0.8691462706040952,0.7794660038319987,0.8694309218043363,0.8846794036525282,0.8918084568547632,0.9124602118499038,0.8845857664269537,0.8176373492083017,0.8940864767449469,0.909785232575927,0.851801876170285,0.8741784368180925,0.8560605931771694,0.7909668059798027,0.836819605834173,0.8480171875885135,0.8244112959975465,0.9052791175514552,0.8525029904001828,0.854006525763509,0.8569708157135447,0.8355287441294678,0.7218872938188514,0.8368755424266113,0.7668346293224643,0.8421132577946293,0.8473866769086431,0.8719975435572301,0.8844145131262068,0.8156665100519817,0.9008881800628297,0.9308326393471912,0.8438933852452539,0.8190771203269304,0.8799605052878962,0.8459194160995812,0.8779439049578319,0.8167300414281309,0.8305849553094841,0.8258369285093534,0.7299644016850434,0.7968362972281924,0.8793698341742966,0.8630993760441694,0.7944644861777007,0.84556367848024,0.8851785481859791,0.8762656369698644,0.8313523864230623,0.8608701774157587,0.8134912588595552,0.8759619838149877,0.8662325721069563,0.8611528683692883,0.87049942888783,0.861784206280442,0.8682407982168328,0.739119943123559,0.8415922339240752,0.7439160804074098,0.8580873242982457,0.8249428559824414,0.8042242512786922,0.7522953465534373,0.8145603998601569,0.8619880647606584,0.8643202102113502,0.7696234839782362,0.8601009184209754,0.8576212846255226,0.9075033997036049,0.8718012707329181,0.8260434498168798,0.8547615339352774,0.797418666035306,0.8597543198186529,0.8698414271452277,0.8956987693426927,0.8933062510043642,0.7900255754662833,0.7774005453969838,0.8594434419993644,0.7186457227399677,0.8842339255198123,0.9228383586807888,0.839330694488932,0.8827043557807511,0.7276521672493776,0.8500365860700573,0.8450472235700498,0.8422845062932879,0.7911603829762834,0.8086553134111991,0.8035517070299735,0.835532777300503,0.8737248493575518,0.818428309655741,0.8819721851431133,0.8669552073368415,0.879826553861149,0.8557397272386498,0.8233836333652998,0.8730831767920312,0.8899694161967396,0.7726110886332146,0.9089743160368872,0.8424346783310256,0.8489155264735508,0.7803970736454156,0.9460140487120386,0.6245782396812691,0.9189410835432865,0.8279904891368111,0.83675413842318,0.7908863759459456,0.8774545802516078,0.9325262888144042,0.8877918716590822,0.8442928879290824,0.8496563870854179,0.7970398373435351,0.7473620702850169,0.9172097233950601,0.9105108228573038,0.933691143586875
0.9073980431300314,0.0,0.887149814083689,0.8393787783776833,0.7905426016544812,0.8972103723540754,0.8369689525760021,0.8944471436854055,0.8844670232003699,0.8721451443813854,0.849561227736236,0.908919440929667,0.8826797921713908,0.7913926650628923,0.8797715471379446,0.8564065283371612,0.85905282505945,0.860176093578734,0.8381123654249661,0.9024739947526961,0.8788002889955663,0.9313539802596829,0.7988868985375043,0.9311147871224482,0.8881086348378181,0.7604417479119613,0.7891677723941889,0.8325623597296565,0.8400553838745691,0.7909485344623051,0.8768039799587257,0.819715282299112,0.8965609689126894,0.8269863424733855,0.8516042966375827,0.7840840066060504,0.8433600093421132,0.8138664679556432,0.8192268696193912,0.8834261946728368,0.8423483710842258,0.8826020673975495,0.7547945737876964,0.8176118442594856,0.9087508809407364,0.882260224281907,0.7997561695635499,0.7906982636120777,0.8196022190701581,0.7963063454874508,0.8191747558066623,0.8738509671641759,0.8022000149841159,0.86399962770416,0.7781923664947205,0.8713886503492713,0.8623364908993181,0.8558464613738748,0.7754684783282023,0.8648559042555317,0.8465627778203239,0.6840099184342935,0.7814053979589214,0.701716169723882,0.7760775494493527,0.7893621078378342,0.8514090275030423,0.8091205618312378,0.7090972089004586,0.8446050179715735,0.8731375428040871,0.746942355917856,0.7435268256390047,0.8601379385913377,0.8654956332203837,0.7845504886741761,0.7709990802543087,0.8173985318093582,0.8057488921420868,0.6869885780982372,0.7873159626099351,0.877567711000513,0.9014833046797345,0.7751869648434535,0.7809000025900379,0.95048877539635,0.7853274480875215,0.7124124241927933,0.8387602495640799,0.9026569708577715,0.8048184053128057,0.8653806051301814,0.7959647751593484,0.8316019420370798,0.8154695156966879,0.863796132363726,0.7573815969998449,0.8707915492205807,0.6789474404300133,0.868589335060831,0.7557163806996495,0.7312749649019056,0.6682366089686489,0.8129251355409657,0.7876876258771021,0.8715447700628599,0.7678700521655315,0.8803175300568896,0.8647517153566759,0.925126750401826,0.8393677619938622,0.743256790293012,0.7962740700887998,0.7665235760492866,0.8199960800296183,0.9467572449220942,0.8563600082535989,0.7685502078885569,0.7653554966956346,0.7676528820974214,0.8022813528480138,0.695833727105384,0.8322524310470171,0.9162226393168778,0.7487556171480121,0.8805457358072393,0.7256613590227796,0.8837857421733497,0.8547472673000113,0.7802612876835981,0.836117712051708,0.81915034630578,0.7422187001692375,0.8559453050401269,0.8466526184882588,0.7377482781767778,0.8627725655358339,0.8265220971314239,0.8569357990609425,0.8214166074700529,0.7766776294688456,0.7938308020787992,0.9165636457114421,0.7412911216287796,0.8304614994018904,0.7599160342555636,0.9008998515752173,0.8296861046170251,0.9034314527791826,0.6477586702544117,0.840283340297815,0.7839390291340688,0.8410078682121706,0.837324244598675,0.9127366582737303,0.8954578096851386,0.8781396648212748,0.8950200546543486,0.8045313340688774,0.7070915631846464,0.7317925273346129,0.8252061287498885,0.9248049903295538,0.8909471309186195
0.8501776892025061,0.887149814083689,0.0,0.8292082474624741,0.8015215074524846,0.8807323521489067,0.7877690939539971,0.8771099653785727,0.8012296389224376,0.8551567719143509,0.8274486232490481,0.817044116107406,0.8908332496143605,0.7781919686864853,0.7982106211916505,0.8796191511670108,0.8897031260219391,0.8451403525269487,0.7523937815232129,0.8268279363245469,0.9027206467710193,0.9271593844186077,0.7447725132501635,0.8531044241392337,0.8295462234824444,0.8277241441242659,0.7561405973219935,0.7917378568885146,0.7578371574960531,0.7340143285438764,0.7526781477788911,0.8145999911159063,0.8318039651224006,0.7647607963618371,0.7674798015871273,0.7753870849537448,0.8096442877404262,0.7839543983594864,0.7215359930017091,0.8669352677260097,0.7851556301667353,0.904156087276557,0.7704253686076482,0.7680070669101812,0.8771898505142915,0.8524482735692932,0.8248859868637367,0.7756812253708057,0.7656333066291545,0.8033959862101425,0.826093203271914,0.9032131082399627,0.7518911833854438,0.8431750211402216,0.7404297990594061,0.8276748438421315,0.8115711594195386,0.8655378655188425,0.7885235842336711,0.8109644889397662,0.8352626005564903,0.7127672864018144,0.8419836764425698,0.7082774587386773,0.7530882682756862,0.7985779144431907,0.8463677993964717,0.8455142803368562,0.793750774970929,0.8411549873845378,0.8794623308083813,0.685359685028874,0.7967115037645339,0.9050397178748258,0.8694343460487497,0.689008321660448,0.8006151385793476,0.8025504199128461,0.7636691709836566,0.636202711027638,0.8017631943669907,0.8542742304957467,0.8257758673529129,0.7655450235876653,0.799247183998923,0.8873418767539196,0.7802716909445426,0.7173831185637655,0.7762679257564505,0.805890388181481,0.8480267285258296,0.7895863253976542,0.7480858944903699,0.7461852965463808,0.8318703789077396,0.7901095860112917,0.74044779479885,0.8465163808309005,0.6530918298401869,0.8571129755629158,0.6538006580124773,0.7715567522938284,0.7010333872496113,0.7611195336848315,0.782937790501948,0.9101450372879554,0.8133271263581797,0.8608445976442946,0.8442208476944899,0.8710678594597142,0.8063214776717447,0.7521087128072537,0.8281066967102538,0.7471624010246741,0.7818141915348354,0.9150641327727153,0.7730572778318642,0.7255710629856418,0.8428387711626314,0.7598256777367692,0.7639332146673015,0.7246503573848202,0.8049770668253587,0.8314338566675864,0.6676992299818751,0.7857973407542702,0.7907036177957255,0.840039474850787,0.8471948183892463,0.7664227052647796,0.7939214175542085,0.9091167777408004,0.6767265302394703,0.7655111541675922,0.7926586246360575,0.6861757462999643,0.7543421877086276,0.765334405115191,0.8337613491491659,0.7252885932887257,0.7186288674917509,0.7855254222256248,0.865721720884415,0.7730344504335886,0.7806977046433712,0.7866953392095267,0.8472236138755659,0.785060228583698,0.8633794432084289,0.6394928425046061,0.7509977878506691,0.6755415015650587,0.8101226610758407,0.8707613654989634,0.8638476661592773,0.8317642919430656,0.7939819695935091,0.8746153035376298,0.7149374129680148,0.6984735453365172,0.7571694914111514,0.7107886386547301,0.8559353797313103,0.8251872609761448
0.8054032059497104,0.8393787783776833,0.8292082474624741,0.0,0.752685401192918,0.8022184635181578,0.840125799897141,0.8070396741183973,0.6993358677592288,0.7811356665795801,0.8675934565461957,0.8235408796515675,0.8212695821160597,0.7773861496522323,0.8147067726266547,0.8088861169655913,0.8664886747241973,0.8101539661935221,0.8348155815455506,0.7853102493955011,0.877979626344392,0.8427706277249095,0.7908476818072631,0.8472420421104183,0.7973719950596623,0.8081985833997357,0.7654180565754775,0.8543618148255657,0.8018614490328252,0.6687738621631661,0.7531291433391396,0.8027777194190169,0.9197349523906181,0.8312316426550183,0.7912727859556496,0.8276688064333315,0.7684853210375431,0.7603983203904093,0.7962315958623567,0.8980969905726472,0.8420815721224947,0.7633188478695956,0.758020273383097,0.8149387021847452,0.8482076559626988,0.8272504740721275,0.6836086498666856,0.7757354192068373,0.8151726876898228,0.803578066695147,0.8916638217343992,0.8703099189919646,0.7877833616038156,0.938832832178386,0.8689442252622686,0.6842804646468046,0.8483897839680614,0.8298018588333969,0.8187271765562875,0.8546009122359421,0.8701732483886839,0.6862203246510153,0.8277415729284545,0.696752877387567,0.7639314220979926,0.801436627869801,0.8500515290898675,0.7191620294261354,0.7266330562753035,0.7928585755933636,0.7951913209956478,0.7192218529090212,0.7977057237101037,0.9132929746698388,0.8288651482239702,0.7105517431402706,0.8570626291858457,0.7761844771710497,0.7708337123654742,0.6390121256880806,0.7168382219735745,0.8371419037971605,0.7154185630720759,0.7307173720013684,0.8478391717129984,0.7830299557396815,0.7539839536107747,0.7475009556342869,0.7708372255854944,0.7060548292629828,0.8381650213657387,0.7983809882199403,0.8206100504090522,0.8119573442794,0.8686046633921582,0.7332117459629267,0.7493206379592404,0.7766347705926714,0.6602420193776369,0.8738353815924208,0.7204686768693808,0.8038178771075606,0.7783739851704943,0.7463152439785045,0.8096129526466503,0.784175693450183,0.8344363292100982,0.7668107773026819,0.8319841854392622,0.8003485986833146,0.9011534135311868,0.788117611042466,0.8104382360582314,0.7517302054414606,0.8276431715011541,0.835535957059043,0.7882036690212099,0.7466845409681815,0.8598009347429365,0.7257013133878272,0.753637250343173,0.7583429448098745,0.7654016292956208,0.8383606059209224,0.6704963013164809,0.8264885390710287,0.7730046127113273,0.7862876278801716,0.8795903385994429,0.738552467058595,0.6510572903693105,0.7808449430515344,0.7167185799858704,0.7959277751037781,0.7990487578648572,0.6705969260070147,0.6759322887387175,0.797454845592365,0.8302661738084745,0.7549580999239254,0.7948340016757619,0.7456087407434828,0.8847315548063387,0.7937795268846958,0.7783123281960728,0.7361692391679469,0.7416946500558715,0.7453992294407997,0.7577795581427769,0.6084019329913236,0.8260704693725518,0.7472789752968745,0.8489349582263302,0.7360612131239467,0.8471477784279526,0.7812221244322427,0.8129126202150244,0.7922085943939299,0.8395605730958975,0.7832522178547667,0.7056407416756234,0.7293267674842951,0.7565183067461629,0.8256064262539193
0.8363351516100732,0.7905426016544812,0.8015215074524846,0.752685401192918,0.0,0.7035969126607537,0.8581742644996327,0.7222983014424197,0.8000350533398077,0.7425544794107921,0.821419434695166,0.813961129743321,0.7462195575639412,0.7532350098837847,0.8771981564437776,0.799473408602491,0.7746862957440958,0.844906836290779,0.7416815654398116,0.792047583095828,0.8137988417354088,0.8702187606265274,0.7969546596404452,0.8270418644158378,0.7854903057887029,0.7869749623364897,0.7533438521083515,0.7022857823623939,0.7831087110189353,0.7885054772544845,0.8211626291167293,0.7599477486672869,0.797043164010824,0.7267200035785822,0.8403978758169125,0.8151499124540362,0.7860061361293259,0.8159462946289312,0.8087138317096195,0.8116351183294014,0.7975921944092996,0.7905176113561053,0.8527122650102222,0.847835497376559,0.7893667523862501,0.7757492661368269,0.8178763943447769,0.8019802073305623,0.8360954106018046,0.8427202703475307,0.8307745805114053,0.7777400383180363,0.7191443975533244,0.7819029325598839,0.8047066463530993,0.7064386633752695,0.8000072571447411,0.8330554150043697,0.7761813356132232,0.789055814493108,0.6651722323642346,0.6870278101383569,0.7529419754255122,0.770873938292066,0.7832660861326193,0.6902168935962381,0.7329283486065284,0.7997393972573194,0.7806939147129355,0.7624068985756771,0.8423103521954916,0.7789810880880329,0.7022978094863288,0.7888439398574456,0.7085915105224435,0.6947249802648258,0.7501980640890207,0.8674280476984033,0.7196438605139934,0.6060693455399923,0.6478981832068152,0.8335683034663701,0.7971863365515488,0.6375291465220623,0.7557976206400125,0.7800541710636713,0.6946629082174461,0.7843256775820351,0.6985338974097162,0.715327545771187,0.9268674382980038,0.8233771773517518,0.8675520135191221,0.7117903567012148,0.8017495663486067,0.7914059979395378,0.651875353403997,0.7313319017857831,0.7523421659432453,0.7231122623285005,0.7275733029243133,0.7208242998631165,0.7499741295679327,0.7810134677409541,0.7768590657891346,0.7762440709911128,0.6840496251418722,0.7279534856138763,0.8147983801011822,0.7647730186856463,0.7972415724195901,0.8466570168158283,0.6820955432251571,0.7043480001670852,0.7484079892338521,0.7714552831422843,0.7044381186902017,0.8519883479897765,0.7053269208896732,0.7080509087452331,0.9105281139562713,0.6894081957817918,0.7160725730975014,0.8187656096211791,0.7308740844961048,0.7805360671039031,0.6895265530440586,0.8167064687952414,0.7392717164162301,0.8138451243033167,0.694610948663961,0.7251760455718147,0.639446389415706,0.7697685597223334,0.7658118445357595,0.765598294047249,0.7655283480719303,0.8715610767706251,0.8174183012426158,0.8351731822695665,0.7063297618753189,0.7821566242757914,0.8135842860983267,0.7820040493328905,0.8262202489236862,0.8078324228444432,0.8522113183853666,0.6948257965096768,0.8065754425123483,0.595997551544383,0.7848912844919914,0.7210701393933973,0.8145874793158815,0.7992053991582382,0.7917511203977088,0.7743011497480383,0.7278331054860412,0.7478027911541576,0.7597765029912245,0.7024336534311334,0.6386282406195344,0.7431298176171226,0.8194619557544613,0.8634953764862834
0.8612889081719922,0.8972103723540754,0.8807323521489067,0.8022184635181578,0.7035969126607537,0.0,0.7449880127962631,0.8827722659201306,0.8069563423169694,0.8380549418685874,0.8254313391009076,0.8494053438374852,0.8900434590712996,0.7347073614136911,0.744154525775319,0.8721363032788692,0.8590956029827752,0.7761100557929491,0.8104189039979287,0.8370679539179239,0.8641518762624878,0.8409406117639797,0.7073610055405247,0.8217411183492483,0.866888821788558,0.7472300150707818,0.6957472143934568,0.8219318682224892,0.7673139618273711,0.7494015493618439,0.7845859440363651,0.8442505014212365,0.8024196806769512,0.806293387015334,0.7634966088394987,0.7165398773131865,0.8307858304100908,0.7551486248968353,0.7286083680371003,0.7818946137187173,0.7344905769157097,0.8800771498645942,0.7195939003196211,0.7807591341156641,0.8391491171234035,0.8147109805859879,0.7531539309249579,0.7889063290792488,0.7427653486439247,0.7283899699017812,0.7875150617012625,0.8873742664318987,0.7426442526434169,0.82041768717543,0.7343628586765055,0.8715497710837706,0.8140192267125229,0.8659770476699999,0.7127261468656154,0.7792997268839077,0.889578913129315,0.6976790340143788,0.8245871704550848,0.637029685760203,0.7162468963615743,0.8068673485315799,0.8197883678440053,0.7965535135037101,0.6801943912530267,0.8477452690022013,0.8358552818461216,0.6631565130333016,0.7791684609994326,0.8416345547201948,0.893444616705335,0.7651713976646155,0.7718699723637199,0.757525652649288,0.7668990299875946,0.7643988825572678,0.8865843948786428,0.8102685617226888,0.837454394600324,0.8174517926970563,0.7947667870921399,0.8701860224098928,0.8611948001751751,0.6717876801780327,0.8242311195840633,0.8356223648645686,0.757487821767471,0.7888465644989616,0.7183968565324045,0.8096343657512709,0.7695954627560362,0.8163770473724079,0.7580867111258663,0.8685751912322512,0.6361266424657318,0.8440358330443976,0.6899566479652446,0.7541213251207297,0.6560555148981545,0.747125803917244,0.7646241662142322,0.851318019683245,0.7892361494869781,0.8672774555026104,0.7633934395222259,0.8993509543225379,0.8233522530601083,0.6895954174300433,0.8716152238196906,0.7659832455902331,0.7812354466145282,0.8998909075589808,0.8650295324488806,0.700755085275145,0.8234847945861384,0.7657945831435288,0.7023661791375954,0.7180507911294947,0.8587974909044265,0.866575213727908,0.71006387574849,0.8294575453879903,0.7381715124340514,0.8111414562096125,0.8488432399338444,0.68028272514374,0.820930898997563,0.8969160409223648,0.757002035681275,0.8050314441537841,0.7914603691871152,0.6737393216413471,0.7957334738781705,0.6981768739414826,0.733525412618971,0.7247906476257215,0.7415742881050112,0.798946913831552,0.8344923816756644,0.7067861494246115,0.7860525425156142,0.7252314902937431,0.8120231859110405,0.7986296307404979,0.8550310312576712,0.6686325373942612,0.7975501043558724,0.7390611645814879,0.7559552727932044,0.7413079741706108,0.8867825578459411,0.8447236741256996,0.8360116178228799,0.90507536069416,0.7226641097196931,0.7327067782378368,0.7224446191312174,0.8061604768751465,0.8520644737615264,0.8248412276756395
0.8665604979191677,0.8369689525760021,0.7877690939539971,0.840125799897141,0.8581742644996327,0.7449880127962631,0.0,0.7617274016559377,0.7627801731784138,0.87337353398108,0.8334967387937146,0.8517261008200642,0.8380641585642596,0.7965482764227363,0.8824497760513844,0.824138122097429,0.8074137128093432,0.8704963686474552,0.7756791325367363,0.7971812132934125,0.8072000488343133,0.8330577877395184,0.9255646665246297,0.8694712406223493,0.8852446660585549,0.8192983323606098,0.8344687940969951,0.7984733314551481,0.8253992857778606,0.7822279162516312,0.8414664683025533,0.864642403791127,0.8365452888886022,0.8683610575502172,0.8351300685325216,0.7883888482133957,0.8653479016077124,0.7377293884849896,0.7819041579321167,0.9124244479483309,0.7476075117873491,0.8067763852237383,0.834128768077299,0.833147540661345,0.8761762035901963,0.861553234325807,0.8172318978710058,0.799219350086118,0.9557862034488324,0.7961198848627257,0.8843379484536851,0.771894308132424,0.7186304366618673,0.8123707489160445,0.8670491237445969,0.7591793594134584,0.8138151234155793,0.7970197060112935,0.8675864836118959,0.8444318572224458,0.7365208624447346,0.6901217018582719,0.7175630478981697,0.7272297508914948,0.7639921526515823,0.7451747193950947,0.8560816119961815,0.8362917762166482,0.76849529461924,0.7867136989115623,0.8240021060795522,0.7892877836352334,0.7391791392371118,0.8737646200622409,0.7092858557675141,0.8145967952114291,0.8637372084983383,0.917700759518055,0.7213499247446344,0.6551408177778584,0.6552893148701048,0.815586067480721,0.8144294866302733,0.6443741680649868,0.778424553758176,0.761517114165225,0.7407347791185551,0.8554551924438515,0.8298962473539689,0.7561279145789048,0.879903699338821,0.8849607231312953,0.8617859846884015,0.7762692892236931,0.8137007002020996,0.8212751415661069,0.6333860472407806,0.7888059519771048,0.7055574512238197,0.8669310665137644,0.7711701889930721,0.7967922487506847,0.8131860473988002,0.7997144328508099,0.7623313345863888,0.8150747515022607,0.7409482205738016,0.7849086481394124,0.8924348406512899,0.8368863580640264,0.8887928648656033,0.7908343214148439,0.7641371378346058,0.7288799981025404,0.7714324318721847,0.8098420038511133,0.7926305127299413,0.8980016172960937,0.7486049566226926,0.7229846751992544,0.8011426498488632,0.6905746953939814,0.7434487236115661,0.9017078494865169,0.6930029882049313,0.8541819482448216,0.7278400920882653,0.856065274742618,0.7874060354122846,0.8037025217865134,0.70322742119164,0.6837256397599994,0.6981880009597291,0.7145757860903904,0.7535742710241912,0.7030657361442261,0.7770581210926266,0.8738482329240354,0.8556854774165534,0.8273270840236874,0.7555056032791967,0.7878297120586681,0.8871070716801729,0.7259846033041213,0.8318847394309069,0.8718885652309014,0.769515408235155,0.7740233784892505,0.8358309468019842,0.5491119233574032,0.81654515279701,0.7476411351766917,0.7878805911816242,0.8530428456197681,0.8380734478957347,0.8276803966608478,0.8212964967348318,0.8276960319548712,0.834537314417547,0.8228885344391262,0.7113500621040681,0.7686606848525909,0.8297351997426327,0.8269015971653626
0.8443749244241266,0.8944471436854055,0.8771099653785727,0.8070396741183973,0.7222983014424197,0.8827722659201306,0.7617274016559377,0.0,0.865202770306286,0.8526250280525998,0.8000273172969923,0.8864709075946894,0.8716529215812084,0.7189894502686114,0.8098731058952375,0.8643010119733541,0.8210389138457913,0.8140237732360158,0.7979943518158463,0.8333028474439412,0.8242069414295315,0.8562254286481693,0.7690551926716819,0.8292456554217023,0.8637731514942034,0.7544637060664783,0.8024637490204387,0.8151400321326788,0.7355581537471702,0.8056691491263502,0.8428833918722273,0.8068011008492105,0.8389095085630074,0.8080351329724936,0.7542590800017559,0.7373784444977232,0.8257754995449147,0.7889988380752075,0.7666261591362519,0.8021376320309873,0.7609201195031327,0.8448485845908209,0.7557390283359204,0.7286942340165045,0.9087038688130019,0.8717941860343098,0.7641276080973047,0.7315667885289419,0.7576949693852587,0.7457141430521812,0.7790288015499119,0.8175789326357842,0.7167160039296679,0.793734177562423,0.7344095983118377,0.8387483120640855,0.8026136784160807,0.899058433368638,0.7040187673324905,0.8158351870207419,0.8515026441340326,0.6838505624802271,0.7804767975597889,0.6417342072967044,0.7003076279866929,0.7638261144281611,0.8095491602633513,0.7899596813386038,0.7182789497800671,0.9216165798519345,0.8263913436926448,0.6713533245107537,0.7042940815597931,0.837683058831733,0.8695702638048747,0.7320779206296311,0.7744193668344437,0.7674350619704126,0.8334221868758696,0.6342884595434528,0.7390401310138327,0.8289640967031651,0.8688332699568124,0.7874447533052443,0.7465808460468464,0.927056415504371,0.838850016648321,0.6974362069922392,0.8633141585175512,0.8805392017838799,0.7789869761173976,0.8032890802684493,0.730837549475097,0.7536184608400555,0.730954801536676,0.8291394035799934,0.737475542092279,0.8442542235348555,0.6136968295446795,0.8436922102325535,0.6801243523964198,0.8108275253382489,0.6666023808841078,0.8029409917194226,0.7660596726777128,0.8930939854630713,0.779092142513805,0.8682480555926683,0.804325434463365,0.8359509639309011,0.7738957284567863,0.6971344346238861,0.7618823801427046,0.8111457685664245,0.7838395559531995,0.9123911940063185,0.7978122938614325,0.7280759501488429,0.7163297887180271,0.7554041610743976,0.7086653391159441,0.8107569551696631,0.748539988419141,0.8526009356232653,0.6461740018076362,0.8421443331128753,0.7075459404312487,0.8977533676156176,0.801055297218696,0.7283933583841007,0.8528423253301929,0.8293434840184634,0.7433541642487648,0.767870077867572,0.7750879361647155,0.6411485683632768,0.8190892874144043,0.7403067350699418,0.8176278789502285,0.8144181105936132,0.7332871292440036,0.7378899839713687,0.836794761487366,0.7008553787795466,0.7590918109043948,0.7453830477488522,0.8563996141137578,0.821407001739585,0.8703802208618289,0.6293275277871485,0.801886614405107,0.7027693362059839,0.7836714220882753,0.8123376950854014,0.907701602932404,0.8764098648031059,0.8176004748006618,0.8963883240785985,0.7050539943015741,0.6847267004277082,0.6905109112364436,0.7315323117727872,0.8956142590664299,0.8008319783245083
0.8817943159147343,0.8844670232003699,0.8012296389224376,0.6993358677592288,0.8000350533398077,0.8069563423169694,0.7627801731784138,0.865202770306286,0.0,0.8021293349985408,0.7764056656527178,0.8602968996790542,0.7873239350798219,0.7206095441413979,0.8386384465201022,0.7874640045315852,0.7385798377875079,0.8231885611580909,0.7604699624462419,0.8581233447343578,0.7680278268583758,0.8782663501046573,0.745781768599804,0.810107435750651,0.8558126928753594,0.6783386846678172,0.7606329728010339,0.7249689453669609,0.7313050267803802,0.8567609125431749,0.9054378631936544,0.7524645904663821,0.7673018503092479,0.7266446646006337,0.8266672352983121,0.719239324188215,0.8150142056418063,0.8069345074884927,0.7701744646809018,0.7342260987823396,0.7265701602664861,0.8774485311109366,0.748421302161962,0.7543655962798121,0.8258791536024584,0.7737230922331446,0.7879677110382907,0.7384636403645224,0.7599895613537716,0.7459870609891041,0.7242950815874363,0.7458767522697257,0.698273085461573,0.7248093575336957,0.6929748082366912,0.8667054162724938,0.7700588291330509,0.8418224057865368,0.6914890807333425,0.7526575245950282,0.720647560908575,0.6439764119835893,0.7071375042082765,0.6829998424801396,0.7276351377187554,0.6851638982900123,0.7425094985787569,0.8037277034680855,0.712462767413933,0.8653051881791515,0.8362706251160948,0.7117270781537188,0.6798821762227506,0.7377196566747379,0.778575549870708,0.7287062643874208,0.6758665528646396,0.7533846216513469,0.7349631610901998,0.6111929099889829,0.6880557239440575,0.8479969106292529,0.9024816774871481,0.701254551209732,0.6949133448553523,0.9057754257423245,0.7906732698958661,0.6992101515444683,0.7697288454495071,0.8929351693135639,0.7847045694343933,0.8422776335616332,0.7335362295660516,0.7143562311119523,0.724540575122369,0.872928428269222,0.6886806837098581,0.8130208612338681,0.6835891835226373,0.7328822499533061,0.7070093278853664,0.6931038304014284,0.6397647523129636,0.8175640170092772,0.7458316840032705,0.7867580284272918,0.6479330547384039,0.8239256310373815,0.7411039167713612,0.8181579691205816,0.7292022767800604,0.7169411043055522,0.7041028940557773,0.7670481285088742,0.7121017711362215,0.833676033950669,0.7566171608206894,0.7671106292972039,0.6432829963669185,0.7549571857520592,0.770773700314507,0.6975869640521359,0.7462830233212315,0.8128742393466564,0.7543773025816031,0.7817347317507369,0.6472634335179823,0.8377705666421363,0.7106215418375535,0.7392448686110937,0.8949058615947703,0.7504245422107215,0.6970903514357873,0.8176706957057838,0.7836757320389103,0.7136543348218146,0.8652526794268905,0.7652606960883365,0.78128159659676,0.8318259943014844,0.707756449351604,0.7552917258335371,0.8138504620983187,0.7123192430300843,0.7790681968379585,0.7623395544757707,0.9305341163411942,0.7185264385765104,0.8903850991340164,0.615259693200207,0.8047251722307743,0.7206619171315883,0.7728114477656205,0.7882201936106286,0.8377626204527796,0.8699277186555618,0.7734880413203756,0.8072696283773586,0.7104365603894562,0.6304416440004851,0.6286869276174732,0.8008000464150357,0.9354509628288203,0.8502739622732305
0.8644653624487635,0.8721451443813854,0.8551567719143509,0.7811356665795801,0.7425544794107921,0.8380549418685874,0.87337353398108,0.8526250280525998,0.8021293349985408,0.0,0.7949211213065844,0.8236441792303254,0.92369066451818,0.7851399489893321,0.7872471797669816,0.8726425457523048,0.828194221511566,0.8641155241989152,0.724454120724273,0.789930929841027,0.7644239910413614,0.817425774340095,0.8710708734913831,0.8163930142970162,0.9312735991100152,0.7844303755097533,0.8661709475103192,0.8310967270475108,0.8148261920569082,0.821172276609107,0.7919933583311,0.8653279753322377,0.792427624791623,0.8305528530792399,0.764228123887175,0.6941575940257577,0.8852068831467308,0.7311776157443048,0.6682250298582257,0.8667239621479509,0.68556660913685,0.8748860868418211,0.7513964791475103,0.7303258189305329,0.882928880735396,0.862141293647188,0.8431270166006914,0.7432361057482662,0.8571800394170934,0.7050890926674591,0.7746992024753072,0.7687922000473343,0.6788045059378695,0.7324014287541672,0.741253733134639,0.8857097394920718,0.7513574722681052,0.8102512676973975,0.7840090564971133,0.7855380982559546,0.7681672615687732,0.6719457082941075,0.707933789685378,0.6593310213889759,0.6713379882009866,0.7296000502081957,0.8445813650181764,0.8717820468222843,0.7833831353994677,0.8647719064860344,0.793296703680746,0.7098989800482387,0.7235707077329128,0.8452819428094306,0.7760893463863311,0.8181345980038629,0.7960080761620151,0.8704449575782616,0.7290612601204709,0.6862739996136369,0.7349604597320597,0.7462740618544962,0.8858374622567282,0.7364658899848642,0.7203201817349052,0.8287744363968567,0.7864029704747998,0.7599731956650496,0.910737292378204,0.8281435375121695,0.8008219134846059,0.8110577551799507,0.740649259091385,0.7295535514392327,0.7379862215934581,0.85840631050132,0.6077564778638795,0.8487818660064983,0.6280398468003169,0.8852789202186684,0.6981305679239187,0.7510777987369847,0.7048138647939907,0.8187501758319997,0.7139643934833939,0.8804842302012472,0.7226718400896093,0.9186469002565351,0.8550678065485532,0.8615367419658891,0.780478398354406,0.673801577692259,0.7968817472113353,0.7861050531980257,0.7555839954994339,0.8950400138987566,0.8356641459664024,0.7898655375686112,0.7476462463465828,0.788765329323132,0.6909829844170278,0.7076044771291171,0.7577673189771993,0.872541147140039,0.6466924387385607,0.8482513128827223,0.7054560894353782,0.8447714818201455,0.7932802996135548,0.755541598548869,0.8558404512398481,0.7284798932381187,0.726380559939663,0.6695806295043304,0.6967378377811809,0.6351751193524307,0.8284430092644738,0.7685765678962827,0.834062217376044,0.7474793074621141,0.7508225247530904,0.7725734682296983,0.8264164814354681,0.646782313077223,0.7736103451983813,0.8304291781902771,0.7552995606831234,0.8524608139448723,0.9096471928006321,0.5824910388921445,0.7379449383229757,0.7244691633907097,0.7129185085226837,0.8844285718930037,0.8654173256975161,0.8411502804436272,0.8354064875902193,0.9235623572607969,0.7564114637446663,0.7657890027904632,0.801201749612053,0.7627211097359344,0.8689079141210084,0.7724121660825891
0.9103087345324797,0.849561227736236,0.8274486232490481,0.8675934565461957,0.821419434695166,0.8254313391009076,0.8334967387937146,0.8000273172969923,0.7764056656527178,0.7949211213065844,0.0,0.8416678862079672,0.8864890527801267,0.8146928018543447,0.8288792358940826,0.9149537082690167,0.892414090033677,0.8772647033385976,0.8437167852131634,0.8892079495773207,0.8706869366493419,0.8922773748075957,0.8111464602302813,0.8838810249656649,0.8759328509797756,0.8171497098576532,0.7928875831033655,0.8887061880473436,0.8838515982669866,0.7591927929354987,0.8136247072162452,0.8524403314068105,0.82840281059513,0.8298220413972033,0.8729277434425071,0.7859528967489955,0.884715901305839,0.8657978534392401,0.8418965853933147,0.8772260279598287,0.7781575171214639,0.8073787158888908,0.8202658966899425,0.8797679187002887,0.8490636318408333,0.8098652514290114,0.6898916043980633,0.9081035085239745,0.8861373003263161,0.8071843565626723,0.8639731195174588,0.8259064463398565,0.7537710403413475,0.869435555792547,0.8946455627148237,0.7171879803812394,0.8953056653386076,0.864980212943932,0.8067177083451582,0.8307594267799743,0.8698338849689653,0.6658484006726928,0.8245028956063973,0.7271019555319609,0.7722860199931838,0.8000534673620018,0.8589079707332687,0.785135058010145,0.7714990418667602,0.8776099335405649,0.8445405349759944,0.7906970697382487,0.8144584471350487,0.8846472008985694,0.851657882372654,0.7855768492510846,0.868472823458139,0.8282475918545782,0.7809203870000496,0.7536218627130888,0.7509752685439478,0.8143276607201072,0.7857101316603445,0.7933958659897687,0.8444158492835762,0.8169574864456391,0.8610389749872999,0.7637518329945805,0.7837887651883056,0.7436523574617091,0.8613476897778881,0.7609800659138347,0.8652529120295293,0.8557382374979831,0.8583073620944668,0.7901174392393676,0.7167930205509795,0.7443072161826337,0.6950813259557437,0.806788293318299,0.8240049091922862,0.8133625975456957,0.7133594844276946,0.7261352435517053,0.8125746813649658,0.7900507412509198,0.7665471315319835,0.8174236795543968,0.7944907395810944,0.8655837429962764,0.894651350383571,0.8126171895673582,0.8326920610841347,0.8464482489640757,0.8314800478755652,0.8490419425534881,0.8167592725007622,0.8633227425202457,0.8142958591989126,0.7452518790321684,0.8537674479757298,0.7159256398077152,0.8459503010893249,0.8880623683305849,0.7947710658366767,0.8745358040221385,0.6982605768475225,0.810612528887651,0.8443352993319412,0.7779427304220433,0.7014556563339821,0.8123403503275565,0.8579176260073391,0.8475635009880601,0.8702206419031885,0.7541859163351303,0.7857252563881716,0.828032486848427,0.8671707772481999,0.817356429825515,0.7981076876978777,0.842663259471956,0.8378626088311495,0.7655345880595857,0.9034207755494753,0.7441713422863934,0.7767992452831624,0.7421276993003882,0.8327203069933007,0.6455971513939184,0.9063030107716876,0.7920874190890959,0.8708887161325641,0.711609974272438,0.8409536542460673,0.87117358844947,0.9224050574227016,0.8109354324175299,0.874205796478785,0.8296121990709753,0.6804435436108586,0.8530548394933516,0.7816049383006967,0.9563052111164865
0.8607519345188791,0.908919440929667,0.817044116107406,0.8235408796515675,0.813961129743321,0.8494053438374852,0.8517261008200642,0.8864709075946894,0.8602968996790542,0.8236441792303254,0.8416678862079672,0.0,0.8099904386957344,0.686545528238333,0.8589742060388897,0.8514386381379492,0.8241151965476937,0.7999944720727252,0.8967084310406992,0.8500081939290399,0.868374826752884,0.861832742252562,0.8491038310191172,0.906675034225809,0.8957110255528663,0.7347496284008416,0.7827188226765943,0.8267201929025169,0.7708369670457172,0.8627368672101448,0.8962371423160757,0.8140754472622472,0.8384639626030905,0.8789938268083842,0.7979557228904802,0.7537740908038464,0.823539786031605,0.7611054963699052,0.8655777380608785,0.818891092070765,0.7901082351247979,0.860444318892908,0.7720418042583025,0.8024229107642769,0.8729983672751237,0.8493242355562387,0.7614234259790514,0.7668653116533312,0.8342706928569816,0.7616037226854092,0.8193855906121246,0.8177708494668015,0.7214816253104785,0.8299597718045688,0.787482853688669,0.8115565284908338,0.8503072258925891,0.9246951386340714,0.7138494982629244,0.8293418738880988,0.7861404621037555,0.6392484362029609,0.740883932909504,0.648808404321178,0.7287964361857654,0.731666268954551,0.7789355820629722,0.7518398396895338,0.6598899089711675,0.841212783504635,0.8061303102105355,0.6866697277457365,0.6852546072756072,0.8263437465646442,0.8028967221588286,0.7510074940629863,0.788533618896289,0.8290769259181664,0.7865986101065108,0.6643009186556913,0.6924017860067208,0.8539667666756918,0.8813711424132685,0.6844299973666472,0.7704502835180899,0.877191540469689,0.7836729631140688,0.70096437855458,0.8215568601538054,0.862374531930226,0.8105065513980294,0.8601434018364744,0.7974254920193234,0.7942875313337848,0.7381291846688148,0.8374067462119957,0.7024411950172257,0.8420343843465622,0.6404724930892249,0.8087078918486056,0.7119187486872375,0.779237524439572,0.6889930094250206,0.8251858501844288,0.7438649001826249,0.8349673931597779,0.7511365258201971,0.8526481592501794,0.8014735087356832,0.8795862501031235,0.8752365695503214,0.7393673872024207,0.7215103369140067,0.771327049409386,0.7539716806535448,0.8905912603152611,0.8206444490774241,0.8073538302422573,0.7137759970996777,0.7025004233444513,0.771096109018806,0.7089987203267903,0.7676524184329765,0.9129903638210476,0.6818239694079903,0.8684882838909611,0.6793593388046226,0.8936818488224375,0.7962231827783768,0.6974347831392212,0.7991200508093976,0.775132812757834,0.7113162465462017,0.8122338909786118,0.8066557380613467,0.6642248475108159,0.8493487151125916,0.7769300798057439,0.8058177443152174,0.8891875111374208,0.7025926056808043,0.7441324289976601,0.8765142334190906,0.7068480391877628,0.8003975723916402,0.7609143729082459,0.8862281329841335,0.7822357020042784,0.8666647823127044,0.6170878843403722,0.8602491234974821,0.7414299205568122,0.8433646181977665,0.7908448898299987,0.9508737317200459,0.8559091213128756,0.8459688756263124,0.8911233952477767,0.7392488592373342,0.7166813758013214,0.6202240333424347,0.7773635253705455,0.8826202324650724,0.8767438659232344
