0,1,2,3,4,5,6,7,8,9,10,11,12,13,14,15,16,17,18,19,20,21,22,23,24,25,26,27,28,29,30,31,32,33,34,35,36,37,38,39,40,41,42,43,44,45,46,47,48,49,50,51,52,53,54,55,56,57,58,59,60,61,62,63,64,65,66,67,68,69,70,71,72,73,74,75,76,77,78,79,80,81,82,83,84,85,86,87,88,89,90,91,92,93,94,95,96,97,98,99,100,101,102,103,104,105,106,107,108,109,110,111,112,113,114,115,116,117,118,119,120,121,122,123,124,125,126,127,128,129,130,131,132,133,134,135,136,137,138,139,140,141,142,143,144,145,146,147,148,149,150,151,152,153,154,155,156,157,158,159,160,161,162,163
0.0,0.5967617137491072,0.49070888410539354,0.4986007800027557,0.42483365910800874,0.567629651271144,0.5128823590390585,0.5647936624092872,0.5941886651363912,0.5324928702227892,0.51450876324212,0.47719655909001507,0.6687835344194709,0.5890537571917962,0.6074255739677692,0.5478893863185461,0.6279517564198931,0.7317496227205574,0.5621767331143359,0.662468655257508,0.5751096096658299,0.5593040643506734,0.5239415718740074,0.516880788452125,0.6054431098362032,0.4802633535960228,0.48419457380569897,0.5942897996563156,0.4749068418128963,0.5209108365255147,0.60164361903177,0.6385301037057363,0.5215878180105191,0.5216343325881043,0.6393995044282514,0.5567071460476789,0.6018652224633465,0.6105999570453158,0.4851158015048773,0.5785862917754844,0.5528467861850836,0.5433038060529268,0.6216519482350261,0.5362130724630053,0.6005016043987155,0.6340665994408031,0.5127346115313922,0.4981689770905502,0.599302212686947,0.6565866575656144,0.6481990521446609,0.5776763112084141,0.5225838287468654,0.545278216665956,0.5323350357179512,0.5856542215949021,0.6986469268889901,0.5166254149913211,0.5783875179986082,0.6671312279061422,0.5742490441936111,0.588304411180728,0.5835572525560333,0.49245979250985666,0.6055863305033392,0.58605564995774,0.5332502026776408,0.577610110594388,0.5739849950084764,0.6042616552299243,0.6483526791510859,0.6096494139690246,0.538411832056257,0.6355852525439579,0.6286544326204782,0.5720481249026698,0.4999194574121469,0.46417778884131217,0.5961366001930878,0.49138628579418264,0.556526999790588,0.6227624849360405,0.5644447971034827,0.5954676873478308,0.6021203760166295,0.6314666437914765,0.5367776719632431,0.6071796610162954,0.6369117307007447,0.5084501826902649,0.5796076980595932,0.55718866562551,0.6190042701889422,0.6101160395619587,0.6038146836226145,0.5126560020988823,0.5097129298772073,0.5312638386059237,0.5142029510945335,0.6335393476809169,0.5586931559779763,0.5081248825522758,0.4952902230722348,0.4766875113873124,0.6611387400891771,0.6043870659775225,0.5889203819002037,0.574125281351328,0.6084534718670119,0.5371880163208477,0.5069856682627211,0.5423092339897061,0.6313536182739178,0.5019407421060308,0.6441426937367256,0.6215360880536639,0.6214798380498292,0.5282749659888499,0.5029934484692351,0.5248654409364963,0.5379138055439366,0.523353550475338,0.5989865282769797,0.6130343784964142,0.5653089842647581,0.5260607984919208,0.5595496073931849,0.5026620572349967,0.5490993171802967,0.5964823878922523,0.5756029326093383,0.5468328983811187,0.5333272314159141,0.5240381690388987,0.530654388133716,0.5503501425185696,0.5665724008194448,0.599200107414251,0.5330047955903986,0.6007156547436907,0.4987044940943595,0.5734655141924365,0.6434498977340386,0.5186098167248341,0.5350399412120445,0.5159233852446504,0.5403078506920255,0.54339996466966,0.574384532115461,0.4574494558836783,0.5962955977750469,0.5613077073633972,0.5480389460618956,0.4951335656768475,0.5486458826708771,0.609286376504098,0.559040654149933,0.539196272783745,0.5209731864747799,0.5974744983398013,0.5260175330667164,0.6312922471590636,0.4991787238312075,0.568126566952421
0.5967617137491072,0.0,0.5471249788665643,0.526358140161928,0.41952099645175556,0.5935677858868018,0.5193754348950733,0.5785164783922015,0.5463719236193822,0.6540493761144466,0.5318059107070743,0.5411723428647022,0.5945647651207377,0.5495066446995205,0.6334358802059603,0.5344337370581542,0.5964173183235196,0.5779842593982091,0.5901696526163397,0.5929970032323526,0.5901438505697241,0.6317013731629488,0.5201607564433489,0.5630257839871068,0.6423137124858888,0.45772361701039144,0.4889794659499448,0.5612739835223839,0.5866249075036304,0.4858686347316683,0.6079656393330358,0.5663238359924838,0.5749313357383348,0.5111277393596254,0.5960616366690105,0.5906116644719939,0.5559968987547247,0.5792983767511979,0.5309265076055915,0.5857479282390577,0.6323050941433684,0.5418259461077379,0.5295877832735231,0.5433747332304145,0.5996056706815682,0.553813197904815,0.47644227968095665,0.5058591184982649,0.5655375195654216,0.5644932685348545,0.5655566022276902,0.5400183036195643,0.48886802346,0.6238936501891745,0.564964198811327,0.5877789585231552,0.5816217150939181,0.5252059903740026,0.5455951950546823,0.5993236728151486,0.5852292854954151,0.49646529908530423,0.5091220080581415,0.4913805364642406,0.5159813142621482,0.49901237462865206,0.5195059202254172,0.5131444501955333,0.5119729977704189,0.5658574536330967,0.5528286434421118,0.5438186412119901,0.4840952730411716,0.5921918292212331,0.609588436094474,0.49139854128223526,0.4751532171983949,0.47582869925057714,0.5391729404950457,0.45919043479895305,0.5441746990309453,0.5703563563673784,0.5791610465243566,0.5726049367839368,0.5373706978872693,0.6534868212131004,0.49723114339186264,0.4992341828899285,0.5558977589269918,0.5345322860037454,0.5190565662123032,0.5568466320978762,0.6033494722210818,0.5232552500137417,0.5584897698583409,0.5831885886318385,0.5007219902521727,0.5636142922794349,0.47858530896422863,0.5741975358706297,0.556040625383505,0.4797471365161399,0.46635467814328146,0.5474378428406308,0.5515067785950934,0.5422173376431383,0.5567016477053199,0.6225890402542219,0.5865106409886421,0.5999396251734801,0.5190598004280303,0.5021408867670565,0.5545534028977438,0.49551547341942204,0.5454588392983957,0.593411327545231,0.5650592498864687,0.5273359015031888,0.5359612187151764,0.5043847292523868,0.5027463775328143,0.49467924934523033,0.5534264082739577,0.5863525673989477,0.524064128135161,0.6078979728218074,0.5022421078794502,0.5143287111760112,0.6516420322776596,0.5593083950207572,0.5786077733544862,0.5273325806644976,0.48735951444429704,0.5239915382851146,0.5799431220782645,0.5055044226401254,0.551962040498254,0.5875682555114857,0.5815531101125729,0.5868286836107574,0.511691030268889,0.5559656376965421,0.6158262420639763,0.5271398676463592,0.5519613902372197,0.46831607322338176,0.5622135789367575,0.5587472911315898,0.658398748861822,0.48413905200730983,0.5410980358884209,0.5655854077557535,0.5573253542691756,0.5354610545023163,0.6136586634973777,0.5856441863536751,0.5489076500683916,0.5606593633740887,0.5302343538358913,0.4985010771649545,0.5257951176255358,0.5691794951846796,0.5026819249119024,0.5359632073810514
0.49070888410539354,0.5471249788665643,0.0,0.4455014763427581,0.4989767950882067,0.57876766081681,0.4683529564183333,0.4927449818092208,0.4427362189528675,0.5307366766034194,0.5526829261168862,0.5118630685027848,0.561050356654821,0.4564512758454959,0.516129561013467,0.6294659574539901,0.5911003195614868,0.4746933069515725,0.4653599811977024,0.4745885363888959,0.6084424622842172,0.6743804235144607,0.43792279222155267,0.5386554886670483,0.5071464734616234,0.49775803389956796,0.42193151482830255,0.4456659334124977,0.5386700740016492,0.4866654303081849,0.4668125967550307,0.5315408670829582,0.4755173493458123,0.43432774286496373,0.4558125407275318,0.5230949761081425,0.5321869794685703,0.5033383736895921,0.49913225897752883,0.5177468646280463,0.5238245111655602,0.5176428308901841,0.5351995192522745,0.527678213945569,0.5035222194579678,0.4787733150544505,0.512450290471883,0.5809225090384941,0.48070164227404116,0.5253140696514408,0.5342875550747347,0.5290440491358179,0.40803220802312584,0.5589639301857434,0.5263856297686814,0.4924144682167835,0.49505115901863617,0.5642514922894767,0.4500860801637551,0.4907262477213559,0.4945572365110491,0.4755662517858223,0.5166188197358857,0.4444051414217091,0.4379829573135914,0.43853523378676124,0.4508966029828004,0.5513143308026326,0.49282012607782144,0.49061520281467336,0.5357366027919854,0.43731509679659314,0.43331548675056536,0.5700251218757066,0.5170341202783677,0.39647401567027607,0.5022502642732785,0.5286539439853131,0.4571667891263783,0.45152787222746377,0.5034030621564614,0.47507661944914203,0.5637322382469419,0.4874256242684645,0.4671976890830636,0.5199211754503607,0.4532054825221172,0.433009620348541,0.43755485339757355,0.45394165026374306,0.5296146550136887,0.44031307647574225,0.5586050630800649,0.4275524570862744,0.46950697314658824,0.5191602233931274,0.4351618072750141,0.46016986920738057,0.42109125852723855,0.45858138900261775,0.44432896582906073,0.47904095644407757,0.41206169372057133,0.4481507242504677,0.46011196433385954,0.5571402974301863,0.5229843080319467,0.5073709501514323,0.5162093533251454,0.5774641841688666,0.4880917529980089,0.4572492344000154,0.48410795610323326,0.43072279370199984,0.45966061272052516,0.5367179882306773,0.4327916716658283,0.5046336370405472,0.5515769772915357,0.4300026497003894,0.5163124388499535,0.4436509925583777,0.4778236400093403,0.5309950635842449,0.4212839090397717,0.5446451907984419,0.4664709026921097,0.5610289792014835,0.5545925605278003,0.4912966836331279,0.47419566147361913,0.5960191368691355,0.41793178069147685,0.4388128587541601,0.5067881619539412,0.4551283475814968,0.4982463654273563,0.4970139996453533,0.48884469178015827,0.4858948826262725,0.4092938947393826,0.5405673916050435,0.4745302174776425,0.4712520801549836,0.5191284166904341,0.43930838213349305,0.5680875211092936,0.5028137546837973,0.5390568583612679,0.46729807124789857,0.43673032302443354,0.4312438775974832,0.5007792897051031,0.5821552663078402,0.5209555822836577,0.48840911141152277,0.47392594951656053,0.5685583742118854,0.40942378987474437,0.46079291348396917,0.44478759641753185,0.43353456429947945,0.42484481033758975,0.4957515007031506
0.4986007800027557,0.526358140161928,0.4455014763427581,0.0,0.4064547564648383,0.49755349651576597,0.5562774620989753,0.5141291635392266,0.47150988984207626,0.48701106201562105,0.5253878581482445,0.5240263240072136,0.4839752046096451,0.4895101211569067,0.5314597470671985,0.45350488557223645,0.4913958621088403,0.4693726972509927,0.5158676135189495,0.4537427042062376,0.5121624859618116,0.4983106584575479,0.529339437325041,0.4893751053488207,0.5536427876065567,0.4934651326021659,0.4899714381304742,0.5179955032925111,0.47379642984995046,0.41935060262171536,0.5299997705952852,0.467739413474752,0.6205881455192537,0.5452243671314552,0.559140217066759,0.5736416765957211,0.5180151961621415,0.4980127371327483,0.4880921807365926,0.5342301665949262,0.5466764142498254,0.4967579315854699,0.4583460257820657,0.5500829017934383,0.5352371715563704,0.44716093688421604,0.3956555916412163,0.4743477096237571,0.5264873791551454,0.46792705191803774,0.5306431535172287,0.5048078588652147,0.3931374952082887,0.6085569253786919,0.5576160823174442,0.49105800035968744,0.4781810796162959,0.5205236191076412,0.46831169698404695,0.4866728774486642,0.513614388804355,0.4307886011367151,0.45463417828058944,0.4460441215131131,0.4254567869202013,0.4179454853772007,0.5235478600190885,0.44326018432193803,0.44983637744346794,0.531875867110377,0.4755178355936052,0.46522447752822615,0.505026665909574,0.5349507321323997,0.47651243078565336,0.4085290949260321,0.47130046361520656,0.45878712777348113,0.4697633816567737,0.4078563220950767,0.432221852174691,0.5502645523350018,0.4538229389245586,0.47586995986909036,0.5206595152306482,0.5153054237480863,0.5097384306003608,0.46647179097390656,0.4635636803917096,0.4834975612068855,0.5418896134599411,0.5729416527871637,0.49541975207508204,0.43069691153417,0.5324834435125372,0.5411258936199436,0.42065238865370097,0.558890524876509,0.47070680285360283,0.5362371193053362,0.5000014460100155,0.458992627166059,0.566986659512982,0.5245691483620721,0.5001359579742685,0.4485806365342751,0.46120596042530027,0.534054062388808,0.46614000723931914,0.4861953260798994,0.5747316255622443,0.5133565960405521,0.5510001920312786,0.4761491484644014,0.47515921079313483,0.5119525638824505,0.45815416726361224,0.4399863448141914,0.5580616975726027,0.5354417772084602,0.44656809902093103,0.5447484675571418,0.5032037474174648,0.4992439222222408,0.46987983697340574,0.507837333493426,0.4800317279267133,0.468669790777697,0.563584535622407,0.4562194408775354,0.45281998775772797,0.4410601729981422,0.46409741382400055,0.546349634642496,0.4924456073172401,0.39463364124094846,0.41272143185622534,0.5487361565463632,0.5126616171841321,0.4948278499461354,0.49458107044150657,0.47198028127589153,0.5503497181064008,0.5097212518069447,0.5093648640571613,0.5023836075146773,0.48385466720013215,0.42587113757524714,0.48284457993253205,0.4236176989092135,0.5634485593552908,0.45450881214689964,0.4878073923467236,0.43506512511827805,0.5877152374261545,0.5059556825163816,0.4673712192898955,0.5127853247172173,0.6215153505634574,0.49677873484684376,0.42079899463650733,0.5041568001831566,0.45974643828637607,0.527601506572839
0.42483365910800874,0.41952099645175556,0.4989767950882067,0.4064547564648383,0.0,0.44827456408288363,0.48051037258522333,0.38335160941542806,0.39118335866375226,0.3989644181329414,0.5157972738242896,0.4736058441291447,0.43457028505170076,0.38760514695361015,0.4408112176651102,0.5230669770694256,0.4837691027072477,0.3977738958338308,0.3984960156495547,0.3884371189533305,0.5153630899906693,0.4987851867797712,0.42615194167192394,0.510845063776574,0.42504611413832266,0.5227824567146677,0.3826328530701056,0.3815609900183885,0.43568118053313115,0.4966362791587069,0.40117220070241894,0.4295931882240793,0.40709241932367396,0.4048383407373452,0.40432664634032817,0.4347385590955614,0.47855870397410794,0.42757315124772094,0.4576920299760609,0.46284588292466633,0.4411222111201941,0.485741800232165,0.4527850647695058,0.5202122321146422,0.40413726824890955,0.39569405994599643,0.4643024145141786,0.542906249517341,0.4492838805369055,0.43317605305845625,0.4725177558259185,0.4703126215180555,0.34141481515478705,0.45132669821194304,0.44971719482954137,0.4332814834246898,0.4278787288025157,0.523781307155477,0.3746331228441169,0.4073268462440353,0.37852568245006246,0.40198262982929717,0.42326583990558125,0.38848306135626515,0.37395577812716047,0.36122681634223003,0.3973743136866422,0.4804231621393496,0.3952064943921074,0.40396164264478807,0.45878140157917324,0.38292285502953566,0.38833223887133106,0.4640578000455679,0.3954035193818976,0.34548805729988846,0.47100462772160945,0.6324209783486016,0.3849310773163959,0.4657767833370999,0.41054526571582467,0.41904559281286535,0.5025350673887652,0.3831918689354652,0.42441080979446233,0.42255847506340893,0.3949355007322615,0.37839375116685176,0.36325249602108206,0.4128624903315281,0.5452416843345465,0.39847536539893863,0.4789282097896415,0.3696902446894723,0.419717219246001,0.4467657214368031,0.34509144578097584,0.3988237139204461,0.40336927995334126,0.38309590613553957,0.3966115781752114,0.3999941249831107,0.3886380287279966,0.37775154397937366,0.38562897489861414,0.4606515400163176,0.40743176148118604,0.4301382466132075,0.426741686810567,0.4960141352888656,0.48117167720568066,0.4396673391818847,0.41066884573958945,0.38798827934463165,0.388668640122242,0.47718232371333,0.36621096807008713,0.43928172878458327,0.46442025963161165,0.3956456815544536,0.5472740607352108,0.3922400992156112,0.43328583732548437,0.48726201860842777,0.38835594159813974,0.4382488089168766,0.4073714604249277,0.4990278109587848,0.4279136184147784,0.4052198451998007,0.3950301435356163,0.477047740665727,0.37601380962686715,0.416602409722474,0.4132042452176182,0.3911365641259103,0.43079258208555116,0.45672825281332524,0.4013921104871555,0.4280570843909899,0.3429738537889871,0.46422711473515155,0.41315896444131134,0.4066703379173898,0.48033558410543886,0.4222939492069738,0.5184339121698041,0.40718183590453333,0.412800275716828,0.41126843810957786,0.3970568822353175,0.36561197840737253,0.43645203965772866,0.47062293487962076,0.45296815403624824,0.4124961971172666,0.422005202608345,0.5225157782031381,0.3781620269904637,0.44624533907924707,0.3587886055480272,0.39284667779817584,0.38683511411312527,0.5195486940202882
0.567629651271144,0.5935677858868018,0.57876766081681,0.49755349651576597,0.44827456408288363,0.0,0.4843665897012503,0.5429411430994393,0.48953367982961504,0.5397323797712796,0.529250849710063,0.5463218301998708,0.5692554010170395,0.45778741249307475,0.558748003340728,0.5659477428599087,0.5875512341935967,0.5090449792563817,0.5773771580920128,0.5042428092234339,0.6203593071119601,0.5753139811725032,0.4496067257627334,0.5210228095187336,0.5747323788996767,0.4704957081399289,0.4124587325436008,0.4917875387668442,0.5144691801477996,0.5127085686066949,0.540694578118178,0.5715758127532515,0.5474517511599672,0.47122234349692516,0.5008570991685383,0.5221440711176584,0.5537814031015967,0.5198007294101357,0.500109998379179,0.49959325250958714,0.5739890419135961,0.5290988243367207,0.5614679265464002,0.5868604147994827,0.5132805990109994,0.5179869885672302,0.5087256546182242,0.5508314452690385,0.49529504323605833,0.5275764437264399,0.588352344225746,0.6255090605126163,0.4541368852998008,0.5999779883879562,0.5323793864175582,0.5493749810446114,0.5498328034664545,0.599199219969378,0.456623812454338,0.5122524802263595,0.5470190605392828,0.5034329705750967,0.6058103649494738,0.42086030804268515,0.4824155771331291,0.4866657123356212,0.4540784485600551,0.5490900278576222,0.469666779537314,0.54998950841065,0.5690217533090682,0.45748146536167084,0.45321460556748233,0.5687981576731389,0.5785206589958412,0.46074976346974217,0.4740452901675498,0.4873964241966667,0.5194271024042546,0.5053252914660763,0.6018009921340949,0.5343851704947736,0.6017540534485104,0.5426610783362191,0.509173257379639,0.5615191328648091,0.5017553212684475,0.4598440765496643,0.5046924145643005,0.4726206580711394,0.5395822489002385,0.5023882212120313,0.5736292857209301,0.49358920601053874,0.493681873670038,0.5757589016929814,0.4766839482313665,0.5221927419544496,0.43480908120381767,0.5060561963738703,0.4675060157315927,0.4832743125385772,0.45226359450390347,0.5134449535140506,0.5155412418164932,0.5536168203613624,0.5465720909588199,0.5384465747045315,0.5266868030550972,0.568248537471964,0.5262312234599162,0.46693645439990955,0.547506030281816,0.44493020395723587,0.5256625316093465,0.5729462492352073,0.5284045732668938,0.48326760286687154,0.5733362174220128,0.46124234603687936,0.4822145504775317,0.49913526040653966,0.5184056984919827,0.6135098659840098,0.46363428613038726,0.6015974044834473,0.47668554832142646,0.5084321707691755,0.5776998316680535,0.48430217056153324,0.5172729469374485,0.5827022405455495,0.44582662078071505,0.48312423311292235,0.5058054889971348,0.48078300413720304,0.5403290777924965,0.49966570848672637,0.459770222393367,0.5328135125497642,0.48344752581259204,0.5238962396678428,0.520260454634988,0.47606545979544085,0.5143426240296224,0.4515882963405475,0.5780880935107954,0.5466034121963167,0.5586758743583344,0.44811556627438476,0.5047625474477258,0.5191374236195477,0.48541147469160467,0.4773168294545074,0.6044197243834348,0.5220993080575034,0.49082333962119173,0.6258456848897263,0.45665962510141445,0.504520608749383,0.483595696404771,0.5165708111359478,0.451786070843494,0.5229548962801375
0.5128823590390585,0.5193754348950733,0.4683529564183333,0.5562774620989753,0.48051037258522333,0.4843665897012503,0.0,0.4524275883731416,0.4490342770808177,0.5085421266397739,0.5458648706258554,0.5423141299411833,0.5115145487020555,0.4872161724047995,0.5475271576951118,0.5003661329361934,0.5207822886489459,0.4748791194088228,0.4827526802530255,0.45340359401319513,0.5350524093829407,0.5170057470699817,0.6174978713846497,0.5647241234151913,0.5626662021027312,0.5352413422227399,0.48447626274913425,0.4885570336965507,0.5004856976361635,0.47207662134942874,0.5099074388026541,0.5181242393127574,0.514776136359475,0.5748143928928805,0.5303900906887631,0.5367374908341856,0.5793689618176235,0.4727533272778109,0.49585996892341366,0.6031844976944762,0.49992073930466474,0.5296450338369666,0.4902350006658468,0.5856892044036938,0.5238015990339898,0.46437930991481624,0.45721189676882595,0.5277710710583178,0.6491075468839973,0.4825073641971021,0.5711227912141958,0.49539096519012793,0.38501808397413195,0.5562297123375339,0.5803934901092704,0.5142003007007512,0.4875564915465287,0.5120762751084533,0.4905483623871437,0.49945832108352833,0.4566175618679681,0.441674442136677,0.4358119583983745,0.4531454508297028,0.4291243519050114,0.41461689813045777,0.5220884449074548,0.5026220117134892,0.4512017341747108,0.4742367043115683,0.49409595551659496,0.47267425524067064,0.47540939902131946,0.5661342471099654,0.43923805501224683,0.424796506724618,0.5363720138741598,0.570788879455504,0.438286316777773,0.4515654916899753,0.4300879839702049,0.5070411653511907,0.5053955560835658,0.430882012069366,0.5043525982726711,0.4799845618784414,0.4642886313970251,0.48535541195243015,0.45845392173438015,0.48199432564245676,0.5805282832196804,0.5474018774132494,0.5478751822977769,0.4362228337054371,0.5132645792161993,0.5385835074268811,0.385531551200561,0.5109209691644137,0.4742940534599658,0.5243914020715486,0.5044019556190791,0.4591347380473667,0.5172421877643026,0.4690430328435793,0.4612188979369494,0.48247399677156805,0.4635198270565737,0.5221845325440567,0.5077047667991651,0.5643981958571067,0.6404265491404655,0.5087561513887613,0.5228037639292391,0.44799205779182505,0.4533383222323772,0.5227086496251504,0.4486607776567019,0.5152740275828032,0.540884166724131,0.4803025737526026,0.5015911180694651,0.45821324845472766,0.5092499539907543,0.5583801805650461,0.4557821323720875,0.5179630476606479,0.4828548096512768,0.5226529663630832,0.5289719481830522,0.46903390591992455,0.445136618899898,0.4457546492274767,0.4418795751941956,0.4761544365729152,0.47457996488738136,0.4124341496384026,0.45199054200309646,0.5895456154842512,0.5022618996858134,0.49807128863121125,0.42723553500445827,0.5120295723099461,0.5459349448258621,0.4729027496127252,0.5416144253513026,0.5569159888951936,0.4954645631173918,0.4452879964319275,0.4904233466488756,0.4144941454437526,0.5047275749072169,0.43555234340906773,0.48621662597656395,0.5177731928516394,0.5479405785989098,0.4983418718778484,0.5034077047675566,0.5606302646061291,0.5314812144562132,0.5664083585331605,0.4183740392026469,0.4843896608425548,0.445150580676887,0.5455205746591802
0.5647936624092872,0.5785164783922015,0.4927449818092208,0.5141291635392266,0.38335160941542806,0.5429411430994393,0.4524275883731416,0.0,0.5891347467994521,0.5456249218148743,0.505700774462886,0.5050151719753891,0.5800759187568865,0.5187839739061907,0.557450037435541,0.5161308589902788,0.5258294782459977,0.5459174299819862,0.5424771010067226,0.5759470086111921,0.5300112848232784,0.543654928453956,0.48066937359057166,0.4720024955792695,0.5980921835157867,0.46004887799714134,0.5056684914123708,0.5422121699469502,0.4681468667579705,0.4677442554118279,0.6449881673372696,0.5441941693814922,0.523913431044196,0.5069241696794468,0.5487028093054251,0.5748745276045162,0.5658933270512126,0.6061084062875831,0.5254535996814343,0.5008102453184619,0.5306788753314396,0.49836663065161046,0.5432677206793456,0.486092722750807,0.6599997528731334,0.5384275475623089,0.42346193932293985,0.47546153436340666,0.509695460214927,0.5421832823397589,0.5353926095854644,0.4866502698524413,0.4422663244997752,0.548174506252695,0.5400515981323626,0.5365998487693124,0.5509351609722765,0.5329023645386352,0.49433799918109084,0.5665979755354669,0.6831654148352936,0.5105612816034181,0.5100390046281578,0.47460702168151964,0.4870328672939444,0.5050405548469273,0.5394148750336751,0.4952246372033451,0.5285665440034792,0.7442515252007027,0.5498298179239094,0.520261327698343,0.4947739753643904,0.5674266904100848,0.6170308581287358,0.46603113365920207,0.4878407327550647,0.4318391341607958,0.5872931912044699,0.4205990979337824,0.4887707238523324,0.5875549072538695,0.5114594647406258,0.6169229139924792,0.5422827237733439,0.6501578417332136,0.6280386345147302,0.5203496369006231,0.5748814107744405,0.5502483463533315,0.5012696740710422,0.5319758268099333,0.5233068473889833,0.4872277727299427,0.5324878031627673,0.5398278810310582,0.5442361636848458,0.5350869284148901,0.46784381730558283,0.5600162125274473,0.5449363493016233,0.5851499091065248,0.48535886751732377,0.5096878102270117,0.5925182249153146,0.5321698761757508,0.5632017759278853,0.5633559283416177,0.5077502197115724,0.4979967977398432,0.47696556769449683,0.5110987984448945,0.5593378937240813,0.542384567655386,0.5332069076282577,0.5282794189906378,0.5077854107446563,0.49308758679034737,0.47173632181365743,0.5198289757295719,0.4637894178516375,0.6153568650885262,0.5091639123500247,0.5197866682116082,0.49682519252416707,0.541253356558869,0.5012294092105603,0.5327449645602381,0.5613281361325175,0.5378449799446805,0.5675254364645546,0.5259028014687079,0.558124027436235,0.524685950253801,0.5778604601495053,0.45201006617998807,0.4941158137223089,0.5209101288774821,0.5644919454245253,0.6140340185033086,0.4957422708710784,0.5264583718342593,0.5606778984835483,0.5388084276646649,0.5297135352816358,0.4690048013751301,0.5348621240905911,0.5030642452485583,0.5833216552205923,0.46899350259348627,0.5998441334072885,0.49639077258822234,0.5268863138309589,0.4715215760259187,0.5777813249405176,0.6562494386777322,0.5069338385060037,0.514549541474042,0.4815898499959708,0.48643194896373815,0.46969073777249337,0.5278376910807905,0.510742328777274,0.5017251313554255
0.5941886651363912,0.5463719236193822,0.4427362189528675,0.47150988984207626,0.39118335866375226,0.48953367982961504,0.4490342770808177,0.5891347467994521,0.0,0.49368371321955873,0.47713340840496526,0.4670830064921772,0.5191316219622153,0.5517544207501408,0.5064949551391948,0.47921233395434676,0.509399831881891,0.557206989031755,0.5035698509086526,0.5977619638636195,0.5053769868243496,0.5175969771633869,0.491320467459647,0.4496912565671131,0.5675811502860025,0.4383278882470352,0.5090746558372965,0.5229087931077893,0.43314348852926543,0.4904054683359349,0.6063376884782965,0.507052383393071,0.46045579756098426,0.4867997407072874,0.6018433789725769,0.5395408623717133,0.529346740307894,0.6281095156104065,0.48278346879245154,0.48220914772006823,0.49037154490538926,0.5633697682143624,0.4935400425566906,0.4671601914373918,0.555839821474516,0.4951550727116415,0.42308058444336105,0.4390435894732657,0.512205154100944,0.5359858813520112,0.5007294552313242,0.4670226394002111,0.4433699952238277,0.47948080086510936,0.4740180965809234,0.6065846550014368,0.5492537465454518,0.49856801400752804,0.4973683156354537,0.5425386188321704,0.5261688186754053,0.5047600149265197,0.4639840963928671,0.5144327872173281,0.5021727568478264,0.47689636507137895,0.5302236296186897,0.47794473109530217,0.5186958079430465,0.6190872741863299,0.5388826573447315,0.5574290154283073,0.538841279207152,0.515317697945096,0.569919004922255,0.4651236470445591,0.4496019578744999,0.4248955848372473,0.5229311859829352,0.42609614684494,0.47138410085137444,0.6265549254775605,0.5028643265178535,0.5439565581081458,0.5803509015720532,0.639269742384896,0.576850709682824,0.5247829971460574,0.5355438102379483,0.5888196805066798,0.5164648363599058,0.5650526142404158,0.4959959402448871,0.4803571618409594,0.5888215818582422,0.49846146966507954,0.4974345342615541,0.5401210537241214,0.5529844270343348,0.5225938904253048,0.5511698077505982,0.4854666967495974,0.48469122300843065,0.4682305071746476,0.5946768176142295,0.49625658976994413,0.49482862800042027,0.5781048394102591,0.4752424775627598,0.4811287079564864,0.4575271407843016,0.5603294438821603,0.5516222077285818,0.5959557540951461,0.49745620409846536,0.5271055736337179,0.5098785866145323,0.473331307270845,0.4405280006847692,0.5929336568310991,0.4926771298320151,0.5501788715179708,0.557671676293834,0.493278716960984,0.6117231465104248,0.4585895692425912,0.5260811711392036,0.4751983761187298,0.4990644198138054,0.5166309345763417,0.6798780013296585,0.5084096304739705,0.5597425488061081,0.6042310162940985,0.5359691246187128,0.46084313739245497,0.4804786060834787,0.5128983281421855,0.5192565511815117,0.5936704397631537,0.44572116141668067,0.5503850520530816,0.6010140038078207,0.5702771056492656,0.5281012126518403,0.48737675838891253,0.5433463179817652,0.46020053781489545,0.5511878397483014,0.5030293307533159,0.59285615097048,0.4916163849873463,0.5373368807659323,0.4529009225364647,0.532081101761831,0.6142757315088622,0.483395335818096,0.4777974055091067,0.4779216119400877,0.4843805389406657,0.4467863012613031,0.6031369371912909,0.5718148613876424,0.5448557963335711
0.5324928702227892,0.6540493761144466,0.5307366766034194,0.48701106201562105,0.3989644181329414,0.5397323797712796,0.5085421266397739,0.5456249218148743,0.49368371321955873,0.0,0.5072499891884068,0.5148030072395693,0.5693077691895936,0.5399226230745372,0.5394269673287867,0.522540982897215,0.5449968126713134,0.5333580282436275,0.5210374231340593,0.5301812083434095,0.5198331627082694,0.5511659917171161,0.5217416842243427,0.48420748556614635,0.6620416042270582,0.4412294981384072,0.4970174343350522,0.5300166312497642,0.6233508522427854,0.467372780005329,0.5644158063108898,0.5843998279333817,0.5081721280740191,0.504252632537848,0.5485588819345281,0.5697798337924448,0.5462515144224251,0.538152140220066,0.48335250048559947,0.5287227659493732,0.5236661866768674,0.5090941884228263,0.5141320838528599,0.5025984946923161,0.5776600352636769,0.5044580915240905,0.4612212117235516,0.4926634666423647,0.5650617828209259,0.5129052731430606,0.5179058030167881,0.47089611927953007,0.4379876847804238,0.5428682928111558,0.5776888938299058,0.5454453705230214,0.5042811200020917,0.4998007193241669,0.5459778297917324,0.5368353692988796,0.5356609628095369,0.4799864347465888,0.46356531600681333,0.49964480155381585,0.46158095659450693,0.46001611289554906,0.49953916657973957,0.49673601975602816,0.5394175395337925,0.5475338151244189,0.49451911020285355,0.5229502093912354,0.4702476085065077,0.548003358584812,0.5437967170485472,0.47743938367932476,0.46903622725510347,0.4673090886205123,0.48717462848678084,0.43022439184451206,0.4956670448626449,0.49518123059561586,0.5209293361063474,0.5346549567272364,0.5003110449707794,0.5492838484500357,0.49183122964741216,0.5095905934319361,0.5452169847374401,0.4814516055001691,0.4905304088070625,0.5314792037117092,0.5684812274338689,0.46363015344337066,0.5098011271296784,0.5832164136316013,0.4504614475617688,0.5471739549361235,0.46622744784440534,0.5419624283577683,0.5372765511614914,0.48697003784501686,0.47016291632663876,0.5645947670508951,0.5146401773499036,0.5024849718237969,0.5213881785364822,0.6011889458121402,0.5373042910569893,0.543337559740557,0.4917540816156362,0.47569260765089666,0.5289416018560473,0.4914515776613209,0.4909590468336256,0.5046929862340295,0.5263370618874165,0.5657636876476501,0.5254615282428199,0.49418987675257653,0.4546536101562943,0.4805619375249687,0.5047445917797491,0.5204069224753238,0.47985595242736495,0.5957374267780674,0.4805590901791411,0.4938871317193425,0.6484102097876141,0.5291043473629461,0.5542573839943427,0.4815822000493981,0.46714310890540506,0.4594552019665336,0.5197919089864964,0.45605063820440955,0.5071798328370827,0.5323828097951574,0.5713156905760837,0.539631003403899,0.4935879897901835,0.5606360965937923,0.5417212063123052,0.5081161940399833,0.5324799110746596,0.4794491063222447,0.48450778757638474,0.5217036697031084,0.7099090195009427,0.4768158204131818,0.4923088322204169,0.5284844397511567,0.49316244878170995,0.533619753120536,0.569572006063498,0.5362780760995012,0.49128865721756454,0.5185554425001947,0.4941905344527447,0.49255026666562507,0.5130647121967643,0.5231259738794182,0.48276249081607514,0.46959387737822167
0.51450876324212,0.5318059107070743,0.5526829261168862,0.5253878581482445,0.5157972738242896,0.529250849710063,0.5458648706258554,0.505700774462886,0.47713340840496526,0.5072499891884068,0.0,0.6107886994195431,0.5459492044233901,0.4780431677449818,0.5212285385769829,0.6364359213327303,0.5933932134049932,0.47549833901267674,0.5169252522028587,0.48827234873859254,0.6012499650610996,0.6293931810855922,0.5417904441409696,0.574683574446053,0.5712433940477518,0.5399522166691664,0.5057140095002303,0.5202876856740899,0.5477535418959707,0.5360270138202511,0.5126110798486965,0.5310640415758181,0.4859527445314704,0.524728268468336,0.5147702056769992,0.5566161635591568,0.6166099551573809,0.5428834239014151,0.5984095350114111,0.5535485610886703,0.5088391925143124,0.5642022033876791,0.5134155800958055,0.5823899623672032,0.5285104343244988,0.4525787842062934,0.424973613958236,0.6314903351612332,0.580873407221506,0.5018226418849685,0.5520728069320663,0.4920448734388711,0.3813806991362402,0.5860072958016941,0.6348217949953504,0.49178814892011274,0.51660413708153,0.6582977207699868,0.4521266712778102,0.4996023867320914,0.5115819397389295,0.44032606120034246,0.4664066935050334,0.46550478723855926,0.41895101399894596,0.41508181725416216,0.5050200490112182,0.49245782161850155,0.4787935166767836,0.5461004467552171,0.5053730557485915,0.4606890031653417,0.47849790324267905,0.5862374022902056,0.5038296929623054,0.3980943795646927,0.5881202882671832,0.5781975830793887,0.4539501942936887,0.46863247598563346,0.4447855905872629,0.5028376927027484,0.5332778661611287,0.47729849553880543,0.5160311434143694,0.5223440590093666,0.5263722172887833,0.45178683327676283,0.44368096500382265,0.49545546637308613,0.6030458732180425,0.47512956541601936,0.5842239941128027,0.4338014500076193,0.5087653461153725,0.5416884361312178,0.41115670030760687,0.4782907252294071,0.461451627872569,0.46822272314426594,0.5141257995112587,0.5147132599044507,0.45756552532483563,0.45306440244118484,0.4712014512731629,0.4983984870366142,0.4870123288390696,0.5600466927891957,0.47255927400732034,0.5896620296229726,0.6025889833219414,0.5228292151281602,0.511249251222098,0.5062267368015858,0.4509471254561028,0.5524335255990209,0.43252855946454927,0.5643613468854142,0.5461271200196045,0.4827011932953483,0.5550492476356741,0.483098946519496,0.5199661792435446,0.5482902515835811,0.4654036530181771,0.5494295088671244,0.46538845456661804,0.5863151294510109,0.5570202506697995,0.46780969721353516,0.4757972025145944,0.5334642565471225,0.4967957332429722,0.519153350557396,0.5510662164333879,0.41755712817889984,0.47392183176855385,0.5369627420899242,0.5346201408376213,0.5391048735016167,0.4118951751741874,0.5729818056131065,0.5087064705735278,0.5069373786840297,0.6022994149641886,0.4734758148324723,0.5551276611416872,0.4524325387989562,0.5225368193898571,0.4951812280707285,0.5235870511618228,0.43176910552887526,0.5858414403393792,0.491130429229017,0.5706587173954212,0.5311519918811597,0.5615219898830592,0.5768589140072927,0.47544819917678177,0.5395104427234965,0.40004443887672664,0.47772399175504116,0.45281053730255666,0.6358205557817088
0.47719655909001507,0.5411723428647022,0.5118630685027848,0.5240263240072136,0.4736058441291447,0.5463218301998708,0.5423141299411833,0.5050151719753891,0.4670830064921772,0.5148030072395693,0.6107886994195431,0.0,0.48071431850329777,0.42565146789497993,0.5153894703904272,0.5389826890670419,0.51670707845805,0.43329596959235844,0.5604683924837972,0.4599271683825466,0.5800517057289483,0.5510027629279831,0.5226483191131034,0.559365654343504,0.5944190254488856,0.4860874744538439,0.45228186296073014,0.4783893025928535,0.5260039790587978,0.5132845995609353,0.5448889138497275,0.49860974413356707,0.49391851741376386,0.5498173119195762,0.48990673034308246,0.5359354557376259,0.5551400167660855,0.4888932840079314,0.6136923516315644,0.4917225485905615,0.5106642610002252,0.5439936195294907,0.48209252286858606,0.5856359930430769,0.5104086358783585,0.43522605765090694,0.41786416349918704,0.5684622750736461,0.5339392453868882,0.45920964583521723,0.5150789044392008,0.4819840043540751,0.36789695055386656,0.5843936240662722,0.5892784287977378,0.5050550084081264,0.480024784182477,0.6475018772742479,0.42228001108418484,0.46397218429659215,0.4818875021127939,0.41349955795686233,0.43956123252847146,0.43049437139948776,0.40280745873307977,0.39684296265079266,0.46675745731878515,0.4565175912403749,0.42071628645765285,0.5110439380587601,0.47098372965804436,0.42703513931497306,0.43745418864724583,0.5193821875958388,0.4678732643376013,0.390806507366575,0.5053731670366377,0.5378835209446646,0.44483618196014224,0.44622064385414256,0.4371706913991203,0.49770305014684396,0.5271287873209537,0.44498780735542454,0.4886800077430206,0.5075159812679553,0.5041014729131926,0.4224589250303342,0.4351729727864765,0.507106016602151,0.5274657633717519,0.5061553919253375,0.5276700798678491,0.4164015039230842,0.46623552667819895,0.5950591743422156,0.4054027704295054,0.5207413999321011,0.43735310473531136,0.45303613390824254,0.4800513307286829,0.48708984904679736,0.4640106651937464,0.5083752977732693,0.4452881213767733,0.4683460050876793,0.46557273940253135,0.5533308472182296,0.4494682167024395,0.5972217240000401,0.6339640835061174,0.48676305778116563,0.4767668996980289,0.4692907346369997,0.4256517387019318,0.5061984521891592,0.4347739984753962,0.5218344922295501,0.53205075525169,0.4570151726173788,0.4804461794783857,0.4730877130387023,0.49571286305506146,0.5368257278538618,0.4425126821655728,0.5693048879867454,0.43532555082584057,0.556756153160524,0.5623370549074771,0.4290844563584243,0.471041328088322,0.48779805937436826,0.4447037867483794,0.5045730504120655,0.5342909443783009,0.3953003760763832,0.4726416538006672,0.49455234924314573,0.4882755587395085,0.5365040592985808,0.41169011745744627,0.5111035743869579,0.49591257958936263,0.4828073684852314,0.5625748667085092,0.4670106030972162,0.5648614727999428,0.4427661342203183,0.5330999256317659,0.46447812405488037,0.5184701708718258,0.43164435575574095,0.5157668886815217,0.4709005054698416,0.6456862069678616,0.5085830556530824,0.4921507701245719,0.5903629240559223,0.4545276836173592,0.47961990122560944,0.3888243044608243,0.4698953160139439,0.4519381778549253,0.5540860687896775
