0,1,2,3,4,5,6,7,8,9,10,11,12,13,14,15,16,17,18,19,20,21,22,23,24,25,26,27,28,29,30,31,32,33,34,35,36,37,38,39,40,41,42,43,44,45,46,47,48,49,50,51,52,53,54,55,56,57,58,59,60,61,62,63,64,65,66,67,68,69,70,71,72,73,74,75,76,77,78,79,80,81,82,83,84,85,86,87,88,89,90,91,92,93,94,95,96,97,98,99,100,101,102,103,104,105,106,107,108,109,110,111,112,113,114,115,116,117,118,119,120,121,122,123,124,125,126,127,128,129,130,131,132,133,134,135,136,137,138,139,140,141,142,143,144,145,146,147,148,149,150,151,152,153,154,155,156,157,158,159,160,161,162,163
0.0,0.7821143876426411,0.6749546252827884,0.782454862299332,0.8679731626829075,0.7403910770435779,0.8295037159790285,0.7729865223808601,0.945647867685116,0.6380371582045589,0.8201084297111669,0.7770744394900633,0.7944307987280039,0.7798483116660424,0.8880717799885594,0.7517170388307984,0.7724872181324804,0.90055325407798,0.8079235244074323,0.8900684996545956,0.8259453142685357,0.7932965768057726,0.8000287136975482,0.8142660225038322,0.7681788468634163,0.8230178850766969,0.7646456889703481,0.7762443546714167,0.7008124760419636,0.8704183600760432,0.9185129929357208,0.7650801064888106,0.8545310114525356,0.7883267700691908,0.9166655950783353,0.8219738579974936,0.8925595513435292,0.8780243470716625,0.8446947240116663,0.7790294802473511,0.865464451673957,0.7626452608057435,0.8715334072744517,0.8969706163688661,0.8402851888548615,0.8697278677976363,0.8301287191731043,0.8358957244776537,0.8731529575870276,0.9148245756770605,0.944090825989302,0.8625228024804562,0.855317348700887,0.831562007310652,0.8148216711559949,0.7511363309037598,0.9648422535332989,0.7980022190182025,0.803264613060298,0.8173453721281118,0.7560206417925526,0.7207336794386588,0.8807749650834406,0.748246291640513,0.8762414224921771,0.8482714750751467,0.8151668328261316,0.8744167139077383,0.8135445858294315,0.7930773244377357,0.9507186367595597,0.8534535164867622,0.8441762843960091,0.8209411164498291,0.7757250675391764,0.8769673110130526,0.7483974072815264,0.7962517653903681,0.8981035415820248,0.7005087518018225,0.7378144488084172,0.9456603950089284,0.8744531837676344,0.77952748874845,0.8663897024000824,0.88783272546403,0.7842704653201767,0.9525926007014812,0.7946084075495702,0.8304604486586982,0.9407362940101338,0.8579882602226768,0.8706456997176198,0.9027399414145597,0.9365664826662614,0.8119267182496681,0.8117544421140535,0.7502751899951624,0.739575735701284,0.7843255336895772,0.8374472540294602,0.7007371541413976,0.8410889871833442,0.724395200049014,0.8911000527350997,0.8011688879485884,0.7290909036687692,0.7065646018338829,0.8351214086703403,0.7494404417585628,0.8297666719231274,0.9101819332207981,0.8210744739740278,0.7406144572943387,0.8742296770447939,0.7906823055939916,0.789794800388107,0.7345076167658827,0.6955531876389852,0.7268536765224561,0.8697224204430001,0.7915615632562645,0.798248047938983,0.9184013198361054,0.8550249685985133,0.7832030499060778,0.6894671526131388,0.7988212368076826,0.721248909506369,0.8751621127137628,0.7307710631043792,0.7266043237891989,0.7769511205154461,0.8782549356512923,0.8068183256507908,0.8572102409547547,0.8781188503384201,0.9004872084533874,0.7760068003447615,0.899887144547208,0.8423341463178237,0.7312786956245264,0.9197607447615173,0.8314454952023993,0.8471276289330594,0.9211910702372167,0.9284461053226735,0.714511939331975,0.7179748618900333,0.6137057635088814,0.9456865687875321,0.8227673108168102,0.8562999284277545,0.7033424277627333,0.7636225509160045,0.861104267866843,0.7949582973952719,0.761144146547722,0.8629018309282452,0.8039588786986566,0.6761519992829661,0.8726776598126401,0.8695398968833612,0.9324133548592811
0.7821143876426411,0.0,0.8623124816873778,0.7797821224675247,0.7925816023912384,0.8676666714750847,0.8397401893343214,0.7956771384517404,0.7389813565086869,0.8816904264261034,0.8839527722967636,0.9135619997764372,0.8623820588354013,0.8486401887682481,0.7951353318006763,0.8858514860125287,0.9321525741413391,0.753809125606325,0.84153316174281,0.8512988422458957,0.8837087929406414,0.8589579094163081,0.8580455861856272,0.8278076332290578,0.8855819548800712,0.7529623204359084,0.8410061374755882,0.8626671070162506,0.9725787971330204,0.8313084438171264,0.8635904932788756,0.8842974471293366,0.8771102478194698,0.8598348002482619,0.8578537412826042,0.9245890032820334,0.8469301455949478,0.8771370773604142,0.8693230257326386,0.8294262116570901,0.9363974293052943,0.8265307812328041,0.7536032744938882,0.8756925375370573,0.8879919822233674,0.8020882768232166,0.8878930157017753,0.8842237860374806,0.8913139878820212,0.8380622765839714,0.826501297999756,0.8026389784561008,0.8332633587222962,0.9322962380703484,0.9412750052870063,0.8445375959506994,0.8008041655256558,0.8460106524316023,0.8771505962262549,0.844447749363445,0.8118083418116393,0.7180321549272844,0.7629499956663709,0.8635909867830152,0.660760271944925,0.6979652296282994,0.7914173806885026,0.7531988567469495,0.845881050984954,0.7303530983020701,0.7439562030339619,0.8250110291823959,0.7588714160882248,0.8420344962248898,0.8775781595502108,0.813264343731669,0.7595889310627476,0.9442976457899017,0.7722192387428853,0.7252598336672558,0.856790840636083,0.6989845405651606,0.9197907092452194,0.8558169297335437,0.7685810177901113,0.9006274413205247,0.7048435506454794,0.7888385427081217,0.8294311479534237,0.8113348230631138,0.7908659078655982,0.8450673238496929,0.9487022754749522,0.7788392458791455,0.8154937165968902,0.932747418042473,0.7870660048075467,0.8791416633918223,0.7242954603876812,0.8146630973894936,0.8737200588811521,0.6811179484617376,0.7227504351986156,0.8472906046240282,0.7946764366420492,0.8085381976042453,0.8211583426721117,0.9233563140333446,0.9077826830126088,0.9321833940075548,0.8655205068873082,0.7607685761727534,0.7971099613670629,0.8168730079603127,0.7970299355495334,0.7990062296337658,0.8604602725223066,0.8144584983206071,0.8831014240520845,0.7513385863812747,0.7643299701560775,0.7078385361079201,0.8116637706280448,0.8761739392936887,0.7372625152415588,0.9558210930636278,0.7081897731106341,0.8537087441245795,0.9590645186924768,0.8449746416081875,0.8752394790699419,0.7822986857677546,0.7107995545982646,0.7644075724571469,0.8271699385213671,0.7559639232221027,0.9220730319253186,0.8461675745862693,0.8774764053069243,0.821955588506413,0.8470031532220168,0.8649982699536383,0.8827717183767538,0.8908038456238079,0.9339746199489055,0.795205831894039,0.8393269925824495,0.8813739656984882,0.9265061687833224,0.7672204904622132,0.7294805249890686,0.9238558305000092,0.8553441888696542,0.9077018680370532,0.8599792665019936,0.7509080282756312,0.7804307848808267,0.8517380285421925,0.8200035129753201,0.7524712250532751,0.8398079763124029,0.8060348591743968,0.9389253625957681,0.7195517424185146
0.6749546252827884,0.8623124816873778,0.0,0.7354470560813491,0.7290010959686775,0.8305391512981412,0.740327613165383,0.838601905624393,0.6412525657697218,0.9546195377059774,0.9066549835565281,0.8905502138459386,0.8361946205328815,0.6617661611256537,0.7606635830711576,0.8950708478501865,0.85732333909101,0.7186269443362728,0.8376031952832785,0.7439803161186463,0.9126707503336468,0.90846902882361,0.7532841160922282,0.788802850384984,0.9131605183778518,0.6844439842183975,0.7621359448416068,0.7975426159449399,0.89439267341053,0.7755840735213154,0.7628299039350384,0.8335359923809563,0.7694333328118168,0.7082596575073692,0.6714250117435832,0.7708450378926883,0.8208699785486231,0.7532617800333751,0.8309623211477929,0.729647959649339,0.7851842243226244,0.8087755906077726,0.7919592558858027,0.7630821003886007,0.8129553633988368,0.7324076563654128,0.7143489153408102,0.8857646322094873,0.8000888933077607,0.7204324541627158,0.766578428606939,0.6763439943140014,0.6616153356356569,0.8905332086021583,0.8817229786819607,0.6696815722581663,0.7021663564759715,0.8531423479949122,0.8203141645111327,0.6830899965586649,0.8592446916112919,0.5970297293691416,0.7570032878644531,0.692079921934158,0.6059273494809043,0.682319205629711,0.7229713223653176,0.7893741996215975,0.8986697435087121,0.8168552306658547,0.6887926477218521,0.6387302831404097,0.6312271285907594,0.8660855778306604,0.851930331493174,0.6454072141640084,0.8140609501880685,0.8226502168905203,0.7013846453612619,0.5891952112654054,0.8378117542472743,0.6433252555363335,0.8677338887963729,0.7706002528607616,0.632910529475737,0.7711491707988668,0.7384452400264209,0.6958730751417181,0.721739675394861,0.6766127296710848,0.6943096037463232,0.6639508426503336,0.8259759822604114,0.6314427876282075,0.6587600498128708,0.8786244919749528,0.7413439546273396,0.7347075767799954,0.5524377793388782,0.6759167256284255,0.6951752615460028,0.8036310767230839,0.6567889760461849,0.8613156488619292,0.6653941629924652,0.7399089448319115,0.8452052841926069,0.8851667021310442,0.7741016119097679,0.9214401557373257,0.8126330225269977,0.6223673426883432,0.7077664434480117,0.7671957836048898,0.6503578645548704,0.6668746734373755,0.6999541967724394,0.8711966296136499,0.8656629496501337,0.5944207907273276,0.624980623838193,0.6851931246334919,0.6185005804337493,0.7852014549614036,0.5735341488420098,0.9244868827597351,0.5788538749659564,0.7739062267286914,0.8509110594584531,0.7514612600718645,0.7509989669641258,0.8491784221717393,0.6389406935547731,0.6033142432352135,0.8504602553713095,0.65844345441556,0.7932785112916644,0.6866984272264544,0.8714121939862468,0.8013609834065875,0.8012817134576907,0.7271999982143383,0.695301282055404,0.7998008161110233,0.8298139310461794,0.6660569111996576,0.7570001926923382,0.9038676254066783,0.93284529510845,0.6409582608090483,0.6647739054129358,0.7901239446510967,0.821466995313697,0.8989415264879755,0.8808545517324955,0.7810533362388178,0.7846029434950887,0.8486536685809218,0.6698099384387836,0.6386023356895861,0.8251562734047933,0.6152364235338544,0.8263581920649151,0.639195016608173
0.782454862299332,0.7797821224675247,0.7354470560813491,0.0,0.7513598833120134,0.7942841090049945,0.8805147322254515,0.8002580713032251,0.7031612069315106,0.7221635174769119,0.8384314542233876,0.8061653340518605,0.7972840237020076,0.7014040463324221,0.809914612485036,0.7348104219076782,0.7833631827307138,0.7744413771859993,0.7900498966330027,0.669916225481603,0.8137837578075817,0.763353423615777,0.8608903583298908,0.7923519827194928,0.8140822449844907,0.8596017267503144,0.8134227268868256,0.8592458864276463,0.7383768315917613,0.7297146688839858,0.775467467555608,0.7096319260440118,0.9530680622150691,0.792056651653007,0.7565708029830437,0.7579979054155626,0.8429844953825445,0.7482250398816583,0.738638208662074,0.8270543595896374,0.865349674869074,0.7843458519230405,0.7351610258033799,0.8403331075513059,0.8015734983890718,0.7685496371278367,0.7050435391451287,0.7862942053204794,0.8096229117146471,0.6985075186662543,0.8631245825487853,0.8734561898429416,0.6823425341181886,0.8788057514901484,0.8025178074821127,0.7267599321886309,0.736840416819392,0.8351271351021392,0.7328700941997314,0.7025439827168933,0.7946856580977792,0.6173000454676268,0.8273132322208155,0.6277436577037045,0.621954830736215,0.6841012078851131,0.8135709405361683,0.7916672975593131,0.7660919232502021,0.8248135443579837,0.7531344608736329,0.6715926769820509,0.768139169871982,0.8608962615266142,0.7629060658085279,0.7023230963554975,0.7583155991006001,0.8274612923082907,0.8055232994597825,0.653864597399284,0.7642060241108336,0.7802655305431525,0.8217298174958061,0.775327042265691,0.7504072463771259,0.8125469270599123,0.7587666249695663,0.7482520019104485,0.7657204229298753,0.7488845305462065,0.8765428753389317,0.7834687891507933,0.7637269738252663,0.6888861983599364,0.8106735137432304,0.8507569496583686,0.6688349106759346,0.8045993948697012,0.6055493711457981,0.810602254435221,0.7072446775828714,0.6858707044154563,0.8956978517110574,0.8203562042692566,0.7364073018122577,0.7391860878276092,0.709848138276637,0.8260180177086024,0.7945462118720482,0.7570308410184323,0.8766189176720807,0.7224301363819816,0.849456470069499,0.7291238494763416,0.7856101094009612,0.8217781446636621,0.7500026953798278,0.6551345456909798,0.8486121989699298,0.7210448429882017,0.6522803618765248,0.8359426464754938,0.6860927140996029,0.8773758378131365,0.6314708848141257,0.8268516385087283,0.633887540960035,0.735879225563646,0.7682473101911166,0.7404657166064108,0.6899649265387765,0.6819621758126163,0.6956623016911826,0.7422918598119748,0.7043975029953137,0.6191830959640174,0.7125220793409601,0.7946333272598294,0.7823723884553601,0.7520541703555415,0.9346575392792497,0.6428222444077315,0.8131333738135272,0.7346479390827637,0.7680026956818452,0.8294981831098409,0.7664305418195838,0.7601566757339233,0.7101980665295667,0.5768103135261343,0.7960635998874727,0.785730511395754,0.7234145522233972,0.7143844444291767,0.8841432429612933,0.7675697053359493,0.7756492599356728,0.914652610254107,0.8965157541636443,0.7672440954284504,0.7694526043256494,0.7300529738305243,0.7922283232742422,0.7907303572180069
0.8679731626829075,0.7925816023912384,0.7290010959686775,0.7513598833120134,0.0,0.6888914579648413,0.8956291417572595,0.687145764322009,0.8150549214877553,0.6889651336958007,0.8570028504551885,0.8122720545418253,0.7092943081421985,0.695274819408281,0.9182682053071877,0.7221824195120911,0.7361289249365562,0.8462115908887843,0.816111113706663,0.8173513414801254,0.8700146215160207,0.8761716614668535,0.8328942077423614,0.9083495108049543,0.8023666542650458,0.7453384563023464,0.7148686951361608,0.6982646612647121,0.7538351211377334,0.8192104098782841,0.8537604495619036,0.7004664987518078,0.8094770882928527,0.7026935299778797,0.8560141170473492,0.7762214884661899,0.8296346890351307,0.7860485109904256,0.8597172843279741,0.7778478564772354,0.8584870081336328,0.8202270484169945,0.840153674060814,0.9152602534117719,0.7562832895176798,0.7340956935914642,0.7875940645604315,0.8808693157279937,0.9109436354698942,0.8265815908675561,0.855931623302426,0.7650262073553175,0.7424621684344452,0.8435044419415838,0.811134099417781,0.6767681274065308,0.834026225868278,0.7680270313461837,0.8419633204806694,0.7045017638687805,0.67729453757462,0.5986993769204617,0.7602341127569704,0.727267945146703,0.8206367173148704,0.6813640675808119,0.7236730721176927,0.8418226652656923,0.7914341409597774,0.7307087312475722,0.834165720113656,0.7638298683328422,0.7003383149942213,0.7712220587517802,0.6893069609026576,0.7178608503277224,0.6967239466241002,0.8279882962712524,0.7365343859417568,0.6166781917703764,0.7028069307580782,0.8517149357893632,0.8760611304293239,0.6696149475603482,0.7181230616139815,0.7914674816966878,0.681201648561263,0.80188294526332,0.6502769794928219,0.728300655018839,0.8704137174647245,0.783596770891532,0.8612558764592613,0.7360938727598746,0.8399939336844515,0.8363891420495231,0.6959271858591228,0.7135213028651555,0.6634246838966188,0.6565933506667126,0.7642162193231362,0.6534105393422784,0.7745581666399247,0.7865429091580741,0.7319215027455429,0.6866700355075089,0.6519177920909708,0.7255409201754872,0.7889513016980825,0.8346829665728267,0.8630599094202834,0.8161757872841909,0.6861376522450344,0.6560359633576411,0.7163347430101468,0.6942860506708369,0.6987146657062302,0.8131382283729643,0.7278420069310595,0.6255445885414513,0.8396033291684841,0.6637143947505311,0.7157739566761889,0.8627042727077145,0.7957744058265743,0.791460603272971,0.5792696650021499,0.7281578058120317,0.7145972107849553,0.8279187451426516,0.6593033554259021,0.6732040894590031,0.634865104105295,0.7737689420587489,0.8507961561220632,0.8573327060715915,0.8442085490444841,0.8726859265133654,0.8170307276815936,0.8631334009804017,0.8107181622919679,0.6850676108235464,0.8173465002428087,0.8057599547940376,0.85452141361015,0.8409593508553604,0.9104990001567526,0.6919888912075253,0.7629694784808233,0.5764869691430922,0.8292717423945066,0.8043354880493777,0.8815507965982193,0.7595957205754456,0.7945859091452427,0.8069432591272624,0.7768708823738193,0.7410160490515272,0.8309430847747938,0.6656451578967341,0.6752211369503945,0.7729904177872321,0.8233202470797994,0.9239556823813972
0.7403910770435779,0.8676666714750847,0.8305391512981412,0.7942841090049945,0.6888914579648413,0.0,0.7277056923476752,0.875242771503772,0.7187122464504117,0.8269649025534032,0.8316586769672659,0.9094550651504576,0.8546937888763577,0.7503797497596301,0.6908098533932073,0.8971044374695826,0.9016070392818932,0.6608463033163904,0.8553863008238248,0.7491040225797472,0.8599677662406536,0.7466659868403978,0.7280557943714548,0.6776359619675283,0.8715820739966598,0.7517973613006386,0.749418952789593,0.8586533309781843,0.845069115904827,0.8513780232783764,0.8274329208986199,0.9305712555646306,0.8364453147402069,0.8841486442988162,0.7561796784387964,0.8694871833069404,0.8364153047404947,0.8256855834911544,0.7938749943132496,0.6867954423381415,0.8238503003445038,0.8377321401392184,0.7450299980415959,0.8246893164159378,0.8508108614973323,0.7603086441697611,0.8175672755614447,0.8334596216887035,0.7517749281533871,0.7611267952642895,0.8263062807991545,0.842634178392155,0.7337488332085409,0.8833580163719545,0.891165366085718,0.8650306329823921,0.7501024719362673,0.9469802248442106,0.702048545669006,0.7783373520855184,0.8690109866234205,0.7583472820683756,0.8534117442638232,0.742561034784339,0.5921297326813445,0.7196556515684744,0.7391258293506078,0.731657370866019,0.7876389163490577,0.7939192657862505,0.7230448163741903,0.7041220227237567,0.8065155228074941,0.829483881475987,0.9334357687459438,0.7762814228464114,0.782034290953893,0.8502815984913891,0.7899777000701146,0.7706730349310185,0.9227721523933727,0.6916234725444345,0.8456263281795746,0.89233668885802,0.8205236159257764,0.8457195127306701,0.8224395897765966,0.76334704675298,0.8779357096138294,0.7679870768912069,0.7876677867385488,0.8318494407398768,0.842397601786411,0.7323606439256475,0.7295812845844364,0.9018826729973514,0.8151874738611395,0.9223364070495299,0.6850641257217642,0.8205421155393803,0.7705801389381447,0.7514174913966526,0.7826245085384508,0.8282037841364654,0.8156482112755195,0.8192642028427075,0.8799793042785832,0.8907864235733017,0.7705012978515872,0.8114987890789518,0.8593646685632,0.7197555142196228,0.9012900897432773,0.8638561600637126,0.7817649487183902,0.7741508465916698,0.8748392431360554,0.7220160421715536,0.9134609082029197,0.7799234430895108,0.6466141774139025,0.8251305976809878,0.7814661851536855,0.8353333874201953,0.6520912073318317,0.9107075119547142,0.7498522972097121,0.8349294518003137,0.9279239973962705,0.7067464904187926,0.906002430227468,0.8796782951689829,0.7294973805847097,0.7418182069790054,0.7373349189192266,0.6292510137874281,0.8084205021802058,0.7031459017313046,0.7240614717222217,0.7765585596065552,0.8208819936557904,0.8385052416964506,0.8041710241213794,0.8582869633125073,0.8417003297171752,0.791225015861441,0.7870871437186323,0.8410148231845951,0.8589435336575051,0.7654730123446433,0.734191028751503,0.8533778504217726,0.7319962710424367,0.7466120421169913,0.8866607696679931,0.7186395661343392,0.6831849045905579,0.9057373843600249,0.7182582316277087,0.8148045283023531,0.7572896700668817,0.7713361825814863,0.9057347758474644,0.6538661960107317
0.8295037159790285,0.8397401893343214,0.740327613165383,0.8805147322254515,0.8956291417572595,0.7277056923476752,0.0,0.7019824446143772,0.7319574531674371,0.7481095997700199,0.8606107607176839,0.8320455445950424,0.7449249779270368,0.7142689998478101,0.9018655044419327,0.7173754510850411,0.7774188132612686,0.8396270950059096,0.8301261011400889,0.7446219454035866,0.8540985781701222,0.8426959502923651,0.9588206013729488,0.9294060093576717,0.8445456763922697,0.775347517496498,0.7833322646844588,0.8005529335573911,0.7989734092966452,0.7696414431506983,0.8138997898639869,0.7018959253675241,0.9051753169843788,0.7624530579173124,0.8336580870029295,0.770126746967929,0.8263357926264547,0.7505698675585096,0.7978203461076918,0.8731367127442525,0.907009806198338,0.8321014290817857,0.7626378430187521,0.905635963044427,0.7723000068111356,0.7537374372932814,0.7727950670455965,0.8373747965510249,0.9419797929154796,0.7501800672863893,0.8569174995931823,0.8159393482193125,0.7430240437606099,0.8865105103245087,0.821968816140944,0.7161411380262128,0.7832605201406728,0.7728920899939445,0.8626221736138769,0.7095772028628116,0.7050715017724001,0.5844579203070976,0.7471244072903206,0.6880012937589268,0.7179842756166032,0.6570236314911934,0.7646380218040879,0.8021335974310893,0.7692445971634781,0.7354289090110854,0.7617897840265433,0.7359153588948574,0.707394582722799,0.8132993549485085,0.7052034810434102,0.740174168004112,0.704461522111039,0.8729152120371458,0.7395653736095724,0.6438041235164631,0.7407214078268773,0.7927361320409502,0.8801879073066733,0.6967607075975523,0.7130242794688573,0.79795149937075,0.6629516579271246,0.7632009993739993,0.700913342516177,0.732450096034377,0.862805506258995,0.8045295410741388,0.8399879181682183,0.7272197492420787,0.8454069730412599,0.8691521488579811,0.6467721805994443,0.776810550185447,0.6336002349397781,0.7345427693194659,0.7501545690086756,0.6282293498045335,0.8223361697601824,0.845758682945824,0.707514504853316,0.6925016910958982,0.6596016317525722,0.8202987474094582,0.8421776303269888,0.8590695826358232,0.9127691103616798,0.7518477057759396,0.73593115336847,0.6651515211913896,0.7437606973423442,0.767412555948526,0.7637247782581478,0.7555180435746348,0.8142830621402498,0.6608261678768877,0.7451901025127557,0.6854092471774641,0.7150471618252146,0.9054583078499453,0.7212711600454244,0.836073123762081,0.5886464746526128,0.714928055154961,0.7634736221586832,0.7987663501002912,0.6742775134120952,0.6353889556010294,0.6337347143782669,0.747601715854723,0.7765115262584259,0.7452347296601662,0.8040806072357047,0.87882123095028,0.8417639874691631,0.8004581486811347,0.8995678256739937,0.661544333251436,0.8537104158131276,0.755665935265047,0.8232699294588108,0.8411775146343887,0.8207664389296538,0.7512431635961134,0.7653686466084091,0.5732075285754666,0.7918190862492623,0.8547929328082949,0.8150380823592136,0.7842048234801968,0.8612523766658553,0.7690530732637274,0.816889377477836,0.832474171529109,0.9331757739981053,0.7082689376948254,0.7764749924167991,0.7788354926195167,0.8169838155025873,0.8703677507900487
0.7729865223808601,0.7956771384517404,0.838601905624393,0.8002580713032251,0.687145764322009,0.875242771503772,0.7019824446143772,0.0,0.7675048395426005,0.7669854157444692,0.8785040920521394,0.8482009207238558,0.9296971600537838,0.7300493015569591,0.7577637194501626,0.9152086656653962,0.846506306230739,0.7410364141452359,0.8045378105095706,0.7871868425156411,0.8527267491023613,0.8027836912894056,0.7182528784636909,0.7144610803625524,0.8313545900274895,0.8287168661810377,0.8287401763988063,0.8522496015326246,0.7593317785926991,0.8296342900228847,0.8474072346895722,0.8802857060665777,0.8287999612526307,0.8137427272763006,0.7255662304496538,0.8288551586434078,0.9285512950257827,0.8589098441069681,0.8497499565460526,0.7198999254983341,0.7878415374566753,0.737116943806858,0.8446677757099972,0.7770071197833359,0.9306104826307948,0.8517330282620897,0.716948035189867,0.8552156329609684,0.7610037117378833,0.7988143076941212,0.8710615644207812,0.7681249428951914,0.6936756613970879,0.8750553196116885,0.8854675845252867,0.7281935200281671,0.8021992284384701,0.925750825541292,0.7212660315237471,0.7857588814546763,0.9859770761973423,0.7308307542677221,0.9009994025270632,0.7013201009523631,0.6351762939676181,0.8303175666565311,0.8607545164587805,0.8406227746813597,0.8918879118007021,0.9385567488300666,0.8182807145339777,0.7018683427731932,0.7856323287847304,0.9282880915144375,0.9325708169888659,0.7303815736334557,0.9293384287399921,0.7984481696889214,0.8859898009081794,0.653267010805455,0.7927865084933574,0.7575431791934621,0.8486580074927556,0.9049800859616898,0.7829976537046971,0.8749177917803643,0.9450675379136381,0.8358064188406333,0.870996694999323,0.816831218910843,0.7982181742305863,0.7402506407901633,0.8177708293958643,0.7329896606778887,0.7399468389752898,0.8500203895987255,0.8832409050835026,0.7637866887562043,0.6247257831371077,0.8093640309069058,0.7694838990114362,0.9187736781054113,0.7648086987179519,0.7577727266585468,0.8257642694308639,0.8759235309074015,0.930741265022515,0.7922342578208887,0.7813040182465777,0.7712733110946133,0.8035659078831859,0.7356313586179573,0.875718709003955,0.906170236598054,0.7913526956772752,0.7591788136869165,0.72228688881446,0.7488410193543219,0.7803981075933352,0.7108369848991889,0.6717902533560022,0.9124010765797168,0.6804910949241683,0.8377442569689575,0.6196430823754036,0.880589646980013,0.7010314392999857,0.8962625728143654,0.8153930369664876,0.7891114186857128,0.7953965528789123,0.9200389410300338,0.8367777001959026,0.7192199643706747,0.812897077825707,0.6448496794129518,0.7912295410879203,0.7263516112762477,0.8060234136950688,0.8610669671891437,0.8221439127629079,0.7648904325933422,0.773561709487738,0.8438553179758086,0.8403223940119228,0.7692557576689913,0.8178850766415799,0.8404801175628046,0.7965343372824013,0.6683357194486406,0.8092683595617255,0.742962857967622,0.8004995079381462,0.7680288618691101,0.8362416364130045,0.8769819818015407,0.7908426094416607,0.8737263084195691,0.7076718444817077,0.7887788453921489,0.7138392382703983,0.6785085122945015,0.8624452103481076,0.6936347276103052
0.945647867685116,0.7389813565086869,0.6412525657697218,0.7031612069315106,0.8150549214877553,0.7187122464504117,0.7319574531674371,0.7675048395426005,0.0,0.5997013100597958,0.7713590840577899,0.7521947595560228,0.7496429232158108,0.7692686070433968,0.8114006028198127,0.7352095170376008,0.7187379615077987,0.8022285573380598,0.7603110567006109,0.8938571347671376,0.768973659180192,0.746498506846383,0.7076199874067938,0.7255560800860043,0.7204829543660275,0.7769953241332355,0.7224007354955925,0.7047782553514698,0.6635222831385671,0.8614998750110671,0.9213374362177905,0.7581689559519695,0.7760643454653384,0.7683945980076846,0.900003373604285,0.8260489710643482,0.8531323625275313,0.8848636521518805,0.842927808022565,0.6862242967050108,0.7938914855230937,0.727036283991086,0.8412301096936161,0.8452789025464871,0.8224337454914882,0.8009045299497248,0.7910084725050927,0.8029409730087639,0.7901606404741834,0.9168136739991654,0.8711961841827317,0.7910892149334339,0.7965542091513105,0.7730962213934174,0.7870456107632684,0.7456412579056129,0.9170079592740407,0.7836050864834634,0.7249000327411244,0.8066412363756613,0.7323574744268693,0.7547610676053905,0.8338150645496585,0.7754981743563311,0.8409407234559164,0.8067138826977417,0.7784859744106016,0.8097778444202067,0.7754538123633572,0.7655433498363522,0.9285888769743572,0.8481511664242024,0.8519859045854303,0.7516161235720367,0.7572204169451293,0.8238643008519685,0.7219436504128158,0.7408226140358102,0.8595901076525466,0.6668859170962448,0.6754411423602978,0.9274190004873668,0.8079224956935184,0.7632954088986666,0.8652480696394546,0.8632088094240463,0.8081780235431576,0.9392273931916552,0.763831670395956,0.8452407893502573,0.8867060058825809,0.8523636496508445,0.8313729520931098,0.8543753555816455,0.8770425123317925,0.7749644233140837,0.8498073054904449,0.7306583509161491,0.782972915779511,0.7389245905158754,0.8411549876353696,0.7065527293732147,0.7987215309606297,0.675721184737838,0.9090268633370733,0.773477199440822,0.7104421985352429,0.6537484870659289,0.7510583541410244,0.6943667540079749,0.7681498540809697,0.9338644757067078,0.7900942834244075,0.760292291936071,0.828222701222181,0.72865690438321,0.7306921775419714,0.7138006975288002,0.6417260722560694,0.7369030936341409,0.8677955915080178,0.7898021513490389,0.7965080017118757,0.8229941811079142,0.8790845266812388,0.7361080305343721,0.710893399797256,0.8098951283043343,0.6964154721985195,0.8273864793019365,0.7437190173021789,0.7332880577549744,0.792383090295941,0.9019924684026961,0.798417643029105,0.8298546464912554,0.8444288854843345,0.8386841469688401,0.7210307671029633,0.88146313967409,0.7557405472730603,0.7579923877198524,0.8690985051473247,0.8580002151039601,0.8327555008372496,0.9013365927472614,0.9325913027595264,0.648077716020041,0.696586677830539,0.6435911292775798,0.9331776968181058,0.7520406349684958,0.8292085370770206,0.6594971224833053,0.7077385709459183,0.8341746158786584,0.713905968750035,0.6927082345184067,0.7729437637395581,0.7654410632155978,0.5916985975799182,0.8505129817525314,0.8544484973514542,0.8706219105826782
0.6380371582045589,0.8816904264261034,0.9546195377059774,0.7221635174769119,0.6889651336958007,0.8269649025534032,0.7481095997700199,0.7669854157444692,0.5997013100597958,0.0,0.8505394089396745,0.8860264401068074,0.7806130742333791,0.6555884626404826,0.7147928259135695,0.8400331806874083,0.8433895647609337,0.6721914090726849,0.838559312754136,0.7058283215602649,0.8619723681967532,0.8475569819382635,0.7697439857948436,0.7581210880143782,0.9167007802007134,0.6289098038970066,0.7324160294547273,0.799150794116363,0.9331219805186453,0.7392715700638423,0.7285274530827411,0.8166338383374108,0.7524942677353338,0.7160432803176612,0.6637186735955877,0.7546059705269221,0.7531038549402257,0.7073973993937928,0.7759825718080637,0.7127162816289131,0.7741912571347391,0.8125000161298293,0.7136036494478205,0.7453148654156492,0.762021090715795,0.680988575419444,0.7113254614318397,0.8293254884778949,0.7902822217638047,0.6732067999767257,0.7146888082688316,0.6607662165888725,0.6605733919121475,0.8629576225154604,0.8556663162543492,0.6867093536624331,0.6556492325203938,0.8071858793430816,0.8159270894610292,0.6625218473838255,0.791858964873902,0.5781013786877205,0.6920878730095685,0.6900919802121651,0.5710497379602154,0.621636223252982,0.6704600359414554,0.7034561485333568,0.8197832049188305,0.7364153839485187,0.6204086334040267,0.6258799976126355,0.6093641606283802,0.7967080312636058,0.8134626600108205,0.6495290679903842,0.7327280519821855,0.8089199561142176,0.645404725415695,0.5965155961171312,0.840884080203578,0.595410332119562,0.8241712741465909,0.7349163727168319,0.6116990227587616,0.7292441351067194,0.6691297373422761,0.6508593027816488,0.7088180463200004,0.6401638399055731,0.6529351384970102,0.6722258577706703,0.805233558613584,0.6144859217873857,0.6332143264038196,0.8687975428616649,0.6841965957517422,0.7666260590116841,0.5534953250481129,0.6675173710718573,0.6793668798558549,0.7140112851559529,0.6410591910307067,0.886801872682983,0.6326179660403868,0.6844297975068874,0.7905600523993246,0.9245721728866158,0.7539933154346197,0.9224276435410426,0.8083490367965094,0.5893619543931142,0.6822234585222635,0.7299573512447332,0.6248009237211565,0.6508317068057955,0.7411705479744872,0.8425226575169897,0.8975347846500163,0.5955005418724185,0.5892165686187667,0.6324099692346679,0.625679133304614,0.7521543356864474,0.5676568454991375,0.911666587978274,0.5705471102401851,0.7198789580631084,0.8754151236810945,0.6980104528918921,0.7612469612161559,0.766804892019922,0.592537505994643,0.585145258058056,0.7877736944816098,0.6293230293280827,0.7695465756256192,0.6627730254598984,0.8270030397129611,0.73983345984626,0.7872940655992037,0.7219931322763311,0.6883531486028913,0.7660399126309081,0.7935945191532517,0.6459179665313797,0.7001708566977856,0.8845758541370863,0.9472296328601021,0.6560275836655263,0.6195890397714728,0.8260175052407304,0.7668527631491561,0.8735671014916389,0.8753692561536445,0.6978357230708208,0.7334138630988618,0.823675604807476,0.6703945773956976,0.6238004311724198,0.8520807860897316,0.6270100731960168,0.8063004237005525,0.5998961449388647
0.8201084297111669,0.8839527722967636,0.9066549835565281,0.8384314542233876,0.8570028504551885,0.8316586769672659,0.8606107607176839,0.8785040920521394,0.7713590840577899,0.8505394089396745,0.0,0.9374509298339322,0.8762594853552481,0.7292303498017351,0.8857843915924694,0.8991422982811401,0.8742757037845074,0.8281374858053193,0.9019009459012611,0.8352419979917718,0.9663567182394877,0.9529182131746265,0.8634986360384267,0.8843253099872349,0.9379127542341721,0.8007803279914757,0.8428020415783702,0.8587016400197854,0.8679467380876104,0.8701638729146455,0.8878052231849578,0.8469672975852016,0.874916754690388,0.7949148179949194,0.7998148617947551,0.84747701418632,0.9466960280597758,0.8526084380954833,0.934420805308086,0.8100653683790466,0.878165626415514,0.8518661020338597,0.8885497636039178,0.8908989367334521,0.89537621957591,0.80990557997428,0.7557509531829042,0.9696250046950827,0.9264810781493854,0.8255920241660442,0.9054244492538455,0.7687069249302207,0.7206657913552973,0.9669498261663619,0.9523226406613925,0.7078999791168832,0.8317784999543305,0.9174260027353939,0.8696711066736729,0.757843376801512,0.8848525944911932,0.6390728776095922,0.8434155578297857,0.7407134299319775,0.7004282673200545,0.7461873060523687,0.8297764901083002,0.8796155394135111,0.936732108082494,0.8914146002903418,0.8164154723798543,0.7340881379281903,0.7394833364638941,0.9367627563133998,0.8609202287719436,0.7247614819496581,0.8771057768185864,0.8953749301429361,0.8061784005519519,0.6306402129107204,0.7978243833034143,0.7885091435695861,0.9390381462402294,0.8077482548842331,0.7403975811706254,0.864709084386286,0.822973524229125,0.8281068971115344,0.7706914258189845,0.7749732690326864,0.8481359829643289,0.7676812652426136,0.914424350891334,0.7294603510806483,0.7959315670132889,0.9372376892666796,0.7916310220357663,0.7752129571419956,0.6228535873805384,0.7429578060638281,0.7932657672892386,0.8262199031029048,0.7824256257014812,0.8685307711336441,0.7683382950515639,0.7866587196268399,0.8287759806794437,0.8669100803337633,0.8353610013687622,0.9236562479252038,0.9255206107706927,0.7603457488463653,0.7905818066519643,0.8187715862599688,0.7467082627206482,0.7419609609328724,0.7376679639296602,0.8884667939086065,0.8517946344670154,0.6594604672009655,0.7403248492401934,0.7756046657384704,0.6957003487439933,0.9049134040579501,0.6785858412162576,0.9478613461858207,0.6198007850150911,0.8443799228130375,0.8453224418274682,0.844763884340819,0.7536905038513556,0.8296699472464554,0.7289142833603994,0.729565560631833,0.920854840639903,0.7390358624117442,0.862710952611269,0.817317177501695,0.925610719827348,0.9208692539733041,0.8880277559810589,0.7555482996807045,0.8163455146957539,0.8794671254194739,0.9244244495318372,0.8059890284372592,0.8827377581637806,0.8483127603203917,0.8891354412788673,0.6356507288928439,0.8257423883876173,0.836275914625909,0.9298070931578426,0.8616215155390243,0.9177924918105318,0.8933381912944108,0.875342242755616,0.883701342313738,0.8014867200729079,0.7345626800637192,0.7655564867694157,0.7181800268631477,0.8957346790400561,0.8032039561678713
0.7770744394900633,0.9135619997764372,0.8905502138459386,0.8061653340518605,0.8122720545418253,0.9094550651504576,0.8320455445950424,0.8482009207238558,0.7521947595560228,0.8860264401068074,0.9374509298339322,0.0,0.8197362640084905,0.7208854541152563,0.8047250611754276,0.8878928477261709,0.8689560106843505,0.7239364435674649,0.9472426800043637,0.8082343153164642,0.9530135079351741,0.8766698646229714,0.8190374139784707,0.8006575919950601,0.9705487151637576,0.7366652058016414,0.7652088115326123,0.8280647676309726,0.9079535680092501,0.8820908603305941,0.8986015285974474,0.8925244027501875,0.852611252888046,0.8446295700925942,0.8063895219219159,0.8804306709022456,0.88500181918409,0.8298813272516508,0.9089735701777161,0.7272016604426147,0.8690711232416157,0.8977310082632445,0.8274514380098471,0.9097580875094928,0.8598630468394329,0.7430499724888566,0.7959945107374328,0.9481833645662769,0.8756839439636471,0.7959724972432697,0.8588871359688854,0.7827737575514595,0.7146242059070819,0.9574620966041791,0.9604422772262396,0.7786486609180169,0.7792899734846691,0.9472612796557228,0.8083813815178913,0.7456777132282635,0.8404743689351265,0.6628868811704142,0.8146907726651054,0.7668134482328995,0.6553545347565463,0.6894011786751397,0.7461870809647654,0.7864846610316525,0.8461027436634435,0.8214190884700009,0.751232113766428,0.7207504582331696,0.7435931911080396,0.8496322165138084,0.8632015091029801,0.7401108978642538,0.7939887287442036,0.8918012246671623,0.7589215818802353,0.6677591301574636,0.8484259266099914,0.7451380516074175,0.9078325825764361,0.8026753003673552,0.7592192813531787,0.839310032294393,0.8027882993169104,0.7874526373716436,0.7794752103776957,0.7554929648785983,0.8110127031926059,0.8328199329875722,0.912497004366073,0.7124786238663484,0.7491931782151567,0.9787549005944394,0.7909444685243538,0.8771579638105634,0.6588129869856779,0.7371009807350282,0.7911323977125287,0.7742435894967857,0.799582424929304,0.9236893560861208,0.7724434314799073,0.752609022547096,0.8202657147900784,0.9044473572392091,0.786831328972538,0.9286650367777524,0.955415829254141,0.7466907394078245,0.8001429448919753,0.8123539018103983,0.724916608223331,0.7127784582721347,0.8088598995769226,0.8676657516211068,0.9141040900728206,0.6903710516936228,0.6970431179075331,0.7569869005233785,0.7424409976027445,0.8699011949220778,0.6909338176018465,0.9651953464197293,0.6451360587840893,0.8265172870391737,0.9131067046141276,0.7616331821350425,0.8195770581251904,0.8238968625774089,0.6824873902003946,0.7396288105753884,0.8717286795493934,0.7053987720889656,0.864230591476392,0.7651105417907432,0.8305595255998443,0.874432355910987,0.8637189045476391,0.8065802621206525,0.8133999151639452,0.9077152395760085,0.921852449752535,0.8213469636908527,0.8645311975035624,0.8236859121331754,0.9441228345603383,0.6948720358184232,0.7875377775608705,0.8866796934734664,0.8503872265684868,0.817242134967131,0.953021877922758,0.7946195731353914,0.7514338601848892,0.8816778527433915,0.7650918000023276,0.7327036091782795,0.7480180007111719,0.7629533680074357,0.9375446772107774,0.7328488504058353
