0,1,2,3,4,5,6,7,8,9,10,11,12,13,14,15,16,17,18,19,20,21,22,23,24,25,26,27,28,29,30,31,32,33,34,35,36,37,38,39,40,41,42,43,44,45,46,47,48,49,50,51,52,53,54,55,56,57,58,59,60,61,62,63,64,65,66,67,68,69,70,71,72,73,74,75,76,77,78,79,80,81,82,83,84,85,86,87,88,89,90,91,92,93,94,95,96,97,98,99,100,101,102,103,104,105,106,107,108,109,110,111,112,113,114,115,116,117,118,119,120,121,122,123,124,125,126,127,128,129,130,131,132,133,134,135,136,137,138,139,140,141,142,143,144,145,146,147,148,149,150,151,152,153,154,155,156,157,158,159,160,161,162,163
0.0,0.8288380005440645,0.7573902862280554,0.7419213103114928,0.7405729176178028,0.8138005172412988,0.7968563107397406,0.8048270026456666,0.853964428494332,0.7270434487496705,0.8284390420524548,0.7697097866922464,0.8850349029623579,0.7905717410026964,0.8320542921051581,0.8173175389622003,0.8271337224207428,0.9069738559854813,0.8137627647918114,0.942581105150747,0.8456929982639224,0.8283252225378528,0.7626354877622705,0.858364938715687,0.8633511978680785,0.7915807535715054,0.7029905666157084,0.8279593502764911,0.7174684700008508,0.7772801058242464,0.8762957790241398,0.8315431375932367,0.7758621457025061,0.8079189532415673,0.9082455324018421,0.7368855436857213,0.9214689396069095,0.866730516507682,0.7615148862714828,0.7766564491676592,0.7699689861523669,0.8189742366557315,0.848227091285717,0.8696674295237041,0.8589482459691792,0.8584082966000884,0.8171662231084208,0.8421218506713265,0.8827889838384707,0.8338734228610343,0.8528650623880746,0.8799774346197539,0.7568609301274807,0.7941836739507714,0.7486980189334727,0.832850493929257,0.9303419705107699,0.7620057003265153,0.8129114966463037,0.8061607238819262,0.807054186348472,0.6925406228400526,0.8405140163879982,0.7289008001317026,0.8444194372913342,0.8795430101489947,0.8208136385877822,0.9001176078299472,0.8158867990042132,0.866087321955908,0.9405198377423345,0.8378239404953612,0.8256754352939631,0.8433673562688291,0.8363548269541233,0.9136548922199448,0.7638318398426605,0.7521070075559488,0.8422359533799119,0.7613224923565408,0.8131395742511294,0.8930328820905711,0.8476864490253694,0.8354055111633059,0.833458989958498,0.9050772713961548,0.8254900055377971,0.8324013917988786,0.8463432385039201,0.8301435204380694,0.8216242059777576,0.8045769835401505,0.777040237553568,0.9171153754665851,0.8550657047664516,0.8335219355150019,0.7664974343049256,0.8170505521193958,0.6968686255758908,0.8338493725360858,0.8146197155490653,0.729095798550469,0.7460880046657496,0.749073140820732,0.8391398430084029,0.8446919128779043,0.7542055317093828,0.8162378439751534,0.7986777484127744,0.868675949006094,0.8445922470721794,0.7972399258517154,0.8577578040113287,0.7470523157080515,0.8440163653065373,0.8419641654124885,0.8569935239145778,0.7819400210603633,0.7656285227307708,0.762156894914517,0.8229704218814679,0.7153540044697502,0.8646605763911289,0.8939994028440361,0.8240621935674485,0.797688098522738,0.6942195925179607,0.793281857338807,0.7542703606656475,0.8262487945856597,0.7901865500089116,0.7858170538461332,0.8184406610305252,0.8459539279599219,0.8534218729003475,0.8538647819786179,0.925531585918097,0.820716562350033,0.7750024133679191,0.8235108446100207,0.8087529924607427,0.7848374499311024,0.87246841678002,0.6982455220257208,0.8554422167171982,0.861389076145859,0.8487872478729759,0.7474033160276652,0.8039671021158719,0.612864808267667,0.9223018386525295,0.785758897503941,0.815892783036946,0.7399737501418077,0.8239401034670909,0.9199314365538055,0.870749998949914,0.8249857062632932,0.7879130744304699,0.8149578666675565,0.7634291287747356,0.9135580069902736,0.8781023443088042,0.9115078045572896
0.8288380005440645,0.0,0.9004355382983622,0.8282696856517937,0.7447781329960785,0.8384578350802231,0.8808710239510876,0.8686556766993042,0.7728618625552578,0.9280912559469725,0.8747889063716346,0.8681288851193595,0.9025236974769713,0.8522258182966816,0.8798309351329971,0.8598132237268182,0.8503806040595187,0.8457915580358668,0.8012897138942088,0.8370494517766915,0.8387421986648977,0.9363042910898909,0.8154063516752238,0.8896997797489375,0.8957886060052733,0.7564122891521811,0.8253069262614154,0.8321856531522752,0.9197599389147375,0.7650774979841157,0.8709601899866175,0.8433494146814606,0.8913113671578842,0.7739073002686325,0.8400525353230572,0.8298387099563015,0.8801018908741557,0.8607376212609954,0.8429175231995174,0.8452952979302937,0.8634724263895904,0.8018111791196599,0.7604506595076401,0.8327398556342702,0.9033719926618364,0.8306326927720569,0.8022587059521464,0.8291135476921666,0.8961015237566365,0.7885593412806768,0.8105038543014186,0.7833153028193055,0.7564268813387318,0.9101753536293683,0.860872167969638,0.8256561562055439,0.8002440120561396,0.798397809602956,0.8603452060773219,0.8496842417339027,0.8571267708194886,0.6658965802742237,0.7342913660235156,0.7744695869921042,0.7008075876325258,0.7302869643398693,0.8378099124727537,0.8467751124338303,0.8430132150456261,0.8523566165133734,0.8183315328298615,0.8058790522667658,0.6886239018605775,0.8788018721045031,0.875957696861333,0.7957933243628326,0.8075006032822868,0.8513300309056393,0.7543033835040743,0.6784952013125394,0.7812067974544711,0.7727658010071292,0.9037023102180195,0.8381621902040208,0.6829809492719624,0.9142835102183294,0.7279518949923239,0.7568014883982394,0.8451879793236352,0.8545617356140469,0.770377883593626,0.8169179979519987,0.8522708829408563,0.773175485175029,0.8094246800914654,0.9498964090752603,0.7434131933595856,0.8197759637279787,0.6427587595142406,0.8513501609466629,0.8487034161114165,0.7362500130210489,0.6579689357189238,0.8655504187677713,0.7412426749203199,0.8131348152614272,0.777428270493291,0.8577098741653602,0.8691064945890239,0.9009361923239059,0.8377609303117993,0.6871851968638617,0.7653937077499137,0.8311244821367838,0.7782575006133708,0.8472443847050168,0.7785415845499467,0.8400922876422363,0.8137098674966803,0.7774298761211533,0.7703502396835965,0.711440423539456,0.7242958211553095,0.8883459825134036,0.6943818153485459,0.9458686692678073,0.679860587553219,0.8861268446303927,0.871461542917828,0.8645080102642229,0.8353877882121564,0.7680056690622213,0.7570818008817435,0.7595323855641205,0.8548360920424373,0.7700994378037511,0.8829365095798667,0.8440708051512154,0.8613440510427987,0.8340179648930728,0.8662263668250084,0.8279127840826807,0.9019174672315139,0.7606606479077358,0.8789971991142536,0.7507028937511648,0.8487814337569606,0.8774661913631769,0.8870305576791875,0.6805447772640019,0.7556778165537064,0.8422721811535381,0.8605702120442731,0.8975798542119593,0.8858054032896308,0.8749760371465397,0.8734285601724494,0.874925660790819,0.81769997694003,0.7303594246650845,0.8471415745024915,0.7668253049710344,0.9286117286183138,0.7915379286084935
0.7573902862280554,0.9004355382983622,0.0,0.7963288325300844,0.7979155855853551,0.856984773576368,0.8343198516877691,0.8547561901831313,0.6729877472111916,0.929247875160733,0.9053667675291618,0.8983968416175672,0.8789384562276454,0.7338196450709246,0.8200585512907816,0.941415496499989,0.8989560472162585,0.7873544857817115,0.8145701238133053,0.7686168828563179,0.9205342587681957,0.9289685570149482,0.7813262188633495,0.8657866123690846,0.8805909557789589,0.7856179252115637,0.7610223629130514,0.7962604873253694,0.9053880778693858,0.7873967298877349,0.7822936710528705,0.8686252576214541,0.8256173605548935,0.7481481884008568,0.7237048139443127,0.801891716009974,0.857157828275428,0.8194605342476475,0.8447827675779436,0.805427509961502,0.8318468022391234,0.8016906719351218,0.8149811604799811,0.8291290602591318,0.8491010189418831,0.8053944395441606,0.8117972270184374,0.8666681989613705,0.8544268663287455,0.7749454652687234,0.8380127783596323,0.7979182010082484,0.6850866297933386,0.9151635883662107,0.8764157625564382,0.7470083794010789,0.7808671838131124,0.8899554959263307,0.7961274792145436,0.78162369869537,0.8388489794930991,0.6508016633645024,0.7876291517301834,0.7180031164235412,0.6570486271704539,0.7182968120291696,0.7609125098689759,0.8491346397356295,0.8587649932563234,0.8518461800339933,0.7921731387549766,0.6989100366444727,0.6484583106452706,0.9096100761844275,0.8753431224360603,0.7009258241421967,0.8799531219979193,0.893646977623184,0.7396322181812742,0.6883959574082817,0.8097696195608042,0.7108765969861462,0.8813634620534773,0.8039458060810152,0.6851422576164918,0.8400841994186631,0.7243492621403941,0.706399892294593,0.7751256112626731,0.7493768568760016,0.7969490163679677,0.7057536009750779,0.8577290391328655,0.706726937428744,0.7322466461779192,0.9057379296317628,0.7102329562698589,0.7740094983214042,0.5688685926330732,0.7692120083419528,0.7364051269171132,0.8277914960882269,0.6575530981377044,0.8615863906513759,0.6906174591305555,0.8386172885783085,0.852759608490748,0.8443284184926809,0.8370923359715594,0.8912971624773118,0.8705833021101044,0.6703657891414372,0.7269015375198434,0.8003283245824445,0.7296701989498925,0.8074725206035764,0.7256960546514926,0.8754031548978726,0.8825668728423546,0.6723527939102855,0.7495429420936008,0.7178006084476898,0.6847971710071802,0.8750865477187575,0.6011269844799045,0.9484187574281374,0.6570504937637964,0.8812293678051131,0.879093875517421,0.8020261609328904,0.7653692216834654,0.8729599864376811,0.6899556282765367,0.6591138862096011,0.8284286970765837,0.7167746551460403,0.8413620113893391,0.7682972396043157,0.8250761158895615,0.8246369959967775,0.7859374118340994,0.8146710299319971,0.7832112119115311,0.7488967885022094,0.8686067148801512,0.7222206316682598,0.8234214731650606,0.8964190271459374,0.8865863974503708,0.6827616738293519,0.6957974758462702,0.7726762161263362,0.852412476216957,0.8968129913586926,0.9235055725864225,0.8149781185551218,0.8189483408822782,0.907725032148208,0.7058119601955385,0.7369290805163619,0.8177893781422072,0.6657668950053909,0.8586292702041731,0.7562778509575299
0.7419213103114928,0.8282696856517937,0.7963288325300844,0.0,0.7166854228335742,0.6858201564260433,0.8757911103529004,0.8029274750855712,0.6412248483164884,0.7682396378213019,0.8491249044183085,0.7293047301655979,0.8515048417651643,0.8506868099205592,0.8609043996300464,0.7762568256892386,0.8016492564672876,0.8341026286822016,0.677487640657293,0.7163455954877542,0.7611949526349245,0.8417045819794127,0.833764654515462,0.8587007226966686,0.7452115505631375,0.8604521280978773,0.8995603178637193,0.83067071067359,0.8123853015692507,0.6365892981538506,0.729838446391889,0.6992217801748509,0.9522678306066077,0.734075660038765,0.7681239793779039,0.7945244588691506,0.8147764269236596,0.8206402655842834,0.7732111539189901,0.9266362933183502,0.8789065843412797,0.6568885811875713,0.718780268092883,0.7717767484819371,0.8666491890230704,0.8159150705535545,0.681434540208832,0.7588328670478425,0.8543235628575612,0.7476684970786576,0.8188282245743198,0.7657451468740344,0.6970913592233834,0.8898429524666528,0.8296931264747192,0.6580450573613393,0.7558154350454933,0.7225674931625234,0.8319593848742455,0.8340249262518177,0.8303242439453936,0.6236617426129838,0.7202098638932677,0.7090582297369193,0.6459902895841438,0.6996698536006328,0.8838404448042714,0.7733409013917912,0.8349099059993381,0.8153598225474793,0.766943625710262,0.781117928822963,0.6860456124624825,0.9023559494793753,0.7734721889353832,0.6831668029763291,0.8602521765110559,0.8225531322000647,0.7741168980536395,0.6189662451726313,0.6666519207643372,0.7291765536603693,0.761181416883016,0.8072159556992092,0.6773608350136602,0.8308539912506654,0.6748911780727328,0.7436524537453971,0.7652223930120294,0.7530030608525401,0.804352202775696,0.692286937685198,0.7920372542992065,0.7110493065023247,0.8538324770523051,0.7919842158401372,0.6565359402006646,0.6891342003621658,0.5919450352423345,0.8659982479392733,0.8027623732847607,0.7243482516601507,0.7229135892163332,0.7419944567266376,0.7123083894839679,0.7771971162690073,0.7442093071395,0.7563615871868811,0.8707436754996973,0.7594215882298457,0.7845238190044848,0.7122798226695505,0.7278975810138086,0.7919562529382835,0.8136603232046477,0.8382121591331242,0.655774638213247,0.7130452851069415,0.7745432069282733,0.766912835410495,0.7617845494680413,0.8008724646360608,0.6494634164385868,0.8197430815184955,0.6113160916309285,0.8456758624143339,0.6727713374010991,0.8276155794704797,0.7883270779342362,0.880583455870677,0.6436015880043914,0.6733165583163095,0.7788154355909765,0.7192507450835067,0.7597637538648695,0.6824304512177934,0.7242439938899162,0.8892756557213531,0.8879973097939414,0.7517190314606441,0.8710249314637619,0.6830670070939181,0.827631957300131,0.6963413154993846,0.7999934076870396,0.7080325175374143,0.7250173144120831,0.7981753210047238,0.7089745161509104,0.587124816816671,0.734320024331909,0.7134446076794805,0.8246704607593003,0.8216261533505886,0.7883245187174055,0.8078348745574175,0.8510795688154017,0.8035835909118271,0.8971815507775445,0.7567181049500469,0.8083109319340587,0.6548604269147341,0.7433732632688289,0.7787826889710747
0.7405729176178028,0.7447781329960785,0.7979155855853551,0.7166854228335742,0.0,0.6961767614232836,0.860222837399346,0.676600705259157,0.6816701557906327,0.6811283255509212,0.8068597263929216,0.8047759249251394,0.7199330014739458,0.6628845009954281,0.8300457887704324,0.8045271490757538,0.7789820483548913,0.744229395564525,0.7228375073485642,0.69649871514895,0.8621275331064432,0.8363658330440208,0.7519731094202989,0.8424039526381653,0.7143591157012623,0.7972669134829737,0.6788090617815801,0.6478870047927153,0.7334139855713336,0.8204496271484484,0.74487607014291,0.7177190045563409,0.7604481424281279,0.6727099091459442,0.7185058020210351,0.752567952575133,0.770872966413877,0.7633215644081554,0.8394316128927373,0.75969255066942,0.8094292048184274,0.7519615270779689,0.8129213080933217,0.8515258343988361,0.720866680685491,0.7423542164905881,0.838580000653845,0.8007280291499272,0.8131996470356503,0.807595062156335,0.8592603369086805,0.7954729543996889,0.6602680463243328,0.8004565077471597,0.7688644276657038,0.6729250559648587,0.7847356349924718,0.8276402719630138,0.6961403730572073,0.7401335742917913,0.639936915016976,0.6495974114522357,0.7463958136783444,0.6841562649137188,0.7082436697015154,0.6438201128912624,0.6682980510942167,0.811889810225148,0.727007266489427,0.7019422918023795,0.8144322039697477,0.6934273733999747,0.5961207415191776,0.7924579505168202,0.6812078079185566,0.6343634904170882,0.7939774363509987,0.9079187061442947,0.6914294156866465,0.6748881038978729,0.6831372161033532,0.7758748766029155,0.8345863488174685,0.6436540185921958,0.6897528244646438,0.7501381205549861,0.6202256545428488,0.7019217497361786,0.6385097779870887,0.6996917389303731,0.9197218009506705,0.7156619557170383,0.8470473958582585,0.6731178216537882,0.7437986699433368,0.7765820930882972,0.6201014451707552,0.6610528924396128,0.6420704491644077,0.659377222882616,0.6896564965999149,0.6922094547756755,0.681367651575288,0.7099535862963362,0.6671025722187762,0.7756054161626831,0.7003044704941668,0.6843225949590249,0.784503702364699,0.7683020238523532,0.8329200561404565,0.7742916741867595,0.6208027045896723,0.6459380863801621,0.6959579963934527,0.7586044693819078,0.6238546617541124,0.7909951714858139,0.7167857395697363,0.6263832226443053,0.9017447172223682,0.6620763605120568,0.6445144938662554,0.8520718739597185,0.6254420957326491,0.7752469730672042,0.6413533765284883,0.8257194751330047,0.6963338556535102,0.7635742481327835,0.6471599522228484,0.7668365832021834,0.6097167817491828,0.7111461320450408,0.7320786222926159,0.7500792927453552,0.7809561345583108,0.7982663032741837,0.715002579654838,0.8245809756037147,0.6618190394958863,0.7286067622260951,0.7637166625909314,0.710200172651053,0.8070521727135852,0.7429074728524466,0.8823725104256431,0.7437879773899815,0.7045624441010151,0.6016109891850303,0.6948475112439133,0.6753903794542577,0.8349510058345504,0.8045906946614366,0.7822474712956642,0.7251920705514991,0.7192870890888534,0.7996138824170527,0.67525332340215,0.7188886316025467,0.6529914951787551,0.6456397238484419,0.7586640109651002,0.8369997394766567
0.8138005172412988,0.8384578350802231,0.856984773576368,0.6858201564260433,0.6961767614232836,0.0,0.7174657638494142,0.8242242730629968,0.7449090850443997,0.8263535509441433,0.82275381975713,0.8398768145186438,0.8613806738809155,0.6990080841543658,0.7072368203422607,0.8852373760084385,0.8283672327686434,0.718047005410583,0.8229494280360519,0.7920774131279943,0.8554741344024399,0.8074118720136624,0.6545418484053777,0.7547581205683935,0.8786491789366548,0.7062546827864286,0.632345767446739,0.757102587971599,0.7834708003673985,0.7993700362360983,0.7995002609513121,0.9303628996640043,0.7171450727395176,0.7497572439824876,0.729095697813161,0.713651423312507,0.8684806851147607,0.7709162256817385,0.7521019083563196,0.6748523184421057,0.698569633125654,0.8594276189616888,0.762681780874644,0.8187701158335521,0.7775552085375362,0.7411854088989976,0.7910197121533327,0.8486649500596927,0.7559084586680824,0.7151524331707344,0.7807871536454392,0.8102359071470646,0.6766964697699651,0.8016608802272699,0.7711810429264251,0.8657875800821988,0.7755892673623235,0.856188730369034,0.6952828598878806,0.7129549143888844,0.8475506489666165,0.710246470136148,0.8107812320815607,0.6567592559910338,0.6690100964155687,0.7674565947214061,0.7293812458663667,0.8512497789361875,0.7341069912568591,0.8374447349668549,0.8140352917975109,0.6681485710757391,0.7338453423804422,0.8048026543716116,0.8888167467132799,0.798654617900764,0.7844597567167766,0.7738265801937693,0.7076579211856151,0.8190431561283508,0.9103071333996094,0.7282752055933431,0.8593437166249742,0.8202405992988032,0.7327163246543333,0.803744962055604,0.8458572117091808,0.6879865680446328,0.8021560992930372,0.7772830775444266,0.7240789046605014,0.7455456647780867,0.7508313183759905,0.7756812302528917,0.7019451993352408,0.883101450388145,0.7740823613425103,0.822207309365967,0.6154417720711027,0.748741203390765,0.728575810214666,0.7824508891443381,0.6333133633961903,0.7693031663444976,0.7247295325443187,0.7918954128935395,0.7975121180860246,0.8077809353196097,0.7124394473276379,0.8828324904207878,0.8431326969554563,0.6416297787336561,0.8515789233788685,0.7837458592777782,0.7085810023254598,0.7661662511634931,0.8134404362649004,0.7756595833428945,0.843723238120333,0.7220541120907236,0.685225455282792,0.7046098827864373,0.7788948427645772,0.8519034254575903,0.6905473115910845,0.8520613728581061,0.6946904132424065,0.8006432977241948,0.8067059542167292,0.6918611121813902,0.8453753605549803,0.9228837139065856,0.7442660354040114,0.725533116539485,0.7940721725563922,0.7222071733067634,0.8507376362125401,0.6628317461472059,0.6739004946900142,0.7498665797211546,0.7433522002650406,0.8716612514103099,0.7586083636456229,0.7081307783041291,0.8293474514873415,0.720887669263567,0.805698680568914,0.8045475263701871,0.8437180972056674,0.7075292461704319,0.7415984545428166,0.779404184689049,0.7177021707132852,0.7303449304081686,0.8562340975471754,0.8155283504088856,0.7851783036243813,0.8792445198246317,0.6552711715722118,0.7932175726066838,0.7444734634429833,0.7906207130227725,0.8666879461971051,0.7498953922644815
0.7968563107397406,0.8808710239510876,0.8343198516877691,0.8757911103529004,0.860222837399346,0.7174657638494142,0.0,0.7682709276572884,0.7292866553030288,0.7981045285937575,0.8530325437812512,0.8131238330481262,0.8321940155872741,0.8036293091487302,0.9296230747411188,0.801321891048735,0.8059488074442821,0.8486390270178706,0.7189048897809275,0.746054116624841,0.8233873158913918,0.9159294841932895,0.8739750385173576,0.9300681600415766,0.793245842019868,0.8280743350210553,0.8456973926731104,0.7631169462191931,0.819457160056755,0.7605573689405458,0.8001429918193955,0.7387295703847737,0.9025826688460531,0.7346028962074819,0.797716399395599,0.7864999604677584,0.8483136873887818,0.7970265355107319,0.8284549274787366,0.904962789198932,0.8683527325634038,0.7748565680578393,0.7601770835882344,0.8322575102371962,0.8439989155349699,0.8196458353476773,0.8052302929251902,0.7928788475113496,0.9219223774415124,0.7865957919007215,0.8571652413536425,0.783190174903912,0.706297568167866,0.8782978686439968,0.8158238046682372,0.7464937767710736,0.7851262325655178,0.7689592357539008,0.8371133409711808,0.8245948056723202,0.744154371385901,0.6262054985900709,0.7043391272457223,0.7194154140308485,0.701274610128948,0.6756795276106892,0.8320786018868003,0.8579979773706053,0.8040929699463358,0.7835422286724691,0.8276805517952178,0.7743415868708828,0.6499960090587151,0.8868408922812132,0.7353721911061932,0.7076032697134707,0.8446454836305998,0.9166820287728991,0.7222965648188041,0.6462216999069386,0.6831129887646565,0.8071773886632875,0.8822336557409054,0.7173057873861771,0.6672967376622062,0.8432728353906761,0.6526803943386217,0.7618370669131146,0.7446997088208752,0.8171993008126661,0.8716171870670455,0.7863317747138671,0.8421325023551527,0.7155481460841244,0.8437472910423897,0.8617626025073695,0.6339713876809783,0.7218362031307736,0.6285464904679563,0.8124773802909097,0.7854369886728307,0.6977268781751288,0.7039247843607971,0.7756426855259421,0.6868667982687829,0.7983268514787707,0.7110258338867577,0.7715514045191715,0.8868710950204073,0.8370998016616735,0.8479478076090009,0.7329270285522853,0.6973356900187532,0.7298041497768195,0.7533340399946044,0.8518880711807043,0.6698833361694982,0.7948919175249473,0.7514824146899277,0.7243971728396785,0.8431566434247069,0.6999653502293395,0.6648876551958426,0.8981783798596349,0.6476069125034694,0.8537854001273047,0.6660300334544805,0.8754258921460625,0.7569022045892193,0.8691895826992964,0.7109704598754699,0.7023873839386221,0.6965596844709555,0.7402750596340347,0.7796987357897514,0.7422727704494432,0.8069961148500929,0.9027805492554248,0.8450078162623235,0.8200970489078269,0.7952246617603987,0.7257159766866138,0.9042975538322476,0.7115479915382845,0.8365906570544858,0.781504521260589,0.8552103741863967,0.8172126776963817,0.7545108788908933,0.579730718348106,0.7347116490371397,0.7301284715533607,0.8682584376895951,0.9164116180837989,0.8262136024403642,0.8299786616826865,0.8498553302418733,0.8584467611406162,0.8341561375870102,0.7433163351203839,0.7696716017582677,0.6865590797224055,0.8248836618282782,0.8477641190477883
0.8048270026456666,0.8686556766993042,0.8547561901831313,0.8029274750855712,0.676600705259157,0.8242242730629968,0.7682709276572884,0.0,0.7850436557442095,0.8544442926038268,0.8174816522958763,0.8573164802283997,0.88351037975717,0.7522571464747461,0.8082823368879364,0.8586157810599682,0.8216238264058755,0.8147315695701747,0.8131532515838354,0.8198919043409187,0.8111949738129769,0.8397127246418986,0.7885625381535263,0.795805766472197,0.8783812123775788,0.756158199049027,0.8152094054061803,0.8466509206113846,0.7752908020207624,0.7833362167868326,0.8650182954891602,0.8471915966096047,0.8236424521786977,0.810882513473169,0.7627805378585949,0.7929733670667899,0.8596942234891853,0.8480413844381012,0.797878023936065,0.7637620469304703,0.7816737979735077,0.7689022476341587,0.7977138917553227,0.7490117914285486,0.9308848709899263,0.8498653319637541,0.7577665300682699,0.7685890995432229,0.8193187059873447,0.7710850409832115,0.7973518065085384,0.7660016855327064,0.6833405336140225,0.832582160933302,0.806940660203108,0.7823526845215955,0.7919118209213377,0.8510713355716649,0.7645532194992682,0.8234075524944373,0.8807941502220018,0.6837421323833138,0.7728453041717729,0.7098588403284106,0.6644602689492394,0.7597733883441328,0.801110883189712,0.8079940184646281,0.858542000642335,0.9551062315357254,0.7978631663570129,0.7280906643477504,0.6880496711126111,0.8687990002528793,0.9051103015993752,0.7547061602663506,0.8222814974764955,0.7620704936418807,0.8201129797990231,0.6213732230034382,0.7293809964764486,0.7824807210297633,0.8349718905471393,0.8488857816517408,0.7154263083520849,0.9084083704747635,0.8176270398814215,0.7770375474800331,0.8994337313112497,0.8292183077837154,0.7618975040573992,0.777962974341399,0.7740487952770947,0.7336685733935421,0.7227325103468637,0.8720853839909802,0.7756071755796503,0.8267679173360059,0.5925075709634259,0.8503240358057622,0.7508170087670488,0.8717981571848037,0.7176277171827455,0.8443157251110246,0.7782644303427347,0.8479481600753035,0.8349754972903287,0.8465318911894323,0.8017044386541846,0.8082964822696959,0.7886523530519945,0.6889642081009563,0.7508597067838996,0.9021463909141865,0.7743397132478134,0.8195610989249542,0.7598439469165023,0.7929275967731255,0.7576484906403819,0.7611727450786082,0.6912862191884108,0.8567347922848446,0.6905619670120392,0.8224813661351856,0.6151887505130978,0.8742331316801315,0.6940646185295997,0.8900376866658569,0.8224017274374504,0.7949683087748722,0.8438685012907577,0.7932948385954323,0.7718176478722921,0.7069975574856903,0.8063021201925377,0.6700369838478807,0.8395437172708182,0.7587803480244005,0.8250005635012116,0.8563253711546741,0.8024605320336178,0.7611436415512374,0.8282149297786122,0.7350385727649935,0.8008589001501457,0.7775238423891286,0.8143229539660006,0.8194937536140879,0.8550975445906972,0.6600618799172091,0.7862195440923974,0.740555920840967,0.8220638787764754,0.827233038016888,0.8902795128711057,0.8738651967208095,0.8059562570035265,0.8524279512909365,0.7115438434241104,0.7181343864617048,0.7626402823909728,0.7009912097098108,0.9029321685326992,0.7317998984798709
0.853964428494332,0.7728618625552578,0.6729877472111916,0.6412248483164884,0.6816701557906327,0.7449090850443997,0.7292866553030288,0.7850436557442095,0.0,0.6808771978609369,0.6943503989632634,0.7556237754640823,0.7332500112931051,0.6858972730037617,0.7674646643048041,0.6891706435185824,0.6585971309417484,0.7516797916078611,0.734938160026399,0.8005498680930239,0.7018978660567408,0.7591182330020197,0.6789898832844169,0.722937028313159,0.7787482055055296,0.6368275906313513,0.6655247641188202,0.6712802879699776,0.6318275404606427,0.8098988304658794,0.8966518574198529,0.7330374494255604,0.6908531848026844,0.6960173821189741,0.7972191747815999,0.6715386037695144,0.7924368489964884,0.7363121134736998,0.7256659411168584,0.6436827783202481,0.6569388860584643,0.8222260574905984,0.712433725498921,0.7247711084074371,0.7597157202738009,0.717224419947665,0.7428090165662665,0.6948152641156374,0.7394266427458159,0.7186473791101377,0.7099849031499603,0.6927049181192525,0.6618581207140328,0.6822941587304511,0.653436480485038,0.8542771022043705,0.7454516637076622,0.7211945879428857,0.673997130002337,0.7053474050566074,0.6946132651760571,0.6468652865767182,0.6706282994939309,0.6527611030547199,0.7346095423556006,0.6858384843823443,0.7149280890581536,0.792704420817721,0.6844680781139184,0.7984806790253639,0.815730346033632,0.705568501156511,0.6804944523321413,0.6932066579827344,0.7190894720384664,0.7669762178401246,0.6529231813269304,0.6681170778632429,0.681946417159229,0.6181364886835631,0.6592804361035599,0.9007398264083408,0.8172659169110607,0.6737790967465961,0.6656790411670584,0.8082633371321837,0.7691441430987176,0.7529595331334888,0.7552554447547183,0.8684979944209072,0.7198376927371383,0.8762239109240737,0.6776568158700162,0.7232815711709322,0.7100964606227583,0.8041346706418666,0.719848232770092,0.7595630166619081,0.6814097126240499,0.7110326361234599,0.7153029691457997,0.6732064291335956,0.658153302667455,0.7094358320545938,0.7348247140933593,0.706462732229031,0.622017646718977,0.7099888153152139,0.6706166943771993,0.7483717979668789,0.7135447735027488,0.6864964979254389,0.7106565307274938,0.7214035837084598,0.6678054243606454,0.7243984500951373,0.7109081374453327,0.7104224540537757,0.6051503463212795,0.7304928645380693,0.7013456675279579,0.6864597156764889,0.6968023360656399,0.7633671942758643,0.7511629517391479,0.6989785760283509,0.6413713840524956,0.7595113152465781,0.6336175743832922,0.6979158301932229,0.8545899044250742,0.6847876530290428,0.7009844117120597,0.8145438709216192,0.7461276418497498,0.7167216820845426,0.8085206129269055,0.6995234985117582,0.661386929711454,0.7918125958864124,0.6892438419285087,0.7099477101477603,0.834757875984102,0.6875268821275323,0.7233494281236099,0.7903529323209603,0.8726971936227128,0.6585009065964774,0.7305673026212703,0.5716517432982205,0.8128885948308987,0.6880299097301806,0.7272171689139492,0.7023454008543792,0.7339221770553243,0.8357758194985798,0.7269773277599795,0.7315406809255839,0.6692220134187844,0.6452648620240135,0.6174020594518874,0.7901279188813936,0.8714999899908177,0.776442173774305
0.7270434487496705,0.9280912559469725,0.929247875160733,0.7682396378213019,0.6811283255509212,0.8263535509441433,0.7981045285937575,0.8544442926038268,0.6808771978609369,0.0,0.8299569465899951,0.8687754664208512,0.8420985898819613,0.7417967955154938,0.7804629227799061,0.8458675038758098,0.8227584029863473,0.7612290894013657,0.8050557551438885,0.7626727621304459,0.812238204426401,0.8759520700989261,0.7758808421628097,0.8016788515296417,0.9018053057850145,0.6858938168767036,0.7729380922434348,0.8056928648577117,0.9126981846759157,0.7314615896677799,0.7869270201458988,0.8440460801714207,0.7969335355894469,0.7433211551754303,0.72395634802805,0.7756098672815106,0.8041713898825913,0.7693910416498908,0.7821897544543673,0.7632976941442767,0.7777768714547856,0.7759778634494068,0.7299753867401229,0.7503990434573582,0.8403682611540975,0.7604909660448327,0.7453544079288223,0.784952382349099,0.827134916795783,0.7108657688348401,0.7411621787631731,0.7076657227086971,0.6772016246564652,0.8602169025237612,0.8375901154623764,0.758693437053637,0.7139749720887103,0.7966009415694443,0.8162553120088086,0.7535087330205481,0.8301175498723465,0.6087833306156273,0.6941000453114742,0.721544488392788,0.6249303191780965,0.6802468865727167,0.7503167240890519,0.771838825810085,0.8317374448911442,0.8269706466488906,0.7119635529693296,0.6927914093255032,0.6353520747079341,0.8321973793432383,0.8557088192767808,0.7153888353519227,0.77887661341591,0.7906817867081174,0.6920577346789282,0.6236827323100738,0.7589532415068418,0.6712289898815319,0.825790311220918,0.7831901594238134,0.6309356384271146,0.814512324240108,0.7034064736617349,0.6927888066200725,0.7987545120638847,0.7475753446093024,0.6915919989833988,0.7289519630386819,0.7941298745652932,0.6800912354780533,0.6920805095948226,0.9015243359964994,0.6972001085402613,0.8019676042545865,0.5581061903659029,0.7734357897271934,0.7340705318462749,0.7675311425954146,0.632195423261767,0.9045050766395726,0.6668506504365155,0.7588520305011335,0.7894264025724883,0.8574313532396145,0.7914994792759097,0.8578145796638457,0.8011519035758264,0.6096782360114115,0.7097830445496184,0.8103502806977164,0.686508492426505,0.7547168737149985,0.7465040360041477,0.853294264426347,0.8318223505090011,0.6786572870248424,0.6561149627105881,0.669594815020402,0.662932839455342,0.7942242048899337,0.5990851521044933,0.9203274271116109,0.6246296927117378,0.8112353751361885,0.8773440822114351,0.763851106415069,0.8069518765699557,0.7598109502949106,0.6720184388489865,0.6298776841827914,0.8039290347954576,0.673684882880212,0.8062784823723328,0.7271485672745868,0.8208289857218102,0.7768169037538111,0.801843617419855,0.7822963912026775,0.7812738896974463,0.732595160558372,0.8059418115340403,0.6975109208498581,0.7523813928480471,0.8553448377132438,0.9168444911339918,0.6765767872891926,0.6699068545575756,0.7966660895190525,0.7979167724718181,0.8680964210171721,0.8875416296676596,0.7909958163836898,0.7900726827493834,0.8337863943231518,0.7075872058834644,0.6694231349828093,0.8258479268477222,0.6710202320008908,0.864565303417304,0.6803507700144705
0.8284390420524548,0.8747889063716346,0.9053667675291618,0.8491249044183085,0.8068597263929216,0.82275381975713,0.8530325437812512,0.8174816522958763,0.6943503989632634,0.8299569465899951,0.0,0.8557471964388432,0.9029400471838286,0.7998866012438389,0.8456283896333526,0.9206892455779627,0.8825025142849592,0.8176655880017896,0.8042896512913106,0.8314573713997598,0.9138011823976361,0.9350097463478615,0.7865643443741198,0.9149413569423168,0.8796091666347883,0.8598063792622105,0.7681645288522381,0.8297778871926872,0.8911343713939927,0.7303675176197079,0.8141896737634317,0.8352035030184769,0.8421003012457265,0.7850130536779639,0.8289136903188797,0.8210671345254413,0.9376898537185632,0.8864975689348663,0.8908788503763723,0.8387733139250931,0.8373261417678222,0.7782769686353177,0.8278665479186117,0.9255564382204726,0.8712944415593331,0.7843049782942795,0.7380917034141878,0.9616520314990917,0.9147758703842348,0.7960605026695121,0.8605073556657501,0.8173070525755631,0.670224222890946,0.9422423505231008,0.915649644814649,0.7276614896154017,0.8338511648746033,0.8446516562161213,0.8222581779466177,0.7856213361390012,0.8802974514995003,0.6340636822860222,0.7993750229816318,0.7641249019592966,0.6937359941514245,0.7480016115437468,0.8527057007759076,0.8641051442171707,0.8544104130407515,0.8758611770080476,0.8488276211238646,0.7804140051962195,0.7555483971290624,0.9169654874427349,0.8456348584129667,0.7311469423469165,0.9128498328021639,0.8816795729879879,0.7676856149190701,0.7411129148413922,0.7862855344322639,0.7583386314135165,0.8400088755750181,0.8466613323223606,0.7493438240343739,0.8559147274070905,0.8037473881500918,0.7384401248714204,0.7454602993875016,0.7763380981179712,0.8297284624369423,0.7095507941686756,0.8589828044047888,0.7706913514278747,0.8306273251733429,0.9039410401663086,0.7241451679299408,0.7584383268940885,0.6310404458565944,0.7788283080340654,0.8524911874540503,0.8159849445997424,0.7065104284251051,0.8004863553665895,0.7348798422126454,0.8060364324619946,0.7926158912073054,0.8277133648119648,0.809639487139973,0.9179604503607208,0.9396084311606739,0.7636880927318473,0.8087539324592657,0.8317232796550823,0.7728446867618323,0.8102853970348378,0.7169974268584377,0.8734779981612567,0.8969160217944647,0.7215897545490642,0.833877251432863,0.7306486875044172,0.7716021517874107,0.8892329669865281,0.7132689692342313,0.9306592265839504,0.6438896677269097,0.868574703464432,0.8668476228898143,0.8419978013637079,0.70277393905241,0.8308506713917729,0.8135983352705514,0.7840692626928802,0.9259670182100277,0.7808644004520685,0.8457405774384961,0.8391481321636309,0.8606942102962044,0.8219719774657357,0.8333024781868712,0.8402211796720414,0.7936053079250359,0.7732955331789356,0.967740214240281,0.7554434723181539,0.8222575312456971,0.7977808052535803,0.8412185097670443,0.6710879644050831,0.8201514520895566,0.7598970067992981,0.8910836852990391,0.8062416787131141,0.8892950791633886,0.8902295319618051,0.9047136764108256,0.87083847987858,0.8162958715101445,0.8084002496450301,0.7713014097416907,0.753845884096741,0.8224929264032435,0.8828768295926318
0.7697097866922464,0.8681288851193595,0.8983968416175672,0.7293047301655979,0.8047759249251394,0.8398768145186438,0.8131238330481262,0.8573164802283997,0.7556237754640823,0.8687754664208512,0.8557471964388432,0.0,0.7940498482346319,0.6762185457016128,0.7928512886187137,0.8948219756798824,0.8315641410843896,0.7357010283948714,0.8920740030642326,0.7994012657993254,0.8994003197385008,0.8673325891245254,0.799612539509377,0.8255368353061763,0.9158471633476774,0.7340702501544527,0.7260347032129806,0.7617371890979832,0.8280740423945782,0.8751801363655567,0.8737815873644903,0.8651872971866927,0.759346631275416,0.8198691457512252,0.7614580630072998,0.8197934341517645,0.8366431509354285,0.811408021625864,0.8805158525057537,0.7197319551464416,0.7822167697428489,0.8515343496718536,0.8197646016742212,0.834620626227584,0.8432055260123925,0.7572012545555898,0.815413948913283,0.8377987793082319,0.8499875479747706,0.7740712509923334,0.7969436982308626,0.7662504931858751,0.6293314082080057,0.8472464332286678,0.845467723056555,0.7830639170298062,0.7738362447286413,0.9444136544238577,0.7244013587687275,0.7561683877444068,0.75446274993158,0.6394426957122298,0.7368891519347328,0.7462108735937988,0.6487457269240883,0.6661935034664496,0.7022710746131532,0.7859844316869415,0.7876090530540587,0.8352958738475226,0.764918110832883,0.6872716352052249,0.6420501541814014,0.8127227507009733,0.8174408796110468,0.6894470160074081,0.7951085381500659,0.8456433459627006,0.7271032717998095,0.6465998303899244,0.7262663339470641,0.7557268544228446,0.8615213756248802,0.735885717351718,0.7128714728905992,0.8415459053594084,0.7520822595443881,0.7094630870270034,0.7609947205032627,0.7798684678242851,0.7996830219827025,0.8090887558353107,0.8305304427961421,0.681359011087894,0.6776020834312534,0.9200292832905671,0.7001465857767089,0.8592787630280732,0.6256080852098251,0.7217296911875881,0.7235774814705239,0.8150401795841672,0.714712479555075,0.9073479217708967,0.7070849851322725,0.8026179378080944,0.7845017129810715,0.8523219206358759,0.7564065791282367,0.8693210645840589,0.9000671258395716,0.7222047427489212,0.683056917860918,0.8129830471415845,0.6843694217370231,0.7641463229118879,0.7336323853738718,0.9036294571833575,0.8083708462296874,0.686263622361871,0.7425048937631121,0.7109105238339076,0.7084958024974971,0.8302916734475008,0.6277568002302437,0.8918922096919959,0.6432123772696181,0.8851095246942319,0.8511162457398713,0.7290460191252219,0.8241753338833461,0.8197218087987435,0.657422016871347,0.709124442514976,0.8322253698365507,0.6833027836436337,0.8701942733347696,0.7391075921872665,0.780778624844292,0.8828618673852479,0.7109567265216435,0.8264518876927741,0.7876633278589777,0.7796441274713884,0.8622410190080181,0.803781899637866,0.8838174444265878,0.7732153072802083,0.9179318035162971,0.719966752138377,0.750914914451709,0.7352188898524138,0.8603596503050439,0.8392182493849533,0.9544161443573831,0.7994527987929563,0.7503939999844456,0.8617243961786343,0.6571311132754687,0.6911006227525364,0.6838227472233681,0.7011027754591305,0.9110013649163056,0.7628192619569963
