0,1,2,3,4,5,6,7,8,9,10,11,12,13,14,15,16,17,18,19,20,21,22,23,24,25,26,27,28,29,30,31,32,33,34,35,36,37,38,39,40,41,42,43,44,45,46,47,48,49,50,51,52,53,54,55,56,57,58,59,60,61,62,63,64,65,66,67,68,69,70,71,72,73,74,75,76,77,78,79,80,81,82,83,84,85,86,87,88,89,90,91,92,93,94,95,96,97,98,99,100,101,102,103,104,105,106,107,108,109,110,111,112,113,114,115,116,117,118,119,120,121,122,123,124,125,126,127,128,129,130,131,132,133,134,135,136,137,138,139,140,141,142,143,144,145,146,147,148,149,150,151,152,153,154,155,156,157,158,159,160,161,162,163
0.0,0.8558629352620731,0.7547016249618345,0.7909470064723491,0.7613324679191076,0.8568910135408483,0.8765130344047504,0.8154097014598858,0.8745528069242576,0.7518039679864278,0.8561894116061584,0.8396534002029622,0.919101974525438,0.7899359942117593,0.8926082359306395,0.8223313654760898,0.8306111352731064,0.9609656046936113,0.8320927555802559,0.9222366458164253,0.8286849451805934,0.8596279426981612,0.8356440163258223,0.9068885464890806,0.8831288333511264,0.8043950514360161,0.8116775202590663,0.8418577088974105,0.7199445578001125,0.8516967451093433,0.8929619162876611,0.851206919072789,0.8272226126155534,0.8666109817898255,0.8842715025311149,0.7087950376126376,0.9501103638110411,0.8351156245807527,0.7978871204772087,0.913748440502689,0.758732599767621,0.8832234022212765,0.820464809375961,0.8330739679889279,0.8852481365090055,0.8971836408208813,0.7942505745548434,0.8166150252778397,0.9006464965891045,0.7949944179458945,0.8349754189282222,0.8237655390806249,0.7707036228723989,0.7973909504597942,0.7415112728220242,0.8533237874648956,0.9020923864656711,0.8176805630771589,0.7873851082870742,0.8217073818960489,0.8053480216085062,0.6715842416293291,0.7742938864036998,0.6457931988020879,0.8271962576274984,0.8485002827317497,0.9138348711873067,0.8900902595251206,0.7820461077215836,0.8735441766083447,0.9054456765608517,0.7758927919018175,0.7872236911894691,0.8786770789439664,0.8334793529690938,0.9015368683364368,0.797573603852727,0.8010743736077092,0.8504554210407462,0.7562207937796557,0.7762117628942712,0.9113810850963666,0.8775749699147566,0.7873652993143396,0.8259966972020076,0.9040336163183981,0.8624505469891866,0.8125711635808479,0.8586384143586809,0.8662562204765525,0.8308925362395363,0.8320581102650705,0.7653458212784281,0.866525993641017,0.8633293142925426,0.8564455650088936,0.6948679247516584,0.814498485223451,0.6691317224181308,0.8800104662489768,0.793778151883993,0.7385724455811937,0.7153888732088507,0.7295359852561948,0.7814803307823524,0.8427644980683446,0.7299734063080785,0.8596592457212623,0.8531201215327112,0.8875202115577786,0.8630383013928467,0.7895177511639229,0.8605756325633124,0.7868328297421543,0.8348995087606566,0.8951020949721403,0.8780150958792986,0.7847976291880014,0.7272209985832832,0.7616887472069027,0.7882740527174094,0.7075008863515445,0.8768260308067173,0.9015603293121812,0.788108442409252,0.8122356579647924,0.7011668756100881,0.8411860153098302,0.7274033185545694,0.8546887903270987,0.8116254807248887,0.7678556103585975,0.8033968522192776,0.8730647787319897,0.8256701377980292,0.7714062302811855,0.9167045952666018,0.8978778043588457,0.8360401799350493,0.8463954181422395,0.7634300750316653,0.7873429833439659,0.914940872012248,0.6787451991680507,0.8576990927512338,0.9125813042828562,0.8615577021998573,0.789361706059559,0.7968748915652216,0.6034983301262322,0.9069798889932719,0.7673419412405017,0.8343549202663352,0.7732469385086845,0.8424896242714894,0.9332833601444827,0.9218326790398746,0.8619330447405112,0.8146973935912797,0.7789438440116333,0.7593469740060963,0.8972383441260635,0.868130017780398,0.9396933908666776
0.8558629352620731,0.0,0.8680405595199421,0.7685151369396883,0.7370353150761556,0.9149219148310834,0.8622888402798503,0.868173396463225,0.8361454665963671,0.9396171675695599,0.8407811468409739,0.9430494195109935,0.8862629629918075,0.7832653073138041,0.8727796280333793,0.845418250225521,0.8375025709363481,0.8419824593934202,0.8673333613843387,0.8788865485670126,0.8373741631613091,0.9165985573763178,0.8316746075749075,0.8759866959355573,0.9539861611501642,0.7117767940265524,0.839336743601051,0.8084190521206237,0.8718117806865325,0.8471544040424882,0.9173950776184828,0.8883302264393123,0.8572503655379144,0.8510898412011788,0.8361633212526045,0.7941467625176593,0.8794131812218484,0.8247838777994515,0.8335031810790096,0.8605465513299941,0.8153876076584453,0.9006558733700983,0.7698165886729492,0.8046091493987301,0.914359948930776,0.8343276609510281,0.8222175078188647,0.8035034257096529,0.8635154704439604,0.7630161226517165,0.763601336480655,0.7621469886513811,0.7511645096426054,0.8504469365669421,0.7947318305479636,0.8850140997827641,0.7813009917128361,0.8559063115482499,0.8070790173640393,0.8119107402772108,0.806403112548066,0.6571626823975271,0.7078452312816812,0.7199140667062729,0.6958544634763613,0.7096271451962358,0.8191373723199371,0.8239297180946029,0.8099537885048387,0.8455341603262148,0.7915939741290532,0.7240049698908948,0.6786690228230561,0.840679229346192,0.8851437392025027,0.8085607484178249,0.7467643063369558,0.8195965294619527,0.7591585505218584,0.6778627733492848,0.7902614776032446,0.8048640131614206,0.8955430458405511,0.7912407479294437,0.713579935048226,0.9216966293913228,0.7898264630387664,0.7321225435738692,0.8564479052748418,0.8591044960198937,0.7551932072217526,0.8774256963050815,0.7947538530905971,0.7330384538728423,0.7396841536352549,0.960633855737876,0.7128154773818769,0.9172655867610314,0.6475055394660006,0.8444040139390677,0.7721732090220023,0.732043243969095,0.6689447854252978,0.8796123945100776,0.7230875662226444,0.8144769055017135,0.7589651677294343,0.9439896463655235,0.8694112089378182,0.92156724828412,0.8431279115253977,0.6886926558971197,0.7701461935790974,0.814859456982593,0.7297834918196568,0.8420686947230943,0.8800310904945469,0.8425859543881217,0.7830637415598617,0.7552459546902838,0.7061742857230342,0.6756071176810798,0.7920232405173075,0.8474041168043127,0.6940110711512052,0.9133078060855112,0.6831616126798812,0.8738226830327425,0.8655753507162969,0.8280554998602827,0.9009299729798812,0.7733589909941051,0.6847375091341056,0.7738549859262502,0.843391949329527,0.7095536889605452,0.9219911299766234,0.8360261580864645,0.9075250814387003,0.8463432789569391,0.7778710122684606,0.8486146053232408,0.893000681795574,0.7516906739803938,0.8662590719607092,0.8544426729240259,0.870392176824082,0.865426979489318,0.9598319103396936,0.7090542231867188,0.7650019533270564,0.8338397417498573,0.8325009964837508,0.8846159858909235,0.9224303329545978,0.8613351413075311,0.8255363915905714,0.8713174757718027,0.7389797112395302,0.6752668803273458,0.8606905906241612,0.8085851994471039,0.9640588465778651,0.7849487479357562
0.7547016249618345,0.8680405595199421,0.0,0.7211174963688773,0.8336301373229439,0.9128451238585291,0.7904565183801463,0.8073182259976065,0.6955224419069939,0.8771252343784723,0.8767695563412709,0.9005518198188822,0.8578390800870916,0.661034198180444,0.8241417344710635,0.9274558851346589,0.8868827172069117,0.76552074226601,0.7986311265808667,0.7569872056755785,0.9336121504484888,0.9468199001907922,0.7183461710436586,0.8637286784023576,0.8497460935675039,0.7936235745838386,0.707128969464819,0.6997552837693531,0.8675251528024244,0.8228940424429666,0.774953819915943,0.8622667471097522,0.80433326408855,0.720835714335065,0.6837824052443676,0.7719552622913199,0.8451185136005153,0.8078909639777857,0.8454495255867281,0.8272262093335337,0.8356415855379004,0.849019077761051,0.8502115202851183,0.8276939872364646,0.8091309509519844,0.8004273691855539,0.8528152413507759,0.8753596551482752,0.7766167992296182,0.7849935361182994,0.8034563017168257,0.8081653583736756,0.6831221275083253,0.8743621435842742,0.8035253653823086,0.7672494704523996,0.7620292381997188,0.9189568340599297,0.7148915846494229,0.7314403973739164,0.7806795814178881,0.6755796713670029,0.8127679404171515,0.6619020219114089,0.6697887699269592,0.7117084957827131,0.7181923255930224,0.8698541808177367,0.8417585324103977,0.8097130712250806,0.8173903366558096,0.6179736502492569,0.6168801627699874,0.8799926465444131,0.8692821850832647,0.6629359116566329,0.8088006993981918,0.8867817658695936,0.7484608793501372,0.7139556453025427,0.8795641043753379,0.7323196474184289,0.8813289958382083,0.7749160430683639,0.6969490804729831,0.8300601588816039,0.7476900335443302,0.6562169056398569,0.7155404744201962,0.7354072441065459,0.7991825434162708,0.7060193050338353,0.8184750812888801,0.6590464401808174,0.6905291306927741,0.8948396718344691,0.7036110214963769,0.7784621651342023,0.5691183821809286,0.7069586470760082,0.6669795314737206,0.7918472224130435,0.6273217227579204,0.8137643434076599,0.663511133702064,0.8597421359672763,0.8455760250868957,0.842000876506702,0.8651006520610355,0.8923626233037141,0.8292095963818462,0.679187585751923,0.7183291053209245,0.7295953293453735,0.6968567217263332,0.7971999967749193,0.7303529580903098,0.8363514444842912,0.8517837392289572,0.635443982631967,0.7505769536855164,0.682254564477953,0.7145577133965556,0.844444574761193,0.5926718768346086,0.9109044989267648,0.6616127568605958,0.8745740704953162,0.8500452122600283,0.8204764210911106,0.7681782934834006,0.9246970734271375,0.6189596428973086,0.6697499994891515,0.819335804427893,0.7251140193954957,0.8569071554241454,0.7674017486997801,0.829752032664883,0.8118595041106725,0.7048719025475781,0.8385032401532432,0.7380134765419495,0.7480454759510534,0.8774034851477679,0.753000233405445,0.867764140720086,0.925134908473951,0.8928626078561922,0.7055181070494047,0.6688882749802888,0.7434458339081825,0.8098736655946261,0.8922992794268982,0.904271598423759,0.7888476461092111,0.7594107366757515,0.8907532516262715,0.6199251401048447,0.6665468223078058,0.8749614020615626,0.6604189731033082,0.8550754512390434,0.7653484545839637
0.7909470064723491,0.7685151369396883,0.7211174963688773,0.0,0.7008085744299146,0.8191950907142754,0.8353583996112822,0.7780892551594588,0.6875431869708775,0.7401533653863541,0.8240784120141312,0.8211142021780942,0.7762236016075191,0.7087839383070822,0.8120812287575303,0.7496398756778733,0.7775269200656806,0.788903117396916,0.8692318644977903,0.7136767949648317,0.7857372347745385,0.7547483663666428,0.7801500588853305,0.7577638635816745,0.8203622372177263,0.7593052015794283,0.7497519563864685,0.8147878781262302,0.749705088963613,0.7258749073806178,0.8046468787967005,0.7947144819072834,0.9375690422601509,0.8243352134159101,0.7910449403492001,0.7757298692686273,0.8004106661760971,0.772488398772815,0.7751209084584396,0.8051046701004796,0.8240498112885303,0.7315036050950765,0.7778150980324692,0.8332208282774033,0.787342208620387,0.7610671697554513,0.6798003065384163,0.7689285572557902,0.8098735566837726,0.7323974179958699,0.8434176313606531,0.8040187633349648,0.7358061235010056,0.8756424035576296,0.8191079910112342,0.6880219172259596,0.7803071470812062,0.8357463728340017,0.7408902937493498,0.7500567777618236,0.7974363827814643,0.6562449474756116,0.8053333477480098,0.6139156360303027,0.698670402190193,0.7343873891207225,0.7616723243446838,0.7281867116641688,0.7523355557054175,0.8334279332500444,0.7435125240269902,0.6852009598129849,0.7434310273191073,0.8302127054374846,0.8072776347228392,0.7585959576974814,0.7641124532979732,0.7488710005071093,0.8075606586098764,0.6742978835504385,0.7386811470596136,0.8056762976149631,0.7295571768912926,0.7665722595490149,0.8221616034791175,0.7536889518327935,0.7999564858331403,0.7861043088083376,0.7855455008016092,0.6746163696548847,0.8189547234424206,0.8154664674155967,0.781336623953641,0.7437582376292634,0.8115316613902321,0.8179356595704118,0.6844484341763905,0.7949901061549465,0.6304453290292016,0.8211399979273754,0.7275287966083354,0.7526691273451148,0.9057027929538325,0.810368339785808,0.795720354375434,0.7125239341343527,0.7480124375271534,0.7660672638905635,0.7712069015940219,0.7364139092139576,0.8825984367409935,0.7600040525071753,0.7980854940491804,0.7655263235193557,0.8206140445045309,0.7545478343390676,0.830134984700442,0.7318310522002215,0.8162350933448113,0.7529453330545124,0.6627436211756267,0.8360882051916058,0.717322560054525,0.8038784884738442,0.6544827525489232,0.8329998870466722,0.6893964127881607,0.7411718965383132,0.7917850183991455,0.7306246325385938,0.6748855784639539,0.701968800847824,0.7003138670691006,0.7905165023806088,0.7308843962056103,0.6430581770049246,0.7198380599524172,0.803995981872486,0.7606179629026886,0.7872354845037354,0.8907835562364891,0.7178126868495189,0.8130203632500015,0.7412724084337091,0.775959773486207,0.8024128434066916,0.7269955870052401,0.7455327534633637,0.7387315181639272,0.6008138068555053,0.8403045747484459,0.8413508565699145,0.7580347357758093,0.6628521939750605,0.8613205077869802,0.7517573172273021,0.7427306849681384,0.7844418098647817,0.8583799015875032,0.7773511795399154,0.7626319856953534,0.7899678428264791,0.7726195791715122,0.7780764951771281
0.7613324679191076,0.7370353150761556,0.8336301373229439,0.7008085744299146,0.0,0.7879870663750498,0.8424707066648327,0.6618058924000078,0.6616633006033822,0.680331562962951,0.8223633596110085,0.8133597127426949,0.7577436435026215,0.6124305377314956,0.8396410440287644,0.8582212759561567,0.8573548208523727,0.7698898042344984,0.7438540994716528,0.6853689860753674,0.9192991480286553,0.8474576923166951,0.7284292251099851,0.8822555012289524,0.7190717178206036,0.8699891474946658,0.6449325060146827,0.6387185932500667,0.7332334693013605,0.8530460592511371,0.711332775182286,0.7674606335423982,0.7778506595449826,0.6833271575431645,0.6690075275975835,0.7102744972381491,0.7908514811122773,0.7581978764810263,0.8172839958430066,0.8637619163807737,0.8552935458016974,0.7957570991646201,0.8695148123330826,0.8634307162002776,0.6951695994440749,0.8062852322874817,0.9037870937040917,0.8304975503095146,0.7798477994927289,0.8323430339647273,0.8816223898400807,0.8813897203129814,0.7305076205895791,0.8020457822250997,0.7370241149856158,0.7017529909774455,0.8260668395718237,0.874532045308536,0.6458723205239301,0.7376567306124503,0.6348507819429641,0.7027068461671198,0.8375505512968048,0.602300603820264,0.7553133878551382,0.6932636403710345,0.6458213535695948,0.8607323568469216,0.7128341214318867,0.6941083326083879,0.8554634142194092,0.6292164773498771,0.5819934234140578,0.8395960320099305,0.7199869577133587,0.653117008163271,0.8009045442719493,0.947128188620978,0.74352188218433,0.7829475624598717,0.8105760848023584,0.761188650084647,0.8615412531928063,0.6491559751403072,0.7473534750191507,0.7486087846498684,0.6431346798570938,0.6630231066998006,0.644279535402927,0.6795045394122872,0.9301178237370625,0.6834555135415162,0.844810188470378,0.6948138264390148,0.7413979813273462,0.7703308535861276,0.6026678616655083,0.6698807490568223,0.6115964615933639,0.6558096122805772,0.6345072142220821,0.6921982882236231,0.6440231438520879,0.6800499296907061,0.6504398644517488,0.8567738803379957,0.7593292121874871,0.711208688448971,0.8906989085607515,0.8021088467752597,0.8314627234016417,0.7780122815385444,0.6503203254056632,0.6212770962267895,0.7410302471417448,0.8169079463739487,0.6797403963681533,0.763299870142493,0.7551574353718785,0.6031245395368491,0.9154404287825771,0.6479241941521856,0.6923488017175271,0.8911797093801705,0.6020872826283551,0.7907636285576297,0.6752346378938701,0.8269168480867917,0.7000852200327308,0.7999414758814529,0.6626086600316398,0.8613238176065215,0.582706823008677,0.6972190789299387,0.701754409248387,0.7824423023053485,0.8199614794765885,0.8394769120542526,0.6956853727780686,0.8048896385441628,0.623490532179312,0.7584459519217168,0.7374480148498993,0.664487779112556,0.821906206660845,0.7536692296600661,0.8724393042857431,0.8509894004084256,0.7082686322994811,0.6218628707654996,0.6669180382966636,0.6968522989196002,0.7984472648415746,0.8099130595558394,0.801955166183075,0.7071801307512648,0.7262805939819513,0.853965064236517,0.6257755558299519,0.7292609332771147,0.7200413080541597,0.6589010885193759,0.7478026935243958,0.8619618160316342
0.8568910135408483,0.9149219148310834,0.9128451238585291,0.8191950907142754,0.7879870663750498,0.0,0.8425531633770831,0.8524905647057289,0.7593651332253497,0.8642894190829287,0.905205421088701,0.9159242348653922,0.9416546147257558,0.7488747019640558,0.8378809920123921,0.9205785160305431,0.9062885605852904,0.8136782240178538,0.8405908006311306,0.8147202712113231,0.9130043681470148,0.9107011124861983,0.7635963050260224,0.88771392452562,0.9082186451379851,0.8376272430739565,0.7567032640783199,0.7946466076981864,0.8521551826529711,0.8387829871943929,0.8390028999280434,0.9085511901054796,0.8836377641074634,0.8269161515678334,0.7747101582903279,0.7743998077397042,0.9312925287896776,0.8418019349693541,0.8285091241125229,0.8836237206120069,0.8362532094460708,0.8936770852452038,0.8204384381340603,0.8746895876180227,0.8718416544426812,0.8456348791659782,0.8394169692486715,0.8867159932627595,0.8266323927646977,0.767509461061958,0.8353013601145605,0.8762762909499999,0.7239070953132241,0.8940867425804238,0.8111772061093051,0.8572783517394675,0.8142777042748022,0.9236873895867372,0.7279957581354948,0.7823187764335808,0.859875064631278,0.7112521585703991,0.8353237172836204,0.6512332373880183,0.6845760479615092,0.7784802922201562,0.8335565058946363,0.8962214965135098,0.7989795375226946,0.8689938898532794,0.8624078532140077,0.6749489968233637,0.7233315223632953,0.913553978187812,0.9201522706181483,0.7815151634852952,0.8276288982116511,0.8847416925032485,0.8148240434422828,0.7931344566057938,0.9186097075623783,0.7949595671538757,0.9066431762075142,0.8673162556368448,0.7844989628513808,0.8960270772526363,0.8491995535409592,0.7023653422772917,0.818842705334662,0.8174766918338114,0.8245686741033496,0.7931044130020513,0.8029832502657327,0.7556242230415637,0.7745436429861382,0.9431378026355437,0.7224715790953177,0.8680590528119306,0.6238740564774973,0.8370909855243241,0.7470463760531817,0.7777378363729892,0.6891008565062798,0.8134328445559821,0.7328439004108911,0.8788813376679138,0.8263183043978619,0.9044937740868078,0.8742743276145724,0.9334920765615212,0.8921415416670437,0.7152531410218516,0.8614573696512167,0.7947919620482666,0.7946328173498988,0.8847175419340855,0.8513829377704167,0.7935095737646891,0.879420736036184,0.7576881149789181,0.7465012860347051,0.7442908956827023,0.8328356870491267,0.908034555350889,0.6751777295872338,0.9312740064334705,0.7244645586974008,0.8911088163649475,0.8706573705420675,0.8161644812041056,0.8225132960685297,0.8916128109273086,0.7256803975125441,0.7873803062065673,0.8251010422661772,0.7229422950991728,0.8983432652292167,0.8173520803222977,0.8220922636938598,0.8119878782704919,0.7875593055530064,0.8687687755757277,0.826720991678011,0.7288020215894833,0.9103264937559259,0.827600073245282,0.8713887722871678,0.9106013529214926,0.8791657167612145,0.7084129880443316,0.7694865858038006,0.8000628713070786,0.790171891113168,0.8344141942045445,0.9388169188840391,0.8578197980555491,0.8437911278148635,0.9465408833219499,0.7325497692194257,0.7525537812895482,0.8959742584247834,0.7948938314840951,0.8969589145276684,0.8391307026487204
0.8765130344047504,0.8622888402798503,0.7904565183801463,0.8353583996112822,0.8424707066648327,0.8425531633770831,0.0,0.7635420487827624,0.7706475349193886,0.8032078554985533,0.8515967752961177,0.9184016174779241,0.8375160040653409,0.6919115198517916,0.9220579908023189,0.8337672395775254,0.8581152958564863,0.886345326378893,0.8950222119981603,0.7871841669824917,0.8699769952747841,0.8582926651642478,0.9272831072543121,0.9270347245409456,0.8815171171063739,0.780118580379774,0.8109134378113586,0.8149099175832983,0.7780048761841262,0.9066854558125725,0.854856112439493,0.8614057785979783,0.8706892844885638,0.8695984960495513,0.7891250883581992,0.7277198207223686,0.8725709821835211,0.7547338187944922,0.8341308407153402,0.9472765268518224,0.8236280869868506,0.873893825804192,0.8280057134719842,0.8489271927200095,0.8196073693306121,0.8831272955760723,0.8441380012863382,0.7967489323189672,0.944040894170365,0.7829255309174181,0.8859083877399446,0.8233545415835773,0.7751054189813276,0.8440581452283342,0.7881201884710071,0.7986243860144867,0.8645414415778451,0.8722638753195117,0.7830174051437937,0.8193476025036488,0.7213446052345376,0.6471011373799187,0.7504240077854327,0.614379482342298,0.7622349254808075,0.7276794065419889,0.7725586635213837,0.8413335546102554,0.7387339284447388,0.7972244409328131,0.8149168291429806,0.6947265849206335,0.6488694766038442,0.8880709880314457,0.7802221111904087,0.8273154025056426,0.8191309190565841,0.8918117348289283,0.7671807116490954,0.7377996822281667,0.7572974711727747,0.8412864977551586,0.8958780576571914,0.6776120492282464,0.7747324208387626,0.8170486033239461,0.7286831232973312,0.7808008863154402,0.8209267292438901,0.7780510728675996,0.8756977422682678,0.8478228562401721,0.8436109065780835,0.7904195204625378,0.7833218823252129,0.8640719801289591,0.612445394742658,0.8001320764006044,0.6194075672326235,0.8273949958612363,0.7181071909030353,0.7287432616732459,0.7409755654699338,0.7908625680692363,0.6989453404871323,0.8246554004381985,0.7523995288284454,0.8434005586288656,0.9190773073113482,0.871328244219424,0.9305717524073278,0.7461705745483168,0.731776448022477,0.7301305033767052,0.7664901047380198,0.8714101237527886,0.8608668224037903,0.8379990154910497,0.7575089120247879,0.6849229658611555,0.7761051402663405,0.6773845796703262,0.7456147950859137,0.9380296700150478,0.6519171963133634,0.861515401251372,0.6780794495601924,0.844200219457386,0.7518987764881472,0.788451971083369,0.7689642081299627,0.7488596825225371,0.6595395962828264,0.7520863238814571,0.7479498298095174,0.7098089399516633,0.8816547536947497,0.8848134342933944,0.8036843924350735,0.8829633891140527,0.7350927726370525,0.7614667212366196,0.9170085543700608,0.671936494182936,0.8259790709212324,0.879611008091591,0.8501677073668242,0.8666402483766883,0.8016469641953116,0.5954477293486284,0.794542819641014,0.8184325779534234,0.8531561912089283,0.8310524121182509,0.8973050226045203,0.808855140830718,0.8480798189734033,0.89424287884867,0.767891162601522,0.7898930271054817,0.7716809622838506,0.7895339792507046,0.8494821075673393,0.875642256156117
0.8154097014598858,0.868173396463225,0.8073182259976065,0.7780892551594588,0.6618058924000078,0.8524905647057289,0.7635420487827624,0.0,0.8573858448925615,0.8473148487297516,0.7812922556383384,0.8750550547597361,0.8695544357611118,0.7180357678481647,0.8312638714122762,0.8019766954442736,0.7611808933804626,0.820678918431698,0.8132502927630275,0.8279303382019786,0.7661767986896726,0.838203962791473,0.7769016743916893,0.7732303568949955,0.886421239780346,0.7087674843514593,0.8806356767967263,0.7943582089579029,0.7293602038489279,0.810087804480241,0.9087567139183886,0.8388101136791272,0.82878370145447,0.8226311294909628,0.7542206456234228,0.7556646158471649,0.8560331343840207,0.813631752684895,0.7944532939544209,0.7702313315503099,0.7331020333525154,0.8192891108082252,0.7760779573579465,0.7124288528336971,0.9546304158370238,0.8489988502185817,0.7354400559198117,0.7306178903044166,0.7767955550473329,0.7354826298740564,0.7422348249121903,0.7089629927643089,0.6616266280793571,0.787815359297226,0.748328502597023,0.8162167223106421,0.7471238795883182,0.8483951542225797,0.7192650995301532,0.791348845826335,0.8628677446152739,0.6696662357450995,0.7192056225199872,0.6468562244334966,0.6556377067104394,0.7374083286483732,0.8390900010859577,0.7950854818379925,0.8381539496392875,0.9540904449237859,0.782879159809651,0.6624978901732633,0.6720428942347646,0.8317347817206432,0.8917053307570607,0.7462718569501217,0.761801734617607,0.7283186949721224,0.8339798843459357,0.6013525017755986,0.7005672216162682,0.8345465672896905,0.8255735780358977,0.8080244029947059,0.6992722763376874,0.910667162326669,0.8841910360839381,0.7696090196218061,0.8932010255796332,0.8552133027672011,0.7309330746550928,0.8263762406197265,0.7165354746891683,0.6825526991362079,0.683896153267266,0.8812214102895788,0.7706035361522253,0.8510680042544638,0.5880321494290471,0.8566748620973299,0.7097580976652325,0.8430939985838074,0.7028456471944494,0.8228250132328285,0.7622238074113623,0.8124678998271061,0.7797222263250287,0.8631350348562705,0.7898278109896761,0.7977365422976874,0.7618410445867372,0.6730050440529189,0.7546888533469823,0.8802825695886534,0.7286311593260597,0.7999728776099861,0.7787368655586643,0.7691276554080101,0.6933200697383479,0.7512631898702673,0.6360037396547586,0.8211087502842755,0.6940936461938145,0.7797458350199329,0.6117914891479143,0.8372827662851531,0.6880705301076041,0.8791245890368518,0.772315584329523,0.7927373604793694,0.8705424355465249,0.757791588896964,0.7304470610839796,0.7341862171395285,0.7973255167734508,0.6152386823795644,0.828754442751362,0.7543732454326757,0.8773670141146179,0.8542511335348933,0.760996448058269,0.751293725674973,0.8353999464820557,0.7348338785415753,0.7751921663109751,0.8374556034172828,0.8301111903812208,0.8033704711448948,0.8628376261472726,0.6394447303000149,0.7952187794152524,0.7155383286207796,0.7888358353989292,0.8162224725214279,0.8711310950244241,0.892248911703518,0.7784288196924667,0.8228417850181637,0.6743318992693104,0.6513617798707287,0.743522581800495,0.7104761795407207,0.9167612458816501,0.7231289845663974
0.8745528069242576,0.8361454665963671,0.6955224419069939,0.6875431869708775,0.6616633006033822,0.7593651332253497,0.7706475349193886,0.8573858448925615,0.0,0.7381158438459964,0.6926380305800333,0.7870388995070281,0.7973039031175302,0.7211822994796436,0.829640223438035,0.698925328091785,0.6825954492868471,0.8540683979925467,0.7228027712492935,0.8421281028046849,0.6917342309082131,0.7924991813934481,0.7806689864804048,0.7772488711424315,0.8170767360174888,0.6613008088576926,0.8504978066761502,0.7294130111401366,0.6316720865572597,0.8170190682700851,0.8911285299273516,0.7280854416158323,0.7528949114097823,0.767826719119195,0.7994366117704943,0.6561752153827325,0.8141913650104153,0.7418366120830079,0.7021001963018713,0.7582376338234891,0.6710169298536104,0.8632413203941252,0.6893879447011309,0.6702116602533623,0.8666482534728305,0.8102998486097034,0.7545720910372583,0.6553152449152699,0.7578615227059746,0.6925570187506224,0.6757899430409057,0.6838283596037045,0.6603230355792785,0.6719487620796507,0.6237945421302373,0.894852293071671,0.7247959581609463,0.735928522687513,0.6861128829903075,0.7469216955075016,0.7073789460542852,0.6145341433106712,0.6293445338856306,0.619929294386522,0.6966471324551393,0.6751801016920108,0.8216291732078069,0.7925901968515079,0.7240873510873815,0.8364530793977742,0.7903731713487803,0.6821057026479106,0.6627416314736427,0.7316582357177981,0.7508450621126675,0.7647793271794522,0.654677367330639,0.6872926546296156,0.7473052465339866,0.5871847640162855,0.6361383583210396,0.8951168259969108,0.8356377679259356,0.6887689333329461,0.6542022532146589,0.9157766946176072,0.7797679627242254,0.7324959912631436,0.8326417057793785,0.9453252815158074,0.7121991212822754,0.8649816122343299,0.6420151368034487,0.6798713988630966,0.7011925342728635,0.8192932897631848,0.657750947840395,0.8268081455957775,0.63069190340413,0.8220289371581595,0.6815120880601433,0.6642643129703482,0.6452608283252435,0.7325265893497431,0.7051706293704244,0.7670722463636477,0.6212452340923778,0.8288716551049763,0.7504778153554306,0.7770642954809343,0.6939582276885726,0.6679519051180773,0.7134967511466637,0.761521970378855,0.6844936896259961,0.8254416561285861,0.7553852128904882,0.6882828629310236,0.5950131726946489,0.7691056772737513,0.657595875791592,0.687627678906778,0.7210811854747017,0.7547946589854714,0.6877621708581781,0.7096838807076639,0.654467338030324,0.8027071158232577,0.6438507706861964,0.7624779194053977,0.9154220785425363,0.6636799115044918,0.6901774652157064,0.7904278320688187,0.7275397589087124,0.6355431266795909,0.8428894189838302,0.7781157280835611,0.7929913889045599,0.7868674131107575,0.6797536906519508,0.6806654919301993,0.8814098065602639,0.6426459395677857,0.7102351552391851,0.8833066787930635,0.8559712255346708,0.703773774226273,0.7735135227903047,0.5701396615321084,0.7833738284935173,0.6566768004184297,0.7402130151446338,0.7979528208758004,0.7735141064313884,0.8778015971704473,0.7709614955659574,0.7750010088838925,0.6859867165468203,0.6044187665806369,0.6577803061328863,0.7621127078854382,0.8955757861417937,0.7694601340123827
0.7518039679864278,0.9396171675695599,0.8771252343784723,0.7401533653863541,0.680331562962951,0.8642894190829287,0.8032078554985533,0.8473148487297516,0.7381158438459964,0.0,0.8122497955102106,0.9145677241464699,0.8297566251003685,0.7003795712669743,0.8004116135872287,0.8168249762757874,0.8012782809571753,0.7714423121255004,0.8589513157461784,0.7975074868130193,0.7977491725003091,0.8735243195615433,0.800481505553965,0.8019423325114965,0.9399859565503045,0.6462841692585107,0.8103109334506533,0.793337153213771,0.8888762267361308,0.7877900838358949,0.8376859796145626,0.8659466145789647,0.7914118385913816,0.7982604130199237,0.7341531358425047,0.7557181810600018,0.8077215935063861,0.7491348178016712,0.7955547592395115,0.7848647006145774,0.7528484447464471,0.8319548976972484,0.7379552405608055,0.7374328765010136,0.8553256454508806,0.7639260844555825,0.7440031325120764,0.7658204017809065,0.8196546966890867,0.6959822704856128,0.7135963158582241,0.6819931922147405,0.6770699436224844,0.8269818419947734,0.795951410210867,0.7893934915601956,0.707497368936402,0.8224652150245388,0.807116614849178,0.7357902087004364,0.7994035930894402,0.5948341919421323,0.6660189588788196,0.6832014962059522,0.6242879180069879,0.6608037098028606,0.7472005486369047,0.7533413406336661,0.8190451847035137,0.8238694962990009,0.696752948152518,0.6442609010040907,0.6229114855363845,0.8056304552098268,0.8598587598439735,0.7341518291782919,0.7307693908394901,0.7650734489832626,0.6883477912517152,0.6217390109009461,0.7510808197532564,0.7064907999609029,0.8194881143535655,0.7451398689946278,0.6452562180801668,0.8173861520171191,0.7504378709726269,0.6893918569638402,0.8087361597292246,0.757884102485731,0.6852663934956775,0.7830544790155693,0.7640881168038584,0.6611553598155241,0.6516891163681335,0.9086187825649998,0.6791065003884377,0.8540603443188219,0.5624892651743122,0.7693734340547199,0.7024075333687787,0.7543233082264746,0.6414849756250002,0.90326982000965,0.6552669846720154,0.7441780994278594,0.7641759453063982,0.9130439581365216,0.7988917288489692,0.8659567984898034,0.8033977606060838,0.609287025885022,0.7082315857969111,0.7997118330987191,0.6459525539830744,0.7466216600314927,0.8217991843554147,0.8608758922393577,0.7836179097661417,0.6648730705302655,0.6215961667345942,0.6442117263929457,0.6959968465080172,0.7729125132047389,0.6049113222008676,0.901654088771596,0.615101141909434,0.8032551157809108,0.8674126135994207,0.7480248819384766,0.8373852267504,0.7401972692940751,0.6325154958519579,0.6522172408451925,0.8111276548217511,0.6376452637177578,0.8316176880798096,0.7271116850028558,0.8975452842118161,0.8028112271268991,0.7595577755614065,0.7918360647297781,0.7928052617599113,0.733577880650474,0.8021876824479179,0.7638915413065103,0.772518567701486,0.8518083323519073,0.9697876310267289,0.6838434448425387,0.6928484418664247,0.8139485855006361,0.7959092324555394,0.8527707422382433,0.8989631413768233,0.7942406202391874,0.7723430028039833,0.8151636225278601,0.6732008704588396,0.6364348810184277,0.8681732418557253,0.7070087398021049,0.8867342518867947,0.6889579086545091
0.8561894116061584,0.8407811468409739,0.8767695563412709,0.8240784120141312,0.8223633596110085,0.905205421088701,0.8515967752961177,0.7812922556383384,0.6926380305800333,0.8122497955102106,0.0,0.8863414477364095,0.9099479526796842,0.7472287631647405,0.8608164829682589,0.9404941898774722,0.9337599427609363,0.8554611522077529,0.901836610314901,0.8390358805654452,0.9416323489285978,0.9126780366569134,0.775598287290857,0.8984868311013591,0.8797391735889977,0.8389346698986377,0.7371179571594726,0.8255119220577551,0.8811020619328014,0.8120214577406437,0.8190341810690611,0.9320521816704462,0.8463238534288489,0.8158044180998527,0.795519151818961,0.7973428009016866,0.9252326754072382,0.8815341742545951,0.9179193925853507,0.9006234674297842,0.8423107516177865,0.8018561231767075,0.9145990086189363,0.9274776174448193,0.8283113213711846,0.8318583528832153,0.7622152081931347,0.9633112261699012,0.8995502248223796,0.8461117999678557,0.9133364919161867,0.8361907201623006,0.7816862186271671,0.9458817117022453,0.9133401118068395,0.7166288377269658,0.9070412381097821,0.9072295253149016,0.8126026619044402,0.8039594125527911,0.874753449921521,0.6955399460110043,0.8813351467728792,0.6821197389957252,0.7833778214864316,0.8466620060849406,0.8127003819927694,0.8562198512391569,0.8522957466843428,0.8550590974279825,0.8551411821565925,0.7375254820283694,0.7412788693457296,0.949041651346977,0.9054929617297988,0.7984215939777277,0.9117425533588551,0.878368389864688,0.8201456561537194,0.8129207671497589,0.8800318346859228,0.7758689176363162,0.8349702535772078,0.8379407349058198,0.8434350963722764,0.8013163388775562,0.8428911619939268,0.7751982229439763,0.7686288250323522,0.7074178044618286,0.8502886074578531,0.7230420417192814,0.9064015475559873,0.835065629960069,0.83564634717708,0.8669157050690942,0.7462776372285,0.7429234128011859,0.6275238907733558,0.76705111063381,0.8108003308555023,0.8486186592920874,0.7070004839032642,0.7644196045958745,0.765548186323352,0.8195489097238299,0.8742521748333203,0.8146761838996482,0.8638714595737567,0.8942722487779138,0.9522913547305024,0.7892890651703655,0.8287664309892506,0.8026609693928997,0.8199561541271558,0.8002928329099688,0.8266688618891556,0.902095108542896,0.8828776752956572,0.6677184199446191,0.8170389664807554,0.7173335684633013,0.8084609647716274,0.9088372365428127,0.709521781262135,0.9401411091027875,0.6778291496936343,0.8475160954085614,0.8554211364510693,0.8628790450364445,0.7005531114728292,0.8847153948268851,0.7672586176170376,0.7769593418559448,0.893897910109644,0.8118493876436329,0.8573771264370603,0.8535784885631972,0.8526090939049581,0.867444832039422,0.799026195916153,0.8851598343604429,0.7922420217217571,0.7737969716655966,0.9572814104492,0.7705606111124802,0.8087977827531794,0.8791142194028191,0.8396846585310266,0.68515539130975,0.8276608267340099,0.8523780214764083,0.8957881919190174,0.7572007526471841,0.8840383788245488,0.8442752589985877,0.8840455084424863,0.8614421416165832,0.773669125030116,0.8334855037539386,0.8360037749082955,0.7965121698156471,0.8055118919217491,0.8835309760070141
0.8396534002029622,0.9430494195109935,0.9005518198188822,0.8211142021780942,0.8133597127426949,0.9159242348653922,0.9184016174779241,0.8750550547597361,0.7870388995070281,0.9145677241464699,0.8863414477364095,0.0,0.8787230534257631,0.7048530566002944,0.9190569735750241,0.9006522086581092,0.8861495225213738,0.8504064590977046,0.9283884122600331,0.8251787500970775,0.9061039625678671,0.9272424457217343,0.8783822992958646,0.9100439661229293,0.9442124297839251,0.7681810463307862,0.8413994694797223,0.814920138100692,0.8660835695752672,0.9085265088451853,0.9077312627782163,0.916125455552741,0.8955182504032462,0.8699966046816824,0.781172576035069,0.8071880640708496,0.8900526889033388,0.8254257439614936,0.8997163396283616,0.8959063942170601,0.8649225626182742,0.8850546759323238,0.8558135064120909,0.843980809077143,0.9002936688486091,0.883783321970966,0.8492852795570416,0.8343850507853715,0.900213070453654,0.8040094122837109,0.8516715369139213,0.8041988149615308,0.7452632488006494,0.9002993118825298,0.8458883539291803,0.8195413122181766,0.8302827454575838,0.9456117351820379,0.7774001410314889,0.8329223128473136,0.7988214201269047,0.6718304800271135,0.7706038016074637,0.6700185371662061,0.7073436177663125,0.7230906622028085,0.7758222370290752,0.8429011748196475,0.8191479660916181,0.8691989346212122,0.8102998703347749,0.6842877643297709,0.6360182870155251,0.9046848209524407,0.8835724549107966,0.7793362191992971,0.8262585621879217,0.8902694140129326,0.8056828037858712,0.6972495824829146,0.7943132897515395,0.8190810934377519,0.917435526784449,0.7593351757340234,0.7475718115773277,0.8869063696603975,0.7842199033347352,0.7566239492009411,0.8487133119761047,0.8062480984617183,0.8346722925126562,0.8502607225331286,0.8632428774539109,0.7364120472724319,0.7278877060722215,0.9474368902252207,0.6950171653522782,0.8645523115565467,0.6090377489924678,0.8224495125272266,0.7339918873049063,0.8068079714584904,0.7153918053562236,0.8861718200716883,0.7231278481205147,0.8583511799715324,0.8286133579026141,0.9087792155520302,0.9196175823947516,0.9046698530505329,0.9095519558932751,0.7222305635195754,0.731933178223499,0.8086339619643729,0.7526641861120038,0.8554541709254668,0.852422709952733,0.8893152968859624,0.802230848587342,0.7007626357302886,0.7426225326970098,0.7268056927486407,0.7357641370366963,0.906350599915724,0.6268854798062972,0.9531094294940529,0.6812529097046653,0.9170172056631957,0.8573455567790761,0.8248363105652448,0.8351623034891756,0.8178766629765569,0.6660584462813968,0.7393133686414103,0.8220996924202891,0.6969219001577504,0.9161223768450627,0.8516594859980918,0.8928771369005332,0.9251757458628597,0.7646880029098548,0.8277449971161664,0.8806706098445496,0.7493070257648472,0.8755228390382493,0.8564294212913275,0.8908915513530136,0.9264277268766776,0.9236819131037136,0.6785933373575325,0.7760667192114465,0.8344993973393516,0.8824609048831881,0.895360988333183,0.9726508550029412,0.8438563350790266,0.8249840055521183,0.916817580216065,0.7137695102679629,0.7246775900673784,0.8251550135534613,0.7526019415341039,0.9331406192668863,0.8119323195331922
