0,1,2,3,4,5,6,7,8,9,10,11,12,13,14,15,16,17,18,19,20,21,22,23,24,25,26,27,28,29,30,31,32,33,34,35,36,37,38,39,40,41,42,43,44,45,46,47,48,49,50,51,52,53,54,55,56,57,58,59,60,61,62,63,64,65,66,67,68,69,70,71,72,73,74,75,76,77,78,79,80,81,82,83,84,85,86,87,88,89,90,91,92,93,94,95,96,97,98,99,100,101,102,103,104,105,106,107,108,109,110,111,112,113,114,115,116,117,118,119,120,121,122,123,124,125,126,127,128,129,130,131,132,133,134,135,136,137,138,139,140,141,142,143,144,145,146,147,148,149,150,151,152,153,154,155,156,157,158,159,160,161,162,163
0.0,0.2852303832843241,0.26690676979127304,0.23958998926246186,0.31880461962268986,0.3091759652644957,0.24637989136472288,0.3257857897813604,0.3623513468951878,0.27326357228412357,0.288241656920677,0.24061067618197662,0.4235947769095371,0.30248920150355957,0.30604969290864587,0.35235391561059815,0.36856426090080296,0.4325333234925039,0.25437161403901287,0.41309257708027003,0.3198928711193739,0.27101444219015436,0.2623555113731301,0.2601641140276841,0.34499077633481184,0.25761342779009755,0.2271932518256187,0.32108530458356027,0.2189769845161365,0.2716590794739928,0.3318660489999991,0.35678307324428,0.2351301564549844,0.29079228161551235,0.4198450524035086,0.27617273553604094,0.3417526780723356,0.3310121325985875,0.23406942988567897,0.31150967192715867,0.249509330367693,0.3138293840301052,0.34263335758362107,0.30930399063025693,0.30950290141393655,0.36205309158928806,0.3025558262668661,0.2869412334002559,0.31241598382868063,0.36052057752758343,0.38232770858847326,0.34772281258516646,0.27442624686766726,0.23436586883608074,0.2578461296561897,0.328178143880352,0.42591675696258446,0.30292033988116945,0.32923815466968914,0.34841334804219054,0.2918295924177934,0.2921477070417996,0.3356453200994859,0.2529289198161981,0.30065891743749296,0.32437842052682775,0.30324244474013223,0.33280699991585316,0.26286372227002813,0.36314345473275583,0.41926265498739596,0.3201168487859416,0.34847277548221123,0.34339269335931827,0.35368180663225207,0.31335769529759666,0.25611117942706474,0.26657430848489716,0.33223476282590825,0.298261230202294,0.3181276019093362,0.32582290161733385,0.3408505082776788,0.3327878296496138,0.3450871115167685,0.3667389817868194,0.3084267182775889,0.36565307260101915,0.39413038962813707,0.2876088562615382,0.3744297193342181,0.30164040656815616,0.3528518247907498,0.3281708468176626,0.3513000000340131,0.23074661428931204,0.2156918526449846,0.27567548032576683,0.2620147325795885,0.40825758144438445,0.2740502225039941,0.26491806150958375,0.2566149669402046,0.21954494844452033,0.432287579580021,0.37683053092136354,0.305890500678506,0.3367643500109193,0.31144982194308984,0.2861635613373879,0.26129407806915833,0.3287064533107635,0.39015530597517384,0.29167575033540577,0.35601738638747327,0.37964915694147633,0.3738288932241342,0.2648109745690708,0.2513100300003632,0.29520687203958734,0.3322901570381652,0.266992567507107,0.3382155389100657,0.40653919426760743,0.3173994280245106,0.2522619176851537,0.2884872909737529,0.2559937587636158,0.2639732082260546,0.27092304724165356,0.29238661143964206,0.2920403196596844,0.2886135357669201,0.3067950160218201,0.24867323096413643,0.29641032399859024,0.3165186188975292,0.2932016845067401,0.2560875189274775,0.3291926673290869,0.22549098336939014,0.2915946385986082,0.3735705675849019,0.26837315518711874,0.2860086663733266,0.29741596223830497,0.30695854335333916,0.2723366184822546,0.3103293037702381,0.2106785798543673,0.3833347834660099,0.2988809154884445,0.25314034331461444,0.22064158231090752,0.30490692507636497,0.341511072705317,0.2684887838200784,0.32919283534106764,0.26171392751005773,0.3575994018807662,0.24265325347403477,0.3773729870853867,0.24309194759594147,0.4166290162899539
0.2852303832843241,0.0,0.3709775643938548,0.27887414359731943,0.2847423136433886,0.38206094006436775,0.2682909652109321,0.3862599536059846,0.24826713064621572,0.38578108996377763,0.3184699242697435,0.30217624437863655,0.32655693615277515,0.28555929872221686,0.35485707734891053,0.2974908481061736,0.33440109039665145,0.273513810024946,0.2890699648079235,0.3126342890093946,0.33235556194630245,0.43512385204026593,0.254691559169741,0.3301820854992975,0.32796167807541177,0.23013712256242025,0.20603429410010204,0.3092502814406949,0.2933338649313101,0.2095192471426444,0.3159392071267803,0.2907048462302655,0.29964024885175783,0.24733077449881402,0.3250420006296607,0.3287894618451549,0.2712747054947034,0.25934067227829255,0.3082573343761594,0.2965756655816501,0.34956087324740426,0.27991556975853654,0.25011471702532945,0.2858776972301959,0.3524535020288083,0.2652341245578559,0.24533763234911055,0.30557806061700943,0.28585105966798546,0.29413348823797314,0.3175224910388499,0.29044544898870894,0.2602182805602273,0.37130728576431926,0.3103455819779462,0.2746166196988282,0.2923393662095479,0.27645173538647516,0.3451758901305176,0.3214486955227705,0.3722692194487239,0.2060532405237361,0.2667887714439871,0.2326460332289672,0.24532224964946947,0.24086444271693136,0.27327159637320914,0.26419183092104953,0.23792034983618085,0.30217837909940626,0.2810717826369641,0.2782228488430215,0.23740498505855415,0.3707239612407436,0.3254075838436604,0.20884791210918494,0.25580750021973825,0.3046897518664224,0.2423689094450638,0.21802146292008734,0.26541983221705584,0.2819261082294299,0.3646550985622561,0.27826389559189996,0.25129877662122274,0.35385686411072614,0.2401776950567672,0.23665392224641518,0.25680222020211024,0.2605927504739014,0.24681526932746756,0.26364207563194986,0.33736816295308514,0.24290411701288475,0.2828711129332646,0.2955108049704087,0.2215757355277477,0.26465724076160785,0.20487826675334414,0.34515930212704093,0.264984810894893,0.2334973365729328,0.19387463977760622,0.24968835957985247,0.2661017054674199,0.2783215174390088,0.2796071546023643,0.3460818334996844,0.2906632783542957,0.38862680692959434,0.26421163218466154,0.22674544615315725,0.2883912216076135,0.22376275131988868,0.2838029350718201,0.3814826338592645,0.2748853999712477,0.23463882009411907,0.32767756701066436,0.22426062647204467,0.2702496621301494,0.22034542493048168,0.2598865702190302,0.3361975194223809,0.24023314267386867,0.3399060061136291,0.252567799142248,0.3030836592530203,0.3654211125098247,0.2520683670807111,0.2587743683166892,0.2818442179767488,0.21913647331460442,0.27880808855140404,0.30962349720874405,0.2442520470860165,0.2720824558735984,0.2902558247841399,0.2964195238724151,0.2588892559007256,0.25550577763685517,0.26640923448719217,0.34202638749681274,0.25792778254979576,0.27185265764535615,0.22529816128946392,0.33037557390734956,0.29039602647271884,0.33453519469337156,0.2101117994660062,0.26528062412097797,0.2791791835570461,0.24995847279940714,0.295733181330285,0.29885397589239393,0.2913569351352945,0.2777126161118483,0.3477668150446772,0.2459069162864398,0.23063435493075712,0.2616727957829954,0.27797713406587626,0.20637638826221397,0.2872508290605625
0.26690676979127304,0.3709775643938548,0.0,0.2350522012378378,0.27260295846200444,0.2897691002714134,0.21548958624267,0.3346114241270186,0.25946427963290253,0.3509853768729975,0.30698912086382807,0.2680246136371346,0.30318185100563294,0.2749780261484965,0.27197717231009944,0.321875873022114,0.33498135168200593,0.2763716373127019,0.2302335077117429,0.2756581661413084,0.30540636079810074,0.4612882442045883,0.2175698162507288,0.25486439664077243,0.2662272393887083,0.22654934842494523,0.20857128126629063,0.28696157248994547,0.2613895574016497,0.20951806792433092,0.257290596419302,0.26974109601704144,0.23815738612248907,0.21750509918448416,0.2725606696775462,0.3167320159868468,0.25535285699036553,0.2911756475352849,0.2725429945297643,0.259374596106933,0.2813372810215078,0.2680500981517249,0.23937117619065584,0.24212906124727301,0.3238309053850548,0.24473955456286273,0.23099700520520394,0.27415776640788325,0.25736646219223586,0.2891109371061813,0.2743203220258611,0.256898605117187,0.21342413516000694,0.3027473234797551,0.2940196721835122,0.23711503643809143,0.25332626485752835,0.2703857517571238,0.28669308991986797,0.2814916277702669,0.2975054263298944,0.2074725212298313,0.26261935089468,0.25844858220242173,0.21946291751275962,0.22032200937713162,0.24711722832616326,0.25816989377175903,0.2752881570713153,0.29089654727892444,0.28106212116292856,0.23567177222314312,0.25883817956675265,0.36627445532130365,0.32361554177697327,0.1797688671809144,0.2487924346465005,0.24483264969209878,0.23015501184833634,0.17992670830534388,0.23632091239522304,0.26970373349934024,0.2749099791939528,0.280512360928631,0.23783494172148265,0.36484107916109976,0.21915586010590107,0.21902239668238585,0.2324782239463113,0.23593009241162413,0.25211608762475574,0.22263114899624292,0.29360519940822155,0.20223442391431828,0.2775103402912644,0.25617003216998807,0.21653467006620697,0.24524137432494278,0.20738844781248544,0.2801766303288581,0.22669600443574783,0.23258602939564466,0.18753173219814986,0.2593786504340169,0.26842652240294657,0.2730571098917448,0.25677736814742713,0.28593984926393623,0.24491930305150791,0.30468703149142223,0.22657588509885132,0.22924936786494496,0.25624513033042784,0.22529427011056286,0.23860178992858821,0.3090544385291336,0.20968926767723223,0.27571253126221096,0.29295642207248385,0.23117212405496207,0.25627668765130085,0.21025053955620715,0.23741406827137754,0.2575910488903888,0.2151263019270954,0.290270855972776,0.25036451843172175,0.2688055432485466,0.33933156594653063,0.24628836646148772,0.25880189390087316,0.3262215614050481,0.20109848979484188,0.24342285803995428,0.2904758331280307,0.216413017938678,0.21862537897953702,0.2406623608622184,0.28111114097674134,0.2439833727849625,0.20850714212140922,0.25752338138685515,0.28125771427001506,0.29142064391900574,0.25048104299083607,0.2056836845573417,0.3265604884548761,0.24239021727355892,0.34698739442097054,0.22755626950471713,0.22726546028194133,0.2081831561066727,0.25561989711782884,0.27669308200354775,0.25978976184071445,0.26461864733349033,0.25652528201644076,0.27335856131333536,0.19319679660974157,0.21609610707594845,0.23954636528231807,0.2093647270099493,0.2013608659778154,0.2669517409416796
0.23958998926246186,0.27887414359731943,0.2350522012378378,0.0,0.27242364386967033,0.25090163835399987,0.32363525508356256,0.25572981284433777,0.21384177295080117,0.2201398598809178,0.2777629098177109,0.26923915973780443,0.25576714944522017,0.2557025203827239,0.33503051435337855,0.2342901679001921,0.27244993632644093,0.24383851161896783,0.23746792255515062,0.23768075212186865,0.29402414470034804,0.2728868415548002,0.2593275935375572,0.29527161194530127,0.2463865822545932,0.27233202300190407,0.2286736816047955,0.2592819932711787,0.22834431750460793,0.18521057323242618,0.25157669066887484,0.2157975648546059,0.3916078660922053,0.25851804167080017,0.28974927899009045,0.29065626054157256,0.2585252950663073,0.24330790175405126,0.2766254303172421,0.31577596537997893,0.3192349689411187,0.2409582003590356,0.22751754314345649,0.3034713975819249,0.28096899491972244,0.2501886399415649,0.19122855109093312,0.25488274477649053,0.26376934533514884,0.2624203384963125,0.32922156594229396,0.2920465388596821,0.22583474653995125,0.33924358193441434,0.27968388013559486,0.2208167945652741,0.27679035382441625,0.2673041015890625,0.2727746772466401,0.29964592453536615,0.2806980370506778,0.19831095968895282,0.25565052863353793,0.20908223630730902,0.2305243907015573,0.22546859906577207,0.3072864871926359,0.21860909930916592,0.20234716561101534,0.24185972692240318,0.24328723746539196,0.23935517129534656,0.24564447515217605,0.3567369227346635,0.24280545820311,0.1835990116411795,0.2910459694582585,0.28703754791153996,0.22689777061096947,0.18954753340094443,0.20762698328240836,0.29033079709844883,0.2405716159926189,0.22346390493548052,0.2646616449553213,0.26765221692826213,0.24441821591909635,0.2404029553779207,0.23429097862586382,0.23739724641614895,0.28094123006181726,0.28041461271102386,0.25091216184888165,0.2205584568589132,0.27612065970286187,0.23631166899133613,0.19165490620293013,0.25218257433812724,0.21059104263340284,0.30023988941760493,0.24902760194494056,0.22752767380890174,0.26293448671200426,0.22258478685619412,0.25047534376938235,0.24293736030663485,0.25161942770712714,0.2412241651165061,0.26834030720266117,0.2606131374879526,0.3058160469710243,0.24916120372452016,0.278513057459109,0.2401326312541251,0.2579318467741571,0.28592326574053323,0.23195311746447222,0.19331708961988164,0.29406330382592727,0.23652357668760052,0.2715281206019712,0.24847916513958948,0.24482715975155456,0.27756408701578045,0.21323233868253083,0.24486799594988967,0.24695841119822998,0.27287522253200125,0.2679084866798705,0.2523397692902867,0.19020501197509143,0.24133612251206343,0.23029370482513356,0.2803652830416297,0.25319531864572536,0.20028307594852368,0.18963857905780512,0.3026285757159674,0.2631168437021165,0.24750184887521026,0.2823509347780558,0.22125381680835368,0.32358204012298314,0.25284507942989387,0.24617365364287744,0.23876592653680742,0.2853945181884292,0.2198215307482664,0.20191904235441746,0.17538794552779566,0.2891914280435578,0.2294168987202069,0.25275340986427486,0.22327173754135918,0.2792665418561575,0.2588014799925392,0.26023344352182337,0.2912693763103341,0.3452883491166611,0.23103660583287805,0.2105719926946069,0.23065565340561792,0.21289085366572819,0.2907535160646379
0.31880461962268986,0.2847423136433886,0.27260295846200444,0.27242364386967033,0.0,0.2471635679587298,0.3332273239436694,0.31234211548868546,0.30635140163481644,0.2947878026675806,0.34242606098604483,0.25902387163819784,0.3023238373909782,0.32874129289771414,0.28680864910891574,0.34538065145852814,0.3499562607165781,0.3398024657924099,0.21896852281126872,0.27549122254368635,0.31421955719280475,0.2956922536924958,0.3675284009269008,0.2514300352398985,0.31550568260173384,0.2982225282456482,0.2970886412854203,0.29071671251848047,0.23467885345850886,0.279432451573944,0.3168027407352694,0.2677401728745434,0.24113909232546732,0.3023416708785907,0.4333186575276411,0.3664873591762751,0.33371731032895247,0.36059407858174536,0.27259812162928143,0.28241587544743796,0.2726671389446309,0.39086508997486585,0.2864857054760828,0.33045143990776005,0.2955972958168422,0.2617847592891526,0.27655613156767567,0.32412506405761266,0.36131040360679956,0.30153794895674285,0.3143291264461992,0.25746227462460225,0.23903752933575464,0.2530478751559665,0.29553423148710284,0.30223647120249847,0.25746091791029574,0.3759877030634144,0.3053537895428113,0.2824751484869787,0.24257915502884617,0.24272847469062647,0.259740063881764,0.3357923230025025,0.23101494922071264,0.21298446511028468,0.2981216493066829,0.2821949521096608,0.28057453170236224,0.3886211603972464,0.2845288377732505,0.2982542468154248,0.3023403588341082,0.3202742523980756,0.28672575708758047,0.21793609807455966,0.2943931488121171,0.40920321421018074,0.2713768662761328,0.22153154682910786,0.2692236512171082,0.28948750567553494,0.3372602348546893,0.2802201985220963,0.3021819559541259,0.3230673425028858,0.32044158177752124,0.28183419848273283,0.28079136173373476,0.29278992294558437,0.4902075655265614,0.3422603383071749,0.3501009492622878,0.20610024811452485,0.3423472511491839,0.2641082107935426,0.1869465735594587,0.29736705761676835,0.29927024633373206,0.28620435770799946,0.2829768898600441,0.2547860836087953,0.29012579634433416,0.23729956239568595,0.29957333244168577,0.30481909443218785,0.24778398700945325,0.44689909453319693,0.30309903359536283,0.28492359966252134,0.28158615277337223,0.35264496724502653,0.3035355265581091,0.38776230995928984,0.2776855119053079,0.3089940994992913,0.2729138805536582,0.2531504729350614,0.26777301945619486,0.3720986179772093,0.36572879731041186,0.2867268318680602,0.2769078089810894,0.34230909979481167,0.27849480609936494,0.24309412131378283,0.2694547844154074,0.30057222080392404,0.2962416641457136,0.25913019328168735,0.30811541751881616,0.26839953307205755,0.25505494022043773,0.3155742787155201,0.2524428515734912,0.25175552002016816,0.24345277696199136,0.3258845769890413,0.2987965974753585,0.33025560644388907,0.21899626519040613,0.3324721209639745,0.33771854960108855,0.3281898238045566,0.36033864347240996,0.32200454169951603,0.3203612302545467,0.27246335646512476,0.2904127728269943,0.26672593595524163,0.28352094565148106,0.2725064523721075,0.29119936592496887,0.2706610284906867,0.34006467142341007,0.33491199933163546,0.22801761507225154,0.3741217907257714,0.24937975840226595,0.27567821546812643,0.24552879764626293,0.288693043568786,0.279441345417934,0.39627197377260626
0.3091759652644957,0.38206094006436775,0.2897691002714134,0.25090163835399987,0.2471635679587298,0.0,0.22514699386948328,0.339401222524886,0.2815011020036882,0.26377058843769835,0.27341329370555184,0.3237457622905029,0.2922475189512257,0.22202992289707255,0.3012063598445647,0.28400333716281123,0.2850745011444116,0.23146488441546947,0.35960172646814237,0.33300216642395875,0.33305639343616533,0.30796671953932697,0.19526232509317284,0.24025820302092168,0.3404627248502639,0.19736304701887308,0.17426115655023158,0.250733155888774,0.22239130199485005,0.22470743504431043,0.3303428227603398,0.3528133463657743,0.2871731987642275,0.24204862379470193,0.2976199699035292,0.29711555627714836,0.25776528984822844,0.2494407942254368,0.26326103318968125,0.2196120807798755,0.29560429099670515,0.2954407696317812,0.2751369084790352,0.3203980885174646,0.2699069232455637,0.23228465276736807,0.2376309011782626,0.2864695137854304,0.2264026332286478,0.31166767791557887,0.304032362444132,0.3316526772217817,0.23544768830335883,0.31860877929193093,0.25643563424856175,0.28250934130026173,0.2983610116144126,0.3504120759805592,0.26127103601885054,0.264364490700295,0.33139523312033065,0.2449401711878877,0.32805718555820634,0.21413705812327608,0.2672757128305302,0.25841774751124474,0.2312227408571967,0.26501061859729175,0.21966765773222638,0.28927418613801437,0.2899776747330803,0.2254925330118424,0.27028060725508607,0.29578488379791434,0.3522163817826459,0.2148977815741921,0.22269487523860906,0.22753069833975614,0.23448737619820811,0.23537013601041631,0.30361915805733747,0.30817078277165205,0.2900836844564067,0.2725843573777993,0.2765039550776432,0.29649699231991056,0.2930164341615081,0.24685845981740284,0.2547241310596275,0.23026104859709196,0.2523098483624718,0.3232762489718512,0.29253539552163743,0.24375879581090035,0.25522774780764096,0.29150852735520566,0.262580413088111,0.31771706392564625,0.2173078877575503,0.2711472736174302,0.22363535240140492,0.2479068719495334,0.23441365386431492,0.2518930167799264,0.31790510717334874,0.2678449845910131,0.29568680312637136,0.2850729827340864,0.22702179615628368,0.3101369833737722,0.292152290675234,0.23411884852606207,0.3311704812646374,0.2298432158174025,0.24346123573484205,0.2664534923693157,0.30215894747092775,0.22369657506056048,0.34352588294047137,0.22348852889788626,0.23171289793094046,0.24050368522551094,0.2898934745563285,0.28743278674175415,0.27219737190863585,0.2778616499336491,0.267533897553726,0.23541342051979708,0.30545641605457535,0.21516780513502765,0.27137772890494277,0.3455280420910301,0.21046554311185695,0.29128308565756966,0.3007816800713374,0.24002986847225846,0.25372702943617603,0.22146471218970937,0.23451649245126358,0.2626760298365139,0.2547100473958212,0.2912556857552498,0.2888168753545728,0.28976615097459985,0.2573249151415286,0.24611519025347242,0.3303131962663991,0.24086977932971987,0.3088745188262096,0.21802477480243718,0.2882889090005543,0.2874198587580963,0.2196328076497824,0.2171093143524188,0.3432603432106674,0.2742517250221726,0.2377892254365609,0.30454713796224814,0.22042439229305624,0.23182299400377027,0.21012962723620196,0.3066933262577873,0.21488736794786215,0.26257071820613836
0.24637989136472288,0.2682909652109321,0.21548958624267,0.32363525508356256,0.3332273239436694,0.22514699386948328,0.0,0.24622153550901021,0.22082768639732556,0.26091444748231574,0.2726570488173612,0.2793783403452403,0.28075630930639656,0.27575931645111856,0.3461478865120167,0.2489536066091792,0.24579852678379008,0.2564425087212553,0.23183601850049348,0.21602862088993727,0.24603021809942732,0.24343436658806056,0.40960225287263935,0.2962201152607635,0.2940579572913348,0.289007602165206,0.2682312428587639,0.26583220019950937,0.24298848032483944,0.23513983843493144,0.2988496904326586,0.2507210935379854,0.2856434132360094,0.32958012505347245,0.30401182605974486,0.26795687159956266,0.3091134365292131,0.2414515407933351,0.25711703995988355,0.30426860555633056,0.2934693284472744,0.25067440203889757,0.24633107012058345,0.32029447656027754,0.3108892672314377,0.2570330305482666,0.24620974776345345,0.2714868390245447,0.3929454715254617,0.22234867807789466,0.2887117650472035,0.23559235454089789,0.1952418785602047,0.2729909572480589,0.31835686848188194,0.26357357900782347,0.22558833258970695,0.2646226125326242,0.29048019706507827,0.26036773705585886,0.22490749010125644,0.20584146054885566,0.20463936175027767,0.24037882692623527,0.20268225680477642,0.1917409103957149,0.3166572654803388,0.2592781000285158,0.2121663257100767,0.2571834752083547,0.24301963869893703,0.2502175829771254,0.2192334261207758,0.29476332373384395,0.19989053820983843,0.22955790864619163,0.33416679193986615,0.3702044435656967,0.231980772107989,0.21969246635311462,0.22958455536633726,0.24058582598783096,0.283737160948106,0.2196131538597324,0.2374410309656919,0.2627115342752729,0.25050316207736173,0.24991361724294542,0.27207240255937154,0.2589455307734534,0.29091153540302855,0.3464247536250317,0.27999967691179883,0.21410585740267718,0.2575794078034002,0.2737473672541792,0.1694752867039106,0.30751682223409965,0.22919026837595752,0.3078669039055191,0.2904337282019305,0.24642202707599664,0.28021176769320005,0.23457528379912923,0.2234176530342577,0.2612885973457848,0.21564259614196737,0.2918572356762806,0.3085024515035377,0.270683859461308,0.32217374459303844,0.2468476466178241,0.25129819890306665,0.2394235871037052,0.24767951082186532,0.26529602183261125,0.25224792311094213,0.23874143988241264,0.24440495745738597,0.24652688819716648,0.26791478190223583,0.24613683637040737,0.22667826507199187,0.3384962332624848,0.22541632881520163,0.2889843883105506,0.21489616914539528,0.32068717654632733,0.2585806745027131,0.2560320932811268,0.21633894589666777,0.1980255311660357,0.23280850315042947,0.22771327040340256,0.21665017049737484,0.2236885829205278,0.2310415924659921,0.32482914805048435,0.2674664678158632,0.28618602508496893,0.2536582884665844,0.2362093562437384,0.28146089796801466,0.2297549575726935,0.2779996062006519,0.2920380660476831,0.2598559292727757,0.2645964736751152,0.22989186668510334,0.1854155840125912,0.273160687045116,0.2556491271289503,0.2242409372953777,0.27731994201601157,0.3304934933980681,0.29172086729159663,0.2595451265358393,0.37093018843571807,0.31658076542063446,0.2754371639508213,0.24320166266033902,0.2425807435262809,0.24051273428923467,0.2660074778735352
0.3257857897813604,0.3862599536059846,0.3346114241270186,0.25572981284433777,0.31234211548868546,0.339401222524886,0.24622153550901021,0.0,0.3095672135408145,0.3142276895715542,0.3055369874372025,0.29118461959414305,0.33961674839363104,0.2725108844171519,0.3413158520854225,0.3597571517972548,0.36502499052564136,0.2865826958786535,0.27613813848195146,0.32348104541567096,0.3834803701058493,0.32908446652439743,0.2443483629221807,0.2807750625709919,0.33494757085408433,0.2504651013645856,0.2222416361668472,0.2949728059867845,0.2271554860680532,0.250355021100883,0.3964863814386183,0.32437912560097937,0.2875015709591508,0.27043978925377066,0.34886493320146356,0.3991144427689119,0.33425704117052046,0.3504958567161093,0.3162216473742751,0.2949028938301727,0.31243827849998085,0.2989321537054754,0.3282179024101845,0.3172795015822825,0.4138680504277385,0.2944785807176442,0.2777973419101042,0.3205262619882209,0.30709167172902146,0.3385627840103529,0.35004040299809897,0.2878317255569729,0.24711597650735892,0.2962832091887258,0.30502990904839916,0.29538855738593567,0.30822496455154635,0.3604349776307349,0.3430084596813535,0.31213990223632626,0.3835356466398794,0.2413242704425799,0.31301951323651794,0.2733481787741986,0.2507696781732675,0.250889907475071,0.27732855475705204,0.30861775378286205,0.28516457535855716,0.42841780623103765,0.33857079691821496,0.29001597582639876,0.2645278417015798,0.3839431226688919,0.3696943456640669,0.2173241461285838,0.30480269104114666,0.2896328317091135,0.320917649457559,0.22096061467515632,0.2842872803169503,0.3127431300085152,0.39417038701772134,0.3329712902676568,0.3130623348641752,0.45792795545912907,0.3329708054350549,0.2801186076321078,0.31305170596634163,0.2924344993621521,0.29423958453220417,0.2913821687501614,0.3599106056527618,0.2360747524978584,0.3334354999344958,0.29122297814300585,0.24893789821091875,0.29576542752147095,0.22853529248476004,0.3324290222177354,0.267334912503411,0.3255611382902897,0.22977967178696543,0.263078700715054,0.3494188812477482,0.3523560148782155,0.31435725420892807,0.3744982880119072,0.28502006000243024,0.33668034551236103,0.26067955754855865,0.2805013694557529,0.33424491157224423,0.2693641199579112,0.29827133547619267,0.3351058406437341,0.2808511002328994,0.25452899120404493,0.2869948362300542,0.24809862012738898,0.31054505909991864,0.29731662944167647,0.2830956379574236,0.3484579617395026,0.2593980440669824,0.2808040657705875,0.26848625748664917,0.364471343064795,0.3518075895420746,0.26603957808881207,0.3080315926160817,0.3274225777031222,0.25886437525579237,0.27253521957740184,0.3189872308393025,0.25462651925494917,0.29815407558553164,0.28764874133713453,0.2978855253894226,0.33621346947364555,0.24717629781234435,0.2931263028944883,0.34437584434352553,0.3022876890913563,0.3285790883115029,0.26687125057008904,0.4047306104599713,0.296149528117946,0.3549439941791103,0.22597559431590003,0.3222404631879399,0.2856866264124837,0.26645723862518417,0.28128395635561065,0.37585456443073867,0.36621850446511023,0.26182674937863526,0.3779039406020914,0.22106950132946385,0.2620830486677675,0.2508904210881903,0.2817375215386226,0.23413717437314924,0.31692727752391103
0.3623513468951878,0.24826713064621572,0.25946427963290253,0.21384177295080117,0.30635140163481644,0.2815011020036882,0.22082768639732556,0.3095672135408145,0.0,0.2314681387905523,0.2425761284085798,0.2285679402429586,0.2799646017128909,0.3062802141239656,0.24096172493759477,0.31702728034376126,0.30223094381928345,0.3167448667536725,0.2242558942398847,0.2870973309576234,0.291419603199613,0.2966902589523374,0.2223138752920314,0.21442505019523944,0.2783741547095117,0.24682680761536785,0.2301664434358523,0.25326970425074474,0.19228423759739482,0.3465761016683561,0.317771509577727,0.3108392712433575,0.2107813563510112,0.23379967094421986,0.3249614376656779,0.2616778319138,0.2663058914006577,0.3729068119933404,0.2296876783577378,0.248842531023118,0.22095411430196307,0.401084829089066,0.2758187544585326,0.2659815986213508,0.2809987635547006,0.2590682330553942,0.2674474734443458,0.2365645444456251,0.2545408418710571,0.28991343369021383,0.2766578052945818,0.2667000552772068,0.23801617384010965,0.2149040803234836,0.2253767525399814,0.3986695317316007,0.2967591720145268,0.31985283524338354,0.25572113268162483,0.2503774144402798,0.23317474907262303,0.31513443128164764,0.28010476320210936,0.2570299608616799,0.2783548496607015,0.25584582767778913,0.2772703081178392,0.29915467072836366,0.25586249184160526,0.33202415538039914,0.3623553219144048,0.2713710372743589,0.3613441295845335,0.2806973124295634,0.3205673642574003,0.23938650372702255,0.23614528227169598,0.23436872080829163,0.28813715798532374,0.2747229528746857,0.2879537117613712,0.36242186911725266,0.33159974931154584,0.27002676431671657,0.38070991389820147,0.3581275551174698,0.3130020474048132,0.2993016765118962,0.27891388719104837,0.347232064162613,0.3590868104447529,0.3248373707370764,0.26360045013180317,0.23794970846277383,0.3752180936935416,0.2437141416389877,0.2343319165139244,0.2928055163536632,0.3287103112456089,0.26895437121163984,0.2512478827370312,0.2536279941626222,0.2671285919127563,0.2109420385719953,0.37429942314927367,0.31701960202745183,0.24082834615426402,0.31525471820153317,0.24362791221564653,0.23892997777411693,0.21474196492085174,0.3623412260763181,0.34151880244271693,0.3467102231639556,0.2705106498713362,0.32294039077877235,0.28668565587379374,0.23611535990089796,0.22025125667396245,0.31806454941660744,0.33829658555149617,0.28727705962590644,0.3311775332253503,0.2962771861799616,0.4108236403374869,0.20853518111634864,0.3368374287865609,0.2599245792481422,0.24260351665507995,0.2415054967902883,0.4585394954415717,0.35385800460728517,0.26802335140030015,0.33404499219820855,0.2356953363118042,0.26028846603684275,0.2509864426415471,0.25316459535426095,0.2449812454355055,0.3186995335031004,0.19686170774798945,0.32753262758552004,0.31922070496678695,0.320628445335725,0.27825819491083786,0.29704058510537484,0.3638303207484392,0.239200131646652,0.2884523879268624,0.26614523503150683,0.31413254472749075,0.24226639297952862,0.23805364959905978,0.246946745484213,0.28799577728867387,0.3298624835971489,0.23023157400586822,0.3073560462386159,0.21977069847187963,0.30431001046166,0.20959030171637164,0.3367769701553112,0.3186791670279799,0.3284641933664265
0.27326357228412357,0.38578108996377763,0.3509853768729975,0.2201398598809178,0.2947878026675806,0.26377058843769835,0.26091444748231574,0.3142276895715542,0.2314681387905523,0.0,0.2719141326855012,0.26009641773151376,0.299894414390017,0.2818017922527827,0.2883343686197527,0.30700673597244094,0.2828943404872823,0.2901087147316841,0.22962949246869427,0.24886053070756797,0.258330008085533,0.2854943365852104,0.27843156764309623,0.24214873617267077,0.3643765637000404,0.2360382593684043,0.22232689797928487,0.250949885566505,0.3951815262673741,0.23307162996981554,0.322068633299946,0.28924661216584757,0.22456723939261927,0.2251806774658083,0.3110382151318279,0.28444373659634453,0.31872703598690444,0.2740580202758429,0.2402005521447566,0.2576602431624621,0.24536380622343665,0.23885396052017893,0.2770426469601385,0.26574924722013477,0.2973553708375436,0.2452306639690344,0.26404160993599507,0.3182942009809053,0.3315134088057372,0.23575567608843218,0.27036104160483554,0.22608492735855615,0.2026155489622072,0.2715515511717977,0.3392592622740546,0.2657839887572411,0.23480554372456766,0.25181371893736076,0.31287514584150994,0.25633180878656325,0.27042611132307565,0.20848357983245933,0.2195279802713707,0.23987091541311806,0.20100581598910255,0.196487770339667,0.23127272959588135,0.2861925154127396,0.2689370999522779,0.3254213774304694,0.24725898289095088,0.308007154655818,0.20281883354196056,0.2956005253512957,0.24235089950489297,0.22632259261192797,0.23501729504498353,0.3371282539676145,0.23332640871491125,0.2274598876464427,0.24305588408638515,0.22665662054498537,0.37429616775433605,0.28178802816833254,0.2268363302692334,0.3012630717015793,0.24479876589716057,0.27132940016913976,0.2856491830908636,0.22487057917013586,0.25562413052066674,0.2452459333294499,0.33308580591003084,0.19498596090575004,0.2517203578149822,0.32180239422202267,0.17593096292837515,0.2467093436637372,0.22132340579239704,0.28158170185495796,0.2829211407469057,0.23379197509331134,0.211221399636785,0.31302831635239525,0.24296355525544835,0.26452363195361983,0.2267928303446142,0.3325175953140033,0.2670260975969943,0.29244375836064096,0.221651844793487,0.22212491592021544,0.24998610035621943,0.24297513444805935,0.2561686625636933,0.27793591546118124,0.2555585751324161,0.33128501490474954,0.2549558878479074,0.24432868134835242,0.2562003246433204,0.23282004005484686,0.21776445091662558,0.3135348159544536,0.23104240547318453,0.3885580006762021,0.20709387193185574,0.27853255644198177,0.3417519816342676,0.2620931707213216,0.2743423811909903,0.22373223390853816,0.23760669554539837,0.21070333283002224,0.23475966310212762,0.2230132588860841,0.2909332732627901,0.29390702543590697,0.2852019340544831,0.27477523654582964,0.247625464404843,0.27902955704257354,0.27276116461408856,0.22117220192020992,0.2865447140331718,0.2517891428247132,0.2486082928826437,0.3041240201645873,0.43210090280559776,0.1997154904544611,0.23235291965267021,0.2944684869386259,0.21151717593921593,0.2746595067712742,0.2801588619011671,0.2736632523399154,0.21661615064224898,0.33435416124363476,0.24187150754668946,0.2588151175457988,0.2702084710128478,0.29406259427576303,0.2187097780819192,0.2484984505997822
0.288241656920677,0.3184699242697435,0.30698912086382807,0.2777629098177109,0.34242606098604483,0.27341329370555184,0.2726570488173612,0.3055369874372025,0.2425761284085798,0.2719141326855012,0.0,0.30762756051911544,0.32467756714317336,0.262056517341607,0.2836016506859132,0.3676366060818962,0.3372485863727588,0.2764480352333841,0.25257827492224705,0.2675827407125199,0.283430343620935,0.34737510375502223,0.28910604672471135,0.2825449001345289,0.3282991013351386,0.26564712853220346,0.27612414852297623,0.3471602415042261,0.2605331893845447,0.23642216226235535,0.28141405155526034,0.2934753174076208,0.23441373553488756,0.28780840480384556,0.3177949003791226,0.3438222060928015,0.3104527426598975,0.27531040728117673,0.3393862611676066,0.2733384095307166,0.2536790309991777,0.29994577466982975,0.24077511452703806,0.2950847128005489,0.3110510557534347,0.24145638934180044,0.18922983717677835,0.36500352098237693,0.31516626386057317,0.24445635009467334,0.28949156714328217,0.22348403444907505,0.19896518168005586,0.3099099720245971,0.37697360013790515,0.22469288686685135,0.25709728148806743,0.3558376117887009,0.2882644032433862,0.2764578373706153,0.3130300850080687,0.1853353081837644,0.2413273329896118,0.25688399338548756,0.19202089106261525,0.20461828146091499,0.3038244683802683,0.2270275935980984,0.260472279196797,0.31054616434981186,0.24496999185454882,0.23068426260461533,0.27776022076445644,0.3341163405202253,0.302333824509496,0.20053803166281203,0.33782856233550335,0.3140761743269387,0.22253476931279206,0.20484469728036586,0.22574135327939904,0.2340523936317664,0.26110580622234886,0.2716887670921198,0.2482298673915434,0.28289415445957783,0.2760291137996175,0.22883246335909976,0.24418770358809597,0.2575545155879872,0.3044936800385247,0.22857735992639538,0.34729289326512225,0.21849435786207835,0.2646291683278837,0.2528331899776552,0.1823933590315697,0.23369287653792606,0.20940536301912052,0.27982600294166293,0.28315251550640985,0.27395279624214575,0.21335543143768362,0.20397709716631168,0.25061895647743554,0.23371467789188036,0.23484877490948464,0.3320119203498538,0.2333269982438858,0.3194399343261667,0.3094974244335964,0.24938954699536114,0.28271941918949384,0.2825486986872724,0.2511110859438926,0.29247814656235516,0.24204055193322818,0.26209561760126304,0.2880846018057089,0.2544998509437324,0.27527483298499267,0.21819519986727837,0.2504688639208442,0.29616711662158984,0.22538980476022039,0.28891098374508406,0.2111191759425591,0.30328621647406606,0.31267887684646095,0.21812206605435103,0.23133197841362102,0.2561574783563741,0.26809500656294927,0.2746616586782334,0.3129982668474101,0.20742516679389672,0.23057888082137537,0.25322791715286996,0.2953126969727861,0.26441588194174,0.22620083825252396,0.27577486820606495,0.25469922214868657,0.2726506762635547,0.31229705042221695,0.2261240848397957,0.2621659662676215,0.2382319340978038,0.2560620032273174,0.24909060295827334,0.32065644086447675,0.23432924481490938,0.32039040269901126,0.2340231520143983,0.28553041970492155,0.28199363968435626,0.26939238369570806,0.30121559436367346,0.24439050098673737,0.24542649397607516,0.21252013347995113,0.24280891592097134,0.20059605856526305,0.3698877436882333
0.24061067618197662,0.30217624437863655,0.2680246136371346,0.26923915973780443,0.25902387163819784,0.3237457622905029,0.2793783403452403,0.29118461959414305,0.2285679402429586,0.26009641773151376,0.30762756051911544,0.0,0.22090789568310895,0.18109149202207156,0.259228213151576,0.26892051266508643,0.25904422851873476,0.19953680316287573,0.3218270375785682,0.2532205194319692,0.3150725450005223,0.26107087162951875,0.2385369190222296,0.2626398976057954,0.3508279004431826,0.2129110295244842,0.20693341409504176,0.24059148247906997,0.22088747772186526,0.2274489562291688,0.3156066995104563,0.27207965175563126,0.23510337509116208,0.32189657059079035,0.25308660436033215,0.29892796885205747,0.2540228831778876,0.22639036219032532,0.3666585371159121,0.22488098556248834,0.26004016280449554,0.26854735175396144,0.241981727942485,0.2990336925369799,0.2617682084147745,0.22052227295143145,0.215666347203433,0.29946415304154433,0.2550625454259098,0.2424836797501593,0.293178025857458,0.25902299811290164,0.19166819668053325,0.3031139943742248,0.34945480349842184,0.23580364217411906,0.26585011480742443,0.3470258490106927,0.22485906591426844,0.242368897957826,0.24895687927856236,0.18683285602864383,0.23857790300125753,0.22049003636712733,0.2088234372754083,0.21393082357044368,0.22620952882983084,0.20218406749291493,0.1866575004297273,0.24405116498894747,0.22428502363390931,0.1968177365610631,0.2292094623218288,0.27058888392423713,0.2559417295769236,0.1945439739744489,0.2653823027027096,0.26984610861460834,0.20791396501953244,0.1950021214689773,0.21553580767261585,0.26811924498544676,0.24970305024417,0.20147549437468426,0.24892894018593106,0.25157267490387863,0.24204888188340687,0.22160437864239146,0.25020303947164774,0.2421702254169274,0.24710591811392973,0.2876244771009522,0.270026086980819,0.22526637337751867,0.2267741314923591,0.3001095557393957,0.1932818091801768,0.29670257337983463,0.19991112946371895,0.24485187323619056,0.2195199604220605,0.2699886638474773,0.24801871756657728,0.2786447015290403,0.23041443166121578,0.22784196791889436,0.25995565236228524,0.2713513355213597,0.20601814911977878,0.3218182850869034,0.4138116240135421,0.25089334752180825,0.250099216637625,0.24653598153643647,0.20891963937717684,0.237506923031964,0.2429687309833583,0.2762920141627714,0.3015944319230913,0.21561087829284448,0.2197586145601413,0.22973089456765422,0.2347355720875135,0.2674616540690881,0.2000497623664702,0.2964465973631966,0.22066543256782475,0.27318070084818336,0.3265350138423062,0.18556066690299688,0.2173332709599465,0.23980125679992764,0.20212252772959782,0.2763579507958681,0.2875898315190752,0.18796725965532848,0.23437544724245282,0.2167315801697801,0.2298131474391264,0.2795028883836288,0.197572023936033,0.2351279934582007,0.2715934941523765,0.26468517983826423,0.26732759612533713,0.27062353063756633,0.3260629051350216,0.21468386521665142,0.29393702720369674,0.22156096699751068,0.30535773099307195,0.24508666175437854,0.2480079070584251,0.22182516481609746,0.3745709027587016,0.23808947184696314,0.21896807595468606,0.30332330899468796,0.20457005476453885,0.22642310592139753,0.17720697476890673,0.22275028015368284,0.20754457394353942,0.2677712479580435
