0,1,2,3,4,5,6,7,8,9,10,11,12,13,14,15,16,17,18,19,20,21,22,23,24,25,26,27,28,29,30,31,32,33,34,35,36,37,38,39,40,41,42,43,44,45,46,47,48,49,50,51,52,53,54,55,56,57,58,59,60,61,62,63,64,65,66,67,68,69,70,71,72,73,74,75,76,77,78,79,80,81,82,83,84,85,86,87,88,89,90,91,92,93,94,95,96,97,98,99,100,101,102,103,104,105,106,107,108,109,110,111,112,113,114,115,116,117,118,119,120,121,122,123,124,125,126,127,128,129,130,131,132,133,134,135,136,137,138,139,140,141,142,143,144,145,146,147,148,149,150,151,152,153,154,155,156,157,158,159,160,161,162,163
0.0,0.5927934723480682,0.5073956881632156,0.5755146419742461,0.46023974669009615,0.5556251683763509,0.5645508421819773,0.5391599285252133,0.566217520650598,0.5282668352472608,0.576862824365823,0.5312894571258595,0.6586549200129345,0.5711377921022774,0.6218902274845679,0.561370144047025,0.5981083998145278,0.757653218468877,0.5788988209757099,0.6857743944958219,0.6096761493885045,0.5944625162846675,0.5799416907759551,0.5905900116303877,0.6515418488822194,0.53895856980286,0.5716643950868879,0.5730594970836025,0.4877683566102298,0.5105251969904081,0.614615937603261,0.6143263356581437,0.5909921473104474,0.5585852279794379,0.6580674647781679,0.5631191772648934,0.6812835992545634,0.5955165728004438,0.5090353436234778,0.6565579847143751,0.5523058205203222,0.59431335852614,0.6046011836308596,0.582468254450878,0.6409718572461509,0.6716333136432167,0.5165857682704654,0.5300630287422075,0.6630180367009978,0.6208594115395706,0.6124619460431286,0.5965870810770956,0.539971463943553,0.5851279040220329,0.5372053788441356,0.5582964310733014,0.6736782208766475,0.5473627867796483,0.5402191647588164,0.6581103915411777,0.5472817221670161,0.5308549196109172,0.5624573585986984,0.5102979880556168,0.6020786162678565,0.6082911691018753,0.5978393333791284,0.5817297395023997,0.5706133544096385,0.5907168487538019,0.6584585083719102,0.5942034796833319,0.5372200867099399,0.6289710421162322,0.583945410243809,0.6459538407750599,0.5246420334513777,0.5192817420171657,0.5518960370740836,0.4656594259057876,0.5303084077171205,0.65143870818302,0.5257411314108137,0.5428396934750314,0.5852906300792738,0.6205799673342564,0.5705939305778644,0.5588196222219542,0.6232927436657891,0.5228167158138538,0.6155241303967156,0.5995230896768965,0.5764620173689023,0.6278871814161514,0.5722623809086905,0.5632599490915845,0.515043860281318,0.5815639712030359,0.5256733314157916,0.612012930899446,0.5643880406241791,0.511498315466991,0.5324132006486263,0.5317545206317491,0.6014199491450661,0.5973144406572108,0.558577615691002,0.5636793238327652,0.6430138616916273,0.588269566719157,0.6039374167400752,0.5809690204978488,0.5875596175604445,0.5249013320588913,0.611627371432333,0.6050281606491827,0.6046554129037106,0.5664071618738491,0.5095756963151133,0.5588382811375274,0.565282989367219,0.5093978067370964,0.6089631557833382,0.6172110417408971,0.5431547655549618,0.546627896701805,0.51380015010241,0.5445952123559075,0.5447920930417566,0.6429562737002655,0.528731693926863,0.54314671539087,0.5298473020174304,0.5523523730291937,0.5920588289099639,0.538398239145429,0.5407640921975765,0.6701763714867633,0.595794013611939,0.5871547290698553,0.5403909493534723,0.5905704852223033,0.6396748933086199,0.5253986376734894,0.6089401265378499,0.5342234269448543,0.5475745037408761,0.5235815007275663,0.5860793100091269,0.4550786400506633,0.6316740162949246,0.5208236558692099,0.6330011445904944,0.5019164783964054,0.5860398055324735,0.6542282465564796,0.604878324232135,0.5458064361495801,0.571367182911473,0.548866309958925,0.5440816214502407,0.6103210253024685,0.5088672776934458,0.634105664857906
0.5927934723480682,0.0,0.544248601397729,0.5463388631674483,0.44155085101210456,0.6179849834865769,0.5335568094795315,0.5558162267485401,0.5876694866770671,0.6620095527652327,0.5482385746492435,0.6064394722568316,0.575137270802025,0.5214854415857955,0.6019036131082465,0.5384418153441713,0.5462347856354426,0.5796069295109585,0.5860575932289641,0.5722191707401981,0.5714055869574783,0.6402942043071216,0.5309100317268225,0.5704797729052892,0.6734059354123504,0.4578114693497479,0.5679947624193465,0.5200922402885779,0.5926242074450719,0.5355275772218662,0.6308281075303432,0.5542809248956247,0.6178826619725174,0.4904377528785022,0.5556306176306893,0.5319759864247114,0.5847866757258197,0.5626720352014688,0.5349354031931156,0.5712403931380469,0.5719861628804812,0.6166915250721708,0.4959063812996287,0.5357971823550853,0.5628384545876122,0.562705275190614,0.4876153192804233,0.4914256063209071,0.5591150397309567,0.5137533836886985,0.5169946587624354,0.5191085406923082,0.5250945566669255,0.5810868147094422,0.5164607043044148,0.6282805274944941,0.5542240238417514,0.5579793043136608,0.4813391948665357,0.5715351123307466,0.5358480852461105,0.47978062975501734,0.4843847130100418,0.47056598858024284,0.5053001669474598,0.49870106334220105,0.5301872446737798,0.5235691986296267,0.4886006283046447,0.5680794115519399,0.5495417404581681,0.5187674382903564,0.45628608692469674,0.5413222116564145,0.5913080569551581,0.5650867534202315,0.47084688620771464,0.5296248225347168,0.49320081182528397,0.46216183416680473,0.5507313780167711,0.5707178894070003,0.6030213418801659,0.5283401198823342,0.506488647760266,0.6362423879961633,0.5172332373438215,0.46758843610793,0.5819667036576267,0.585954578060122,0.5195730267701751,0.5927520321246554,0.5482173173233156,0.5319510272541383,0.5189412629131477,0.7018771221717137,0.5024338855064584,0.5845760121605563,0.48007556485416,0.5301267922448655,0.5482761655157108,0.4662849505580625,0.45819670586484207,0.616638836654663,0.5107278144226384,0.5262106894235024,0.5100824883532091,0.5872856161648122,0.5836231478930487,0.6185419078401403,0.5420246717445478,0.49424621560064425,0.509187850124319,0.5409925703096865,0.5128496551798715,0.5826958764239614,0.5746550258208394,0.5364122855059557,0.4817046596152265,0.5477616228766417,0.5028471862392788,0.48897272057227065,0.5177673568400699,0.6056041285933824,0.5122041367093261,0.6267236199425533,0.4627756425656019,0.5451613436440388,0.555197547846142,0.5637386389018423,0.6309626047469535,0.5363210824143307,0.495290330614698,0.5461493219255562,0.5693305679215518,0.49876029896379476,0.5518164070503527,0.5595952832614404,0.5499532564686571,0.5937002337426616,0.5462794128120644,0.5749194563024841,0.6034184673326201,0.5131260520075436,0.5919241802420264,0.4468956199981263,0.5846169597183439,0.597167983408769,0.6479524597172261,0.48593751290177295,0.5291774889467954,0.566546036935957,0.5790304705905821,0.5252519247201919,0.6380523569571271,0.6145766244816893,0.5742129178758812,0.5802742120559906,0.5326764586355324,0.4720530116506102,0.5590802972611024,0.5811460131939694,0.5401368041660213,0.5606876972324208
0.5073956881632156,0.544248601397729,0.0,0.49115499824646947,0.5079492010092358,0.6229221405440118,0.5005282724515145,0.4970297498817071,0.4422656686550343,0.566616882261459,0.5726623935863538,0.5548481897697608,0.5906618183959951,0.4561950203346596,0.5121533518432727,0.6501051153682498,0.5778251970627617,0.5013710058317252,0.4848833686794948,0.4771801241935861,0.6178443839268317,0.635588682422906,0.4648524641801862,0.5469075318701574,0.5463429748810189,0.5293825019714042,0.4694161148895512,0.4544716350512923,0.5403330773595508,0.5010951812305716,0.4770165579248303,0.5695889794301531,0.524218422444481,0.45289434907716064,0.45172378803994023,0.5065765136965898,0.5758723537970083,0.4951576101436288,0.4863289666740615,0.544167793579318,0.5079801755096305,0.5596636219256612,0.5391471047156413,0.536765632451329,0.5184030031283962,0.5235511100593512,0.5461769588074797,0.5658434131475318,0.5041670484910532,0.5085547320976482,0.534825876052242,0.5498017043570902,0.4409380489561946,0.5699802308561825,0.517728001273107,0.5017371318052316,0.500275134466421,0.6055288967124175,0.44528619810535064,0.5026303799118348,0.4964579857263921,0.48247518672189343,0.5318882066052184,0.43854701508128746,0.4510488524619867,0.47460390762384164,0.4787320881467331,0.58460297256377,0.5064210820703905,0.5076561352567798,0.5469110089307577,0.43874509325201644,0.4361097885062129,0.5783582978685665,0.5255147218997758,0.4494819983180728,0.5278629875145384,0.6004284297726977,0.4544968554046061,0.4526543419705057,0.5283974488559304,0.48639490555364734,0.5436563874378699,0.4816656395739854,0.47080252409340334,0.5133133533473446,0.4823686023859262,0.440381349273544,0.4783189448472546,0.4576716733438935,0.5483220303347385,0.4684586785468956,0.5332572962637575,0.4531413146966124,0.46233556145818794,0.5714198799918323,0.4492727373946345,0.4961271049646482,0.42379592591225673,0.4788427773249888,0.4442011458150546,0.4984832043858101,0.43898934851669874,0.5027838526280608,0.46161473505283485,0.576482534927691,0.5341327548663389,0.5067966627465339,0.5579613660098685,0.5955961495912149,0.5432500251640283,0.46395192781432115,0.48887832376121665,0.455002005777403,0.47213647102685596,0.5363455105444564,0.46401367916668046,0.5271400234742941,0.5477166951234853,0.4576520786896644,0.49698982135313896,0.4573043991385923,0.4733459077265841,0.5580939937650067,0.41219131950957827,0.5798340850037662,0.4592349446833479,0.5886401247830727,0.5402537754218228,0.5134086831310647,0.4782981005384704,0.606068518851959,0.42605813001419096,0.43979797099965756,0.5038500567489185,0.45149305842982274,0.4890618903662115,0.49834041454158967,0.49574813519434296,0.4906607602640222,0.45035113410128136,0.5558458239745597,0.48699959036833107,0.46977124781982094,0.5482565749131487,0.44904550360007445,0.5371339716064029,0.542806024467327,0.5552282295326829,0.4538342392323316,0.44588016112450074,0.44407888807337015,0.5148964576039246,0.574037521374798,0.5566290334880709,0.5079917558033229,0.4920285771628885,0.6016223353507599,0.42665360527067214,0.4692355882673158,0.49930590762338073,0.444537738845512,0.44450071131738494,0.4998277961565406
0.5755146419742461,0.5463388631674483,0.49115499824646947,0.0,0.4285441944299536,0.5464037930739901,0.5387979401726091,0.5421793576658057,0.4960364724426091,0.5295455033482283,0.5777203314923787,0.5090863591233024,0.573452127551467,0.5836776618217677,0.5470335506744548,0.5284129850848387,0.5687220652224493,0.599377852198151,0.5702157161330786,0.5299779836031392,0.5886404471746635,0.5382606535421396,0.5325520448137931,0.4936740100049227,0.5913662153081931,0.5347334767081985,0.578620342718458,0.559281762364774,0.51211268738677,0.4503106778299664,0.5551988841625639,0.5812736584623917,0.6764220010734856,0.5255305161318783,0.5709994037587434,0.6200969294519434,0.5830019858400495,0.6067323170207873,0.5222414103567988,0.6057916184755343,0.5767810006144393,0.532982963663351,0.5442977337479905,0.5694918757520222,0.5727594649620453,0.5728540880703851,0.4401901602162176,0.5032040880911427,0.5842854967666609,0.5707391010187778,0.6249642102162313,0.5581660391620361,0.5378825852229931,0.6700323026565274,0.6053538575222586,0.49816418617958136,0.6002408466520723,0.5620048451074964,0.5329248612297408,0.6209144487118856,0.6120543422960789,0.559440021102816,0.5629576486990225,0.5062690694029465,0.5484075399877141,0.5757994450564468,0.6207050062406085,0.5072768447251447,0.5516059332352439,0.6048364479425699,0.5735904979236048,0.5704236554387436,0.5638855800344682,0.6324636615545514,0.6034432861700215,0.5606335720220031,0.5584512898397622,0.5118587058710176,0.5328681956290775,0.4646177417830113,0.5395655818320654,0.6274127040061934,0.4697505709877057,0.5649645053346859,0.6333240029318647,0.5514768974333132,0.6007354755387578,0.5585893392172658,0.5910369853063275,0.4767488192585704,0.6079163451478427,0.6023282253897514,0.5785604436661687,0.5676842924314207,0.6337938592412511,0.544899758139952,0.551089091520271,0.5596109376854073,0.5418275124664815,0.6027874746999595,0.58923407421268,0.5566941134005495,0.6083453391790928,0.5438280726861687,0.6269122614894719,0.5200645654063943,0.595569726730489,0.5204743113398562,0.5812757703649586,0.5022597101111966,0.6200394140151151,0.6056176376522638,0.6188138020197993,0.6092813867850176,0.5912047670359821,0.5288220744053579,0.5653569235020368,0.5139000927567794,0.5487516490413994,0.634673455266942,0.5131605403270144,0.6289987971143142,0.5347462832314447,0.5716525186190995,0.5231957741722363,0.5596173257839268,0.5529928154850581,0.5061893515554522,0.579091375877516,0.5957441271285864,0.48088045856637546,0.551883570270665,0.5648557501735147,0.582328116332833,0.5565344392040702,0.4840667739731459,0.4375625231487032,0.584157762310798,0.5478213384440792,0.5842538027895012,0.6137322626660827,0.5990302556923021,0.6386155023730509,0.6108499524760337,0.6158599737036001,0.4782449933133512,0.4876873109071961,0.5364266860136117,0.5295206509797551,0.4817126406662629,0.6112841546291541,0.5554520762857315,0.5958051782203855,0.4516350563685999,0.602220309845012,0.5909018247856095,0.5230857329960793,0.5207846986569811,0.6292270830050829,0.593448105673364,0.5661218965030076,0.5860910912145544,0.571146902822753,0.564293600323291
0.46023974669009615,0.44155085101210456,0.5079492010092358,0.4285441944299536,0.0,0.46221271393549224,0.5012438208080999,0.38681947865968264,0.400801167065651,0.4095295488202656,0.5066798887082999,0.47470978097111405,0.45083768561566523,0.4024655182389657,0.4943289522280348,0.5105936982735844,0.4833082277489421,0.44347019161697443,0.4276139356534254,0.41540724146760816,0.5340769087184825,0.5277186406702223,0.42730543176448915,0.5426671920574236,0.43323964582165936,0.5020402367857235,0.3983500061966401,0.38522395930516573,0.4482055605142402,0.4871869138470271,0.42392542935250244,0.453729325377181,0.45886003043081836,0.3975772971943007,0.4216911424805527,0.4429316654636349,0.4842634374651291,0.43592905180977626,0.4693490741911548,0.4919212697761473,0.47221708905389403,0.47748221829434495,0.490454819879923,0.5450664825259928,0.41584710876280656,0.44766065150564976,0.5244279709410264,0.528595696505781,0.46615927946590363,0.47468843168980257,0.5028632060186348,0.5073663775430327,0.40825914904496297,0.48464646233334724,0.45448540938427084,0.42411250997811606,0.46557875961983164,0.5071791674065214,0.3948270600693013,0.44460843961047813,0.39033649488462707,0.4314713025160636,0.46848942360268997,0.3964408529884632,0.43421276087651084,0.4104035688529379,0.40873386388103655,0.5157069549852771,0.4151718602298963,0.40919932771007933,0.5047598317563315,0.4089912592673011,0.3867997249449961,0.476867416353959,0.4163350606937638,0.40126922711734275,0.467276957946214,0.6264469272896733,0.4011627992222505,0.45323226557829377,0.4462054262917081,0.44990186155881423,0.49735874963633286,0.39142272993212035,0.4269728627969323,0.43125433268934055,0.39654659385939606,0.40079943393091805,0.39269361566388955,0.4033949760807385,0.5489665174945323,0.42318666923785364,0.5127879801930384,0.4210810301275511,0.4280843017196285,0.46343838908772955,0.3840851825546996,0.40637065128081645,0.4121385592603828,0.4006706531641952,0.41013576198376,0.4075415376427414,0.39982483150798304,0.40660613978327675,0.40889487866981766,0.4788013951376455,0.4317454192189215,0.40926195718712743,0.4884736075285288,0.4946445714322251,0.5045613911095091,0.44540734872496235,0.41035734406825203,0.3896536039882128,0.42554427761895514,0.47258973349673644,0.39997177486432883,0.4699907396739838,0.4477556266513179,0.3994650508862747,0.5726419081849576,0.3939709897156976,0.425419515192745,0.5249122393079332,0.39911123742985416,0.4651500689662841,0.4082757294087234,0.5004588736436549,0.42430847338403405,0.4566904303923428,0.39222055137087636,0.49052790039609695,0.3773470356429792,0.4218940921578723,0.43495027298200717,0.4575482134675304,0.44732674269491046,0.4924446285499235,0.4122654083639948,0.44797953804298773,0.3860616520281679,0.4722995670262173,0.4371740862068073,0.41603875828395354,0.48862547785302185,0.4124905772138742,0.5214634317424744,0.4505650713756122,0.4241480121461306,0.39168261870794624,0.41148662622556575,0.4005388603300973,0.472929366992183,0.472656017215218,0.4551755680886218,0.43034506003280365,0.4394003763079686,0.49791765516385356,0.40342469590510033,0.4422972865080856,0.40723810215153966,0.41078975618710745,0.39645328891032333,0.5189940903208711
0.5556251683763509,0.6179849834865769,0.6229221405440118,0.5464037930739901,0.46221271393549224,0.0,0.5004815259975467,0.5585842895444084,0.5004549252986531,0.5777184018496014,0.5900118079843568,0.586970815612016,0.6301830002794588,0.4758132429636976,0.5379872865380316,0.6257088249806073,0.5787145715239426,0.528170355804591,0.5451795700823581,0.505251929602018,0.6122936059171253,0.614474600196435,0.4738890297410808,0.5519915534646096,0.5970530161287656,0.505848044936469,0.498235704728975,0.49751317967047115,0.5508843543572627,0.5407577864485817,0.534499199473911,0.577417511002831,0.5996440390254671,0.47039373166979315,0.4779127468183122,0.4995161079083842,0.6258828229539815,0.5354132488373574,0.5169162533287934,0.5479644236811891,0.5410273459341424,0.5892317181318019,0.5163257754092897,0.5526985676226019,0.5303429842455897,0.5553872031078327,0.4969272339673067,0.5416120381925749,0.5103798628644177,0.4957750718642136,0.5421977519309423,0.5723337841909791,0.4832712720714456,0.5926134242800885,0.5174812825063148,0.5731878420282793,0.5417883335588033,0.6428455439988093,0.4396335385928182,0.5303853945376709,0.5721659717974181,0.498893755085161,0.5504993892036533,0.4238487154775127,0.4695677470811768,0.5073965838997351,0.5112776671718704,0.5748972652877224,0.4760177106788382,0.5819725501921593,0.5740418496153171,0.4610342528131737,0.4486132626137397,0.5758140133934649,0.6031236145166156,0.515113977134055,0.5201832946170787,0.5769872145255653,0.4939763682532731,0.5214426045968424,0.6119330926887694,0.5284324583058332,0.6171074043801015,0.5485291140960267,0.49941376719735525,0.5776522778724331,0.5490020667856342,0.4448137056700819,0.54633481638093,0.528039208494939,0.5403162896864314,0.5060125239806529,0.5345254807803234,0.5123727731020525,0.49075924169054264,0.6469178987752077,0.49238700633781446,0.5271502607058329,0.438403752959116,0.510682782254521,0.49186784378032766,0.5029333859675601,0.44514546725080284,0.5287233313918168,0.49049084477370763,0.570177333048327,0.541424132450809,0.541335696871334,0.5600545329627631,0.6136006783324366,0.5544934924686247,0.472605088263797,0.5325909446180169,0.5110809162297684,0.5147569494770768,0.6040105005065796,0.525908164168698,0.4972229287967595,0.5189291386147297,0.5121896010269975,0.4954998128565919,0.5127289309079999,0.5008479368317775,0.6491570898362619,0.45520598946795815,0.6504439635066988,0.46314431352376545,0.584135679925056,0.5410128922089354,0.521320994139856,0.5451276725225683,0.6389584796377283,0.49702717257031237,0.503367727571504,0.5251174615909227,0.4698288524131162,0.5248042815175479,0.504126086193102,0.4867686925818484,0.5447321884689001,0.5147806934474806,0.5674211927001807,0.5297617598995898,0.48044358936647347,0.5794497362362945,0.42975480217918094,0.5693985051624766,0.634056764313976,0.5580256045527152,0.47178720435422883,0.4991204472044859,0.5090655717886998,0.5242322799061355,0.5003707578595845,0.6250964710343107,0.5801083689847805,0.5710449043575704,0.695584192274418,0.476323714820413,0.5005921803097282,0.5384648350325415,0.5148839980434409,0.4952546284300488,0.5529964092661035
0.5645508421819773,0.5335568094795315,0.5005282724515145,0.5387979401726091,0.5012438208080999,0.5004815259975467,0.0,0.4426081024508177,0.4654026257391102,0.5257977241125089,0.5215493134949554,0.5082301387363151,0.5479182172392874,0.51850107284634,0.5641925339920378,0.504482423920283,0.523835802339953,0.5448759322402107,0.48330896962057207,0.48178895050014653,0.5467150382348192,0.5612800888237266,0.5616167136717936,0.5513885922111583,0.5479473526551468,0.5060432692323281,0.5120405009660791,0.4692105726434336,0.48324735994481516,0.4783108406499881,0.5048601652317364,0.5845088305597472,0.5339704355927231,0.5018536154405271,0.520417687772737,0.517538290793173,0.5759010886734601,0.4663243669543362,0.4690672229461609,0.6302457524047582,0.47886263563228304,0.578833142124216,0.5111766236523745,0.5466697205870372,0.5210072501473803,0.5289844153068052,0.5352573248573982,0.4964310077699965,0.6467519501523014,0.532336749675731,0.5956436467166325,0.5113821586030652,0.4681806997761388,0.5601433902107325,0.5288335886348173,0.5160705000215281,0.5176799298454471,0.49478576708267963,0.5331498816911531,0.5505524203077033,0.4587792180677656,0.49074041213967345,0.46616253869202207,0.4679252176976755,0.5091433803933805,0.48013557853319705,0.548557790672107,0.5743342308460351,0.4965066514172209,0.4663433682561003,0.5504746748843031,0.4925368863323532,0.4839441451879515,0.5930476833077689,0.46223733939438083,0.5135636950120969,0.5494371992569189,0.5801402507566537,0.4237243738873873,0.4329641261489824,0.4583865200150387,0.5498942121006866,0.49807832033288535,0.4217332975855723,0.4950105646011106,0.47156462270015226,0.4596256481145397,0.5301769040139173,0.49944799749640895,0.4631722680469748,0.5912388342458099,0.585688186729722,0.5535070962171614,0.49350802691771445,0.5213700820886729,0.527960744628953,0.4275285944040599,0.5022533465658531,0.48829425632294843,0.5498901770220191,0.4856074947917073,0.46645309933823276,0.5059470264026725,0.47184783503747973,0.4823529267345636,0.5043299190327658,0.49151014030626844,0.4731427099659506,0.5878307220407006,0.5600511203179144,0.6397780050923638,0.5041218934103762,0.5232082052160665,0.4504072714425613,0.469680400672119,0.5094703587143575,0.4823299062262535,0.5579530868018032,0.5017613068340832,0.48509833689123383,0.5130165476061995,0.4369189340938518,0.4864031416106472,0.5686498119031126,0.4538003457950557,0.4999178323787876,0.5101917802968692,0.5254567123090236,0.48465906912119755,0.526731895992987,0.4537193155602544,0.4759810300722727,0.4278868281163231,0.4619516289688456,0.4812003127472161,0.46340999337751,0.4464460805173524,0.5746217671616071,0.48674420732200213,0.489741497123266,0.45643255800251836,0.550130000336044,0.60048955851821,0.4886849717953872,0.5308267345068179,0.5365648985100764,0.4956722542992273,0.48229633956731327,0.494899558021582,0.4014873395515919,0.48167675850776,0.45394209733078184,0.5325781237187207,0.5635655910735974,0.504519478470854,0.5101355986131202,0.5103253645962441,0.5198562146588551,0.5095630192452475,0.5460684988493808,0.4801578350894601,0.4827281435949752,0.45102267821466696,0.525094868099365
0.5391599285252133,0.5558162267485401,0.4970297498817071,0.5421793576658057,0.38681947865968264,0.5585842895444084,0.4426081024508177,0.0,0.5630049376469278,0.5330087506611096,0.5120721810471579,0.5477988470786075,0.5682554700975557,0.4673491675834369,0.5247869092684664,0.522551584413897,0.5004619438634498,0.5361541996363879,0.548388103061307,0.5420945116533613,0.514744033051342,0.527387040773959,0.4829970021456093,0.476772398018077,0.5930070893647251,0.46136361518052327,0.586172176724794,0.5252106633840181,0.4573539820530157,0.49129590519120214,0.6055425638862777,0.5188608031665348,0.5637396659361906,0.4915979412408282,0.4884750064929881,0.5030090377046368,0.5675294122217914,0.5570052434128988,0.5073365850557147,0.4930384472032949,0.5024227169791885,0.5094077943514198,0.5043735111294223,0.4648475631244841,0.6163109086019375,0.5609150363378689,0.4220178417926769,0.4537785248550057,0.4865549595901527,0.4854537384566107,0.4887773730499208,0.4815823343717244,0.45636987474871277,0.5227658923085778,0.4880135163122537,0.5159996589886207,0.5225206809377488,0.5703188592777585,0.43330724039915,0.5374242106596836,0.6155710135784845,0.47090569277640365,0.49886048561976304,0.43105776386157374,0.4584014393408092,0.5066353712162183,0.5223486073738587,0.4820665523209715,0.49379695090957626,0.7546630105614585,0.5209955763261064,0.469362284020417,0.4460574384849602,0.5263153702257839,0.6105871683301854,0.5003129683915644,0.47772850438731357,0.4504124747718981,0.5484763233662788,0.4098150785989508,0.48429446008520266,0.5467983502046138,0.5036369444828575,0.5714790127899898,0.4931007650940451,0.6273375169236658,0.642133649122275,0.46071133689846355,0.606956308957574,0.5548908403097091,0.48633580606820415,0.5118019952748526,0.47661093078612643,0.4874490378720379,0.47077107586044487,0.5669248507833985,0.5332451027628372,0.5366779661582571,0.4297872603933411,0.5213399496456843,0.4928507959516688,0.5593398451747988,0.46170237962677757,0.5537029508087778,0.5215650348308006,0.5301629240450468,0.5263341710954152,0.5399800485925694,0.5057093676074206,0.49271278455297696,0.4830499117268623,0.4760527620725383,0.4937400891135403,0.560821880230766,0.5139764684560519,0.5335365146105748,0.5089227813540703,0.47686604059727467,0.43967416116289043,0.523205746855783,0.44192213713799644,0.5920510255942296,0.46777165124340675,0.5186274546916325,0.44286268410577206,0.5546217166271371,0.4453726566683533,0.5590037785484115,0.5085790140965858,0.5186212773900558,0.5657132037909308,0.5262997487052636,0.5423801354806573,0.5036898847751246,0.5415761279131885,0.42514555075230925,0.489984328460625,0.4878409662045514,0.5439118497805471,0.5834375426969403,0.5233874196122197,0.49686116229545085,0.5188744878201735,0.48568456382225406,0.5222350585369321,0.4334602257468646,0.5210395277000999,0.5233402236134597,0.5586586818226357,0.45259484499199887,0.5575270291915785,0.47791841446020866,0.5325303982765414,0.45553583196883185,0.5943519163318532,0.6404229235306682,0.5234432856616004,0.5298818536745395,0.46555372533646455,0.44925569456741876,0.4848816631296256,0.4966522050629081,0.5022349147060424,0.4958085823141005
0.566217520650598,0.5876694866770671,0.4422656686550343,0.4960364724426091,0.400801167065651,0.5004549252986531,0.4654026257391102,0.5630049376469278,0.0,0.49014860000048815,0.46921247636000596,0.5031660228552937,0.4982988335789864,0.48379068164165473,0.5610644137184261,0.45296427937457606,0.455201620685091,0.5419205506343848,0.5019327729915158,0.5345389783617165,0.47787267174561604,0.5404613568287716,0.47459967623525934,0.4803292095182832,0.5445694276629559,0.41994096256680724,0.5570843168901027,0.4672359954169557,0.43738663169384545,0.5054044855648766,0.6402096834016813,0.4670923113452548,0.536447573349565,0.44228576318004914,0.5287635802683851,0.4727648644423196,0.5257206650448605,0.52775978529883,0.48899184314447436,0.482554574177497,0.4879425656327629,0.5526908736166638,0.45219959538936827,0.4593961163061645,0.5221800845345903,0.5069522702830039,0.4273562749058637,0.42163277043354647,0.4831515711636539,0.4733148308412035,0.4628808433259063,0.4544466612593219,0.47765966653234304,0.48098270299996065,0.4399890595847608,0.5846847666216707,0.50422536923994,0.49331567742777455,0.43471271162586156,0.5127920462433153,0.4935778156696342,0.4497039763230646,0.4410588609004712,0.4328827055564875,0.48483970879922195,0.4630990786893032,0.5094883810204485,0.4820190324141245,0.45228353647697533,0.5757414806204656,0.525846109529759,0.4873710052389893,0.4382317645979215,0.47433950786709494,0.5230426062139627,0.5075553231568639,0.4266514285768242,0.44339491766190214,0.4725543906447179,0.4049248645444592,0.4611421867618619,0.6040785000455222,0.5351315636561834,0.48141927187091166,0.4706808495641289,0.6050815506864932,0.5255905970422292,0.45391083662348514,0.5349249417894152,0.6577780273637591,0.48038700563740067,0.570395494029456,0.4619894243467037,0.4822241214964661,0.4908478056965161,0.5653934128299489,0.4927118318289613,0.5128765451095626,0.4657968977776758,0.4861858830080288,0.5067085600145014,0.4442818951566748,0.4384129755548141,0.5084922622554864,0.49619116198007207,0.469649536683997,0.4454790475032576,0.501218107042946,0.4864858287608748,0.486795450619298,0.4583375252958282,0.47440291453678485,0.4698010328404818,0.5296456064746674,0.4721107308192548,0.5218266349119576,0.492326536174943,0.45377309408861505,0.39948712674594544,0.5410775761895679,0.46411013641297155,0.5002134338345066,0.4632365375306859,0.5123586225445598,0.5090591455143177,0.4842161820078459,0.43626923762033115,0.5001787610042346,0.4446926567799831,0.5145731849836214,0.6240362023066844,0.4738219654227201,0.5017349336952178,0.5672106055348334,0.5151935789998072,0.4564587299990286,0.486946035142365,0.5060507992050912,0.4895483782819432,0.5636372396609279,0.49697220873494863,0.4852557667347611,0.5630982366909995,0.4846741591484686,0.5046237561558974,0.4297477510533322,0.5776675805711957,0.48757765180369883,0.5096403605053761,0.42500254708005675,0.5407201982407485,0.4880957569424724,0.525006178111313,0.45442472430812103,0.5272096676421155,0.6220134503836756,0.5117939725014871,0.49034089955314436,0.4957285675524326,0.4263723678596829,0.4629016230522162,0.5406008167892833,0.5196032944419846,0.5340876487894712
0.5282668352472608,0.6620095527652327,0.566616882261459,0.5295455033482283,0.4095295488202656,0.5777184018496014,0.5257977241125089,0.5330087506611096,0.49014860000048815,0.0,0.5161442318750264,0.5553523270390561,0.5792223715512032,0.5106007667032927,0.5113038038038488,0.5283055437330167,0.5411075253667065,0.5377431519578735,0.5336592513083683,0.5198571575214762,0.5385108299874354,0.5702689346674464,0.5307787278386793,0.5035698371417571,0.6611290274122734,0.4474931079156528,0.5591408067442823,0.5229060595702073,0.5695256435883143,0.4761403954924745,0.5305852973275003,0.5920019595639259,0.5385084965391195,0.5024187199976677,0.5001572726040843,0.5203353374131707,0.5471788250257927,0.500575697616045,0.4691337559112403,0.5500876545290818,0.49490204151417366,0.5828177719246705,0.4801223173479921,0.48427567045421827,0.5642860105426167,0.5327672718667488,0.47558372465586995,0.46795920452082973,0.5521061615644188,0.4902836530690699,0.5028531663763139,0.4838642294215058,0.47674899401750753,0.5554666464816986,0.5177672595257519,0.5601576621280249,0.501427388789565,0.5199482802694383,0.5057248246760273,0.5393999833914113,0.529095611239623,0.4685895009949291,0.4621832132017797,0.4714463839749822,0.46664807638205824,0.4853274113105928,0.5277044839586281,0.5012359355238799,0.5159632185670827,0.5304105985257358,0.49578709468030957,0.4798524644316574,0.46520076520653436,0.5539045773167647,0.5538607660089098,0.5205718538830078,0.48547505829359994,0.4983844781493891,0.45259650769278165,0.41986860230338086,0.5030056162629031,0.5083958823757995,0.5075092447126242,0.49101655352512374,0.48730831230098637,0.5345507639882602,0.49714073439603673,0.4754463333950185,0.5689287838976755,0.49522518812211014,0.49192556378741054,0.5506292542421064,0.5127734463932362,0.48293910800299894,0.49106288607435367,0.5935106413276334,0.4679626691392611,0.5777618128746589,0.4502055989050315,0.548250203653763,0.48761569318979925,0.48259996960372303,0.4662648993254632,0.589842914862683,0.48651127706117125,0.5083697385242104,0.5238943387048355,0.5736056706502408,0.5549976100352118,0.5776873405110509,0.5365935151952357,0.46652228373441723,0.5149518188031135,0.509238934747968,0.4727145023480596,0.5186488839461088,0.5395743335078781,0.5444404870536216,0.5125290035449039,0.5107694499073233,0.4436328842761206,0.4617851337336905,0.4895674926610032,0.5262172342410468,0.4458190328147611,0.5702212356478746,0.47551739200854576,0.5108475033897563,0.5734236439038733,0.5158575842648458,0.5595347141511399,0.5059570461367343,0.4530381606295078,0.4608393551948314,0.5158150830255754,0.43797420535925374,0.47575107347161827,0.49818433876832774,0.5431598811829257,0.5109870607391036,0.5017751859796746,0.5581199010874937,0.5622868555325515,0.4994200706071827,0.5321801880270574,0.4627356409691983,0.483980201900517,0.5411258269038538,0.6503842576073261,0.46464256522431496,0.4748109410222945,0.5006640683866375,0.5309229212636589,0.5488653533514589,0.5775027972162943,0.5384279100195167,0.5143132753254355,0.535540546761993,0.4796793270215689,0.4723208106278439,0.5498821127230283,0.49852722804948957,0.49116363393537393,0.4748965346577894
0.576862824365823,0.5482385746492435,0.5726623935863538,0.5777203314923787,0.5066798887082999,0.5900118079843568,0.5215493134949554,0.5120721810471579,0.46921247636000596,0.5161442318750264,0.0,0.5867669468313963,0.5997638219579368,0.49568108127476074,0.5631207911153965,0.6781137576923842,0.6213338195701552,0.5564587347138082,0.5957723721845822,0.5468849614426888,0.6692867066473203,0.6276058249605012,0.5114733467030984,0.5920093971140643,0.591344214323663,0.556932493782368,0.5158476950846181,0.5303614271132914,0.5831740096539834,0.512961804107778,0.5401197911240446,0.5920076064891274,0.579943767979909,0.5035046327753131,0.530139009678843,0.5596305201497873,0.6548646930664366,0.5901048273751642,0.6084293004128686,0.5880780512958145,0.5675146216351721,0.5324426199463309,0.5976633804494951,0.6534539760604865,0.5417615739071749,0.5460722243063868,0.45905528043043187,0.677447506808963,0.5871330973514485,0.5591176144593495,0.601459612454128,0.5663252417949619,0.4802741375063236,0.6695453646864141,0.6416419296470917,0.47187363193855747,0.6105147865820747,0.65832540651609,0.46810985671053545,0.5631485274432111,0.566302620345155,0.4933051146861762,0.5801513178833635,0.46979643917986913,0.5007196451737803,0.5224358864393331,0.5222073268510107,0.532539932091177,0.5153036040258435,0.5751097110612033,0.5773056421906553,0.5081085309255792,0.4778602505404754,0.6107115758025558,0.5822859915379689,0.5075132574163511,0.5849574534971819,0.5919665552133918,0.5117476557318801,0.5110552003575608,0.5411472328760221,0.5346423210907901,0.519172709660624,0.5413958916548722,0.5424747402718784,0.5431872376821099,0.5645512663359631,0.47679577672708473,0.5107968423182272,0.4640397741536436,0.6038036326562608,0.4916289425538605,0.640623842336919,0.5461530723467726,0.5194051158056098,0.5696061683630443,0.4955388206682399,0.4945453719526333,0.4704356943547173,0.49344389156972346,0.5518320696037775,0.5487456529659113,0.4781930913295782,0.5088924917023377,0.5240505048800382,0.5446189144393034,0.5609166437298997,0.5175271791718422,0.5576265179171775,0.5845112372547248,0.6546946214498143,0.5398965719996697,0.5260400852215251,0.5261171507627107,0.5422888055374261,0.5459766568716989,0.5108488018798346,0.6076979491426385,0.5476340861833016,0.49765818558322944,0.583834269116216,0.5090908486145707,0.5298534231324821,0.6235852776482408,0.4872157384805319,0.6492813034995785,0.4619782750296071,0.5711835899872937,0.5702257971533699,0.55865785622885,0.4622860420146736,0.6106027961149043,0.5307864685587644,0.5295534860223372,0.6155467988095539,0.5062185238045012,0.5044525453540152,0.5733159865390463,0.5461091676754759,0.5850087641782752,0.5124491655147463,0.6124467718885616,0.5243719984455999,0.517274274307063,0.6763097471094432,0.4442432483982509,0.5336172617089305,0.5394685763755307,0.5500421755202914,0.4892112966240242,0.5651777731083653,0.5069347187943343,0.646108029890699,0.46192509791442316,0.599742990405511,0.5765896001371641,0.6061831301006478,0.566393850996002,0.520597877731676,0.5517335234452894,0.49359217751164225,0.528578491006141,0.48395546844053383,0.6386180230170693
0.5312894571258595,0.6064394722568316,0.5548481897697608,0.5090863591233024,0.47470978097111405,0.586970815612016,0.5082301387363151,0.5477988470786075,0.5031660228552937,0.5553523270390561,0.5867669468313963,0.0,0.5362385863351088,0.43179438457433733,0.5652814117931618,0.5906624882113612,0.5374234925228114,0.5035604828929392,0.6042383833624557,0.5207640983692414,0.5788700252921871,0.5886795339623243,0.5364590393132525,0.6200061220736138,0.6276233399568879,0.47652482560230225,0.5259163320585534,0.4999884844765791,0.5420832947501353,0.6110604403227097,0.5816428737457244,0.5226736585224127,0.5540185096004958,0.5093909986136187,0.4843116526505747,0.4923482400910215,0.5847624969916143,0.5156208889157401,0.5707194077794782,0.5262228814932088,0.5361524663586719,0.5529598504846001,0.5125750403679061,0.5358348624026974,0.5417384580007781,0.5286262607332363,0.47319179669062167,0.5221816868898269,0.5350187371913421,0.4772869277043106,0.49833405636525013,0.5092637246679618,0.4339499837645211,0.5482868664364187,0.5128700437457985,0.5198186509923701,0.5236355205967922,0.6560537765496094,0.41733552737520113,0.5119954094106147,0.49059036914916265,0.4303352638836693,0.47642497048212507,0.4214691638432372,0.43861474363302533,0.4502196682887951,0.46476766578164613,0.49155635889842736,0.4482969280132437,0.5500190709094231,0.5041752361268098,0.44674081345156486,0.40814896387404653,0.5159875434211466,0.5274359079857828,0.4758630120426302,0.47983582099202926,0.559969339802709,0.48919298432855857,0.4497602299278446,0.48608833606276475,0.4998235587712304,0.5951854204441744,0.4836853598567306,0.46814321728885117,0.5778148807023062,0.5017338426232908,0.4221416933463983,0.5126508637561743,0.529108894955762,0.5136041144864828,0.49719466335036105,0.5288110523119056,0.47488492560380374,0.44449419773283094,0.645580240081186,0.4422168192157144,0.5271672984082654,0.41864413116407645,0.46743212646186155,0.4764219301265687,0.47994484316479735,0.432180350235461,0.581814238600805,0.45623024464970474,0.5356438261760117,0.48855330377314055,0.5635398345624645,0.5250035342370153,0.6120225818759879,0.5575594215467072,0.46412210938221016,0.4472859038390975,0.48607005610517195,0.4756842084048974,0.569525871280183,0.49678642325864686,0.5500072176418157,0.4653812994650214,0.46397916894189245,0.4915261538831056,0.467661716618085,0.47763051750376806,0.5928380863430595,0.4314296856238438,0.6521013589302035,0.41238144052248815,0.6099374303735958,0.5271130102518797,0.48805521769162163,0.5299968797029379,0.5218238865925311,0.4589874467714161,0.4826841212180074,0.5378816381044014,0.4370621232625111,0.5895824572658145,0.5172473049575882,0.5297859831649936,0.581052292540479,0.4651416405924995,0.5087025082019451,0.4977394077348309,0.4509369823414321,0.5612180681965602,0.43371290325407186,0.5882159273527364,0.5352891707726755,0.5942025100414311,0.45906211259374347,0.5085037038989298,0.4742489373349404,0.5599862680843435,0.5006593414636975,0.6586722216035512,0.5531195199819046,0.5603931961144969,0.6208968198805431,0.4552315801693341,0.45008828040115495,0.45641208958846763,0.48722114395358085,0.46450468165055236,0.5519167223150877
