0,1,2,3,4,5,6,7,8,9,10,11,12,13,14,15,16,17,18,19,20,21,22,23,24,25,26,27,28,29,30,31,32,33,34,35,36,37,38,39,40,41,42,43,44,45,46,47,48,49,50,51,52,53,54,55,56,57,58,59,60,61,62,63,64,65,66,67,68,69,70,71,72,73,74,75,76,77,78,79,80,81,82,83,84,85,86,87,88,89,90,91,92,93,94,95,96,97,98,99,100,101,102,103,104,105,106,107,108,109,110,111,112,113,114,115,116,117,118,119,120,121,122,123,124,125,126,127,128,129,130,131,132,133,134,135,136,137,138,139,140,141,142,143,144,145,146,147,148,149,150,151,152,153,154,155,156,157,158,159,160,161,162,163
0.0,0.8706672111391618,0.844509112845469,0.8426944905050071,0.7749633927078559,0.9041138650180993,0.8736096421440561,0.8482210613569708,0.8927450114200143,0.7552598162604238,0.891669048793578,0.8931766628508911,0.9345207964679968,0.8365298532319055,0.9363152184490904,0.8522765599710187,0.8650053748057563,0.9713537178856414,0.8454300143599774,0.9177202023608417,0.8609283267172823,0.9076928589775247,0.828338560112335,0.9042021734682979,0.8928521636414034,0.8196492255698562,0.7756944612498146,0.8746215118320898,0.6894532201830813,0.8121872483459858,0.9028628184603118,0.897943039333635,0.8800014813315835,0.9202767671356926,0.905650703188575,0.8180071363651676,0.8864764394646725,0.8646293566279329,0.854530234782428,0.8972477808584672,0.8206403861007711,0.8986753778175238,0.8347008222566924,0.8600643984043821,0.9159974367487049,0.9347175230082634,0.7715664516167365,0.8338812230669186,0.9020389407502183,0.8532472399674937,0.8811149244680986,0.860661415741127,0.7531573329345116,0.8369031112590692,0.8027565825792259,0.8448272836932698,0.8860903496128721,0.8711927480983968,0.7937277292510055,0.8818541062720401,0.8358215820880267,0.7921569362157123,0.8382280801631957,0.7002640830628429,0.8238771659111302,0.8501554782289165,0.9181470049970986,0.8491515056420891,0.7640418194430498,0.8363024533027429,0.9331376224384944,0.7689814034096953,0.8139547116845081,0.9032621191657617,0.8648039329018997,0.85067020916367,0.8545576377323159,0.7544809116641195,0.8601733643197458,0.6864280155283835,0.8188770480784285,0.8932350211206225,0.8549871750506859,0.8113588399790113,0.8470703483925367,0.9395710786849015,0.8213279713927025,0.7917337206336921,0.8749983942674973,0.8991804156602006,0.8736300199540804,0.880714406668565,0.8205664447446626,0.8508208766952312,0.8382001791879948,0.8193765133611272,0.7588793212466999,0.8594607891702405,0.737049933432007,0.9108880159657302,0.782927997553859,0.782214100269672,0.7630347595440019,0.7368084821635731,0.8399721869506104,0.8941697026872469,0.8104618532553888,0.8648247026922804,0.8863507196319848,0.8978975856619777,0.8869703550239326,0.8591514576958746,0.9013976834602943,0.7994185234812812,0.8889998028382843,0.9149493227776831,0.869634363348332,0.7999063460407848,0.7928590357576376,0.8030881501566522,0.8187052228967873,0.7063071022001298,0.870621400851771,0.9151120586522603,0.7807172227876849,0.8248036025856202,0.7938833253787946,0.8824642231101582,0.804378257040018,0.8283396315935233,0.802671991117799,0.8384360935253633,0.7607608890629407,0.867795037041722,0.8611885385468411,0.7997652752991766,0.8462399398965346,0.8942675359090375,0.8640324184036237,0.8777342011382582,0.7515419928114146,0.8455130516483214,0.8687819954422351,0.7752496518014399,0.8651554214382235,0.8778119388554156,0.9148416884454004,0.812853733268044,0.8157681749782143,0.6781848516135413,0.9017708952174949,0.7539521406612699,0.8272112410777669,0.8174710961538101,0.896386414312248,0.9305079177011599,0.9402908325937327,0.8821799854456839,0.7907617087705452,0.8094750567509575,0.7239987935093495,0.8588491153499742,0.9093604467458484,0.9386237627961388
0.8706672111391618,0.0,0.8897176435000441,0.8309691918078943,0.7359173525246162,0.9091433648953858,0.8586615435233109,0.7947796467300109,0.8285433943758342,0.8479286928151265,0.840997564624796,0.9394872090499762,0.8378127059815009,0.7849841934778684,0.8890775363167285,0.7947875710254546,0.8809582584288506,0.8545852916040904,0.9039142319280449,0.9048013105861328,0.8834187916623802,0.9423950622831353,0.8183889419592771,0.9293913796879854,0.8857397089154074,0.6846005543673712,0.7211335607694469,0.8785647128182658,0.7722608145198363,0.7517682924112109,0.8357424818743867,0.8477494913361698,0.8693674059182365,0.8923714667188752,0.858780695153479,0.8338782348836639,0.747137637605375,0.7617039370567628,0.8481024472583543,0.8930474021846356,0.8752860382824789,0.9349686805630885,0.7124604426662092,0.8048672641726072,0.855301672368554,0.85544232399276,0.7488616280032107,0.7600728894734566,0.8460496348120041,0.8189726774273706,0.8137245799509356,0.8390630628415711,0.8208939777515413,0.8784324445080883,0.777294114517032,0.8504061960555482,0.8456814352654456,0.823624521258529,0.8384599215476641,0.8715595170672874,0.8042566674663091,0.6771424119020113,0.7569190006147668,0.7457841091026745,0.8051289488581675,0.7809492724069872,0.8264294054141836,0.7234944878082554,0.6766530217634706,0.7248927210463878,0.8057962414107197,0.6734313106923151,0.7597490132689525,0.8617661885534404,0.8776540388941241,0.7299712712316606,0.7642537513824132,0.7152461287494891,0.7324818184876252,0.6221273609291851,0.8200452385662393,0.8540710545209091,0.8199953044985442,0.721343782972339,0.7901137501163564,0.9171086515680141,0.6896594977547932,0.6570455952051427,0.7855699807144974,0.8631458520381079,0.7633193186543105,0.8950980122472858,0.8062997015999708,0.8252668534545207,0.8169884674410228,0.7948591586498507,0.7650604270368322,0.9223573273385605,0.6745076282499773,0.8724859552012784,0.693204081168204,0.6919425633826373,0.6627164384754224,0.7895438933761435,0.7515846858355011,0.808390049370107,0.8068178551348082,0.9208029873819302,0.874082026523156,0.9485876425275913,0.8920308369648774,0.7569399104665862,0.8089338767679788,0.7242398507069064,0.7606441573375845,0.8923112268089051,0.9156710323146997,0.7810028031712428,0.8411267385411095,0.6993789950189843,0.7481521478481777,0.5971832060924557,0.8588637008347594,0.848427724881737,0.7271136493153261,0.8152869290949101,0.7845719966927138,0.8048014591101813,0.8934005931313689,0.7218931697406312,0.8282356368402157,0.8165566094588821,0.6178747734399257,0.8447166043241342,0.8745665273714015,0.7585616682869264,0.7994261495608442,0.8063618148633831,0.8640196832135222,0.8018492818036865,0.70019609835958,0.8195114513087802,0.91092147857918,0.8049654592738804,0.7953888465131331,0.7580840974515642,0.8928651096850367,0.8130732269774894,0.883504259023523,0.7974401900237413,0.7828429502682921,0.8166656073910254,0.8733805980996577,0.8641067922663684,0.9096995829312405,0.8153798468757302,0.8860685184368459,0.838391251535033,0.7378319875493651,0.6760835733585053,0.7586067943093839,0.7884032252251064,0.9050936016208148,0.8524498959662907
0.844509112845469,0.8897176435000441,0.0,0.8113578317372535,0.8476118967129876,0.951942623883194,0.8339511893507162,0.8197088529082119,0.7511026977917303,0.8241109118458685,0.9312340038907417,0.9399881262188817,0.9051156813249229,0.7436571547765153,0.8939032289020103,0.9427650011241366,0.9357133099627376,0.8436303122877594,0.8468339792863515,0.833573971071364,0.932892863187839,0.9633968878156566,0.7514851437220769,0.9107414797079812,0.8558994750148284,0.8268968604443211,0.7007069689201144,0.801829319825791,0.8092263408158996,0.8047056261326718,0.810820344490931,0.924188260642803,0.872730360455162,0.830324091540917,0.7612489163407831,0.87409211563107,0.8267485347351323,0.8575751706345811,0.9050314164041184,0.885619076052219,0.8911462883525698,0.879797438187661,0.8510936879477793,0.8847396300448592,0.8582022219422262,0.8919163090383697,0.8157000828635824,0.8925148498391192,0.8326781316651953,0.8698594098201137,0.8896212639926362,0.8802616938819533,0.7544864676429656,0.8898932220834819,0.8661093973247943,0.7793438868114881,0.8543980796685575,0.9383019449486653,0.762199866705816,0.8589181671273826,0.8270152215846832,0.8213099940018858,0.8733946550467049,0.7236302836609769,0.7748299583202864,0.8081629948886153,0.8083103268987373,0.8318775302890569,0.769206258852154,0.7811327848199425,0.8908138107070876,0.6573720217581087,0.7302614291853057,0.9206010006411782,0.8941841809349091,0.6854997656931751,0.8832662420857856,0.8287866129350875,0.8074421832630302,0.7072366404476507,0.9177954003347343,0.8152470454443608,0.8658044000917868,0.8071054184764607,0.8096890458012977,0.8904778070268902,0.7484636155330162,0.6939401001356117,0.7671326711431334,0.7989554670684603,0.8699637750075928,0.7813185216539236,0.9001352023341243,0.7823781416760546,0.7872753184390516,0.8264775466864239,0.7666392734184079,0.8175632339939503,0.6463193138163733,0.8134590641856424,0.7045109559917636,0.7962608828879137,0.6873951326841394,0.7628257664026493,0.774240529051976,0.9179192679970355,0.8802652480154154,0.8470839257968603,0.9228119766456998,0.922259143099148,0.896069105828637,0.8069242700986936,0.8185918140836936,0.7579159355074057,0.8228289922296403,0.8806417116275648,0.794498439444856,0.8452778991039395,0.8859805813890703,0.6782454456354566,0.8412385479556311,0.6775393856813984,0.7992640180613275,0.9115382392258924,0.6438616563433006,0.9007809622504499,0.7917757515770246,0.9096745202324106,0.9099588819526905,0.810982501989972,0.7559268999412508,0.9379025557586727,0.6597156269305373,0.7823575294121194,0.8643023006069219,0.8041576906799877,0.8231288005934835,0.8270971152834938,0.8476129146436231,0.8596362322449552,0.7024370293932788,0.9274358690658492,0.8075756171855154,0.812330472782896,0.9014512060757617,0.7593056140071734,0.9219992598891725,0.9249851056849272,0.8663200311596768,0.8519340179910667,0.7674898880747381,0.7643976954939983,0.8400741157979258,0.8883991207564592,0.9306459438810558,0.8329998690543464,0.861804818732794,0.9114399538449378,0.6668250671953064,0.7639787966766783,0.7935288839101303,0.6952939578388478,0.8812050900369106,0.864852201579107
0.8426944905050071,0.8309691918078943,0.8113578317372535,0.0,0.6889141535696306,0.8717014691526597,0.7849481200904947,0.8320995697439972,0.7473072527431717,0.6898577667278379,0.8615804361046439,0.8545311125258785,0.8162533927329008,0.7825300185455183,0.8684914373362721,0.7635351069125542,0.8547878055838234,0.8383092939479866,0.9164729437084472,0.8359499604125629,0.8758280702829345,0.8602551972313505,0.7241616844154074,0.8309355442390638,0.7827299613467654,0.7523371574146039,0.6914119061966639,0.9035685498518231,0.6664478161110278,0.6557080333042776,0.8065176374696259,0.8238373309817854,0.9595934125150326,0.8890875850701371,0.8418967866232696,0.9083322493407883,0.7319563790787377,0.8108804661520732,0.8695612337384129,0.8515856388312898,0.9016974083684494,0.7836265223829998,0.7657237351252713,0.8280052715770931,0.8584236957217154,0.8577931319757562,0.6355065040933688,0.7635262720722823,0.7779984158317971,0.8741355803519009,0.9083384312893159,0.8822335888660552,0.8399835888434247,0.9411923665541428,0.8480368151603546,0.680527310947947,0.8890622123974341,0.8461606607639923,0.8144402967466122,0.8992644942819955,0.9002753716960086,0.7803310519750987,0.8855490870969561,0.6958783711763876,0.8526053948167241,0.8804306239683601,0.8710581656201608,0.6861833417462156,0.7050743440399452,0.7833006499890677,0.8353044459382957,0.6818317287662478,0.8727591166137159,0.9131173500143845,0.9142431798172622,0.6816017627401724,0.8391993674811896,0.6539413150512696,0.8441904596039512,0.5980521445597669,0.7836745296403467,0.9152901287219846,0.6950059067952041,0.7960071594577657,0.9142844447314192,0.8497070201278271,0.7735193576091606,0.7469624309842929,0.778722902183097,0.7437446792004043,0.822635895150445,0.8549384289685484,0.8140532464842001,0.8675849478142759,0.9052142757684987,0.713187260015136,0.8580007596519973,0.8236869240057707,0.6940695114988673,0.9158302996053231,0.7086843928275438,0.7903245746774364,0.8363496475800618,0.7222536814178526,0.9086476294436121,0.7791202434255392,0.883180907611038,0.7560432252178723,0.8140015604961931,0.7921162467822327,0.9193230381702564,0.8788221803526023,0.8968513578974292,0.770543998775025,0.9056557357521029,0.826835713509559,0.8387202359085443,0.7041964160374118,0.8691596834482127,0.7413590389185258,0.7291481465337956,0.7335964465612798,0.8030922393134368,0.8119125893548492,0.6970915603653747,0.7806928786124202,0.8679396823508974,0.779190442203301,0.8667226027212259,0.7235970094426336,0.6570506898547495,0.8311951976106147,0.6989557297419735,0.9123932176748222,0.8726678903651881,0.7179556228604013,0.6556054523356711,0.7963557880283814,0.8103409252793262,0.8074433921492654,0.7978704656199257,0.7550092952621926,0.8898095634257472,0.8892853130829653,0.7626548636228971,0.7355791145881287,0.8178639324801943,0.7345681958930472,0.7214088372054941,0.7010392856541556,0.9009390839863881,0.7804326839896145,0.8773440233544009,0.6964041641412263,0.866298994920056,0.8095648908529218,0.8317700692453502,0.7718185087259825,0.8197150587787158,0.7732496021933364,0.6777592611118276,0.7427942929647227,0.7945577028728912,0.8479858288464318
0.7749633927078559,0.7359173525246162,0.8476118967129876,0.6889141535696306,0.0,0.803271884499333,0.8598552340269523,0.6496792042393765,0.6582881388756718,0.6903805252865947,0.8280035261072652,0.8102981541628326,0.7778763126098212,0.6456382630399728,0.8194964338375842,0.8752971838588244,0.8390278063382184,0.7713974319152164,0.7042136236436072,0.6835011674182118,0.8271339607012514,0.8173506627558821,0.7430035288821779,0.8492737994936096,0.7307062548423877,0.8624360675895296,0.6254366929042998,0.6556507585737342,0.7547967845333815,0.851514162513758,0.6983448754771463,0.7929766985050711,0.7634125312320738,0.7078026540632226,0.6812803663059899,0.7257038518809158,0.7834799248556554,0.7579882618131041,0.7788313326549314,0.8367831952619086,0.8129782949255977,0.7980953352770767,0.820451328937836,0.8886671378707406,0.6917924008719695,0.7928991574759165,0.9192579332172128,0.8558800070631848,0.8093171320016687,0.7713991913151098,0.8233408504847662,0.8356606932067826,0.6656181149940286,0.7412130482786748,0.751820673700833,0.7291805430448879,0.7634647638384824,0.8488719589859534,0.6428576851717532,0.7338039977582619,0.6403329484815277,0.7767001090449247,0.7891510530072396,0.6244290596233403,0.6944644784274775,0.6783602640088446,0.66263395199061,0.8508273010194152,0.6777199372705436,0.6607510596317953,0.8306838677766909,0.6421394446401361,0.6118638216563097,0.7863305825857635,0.7002435774786918,0.670930547133912,0.7874361584248588,0.949198123581339,0.715896354876747,0.8365266806982089,0.8630037140491811,0.6994763859661329,0.8749640449278967,0.6672133784941261,0.7193828382036889,0.7482367706313965,0.6290605421000984,0.6400309392077843,0.6540917009985674,0.6995336316695279,0.9143102538349663,0.6893033780330875,0.8731234666476102,0.6931706671356389,0.6999160862027795,0.7649416016250087,0.6071045676422206,0.6877059047491337,0.6748270522601605,0.6740833339333762,0.6483749826250874,0.6642360426467651,0.6405273629107814,0.6712653827794476,0.6513043876204674,0.8665849546588578,0.7209106714369931,0.7310601387456046,0.8931354471194588,0.8195506350878704,0.800690963322555,0.7647194579934679,0.6845987310366289,0.6158543827139028,0.7636762370890587,0.8265826429644102,0.6974794939988825,0.7791477072717571,0.7739316682577455,0.6271550698243333,0.9367936116291246,0.6136575757564968,0.7231467864655853,0.9102774216329043,0.6180843869063248,0.8064874261079619,0.6830049085062925,0.822632337752225,0.7354491632658676,0.7758676116822707,0.6670527704774658,0.8151321058387851,0.5849657179096568,0.6833433022487778,0.6885269282361353,0.8255491459282671,0.8313399167228938,0.8520514543885876,0.6910298897296443,0.7773216016116009,0.6151656339120615,0.8372827533572894,0.6927074798405087,0.6544780211912599,0.855263555797291,0.7409402485561388,0.8482754774360841,0.8824402541041353,0.7212252762676474,0.7137667746735419,0.6586069733179909,0.7109594195076298,0.7069846986695026,0.8308452024973143,0.8084343427724625,0.7021570644697972,0.7545166920600588,0.8813443399222078,0.6326009375752741,0.7886080944806745,0.7447734076866053,0.6797637624282163,0.756237446096857,0.8542865481859978
0.9041138650180993,0.9091433648953858,0.951942623883194,0.8717014691526597,0.803271884499333,0.0,0.8444168027403951,0.8526583331238603,0.803048904344474,0.8021092419553696,0.9373537211363425,0.9558259342985219,0.9240644610455929,0.7500383588292301,0.9048244111901214,0.9091705404622886,0.9290950616477796,0.86399754293705,0.8928024594577552,0.8662809040873608,0.9354539235708348,0.9539425272822017,0.7604720356615282,0.9206010867642466,0.8879810821422996,0.81738945815872,0.7032478249539111,0.8602813082005113,0.7618690637106662,0.7993208778887547,0.8485129843903935,0.9239172095797689,0.9128499145930679,0.886208202506058,0.8082987431927336,0.8563284300932952,0.8458046885819359,0.8486937157654129,0.899477872608298,0.8844296069335026,0.8869173007840748,0.913011768284536,0.8274395228923567,0.896551305301345,0.8797958468117293,0.9029619204295961,0.7766939034506376,0.8772941033600214,0.8368955852961272,0.8537538803288661,0.9024057162783323,0.91311584365953,0.7717624792287022,0.9082461338708391,0.8489515883176432,0.8197672267445749,0.8821253020173172,0.9432432383854098,0.7588419167718056,0.8655256119054336,0.8702734635861764,0.7993199828044546,0.8909638030003961,0.6758479849184339,0.7957951751795264,0.8426931046754883,0.8557125156465453,0.8241520508570213,0.7314736517485602,0.8154441953603879,0.9093480253871059,0.6510909537182042,0.7840689510094857,0.9324037343430608,0.9249249989188293,0.7343646034865455,0.8780391446903073,0.787240642356429,0.8343786883118137,0.7167094783645708,0.9295705122456527,0.8672137313375161,0.8636458416852179,0.8324901608302655,0.8489747615768554,0.9251246703176325,0.7965734544812457,0.6996877846868635,0.8106437741936149,0.8465120225871333,0.8682831092072987,0.8348062726615554,0.8587896100242142,0.8323011760003518,0.8200734643225561,0.8359017643484465,0.7912763558838177,0.8705213213853408,0.6505151485431626,0.8685487456760795,0.7156235609294574,0.7965421381783133,0.7230072921990668,0.7696235466606294,0.8082090971010318,0.9025789699523288,0.8747498668753738,0.8753848631315857,0.8879546163375623,0.9378960911017257,0.9325122158155982,0.8159922318128913,0.8930418025986662,0.7804660749400252,0.8563148580477077,0.916967688963586,0.8619779260599039,0.798600447806096,0.8957872846975401,0.7327672204290014,0.8057164734362452,0.7007022329744055,0.8539506515234654,0.9312273872415914,0.6939178401745825,0.8872518507762395,0.8073888399848269,0.8912492567902551,0.8993033498244464,0.7681997672725412,0.7808117140972413,0.9293790740792908,0.7002469810379628,0.8529339043856504,0.8827943119038003,0.7819810299689746,0.8186707206871443,0.8165268759246961,0.8274260455194372,0.8597232349347549,0.7448023351997288,0.8866655664069804,0.8502299755038295,0.8126011734434948,0.8827824716498021,0.7800162210706199,0.9324003048878559,0.8868213302899322,0.8467666854174267,0.7916248505839182,0.837129301898799,0.7888029039304143,0.8471580269228387,0.8319683897816237,0.9606490495248127,0.8740868015595517,0.9090508000454729,0.9285084591936923,0.7232375429197788,0.7887268779436516,0.7649280958436834,0.7729516940442999,0.9006865581074904,0.9105271307370593
0.8736096421440561,0.8586615435233109,0.8339511893507162,0.7849481200904947,0.8598552340269523,0.8444168027403951,0.0,0.7145999410708493,0.761258423334874,0.8138366199571394,0.8347241033796159,0.8845124781183658,0.8350529645135107,0.7774686214075093,0.8919522709138902,0.826696648676391,0.8488747023107209,0.8804065803159146,0.7849362294910348,0.7710364172339275,0.8215384518652263,0.8535350957933525,0.924157619000164,0.8918472642027621,0.8684942562849002,0.7875786852548475,0.7521957963571086,0.7867834674657431,0.7858779630593622,0.8482985372382517,0.802844747685971,0.8543884926162407,0.8473921985789666,0.8579511685818665,0.8228234585500857,0.7720123662214581,0.815507764387964,0.752317895590625,0.7821439962625284,0.9182162783897757,0.824685840109064,0.8876896215146518,0.7741155452664487,0.8664767686227524,0.7907415934540687,0.8477994532993776,0.8746572182899764,0.8014895864689698,0.9481402972432686,0.7740985641838821,0.831759974646136,0.8262881819217918,0.7139717347157418,0.7845654507761355,0.7808246771834334,0.8405523657480792,0.7888824287683697,0.8331824537521112,0.7742528682178678,0.8060817495143978,0.6934304519585651,0.7218821784798313,0.7454493541617461,0.6855648889402033,0.7299713277626478,0.7072778612108802,0.7681690460885687,0.8228563145664309,0.7106909806084932,0.7097880723459595,0.8155140161219349,0.7250794331658897,0.6879058939852936,0.82723163596211,0.7471140324818136,0.8177467117879155,0.7831128505064233,0.8651026253705367,0.722160537997485,0.7252177027369724,0.8085115083051573,0.767847733208695,0.88130717596904,0.6822398098482855,0.751939860302701,0.8215796629044869,0.666982929391631,0.719964829059434,0.789902763561978,0.7963237665861949,0.8783005031975092,0.8628107710376234,0.8563595648876623,0.7503306078353491,0.7625151972421091,0.8335911910494772,0.6316938691856447,0.8398960715074631,0.7318369136021701,0.8184758317337295,0.7148991396513041,0.6712938374021651,0.7267729305371209,0.7810335350225613,0.7013535100664722,0.8413842579528878,0.7293206406962386,0.8660695642502261,0.9352594691749996,0.8842703706630342,0.8659307835093222,0.7703055516776387,0.7641116522321979,0.6846963403131429,0.7838633084553353,0.8812219709363257,0.8552583137508725,0.8194933553516976,0.8024909969590883,0.7496992030868995,0.8166083382909176,0.6197306663713512,0.7898141305082692,0.9183886952770913,0.6858115696808462,0.8377151515426661,0.7283767288739208,0.822887791460847,0.8039116816235379,0.7792659251779189,0.7768205012786398,0.7571996971680778,0.614694654108027,0.7400542189470646,0.7337079178786523,0.763303578476869,0.8502571250981829,0.9111617845581212,0.7980459612209826,0.8059283228493156,0.7039000686973796,0.8324464727469016,0.8127877256544964,0.6963761985009516,0.8375950492723182,0.8648996434516582,0.8520734711838447,0.8609837762548352,0.8192485648439586,0.6819973944264184,0.7343773685512641,0.8150213537070078,0.7527039238398285,0.8836367021449543,0.8833600755950375,0.7698257347719146,0.8368064149628625,0.8948649855773474,0.7740069788546015,0.7991757321105258,0.8135976890168278,0.8125428865836699,0.8611251447608393,0.863740991772148
0.8482210613569708,0.7947796467300109,0.8197088529082119,0.8320995697439972,0.6496792042393765,0.8526583331238603,0.7145999410708493,0.0,0.8765249528841288,0.7541166527232767,0.8300611240969379,0.8573904577865958,0.8902800966038612,0.7410344017529603,0.8693830560260045,0.8118389067807363,0.7627991251173978,0.8569453428083357,0.8088450448494541,0.8415299014546347,0.7768854519932022,0.8421049100468738,0.7172586630137513,0.7586876290072816,0.8484529952640892,0.752776718047745,0.829789683080935,0.8289632012002309,0.6412196762470603,0.7441133677090802,0.9270572369154052,0.855375409445783,0.8605535049659073,0.843007985340429,0.7713614987193345,0.8302689896918204,0.8372006408008452,0.8841339992450712,0.8561716830059671,0.7478242261770829,0.7543727558507214,0.7651283217056313,0.8274451042046993,0.7336136988167217,0.9635276175956058,0.8831688698018334,0.6476987668198564,0.759015479962329,0.7537038888776365,0.7989089322935758,0.8082396058174254,0.7419602938769082,0.6756929475898281,0.8038970877654934,0.8115824337598602,0.7328870995302055,0.7932663296003477,0.8741400550779629,0.7066379391526797,0.8350879043102937,0.9112447696503763,0.7983239180265136,0.81811589100775,0.6517694678541398,0.7287014139267999,0.8190618939186641,0.8886734008088284,0.769781054238307,0.8148595653362092,0.9563592105104245,0.8514498837059356,0.6665871492684549,0.7465500428583703,0.8555538779196088,0.893709113190293,0.7129901528377421,0.8457203216846312,0.6539095687916959,0.9117497305773437,0.5595239193215982,0.7119119585149839,0.852424918227129,0.763162244743209,0.8844569061099932,0.7665230768827893,0.9110142998862945,0.9239507665429062,0.804424899106832,0.9133405303353892,0.8567935514594173,0.7714411768517485,0.8078513500687506,0.7470769106511419,0.7387425806588835,0.7296325487916476,0.7985935643154807,0.8179656350375809,0.795104424379627,0.5898004519951137,0.8634054370861788,0.7394982650131177,0.9140161186148307,0.767617753507831,0.7593315444005799,0.8683382696553177,0.8335472942843516,0.8288296517134085,0.7818069389084424,0.7689029055029727,0.7579952200850112,0.777685520480262,0.7717948651589914,0.8280196656658959,0.9376887845659755,0.8305819464836702,0.7894097766633018,0.7328998090207632,0.7623905554427703,0.7089795953823288,0.7800822534721694,0.6700944870954887,0.8502936568527122,0.691401875862568,0.7858042642825515,0.6179115599371955,0.8208531116868129,0.7459846895404393,0.8983389525477704,0.7772030057511896,0.7955244523330677,0.7807464776586321,0.8121727098429992,0.8169797842511436,0.7872929839669779,0.8462868111794014,0.6486249627176479,0.7389342319551511,0.7507358585326662,0.8746656076067532,0.9078323562183451,0.7870011538726889,0.7607907324326875,0.7800510144210279,0.7988136567285178,0.7792928853176996,0.7768567783894683,0.8448453505817154,0.7766198500385378,0.7968055972990454,0.6552181156303124,0.8944317886218355,0.675550017501691,0.7834341530990377,0.750094443921813,0.8634008499665223,0.9463527580258122,0.826491349936188,0.7988328844730024,0.6839521414695559,0.706360916132081,0.647887501041219,0.6750746662749919,0.8882319812988186,0.7674586916760073
0.8927450114200143,0.8285433943758342,0.7511026977917303,0.7473072527431717,0.6582881388756718,0.803048904344474,0.761258423334874,0.8765249528841288,0.0,0.7424289270605701,0.7429239358427703,0.8295813900399135,0.8275252856341515,0.7382851108498478,0.8618877273106913,0.7306757281670085,0.717939288092681,0.8717015523284701,0.7629227286205731,0.8505634885691987,0.7316381632851457,0.8187578447723208,0.776095288964915,0.7812837726739124,0.845977042628159,0.6825875238219253,0.8201215013433603,0.7846630288975206,0.6065621925740625,0.7875387102040372,0.9176024889852389,0.775751189616899,0.7926692913492801,0.8225728113555594,0.8181541501045531,0.7259496164267079,0.7994390385094746,0.7742421444128601,0.7635762453900473,0.751288555089031,0.7100598445657835,0.8451513713681403,0.7238004199562491,0.6968078662016653,0.8873060198295553,0.8411736012829545,0.7013918790852178,0.6848008587337173,0.7695240917945929,0.7370038651432235,0.7334159325257505,0.7186045976588625,0.6691858916749885,0.7245801544078108,0.6821802516651799,0.8642632349946651,0.754887299416241,0.7823173461921263,0.6969669053874669,0.7873904445635824,0.769764513210677,0.6870483232369488,0.704851315312869,0.633987454491717,0.7214948592732724,0.7345652099510918,0.8411479664133994,0.766002382122432,0.7111901457645959,0.8335040659398767,0.8164762418185478,0.6713889856969606,0.706703438911866,0.7731761907928772,0.7901025029980199,0.762837611641998,0.7254398800572339,0.6496612170336524,0.7844251758019521,0.557673679614086,0.6725257272208628,0.8458283425040661,0.8117568453725701,0.7332201885756671,0.7063157853088105,0.9201627813993263,0.7929898512392309,0.7336905962118191,0.8755702378937961,0.9595017244091315,0.7368058662596768,0.8777227025108691,0.6807294824781106,0.7199971354581696,0.7115936942447492,0.794949471050733,0.7176357800611806,0.8404089948619736,0.6386379681183302,0.8390994299999569,0.6916015772391503,0.7327393192698292,0.68905722062782,0.7410286228211874,0.7614311381568872,0.794985473720762,0.7063595552005589,0.8291325394944032,0.7585389719881003,0.7869178325677354,0.7378773552943357,0.7194612859859703,0.7689087725783185,0.8011984299289602,0.7395526548015231,0.825219425339716,0.7660223936228507,0.7127119279838521,0.6473584034482714,0.8033978602216885,0.6715267617742467,0.6996408070828782,0.7265176757709021,0.7779407653340801,0.6884575672029272,0.7345269152322004,0.7044789162316326,0.8294157431728374,0.6943410714471636,0.7414491195289946,0.8966832611300972,0.726979094531555,0.7139907982142885,0.7913770170093387,0.7776593327628729,0.654613499696453,0.79704021527641,0.764527780811264,0.8156210526339865,0.832713585699778,0.7000785014650939,0.7081208258141933,0.8109130073388688,0.7098971140040542,0.7250694845921914,0.8287520849709907,0.8683434824513465,0.72568178036006,0.7896256197518146,0.5987247234410381,0.8279002223049765,0.6589867474514612,0.7470194034302452,0.7909985130437247,0.8193493442123455,0.9023217142688819,0.8215023346559044,0.791327601304629,0.6879029085690621,0.6402465062910649,0.6271173402329049,0.7534703454246922,0.9165708572412989,0.7891746025133012
0.7552598162604238,0.8479286928151265,0.8241109118458685,0.6898577667278379,0.6903805252865947,0.8021092419553696,0.8138366199571394,0.7541166527232767,0.7424289270605701,0.0,0.7719989538779493,0.849483772394731,0.8052022178527247,0.7515197531551203,0.7856636804756988,0.7868612204963855,0.738458468246037,0.7767226172180505,0.7224898451901166,0.7375934067982001,0.7100880012020425,0.7960128005573855,0.8318914160170395,0.7515695017014595,0.9314003144999481,0.665095532686532,0.8038145973025577,0.740356420788587,0.8763834328008733,0.7835472742336563,0.8142839289764405,0.8309495054526993,0.7552687084151875,0.7798347277834947,0.7511311851685635,0.737759825841411,0.7891881455455002,0.7384278756768748,0.7271562901469064,0.7491958046822804,0.710260197371906,0.7956556396916845,0.7137676760294949,0.7344155755248535,0.796132167767924,0.738993935966095,0.7559918511566422,0.7517521152702356,0.8392424188765012,0.6661018680671599,0.6848504900212423,0.6659187913633872,0.6089800546517531,0.7076077811396804,0.7664963383250645,0.813017091590385,0.6598111947506251,0.7744388829110594,0.7276300163453093,0.7023804096919001,0.6927815209020778,0.6338076238747045,0.6484948053310862,0.7118823135016465,0.6086360262280841,0.6271517140070081,0.7188122067550896,0.7546323890172928,0.767746199845914,0.7452698908557773,0.6963124973645064,0.6778884573926504,0.6163125106563984,0.7266047351586589,0.7302403519355551,0.7687504670085564,0.6996818463155743,0.7548894185358767,0.6689298608645743,0.6116176955201529,0.7328644407751023,0.6610665970827944,0.8171008138345964,0.7248432888732252,0.6263894021320049,0.7850286157359398,0.6917927819768048,0.6786604792591605,0.8119460242689245,0.7705174197893236,0.7007108366073422,0.7839995564331631,0.7556986820064392,0.6298243833418644,0.628957320465465,0.8967984336954927,0.6091472922442188,0.8393473084515913,0.6040188407154027,0.7359923223757635,0.7270322172091617,0.680750004283971,0.6536846033764449,0.9036942334078932,0.6433070669184644,0.7434653153218168,0.6742034281119079,0.9020905161015428,0.7880058890255134,0.8148996518573991,0.7332112551666018,0.6283146306669676,0.6966493227001747,0.7570149579268716,0.6603181462753378,0.7371643045992061,0.7848256643383172,0.8593379324671221,0.7329241634953941,0.7367280092671856,0.6401675810063849,0.6205874657381845,0.6823443858419513,0.7646361403786174,0.6144058576171968,0.872427340150104,0.6180401703489561,0.7839877070383993,0.8287399875499366,0.7458640293724376,0.8522714413989206,0.687113208900363,0.6200277304833957,0.6330350280848027,0.7168785091390388,0.6487980594881778,0.8284424388144915,0.7541333741363095,0.8513733531891272,0.7680562531995248,0.7391929761068494,0.8195917965601714,0.6976433674045533,0.6684605529818816,0.7991304074122157,0.7781788213037313,0.7534036960405569,0.8295189625583123,0.96636890979991,0.7355386717207791,0.6675802852445459,0.8049726851773983,0.6716260930266873,0.8576915452716701,0.8546388156452028,0.7606602789765701,0.7539498778348616,0.8077830054952819,0.6863838522880331,0.6523786908116195,0.8612516389758256,0.729048576865034,0.8807685656627616,0.687404397042913
0.891669048793578,0.840997564624796,0.9312340038907417,0.8615804361046439,0.8280035261072652,0.9373537211363425,0.8347241033796159,0.8300611240969379,0.7429239358427703,0.7719989538779493,0.0,0.9139614592440648,0.9328679546259936,0.7938164101469437,0.915277950678034,0.9499888969018075,0.9260747654442417,0.8883989076809303,0.8679020444810651,0.8547694662278421,0.916624090678259,0.9334282004095954,0.7541404152206772,0.8940667269458945,0.8621912060932357,0.8715073618387039,0.7168009518732373,0.8480596946006237,0.8027939064644468,0.7838028132861581,0.843848434668607,0.948883036467533,0.904228246457963,0.8609280275667844,0.8213035395056439,0.8941025122910204,0.8797988712542173,0.9303861819515277,0.944191631686096,0.8865946657845892,0.8874569186419664,0.8166478390467252,0.9100667072287192,0.9428868256556245,0.8733830007486008,0.8988503929921096,0.7453962767368625,0.9558694483913939,0.8787420991153884,0.8895830517757988,0.9352698108351357,0.8782461125384363,0.7570487225439849,0.9071631560140685,0.943760368919039,0.7205802813716248,0.8958568160745655,0.9437965116068904,0.7756632505061926,0.8747511711288287,0.8774486128313745,0.8521027488638745,0.9253037545892476,0.7206255418806666,0.8020859602016513,0.8580168623641462,0.8535925856382126,0.8358886206975205,0.7999304140625254,0.8340094419559451,0.9195450160402059,0.7426677588829577,0.7789810547686559,0.9392509661546169,0.9064614966261751,0.7594718977190322,0.9381002240403334,0.8125918354369187,0.8752678741870674,0.746881254343463,0.909808207823228,0.8269822451406121,0.8266410624165151,0.8815393970556875,0.8601221704219935,0.86977781148037,0.8221420016408992,0.7648592558774385,0.7976199593632946,0.7676528330100679,0.9010086439717719,0.7703335455928463,0.9443891240996677,0.8397198240538744,0.8242520017690061,0.8212422393743544,0.7871988095953386,0.7750422868294721,0.6851330291367841,0.8269842969534325,0.8187196271254973,0.8511914414044132,0.7497551462734648,0.7435696901781444,0.842094881156093,0.8910971527002027,0.8879328492018094,0.8031801623201661,0.8968170791530784,0.8845820933292068,0.9261253865320851,0.8709266235251117,0.8781260025751407,0.8156324288725988,0.9163486218265449,0.8536920564401299,0.8110882834320865,0.8759427598558085,0.8859608354311496,0.7088126733898764,0.866008170880445,0.7345634114985375,0.8164549976068572,0.9316531087526785,0.7127886160249457,0.928697994429511,0.7774719180069374,0.9028337789446076,0.8999735869147137,0.8546684548071237,0.6960922839777645,0.9213562344266258,0.7656750721168333,0.8252442241141067,0.8951654954051758,0.8504321160721998,0.8075729213687476,0.8747463547593831,0.8624420446808863,0.903318104510859,0.7837411924435331,0.9412113194424502,0.7958705534454408,0.824636001600199,0.9539296733602041,0.7607739324331105,0.8818628015587302,0.8925885023847706,0.8227251924858678,0.7961894572627717,0.8623543566899964,0.818029107144249,0.8442248350972702,0.786567177745802,0.917615990563546,0.8764462837760245,0.9132804476713926,0.885555277359995,0.7625305230237289,0.8709076672182704,0.7692587390480868,0.769368199905554,0.8457186295317762,0.9135639736520794
0.8931766628508911,0.9394872090499762,0.9399881262188817,0.8545311125258785,0.8102981541628326,0.9558259342985219,0.8845124781183658,0.8573904577865958,0.8295813900399135,0.849483772394731,0.9139614592440648,0.0,0.892013160590466,0.7397924523166559,0.9419042620383895,0.8944681487382801,0.9094586652609554,0.8818266898986202,0.9121937034574709,0.8728861256859681,0.9127455349506481,0.954031877964003,0.8369021976841586,0.9257373173992788,0.920410867280751,0.7758878982904532,0.756295010329609,0.8655049277858302,0.789846298451184,0.8425802315358527,0.8929276575481229,0.920895899767488,0.9152487375512881,0.9106149050174421,0.8263252022962679,0.8717271826074842,0.829188479066236,0.8452353087599743,0.9172935883618532,0.8866740061240879,0.8979380265440662,0.9119882201339617,0.8265953526545183,0.8729429428685628,0.893985645288402,0.91166112948487,0.7940504279130933,0.841939976845049,0.8812414835815096,0.8523170139720205,0.8822052676477363,0.8678507579810573,0.7685252519519463,0.8913706414188091,0.8569418190124646,0.8238726042639628,0.868482156667024,0.942444252703644,0.7730007180657952,0.8834255724807412,0.8300143523981529,0.76390130416363,0.837128023500203,0.7033019933809098,0.7836489284503259,0.7973507646704026,0.820680301641688,0.7989943356259578,0.73849667282054,0.8092219634910579,0.868871818509767,0.6725406733984104,0.7298823893977908,0.9057231922913693,0.9004768773119071,0.7476031730276934,0.8498926081062919,0.7950871412260603,0.8231828878942418,0.6691840482228739,0.8576986598018449,0.8570807220920997,0.881499788520386,0.7851442474933211,0.8129252622764774,0.9330838378570143,0.7617845835083219,0.713817279126256,0.8376165246760323,0.8560251191905658,0.8596312030897314,0.8772646496777194,0.886249143666184,0.8078504051366702,0.7863641297677916,0.8579225671445845,0.7650727581727408,0.8898079783595965,0.6539807376831175,0.8590761178233975,0.7212881173343169,0.7842176250144854,0.7228803044164223,0.82682159635328,0.7912245618155458,0.8893469664444859,0.8509972648684815,0.9025381363337307,0.9126943399984395,0.9271838198820848,0.919522484391937,0.8035912047858036,0.8133561683410571,0.7902661690239228,0.8270704721074321,0.9062846713176379,0.8751504818312613,0.8519225133752838,0.8481226685319222,0.7204612005554063,0.7972184149104805,0.6865999155887687,0.8060254856522249,0.9239750561859931,0.6697717339167382,0.9068235060619922,0.7744446921152863,0.9039518939726932,0.9014501080529407,0.7781697266306637,0.8174672235785377,0.8767235177618581,0.6682654192851502,0.8245979860519468,0.8684952832076522,0.762278855911103,0.8504245085753284,0.845239983133344,0.8721230293816127,0.9099984614989609,0.738159016816394,0.8702303669483884,0.86126897007576,0.8063877985958449,0.8688201478019187,0.7989492371664043,0.9411181566235007,0.8991893039717074,0.8953385500754248,0.7921199473335083,0.8252809338562205,0.8245784371599795,0.8596569115154936,0.8757945204588978,0.9803805759309459,0.8621229915532047,0.8907394409820691,0.9162353173988956,0.7194699508782882,0.7540596334079311,0.7532103265229395,0.7655720319238304,0.9390942808717857,0.8836784586887168
