0,1,2,3,4,5,6,7,8,9,10,11,12,13,14,15,16,17,18,19,20,21,22,23,24,25,26,27,28,29,30,31,32,33,34,35,36,37,38,39,40,41,42,43,44,45,46,47,48,49,50,51,52,53,54,55,56,57,58,59,60,61,62,63,64,65,66,67,68,69,70,71,72,73,74,75,76,77,78,79,80,81,82,83,84,85,86,87,88,89,90,91,92,93,94,95,96,97,98,99,100,101,102,103,104,105,106,107,108,109,110,111,112,113,114,115,116,117,118,119,120,121,122,123,124,125,126,127,128,129,130,131,132,133,134,135,136,137,138,139,140,141,142,143,144,145,146,147,148,149,150,151,152,153,154,155,156,157,158,159,160,161,162,163
0.0,0.5291544807266809,0.47199241830408206,0.5341211943832944,0.6100548857635577,0.5642933417487189,0.5350412174499078,0.5805359934192043,0.6188152923253571,0.4556400707893561,0.5273642498937822,0.47965420148762966,0.6255472141656623,0.5534464290784228,0.525004807180471,0.5884185044377944,0.6283342843487545,0.6929407481434283,0.5469713162649226,0.725653707977681,0.6060747437329987,0.532596822350943,0.5623852180146476,0.5028697514391031,0.5778577600806428,0.5110691583197183,0.469662938765176,0.5957653526842692,0.399992753368725,0.5420342029379743,0.5654119430782634,0.5800872984255598,0.49634920391544346,0.5364326409694394,0.6753276937539235,0.5107203224486293,0.6300763041582523,0.6058448898322175,0.47492772973922376,0.5015663174398259,0.5094536923203727,0.5889150520947585,0.5977028711493755,0.5548655074313559,0.5568860786481346,0.5938915956850398,0.5876971821790276,0.5087769906450237,0.6115153681373505,0.6299590869375024,0.6226895837910442,0.658509787927538,0.5679642464048754,0.5153064740059402,0.4706293550556406,0.5718918510692542,0.6882348947098595,0.5695614823066562,0.5642050753901868,0.6061499121058395,0.5560595100490325,0.5194247332183414,0.6079701789964378,0.5089498839369729,0.5817113785730901,0.5639030673015629,0.5396869342295388,0.6280850801848861,0.5423423455704148,0.6499214141990755,0.6633450704497081,0.5888545369886057,0.5675524621542707,0.6191412587434073,0.5929043066692866,0.5851776470491596,0.5446811162381623,0.5498961130071557,0.5517852565257186,0.522900239352236,0.5472024933064961,0.6558324592254183,0.5830987661806997,0.5591470988194857,0.575441554434579,0.6275049024443291,0.5947562429218363,0.6144826007862164,0.6431626414512487,0.4992327044946463,0.6571139245412553,0.5770450335449974,0.5587193282792994,0.5958300658890289,0.6072992273151657,0.4992480382023843,0.5082059496660897,0.5563300149922931,0.5124893766823638,0.5808832348426001,0.5148009060323033,0.5164017698554838,0.51808804893211,0.4739012320863166,0.6202454561544457,0.6334623987082271,0.5429131945413652,0.5948491012039435,0.5376368965142135,0.5298051582930807,0.5458694751480611,0.5627739898576318,0.6210628565991171,0.5682790874985271,0.5724683622159223,0.6058161030870223,0.6290213842062267,0.4879029513130247,0.5088629150199919,0.5764025252584833,0.6112451893822997,0.5633616147352052,0.6195120521175435,0.6151916069252669,0.5848287858884645,0.45971706319477307,0.5463917894776013,0.49967890784795466,0.4828305126932876,0.5404745030543995,0.5453881490877533,0.5957922761599581,0.5730811691760814,0.57760337980444,0.5125855784813663,0.5424855474771721,0.5578280466753802,0.519299701605876,0.47817551072834996,0.5813600580997187,0.5102606215402331,0.5477424561826494,0.6866387888355584,0.532356607224115,0.542507287874474,0.5634115348912642,0.591775096628765,0.5200873755293923,0.5107414255425401,0.4217285880477591,0.6169368076996294,0.5518931053833099,0.5814389810758929,0.4569660380173388,0.5461458353686989,0.6014539873893262,0.5409365821431447,0.5728901332873167,0.5028632331109966,0.5789016312166948,0.5081669027817541,0.6422071217911979,0.521720858090406,0.65623506328865
0.5291544807266809,0.0,0.6236704012954518,0.5373527781475378,0.5446110829733849,0.5931923098924018,0.5489468352513107,0.6780680292696354,0.48955266635796857,0.6384232282282344,0.5631774036895718,0.6011136628939608,0.6349915220663159,0.515476424603889,0.5959603152532875,0.6272179212139022,0.5665085270789841,0.5288557086621033,0.5315399178944923,0.5895492187256943,0.570664591257741,0.6523586828298571,0.551542311763591,0.5949323183203438,0.62785145301748,0.4779434277324486,0.5025062000219462,0.5319656288371302,0.5462534495159675,0.48139737754924167,0.5942473435142485,0.5431822288606905,0.5935619347151325,0.5148513610234469,0.5602434996674375,0.549221895248294,0.6106329845758782,0.5439731181929667,0.5586632182202217,0.5257428195515101,0.5813880778627043,0.4965054947370608,0.5188119342144527,0.5456900402466156,0.6476598205500689,0.5434351729354642,0.5390239267209694,0.5645856592158655,0.5743529166342913,0.5193465003732092,0.5159881025812506,0.520398707980576,0.48213030117211303,0.6075188542641439,0.5449607176673328,0.5272493331074292,0.5141900043759104,0.558021328730791,0.5222086747453851,0.566231425018493,0.6111231848709507,0.4401114603244721,0.4838810785267147,0.49530361213621554,0.4501793849308253,0.4586519738033948,0.5168751599831549,0.5515934331840712,0.49290394894551265,0.5845201529686093,0.521250044213342,0.5120202950140237,0.43207214057419335,0.5742055101208539,0.5502455993537713,0.48542647068901973,0.5233321628404468,0.627133322890372,0.5002806221274663,0.4473973522294192,0.5038570329914089,0.49486424870969936,0.6582017764339809,0.558988759681027,0.45001171186125927,0.6371606943873832,0.5026397560100803,0.4750488805257145,0.5690156267665565,0.5211620092012785,0.49352568235651184,0.5190244579939973,0.5765858501573228,0.47632335066588444,0.4790785112579306,0.683881096434652,0.4807824234667944,0.5495551075285341,0.42478879032263256,0.5331028699411836,0.5328304909259047,0.5066157160776354,0.43598656447937323,0.6039167450881768,0.48117191029126527,0.5744071642669274,0.518919300191071,0.6243708402851129,0.5702723688113455,0.6470711495156777,0.5255384829594294,0.45253447078461917,0.49089501335087815,0.5008013760877669,0.49333166375318865,0.5487607521016239,0.5153056049554999,0.5373340644739902,0.5276982029062338,0.4808506273287612,0.5102337252242886,0.49216901926804646,0.4864740759197185,0.5852362285188308,0.45682293135315233,0.6485627923930384,0.44234289878081673,0.6325017106821164,0.5977418167223592,0.5526226960747223,0.5174781454267985,0.519052552210001,0.4916875559636724,0.4754983037531313,0.5761003907064483,0.4837340036639196,0.627806649782485,0.5356172028036318,0.5899176720687775,0.5559487479189376,0.560553386845278,0.5222377184723449,0.5511164777219376,0.48681604892925523,0.5621574997861065,0.4637282965362274,0.5924139246188799,0.6018196768322857,0.6342127628140635,0.42989887066144566,0.49400476787474257,0.531965037490334,0.5434410270561999,0.5847638278346106,0.6010545566739792,0.5803943834468716,0.5626456163599177,0.6348477823081768,0.5004844933304216,0.45181005544278036,0.5306377391043847,0.4903905253196115,0.4645556354118448,0.5010554564152124
0.47199241830408206,0.6236704012954518,0.0,0.48920562016967784,0.5227542226026846,0.5433278908428226,0.4820026975027791,0.5789482474399722,0.44144557030234116,0.7098774890583224,0.5763400636070425,0.5403848193555485,0.5624135838663122,0.47946848424026633,0.49514736730175446,0.6132164415002628,0.5520702425006063,0.49279893538287944,0.4942379084697877,0.5205353202329337,0.5373140782420746,0.6851349580188187,0.49150786571621663,0.4908504751493543,0.5821867948752545,0.4343137758914683,0.47365084722491085,0.5026272230792554,0.5656550040184296,0.4484645389512046,0.48842364729531845,0.5236712515364391,0.49356026572907946,0.44762650691095346,0.49438813781130514,0.5213451961346801,0.5221431143412728,0.5036982912387746,0.49055418689470676,0.46732621931031815,0.4969433637829923,0.48756558342800044,0.49234006966441934,0.48841742883724915,0.53746074504826,0.45976490024258043,0.4773177034432687,0.5454368845690588,0.5171175293890921,0.4889476251531965,0.47324975495153193,0.46361457871278083,0.43737701056650596,0.5626145214405663,0.532476797378292,0.45434976191046006,0.460320254583313,0.548336057904242,0.5141878294372081,0.4820015328608657,0.5533850483365725,0.4063796909645881,0.46538431492351456,0.49624702632258844,0.4171807210229488,0.4204521510946134,0.4587863793524158,0.4967060514045512,0.5484535821080361,0.5557130519500042,0.4618589988157167,0.4536480966705035,0.4269793415623157,0.5375666641852614,0.5398867531437339,0.41714247799268644,0.49407397767992384,0.535083170974364,0.43244075653681757,0.3935497814193151,0.46556924971393177,0.44697472844368824,0.519906575861642,0.5040414542946133,0.42247636729797355,0.5197679743038895,0.4719325237020134,0.449830128210631,0.4776910637341097,0.42678877224110007,0.4733344817764686,0.4528015745208212,0.5402236690378069,0.4158645906607046,0.4496053161545731,0.5751705654110649,0.4442563447709142,0.4912763483591045,0.3968753469909751,0.45920514458016104,0.45424223314923173,0.49692549988857176,0.4155093254333354,0.5842593330440659,0.44917697546821317,0.49052107253005073,0.48799291029142206,0.5812105914920059,0.4843821722392394,0.549949086065211,0.4862225188667943,0.4256531831606335,0.45953076906184365,0.48030435444980984,0.4314712728111568,0.4694914735599017,0.4580630516801279,0.5674691350600664,0.5646965039196439,0.4421857860726822,0.45498466282737066,0.44882158992894505,0.44256666758875446,0.47854612355910514,0.41615908448930217,0.5577202229884636,0.4199481899488359,0.508229964149119,0.5822315157807942,0.4891737721887284,0.48106308519046936,0.5113641224732044,0.43203081753908096,0.42514143374111457,0.5374665913330855,0.4371199140377599,0.48957554147886434,0.45885797994219746,0.5617377038568969,0.4827627310407336,0.5004873437323607,0.5067212449633562,0.4811265265867083,0.4900189759979154,0.5050303477602234,0.4373108000218906,0.5016905877425715,0.5056732713368643,0.646214238047587,0.4276311425016386,0.435910671492451,0.4805975631328399,0.5371530898706549,0.5426474279264246,0.5330521978123044,0.4921385191236139,0.4799341924535879,0.5186206095953789,0.4388865986939251,0.41923906394662974,0.48745082159826375,0.4342603874242363,0.4264111537442294,0.45185987563612107
0.5341211943832944,0.5373527781475378,0.48920562016967784,0.0,0.5777478120641268,0.478864165601947,0.613865037966479,0.5480088459026463,0.4492695928915978,0.4693426621857782,0.5765411527280352,0.4717528893641509,0.6049253790079862,0.5927753653742819,0.5830883885751647,0.5584330344266566,0.5849165181452304,0.5779918238517926,0.4843887191881888,0.539418201828206,0.5870677489289623,0.5441251162450493,0.6107140079930329,0.5883364751051572,0.5248718790717005,0.6555387660129228,0.5322741880196444,0.5636718721808294,0.45469076412683185,0.4214442613124246,0.5071094582132479,0.4964050437832518,0.6504851135352899,0.5363587904853183,0.5876066166507149,0.5672556253929929,0.6077480703102084,0.5831316847316617,0.5299440316825824,0.6721176077469656,0.6299015949712798,0.46703548042227105,0.5380284869382049,0.5835068872920658,0.6061344703315462,0.5752481360227326,0.4769865831685817,0.5479046347013548,0.6372228191102024,0.5628380696929033,0.6138309575282533,0.5833668446882821,0.5031077510496773,0.6369554288264719,0.5516420327607746,0.46576049016880844,0.5721180312493509,0.5114425025090871,0.5983869697568732,0.6172993223791915,0.6175467137980314,0.46739113421969747,0.5229424427358307,0.5178368979120457,0.49320123228605184,0.5068596572882287,0.664330333833921,0.5504599956681894,0.5117823483698833,0.5677075689402046,0.5672423634880632,0.597863666828212,0.5070432976372894,0.6929252106667356,0.5146853259827904,0.48631273524800284,0.6576717462809283,0.6673897725058506,0.5541970010869298,0.4863928658038978,0.4952896013382098,0.5450971217767883,0.5130597507280645,0.5666117857114995,0.5269795766212938,0.5777944626645742,0.5168038471795533,0.5410199952179168,0.545681495368293,0.47959590564196425,0.5842463804920242,0.5130272248138554,0.5766320978082293,0.5176618060603561,0.611730838321034,0.5052960051433305,0.47786697954202373,0.5045386647834276,0.468495429026315,0.606784717330036,0.5893546180117383,0.5294311334130666,0.5253779790345382,0.481886003122451,0.5300733142826286,0.5806953949772528,0.5512988983118652,0.543436561680566,0.6169073341461346,0.5302870485893684,0.5743348440067138,0.5485633219120788,0.5604971466600452,0.5448862294765183,0.5749215775150636,0.5624417784805777,0.49964735744305466,0.47229969398037464,0.5570576920410899,0.5353816661786795,0.6170654301049909,0.5838865081005333,0.5214659789822721,0.602986158928675,0.49540710604260607,0.5176737559644228,0.5038214982946787,0.5405157245864243,0.5381180538925778,0.6354712401326079,0.42866525065012334,0.5131326743576888,0.5908186085642311,0.5325501921665703,0.5444365417916124,0.4988415056718009,0.47364139626433355,0.6546233063981367,0.6068308114433014,0.5532522201999343,0.5884940318538259,0.5025323646056559,0.6112420390636373,0.5253547147249774,0.5981352868518419,0.4922103646681182,0.5088730700684994,0.5497552525696334,0.47688741436223,0.40735717811212674,0.5584878961432587,0.5132977282533234,0.5668879540616514,0.4924090606861871,0.5558940486542981,0.5879014385412253,0.5814387310796612,0.575052772805868,0.6787289002741851,0.5497117838453834,0.5504084039134963,0.5129617160832073,0.5122015874830558,0.5841427960614275
0.6100548857635577,0.5446110829733849,0.5227542226026846,0.5777478120641268,0.0,0.5135810914116369,0.5710811440261733,0.566723414658005,0.560477813157685,0.48573222851128983,0.6177921494913373,0.5163368177898486,0.5728928167800728,0.5609452721717997,0.5341583730328444,0.6125333320541202,0.6231424947918532,0.6103127740837635,0.5265446509231859,0.6151752377524844,0.6150446785175493,0.6201327326778758,0.6163031632487604,0.5199512605349683,0.5840577516229859,0.5218214799772818,0.5256147903462757,0.5726491744560209,0.4400653428615991,0.5205349299174991,0.5422581731785155,0.536944438416347,0.5076213888330852,0.5147464954769866,0.6620104365766974,0.5626224700637982,0.6018293181687212,0.6226649944206472,0.5169360648662037,0.5195479831558941,0.5278009506155793,0.5970083803553831,0.5592818016813825,0.5644142907866727,0.5558668889715183,0.5106254644673739,0.5149431931940445,0.5406034423589616,0.6429173464840761,0.6015214395305307,0.5787814339810781,0.556119302123608,0.4878014628482631,0.554405355037034,0.5157647347593499,0.5114385071055823,0.5797750765843456,0.6171160884244695,0.5711262499648232,0.5628040910611426,0.5336997014215245,0.46381340090569817,0.5256601707135644,0.5718355372485092,0.5012316277469642,0.471391615876537,0.5385037261966781,0.5582729906747446,0.5847921852420525,0.6401807552637728,0.5673581431833362,0.5592476930357452,0.5448599170050096,0.6166041471141658,0.5601270654887079,0.4668777780280849,0.5689694462055507,0.6170067809796139,0.49016841440637116,0.4533894760851284,0.48224024459136167,0.5944437065278642,0.5493194511363981,0.5188476957216746,0.5365859443734791,0.5942634387564769,0.5550226985654828,0.5606392554113688,0.5249564208235749,0.48118360879929617,0.6996273278985156,0.5495538618759851,0.5901911708104315,0.48397056529087107,0.598278694527725,0.5244599717921489,0.4679145948944076,0.5362058474059106,0.5075429407568375,0.5175305175866558,0.5173266924539985,0.5200313435007238,0.5153001013472278,0.5039189659929423,0.5528696833650865,0.5504725960827871,0.5088780374835579,0.6164809571910942,0.5128585278853018,0.532098471014909,0.5668327236424933,0.574985194388865,0.5428853584973861,0.6074907660986785,0.49734353454724983,0.555749922943366,0.5098134082104387,0.5360564770596428,0.5409131052457384,0.5702876785483555,0.6361044488146194,0.5454363766117001,0.5463225640306398,0.5506611632371031,0.5378502710899978,0.47498264404992124,0.5108599122518785,0.5180788010491121,0.511972254211331,0.5385595688695459,0.5143888263757955,0.5677991891305357,0.5294405700474802,0.5710845671894355,0.5462558165011747,0.49006824513260905,0.4972060053961691,0.539970198285416,0.541573984500441,0.5731018267628103,0.49393388229801205,0.561484675272671,0.6294538999461551,0.5893960513082143,0.578042819122748,0.5474406918541207,0.5969495956614655,0.4870410323719008,0.5336771072598451,0.4421972977704996,0.5608092052547724,0.5095355142687108,0.6927109843566615,0.4893177512071246,0.5606715911510399,0.5670573452880293,0.5221349151350467,0.5481270223640933,0.5144066229354606,0.5213651098625953,0.47294094516336543,0.5443685061626673,0.5128514393175342,0.6568891509422973
0.5642933417487189,0.5931923098924018,0.5433278908428226,0.478864165601947,0.5135810914116369,0.0,0.47412197178602017,0.6572297150297484,0.5375754616916876,0.5501161021343763,0.5169165744341249,0.5885414878884049,0.5658151719187208,0.4767760368995153,0.47776762504845327,0.6373764511557078,0.5771501489401175,0.5043559386702327,0.624102323620808,0.6333531538812119,0.6217742182244158,0.5292026008065531,0.4807734531548056,0.467468855260731,0.6723603771252923,0.44726672233400006,0.4181917270189774,0.516890389351312,0.4538831736575449,0.5240602600368971,0.6131732527778806,0.6569938614354588,0.4732959835672098,0.5316092365036652,0.553128109795833,0.5357265971907864,0.5832088389948471,0.5587036725967562,0.5212817083238936,0.43240254881288753,0.4983010866334354,0.5585199193748503,0.5631028410433307,0.5570666606300192,0.5472233986747522,0.5166033156262727,0.5590506366856632,0.553834544179763,0.5274275603553947,0.5426826793745179,0.5381341379245612,0.5589521598501783,0.5011252648500544,0.5429697177239302,0.5092478958534209,0.5845641033209847,0.5543578070957306,0.6417922392218686,0.49804714126836835,0.5297120359768447,0.5983662537092557,0.4998619720883097,0.5533503512161388,0.5001684577662011,0.49106027635634103,0.5057502046285082,0.47685729767146984,0.5459080398724674,0.4847786177424291,0.6135424490814848,0.5465852997062006,0.5007293577605203,0.4835331229657614,0.5436219248702006,0.6122040049908604,0.5312155343856743,0.5071777256603319,0.5361094021290698,0.5068409948037177,0.5094804386718627,0.5981169629354378,0.5378974949606204,0.5892200579407217,0.5659927789143241,0.5138340123322058,0.5857022076907912,0.6188774373968132,0.5087362253561093,0.6013240441605047,0.4871256252680471,0.5100414641378564,0.5708452429133549,0.551896792958962,0.5139029663776397,0.4980696774486091,0.5994310406123529,0.5562282120590408,0.6339664210910172,0.46942589559300946,0.5074713628702661,0.5013628504500747,0.5601269262372165,0.4750068108855874,0.5797646542092016,0.5437455393438937,0.5670161195335696,0.5705551323072346,0.6137817907526482,0.48691853787913647,0.583825388316622,0.5510347049570762,0.4874528529912864,0.5563172537307316,0.5491878438573795,0.4856887545362832,0.49637477879416747,0.61964850364248,0.5310390273826483,0.5535250426681088,0.5104502377277812,0.4925513869562543,0.5337034548925419,0.5599531981622161,0.5666640038500644,0.5126897772037535,0.5355583245867466,0.49121562174371014,0.5244972828327453,0.5715783727895791,0.4779787150608084,0.5790664068074067,0.6459084539568355,0.5018376387292095,0.511890833737961,0.5570231055454296,0.4963935020483713,0.5873580993298434,0.4459280325340499,0.45371862101720173,0.5807746835337833,0.501552286590717,0.6039032542190111,0.563877807907883,0.5431094264352324,0.5618826041911472,0.4894145465439029,0.5911788116139911,0.5522765110361694,0.6575260783853102,0.4770241605166126,0.5358245420400638,0.5780478621062966,0.5191604526332523,0.4589833252337548,0.6226475369900625,0.5607573646532854,0.4728262530198819,0.5921650653267663,0.4314271323506859,0.49242391041768996,0.5002859249607527,0.5708081705813498,0.5185018242079118,0.5021596206937167
0.5350412174499078,0.5489468352513107,0.4820026975027791,0.613865037966479,0.5710811440261733,0.47412197178602017,0.0,0.535931109658483,0.4566447279148498,0.4954771520051098,0.5165099646129262,0.5048598627613086,0.5894673824351917,0.5196843302750204,0.6219912301288155,0.5256604946585092,0.5206384133141184,0.5382246437971515,0.4758269498017671,0.5278694497778541,0.5536520671205342,0.5350494069589818,0.6772465203325384,0.640569683847035,0.5581887099181445,0.5793581333540434,0.5049914913412704,0.5082615628661074,0.43372893933492335,0.43510402071657345,0.5430084089667466,0.5116933891912182,0.5704688649936893,0.5833580906253201,0.5573341053001771,0.5199464659159659,0.6504873917605783,0.4935987701273754,0.5147504363421717,0.616290846092862,0.5270544217474016,0.48158113154876875,0.5324274677391265,0.5568803142132548,0.6482544955385546,0.5738082135490086,0.5274697282768732,0.5319573274566692,0.7052421437792417,0.5222957041322467,0.5834101696856816,0.5247534230236366,0.4542002802879156,0.5743275177814112,0.522047318426522,0.49978272815152663,0.5228853435836608,0.48497111295667794,0.5934366163848511,0.5694844972245928,0.5404129250454416,0.44046240423114985,0.4629723102293211,0.4815040406093608,0.4769171595050709,0.47865431734774777,0.6504168092502712,0.6033287055410945,0.4738128081855906,0.5245481299496437,0.5545054994556385,0.5328715896918873,0.46571829582862007,0.6396685297277382,0.45719203128082975,0.49418778504157107,0.6366992370634744,0.676795765074175,0.49401135044971395,0.44896115508570533,0.4548867789239238,0.5380315024176163,0.5471001697687246,0.4716949034268042,0.4777258613946162,0.538269656354758,0.4958853960052992,0.543146755659321,0.5467803941811381,0.5136886616168731,0.5325043629515023,0.5521171209009463,0.5324367319307483,0.48706141880550224,0.5249800098648476,0.5384720903321638,0.4417115221418567,0.5225298107890971,0.4406099316639665,0.6132323219722995,0.5337204038771436,0.525881240534124,0.5121807119464072,0.4938003578316211,0.4787155799918897,0.5734500197553861,0.511798013554654,0.5313860201143205,0.6044372970427915,0.5942608003563495,0.598631139439942,0.4959811174787776,0.5263504645743905,0.47691708571738795,0.493608610907998,0.5249758103166543,0.4826309876287455,0.5018936487306013,0.506513651886938,0.47592964058341564,0.5391278539516576,0.4984136828425786,0.49485019536731567,0.6087442509170755,0.4575419187481672,0.5118062196101164,0.4756655641410923,0.58854947062722,0.4990981201678515,0.568112143723972,0.4333719585979814,0.4662885368973523,0.49662490899562955,0.4709637775876665,0.5278788751971738,0.46848680472132503,0.5029999071054306,0.6073671848123833,0.5677837584769088,0.536025887783383,0.513862006861073,0.4787424844814929,0.6093623258025292,0.47753349415137825,0.556788479732897,0.558949327835393,0.5244850047865517,0.5223995600996014,0.4907875684239836,0.37076647471520274,0.5313723707323977,0.4675888743599736,0.5143714286479621,0.5751027061180094,0.5478009020938795,0.6005389054083528,0.5699773925752861,0.5993574036370855,0.5581746742890599,0.511763137949889,0.5020085029517668,0.4793680997476678,0.47466799851727187,0.5276024016635742
0.5805359934192043,0.6780680292696354,0.5789482474399722,0.5480088459026463,0.566723414658005,0.6572297150297484,0.535931109658483,0.0,0.5544470410402351,0.5695358731319166,0.5543096721341138,0.6141853296535137,0.6402226647556262,0.5049495215573767,0.5669085330647595,0.665358555898891,0.5955979229874913,0.5540652635667522,0.5758407044370135,0.6377555589562668,0.6327012180289505,0.6017950845652619,0.5593122915782609,0.5558030947916992,0.6766149064197232,0.5020026220717814,0.48850423045100694,0.5513405567958004,0.46829829533645734,0.5310049439000653,0.6451971568417924,0.5782087414312614,0.5550075527830759,0.5517806812020333,0.5722019242090411,0.5483718241617301,0.6596848501669571,0.5877018590857671,0.5596231357379389,0.5021282267731322,0.5636706809265304,0.5529742673611827,0.5691375380615562,0.56189247402472,0.652483081257777,0.5801753780257557,0.5698874743485642,0.5562332292365492,0.5792713056954139,0.5497258003905675,0.5566051719958965,0.5742348337410511,0.4960437440978962,0.5828422326008007,0.5206635506416568,0.590187010540423,0.5661758249411742,0.6409065063583257,0.5174656065792077,0.5790357173016871,0.6380639295204588,0.4746692163532477,0.534004847394582,0.4959391344600913,0.4825200763403904,0.4982194879957408,0.5344519144703257,0.5961085250483111,0.5032504100685576,0.6962634618992082,0.5779546179678158,0.5222569309116336,0.4669798207721614,0.6043453984606837,0.5953104070018957,0.514366762192877,0.5512191917971747,0.6240601103762297,0.5512834251026779,0.48459190966939547,0.5479863173419125,0.5613232675196544,0.706417625921462,0.5886507389476687,0.5008349714218525,0.7131985282455918,0.5910378393624844,0.5097753326808322,0.6334355472825604,0.5598933490497722,0.5399341488970913,0.5670743987592575,0.5652052805879074,0.5057450531875668,0.5142010438812246,0.6531815602347667,0.5194513666433607,0.6132403724448169,0.4511550007277694,0.5552578426486466,0.5261718362222794,0.5670422865051259,0.47709627258615867,0.5992551298044533,0.5276455609525328,0.6471858071919865,0.563517608360479,0.6816624077472415,0.5554080519145016,0.629946724429626,0.5542922973610424,0.4951816376289614,0.5362517251789122,0.5620038909597554,0.5159369969567255,0.5773374117325059,0.5644718502198244,0.5244678779064375,0.531080725894705,0.5233669082320839,0.5331220787772557,0.5705429101364018,0.5314358602026843,0.6304786305445838,0.4887473499920682,0.5787740884983225,0.47956585688739434,0.6275784491829431,0.5683065759833521,0.5415023326437988,0.5719827097169523,0.5962487603171968,0.534168267466303,0.5211695237267919,0.5789950303855842,0.4910828753569511,0.6411320132570377,0.5133374909113865,0.5373815361598102,0.6279922179068602,0.5408105936248029,0.545984998054157,0.6016322691670761,0.5224464284512719,0.5879058015923824,0.5025227383235343,0.6707930996588021,0.6108848393686906,0.6286597006024862,0.44242790536030235,0.552558224141123,0.5486808023889367,0.5591480496047763,0.5362891515426421,0.6767977220830809,0.6468941204416429,0.5454474266959988,0.7136695916698594,0.47936208051730966,0.48601337602085365,0.5273756963240186,0.5379903967751337,0.5228427833964493,0.5449402874212014
0.6188152923253571,0.48955266635796857,0.44144557030234116,0.4492695928915978,0.560477813157685,0.5375754616916876,0.4566447279148498,0.5544470410402351,0.0,0.4253310885100838,0.4688917502316461,0.48248233993019946,0.502460548537714,0.45698775325450913,0.4543866457372518,0.5196504841444498,0.5169836457052558,0.5261706495494891,0.5002149080255052,0.5796411694557678,0.5195912709268625,0.4922556246345257,0.4902747291961226,0.4435642920891967,0.5286703852441891,0.43449732281805864,0.4388105990649836,0.49746887601460016,0.3677841263394045,0.6424137643866156,0.5337397218827806,0.49294348890217776,0.42837144897031076,0.47014840559529886,0.5408795518033833,0.44789070830820144,0.5285507961420349,0.5301703530284602,0.4409210941793558,0.42015111593250476,0.4416899142015092,0.6554462146449441,0.48530001240043086,0.47066514911045015,0.47840967219589065,0.4777737723389462,0.5231361083288568,0.44032176627881725,0.4907526289816968,0.5002831149985112,0.48548682918110037,0.5230354054230838,0.46042627301703787,0.4383918129953,0.40729916651019654,0.6132141502057561,0.5311672247013304,0.5738233823151451,0.4420020246332632,0.48629040810491136,0.46431770705887776,0.4517799021170847,0.48945939843738706,0.44953406135911694,0.4700879903884678,0.44972721909942764,0.4535881959254736,0.5212975187470642,0.4627313921337694,0.5896221852308972,0.5355671925907369,0.4694105868193466,0.48242624231663844,0.4876166793324181,0.5301653378597806,0.4706837049224718,0.45108436281688524,0.4876851969853232,0.46711006639021474,0.4585677992183506,0.4754145007708777,0.576654705646884,0.581515064780009,0.47677739618768816,0.4946667559882342,0.583296373314503,0.5488877121170364,0.4800690085525906,0.5241656255157369,0.523120890804403,0.5551363224536111,0.5336697183445942,0.4649613968144046,0.46846299575613015,0.4968155342880796,0.481538709182651,0.4498614397656359,0.5296578345152044,0.4713357693527842,0.46687487467470146,0.43966739907081503,0.45156325396193114,0.44717725382292123,0.450308390304609,0.5084610703668434,0.5255788190656049,0.4511534125587868,0.5699227636840516,0.44007757300410705,0.4826212426422771,0.4689735884756748,0.49155875282158695,0.497960649853443,0.5447460598110822,0.45525875564904184,0.5494515904561654,0.5181735510655096,0.4381946680170789,0.43336224691103664,0.5435452213641728,0.5125168966433794,0.5056291759137165,0.528443893735626,0.5120795253147368,0.5193526086599269,0.4136852998456634,0.47295674022188117,0.4692594616071781,0.426882892735038,0.44251748785844275,0.6650103802470192,0.5485082476228637,0.4909493868438707,0.555525972028764,0.4568679832163176,0.4466577271353741,0.5281536578359548,0.43497888829176845,0.4191605635382922,0.5270449218449774,0.4237712692428417,0.49503452322590047,0.5581152974434023,0.48408295646617727,0.47867864029542795,0.5016158583605682,0.6398230654417657,0.4526426605776538,0.4830634615915075,0.4219795119334638,0.5235483010585438,0.4718480660679284,0.5169329930792982,0.4267752822349001,0.5096244697426602,0.5269788803745991,0.4628928220644195,0.5289902714577778,0.4164372790285559,0.462793896308608,0.4207926794785927,0.5535985310173365,0.49368061078152015,0.5818156837543489
0.4556400707893561,0.6384232282282344,0.7098774890583224,0.4693426621857782,0.48573222851128983,0.5501161021343763,0.4954771520051098,0.5695358731319166,0.4253310885100838,0.0,0.5296154027224579,0.5871788599892531,0.5415963873230225,0.44672619648378303,0.4993907100893693,0.5803596889867277,0.5121342222424913,0.4627880169745613,0.5065754440096346,0.5028004023171023,0.5225973158059986,0.5956863159503905,0.4924093537727127,0.5004309666636997,0.6101341072550378,0.421231916636663,0.4472315118730925,0.4786620283791946,0.5748289352466386,0.4443298125871443,0.5093037155107328,0.5340990031677402,0.4860457392543371,0.4665548825030505,0.47156052872003956,0.4997423679875842,0.5260797002289278,0.4683252244012744,0.5049339278585915,0.45400209867138647,0.48239257946111913,0.4655145090391605,0.4877589621584484,0.4878684734351538,0.5421437870707628,0.4637682886251135,0.4820748187872385,0.5448869299534719,0.5202493534665444,0.4629695928242961,0.4658399431489603,0.4468521686111615,0.423574499076725,0.5531426976550962,0.5382734136863945,0.45949424580955905,0.44824556199312265,0.5215167414918084,0.4967749287081269,0.47196135908513137,0.542128977905934,0.3980892397997482,0.4411043028812586,0.4619214115211855,0.40876381367633025,0.417252644310375,0.4520818877564088,0.4924054275297998,0.4818537131093676,0.5218410231363252,0.4495708717437989,0.43978435889012374,0.40151290344630647,0.5160286316376524,0.49709561736072044,0.43087926842812324,0.49067248660631574,0.5382836230306076,0.42863414983110265,0.39873132514345966,0.46217479779925463,0.43367411453122706,0.5334327360692083,0.4767430063325027,0.4097134216152834,0.4980435790760789,0.4634324063190791,0.44035233873512175,0.48827645804987235,0.4336022413902711,0.44121695178747844,0.4596445820842869,0.525924139947913,0.4169053355109075,0.425703087748396,0.617770142324836,0.4373875253356033,0.4984143226348147,0.3824821340816996,0.45906884409835097,0.4554117046895085,0.5051625966532374,0.41025187075464187,0.6285180080830158,0.42896317092298514,0.484992780580968,0.487314404125481,0.5578168517206047,0.4856237693077143,0.5877575766423713,0.49724862335325987,0.4079232742699413,0.4457085498344015,0.45417869290914675,0.4190637972502331,0.4481081432330421,0.46276733264599335,0.5924444150261048,0.532825044912216,0.41716073825203664,0.43168815697783147,0.43386942573827875,0.43110178208016825,0.49134667467903576,0.40224354801923917,0.612415067217942,0.40376713368809597,0.5253864596665342,0.5786011679459707,0.4711889907892384,0.4666734483316608,0.4809231957669066,0.4203472798138443,0.40592580090704994,0.533152009238071,0.42900845863232634,0.515765234998751,0.44690594976354664,0.5308344717826889,0.4888150126575544,0.49421135406698974,0.48896740922694293,0.4715879906392239,0.459755586596577,0.5016297634142172,0.43261409829892866,0.49026398099653695,0.5270029049977554,0.6739714002972719,0.40665929945499957,0.4324528718500397,0.48110698363938526,0.49088569115594044,0.5541350768879236,0.5474887970313337,0.4945602928574914,0.47849562522053934,0.5357974871853017,0.4263440871618503,0.41477471177448805,0.48515621071688064,0.4279860071097824,0.4228720705984685,0.42904883430838164
0.5273642498937822,0.5631774036895718,0.5763400636070425,0.5765411527280352,0.6177921494913373,0.5169165744341249,0.5165099646129262,0.5543096721341138,0.4688917502316461,0.5296154027224579,0.0,0.5217753891174066,0.5865690811368983,0.5490052692049624,0.5009575969978103,0.6811604526053644,0.6454422119538971,0.5505953294371464,0.5336484948258071,0.5744933537236545,0.5748265104044651,0.6532183626410192,0.5677914729175126,0.5102474143902173,0.5764078932525825,0.48199414674665575,0.5391594790874298,0.6292578927639519,0.5293096784203096,0.4767016922635763,0.49725805000138107,0.5337915322552442,0.5088126726835502,0.4879567227032003,0.5850002923665003,0.5552592205619776,0.5692522184344642,0.5995991076292904,0.5341052893243802,0.5115602480847197,0.5228848761090632,0.509458148028388,0.5155385480751526,0.5405302246014473,0.5342916680374322,0.47101758663109927,0.4428495226496452,0.5890624292481836,0.6063019466337621,0.536910585693547,0.5254130683762976,0.49747803471168517,0.4652381626490776,0.5921238496647879,0.5841498702619525,0.4465002928954805,0.5312853282590764,0.6027917664334248,0.5441925219269622,0.5322669276790091,0.5910942189974577,0.4261137022847206,0.5007405866086937,0.547342293884385,0.44517858669286975,0.4427095955209435,0.5040092421473091,0.48913175211835935,0.5822211443286217,0.6214424037575764,0.48903108552161284,0.520065756096524,0.4943244748190107,0.5919815465127541,0.5885936436083192,0.4404177071698681,0.5734138704020745,0.5860451439588122,0.461322717914484,0.4414459472039716,0.46960913737490406,0.4848302844951582,0.5050723208358024,0.5480631482276683,0.4819511865848675,0.541121292822197,0.5263603304171626,0.4926350537998565,0.49454579172899304,0.43288903760494946,0.563040651643867,0.4669005708950441,0.6196451635468015,0.4635652735525221,0.5252289426001794,0.5203455475703904,0.4531939716346861,0.4810691086206268,0.4473133013114444,0.4792467840490572,0.5250056301073575,0.5175874872483058,0.45183319273048694,0.5033469268733802,0.5012121172849106,0.495935127588075,0.5002544448087839,0.6023384032990181,0.48687944137648026,0.5279047211297634,0.5446969485991394,0.4954158813696884,0.5056734608010016,0.5876939333970759,0.4758736386364268,0.514211166417839,0.4829741195074562,0.5794493500527038,0.5807568515375349,0.5078041888166133,0.5500117041553135,0.4977229961305912,0.49781861227611823,0.512727939411411,0.4841545675823551,0.5241441742981421,0.4522986247066985,0.5005788456301344,0.5638892489262481,0.5125613118850861,0.4713487073892568,0.5435072803783585,0.5362723333311318,0.5068255307676354,0.5665439893962235,0.4622991816198474,0.4773542914335969,0.5058921006276225,0.584480403340981,0.527560136645127,0.5153644861730154,0.5563582414368873,0.5287038012925899,0.5447109108016028,0.5660144461007486,0.4527981553025836,0.5038579462256079,0.4886948114586027,0.5496374104188403,0.46217923497195507,0.5080367194136101,0.5139736276344552,0.7079703352416103,0.4619344881010135,0.5367286728507934,0.5212281801524489,0.5625529315888277,0.5170220247829967,0.5210257653492614,0.49768289470121,0.4689145413080431,0.49644525108832127,0.4595665845231524,0.5658151322733798
0.47965420148762966,0.6011136628939608,0.5403848193555485,0.4717528893641509,0.5163368177898486,0.5885414878884049,0.5048598627613086,0.6141853296535137,0.48248233993019946,0.5871788599892531,0.5217753891174066,0.0,0.5028889485894853,0.4277980714738248,0.49719885708088507,0.5768718384501478,0.5001672470108562,0.44771535060856127,0.5884762765508836,0.5391467611284058,0.5663742641200776,0.5362620314752367,0.5134709197536704,0.5101910380975214,0.6798074810192669,0.4354041557899794,0.4300597009560536,0.47344309017823044,0.48033788280618944,0.5005537081971385,0.6276290941492552,0.5440040259498641,0.46908713458963897,0.5457760065567027,0.5013037460928598,0.514002468762821,0.5648173300815745,0.4915563837981874,0.6008087156766996,0.43117388050805716,0.4835960390878708,0.509542477644875,0.507843069855317,0.5349965323309245,0.5525525903844988,0.46994820700114603,0.4869935351571559,0.5584148788343924,0.5350852348505253,0.4722208199313174,0.48413047949901433,0.46778503457510806,0.416623561059916,0.5412912362063246,0.5270480854297197,0.5194495781653394,0.4799896120688186,0.5971283515256572,0.4599556969599702,0.48028955034228016,0.5292055661947465,0.4144869606916189,0.44496913114646586,0.46573479931425343,0.4245970759450189,0.42694407667442796,0.4636848870186193,0.4904886429035471,0.43396508336391004,0.5463993797095216,0.4756831151257085,0.4507341343697003,0.41669522824367855,0.5019204077532604,0.4910851261987421,0.45101664164511934,0.5011960053459287,0.5658971063270234,0.45664489322187385,0.43825123088495094,0.4713295681474691,0.4832541126777438,0.5773887912211966,0.47067777594643556,0.44800677835998703,0.5344120959602348,0.5346411401355674,0.4493889282922487,0.5078074396416367,0.5015014184894401,0.46193376333735436,0.5324130166207282,0.5184144442540967,0.4397223010942587,0.44156713148371435,0.6761287685346096,0.46485312628962744,0.5772062866051838,0.4178461820602078,0.46059460680775804,0.4854859829256477,0.5443993995684696,0.44467170244917226,0.6418033209223251,0.451033308380192,0.5015871836567818,0.4950815745658138,0.5837494658504935,0.4626101388055264,0.6336146834471781,0.5649732442400668,0.44837517812991934,0.46105307888813635,0.49723374891767314,0.42270916190769925,0.45684679609699586,0.4901701755659693,0.5781850790282793,0.49942736307174485,0.4452638231902587,0.46171271833526767,0.4740574256138617,0.47664801687938557,0.5325187239308902,0.4441663562659402,0.577691633385171,0.42026861436965024,0.5767020190396677,0.5515327485192136,0.44994839525566854,0.5035960176192549,0.5089609515447965,0.45384815096127434,0.4632462081716676,0.5805899600814508,0.43386316904674244,0.5700115291479779,0.44551594631375113,0.48215967473012455,0.5717210971447376,0.4607023491879243,0.5167737097846112,0.5074385834631998,0.4892373737993008,0.5571596974555945,0.4667484421301949,0.5815581847817449,0.5070381859630496,0.6582990521884076,0.43208787304670665,0.5000833619965286,0.48812601796687827,0.5064067193462946,0.49248150300832383,0.6424476364407801,0.5453986607498835,0.47505057081404223,0.5849522351758226,0.4205444754971386,0.43523088137818866,0.43980867507613025,0.47672319744002084,0.4765062753065989,0.47296022805392285
