0,1,2,3,4,5,6,7,8,9,10,11,12,13,14,15,16,17,18,19,20,21,22,23,24,25,26,27,28,29,30,31,32,33,34,35,36,37,38,39,40,41,42,43,44,45,46,47,48,49,50,51,52,53,54,55,56,57,58,59,60,61,62,63,64,65,66,67,68,69,70,71,72,73,74,75,76,77,78,79,80,81,82,83,84,85,86,87,88,89,90,91,92,93,94,95,96,97,98,99,100,101,102,103,104,105,106,107,108,109,110,111,112,113,114,115,116,117,118,119,120,121,122,123,124,125,126,127,128,129,130,131,132,133,134,135,136,137,138,139,140,141,142,143,144,145,146,147,148,149,150,151,152,153,154,155,156,157,158,159,160,161,162,163
0.0,0.2859848515744103,0.2524551352752939,0.24590412127216985,0.23956201668111243,0.26541929564991623,0.24700024927035433,0.26330109119487194,0.3017590477287215,0.2568942953026283,0.2938977370968618,0.2409349271357187,0.39341232095117395,0.2579247218752831,0.28159497052767474,0.28402644473472094,0.2889621133297472,0.420462099837728,0.28377458282755436,0.39502801738054205,0.2856412650695912,0.2935968099109279,0.2574159943658061,0.2888193813264375,0.335414858055458,0.2346116099652775,0.24420113338315758,0.2717286028502765,0.23072761978288975,0.23985175897751143,0.28367960252775654,0.30524937348273107,0.25461549278677853,0.2321103955412155,0.3419253574885633,0.24311679976203354,0.34990750714309565,0.30684322674662384,0.215733239599774,0.3493021539455228,0.25342829992456106,0.27132345658814744,0.2811793716949944,0.2725198248615593,0.2872959239310451,0.3255926240733499,0.2361325512876108,0.2614917849741707,0.3350002230172999,0.3155047644801125,0.3007926338916853,0.28266752965851655,0.23666392960642307,0.2491951233575604,0.23872805606059253,0.2590541220522839,0.38381104409069416,0.2645831151700956,0.27738794601469846,0.3045837729297167,0.2538913972269407,0.21135662203987443,0.27871625108832504,0.2158523601795128,0.2636073481324338,0.2891043634535252,0.2847432335580882,0.2872692734518248,0.2534211513203312,0.31115491314153026,0.3480496642035394,0.2772883589505973,0.2930663481902059,0.3106320426368455,0.28877639013418005,0.2895498079455105,0.22086602541858766,0.24045398733710943,0.2612194565316256,0.21291862768105832,0.25129314379162127,0.30756350158605333,0.2704388160291179,0.2770292977669372,0.2854185807831838,0.34663497133281684,0.2800070785640472,0.2963873069387845,0.3084128950592006,0.24377037709512492,0.313426679853248,0.2562435296099644,0.2880792446761981,0.30771739167041656,0.2770877941724206,0.24721374009432986,0.20037961209316524,0.23783604813537668,0.21564237535991626,0.322885368461468,0.24880283305659456,0.21934299190454257,0.23301127798478072,0.22387442785819361,0.3095662441397794,0.2813469029144379,0.24647243090790208,0.2803906166071613,0.29713330397579835,0.27016074058991946,0.26342664547941985,0.29087053814540165,0.28749815394951606,0.23711583148657076,0.2958583898151003,0.3225177447914385,0.2952981015223702,0.2731788753282059,0.22842417417410496,0.23030525630810753,0.2688140934477634,0.2091040105715991,0.27934363329435574,0.32670955415740255,0.25501030226492055,0.25745529361921515,0.21773388676173638,0.21790341313083364,0.22845727798395132,0.30593904149469714,0.2348989948740412,0.253258612006732,0.24326760454348045,0.28036751186455044,0.26560482320985024,0.23873824005266867,0.2863240569694837,0.313908585853526,0.28930715012049035,0.30223970079342766,0.23503505506591763,0.25433200152862295,0.3049157784897706,0.23203879481143366,0.2831438221576575,0.29405448666883655,0.25751843728190077,0.23139347265251548,0.3023434437127902,0.16851099453791943,0.3494295348407256,0.24947788010853145,0.29847473654266693,0.21112537890715385,0.27606649432547237,0.32286091396668704,0.29540755739809993,0.26620421414390005,0.2780911640019899,0.26316313277644365,0.22328735352748263,0.3393075151830618,0.20558977431097158,0.39824451317706444
0.2859848515744103,0.0,0.2701142786836983,0.25599460847974664,0.21616096998599124,0.3578769947990851,0.26478825987745325,0.32692535423330793,0.2665066790653954,0.3790775477354927,0.2504434043154559,0.295406688927356,0.28208159669638394,0.2798059233206785,0.27816768821214344,0.2561461326515071,0.2565348312696148,0.25340697262293377,0.292617107432384,0.2766954692949754,0.2825855200467867,0.32569048981577925,0.242911416208795,0.26873892164009844,0.3443166231026454,0.20602082270466338,0.226204487964652,0.23263318137535108,0.32510213807859495,0.222370648593067,0.3215008617939847,0.31124859549697065,0.3087693637920871,0.22620034341051906,0.27914141765224026,0.2659577071158574,0.2761723512843821,0.2656639508066408,0.24861117251169682,0.2981310518032921,0.27906659199038714,0.30260342896638076,0.21475423501202998,0.2508081372452265,0.3104948248303231,0.24165253932172132,0.2575842623155624,0.22979763531179903,0.2778748786514858,0.25401984311111453,0.2724238900198957,0.25597405448044414,0.2629961493856367,0.3213081625018395,0.27406882526172827,0.3295345738387382,0.27121666448785503,0.25611332553547034,0.2868824264065296,0.28186205477656157,0.2865373706567845,0.20528771862579556,0.23031899607189285,0.20749168675021334,0.23217790285072487,0.23016819267304514,0.25998273277431283,0.26359848713613243,0.21724258081137104,0.2861643002352436,0.27557797227676634,0.25786704444600766,0.2292206780269912,0.28451115929589377,0.28517777686539336,0.2530907036689302,0.22153126181705118,0.2881040275891729,0.2206518957907128,0.21311323923621212,0.2564752453668642,0.2748163102216489,0.3441442913401939,0.24293692449055107,0.25200938983756976,0.35831601630191373,0.2515194401197649,0.24247688807363063,0.2585832922528839,0.27838538358987713,0.2343721786727673,0.29300579436721164,0.28186174274875814,0.25857601425667626,0.2782685145301674,0.34087053664508726,0.23262781370166016,0.28380098618410043,0.21305593700655082,0.2829051180873743,0.2445433346297764,0.21478756547657252,0.19676087647974627,0.2561422266145532,0.25533046162346457,0.24257096281886875,0.23107859896601327,0.30932230901497765,0.27636152382992113,0.31483230779792065,0.2581776914133455,0.23148355089827719,0.27350914145158894,0.23103926245990605,0.2567073960370557,0.31756172073924477,0.2815642893810115,0.22511212555132323,0.24945244920640422,0.2331235650270898,0.23615922526078176,0.22189683905925828,0.25688333281477305,0.3170442575741241,0.2448144378952186,0.3227802993375359,0.2385039293193799,0.2670883668688777,0.29328550611432086,0.25702451692149014,0.2870181023650422,0.252806743927149,0.22018689235012817,0.28479344288869574,0.25339312325369195,0.22291247143492843,0.25993346959932834,0.27401240163930235,0.26865617893712457,0.25878727738685275,0.24603788702163998,0.30018750660421656,0.3459770597737933,0.25106090977427004,0.2828096328564374,0.2532371874753505,0.2970226093323605,0.25423652729404417,0.3612676426862019,0.18572355737612212,0.24071472788658402,0.30143497835862487,0.22998887564352766,0.2744580434072077,0.2805938712628732,0.2890105814390876,0.2552051393738865,0.2971520085830948,0.25204070072423357,0.239704898570029,0.24355457351672113,0.32241916616187505,0.22099934531322696,0.2549459520244744
0.2524551352752939,0.2701142786836983,0.0,0.2304220850079668,0.23707774776100293,0.2968851309385236,0.21289451240792628,0.283363348794189,0.22921188189373903,0.3241553907957386,0.2737045316793392,0.2557687210611001,0.2949532495581537,0.21339551270232934,0.23347644550605176,0.3459722402238281,0.29261379581344177,0.25053874316660346,0.2351180551048031,0.21906381825782595,0.3109640662823832,0.35957047645042806,0.20567953933915703,0.2400334156895407,0.27165541290143397,0.23324827031264284,0.22378846706618113,0.22547655148560786,0.2375154322751927,0.23863718091826172,0.2229648669218009,0.29107166526989775,0.22260552476557974,0.1929780399781174,0.20408255057161218,0.22394945216633594,0.25934030760285004,0.25322559555611035,0.21287733113939467,0.26842706759544627,0.22490428322677464,0.291988341585912,0.22636145493571824,0.22353561792668844,0.25204609199111394,0.22965748078025022,0.23175766097945252,0.23988836910614753,0.2365171592937259,0.22900757081111267,0.25159330462876806,0.2570726605035405,0.18212057027538403,0.2592923015102676,0.23095441832656105,0.2265869964282751,0.23338970025667755,0.3058595777422364,0.2276581956324006,0.21796543063984283,0.23281689791024548,0.1923913250171109,0.26118310658094834,0.19039039539454541,0.1945486031169022,0.21478405057020797,0.22009369857814448,0.27122493359769323,0.2483494822325393,0.29524386742183223,0.26297042626061473,0.18988973313175583,0.23016426339120244,0.336543884653146,0.2961425017234962,0.18343647137933133,0.24370245226059,0.25242857233184746,0.19776675087791065,0.1846869138079792,0.24857960215436337,0.2454481176690321,0.2697308051149879,0.23460236383845656,0.22370084977064855,0.297119387507908,0.22114867116301284,0.20182799156759854,0.2299656056553375,0.1972207586585565,0.2591747694135773,0.19818119117964728,0.2366841078170296,0.18807305453988243,0.22863924447586625,0.24132703482354242,0.19181355746924011,0.2346819126182989,0.17399893882293002,0.23724152959953562,0.1741376730604602,0.22794121580655502,0.1854416491778096,0.2454174428823822,0.22586978563265495,0.27530610903301267,0.2331312852606672,0.2577360471759026,0.23414086293123834,0.2640775394251757,0.23240424200136306,0.2035366227867342,0.23096168023892857,0.2247329764419812,0.20210966066400496,0.29204930791286077,0.20849454900250475,0.2584609065536352,0.25477596143920245,0.21975037265632127,0.22456790736131915,0.20159230044385285,0.19815885245931003,0.26460068804435866,0.17450881210597444,0.27392033828816365,0.2117508946056125,0.23381666782897068,0.2529826547668089,0.22964343584164393,0.24873464766867842,0.3654343899655659,0.18286319165955983,0.20275668514724343,0.23087408364888834,0.18209422702246755,0.19876142495535684,0.21236849919187537,0.2497807360291776,0.2328903783088467,0.19245853152623843,0.2417421814705263,0.23431249080590655,0.22779922113833734,0.23601343868350197,0.20538623527914826,0.276146400363443,0.23888289278071095,0.309293790464261,0.18660587436385345,0.19900665643008847,0.19395966376856116,0.23027247475301693,0.2679488493285018,0.27389613063773477,0.23965922237461468,0.25336045181682204,0.2993203998142048,0.17177069134856218,0.2221864167681408,0.23418861237421232,0.19847061528932744,0.20678789712035364,0.2565032379117407
0.24590412127216985,0.25599460847974664,0.2304220850079668,0.0,0.21831809878956246,0.2524148729515283,0.277985366528439,0.26710715630791615,0.22146582577905075,0.25685015646004244,0.2627760691243698,0.25618295005217334,0.2509537250763929,0.24739812700957653,0.2680002139132461,0.24056785519661145,0.26384625231827613,0.26240942640212267,0.28600215144096147,0.2279598190129665,0.3105601374165482,0.23162974517743545,0.2449402510937967,0.21479214965187346,0.2808782220526092,0.2559184128148297,0.24626773970597843,0.23915603738950755,0.23468465895074792,0.1956327819766522,0.2593799099792072,0.27024626910144034,0.3577670342651883,0.24430689385214796,0.2503424189300392,0.2820821080473744,0.2636669444705596,0.2823457762553129,0.2594704340230834,0.3191952092117979,0.273955081994796,0.25659210943511385,0.2475521778753939,0.27615969276488,0.25665359076423044,0.2677345464047775,0.18608730094713172,0.23485036131417558,0.2741424127391769,0.2640872413538263,0.36922071957089614,0.28047958059382805,0.24984004469689475,0.3586953239035509,0.2889962496911519,0.2319121079246165,0.3075300999448057,0.2821474988529748,0.29283645230639815,0.29347847296806445,0.3008469137044635,0.2358661357729393,0.2768237894181905,0.2020337477236874,0.2660416257367295,0.27913359336504967,0.31884467967248004,0.2232070682010163,0.24487622165433337,0.27893375927174996,0.26328953821131784,0.24496840295499175,0.27042378306430176,0.38594130312133884,0.2808108409548348,0.2234567943020198,0.3183664729876596,0.2801459623139484,0.24969458391674557,0.20160761523808535,0.2529861643688062,0.3293530996891929,0.2341851543383063,0.2451282782075243,0.33484510507859633,0.2628289379470673,0.3030152650483968,0.31116801210175865,0.26867808301382373,0.22365960696447532,0.292733166926914,0.278457174972378,0.2555013799779732,0.24575020681535537,0.3181107034403069,0.2406461440493697,0.22661946676310432,0.2584776106141366,0.22614534188646757,0.28820145632433175,0.24148175699493069,0.28853229545139747,0.3135014646186198,0.24076056385008562,0.2857353504795089,0.24134757968695664,0.2810022613510478,0.2340584487063351,0.2594602553049282,0.22274139657100972,0.31309621862064585,0.2799969066174722,0.33339726710246737,0.3143708128107025,0.26811982631436654,0.23525056270977523,0.2767359119557833,0.217107048123386,0.2674031591777577,0.26776197732239987,0.24744897352141706,0.3149564293584245,0.24017404463640235,0.286851275176137,0.2192206002716122,0.2553652527177165,0.2776536535279287,0.22974723503064637,0.27167976987917747,0.28138304601489705,0.20957876462640354,0.286202409787228,0.2669954917185074,0.28366443397575436,0.2541810048590785,0.2023052262015432,0.17501878139702842,0.2698442728053057,0.259413564723004,0.2970819363864609,0.29860018523254267,0.2632279764438088,0.34142493355127757,0.2826042838725232,0.2739237740703721,0.2536935887848579,0.2533005365459092,0.24568785939247575,0.23131389344066822,0.17833226193244356,0.29876798336551047,0.2917407038006754,0.2674673204804324,0.2115863346446676,0.3078474976741771,0.2745283983944432,0.23215717895411422,0.26751482406441207,0.307153229219026,0.27914185390060714,0.2546991496107694,0.2704582432908433,0.2872801528408274,0.264640848341158
0.23956201668111243,0.21616096998599124,0.23707774776100293,0.21831809878956246,0.0,0.19582343900259372,0.26760728570891773,0.19341292614735608,0.22331422777412396,0.21247519707265292,0.25037325282690237,0.21105127731000853,0.20618350226648358,0.21252235048304724,0.2588367789553001,0.23245182051332441,0.23304085563848517,0.2534230166479493,0.20582225660861206,0.20949720756196227,0.2587310324665736,0.26636757491637164,0.24307911602596102,0.23549804109718073,0.21764347282783328,0.21135019120576856,0.22293342560563284,0.1871178466421244,0.20036509832334065,0.24064554547654265,0.23123107012974858,0.20485136655287287,0.2157734296822041,0.1819976609981714,0.2572328741134304,0.2285069908741579,0.22727760055947754,0.2302531246078491,0.23011611254541126,0.2465314769885014,0.23301283072621762,0.27561557459358993,0.23009327237207136,0.25309824127831065,0.19402110699160802,0.20320439407913846,0.22677179959095292,0.23207461340127988,0.2580380132536809,0.2426012184770521,0.24712073182786576,0.20839282618931526,0.19758985682576055,0.2174966029342179,0.21011016259756968,0.193262506675062,0.21384457966233406,0.28169048432785015,0.22181502129499892,0.21176622609066661,0.17210404833154183,0.17838207574037293,0.20751110774425105,0.20726914226050033,0.2206256218984704,0.17257432577085358,0.20257317495370872,0.22005080644391886,0.20728923812003966,0.23938039409702094,0.2338029468229314,0.20994991997851936,0.20070546614926235,0.2381829797103119,0.20508445692748287,0.17810671681581539,0.2127303655424885,0.3262293191769486,0.17828680811507597,0.17724641130935348,0.2064942942758382,0.2525747163834496,0.23822372091657906,0.17272747750517314,0.2118083064096105,0.2135848819996399,0.20739542197599753,0.2186320559400136,0.1868086620404019,0.18141797036132615,0.3314478660292914,0.24220332386831986,0.26502795567641096,0.17401840848135655,0.22952247191011743,0.2011839919731042,0.1601782021755985,0.19340116793989456,0.2113368095489544,0.19318864234466032,0.19201193880821749,0.1907463410859815,0.20825088102606543,0.1951265673844126,0.20869053157265005,0.20575965364017232,0.18664470329620403,0.22140348388097433,0.24535960922076216,0.2100570824608528,0.230561114410356,0.23924775672762755,0.19468447572898145,0.23430946825003246,0.18804366002469486,0.22312945476901658,0.19203154069055225,0.22957352194954303,0.19108609937122695,0.21866026120612073,0.2947530118431467,0.19466983157097176,0.18576215351555508,0.2544131808014316,0.20569990993526394,0.20112299634689218,0.19573962145416127,0.21320655987355266,0.18601401360347514,0.22574357302903408,0.20233363940780955,0.22841816945091883,0.1685315156550309,0.22750549767738207,0.20806321443520162,0.20641291794695657,0.18633279835608194,0.27264719351165373,0.22756296312913848,0.260671088637444,0.17903892435139346,0.22915241368222247,0.24869725872945214,0.23197770675572454,0.23949286899595854,0.22287907824937997,0.26401085136876296,0.21442193912918137,0.20951842294401132,0.16629588049246546,0.20892421265012226,0.20506858050803467,0.2547393482631637,0.22721940675722405,0.23551710520638838,0.22207521915742626,0.1962818038753098,0.23443966525057094,0.2026738647848245,0.19599168561569008,0.19020158901713372,0.21155390548641576,0.21072949167749294,0.30515799551596806
0.26541929564991623,0.3578769947990851,0.2968851309385236,0.2524148729515283,0.19582343900259372,0.0,0.22874794459204376,0.2902029016202507,0.2207049143628342,0.2839603722988347,0.2662202700440948,0.2681916242165597,0.35592723121703257,0.2165014610577824,0.2613539397535204,0.2889600099853609,0.26092444961733996,0.2096717543625186,0.25020922826652076,0.24461923318998044,0.27293831279202896,0.29560120573848897,0.18823515898907317,0.2291857239904203,0.2880550928743665,0.21318818474820025,0.20422677161454855,0.22220560748949877,0.25833360040481557,0.2045671623709024,0.26016413381973297,0.3272615156730912,0.2979683900009723,0.20595867197672818,0.22879828210460032,0.22502888528569334,0.2880263017297494,0.23059154132797222,0.22385621950350654,0.24162903530237337,0.24723640282207635,0.2568496033407115,0.21345394094404285,0.26264503899270936,0.25625853900846934,0.22726026328897933,0.21658608679881158,0.2414098126898916,0.2116702917997058,0.2348331297145247,0.2570062438401846,0.28034880304237647,0.20453889803888883,0.298028788870845,0.2377810704048226,0.2812216254880846,0.23782973014637326,0.2976655556699006,0.21126708006100534,0.23122004585054504,0.32181930927604396,0.21161350388880215,0.2565273752355755,0.1695942102911041,0.19542383451975404,0.21593627904256182,0.2551544464796097,0.2836996226072995,0.1982996421365363,0.2593205277755428,0.27150509684793017,0.1970541947858048,0.22465264936707116,0.2872782905652005,0.2990265222397765,0.21070139612039807,0.24130209134925648,0.2543526133005279,0.20200937184253714,0.24174906975357768,0.2893566543885389,0.23904363048565014,0.28121007485610533,0.2717366131208169,0.22130074907525643,0.28302490983258594,0.26247475018676025,0.21231098083246036,0.2617791003265663,0.2363142730744104,0.23519330117066412,0.2471053568856335,0.2529801854501141,0.21574298688031046,0.21930151554956998,0.3051945045918474,0.21329499173581917,0.2560767084106844,0.17539530351065516,0.2677997233918855,0.20925758872802125,0.20674758994802775,0.18694181623497685,0.2133752033807288,0.23570156695095926,0.28175304158834424,0.2508621814625135,0.2574732212764699,0.23465602915290718,0.2779929524765852,0.2468848522179937,0.19407200962629734,0.3107532420974714,0.22922631433584242,0.22553431931239543,0.2941011031737084,0.24009319647991026,0.19676684582136147,0.29325966081332994,0.22054722736747373,0.2142417745174612,0.22774872357365838,0.23002771410852785,0.2908615764415813,0.21357663693481482,0.3056796431989631,0.23234127423950712,0.2398293589277617,0.2541161955397198,0.21900007983386038,0.245679932347627,0.31106662593790896,0.22941759951657198,0.23711951487836797,0.2382739474298733,0.2008890079981644,0.23585584637246257,0.21790547551935532,0.220288791276443,0.222493940698647,0.24365411092116349,0.261469683133771,0.2487382812948215,0.2164214695673254,0.2519023688483345,0.21439256029014694,0.2740081545098126,0.2731419212566709,0.2631945360256574,0.17378262404818895,0.21592858614816127,0.2332794799073598,0.19523589966503518,0.23133504687490355,0.28406438471691864,0.26281505952310596,0.26288536115370265,0.328417219187374,0.22262444288618044,0.24546734143477705,0.22138474448252207,0.25303393310319294,0.19396352394161973,0.2407506648614852
0.24700024927035433,0.26478825987745325,0.21289451240792628,0.277985366528439,0.26760728570891773,0.22874794459204376,0.0,0.21393322772932052,0.2222157832738587,0.24929856514572055,0.2397456833833895,0.29972839540319907,0.228531965775442,0.216643216213888,0.3341204250077735,0.2102306375697948,0.21992367986858288,0.2410069344320574,0.2697753785654897,0.20622079938526047,0.26535848716597366,0.265449689645013,0.31031372040943855,0.2903259949769786,0.2788241948065338,0.22174148519621367,0.23074993904066285,0.20142227139358235,0.23429455339898447,0.23782271801455115,0.2754264616019244,0.244532895588308,0.2981422805005692,0.24635909615341808,0.2278746865776933,0.22728486186608807,0.29419245666528154,0.21715729719454963,0.2666804519846972,0.30864081636460655,0.270923967459952,0.27208784412577797,0.24989393768631296,0.2756287452027255,0.24733373523777405,0.24357681556301974,0.24497509796621073,0.22462817305070304,0.35610474380090057,0.22004892185071362,0.3057844578453365,0.22607526886230486,0.211649155354737,0.2850152139629628,0.27452751811757303,0.24460633612023913,0.2415306063094149,0.24958693244890007,0.26726939495093766,0.23028322505938997,0.19808137367379894,0.1952103367714086,0.20330318778590825,0.1980179206104498,0.23096801759386082,0.19559156857183893,0.2530489373224563,0.27765278016937184,0.19717790109605726,0.2303623051095174,0.2727987995806724,0.2165172706709678,0.19377858521444064,0.27480680453723444,0.18855488585895472,0.23384432979652506,0.2868829646158291,0.3216415813977383,0.19945718221835995,0.20002455660006088,0.23226335192498346,0.29086070806911923,0.27622883333766374,0.1729968985809558,0.224593212239629,0.23740095051235455,0.22145851766853186,0.25012675264960843,0.2345684063603991,0.22563010828366828,0.27234177899905976,0.35440965047847733,0.26280855467677305,0.22344286057287907,0.25100980145601387,0.29172325235799246,0.18562024666168658,0.26286891063755974,0.21408476783230992,0.24183402093482256,0.23310617777388673,0.23556724928038475,0.24811468217926552,0.24707673545978573,0.20801719774054567,0.2320782578884016,0.2066232938971219,0.22964552443248792,0.28574115231744923,0.2675954352212373,0.3432483490773243,0.234481072138262,0.2174412663883377,0.21349833694621032,0.2047645228016291,0.2254864470925526,0.2300791350917837,0.2518604517434565,0.21397626726354577,0.208250834280805,0.23617453655894266,0.21419825800605327,0.20200992369930862,0.33310171335720823,0.206589747936917,0.26625898366069284,0.20230260684083193,0.26206357211008946,0.2073070145458263,0.24873730730545882,0.19868984747739862,0.2066564957590918,0.18936531937561413,0.2279358189238369,0.21450601506075756,0.22124230306530607,0.22061326089678632,0.2781880296759567,0.2374829863558615,0.2998357986094815,0.23148927525941257,0.22731343101166432,0.30180523389286196,0.22852058105418882,0.26922450615606475,0.28805277819577096,0.2803632214793247,0.2647885645771762,0.23068202658533532,0.154687233080097,0.2464263573558508,0.2619405210786414,0.2383110682503398,0.26249915851969063,0.3098364681541168,0.2787612699577379,0.25214018699597496,0.288092735939697,0.26364012311786916,0.24620654594669106,0.22350476838301267,0.23782418397502114,0.2512041502043965,0.270190234375371
0.26330109119487194,0.32692535423330793,0.283363348794189,0.26710715630791615,0.19341292614735608,0.2902029016202507,0.21393322772932052,0.0,0.270578234966355,0.310819163698861,0.2319543209052179,0.27357666326998076,0.3175743460788607,0.2247823072470371,0.25055508123925135,0.28370805952040923,0.2705246470526952,0.2514825180289554,0.26657736717835234,0.2596600018770082,0.29208925583016915,0.24719670474359964,0.2313243129735289,0.22654097787746053,0.3080187535375623,0.22608989035662624,0.27437583128944987,0.2505352261862766,0.20660548919985813,0.22844418402625893,0.32807070453237225,0.3044164837681185,0.2701655946579996,0.23129291289289558,0.24225224602994327,0.2631022859604657,0.2844261488101875,0.2875510488408357,0.23053787107933463,0.2830847056691053,0.25033959258588306,0.26580761597322766,0.24541148607483895,0.2229711723090312,0.3568827169428969,0.26668304693141714,0.23056063158139403,0.2141788973231081,0.25542501690819,0.25254904785398924,0.25794984200319465,0.24165718045510567,0.211471636611825,0.2554657296042495,0.23995200884616183,0.2661843282863369,0.2608615038254983,0.32064888210403036,0.26090543121817017,0.262955318876081,0.3374074325335423,0.20628798605882678,0.2615638480969873,0.20440680441618053,0.20906951039760202,0.23537093289931107,0.2627637851940516,0.2384339271112247,0.25378145443735156,0.38618912749618556,0.25102007890111616,0.23635852233117188,0.2417764954154993,0.3261998243872821,0.3320722975655392,0.22025864621932442,0.25902385832090413,0.24662969264411694,0.2625450672469503,0.18058697593175288,0.23377859955561506,0.26744084271066637,0.2748897511416322,0.2834933256076035,0.2850963509629957,0.3706374233145939,0.34760945265559806,0.2537831164623608,0.3193698847630002,0.24265143068067702,0.23647440466647665,0.251459710010568,0.23832100618037771,0.21725562677937152,0.25537093719335147,0.25926000256544307,0.23927309860953672,0.2901338455935653,0.1921470032255639,0.31192151180822864,0.20775431028496316,0.2931592286472398,0.22095128327668628,0.2523966967537136,0.2896299930960733,0.2917844103195364,0.2747677034704611,0.2984917573996629,0.2627313159560346,0.2498568843151664,0.22782457143321716,0.24010961711819306,0.27485096472611503,0.2664308238784238,0.2490247472818606,0.30162219224845566,0.2760135745427061,0.21746941619919594,0.22507372091367467,0.23336633431378426,0.21974608666329218,0.30294682982735543,0.2218163975908973,0.25983573133553234,0.20173779067176678,0.2559872680559886,0.23206794173935227,0.2923808782853898,0.2630499209747116,0.25525521043433097,0.3013866984024408,0.28393134308785656,0.24204342163739778,0.22591008936468293,0.24397958227335245,0.18014288461523895,0.22510978637535461,0.24996211495126772,0.2801064406460464,0.2741839256543721,0.22702459374026585,0.23960939255693622,0.29396589808859763,0.2468348867221935,0.259777731151197,0.26252440311037345,0.2866127750154557,0.2500803836763912,0.31658453212031945,0.1836754391495311,0.2654091929803192,0.24947114442693474,0.22997482312939313,0.2550866667725021,0.3192306413764201,0.2880399944525587,0.2381682928462299,0.30176268053534844,0.20463724964621985,0.23218437378734183,0.23547510019676887,0.2554714477017374,0.23044589725667206,0.2254377593825619
0.3017590477287215,0.2665066790653954,0.22921188189373903,0.22146582577905075,0.22331422777412396,0.2207049143628342,0.2222157832738587,0.270578234966355,0.0,0.2283562719237722,0.21706037642796625,0.22026348951552743,0.23402683464510762,0.2795266961892983,0.24264656966496922,0.227715741371143,0.22515717675751762,0.28444768534409376,0.20639859908056934,0.25877635216434985,0.22389768472516405,0.32140863108393775,0.20395386746490393,0.21093178311718946,0.23554659026082608,0.20052121302485348,0.26014891383287475,0.21925899979859784,0.19437185053562606,0.26921415600752163,0.29652953380175373,0.23023379951209658,0.23817136836983513,0.1863559415960286,0.2650302557014791,0.2211072565308423,0.23588012081136103,0.29614657730563565,0.2162091511294352,0.23778196634695148,0.20952548338857818,0.2964117495383485,0.20827020775894906,0.2163814479251856,0.2530314888769802,0.22324051553596533,0.20854657483725367,0.19094767158540127,0.23247906494267598,0.24476695523930422,0.22834083748037878,0.21138591950027644,0.22986758687678482,0.22656696312021476,0.20526066997054834,0.28823276801310016,0.24569244479726013,0.2363045740411026,0.23297685632828521,0.21990808756371452,0.21406758358692715,0.2092180276782995,0.2113188442100053,0.2126289375969151,0.2361678007833478,0.20846611444137333,0.265110470688703,0.2573389096868849,0.23086956958972218,0.2747770142120925,0.2920913089562795,0.24872073072415884,0.26006285434697174,0.23855778910227957,0.26273563710521547,0.21401941202423977,0.1999983438924126,0.20902228039822138,0.21861177059377604,0.1760741733569762,0.20066555093389132,0.3363639861162967,0.3053304182156974,0.21179512909568396,0.24434348591306593,0.3109030214954771,0.2361496338865671,0.27111563078975304,0.2387622597950054,0.31632660068287427,0.2728033395056696,0.28177069384575243,0.22551139937218542,0.2089448685446534,0.3019118158140358,0.2668844134596751,0.22529643397835628,0.22589991095034206,0.24426076696524746,0.2359920487777221,0.2384464606798891,0.188744976794825,0.21377689204802594,0.20419427900615314,0.2729888742676797,0.22531560544149817,0.18928332147520063,0.23994148995514075,0.21640477105198527,0.20168671361471885,0.19241205944388748,0.2560501502496251,0.24542717358695051,0.2821596816601279,0.2196008007471283,0.2717851146081238,0.21570473407255375,0.21167979420440067,0.17508874101562533,0.26206938921746825,0.24805291876384367,0.22962126810865896,0.2097358509790022,0.24527985264212745,0.284256364547219,0.20580432200708487,0.22819067046358074,0.22203768597241105,0.19299814121217032,0.26145677936489536,0.3378471526349734,0.24695651332491314,0.226399777104976,0.3056014184979413,0.21909215087212397,0.20712964319653449,0.2239727595975531,0.24222753490308116,0.2504806975352064,0.26037719200141707,0.22039546131534568,0.2366349201268421,0.2961979525577847,0.2713088405658131,0.23598763642506623,0.25435086761289755,0.34240053448983,0.20988914594545913,0.24568025060214538,0.16753160801532324,0.26300974940100313,0.22571090676146788,0.24134677836224547,0.2328941933662175,0.22463869591176017,0.2806395222829877,0.22180139852211583,0.23884892326018156,0.2491655049165115,0.22014747014682415,0.19218343063064627,0.26185156421824124,0.23877943313666866,0.2762170846340915
0.2568942953026283,0.3790775477354927,0.3241553907957386,0.25685015646004244,0.21247519707265292,0.2839603722988347,0.24929856514572055,0.310819163698861,0.2283562719237722,0.0,0.22576101033940005,0.25433453114041027,0.278304229584027,0.2320632262016616,0.24737491739350825,0.2541937578076241,0.25958616184956596,0.26332341148770433,0.2568223043400359,0.22950190576571255,0.25886781936939307,0.2601820382666227,0.2614981712110894,0.23232613348423953,0.36156900905393397,0.19796737388813948,0.2365497072549938,0.23894329073359508,0.298294423673284,0.21398204199102158,0.28031891290146554,0.2936455621585198,0.22833721164107085,0.21730825835555484,0.23480831256346052,0.22429017069777663,0.26273856939165735,0.23059555289506167,0.20180721961095896,0.28557708340497084,0.2171762903038383,0.2903999792751959,0.21566051754143392,0.21433190775880293,0.26442955671383406,0.2328760126272965,0.2198786297526834,0.21375842778942464,0.28600517982449575,0.20833935222011046,0.24761349699778337,0.22084230406438615,0.20590128001150268,0.2578395461423268,0.2495734653964397,0.27677562422146534,0.23484825058775854,0.23958049076600876,0.27810002236339276,0.23180664247635113,0.2613202838702021,0.187873719716987,0.21008449895801282,0.18797806441540815,0.21065340529871518,0.21408283529183106,0.2352764368341999,0.24146500728406387,0.2283547586122007,0.30090885626712266,0.22976201086477105,0.23150854595889162,0.20898265426272863,0.2960592357689184,0.26083285113559934,0.22840285204643032,0.22520898651579607,0.27182344816124343,0.1984197864416162,0.20202113065808183,0.2582656121584775,0.24371719256184252,0.2933041586517714,0.2326857393310762,0.23908336630675978,0.2842227580265291,0.24529537743813087,0.237651365422551,0.27711669543702255,0.21330034885092886,0.22151298003723438,0.23952293074262096,0.2436561050043037,0.20423350425803558,0.2507180346397374,0.27408719239591467,0.18237207772266137,0.2645117107304744,0.19106557768361052,0.28148772022071167,0.20763452888658837,0.2308978840033872,0.20075593004759645,0.2798972710099656,0.21963347506034755,0.23427906633259196,0.2305758381987809,0.3313375639268938,0.24998118778897893,0.27220215622186705,0.23098298189879077,0.20848264042433928,0.2577048661889206,0.24436915955944605,0.21374712702147527,0.28335405505217137,0.2692211444380434,0.2610181615722807,0.24687772085073328,0.23166001945246714,0.2024225373951726,0.2169703840287602,0.20595129597375125,0.27945901738944995,0.1982779027445877,0.2938306141693549,0.22410799850702479,0.22642160033732264,0.27758059900835164,0.23795513726843773,0.2911810179216198,0.24934881920300522,0.20837688288819678,0.20905561237588685,0.21806629346254613,0.1887754542740558,0.2202126973352344,0.23990765345900694,0.26849624802227107,0.25203315938671816,0.2216965118199346,0.2527611935628903,0.28710531264315126,0.21283117526768872,0.24002144583811483,0.24039637777001446,0.22833908955576224,0.27758864472499895,0.38663684453800296,0.1803082961655837,0.21548134357588675,0.2684399210789174,0.21144714643048484,0.2668530278301163,0.28233000922973306,0.26015536089084934,0.22950185044840912,0.3131787427299318,0.2204535654448287,0.24785600529324367,0.28554521603929917,0.26481326590724,0.2341319258987184,0.2288370266760349
0.2938977370968618,0.2504434043154559,0.2737045316793392,0.2627760691243698,0.25037325282690237,0.2662202700440948,0.2397456833833895,0.2319543209052179,0.21706037642796625,0.22576101033940005,0.0,0.2876568562127151,0.2946010340326542,0.2264253876023155,0.23053069693786732,0.32833567469188885,0.2994554748615136,0.265656011140036,0.2809640907303271,0.24828655236603067,0.30651497138895534,0.31147493854823244,0.22848398346513762,0.2634092972574319,0.29628800637711783,0.25541053041502715,0.24843285755817432,0.2568959879862221,0.26796262867880527,0.24385768802909905,0.23541931778793587,0.2949485513979709,0.23463325687615866,0.21062617196807934,0.25368796136681443,0.25738922780340334,0.32449083612524443,0.27476123043876655,0.2835157524323569,0.2788595526462015,0.23835492695999252,0.2714889042371635,0.2539925104809579,0.29457739047365294,0.23815339471968106,0.2179529862176824,0.1814344343568482,0.3403068589043032,0.28851229439734527,0.23657751686072534,0.29803605004707284,0.23274062527314904,0.19348710856956827,0.30499993627776084,0.30580773050116977,0.19618659571422783,0.2819512618790283,0.3393420227761889,0.2474466072523044,0.23897307107238225,0.2654239845480007,0.1757148114460057,0.26823028682141603,0.20428111691272502,0.19368623809809482,0.22075599524045353,0.2575858011254218,0.2390391928721545,0.25928079976031565,0.2823269650992601,0.26000486853970456,0.20617283040019757,0.2651209507327417,0.3140744815111699,0.2905623554148074,0.21751938632292875,0.2946789330247362,0.2581694059148354,0.2068016926941047,0.20072297226573482,0.240801104138252,0.22947615105809238,0.2359062085816068,0.241227501181582,0.2312164761316736,0.23872709587605204,0.2769391147015939,0.23073766083571284,0.2130780221596964,0.2023903564854546,0.33532591479897794,0.19685164148384135,0.2984880522805227,0.2396406456606012,0.23336057111891745,0.24421720921564363,0.19022778031464727,0.196706238505455,0.1853216289121889,0.21654473852235798,0.22915039594760875,0.25154632852973485,0.21339404414785493,0.1980421581763962,0.24191112267828838,0.21050570757907539,0.22307774463367516,0.24518181459642815,0.2276544383836926,0.2831111917484146,0.34654464559840925,0.23503947838268516,0.2519429747359999,0.25360931438138806,0.22304512503844293,0.2464284364164638,0.2261911137468213,0.26817469307280956,0.2649346204344939,0.21621178675705682,0.24927568561774446,0.19960003284087524,0.23066985622361225,0.2829005560404271,0.20633600464029453,0.28600700810260427,0.18613589797058122,0.2388279910546921,0.23610887755844778,0.2288195994964607,0.20078555513055787,0.286803838811865,0.24198759620494148,0.25082785077399156,0.30806666607015926,0.20007302923209863,0.21888885208080203,0.23704603930380283,0.26770655829949364,0.2654572603351085,0.23306974415558537,0.26853326826369683,0.2248355575005542,0.24019467620209906,0.32592465968009504,0.21409669598094674,0.23449434879434256,0.2147126044565517,0.24033404898314792,0.19248303092028968,0.3021769721540462,0.2263284179192827,0.32874068372933013,0.21124542173493724,0.25609829513114857,0.2657176092771125,0.2715235861559992,0.25487633526268266,0.2354710694170175,0.2377944847131254,0.19972110592145054,0.26167667959760443,0.1934282048078292,0.36759689766708126
0.2409349271357187,0.295406688927356,0.2557687210611001,0.25618295005217334,0.21105127731000853,0.2681916242165597,0.29972839540319907,0.27357666326998076,0.22026348951552743,0.25433453114041027,0.2876568562127151,0.0,0.23797634795470643,0.17458857372726733,0.25967047629784706,0.26102653257442104,0.24334598942731675,0.21703758445446353,0.3176345124996668,0.2231504714545034,0.29797409497454197,0.25714961911969747,0.24947720815653396,0.28181790948099034,0.3170922026022721,0.23176190460975576,0.2437608370074316,0.20645546336958473,0.23592639686675737,0.2563181265562692,0.27564949767956365,0.26619868920025935,0.2682259139205897,0.2461037190572487,0.21367441225508255,0.24819744982026065,0.2877410555620368,0.23537839630130705,0.2971499279632994,0.27746095143287236,0.2697129634153338,0.24668952200337707,0.2420249910798428,0.26115017648161215,0.2721522809297052,0.252925701517325,0.24435512677113597,0.25468214744515805,0.272138694493217,0.2276318116808673,0.2876686819188186,0.2507320067008569,0.1834400594996366,0.30725987684947553,0.30771109982569866,0.2194726879660512,0.26626965967468563,0.323243150539571,0.21122074596850313,0.2404596765182577,0.21103485132127028,0.17495311685635317,0.2292712287781383,0.18800122384923848,0.18793557897025923,0.20322024949000783,0.21870326152207395,0.219930914337617,0.1979752566253747,0.2253030701792873,0.2284176755093286,0.19196531375091222,0.19205728488426294,0.2658039551882854,0.2232580525448982,0.2007875006287716,0.24740186755770294,0.28803503783078976,0.21383981716346442,0.17386894273163064,0.20289014097876623,0.2405600922018663,0.26720882505527144,0.1917814333902732,0.236782131381048,0.2782340772307623,0.2188435631135186,0.21549875300453444,0.2540871376411539,0.23234548528274077,0.25731000258017095,0.24741669101064276,0.25837325820869816,0.2201590582300361,0.20371880349694615,0.3266683213800553,0.18315516901875867,0.25802018205859373,0.17363223152372137,0.23498285098872598,0.1951365606896431,0.23027662989724318,0.23317197895393532,0.28211788462382364,0.21455577518872904,0.251887036869106,0.23693575379783693,0.23782708445132683,0.25230770567632194,0.3052882377554499,0.3528572966846719,0.2379921458246858,0.2050328817704159,0.21558115153235397,0.22191984481085442,0.2640495058014063,0.22750524446331127,0.2659478864315959,0.24045310428949504,0.18736429713146313,0.21573604953506856,0.20482474301478626,0.20112475087830875,0.2805788345117165,0.16866547972532767,0.3359056335087323,0.18171699065668864,0.30214597650575425,0.2593289037407501,0.21903711521063282,0.206796032533758,0.22273705771568672,0.18586413101206903,0.21571491786516614,0.23870369354595108,0.17050555390156674,0.2577961802718446,0.24867756205281982,0.2501430273149842,0.26772402712222876,0.2000178691551476,0.21467700975980958,0.24872652164810224,0.21899665072257515,0.27169123137889434,0.28527079965961866,0.30739990548008855,0.22746011369856728,0.28226477976783565,0.17381367873163703,0.25226057643406563,0.22337529647962892,0.24902175082820377,0.26528671295918216,0.33970172322978504,0.23201448819655687,0.23524487543176292,0.3028691766328305,0.2017421389700514,0.20997140688240445,0.1798784728395479,0.21228892858770446,0.19034673930470994,0.24919089517823903
