0,1,2,3,4,5,6,7,8,9,10,11,12,13,14,15,16,17,18,19,20,21,22,23,24,25,26,27,28,29,30,31,32,33,34,35,36,37,38,39,40,41,42,43,44,45,46,47,48,49,50,51,52,53,54,55,56,57,58,59,60,61,62,63,64,65,66,67,68,69,70,71,72,73,74,75,76,77,78,79,80,81,82,83,84,85,86,87,88,89,90,91,92,93,94,95,96,97,98,99,100,101,102,103,104,105,106,107,108,109,110,111,112,113,114,115,116,117,118,119,120,121,122,123,124,125,126,127,128,129,130,131,132,133,134,135,136,137,138,139,140,141,142,143,144,145,146,147,148,149,150,151,152,153,154,155,156,157,158,159,160,161,162,163
0.0,0.5597023784216092,0.49110348498527795,0.5251289873977473,0.48026867844001725,0.5704145360769837,0.5454481177855235,0.5774249291997592,0.5876139152163123,0.48869694576464445,0.5677983243146557,0.48344038434177355,0.691436617007162,0.5665610648810416,0.5719452606949221,0.5700602083342952,0.6222074276813239,0.6849551382703558,0.5337723678870694,0.6589544104696348,0.60242332758063,0.567638663617328,0.5715138953858419,0.5724820568675247,0.6145107467970818,0.5702620570728103,0.5258001583088373,0.6552040526820724,0.4315501041500748,0.49517415360524525,0.5863550978192074,0.5971332132144251,0.5051989966081496,0.5990651022157389,0.6755486258336495,0.5026125746019543,0.6958235243458086,0.578422833227063,0.48690249377164524,0.6068238723658987,0.5008981796447245,0.6593505050638492,0.5752032190970298,0.5624264392631562,0.6149183872263424,0.6085471259004962,0.5212111153658904,0.5146723804668487,0.6555571213981044,0.5556130574146328,0.5838264277059177,0.6182949386782153,0.5376520032958098,0.5390378227536585,0.49357539973093345,0.6322394766474471,0.6356222235415644,0.5300587258370324,0.5298382128233622,0.5594957407789912,0.5974046245220425,0.4920160872469495,0.59144041969379,0.48996683982317274,0.577619174188112,0.6015378369996675,0.6241372249267372,0.6249671561821396,0.5391455181913045,0.6446650916118275,0.6995096376308662,0.5709810171050611,0.576025418222261,0.6345350268166529,0.5960154970053444,0.6711684284391137,0.5596513754783328,0.5330301714670796,0.5523880087163138,0.5022258884476312,0.5868603442345008,0.6441063777893091,0.5435998544291156,0.5758926885266391,0.5839228960768241,0.6275212181471496,0.6620241037528015,0.5324530135345585,0.6447448869303924,0.5406100117655842,0.5757210126336844,0.556577595256565,0.5216170073096156,0.6291038098576901,0.5970042434499322,0.5191680533226348,0.5197216099907139,0.592407923230848,0.5154062552987859,0.6233235305196544,0.5461098888318966,0.5332781973093811,0.4943888565866135,0.45087200140462086,0.5791838769924501,0.6086509388274036,0.5382962370738521,0.6289247817720941,0.569086271531845,0.5705585941697588,0.5871525734662715,0.5599027327905552,0.6405745190589326,0.5437508415234493,0.5886567122046455,0.6352000307885299,0.6484711416714639,0.50153859203886,0.5124368687665853,0.5872393989194798,0.559794161977398,0.5294854503315631,0.6607267269219654,0.6259457665628673,0.5859939374899755,0.48919918602809037,0.5075595663395104,0.5189377252715333,0.5110461477375103,0.586798736521183,0.5500027000327167,0.579023778042809,0.5502039273943969,0.5776818346166926,0.556649642018426,0.5683261464428634,0.5385991422650322,0.6034497974496974,0.5454732470807696,0.5288474802106234,0.5031307766103377,0.5604722469208039,0.6302705742771579,0.519430051724577,0.6017228348576522,0.531494771578492,0.566180028739401,0.5245210361509747,0.5373121228413116,0.42918527265103606,0.6501527059807622,0.5179404563111994,0.5588117358373649,0.4627585311563512,0.553291208369161,0.6592966517974864,0.5914226519793698,0.5855833032351639,0.5355880848723241,0.5963476045411684,0.5894782009984949,0.6323814077769229,0.5191484008339433,0.661980701069311
0.5597023784216092,0.0,0.579796267262716,0.5126319913913997,0.4654633167127149,0.6357166820483294,0.5249380814812432,0.6904158545782639,0.5487952577333904,0.6509379086282994,0.5852589544592496,0.630831884758338,0.595042702864231,0.5007479910744183,0.6269848275643785,0.5864950942799864,0.5653720897298732,0.5399557150240768,0.5901868389827293,0.5725716917619792,0.5724313875892652,0.6554087874764571,0.5474421053249051,0.590211246943664,0.6793230744488394,0.4745366662874198,0.5484491455581489,0.5781473664972384,0.5646681582285455,0.5166492811024286,0.6879707136628921,0.565559814735683,0.563905303849661,0.5446302792395353,0.5746254786663423,0.5283590951368485,0.5982636603045336,0.5554525903905188,0.5840657497263028,0.5446944752417207,0.5528770179625452,0.5729068203798392,0.5157742416726646,0.5443041305759094,0.6181113717510773,0.5387729881151354,0.4894357572875499,0.5164720928783332,0.5771559440645436,0.4958389387642174,0.5062659598519856,0.5151157933808629,0.4992299566126079,0.5939141620200137,0.5471870130833941,0.5914441921737035,0.5276682547179038,0.5804967980326188,0.4717279197888712,0.5296789309671553,0.6058555051330118,0.4429470197242113,0.5031727178227544,0.4694877013408692,0.47154071656684565,0.47749992349254633,0.5136825522598688,0.5198766079895304,0.48540441320419386,0.6305913960981127,0.5364713099247707,0.5020573237387913,0.4418501928467862,0.5479306401206768,0.6056375184365376,0.5431576607836022,0.5022164221824723,0.5559369104783516,0.5090724074453832,0.44768022683239006,0.5523314095146509,0.5297752386159846,0.6120001497607883,0.5654171880118205,0.47826978199973247,0.646552549655859,0.557184434204467,0.45300039344499277,0.5960026157410252,0.5554929439039755,0.4909244153098132,0.5400147990577822,0.549827750180721,0.5087180723049592,0.48838473591853065,0.6903715397382757,0.5127710869010452,0.5931707697112846,0.45036702950136304,0.5247887476746053,0.5436157454769801,0.5180977331974466,0.43374902862940773,0.5502802084794245,0.4967838184641037,0.5370645648100604,0.5101359881706532,0.6572329581667772,0.549947950789436,0.5972810034894357,0.5491628623750416,0.4705174081549303,0.4888443691063037,0.5280739367144194,0.5065107353551205,0.5673136840953904,0.5738185621435955,0.5480470890439577,0.49459876737921643,0.5179481342307102,0.49179069691227223,0.5049044770232753,0.4999690491416423,0.5971764984193911,0.487043190193756,0.6569313023577986,0.4343744879423958,0.5929906527307677,0.5888536458164704,0.5458231539653301,0.5973153188795268,0.540832580974876,0.48457843914062415,0.5201765994562104,0.5858315597988009,0.5057579604548084,0.5906274006662979,0.5593806889652333,0.5861227834162582,0.5562970369967059,0.5309633598625529,0.5449531981702433,0.5517547035583866,0.5031140800894012,0.5956809224883247,0.4445775330739614,0.6160457716394973,0.5958488039286883,0.6694329061203945,0.460149589198606,0.537766515633746,0.5550638535710442,0.5519346812426212,0.5019986796671972,0.6269315764912408,0.5974029682578033,0.5494377622243246,0.6169660159161774,0.5003473822251034,0.4720441542512218,0.5717150045415319,0.5350287730330175,0.4941609191309148,0.5305845835959414
0.49110348498527795,0.579796267262716,0.0,0.4555276940242209,0.5355493175526796,0.553332048666497,0.5179862681040296,0.5264722267976466,0.44052310791786675,0.6329718925115043,0.6029387248085747,0.5716704694833898,0.5589682316376385,0.45124727306127477,0.5504863347992174,0.6479796654335584,0.5768914778816563,0.4981422364768456,0.515069186398881,0.49569767645262747,0.5878555394371411,0.7046307170073164,0.5045879371254909,0.5628604033388878,0.5732133921786238,0.4758932841764424,0.476433697694594,0.49702521381631926,0.5636392439192001,0.49168487165320207,0.5077219756526405,0.5799367471745038,0.4763019602477681,0.4792471546766307,0.4774583667066356,0.5013357079617933,0.5451111522098021,0.4860545410265542,0.5340314972123058,0.5200302074229192,0.48868879260129655,0.534595553567454,0.5478348151822287,0.5216363768878624,0.5318696227749462,0.49275563697635644,0.5149992327828046,0.5584027298530687,0.5573328328260472,0.4963217963279382,0.5092800410051525,0.4858971287456828,0.4476457227593904,0.5721380868957145,0.5602596360153862,0.47382348992403844,0.4862548886633559,0.566597763233872,0.4720833735189024,0.480145910559092,0.5149399180939414,0.42366920829483734,0.49991082599941083,0.4568287147800859,0.44752569708653167,0.4486918476962474,0.45924590944669064,0.5311171383922839,0.5137355806228993,0.523558225384108,0.5031258766259448,0.44533595120751207,0.41871992862446694,0.5594994294699699,0.5243450168743837,0.45394091845922296,0.5419365698610389,0.588591317267839,0.4415807300662991,0.4155851060501106,0.5019383886486704,0.46605131097693536,0.5358079698300975,0.4703503323599773,0.44274870338132233,0.4989921931263374,0.4767036761754138,0.440716142884152,0.4822769384385835,0.434428511366823,0.49239528289494955,0.4557330659853751,0.5651867152228575,0.447293052237187,0.4493466823845348,0.5538913139247805,0.4516769287804333,0.4864163685973047,0.40899216158938684,0.4616082662351088,0.4536687232097481,0.5364525724448006,0.412548090804547,0.4874542173241228,0.44777078428571926,0.520086082169208,0.5111564895029372,0.5394638422238519,0.5262385031752725,0.5711644226576605,0.5448103084741355,0.4429734132750734,0.448471777668575,0.4550834269135567,0.4464768422194538,0.48851871915816,0.4748711862060627,0.6561055850586818,0.5244234507306675,0.43012329245844294,0.48284171936225534,0.4371749645080618,0.44719788652253323,0.5326855175448985,0.4144410705175397,0.5847848810291478,0.41965556485799854,0.5611151320508886,0.5503501690423478,0.5066189368577139,0.47323842745018013,0.5475097399915194,0.4105202877065882,0.4258018967453486,0.5332410486121626,0.4769411748843584,0.5062242203776505,0.501313485538127,0.5429579115757336,0.48870852441242213,0.44553013205158676,0.5279293395478072,0.48003768381346856,0.4769508530053813,0.5411009516415084,0.4372639042410517,0.5346753122960444,0.5372644145130391,0.608481682372023,0.42548245352827185,0.4498432741607661,0.4667286288844408,0.5389458013603416,0.5469396714560185,0.5343273689615171,0.49648957893781104,0.48608888056386257,0.5530646560562502,0.4215059963989124,0.4583288086192429,0.5129023085190835,0.43620251309316316,0.4301212684107334,0.47634324814157014
0.5251289873977473,0.5126319913913997,0.4555276940242209,0.0,0.4684786549113959,0.49937994987741563,0.5801744059604388,0.5200463109229917,0.4606313921420497,0.4727451845756397,0.5246348960508928,0.4890665996736905,0.49249778476659184,0.503195830907226,0.59159404292374,0.47499827521866284,0.5267214248463326,0.5420755574385949,0.5467837874059994,0.46907366177567295,0.545791440466348,0.4986007003537421,0.5580798224061863,0.49474527660299866,0.535762350625002,0.5343193159217839,0.5054010364314049,0.5543704494675739,0.4562070429988348,0.42556356017547203,0.5402605448438956,0.4929034684381897,0.7063038793367894,0.5362286425940409,0.588126205201246,0.5540155912822637,0.5102698523364728,0.5268612511675127,0.4937395711786126,0.564305730175783,0.6026243187826558,0.4933389078582965,0.5204299922968987,0.5917893430730788,0.5230593216718478,0.5111637795885015,0.4489655729639446,0.4681467069868847,0.5683496655247358,0.5067274347970134,0.5794645635916568,0.5880465325280092,0.5135237350514261,0.6273420256497647,0.5474270426555143,0.4692914050229095,0.5235163500202827,0.5342607477266731,0.4937940626005685,0.511081729630373,0.5225385753202207,0.45617891850961634,0.5627650490081861,0.4598186797340742,0.5012350949618691,0.4849484651904239,0.50766279095347,0.47545271012782137,0.4883089716284372,0.5595602662659418,0.5228234092741321,0.5134970772302385,0.4908305631200713,0.5561633193967828,0.5185800405016441,0.5093049861362099,0.4976245068847483,0.5171703489882218,0.5210311793841137,0.42777681355553154,0.5135449609186978,0.5787018936283391,0.4590373906756131,0.5111966874701475,0.536654458595745,0.5190894152297127,0.5137870440701551,0.49913807035567,0.5348236873193504,0.4346909162729035,0.5793119030495398,0.5800332777623111,0.5413717307062713,0.4993735438981789,0.5596047780800057,0.5196469233326069,0.4779260802986886,0.5677260005102782,0.48711673418932033,0.5531560552105866,0.5042580876421883,0.49165772820311476,0.5826134937364806,0.528511110398545,0.5478608293503202,0.48353383463426,0.4993901022108267,0.5200118723700319,0.5395088607516237,0.45316472213518777,0.6041509758548251,0.53740169129407,0.513881779280652,0.501166302482962,0.5643225408911997,0.5117797781762925,0.5561349179449372,0.4563140228788704,0.5478180314824466,0.5649983602372545,0.4846050086199977,0.6127716465377155,0.48168339773223035,0.5498153669894049,0.48252267150946315,0.5148340970074101,0.47151372787281953,0.46135985935359425,0.5393637860847436,0.5302429059727916,0.4421784591541874,0.4781069284770159,0.45411049241201634,0.5422866816794308,0.4795088586889646,0.47623417646491056,0.4264835397086293,0.613082972435459,0.5143630310195471,0.5100966499826326,0.6312897317529115,0.4771171372107642,0.5704913757919154,0.5334315692293965,0.5331711541719351,0.4793982457836261,0.49171108209506453,0.4975923802528431,0.4802084624415665,0.40493862956778076,0.5738191246881885,0.5573269860905695,0.5079968006799374,0.41926872944525906,0.5810472869077291,0.49925206211682,0.44862779790129215,0.5197977030880377,0.6505759943304755,0.5344782925451895,0.5711153626449643,0.5372860173100606,0.49628769840918135,0.5323228978883001
0.48026867844001725,0.4654633167127149,0.5355493175526796,0.4684786549113959,0.0,0.4805400712480255,0.5396897115977691,0.460184532714585,0.43329095925211375,0.44349819737109086,0.514025638206997,0.4928969208060363,0.4830509648067145,0.4281965576779343,0.5289939208143093,0.5623338293423344,0.5630559024502805,0.49363498976205133,0.4727976105684116,0.4384189960576445,0.5851055089462043,0.5345756162596181,0.5098144619312651,0.5235080702605507,0.46920742475867283,0.5379785725273887,0.45383382377976456,0.458364040397842,0.427326894740501,0.5273774348597569,0.45841448341576485,0.49955661477196567,0.4742512160703709,0.45785084153608757,0.44873802238149696,0.4738620074603314,0.4903246553812683,0.4762539671671046,0.4881995989808258,0.5275312451531359,0.5014974307660627,0.5245283363074206,0.5478090580163474,0.5171937527692377,0.46327967571232337,0.5026602455488329,0.567519743717501,0.47342943731462195,0.5220220575299468,0.5103687805320585,0.5595458983367684,0.5504048613296746,0.4577825092750082,0.5113686099706605,0.4795077788003654,0.4542476495528436,0.5054945314421004,0.5801996377173252,0.43435571293662883,0.4834674003831483,0.43541923232043783,0.4528788005395237,0.5351865281557959,0.42333764320865275,0.4619633570751895,0.44377526486989305,0.4338464318513009,0.5217687198850895,0.467673645461206,0.47666811469231046,0.524498315892627,0.4363523148496963,0.41532014811737067,0.5466261339485902,0.47596602930591564,0.43479803623973845,0.5404971507551708,0.676957273367331,0.4525904378859335,0.43892710419872005,0.485053984293786,0.4943324132779658,0.5202369962638691,0.4308919059873377,0.4720259456991997,0.47507824211632976,0.4356308745078811,0.44458411703459255,0.4585259032041762,0.4172124606747088,0.6050736580929702,0.4585929918780184,0.5508831665876236,0.44585430280271127,0.4711154410252135,0.4604625102896526,0.4202799913285027,0.453593635331946,0.4289785211194219,0.4531805306263957,0.41933741755453724,0.4841371574794677,0.43735846147957946,0.42395800520250787,0.45435094754909894,0.5452917527561951,0.49471985113010625,0.4736216594324953,0.5359351122799033,0.4669909422218195,0.5315267934270332,0.48141382510452385,0.4290590433623561,0.44602857174690996,0.4671915041424596,0.5237214548476716,0.4555121045158753,0.4859637322508309,0.47329605145849085,0.4441643768873588,0.552758891878766,0.46609834438621633,0.43219607249241115,0.5587013448095659,0.40474876329529197,0.4700157702512618,0.44904531804549,0.5236051830498614,0.45741228673759315,0.4861981897191814,0.43691435521861177,0.5473234661477289,0.39631800098233977,0.44167404807287697,0.43525258904903885,0.4615893258974657,0.45394488158193974,0.513360690830802,0.4526404133751197,0.48907163980872254,0.4079684261273932,0.4795220470839004,0.4914980154107359,0.46380417874839003,0.4978241136388858,0.4463994352414473,0.5498247026257238,0.5144498787299145,0.4543074716890318,0.40247275154525375,0.444105537821524,0.44465403750079263,0.5157319618067566,0.49014746979720497,0.5015259800788031,0.4517310708484758,0.4345171735600779,0.5521758781800488,0.4114323705849185,0.4974401799830808,0.47203621463797724,0.43059867127380397,0.44259540159055744,0.5148408263485599
0.5704145360769837,0.6357166820483294,0.553332048666497,0.49937994987741563,0.4805400712480255,0.0,0.5040034490944779,0.5672956274286147,0.504467376632466,0.5440902392296918,0.61301765390076,0.5970939027122899,0.5775014997572665,0.4647051283905217,0.5510232549257927,0.5843813534895509,0.5519404317125207,0.497574994816957,0.5775861951486623,0.531306778247712,0.5808771088564892,0.5921148973700912,0.48069418244981543,0.5639076500897058,0.6384743282440782,0.4856056045751454,0.4511508999993271,0.5318047682916307,0.5264014925808721,0.49972565861209395,0.6016712973994559,0.5612398412507769,0.5319998865422202,0.5215354315798203,0.5543885129309294,0.4895171692367215,0.624991097814744,0.5165711362281356,0.5371173189239745,0.4957037087605369,0.5132071873422678,0.5725283732242257,0.5128608129432142,0.6222880758445299,0.532025585596393,0.49110206194206607,0.48489938433043284,0.5908274284061775,0.5355523599405438,0.4703697731866879,0.5073698887767553,0.5593280896939036,0.4668735154319502,0.5815286460806051,0.5276477671342895,0.5774537770253337,0.5130150229930501,0.594017287985073,0.4379974799619147,0.4744848312569189,0.5794249129518246,0.4344315294614142,0.5410001115862216,0.432384341819525,0.45881244431628,0.4716790341240712,0.48405777743162937,0.5393903699671386,0.4511666919661822,0.5865486777900943,0.5460472994562411,0.4652063900765618,0.44919431508159574,0.5251714007683622,0.5638529318377895,0.5313487174592457,0.490757688453275,0.5527555985694808,0.4835342797375188,0.504376011855168,0.6047425195455872,0.5108036030540669,0.5868110676082225,0.5504111648711201,0.47390863913215275,0.564836232508516,0.5884015218620013,0.4315484363113594,0.528487685249114,0.504141131298393,0.4939347326444126,0.5099771919929293,0.5210372965652241,0.5077430840144083,0.47184062681995953,0.6859075563844848,0.48651094625623625,0.5721205011272869,0.44020985352731046,0.48858614465604927,0.5100821715437722,0.4909869539957816,0.43087521605839224,0.5119392032026961,0.47991216971384826,0.5112071745484641,0.48299910163300314,0.5891453722245975,0.49426643955209937,0.6178088576471389,0.5871735834108248,0.45784477062734774,0.5213187018049198,0.48004729155089354,0.4938131968907266,0.5416350079813851,0.5630008568195323,0.505625114156081,0.5391491574725815,0.49652987426871076,0.48307478288881694,0.48599287050114504,0.5315641830389423,0.6074088108383002,0.49813130536323413,0.620341962108033,0.42148745206777694,0.5320892123226317,0.5585842033391216,0.48773708451171166,0.5273956103026438,0.5544041734909847,0.4730971540699869,0.5213875241756218,0.5575643389144885,0.5081636200940765,0.5692325328055771,0.5106265840849566,0.48557188890543207,0.5018795709742481,0.5237045213836821,0.5380673678614974,0.5047890232347976,0.4733795880223174,0.58832660158736,0.44032985260292945,0.590472652767941,0.534410448566387,0.5815717787622072,0.4396670659685577,0.5393777004382638,0.5306444680685168,0.4932367600733327,0.44014107629865074,0.6029487424680919,0.5564785685263104,0.5332134131478302,0.6419085725985773,0.4912269978414293,0.48794892341609664,0.5250500658376941,0.5505349085813163,0.45887655724392495,0.554170314313924
0.5454481177855235,0.5249380814812432,0.5179862681040296,0.5801744059604388,0.5396897115977691,0.5040034490944779,0.0,0.5108424774082734,0.4666567495289424,0.5148990639232843,0.5067580021323358,0.50385263919251,0.5445404910902976,0.4997176364148706,0.6294435257684953,0.5074276867176721,0.5393431328086934,0.5505925083579749,0.4871234204963733,0.47065068855014097,0.5675321777590858,0.550920347482768,0.6099826457837801,0.5472241120894867,0.5513797241616689,0.575797623192257,0.5108106807077825,0.5044539426006711,0.43838551480934096,0.4569142696177717,0.529781274261963,0.554350484452675,0.5642380253100812,0.5566909418337638,0.5382914554225539,0.5293623136303794,0.5603610510462252,0.4758453996263384,0.47182044772386506,0.6238407458578544,0.5090875585534326,0.5676969721205466,0.5554849745385704,0.5560261824813616,0.5720294198139081,0.5487668919752351,0.5818853680204595,0.47953863273318803,0.6422324503991818,0.5276031262124123,0.6170186131953381,0.5681615455341226,0.4747935532658138,0.5817989565717757,0.5244083867017233,0.5233623482639288,0.5061728407580621,0.5219167815196043,0.535272260289775,0.5206211725120435,0.48837739209466885,0.4687857487514103,0.5210288705499238,0.4645177350484873,0.503726555772669,0.48335653878087376,0.541387080549063,0.5932772588371655,0.5174775055233299,0.5190827293400739,0.5712551837329033,0.48546737032654275,0.4831602688031349,0.6312610101874232,0.477595870007642,0.5008269474049164,0.5711607777935916,0.6013655549493213,0.46614625175303304,0.41140649834640175,0.4823153491411578,0.5817339348050639,0.503784721923744,0.44809279334460494,0.4995662862100919,0.5016084989607644,0.48797886731393303,0.5339552729720458,0.5338680101016154,0.4592383431690112,0.6040831383007691,0.5993739587311991,0.5346158846073799,0.472181072234791,0.527698765448208,0.5297658107544143,0.4451688528535528,0.5651622116688831,0.468811574325871,0.5982041593136292,0.4619710741729083,0.5196632481078965,0.5456679906456577,0.4862058534090433,0.501394805333645,0.5447019689862281,0.5106043612574481,0.5181601791399696,0.6028566964982636,0.5081492843492945,0.6353866267818561,0.5100185274859828,0.5158813020313129,0.45615943525861324,0.49723958158985565,0.5270677774232806,0.5065878305425561,0.5028370851425157,0.5360115379769916,0.5031502283366854,0.4943508232433595,0.503494295632332,0.47247787667672236,0.5727169733462768,0.4376452574408324,0.49463018990936825,0.502761261738619,0.5338786800717049,0.5054588557940756,0.5414054692423212,0.45770235624003,0.48699134568322955,0.41412176698669956,0.46314741851213515,0.46941150448267155,0.46676031372905624,0.4467442081197829,0.6112865033132601,0.5167408441824567,0.4863164813659779,0.4846325787699943,0.49367260793991,0.5985060132875849,0.5042679315087663,0.5215698790042588,0.5891754965491237,0.5303156792762873,0.5014211661876641,0.49803365251325,0.38027104825543206,0.5014270139563516,0.466315692337732,0.5021625803164692,0.546923783025821,0.5414431404454507,0.5101357779851546,0.4569495713299835,0.5682430980672636,0.5019072306776368,0.5364877610977388,0.5456530599750046,0.4703753470721335,0.46057721569018245,0.5058307978653485
0.5774249291997592,0.6904158545782639,0.5264722267976466,0.5200463109229917,0.460184532714585,0.5672956274286147,0.5108424774082734,0.0,0.6192118576819027,0.57812992023212,0.5435214294316565,0.6064495600778349,0.5665762154983033,0.4979577820114217,0.632098620821992,0.569928600832688,0.5717887357576646,0.5826246568955736,0.6293453010865053,0.6053269025059503,0.581837244182512,0.5938849167086683,0.5943728874458472,0.5550729406174595,0.6614510483843714,0.47963729744587735,0.5951582283048807,0.6153034683878087,0.48592416357704643,0.548875669788935,0.7637197671607385,0.5567074081159344,0.5480680986401233,0.573499984227018,0.5801052181461206,0.537173240224392,0.5720986757707482,0.602362248883783,0.5899234711003574,0.5414981381183663,0.564211434939975,0.5822696558737478,0.5458358071116255,0.515547273061778,0.6452020072654129,0.5911687805846796,0.48895588162043696,0.47230416403684367,0.5853435387496303,0.5248746137748996,0.5231902888545211,0.5219680578074682,0.5277436262453284,0.5605430321802871,0.5218764561689229,0.5896021802416522,0.5721943191756335,0.6011743442616949,0.4781146127090562,0.5667301412897505,0.591886471008493,0.4627603948991173,0.5206179083465304,0.48093753790220467,0.5036655461304619,0.5062913218550738,0.5182065021357475,0.5059543269433162,0.5029820754026173,0.7165160400605927,0.5526667580810525,0.526552120751475,0.4525963373168539,0.5565441338846391,0.6435943736132719,0.564405287660424,0.5059450064677936,0.5302874773946296,0.572603507612636,0.43756831801852,0.5433907831069044,0.5862201315241307,0.5912452870453565,0.5746076042918136,0.5182986576489667,0.7275418425792984,0.5829798806026627,0.4798254627217452,0.6772003255699617,0.5740178116712921,0.5141266818542861,0.5696963193036682,0.5487282973622917,0.530466776663592,0.5135331312430242,0.5943262100823691,0.5467554264529497,0.6153648879741835,0.47016024176038224,0.5438159780023104,0.5378252192891718,0.5579327757432913,0.46016953725758514,0.5476782147726804,0.5387672499982568,0.5703731388999469,0.5416870195550447,0.6810490490396557,0.5644099753203556,0.5345881938621295,0.5350624082040712,0.5096364034449969,0.4815047138698655,0.5927701214543267,0.5362948618578987,0.5847729839319326,0.6134105392533844,0.5371589357596613,0.4645313653267642,0.5485557625908302,0.5064225165901491,0.5680155578437401,0.5011453636635007,0.5953185834680731,0.4954638717985382,0.5771482061561456,0.454577207611561,0.5844626676508538,0.5547278036186644,0.5652730564345847,0.6459842054439463,0.5577144231759578,0.504685847442189,0.5493191699432087,0.5700484651763279,0.503458266951031,0.5790423966148901,0.5658209831269888,0.6008306107265058,0.6393428856595829,0.5148161977433018,0.5322943722736022,0.5938439468657635,0.5314500883069355,0.5851481404174153,0.4589534833397481,0.6376108114919362,0.6050183325829738,0.641523004343053,0.46683016430241975,0.5866214429292193,0.5690581383562203,0.5961499094356388,0.49093569484789223,0.6537038022250818,0.6266864482020741,0.523504410026248,0.5923326378347757,0.4857900467945076,0.48242568088319066,0.5711944724250411,0.5545917115460008,0.553116647551886,0.5449381698514218
0.5876139152163123,0.5487952577333904,0.44052310791786675,0.4606313921420497,0.43329095925211375,0.504467376632466,0.4666567495289424,0.6192118576819027,0.0,0.4642930217765856,0.4712753057544472,0.4868127015315434,0.5172934912432567,0.4755550078054215,0.5261281615529865,0.49045706281641993,0.5050876099279538,0.5581887658317218,0.5136283132875865,0.5610003272099473,0.5015958526750508,0.5118549009731114,0.5274637602633891,0.48852939611114354,0.5416755944624044,0.44267740340044553,0.5458747160308993,0.5498458845887703,0.39903544722360945,0.5623511066550646,0.60259085695575,0.4894886341922593,0.4638354050093913,0.5001801196864205,0.5342387998147097,0.4507742170550246,0.5253102089897415,0.5381526825490196,0.479117819377152,0.48678532772004607,0.4679130537510124,0.6132509623364852,0.4724748508969722,0.45163563011746893,0.5290569777088525,0.5323381458951792,0.46125428604423263,0.4136474855638604,0.514327705426095,0.4769853785294684,0.4744956470711869,0.48325638553595707,0.4991656105018349,0.4581322126930418,0.42674162048735476,0.644041612667882,0.5368948740067752,0.5128967982801874,0.43883084774539555,0.510332928402825,0.5049058416825765,0.4446840032065896,0.470574976066816,0.4352474593624021,0.48909644840772953,0.4802011220231698,0.49866405518396695,0.4907045868277914,0.4561862919757851,0.6147619881861532,0.5362581552377251,0.4908394386953448,0.45162373287562413,0.4956039251113761,0.5593501509747226,0.5440449733308385,0.4582781941111505,0.4704700526893461,0.50674836591922,0.434360051398653,0.4945965210791433,0.5874311193711984,0.5649239666535234,0.5037268544593729,0.4970522421283074,0.6374119434504127,0.550891939478962,0.45691195561571496,0.601406583919886,0.6258196828079671,0.49041509288786667,0.5330011232154012,0.4633021107510959,0.5117489567214846,0.5025989212941494,0.4932268372987944,0.4896656943104526,0.533038991831939,0.46561350450352257,0.5061712147002914,0.48445886809439653,0.4732748708557678,0.4274833126166335,0.44190369855836686,0.5036396831057253,0.520366955786588,0.4670274648713997,0.5810094005909683,0.4891875503949117,0.4806067629774042,0.4669670382161507,0.4857057177454438,0.47066614597933903,0.5684159909949891,0.4897833377936306,0.5847042485704059,0.5549381734630273,0.4489872332210137,0.40504688382531795,0.5544729861583391,0.48606507285784956,0.5165144150449015,0.49106998991224454,0.5386814680425935,0.5095998560169733,0.4510497768303187,0.4473319035572117,0.5003106896210536,0.4423106258651648,0.49721472469434275,0.7210381077393067,0.5153675432354267,0.5069408832257298,0.5619849986168602,0.48298044485450964,0.47104677554615093,0.5254641191552061,0.49538931110705275,0.4829572850616862,0.5505101729555181,0.4449625311517896,0.48360149652068485,0.5746531136491354,0.4799809355744215,0.5039831206354752,0.44377157517867066,0.5997292321424655,0.5115535260991205,0.501128009534533,0.4268478078144073,0.5520996164192737,0.4967612950402538,0.5283325995299383,0.4420992643963842,0.5234028878909008,0.5879636607220508,0.5077239998717279,0.5300446626513118,0.45097836887588305,0.4654199999417817,0.48969617561821926,0.5534683635112747,0.537519125218722,0.5549360885639312
0.48869694576464445,0.6509379086282994,0.6329718925115043,0.4727451845756397,0.44349819737109086,0.5440902392296918,0.5148990639232843,0.57812992023212,0.4642930217765856,0.0,0.5402361468773456,0.5877015687455805,0.5344925248711367,0.4628094031389752,0.5566480436715172,0.5399015389750923,0.5185535316390822,0.4955743442488723,0.5397682307303139,0.5077501230002732,0.5315266122051793,0.6257501554475058,0.5190579754343008,0.5163753634752333,0.6458935926877885,0.43613499116863846,0.5002717784906059,0.5132933789923407,0.5735493339198936,0.4588026136726574,0.5670777417629086,0.5644130101682889,0.4949458804553054,0.5024354841777982,0.506527276531959,0.5145190891660019,0.5280996945474095,0.48199069515784604,0.5209699955308873,0.4959629397434917,0.4844297589281894,0.5239413047987811,0.5062460353845217,0.49641144521000496,0.5685948348851895,0.4834659957353875,0.4704326797816384,0.4993881002730646,0.55626909450427,0.47427175332344446,0.48075598172873124,0.4554390524344742,0.44919216742148266,0.5676616486966825,0.5579357529789878,0.49470217753338686,0.46739005146269585,0.5244063436970549,0.4900593000243252,0.47743142593158994,0.5375615633696353,0.4127217078594089,0.46246840160672414,0.46811711610354584,0.44460281128177864,0.4434677081493336,0.4728363026025367,0.4896311244270663,0.5064540816990251,0.5469857420778281,0.4767896043292575,0.4560004233542935,0.423281881493674,0.5250494654436005,0.5245828885144311,0.4742181367704291,0.48928387944512325,0.505474408636016,0.4422906237936627,0.38755258749981275,0.48247105719483036,0.4762587118114438,0.5066423370376295,0.4762834204333274,0.43893859695253773,0.5109457172404579,0.49473088056792874,0.4503800006174112,0.515436972833883,0.4529802021256143,0.45783361538314454,0.49837078392508083,0.5257669412488614,0.44360842719427296,0.44937371350856525,0.6100644514641859,0.46730925291350184,0.540439696609259,0.4147981092828979,0.48253353477673827,0.4714551199704327,0.5268992903004077,0.42850919610921284,0.56817171383357,0.4566159807381456,0.4801717853238775,0.49276630043245184,0.5694565266001476,0.5068898680699324,0.548437187435725,0.5296915686923918,0.436621326564902,0.4540630967780964,0.4690637897075486,0.4408099208417182,0.46452197927678895,0.5005142112751442,0.6283900507433958,0.5055733959525405,0.4476944359324817,0.4359588617085707,0.4487123399823005,0.44467920056910426,0.5019883687696867,0.42594664038348096,0.5976033350630484,0.4156118198371438,0.5228977359979793,0.5779576679308819,0.5004075509009598,0.5040753687205312,0.4880495683022004,0.41442662586040074,0.43333439551483494,0.5487301823480821,0.4566496492396748,0.49131378128792236,0.49484420318267786,0.5737268886689059,0.49392428735968325,0.48761782303396317,0.510009662443403,0.4980965044003202,0.49077976089259834,0.525904932480587,0.44558213742472824,0.5094873440938796,0.5179892897805816,0.7071149758735431,0.4203808285692842,0.4673270912288693,0.4924701695829357,0.5160586214303216,0.5227362431614367,0.5564327729510581,0.513159681136014,0.47063124531846956,0.5190389252231203,0.44468992010713454,0.43762331168287566,0.5303624762817549,0.4538071251591348,0.4444699517455136,0.450047556880912
0.5677983243146557,0.5852589544592496,0.6029387248085747,0.5246348960508928,0.514025638206997,0.61301765390076,0.5067580021323358,0.5435214294316565,0.4712753057544472,0.5402361468773456,0.0,0.5366556046504766,0.6125194153569979,0.5051225911610822,0.5564607168113942,0.6657192946473471,0.6438453645920794,0.5486283840655757,0.5693263423238513,0.5596376342782434,0.6401895630522807,0.6671347446683974,0.508992945748235,0.5889444019934023,0.609111211252477,0.53112075767121,0.4892457676231283,0.5946409954210258,0.5676076869004123,0.47449527756533977,0.5375709602470149,0.5729382013885796,0.5214807744545898,0.5126149970172729,0.5702069447088053,0.5213396887872503,0.6239141677770823,0.5749758220948649,0.5667536728828635,0.5585881067569246,0.5389033775121906,0.5516033106188025,0.5604980425407801,0.6305277503038719,0.5398320988361441,0.5057147650693935,0.46102193897899324,0.6614850407423961,0.5918821708390433,0.5145832882447737,0.5428584808165456,0.5575063616267667,0.4904864313549618,0.6350375369719892,0.5934719943443102,0.49369093775647604,0.5578127798314666,0.5912651830446267,0.483555056444853,0.5005386506906602,0.626376399910755,0.44145728265278694,0.584865513283249,0.47670202758712904,0.4868825236621012,0.5010884360874692,0.5137746606068553,0.5354262655810178,0.5191250040754826,0.6107238198711031,0.5579308744983061,0.504882653030567,0.4838907506390329,0.5889761201911888,0.6115374845105493,0.5131443578286337,0.5582857891868893,0.5778626182774989,0.5004826763307035,0.5018054151569218,0.6047281936277982,0.5101295730967551,0.5279770221496556,0.589199232480973,0.5085678510531753,0.5551335925315941,0.584365091747679,0.45550819035190865,0.5133827702410659,0.45775137868832316,0.5309737492209631,0.4721365729693166,0.5829840172015317,0.5275518111663748,0.5183392449614336,0.5654021023927106,0.49996044887820956,0.516252172928826,0.4539469503826979,0.4895447680284748,0.5418794263262587,0.5369988626809735,0.44294750878889216,0.4827328992536304,0.504101745179083,0.5226932969750494,0.5250730899244553,0.5931405323071937,0.5223360712461792,0.5893674797208523,0.6067537523877498,0.4990051329858973,0.5305332064614855,0.5216033750246145,0.5201825937836364,0.5377239147737769,0.545129054282136,0.5696509327566593,0.5903418042976789,0.4979076557441657,0.542445818926303,0.49438675595189135,0.5429211716968547,0.5893166198923446,0.5134271051044602,0.6015886725912954,0.43666057133008823,0.5156844687834227,0.591678641957439,0.544610258568119,0.48057561022316075,0.6073334953478602,0.5059372397377835,0.5242425191953451,0.6232778602602608,0.5526004522508792,0.5184693391546588,0.5550148978754618,0.5641708661860201,0.5176229440702442,0.5252450901616166,0.5746262496895095,0.510771227059986,0.5163394148817982,0.6566550245564545,0.4363695150552422,0.5383692731297035,0.54286606402014,0.5790274415818968,0.46184245038727306,0.548480828662706,0.5379909047786431,0.5768821251833669,0.4453296885493697,0.5782857214118425,0.5621631516378942,0.5756819848702318,0.576234405468319,0.5175938342803859,0.5273738356440552,0.5638379800354378,0.5381974961315386,0.47591766794720386,0.5999626151618768
0.48344038434177355,0.630831884758338,0.5716704694833898,0.4890665996736905,0.4928969208060363,0.5970939027122899,0.50385263919251,0.6064495600778349,0.4868127015315434,0.5877015687455805,0.5366556046504766,0.0,0.4901284328870863,0.4181196916269241,0.5750502954367253,0.5536088005664158,0.5205176680539644,0.47030467902187206,0.6155925628216747,0.48326215840174197,0.5632223054595855,0.5703002988684828,0.5248543422312674,0.5491808788593768,0.6153123907999489,0.45189826061645133,0.47843456262678247,0.5000493523472618,0.5282406333835669,0.5443996423967342,0.612493498273896,0.5089736662659272,0.5361156540827652,0.5155869191817166,0.4880735176762328,0.49795850635823746,0.5170965706625367,0.4959813567360144,0.5799725090672719,0.47812072449703036,0.5447921826032186,0.5344684374255022,0.5043667146349969,0.5325808493995466,0.5268926965524404,0.4876048543160087,0.486504741972933,0.4909171300269495,0.5163639342167626,0.45804456048139686,0.4813088200276257,0.501504299667529,0.44180364692934193,0.5576368588854922,0.5179991735363195,0.5180580137698728,0.4803571268250663,0.6582775188290432,0.41709170036659304,0.4694968376806755,0.49447702710047436,0.40937288849192727,0.48322008685040324,0.42285422447336873,0.4271070515920438,0.4253583194393004,0.43314798459928433,0.4696897798742261,0.4386318881003245,0.5577393194530437,0.4785231825131779,0.43355468925836016,0.3944089218607473,0.49331115042983226,0.5260897575360042,0.46082941022926155,0.46219084743048,0.558702420181897,0.4803310418695941,0.41928427353426534,0.506062406667186,0.4873078910070211,0.5845311159472346,0.4828180369624025,0.44667210966724824,0.5587935426338317,0.49027487334614883,0.4131134656035126,0.5107050448569512,0.4860187448686536,0.48117698002743226,0.5082276763794933,0.5247244254006052,0.44349488845263363,0.43492191252572876,0.6698143513149408,0.45373473456183905,0.5704051893696254,0.41067893628752145,0.4564282756969014,0.45543245072545935,0.4913027113080779,0.4258367094594835,0.6169711871196405,0.4495888703889839,0.5032189278322455,0.4777770071049386,0.5945505298364366,0.49830913305816,0.5361197395426732,0.542158643196554,0.44291146041606405,0.4261862213700251,0.4747324837823386,0.4565430317346001,0.5140124501898417,0.5137953610349516,0.5241526706107652,0.48046791561915203,0.458695514852305,0.45639190841198585,0.4862515028797588,0.4448420181878559,0.5567639961071399,0.4212603202299478,0.6429775470520473,0.4000836293767453,0.560295585216451,0.5546949176857513,0.4678738691426501,0.5330949675349769,0.509329238098654,0.414440367220589,0.4681750116707111,0.5074393575738412,0.442908791871274,0.5532392786083032,0.4955392965856613,0.5082135839191319,0.5414836419721071,0.47656274178644303,0.4815287807264822,0.48776028606199473,0.46544511945923756,0.532145986207947,0.4271775465634235,0.6150566007421838,0.5490928913269848,0.618761092243124,0.4374464328499549,0.48615922397797817,0.5094515183079967,0.50688785636723,0.478503839220644,0.6764106690159369,0.5023554390741385,0.4587645935887059,0.6164103742385071,0.43566188961361374,0.4320229262737155,0.4901561024808259,0.4708162449989207,0.46229928630542666,0.4878339871827711
