0,1,2,3,4,5,6,7,8,9,10,11,12,13,14,15,16,17,18,19,20,21,22,23,24,25,26,27,28,29,30,31,32,33,34,35,36,37,38,39,40,41,42,43,44,45,46,47,48,49,50,51,52,53,54,55,56,57,58,59,60,61,62,63,64,65,66,67,68,69,70,71,72,73,74,75,76,77,78,79,80,81,82,83,84,85,86,87,88,89,90,91,92,93,94,95,96,97,98,99,100,101,102,103,104,105,106,107,108,109,110,111,112,113,114,115,116,117,118,119,120,121,122,123,124,125,126,127,128,129,130,131,132,133,134,135,136,137,138,139,140,141,142,143,144,145,146,147,148,149,150,151,152,153,154,155,156,157,158,159,160,161,162,163
0.0,0.6202449072352673,0.4569947593211492,0.43172721566037703,0.5060441904209115,0.4080292700215163,0.5683734203477814,0.4548561236579741,0.6609683967133393,0.41987941313257604,0.6192760981508445,0.5460017649526786,0.45827139013600454,0.5916544500981342,0.5145174859902155,0.4598540311536527,0.43968888819959945,0.7060118943084234,0.6056856682174709,0.6873264505906956,0.551393791222015,0.7051455874204194,0.5159427111149888,0.6384674896052636,0.5542081919506283,0.48580311681191285,0.4559445203554731,0.4115223092656845,0.5873956990568127,0.5339377110407278,0.5892267503903089,0.4870177418397839,0.5155232419923212,0.45359934147577097,0.5806670555717073,0.6020713227595137,0.6189636585626533,0.627512650671428,0.5264700721388345,0.5497387011485626,0.5823879142022248,0.4700241334582744,0.6456084197046289,0.5638466337585033,0.5760290766464818,0.5022742176481518,0.5504523660728755,0.6145384654684735,0.6756521804076506,0.6215089105236055,0.5964117202007901,0.5041557973650124,0.5517990194462666,0.5805136833196046,0.6134986263388409,0.44296278170863834,0.6504238550860103,0.4828320924870238,0.613840290129218,0.565643735244095,0.4310638980636014,0.46092574594938684,0.5396828001757131,0.5606632076738407,0.5714669598522407,0.4908074311694737,0.48467805091948185,0.6066876998871116,0.5461157447887114,0.526820320083194,0.6827416658109066,0.6249108453017759,0.49028769618796947,0.4813646263442649,0.4379266214940362,0.5619268289891147,0.4298272658780437,0.5013364956187635,0.5330085173748579,0.396671875111574,0.41811555467030864,0.6561369615805767,0.5782203612549387,0.44471205540930653,0.48956492107409494,0.599854156809198,0.5012833315953854,0.6279612300436423,0.42633190477941696,0.5065682760878347,0.5925211662031644,0.5704137025401802,0.65120919177093,0.5981873822706675,0.5651925823155639,0.570228071056248,0.539751294116771,0.45097593619901805,0.579884832034023,0.42783721117740886,0.6049637064298988,0.4499489505897453,0.4868247229640436,0.49296759481296576,0.6332027831221171,0.4440894457081784,0.3981493496687838,0.41326655911541077,0.5396353930670118,0.5436108955899079,0.5420219639785488,0.5923820056727286,0.43783433258406906,0.408349971477249,0.5761747660011017,0.44561883771807936,0.4758349979891059,0.6121015238471523,0.39921890329854876,0.4404980526373514,0.5450685736553472,0.43114382825611314,0.5496310421983264,0.5702876586968225,0.5683080577293986,0.5609496587222801,0.4033845609415821,0.5432423793873222,0.4655070004448248,0.6279655356372738,0.4256184906420503,0.42136422353227526,0.4730785617398133,0.6321527818939732,0.5836782558653274,0.45856088685226665,0.6563974324863121,0.5762985088550943,0.6467419489707458,0.6127481095386601,0.5213762438011212,0.5446779361955583,0.5728875946781259,0.5600045185275444,0.6056424453739943,0.5946030284922563,0.6038512418659879,0.3967581146055025,0.5947584467690938,0.381321987564069,0.6527747780215839,0.5697333838688056,0.6029701555642538,0.4759782122979692,0.47543110986120657,0.6241712467221866,0.5508389383450295,0.4042527860823352,0.5624651025776337,0.43778430651990874,0.3988047467001273,0.6807135790305495,0.4271953680810257,0.694949128253751
0.6202449072352673,0.0,0.5645198510604078,0.5215318548536128,0.43460156052275806,0.5057519396036214,0.597117049720772,0.5658119402861199,0.5634740130069541,0.5334188180170069,0.6074637408212928,0.635671700837038,0.547762010861026,0.6331764606018432,0.43336020765010547,0.5400101417706648,0.5239632242344092,0.6362092147710728,0.6627860873963566,0.542419569918183,0.6773650524453397,0.5986947045756069,0.6002781328146234,0.5733668060308836,0.7071489243134523,0.5675651062983719,0.5310777226850003,0.48243130712141247,0.7012178098503697,0.5782177577862977,0.4972392518700232,0.5888883441990906,0.5737677144780483,0.544907013436376,0.4584212327101622,0.583826494667232,0.6666525377298077,0.6232931992569115,0.4583339780868336,0.6889293514979337,0.6008770688396698,0.5848326110300675,0.5392950399262731,0.4956353594548464,0.6698476986467232,0.5899048298637699,0.6204366957380489,0.5166863826453844,0.6378674666654306,0.5196266858661128,0.6615720081825185,0.6188562853587087,0.5693553306411797,0.6594447886303254,0.5988306881057336,0.5733696198840754,0.6352002843661656,0.5841859926979176,0.6260185223718506,0.6250329017679963,0.5200212882615328,0.534745918595923,0.6038171911874842,0.49491502162051704,0.4739948110933564,0.5486896847915326,0.5830347682472106,0.6563384647623572,0.556932119566358,0.6302584814899608,0.6111933600332174,0.517480200793048,0.5659724180860407,0.5940941577575918,0.5223947483897625,0.6110939703584535,0.5033647728454732,0.6144420572899946,0.5970290599877923,0.46913635760363215,0.5112606220283394,0.6027245640351345,0.7265946489495467,0.5291503936003541,0.5871147746179396,0.7405425069349436,0.5835602741062327,0.581523001091278,0.5209526058466158,0.6198720040370211,0.6143390371588824,0.61616305366345,0.5608636717397832,0.6062814582864932,0.6509918703911767,0.6196442345928221,0.557318398095445,0.571745529128913,0.519690346734527,0.5350168451426802,0.5227071638051086,0.5146247081456898,0.5478764832967068,0.5525389915759502,0.6324839709042231,0.5318562658828845,0.4717662903216357,0.5053179782772205,0.642632397920056,0.653311090818466,0.6183027178283486,0.5636748144549036,0.531992789643685,0.48264830791253277,0.6362299470320097,0.5557916630725837,0.5884748242794896,0.48976448522164073,0.4785660089969576,0.5417306972443166,0.44951801764792093,0.5228655822748263,0.6203424349582857,0.7136666879609788,0.45987357397071293,0.6801638929307723,0.48578021472715927,0.6033960290129012,0.5825212875783201,0.5438583911160232,0.5206772874323673,0.5008825833828504,0.5302964741405641,0.5842173792130928,0.48321747595703785,0.3808837054739228,0.5667764600387616,0.47277780922926016,0.6110610441975409,0.5898689786853972,0.5405388130560801,0.6145125310809101,0.7293709593511486,0.5918481144449778,0.6206156702122597,0.6003984825028655,0.5274188719250513,0.48538270267919953,0.7287612794612158,0.4398154935441725,0.5423606674461031,0.6486127913488049,0.5327308837103193,0.5771573054034284,0.609346164553601,0.6373554090788539,0.5954933879489646,0.5074047197558863,0.5131366599449844,0.5203491516380011,0.48324302727503493,0.6821578845494437,0.521934382863138,0.5689966232190451
0.4569947593211492,0.5645198510604078,0.0,0.5098767517706957,0.36270915182751773,0.6111602872702369,0.4485631658836324,0.660326183070814,0.42990887788945814,0.6497025448920244,0.5177570475491755,0.5023006921422639,0.6871755076265355,0.541800892807948,0.3389910128358637,0.7291157635411994,0.7093161320635558,0.5048258423099167,0.4993135782714025,0.429478614648048,0.6305496143789832,0.46348038858043045,0.5379000478667909,0.431120851114371,0.5923307869405798,0.5903895809889518,0.5822606212755697,0.5810348759404694,0.5463513022766558,0.545607187882035,0.37401852966608984,0.6715961601465408,0.45185504307253777,0.5403648609642084,0.35491535552151454,0.4575152921775009,0.5375596713380207,0.5245290969438507,0.3650008108643632,0.6235363759016174,0.4570243288798512,0.6854650589669196,0.4342751294922765,0.38414747738074434,0.5587753266285923,0.5739937220912398,0.5381780274650853,0.41221590244502754,0.4807715713102543,0.4220169833733001,0.5375760215716098,0.6015950835742875,0.47608835976449987,0.5070469155002842,0.46697287484320704,0.6341721694775982,0.5131536223139057,0.6419850326541967,0.5031900235352841,0.542367070831512,0.6109959555241207,0.5769083085386353,0.5888111304298463,0.4140710672366021,0.37642227278425966,0.5419358441413614,0.5760958643676695,0.5441759525536138,0.5600123826078484,0.6405143618583525,0.4704189867274098,0.4055104596860201,0.6032629243114072,0.7146106092328408,0.6774764626910433,0.49271848696680753,0.6056404396050291,0.6000542223893449,0.533241876345833,0.5420154936974131,0.6068484757267787,0.44514353707496884,0.5790263890206654,0.6343508188366876,0.6173485242717726,0.5967462951959688,0.5867692984830745,0.4648417499680877,0.5957367677555061,0.5330663425617049,0.5247489710996337,0.44809785396938506,0.43871797599378876,0.48964948889797205,0.5612332124175651,0.4602877750936568,0.4738235795047454,0.5622107978626161,0.4139881401135712,0.6110073957598424,0.40226981482771335,0.5678447100500089,0.47517854806957616,0.44623395429942203,0.5091512358342355,0.6601294585430061,0.5830731319212598,0.6301271675427992,0.5628040513424363,0.5573433297987335,0.5025620316905299,0.46205000464724594,0.6102759618617587,0.5922844813415915,0.5410446947768834,0.7295792138756593,0.5869759294109764,0.39369706102728425,0.5582845323889122,0.612283086225869,0.3703739713075055,0.5737614638163769,0.557493807238173,0.5655666560399615,0.36013332892526334,0.5305555008670908,0.6113999244865868,0.5274031561964331,0.6217003324060647,0.4310639700598901,0.6377110370730543,0.7064704253753001,0.5514038784158501,0.4402238447380021,0.3819585445051915,0.3131887430864739,0.43672994494338124,0.3665291393823315,0.48869110178662795,0.4584456883751413,0.42566050316349185,0.5924242367188413,0.5676115878273194,0.5022081696692218,0.4945075347933783,0.4744367585194845,0.4068811642629369,0.5803632415398541,0.5934763869244284,0.5508373562498281,0.4078441410329819,0.5008965497251148,0.44579757660094194,0.5965640578792339,0.588218467565802,0.49437965037199144,0.5359499603245752,0.6212957550351152,0.3876703876964227,0.607109969195949,0.5552246061148278,0.48422093386367143,0.56597561335029,0.4381681701764496
0.43172721566037703,0.5215318548536128,0.5098767517706957,0.0,0.3587876253296287,0.5542269067724399,0.503767904342912,0.5353372364577885,0.400720046394306,0.5348129922156563,0.49424974492123047,0.5513007118369078,0.48071716112268387,0.46808100016286025,0.3505981992472785,0.47850063746036575,0.4968153298089582,0.4446964636953585,0.5412925706825494,0.3838851654477098,0.5377251089706135,0.42300633329587844,0.5305439573878364,0.41824837462323944,0.5787596275196326,0.5442409532426071,0.4866855347968013,0.4992849702790654,0.5474382501864341,0.4484853862995878,0.3875968992175042,0.5051200142814654,0.575860684871114,0.5533494000022473,0.3678963052203126,0.4718147595546362,0.4897070459552011,0.46097698534239284,0.36700808440204574,0.533255644343948,0.49341617668340393,0.5202647545076745,0.41182949892349463,0.42102537830166753,0.49738738442560143,0.46448048294197347,0.4528411509591288,0.41200469268157786,0.4681509002921525,0.39057694668678783,0.5251439032770492,0.6072122150663031,0.42736007303737406,0.567163862935192,0.49738190055909154,0.508215223165459,0.45089582647972265,0.6092232984354088,0.4551171887326513,0.4608960471882339,0.5055428816898385,0.45902073318645553,0.5341909515227187,0.38338006515885953,0.3600849899011536,0.4431183722884498,0.4940146708409375,0.459420879667196,0.4507897662152351,0.5564332814645208,0.4296726585767763,0.38658989560964485,0.5257660825900667,0.5379292423841212,0.4907596725977189,0.4525294918543627,0.47632410375521794,0.5369792223136214,0.48817993148673045,0.45415377510533367,0.4957811289024774,0.4491319293071035,0.4826436401389667,0.5024798772208343,0.5346156664219957,0.5017542161639712,0.5307584601158236,0.44152717016651055,0.49424911084110923,0.45868669380961963,0.5218486399835336,0.506784380229239,0.4286623579165439,0.4391869512819132,0.5092952915418204,0.5139758652584429,0.42352067517794706,0.6282137584361808,0.4077801454318699,0.5424870886022034,0.39661350337167456,0.46963792141042315,0.6086987892050226,0.5656132197301704,0.4824706633152238,0.4635976849706877,0.4554822182824112,0.5177415195654954,0.48415854652890555,0.48013791905500086,0.5829393761906441,0.44812727041064615,0.5456281255307472,0.47190756307488074,0.5084495789843076,0.5256240540046442,0.5387123574386545,0.37135716549990055,0.6155224330459395,0.5805126859655582,0.34799391270894425,0.6145915799760566,0.4908390186860539,0.5289229382828716,0.35732006921504117,0.5648210528722147,0.48150766247681265,0.4533631623122745,0.61828802387177,0.39604015796000147,0.4640092895796451,0.46025905237235387,0.45245852831749755,0.45534644785410816,0.3690235786138946,0.3024030644654945,0.39196898429863763,0.3753779168717853,0.4469246977177942,0.43591586864045634,0.5178907724570413,0.46975927327020345,0.5273092977663922,0.47762596530738677,0.46516934165747154,0.4934055441152016,0.3940289515991399,0.459120614485799,0.5085692174797048,0.4244489229949212,0.42883742087462906,0.5192639088629851,0.4041484075190094,0.4455271451548332,0.6579229181882706,0.44538067352979793,0.44359488205975933,0.5482262429705643,0.4541195132313264,0.5297262769302653,0.47416450534550975,0.4920952135325507,0.48148851650271723,0.4295250991311054
0.5060441904209115,0.43460156052275806,0.36270915182751773,0.3587876253296287,0.0,0.32148502843791255,0.5002475106355012,0.34876667106839515,0.520201049702679,0.32906904470353104,0.4745172018023533,0.457482908629774,0.34186319829215334,0.4232266792378091,0.5629283548801778,0.3606841880217326,0.3459258350964651,0.4648737077972349,0.44837485429014784,0.47538730140692337,0.4238188203521479,0.5569240850225317,0.4144628256087484,0.5278252885783403,0.4017530373597943,0.3948009848561467,0.36730490934479026,0.320215317946496,0.44263564960004165,0.4385254522564652,0.5404895254933445,0.36430197010708615,0.43117596186342105,0.3569411922595515,0.562590362741736,0.5155060785310919,0.4360360197533389,0.4637440920657492,0.567963312418593,0.4120867325368464,0.4936804753799118,0.37360093495773894,0.5218973658741244,0.5487063596269627,0.41390048936745427,0.37571199476065587,0.437216144311295,0.5253252331137389,0.4957308372753306,0.5331139601500459,0.4552967428676286,0.39029018554832146,0.4125957784936896,0.4562259725488443,0.49535779911141936,0.3442573168856348,0.4575668465339801,0.39761842713394774,0.438152213885078,0.4220350354685797,0.32676060962916353,0.36461042462894544,0.4018085568907562,0.49908373387627974,0.49814603458476453,0.35972863068076155,0.36742928493009286,0.4386569607574478,0.41246872830396936,0.38752581406984704,0.4970287222902857,0.5019611622707518,0.37062879640549495,0.3694006814860875,0.33664407926899126,0.3869141047767127,0.34841157916950666,0.42295811899282204,0.39539768715601625,0.31664339986134726,0.3252362523597514,0.5302154820995743,0.4348854663799922,0.3344060111442165,0.38023786821071826,0.4258357050542266,0.37188716033788477,0.47080028064598,0.3255549634430834,0.39238226693894734,0.5009856704134812,0.47587149712982263,0.5607238404816983,0.4104392857547748,0.4286792197426557,0.46123238442222353,0.40606954937994444,0.3568886057364445,0.5302839206209955,0.3298072124761554,0.48990187701012766,0.3574844924690333,0.40998236207756644,0.4150378539549736,0.45270839240401134,0.3477576810279013,0.31894799429056137,0.3269519851503334,0.408829953136611,0.4027959112420237,0.4396150495310584,0.5059446297647264,0.33328979864975655,0.33161182214028756,0.4099311374492576,0.34805724633050683,0.35120255272095136,0.5625427170959245,0.3260454246020501,0.35240059418891045,0.608383800642429,0.351298920504689,0.39565003460238685,0.424929167071025,0.5147904778528842,0.4228046998579754,0.3284200735468683,0.4425990909481334,0.3623471697267229,0.49475709625879344,0.33427290307701685,0.3373705862413035,0.35398486270855767,0.5248691570105389,0.5073096585552535,0.4666320563387483,0.4737958648377949,0.5996904002825618,0.4723800924201556,0.4980398634700845,0.4056032260927215,0.4144235824014443,0.42860751225427657,0.4625840191792944,0.47118449329279766,0.47848525559288635,0.612931190812199,0.3178119162208747,0.4201315639635217,0.3187981693570572,0.5136761569122966,0.418102888070066,0.5188614737491141,0.38963019140028954,0.3787649401413826,0.44022630417477404,0.389491587670626,0.3276417423001893,0.47660760264273844,0.344708158511751,0.31243512433938675,0.4565172001718144,0.3477274681902127,0.5765230501577744
0.4080292700215163,0.5057519396036214,0.6111602872702369,0.5542269067724399,0.32148502843791255,0.0,0.41869767539040553,0.5982689292978349,0.37653698815352005,0.6621442525869912,0.4539047764632382,0.4666078307329217,0.608932222231155,0.45685751827319593,0.3134204240247541,0.5571903727903653,0.57886342777473,0.4282015985332918,0.46584588364414825,0.37302362818590096,0.5203572317264643,0.3970734190490323,0.47148042993861383,0.38751638658091186,0.554432482877316,0.5184671492660804,0.4839627039222719,0.5734946941982633,0.49952993228681486,0.4512361044378857,0.345388618969303,0.571602886087281,0.4523071517743423,0.5272533277403216,0.32691363561397563,0.4016394058272577,0.48224275303405856,0.4350857232971778,0.3287719659956275,0.5199404891166818,0.4177163390204194,0.5689992125295043,0.3796221654932353,0.36284111143980347,0.4816507537761847,0.49202862380291684,0.45714776656950007,0.3784375751422518,0.42161203776562406,0.3616805987505766,0.4708047781319736,0.5831983490604673,0.4206697209303608,0.47191731884988497,0.42219812580563215,0.6223761441354658,0.43440869279596966,0.5622245628504839,0.43008020966516103,0.44973235937780015,0.6190997387794285,0.48540198163663023,0.5286159678040347,0.35264357979004085,0.3361341794862526,0.48067740676486914,0.5138187790651815,0.4721088196748102,0.446821061603946,0.5628525836284456,0.41014817356852695,0.3573044542432622,0.5295184308616242,0.5815247781271958,0.587860549794597,0.46526333824976357,0.516485927507202,0.512042225392297,0.47559776728110564,0.5742874905520093,0.6436967121846564,0.3959801356477519,0.5008735178453375,0.6097387043988285,0.5227317485099251,0.49854151039627065,0.5500612869145712,0.40303702116480167,0.585966493410764,0.47498289134354055,0.44802194845794324,0.419594159489824,0.3838017433770296,0.44149807404916525,0.47351020731444793,0.44662290561308915,0.4166398751372727,0.584024984718278,0.36311014628716826,0.6229061621657387,0.3641101691321378,0.4864326744550072,0.4563530499472055,0.4461340842636988,0.4404591742657686,0.5399577271656721,0.5226435144658153,0.6158830320663138,0.4807001994230816,0.5062370196722624,0.4786046423089673,0.39538515357051557,0.6626776996481768,0.5101943490356089,0.4883074565741641,0.6450496291972895,0.5918647800024545,0.3437809634657638,0.6447754050572275,0.5775935697647452,0.32289646119498605,0.5617080097228075,0.5011725804633883,0.516180646197678,0.3290981807719842,0.5125701946932567,0.5294395363882938,0.44298867467801695,0.6029218933693148,0.3734254474274987,0.5598493713971585,0.5580772617739725,0.4932391547565883,0.3972418266474588,0.3427871644103636,0.2862599131979328,0.38969207304525655,0.33251010023391214,0.4127810416398379,0.39736485532115523,0.4369067974078803,0.4779807541641555,0.4877672722017991,0.42397653020798215,0.43136738756886206,0.4252925982948846,0.3604959850878015,0.5611229552237064,0.5036128373115292,0.4700391903999489,0.37621940501007173,0.47521595108515735,0.3739194010317355,0.46987855905598364,0.5843884734605121,0.4355802277067081,0.4799742357528949,0.7099503713240498,0.3780297246195191,0.5772821225427405,0.5729636031107184,0.449669868973807,0.4971954575246394,0.3885006269685962
0.5683734203477814,0.597117049720772,0.4485631658836324,0.503767904342912,0.5002475106355012,0.41869767539040553,0.0,0.45123141033644765,0.5249913377139688,0.43569146022709015,0.5660931860414757,0.6740337337812878,0.43086807695240636,0.5117248506428828,0.4930325890154767,0.4397088268795808,0.42679114380537925,0.5332993121115865,0.6192632976962316,0.4857072825548546,0.5540715907581067,0.5608843957604517,0.5710862310852062,0.6043008200168226,0.5710125898284876,0.5193249125043647,0.45498854725606397,0.40302609721112476,0.6025287395114984,0.5060732496025563,0.5556503818866589,0.47159128514672916,0.6147458899315494,0.49509687077135656,0.5024449714542186,0.6109813583250934,0.5772763464718704,0.5266449166537708,0.511009671205403,0.5585818046232683,0.6205112376296615,0.4739568619384883,0.5467739915752693,0.5921317838377055,0.5492781584793918,0.47694169484867016,0.5380002131041461,0.5522292305119786,0.6541450424304825,0.5084823644687747,0.6174506113391353,0.5225293410034144,0.47586231673930884,0.651259110966178,0.6576237637197426,0.45422722939065463,0.5385928497021533,0.5141499806052126,0.5429560431087899,0.5177279571490998,0.4185839310627483,0.44444629097717003,0.49930118712758903,0.4821752319514948,0.4735099708863797,0.4426969446077904,0.48360212053329166,0.549727669303318,0.4662496239509726,0.5004598780890899,0.5609804941812769,0.5093172534172448,0.4675607964995769,0.48186804173435765,0.4114470194121418,0.5039750117695977,0.4394497474758423,0.5731606059379114,0.5002402018540143,0.3987196678768222,0.41282969236023903,0.6195520349520008,0.5643551032191132,0.41729330890611427,0.4898176084306504,0.5386102470298038,0.4833301953390075,0.5604410959495509,0.4235269141086641,0.5066221359009971,0.6141561520233262,0.7123506450059462,0.5871190072957262,0.5028054031334545,0.5436472525841527,0.6607125417044087,0.4689362408149463,0.49661128432058305,0.536325446967432,0.442337454031584,0.5318452276625302,0.44738132678879106,0.5886341103789169,0.5845612365917268,0.5467242152560898,0.4319005947035418,0.3958825850592435,0.41755025172493276,0.5324358671075535,0.5335925416488795,0.6715507894217749,0.5663482592738395,0.4375812179264038,0.40540114352235007,0.523322807477543,0.4429853733245658,0.4672354686555916,0.5167624432027095,0.42617961097189505,0.4556165982942073,0.47018408295482306,0.4623120197459047,0.5019010102416205,0.5992667655862659,0.47146988349741636,0.6146237909216816,0.40958398612487257,0.5481875309082427,0.4879037825324349,0.5157828258229487,0.41088385971848224,0.4045456124432712,0.4339036244524316,0.5883232502811422,0.4888174160224382,0.391260190594872,0.5155370984732498,0.5376444327637966,0.5522707519897863,0.5781127877595784,0.5395783678117688,0.5004717540363509,0.5875739073493871,0.5442568985545427,0.5834259315619442,0.6584544222246984,0.5563558256286815,0.4019543521203082,0.5490082967344779,0.37039671987531547,0.5868736403989177,0.5535048533607049,0.5058281401929805,0.4839897133455835,0.5356253399242316,0.545403241939589,0.4815652094996258,0.43451201007916956,0.5917420266172599,0.4505905121305885,0.3982617874285682,0.5964886184135708,0.44094910946918486,0.5870925048440984
0.4548561236579741,0.5658119402861199,0.660326183070814,0.5353372364577885,0.34876667106839515,0.5982689292978349,0.45123141033644765,0.0,0.43508792388085554,0.6600354331366743,0.49524464967617055,0.5182290320991543,0.6587644626430303,0.5272818963185533,0.3434240783123255,0.6359728777689657,0.6163752575671541,0.4989291505021763,0.5182076266621316,0.4296242592736607,0.5973383472202421,0.44610989641690446,0.551931980939912,0.42666901510907335,0.6209043343462057,0.5798198670492558,0.5996040628173086,0.5844984247223775,0.523080263467389,0.5234266148478636,0.38724395795439137,0.6617594708280098,0.46955893372669893,0.5894523587985242,0.35646212805603084,0.4630467876941029,0.5446822079704979,0.5203321533165507,0.3701685108280608,0.6014599351131839,0.46096902402091233,0.607249021012952,0.4375521900031722,0.38318831023118133,0.6074269875754545,0.6040213180094104,0.5111553923539504,0.40495271148849654,0.48219162154229966,0.41761243951685106,0.5389710474621924,0.57803353198153,0.47148941178931963,0.5120926596693147,0.47460497950175223,0.6345998602790421,0.5102850961767232,0.6242435042321811,0.5003468435097731,0.5519913160959272,0.6647433913544639,0.5770183523943967,0.5732099490952475,0.4075701268767454,0.37692493230412305,0.5574484629250904,0.6040498483713842,0.5292351271051303,0.5337335174938568,0.7067380822810087,0.46824386067567997,0.40800895468022563,0.5799936164682271,0.6889949208909378,0.6486531077298797,0.515768063255094,0.5994355652590763,0.5603577363727635,0.5771263518046443,0.5136608188044931,0.5800841288815008,0.4541204467625076,0.5649560335723198,0.6512412264292884,0.6193401880756797,0.6121403293950113,0.6458708922367815,0.47707004428942057,0.6745165914153238,0.5641984596149826,0.5045284101170886,0.4677262700757583,0.4328637002865881,0.4963873212374876,0.5488685587199875,0.4727374385412322,0.4929689075603954,0.5991717347283848,0.4109668326119705,0.6727071833025421,0.4098830663462275,0.627664318313332,0.5029179478728347,0.4691098007591538,0.5215687372212704,0.6482241452630326,0.5956559230298702,0.6176470484991627,0.56540907132755,0.5391570776154309,0.5068133268588755,0.4615776063644172,0.6098569510145397,0.6005411257852357,0.5569327441785513,0.6621797740602786,0.6105281617474161,0.3915468099234757,0.5283212736231209,0.6176223143691235,0.3613178291049017,0.6578849901763802,0.5386890342343026,0.5703880723786839,0.3585658692090039,0.5530537252787596,0.593908441373671,0.542929080516247,0.6271243147072814,0.43258943515474835,0.6246657572882183,0.6175125579376517,0.5781026530546259,0.44183287784911107,0.3847204515025177,0.3104595762628425,0.43745173614577304,0.3681015437999196,0.4960865494863348,0.47495463440228597,0.44502021064987984,0.5562580240320385,0.5797801893552501,0.5001482859424266,0.4924828584868448,0.48357164283331183,0.40484944049629756,0.5873708608410247,0.5985832612087667,0.5120322353790769,0.4229924181855076,0.5109790486607086,0.4357474741208488,0.5700054754880365,0.6258296050411705,0.5157824951915397,0.5285231870150274,0.6203722875806319,0.39466125534595836,0.5975498278224506,0.5569471618234568,0.4898571110563091,0.5892468149530825,0.4277933557144108
0.6609683967133393,0.5634740130069541,0.42990887788945814,0.400720046394306,0.520201049702679,0.37653698815352005,0.5249913377139688,0.43508792388085554,0.0,0.3955604233268716,0.5492480153150051,0.514230518581679,0.41895908423383144,0.5489656887493878,0.5128537942134521,0.4275843194858525,0.406513901784835,0.6097852947763127,0.5242457123406263,0.6192703131717734,0.4962965616793558,0.7090250458171913,0.4839230436914807,0.5646976102571043,0.49616272023159325,0.4420706647712176,0.45384582996550565,0.38101876658666156,0.5146291897784924,0.5339021934614893,0.5902566772510199,0.44249623433430435,0.46906666608869413,0.41380585712703855,0.5612582567778492,0.5722334463429417,0.540380009962472,0.5917836386947662,0.5374081614962959,0.4920489808237766,0.5267778888082767,0.4566612838050908,0.5661830341247095,0.5054625305831414,0.5250062375451089,0.4564204513861653,0.5023671187638594,0.5280646941375089,0.5852783118076486,0.5942087956348515,0.5221572921552265,0.4424276654013804,0.5009774247389799,0.512197124365407,0.5407436774283381,0.42436691699281376,0.563748052431084,0.4574485099025495,0.5465085115063401,0.5234367754254443,0.398091660475975,0.4351917224444855,0.4666565619422357,0.5710668366052698,0.5422124713996169,0.4377456206778588,0.4549715701558301,0.5412384397073167,0.5150096332519212,0.4927154248892347,0.6092087471036917,0.5878420434337618,0.45230438975226106,0.44179845433262416,0.4110771734336987,0.4800119424281175,0.4052815951211183,0.470243185475204,0.4735829745102934,0.3618736146611764,0.3814209931165385,0.6496700322044336,0.5453600006426217,0.40630843565443653,0.45270700068415826,0.5581327977672874,0.46436281417922115,0.57894985545936,0.3960557492801494,0.5090226721128466,0.5550001307157795,0.5505168806468519,0.5898978017477211,0.5031386580951811,0.5286754420495395,0.5290396989530349,0.5082718810150472,0.41916168425489914,0.5916884277825564,0.39481790501881425,0.5689604196544515,0.4267461389796233,0.45032364339321224,0.4571477176793514,0.5673650688229519,0.41313359904338276,0.37260117992434466,0.38941911667445334,0.4851202867296984,0.4849460597163755,0.4801318891599296,0.5725640108320861,0.39920571856747294,0.40122644140969327,0.4898411950987748,0.4164374768654722,0.42322471150458824,0.5943369497237158,0.36330876106601,0.4246448964995926,0.555180615462169,0.4117797013884875,0.479702728119328,0.501603057736112,0.5604440986854087,0.48932397349708073,0.387047251880196,0.5319521515927507,0.42090690494554156,0.5898260801598427,0.4198365820187124,0.400645690389918,0.44352492391177156,0.6296979701373798,0.563960551138035,0.44832421000213185,0.5724196396421894,0.5536155648216817,0.5947284781722102,0.6010090833344588,0.4575160917751158,0.5125101630483173,0.5411461864585327,0.5612908030403728,0.5547554948643851,0.5466647475170694,0.6575414744445744,0.37309274632749545,0.5353181052492562,0.37201969171639976,0.5868988672663861,0.500128111541818,0.6165191778889659,0.4695757592479841,0.4390271655894,0.5809100495235561,0.4897979109602259,0.3780119077547547,0.5022312909605516,0.3998375364762697,0.3673609631261336,0.5721863305332634,0.41712596697246357,0.6438386227172554
0.41987941313257604,0.5334188180170069,0.6497025448920244,0.5348129922156563,0.32906904470353104,0.6621442525869912,0.43569146022709015,0.6600354331366743,0.3955604233268716,0.0,0.45998251506372545,0.4789648780937001,0.6580151299992792,0.49949715473456724,0.3198421234783629,0.6128240137329428,0.6436234688603255,0.4592621256088999,0.4774095427047188,0.3928092080002955,0.5485709945456645,0.40968293089388796,0.5371557243624159,0.3977159531000887,0.5939783097398369,0.5392414992726232,0.5726499411358693,0.6273210836284703,0.5186801011356419,0.48995701509074424,0.3555055957032308,0.6484870652598828,0.44340070187549446,0.577546574753171,0.33438484729179946,0.4221959155765476,0.49841748356861754,0.4670763419677199,0.33918258707915216,0.5777565315007858,0.4276404988071302,0.6264468019621016,0.3959683364474811,0.3615205454337214,0.5251258937214419,0.549452369433802,0.4903577926505177,0.37772585127175645,0.4531559476558702,0.3811906860122631,0.49299573212348863,0.5602652424307806,0.4457286025979464,0.47305665317180784,0.43718247891728873,0.6981841984052983,0.4625410424867189,0.5748271846330091,0.47302325072998064,0.4985429117637876,0.6246504785626938,0.5383338742885242,0.520363964289544,0.3794295069984098,0.34980105028400554,0.5150532440478577,0.5663210634282354,0.4898393755089355,0.4921933643681174,0.5949852416815591,0.42378356874295064,0.37946944376309905,0.5652055996991358,0.6486551374196137,0.6355747627316788,0.4976215590306019,0.5723884088864966,0.5521527451847875,0.5059508253414846,0.5672963557392645,0.6339321146838146,0.4108290862322645,0.5285425738210403,0.631243699919948,0.5840131196443548,0.5363944741834749,0.5621020055372494,0.436162458628723,0.7012790404672213,0.5132293215523179,0.46799743659282733,0.43846861735820997,0.402009219913013,0.46296904922154714,0.5146654805392397,0.4460976003728973,0.43526504624504464,0.6124818816272724,0.3848046855744586,0.7223870708070655,0.38095086043391724,0.5363006892035495,0.47639992266623793,0.45109729406449245,0.4669942745928373,0.6113388863416808,0.5857591159836287,0.7045532477640477,0.5316576817831894,0.5229272479803565,0.4837736258891869,0.4220573085442915,0.6459724196981891,0.5982130443680569,0.5090824470326785,0.6990848405267421,0.6444053982079337,0.36395804985830393,0.584748938642877,0.6406843647934902,0.33628402464109686,0.5904675876389541,0.5211292931056756,0.5367553073206014,0.3379476349379146,0.5179088823424135,0.6114678333106022,0.4750194041156998,0.6366279134091339,0.39651282414118716,0.6576520673173621,0.6001485491001686,0.5329051199967985,0.4063865721543077,0.352429315754349,0.2929379230759318,0.4057251812624527,0.34350690367500675,0.4481255965220642,0.4264006303596402,0.425843840737219,0.5254557712542837,0.5382763664038812,0.45609751418934136,0.45491880030155313,0.4505387086491318,0.3697469916326264,0.6321706293877685,0.555563964443204,0.525431446271956,0.38478668903362045,0.49603039870258275,0.3975471551353881,0.5456237395398065,0.6063273442529514,0.4596197333277945,0.5007597838533195,0.6966553042907069,0.378222270594692,0.6358714882066501,0.6287480485087283,0.46557971035784923,0.5838839192638033,0.39702736021753743
0.6192760981508445,0.6074637408212928,0.5177570475491755,0.49424974492123047,0.4745172018023533,0.4539047764632382,0.5660931860414757,0.49524464967617055,0.5492480153150051,0.45998251506372545,0.0,0.5976317181379366,0.5014642660301396,0.6020945348547933,0.4286944569440815,0.5287535038835759,0.4983586510537297,0.5969089891941822,0.6107267875464895,0.541964097330522,0.6130751953977711,0.630624076944098,0.5692186291358404,0.5607433857483815,0.6088882430467009,0.5570392636508797,0.5196830628838783,0.46504141115686737,0.6608862710265291,0.5679448031512273,0.48400330182988727,0.5300758764869452,0.5138923840201918,0.5021845068136712,0.48103368163859833,0.5798909114994657,0.6542549064484537,0.6323442396649723,0.4762812886603296,0.5976550209061209,0.542777018420268,0.5448171016991012,0.5391436609318652,0.5164418835936642,0.5757232212036132,0.4898812702291466,0.5042568559261987,0.57902033071105,0.6474695540462335,0.5200437700647441,0.6062015679588646,0.5406224195586908,0.488135223534608,0.6150464247600252,0.6374170994467215,0.4752671709371741,0.6002706603344106,0.5817191414293267,0.5648024365977731,0.5484890829359585,0.4764745458753793,0.4715403138699321,0.5597832732307724,0.5150062653616081,0.45586409997749455,0.4785279265362003,0.5305130118941419,0.5726147200617745,0.5663856200873237,0.5977597198073914,0.5711825945502105,0.5121348761416319,0.5690767657760559,0.5406268509397049,0.4833734879360607,0.504049416035341,0.49306322350848864,0.5800987033251293,0.5166273839269687,0.436543756220652,0.4444611429257609,0.5676183993370165,0.5752220013916207,0.4834393888978101,0.545393355326104,0.6002497901159468,0.5770652818133466,0.5538550010168265,0.4462132776113354,0.5193918936544281,0.6631531216096053,0.5346905154008583,0.5757199156256128,0.536854637261444,0.6060265697655964,0.5613131198873598,0.4954629161326516,0.48759390469045055,0.5332105098699349,0.45760298710646674,0.5299539836597392,0.49099124870637034,0.5172998487693115,0.4904579395618501,0.5918917253525903,0.4671946978696222,0.42578507278803474,0.46565155830834154,0.5188687461682272,0.5745078785713336,0.6163106630006917,0.5886010955086843,0.4910575931773136,0.46711537064305153,0.5516859760378142,0.49811586236741084,0.4898483125431605,0.5249470237989802,0.4588003666410698,0.5060849204672556,0.4786056591364288,0.48063285530335814,0.5929532639689464,0.5831263946644131,0.4795806755700849,0.580638145182616,0.44181515665380633,0.5564997688063431,0.5226582600892751,0.514573517489418,0.45936122969975873,0.4705903574965305,0.5273378751919079,0.6215948099083638,0.5035475771356274,0.38103612585041075,0.518718987696276,0.4796834620399424,0.6109440199575896,0.5546803318152914,0.49305810555552204,0.6041499536982158,0.585592042944308,0.5895630820425164,0.627258289948255,0.5774010301034329,0.5186316947320025,0.4165210938911354,0.6019326758376259,0.431185903369755,0.5653082281619378,0.5415311388256033,0.5838242895680137,0.4841659464844213,0.5289643475236794,0.5819353413456368,0.5905343324016658,0.4514949271983702,0.5242328334551116,0.5003200573605218,0.41211823118069624,0.6260834408151937,0.46053499323299246,0.663329541196938
0.5460017649526786,0.635671700837038,0.5023006921422639,0.5513007118369078,0.457482908629774,0.4666078307329217,0.6740337337812878,0.5182290320991543,0.514230518581679,0.4789648780937001,0.5976317181379366,0.0,0.4705284704953302,0.5094968698432503,0.4401478119425612,0.48962692412697256,0.4705466727767713,0.5273729379492965,0.6710355302471213,0.4797504453003828,0.6163478863519036,0.5456185772859944,0.6262595526669236,0.576959566011597,0.6491553986598256,0.5743629127809164,0.4985313221533032,0.4454377227627168,0.6142862470113394,0.5514010259369577,0.5062415693666367,0.5092284608478105,0.6054359360101761,0.5635334728280432,0.4541219943816776,0.5844148057587539,0.6081495845307711,0.5449167928563525,0.47497581197097805,0.5939392698199084,0.5997902249536209,0.5302169857020593,0.5217261229438483,0.5257989721900426,0.6025069490419427,0.5065125336776339,0.5450285223293208,0.5214993868013666,0.6165300101370921,0.48099137895694244,0.6163177192598119,0.5775964249992034,0.4640812569934793,0.6608470354153099,0.6181197302648432,0.502403767172572,0.5460817457471335,0.607700053715161,0.5194847778528211,0.5324681968815382,0.45899861180096685,0.461453165306114,0.5332566752899264,0.4614266286417351,0.4337297629644084,0.4603626873855937,0.5137214148299112,0.5507978638536587,0.4829358054581054,0.5659978505097356,0.5390875421972094,0.4697203748020069,0.4979790861488036,0.5278343080430815,0.4529261033267278,0.499017643392321,0.47504219335892156,0.6215499834220357,0.540395551576248,0.42506397525736134,0.4436065782831865,0.5781502816357171,0.6063116819653158,0.4581409678597638,0.5310702559848035,0.6019175405142084,0.5395125610694019,0.5232475715056775,0.46064682169643717,0.5561921786602865,0.6253378585563591,0.6408668054674055,0.5376023543234799,0.500730688320177,0.5494996319769159,0.6570009374438142,0.4746666317728986,0.5645597777812811,0.49338135016529344,0.4809498668092436,0.4887307771038036,0.4867766053122003,0.5983189980732769,0.6096680243928112,0.5485515558685705,0.4761960296188544,0.42855099810007,0.47240542084766546,0.545419535088053,0.579098298373595,0.7108372787208066,0.5523562003169101,0.4719711213937348,0.44339800426200915,0.5425647388291435,0.5002597389171951,0.50322086561413,0.4788777657710892,0.4668369680469178,0.4988748797178713,0.4369463852234875,0.5128403453650742,0.5396372994698361,0.6309496539498451,0.4312712653005741,0.6601800452374897,0.4379921618202462,0.5924863857017986,0.5474979972158415,0.4840353759700309,0.4558893180576451,0.4443943826738535,0.46456920705315713,0.5683275960272979,0.4660672350638467,0.35913242847681276,0.5152550773938481,0.4764689270800238,0.568233050684594,0.5678409741798478,0.5169603849262523,0.522328890834468,0.6051134309052241,0.5446078908331319,0.5860590247242035,0.6456500201690721,0.5299709664394191,0.4307361846628945,0.6062478493228406,0.40490655458212627,0.5512782197519016,0.544275789542331,0.503927576789008,0.5153820974029659,0.6282565308424503,0.5574652480265496,0.5095620458937996,0.49027269096774245,0.5179275500619356,0.4795218808128289,0.41945085566286955,0.5805750844013582,0.4724032316710037,0.5622270666328824
