0,1,2,3,4,5,6,7,8,9,10,11,12,13,14,15,16,17,18,19,20,21,22,23,24,25,26,27,28,29,30,31,32,33,34,35,36,37,38,39,40,41,42,43,44,45,46,47,48,49,50,51,52,53,54,55,56,57,58,59,60,61,62,63,64,65,66,67,68,69,70,71,72,73,74,75,76,77,78,79,80,81,82,83,84,85,86,87,88,89,90,91,92,93,94,95,96,97,98,99,100,101,102,103,104,105,106,107,108,109,110,111,112,113,114,115,116,117,118,119,120,121,122,123,124,125,126,127,128,129,130,131,132,133,134,135,136,137,138,139,140,141,142,143,144,145,146,147,148,149,150,151,152,153,154,155,156,157,158,159,160,161,162,163
0.0,0.8390476660610499,0.7034038700590753,0.7894590879264519,0.7574556769914546,0.8080411096039148,0.840070263832708,0.7925675179129288,0.8840777024202718,0.7071180624068506,0.8770314628848279,0.7837060734898162,0.8865058536432848,0.7989941654519133,0.8325937625302785,0.8121778857132157,0.8137559393549522,0.9224220224566135,0.8016725604662915,0.9519358739610493,0.847120986350536,0.8325673918746506,0.7654300584359865,0.9103335697249738,0.8674864393397786,0.8363726928245087,0.7321786040976175,0.8177712961160529,0.7345846199022734,0.770599476496409,0.8868206956039975,0.8196017261145484,0.7955059254333823,0.8261306835568414,0.9178138297053872,0.6981672302083678,0.9527546638840786,0.8287870861202895,0.7902376543083514,0.8542000523114981,0.7341212020185709,0.8581901676166619,0.8308755749223554,0.9003770387685118,0.8698532348123698,0.8505301786745014,0.7650846374663084,0.8755979961373382,0.8911421903052192,0.782090603478919,0.8492428260436713,0.8580441746628347,0.7709392325428668,0.8091270442502371,0.7656246233453824,0.8308704212151473,0.9200543786112421,0.7589184521219365,0.8373450453277054,0.7542522582619742,0.8255138292723739,0.6283555933066233,0.8470769190782302,0.7119839634643305,0.8380924193703759,0.913191553566179,0.9037673393553521,0.8996489966243904,0.7795209170392378,0.8896575655594497,0.944526982551232,0.8309889655996432,0.848551287315929,0.8570469634255942,0.8002684602711778,0.9256179241642682,0.795639862502986,0.79615261763701,0.8388387815839706,0.8040462447974676,0.7923804794728061,0.8823525790953124,0.8623264618923929,0.7856246613441003,0.8324489333139462,0.8722967881244577,0.9027183258000144,0.8158633910537486,0.8050984135227179,0.8619441133049046,0.8160648039318942,0.8019958033661002,0.7578348505759747,0.913172756721534,0.8886412211294591,0.8419199968722503,0.7608933300098754,0.8015786839900492,0.6984248436202709,0.8170195244543161,0.8464383158684926,0.7530442126671565,0.7451104173977559,0.6993929977117976,0.7947677914509361,0.8058613420245659,0.7032409574721006,0.8179226243501154,0.7969387646033992,0.8943804567765502,0.8836472201523173,0.7944350946651396,0.8517138420641489,0.7610117035609097,0.8208143955352635,0.8393288513825938,0.879523049724112,0.7763464317841596,0.7521645470657042,0.7109390826333885,0.8369432770008016,0.6869448041095363,0.890128713655626,0.9223702534351192,0.8798387488886527,0.7974054030859843,0.632578441060734,0.7868713934933582,0.7289565862337729,0.8381111023525708,0.7662241876891975,0.7728005644370648,0.8495736775366709,0.8608848780365802,0.8716673488909554,0.8550860558222373,0.9258867709757992,0.85798368809551,0.8124533718624463,0.7901824731104513,0.8376566964994162,0.7777497020839935,0.8665095251110552,0.6972528309286234,0.8915447402078712,0.8784288328958858,0.8323022920370772,0.7188305715088641,0.7881398597249477,0.6035411781323781,0.9617416960125499,0.8085033933043713,0.8069924308916137,0.7009183538842642,0.8058082489642329,0.948310298002318,0.8971857297618643,0.8263037485940741,0.8912229204711236,0.7883399529342512,0.7411324155700171,0.9346487375336635,0.8431219108934205,0.9615299118009942
0.8390476660610499,0.0,0.8749146551169392,0.8302676825439052,0.7486440124581181,0.9065590242231052,0.8296789040575389,0.9520855406190524,0.8292374252983027,0.8925171255378829,0.8901811460207771,0.9215153481695718,0.9009226311891527,0.837763017458176,0.820044477522757,0.9143594155647186,0.8801589952342846,0.8085002300628457,0.8313675026501958,0.8836968568470209,0.8812359588845259,0.9037299734723375,0.7671453516426209,0.864260558558162,0.9091774550124393,0.7824484147589598,0.8267539028751008,0.8117585645696196,0.9217988681164899,0.8019922100944633,0.9153421931537342,0.8983428705384885,0.9039373218000203,0.830727681295763,0.8566732790423248,0.8232271522567076,0.8909772369561665,0.8806015638895783,0.871346459233747,0.8500117322678569,0.8420858250519043,0.8556419356557673,0.7873567357449286,0.8657311645851087,0.9479767563658338,0.8415789901181531,0.8238059811110358,0.8612956223976994,0.8452908451156269,0.7945291589015738,0.8165184201761091,0.8161441371853242,0.793763806835614,0.9207910419130422,0.8773331580596027,0.8586343106832217,0.817414997100815,0.8943621582574197,0.8274603317454949,0.8164805169161482,0.8866957684837181,0.684414916745432,0.808503823305999,0.7919159771865456,0.6989690872520706,0.7759309729377168,0.8469822387537755,0.8227830346493143,0.8433662378780186,0.8985491354811906,0.8298786722555306,0.801224109029552,0.7466053269880153,0.8805535521088027,0.9330877731440845,0.826260921629808,0.8160704306351245,0.8951925266679441,0.8013786983877034,0.7273466296929773,0.816433270649887,0.7769309478324431,0.9131804885819765,0.8478835737871104,0.7591414613614518,0.9277648746131452,0.8412817713752236,0.7665373614385357,0.854893437306488,0.8723526387436837,0.7808811638295459,0.8534147318367011,0.8384340673108659,0.7906834029432883,0.8001458276081329,0.9632573112956647,0.8369029253773338,0.894001511292735,0.70125676671838,0.8409785930834932,0.852989666503139,0.8244793859846199,0.6954344652170272,0.8389543673080176,0.7912757478931113,0.8434678667147268,0.8155905217729574,0.8875347836754717,0.8700120660481392,0.8988053893306993,0.8641430315068073,0.7293333032930145,0.7832965931216531,0.8819753155355808,0.7894113345638181,0.8428904682509226,0.8629630560665049,0.8205884566283831,0.829177082345568,0.758851914139746,0.7732176822030932,0.7745875693675693,0.7927366331087471,0.8894203547724285,0.7535810828131548,0.9545382253659558,0.6807863731061863,0.9189378081705454,0.8947879063704064,0.8520984910088265,0.8842942845251467,0.8633061254047529,0.777399679260524,0.8001863101152368,0.8633544341264526,0.7638379353849181,0.9186514511718085,0.8315525776517859,0.8788321651910306,0.8228159052632082,0.8624527220428686,0.8757825203123759,0.8764365023125753,0.8078291846031197,0.9165274968431993,0.8043439541381037,0.8679847519577327,0.8804962274480088,0.9287141758934393,0.7274505390760289,0.8024332905001094,0.8839596319135415,0.8356219416757221,0.8535861853481861,0.9086203679361641,0.8647395045685081,0.8110868439774969,0.885072749377709,0.813859090164253,0.7259263393082621,0.8352405767849913,0.8237795530739764,0.9581357583966698,0.7863853672864755
0.7034038700590753,0.8749146551169392,0.0,0.7453051205235481,0.7294539136542455,0.8420763395172927,0.7414441777892208,0.8646288750773163,0.6735615166980654,0.9363135902100366,0.8367699341506181,0.8626820138317763,0.8083743453110693,0.6748387080086038,0.7456252452461801,0.8723631595259738,0.8264339746290936,0.7237807626617716,0.7694398496458202,0.7478437022401669,0.8909919449325936,0.8977865987592218,0.6901245610065134,0.8050575025623928,0.8629662991317248,0.7158151999641147,0.7067508733595583,0.7144399772869227,0.8802022762826739,0.7177740989193563,0.7512422187615919,0.8032448131328436,0.7788703140605984,0.6979054494479227,0.6887004670808788,0.7206210277782337,0.7870206556053206,0.7386978723594347,0.7746383965177714,0.7594086235054238,0.7615746473661441,0.8187275436365893,0.7686018884964845,0.7721607674768948,0.8098104573714399,0.7332096534086322,0.7663322871397925,0.8238586011195785,0.7468367603693685,0.6931843983803168,0.7307169979353914,0.7349456327802112,0.6529163448942795,0.8625687250789325,0.7966897881656219,0.7389193314749208,0.692647574913433,0.8593864747585621,0.7715044929695116,0.665274955255315,0.8088679192802983,0.5819019635815651,0.7734592557560129,0.686891002400654,0.6240321253774931,0.6921920113062029,0.7212678454007043,0.7929895798109178,0.8541052183703041,0.8444938468824899,0.728017989996298,0.6404608822670146,0.6441919440027071,0.8344807780857948,0.8419603019196846,0.6628671933144461,0.763362190065016,0.825823776921864,0.689355032469106,0.6421222509282719,0.8179279011389491,0.6663493465120137,0.8330205802858431,0.7450413561440764,0.6413118731937002,0.7876645634614404,0.7434256675744997,0.6441182481493453,0.704173441255735,0.7167567575880173,0.6947258128628747,0.6843802607787467,0.7471303256727658,0.6438791052666931,0.6673693861714148,0.8852546758466335,0.7215981882012952,0.7938872450498308,0.5681693368085599,0.6935702529811195,0.6786712589218397,0.835211776640467,0.6306078985823433,0.8747555391541726,0.6435227641682708,0.7707818048849852,0.7993389643843134,0.8517255668372155,0.7779141455414846,0.8578358990180481,0.7910050692294501,0.6166968666745754,0.6929856967745293,0.7349807591595254,0.6455872773335632,0.7207658704056549,0.7282133798070102,0.8035222404070222,0.8657091535549776,0.6116402588048416,0.6566439811972554,0.6603844411131554,0.6811162615795112,0.7759227091044898,0.6184131686346102,0.8913210498091265,0.585525480596435,0.7858277543094607,0.8413836577459974,0.7484461544565351,0.7682351336987532,0.8834702187865959,0.6303635577167491,0.6285403818401974,0.8086410597496357,0.6799315524583386,0.7972415876647114,0.6959120056738358,0.8372848993237005,0.7298086426783005,0.7785303807560621,0.750460011318713,0.7050257754215224,0.7345428497010593,0.8118358739079937,0.7022735772154104,0.7734097912577931,0.8719836016647363,0.9204374737086077,0.648711613941076,0.6605691836202336,0.7638965321431844,0.7560667223550711,0.8701935636145962,0.9070828240377509,0.7699152707371307,0.7237369542942753,0.848810222140376,0.6661122603787859,0.6170779271153757,0.8712995452213993,0.6573112445071462,0.8352259111524132,0.6803779843903646
0.7894590879264519,0.8302676825439052,0.7453051205235481,0.0,0.7282562316991398,0.7673519162772477,0.8805650601370806,0.805280602942925,0.6942916478327199,0.7687740612137697,0.8519363013581488,0.8081406652583403,0.8245372436761963,0.7700712108156051,0.8011054093652716,0.8063856325490621,0.8455818729594798,0.8240868322868394,0.808708084145,0.767705487886488,0.8227243016998772,0.7923635816346706,0.8255758242894333,0.8372685726753973,0.81185363460446,0.8093517488150612,0.833416049307609,0.8501171277718766,0.8020684757516893,0.7231442938873273,0.7839173861046058,0.800617123338116,0.9147034416921515,0.8169705393443703,0.7852886222316102,0.7419549436991809,0.8139046758773325,0.7710832325234962,0.7840817272026558,0.912063014450453,0.8117672552573922,0.7438903008248304,0.7598719569719489,0.814936526237534,0.8414572496936573,0.8321511611283634,0.7095907595597206,0.7784875394625098,0.8602759819450877,0.7437109522679569,0.8692491696923927,0.8079163617917239,0.7736326043484273,0.8873757752080766,0.8345099042445261,0.7056120700094204,0.8160013268984424,0.8043915067077587,0.8354522267196197,0.7820654076577513,0.8180537350677537,0.6251662063847679,0.8002988809604132,0.6874507816141955,0.692725056550491,0.7700863525751351,0.8209740231439251,0.7459447587642309,0.7894520393173032,0.8295732848182247,0.7559355644964714,0.7495474739002407,0.7325841985465598,0.9024215799874816,0.8105891613039443,0.7861816987245223,0.8520592244078808,0.8415817405715222,0.7821041463798248,0.6976480593947458,0.7192437283524952,0.7485445247058882,0.778360812599928,0.7488821073117665,0.7705710293745642,0.7832490126887812,0.7507859337580659,0.7776732072143135,0.8037892747252614,0.7273559636810858,0.8183779931327445,0.7667592677950946,0.8033246132264845,0.7885980214355406,0.8225266960995596,0.7987153708644529,0.7002158488603645,0.762471471088535,0.6370673256337684,0.8391278937187764,0.7722489359515287,0.7891934287860631,0.7868236177992287,0.7499677636753826,0.7432764057835887,0.7671649578077644,0.781397731735904,0.7900660807126575,0.8559849279026482,0.7865225309413362,0.8789343487139761,0.7226846842248373,0.7466538662523523,0.7901129616408762,0.7964704599354386,0.8136526700729428,0.8119082759466028,0.7564033134263607,0.8003483898317328,0.6962569940092166,0.73083655206291,0.7775139794194736,0.720836143517401,0.8639320784052621,0.6788640105734417,0.8455926685698435,0.6543435353343091,0.7850049956588845,0.787461986138004,0.7886788086484329,0.6944233325382263,0.7241556532587662,0.7434586764193865,0.7324314841536327,0.7545261938626331,0.6901608412820887,0.7686894722323226,0.8202969387097929,0.8323258037885319,0.7677699437267792,0.8573971822848001,0.7312510313034086,0.8477003278341155,0.7129347330467835,0.8003054610852707,0.7675848430958851,0.7225281008576658,0.806106294856058,0.7558966559029925,0.6169771920757948,0.7934063406524081,0.8282783965153145,0.8127837497431927,0.7415546477447854,0.8315463691293817,0.7773255285764314,0.8038801417825042,0.8177161959473636,0.8670963589531246,0.7889677317814626,0.7946223990524112,0.756659799412913,0.771998864697054,0.7831507829750632
0.7574556769914546,0.7486440124581181,0.7294539136542455,0.7282562316991398,0.0,0.6540803819977405,0.8556486312592229,0.7015442203514441,0.7550358707615753,0.6726748984967224,0.7650277432572035,0.8034182741109264,0.6743008415048181,0.6575818844336125,0.9038427136483127,0.7380326733591889,0.7241714851778654,0.8105171827816597,0.7658019640797968,0.7414306570121906,0.8354470556960127,0.8303048396172249,0.7586669824223016,0.8296715423194541,0.7262951870864092,0.7416832523837833,0.7019619297732371,0.637020111267314,0.7143376059240972,0.803503654819509,0.8184161613633294,0.7054309940499027,0.799222334522046,0.6764357233901109,0.7614797166325111,0.7405926543144123,0.7343313892106916,0.7582395685130306,0.8571703810462944,0.7747942229015988,0.8319171547093577,0.7266852507239566,0.8912009348622899,0.8252934748838185,0.7434982027182772,0.7785964813522663,0.8251587054823484,0.757379472894609,0.8058826156184326,0.8425040159619507,0.8622377848465362,0.7475367514709336,0.7500785164942995,0.7985976851933261,0.7667021082599444,0.6464476106446299,0.8007402468514377,0.808192852856337,0.7619725446299748,0.7255950231560855,0.6272527309296003,0.6121203896641833,0.7749668200333905,0.7016045093939137,0.8121047446390904,0.6751079538552539,0.6569247326924417,0.768661426417782,0.7758037103712238,0.7319468857541217,0.8098243188763041,0.7284295062077523,0.6028070883938916,0.7663664804284412,0.6705009958068106,0.6762206053570434,0.7273247588426441,0.8433820615413152,0.7357810860371928,0.59997952431234,0.6355821204597369,0.844223710604238,0.8070649307576298,0.6074766588983505,0.6916000614668306,0.7440837689951977,0.6403260364313192,0.783178766883824,0.6513894825544811,0.6817666849128553,0.9099984472673717,0.7696449332965397,0.8404123388420471,0.6878944857395217,0.7491432798459051,0.7689909166095195,0.6792301553864183,0.674898251512271,0.653621689520224,0.647113538345173,0.698043082034682,0.7382472762105898,0.757320951077651,0.751093679936292,0.712569291696892,0.735319981242119,0.6822312889830123,0.6652718453331035,0.8237037040397313,0.7187065917065295,0.7907510509226889,0.7885180002969951,0.5939469754303793,0.6428382043953558,0.6982751064624801,0.6984118540303793,0.668585381642107,0.8081622730159455,0.6541738356226168,0.5935419917019782,0.8631453798272114,0.6812560665031568,0.6325996612500783,0.8138723196240568,0.6705809469012918,0.7594632960119124,0.5917477663121765,0.7809849646020945,0.6711414162232265,0.8232433347010295,0.6499555405271255,0.7045312836287002,0.5964591779871925,0.7053044185526876,0.7500262224085562,0.7865556882043145,0.783105977154964,0.8463467770362856,0.7710849023615538,0.8779002406378849,0.7083960399721314,0.6853025067299515,0.7849469045225134,0.7493568883950316,0.770436563612493,0.7848395129049816,0.8771107823942658,0.7228998558238414,0.7290414849379095,0.5713932272109578,0.7495179455060553,0.750304981610338,0.8553856152706757,0.7867561448740439,0.7734188108086636,0.7332583386637622,0.6740432923857625,0.719339005411428,0.7108297557759328,0.6428925038560649,0.642272041239996,0.6794969244367931,0.7890332236914338,0.7939890820499621
0.8080411096039148,0.9065590242231052,0.8420763395172927,0.7673519162772477,0.6540803819977405,0.0,0.7265947758519453,0.8854720481380555,0.7495327888697052,0.8452927171195065,0.8585913679681739,0.8338739998611656,0.9239300901297356,0.7879791722370498,0.6807280712918555,0.9114949424658513,0.8742970447936713,0.7136775637305975,0.7686207343262489,0.8245635696187116,0.8443078112562553,0.8042939566010754,0.6711512967483046,0.7840146413979218,0.8800775057867063,0.7759888126847172,0.7053746643252709,0.8050454020978438,0.8527006158105901,0.7371307662810321,0.7951363170531093,0.8977117081568722,0.783375309960601,0.8098693681060776,0.774708907058841,0.7236349096117614,0.8893788173921222,0.7959126283691793,0.7445013357299355,0.7612788185667686,0.7137682934292802,0.8714764105607116,0.7038633450795283,0.8217290210227549,0.8549533975521889,0.7566537313245776,0.7606197321985145,0.8562038945141146,0.7570840124256287,0.6854471995927125,0.7456947073916962,0.8352769448562117,0.6995525863924321,0.8361226782481537,0.7912670492110356,0.8970567139307007,0.7567506464341694,0.8480128716628592,0.7275977671655613,0.7232909144317909,0.9235174951185932,0.6726787614728048,0.8218204950511517,0.7033957242463247,0.62364697638556,0.7922594064724691,0.840202627559449,0.8173035009449694,0.7432225439997047,0.8623545029483575,0.7909626002761839,0.7124371795094135,0.8016168044694585,0.8400341598928286,0.935259099828225,0.8179110755821385,0.7978568761195793,0.82796418271649,0.7404735745545417,0.8396536421447948,0.9281474523927945,0.6886488128198037,0.8552903084879148,0.8873657982892871,0.7615404105171762,0.8524947327881096,0.9083112615211604,0.6720775347974739,0.8270045688363981,0.8411164192940289,0.6998447630815384,0.7565758785697749,0.7254869662499482,0.7809825097317004,0.7466083515630203,0.9008590861538321,0.7915127538490004,0.8880722379292207,0.6599807083255497,0.8213373981412843,0.7922048877750582,0.7793510181385293,0.6374672574580872,0.7437438096433522,0.7320790638863807,0.8185699998148191,0.796711252849546,0.8915894271129812,0.748696400918183,0.9085153535538726,0.835851385522785,0.6566613857299026,0.8795424708303398,0.8498172637975366,0.7478290101276783,0.8293496347917786,0.8762798304493362,0.7239128922866684,0.8907700951184779,0.7617410898896861,0.684884425848394,0.730376687794371,0.8508148705362205,0.8485442360000189,0.7402777203305528,0.882826730313512,0.680732634794946,0.8254419588199696,0.8679284849623825,0.7207683728333352,0.8704343105126288,0.9352888484576019,0.8098561047693601,0.7656640198221403,0.8028401080613672,0.7001634712341028,0.8610057124270548,0.7035303741516367,0.7457143057246477,0.6900499681052091,0.8040926352749593,0.8675837233766077,0.7748917685267335,0.7143316059486035,0.8737650103086105,0.7454575198696496,0.7660357049356429,0.8308842627794122,0.8654069805206179,0.7327407852099934,0.7550572608164717,0.805505937450776,0.7047168850372284,0.7362778237175608,0.8598097932982052,0.8252781410037173,0.8074042659867909,0.9116797250794554,0.7508067182972893,0.7551796177518336,0.8296966472520787,0.8282742026762085,0.8593086227907474,0.7520694003066493
0.840070263832708,0.8296789040575389,0.7414441777892208,0.8805650601370806,0.8556486312592229,0.7265947758519453,0.0,0.79450291359519,0.7842820468379901,0.7726816196936672,0.8501522826234069,0.8644911537340387,0.7955852421097832,0.7194639264810007,0.911124665896161,0.8040811122277957,0.8107509015190943,0.9031454858871037,0.8571819104140804,0.7974735747341346,0.8472795389526168,0.847742828770449,0.9116763433513209,0.8991905199017466,0.8442929566431138,0.7614467281629695,0.8498379486268266,0.8062514707809122,0.7672656107993984,0.8604878910784904,0.8600070864785466,0.8144124253139788,0.8572204793596022,0.8052607618760393,0.7957782352633511,0.7183981204280686,0.8377150947061119,0.7506710631924526,0.8487521509820772,0.901636740518552,0.7805391193718322,0.8053120417000582,0.8534762105190051,0.8237129399770764,0.8361828800769029,0.8754531342731638,0.7791286845555765,0.7799671187403062,0.9489055917758532,0.7879052062334684,0.9248006544788833,0.7534626888832596,0.7755851131470506,0.8520378568980284,0.8256842304558425,0.7158890775255833,0.8635161429865644,0.827527299785215,0.8727533392613387,0.7834275674274322,0.7428690107163388,0.602874566865738,0.7565138329875042,0.6757070760883584,0.7770628526858385,0.754234458978445,0.7865339659975352,0.8091192306734516,0.8047193091765408,0.8483220157806619,0.8023879618846435,0.7514945376005863,0.6724983860485462,0.8991840214853584,0.7487763094155514,0.8090714068500456,0.8724403601449819,0.8860304432818331,0.7493166206516066,0.6644729818671377,0.6661979348213376,0.8358868824682624,0.8662722841532772,0.6563639226557986,0.7349094953876595,0.7747217536056421,0.7297332910664411,0.8571005878318078,0.7954762580652396,0.7530636544689394,0.8829045523306172,0.8099112484036926,0.8501340450434973,0.7899735604321506,0.8000749202525236,0.8164583532704734,0.669645457907605,0.7273885211514183,0.6294505494636887,0.7831204119117534,0.7553376498717947,0.8358378225786556,0.7855576936702751,0.7654810732842922,0.7212991301570789,0.7711914310421962,0.7424258940199924,0.7678127894814013,0.8801838776979498,0.8048092356458643,0.9045267087270604,0.7406046508412619,0.683562121459578,0.7548446119114923,0.7374803599130108,0.7916621792280236,0.7880999811439429,0.8618923788282428,0.7064123181797667,0.6356310778910665,0.78703693442507,0.7042676493708163,0.6816982127065863,0.9223592493612982,0.6826018977662806,0.8327615450710009,0.6157089516833739,0.8167699481173573,0.7126479063659175,0.8113601053131074,0.7158349711239362,0.7035974462419624,0.6981340790392524,0.7134306391356805,0.7721148704674086,0.7331538807727828,0.8290839357586305,0.8486592612908901,0.8358313308733036,0.8905924563152241,0.7906828384907328,0.7141006336571072,0.8987133597468192,0.7086098331653409,0.7992046216246748,0.8307304407064221,0.8066421543024607,0.8153735840389356,0.7728306890187446,0.567912362377647,0.8253327028235588,0.8250974804815514,0.891037066239013,0.8121312455864119,0.8381238204743499,0.8225127919160738,0.8201353890496059,0.8207179623683152,0.8175461834301184,0.7730441316876554,0.7187560892275651,0.747501107326711,0.8146818411482767,0.834353677567267
0.7925675179129288,0.9520855406190524,0.8646288750773163,0.805280602942925,0.7015442203514441,0.8854720481380555,0.79450291359519,0.0,0.8049054959797892,0.8976049140810121,0.8233474568348393,0.9192749119924521,0.878700290197601,0.773467059641511,0.7649357443071968,0.9010916271797976,0.8759191063639715,0.7774824775285895,0.8153210741886251,0.8349865304678208,0.8464004070101709,0.8389934286128642,0.7911339650811066,0.8185325888878513,0.8961749746134808,0.7569515761969633,0.8519257194054598,0.8263036306231216,0.8529747150245425,0.8267522244083947,0.862945221335512,0.8780484801182621,0.8518199153247356,0.8482148687992921,0.7813301991872161,0.7776671816176266,0.8426154039012275,0.8215539386735355,0.7982932893032125,0.8195498027733432,0.7911544084124769,0.8612942800016191,0.7527061803836453,0.776462707195657,0.9408040545981968,0.8564705646271095,0.8289281774711701,0.7797232434021368,0.8082904632562138,0.7441997625893599,0.7719928830205299,0.7935600075731105,0.7315649799542988,0.8469164861254629,0.8110357189418934,0.8618520009093324,0.7749454791577186,0.9050367198905275,0.7697293947153215,0.7973141687028569,0.8455240969626514,0.6666395077598942,0.7672809851002755,0.7399672253741191,0.6378415818701786,0.7404516801319667,0.7995060079195463,0.7780276606451062,0.8223771253143496,0.8940112380839565,0.7644219167074101,0.7316305232654814,0.7033159859271341,0.8613144960643193,0.922897940872341,0.7850982655385533,0.7927875076067799,0.8583892960024118,0.8017484006153413,0.6834690318461496,0.7713486956464806,0.7323903983987142,0.8919439241773818,0.8160972509997874,0.7354937562326966,0.9165458848702673,0.8069678403164227,0.7281122278407473,0.8856174703144958,0.8613846529859399,0.7528237436098892,0.8229782560327811,0.7788196162090011,0.7387736770085855,0.7210913278539324,0.9084870894103332,0.7682104331770296,0.913860197429126,0.6533546475180626,0.8493646207632071,0.765853460705936,0.8245816092739077,0.6854967600692066,0.8397263625031498,0.7489163522561724,0.8758348611285397,0.8283597020000405,0.924787714600123,0.851160568942762,0.8574840725234227,0.8174401519906603,0.6838727150995125,0.7416591634169287,0.8820799033895065,0.7571517635898029,0.8611948911817651,0.8559400065487118,0.7783365565005615,0.7953009681605591,0.7443263620637706,0.7009029105774575,0.7862944881940724,0.7528320102753591,0.8460129972447585,0.6699953394220604,0.9036332467559633,0.679112640036202,0.9040863560004652,0.8695621021655027,0.7788962171259584,0.9274387537117492,0.84112470612346,0.7322908826727051,0.7277556745100114,0.7843389109525325,0.6699469580338301,0.8915557482006198,0.7663643448292908,0.8547796008677683,0.7961031474168554,0.7856780165909067,0.8156226695904705,0.8439644590241682,0.7427660092207535,0.8323033928758254,0.8051153198200888,0.8253385052806143,0.880693429688819,0.9160832913751487,0.7177686360196619,0.747727259942659,0.8091381093367063,0.7952940379597687,0.8751429051447569,0.9177862812025601,0.8157316104390001,0.772792093874899,0.8997422494086496,0.7318270373478274,0.6992965373495635,0.8090468191457697,0.7581594226028583,0.933555789198366,0.725506818741563
0.8840777024202718,0.8292374252983027,0.6735615166980654,0.6942916478327199,0.7550358707615753,0.7495327888697052,0.7842820468379901,0.8049054959797892,0.0,0.6786682981621224,0.7396503585369842,0.7792601342854567,0.7649525475831707,0.7490346386423961,0.8236607416660022,0.7228626333925465,0.6999181306473965,0.81324021025774,0.7272374245939918,0.8532952395996722,0.7482381714007771,0.7993517678652381,0.7130731900929714,0.8074637603165808,0.7827338745046402,0.7191200319570464,0.7262784230740892,0.6857544924472788,0.681421696103958,0.8036221812852626,0.9098398216907757,0.7352672917463456,0.7749907714867343,0.7379283533305728,0.8568420763086182,0.7027469105278038,0.8260599381069925,0.7882233334016188,0.769978360195609,0.7421563892822847,0.724983458803178,0.8435329200925847,0.74457074459529,0.7933779946592247,0.8253580491785658,0.7835677373507235,0.806089844772566,0.7431720741252812,0.7729939051080155,0.7598587015804057,0.7471676193126753,0.7606895497309993,0.7368936449734532,0.730714281922386,0.6920424232590867,0.8595284223720319,0.7914631510420288,0.7465911620799116,0.7222841518083417,0.7354523658958899,0.7072475039060064,0.6419283992632437,0.7163055111451597,0.7063920327157002,0.7720280560094618,0.7298519777461565,0.7823053602325919,0.8232148009814202,0.7085481644681748,0.8095414842713453,0.8774149700485193,0.773989038038667,0.7136270642010958,0.7308392412268282,0.7317005629393661,0.7972483549405852,0.6737305280258039,0.7525678129463124,0.7579114681821839,0.665797607271745,0.6816419753707441,0.9088171076052739,0.8725505853690592,0.6984671068738871,0.7167634261657579,0.87743659984863,0.7846924564823614,0.7625981087965761,0.7568858024988969,0.9140226246381958,0.7801408362850739,0.8698184745839033,0.7137757314234926,0.7594397391972972,0.7818255027761034,0.8346315128289862,0.7463257678669464,0.7977044662185547,0.716259092529874,0.7488167149170408,0.773523976899152,0.6700890932041683,0.688776002147686,0.7064881114544159,0.7614034471114713,0.7619251231158228,0.6270383968439087,0.748766481839596,0.752772064966581,0.788211207715515,0.7504653195383744,0.7513904212462743,0.7172794675816823,0.7246609379854688,0.7318899310466292,0.7921857349407225,0.762789516006918,0.7108764138956668,0.6340119833299479,0.7222060085258175,0.7936416566220283,0.7045379858837405,0.7600755175097934,0.8205921996199348,0.8038401602839904,0.7361239788275066,0.634900895774664,0.8082633529759471,0.6726138844685496,0.791932322908955,0.8399286649143667,0.706250986453666,0.7245839243848666,0.8443315522189336,0.7786013628702324,0.7782398116321345,0.8750103127829947,0.8131181927792596,0.7404125700846608,0.7914744385306797,0.7379387680385083,0.7365031240351659,0.8613083421674093,0.708852632265906,0.7921056117336541,0.8517948039179241,0.9200132670265726,0.6800425574245875,0.7552327870173797,0.6070188061568492,0.8387394739008027,0.737451540190624,0.7576053036875633,0.7424307632888901,0.7579973439502397,0.8576116837195021,0.7471918508006804,0.7656995744129061,0.7666825277338963,0.6539675309124329,0.6444098151045392,0.8283040154990136,0.8918923593115489,0.8376560830593982
0.7071180624068506,0.8925171255378829,0.9363135902100366,0.7687740612137697,0.6726748984967224,0.8452927171195065,0.7726816196936672,0.8976049140810121,0.6786682981621224,0.0,0.8391713983829111,0.8941058046009136,0.8237285296480801,0.6818073444038434,0.7331399796569538,0.8725439774870439,0.8291016570678424,0.7284877209470381,0.8182064333400199,0.7518875574346939,0.839002519844275,0.8552285650653833,0.7483404170287925,0.7861481028402572,0.9108621407122068,0.6672137310557626,0.7686366965865445,0.7830349486112637,0.9002013921780371,0.7513784412308849,0.7724136807349496,0.851005276343983,0.7719389647324056,0.7493574285434784,0.6899320791870864,0.7086242487632674,0.7949983811131551,0.7197856567262954,0.7739093237819218,0.760231805538235,0.7204041993654605,0.8128875062386535,0.7410410131338816,0.7413419554771326,0.827115073922915,0.743807636877796,0.7227082398173121,0.7916188341661576,0.7893356110802353,0.6665154488379276,0.7269814780368223,0.6834994422009627,0.654870487320252,0.8484960077356042,0.8217884348553999,0.7433231333744501,0.6956333687053248,0.8542083160441496,0.7931844274972694,0.6839920483000186,0.8357471895582325,0.5746473668912482,0.7127711929574347,0.672784947473568,0.6015371174227129,0.6857349439109415,0.7338528677025573,0.7518475018046422,0.8345186551859713,0.872358284367983,0.6812596777698836,0.6444899443581492,0.6405446310423246,0.83858252148564,0.8579031633488542,0.7105561195828533,0.793820028805583,0.8120349589988736,0.6725357840852374,0.643326048995653,0.7737572655628441,0.6433634344822097,0.8269632928111423,0.7376602860071984,0.6381980435164907,0.7664547589240301,0.7596933543968525,0.6707308276734746,0.7713024292990907,0.7204673979902877,0.6670652503535118,0.7030345373305358,0.7559560107821196,0.6657832085607999,0.6499292501619569,0.8843803408809964,0.6973899519192862,0.7992628567286441,0.5605275029823815,0.7274442010800005,0.695863352843909,0.8753086368282281,0.6338314369805019,0.885137413319247,0.6403609857313216,0.7440084545355399,0.8050731876646889,0.879951327261921,0.7700275306619749,0.8518740053348812,0.8108345041926337,0.5935027438561425,0.6949652021861614,0.7996241667054754,0.6398051920770992,0.7195983587277407,0.7770375736387097,0.8389725554078129,0.8339894225479118,0.6193289127688529,0.6184081518369332,0.6600435218455617,0.6698120316702358,0.7848603111115898,0.6088927537935268,0.9153154608851953,0.5820091746999331,0.7849973272154446,0.8440869664423866,0.7152765634797227,0.798172922722266,0.8112941260137818,0.658365637061809,0.6152348001504151,0.7859372345987731,0.6407061164291034,0.798745943032403,0.6781355833899978,0.8380115429862919,0.7506593760929933,0.7896978338812838,0.7525812176047796,0.7292339855715767,0.7106394820097776,0.7927021134457214,0.699017008570284,0.7235381605213956,0.8973639201853096,0.9341920247623317,0.6472331890127578,0.6742350357846085,0.807218628867407,0.7613821745508226,0.8470410535999614,0.9119855421380396,0.7716983702158813,0.755126837814758,0.8486727529831882,0.682256524068397,0.6550944353439903,0.8555208332424066,0.6730780601803462,0.8328462893051611,0.6619307477201763
0.8770314628848279,0.8901811460207771,0.8367699341506181,0.8519363013581488,0.7650277432572035,0.8585913679681739,0.8501522826234069,0.8233474568348393,0.7396503585369842,0.8391713983829111,0.0,0.8650794514302242,0.9057200078999171,0.7715251811144681,0.8260038238185451,0.911350626886798,0.8885848021691968,0.8594760728644545,0.879210784841124,0.8965059880479377,0.9317113781589037,0.9086046006377928,0.7715393046773956,0.9259834040836588,0.9324594856519672,0.8054180769436146,0.7475299570014347,0.8544924772490893,0.8922382360958496,0.7504723179902701,0.8499882422152159,0.8823436808567948,0.8279127272908994,0.81250574826566,0.8434901666787427,0.7340620926830356,0.9412383043443178,0.8271877103170233,0.8712636610661095,0.8689520085581077,0.7754129348359106,0.8218054253387251,0.8561869887547906,0.926383409690459,0.865236346757056,0.8037299113492874,0.7132828356509673,0.9642993097228657,0.9150733292966523,0.7612786644209365,0.863728536786921,0.8034986014171775,0.7463213756855334,0.9333969915496714,0.8943004830782425,0.747370320345622,0.874224577464793,0.8367355751787708,0.8852367455511481,0.7366753484128018,0.9155494204831094,0.5989229488384723,0.8621456004427904,0.718858159233355,0.7535788378905204,0.8568324279485817,0.8650535368591669,0.8543560312856799,0.8440774555297117,0.9255353262836719,0.8411332091615621,0.7771323999948088,0.7828244560869857,0.9230148121356206,0.8713590334388821,0.8495559594534446,0.8900635526955373,0.861272947456699,0.780302350951304,0.795878316556204,0.8489751690592726,0.7576493782877167,0.8520885744898345,0.8105626649896214,0.7760154820574598,0.8161979350954297,0.888249657308915,0.7653565680796244,0.7773240989376825,0.7626635362876946,0.7732485381622173,0.7325672810464184,0.8323449925016772,0.8522738013109249,0.8242396089123928,0.8955661388648805,0.7715535583615604,0.7768158060739545,0.6351235886834427,0.7697507738305411,0.8432952665884744,0.8828249271446253,0.7058877353358982,0.7853763251810784,0.7380572730200796,0.7700013525863942,0.7939725432945742,0.8520646872785572,0.8077905704262813,0.9397638140917849,0.9550007647241663,0.7254104737977578,0.8189709759510503,0.8097997576288716,0.7637334730947221,0.7771701479729658,0.8561020631568809,0.8858127150133158,0.8771350908852388,0.6540340729520656,0.7814173451708366,0.6743139071069779,0.8173379979601979,0.9203101532011918,0.784823295861006,0.9317176591736366,0.5958593832491791,0.7981500225950967,0.830740154940747,0.8258892803123709,0.723974044893034,0.8478687598284821,0.8151148146545832,0.7653391218021464,0.9312771927206379,0.8181195016397581,0.8887912370423695,0.8125350805214931,0.8816424114513347,0.8102543864559445,0.9000956310500696,0.8129306029164892,0.7993117239759433,0.7424499547394109,0.9441398657276708,0.7644353192254529,0.7778465113284354,0.8253565278472311,0.8774034186533944,0.6345275570467563,0.8744850883921524,0.8883116908870251,0.8576054654032204,0.7364848823262607,0.8896884460309135,0.907728723426119,0.9106969925861133,0.8572748659645176,0.8677924670643969,0.7874096946397222,0.8292050869133982,0.8420139361207463,0.8244718938048881,0.8750952294288519
0.7837060734898162,0.9215153481695718,0.8626820138317763,0.8081406652583403,0.8034182741109264,0.8338739998611656,0.8644911537340387,0.9192749119924521,0.7792601342854567,0.8941058046009136,0.8650794514302242,0.0,0.808632338720894,0.7153358705048803,0.8272677537981312,0.9047902754246377,0.8715314761316733,0.7900899567963836,0.9241394452596511,0.8256549876263104,0.905089864468486,0.8687597161105763,0.8437190309148994,0.8486503312236114,0.9123025630424062,0.7206303082041994,0.8213314898110223,0.8080419984897895,0.8797296514070673,0.894236335643517,0.8990785465329846,0.8903383267667248,0.8454946320219827,0.8409378674401015,0.7836977637648249,0.796100436722531,0.82253799064393,0.8099390498099092,0.9002325750178277,0.8032557646576255,0.8221432280618526,0.8357012211350139,0.841964391587568,0.8263132485810071,0.8864771150260371,0.8371649654023356,0.8202730207573625,0.8111249331704321,0.8727331026618976,0.7887712679512213,0.8428385678380312,0.7633709549081696,0.7485540219108439,0.8947512128485624,0.8821607257078693,0.7643067807118117,0.8171242532974327,0.9692077591050547,0.7998113589858983,0.791573019780642,0.7893374910063577,0.6374484653140033,0.7780067516038032,0.7386041670425285,0.6863951993716363,0.7165885479025079,0.7301836407305687,0.7562810882922977,0.8244762782322693,0.8745671785336916,0.751596702438301,0.7295643088156499,0.6545501079880743,0.8617566259040877,0.8688695564770247,0.7721286208053167,0.8246543002884422,0.8996072176675888,0.7724024358187446,0.6633229897057599,0.7315610477123289,0.7550498903232207,0.8880326693621463,0.7299940456730896,0.7349813983661321,0.8397445187520287,0.7637497940342725,0.7680296967119358,0.8265238546569333,0.771067527729575,0.8070444927584559,0.8291906531993039,0.8727399682163413,0.7434307594424869,0.7121597966220046,0.9049490954007772,0.7492965116225261,0.8437890412067734,0.6440742806779902,0.7658962109551141,0.760414917086632,0.8912636125281145,0.7283984198364473,0.8918857218849456,0.7391348219176447,0.813834090711123,0.8331972370299671,0.8631116570958098,0.8498337836853881,0.8433907738756714,0.8923761194063194,0.7138273794921318,0.6775560144803754,0.8427705999267746,0.7233262807780595,0.7844901578695098,0.8369495309286198,0.8938033460566343,0.7823759780243593,0.666422392024761,0.7400232349996249,0.7418168140802944,0.7051845143093488,0.8746039020555123,0.663112478465406,0.9358345071660515,0.6325450117841867,0.8866147230211316,0.8489624175493603,0.7724429549874341,0.8294788011819595,0.8173369928305984,0.6826559732519383,0.7104680594196652,0.8100099767507984,0.700663180666324,0.8872804380704516,0.7819064000792691,0.854436124305295,0.9031751474712422,0.7777773470953719,0.8021051139060293,0.8427093804277425,0.779251106385236,0.8454699635392022,0.7963994646035426,0.8440940218269863,0.8780705901224999,0.9242681912034522,0.6839713365201701,0.7732109628702215,0.870897124633754,0.8859969750267703,0.8566659543153711,0.9507833946863893,0.7928432454164975,0.7610845514745369,0.8604678988455187,0.7257245965778035,0.7114621166232408,0.7424288685642205,0.7436929934895915,0.9125822657310654,0.7494908192307211
