0,1,2,3,4,5,6,7,8,9,10,11,12,13,14,15,16,17,18,19,20,21,22,23,24,25,26,27,28,29,30,31,32,33,34,35,36,37,38,39,40,41,42,43,44,45,46,47,48,49,50,51,52,53,54,55,56,57,58,59,60,61,62,63,64,65,66,67,68,69,70,71,72,73,74,75,76,77,78,79,80,81,82,83,84,85,86,87,88,89,90,91,92,93,94,95,96,97,98,99,100,101,102,103,104,105,106,107,108,109,110,111,112,113,114,115,116,117,118,119,120,121,122,123,124,125,126,127,128,129,130,131,132,133,134,135,136,137,138,139,140,141,142,143,144,145,146,147,148,149,150,151,152,153,154,155,156,157,158,159,160,161,162,163
0.0,0.923286576419145,0.874189767926685,0.7617026420581833,0.8709928591228522,0.8357009616303576,0.8516793317043153,0.8390680233450745,0.9238495471273149,0.8338540885047027,0.9394186290510224,0.8730306768421814,0.8951383778535205,0.8985768490547611,0.8607324416975921,0.877769976345635,0.8411215699347484,0.9588211411415031,0.880332316694747,0.9418856134165868,0.8925222888832668,0.952023527803595,0.8599365702168513,0.8922342421488867,0.9321295544267636,0.819125987206681,0.8185835336417456,0.8344694861748307,0.8887235106121819,0.8472428512490852,0.8812564502373761,0.9244387389665856,0.79455453558273,0.8050546513265872,0.9432617332323562,0.8401839803181339,0.9266492196845838,0.9163368274045813,0.8099677507258928,0.915287355496231,0.8053924433103341,0.8867757871068388,0.8613198985414284,0.8435528132420735,0.8919171917298332,0.8366946969492781,0.8271655539053309,0.8815444636130568,0.9611277078155704,0.8495430193128496,0.8622131903002549,0.8476763573640632,0.8079135332361507,0.8236141401543082,0.8396402148592221,0.8192153177768245,0.9165878686976572,0.8641433851572864,0.9018726289233476,0.8771240665683715,0.7967167955649088,0.7653302247717356,0.8443361449728349,0.8169494236474318,0.8131931924822982,0.7897736025517496,0.8558569762154596,0.8905462814163755,0.8325544129202996,0.908771220299781,0.9257576144486072,0.8481999256976698,0.8524753794758276,0.8876888142597551,0.8390860073438151,0.888719342807726,0.7913016114904912,0.8523847639193475,0.7997256765445967,0.691596264397647,0.802327303355862,0.8966063839028213,0.8717361798338309,0.844425528055531,0.8534533129237001,0.9478220793154069,0.8753957609502864,0.867801455741139,0.8434245242562269,0.8101314428383433,0.8824959688939533,0.8270637299541945,0.8635748602779764,0.8666171744181671,0.8852872612683712,0.8602938143035099,0.7254971427402336,0.8146501900313413,0.8320390686587739,0.8243870329385743,0.8236215174827326,0.7276665939649768,0.7217882663129478,0.7868458188019544,0.885057386772756,0.8168802195657311,0.6878866410173764,0.8515776515473693,0.8523569545039379,0.8719814616376815,0.8514800051781898,0.8582125921086664,0.831679175428085,0.7924261144955431,0.8795372059001445,0.8737239970165945,0.8839395765787041,0.9154170725458488,0.7621709404329807,0.8412223243222603,0.8547644493338564,0.7194866778190995,0.8901238695651532,0.8872307564855096,0.863123814150351,0.8528919988023517,0.7420248375914374,0.8263151609416286,0.8297289450120805,0.8673676341812536,0.8184683447077997,0.8110119764148342,0.8172226850716034,0.9230707672617688,0.8709121802845845,0.7812477556343409,0.8937539354334088,0.8777716972694868,0.9237406172223785,0.8650245009138144,0.7858240096683118,0.92497641946213,0.8991248991280456,0.8212634660075853,0.917813481491593,0.8966090859803042,0.9034700139767183,0.7431873742091386,0.9448380316000485,0.7003340337408541,0.9061530352942782,0.8485432210007411,0.8578762708613666,0.76666370205354,0.833644189375729,0.898177378918313,0.9113150708463571,0.7982371810159637,0.8335634579471413,0.8076549021694269,0.7622725889384908,0.9334609095336515,0.9125189806608207,0.9776858682167946
0.923286576419145,0.0,0.8954099610365017,0.7970317258639241,0.8231329918409696,0.891471023320104,0.9046874065341471,0.8708086100540823,0.9103423713543821,0.9058548069642416,0.8522203922107667,0.936861948540782,0.8683296487238833,0.7998442142713245,0.864250716473072,0.8178912770427527,0.8015844928475612,0.8645675950563821,0.8829421048917754,0.847572129847757,0.8890583791770499,0.9331940238007463,0.8622246912997188,0.9202038335884882,0.9351749661177592,0.774249864980175,0.798898597799256,0.8009579254494129,0.8572782368024692,0.8402740054436072,0.8740390139460897,0.8795600629169491,0.8422451189673316,0.8235303954576455,0.8519262590777975,0.7862368426885891,0.8816418735316017,0.7872534376652247,0.7839365638959379,0.9251466521976575,0.8127077295356119,0.9221179133355193,0.7590687816070084,0.8027098709626059,0.8907365602142637,0.8490046438022749,0.8625645447295843,0.7951725628842214,0.8954818770139774,0.7601756121183088,0.8333487926318797,0.8579913862125492,0.7800507853950137,0.8419621590581289,0.7733228327469116,0.9084232703198765,0.8361945755508096,0.8559960147069796,0.8245867948112539,0.8448552193996445,0.7920626658520089,0.695097032990714,0.774902264369735,0.697987684636056,0.7469455201803067,0.7326603535350159,0.85825686467324,0.8771903869668878,0.7221697995448517,0.8601888729201985,0.8775404987054921,0.722205177188493,0.7663478470599271,0.8806555240818825,0.8024399267087007,0.8401663147634989,0.7635871388427675,0.8739669572645906,0.747907188738737,0.6691521378109947,0.8078147262113853,0.9011651505144966,0.931473265647961,0.7639368861923584,0.7727534245261564,0.9495164395156435,0.8108863172790751,0.759529540386327,0.8665160365339413,0.8919421743506607,0.8225004776234668,0.8834593844618424,0.783741142082373,0.8079370623417526,0.8168293361588843,0.89787439288913,0.7018942654844257,0.8755062422080382,0.7251807591436613,0.8874671879020098,0.7315706630330808,0.6859913036284288,0.7013638056708849,0.8220969894287503,0.7812531286037494,0.821932327464794,0.6839754027585775,0.8646779025472724,0.8786819066561494,0.9161216461634216,0.8665471649183855,0.7481418568919084,0.8097642957369997,0.7299363223500084,0.7969198097907577,0.911289952571517,0.8788189516433974,0.8047525439796452,0.7578425560639229,0.8125366380079503,0.7525121181762275,0.7035296626405496,0.8255226892337727,0.9253681841519863,0.7584802919133437,0.8708065794778517,0.74702845697094,0.8552474694674965,0.8201947242590322,0.7721195280973332,0.8516711403013996,0.7810006394865365,0.7149923052944329,0.8747992607248651,0.809464047028462,0.6949849502468363,0.8723990438382047,0.8197980887994717,0.8496236830279064,0.8244587693452071,0.7693916305657009,0.81347548497897,0.9517784156068464,0.7559506176954656,0.8334652818008796,0.8725381776761758,0.9289483482917568,0.8366363998984584,0.9204741639649,0.638896712544286,0.8349766562478932,0.8134126091009096,0.7997044611023304,0.8454894927769229,0.8856621074232807,0.8773573211989393,0.8874995906913443,0.8816393519895066,0.797412181485095,0.7339960105269414,0.7909556588809394,0.8552143749190322,0.9502671135182758,0.9017049455134483
0.874189767926685,0.8954099610365017,0.0,0.7721329063757205,0.8099152228818478,0.9015335870279412,0.7831922357778225,0.8985553590280526,0.849602515052077,0.8902738292169645,0.8889715035869261,0.8611347049221928,0.9285572069969737,0.8060485333808847,0.7412120161508687,0.9471204240934784,0.9230179865130081,0.8722246355661617,0.8332647917378603,0.8136970910561334,0.8976675402040097,0.9137246105410782,0.8351644390321189,0.815350825762444,0.8733393093017492,0.7935562320846378,0.8565757203266648,0.8809875436322274,0.8188828407431098,0.8771928654265402,0.7424206750264448,0.9379151695842038,0.7585070028095734,0.7772517139058822,0.7606012905964892,0.7514656485224378,0.8361075306633093,0.8226850203498811,0.7029596296214393,0.8999321633298928,0.7431176159553817,0.9430724319735928,0.747180024307117,0.7155675873352353,0.8439045698259064,0.8298594713864085,0.8210951158867119,0.7525964264054016,0.8293432391079475,0.7601680696030063,0.8163451134077356,0.8553600449992906,0.757142111202924,0.7894992078047515,0.7416440295663409,0.8374382252082375,0.8360735521089709,0.9265627808355928,0.7787456505775003,0.8475072043193841,0.8241769016945976,0.7747743220626119,0.8389734206006432,0.6935788084936099,0.676587301157697,0.7362746394802171,0.8023589355808435,0.831154304311357,0.8149016913324468,0.9036322818607223,0.8172520504608707,0.6644003327581501,0.8127976628896209,0.946981540382301,0.9181878540643497,0.7264897631465143,0.8556407490855713,0.858335398792825,0.7316481583446574,0.6699552050150617,0.8192557320730324,0.8085858957322258,0.8688194793891679,0.8345228536875703,0.8133641429130163,0.9170163908150718,0.8200825742643195,0.7335488490578757,0.8682156262597601,0.7898739154080008,0.8597501727335031,0.7408466825443122,0.7706621330096053,0.7547125947509967,0.8066349810660379,0.7841596399847388,0.6766676444274975,0.7985031754662748,0.6743523226266354,0.8574065900069879,0.6423093681801236,0.7421007271429626,0.6541696044713068,0.731577137436399,0.7876676664106308,0.8815588567747557,0.7717964877739951,0.896839264282844,0.8225716796854329,0.832619137909384,0.7959825707408736,0.7336613014936194,0.8129704546960309,0.8404223831808237,0.7944656703095705,0.9627374226864943,0.8367438544005568,0.7744846848763172,0.788830086947748,0.8443365287261551,0.729324436692564,0.7333514801732696,0.7969993550980434,0.8396160175336081,0.672911623645115,0.7926684392716101,0.8502626826461532,0.8259494103064966,0.8217785427438389,0.7189633862223971,0.8783753549449289,0.9304602844951322,0.7460205539210839,0.8018950752097374,0.7336467411431473,0.6218527500714797,0.7953787011242565,0.7231710495888647,0.8290976941746591,0.7583574055546065,0.689929305609601,0.8591645646496429,0.8689145103940278,0.7595985654696216,0.768215290921922,0.8040583325196203,0.8424077582415022,0.8468085671828277,0.8808563247211362,0.7565341262260177,0.747811376005122,0.7374336065781881,0.8299593347494203,0.8201927728253658,0.8275854373755134,0.7936389874375361,0.8677828957899537,0.8665049655208222,0.6982045516886045,0.8023770551461324,0.7702301392235679,0.7635083860327552,0.8439324768439237,0.8625218057318041
0.7617026420581833,0.7970317258639241,0.7721329063757205,0.0,0.7296976062131385,0.8475247269406325,0.8332936260646883,0.7758582567137845,0.6923981006473714,0.7695668582442394,0.806774387838804,0.8380956575967273,0.7258110257184083,0.7129168010172985,0.7580184726711849,0.7102227859246738,0.7519603982921519,0.7349692369740173,0.8817030187592515,0.6650423186172021,0.8282653348017687,0.7548953903184716,0.7617431045596202,0.7403076935590868,0.8118192969557853,0.7951104264088035,0.6940851538644239,0.7748853500855708,0.829057792643468,0.672337123633201,0.7435558106279718,0.7671084757861575,0.9473301590401266,0.7841410767425249,0.7699007602721296,0.8278655738127849,0.7380304378147137,0.7239329338705376,0.708505313285251,0.8100654239406598,0.8727438246751916,0.7409824841555241,0.714482684028745,0.825554828754321,0.7489321287800407,0.7077240747785782,0.6833504737541981,0.7484763734979271,0.7682154496552455,0.6925419435829729,0.8660964801347357,0.9086678373393196,0.7384158096935479,0.9126357015654907,0.8480001902127606,0.6938812670690452,0.7412794527609925,0.8549820869412317,0.7339134339434321,0.7319093983593696,0.7800103189545912,0.6967113904442344,0.8653272099852732,0.6241460167375968,0.6656947221222924,0.6812436577242882,0.7255373736355101,0.6982590074708046,0.6766304253663256,0.8006940001775544,0.7332648830043359,0.6441426274414679,0.772520848857059,0.82769503689028,0.7608501632265561,0.7038496010737929,0.7220448503156057,0.7735003038606897,0.7471818193038701,0.6390521939434485,0.806207687618678,0.8063666586166843,0.705568481740346,0.7687797418178882,0.8190364338162921,0.7643888168522055,0.7647606000732625,0.7215942379073739,0.7596617478608986,0.6527017257808824,0.8277611323182716,0.8304515443320668,0.7651280732462925,0.7205723200900365,0.8021139534000362,0.8080665962246562,0.6725139601606521,0.8397400385412035,0.6832235649785346,0.842274970157772,0.6590571517849638,0.6769392110241115,0.8780946512659327,0.8634861861094976,0.8013465050414038,0.6793838724816308,0.7009058450488432,0.7503720968293858,0.7578965466658178,0.7120049938896814,0.8993738842978324,0.7415335251545268,0.81080041822975,0.6826224941538724,0.8453627706234866,0.7752412631610897,0.8424578539373363,0.6628922462020455,0.8987239387167322,0.8207978392761553,0.6386279213093147,0.8676311470377627,0.7269074767391178,0.8083570221719846,0.6647763923734054,0.8551351738314188,0.7566113330955744,0.6828202533839961,0.8947376291466627,0.6580023197198356,0.6639322808102229,0.7020767272884307,0.6440356798256075,0.8207237977958493,0.6888066502938207,0.6013529352619015,0.6507639048095406,0.7455408969336664,0.7217147480580398,0.7124084118827545,0.8955985252753849,0.692331273385111,0.8189509325603413,0.769316635111139,0.734234540951865,0.7798179664135328,0.7346507813538866,0.7205365139731951,0.7476328432868907,0.6081768050702103,0.7969810562310503,0.869591922736197,0.7010798836310361,0.6264137316896565,0.8843749037003277,0.6929907948317066,0.6969726670910776,0.7894791568063685,0.858665068809689,0.8067742727660706,0.8087142909702815,0.7878915744908058,0.7742786879695899,0.7805078617586862
0.8709928591228522,0.8231329918409696,0.8099152228818478,0.7296976062131385,0.0,0.7171742036937554,0.8579841617964787,0.7275622127268202,0.8499466209381188,0.7305295833367649,0.8515463049009042,0.8296186790594018,0.7311582975620858,0.8107093741672852,0.8731797591549827,0.7921511607221546,0.7749494681460615,0.8924924881819744,0.8245748322743,0.8032062999824434,0.8404245335563315,0.899684412055445,0.8282507536956315,0.8160299310257907,0.7904537543685083,0.7585228702501139,0.7753653038978333,0.7161543628722766,0.8491483839387169,0.8472455602978461,0.8278001658777501,0.7977994701454756,0.7889946900198437,0.6905196225263475,0.8743849023901168,0.8749592141578231,0.7788987106951885,0.8744334288366281,0.8268057190097325,0.8439592634131637,0.8519748539972758,0.797798374320219,0.8612710714582461,0.8227780287984184,0.7620726374606607,0.7636077663305132,0.8461553482756974,0.7938135058379358,0.8922185516773053,0.8856314814587537,0.8702131037429485,0.7959401258506438,0.8339887957359597,0.7936836982024772,0.8330191652272577,0.702665447954175,0.8565082710918855,0.8510802846213548,0.8327237720256279,0.8554472492110174,0.6462873019732243,0.8066683774975133,0.8071433746684546,0.8183157693332775,0.8157289212096586,0.6668432165469322,0.6844000776391199,0.7980893539260668,0.8018211800160331,0.7908170450417693,0.8524762721859679,0.8225934632054382,0.7220073509327478,0.7973462220046152,0.7472601785813711,0.7363441895577169,0.7211141626542226,0.8827567934613944,0.7286139761183945,0.6012447003054254,0.6898747868706341,0.8664794533570027,0.8170273849098688,0.6928705825682238,0.7862153909287353,0.8305703622867671,0.7027680919010441,0.8664754316173066,0.7108628497581079,0.6968225400406404,0.9326013008216419,0.8129287767687404,0.9462239311660597,0.7479572066517514,0.847716871943029,0.7906247742035869,0.6686308571777971,0.7163120570730728,0.8670374963501545,0.6955245399945669,0.7496749601006282,0.6626277773828866,0.7237799533472724,0.7651099132132458,0.8485358859286158,0.73863522431846,0.6361947658896335,0.72705740425954,0.8495260854426626,0.728865719492906,0.7906151990125121,0.8780705955389053,0.6672934098855859,0.7218710103687115,0.8158970285813768,0.7842348380302471,0.7525681845143706,0.9004178283032357,0.6901592034988903,0.7701055118376092,0.9086566188390491,0.7061206507908498,0.7213375477579586,0.8259589221926685,0.7820244790330337,0.7894368719732003,0.7183497352388231,0.7848229565211583,0.741393042480544,0.855453360207766,0.731953367130508,0.7426253414448282,0.653632262744823,0.8599252818303784,0.7621079141961774,0.7791668143661848,0.7932123476195458,0.8877513782644182,0.8262986888691112,0.885382427515198,0.7293699229444429,0.843470844210586,0.8520374108535086,0.8468402569367366,0.8255165602176338,0.8297732695167293,0.894138438017788,0.7091246325029305,0.818701587458863,0.6712011079340238,0.8025426659207984,0.8421749433535493,0.8530659722541731,0.7531070564225137,0.766938811327996,0.7503460968359266,0.7385898212026069,0.7149365851700937,0.7762784494974655,0.7373361094795015,0.6645804970317208,0.8126005586908102,0.8406543970499302,0.9061627097499118
0.8357009616303576,0.891471023320104,0.9015335870279412,0.8475247269406325,0.7171742036937554,0.0,0.8057518505842778,0.8742460151116024,0.7816666844635524,0.9043483611026591,0.8454863103965997,0.8723120757218097,0.8957692420518621,0.7368424750759958,0.7259473582931493,0.8360231588886508,0.8186662502090503,0.766520149030055,0.8370124683554284,0.7371331401609529,0.8575001279559461,0.8256250483254002,0.7699108907646872,0.8017336036219216,0.9078379695550924,0.8015861004076439,0.7408350108549586,0.8305794921410721,0.8262094074424856,0.7689625865545889,0.751148743429046,0.8900447857757208,0.8211904335520607,0.8137605210507861,0.7426682537682273,0.7078232104991714,0.8597025824730601,0.725712857087528,0.6763711011011843,0.8405568294233,0.7381616924232619,0.8890731510430746,0.6903585330222286,0.7634022610255033,0.8161314542303387,0.7664265520767936,0.759466673806316,0.7780031502872515,0.7839455244264947,0.6557724025027003,0.7938629433448481,0.8861172165739466,0.6845962880879339,0.8225075668134967,0.7430566287033387,0.8781932827300156,0.7533062316643998,0.8757748652476532,0.712099296227521,0.7290253423428379,0.8726373477584844,0.6814830462671464,0.8177945887908727,0.5976439376874761,0.6315419385895336,0.7235025268278495,0.8379633399372676,0.8306106567233197,0.6902030239882861,0.8761455524682891,0.7911325229199208,0.613519533485011,0.7988280416623053,0.8866075771279686,0.8329514102004978,0.7767663018596146,0.7976612201453457,0.8311518981215961,0.7198810581322039,0.7641981846099495,0.927334896963883,0.7878395444967651,0.8469994190509172,0.8414522702877794,0.7753241080772115,0.859078019200252,0.8734068315187832,0.6706562252202742,0.8675420031289832,0.8039131850549097,0.7808914050559561,0.7817985750171035,0.6947289198432125,0.7493659333055923,0.7609471040644263,0.8562117467658816,0.6615712202008444,0.8737072110757635,0.6276848175770318,0.9023089965852661,0.6512237291923311,0.7071346570398291,0.7034873283996124,0.7897110549299633,0.7323046358723887,0.796785914714631,0.7172504425241513,0.8737003350773971,0.761411283620298,0.8682004552443281,0.8578175710371708,0.6679107547778677,0.9143349845161894,0.7445123669508701,0.7763936627882978,0.8997012095260054,0.8828154668389864,0.6846637720925856,0.8623310309640203,0.840073285061878,0.6364437743400769,0.7672795318452118,0.8175740499819623,0.876459985708261,0.6744825242056147,0.8592197434667771,0.7618933984306886,0.7715717187126929,0.8560655096907959,0.6507860658643845,0.8126751500177026,0.8274719903628706,0.7431715154478243,0.8001074226092121,0.7195978941432136,0.595298081073243,0.7630894741540593,0.6918317323627107,0.7390509808487039,0.6986131533885352,0.7827699985413032,0.7750600359406741,0.8316202740866576,0.6925320354147995,0.7713732440121778,0.7933679875137115,0.792564400751027,0.8497521204625831,0.8425445217824793,0.6500943150216275,0.7703307583566176,0.7719532219181064,0.7013502037020277,0.7285288472514687,0.8924232416295378,0.800802546841107,0.8499188692647437,0.9334685529152303,0.7603529481495693,0.8156690915296444,0.854054377783868,0.8059217032725573,0.8401894984742746,0.819744592528913
0.8516793317043153,0.9046874065341471,0.7831922357778225,0.8332936260646883,0.8579841617964787,0.8057518505842778,0.0,0.7813461177857026,0.818237173834686,0.8331354797389678,0.7889795775471602,0.9316678051983007,0.748622217867578,0.7334363752600802,0.923852938566051,0.7226955803313201,0.7064295229106254,0.8013137696631703,0.8584228861167439,0.7454825207658209,0.8337226486363815,0.8390025665616485,0.8611527287308743,0.88371695396018,0.886594655160189,0.8039498431820108,0.7317355108518124,0.7013936574378592,0.857587063320177,0.7797207519571342,0.9056226438212118,0.7971914248701275,0.9202291905062975,0.8099375655482939,0.8502795397398399,0.8301826265972055,0.8404169186389434,0.7391855876401254,0.8109301773384314,0.8809168796653107,0.8803850912083827,0.7987186391859303,0.7970600917058687,0.8764912699758757,0.835681670287015,0.8101422302813195,0.876987963338668,0.7996691277045849,0.8997709122330433,0.7452854430598462,0.8711480837022119,0.846107279235303,0.737804460300297,0.8540677252174578,0.8317154221175906,0.8130650824810124,0.7748829655721047,0.8224069479290761,0.7934328797684822,0.791877956296755,0.6923305525814705,0.6977320978906022,0.7561580511457989,0.6744811395374886,0.747150230051374,0.671516144228947,0.7752191752277732,0.8492304943471094,0.6714013529774483,0.7887880066634989,0.8490351042039919,0.7351167286506171,0.6855678338010793,0.8028796531950587,0.6842723679032084,0.8382075070578364,0.7117254220607714,0.9217745627718883,0.7574860868206457,0.6441299072423168,0.7499725416218769,0.887141129149774,0.874812489609019,0.6834102313315193,0.7386739710657676,0.8460393984717112,0.7430778208581474,0.7997316816938601,0.8026318915256883,0.8008126180170877,0.8355713385352134,0.9600776723602772,0.8204289762925564,0.7476737256597384,0.7774424766630287,0.9329816469756628,0.6512284481474109,0.8650836281341461,0.7505506196642606,0.8345399541476639,0.7506592878353642,0.6636570567827614,0.8167551487881201,0.9046690999295288,0.7666229338621423,0.7511658844024924,0.6320573766539659,0.7628831841824162,0.9061157147544965,0.8236992458039154,0.8955799738099834,0.7673496906414948,0.7358941202018731,0.6406250362857847,0.8050380732144315,0.797969685681531,0.8297941351749715,0.796646850110706,0.7420416633910617,0.7680150423014545,0.7461650134010626,0.7492775534352808,0.7394265856451144,0.9369089850324512,0.7350012483202046,0.9190934139873763,0.6789112450446686,0.8274110954488932,0.8022105562885262,0.7877911110239182,0.7312385237123131,0.6623919845971451,0.6321213909353647,0.831230618103436,0.7559061503655906,0.7054577937465463,0.8219422618720548,0.8854425963309489,0.7971481059707967,0.8533117279979865,0.8383043408792766,0.7345351684265543,0.8967678149457304,0.7374115483924676,0.8326880352631483,0.9082121455292795,0.8942025772572731,0.8072226034269677,0.8473928130777082,0.5568088699398513,0.8392623369562779,0.8614173855448964,0.7205021539294915,0.7944355949721248,0.9018314528026521,0.8109473120365612,0.7585438057314886,0.8438678543488547,0.8537444550644632,0.7284611618900222,0.7889847129038932,0.8380542590683469,0.9279627548959856,0.8457249838308726
0.8390680233450745,0.8708086100540823,0.8985553590280526,0.7758582567137845,0.7275622127268202,0.8742460151116024,0.7813461177857026,0.0,0.8535845846337081,0.8828964785923068,0.8039597598500545,0.8934121925546578,0.8886921031298161,0.7211609068864993,0.7687756541384074,0.8560706253649294,0.7963432457414337,0.8136212528263008,0.8252712584211958,0.7832932777533557,0.8303006644596496,0.8397568912492072,0.8284199975699136,0.7994839975047924,0.8900378440826577,0.7908575305574063,0.8392140980332689,0.8176980780168543,0.7350773051592379,0.8390967018648994,0.8084089946202543,0.8894479479493436,0.784307780179711,0.8282176477520528,0.73583049015351,0.736559321453622,0.853592428991794,0.7686003710597857,0.7210468190736304,0.8340466347826061,0.7280133460090751,0.862171354746895,0.7574455742074848,0.700054102579859,0.9177461389814924,0.8753864922750548,0.7967832477225161,0.7225984646874926,0.8002855706010547,0.7123926068044019,0.7898330404564109,0.8044709451025547,0.6759272812558206,0.7687207701854324,0.7294436355551985,0.84774384725392,0.7808210170361807,0.8912952041816691,0.7166100321042912,0.8179281304674112,0.8382366578154914,0.7395577614515843,0.7862583825370223,0.6334455750070332,0.6515102361855675,0.7337836523394423,0.8271752318980446,0.8308006208380154,0.7441775005897213,0.9326847325733165,0.8109908726571257,0.6384691770840356,0.7306630514378477,0.8907441574962811,0.832968847539731,0.751077046828023,0.828185372364499,0.8026793824389238,0.7956177197472607,0.6119533885319878,0.7472957660614894,0.8215879963059374,0.8664578936998778,0.8071185115128344,0.7537221779945303,0.9226575988298926,0.8718457658844673,0.73992691161856,0.9461251046507058,0.8529087078780316,0.7892972236594559,0.7851732180492006,0.7106051119500906,0.7198371346933186,0.7198133009676677,0.8240555075225704,0.6928611993565105,0.8363463196834889,0.6250027608898739,0.8993302202009091,0.6437470860457258,0.8262238954513484,0.6923562977157953,0.7803325368555634,0.7659758096631331,0.8860000940133516,0.762488354501396,0.8589579738272968,0.8144527133712444,0.8102116251813766,0.7812151685801887,0.6968966154367596,0.7797620759535963,0.7878966310041159,0.779875123151412,0.8961837465529372,0.8100914682791732,0.7430465436504591,0.7180728325496569,0.7994285573364919,0.6613210338794236,0.814483796405893,0.7380396909992883,0.8411706350300345,0.6326692364760022,0.8250671924560631,0.7628657046482357,0.8881415617695627,0.7875974222446532,0.7113996507546603,0.8545939520709198,0.8160979630194993,0.7430461219162422,0.7622882432062552,0.7310468636971029,0.5886638575663029,0.8074873229595277,0.7175264868551376,0.8234627353421166,0.8024587152274838,0.7138970997087075,0.7505264901023019,0.8436176770173696,0.7060796346365277,0.7475182812581758,0.8339188398237484,0.8450010188425827,0.8544450557395881,0.8722679936296521,0.6432769721686092,0.7828445433138504,0.699812045705693,0.751940605302962,0.8206320232526347,0.8660183150528216,0.8471924236595665,0.8256272370896024,0.8828155861497616,0.6860786864020162,0.7295268662488966,0.7351907536397859,0.7308727311441536,0.8871012642207509,0.791678108447181
0.9238495471273149,0.9103423713543821,0.849602515052077,0.6923981006473714,0.8499466209381188,0.7816666844635524,0.818237173834686,0.8535845846337081,0.0,0.8343168868746592,0.8323608764138554,0.8496211690608891,0.8304893808574301,0.8325068479868725,0.8395290728471867,0.8169296124176145,0.7674039107100833,0.911962184637725,0.8006835421226688,0.8654592789541221,0.7953837706530248,0.9391579232736519,0.8344237257796131,0.8184531101820349,0.8647987183802146,0.6965852002497485,0.8623104095407772,0.7639088760917978,0.7899990281829288,0.9145088958998511,0.8660664908946459,0.849635767864012,0.741389656933389,0.7142961515465711,0.8486595232610599,0.7650398334152492,0.8460236385956973,0.8457074435379315,0.7691361478500786,0.8243645975068884,0.7306797026919748,0.9042291365399534,0.7736898213079398,0.7278618131775764,0.8411262125386088,0.7951021844044902,0.8344082942960589,0.7426992591720663,0.8690325815931221,0.7954467649443077,0.7722250247074088,0.7376376924171579,0.7682379431567946,0.7333833266703905,0.7296414167434327,0.8452430960811229,0.820548165522087,0.8380304987644933,0.805642811986775,0.841661639478459,0.7192615673743153,0.7334807328138239,0.7316472873645361,0.7543217652849769,0.7521757530759323,0.6770178434682208,0.7805348377073473,0.8597747372803196,0.8002680763808617,0.8826799678328282,0.8617271202515302,0.7615797858384417,0.7400579368771982,0.8090547500031514,0.8009206054218462,0.7860530320034889,0.7278935581356305,0.8132535575431559,0.7019529596390585,0.5891745977447985,0.687236096823263,0.8776254369860588,0.910295558016304,0.7300746799116907,0.7261059043172107,0.9221967037547036,0.7944170520621249,0.8210032894260626,0.8228721062255505,0.8530078065876078,0.8367078400917072,0.8194710613831176,0.7980043618605713,0.7414799930887128,0.7985387563295528,0.8295640396312729,0.681208927356299,0.7579787251823007,0.7717115116964282,0.7614015960670184,0.729679393624174,0.6904856980204755,0.6441948812842816,0.7459910672765049,0.7996799547901943,0.7799910526266071,0.6221418617313016,0.8088192662933532,0.7992920840372538,0.7988195713076093,0.7392614253133342,0.7630469760327168,0.7186004499021845,0.798155260633647,0.7436609210548841,0.8529117005463072,0.7741421414427322,0.8641228686474187,0.6440800587324523,0.8143869114354104,0.7954671597809988,0.6927770398431844,0.7444810767973169,0.8219470088633274,0.772065469248299,0.7702254635588716,0.7167491803922905,0.844798998893284,0.7038228326312541,0.8077276251958005,0.891043769109497,0.7707323763687501,0.7345026959982593,0.8517203072896247,0.7769789570494328,0.7090250568364412,0.8574442878954044,0.7993167814401617,0.8447517711584229,0.8600249233616352,0.6984515867944097,0.8470212399458458,0.8926008671524166,0.7825809972196451,0.7920131667410595,0.8388046096791911,0.930393279924997,0.7465357833256164,0.8884418296292104,0.6637458372150599,0.8000411948280761,0.7661289225427483,0.8343076813070648,0.8305090372249841,0.7712268769113116,0.857402914355455,0.8380093995841197,0.7692277711442406,0.7294337521929448,0.6893880561129785,0.6635482920133369,0.8166845916193951,0.918643760836929,0.8885835432465142
0.8338540885047027,0.9058548069642416,0.8902738292169645,0.7695668582442394,0.7305295833367649,0.9043483611026591,0.8331354797389678,0.8828964785923068,0.8343168868746592,0.0,0.7920113882593962,0.8754263912327225,0.8874523949263832,0.7446390976921133,0.7289644451474196,0.8342963799019255,0.8004903451453805,0.8032938261782455,0.7791617640646354,0.7373465506517686,0.7814535390390976,0.8173711250798443,0.8748547508617422,0.7865744045376246,0.9326444611149324,0.7526123533268791,0.8523408674588144,0.8284490224392261,0.8181612847216628,0.8601300820490703,0.7609783660282083,0.8723971022754043,0.7734597079395553,0.810353621074393,0.734885856497365,0.6783942294881903,0.8485521776412887,0.7229067190328935,0.6369380201081023,0.8520535542778841,0.6993546906862308,0.9267421412122391,0.6766381604248219,0.6972640265652034,0.8339258234265196,0.7881623766418724,0.8408479349817177,0.7045661080498554,0.8193321181010497,0.6401135888270771,0.7264006728635318,0.7956212661643494,0.6443301212985211,0.7214647773271431,0.6843704698103347,0.9388332081642418,0.7116582413003362,0.8583320601242075,0.7121149663997476,0.7357014524336173,0.74984665265659,0.6404848666673401,0.7157116030671367,0.6145160458726033,0.5955128078477582,0.6392296759432364,0.7891716771128233,0.8360845746064771,0.7278382699704167,0.8734910726047369,0.747106903214952,0.6217761442424412,0.7244245119262798,0.8307239136822757,0.79519900059289,0.7807504318532652,0.7323276869816461,0.8657793698724163,0.6936794000773736,0.6701663222177311,0.7904946609370375,0.7490662002726244,0.9045320592123853,0.7787658031718171,0.7049458514591638,0.8847532368836707,0.797501449183377,0.6852976669201752,0.9345798321158232,0.8452681082629064,0.7805176924338598,0.7912377674720743,0.682984713177594,0.6728609087472954,0.7051665495155087,0.8638572260890306,0.57435211553769,0.8810962432966829,0.6235865667287732,0.8872537434974669,0.6257959305781744,0.657372601302946,0.6721731223824093,0.8132710300223507,0.691373842722637,0.8273661628077046,0.6464408741978837,0.9347686454100593,0.7968496818919958,0.8413030357493376,0.7699569980796915,0.644055288381722,0.7934753560176784,0.7697059900402531,0.7278352736531631,0.9291224323723417,0.8643814041320713,0.7161203636905434,0.7561721768276379,0.8613988942821428,0.6294402773476003,0.7247431445819761,0.7595960434668505,0.842878465526434,0.6392103008261045,0.8246495703364228,0.7152710557116294,0.7985523249016141,0.7981095672871124,0.6671447934044027,0.9172516818040636,0.7506108395759543,0.6953667307756213,0.7326283967641181,0.66226900172717,0.5672649268786775,0.8160365249476834,0.7028349035450278,0.7847463191523574,0.7161329016450972,0.7255290023731491,0.7562288367508646,0.8245661235307431,0.6492542386602767,0.7322405201325406,0.8440814691386878,0.7990605810374093,0.8734193623442775,0.9005774409059509,0.6505990775750012,0.7142231228149823,0.7401071548351055,0.6919514744059572,0.8377684242006418,0.8730328055964871,0.7841250449269966,0.8236993736270946,0.9305324741008423,0.717291149933168,0.742547354620185,0.8472703530166578,0.7748292898385755,0.879809789739961,0.7842842150340156
0.9394186290510224,0.8522203922107667,0.8889715035869261,0.806774387838804,0.8515463049009042,0.8454863103965997,0.7889795775471602,0.8039597598500545,0.8323608764138554,0.7920113882593962,0.0,0.8115569114116709,0.8884174742136206,0.9228348321256374,0.7821436397586463,0.9088561953030186,0.8991653410209136,0.9321180130938336,0.8724979437788722,0.8708018095377992,0.8937189772784686,0.9235268712477569,0.801505058842378,0.8102390769780845,0.8671305556248159,0.8212642083972727,0.8074988860375448,0.8801000888634944,0.9230758150320417,0.8020525600894596,0.7792121098478699,0.9231182606992718,0.7906945109990584,0.7509797051386148,0.8925349512010092,0.8432425173459085,0.8669280339287356,0.9387388730428594,0.7687806685416316,0.8899635722825253,0.7994582461930589,0.850113298412643,0.8267548174352317,0.8283816546784499,0.8090053866710004,0.7627913544962961,0.7324764577749916,0.87777850283521,0.897669623333559,0.8386047767857435,0.8775493687548951,0.8640864680102449,0.832734153177648,0.8479212978356329,0.8771970529620031,0.7317924752613816,0.9094778399131619,0.8934612680361219,0.8776874523044883,0.8491635155720513,0.839222748930408,0.802566933646671,0.9239193733571237,0.8017442173307546,0.7716041893695877,0.7842372615586268,0.8103154136376657,0.8158098760082632,0.8711656165499003,0.913177730960321,0.862866670879696,0.8082182567017908,0.9191424448146613,0.9146465227255539,0.9058369728376644,0.7989840229384916,0.8359890768887656,0.8240658153723597,0.7653188772130916,0.7201526416239775,0.8404134130438495,0.8374471589113834,0.7873669417636129,0.9066923884837218,0.9018582762334644,0.8724622602017753,0.8740827254729737,0.8379829944240701,0.7899077970626487,0.7038212552881276,0.9122369601806806,0.7466177017394927,0.8841224762426164,0.85211107954809,0.9300237486554206,0.791536550858258,0.7259266026420474,0.7528279256851818,0.8127963911755772,0.7884916365539912,0.786503166656997,0.7361244895438785,0.7184262910239564,0.7395474297175073,0.9103897045093965,0.7649608231890184,0.7202624121038178,0.8225679280522737,0.7850225600305195,0.7949733318344067,0.8440768665267561,0.8564096300448122,0.8649998599818824,0.8485937879967163,0.9022539794462153,0.8577171706624326,0.8595826626349429,0.8603075496534481,0.8318978065632867,0.8715304696440834,0.8295105491039656,0.7565147638569137,0.8639470799208896,0.8328835344910056,0.8300293538179535,0.825765409867669,0.7883727239746138,0.7495603454855813,0.8565316147996112,0.8082027011889038,0.7655123525083177,0.872121692151642,0.8503962983607993,0.9191271595435869,0.8212369045916269,0.7411674165933843,0.7785481307856831,0.8136988986540962,0.8662763262411725,0.7926743108734285,0.7984700637424418,0.9497754516600166,0.846314887025352,0.8604629337021442,0.876481335154312,0.8026090408841856,0.8142650307936946,0.7198905800139305,0.8622248521112501,0.7669500019232284,0.8622490689701886,0.870213024568536,0.8694440021673504,0.6784934648715722,0.795984475020698,0.8090748097848971,0.8825326851800284,0.762326699141441,0.8392733107288401,0.9069585005906231,0.7664576998713176,0.9005278346129395,0.8094427114986187,0.9618192256155308
0.8730306768421814,0.936861948540782,0.8611347049221928,0.8380956575967273,0.8296186790594018,0.8723120757218097,0.9316678051983007,0.8934121925546578,0.8496211690608891,0.8754263912327225,0.8115569114116709,0.0,0.8096852888275868,0.7101268146062542,0.8865867637318499,0.7968655902905777,0.7725999239794161,0.8192113689486582,0.9221285434714147,0.7926655608325359,0.9022346006354702,0.8617179531422894,0.8931695853025117,0.9082734939154371,0.9338191812863317,0.8300570628096487,0.7683994384988123,0.7699489097306886,0.8157380508276394,0.8305582064113238,0.9013072618723539,0.8576962252911532,0.8952684104706293,0.888962731134127,0.8208721333248099,0.8219834207445552,0.8597960604651841,0.7629584160816122,0.8087631479279739,0.896035374409694,0.8686869698954124,0.8546674918084017,0.8137308154040344,0.8301903950317653,0.9109180687094608,0.8919438485715296,0.8954550794032494,0.7875500367995778,0.8866057391466519,0.7565653998838238,0.8757483046244675,0.896303069228929,0.7320155724649114,0.8611388035130715,0.8050155284201332,0.8572278664416776,0.8202339069151711,0.8961071813346894,0.7659674909320483,0.8380292381764715,0.756168676189729,0.7124324982336953,0.8027748444970364,0.6638259801438843,0.7269366363376787,0.7232577083169857,0.7955473785596172,0.8467205202519594,0.6926870987579282,0.8530852975838105,0.8567869359081074,0.6926653382951875,0.7072619992808981,0.8677261767219057,0.7578237795586542,0.8179384508026022,0.7611740738770129,0.9011224770339235,0.8286590608628146,0.6413285762897412,0.7824235693526865,0.9000131202510814,0.9043283700006141,0.739453214291722,0.7853564988301563,0.9281642977044706,0.7983155959975302,0.7676481466719405,0.8873800980341894,0.850139214241901,0.8389542384578988,0.9254601184708195,0.7930616658587863,0.7704058684400119,0.7583928064934752,0.9152214264477931,0.6889277439388296,0.9232619521025356,0.6969842278594149,0.8979054642229938,0.697969863540538,0.7334320173052238,0.7906734063560721,0.904910377675026,0.7853899814841461,0.8532348104016396,0.7203654537423757,0.8420130694925768,0.9169516021182252,0.8666965879883705,0.9057643854627752,0.7637019977613227,0.7588299697619479,0.687954965900191,0.8301226923443298,0.8780099855908178,0.8812882237961509,0.7916617754403736,0.7656254563559813,0.7787041632616482,0.7257294899557528,0.7814993244821609,0.7775470582476273,0.9466643516034251,0.6920793499899826,0.9206140113801904,0.7248819241668936,0.8858823207964877,0.8511863425221529,0.7548863422409776,0.7956496674425189,0.7429785910571922,0.6587734287546504,0.828522981890925,0.774958316747525,0.6597505535158444,0.8640676711881845,0.832564136890983,0.8371578562368533,0.8743462854833974,0.7890205336952201,0.7440536597643806,0.9150911392028909,0.7347728280420467,0.8196940188371533,0.9196898936625253,0.9231177529439296,0.856855819273946,0.9091429384013393,0.6042439396952273,0.8504260293777589,0.8089744494147053,0.7608249173361425,0.8341126060713273,0.9633494291401814,0.842990682173064,0.7990928694042398,0.9086315135543835,0.7792511412504043,0.7275586538923539,0.7757105929564048,0.8124761697407897,0.9603420443749779,0.8526197824673449
