0,1,2,3,4,5,6,7,8,9,10,11,12,13,14,15,16,17,18,19,20,21,22,23,24,25,26,27,28,29,30,31,32,33,34,35,36,37,38,39,40,41,42,43,44,45,46,47,48,49,50,51,52,53,54,55,56,57,58,59,60,61,62,63,64,65,66,67,68,69,70,71,72,73,74,75,76,77,78,79,80,81,82,83,84,85,86,87,88,89,90,91,92,93,94,95,96,97,98,99,100,101,102,103,104,105,106,107,108,109,110,111,112,113,114,115,116,117,118,119,120,121,122,123,124,125,126,127,128,129,130,131,132,133,134,135,136,137,138,139,140,141,142,143,144,145,146,147,148,149,150,151,152,153,154,155,156,157,158,159,160,161,162,163
0.0,0.5677346895964966,0.49916951600434245,0.5213369938665626,0.5093657246524745,0.5685276882101481,0.5388309948531325,0.5624298157640844,0.5993097370408846,0.4836920348827808,0.566976588790327,0.4875944921291135,0.6921718207646956,0.5922836598849082,0.5552719131954612,0.578866697259128,0.6049369289429553,0.7072104970529219,0.5625557787464787,0.6645534040730561,0.588766484338203,0.5722201196818275,0.5601375310843856,0.5683397838254236,0.6003777370462179,0.5375294277234939,0.5443453443291222,0.6077778615532718,0.4456641674620443,0.5143965429872412,0.5578020716261218,0.6043643916893109,0.513515015545751,0.5228285498266475,0.6758062105381323,0.503528735137917,0.6392951102821018,0.60205510745532,0.47862966250084954,0.654500575925414,0.5168380266310258,0.6062558356447315,0.5536760817389815,0.5302286250661221,0.5823645710675105,0.566659436626389,0.5291057128512905,0.5056602590447296,0.6413746691109152,0.5624925427071125,0.5684716963780861,0.5975759858201255,0.5198144199995912,0.5170828294246692,0.4817936422140393,0.56737321613611,0.6354071102656499,0.5478212950831198,0.5651537899679403,0.5747536222063516,0.5520219139973793,0.4925815940987159,0.5727595370930293,0.49766924969464016,0.5442823037719089,0.5400719554016505,0.5735111937914744,0.5991474007124411,0.5378417853868406,0.6369375777566518,0.6280355862396458,0.5627706796931227,0.5850337270155928,0.6314153190465434,0.5975381257743795,0.5823174360997266,0.5335724481334767,0.5344848691219957,0.5275434541867459,0.4991819915087518,0.5564854221521186,0.6023853736474385,0.560008805489931,0.5980351008299872,0.5600286973341195,0.677523928650118,0.5949656203927527,0.5616821484234915,0.6145996152589279,0.5070166773025414,0.5827035832494137,0.5278387520026632,0.529181687203491,0.5847389929234622,0.5665415364152501,0.49936140425363307,0.4837747928776196,0.543469396509483,0.5150825393219975,0.6047628640682502,0.5236555808023549,0.4798855530292515,0.4802913210016322,0.4510154827590509,0.5803499942480206,0.5796409768269941,0.5039266214058211,0.5986510830414176,0.5550928166844212,0.5350003086505037,0.542937568204429,0.5399390000716165,0.608739814624318,0.5484613213608082,0.5809188009360945,0.6689983825923363,0.6217527898520396,0.5052419461477082,0.5016373663204419,0.5770380325404528,0.5679268022856534,0.5035014652105101,0.6061516388412156,0.5923685969760119,0.57028513936074,0.48820662063602144,0.5231757810603263,0.5025446606941999,0.4991520771593457,0.5750089681494241,0.5476509834917072,0.5780906489729312,0.5644359000455208,0.5978509388429313,0.5276627260741661,0.5185141725816974,0.5565542311799626,0.6067581337552764,0.5714930648472907,0.545031940233925,0.4988161018983086,0.5609538039465314,0.6033781986561468,0.5049695610423167,0.5585113385418952,0.5826630885694702,0.5697751121789936,0.5107478121316119,0.5343505850414404,0.44803867984380263,0.6117706424309044,0.5308767018378062,0.5528518143823998,0.47567676892961697,0.5427426903017327,0.5977311875149046,0.6358499564273576,0.5639462477171486,0.547772746750471,0.5667152900626572,0.5264796093138231,0.6498661476486366,0.4981789609210827,0.6968942309640145
0.5677346895964966,0.0,0.5984709769739958,0.5102780974592321,0.49483420708010817,0.6639449831749119,0.5819356819731057,0.6019423881398532,0.5464739024012866,0.6752118360857015,0.5413740748590854,0.6218039460324735,0.6008738243973035,0.5226787226883556,0.6026725726726135,0.5658515083436259,0.5400181999429701,0.5373517649072881,0.6035752207277082,0.557314273437497,0.5881549162376092,0.6439842652904038,0.5339431075262359,0.5895825503531231,0.6906633991375394,0.47099192725075995,0.5142558661006869,0.5103212038559276,0.5568390846214243,0.5054084873084856,0.634038221284678,0.6261211119724686,0.5568088467756902,0.5078869936019972,0.5698915697245823,0.5340536399300805,0.5908861382700851,0.5308297576366512,0.5428314287315573,0.58303039043577,0.5436701277676486,0.5870123163442305,0.5123388244346195,0.5350293530342652,0.5938162695204432,0.5233055619336409,0.5463620115986833,0.515549526854917,0.5975762268991506,0.5093365456747119,0.5276665727541803,0.5192399285208323,0.48817120711610945,0.5784966100870081,0.5292557625290403,0.6042421191232599,0.5248652213518653,0.5657696004863292,0.5406577917617599,0.5384251266299686,0.5535379079420499,0.46397155211486735,0.4916157452280525,0.48397455959960517,0.48376207607129157,0.4715821585619802,0.528793173554186,0.5651400046425724,0.47950958568248,0.5740745260479817,0.5446240829164375,0.4986036466364206,0.4710426883145079,0.5788924772351445,0.5544465126099963,0.5266449735124993,0.5114244390943139,0.5794073830594296,0.4718912120428193,0.45618860828685037,0.5509727650451381,0.5465274259824047,0.6379147719016618,0.5306244476115299,0.48299446531334234,0.6282671721928934,0.5304641226836476,0.5003142200031059,0.5795313731015577,0.5318697345640755,0.4995762512562935,0.5738057163798099,0.5452032832720082,0.4976724137333444,0.49642042342971987,0.6463244840380904,0.48866095460052217,0.5895329652132252,0.4689504641671028,0.5572773147930005,0.516526628320504,0.4852214890537265,0.45337155798983675,0.5462056772954265,0.5010118884822907,0.5286355235209439,0.5001755457444459,0.5911609465201914,0.5575906956210571,0.6070962611470403,0.5614864222447086,0.47179077789218693,0.5211679427040784,0.5099243770645752,0.4864291094260893,0.5516282143243504,0.5696674941913167,0.5599964424557173,0.5130321733429503,0.5098589392038395,0.4907987911737885,0.47576883496497324,0.500445571370863,0.5926593720763143,0.4897093653412495,0.6094678802641191,0.47875867059165617,0.5633249549070743,0.5618488149688473,0.5384685310364243,0.5691745975643533,0.5458125319049815,0.4705612284639754,0.5213633682148421,0.5542200754491446,0.4846496906083392,0.5704637911040755,0.5546153345792164,0.5672104464788527,0.5580611300766332,0.5126076382308479,0.567212249514201,0.5833781082566047,0.5095898297815697,0.5666299974030043,0.5213996488182437,0.6220446914994822,0.574873036278887,0.6563907388602593,0.45391175584082966,0.5194323241451767,0.5552464108004145,0.5162418316034795,0.5701403315087461,0.6126809427953614,0.5726692956508712,0.5498708453483312,0.6138732245343405,0.5016509231773659,0.4813393861385155,0.5401288468804744,0.5470908895228644,0.4960099480994698,0.5278267263209818
0.49916951600434245,0.5984709769739958,0.0,0.4613421113162614,0.5233672871572053,0.5907524496167418,0.4875652954126221,0.5542648104263721,0.47043088634833397,0.6282133123718886,0.58629489523895,0.5696631564057659,0.5675466216561257,0.4760118339921841,0.5055739080421862,0.6485740989774491,0.5672225716665472,0.5043620926326043,0.5477832345337601,0.5096057955248517,0.5748536697151496,0.6806053880388724,0.48549065124669427,0.5143764930658968,0.5805940361954356,0.45317372938026046,0.4955737803797222,0.49512554953182414,0.5694928688274344,0.5067931673119462,0.5002337017244993,0.6009331463221027,0.47780267685835304,0.4489666181838106,0.4863360550145076,0.5101476619404886,0.5246261851407251,0.5160582115005387,0.5085099138764175,0.5188726113721616,0.4936206606639592,0.5433224593153848,0.5131723671671118,0.48580929725155664,0.520957117487251,0.47044059709903663,0.5016830062932836,0.520559566409003,0.5305783351222908,0.49931371945695935,0.494839042082355,0.48117382139638454,0.44493525791473687,0.5386966247623428,0.5251718321865939,0.47618306232737007,0.4893883732665697,0.6102186682660142,0.4946934114300518,0.490010341121048,0.5163414537521832,0.43752989721555596,0.4976890359249679,0.47471280752949985,0.43797688119216577,0.43594529418039524,0.45671566602370195,0.5113023788201199,0.522905643591182,0.554635514295922,0.4882791333582975,0.4468175393319377,0.44561879779489877,0.5582853118706913,0.5661067784616192,0.4375552060954621,0.5127283453581464,0.5499965978373029,0.4361277520400052,0.41702311995861685,0.5021403774883595,0.47065438370217993,0.5411217854453673,0.5058033358522016,0.45124363644749343,0.5377162396160122,0.4904994789846062,0.4609459832190913,0.48978526796039745,0.4344083939169668,0.49617660953537396,0.45731231275985146,0.5452796034929809,0.43920483102501334,0.45408068107778293,0.5320531263524028,0.45169886149907973,0.48727117399036834,0.424367836780445,0.46825825031631363,0.4478007441006032,0.49289496932890325,0.4150113627210401,0.4923620990167638,0.4670658300921479,0.502994956605813,0.49195433722696236,0.5488396611592761,0.4968830127391564,0.5261628499154267,0.5059788889531465,0.4452643922144721,0.46441590154188084,0.4911411043100829,0.44682051683786683,0.504266423156139,0.48337116179373174,0.5995209479632015,0.5205603453493625,0.4558703671532968,0.4739347045720303,0.44520504362773944,0.4506590773152961,0.5041530132450454,0.4259557884473684,0.5556615918165063,0.4475052534603712,0.5251105413381583,0.5445765863567966,0.4921522485532263,0.5106390249992663,0.5816791741773151,0.43265847805302915,0.45375889859566726,0.5148875047026412,0.4429392790878718,0.5015167126293985,0.48234960483261957,0.5515660478137838,0.5033145542721429,0.44844833168957615,0.5530412191247082,0.4863076229523389,0.4926586079234311,0.5166230476725009,0.4645994848107008,0.5415610539992443,0.5167258600062694,0.6220756194015898,0.47283210249271007,0.4526078384065239,0.48448894827946726,0.53456090568681,0.5390910975627556,0.5369252243861796,0.4885572690928634,0.49506529400239846,0.5347843894791195,0.42654276547379477,0.4523170743629197,0.4800352476851422,0.4576655684113149,0.44020544125777716,0.48649360479987336
0.5213369938665626,0.5102780974592321,0.4613421113162614,0.0,0.48607077710852725,0.5349453556059619,0.585254643310124,0.5192468395294254,0.46208547185604987,0.468944035071845,0.5181789996081148,0.5069932036330529,0.49723325096800236,0.5122352959869213,0.5527162087438707,0.4850228989516067,0.5128605837741915,0.5165533145780643,0.597003568198249,0.4686929526590213,0.5750814522525289,0.4885339953317862,0.5184164000821497,0.48927766154375407,0.5431813866344933,0.5397158042212143,0.4757148948395328,0.503602103135567,0.46115873345074904,0.42594104413204087,0.5407369173373483,0.5299821218901467,0.6897807241347206,0.5127822887350847,0.5719668095102872,0.5776866993432286,0.5183930118269947,0.5372717765761245,0.5113996384930657,0.5713804615353528,0.611934242650593,0.48772184916637856,0.5251790417819817,0.5998709519716682,0.5162334393470813,0.4973437852506425,0.4594557241676198,0.48689807251009776,0.5621129643620576,0.5184239355069804,0.6159642076581575,0.5978236050730542,0.49512083005788615,0.6317633321636389,0.5568042544224289,0.46891424021666184,0.5363234315864598,0.5636761642873501,0.5291686182297163,0.5232019957736573,0.5295118707629767,0.4918579765053553,0.5705422862443068,0.46903864039217147,0.5038867813477796,0.48617040231640735,0.522132276663689,0.49038326926814324,0.4667224647444654,0.5557957394237374,0.532470981665182,0.51032949938908,0.5312065046023976,0.5826646621383142,0.5141573606877902,0.49686763494670644,0.5234124949187681,0.5376644465524166,0.5094120783197392,0.4613624155306909,0.5345591932997293,0.5975795368061615,0.4695612572075723,0.5267895452949244,0.5663758408652759,0.5291073733048172,0.5402284068784045,0.5481287816704968,0.5330246240166849,0.4343478099927211,0.5822959789115376,0.6003825647924325,0.5452566831107826,0.5025710511161006,0.5669265505270719,0.5151063273985674,0.4890502778760756,0.561682355329174,0.5162327396076274,0.5713075507548702,0.5103452873776649,0.4936199364878864,0.634481759080093,0.5226148274819696,0.5720574985713232,0.4828245832759499,0.5087227681144911,0.4949699280895041,0.5258854423193816,0.4566008589647713,0.6343929543655914,0.552814643367556,0.5591585352640348,0.519590548310553,0.5514086967581596,0.5012424480413838,0.5573272346670481,0.46152717336696936,0.5705893444208948,0.5693087092008404,0.4917110606831299,0.6240566353194045,0.49051317120831933,0.5600192331385032,0.49724129543887435,0.5234206578450922,0.5270457019938773,0.4666490097537254,0.5392276992669983,0.5171705246074234,0.4354642062392886,0.5089716049910661,0.4798540260156861,0.59123293018627,0.4857239933422768,0.45987937762609776,0.4282466510892145,0.5803402160234279,0.4988001504703817,0.5428997653409299,0.6036612729587397,0.5060941561174813,0.5832131097539125,0.5568146762207499,0.5434037635219389,0.5378965475152832,0.5041996442127918,0.5005850202356767,0.47970738854036005,0.42591804325343596,0.5944220462976405,0.5764595455572102,0.4883848231469281,0.4264203204881041,0.6030393619355481,0.503280299315387,0.457907062180111,0.5313222969563456,0.631818393843855,0.5643800278044998,0.5229793712808806,0.5708463355367799,0.5205115555765001,0.5444976239470506
0.5093657246524745,0.49483420708010817,0.5233672871572053,0.48607077710852725,0.0,0.48554870329157507,0.5414999914485864,0.46978757427261897,0.48345278630283656,0.45550004764511154,0.5320906417254998,0.49888601820932327,0.4904050412755644,0.479492156406534,0.5177528278210304,0.5511095523748066,0.55197603835687,0.5245088890237225,0.5064493130855572,0.46727802010403596,0.5655924928709471,0.5599799621663479,0.5219228942266765,0.5031317703008834,0.49019697119628564,0.4945391633128722,0.5006311460461842,0.46988329043364047,0.45301200686127047,0.5455121368491023,0.4743797636563946,0.5152990066266555,0.48553031633591653,0.43930742769970255,0.4980095333366285,0.5031592642112054,0.4888076598501633,0.5244454301064764,0.48879919292207,0.55206784020309,0.5176998539873123,0.5470015479747519,0.5131522270347204,0.5005752962520424,0.46646140980235185,0.4728220050535136,0.5301136732342692,0.4649936185368272,0.5428275758507297,0.5308214296064182,0.5404521495270878,0.5214211988369055,0.4644711898904502,0.5014876414244079,0.4804467845076672,0.4607676790886272,0.518385004664018,0.6018344291380142,0.4799356582092424,0.5064114441582056,0.4371875280367097,0.4633884360514716,0.5081652923443973,0.46918780990963893,0.46589529877540303,0.4285347780980205,0.44634250454759444,0.5023100965676086,0.49297605071918704,0.5025928842736858,0.5101576261525019,0.46651873763219764,0.45773060585911235,0.546038672761048,0.5017821832642314,0.4314732028863066,0.5093124575886779,0.6181323557700408,0.4407557813927725,0.4342575537056449,0.473396927544449,0.5157258270055975,0.5241697618363687,0.45556995713130294,0.4888576477129692,0.5142113476224847,0.4491525436914975,0.4870971071706419,0.4661974687169143,0.42415674840682216,0.6320066682120357,0.4809496702936203,0.5642189745868158,0.44576077974329265,0.499127561561691,0.46395395420008534,0.42095245067033643,0.46068721545309044,0.4777504082107313,0.46376866702354275,0.4408846046080509,0.4471661104225656,0.4498577647697591,0.4376402692181436,0.4866046998276446,0.5012385489757722,0.46431893691190684,0.4894161883142078,0.5090623672768001,0.4547214506201317,0.5106982935109396,0.5052296628558214,0.4484272640260985,0.4954350424123594,0.46870628476384185,0.5368129185277758,0.46940546154917384,0.5026365671679378,0.472230741685142,0.4919591985466448,0.5727833627022172,0.46845773686701153,0.44695956641689605,0.5243037192454,0.4448899133537157,0.46454773852162656,0.48540253466284,0.4921652890717962,0.4631319954659365,0.49557286210448165,0.4704119671286122,0.547322262866901,0.4265849831791015,0.5011659340359021,0.44613416264938494,0.45081988111319243,0.4567325799853349,0.5326045443421548,0.4853960626749273,0.5178398167032433,0.4234225187615582,0.5181962208312926,0.5208303142414642,0.5015773157755116,0.500854127510521,0.4941192511054751,0.5658922813750838,0.4847061920554159,0.47396123574174553,0.4469113228083661,0.46461570243322764,0.47731012249079907,0.5470074452355361,0.4902683932886811,0.5040708933408431,0.4580171623169194,0.4568097920371317,0.5136685644106714,0.4474778745213467,0.49542693011658545,0.44984681756921496,0.47481536446665035,0.46203331193413355,0.5628323849422545
0.5685276882101481,0.6639449831749119,0.5907524496167418,0.5349453556059619,0.48554870329157507,0.0,0.5447323981032267,0.5807720781788659,0.500464086189333,0.5797723722058906,0.5781195918126968,0.5730640277574369,0.633046722708998,0.5025412782469287,0.5559379013890723,0.5736511189393702,0.5365540036129767,0.5127997350104675,0.5735372625854139,0.5188107002230032,0.579692204479056,0.6052880036953003,0.4833363616880979,0.5637419728222817,0.6398739082626703,0.4941333418825941,0.47246245729276365,0.5069401822666227,0.536225454469468,0.47578132184781274,0.5679593225453649,0.6062540757370494,0.5740205563597612,0.48970214580132254,0.5446421062527963,0.5036824181631332,0.6261311374165115,0.5134392863143068,0.5098986436512213,0.556078997687482,0.5233697517990757,0.5548830152102474,0.5059907189470186,0.5666103605652901,0.5540738017366834,0.49604430504169306,0.5069138471865899,0.5640304519308,0.5502074808253048,0.4818917518100229,0.5290517323153745,0.5522994879271493,0.4630024881970687,0.5891084793288307,0.5262535427903844,0.5616427912669898,0.5095771384698097,0.5786209806242495,0.49618661110264134,0.49717816573725093,0.5937524096861246,0.454872982248879,0.5301743934232747,0.4435229379032427,0.46073023043809136,0.4711593518274926,0.5226922171441143,0.5843644307594695,0.4654312959673069,0.5916338208746834,0.5498502001772126,0.46856889618275466,0.48098065473752905,0.5791673013072789,0.5526284264281853,0.5095024604772473,0.5186966491785328,0.5657721721352926,0.46794116090949417,0.48870062009482945,0.5814291794996929,0.522315703621748,0.5961680233109081,0.5600804546548815,0.475047441237997,0.5819401681257867,0.5735210489269245,0.475581026587768,0.5440056082564331,0.49597894039534396,0.5012501757298424,0.5211711186126866,0.5179140309357037,0.4932754050286425,0.483690357016848,0.6385716663567075,0.4764325476900826,0.554414440582102,0.44498516528432924,0.5406758941812678,0.49851600097371307,0.48293528425645543,0.44982476124760984,0.5127352042457869,0.4914888141168744,0.5140972644349903,0.4866477345932362,0.5564422065522652,0.516756683185163,0.5923075311153789,0.5731940479503722,0.4558365002642445,0.5684908182899977,0.4853694983298377,0.49332762916063533,0.5506326610361646,0.5470777294011708,0.5042942430666384,0.5586813743286212,0.5034971694646356,0.47307878524949465,0.48647917699547816,0.5074202113312364,0.5937735488648503,0.48068956234757876,0.612214807609418,0.4628330768493592,0.5329063800460531,0.5500569788447309,0.5056901980518692,0.5118273935498118,0.5564302635316646,0.48432805286984215,0.518521137671418,0.5342632491574119,0.4705441519937337,0.5326714289335343,0.524006387968749,0.5146991020151742,0.508332963421862,0.5433512401348802,0.5431789599695009,0.5297188358998328,0.48096633574439246,0.5543033984661399,0.49879744618995436,0.5724011486221074,0.5425774313529457,0.5700485446279694,0.43303010162115235,0.5233360028925816,0.530542362745822,0.47876625143119583,0.48937384143838825,0.5929719811998049,0.5574790304546346,0.5647496544901152,0.643551887721333,0.518402870813165,0.4976367669063324,0.524014593662419,0.5410427016166868,0.46078583773163945,0.5388370653348236
0.5388309948531325,0.5819356819731057,0.4875652954126221,0.585254643310124,0.5414999914485864,0.5447323981032267,0.0,0.522959971644895,0.49956856472401195,0.5193559032733028,0.4929087081876239,0.5774404488713815,0.5186831002403565,0.4912992943723107,0.6596334478361985,0.49905930004318294,0.5002631991083214,0.5169293271297615,0.5691318526676831,0.48242563256481363,0.5883834294494391,0.526325565817129,0.5774360540525459,0.5906142806872617,0.5902763058110692,0.5317902683056329,0.48623321222867577,0.46955386932034066,0.4673510671669344,0.4767127392057863,0.6123426372556429,0.5571022702436865,0.6158468971696605,0.5362558513982956,0.548230753652916,0.5334946914589153,0.5679676452520548,0.499137701646811,0.5402759152677562,0.6258778021071476,0.5727410009602564,0.5401036283867976,0.5294758599499798,0.5841259416003167,0.5531369611904005,0.5382748210672793,0.5640364815275712,0.49010474104152524,0.6296500977186469,0.5089500656132854,0.5994368854334675,0.5571263679818491,0.47752442660785266,0.5812642097690986,0.5229559348641386,0.5593034436518317,0.5279094904286831,0.5433614841288049,0.5351846712501044,0.5348834171007343,0.4910026438804043,0.47895199516784304,0.49339889510495855,0.4568657630557792,0.5053897309468284,0.4738225133407084,0.5430430511899048,0.5720069346308162,0.4425830478848028,0.5220471239673826,0.5656568579267827,0.4999999386452315,0.4702537760761192,0.5855231354927903,0.47491800025811715,0.5270984828069447,0.5380817770787777,0.6564334332277683,0.485350326783896,0.4713635018329561,0.5230309261855154,0.6074422267796726,0.5809810242579585,0.4716795664921796,0.5143819479904722,0.5547464999212639,0.5033833037827362,0.5372106669668643,0.5566750596246396,0.5107208629071381,0.5491602941779966,0.6793651921320416,0.54041780440522,0.49743397631246145,0.5246926522260245,0.5822193732402903,0.4609188539840112,0.586379323632896,0.49254090730069183,0.5875863138271118,0.5077245554981441,0.4857493507551982,0.5416758679291542,0.5279690374709741,0.5040922997727936,0.5255001630110612,0.49681843578979057,0.513705946687567,0.5897040492148866,0.5344459309261058,0.6464263092777385,0.5135352767909404,0.5169951053990154,0.4863927536151198,0.5001097679142275,0.5293138952967673,0.5465272663074653,0.5021204170584177,0.5010253176604156,0.5133143357229268,0.5112385003421972,0.5175283641173787,0.4831722260979843,0.6565897721870727,0.4796534148818411,0.5508725962724398,0.5055807601573894,0.5453438409279838,0.5076164332138051,0.5350765083069209,0.473162050248185,0.5000383272728846,0.45230706232778944,0.5328169670979839,0.49380040044172213,0.4732685383497666,0.4964711236487083,0.617034430216331,0.509400455317095,0.5788886546215622,0.5112418235772278,0.5100560192331447,0.6280463605227744,0.506545986714597,0.5611562576687694,0.5955696643715602,0.5978904379453425,0.5556789760424692,0.5147195988067566,0.40463940998211223,0.5494162261740517,0.5366378548445507,0.4809668037601708,0.5336528249363196,0.627701999467667,0.5474915272456669,0.49223711205599185,0.6285023797700563,0.5412992117847419,0.5282983506354633,0.5246916435721378,0.5436388031535281,0.5279666268346999,0.5438560567740521
0.5624298157640844,0.6019423881398532,0.5542648104263721,0.5192468395294254,0.46978757427261897,0.5807720781788659,0.522959971644895,0.0,0.5604082094511315,0.5573137835078121,0.5205230252967609,0.5826285550342961,0.6087777325287875,0.499611059952406,0.5847395767831459,0.5751731207111024,0.533067236539703,0.5518854541836083,0.5848411778609109,0.5578971755656013,0.5731183101655415,0.5707742809340246,0.5404826450201008,0.5354717755785482,0.6276651513423217,0.5025179339794145,0.5568191022936171,0.5246070817026732,0.46199839194363324,0.5110265108044825,0.6404003216828578,0.6077734055566458,0.5426835384468304,0.5285184439843266,0.5340279083843222,0.5350527793707306,0.5938952176664766,0.5550214283391415,0.5388958557116387,0.5622201535646607,0.5252749988143959,0.5405660638753087,0.5583653896737446,0.49398708300065447,0.6779027190724808,0.567054308058067,0.5160184056232753,0.4830548444881539,0.5679973385212994,0.5271403526505414,0.5413513646353997,0.5163868677173026,0.4681852587248909,0.5429367713480429,0.5136769755186937,0.5435927012004357,0.5407645797372501,0.6014358153955964,0.5128125545056529,0.5608637834228627,0.5844414551964598,0.4840121950888786,0.5215172062566262,0.4721130362726909,0.48097564331422876,0.4943206699045342,0.5394402451243001,0.5542764925582275,0.5051245513301725,0.6909704243662318,0.5594015655351317,0.4918233495356036,0.4744347214302001,0.6050282322644803,0.5715363266871903,0.5061965618211872,0.5469100687855823,0.5338059964186767,0.5275795660620555,0.4271565643342189,0.5081515001826062,0.5714550912510198,0.5743740427390402,0.5562190853759159,0.5010451259272467,0.666966958259161,0.5998008277890798,0.5306050346911019,0.6336440718207603,0.5303728843930638,0.516383259528119,0.547119765125729,0.5204197332803264,0.48944216801856455,0.48971388928652493,0.5584533983330883,0.5111863388431861,0.5656336716770751,0.45670634208960115,0.5806667072140772,0.4928283942587012,0.5721345169340147,0.4775242622446982,0.5158450152318396,0.534118683728677,0.5791161573374057,0.534639088844546,0.5689845263065371,0.5507033741229522,0.5173867461853535,0.5282968373504311,0.4913715595495558,0.5106913727291248,0.5405000209014881,0.5117641579121106,0.5562410738094498,0.5393767153498238,0.5290497046563654,0.4741518210256336,0.5147449343273488,0.48271285296241406,0.5521233519032523,0.4779081144626404,0.5634094600495629,0.45434057653279064,0.554390277048172,0.49292452092379496,0.6143493125533708,0.5253109998184778,0.5472583391190288,0.55073954147328,0.5607537214427862,0.4995552055217191,0.5108722019416162,0.5347948451275523,0.45026961999237086,0.5385310830071777,0.5426670917396952,0.5923153577226759,0.5998679211482761,0.4923974809340927,0.5269384542172406,0.5650661503951878,0.5094168206328877,0.5399175261565365,0.545400584776515,0.6062025333537137,0.5513894526815111,0.5880271292886906,0.44129123066611986,0.555138493891591,0.5025246086512057,0.5230756830938926,0.5395926183485827,0.6042877472362637,0.6025452533534735,0.5236380887411805,0.5906216507803628,0.46718261698702085,0.4858416443687343,0.5048271288755565,0.508123167924564,0.5002226797223757,0.5147600307848288
0.5993097370408846,0.5464739024012866,0.47043088634833397,0.46208547185604987,0.48345278630283656,0.500464086189333,0.49956856472401195,0.5604082094511315,0.0,0.46813921932310815,0.4807130670238432,0.46969914488169456,0.5471954083476204,0.5211455967122139,0.5166879199903636,0.4968522274427751,0.4968113621892925,0.5747978972499086,0.47976362312014137,0.5270035058999432,0.4881744854603113,0.5595536899862612,0.5143845049709386,0.48260096401633873,0.5196432655107077,0.4423941597322684,0.5957707002771423,0.5016015165804198,0.406960666475168,0.5718064821927034,0.5301211474877509,0.5067920956459051,0.46639434458055506,0.4424382688467979,0.5324481492722386,0.4527664406918936,0.5247030671580738,0.5200897238592795,0.44597169985022844,0.5254520468070275,0.4524746307884777,0.6379155114166987,0.45774349069881126,0.43589443296145974,0.51204684875098,0.48777446323526835,0.48999231486934136,0.4151771531484993,0.5208031720591142,0.4860705945200709,0.47787086052961086,0.4694483928228158,0.46517789752847466,0.4490375362139336,0.4217595076385187,0.5866851831480115,0.5054948587091211,0.5163253307919309,0.47905254791375507,0.5099226639016264,0.47333393609558705,0.44995267203403194,0.45642071971726234,0.4481640127246144,0.4654284520490712,0.4396986869839999,0.502443012792497,0.5294277387075772,0.48717767891137964,0.5860498690339077,0.5283519004293274,0.47455871133885474,0.4802163665509301,0.5201893626956073,0.5290155125880661,0.4731743663893631,0.46939989637479057,0.4886065625231695,0.4409318463964018,0.4114768384667028,0.4550843967927839,0.5664919010431656,0.5775809674450645,0.47801843085355583,0.46762030550143735,0.6039858758654542,0.5086101636579174,0.4955617010559894,0.5368210939026321,0.5485252637377078,0.5228542859540748,0.5128264104969694,0.46570343110910767,0.4604518544801775,0.4972948932985129,0.47756774551181297,0.4381721100731742,0.48293833454608426,0.4699311850622646,0.510676058587191,0.4534052430370327,0.4376038288369371,0.42239791715591846,0.4221694760862411,0.4931647631074554,0.49710692295186454,0.43519795022189695,0.5290728479163012,0.48130431178048083,0.4653382002431925,0.4525544149598761,0.468394972567958,0.4828616577899795,0.5353969769339111,0.4603897404978995,0.598425157975131,0.48910386017458823,0.45605705623459913,0.410669777843622,0.5509458040885246,0.4905512827281022,0.47228000889838856,0.4613092171028899,0.5055193054101491,0.48177755687417667,0.4344088993867265,0.48200310808596203,0.4967313402528926,0.42466999463262034,0.49445087843696695,0.6601420886987717,0.5087510432630705,0.48442182446644766,0.5403748913205774,0.45273277078691815,0.43531596779331083,0.4888958847637562,0.5014536749389803,0.4922747231515643,0.5092475901901953,0.4304211387585669,0.49491920391886646,0.56950989317384,0.47535558923479365,0.4715941682864567,0.5074647382122405,0.6005726492832326,0.4715660631097018,0.4812558349337632,0.4191027604697912,0.4956594903359161,0.4634925743210232,0.5177546401910295,0.4950146592578465,0.48115120693219626,0.5349979477513561,0.5237390115328373,0.5106912461941123,0.45793715391335843,0.46271774799900095,0.44704897787145115,0.5131023697512698,0.4732880428489651,0.5606073139892468
0.4836920348827808,0.6752118360857015,0.6282133123718886,0.468944035071845,0.45550004764511154,0.5797723722058906,0.5193559032733028,0.5573137835078121,0.46813921932310815,0.0,0.5142221001627455,0.6027096575108428,0.5361505276571744,0.4699088831075366,0.5230682447795911,0.5423379978749459,0.5045883951311404,0.4834614980676433,0.5596401087882527,0.4961989266323235,0.5318624905427146,0.5841693869956429,0.5026997261129431,0.5119102495608207,0.64547819037052,0.4308716833984459,0.4891490021479796,0.48020435697732317,0.6001061563706616,0.47071841200003284,0.545891753066434,0.5867670580814555,0.49780004970562763,0.47247439608445374,0.4924714136563534,0.5055857443992199,0.5209172632913729,0.48451196714616834,0.5056763203774396,0.5108350039870952,0.4931614101821186,0.5182000115524789,0.4846895561863127,0.48278983584551816,0.5395003873197007,0.47189075096162925,0.4925326877226843,0.4907058018765916,0.5430391716129888,0.4659616444050688,0.4772639318241843,0.4571762219575369,0.439895043407665,0.5355306512166866,0.5254265388490554,0.5061556797678655,0.46599470025674683,0.5355603685412008,0.5082857340887522,0.4818415116513702,0.5114712515579777,0.4248423198591007,0.4520894332892092,0.4637364632327633,0.4330777112016656,0.4305777823480754,0.46875446814954097,0.49662135177289696,0.4746072378537346,0.5302285070416228,0.4688376219078831,0.4509667609116197,0.42959840934816396,0.5244401055160347,0.5149498775528178,0.46628991184270846,0.4809854224773177,0.5279985004753818,0.43364657611185936,0.4102882243820021,0.4967359125935947,0.46834623045617757,0.5414913594171327,0.4875630979880535,0.4403102371319757,0.5296601730832967,0.48335592927787,0.462971862673432,0.5189538343749095,0.4564965845936576,0.45495449499139107,0.49920303872855964,0.5159004469789945,0.43876983672492686,0.44505430881146335,0.5978017760799587,0.44788967294682935,0.5333418633932232,0.4218619954362885,0.49007595037466484,0.4654530393476365,0.47835297029755797,0.4275064401501463,0.56645671829882,0.4542379070778421,0.47871444135196645,0.4776259341954629,0.5554319840515397,0.5036016856636526,0.5445383712833637,0.5128122887188157,0.43096949054614037,0.4631058482169335,0.47790072168392567,0.4373037326617439,0.4751474737901722,0.5083160215996554,0.5874346644343057,0.502547280103173,0.4544333908945382,0.435914566881952,0.4417843944011631,0.44467076809925304,0.508431465685004,0.4284458941591111,0.602972725638938,0.4350121094558734,0.5132698563001287,0.5609224966518027,0.48755505359261014,0.5154206307741743,0.499839632047221,0.42513613576231124,0.44483942764645856,0.5125358541401084,0.4348773597517413,0.5091399804271846,0.4846158369578513,0.5515494498588858,0.5094333736574652,0.47992062538777347,0.5236904414500534,0.49915789393740506,0.47935274886763557,0.5149296622787332,0.4744691376369051,0.5164735445345043,0.5341608800465523,0.6864928405637755,0.4422885148439764,0.4574690924828518,0.5119725537798396,0.481401309745627,0.5522695436552941,0.5685727683056517,0.5005153298121818,0.4837408032532239,0.5392067787592244,0.4463398592671972,0.440307819754792,0.5080954379253283,0.47168355953226004,0.4562264189392775,0.4542556446427396
0.566976588790327,0.5413740748590854,0.58629489523895,0.5181789996081148,0.5320906417254998,0.5781195918126968,0.4929087081876239,0.5205230252967609,0.4807130670238432,0.5142221001627455,0.0,0.5115067849794128,0.6006775970498621,0.5446270289787138,0.49253834267306235,0.6577433972508089,0.6218916677013013,0.5506277476445963,0.5761649975321588,0.5514476033242302,0.5887382550667616,0.6339511403303908,0.4995569766739801,0.5089200778293062,0.5794813419417826,0.4935905660721497,0.5160796852568703,0.5811578251153344,0.5483494712660567,0.4827111734728542,0.4950445602030735,0.6055650830443847,0.4892525460967414,0.4694263250413443,0.5771208811038044,0.5287224146784334,0.5692606267695002,0.5883629895465688,0.5106005359734844,0.5509904121390132,0.5003935625251488,0.5470787514710732,0.5255464393445145,0.5414623965016719,0.5100219929263518,0.46105145454952595,0.4459863942185798,0.5859226135005067,0.5820964052823892,0.5246104530620039,0.5297388478361746,0.5162008852536886,0.46247378210072304,0.5633181610692485,0.5655560050779472,0.4581393033952511,0.5423303268762182,0.6181976699969922,0.5234756323457409,0.5030942206337005,0.5639261794983538,0.44902502214226664,0.5532360666927849,0.5089077379323255,0.46351614672628216,0.4611312902107652,0.49567431237111653,0.5035543777799203,0.5605755766964744,0.6104385141825336,0.5127247215712702,0.49573729853007126,0.5445745316893981,0.5921026722730328,0.6160522266690321,0.46233578070079817,0.5507273456100412,0.5386147984043346,0.4537379291401721,0.4641251635624536,0.5193017958853858,0.4968443933316973,0.49112162041066937,0.5731961312786653,0.507534835336095,0.5387508379909177,0.5698384135833672,0.4952034255463283,0.49145776651172823,0.4224359911028592,0.5568105321962493,0.45944781127540896,0.5740653982021366,0.48620969172688605,0.5150280611415861,0.5000960567439836,0.46206062151312294,0.48100637448005595,0.4748001540514153,0.4830846728100222,0.50343776863138,0.49406856157002393,0.4474090300587791,0.4567118191169223,0.5213088649974772,0.48301770185205195,0.4872708965530189,0.5534873753445505,0.4779851684539184,0.5075811024377022,0.5557942856310701,0.500533762587972,0.5409937357893316,0.5518677639279722,0.49077653176552427,0.523055149187399,0.5120810557918714,0.5785751402538255,0.5795975161591909,0.5162501849370154,0.5268404457754244,0.47592612117204647,0.518779736704538,0.513460969686824,0.5056454963272677,0.5236160946553012,0.47059477445367265,0.4776912173715881,0.5479557925273358,0.5059539930661433,0.4788814745848962,0.5996040064470354,0.517535560891371,0.5388526623373489,0.5488154328705503,0.4717738224509028,0.47233809269239035,0.518585276329612,0.5609558034885824,0.5044496590493591,0.4865450515832336,0.6073092882016771,0.5043144830698271,0.5318963969057094,0.5651826139550531,0.47901361533588827,0.5060152749617214,0.47471802522466666,0.548786662346984,0.4991064214930063,0.5256389909927784,0.5147299439495622,0.5874983626897595,0.43960958923628785,0.525037379162583,0.5073079111605322,0.562626378505642,0.5088665820360144,0.5089390568214834,0.5328670204671245,0.47351428000358703,0.5349079847704016,0.45256707514770506,0.5990921669497543
0.4875944921291135,0.6218039460324735,0.5696631564057659,0.5069932036330529,0.49888601820932327,0.5730640277574369,0.5774404488713815,0.5826285550342961,0.46969914488169456,0.6027096575108428,0.5115067849794128,0.0,0.5115815354149459,0.4360447152492107,0.5789454875596435,0.5358257628733352,0.49465849309504184,0.4678118346411145,0.6039193997385811,0.48393926942333565,0.56421507716159,0.5505930009000833,0.5473764919672159,0.5848872933526221,0.6425981747848012,0.4758687610417876,0.48266427615583996,0.47013262304640185,0.5164873251873562,0.491410145336459,0.6022867298741111,0.5470203605761563,0.5489626569749837,0.5350859348244247,0.4967547500874961,0.5180737914986666,0.5415607942349187,0.47718527369162117,0.5535986672549909,0.5293911339010859,0.5325228655610496,0.5137826433944523,0.509052260774956,0.5255686769419119,0.5763501468213684,0.49100493114030164,0.5196082694814613,0.5032175003024685,0.5569379371542348,0.46733394330709427,0.5013350177886511,0.4962967759850446,0.41740004440639134,0.5592456876933244,0.5268994788713116,0.511440586724123,0.475320956164258,0.5944900158545796,0.46686256845432533,0.4865935619609854,0.48771515345375094,0.42004215388034977,0.46158918239099017,0.44031835800260866,0.42765302652675286,0.42519014071115674,0.46835984627334204,0.4989647208973202,0.43760856531266085,0.5287975254788928,0.4835127180371439,0.43891556263922604,0.4173496613416389,0.5294999841625981,0.4798658405245593,0.4531435626482966,0.49196014281154715,0.5807629252579407,0.4627650204126638,0.412604765658816,0.47419979062005657,0.49526127220206134,0.5658502381231856,0.46801342025166404,0.44945998774902163,0.5552803603928688,0.4900185574016636,0.45426801247242304,0.5147800399989084,0.4859849460667837,0.48071636276220303,0.5370960174447948,0.5109173785371323,0.4366176342053158,0.43663309661163996,0.6379202340313718,0.4360773288028016,0.583576529226097,0.42045373116627854,0.5020858892881865,0.4561617746689658,0.4878150378992649,0.45826546502519094,0.6086286032681765,0.4528546749798034,0.5086833051370855,0.47615712511872854,0.5540190134813788,0.5161928210074013,0.5576053081256421,0.5766939129703227,0.4479949784520528,0.45152007652876364,0.4580594954585503,0.44950906032696913,0.5019286822499771,0.49751248170680507,0.5434505986493886,0.4986842193566328,0.4516264502743323,0.4511859865788312,0.4663461732831646,0.45035182766588483,0.5479712546566625,0.41538596098066816,0.6232363729473778,0.4310953168943524,0.585236177576947,0.5530448676342007,0.4764842772724336,0.4870555478286381,0.4864091892875844,0.41735451008318825,0.46110256332421823,0.5093265898140382,0.41876287290461317,0.5377278607960635,0.5216728545310121,0.5499940722617376,0.5394293167164564,0.46963598555200187,0.48651046397232944,0.5049036446278303,0.46294088302972414,0.5249679455168164,0.5235770366574034,0.5845152238615269,0.5135549486108166,0.6111526634611666,0.42025835203329015,0.4913917605662646,0.47909630863625635,0.4786327247930632,0.5550149415538269,0.6581997436363035,0.5097214088949364,0.4765271919439366,0.6120716314142838,0.4516498872531745,0.44176653555598067,0.4654115560125698,0.4664958394661243,0.4523842225661741,0.4790717797246977
