0,1,2,3,4,5,6,7,8,9,10,11,12,13,14,15,16,17,18,19,20,21,22,23,24,25,26,27,28,29,30,31,32,33,34,35,36,37,38,39,40,41,42,43,44,45,46,47,48,49,50,51,52,53,54,55,56,57,58,59,60,61,62,63,64,65,66,67,68,69,70,71,72,73,74,75,76,77,78,79,80,81,82,83,84,85,86,87,88,89,90,91,92,93,94,95,96,97,98,99,100,101,102,103,104,105,106,107,108,109,110,111,112,113,114,115,116,117,118,119,120,121,122,123,124,125,126,127,128,129,130,131,132,133,134,135,136,137,138,139,140,141,142,143,144,145,146,147,148,149,150,151,152,153,154,155,156,157,158,159,160,161,162,163
0.0,0.8448437039211094,0.7459052977929376,0.7804689391433947,0.8393548081096169,0.745089161749074,0.9014155165633688,0.754330947476586,0.8986087746545923,0.6830736673143591,0.8396589133956043,0.8182907672009128,0.8199701556138669,0.8021168697514803,0.942778254676941,0.7620170871510009,0.7752475736781443,0.9648655774878658,0.8504014014206672,0.9286359009695422,0.8378552563071109,0.8936058367089463,0.8833574899177578,0.8789820763122157,0.8421296103899159,0.7995170692915443,0.7659822105963625,0.7449298570521228,0.7303249747615258,0.8316967050346454,0.9074904003819139,0.813835166159811,0.8782714139177229,0.8087507069690238,0.8960724016152987,0.8463357342615795,0.9117743170719491,0.8927221935395291,0.8463295970940862,0.8734282131300225,0.873927956497457,0.816641063468178,0.9118937800067476,0.8885433757175115,0.8739255136617663,0.9032726759984747,0.8578173177864584,0.846600924741461,0.9369721642598158,0.9351299393637001,0.9054097665789266,0.8376694675116275,0.8540612207667692,0.8544697400262009,0.8254125684221305,0.7888747667599917,0.9470791994196924,0.7952660909539037,0.8150520793872488,0.8841296946230757,0.7249192242679705,0.767708348846078,0.8414817398714328,0.7806670934085076,0.9063746907184391,0.849751734039624,0.8317972962741991,0.8879848518148269,0.8464375598824778,0.819367883004481,0.9545208823952792,0.8505552142265367,0.7646353379606597,0.8348569899710585,0.7623514525440167,0.8937064617015088,0.7580509288810731,0.7791826109134506,0.8789512509427481,0.653982260456162,0.7270214113908413,0.9640381308973837,0.8392697057786708,0.7316759374551114,0.8670389720342656,0.9087494745990153,0.798043395200113,0.8785145292886334,0.765991699408705,0.8206470189465549,0.907544655073798,0.8884079003532326,0.8890797128430721,0.9088517086765541,0.9104233193172329,0.8584978874259046,0.7965690413435517,0.7864262379842287,0.7895390731216533,0.7687143016466012,0.8247034256552753,0.7450233607116166,0.8093055460061936,0.7720834000613616,0.8778674283215059,0.8088012136194846,0.7319490027770307,0.7334706888264598,0.8948932877826025,0.8276785706357768,0.8582559804462592,0.902217076338674,0.7933645342012823,0.6847974252990011,0.8763332976048711,0.7923028444172511,0.8150280908045804,0.8523408085509525,0.7079251357180466,0.7133298131308181,0.8760265416834345,0.7447436498825667,0.8864652273714172,0.8723784466541071,0.8366413086566584,0.801099550386847,0.7118105522594638,0.8403214943776336,0.7322619203420033,0.9324006351153984,0.7314537796499732,0.7355858621898038,0.7351047417027934,0.8643339586031118,0.8591054779485987,0.8789921121597697,0.8816435557550494,0.9392486816270929,0.8550739857195608,0.9132841883414979,0.8027846983066631,0.8037109886281082,0.9357767239503418,0.8369099636012659,0.8748888336476155,0.8940349501203101,0.9201610402508439,0.7164602450887176,0.8043868347326912,0.5907803531581457,0.9050532688012761,0.8072698567124159,0.9038247380052835,0.8105341372271287,0.8058663997820649,0.9221922671647204,0.8766725132703234,0.7386649945882161,0.8434729955904817,0.7688846874544827,0.7073704263937106,0.8923368189568246,0.9199772853202225,0.9101227749084431
0.8448437039211094,0.0,0.8378974962426966,0.7836019462441252,0.763200454772247,0.8478305164428469,0.8473528910336812,0.8224887066745901,0.809490457649774,0.8644442531612129,0.8494995719362174,0.9262243929298206,0.8436919739121691,0.7828562780528678,0.8472710197750903,0.8126327158924954,0.8200802093938582,0.8173387501584584,0.9021653645617396,0.8682422858285433,0.8319713685524591,0.8957543352844681,0.8853553999393171,0.8515964696220706,0.9313438524772033,0.7247813222681907,0.8223470427797486,0.8312393705921437,0.902041863364158,0.8309875676270739,0.8725505017993848,0.8579019623576469,0.8915127954353048,0.8588307345147799,0.8114086942684285,0.8625121712035404,0.8598809917850898,0.8578593678736229,0.8429269126768423,0.8431839061348221,0.8873742267177213,0.8329142490825597,0.7943447974001029,0.8295622241568932,0.8907664784393183,0.8381192930599377,0.8254191953074667,0.8232558887672657,0.8734856491463641,0.8179325195226133,0.8013844693874153,0.7881400091780094,0.7975191061581522,0.8876459089746173,0.8624017484793318,0.8521853974184221,0.8241831713819638,0.8366541593399218,0.7604496258694983,0.8612374817378075,0.7898463928249887,0.726099418575974,0.7621174667301727,0.7726390866044828,0.7292622377341101,0.7312053632505144,0.775985203655256,0.7913191608933051,0.7924831832300256,0.8035561356944504,0.8020565804873364,0.761237942992404,0.6782407021325819,0.8083348582772937,0.855848109226522,0.8239791557392263,0.7336870591670758,0.7962763848680061,0.7996720031845755,0.655355289711303,0.7719683254169568,0.7932545821434829,0.8595201362186382,0.8039444795756138,0.7627186556355262,0.9328343700111182,0.7594254106569676,0.7372810994724701,0.8124730485743797,0.8446433502442242,0.788381951571063,0.8542438088524357,0.8698259321173246,0.8015597572552585,0.7709166360007552,0.9410080238628052,0.774972704624271,0.8892964548882263,0.7153174686567789,0.7722645438833189,0.8027721772697092,0.7256118530575093,0.7012099329872626,0.8827551518872627,0.7768147143083174,0.7936687587961229,0.7651128489495219,0.8872710424454496,0.8734334251131807,0.8950040676960491,0.8427126052220968,0.7508097526124086,0.7541067129425061,0.7660438579242,0.7924885534421481,0.8069425182442189,0.8717465211852023,0.8511829829411242,0.7770749652985923,0.7301922231815822,0.7605337725443071,0.7070977917054566,0.8430889587997236,0.8398805680494409,0.723933451566207,0.9178671916726915,0.6838885072774101,0.8644978748067719,0.8902225418064424,0.8302444359765576,0.8532425893005986,0.7541093137378918,0.6973215602174462,0.7816659221749669,0.8382565272647858,0.7586848752435412,0.8955097012032678,0.8315011670514979,0.8849343388358797,0.8590648219868208,0.8024370799756216,0.851093704261805,0.8744260576887952,0.813450102900693,0.8707274470751044,0.7795237858603757,0.866903981559793,0.8042634756499427,0.950309451752502,0.7138722826656155,0.7665295613345628,0.8613795263332692,0.8603787482749795,0.8688329427301739,0.8962844919416156,0.8408200391445604,0.8655089733002881,0.789717678026421,0.774981127842376,0.7050832279969077,0.7771907378070106,0.8245861685070258,0.9589830841824366,0.7790957012205829
0.7459052977929376,0.8378974962426966,0.0,0.7564917604414606,0.8257968475678308,0.9209109015751173,0.8204227569161311,0.7764164141131865,0.6416817424082529,0.8641799300091358,0.9123950953709427,0.8988563191008181,0.9092038052391205,0.648591489399185,0.7550627746761409,0.9597180180818556,0.9401741797330155,0.7423030992618006,0.8173985598340757,0.7105850084044321,0.9357393591512483,0.8931467664138771,0.8008381142665649,0.8544373442950396,0.8654274569228046,0.8272056134577852,0.7107006888589882,0.7816710222603953,0.8632376988214521,0.8628590287960413,0.6992922372203936,0.9031251499054617,0.790677957099554,0.7701932735753352,0.6346238876786142,0.7453000764128147,0.8779236782065596,0.7530799546798661,0.7837385603851014,0.8558589615153998,0.7980427060691465,0.8716780151503252,0.8268231644633275,0.8057578838056552,0.7850521590433235,0.8302164207948735,0.859252973486356,0.8800621370340548,0.8134144250602563,0.7556641531640306,0.8462036007021868,0.839001600719419,0.6790875071367419,0.8759137032297714,0.8349460448870303,0.7761601331523891,0.7884036882008786,0.9269234213211432,0.686549182184521,0.7516945897703062,0.8043268530657315,0.7092805589347674,0.8448880602620985,0.6396844125631079,0.6521208383385576,0.7402161726654843,0.7267370566731544,0.8726796947947811,0.7884899658785256,0.7927861224932667,0.7969267614614662,0.6112982926467821,0.6360557474933702,0.9157937914316997,0.8512008543667008,0.6798006947421255,0.8985226533338372,0.9031712325970472,0.7370269996888791,0.7679498792328217,0.8906512808139296,0.6946134245990548,0.8862059680893403,0.7618603715988336,0.7435877717952519,0.7934114199089938,0.7478736137690467,0.6606552012412493,0.7202405802348,0.7170252338341133,0.8218775087923993,0.6710972436318171,0.8367366146355606,0.7116684483958202,0.6994326482953583,0.8539294666345988,0.6769479071227646,0.7490078288698536,0.5843074101034738,0.7076262138810838,0.6444249336667004,0.8270688505905188,0.6485074293465022,0.7651074142611007,0.6614442794890218,0.8844504379660343,0.8828350539959384,0.8625901046993557,0.8629930757664845,0.9393470892706156,0.8773325399751846,0.6800169417421862,0.7661615720480099,0.7064391298818605,0.7177574282889592,0.8299258234992575,0.738088084150608,0.8307255549584964,0.8924640726093128,0.6122884192751282,0.7381091454116147,0.6939443661868473,0.7539889167902751,0.8845409942187422,0.5722371649527853,0.9076731272129811,0.6792888766947879,0.8703775859590263,0.8468002855349156,0.7428876334628498,0.737402413791237,0.9291222391281397,0.6325208282932221,0.6301476407682816,0.7501968132091426,0.6837274636177462,0.8240012238012663,0.7151019370835812,0.7701725452792711,0.7758233461200837,0.6788028532362015,0.8201002125020281,0.7352949366038344,0.7158607601331833,0.8450185825660679,0.7163642060456992,0.8116199976827112,0.919189019496338,0.857926301691048,0.6698601882942555,0.6462999784743055,0.7161183746727312,0.7933858620607056,0.9138778229665944,0.9070594033408436,0.770008429269133,0.8822447537944252,0.9145540769089481,0.6195504587430828,0.7901568693587556,0.8054851041567258,0.638004170069153,0.8067236248764992,0.7544595075762738
0.7804689391433947,0.7836019462441252,0.7564917604414606,0.0,0.7114826850696464,0.7962588063499318,0.8274388578679441,0.7873830238690015,0.6896414522261007,0.7338479176468161,0.8148580080775409,0.8002999499784963,0.7984276436879272,0.7273660309059207,0.7732543662326747,0.737329617879768,0.7702726151384516,0.7667950575769837,0.8139052406880267,0.7077486271440113,0.78817407997334,0.779157411189741,0.8213074432893989,0.753522829300991,0.8247075694365504,0.7902059057813808,0.769122142030508,0.8399825508159116,0.7436430113246482,0.6986330292677567,0.7530067510699245,0.7794009767935025,0.9212866561346295,0.8377637199432003,0.7388450032308727,0.8003800439135325,0.815505443124972,0.7621144753421312,0.7331733070524706,0.819428632710547,0.8168530955696331,0.755806690809464,0.7634560718048783,0.8014153275080681,0.8180891612608879,0.7724754004856967,0.7207746127144917,0.7724161373752331,0.800500343134093,0.7482725727821676,0.8293919743904368,0.8165504176224601,0.7012584581160991,0.8779376272506652,0.8212025976559142,0.7210485246155603,0.7596517401451949,0.810837563594075,0.727059264725405,0.7616548774867006,0.8139375722726709,0.6992922310751667,0.8093494573888205,0.6701441550044406,0.683491211204584,0.7363498442551131,0.8135318783310571,0.7584522021868961,0.7772823484218012,0.8247424883610514,0.768601068592923,0.6774495496305837,0.7716300721786825,0.8356748083904553,0.7834100657247446,0.7169504453425986,0.7692431958550118,0.7394210019104122,0.7849892656416062,0.6270438562475366,0.7247185164091247,0.7916187224463439,0.7241424541105007,0.7699890128673463,0.8159046891875508,0.7876851778549925,0.8135694258191632,0.745770942295936,0.7537409253147455,0.7050173837514511,0.8198999425888479,0.7993611357258412,0.7718173101117243,0.7285857071395869,0.8035965615014159,0.8238326999804763,0.7133238376194055,0.8319846933623184,0.6618583795315168,0.8061522126202582,0.7009312479005637,0.7579834624718026,0.856943968372986,0.8104255307696665,0.7750821200296988,0.7373818924669837,0.7544389504202678,0.7754246322266583,0.7858303864093124,0.7552038597156376,0.8616981227889545,0.7549525404548562,0.8596401254594409,0.7266178303227915,0.7943976030462435,0.76030781738806,0.7724073685800715,0.7164354950081522,0.8385244732369356,0.7487341802381066,0.681855194489459,0.8445099920919144,0.7714399314304403,0.7803379662921581,0.6461079020726477,0.8075872667226887,0.7142179941227254,0.7605701459579962,0.8102787242277343,0.7435930481865591,0.6726340659026181,0.7126104224524956,0.6950619504858117,0.7450970979481975,0.7314682957259192,0.6559086001014335,0.6950025806731274,0.7690795987680489,0.7802912601210066,0.7424519368752155,0.8473218370906407,0.7261695022334621,0.81656072299753,0.7793657953376621,0.7729278861043584,0.7946550182472091,0.746149881154535,0.7048240248066525,0.7513394517592449,0.5986064268634017,0.7742924455095124,0.7466174254455353,0.7538851854410825,0.7295562487671285,0.8529747588553604,0.7696850053171989,0.7687360132582677,0.7614920030449366,0.8166970876439957,0.7769788536836558,0.7367459705879503,0.7379754580740712,0.7955829283036437,0.7475668388108646
0.8393548081096169,0.763200454772247,0.8257968475678308,0.7114826850696464,0.0,0.7677971558458153,0.8925813078901678,0.6360741428982098,0.7029893549970512,0.6510241396073765,0.910380404592178,0.8401580636430184,0.7762151039260026,0.652573479167555,0.8577603693311638,0.8529937652794005,0.8377859959710309,0.7960621803251677,0.7860597316240284,0.7516814703005613,0.9328412589484133,0.8987901627525481,0.8009825500081323,0.9476962711802657,0.7610397124138623,0.8855660701485353,0.6317798178223927,0.6304499235535094,0.7666759181226762,0.8878838112444901,0.7460301735189153,0.773216162260241,0.7932596722159038,0.7068035745059341,0.7265323430519136,0.7522682068930394,0.8854370920287759,0.7975514991414503,0.8535869127222285,0.8739884369275667,0.863381250883105,0.8305277250734676,0.8944617701713914,0.9331461865421923,0.7170274145934357,0.8041774959207918,0.8973893675747816,0.9376046784252217,0.8685311720348525,0.8401062884508358,0.8995065875291832,0.8840460617394418,0.715944641427242,0.8426243255990226,0.8042259057736025,0.7235440432967932,0.8824687226802523,0.8620658659349995,0.676219768519783,0.7519358518966903,0.6371445128649244,0.7022805533111464,0.8514632635292771,0.670812191658077,0.7717382226862048,0.7241123632788857,0.6900990297701974,0.910120423858138,0.7248993588935592,0.7049578705273627,0.9059482441487747,0.6943730259501654,0.6333441009338286,0.8287847942694486,0.689990249915565,0.6985128981907518,0.8159832386777497,0.9340601385984166,0.7602073633239533,0.8112576437187072,0.8046504487259065,0.7950608833691303,0.8961675238887595,0.6538686721523378,0.7888462522197139,0.7853122079459575,0.681682104734333,0.6937553105141143,0.6082780717019387,0.720197735691257,0.9360439209155893,0.7088545252867041,0.8939283759360437,0.7802096884632774,0.7849829180373958,0.8201900939471239,0.6507214671384979,0.6718597529215161,0.680023237664065,0.6272774862288414,0.7085829496039491,0.7052690913388204,0.681532874274174,0.6947248025515219,0.691744330567359,0.8315932074771631,0.7222541458757602,0.7003284771883369,0.8622324235354737,0.8939986749031759,0.9001410729301114,0.8195416210937942,0.6946577511909569,0.5929251570673703,0.7602469352882877,0.8045796481278191,0.6768372600539634,0.8351783901733193,0.766838682986344,0.5973708514186103,0.9377584558024725,0.6476649453123585,0.8206750665960064,0.9351993599650096,0.7062298345756165,0.8159033194517435,0.6397419364551674,0.8417923692691126,0.7096576992213582,0.8151803155225862,0.633821045008774,0.8324755941845179,0.6217508293731878,0.7531463619375701,0.785911978047569,0.8375975435737297,0.8733789827743778,0.851513606811133,0.735930473257895,0.8400016793370249,0.661613307930057,0.7913867387014828,0.7577948644669013,0.723073367103195,0.9080404967843803,0.7636226182084518,0.9176054146989568,0.7725684957698593,0.7373086960546742,0.6014421178695396,0.7375240048423066,0.7148554953201067,0.8443395616418556,0.8227047648362587,0.8183285053743502,0.786782100643041,0.8672451013005762,0.8262888124631205,0.7007721891216874,0.7869602771265309,0.6665485255948091,0.7339875182883404,0.7835483304489028,0.9482128570219917
0.745089161749074,0.8478305164428469,0.9209109015751173,0.7962588063499318,0.7677971558458153,0.0,0.781012966974343,0.8232125123021544,0.6603464536780357,0.8269566996770735,0.8494867233600819,0.8955181791986324,0.9101885011589115,0.6642639505200645,0.7169433346975387,0.9300705445684597,0.9282400444160753,0.707229088263836,0.8195783243223906,0.693290855061543,0.8827103612126876,0.8122336824885442,0.7724266943450153,0.7927652048924999,0.8445180786168565,0.8169146984043048,0.7174913899464267,0.8312161253228217,0.8283271574450846,0.8668437377357874,0.7082605470833536,0.9016099720637344,0.8326026460381949,0.8293893403463953,0.638518411946974,0.750909505138625,0.8542297085306602,0.7612003555435195,0.7462239425969611,0.8138592279570875,0.8065089609120669,0.8552140307383138,0.7707793311296655,0.7862335320298759,0.7933312325476921,0.8372315066307687,0.8529808926363769,0.8165886607409377,0.75650828229243,0.7284987823284007,0.8231147188147654,0.8831620897565994,0.6967307640220723,0.8514137032435375,0.8017581580054314,0.8475868402789786,0.7751483149245902,0.9457503220330062,0.6321085355424244,0.7784639201689987,0.828696906392421,0.7678006341419366,0.8566985097551431,0.6217668399527935,0.6208326961148746,0.736284330395462,0.7170394569127154,0.8225012775399373,0.7277432572722151,0.7985411149361259,0.7763079102346844,0.6093346159966763,0.649255398255145,0.8745085817362862,0.9054296020178177,0.7196336390839312,0.842834824860928,0.872010017380862,0.7832732514785202,0.8049794617339876,0.9173801495652841,0.6912430064973009,0.8773417405269135,0.8438278699070205,0.7757391172235826,0.8344153399315102,0.7774154125405266,0.6460558281448991,0.8041319660557733,0.7608266884060518,0.8099092626043553,0.7099378954116806,0.8008494287450708,0.7338541205804251,0.6882378292578266,0.8573791945036906,0.6950360041768908,0.8236736586283304,0.6068914420419511,0.7685714961241896,0.6501082555406826,0.7815658628915769,0.6601438930271782,0.7637469944512612,0.6936699853446631,0.8996324175705066,0.8779587228102702,0.8877024714401626,0.8430374115327335,0.879271635774795,0.8473174021081582,0.6697810619357637,0.8129303096747622,0.7515132924821557,0.7737888155523444,0.891932179111301,0.8184262681407714,0.7338780500927236,0.880616288594591,0.7030167510950258,0.7032683913681171,0.7732478511794327,0.7884902109969185,0.88224102964783,0.5730497881349622,0.9008521154066845,0.7266391948748194,0.8764112029327008,0.8714802798880149,0.7036698242948288,0.8088494558414271,0.9134596903241352,0.6798814068201484,0.6679038720152948,0.6922937572751857,0.6450894336970112,0.8193113087170516,0.6959645287512496,0.7068970665174412,0.7519277810522826,0.6991766578849045,0.8228814218446147,0.7525987764639248,0.6966018427639542,0.80572967094465,0.7118714102045907,0.8005778510501641,0.9197735039813614,0.8218693925883571,0.7274225219779369,0.6538205867284769,0.7403116374167171,0.7337414461818736,0.8431441646811474,0.9178001921809884,0.7406508622575347,0.8300506896176763,0.9392122388455747,0.6311433129612724,0.8183526331117476,0.7988284009760225,0.6820422036500098,0.8274680234733675,0.7304818028646666
0.9014155165633688,0.8473528910336812,0.8204227569161311,0.8274388578679441,0.8925813078901678,0.781012966974343,0.0,0.7018238722958542,0.7648024194079508,0.7483255514836963,0.8774123003853264,0.8618210102881738,0.8283517458917403,0.7514025736320145,0.8956297389772104,0.8006592800593533,0.823248342379131,0.873680599515233,0.8199419907537829,0.8039448087577673,0.8926271748541865,0.9090472364841236,0.9500349932985087,0.9234169010333702,0.87501711065747,0.858932532219061,0.7444660555616499,0.7296127904829786,0.7877203809168261,0.8267274791231594,0.8130755830501721,0.829016154978231,0.8750722938796803,0.8317516575762733,0.8103629697035438,0.8207752507649893,0.9178330807479563,0.7971547630195478,0.8116578713914924,0.9402098635161249,0.8638980332858788,0.8889010293072551,0.8763467383949894,0.9139523220832548,0.8296947100911586,0.8480592134011964,0.9013138149050943,0.8848972526891022,0.965777543301916,0.8576137684709131,0.9135004336371257,0.8674569438123592,0.7468189198040698,0.8876537506732789,0.841787270080583,0.8103962407337425,0.8594449518076658,0.827106957575208,0.8101761840124941,0.8075850587243223,0.6915259935684108,0.7167989464761443,0.8137171714693312,0.7417996671664121,0.7997971825387127,0.7592869944991818,0.8239364598300473,0.9151123223216104,0.8193493437786551,0.7599041773606938,0.8985700888247661,0.7519634566119469,0.7439786431844164,0.877824099921582,0.7149523256389022,0.7836991941474609,0.8083104374564452,0.8735786299749649,0.7642644987547755,0.6917987289663956,0.7582928827281507,0.8692150566553981,0.8592109652114228,0.6743197996902711,0.8326677033477792,0.8310776538947354,0.7353341408992963,0.8012753786568021,0.7051912075484934,0.776629251361879,0.9297184515333531,0.8506458477045559,0.878372493501344,0.7907303829114166,0.8712048037079935,0.8883293254535963,0.6788550005967665,0.8182318356133783,0.7288500303992472,0.759439044849716,0.7468568819208877,0.7277153633537095,0.8207029908519249,0.8019974763241514,0.7593770027919626,0.817898377243161,0.7376031523504766,0.79109647532386,0.9100274161476403,0.9106781691888608,0.9462081571140963,0.8473128122232255,0.8055125512194964,0.6386417028368915,0.7847103642445913,0.8077652268922151,0.7704223902910201,0.8579635272311809,0.8195990699596836,0.6828016044705671,0.844492145034637,0.689560921889264,0.8767894889714749,0.8975312897149176,0.7334880608766785,0.8311421939914331,0.7099934798987669,0.8375934459266504,0.7781125063541828,0.8576650596955813,0.7007069237562784,0.7535164936161148,0.6292209429790376,0.7682705015583701,0.8081991488148095,0.7990182533311105,0.8416240302292142,0.8987951594201652,0.8380903194894072,0.8291407630768493,0.758413956125772,0.8053848083714567,0.8932988296459808,0.7974632978676884,0.8922364273454417,0.9129723896714924,0.8858461411281536,0.7456527669482049,0.8208925864535058,0.5880483388391934,0.7884196818493988,0.7560251485393913,0.8503239252163315,0.8913395152484598,0.8655077710375171,0.8418503984860419,0.8648335890684485,0.8123385501990164,0.8069248842108054,0.7982605315165968,0.7443904931410685,0.7940830714560975,0.8749480475972315,0.8854967540502399
0.754330947476586,0.8224887066745901,0.7764164141131865,0.7873830238690015,0.6360741428982098,0.8232125123021544,0.7018238722958542,0.0,0.7710280952620862,0.8002749090932589,0.7670397437102108,0.8216356202370364,0.8528692306813247,0.6961838360637409,0.7346484907161678,0.7709335869952003,0.7388027961295752,0.7392436558896809,0.8021198451850504,0.7622086292116961,0.7311987192726398,0.7732954822102039,0.7550290854951653,0.704723512605758,0.8541240085329906,0.6958008620051993,0.8558789861997308,0.8649270453905545,0.7257430957712979,0.7547155564588763,0.798080239091261,0.8146947683629601,0.8099815493657839,0.8195391505501443,0.6840942445637804,0.7557786408605209,0.8229771034449019,0.7828551662992286,0.7437079822565741,0.7194155898894226,0.7275191994095506,0.7425206564081354,0.7394396259095841,0.6909730401087081,0.8988575109158863,0.8065332047682235,0.6923093691463573,0.7188920639193473,0.7296120370763955,0.7132110194463294,0.732800142899422,0.7031570380633345,0.6677899825932312,0.78504958438545,0.7723967143916961,0.7747295977368952,0.7299828438223862,0.81280433828834,0.6627052889125117,0.7768285419797688,0.9314376838633358,0.705467231949646,0.7462486395782465,0.6491701883305939,0.6337810316928065,0.7396373912922307,0.8018661602087901,0.7387578064043074,0.7762992831306323,0.942310111252055,0.7384821977187552,0.6483014320573519,0.6713602465776525,0.7901698541429133,0.8884783198675023,0.7317845893351937,0.7553723372185153,0.6835801980933076,0.8195792392678989,0.5872918592084778,0.6964162786425394,0.7413345613070166,0.7594892194534868,0.8573586570921627,0.7112126187368687,0.8667944518414717,0.9254541512112004,0.7100732735539167,0.8792074898674832,0.822617546039899,0.7068298144270599,0.7458651937065074,0.7209060535640259,0.7034954337840428,0.6737126115935412,0.829361348146105,0.7930691160816757,0.8070087043038605,0.6066548645101697,0.788925571545015,0.6966407412906565,0.8567750329831657,0.688028687991205,0.7868368076262682,0.7524432100127088,0.7698308653902705,0.7883755309275645,0.82085672559818,0.7437795844458576,0.7487493568868755,0.7318349325277655,0.6629829760566366,0.7773340664135774,0.8815703426360885,0.7426620228926528,0.7525534590312047,0.7558764806040331,0.7278730371573814,0.697977707705209,0.7212007089942549,0.6294432139768877,0.8681024629165093,0.694860564584925,0.7400819303636397,0.6004618200734877,0.8208708711198711,0.6719971762614376,0.8311643606264456,0.7829018637829323,0.7270653216723,0.8317324824444692,0.743106114106936,0.8101499191994482,0.6904515808220394,0.7485723038216825,0.6183948232343068,0.7542589784084169,0.6882193632996235,0.798976471333548,0.7886427831040096,0.7662295503649096,0.734628476082791,0.7635769145271611,0.7361043856093591,0.7396652355438027,0.7167069760911271,0.7562576471073141,0.7550694970934521,0.8222221525750637,0.6445229340985817,0.7456588962906605,0.7056162752917448,0.7442386786709152,0.7583830189093536,0.8283814278334027,0.8482703567476994,0.8048351319648742,0.7568665103110555,0.6667856728877003,0.6816042140431826,0.7000969708162905,0.6811950897232313,0.8526810074003528,0.6707665235892155
0.8986087746545923,0.809490457649774,0.6416817424082529,0.6896414522261007,0.7029893549970512,0.6603464536780357,0.7648024194079508,0.7710280952620862,0.0,0.6450966551897825,0.7235248547642343,0.7676698416482871,0.7083266079881345,0.7434896324990206,0.860719448240402,0.6514985514138326,0.6405447598923001,0.8492260981343736,0.7913765777097689,0.9070795571037926,0.6922894990794864,0.7943218467020009,0.8076765883360644,0.763724384704565,0.7935215138795929,0.6521212193198187,0.7918127885240034,0.6970612141584285,0.6577685769572562,0.7701168442195986,0.9284616332478158,0.6962145750128206,0.7820802337414252,0.7501085277716445,0.8718084970674875,0.767519572998887,0.7980043812357518,0.8266762775499842,0.7914093362141446,0.7181259496350938,0.7600612827652992,0.7407279449549871,0.7625143411067619,0.7489985105533403,0.833572166636286,0.7697979151289207,0.7131477458569684,0.7118194780477175,0.8084258428484097,0.7988393710219663,0.7268934562942424,0.6785885513989097,0.7450862698490724,0.7282346122266719,0.7189110013510697,0.7667301702440824,0.8018833330155384,0.7034444700360136,0.7156359562597163,0.7900949597899933,0.6758938725626191,0.6623115078352848,0.6800143646507643,0.7404800969602192,0.7947486940225061,0.7053460625599633,0.7619095246024049,0.7384029286608391,0.7374150600483662,0.8004782316293749,0.8070860709157405,0.8006154338285681,0.6781371830565905,0.6850271706162683,0.7004876624062535,0.810772151975347,0.6300717373759844,0.6530172335277853,0.7932630129888455,0.5494725175365422,0.5997736073734312,0.8982662726481005,0.7587064599634384,0.6776071645942154,0.718264826256621,0.8885139116088585,0.7788541527863448,0.7842739132681928,0.7385595665801684,0.8796001876535194,0.7455674466029735,0.867682651753733,0.7510046410255895,0.7801660074545897,0.7675794890340502,0.807435109121456,0.764613941219296,0.7591869129856195,0.7496958489787622,0.695468292925652,0.8005138657094701,0.6707096144880061,0.7135306245013079,0.75215253762559,0.8041938094479216,0.6848042303671854,0.612460033445905,0.7021085350225258,0.7351621436420687,0.7248204873177776,0.7158114294765772,0.790213501381479,0.6739867037333712,0.7114281593776766,0.7482688623547218,0.7037442803138405,0.7350597068267413,0.7656545212412912,0.5808071005880965,0.7067235214304821,0.7516977992116153,0.7047744072289601,0.7663404426497684,0.73316510376227,0.8281726212348236,0.7160745902106276,0.6189824975918338,0.7652511828617311,0.6529318964762728,0.8161736785621891,0.7797096551765498,0.6229247654563461,0.7416966343574076,0.8613950848676937,0.8181448644718535,0.7695767665635082,0.8208794277126247,0.8326957327610575,0.8166139557516572,0.8671492226055786,0.7510354953289319,0.7070070410369536,0.8537602759536668,0.7709034067278223,0.763760606402391,0.7979887775077571,0.8541654693710461,0.6186567160873264,0.7667551730947565,0.5728354276440047,0.8888256521749024,0.7390974140899866,0.8266538736159068,0.7149024017723565,0.7305167014743478,0.8943155458068648,0.7873144706460743,0.645821420804653,0.7902099907616275,0.6166507334856149,0.5926419070299644,0.858086239480401,0.8866043570846405,0.8035023573675106
0.6830736673143591,0.8644442531612129,0.8641799300091358,0.7338479176468161,0.6510241396073765,0.8269566996770735,0.7483255514836963,0.8002749090932589,0.6450966551897825,0.0,0.762043628747568,0.8299752137136859,0.8170753292855161,0.6741704458012676,0.6902855402228018,0.7803893933184246,0.782636631560302,0.699135331017403,0.782302894450117,0.6964699048015324,0.752528600560169,0.7862150753676905,0.800978846476834,0.7151901014613702,0.9072417757054859,0.6545401489050363,0.7760105166551973,0.8303759591629924,0.857736512417637,0.7245082872247551,0.7020788927610623,0.8404154856033449,0.7489747466701875,0.7799831779244942,0.6410835613882071,0.728506205736857,0.7613594974768532,0.6884437233189712,0.6867347665641846,0.7441084596115737,0.7106664430336967,0.7912002727913562,0.6974750391041371,0.6871298422303747,0.7953794549757719,0.7324663459058539,0.7328000039895693,0.7261650908157613,0.761124716128644,0.6689983833410665,0.7014956959787121,0.6827890184275152,0.6468393627192873,0.7861943559240707,0.7773284707732735,0.7745802455819917,0.662593923115276,0.7726003679764791,0.7244056409336338,0.7047448826417098,0.7925184399338767,0.638424540703229,0.6825522765625084,0.6627289849072828,0.5980689306519578,0.6588461701380985,0.7161798560220767,0.7237369556702308,0.7833506610444364,0.7687443161797934,0.6639600044303816,0.6095715347054586,0.6345173425511281,0.7795915827489827,0.8139968810955417,0.6901683677000321,0.7254340504094948,0.7248524398348963,0.6557759416374789,0.5976201462619494,0.744228399106841,0.6415935293524764,0.7512185723779955,0.7378290331671261,0.6520160813640352,0.750797573730126,0.7155616215886642,0.658041622569059,0.7778929475622194,0.6964750351333262,0.6749868569102694,0.7065450276505273,0.7299480077867762,0.6344770899201653,0.6438402302098934,0.8361378811642062,0.657676525992036,0.8321155572454209,0.5744069070344134,0.7362602555381532,0.6376200298482705,0.7432441731252464,0.6521924643443281,0.8565917553551485,0.6444555665525951,0.7280940523930273,0.7715944459435458,0.9138221644355085,0.7613548169067931,0.8221979211640361,0.7578457605097934,0.6055342921923803,0.7315533170750489,0.7430874402471159,0.6446965758498516,0.7088162493315313,0.7809553973707098,0.7809121788875063,0.8138017441040444,0.6438252522031823,0.601017327592242,0.6548380362741405,0.6866218984567012,0.7204082674380785,0.5598072767473984,0.8435086229433424,0.645126812591174,0.748786152995941,0.8671188846122865,0.685595911413005,0.8045314830132011,0.7234269564779694,0.5946055062681566,0.5853457364960244,0.7070401630606173,0.6055862583455118,0.7320105020147618,0.6546750276505144,0.7965117747605734,0.699397917299407,0.7231844830412769,0.7529535852550493,0.7254083337990278,0.7094255816605661,0.7325849020414298,0.7013289212008653,0.693050283593918,0.7968063683164989,0.9243045365529914,0.6620551691613913,0.6139013784956641,0.7357970503198831,0.7082842565283267,0.8454693876537619,0.8462419893274353,0.7186523972409845,0.7508930615477188,0.7661854951874592,0.6316185477712476,0.6609253589821734,0.8297084180820176,0.6365358836097544,0.8114089937009533,0.6193422295192285
0.8396589133956043,0.8494995719362174,0.9123950953709427,0.8148580080775409,0.910380404592178,0.8494867233600819,0.8774123003853264,0.7670397437102108,0.7235248547642343,0.762043628747568,0.0,0.9286391767599229,0.8560590134089358,0.7037970415734539,0.8733518832690228,0.9142542156119269,0.8848409208693219,0.8152001093352931,0.8882580604039514,0.7998030181553315,0.9558673778259358,0.9576189464948879,0.8315893038966576,0.9175874081061769,0.8673430203299876,0.8701076034606551,0.7281359647627419,0.7468882886241962,0.8731175792321708,0.8691628097702682,0.807806933814232,0.8609846592052912,0.8791110094341377,0.7812596782874144,0.7544108801303613,0.845746995531511,0.9338746711244537,0.8773152129090453,0.9180640017832595,0.8784088567777417,0.9076843177421277,0.8304097966139071,0.9204311008069724,0.933206636137899,0.8217322706739129,0.8300243497287076,0.8404842040188517,0.9752133038818886,0.8927884985125115,0.8624006693028003,0.9161167206566099,0.8647258376762609,0.7324909159585627,0.9520272148503817,0.9271867843245823,0.7287472040101061,0.8855839650259784,0.9443347613182022,0.7217942805445817,0.8053747482808302,0.7884933220773137,0.7290851832395391,0.8932253105100741,0.7190650190900374,0.750136201706768,0.7602825251041436,0.7583824347409817,0.8858483033950145,0.821143063957702,0.8341608710788297,0.887500755069534,0.7128420449562404,0.6800094942880932,0.895827618965003,0.821461209930828,0.7151880205658345,0.876472907759651,0.9043870954499035,0.8196599461801285,0.7427292256931304,0.8234167110592453,0.8078206529845864,0.8810615352134374,0.772322781765347,0.8174011147050589,0.850432234204915,0.8052023248510732,0.7339786072235095,0.6854142633249501,0.7412337429444839,0.9152764087474581,0.7460008634655273,0.938847042580828,0.7845481445474558,0.7987478926082163,0.9071586147758123,0.7473669313504887,0.7439943759570667,0.6778408330039691,0.6850972624444588,0.7607647788585813,0.8317850669220295,0.727828283872484,0.7990529901152928,0.7561125742099446,0.8386484973555943,0.8153861433900119,0.7820647956011839,0.8724622533546966,0.9120202635409338,0.9411004976233426,0.8176627446701823,0.7618154569601528,0.7225882378423538,0.7945828240269102,0.8010850463431642,0.7264165487353659,0.9025645250284539,0.8457437918360827,0.6470656370247285,0.8621941665689717,0.7530257279844178,0.814429902007664,0.9152921194665804,0.6932284573848095,0.9315449010359756,0.6667094280950494,0.9000966926710141,0.8354130511548951,0.8451126572685658,0.6874024161746632,0.8752627795957483,0.704311414808349,0.7703787611097139,0.8687319134076679,0.7979680431626492,0.8647253113546688,0.8456478155125782,0.8433439976073249,0.8941043696180633,0.7596265447821827,0.8537182228056339,0.7900387613534885,0.820441469068651,0.9542656070384878,0.7696201348051634,0.9074686504612941,0.8167944597878921,0.8485677996945354,0.6613670416046629,0.7844741084522665,0.7792960521514732,0.9083536539333843,0.8448929002136224,0.9114411763437767,0.8519411412334595,0.9083394291266286,0.8422041476138559,0.7393729887244539,0.7966425309730184,0.7193504802272054,0.7427906249904495,0.8547975925475351,0.8879417411023452
0.8182907672009128,0.9262243929298206,0.8988563191008181,0.8002999499784963,0.8401580636430184,0.8955181791986324,0.8618210102881738,0.8216356202370364,0.7676698416482871,0.8299752137136859,0.9286391767599229,0.0,0.8400473198152076,0.6810621226820566,0.8496504174942565,0.8789112553635625,0.8432405149879166,0.7680635219884038,0.9201990358400525,0.7977971139637462,0.906443791546816,0.9274412021185345,0.8560871137393503,0.8972808439039326,0.9324994988942066,0.7917977857632978,0.7537404952141739,0.7668776195275441,0.8865728436530184,0.8967735874430098,0.8443358535810478,0.8499932999779575,0.8821050939235092,0.8307969134474348,0.7466191193886154,0.822785709270789,0.9096677824559002,0.8346032921533081,0.8903778745909171,0.8279578567878819,0.8843370286612454,0.8710250744017883,0.8382954760423221,0.8809799489853061,0.8434887301781336,0.8096994292494167,0.8345055668408071,0.9012933838210453,0.8583089659424328,0.7915284278293253,0.8346544955915635,0.8271638731617227,0.7009988729473232,0.9135970859365213,0.8766218674601551,0.8228916954110932,0.8204243059465108,0.941374585164735,0.6829337622665048,0.7846100140390883,0.7828873073314443,0.6934969298040865,0.8089994852792264,0.6952430454994509,0.6933352849979072,0.7001316606691076,0.7381850796397774,0.8386863894453545,0.7548097544149126,0.8383721642489607,0.8265138646523155,0.6801554310369738,0.6384481110635167,0.8350287817874269,0.827183879351754,0.7248453146321762,0.796590095188079,0.8714907554668077,0.7945908493079933,0.7111445414996822,0.8063878184782622,0.787079477476307,0.9132117873042752,0.769290323928985,0.7559184350287582,0.898158174022075,0.8022363613273388,0.6872676897705949,0.7302664387591287,0.8288935778421006,0.8380055268887836,0.7906442704503104,0.8732730288736293,0.7443908963150782,0.7282039258710016,0.9707509939577859,0.7286123651824671,0.8384417467122361,0.6585088953715419,0.700372238964943,0.7424814091627466,0.7814797861844048,0.6982920341745866,0.874166901568794,0.7205355868728894,0.8202019085655639,0.7727200028888164,0.8726227516180377,0.8393288526395284,0.9408595582670217,0.908363624299014,0.7479250493040108,0.7371184566177809,0.7403954599626977,0.7495400522446276,0.8179732902433505,0.7726940409924768,0.8639546910130171,0.8151300207126747,0.6712753006748795,0.7832187188570718,0.7381893936359092,0.8081645223240236,0.8944424663987597,0.6733710554109357,0.9521833747181284,0.6435753480058837,0.9048408343739567,0.8596660048518879,0.783539566939685,0.7923322950755349,0.8269788633316304,0.6779847118893877,0.7651877783413216,0.8422474526087995,0.7363267075993086,0.901534793183128,0.8018067525690756,0.8311730947742411,0.8827212481986197,0.7579688405935716,0.8301988352466069,0.7998553165785518,0.7803526900926828,0.9113245435119909,0.7641840565859433,0.916123803655273,0.8243639775818237,0.912826561773958,0.6822736054925659,0.7643074326034396,0.7905881354410762,0.8539990330703461,0.8643983560212196,0.9716309252061752,0.8508520175869422,0.8861791679919286,0.8699589985386608,0.7185012003283177,0.7239238608852991,0.7135437306106854,0.7572772066958077,0.918733166172063,0.8316436817640185
