0,1,2,3,4,5,6,7,8,9,10,11,12,13,14,15,16,17,18,19,20,21,22,23,24,25,26,27,28,29,30,31,32,33,34,35,36,37,38,39,40,41,42,43,44,45,46,47,48,49,50,51,52,53,54,55,56,57,58,59,60,61,62,63,64,65,66,67,68,69,70,71,72,73,74,75,76,77,78,79,80,81,82,83,84,85,86,87,88,89,90,91,92,93,94,95,96,97,98,99,100,101,102,103,104,105,106,107,108,109,110,111,112,113,114,115,116,117,118,119,120,121,122,123,124,125,126,127,128,129,130,131,132,133,134,135,136,137,138,139,140,141,142,143,144,145,146,147,148,149,150,151,152,153,154,155,156,157,158,159,160,161,162,163
0.0,0.3296443545643779,0.33004063306746917,0.25939899048698023,0.2656442205400077,0.332696473159101,0.23924019990717318,0.3096593657108628,0.3011133302365942,0.35868402063174526,0.31750067093938966,0.23810392904051902,0.48035612167798514,0.28648092656342883,0.3386715049978448,0.3424984294383548,0.36627374470080354,0.43707455609224816,0.270265646188082,0.44754191290186307,0.31753082757443035,0.32071203163566897,0.24645303699590188,0.3148850735248952,0.3699324718595327,0.2513582810924188,0.23324164446048845,0.3217466530654738,0.2842949924240259,0.2471279256675488,0.3164072519279481,0.3611771273424969,0.28719481323970053,0.24464106071716668,0.40853862246574585,0.2628368465405915,0.3830424445673,0.28615228233373574,0.21841333217104714,0.3619553303268037,0.26883088721110915,0.29526990529457225,0.38865487488185924,0.35549120044747107,0.33648333111508716,0.3591636642268397,0.26978896487708415,0.3508502544713925,0.3198949228992249,0.34903616119307085,0.3556992630129311,0.36757406406979876,0.23128143200925663,0.3012907483362861,0.30423277041231345,0.31600239358614574,0.41137239132384873,0.2591601241903263,0.3133399205113377,0.3460944655475423,0.34698753549904626,0.2413462082211474,0.34873463564114465,0.2257620433012912,0.3026064707941174,0.34935609921922506,0.29276547583963874,0.3499967265891553,0.282893782201243,0.319454134897848,0.4655053498903691,0.35714534539371845,0.282656817565705,0.33124753213111857,0.3254008887806367,0.3202125754692113,0.24594589468784755,0.2593492522440326,0.2856785160261849,0.25877774059655095,0.3080069112997129,0.31557616531241667,0.31856666493253755,0.31209765801117206,0.32003364428486664,0.311703845111428,0.3088925369366597,0.29856565728627177,0.3378498259976911,0.24544192850733937,0.30047764120228293,0.27441426991900114,0.36634917351466306,0.3321008791131443,0.32342795306832806,0.27766154064688325,0.24793860155794858,0.2857995961266295,0.2235223047365948,0.3438268379284174,0.27884189852268443,0.2899416753173149,0.22824892270001204,0.2514184447729378,0.4053489342184944,0.36827474375758024,0.3439034541506816,0.2937194385818325,0.3525753960723481,0.3284382247271742,0.2748050441555006,0.28854982473108276,0.3118657467614995,0.2201904359483731,0.31411838298529826,0.32985288964036236,0.3407801053215067,0.3027140023441554,0.28055439981859803,0.2315877260177441,0.2887591869441241,0.22770945208578544,0.3103518030064413,0.3892062685051194,0.28730885118027016,0.31409465410083404,0.2132615534132867,0.2614386877494127,0.2933190627223346,0.37307029686308446,0.2660083452997048,0.2924301666403775,0.24438556753836677,0.23466190377391138,0.2881387148741849,0.30919611191164664,0.3206705057987136,0.3405056297275579,0.30803197318697517,0.27555411592472945,0.28336458588475466,0.2834593369835106,0.3211751654023433,0.2532480456598298,0.2909193456606644,0.21981776719736543,0.2617939883949942,0.2493055353112732,0.36565651817941686,0.17356706148330392,0.36253350355360026,0.26695321962673707,0.2662155835847981,0.24264022649188804,0.26903695581213993,0.34987371412898227,0.2749904776399392,0.3134354955247678,0.3327545433265702,0.29708148947691804,0.2665852887589111,0.36114576074079474,0.2088337678278798,0.3205824926957015
0.3296443545643779,0.0,0.34338195975378394,0.2964582691067018,0.2403959204724478,0.45777147641870386,0.2300750822074292,0.4297292353143244,0.35066087701260573,0.36450164154712483,0.3028702059649685,0.3013959952571792,0.3172868103918284,0.31229897168927,0.3491135871422989,0.3392673523971583,0.35763127256269617,0.28421657693426317,0.32833395264003445,0.3725705898337062,0.340410052002843,0.37859762737460007,0.22145199067137603,0.325117839238939,0.3257342817955365,0.23941656503296083,0.23539607928786155,0.35682742972702364,0.4312729262326832,0.2674028029395554,0.4098845153986034,0.31801220703988475,0.423523344970889,0.24039052211720346,0.33620534788309814,0.2720404371054254,0.2824729099139941,0.34318631264270466,0.2855848373587075,0.31476176661398253,0.3692407314821769,0.29304332762300805,0.2593990528248919,0.3212461332663528,0.3463495425333767,0.2777358062320004,0.23655713407954898,0.2670161573729324,0.2603765764079356,0.3013221852732318,0.3358863415811655,0.35497208591722135,0.27541374862490764,0.37730123663051657,0.3120679210850803,0.3553202146851281,0.3806433168181814,0.30536550799876244,0.27696691559385633,0.3246411980007035,0.42668366546690484,0.2239256878562558,0.3066529206710903,0.2090224717229076,0.2611117401114525,0.28031439770608557,0.26778289839813907,0.2742087690283266,0.2387200920464189,0.3807861368441539,0.3659354198805364,0.3313780970037016,0.24743178608871144,0.3234443435720428,0.4060531589209533,0.263343153607368,0.24222567012920024,0.28427134049595126,0.29075040614780623,0.2929797293019426,0.3037089943093378,0.32183085009195056,0.43277129380271584,0.3076740190393922,0.30367534062820845,0.4216021653375825,0.28957293933284056,0.24666687227002823,0.29420996704869373,0.3172164783805889,0.2600366218844819,0.28736698755512513,0.3524604013269643,0.3264727388243168,0.3207962867418499,0.3527705455522366,0.32984222497165955,0.293514640969486,0.21946344690609812,0.3268769708605171,0.31696089260549193,0.2537974154244912,0.2016967261564715,0.29002045417169015,0.33396207445358417,0.3082820410335257,0.2952723684553633,0.3384872010535779,0.28896824381609815,0.31025517056034585,0.2630245602001011,0.24758354105226457,0.2891748757851188,0.262965438681831,0.32591381196905933,0.5008942851626236,0.3322432294247269,0.23615184420428975,0.26511268408542993,0.26242127660135445,0.3135942779516339,0.2942843223016653,0.28253477740784216,0.4698130778893945,0.32328959885697556,0.453458587581747,0.24066067770412589,0.2958997094680099,0.3434725116929604,0.2929995094730515,0.35749581507933315,0.38835285450977086,0.2731013992006041,0.3304486286747982,0.30281330493621406,0.273610867818351,0.28299227765680024,0.31775234785957096,0.2818673978060319,0.28883766411700684,0.3046471645515153,0.29761570492307765,0.3585350550860117,0.26816533366785406,0.31417183344206673,0.19863401732138128,0.3565131162530902,0.27677568770471694,0.37518614102003794,0.1998543828897129,0.34807574938985697,0.2956942550662784,0.2699038788276604,0.24385622141652355,0.3065587616100519,0.3546358216196846,0.3063777821113241,0.39294108033153746,0.316853929784161,0.282520657422901,0.25221011082673916,0.4156755598019286,0.24461545019233333,0.31845536314461376
0.33004063306746917,0.34338195975378394,0.0,0.32234706234838156,0.29404388678400784,0.2975687302778925,0.256595296926984,0.37984978572562444,0.30769918818565434,0.4504237892558232,0.2919895253361311,0.25605311256303837,0.34174670439400584,0.30916801552434076,0.3041641382336874,0.3701578583574971,0.42885927243741434,0.33717192291187137,0.26872628158612805,0.2919600968499366,0.4175130188823114,0.4282095722867069,0.2612031376271117,0.3015899915128939,0.33400937351824495,0.28824755733730134,0.2511085760923331,0.3380429491875402,0.28042046021988537,0.25372973988961617,0.2965346647044758,0.3330609057909699,0.2851412583273147,0.26121342895880206,0.31276127808109283,0.3033770774841874,0.3132471902984402,0.30603239724798464,0.2366385197086775,0.4082773279874167,0.2796179934389368,0.38386821674976557,0.3107128928014139,0.3027667908411901,0.3833372676765394,0.29107874770074343,0.251685534774324,0.2840330451004946,0.32298071837967074,0.31702203103769,0.3672398053892645,0.3603106491723361,0.2127987214589793,0.3728993569398672,0.32335686204726166,0.32106902529116826,0.3223780834519031,0.28557338323736725,0.31385908956291925,0.3071700999622398,0.3206057500094795,0.23626960219555213,0.33250162636556413,0.24424970914218908,0.2885236009342749,0.30805877645752605,0.28761032157125366,0.30878905831818915,0.30822258461460167,0.35995841836650927,0.40291526170012715,0.3029951568977913,0.29415964669902817,0.4962587286805049,0.33456990195707437,0.22160227585659803,0.30430542226936,0.2822778817867928,0.2453869708831195,0.21687561455713983,0.26860593903797314,0.3872244921149984,0.30787041326366515,0.25457789551799354,0.3490631301998641,0.36165580955584903,0.2733944054303795,0.2513679738298567,0.27299928478115265,0.24192338985328674,0.32027673268891316,0.281508760660668,0.30642927710989176,0.24145828967220234,0.4008933323318207,0.27010002674311584,0.2527842963227358,0.33549466751464135,0.24001664178318674,0.33574290106162935,0.2335411427797291,0.3521171247052205,0.2401677908346849,0.2924511810159566,0.3408868491854301,0.34691775780190703,0.3370493790794343,0.3047262901086473,0.30394035177329687,0.3311255753810182,0.2967006438272949,0.2890544473642908,0.31159817793224104,0.24100598701100107,0.2550381428754924,0.3769433337624282,0.2577059280822335,0.3147298458817009,0.32879144104607316,0.27348966893593685,0.297793148818903,0.2638444402783143,0.281707215210549,0.3341962063638094,0.2438416894323955,0.29105962783558115,0.2764807002666804,0.2864181018676572,0.36259868054506267,0.32196003720278876,0.32004631485836466,0.4469614065412007,0.21862196300864967,0.24049718372720266,0.28723987771888654,0.23345255577239185,0.2098295148583458,0.32741042617896854,0.3334658754226776,0.27095057532428535,0.22964445078747195,0.30786929411917824,0.3802371865810075,0.32334654465202156,0.27606434595000723,0.21738522344077818,0.3206782113423417,0.24092807438664174,0.3862278530702244,0.19912251544480536,0.28278901723708394,0.2179565879756765,0.28278569598484943,0.3175257884370792,0.3061787897284301,0.3155883706443177,0.28432109613511297,0.34974610746162943,0.2557592124560226,0.3172016391750384,0.291924213298015,0.2626794980263546,0.25618047748964123,0.2891044707469525
0.25939899048698023,0.2964582691067018,0.32234706234838156,0.0,0.3183169863255002,0.26200437134316823,0.3362244366896769,0.3061283494828701,0.26617835579751287,0.31489212431452834,0.3279937182782149,0.3391256759851543,0.25034581353081375,0.24237529860146026,0.31188034201322307,0.30218982416343015,0.330653226643842,0.2613404997840862,0.2702907776293814,0.245885739573154,0.38403497105645423,0.33460425979069414,0.30153539225579445,0.30171313519008525,0.3264225855797749,0.2868823138390106,0.30710110501522475,0.2817498504189425,0.2744830542043232,0.23590629579930764,0.2877778371178393,0.24934845312607784,0.34567141144964714,0.2869998929207912,0.28213079429056986,0.30891942496296393,0.29625504149765225,0.2695121355759768,0.3071193466866142,0.3527381244710204,0.2679524525020286,0.3554644876066619,0.2524817789576207,0.3429438967661581,0.30091726200796776,0.2691848673395366,0.19454575526116183,0.29539268432860605,0.30534078937888665,0.25573051211425474,0.33790828912107046,0.30989765005619496,0.2140710688561714,0.4164602072839753,0.3602187701543002,0.2862664867031315,0.3028427127752775,0.35909972983025923,0.2558809900530437,0.27767981964840266,0.29329712687698156,0.20316718224456706,0.2753620306167294,0.237212421221182,0.2523585863667518,0.24595809650878794,0.3185656477895967,0.2198810485080434,0.2301571488466388,0.29034487579425633,0.27819700823700855,0.256761697142281,0.2788350305064273,0.3657454796320662,0.2621665630228071,0.20170185147005223,0.34284709040761585,0.3763480600872432,0.22452246414737315,0.19914221144732644,0.21856149477420983,0.3817489069177611,0.25962771791900513,0.20296898297077878,0.38917540599814127,0.26154278509750506,0.3175268511587819,0.23646525626699924,0.2513443928075536,0.26061262669019425,0.34511211269909486,0.32559624656131064,0.2901244840196735,0.22497650939170408,0.3693997853170531,0.29018361743832777,0.22049531305790987,0.3372413547952319,0.2542398538262999,0.27214813351197487,0.25378615605941507,0.34812114614003997,0.3021438809436033,0.2764987729519829,0.27864694098764325,0.27135704409464656,0.28670706745629276,0.2998001338140047,0.2608995816589364,0.3275708949489014,0.3629515799084095,0.31448525417007767,0.26747577281442325,0.29563397683520914,0.2384383505375375,0.2948934799598463,0.24006818112306172,0.263748691576904,0.30940451968466404,0.31128786619714843,0.32263318533610813,0.29685774922730424,0.27155902948123967,0.30380701596819115,0.23584953852983917,0.26698341830384525,0.25149728629082513,0.357650944675258,0.32721254624569,0.2653688756853235,0.2429300209579199,0.30885924313512647,0.24277168284279804,0.27932375616485233,0.29470958134047015,0.20098458809965514,0.18268668459387863,0.3079555710473419,0.33960231906598365,0.2709543740913188,0.24355894317176713,0.2878081054577559,0.37796738359266574,0.33658948653876275,0.2972991184642583,0.23843911672510376,0.31893094239498343,0.2270285512346099,0.2775782208958879,0.20131018641704418,0.3207739792994863,0.23068757784731359,0.3385948991475044,0.2622141877140904,0.3500591699748498,0.29176360023883546,0.24371838513534191,0.3310711070995665,0.32129868168859427,0.2747180814850461,0.2281780594335184,0.2448154031191749,0.2896747954167268,0.31608898805932273
0.2656442205400077,0.2403959204724478,0.29404388678400784,0.3183169863255002,0.0,0.2047245614700244,0.33711022564109583,0.25445522937912196,0.27580354662834256,0.3022570346915756,0.32094660361101834,0.28754943287970486,0.23093348968978994,0.2435307879969845,0.2933640272258086,0.27697295332123945,0.2671178619481539,0.2798385595236239,0.21596803509271786,0.22264452350353853,0.3075664568432709,0.3036222492709593,0.38814567800877375,0.2581119384005789,0.29260363206625395,0.3059399786019966,0.34041201029749935,0.223247739388167,0.23784402752158224,0.26273183778198644,0.2902824966357485,0.23148147073489397,0.24186031923504844,0.26503235212761744,0.31954916460522853,0.34895212259513075,0.29352872640448935,0.2657169713244103,0.2921744405749994,0.29200307248281276,0.24485465671882212,0.3981751310138872,0.2870717971657724,0.3198645959445575,0.27069598525795635,0.23835117658915989,0.226158113153184,0.31327722301414973,0.32127427523440355,0.2778544041281941,0.2994477753837017,0.23138915519955863,0.19513575603274272,0.28297879910551793,0.33471454603090095,0.26100751323135407,0.23892479473333028,0.3340216812974867,0.24422797230219487,0.2571829768107343,0.21081682755445488,0.21609916139005883,0.22757289769199532,0.2935174966525783,0.246650173755762,0.20677410875708757,0.28320860269934134,0.23516930980398276,0.24589160048693015,0.28318800846590125,0.28168499515963297,0.27042416081604864,0.251765596081753,0.2787331762492583,0.21530150455139055,0.18811476096888646,0.29220682075805365,0.40994579622104765,0.21122993848448504,0.18165153454654762,0.20133860418014765,0.33902907936129195,0.25023668106455055,0.18563115246187556,0.3167080555668699,0.2350799947768997,0.2876769639391151,0.2516473923653003,0.21953463878133636,0.25628311857677877,0.45501948472038045,0.3419886628245123,0.32335037825214713,0.18476429152536114,0.3357638552359725,0.25969661790899956,0.18533725022877479,0.279288708320006,0.3142921393673448,0.22603635034328398,0.2408035565918906,0.3156221152173413,0.32927878016728707,0.25577297353075756,0.27817748160895633,0.2561775664445194,0.2463171544419181,0.287168334634756,0.2734657514076446,0.26677911467352355,0.31205532354652277,0.4252197125354995,0.23272096213970006,0.30868046401603205,0.21553143290519283,0.24014816205118703,0.20621229820157788,0.3055261177099226,0.23658764669785293,0.2986611944995082,0.35446778911320376,0.28062140364969723,0.23960233292020938,0.2705656474646666,0.24973022370536804,0.22923872046648025,0.23582762524351594,0.32114603217555876,0.2579263975555128,0.26915584528041675,0.23614645435133996,0.24652260795805048,0.20807932212169952,0.26816954063363957,0.26674274290396954,0.2113384975752324,0.18390068943958515,0.34644883756890904,0.3274395871545478,0.3013748147482859,0.19890703947666985,0.29631715643651885,0.317842913380447,0.37871558005249173,0.3257036880926889,0.26375369243268937,0.2950834480054236,0.21235869482182063,0.26971757106447614,0.21410663323801185,0.27665361213693035,0.20668089940510576,0.3116233807682009,0.2941792935739437,0.2982929341139925,0.2853026760515955,0.20226869438628892,0.2851970774342719,0.25427943064685865,0.2523003824611695,0.21007653972367804,0.23254182031626358,0.28953750899228864,0.3321951092686979
0.332696473159101,0.45777147641870386,0.2975687302778925,0.26200437134316823,0.2047245614700244,0.0,0.19912896850800527,0.34563760861752674,0.28640938905453056,0.29911963398089736,0.2786604652617158,0.25915073959000573,0.36176028407690336,0.24747545862193393,0.3015795021928195,0.29991706111750327,0.30953385078870826,0.24418485531848624,0.2783022301837953,0.3545052638576255,0.28914347603755997,0.2926109853141445,0.18457511305197827,0.26692714640512827,0.2920893037876539,0.20947195656557016,0.20287321484776924,0.3052178266564911,0.3211781814931504,0.22820475031607898,0.3144492085630053,0.3078970311344398,0.3706132096437851,0.21692655185537627,0.2879970951787727,0.22912744737018972,0.2730404523918038,0.27376550729092997,0.2297817388719328,0.24906485184814411,0.30249018007326645,0.26399516104857623,0.24168777155158785,0.3050284592118561,0.26926651476645735,0.2504409982402493,0.2171547384049682,0.26122164421608196,0.21087170416526918,0.2755433960149212,0.2746126518085796,0.3599139320046002,0.23978246561798516,0.30412242386939053,0.2539783290387394,0.34919073704482567,0.3299736105487576,0.28197989005946283,0.22897774622388267,0.2760028102683173,0.46337142351484506,0.2256595842957333,0.3039116139461796,0.18188995808073188,0.24039231554419932,0.2628805626018682,0.25215815522880297,0.27419652478320755,0.21050242430822194,0.3035907360406761,0.3197252749719081,0.2601762009877117,0.24899751312142573,0.27249431569883825,0.38788822731252365,0.2529146317580514,0.21762665861711888,0.23247875057111675,0.2570724589981248,0.32176139499694795,0.3357470156060329,0.27121450944280806,0.3149931344303442,0.3292101427506187,0.2706467519894202,0.31176657039783184,0.3081028220980574,0.21962175246263,0.2893327376636874,0.2741909465051649,0.22931405512912725,0.2625610782454589,0.286249531831046,0.30111284000302174,0.2614015746993905,0.32118257086187924,0.3023805711600722,0.2822018124849637,0.19512024810768433,0.29601601941085887,0.27169639532212697,0.22937201874980717,0.19069933190509755,0.2479972143945948,0.31250690625526306,0.30263023711665554,0.29609359912961686,0.2909789260201769,0.248826495088178,0.2919379067873352,0.23575038862391273,0.21463040783824194,0.32091793078086517,0.23762492180227796,0.28147472565965165,0.37263281787658253,0.3191342330187635,0.20320128341283844,0.28306516883493144,0.24325024309220436,0.255687151164719,0.2710175771974584,0.2900224658816032,0.35998710214879154,0.31531313260421645,0.34453848651243213,0.22897530427629978,0.23790723529051844,0.30029309541971644,0.25354737856260406,0.3157637428869909,0.3735366366686375,0.2699590010973669,0.2715352384493497,0.29390167318306426,0.2649507431322223,0.26669481609009943,0.2465894707479665,0.2256440061221487,0.2365153475201891,0.2954236841622667,0.261367406788541,0.27817717744531895,0.2342179093993402,0.2704353094234734,0.1806289002625736,0.28683064665786356,0.25992033972745643,0.30164156361408456,0.18900108650511352,0.2958277654824834,0.2614114938511056,0.221023825700509,0.20620043418680428,0.2802896607397079,0.31948707436442086,0.28409852640916816,0.3481465825713233,0.29719480231424933,0.25765546685078483,0.23905648204172003,0.364562487994328,0.22040143792123065,0.2720282827341857
0.23924019990717318,0.2300750822074292,0.256595296926984,0.3362244366896769,0.33711022564109583,0.19912896850800527,0.0,0.22885149509931788,0.240120147427112,0.2804369940466786,0.2754186127725971,0.2812631798618457,0.23575244064788592,0.26929566429499996,0.2812741059744802,0.246101053876706,0.23801883970176252,0.24865715779746123,0.2296691086556392,0.1996710726970798,0.26697013894214205,0.2706114131354338,0.3478669002754682,0.25632987717642824,0.2858980728839528,0.2966255775099013,0.27259437064477365,0.22373890929901177,0.23946156766719073,0.23496473108168137,0.2609911818754168,0.27422741033936826,0.25468853451046497,0.28426323809470355,0.2574001193210755,0.2845397217179032,0.2829729109241135,0.22837338526021586,0.25810044201090027,0.3184670560171314,0.22132591119914446,0.2941017631138386,0.26540689451973815,0.2888688680140576,0.2809141663297957,0.22561136293246437,0.24128091693505752,0.26866573492313933,0.40854339426084507,0.23901160207371408,0.32395079470763605,0.21935575862056247,0.17640591360145094,0.288832656664897,0.36454036834429043,0.24591672852643692,0.2284376556421333,0.27613794219898347,0.3054425683559089,0.22956847141057046,0.2052947722998397,0.21115757143723551,0.2040096605373386,0.2915718597452967,0.22379857283765348,0.19700190775534174,0.3262516397196199,0.27029728069257547,0.27482021471034457,0.24347979280634457,0.2609315298800315,0.2362111188448993,0.2820152263640972,0.31457327436911936,0.1887557764359835,0.194756178895386,0.4026119127902325,0.33510619017919374,0.19523549547112007,0.18024798899330877,0.18691051254261457,0.3035086946614679,0.2377059074403622,0.16963085985236454,0.2756948256564597,0.21426478458630663,0.25370092723358106,0.29603033761539116,0.21908678920491473,0.22800626999142326,0.35722812301040685,0.3636410998742279,0.27066290466089576,0.1904349759575141,0.31337595504086135,0.26784668186073524,0.178339301934982,0.27669400911254693,0.27723200836311074,0.27500762931714456,0.2374715628805635,0.32976044139829275,0.3806944462893756,0.2407759688827869,0.2395772398000112,0.2335004824532178,0.21972043041658243,0.24844391361318602,0.2541079713399191,0.25514886303800655,0.3504116769182488,0.2952402298146268,0.2577589710767048,0.23915540151285927,0.20068010994611135,0.22135132547082093,0.2009444443346935,0.3190527951328872,0.2738374447754419,0.2508195432594485,0.27287339327483645,0.23963712503308732,0.2167417295632627,0.27041361550268755,0.21673697329022243,0.23995592598827625,0.2512788533669742,0.3109645936282854,0.23983885367228827,0.24522130600937192,0.20679343166979744,0.21358165619486597,0.20433867133605962,0.22134587604118863,0.22869327615104576,0.1893462559486048,0.1771634285128406,0.2914183931040037,0.2940281571170571,0.2544850505699556,0.2072099288942603,0.2660698882841601,0.30956085970867364,0.2918034269418433,0.26553121200972907,0.3118821362487,0.2572790538096791,0.2060790806971859,0.2400780984864615,0.17475720224248975,0.2617600197512612,0.2080856828371815,0.2634457202796745,0.33300423826018116,0.2879193321395683,0.26338040986093003,0.21267728590187263,0.2743562689677545,0.2741464872742025,0.30882362800621177,0.19922182139022476,0.21591163526276258,0.2545417301479934,0.26594019313984296
0.3096593657108628,0.4297292353143244,0.37984978572562444,0.3061283494828701,0.25445522937912196,0.34563760861752674,0.22885149509931788,0.0,0.40312593055850243,0.36381271399686543,0.29197593094561286,0.34100054667287183,0.31246944670465016,0.2707254312988955,0.3276726022606225,0.38726478926630287,0.41595657290839916,0.2936958406267896,0.3390866041245236,0.3254844882791664,0.3875060673641721,0.3133006702742613,0.24089511137407374,0.29176779527175195,0.3297725051786382,0.25623571431420694,0.27244372554557317,0.3629708829682654,0.3315444974811656,0.32930015028906334,0.4332142431481293,0.30847505381503204,0.3715352470845672,0.2509696017065268,0.3096832006351036,0.29718458018926075,0.28763296002468175,0.4420001414593329,0.3013588893762876,0.35283944813954815,0.37405686049299536,0.29801927843466036,0.28790874796885774,0.3127659224965188,0.3581791342928859,0.3093914862668594,0.24131716770032366,0.26553126473901967,0.2790270815006229,0.3025597028046752,0.3312503648874307,0.33449517700381376,0.24521037991640207,0.3317113959037634,0.3080764681765156,0.3342917362859046,0.3762590481710771,0.42070517521017836,0.2763603653162802,0.30528213294064566,0.3674238561961805,0.22785533934558141,0.3194796709891732,0.22772336178468686,0.250470255627231,0.2614283489916964,0.26057145765023537,0.24922457849859775,0.26650586655661973,0.4568513606846722,0.3248108006876984,0.3171281802366521,0.25434248423940736,0.36085685033571757,0.45208097530142116,0.23654816651941737,0.2691662584789125,0.2904641255364842,0.3617983987650336,0.2701334401921998,0.30844363212102727,0.330768760358791,0.40005826420406015,0.32426424785112606,0.3940626338517173,0.5169500625359802,0.3192915622575619,0.25516668984878066,0.33278700230169567,0.30507698321007537,0.2945633470472265,0.2878844599919904,0.3355330372744021,0.27309721743970095,0.3527356314903034,0.3209117063591399,0.2920745037205754,0.3228303412450282,0.22501202857328523,0.32542846137160464,0.27357585519250505,0.3195601348551654,0.2311276842314744,0.3492462230130258,0.3613549243255105,0.36697943125987326,0.32929074451943985,0.36640113496359816,0.3035408867805246,0.28818758284065216,0.24821995801470828,0.28773717795948184,0.2925582034718083,0.3267827229414662,0.31891862017264516,0.4844688172137545,0.33406905929035835,0.266232369686245,0.26371891602153713,0.2809282545458584,0.3449342255396118,0.37458221171222733,0.2723835112736165,0.40256137128131353,0.2915296821018551,0.38250006527396935,0.24820206628545777,0.3128914252863201,0.3668794091480181,0.3067601273242998,0.44893934916706457,0.44170967858634635,0.2804402960957846,0.282848768750091,0.29518327935521743,0.24201163563811917,0.27090642691751676,0.33563520752049086,0.30941265438200094,0.3572113897972407,0.2631906578004527,0.27587833099788356,0.3568538858200826,0.28264990017708475,0.31792516367043233,0.2232120937342146,0.40909583357016893,0.3057416643856204,0.41180440039872224,0.23634004275254233,0.35826930171713806,0.2993143124001561,0.2916161415653748,0.2739965110629138,0.4230688314668663,0.345594135912701,0.2950299446225888,0.4173643298488205,0.27484380275709736,0.2905140513389692,0.257587793323027,0.37305446014641114,0.301379683623745,0.32519514238316094
0.3011133302365942,0.35066087701260573,0.30769918818565434,0.26617835579751287,0.27580354662834256,0.28640938905453056,0.240120147427112,0.40312593055850243,0.0,0.2958838655673646,0.28244239491202455,0.3030462535830063,0.2571159618821095,0.28753916237072297,0.2956606012445256,0.3540523799670294,0.30473352933072634,0.27790800950818584,0.27714011291462237,0.3010428544273129,0.32849075098472746,0.3849788153750266,0.2226005494599019,0.28532178346546294,0.3125560426788001,0.24557859405549112,0.2535232521092697,0.281604312008403,0.32539948844250305,0.3613226798633436,0.4450153966726238,0.26999732851831926,0.3059524690120387,0.22274678461321212,0.32803947078229084,0.2682317011718324,0.28235922702682653,0.45537291213867886,0.31472058032461736,0.30005054235738643,0.29888755750652396,0.31154841000009315,0.2620816988552777,0.3358725071086913,0.31661258704466344,0.24695535429496102,0.21467930274078198,0.2711398863216643,0.27886916285314706,0.2641851546459568,0.27157582526438534,0.2713055137031935,0.23174308355084403,0.31828215754209055,0.296698977335841,0.36611588241727766,0.314202431424037,0.35092808570860984,0.24160356578162526,0.24240557888533795,0.28522248051934573,0.2230187947037039,0.2640800178332109,0.23803548230045735,0.24676161624016593,0.22834856851748775,0.26751205660247157,0.25977339262530985,0.23776424893675618,0.39600005663169624,0.34367776497621555,0.29863217892807065,0.2543372809354735,0.28262178477051514,0.3483088732306563,0.2256602488099951,0.2459628663753457,0.26973898244938044,0.297908901761652,0.2650330742807004,0.289264815662737,0.37927927533843,0.41955365189974325,0.271673592280121,0.34101325213063227,0.4201053275739103,0.30995866234441666,0.2489744307477581,0.2560745234954137,0.3676413026130883,0.30200237683759057,0.31577658130339115,0.3019763534312482,0.24412159560899635,0.3834515153730988,0.3670363975372244,0.2882946638884449,0.30091656000836153,0.26580312938487255,0.24373091351702222,0.32778336262623303,0.27958585343864495,0.22788566479197606,0.29499007179188463,0.3077198262064613,0.279546955536714,0.2414751267416982,0.3314885301400805,0.2497985976938312,0.26143356957301905,0.23370788848455987,0.3045388786122255,0.2685680020323048,0.34273611253822867,0.26172256069591865,0.3484537772369834,0.2769516316437491,0.2783820625969771,0.23271292512769046,0.2875846840594345,0.3684504919564814,0.3419043255835731,0.2666194479531501,0.3639459690528473,0.4127824774678443,0.3304304509151586,0.24249680231472118,0.29300071567865504,0.3012048639454096,0.2934517891319231,0.45090467037520693,0.3870327225963216,0.29331276262346856,0.35494548206129223,0.29691473849160865,0.2677921730210224,0.26625476842588836,0.3133270003891083,0.31241730755543606,0.3733999641910854,0.2598584855710379,0.3063513469999919,0.3326064275486163,0.31055687361598017,0.3286250687531157,0.22060532183093384,0.48653992633994314,0.2734081303119096,0.3565989472675576,0.2345289897074558,0.3709013987042411,0.2839271772021241,0.2871968678903202,0.26540975668597305,0.36160805668424517,0.38701635452759475,0.26931392045558095,0.37280824313477473,0.3178719392078766,0.2832641815332782,0.22582351159358224,0.369782153238099,0.33699333117242614,0.3545505972857968
0.35868402063174526,0.36450164154712483,0.4504237892558232,0.31489212431452834,0.3022570346915756,0.29911963398089736,0.2804369940466786,0.36381271399686543,0.2958838655673646,0.0,0.2783020658731297,0.24395656590305478,0.3610255976311264,0.3244482883444296,0.33252431843114383,0.36501043888457124,0.3962753648940569,0.3759879566031027,0.26877782275277934,0.28516443150180937,0.3383192369419598,0.3291758164538119,0.3004955090451954,0.2745465869801232,0.40102041473621647,0.28552696060827454,0.27469097583436086,0.3334350448638277,0.35161274851441,0.27329138480685905,0.3513828346520264,0.35775974108621955,0.2888921564377424,0.25762490200743315,0.3366313674581793,0.27284460258486753,0.3642678821041661,0.3009912631551303,0.22264022458641242,0.3803282549974441,0.25657726337071346,0.34250869424450603,0.3441101344275365,0.3101812712086573,0.35840058467073305,0.3026442692531382,0.2613717829728687,0.3012178977803903,0.3640439356232254,0.27758754148336245,0.37125626159986935,0.3162450301803357,0.21239948659547242,0.35002069725633433,0.34903729215250934,0.34448472266981356,0.3102824388312705,0.2736092978333723,0.32848100071139236,0.2992939746568508,0.32997077910482375,0.24271863017392908,0.2927444349996149,0.22760136012523596,0.2691879971814863,0.28432321584658893,0.2798423329171545,0.3326070819321847,0.31778997178438745,0.4028723844038464,0.37124016352911016,0.3773247437853274,0.2456122297330859,0.40079779353615214,0.3003541522540576,0.2668334329439333,0.28841861245377065,0.3419341181387091,0.254869549108827,0.2667011663611235,0.28211095705908024,0.330754348790212,0.3861089271470216,0.26872823982118366,0.3258050328967901,0.319655789198786,0.3006518117662229,0.30513486445020344,0.33823055323767315,0.23620525673898932,0.3159301464685104,0.2924572159345132,0.3493181734749647,0.23886901944394592,0.35685561450131786,0.3092123177123409,0.22580993175320416,0.3185105764236243,0.24523429774449912,0.3521747907512008,0.2733078103506134,0.3408669793130649,0.2546541128057446,0.3139584842326613,0.33087280412692904,0.34573507019088817,0.3200398255221833,0.34308985085558374,0.3222652509730183,0.3037817222559148,0.275597570919858,0.27292539475264516,0.30717688202021176,0.27201045212183383,0.2765554671415505,0.3683413839167985,0.30002681509090673,0.3403303236010249,0.28419236058355885,0.29126694731075625,0.28482028650402785,0.287583941772382,0.2562197413432736,0.40348126406825147,0.25475330201693464,0.3655804655607847,0.24314092372066526,0.2943217292387814,0.3477291176235619,0.35744712642576076,0.3494439784074441,0.3386196416012871,0.25076966802468365,0.22110347857864354,0.24832201678775223,0.24189717171771086,0.245483450513742,0.3723727893845734,0.34133344422386547,0.2963409309397935,0.2743438309403433,0.32515850438162813,0.35838962398775087,0.2652020046057098,0.2947951338750506,0.23642802870210827,0.2649532201807464,0.2948660751790645,0.43026846173871386,0.18787460731905523,0.28644903762681484,0.27570590628292574,0.25199571781563807,0.2964646302582285,0.30721646665615987,0.32833314045924317,0.2532765978914244,0.40006842663863246,0.30844094486893264,0.3713817692334797,0.3349307787907977,0.3420741281496527,0.2675590631712286,0.2712738227652315
0.31750067093938966,0.3028702059649685,0.2919895253361311,0.3279937182782149,0.32094660361101834,0.2786604652617158,0.2754186127725971,0.29197593094561286,0.28244239491202455,0.2783020658731297,0.0,0.36300193099443334,0.2862588754941773,0.2352635835991709,0.269599588575181,0.33744545190725944,0.2939454988044237,0.2543304522836039,0.25672892384082646,0.2980044718879088,0.325749639987995,0.33298865133369837,0.2983048527507931,0.3741604365026723,0.37483397026869075,0.29843715383384145,0.3121730017603969,0.31705704933439394,0.30520343287520996,0.2573170358841828,0.2927017696907991,0.2519005624422332,0.25511358850376603,0.29148778177066026,0.3096506475143114,0.2744775963509393,0.3701685678653561,0.2814276259125401,0.31276978089985696,0.3071838601106836,0.23856323435019755,0.3768083006279258,0.2330654342374578,0.3629310776293874,0.2858131909952393,0.2307341536383614,0.1793717768333261,0.3837125708689781,0.3163182693903339,0.2211706698572256,0.27341250862694316,0.2457111380164887,0.18990762781355797,0.30812927530160406,0.33671774170358043,0.29395313618211194,0.2977561780909721,0.34997657984120467,0.23422501724879816,0.23757340442567243,0.31633356479255836,0.17059212972498247,0.2472595949238998,0.23094304116891387,0.2009867227601242,0.22403710361744048,0.3480783677787598,0.23802950444856047,0.21644732295536404,0.32389840688569416,0.2772657396801838,0.23876405168442674,0.30478398618900415,0.2922524806681878,0.26000700885708866,0.22556097675522818,0.31689086413141576,0.33230106177022956,0.21584017089168142,0.23115413253066652,0.24126810168993387,0.2752068861214356,0.2725775328525773,0.23751376553728265,0.30198060283232897,0.2771039194688247,0.4056904682247973,0.2062754090970392,0.23210091464916585,0.3324256776597825,0.3094197145066415,0.2481829925109226,0.2769916511459896,0.25766300161509953,0.29781372150006186,0.31911845936918437,0.20441392266596892,0.27231973916145175,0.231590882497078,0.23525836065666988,0.3084661925432253,0.2921707850099004,0.24520644744291628,0.2391852284270695,0.24897302995380183,0.22977813192336677,0.2231469519521496,0.3484617746762726,0.2234878505883335,0.3808621252537905,0.3813737437799041,0.3042259485137254,0.27088014753600337,0.2943559460349052,0.2367632477857835,0.29763308484924506,0.24859193000983515,0.271836557480017,0.28127948884974663,0.27842436460388215,0.31868702410014016,0.2431857180014012,0.3006467741603313,0.33049530669703997,0.28769555696504684,0.2920685161513468,0.19179019660837912,0.30810839259062406,0.28721479459351745,0.2291598327169682,0.24372957412756172,0.28707213658615394,0.2949403349414155,0.3159418585973335,0.38738131103929735,0.2282807920777702,0.2279583964982581,0.2680480292025738,0.31981512649880245,0.26933478145594847,0.23930582998086508,0.2786182596366247,0.26486913127936845,0.2889759760894939,0.43978461134196484,0.22625524211875803,0.28659312416590177,0.20720946652537936,0.300469984581925,0.21749836792496022,0.42497326663386764,0.21361269539002156,0.3473640596743816,0.22330687943664507,0.31214429864658283,0.37879952672691874,0.3055870167122684,0.34760858038674725,0.32398486530391085,0.25418472599440284,0.20521752650297492,0.3045775209606272,0.24819314267629056,0.49263315520916706
0.23810392904051902,0.3013959952571792,0.25605311256303837,0.3391256759851543,0.28754943287970486,0.25915073959000573,0.2812631798618457,0.34100054667287183,0.3030462535830063,0.24395656590305478,0.36300193099443334,0.0,0.21535062552328094,0.19460098347107738,0.2607218403274347,0.29108459994841945,0.2837166897521648,0.22064966521354068,0.33838005511320335,0.2530734853616529,0.32823575943129907,0.26266735228860943,0.2875619664136534,0.3002460069172358,0.3071237477224704,0.27201928878414305,0.30287458968625497,0.2699464900099599,0.27576412326362176,0.3027885468451195,0.3235959999001067,0.23083444893223296,0.28875784681029953,0.30152012872494566,0.25395239842595224,0.2747531511270665,0.26244929071824674,0.3130590088353798,0.4244976684809806,0.279270637638635,0.3096268007834024,0.30213270762849775,0.23138414332453747,0.3017181926985455,0.2705123415461103,0.23732243186289811,0.19600902722112223,0.2660018542388873,0.27504400879232993,0.23558501202999776,0.27748953809052546,0.26660615604978843,0.19904828517078488,0.30932781288888406,0.32375638427940856,0.25003294028502315,0.30778019856667865,0.45390396596694,0.20649296493974337,0.2470560996470252,0.24447707031912722,0.17434404031292447,0.2428474479222541,0.2326144510535091,0.20215115854905383,0.2073776870561913,0.24886723475234485,0.18769442352558002,0.19849698718170705,0.28399178319737756,0.23003018116747886,0.22260518781957897,0.23665956511185843,0.26332264166179303,0.279952108364009,0.19503671069260237,0.27791248226613213,0.34092139567071084,0.25643916420848545,0.2121984707669284,0.21777391814665542,0.2866031589646711,0.2774320482547453,0.21508741360309067,0.3238784251170133,0.3124827534020046,0.2811549380015323,0.20710725479405664,0.24323187726614204,0.32316252285665226,0.2925145854934252,0.2821448148156438,0.2678063456819379,0.2356808649260238,0.2713185358045324,0.3034496805377269,0.21821274480427497,0.29967049223597375,0.23233715155218435,0.22859539509263102,0.24582892183584343,0.2801057578787671,0.2649946632118471,0.29506177332654593,0.24837725472786398,0.2433637435680303,0.25050867978274527,0.3021028435563512,0.22801835574864165,0.2925773666602895,0.3797790891692846,0.33097686398467246,0.21348360722151263,0.3556577585185412,0.23086520011735007,0.3056405903876559,0.24806317268504055,0.2578988353527154,0.2512018937522755,0.2617083272267822,0.2971120579309118,0.2876711161199408,0.24439852266908718,0.2971697663059241,0.23530347246383507,0.3189246575072179,0.20338939075438622,0.31871572184227837,0.28365146740557867,0.2180390650490432,0.26871464423693886,0.2792881954162659,0.24916470204569652,0.3472415804981105,0.28770611445817734,0.18584519890562126,0.22707449270152646,0.2656281524011187,0.2762018627985786,0.30813896037664157,0.2065493589313991,0.24077646498029226,0.2918824715965673,0.2990740050317816,0.33428793997337186,0.24854818748904778,0.38668661126805115,0.22589913276889706,0.2815711967461283,0.2567928056279155,0.3535669800205438,0.2449262666573635,0.32540209852824614,0.22290461309651347,0.4178066262964283,0.2658493931019439,0.24800142788199345,0.3196027219455679,0.24756729724540186,0.23259243231787363,0.18033836941475279,0.27114159224770906,0.28109077343969535,0.3603729911141831
