0,1,2,3,4,5,6,7,8,9,10,11,12,13,14,15,16,17,18,19,20,21,22,23,24,25,26,27,28,29,30,31,32,33,34,35,36,37,38,39,40,41,42,43,44,45,46,47,48,49,50,51,52,53,54,55,56,57,58,59,60,61,62,63,64,65,66,67,68,69,70,71,72,73,74,75,76,77,78,79,80,81,82,83,84,85,86,87,88,89,90,91,92,93,94,95,96,97,98,99,100,101,102,103,104,105,106,107,108,109,110,111,112,113,114,115,116,117,118,119,120,121,122,123,124,125,126,127,128,129,130,131,132,133,134,135,136,137,138,139,140,141,142,143,144,145,146,147,148,149,150,151,152,153,154,155,156,157,158,159,160,161,162,163
0.0,0.868746236622974,0.8427650079745853,0.8323968465976057,0.7146200921080804,0.857399014474519,0.7763041270167366,0.8484354204284967,0.7967182400174649,0.8607124711297078,0.8235703708974452,0.8248441753864759,0.9519069185081136,0.7662997476997044,0.8719581047720738,0.8772788510392645,0.8997911433801516,0.9603697547828773,0.9181274788536051,0.9354883656380992,0.878472582052089,0.8221879309882025,0.8122075882951657,0.8660872715565495,0.9245025174454508,0.8012522702813114,0.7912036490715404,0.8743937883049084,0.7788375817830109,0.8459244496204882,0.882771350000121,0.9251946205950505,0.8539724471387774,0.8010486586123899,0.892302477785369,0.8013304044325952,0.9030617779987209,0.8965498666522322,0.7475080923618209,0.9098909642554152,0.8810454498436855,0.7966590712154435,0.9108240187833723,0.850524122634805,0.9008405201454496,0.948948838606112,0.8764983604552343,0.8281818021738233,0.9098483108915151,0.9220884087275324,0.8882215024820135,0.9046545870343842,0.7581729274943769,0.8493958910075049,0.8097592271827386,0.8028059472664031,0.9549671047339696,0.8279941257680745,0.8501514688025165,0.9001799807403411,0.8162140116011538,0.753449524423041,0.8912233643772266,0.7381397714991114,0.8580635318324147,0.9060506313993153,0.7975142703278619,0.8332524833057446,0.9025954214906644,0.8590282296911795,0.894969640129182,0.854147734667955,0.8016081358985782,0.9146061253272963,0.9157734567743446,0.8890624118688653,0.7626380746557747,0.7319882380076801,0.8785641948715494,0.7428296150426568,0.833327747180325,0.861249886150122,0.8047316980185347,0.8758377906361676,0.8693626783413884,0.9311127243605364,0.7921170170386144,0.8595387413975417,0.9119260063863827,0.7379067018831844,0.8593274382208208,0.7856630594001025,0.866030802603129,0.9129638757450593,0.8355784593021173,0.8226720286234708,0.7565509428406969,0.8353893054233096,0.6617656153751426,0.9055310731408592,0.7512658948939648,0.7746174153277984,0.792058187855732,0.8704079992745108,0.8763557184761538,0.9160626888644732,0.8905250447564934,0.8350220939515196,0.9242316405757708,0.8634207093917073,0.8286807242086002,0.8099414400159334,0.8686463760522745,0.7434417769532691,0.9040656430935644,0.9134295201452048,0.892769959396387,0.8904429619997352,0.8273974562824578,0.7121444429560785,0.8184437120294507,0.7398700009729957,0.835758471279169,0.877197140030089,0.7576491106191058,0.8837333600058827,0.7538450417757475,0.799804948551826,0.8389214857573338,0.9258933012777235,0.8349106265522849,0.8370891905483138,0.7748845088514228,0.7272936820106709,0.8700163050716118,0.8157456086876896,0.9286302069706714,0.9165244018818948,0.8418002678603412,0.9066122700382764,0.8031673011839261,0.7890758740056362,0.8636475893017026,0.7022817605447907,0.837861203624257,0.8419796385604893,0.8045838927088936,0.8009450474501375,0.9043381537096616,0.6668329786297653,0.8864780693489362,0.7831182499098205,0.8912328829614475,0.8274729939813918,0.8846879533193317,0.8829738128071767,0.9033751966112786,0.8443202068732284,0.8022860828093569,0.8284762070731875,0.816926257124321,0.9026682546924614,0.9262881604025935,0.8534418849086216
0.868746236622974,0.0,0.8225253018703375,0.7707879164344671,0.7020174103123246,0.899217162001114,0.8042804214965554,0.7897366127537255,0.8461468020150565,0.915756320878275,0.7496306720109359,0.8101744487643926,0.8747355751640069,0.8087603320011119,0.8511297174926057,0.7978871447848509,0.792769235661281,0.8107175177641999,0.7938549479492738,0.7941199212008115,0.7745931633597773,0.8439635662137538,0.7126992501339328,0.7969057175542206,0.8217312652738309,0.6921375838615723,0.7685230189408289,0.7405157641865797,0.8815566824084397,0.8421441555226865,0.8750854913978904,0.8694111775737584,0.8921688260086476,0.6977179682509029,0.8157098841542445,0.7739894323623334,0.8256492822617727,0.7980531117664404,0.7547387568099071,0.8322361993181985,0.8385562191495604,0.8097749053999526,0.7412922769462845,0.7902319633180414,0.80044459569286,0.8257677130738155,0.8535592391810063,0.7465092866257144,0.7926846585234514,0.8096295633391067,0.7980577077730259,0.7959167374539039,0.7749861926046132,0.8341399946080893,0.7737035665316938,0.913558363602198,0.8072389743928255,0.773740529704281,0.7589157736187663,0.8610247966626996,0.7754269614751024,0.7733387577972272,0.7574396200750018,0.6904098843014942,0.7618755995516711,0.7573118008552826,0.7716688799783071,0.8096787643173,0.7443675345867002,0.7533029526531959,0.8336946703475996,0.7888093781457167,0.6889028639047926,0.8113799095756881,0.8471154612640729,0.8366345662733264,0.7123060472590881,0.7604807390209392,0.7237130996453127,0.748162905298847,0.8059743279984337,0.8163610627957617,0.8754081061320483,0.7841931572122687,0.719085090849774,0.859856689071099,0.7005083137404079,0.7612465364791964,0.8448166386425606,0.8329916625754782,0.7705365212817402,0.8676900625757205,0.8391543599349629,0.8200391897619165,0.8023465134015401,0.9027039637534527,0.74385864978458,0.769786594966522,0.6890167929765523,0.8456613833583426,0.787312536942286,0.6725173563732354,0.6422264561012063,0.7876191070953729,0.7738882057688042,0.8034553718103986,0.7701915727725183,0.7416381680528669,0.8661472798910084,0.8348568807355589,0.7484738824543208,0.6824677441835669,0.806871181692429,0.722987922767067,0.7854527365023635,0.8674878600117124,0.7986604905953976,0.7824641967258791,0.7290697128241027,0.7584626852050399,0.770849952264139,0.6865685846833861,0.7247458097281853,0.8657509383582455,0.7661494276124635,0.888195970732043,0.7634368132899954,0.8213829255227695,0.7714089493816317,0.8458595589836083,0.9100098313460773,0.7884852152047295,0.7255080737364145,0.7698079785729156,0.7623794765221475,0.7848849828910734,0.8525548612607387,0.8343647311559567,0.7110031853922345,0.8219244605763578,0.7740531588439068,0.8270061961398656,0.9182608008586792,0.710351249760164,0.7847736854667562,0.7201261175666888,0.8463836209965475,0.8425349651962317,0.8156327870462673,0.6790436494745572,0.734103731239024,0.8055472178977958,0.7846455459954562,0.86664152499075,0.7881576223111464,0.81160828281325,0.8427828201564036,0.8346850510211318,0.8046598143780493,0.7631957871372327,0.7824565059581086,0.8552016680085812,0.9459128034573292,0.7696106802146504
0.8427650079745853,0.8225253018703375,0.0,0.823362246562388,0.8645879620734555,0.9081232485121387,0.8247826493179689,0.7891191920662862,0.7094107209862062,0.8501186064406923,0.8963058989499276,0.8737589380632924,0.9023713624859668,0.6619262003991941,0.8531510082088957,0.9326400534708514,0.8780740975089004,0.8050837493286288,0.8085493501376686,0.7571066870817551,0.9390170775741342,0.9273939252262405,0.7298533555833596,0.892572760202978,0.8357927877462388,0.8497533999106798,0.7144720561958213,0.7297945635642317,0.8253999828025756,0.8913186731698554,0.7704311559999595,0.8739383716181651,0.8382323196212756,0.7025373969585424,0.7101614356205508,0.7509361327053884,0.9046258060355088,0.8015488172551615,0.8108476310234544,0.8798080148127844,0.8490103169738226,0.8626152530851809,0.8686736128179575,0.8914085276999387,0.7906869837780451,0.8337782287303084,0.8863444495896211,0.9058185164506581,0.8210805539128406,0.8328803106220523,0.8969210186978801,0.8830869836980089,0.6632731579251951,0.9012794898559854,0.8207815626072601,0.7845094305419801,0.8391604902305312,0.9223268899414878,0.7102589222482574,0.7789594180734731,0.7714027872232524,0.7194807000979133,0.8658294115643502,0.6426378091428712,0.7326080474323611,0.7696577657742952,0.7467179594420836,0.9095423191160048,0.8047866011904559,0.8100839647980765,0.8990894139497242,0.6776232510123591,0.6888156571588244,0.9289311060237665,0.8278885585024252,0.7063778186899174,0.8583503080120626,0.8804583485147626,0.7545948207380351,0.7978324716458836,0.8406805313106794,0.8047624024375462,0.8887313126935507,0.7655982570640911,0.7647705179016495,0.8285247151709675,0.7499357853522068,0.7216016955976755,0.746193134064926,0.7320171088252659,0.9122555654154685,0.6937248823201272,0.8619478643354747,0.7499140066384371,0.7649718225335029,0.8738897360386085,0.6821908455806369,0.7313926774553486,0.5918812473255304,0.7604043548901445,0.6563415314287843,0.7916039518325236,0.6979066108041007,0.7857232809554761,0.7254453544590305,0.8837798008838602,0.8438906650936251,0.7604731957604838,0.8632282776707044,0.9026082415010053,0.8665818198587224,0.74049582900487,0.7968750853791489,0.6923740984311032,0.7647516608801962,0.8834703621024032,0.7200069878416008,0.863775022385834,0.8576208889689471,0.6419220137635115,0.852820139383055,0.7240476455883955,0.7280979620605497,0.9172936998063318,0.617401459287092,0.9082654556549918,0.7163745968515242,0.8632034423814448,0.7770115858509937,0.8270958917802282,0.7603211756708359,0.9499936147911265,0.6826473718528193,0.6784252108084301,0.8148865927406089,0.7500761641900482,0.8456877756643898,0.8217479642852514,0.7416947967042079,0.8501333784604579,0.6941555626171557,0.7913370971561909,0.7699002666257299,0.6942321748238381,0.8660629751077132,0.7570100912929368,0.8891298298495601,0.8377509923365354,0.8115316430670573,0.6418582274192223,0.7376299273344373,0.6806364800925265,0.84264739065214,0.9093115168883126,0.8833328278704207,0.8268404813425855,0.8614354665643362,0.9488784880804901,0.6632494388127619,0.8047475511293468,0.7402266948030415,0.7067969887703219,0.8475931832642865,0.8746103324621565
0.8323968465976057,0.7707879164344671,0.823362246562388,0.0,0.7106660536396958,0.8097867125673579,0.7862352712408026,0.862443978327347,0.7339207740102931,0.7791423636064907,0.8805462118095884,0.8217082960654986,0.887109453066405,0.7430193953717281,0.8238134542363473,0.8450591927181582,0.8032101438915212,0.7924913845481892,0.8062482721945673,0.773435874380217,0.8189858645789718,0.8226684984915008,0.7442644856215515,0.7862280051988202,0.8200101062887326,0.8246851803778545,0.8364587242222121,0.7835444160087534,0.7504383134269954,0.7697052114146467,0.8360212479163661,0.8645961296356068,0.8695685476916412,0.7542352605707496,0.7813616265075212,0.8276564733503307,0.8986901684998488,0.8342208716192175,0.8357140117447843,0.8429376725166089,0.7891062892738291,0.741019812811566,0.830773361301478,0.821689189293409,0.8650459704216052,0.8078190879272765,0.7278037806750844,0.8335723633858855,0.8323719216873136,0.8342562337685866,0.878167820395108,0.787039935992232,0.6437830611238663,0.9126653613002387,0.9042055533630473,0.7040015506794661,0.8231423260022075,0.8562059383009032,0.7515981461578192,0.8271856138351632,0.8790963699119584,0.7350540254890798,0.8137812204297808,0.6945875079577224,0.7172074231092009,0.7763332925118218,0.8965951319398411,0.7920930638076831,0.8305065449924022,0.8769448646832418,0.8416478954768142,0.7421649963030347,0.8015597843786676,0.9187342485642505,0.82832251076812,0.7141269904959031,0.8985499926291947,0.7506387542332272,0.7666133536722318,0.6754507534282551,0.699193846045485,0.8533196133540347,0.7385972229679969,0.7918709622858264,0.8014561306280648,0.8084949038373324,0.8704189445088177,0.8294273551346205,0.789123601249494,0.734719368402334,0.8602235808892881,0.7561338760889761,0.8254558561725952,0.7596708575454829,0.8285676029173868,0.8140958827196372,0.7476625759212647,0.7286494087052487,0.6462898766586764,0.8341283485237206,0.763528039815646,0.88765677907977,0.8085324726494952,0.7511896784497427,0.8115703155294045,0.8072375289568197,0.8370979235092325,0.7207923365959509,0.79339399825923,0.7759094822964878,0.8563621374002215,0.7978433399943724,0.8652179940622742,0.828222652975842,0.7815312331704243,0.8039985953798997,0.6991665348618987,0.8379555579342104,0.7892037427631663,0.7241837522232998,0.7724258766651712,0.8456527124586819,0.7142367034199827,0.8097792946124569,0.6574387608016671,0.8571166521200156,0.7666308291453072,0.8581984133042738,0.7751567656618693,0.8268724470380338,0.7108884692531918,0.8165146951905653,0.8336564922003153,0.7608444827455524,0.8594762207409886,0.677904484075293,0.7484948407445272,0.8336503452886828,0.780698646725596,0.8575992455460794,0.7488336855660929,0.7833268833317999,0.8152758925682172,0.7989296285181928,0.8404275911877108,0.7813641141784372,0.7805974004552424,0.7211851369220603,0.7613795820374453,0.6401539526490847,0.865929169356834,0.6542903194680847,0.8712450784601893,0.7740691735178603,0.8155584010745071,0.8731638780284815,0.8558268345025033,0.8065023991871255,0.7951238545333191,0.8473142310947964,0.6672076098944613,0.7227564918496652,0.8103299803363214,0.8154152569710975
0.7146200921080804,0.7020174103123246,0.8645879620734555,0.7106660536396958,0.0,0.7661775132647711,0.8538180924381134,0.6216703944614166,0.6250177706636229,0.6770853867317327,0.8488925864023428,0.8113741204038932,0.7327644502372126,0.5885130186571574,0.768210315023244,0.8306105083888095,0.7717068968599538,0.6683117154594826,0.6867700004973615,0.6359528489637385,0.8593588754382279,0.8514267401937687,0.6787568577059093,0.8542009730611864,0.6949466899876033,0.8125343859194994,0.6228907267165151,0.6104511487902826,0.7639652626360118,0.8506580769550882,0.6609972352524551,0.7326712353799287,0.7199546092049459,0.6310444733542377,0.6342915919464617,0.6771699436812266,0.7952523402720485,0.6896571661333418,0.8019762603950121,0.7974581858443861,0.7597433858181193,0.8234663677800599,0.7530732432117693,0.8817007302812473,0.6508003961374268,0.6874048431295782,0.8150886973105542,0.8659742343299609,0.754727239298332,0.7311178330318684,0.8116072786810768,0.7859273158170502,0.5821000433844944,0.7989196222258409,0.74860824261879,0.7016808373036658,0.7286576513199171,0.8458801661596304,0.6047933696256717,0.6699908217385029,0.610202716821035,0.6445202743802771,0.7310899070519855,0.5967407733272502,0.6427087748116911,0.6252073000448914,0.6456361213655961,0.8223048101234529,0.6555949116408339,0.6498054669062074,0.7962512598038659,0.6016880662332251,0.6033815899725868,0.7901519757808297,0.6547729239567821,0.5938680481682684,0.8088581131482329,0.9519746934088623,0.6298899843465586,0.8075273070794353,0.7189883799941674,0.7115368721899583,0.8340970821540541,0.6149254404280334,0.6802108916905291,0.6879751798885426,0.6266154567838181,0.6165967491234537,0.5967452301111252,0.6712820475862215,0.8930148863192364,0.6331314297055263,0.8065538987191758,0.6421939807657355,0.702909926593728,0.7769669477647622,0.5637223591202513,0.6270807322292625,0.5961767293779107,0.6207334085314341,0.6098403441231175,0.6668821634388108,0.6231621833210358,0.6444639293281905,0.6074137525667792,0.7558803363906729,0.690050539089204,0.6560272055542763,0.7444991223926157,0.8307084453409445,0.8458527923656703,0.7117245203595832,0.6615946511724657,0.5986779779751007,0.6449374826422188,0.7780026610235609,0.6003913715286756,0.7827231474457206,0.7639748927722606,0.5838542628675485,0.9046976771922718,0.6121519187771013,0.6611651449857545,0.8490266854161019,0.5946463050294839,0.7754610928560264,0.6465994876911644,0.7978028176995368,0.6655246427011279,0.7003811350040039,0.6371039896208033,0.8363039882485325,0.5890711227840456,0.6696603707315699,0.7043068247589732,0.6959910357703878,0.7397802731639163,0.7624869842610082,0.6350142085849607,0.7431989322658283,0.5644050486128477,0.7426616374258089,0.6822698549116241,0.640243781576003,0.8280323425038567,0.6874311749520851,0.8607186167390752,0.7207684560192023,0.6704389228628223,0.609742997178558,0.6395878029220405,0.5903614872223155,0.7673908061143727,0.8257657436836485,0.7600520741174195,0.6886741079313712,0.7551307150545523,0.8614587735181637,0.6062246014709409,0.7540231240911377,0.6057217450947643,0.6242831982010119,0.7019336362088754,0.8902096866664285
0.857399014474519,0.899217162001114,0.9081232485121387,0.8097867125673579,0.7661775132647711,0.0,0.7825443561250687,0.8199135603594907,0.7833659067749836,0.8492517530435034,0.8254473183520665,0.8244933887411797,0.9243348101546108,0.7459579323582038,0.845742954284771,0.8828910648667398,0.8282482331512468,0.7863910388746349,0.7906458249782443,0.7525224123619161,0.8438796252632855,0.8796063573048671,0.6626544583987425,0.8021520769590235,0.7957101836457255,0.7668608099265014,0.7075204518490906,0.7157384778475169,0.8552438341781134,0.8768593729427231,0.8345846866084063,0.9155815847379855,0.9078167430370597,0.676843546429019,0.7354547681741024,0.7662942315067658,0.8917277632122304,0.8143740076363776,0.8116473129080589,0.8186690505140134,0.8391736468855305,0.8081970390102036,0.8032397971542287,0.8557519913490625,0.7848877689179874,0.8350474659288822,0.8643644032699149,0.83986366091002,0.7616232099861853,0.8271871087374724,0.8824609124927428,0.8525508717978708,0.7466214005729497,0.9003222388142064,0.8254849783985153,0.8585280395113155,0.8324436901863694,0.870723450716931,0.6963411803366508,0.836170844970624,0.8486849340785105,0.8267050280483879,0.857673294556487,0.635129492433677,0.7560715451811284,0.7939545790489934,0.7775672305952156,0.899236394183348,0.7512769010089627,0.8094936478858944,0.9188962713076502,0.7244450235700292,0.6933779882583344,0.8839889550003968,0.8827695886676303,0.7943170788279122,0.8252286577470193,0.8285016243168097,0.7432270883646389,0.8530178709670525,0.8859693170709508,0.8307970910574453,0.9155186834594169,0.8172487482983043,0.7437255003225871,0.8362846594318111,0.776410384968101,0.7547064948223687,0.8158429666776873,0.7959278196023859,0.8406506316394864,0.7733177891386859,0.8729041927876039,0.818431120704159,0.8017509417603059,0.9113372585716089,0.7819891200805917,0.7182002783468588,0.6458073145602619,0.8127363733143935,0.752467015717266,0.7687311021637896,0.6495714243104393,0.7342308229609912,0.7792710825900238,0.8479486359903731,0.8364017665028837,0.7069975885150602,0.8585725034394764,0.8427367652503593,0.7941666625056002,0.6939477747312625,0.8681862483165119,0.7336231849524952,0.7989420667654269,0.8770214378618124,0.7544624825577647,0.7842988331690605,0.7784483154719086,0.7237663095478806,0.8129060199149868,0.7735600765613511,0.709248958388576,0.936610177494164,0.6988382966490461,0.9382388568589494,0.7826377480372032,0.883237362847497,0.7607867997414398,0.8393131565244953,0.8292128683460728,0.9353683711713495,0.7719557976146424,0.7613771100671095,0.7751550701720105,0.791334686534358,0.8366880586453461,0.7963122128798455,0.6729429583530846,0.8468331087549179,0.7663776222261038,0.8552143905414703,0.8427630795615938,0.7200678326120328,0.8302773793541065,0.6989403345091828,0.8887886276982007,0.8990898725671886,0.7707039801179747,0.6688114582062066,0.7447406724629121,0.7669483003364952,0.7768943523346594,0.8411577555052767,0.8102386103828648,0.8421055563739853,0.8637502991233271,0.9164480546299549,0.7276525155874419,0.8480671701158553,0.7685712033581535,0.7886830771841713,0.9013383598654157,0.8134883662095306
0.7763041270167366,0.8042804214965554,0.8247826493179689,0.7862352712408026,0.8538180924381134,0.7825443561250687,0.0,0.6680715184720053,0.7161574771542135,0.8029911436786714,0.8056552506195325,0.8147218323797976,0.787558134379179,0.6775744835183504,0.8365108013676642,0.78199975640067,0.749796229100223,0.7259516338785382,0.7126124398681954,0.6733704305562075,0.7994790373586369,0.8719609921218746,0.7367453328662565,0.8446379890601061,0.7657893068618286,0.7472832715317991,0.7186960812767222,0.6563742795861318,0.7864868142963839,0.839043441928366,0.7468520707974473,0.7975437120453526,0.7787314434099696,0.6672341542523198,0.7016118763366592,0.6972221285289008,0.8344632859378169,0.6766889864155807,0.7744148088221161,0.8479758632242338,0.7296493297435284,0.8715459715267394,0.7311563075337446,0.827391653634481,0.711003748137296,0.7257683234057929,0.8145260216259519,0.7961401531264148,0.8362999697292822,0.7406861928165773,0.8269971024497599,0.7432905533662222,0.6276173334585317,0.8224394323986067,0.7738822517589914,0.7981056996416087,0.7352565928187207,0.7788821002584382,0.7227753003757649,0.7275649466505107,0.664781143453381,0.6645940321136722,0.6922091339690035,0.6236588090658116,0.6912917594452952,0.6571137220003408,0.7735206765292764,0.850401946620632,0.6898483091263691,0.6848188540064635,0.8071713162048949,0.6586216296173104,0.6598524156854326,0.8279831038926652,0.6743842146022014,0.6776666489686112,0.8213236007899738,0.8792013861745045,0.6216235978688579,0.7357869031529229,0.6948125527177432,0.7934784503845048,0.8505064472377938,0.6179241318357155,0.6775885160923678,0.707870010677039,0.6570553185622345,0.7175404001302832,0.6762317548738724,0.7544079248704314,0.8441452065498253,0.7731767501572048,0.8069957711894507,0.6891745687562961,0.7829450095975877,0.8405101490944847,0.595237789442113,0.6718831179401064,0.6271006636809119,0.7229748005890982,0.6748927663111729,0.6844355724282526,0.6662752940712086,0.6873937429964204,0.6434451016921419,0.7416795255933425,0.6960897846321458,0.6762526168908594,0.7856259236133202,0.8551517576450998,0.8591192789752906,0.691769874547445,0.7415357062093159,0.6383648131720501,0.654894625787082,0.7850002634907879,0.647405557146943,0.8276035274363623,0.7353804585673778,0.6361979575497786,0.8099184409070953,0.6196328411722707,0.6633932063119885,0.8608448652031649,0.6474758407752013,0.7947189992901741,0.7038828526343534,0.8067188571655262,0.6718115839213845,0.7426251100065453,0.7114880448370241,0.7564109046438422,0.6269209196293355,0.6834269320112317,0.7227913716056517,0.6987838612929647,0.7429823680762812,0.7955051021089019,0.6650099971262293,0.76199223263539,0.6299387439204913,0.7589997881792773,0.8362976757202203,0.6792828642957496,0.7965503695331254,0.744178413558009,0.8353793097296666,0.7422568783908905,0.7068200038955322,0.5777172523724007,0.6807465884236877,0.6386454451532853,0.7781929048051754,0.8999370382129229,0.754193952906803,0.7611880706759064,0.8263790581769724,0.8465892164310749,0.7234997626951875,0.7943277055669252,0.6509287251734797,0.682479767783394,0.7789233203173648,0.8360499085308122
0.8484354204284967,0.7897366127537255,0.7891191920662862,0.862443978327347,0.6216703944614166,0.8199135603594907,0.6680715184720053,0.0,0.8290932508575983,0.804346516161332,0.7778831897276289,0.8157034283183872,0.8874284862478006,0.7047546737345544,0.8015028142658842,0.8147636157846458,0.7691520476618303,0.8102742434510954,0.8285723264228207,0.8254976387160347,0.7658066173283122,0.7666443082280748,0.7224966437538362,0.7353883724727746,0.8524743359749167,0.7532310233247351,0.8474026855025731,0.8022085112437418,0.6855968100998838,0.7831037030412957,0.9112930261250287,0.8426333971795086,0.8384818725154723,0.758234453975926,0.7744929755519983,0.7866499137028722,0.8680362960044083,0.8578556292108981,0.7757429796045846,0.7584821107304396,0.7691300588956687,0.714533815452071,0.8245829455382904,0.7285749051401099,0.9157955452514394,0.8466292034859316,0.7225954385730101,0.7488236980759636,0.7629376968156936,0.805178746347041,0.7892921466655212,0.7634576730982323,0.649889404929861,0.804101117233094,0.7943397993351771,0.7455018033951997,0.8119232164616219,0.8366522438896754,0.6999940642289925,0.8246899511301381,0.9055799005025325,0.7280252396836524,0.8087010780915765,0.6713829472020744,0.706620141445825,0.8028850502925996,0.8275615293994951,0.7586682004282224,0.8341840245720291,0.9622391322878914,0.8170271590067205,0.7343568286746086,0.7384777951822756,0.8432701824334647,0.8871018036837042,0.751080108028191,0.7731134139824826,0.6603010566955272,0.8356932245732548,0.6240038020510237,0.7040095989088097,0.844130231829399,0.7425593417251399,0.8608073204819248,0.7707018492999592,0.8921585525632363,0.9207007735179572,0.8038075894414602,0.8758474892625325,0.7927574872466494,0.765913497839671,0.7581543600731069,0.7490705562747452,0.7603757724210574,0.7125548103053259,0.8225828362157456,0.8018761300416943,0.7783398900770884,0.607718761567955,0.8485839965639254,0.7263889154552212,0.8873578240592399,0.7646751540194132,0.8236259018235373,0.8391479597086139,0.8300933187544938,0.838340093137533,0.7593954514629666,0.7764245246303035,0.7404075678368629,0.7367395238048235,0.7382494582230046,0.8140106939323637,0.8590846572245706,0.804626719628848,0.8094960182273692,0.7447617346879714,0.7837328861392641,0.7092359301794815,0.730734363841117,0.687796529665954,0.900402405600598,0.7071570303595021,0.7674631935890474,0.6338488710003438,0.8455519711694012,0.7156383925494461,0.8442960043487752,0.7700200846962992,0.8195237278259743,0.8206114833768555,0.7940102498620107,0.8529355948017902,0.7268421427231682,0.845113752393616,0.6560662013032159,0.8001292480022462,0.7787236629059756,0.7964223366598524,0.8952199991501326,0.7760199862343186,0.727436365880711,0.7770327537608512,0.7268144823113257,0.7698167751824107,0.7664295441436164,0.7822258781041733,0.7320450614754292,0.8174476512599245,0.6454847207498856,0.8858427193249492,0.6698987209021301,0.8113885109073077,0.752109727680381,0.8382066908064042,0.9190605168766454,0.8143254233337058,0.7893746580407689,0.704121594789698,0.732474147696537,0.6864102005701396,0.7405951405685149,0.8872133382363991,0.7364886240680377
0.7967182400174649,0.8461468020150565,0.7094107209862062,0.7339207740102931,0.6250177706636229,0.7833659067749836,0.7161574771542135,0.8290932508575983,0.0,0.7809274887521702,0.683573289924707,0.7393678907172689,0.7744229835017531,0.7254556171867125,0.8135854300378966,0.6861253459328797,0.6513347819965646,0.7374720779388628,0.7034659438372912,0.7178767634798634,0.6586674029352811,0.7954823544517802,0.6408889315587508,0.6804895787307084,0.7501940257235502,0.618316682654159,0.7800477856910544,0.6613071866592539,0.6741788151570723,0.7843360666841614,0.8988080377017093,0.7475300403337652,0.8012788608725373,0.627311192875139,0.744922624118452,0.6888075374286352,0.7801724723738382,0.7252331463129057,0.7265393637076484,0.6825223957669567,0.680220845224658,0.7665668697436754,0.673436873461392,0.6710439710118172,0.7549246864097234,0.7175230126014155,0.6987270620096203,0.6545669995775192,0.6909053330490543,0.7084625059231467,0.7027948092884081,0.6580029031833391,0.6670056972468248,0.7230524574229275,0.6844711459307926,0.8452038501535443,0.6983393211527937,0.7201798089915292,0.6643544409605636,0.7391005601065369,0.7657927726959157,0.6911645978929617,0.6694319389344575,0.6127210902246651,0.6926282907885609,0.6725644508333749,0.7807875984929321,0.7605724107904351,0.6952778065822003,0.8088845753710593,0.7811717968898901,0.6874258163015431,0.6548458539939905,0.7193237963191136,0.7575489135879572,0.7214193377803606,0.672087860228897,0.6466555558858816,0.6544995359052074,0.6010493076402553,0.6542157011590876,0.8772064356873457,0.7980891349090607,0.6953269428650878,0.6310395223261062,0.7859341825120282,0.7654982623658708,0.7426588170566234,0.765894159360165,0.8870124732618824,0.6989525402055936,0.8514198324480073,0.6971706097016658,0.6918068561743324,0.7250743948169273,0.8547660935280893,0.7347690571797754,0.6848229480537859,0.6344664292390446,0.7480057408837669,0.722782344089541,0.6957452303770396,0.6215214134595849,0.7119523307775909,0.7241452614663576,0.6907067873537396,0.659264960735886,0.6563709211665656,0.701248513193008,0.7032287887939086,0.6531581478714578,0.6297271144676212,0.7440741379569514,0.759820938367232,0.6731772190178708,0.7405390631366126,0.6657722650658999,0.7004588662447738,0.5911509805468169,0.7373839071811363,0.6590546554837001,0.7394403075604958,0.618809949325345,0.7398014870907175,0.7215031249632874,0.7488724646387556,0.6822119891797246,0.7772896244904525,0.6318567708964968,0.7447577489582383,0.8806323190567228,0.6972536990893898,0.7428822577236721,0.7847606224060314,0.7288728512979104,0.6697934231612257,0.7267960069089259,0.7153793900904629,0.6523371674009493,0.7905126581408091,0.732552109043222,0.7057555265464162,0.8477601143283515,0.7133343737351521,0.684777922351884,0.6795525952122713,0.8277963064859455,0.7065066656065606,0.7082343660144582,0.5804487968835662,0.7473870688593982,0.6799580616715066,0.7212559156310607,0.7522985023960809,0.7005791818465539,0.8531295384717178,0.7661253319198935,0.7292864313275793,0.7336984107442746,0.6574085584616665,0.6384842893582613,0.7390329588798686,0.8790984048873914,0.7132661268799578
0.8607124711297078,0.915756320878275,0.8501186064406923,0.7791423636064907,0.6770853867317327,0.8492517530435034,0.8029911436786714,0.804346516161332,0.7809274887521702,0.0,0.7536081074450127,0.8079233987804366,0.8824605673480387,0.7309404280949949,0.825735331323705,0.8014268239290262,0.8058458720308577,0.845441063784075,0.8185166408502095,0.7990671304135633,0.7891423746318981,0.8297219077749306,0.7633134876513283,0.8007632353998171,0.8871892191436969,0.6963074782174531,0.784944788023953,0.782839523608907,0.8201945239570467,0.8200737296529198,0.8215364236673977,0.8713266321455233,0.8176345559389671,0.7193050351834168,0.767452065731275,0.7241636053131565,0.8275614957677542,0.7577818449958171,0.6972437036522708,0.8392499453216632,0.7799679220739515,0.8244416288723129,0.7735267597325735,0.748471878617662,0.8152903305054107,0.8374044728963125,0.8311845795158272,0.7401779789276974,0.8317013655361437,0.7817782141568549,0.7896531413136737,0.7780794909812009,0.7162835884270634,0.8021427987611132,0.7527642884639957,0.8475206629168099,0.7962577069409302,0.7680187056304815,0.811488496515326,0.803739988286408,0.7709567372081487,0.6940369466685142,0.7564024512937157,0.6668496186915711,0.7465414073187343,0.7725260911693602,0.7663707868660086,0.8083778955862179,0.8076815600777082,0.7913645609312232,0.7943513184815728,0.7333877885955115,0.6971674367724707,0.8406842636859096,0.832728404587391,0.8103188052183194,0.7238435370162909,0.7253116244337917,0.7315599014217744,0.6850264490376584,0.7816083732089214,0.7809685719816362,0.8246830240609851,0.7611054860945238,0.7198098922155045,0.831304780231309,0.712557826302169,0.7717931694942249,0.8466020011876194,0.7570057320315423,0.7579089529237422,0.7865157027735664,0.7904987704160406,0.7803315165850218,0.7495969549074584,0.8560524291507017,0.689294373426795,0.7839941794526372,0.6023174421280313,0.8411314525669444,0.6867923380988613,0.7136326897187298,0.6855229358600186,0.8535878180585933,0.7406797469201459,0.8098955296794195,0.7908911516955677,0.7891868531550269,0.8529548189587046,0.8453552029118996,0.7630382185656743,0.6688392898985656,0.7947029955629785,0.7081312974018732,0.7565273303523057,0.8373758522764667,0.8044427537029952,0.8375546198540559,0.7636500972128671,0.678728452630456,0.7024139608560408,0.6690512038363255,0.7176974171698869,0.8254151897528563,0.6588243540828017,0.8579332968319032,0.7096139011920517,0.7676732776096375,0.7720842003666769,0.8169651541282974,0.8702606214325789,0.7694417190642105,0.6796630211507643,0.6439901793007705,0.7662036013688319,0.7223817509795686,0.8359011364019875,0.7898808840373536,0.7601618440085566,0.8078576931094034,0.761814617527687,0.7490780052643933,0.8522651086733828,0.6679418125974681,0.7521188857382344,0.758102443907848,0.7728474591598021,0.8155617700530124,0.8634219318696648,0.6236813351240494,0.7297205310706072,0.7578196015620448,0.7868457164272673,0.8843669314094591,0.8260001029896663,0.817613168489945,0.8459596302281689,0.8305987658363373,0.7357473314757907,0.7425600781322703,0.803299901991536,0.7808671025353116,0.9023269525685528,0.7373611478998361
0.8235703708974452,0.7496306720109359,0.8963058989499276,0.8805462118095884,0.8488925864023428,0.8254473183520665,0.8056552506195325,0.7778831897276289,0.683573289924707,0.7536081074450127,0.0,0.9023653069828866,0.8664519479910319,0.6616573586759432,0.7974746134980575,0.9365336306816983,0.8636950876405287,0.7598961248313085,0.8231271448835015,0.7719104204740908,0.9165004591953095,0.8674856182453236,0.7703208396696802,0.8869689499462329,0.8389211910298527,0.8991889298996634,0.764739479779984,0.7664825130317993,0.8042734540452176,0.8524646846903419,0.7770492375499118,0.8436678954189122,0.7866703058120561,0.7616510919771241,0.7532370513401191,0.787309144101155,0.9325698984878907,0.8371831282768547,0.885281302485512,0.8628699314789041,0.8068595971890921,0.8133410417965964,0.857668383922655,0.9211115710795259,0.8089953306688334,0.7750979440933259,0.7684220539919503,0.961329325257125,0.863844774945652,0.8139988850234736,0.8684373891237349,0.8334408126056486,0.5924616635719715,0.8963302872296884,0.8932764626521554,0.7046599232920304,0.8357914213975723,0.9412037697591535,0.6788892079679908,0.7649193096674326,0.774613963727061,0.6750093802458249,0.8181141241681474,0.6835613938301982,0.673278652256738,0.7253883159042628,0.7881079027683487,0.8097793817523283,0.7888324565759636,0.8210525614969262,0.8364930753918512,0.6932938934247745,0.746431501222988,0.9035591490024754,0.7896168323686896,0.6628075561887727,0.9085429553997527,0.8642444996670112,0.7533972546066265,0.7726837626785342,0.7282092211774865,0.773691689569257,0.7874803593490796,0.7604097638032784,0.8080219982515481,0.8053615209540478,0.8202653018503592,0.7136797587941024,0.7084716782635663,0.7176217922838953,0.9227911648185682,0.6714885641800259,0.8489109421232568,0.728763346490662,0.7606714211873423,0.8292916717887304,0.6526862240408602,0.7244221078107603,0.6248883915908011,0.7315958100312157,0.71579836476349,0.8296532751798278,0.7475453066743994,0.7466468301472983,0.7285138988762865,0.8354299042517968,0.8070507414038117,0.763935941641964,0.778404841417638,0.8771360402888534,0.9398211791986234,0.8239472103206386,0.7942586278782338,0.7752624712111196,0.7468674276231481,0.8407291696784464,0.6804743619600706,0.9009907124834082,0.8574814083885701,0.6642779906973426,0.8818981846042581,0.7415679446491568,0.7646596859048213,0.8534893850471189,0.652935604834324,0.8770041525118853,0.6887523953764857,0.8688688270807807,0.790811743411407,0.778967093715284,0.6938654676815533,0.8848837668932966,0.7708780928683598,0.7528170212210725,0.8880957638521322,0.6892971169288454,0.8078465159119617,0.8390663643714428,0.7816781005135346,0.8566051132443823,0.6541685822421734,0.8071156691552438,0.7254684586052648,0.7259142214484785,0.942020344873845,0.7785851360459548,0.8343483797371818,0.713890823770452,0.7874713817771714,0.6771494931379459,0.8264444494858899,0.6214392368466924,0.9087784891620023,0.7932773336348485,0.874868833174594,0.83146131011626,0.8914051155038344,0.8803783378955041,0.7083997615515794,0.8400042329446926,0.6324403140033551,0.7155621405559116,0.7746457528129642,0.9464852084763526
0.8248441753864759,0.8101744487643926,0.8737589380632924,0.8217082960654986,0.8113741204038932,0.8244933887411797,0.8147218323797976,0.8157034283183872,0.7393678907172689,0.8079233987804366,0.9023653069828866,0.0,0.8481795825218519,0.6427975340056746,0.7903156840034375,0.9169346833355452,0.8547182947052393,0.7476145899102047,0.8513462829594303,0.802877162151052,0.8949930215944635,0.8278552242638421,0.8439767420236378,0.9116758077065064,0.8970692711393926,0.8638655078680441,0.8179784776445642,0.7860104894659303,0.7876900372092237,0.9146472308609552,0.8338376160496518,0.8330836077107144,0.7745031114316878,0.8299051532449963,0.7707134154309414,0.7895655600906183,0.9087913793984187,0.8218003211813814,0.8562669393260397,0.8581194787145671,0.8134569819564856,0.8664983870008377,0.8224947794628885,0.8629844169796476,0.8585300450379858,0.7978894978783326,0.8128020710494351,0.8720320430886828,0.8747476081437304,0.7872793114126776,0.80481177084157,0.8273424391926697,0.576915129363154,0.829852150418602,0.8224680796260107,0.7966403942984015,0.8162729212051004,0.9420268576520362,0.654552495920336,0.7827758778723519,0.7219317427881862,0.6561578600715279,0.7575110403341329,0.699128467391813,0.6383640640482698,0.695049484051344,0.7590760601674514,0.7693339956464246,0.7515649430647962,0.7997926917362277,0.7904824632590725,0.6882233381624984,0.6969326954894803,0.8521405313478498,0.775960569048866,0.6725018335508018,0.8180425722449414,0.8545670892639294,0.7703976542233782,0.724690309309186,0.6959072837258495,0.7633039216973801,0.8187960564017862,0.7465436072762326,0.7936552162704693,0.8725206588686383,0.7827237017695072,0.6831703184425273,0.7494314807758768,0.8128685680398408,0.8736853358277232,0.7398213736191305,0.8026280524837349,0.7101144348124313,0.6847455357623429,0.871330630305746,0.6247647175491082,0.8226549382075514,0.6305096473477627,0.7619894333109912,0.6925382201647334,0.774381801732252,0.7425421825392092,0.8288145195095458,0.7109116657400354,0.8676688737623915,0.7871688527321264,0.8413867102850535,0.7922307781778736,0.9168138236748836,0.9142529032241233,0.8055563275770338,0.7344798785636312,0.7729474481396454,0.737666497383948,0.889581220613818,0.7129396301495194,0.8808836739221862,0.8132759078674319,0.6888855496321691,0.8352288946086374,0.711755516786693,0.7892710190550369,0.8417116352879257,0.6236404562342411,0.8751241567124461,0.6800612554166796,0.9038094376599247,0.8196908055242444,0.7497117568727927,0.7956148005495237,0.8259307537197329,0.7199423130306889,0.7407782277215265,0.8536306525318448,0.6421596099056261,0.8757265745028847,0.8439910028326264,0.8132568594034578,0.8771397449187222,0.6183819459170036,0.7860139997392668,0.7521454406326131,0.6765763663035274,0.9106215503395549,0.8321240926999629,0.8719510894647403,0.7085629804509223,0.8574185368577358,0.7111205301015321,0.8135249873775054,0.6103676367355966,0.8902738554037266,0.8656881870652453,0.9403870998666191,0.8241142235981769,0.8584215431764274,0.9129842068025323,0.6603009080198058,0.7608777032572533,0.6223426674548479,0.72842779514128,0.8472816348291102,0.895921457148225
