0,1,2,3,4,5,6,7,8,9,10,11,12,13,14,15,16,17,18,19,20,21,22,23,24,25,26,27,28,29,30,31,32,33,34,35,36,37,38,39,40,41,42,43,44,45,46,47,48,49,50,51,52,53,54,55,56,57,58,59,60,61,62,63,64,65,66,67,68,69,70,71,72,73,74,75,76,77,78,79,80,81,82,83,84,85,86,87,88,89,90,91,92,93,94,95,96,97,98,99,100,101,102,103,104,105,106,107,108,109,110,111,112,113,114,115,116,117,118,119,120,121,122,123,124,125,126,127,128,129,130,131,132,133,134,135,136,137,138,139,140,141,142,143,144,145,146,147,148,149,150,151,152,153,154,155,156,157,158,159,160,161,162,163
0.0,0.6531983830305351,0.6221298339092738,0.5515019995405367,0.6375464522714631,0.6552358401799647,0.5790879907747282,0.6879737807816177,0.640504935790743,0.6611807574531691,0.6505148544898041,0.630314575777552,0.6989150572069379,0.6055580466758295,0.603470405242667,0.7198213143108703,0.7135169919028812,0.7357238226983733,0.6256478849759346,0.7270079413317104,0.6949935281048302,0.618389976756005,0.5766116228867972,0.5819266078567313,0.7440014031070761,0.5765715630024388,0.5188013270993093,0.6250181908795259,0.5713455561029829,0.6175944056931261,0.7099232944003108,0.7154240925155649,0.5287876275396942,0.587610919225566,0.7504392974239725,0.6338025174513267,0.7141280308564334,0.6713930862518676,0.6075749037901105,0.5526288821742791,0.5845094709044768,0.6434745109213034,0.7098205941677874,0.6650402680602251,0.6655723484540861,0.6822359591910113,0.6430968325566855,0.6793858835628147,0.6708379938632367,0.6897149734512951,0.7102731908500001,0.6598487472096036,0.5996581750673664,0.6081199439964557,0.6320134743934821,0.6275900397193188,0.7393921045788763,0.6672178928427588,0.6665655560721497,0.6736517483840702,0.6470976715374821,0.5868836934962426,0.6665014865571329,0.5908701048454412,0.64583700452944,0.6645837798207628,0.6068128207466864,0.6490994950121545,0.6335264840500999,0.7242225846203305,0.6921261839309264,0.6647794676334297,0.6407829872119245,0.6909025804869173,0.7061308708788154,0.6689759584073176,0.6021119114457483,0.610987828093363,0.6321668877461137,0.6162370093259731,0.6253271826601594,0.6521831789909115,0.6540094467075321,0.6402128483056707,0.6599997050114758,0.6736906409618986,0.6584516204768378,0.6782126914123571,0.7259030527197872,0.5855679201661828,0.6915935163305512,0.633962829866227,0.6863591304063066,0.6728906638005611,0.6428066505290639,0.6063266804035555,0.5566075259259753,0.6164181491863037,0.5780946986200926,0.6814910197408459,0.6165042352462831,0.6363133355289355,0.5938311399721322,0.586178913326563,0.696798351509142,0.6711285464579262,0.6526293373691027,0.6598077965126259,0.6214578846963318,0.6851579944752338,0.6365743533109727,0.6349606676534165,0.6815170158841676,0.6198398511721179,0.6631969468566782,0.6572972618178038,0.7104461521300913,0.6519407820596548,0.6043905896370034,0.6065332959720559,0.6521377205804758,0.5954683816388373,0.6539370227127419,0.7147217633044096,0.6259773872929568,0.6355136799437441,0.6011702557925968,0.6149437111755005,0.6407619904209453,0.5873532211025105,0.6327276316370706,0.6260979721856731,0.6244586954616708,0.6127821110379789,0.6497072087234029,0.6129092909590628,0.6637069856612224,0.5826191411575946,0.540093290812144,0.6887899040037425,0.5560969988413091,0.6496618742719821,0.68633490161043,0.5813606421623053,0.6591516441643875,0.6229931870445208,0.6235013208202408,0.6121972481654195,0.7043141380904304,0.5361110827244501,0.7235246795928167,0.6428966160410505,0.629647051066516,0.545074009663572,0.6671122387173504,0.6957235322136837,0.5621082237151152,0.6742031813999676,0.5317566066836686,0.6347217321537237,0.5818658045048972,0.7075427444394572,0.5724954502232793,0.7134030393385506
0.6531983830305351,0.0,0.7002083806282182,0.6243742231813988,0.6320474195670289,0.6267333858146487,0.620746888756666,0.6981959048753602,0.6008566463308154,0.7168002012836229,0.6466772927811103,0.6150403654767775,0.6887682086672743,0.6416107266557476,0.7121943674276289,0.629215013708893,0.6348409593679366,0.6592186536666581,0.5504443374915008,0.5935360529802627,0.6410092005489255,0.7518025408056164,0.5510081986103061,0.651166436082014,0.6303681846394881,0.5761633377119124,0.5600250298311061,0.5690121794078752,0.6604813370242976,0.5385072994295409,0.6523936061615545,0.5823534468959,0.6378196028584502,0.5191811688323795,0.6591890471170846,0.6363574894829738,0.6533305217831938,0.6201930092823221,0.6364877324745655,0.62161809057174,0.6680452806569551,0.5983326687624786,0.5681971295455726,0.6288072742237197,0.6658129053667254,0.6392871256706509,0.5848648971398587,0.6222705606054689,0.6062592656560788,0.6122450296082637,0.6477682350840348,0.6176458898141002,0.5981088049654413,0.6960378152677633,0.6281139986530597,0.6157800169916327,0.6163307138831654,0.6063061153038741,0.6389274031206719,0.6658681082069963,0.6901822481552926,0.539619171475756,0.5802235806018152,0.5491400151544512,0.574173858687876,0.5707634668038358,0.6610459620250476,0.6355639546202817,0.572516392468298,0.6569296792175595,0.6557379298307361,0.6105019451122274,0.5605694454805062,0.6944125597649744,0.650866106254111,0.5597896879153693,0.5921424934541257,0.6518022267738897,0.5707362717594372,0.5482049368152443,0.5840755638271966,0.6338978628864295,0.712858977343442,0.6138767573661003,0.5609026411511064,0.6924986171432267,0.5645676921148842,0.5748062303441529,0.6244803782198606,0.6612991883635977,0.6283985576171194,0.6115856337190246,0.6479375839562249,0.583171505431187,0.6372455463901688,0.6530984115049934,0.544763517824395,0.5670112341322526,0.5283340151823023,0.6917962102059504,0.6198313697360849,0.5634564245216052,0.5306729021413413,0.5760788386140062,0.5940124175844917,0.61312282259436,0.591059903163152,0.6047761379721506,0.6682231943916414,0.6944924713022611,0.5921261281099056,0.5626000001100215,0.6201314087210291,0.5798170114153186,0.6174318712827863,0.7116762198136501,0.574129487883865,0.5560534180293888,0.5826047429870738,0.5967690885290564,0.6279975027736058,0.5810284835106515,0.5500262523336609,0.7111778838394334,0.5631518592168185,0.6969850492875447,0.5692104108575136,0.6767103634741879,0.6269450472389391,0.61870557664385,0.592181880057866,0.5791612061861496,0.5882166943704015,0.6143886951093688,0.6388869346479139,0.5783597310243138,0.5828155609207878,0.6313405559907795,0.5662129867621671,0.6221117934148738,0.6007915796753925,0.5817998287392753,0.7033183554705728,0.5649763841952726,0.6279160186107744,0.5348342984475418,0.6599747978747245,0.6627307616451487,0.612979420851748,0.4987668051355783,0.6051376128889158,0.6064520117989829,0.6161783405087774,0.6273403785986035,0.6375555759412088,0.6892650660439662,0.5885737314246248,0.7151159418346862,0.592616362126686,0.5509564207803689,0.6052342285855873,0.5896759833215005,0.5482765237654983,0.6694891697987414
0.6221298339092738,0.7002083806282182,0.0,0.5776766751453111,0.6423416278500961,0.6054538051755095,0.5485046291009074,0.6988889553519954,0.5815054009761872,0.6728622577867777,0.6205400852764908,0.5714755189168336,0.6710130932047861,0.6318081626195591,0.6138078875365315,0.6512055817378132,0.6545555802307832,0.6473642218099459,0.5160516786745075,0.5961814097097158,0.6692408326149906,0.7422363834719107,0.5198634447465499,0.5952738577770381,0.6058592363427189,0.6162040864075279,0.5335639853762442,0.5402828185791847,0.6002084207738015,0.5129648194695849,0.590370901596123,0.5682709312119275,0.5741103139481694,0.5016214114489242,0.6265758653389147,0.6609361528057032,0.6229231761802827,0.6504438606300711,0.5811908282800167,0.5898242884737036,0.6467647084220336,0.6130307104564403,0.5893863306778636,0.6043305794604009,0.6631190624563071,0.6198286494122931,0.6136112283180335,0.6263351187512559,0.5641545774628012,0.6399673259274993,0.6213893581279682,0.6417027233646112,0.5629268617875149,0.645233567261552,0.5872309873270399,0.603965243120258,0.5976498630977117,0.6151233394871668,0.6327412983860521,0.6237120221408263,0.6498541779679244,0.5551958777799355,0.6134208508251394,0.5969798869982842,0.5693393565970241,0.5773937378592786,0.6369396652761754,0.646833427969561,0.6419817580478685,0.6558756317186663,0.6719414405153737,0.5969437856789014,0.5945337769758925,0.6891797390543206,0.6654196539478711,0.5137749044499196,0.5724668468430291,0.6203363771610853,0.5841732717527943,0.5199568507038613,0.5962383745707888,0.6243904572160346,0.634052021301259,0.641597894061797,0.5800429670046946,0.7134548037218976,0.5714577869810632,0.5674969986984171,0.5817594142824948,0.6123812555872876,0.6474063336914339,0.5760344352785653,0.6036479149123319,0.5378051773557977,0.6428406151398417,0.6091451860382162,0.5525113462035343,0.5840495711242045,0.5402669376872907,0.6457522208591231,0.566320334833048,0.5732854647325271,0.5438190401428382,0.5725329259359987,0.6095221845310458,0.6547557198334689,0.6135384057750219,0.6232222945023125,0.6397756788585689,0.6553340841973997,0.5588288463441631,0.5916743153602922,0.6257049584494273,0.584283759697145,0.6066326051382332,0.673386484325959,0.5501288452401326,0.5373596766309678,0.6232285330428512,0.6062918549742959,0.6355441427018864,0.5922706718730685,0.5703979800007603,0.6189117091516984,0.5508497393664675,0.6141947958194536,0.5993553328598469,0.6430590253378692,0.6525397851348117,0.6278129018027231,0.5938166621484391,0.6294877886475102,0.5561697826675698,0.593272597491208,0.6426582486325166,0.570155743848182,0.5572979469908083,0.6015263471732486,0.5789735235150532,0.5892125237417684,0.5540503051486837,0.5951888885817687,0.6418552924931441,0.5937936896608441,0.6317376402277904,0.5579936548613268,0.6563307595009197,0.6099224729885943,0.6393774364646839,0.5319872756280688,0.5713126468995078,0.5547751882395161,0.6048510044431695,0.6488144695676694,0.6303340004414831,0.6542320443117166,0.5242411909630444,0.6652448080854891,0.527104117432387,0.5215621330692521,0.6099683325423624,0.5592058117613968,0.5588510531961071,0.6339494376409529
0.5515019995405367,0.6243742231813988,0.5776766751453111,0.0,0.5854994727701172,0.541945234449021,0.6449130336560683,0.5796864087442325,0.49276935465596283,0.5893870960561264,0.635994608177363,0.5710185850341802,0.5764300548300665,0.575350744755761,0.6369346495299836,0.5452836486215936,0.5671728084290386,0.5651432691594243,0.5189878980905562,0.49855980998751326,0.5716888535444227,0.6025355450546324,0.5493970024921996,0.5954586451515981,0.5619453987810228,0.5884635770657541,0.5486390421682728,0.550295731967123,0.623902383553377,0.46805675121252227,0.5556627808466476,0.5118946366457489,0.719399871599646,0.5109076898509963,0.5982405467423177,0.6066469556540802,0.5767989165379819,0.5469655690954508,0.577401397324868,0.6140158304617928,0.6503293148508813,0.5165119575468139,0.5153387542406637,0.6216769120124939,0.5855489210908176,0.5439760996264096,0.49080883925908864,0.5829727225822997,0.5756207849517588,0.5350816866613822,0.6092017466664295,0.5813604681881847,0.5125495211293948,0.7127591090961566,0.6415846642274148,0.5047703353381727,0.5396462455616363,0.5666248551716535,0.5747248636818002,0.5728702118221088,0.6062678056859032,0.4781470353166053,0.5366310546609618,0.5000640973622266,0.4982183371534539,0.49907502127791376,0.605483024845703,0.5329740159863563,0.5221459895742776,0.5818507983011723,0.548279923573776,0.5417594976426703,0.532441492235356,0.6298766939969576,0.5487591909158515,0.48935622034516946,0.568821797878724,0.6114301757931474,0.5225374250675695,0.4935295272689281,0.5060159375358716,0.560664622040187,0.5482601890471166,0.5451258464993419,0.5241405907208413,0.564369305555805,0.5177039876801766,0.527904129005423,0.5372073845002401,0.5302656272147327,0.6095296150197588,0.5613365828748249,0.5915997895066653,0.5128595586775109,0.5845965670552452,0.5870678602520973,0.4755857926367941,0.5267627994524,0.48847617082680334,0.6261272436955163,0.5630053739283591,0.5195424116773177,0.5538437104161029,0.5614583099247867,0.5373455902374957,0.523063719071454,0.5265001542465162,0.5424629525295805,0.5843513041342571,0.5682890763088797,0.6055557765629567,0.5334695256851292,0.5707884728091257,0.5256253493286787,0.5717559289912297,0.6059939315128189,0.5106624231841826,0.5009803394301402,0.6067057917868787,0.5608245619017651,0.5493653512649914,0.5707016861302817,0.4997518066505321,0.6072265431307476,0.498614994190965,0.6395243222257074,0.5182673771488298,0.5703453036446072,0.5993520354282044,0.5449403005889703,0.48087583436099957,0.4975866780259786,0.5333102327332923,0.5659062438760359,0.5522195047967935,0.4883619643922856,0.48102582183214754,0.6160398945874944,0.5441024806939492,0.5413949497336835,0.6218341507319085,0.5075706116482852,0.600770577988895,0.5238865117630873,0.566207796361889,0.5121483666200113,0.5379624382159917,0.5468637882878313,0.5206334266429484,0.45113093313612646,0.5703962292289003,0.5443652863188516,0.5552930793747437,0.5266057503214251,0.5963420649765171,0.5648233880065843,0.535518029970615,0.6174651531474679,0.6830418540637444,0.5374716469463852,0.5362184661380713,0.5275430064286077,0.4915820810606142,0.6070844804642372
0.6375464522714631,0.6320474195670289,0.6423416278500961,0.5854994727701172,0.0,0.578513063056768,0.6197953743740029,0.6219556108945014,0.6107927756870504,0.6340771342926431,0.6624753135253818,0.6179471570494142,0.6042004572223281,0.6142615295548356,0.6188636812051613,0.6448068767229398,0.6241472063928656,0.6287414907150722,0.5386277482635023,0.5726980644255528,0.6518870268570592,0.6643672503064946,0.5638634047723141,0.5737654204243479,0.6352515013167893,0.609204064149812,0.5447485218412518,0.5374985907433417,0.6009232345338528,0.5737284136475673,0.6432903004367373,0.5880110417521042,0.553605877011808,0.5238816680460565,0.6764993812368756,0.6731337875858295,0.6552602134351773,0.6546219996264454,0.6359953820520766,0.5633944843816194,0.6063066594715497,0.639899904373102,0.6090984112957192,0.6703406231306598,0.6094065162018399,0.5768527117384711,0.5935945846597807,0.6573739514109543,0.6258268378177197,0.6309923530714198,0.6579936223399101,0.5971676706529073,0.5351568460239847,0.6215526920342511,0.6411522190638854,0.5973386395725431,0.6047407581078326,0.6687798392949585,0.6193125660895163,0.6083739096795093,0.5794235251436161,0.5545512757750954,0.5768491492810455,0.6045511768225617,0.5664138486382738,0.5391523507263224,0.6147360129345184,0.6305804322505185,0.6089508048372735,0.657085933086876,0.6486568760016254,0.6208752696619679,0.6008788748447199,0.6510723667660617,0.6017675159671488,0.5295634600250558,0.601180837734773,0.710699026188883,0.5517617418096451,0.5515489778412346,0.5583152311361121,0.643917735974216,0.6426777729382825,0.5704127908822633,0.6064459748201569,0.6291665669642861,0.5936390558815469,0.6158278274698444,0.5757981081062551,0.5962656342535001,0.765923992454075,0.6360013907348172,0.6652180301448327,0.5367033628961203,0.6642990459015655,0.6345173927484018,0.5128750687368054,0.5766931112441127,0.5988901223790212,0.6016814844814244,0.6099483380825313,0.5877711691574252,0.5977903166033005,0.5794590870767653,0.6138494030082968,0.5915323666365286,0.5708924625778378,0.5998261903148355,0.5938963977773902,0.6226218740546354,0.6149689020456905,0.6497385771859641,0.6086204489491802,0.629612262250732,0.5741233409233346,0.6151750012046135,0.5508095646482823,0.5973190248139565,0.5897857793597676,0.6409103109040759,0.6980159107230439,0.6154662905219936,0.564303790442933,0.6515629491492179,0.5947537185239012,0.614660130341291,0.5911478341788098,0.6403859132637367,0.606209046441155,0.5898047377360319,0.5833151453075744,0.5910585403603169,0.575928453995482,0.6384301505236808,0.6126521544649051,0.5618210243666445,0.5495694583123925,0.6096842303379595,0.5411107683620927,0.6487993796131433,0.540032399104357,0.6312905620878436,0.6643782777119589,0.6192061401799753,0.6806862299391252,0.5982641832215098,0.6612448636207886,0.5775297078307547,0.6150862460533554,0.5305409241952367,0.6218665635319024,0.5775583717836389,0.6148486198486723,0.5805248776886035,0.6446877732875983,0.64328200638023,0.5187152875349746,0.6553208898078343,0.548879283835095,0.5779252035254232,0.5454818524927071,0.6060663573582196,0.5860031285422526,0.7193806558228011
0.6552358401799647,0.6267333858146487,0.6054538051755095,0.541945234449021,0.578513063056768,0.0,0.5267928018191785,0.6561182818936347,0.6417827213703072,0.616050327366886,0.5723707679708411,0.6255728591623627,0.5806763500829821,0.5357846945436953,0.5426974946344832,0.6012962128914331,0.5968875172036116,0.5689340806668209,0.608144064310802,0.5775525642762109,0.6613573493549637,0.5831829817472726,0.48213102830273913,0.5084488592140883,0.6536004408239121,0.5131309877186553,0.4516985435218143,0.5241145446750393,0.532345589658561,0.5658441033103903,0.6643811282551034,0.6366122182786549,0.5209530968953926,0.5152583320172596,0.6145137732196269,0.595934977028451,0.6042524187513544,0.5902596295519228,0.5774143451962853,0.47979805361356553,0.5546246483583681,0.6670872741245083,0.5859224131306682,0.6453822962993342,0.5591309415032926,0.5601775909353082,0.5881399826517283,0.6097489756127872,0.5390111281655356,0.5904591481546542,0.6374639738438438,0.646250684272093,0.5730414421660031,0.6068384493862031,0.5718592329960016,0.6707985018844258,0.6086536773922713,0.6835100940684153,0.5568550513126362,0.562919264049973,0.6289183534201389,0.5839107858241767,0.651371650873911,0.5223252912279972,0.5958215670317011,0.5908368659279498,0.5492014659318378,0.6040742933826478,0.5316134447946589,0.656654886836416,0.6479688206138209,0.5471108324431754,0.6103940250381541,0.598908102624912,0.6694379956316664,0.5740234700334882,0.5381734962732175,0.5581447709345168,0.5483944591373238,0.605005758746638,0.6746562418771608,0.6734538244550357,0.6284024825100534,0.5847808683354879,0.615021171058346,0.6061098369286092,0.6616079385130176,0.5766875446095748,0.6062190985483508,0.5769139866362426,0.6195380321981677,0.6723945167049253,0.588251615856491,0.582408554138569,0.6093898543788547,0.6298193628854653,0.5903236450920561,0.6288527468256077,0.5627061670114125,0.5913569681308016,0.5461933977650709,0.5866560792452005,0.5759110355846452,0.5910567773007926,0.639566368692775,0.568456212084363,0.5984859333588654,0.580342879998308,0.5321996835898604,0.6208756214406992,0.6110033020969545,0.5758323424448765,0.6924405863784996,0.5851260314609761,0.5625592943234548,0.5738239511668329,0.639078504358826,0.5362132693609154,0.6095768964125633,0.6037294214001383,0.553167742740523,0.6113984060387758,0.5924378123687134,0.6425106118041304,0.6080964081941761,0.5922918084954573,0.6011028598746714,0.5564917185481021,0.5968398769110717,0.5094467887487169,0.6367301717128734,0.6533078642298064,0.5487588443585784,0.6424692849873017,0.5953852322230971,0.559777622084679,0.5500049773797798,0.49838476969693474,0.4593094295750108,0.6104765319675027,0.5462138543630117,0.6196604525375798,0.6509148962798632,0.5996379124103846,0.5988596317995472,0.5525608993256782,0.649680507908199,0.5794375480479745,0.6220597875561467,0.5280886335166072,0.6349546181642047,0.6317385963243699,0.5480600792109458,0.4942721502663173,0.6600597823965053,0.6184210000311601,0.4870055178590012,0.6551588193055257,0.49106315902129966,0.5653190100818744,0.5445508070682923,0.6657230147108658,0.5789415356323756,0.6206451763420633
0.5790879907747282,0.620746888756666,0.5485046291009074,0.6449130336560683,0.6197953743740029,0.5267928018191785,0.0,0.5610330907986634,0.5125453581711346,0.6376495995882856,0.6333228277748808,0.5919791088005496,0.6011825584224337,0.579016017611631,0.6598033355353534,0.5653109382708599,0.5590420317553553,0.5834690356307681,0.5187757079244002,0.5080820218302338,0.5503247877011963,0.5903434326266398,0.6214421696793339,0.6071930637295818,0.596446003858586,0.560900671770208,0.5873610580130445,0.5558184039826505,0.6255123217304196,0.5228985736983611,0.592789643753955,0.5569591876438612,0.598292254230413,0.5364368761925782,0.5978987973367306,0.5677499915794848,0.6367146641839332,0.5304739331537565,0.5921530897552716,0.6157783280044321,0.5584593563184089,0.5324991616235885,0.53118049041678,0.6003918313851058,0.5927235835692325,0.5615194790401927,0.5160463279073508,0.5862777346417776,0.677125701380377,0.5322771634489757,0.6226976554641104,0.5257277304823299,0.5023586963413902,0.6165928515329636,0.6640955750078708,0.5261272344530517,0.546759626052855,0.5537764594071539,0.6053716995315704,0.5907369266025094,0.5706833546250408,0.48262224258377145,0.498214575151811,0.4973079634439605,0.5023167097390828,0.4967032741147225,0.6240582534868598,0.5706581199614564,0.5223549192058055,0.5772733755199815,0.5500631034470053,0.5608135221096624,0.5154435985443164,0.6325177494729042,0.5216260972993092,0.5376230566149457,0.6293270279361072,0.6876763686888888,0.4984863608738552,0.5168320692171904,0.48742152038291153,0.548364824237581,0.5982942304161292,0.5060160248632846,0.514281571965985,0.5384070273205126,0.5211179297103394,0.5760076013832395,0.5750109562561767,0.5533561191637872,0.6060196721870992,0.5795205610886864,0.6271998982763295,0.5288929342941087,0.5671681687615554,0.597707917707407,0.45294932421013784,0.5082154230770239,0.4924497773797102,0.6334790044847045,0.5983300291319743,0.5435146139979492,0.5389828339507554,0.5332323419821828,0.5213512912736655,0.5272737569515356,0.5181671640611204,0.5376058225709418,0.5978915448435533,0.5977438743982039,0.6217794697444967,0.5246256816186323,0.5571729952196252,0.5335341232578217,0.5408839490753443,0.5884915048329381,0.5174482855510498,0.5768545758218045,0.5358837473027475,0.5410380990039084,0.5616618298440599,0.5341749725282959,0.4904794547798946,0.659915149232482,0.5018841954017839,0.6495323729984428,0.5117602242921725,0.6183021699961783,0.5495658293974705,0.5468115534211574,0.4972075929712926,0.4835065003002114,0.5532673406221411,0.5306518641544431,0.5372703762851548,0.49333061733451233,0.5135444077827818,0.6135047988094626,0.5329448091251617,0.5725215388190947,0.5601186998219654,0.5273598280281697,0.6201009296737758,0.5049543098515856,0.5758850945094792,0.5387161280824232,0.5341255866613749,0.5674224741816303,0.529939294934764,0.4366820743220629,0.5736331288060648,0.5458864348232738,0.5528112389571289,0.5649651389112601,0.5727912611846535,0.5903930446197536,0.5844347027169848,0.6331839294435232,0.6355393416070378,0.5940619701878531,0.5205000107250664,0.536993488806265,0.49348816650090244,0.6074176386054925
0.6879737807816177,0.6981959048753602,0.6988889553519954,0.5796864087442325,0.6219556108945014,0.6561182818936347,0.5610330907986634,0.0,0.6442293660998929,0.6883599016755871,0.6322591267330755,0.6464318037407718,0.6855951552410684,0.598443539416198,0.6219530465314177,0.6969016370138805,0.6677998317559883,0.6654010909842254,0.5776985283557846,0.6439772974269719,0.690143775236707,0.658332288736939,0.5528320705792787,0.5896956690367507,0.6878413510967148,0.602259099858288,0.5400976686032392,0.5803061043322163,0.5800702654169253,0.5789789361474506,0.697677372355943,0.6240829060434642,0.5656992910820132,0.5543537194329818,0.6599527449906255,0.6588510449733398,0.6831179601015507,0.6823720651416035,0.630421215101217,0.5627421174941631,0.6277374095048273,0.6342096344142986,0.6419940803676613,0.6293147929142978,0.7090988730999709,0.6698571656344481,0.618486657574238,0.6393011041165613,0.6009974376982409,0.6473348782020826,0.6586207278540103,0.6494884535210065,0.5690391082316938,0.6327530256897607,0.6144917346467846,0.6459355893097859,0.6529115095927417,0.6908841906484215,0.6127373612679655,0.6569484812886217,0.6860375933460264,0.5763508820860884,0.6369793043935031,0.5775761543008351,0.5866996185098627,0.6123035949744234,0.6318047120378513,0.6446047830639374,0.6143415299081942,0.7747210744197988,0.6876217614169522,0.6160934248641549,0.5971284028437311,0.6900091584899947,0.7103836953898518,0.572000375715706,0.5953386997889405,0.6262886253691416,0.6440719763885602,0.5626268885456575,0.6135990102743932,0.6603618275081249,0.6851180844425682,0.6679399610964525,0.6221207789725144,0.7608178012935742,0.6523173159585703,0.6060582934617649,0.6760900031754518,0.6594083857923788,0.665235064818024,0.6270050240953174,0.6316879555935918,0.585151763400166,0.6329652317517396,0.644066127258582,0.5711838080823229,0.6269093548661941,0.5536444270328095,0.6791406855455407,0.5980133223944344,0.6435568353296253,0.5776826161218035,0.6104660190320109,0.6550587277020216,0.6905851542721771,0.6493940737644007,0.6646574052890499,0.6299931130289046,0.6727710302330111,0.5968358631420578,0.6160796753487962,0.6441330945567729,0.6361953166043528,0.6385315416243132,0.6881315745975614,0.6139801183066628,0.5769642738034463,0.5951494575719491,0.6277723463448278,0.6288179433079208,0.654374715002555,0.5959994396784309,0.6851195644875582,0.5742221604488161,0.6595901533416754,0.5983593136841094,0.6894205583969131,0.6570444640429048,0.6020226147487576,0.6522816697280107,0.6422697208055999,0.6131217293259685,0.6238806210159565,0.6574998432969259,0.5671529427992041,0.6205515802665322,0.5874043062036742,0.5613509432351612,0.6833593925905755,0.5632351375533373,0.6158440662783158,0.6750324474503426,0.5930041436654767,0.66046855970115,0.5858964565307261,0.683322570033297,0.6396593523696082,0.6892760986901929,0.54368106461485,0.6594628561413934,0.5983771636124082,0.6150747053137746,0.5917841201421313,0.7081177981574173,0.728721482663848,0.5435273565068013,0.7338285046723256,0.5255329000848589,0.563363478308304,0.5899826465457119,0.6194827823729416,0.5926308111825026,0.6695167032653434
0.640504935790743,0.6008566463308154,0.5815054009761872,0.49276935465596283,0.6107927756870504,0.6417827213703072,0.5125453581711346,0.6442293660998929,0.0,0.5917418939689433,0.5495546184040814,0.5815791306413973,0.5601530787624646,0.549036566830168,0.5388183891091882,0.5889834324440864,0.5607695084788639,0.5758789991512311,0.5385068990242935,0.5810755110261554,0.6065400013404939,0.5970947033771633,0.48087696665259655,0.4925390706510157,0.6154446312405767,0.5004626388254713,0.4714556085526576,0.4925904805967908,0.5067628608855459,0.6178769561494647,0.6783684609546752,0.5965472822637607,0.4820779945599685,0.4829727467172428,0.604872028920709,0.5771082354032337,0.6008904208991337,0.6164984446217443,0.5801400117258307,0.47024598926132377,0.5208618602113417,0.7165366264992897,0.5717828004151975,0.5772654651663329,0.5489238320897832,0.5438534529490511,0.5889949325464328,0.565375959488134,0.5329993684508787,0.5916814245537173,0.5863917258306152,0.5557159903058757,0.5461135321448332,0.5389215735218649,0.5341643480765795,0.7199875291439948,0.5857023952870888,0.6419496024058325,0.5483798698065867,0.5553038894391883,0.5682359573931277,0.5872905501270885,0.5678234359683194,0.5497905953687501,0.5897710351104536,0.5517319301269771,0.5533317455441928,0.6244594345867794,0.5483327179187365,0.6608891814907509,0.6586698494278761,0.5649690552648364,0.5883284127354715,0.5666763354883172,0.6250519222360851,0.5474508916318899,0.5289770192317682,0.5623393024999644,0.5252836108902925,0.5629230260405533,0.5975958041285235,0.6847492701192173,0.6667039724621253,0.5538411452931985,0.594172943144712,0.6155042542998412,0.650238527194248,0.5882725679005828,0.5807682769055216,0.6434418178355132,0.6188249435614283,0.6562240275782203,0.5701110380749072,0.538905124272865,0.616531592046701,0.6087290744978919,0.5674106773434994,0.5778229296310068,0.6026414516341482,0.5488365777340634,0.5571214301783356,0.5793397120882661,0.5419102326524502,0.5430501385851636,0.6189873243219227,0.5600533910851709,0.5552221432142611,0.5647313886188694,0.5189058832907006,0.5853606883670948,0.5432369302042848,0.5932815672076187,0.6117748516684294,0.6399831561017073,0.5248744144824427,0.5566164263055244,0.5683129779441415,0.547738035638248,0.5164078827327602,0.6260672579090161,0.5912807411258385,0.6024862647982231,0.5588899189858878,0.6031521371214532,0.6456198572100693,0.5423040934026766,0.5948335986058325,0.5767248622291031,0.5339789390472787,0.5254800274211662,0.7450365733606148,0.6450449761499901,0.5647850313483155,0.6564501133368638,0.5869899222873101,0.568206074610407,0.5528822697362208,0.49862434818129003,0.4619863253635395,0.6430004586558882,0.4971642171323386,0.6430189083835143,0.6460161322888152,0.6214326864778803,0.6071716835405944,0.5509300832351928,0.7237061130417073,0.5641266354832833,0.6098022003948323,0.5401413428557342,0.6051611071131824,0.5828951793880148,0.5562573694325712,0.5179714076124716,0.6011382217100294,0.6495265459431041,0.4789564151739866,0.6057307628612674,0.4679821314477903,0.5354418908477684,0.5177969517673727,0.640895426812164,0.62911206451104,0.6304203435069297
0.6611807574531691,0.7168002012836229,0.6728622577867777,0.5893870960561264,0.6340771342926431,0.616050327366886,0.6376495995882856,0.6883599016755871,0.5917418939689433,0.0,0.6424547394449723,0.6144531986803148,0.7083096490824704,0.6393736325532384,0.643595145973832,0.6717896779967647,0.6399418448958117,0.6782140299216035,0.5421154364398145,0.5847829538224983,0.6190963504281096,0.6510351616436771,0.5882081014796204,0.589626593548417,0.6997424438092417,0.5909391835706003,0.5787290817328471,0.5777994358158745,0.6757826183859748,0.5761018034679675,0.6597061927234513,0.6295788057237436,0.58127191092818,0.5391848371411745,0.6512913797849883,0.6242989833341583,0.714358033057307,0.6321057049313884,0.594570339566548,0.5958924127798829,0.6035732718120931,0.608297936584513,0.6061039094597935,0.6265790548637101,0.6648249871714994,0.639979746406412,0.6189719110323406,0.6394276893195538,0.6538820599211691,0.5970754477447939,0.6454040626600517,0.58886004787821,0.5562771834969634,0.6153868442798003,0.6465325682293658,0.6309400320863218,0.6014247549472882,0.6257982989805883,0.6551033235965276,0.6364010617966884,0.6361877856953203,0.5527198314404719,0.573393099668258,0.5628156886495466,0.5542572423050903,0.5660442896525363,0.644528277493796,0.6752930711411381,0.6230313502559414,0.7035554497261108,0.635195252066075,0.6302746533472974,0.5677398746816164,0.6802608579821856,0.6305501375616324,0.5974983236320118,0.6079765253518779,0.7033118204876122,0.5758745037633172,0.5739498315725909,0.5895769286121059,0.5944410689421161,0.7144563461745009,0.6208433181610801,0.5744531429297508,0.6524633536049995,0.5950248956296521,0.6242434129917651,0.680957683376902,0.6190237508497072,0.6537996026787871,0.6178617096026958,0.6598406943471022,0.5638677979158002,0.6215772127125664,0.6834601739304607,0.5089559397859407,0.5849458789138974,0.5402960620349399,0.6858145358790935,0.627853710044985,0.5970310984763414,0.5660332929869011,0.6127529750132159,0.5981919743517793,0.6287773638559746,0.5918932980735975,0.6417188438123351,0.6596570642625789,0.6669543394173509,0.5913380175707641,0.5740015246388831,0.6287952581770596,0.6154634776346953,0.6102533339532623,0.6583583001689919,0.5987889505885295,0.6085600561747433,0.5875674039365262,0.6224257623636872,0.6070974430337035,0.607417667611734,0.5537225043906168,0.7096817361473928,0.5593152735218615,0.7188904177163047,0.5671246664460468,0.6632453476291575,0.6353407059135662,0.618788613001498,0.6191077498152732,0.5712415763805692,0.6046692066549042,0.5696139757491802,0.592129205311289,0.5592043800986358,0.6036625112197785,0.6130787332897922,0.565975658417611,0.6441355764639607,0.5972660436495363,0.6109842109684114,0.6592090500880312,0.5596988591736872,0.6532343198252918,0.5789801662730134,0.6046618771146915,0.6794113347109038,0.6661856999547624,0.5068778362254408,0.6023076153110749,0.6231343681000693,0.5726075974884423,0.6272491995254217,0.6610319036928649,0.6835879010120545,0.564129324400285,0.7425559908314789,0.5715812077328063,0.59209624993836,0.6304539219607989,0.6120592927454894,0.5711174048114385,0.6358592342298695
0.6505148544898041,0.6466772927811103,0.6205400852764908,0.635994608177363,0.6624753135253818,0.5723707679708411,0.6333228277748808,0.6322591267330755,0.5495546184040814,0.6424547394449723,0.0,0.6340155415899056,0.6746393378115371,0.6181913092513392,0.6165290461944587,0.6953719112546618,0.6800528849407835,0.6447617086436715,0.5755912011937637,0.600882343668676,0.6396690127012267,0.6545171366720546,0.6200976310163955,0.6363754029138105,0.6560150196333431,0.6109467549325777,0.5951161234651045,0.6509961913813068,0.6587301535177948,0.5544360935879569,0.61425557787435,0.6036829978682677,0.566185250701971,0.5747214735584585,0.679225080662204,0.6314610810011256,0.6944174943524837,0.6317990644397422,0.6602612282605265,0.6177406333272296,0.5966663825187075,0.5806613400268283,0.5902328543948303,0.6492820047854104,0.648521843045213,0.5936823762201565,0.520180197596373,0.7024837521106324,0.6993366466077078,0.6001205618932803,0.6582825524350813,0.5823386329945804,0.5290995407555842,0.6616703720890658,0.7265831638036042,0.5397965387868608,0.6347382444022786,0.6404714937473973,0.6311507329032318,0.641851215253034,0.6609550179455399,0.5090805553128648,0.5661146625032772,0.5650864950742066,0.5372117836693315,0.5490630621255377,0.6501742395468086,0.5737611930101393,0.5920352278489299,0.672126297140204,0.5930975461603506,0.6141971702657607,0.5931013614642682,0.7059715701133158,0.6247529523475859,0.5462959256544412,0.6734711528422574,0.6733375513857822,0.5605891271763085,0.5634574837155623,0.5328684109308628,0.5809446597182947,0.6004335590972153,0.5943492181643323,0.5877685483494517,0.6138367267846047,0.598224362654263,0.5886988150021535,0.6004658749577347,0.5674869616258502,0.6706049042732805,0.5643761874246856,0.6846535506534337,0.5807986006673287,0.6229187762305831,0.5905582254518423,0.4985941236667537,0.5428257968717315,0.5306208953959093,0.6379275582373802,0.6434688097002437,0.6057086090543359,0.5544814092346075,0.5461820783382275,0.5867978035751502,0.58286975734809,0.5825951335320451,0.6207634487578266,0.5979198801447454,0.6625277836865057,0.6611004949062842,0.5971837641467014,0.6138421362987622,0.6189719907620767,0.5985370728921378,0.6553255493895402,0.5624028393910532,0.6314475013624086,0.6044857310928047,0.5859835773996899,0.6495237002703677,0.571571999931364,0.5718090170370231,0.6680964160666724,0.5596902754929044,0.6674239110529462,0.5459600632281862,0.6387833957883903,0.6339708931545385,0.5730605197464764,0.5383916144210953,0.5599975666437531,0.6529773361094342,0.6030826473599917,0.6444482116581819,0.5317417547797936,0.5592001332867252,0.6191091626667032,0.5879038742757973,0.6262332071860378,0.5537460387863777,0.5963893579799424,0.6363868714907049,0.5582652587852577,0.6615639093141075,0.5516491850084448,0.5709193646137813,0.5733547824980301,0.5994019705943614,0.5141650631638891,0.6594382239122865,0.5713895694212395,0.6718383487391715,0.5442352079980384,0.627725778485966,0.649386790628815,0.6296380230090446,0.6538218648934856,0.6009882781718755,0.6226038419848464,0.5327717015402325,0.5929802740819657,0.528901314458257,0.7509810444659081
0.630314575777552,0.6150403654767775,0.5714755189168336,0.5710185850341802,0.6179471570494142,0.6255728591623627,0.5919791088005496,0.6464318037407718,0.5815791306413973,0.6144531986803148,0.6340155415899056,0.0,0.5725953991675378,0.5098805150486156,0.5644364450054212,0.6293199415043461,0.6136876452043047,0.5619608369340073,0.6687614652627338,0.5882083806841772,0.6550900227744123,0.5701646671548826,0.5896502166737546,0.5788253437205654,0.7161616380659668,0.5418979381395702,0.5021958814308012,0.5881567873364277,0.5468094070498388,0.61062643839123,0.6834289217524843,0.611061446820057,0.5207636576245858,0.6314463818814378,0.6266447541101359,0.5960938811236425,0.6282585508518143,0.57084427048842,0.6415908984861262,0.5149313459719186,0.5554332526039804,0.6263225719752382,0.5862796417249156,0.6406786770564424,0.6083295826706139,0.5672792619115145,0.5448471170815979,0.6209335700940878,0.6233373427510235,0.5654856664058389,0.6247999572860425,0.5940693982561621,0.4999259594960715,0.6062662119024452,0.6181893934586783,0.585786594030109,0.6108482968745643,0.7164837206717894,0.5471716778350144,0.5790727695365083,0.5801693268148242,0.4996708002513411,0.5553650954281807,0.5209420736892287,0.5272009708269519,0.531890447641445,0.5530757569141228,0.5400717993152097,0.515208919802099,0.634053452200516,0.5673183130989938,0.5386170436175184,0.5568301328884261,0.6078134311215191,0.5902925973669183,0.5419162491818967,0.5753001532873638,0.603154331145405,0.5522966823088471,0.5478564471562121,0.5319407525837403,0.6030818814039691,0.6032072765159496,0.5355486010535763,0.5926128730350707,0.5991720203337954,0.6104222025272013,0.5545780056103689,0.5995884443259228,0.5802600361663569,0.6253908788957341,0.6319286342551762,0.6044948810220544,0.5594513346674008,0.5585121169666188,0.6089454530105488,0.4994742241883375,0.6218570974205225,0.5224383075203932,0.5934330949784898,0.5505390270695865,0.5961216715253481,0.5807070488916506,0.6048477469494086,0.5720063163958792,0.5712535109685155,0.5719131068709898,0.634067982830276,0.5381772984255414,0.6653280977258044,0.7128498326425922,0.5806283422893934,0.5791638660632206,0.5779441197915655,0.5448186246688045,0.6003570794962435,0.5972595494630248,0.6018600335532,0.5832398048652752,0.5569563367933352,0.5635637069193229,0.5624321758932087,0.5818401922277581,0.6469033803354428,0.5376471676759718,0.6193647290586016,0.5346076470470217,0.6076210415399262,0.6129789275792804,0.4962580418314745,0.5765658829297526,0.5562350200000289,0.5478715619714829,0.5947630448530628,0.6048347329889495,0.4936255813912892,0.5811150160543259,0.5306818017339284,0.506882026678207,0.6415013098887531,0.5055856761061495,0.5691466114901914,0.6253920623418392,0.5445019872012887,0.6088010938470958,0.5883582274091269,0.6087885850630104,0.5383841414125263,0.6313728281324595,0.511222746108238,0.6797152354155239,0.558574725515396,0.6016804439602527,0.5116600887136508,0.709391351482429,0.6078265732589078,0.5288353195960781,0.674048220166506,0.5045402874706879,0.5707111881980205,0.48885105196379297,0.6017605673745471,0.5350261759845631,0.6592140758744341
