0,1,2,3,4,5,6,7,8,9,10,11,12,13,14,15,16,17,18,19,20,21,22,23,24,25,26,27,28,29,30,31,32,33,34,35,36,37,38,39,40,41,42,43,44,45,46,47,48,49,50,51,52,53,54,55,56,57,58,59,60,61,62,63,64,65,66,67,68,69,70,71,72,73,74,75,76,77,78,79,80,81,82,83,84,85,86,87,88,89,90,91,92,93,94,95,96,97,98,99,100,101,102,103,104,105,106,107,108,109,110,111,112,113,114,115,116,117,118,119,120,121,122,123,124,125,126,127,128,129,130,131,132,133,134,135,136,137,138,139,140,141,142,143,144,145,146,147,148,149,150,151,152,153,154,155,156,157,158,159,160,161,162,163
0.0,0.8812000722335942,0.8738777486049228,0.8261272328982961,0.8718414696092118,0.8710954487674244,0.8769574438507405,0.8667344250539819,0.864590409128748,0.8301311359694481,0.9102387823878321,0.9046674368566154,0.9418010775772372,0.8418693453400139,0.9227446798063892,0.9004966374837406,0.8890197629188592,0.9778087271641025,0.8543871789071568,0.9199000502394955,0.8747758657501317,0.8882680278971029,0.8771102101922946,0.9196347614852292,0.9311035915732795,0.8480645356604516,0.8482500036240553,0.8866521027092418,0.7514653093527096,0.8210906855829606,0.9130139475991995,0.9174619890175943,0.8436610606847773,0.9048848890994794,0.9410598010184007,0.8602760161652879,0.9007641118400119,0.8788661054138446,0.8159647397461219,0.9428797599185619,0.8275730493729057,0.8990611047167293,0.8739662529480675,0.8727453126527469,0.946032889836603,0.9400481067183988,0.8419639384324652,0.8753545070335182,0.9233668802149784,0.8701700174110424,0.8873832559949675,0.8708227676223866,0.7548827414584265,0.8196934803451472,0.8310277958012968,0.8280038580807744,0.8873576532271809,0.893541714713058,0.8375076688741253,0.9054554302696213,0.8124200529668383,0.7691566019209385,0.8412415664204719,0.7707701522667193,0.8233032524277873,0.841836597422062,0.8979465856553016,0.8332509363986736,0.800973183003572,0.8589324841118436,0.9202788561506073,0.8132107246909779,0.8295434678041348,0.9038142315698893,0.8577922163359936,0.864280108747577,0.8335249892960291,0.8242521680362008,0.8258902233068293,0.6819611238608129,0.8256469117289116,0.8747804868905888,0.8253105235789755,0.8044838779213633,0.8568617042184409,0.9177723061214503,0.8441723342664066,0.8132844428327983,0.9074812758229582,0.8294321657220524,0.9190691128346781,0.8905656403497777,0.8722410825147932,0.8439903345211422,0.8239295234657514,0.8017916808476495,0.724365789384125,0.883844712909687,0.7642002379044934,0.923863470162034,0.7889861500953282,0.7959418695188558,0.795316847916609,0.7903991250043849,0.8788154050514415,0.904274154467972,0.8126698414276552,0.8695095711899351,0.9429893744816336,0.917523470095829,0.8914355361071377,0.8660284524930646,0.8723622826819608,0.8312943327104836,0.884487457318037,0.9202058176472461,0.8956297635630808,0.8622904819301294,0.8069510388732545,0.8125453139667742,0.8679470068187229,0.7099562606249274,0.8767234851204957,0.9322214706564038,0.8021513293205959,0.8516481845331197,0.7840271717547398,0.8896777916539425,0.8484316554466531,0.8556972583860797,0.8047514358652809,0.8150974347898473,0.7469706224789698,0.8170240232652914,0.8535228823581099,0.7727882996638227,0.8386727121853725,0.9274756814421017,0.9051110653325203,0.8917612522195763,0.7440765085807873,0.8768454685132573,0.8764607585127903,0.7792693642189771,0.9124973149875409,0.8723792592164553,0.8723851353291858,0.812412270520533,0.8887522292820513,0.6941004467647124,0.9172254112921248,0.7590692076352213,0.8360310688928646,0.8437929559486563,0.8943593423122687,0.9195159686771694,0.9046592714477092,0.886766363302476,0.7992251449509601,0.795249180026054,0.7697318314124917,0.8867038008267171,0.9210784860003849,0.9378055487322156
0.8812000722335942,0.0,0.9083581975234039,0.8358850224199472,0.8177956920524252,0.9371063459718325,0.8412957362180352,0.8424222347734982,0.8775200571637309,0.8398405636498796,0.8485718502115668,0.9440009792721119,0.8380135894961092,0.7373608395426098,0.9065567836783807,0.8002246914718222,0.8461178560216406,0.8245800366646885,0.8904146481083798,0.8495234605676362,0.8900093410358156,0.9503084144293804,0.7696166170205267,0.9400175757480018,0.856845219623283,0.6889671916630278,0.7416585986134152,0.8263473967527262,0.7668886701348663,0.777454873745871,0.8639460623888926,0.8218569973157558,0.8709727563789419,0.8090618681722762,0.8321335277076483,0.8082751212809904,0.7626424958254836,0.7410246301441668,0.8457515552709273,0.882962101179302,0.8600486532511789,0.9482692846580635,0.7068120789350391,0.8085683915380432,0.8461797369693949,0.8422609041709159,0.7697954061796392,0.7652957977557429,0.7895825541265596,0.7997913753073935,0.8282772392847968,0.8537447111999389,0.8199872825553325,0.8703692040745803,0.758802034790437,0.8653895352435745,0.8413520110641015,0.8630737779396873,0.770379034365237,0.8604309266972585,0.8234968859083288,0.6737736619732392,0.772818175011988,0.6707074765585096,0.8043995455147528,0.773778090960788,0.8338739863210299,0.7366365681067398,0.6452104119680235,0.7650171614714326,0.8465247779257054,0.6492767204250537,0.7550398078843683,0.8585900161218497,0.8741015384071915,0.7243809681400951,0.7610572368015593,0.7579128915205507,0.7041497851980351,0.6319434297624986,0.8537456504566581,0.8991050698666052,0.8511123827659841,0.6995454228019222,0.7711670895097539,0.9007004734429988,0.7329576440371306,0.6624874650997887,0.7917056326421388,0.8812369584107607,0.7958789001239198,0.8971702402851763,0.8022619156279036,0.8234653074016152,0.8062481990575399,0.7884335306080938,0.7688569417535155,0.8593656994855194,0.6630442788451559,0.8620851348973128,0.6754186896549995,0.7050427275715855,0.6712320252718694,0.7632912659678269,0.7710686997072459,0.7970681176063809,0.7834206950937495,0.824108872056396,0.8602804378667195,0.9538478146650495,0.8805117947204061,0.735279920275715,0.8111649266109475,0.742665154575527,0.7462658628729546,0.9198641618235835,0.8436673267891476,0.7437294327565155,0.788886511838136,0.7221674963148529,0.7739912960803592,0.6274648878398987,0.8048195182933944,0.9075169353191884,0.750674259835659,0.8199579468281646,0.7686481922471707,0.8371557835477299,0.8158384783322143,0.6992874154616249,0.8293031140935146,0.8369801763144906,0.6307334616438712,0.8710452744895024,0.8595181878435612,0.7252360448246584,0.7646482299274181,0.7851726100860641,0.7826290443877935,0.8195680766669703,0.6975573851821765,0.7883206181049676,0.926538375159511,0.7899979749823173,0.7900720156337198,0.7262738200355302,0.931525037695823,0.8435754495624234,0.8279470008725593,0.6919649570788665,0.8212320245416965,0.7725628797558585,0.8611824023678063,0.8418181693911035,0.880800199212869,0.8526766812955978,0.8889378149775556,0.8817422422230666,0.7427879401114417,0.6710540936871571,0.7077417970443612,0.7962123423206978,0.9104710412826994,0.8997695697759283
0.8738777486049228,0.9083581975234039,0.0,0.8275266868488039,0.8415444920462862,0.9350877179132633,0.7961517386783505,0.8838943138243205,0.8104892226516186,0.833936887416329,0.8891819453538,0.9028148086688919,0.907636409561175,0.7735657635902312,0.8652242212393466,0.8975059142995837,0.8982326971050781,0.8482197803836167,0.8450107682746155,0.855067395130201,0.9240617790812187,0.9474893341198954,0.7483759476335784,0.8974980362397817,0.8481282220502832,0.7963199226731466,0.7481848617647788,0.8235394740150712,0.7507025786617086,0.7501140211279044,0.8237073840777128,0.885886367008549,0.8419006950897715,0.8170562524456041,0.8054445343646172,0.8703943772510112,0.8055957806182864,0.8129355161205502,0.8340555714065104,0.8920716376237442,0.8443853593289373,0.9116065700681456,0.7995330361208586,0.8197453968569818,0.8988919800609545,0.884340748533096,0.8023295994693896,0.840607139178624,0.78816308745136,0.8629116548225897,0.8747049431094795,0.882684180651501,0.7795499112500349,0.8753055927961416,0.8096220598584327,0.8077299782368826,0.8533020147680138,0.9104237751584359,0.7980212730618154,0.8799754731303672,0.8674684543719813,0.7849401753769588,0.8629870145013321,0.7321481824671645,0.8068136274061075,0.83671997234108,0.8735086078465346,0.7940895131727568,0.7487187956880897,0.8143770517258738,0.9044203667271375,0.6712711587854334,0.813673108202399,0.9242320571816288,0.9119396099542808,0.6952066687114095,0.8450168911266711,0.7842321320893393,0.759849479113583,0.6295292318943191,0.8922946251211502,0.8810673922850152,0.8034866935408499,0.7818807486925025,0.8253188118306134,0.8966271848059932,0.8027408610531248,0.7180161925079521,0.803521555044394,0.8159850344965434,0.8554882017578259,0.835846336638769,0.8282190044454691,0.7999072312609476,0.8215433846355843,0.7666409260831116,0.796465137724601,0.8494152410752578,0.6812267047406895,0.8838623629030699,0.6698576357395167,0.8086546884284787,0.7205617049641012,0.7468884837317177,0.8352291059137392,0.8822424136435181,0.8694901032077694,0.8189546975831823,0.894031656629342,0.9225773833854582,0.8761949255909591,0.798656496202159,0.8656412647184514,0.7901102381083261,0.7980341294853853,0.8984653845764883,0.8050986560480438,0.7766756727589484,0.8463039272372785,0.7372807874278925,0.8076606626900689,0.6917473527527119,0.819160229173851,0.8786033284244074,0.6919035013086162,0.8268285824189483,0.8317171601547877,0.890223267037577,0.8657527593075773,0.771439719744623,0.7830657278809305,0.929734775820619,0.6647673367592216,0.811805879151606,0.8753928198399716,0.7265720903269148,0.745298881603776,0.7931039572317845,0.8303544030953832,0.8160922938917137,0.6891100276270229,0.870809330144888,0.8758676970670551,0.837711447493656,0.84568593575939,0.7694376433096661,0.8988685922757494,0.8459240052914851,0.848945425877347,0.750780882699508,0.8181001417382892,0.6965948695169314,0.8562695724588815,0.8674281701548966,0.8749661559789943,0.8666448210246619,0.8478009748410105,0.8812919256808379,0.6892973702529095,0.7140226076348661,0.7500780256971662,0.7263669857086158,0.8888516424463815,0.8643063407489698
0.8261272328982961,0.8358850224199472,0.8275266868488039,0.0,0.7677073980570758,0.9023770044572017,0.8143451189283474,0.8087595088617439,0.7222653052371819,0.72551972474104,0.8843200544750958,0.8618587523782181,0.7917042863548013,0.7489607192669401,0.8510971770243988,0.7619493433171579,0.8360111211888229,0.7859808382952604,0.8988415954604763,0.7641015796200242,0.884336220764985,0.8422457955952529,0.7208280632765702,0.8282164377940219,0.7916190690567798,0.7614346044589321,0.6827726578229389,0.8360046661436776,0.7312013643882902,0.6513154822602054,0.7957462973773641,0.8117155956481971,0.9602250513597383,0.8118096972263117,0.8333759880211239,0.8936428881740385,0.7327232606549131,0.75945111302166,0.8315620675887591,0.8503357801681118,0.9038426382901771,0.7986582324142639,0.7474642749109834,0.890451150395836,0.8085333827603443,0.7953105880249961,0.6659909988356009,0.8069083479635129,0.7641001337186495,0.8217912697085337,0.9167364529836295,0.907387248948938,0.8201212417214092,0.9428856666924166,0.8703696428432448,0.6933797374701277,0.8433088705169072,0.8794033480817337,0.7810534666005592,0.8414739977462213,0.876089381317308,0.7447550652615673,0.8966511899890514,0.6687905953066611,0.8147046517550215,0.817548633928393,0.8320192423301449,0.6821380209261115,0.6697477062080988,0.7794137909866979,0.8273578409183009,0.6624662790174782,0.849171628035335,0.8877214921189842,0.8710198070494642,0.6910939592306844,0.8112521781425133,0.7079375382337982,0.7436271071143612,0.6338572958205458,0.8585884302913446,0.8962368013696416,0.6868189608529633,0.7527678318344776,0.8645762240041256,0.7912665042168261,0.7866699320241091,0.7201747478117962,0.7552643056684644,0.700707475805062,0.8656324158603499,0.8718671086564538,0.8424448867394113,0.832319684945647,0.8782713714941168,0.7288286627186561,0.8018937557002122,0.8206132358639037,0.7045426862191347,0.8758332199706129,0.6953433038231996,0.7674656200129362,0.8216542709762621,0.7573033432001146,0.8779411062104953,0.7382866341192219,0.8295288209929803,0.7312898262335595,0.8074565443181276,0.8043896573629674,0.9405735201400238,0.8184759025165571,0.8981640615816984,0.7462764330552193,0.8407694594688703,0.8196139642593944,0.8247706860862185,0.6958568984281674,0.8968153907295896,0.7656402845213028,0.735776991686788,0.7525415233159258,0.7847941501763263,0.8532019261897319,0.7333399663730764,0.8142422176332365,0.8198495254942774,0.7546250381246231,0.8602512950077549,0.6838978590410923,0.6509620853833868,0.8197155574348757,0.665176073374767,0.8927225551967036,0.8290407192978694,0.691207569546512,0.6303819737434873,0.7840617979636773,0.7399304567493552,0.774636595428719,0.8222447034000954,0.7602904935849024,0.8803975795052152,0.86506530309636,0.7811345463589284,0.7233363009118711,0.7963241328966514,0.7375182374070398,0.7229828217055567,0.6583306988455107,0.8866205465003194,0.8109491138111657,0.8288659356244337,0.6811323748894058,0.8635178133554682,0.7770041670341663,0.7922082253675269,0.8010419078787058,0.8586132004692331,0.7777760493757535,0.7053366928029594,0.7911032000767673,0.7896235055877481,0.8663839018993831
0.8718414696092118,0.8177956920524252,0.8415444920462862,0.7677073980570758,0.0,0.8078745081966586,0.8831743601037942,0.7418972833951253,0.7855560203408469,0.7841864477372146,0.8497523540528464,0.8411342713515144,0.814794732381976,0.7845880365896639,0.8908430741670218,0.8277006642692694,0.801797142066037,0.8565445363916903,0.762924475143223,0.7725349357158569,0.8149905863575609,0.8551981115437279,0.7923406756244108,0.8487188618354253,0.82520586526035,0.8043958782892803,0.7522941116029703,0.7375040532912792,0.7946867196278038,0.8001656942335234,0.8299353229103889,0.8253742618886625,0.8153427740045228,0.765577957384806,0.8517142030385272,0.8179778922068645,0.8239333741418984,0.7956739558048602,0.7832442991686352,0.8620127732058814,0.8075528585469182,0.8434792527712595,0.8148648633296309,0.883313353785582,0.7996528467881352,0.8063568104054457,0.8587648539192803,0.857849193201295,0.8487764528588154,0.8090462668184876,0.8392576237631546,0.8112362064560746,0.7137881320356466,0.7776761454619165,0.802395520743888,0.7762231776209743,0.7844266873746583,0.8473533747738395,0.7694314233280426,0.7984004208993942,0.7032925026853858,0.7493995912910555,0.778061368278087,0.7306902181365307,0.7663972381695459,0.7207304342137352,0.7769955825026448,0.8301470100990322,0.7424789162502325,0.7530000946054768,0.8639244635817326,0.7547509260013707,0.7335512747815601,0.8141689630448918,0.7464407862730642,0.7544375347131627,0.7703658052299027,0.9037258573920438,0.7080294636273443,0.7008638925741116,0.7968508414438839,0.8059027403959677,0.8227295830699933,0.6891198342766481,0.7592266474917924,0.798771844236584,0.7254220406554666,0.757903795448947,0.7564744250991743,0.7494513365837804,0.916942000356167,0.8475115723181027,0.8790677604626581,0.7357765002949912,0.7808235262336715,0.8029578010186432,0.6577272278714762,0.7873462561769412,0.7791971297525081,0.7879473393059696,0.7443786539384645,0.708619857694621,0.749589346859349,0.7613749167571953,0.7760103051096623,0.8014748898913274,0.7205857706752612,0.7599897430868725,0.8814006771148392,0.8371495186021212,0.8314925013280845,0.8055628708715453,0.7708434119455259,0.7170279975301342,0.7744789832142922,0.820936592386373,0.7691730545325978,0.8229219964633112,0.7680663129738154,0.7622699104100594,0.8898675160721108,0.667701493453335,0.761340584936659,0.891044640973398,0.7673903931214503,0.8226230838357745,0.7307589621814277,0.8314612850223888,0.7724787815499173,0.8200030249009613,0.733951768794009,0.76200481129365,0.633260064134179,0.7634641922487753,0.7608101288795681,0.7916102292872563,0.7701310359778009,0.8962669601096638,0.7802493842246154,0.8202269109149762,0.7146912135421754,0.8547692484909858,0.8038215924795729,0.7524979485444832,0.8773204001870131,0.8059465714058551,0.8518139374581377,0.7977932152379196,0.799938028779136,0.6514738571886264,0.7856435706304645,0.7539034802875986,0.7600570519262391,0.8247175153441171,0.8207294261971081,0.7965596454168359,0.7801654810548437,0.8392219270917284,0.7692288051784176,0.7500950919596855,0.7408331980151988,0.8044474062170072,0.8524312073817889,0.8774551357184858
0.8710954487674244,0.9371063459718325,0.9350877179132633,0.9023770044572017,0.8078745081966586,0.0,0.8197928782938962,0.895487084908812,0.8331512532164093,0.8243729583884662,0.8966792276394436,0.9374648293915885,0.8767031527364575,0.7302308350056445,0.8893667290223845,0.8421120081629029,0.8561176906136778,0.8110675490993324,0.8849464195874431,0.8073499456906932,0.9000079550760116,0.9286430533804446,0.7374952860087907,0.8936558574058228,0.8574795101394405,0.7538196596121363,0.7365456394404429,0.8324839828270658,0.7634197448083572,0.7591419188346507,0.855242623574656,0.8473070674244382,0.9255342406446962,0.8078946211697609,0.803108183253554,0.8287258143097794,0.8022804086031297,0.7728156936987195,0.8488480567675722,0.8643702279713508,0.8678748933252807,0.908183964524152,0.744632933093354,0.8464277261308317,0.8580278324870069,0.843597597462783,0.7436727350100165,0.819207702945474,0.7671380194873013,0.794299382080247,0.8677525228076732,0.8895957086332441,0.78637376108339,0.8992589813222948,0.8067974825869497,0.8265780876929243,0.8352256317762784,0.9329772338717022,0.7408937208909572,0.8424291640032276,0.890818575271065,0.7263464737153319,0.8538983225876308,0.639183690895776,0.7764508648937246,0.799080615347421,0.8563126617147292,0.7667280249258532,0.669857099903448,0.8373325885051205,0.8765787264777842,0.6277656801663186,0.78229533639454,0.8935468285746672,0.9115357979700897,0.7124551718215402,0.8151263931752267,0.7753127233732693,0.7444476318987736,0.6775761012981676,0.9253219929047973,0.8971886344689894,0.8318619402759002,0.7787289266202456,0.7970664509474757,0.8891562815550083,0.820393732275728,0.6794884383564644,0.8104697731946187,0.8431304430086297,0.8389503598212569,0.8722852803148063,0.8084620522344415,0.8102343001620875,0.8101492235152375,0.8100642300881555,0.7891765485108815,0.8535525032824028,0.641418727508032,0.8778900172569528,0.6778815390107024,0.774511342407957,0.7181076953513094,0.7754347489492682,0.8098790591847302,0.8154075399149316,0.8187036876035555,0.8069397557568522,0.8431075040597807,0.9111515042421217,0.8983028940388429,0.7470971439417565,0.8771694772065711,0.7910327916605941,0.7926033119924476,0.9127725452059999,0.8277756365639398,0.7227658391459213,0.8376812545244573,0.7667550427776133,0.7466849724771404,0.7264588117675985,0.7897218088049569,0.9256858883715443,0.7080734009712137,0.8684441998222965,0.7841055410204839,0.8602690486963436,0.8400575858542458,0.7025184373529734,0.788359998786505,0.887662880904936,0.6868177966480863,0.8712029637064709,0.849108974230826,0.6902480520904895,0.7305759570303925,0.7688157884168083,0.766291662958125,0.8216656425193632,0.7629565309090875,0.7968629375454963,0.8875009475209156,0.8039955824301511,0.8138815051436357,0.7273903171295495,0.9076084674699786,0.8731544358367885,0.8022734968745938,0.6835770469264798,0.8513375492203344,0.7725005817699646,0.8286554870379605,0.7916759181680136,0.9121672074672266,0.8701662969311921,0.8746545592139604,0.9228601160337525,0.7623672540259573,0.7217711046309647,0.731771965938045,0.7815481778726143,0.8927637444130825,0.8937502314830671
0.8769574438507405,0.8412957362180352,0.7961517386783505,0.8143451189283474,0.8831743601037942,0.8197928782938962,0.0,0.7388176956493376,0.7842062513823395,0.869193701578422,0.8155283942596471,0.843014599060159,0.8329212614808328,0.8384364874820016,0.8826200649450179,0.7774339486976715,0.7768507078340281,0.8549390298753256,0.7640368489404056,0.7407674011528352,0.7747471350431454,0.8175389842341981,0.8556008028039807,0.8239732115421514,0.874835401311325,0.7639672188929798,0.806451201856216,0.7685475443363005,0.8080240371903796,0.7865896581298283,0.8432912003509869,0.8709573075285338,0.8389120451646369,0.810108628606936,0.8592757321239135,0.7946767740043246,0.8399219436924721,0.7107792949240659,0.7350582296202699,0.8864869661519817,0.7545568631398291,0.8663590461095672,0.7602066950581935,0.8525160578207129,0.8101765557612693,0.8022643194519458,0.8441260416368989,0.7974115526969177,0.9088793260506831,0.7588449545521931,0.8442263706164174,0.7786414541946791,0.7089333318364761,0.7755741810349548,0.8137814443116973,0.8277674460228194,0.7525363936122887,0.8055632272165847,0.8276629659279294,0.799679766828252,0.7111280900720789,0.7363008526050828,0.7231863168395051,0.7011239267481528,0.7443828435436266,0.7094587036369617,0.8366308432988087,0.8328203015531803,0.7268362558764037,0.748595582513161,0.8195860175151322,0.7498624769527416,0.7585423138476508,0.8252400688488607,0.7206772164363339,0.8481747416610491,0.787882607941002,0.8987742790660398,0.6597445567730741,0.6862557246356819,0.7567207602681297,0.8032594138076683,0.8157398714806191,0.6483603200502953,0.7468310413432832,0.7578538346397238,0.7293387476112916,0.8133413888054856,0.8271800994812478,0.7639325534802829,0.8870890460236169,0.9397447907245431,0.8499359351032671,0.7397475122659676,0.7934708646908376,0.8306279621904485,0.6312376698590414,0.824255662876739,0.7761235001613846,0.8667371847288793,0.7618187111081705,0.7034156096012403,0.8003862732343263,0.7859083060670898,0.75916127037461,0.7621810961906909,0.7056177722734049,0.7712473722642771,0.8879375869683059,0.842797852978279,0.8630697271643307,0.7595044791104918,0.8253742020294773,0.7245193186921663,0.7443168299115074,0.8113216901034255,0.8140604402523648,0.8232581872494151,0.776056361192221,0.8200013630569927,0.7627445282541985,0.6636789432903011,0.7470371858968048,0.9040711251151738,0.7459109141752037,0.8291628661127111,0.7568200446596274,0.8076766778817521,0.7683528626669037,0.7712876145097324,0.7527350445901888,0.6970327362842843,0.6341553043711751,0.7348815513340271,0.7192230511240244,0.7042354920265167,0.7329412169686041,0.8715952618186054,0.7581929929260743,0.7834683396865196,0.7580844346223986,0.8384974819919062,0.8537116696418903,0.7356373616932718,0.8261153638998365,0.8514587710185234,0.7919908539281725,0.8076876079239473,0.7953774919336755,0.5840957493172516,0.7824401188347473,0.7923392867522362,0.727049598197146,0.8401721077684109,0.8215151572658564,0.794894257161745,0.798090447083832,0.8546085346166866,0.8482168451328538,0.819343681127286,0.7927057467532297,0.8402096090157292,0.8627145317994104,0.8251555005828581
0.8667344250539819,0.8424222347734982,0.8838943138243205,0.8087595088617439,0.7418972833951253,0.895487084908812,0.7388176956493376,0.0,0.8707162540044532,0.7947395151777229,0.8595575211931206,0.9007000166283476,0.9022628489308325,0.6978429093543469,0.8678172004427535,0.8760844288596,0.805940203009853,0.8351786332063487,0.8252378436326311,0.8329190219333,0.8260556229894774,0.8632942032000311,0.7467806859521953,0.8305714746249558,0.8604820430861119,0.7820396369758935,0.8216489598882898,0.8202831311981756,0.6781003056750097,0.798347201128456,0.9024936978868529,0.8385899607301615,0.8387841035128593,0.8133955716993706,0.7739282828994364,0.7993623840209997,0.8526631492026625,0.8470680773606544,0.8374315929122594,0.8025060498447684,0.785369111583944,0.8277332442611519,0.8122471845754736,0.7627876634324617,0.9271318525202665,0.8844869013395485,0.7248671139737044,0.7982297563424573,0.7564278165734002,0.7833350249219145,0.8114665154707117,0.8008726707654947,0.6915973433508713,0.7991586993828992,0.7802314927200122,0.7869302468849326,0.8109929608324719,0.9313033512952085,0.6935829897561094,0.8321218625091307,0.8822036800232524,0.7359142967979275,0.82973084764011,0.641939748887413,0.7261603727425234,0.7966045315157552,0.8482698871423822,0.7822419692068027,0.7303183370563755,0.9470474713378896,0.8714878263066232,0.6485410934317757,0.7312672778831716,0.8553998009924401,0.8909776331404592,0.7184537371389341,0.8184016657964045,0.7316635483857648,0.8344166288095822,0.598961740576792,0.7874137639272286,0.8475855524711817,0.8196167686307503,0.8496437670019564,0.7648161867604234,0.9237316010594196,0.9205481670573739,0.7120878696652615,0.8777965807600439,0.8660550060015274,0.8077144766042088,0.8018665031979653,0.7627041982924333,0.7570926423686137,0.7210149429075174,0.7969342586996866,0.7707369828314841,0.8151696661788489,0.6044928229897276,0.8476406673281867,0.6934035649645988,0.8720919438159498,0.7114089898395818,0.7660121280466824,0.82220334707833,0.8691270125549436,0.8108721052637268,0.8072964322138362,0.8158522586037913,0.8332873378728195,0.8004812526185238,0.7461485004703151,0.8051892810519402,0.8921168096921156,0.8075090981079159,0.8718634259507432,0.7724391730649914,0.753513721098422,0.7289110732538103,0.7545361159186724,0.7239545038169772,0.8130561045812822,0.7408659538616702,0.8622675918796558,0.6446448252082888,0.8540614064408507,0.7245905902455075,0.9339267535190021,0.7870888976691138,0.7590692135503675,0.8130306544712658,0.8522185574000449,0.7867783799788731,0.7890318416913803,0.8353337416503983,0.6451792801152869,0.7790439599033663,0.7641843710712405,0.8301295722085762,0.8999586831910174,0.7293005627337937,0.7629386899102065,0.799661092320468,0.7494820029834584,0.8137061944423073,0.745917713685756,0.8828409191400546,0.8438163797844106,0.8243867996428457,0.6684228726769644,0.8762806553862831,0.6779694902874422,0.7928881430989855,0.7876339843928851,0.88441855956534,0.9429224485797442,0.8537833972692871,0.8850836047250142,0.6825501889211124,0.6894316145319415,0.6738325548873776,0.7233124883782402,0.8991841210730475,0.8320092532827015
0.864590409128748,0.8775200571637309,0.8104892226516186,0.7222653052371819,0.7855560203408469,0.8331512532164093,0.7842062513823395,0.8707162540044532,0.0,0.7975810584797765,0.7686042134426683,0.8545955038094937,0.8225953950436157,0.7090893673690433,0.8923862658435715,0.7637613685813845,0.7163381685068365,0.8163689362152732,0.7467302132543653,0.7851178045361157,0.7454472776343732,0.8727357478924325,0.7362218637723074,0.8188732627919317,0.8248039702220649,0.6755102171880771,0.8162655227835491,0.7229302250856824,0.6695548768099746,0.8585069973196295,0.9125977601386308,0.7611968539575852,0.788508739497065,0.7222387624994457,0.779413909781676,0.7113391505711687,0.8176751277279346,0.7486921194320468,0.7768956278985379,0.7685588800447117,0.7229686552630289,0.8842570091323627,0.706942190713837,0.7201264077929749,0.8273825453566382,0.7967251764340029,0.7676591828389263,0.7146660179397449,0.7434881398149065,0.7192103611729342,0.732828467424883,0.7220136124430487,0.6805284912956531,0.7232055754022245,0.6802705222651112,0.893766133596328,0.7366682737380478,0.8214081768210277,0.6735042468070443,0.7658117467429326,0.7470237183337111,0.6642628950188336,0.6931476579343129,0.6159186471544685,0.708840659521165,0.6867842688637174,0.7998736971775233,0.8127670823416078,0.6648495073745335,0.836467090080055,0.8439573737589031,0.6430082397235958,0.6658159686324566,0.7607328053306985,0.7730933159977946,0.7241538614961672,0.7138559247355567,0.7500191020664413,0.6895531998334771,0.5824164931316271,0.7137205888191933,0.8359478545186466,0.9172623616601424,0.6868287557091752,0.6650369767494827,0.8824918271497707,0.7844155169804038,0.6784434686196105,0.8049005724942259,0.9590959937523399,0.7658347844675595,0.8461263546059453,0.7151989254279818,0.7006935392245104,0.7001130100640796,0.831459501244942,0.6876594832440605,0.775015806420614,0.6342161792824426,0.776837618637068,0.6863806629698792,0.7099508096780129,0.6353142649820898,0.7339900458851202,0.7188061282755417,0.7762050440959624,0.6733883993781684,0.7691287502755512,0.7789072511406719,0.8307213682539655,0.7340837688499223,0.6759137718019818,0.7307247396531603,0.7879114023158819,0.6884799365028333,0.848976871288425,0.7215304542134454,0.7262335664059477,0.6388685535929024,0.759093600327345,0.7300037634863916,0.6846165854032364,0.6912874433633593,0.8488472142463858,0.7135049730103561,0.7773002727995717,0.6744098457532353,0.8826049464558813,0.6752858776754326,0.7370719510380086,0.903730897736116,0.7476926258113334,0.690220025133948,0.7854008130622658,0.7629529159287158,0.6744930486688046,0.7988610144004784,0.7628753024866686,0.7484385482949052,0.8448184366919763,0.6800510601628839,0.7325331903799834,0.8104376989664543,0.6967164393490691,0.756318425588318,0.7311990672342361,0.9326725124677991,0.8127627830637592,0.7860301144304372,0.5891453634674498,0.7857490394893527,0.6774412142868061,0.7433260669418448,0.8375564233393589,0.8023005697341544,0.9095860238685355,0.8296068154671989,0.8546619471511451,0.6865161662278523,0.6246639640502707,0.6400743587757461,0.7497322020924395,0.926885689856211,0.8328314961677213
0.8301311359694481,0.8398405636498796,0.833936887416329,0.72551972474104,0.7841864477372146,0.8243729583884662,0.869193701578422,0.7947395151777229,0.7975810584797765,0.0,0.7789985246610618,0.8488238115981637,0.8609487686536529,0.7663138996750525,0.806932188554927,0.8215802621016166,0.7565024551373682,0.8241610045206675,0.7201627814061828,0.73714928867037,0.7261638175943158,0.7880415220419626,0.8494851198119817,0.7775365668977399,0.9305916877833129,0.734543498334277,0.8713020303857875,0.7602141687325531,0.8476352581675447,0.8420683560408199,0.8368888859233001,0.8542504422666762,0.7664841216474214,0.7919127355760724,0.781222608602341,0.7310373280978985,0.860639548360762,0.7253616054494374,0.6833584207272615,0.8107477131670466,0.6975202112908969,0.8609362942586626,0.7412016052683753,0.7533617485068039,0.8302011939328932,0.7885619127202123,0.8576710275633913,0.765765274153165,0.848227758775182,0.6851855733850083,0.7322385354516834,0.7173619163216342,0.6217058164448677,0.6985297955503542,0.7459250516850041,0.8821396256838555,0.6877941206424576,0.8145784990360565,0.739315799298714,0.7364539746885892,0.6939964081755174,0.672012970785504,0.6757568270140865,0.674167791607216,0.6399625587342562,0.6593452188054341,0.7782233147661427,0.8338295251193647,0.7570665097422541,0.7999686402108496,0.7545527871767531,0.6870900392989124,0.6809977191711213,0.7665270633950884,0.7270721415358842,0.8162740864496963,0.7272083770180153,0.8768739999731339,0.6753599120314352,0.6499620089367103,0.7531575337035666,0.7145886427153538,0.8623162269704419,0.7085406733965305,0.6759240053795309,0.7967436695238727,0.7520984160212266,0.7342357828201294,0.8751155903209118,0.802260723564788,0.7919362654060935,0.8432612678193557,0.7569035428530136,0.6592528159382779,0.6719746723832996,0.8851749079881774,0.5925937448212674,0.8490560552195099,0.6564121750045102,0.8151124523062825,0.7017438743875165,0.7009995388188501,0.7206326615874106,0.8484186020830871,0.69434691617937,0.7942126067503128,0.6777172996582617,0.8569447598611297,0.8410067064141845,0.8401665305465196,0.7621470835011713,0.6724023947607759,0.7576104066357094,0.7828244652311191,0.7002838588371068,0.8105465074661772,0.7993875196146082,0.8220968195693046,0.73062774311954,0.8207332761749552,0.6691271588485153,0.6679446040788849,0.7175373338606705,0.8397723961334632,0.6440311424287141,0.8637024962112649,0.6739977133993832,0.8303242815518677,0.7776530734746022,0.7524204491907484,0.8726198132239853,0.6882722599921991,0.6428628927785761,0.6529904013671105,0.688288379636387,0.6177656397578479,0.8095164912608512,0.7878912637779855,0.7990549138277174,0.7740786924198455,0.7275519933367148,0.8148331854283084,0.7556344696199511,0.661334924080544,0.8100425944811914,0.8271171303879603,0.7723593308257054,0.8637357759412415,0.9023202126681913,0.6346291071383577,0.7178762341511113,0.7381970552694787,0.6732513548140553,0.8867577500377618,0.847263096170159,0.8041392184810665,0.7742879671230596,0.8907949984278103,0.7225131693881005,0.712612335432429,0.8437554918355659,0.7796425619466247,0.9023827138562399,0.7404615147175246
0.9102387823878321,0.8485718502115668,0.8891819453538,0.8843200544750958,0.8497523540528464,0.8966792276394436,0.8155283942596471,0.8595575211931206,0.7686042134426683,0.7789985246610618,0.0,0.9060469339265663,0.8990787721531166,0.7905334259030165,0.8897836873923632,0.9187318551058392,0.9054917837081693,0.8859586979070107,0.9063805304571595,0.8702871492948665,0.9079021016158513,0.8923528130100411,0.7889370378548051,0.8883318480752324,0.868179307168009,0.8274193988616577,0.773046952546116,0.8921483592232425,0.8076949280210954,0.7546153465233529,0.8616745108425974,0.9089963041942369,0.8761419815150511,0.8605655713318349,0.8787358000574778,0.8993192786564909,0.8470566930229686,0.8965209605973976,0.9020603267069137,0.8950796523555382,0.8707905142647043,0.8182294205198526,0.8682230858650601,0.9105577341171608,0.8860168909281674,0.8760132162918631,0.7186123095850651,0.9355642304662075,0.8602385425287884,0.8769417589893724,0.9245116336996841,0.875341393578746,0.7841112954563655,0.8955595749400622,0.9325254794141359,0.7097819958911784,0.9081205913917606,0.9381492932284758,0.8011612659417621,0.8962553867456741,0.8913943198716346,0.7728610467257105,0.9109526788286384,0.7338715365705418,0.8205211429898188,0.8568450300030024,0.8604305052107172,0.753891627334911,0.7608899291862535,0.8608069636950645,0.8842813305312377,0.7566792180896338,0.8289287443777089,0.9207521502922087,0.9133599061384896,0.7763770180851186,0.8881494705330265,0.7918702287047225,0.8182333724728151,0.7195923941622739,0.8694758499266626,0.8589777976825936,0.7561742305767533,0.8436536958782134,0.8757492054648556,0.8533881518985736,0.8653568480886885,0.7698693469387149,0.8285607236013255,0.7388246972308435,0.900858292933277,0.8146507132327961,0.9366522551863922,0.8700758851070041,0.8373025634644089,0.7614970241233106,0.7853555307273898,0.8025446004791663,0.7133850145437013,0.8633656391803104,0.8094422889611376,0.8541393908439201,0.7757046324533302,0.7556956300539085,0.896539331430297,0.8328085910758394,0.8632044572188009,0.7922412964434986,0.8698466263785779,0.8696150809025464,0.9284104170472229,0.8605394309279168,0.8736876073158784,0.8656058633551288,0.8902324008858712,0.8585962045266602,0.8488772848833502,0.8522884972421229,0.852639391819641,0.7463470083509686,0.8597612146795002,0.7469970634798504,0.8291665293334338,0.9159788615176622,0.7746236068796724,0.896005828249651,0.7753332914474722,0.8578726429890651,0.8810353772801389,0.7944826088984056,0.7017791929879229,0.8751998765734724,0.7897445607371031,0.8514654469375668,0.8963500728098351,0.773383446385614,0.7481735279563843,0.8546989210925254,0.8515965840597538,0.8955146635991516,0.7779531734411527,0.8844293951013281,0.8438724013819733,0.8336044943763928,0.9220554757194498,0.7561625289141033,0.832396513927276,0.8169992229238191,0.8201901239107053,0.7404880233670047,0.9353377496174728,0.805705494518831,0.8733345431931974,0.7376478496847809,0.883438898566581,0.8736542834382639,0.9026567373080991,0.8443397448275467,0.8096985824022942,0.8291060153383092,0.7172222999273458,0.8322209576964837,0.8326873774628539,0.9345906357879828
0.9046674368566154,0.9440009792721119,0.9028148086688919,0.8618587523782181,0.8411342713515144,0.9374648293915885,0.843014599060159,0.9007000166283476,0.8545955038094937,0.8488238115981637,0.9060469339265663,0.0,0.8708088441138394,0.7060678962693854,0.9222946724820192,0.8751426330386268,0.8717692238768441,0.8557436539930571,0.9221308520027006,0.8638334535393626,0.8955763472442853,0.9051908488504984,0.8341057495640896,0.9422813450486469,0.9200967026448711,0.7647878276113504,0.7999332862568536,0.8761727236850652,0.7924806370736425,0.8336531363830086,0.9151783510841912,0.8521396164914642,0.897233824507008,0.8784582364550105,0.8501460810384449,0.8320531460596183,0.8267347221303283,0.8169338430797433,0.8744644956417148,0.888981711909384,0.8866134509541661,0.8998342153809746,0.7882745792170052,0.8556334193781527,0.898000262699157,0.888007806438009,0.7774811440630457,0.8293293799089877,0.8360119243647361,0.8014005835657094,0.8478562677799156,0.8732792440580858,0.7543456812596367,0.8588649109916802,0.8141268310079334,0.8274742562390985,0.8595567470655344,0.9507971589180448,0.7381146653002238,0.8647628109423491,0.8308545781738541,0.6778307874089803,0.8186903825430222,0.6685286496042937,0.7630144986374098,0.7803791050160722,0.8171383020503317,0.7479952679698597,0.6834948536071745,0.8463472062384284,0.8460644696459488,0.6729797057793943,0.7379214883338647,0.8674626814169771,0.8858724465397182,0.7619998129416737,0.7899185734321813,0.8077470738700326,0.802066452543587,0.6708858943066639,0.8533445493509432,0.8654966183427738,0.8591346965386002,0.7799859723290968,0.8003850696913822,0.9346793940874929,0.8030779641954258,0.6861197687351434,0.8586861778250383,0.8581565589195522,0.8459578811745958,0.8765543808144873,0.8414852904453654,0.8168525402366221,0.7608790239009778,0.8282771858215162,0.7398337642633928,0.889710376030643,0.6456563953026793,0.8667827552051476,0.7094780805580151,0.7655227321611991,0.7258028260397057,0.8342655493557424,0.8009335128467271,0.853894172208642,0.8031265106407537,0.8752097008100209,0.8817200262277753,0.9333563104144923,0.9000214119462792,0.7719927133124443,0.799557477300645,0.810519674755588,0.8188144696015531,0.9370082307033848,0.8801532576447413,0.7956902423990585,0.8027197584307556,0.747746443391274,0.7854593645949264,0.7045587135082166,0.8145144280984312,0.9463137655434956,0.7101724205432611,0.9077000045902449,0.7274725872499275,0.8872799779350131,0.862793032401546,0.7294469635005573,0.8219313906312792,0.8323635341099334,0.6907735329168238,0.8430280784527655,0.8556323948125146,0.6939042628605313,0.8265601052594557,0.8316869355923328,0.8465849309313923,0.9067253520961238,0.7433403539730343,0.7871420807783286,0.8665405346319788,0.7581274545972053,0.8548963070430374,0.7636395649841119,0.9147669474335838,0.8739149714587533,0.8778197047910531,0.7140921178597187,0.8850350187933314,0.7934032916372719,0.8454693008947227,0.8156648459476692,0.9634919828438886,0.8825434844443222,0.8986656502931405,0.9346683141563701,0.7615510935347859,0.71200306025613,0.7145267901823761,0.8269491275646245,0.9261164151031998,0.9189766091520272
