0,1,2,3,4,5,6,7,8,9,10,11,12,13,14,15,16,17,18,19,20,21,22,23,24,25,26,27,28,29,30,31,32,33,34,35,36,37,38,39,40,41,42,43,44,45,46,47,48,49,50,51,52,53,54,55,56,57,58,59,60,61,62,63,64,65,66,67,68,69,70,71,72,73,74,75,76,77,78,79,80,81,82,83,84,85,86,87,88,89,90,91,92,93,94,95,96,97,98,99,100,101,102,103,104,105,106,107,108,109,110,111,112,113,114,115,116,117,118,119,120,121,122,123,124,125,126,127,128,129,130,131,132,133,134,135,136,137,138,139,140,141,142,143,144,145,146,147,148,149,150,151,152,153,154,155,156,157,158,159,160,161,162,163
0.0,0.8840975285551175,0.8306433813293098,0.8469216335408334,0.8267898528183525,0.897287157093355,0.9178796667611996,0.8594021874899658,0.8637697075210545,0.8240910452780518,0.8935679008196716,0.8750050264587167,0.919953977505499,0.8371155291969,0.9424572655169806,0.8155075993679138,0.8920665080067189,0.971418706503678,0.8596623680214862,0.8043557046279521,0.8871976130753678,0.8779970137908195,0.9067308884008967,0.9028677732339107,0.9087956711741968,0.8791533252879734,0.8453123596102681,0.9050122348837637,0.7708462260162405,0.8097081922507358,0.9045781186370137,0.8904684514232533,0.8527543884783024,0.9336696676916095,0.9195720691526663,0.8730080428188766,0.928255334340694,0.8836223471811832,0.7961122625469632,0.9524453880305978,0.843447234694988,0.9285690315211562,0.883147365105676,0.8803963458578352,0.9235541759547081,0.9050108117294291,0.8516986504977792,0.8652031618579507,0.9317800071879356,0.8380103472010002,0.931574231180833,0.900796400830921,0.7999969630218977,0.8791699078611941,0.8610856290061377,0.8988332989848701,0.8756113094342289,0.8762537052666967,0.803384098176302,0.8604883857565698,0.8419880871422095,0.7766861017456977,0.8929627256759954,0.6865704952667989,0.822081008556154,0.8021201335510162,0.883550843032521,0.8699952205742095,0.7966569392058515,0.8815598000201628,0.9206931152176213,0.8127695761173284,0.8526215096139678,0.9205758118107438,0.8633078184245419,0.8981367864431516,0.8057314169682278,0.8321252937995806,0.8745042069895165,0.7318184560435279,0.8499031326703231,0.9224220788667802,0.8446519075558504,0.8387110575023246,0.9123785690750246,0.9079506066887615,0.8816322848359681,0.8248574000097948,0.9202562710069713,0.8241049175047644,0.9170251336710006,0.8892094621605996,0.8763603690596242,0.8437905765235656,0.8943744966602977,0.8403021288413799,0.695304125132503,0.8741160085897709,0.81274010148277,0.9404944528602726,0.8289860524185814,0.7648060019093963,0.8327184272699667,0.7881072009825382,0.904799681331063,0.8487270141239022,0.7910311324620204,0.8935470034547962,0.9280913804869665,0.8942612126527414,0.9190413634779735,0.900145123036725,0.9268465227273924,0.8038794596563771,0.9248815673776614,0.9278140374791988,0.9072449207440754,0.7702685261529341,0.863571651174171,0.8320770378656088,0.7551476948965982,0.7981651526160578,0.9229562595727392,0.9240692212091483,0.8605498584266467,0.8428605350315173,0.8023543324133752,0.8347655544318568,0.8553649607851107,0.8334018048785937,0.8193227798527344,0.7641547661459945,0.6918906668203276,0.8463074636258496,0.7975733871614218,0.754472497861277,0.8019921493103033,0.9476798469368484,0.8651557986128958,0.8626514837381967,0.7893719377758909,0.8067932594173964,0.9224055023839449,0.8212361858229553,0.882854362704612,0.8975503977610497,0.8748315497051937,0.8056659739376256,0.8438919143306668,0.6140947255727228,0.9156987930572126,0.7957665682893412,0.7807519653813705,0.7804140384406876,0.8685498951301389,0.9031628617838339,0.8432309152780576,0.8958883167800289,0.8217563902723476,0.8787809083306468,0.844524192578714,0.8711332977164957,0.9189012864875011,0.9204594965866791
0.8840975285551175,0.0,0.8823576317812075,0.8490843062304902,0.786916487071006,0.9460236876017379,0.8683226786360444,0.883980939295359,0.8514559047811611,0.9059862877808724,0.8966437731374723,0.9555979717848906,0.8350176035093697,0.7461859874630016,0.9326374124363699,0.7904472349184427,0.8676692433590606,0.8402184239777806,0.9314704518905391,0.7791217647168506,0.8966107073587796,0.926866462114852,0.8467245278141771,0.9089831030609452,0.9278541313138182,0.7554692654793708,0.7913313719785444,0.8855389963036976,0.8717156555963372,0.7922152904669418,0.9197585411252732,0.8349923146325112,0.8749974691991836,0.8779533501505405,0.8772485017217315,0.8823540121221458,0.8329085460917306,0.8482977490815495,0.86248533169496,0.8733831050741988,0.8975216970948231,0.9254193337058858,0.7818997277332588,0.8665384374442495,0.8712544058568387,0.8040398495029292,0.7818035458235139,0.841886016797987,0.8472915070091389,0.7686892168869468,0.8511122580961082,0.8667835791416278,0.809835492898564,0.9237663449865627,0.8682010675480515,0.8917780191692255,0.8141871116545055,0.8980445851055358,0.7427667295471138,0.8026172665512128,0.8586455923816118,0.6690033478292224,0.8382481137757097,0.6584623284879659,0.7476110065972829,0.710734073680454,0.7778838709235216,0.7615768776985609,0.7075073119626918,0.8546897167389872,0.8106372798254765,0.696739341978651,0.7546228582546644,0.8515612737499716,0.9139512755208955,0.7834051606902153,0.72427562116316,0.7986633076712067,0.804409636177472,0.6857941483742739,0.8729575298652542,0.8787566791811982,0.8570010765217843,0.8318078217166499,0.8161939728114184,0.9312133886336099,0.8137150596321252,0.6930866440256537,0.8439131825316334,0.8323835550368357,0.8262580591380156,0.8787583869927102,0.8662838516092611,0.7842491970914123,0.8140165433618619,0.8825635745532175,0.7242872779924376,0.8947770239176689,0.7177617373635331,0.850994797451676,0.7848508883847658,0.709796113552008,0.7648856980378641,0.8483030758289966,0.8188966083338937,0.7605365406990947,0.76424777814633,0.9301119943682279,0.856390983128798,0.9240921250186602,0.9069542199502789,0.7813247255771626,0.8369267231491803,0.7995803000590906,0.8258910439347071,0.8924745954311613,0.9033971944882725,0.7597027280216174,0.87407547982912,0.7848657725685781,0.6832014774857195,0.755424237422313,0.854177113368088,0.8872144297329275,0.8083957780403362,0.9006645658110062,0.718368677590254,0.8035905977905964,0.9165750826603937,0.7310797406794995,0.8740748717037218,0.7647190736959474,0.6094045337970497,0.8645077036223592,0.8447738622651836,0.7107846754547981,0.7988453850639101,0.8593226403633962,0.8562671347012141,0.8653392021812769,0.8025467018216916,0.779174381973682,0.8940828207566586,0.8384356783471689,0.8605371376914722,0.780074230003998,0.9032439596817298,0.8380571400540757,0.9159358094216382,0.7025519754501172,0.8566751812300871,0.8546932443864044,0.8037472371812657,0.7665651826126015,0.9152782498546687,0.845178562204818,0.8115386147668643,0.8912081986208006,0.8013746284962233,0.7429340584345078,0.8329319074552629,0.8442658300836942,0.9497972161481387,0.8667915898195794
0.8306433813293098,0.8823576317812075,0.0,0.7366672930928092,0.8733923046980739,0.8881190012073972,0.8075464455799156,0.8277285973805176,0.7407926076567042,0.8584778909074732,0.9112645795721493,0.873911101702494,0.903445371048182,0.7400194785297803,0.8643062851505838,0.9334031010871621,0.9291190656074038,0.8248562044103706,0.8074004769542057,0.7830765384440359,0.9371720127511369,0.9676619994404819,0.768099295525909,0.9088001078417163,0.835749932089786,0.8327140279875305,0.7347343317850364,0.7779152684334499,0.8399924891258385,0.8126864656098861,0.8023106822948539,0.8999257866339531,0.7633588417616834,0.7960120401553072,0.75736668867876,0.8576797725596412,0.8638947637675644,0.8767411637508811,0.8791417477877814,0.8811128800332554,0.8154426768300859,0.890966654707863,0.8854245861087975,0.8265564733741242,0.860654145125018,0.8529062408351843,0.863963014050551,0.9160511241881059,0.8274044095072021,0.853238399876608,0.8703172092242943,0.8315855789032918,0.7608082125555852,0.8678544639550477,0.8642476621490366,0.8148709201476511,0.8349312244733295,0.8810370946156771,0.7503277304149044,0.8257642871317282,0.8376907616491898,0.779968890744344,0.8619305332795298,0.7114916089458938,0.7654784075078276,0.7661749405747978,0.7853153765026117,0.861386273048259,0.7876065250472892,0.8003566231057119,0.8861925376953571,0.6958245688521737,0.7326181576571539,0.9059205618418257,0.885549647892214,0.7147742484389793,0.8466684651569817,0.8698611108733763,0.779651627859705,0.737146870008232,0.8827145481103502,0.8039515806668825,0.8686844617493573,0.8076643361372651,0.8044085503809356,0.8597485620958863,0.7899256035880998,0.7098781697082994,0.7691095310892861,0.7715606223622608,0.8314293612020053,0.7504133188744326,0.9020236292798084,0.7577442348126089,0.7862022772803661,0.8016500571403148,0.7354255713731609,0.7717835930850637,0.6959833106059256,0.786737142043527,0.749021459133253,0.8152905278898736,0.6976375145137487,0.7325555438631948,0.7793612620590162,0.8825172695364566,0.8643188864519563,0.8324826566531586,0.9068839955763073,0.9421778883982468,0.8523164941264388,0.7990294816573416,0.8013947655815808,0.7687994253988458,0.7845470635924823,0.8504453800330622,0.7674431635357559,0.8437454548959571,0.8394201676928792,0.6855539500876856,0.8093039061648433,0.7030078942353898,0.8182123336686157,0.8760927698974662,0.6974476646423491,0.8562570474166115,0.7593186382688619,0.9114220707813842,0.862059049767091,0.8323334278812436,0.7835630468401843,0.9111955980913393,0.617886719767515,0.7365512039514372,0.8632265693619248,0.802252641245395,0.8195074884830804,0.824530748865467,0.8545482018493552,0.8524946973736485,0.6887714874615867,0.9002509070163904,0.8075837400657314,0.8306162404593298,0.9215946416912276,0.7576573244856916,0.9011277089162468,0.9009500307026586,0.8844330966508199,0.7778150355799396,0.7502746560753126,0.7242567103613438,0.8205175338605043,0.8774014374699152,0.8217787833310681,0.8465289861895509,0.8128257316332164,0.8741232848324556,0.6738743605869021,0.7683848966198392,0.8101749698140897,0.7029323924769258,0.865422941273952,0.829165622479074
0.8469216335408334,0.8490843062304902,0.7366672930928092,0.0,0.7482030983839113,0.9089622631208621,0.8998091844806795,0.8123306655741965,0.7463176014136034,0.7904680158662463,0.8508416149395474,0.8880719387089978,0.7279329416006419,0.7242301264771509,0.8983092826897482,0.6700772424400004,0.7705086534605915,0.7862409616557298,0.9076561692967912,0.6264427581153237,0.8155534364699453,0.768422606289154,0.8366211310810676,0.7813358908888626,0.8877565745260027,0.7998116347164556,0.7382770107819118,0.8622766586105876,0.8038233048522462,0.6810690499295659,0.8818968169941508,0.7373414598627122,0.9837439213044272,0.8771647831617732,0.9248928255558511,0.8919374772167664,0.787329907308327,0.7917060372198684,0.7468179920192874,0.818812864258253,0.935740324810653,0.8213187505238588,0.7449290175610749,0.9311149896932444,0.7820355372915309,0.7023854624466588,0.7027160679151195,0.8011111196261622,0.8067630363095554,0.6913141746844883,0.8649059963573481,0.9174854729724976,0.7388456059488359,0.9264565048870795,0.8703844307384518,0.7946021766051209,0.7307868561884578,0.893273558747069,0.6947339460170392,0.6997228900695894,0.7931353055359812,0.6442554218658461,0.8796373002651344,0.5920851635147437,0.6887379754205452,0.6499923083326071,0.7341091885347755,0.7032508413749035,0.6730619883381616,0.8645104047029607,0.7539660167109976,0.6719798702408025,0.8065419653178115,0.7932860099640091,0.80535476172873,0.7559264806151262,0.6605191103401772,0.7579339990316616,0.8234805405812519,0.666709254610852,0.8365446818390304,0.8890218179063428,0.730705169881813,0.8283229939297426,0.8600283754709168,0.8184852297102866,0.8361462941284235,0.7129066248159565,0.8028515181111364,0.6862332019427855,0.8931804196933756,0.9491901567664954,0.8118398733556322,0.7133906196126357,0.8498327896374426,0.8899294872858458,0.644327885359801,0.9408975533594064,0.772577684361131,0.8619501095189327,0.7465031532809259,0.6493573028944128,0.9362577421969553,0.9152368358214927,0.8720861666196387,0.657380994387937,0.6726056288549023,0.8573730994047681,0.7698890428870492,0.7564197993287533,0.9341656788294702,0.8306171693116606,0.8908614715755641,0.7360188734489591,0.8973510838874325,0.8280644194618253,0.9146771174898041,0.6335386248705606,0.9347814322704271,0.9201674051052808,0.6034246950134993,0.9094995843252393,0.8170755059519995,0.8437224916704843,0.8243809761143601,0.8686287195016983,0.7060052344992257,0.6747763820216338,0.9029524714462847,0.6546851304963703,0.7128433373094057,0.6479398713460842,0.583634582815634,0.9268893106946273,0.7024485646712499,0.6077114140738026,0.6454258464094367,0.8824818836039311,0.7408652760995552,0.7659661725468234,0.9420536770385568,0.6642790713567928,0.8535290944017347,0.8239350121868437,0.7898377866875402,0.8256842009579377,0.7876363432624996,0.7050852972861399,0.7746535644480464,0.5700472835379125,0.9257508842002012,0.9084338359314978,0.6765277924909568,0.6135244660178063,0.9395709808025026,0.7297495936369858,0.6715663636584568,0.8547940279780649,0.9606702807099657,0.792513256758119,0.8255282407388065,0.9274994624972793,0.8702426645796056,0.8552598554879332
0.8267898528183525,0.786916487071006,0.8733923046980739,0.7482030983839113,0.0,0.8497142521244871,0.8611058867108793,0.711675350921442,0.6928350356237528,0.7543226748602835,0.8834727641461189,0.8377758932588287,0.8198882003935286,0.6866290385148125,0.8614916610557586,0.8764663492570921,0.8750031988663701,0.7969587241103583,0.7572512062320383,0.6603165748342229,0.8872646568510598,0.8576354184301893,0.790283735922705,0.8916042295680929,0.7895065641478722,0.9119865325269275,0.6899457491552077,0.7181094724541599,0.7974389340302135,0.8621024769601338,0.7608407903700221,0.8126635684752245,0.779487822814908,0.7664549961777565,0.7488977881960099,0.7902961489313883,0.8651100957447114,0.8168303804270911,0.8009146884412883,0.8816038808858834,0.8237923428012065,0.8616312993899908,0.8719940279208959,0.8801131769796731,0.7479813675285257,0.795762996853268,0.9151960039441187,0.9135378909624747,0.8300628434121583,0.7786890079586342,0.8772062810153576,0.8691000787430068,0.6979668083538461,0.8138655521942737,0.8171554594610464,0.8017312914123403,0.790006553517415,0.8839515522975894,0.6712846944549882,0.7415422991531236,0.6983698289789543,0.7542492853845129,0.8598732654214994,0.6208058359515587,0.7101991507457039,0.6801014474996598,0.7072336032608317,0.8869504797328793,0.7106744207911986,0.7490410166888386,0.8762874173000673,0.6736977554218493,0.6892106483746985,0.8396680883272969,0.7497823103986937,0.7179516923509061,0.7953847020565169,0.97083626678867,0.7631541098403315,0.8652786395138946,0.8795184960686947,0.7719789105573034,0.8947302771209505,0.7361659005248312,0.7911275836303133,0.7883847871739071,0.7275784074464182,0.6870414782129255,0.7164097430452557,0.7170969851255433,0.9121702967494169,0.7501808719016357,0.893832021501406,0.7133506922328823,0.7683231182711467,0.8031300088818015,0.6014165069259548,0.7497840922164072,0.7217305110966271,0.7414488718955873,0.7132614354348478,0.7000480486647493,0.7256440818242991,0.723756065299009,0.730192760397842,0.8501853567462584,0.7372975114321567,0.7849675057126837,0.8915507693109074,0.8666717249150274,0.852966709942557,0.8138418256103604,0.7691014462801655,0.6657482822689494,0.8055569579842025,0.8697660471887093,0.7501386326492311,0.7582743184477958,0.8246577277378375,0.7122372125367797,0.8711316921080794,0.7187908561003431,0.7937432626339683,0.9278509720582189,0.7037372698133418,0.8316420876572395,0.709154042095356,0.8479183018697469,0.7887893136582239,0.7829411499435133,0.7101745935094868,0.8165077428384454,0.5806193401974441,0.7392020880038884,0.708864622064255,0.7833384078406865,0.811109893881718,0.8755368248205228,0.7283875958300615,0.8112841216548028,0.6955357012772807,0.8128929955862452,0.7597247843698489,0.7254728409583698,0.9032683017732214,0.7762290697223402,0.8831884196774841,0.866471825256883,0.7653444097771137,0.6552315434621284,0.7354113305127974,0.7300606499335998,0.7133031611546149,0.7955251161281315,0.8163401740380867,0.7524940553742746,0.7542120128737922,0.9094495872987078,0.7102937147676203,0.8274214768319346,0.7828390837753413,0.7386994694482367,0.8080749079154195,0.89388682105228
0.897287157093355,0.9460236876017379,0.8881190012073972,0.9089622631208621,0.8497142521244871,0.0,0.8990895995180473,0.8825712874151731,0.8061027509650122,0.868892654662489,0.9454195209444053,0.9670869021250019,0.8444042744017365,0.7257975264345242,0.9547946613123945,0.8158701628565873,0.8801806917872054,0.8344090869033484,0.9262873309709542,0.7082045371073842,0.9199751508468105,0.9058332782284108,0.8374479206542067,0.9051816368439226,0.9293015164758508,0.8479510843287617,0.7620352667878166,0.8672964187658763,0.8816330220411862,0.8089939148205892,0.9146976920459456,0.8283636816601552,0.9389807150308668,0.8732726244708688,0.8771252850179875,0.8933419436249634,0.8811224811363563,0.8829043921578864,0.8574786409087669,0.8846381024905465,0.9497822526456526,0.9152312116553742,0.8275250040220685,0.9463473128773568,0.8449925567190343,0.7970049842316242,0.8059815789764014,0.9076863054415728,0.8423952625578034,0.7553937374927174,0.9005935743944902,0.9420328991558947,0.773914053363153,0.9513693849246544,0.9007683295321668,0.8827751250951535,0.8084481632343621,0.9717845269858195,0.6987715316717348,0.7652112832654377,0.8569217524745599,0.6973062891637658,0.9263367320853705,0.6116525459026257,0.7212425507751111,0.7030087528030604,0.7639576972727936,0.80854223196531,0.7076362123336746,0.902795044545105,0.8516365447504208,0.6750506491194025,0.7621671659166341,0.8673238956302353,0.9037503351474511,0.7792112836236247,0.7424597217928132,0.8643410929081466,0.8640630763444954,0.7673330181314437,0.9515614134457969,0.8866592141468086,0.8835101184472678,0.8955093350628767,0.8487774662393323,0.9236990908414205,0.865110472507319,0.6945538569024665,0.8351981782982364,0.7946384449502047,0.9062534799013385,0.8868829677067361,0.8915631168044957,0.7650525164251485,0.8272298226258458,0.9283191496159149,0.691985906641424,0.9085785025769596,0.7235731297136325,0.8498019973112291,0.7795367548027506,0.7189577612648244,0.8193520604745821,0.8778289982412775,0.8404042649671576,0.780340911468541,0.7553353544425134,0.9201931152328682,0.8649392020380898,0.8999659972878503,0.9449145876551226,0.8147065163452094,0.8796386513780098,0.786512737588873,0.8959427453708795,0.9257426873795305,0.9059465595946524,0.7239447946667636,0.9306071446785131,0.8367488818429527,0.7030203110234091,0.848579455990762,0.8580029674855192,0.9474227784015085,0.8005191961473124,0.9479368210037016,0.7149680854945443,0.8125025630650636,0.9314351094832211,0.7344087041916946,0.8188285709772365,0.785831503263929,0.6268572036940939,0.8957695591317385,0.7951517626396696,0.7059330441908567,0.7897867373220264,0.8979462867285565,0.8055350318844692,0.8679049699658508,0.8600717706231431,0.769908404986411,0.860990441015118,0.8225402395759734,0.9012365298191187,0.8011712127679517,0.9200728648709685,0.8660769331231473,0.8710808455659214,0.6680805442470393,0.8877091456655262,0.8837771706150452,0.74940875698909,0.7275643628429175,0.96524017981288,0.8338505035019874,0.7872179571860833,0.961888675271888,0.849389558276584,0.802022573502433,0.8666976508434736,0.8785704062512512,0.9437497592705315,0.921916646138243
0.9178796667611996,0.8683226786360444,0.8075464455799156,0.8998091844806795,0.8611058867108793,0.8990895995180473,0.0,0.7820312772492561,0.7703860023268614,0.865287838790213,0.8848188112871841,0.8931468513595656,0.8305438271273626,0.8107028050096224,0.931429691588785,0.7659721319382937,0.8423804032252393,0.8824815676369053,0.8454633003419624,0.6707619625162898,0.8496180747692511,0.8290060043875429,0.9417925605331635,0.8507801032494153,0.9274399144765741,0.8770761263821748,0.8237233759389274,0.8510041132845448,0.8408178307906011,0.7897278411468713,0.8817527400881109,0.8515086826157335,0.9029253352453257,0.9124881607316876,0.9203135739064452,0.8873774099653535,0.894221008024532,0.807132582514195,0.7530368455816885,0.9257540986397086,0.8693257449444137,0.9130199108880689,0.8336016565649019,0.933687515260542,0.8348263941605463,0.7879091055063882,0.8546922767021784,0.8662235806146668,0.9411388725170646,0.7556811633841044,0.9178090115296861,0.8998416505914815,0.7329989207717307,0.8860839826529322,0.8948362459054098,0.884211464966737,0.7679532519031993,0.892503052154455,0.7785591222465645,0.7639152338909192,0.7545932733352767,0.7255122383018975,0.8566633804890429,0.6604065922339811,0.7274418049178982,0.6810190557611929,0.8016675328250397,0.8404971976754724,0.7650731851551409,0.839524571618285,0.8324958894936014,0.7607106596546325,0.8160246939844223,0.8645183023376198,0.7766482460017102,0.8515663670855407,0.7533333177600495,0.8891179928437664,0.7807427504351433,0.7358159968350689,0.8453845946225629,0.8667872478588491,0.8273822748765146,0.7744522075704677,0.8656038051649065,0.8161286045587921,0.8161331048898142,0.8045436055666844,0.8583805905103453,0.734458947675448,0.9546675455066853,0.9411487441642813,0.89116627712629,0.7344377214967664,0.8706059529004839,0.8998928243676781,0.604401784382395,0.9110631375638506,0.8383278025409059,0.900599390012035,0.7999378000692907,0.6923704755626289,0.901944370722894,0.8606537999679557,0.8452240785232644,0.7572211639656867,0.7101858851539153,0.8896207096070575,0.8935290292125325,0.8482638573843337,0.9490166854702696,0.8690610450773832,0.9037340472974948,0.7457832141957575,0.8747248414262035,0.8731585908353252,0.9022804575565812,0.7507322423098511,0.9188050643325311,0.8866039119732586,0.6989581224726468,0.8196680047835762,0.8544333721764591,0.9171374394693179,0.8174836791365384,0.8798855442443146,0.7619980850060377,0.7706256383781569,0.8852165128923476,0.7633533125811437,0.7734641757649603,0.689087553032732,0.5919653863475599,0.8214121558443042,0.7059892369987346,0.6809968188442759,0.7368662914427516,0.9596106784823192,0.7989372328922721,0.8045960786914907,0.8455854545792,0.7807083123549542,0.8861918704333116,0.8094742943542311,0.8751417955977596,0.922090803928271,0.8260724619560073,0.7871229720414246,0.8358970760693393,0.5868175592001748,0.8603498897127373,0.8522478180553399,0.6987135508473933,0.7513373807592291,0.9059016686723126,0.7813728180831195,0.7380707284234925,0.9112907175788243,0.8884239619348612,0.8925073886669533,0.8808616748498845,0.894473803179121,0.9072567120648724,0.881225550047566
0.8594021874899658,0.883980939295359,0.8277285973805176,0.8123306655741965,0.711675350921442,0.8825712874151731,0.7820312772492561,0.0,0.8894580593842316,0.8340880699635148,0.8545190294768112,0.890517196976495,0.8482363029722318,0.7171394193283814,0.8898942479687959,0.7819176497745203,0.7995519441549725,0.8322068608391343,0.8668782298543636,0.7803595618711234,0.8234570508662429,0.8607851057166364,0.793062440642975,0.8158535367990007,0.8825521864486254,0.7564541974058138,0.847244679510025,0.8618824954974391,0.7636040092641979,0.7738284770925672,0.9317510891153006,0.8138530753617192,0.8301796775267762,0.8496807294782395,0.8201043717759693,0.8434322276660216,0.8485056522483552,0.8891796915354578,0.846288192180711,0.7961501368046264,0.8158683425910397,0.8329885141237094,0.8081423501864702,0.792464622755369,0.9206610519382373,0.8207252809100459,0.7151851420449874,0.7992186290294635,0.7894504749704967,0.7535655880476134,0.8147265421088613,0.798452125914649,0.7275448666965023,0.853415263233832,0.8340738896217237,0.8216455130853456,0.7891742838105749,0.8782594963047017,0.69593588904351,0.7912827053470122,0.912442729146766,0.6893253976336932,0.8314462308862937,0.6298988717072735,0.7125607822458913,0.7327230685839189,0.8013962707114821,0.7567754218546305,0.740178495959002,0.9534130161488753,0.8132152249805679,0.6822848281723535,0.7376291538503822,0.8320063660630757,0.9152142828522184,0.7574450541014712,0.7435539326937741,0.7303845121543415,0.8800781990108812,0.6252157827875222,0.7854263871038063,0.8633765159976846,0.8064616650044935,0.889587942168333,0.7888095173721875,0.9330334252136407,0.9308513640214782,0.7185920192032625,0.8858431559552284,0.8502047274646952,0.7896121440488487,0.8207392788029804,0.7967111315158046,0.7451556295487248,0.7573353259019575,0.8377256332760271,0.7605556146224682,0.8331860993258741,0.6649838303244335,0.835911165873435,0.7780631058802688,0.8143256373769411,0.753772175317044,0.8012225353424379,0.8452242398034352,0.7721059923495186,0.7723854873057251,0.8634074026425294,0.7948115658584968,0.8202398087799253,0.8263812533326158,0.7663480812213902,0.8152274860404469,0.9117936354089828,0.8256774772588551,0.8377827122439337,0.8194749173567188,0.7355568113338602,0.7868897360754197,0.7724436817918017,0.6418337815898761,0.8353264125084454,0.7719937778603421,0.8251956453260224,0.7249129905774544,0.8546256648766025,0.6979421046150318,0.8389688946790359,0.8383693866541182,0.7475640430060168,0.8552416478222148,0.7561765983285468,0.7222042808248657,0.8190047071151936,0.83465441871937,0.6479551621998667,0.768623159498097,0.805065141916207,0.8671337823239493,0.9013707788199492,0.7818863417442552,0.7331617718467588,0.8252182840064677,0.808881271654531,0.8160638367098345,0.7635855046987132,0.863303878989972,0.7930358820448935,0.8593801305113395,0.6492946219948048,0.8873211483187267,0.7686447391124959,0.7704257828766339,0.723379403319911,0.8639465371313753,0.9209990657355662,0.7936930653645239,0.8409268412761935,0.7493286451999083,0.7211811222183147,0.7559149141549253,0.773693137986628,0.9142455942419713,0.8065836723642219
0.8637697075210545,0.8514559047811611,0.7407926076567042,0.7463176014136034,0.6928350356237528,0.8061027509650122,0.7703860023268614,0.8894580593842316,0.0,0.7637397482444919,0.755303457003972,0.8160913119600401,0.7955368701334733,0.7055773309723707,0.8558263613519762,0.7025180300645344,0.7293305016840322,0.8224031158089148,0.7822074373611695,0.7681246013542027,0.7514397673589841,0.8124635771354904,0.7819528608631922,0.7989183184976565,0.819767157238102,0.7016376474234817,0.8323127386789143,0.7910200751420036,0.6770431516006354,0.7843874349725649,0.8891264866110098,0.7409748879089799,0.7684672018428307,0.7947419577439613,0.7997773044625017,0.7420113173632376,0.8043289291841995,0.7786696896715973,0.751026975464344,0.7726017078326729,0.7432147523675094,0.8524692502556299,0.7204666265917797,0.7297655289707021,0.8521211656560275,0.791072813877551,0.7242964370616736,0.7092645896611788,0.7600790294398593,0.7047358827961554,0.7488960874049755,0.7497023957453015,0.7058726710909549,0.7592158157173732,0.7137475162365746,0.8872635443661467,0.7470387519422034,0.7824912505262822,0.6712551669028528,0.754349095805412,0.7846516603108089,0.646022483765472,0.73229997741191,0.5985802277956234,0.7058950832977748,0.6850230606989206,0.7861271751833859,0.7514713297673578,0.6743903485678223,0.84913273659522,0.7939785521566802,0.6697860476168248,0.7037906101945487,0.7633493621998293,0.7994801886924836,0.7600011838643229,0.6774811229304498,0.6974464798973105,0.7782485447293862,0.6050694135745822,0.7143502543351303,0.8531265273918238,0.8178825556428823,0.7517318640460953,0.7261870017174284,0.9062885395016003,0.8218092374634862,0.6895389491360304,0.843071609171064,0.9490982093106883,0.7477221277144659,0.8120287455255196,0.7129089143029829,0.7210501825915699,0.7335016594257304,0.7870012996088287,0.6863525834598473,0.79546588693026,0.6693614737987033,0.8070963646167894,0.7212531838106511,0.6944936610879977,0.701071582446352,0.7361669799587692,0.7665199496797547,0.7410967379952675,0.676781677681745,0.8228189594676716,0.7611550528393052,0.7972394157850112,0.7599967995398405,0.7188184946962037,0.7653328587292904,0.7965605022772771,0.7530016511340788,0.8394410607491949,0.7775906643570938,0.6728860849424501,0.7020508453049352,0.7559818902224233,0.6391105839172945,0.7390760701907404,0.7546300524636672,0.7913295160654013,0.7551759120602864,0.7521708048992792,0.6773839122476819,0.790759427796972,0.7267825769853161,0.7114236858792297,0.9124716089139552,0.6865986106851356,0.6749717731109016,0.8015719384617417,0.7538629534307475,0.6386636054687537,0.7739713697102474,0.7809253146993795,0.7846302378463997,0.8226700716664537,0.7153764821203231,0.6758179759253307,0.8285213718149598,0.7231479443307816,0.7379916774997749,0.7582054116079816,0.8610755784160512,0.729894753473784,0.7815338370600317,0.5712792059936921,0.8263382602503112,0.707937186543727,0.7258451153898082,0.7323185034580265,0.7875500832320601,0.8949049944080845,0.7852381548064824,0.7999914858819275,0.7194809880364538,0.6728405502361605,0.697503694737768,0.7649397334516387,0.8819752725069979,0.7994106777373722
0.8240910452780518,0.9059862877808724,0.8584778909074732,0.7904680158662463,0.7543226748602835,0.868892654662489,0.865287838790213,0.8340880699635148,0.7637397482444919,0.0,0.8528409775625211,0.8877263816796007,0.8330312241136294,0.7840921521929501,0.8635926470750327,0.7883603312554847,0.8024308286666011,0.8241646880853561,0.8166587865948725,0.7101511875484326,0.794643031517449,0.8437005026417072,0.8667473926306793,0.7945492789375397,0.9490702482805008,0.7509190873995675,0.8547537851083291,0.8191604648986233,0.9229062663491517,0.7743278326292555,0.885906512367266,0.8639485021400479,0.8163272499371893,0.8444601846394023,0.8436075004554563,0.8620288272349406,0.8584968442418236,0.8233044633183799,0.7675046536410463,0.820635761575975,0.8010748381295991,0.8522180536669914,0.8002483076081137,0.8282224341022785,0.8583015704410691,0.7528872992792843,0.7950398606928131,0.8404882360203672,0.8761712529457035,0.7163911797610166,0.796085132857899,0.770441066157948,0.6860416053286559,0.8300030113879217,0.88541502443256,0.8522082702294185,0.7054032063171204,0.8462176476604693,0.7669941713560579,0.7344735945663998,0.7793797290229185,0.6746381581721138,0.7662875466689641,0.7041513015679152,0.6632106764518887,0.6504817529829282,0.7569306722224453,0.78786928963195,0.8022371698787962,0.8496938531731034,0.7495415631051203,0.7387111864254873,0.7245724268235383,0.8021561459033191,0.8069934633981025,0.8100799406029009,0.7156743768495991,0.8141527995210531,0.7407825179099488,0.6544880873090629,0.8092576610476347,0.7604665748785369,0.8153282988192839,0.8126537775640232,0.7455159591872268,0.8193979733662157,0.8104894774147076,0.7495378109846931,0.8619598613662203,0.7395661250326319,0.8002848559602113,0.8472339850738534,0.852981478484814,0.6734219209313398,0.7447093382089021,0.9015048553569989,0.6264436180432291,0.8677037124278617,0.7257558990232834,0.8164166719859779,0.8199393836494901,0.7259640505861461,0.7816997219155295,0.8684158769684971,0.7745716831313672,0.7307779732321009,0.713975710915752,0.9113721223661135,0.835735377861671,0.8509066042022289,0.840601139805392,0.7399822612011164,0.8058281574255607,0.8227790780247886,0.7673206025050217,0.7794148958381879,0.8512162814215313,0.8332133953607247,0.8472835277657762,0.792608648403072,0.6302176983506089,0.7538322578014676,0.7717921677112125,0.8210708135804532,0.7351338160171652,0.9074736415442854,0.6813281197192357,0.7845688785943955,0.905690919194772,0.7738340467326327,0.8546792437850982,0.6875794692938412,0.5997043556955551,0.7192357697833729,0.7544583866176265,0.663665995749807,0.7793740189872235,0.8422352518662358,0.8843618610526812,0.8183766219668063,0.8041407148090921,0.8159618601493588,0.7943321592498761,0.7946402396319532,0.868000011493196,0.8187925516571358,0.7859032262689866,0.8239442543597978,0.9712494390031982,0.6807608438214426,0.7745699193839078,0.8327733485350128,0.6929004715255559,0.7916264562941869,0.8715992110047959,0.7997649179454126,0.7284181728325114,0.8464033349120713,0.779983169959158,0.752718521363288,0.8926941363156353,0.8039032908117003,0.9248544239597358,0.749509034850025
0.8935679008196716,0.8966437731374723,0.9112645795721493,0.8508416149395474,0.8834727641461189,0.9454195209444053,0.8848188112871841,0.8545190294768112,0.755303457003972,0.8528409775625211,0.0,0.9436801661144372,0.8847799876307108,0.7439770493259875,0.9345978602472245,0.8942197633698569,0.9244277101879335,0.8532627460077968,0.9067730606830873,0.7508735670151292,0.9410916038639834,0.9237581710921348,0.8458080348959502,0.9239026157389535,0.9077835643669906,0.8773353864100693,0.7768772946338511,0.872424952354106,0.889569108671627,0.8271599137171306,0.8856189687893149,0.8886345437577771,0.8673998214663108,0.8812297612979572,0.8528675760859766,0.9007173507065359,0.9160125555257386,0.9283088569923736,0.9189740664961454,0.9066218645724573,0.8976252756898859,0.879990323132769,0.9010361582422695,0.9326804118358311,0.8620064105335362,0.8281078285249198,0.8041660218059608,0.9701017787283909,0.8917081732985473,0.8122010488861688,0.9280063877598839,0.8974775529971957,0.7642668966006395,0.9370838870913341,0.9522859844150069,0.8077654005369722,0.8590207235842612,0.9579747338030127,0.7313276122221049,0.8093074456698992,0.8725254165004948,0.7341906010482533,0.9249746829509715,0.6577883260817743,0.7493040298903278,0.743738240746008,0.7885645622662256,0.8293003172387478,0.7537297056849334,0.8852264399560785,0.8725889691088928,0.7250003866711922,0.7674236348235426,0.9066560132471245,0.9006212130994489,0.7882593419151794,0.8309045206458802,0.8936224207447891,0.8592873851690761,0.7977318032352504,0.9137770861970378,0.8492614409599684,0.8645288164887558,0.8801060178136392,0.8682776405320385,0.8751843515192352,0.8757894597219916,0.7314201701471342,0.8222079835851105,0.7522518691242496,0.9053321898125463,0.8223067343585699,0.956040804283815,0.8012571515570898,0.8274468707524881,0.8738448490915379,0.7051403328702688,0.8327320761291868,0.7303736796032841,0.8262016255057412,0.8464709142523141,0.7986743550559839,0.7881746752478943,0.811312767525607,0.8411693751402268,0.8156379520142324,0.811818738635651,0.875788083976735,0.8860506487091502,0.9163600695670332,0.9468293233938508,0.8535493113826896,0.8617405326617182,0.8289440545322128,0.883617021546754,0.8860259685216209,0.8576562809087555,0.8207877623450625,0.9053298940235425,0.7690937198063715,0.7778984623467297,0.8050515109225418,0.8586646673267428,0.9474336787726858,0.7904152389526393,0.940007970952282,0.7253009693138079,0.8625026267787571,0.9158487493659823,0.7886406292812511,0.7555653229814359,0.8300227640889078,0.6847787920729826,0.8398774577544232,0.8465150367429883,0.7627729081506924,0.8085621723662114,0.9028970849671012,0.8501072239763997,0.9131851468043758,0.7975988917357228,0.8448536532930238,0.8356371332358468,0.8356618962441226,0.9649066245855555,0.791144378185811,0.8910446013757358,0.8765733222550403,0.8709249339319114,0.709929923802738,0.8813098864287939,0.8339425988176276,0.801608650379371,0.7490172751013636,0.9104470196589919,0.8579974120031337,0.8424979494357645,0.925594676688108,0.799972101470868,0.8586828551973975,0.82344109579421,0.8274460674173182,0.8887939985462547,0.9261623195013303
0.8750050264587167,0.9555979717848906,0.873911101702494,0.8880719387089978,0.8377758932588287,0.9670869021250019,0.8931468513595656,0.890517196976495,0.8160913119600401,0.8877263816796007,0.9436801661144372,0.0,0.8197699952449701,0.6965893911132284,0.9538419678777321,0.8150043736602216,0.8655342387674796,0.8194121921816092,0.9476035650808089,0.718967330354126,0.9013270999454118,0.8984596032565773,0.8741927481276319,0.9102089661481302,0.9461409665380668,0.8096052712162599,0.8007220027970166,0.8812229002905361,0.898111682169025,0.8404427849162867,0.9378384930449943,0.818690556343618,0.9177950873310943,0.8906307942622782,0.8700466931976518,0.883346795007193,0.8670793838302359,0.8791536854051921,0.887113312361119,0.8667251649824353,0.9367774720922132,0.901945282095156,0.8156200871424791,0.9212939610749236,0.8488610369268883,0.7856471682227442,0.7828645815937753,0.8878593304663402,0.8560192024582176,0.7376862808718427,0.8681035072089451,0.8957115383734857,0.7437841174990927,0.9307054104055335,0.9025754808620848,0.8644966980322494,0.798270095696198,0.9716154114735128,0.6857627973407795,0.7618651102855276,0.8336203511566658,0.6543611474467165,0.8729305702447727,0.6127731142685585,0.6931275068546744,0.6710091000688695,0.7373095341880197,0.7702289303326738,0.6941243618897248,0.9004085212107851,0.8051515951115529,0.6678389988317195,0.7217952609625732,0.8402451490402675,0.8886423903920139,0.7679830898728098,0.7293854862352176,0.8566914365516344,0.8535430002243971,0.7345005056060784,0.8908815030979014,0.8580105045994885,0.8850105742362054,0.862115347491839,0.8174364230268495,0.9248108970955483,0.8454512548910795,0.6787876944500278,0.8368008349856545,0.8029393254994178,0.8768092247162613,0.8765887413595639,0.8931647408806285,0.7471307953255746,0.7826269369278643,0.9284255292363032,0.6723202237295978,0.9014262335946821,0.6976342892047006,0.8217555334687163,0.7852029722056493,0.7174815100519985,0.7982076000050713,0.8900836390444246,0.8078166254797936,0.7631028185288622,0.7385312933610705,0.940471864553273,0.8458211850855303,0.8980740722341544,0.9333891666155137,0.7934315713453597,0.8216298982475753,0.8156746004069546,0.8565332851044981,0.9075938572846971,0.897308216387329,0.7552923915612095,0.8944715476341571,0.8085020300622174,0.6916266461633991,0.8237273463626825,0.8279154815362787,0.9301147246690996,0.7698583032663119,0.957592591873394,0.6771510373995675,0.8192733161221433,0.9274311185716007,0.7146735881329284,0.8386875540618,0.75707989997301,0.622512599313579,0.8740268146081155,0.8015877279312841,0.6766450652686536,0.8153222406049025,0.886707310325612,0.8369458115199417,0.9095819571341042,0.8394227455299161,0.7562576924868839,0.8444626099843674,0.8029502468973908,0.8963375064062246,0.7861107171762091,0.914210994015895,0.8573952861008185,0.8994183645256634,0.684682226758921,0.8844198375653445,0.8806716961942633,0.7652247898746577,0.7301781566092403,0.9711724797814206,0.8297155594678473,0.7947603813937659,0.946011485735553,0.8316589808598469,0.7727974473574096,0.8204921996773338,0.8637116362389401,0.9443960624095346,0.9057400242951709
