0,1,2,3,4,5,6,7,8,9,10,11,12,13,14,15,16,17,18,19,20,21,22,23,24,25,26,27,28,29,30,31,32,33,34,35,36,37,38,39,40,41,42,43,44,45,46,47,48,49,50,51,52,53,54,55,56,57,58,59,60,61,62,63,64,65,66,67,68,69,70,71,72,73,74,75,76,77,78,79,80,81,82,83,84,85,86,87,88,89,90,91,92,93,94,95,96,97,98,99,100,101,102,103,104,105,106,107,108,109,110,111,112,113,114,115,116,117,118,119,120,121,122,123,124,125,126,127,128,129,130,131,132,133,134,135,136,137,138,139,140,141,142,143,144,145,146,147,148,149,150,151,152,153,154,155,156,157,158,159,160,161,162,163
0.0,0.5436971994769075,0.4890472305148286,0.537307863891574,0.5405814562767107,0.5705181765324526,0.5410074805510465,0.5488552488410864,0.6355885013884001,0.47962295651897635,0.5372071093441259,0.4955256853797,0.6255232514518687,0.5726627539131329,0.5611507806036323,0.5842374246661706,0.6402722610066652,0.7065591595259422,0.543087232375127,0.7124798043053182,0.6126516755395166,0.5425279251109882,0.5538576876892146,0.5126750409289427,0.6008846833872165,0.5271515174581267,0.47063222069547245,0.6186521122813896,0.4186565081062761,0.5574090325205192,0.6073867951531188,0.6060349858564296,0.515746234178087,0.5805868258520465,0.6824880771835077,0.5608358216464188,0.626076469742836,0.6297433774447724,0.49409726434086876,0.5080547685732981,0.5401069033080881,0.5874748158166988,0.631448838142261,0.6085474916502428,0.5849122547272225,0.6521141296989488,0.5801406847285552,0.5351140628010105,0.6224900473964431,0.6793670294831793,0.6777102709170719,0.6664270752827253,0.56486656068739,0.5356440777444971,0.5162548459117112,0.6148669628160799,0.7190245446199216,0.5522278321715274,0.5712702080751819,0.6419907713919009,0.5471653879608037,0.5837650932406874,0.633512704012255,0.532962244071177,0.6404634567245334,0.6373748403598846,0.5636189695743412,0.633667433019317,0.5702909323218776,0.5916163574368463,0.7295116000863088,0.6301404664155534,0.5852162452306697,0.6244908033111218,0.608438366975719,0.6233607806491117,0.5440296339887315,0.5266602429145812,0.6011678032548484,0.5306525463270553,0.5856903443850723,0.6678095113342605,0.5962064675112096,0.5785801176610359,0.6310077036109152,0.6363723374045952,0.5510222538429348,0.6204504784613195,0.6623696228122036,0.5503558294317739,0.6579128568049999,0.6164122507100437,0.6054845822349684,0.6483575552689602,0.6551438844964982,0.5275120297738454,0.5291022049264273,0.5882486771996394,0.539918662248611,0.6148020219683915,0.5645411545965968,0.5055105927919801,0.5588991057303607,0.4999807330062524,0.6888816648999834,0.664414720176788,0.5969167672161552,0.5857597236249857,0.5750723328555296,0.5567957015316812,0.5659912056935892,0.6081338549336746,0.6584685357809196,0.5541264186081917,0.6305462954232142,0.5994473851698572,0.6260888150242205,0.515877945216726,0.5325785263630919,0.5773721536363449,0.6160401956257052,0.5478998266028593,0.6276928341747872,0.6624038685431041,0.599648291495227,0.4924356593118932,0.5668985659947042,0.5164899871830911,0.524372282889832,0.5760692794495939,0.5771788493729185,0.5945254262179703,0.5581419762151787,0.57004227044766,0.5381197652985941,0.6044782852947674,0.572866709772999,0.5437927910060367,0.4889420757913996,0.6020676640139582,0.5330738687881277,0.5780281847629768,0.6740310992935019,0.5711365634181758,0.5776433725048685,0.5432445986873037,0.6014200762845499,0.5436835995777911,0.5373753502485641,0.4499254681615991,0.6407049471346595,0.5597380076109821,0.5652480621649958,0.48190868328543385,0.5745878142220261,0.6359979835962799,0.5471282424749642,0.5916166864873958,0.5173505371843963,0.6375884095835277,0.5344699379338075,0.6290199729673654,0.542015194029251,0.6263490240433639
0.5436971994769075,0.0,0.6026698499313667,0.5570159995067494,0.5084740848657312,0.5714030730171156,0.5398014380790194,0.5500651489617758,0.5035894109387262,0.6114798615604401,0.5848268975447918,0.5811367681929608,0.5898949007922357,0.540099307725157,0.6019194729194407,0.5894476194237097,0.619058012864731,0.5543898797965621,0.5507217169359089,0.6019006557335879,0.5909999977164487,0.6615523227861313,0.5520425859786154,0.6078818339812907,0.6055377019729034,0.4732815945378369,0.5000458445578992,0.6010939070385772,0.5663983890256639,0.4928641312107058,0.5703487900143047,0.5327419511097254,0.5992433801134857,0.5344475366553244,0.5809105742695694,0.5877820589131001,0.5478533133125385,0.5689242024666028,0.5597549827099139,0.5428814370323038,0.6524941600455648,0.5167244381213725,0.5053061471625376,0.5760367740463596,0.5930708694464857,0.5584141749624008,0.5015311936474769,0.5497178438801263,0.5780283426845865,0.5482074798241143,0.5395179939020389,0.5465108109032385,0.5185352765174066,0.6362723886005816,0.577140925860284,0.5390373910332161,0.5546099360448429,0.5333094401313273,0.5338038541396348,0.5990679743954657,0.5668653089759463,0.4606911760828065,0.5002336986700713,0.5191775270336861,0.48686308347061985,0.4902167907524526,0.520227870379853,0.50847270305244,0.5040030560159553,0.5240269991160583,0.5271567109638794,0.5396378239946878,0.45813469707054527,0.5739112991409235,0.5918715878854441,0.4953142233275468,0.5033686333616645,0.5533850288091331,0.5184229479330309,0.46332645500336156,0.5363275320829982,0.5105586119146874,0.6154733906272993,0.5642577163778959,0.48993149564886496,0.6367793125205564,0.4598102963121142,0.4676959061894135,0.5514572402871394,0.5453241273831256,0.5099647906522871,0.5278387287579998,0.6272349111942462,0.5231811790342276,0.5285979294542229,0.6067215410038183,0.4924463540738239,0.5559739498248505,0.44939036518810743,0.5419698900701784,0.5657080404844764,0.45820465670838806,0.4500745031638375,0.5827876157282991,0.5100588636966741,0.5593563627680691,0.5489842951105397,0.6248603904133426,0.5886883451711951,0.6558449638166924,0.5443683942214829,0.4852755144288753,0.5062797080049479,0.5071683239986131,0.529575104620715,0.5781250593874452,0.534227629842602,0.5365513189863923,0.5612223689263414,0.4940213513267615,0.5369635202798471,0.46647762546788923,0.5138494944119689,0.6030202803925641,0.4878315358313998,0.6280519035209983,0.4618749817816914,0.5497976062092413,0.657526617168315,0.5565642107025517,0.5419908960187646,0.5289836301318099,0.4860809394046691,0.504598640420267,0.5909090965395841,0.5278326335113529,0.5839896412630644,0.5497839253217207,0.5777530206404593,0.5546727786183235,0.5590028461763386,0.537992801521875,0.5734235342236449,0.5246575833238483,0.5739749217777638,0.43903737611601323,0.5778389944408692,0.5965924912041828,0.6144639116868007,0.4765366483777436,0.5067312960769446,0.5587384106206544,0.5876345262510858,0.5585600553981489,0.6071582669013637,0.5635571855019188,0.5879333340967721,0.6039347628750132,0.531794975480038,0.48183190854163577,0.5461509261108001,0.509015727134389,0.4851713254205158,0.5293237732442929
0.4890472305148286,0.6026698499313667,0.0,0.5106244304566492,0.5170048381036528,0.5580132299094146,0.5044161963389079,0.5391584518402721,0.44669708911702316,0.6233136544359775,0.6121283281529897,0.566418820770871,0.5804249358799497,0.4823344660837053,0.5320738982124599,0.6340502701984683,0.5868368228810782,0.49919347880249554,0.5013170168020384,0.520149382945719,0.5747177631985713,0.6879421636210508,0.4935231157841905,0.5329334498543219,0.5691598355024021,0.4713061621335076,0.46604052414116076,0.5266323119447069,0.5452661364964888,0.4689366257978162,0.5037997720428206,0.5467706888944144,0.5183103080795052,0.488970907216277,0.49277732390811974,0.5611890006513736,0.5377050453104363,0.5093997240361721,0.5282689085972692,0.49070848001381917,0.5270318380937359,0.4946364427891576,0.5203510833622232,0.5376024096720113,0.5625052460521281,0.4989871874787,0.48258584532863513,0.5961588560679627,0.5327011578598863,0.5222946646945841,0.5250103141499372,0.49810201866949005,0.4434122400057623,0.6161834637807782,0.6042329635276249,0.47069517145566603,0.49286977640860374,0.5500305592815814,0.506659691389485,0.5164641645308923,0.5568585880257843,0.4408680109472109,0.4982084125581377,0.4901771156045675,0.4438766372663769,0.4582344582863299,0.4865265391237081,0.5150647159907913,0.5359869960851711,0.5181967373843209,0.4990081936905353,0.4637069751942385,0.44330770578103773,0.578814437902356,0.5468123944622328,0.43088666751394034,0.5403843183365717,0.5371035955220792,0.4609677507682177,0.4169185467371095,0.48604646047084343,0.4684469454380714,0.5386385876949478,0.5057304582261912,0.452558700422409,0.5245299765763455,0.4607627078434067,0.456259541889534,0.48536963591120846,0.4632651419426323,0.49871864927873066,0.46759650214624426,0.5872728860277433,0.44967433536085666,0.47453134668064806,0.5696572721042816,0.4630363218650441,0.49607334490777066,0.40931000184112504,0.48766333029026077,0.4799791465301921,0.501709971145278,0.4371374807810699,0.5420727551237229,0.471911340608433,0.5290889635336529,0.5440259237752244,0.5458267864884796,0.518912083243473,0.5974422953065627,0.5326018371124842,0.45270544932829876,0.48543487198810414,0.46817863884605376,0.4632946074942262,0.4952881621425832,0.4573862383349871,0.5781525223660439,0.5960446869839118,0.4414655662147486,0.483445070304148,0.4487695001655463,0.45797370200950316,0.5254260361250817,0.42120310146230516,0.5953471464346327,0.44363348923670626,0.5553176952144441,0.6167451325357896,0.5043646375727925,0.47821719729011564,0.5350445485693297,0.43984906099601817,0.43660573023200594,0.5632119490427299,0.463492184906858,0.4978818972938646,0.4811977736806569,0.5427397898817723,0.49768918422577885,0.49251238081139875,0.5219066571731928,0.4951301728167117,0.5074142171699234,0.5314123466284271,0.4361337041107173,0.5260194687165892,0.5240825085716546,0.5912270816530345,0.4429795318664826,0.4586906038123433,0.4683633169634507,0.5483377103585884,0.5709789663299498,0.5505234280967035,0.5154614084522247,0.5150996277676059,0.55944058464388,0.4489198842777387,0.4609843266870728,0.4838288713702938,0.4334337344474238,0.43218490457621483,0.47240603362315764
0.537307863891574,0.5570159995067494,0.5106244304566492,0.0,0.5132459032170792,0.4903067057942717,0.5875770674631637,0.5456949505682002,0.4825458248988941,0.48071165348451067,0.5964772869313041,0.5032625982622888,0.5886823588979493,0.5618983484443971,0.5974771778253205,0.5401360038145462,0.5793628602897263,0.5585296082406551,0.48504047837146086,0.5287026419222279,0.5658025532311193,0.5796100567504492,0.5906266897171415,0.5901730179344271,0.5315235660117812,0.5933662868198317,0.5573641161904884,0.610231640078141,0.4523069436466623,0.4462125346538735,0.5205376216015264,0.4882792255374631,0.6590745754037484,0.5636130038570923,0.5690350187238514,0.5824814641608949,0.57241636974312,0.5583460307135589,0.5272429656927912,0.6164306461756053,0.6055518731698221,0.4956058463474118,0.5036712687480367,0.5675103636751314,0.6226103937265417,0.557640971234848,0.45226721462438374,0.5252413051368391,0.5894237636279615,0.5443077264605308,0.5890476575360181,0.5626560892129769,0.46803785218296157,0.6354787625095977,0.5633946706085547,0.49125587916306784,0.5497455084044761,0.5183548351098881,0.5343572355140832,0.5969855636154396,0.5821960086648347,0.4620469300770131,0.5070887393333816,0.49825112906315105,0.4774915250600289,0.4938119020273218,0.6438763441723274,0.5171887013382855,0.5125900895315453,0.5453698003983156,0.5526551721060383,0.5349166828464111,0.5091398902879058,0.6494338924592459,0.5291898948938605,0.45687056907226387,0.5940250936204484,0.5551484115709832,0.5329027696201274,0.4431047931624777,0.4718802094396265,0.5537334134579652,0.5204104873931059,0.5363770858997964,0.5213439121533937,0.5895454003466905,0.4885424156895689,0.4972546941251376,0.524171881503562,0.5445729019196437,0.5776288657867695,0.5228667676566924,0.5562729016312264,0.5002021029308006,0.5892692282929595,0.520369622123546,0.4683971971478539,0.5186838916079636,0.4572749638216372,0.601575188475357,0.5548887108898057,0.48834789539667744,0.5155703593621023,0.4891219956793385,0.5260649319278881,0.5588036539480116,0.5386878438625226,0.5507258170016035,0.5704940709550888,0.5450437706670994,0.5737548659173036,0.537763248647923,0.5522789441272323,0.5209962818569939,0.550119364472175,0.5954414473631053,0.47232136644968314,0.4694627405308575,0.5511647039512214,0.5299188477351154,0.5554156975562656,0.5313850570240759,0.5049400043453789,0.580276850431881,0.47182469474962596,0.5198567570178717,0.49689707114157056,0.5554317090998491,0.5497949353217052,0.5640990662466627,0.4627255276115271,0.5021121799765416,0.5341998552250855,0.5323749393793784,0.5463080146751192,0.4682214581304449,0.4664845965532663,0.6018739201829891,0.5905242788270628,0.5280160956358554,0.5455790061689326,0.4918167917585557,0.5929269795607084,0.5315437397114667,0.5610427974074319,0.47419229837120336,0.534267696161405,0.5083637343592937,0.4814617850378701,0.42211292426214986,0.5534612152961567,0.4720138446936531,0.579829102489007,0.5140186813100117,0.5622739372436311,0.5852174265838853,0.5977003079771419,0.583257757481533,0.6188191573013408,0.5312886271839573,0.49239312783401284,0.48057184295335126,0.4816937820944295,0.575863781407436
0.5405814562767107,0.5084740848657312,0.5170048381036528,0.5132459032170792,0.0,0.49157030701449095,0.5828133069522845,0.465635841132047,0.49867578164992143,0.47100554041744946,0.5805473968683976,0.5216868776799326,0.5201227935484605,0.5013500902542894,0.5259010268584428,0.5785320495191331,0.5756432551705778,0.5236607735658824,0.47385357142898604,0.5165129030019561,0.5841786167396461,0.5655132807953183,0.5627500574628606,0.5400969024994517,0.5387428949106995,0.5475512687761613,0.4705228616584798,0.5034698898064687,0.44752676889599363,0.5346380178386522,0.5099312587730098,0.5085210677860543,0.48513189408270446,0.518071551496751,0.5515925223801189,0.5434748084395297,0.565718951085639,0.5438771832600845,0.5114157057868893,0.5070188522487337,0.5193658240736574,0.5651981848891263,0.5323916225499393,0.6127027965043765,0.5095741007864597,0.49621060538253603,0.5276273876062731,0.5694714066230536,0.5956865773353105,0.5461155409342464,0.5642800710471167,0.541574353091352,0.438539463352861,0.5232368501436381,0.5253953175361431,0.5196232627521565,0.5313703151132638,0.5557009576020978,0.49618701435755214,0.5181094668023932,0.45780080115063104,0.46633975774660863,0.49067650514278793,0.5187312449607672,0.474552935448608,0.4541584142054154,0.5057046428244567,0.5509705427898675,0.5067686025558108,0.4955591720602821,0.5507160304569769,0.5131183663641797,0.4888597477910469,0.5546452650125818,0.4870654117505054,0.4479194407382385,0.5403739374891965,0.6507964905698662,0.47110219136107007,0.4796790436925837,0.4798125399668132,0.524662581044117,0.5637458648795498,0.46921753493175844,0.5188319673982498,0.5294068435727678,0.46606130681905183,0.48994947752946805,0.47435229546590313,0.5025148625973364,0.6429208051938236,0.5222901911330269,0.5821285314206813,0.46515342346226846,0.5483770404657506,0.5281309431883632,0.4247694728225591,0.512921105398065,0.4928976986664997,0.4847150020330515,0.5098052857897205,0.45820067573158324,0.4984418269594409,0.4814302808777049,0.49617256665513954,0.5438923513562173,0.4925233408587588,0.5434923300575892,0.5136231836082528,0.5611525608881567,0.5725175649255394,0.5560013849045106,0.5045127996530173,0.5042916010500942,0.47857142702934324,0.5325215817853255,0.4649536089419802,0.5266361404385478,0.5338240663772291,0.5066074098412824,0.6434315773141017,0.4712616251626264,0.52034940024984,0.5727428867911445,0.49450551932008985,0.4862663499947736,0.4818644712430429,0.5285508920010236,0.508733201085717,0.5102264874692631,0.4872624263515852,0.5270248420096377,0.46656693625338097,0.5091280024822626,0.5068253309546208,0.4920721679402926,0.5009024528700081,0.5345024397607762,0.4899468032114769,0.5295773701366345,0.4495307873027268,0.5454406255218495,0.5413796544949059,0.5308597050617371,0.5866091195941009,0.5037172289268298,0.5843829734116023,0.4820995881563237,0.5037302216554371,0.44774270115574155,0.5047291148689248,0.4641565892245916,0.5473799582559892,0.5158735016056532,0.5473062498377712,0.5235882584028025,0.49971020717274295,0.5743894110474137,0.479980413291825,0.5309272076405379,0.4531494750832549,0.4923882095601541,0.48806699121664043,0.6014806831994477
0.5705181765324526,0.5714030730171156,0.5580132299094146,0.4903067057942717,0.49157030701449095,0.0,0.4651238399214093,0.5869284460259485,0.5456605796238353,0.5256297074093862,0.5438548427703076,0.5995092913597758,0.5545422140085118,0.46725031392327343,0.49281835581878475,0.629614590133397,0.605385847796729,0.5090903806341763,0.6381518638802243,0.6042306592552927,0.641685265145602,0.5432253740311509,0.4671203086491904,0.4771054710592847,0.6262634966510927,0.45411189449341277,0.41528177308140024,0.5486502195856012,0.45276135169489246,0.5570498453708237,0.5986262307554915,0.6326063821448699,0.4847697755290404,0.5419217746610258,0.5320257877096212,0.5516122437047075,0.5544194874593342,0.5624947748982231,0.5387955923340894,0.4344392521882682,0.518638694918859,0.5620740936977004,0.5676081539446494,0.5877370358800154,0.5336516973745544,0.532359582143385,0.5149025721052093,0.5657839342342017,0.5134085187955456,0.5596706502144685,0.570645906468284,0.5867911928118814,0.5017970604095066,0.5651918774905142,0.5401191008471401,0.5729150539607588,0.5853806559413188,0.6446271219262204,0.47629136859472054,0.5377070401370431,0.5827798989847986,0.5237509899188079,0.6043756947282357,0.4807775375004831,0.5131888973713191,0.541116581298648,0.47471252120037905,0.5262459880380815,0.4877207088537426,0.570392473517238,0.5652515812629452,0.4895003122682535,0.49121796487561437,0.5506491553803001,0.657920166192505,0.5165861894904894,0.5096658341941728,0.5001737266439716,0.5299229400380103,0.5154623496527375,0.624355632330683,0.549665135292431,0.5861898452391953,0.5652897992214919,0.5431128360025057,0.5787337494219971,0.5548187154230699,0.48746989186859274,0.5698001700564422,0.509899867459262,0.526040098159259,0.5502475885858608,0.5789492366691251,0.5462272892464263,0.5145061958233003,0.5736167175640079,0.5703653107123764,0.5939535961953745,0.464607112100382,0.5052403505672732,0.5034214873353958,0.5281005517681544,0.4805005866907659,0.5522501032349291,0.5653990947877988,0.5699865804049576,0.6151507538918297,0.5746963712796966,0.4904508092005464,0.5843311511094836,0.5680027541467605,0.5039101646677222,0.5619638395827785,0.5278458503138231,0.5106966323343686,0.5138638902612386,0.5823486306383086,0.5284217538993727,0.5683948718341555,0.4958662324527796,0.5003386150192003,0.5144417752146032,0.5489104512443141,0.5924448700191567,0.5034503254248749,0.5487558543462931,0.49431225605288226,0.5202844446211424,0.5851870375824715,0.47426929845307997,0.5841789084801668,0.6827929994764851,0.492358228191588,0.5190579280992297,0.5659110787426073,0.5143732226478437,0.5629530246844555,0.44680815020210024,0.4457835050185659,0.5781027750127883,0.4974950408453099,0.5874126939515403,0.5491070286053081,0.5584924902200125,0.5576776761720571,0.4544757174040424,0.6037042875255212,0.5501482871903131,0.6030996612666825,0.5000243964289137,0.5499380397916035,0.5542173698993963,0.5347599289293467,0.45414952872264713,0.6276157314060302,0.5598578666039401,0.490356885518702,0.6021739354350174,0.433509050460347,0.5219625576637026,0.48660704912442704,0.5411847109275779,0.506881000949643,0.5186110624516368
0.5410074805510465,0.5398014380790194,0.5044161963389079,0.5875770674631637,0.5828133069522845,0.4651238399214093,0.0,0.46557707408923205,0.4652518903756272,0.5124077098303805,0.5416917420863416,0.488542729317305,0.5688690038563325,0.5798865003503307,0.5741952695783737,0.5272681446046144,0.5577009602630826,0.5556992267469952,0.448843069210994,0.5099301071255051,0.5419358640007229,0.5536533627712459,0.6842075083077866,0.5829628099314794,0.549497046867821,0.5863174358966471,0.5266795477525752,0.5329302725972611,0.4606897378497703,0.45598113224856845,0.5047174506887752,0.5136177329151467,0.5415521557097589,0.5747135379893658,0.580698856773108,0.5616936133677167,0.5860617240621825,0.5084110551180534,0.47675702650291346,0.6235926431665414,0.5277778090234218,0.5232976259054697,0.5101645356892308,0.5803632955621719,0.5813904985395878,0.537462229518134,0.532839067605116,0.5334584939197966,0.714866194169957,0.5392201770743487,0.5814855679060407,0.5282512360719036,0.44659763564110366,0.5502191115257896,0.5478791783111736,0.5235520206204143,0.5127766659843752,0.47975458410718375,0.6055675811553647,0.5610656788070043,0.4765487321104105,0.4636479583507953,0.4622203789892499,0.5393603473861887,0.47831469053043996,0.4690700139699099,0.6153011192963931,0.5741830953277671,0.5296680846811616,0.47948715484313165,0.5430026773091928,0.5536176159082388,0.5071934271131426,0.6126443676305092,0.46470953508345125,0.47441620036312115,0.5747330417436662,0.6379140965670739,0.46979382464618946,0.4454679202231308,0.4586312151374096,0.518701304388588,0.5294559004573085,0.4660988811087064,0.504038072864856,0.521247124486013,0.44856906549102743,0.5346509832776183,0.5088651483744663,0.5141058835188649,0.5901242540440157,0.5563512759227048,0.5649179021979324,0.47402744055090357,0.5730522731848184,0.531340112375602,0.4163074679978714,0.5327645757757885,0.48365866449460565,0.5910978143266686,0.5405562467738644,0.45487728081283096,0.5353554498501399,0.49088670279645336,0.49326531554804737,0.5516506918080755,0.5010973004795349,0.5463760315777068,0.5972104601294602,0.58337665054348,0.5879388033034505,0.5341671735129485,0.5413551636768537,0.478669344518471,0.4981450574664779,0.5404046240435523,0.4709387865613934,0.5166261521056469,0.558469035717148,0.5115751526770842,0.5664605566749626,0.4607993264502422,0.5135144602655087,0.5736912745395774,0.4735777357671512,0.49734089467888665,0.5052082707324338,0.5348348374632789,0.5323550355803439,0.5665462143549942,0.46144889756363416,0.4663333692458252,0.46503176692732623,0.47336035361522877,0.4986739250888686,0.4794580886995056,0.4777599212936137,0.6252326606718267,0.5600193390360664,0.49731846429368304,0.49064740758279624,0.5162955563488538,0.5903216768505206,0.511414106082592,0.5652906691268618,0.558074670171028,0.5103926597468168,0.4917433915912158,0.5005284707849047,0.40779675448683267,0.49642473590600045,0.4593327764805879,0.5180549759507347,0.6191372468061027,0.5305387500441076,0.5381366000214068,0.535086840418832,0.5695594099757469,0.5712180772422372,0.5507007461324281,0.5013118202342871,0.47884114112492915,0.4725058381745119,0.5373071028980637
0.5488552488410864,0.5500651489617758,0.5391584518402721,0.5456949505682002,0.465635841132047,0.5869284460259485,0.46557707408923205,0.0,0.5532815233988296,0.5057987328222627,0.5708258326463305,0.5634955351593023,0.5954256574066017,0.4827546554367622,0.549813728975829,0.6099983898985125,0.5527072886797089,0.5313187777917715,0.5457940290211815,0.5798605490714545,0.5621932704624876,0.5606379176938433,0.48982820578511704,0.4914375035347022,0.5850615806591654,0.49294186539237395,0.4867513136328318,0.5688616354716612,0.44185898966434006,0.5174450207631048,0.6328959999589702,0.5448747596808473,0.5426096024436348,0.5329136388631991,0.5249642356408151,0.5582020395923926,0.5991638765768603,0.5995585350566083,0.577311724664548,0.4624661232831784,0.5344011926436931,0.4935135800706478,0.5703703987028003,0.5362247623278618,0.6327082020962992,0.5612513776460466,0.4550176959484168,0.5433845992704194,0.5156181730901986,0.5421132647988722,0.5524922390543165,0.5231711124822579,0.4629681795067177,0.5653642317574189,0.5589222943979,0.5096566070785039,0.5564501185869583,0.6157857801420121,0.4677807543245293,0.5586934748236612,0.6899994318661576,0.49211434954861827,0.5624144216190867,0.46761985724066685,0.4762808396424189,0.5199753988757471,0.525418185047741,0.5276784547843795,0.5161240082470222,0.7276900436046537,0.5667953841471839,0.49836883954215894,0.4682344070416393,0.5728180863879133,0.6276485816134116,0.4808998739999092,0.5521926403698509,0.49475265929843765,0.5918196540112525,0.44868210494296484,0.5109978398099815,0.548116272999194,0.5701305514306383,0.6183843945319988,0.507373601569429,0.633290552150059,0.6071436022896693,0.49435538604204055,0.5873429867892732,0.5594843022227961,0.5228052600594768,0.5119958089882796,0.5520305611312499,0.5033335153305314,0.5047718270437959,0.5753106839989367,0.5554380251003292,0.5272630026541845,0.4357511249928698,0.5245275030075761,0.533439780991864,0.607228465704403,0.4794719743010938,0.5351340171852937,0.5583628371424333,0.5822583661164457,0.5851473196931495,0.551704565103623,0.5042487564622233,0.5246901469251596,0.5169103314014862,0.4996183547274911,0.5281158076832838,0.5587142391355329,0.5334638321753267,0.5288725973569655,0.4969473453139944,0.5081273299306001,0.4935128718851997,0.5019320230232389,0.49718868100378805,0.6125230949578112,0.48195102978255044,0.5710662416481628,0.4650968768638112,0.5693693212718756,0.4646617063954317,0.6085409076292985,0.5441808014727464,0.5219254844483079,0.5370416839923343,0.58076928809679,0.5706273669566709,0.5123774472482985,0.5846945424774337,0.4740653734196965,0.5346441423404664,0.48360076575743466,0.5132111726549143,0.6154598818326638,0.5407039048031271,0.5166693832223458,0.5287044844177335,0.5334795233461594,0.5544614803281226,0.44633112594138186,0.5929238899060539,0.5451957093407162,0.5462165103375006,0.4493851016778137,0.5876024127861467,0.498536182120378,0.5454401611311518,0.46891397342642327,0.6038516059737834,0.6560300495020378,0.5375514953380249,0.5919594109584585,0.46592472177435745,0.497230573778557,0.47416837221527647,0.4891255666874876,0.4924724770109879,0.5184585663653447
0.6355885013884001,0.5035894109387262,0.44669708911702316,0.4825458248988941,0.49867578164992143,0.5456605796238353,0.4652518903756272,0.5532815233988296,0.0,0.4458623522793253,0.5008008488621177,0.5100759020771929,0.509705443664696,0.48625190411913477,0.490046038098967,0.5322672953774988,0.538953991624094,0.5485922836721555,0.5416739218540446,0.6211606282742811,0.5528888947094223,0.4958136785938429,0.4992894933499192,0.4566807767696807,0.5696237065993136,0.4626226574900814,0.4474779037357654,0.54026826398684,0.3932058878328178,0.6152684838484216,0.6225529692701424,0.5243805143739171,0.45830692088051095,0.5302602397430437,0.5870987042164324,0.5116920541726963,0.5517958232319927,0.6136003077692815,0.5006559945657201,0.433651395131251,0.4891981173564899,0.5991307940802031,0.5347399945611588,0.5366565669160295,0.513242726210226,0.5229152817988862,0.4858219069604396,0.4818868524173219,0.5215980272646794,0.5497899308253748,0.5384918868106545,0.542384926128829,0.48545169905087965,0.4765176082938644,0.4666255278913338,0.6236602112508809,0.6000276603849032,0.5755630987288842,0.46458218038270954,0.5316444918021609,0.49947436265257544,0.5160019629724762,0.5319246796318284,0.49087820497867996,0.5315226623146578,0.5175212909642912,0.49471840989720245,0.5182856186334219,0.4855676899043982,0.5943795068291291,0.5871174567370944,0.5347082973913144,0.5231847502326582,0.5101207067530588,0.5749218647392237,0.5236490298534904,0.47834018818760904,0.4819775978315582,0.5479655863175535,0.5042722020311636,0.53049576492632,0.6316499830773493,0.5735420408973758,0.5332335039521555,0.5906191038679407,0.6166654324785945,0.576409988520126,0.5149632539401159,0.5682922349656262,0.5912450137085712,0.5724070594316736,0.5912317920556064,0.5197294632145629,0.5364916740870216,0.5675585672164633,0.5162688395267683,0.511912458477871,0.5727645612837285,0.530114744460308,0.49789712477951825,0.5247490425169812,0.48356873683396734,0.511044328047035,0.4900998058431946,0.5984424007520984,0.546777567834325,0.5143260728874028,0.5683984911783977,0.4694810913388699,0.5044777088287011,0.5112524465775169,0.5792007607213456,0.5464826563680736,0.6098554676524879,0.514999487915007,0.533760131645482,0.5559187639577636,0.4768005588476728,0.4614697379347803,0.5816769205345346,0.5508190920058086,0.5591714788201999,0.5705357000125596,0.5650951410168885,0.6057563952119551,0.45779509055695805,0.5025983833133678,0.48954682780077313,0.476996583748644,0.4841662396168484,0.6576921764809431,0.5786351702524909,0.5571931551369379,0.6283777744887754,0.5167992418774622,0.5097109555348559,0.5407619896041312,0.46680637318922874,0.4422557851725275,0.6216904539700311,0.4687237826264759,0.5464309532425929,0.5848869904943423,0.5641544667555537,0.5510043562821146,0.4845928829668085,0.6360432133595006,0.4897483086476589,0.5157956475757264,0.47631691968113515,0.6332856834586524,0.5236747741270764,0.5358725458225743,0.4280648917864861,0.5710286971856375,0.6006639302445846,0.486232240218652,0.5461385034590441,0.45418462893298744,0.5289446075424894,0.45285718881766424,0.6216386390953788,0.5829316514671321,0.6071334735433396
0.47962295651897635,0.6114798615604401,0.6233136544359775,0.48071165348451067,0.47100554041744946,0.5256297074093862,0.5124077098303805,0.5057987328222627,0.4458623522793253,0.0,0.5391212805968972,0.5429708947360499,0.5456532833928187,0.49538382129302727,0.5069304088306019,0.5707601884788741,0.5416097584840311,0.4977694003390538,0.48630884969543453,0.5100520283710257,0.5167337944210889,0.5665692203873357,0.5205353653549359,0.48860767381106185,0.6220844877200664,0.4423817631058772,0.4738345885044656,0.5176576407342246,0.6088370540312517,0.4677187443908976,0.5164044728422374,0.5481167625127135,0.4940817058669484,0.494645719776785,0.5044135508391596,0.5427879603767201,0.5277846120209502,0.5055397330929646,0.4884807748849716,0.47392143422058547,0.5058841726886881,0.48489004367097255,0.49834408538718716,0.5195936341983731,0.5399736624726402,0.48668453525641253,0.4885047647301942,0.5450187946991859,0.554713162599828,0.4873940022705752,0.4885086039594578,0.46123038155190593,0.43913861418861,0.5347686431770281,0.5830812513096756,0.4927283647549022,0.4686971642766164,0.5041763691315807,0.5236616526040456,0.4978771773319538,0.503347743805602,0.43605810189344407,0.4541676171326548,0.5097385694330859,0.43348819592155446,0.4429560260585057,0.4742992355539452,0.49916648373353395,0.5333540421220305,0.5009059261532346,0.4681638878234344,0.4883775262742454,0.4330057752676942,0.5202046901113654,0.5137895197664484,0.46378055864092976,0.48590619299919285,0.5313209012885236,0.453326847327409,0.4241324636840663,0.4915994365867097,0.44420640590595173,0.5352576486268409,0.5036728976570561,0.4474760057920136,0.5093927108812124,0.4484312016478472,0.46577712395313514,0.5118738631330176,0.4598128786454658,0.471788546716246,0.4869144487152261,0.572038280805116,0.4416817863981838,0.46762967185235044,0.6160076271236671,0.43355693494804864,0.524509309380863,0.42175425960174107,0.48489704712886,0.5064336346273653,0.46677857629902125,0.44563359944686004,0.6346102702752473,0.46332588677495945,0.4999318411742438,0.5065578995846198,0.579144112707936,0.517540268261546,0.5738417627717097,0.502705451084382,0.4454614547165534,0.47441344232920174,0.4800413624938392,0.4550337409079946,0.46699452597775937,0.4859699957766341,0.6106207920472381,0.5590605391056148,0.4565015548103781,0.45792397153999015,0.4411841063917693,0.45789160178610866,0.5130625036664473,0.4353628157668514,0.6149025603113679,0.43055924352319985,0.5045049350350302,0.6359107724738858,0.5079453601594627,0.5061098155388452,0.48187127842014643,0.43822569272647277,0.423527385655123,0.5167581934578709,0.46437431411979796,0.5171609540570775,0.4787400605312488,0.5404971190008135,0.5009444114192633,0.51843877695811,0.5318315355250004,0.48796363305422935,0.4951202737175084,0.537419002581851,0.4424346071143442,0.4820754079730979,0.5422304991307747,0.682760275500049,0.4521177512351781,0.44749477465552123,0.5101444418083393,0.48766662807804123,0.5612619465381747,0.5581010542180176,0.5030726058494677,0.4848837877489276,0.5388495776564538,0.46176288271658417,0.4600658149324055,0.5285821541561367,0.45806589111987744,0.4556499944649387,0.4467223192515761
0.5372071093441259,0.5848268975447918,0.6121283281529897,0.5964772869313041,0.5805473968683976,0.5438548427703076,0.5416917420863416,0.5708258326463305,0.5008008488621177,0.5391212805968972,0.0,0.5989438372817077,0.5977567984387283,0.5231876316489438,0.562901422634136,0.6824432687966303,0.6193683380571395,0.5335410420558468,0.5261915492317553,0.5627991430561882,0.606638399064167,0.6881253744816982,0.5622957931311424,0.5722542223899885,0.6039234246723177,0.5380738974909078,0.5324646601508048,0.5998151578360822,0.5202114573897074,0.5117373594677528,0.5559119251821548,0.5358320664722765,0.5500467890215089,0.5460385266677761,0.566428148721349,0.603003260550876,0.6222330591399678,0.6010230887514588,0.6118659525817389,0.5241029680489964,0.5619494035587713,0.5309013511820749,0.5400042432115981,0.6127560510452511,0.5957661431310101,0.5091015681577044,0.4558532809886102,0.6646822163016081,0.6007575837878044,0.5442409583348845,0.5605711209382894,0.5222222162467193,0.44241431591374875,0.6323309268844791,0.654724321625306,0.49427718202856846,0.5430510903585885,0.6217472791509872,0.5039188136141142,0.5480271865899546,0.5870395509203126,0.4522103119081645,0.5113299800815648,0.5229249673102051,0.45695440086913314,0.4670608088636459,0.549415602407646,0.5242646364858933,0.5424989856100982,0.5947025389485237,0.5373931442667517,0.514067979528603,0.4888011635136523,0.6085240975402043,0.5695951987741724,0.4462204363090818,0.6048230409087515,0.5989988917486355,0.5031455108053341,0.4579360132108192,0.4866990248823335,0.5170134114633322,0.5654743720204084,0.5502795522457025,0.5064356117672114,0.5851164491329117,0.527243851625621,0.48047961995197636,0.50438467407456,0.5258177820239037,0.5756463956668549,0.5002104238005384,0.6229958100938043,0.47689889177326855,0.5358703299968067,0.5948479227231286,0.4689167815029616,0.5173106105365174,0.4539989330072132,0.5046097517080695,0.5653540943743042,0.5270782227799359,0.4792435573079195,0.5312541023363885,0.5121224544281568,0.5432652613280962,0.5356425501552103,0.5963666042121281,0.5151899076470957,0.6041420255218537,0.5926581322335919,0.5252073791432168,0.5247445005005372,0.5575246080437036,0.4977700792042792,0.5455059072178758,0.469435207405188,0.5788144477876789,0.5788741650506597,0.5077584040933014,0.5698549838450048,0.5119385721681954,0.5072553934992746,0.5746967230883632,0.48084911773477323,0.58896522271054,0.46120636977411433,0.5975430972019059,0.6010664310601126,0.5319512330883907,0.4997382061675251,0.5580533355017764,0.5360808619539957,0.5228312486206246,0.6254287897879837,0.4776535669402787,0.5132190751443378,0.5363543593555505,0.5863798311096718,0.5650689469303155,0.5138905966336389,0.5588106553663391,0.5351791988272555,0.558179176710184,0.6315332408937611,0.459723098011333,0.5796480679600228,0.5128422622156641,0.5620099776612075,0.4743881714013203,0.5458788901747258,0.4849397637324182,0.6313834812930699,0.5122413628401123,0.6040485712637963,0.5927565351135936,0.5991958009208607,0.6017923116528386,0.5189032928417595,0.5176604695250845,0.46628669276682766,0.4855902375702636,0.4795961474496485,0.5873149410862682
0.4955256853797,0.5811367681929608,0.566418820770871,0.5032625982622888,0.5216868776799326,0.5995092913597758,0.488542729317305,0.5634955351593023,0.5100759020771929,0.5429708947360499,0.5989438372817077,0.0,0.5007533370450012,0.44294929396339505,0.5042298835864852,0.6027108360402734,0.5467407419712197,0.46240813545952336,0.6073622265991362,0.5442834614645499,0.6108100078999782,0.5741028854374434,0.5024583242784674,0.5150262962772864,0.635902874667295,0.456192780517289,0.4407031927662927,0.5176050961794499,0.49040001396863836,0.5381150935254888,0.6043810720847084,0.5361076358054535,0.48493704320316783,0.5582703687687193,0.5162625597600415,0.5672423936820506,0.5440760255466612,0.5374126099915418,0.6546205749562373,0.4392236551646511,0.5214244230137933,0.5429602885502482,0.5140827475259498,0.5887592711785722,0.5364655978899905,0.47436587132984614,0.45518624705519234,0.592773694671965,0.5274856656937792,0.5027393972440622,0.5146504475351327,0.4986368028283177,0.42597804530145145,0.5810404532093038,0.5829240935897758,0.5207536135246844,0.5145594334850739,0.6598397101507222,0.4517586423396398,0.497110907104884,0.5299836301412835,0.4396139832318181,0.48146955170299305,0.48607781961264473,0.44464994096072163,0.44757665385135953,0.47228911931147716,0.4747993976530989,0.45657387985427544,0.540081200165759,0.4967656484763376,0.46236864297471786,0.44892722000808183,0.5179075302441395,0.5413199028366197,0.43905761038651403,0.5111540588692136,0.5358024803063358,0.48006236945705294,0.45438550372294884,0.4940373732154167,0.5090124280487673,0.5640747253491588,0.49554851075758255,0.4943361354466607,0.55412872229206,0.5191585831443108,0.4441793904609626,0.4888816840892114,0.5304649136569948,0.5036768038981365,0.5285267766236929,0.5616439770443962,0.46145453877462256,0.4808748668859594,0.6272307175597963,0.4847783430617066,0.5698897744786637,0.4440560777077404,0.46082940506552533,0.5092839441112479,0.51448261102691,0.4654059797626042,0.5966040010999463,0.4859131160620305,0.5061950967371415,0.5257855992234518,0.5842116913713735,0.46317826158576886,0.6180094808918434,0.5991710147472304,0.4947410438981269,0.4830569210759862,0.5277095868261519,0.4485849082227626,0.4841521271835086,0.48258461831378513,0.571369632921822,0.541101322991475,0.4707631000105792,0.4983065501466278,0.4842869893165874,0.5000162734845945,0.5476774389128709,0.46941127030153423,0.5785897327907074,0.44123420990125256,0.5597274752240714,0.5966031403080098,0.4560144601643305,0.5290238304728344,0.5591741786793836,0.4704386976303034,0.5119131362032971,0.61929957390703,0.45442497095901246,0.5309494215998489,0.45645246293822944,0.483216611420691,0.5827045014482714,0.4633614790175741,0.5487210866262827,0.5138822405204422,0.5495399927880524,0.5923682576697703,0.4437076389913753,0.6175956066861521,0.49720842514422736,0.614318056188609,0.49886429521656356,0.5309439849515636,0.48908257375365205,0.5620024207875947,0.47369120316817875,0.670729961827661,0.5487278794563244,0.4930153916620002,0.5874789716730415,0.43657421791330275,0.46818782144982135,0.43394999302838916,0.4858336634686108,0.4935247936458987,0.5206111905541428
