0,1,2,3,4,5,6,7,8,9,10,11,12,13,14,15,16,17,18,19,20,21,22,23,24,25,26,27,28,29,30,31,32,33,34,35,36,37,38,39,40,41,42,43,44,45,46,47,48,49,50,51,52,53,54,55,56,57,58,59,60,61,62,63,64,65,66,67,68,69,70,71,72,73,74,75,76,77,78,79,80,81,82,83,84,85,86,87,88,89,90,91,92,93,94,95,96,97,98,99,100,101,102,103,104,105,106,107,108,109,110,111,112,113,114,115,116,117,118,119,120,121,122,123,124,125,126,127,128,129,130,131,132,133,134,135,136,137,138,139,140,141,142,143,144,145,146,147,148,149,150,151,152,153,154,155,156,157,158,159,160,161,162,163
0.0,0.3648865472420294,0.3159489315268099,0.26049007613114905,0.25790247786115744,0.3328563363807367,0.2678076547258618,0.3215672725956633,0.37511215533568426,0.3434215341144108,0.33407473213350536,0.29869583435119235,0.41048101216768834,0.31483922059573183,0.3343344542248219,0.3274338592321103,0.3665128748131433,0.45794782835459835,0.3705893746601593,0.4526593311281599,0.3830383492993493,0.3518379753269389,0.294854700335987,0.3129836865109709,0.420842851153572,0.2760644348553066,0.2609546975953842,0.37024541140619394,0.2779009855752635,0.3145365576102472,0.363362996035395,0.4072519496220712,0.2751323666635508,0.3281402495815624,0.39745988648352976,0.35066534409893685,0.38797419373892156,0.4055911571308816,0.2825239339561787,0.3342238610922175,0.31219181717884315,0.3358813834352167,0.36557370323601246,0.33617647365594516,0.33415380281784685,0.3735831714784133,0.3028381782366313,0.31794588331088064,0.40304090594892444,0.4300635766346077,0.40417780817383003,0.3599060032865575,0.2976504645555497,0.31648832197244925,0.3250478266831204,0.37455508631018963,0.4972637762975599,0.2885097246234043,0.33248918929620097,0.385337235212753,0.3230979969233698,0.30961835497721896,0.34727416669231886,0.2740942980057639,0.35043338592539486,0.37242934682855344,0.31938715309292576,0.36812891374213635,0.3389740441711412,0.35568328356931506,0.43609958260532605,0.34495320457005885,0.383791813990183,0.37306361967851337,0.41976187553699773,0.36832534361212976,0.26062180043768074,0.26581335525494315,0.36765667967095517,0.27868652267195776,0.35558369979406396,0.3977829503954148,0.3643399582884044,0.39593028461607416,0.3757890661657885,0.44612128095989356,0.31041548265362323,0.38362491593074,0.39564406934472707,0.3387446805737942,0.3654681432667421,0.29880052937654716,0.39984346525082015,0.4192727845927541,0.36872845598490195,0.31697386448490295,0.27134768777379176,0.28890077196449215,0.28044566246847924,0.40620854938285533,0.3361026987699556,0.2640656697487477,0.2852629336462507,0.2758245854818973,0.4258485210568149,0.3435053743173787,0.3523019965927355,0.3518577269537654,0.33644640320657965,0.328061768564586,0.3246366815255369,0.3795199095464087,0.4087659751611623,0.29778685701035007,0.4069027080746133,0.36913545962638056,0.3488560884620138,0.3684451618442226,0.29336746348385184,0.3073019915990188,0.3010844635645929,0.2704489499492376,0.3578442603589998,0.4021661313009338,0.320348691427676,0.3182326970105386,0.3113160714367256,0.25206329303563196,0.3282176794662416,0.3725343221626725,0.3319375352210316,0.30863089145234546,0.28776288744946377,0.366323262335277,0.3460537300960714,0.32334782854943184,0.3746512509021064,0.3508261803270472,0.3072901371716113,0.3867713875109496,0.2673632468143559,0.33366856054039856,0.3802167057299819,0.3221820665450287,0.37616598023726394,0.35521652043415053,0.35378184245826644,0.2975409371694433,0.41302035350653554,0.23556846722097757,0.39530890851485356,0.3236492861515189,0.35989902374752314,0.2519773393452767,0.35164674426046016,0.371119662212866,0.32585304194356296,0.3254804041786593,0.276871003061898,0.40833963634947995,0.30052517536399626,0.39007261566982054,0.2663117057180033,0.42738639757411173
0.3648865472420294,0.0,0.33077953650991304,0.2944999501687576,0.26213685009448023,0.3271468320427579,0.3391530411241337,0.3263205476676444,0.2999796980734302,0.5134741028287516,0.32391327718951973,0.2985690294221975,0.3391144706143426,0.3875884822934199,0.3525782691763179,0.286302975918239,0.34922888050805634,0.3527661683490184,0.35685047725679153,0.31935637282519547,0.3370324203937884,0.3847983937377237,0.3583264287997166,0.3338215114942844,0.39215263530055317,0.2698753376259749,0.2580563491556306,0.3659744812249982,0.4249729648054084,0.2624610448147223,0.34993264215693115,0.33970166216463915,0.3203846886920389,0.30807748252962097,0.3767372739672188,0.36284981333627514,0.31646379567139143,0.3410895572823789,0.2891234679676615,0.3692564371689294,0.38867441801149993,0.34594462600147635,0.26180541895911263,0.3009753151593168,0.35693259603869504,0.30509805746411783,0.28866561607929353,0.27855178879574416,0.40171065032572956,0.3134454364554256,0.3548291057018147,0.3211210104865604,0.321386072563852,0.39436894648580234,0.36167459223137854,0.4007147794543183,0.33976692040706463,0.26465360495231877,0.3907335888404091,0.36660552248399775,0.33660523944028126,0.2564998385002066,0.2775374863545027,0.27311609310296114,0.29541651214457976,0.2788922612492056,0.31130363116737414,0.30456259099961763,0.30181606486835494,0.32858766172008064,0.32611823834023607,0.3578623453147428,0.29434558346015643,0.36200774441673284,0.3466243213625446,0.3149464144369912,0.26040176440496493,0.3380322203307248,0.30152197484592835,0.2724544160936645,0.3314602343206547,0.3384453147403932,0.3934970645766443,0.33134724411712624,0.3222531510307684,0.4345762997003396,0.2580694459889051,0.2965924395182958,0.30974132743527943,0.3383566729453247,0.29536812182349254,0.3208659652404311,0.3770971034641651,0.33562515775939167,0.3829592745114122,0.3478226724217523,0.2570279012344521,0.323678068915761,0.27711897599630786,0.3989235296043415,0.337953917630018,0.2350866455575458,0.24382563428998444,0.29485910976717195,0.3147805746526653,0.28705753152947644,0.28320778481194264,0.4162345683324475,0.35124690875516085,0.3632884974110503,0.30818274140476765,0.29838571385000995,0.3503523984842934,0.2649944728296353,0.366691341025225,0.41407818574023325,0.34918384185304085,0.28573765760946324,0.31865052532703,0.31394944626074717,0.29316953440175975,0.2642078605466186,0.32774801998577174,0.4029392143007681,0.30589613467801063,0.3966126145089747,0.30674551759970137,0.27665226844836793,0.419023897136808,0.335456577120734,0.3504369510406265,0.27547180906887636,0.26238000973277276,0.3559270112577336,0.3047569550915689,0.29575259119939795,0.3097081603055952,0.376970593543641,0.30840511123430386,0.3110567773019147,0.2850632049446469,0.33417900565284414,0.42067966988332783,0.2994906166114877,0.34021004096919655,0.30329228763512445,0.32188047841374595,0.318760954757726,0.42386733994701536,0.24986426114533394,0.3009545049070259,0.3724932066178521,0.30334334920874384,0.3155817796206246,0.3284996785393556,0.32379423194821333,0.30878721760476086,0.3390586341254535,0.3111969811714306,0.3287473088130639,0.36640074432722175,0.39469301259118295,0.28130669738900416,0.33340079542317624
0.3159489315268099,0.33077953650991304,0.0,0.26596017042994313,0.285667329262761,0.32567429424453315,0.2661819352864068,0.3167164274968385,0.28864100364537537,0.3645034043971148,0.37917422538823714,0.30755680120347884,0.3762088825004355,0.28324535823617353,0.3112385132371262,0.4571749559444571,0.4013589951250929,0.3243014756316201,0.2776403117598638,0.26512547872122266,0.40128125108381224,0.4655022042951343,0.25980260390912396,0.33210841826901066,0.30424973380139825,0.3428954719740937,0.2657792933799226,0.3191112890183102,0.29791178307428706,0.341968703133664,0.28438614141867297,0.35911285286637007,0.25930901182463273,0.2585228104021647,0.2624315450870472,0.306763694243555,0.34762876613577853,0.340346469761808,0.30689235080825805,0.33003355063667483,0.29040961912778496,0.3086570215575445,0.3091210107193421,0.2966611920560163,0.3361844114367131,0.3127604242464035,0.2953847115709279,0.34402812717703485,0.326301245829402,0.30777678810638426,0.36956538290504687,0.324936562795307,0.22822841349146686,0.3658288972754758,0.3392913377593337,0.27853450384263345,0.3135475624210804,0.32904569686070595,0.2870858767446905,0.305473223193854,0.3025247113403605,0.26028851313451884,0.31850149849445025,0.23225586175839807,0.2443684513513166,0.2705986575927797,0.2901389734781244,0.38270761723798513,0.3269633033758661,0.31708651840195534,0.3557464135187132,0.26172480556048083,0.27953720600647436,0.4869461864652146,0.3603100286663631,0.23296827941557519,0.336608120658232,0.3361625124355003,0.2847574975081749,0.26426042570398944,0.29472220991444154,0.3076814519949096,0.40806771903762934,0.32011723860691005,0.2878694379007502,0.3929549394549498,0.2437506098091184,0.273696547452099,0.29586960153002007,0.28258904554029707,0.3376610466197943,0.2284571656224423,0.35549923819389045,0.25226356126854543,0.30181633891346743,0.29552261081522146,0.23257697467283103,0.24559657741491958,0.22125073774945184,0.32349459757745125,0.2633753662431776,0.2571380554570523,0.2251019601772222,0.24949637732411184,0.29744415533990765,0.37517052278345975,0.3076276687480682,0.2951577318960964,0.30530454947949104,0.3462988703408989,0.2883569811179197,0.26837173377574003,0.29884766205241153,0.2670108070420125,0.30166343640009385,0.3942255628255624,0.23776088834589743,0.3304203100040421,0.29657779799833595,0.26100518965948494,0.3192690751799937,0.24200221514632284,0.251064501915317,0.3784820347699562,0.2222141877310385,0.36915538758261596,0.27302831837893726,0.32840037207356504,0.3224874524905596,0.29834967716278554,0.2969558122152849,0.4111241192299156,0.24500441813168983,0.2553607572531783,0.2959226617023568,0.23923215676637927,0.284487457020195,0.28781534311152995,0.29304544673589833,0.30970446887480657,0.22736342967339648,0.29427918397385583,0.2987503754458598,0.27875629523742507,0.31858494092646256,0.24925408564783164,0.38021259866438384,0.3225838253996135,0.3404120603809189,0.2243696625105634,0.2581386663604602,0.23210371195612114,0.30391572695282604,0.3264913846034055,0.30603705020968297,0.3013424831907047,0.3284593341619573,0.4076031440019937,0.21122834363259804,0.34298029388337875,0.28118100439833327,0.23960885292678952,0.23802681514852642,0.3339893084602557
0.26049007613114905,0.2944999501687576,0.26596017042994313,0.0,0.2258581493622149,0.26922279914593134,0.3376624556816706,0.27865493858988294,0.25559892265652034,0.2949891210135772,0.2932031395370688,0.3108016147952502,0.2685682192091259,0.2658960142130003,0.33317868609428686,0.24614676479444966,0.2567353348125271,0.27477041507104644,0.29512060187846584,0.23117463320475887,0.280792658235321,0.2807581363720113,0.3026767350097365,0.25301724638312995,0.3101752102863988,0.28896637862697594,0.2919320124172894,0.2830231709942864,0.2715830736196794,0.22018631175417583,0.295092128669931,0.25637525118271615,0.4518006636580901,0.29761341080771536,0.27685584421892334,0.33076654135499955,0.28144082352383587,0.2952947028531442,0.27375213420898503,0.29368144620499526,0.31178974556658423,0.25999181142994254,0.23456306394025742,0.29648768627051075,0.30304275401813396,0.2670167725169618,0.195845228877364,0.2509898492348968,0.2957445815168743,0.25430752550708896,0.3184006184310787,0.280023246386728,0.22650278189052192,0.3825637733759286,0.3382333103540103,0.25578835576215364,0.2665071372582736,0.2923978401427765,0.26239076777252984,0.2855546996693293,0.277203437301186,0.23297092741475744,0.25466310231615497,0.22308520535020987,0.239007157112939,0.2486848088208463,0.33440975626398567,0.24045348455565244,0.271578193084678,0.2875917320229409,0.25935206798794425,0.24645146040132934,0.27211583285419316,0.3416829611754915,0.28138445889298813,0.21833486002394273,0.2798669545202945,0.2762526488561314,0.2658165763370598,0.1912814091009931,0.2261928047311354,0.33581693036865157,0.25172481189695606,0.27040580988791063,0.29871790347546345,0.3032411604605083,0.2644901673107222,0.27826971029572123,0.2734227832908131,0.2846660013751182,0.3052782541632765,0.30284280709570544,0.26232353754303533,0.2325418674100506,0.30309668320002203,0.32602299573667537,0.21843561957748642,0.2998771902276859,0.23480365219998234,0.3135322621700789,0.27033352724783555,0.24057918824722627,0.342756975268887,0.3211226061904977,0.2804836011954961,0.25081478585265454,0.25789465802647804,0.27766359008010216,0.2652259516082267,0.2419527087579891,0.31442061470386884,0.2813089175083611,0.31500045564933726,0.2819495928914353,0.2890382398457466,0.27800231113555796,0.24422751532535386,0.23957085144207313,0.301566955338436,0.3014613630115498,0.24062186270045338,0.30784153799742464,0.23783278044401318,0.2800842114900729,0.2194104776713715,0.3106297655588527,0.26736771196530534,0.26101822344584147,0.30957087826759366,0.29033757171486846,0.24047368719068613,0.24608364220430873,0.2591204754096901,0.29832059664761823,0.274932102361609,0.19867814591103744,0.2001375888221868,0.30354834132438857,0.2948937045403759,0.2864751121267061,0.36354025841161547,0.24796794127299282,0.31065039158253555,0.28388523692569934,0.273297694954417,0.2987643465255419,0.28506921631037907,0.2410939115975503,0.2579742820762638,0.20112817694617935,0.2987894646907243,0.263681548355173,0.2799707763381773,0.24356119586560293,0.3434913393971292,0.2870850916545626,0.2659946175976587,0.2975635815286532,0.34918921293963306,0.27866636275444606,0.25342840576228465,0.2499954923605769,0.2554697906298188,0.27604442962256076
0.25790247786115744,0.26213685009448023,0.285667329262761,0.2258581493622149,0.0,0.2238145286741421,0.306508644447867,0.21634158581709448,0.2376938764178508,0.26702616236582616,0.3055078205055878,0.2733342779367894,0.22465032086533732,0.2366778060546636,0.2659068587364401,0.27228366204390536,0.2903098997974006,0.2549133200897213,0.2317286310171208,0.21764552436240184,0.30714412906730143,0.2877166973636009,0.30248938865003716,0.29205970534739945,0.25769079328867683,0.2779966807297219,0.23494300624741943,0.23318950868567487,0.24599825016161206,0.29521364008288165,0.25244814104408964,0.23030402633578975,0.21083377673863277,0.2491759512336235,0.2887774864559584,0.2978049772674962,0.2658602559195174,0.26036944321134453,0.28104280311171476,0.2634973760890658,0.27287231312542115,0.3136534281998544,0.2470855763243508,0.298807028940179,0.22047229447466898,0.22545309730968494,0.28567952222249293,0.3027878048112149,0.3091097128039876,0.2602260872850789,0.29530799774283367,0.26221168511817233,0.21957763813404912,0.25866461899870385,0.2734296782507018,0.24944463349123439,0.24369047742001376,0.29470706339979236,0.24027454915576887,0.24000412770402824,0.1962357222812281,0.2103246663534054,0.23663640418304463,0.2474827008797547,0.23070405364081323,0.19264232152874167,0.22527813575801572,0.2615172935795035,0.22927276971042795,0.24149261846249692,0.25515303675439344,0.2423070798820006,0.23866096261829,0.26648663990708565,0.2258087217308779,0.20660482259890586,0.25227931433508477,0.4307641141557785,0.2171165442696593,0.23703497641118587,0.24837691154156827,0.2674797457149277,0.3090067473976712,0.20828534311798602,0.25380039301290436,0.2523695343485845,0.2109143404754499,0.23333750264253877,0.21565618161562933,0.24204409694628243,0.3674368930075651,0.26444389513943956,0.3260283974543805,0.20986571935979986,0.2804130405640784,0.24798367076300482,0.17737474132760855,0.23166121343822177,0.25177798769958065,0.23024067640006365,0.23555434262495675,0.20140157131946135,0.23770899964177666,0.22027427824463292,0.23070844034998025,0.24646644972416784,0.2178772375635589,0.28033439933284043,0.2649688526734344,0.2830860616282225,0.288561517877826,0.28865948961048177,0.23449464902361714,0.24917923843254994,0.22921270177648229,0.2782418941474877,0.21720439468179703,0.2612581935704242,0.2523137141122724,0.2724327990475864,0.34081949249419435,0.22177000550737602,0.22781940715178936,0.3139558667102708,0.22849772508013297,0.23940799621287076,0.23931191954174072,0.2541823437130976,0.25445040224137117,0.23178725356222984,0.24165995162419,0.24464409231436898,0.19685593582157335,0.27750762719517064,0.23486475094293954,0.2328456132929517,0.2409827389831325,0.2925894357767796,0.22898743754618886,0.2678596782141233,0.1838742764350003,0.26174980452100105,0.2837534573355132,0.2673112424914445,0.2969124169234833,0.2687013258122346,0.31830901158093833,0.24670918007655504,0.2517286740731904,0.21577752545134551,0.23570437709564604,0.2317228167958023,0.28265018481683335,0.271454000492368,0.27136691745074054,0.23655487346748577,0.21766638724766646,0.3045436618415856,0.21428261165844475,0.2591739636635123,0.2194920423067892,0.2367327412612211,0.24205668135036126,0.35621112269824606
0.3328563363807367,0.3271468320427579,0.32567429424453315,0.26922279914593134,0.2238145286741421,0.0,0.2663841260784801,0.27993408964225297,0.28154380142148844,0.29723506741490097,0.3251958970649297,0.3603121960757448,0.34617117402822756,0.2323319659513728,0.3129830028349456,0.3166964364465065,0.31033663391843397,0.2481408640107941,0.35702720521658493,0.2767982930231187,0.33808664443652364,0.3167288155823179,0.21596898970380035,0.25539932101436674,0.33723105934006414,0.25638156947461493,0.20744752396270194,0.2719275927747126,0.28639084879318655,0.28651393699975386,0.31434592277973256,0.3913244741090977,0.30123014424966377,0.26265662078535057,0.27280108133842484,0.2780566761272634,0.320404647086612,0.27639611138219344,0.26908743101721455,0.24644114489394625,0.30446844920811333,0.3034184754089835,0.29462339444565044,0.3559611126113203,0.2603156660151402,0.2610738581219576,0.2560640202723117,0.3075048995909017,0.250970187513263,0.2896596993873327,0.3546666787428788,0.38901658291159436,0.22588465237752312,0.3690565121760645,0.3033038334331702,0.3230937595624635,0.30337254932012203,0.36865396363795505,0.23493482503257448,0.26127115738819184,0.3120174427726728,0.28736225641423513,0.3587371697175332,0.1982940724101103,0.249220240760198,0.27036310885355436,0.25790736952350923,0.33944776265367943,0.24736775075188236,0.2851411118429325,0.3403873759629186,0.22877728143749337,0.27814543180074947,0.3231486130487839,0.34221340164795716,0.2529676320087594,0.2654792032037105,0.25720575075979824,0.259194230709998,0.3024756791103492,0.36873524561468246,0.30852977679101096,0.3307688184689808,0.31202147833416194,0.2797858477311446,0.3028732761114056,0.28229134726969435,0.2699381106954249,0.28941552259487796,0.26582505660357847,0.3156894809816,0.2956240367227387,0.318034748005897,0.26877499202801114,0.2567252089294692,0.3599485122308253,0.25887226210816294,0.30139209262896677,0.2203075904711374,0.2932264192630135,0.245886993632808,0.23342594157728813,0.2600557052456365,0.2544317229829578,0.3076933722352576,0.3181624309451838,0.30610986293486264,0.2789989048320506,0.25330960415293635,0.3033326203610881,0.33954950444784904,0.24603167095553685,0.3704477844799613,0.25192906218194505,0.28117114856335373,0.3192352114155842,0.2894281353380258,0.25699200092739044,0.35713086323422705,0.26310098558293044,0.24265082916175248,0.2731511056908315,0.2756222211906451,0.35614060866435976,0.2569863504556599,0.3834322431593767,0.2739738534178064,0.2503320188863702,0.3069710830366935,0.2455235327891075,0.29090467550982946,0.3708523158539546,0.24403718796755386,0.2887993943668783,0.2757464806494345,0.248417668220199,0.29353091533320336,0.24656049674643535,0.22273840046143584,0.2780774135938468,0.2700383782213666,0.29711213039319134,0.2710819270827837,0.2654419098963857,0.28925935341841863,0.271109441040166,0.34633983551925807,0.2895893414905143,0.2957081206876023,0.21636388849049748,0.28510517123867324,0.2829429076775014,0.23495166050308136,0.23926369134805256,0.35028426723170475,0.27856426244106136,0.2758643314556361,0.37595721436134505,0.24157898126258615,0.32984072644396245,0.2414672311354789,0.3103686974776155,0.23176115971980865,0.2998105290410773
0.2678076547258618,0.3391530411241337,0.2661819352864068,0.3376624556816706,0.306508644447867,0.2663841260784801,0.0,0.2312792362426965,0.2432273815281956,0.3128477550231946,0.30846690320444964,0.36071821822606154,0.26223931772635445,0.283566229005752,0.35962509467799075,0.24538418869652764,0.2870043377020135,0.27477756173342965,0.2911498873463327,0.22290117693364278,0.3094828002111609,0.3248604126500785,0.39198741151626415,0.33519094050039805,0.3076245793296531,0.29739300336113916,0.2531942939199577,0.25851183369114444,0.3549575246419558,0.26007331350622787,0.27870415632276724,0.257095191466471,0.3205266037872746,0.294893934083163,0.29436775707136487,0.304327926401788,0.3089525884168735,0.26507008294637036,0.30293715197942345,0.35345545533211303,0.3926774148099631,0.32809597694270964,0.26073397567333667,0.3574947013784269,0.2724634072524211,0.26206031950872416,0.2732803323199062,0.27264907186667564,0.3928422996696414,0.2547674596520482,0.33562712555792,0.30389780444409,0.2420801770045817,0.3795766679822804,0.34972574461596867,0.3038713171885808,0.265915778434138,0.29481100764245777,0.301437556164686,0.2655588553239299,0.22237120034156244,0.22456575996934114,0.24165139579083675,0.26115560556864853,0.2438110799768893,0.21050637192306468,0.28705253738782716,0.2784911615110667,0.2422458456418242,0.24604067449039516,0.28443513941061405,0.2647420356768865,0.2470129890570443,0.316664686041578,0.22591617113138407,0.23889121887131393,0.2941144854182495,0.3756188375675013,0.23830941984463605,0.2365720791726209,0.27288634193551936,0.2984779865516391,0.3111996700385304,0.22163017355504577,0.27321784481499306,0.28106748227593176,0.2244073846372646,0.25396623586062067,0.24263802499774292,0.2773241677680122,0.3522679752967727,0.3699934151169405,0.3241613511133067,0.2402419495948808,0.3130590232953647,0.3575355983071178,0.19587527524125284,0.3257663591298123,0.27150169221619086,0.28715642277883113,0.2809213779795415,0.22542571581579526,0.30064875164403926,0.2827831747246816,0.23935959805222698,0.25962153008302447,0.23379490488439475,0.3073029141669867,0.33081090750815,0.3231929658802128,0.40423253180502056,0.28610173336350436,0.2609505959469515,0.24173301073059905,0.2634979526575955,0.3170210756695117,0.2556184689745545,0.27763447707708266,0.32730709119198914,0.28702694182186833,0.29793177255475123,0.2526666626718137,0.2582209951697396,0.3440809280532276,0.2471249423659154,0.34334994301897065,0.25109809427524893,0.29124889987981856,0.3072880240763499,0.27996182382689133,0.24613187178309962,0.23047015347797498,0.21571593822292517,0.2862267137731828,0.24628101654574006,0.2553768707019193,0.25485080236042484,0.3520473708291702,0.26980371364029443,0.2851785313257159,0.2616870423828232,0.2739222918661273,0.32714195403991236,0.2703027532761963,0.3213874714583233,0.32980372331875324,0.3156128613413668,0.2933027813619129,0.27080322826935777,0.21719942723397434,0.2633204605969596,0.2990387171497429,0.2818361958380028,0.32198996479735065,0.37441365932639775,0.26754698581003317,0.270084086658765,0.3407122229061622,0.3178959419890441,0.3004333457493965,0.28039815270840845,0.2763300860071473,0.2792707834740577,0.33771453772331117
0.3215672725956633,0.3263205476676444,0.3167164274968385,0.27865493858988294,0.21634158581709448,0.27993408964225297,0.2312792362426965,0.0,0.3250972438401219,0.342818000177692,0.2845821077245613,0.27959298975413815,0.33288916489909903,0.28052476259743925,0.2887064855330645,0.31698313453996974,0.32005341586372055,0.30729576605735104,0.3054391711558545,0.30000605068919706,0.3224659687048,0.2874822992119301,0.2643429718959015,0.2434112763020172,0.3316802344006208,0.2675207031692605,0.2830734387757758,0.34670556643229844,0.23894706500555862,0.2628364060663682,0.39617226152826174,0.3306455189197664,0.26488796945409804,0.29510535408356087,0.30761931832857076,0.3512879516308691,0.34165744114796215,0.3732414326958706,0.30990759108076654,0.28031067985288094,0.27388243665719475,0.27091568645164116,0.31471559378380753,0.25299763287185806,0.4167199932273736,0.29987598105228624,0.23730734389243557,0.26951370041337236,0.3114455148481128,0.30433743576271927,0.3351677610511024,0.2668472795913436,0.2523486918151241,0.3046007943601567,0.3289150129029842,0.29370077910587244,0.31206179703705855,0.3151889850210154,0.30659426724216293,0.31254919803876297,0.4610754958798132,0.26114806403044794,0.3115677430027371,0.254353056280922,0.25645234247279425,0.28413020701262515,0.3065110609250439,0.28726423995452205,0.34179009308216934,0.5209464203347244,0.3137139207598692,0.2990019558878581,0.30019569451262484,0.37611702138771447,0.3877685880449126,0.2659036653173485,0.31279606590368925,0.2503870335462955,0.3648710360654082,0.21469499922531055,0.2628074492195067,0.3430092908780579,0.30845849848884666,0.3767562283820757,0.32739310839546537,0.41060709268586665,0.4211389008167936,0.3332009729151834,0.3759932061395027,0.2985560723580775,0.2815215068988477,0.2735296756157202,0.3109501750990777,0.2674817474016041,0.3316696566255968,0.2818645426462747,0.3124332851770781,0.28800503281824624,0.244854842487614,0.3744806555093561,0.28709045998511684,0.3605599856197115,0.26488304516620326,0.2776142789015395,0.3788021428418354,0.3114851595503503,0.3229409177193618,0.32108412232787675,0.27096472098030494,0.2677494397388405,0.25650657998615295,0.29306865221552014,0.3369368844625836,0.3088076746563628,0.31813900843271753,0.31030232539848246,0.290270563234327,0.27727720047986937,0.25085192955133157,0.294937399996997,0.24968719478396761,0.4205278965600239,0.2570173950106356,0.3080845902947044,0.2495747744461754,0.2965007879166678,0.2886140297912214,0.31936100785549687,0.31969866990669477,0.2895174530348724,0.33801946805712474,0.3021054301671567,0.32860677665338095,0.28577075337312574,0.31379588202806763,0.22108459010199769,0.2554674605976158,0.2821499177053437,0.30046659488203087,0.33939033473513947,0.2518557359359379,0.2693033422962531,0.354022299822301,0.30856186662090745,0.3007924415334313,0.28543297957385916,0.32327127617018847,0.27220773782851354,0.3513265209862499,0.22363804562490108,0.3581021052261326,0.28376744641643115,0.28915772265118456,0.2482780132707454,0.32158737304377993,0.3643627719479301,0.2656624808716735,0.3030590674100014,0.22902558732714667,0.3121740726825241,0.27211720150844015,0.2929355601459295,0.26875169577664637,0.2786901542703379
0.37511215533568426,0.2999796980734302,0.28864100364537537,0.25559892265652034,0.2376938764178508,0.28154380142148844,0.2432273815281956,0.3250972438401219,0.0,0.2939332173306961,0.27090999486000816,0.27613736011877943,0.28916455216526893,0.3553177049411805,0.2789073371808757,0.3048884016745096,0.3051257022355589,0.35166549935416636,0.3083253408309175,0.35144170579445605,0.3165449856996118,0.3584970180606219,0.2536382850055651,0.24472720449840385,0.3311242012046812,0.24509982428547514,0.3092934267684667,0.3207195376996664,0.23759162353529698,0.35168691359362314,0.4067622077864478,0.3664003445646402,0.24512173984496197,0.2849476319542835,0.35446138400580274,0.32606024266320177,0.2990770050606234,0.43593428837059545,0.3020118898543115,0.27152436661153906,0.248681731219956,0.33952304353367624,0.29865236852811605,0.2710928222685867,0.34235214420103866,0.28862619597884104,0.24110904078541173,0.25231403221624543,0.31469854825416094,0.33728540108349514,0.31615964913052663,0.2575811708636749,0.2850311572513001,0.2942050859768548,0.29304797117115083,0.3547829560011157,0.348776350570762,0.2864879593209766,0.3184830000699596,0.3005018481467047,0.29220555016548294,0.31825749085268135,0.27177419870928116,0.3018285511261678,0.33356307050547473,0.30309163052298715,0.34229661904202874,0.3076849931225325,0.32725759725082015,0.34089400262491987,0.3676179112039559,0.34502515761831365,0.402117835646691,0.32717693533852976,0.38047041594840425,0.30982751165788314,0.26023081719722463,0.23844697292101882,0.30462280781296014,0.25105431541145434,0.2742117148073674,0.46427475034299526,0.324157107635487,0.30143640453921877,0.39740789518170583,0.39363910549626263,0.3186139358707255,0.42107987173973777,0.3543068471865684,0.37547955399348676,0.32090510703700165,0.360864040169565,0.305530062617437,0.3004823689616161,0.416073711144061,0.29870540320008193,0.34049227426135215,0.3044895064576858,0.37542254586516527,0.32154968312683324,0.36341511710783625,0.26660015829737393,0.31083731145264865,0.25881501435500687,0.4267186428579907,0.2853034830544255,0.2830290303216283,0.3011978823745524,0.26060438507846667,0.2562296497766115,0.25974926678315674,0.3817487504820683,0.3601373429359093,0.41021878809411827,0.2954296821474992,0.2929543689443588,0.29839453394584153,0.32608142686940056,0.22959228902712608,0.34905155225103807,0.29180380616689827,0.29872357831310825,0.30441815015367396,0.302428339339372,0.42492838996673976,0.26101587083845135,0.3586475955758334,0.25788827397081276,0.27690213585538104,0.3126847005105726,0.45308150581735007,0.34206639246782067,0.31485677333103035,0.39691569943281113,0.3214946820233944,0.2640558858951329,0.2721826025568893,0.2846039713152345,0.31981362926074797,0.3924462582847919,0.2516544809572396,0.3477559660221426,0.38762296198047996,0.4382120739109357,0.328120883115886,0.3245844590765192,0.3829317782809841,0.26386129050210144,0.34816487821896835,0.2573901426399989,0.3849449910390736,0.29134317696469536,0.3268626409019282,0.2507799565855884,0.2956303427718487,0.36714622820825343,0.2768674855798156,0.2804960880386002,0.26921845295523433,0.3507098897674766,0.24579746029286392,0.3616765798465497,0.3627006673100045,0.3251458505186087
0.3434215341144108,0.5134741028287516,0.3645034043971148,0.2949891210135772,0.26702616236582616,0.29723506741490097,0.3128477550231946,0.342818000177692,0.2939332173306961,0.0,0.2971233838609028,0.28317537551342875,0.3248239441814783,0.3517914175385984,0.3139240853353244,0.29440447972234846,0.3647739116223739,0.3718490674174634,0.3293622262672136,0.2956389426352337,0.32878733767651125,0.3244059613835416,0.3672302215515419,0.292330902441454,0.42307098922969105,0.26349649443200823,0.2706488841347733,0.38863831953443634,0.37870172023495025,0.26519085529629693,0.3494292357721409,0.339928822793772,0.26777717914308624,0.3219388196881703,0.36247322919023,0.3509256003747671,0.3164768790157776,0.33455765386056685,0.2619351820654426,0.34922034585345546,0.31839879489412193,0.33927908800794326,0.2674329369231896,0.28138519759768144,0.33656054862481644,0.30066995844255023,0.27163446406579767,0.27231974432190775,0.4277612353876159,0.28599258517430437,0.34048771635355934,0.3002531670405766,0.2845286338401076,0.3449839791320982,0.357315198664779,0.371757000534335,0.3133720713025646,0.26261497678052415,0.3884876631716056,0.3307537241280754,0.3292369835588485,0.25201097675487866,0.26642134960282676,0.270851063408736,0.28849798303782775,0.27180159027594103,0.2965550982450947,0.2940999365743251,0.33033535908601025,0.3574936478157893,0.29669961798618255,0.3611913382890251,0.2936844735683584,0.37277601936533467,0.3421936344839872,0.31115158392347925,0.26946380329302355,0.3277176428675622,0.2901480019085653,0.26374459606497735,0.33443494101750515,0.33408893357548297,0.3679525577221082,0.34115291725071434,0.333829324511858,0.4013660660468866,0.2675778628459792,0.3106538347671874,0.3451703178053601,0.30290355829036403,0.2967791156335059,0.3109128248146496,0.3546663739698583,0.29027581398924973,0.3870772685834542,0.322184028464078,0.23414589617977216,0.3323737468053951,0.2740879920019677,0.40961648760130326,0.318700010569251,0.24912782090692553,0.26109966156253706,0.3273513050346183,0.3067697443007555,0.2914683381469091,0.28869139606969674,0.44320935391878197,0.3246845728446245,0.3313752663466808,0.2919584605575284,0.2965724047206382,0.36128363467276875,0.2920850649305209,0.3274003413551054,0.3812201595336569,0.3482295883611984,0.32012167152605114,0.32269112942390415,0.3413201259603298,0.27851101791127214,0.27864634673455757,0.28900981417780514,0.37665427553846237,0.2788680107250064,0.3588970027724501,0.31665522134025337,0.25468370215017444,0.42828359685138745,0.31621175002995844,0.3912387171078525,0.2801240788486311,0.2675507852484744,0.3085107744815706,0.28547216437376755,0.2633925872588443,0.2863188256793552,0.348566568137391,0.3131678151073569,0.31388698496674367,0.26590676411373787,0.3192527952380344,0.40698043105584947,0.29044233005797465,0.32007033064059776,0.31320354992834887,0.2882069593054699,0.3350641907665463,0.47753157997773843,0.25007798465675035,0.2908609517480334,0.35747456550599593,0.29197396545046117,0.31019719218244945,0.3386878999373483,0.31940791973397864,0.2776132803327529,0.35651254855651476,0.2888942577800482,0.35413421780805693,0.395536611694372,0.36668437160098366,0.3028271861554854,0.3120238355411642
0.33407473213350536,0.32391327718951973,0.37917422538823714,0.2932031395370688,0.3055078205055878,0.3251958970649297,0.30846690320444964,0.2845821077245613,0.27090999486000816,0.2971233838609028,0.0,0.3728063022855705,0.36748869833575776,0.26306997763887735,0.3131854136493167,0.37815593719659624,0.336457995408622,0.29611539066949955,0.2876312798328095,0.2653272839775554,0.36291828019933764,0.4160552604075919,0.30415650784654713,0.3395475079812074,0.3405340230261666,0.3891482265180397,0.2869800709236738,0.3156453114963767,0.31020673161990175,0.29854321438310427,0.30788003110680723,0.3098784817550609,0.2639140698758315,0.29598046329671124,0.2977248339923698,0.34419391857288156,0.4355304040546764,0.32079378181893486,0.36866029575918124,0.30264169098545,0.29024139422740114,0.3314103781222663,0.2973817705624394,0.35141202790580656,0.31903435319677803,0.2725902277904746,0.22989358249017058,0.442850117504823,0.34563038420221004,0.2741317463835365,0.3669151494304463,0.2872963205263842,0.21264036251362575,0.3859181723206359,0.4200354611044993,0.2693820796103486,0.2964762220457012,0.3881999920225948,0.26249039791738477,0.2775600997367776,0.30314232670002295,0.22441104933726083,0.32064566652629334,0.239725496241421,0.21936446645020605,0.24741657254245625,0.33281007081713704,0.338636688381867,0.29998662035948803,0.32590533891070517,0.3365881928164247,0.24408364985216066,0.30481201431014876,0.38972596142138616,0.31107197702103995,0.23341439929458918,0.3690519370254063,0.3445242347825014,0.2698847502026301,0.23741168477104832,0.2798983592928499,0.2969075512749224,0.32748085658663717,0.3130050891845535,0.2726873503537447,0.32321237627745386,0.2971260642905053,0.2597000768960993,0.25626733238001176,0.3170776698448678,0.40207366426134356,0.23907597228379726,0.3468385478164606,0.25693002044903746,0.2821112950657878,0.3332609721567361,0.21849212055001146,0.2421626550638333,0.22932750455858045,0.28802583433625617,0.29671795025464437,0.25464016251371535,0.25491273768621353,0.23050915806543867,0.28083457877357615,0.2898745668441862,0.26713513908195125,0.3165213199673705,0.26908652011298273,0.36937381173140016,0.3797046256352896,0.2915530886298074,0.3158506233611564,0.28041280540162383,0.29804674768062595,0.3441030375364659,0.2377471535990707,0.30437351818520353,0.3152169862888662,0.2793263020073235,0.3042987410744098,0.25006328276791967,0.2682199308589019,0.3671721238185961,0.23735441178387104,0.37482261780220644,0.2326832533490988,0.34081794401921284,0.3044065391893122,0.2657935799842858,0.24844327923944198,0.31457620313335827,0.28413107068892224,0.3174008543364467,0.3599544842110576,0.23552291878518056,0.2871457140210049,0.2979192253908439,0.2937476940714521,0.30340997167230516,0.2513703361661573,0.2937774230358272,0.27021697071596434,0.28503347082965347,0.3939181445886073,0.2862394106811157,0.3531918645156933,0.2713448642709057,0.28723186611957574,0.22966181839078617,0.34300124998136655,0.239059808762048,0.33729574440341736,0.27518457173403027,0.3175493938067447,0.334426462506445,0.3253574901568326,0.3645543960832571,0.24835029189731786,0.309974361137346,0.23917181194996756,0.27180713399482936,0.22626559292129073,0.4576080505173091
0.29869583435119235,0.2985690294221975,0.30755680120347884,0.3108016147952502,0.2733342779367894,0.3603121960757448,0.36071821822606154,0.27959298975413815,0.27613736011877943,0.28317537551342875,0.3728063022855705,0.0,0.2632854381312028,0.2158422580024466,0.30752520798013144,0.30969808060494053,0.30880394738447886,0.2531057461730325,0.38713548700860256,0.256408189655009,0.39541866745322335,0.3183607618170031,0.2886727642620633,0.2879313931325178,0.3787894907659642,0.3091208034133601,0.2567314839037661,0.2625835891226217,0.28478625952831077,0.3119602171448261,0.33295436719200355,0.3156403216707162,0.2919583271408822,0.3439154194346099,0.2786773652742891,0.34867469764081666,0.3301776778096433,0.3110456331940356,0.3717482977352486,0.27907902452954586,0.3348244379770409,0.3170199881907272,0.3101681808320937,0.38573498379873505,0.28297323113877076,0.27616699000889244,0.2660868570498099,0.33017332658352355,0.3150676943206382,0.2933145785735042,0.3853865200349078,0.3553454263640434,0.21686905618321345,0.4074282082943214,0.3916240641052503,0.27829493972141317,0.32086500546391306,0.43533298339038234,0.23664046043293718,0.268705919347854,0.23948191666570146,0.24008260017819916,0.3145634219526062,0.24345681815756506,0.23712849901472127,0.2494128345177413,0.25984752067408823,0.2710080724237683,0.2515772168792504,0.27468501767903986,0.2990284246035987,0.2313964744327764,0.2709142557614073,0.3224632171010886,0.28726944057242404,0.23251397228055512,0.2963330067099478,0.3238957356381358,0.2688780016361308,0.2246270360584293,0.2717353791011114,0.3299392432129722,0.3085095917654039,0.24669464975114705,0.31032338792060815,0.3184779750406811,0.2589027247458159,0.27120913029181676,0.28216196737099436,0.29723614853080327,0.3936913972511121,0.32487498559921985,0.3294760024761759,0.2594143039036014,0.27383905688373833,0.40367974646293686,0.22245877716466358,0.3289337071280886,0.2428790530061871,0.2742189964912506,0.24968533452197988,0.25876260745229807,0.3474429501568568,0.3202474121836363,0.2843765604105787,0.29543673549720145,0.29324568647172133,0.29363240097433374,0.2653880720939871,0.3241620819413198,0.5345881957494034,0.3350987723338093,0.2951397364896397,0.29433661410952233,0.28210560771854404,0.3054512756990101,0.257546679017855,0.33272648003640365,0.3511070598497555,0.28212001610549736,0.27346078483618486,0.2830415698702783,0.260767636434077,0.3362993732678894,0.22189788699314825,0.39064186723226113,0.25409942512489714,0.3046823596346234,0.34210913471675336,0.24798579163771467,0.2574022354459082,0.28810497136034396,0.2256175404538761,0.3273100044457499,0.2941656389296087,0.22008548539209846,0.27921574329333804,0.2866555476266331,0.263117257690688,0.3278106078729518,0.234772787975589,0.2844609233390493,0.29482553340085627,0.30593664112385516,0.3583686314168246,0.3807462601042833,0.4014399577566377,0.26572467207835737,0.322471029119166,0.24311853457607221,0.32272313714307677,0.2773086508889644,0.3036252282413002,0.26628561582205046,0.47553819802467834,0.2677800893639187,0.25972906026746095,0.3676724711066522,0.234314196408503,0.3152947073829712,0.21557683232480615,0.26322561975138936,0.24829832393317017,0.3535839183848408
