0,1,2,3,4,5,6,7,8,9,10,11,12,13,14,15,16,17,18,19,20,21,22,23,24,25,26,27,28,29,30,31,32,33,34,35,36,37,38,39,40,41,42,43,44,45,46,47,48,49,50,51,52,53,54,55,56,57,58,59,60,61,62,63,64,65,66,67,68,69,70,71,72,73,74,75,76,77,78,79,80,81,82,83,84,85,86,87,88,89,90,91,92,93,94,95,96,97,98,99,100,101,102,103,104,105,106,107,108,109,110,111,112,113,114,115,116,117,118,119,120,121,122,123,124,125,126,127,128,129,130,131,132,133,134,135,136,137,138,139,140,141,142,143,144,145,146,147,148,149,150,151,152,153,154,155,156,157,158,159,160,161,162,163
0.0,0.5970544597547126,0.5346896244171021,0.5037748622984064,0.4653726551289035,0.6337968486988949,0.5125707991048611,0.55131950882967,0.5672431939652613,0.5322707381437971,0.5344569840837639,0.4691142289615925,0.7555045493873875,0.5795562798445628,0.5703621878082609,0.5980661677723321,0.6013481848306536,0.6626456747024234,0.5420317765410854,0.7112094464142592,0.5593711707536139,0.5919772912403518,0.4902575721669875,0.5664093871054106,0.6181736747011131,0.5003948136953695,0.48286597849739055,0.6299461419295165,0.4832457829017217,0.4704023334071779,0.568901788592575,0.6311311616364929,0.5349405532054688,0.5202835581578987,0.654297774498311,0.46347606966737886,0.615281066898036,0.5471737600255034,0.4619597992472657,0.6198759936444808,0.48554743257399013,0.5501979856187207,0.534788182394282,0.533040615003511,0.590883043206805,0.5559237578743994,0.4957620641277471,0.500197870653418,0.5899120406599075,0.5116447195589693,0.5343299405209108,0.5930239859406478,0.4572627104253963,0.5111395764648556,0.4712487390680496,0.5499276595940181,0.592784268435314,0.5095861043908937,0.5403501395247067,0.536406179009756,0.569304815819079,0.4693209891566602,0.5278787149003648,0.4547948791380967,0.5150455069218287,0.5276599749002072,0.5598105609633959,0.6271630859174793,0.5181141129552875,0.6201460284415399,0.6457877054012576,0.531333673910443,0.5220769490914132,0.6077453546658377,0.5990058715821823,0.567808091911241,0.5052407901124646,0.49793064703282,0.5212416209998681,0.49899063946948824,0.5577993221711931,0.5682326317393436,0.5565189757070916,0.5843907153951321,0.5070695403056382,0.6391639279377561,0.5545083018547435,0.5138778464305047,0.6112413514546116,0.4755613616437747,0.513640425930253,0.5135747741339862,0.49795309141815297,0.5575666617533283,0.5230513211948001,0.5241485704022156,0.4710447115884923,0.546565815692873,0.4605271350919445,0.6241057063009484,0.5147373192513637,0.46967855170032125,0.4402606442496077,0.4726475691124163,0.5313387955778263,0.5917191170573605,0.4908053426759785,0.6008727837869915,0.5346168609917987,0.5356180681246436,0.5104103025280395,0.46535146641995045,0.5964028166593579,0.49269307232143034,0.5428911001446262,0.6550249605584757,0.6127126742075628,0.5167297143346521,0.5029534142936447,0.530601286615017,0.524271043158105,0.4638064148876019,0.5755239482654327,0.6191968941769207,0.5376110616530173,0.531326134390567,0.4836811307550386,0.4886429626736764,0.5171488827580157,0.555104798188944,0.5255579583852668,0.5733531180501129,0.5334006873481083,0.5296602217457647,0.522542852782718,0.5100585883856398,0.563583495886436,0.5775936991526174,0.5693382322504246,0.505482899053871,0.5177808734846385,0.5478650452834988,0.5690421865770484,0.45345904147783167,0.5222517108776359,0.5191508992772733,0.5312187611343521,0.5189437634349252,0.5724639657850926,0.42768467187069475,0.5821094293455573,0.5054206544643725,0.49578177418014924,0.4523783910095885,0.5379529924064134,0.6128049315717964,0.5996406496041009,0.5805821227864192,0.5506331453695623,0.5320516980742336,0.5114137218811076,0.622197137731852,0.46514012688875445,0.6032435432692411
0.5970544597547126,0.0,0.6157465834808107,0.4970188347776547,0.47733822110020663,0.6626296321287952,0.5474008359398155,0.5915201714988092,0.5748860739490357,0.676318055070907,0.5034616705547061,0.5781082120781191,0.5966243128042944,0.5040218411915747,0.6236316551287318,0.5742158685951823,0.5556471319494416,0.5463002172628086,0.5843258434790471,0.6098830683346038,0.5735192786419763,0.6583574372536587,0.5099099034170053,0.6260325843179593,0.6760825947077862,0.46043709846509057,0.4870688266287652,0.5459792759829738,0.5364234584870785,0.49374612081941455,0.638944070708695,0.5926416110997008,0.5643348914648685,0.5312100531702085,0.5737750315080216,0.4788720426617529,0.5526945157405041,0.5066952292860932,0.5053020584040926,0.5875603734647302,0.5116527944702459,0.5789733517085571,0.4971526142990911,0.516878370936432,0.6125249569525947,0.5325041723033268,0.521399780316372,0.47425073299469755,0.5664670305833983,0.4851245456073208,0.5023080829077092,0.5409165715386826,0.4350402772803619,0.5364539141002695,0.47629863452719406,0.5996738271092169,0.5277327968330818,0.5370749539008843,0.5055049283636714,0.5230381423907601,0.5232643053064937,0.43891825454749234,0.46442620233034665,0.4484822671441356,0.47021657724109,0.46115710974742075,0.5137588598227846,0.5579443605713854,0.46656016940466083,0.5633161768654326,0.5590291826813477,0.4786426291719162,0.44824116602836234,0.5634264278519434,0.5538978805464899,0.4953651321725651,0.47826158605931823,0.5262413027134598,0.48442421802279706,0.4414664779050688,0.5154716455824748,0.5566750121454991,0.6318334058372902,0.5043432641875768,0.46744243959926435,0.6668873478077687,0.49207098254742465,0.46554573493000206,0.5727704729051962,0.5187546676114594,0.4816086623898536,0.5623938575849238,0.4958077749872124,0.4830171695273151,0.4780265666376695,0.6146015535866919,0.46044355762635225,0.6175457865789967,0.43750213594439413,0.5764810088518455,0.4824529581516174,0.459397418480274,0.4262568791546992,0.5606613373716348,0.4783836172282973,0.5692884522259266,0.48130987583390455,0.6437087136631048,0.5381564616435992,0.5841145686601685,0.5206622438793334,0.44128837891049044,0.49504945844838727,0.4759372004496012,0.47341381984269193,0.6183361312576936,0.561505390563427,0.5397931669245825,0.4886243290390007,0.49406723723600077,0.48824520811819644,0.44483581601363714,0.5028802950002811,0.6099046818580341,0.4706049207596545,0.5955494918752917,0.45949400441189875,0.5416323798218514,0.5511227519771285,0.51464590436081,0.5757099378482764,0.5433684380542446,0.4510920122142601,0.5022691565645484,0.52903542735764,0.46149617054767467,0.591607343682656,0.5525520941073319,0.5863248695877611,0.5261537657444699,0.4832953889472507,0.5261854442921221,0.5796865016023546,0.45500754142915384,0.5144413547603964,0.5051343589089458,0.616028923101165,0.5438829297231638,0.6890638072728065,0.4363585308383112,0.5190910542039389,0.49403798756038725,0.5003038786000539,0.5309331826610671,0.6098418619032281,0.5791885038944169,0.5279030738196777,0.6378438018035469,0.4888468174270818,0.4568236854766786,0.4877825312373294,0.5343676720816513,0.47106017208218376,0.5312242046452312
0.5346896244171021,0.6157465834808107,0.0,0.489778858252091,0.533440807321235,0.5957116534390046,0.506824567397855,0.5714687132836669,0.5097331257661419,0.6183561352949275,0.5445048945671827,0.5531909001975588,0.5688178793153359,0.49531362434792736,0.5621392164663214,0.6523683190945075,0.5885085217943818,0.5284040475389662,0.5458423384519758,0.5517854962194437,0.5967008049360842,0.7399007753861012,0.4830656831776398,0.546259506825493,0.5882931581716228,0.47632614459795414,0.48679818088484683,0.5199264402222561,0.5480411497480403,0.48713312518604507,0.5442458264629038,0.5954539236157295,0.5263252245224627,0.4832411925978401,0.526700862328228,0.5056477284302654,0.5223422908360015,0.5236378486572972,0.5139383284711865,0.5545213629004689,0.5034306211206961,0.5521904850798273,0.5268453745904174,0.510007673333818,0.5684300063724351,0.4949480827757566,0.5002787008410092,0.49356784686815725,0.5382432285970215,0.5105540170244695,0.5124556886154569,0.525454496734316,0.4186968906657073,0.5483714691765945,0.5051230271484064,0.4917741604405647,0.5132951093596766,0.5988541208902725,0.49826348187631986,0.5083921568188995,0.5115920843109562,0.4470638428189907,0.4884922338809162,0.4706801552678504,0.45451724902119744,0.44415137463742865,0.4815053644956858,0.5365226937723684,0.5214542148226937,0.5695722922098183,0.5409822116325909,0.46148810949832214,0.45259085521546216,0.5839327182839072,0.5691169170656443,0.43325953115411964,0.5092230417968638,0.5383506435239258,0.4649263011899711,0.4141830588604141,0.4885366729803115,0.5270121689591193,0.5456347379624139,0.4955801576227971,0.4674656809047789,0.5833999774381685,0.4862236795273619,0.4687284692438232,0.5030895144799007,0.44595556644262685,0.5160247672589123,0.49958433304136224,0.5233884598499897,0.4424817770439075,0.4753473081829152,0.5485842836877516,0.4565189851394211,0.532900158859115,0.4357070230572949,0.511034581896881,0.4553511142896864,0.49363222013114094,0.42768561488393064,0.5251550066479397,0.48240641174255605,0.5551285727633108,0.49548410075310173,0.5754141134015935,0.5104244256903927,0.5137249003777301,0.5102492639541122,0.4524156385571203,0.47279506340266797,0.48454163917733006,0.45737348917240006,0.5534078209185886,0.488753792488901,0.582253261511471,0.5143516995841986,0.4799269062468084,0.5054039983354126,0.45440701347615137,0.46683303530842896,0.5409384810147927,0.43852128464673734,0.5652753763513473,0.4680982794899037,0.5429333028745655,0.5594024394271324,0.5100726752432322,0.5118544353291968,0.6025920795002561,0.43392722835440967,0.4780583132656662,0.5204311044926146,0.444944368894386,0.500291504325766,0.5260046691114793,0.592133994160082,0.5122701911767459,0.45273962337508994,0.5497302822638755,0.527241217638132,0.4820867626503148,0.5110354364207031,0.4909446640063988,0.5834805201582367,0.5077808003140005,0.642136903319953,0.46138251547568526,0.48446661852657263,0.46160130076869305,0.5337333351357095,0.522889724547164,0.5665875258737217,0.5208636443193496,0.47419841448876815,0.564914201325222,0.447866732090855,0.45532440086055914,0.4582694276281999,0.4738395875610667,0.4520019245380258,0.5142720131524829
0.5037748622984064,0.4970188347776547,0.489778858252091,0.0,0.5149082845527325,0.4944317775161431,0.5623061756222845,0.5099156111272749,0.458435040587253,0.47436256086936635,0.538689293512638,0.5067464647040428,0.48305192978899525,0.5348015301437928,0.5515851620303172,0.5290943926000471,0.5612012658589516,0.5122490378236642,0.5977224916622902,0.4995146686467146,0.6270975187330737,0.5154645700263875,0.5206253985552237,0.4992411347408574,0.5333721973145074,0.5716868347391044,0.4845875792644639,0.5403291882184158,0.4891416561407063,0.41483761139024,0.5426899558353997,0.5423316933309709,0.6390405045841987,0.5671459481252173,0.5968921373472824,0.6241184345586066,0.49349965130417334,0.5748678493502045,0.5769998384852992,0.6032051503205622,0.5942254249280075,0.48113712075662196,0.5448359359699528,0.6104539116905887,0.5434122911046357,0.4921117621309428,0.4269042652698416,0.48367005550304903,0.5848955772251603,0.5506541249497179,0.6287017190722202,0.5837897753939815,0.4366728419654,0.663129788259254,0.6027696764822881,0.43614327124381513,0.5686551784923785,0.5825685568819172,0.5424503142158084,0.5497244206450609,0.5208556975802984,0.4939757859634039,0.5209824303987356,0.5186477063102138,0.5005908183650091,0.4738990019026535,0.5409064833051797,0.4659004389933181,0.4899701158776251,0.546414246647547,0.5430299118255004,0.5329507081935825,0.5421384943781897,0.6209657723061227,0.5268213580601573,0.44371332583549467,0.5755513074160151,0.542091306832275,0.5224262370653181,0.4408727474637831,0.48294858473424657,0.634222343272177,0.442441890149109,0.5013966360005254,0.621114890972863,0.5299786893340729,0.5181723857405532,0.5457610914835682,0.5014313929192958,0.4154163786386537,0.6083889336131805,0.5947619681923759,0.5643435016219762,0.479834236623138,0.6107426947442698,0.4873431636221028,0.4922938319925068,0.5610870259823202,0.5467502117944082,0.56778245877795,0.5312867825039707,0.5382621835918858,0.6195031847377723,0.5206251964226656,0.58049329070386,0.505331599087137,0.5393477302739282,0.5076804487804456,0.5124814059793236,0.4438665319915485,0.6508313833722509,0.6007127315164045,0.5209061725357222,0.559041917019161,0.5177523672764459,0.5005081731501404,0.509930950899948,0.5133657811708084,0.5739150414303088,0.5772258030187936,0.5608027323410694,0.590427699203808,0.4971701331601,0.5512170052579555,0.4971472566108272,0.5271098799830966,0.5631922407535854,0.48332886718093343,0.5950289465432534,0.5263037840192957,0.41977984566284654,0.5535079463988207,0.48465426096889547,0.6181439542255078,0.5202422274542743,0.4479890569336453,0.41064520692971995,0.6202210641323997,0.5670765510573059,0.5658815997935347,0.5058491049004948,0.5517460550363488,0.6097368952614787,0.5990637980267092,0.5672207836422198,0.5275789556567813,0.5008682741584315,0.476043394126824,0.5012853082213579,0.4751125959553095,0.6263544782977476,0.502125890111539,0.5508493847367701,0.4204291771088422,0.609548224253461,0.5087369317909876,0.43748300628695086,0.5087947100789253,0.5854996543372083,0.5700047629668309,0.45873993766643667,0.5406152986009007,0.5451107221182752,0.5674884499475146
0.4653726551289035,0.47733822110020663,0.533440807321235,0.5149082845527325,0.0,0.45267612895887355,0.5613563080036402,0.471722026454493,0.47359398232723027,0.4761997886272581,0.4998246463667582,0.5179646424657979,0.4559052067851418,0.474527260110341,0.5045439629615647,0.5640819651960937,0.5577662610087663,0.4886612293763234,0.48958869755522894,0.45341989184787523,0.5651133511944383,0.5346872269780674,0.5625928335260822,0.48642983146917085,0.4931135971420183,0.5200976647363058,0.5331610490123351,0.4794954385012463,0.46482178671430313,0.5133949889465597,0.4798425486000702,0.5028131333056636,0.4925953050194689,0.48559085948384384,0.48800763977886386,0.5198930268538647,0.4599995932424346,0.5217765952441502,0.5039363599081711,0.5618158632784792,0.5051367619438571,0.5397856640006048,0.4973830223520248,0.4899309077169554,0.48515182066697,0.4607699864420767,0.48260849239387726,0.4311405970031154,0.5484259185462428,0.5062223131498877,0.5243467234975951,0.502041926585219,0.39567733492238866,0.4933599043230987,0.4856699648484216,0.44769605691669667,0.49528007308449595,0.6341988424656393,0.467698541363642,0.5032996256433067,0.41610523236668506,0.4549117748513659,0.4471011557958618,0.48845077318749947,0.43042427644711095,0.4007236375613337,0.4532608383864388,0.4644325075467549,0.49039029331555956,0.4929581687759689,0.48825233746415053,0.4596476733246252,0.44659846166323974,0.5437289181307142,0.479479098295321,0.39270587774255056,0.5235953510750707,0.6577213309172628,0.4438626894662235,0.4046209968256059,0.4279561460361499,0.5248094859342565,0.48454266810598856,0.42715922679984497,0.5056150654760646,0.5087485673948201,0.43309265582219353,0.4773905961346098,0.4559367829260374,0.41713498914714,0.6544945589366502,0.5163040679839037,0.5328042579437672,0.40500220406316584,0.5037751383066972,0.4639597208195647,0.39968030285903533,0.4972132824426907,0.4913159107264711,0.47438905215871124,0.43640942096641583,0.4643563695909535,0.4779760432064533,0.4727720825304226,0.47253790656366895,0.5180504840581215,0.4668818562367562,0.5173251115210094,0.49286886411603736,0.43011404625719024,0.5147335098670548,0.5216705964916989,0.4243918352708663,0.5288462876972553,0.43733502199547203,0.5298245501253983,0.4421711801366941,0.5210116774504866,0.4695115614327134,0.5253847430529716,0.5793568402756352,0.4837170215687118,0.4341608877776938,0.5110045819088782,0.4203468184367798,0.4679481334745256,0.5087599446862773,0.5130005583750397,0.49130389277597547,0.4786737491813378,0.46107132610668183,0.53938490933585,0.413004115550082,0.4954187592743306,0.4334045510070898,0.4009020663693541,0.4212798123535879,0.5427215257051732,0.5250271050605914,0.5293530760458987,0.39711010247788325,0.5260721231981136,0.5379430290873127,0.5101966330393356,0.5007196226966661,0.5188364354220852,0.5430448131826674,0.46343132337419324,0.4920474917594073,0.4842959818817585,0.46233257040127845,0.43310570334438536,0.5449191562056053,0.49436150766117243,0.5405649475662966,0.451103946131855,0.4091734089735701,0.5180120749819259,0.4354597123677137,0.485967811664159,0.4127982011089136,0.4523561529831972,0.49665347425459144,0.5326593592445747
0.6337968486988949,0.6626296321287952,0.5957116534390046,0.4944317775161431,0.45267612895887355,0.0,0.49453910989046174,0.5597319843626498,0.517016147492786,0.5669517477207098,0.5416223480135307,0.5132720316748627,0.6688825299347334,0.4980149659044613,0.5737302746405035,0.5808935176877248,0.5412144538315103,0.5275174331167932,0.5491256475110874,0.6036836208953069,0.5571228793632209,0.6319654108250304,0.445887286330662,0.6003636928169214,0.628555676457026,0.47506411698361756,0.4365301832592294,0.5348625955579079,0.527071618128251,0.44627576992659396,0.580514616634292,0.5859703991581754,0.5576730658248081,0.49603575942519007,0.5730297998969553,0.454510693414606,0.6069182807513844,0.4968819257571975,0.4842548172915143,0.5479869343472781,0.4849787661294877,0.5239757184871409,0.5002210300193167,0.556415169134555,0.5726222863579586,0.501275041360352,0.4734546290152546,0.5433176561790184,0.5258304364719829,0.46625738392297017,0.4978627184574535,0.5648596791184713,0.4224423814559163,0.5431975532132168,0.47865045134237233,0.5423368875134617,0.5195213276722143,0.5153432424907715,0.479625494670633,0.48227247670605594,0.5908884928834782,0.4304223294139039,0.5007365892222413,0.421604112630263,0.4632130392996139,0.4784540649665883,0.5206064370750735,0.5988543969951696,0.4571695660692792,0.5811761727472768,0.5885802927790647,0.4652541898964505,0.46380697999717846,0.5574153463489095,0.5552144344857723,0.5010512277708499,0.48115058860653526,0.4937006280194138,0.48290414573955515,0.48174264661978117,0.5537344665450601,0.5248930168691143,0.5742840982555195,0.5517850818248572,0.456236434139428,0.6022829084065607,0.5447276350864239,0.4490122500040776,0.5325527664867672,0.4814112164304489,0.46553512938314984,0.49478532505780165,0.4755567225052776,0.5000304177344224,0.4667312556710837,0.6043327691964576,0.46815458741588856,0.5478762237328971,0.4185897403858635,0.5467880623902576,0.49027720398863933,0.4607039797060007,0.41347262637432985,0.5028972516295687,0.47451731816962306,0.5383196551518404,0.4681717734810046,0.5690889642794845,0.4953512883324319,0.5944995302387712,0.5194436793868943,0.42567311724030804,0.554891679646674,0.4490782280424036,0.48517376332090884,0.5772812986868545,0.542159526718455,0.5032109066748708,0.5209958111356088,0.47394470702055197,0.47560864687630583,0.4411774639148544,0.5301966538351801,0.602467713145726,0.4892851358283323,0.605182338693594,0.436006979213967,0.5050525989102608,0.5371897454102554,0.5012354641515032,0.49784542067374193,0.5538639988477172,0.48245769209834816,0.5014099601149571,0.5553419675339867,0.48163088072657306,0.5707474278787532,0.5256419057877862,0.5339719983696213,0.480515109526546,0.5239456421089695,0.5175063448561481,0.5131358543775,0.4336337904130619,0.5171533360572862,0.4729473885632552,0.553825915054243,0.5094458908422635,0.5938919475994867,0.4135606916111736,0.5404963170421863,0.48153918863137246,0.46404977388739815,0.4509720202110451,0.5592283379686166,0.5959165097991932,0.5777080135650425,0.6179908473692812,0.5158829788262668,0.4677728570146992,0.4818617570090539,0.5454975117310903,0.4339664784403652,0.5471473535239748
0.5125707991048611,0.5474008359398155,0.506824567397855,0.5623061756222845,0.5613563080036402,0.49453910989046174,0.0,0.5086869752008415,0.49863884239243894,0.5480025510530101,0.4847790033114916,0.5813765706817169,0.49838685251977044,0.4900080213983713,0.5977957929478712,0.5305440709872268,0.5225277074446545,0.5023043162707724,0.5311634452329658,0.4891635701970808,0.5693584491548936,0.5287632574010104,0.6469616039607318,0.572919260754464,0.5937052178755231,0.5362292666050614,0.5232912768720657,0.49957732396452414,0.4777935321250422,0.4824176177200773,0.5873984797495396,0.5554767971296714,0.5563674668011682,0.6250325696764649,0.542093166369102,0.5155517918650858,0.528324104104241,0.4907939200180026,0.5244251198799506,0.6396263457376876,0.5080241543402336,0.5516941494111287,0.5101530596519479,0.5374172960545983,0.5786261307024909,0.5107551631966196,0.5131288887796744,0.4544576226986698,0.6637978056459868,0.4891786307684198,0.5516887428426533,0.518903097858803,0.4003669156277816,0.5290993419577624,0.5078492204743618,0.5236616325020331,0.5074808100910931,0.5512627941744289,0.5156002029899296,0.5247923323728158,0.4517098812854227,0.45188356718298606,0.4362665943642838,0.4698971225669242,0.4540428268630743,0.4306984903942661,0.5336888888888567,0.5216993321685913,0.45609848705971723,0.5090788973409462,0.5284168125670079,0.48444311785611643,0.4577485581651247,0.5784151527303637,0.462610931399507,0.45353261504180986,0.546302293182611,0.6585418396096041,0.46812249344992546,0.4276522927253159,0.44785039277515337,0.5780602515509597,0.5307361817552528,0.43563431531019287,0.5072921037409662,0.5402091329986188,0.47014653620172037,0.5132850411337985,0.5259592433737948,0.4810315829996427,0.5570152579390402,0.6690984461077042,0.5123437810136089,0.4419227327904079,0.5073318198157203,0.5473785581135153,0.4153956066560287,0.6127610194985288,0.4849767812222546,0.5824856333822975,0.48241313100353855,0.48679532394504116,0.5222437756839308,0.5406546088769303,0.47608681015002574,0.5460593399740608,0.4796827283371698,0.5571893569702151,0.5421176312399646,0.500460290912182,0.6070024135326867,0.5029039314485837,0.4715869707915991,0.49661042367972136,0.45370185200422686,0.541987711160109,0.4943080120657272,0.5483344016827751,0.48455045365488186,0.522350573306239,0.5219147758962143,0.48224860325481167,0.471404542901318,0.5978968909454334,0.44531887036734547,0.5296886105570597,0.5055914239323315,0.5612182484194103,0.5213577363948682,0.5025896897334365,0.47423135039741976,0.4930626113940506,0.43357966956477123,0.5005850449068177,0.4711951843778853,0.41751388055131894,0.4683387008418833,0.6112366048962513,0.5635053653462342,0.5538664778354726,0.4399455802343592,0.5189745752407897,0.6181653702632245,0.48402413516559517,0.5340474661260696,0.6398033090322156,0.5581076950073737,0.4953420600188161,0.5432895417623602,0.42403045118774985,0.5246548184842842,0.45497831630543994,0.4939225716497955,0.5395977135975635,0.6219184941312034,0.5230116344056216,0.4538720265182378,0.604665825661711,0.49615971923056007,0.5113695974093239,0.44572133577567274,0.4984750113163013,0.5137276262408181,0.5308893272976112
0.55131950882967,0.5915201714988092,0.5714687132836669,0.5099156111272749,0.471722026454493,0.5597319843626498,0.5086869752008415,0.0,0.5990236376060873,0.5610037019346853,0.486388276373472,0.5698969692967522,0.5616017918184223,0.476760513608636,0.6372491604760745,0.571826433745598,0.5212970481393995,0.5386141748844817,0.556639579204513,0.5568057870153196,0.5467364905227028,0.5903688627707478,0.5071903474689818,0.5318366085480097,0.5964889197024903,0.48148827045289083,0.5305060343754125,0.5212579212064231,0.45974447232994214,0.508776627062614,0.6903059698766937,0.5648277902790866,0.569438444759489,0.5244838862416206,0.5242993904052934,0.49439428769457816,0.5419276037226931,0.5271229641182534,0.531572992922998,0.5417708993198749,0.5026519546128766,0.521138207772571,0.5394651773813459,0.4818723307573475,0.6799070375761247,0.5517238467448977,0.48898093847628255,0.4473884991395821,0.5320322947632263,0.4997797935471927,0.5146038543950061,0.5103171597926073,0.4155350628141054,0.5162885761158816,0.4804577188468758,0.5200045126959119,0.5218481838683313,0.592172326026095,0.4732479636833847,0.5355724394943847,0.5309117751568773,0.45897292449896215,0.4781519475772203,0.44005045648716634,0.4588837502804803,0.45866885104623023,0.5078617955997764,0.540298419715194,0.48804394415695534,0.6778272457043973,0.5654332397527126,0.4670217432747872,0.43591478374361636,0.5700827926208241,0.551253852881233,0.45845857862234174,0.5082460207095398,0.5067570848726985,0.5262489801149463,0.401484443959983,0.46453249700650084,0.59019550787757,0.5746541509476799,0.5032089518237012,0.4718583662292866,0.6700445127581839,0.5331517733382911,0.49252669641854574,0.5899265597596314,0.5105637324167667,0.5044343933280859,0.5533429831988042,0.4906314858263607,0.45188963390119324,0.46765612570638826,0.5636402649877529,0.47747392744641143,0.5626404130300995,0.43100462404983253,0.5651200547249556,0.46513703286334707,0.5439217149616418,0.4492531849568859,0.5446628847304814,0.5022629885778405,0.5982730050570237,0.4997594580447069,0.5632245224034992,0.5224718712222007,0.4807743297845434,0.4908848906642479,0.45655839884461175,0.46537534140091624,0.5042741685356047,0.4790181147505243,0.5748158956388422,0.4989475145833451,0.5252467527448828,0.44337843953376754,0.4984411693044982,0.48085928888097046,0.5230127076826564,0.4476635845870097,0.5668214308663725,0.43079748840945536,0.5597701768358246,0.4674077694408303,0.6227654222681833,0.5074693732063119,0.5224697645155115,0.5445707070311337,0.547873163580185,0.4637926185943331,0.49249194203930413,0.5046050924735467,0.42624309303934443,0.5239510033283064,0.5411481677858443,0.5950715829474955,0.5817697117409772,0.4682520027562265,0.4964447129526608,0.556356981976951,0.46707552823086357,0.495895659549312,0.5162630308244093,0.6345194901051509,0.5249948861761399,0.5903066479401202,0.4234775994038485,0.5428757580360748,0.45837268373473705,0.5057356339572244,0.5148924300240286,0.6005322646044116,0.5949399359339468,0.47601817752317016,0.5934207047504441,0.4527419674786178,0.4527263287605633,0.4501386950237373,0.4810712032846381,0.47726104271127984,0.5049047651694073
0.5672431939652613,0.5748860739490357,0.5097331257661419,0.458435040587253,0.47359398232723027,0.517016147492786,0.49863884239243894,0.5990236376060873,0.0,0.5192188718475589,0.46184282317752995,0.5092009948575167,0.5349277894933694,0.4757615587468457,0.5330005480584696,0.5193439320690774,0.4972778769729479,0.5307769407614665,0.47825294305944044,0.5345065053941983,0.4866300575099203,0.5727612721567595,0.5169721301462524,0.5098830472781661,0.5593955270713479,0.4428140114779816,0.5684760230224786,0.5136820021805079,0.4235671647843859,0.571300462255454,0.5661840397788429,0.4979196486309798,0.481140296539397,0.4799044696192982,0.5156649379215341,0.4322198924799826,0.5155726267342391,0.48979013240409736,0.44461421451634997,0.5196913099076125,0.4412766528208037,0.6357103230767016,0.4498247300590722,0.43546980599637525,0.5522034644517352,0.48385713898483906,0.48295451807748063,0.40632273544693803,0.509117056521546,0.4476027856193466,0.4512156932223959,0.4708605016000228,0.3918735139633205,0.4396773119034678,0.41047722442339,0.6135622696888318,0.4773092073300377,0.529360531983768,0.4426645555223522,0.48051757569510606,0.4527826196760512,0.4152059169856629,0.4201741148678629,0.4216111295325763,0.42190158505871894,0.41035336093559444,0.4854367342913571,0.5213361361945968,0.4636839165838577,0.5866043568044147,0.5142858593514352,0.4411926939207345,0.4331436771923326,0.5032804134886721,0.5070408076110464,0.43446739406729545,0.4486383862124943,0.488738873818076,0.4479028465883893,0.3934917268409969,0.4307504166884911,0.544975798142032,0.6079228509414766,0.4548069827841021,0.44238691857304147,0.6457126651685494,0.4831683176932967,0.4473342162786161,0.528855634182537,0.56416638491644,0.491688909408609,0.5233173563263199,0.43679772717657933,0.4200776632406618,0.45411014335518196,0.5211284159975348,0.4065746499443554,0.5370306113207696,0.42719961228361114,0.5146043442363912,0.43074230591293444,0.4327130215523639,0.40822940758374693,0.47226328532105977,0.451784460686898,0.5331799458551073,0.4232181162314422,0.6097298903466738,0.46884537067499465,0.47752439574617694,0.4463190790125246,0.43214268490260427,0.44866499670900095,0.4962199371411126,0.43139800995798844,0.6528121486482792,0.4718500042879311,0.46619078908234834,0.4091423706552763,0.5229241625177591,0.4671807310436033,0.4500966891301835,0.4518357016617242,0.5159062656231248,0.4369705552524104,0.4615630767211158,0.4450691630228503,0.527625849081045,0.44296312981713853,0.46766207841994595,0.7189465337036749,0.49719316504892835,0.44589337806673257,0.4939143131829221,0.4465991074147089,0.39831237337124714,0.5183899482796878,0.4979924260560746,0.529010490068515,0.49790574287896516,0.41486655514617593,0.473293961897881,0.540837928366568,0.43107692446377605,0.4584452046928642,0.5130110401640842,0.6255431992169525,0.46405233648716465,0.53563232139965,0.41457949027415186,0.48494004009026437,0.4236996566041695,0.4827811017456672,0.5120597958936017,0.5223284502278791,0.5435240673883355,0.4845474440944692,0.566576629453239,0.4372870978768218,0.42753403962958575,0.41673792912906804,0.48223910089492333,0.4571464697423035,0.5289069642889378
0.5322707381437971,0.676318055070907,0.6183561352949275,0.47436256086936635,0.4761997886272581,0.5669517477207098,0.5480025510530101,0.5610037019346853,0.5192188718475589,0.0,0.4913937604491563,0.5667566999554785,0.5533046612553073,0.4916427410542479,0.5837794526926925,0.568262848484764,0.5259477580599481,0.5243591962709828,0.5376960238922741,0.5421739156682459,0.5297989432184915,0.6015417014220478,0.521816303797827,0.5397236109626226,0.6758151174660494,0.4493367899082717,0.5018246816987357,0.5117223648199369,0.577873846229984,0.4905728637833673,0.6059530784285703,0.5938169600710682,0.5279548921251632,0.5098333736763119,0.5369714269572667,0.4829312449343574,0.5326685295966661,0.4959642164781143,0.49103276317570543,0.5473438751212499,0.4870299881582091,0.5333723372063895,0.5038693088179519,0.4961721300254049,0.5850840654019501,0.5020164770969606,0.515066243494976,0.46723944931483646,0.5727726797408113,0.47144521275750495,0.48441085000509193,0.4833809681958834,0.4109299345143031,0.5055182600045647,0.4922619235987819,0.5342408417638702,0.4856053349803318,0.5308456439132426,0.5063812091961759,0.4972785704963771,0.48322285467449905,0.43145481164262944,0.4415469684369801,0.4581193401339107,0.44222929366220703,0.43256339211193434,0.48294032778266976,0.5360742600719948,0.4900140222805316,0.5504478181131369,0.5096237870534652,0.47204408841281276,0.4280243036792579,0.5340007303932433,0.5143716164634441,0.47327409348702243,0.47334416957611997,0.5345501034656115,0.4613625973453562,0.41405186011305223,0.47972422955111466,0.50235919201074,0.5765062302337577,0.47983791851845686,0.44872262097239046,0.5746548971877695,0.47338288293435954,0.4748433750990936,0.5511128326718405,0.46818127691231665,0.4757597068076682,0.5402959250369818,0.5032159813635825,0.439808210047922,0.4559941477447761,0.6218499055160087,0.428906532035757,0.5790447601618455,0.4307893768831887,0.5307120724906222,0.47229528016360794,0.4680930229349918,0.4313637087748945,0.6101826209993179,0.4623390714538825,0.5335114175668106,0.46744687327309187,0.6081393828694979,0.5231618125463485,0.5253532875845042,0.4967909251317877,0.43311524773931614,0.4606071733024574,0.47471245163702264,0.4487807251082696,0.5279198626055456,0.5206758262872018,0.605644358361286,0.477525119450372,0.47968908024817036,0.46561521324265165,0.44312460625303407,0.45804269031258804,0.5525559789547804,0.43996416196191684,0.6091549331367944,0.4423146906428623,0.5309034499037192,0.5517959871566505,0.5115379578864689,0.5440585510188836,0.5038657577238443,0.4296549831860436,0.4541146157162963,0.49328519299046,0.43839506483802787,0.5469178843568562,0.5353346372141177,0.6009571899851747,0.5215018468496223,0.47496721113831464,0.5247912264594827,0.5286675951764566,0.45263777060620547,0.5062272045526279,0.5105060186606052,0.5444506780991968,0.5311756110196394,0.7594702484015714,0.4333636509514364,0.4812893546401947,0.4848940720539603,0.4754892510760734,0.5470878684005356,0.5883581023194252,0.5322436820934192,0.4738012023205066,0.5780649460940153,0.46569602053753767,0.4482291131598463,0.4827868018007154,0.49530705941293635,0.463584595869119,0.4799809180574475
0.5344569840837639,0.5034616705547061,0.5445048945671827,0.538689293512638,0.4998246463667582,0.5416223480135307,0.4847790033114916,0.486388276373472,0.46184282317752995,0.4913937604491563,0.0,0.4899602755009939,0.5569279728515173,0.5392826434272268,0.4742057407680381,0.6417503308596751,0.5859403771015721,0.4946726674884365,0.5268424303704706,0.5474266305876441,0.5707788444724907,0.5931781273954155,0.4714326351808564,0.514283262362491,0.566330935532954,0.5241779975309817,0.47945716518026094,0.5847255268858239,0.5551722901491951,0.4276155622334646,0.4924190352701971,0.5592545134865397,0.4824685492465157,0.5083143745588239,0.5910409908564043,0.49837180334809666,0.566908286692064,0.557390774327104,0.5246542505430818,0.5451509761352085,0.4635941463384743,0.5178989239635097,0.49033501894928944,0.5745726782030971,0.5121022530658901,0.43265839897881736,0.39484317902158744,0.6017421801038134,0.5685859168751559,0.4765104512370198,0.5034605543024798,0.5003346070030129,0.38882273825103286,0.5527950020683942,0.5595784284961641,0.4417404035775708,0.5180086805731395,0.5622089031650619,0.49011860380675626,0.46971246006460643,0.5568993924221085,0.42272362946886993,0.47706603002228204,0.49210649803062906,0.43343715576584524,0.4365598036710346,0.5391300106315137,0.4828647985683728,0.500087099243923,0.5738377123050784,0.5124105465716419,0.48539921201084885,0.5574456402019691,0.5700976319536045,0.5435746907826949,0.42479358923268656,0.5697504960292091,0.5232875450942829,0.44585700811248635,0.4750284685432791,0.47327680213869977,0.4982209493890101,0.4529618394830671,0.5267043623920803,0.5118920344713287,0.5120440469812383,0.5894198561779503,0.4617619791022587,0.45497033304008566,0.4190516912334707,0.5229958252984444,0.4591388294143031,0.5063369899022196,0.45656759673871766,0.5201627119767472,0.4969792584357322,0.4382193861569669,0.4884995968904771,0.47438038915994346,0.4803591897969378,0.5337075458871283,0.4962222734705759,0.4462449417971881,0.4484333549391639,0.4873702857299335,0.46980146007713064,0.4631230363726308,0.5489164834859515,0.44004685248301073,0.5032169101478905,0.57867817525252,0.49507300484938155,0.5535076518515653,0.5471186347359834,0.4529463601720738,0.5021450791239472,0.4675444837236024,0.5635426054962968,0.5842878733796241,0.5248685612804339,0.5393719839224926,0.46126237592607516,0.5492117865865878,0.5101129681879611,0.526558631226641,0.5206659135871035,0.4590844478283233,0.4700990084695189,0.558210206204323,0.4774898210499558,0.43632038094182796,0.5774346230587725,0.55263791155565,0.5707043627913231,0.5820084540870891,0.439618905897194,0.43608082162152545,0.5190999295546771,0.5728604909718129,0.4801572109052745,0.4581589678182165,0.6121393418203741,0.4944974159896037,0.5034262311145641,0.5910063943667233,0.4693657597646358,0.47829129138300464,0.4347039469214324,0.5280599540134671,0.4988592069233656,0.5664957237811261,0.4496164219537594,0.5419289534329046,0.40206640321979326,0.5258369138773704,0.5276208851760613,0.5381110087234797,0.5045326895249758,0.5393324375148928,0.5359426730606427,0.41988430777297964,0.5341765503980714,0.4561038369407906,0.6399892730645335
0.4691142289615925,0.5781082120781191,0.5531909001975588,0.5067464647040428,0.5179646424657979,0.5132720316748627,0.5813765706817169,0.5698969692967522,0.5092009948575167,0.5667566999554785,0.4899602755009939,0.0,0.4760367083680809,0.426571187206777,0.5614201233272973,0.5340961482374443,0.4876240412842014,0.44818120673396994,0.5436140980752072,0.47559716878820235,0.5398988354624273,0.5619875579814294,0.5600883644087205,0.5805505845128544,0.5948816760768004,0.47072356480534827,0.5122646071566942,0.47729762609291854,0.48063606494650846,0.5078385741658772,0.5993180898607375,0.5035367618361509,0.521801460382778,0.5688002044769654,0.4831784708361533,0.4794374948854361,0.5044595476356583,0.46318291519536864,0.55780713124163,0.5248945391320029,0.479203725260358,0.5466213661607372,0.4645913184642203,0.4868462015706036,0.5722412779023907,0.46222868929307837,0.46039379563612365,0.44527808920307116,0.5391360814536906,0.44082058715893596,0.47255813798493623,0.46783798588586284,0.365955680447201,0.509968163380807,0.47880100690438093,0.5106868972613983,0.4599168023852265,0.6010287264037486,0.43410064486887695,0.4707923121129379,0.45024030494663014,0.39813792711108525,0.4075297060516216,0.4257084729156903,0.3996933755681033,0.39004029659250317,0.47402769533485367,0.4704273456395528,0.4203123477688603,0.5191867951417484,0.47378797924480603,0.4187916233482184,0.4058484724610765,0.5130706263402859,0.45904484452294375,0.40047113098505677,0.49263705892640736,0.5738840297040848,0.4400598184950972,0.3878946426530798,0.41525447336612326,0.5166929286112478,0.5503474698943407,0.42115786287567264,0.442486383030487,0.5525608391450822,0.46620440360184917,0.4286150728507709,0.4778105683386227,0.5104438126568499,0.4841462048392516,0.553514072475349,0.4658860647176548,0.39995772112260436,0.4345571444965145,0.5869541693306208,0.4032615748089494,0.5805487635790048,0.4158790355070378,0.49062422683019347,0.4372511217138225,0.47600679329521534,0.43856681175111206,0.564157154014236,0.4276171868741808,0.5071581928260525,0.44430369711077844,0.5728362301483255,0.4702712292759826,0.5132580146465111,0.5441801587675966,0.44077002742611426,0.422884892919154,0.47216637430352804,0.4084726019646437,0.5267687120357025,0.4440822661146245,0.5287787659530296,0.4492964741169213,0.4644493200895724,0.4622970904908184,0.45167312294686246,0.4332436828271509,0.5324302115840339,0.4020365877437775,0.5461366565895728,0.43036555577665286,0.6203695822265298,0.5068669429672487,0.4442978409110675,0.4983496991123249,0.48211688010124126,0.4107460076473754,0.4731285418481192,0.48240961377890096,0.3788077600042076,0.4835157596552996,0.5082022309276144,0.5563225607563121,0.5295841678846165,0.40935486158688944,0.4746050187955146,0.5208166077665207,0.4469606889131471,0.49677284877441974,0.5160207236030541,0.6184889038059476,0.46405990849406087,0.5694461666244717,0.423293034920412,0.4879957625680075,0.4158244490294187,0.4917903574334229,0.5375139512013181,0.6376539247225872,0.5111071635837686,0.4509993945495944,0.61241952077154,0.43176131855220296,0.42627697462936437,0.39769264211219185,0.44286843885662447,0.4579806262414106,0.496068936479809
