0,1,2,3,4,5,6,7,8,9,10,11,12,13,14,15,16,17,18,19,20,21,22,23,24,25,26,27,28,29,30,31,32,33,34,35,36,37,38,39,40,41,42,43,44,45,46,47,48,49,50,51,52,53,54,55,56,57,58,59,60,61,62,63,64,65,66,67,68,69,70,71,72,73,74,75,76,77,78,79,80,81,82,83,84,85,86,87,88,89,90,91,92,93,94,95,96,97,98,99,100,101,102,103,104,105,106,107,108,109,110,111,112,113,114,115,116,117,118,119,120,121,122,123,124,125,126,127,128,129,130,131,132,133,134,135,136,137,138,139,140,141,142,143,144,145,146,147,148,149,150,151,152,153,154,155,156,157,158,159,160,161,162,163
0.0,0.8592759691251075,0.792184542378365,0.7979136770846887,0.7396212421725157,0.8844578823906487,0.8122813349004624,0.8293455299435354,0.8755474038831293,0.7695640938583065,0.8873044057213519,0.7947027252228058,0.9478701349548221,0.8505234007766217,0.8209720495714914,0.8595476664991365,0.8657202056588496,0.9372804944186679,0.8174673881542743,0.9400724767893716,0.8346891043891688,0.8692271476824848,0.7935618292432743,0.8677426455772218,0.8941129138105678,0.7964084714118725,0.7772606263770719,0.8859234775411604,0.7393860404125113,0.8052944957230354,0.8422049224620195,0.8760430460711612,0.7850663662096806,0.8225470811326179,0.9296702648802919,0.7082361793686219,0.9235358033461942,0.8647959106653418,0.7351834717681147,0.883439162391024,0.7259794159664202,0.9011999031409734,0.7998429290930886,0.8269654121073671,0.8641437694211235,0.8323676967693431,0.757495286388929,0.8251874162502351,0.896958560193364,0.7881627373126151,0.8131585366911981,0.849433069884493,0.744460365706816,0.7788757169242427,0.737465623124093,0.864289433173186,0.8981366102350458,0.8092142002522156,0.8257602781131075,0.8040790365110133,0.8398963682823658,0.6788087310326297,0.8219327408324568,0.7105832787293077,0.8117362754108206,0.8347248158232415,0.8774098727542422,0.8722021764693245,0.789043316844577,0.9024098951194579,0.9031498873457656,0.8312149389995322,0.8560139195522659,0.8858947233548828,0.8656612504959438,0.8714670395143856,0.803597789631519,0.7669550098336578,0.7874621142397015,0.7702903088444999,0.824654921136726,0.8599441297128901,0.850513945153064,0.8621173988855686,0.8461085858996633,0.9171653982578778,0.884827112376299,0.8002916482471069,0.8684810749853789,0.8309557595873266,0.8107398526901383,0.7771093978062439,0.7520374406114161,0.8696860331364902,0.8663512678501416,0.8182728860397046,0.6986196989640387,0.8229148787352966,0.7302680924725018,0.8774605955459134,0.7968071877808108,0.7265390107077916,0.6811052207124324,0.7067874039684167,0.8262966195362149,0.8354721079950743,0.726688755005416,0.8941507706249049,0.7877801938298212,0.8740470862852503,0.8386191216506522,0.8004093635031765,0.8881103879027809,0.8056449365444499,0.8514166870201706,0.9136286385756084,0.9027267401489459,0.7841531245529381,0.7978019540726359,0.823641304090746,0.8155785055612012,0.694344189561508,0.8942208083354465,0.8670222593835597,0.8378858702623309,0.7806105034457878,0.7289007450775062,0.7847600770469204,0.7659449659297817,0.8356718536877585,0.8387706637697119,0.8251171029593287,0.8508481005022738,0.8884196473976848,0.8289242527746271,0.7988558530631609,0.8862821151205326,0.8574477524230141,0.8301809182141199,0.7798694002608703,0.7826923064370876,0.8401381054054085,0.8620669738402384,0.7010743859448145,0.8534902804850625,0.8647542771946113,0.8311003108447653,0.7486485231306322,0.8194975951248372,0.6805048217161823,0.904560008539882,0.7865707007478643,0.8013883801206425,0.7294983893719973,0.8236757057333921,0.9031154375320269,0.9320792506798224,0.8531746207978668,0.8339710903617396,0.823841723210878,0.7767858532613379,0.9245517155068492,0.8507518314911405,0.9508835512933589
0.8592759691251075,0.0,0.8974732397621367,0.809675530540056,0.7370215396245133,0.9247489974090443,0.85710612223468,0.8861481579383959,0.8350578176979438,0.9304658803409249,0.858730680350097,0.9181713432836028,0.8937843585897697,0.7967572122125486,0.8832713488995383,0.8563507370543033,0.8368685301323452,0.8274071474552313,0.86649255851406,0.8720617347792815,0.8602323142362958,0.9349116223198961,0.7918438924643729,0.8880236876104788,0.934687939883531,0.7165188477004576,0.7803908704330511,0.8155697355236095,0.8675688316297483,0.7972857157834652,0.9049229629811263,0.8936901477292877,0.8664824285117911,0.8089808999690525,0.8542398520109882,0.7967871726062726,0.8615286815736319,0.8104271459146531,0.8326925930702512,0.8658888573756912,0.8111400553308645,0.8896274955855806,0.7658339301786415,0.818089814866205,0.8989876209917992,0.8149194267868813,0.7893523098285443,0.8115709484319783,0.8687579701515141,0.7718047401042955,0.7884903316027081,0.7913776250971857,0.7489656955713743,0.8683576966563614,0.8083962522946778,0.8789454235092657,0.807259449562798,0.83956813423033,0.8384628287432354,0.8172633165461733,0.845995346862576,0.6614205655435355,0.7490904581938796,0.7350395295224433,0.7416943286093892,0.7391224728762135,0.8240781689778961,0.8271872563155527,0.750738430992591,0.855868209397442,0.8246182911799128,0.7515887605651259,0.7218454816640768,0.8717464570488167,0.8593399623006965,0.7867114031891457,0.7865184051835259,0.8073127024537693,0.7235084726780656,0.6865905383604807,0.8153807730563606,0.8265323092853858,0.8937302127202914,0.8040365567547962,0.7300835728431164,0.9174435968701122,0.7980915340257894,0.731572441281683,0.8528367225407654,0.8523572605336384,0.7434980825109103,0.8588824088551701,0.7963951439979476,0.7698050621126581,0.7717063308824507,0.9217140333237864,0.7409604607369976,0.8852756010842446,0.6689858713703893,0.856408785776883,0.7784952555275938,0.7490880559723655,0.6464166872085645,0.8420969131735838,0.7492151886989119,0.8100371235491917,0.7671610885255886,0.8995799874820428,0.8389929692037551,0.9112899100118486,0.8550212240855005,0.7009321462753578,0.7874905192996714,0.7745090820186351,0.7459107274909467,0.8545906433676248,0.8597809965983106,0.8427722299214829,0.8192709449098855,0.7536962153379981,0.7421093562008365,0.6705117168449373,0.7807419546484905,0.860807056359546,0.7243556133394541,0.8937595420984175,0.7055894049801041,0.8581944687435319,0.8642662039568727,0.8275450529661489,0.8673231403396576,0.8164046084276012,0.718382787908409,0.8031125201677327,0.8604901979671422,0.751897272043486,0.8829763493195637,0.8329164976572947,0.867407563832996,0.8281695619286535,0.7986406879311534,0.8546369883062847,0.8870358571413953,0.7595565200184302,0.8576619890947046,0.8024416103047536,0.8823969818160174,0.8537465296137793,0.9238106084922627,0.7205500714985655,0.7924445433904083,0.8395786909577305,0.8093181068229677,0.8566358041107474,0.9083699733338789,0.8674570961266332,0.8575148597319713,0.8812088827737888,0.7703405656119754,0.7068199400043835,0.8316999271996274,0.80326492709484,0.9498672549378125,0.8160768387065385
0.792184542378365,0.8974732397621367,0.0,0.7744597300101319,0.837603496289154,0.9047098930146273,0.7999627782340165,0.8475388658847075,0.7448719944193518,0.8925877040382489,0.8921033738572428,0.8981792702508917,0.8651614242093881,0.7371537095706122,0.8347207278753901,0.9356083072020235,0.8925869147747998,0.8032946011053592,0.8301776177861772,0.8008949954249389,0.9231740237919406,0.955041213864079,0.7450774539360474,0.8500789641128562,0.8639382624551916,0.7699026011888667,0.742016121331818,0.7676815798737627,0.8793534892353891,0.814583918987654,0.7941605640570373,0.8909892777443712,0.8219171967714671,0.7300542443797706,0.7572690512219482,0.8236485352675834,0.8222861844468131,0.8421840018946142,0.8419273775853826,0.8393835790944615,0.839380752756916,0.8631455832313898,0.8432767485776189,0.8254574981772653,0.8278333147965786,0.7895085490896045,0.8241162980669963,0.8447299022760221,0.8184146784908798,0.8233989376606492,0.8262268107772569,0.8197393868354477,0.7218175358252167,0.8752358911952144,0.8347521368673408,0.7757030767401579,0.8019952848688497,0.9212351635877584,0.7848094326478953,0.7858679360569759,0.8035659261481722,0.7057375857987459,0.8332821442225997,0.7422518118903151,0.7145436038325467,0.7181944189159503,0.7305021459311531,0.8328821498934494,0.8139753726336152,0.8435065937554797,0.8226594472057243,0.6894581699035184,0.6918617764676074,0.8982112704013867,0.8756617766951678,0.6756414235751783,0.8336879867399773,0.8683468878187552,0.7214479735625617,0.6867498026156998,0.8423167602458336,0.767841100850576,0.8699564268550977,0.7978630340568849,0.7404134234563761,0.8603413436225857,0.759318355176224,0.706505376231701,0.7572789752057689,0.7358166812695545,0.812777195727074,0.7318103913180857,0.8537651264706568,0.7016978074861661,0.7498475026410778,0.8649760296022183,0.7211102244581106,0.7942195192303311,0.6360595833134474,0.7500290114268667,0.6951361598395969,0.800440386487945,0.6374375525522364,0.8119266524357599,0.7390839311000785,0.8459264223070821,0.8287709698039423,0.8540890911229552,0.8399029749594407,0.8558322891773944,0.8346499975525508,0.7308715366541235,0.7336906880441986,0.7699946274366004,0.734850860471913,0.8291360886735786,0.7683548444012964,0.866580862823232,0.8658051451259775,0.7017678492412416,0.7977157765620356,0.6993834995790341,0.7275256365830292,0.8369831118060408,0.6473022098576652,0.8860841829629142,0.716909367548776,0.86294166274403,0.8721344875911898,0.8304194433050968,0.8015462882273013,0.9254931821826347,0.6648998802309423,0.7315480118270438,0.8207097486994398,0.7454235232098803,0.8330986580123032,0.7935221279598292,0.8420204976988361,0.824370145773356,0.7323926696618838,0.8766518039038027,0.7854608565229798,0.7967625602065392,0.8582965970617434,0.75632574608647,0.8783924442985949,0.8799639964580872,0.8979577213654686,0.7695671342008665,0.7124159095624687,0.7872977391957443,0.8291751278473308,0.8672066872459647,0.8945375972325038,0.7865793996714175,0.7854162446634568,0.8746105544400381,0.6723413018193717,0.708551272278848,0.8167243072774668,0.7038499194469444,0.8735767198151742,0.7992677562528216
0.7979136770846887,0.809675530540056,0.7744597300101319,0.0,0.7174528017039272,0.8160983495675475,0.8277620130288246,0.8071350979607954,0.7147145923271364,0.747116142511592,0.8367868068622086,0.8120453094882295,0.7994656400471022,0.7575029824226234,0.8297207299240238,0.777929860908309,0.8126998710533021,0.7999257259784728,0.8627641021609739,0.7615591782576412,0.8287444767096465,0.8124559992522248,0.7687436885568316,0.7956243046057733,0.8003658446797777,0.7586043998789475,0.7474963543280799,0.8258217266414483,0.7534800247329266,0.7066221603473551,0.7872028523256098,0.8041680690183941,0.9300214700599991,0.7917963273373456,0.8134783708088507,0.8134143074035307,0.7723782387896043,0.7865321571518245,0.7914505411911898,0.8518498261433474,0.8447938623519423,0.7612310360688829,0.7671171761350062,0.8150055210787335,0.8089051944865507,0.7760991555746004,0.674952869178701,0.7576939886037156,0.8204507640009281,0.789273858922236,0.8691781451093752,0.8294371078678905,0.7697666265435213,0.8962520890304653,0.8249658437647164,0.6983666309195687,0.8254350496461074,0.8236852510655863,0.8046792316280457,0.8135911474670745,0.8246233376846439,0.6804505189831875,0.8247355256183566,0.6802891002454605,0.7601108365180961,0.7547808972169271,0.7795818420116722,0.7233345609840308,0.7323315995233453,0.8219594520189465,0.7761495967915948,0.7286523272250818,0.7621073009500042,0.8793758897498656,0.8210052828462681,0.7151535778527367,0.811737105880471,0.7428114568194129,0.7574066993556622,0.6537480541387405,0.7400501198338111,0.8418508413151332,0.7342227973282196,0.770074058161459,0.8210797351860275,0.7960034972227137,0.7680603203925974,0.7806585561088727,0.78281344280164,0.6936984698764888,0.8063614381734256,0.7999634010771103,0.7988144497423152,0.7756806319764699,0.8411792960690403,0.7707032056650926,0.7339225981238334,0.7785491204846433,0.672534618504369,0.8479986086731427,0.726374738840075,0.7636649143786097,0.811804281973004,0.7585996999898706,0.822787112839414,0.7405204654975689,0.7835000541031779,0.772487353367948,0.7861597482498535,0.7533496928060807,0.8753775542254071,0.7911259525840887,0.777121653477548,0.7524192975715505,0.8221114684556797,0.8004560378334861,0.8011894163737558,0.7419999550433621,0.8303832355341701,0.7516825682218385,0.7268865766942874,0.7952824184215855,0.7250743461821961,0.8039567538989222,0.6758566259811329,0.8005564972344756,0.7579795362087237,0.7533529769711104,0.806423933474732,0.7628250754237009,0.6946719945458959,0.7635160098600267,0.7122950680023288,0.8218046409302112,0.7701623439994572,0.6830111897931541,0.7118024422266227,0.8248080812467945,0.7897705484854904,0.7811105904250282,0.8307563961028713,0.7471946427151519,0.855859797283882,0.7817255751334982,0.7698728533868662,0.7630146115511723,0.7601481953427265,0.7411326852149265,0.7434189490047045,0.6542008395996182,0.832348421007961,0.808426063775857,0.8072781093049074,0.6918197083612303,0.8362368884629239,0.7600033568622289,0.780262127394586,0.7840863806807681,0.8347135051831616,0.7838718515938597,0.7389521067648606,0.7547715368279946,0.7759332998719447,0.8077281564293688
0.7396212421725157,0.7370215396245133,0.837603496289154,0.7174528017039272,0.0,0.7588838812552362,0.8234845082381075,0.6921901241574797,0.6939622435921935,0.7008809291250023,0.7987272437886604,0.799920278321983,0.7402807654189097,0.6548879358977485,0.800996724587026,0.8525315144693439,0.8350774008654691,0.7658731832042295,0.7359739681157677,0.6818704599124449,0.8529467633005021,0.8288621790687494,0.7510449092422545,0.7968673361952002,0.7145143710424252,0.793049076641455,0.701454622802076,0.6831381624670327,0.7315452677751196,0.8632376547092653,0.6949775345118884,0.7700245598582078,0.7588618022757883,0.6631495291364422,0.6823275355864401,0.7344378556182704,0.7336456191299087,0.7670046162151885,0.7704345900557118,0.8132875860732358,0.8114682347332517,0.7988122943237581,0.8234418496794942,0.7871259953873825,0.690120502158312,0.7561063114077116,0.8702167709122194,0.7486554902603658,0.7781771780269731,0.8172551796712896,0.8478007635897394,0.8193457451617201,0.7010156260062524,0.7564746195130768,0.7336967243648056,0.6932625387244481,0.7854153860022176,0.8861735891438873,0.6690002680580684,0.7572698730612982,0.6342979557571354,0.728283344066147,0.8022777879447602,0.654871842423149,0.7007465830370512,0.6375879171319028,0.6229017694926644,0.7868263648279256,0.7297696361347658,0.7195782695070339,0.7885773289210153,0.6474345883162337,0.6173936680322655,0.8158474767506964,0.7373745696041077,0.6186092072351741,0.7935995876344178,0.9236011241903606,0.6767265286783937,0.6906339902092409,0.732434442889612,0.7398269475220971,0.8341954593903655,0.6555980658687437,0.7256329415384142,0.7500755763816426,0.6345163327923026,0.6901564078532973,0.6670727960988245,0.6583762977796731,0.9201401847961771,0.6851259564912161,0.8542692634771506,0.6572957495167268,0.723459838883767,0.7320225945698923,0.5904431948199267,0.6681325589122712,0.6568966817849128,0.662597502920461,0.611912064233457,0.6885412594375467,0.6363315198014253,0.6794093759843849,0.6849939735001022,0.819811981649747,0.7266756210215498,0.7261508834263287,0.8259108452446738,0.7300041796712328,0.7755212920725615,0.7734009842389931,0.6295574199479519,0.6827637162746772,0.7179079447893902,0.8166219213706346,0.6760727314686255,0.7708494234844184,0.7360100242786537,0.662308608745101,0.9058216188125281,0.672572238127458,0.6493006021524913,0.8277425377677163,0.5940192035506263,0.7487748258739471,0.7116971360564806,0.8070710564197364,0.701850148990023,0.759956252991197,0.7076815042686412,0.8384495664725777,0.5930278866140708,0.6932087863774485,0.6601754124691622,0.7078627480685173,0.7621664538729287,0.8002165830544028,0.7012200079188492,0.7989418358074497,0.6147305976133637,0.7670236056622611,0.7415532023828445,0.698231285818822,0.7541673567951078,0.7353240146280379,0.8530513406910689,0.8048454075222823,0.7127279649956011,0.683301165039843,0.6487060979572469,0.7007386313288617,0.7842817732438832,0.8031449175819995,0.7759506368836119,0.6685434458454117,0.7000274971343985,0.8175344967190887,0.6222083238260281,0.7358643445721975,0.6715405501416749,0.6454999539722839,0.7458578007367228,0.8113925701813841
0.8844578823906487,0.9247489974090443,0.9047098930146273,0.8160983495675475,0.7588838812552362,0.0,0.818088487394678,0.8578803421344272,0.7927366463986636,0.8587767282099771,0.9065169718947999,0.8795769157900648,0.9355498152793945,0.7796566374250631,0.8327288718668108,0.9016746022786615,0.8610176242394785,0.8054998623022941,0.8433285506410357,0.8542607145087626,0.9010746705212209,0.9174535930351401,0.7210683951149448,0.8832528999202596,0.9146885976090623,0.79560998091248,0.7045105769533212,0.8011466323741714,0.8422197550837317,0.7811253540564846,0.8535760879459013,0.9167562084091052,0.8477947586318734,0.7913701304015007,0.8326670077811121,0.7605037971869804,0.9189431550563958,0.8214369556690412,0.8176721523637871,0.8439502624860087,0.7856313672753059,0.8886207301175258,0.8023938234670486,0.8898697696698135,0.857570431394136,0.7977138709906975,0.7844856514829049,0.8953886773144683,0.8371882182180019,0.7613816445058119,0.8289253324330228,0.8647560611902806,0.720378527413469,0.8789252891241783,0.8126394914680285,0.8732767357715967,0.830210996512393,0.866678671383831,0.7779679415437393,0.7678006659321313,0.892464722610198,0.7018177334061972,0.8418221982246865,0.6842205983545165,0.7461853913632086,0.7968789565088912,0.8444567675478055,0.8936144132126633,0.7367672857755029,0.8766157004508291,0.8947181837012442,0.7251814705796722,0.7730414893803483,0.8999407260941336,0.8711424733615653,0.7987849811254416,0.8386425161884394,0.8337128113213828,0.7470634562837897,0.7979573508091808,0.9261043170397678,0.8194410680147935,0.8940230636779749,0.8644444657692455,0.7801324269701081,0.8902263363597185,0.8773685672791489,0.7112163170915694,0.8185252607014165,0.8268685114664516,0.7713909631046223,0.7880314544630412,0.7838849190623014,0.8053819118991122,0.7949053355728748,0.9157218314344873,0.7567020951949549,0.8536092604333543,0.6658634261788725,0.8353020108955002,0.7848907525099493,0.7803425523101082,0.6566403137517524,0.7790612522856231,0.7619373155722026,0.834077101347427,0.7882603363901078,0.8714975550176127,0.8007140809581678,0.9329133845221093,0.8921067363742737,0.7203165731290152,0.8771816169502795,0.7613163918592576,0.7831856416653942,0.8615703950999409,0.8568380751873929,0.8052294284777157,0.886831916277335,0.759121190310222,0.7729764626109341,0.7099664189798328,0.8378878817437235,0.9033749337503628,0.7597109967654089,0.8954921047024148,0.7171405072857963,0.8476877765024533,0.8553358223840644,0.8049723443293539,0.8158478898915195,0.8999289849144775,0.7753516391051166,0.8351959841577176,0.8699510081348443,0.7924873951638834,0.877640940697401,0.8004029772436605,0.794135167892977,0.7862404841841812,0.8135782315400775,0.8880000918303901,0.8250542006357162,0.7385481910099323,0.9077752628341734,0.7887297976654578,0.8737486460129734,0.8519856925953393,0.8715663320124727,0.7168071980057388,0.8239866716554073,0.8192175737550019,0.766849051806599,0.7797658537898718,0.9043174142273936,0.8867398000880614,0.882457176647609,0.9253391842001067,0.7747332051111911,0.7792607430431487,0.8372184369842267,0.8382577138690729,0.8962749932661367,0.8688263316319186
0.8122813349004624,0.85710612223468,0.7999627782340165,0.8277620130288246,0.8234845082381075,0.818088487394678,0.0,0.7793177172854253,0.7536343154413152,0.8123236132086489,0.8044425115049096,0.8937578459832515,0.8136283983731157,0.6999910898650564,0.9225507519410334,0.8134172510589318,0.7937879762065065,0.7978949734666384,0.8246940012030677,0.7484543760424228,0.831977842659083,0.8350792432624448,0.8674390846551684,0.8919418833016775,0.8475047302591948,0.7718981475085761,0.7649767844158581,0.7572162034243978,0.7734182625399482,0.8335542875548244,0.8515825608864813,0.8412922337220872,0.8720827949488726,0.817010879004583,0.769802604600276,0.7380626709833099,0.8314139434817422,0.7218825011161251,0.8198626042960674,0.9001083888062525,0.8028693943244962,0.8227068899224155,0.7982552399664737,0.8245941212303034,0.8204748601471181,0.844598917225992,0.8354310995937952,0.7688091484204145,0.9098678082931867,0.7532709650415975,0.8633363685126315,0.793663302521731,0.703316552166221,0.8185226673466098,0.7888750600392279,0.7998401126272897,0.799468103973333,0.8280739464989968,0.7740714682335829,0.8093771308806365,0.7237112645554181,0.6629448428856074,0.7276811232272805,0.6351549974400218,0.7278845681318278,0.6949651266080005,0.7621233077857382,0.828174445878348,0.6839972659167323,0.7754724218308982,0.8076389923504159,0.7050799320738821,0.6437604914543724,0.860842036151989,0.7295077190680131,0.7752096006813266,0.8324350503917267,0.8955725962710372,0.7129770900850427,0.7018479499040614,0.7342029351848307,0.8093642051341513,0.8889013193835357,0.6774141266304939,0.7179664155305143,0.8043031366633842,0.7110591133062806,0.7686788599078,0.818807652855487,0.7858836488829432,0.8085106910525065,0.8579948017294381,0.8195374549667712,0.7457520156657851,0.7332555745427038,0.8481690195417614,0.6222569711071707,0.789131388381252,0.6347832989488488,0.8305620482203342,0.716884686999544,0.7370512718476847,0.7175393253059618,0.7791437272505689,0.6904360309460494,0.8151270238724273,0.735567660587331,0.7955332828340635,0.8913102291536898,0.8342429811275817,0.883923800592416,0.7168486979169447,0.7079476907844056,0.6899211934355308,0.7402404838056968,0.83787845817619,0.7916055395670157,0.819926829922783,0.7478187217159756,0.6861858533126456,0.7780956221561703,0.6808908501624428,0.6980622224418614,0.9204925443374823,0.6395965339878652,0.8477203302408904,0.6872657565459034,0.8628442139357809,0.7511708751410907,0.7901731139287093,0.7530707089825255,0.739957394339635,0.6586173430919321,0.7234654014022847,0.7328635438622471,0.7026071313303638,0.8383667766645364,0.875211820406093,0.7772770112028642,0.8604559465888211,0.7305857381560796,0.7545773397966588,0.8686320859435093,0.6670159226610544,0.8009285493088331,0.8361999844071678,0.8502316674878321,0.8603522219332658,0.7845515126337841,0.6077572939949861,0.7644340233221412,0.7788301116412361,0.7602268490588406,0.8494643848157383,0.8725037918765006,0.7922575967801466,0.8104225865072064,0.8936997824330141,0.7533660248976604,0.777605696155375,0.749884626890288,0.7345318985955034,0.8521404597480845,0.8127925334115421
0.8293455299435354,0.8861481579383959,0.8475388658847075,0.8071350979607954,0.6921901241574797,0.8578803421344272,0.7793177172854253,0.0,0.855973164970117,0.857425098596994,0.8066158134852466,0.8866103800857336,0.8665689932612252,0.7391168506992868,0.852941721817077,0.8349843485124582,0.7969785062782669,0.8262883586507902,0.8394260610403341,0.8417755663377154,0.8085105754138039,0.8632572322809557,0.7898713937057712,0.8018462193985694,0.8898148835986308,0.7228113296315147,0.827401961244388,0.8122637162431123,0.7492176211164228,0.8045218963967029,0.9111036115818635,0.8597831729960402,0.8391245732507341,0.8121293869248476,0.7938497158490695,0.7878879890845509,0.8340261634844933,0.8223332090904399,0.8034173832136472,0.799230653490287,0.7631006546726741,0.8330046669102421,0.8008056739086526,0.7361586610164295,0.9399485934790339,0.8470589796079223,0.7496226177637699,0.7434103126947648,0.813085776505754,0.7747497848490732,0.7773747196675367,0.75496447432264,0.6898046291763429,0.8047022349143791,0.7711003915231783,0.8170876613153986,0.7902823832888302,0.8622224137169128,0.7648089301571385,0.8226633515271276,0.8445940291414439,0.6877524119313834,0.7634178489563161,0.6983627271704616,0.7039395383847444,0.742392944509863,0.7983512999333012,0.7922060053547546,0.7841914661071515,0.9344237903984346,0.8063277174013839,0.7085245180966351,0.700749732417442,0.8593369712089148,0.8612765710422572,0.7363373285692739,0.7918440948449724,0.742267169684241,0.7980119243842423,0.6119388615343694,0.7262814712670606,0.8444834779134839,0.8380257019874047,0.8060404113469396,0.7337432584663489,0.9228311477444451,0.8426441675389977,0.7816277889216745,0.8998077981035811,0.8349072136490696,0.7516539057689093,0.8318833061247203,0.7501909644454716,0.7176846761015796,0.7184989922938091,0.8573028401478064,0.7561218102416262,0.8558851594739516,0.6265394126846615,0.8603127891623582,0.7123121286166098,0.8483690815317958,0.7001065673502856,0.8252844288792441,0.794342250375577,0.8348044554538822,0.7911165318104716,0.8644820731104352,0.7995087656923168,0.8033151053241108,0.7857516060994659,0.7156358637327316,0.7439773053952289,0.8191342646091263,0.7587962201839333,0.8321767562280522,0.8000651592448759,0.8004374246662025,0.7394078675681346,0.7573357963322122,0.689831119178623,0.8127189291344682,0.7132917110040463,0.8000026649140188,0.6444856174285706,0.8333960980919729,0.7144160276941744,0.8797305217047763,0.8019484879023168,0.807127921183171,0.8614277420357125,0.7992388275716432,0.7281484388189485,0.7581899225560788,0.8045439668915848,0.656160696826037,0.8322784601922358,0.7841363767478388,0.8671463667604555,0.8712158394344508,0.7634417765162824,0.7781849866631114,0.842525483616848,0.7498568412546598,0.7828792600483784,0.8259004839606398,0.858715698070381,0.803207575197915,0.8726195279687352,0.6851371411344572,0.8111951848907867,0.7438350495011694,0.7957630322306507,0.8218212913125414,0.8864974962454841,0.865238964731693,0.7955957407768571,0.8405558268717203,0.6971831104226962,0.6833959652547429,0.7411542264360617,0.726650690633493,0.9276821759803079,0.7631049804086764
0.8755474038831293,0.8350578176979438,0.7448719944193518,0.7147145923271364,0.6939622435921935,0.7927366463986636,0.7536343154413152,0.855973164970117,0.0,0.7552763412073985,0.7498357585981192,0.7683617758231497,0.8170337089480102,0.7710082477092454,0.7836545848859429,0.7501854480600549,0.7442167465189339,0.8546014581598338,0.7339810100142776,0.8215940961876511,0.7159405430713879,0.8299433773031184,0.7612612957043757,0.7473346070538115,0.8136345482491546,0.6505712666450383,0.829220006246421,0.7791999880973091,0.660624724820192,0.8391523571555765,0.8335677259013758,0.7643406798710584,0.7315525501611305,0.7109474136522784,0.8148806261474363,0.6617934454520286,0.79099886819853,0.7791333064827672,0.673802742400796,0.7519290841315834,0.6554805121354431,0.9062696427519402,0.6808846113862245,0.6702375088812289,0.8032183665666358,0.7465624979014557,0.7338276566758591,0.6650815099896721,0.7687660967734223,0.7115102562237583,0.691940659263158,0.7086324631043993,0.6861100512900572,0.6787086370341134,0.6351665635817128,0.8812202301773676,0.7488714021776948,0.7764037394449308,0.7152322371945768,0.747101129496731,0.7280951250491283,0.6352317435189463,0.682382930064845,0.6625566284365966,0.6966664400571072,0.664394059728568,0.7637427576253697,0.783238076655715,0.7505545474160878,0.868805029673327,0.7885977781960687,0.7012769429657794,0.7256280251203946,0.7624448790215884,0.8037985043130234,0.7253239277095124,0.6851460165667306,0.6928657174914816,0.66954205464512,0.6074581880246285,0.6730425799098889,0.8589208510292649,0.8395983399211612,0.7248253681131821,0.6901525530882853,0.8893633684703153,0.780633092249225,0.7399692675431334,0.8215677227211302,0.8681362929231559,0.7557017636213729,0.8171511213663754,0.6703576067703544,0.690774600163064,0.7504273454281658,0.784054038517067,0.6481011895345095,0.7845264415508573,0.6850975961557169,0.7876436153866538,0.6690586499609225,0.6615930523574058,0.6102220212655586,0.7002944331496119,0.7441306194719273,0.7511620315816685,0.6275789393473208,0.8345811969948113,0.7049129519204415,0.7548842230708664,0.6949671335870719,0.6889393561544805,0.7318693733077896,0.8105107906822423,0.6905416599800701,0.8556355351887066,0.7615399542948214,0.7080655702927456,0.649089604388882,0.8314566108320869,0.6992104506579259,0.6930648557107273,0.7177043137608985,0.7480407784482793,0.7151084081798866,0.6902575604811024,0.7004932836997678,0.7658221548778054,0.660917228279313,0.7326668233463804,0.9398128663691573,0.7371116715258825,0.7202042711125737,0.8174252543977274,0.711145402867815,0.6496870227648294,0.7971751925652132,0.7403537603268298,0.7544394986886084,0.7572421542552699,0.6825284396731911,0.7392815937599418,0.8563879953534181,0.6896022810414374,0.704053281360467,0.8123784927436228,0.8535839412265117,0.6927761412375543,0.7711212366841085,0.64394689610177,0.7642004877558339,0.694292610853524,0.762364373280372,0.7618082798957386,0.7546837998631255,0.8197313052599119,0.7874214596948009,0.7773470243421571,0.6990726621839765,0.6583585854166409,0.6562827852676019,0.7750970185617262,0.8669221390508808,0.8123177875213956
0.7695640938583065,0.9304658803409249,0.8925877040382489,0.747116142511592,0.7008809291250023,0.8587767282099771,0.8123236132086489,0.857425098596994,0.7552763412073985,0.0,0.8228387318613162,0.8977514070619821,0.8371269257653015,0.7412977169966708,0.8151273032665312,0.8398025536009808,0.7927173198665437,0.7758823033043891,0.8246234110056847,0.7955999808994388,0.7929815875189958,0.8737943922028598,0.7879728382895296,0.7976229457806847,0.9309844292813492,0.6656004576312838,0.783910045096348,0.7786521530317464,0.9084752902452345,0.7791306747832583,0.8546328567790883,0.8804016845790157,0.7969080378718083,0.7669406780856928,0.7747226385692182,0.778318633563871,0.8132532240439365,0.7731113971208528,0.7913191889763037,0.7868582310478979,0.7518753249443383,0.8198010925307891,0.7575485190980841,0.7593513095217638,0.8509233415059089,0.7517058252395811,0.75355701751276,0.7812043195012827,0.8438520285597852,0.7125462922417896,0.726006382344601,0.6981752000310623,0.6665107526165013,0.8064908776488351,0.8212749988193898,0.798993733714644,0.7196353265168512,0.8207244310845948,0.8143482450605809,0.7461769152460819,0.7893836242860611,0.6183945999651287,0.693542996221746,0.7306067078017143,0.6462406738714684,0.664729650473988,0.7400838727858392,0.7738607905518083,0.7762277465200004,0.8372469746548629,0.7248717502881289,0.7044252289687873,0.656106161517493,0.8079132674050105,0.8131142329004636,0.7385753491488634,0.7529523688395471,0.7868729864824547,0.6766076282486609,0.6358841231539113,0.7616403022762217,0.7072577327564966,0.8371037362239057,0.7677093090593143,0.6603203068400044,0.8269439774587326,0.7579823049584651,0.7193520108947519,0.8249743644098255,0.7574603269375824,0.6991829866912593,0.7867812613871831,0.7877830800906859,0.6757081662984273,0.676890796532116,0.9100464319085522,0.6689196918273065,0.8397547992107457,0.608671646922823,0.7712772333434428,0.7348956215238805,0.7633409949594431,0.6382615813140452,0.8987417539022167,0.6897365176520783,0.7548079765038526,0.7400731913528497,0.8776752231816568,0.7907115648228533,0.842064614870266,0.7927751609059115,0.6389269474408578,0.7131152220023731,0.7738154571746879,0.6758476347358365,0.7604941427728811,0.806635935889154,0.8893283958732667,0.7935839843641873,0.7022562800544954,0.6647502364361375,0.659296443024938,0.6987707246367773,0.7858152868661629,0.6467865179235837,0.9044208836308438,0.6314435167757182,0.8141516182893389,0.8673200561650398,0.7867168774552338,0.8348664840441783,0.7587954366942836,0.668467683422186,0.6773835725819904,0.7981184617215143,0.6800048369709325,0.8353519392222285,0.75960686882857,0.8662399089902922,0.8106574422255896,0.7829992049667158,0.8274240450801601,0.7735855651892136,0.7326416480771062,0.8183540477091937,0.7624758753156096,0.7884701092569851,0.8484709411391156,0.9559381969020144,0.7175543035961541,0.7112168729366368,0.833015147597594,0.7526756516334434,0.8475675586308045,0.8884730922677345,0.7957545288239148,0.7801427773552743,0.8270945943900015,0.7060684193465375,0.6690414127434999,0.8379781774341823,0.7286545994455457,0.903221592446418,0.7162809292271827
0.8873044057213519,0.858730680350097,0.8921033738572428,0.8367868068622086,0.7987272437886604,0.9065169718947999,0.8044425115049096,0.8066158134852466,0.7498357585981192,0.8228387318613162,0.0,0.8365946842896684,0.9268975206574724,0.8369932725132339,0.8082975440088223,0.945846817505143,0.9272079711880191,0.8704873136494204,0.8616831702331348,0.8740305082225385,0.9020730275958286,0.9253995726461741,0.7614083152751809,0.8553042169733698,0.8854300235438529,0.8056712617672321,0.7592109091422211,0.8733736090873032,0.8788475672679535,0.7859663365759788,0.793382210953266,0.9262549179115904,0.8099992270139429,0.7762600290138987,0.8679980013917085,0.7972548003861448,0.8943815290476641,0.9099329890834152,0.833778864316476,0.8761858326277221,0.7891834232974113,0.8474959288542101,0.8486225959136527,0.8894715798844993,0.821445271216635,0.7692650904280979,0.7197079444404688,0.9172042500243272,0.8982093279985863,0.826408956375545,0.8614549097842576,0.8337241942657808,0.7473544964485302,0.882741138416911,0.8828743394759389,0.7477300667426925,0.8866090852185512,0.8843014315812379,0.8448125803146065,0.7978864105867025,0.880327249507415,0.6931677160850552,0.8773512370235242,0.7612205674430738,0.7663916146047897,0.7921088419842487,0.8128966305216769,0.829850308151387,0.8357151924395353,0.8927470152623043,0.8490452097479194,0.8018273058513379,0.8220861066389615,0.9280515728751838,0.911199716647912,0.7702891388237876,0.8917263037069472,0.8311589577176226,0.743298787620455,0.7811809905735033,0.8625778312712699,0.7753572924971174,0.8168724134583426,0.8824262457540379,0.8405818038337582,0.8401645619451369,0.8601291486372847,0.7745595479353286,0.7820230704631135,0.716386313999793,0.8350834163773678,0.7039621791304257,0.8705466400746332,0.8213122503347894,0.8611322526445777,0.8306008204823044,0.7262238726655658,0.7580011600661991,0.7053142037768133,0.7822783325596444,0.8179937378788541,0.8046742896099861,0.6700414912504867,0.7357179452566489,0.8135671435874113,0.7959521744461245,0.7993286453487665,0.8567645757316275,0.7847485153968038,0.8641950457188168,0.8939635615084077,0.8076767647584486,0.8468169035839516,0.842634132889631,0.8178393200661082,0.8394856778510665,0.8351547858920019,0.8832325123195619,0.9042574336677877,0.7623556752915791,0.84805156127321,0.7084257423697828,0.8270377353720108,0.8575188176306723,0.7788334141984159,0.8700712186459172,0.7139371141708633,0.7968794228640097,0.861381631927817,0.8421784924725946,0.7593056673906674,0.9045063521794418,0.820202025437435,0.8388101502125346,0.8726791615886107,0.8131818464668193,0.8259261605897162,0.8346676168409103,0.8515385546306959,0.8028611975550366,0.8061279480014345,0.9283772674040004,0.7943484969489908,0.7949907177998481,0.9216984755730245,0.757998068403996,0.8003635519176661,0.798038833846036,0.8491443215596038,0.7670314927706147,0.838759773754181,0.8492369801080522,0.8575661156990156,0.7247469950688644,0.8471477949218897,0.8346196135599462,0.8991045460661797,0.8395446235156164,0.8136820423725275,0.8560713148118807,0.7946772367196218,0.8384258794374007,0.8039949044849062,0.9139369775904893
0.7947027252228058,0.9181713432836028,0.8981792702508917,0.8120453094882295,0.799920278321983,0.8795769157900648,0.8937578459832515,0.8866103800857336,0.7683617758231497,0.8977514070619821,0.8365946842896684,0.0,0.8287551774935452,0.6816557959733097,0.903874584712869,0.8774398856106218,0.835105818782247,0.7792631558663157,0.9109260076331167,0.801860950623492,0.8962228638724037,0.8851439060645404,0.8439776724658152,0.8879096745312834,0.9104550020179272,0.7500860121460394,0.7664626890230348,0.7806286254186082,0.833891730703497,0.8468849329232869,0.9055035415634597,0.8925447280303745,0.8687095226886286,0.8501870543292201,0.771081872972924,0.82350193086862,0.8278557942913136,0.7791425126545096,0.8979607169062774,0.8444700633084065,0.8504102608175999,0.8418809229500085,0.8441083641172834,0.8251793695345528,0.8886930738045532,0.8504257601502254,0.8332280162243249,0.7995827070178129,0.8777067021695362,0.7914478565740162,0.8415858650310816,0.8001523293354639,0.6948932909490795,0.872451816099873,0.8423995953490057,0.803279488318949,0.8087949258823243,0.9127117599857845,0.7655390784673061,0.8261497729166934,0.7785903206225482,0.6714995772866104,0.763527503534787,0.69352396921172,0.7075986348046256,0.7065870177932746,0.7373321179862636,0.797016879794682,0.7248139575107112,0.8312551521904047,0.7933192072986476,0.6855565194187528,0.6431245854482235,0.8745403149850229,0.8079080482099024,0.7303559776348116,0.8274201805739628,0.8674033984232318,0.7626997025428377,0.6625860719492508,0.7634602671103474,0.8060416257772562,0.888566336333362,0.7339782823945152,0.73424350079211,0.869941790387738,0.7537674582668554,0.7345805933066085,0.8377025692899494,0.7924561665299894,0.7840251013915813,0.8556576727873288,0.8431779231232142,0.7241424048370013,0.6956851833927926,0.8977804338805818,0.6999062996588324,0.8674481120268474,0.6209769449142057,0.8120038487687818,0.7083968539572002,0.8205329464061927,0.7080061973421278,0.8833363801192284,0.7244119097992456,0.8511137919087503,0.8207035733046042,0.8615532733240039,0.8722109120225495,0.8644982422133538,0.8931859691171944,0.7240997204496513,0.6994104975736051,0.7398662374938925,0.7339617156417875,0.8285102550315453,0.8153063801200217,0.8820493548802132,0.7982791248562101,0.6814244502584471,0.7500822891760148,0.7160848410901391,0.7115555149889127,0.8817128247014118,0.621882064214125,0.9165547044606437,0.6874181492594892,0.9154628597489594,0.8581554311528983,0.7856293400926904,0.805467506947495,0.812347795761873,0.6516832039222443,0.7249624546002451,0.8071081758154445,0.6883828986898848,0.8760346885541763,0.8258338852612409,0.845600825375643,0.9228587534464128,0.7330784634786344,0.8049717583582359,0.8439341066538989,0.7380477381526063,0.8369475312847883,0.8243184115589677,0.894657870964218,0.8828791525555038,0.9028554674178434,0.6999915451269062,0.7711941583879466,0.7944937019442861,0.8121282451935552,0.8837379618923789,0.965982444987344,0.8089660143795043,0.7886039685805355,0.9036914260935945,0.6872276478197115,0.7113020884939311,0.7541938396931234,0.7155317434970542,0.9274847977670789,0.7799241259617186
