0,1,2,3,4,5,6,7,8,9,10,11,12,13,14,15,16,17,18,19,20,21,22,23,24,25,26,27,28,29,30,31,32,33,34,35,36,37,38,39,40,41,42,43,44,45,46,47,48,49,50,51,52,53,54,55,56,57,58,59,60,61,62,63,64,65,66,67,68,69,70,71,72,73,74,75,76,77,78,79,80,81,82,83,84,85,86,87,88,89,90,91,92,93,94,95,96,97,98,99,100,101,102,103,104,105,106,107,108,109,110,111,112,113,114,115,116,117,118,119,120,121,122,123,124,125,126,127,128,129,130,131,132,133,134,135,136,137,138,139,140,141,142,143,144,145,146,147,148,149,150,151,152,153,154,155,156,157,158,159,160,161,162,163
0.0,0.5826646012908598,0.5392071789301242,0.4950293780136018,0.43440196930637964,0.5958314818025517,0.47621616567918545,0.552311252413984,0.5650100010857273,0.5379996424674993,0.6261059689139209,0.5013996583652814,0.6727668407995029,0.5695354538574036,0.4740573946524674,0.6061868229876214,0.5743458884730083,0.6029005085296995,0.5316189793986223,0.693076396317147,0.5619168801532192,0.5583011443244879,0.4459632537279386,0.5283036794409718,0.6633141743093356,0.51262139451955,0.4211011392930825,0.5714898839616012,0.5157845348134186,0.4560143686176485,0.5401997671681391,0.6186442871383631,0.4597392743937816,0.4796256042799882,0.7182747964348594,0.4606321565733137,0.6285736956513869,0.5833834287737868,0.4641512441688046,0.5097987427098577,0.45043983745622307,0.5965991298965246,0.5136561610892583,0.595783377277692,0.5503135959787413,0.4877962028149757,0.46442745132966845,0.5497644655095265,0.597435786184843,0.4916101994151279,0.5096716553571001,0.5854644004905258,0.4634111749895263,0.5195410150864719,0.5236891710074866,0.6040016085397907,0.6019697509779781,0.49319281060149345,0.565406347750922,0.47428088567198895,0.5805129853138108,0.43290037089769556,0.6025899129052181,0.501905536160424,0.5216675745274328,0.5855568798412413,0.5460783315523123,0.5735185202505156,0.5054538282320684,0.6453127577470424,0.6091378051605845,0.5730943349420383,0.6793863350053819,0.5766180441452762,0.5948323570649207,0.587632854860972,0.5244656419673243,0.47542288982098335,0.48030911146413713,0.5062715352720385,0.5945766309918686,0.5080409519332816,0.5578753109928007,0.6659230637618045,0.5405315272316681,0.6219599011645194,0.6108168021669168,0.4904960510409402,0.544469793005577,0.5390695744827616,0.4829259381312966,0.45736074261393933,0.47915526074653825,0.642432024234723,0.5497654438637525,0.5469328876626646,0.4852169250750329,0.5351933526868398,0.4879396854849561,0.5461558323789998,0.5462686208669653,0.48527635978713113,0.4429889792402112,0.4661342610487447,0.5426934507589893,0.5108420620406248,0.47324625460648556,0.5896142626145308,0.4573324539403192,0.5506887414844749,0.5655271487212843,0.499896035341636,0.5995773322973837,0.5011355546343312,0.5565464057300124,0.5882871833517437,0.607850769017689,0.5468764231100913,0.6173696374555916,0.5279368346323765,0.5459236866394517,0.443469149580095,0.578195174530826,0.5570330519905478,0.5933148507716283,0.527499991099369,0.4522275154049503,0.47347128040518555,0.5430357113698772,0.5148688108535543,0.5599163916730797,0.5718927390091441,0.6035771072126682,0.5868627360047699,0.5839502151410516,0.5780643768282389,0.5919264329204194,0.5033587352286969,0.48681496374971,0.4579575210075817,0.5388541521827841,0.59303431661802,0.4978692545443935,0.45954264931121847,0.598482418971609,0.5267793064856306,0.5225591608189699,0.45400263245592365,0.5898863111731145,0.4534400007552088,0.645547173312225,0.5258126680903323,0.48287573472683776,0.42741155301291534,0.5289450597376344,0.6011900756877236,0.5335035442469065,0.5691675230301884,0.5339168498861152,0.5965567625315058,0.515781181084413,0.6934729972116948,0.4431981648543705,0.7057530300575535
0.5826646012908598,0.0,0.625308339132056,0.6181934619121829,0.4658563539440151,0.579432669653185,0.5863447388856385,0.6222480619983562,0.5585941478041333,0.6744898952312192,0.5787344896245614,0.5620004019588525,0.6037523497243762,0.6403527200828151,0.5868216951131748,0.5724995565531402,0.5497102901610101,0.5767606675073327,0.5363134871885671,0.5354290536930709,0.5907655446909024,0.6632433538466938,0.4615094823799028,0.5576722841150014,0.5992344934347876,0.516111595437649,0.4613477610198471,0.5048898064074656,0.6592202971335156,0.45291617925548583,0.6034325474336746,0.6160355358535071,0.601875732688825,0.45796595848767657,0.6134865038374306,0.5371528618936586,0.563253842272561,0.5888421732131407,0.5712033242753832,0.5920419350650715,0.5383615035524906,0.5617792667019101,0.5038968752597919,0.6064974630765705,0.5859369285842073,0.5249428342969701,0.4885107421317772,0.4990287334827187,0.6094686004164412,0.5274153327644594,0.5802146893007768,0.5631042614526425,0.5364809420776164,0.701568389259849,0.6593840404957988,0.6067892378428691,0.5869009123783224,0.5130945635031721,0.6560831814209135,0.5448518980592648,0.6303078362535456,0.4810025495949742,0.5659041929909772,0.5209077821754632,0.5539620168035637,0.5595678619809682,0.6046740484258051,0.582338705021727,0.4892144168206165,0.6119107495026845,0.6370098418700529,0.6053244347334136,0.5506352822335033,0.6667544459564841,0.5899478404419378,0.551364942249698,0.6211439915752625,0.5603287936076922,0.4742247603030174,0.4661726470660443,0.5867153761326412,0.5692242322156984,0.6594631985580062,0.5855542947887084,0.5316703273246184,0.6343454190494008,0.5200981916305737,0.5280102753816935,0.5709379051534079,0.6128300237026026,0.5027291904205055,0.5267208939897986,0.5549165807418461,0.598624734179568,0.6293985267935809,0.636261603213573,0.5581886246769223,0.5258816217373367,0.5126427424625406,0.6206885590784059,0.6114871484015701,0.5333296255171769,0.46373328220326576,0.5090263427525934,0.5559147908025049,0.5143252492060129,0.5207531141522905,0.5175537233914242,0.5339991299280665,0.5217913842603892,0.5994332641270573,0.5111068645778408,0.5347318890383712,0.5316505490748363,0.5590307658415148,0.5846629819922124,0.5493686002974182,0.5600098550222824,0.5796663494054999,0.5539377676758322,0.5804717615364379,0.49574346196958563,0.45902589864276244,0.6429691787888526,0.5202683447602636,0.6567045398766721,0.5054652811819749,0.5759514345205947,0.577153340668273,0.6033851477102373,0.5467571954275566,0.5830513312911024,0.545743555144139,0.6152253275612751,0.572280813555326,0.5886089674255016,0.5103391271043882,0.5694471727557299,0.5010489756888157,0.5103300911177964,0.6239971017948654,0.613785996536411,0.5967298350645555,0.5254044566300444,0.6242835099472587,0.491958374965435,0.6071241614023435,0.5578519757314517,0.5623993636693023,0.45325396655184447,0.5757572231362016,0.6062424607939348,0.5132466170238956,0.5208466172645575,0.5678735215000588,0.6097927191899662,0.4947163794255963,0.6294044932916137,0.5919183730732045,0.6001654973784629,0.5965466375283974,0.5734687507469672,0.4930209996444123,0.5969930830126253
0.5392071789301242,0.625308339132056,0.0,0.5636526379433207,0.5280001445050425,0.5313403609128872,0.5337634903676536,0.6042138547853289,0.5167628801004869,0.6359936401594322,0.5976517512387989,0.577776887628951,0.560744886004808,0.5413510187820794,0.5237597431436181,0.6704017906113343,0.6342212824337047,0.5869933345205488,0.5406067682571297,0.5108453534806511,0.6212704997378222,0.6665265469712609,0.4845832438754746,0.5218356081720135,0.5646170786382669,0.5153993436246193,0.47990757308542115,0.5268596788582622,0.5998751737253898,0.506505379773325,0.5116766776099609,0.5959102968702693,0.5264080657964967,0.4461373163886005,0.5316712732429475,0.5272167196443258,0.5041395168988462,0.5946279074934964,0.5217211117833066,0.5658196990917668,0.5270424706604068,0.583734646032269,0.5267981314404024,0.5355656717333018,0.5415518295830252,0.5111657231059766,0.5116573879736024,0.4701322548909302,0.5841905447719072,0.5427095287090977,0.5645615004319133,0.570441026184005,0.497875505394601,0.6035793858098149,0.6006208952358039,0.515881691662766,0.5768502474250407,0.5911213711559663,0.5799226456258506,0.5274797729719072,0.5218441900768473,0.46096651032195535,0.6016001280722086,0.5212247916524672,0.5010396768678447,0.50481959580471,0.48925052657790186,0.5231974532813084,0.5508282201532636,0.6087797042347395,0.552928129657722,0.524998404383916,0.51173706980859,0.6628896254152403,0.6245174802907745,0.46529220760446216,0.5997832919282576,0.570146186657476,0.46745059454508986,0.42300643214992456,0.5288617755994117,0.5164081210237689,0.6009519543170373,0.5428290664488954,0.5240892363336094,0.6043575471051963,0.47171073409736075,0.500542680903669,0.5263116483026181,0.4911885406028033,0.5518106541533524,0.4694104370400495,0.5716210424021692,0.5070809089916969,0.5583037948805494,0.53329335846876,0.48236110997277776,0.4994794588111098,0.4728675428591016,0.5343955638723992,0.4788307849146786,0.5281625343540154,0.45239465945601653,0.5070574593703289,0.532822124511645,0.5383178657218685,0.5265312996931539,0.5458293267441423,0.5179519570372016,0.4748811667651582,0.5545159340895326,0.5099058149869335,0.4647306210455363,0.5315771452203314,0.5305088870852062,0.615725413423794,0.5145596502396149,0.5913028516429332,0.5916799886114046,0.5171965382096677,0.5818264890599589,0.48189256450089185,0.4337592393871712,0.5616710876999667,0.4418742305349677,0.571542269286242,0.49234151550319105,0.5492090673681617,0.5709906863716262,0.5439236516765705,0.5542666329547874,0.6322419638341614,0.4685537837957724,0.5212448969940106,0.4990128689299231,0.4951295038172771,0.49317810314831434,0.5230948533556331,0.5114541030114456,0.4996653921013571,0.49910021093733603,0.5740272849453434,0.5333250469987673,0.5114157455807998,0.5491713289093112,0.49126691431073455,0.5821042987923398,0.5237076512482116,0.5718298276405207,0.4822085210167905,0.5011596968072932,0.5339106618537891,0.5619994987935506,0.5403524125631085,0.5615385187938923,0.5068668661116257,0.4493288004287053,0.5967241757145908,0.4728541911455825,0.5544845782864585,0.5293975693337527,0.49174632544758995,0.462404663969097,0.5693721310722586
0.4950293780136018,0.6181934619121829,0.5636526379433207,0.0,0.4995632940735643,0.46777675763900545,0.6721138999577106,0.6357098714767067,0.5181683719777127,0.5865237801001145,0.4999261619654448,0.572717682044892,0.4980590797701762,0.5606661398976004,0.6279870830116617,0.5229948337689234,0.535523943775901,0.5702639632509757,0.5311351198152388,0.46511013867497475,0.5820090292300205,0.5654816190317348,0.5262372367957233,0.5160293950191007,0.5246890344853998,0.536393513849804,0.521734210990912,0.48859704148054417,0.5322928242542128,0.46364443974991465,0.5636725162324162,0.5372152484216992,0.6993879680706409,0.4629713502134923,0.5278767859245163,0.5925247743278027,0.47654693951184657,0.5786347255962151,0.5834837539730059,0.641288343128102,0.6197679846426187,0.5162596706237746,0.5141190725201836,0.527404549421654,0.5763950903384442,0.5604017427171087,0.4983791737860105,0.42141065623024726,0.6044327910410865,0.5594628966636277,0.6352281556540258,0.5497475637618511,0.5402147871716368,0.6803050455807772,0.6433376030485388,0.5091903731385172,0.5748361929442507,0.5405128343498774,0.6428907265132439,0.60155757037842,0.5121182096843475,0.49690577419272086,0.5420340472863319,0.5234203597006329,0.5403540017791126,0.5128744474647537,0.5388764820113574,0.4990945434057181,0.4968927206186178,0.5729520853674644,0.5601299800031295,0.5754788912422795,0.49090894613076236,0.6858315875975195,0.5405690482644556,0.477143699281384,0.6449581666952814,0.5917695409583812,0.49460540811799025,0.4016475606227993,0.4901808417419246,0.6008496468272109,0.5735794785046979,0.49896914427960737,0.5539067721470641,0.599957837866701,0.4520011024820116,0.5658672998971518,0.5690361811785435,0.5363799070895292,0.5622775504642992,0.5600425967955738,0.5859351302614125,0.5125547731188141,0.6431845119937909,0.5311178598597158,0.5154870119940442,0.514189910680027,0.5128172747192977,0.635624621528536,0.5153028292332922,0.5616560562477343,0.5287366844659456,0.5355627802874869,0.5667345371216116,0.528573285949025,0.5525391272315437,0.49029363361452444,0.5910950820025008,0.4373022331450109,0.573789509429063,0.5597575042632513,0.4502349152382865,0.5545799172259761,0.5621439508689564,0.5772895097262547,0.5051407190636426,0.5271239035331654,0.5125511890303716,0.5562931696766784,0.5819946189426182,0.573518681316353,0.40453560003758676,0.5959935570258125,0.43529645553663954,0.5720728113670168,0.5506978496256765,0.5979781041474219,0.5425312346891398,0.6091516094119277,0.5045742911467657,0.5353305594748924,0.4673499504698232,0.5573805823974851,0.4772528441165333,0.48284540741435117,0.4454997023674464,0.6065923504994563,0.5153272170523991,0.5605987388976982,0.5449220213567598,0.5218294482784046,0.6505123134391839,0.5582572283394174,0.5443429981839417,0.5107297968889282,0.5920202533700972,0.5695290371663088,0.504645635520264,0.44014561632437166,0.5300702424648398,0.5663560411224321,0.5459287021707023,0.5838973117967458,0.5873752536525536,0.520553022137816,0.42251604417789546,0.5837835727228798,0.5310601846298942,0.5749167775652901,0.5602808923914064,0.486365866808997,0.5293494789859126,0.5328145504146787
0.43440196930637964,0.4658563539440151,0.5280001445050425,0.4995632940735643,0.0,0.40623405900904147,0.5378035139124602,0.48670205124915883,0.4839878839648601,0.4715178886195124,0.4489543443824853,0.5252152152372447,0.4111115497612556,0.45157234973173005,0.5033784978918711,0.5086044598266544,0.5104788016454569,0.5074801551166424,0.4789527344169932,0.4078612431376053,0.5242943748938149,0.5026376684097119,0.4961168691628193,0.42454569306526385,0.4407324838155313,0.45757996198212925,0.47888100930058797,0.4224508982132054,0.45337493800562023,0.5943107264666516,0.46604747018735726,0.48122272144630945,0.4813522780599719,0.39687196841701583,0.44352414703771204,0.5327631314277315,0.40242856137609945,0.5308412042914297,0.5085902242999609,0.48143280636910474,0.5243875104119697,0.4970540720867917,0.5077219243889326,0.45389914598197245,0.4425895045443657,0.4720289484572196,0.5389905101606153,0.37673678114056347,0.5083878114730315,0.561713356862613,0.5564437762170428,0.48221566138686095,0.48488988466040256,0.49073761960301227,0.5167154033094039,0.42800252167663333,0.5092754505002216,0.6034910751185693,0.4886451354750276,0.5189007500954436,0.3890341157929564,0.484934574571351,0.5039437016496058,0.49805140980102075,0.4777314385920434,0.41892109643796427,0.397810590844097,0.4363840659785723,0.5007135451654731,0.48145390672453453,0.4732383441530309,0.4772814758899779,0.4164255938858151,0.5231663137591456,0.48324411930641437,0.39702824988895996,0.5174241686196729,0.5872937827631631,0.42903503839930895,0.36136520367748565,0.4220758251415694,0.5071594662088138,0.5170073941469517,0.4097178262569619,0.4955192932151571,0.48606195070418357,0.38306469160369677,0.5134053310988232,0.4592967979641619,0.4150071141925512,0.663234095729723,0.4796092479630544,0.6167477870606377,0.4180803364004541,0.5152973919421743,0.43788444734291393,0.42275919560937747,0.43165133819201884,0.49419868989583365,0.4473406965094483,0.4095439910096457,0.4825428197524966,0.47043037484355826,0.4688860588361074,0.5035740152027347,0.4829958908508498,0.48039804079828236,0.43379863290017745,0.49879588841378664,0.3711121874335672,0.47066924524939463,0.5350098745527542,0.36992276877060004,0.5096184248957388,0.46471366570110084,0.49798345914462566,0.4330653039153899,0.5290133092625156,0.4318460057266369,0.483448377324923,0.6092706508992981,0.5019572759016051,0.35651465932737786,0.4894170740270461,0.3807112767146283,0.4550501553327814,0.5058315271751098,0.5162117545973303,0.44819116867683206,0.4916578867862058,0.48308520230356977,0.5183823879549339,0.3813629531607583,0.46549507812703317,0.3917917722605389,0.4282628174285095,0.40753800516961297,0.49194454499703405,0.43084642027384706,0.5344839826716731,0.40581299885468813,0.4867438124417216,0.5175472231658951,0.527098727569599,0.4563319502390833,0.46883631764903677,0.5739120436484889,0.4863721610710052,0.45085834011329956,0.45405141273821825,0.4282448866408589,0.4866864266032987,0.5507885168263569,0.5393913309832634,0.49075812155918563,0.41063840613902336,0.3535546893820426,0.47847823342693063,0.39670069881215736,0.49554403227417987,0.43755025280520354,0.41648667829700664,0.47239964976697724,0.4782469810684235
0.5958314818025517,0.579432669653185,0.5313403609128872,0.46777675763900545,0.40623405900904147,0.0,0.45440636998707923,0.5108370564101467,0.5163115894843551,0.5315958981678105,0.5623980878183424,0.4865715550333043,0.5986824287474786,0.5083618363484169,0.443590251976543,0.5380344825261764,0.490903555693171,0.4750696648921939,0.4892669985377221,0.5237665876771871,0.5267808714441523,0.5371858528275211,0.3834974803352984,0.48102868892278583,0.5803323378658736,0.4585356071571815,0.3716664518486061,0.4615746299290639,0.5178528881996568,0.41927927345495214,0.5146043400813108,0.5992576443046115,0.4460558166258279,0.42740018764670157,0.5409663553140261,0.4305554298624138,0.5995488482457293,0.49215706017991123,0.4647105937471312,0.44787208235813686,0.41836757583345674,0.5675708025196319,0.4518867556944384,0.5887818274820997,0.4802777090589519,0.4365814613971719,0.4323886194579642,0.5638135735715262,0.4945130021586896,0.4381028078821752,0.48290850860372925,0.5237231768533178,0.4423106471538248,0.5276118739092408,0.5072598434250373,0.654389795829963,0.5097973050784719,0.4657306456470039,0.4926725474310039,0.4300262102175436,0.6392952934843582,0.4296802829369156,0.5390046975455434,0.43355040351910373,0.48252229756123544,0.5358399047062425,0.5388685769961848,0.591076862120591,0.4234662126192986,0.5549425206013037,0.5881948888886727,0.48143314035136586,0.5844487926477703,0.5267265701662466,0.534943953710749,0.5457475110187213,0.5192897761754995,0.4644919966303284,0.41967225854490764,0.5759281546164585,0.6703968015102467,0.4875085407278517,0.5684280521719915,0.5685229136376475,0.48271528944768094,0.5186345856676344,0.6284347279170345,0.44393351920536994,0.4872464415679576,0.5568526610207913,0.4325944668387689,0.45040016515086106,0.4449983362543534,0.5792870729134607,0.5117657431801144,0.5860765891851797,0.510544798827737,0.49178386970403476,0.45492195301314425,0.4977535765783866,0.5317883677809497,0.47585627826032834,0.40876820042177364,0.4327131181849169,0.48002142955848087,0.4529890495844865,0.45172888215224555,0.48592087762708547,0.41975478010356493,0.5727274383241747,0.5564087956502725,0.44140527049643513,0.6586495879013621,0.46403174601401537,0.4696789517644543,0.49617002573356017,0.5267670946278391,0.4821780356029097,0.5936610703434895,0.48662881749915754,0.47623979948187295,0.4268417567188841,0.5150023076785201,0.5534926606252846,0.5749715456405342,0.5338420406007595,0.43988232845257447,0.4641705047628992,0.49789896577776904,0.4564111481206053,0.5135783933195426,0.5827667581045166,0.5694967460538568,0.5671433939351643,0.5669368669555037,0.5531331118491307,0.5039251174254942,0.43449558072754174,0.406806711252301,0.42803693589997616,0.5241584377765087,0.592258479273755,0.47631817074491123,0.447750531819461,0.571587748664417,0.4479285297065195,0.5139915497575527,0.45847265287497924,0.5144770826696543,0.4250666540843097,0.5527898795871504,0.5079918519293857,0.4261398801274545,0.40502880408633607,0.4957818802323873,0.5832438990242192,0.5078362310024667,0.5775343679386103,0.49106076383755715,0.5625393790303227,0.4910382022472865,0.6101418634398725,0.4339536328643418,0.5744304559804992
0.47621616567918545,0.5863447388856385,0.5337634903676536,0.6721138999577106,0.5378035139124602,0.45440636998707923,0.0,0.5665404511230951,0.5045028224297203,0.5799932874646977,0.4738633231178037,0.5753218709330147,0.4723179428456431,0.527849404454872,0.6993631318146651,0.5044134528829258,0.49436353246580533,0.535691526404741,0.5061238949325042,0.4408366480770956,0.5660797835940158,0.540500260372705,0.5123635876079488,0.5120246516643815,0.5123117938192724,0.5332865335294639,0.484007282713936,0.43817038326692526,0.5335859592997952,0.47057033982929963,0.5936585878532478,0.535394452531823,0.6683513057529044,0.4475531275006611,0.5042513972374688,0.5798502425372172,0.4790064369872859,0.5469681845192635,0.6386794524150659,0.601988269782056,0.6076496415555516,0.4964440278256124,0.5304240459577956,0.5503790164365214,0.5417568488601248,0.556536466442476,0.5345768876043772,0.42565301017130597,0.611643212930948,0.5496272573942488,0.6607218105957328,0.5196573714181622,0.528670704966935,0.6411410728823724,0.6660215935835742,0.5122293694056101,0.5508152932638971,0.521938104887322,0.6218827963133683,0.5771982160615703,0.4763752632668937,0.5149057798146865,0.51324755979066,0.5049484756785084,0.5548249516333854,0.4997563048367025,0.5246297740349934,0.5291200838054635,0.4662737450135675,0.5307136167009348,0.5772669569958624,0.579029603155117,0.45547882788181765,0.6299691770277617,0.4864011882642628,0.49008434099499204,0.6618211444731589,0.6919968508017226,0.4797845724885586,0.41429152183694024,0.4924381682461155,0.5978835719635887,0.6238764643173225,0.4632281904418705,0.5335457468734589,0.5493251282244276,0.4390730288943737,0.5880091418252046,0.5512763998511758,0.5404818819080948,0.5542962066602607,0.5927270057874072,0.6133411290036891,0.500566953512156,0.6188054153976591,0.5582088365810923,0.50168047925382,0.49463682512799134,0.5233732932650365,0.585791985746688,0.5325314461608496,0.5712712038111605,0.5364964263914865,0.5368511099118446,0.5374860794717924,0.5183613006234087,0.537544876618187,0.45541053633581835,0.6129357670329095,0.4351807827509911,0.5758458274198953,0.5546714718159693,0.4345974888513159,0.5265323284152057,0.5306650425488161,0.5198728442949915,0.48756068226075483,0.5526575120158512,0.4786149216010671,0.5228479283676046,0.610693098205272,0.5690075023560103,0.389809119222682,0.6490908035061527,0.4348977110925004,0.5967617904972038,0.534337417427821,0.6411407733167082,0.5081072537032589,0.6330085100009958,0.48003571644427334,0.5161962452567976,0.45085042064752207,0.530165568953299,0.4653662246450351,0.5100023289695279,0.44946669120893146,0.6194618729870902,0.4791526827355971,0.5988110442913723,0.5325210412493069,0.5237509306498915,0.6378471091754382,0.5492965318572075,0.562675889229292,0.5099747985426332,0.6203368288756352,0.6221074251959345,0.4909043018559165,0.41796350057049053,0.5149226152986807,0.5815523580223962,0.5010152775254909,0.6249547888664134,0.58074704072003,0.5214024674098147,0.4079153420287197,0.5947324724273144,0.5133819574928596,0.5848441872799154,0.5659014772430616,0.4812179475952748,0.5588621648832847,0.514313983831034
0.552311252413984,0.6222480619983562,0.6042138547853289,0.6357098714767067,0.48670205124915883,0.5108370564101467,0.5665404511230951,0.0,0.5682675318693934,0.6431516507028857,0.5167500181589115,0.6389341854144289,0.535830298248052,0.5609812528039989,0.5664701641409047,0.610919654919121,0.6071456546958099,0.6272299164302291,0.6226441394801656,0.5419363389363215,0.6549235798050903,0.5516229831680994,0.5397218308407168,0.5031946539052018,0.6125275036543149,0.5472813286829551,0.5028220503201375,0.5401631306360846,0.5292363076208922,0.5097778586404572,0.6341461125156861,0.6572428414189435,0.5737395511377785,0.5166487332535323,0.577407218200295,0.6311465375573936,0.5062063496285347,0.6914381111331215,0.5806095457058987,0.5731524582231424,0.5918797708765434,0.5583205858988696,0.6085235528921239,0.5481907540217216,0.6571532093826586,0.6197607290402993,0.5494843577203143,0.4437373115003006,0.6483003439603147,0.6265154101755498,0.6547909440214418,0.6070781264764116,0.5511756796947412,0.6286282523047826,0.6668845937612312,0.5519313098341667,0.6745716022780225,0.6115997296876977,0.6701159769803715,0.6358878980414556,0.5382643692394468,0.5398727275468909,0.6463998923787734,0.5958802091995518,0.5831751175915992,0.5931326282441017,0.5252669047301469,0.5152133384282452,0.5570658412798539,0.6782462804365864,0.5968294922931322,0.6357547748273974,0.5382748433444512,0.7152272114439567,0.6393415985769777,0.5324834313984645,0.6360239498250736,0.5622759168338857,0.5683268146724807,0.42042074490537484,0.5423165072927615,0.6120383144153776,0.5862296853366832,0.576558457263243,0.6510620229944167,0.7154648008689636,0.5059749447522582,0.6233437981616288,0.6985906515230477,0.5399767382510045,0.5782311660602069,0.5738521042122001,0.6085979554726665,0.5671085017862049,0.6329597763102963,0.5486587070906034,0.569828840236116,0.6023098093382903,0.5519851737265942,0.6705130838098387,0.5264074474886621,0.6657879296798127,0.5645025873130723,0.6004173421920775,0.6843570152483559,0.6117842679080374,0.6438238698092713,0.562406058653218,0.5845842478831197,0.45579751208841907,0.5959293556170626,0.6206835998407059,0.4742092091982805,0.6151060334830858,0.6347707665704608,0.6002991248504704,0.6072532992292374,0.6110997167786699,0.5553034107964869,0.5891388346551021,0.5960527234391504,0.6072110691158265,0.4444696569793994,0.6038806158351758,0.45949092319112533,0.5965345407288304,0.578459792922222,0.6118791814568487,0.6290524757157038,0.6158642722886076,0.5903515049962017,0.6217800784084487,0.49583740347189065,0.5695507161592088,0.5110527272694334,0.5094624934783539,0.5079010826363172,0.5746972864538891,0.5377749295735235,0.6126781238470129,0.5372111537608953,0.5946338611867144,0.6335204882829064,0.5849241180188038,0.5882613682207704,0.5812127247084432,0.6140934106118655,0.5731831116474271,0.620265675149555,0.5061293732194146,0.5933186989475793,0.6127738206858054,0.5677770901775879,0.5561278628334656,0.6725830199548146,0.5503405150444098,0.42342219341642645,0.6081086747971172,0.48533699452682744,0.6180978623913124,0.5849373749444913,0.5401179288326685,0.5582947272770455,0.5460982747039701
0.5650100010857273,0.5585941478041333,0.5167628801004869,0.5181683719777127,0.4839878839648601,0.5163115894843551,0.5045028224297203,0.5682675318693934,0.0,0.5350399454136096,0.5118709228763779,0.503507155314949,0.49193009804354404,0.584882483980112,0.4888202860314839,0.5229621338034347,0.516525433967312,0.5715057765091929,0.5205269494789753,0.4955425090385237,0.5290589121669977,0.5669308417645348,0.4406917905384987,0.4259969567400842,0.5323320809128631,0.43901636374176983,0.4560868115099011,0.47548484854104056,0.48451980401229416,0.5322582447590897,0.5617344867089282,0.5875835302166206,0.47607596139210845,0.41205282684037337,0.5704150557689676,0.5098172235693695,0.4815304238007189,0.610070943169809,0.5021557507241956,0.462482368895881,0.46338685884840164,0.6559778186046384,0.4863939744936398,0.5036102930058479,0.4767496747140487,0.46258216903043825,0.46725948056871,0.42349814640569705,0.5348907343648867,0.5361966553510328,0.5462467489143373,0.49608714233506407,0.540610820619429,0.5195756369996202,0.5332513687946424,0.5737763276901257,0.5629072133204313,0.5508532278028615,0.5686447874445976,0.5057964557051916,0.49770020268219667,0.512019543283616,0.5491089470655974,0.5302159264899464,0.5626307160775196,0.4975459901112409,0.4876590914895391,0.5123641414457693,0.5211566590336749,0.6371135796919983,0.5725517997630533,0.5627095185141285,0.5821021346170964,0.5527033468860028,0.6087590787590719,0.4977739359910524,0.5334609525808051,0.49364482234805485,0.4319914088084768,0.42472255775147183,0.5174077128026516,0.6142898510610479,0.5725117291704179,0.5017307559467236,0.5561449200316195,0.5513430034159007,0.5141147560834785,0.576519417484835,0.530511319463437,0.5160786161307035,0.5561049513676465,0.5422921022226507,0.5391300410588751,0.5168412830861445,0.6661163279251384,0.5175376078393601,0.5311752822680693,0.485202929959502,0.6048477157806537,0.505029639329708,0.509118725569542,0.5135552271431088,0.4728193481842724,0.4669679366653015,0.6085178178014408,0.46069445713822355,0.4773327922125441,0.47966427775116705,0.4534279771016955,0.42342535209572885,0.508630910945227,0.5443876508876319,0.487136924800441,0.6416851498176314,0.490647143251469,0.515413283351525,0.5199114877214397,0.538890039283666,0.4786596586329686,0.6415866692601706,0.5611721635381717,0.526398532681271,0.42475699156471963,0.5260378572537188,0.5362552176324903,0.4791157020465213,0.5465746190174144,0.48325215385948045,0.470951240170187,0.5077723431265379,0.6713867843603666,0.607939143577288,0.5058977419713214,0.6782675933728105,0.4713080073505996,0.5195740525198578,0.4407784417898891,0.471104714688405,0.42510758612341637,0.5186362397286568,0.4949877970325602,0.6387340055673567,0.5991243151298207,0.6061186278553751,0.5262859538159224,0.4875315199344275,0.6021411597310936,0.48312724081602954,0.50580237444213,0.4813749287900854,0.5404649341847553,0.5995464905910911,0.5305406533435892,0.4487686244587938,0.5046198359105029,0.5161083396401348,0.4149247971243108,0.5047134743001139,0.47489042658896274,0.5969591182475953,0.4846650934397021,0.5788415788432246,0.5247074236155976,0.580530279642378
0.5379996424674993,0.6744898952312192,0.6359936401594322,0.5865237801001145,0.4715178886195124,0.5315958981678105,0.5799932874646977,0.6431516507028857,0.5350399454136096,0.0,0.5419979736801414,0.5788560132680206,0.5584441256699624,0.5816305533262179,0.5523721795270019,0.5908826688854323,0.5563511105468915,0.5843275889544431,0.5393429263560985,0.5074414812371165,0.5785809507835465,0.585332170548831,0.4946120706553077,0.5027788456816031,0.6270108945058231,0.5097622669238124,0.48456095602688043,0.5061956794608978,0.6546545634998804,0.48094089992188144,0.5862785148634524,0.6351728867978632,0.5574007817430404,0.46348636488279976,0.5580135606607811,0.5458869387736265,0.531632381105994,0.6030171079446975,0.5427536139039258,0.5607988329735655,0.5311113042258063,0.5541841910854299,0.533075610959576,0.5553984981033091,0.5757605966175178,0.5322345585190174,0.5104867169165218,0.4686047884451261,0.629771861284049,0.5265476063781374,0.5721273061124603,0.5322064546600359,0.5110873551360415,0.6045866688680169,0.6636561322325075,0.5689007167648495,0.5638863178547603,0.5422029944256413,0.6570721948535178,0.5372815258372482,0.5478225031741619,0.4860625667468764,0.5548611969672458,0.5376457687655104,0.5245927168971686,0.5321266342330079,0.5371181956591403,0.5512354756517152,0.5305235838864942,0.6380389367100546,0.5698333360489041,0.5926437745982461,0.5163649607140703,0.6394692808256204,0.582234052445887,0.5359840519485801,0.6063034175957872,0.5779406221538247,0.4848742084752127,0.44109280102369564,0.5628756684642762,0.5351979620035118,0.6274971844164232,0.5650986636234235,0.5411519316281833,0.6068830678178998,0.5021238147340851,0.5558922096796318,0.6033636010690849,0.5386134702094612,0.519117668976256,0.5254731821262261,0.5716779177634269,0.5309409516605471,0.5919615750820066,0.6157415634340255,0.509509125285474,0.5403189663093357,0.5066488921275627,0.5899248599005876,0.5513249097487966,0.5689677497030848,0.4924352929915931,0.5729063369584065,0.5561488418610707,0.5273135919770998,0.5373961377151794,0.5417033937694836,0.5420810987049242,0.4796876074438289,0.5663184690421246,0.5217316516520651,0.48786172587962034,0.569033827029474,0.5451230393335599,0.5513403829155465,0.5588791948512591,0.6211125045424399,0.563840759149829,0.5568957713820332,0.5473661556337455,0.524824884458667,0.4351200293792096,0.6006220801584986,0.47221543196511384,0.6532417185129088,0.5035397002455565,0.5611791849714113,0.5919571168401772,0.5970668780890646,0.5712815806705412,0.5720659233340819,0.5045160381797541,0.5336533566767782,0.5112682422164406,0.5241444039650042,0.502806021019724,0.5454111474902953,0.5135443438038481,0.5383284067239864,0.5845986916205234,0.6027376735541141,0.5681774991551702,0.5327609368048714,0.6008605541992403,0.5138782276531806,0.5617728972786825,0.5831705172616519,0.613703993885477,0.4682033928791016,0.5362214624828312,0.6260644181199504,0.5036010701641156,0.5466214390809616,0.6042777854596515,0.5576175660067627,0.4464130518611652,0.6167764217938267,0.5189152111077625,0.5963335517301663,0.6267872659521053,0.5420210736707936,0.5222914227125566,0.5350812638289535
0.6261059689139209,0.5787344896245614,0.5976517512387989,0.4999261619654448,0.4489543443824853,0.5623980878183424,0.4738633231178037,0.5167500181589115,0.5118709228763779,0.5419979736801414,0.0,0.493937350988099,0.657559324960156,0.5575106224410024,0.45877157369733884,0.619257034754987,0.5606686697602478,0.5425209154710077,0.48151798117610606,0.5595249830968911,0.5255762546815532,0.6363449267742488,0.43527873661826677,0.5313398370824163,0.586294704747661,0.49598217060926747,0.44033572071363214,0.5542715330680454,0.5811788606473275,0.44732749792614745,0.47979355041945465,0.5476539603579224,0.4560545513780767,0.4365603566221267,0.5964167824943507,0.44282036033681166,0.5956512328397435,0.5400634299390937,0.4582749197654902,0.515585670764091,0.4336733271394537,0.5847735446991171,0.4587146831730661,0.5499696627708925,0.5069503239807119,0.4374832830008268,0.42269605136471367,0.5569912856804107,0.5592230192332064,0.4527717217240007,0.4732923295342041,0.5131774437463461,0.42268869962177497,0.5200520730873635,0.5256355949478931,0.5287914068963202,0.518793522450023,0.4923159378131552,0.5153828359328367,0.4442145266213157,0.5636651837831211,0.3960254136089105,0.521499218845812,0.47253167698407383,0.4469046844352034,0.4760908824841449,0.5257414145478785,0.5329277476777462,0.49646424214210727,0.6064612172270408,0.5302778199527446,0.4991610219508228,0.5869557962491516,0.5583662822406318,0.5621150362436884,0.47099768230571387,0.5329161545906341,0.48787515452367536,0.42328046383412954,0.4655807757942749,0.5104742764209268,0.46146776854697913,0.5421462711879091,0.5813918905346687,0.4739861356388371,0.5551076593391691,0.5458430079357309,0.4414623064868198,0.47086200383587007,0.5071410204515618,0.47259879434002144,0.41805253182199364,0.4677693985938056,0.5117979683269521,0.5105969733203912,0.5357862429141931,0.4337669596028319,0.46814364079824594,0.4430071570095489,0.48751054623613616,0.5096797664511524,0.4561891409425916,0.40330758043200504,0.4358280902018476,0.4733808621593582,0.4635844913717047,0.4339283810152498,0.5570255213765313,0.4309156794577121,0.539535944106943,0.5355652956456872,0.45662329731701334,0.5393073736338007,0.4873469755254604,0.4822231309006617,0.5778236693454446,0.48817561111438307,0.5324139292015557,0.6094942318191562,0.4997522286221355,0.5237687171807315,0.41724770613710827,0.5010522789873569,0.5136893373325078,0.5130041150481682,0.5209930941262454,0.42116954190192424,0.4710711597139513,0.5160581287260585,0.48094767322334225,0.5196676054282093,0.5413571572456294,0.565298562669662,0.5439689029344741,0.5519010813877342,0.49394485770950636,0.5108635787067266,0.48265522355005885,0.48905663934142835,0.4262162495664229,0.5012803122548211,0.5603504607995617,0.4636524955517941,0.44188926505375326,0.5613425096595933,0.4648134595700286,0.5006209449185294,0.43207307965079195,0.5346516919321458,0.4439366907639786,0.5328476907142612,0.47136980621502894,0.48923812544966655,0.4294828393111093,0.49017576454584627,0.5426203400773882,0.5668744701350615,0.5494174390667281,0.5324091500282896,0.539287813855241,0.4653077265760773,0.542315613467084,0.40827082024843,0.6910684538431165
0.5013996583652814,0.5620004019588525,0.577776887628951,0.572717682044892,0.5252152152372447,0.4865715550333043,0.5753218709330147,0.6389341854144289,0.503507155314949,0.5788560132680206,0.493937350988099,0.0,0.4758890433281679,0.4760105637294451,0.5442417493995796,0.5893788903179771,0.5741061068514571,0.5309893774383604,0.6746816791386482,0.5070460700040283,0.7117912414805284,0.5123216255869869,0.5455250707424926,0.5137829876560034,0.5876587398805986,0.5442381573492922,0.4520127084468919,0.489578036744811,0.5064903005485125,0.5120251846345261,0.6139664284751988,0.6136021804193986,0.5280569147968092,0.5462413899478489,0.5304062814841086,0.6340468043124551,0.4780932509609134,0.5929217995422165,0.6343351837764388,0.5296713477797218,0.5906227575063353,0.5337407668985719,0.626706394863235,0.5702282477019499,0.5971408393007271,0.5765603970940655,0.5725969465437469,0.44618882994739256,0.6301896435201731,0.604003756762728,0.6446341092528117,0.6024704924924859,0.49368186237353734,0.6178675996343241,0.6694143652362551,0.5124712048383182,0.6304471768530795,0.6361135989700625,0.5758238312736919,0.5817968784985648,0.4746978432283078,0.5056686773745687,0.5902585229077763,0.5696390338220017,0.5467421142622648,0.5347848210501898,0.4737062157197523,0.47960622006636877,0.48970829964096846,0.5542352198860502,0.5481320519732069,0.5556629628979356,0.48499579016081035,0.6273411328323674,0.5402432575411178,0.486024017344526,0.6042160040190864,0.5885791409808738,0.5442865392701235,0.41245867495963656,0.5065594484457236,0.5744007234103778,0.5537798177550125,0.49414077114005245,0.6285907916786885,0.6098267822201259,0.46736157809073203,0.5573364468746391,0.5791811776776815,0.5007244778891585,0.5649383347440459,0.5709893442222344,0.6069447035576979,0.522756889535759,0.5544325345878937,0.5309478282171008,0.5214226263813824,0.6132625227349565,0.5304791133713692,0.570459653706667,0.4863855662946547,0.6398772805536977,0.5773196383638771,0.6285555508391351,0.589245181460687,0.5938060754557597,0.6301768338349837,0.5340419227834788,0.5558567241171225,0.4567477734983533,0.6674307774080093,0.6233312994241965,0.4361661958271893,0.5379487060259054,0.5557871548612524,0.538871878391386,0.5626370633654212,0.6442939288468059,0.5527353580405331,0.5098674517507856,0.5954030720878126,0.5444356852845003,0.4357675742595339,0.5880052871180314,0.43115434329539853,0.583742340619537,0.5378773617065326,0.6175801877182304,0.6300115480425977,0.5382923496029124,0.5181048413990473,0.5836706889538441,0.43921351894659494,0.5272507227940644,0.5007181199325633,0.4811223565578607,0.5052461662586273,0.5469771157254215,0.5049055147155199,0.6174600857199681,0.4700724837965339,0.5598226290287002,0.5797055475968527,0.5573258876956608,0.5806489320398756,0.5960328141397403,0.6230477756308571,0.5314755883409508,0.6091293457307775,0.5007962897343936,0.5619207719404592,0.5500433013865631,0.5526183243167273,0.5507335043544045,0.7241878849295418,0.5020800080795831,0.39671570123252403,0.5960496279383037,0.4398319064582116,0.5668561879843339,0.5079989599759883,0.49938567698438546,0.536186714013233,0.5213071083539144
