0,1,2,3,4,5,6,7,8,9,10,11,12,13,14,15,16,17,18,19,20,21,22,23,24,25,26,27,28,29,30,31,32,33,34,35,36,37,38,39,40,41,42,43,44,45,46,47,48,49,50,51,52,53,54,55,56,57,58,59,60,61,62,63,64,65,66,67,68,69,70,71,72,73,74,75,76,77,78,79,80,81,82,83,84,85,86,87,88,89,90,91,92,93,94,95,96,97,98,99,100,101,102,103,104,105,106,107,108,109,110,111,112,113,114,115,116,117,118,119,120,121,122,123,124,125,126,127,128,129,130,131,132,133,134,135,136,137,138,139,140,141,142,143,144,145,146,147,148,149,150,151,152,153,154,155,156,157,158,159,160,161,162,163
0.0,0.630215811047653,0.5220648883820654,0.49826673060231524,0.44907628566686897,0.5318834425821288,0.5894745537691247,0.5787074009510048,0.6332629803840596,0.5664773430828248,0.6252361220411792,0.6043748795231753,0.6079329859904953,0.5364603460170231,0.5991912028237613,0.5494731286818936,0.5854043210759453,0.7115465276580879,0.6089467514633585,0.648742960410567,0.6050207157847801,0.6038225687310659,0.6184123476928207,0.5419261029368796,0.6810708836823302,0.5390848505350397,0.5217432855038501,0.5651349302386239,0.5315888954507176,0.5534870077788042,0.6787118711624225,0.6288966719873281,0.5066717229455807,0.587643699636247,0.6274039168917203,0.6024912546827885,0.6768636770390158,0.6544583346844489,0.6156008226603907,0.5717257726958668,0.5937088690104972,0.6153976595122943,0.6338633737356202,0.5727681901316534,0.6393950656617144,0.6609490425511698,0.5311414040491935,0.5599714352176931,0.7211700908224624,0.6501369231040651,0.6587086837272665,0.5543768811841049,0.5896640433877668,0.5699783141460422,0.6082771765926739,0.5745687662680258,0.6849835897691786,0.583009146419665,0.601088312902266,0.6040952012571345,0.5467889131448394,0.505032219908918,0.5800915341463834,0.5243753900788285,0.6072801573594363,0.5971919369877192,0.6021320256838919,0.5755879450228042,0.609408457967086,0.6220023058727296,0.6814073914053471,0.5649296676993422,0.5846589139414793,0.6227394106053302,0.6070895073561239,0.6378181484476199,0.5400859051203727,0.5040577095162098,0.6461296120040684,0.47290249056492745,0.5630570494441984,0.6772394646454329,0.5675340205659691,0.5647467605818444,0.617870341580153,0.7024872116145537,0.5961706659458638,0.6366882107480571,0.5894631943704184,0.5937774823235401,0.6565646441061895,0.6036387696285028,0.6388503589783628,0.6346312080320727,0.6252632721301246,0.5773277846132807,0.5087787900495018,0.5644186189110024,0.5155160907734068,0.5839501827579457,0.5568993575323371,0.5390681229586084,0.561530604344535,0.5143719899830892,0.6205899674382633,0.5690266375999262,0.5509469820303271,0.5918046091212122,0.6265792326899066,0.6111169853148622,0.609186034905708,0.6677500021073111,0.6087538199857505,0.5524415254708471,0.6270228060408086,0.5732340985321416,0.615619590313364,0.6243973982965795,0.5057439218548371,0.5228785094443219,0.5540343493336496,0.5386458604201682,0.6293683305254794,0.6341946119090567,0.5777699876065465,0.5937475390215747,0.5295503165999628,0.5321414791878392,0.566156282859596,0.5975487410150092,0.5552230466692956,0.527920267839379,0.5395722842414434,0.635557911905748,0.6270845231080997,0.5579026655697583,0.6031658393289479,0.6030069974151753,0.5708227901664417,0.7431463923462143,0.496948694950277,0.5692081247287479,0.6632977754054319,0.592791951589562,0.6801750113545821,0.6987351592616287,0.6109560996271833,0.5539539580060865,0.6749742530814549,0.43281744021763885,0.6872848910997876,0.6085818075545169,0.6088694930269754,0.5233532858914316,0.6299721048855859,0.6847579246929753,0.5796690687899803,0.5318991332475606,0.4995233684913281,0.5684790907789629,0.5395817019531806,0.6375506985269965,0.5509203951394228,0.7105720857895976
0.630215811047653,0.0,0.5382354624214432,0.5305548442664473,0.4204139600176707,0.5567711899602754,0.5977290353243858,0.5698371065782805,0.5646395537187975,0.6155226949326968,0.5727354023444606,0.6027566792881274,0.602638093954673,0.5575101280825487,0.5620751468326871,0.5155198113529408,0.5722848708603265,0.5887505425057431,0.5578385870817835,0.5562321827426568,0.5614169453066463,0.6021577689297783,0.5866406720340587,0.5418241685647711,0.6078647717145131,0.5054384193316566,0.5426431224389401,0.5648570346247649,0.58657855619488,0.4963584424494106,0.5862295426317081,0.5750627124988555,0.5571198039311284,0.5695489531279361,0.5715811334522636,0.597837655024191,0.578626271497367,0.5688483047790548,0.5570305738856416,0.6097029050544502,0.6208835973114153,0.5980377437797717,0.496382634953559,0.5233578283661764,0.6277497410999094,0.6032139641222443,0.5097063560740968,0.4965390199340976,0.6063950405770625,0.5602489248462392,0.5824630979529235,0.5462533704538381,0.5919279423077825,0.6033468942324948,0.575319799205574,0.6069217004334801,0.5749303237771991,0.542593089348847,0.56727015243217,0.6106962558358766,0.5573227808898108,0.4868006222183725,0.5150565633136583,0.49869230249222807,0.515174320935683,0.5256308865954322,0.6085827744882892,0.5159404338350649,0.5281570101166994,0.5430086470751972,0.5726928069123621,0.5160730281302437,0.5453487532136052,0.6039973979186135,0.6002925127253389,0.5592194259659576,0.5108628836427528,0.4993477513881682,0.5496713136929668,0.44936890286744385,0.5370233556994993,0.5944191483707791,0.5564837510773814,0.5486161213071291,0.5455998020250762,0.6878577829274893,0.5127762074265303,0.5322247117470013,0.5717485421120961,0.6374021903336103,0.5690747675862399,0.6055531280392301,0.5766672372420198,0.5723718464071678,0.587821017906262,0.5785417293481788,0.49069459768134077,0.5769218699496603,0.48754524459724286,0.639149149362657,0.5284320336850236,0.4732733605102373,0.5022904627701515,0.5031701369199442,0.5509262284622338,0.5371661680336881,0.526120872690273,0.5913059961251064,0.6336495928321648,0.6180154485226068,0.5774644859904924,0.5507202625327378,0.5927096496493764,0.5193489020268849,0.5828121343925609,0.6233958956212957,0.5787388432960656,0.5097666136744221,0.519457650095207,0.5361682540367789,0.4958252990866479,0.5013580811353945,0.574777257537907,0.594576686327831,0.509900074863925,0.6019796321227632,0.5416164076728136,0.5347531539007234,0.603225063454825,0.5456970225161317,0.5667938726737273,0.49787688552750226,0.4985903735107146,0.6075945320135713,0.5536159263011436,0.48490988875414226,0.5353003426732292,0.573453061494242,0.5512700817955533,0.5746497243968977,0.4949371943493377,0.5413910500686621,0.691366942446732,0.5543418503883786,0.5868842716256588,0.5772127436069681,0.5730546447716369,0.5592596178747238,0.6129648350147081,0.44139307879753165,0.5509018037455526,0.5744989665198507,0.5671002861290019,0.5626096230524588,0.596892455937547,0.5820905628387721,0.5705716641153332,0.5410270928496904,0.513330429161774,0.5211970616462602,0.5447685324700027,0.5636963369123371,0.5085303420338451,0.5873562423956724
0.5220648883820654,0.5382354624214432,0.0,0.45703888623742084,0.49870126897313266,0.5750852992715246,0.5185405389850269,0.5027870323964606,0.4447517062635498,0.5242327154126083,0.6219788167672656,0.5634995997944852,0.6069244515638016,0.4317893691116185,0.49779058596792364,0.6450407207851814,0.6250248560557738,0.511206653024154,0.4866488759503723,0.46477361721579563,0.6526149860432746,0.6261118939535592,0.48550167322947113,0.5779946800293788,0.5137707142361935,0.5901810937390699,0.4427681609494467,0.47471243316759837,0.5141085760273579,0.5355933208455622,0.45232423384236353,0.5459740581145723,0.46842635517919995,0.4659824916399385,0.4244910622174023,0.4742389608405094,0.5748616969752272,0.4969218075299444,0.5234333942994236,0.5657050104319323,0.5349651241550581,0.5759441670093902,0.5360691788126047,0.5089556020037742,0.5043757804663779,0.5703555747262776,0.5634303734208331,0.569490165394988,0.5149505574822931,0.5100186129496873,0.587293497313546,0.5799377132916541,0.47601930585290075,0.547667945232868,0.511362085732158,0.5043384307126985,0.5371397063123442,0.6119248654363437,0.46053141558878824,0.49370232270356745,0.5064721945330217,0.4530499234127274,0.5815966641719647,0.4090768465374596,0.45832001606458356,0.5019780585580007,0.49722929701835133,0.6039992747554683,0.493647525261579,0.5062727284605474,0.582435489584241,0.4170710144191498,0.4553720553941657,0.6373414619395555,0.5423483587660326,0.45031962345268883,0.5927930081231093,0.5855607822999451,0.508460063545171,0.5069553271805909,0.5861399611445635,0.4924341607544397,0.6148512498455958,0.4935319544354567,0.4894320835771697,0.5476025058676981,0.47393563478799416,0.4452445078264412,0.46694770966074034,0.5023192989030765,0.5813648111889996,0.4365581591991826,0.5381938530971476,0.48820748095262606,0.4890080837245087,0.5020903520378511,0.4334545576105382,0.45697599090536895,0.39531715185685073,0.4871455665429327,0.42187214137188506,0.5003883199180397,0.4303857132594756,0.42976385073627765,0.4526856344917174,0.618553527502775,0.5462931931169609,0.5191887728759266,0.5882328501364472,0.6617885035285729,0.5495696424584591,0.4806012246085994,0.5109807904113052,0.45301157553941385,0.5020359299965921,0.6161548308339229,0.4686175471528969,0.4940840275167653,0.5338661478154709,0.4256716468185101,0.5073303571063784,0.45879618054019766,0.49277396362408615,0.6301077693470869,0.40921423460557377,0.5686672160358556,0.472355556654377,0.5549409591876039,0.5090322787460047,0.4877946110550274,0.4691133962100893,0.6165655651806615,0.440434796344702,0.4627159682520068,0.49358157399180214,0.45627456336374256,0.5281092661126862,0.4771319169827451,0.4727147879681524,0.5162212895036,0.41230030521035477,0.4915666251520981,0.49815478644931643,0.4625539445261571,0.5492872536813562,0.48092823892333864,0.57094645433659,0.6155473835004474,0.5184168243210696,0.4037189517692168,0.4531095214285317,0.46102306539323973,0.511900703322386,0.6004216805552,0.5588085147827607,0.5184650812522779,0.5567049624966177,0.6484045523957065,0.40102520771892547,0.5057468164844435,0.5025348909430594,0.4412613391816843,0.453558766686266,0.5707368711577623
0.49826673060231524,0.5305548442664473,0.45703888623742084,0.0,0.3775378455368629,0.5098580925194325,0.544807253279941,0.5038938987064633,0.4347924201062756,0.5083153315617678,0.5232853912060478,0.51657718951198,0.4839030869465373,0.4544351379808913,0.4981048140783385,0.4303466146538927,0.4793861246229533,0.4905259482983862,0.5347222192189535,0.4278475610025742,0.48676894852757085,0.47647010000034756,0.5041367633596853,0.4529972920658049,0.5280667527984632,0.4758477791855602,0.46392605576049595,0.5271085592586694,0.5042749170060361,0.40144890161578517,0.4812754608603792,0.46389183309335,0.6856107245866656,0.4999307852113231,0.48790934316058737,0.5102161856185776,0.4846138436488381,0.469256673658847,0.4596776059215037,0.5123412043588675,0.581751945764436,0.4701663414456786,0.44429444266592605,0.5087054039125589,0.49589883354241965,0.47621614364435266,0.4052862973690461,0.4533059182568533,0.4984335879202508,0.44902333569140185,0.5302010499430212,0.5293627839993226,0.47869058937088044,0.6093984382233639,0.5390968402270249,0.4521964206599206,0.4705092967091544,0.5065912178517442,0.4785643752408368,0.4637985480935458,0.5227753602596587,0.4090985745842908,0.511318838154036,0.4032211340539017,0.4367164625232342,0.4553810696261512,0.5010414633858615,0.4367258100613789,0.46254006340906206,0.5205192096635862,0.4666868819583976,0.4273351022330269,0.49794042164129887,0.5231314922781586,0.5056872912903942,0.4605579801169673,0.4512166013335701,0.4326052532335365,0.496329573677542,0.401191150150111,0.4826002152803251,0.5131178640896006,0.43785722268413624,0.49570514116246056,0.48430496976335974,0.5023280329901019,0.4822315479864745,0.46380151283870047,0.48158368580620203,0.4453025752031873,0.5213567846868652,0.5215101821109838,0.48213404149828837,0.46842162195048564,0.507425346799382,0.524410742252265,0.42685138996474625,0.5242592911253597,0.4086566478286039,0.5454760923950585,0.43955822996989635,0.43665561152932475,0.5618081010911798,0.5455445259806826,0.48753295408615493,0.4339896307680614,0.4569384263932219,0.4991883008488492,0.4931670842402331,0.4663314718505856,0.5657912635127335,0.4727396001664201,0.5525182903391062,0.44985450783893133,0.5274994509770528,0.4987245359118939,0.5081391713739966,0.41869171040196773,0.5762699255085447,0.4847972251308174,0.4009928549080166,0.5314297201949072,0.466973686234069,0.5009606274931305,0.4286472188613339,0.5495960964425093,0.4520599296051544,0.4195724394124817,0.5466892552831902,0.44709967649449334,0.4287211170226305,0.42423800572798953,0.4358493207925078,0.5151852556299258,0.45584998080826045,0.4004175471382588,0.4077031247227221,0.48764301149182365,0.47026620701225863,0.4702914370686683,0.6204423468684734,0.4244966761386797,0.5229553839217542,0.4795559466804675,0.4758955897813193,0.4970259443500367,0.4450414512678163,0.4659063614699503,0.4768887811924503,0.36828571854244935,0.5169229399883012,0.5348625146127637,0.4556129754149884,0.41543950422530146,0.577363377797528,0.47303056709665264,0.46347673684190965,0.48786313345161825,0.5819056192791806,0.481194994689424,0.5000828543754839,0.4896432542587146,0.43952138754807046,0.49730007333965176
0.44907628566686897,0.4204139600176707,0.49870126897313266,0.3775378455368629,0.0,0.43768886486382275,0.48624096131020345,0.3705322146631709,0.3829750365341897,0.39194701338563476,0.5101565493008827,0.4711216615787752,0.4295530929971272,0.3639751822495485,0.4763584059430437,0.483386012399205,0.45215014458003594,0.42183716011955036,0.4082836994477385,0.389355124289078,0.4951586686307817,0.501291836710282,0.40698599087364934,0.5244581731497384,0.4121370561405435,0.49591617667779,0.3554313738769829,0.36439215900074684,0.4484190747836992,0.4987107024416268,0.40489030026834244,0.42557029401355084,0.40947316033808784,0.3778974658849795,0.3911930627793873,0.4048504572180161,0.47441764828257676,0.41314475862578776,0.47694822922007307,0.4458178672688257,0.46294810998929786,0.44242703393754257,0.48946021652121596,0.5317465276382672,0.3892435204286686,0.42911639520370526,0.5449925587329707,0.5843676016181676,0.44670954945968105,0.4416783735778121,0.4867503392255022,0.48338387351355877,0.39666429114893553,0.4437562271981587,0.44270810655481174,0.4021498569072599,0.44166472959379505,0.48740048311759193,0.37939097884740386,0.3983631172561344,0.36939170783082503,0.3854624523432475,0.47275605759823797,0.3598441196778209,0.4108420545073346,0.39218837179044935,0.3807421690369933,0.5259619457228694,0.3960349596221294,0.393731958998345,0.493941196430939,0.3747492007935732,0.3664548739719676,0.4458021702569339,0.39302652189739906,0.3878484743862913,0.4432359854420734,0.5707096135038209,0.4073862727416552,0.4730965413582164,0.4523743990798778,0.4154718905921783,0.529835630411984,0.3810919945483409,0.39669568546182743,0.4184819148670654,0.37819388738683807,0.3843818990415983,0.36586578739918,0.3958631961025464,0.5214473956511481,0.38294744754675364,0.4990591932842683,0.4075548615131438,0.4013269125687552,0.4481044902256719,0.3530936787717935,0.3726580910533277,0.365737640819173,0.37162113640124955,0.3795735320096028,0.3868256794648279,0.3750889039044531,0.37795498713340475,0.3802225273239747,0.4542355238712257,0.3976415471179847,0.3925730683971187,0.46298155971483906,0.49603490502650227,0.47085314811317847,0.4179654943911089,0.3927215848941116,0.3580192255642438,0.41668685824680696,0.450550563237455,0.3830418072566642,0.4557253180503751,0.42633161656704965,0.3556550804330514,0.5276785842682133,0.37347825855759065,0.4083147404814175,0.5281785476433432,0.38150695087886555,0.4724439773812225,0.3716347282360322,0.45921652504248,0.3993186020311754,0.42270467314456384,0.36995953461316655,0.44803160123853203,0.35948700914594073,0.40304441809107133,0.4139283626610082,0.4631950376783617,0.48937169380101003,0.45381024573343914,0.38334911726866355,0.43812717091210035,0.36454543489110114,0.4162344175065514,0.39887601187542193,0.3833235877791485,0.46813826415279425,0.4198480608989167,0.5269187851587961,0.44870196547045327,0.4105803312987714,0.34141874262275945,0.39553712691846593,0.40106876939709313,0.4190923379296392,0.4545412432967739,0.4380692060735885,0.4127058094282649,0.4334605404801385,0.4857970315425149,0.3694189754386236,0.4247783365280383,0.3922131915131183,0.39223250550503086,0.3699406286442048,0.5259366966008473
0.5318834425821288,0.5567711899602754,0.5750852992715246,0.5098580925194325,0.43768886486382275,0.0,0.5221913365457793,0.5317886629566247,0.4687642806912588,0.5318520375452084,0.5593966680012071,0.6434944534096674,0.5541736773000036,0.44082762057975466,0.4615011379151043,0.5551224902011686,0.5765805244215697,0.4750814836677502,0.5459561612808667,0.45116211649313637,0.5902759168062763,0.5123927780540739,0.47942160336287853,0.4744323294769131,0.5526622334443474,0.5262574833641983,0.4301909543779554,0.49666287377889917,0.5085561687011338,0.5270170078965896,0.4899038834730684,0.5878780873220681,0.5082526753856674,0.5271227186520031,0.4523553678880067,0.5106337148940575,0.550739527508114,0.49362037266014125,0.4957371692163256,0.48930644804019985,0.5340132166022012,0.602401863623156,0.4910466243905812,0.5362506240842357,0.5020161339344432,0.5204807606810419,0.5284946642985583,0.5169181367695893,0.496628413540704,0.4861522926365881,0.5862181481988729,0.6351620484253487,0.48322808981344145,0.5678435503409436,0.5308286269212353,0.5705160842238206,0.5152214458606872,0.7120345491078297,0.4439162774928422,0.49220342522737803,0.5206421778090613,0.4882874503526747,0.5960625595636184,0.4108428451383769,0.44340659098571805,0.48634911814462145,0.48571257778624205,0.5180532489474271,0.4604974383258967,0.5200337465747791,0.5371908320931907,0.41783117115761875,0.4976904980894646,0.5716574716557193,0.5699529965948367,0.4814146125254845,0.520796404996825,0.5259072223171984,0.504702067313642,0.513048782755037,0.6042879483552436,0.5170610643301652,0.5511124760338663,0.5144042513203877,0.5237935320828507,0.5436917254438989,0.5222425300877802,0.45937048630107097,0.5081216664936825,0.5081061882627234,0.5898484467439951,0.5194910053372968,0.5221868257394582,0.4968104477373948,0.49676438733403133,0.5563593121027945,0.4489618942106568,0.5503647674142826,0.430469508664371,0.531588257100125,0.4318843922173521,0.4814357227733216,0.49009564133301364,0.4777388240568844,0.49273349272202766,0.5395267837100949,0.5272238549165233,0.5371184222138132,0.5191841026551843,0.569595760982948,0.6115742385178216,0.490783143540503,0.5908562491616551,0.47221822438150585,0.5200804598415,0.5896991911045621,0.5335898233756602,0.45098341354227306,0.601022292943536,0.4915621680358016,0.44822469574439977,0.5188777519996827,0.5280491659513636,0.6011438061482367,0.42931163103571784,0.5835698682254091,0.5199137378224552,0.5140001942659467,0.5655351886812088,0.440477491086971,0.5125262740055584,0.5598585337448868,0.4462565808749025,0.5183729170584682,0.4601510306603959,0.4203616649775716,0.48611791684744865,0.4517602676438615,0.4257565464281121,0.504002363227242,0.4473981180303772,0.5136598126825723,0.5323496088905755,0.48909078201402306,0.5290590289435486,0.5249797218293575,0.5437221659816226,0.5465778046168874,0.5253168748628619,0.4324138205198434,0.48560407525092814,0.5075526382123038,0.4692646600026901,0.477493440581451,0.6199311287129593,0.4898747778209028,0.47757302623605924,0.6400760937968981,0.4242810369631886,0.5467334602645245,0.4855948675934211,0.4954711994117687,0.46364749712463993,0.5346138918413181
0.5894745537691247,0.5977290353243858,0.5185405389850269,0.544807253279941,0.48624096131020345,0.5221913365457793,0.0,0.47842415960234613,0.48332891247934023,0.5558590705144603,0.6125014833520703,0.6063303702167078,0.5333865497921702,0.46471950740070445,0.632551477456362,0.496700025776331,0.5223019346304464,0.5588863155719477,0.5318262365019798,0.4650618174891779,0.5438109183405518,0.5797839292127116,0.5959619152105813,0.5798814377708805,0.5852210911934002,0.5305460413828905,0.4831172635613548,0.4940255477421102,0.5939168310898952,0.5174128298872923,0.5370090894999044,0.5116419267388651,0.5885734396337812,0.49871590339836785,0.5170881281171943,0.505022946150802,0.5946644783535758,0.5001271051884829,0.5327158298772214,0.5936856426220164,0.6096170328947542,0.5472862233315479,0.5170201193998335,0.605080863533939,0.5083291861325917,0.5321614360342646,0.5185638007409015,0.5503750461840138,0.6276164183815732,0.49351643592248506,0.5919547046275744,0.5480439059263944,0.49452683128577984,0.5754405193606508,0.5682996339696995,0.5147267328547319,0.5194519061409423,0.5538493437250291,0.5010906577225379,0.49081270049021714,0.4694846603359245,0.4252032904037916,0.5139584387892482,0.42162958679097506,0.4761421278816999,0.46283476736483614,0.506294862098242,0.5554396515885496,0.4870470012451732,0.5178362215760972,0.5486886427316314,0.4608240768699622,0.46317286275633696,0.5555905886785445,0.48913604311436976,0.51449693188837,0.49403834485741666,0.5625569596786673,0.5021350729230778,0.4683115805561066,0.5219274145768606,0.532259393252881,0.5909581533805298,0.47404808296796286,0.4844307628482115,0.5415241506723831,0.46959197816539777,0.4906688517886726,0.48867865309261116,0.5059589040001087,0.6223676465144569,0.5321322181173606,0.583918493005637,0.4990406956102313,0.517043700228135,0.627905266352667,0.4076196933431136,0.5012192714726228,0.42878374943381425,0.5120260040502697,0.4743375040824402,0.44271302403272544,0.5043881612062137,0.5293494251880575,0.4727507415018789,0.49185500940108384,0.45754349222902646,0.5259736519224218,0.5914782355299127,0.5875574534765321,0.6151795551413679,0.5006194362640245,0.51559989629977,0.4507538827272813,0.5290101664224366,0.5626385451644251,0.5145506422601206,0.5188591379282677,0.5228098795451093,0.46409293530875523,0.4914073685469564,0.47740052112852116,0.49205223957434435,0.6591684310617143,0.46379100379598553,0.6489978428501864,0.44244280098979627,0.48892445099753074,0.5162937936208384,0.5094293139614087,0.46700783988331085,0.45575217896499326,0.4419015577626248,0.5150172765528362,0.4867800626777983,0.4767540595770815,0.527420583821546,0.5861281275535507,0.4975867474956098,0.5468735651236408,0.521557021460962,0.469184866749929,0.5453830559507773,0.4712095545678601,0.5601724548439404,0.5562501840417713,0.5509677316192632,0.5448532422412785,0.5328114804677191,0.3735856174119623,0.5184717125660834,0.5610297396568465,0.4913134315612136,0.5160969336007464,0.6086706510678432,0.5272342192226305,0.5481409905287025,0.579378345930062,0.5408295875975223,0.5187116432279599,0.5197867439110065,0.5220985624010894,0.4599839898167345,0.6299856249980255
0.5787074009510048,0.5698371065782805,0.5027870323964606,0.5038938987064633,0.3705322146631709,0.5317886629566247,0.47842415960234613,0.0,0.564803416366232,0.5779831804545963,0.525303116322645,0.5337566188384818,0.620039860747061,0.5078930382455848,0.48645332328116975,0.5097388828158357,0.5266998260124769,0.5639099010438677,0.5261324581943471,0.5403144137789235,0.5114146803069253,0.5123587911965236,0.5278169975724335,0.4505673607968801,0.6014339384470021,0.49188562996817686,0.5558831842825471,0.5796526777869073,0.4697500055346833,0.4733691389155968,0.5682894722285149,0.5810628830678588,0.4884334565889577,0.5659520772171374,0.4983033338094552,0.5396868807015148,0.5818507293922955,0.5669575287869447,0.5056574927944864,0.506979858889478,0.5013463509420267,0.5381225859303462,0.5087064152844163,0.4542713362172056,0.6888810914504525,0.6018421614098871,0.4453022157206608,0.4592146931826002,0.5329530813199209,0.5184578136456122,0.5391631993873126,0.486517187705781,0.5048135225860239,0.5199250322286801,0.5321304183683424,0.5485736328949317,0.5401386417406974,0.5411048529974682,0.5210971312834296,0.5567752500194002,0.6645349493683155,0.4898976959387266,0.5223748020316008,0.46399528565644355,0.4797042491925511,0.5588816737813223,0.6276440728121463,0.4992402023714488,0.570677794408487,0.6968764246300765,0.5450561919258519,0.4801241825698741,0.5583821180409729,0.5895947860740729,0.6422209728097424,0.5383752304564274,0.5293145684427122,0.4381962786560712,0.604761864364493,0.4168859877969592,0.5059503553229676,0.566679223200932,0.4924500046168247,0.6036718609199778,0.5464986718616718,0.6481383262343325,0.6725362732226456,0.5555651482497601,0.6404663273945822,0.6021477581344803,0.5181085787441915,0.5349181779928943,0.49495820374538996,0.5257422123282052,0.5373778071588429,0.521569110055313,0.5191690116006706,0.5498496811190009,0.44644120517624214,0.6340410219351305,0.4901662940384251,0.5923191495968615,0.5184691736327055,0.4835810167398529,0.570637346344486,0.5385692511333001,0.5590567257116524,0.5730953132618457,0.5347131226038269,0.5119543611447326,0.5066044927784447,0.5281096660621055,0.6141735969179148,0.57684700978824,0.5591478168527666,0.5404040874034609,0.5456088015382488,0.48518468637562223,0.47427447647029536,0.5296177821222774,0.4334628037649715,0.60385728567006,0.520618271761304,0.5194741201311044,0.4610011636302235,0.5400067453856037,0.5313107869911575,0.5209153171750626,0.5450850084134435,0.5125396560395802,0.5703896300600096,0.5045518973129431,0.562505711806738,0.5341745774077673,0.5305718260762782,0.4282702827475959,0.48447467075554707,0.47987030269226627,0.5359233471060828,0.5771105581630183,0.48203209840670025,0.5054096279341863,0.5812091293939068,0.5406087002447716,0.5368553049073056,0.56188557573163,0.5007731639621218,0.5281161454627602,0.5871961484432766,0.42494480269662377,0.5719234366917221,0.5104435901342078,0.514257136066478,0.49037285503372163,0.5728575698909668,0.6311299960941491,0.5265909944436683,0.5075306395270132,0.4498457726263637,0.5117690663483854,0.514924966329873,0.5134627125249528,0.5178041496577135,0.5055705012411453
0.6332629803840596,0.5646395537187975,0.4447517062635498,0.4347924201062756,0.3829750365341897,0.4687642806912588,0.48332891247934023,0.564803416366232,0.0,0.5212847356566949,0.47908732092493406,0.5009508894310801,0.5126098099640055,0.5141701308032874,0.5101166837205817,0.45457518103150407,0.4687165483247509,0.577652341368308,0.5060863876648302,0.5876313017832079,0.48007839030364724,0.5147408083050541,0.5061803409899825,0.44123542874401733,0.5734575875558029,0.433101339897895,0.49755087710993745,0.4851178911652848,0.4483959801293248,0.491393084109538,0.6650010346418298,0.5345236018554129,0.44211802049123267,0.496111158386409,0.5651835604081791,0.523417005432975,0.5432728475512758,0.5607831169784074,0.5155042281637391,0.4640083485049187,0.4754201111457185,0.5564255564833317,0.4996894216682608,0.45710687663798333,0.5680466248493107,0.5366452618823576,0.45725454525408515,0.444560086598024,0.542746014861657,0.5392122022191475,0.5058813029417047,0.44520623220715644,0.5302387318381755,0.4702613811622287,0.48947345542452286,0.5765873113122476,0.5361424768504255,0.4797232247033836,0.5409594156066191,0.529269506875393,0.502238042698502,0.47756937782514997,0.46475214998935316,0.5032146810810806,0.5477439228651927,0.5195889715277447,0.5587133977046616,0.498215617568761,0.5366257449834607,0.5679057591979049,0.5596905893796048,0.525966366185038,0.537043175615163,0.5014981475546353,0.5360898951183138,0.5744523222375432,0.4567611414549626,0.4216825197003623,0.5218927297322421,0.40435348385331893,0.4755976390073379,0.6266260077426771,0.4990947634711913,0.4982310478778734,0.5249414075176068,0.6022481262007517,0.5679173009434941,0.5939095158429856,0.554334437826827,0.6312499771063149,0.5038643053472184,0.6004032689948038,0.49859521317405237,0.5278457529398154,0.5518728356467755,0.5181453750496673,0.5090234455753712,0.521608477114852,0.5068299564445408,0.5256800532603992,0.5210343735820585,0.49179707301006154,0.49654732847171884,0.46932211705898075,0.566628631550999,0.476789997822307,0.47569739721815457,0.5131616345497523,0.5011565582370731,0.4979529492210583,0.4767162514402688,0.5529936963042726,0.5366931567989448,0.5418712492864421,0.5020924862563414,0.47783356427006324,0.5325395943349086,0.5206900526791387,0.41771690623757196,0.5122254318407982,0.46271557699243143,0.5019588267708112,0.5215266060584349,0.49829921760861945,0.567345853961783,0.4812617611834126,0.4999840639881703,0.47647359393233085,0.4734674869893509,0.5237708680171026,0.5983764851348962,0.46318375137621015,0.5129884490538571,0.5838962986915476,0.54993939454358,0.4914838378076181,0.5067555008545267,0.4936826756690212,0.49556559938288514,0.610061502074053,0.453831020379367,0.5161675665064956,0.6076154975910604,0.5663708659337818,0.5385999095932428,0.5829908473993042,0.5436314327670213,0.4784578954079792,0.5832322408302821,0.4119824839295639,0.5872350076873238,0.5316060297678872,0.5188218412840384,0.47549661532261495,0.5127169820985585,0.6301141121673044,0.4866442304794642,0.44984199612791115,0.44757680494695123,0.47121544073360516,0.4763885888545347,0.5734649049827448,0.5404857397913911,0.5283056980144549
0.5664773430828248,0.6155226949326968,0.5242327154126083,0.5083153315617678,0.39194701338563476,0.5318520375452084,0.5558590705144603,0.5779831804545963,0.5212847356566949,0.0,0.5340866224137936,0.5393285556615569,0.6061675478921069,0.5167702979951049,0.4903941155802924,0.5154882002156245,0.550832580999751,0.590829704168161,0.5116802730069924,0.5000028095362982,0.5167495470522795,0.517966856464876,0.6242907269642535,0.4710479610161516,0.6872814633338605,0.49501602696716446,0.5761650146271763,0.5796011898808467,0.5623769259002569,0.5011519659684236,0.5257667954794871,0.5766444379589072,0.49410170324494945,0.544673220049308,0.4937607977333022,0.5084850673076347,0.586788174128302,0.5468013360988467,0.47273770427627154,0.5574938082154541,0.5196696488538362,0.5967876862585605,0.49215103411826716,0.4727465024308244,0.5742791863842067,0.5794802164259433,0.4863334514511346,0.4670850570289554,0.5991524166534203,0.48455276611396697,0.5308962103207755,0.49088010221249684,0.5072643942633501,0.5058641344435065,0.5271472335313317,0.6110834993126486,0.5169697420538547,0.5298028948688538,0.5567887786711125,0.5194846658746848,0.5368893952949559,0.4611752155038777,0.48946751547747036,0.4606929218300106,0.4657084854237247,0.5110167602817255,0.5879052253385811,0.52618672521253,0.574754573235925,0.6018634412807801,0.517494164654825,0.4860896471984464,0.5273536886865101,0.5757363493449202,0.5797616768044348,0.5782889453735958,0.5059330127931285,0.4918814520084416,0.5441859657598037,0.45888843426673587,0.5622815177618883,0.5161458665782864,0.5424825582598725,0.5639649582492948,0.536130334485476,0.6034147845907314,0.5413527390122348,0.5349584053948837,0.6250526514219479,0.5675454997203848,0.5367351183041449,0.5392870954982301,0.5143953764394379,0.5056614671220508,0.5516837583678667,0.5721503043791608,0.43877434743758487,0.5747882284634794,0.44601228176053503,0.6038457118535263,0.48895127672855976,0.4943581203886945,0.5227130757522029,0.5384815571071215,0.510394628993186,0.5278367342693707,0.5171488654672446,0.6818149398648622,0.5845398660142803,0.5599264005616087,0.5215913238020089,0.5137302037790712,0.5912003022859663,0.572968219046589,0.5355532667823858,0.5624897092093784,0.5985464187535682,0.510324874505536,0.5124541593756153,0.5412675526767853,0.4393347162940251,0.5341443009953302,0.5276650175686363,0.5609469918955747,0.46854022681371404,0.5845562633096576,0.5020702426524974,0.4788469912423542,0.5681349777186361,0.5213255039938612,0.6050645756229179,0.4865172468388236,0.5104995811844829,0.5016390422366148,0.4842129031976609,0.43822308298180107,0.5090056423727365,0.49810435663858593,0.5416349202083567,0.5640510428324669,0.5041345484162403,0.5128072882538267,0.5807272975940367,0.5138341610936259,0.5643854639387303,0.571153673318348,0.4827845048891679,0.6125772119428446,0.6586130806341091,0.4231255141996974,0.5081595425857043,0.5871411769554745,0.48364373119714504,0.5424552135000585,0.6306007972346641,0.5758150988509114,0.5361298865742381,0.5588863236611742,0.4797864793050856,0.5363142002596155,0.6474503924562603,0.5503549458319842,0.5651143661056331,0.5182563373216899
0.6252361220411792,0.5727354023444606,0.6219788167672656,0.5232853912060478,0.5101565493008827,0.5593966680012071,0.6125014833520703,0.525303116322645,0.47908732092493406,0.5340866224137936,0.0,0.6138054837261465,0.6247908358798808,0.48146797317816964,0.5962864951183195,0.622343505641018,0.6350617681743912,0.5951528508160204,0.5667621260824064,0.5162756667120861,0.6672877660779437,0.653382934479817,0.5548241846128065,0.6029619262322458,0.5753210985103362,0.6322943390577715,0.48240891669859953,0.5290142286255163,0.5866103179388605,0.5370443837627942,0.5303920925897174,0.5948534372644173,0.5397377543179619,0.5214179076439226,0.5085787534819428,0.5567417668138133,0.6668832230773681,0.5719387444404966,0.6376004827922379,0.6204450938332428,0.6344355969381843,0.5505645521247396,0.6383517400688308,0.6266088119915123,0.5571474459046769,0.6118997920678204,0.529923608160938,0.6887637343851477,0.6358045745017733,0.5905804999314633,0.744003293621919,0.6090176526753782,0.5327577856531427,0.6482987207820751,0.6738248886224955,0.4900544620635304,0.6245019956457529,0.6506759588239409,0.5224091643028392,0.5518619501725042,0.5465160026869372,0.477823917655081,0.661472706172128,0.45254105297656233,0.5210484817377216,0.5450536252913128,0.5429862146624811,0.6001271641947332,0.5525554147408767,0.5673260368137353,0.6479430110669949,0.4817511713495619,0.5066007484955588,0.6907295291757685,0.5728884901770963,0.5175932906781966,0.6256579908093861,0.584917924939335,0.5816586443483808,0.5103792591864522,0.5804504075772251,0.5572438905263811,0.5815590298824732,0.5388042711685385,0.5454452246951665,0.5824721681252828,0.5281711801719146,0.5244603808410369,0.5067462166337533,0.4997374658368665,0.7140551487427171,0.49214995937130074,0.6962610370623742,0.5662152163257587,0.5541702080845737,0.5557081464162932,0.46415167348230146,0.48376894647860735,0.44180998333142146,0.5280089494155638,0.4951982626207949,0.5393075471326473,0.501493860835382,0.475446255976473,0.524465718844567,0.5788212603525565,0.5564359473013308,0.5286515242497052,0.642578400751399,0.6264181357743649,0.6630320513049288,0.5626069614742882,0.5618661031839451,0.48688291844394027,0.6000824965232758,0.5941918930878001,0.5197814043484115,0.5839029773622156,0.5640779119759991,0.46234896600050096,0.5658296851063553,0.5133370250898436,0.5358387721487875,0.712954059850766,0.4705450564649169,0.6832487217213273,0.48818385256324925,0.5572193951790533,0.5612100229424246,0.5550978650658516,0.4629396254335907,0.5594511480207622,0.49330248363706786,0.5362965003135157,0.5638288533082682,0.5200178539012377,0.5512096863711066,0.5795751520537876,0.5291015009123509,0.6090255893163908,0.483767914964062,0.5284215935949876,0.5520059128877117,0.5180672023927592,0.643476176967437,0.544956346196314,0.5831875177372677,0.5923315487393477,0.5556004240292914,0.4099349593406888,0.5552383917066658,0.542831639209671,0.5767349940399756,0.5268565758883522,0.6096361855418907,0.574499034178233,0.6092339636527203,0.591090620479617,0.48147209429742677,0.5877647254318212,0.523165240903444,0.5120839610186293,0.47534631391000376,0.7079792794169636
0.6043748795231753,0.6027566792881274,0.5634995997944852,0.51657718951198,0.4711216615787752,0.6434944534096674,0.6063303702167078,0.5337566188384818,0.5009508894310801,0.5393285556615569,0.6138054837261465,0.0,0.5500284065293957,0.43914442540239695,0.5493745115968944,0.5413513588603089,0.5598078265354341,0.5170784828748364,0.6179108216589214,0.49223755692215565,0.6049651492978553,0.5709740558536963,0.5427762708381093,0.5563861945718459,0.6096743362900355,0.5263391809621784,0.4487609627932216,0.5104792425853912,0.5278902854405016,0.5612921528398443,0.5592399464392089,0.5672035304879984,0.5393301809433216,0.5620079694865827,0.5028073525111448,0.5259443714492367,0.5935172670844562,0.5017437897846064,0.5554817806781429,0.5212719130760779,0.5769834369389981,0.5954254469906617,0.5382273556100376,0.5951412217913854,0.540275357136094,0.5447512983392115,0.5434006192410528,0.564104572760046,0.5650552599788795,0.5139645480597971,0.6081185793463473,0.616415563150714,0.4842798961507035,0.5983967223506059,0.564656412941759,0.543910254977082,0.5441818216085769,0.6831585111559879,0.4664475157280244,0.5036903010150151,0.4991716976942344,0.4463079933336914,0.5727449114863108,0.4217525014081568,0.47102071422725694,0.48326854062530905,0.4877550198456636,0.5331654092647492,0.47460872663001463,0.5348209201940959,0.5604574843591132,0.4358798125517302,0.4786679693664417,0.5715682834552,0.5354479403703339,0.49722181256581777,0.5063116512901501,0.5274146433345679,0.5255573173624396,0.46536195865122715,0.5353738115966227,0.552659734732131,0.582221788451819,0.4889096583922791,0.506387827045779,0.5748371711681444,0.5110007918605524,0.4765577123130541,0.503081253219974,0.5237543298841746,0.615763158458233,0.5439907816230988,0.563774858401788,0.5131201343525663,0.4915176421395594,0.6112555195450718,0.43950391322490373,0.5530992252551619,0.42776648410824814,0.5222409186085664,0.4474863103329065,0.4771584359521484,0.5007240396290922,0.5241069593863723,0.49363350834430586,0.5331422234233726,0.49743657067926533,0.5511932780094229,0.5464890520159895,0.6314083698885641,0.6826523738191813,0.5048102398101335,0.5373151273516995,0.45162302289804723,0.5292234719997944,0.5895220232919353,0.5353330888271558,0.5112582669610014,0.5574348080051905,0.46119469652568135,0.4754430324563804,0.48755043698228157,0.5320700051567386,0.6361003704211201,0.4459186651001306,0.6342269646593162,0.4678656148739624,0.5309791898346435,0.5565077187300926,0.46556480243690174,0.49851267486239176,0.5038278953648562,0.43744258288060067,0.5276339759056039,0.5081080728220151,0.44931110368202143,0.5558057664505953,0.5095432420572148,0.47073403960758403,0.547435974331918,0.4674608419197192,0.48958265485122,0.5450805640278976,0.48167157832037877,0.5485353166938908,0.5864804094489781,0.6095885816692527,0.518577305861309,0.5689635648894303,0.4003265661807123,0.5370723875876092,0.5161802320692318,0.5115996723779118,0.5022921788953422,0.6581532176183449,0.5238142701051803,0.5196667584090372,0.6114945838739386,0.454960817363403,0.5124392670688453,0.47039986853670335,0.5088298226846508,0.44685650140464356,0.6023044533121225
