0,1,2,3,4,5,6,7,8,9,10,11,12,13,14,15,16,17,18,19,20,21,22,23,24,25,26,27,28,29,30,31,32,33,34,35,36,37,38,39,40,41,42,43,44,45,46,47,48,49,50,51,52,53,54,55,56,57,58,59,60,61,62,63,64,65,66,67,68,69,70,71,72,73,74,75,76,77,78,79,80,81,82,83,84,85,86,87,88,89,90,91,92,93,94,95,96,97,98,99,100,101,102,103,104,105,106,107,108,109,110,111,112,113,114,115,116,117,118,119,120,121,122,123,124,125,126,127,128,129,130,131,132,133,134,135,136,137,138,139,140,141,142,143,144,145,146,147,148,149,150,151,152,153,154,155,156,157,158,159,160,161,162,163
0.0,0.2740949335487883,0.23547703358862745,0.22775307356924673,0.21659573713209226,0.2676583894253259,0.23115812724040186,0.24792433450927046,0.2807278224962447,0.2359113955159152,0.24775299473845763,0.21986233242905862,0.3802748040939362,0.25155516366577535,0.2783166913012359,0.2629608838522313,0.2736723564529331,0.4150777821346139,0.29504343706432123,0.40162668566246806,0.27387332380102875,0.27415140898427864,0.2353764555465402,0.2692381642131194,0.31015949731004544,0.2117397620838827,0.22524356649435426,0.2615906611836582,0.20900175486100606,0.23274627682479584,0.2734902262052941,0.29822178146906986,0.25535129077883106,0.22035242810350378,0.3176732342030166,0.2276174170790474,0.319462750054031,0.29988185159087455,0.1988905874633618,0.3116506139212273,0.2537823306905757,0.23853387164175296,0.2771024590110082,0.2475409081102739,0.26808753110197,0.31522078212361027,0.2369229202361204,0.22719236169918416,0.30824602728681866,0.3243401037111163,0.290111071146479,0.2961478836476071,0.21846567322285085,0.23492543267642912,0.2098933257934196,0.23936223169239318,0.3960095203662423,0.2431818214597044,0.2675519870658025,0.3206200166322983,0.2409807462340249,0.219118528534515,0.2578661327949059,0.20261565032094148,0.25728283843695676,0.27366592278616164,0.2540886421630524,0.2962801715465202,0.2552057602809449,0.30124295357910075,0.34082520797760535,0.27623905031749857,0.26430493121453097,0.2948718342231093,0.29246041219140995,0.27834948292429873,0.19939332188332817,0.21952640558483177,0.25984697177920746,0.21200031524934487,0.2334928321503307,0.30371596666110146,0.257740080295198,0.27560856025985814,0.25811693575041456,0.3464039887088655,0.24605227181783593,0.3026066769782115,0.31725064941080544,0.2204564762969165,0.291977577174532,0.24840282750770562,0.26919676802995685,0.301835977648218,0.24965118994764235,0.23406190347068115,0.20116153253227184,0.2239178854706472,0.20451761007111002,0.3362791891381104,0.23719294152799886,0.19913633686842291,0.22160452311254472,0.22758025179690472,0.30264789342255133,0.28687913590203973,0.24617915858230696,0.2522780185054157,0.2844374840461392,0.24522779710508405,0.24191475132373588,0.25618012665648476,0.27493566279995596,0.22124345805592827,0.2801791510975628,0.3153299050066241,0.274587066258594,0.25878062663741563,0.20979677315433862,0.22642815845728598,0.24984811334370155,0.20506699882602542,0.25854469191189483,0.3195359434490414,0.23657926532702236,0.24862560290453847,0.22073005943726726,0.20059264684894665,0.21207982239429704,0.3044112796655816,0.2277980416650893,0.2441104895609839,0.23469172171776778,0.2636185830757873,0.24727616001867522,0.2184367680034385,0.28143180988356165,0.29458939397125833,0.2533663446337027,0.29833550587754715,0.22292434166917163,0.2376698469394139,0.2980731859715059,0.2079827620224313,0.2532031839599372,0.28833568880955296,0.24428165728209925,0.224019435867043,0.27969055231761786,0.16204298264079992,0.317385815177853,0.2338352566451449,0.29101476642249946,0.1938502065269253,0.2656398720817696,0.3060130560496762,0.29366080579118564,0.24846299376781913,0.25411444197887045,0.25200500773540296,0.20689350850468677,0.3322583549213365,0.19820700211816233,0.35238471696908946
0.2740949335487883,0.0,0.2678140658399875,0.23336129480196197,0.20501933445179082,0.3320575879662223,0.2703484143515627,0.3116134382517666,0.24786028664588466,0.41391177905674653,0.22807181835536983,0.2651788838113302,0.28298816361401585,0.28115584917018693,0.2796818994311303,0.24496281865927985,0.2428909424811859,0.24865868142483957,0.29304893028521956,0.2608794314890845,0.2621354975478173,0.32654883957151665,0.239911221284066,0.261366348136544,0.3472996809734522,0.1861294024720167,0.21745918598175001,0.220652875541846,0.30561491725122536,0.22135355206036525,0.3079148386769089,0.30502768390212687,0.29339089193842044,0.20579734000148656,0.2602432147524751,0.2469571234471614,0.27308454716345026,0.24873329885388684,0.22473685193578372,0.28058438297966243,0.2652015987016043,0.27621977978886914,0.20950209149525803,0.2325617966296926,0.29715823196573893,0.22710334037396024,0.25459498690920507,0.21593775147471356,0.27735955470501167,0.23582217609192044,0.25733128138633554,0.23380412849979176,0.2187603115338467,0.3081342845151074,0.24949655816355132,0.3049933431446628,0.2467454672225523,0.2332707713303368,0.29336244117984617,0.27143542723972724,0.2702328600436974,0.19881285570523913,0.19918494857372102,0.1997529810668297,0.21070330906634704,0.20128470133602058,0.23954144663853186,0.2821387068867648,0.2283511511566071,0.27805887508767146,0.26410471158988014,0.25387608044912036,0.20163243565367397,0.271673656758329,0.2567697799748412,0.2312231713193119,0.20613307069389133,0.2742055535128118,0.20350564539912164,0.2058232210540852,0.23387073200603334,0.2540062441682322,0.3516312078095555,0.22937973837037676,0.22025041436037662,0.3440625317926971,0.22486556166821917,0.24192834821420267,0.24480625228460992,0.24550751708253393,0.21903723824905869,0.2780665069503188,0.27354739331220984,0.22389406503671028,0.25080042417924253,0.3511040428146345,0.21003260092034112,0.26675642232557745,0.19857269637616137,0.27229534019239493,0.23522935508532986,0.2043855953633084,0.18512817455204833,0.27381085564011187,0.23197914443542636,0.235176092020683,0.21541559475253447,0.2952927056253766,0.26556664004433606,0.30867679951771376,0.23403287540900905,0.20256354314890418,0.2523892001907451,0.21048404419404373,0.22399165889324427,0.29519272880521413,0.24648819333424934,0.2289909380715018,0.2337475723855318,0.2201639210520011,0.21492052988180652,0.20555667661234855,0.22752444052643056,0.3097545400748702,0.21991010439230288,0.32476540156209455,0.22392977043169118,0.2597024437518141,0.2731529333766893,0.2548542134354961,0.2807305935668562,0.23299265777194417,0.20623533010520587,0.23573279124070323,0.23750103713174936,0.20330855401411446,0.25643144125707057,0.25806202407464246,0.25638480759982735,0.25597817033289705,0.2349035298033418,0.28647874283182895,0.32011782015306833,0.22081345742929107,0.2549130578349693,0.24474430756547635,0.2714685335360155,0.24890011617141258,0.36265266051114403,0.1795471159815166,0.2126569974976709,0.2758283863938993,0.2224087576541251,0.28753400306082205,0.27061454664716267,0.2824315630975309,0.2546579292458149,0.2882397712968866,0.23828758306234954,0.2229979639193777,0.23197168808478363,0.29700161503215766,0.21117923549702128,0.2268227971302706
0.23547703358862745,0.2678140658399875,0.0,0.21313198646470807,0.21764392659905635,0.29617442365975444,0.2069518299249493,0.27680441230288844,0.21366084758917553,0.33109475663888166,0.25582276610309573,0.24552116575035082,0.29309120559833773,0.21249074127217762,0.22712492427518025,0.3520803003570083,0.27265443731827244,0.22908766802004862,0.2322227889982805,0.20853031162754732,0.2847179722808824,0.34807444373802093,0.19508576826963708,0.23042538675265387,0.26994397166626827,0.21387672564759241,0.2177494093807505,0.21683239445165395,0.24656154306683947,0.23985765137014242,0.22722080438390346,0.28764481194814684,0.2189273212938224,0.18254762706877395,0.19859650394681538,0.21626244065289033,0.2612447591537133,0.25037118530454067,0.20365670061638952,0.24625611084659524,0.21737586607883388,0.24661805174208423,0.2110562027736207,0.21624643525477533,0.24925416204019402,0.2126972498173236,0.21879556206831588,0.23313593411748168,0.2274176917239673,0.21196739578148172,0.23355778768270846,0.23522304708384054,0.15823671610125883,0.2574551748449777,0.22515113105917978,0.21287758664184273,0.21309500727818823,0.2953920769683357,0.21373997713237375,0.21077062014701964,0.2235204734180471,0.1847950322157363,0.21957156211273404,0.18191423571854404,0.16921072210436391,0.18435825766977912,0.20536022502338336,0.26915124255457046,0.24499046889438786,0.29338725450163344,0.24148859047881455,0.18490886023470385,0.20292224594995392,0.3160487110779873,0.27314495170722675,0.1705655534243362,0.2246955034317766,0.24708706239900283,0.1852877228419946,0.1825998755039057,0.22089702588584412,0.2247239829426311,0.26307562853981137,0.22852850894556365,0.19903095202974933,0.29562913343858827,0.20573144205204616,0.1965270222257528,0.22242576705096806,0.1836837487979381,0.24279442184833117,0.1929523984008895,0.23088604888396444,0.17028122378037366,0.20202244361643742,0.25391171591195255,0.17856860674653033,0.22396865969755933,0.1622414350528021,0.22988501738461312,0.17548016978769326,0.21154476216474744,0.1736587226442464,0.26706653952490594,0.2070228050114374,0.26761073572814364,0.2152705991362282,0.24492940027642732,0.21819849134341068,0.24852887563782777,0.21297678257871197,0.18057460186051177,0.220523071039094,0.21207322843193946,0.18588612067428778,0.277556213644376,0.1889735371507286,0.2633824591682865,0.23810247207959326,0.21175013379462543,0.21216128961887865,0.19579304251186588,0.181848762821979,0.259074907901098,0.1641139256664907,0.29899035939920826,0.2009593685183834,0.23295790464663668,0.2500387679255142,0.2189544727174466,0.24366506667608864,0.3369867671663176,0.18191657137190895,0.1845038470538558,0.22020220227512674,0.16325423652306512,0.1961212851330671,0.2063356576287151,0.23393306783328235,0.23393862502192228,0.1838309493785321,0.23497146028167934,0.21967808114117848,0.20009441636555894,0.22368737686929724,0.19914200637796386,0.256298496076336,0.22934826085188406,0.31745559302948656,0.1833144665240413,0.1856079776049339,0.18025051540877754,0.22276465315023,0.26181729946693616,0.2680515995191586,0.23582749036416795,0.2544190899329272,0.2987172383124258,0.1668626552243722,0.21252584666681112,0.2069321719530404,0.1937367500960156,0.1922161020081537,0.23055598725909862
0.22775307356924673,0.23336129480196197,0.21313198646470807,0.0,0.21628807494468139,0.22790686604139793,0.2823119726893583,0.2464641438024782,0.21268052908940485,0.23432475712940568,0.2639944156521671,0.2312103276546455,0.24545424825856457,0.27338014938619204,0.24977262116110868,0.23965231759376204,0.2503236083493105,0.24843951927216132,0.2632447739354196,0.21559758902092496,0.29598371436844645,0.22139863962807957,0.24721454500638404,0.20837122313040507,0.2673982111720418,0.27221735073466,0.25858708566622574,0.23163298822369263,0.23440396322230236,0.1917684450281732,0.25103706992228114,0.2624554831953728,0.3285457208925794,0.2442843819240688,0.2549419680051619,0.297408845337287,0.27275887212382777,0.30671893680388196,0.25902700186347605,0.3091844330718534,0.26668134109249453,0.24130231499560345,0.2380736477479505,0.27494403926697536,0.2537011884265584,0.24244233141392865,0.17466576971209516,0.23843468689923963,0.2827606453572792,0.2561004308321865,0.3509239405793743,0.25229915655946505,0.2152989665919731,0.34807505865518645,0.2904837318416819,0.22391622801697408,0.28387323402175657,0.27605631682424203,0.2874502684710085,0.29186476368958636,0.28692117247452165,0.24108481287491054,0.2392411985043711,0.21542235165150533,0.23593694818956734,0.24500385162813967,0.347730728664865,0.22374947026774952,0.2547991179430287,0.2770196003902268,0.2517882583661151,0.2517340936216343,0.2794366343547151,0.3748062795235881,0.26374637220809566,0.2091420026494001,0.3380344896022268,0.2869827329789951,0.24169730409997262,0.2061112112472524,0.23374426768375822,0.30805257488321897,0.21914739641738623,0.2521570816008958,0.32458530126854573,0.2597027544992592,0.31282686162825557,0.323981610984646,0.2534661452218589,0.22289439603662442,0.3032261977449406,0.27597433989478204,0.2472318225746175,0.22397908045785497,0.31307635296188224,0.2367700243820263,0.21626047537612358,0.24839781551542015,0.24214026201276603,0.27928149611220304,0.27024504529914223,0.2864023797791047,0.32318926551987515,0.22513928124881982,0.2755437442262643,0.2303617337338271,0.260378258264366,0.22715385252693387,0.24666877711992874,0.20980390867389567,0.2982100288226372,0.2815532318864286,0.3477512353614133,0.3495516294789173,0.25057701120771714,0.22136580976900488,0.24619741172114357,0.2175961659374987,0.25272209764889453,0.295218406458895,0.2591291774213078,0.3368642261357754,0.24193411707875154,0.2736708490864883,0.2247953683142479,0.24748579410031546,0.29062122803872115,0.23379496644261724,0.26493762437139906,0.29014180790907046,0.20284463761356827,0.27696002579432677,0.30688968645471126,0.2900418846252698,0.2595658194263142,0.18778378598127254,0.16558011790420046,0.27731125499880577,0.25748418896967934,0.3045696176795356,0.27593789607255853,0.28728157796087017,0.3199934922976489,0.28268418884579116,0.29257261237656257,0.25965704394270706,0.24214934418157505,0.22850217158932168,0.21546019717564585,0.18932877633916237,0.29740790929330746,0.2616334346405827,0.27788606078303163,0.20464720846718365,0.2989940690627846,0.2810726004543366,0.23495949483502052,0.2562446403278427,0.30915869566894655,0.2892170734959568,0.23702809108880016,0.27179875625829814,0.3166915005961243,0.26485700028206915
0.21659573713209226,0.20501933445179082,0.21764392659905635,0.21628807494468139,0.0,0.1875367331805259,0.26482394484508265,0.18083623062074142,0.20593421453998437,0.1904161095963453,0.24640011200593948,0.2103885776878725,0.19328884157590429,0.2071178069541345,0.2332458913634789,0.2232424193353756,0.22351167950652803,0.2213048352840708,0.19842144283210783,0.2037620159789482,0.2514718329731788,0.25436881295009584,0.23455596367172296,0.23507053371357026,0.20427629369814942,0.20660166993197976,0.2217376289981608,0.1817987061071308,0.18824326490349336,0.228052959216656,0.21807940666639355,0.19255568916682222,0.2057132725312818,0.18776548176168645,0.24887897887219185,0.22287449918386598,0.22524848031246877,0.22413468910965137,0.23742291303593496,0.23233645933382702,0.22152640265242776,0.26673695253788976,0.2032294431690288,0.24593221235840446,0.18625381832481674,0.18376004646278776,0.2056240189027175,0.21953538321599889,0.2535885600890606,0.225499727273388,0.2281559680378368,0.19809906731068536,0.1731960777739932,0.21208798125160702,0.19701464836536978,0.1833816433072145,0.20034048711517521,0.27547913670375096,0.20633997907273044,0.20361321988723985,0.16529030836584788,0.16582948959504998,0.18093302257481247,0.2081413823493568,0.19449553258003738,0.15411330560474343,0.20371231104495213,0.20862702490468607,0.19275130595832793,0.22428009098186685,0.21631557356846826,0.19926946174793103,0.19759533901184786,0.2294895518587681,0.19307974442618694,0.1635128032366999,0.21472704072942725,0.34644014443047527,0.16240095428325027,0.1733405455674111,0.1854286294012011,0.23947631212135737,0.21989088138919108,0.16365194590683224,0.1979734498806146,0.2074684135950069,0.20140516583187656,0.2030217916387069,0.17337390852868262,0.1815882049000948,0.3068342650162986,0.23843248479144524,0.23910236838580198,0.1624004872830786,0.2156149122203383,0.19818425327336014,0.15279129272432773,0.1902779519180045,0.21182089975410087,0.18606640164948152,0.19544743512645185,0.17744594576429526,0.1996959105302771,0.18564645168564636,0.188406334774548,0.19135056855636232,0.17335453406644835,0.21036819108204785,0.21887976528813097,0.20815260467301436,0.23879410610936236,0.22762581888835662,0.18774800106382922,0.23731399582488616,0.16639182570307035,0.210569484739365,0.17240313922519435,0.21698289066249038,0.18772379583933038,0.2259990476352252,0.2895377401922002,0.18598124638347777,0.1832450191183474,0.24084730258269715,0.1969590623996305,0.19011982913877873,0.19481244683573407,0.2106421445865472,0.17884039834201806,0.2069802563621719,0.19169781081672696,0.22094611246544932,0.169865769519312,0.23639999187814426,0.2087906670096392,0.18272095570490507,0.17515365666946883,0.2526099101193128,0.20998272562412532,0.24801315447079614,0.1618799979451505,0.22776419711285317,0.24411879876263315,0.2241994572570246,0.24389879723805052,0.22485353244960365,0.26059416161430526,0.19478368299660836,0.19283695413061683,0.1716066962773614,0.2004840733547414,0.18186493268776166,0.2639114201111086,0.20847742165092897,0.22850307655807728,0.214703137879786,0.19538108327101228,0.22357516129004712,0.19297254151218482,0.18643726691770257,0.1674138406017037,0.2005238453427411,0.20664177921258706,0.3087349301121531
0.2676583894253259,0.3320575879662223,0.29617442365975444,0.22790686604139793,0.1875367331805259,0.0,0.22459937871242885,0.2797485755998846,0.21321656161304234,0.28891430032239745,0.24178216250057613,0.24147217355774864,0.36963760526143036,0.21243649919443994,0.27104242314515814,0.2873634650274316,0.2503513344549708,0.21055161792699617,0.26014463223610074,0.24026299335896487,0.2640994390722258,0.2953805521512525,0.1822354170090306,0.21808648151081353,0.29286739221420305,0.19399462617480673,0.19577576643203926,0.21158764952721565,0.2357571987588353,0.21003632176975567,0.2600502727777378,0.35368899437821405,0.2841967840843653,0.19173451065214528,0.2134847021521308,0.2137295398166713,0.2884399630044695,0.22209255824760693,0.2091670788921138,0.22665504149249596,0.2326188549308125,0.2391436113159081,0.22341952309973465,0.2430710159779493,0.24756342143073015,0.22216806799263908,0.21844525017204003,0.2277794200359145,0.2098403795167766,0.23076372805135442,0.25345861933254654,0.26298564675732217,0.18051760868584718,0.2843333227731416,0.21880144752168593,0.25995313968102324,0.23136620861926616,0.2822036761224956,0.21473879697855788,0.22941608364005897,0.30567347357804375,0.21978647765800605,0.2340761805206748,0.1639079293719213,0.18808749886828688,0.20196070740795663,0.2342175760050163,0.318717788586012,0.21183352697502006,0.2618976049904217,0.2754771984170465,0.19357942798089176,0.2020901447443662,0.2803845623450944,0.2900583927057668,0.201739002247621,0.22859965963679865,0.24164297168562685,0.19519662768090337,0.2374609873710273,0.277763277063597,0.23308586063361794,0.285817342236109,0.2639835682965781,0.20246426968872341,0.27486828827151377,0.2429920680735669,0.2227075159700241,0.2622607491575765,0.20848804745658195,0.22436591625825378,0.2369915164759146,0.252322800824983,0.19796865385411103,0.20199450174899702,0.29805370788487,0.20785116979065993,0.241072977790541,0.1677442480842257,0.26280728149714316,0.20058976454407196,0.20528832391822646,0.17935057169364624,0.22214053597710573,0.22964261434908687,0.29003668605361776,0.25038201433331037,0.24323580974445919,0.23013680411561388,0.2634620165184541,0.2278627533592716,0.1769350990051926,0.29106869748213227,0.21697037718856876,0.2051581434704339,0.26785384834896436,0.22436504415711464,0.20348779454579374,0.2652894158673987,0.20940005986667898,0.19685803243847316,0.21527241082400245,0.20679329791934326,0.29377655317713347,0.19611048819218652,0.30420217259012994,0.2247581181254822,0.2314037422645635,0.23270099434407027,0.22191054420172632,0.24258238406741411,0.30541425361500557,0.21526489223106365,0.20664301415650277,0.2249514644043656,0.1888000753213172,0.23694268995168857,0.20561046589025905,0.21145082658078213,0.22963745428342355,0.2340753249713712,0.25939416980733726,0.2370202352526966,0.1997673635728442,0.23267275431089776,0.21068723338701884,0.2587614757712802,0.2783530722288058,0.26541502872722894,0.17080161645593,0.1993790122578935,0.22389537840670068,0.19182370635124535,0.23162222039607647,0.27698350299404484,0.26021226398585773,0.26060201623901685,0.31412405771272134,0.20255980941876695,0.23649486456990257,0.21239810769436324,0.2407854625499756,0.19050666166833463,0.21814772722981787
0.23115812724040186,0.2703484143515627,0.2069518299249493,0.2823119726893583,0.26482394484508265,0.22459937871242885,0.0,0.2080293076457876,0.21741318515508312,0.23241508177090675,0.23645935996438072,0.29211403673874725,0.22204142076331296,0.21869892520298137,0.31666445565960105,0.20568468891819658,0.2159786602646367,0.22011477210367986,0.2549013576102893,0.20469204384710174,0.26429309233617904,0.27895505719281705,0.3168284032615115,0.310835882492765,0.26833523356108574,0.21484437385849703,0.24061488539458292,0.19902759416838586,0.22755130640618146,0.2348850646544241,0.26843674221462643,0.2244265753047925,0.2893367492343545,0.24915863742030364,0.22547957133576343,0.2274281296278687,0.30554245478860353,0.21815612887474117,0.2741154306437377,0.2988902621167765,0.26664884109019765,0.2763003686065518,0.2214278373959174,0.2652993462333631,0.2485388717883434,0.22275127290252347,0.22575722637846632,0.2149545592060747,0.34655849816083184,0.20999746990384555,0.2775602330291197,0.2142716686852153,0.19104228030455767,0.28207915772616887,0.25457890820191026,0.2444776376237227,0.2282476737960719,0.25015230544402606,0.24614093873087609,0.22866506421668462,0.19379031533330432,0.18356647312747473,0.18078075192491816,0.19896976189699386,0.20578878385749474,0.17465945595204688,0.2582364580169799,0.26789914870345577,0.18471873481888515,0.2246868351213531,0.25589526469447016,0.21114239822166328,0.19045822868313386,0.26636860206477936,0.1828331437113182,0.21046631763474313,0.2804641262289274,0.3398537145161489,0.18322864282684503,0.19716937212533053,0.21031874274802004,0.28392459892080774,0.26657106956218035,0.16801444290054168,0.2142641719450357,0.24464292504532417,0.2196895305506598,0.2278219350777688,0.21889759057346803,0.23271384777901963,0.26160815194900583,0.35822084719481284,0.2428492304463081,0.20553554659494025,0.24215875141767326,0.2975471743477888,0.17960444215992294,0.26628709571757275,0.21596239073799456,0.23139785660984621,0.24538818654150318,0.21665097090593727,0.22815217648908523,0.23875495419325785,0.19256042954953703,0.22246260126570302,0.1942151083322584,0.23180223070857317,0.2633767209468439,0.27906774788599864,0.3318621993453259,0.22328318080389176,0.20907054737056766,0.2166692205939662,0.18468423907721934,0.22888966008956632,0.20652792088249186,0.23611712819083416,0.2057499648550376,0.21848172065867993,0.23902247152158967,0.20871331645872898,0.20509791635044125,0.31659414690856236,0.20474227125706057,0.25133474801885003,0.20247818003967902,0.275522612221297,0.20117612523603337,0.23707001086461077,0.19797642508476035,0.20497070346575888,0.19431299578935388,0.23731270533324242,0.21945176433502475,0.19936514570245556,0.21226691690084942,0.27081067126462416,0.22909760309113605,0.29206264600024606,0.2090586578637203,0.23207270096679758,0.3052384006405956,0.22652144957448545,0.27383193992274285,0.2871225666397065,0.29464721800133553,0.24475324934298842,0.22101069110764526,0.16037592337032222,0.23720541704530396,0.23052416350006058,0.25358178424068223,0.24994931053486275,0.302601205553907,0.28167402689637394,0.26747920227226485,0.2826130931044426,0.25370384729461554,0.22873796431447785,0.20103671578360557,0.23053592111194546,0.25678174534390463,0.2766551912117481
0.24792433450927046,0.3116134382517666,0.27680441230288844,0.2464641438024782,0.18083623062074142,0.2797485755998846,0.2080293076457876,0.0,0.24800361815560631,0.3079127209920076,0.211461901978544,0.24744566885251343,0.3123174754555166,0.22165522663549883,0.24046842849431962,0.2748048677783731,0.2549674295742954,0.23545910791977231,0.2630899306620068,0.24717673307467566,0.2759564093876462,0.2432058521819109,0.22058965332660352,0.22144394603684647,0.30779999217316817,0.20355264131568843,0.26122827999765014,0.24041705392405294,0.19154955800456563,0.2235655886967721,0.325934602148905,0.29622422123593734,0.2519343661649152,0.21648442319637037,0.23307225832394024,0.2475425857968532,0.287104223969647,0.27091423899335154,0.21097163559733528,0.2555734704549944,0.23119654386795438,0.24107425282083256,0.23695823020907236,0.20910189507793484,0.3527009980815403,0.23965350448223896,0.22076244016638105,0.20256084832229626,0.24740814036835082,0.23670801586759702,0.24373271451367348,0.22361166434866211,0.17947100353561138,0.2467455425682463,0.2202425591337445,0.24832982967537373,0.23777060998782895,0.289778548019786,0.24912957621146975,0.2531998484969746,0.329180436245131,0.1974855056149994,0.2271159492694214,0.19585279215618911,0.18823258418206684,0.2093407400507218,0.23935437263283732,0.24768306294992679,0.2606100343520571,0.39962754345239887,0.23690933312100357,0.22685894018652714,0.21645858116180916,0.31807188713871415,0.30102163756868394,0.20028208525921984,0.2407328634231997,0.22841093166224394,0.23361742213627554,0.17147052952982844,0.2056250575920299,0.25409902524869976,0.26427765021076455,0.26654863491080155,0.24180784448113649,0.3540304000517824,0.31909733172650245,0.24654465569441883,0.2991674639484869,0.2175839517179628,0.2204069854708067,0.23981086281522293,0.22385942040093362,0.19404374180133963,0.22513653388317473,0.2581219010815476,0.22410644036846497,0.2754529572142756,0.17819079506172486,0.2967955015498356,0.20156950087225062,0.2838498613965766,0.20726587532475432,0.25910619916352134,0.2603985986198916,0.27592181414976447,0.2566041627352786,0.2832085605829955,0.23697152789459336,0.24555753037676897,0.21544309839462478,0.20759764542577125,0.2575954505579801,0.23792649656319434,0.21522374508384148,0.28177443057525836,0.235997934466993,0.21481820950776015,0.21309065157484347,0.22149365840843493,0.19869395486180735,0.2869473652429114,0.20152123026573057,0.2461249142922474,0.18334496490230268,0.24465807447546037,0.2234200977665541,0.29066714877330924,0.24290810920714012,0.23871004349304212,0.29143960205352154,0.26849247786619473,0.2338395092250382,0.20057737928022862,0.23479570387093845,0.161103397614916,0.2171509093694904,0.23322612443962176,0.25804132500076227,0.26851545772137136,0.21159974109297236,0.23044847658299192,0.2755385491702054,0.2181852241982129,0.23592786242781702,0.25158852661708025,0.26383294062602997,0.22910854656880048,0.30248840176985964,0.17327573297149917,0.24095462150448405,0.21939539576164707,0.22604913936243134,0.24764809517463648,0.30157156780946914,0.28735520415783605,0.23913930619057908,0.2943658504718542,0.19137744694613038,0.2188262700726995,0.2105784560677961,0.23753711257110652,0.21164304604744544,0.20281794110770826
0.2807278224962447,0.24786028664588466,0.21366084758917553,0.21268052908940485,0.20593421453998437,0.21321656161304234,0.21741318515508312,0.24800361815560631,0.0,0.21303083705536455,0.19456065500639946,0.20696827052781494,0.21534658187435565,0.26616346788198014,0.22828619321568713,0.21115602370286884,0.20597146411163292,0.25355771965159324,0.20168163231106323,0.24124289762289103,0.2168739147329787,0.3100617227476774,0.19494279299192288,0.2069245499237143,0.23044506103638077,0.1836210080462429,0.24357047330135026,0.20587194665045538,0.17560986757577218,0.27224334750466955,0.2851366196930924,0.2154535731124208,0.22134735195615485,0.18051001656312157,0.2537334391325275,0.20946638458218025,0.23091354839514866,0.27083286592703276,0.1962853913297814,0.2215340139295927,0.19104528955096572,0.28597177006905455,0.19217019729266951,0.20128523555403843,0.2416805595260172,0.20122908211707172,0.19854320390798139,0.17585152861249262,0.22169923014176968,0.2278062260662367,0.21825186720256565,0.19987040292230643,0.1948078707624189,0.21854668169521668,0.18648742944480828,0.2928325289982293,0.22658425899994264,0.21663646247934143,0.2152513212938106,0.2106674595476531,0.1973333315056671,0.20302054170765818,0.1860418041894719,0.19775461059168198,0.21705471847927724,0.18892778310554306,0.24749827018143508,0.2562706440059349,0.2170699973871492,0.26000886503649573,0.27091071179212806,0.23181598964615457,0.24554571967995287,0.22928784603505287,0.23121789604475662,0.19394621438199328,0.18641329954207636,0.19458930978502026,0.19259544400165496,0.16851945159051987,0.1757832765208769,0.35209725551297083,0.2883049965266595,0.19000237466132378,0.2261703102572928,0.28779623628326045,0.21892150167223554,0.2603016890821152,0.22143830315001115,0.29613302593233554,0.2582072775837292,0.28623644922350927,0.2022437867391079,0.18962630482695747,0.2759399039867672,0.26152408550339745,0.20865880493423583,0.21925015680451876,0.2344764847857042,0.2289158039125623,0.2284524959203877,0.17778382304700638,0.20903726504166242,0.1992256097635687,0.24949760536010893,0.20892520230284323,0.17599146316367545,0.22198486254107666,0.1914916342617628,0.19633956173590847,0.18493496443454263,0.2270735974155423,0.24309029327145631,0.25290178286791465,0.1915268432186191,0.2574204104712041,0.1895832249492194,0.20405299962806317,0.166101587961886,0.2566468584291622,0.22578821122802323,0.22084537025457016,0.2015940257049944,0.2266503446380078,0.2646743134258681,0.18744538115297973,0.2350457575101563,0.21136629251469552,0.17999288666407895,0.23321362096110818,0.32544526216821185,0.23123296975324134,0.21802362458796593,0.28351165975140324,0.20690270280398348,0.17767454463298163,0.20858353359377743,0.22726074554553136,0.22286291206911102,0.24894033726332526,0.19586517722959698,0.22558250978395036,0.29571124180259095,0.24596314958151572,0.21071932850831576,0.2556658436070618,0.33365889846574337,0.18516947408005768,0.2249206535530709,0.15653758613012295,0.25029055405890943,0.19484158179988587,0.23379194272861667,0.22549956910795999,0.21108949725098125,0.27209616443016954,0.21951983614536044,0.23225636726484464,0.23538013447677014,0.21368704722094012,0.16794942833841417,0.24741424111025842,0.22699601056069102,0.25397398137580557
0.2359113955159152,0.41391177905674653,0.33109475663888166,0.23432475712940568,0.1904161095963453,0.28891430032239745,0.23241508177090675,0.3079127209920076,0.21303083705536455,0.0,0.20536529037347345,0.24660133398006115,0.2660607433225847,0.2236074074422242,0.23648790600953848,0.24066025956266346,0.25196368215357134,0.23427484866131296,0.2603930345159258,0.22522728466118236,0.24409211715326282,0.26069129946909325,0.2311099591638997,0.2295213931448072,0.33077906078683655,0.1714413983289443,0.21588529079966384,0.2344973493798444,0.28741548143638507,0.2030121163784417,0.27031927233070563,0.28092971391100385,0.2244535215389026,0.20273915919738159,0.22113530382364496,0.21456620898094378,0.2391039200157049,0.21601047592429595,0.19397681916697632,0.2598418992805742,0.21586945363004728,0.25806316306272026,0.19250604589649642,0.19887272745123477,0.25534438960471245,0.213032692179446,0.20485557242826918,0.19406515405783528,0.25794671315146,0.20006172990361423,0.23127593069557914,0.209652489818823,0.18381012970110105,0.25329864922470036,0.23059434938225778,0.25458219254968956,0.22023841174653486,0.22276458039426777,0.2652275821631033,0.22967528150815025,0.25772149285083573,0.1764789536724989,0.18391871216046093,0.17789588557178715,0.1902486413606889,0.18819415741885281,0.2145340066685885,0.22948847133682573,0.21636289213800752,0.27370665151749757,0.21336410820701796,0.21650203624252953,0.19051290002968735,0.2799296798079282,0.2517811781434903,0.20134801182679718,0.20559103297488684,0.24188075000354325,0.18159233298319064,0.19100992654519558,0.2287227642621924,0.2269803102395892,0.27452702310414595,0.21783800132691405,0.21160918688853608,0.28728046314492844,0.21292909068743934,0.21795343955357008,0.25008923181493914,0.19908635969598362,0.19865453626488352,0.22937085842983385,0.2328085110939517,0.18941315144822757,0.22445992596249456,0.2696730796233041,0.1762609715067773,0.2512729148266685,0.17275109955314288,0.27341720267046943,0.1973103053666363,0.20882299612141778,0.1767211042786255,0.28603470023174354,0.2015735132051142,0.22257152920681883,0.21793725342199757,0.30461929773362106,0.22888539092508453,0.26778265136391505,0.21201962004715813,0.18190014080008013,0.2413587813670001,0.21539619627239087,0.1896980300478809,0.28115958734126956,0.23519187010142192,0.24635804010229065,0.23687324671675383,0.21231026425771019,0.18814379794029087,0.1968442626151601,0.1917925861991618,0.2635971986018119,0.18181369963031635,0.2911687257909412,0.22080275583043266,0.2182272019006733,0.27211860915495273,0.2159632330209759,0.28109172666649485,0.2405267159717218,0.19372052522397726,0.19371451788665708,0.2116912303958354,0.16923578239598897,0.20963029823268822,0.21731394505791832,0.23847503503514017,0.23705930547232265,0.19785994548436336,0.23544073313001798,0.2765794534167913,0.19320328495556924,0.21342140449195043,0.21804919804610084,0.22072523747764952,0.25065254914302276,0.37296476586501043,0.17720571424877538,0.19517954083361513,0.23298926563989233,0.20829280913012052,0.2604182673822252,0.2646196358115226,0.24639286296200802,0.23222148827178457,0.29361074960361355,0.2020417991134119,0.22111799212064534,0.2397289760382999,0.24340468798135573,0.2089946769525288,0.20685182303680863
0.24775299473845763,0.22807181835536983,0.25582276610309573,0.2639944156521671,0.24640011200593948,0.24178216250057613,0.23645935996438072,0.211461901978544,0.19456065500639946,0.20536529037347345,0.0,0.2791195126708256,0.2691272029766965,0.22541045265279372,0.2075849143703238,0.32069392326213936,0.27908642502382813,0.23675206272564397,0.26808291179591137,0.2236199527929058,0.29870129723578864,0.29772613506431655,0.22273554731783193,0.24475669381052045,0.27543550727579846,0.26381876369457585,0.24915427050402084,0.23447332312499677,0.2550020974225069,0.2255420388737094,0.22091211541496256,0.2789436160889633,0.22133421372422712,0.20834253934794852,0.24269980335690172,0.26715849175618345,0.3159716956150288,0.2746240046377556,0.3023581103508985,0.2527067732630646,0.22956913562244272,0.24856987716395165,0.23927715529370153,0.28756527624144523,0.22881731453214485,0.1937619172956099,0.16704732854354826,0.3403242700281849,0.2828948117636384,0.22553103721960158,0.27420610606393203,0.21593789551261885,0.16715762252147454,0.31396123215057514,0.30449251442689984,0.17896047135209464,0.2519053530476447,0.3324725219525983,0.2330120816035266,0.23172990782104225,0.2495433053267479,0.17084036206122194,0.22754928060963053,0.21598372534100407,0.17377561281493376,0.19258439256423263,0.2549093574198549,0.22507920654548408,0.261248390434621,0.26169027795424255,0.23534159631252585,0.2001537621452853,0.2551287598006579,0.3032505139436836,0.2678161747834723,0.19089328825366386,0.30363753386557246,0.26669191178535345,0.19167432863255346,0.18913042584052148,0.2086469211452868,0.2155892838218561,0.21129592340169512,0.22967877725429753,0.21464338249259024,0.22178065307246883,0.26323596975969366,0.2231531947232721,0.19309077563330804,0.19261136887176222,0.33218501769091896,0.19043514610122092,0.28082592779426785,0.20813708456666002,0.2166548245936874,0.24008153729555903,0.18040984090506798,0.18917419380524908,0.18966533788054576,0.20293102456943787,0.23329079738254846,0.24564441811876225,0.21604916756436096,0.19312140119497503,0.22223386689889504,0.19606495664619622,0.2122617881142397,0.22592142496809553,0.20797326214042433,0.2670625822915179,0.35800415326248103,0.23109567959682295,0.2369979832620269,0.26226330729789843,0.19837725273270235,0.2188680497353617,0.1934897345649133,0.26745648819625306,0.2627329642547126,0.22350102509291317,0.2453124059465309,0.19756620071923955,0.219452596650121,0.24958842626671976,0.19338981974636676,0.27310499686265216,0.18674814596164377,0.24242678685513305,0.23024849576573775,0.22004030749543801,0.1849719466131333,0.27371950286508084,0.24378167008472715,0.25037832164048235,0.31858302002075817,0.17423057168822978,0.1969335296535084,0.22853475892314778,0.25795642564489984,0.25732741750556803,0.2130459247653793,0.2805309545341443,0.2122594711003226,0.23882715223709738,0.34271286116141286,0.21604410986733005,0.22085846440186932,0.1967241568334986,0.21958388119823863,0.20625858546004888,0.27551412841365375,0.20066364939342252,0.34082733739771104,0.20301828428108093,0.24921639671896026,0.2476506099930418,0.2519059815611133,0.23489053188765605,0.2195921806205454,0.22728788585365747,0.18034066067014465,0.23984553574278206,0.19309022711759943,0.3407380547626716
0.21986233242905862,0.2651788838113302,0.24552116575035082,0.2312103276546455,0.2103885776878725,0.24147217355774864,0.29211403673874725,0.24744566885251343,0.20696827052781494,0.24660133398006115,0.2791195126708256,0.0,0.22198863147764436,0.16752829780130374,0.23115062762708335,0.2528212345982632,0.2173645190995965,0.19645522177027736,0.2812116431907416,0.2031180122946613,0.2798882596891688,0.2523428598622007,0.24998474894069028,0.26794289056897597,0.32080373772691134,0.22477907641759923,0.24795748533061135,0.18554012507548848,0.21562088290366474,0.24891533261317367,0.25992929724169933,0.2507429996620118,0.22833071935708502,0.24302582371493242,0.20135652345561314,0.24101741075906077,0.28947314773698546,0.22128808036287537,0.27849425792106797,0.2452956855152279,0.2260195657091225,0.25001590621995107,0.22329139238712967,0.2416315700204763,0.2590089683549662,0.21707639127721315,0.23124380098069672,0.2512020182610571,0.2662214071769278,0.20413605005640953,0.2488958687758954,0.21430808930963818,0.15116406493163193,0.2763001901511828,0.28571190988117084,0.21219150572939846,0.22734191762630976,0.30450235934016046,0.19389332796774397,0.21483654297422056,0.18828762533738178,0.1643449439854657,0.19070361467661295,0.1909517227846154,0.16358944193706978,0.1746202646561633,0.21169373094250596,0.21794018658356953,0.19314317482959595,0.21494393640787876,0.20881990921800211,0.17835620728033216,0.1824536495477938,0.24157749035418036,0.19651134198717543,0.17703165512601796,0.23710218845160744,0.28817848581142647,0.18450271387757758,0.16075794974664184,0.1770480486489117,0.22172065881077352,0.24821962349954094,0.17580689214629672,0.21205315905638455,0.2560404399733933,0.21119894355805655,0.200778002678006,0.22722312579069606,0.2280746685963417,0.24495298476619545,0.23542124532278372,0.23092089792629691,0.18486659703654654,0.18504618311142226,0.3382031066072748,0.1639015036140132,0.24966048611484506,0.17210749635335507,0.2118095743227946,0.18930399474404724,0.2191732769905654,0.22774022911446393,0.28249748828489785,0.19145963345928715,0.23039687591694363,0.20933919004449283,0.233251634270938,0.2186427691004582,0.30619514079021826,0.34239981715750756,0.22669796117819654,0.1923817606771966,0.21238828798629739,0.1873801512832282,0.2348405761133669,0.1911770886023117,0.27603843301095526,0.22539489735926316,0.18757819291771158,0.20130965475524773,0.1889838259670808,0.1896706454602599,0.24810008643904574,0.15728615484438152,0.29987703544935557,0.1729862257187164,0.31235429527530134,0.2429515062058161,0.198499041400936,0.19852660973037925,0.2033462465188102,0.17795450132836055,0.20292744404116056,0.2356685031768931,0.15007668389439166,0.23977896295762582,0.2265223040457959,0.24079421005454385,0.2530845314120064,0.17589134203041337,0.2170713927307358,0.2233355038381694,0.20721646362916363,0.27084266003304425,0.29787556585048725,0.28783289052499217,0.20019222094580835,0.2772105839247598,0.1796848705231263,0.22757752630825248,0.188587340695076,0.24294545661757738,0.2634530237236522,0.3241420230429643,0.22523432093451545,0.2216658265329689,0.28946916089118174,0.18005033033150133,0.1963613203789146,0.15931934019222835,0.1915668729960585,0.18410033221770833,0.23510202809855102
