0,1,2,3,4,5,6,7,8,9,10,11,12,13,14,15,16,17,18,19,20,21,22,23,24,25,26,27,28,29,30,31,32,33,34,35,36,37,38,39,40,41,42,43,44,45,46,47,48,49,50,51,52,53,54,55,56,57,58,59,60,61,62,63,64,65,66,67,68,69,70,71,72,73,74,75,76,77,78,79,80,81,82,83,84,85,86,87,88,89,90,91,92,93,94,95,96,97,98,99,100,101,102,103,104,105,106,107,108,109,110,111,112,113,114,115,116,117,118,119,120,121,122,123,124,125,126,127,128,129,130,131,132,133,134,135,136,137,138,139,140,141,142,143,144,145,146,147,148,149,150,151,152,153,154,155,156,157,158,159,160,161,162,163
0.0,0.5356480123906945,0.5062149491811873,0.4982744967228267,0.5700051118754831,0.5865809732310527,0.502523294920841,0.5141787994069955,0.5777787119128021,0.4915774970659486,0.5381203518485113,0.5048798188298793,0.6270835593767909,0.5384792193380985,0.509307388927173,0.6121757568044461,0.6180158700085441,0.6744982742384678,0.5609342622594867,0.6965974460899069,0.6036049117340985,0.5403952694160873,0.5161337933786599,0.49305982251003594,0.614792581413223,0.4904514259707227,0.45686989133714656,0.5809273460058784,0.422313680846139,0.5226792570704251,0.5607270770297332,0.6121184470830283,0.467444020254599,0.5173108994548236,0.6700415682621825,0.5147879924356841,0.6050268723347032,0.5975335114024081,0.47631282489737903,0.48156637737323005,0.4925324472898339,0.5620347338296062,0.5498708065771846,0.5400249490560447,0.5413840449884922,0.5694186003575091,0.5395823865485665,0.5133279039023532,0.5973152758570799,0.5874592268690003,0.580279039272004,0.6140017855847981,0.5055638501861413,0.5043284658031362,0.4731763434148582,0.5284851563183688,0.6479682650271368,0.5655769068777221,0.5450358149054075,0.5945624748596173,0.5063343313905613,0.5063920698322846,0.546097935023683,0.4948446081658941,0.5384445417860737,0.533859045489378,0.5249670655391049,0.5892179943631809,0.5319449498872244,0.5726662978284608,0.6087063911302198,0.5496443857218002,0.5595580752809348,0.6096431482455082,0.6108723089080766,0.5621523765469473,0.5063782492555682,0.5337684606093245,0.5153681939821895,0.4968477366218416,0.5344974188772729,0.5982780451087744,0.5609385289309942,0.5655002797863324,0.5439143598906424,0.6436950657944689,0.5078617116441019,0.5810175816201232,0.6514871128248368,0.48294653086163963,0.6158382272494416,0.5403361911714019,0.5451190828675357,0.5677164147074643,0.5455634796919229,0.5051507258133618,0.4600052011774085,0.5362741773933957,0.49049092034431585,0.5929863201299451,0.5073457504385419,0.43489700217532684,0.4906701093745366,0.48466933194915607,0.5796517888767261,0.6022345164705109,0.519578460147777,0.5822392988252731,0.5136213145610358,0.5297890881342384,0.5423475083110746,0.5313084538883512,0.6060914576610924,0.5648220555996003,0.5547743481343671,0.604854310625993,0.5860013618172433,0.523332828862039,0.5056503298579181,0.5838992313412376,0.5725489292531821,0.47811415432160603,0.5602342243028683,0.599198772781045,0.525905742358739,0.4842819816202659,0.541323264076649,0.47917174459656514,0.5033702449562054,0.5128459344620317,0.5345443983482249,0.5772888265889571,0.5391971637762853,0.5749811938023561,0.5215261802302258,0.5013903647882828,0.5575470739516916,0.5019026709569249,0.47039130218555136,0.5714663500532443,0.48171945943297056,0.5620066782142614,0.6120752971332163,0.49736346191079917,0.5445706945214115,0.5813361609832594,0.5668128179919614,0.5164644394451775,0.5452981732529016,0.45058011721432906,0.5838123146621078,0.5200682431782899,0.5626984237622495,0.4445337199441098,0.5636305918347809,0.5705896548465578,0.5289271087360897,0.5787224157645303,0.4647668648445094,0.5519419427412587,0.4821846697729852,0.59624359510897,0.4899351451235699,0.6726341405047832
0.5356480123906945,0.0,0.5946400602682477,0.5020038483384424,0.5504875922174419,0.5441381130425719,0.5890866288757284,0.47818764720958606,0.4841497591634699,0.6889785280498247,0.5048047315645685,0.5502925843528117,0.5680729826556321,0.5216598201567024,0.5835090454576426,0.5328330013209792,0.5297407184676027,0.5403026241159934,0.4942018256325537,0.5307221083210012,0.5454113836775614,0.6334832410508289,0.5237601330881542,0.5919857818636957,0.5960771123211561,0.45068416915818327,0.47416837165087744,0.4892950251632389,0.5402229404360346,0.4567679152297706,0.5346428685382504,0.5139927831762628,0.5305705117541918,0.46810635847511756,0.5580815918351221,0.506550035738728,0.53830005523433,0.4968327633602558,0.4920026301759975,0.5343979710906763,0.5414057761191802,0.5132396781284883,0.4533809522965322,0.514162459508516,0.5356122430238706,0.5195139832945024,0.541410160700537,0.49177527588381836,0.5724758336170384,0.4883331834096268,0.4963488540779846,0.5080350617000766,0.47161231208396315,0.543146037302099,0.47974629551370745,0.5345764852689542,0.49517453591317273,0.48610279332204653,0.5437068504995078,0.5445776131064978,0.4736493851062343,0.42784298690847433,0.4317970514732303,0.46943736026738603,0.45528854545618924,0.4386731566401789,0.5161803717290943,0.5468527493175589,0.4596017420923079,0.47420078492333206,0.5063169869258184,0.4946665043501575,0.43568642873700303,0.552126801698312,0.502942285574041,0.4833508618826446,0.46448915149325626,0.6128959231371659,0.44165942164580674,0.4384487005962816,0.49168159339113826,0.49833697946293937,0.642452868749319,0.4863260299871978,0.4383755800875653,0.5992905260822889,0.4137951955469927,0.4668554951217024,0.5415709819484084,0.5162337712540889,0.489341246834437,0.5258712447739735,0.5269089108108861,0.4677171205089985,0.4821213709938265,0.6060473689677776,0.4156047687492187,0.5204866557211714,0.4276427115209055,0.5573392957226545,0.5006302991141706,0.3895133493756718,0.42463385802172326,0.55326397162566,0.4511279485091018,0.5237494874280363,0.46455004739278305,0.5686997402791304,0.5633661294055774,0.6305662189378305,0.5130287470249927,0.44105760041379377,0.4868047316498949,0.4754209698530564,0.46800130874560636,0.5665505307186607,0.49610726417509493,0.5146664695224094,0.4964773212936211,0.49374427543669025,0.504665757313138,0.41340156664946826,0.4620469870001651,0.5853783203902635,0.4495043955630334,0.5704581386907112,0.45773021529598473,0.5046585358785111,0.5363940007387774,0.5206932261304633,0.5049716971995818,0.4763851830741565,0.4410718526872459,0.48288650537378497,0.5143483299878746,0.47050834261230834,0.5544028831543365,0.5320008859181916,0.5143943496611766,0.5132324252863564,0.49730139855326394,0.5023012083754251,0.5758812095073592,0.455127640100953,0.5277895482197549,0.4845237673947843,0.5633151555967574,0.5840747138700149,0.5814684088158174,0.41944235794018997,0.4584566114169198,0.5062510893234288,0.5076653891188962,0.5893326930119384,0.5683556108614531,0.5269108637517816,0.5324601489098105,0.6200207321958789,0.48641974055344445,0.44375700668349777,0.5221687480391787,0.486247555057993,0.4595791488542057,0.5241011733121664
0.5062149491811873,0.5946400602682477,0.0,0.4883820413268901,0.5367321558004277,0.5473516389656616,0.4680207060824497,0.5387572860779732,0.46775496588795545,0.618060932502887,0.5676914271579915,0.5323824860530877,0.584992416530158,0.49987070437768244,0.5144390862821786,0.6156541143684551,0.5456298586975185,0.5239370625349246,0.48337095637371114,0.5236502652513162,0.5416646008311621,0.6985231348030083,0.4621757637699457,0.486760406738904,0.5586455225092716,0.4548273442561835,0.47873671841517595,0.49108542881655837,0.5203488819867305,0.4504740918116232,0.5026672132042742,0.5251157616976296,0.49366986102789334,0.4358779679198046,0.5162613576740064,0.536595976726816,0.529359880190854,0.5330245560464315,0.4963592675345407,0.47087486323229566,0.5022193136699669,0.48296327846784365,0.48414213675511614,0.4861628316610667,0.5429663497166657,0.48068114597647543,0.4725388495886317,0.5225742612895583,0.5057255388107755,0.5073036467722517,0.48710308141043673,0.4846083999379231,0.4338481079702964,0.5438154595827477,0.5080958066185521,0.4508535834730423,0.4795485250861869,0.5542650553221499,0.4987277354695167,0.5139188550752449,0.5147897885266312,0.43266212590365827,0.4698424208912928,0.48221916615133864,0.42889376305924676,0.43112274660620137,0.4804979060948908,0.5184856235486419,0.5442820271995439,0.5406466829811913,0.4945297678817336,0.4612679096817219,0.4451295510296663,0.5622390358983368,0.5656308095414656,0.42100950662429043,0.4852317110717158,0.531245122742571,0.44367425487774265,0.393861393337459,0.46278385444365444,0.476929339451256,0.5280861114298916,0.5291456232731763,0.4320306124886181,0.574404643675113,0.4484870515490536,0.4667282834363667,0.5003464894906579,0.44671427705377764,0.5048512031780927,0.4580668558668739,0.5282039620148459,0.42663558630603005,0.45799433064939893,0.5538185486861252,0.43405576183367395,0.4744290698815038,0.4097515609894615,0.4943206126147197,0.46299082729657315,0.43098751795804396,0.41942901735576915,0.5294440499212492,0.46940200004592036,0.5146297727228447,0.48108343586540175,0.5355861288680669,0.4893105226721666,0.5135244114456206,0.47800593182166257,0.4405279616296379,0.477050296256661,0.49825655669473284,0.4583028089417989,0.5111674398861139,0.44507653014519954,0.53827156105308,0.5120470494115651,0.4819848095442282,0.4816941702274251,0.4425961801840532,0.4328159749909446,0.4964321147227897,0.41577692224273344,0.5524703427843185,0.450609091577632,0.515887006420992,0.5489634380557307,0.5029432611838419,0.48252791402646233,0.5243392502045517,0.44882333469370544,0.4618109750255187,0.5331120038195892,0.43499685190788695,0.4856147776976495,0.4775871352615034,0.5291008643994228,0.4992551490965904,0.4807068145991449,0.513375894882769,0.49418985569182367,0.47864238110945173,0.5092669443434711,0.46331395289566457,0.5371495538090675,0.50839105008176,0.5850524221988731,0.44488976509201394,0.4527059254622071,0.4578150784027096,0.539387262085999,0.513218824192315,0.5347011175779923,0.5074192768657387,0.48095740909810336,0.5371601135920718,0.4320774193133545,0.4284684789205646,0.4638320424684471,0.4375276642659881,0.42596391796432004,0.49316463023465545
0.4982744967228267,0.5020038483384424,0.4883820413268901,0.0,0.5243292924858648,0.4680027181243797,0.5485964471857233,0.47998125568207123,0.418794733049829,0.4638719043385572,0.5550742228632788,0.4646949434502335,0.5430864113995306,0.5533760129071453,0.5770821265107929,0.512088764099612,0.516444962548002,0.5325710530861638,0.472307824913718,0.47391854130045197,0.5390676786104893,0.5221013167091441,0.49166783453150664,0.5126219302013099,0.4910067862659181,0.5816986193055103,0.48449392933221913,0.498747571547416,0.4681658779701777,0.38912918555581893,0.49183565573993704,0.47970335981619877,0.6642612449385576,0.4709682850562615,0.5531381083206915,0.5816335863005865,0.5374828385846719,0.54371978431579,0.5328558176805357,0.5678369222721859,0.6065248526908632,0.42064633624492265,0.49275489230669994,0.5641892708193501,0.5397730770993372,0.5210069781201305,0.4259094881775977,0.5240132957848321,0.5519536963863664,0.5265330276093569,0.5894820166622086,0.5397953804395161,0.46481041723550814,0.6496906921797331,0.5708789198664078,0.4122924054943497,0.5231677112887038,0.49210597565040703,0.5413592248333389,0.5798571104958331,0.5439675518771312,0.4643231425541522,0.4950451745184181,0.4696988884959051,0.4674894772503721,0.4733133489247094,0.5939930972435157,0.503330007619076,0.48016629383924836,0.5069929729898065,0.5291961363204328,0.5321108941197054,0.48350592117574664,0.6358713937724612,0.49713104209674003,0.4522996455796453,0.570137001135348,0.5748401696561491,0.5004508161201229,0.4387071529202762,0.4637907616316595,0.522659766811137,0.46497134163999987,0.5402339578656729,0.4843841299774277,0.5301717488504396,0.4517787140312398,0.5246335968621366,0.5128010600425771,0.4349038059266359,0.5568973753271974,0.4861866038692128,0.5576396902057291,0.4829273696153893,0.543053009715524,0.49216787944020784,0.4463160202507469,0.4547657377110259,0.4448399833328267,0.5910853524106064,0.5612369104709766,0.4413019925474881,0.5089426643418494,0.47389035760615844,0.5113468567932085,0.5046696032825684,0.5067074556268153,0.4620255965522382,0.5480276756844291,0.4648546328892131,0.5477483986903556,0.5059560990050062,0.531719142978539,0.507010068570451,0.5572163769825499,0.5094529324612672,0.45026355256321793,0.46310035957694434,0.5237920480850915,0.5244078473648726,0.5442645398331093,0.5187718450685551,0.44302371811022906,0.5589756843378619,0.4456106408440537,0.542203854516457,0.4949200083207062,0.4945454285326063,0.5253028388242612,0.569949429351146,0.39220599808985823,0.4757133623629669,0.5284963187252318,0.5278677564279328,0.5174222270355263,0.4589200417337745,0.42403686230766363,0.602358640203924,0.5230453778545096,0.5244640859384433,0.5929324068181635,0.47827019721254543,0.5458533181585932,0.4926671851476348,0.5483109160893419,0.4710935777050923,0.477069048149802,0.518714819260837,0.4489306675699862,0.4009827374459639,0.5300021480012173,0.48292678088942126,0.5164941307140678,0.4391342291169469,0.5304165193207121,0.5247209917847155,0.5059694313544498,0.5282850158003568,0.6149966006654456,0.5199104964350215,0.49227289960977877,0.4680320755276056,0.45911102389195413,0.550818366872777
0.5700051118754831,0.5504875922174419,0.5367321558004277,0.5243292924858648,0.0,0.5051042918386104,0.5500985165325615,0.46114812760027396,0.5207217013429256,0.5148836993196689,0.5539806682286014,0.509190153222384,0.5259660675082981,0.5699960262010758,0.5045961656952457,0.57495822394573,0.6046529980403478,0.5901180171078304,0.5069888848252686,0.5386859828333357,0.5866735981197975,0.5860869280182639,0.547286209220412,0.4876131684794604,0.5540463913376482,0.4812737353840388,0.4965889877812977,0.524106962409215,0.4718507906736042,0.5031499652104748,0.5027742976884952,0.530845538733199,0.47974015374956586,0.4685054867324085,0.6231380534314865,0.5616606462007642,0.5182133814125193,0.5922368587054408,0.4883355171234241,0.5045445893779608,0.5266876114140034,0.5710705537400638,0.4859386726767571,0.5308732977747332,0.4913799804511371,0.4912829147748165,0.513647948342909,0.48684752596517294,0.5963590501229366,0.565030675248122,0.5459163076956786,0.5414423592427142,0.4844332474947377,0.5208726782502447,0.4911946759547054,0.4915771208134229,0.5501620446139486,0.5666076291639519,0.5562179968015889,0.5677408707846003,0.4516093316353041,0.47578979314157765,0.4745317562451404,0.553938779722072,0.4847920247494563,0.4450826735550521,0.4998206272637261,0.5148529666320821,0.5361274439749998,0.5035097263426056,0.5233323190192536,0.5396867290338352,0.5235868735602168,0.5763282146849595,0.5496850617990173,0.4595945619882752,0.4941274498447802,0.6285353147015298,0.4490547149343514,0.45031126481174877,0.4833820690420552,0.5506208831702588,0.5348128703342065,0.49495444560710744,0.5167157353708818,0.5754244509693118,0.43823585095407275,0.5331959621284135,0.5181742488747174,0.45625331901049865,0.6777253511654868,0.5386771267604693,0.5857272348564274,0.47062756271861184,0.5713287633377788,0.5034456798510613,0.4202504302310349,0.5077887874802475,0.5211513444777212,0.5232586982957635,0.5009150620042644,0.40435616502169464,0.4836811454056489,0.4950975370520064,0.5213594292883768,0.5183903908543034,0.4789038407358759,0.5635182638859505,0.509920675926534,0.4983262272119804,0.5340149067790821,0.5443415631341337,0.5120923050329005,0.5940884887091723,0.48789529465862885,0.5655207237372274,0.4971484243956184,0.5285126717393253,0.5186323514885735,0.6223657354605219,0.6231586219276015,0.4579076565423411,0.49283155360564423,0.5435130352006264,0.5002066826051859,0.4782527900277616,0.5434410552986005,0.4685037740492628,0.5164991590400794,0.510232306488632,0.5089465961403027,0.537823771938921,0.4729588206635888,0.5776728666991232,0.49019627497818374,0.46936378834176934,0.4720602405288741,0.5232547444876158,0.485678524601081,0.5455617574042427,0.45806824873293955,0.5784544235748282,0.6159365380523347,0.544288606080413,0.5513835014205444,0.5348517810083026,0.5583111762962119,0.5016963530705327,0.5279402874628487,0.49079857885259454,0.49259170340185127,0.5102359442845463,0.6124813190691624,0.4789414050228949,0.5490451896244651,0.49499776888179786,0.47396301546297814,0.5388208260713585,0.47718956590941114,0.5107457505329401,0.4699009793445276,0.5292700184723187,0.5045271054616142,0.6430643115079873
0.5865809732310527,0.5441381130425719,0.5473516389656616,0.4680027181243797,0.5051042918386104,0.0,0.4651681756786886,0.5433824417693487,0.5451796335152994,0.5362448446220661,0.5063279841590197,0.5716675946189201,0.5470805142824796,0.45924483509205183,0.48620274744811876,0.5716444510808413,0.5158989169815236,0.501911641734422,0.5828615480100632,0.5588677150816463,0.5911801620286722,0.5358471413711104,0.43318116047907124,0.45054909777598157,0.6400384830389583,0.4390344161156997,0.3975182723887531,0.46981782587441395,0.43363088969444813,0.48961952030604833,0.6110102550223045,0.6324826374312487,0.4565355394575769,0.47435341923390595,0.5404293166259684,0.5098281778192159,0.5755787306020068,0.5218084028107153,0.5091581419302343,0.4146201767469137,0.4647444601439927,0.5396801674157569,0.5260076166894174,0.5466945561478166,0.5099446297819454,0.4934740493523853,0.5052615068100728,0.5410813723796939,0.5019055139922896,0.5150246075249546,0.5367669345871949,0.5377396976638196,0.4582342182855035,0.5251174217302568,0.4870492717051979,0.5347740605662226,0.5302369927186762,0.5978511969278602,0.48059060848182367,0.5001633197697484,0.5312548923546435,0.4916942959260126,0.5219453865993356,0.4502507580556841,0.4917814745043573,0.49245793061797377,0.4828521154669375,0.5771325534139456,0.4651275111076084,0.5647051039058536,0.5688186611694106,0.46532986399684556,0.49105520442035994,0.5421059838610219,0.5711834242401895,0.5051676982611457,0.48551465906993724,0.5033954275384042,0.46564582390186227,0.47340639502125254,0.5555357476179288,0.5721372145547785,0.5643771473343242,0.5217584722747648,0.4881143087274097,0.5601175544179211,0.5425621128508739,0.5142186929944992,0.566997007204968,0.47963715961169995,0.5130427282383823,0.556140924435552,0.510231559060441,0.4930037636871746,0.4816888810077459,0.5913831251973755,0.49765420828881796,0.5481213772743128,0.45058672783617154,0.51211053281615,0.4783456576160243,0.46150907289804,0.47152910285967314,0.5398787448383413,0.5231540474043593,0.5204809429217397,0.5129626643408154,0.5170458711313373,0.45747058996414364,0.5402168119655871,0.5460149194599804,0.47099940659410033,0.5791110210414617,0.5187907724404709,0.4671975684875687,0.4821872554561888,0.5283327972857496,0.52451222713949,0.5105741396946013,0.5092219355509899,0.4739413686873001,0.48096722212094584,0.49079232387228644,0.5626733429987875,0.48324853344476093,0.5249012577820766,0.495472970611427,0.4882794324186856,0.510433286804209,0.4576807791738681,0.5217877969950104,0.5982820785965886,0.47922647322113093,0.5286838748333272,0.5481546715953122,0.4715053440847913,0.5167755503831424,0.43375148509452555,0.4202160887150146,0.5578636209758753,0.4828497814065573,0.560326355386558,0.5447816424151785,0.5055665736407126,0.5350738016219948,0.5122355426930592,0.5978609089406718,0.5173941273100187,0.5782304533157104,0.43876310795195644,0.5400926508459937,0.5109604775989982,0.48800178528900034,0.4314830858450645,0.5963861323349013,0.5619426119165724,0.4595411436216408,0.5840847988842724,0.4160304776376987,0.48331537721913964,0.45755148213436847,0.530604170478711,0.48184490895820725,0.5260623011842577
0.502523294920841,0.5890866288757284,0.4680207060824497,0.5485964471857233,0.5500985165325615,0.4651681756786886,0.0,0.43525755218143425,0.4408163856952974,0.5321030192783757,0.47527706887974946,0.5089466280774657,0.5117169712411993,0.5099072552410113,0.5914696901883495,0.47885053195820426,0.4880616929733643,0.5093724030211001,0.4681187487409625,0.4734785908544105,0.5148589587271517,0.5098844727450845,0.5851726373626572,0.5989030325484282,0.5353480888373656,0.4855639977221919,0.4744540402530026,0.469710481150336,0.47835169080198153,0.4260782513927367,0.5142583346710479,0.4827684244849083,0.5434695861923972,0.5021408240616431,0.5402628746184014,0.4957053332347498,0.5294703929500164,0.4674569302584541,0.4932064008123668,0.5796575199070086,0.5326414483972756,0.4655586971523631,0.44518801009019016,0.5269591964315548,0.5149499261448361,0.5214347750934409,0.5015449181793502,0.47002054602942206,0.6313333541011344,0.4719072630698173,0.5215829444271541,0.494512595601954,0.4510219292807664,0.5303661662564042,0.48525905453594703,0.4904145482302702,0.490130103691358,0.45092896819689104,0.5471285224869271,0.5492932362262462,0.44461093600173557,0.4264314672156718,0.41072834328994345,0.4501960104914486,0.45322967395950553,0.43352461854003804,0.5545642680168412,0.5204811221219298,0.4218446847263035,0.44002728297307697,0.4939902455147216,0.5081855385649687,0.4326200057449835,0.5484093556753877,0.43975757672495003,0.4928557006212419,0.4934935742352793,0.6884371061963492,0.43970919045669343,0.4541262486967555,0.4529693184088057,0.49867889422828515,0.5542147068963443,0.44295412343159685,0.4486649917704974,0.5208274116776032,0.40146709642348344,0.48703835337598284,0.5279727530975138,0.499691862359646,0.49731126270639675,0.549565473442505,0.5181822163284037,0.4737554834084787,0.4965353617405537,0.535032507699149,0.39301897157025056,0.4930004764361001,0.4388084342081715,0.5914090918820882,0.527730611552684,0.3880618717133034,0.4607963085988803,0.49573787472261593,0.44143984707859707,0.5002505088121355,0.45401677326247913,0.4983134176644697,0.580078498898268,0.55766775135466,0.5538193795912377,0.4592296837539681,0.48039394287587195,0.46253479353411553,0.4702415444749325,0.5283276515173376,0.47496864972853875,0.48437723478008843,0.4691305847856558,0.48908582992827726,0.517789518489365,0.4193513452596834,0.44946325933243064,0.6161569522930809,0.44396446431416586,0.5288758733701414,0.46535179198679827,0.4947063901093461,0.4902319889942463,0.5148974243896203,0.43158932554477547,0.4322173083403042,0.4473741001182343,0.4810750012981951,0.47401163076855163,0.4513866205889629,0.48650823458056486,0.5806026885670271,0.4889845509911657,0.5147435293013419,0.48422330888708826,0.47024469959260995,0.5962012925704088,0.4417168095927158,0.5281461799705287,0.5057748991595769,0.5021954032421799,0.5495943818323981,0.4804052152233978,0.3851073593109235,0.4728426551508947,0.4841051801769991,0.4760777236234986,0.5340165750911658,0.5412777406466277,0.5110093272531556,0.5218921907554044,0.5913435283511074,0.5407025311375014,0.48413183396520265,0.4951784397299164,0.4817116909524763,0.4695034196907165,0.527151205587366
0.5141787994069955,0.47818764720958606,0.5387572860779732,0.47998125568207123,0.46114812760027396,0.5433824417693487,0.43525755218143425,0.0,0.4999233480077869,0.47182196969612955,0.4987116980798862,0.5339213353370406,0.5774980856833272,0.4290449843355909,0.5243486239247369,0.5641361748827917,0.4664986210429204,0.48642296606840785,0.4813608417873544,0.503529945001461,0.505954649415606,0.5238653119133961,0.42990240239269156,0.45153705589720156,0.5292109895270466,0.480214266111761,0.4458970025962509,0.45510383198280063,0.3926893657689087,0.4575700749616478,0.5906883533156202,0.5187675300210257,0.48193919066198404,0.4594228784499971,0.468759412455446,0.48883386918752636,0.5975173346164091,0.5030429677909826,0.5235236810331863,0.4223603839983273,0.4502575238211714,0.44019871263702337,0.5411343569497866,0.465999781645972,0.6173235463795063,0.5181300109891719,0.4427484813286684,0.49991150440397825,0.4659157216691853,0.48761734269752643,0.5042877636866921,0.47319282612328933,0.39761891545115646,0.49875282043369207,0.4787840088140057,0.44184034877052697,0.48212105443966935,0.5803968104787579,0.4303678043698982,0.4996505198523462,0.5787875387857314,0.45148772160108225,0.4970933566994677,0.40772381720292,0.4266412508353205,0.4606826463092214,0.49792516461911907,0.5582814172268102,0.47451696126833437,0.6913236991410253,0.5446981032260113,0.428950780697125,0.42610346828625084,0.5516543363792785,0.5197960100130922,0.4294395694509816,0.5303374474028252,0.4735036188423448,0.5022197072677472,0.3864198001020481,0.4335696758253084,0.5219747665309092,0.5196385256509026,0.5218932809932362,0.43081329050961226,0.5704569739002746,0.5659943720344752,0.48927047739872065,0.5494231944384615,0.4898924192911877,0.4870904844120318,0.463510858816713,0.46605096088687376,0.43092687940197,0.4261913836073123,0.5339507656076011,0.47220369079430696,0.4589413569783219,0.3854825182224375,0.5083825689609051,0.4472529248477485,0.5436430641552691,0.4417468278737968,0.4809786987896432,0.4853037497706862,0.5538891347661761,0.4979663461573548,0.4641556900712781,0.45535987506836434,0.4628131930064097,0.46922308142202396,0.43638474939234795,0.482977747530844,0.4841895065367065,0.4670400311569526,0.48081357946964554,0.42393976497952063,0.47994634623767674,0.4285040335845296,0.4551892656640118,0.4442680999770775,0.5413534956100126,0.40859850957188576,0.509127346432112,0.3914079062983388,0.5198663400443819,0.43970305729978615,0.6348646546739743,0.45800903637236434,0.4741568127639791,0.4530635307047735,0.5154851408496415,0.4986222301111044,0.4559787592549572,0.5226805398147982,0.40434928410492393,0.48424878842247165,0.4448102132831994,0.46406841032698726,0.5486992338297941,0.4660886073008012,0.45466804265420774,0.4726643046302392,0.44467358441235244,0.481814557896226,0.4836747263204927,0.5699141741826137,0.4834632650390097,0.48984524541510105,0.38056436354194234,0.5269168245898285,0.413543327114505,0.474069079808399,0.4478241247295588,0.531244320943119,0.6030705277945085,0.4695229759319091,0.5559050555880788,0.39886084869170624,0.4340470208245991,0.41087218434712397,0.418919917972341,0.41864782059315997,0.4750665896574484
0.5777787119128021,0.4841497591634699,0.46775496588795545,0.418794733049829,0.5207217013429256,0.5451796335152994,0.4408163856952974,0.4999233480077869,0.0,0.4520119895067101,0.44929678732525336,0.4846121022551535,0.492042908127436,0.44306743085101313,0.44611234422656415,0.4987368077727212,0.47224185285476805,0.5003434411658421,0.4671385833766153,0.5089974174441493,0.4867545181539046,0.5056012804440935,0.43519136459377583,0.41538711464542166,0.5192811582099985,0.4052497513866786,0.42373976374864325,0.4466327535124439,0.369943820208296,0.598744712106685,0.5229537199131166,0.5011335421706545,0.4053480118007506,0.42269333239799833,0.49649470160569403,0.4356955115256829,0.5038405236999922,0.486449126289453,0.4287981778986592,0.39634397473771016,0.40838613828125475,0.6276836734904111,0.44656476135304174,0.4375679531277632,0.45665912068433845,0.4512229949157542,0.4931688864236378,0.4206234290974008,0.46114576651361683,0.46848880086880496,0.4620534229358657,0.4676523484294059,0.42168042400242134,0.42231174015678247,0.3975315000840937,0.5710486636432001,0.4796453662004129,0.5418777067546203,0.4293603523682675,0.46428840937548616,0.43225537793762575,0.44799669422395694,0.4421863894934568,0.4205373690392734,0.44392655156957606,0.42221446671352875,0.4457577739113464,0.5301371820647285,0.45178179513199385,0.5296786485810322,0.5152463492336853,0.43005718561101164,0.46233364040521735,0.4768920977289139,0.510419942927362,0.4418608274858445,0.43254539117070934,0.4658923651055944,0.414559266144983,0.4123168589182195,0.44598999967966624,0.5559361751937222,0.572436460159478,0.4439760971680395,0.44758807606976087,0.5443007189893629,0.4753043691122399,0.4738168500087369,0.5078660471036499,0.5133987059249907,0.5200343001897373,0.5143837065917473,0.44201508522892163,0.4299862978725763,0.45780057077289993,0.4863750951358094,0.41613009330891454,0.4803331033264352,0.4412532887485644,0.46312597221212765,0.41717096591077796,0.40080750349942024,0.42014261376675327,0.43859760732751557,0.47200214357565023,0.4849722759385598,0.42532392080183945,0.49826577353616264,0.418005702147499,0.4599720280917941,0.4454643524227488,0.44741946216267753,0.4834363485894988,0.5170480523805997,0.41928145911625325,0.5108169729325999,0.45682947962844717,0.44711768478971686,0.4079091474462578,0.5292620474372083,0.46369423318889086,0.44353226044438504,0.4445868244982918,0.48771778175715225,0.4540108063937209,0.41451805443526046,0.4754261443020362,0.45810087809284034,0.4096799828863095,0.4211617380636372,0.6515001845103806,0.5200769285097133,0.4475753501259022,0.5170681635947761,0.4403353760289985,0.41231356544501524,0.47842441971176297,0.40865681317998254,0.39312459108650444,0.4989168149048546,0.39931662281754066,0.4886515212728077,0.5272577947147258,0.4576302706741695,0.4529779548689946,0.5046237202274925,0.6259154557352904,0.4448247704124019,0.4781863739810997,0.4123684702191995,0.47343520465626804,0.43283004765751687,0.47857322691838,0.43037221987914925,0.4861612618314082,0.5044840964765247,0.43580595449791293,0.5164175698970859,0.3822401372801978,0.43713000830677345,0.39719684524049936,0.4823558929364301,0.45441381877852155,0.5337834627860095
0.4915774970659486,0.6889785280498247,0.618060932502887,0.4638719043385572,0.5148836993196689,0.5362448446220661,0.5321030192783757,0.47182196969612955,0.4520119895067101,0.0,0.4988963406025676,0.5686653144749714,0.5325088941394422,0.48009222399579665,0.5183335918696793,0.5410032218965418,0.5106230516069878,0.4961596262082007,0.4943749835547255,0.5034911277644268,0.5208554227325505,0.5812508552124483,0.5003701832097848,0.5144692295342401,0.610408880614241,0.4252772962098926,0.4533855891815918,0.47217202075260795,0.5733609182309876,0.4545745308796063,0.5178537094797578,0.5282474854315962,0.4805749970523068,0.45951931915291117,0.5129098439859544,0.49994840754028047,0.5150600492213167,0.4786669945524395,0.48366153028877096,0.47563796684950826,0.49453735407387744,0.488203219697462,0.45378671589170155,0.4926237223410573,0.5122096705222874,0.4801625365747169,0.5114698211906807,0.4949283168316503,0.5463527545354975,0.46708712610678293,0.47138582408474533,0.46550030991732627,0.4361058589189088,0.5160227945303091,0.4920487226626173,0.4912939295093043,0.4641635361920007,0.49209392432033733,0.5145242424437384,0.5007379426082975,0.45935323936018674,0.4151013409154446,0.41979560266510624,0.4655397435286871,0.4263364104717921,0.41817413104575535,0.46949335841338385,0.5067485539252787,0.4626154329049441,0.46803518819766243,0.4655300835635309,0.4646005086862606,0.4173864147583912,0.5164657181305818,0.49055775468541973,0.4595674229564731,0.4542943798099923,0.5723926396937179,0.42239368012080025,0.4169735861171955,0.4715445759795672,0.45647644381613917,0.5709470548482733,0.4698312877146039,0.4220585628541395,0.5340026858886218,0.411707101106866,0.4552651522097409,0.5170776460047185,0.4620394940111366,0.4643888849053295,0.49414371654503775,0.5212658298434235,0.4353945608469083,0.44583035546713046,0.6039247518186116,0.4034942306040499,0.5060015522454568,0.41048201859882943,0.5015425196659518,0.47492720164009994,0.3968131928929386,0.4163386437964379,0.5881957749456023,0.43530256157492025,0.4916088764721449,0.4582433891207928,0.5529386873309547,0.509712777062451,0.5805347337407607,0.49778770500610764,0.42299330006654406,0.45904021598429556,0.46689858414804586,0.4367500292612493,0.4926039266967674,0.47802596392182695,0.5625592460084143,0.4963244616707031,0.4625116765130712,0.4619383572240254,0.4039993159776786,0.43779295160527054,0.5276115870535615,0.4218347046845615,0.584534041188042,0.43352320208906564,0.4885332722950229,0.5496638768130545,0.4820670382606257,0.490342423545043,0.46573017196356165,0.42019745950776854,0.4413925358602235,0.49920837086988334,0.4403044943346268,0.5299323823958637,0.4781397838705021,0.4964257588502465,0.49921050592022576,0.47378464214747557,0.5041365415908915,0.510979103054143,0.44805145040208333,0.5114830557213693,0.46922756043239794,0.5116805656878618,0.5482810471245767,0.6326993030989713,0.426779458952064,0.436711612974075,0.49150851188914524,0.4837688599972169,0.5520482168604555,0.5568397227427536,0.4906354097588597,0.48078192168165057,0.5650805675945549,0.4405535845941095,0.4297289971227184,0.491954640206635,0.4584411059762775,0.4410211975796195,0.47107339732757025
0.5381203518485113,0.5048047315645685,0.5676914271579915,0.5550742228632788,0.5539806682286014,0.5063279841590197,0.47527706887974946,0.4987116980798862,0.44929678732525336,0.4988963406025676,0.0,0.492250756129627,0.5988797196610823,0.549132884131988,0.4876424605085174,0.6620893237405884,0.5977893807726783,0.5549812655329938,0.5086255680729388,0.5387360067281156,0.5447878951564971,0.6023686242947688,0.48819535859611557,0.4729593631310236,0.5377713700129831,0.48992217664657073,0.5109647001633656,0.5915420984186629,0.5034237060231598,0.443526715134909,0.48171329157499526,0.5409871645155999,0.485934205745404,0.46048657983407065,0.5725081962008741,0.5514291577978141,0.5581631712282913,0.5926349720176164,0.5184519739982552,0.4882873014888775,0.4905767618846328,0.462822853320307,0.5002737879794946,0.5195401368346901,0.5177793722926605,0.46778407068324107,0.4118357088239753,0.5764454832993211,0.5622708470873841,0.5309632323319666,0.5296268987950518,0.4905259549317956,0.43880012249732203,0.5643941320161517,0.579807327600134,0.40947588911691296,0.528994033804895,0.5724789729618174,0.5182106025494702,0.5379352915331426,0.5544575883053987,0.4397335009047468,0.49957342360791923,0.5016902965484631,0.4395449268486897,0.4471366489258602,0.5111045069488197,0.48387272934768566,0.5780434552165468,0.574520939037831,0.4933158960368451,0.5011712334698873,0.5126892202698393,0.6088947881367419,0.5940893042520765,0.4332468158587061,0.56564790323735,0.531922709308538,0.4531063728720995,0.4256369393993792,0.4503946423730013,0.4811394997715643,0.46592553885159455,0.5641508666366365,0.47299746555264244,0.527312259992507,0.48796666728989885,0.5069068956899889,0.49737541149313946,0.4125990780997593,0.5689905099904188,0.44172087725003933,0.5831127626154493,0.4640882122227116,0.5022477938326091,0.4842547500465866,0.4318341615735292,0.44029723833081214,0.4366407202057179,0.49749345322426386,0.5185055750384586,0.4523799262801948,0.44654622873271266,0.4593951371761742,0.5089511276797621,0.4847364183854562,0.4875281863818744,0.5105668363906785,0.4659976478072473,0.47524316432804115,0.5246348586270208,0.48656655054516795,0.5224828103218003,0.5712330411786989,0.49235695227174253,0.5080491204479756,0.45030855982734774,0.5663287555572779,0.536724998015424,0.5190568392707244,0.5335386900539812,0.4686205984817968,0.45819317550686445,0.5011518426695716,0.45178310038226244,0.5216405238568878,0.4666819068355907,0.47905569242997925,0.5344245676676678,0.49905773898298356,0.4331041323108705,0.5275881981128948,0.5533756544297975,0.5145269578282624,0.5469288446541977,0.43962294628090626,0.44369090339329315,0.49466723568627824,0.5279644999614158,0.5099509581415574,0.49425734165368,0.5432558210524272,0.4990988784679284,0.5028791306531171,0.5403185945352884,0.4592620545164165,0.4755105151774725,0.46832742580550984,0.5025578505265651,0.4604179701259987,0.5140832309229232,0.4690883992246804,0.6294802113366483,0.4208885672589231,0.5069632807419234,0.5070279424095316,0.544074231798747,0.4970930446843923,0.4915694857084629,0.5136871114072228,0.4367996285449952,0.4701816214901053,0.42712159059820926,0.5826660520662166
0.5048798188298793,0.5502925843528117,0.5323824860530877,0.4646949434502335,0.509190153222384,0.5716675946189201,0.5089466280774657,0.5339213353370406,0.4846121022551535,0.5686653144749714,0.492250756129627,0.0,0.5034062935010133,0.41916865418071975,0.5037560146602218,0.5491836608368295,0.4859616527898877,0.46027454114577504,0.5747834573695412,0.5177789279113911,0.555892725967224,0.5130610636335307,0.49875709046804306,0.5008937186972762,0.6712308666161362,0.4429624921587452,0.4226872245503904,0.4644406955297282,0.4419707206459878,0.49359555111047354,0.6212211909777935,0.5519192134370123,0.45461151834931307,0.5471064742736201,0.5009225413800217,0.5002520938406275,0.5540181371539004,0.47222109050848576,0.5427316090578788,0.42875701545747147,0.46268817940984275,0.5014781244059475,0.49560542572119937,0.5131789250058889,0.549385113486047,0.48656956238170335,0.4918108891852477,0.5115003961005555,0.5343025174186856,0.46874094257433085,0.4934768301984104,0.4798698218805858,0.39877513703457024,0.5095400286316812,0.49119285360989523,0.5002496160967502,0.4821944618208332,0.5735410819742306,0.4543130879385446,0.4877147298832473,0.47017304442609814,0.42006984199259095,0.4354870824118432,0.4356974238293608,0.4262842411014051,0.4291576705121869,0.4679266786867845,0.5014744228510593,0.42793808880641976,0.5065947510883433,0.48463499632821133,0.4349177935855842,0.4232471487894846,0.514555810593747,0.4778840580729046,0.452011205734264,0.4817793234274366,0.5385262487597909,0.4502415235494518,0.4157332985832292,0.4492063268058421,0.5018900436965285,0.5546813846124878,0.45246592394698537,0.44521501180877426,0.5415747818767369,0.4730405743923958,0.46405915657187163,0.5313886536372086,0.49731175517122295,0.4771193452935074,0.5384627876701245,0.48955321588800177,0.43871642141834427,0.4299337723295947,0.6088010213341873,0.4230138602897476,0.5584651379758635,0.4100786344945301,0.49726297808049713,0.4558771167349814,0.4496745537532815,0.45677422301177145,0.5988075545553956,0.45010739656331433,0.5144013303480517,0.4781817299033813,0.540034134559344,0.4611881003340202,0.57485840232772,0.5682477822270608,0.44591095528718283,0.4668307094635389,0.475394977145353,0.4294085253364278,0.47539984776602234,0.47404771795594103,0.5630654341913176,0.47340586437721754,0.45351514415297206,0.45148823610808864,0.43951150485402724,0.4514695525258576,0.540381293919837,0.4145750179905459,0.5517497738955595,0.43748294741229576,0.5442956483858207,0.5166533573869948,0.4375146173821953,0.4847630205384485,0.4839140869502044,0.4325106949711352,0.46339799958567435,0.5303728493418954,0.408994979571105,0.543483084415091,0.4461546723650325,0.45677255794447064,0.5577082591995296,0.4350200812937508,0.4887901528266185,0.5091843444734565,0.45214557724161014,0.5196920669618571,0.5325966278810207,0.5746087967909791,0.48768932461250386,0.6020250721652728,0.4143209246786177,0.5039380422992084,0.447766919695812,0.48440278937232617,0.48021776265768523,0.6414123254357973,0.5300933275228666,0.4599592849750235,0.6054511339481765,0.4026935578561663,0.43939265307464176,0.4179828810487446,0.45847607530958506,0.44849472094655285,0.4877473694991012
