0,1,2,3,4,5,6,7,8,9,10,11,12,13,14,15,16,17,18,19,20,21,22,23,24,25,26,27,28,29,30,31,32,33,34,35,36,37,38,39,40,41,42,43,44,45,46,47,48,49,50,51,52,53,54,55,56,57,58,59,60,61,62,63,64,65,66,67,68,69,70,71,72,73,74,75,76,77,78,79,80,81,82,83,84,85,86,87,88,89,90,91,92,93,94,95,96,97,98,99,100,101,102,103,104,105,106,107,108,109,110,111,112,113,114,115,116,117,118,119,120,121,122,123,124,125,126,127,128,129,130,131,132,133,134,135,136,137,138,139,140,141,142,143,144,145,146,147,148,149,150,151,152,153,154,155,156,157,158,159,160,161,162,163
0.0,0.46372478878213846,0.34942294248175215,0.3611671912085702,0.30804711447117594,0.4168526002352762,0.41900088188706797,0.47670026276992133,0.46903705397813095,0.42023206001777674,0.44392931502063754,0.38711908316292115,0.5500208321345313,0.3930686495189493,0.4444492046960524,0.41373567069024797,0.42592193790101085,0.5197084214938752,0.38635456356888737,0.5279596938468659,0.39471991579776805,0.39685465727321867,0.4242117479724934,0.35483934903567405,0.5528827488032513,0.36513531714685094,0.31868880694004353,0.4437736900845673,0.352241891620101,0.32296688891747843,0.5081138176766958,0.5168440651025428,0.3838840740267898,0.5438176721406406,0.5207634431393843,0.4310523672943814,0.492462242542279,0.46906696303148054,0.3946960034123949,0.4267883499477307,0.3671884274008634,0.4983797329259937,0.4193840561716933,0.4467372595352938,0.4961478967564485,0.5214634088025278,0.34795682781412945,0.37270719002073205,0.5331998548217755,0.4417677389871985,0.43741340825291,0.3882820232722468,0.3906439957440272,0.3469556357793842,0.43713374775187186,0.5700723067202925,0.48959647696719727,0.4139879176406936,0.41253955380631313,0.43200121944189906,0.41913445967022955,0.41427935835198265,0.40425595021247945,0.37391678708255177,0.4228893504976973,0.4832837266010308,0.5022492068680939,0.42110773292771203,0.3800199227718665,0.5369779771147781,0.5678570089320988,0.3783045690146926,0.45946610235196716,0.4405784239257293,0.4920986556826123,0.48323497396402265,0.3939982185457902,0.31826427727102713,0.5151788688176232,0.3302970814538129,0.48575369153703746,0.46646341402889857,0.3834471998017783,0.4856757243434993,0.4720989876701471,0.5766147627212841,0.5028154355033554,0.40285187413668466,0.4734651424689284,0.5396269505888006,0.4336928085297009,0.4633566383967725,0.4134401155865871,0.5076447748892674,0.475319183736844,0.4177696732627656,0.3176387474487614,0.47929212980647296,0.3840353819608453,0.48494989757309276,0.40735375412372243,0.4980146665158696,0.36848827253152644,0.3675700200310626,0.4575181431008139,0.4502554338591057,0.40428296560199367,0.5505760843145515,0.4263230833997783,0.410949721484551,0.4173234307220095,0.4968318002056929,0.5502679320839081,0.38973896463349333,0.5225966258859532,0.43167998283135794,0.5192554481187724,0.4303252316435068,0.388997630910105,0.4044023729347282,0.39618349725120156,0.3945221485892104,0.5620810591359119,0.4900279896450674,0.4364706676744317,0.3984347043124802,0.40904893767922623,0.3842164779538867,0.46838275705358234,0.39748170710806124,0.4127412651828326,0.3645340530680575,0.4091256420493447,0.48987230816273264,0.4411832721562991,0.4894808456498235,0.4221423310160952,0.4309110302094594,0.3899611928911905,0.5114058319660371,0.3445748818577199,0.4604442350855362,0.46733150715189525,0.379312596164566,0.48873173595045366,0.5086075202899164,0.4159867692414332,0.389865153467305,0.5101861054019613,0.4115865433564072,0.5460306833768435,0.42609219634176415,0.38002743395284244,0.3219912463711842,0.5500319990536243,0.6300828816151033,0.4067128799628843,0.4093564281392999,0.3658071041428025,0.46679073135156274,0.40722415946250506,0.4892846309398255,0.37201981867299005,0.551118685512967
0.46372478878213846,0.0,0.4463086209282578,0.4537725349829405,0.27703806718086604,0.4269668650086313,0.41689171780123613,0.5294584976392388,0.378912273988849,0.4952537482062529,0.44333432602280964,0.45875743854496087,0.45354832466855927,0.3810461376867763,0.485267816716161,0.359844757038038,0.4297100382257549,0.4449385357697585,0.4288111525195649,0.45018218384389136,0.39525528444825997,0.5689801438539356,0.4350872440722651,0.4180452229276832,0.4756647921193081,0.33236638590575573,0.3239148924119164,0.510815164819762,0.3730100377425683,0.28079536229640506,0.4469373175154388,0.4115481076608342,0.4427472491076751,0.4838928190180799,0.4104993871949026,0.45440255055799494,0.3794752365284348,0.38840697430595,0.45810450757418414,0.41697008401836294,0.4354601640798125,0.47488972413959674,0.32881980799928295,0.35316058842730397,0.5574106611599531,0.4472421522032987,0.2992414391019091,0.3218600572155732,0.4542477222503277,0.4103042732088094,0.4071093390077777,0.374211875032729,0.40329221657696224,0.45970307830816354,0.4394362039006472,0.41575531041617036,0.4326387593780429,0.36219021597756484,0.4163484915970337,0.48439430197315936,0.481382530890311,0.31401334666629543,0.3769886640190521,0.3282005158691089,0.4000008690817842,0.4509023749753758,0.4452267916171231,0.33980984559456057,0.3640574806759217,0.4556524941176323,0.41039715209136607,0.33097866005086385,0.3691987815860391,0.5076674734580182,0.5275750059305768,0.3421521913711748,0.39498076577500746,0.3164114652904898,0.4110325475695302,0.2456363840114924,0.3570062209672958,0.44921066994697695,0.36966438195939355,0.4033194413306628,0.3780868885233598,0.5722376954654151,0.3611303288678454,0.3145201984791561,0.37374313900972916,0.47537079013160255,0.3377060258778271,0.3782721597461174,0.37128516574299375,0.4420908446319,0.41514025194038917,0.42004404558528746,0.3311533144539507,0.4169883686614772,0.30165718958371646,0.5048222497499684,0.35779693141140806,0.4020526833738094,0.2980276770392975,0.35350018907107944,0.3588063416697929,0.37016121032008203,0.4018827071640209,0.5372709576978615,0.39630503003648215,0.47453320719354936,0.4277127820442547,0.3614497399125693,0.41180319361700995,0.3197931422151087,0.4440632633711689,0.5027938177015941,0.4034087779218014,0.3578497702374186,0.4185813893079021,0.33177538136023405,0.3264758284164647,0.32303897498867834,0.4091832601834449,0.4082556889134405,0.30917918765247765,0.4312620033318494,0.39435342359592834,0.4174739504802082,0.5190155181141362,0.38129409691418786,0.37008658182422804,0.3639480742011004,0.3205013499076217,0.47442054978664,0.47256033141923487,0.35605565448038506,0.3508982765022735,0.39490745857966547,0.41033255714470723,0.3866759865605016,0.3496990514670457,0.3793739890438822,0.47307205498841953,0.37181839767611385,0.389845638913082,0.39862117027097016,0.4315344866048914,0.37636303771045276,0.45951572547419134,0.3613785145124236,0.41586284456886846,0.371435857635533,0.40800759452786806,0.35936984627922713,0.4454003660219313,0.4693814765163851,0.4305636085976824,0.40298323669379105,0.3237071134391061,0.3373359854786122,0.4147592566822399,0.34359222429188924,0.3014903950676265,0.42523308652420383
0.34942294248175215,0.4463086209282578,0.0,0.32505165479735953,0.3515144335402187,0.4389563738039467,0.38866783307968356,0.3755500393716674,0.29290676207377164,0.3708711208966099,0.46905451011486776,0.4561913413306749,0.4027515161239932,0.2893043304257208,0.40718701293149034,0.5026103784634832,0.4958944669847618,0.3494468635959766,0.31687121255489337,0.33501385180573406,0.4649534313326945,0.5560874934413667,0.3153716793107983,0.4789770293597766,0.32898844519277093,0.418590622718186,0.26126877022629214,0.366221878552691,0.3522201328202549,0.34291771536653565,0.3227284944594505,0.37613507672011626,0.34829856715455887,0.3589732499837109,0.3001238058626007,0.3438452386485453,0.36097112125436703,0.3184666258867325,0.4519616337857847,0.39692314519891475,0.393493277105583,0.39997604557336003,0.3554942999327997,0.38847200996708964,0.39582493270621705,0.39283399317398693,0.3903169489607301,0.4064605933406122,0.3684690464896968,0.36528866010482086,0.4131182741192477,0.4529203569177951,0.31191493324397296,0.39641430583615545,0.38453736929791743,0.3105207540797592,0.3749290768792833,0.4349822768203134,0.328676181509888,0.37158873095835515,0.34615117903436043,0.2895554986700152,0.4292076958841131,0.2783730385382335,0.31229463376958316,0.3316615500386211,0.32469848577547405,0.4041155580040774,0.3030057044272507,0.33370954120313306,0.4141206062061249,0.2735425046259806,0.2938345126377418,0.4935968049452898,0.3984196397594295,0.2706894028188054,0.4703846777928599,0.4100751279316264,0.33129034283790915,0.3026267010744749,0.3702767705862623,0.3329870513803168,0.4481449353532589,0.3189058744014836,0.30958730318666056,0.4202856313678818,0.28053057318084057,0.26144883628760957,0.3074686827849369,0.33117083076467163,0.36830021347501085,0.29230659942889137,0.3899220760840253,0.32261551169339664,0.3305899029367669,0.33719226492698773,0.2729769771248089,0.3228304275588261,0.2563319686644907,0.3728693261314761,0.27798760258650007,0.3394031800233857,0.2452073115728836,0.2945982578789611,0.29504487392740847,0.45669076309205514,0.35673189003366323,0.3534249502664628,0.38338896803657724,0.48752252812976615,0.40045425894334574,0.29816457265445895,0.3052616069687605,0.2691366908128938,0.34746967822327246,0.49696285285080805,0.3070180034580282,0.35678361321247876,0.4080318019797325,0.2727604464700273,0.42468829412205455,0.2652224783097921,0.3198994219101928,0.47576693969808337,0.2502911999071552,0.4264332106410603,0.3170526588571532,0.48450737701466406,0.4009933159788074,0.30773008150887493,0.2936830290850908,0.4676664623087537,0.2581438246278494,0.3279429500208482,0.3414589620376841,0.3341943751497968,0.36291125004957053,0.32754465970642593,0.3195476020400132,0.31696869760557606,0.26086058049525873,0.33310185254177566,0.34938171628787973,0.306443786164899,0.3547444137201047,0.30211980986187564,0.49826731920573414,0.4120122829710111,0.36263190760360964,0.30838627643901806,0.3028279766316999,0.28652725642861987,0.3324816970782452,0.3886193343863167,0.38143552575235923,0.34263905110559967,0.3794537355588275,0.48248656984143073,0.24428876930574953,0.32749106835946856,0.32834943232699154,0.2616382472062292,0.2589933665035232,0.42569261445645645
0.3611671912085702,0.4537725349829405,0.32505165479735953,0.0,0.25703022663422853,0.3249926997110606,0.40209636974420565,0.41492197771392425,0.3173310720316336,0.3580843889298055,0.3586252418696114,0.35789372246855344,0.3510289571348279,0.3964575837764227,0.4512956583084481,0.2960760116367809,0.40313071801794204,0.43917351132096993,0.41333781326543306,0.38434382526664995,0.37138320985417217,0.3753211460487632,0.3990848614800405,0.33590912125156114,0.3532747604732031,0.3330022137536372,0.32356602340937607,0.4675203562777962,0.34347085170351954,0.24223986765933758,0.367012411949518,0.3394104803715068,0.5715054190172143,0.4453514792416703,0.3955237029312375,0.4593761472442972,0.2984607106292959,0.405981735684618,0.4158792459260127,0.4212072807299932,0.5027480454580345,0.34158840073677893,0.3270871501086225,0.3436478795820708,0.43720353133489376,0.4147434967293089,0.255703470609411,0.2748400114631064,0.38862927221092064,0.4224352620589699,0.4303887000313742,0.39231178859947047,0.47482768097352573,0.4469116089318292,0.40151282673759997,0.30910564338754326,0.452944213387063,0.3291854279203536,0.43839826910770635,0.507841509195389,0.45374125420498684,0.32755829518317514,0.38227048462935326,0.3396499991909479,0.46207392523397245,0.4378908611250346,0.42621345814926814,0.2697746967001841,0.38162369666190604,0.3827527547343684,0.3451248447359489,0.35249297511776484,0.37132843995052006,0.472990066687619,0.48206062793474125,0.3242667854837063,0.38583215572556506,0.28599091322744447,0.43306783089959683,0.23593459094446131,0.3251599090242514,0.46912614689719506,0.27881049410633335,0.39231563298931305,0.42268301439331346,0.4278150140243823,0.3342085319864342,0.35206294308367014,0.3654795433879378,0.35159960412867713,0.3472159810152281,0.38928865310886956,0.3551110087767183,0.42384892181538203,0.45711300567825797,0.3074668994207721,0.3467508367363419,0.38434665410746127,0.3309890419208469,0.4854335658791058,0.34745586295327424,0.3904108522464988,0.36694510872170844,0.3555126889009285,0.40349021624029546,0.3334011021574999,0.41836649713267554,0.3716532531395828,0.40936612316960647,0.3127611526306148,0.40814179964736047,0.3886629058302795,0.4131682363891446,0.3536666507842927,0.44952818434562475,0.38986939288660316,0.40220137041221876,0.30742165403640387,0.39543407389193697,0.3528634245320046,0.3348428152052985,0.38203926240872377,0.36511750506053775,0.3450555334517069,0.3061178180729527,0.34672746104580193,0.4483504947376444,0.32433447933002335,0.4548011491187967,0.4199041872368369,0.31046825344305595,0.34234186460644267,0.325601201387083,0.47301588715278703,0.39502930951458215,0.3256270095818579,0.2599884955966932,0.420218320523088,0.38996046437946535,0.3628141059867495,0.4140208414894925,0.330431619444843,0.49794103444852805,0.3943800509709149,0.33769348894477386,0.35917207080345226,0.3398534135122752,0.33845033066748215,0.3371013439836096,0.3403810206621632,0.41015381898649844,0.4060648507981285,0.40092436444491114,0.29883089910779825,0.395256785652001,0.37939011995839483,0.358356549808889,0.3076800747734539,0.40952026591334134,0.33173522009392986,0.41330880656279206,0.34127047225291685,0.33408350057226033,0.3608336094228461
0.30804711447117594,0.27703806718086604,0.3515144335402187,0.25703022663422853,0.0,0.29146123279727315,0.37047807322825127,0.29317175350271446,0.2619771305366154,0.28395743324978456,0.33386827074485287,0.3078513124617623,0.317539456816671,0.26089431525629164,0.33813417879491986,0.41450189676051463,0.3470466800306504,0.32046069672521144,0.2542844602844193,0.26218081391975656,0.3311639332380188,0.3053565050951595,0.32163325256420405,0.3036035766136511,0.28889214526955004,0.36533206874851354,0.25354676218081657,0.268514076021534,0.2828576750754233,0.35816872837346514,0.3072732295345715,0.31602820619870653,0.2884134767905017,0.2925943222569867,0.29673429618203206,0.32045447490451484,0.323442949943175,0.3116492913776576,0.32846866442229156,0.30536838381941306,0.32381723245211347,0.30074904794764373,0.3640245553995367,0.3621483972249637,0.2875861742122665,0.3390921022778066,0.43460263036958124,0.3774272694980678,0.33753975129147057,0.31609848606801666,0.3544348148653669,0.3287643955039607,0.27137956267946234,0.2732231325315642,0.3211911265725135,0.2813569291791547,0.2903170526467285,0.39826052519342664,0.2732578610430938,0.30199203426374105,0.24464824995815063,0.31065867423558224,0.3267415673769281,0.2749117426264877,0.2604528036657259,0.2539569775551659,0.26240097384064665,0.35569094940708024,0.2849139240627564,0.3149872017102874,0.34651757849351184,0.2639040866677153,0.2352072112355575,0.3239881249709695,0.2824063163745068,0.2588005979636716,0.3442348299527191,0.46481513127609564,0.3318184017572592,0.3130234669696326,0.33272426633166874,0.28083511450290155,0.38775217017820535,0.2819965979874986,0.27492557529589257,0.3114152214968671,0.26976127301783176,0.27920260589884793,0.29298029690270605,0.2697382496251934,0.4334330543306329,0.29406143933138984,0.39598317749686096,0.2511125961159828,0.2821822790555498,0.2895325054589417,0.21722202957274128,0.27443122828259536,0.2624457371813644,0.28550702571531794,0.25688318154755735,0.30207788603335545,0.2715321814321905,0.26965224766542617,0.27735557882397377,0.3983224118266459,0.2885017613426257,0.31599658407507597,0.3716324630938564,0.3014630869077225,0.29942040101483475,0.30318460302472666,0.26555573592804455,0.2724657111951769,0.3186917974443164,0.3206642252848168,0.2866907179232294,0.30948545945688405,0.282072832761434,0.27024951113964063,0.39960601310788485,0.29208577007602954,0.25898886577515634,0.4284787426153483,0.24407992292149427,0.33244713323233527,0.2724739312351943,0.38012957730341335,0.2950276010294816,0.2866981687315453,0.26501735766577983,0.3163671990646992,0.24274588828637583,0.2639908375361422,0.24891188965860753,0.3153843684831737,0.3191492077437578,0.3241817626808268,0.27454210489187597,0.35196085316551373,0.2390691365306205,0.30114912309395825,0.29155556769397684,0.26687655657649956,0.32483957848932327,0.29874472245975336,0.3559285062114317,0.3783581639640099,0.2877696534545231,0.2778943936660251,0.26798478957304284,0.2895350789917775,0.2762945973876639,0.3358817604587677,0.3435921993410989,0.3071366239263634,0.2576171906333587,0.41587906894861704,0.23440164436754374,0.3087775308948206,0.2826563064408785,0.2609750471437037,0.26704391683235595,0.347150672007297
0.4168526002352762,0.4269668650086313,0.4389563738039467,0.3249926997110606,0.29146123279727315,0.0,0.38840235398512823,0.36472991080706435,0.327361322643609,0.32420050253333904,0.4902153373309104,0.5380646002051768,0.418328680188004,0.2701848712129864,0.3851278210354669,0.4038657418558732,0.4574536567950074,0.3074459679907805,0.40067242712837836,0.3882085107853022,0.47854753992670446,0.48783614279009324,0.29275698808385237,0.40262033454685237,0.40493885415377245,0.32504927723302,0.23744017123312983,0.3496083025957261,0.32866242525817657,0.33227177911815675,0.3625504322542464,0.4372049807920738,0.3452945730967382,0.3872608348220142,0.3323025201309573,0.3357890698021335,0.40540179964305206,0.3039483810471332,0.42530714561161453,0.34402430371706416,0.3745793550995181,0.5075359796645617,0.37615815009486026,0.465675084627279,0.3470117301609846,0.34507549686305916,0.32808994107296263,0.38633581269381356,0.3334649338192676,0.3645824602530547,0.42687941114658406,0.46864035118144215,0.30963718329736334,0.3896625305702733,0.34952956308672406,0.3882548927204633,0.389009533952891,0.5066213185311639,0.2957560717202553,0.326259031743336,0.3803680801402237,0.31936458882661883,0.4911807904933628,0.26910024020422624,0.34545675617691995,0.3693254905213363,0.32949475062992817,0.38858733589388106,0.2743896076636059,0.35052400686276153,0.4367393261438439,0.25473034419429713,0.35769454115662247,0.42299646965468835,0.40893191605725426,0.3079495164140815,0.4092360295888874,0.30763735420572214,0.31092670768754493,0.33310340178777914,0.4841845282589161,0.3739080140355993,0.36988086617587995,0.3231800036498273,0.3458458664980001,0.37180743369693214,0.3738182747007975,0.27024424879781284,0.30378411478773903,0.33976943462701664,0.3891761073246328,0.3611699800840573,0.3678072403744336,0.3658201289551262,0.3215285111169664,0.3853997330749258,0.3009704243970494,0.3992976027471861,0.2781635158015715,0.33639439400237053,0.278517769743069,0.3642732713234447,0.286436998252096,0.30163782114373455,0.3147990388258316,0.4006148520382493,0.37372031523803145,0.37951215043746095,0.3329312558087377,0.5625350421359996,0.5161806839957005,0.3125202905539615,0.3988960078697576,0.2806537958759898,0.31535853751031645,0.43846067986184034,0.3678670672311766,0.3364043206572653,0.5293739181412265,0.28345473508948404,0.33745226542150414,0.2862665875777049,0.4237163362903319,0.4368019735795093,0.31587185629313413,0.3936548795303552,0.34640633776522983,0.3775206120480813,0.38034727730562384,0.2717491352261702,0.3235641634870565,0.4987570159820167,0.2779711381518498,0.3882005430876775,0.3910846790059826,0.3672977779125963,0.39482209025164117,0.3006745025233439,0.2836738072798457,0.32825627702598575,0.27895202112487893,0.38539570734676837,0.35302212209821016,0.3310835561453472,0.37354491869638656,0.3476738514358062,0.49053074145600645,0.3645123146634728,0.3652462869542968,0.33441248584785654,0.36529663961187586,0.31976171439999856,0.3118410337528087,0.33034177998584574,0.4448381534069843,0.3729002612105364,0.3970637023778108,0.4277406462158602,0.2707555503778208,0.34763198119293137,0.2921838571580973,0.33985179223203066,0.2807194236857535,0.47544226231412323
0.41900088188706797,0.41689171780123613,0.38866783307968356,0.40209636974420565,0.37047807322825127,0.38840235398512823,0.0,0.39952668173306816,0.34267898040594585,0.4071149347132212,0.4399670223982923,0.4637238299496186,0.5074894768569792,0.3691769573087356,0.6246311654856326,0.4245403520774019,0.43813898106312,0.45842198494714653,0.3421403381385682,0.3248854656032025,0.37798533813318647,0.45693162343473287,0.508746623616303,0.384260667083892,0.4118412805678682,0.4375880760484436,0.3575789654400188,0.3684117703180983,0.44017869494252737,0.36858490818056133,0.42987192302512356,0.42766669505698984,0.48090608681933905,0.40693048680246274,0.3816190065553196,0.3820266367505367,0.4685641838846068,0.40163238389885153,0.44081874297960805,0.47857254844306113,0.4992793366072207,0.4125592401224013,0.46155486373491256,0.44394441559851444,0.44557127385410145,0.48985348103267734,0.3874522988773372,0.3558875043619439,0.5048193032156146,0.37659015111817845,0.4676915919808225,0.3878030202750069,0.32620599029849756,0.4026548359990413,0.4746849114667213,0.38159720847443857,0.37860622638472047,0.46094994102982323,0.36681157098114664,0.3963338495868588,0.31471244932504744,0.36975884296976674,0.3896293102899737,0.33413229654207105,0.3198843543704168,0.3151653170505384,0.37718904709229045,0.41005756194755844,0.3702925831877397,0.41731404968499053,0.4613106474232997,0.33508220663844746,0.2836426842483036,0.4714497635228239,0.3537744931779332,0.33310067575453306,0.4579427813675276,0.4304251744122574,0.4408825781162754,0.2873537569943863,0.4202355812073459,0.35643461386713954,0.43840963652113996,0.3673428731382695,0.3455284301508411,0.4564657271825533,0.3371208293485529,0.34043993756318863,0.3993194411500026,0.37454525155531243,0.506273767692349,0.41345716644183655,0.5003341963718398,0.3208609668036648,0.35930175615692117,0.43767809556652115,0.260792793270922,0.4018272486051458,0.3206540822718748,0.406133745205545,0.3404781180592682,0.3980871464701574,0.3404720307343877,0.37243087832784044,0.34552986648973305,0.5147262799266874,0.35263185703874494,0.4393525978847173,0.5896901593801716,0.37289545440103716,0.42897584849367093,0.37319445611770796,0.3323577054453528,0.33814223133466664,0.45868524566144436,0.5045298144779574,0.37543025061776875,0.4118662313568322,0.37535318315541966,0.3437895535086242,0.42721419947525563,0.35904939371953243,0.32102329010089853,0.5292825425222215,0.2945223985676931,0.5561142188928346,0.31812605667919897,0.5353024103965487,0.4000922360748144,0.42075310082871126,0.3458366090956622,0.3440466123300468,0.3074443920252946,0.3306580699472245,0.30159153672531036,0.40706823457207303,0.3992814834990486,0.49816821000301176,0.3957347843768495,0.4333652125018208,0.356750455258336,0.3849906351523213,0.3716482872970435,0.3150704275127213,0.42719980310801897,0.4294320037138898,0.43205748518993203,0.5397986993471334,0.38639786298121576,0.3428187949960987,0.34215857305996933,0.39050374486363804,0.3400386323701135,0.4514656741887707,0.5295263879453496,0.4244311378482192,0.4048836215541817,0.501448130851931,0.35051364021080744,0.42014810174872663,0.40152399780402875,0.32845035228957964,0.31961117235535336,0.44033682675599745
0.47670026276992133,0.5294584976392388,0.3755500393716674,0.41492197771392425,0.29317175350271446,0.36472991080706435,0.39952668173306816,0.0,0.5021638168944981,0.5018930779371589,0.38298886579111824,0.417998880038257,0.41634735573577314,0.4107573740949155,0.4641658659868865,0.37543004453379525,0.4400459972857124,0.4980274677709993,0.39887090507791895,0.50308711786722,0.3873564034693253,0.39568240917269937,0.44973407042058144,0.33166454791326405,0.4933999186674065,0.31445545235784444,0.39139602798833883,0.5363500040309787,0.31284690913685465,0.30872272966533587,0.5990267528991864,0.4350150370789039,0.40723634377370616,0.5796448619982165,0.5023644765068165,0.5446061649613039,0.37771989296845904,0.47289437423763353,0.41994897513679935,0.40905783001663065,0.38844764766684786,0.4703030528123623,0.3704400001870812,0.3499841755649306,0.6469697378867442,0.48146511303671585,0.33300424012392044,0.30676984880043934,0.46663062433694347,0.41899850532897104,0.41369185862585317,0.34712746376805553,0.4359731853975416,0.36105104517270525,0.424559751353442,0.42642222259995355,0.42079803647790653,0.4013190653317769,0.5393158447897978,0.46682765876909726,0.4616956228524186,0.3525856628251598,0.37042096564793514,0.4470828910921125,0.41965667435177817,0.4206514421976091,0.49126907291530364,0.3421335871364174,0.452113873704506,0.5460804330869359,0.4177684663424135,0.41425792603337946,0.4275270018785391,0.44777529863903154,0.5319730192604313,0.41550018544021877,0.4045380761175404,0.31237857425394255,0.4870432044678741,0.24949260631169703,0.3664642381513521,0.4757555534522478,0.37481397482599255,0.4433322878972191,0.47146020396747135,0.6174861083846755,0.4378375456299022,0.4159099173731584,0.5489718722608129,0.4841056319195997,0.36955269709591815,0.5131256280323804,0.4015365747024871,0.3919400430855855,0.5496670046629435,0.38667415486273715,0.37458172310621035,0.5731880982046584,0.39383842190737295,0.6126854600980984,0.3984076214806001,0.4644551576033568,0.38360571354226874,0.4466745662896623,0.5093756177941313,0.423424969764943,0.405487216123713,0.5859297330736389,0.40055787156027756,0.3944224528769345,0.37231740592378343,0.4307139098637898,0.45117536625957183,0.43312868297252594,0.4502956240037137,0.4318748423164605,0.5169381333960673,0.382450559141153,0.35393119750102675,0.434397119770501,0.3520063871243077,0.41070763095187074,0.4048088748144946,0.4110706913425801,0.3656256012270051,0.36185372373121377,0.4213463984039904,0.41727189171078183,0.5084047925128058,0.38495739937894685,0.4987749715972231,0.35069348985935583,0.37521409154675034,0.4575264606644554,0.41588919776671585,0.35988892198495354,0.3571449924316755,0.3874982815598085,0.47658263091522024,0.44116177428570225,0.3652128928674746,0.3885113299821107,0.5563431740532837,0.4808043177642071,0.40037771102630987,0.4665717401195066,0.43412439852820994,0.39416604793388027,0.5020967218656072,0.4031704885457692,0.5077029718108088,0.47545539844390655,0.39211480312155844,0.3520768573264994,0.5110597472131744,0.5131335788303681,0.34965813957853564,0.39118648676409135,0.3337538599146145,0.35955134187031434,0.42477395282108005,0.40313294188027027,0.4008679574804203,0.41338720385111355
0.46903705397813095,0.378912273988849,0.29290676207377164,0.3173310720316336,0.2619771305366154,0.327361322643609,0.34267898040594585,0.5021638168944981,0.0,0.39689549257595363,0.2979225862102361,0.33723365797943444,0.36331322661163307,0.42492831605125003,0.3502841690050578,0.32809799498165876,0.33549287094293073,0.458682658488182,0.34119224407830173,0.43680072263448366,0.3158788078908994,0.3200346920632783,0.370892073199012,0.2712990592770335,0.43660069951529007,0.29511473563237445,0.3626050493920014,0.40667844202714254,0.2735405131771233,0.3451530359505502,0.5497148495777093,0.4433418625370571,0.309300730006078,0.45013436870269613,0.4906919494537025,0.3693053615339063,0.33197404898046856,0.4161919463977571,0.32193683988862826,0.3280828005319643,0.2951431718977815,0.4698500983629965,0.35614182696879204,0.3198926443323472,0.47053292864243307,0.39165781539715305,0.3237328450464289,0.27068295137491016,0.39591079622213626,0.3530480199821252,0.3338382334615897,0.3071919930383425,0.36713231059961854,0.2816225147870831,0.34063621388321463,0.5095525963508419,0.3758704033001236,0.3435029790806485,0.4440525377909334,0.36194802292141987,0.34432520413197926,0.39390210557645194,0.33218035259118484,0.4199061025034737,0.41618340440896334,0.4006286019478162,0.4331244994982041,0.3280773708174289,0.37154391083798655,0.4618184525457823,0.41078461898423524,0.4211263153651356,0.4601589788049393,0.343333391983026,0.4170899706746435,0.4524832787032637,0.32008857245031597,0.26588276066682187,0.42665376715400816,0.2732580714960526,0.3694892737653459,0.4426246385480824,0.3612964250794303,0.37750867652259734,0.45962012796291635,0.4777189175439298,0.45999822553639463,0.4586422086502378,0.5050303505845208,0.49781646718014355,0.34447906502836634,0.564360824940456,0.33033192533643735,0.370522121389852,0.4573490992343591,0.3382431964657395,0.3859345664189638,0.5520200050603974,0.48988000397640064,0.4593617944657774,0.3807409171989343,0.405807735450374,0.4240283228970916,0.3694137608971954,0.516361888946694,0.3710670623175439,0.3276196088824586,0.45630350572184414,0.3477341480257443,0.30639014581520124,0.3128889319836322,0.46231280945867526,0.40630779562622976,0.4579640185761562,0.39662652312142,0.35474733570177847,0.5407664007534325,0.35122181116870005,0.2795556852473723,0.4477487936909206,0.3322075649537525,0.38343991960604396,0.40276322306751183,0.36744858344881326,0.4968568154219093,0.3072691202796809,0.40115921954992695,0.35191707063983885,0.3609017038869182,0.346428783289058,0.6097408794899295,0.33672275860581913,0.3792781830066298,0.4432250850088996,0.3341212724852337,0.36223524383658456,0.34912645200564235,0.33986725067508355,0.40195331348131114,0.41851059956815,0.338367306832011,0.40042290086898724,0.437415514658292,0.4451946456104462,0.36000531526569773,0.4690698837287663,0.37634383859659815,0.32939766162896517,0.4526051536657913,0.39603104716077614,0.48766755554822844,0.4153126113127875,0.30688392183871227,0.3204003517037554,0.40955734145492995,0.4692020964526072,0.29545731863999497,0.34053079646446527,0.34003813051249293,0.36865378006103294,0.35941340816301465,0.4744921121494572,0.4689809053246353,0.35451394725662666
0.42023206001777674,0.4952537482062529,0.3708711208966099,0.3580843889298055,0.28395743324978456,0.32420050253333904,0.4071149347132212,0.5018930779371589,0.39689549257595363,0.0,0.3619124249652768,0.36335726800409074,0.4167981583201063,0.4217716631397151,0.40327490970656105,0.37344132233432387,0.35423671976012117,0.5202950080238113,0.33245941730315365,0.36708838997565135,0.31141626533263383,0.36496055711261133,0.5259479011823736,0.2992493027149931,0.572367337612072,0.3587878644387434,0.398873542376041,0.4145165002438489,0.44933016798811937,0.32227232767458225,0.5310129794762861,0.4124769080638179,0.34829650448930743,0.4497754251418455,0.4222837396633707,0.4212521480464993,0.4380825359432587,0.47724858017172617,0.34815590323032697,0.3521918471732093,0.33202023866566543,0.3785260087886432,0.3722553417386863,0.33201090396595423,0.5087114600744809,0.4082138327487853,0.3437000140607906,0.32522901431341256,0.5308524574062191,0.3259942602885258,0.33535854291250655,0.2989578021683811,0.3351255761801729,0.3375415084127137,0.4493724432687082,0.4323049531577988,0.3350219952739088,0.34144403460801,0.4068018034889995,0.38237894055100163,0.3795127931331219,0.3416993791002411,0.3095196118973599,0.3767623061910223,0.32986292915164944,0.3452479472926623,0.3937549815176103,0.38092906224302475,0.48195026229645543,0.5908519008936005,0.35872038794749,0.42406299271832415,0.31849022790673215,0.3796418258138532,0.41223418136247697,0.4225378573055018,0.3506456021605468,0.35661761467797143,0.4428036437444943,0.27287978700084464,0.3492556914830194,0.365770728947789,0.40971175795396714,0.503650254866063,0.36046772869835575,0.51290895564504,0.4153927473729415,0.40013350582191626,0.5035738943660314,0.4302224373064721,0.35306923367467646,0.38692768408320616,0.3724128176783434,0.32815700429826583,0.3899320255445262,0.48690994895324824,0.28332854663966484,0.4375938477751108,0.37178068961796723,0.44894960846256043,0.4364094006273804,0.39032465001476424,0.3612886955250625,0.4928900473540324,0.3586166213139691,0.3738468177272322,0.32220338909172697,0.5981954261112736,0.37936464029316136,0.34115156094388815,0.32176963246465135,0.370827421973436,0.3807520310630335,0.4160571870167381,0.4353705700009781,0.3805393710877869,0.42946891933028686,0.46332723738201953,0.3176638970340219,0.43207869579844,0.32166651872368485,0.41608357566205917,0.3330501470353342,0.39785508319849533,0.33628222768548977,0.4868523470291985,0.3328066437272137,0.386941845746529,0.47516360287836146,0.434023301326386,0.4801773112324747,0.2959422274672632,0.39384490720538445,0.3635148890095363,0.3537559735647447,0.34060596266185245,0.3955270186003572,0.42455814296290595,0.43789087797152804,0.4261755349236306,0.4014840940842005,0.4096566688037479,0.38529487662559203,0.3331794588449434,0.4376243630894671,0.5109741606112281,0.3356087836934483,0.44091527179684314,0.6242297469399462,0.3701394227311499,0.3742555549128091,0.47182899419285373,0.32008138605273845,0.34384583907416166,0.4423457829269075,0.48626249539627886,0.3144427929849336,0.40323868425035503,0.34610022660148576,0.38889417991260994,0.5266652739439324,0.4172080699311438,0.3813801841568799,0.3484643435884338
0.44392931502063754,0.44333432602280964,0.46905451011486776,0.3586252418696114,0.33386827074485287,0.4902153373309104,0.4399670223982923,0.38298886579111824,0.2979225862102361,0.3619124249652768,0.0,0.42392670469380644,0.5126916120291048,0.35022687549660175,0.45402685587536,0.4889599716716896,0.544459389949383,0.3980364389083309,0.34547714389064865,0.3782417606692496,0.47535753210705556,0.5132962743662619,0.34574611125731625,0.44014100899124686,0.3918599602232818,0.4546856797252166,0.2705507694227374,0.41150873196963905,0.44638689278149707,0.3149638441723025,0.3514788864905468,0.44637071575374226,0.3918109350177551,0.3928725416919579,0.3986047278427991,0.42432094418291266,0.4577449567674118,0.3715286043061712,0.4888537542409996,0.4568614511593573,0.45060486928452326,0.4093405190521366,0.43410286100071527,0.5496817826317532,0.41388865895627397,0.43067690606347486,0.32766114032056187,0.5024361491781231,0.4349607634981959,0.3875152427066328,0.49530735029222744,0.44816986359946875,0.32993040057866013,0.4521240975677493,0.49024944799794595,0.34793432823754444,0.4111654496995285,0.46538763997376575,0.39534110081666957,0.4014794837105009,0.42741565794485664,0.32569203038953615,0.48685264997727484,0.31499626732095576,0.32801907260281693,0.3652675911949235,0.4226299156559551,0.42435997219529614,0.3492276781866326,0.3784542908209977,0.5002396278159392,0.3165007651084889,0.35352480438270145,0.5126051404465163,0.40995839854251287,0.33668021334763154,0.5913028606680281,0.37909447325323714,0.3886017404557576,0.3427570495872163,0.5102607175797154,0.33332616059451015,0.40963258246799,0.41817833432988777,0.35807267373713053,0.42326585309440895,0.35874400359004743,0.3038488304714483,0.3237865815758235,0.37286334860249465,0.4677290318609308,0.31373174807340043,0.5079199378352663,0.38566223825515394,0.3804731191957891,0.3854670895264058,0.28036250850657063,0.33365542989836894,0.28690848762498666,0.403197710960791,0.3656346449863822,0.408538511560333,0.28605144479579164,0.29247155122026036,0.34363923569386834,0.45239403213701357,0.37354122560648945,0.39701082814785077,0.43544757416166296,0.5251450555326421,0.48562029471633905,0.34475486273495237,0.4291195044992474,0.30501666813220896,0.43347005080949147,0.482957072266964,0.3751340361654465,0.3865685990339624,0.5123843343101966,0.307431016050254,0.45672812957629827,0.3057694837785836,0.4129328845694042,0.5430069235404493,0.31855795430589834,0.5070519111992461,0.3224834334842557,0.4659113321018463,0.48074519088875833,0.35584669190828194,0.2926368826528206,0.439993358187894,0.3391997423782984,0.3783396853016884,0.4161120369725593,0.44220550492555644,0.43482287949728815,0.39810479193473874,0.3518242468128226,0.3610228123616093,0.3394186159210986,0.4083459487609046,0.34542575308404183,0.32899659086142596,0.47303731553542916,0.3220852170586611,0.4257511856457703,0.45660696283451363,0.35792378137564723,0.3452304662000446,0.4124186405019151,0.3514940153060006,0.35739554261281675,0.3885746141734376,0.42168179321259214,0.41469269772048795,0.4199370719643083,0.45871817128549697,0.33319874466181576,0.3997283681281932,0.3783123110915916,0.3551622416349167,0.2851921408499076,0.5919322551762112
0.38711908316292115,0.45875743854496087,0.4561913413306749,0.35789372246855344,0.3078513124617623,0.5380646002051768,0.4637238299496186,0.417998880038257,0.33723365797943444,0.36335726800409074,0.42392670469380644,0.0,0.3628147175548452,0.26581019551811796,0.44491128919426254,0.3940366492434567,0.49535406054574316,0.33469403057828334,0.4304573519429405,0.3654472225887593,0.4959844645638131,0.48132836534984574,0.3386390426485866,0.38542425932653385,0.40332618335171677,0.3178365573163957,0.26663981909403367,0.3537730245753033,0.3401275280339749,0.3649543516402642,0.39554287971274443,0.418689978137271,0.3882247091531465,0.42023961578981667,0.3220028016942055,0.37986880090071057,0.3611080614731402,0.33150641835878447,0.5222693052306139,0.3756554295497076,0.432427119995214,0.4916319827680652,0.4305458250369138,0.4146179974533693,0.3669593616134382,0.3978494267427284,0.3852130568657738,0.33816423458060657,0.36618331918713787,0.41786281499358574,0.5110525166177065,0.4629822605540538,0.34258472949744806,0.4189438433904719,0.41806450735349054,0.36065488500261206,0.4427244119873281,0.5201461953674569,0.3196116841374026,0.37635804881982493,0.326966102620312,0.3233514066888874,0.4829133700560107,0.2977768918167266,0.3607109451508363,0.3644722708349974,0.29728537111641223,0.34175581616457645,0.302799045616307,0.3511977633103691,0.4260284671675936,0.26951014602196816,0.3092131095051833,0.45798746564603837,0.42110228515136205,0.2962295449752803,0.4179659268958702,0.3276205449215387,0.3489991040623252,0.2683468640902279,0.3986334468119522,0.4062376066325961,0.3892745367905002,0.2962447377849626,0.3560682486903672,0.3982098959061841,0.3028348655425663,0.30051210046445825,0.33645280967222163,0.3391714157541319,0.42263348160645314,0.38015140991292634,0.4321676390084276,0.3612177125626855,0.34163069962994985,0.40435739694419565,0.2935838887015584,0.39485215434785825,0.28384525807865296,0.355818686632529,0.26610875625379393,0.40457470389603184,0.3049143023573971,0.36036542961830753,0.3390195829139659,0.42759725660672515,0.4216868970087371,0.3842814475991784,0.3787972433878625,0.48206444888913036,0.5511309455944381,0.343229190770306,0.33638331434215607,0.30068710871979826,0.34301909399197555,0.48229354374023886,0.3535722716110516,0.40687348429475445,0.475966161096534,0.29412118441301666,0.35542032967728754,0.30864065999695495,0.34429915814099143,0.43401150256265847,0.2634457386079499,0.43373207098789307,0.3584047094494191,0.45135829552976764,0.4201808318332724,0.2930388727682455,0.3361418669865837,0.428366805473837,0.25333379063783334,0.3731566585526083,0.3492768533585239,0.34274091714552773,0.3886339308210129,0.33146212115277646,0.3019827529955654,0.3769061988490142,0.26636326299263685,0.35723315121595195,0.39775441093595243,0.34564391940356876,0.3603122588713789,0.38199735744008495,0.5897833069318629,0.4031649513361536,0.3964017363229702,0.3436952738916526,0.3549850778369396,0.3524101087005117,0.35899339081824816,0.38292659331116796,0.502685932330213,0.33770185081170684,0.35500950522008073,0.42761056996246066,0.2535696347255773,0.3591490381228884,0.29587293990317043,0.29436944542727217,0.2836116834052774,0.44356617361282746
