0,1,2,3,4,5,6,7,8,9,10,11,12,13,14,15,16,17,18,19,20,21,22,23,24,25,26,27,28,29,30,31,32,33,34,35,36,37,38,39,40,41,42,43,44,45,46,47,48,49,50,51,52,53,54,55,56,57,58,59,60,61,62,63,64,65,66,67,68,69,70,71,72,73,74,75,76,77,78,79,80,81,82,83,84,85,86,87,88,89,90,91,92,93,94,95,96,97,98,99,100,101,102,103,104,105,106,107,108,109,110,111,112,113,114,115,116,117,118,119,120,121,122,123,124,125,126,127,128,129,130,131,132,133,134,135,136,137,138,139,140,141,142,143,144,145,146,147,148,149,150,151,152,153,154,155,156,157,158,159,160,161,162,163
0.0,0.6137332123707995,0.5775641272195832,0.49719546295349515,0.5029897806316957,0.5438009475681318,0.5000097431034626,0.5586775298259561,0.5738844827772343,0.5691756374806014,0.5484218496262221,0.498759330354807,0.6241757057225966,0.5584847121673558,0.5638633324914119,0.5861564317018595,0.5871662435400643,0.7051083104654604,0.5615356234889872,0.6863988589009343,0.588387657386053,0.5895679912656262,0.4928674588886621,0.5550225499483109,0.6176175681336887,0.4849161589087475,0.4701762257002351,0.5355539680918626,0.5702570366885761,0.5318177188744982,0.581619387951131,0.6118602028415278,0.5377641778477342,0.4579871118402537,0.639319506915454,0.53404471046817,0.6004056765547238,0.5917152643852228,0.4692922136562072,0.5860541520609508,0.5499168627284737,0.5106467541210009,0.6435142915228338,0.5860070153692448,0.589838821984596,0.5785679133303011,0.5545594462936594,0.5889158249928858,0.5980951247334526,0.6412966513730154,0.6283994266171921,0.6035362745772065,0.4891624125524094,0.5637182262014263,0.5785350983269556,0.535554667975643,0.6873095364386356,0.5195455930847958,0.5922823043958545,0.5898118927455926,0.5500406541488901,0.48595892733952745,0.625546302938327,0.49790326844889027,0.5824999636931412,0.571330120074759,0.5020499748989509,0.5824335701184017,0.5666450825901238,0.5881177782428275,0.656489843263411,0.6318257296354363,0.5254964266562417,0.5896224506682914,0.5640761536024003,0.5536919050752936,0.4861820459035757,0.4943341297908494,0.5302994975313333,0.4865143021764968,0.5237173107307337,0.5732790431676646,0.5782750469510132,0.5411068392294927,0.5706032167462235,0.5934020597407358,0.5334318203806853,0.577202073519496,0.5592833629126891,0.47375881083911603,0.5708141046989955,0.5262917235334852,0.6521098249850389,0.6022613514468882,0.5790505226856868,0.5375204300534072,0.5107218698938887,0.5152477081489124,0.4752326606360963,0.5471683791154482,0.5258590881357809,0.5197893133745392,0.4852049579657354,0.531513943647329,0.6648730160216119,0.5647108115798773,0.5357614750516779,0.5109781123823899,0.5863690494160099,0.5633625381199803,0.509102696252446,0.5275173486437827,0.5514482306453838,0.4608296084070367,0.5948062005266711,0.5713232779755806,0.5833427930868381,0.6024084335157801,0.5167125292393553,0.4710849153517691,0.568819846540265,0.4881970229528898,0.5525394307271128,0.610700926784501,0.5619834842342784,0.5781841925270724,0.46932741862149335,0.5039495243559734,0.5478687270784408,0.6150589319283467,0.5282913618415485,0.5446137582312265,0.5073337032575467,0.48464093538699266,0.5467514692689005,0.5366462794245539,0.5665641315937505,0.5864793349460105,0.5510780820199053,0.5492035048650384,0.5415163528316571,0.5410343371394197,0.5771777083260597,0.5081003924843646,0.5302408153041686,0.46873835164404853,0.537948472710818,0.48122062043536895,0.6438128590146383,0.39262614634614856,0.5994876757409967,0.5412406258878404,0.5342694385352725,0.5148484476340485,0.5226228755194006,0.58674390777951,0.5599522276927759,0.5284111826485034,0.566471679188597,0.5492564969342288,0.49028594680471616,0.6341044867349451,0.45911995856062304,0.5572335750714391
0.6137332123707995,0.0,0.601027776544493,0.5727668258405653,0.4916901384687132,0.6332873442722654,0.5033607717499201,0.6281054430780685,0.6077766996157312,0.5956412669203938,0.5508663600516843,0.5497178300854667,0.5893372570075563,0.5733761392705162,0.5579244955767415,0.5801977064818133,0.5794935251474921,0.5641820258427048,0.5764120071271427,0.570757435602889,0.6190798051730978,0.6123080015942359,0.4736318095567196,0.5642088226745019,0.5848196477908442,0.4846651634844027,0.4886312010176502,0.5188508107595178,0.6749096146894956,0.5304786688134036,0.6014368385157423,0.5690342070165386,0.6580498120055803,0.4531788342918713,0.5723704146702012,0.5695751279489655,0.5685635523586133,0.6192791905840045,0.5275620124729371,0.6045616726446568,0.6539556391098891,0.5312539973294094,0.5195819738461338,0.5873389883037543,0.5756994931374085,0.5556767149317505,0.5042821369106497,0.5451242737372209,0.5361433982495492,0.5761301598994443,0.6174116633934714,0.6159749398167113,0.5078581509052932,0.6690053811607916,0.6025385533667011,0.6192591395161547,0.6505182235550192,0.5623412317715859,0.5246760529501197,0.626967223433524,0.6384884925339108,0.5119153431221165,0.5755311761718862,0.47977382003882096,0.5291571265928495,0.5317827201408399,0.5365350810972946,0.5348265948263605,0.4765227500180735,0.5870917480465095,0.6330025705189111,0.5896957073568062,0.5090506535450623,0.5924966392375691,0.6115708749705359,0.5143451826305351,0.5040422830369965,0.5407507651824144,0.5228801940590647,0.5452509697013643,0.5661596275377789,0.6128342209702219,0.6726417294617125,0.5721164974602512,0.5933114922535384,0.6635875114479328,0.5428882922190149,0.507629611950934,0.560935891177942,0.5715262606627503,0.553610195705694,0.5766076855209542,0.6409803229325626,0.5907197216216739,0.6403426280354,0.5917917594237047,0.5797406734540751,0.537632289621824,0.494311365718639,0.5656621431096667,0.5747153446565918,0.5174343319858271,0.4715142365939921,0.5337405518330229,0.6372946429738976,0.5500546589380413,0.55727251173236,0.5129639541048411,0.5857364222685771,0.5834346586486245,0.5233472618765072,0.529352239988197,0.5625080074343193,0.5118384583252436,0.5760770511752673,0.6394926231869548,0.5635353524876131,0.5052157902888144,0.5173641351421762,0.5261687690605181,0.5724496518357617,0.5521171100454761,0.5316227274453883,0.6937035009350266,0.5740955518156645,0.6606863367223813,0.5017545979465493,0.5624883734349252,0.5838504135776308,0.5795677468622789,0.5813780858552927,0.610438568947406,0.5594754256501633,0.5721260176645085,0.5523102239403372,0.49879385292142114,0.5201490463939725,0.5619478927177184,0.5130035793862087,0.5862016409445893,0.5541549329297953,0.5713859651290843,0.666634760268085,0.5580794193503585,0.5632847826875091,0.42360678220551895,0.6106521388706134,0.5403524608649426,0.589171298610172,0.4306002312180652,0.5876668799607914,0.5823559124390841,0.5427541510786819,0.5247664145701201,0.5703891014722814,0.6098630413671414,0.5717767418804052,0.6045002826735971,0.6062206562962819,0.5501079831584068,0.4964060150230851,0.6577102555594704,0.5232509913937216,0.5722298078581907
0.5775641272195832,0.601027776544493,0.0,0.5806828707861182,0.4982633076457516,0.5841683642288604,0.5004097784697183,0.6306879362397038,0.5370918440660538,0.6477787823882557,0.560168423131668,0.5114608135244807,0.6393779269383585,0.551289432294942,0.4836440580180794,0.639367186835078,0.664252792199403,0.5806150846981164,0.5148561035982792,0.5331459987350599,0.6694193914082868,0.6137644115631857,0.5001319737275272,0.5248676148558811,0.600528945202331,0.5347663608007148,0.5160277047985506,0.5489087507451996,0.5451066195657868,0.5116071773250289,0.4907396048021124,0.5907883540617264,0.5325231870698668,0.46033465802515455,0.5047436882233762,0.5380394407548786,0.5654234013088172,0.5733649704498561,0.45154216589075913,0.6377976589984681,0.5333083480520845,0.6200196163014977,0.5321940541248561,0.5176580890093865,0.5843122106786522,0.541684560282657,0.5159648057621827,0.5233349022833607,0.5442572450153146,0.5617462905427252,0.6201295606564557,0.6182363752843941,0.448222043386584,0.5989430173530189,0.5502919102747653,0.5956716805577685,0.5912586137750001,0.5848374414326628,0.568558034317673,0.5590715124079007,0.6072744772741705,0.4884133828279968,0.5861713373082637,0.4883173450123026,0.4912967015419174,0.5273226586376928,0.56278418061613,0.5639449313608627,0.5709425620306211,0.6194993662687335,0.5975186585846857,0.51521569891502,0.5923198714333378,0.7147763985544329,0.6068217694398892,0.4535619522125883,0.5590031171909864,0.5391938134526337,0.4912183455380948,0.4789273454316474,0.5314106946800493,0.5808923476790103,0.5659461791584899,0.5342701406578602,0.6343514609183781,0.5962212868482533,0.5583210619238739,0.5228361341177804,0.5321796177471764,0.5072788216735326,0.6108711883911713,0.519776956163963,0.5525725325952386,0.4976610061674601,0.6572993491411686,0.5192473024761101,0.4988541965137172,0.5528289656706341,0.46331522325201147,0.5832818162936164,0.4686624730197032,0.5743381732352327,0.5098793168257023,0.5144384766469416,0.5952486596846703,0.5930014247098341,0.5986594413981691,0.5661198681381296,0.5600645261662168,0.5756065865851071,0.5288535387407048,0.5437408524929963,0.6108777456902471,0.5254037730364108,0.5165117929062678,0.6444057514345652,0.5188240785851205,0.5067010325153559,0.6128319321741965,0.5218359084510671,0.518969776477125,0.5463856034718256,0.5365354710751473,0.5763877494489639,0.48132031047568785,0.5340017535565785,0.5488842336347617,0.5227961183987454,0.5813424366454398,0.5392225870674311,0.5741396308051415,0.6886762920649729,0.5049946052158247,0.4904455677971766,0.5097875570023296,0.43158117711315014,0.45705918985879757,0.5049540679639964,0.5431027899880726,0.5166545324021149,0.47843054635981996,0.554264908568025,0.6234609428639731,0.5697362137077093,0.5318181973221613,0.46598273570704185,0.5311775325815176,0.49544709705587453,0.6032780829459009,0.4203194676981524,0.5207490018387027,0.47977196396946187,0.5452537054651411,0.6020349641801969,0.5664600915815936,0.5680915511437821,0.527639980914172,0.6118584066084318,0.5012156135862544,0.5634183227165468,0.4935270608958223,0.5312780493607051,0.5152262727153734,0.5384578763602565
0.49719546295349515,0.5727668258405653,0.5806828707861182,0.0,0.5068785880468403,0.5342863326966465,0.5763903036230753,0.5742794195797956,0.5046499631502649,0.574422924935926,0.5793907317361964,0.6072320853474985,0.5134394602314939,0.49338106962923584,0.4875186743683548,0.5368207515942455,0.5320692449916243,0.47450636021633835,0.520251323788082,0.45907576020976987,0.6040813088995706,0.555688739247154,0.5282837172588906,0.5377192767270887,0.587691838577971,0.5405478177238322,0.5245837828693197,0.5020354693592256,0.5528321225492137,0.48268932817809657,0.5104878230448621,0.508918456195414,0.5884669137724781,0.4886108912842609,0.4964012737953989,0.5488349232414405,0.5512078735546978,0.5150510733170258,0.49807094011698627,0.5981754603437589,0.5325267315082898,0.5787536467179908,0.4687159414762437,0.5568861172053843,0.5492199048000097,0.4648999693333664,0.4380229379516192,0.5225158466761541,0.5459984953014194,0.48135295890905666,0.5787035755149617,0.5383388337176066,0.394797557561417,0.6609253773351257,0.6059076492050228,0.5559439003835839,0.5117926497814888,0.6037149178852321,0.4918094697979295,0.5021229961111189,0.5501057126640924,0.4322823753986249,0.47763620518511213,0.4556692838152575,0.43116360208460763,0.43854581823204847,0.5713713817340293,0.48605885674268773,0.45498624457345244,0.5620902730869758,0.5164290743533823,0.4715041257459628,0.5337930096528888,0.6007262569553509,0.4931693049335007,0.4118031243899234,0.565108283117531,0.5846928782047006,0.4467527884458941,0.4570184436214949,0.4540377350819247,0.5740634236763392,0.5288949017886326,0.46116208815687754,0.5803896699791853,0.5317600478437132,0.5536388649222221,0.47447709036958063,0.4723335666697648,0.5385900311794155,0.5893438313089802,0.5721891077600624,0.522404922671703,0.44532221882706974,0.6017660862467298,0.5669874142341997,0.4479524726909199,0.5609689257233127,0.46198748786682536,0.5331859530670364,0.48243420511851093,0.5458281878669168,0.5520154517418738,0.5399031742206712,0.513966685759525,0.48675359666182727,0.5014297350100099,0.5236057447020914,0.4900806466564281,0.5611784985722182,0.6254321171192856,0.5426064966547132,0.5500606635300869,0.5199606790774761,0.4553486037510015,0.556638008244912,0.4584805730344919,0.4820834809697925,0.5830978518299169,0.5254233353179735,0.49256897250961,0.5651514192747613,0.49338188632383706,0.5635371296920242,0.46703268007381704,0.5500210301985454,0.4953473214851366,0.5411120048678714,0.5589903167974546,0.47137121787926695,0.49536739957713205,0.530571202360265,0.4926965334035332,0.5294955179087715,0.5040787948011245,0.3876853990010362,0.4165992362696157,0.505368991721,0.5105610655933767,0.5150761199064884,0.46909666461857735,0.5100174359687636,0.6088768686715157,0.5646055522237022,0.547427547151211,0.4614297883356131,0.5316688435845865,0.4473980528309725,0.524669227472516,0.402886150469875,0.5482776809937853,0.45000524801828107,0.5189482369760643,0.5272923313406468,0.6080372166587894,0.5448216245416533,0.5056576494877177,0.6187874854690361,0.5624811330174959,0.5439856616331309,0.4236650393986158,0.5095106441831557,0.5113992209370963,0.5520175588742295
0.5029897806316957,0.4916901384687132,0.4982633076457516,0.5068785880468403,0.0,0.42104258052171384,0.5638631963325165,0.46337708837437513,0.5600316037513045,0.4711595347804056,0.5714098873622833,0.5355509037764277,0.44271627522241996,0.4872906329377213,0.5153121112838809,0.49053312301239455,0.4663912513046662,0.4792105453241668,0.4605506477358809,0.4708756737052192,0.5281352001784279,0.587274074873585,0.5160993825078429,0.5135563969243762,0.519233883368099,0.49699621226829527,0.5060035506592739,0.4254869814918482,0.5083439459961809,0.5109793152217784,0.5314800496162762,0.45799733330769055,0.4735449466636929,0.42833949055131165,0.5629355991088627,0.5565590837845644,0.5228567926039936,0.531233023011915,0.5279747911335143,0.5161265837979541,0.48654377829498663,0.541191933351581,0.49382945012030804,0.570490746178123,0.4900601580862742,0.4192632693326279,0.437203510519645,0.5444928760020871,0.5681501579186113,0.5164726768582718,0.5233339579670586,0.45320583249520696,0.37354966276759644,0.5199229857546309,0.5736010668594618,0.47546931995157904,0.4888668964971448,0.5363182497205055,0.4855352027915401,0.46668712853014727,0.426429976445477,0.40877955343069705,0.43070166280073724,0.5313731213162118,0.44530483541737637,0.39573437425565405,0.48886110722907133,0.4777829631983778,0.4791129930988189,0.5011266954433151,0.51424751926841,0.510852858371435,0.4932010260760905,0.4964074567632587,0.42806230138063334,0.3852809064676001,0.4881240134693119,0.5635880368262651,0.41001715884627365,0.4006967840159232,0.39372968611179077,0.5695399641085891,0.495514864696162,0.40433021906149363,0.5192961875974065,0.48705474112179414,0.4881067819165334,0.4948282861149462,0.4077158812197049,0.4833487839338096,0.6471847873539713,0.5436573725982083,0.5538558727775146,0.4074968765035754,0.5683366097943197,0.5263069264294833,0.40914825384737424,0.46955868192133193,0.5280003762706023,0.4298295064135489,0.497211385478104,0.48221311589971777,0.5173438565196177,0.4880537567050239,0.49709001264993696,0.4363640826341894,0.4224318663191374,0.45609139661178516,0.4486004554250336,0.4900832549975408,0.5314883213684378,0.6138470498181144,0.4496400319488835,0.4837159085627224,0.4158903318855082,0.46149718725932476,0.4038587284337023,0.5831482165845556,0.45706619065449006,0.47986948509787586,0.6345687874854302,0.4760199116068143,0.46075216870325447,0.4894432618821767,0.5269971298870966,0.47049345321636105,0.44092629556104895,0.5124515451832331,0.46389476929276363,0.49253953616887314,0.4566414154975561,0.4654400820618204,0.448107186028578,0.5323872160491715,0.5208301937837816,0.4188939749439641,0.4179909731979679,0.5638920925023247,0.5183223576882403,0.5275385551286165,0.41577427761358854,0.5143968917034895,0.5345624118402262,0.5897567782755366,0.5579292322283124,0.4842117291885798,0.5837410214149736,0.3891710827050522,0.5027330621620084,0.38991382262787644,0.5411792909179106,0.4183139431775397,0.5585476264759652,0.5073056851498896,0.49616725687189595,0.5136032164144555,0.44940431700633904,0.46838753923615956,0.5212205654746056,0.472106515390208,0.3742528983675328,0.4930956921941044,0.4744028387374815,0.6077140693249388
0.5438009475681318,0.6332873442722654,0.5841683642288604,0.5342863326966465,0.42104258052171384,0.0,0.4450999367334957,0.6201297718129672,0.5163494614369231,0.5903647467477343,0.4961454252240646,0.4940157606822802,0.5983318383631058,0.5097096274739712,0.45421094687298696,0.5643604252253436,0.566148141645604,0.5031845343617144,0.5282891438928979,0.49835538981315497,0.5593865581513311,0.5084629051746379,0.4293242072129844,0.4707273279493993,0.5527210089503373,0.4569815175878549,0.44294097922198555,0.5171151641981799,0.5596386867616719,0.4915984887070843,0.4982857669908029,0.5742657149583156,0.5547430464227653,0.43750339330623633,0.47555650347395684,0.486893744985954,0.5275799174330197,0.5312016150269793,0.4406739697979042,0.5150216470566724,0.5242280570183134,0.5159489407647432,0.47150194044776583,0.5031927900464714,0.5168824975784576,0.5191729437991263,0.47787726213371773,0.4895570673239154,0.4695257209272417,0.4889777297444453,0.5489029387442464,0.6047648093168261,0.47494651799170257,0.5639030237847855,0.5140185954790194,0.6241861778988872,0.555315838839679,0.5406418395302227,0.4721999045269206,0.5334795361491134,0.6799571104965159,0.5051695180444958,0.5840276914814154,0.42247791365650794,0.46520915173039873,0.5277070112681107,0.4986347032388359,0.5097243926588811,0.4524063076605097,0.5703596348420824,0.549322639091584,0.48682744404863165,0.501520344900423,0.5596187742150696,0.6335289957684186,0.5014377773370382,0.4831522407134948,0.48658183947209493,0.4928314901765412,0.5810717646054799,0.6222599803911057,0.5189055600533737,0.5849581414202474,0.5934063741725548,0.5547716215104118,0.57131182368429,0.550841614359576,0.4645104949202569,0.571573786674106,0.5105159635518645,0.49562829553788396,0.5062447896950061,0.5174961286379789,0.5452634468381045,0.5501383031230245,0.5318847241299718,0.5392778382531838,0.5288111554885426,0.438884005340751,0.5605492291538176,0.4810353464419653,0.5036236824270455,0.44710553691148236,0.49454567426129037,0.5663281988142237,0.5355198178443501,0.5598658080467015,0.5082195544041963,0.5167964254746289,0.5361216578331123,0.48394899728020113,0.46347037835079563,0.6047813542302465,0.49196391511967685,0.5373411508404067,0.6073442630014074,0.5743617391444558,0.4402590622604845,0.5380468218429633,0.5116247228996323,0.4594832372843209,0.5441026685372744,0.5116160710081361,0.6010988231300401,0.4853418582968086,0.5822769968817836,0.49771633386982617,0.49368124324437085,0.5588387370083252,0.48483593857843965,0.5854944285128186,0.6317541036566613,0.533803389850372,0.492765977823347,0.46975542569143197,0.43367075269865824,0.4725467879742737,0.45357206114229404,0.4445411408870015,0.49523392885378686,0.5238085039122949,0.5296523570256257,0.5618228401415273,0.4929119844720456,0.49435266529714317,0.40161258716847403,0.5002962110931197,0.5382879925153529,0.5417247052144987,0.4230756260439709,0.5057689065996671,0.5407504475911147,0.45979017780085363,0.4688043260898714,0.5398669096387052,0.5341431884002961,0.5190555094527205,0.6172276547156549,0.500544187730895,0.5492893601469393,0.5050538056748081,0.5803406239387712,0.491444211330146,0.4875734154396803
0.5000097431034626,0.5033607717499201,0.5004097784697183,0.5763903036230753,0.5638631963325165,0.4450999367334957,0.0,0.46570073029275294,0.4786179686824383,0.5334723618806266,0.5269436691872883,0.5173968819720817,0.48328712917418465,0.5113076270731574,0.5160293845156579,0.4840787055323463,0.469095156386191,0.47560029453379954,0.4541677182508217,0.4457870844773019,0.5262508579222573,0.5298024744594673,0.5419208018479111,0.5204577407375194,0.5481113748528292,0.5310949465237133,0.4954389289936065,0.4369011710695698,0.5166115243282109,0.4554495875574525,0.5158356555981755,0.514595360781004,0.5085077440670814,0.4691727570250733,0.5214683074022984,0.5428527935210056,0.5684767075737595,0.4715721505633228,0.4830585735484559,0.5868176390989371,0.4680009728967485,0.5220318989450413,0.49302923472516097,0.5740022987874398,0.5277995081549203,0.44859372930520997,0.46068971588872426,0.5436839257841953,0.640102701694884,0.49724919280119945,0.5954351839797589,0.46706601092936173,0.38055124745369573,0.5661662323723999,0.643343928195654,0.5042370128612205,0.4824426172318675,0.4899789640940963,0.5630705748818524,0.487016487420467,0.462709202093377,0.4319908240292056,0.4335161270954013,0.48722262441651,0.4517602695829953,0.42467167163034125,0.5830528692338638,0.5302697835530265,0.4675094398845248,0.4849286720512515,0.5265623277379078,0.5057803438490357,0.5226117669398264,0.5640644535029782,0.4185189626829668,0.42029187697732345,0.5820443679775207,0.6013776043783229,0.40701148383971536,0.42358809408081793,0.4086535938440744,0.5581692342752174,0.4920447906892551,0.4024332982543804,0.5260902901493696,0.457096562779468,0.4977675761128346,0.5582652882672247,0.44351954692799467,0.4828252330300559,0.5900674723123311,0.6054074972861434,0.5433284656827304,0.4298129728863471,0.5870606304089213,0.5409936248878484,0.41199115087172233,0.49298660947616857,0.49458477651928295,0.5079073415347154,0.5048130665565206,0.5325042873088145,0.5930641836720417,0.4879069309469626,0.4932723910815888,0.4530507596553114,0.45697017765471354,0.4487265271892537,0.4916211682443397,0.5297417141792568,0.6193619614428105,0.5517323877853281,0.5182883316625488,0.4574502761144692,0.4260643800468281,0.46056478343931934,0.423900822986022,0.5679481255490988,0.5055322785764115,0.47289033919437945,0.5183149799604266,0.48035034230838364,0.46194534397448084,0.5330862969536635,0.47893159505558525,0.5008233561320327,0.4842539740133276,0.5287342793548319,0.4838944108621188,0.497152759792727,0.4331617796055336,0.4522414435018931,0.44998072846437087,0.4697709731512902,0.48902480812350585,0.40708877399018384,0.4042364158954375,0.5538113474593143,0.4969316778650651,0.49471574014816794,0.44275310982089255,0.5122527087369735,0.5890110443090019,0.5463257971711989,0.5425432144784814,0.5290343148776928,0.49589393327026093,0.41379993853465086,0.4923239928535231,0.3608219379116844,0.5260080656083167,0.4240756523370307,0.48346420602088447,0.571103177971989,0.500959146269906,0.5268648329520483,0.47202916439777726,0.5091081064191159,0.5719825582601156,0.5626243164877721,0.4053476545335773,0.4846062897979829,0.46923711651973804,0.5165681561349187
0.5586775298259561,0.6281054430780685,0.6306879362397038,0.5742794195797956,0.46337708837437513,0.6201297718129672,0.46570073029275294,0.0,0.5607978531565582,0.6109742017171925,0.5465799373639941,0.5658449181696507,0.6008215866674994,0.513195838929665,0.4909660797682668,0.6579792524397653,0.6178299310235917,0.5445901565633273,0.5731638607946805,0.547029737556671,0.6350741152654743,0.5418302570860676,0.49511514702382753,0.5203873946156062,0.6162499813406324,0.5195320423054566,0.5179092989496858,0.5594762285830808,0.5741203259177007,0.5546515791664226,0.5516239680011888,0.5709592350368192,0.5712831345508119,0.48102128244199444,0.503342383386783,0.5438686422488215,0.5710486242005133,0.642195352990179,0.49813792819447217,0.574372528778052,0.5918950114034517,0.5358989608173623,0.5361294671202326,0.5271342436418208,0.6056013672366575,0.5702995918016007,0.48576847916952376,0.5194296516947852,0.5208022511773606,0.5359492381521113,0.5849461452529424,0.6078325859268975,0.4528935129613465,0.5863619639381226,0.5687039968313635,0.5986512553132559,0.6220509900648845,0.6412687287625829,0.48857805605997157,0.5851952885541496,0.659304572633419,0.4991339740474151,0.5895218737533685,0.4642870310100367,0.473458315287527,0.5297036131963924,0.5276691136517987,0.5122366699917178,0.4954873389907846,0.6938284967056157,0.5749601351880124,0.5306239689874115,0.5074868588225722,0.6068898890421054,0.6517466160652565,0.48229996853659496,0.5269868207161661,0.5374098506855233,0.5790356550829787,0.5342248150782295,0.5598290405533627,0.5594629993205003,0.6158273017699222,0.6256259113835194,0.642563041044582,0.6967708720194322,0.6085525276660609,0.4917745038531623,0.5954947083267299,0.5586272738329578,0.5558995455254829,0.5247415817340519,0.5656135641928878,0.5294002889090123,0.5854492641305922,0.555250849863121,0.5381453815532888,0.5692467300215067,0.46035900940851293,0.564277643830116,0.5118751381133234,0.6015464881888313,0.49249349927358793,0.5564027455679059,0.6163688162008901,0.615141424262371,0.61558539984906,0.5750728760727759,0.5570442265055654,0.5526126409129791,0.5112538310318686,0.5370299539083622,0.5501826052859798,0.5681192804554329,0.5672734493077315,0.6668715492021722,0.5601441548534777,0.49318336080109815,0.5294696260160178,0.5357063288240762,0.5185118676604538,0.6556044120374839,0.5289554764847996,0.6313901011503965,0.4916475384796761,0.6306660195309022,0.4991306591588073,0.5713263480857558,0.6114762899984324,0.5379638386509282,0.6159037872188962,0.6812242261440079,0.5878050989253701,0.5223331836131435,0.5191173804578998,0.4340428925943469,0.5100481680304685,0.506899999973126,0.5353480096423312,0.6016418670297574,0.5078954964005629,0.5469068521577384,0.5864827718828571,0.5402097224468206,0.5579333904115662,0.4302536832695991,0.5543223341911617,0.5440159306674184,0.6238366794269928,0.4499830831165636,0.5747011767787504,0.5270788498052256,0.524279158349263,0.5184240561786918,0.6381379609025237,0.6048119473262028,0.5387104732521166,0.6677527953124747,0.5076767813784839,0.5534027571202961,0.491446906072157,0.5846950587728564,0.5587694987843065,0.5377296785772173
0.5738844827772343,0.6077766996157312,0.5370918440660538,0.5046499631502649,0.5600316037513045,0.5163494614369231,0.4786179686824383,0.5607978531565582,0.0,0.5187482823737716,0.5737744357312442,0.5335726342336605,0.49787093180555114,0.5331354980898084,0.5355032151545993,0.5396854291526655,0.5051853875418937,0.5312566258411334,0.5203268131569122,0.5350554899011913,0.5533492898014788,0.6391299800261891,0.4567624767858992,0.49997833817995124,0.5503030779652022,0.45544528830483855,0.4944681080312843,0.46041128811386683,0.5876792017876376,0.5902718343075688,0.6153130170492245,0.5018797884301469,0.5261943234805675,0.4110945809950979,0.5778516233027117,0.5444657643134396,0.54884000258811,0.6568393547988668,0.5570046278895603,0.5035037032129615,0.5463930639235774,0.5509122534407892,0.504621071572016,0.5653419026183136,0.5021585842087697,0.4636167191639052,0.4512279810403317,0.5406047903185903,0.5157255828246651,0.5438704399796913,0.5397039948490819,0.4951508057425927,0.44432249710884314,0.5496077320935111,0.5645980607100406,0.5571857690790948,0.5666509409657027,0.5798541075061149,0.4788699223380675,0.5191070207341403,0.517364298410336,0.4646179993178579,0.5002293053999286,0.4936583663215727,0.49634903895711574,0.4514230850832944,0.49359796821663127,0.5100805127904995,0.4808773574346192,0.6087620459090074,0.589072676050285,0.5652439740207248,0.4931492746553105,0.5109468541265078,0.5376627117196785,0.44754711761599886,0.4745538833356107,0.5274957101111727,0.46339731019656377,0.4820140126614578,0.4819840167946438,0.6187639703872485,0.6281261730279757,0.49737660126359806,0.5525240387083515,0.5897054148377351,0.5599077082304301,0.4952453587113908,0.4721981750378681,0.5564261273511921,0.5791623890471356,0.5497340381777851,0.6052291006248068,0.4830925830684548,0.619233282881387,0.5851263855927967,0.5104600581644698,0.48155260005526335,0.5257647265652642,0.4562718571212608,0.5687505774514064,0.5023707040204903,0.46056008208911786,0.5066007950075045,0.5829412059852205,0.4713887950296393,0.46621594585878284,0.47987047761521373,0.4797262833887881,0.5097172428166168,0.48624963744393973,0.5576353245690434,0.49351587378304174,0.5521660937636255,0.4782709713272562,0.52412594994826,0.47109098590154863,0.5358267017786434,0.4521328454054997,0.5290723410646367,0.6271476317145716,0.5489295891866733,0.48485409035558913,0.5670407368826752,0.6609219487643055,0.546513984178702,0.45661846491918473,0.5275259869456677,0.4901285175237013,0.5403859748794766,0.5816688457715569,0.5696890078103825,0.5544442511010199,0.6344000271605509,0.55504718543781,0.486208495527387,0.47967575000438895,0.5308585219416868,0.48958228751932403,0.6146120139444865,0.488087185632572,0.5724131637559093,0.5808563776165442,0.6089251593110369,0.5752435914835416,0.41700792239829754,0.6863024861449718,0.4632339178017892,0.5505461556558923,0.4293725748987706,0.5909337312461587,0.5240109179010779,0.5617543328608688,0.47632276009901725,0.5275797736067113,0.5984398427664973,0.5089885888022254,0.5164697698111738,0.5504514300022669,0.49728616393383146,0.42578091596635503,0.6287158960380221,0.5386465854466665,0.6346840947300004
0.5691756374806014,0.5956412669203938,0.6477787823882557,0.574422924935926,0.4711595347804056,0.5903647467477343,0.5334723618806266,0.6109742017171925,0.5187482823737716,0.0,0.5279439675461065,0.503138337547597,0.661660315084874,0.5644727098877789,0.48357382215420275,0.6253970896275939,0.6113202913429181,0.5824556218167719,0.5020832309522328,0.5018520920334968,0.5878306321685527,0.5336573845048997,0.5255600870847862,0.49773382622442663,0.653539335125779,0.5291687355578778,0.5334104788537926,0.545255399888226,0.6017018597748736,0.5317815186817167,0.5068433967104686,0.6393637004394925,0.5449797169850313,0.469460339563502,0.49559216157659636,0.5149131255293413,0.606284137237586,0.5626224557241533,0.4410511569863744,0.6360886144479316,0.5199189369528663,0.5706840341543475,0.5340712247734503,0.5202722573191758,0.5729836904799429,0.5630438312890673,0.5350142775365563,0.5156293731354614,0.577666757943805,0.5186027344269294,0.6161847369051269,0.5708133102013222,0.4487567947542577,0.552576203415931,0.5686829227957232,0.649334587360555,0.565262074402668,0.5565932333193221,0.573506293791026,0.5552010634674958,0.5896861597892523,0.5080461719857293,0.5507110440889877,0.4673726229210702,0.4775008159800963,0.5281978015623402,0.5694979435508992,0.6002051940937068,0.54994628395016,0.6296033445907968,0.5766347206970964,0.541574395560835,0.5455427347600225,0.6616522293665852,0.5685052450177097,0.5151730117183568,0.5631174356225817,0.5837008408062052,0.5001825997835404,0.5474109120402973,0.5672382308274939,0.5355490432172472,0.6135263169970424,0.5510183830216621,0.6181543203868581,0.5660173891961143,0.5671456097148397,0.5557841231616333,0.6152943626046655,0.511554932503062,0.5811749022214797,0.5410323972347054,0.5651616436604469,0.5086143262301553,0.6308774923291627,0.5614232172301683,0.4695807324171244,0.5595120561843431,0.46432992326128386,0.6205316343901632,0.500728585701246,0.5795577673821966,0.5291501109273526,0.5490154205938071,0.5795655232475174,0.5907762426687877,0.5858437129766912,0.5664518393999669,0.5961108888394168,0.5611251526791441,0.519358436846056,0.5202993835151388,0.6225546921215648,0.5425394594302463,0.5325622654983069,0.6099351388810974,0.5653601550882347,0.5199725278704287,0.5736226551981853,0.5439663254289069,0.4938068459039376,0.5854313159816649,0.514971593908344,0.6398305151585707,0.483806767525814,0.5954821366637867,0.5295829694922385,0.5217456903756154,0.5769432873003687,0.5573048768076762,0.5924459558147291,0.599442324096557,0.5396634184426367,0.46698896691900843,0.4706178706402229,0.43304584674022295,0.47521250095414785,0.5086701446372247,0.5201058766354947,0.5376775308734248,0.5237080826762757,0.5627361232959104,0.6107569728350175,0.5292010830031937,0.5446332509256214,0.46578029266139775,0.4923761527145027,0.5596131176917494,0.6167878436753231,0.41057507825938466,0.5159749455190381,0.530594146800935,0.47829175269972435,0.5939137687547517,0.5848590131710077,0.5784027489502234,0.5326719763720423,0.680306895096059,0.5366667610609422,0.6610777529479814,0.555945993473526,0.5777977830055357,0.5547893585996997,0.5076128171103295
0.5484218496262221,0.5508663600516843,0.560168423131668,0.5793907317361964,0.5714098873622833,0.4961454252240646,0.5269436691872883,0.5465799373639941,0.5737744357312442,0.5279439675461065,0.0,0.6137947391558146,0.524779534020195,0.5061975338472242,0.4780492092429434,0.6012742648692079,0.5500121228918685,0.49689798370415517,0.5208741050878911,0.5235747408817298,0.5888337391966915,0.6140198082170819,0.5555681226741774,0.5711005465894397,0.6218135568837226,0.5336721424973293,0.5740902709539015,0.5343247401581146,0.5723401815996326,0.5547199045799814,0.52700551807638,0.5032870699378792,0.48993275123968577,0.4867003182283903,0.5592573410452699,0.5288621214378157,0.6166157977956357,0.5777222517307096,0.5272928508388789,0.5698466702744568,0.49111665811391175,0.6237045674591971,0.48219647135260624,0.5693120276681437,0.543533368471658,0.4421696013459616,0.4182174798694548,0.6109855162542452,0.5965687330720252,0.48953179666080865,0.527862190600826,0.4941041549223732,0.3777417873130021,0.5607861736108459,0.6010049865177314,0.5332659580491003,0.5342296942034047,0.6282030478255903,0.4770232948940061,0.48756394537185216,0.5190210730758377,0.40672471770006413,0.4597863360193696,0.49464996678878687,0.42550881853795663,0.4224367335559173,0.5513156157254144,0.4803162655510257,0.48190874653563426,0.6044366964439075,0.5151489923663567,0.4995297248198302,0.5535070785097589,0.5555712686434854,0.4982473078148605,0.4070949398750297,0.5486805781448831,0.5781875346225448,0.44113627564241825,0.464993891021561,0.43025404815375085,0.5442761300155318,0.5348549736986954,0.4689138025353798,0.5738079856783016,0.55358667794043,0.612307010347978,0.4652803929578327,0.4492531037670019,0.5502411658344736,0.6093803235092924,0.5077372387235546,0.5350225794155404,0.44539940927772215,0.5813934862641307,0.5526879413821238,0.4259373315000885,0.5140652424630499,0.4818238789150931,0.47038478901332714,0.5205319204699023,0.5267398139345602,0.4915431244266421,0.4942652974125412,0.5086364713571049,0.474194407393907,0.45891349884413335,0.5597969086651481,0.45378276643757137,0.5957275804013792,0.5895901346442165,0.5798407908944102,0.5212648869810568,0.5615938601699817,0.4436604920019975,0.5592470413331978,0.4447612103077287,0.5618161279722244,0.5240952286732207,0.5223374159621756,0.572726505925626,0.5057638855982153,0.5445900556980554,0.535031804568818,0.5353197060457774,0.5233541881647849,0.44868147460164015,0.5405433863449023,0.5283004437068366,0.47525995933395426,0.5207586539478392,0.5327504157079217,0.5643140543986466,0.5772840606345556,0.5718397601920541,0.4017351890518188,0.4523227558706882,0.5226641879950603,0.5681454982339461,0.5317856497737343,0.4352637065074952,0.5494956327369853,0.5479674491516922,0.5546327830651752,0.6076006004818547,0.4608691176336719,0.5562015767284209,0.41385094758314694,0.5581005137686358,0.4289719823541611,0.6091534730914854,0.43481697304796557,0.6022031624684643,0.48770728361083443,0.5627735815565006,0.5811358618893485,0.5915295431004112,0.5556900541943901,0.5573153623332904,0.5313367561859363,0.3913674131592035,0.5475650420343413,0.4907422289895887,0.7376567424005304
0.498759330354807,0.5497178300854667,0.5114608135244807,0.6072320853474985,0.5355509037764277,0.4940157606822802,0.5173968819720817,0.5658449181696507,0.5335726342336605,0.503138337547597,0.6137947391558146,0.0,0.47302145130274265,0.4574785993777276,0.4817753883147282,0.5566449265429585,0.5222796648000871,0.45645857332964135,0.5823614676644103,0.503188285632629,0.6226573065190797,0.5236738792985992,0.5610041015462103,0.5843280333856904,0.6068088686977763,0.5403048068453264,0.5126253922934494,0.5022855307117758,0.5427530000345568,0.5323608438671057,0.5705909912330038,0.4841378665880594,0.5180894248062362,0.5437323672133405,0.5308217723767236,0.5655554154341933,0.5544189163916797,0.5647489276689989,0.6027762030942246,0.5412392659386118,0.5492356698431716,0.5497296092779065,0.48394332287266395,0.5967272171840624,0.556254139613914,0.4559851631148852,0.42153637090836144,0.5621446074247091,0.5592368645623618,0.4852638887277082,0.5333414248734013,0.5178055398786304,0.3780132020289152,0.5896624951339037,0.6115050174811891,0.5311791561397758,0.5407658813316968,0.6637424035372832,0.44647662549533446,0.5003507653860395,0.5014934637490871,0.4135048576758594,0.4568121575035974,0.480214874204135,0.42347601431862364,0.4240693937834883,0.5173369784747187,0.4437156789945474,0.4268196183558197,0.5507704001898079,0.49866798444737015,0.4899006431410517,0.49444337539179595,0.5263605090074431,0.4794606302469302,0.4074014407271312,0.520074871553448,0.5836512345527856,0.47854788366935064,0.4723383573265215,0.43430317423823644,0.556084132968916,0.5259019202412545,0.4630737446091031,0.6125439973998311,0.5731677741938438,0.5738712543768731,0.4468996054430639,0.4575027391316005,0.5812796158273011,0.5672307395164311,0.5548391820159985,0.5312705259900532,0.45091810976163116,0.5491431632967528,0.5627977525498118,0.4445143890782535,0.5772208220318344,0.48610808573916303,0.47516435182785705,0.5216068214125142,0.5358111918678238,0.5274809403580888,0.5499245858657574,0.5106446986522851,0.48746421065727374,0.48223809904121884,0.5496920590601644,0.46314926403980267,0.5802509973233081,0.6388431271244087,0.6093622651632571,0.4831182638726307,0.5453029299221913,0.45409062741265005,0.5424617277595543,0.458594609562712,0.5177090739888094,0.5118581118098618,0.5094168338000251,0.5562617698950889,0.5441590290103365,0.5395885559802216,0.5561665453982755,0.5059008383171717,0.5560491301268486,0.44915345104298826,0.5762368392427157,0.5689028181686954,0.4609473292971998,0.49818761790161536,0.5199788042398086,0.5258117823593667,0.6000016663697483,0.5690668156296412,0.39370584326788094,0.46191965656293243,0.5232971386607561,0.5407637947348987,0.5891693492186818,0.43138839092410086,0.5197515486834183,0.5547686792401156,0.5535506738294583,0.6213199840082513,0.4551580414403752,0.583343932332288,0.42452352884956435,0.5582102105291185,0.4442953016640071,0.6531334758858014,0.4434853699880035,0.5651447105248177,0.47552751868224485,0.665012507840104,0.5604042862631441,0.510386896541745,0.5823783985989935,0.5237107616943693,0.5072330047384624,0.3889353535021815,0.5473582370927803,0.5316897679339228,0.6332087949656023
