0,1,2,3,4,5,6,7,8,9,10,11,12,13,14,15,16,17,18,19,20,21,22,23,24,25,26,27,28,29,30,31,32,33,34,35,36,37,38,39,40,41,42,43,44,45,46,47,48,49,50,51,52,53,54,55,56,57,58,59,60,61,62,63,64,65,66,67,68,69,70,71,72,73,74,75,76,77,78,79,80,81,82,83,84,85,86,87,88,89,90,91,92,93,94,95,96,97,98,99,100,101,102,103,104,105,106,107,108,109,110,111,112,113,114,115,116,117,118,119,120,121,122,123,124,125,126,127,128,129,130,131,132,133,134,135,136,137,138,139,140,141,142,143,144,145,146,147,148,149,150,151,152,153,154,155,156,157,158,159,160,161,162,163
0.0,0.9585459104274525,0.9368175178968263,0.7692900794952967,0.6332874387022852,0.9806681475019048,0.8114631434263604,0.9393844343896305,0.9358998290310542,0.9663567292189105,0.7868979514464102,0.6909831446089275,0.9890767876138362,0.9645080252393843,0.8938065367937919,0.9742739420952595,0.934087403886427,0.9322825997684773,0.8669469578585369,0.987075651042417,0.8651736756455426,0.903102463562349,0.6475830007065336,0.8580776505258284,0.9541652935155474,0.7381357668948688,0.6006981875336789,0.9482444585397161,0.9477630586029991,0.778826897568089,0.9656948282500825,0.9837758090797009,0.8827533672247472,0.7552961038292395,0.9702360208507206,0.7626362385852387,0.8734996266837382,0.9604740934290621,0.7017545511863461,0.8998167921486678,0.8151146913582565,0.7717370144887756,0.8965728768995528,0.9205313062695217,0.9413647610992566,0.8646497369323843,0.8297904522168629,0.8381648748916968,0.9487470785997308,0.8372713555467,0.8826491540953192,0.9358778049904611,0.8350081860931499,0.8377457581097515,0.9178278584302585,0.9261284694267302,0.9256143509483236,0.7790720505562128,0.9450247899589669,0.8354523877913408,0.9515267708011859,0.8093282035282614,0.9195881251082906,0.8024917849267122,0.8830676786499522,0.9277825362894673,0.8001764521140922,0.9624770613054834,0.8724010535810396,0.9824199034752787,0.9836055312338846,0.9396211422722694,0.831157584583877,0.9231164303913943,0.9416128002572799,0.9213160456123479,0.7984587586034997,0.7230419531278509,0.885662448172866,0.9149486191724846,0.9599379090792501,0.8500394268491994,0.9639928695346162,0.9772111681979362,0.8980250121981664,0.9691085532818325,0.8250823599442095,0.8596430636717906,0.9015601004175064,0.7572441659576385,0.7890907029278527,0.8542580463827926,0.8504686074543089,0.9492175074075223,0.9195199052789652,0.8926389098762512,0.8735524029681931,0.9128811598703334,0.8273786758156324,0.9419926615075822,0.8878164592408124,0.9171620173591938,0.7710170284826057,0.8845695724348751,0.906303831785606,0.91867395750737,0.8384186091393463,0.905839596498826,0.8388834954723952,0.8504610193131821,0.7270461341392084,0.7026310472450381,0.9234075252528181,0.7032733859874765,0.9038480203938715,0.9433874832585835,0.9400290776090292,0.9693392455810357,0.8913721891705659,0.8139605579346361,0.9123294471561268,0.8204849193747469,0.8666604225409753,0.9703629090127712,0.8999687434226619,0.962858875481745,0.7831435040338932,0.8067244273596265,0.9513694943185764,0.896291392472867,0.9263341456048054,0.9348604681513212,0.8635982622520891,0.7538711543810139,0.8296003685412368,0.9443831917816676,0.9625910222564609,0.9113548668224197,0.8687447155054652,0.8312439524194397,0.9377972629869453,0.9392538747759311,0.8517660321162857,0.6900104518154031,0.7871702899873653,0.8084323052503078,0.8554323125165398,0.8500804224429928,0.9899976435266965,0.6725582058847516,0.9158090183309812,0.885484959841498,0.7095073342961242,0.7635482292471056,0.9288330882122822,0.9325051955382098,0.9164624521224962,0.9504459317599807,0.9175096047461316,0.9812228433159842,0.879664855382232,0.9761994838070353,0.9561010062856814,0.8193942428275354
0.9585459104274525,0.0,0.9845618008743077,0.8678374390660559,0.6853837683779854,0.9668186901567188,0.8903297141055885,0.982943295421203,0.9331569013469241,0.9355816647210936,0.7875748995541575,0.7753348048910977,0.9510982932962073,0.9219373545838754,0.9374250331715267,0.9504099428443615,0.960454838120632,0.905843477312525,0.927920453151776,0.9762195378678754,0.9406929120674615,0.9579380879600674,0.6958347285542886,0.9253419681409866,0.9120579289171897,0.7430355567751759,0.6207510005423111,0.9625523695022609,0.9008412557463568,0.7634367469812153,0.9625203051480474,0.951352544893247,0.9396769409951962,0.8088830664163109,0.9388440968266776,0.851769981116851,0.818201383254628,0.9207125634982178,0.7987943868631434,0.9613853279798406,0.8773163870959468,0.7975835086587225,0.8675235636747035,0.9021090404664648,0.9837104672212265,0.8781598552515506,0.8152179614633244,0.797506891566734,0.9378573326183621,0.8759221247013258,0.930353942038597,0.9681073502151996,0.848690788819185,0.927223136983405,0.9506693061040085,0.8981290695175707,0.9534469727082503,0.8342691224594717,0.9551667954250905,0.8858872116865932,0.9668961863880131,0.7973210021840424,0.9126265786470362,0.8167410749482049,0.8968980528076336,0.9207762616343769,0.8153053294813348,0.897281147695037,0.8234117685726383,0.934804379443978,0.9728887409327996,0.8825091119147406,0.826251608115034,0.9825323641814361,0.9499380179149856,0.8584719173968015,0.8649623873041578,0.7318201707906864,0.8753107084765274,0.8318379611209032,0.912392523528365,0.9347767374709582,0.9421993377109609,0.9131436249932918,0.9342626420763804,0.9921643721798271,0.7784710972746198,0.8297855845935578,0.8723177021596286,0.7852678290429826,0.8228308529819183,0.9315665567254826,0.8644968900595079,0.9459873965860528,0.959018176097805,0.8441452574363387,0.9167680879886035,0.9390413046221587,0.7937673029941421,0.9741421965677239,0.8285973891628389,0.9691504510873958,0.8255894142887247,0.8698158915395688,0.9043257591049126,0.9281526960089351,0.8848168232411466,0.8913447111270879,0.8558061772907489,0.8600877318699588,0.7853205300901506,0.7584593550613773,0.8891886146276862,0.6915689230080918,0.8849963061789563,0.9834929255021317,0.9068571269715188,0.9248870506862408,0.9053222234959991,0.7673675598594345,0.9460769139555794,0.8095737645126877,0.8426172376330918,0.9688727699076606,0.8367797627379406,0.9360995283382993,0.857673110245173,0.8952036985064998,0.9764620686147479,0.8667132158502913,0.8925492375269861,0.9622880558097878,0.8014455123657247,0.7920013691829055,0.8594794450838306,0.9004130049272099,0.9045412421146827,0.9239130301267144,0.9020204573695313,0.8595490231800894,0.8852292206303543,0.8862575733671069,0.9391959928780886,0.7626540495229855,0.7594386072405781,0.7979874310290143,0.9398711384119595,0.8379764664981804,0.9458446950839117,0.6813160691936865,0.9190848566816258,0.8478361728229384,0.7956974484679559,0.8407440291432788,0.9761934004663312,0.9131251531174404,0.909410444213491,0.9559218382355706,0.8858214350043137,0.9226736600976947,0.8377153756325432,0.89589563982695,0.9513862420792276,0.8309175019389216
0.9368175178968263,0.9845618008743077,0.0,0.893314239941513,0.7387500350325125,0.941983260253995,0.8839471458599933,0.9785667013657352,0.9419644122216193,0.912566999367365,0.8018152196475403,0.7927695536316346,0.9260381410271808,0.9172219722041276,0.9105948972467744,0.9572082106019292,0.9833805908643581,0.8980230990244843,0.9334125986924496,0.959971425404747,0.9501201494358621,0.9751863386777112,0.7318535595533041,0.9080070856244433,0.8874148129055204,0.7319065536968682,0.6582963349912198,0.9830323447866262,0.8831616788573395,0.7882596787615503,0.9184933141778351,0.9312613855461166,0.9228245111893758,0.8035086951730691,0.92629017362371,0.8855199005996862,0.7873131984402697,0.9307366903170361,0.8031579921382426,0.9593073138654239,0.8747815842532474,0.8254467803985392,0.8439538033309134,0.8684870387712278,0.960421068606577,0.8547635285473019,0.7946862818278928,0.7716085296531336,0.9280939922689903,0.884791920328072,0.9244888598349502,0.9566494473930975,0.8397421340075648,0.9296453415425147,0.9454268464381582,0.8673604964901112,0.9481730176537589,0.8922538586261466,0.9429399205399143,0.8888966305396448,0.9440351884058275,0.7844542711096493,0.9009117782694379,0.8700266950813808,0.8774670673225113,0.8894741024252566,0.7961318413208038,0.8535503185316495,0.8400617533948692,0.9289834740095592,0.938065556234895,0.8564289354904419,0.8384208470905967,0.9866736554232386,0.9598295549734485,0.8163386292862854,0.8756819258209838,0.7324257162116966,0.8462265356761465,0.7884765482496096,0.8753461293926448,0.9409468533969453,0.9100641076247704,0.8863614099785097,0.9508767017703943,0.9830418011213357,0.7597476660637461,0.8168009092040946,0.8455535495582015,0.7649988281994486,0.8813295991319885,0.9174252714997887,0.8697012603497871,0.9159379605913495,0.9745561227921032,0.8046446391989774,0.8996360295138758,0.9200586612111782,0.8257049656962875,0.9491231821400334,0.7898830948579549,0.9534800425232649,0.8322777881724979,0.8433428312603031,0.9022217998649168,0.9079717029227374,0.877491190403563,0.9002825884647871,0.8353978304240319,0.8349049857813019,0.7875323405423468,0.8048271529744913,0.8637670182290376,0.7385287473843344,0.8627225315579061,0.9946486886252095,0.8800240228650302,0.9196558791185837,0.9059034134168186,0.7924283524180762,0.9651641107304676,0.8081090513687598,0.8265576066463366,0.9283407161161075,0.812510395265541,0.891291728024309,0.8876417116204576,0.8844556639559047,0.9689154843366415,0.8382624529484208,0.9008507679176703,0.9732895181161192,0.779902117043547,0.8078359746772075,0.8444132199920519,0.861736990689553,0.8623495653402166,0.901125476515855,0.9107266944207005,0.8495296167198365,0.8463285115070963,0.886674192295969,0.9509146585028762,0.8125128684371755,0.7395798760417193,0.7948955133517197,0.9467434163681725,0.8096192308238824,0.9244507978599588,0.7403461222960609,0.895600311529206,0.8245955992088893,0.846508616126313,0.8432500660294854,0.958615166321942,0.8738976087719379,0.8887462198175431,0.9229020452894968,0.8582710072602253,0.9055977846625081,0.8049179265776303,0.8638230988107544,0.9222933573365226,0.8410420446117536
0.7692900794952967,0.8678374390660559,0.893314239941513,0.0,0.7754143564572865,0.8026983371419373,0.8907142756747852,0.8367986879393414,0.7876466234030132,0.7339369362037084,0.81960783357733,0.8804632705135627,0.7759986236660276,0.7747571818446963,0.7867595124813508,0.8140821001274645,0.8625100215027602,0.7202862639330861,0.8577987486435797,0.8211038965987938,0.9316727006416653,0.9300382786619871,0.7399875223655762,0.9227869292373909,0.7598246651988333,0.7624156223000322,0.6541490360719125,0.8724680969534733,0.7549980679973585,0.6355670609844636,0.7649752742549861,0.7541102642064373,0.822322235782767,0.8645630494061486,0.810807425424156,0.9038122218687533,0.7011765791658394,0.7652997677933715,0.9390675883919986,0.9070532889148717,0.7938368496766034,0.8207613867694725,0.6775174978570826,0.8033283336162494,0.8675092168259121,0.7096324864570502,0.6319403357452911,0.7292056821174177,0.8214087820472336,0.7725049601903825,0.8181731785508688,0.8338509320362745,0.7057344813677974,0.954682852065759,0.9088265464980225,0.7415545004050926,0.8208427719657869,0.8585440672099394,0.8021195023572596,0.7815015359054696,0.8599423328420353,0.6394231623636453,0.7447284498262646,0.8539221932790565,0.7417055934897235,0.7419026346790764,0.8156006827982283,0.6896578536566281,0.6705340823750636,0.7596428725583471,0.7862580682343083,0.6916458756095811,0.8305932252115464,0.90981183671044,0.806400018671845,0.6466030839126589,0.9539017721959313,0.7173905746005731,0.6943601303463875,0.6673375521358372,0.7065039683517158,0.9026492107354797,0.732130458637886,0.7191041933831941,0.8853411568009474,0.8398485411206018,0.7063484390886765,0.6541585413422678,0.6708054830708065,0.7721156414730964,0.8034959577737357,0.8301466078404124,0.7351140848167393,0.77358473873967,0.9134152602533279,0.6937618266734902,0.8043749442230593,0.8356208016211726,0.7664343414153663,0.8179107505870522,0.7065048763868496,0.8677057036614012,0.8102623002227114,0.6735621170144124,0.7477464555287756,0.7450828689305639,0.7769346112644834,0.8031802146385236,0.7003055603666929,0.8134622612522198,0.8883033215068417,0.9026000653482937,0.7810592531650692,0.71758382449745,0.7046640629006395,0.8718158600774959,0.7048708377452912,0.7555964453798499,0.88103553410955,0.704511978318651,0.9059298066836329,0.656064850184417,0.7821347947262922,0.7768155972110079,0.7242611393108064,0.7403989078584251,0.8452599384669583,0.881163801873413,0.8816768185142283,0.6819955537347324,0.7117910658802177,0.8591808887470189,0.7057913307062889,0.874075742276394,0.8662047269278111,0.7005901235101826,0.6856053654873946,0.7908906061014017,0.8699714181996393,0.7135925965036403,0.6851659085365028,0.7727128392672181,0.8986390275505483,0.891147308505893,0.7237467161260689,0.7285530220007147,0.900946925187507,0.6555917404329283,0.7469516019613033,0.7589048601559449,0.843297028200479,0.6582166687194175,0.9220450660851003,0.7662185707991778,0.8723243983298914,0.7818071961265902,0.8272347251315402,0.8049473134359832,0.7795983545446082,0.7565462350284062,0.6440587981038921,0.7092124195259892,0.7435782649389503,0.848794248985179
0.6332874387022852,0.6853837683779854,0.7387500350325125,0.7754143564572865,0.0,0.624182992732198,0.768493249528702,0.7004588916609572,0.7403398416908573,0.6353755170105404,0.6976371170450668,0.7848505728458458,0.6233844332476187,0.6560857327229381,0.649814900784459,0.6972722194600248,0.7241207661585582,0.63777173743923,0.6883598761219698,0.6509927464288562,0.7120211300150586,0.7655935144806113,0.8890493715263748,0.6835105089459506,0.6303956480173069,0.6163216623738474,0.8453387628998992,0.7267057215001832,0.6314494696002048,0.7401729923317234,0.6269812687963437,0.6223859670252083,0.6584354611364928,0.6708685145076189,0.6625505079135596,0.7845555374383247,0.5780125167514901,0.6863150164422694,0.7256756877698746,0.7153664389182023,0.6592370683966873,0.7693028735112771,0.5861426613906388,0.6034067530480848,0.67500314449835,0.5970011723463643,0.5822507947148337,0.571957585127396,0.6971163004742804,0.6708547123232421,0.6587625530077983,0.6481347194752137,0.6030336785184542,0.6985131916828095,0.6918282692741855,0.6189794181672544,0.6589212167157456,0.8888802715195752,0.6469403734497211,0.6697378653716729,0.6299743683605956,0.569241913909044,0.611989625989104,0.8400499968733706,0.6025986952609136,0.5795627941600078,0.617850116067278,0.5709761657078264,0.6635962510777595,0.6665096598139977,0.6151663262045196,0.5887702947563362,0.6660043789540552,0.7075102824555666,0.6788524784728615,0.5384664190811571,0.7268915467387167,0.7116966877806491,0.57509373722013,0.5242993133405652,0.5618507747609414,0.7209068685468214,0.6334161731710496,0.5851920947876611,0.6966738725705305,0.6913004451296229,0.5781073551412215,0.5964536821614674,0.581496101395287,0.6371149967143851,0.8777914657386698,0.7023348284512979,0.6633396253106808,0.5971540141329891,0.7189854485718414,0.5853263797353881,0.6136615533896032,0.6612397291021487,0.7502186584197178,0.6365787008239363,0.5584064804294854,0.6606543660756251,0.699474152340001,0.6102859210647493,0.6371040218062333,0.6262315444717997,0.6223508664888588,0.7091869655459216,0.60039422355999,0.6169791048055704,0.6741619049675931,0.8356567058966464,0.5934116261768105,0.8105499371658893,0.5876445447011134,0.7357483760367453,0.5841239617108246,0.6882045943316388,0.6564288825751116,0.7174384614816786,0.7685862958540325,0.6249994645182337,0.604345927757614,0.6110980811651988,0.5810071548491964,0.5891177963248464,0.7223416335688416,0.7468996097174815,0.6671963901566839,0.5843898147850554,0.6983562274891155,0.688930290821025,0.5751093974367713,0.7125299105962617,0.6365066560353021,0.5631179939141917,0.5781671899063757,0.6591743088080513,0.7437193737000583,0.6515926801036208,0.5592238203976883,0.6564847557907448,0.7341515195254521,0.8196104861781831,0.5861166910675684,0.6980110476616145,0.7700557748416166,0.5645600579223878,0.636988744194436,0.8136831925242647,0.6350814284439977,0.5689435144248497,0.8486769231580337,0.7347640612199854,0.6877593679470474,0.603852332964158,0.6380180649402911,0.640133869964553,0.6105721297148066,0.6132321617141069,0.5443787900700381,0.579639297857098,0.6332934783481343,0.7084855979399892
0.9806681475019048,0.9668186901567188,0.941983260253995,0.8026983371419373,0.624182992732198,0.0,0.8155326183305774,0.9350997609023427,0.9279128678954185,0.9249826474823355,0.8102780166112293,0.7362048137678041,0.9718610440319534,0.9244058164411946,0.8703262696917123,0.9558929519552899,0.9269467899513427,0.8802228323621056,0.8903537618734941,0.9892672444312294,0.90668575516957,0.9237078310746253,0.624564354012843,0.8976825166671543,0.9523753105834334,0.7498579078175608,0.5703256182768236,0.9436135121123558,0.9080711329245462,0.7314323146334938,0.9549748689273374,0.9629435144321667,0.8669439769573979,0.8047635708422517,0.9623610207790888,0.7686365799920918,0.8724550030692432,0.9101193460837461,0.7503670544330245,0.8924710600990875,0.8006428479249061,0.8077727831406315,0.8501826756745532,0.9428881933069618,0.9470173381272085,0.8344147985606919,0.7835536832162815,0.8583191125872192,0.9254239029011855,0.8200411535413625,0.8790412055717606,0.9421841215506827,0.810658270362997,0.8796678587927139,0.9224529868817997,0.9395344522420034,0.922246612532924,0.7880811680450541,0.9215598084202862,0.8173154594735422,0.9809657090596069,0.7722678387362722,0.8979310226606657,0.7862766799927122,0.8705157333628784,0.9166756055592161,0.8381586695323012,0.9296504823854566,0.8028594867984612,0.9488821459786925,0.9773407011908851,0.8804883885188416,0.8699157245669009,0.9359228567749254,0.9276824628608669,0.878276798838137,0.8407891939164421,0.7039642518825414,0.8491381704787337,0.9091371552266534,0.93838015535531,0.8845528254782672,0.9315880094685862,0.9400477113443787,0.9225203059639183,0.9600188930781363,0.8502329288910074,0.8047321603005534,0.8557066452834811,0.7971341621376973,0.759654004615334,0.8718678650806995,0.8103178634628635,0.9447218104457711,0.9342092351934751,0.882034504692958,0.8925524751678902,0.9485509116659748,0.8172188087724825,0.9357725437350951,0.875827963363573,0.9384017171471118,0.764964879227592,0.8344043570483799,0.8788064271041346,0.888387741119988,0.8384712175102611,0.9054294572613825,0.8012956162629672,0.8957188426820774,0.7866541124515853,0.7253095584572793,0.9509785560256476,0.6933755803176493,0.8625933229283427,0.9362554201411695,0.909395291874194,0.9209149868286276,0.9312536634205193,0.7865124205518325,0.9022563730060528,0.763676499671889,0.903693357347731,0.9569274894287567,0.9105083989036572,0.932355275001417,0.798552853442264,0.8223943805528491,0.9624904000331598,0.8391531397848214,0.890145667239932,0.9551825124521105,0.86280812465442,0.8038686430747569,0.8833035088415911,0.9125474326610271,0.922390895945378,0.8673246269753232,0.8478525901973681,0.7977057244041373,0.8928334720618096,0.9372703060764528,0.8721532375916304,0.7200836669239404,0.8059400179027982,0.8053806356009969,0.8862652091011617,0.8082179959771121,0.9606398058428105,0.6829637338413891,0.951776561075963,0.8391382247465521,0.7346022681829362,0.742727535991215,0.9507480895164234,0.9487983817714926,0.936977198507365,0.9581880820874281,0.9036447841904347,0.9551877556408096,0.8308972943305234,0.9561243776394894,0.9306966217475979,0.8507646916416821
0.8114631434263604,0.8903297141055885,0.8839471458599933,0.8907142756747852,0.768493249528702,0.8155326183305774,0.0,0.8659026866565542,0.8459052255968249,0.8253722791286983,0.8052851013704009,0.8475021919835491,0.8299397047276538,0.8175464289832984,0.8333330639451281,0.8476435297571125,0.8272939644525763,0.7584079997458678,0.7905793904045126,0.8302221503054595,0.8447372411937429,0.9101387254067066,0.8210420238607045,0.9241526461027321,0.8361949804183026,0.813852125689217,0.7238531092294053,0.8529968750131961,0.8247715710906669,0.7056040127967113,0.8464666859514761,0.7814177842615759,0.8358398649058519,0.8489529741912349,0.8444587157238845,0.8053468574003039,0.7849447935175109,0.7927255845689318,0.8385808852878576,0.9278704644117913,0.7680543294873008,0.8122970700495691,0.7116667717285773,0.8245157327625582,0.9183926594997314,0.7353880261732695,0.6873272213796355,0.7618176069195834,0.9034647599555508,0.7360362093218891,0.7859435604670327,0.805548322818958,0.691674555677498,0.8537450083403261,0.8854851187379459,0.8315470051635523,0.7907569761689001,0.812602588036731,0.8045740775076188,0.7626896891949151,0.8395159849661882,0.6476206235962184,0.7313944003830524,0.801940145138013,0.7251827334945378,0.7396797128412487,0.8365803865426125,0.7784337623105279,0.7089600507060477,0.823033226096718,0.8167964363938409,0.7426756915046601,0.7754348494745097,0.8741008606830986,0.7831221259516807,0.7002634979964164,0.8939855207733073,0.8656276234724469,0.7219734736999318,0.7155415515357949,0.7309704692838331,0.8361804886656283,0.8331615656279157,0.7584396754812509,0.797876273562434,0.8766648521910768,0.7403132712067646,0.6898626504562775,0.7222173251429376,0.8473867155393698,0.786364793028522,0.8532692370476268,0.7343257902396335,0.7674100892681397,0.8480440526820368,0.8118510412840184,0.7479862839871384,0.8693207822484119,0.745150419301292,0.8370458234315001,0.7727097401973181,0.8427253112334899,0.7853314399062834,0.758759956848581,0.7334334356182526,0.7851195771504071,0.7332428589930998,0.8608487495274113,0.7332941594769035,0.8377548793346467,0.8070263255319726,0.7759658903675468,0.7908371461490548,0.7196826980472902,0.7251952239224392,0.8911256193430795,0.7286478687550734,0.8279415010306957,0.8241663707255227,0.7623742948585974,0.8895691774204645,0.6992513063613945,0.7793177910058461,0.8281844055115198,0.7483298586490159,0.8144469617819698,0.7475744451308413,0.9821009751158362,0.8603614432689161,0.7415839216310467,0.7883394531887523,0.8046922575839284,0.7531801620630351,0.7960048336778061,0.8256211401430169,0.7280009224507357,0.7720205794792274,0.8712339934067854,0.9314520307135657,0.7470435877497236,0.7366266764023404,0.7922197267383188,0.8447065984801683,0.7340558859921926,0.7687106010982185,0.8458785909944241,0.9025839386986998,0.6984340035484625,0.817120905449539,0.6675693343682525,0.8394411186795161,0.685456779490172,0.7835910800507988,0.8554075234138747,0.9096926195994389,0.8463310033457109,0.860235073040806,0.891817860935719,0.8337936978344991,0.7804740111202003,0.6891104402418841,0.7562966736873636,0.809958311530548,0.8345083709129416
0.9393844343896305,0.982943295421203,0.9785667013657352,0.8367986879393414,0.7004588916609572,0.9350997609023427,0.8659026866565542,0.0,0.9339463867060589,0.9391546198029759,0.7308904486745634,0.7582066028531114,0.9195451148351816,0.8946205609522482,0.955510159797031,0.9315276130753193,0.9669421773638907,0.9324576908311644,0.9407915251071417,0.9513787581496045,0.9221898173541695,0.9250614466219935,0.7207234773274549,0.8721205195022969,0.8724730460305271,0.6863713576754581,0.6349518677322471,0.9510202063630736,0.864438349970181,0.8216625764810124,0.9533303437314518,0.9535514072277608,0.952207826108227,0.7657574409609607,0.893821267149497,0.8689366453410753,0.7634971490835026,0.9224299990406841,0.7638251562952605,0.9407531174271,0.9099087226044517,0.7662960962412465,0.899125754080755,0.8369617193670911,0.9599155485198958,0.9162315450025191,0.8667530499369592,0.7314960906248897,0.9059373394580376,0.9156716114596337,0.9505019328108434,0.9700956003543222,0.8875650420977843,0.8979815830081016,0.9056929873389835,0.860619989662396,0.9647714654096141,0.8540622029032908,0.959390976619375,0.9272682622660541,0.918725451368924,0.8417610391634321,0.9329824664862814,0.8012458384240032,0.91935019014394,0.9267064293485959,0.746053063376353,0.8738156484817906,0.8561830977637588,0.9212051730366166,0.9534178215418515,0.8831736525056233,0.7687867295586971,0.9707833101320528,0.9657884704314585,0.8648019524873586,0.8117334245703843,0.703998422700685,0.903300089811877,0.7839183548849856,0.9063129254136159,0.9336651162154119,0.9449708195150869,0.8961831830003848,0.9219161215878665,0.9885299380321508,0.7200851641323328,0.8692324723567827,0.9054103509707835,0.7328569236817123,0.8581824983705141,0.9518019685887679,0.905379802770588,0.9411267338271231,0.9295438249086397,0.7995340396123513,0.9212700857025852,0.9090642741532864,0.7623461882926174,0.9765629392926637,0.7683382551472863,0.9624361248866191,0.8478791921737399,0.9102255300625492,0.9327073682605095,0.9604251795839689,0.9153836702230309,0.8611089378371608,0.8950177429369203,0.7955355305155054,0.7327683256136501,0.7385710457944532,0.8272878753481472,0.6773715746813697,0.9079079074660905,0.9853573866049132,0.9252236627885452,0.9224110125073299,0.8476800932515858,0.7430917495219832,0.9198288528827782,0.8600202691643433,0.7804498442530636,0.9589607309902043,0.7761162744568446,0.9192213535834072,0.8875252249281099,0.8788170530795544,0.9459440698941368,0.8816369208953845,0.9176591770912755,0.954954467118481,0.7426134146038205,0.7376929847024329,0.7928361919550205,0.8954881228745801,0.9017723056026972,0.9140036814255543,0.8750082995077492,0.9128704322436085,0.879121947186471,0.841510674534198,0.9515967072055019,0.7586371508263191,0.6959935477070307,0.7760279710035672,0.9341295390284843,0.8733423541352033,0.939138975831891,0.672680512281387,0.8598758161111058,0.8749996437644819,0.8001165248241798,0.8867633922750705,0.9554667925903144,0.855547362565245,0.8471702024977178,0.9220816089791092,0.8262480211593741,0.895790594657058,0.8569386276225778,0.8608295579725006,0.969731459226098,0.7735869223580878
0.9358998290310542,0.9331569013469241,0.9419644122216193,0.7876466234030132,0.7403398416908573,0.9279128678954185,0.8459052255968249,0.9339463867060589,0.0,0.9154792363624508,0.8041135010127972,0.7735447390080789,0.9139759862752171,0.8973943446215598,0.84364750488375,0.953187482406211,0.9177190812464656,0.8688594194137506,0.8581268154714903,0.9321733929436404,0.865764582541755,0.9313167406623083,0.7229961837012998,0.8464480394927023,0.9205394908069132,0.7123614831580836,0.6675676961041197,0.9335287677452635,0.8710546026363805,0.853780261891192,0.9191677450486287,0.914069131917298,0.8286683195341524,0.7712605374800958,0.9239589656146933,0.7779866895029238,0.8226343549825423,0.9150312011189093,0.7301294003520196,0.8649837124116759,0.7734591019530073,0.8646542375615943,0.8116264885180239,0.8499776108502014,0.9046102085458512,0.7947648966420253,0.7800138791025301,0.7827724568533647,0.920639154376559,0.8070488502018329,0.8364456052376691,0.878489482952399,0.7751857640254953,0.8220981553686902,0.8636232142589617,0.9186002199136841,0.8745757785945091,0.8851732715308454,0.870279072207189,0.8033600888900873,0.8847132235135322,0.7438122377535358,0.8421083700006907,0.8365348549784752,0.8119381905638278,0.8284340747499618,0.7772365941563474,0.8717272231114058,0.8367274304605917,0.9516139714285307,0.9033488665993856,0.831457865634067,0.8287881276211787,0.8967751134103139,0.9065568284199456,0.807133679903897,0.8099268908727512,0.7565908471102069,0.7912121998084343,0.8033561295846251,0.8479246292451754,0.8673917295246268,0.927546459232748,0.8674871519195827,0.8757111003516116,0.9446711712203955,0.7978507007269272,0.7914950658862991,0.8223228958094577,0.7878595445339209,0.856731130979214,0.8805341972610571,0.8083960476590275,0.8553278842513008,0.8973494899712201,0.8512861406277458,0.8145372969654396,0.913054543326494,0.8604965663844911,0.8738858268998203,0.7931748992692473,0.8754219971363062,0.7524246752956351,0.834990386163907,0.8464987324141698,0.8572340425565863,0.7852033751726315,0.9281443443176783,0.7710093307888332,0.8297287746245943,0.7460035333780434,0.7529658025997324,0.8578248662279414,0.783303237294661,0.8079702855563055,0.9454619414992529,0.8495543342488695,0.9407803402271583,0.8545330319586872,0.8521376639083527,0.9079836274420879,0.7772168781925329,0.8287490815305412,0.8889592162068889,0.8371745556007626,0.8609031166883137,0.7953073739325873,0.8487226973160098,0.8918775979890301,0.7988875358302518,0.9662335821030064,0.9190531893180585,0.8011227931542662,0.7908033606895853,0.8087977909194742,0.8285680595686209,0.8759352240995452,0.8411563996348036,0.8554267722263652,0.8072214777534173,0.8181678630333313,0.9143663073973912,0.865822700907122,0.7474188566693065,0.7556819010533661,0.8574352295265862,0.9201310763051804,0.7696134189878701,0.9395941632851631,0.7435570841275888,0.8737817937792149,0.795397279625808,0.7708104732001059,0.7954841144945375,0.9217986086700347,0.8760192745827041,0.8750320541337913,0.9182196989534115,0.8333733204434856,0.8874192008897853,0.7723743924380273,0.8844228417074737,0.913853831042652,0.8442079504166295
0.9663567292189105,0.9355816647210936,0.912566999367365,0.7339369362037084,0.6353755170105404,0.9249826474823355,0.8253722791286983,0.9391546198029759,0.9154792363624508,0.0,0.7277874116643799,0.6576206104745239,0.9667794867615862,0.9523189355773822,0.9173126900365274,0.9446907476437614,0.9020470528723205,0.9541799657591667,0.8204238064583848,0.9324869140230034,0.8046830399735521,0.8588131925232371,0.6883672443962839,0.813142357732991,0.918378315394872,0.7125033346166615,0.6459870566007496,0.9095949181241652,0.9458454108305303,0.827176488627649,0.9559624878461324,0.960541987175401,0.8994532534976184,0.703745587028201,0.9145998649683613,0.7412284339198899,0.8405447686458628,0.9507633656033705,0.6540271707985668,0.9002698934087107,0.8255757683932871,0.7218250170783792,0.9125840918615664,0.849969280716592,0.9261983583501258,0.8919389881741064,0.8817013295958658,0.7745667275461855,0.934106992609792,0.8302253524657468,0.864973923982327,0.899782104566468,0.8419374770314951,0.7839593232867053,0.8684381682845461,0.9000080983179413,0.892675327904451,0.7539482145898966,0.9329210935005181,0.8459317710564609,0.8885971148631973,0.8319585507469246,0.9017959308740089,0.7591886601879103,0.8661277069992419,0.9053633167218007,0.7492923070969791,0.9663217300586059,0.9071600333810121,0.9716361406001564,0.9522468925923304,0.9514877753008582,0.7466483808537653,0.88927423969372,0.9159439689050405,0.9338750549254314,0.7464205764156548,0.7541566716881896,0.9045740063921233,0.8699188821795314,0.9401027191343303,0.8040537416546211,0.9925032005012896,0.962827231074849,0.8263295549053351,0.9566891615399852,0.7610378315783441,0.8913583187111221,0.9376676214666765,0.7279170458877309,0.7933112676043893,0.8431574574943632,0.8666382686574071,0.9141911035970176,0.8604298964680316,0.8863460776960748,0.8306602256544403,0.8650335951985905,0.7562306854029519,0.9378716114437805,0.8510582329079668,0.8752800739304614,0.7519648879384854,0.9397757649940696,0.8926353693344423,0.9424097080742863,0.8254542990401567,0.877167306500379,0.8807701833493389,0.7891404787347326,0.6605696924080529,0.6458703118617383,0.8503593658168974,0.6829411569342451,0.918085843395556,0.9358274745181969,0.9359131554347891,0.9602236349662473,0.8112788561215404,0.8035856282156054,0.8703681539367611,0.8784100580684462,0.7862884223123995,0.9642452826772534,0.8245900051222914,0.9729871886399936,0.7567170004017905,0.8188578224760831,0.9023704564811803,0.9376229943315699,0.9471450687478811,0.8758953019523052,0.8156653448132094,0.6807655930744586,0.7508986337858521,0.9292136819927319,0.9762112210789322,0.9399562897861486,0.8733446655234682,0.8625964220109791,0.9501360652245897,0.874000230157555,0.8258208975877234,0.6398128588508246,0.7355453628094263,0.7955106194406131,0.8247294233620142,0.8948529622872291,0.9799882770723272,0.6248229376817922,0.8361978403385726,0.9041992336573478,0.6719893698334047,0.8296443980975586,0.899206801046933,0.8879867534447933,0.8635687691665461,0.9398032989892392,0.8874568187529012,0.9426422986476645,0.9146231800318319,0.9304667694631867,0.969744171544784,0.7531907744017032
0.7868979514464102,0.7875748995541575,0.8018152196475403,0.81960783357733,0.6976371170450668,0.8102780166112293,0.8052851013704009,0.7308904486745634,0.8041135010127972,0.7277874116643799,0.0,0.7948378395077756,0.8126694272329517,0.8098619606340077,0.6528028209625338,0.8490630821828741,0.7672252032479886,0.6598874370041615,0.6997059993639082,0.8092100399177271,0.7881696604752256,0.8782072783556281,0.6673363102918136,0.8728732763491005,0.8663496336918001,0.9080846782650597,0.6513794578482656,0.8296837174614005,0.8182559678141528,0.6075986996684449,0.7337234467774596,0.7242033268241589,0.6647071661907507,0.8728549895961314,0.8814119485253007,0.6744853788499435,0.8773962430348583,0.7603898690193958,0.7757838470371108,0.7899665277373726,0.6072598872617295,0.9253886724619191,0.6071009344650281,0.8856267891741642,0.8013440296695833,0.5926950239467293,0.5537444084751558,0.9175130357101602,0.8624241652416988,0.6147659348532368,0.6593416476574722,0.7164813614804864,0.5790547727292967,0.7774741872317619,0.8481807948129828,0.8426055219240224,0.6984430238881273,0.770945566994433,0.7025768079716501,0.6121811941264453,0.8365198537766221,0.5442323801770351,0.6511664920804666,0.8548145129732022,0.6214622186782258,0.6566503743564082,0.9417537556383839,0.7388727637102879,0.6476603448916296,0.8095082375826723,0.7487075746057916,0.6743706710056204,0.9675354466337882,0.7786657009055613,0.7165672986638326,0.6309788063592692,0.9181421126737859,0.8223050873773879,0.6043451824754623,0.783493236116959,0.6830941562683558,0.7304779904866503,0.7220530146543479,0.7391748915506293,0.7839669981109474,0.7763170154575169,0.9222382850349987,0.5827029699981181,0.6090472477147924,0.8888421078304706,0.7015046910055441,0.6786199975431566,0.6094016755314635,0.6946813168288775,0.828380585100896,0.8243870577233187,0.6596230786840863,0.8397028309408413,0.892312438655025,0.7067182205017902,0.8414435191377764,0.7396250191134993,0.6433377998436832,0.6098466028332276,0.6456590097097732,0.6461739048026054,0.6122525581186012,0.9140798721374649,0.5786876899717937,0.9220369372467828,0.886237206227089,0.8252318773877223,0.8943720650037296,0.8649485962547199,0.622850888169642,0.7882080543727052,0.648900209612677,0.7775787348296463,0.9203366867729449,0.8830488744624416,0.8466893584278469,0.5698427148485904,0.9330272740048945,0.7211697626704128,0.8919968426171204,0.7207229712875352,0.6439867909723399,0.7829147329266347,0.8218409240965159,0.625999699619016,0.7297215602925643,0.7770831146437378,0.9005092213750063,0.9464631278232597,0.9201265552679895,0.6644241015826965,0.6998859584190151,0.7231589587660106,0.8481787893271552,0.5824261309082978,0.6666319148831691,0.9086397998953938,0.7084151428461295,0.7288473166912781,0.9334854095614357,0.8527911953112872,0.7826221813767152,0.5708029386279739,0.7702140987744828,0.8214344536065514,0.8962516043287607,0.5971212901425296,0.7292739040865541,0.6091127135325934,0.8148316157923837,0.868338751188702,0.924661266419371,0.8270722293698384,0.8661600087066039,0.7903110255709009,0.5950857231841349,0.7940028486000247,0.6849194164321623,0.9890345679688232
0.6909831446089275,0.7753348048910977,0.7927695536316346,0.8804632705135627,0.7848505728458458,0.7362048137678041,0.8475021919835491,0.7582066028531114,0.7735447390080789,0.6576206104745239,0.7948378395077756,0.0,0.6883465502059432,0.6577562201636349,0.6781977477305238,0.7346546818176383,0.7464038498204244,0.6167809971695711,0.7770828634342396,0.7394128650735377,0.8525949651658818,0.8488634800628718,0.7414610454600258,0.8687335285609525,0.7309607376076834,0.7309207496657036,0.6279935931789482,0.7662524130591495,0.6495843170379175,0.6247382495884358,0.7155401908862267,0.6697011472859727,0.6861483240687244,0.9192273096179735,0.7342740558986657,0.7786915947565709,0.6759300759884196,0.6575082314621904,0.9282211867462155,0.7647655279210231,0.663329321268318,0.8899851695145679,0.5887344098187118,0.7396981710249966,0.7866117553944916,0.6120412966382812,0.5667664959998775,0.6981928141212546,0.7470222014847123,0.6596693260308815,0.6978043529065373,0.7234603825078515,0.5984965692852995,0.837005788601814,0.7674403693701632,0.7425370855488798,0.7083118841112283,0.8564960651031845,0.672033698143803,0.6642874198846312,0.7569315884721483,0.5501451000416104,0.634252399618719,0.7628606783225259,0.6366383259434687,0.6368858538645118,0.7871720918278408,0.6248683899444123,0.5754173640646166,0.6884381521305392,0.6935994879631997,0.5856252100777869,0.7934073533023741,0.7853050446864065,0.6952525953906941,0.5681328491735536,0.8888288914901663,0.7096082151772266,0.5959782849057219,0.6104696274092968,0.6145634864921659,0.8342053000940891,0.6737902195848602,0.6197070723879848,0.7868652488151079,0.7539267160583821,0.7073743379625196,0.5628018180314581,0.5875108785654122,0.8363548226986955,0.7222505224304036,0.8035171751186567,0.617887206498523,0.6660087035256868,0.7798119506708019,0.6740362561662703,0.6964583186664189,0.8394672858167942,0.7258407616682768,0.7055791051900908,0.6366940213165776,0.7753442529107675,0.7398078658547647,0.6111466318300122,0.6378310764737347,0.6531964548460749,0.6652657894183559,0.7851364778853839,0.5945644126037765,0.8081216706418772,0.9139395212099097,0.8737469663631018,0.7223520361139085,0.7136325240172596,0.5937950214005616,0.7761790676042402,0.6162823015229398,0.6866566470482957,0.7994941043982179,0.6726028310452987,0.7852468947073586,0.5616455737440538,0.7601501308042355,0.6843743756146717,0.6791839122978179,0.6451327938553281,0.7424434252727301,0.8756041172612212,0.7666024863633044,0.5741631095249338,0.6841908684311367,0.7663135532020983,0.656408190329619,0.881200698785619,0.8361390457492204,0.6005747196765171,0.6260594946462654,0.6663356762736496,0.7646720661859441,0.6351274614446619,0.5824539977082134,0.7172777915813207,0.8051008746917989,0.8358570719638476,0.7125045710808143,0.7918672484751983,0.8954898857263707,0.5637345366582417,0.6887350600517737,0.75599816438906,0.7962631504855429,0.5633275063804751,0.8634500774705285,0.7096147017726443,0.8329570747522757,0.7368561909528004,0.764842427982732,0.7599991250662672,0.6752565528075944,0.6534456990305483,0.5490257507113235,0.6438863358630101,0.6782188243973862,0.8365995885689942
