0,1,2,3,4,5,6,7,8,9,10,11,12,13,14,15,16,17,18,19,20,21,22,23,24,25,26,27,28,29,30,31,32,33,34,35,36,37,38,39,40,41,42,43,44,45,46,47,48,49,50,51,52,53,54,55,56,57,58,59,60,61,62,63,64,65,66,67,68,69,70,71,72,73,74,75,76,77,78,79,80,81,82,83,84,85,86,87,88,89,90,91,92,93,94,95,96,97,98,99,100,101,102,103,104,105,106,107,108,109,110,111,112,113,114,115,116,117,118,119,120,121,122,123,124,125,126,127,128,129,130,131,132,133,134,135,136,137,138,139,140,141,142,143,144,145,146,147,148,149,150,151,152,153,154,155,156,157,158,159,160,161,162,163
0.0,0.8541348856721642,0.8051711968673274,0.7542974705518702,0.8338309986329214,0.8429176868043528,0.8309456406787291,0.843380443545954,0.8732648961132913,0.7764109342597373,0.857009602193384,0.8095490526674647,0.9046936049320529,0.8017003983490572,0.8346176838748569,0.8544618721520044,0.8526948039151717,0.9220546261054207,0.8129512184976372,0.9269442164444037,0.8804081012042254,0.8612512307495601,0.8286984434569566,0.8737708801470175,0.8933988412284171,0.820797820235379,0.776589896412201,0.8639689897087113,0.7217196251877054,0.8066076039256704,0.8774175460204932,0.8519266615299392,0.772252787960331,0.8405768644678164,0.9246487341435929,0.7468530791276285,0.9361344944566152,0.8499518910930388,0.7459410842915591,0.8132603553994561,0.7535733585759863,0.8782935970400906,0.8396119683746022,0.8445755423177582,0.8823928224314921,0.855899688984748,0.852888941592842,0.8388074076148286,0.9108103271578771,0.8111940076716408,0.8478215240397274,0.883869602517053,0.7458505727033433,0.7854680158751374,0.7382142631155951,0.8564553992227069,0.9145981908214058,0.8180947395233966,0.8036458369571198,0.8041354338355936,0.8096166463184676,0.6666726745822887,0.8309925352846416,0.7364776792753305,0.8069755664132732,0.8263896555284678,0.8489366492550242,0.9075749355286473,0.8131430646394163,0.8939207073303339,0.947766049891602,0.805506098173087,0.8225052612242666,0.8661843657960396,0.8401381797277029,0.9141496646745519,0.7849632183564909,0.8224459759814737,0.8032161868707961,0.7348780836761232,0.8182363367394375,0.8974277381993511,0.8513774077873228,0.8135261399492107,0.8115060610914185,0.9112287739678414,0.8732406471252222,0.8082589384213944,0.8761875574560173,0.8286771695028288,0.8586523679887949,0.8258469289578688,0.7722756910366327,0.8743824319363479,0.8323882477715963,0.840358839930819,0.7177747361897545,0.8532702513047131,0.7137580409603274,0.8566231387785647,0.7732940988025844,0.7344083401010689,0.7292115477926344,0.7649244383394583,0.8269817594563733,0.8594517876647554,0.7303320708163245,0.8660527460640791,0.8088285762548884,0.88695929056289,0.8546635552454521,0.7990367543072145,0.8593047553521642,0.7897944483059249,0.8165946658457353,0.8795891455158579,0.8805287718862822,0.7932643029461066,0.7699651451864415,0.8100905633490117,0.8267642356356637,0.7309199127825224,0.8782521829714114,0.9118359795211728,0.8189031925499288,0.7878095143980662,0.7059956195922257,0.8114330158702683,0.7670404536306147,0.8105652388631827,0.8214281055089654,0.8263663703017,0.7890766807196133,0.8471857788336733,0.836216217651054,0.7821517094892932,0.8874324447344528,0.8324896119103184,0.8098146340184714,0.821225394183169,0.7723584095973969,0.7887900895328943,0.8851577312596093,0.7252932836165781,0.8640970635057131,0.87713445219878,0.8715624026784493,0.7426173652663012,0.8411954479553334,0.6238174644621463,0.917225597830212,0.7592271956084269,0.8182250078796378,0.7722008189516786,0.8301352105724211,0.9107948745451006,0.8740025431440989,0.857542984454437,0.7855500041583748,0.7979029684310563,0.7670454368369437,0.9012403130308843,0.8883948548776917,0.9431333107212921
0.8541348856721642,0.0,0.9208227723741472,0.7955624147065082,0.8266793721822769,0.8901592325436847,0.8767275322201691,0.910092771857,0.8299051928329142,0.9288504943271826,0.8710546774713654,0.9142109125648149,0.8975148824336469,0.8020729088820014,0.8855291053797612,0.8809650590464276,0.8418761140242597,0.8348132812022359,0.826849574336855,0.8345651928044852,0.8719593851386043,0.9376838956216019,0.8399813550234632,0.9056177862368515,0.9110907635237513,0.7613096100120477,0.8481137605787646,0.8336399892206746,0.8796885418255129,0.8161138059661348,0.9047854567460547,0.8492861276953605,0.865059093782252,0.8051875614950431,0.8468884958638264,0.7979351953799739,0.893986083851981,0.8259805766854962,0.8468095055880577,0.844406295592046,0.8368968368656217,0.8515938021953919,0.754258743138843,0.8196576732744835,0.9043932968593976,0.8364839646900306,0.8436309130425357,0.8200670937605945,0.8831207511311082,0.756203812833211,0.8024368581745042,0.8073052703172064,0.752578206991109,0.8696231200128877,0.8110366880437994,0.8674194219105349,0.8026511187960157,0.8582820293725043,0.7817947022669732,0.8295325219874843,0.8520020585977363,0.6466471764277562,0.7364303156386484,0.7245284640702027,0.6861789924145693,0.7029131550642402,0.8318863146357504,0.8570623085416131,0.7685807411495451,0.8757036886629812,0.8438580822904195,0.7534724140174418,0.6857947106858652,0.8638121457834148,0.86331533807095,0.8228216808880919,0.7980774037923394,0.9256671592687864,0.7437048357555931,0.6796906802355203,0.8115944674511024,0.8153958048555738,0.9300410611434801,0.8100323762593501,0.6836016829317773,0.9275030185115574,0.7841191934255191,0.7209001084835551,0.8813272873995117,0.8726650503621568,0.7858955858146566,0.8417920392141921,0.8266471463371736,0.7660654091846979,0.7592338780567702,0.9424659943702578,0.7241359005874205,0.8539676278048863,0.653631077742719,0.8502351010813074,0.7949773453854989,0.7357217875388721,0.6564570946149394,0.8494189455705587,0.7369039712637278,0.8313814526453356,0.7442126067827973,0.8781649656748811,0.8625441367139434,0.9188567992163494,0.8417014477083372,0.6849162490525518,0.7674272689201656,0.8193933376553214,0.7574306017656458,0.8809467914441234,0.8212966612150806,0.8209153459231648,0.7735048904598467,0.793780949249884,0.7634981070630257,0.7329011236892857,0.747704252702506,0.9390521257044068,0.704943298469993,0.9283110348959072,0.6714972380659248,0.9070442535959417,0.8417704161924584,0.8197833496442195,0.8594986145682069,0.8139614291473839,0.7336457216211935,0.7919190299619303,0.836014113720647,0.7192535704625068,0.8844842496508099,0.8323571372035138,0.8482865191782153,0.8608017572137927,0.8115636707301582,0.8018474707217649,0.8941635749851897,0.7412072913972323,0.8749770952018568,0.7709977270882844,0.9059526777713698,0.9056933338856727,0.9002173399834014,0.6654150725527563,0.7882029920909372,0.8226389101019953,0.8247644247215883,0.8804111947781776,0.8890541873306224,0.883597903678622,0.8711454294996158,0.9217921673912793,0.7880420364453111,0.7068482756355458,0.829113466500083,0.7925848195301566,0.9453306388329302,0.8285185708928495
0.8051711968673274,0.9208227723741472,0.0,0.7755921191899781,0.8193286254780477,0.8563191395961607,0.8328014010549537,0.899834040114622,0.7471421068820993,0.9639432369033356,0.899959787228486,0.8886760191097985,0.8961201619596952,0.7632530153492538,0.8272933198986652,0.9355256341742001,0.8899523799100572,0.835842406939391,0.8316946195154069,0.8146232083605864,0.9114576023998435,0.9392318583772465,0.8348948040488835,0.8599980229876375,0.9107115191532398,0.7594438081196399,0.8347047549376272,0.8536283989642519,0.8790544137683252,0.7878784902271984,0.8188490179561356,0.887585336023459,0.7984110666692931,0.7864114965764694,0.7787925698192691,0.7929083248622836,0.8626269688130004,0.8110591080347542,0.8170263727732294,0.8252013827989347,0.7895913144404306,0.8341934299405269,0.8059154708190949,0.780500347251274,0.8842737862167867,0.8198030545222981,0.8103182327198578,0.8327516663433525,0.8844642177476989,0.7702400021402674,0.8164624678978225,0.7763465390241309,0.712991068661928,0.8694063144141919,0.8391289365517364,0.7776698391530226,0.7942576306795316,0.8774230253673923,0.823824726803768,0.7964935744882975,0.864277203700608,0.6295659613206671,0.7681996207096858,0.7361483803962733,0.6758136617588378,0.7212715225157273,0.799679162985821,0.8368153939119782,0.8550633879402186,0.8900068763955638,0.7994946739443805,0.710618131690625,0.6979003890917018,0.9084816756652512,0.8883617738595074,0.749846584061836,0.8664694153258207,0.8935739202910798,0.7244788462042046,0.62943026471689,0.8006416943160617,0.7606072225579409,0.8511763111396182,0.7946168314395067,0.6941251799335031,0.8565274708806089,0.7821214608636269,0.7377981513529223,0.8406623328228285,0.7627501587544002,0.7874467361433328,0.7552306443304807,0.8378687016646131,0.7191090647635604,0.7405340594253033,0.8750614451775048,0.7132459699742181,0.8098467596297168,0.6054456584950425,0.8105048519680255,0.7244368951652722,0.837126569010383,0.6667134345723339,0.843229462974163,0.7246829170171397,0.8289753231425464,0.8212967080748209,0.8763852718311642,0.8395700876304736,0.888284177325235,0.8433322038256797,0.6821066119150534,0.7521061671859062,0.8369450655006421,0.7210508232154716,0.820161052582211,0.7861388055297691,0.8939315492775796,0.8205035914330292,0.7227052991509496,0.7240135962523739,0.7174347021592914,0.7164027760059456,0.8645964523241975,0.6353347209802351,0.9049854586419046,0.6706611775316921,0.8594400996968877,0.8596144050380761,0.7997289074858344,0.8041377096978422,0.8766731447168689,0.6933246322420924,0.6915664268630861,0.8372401460515528,0.6818125686551237,0.8199701693836827,0.774488411759473,0.8704123781846955,0.8353041863820599,0.7717686248052097,0.7996799131145668,0.8269625006723587,0.7683978408853722,0.8511930500372304,0.7609489965963033,0.8221539733522446,0.8886257000281012,0.92391112294624,0.6651361023070034,0.7398721358340974,0.7765357227230449,0.8578858772411062,0.8801015005973977,0.8764893057426474,0.8382776550306651,0.8353822211985945,0.8766879899166636,0.719556521744085,0.7151617453705569,0.836809058834282,0.7078656450245958,0.8760555812468994,0.7716294747411501
0.7542974705518702,0.7955624147065082,0.7755921191899781,0.0,0.7803592536013992,0.7579551987836735,0.8690077184145292,0.7705756133338194,0.6537524531599965,0.7567587960655994,0.8317642778248813,0.7639152621208458,0.7784729866969626,0.77114238595699,0.8287897183858282,0.738774582487267,0.7828144117755788,0.7873406738564295,0.7605469719529949,0.6779049119009959,0.8061910819478524,0.7893132515227105,0.7989273759270106,0.7982876382040531,0.7704131339981877,0.8410989391740772,0.7871506898120858,0.8066650907742391,0.7870767991674346,0.6383246224679776,0.744847765683354,0.7142191892097605,0.9540264454498991,0.7545849135549034,0.7993688561858155,0.7993599064678767,0.7767934997809466,0.7627690669045707,0.7366707537083531,0.8528652607958714,0.8875545448084297,0.6986957986545679,0.7258482749557187,0.8417758491647547,0.7915975970272792,0.7539168166660457,0.6998223109264649,0.7657161890672124,0.8178282623424946,0.7215914148869247,0.8633372473167106,0.8587169909571889,0.7264758991234179,0.9058021906706996,0.8223182400456993,0.6767293460361068,0.7470059309176433,0.7902039926250557,0.770420879679455,0.7588636738079624,0.7964082968037632,0.6220741172745934,0.8052369774191533,0.6685915987369312,0.6644528501065294,0.681992149675949,0.7910100794610261,0.7414190548756365,0.7490098258308251,0.8014268172877738,0.762085463110768,0.7206273726202106,0.7252050657140625,0.8522781223283766,0.7605879036560274,0.7055557651938306,0.7833644190469716,0.8369918041918585,0.7474272312798306,0.6279107615860423,0.7379794598999638,0.782063840935729,0.7181112644704962,0.7699149631384077,0.7311960403314177,0.7732786366325414,0.7162254769438777,0.7304518874504913,0.7577056292894384,0.6778787945311359,0.8503817982403069,0.7774569230598013,0.793611501846277,0.7099538634090445,0.8281219363315858,0.8019335589368507,0.651735797303911,0.7714672894355832,0.6386165410630646,0.8333469952174987,0.7287851073520195,0.6914872490574794,0.8096100087961247,0.8065012209057494,0.7557964679892031,0.7222405339250577,0.7130210053093076,0.7514939977319902,0.8142193646774496,0.7335442752570733,0.8595223314534962,0.7345740501001512,0.7703040121160027,0.7231014190079313,0.8121289587759776,0.7933254062685781,0.7437804127479613,0.680490158358552,0.8434881568966132,0.7915503776267457,0.7082304130399534,0.8565126863024008,0.6855898906441528,0.8339921313670418,0.6457829936748549,0.8302738203317839,0.6803727861711283,0.7374985032126691,0.8064312175477244,0.7757404643548573,0.646721239413888,0.6850488408043709,0.6828028769099448,0.7691841492684636,0.7172096219753216,0.6467987585084252,0.6719174835705098,0.8417457692569128,0.7910599846794042,0.7278331014196379,0.907872748932811,0.670827479247774,0.8161806775784106,0.7368701985576284,0.7756412547855926,0.7433538128329514,0.7247459632314052,0.7567382081755109,0.7159777566944078,0.5798357669773997,0.7820238177702262,0.7940438467207476,0.7439626890677941,0.7150979161090674,0.8258764185918089,0.7365493868568881,0.7478606457225427,0.8039778841902651,0.9049828183412747,0.7774332739716422,0.817967439160823,0.7303308754441956,0.7543228679814332,0.789838696088518
0.8338309986329214,0.8266793721822769,0.8193286254780477,0.7803592536013992,0.0,0.7315265307499126,0.8949894576126154,0.7819953912871243,0.7992680254912483,0.7771280394441498,0.8267865435828815,0.8296613183587607,0.7699290960510373,0.7547228336128673,0.8928344801402921,0.794536992448617,0.7949373949612775,0.8640358715212856,0.7901608422470645,0.7763971930875144,0.8490377293614375,0.8829386661804843,0.8571058714789306,0.8367487514736339,0.8103008858974509,0.7675357753788142,0.8109028297525867,0.7594346924842404,0.7579793798173565,0.8082210702504833,0.8421590377653579,0.7688601886166266,0.81251847779052,0.7431769529908234,0.8486731237359209,0.806285407648994,0.801973852930037,0.8115192684685779,0.8128851521445839,0.808366725673862,0.8205830351498357,0.8058856874697063,0.8259792095798655,0.81880533665129,0.8104648401319312,0.7853754060926131,0.8364186199998437,0.7696278950368545,0.8924316287870565,0.8341726907890185,0.8609580480893447,0.7913538170560591,0.7405044964977437,0.8158551209779005,0.7854279925081462,0.7344174315890676,0.8154810022240021,0.8410301028649352,0.7985339194334279,0.7965207648622562,0.6973967326721799,0.6414797216446522,0.7560311538040982,0.7512879121586984,0.7645705124507158,0.6659719794819389,0.7390709586708798,0.8108116754380374,0.8173487974082967,0.811530017605913,0.8346105223038975,0.7629803233322927,0.6904359817259272,0.8275496562310579,0.7565794164216704,0.7212413408271205,0.7674588139374663,0.8831897754449423,0.7140728868246877,0.5778532028919888,0.6773831210853033,0.8692482909054056,0.8148239554925217,0.6847504104022991,0.7191955389959537,0.8194209008850808,0.7021801069986726,0.8058323200536758,0.7564974207881998,0.7329566891871356,0.9186998438561135,0.8296739843692399,0.8653858122919423,0.7028712200747117,0.8022280481217425,0.8194753200380034,0.6544010289877388,0.7675576285415856,0.7007154543039554,0.7603803900076043,0.7174368292019572,0.7137725832330848,0.7428999637881154,0.8010280869009958,0.7686160684077282,0.7700597912340923,0.6918336305467815,0.7724464907872608,0.8228929504959593,0.7726564519081686,0.8264890900284739,0.7977621723515488,0.6864764481604028,0.7513233361174271,0.7359160271782587,0.795159742063823,0.7309273316343421,0.8350958169385464,0.726130932395716,0.74577565593881,0.8478923226415009,0.7329457942206422,0.6873744153459073,0.8461892343250526,0.6912816927347656,0.788880378467521,0.6785608911909204,0.8095290973872522,0.7427558590274796,0.8133913951679376,0.7439733911438478,0.7388231456732226,0.6343230492260851,0.7718204504431441,0.7639019283308419,0.7293295152525616,0.7750566056211422,0.8569135260474399,0.8090353185976615,0.8715275594103481,0.7470170178976424,0.7366252964280685,0.8695759738805923,0.7915409963754586,0.8028992052886142,0.820449407190849,0.8753196684586626,0.741184267885829,0.7947882135725755,0.603543028359502,0.7868483808329337,0.7570011887414795,0.8715421234694921,0.8164862877107123,0.8079321224741722,0.7805810589925838,0.744414337502523,0.7873654426948588,0.7606846096301272,0.7082121189016514,0.714185437851252,0.7367064159160572,0.8458142237909488,0.852078115279303
0.8429176868043528,0.8901592325436847,0.8563191395961607,0.7579551987836735,0.7315265307499126,0.0,0.7741664083622724,0.8778154313062227,0.8012210841366293,0.864126377395669,0.8363930960072697,0.8827010684224377,0.8588236798664817,0.7256329895727169,0.7479954507007543,0.8574444159392827,0.8120175319396463,0.7441441238621379,0.8529858051490493,0.7937055498323554,0.856941200593684,0.8260578804167666,0.7289803203616849,0.7795258208233596,0.9125507865126924,0.717156455079871,0.7088728459114747,0.8090718316317553,0.7944961347558138,0.789112798631868,0.8560047849536758,0.8875545465856813,0.7775100835183871,0.8029496377872567,0.7992422011207355,0.7386472938445322,0.8759197165705007,0.7673468337155614,0.7536444127609164,0.7110863978730055,0.7279200696506785,0.867763122729699,0.7313049055025282,0.821657552434378,0.8182213910388435,0.7441740288740175,0.7873751991592068,0.8254835714191139,0.7888557249389353,0.6922305600007849,0.775179399430856,0.8288973670813612,0.6873040857472359,0.8179982574301475,0.7662836379413076,0.8779770340526178,0.7653550046600558,0.8841340136498304,0.6999436866359063,0.724405624646859,0.864500290430578,0.6597959224313762,0.7901073117281248,0.6618603880252928,0.6535174909643184,0.7194175342088016,0.7698853144113543,0.8255940301454879,0.7131807302355178,0.8775807624578376,0.8128306645990401,0.6717828955379708,0.7421222449224281,0.8058481113807487,0.8741007451772987,0.831032628822022,0.7562385385905149,0.8158753662348306,0.7079735633428237,0.7713731148856551,0.9088204111722676,0.7891864996323794,0.852698366874934,0.8164056708766315,0.7246325622897559,0.8433810252258146,0.8916677996322333,0.6895146633456233,0.8550392706931408,0.8060498623778178,0.7522622258363441,0.825848690510088,0.7417191037181246,0.7644020512054336,0.7185297308057731,0.910646900545316,0.7419337033045045,0.88441873951843,0.6489323006725017,0.8029024577016253,0.7290424517861084,0.7486025850468396,0.6806322676573564,0.8226498091646147,0.7450824877692808,0.7751447768237402,0.736557798994483,0.8537965516482331,0.7248403277320555,0.8827060744669146,0.8599910923091072,0.661239197127858,0.8520810188192873,0.8061136351379691,0.7180755146234442,0.8098358762204226,0.8705086693788661,0.7531621071617708,0.821088303265506,0.8014728436908831,0.6626511939393802,0.7575880601793973,0.7953369997650931,0.8794978805614702,0.7216129842768315,0.8635902265820136,0.6808119134389405,0.8038393204523551,0.8231099831103953,0.6852863891182774,0.8496397912700098,0.8760308996926742,0.7360652629055955,0.795365424120446,0.7900268476756267,0.6663723839393181,0.822649683651436,0.6998141405729597,0.7135371704847941,0.7667186585520988,0.7858112392382206,0.8142515957619604,0.816393167967862,0.7272343180245138,0.8307169870454755,0.7620525391962393,0.8335906517744718,0.8008185883484114,0.8662580550695034,0.6768209002800513,0.8025401485537295,0.8092819473292481,0.7219854887199466,0.7361284391331724,0.8809119133463741,0.8307728545738003,0.7953305413598284,0.901089497349973,0.7221078346693685,0.7536857541292614,0.7612545936563252,0.8429092709968442,0.8977504425050894,0.7903691813736896
0.8309456406787291,0.8767275322201691,0.8328014010549537,0.8690077184145292,0.8949894576126154,0.7741664083622724,0.0,0.8090416598542585,0.7699986692651043,0.8391405978300523,0.8084023163169819,0.831624174934497,0.8250606494698315,0.784682696156125,0.9248734618717022,0.7696819057123835,0.7752612716141072,0.8497011674026932,0.7515208662156425,0.7382638119808365,0.8335965475350333,0.8771401443705867,0.882241443889387,0.8819532284529819,0.8447551223911048,0.8239546739726942,0.8338710505953395,0.7677505706856297,0.7779057050248365,0.7447105857177673,0.844896961051208,0.7768911338297841,0.896726784568293,0.7836780848914303,0.8341991184051508,0.7865238562390682,0.8547070535969509,0.7450865002930673,0.7673585168963614,0.8825807085766699,0.8289079868536459,0.8147664190630851,0.7721377964502341,0.8325071477661581,0.8600771605175119,0.8232191448403532,0.8559192472896011,0.7730884747128237,0.9144736412572058,0.7604503902797954,0.8751449105191372,0.8192665731865932,0.7165785188695827,0.8573031432852871,0.7878116371944188,0.7997365864525706,0.7619485761296039,0.7950038571263898,0.8355372531960665,0.7924350045005706,0.7504610751721933,0.6338459866747597,0.7281431346793912,0.7004581599861103,0.7227924924188442,0.6828479314489081,0.8438518422682288,0.8796707063647705,0.7775875069946492,0.8152563229641167,0.8538948999823485,0.74409142384708,0.7033548093994815,0.8785353620083736,0.7281172972865108,0.7702282069358164,0.8098925247063194,0.9331004775870695,0.7111313467021186,0.6065805954018024,0.7136325894324516,0.8717083383704383,0.8481813909650426,0.6987560728795976,0.6935633957817624,0.8282828610008087,0.7204280552430317,0.8016731075981274,0.8113977259669792,0.7942330839795707,0.8716288344124217,0.8834245366220694,0.804247511184299,0.7060156607317871,0.8170669645701317,0.8813473636487158,0.6362669558963363,0.8222277836677054,0.6626487808143955,0.8677132013066245,0.733315023024951,0.7114477025810731,0.7802274398353417,0.8326996554343599,0.7299786372724831,0.7908839160017136,0.6976535694960302,0.7954817323838027,0.883215055485227,0.830305851305571,0.8709680078118301,0.7341154644638769,0.7585295737891654,0.7092814388143621,0.7466524019299923,0.8307739013418719,0.7500657498539427,0.7738473807948708,0.7708497264036872,0.7747247497908951,0.760923435941632,0.7572935375753901,0.6967998156690638,0.911330395011966,0.6665774539074898,0.8349775146580861,0.6983916991985645,0.8368471867840744,0.766345166911141,0.8293766718151423,0.7432140913669086,0.6961307124005178,0.6481342426390462,0.7464800753694488,0.7510703454140019,0.6911024025625523,0.768341985492605,0.8822584793126595,0.8220002357206965,0.8046291749510718,0.8201167035759797,0.7102048723757678,0.9210360989786421,0.7363463077964706,0.8098548681212759,0.8568392694479173,0.8499889004974953,0.8058355206578409,0.7912190056031522,0.5570484656198058,0.7792089211089345,0.7526454478644169,0.7732787092816584,0.875819041917487,0.8465511942447885,0.8268084994259023,0.7888282972724371,0.871833234088424,0.8348986072737764,0.7395036060168917,0.8130230810250398,0.7370678750990353,0.8713960738056408,0.819449449384574
0.843380443545954,0.910092771857,0.899834040114622,0.7705756133338194,0.7819953912871243,0.8778154313062227,0.8090416598542585,0.0,0.8424288898750126,0.8821603005717007,0.8302947102362306,0.9180872786654622,0.8911001591923287,0.7288622748158862,0.8347561735201297,0.9015485086894726,0.8397281987703974,0.8248327472898971,0.8354468747195389,0.8279321108996728,0.864260889439974,0.8735189053496523,0.8436706382298879,0.8497783002990105,0.9058191935626417,0.7723078304633272,0.8513060369935502,0.8505862203096867,0.7721932680091975,0.8623631670553261,0.8937041614421551,0.8519659215792109,0.8129720612398239,0.8365073250009702,0.7849681944107039,0.7630168584738509,0.8841755894589879,0.8182019448839937,0.8050107223473596,0.7922438976992032,0.7806961505229956,0.848172510837931,0.7922913761811738,0.7565547321366252,0.9248645350683985,0.8697567602962076,0.8374856359291807,0.7713500162994694,0.8406889179812664,0.7453994129099576,0.7928790885792051,0.8049559427530839,0.6852597729040836,0.8067191144387437,0.7623597615502031,0.8510538472056545,0.8051088384838605,0.9124460290850348,0.7210745155409793,0.8134988005488094,0.8476649522446931,0.651130708178613,0.7661131391386129,0.6813171735088069,0.6543095963146539,0.7203030387193043,0.7965695235420107,0.8396765623468568,0.780422189729321,0.9437360138141737,0.8302459390510122,0.6955181232453473,0.673421136579773,0.8621928402595236,0.8812936710039976,0.7860536700167208,0.8106947850642133,0.8636067287459084,0.800578729217668,0.6350075364046398,0.7675077770129564,0.8149427842912015,0.9038927394654824,0.8116870893519827,0.7019658371978738,0.9378890845724868,0.8379344662657648,0.7226698243670537,0.9265043992509358,0.865328034321366,0.7918682084815236,0.8092217224508952,0.7692677447978379,0.7311040606835769,0.6994531448496828,0.8904524460285717,0.7202044519429538,0.8608691767685059,0.6115874279538062,0.8464883153472379,0.7129207381679974,0.8247199670353423,0.6748388808755447,0.8379655035564904,0.7471000150671173,0.8867764678795661,0.7844400304524093,0.8916039302100106,0.8242734774522986,0.8625761595379706,0.8073576264237556,0.6848458856328443,0.7441223298596262,0.8548087280133957,0.7550408950815073,0.8853633170338866,0.8110524813061645,0.7937027093779634,0.7371921472139987,0.775825912870504,0.7101278833667445,0.810858172526207,0.7258657904234108,0.8977656143712914,0.6330939748067645,0.8746773004758283,0.6721981393996048,0.9217749441522487,0.8058673307654173,0.7702492352008863,0.8806890168546071,0.8489505623220138,0.732647586216941,0.7421003142860417,0.7917256628328988,0.640385765869135,0.8792674175110888,0.7721087661333819,0.8300357819759585,0.8889464305123979,0.7541905587566105,0.753071637983052,0.8466498507548292,0.7071008258991522,0.8145441411044168,0.7932452780385293,0.8941713629995464,0.8701544060853305,0.8870535893271372,0.6532841831876035,0.798844179915072,0.7386900694372025,0.8079370075931966,0.8565500074752647,0.903014052437357,0.881718323104352,0.8282225286435847,0.9281664634576644,0.7037125335136495,0.6959043109154515,0.7639203716081571,0.7380855734031557,0.9328704286751164,0.7917078829430004
0.8732648961132913,0.8299051928329142,0.7471421068820993,0.6537524531599965,0.7992680254912483,0.8012210841366293,0.7699986692651043,0.8424288898750126,0.0,0.7446782937620882,0.7283200148115274,0.8157633711818821,0.7806122601988991,0.6865852759006228,0.7896207666999707,0.7572960858982266,0.7132487078978815,0.7884816751587889,0.7461241893474106,0.799979821623997,0.7485198854398456,0.8203918528344026,0.7553539516706986,0.7742297687564766,0.8143278421954612,0.6570200711521114,0.7552085346432617,0.7235401463981882,0.6486303251582616,0.9249314182513366,0.8810669423750577,0.7575289500867031,0.7006211625767422,0.7199910937768641,0.7807305089530885,0.6568608232807734,0.8223945266519215,0.735993276593864,0.721704733855553,0.6889957505105505,0.6615863338002873,0.904572588527318,0.7017664621389055,0.7010200493581038,0.7829135140452157,0.7523022018219595,0.8222792102170108,0.6859841195787284,0.767954908541203,0.6973162492096703,0.7088347528526613,0.7214430025584933,0.665265386523257,0.6760531980591287,0.6319063548322871,0.9032813022716913,0.7555653029674242,0.803508723638475,0.6543934160783517,0.7212830799214011,0.6977252940785452,0.6210639787757909,0.6670338244478429,0.6317638353695656,0.6866954595828644,0.6465254719086092,0.7270611962201898,0.8339734488452896,0.6879129217089303,0.8400647860927127,0.8347049209490045,0.6649749334988716,0.6564185039437166,0.7277672700848196,0.7585328199562331,0.7726257859281432,0.6769839982746693,0.7663844765989963,0.6687122716307279,0.6240896396734905,0.6842300117415324,0.869858833103962,0.9111460197212428,0.6724536189887428,0.6474340329594382,0.8598637076410951,0.7812791054330995,0.6973600955938373,0.807461906800419,0.8988809303026811,0.7637478602585145,0.8263548860912151,0.6821387387436195,0.7012912175877015,0.6864673011243242,0.8214357274023536,0.6567784667648788,0.7794760145499812,0.6499709671050093,0.7357344333189287,0.6679579644355628,0.6649995038360139,0.6123492881561474,0.7195493581608307,0.6977985066611192,0.7659349834304473,0.6142564990769631,0.7877722762346491,0.7047352078568284,0.7983573513490734,0.7176826609003856,0.6605557214775905,0.7004179535761057,0.7697801101717476,0.6558812868299287,0.8237196257179816,0.7430322659462658,0.7212388865777333,0.6136186502450145,0.7575279449420996,0.7205168295871675,0.6862606111090244,0.7042613513168985,0.8312783511042147,0.7117316575407918,0.7137470134367562,0.6408851913198883,0.8149821265135042,0.643182015701848,0.689783903852234,0.9182389219639195,0.7581842586907558,0.6852013127225737,0.7941746711939575,0.71963557296282,0.6610916852510352,0.8465175309813321,0.70883283803851,0.6910328600432072,0.8214356335014147,0.6567505110960798,0.7116523284579368,0.8441308258648417,0.6633989461818525,0.7269459693969217,0.7753713204783719,0.9418055635123161,0.7185214910880281,0.7729427847025856,0.590826065391676,0.7766297046399726,0.6792474871276922,0.7509387716641825,0.7747184110171407,0.7655195016899553,0.8453117350720937,0.7738170990644788,0.8223209050189987,0.6561278244747603,0.6394672901675015,0.6302277745107469,0.7739445208116663,0.8928140353430493,0.830159221614369
0.7764109342597373,0.9288504943271826,0.9639432369033356,0.7567587960655994,0.7771280394441498,0.864126377395669,0.8391405978300523,0.8821603005717007,0.7446782937620882,0.0,0.8421374004744778,0.8976489357244998,0.8619439250085502,0.7340214840513457,0.8103846054117484,0.8805686054090275,0.8275119138143976,0.7884122904098051,0.8078196802408004,0.7707691010118775,0.852510900168584,0.8963968067067339,0.8238645356470325,0.8317353888163389,0.9225826657918847,0.7195746973356248,0.8116575873611406,0.8084510841475907,0.8822529465802458,0.7857311935633301,0.8255168312627518,0.8638917977351694,0.7931226902457789,0.7765987517561987,0.7562502671315147,0.7607363478824697,0.8467645135834324,0.7568217238721531,0.7785651748474959,0.7894197896278264,0.7640423037435611,0.8327531907074909,0.7550415645587975,0.763643454499125,0.8586021054379792,0.7849836583823508,0.8167473225147114,0.7987764935695116,0.8564383979531818,0.707230554236351,0.7640063437935857,0.744012280408037,0.6728498969444814,0.8311623289415021,0.805658399136929,0.8099555708366398,0.7261481428157005,0.8498570873227667,0.7847593515615321,0.7506521944464523,0.8189606421880181,0.6074413531265214,0.7093176219768531,0.6996313781072755,0.6313978955942213,0.6695850399233721,0.7725192418479425,0.826253378780627,0.7969835179742434,0.8589081734590408,0.75948742359148,0.6791370068703689,0.658471980095423,0.8466593673922576,0.8319405571000476,0.7545827146262257,0.7968639425288302,0.8867017435889294,0.6896984626756009,0.6246970035946999,0.7932458257963976,0.7305841127282957,0.8657398056475827,0.7615061597013318,0.6479654035041094,0.8348070299130755,0.7590172697932763,0.705139310987216,0.8408613833973002,0.7762911822432667,0.7431323916926503,0.7771435033706167,0.7920781977458983,0.6757585646822624,0.6920111247670302,0.9100087915264917,0.6664696656763155,0.8332491744781371,0.5907599208815344,0.7966854985293785,0.7070732568998992,0.7787747114439558,0.6586183128482589,0.8790495392233229,0.6806152881319226,0.7945499413486513,0.7594123316858752,0.8760565446302819,0.8145802805232563,0.8852732862829443,0.8197756809291995,0.6344047328750825,0.7329027877476947,0.7938066460975748,0.6836101312022262,0.7963458700491268,0.7869194619590877,0.8599933125718964,0.798633984600977,0.7201430907900801,0.6666393039591962,0.6988814922422001,0.6940834808557358,0.8535945638414189,0.6196030465519948,0.911107327681144,0.6408321861945453,0.8412455227023543,0.8452249114640967,0.7602866421524513,0.8242978036708224,0.8021895039808357,0.657908170885597,0.664831613861403,0.7904328515378279,0.6490109669004062,0.8205316448959024,0.7472649720717067,0.8299083561179319,0.8061189101715808,0.7747579932880054,0.7732478288871881,0.8062788927076628,0.7230923929936107,0.8230483844413005,0.7566760941369796,0.8098286358785414,0.8941721311759818,0.9301291322943633,0.6456610291412679,0.7070784899127514,0.7828698173270014,0.7737051563481265,0.8814217763835146,0.886378532363601,0.8172129640750754,0.7994766903674537,0.8888582077819693,0.7100776156471469,0.6786333127500374,0.8419892943009543,0.7065418570671766,0.8924669356209448,0.7275223831360188
0.857009602193384,0.8710546774713654,0.899959787228486,0.8317642778248813,0.8267865435828815,0.8363930960072697,0.8084023163169819,0.8302947102362306,0.7283200148115274,0.8421374004744778,0.0,0.8224338733843257,0.8930746893129436,0.8256588969917728,0.8265317027300565,0.9077836574266398,0.8895638051131118,0.8596767980034626,0.831424042963052,0.850618217135599,0.9068622561823039,0.9187905517317336,0.7940177410633832,0.8649017106921595,0.8794828467620937,0.8227291530314652,0.7996462273386215,0.883752528998103,0.8883470245517006,0.7133668086743148,0.8119588912012162,0.8387640258355841,0.8278737845928035,0.7806102394208125,0.8814681964192876,0.8190700757273592,0.8965551901337073,0.8971673308014347,0.8382865045122545,0.8368972282943077,0.8268261653493013,0.7799577716708902,0.820702741318762,0.8854750405387419,0.8550661348758156,0.7713027429497554,0.7235215086283764,0.9352200062966267,0.8975936066142483,0.7932799521486278,0.8421331709480981,0.8259726016123962,0.7321740735591213,0.9073449958372123,0.8864108807759226,0.7237920206173679,0.8513152751497016,0.8477903652310014,0.8288704553504883,0.7827641110774901,0.904168857261806,0.6267240665740382,0.8425548462927975,0.7727873162683232,0.7195166863402828,0.7582269750582454,0.8350168347534257,0.8176449248592449,0.8578848048533582,0.9006408417250311,0.8382403476239694,0.7944899020599898,0.7920092124530438,0.8938654110661302,0.8911224231432189,0.7771528238280305,0.8535067451690895,0.8583292940696282,0.7639919892264129,0.7123940598768723,0.8343224833271442,0.7775141264108552,0.7829879773659518,0.8773611771763274,0.7646349090821899,0.8484434403258788,0.84794393120016,0.7495615434332299,0.7848841242540935,0.7250442249939054,0.8263087197735902,0.7328933875633505,0.8615587020898009,0.7976350463224866,0.8343984022486334,0.8557749126297721,0.7395737454424738,0.781749990059514,0.6673030731713249,0.791634759529739,0.8279072325951239,0.7900367092347229,0.7042129957093789,0.8023744264367102,0.7912252956614944,0.7737966178122355,0.7690224594926015,0.8408431077402456,0.7965428489691329,0.8657038046730533,0.8827933920708464,0.7666932953675021,0.8274729428045189,0.8535466593686774,0.7966861361676084,0.806747837129993,0.7958469718881844,0.8569093872605573,0.8725008658242873,0.7718600058058683,0.80853387232615,0.7513213385009806,0.798435274485999,0.8611051729517547,0.7657580870887367,0.8942317581170567,0.6565001262802437,0.7949639264501029,0.8705655946889732,0.8330849112909069,0.7254698598151461,0.8528224775878886,0.8077271629356949,0.812021827676752,0.9053658257965127,0.7697739419116167,0.7952076328188902,0.8343684088883068,0.8770939173301635,0.8051904811298769,0.8565052204964436,0.8218127708242993,0.7994634560274418,0.8016602514749314,0.9333006724079418,0.7492259154840099,0.7885058257741273,0.7812428152414247,0.8600686363066373,0.6761738139394332,0.8521501149615054,0.8229113481656882,0.8705766291738175,0.7478296733424814,0.8451339481464714,0.854585936872747,0.8791082535630876,0.8214392113044003,0.8424451561374431,0.7890450314515274,0.8161539216043431,0.8147426694074352,0.8162765056003694,0.887115010731079
0.8095490526674647,0.9142109125648149,0.8886760191097985,0.7639152621208458,0.8296613183587607,0.8827010684224377,0.831624174934497,0.9180872786654622,0.8157633711818821,0.8976489357244998,0.8224338733843257,0.0,0.800486813516309,0.6775979932897547,0.8341321156758911,0.856838397244556,0.8050619369158893,0.7651921594585894,0.9135584244059148,0.8014073307899267,0.8926755227095796,0.8609757228975324,0.8400677049406056,0.8443885749189324,0.9370868761723824,0.725644835294952,0.7723231845784987,0.7955962161457526,0.8070561987001335,0.8587855764173723,0.9235429018114073,0.8342399157515279,0.8082195230979277,0.8428617306122551,0.8006508210323877,0.7883530690164765,0.8391924425149339,0.7817297396252508,0.8450200484540673,0.741895874433339,0.8044781553831092,0.8544407263168113,0.7915769705905342,0.81476171211989,0.8674556119000798,0.7896897061211823,0.8426242884069632,0.7939089217983578,0.8422840635736711,0.7305566062412364,0.7808890702168132,0.8039000786051392,0.6585099047065168,0.8296991026697434,0.787290276803753,0.8352642442844758,0.7704270270746075,0.9414443297815601,0.7047526158422102,0.7559066235894476,0.7694793351847838,0.6118691781163126,0.7406009019504809,0.6913504751710836,0.6500512378289427,0.6582117563332879,0.7211878095023206,0.7881557744435521,0.7323375669565204,0.8731515501745202,0.7807328084669308,0.67268929678859,0.6471596504064575,0.7993037981161449,0.8203346911828548,0.750362560248732,0.7351999445789206,0.8696296458120455,0.751623174810973,0.6201399342616045,0.7648754875982214,0.8097915694421977,0.8819465873227836,0.744284707748085,0.6945212072119237,0.8874722565624786,0.7899037833637667,0.6920426612730716,0.8422160653417611,0.8147097206038322,0.786850187023294,0.8607581628619477,0.7917129693585263,0.6917059364185711,0.6718888430884236,0.9343724962803074,0.6910122690224778,0.911948469629769,0.6271697939207301,0.7771253927994077,0.696998693974476,0.7665709307165371,0.7087092500645545,0.9343009480188902,0.7209246326784474,0.8100550292556215,0.7381624630457126,0.8865846903738425,0.7803798705560465,0.8716644436094507,0.8672018500777677,0.6923688342476652,0.7047225794792216,0.7822374913333309,0.7041490812536955,0.8148505220366032,0.8231616469314312,0.8331517918472724,0.7708797033966714,0.7405328935430261,0.6969954445354506,0.755641447600532,0.7260123384017494,0.8780485077053096,0.6458959818169586,0.897004844484458,0.6340908560423941,0.8676289020715697,0.837761062878655,0.7181110834545293,0.8517963620782422,0.7986324168259681,0.6422540642408235,0.7481036921170309,0.8028241144621371,0.644048127586364,0.8719000094567234,0.7582132555362803,0.7967273219091617,0.9004062319089282,0.7544861402110101,0.7523303608687331,0.8262580605427131,0.733825668389127,0.8289703413959888,0.8035956015698794,0.9092668681755299,0.813023846668672,0.9300354591639213,0.6621243795477777,0.7958175511843555,0.7819145710390041,0.7961350319880267,0.8253311961576733,0.9614364971434658,0.820598505611069,0.7563300052738454,0.9042426506840356,0.6966713051456038,0.6540361876276801,0.7263708888425154,0.7573222395291779,0.9501446512891641,0.7811710702381838
