0,1,2,3,4,5,6,7,8,9,10,11,12,13,14,15,16,17,18,19,20,21,22,23,24,25,26,27,28,29,30,31,32,33,34,35,36,37,38,39,40,41,42,43,44,45,46,47,48,49,50,51,52,53,54,55,56,57,58,59,60,61,62,63,64,65,66,67,68,69,70,71,72,73,74,75,76,77,78,79,80,81,82,83,84,85,86,87,88,89,90,91,92,93,94,95,96,97,98,99,100,101,102,103,104,105,106,107,108,109,110,111,112,113,114,115,116,117,118,119,120,121,122,123,124,125,126,127,128,129,130,131,132,133,134,135,136,137,138,139,140,141,142,143,144,145,146,147,148,149,150,151,152,153,154,155,156,157,158,159,160,161,162,163
0.0,0.7708397996852648,0.7020033907734236,0.9366796286933406,0.8597427574972604,0.8492195159794539,0.9418933864111784,0.7794910039357497,0.9305926620166393,0.6931180630964797,0.8158041670677734,0.7979087512673159,0.7851910656145302,0.771699731416266,0.8872568767952342,0.7037508266038647,0.8118814723593304,0.8984697786910973,0.8246509409961665,0.655627357352431,0.8246804370593962,0.7444908837692216,0.9016297605568274,0.8446288699860461,0.7909328780359361,0.8884490664597959,0.7483804782431254,0.8874536290013985,0.7143266621470128,0.8007423143053242,0.8168389025904131,0.7126407009710662,0.9258270916351554,0.9082215481728811,0.9172150274128633,0.7834153835986679,0.863343645911599,0.7882646513073205,0.7168689939894062,0.8511463831591329,0.8976274958640676,0.8982954161836447,0.7810887373958988,0.9133747370610897,0.7680669429036137,0.8108498839456637,0.8270067659622501,0.778249969810359,0.8458669851124553,0.7506984195558208,0.9492416412750562,0.9532929326997964,0.8524454655887314,0.8452708509592171,0.7599010028738468,0.9396779175330997,0.8648618083479971,0.8573650299548627,0.7154778549943658,0.7574274590129388,0.7574041814478797,0.754931101161892,0.9461548276764624,0.6101911732201531,0.818727855086966,0.7395702647466782,0.8055872295104571,0.8449972904245449,0.695807389519399,0.8585498857387075,0.9052374986813375,0.7488784689491961,0.9206419108882355,0.8524102881436598,0.7675707518571983,0.9071591681154263,0.7277209260358392,0.8365901594779315,0.9460741687280717,0.8013515049793983,0.8483680965253331,0.9329876223018526,0.8340171293349812,0.8183756530486286,0.9589080908166997,0.87810714724345,0.8490171474236199,0.8735300060317311,0.8662801392335887,0.8771332514185406,0.9629313021752977,0.8932731460765327,0.7748676900783155,0.8530196476665602,0.9529706004422624,0.8171667988747277,0.6351695203615441,0.8664350899764722,0.8947305341399097,0.9307551041063108,0.7359327032788779,0.6471377947125957,0.8779875863178986,0.7999240060516255,0.9304797004457646,0.7699382161009322,0.6811592240265554,0.8320488036117908,0.8155257900387244,0.7607128099596665,0.9076970510002927,0.9765762604374757,0.9715812954011475,0.7148385032819097,0.9458907857411177,0.9334875936777166,0.9019273636873077,0.6317579305051889,0.8653071989851983,0.8871495345761562,0.7016080419350716,0.9117023747700531,0.9588782327848474,0.9320527043502884,0.9235243401610734,0.7730458575879077,0.8537951829633887,0.7182368494781691,0.7647754061073736,0.6987210535945163,0.7608946567678025,0.6887740119466988,0.6730445794601774,0.9327250670368613,0.6701154325410194,0.690996867379097,0.7353974792645659,0.8972048532902559,0.6964689308019854,0.7633491646861179,0.8777991172392295,0.6627063331548289,0.9447953522922206,0.7386283789735116,0.7645239518251434,0.9385119826941924,0.8689991350926627,0.7336712084016482,0.6830776333163728,0.6070955637027765,0.950313421107222,0.8362515553207944,0.7039326205760673,0.6585451916634198,0.8618504623822765,0.7887952054151051,0.7619120123627902,0.9175213291781833,0.9064298617895047,0.9483470640307265,0.7994917121693412,0.926897359600373,0.8051314580226081,0.9558242528052427
0.7708397996852648,0.0,0.9630042254928287,0.7801332893884554,0.814061110895179,0.9405636600135882,0.8561457139388077,0.9892164498284984,0.7781562426285681,0.974607367020499,0.9796865378392848,0.9743747989267888,0.9445489794471142,0.8819835385835577,0.9311261287305794,0.9236402182902854,0.9478992054040994,0.8434334703979824,0.9465383907991791,0.9035855774138873,0.9450341402636995,0.9778459924912374,0.8872248230977298,0.9115343504036151,0.9751492502675942,0.6820636211044814,0.8593819413828331,0.9216503744192484,0.982590018351555,0.8497911979559379,0.9631369223694447,0.9525159199768083,0.8443346674038368,0.9028235799698533,0.8793020609568416,0.9924015571387828,0.9343217819683501,0.9744382395505115,0.9705640554170281,0.8110905365891944,0.9211686776637144,0.8944574261339655,0.9409758898402757,0.8885484832600286,0.9839590807952043,0.821811475743892,0.8422281559977729,0.9645597569547145,0.9616871434157335,0.9236591972846423,0.8554761997804557,0.713309926242017,0.8818753188300197,0.9765683259526371,0.991494602504923,0.8559545527188994,0.81624548457161,0.9324125772998653,0.9692811923466478,0.8879042187513233,0.9840990133432654,0.7562902205930798,0.8318844433683824,0.9077582644512833,0.7447967418391582,0.7463795136140722,0.8089523704499229,0.838373010090704,0.9514590912118793,0.9530060227818591,0.7576841269555973,0.8885156051520372,0.693773729788478,0.9393039183626513,0.9807815049255029,0.8360719903982091,0.8786456106953295,0.8960405886761977,0.8039397832118693,0.6265651881675068,0.9257457704639556,0.6953399024627678,0.9225515366870033,0.9759223365762614,0.7143246552787488,0.9475648699683783,0.9149502435565313,0.9110334780227358,0.9341250610533717,0.8315677382264878,0.728650979417539,0.8059411005804197,0.9790917821175117,0.7229817077886047,0.7311897533982413,0.9590339122036611,0.8839538243511184,0.8781299308545085,0.7001082471120794,0.7868997116495124,0.9601769659274443,0.9143063485102382,0.6982094992592376,0.938066523257683,0.8524224829231598,0.8028910561389121,0.9246745846526152,0.9802553255745425,0.903219295968538,0.9712281307558613,0.9105676245976864,0.7358803802240301,0.7965704607079751,0.9477451075993627,0.7121435466937643,0.7006784011352579,0.8803419569306574,0.9148558036011836,0.9469988992057096,0.6719331261869327,0.666820624499034,0.7395850739766957,0.7958586569253633,0.8539204620562866,0.7431116370241259,0.9872000771996103,0.6633749826769217,0.9273303898804109,0.9923930101788361,0.8784187020506964,0.9631877347661388,0.8601307727588782,0.6460236219636709,0.67600883405417,0.9525542676716741,0.8803465301268741,0.9357276504302608,0.8262742630607384,0.9512829290714337,0.9752671400001712,0.8693580748396698,0.9238298439324963,0.8344950423433931,0.9744438430760061,0.9758750424905,0.7455049099078069,0.9113044514436929,0.9523485844201202,0.9646520706383708,0.8821975144223544,0.7617562693700953,0.9487284134881628,0.9185694528989652,0.9120623002385707,0.9393532202190411,0.9576798456215639,0.8446434511787285,0.8860098171743624,0.7389991170143096,0.6925378428740026,0.9684654670889983,0.7409700532836647,0.9777957755244875,0.678599844149964
0.7020033907734236,0.9630042254928287,0.0,0.6860993331871184,0.8204574720387466,0.9000535386422442,0.777230429659683,0.9433697301197851,0.7012870857021355,0.9702716991628435,0.9613242782844432,0.9417689702899185,0.9420050399223677,0.8200337641036186,0.8622946765068212,0.981844468094281,0.9513670555476417,0.781237363938509,0.8896615308803502,0.9323254234613,0.9400580300577985,0.9893618269661982,0.8032832600564356,0.8872823957702051,0.927889123642344,0.6467356128990376,0.8030047261064628,0.833630974112946,0.9783759188286434,0.8767391892761771,0.8968769228323147,0.9776252984133716,0.7516320339874915,0.813479956984775,0.7776269593861561,0.9473677102929926,0.9042071487757569,0.9588289044932189,0.9891950325740694,0.7608741837099,0.8462611552186816,0.8589103778485787,0.961041024193703,0.827476137017847,0.9421261055466152,0.804631285210496,0.8567590630152988,0.9717272226745786,0.9113116762110547,0.9489377904913505,0.8031162774005569,0.6560969755542239,0.8254310302940883,0.918083212112641,0.9681787116862041,0.7904817252089624,0.8005294504003094,0.9004394643480264,0.9379538535661401,0.8705402056420629,0.9523301042677795,0.7922887785261876,0.7862918380845322,0.93979748972374,0.721327869156406,0.7497244302134505,0.7456316927600833,0.845551809315831,0.9623126058571482,0.8869395036340016,0.740418039511845,0.8370355009105406,0.6159612785635542,0.9116849577294635,0.9662869183497471,0.7538132781376059,0.9191051546527677,0.8931262434247893,0.7318114942303396,0.6305184529959724,0.9074171512868192,0.6243805602815309,0.9236411565655736,0.9258455248321025,0.6533822813778262,0.8862656063824582,0.8566098343673159,0.8302350104641772,0.8472384763403138,0.7759210864742432,0.6760614368346639,0.7131584622144068,0.9767252648892758,0.6841498731450024,0.6560497123224577,0.9049053085557023,0.904507010887663,0.7913118100750036,0.6292538493616735,0.6915793655728684,0.9240577199802843,0.9658423423629177,0.6177567019485644,0.8684446381591416,0.7629575682977646,0.8358363522099436,0.9696924265745919,0.9225986182321552,0.8767748975523221,0.9812177336924377,0.8450176780544877,0.6745703362287143,0.7128727965411218,0.9322960472665979,0.6412810913480587,0.6510794500073752,0.7930390714225831,0.9666462260521258,0.8864672689675367,0.5925862613398074,0.703846475088819,0.6593680153117034,0.7343883457420416,0.8117834536750365,0.6606628163755829,0.9602249811692362,0.6240079014546158,0.9661960754997,0.9562782831795452,0.8824330121159057,0.9425457323691077,0.9364236391063956,0.6253721184056882,0.6019673150730618,0.9751905234062891,0.9437095650283686,0.9726953154920386,0.7547491185621947,0.9342419552719262,0.9727018919785507,0.7708127745143375,0.9789279534198877,0.7441857848144793,0.9493425453160712,0.9800337442148762,0.6682496247955028,0.8959357571560765,0.9763769000902575,0.9724252362673448,0.9447802448127347,0.6720723535103998,0.8746459392147445,0.9380073197237727,0.9625531156818081,0.874154656859965,0.9331975473016172,0.8372891855452593,0.8414343453342478,0.6447992258038945,0.6475868965592878,0.9164019960208761,0.6569901011955412,0.9302830484011191,0.63256922273861
0.9366796286933406,0.7801332893884554,0.6860993331871184,0.0,0.7862454214875347,0.8384938853704026,0.9560770637820722,0.7942066736489215,0.9017187698928991,0.7065053293315791,0.7897988884117734,0.8013896938826216,0.7431037709265716,0.7767670456883128,0.9011376956888211,0.6607779622084016,0.7586707151385954,0.8632960160688353,0.830660902353431,0.6237683814644672,0.7852692814606864,0.7246439691766234,0.9156113445969102,0.8046625706320981,0.8058213550598303,0.8421375596008022,0.7632698190400913,0.8816059171713919,0.7224241251640683,0.7230041152337882,0.8437181685153352,0.6868188407643482,0.9841011896440327,0.9203596861846595,0.9578382322232998,0.8034994777013356,0.8270292938825654,0.7683152202827255,0.702038369531514,0.8287116301314766,0.9252531312151174,0.8473553047161977,0.7443297755079653,0.9143491415440113,0.7761625751851573,0.7552659911995004,0.7694904052344894,0.7536509596300035,0.8310555148096055,0.7014054300477645,0.9054212801485148,0.928571986772932,0.8174177046934137,0.8559472365753725,0.7657562372197743,0.9216863932767925,0.7648238254484824,0.8396969665370124,0.722561636673361,0.7205126039153419,0.7535992851221964,0.6666715202603012,0.9013600241455618,0.6105998623988697,0.7371912403083748,0.6563182601060331,0.795178118743189,0.7766947618775644,0.6899367563481171,0.869439549672163,0.8123040511065073,0.748119674233415,0.9043771694237894,0.810890161080078,0.7480934953145705,0.8876845549559549,0.6678603120054485,0.7949424207179793,0.9453249018374229,0.6928661069905511,0.8181948720506176,0.9342719148887145,0.7872396959334923,0.821275118853441,0.9044466747595382,0.8712010055206177,0.8431155352777489,0.877531189865891,0.8805952632666294,0.8401331483294711,0.9239768909328832,0.9605257973964684,0.7560051872859598,0.7538407444610457,0.9315639412299269,0.844119247214869,0.625482988802798,0.921558052560497,0.8960417971159552,0.962453200317262,0.7399561895162882,0.6278904197767409,0.954298006256403,0.8530786709302185,0.9426451088038031,0.6916887847643668,0.65089935880526,0.8407318966974151,0.7955430789159756,0.7319658917025779,0.9023502942094493,0.9295885568112108,0.9637933287105384,0.7044017923117262,0.9402239260330675,0.8719358684412196,0.9209809943870607,0.6187031135900721,0.8782917921331107,0.942046548834897,0.6105687460434989,0.9733437625171405,0.8901924778640405,0.8819614635813756,0.9038682673306906,0.7830454265208332,0.7816910367348618,0.6849087613779543,0.782410675959124,0.6886833485460635,0.7514204839039925,0.6282806903301649,0.6157442300084702,0.9364817260589888,0.6606252473602857,0.63790173397557,0.6948436710132575,0.910792978592317,0.7076271771328762,0.7474405792800968,0.9543347507371589,0.6351537282596645,0.9456287455754925,0.7480347661698622,0.7458013457768311,0.9693692730039896,0.8254621503479074,0.7120895177547871,0.6899636203200048,0.5901535976907945,0.9695266371226372,0.8689726349858113,0.667839950503676,0.6418865193044185,0.886379424297094,0.7646752618178234,0.7006302313394775,0.8904518018938214,0.9792558234852033,0.8553652111001963,0.8260380879195376,0.950205271645503,0.822608273372655,0.872922136675475
0.8597427574972604,0.814061110895179,0.8204574720387466,0.7862454214875347,0.0,0.8772906850979311,0.8855092263031453,0.7975126970529822,0.7641572180957557,0.7612888671882712,0.883883521482276,0.8487498651265352,0.8611192125622472,0.7439784794791674,0.8839261479043559,0.8468439395754718,0.9076226531918282,0.8435496670858681,0.8192023368449073,0.7143977728544003,0.9146812459084147,0.8392708589990245,0.845912937186923,0.9128887990190986,0.8135238746342345,0.8683612485203406,0.732495370686106,0.8057649960842899,0.7935151646041131,0.935730162251231,0.8098700385331,0.8061381706900278,0.8296645378294598,0.830131178139584,0.799120633345738,0.8188394056821396,0.915445659796457,0.8505190711607373,0.8151842458121155,0.8422097896895148,0.8830233052210013,0.9130661629940352,0.9047349170882516,0.9051483265928134,0.7969193722178538,0.8612996202773135,0.9874288521078839,0.8833410151888925,0.8709625861128367,0.854092029654669,0.9365612006896101,0.8548954756691596,0.8206522359537728,0.8603722385676759,0.820682562962023,0.889647852310632,0.8858577864722552,0.9063520287187168,0.7450497961244474,0.7993750807967201,0.7826037479231055,0.8893653460077423,0.9300529670593672,0.6832431295281753,0.7875483197662946,0.7552796036939078,0.7419084424727875,0.9702293970354737,0.7694647779456816,0.8372458790185986,0.9373587310619963,0.7431584285601909,0.7078932675663777,0.9035441618070454,0.8141885855489238,0.8038496891154019,0.8533263023152878,0.9648835056014834,0.8615880662540867,0.8704695797177251,0.9228180489088638,0.7623780643053887,0.9546517784767071,0.8346791779426213,0.8154514658485876,0.8736813819572086,0.8102835422073474,0.8079087933758735,0.8080582810904375,0.8368593067320624,0.8894530870784775,0.7699472007118164,0.8695096510416155,0.7768532352181494,0.7916415533490392,0.8413325161345544,0.6835968172629083,0.7959350416915099,0.7439732738181111,0.7746652284193095,0.767183480311438,0.7466982412528472,0.7235021245251728,0.793277739736144,0.8036512012336114,0.9204968228234999,0.7895519963324775,0.8432431561613087,0.8883730453603302,0.8598849470399372,0.8866901170805134,0.8570022972525639,0.8179080077672751,0.7439979079627516,0.8066622597187212,0.8504115366534449,0.8144279128401358,0.7353555518110204,0.8705244459168017,0.7068828579933251,0.8390816598217161,0.7742709439650952,0.8549405118998957,0.9578210558484646,0.7344557378226516,0.8377598469511546,0.7611665006582534,0.8532596333396751,0.8100411576594208,0.7814682822217557,0.7996688363736938,0.8418427197261531,0.6245773626054139,0.7389229777527733,0.7447008425225905,0.8390714989481911,0.8708175482812642,0.8516370484692718,0.7479736966856082,0.8475200097843403,0.7851601265193976,0.7769348442194637,0.8154525529969172,0.7745025793591038,0.8637277766949304,0.8047415249486851,0.9508012598871999,0.8624813379748535,0.7571899390729908,0.7090109299528438,0.7664641278268793,0.8192855280790247,0.775427071469632,0.790618879365342,0.860799305101116,0.8256273243898385,0.8034075736538198,0.9508101394888692,0.7387249521781263,0.8611340003970548,0.8366155259264197,0.7601609526473024,0.8342935684062377,0.8529212902984976
0.8492195159794539,0.9405636600135882,0.9000535386422442,0.8384938853704026,0.8772906850979311,0.0,0.9039959918422052,0.9426645413254826,0.8518239090385114,0.9008436595910493,0.9560770223236109,0.9843378511987165,0.878205044907045,0.7852740789524035,0.9249564569641219,0.8744110613763009,0.9252510417063454,0.8170080515000496,0.980607022222226,0.8052380621904522,0.9658521869737833,0.909745924554491,0.8804870662378852,0.8844256748591195,0.9709618861629641,0.7317853408610251,0.7586300771499433,0.8993030142740712,0.9120849709314633,0.9028399589549321,0.9733697808042305,0.9176952180070059,0.8869232223796498,0.9453297900314664,0.9142539932347077,0.9587051641614392,0.9426997407935704,0.9194136284642072,0.9099530808326634,0.7732049402605433,0.939440339236998,0.9742427635213139,0.9475975204625812,0.9690984710843912,0.8989506361585822,0.7808708947650341,0.9015411197595675,0.95778856029662,0.9327061538604489,0.8737588531633032,0.9244171575864216,0.8143744366340715,0.8540576593124682,0.9742937189082329,0.947755103860283,0.9506887538281261,0.8328953424762696,0.9929876232007186,0.8536538702691387,0.800774900712763,0.9101889785196364,0.7980418678069529,0.933261488381508,0.7910322711592802,0.7710985764190765,0.7283649802568917,0.7428701084225535,0.8714245824766764,0.854853994013331,0.9618000851167653,0.817015360578428,0.7833318234370928,0.7651700692146577,0.9129918948572396,0.9348888560153366,0.8759075590220398,0.8212537453343717,0.9120079930558374,0.8429690643069604,0.7112638529310392,0.9871225349896559,0.7821026556533245,0.9352433769951884,0.9344762579856792,0.8174107693112315,0.9279534189904206,0.970774414410724,0.9069090711243271,0.9183714474915541,0.8116549757364718,0.8226701073531008,0.8910043989779871,0.9434352620789237,0.7419737101066912,0.7704450784612444,0.9757454024174198,0.8142722139303098,0.9483612941300475,0.7940298913832122,0.8029841350151754,0.8623423957657503,0.8427683263726847,0.7908209743964266,0.9587544593903501,0.9138254417378245,0.7904269835534695,0.8556110708748526,0.9695403040785243,0.8502046885405187,0.9328236373864031,0.9791275248111385,0.8214067026949337,0.8824719928854448,0.8651937014645417,0.7583277268488611,0.742310714043066,0.9528375730730283,0.8336775926741143,0.9907696602715566,0.7385207012774763,0.6601487286238908,0.8228025173088833,0.889806556183888,0.9126481564734383,0.8250356926052905,0.9550035766442071,0.7154235123933252,0.8607715243540707,0.9572709478488252,0.7692689889434287,0.9454289648067027,0.8483590595560059,0.5922095893800646,0.7600188198934908,0.8634195050095925,0.8225199579704585,0.8977083548624057,0.8192573749134714,0.8258397618837273,0.9392092925385699,0.9028180104103108,0.866701570713193,0.8674702196418257,0.9395747275035986,0.9395750854475213,0.8452819719535539,0.9614961487946556,0.8882794732369668,0.9027827247685656,0.8090383876790206,0.8434505484595195,0.9708367349011718,0.8316295435594218,0.8075116112580274,0.9854214881437745,0.8905262241489363,0.7687013358890687,0.9476402656828493,0.7752650691260963,0.7744252489234611,0.9166675587546337,0.83932568409593,0.9811925032602543,0.7535973135128992
0.9418933864111784,0.8561457139388077,0.777230429659683,0.9560770637820722,0.8855092263031453,0.9039959918422052,0.0,0.8556568778499274,0.8646087288168325,0.7838585293964851,0.8847148578824428,0.8789099242733946,0.8418835354105462,0.8242963909687097,0.9681928043539849,0.7634116195732346,0.8580031631612483,0.9139641009132894,0.8824914236403443,0.6923549524641415,0.8746616185449695,0.8150275026188227,0.971924886434465,0.9011281066310777,0.8745432585725218,0.8727364819011947,0.8171133005748697,0.9211284146601629,0.8084727394802783,0.828295147814193,0.8983844673343633,0.7766473810932489,0.981576296148257,0.9561687891097566,0.9556615642068431,0.8706717636316521,0.9268514938004592,0.853834690588985,0.7931442181293005,0.8898992390242119,0.9735985986772451,0.9076175753027772,0.8491617582969716,0.968396861684586,0.8503378258198718,0.8394706641543302,0.8744774927765825,0.854000484684717,0.9254726191189528,0.7890644050618338,0.965250092498166,0.911938627561405,0.8597568028224336,0.9213137070713124,0.8505615981108732,0.954734668522864,0.8357846638333667,0.914524509991973,0.7921517974157821,0.7980697990377106,0.8212800021620382,0.7444723037878689,0.9407551276057545,0.675347866909271,0.76387203036466,0.7066990005094782,0.8281277390809162,0.8820325426462036,0.7688350666392838,0.922508788133697,0.8715903877305669,0.8134412551988711,0.8272817671667642,0.9006811679651782,0.8198994794740905,0.9351962330076501,0.7719408240831828,0.909665838330416,0.9620218814433391,0.7568935758109933,0.9014928493098912,0.8684283891318165,0.8987432499223831,0.890768990488025,0.8783993583267521,0.931088755586815,0.8829420480651499,0.9254866393604292,0.9329065592069874,0.8871166207968988,0.9321614422927035,0.9260071275704248,0.8561482343936927,0.7879071804166512,0.8971994214188901,0.9103129765919996,0.6726343853565357,0.9236511542480672,0.8446830978629747,0.9376300622108874,0.8215716222884004,0.7092319202185476,0.8812218721429318,0.89386554425751,0.9266531894205976,0.7918588089837111,0.7357889238182498,0.9088820372882237,0.8923166898220654,0.8301084888789924,0.9561662431986155,0.9170801470613678,0.941393043575634,0.7711094742903744,0.9185241197483244,0.883724447698253,0.9376177580996099,0.7027753173821939,0.9344529414906233,0.8595202080987535,0.688631020167718,0.9226839875845517,0.9023622309472695,0.9654955384078189,0.8582584678446514,0.8704448862985764,0.7637003364557531,0.7893834033156347,0.8545247028630663,0.774445729489267,0.8177668470737508,0.7150815039746158,0.6489692555827725,0.8578397434760702,0.7344157607854453,0.7369656031189336,0.8057229368446108,0.9531951630185969,0.7826786974854099,0.843435929123296,0.951371044365711,0.7219141162424234,0.9395865710711939,0.8036228771961497,0.8461690709790292,0.9373967560605171,0.9073612763634248,0.8206577839661656,0.7652709016861348,0.6600559239822001,0.922602586859396,0.9194561124482088,0.743182779133781,0.7365507082870063,0.9405594773441694,0.8489041776829332,0.7875887932034785,0.9702292452240449,0.9254008393425683,0.8894577016243946,0.9043210397306228,0.9066495156276141,0.8887315497326884,0.8759525887222684
0.7794910039357497,0.9892164498284984,0.9433697301197851,0.7942066736489215,0.7975126970529822,0.9426645413254826,0.8556568778499274,0.0,0.8051928086166933,0.9642566652144609,0.9694629976260619,0.9723916383587771,0.9278694933362618,0.8742164029989661,0.9279472831523499,0.9018746838444446,0.9294412886666672,0.8414889266597638,0.954639000396748,0.8903095910183807,0.9325618838818432,0.9595112769117158,0.8863339637069579,0.8891052310733464,0.977553401547397,0.6781809360108404,0.8560879803538131,0.929119153683208,0.9670527758915943,0.8397699094462883,0.9747947480545758,0.9423192908343591,0.8535018903227762,0.9130518421235688,0.8928994328605029,0.9921065268112187,0.927884169454057,0.9685921399985994,0.9564204108058091,0.7958725562813779,0.9191974427229155,0.8929259910635664,0.9327401823623402,0.8901737872582614,0.9803212840508899,0.8071950593317375,0.8221206900236798,0.9502936365915052,0.9519695823128445,0.9082329930976171,0.8562748327945642,0.7178139743184461,0.8740313445794821,0.9749851147807342,0.9855212094323497,0.8581112720615108,0.8080575125307246,0.9354871311833937,0.95622281044599,0.872737036427625,0.9842824895023002,0.7507877218289887,0.838840840060821,0.8922233463518795,0.7426095199664539,0.7411506134369112,0.8055223806064843,0.8232373096455973,0.9438355494850694,0.9701650111044179,0.7525135711743122,0.877837328569314,0.7127957630085456,0.9281552097366751,0.9787654775657962,0.8424240272793423,0.858739833405685,0.8753932090721582,0.8135669324260211,0.6147855353457078,0.9163849458364051,0.7113166975981656,0.9039936183531219,0.976919139520094,0.7264099471295362,0.9455467476409717,0.9407218750162298,0.9319545267706077,0.9468033740186175,0.8254177556801515,0.7340362359494284,0.8243452196733527,0.9645688852248026,0.7188487225548729,0.7369894866051722,0.9608532612806692,0.8846168547858285,0.8926098500195762,0.7137088637650176,0.7964112404411793,0.9493433691624661,0.9098326714328158,0.7177394529393758,0.9473570612920925,0.877634861498645,0.781604064901717,0.9085742618359485,0.9781940022096823,0.8813503656246561,0.9483591862497349,0.913699212192522,0.7455914845256507,0.8110642105600919,0.9534674766334531,0.7185683010465436,0.697357889644805,0.892201000495567,0.898315829054776,0.94775264544506,0.6884121268832026,0.6448408198783822,0.763135847105666,0.7968622014724848,0.845832637477474,0.7560666707907417,0.9791609578975135,0.6685852536455049,0.9064562616669452,0.9873044988910409,0.8566997303950651,0.9644653864653131,0.8419338845565554,0.6487265057273256,0.6903341066601025,0.9394355791134179,0.8477915701922499,0.9110041012073762,0.820523090151833,0.9364254962385301,0.9698095831614588,0.8843690596941336,0.9058549672542868,0.842239353240103,0.9787257424300008,0.9592125065786932,0.760331690883954,0.9037499138904825,0.9274557727445792,0.9555882702563151,0.8653376572235992,0.7842009960260566,0.9545389430939595,0.903111781571382,0.881514274261909,0.9446582979698279,0.9525892501206112,0.8240069526187587,0.8801929102905623,0.7498594541327003,0.6953106991906252,0.9553722333879663,0.7560586774969823,0.9803442951350833,0.6791145917616809
0.9305926620166393,0.7781562426285681,0.7012870857021355,0.9017187698928991,0.7641572180957557,0.8518239090385114,0.8646087288168325,0.8051928086166933,0.0,0.7124148619657465,0.7973807899060923,0.8045131412935093,0.745685849526797,0.7573941841151136,0.8318316857878464,0.6853734399471505,0.781668256210162,0.8341005408135357,0.8536819966522625,0.6772580963935354,0.799063382120477,0.7377578116262298,0.8462625712079049,0.7648347877376187,0.8087495277670398,0.7463835464672706,0.7267311056225038,0.8906187978421446,0.7200061886464435,0.7613691101437662,0.8359940661399906,0.723550161201583,0.8829162793966517,0.8923431248951003,0.9242716761090837,0.8003672125460632,0.8045204127771824,0.7849171054883114,0.7141900366307631,0.7500049197650466,0.8558414280407783,0.8916863254991622,0.7518701876697801,0.8690343347905476,0.7634954898784069,0.7176507359741805,0.7449407469751453,0.7550088084128098,0.8071777606784939,0.7363624613029399,0.8730367991492267,0.8682395011739713,0.8384344080716924,0.838276705456327,0.7641923520959002,0.904009531940202,0.8004076288023697,0.8497080932031754,0.7264013883691638,0.7238135305217188,0.7726984818447667,0.7074646043577291,0.8956394758768212,0.6400635289497298,0.7857427763940349,0.6963967005967072,0.7450510822329326,0.7442975739910141,0.7116005793783989,0.8716084156163683,0.7901773656246884,0.7238047562990575,0.9549468078035797,0.802608609572163,0.7961609751852649,0.853782619067797,0.6781952878904537,0.7542538250377837,0.8547417437731228,0.6747987136778835,0.8179223855191419,0.9084638138212071,0.7694370966415506,0.8146501433325578,0.9225848217428014,0.8507720750716324,0.8822765890256675,0.8755384180815938,0.8593309060627023,0.7928048321513861,0.8725576587150898,0.9087418075732204,0.7602409914098734,0.7813247393373869,0.8922727853474471,0.8164507585846699,0.6789469029506772,0.8906760444553221,0.9165183434660092,0.8741972121949249,0.7243016039237862,0.6589497394060054,0.8704871864976333,0.8237437054077116,0.9661000606336022,0.6804329019667473,0.6800282147945852,0.8388740196526936,0.7369103850291371,0.738554883644359,0.881441066244515,0.9097108884052671,0.9448315353614195,0.7562372785216503,0.8445071402335916,0.8130259694061901,0.9166623265895848,0.6439114061940701,0.8616644511232592,0.8781607374784164,0.6072431093122107,0.8902067732882706,0.9183197698325115,0.8287693018468026,0.9473370155382522,0.7662066100356949,0.8261759370059425,0.6818651145007965,0.7803886159466507,0.6540176343892956,0.8060957213594454,0.6787665312045134,0.6288874221118123,0.9141245268539192,0.6872588736048391,0.6511031175875548,0.6994843193521392,0.8017058901853963,0.6923867068182735,0.755388497046398,0.8744966754078434,0.674922903473433,0.9209250966584343,0.7880046553549794,0.7430800551986106,0.8989410885664418,0.8258401136998512,0.6965628881703066,0.7086443824396484,0.6378241879172757,0.9371096062819796,0.851638782441468,0.7126811596164708,0.6344665504953394,0.8562299340966711,0.7607707773238795,0.6977954290999554,0.8396271214696955,0.8580821879382218,0.8281216971596709,0.7711905111649838,0.9216367878808657,0.8192704773984241,0.8383746337984246
0.6931180630964797,0.974607367020499,0.9702716991628435,0.7065053293315791,0.7612888671882712,0.9008436595910493,0.7838585293964851,0.9642566652144609,0.7124148619657465,0.0,0.9452968494187409,0.952864797397565,0.9051417522094237,0.830105471011394,0.8602980282337063,0.9292452199051402,0.9021942428229558,0.7677547254591996,0.9111465259400926,0.9081465318383708,0.8970610782921434,0.9583200078614813,0.8214452130693678,0.840976438925,0.9628053340528236,0.6159774510196254,0.8207173293111844,0.8531437211663849,0.9956233673458647,0.8311788893436225,0.93535607666639,0.967826556483162,0.7700314096524516,0.8375061805680133,0.8117851856872937,0.9659685933699912,0.8881744195741499,0.9452364390884148,0.9682052630441381,0.7333408452866308,0.8472503552869992,0.8370415285669552,0.9254609006805616,0.8290625121125837,0.9498821675367232,0.7515576008953334,0.7995594299492731,0.9498165470488618,0.9161781578710398,0.8845023598721935,0.7774962909679083,0.6406554160785678,0.7960114382928268,0.9213478338416458,0.983845578819024,0.7898919610715232,0.7415559678003609,0.8929303745959418,0.9539598260395817,0.8302884090878143,0.9553767647678444,0.717003501532812,0.7607454595532339,0.9483379153573965,0.6701495892864846,0.6866454525956247,0.7346193092173404,0.7893086249735595,0.9660220106666376,0.912296140883164,0.6835365750805075,0.849901489498621,0.6241430801123977,0.8715074548299477,0.9570571722024943,0.7833148736903274,0.8511305960746741,0.8515965318091305,0.7220002932436995,0.5863539114200237,0.8832439526460484,0.621056031969643,0.8799138219284752,0.9355834281986027,0.6413916529013487,0.8730951825232047,0.883340442783992,0.8622939961466833,0.8822413941161249,0.7456631441620936,0.6605094646827218,0.7485836326360947,0.9612125760276001,0.6483292716147294,0.6457266733039976,0.9342523452413632,0.8868578307874935,0.8295361848024766,0.643122863062742,0.7022629263067054,0.947267858845999,0.9467403574530538,0.6465321157536985,0.9183593226777711,0.7797575251108684,0.7524352690117732,0.9207518445214731,0.9439207025241952,0.8402109171005286,0.9491014714899396,0.8478183023966843,0.6572896285867967,0.7205313778894046,0.9565089888217093,0.6351365546156041,0.6226284416431532,0.8252985989889452,0.9643170114113775,0.8976508968981626,0.6157094457995024,0.6244430955932332,0.6814927394722741,0.7184762889033813,0.7823465851273961,0.6802649567203415,0.9752558008263299,0.5892226452922391,0.9125759676093393,0.9797192675341845,0.8527271513757931,0.9620211004490422,0.8533489501817453,0.6126485276764716,0.6051631882709971,0.9642264414107278,0.8662891660063761,0.932416155360818,0.749258356153153,0.9430642411159531,0.9642132495827654,0.815029456053957,0.955296780681698,0.7445786267358425,0.9657871021295921,0.9629812510327939,0.6852267600350075,0.849647797157192,0.9406682668390143,0.9962931911062772,0.9295226850291114,0.691602840097629,0.9163815975817053,0.8944194840359837,0.916644333381266,0.8945851036767866,0.9153776988075799,0.7926358467256904,0.8211229980414507,0.6716702577372312,0.6306396605179481,0.9321516878931615,0.6847000652590509,0.9527862145028573,0.6063821747266265
0.8158041670677734,0.9796865378392848,0.9613242782844432,0.7897988884117734,0.883883521482276,0.9560770223236109,0.8847148578824428,0.9694629976260619,0.7973807899060923,0.9452968494187409,0.0,0.9738083065678235,0.9700272043943226,0.8707425402318878,0.94679053655506,0.9498532962759639,0.9822496984652187,0.8769711651386627,0.9412872648103058,0.8865919730171696,0.9733599101323069,0.9797498245398378,0.9058783129021093,0.9448490328085448,0.9648776538182805,0.7326420807978014,0.8533759682466001,0.9251373529087098,0.9635207509159012,0.9170554804669286,0.9507478225178841,0.9557180220678878,0.8531540352306689,0.9095262194388627,0.8782250991449693,0.9725315574713291,0.9756235793877825,0.9851991225797532,0.9654238066739649,0.8396899453218186,0.9311113910109259,0.9327064872474553,0.9777469893951259,0.9171556971024907,0.9653008155346083,0.8606936469808095,0.903067375217999,0.9858536344256168,0.980769588892176,0.9441247430052829,0.9015167072526886,0.7514612401260885,0.8884029314717193,0.9741490789419391,0.9808034821726896,0.8863065987214822,0.8668051524171356,0.9611154524741677,0.9356018535213372,0.8965235816406583,0.9630675156572932,0.8129287332435052,0.8786292063329026,0.8674897741768713,0.7724173241345197,0.7745189864402993,0.8128087245619702,0.9055667225049301,0.9413990071955697,0.9606224267257791,0.8194853520435476,0.879530886092286,0.7068508509784635,0.9697387253616688,0.974684777594369,0.8609657825092891,0.9176981642955325,0.9492333058013267,0.8355675354443248,0.6921801809562252,0.9581543994129046,0.7154723856991412,0.9722816461402701,0.9749995657658729,0.7496329058883485,0.9590301266282015,0.9248341573871274,0.9222084163936275,0.9350042845364199,0.8557921955877575,0.7784418328263379,0.8045752978031633,0.992168495787969,0.7581378500793984,0.7558336781540963,0.956506881931964,0.8465428721022831,0.8700522945222666,0.7164566230173802,0.7951007173416846,0.9422575732812776,0.9069983906090907,0.7068791067865926,0.9189976687816231,0.8601286492181508,0.8620948525311743,0.923217968890334,0.9781309765508434,0.9293143547112204,0.9815608824471784,0.9315906564091038,0.776626452985659,0.8193600301277069,0.933092673165256,0.7436833764919629,0.7462314720524498,0.8855253560201006,0.9014016688205725,0.9536817787648729,0.6842309479958973,0.7247093629861172,0.7569302080479874,0.8302791634140149,0.907769328606453,0.7563717902470048,0.981640159244237,0.6909838637029174,0.9486794568000307,0.9711079243967808,0.8832438787812502,0.9566853318249371,0.8936551020225211,0.6684854817458113,0.6945491810485611,0.9254570344179548,0.9083452183972112,0.9653412228366863,0.8504782218295677,0.9239335589390297,0.9846057743156164,0.8623337902286384,0.9231039753418939,0.8449980920951353,0.9454048465361549,0.9880240263156902,0.7700040096717055,0.9522621269306608,0.9690874268654481,0.9373461540326283,0.8620511721477804,0.7773082865388492,0.940935668422969,0.9160141667233441,0.9114206877630822,0.9448719056354168,0.9659472955039208,0.8749261739032866,0.9311837869951477,0.7456896300059105,0.7513945766730196,0.9613367678766057,0.7578158839059942,0.9689811075692362,0.7300413431464828
0.7979087512673159,0.9743747989267888,0.9417689702899185,0.8013896938826216,0.8487498651265352,0.9843378511987165,0.8789099242733946,0.9723916383587771,0.8045131412935093,0.952864797397565,0.9738083065678235,0.0,0.903030927804884,0.8081208125681454,0.9240586068094935,0.9100561995852802,0.937948674508413,0.8115006988571343,0.9829848493066574,0.8513858511565225,0.9646793584326411,0.9451874339091211,0.8814972786743941,0.8892734900022934,0.990870700266558,0.6937028626082179,0.7916839558706663,0.9033478091059175,0.959522909449243,0.8958745529744576,0.9842986176376242,0.9564832222168891,0.8592692879445858,0.9308470348572959,0.8907426680896803,0.9849867175163842,0.9409353896900651,0.9442471355431094,0.9542542196186234,0.7720458510842039,0.9266598521117454,0.9386494287806109,0.9632935430988405,0.9351217185553445,0.9372733561779149,0.7878745589469273,0.8794056359545461,0.9751346195320453,0.951750803040424,0.8976958359653073,0.8896736566307101,0.7544371532331403,0.8529063881002019,0.980610282101316,0.9848939186689786,0.9001970994050533,0.8169686671838814,0.9790163376829564,0.9053822439760855,0.8303779280799938,0.9458280260668812,0.7785612792988805,0.8812809933565973,0.8506759433575729,0.7470308749940018,0.7249654057733164,0.7493083495531603,0.8521182116249751,0.9034781170074898,0.9630538994042959,0.7744368287880455,0.8163838344099078,0.7130020568086204,0.9202168025995623,0.9622594491790658,0.8594074037275057,0.8507391021068699,0.909564435319928,0.8116652804104192,0.6668616074264212,0.9663758742879147,0.7278443985797743,0.9347200131973725,0.9493313632395181,0.7579667538959706,0.9251301423247402,0.9543424720112708,0.9134079133478783,0.9285906710303545,0.7978125350286126,0.7689266556527802,0.8522977817422215,0.9748352646409781,0.7203063938871672,0.7303109007603361,0.9816717537794394,0.8536804221874237,0.9211868462463494,0.7380988613438939,0.7787743195923122,0.9068509958038303,0.8964660153804984,0.7442679951786881,0.9656081799089343,0.8782765899806587,0.7895816025751536,0.8990453370430698,0.9807567377660495,0.8662293690816263,0.9593590085986594,0.9542320386750401,0.7671515379014323,0.8281536728115158,0.910128440605898,0.7195071669581702,0.7037814202540181,0.9248255953803498,0.8928787583446316,0.9774516030265955,0.6939908275404923,0.6528067475315881,0.7781441922684103,0.8301516918858634,0.8828234676338017,0.7691991055648448,0.9856828530371602,0.6737814364553594,0.8977124585178171,0.9875062434243214,0.8072961804109647,0.9661045371282642,0.8634695293491349,0.5997209904437321,0.7041131935333504,0.9135822623217429,0.8486102577282507,0.9277273796798577,0.8070580993852343,0.8792114724723877,0.9757191163891046,0.885815637650437,0.9102723239869988,0.8393278088034393,0.9693116387799745,0.9673832117344697,0.7931271938023503,0.9393011750155045,0.9274561472978878,0.9519140414377716,0.8582342735063594,0.7975016979643075,0.9740734490800486,0.8720311851873275,0.8582634556361834,0.9752960979398164,0.9162838768750015,0.7899118437935551,0.9191342957744797,0.7449630789849978,0.7295031555378659,0.9396982847978174,0.7868104609287151,0.9934769195509606,0.7020141892385491
