0,1,2,3,4,5,6,7,8,9,10,11,12,13,14,15,16,17,18,19,20,21,22,23,24,25,26,27,28,29,30,31,32,33,34,35,36,37,38,39,40,41,42,43,44,45,46,47,48,49,50,51,52,53,54,55,56,57,58,59,60,61,62,63,64,65,66,67,68,69,70,71,72,73,74,75,76,77,78,79,80,81,82,83,84,85,86,87,88,89,90,91,92,93,94,95,96,97,98,99,100,101,102,103,104,105,106,107,108,109,110,111,112,113,114,115,116,117,118,119,120,121,122,123,124,125,126,127,128,129,130,131,132,133,134,135,136,137,138,139,140,141,142,143,144,145,146,147,148,149,150,151,152,153,154,155,156,157,158,159,160,161,162,163
0.0,0.33439110898001906,0.26844239893053357,0.32962043275825276,0.27231772873092036,0.31253615962837655,0.314987876805982,0.33626304939586277,0.3842648925374149,0.29235556439620836,0.335848746279203,0.2677737616164939,0.4813426167549128,0.3456335549876504,0.3599771261711628,0.32495844164121745,0.35855055587410134,0.5239227083046544,0.3064596330609458,0.4188840549511154,0.32547894533009664,0.3141567939535587,0.3527161970696416,0.3159809911560787,0.38539631493608345,0.31181118782735495,0.30862442682495156,0.3525577958300147,0.25166857759991923,0.27606923693992697,0.3438937585667935,0.37629911816155065,0.32119764876939383,0.337212333353468,0.44609473314659454,0.3184476070189831,0.40366991273332564,0.383923319513025,0.2594690243436035,0.44374565903418844,0.303406973926525,0.38796400140396586,0.3334612259670698,0.32817048858805703,0.3704915413387991,0.44279226720937764,0.28081380674565115,0.2838151479472314,0.41397497076647477,0.38345864336789404,0.3664855905361384,0.3473647103630404,0.3203617769001388,0.2820742898007444,0.2994298904072725,0.4055260357124572,0.44704581743847505,0.3130305852632569,0.3279627117939262,0.4052827438156822,0.31684443682185764,0.3307443203212838,0.3525054754604547,0.28006823833784084,0.3590426358539449,0.403802274287597,0.3958502034102406,0.33423232171572004,0.2986261916190178,0.3905966204461753,0.4397581244899076,0.3530249314133998,0.3867642682587871,0.3829340937263334,0.3587361032166712,0.3814723858559037,0.2949899072078308,0.2759948299060045,0.3663321684411964,0.27141302173126963,0.336224086624562,0.3848391503428401,0.3056809232728532,0.37024543964250484,0.4159738995092696,0.440071327545877,0.3783276465794846,0.3426952406353176,0.3961946734505177,0.3686879067993399,0.3913975730101077,0.34052619038669046,0.33420951478709443,0.4074372062115463,0.38609705610875306,0.27969504244760685,0.24769303612274068,0.3309294687402707,0.3172424748704485,0.43297624375216787,0.3176799739172767,0.31468586897602263,0.3068884871710689,0.24802491718586475,0.4168951109635337,0.37200904058662876,0.32173980251934836,0.37371167619892925,0.38007500737170946,0.311236444886118,0.3142978889871307,0.4158913551083781,0.41489990235308205,0.3092990352621139,0.4388449002178783,0.4171872527597844,0.40060205892664313,0.2980261447394791,0.2810107999001487,0.3287572976755538,0.35593819746032906,0.2986483099634406,0.43031180873485064,0.38198205581461414,0.35107668111905055,0.2779745107879967,0.31968571514870636,0.28872796788256644,0.3042334270897761,0.3698395662131571,0.31568714767635697,0.30615392325068613,0.33187001740015265,0.36523328216397355,0.30710941247453466,0.3355229380278721,0.3096864370966868,0.4223009869593131,0.33424743373152244,0.36194636301123495,0.27582847395161,0.34407235018961,0.3914908767392679,0.29999293641011754,0.34751743547460545,0.36861585630838006,0.30805489062153035,0.2869737008118428,0.3265535970823726,0.26065690657730584,0.437330516852246,0.30280894490644944,0.3290820956569949,0.25791495463044295,0.34714722175827384,0.420837216258701,0.3637191537403258,0.32578568706281746,0.3524490413519998,0.3762339359519086,0.31293876636693146,0.4214924227057363,0.2840522978296266,0.46443749542639406
0.33439110898001906,0.0,0.32775188473060934,0.3375935294975925,0.2412522774593056,0.441702794528944,0.30302605020866497,0.4247232322804624,0.3053652148479413,0.41159110226620693,0.34181783081490485,0.3798999838963727,0.3348089892894434,0.2986524763763453,0.37743164549693586,0.3096703280502264,0.32351241135206693,0.30605949327415,0.39633736768708483,0.35039733412547436,0.3451733322458433,0.44173454188934924,0.297715255405758,0.3287847102840861,0.4358877341880779,0.23294455487431098,0.26380482802062805,0.31631646311727074,0.3291598743431401,0.24770406052633262,0.3950142423891712,0.3725092160172248,0.37594291324881884,0.3015531917031032,0.3290820386962256,0.3725506451617448,0.30820427661562183,0.31752358478122406,0.3661433129844576,0.3349879151860531,0.34756000815880245,0.371784370607189,0.27353593247766944,0.306881978495707,0.3687664919471353,0.2967271286561522,0.2530106474080465,0.2923346731901507,0.3367818238252959,0.3195093324403069,0.3168820571144142,0.28568516018463636,0.324086555830614,0.4013267331017861,0.3586706191930829,0.362484412412231,0.33339221568801636,0.3227175603220046,0.3273987868520577,0.3461290528871213,0.39576322779874645,0.2561935396874928,0.29506875974681696,0.2679173887155488,0.30594909520697877,0.30516819449746746,0.3031496667594537,0.2730583789254648,0.2679856936109326,0.36537693538289806,0.31080858555284574,0.2820154048199265,0.2694062854631114,0.35695160235552165,0.4010916559466585,0.2779876247268774,0.2849120344595171,0.28584996633730836,0.27584565491622,0.22296821085393187,0.32267054211239365,0.3354673449464383,0.3414950835356636,0.3139554099526236,0.3048733448877911,0.4025262499418013,0.3172228322300189,0.26255476244304005,0.2993304242462353,0.32874471524376925,0.2618075886841241,0.3186325383065255,0.343092228067501,0.32051839172782837,0.3168924513937162,0.392146650010686,0.2942187940834077,0.33705838994525694,0.256509530708017,0.3219417692883435,0.3028945573096502,0.31463459256835574,0.2322768359536517,0.31076719291864546,0.29681434986635563,0.27491398071477013,0.3175534718303297,0.4074181075211888,0.31022375462202817,0.38821722148861315,0.3286390957712175,0.28217718917910306,0.32355508167362607,0.2779724303777211,0.30860923347083674,0.3413608764807718,0.3431597296977325,0.2942549355287848,0.3434744119655869,0.26628420661307367,0.267175332328179,0.2687146471807898,0.3115892638130299,0.3360549534155201,0.28286269476454035,0.35702796232599865,0.29302441769908494,0.32167571729584854,0.40632966355734224,0.30788538705609153,0.332271102970849,0.3243414699084473,0.2545282892006064,0.3450197210924372,0.3927654378579484,0.29755665719980906,0.2943333900114496,0.3181132841058461,0.35135623649949055,0.327476255344526,0.30622973412704807,0.3630166986414698,0.3680067683353303,0.3238558556191475,0.34085825206882014,0.2769803373904606,0.35938790775712104,0.31542071339225847,0.41452566258232504,0.2978179160701027,0.31159977103934133,0.35445791880777144,0.31125664862180075,0.3170546462090266,0.37147099085471014,0.3576561169970995,0.3265860842016367,0.3363866332735904,0.28467846861414986,0.269891526106883,0.3219228095925644,0.3243359997311526,0.2627476554068077,0.30755827946514086
0.26844239893053357,0.32775188473060934,0.0,0.24731184265061742,0.27614196620440457,0.3576576671041717,0.25195302167222317,0.2914504981678077,0.23560390787337265,0.3375509696698832,0.34395103646590947,0.3431445514532643,0.309758687289643,0.23256727458817872,0.2856779859246692,0.3952274761382824,0.3434819375896589,0.2603770786559339,0.2631307276831184,0.255097311031118,0.35137800417682136,0.43133615445619067,0.2293766445751574,0.3088176550042808,0.28451184275004465,0.26633766802490405,0.22660744097560093,0.24907075805777104,0.2932176096580985,0.27169693304059095,0.254577451630714,0.3243480791468813,0.2617206316230655,0.23398338926011303,0.2393748101862119,0.28589259861474425,0.28007591019919625,0.26362669059565597,0.2957683907990599,0.29520908840312,0.276715609744838,0.3170365636700276,0.27622788600166515,0.2898175220006879,0.2825189844669509,0.2545824223697243,0.27932715026049215,0.3285045242880166,0.2658156303288708,0.28090014422155407,0.29101207685561997,0.2952442186878149,0.22189558500398468,0.3085777405119472,0.31188334828455144,0.24623854254382627,0.26509123677140684,0.3508526700307331,0.24615547925875902,0.2611084877542703,0.26353927197769095,0.22724153943725028,0.31294377048804767,0.23451019362650016,0.23242292806380074,0.2409704183310764,0.23144600026154907,0.28794539772499866,0.2503921325068154,0.277953368802966,0.2915198384316679,0.2158889200713342,0.23633825385468865,0.3424918749659561,0.3138648203032621,0.205662600797674,0.293165894795487,0.2937014867270151,0.21902782661044826,0.21446268384060893,0.2817535127339934,0.2535521942230627,0.30671023988828694,0.24988395482724393,0.24229030722786166,0.29559028456463615,0.23616865107189866,0.21114487369715645,0.2369409027323474,0.2235975951158352,0.2818192758240232,0.22646551255476974,0.30941350818183666,0.2233378079406633,0.24636280740600544,0.2806971783856904,0.22316415555925165,0.2564284460780953,0.2088254739092633,0.24854773149253398,0.20975471559074024,0.27041821600171184,0.1963842750436278,0.2644189141033314,0.24798860417371468,0.2986193478630466,0.27765899596963145,0.27320899589485625,0.27405231437496097,0.3370849741794583,0.2883062764315256,0.23340820145222252,0.2410333193962785,0.2257839639425004,0.23216598634192295,0.3081522790315601,0.23218685783787746,0.32973987761367607,0.32009385776310073,0.22142667310926065,0.28227528375602096,0.20860255815623255,0.23591893772682634,0.2966701631314199,0.20107497081522652,0.3326696405951174,0.2350603939049633,0.3176066223248188,0.32018283307869116,0.2525060731425537,0.2540857526155508,0.3861090593018347,0.1938790209284776,0.2318021200753555,0.27875927242205734,0.23858980609339395,0.25037737737208243,0.25200320264392284,0.2759556622596247,0.24912973876968272,0.212503926631577,0.29547359383314753,0.25370300182744143,0.26815194182557495,0.27671123865274266,0.2173380779234536,0.33869423771342433,0.27326205541794324,0.3352218728308256,0.25232102818547586,0.22324584374251757,0.22400364976814635,0.26158874698386897,0.31708275279818277,0.28884999988142895,0.250731847106618,0.27696177522643045,0.3263706679933216,0.1959842438296399,0.24269687014970842,0.2526822410025892,0.21230153409565852,0.2064496642805752,0.2831460990693034
0.32962043275825276,0.3375935294975925,0.24731184265061742,0.0,0.2493993550883704,0.3065363774426718,0.3379989205500289,0.3419441408690542,0.29397303657483737,0.28188666948554914,0.2914678941564924,0.29467708571377266,0.30745186055332435,0.3244821451733702,0.37003708274288294,0.2625816961320232,0.3299324724130941,0.35705187809907357,0.34828271889094997,0.3275766063513729,0.35219688931946125,0.2892562813746364,0.32407540550057207,0.2770957712078225,0.32904054743878763,0.2751559797020938,0.29619089845267965,0.33419004919861145,0.24436371886072497,0.23220075048057687,0.3429788160239539,0.31041822750782183,0.46353591057805343,0.3487434713846838,0.3614885532710273,0.3765894163288768,0.30146577013151377,0.35636210806859764,0.3145980278345141,0.38357226213196927,0.3576466937954398,0.3351897881638492,0.3013412693385936,0.3279182858777751,0.34160900326463356,0.3465701907162557,0.23378266721269697,0.25133254585773185,0.3365667613653397,0.3711865285996367,0.4242778315097838,0.3450581072912548,0.3784779208068568,0.3831346162599935,0.32588180234161174,0.3137436756464972,0.4001105404588099,0.3040420325496253,0.3527273100611475,0.43336008710670165,0.3755303988922623,0.3080933339231781,0.35830396921082897,0.269740941406092,0.39661344116509484,0.37103444140974684,0.36795312403156266,0.2617465344682449,0.2865353901256527,0.343025411739614,0.3234999038118651,0.3268151737680071,0.32343272493669817,0.42555923371649607,0.36963382477979445,0.2964610522899874,0.3433367854329603,0.2832348584995268,0.3216290495661063,0.22533589413147231,0.3024751456071184,0.44173959625887943,0.26673279373383685,0.3177674372679246,0.41186078351310407,0.35829289462354563,0.3620689705870868,0.3496696574556165,0.3526830473966394,0.3033106024444827,0.3245786526231446,0.3861018074958819,0.3108723955276318,0.3466530827067492,0.39594673746211667,0.2713240251109503,0.3042130401317872,0.3446750613815692,0.31049342843951877,0.3802428041869532,0.31428832813615754,0.3360131672264708,0.3470231182263388,0.2779327555042079,0.3847501788434792,0.29892770186443784,0.36095152552060056,0.30147567434782657,0.33122294372392785,0.2706340241906063,0.36501357970056136,0.3621206542730231,0.4054052934916752,0.34973805065203195,0.35508302928217944,0.3016297593969312,0.37505203911713747,0.24969508117960243,0.31023246629057105,0.32355895178567906,0.30326140368404103,0.36374016666344233,0.3296300718346667,0.3339470046753381,0.29154733996577675,0.2696002203788686,0.37160280153603303,0.28461282747197203,0.32939382129112127,0.3586716501486972,0.2810895273563836,0.32847174515600197,0.3002396721209312,0.3871110420882325,0.3201626950447082,0.28907480554754933,0.22293865990015693,0.36520040732493314,0.31320657602333024,0.3490268404505519,0.34332078379456904,0.3137566282414906,0.45669496900289447,0.3642523908659138,0.31408559129623814,0.31184698819493667,0.32637195881011266,0.2817514966726164,0.2731834563056529,0.2512187151279042,0.3830183471888258,0.3539152049911694,0.33125439331390066,0.24362582054223855,0.34447738422110097,0.36133516136766564,0.3025072916794354,0.2988680633800584,0.3886180082636464,0.31708396590717075,0.3303194586106548,0.33580496399672616,0.3204078336248276,0.3176544676099271
0.27231772873092036,0.2412522774593056,0.27614196620440457,0.2493993550883704,0.0,0.25312258708535074,0.3141458316064367,0.2374495401516619,0.24142598341078877,0.23102247498109874,0.28688416132487893,0.23889644203559135,0.2778375974171664,0.2513076937865789,0.29713499573574187,0.3130808157419568,0.30122905886520895,0.2863368648945525,0.22105003477028715,0.23703176709326165,0.29925048800986387,0.27936284577188564,0.28436287165259155,0.27590918033168205,0.24667491333434033,0.278362798215561,0.2576220404724142,0.2319353005378748,0.22219218317453196,0.3153063139068406,0.2595520074779106,0.2627376564604592,0.2608619526942287,0.23433205476781216,0.27838888224193825,0.26779255435512656,0.2835007134688619,0.27477023812412366,0.2463483055886661,0.2930040062849692,0.27476327394729577,0.31964957717944864,0.29353949967558934,0.30679824069886114,0.24074906034419727,0.25893148133986527,0.3248299068802517,0.28561327047836793,0.2915984545224779,0.2849918269648047,0.30021326550713173,0.2650301559925668,0.2349051225328899,0.24197703893889203,0.2508477740398353,0.25219795742249,0.24916898414660602,0.33993342199181625,0.2424701791071665,0.2638120530617533,0.2102369653557209,0.2495630008497034,0.27909655991283516,0.23865518877074418,0.2375156730595461,0.21398757026921242,0.23236168337912153,0.2815147465017329,0.23747882927011385,0.27883850446323244,0.2807030746672718,0.23879355081356038,0.22157174997198173,0.2913893176984861,0.2483955314905714,0.21762057290138917,0.28165665362074965,0.4117181031036707,0.2282883074930966,0.2442623047951687,0.28070747313823297,0.2540242332501646,0.3098915896391952,0.2305063789651426,0.24936144660776605,0.25840553463921445,0.25312887043962873,0.2418624338177175,0.24027255795616864,0.22176470361245856,0.3754882228150999,0.2702176857767419,0.3195586941447938,0.20999317558325512,0.2532082954856901,0.22863723570739822,0.1929399907876286,0.2409978972696461,0.24343484830520465,0.23513881896431735,0.22802812746548526,0.24212224202113797,0.23190143037277008,0.20749665204253012,0.25218317204032087,0.2892680388893796,0.2447560587306201,0.2678999454325327,0.3186844080826751,0.2496818189032036,0.26533747509012573,0.2694897294079122,0.23739388384267598,0.262803700895727,0.24509691686272123,0.27836816393801905,0.2451258874933181,0.24182555232355615,0.23399602954285312,0.24868383252090448,0.3352182674552944,0.23791127243199298,0.2288893408512828,0.32449805640024876,0.22404614459129518,0.23867633191101134,0.23506364192489446,0.2960314196255773,0.22753291060758182,0.26737462663212835,0.25152527121664076,0.2947260073811025,0.2026240961230945,0.23662060380414807,0.21349980343024244,0.26176011328581467,0.239270256876921,0.30576936317899334,0.24852139284663607,0.2914716785227319,0.20867801533497632,0.284709648832637,0.26456837439209785,0.25923752039317594,0.27933572754137537,0.24334214606535745,0.3107934545762161,0.27939822806813297,0.23058019667548652,0.22538639773743763,0.22946597590548545,0.24251635815262657,0.2571342712683137,0.28057146414063444,0.27284812087696936,0.2588310518107577,0.23925124543530746,0.3286894054676815,0.22601958303405234,0.2553440783996251,0.24378132529666524,0.23745761297291101,0.233741077701731,0.30206622393588767
0.31253615962837655,0.441702794528944,0.3576576671041717,0.3065363774426718,0.25312258708535074,0.0,0.30797505315098506,0.3419368340787561,0.25864461208867745,0.2945029637696145,0.41886586074299703,0.3881441574877417,0.3826434218767478,0.24675783206590585,0.37172418614488384,0.3625762697541555,0.3489745696146649,0.2569778647016622,0.33756887360761356,0.31006613810849465,0.38508414580653355,0.4445933241904891,0.24000889634464018,0.3417283470222433,0.35860588985326625,0.2556950537165395,0.22920296755013844,0.27297292270190815,0.2998501252023974,0.2602925670070903,0.321351081972335,0.37264934162591246,0.36629108350792267,0.26120328620879957,0.2819447798502747,0.3086211342442952,0.34653495725994826,0.2730097675901126,0.3423001299832506,0.3067931429793818,0.34215942700938595,0.34237616951915556,0.29656967530407163,0.380191831565495,0.3022815453435041,0.27542582992018144,0.2570610589278986,0.3350138110734387,0.27625664578797327,0.30179173836002243,0.3330264758343977,0.3413755318638698,0.2620222773508244,0.3963935128906508,0.31135581344816815,0.3120823695844783,0.3055358138520659,0.40547570134601435,0.25905970116234356,0.284267891270591,0.3762848432779317,0.2520765507703934,0.35711760345076354,0.22583665916954268,0.2584511629012582,0.2678205892281487,0.2794523170989004,0.32327055945031014,0.23852961509437426,0.31055015707895006,0.33402945430559705,0.23091406273407566,0.25312960600129747,0.35841754744483345,0.3525081442984577,0.24159797997087176,0.32244083515715755,0.2966230706003851,0.24323744491997973,0.2575280288456195,0.372606501231588,0.28819133677596864,0.34711727231651973,0.30093629048425813,0.2625127728080789,0.3234912569758823,0.30759624930948454,0.2315045428113591,0.26766391362862735,0.27905907019025955,0.29665635864741585,0.2833921875423808,0.3543956926449765,0.2718215432452317,0.2625228567630653,0.3708315538665439,0.2601232258965413,0.2993844210904619,0.22010379339547032,0.27627448919811987,0.26264129998409913,0.2857180293434584,0.21979227614835226,0.2586096265343902,0.26668541574924515,0.31938167556180114,0.30999052542275163,0.318137495091531,0.2932887913780814,0.433470179206688,0.36023178404624984,0.241910292223053,0.3190310435745725,0.24935644327241044,0.2690059547326425,0.34626941453833787,0.28610903555343165,0.2639160313310658,0.40864185195487646,0.23977500657053866,0.28329378123089477,0.25197209490517464,0.286010410466702,0.36468086073631073,0.25727871789262025,0.36182498007872516,0.2598054081141227,0.33715981053516797,0.3214930379454252,0.2628570971787607,0.2738910230571346,0.40015224278887,0.24501412318172086,0.289762359143938,0.34335125611048417,0.29540078821592264,0.31697975684321805,0.2757978898967592,0.2884770273293386,0.2812445370468873,0.29242854966471715,0.33551414214551006,0.2871219389830025,0.2795311065057123,0.3324494835417622,0.243808786455168,0.39221511337092824,0.33805999032936124,0.3066101880733387,0.25153389868610654,0.2756779748905296,0.2898564335479518,0.26737941638170304,0.3129877793027057,0.3735348320371699,0.32105403789739345,0.35099369529095276,0.38551449396443005,0.2636605861913266,0.27299793033124947,0.2697894891196557,0.2785263934891264,0.22646352024437216,0.3331434017691769
0.314987876805982,0.30302605020866497,0.25195302167222317,0.3379989205500289,0.3141458316064367,0.30797505315098506,0.0,0.2811791816237253,0.2699008282214219,0.2800657354937549,0.29828637916354356,0.3344403289300013,0.3446939844337348,0.29351087958594285,0.44669474639104917,0.28712029778558207,0.3141380032482212,0.3113522036471782,0.2910655837537844,0.26224617073809514,0.3232935168355323,0.30765630936603205,0.37557751050666244,0.32416288678794836,0.3239801304153945,0.3027123505558909,0.29082774853719645,0.2696101846222285,0.2705639016773538,0.30276290168617986,0.34470083958314124,0.35084136245063174,0.3818389055676832,0.33762210183965063,0.3082871752998473,0.30017732968581157,0.3874597777747091,0.2945167071559858,0.32097369194304687,0.4025487823212394,0.34925298191187326,0.36017891653597406,0.3583636688358606,0.36870449755942025,0.3242035916582961,0.3343356505455004,0.336538693969507,0.2778525601061203,0.424376218785218,0.31087370029926803,0.4101331032165056,0.29744773275150865,0.26886497368661233,0.32776570639730207,0.3421805382744439,0.3352632436922963,0.3024688670385945,0.3262038944998496,0.3190135582457716,0.3120984896972046,0.25474894830175393,0.3059037811954898,0.2953897776587987,0.26707952902232324,0.2873880585503887,0.2597002888403798,0.3140734753465563,0.355670641367822,0.2632622614523641,0.3023405292896546,0.3593321797276839,0.2775480411092656,0.24758308902334097,0.3832011412101231,0.256872813316986,0.29136721337065385,0.4029979109695057,0.3645918455694439,0.2758499660134516,0.25131665018583105,0.34146059974765397,0.31532870562312537,0.3435081270318136,0.25338017503603527,0.29021822063787983,0.3113809894230001,0.29697190980656585,0.30747795356669194,0.3177357807162378,0.2887600999508187,0.36347098635525277,0.4071227417562405,0.3585709678402402,0.27553726370070264,0.3017860431615862,0.32841487817779513,0.23290388135579865,0.34117562804930796,0.2828908843482696,0.3239085092431972,0.2966698993464425,0.3202032519867529,0.308840202170636,0.2656537310352155,0.2797949264407177,0.34112209518413894,0.2935328201593066,0.30229530923487585,0.41983566394819877,0.307775870799293,0.41053453545408986,0.3006209429577688,0.298056180772264,0.2755451772824605,0.2929996152383121,0.3050043875604871,0.3122840706548023,0.2986520358369216,0.2935669894435213,0.2680782981148241,0.3120872516545154,0.2831587134192814,0.2675620625279039,0.4180789340469899,0.25786629883845813,0.3256779451513898,0.27654578754558257,0.3612045448596832,0.27420162201310233,0.33153122155376674,0.27198887211624256,0.2825340278113959,0.2400330502104931,0.26780932752794034,0.24731705716302435,0.33102285252451386,0.28843911897350255,0.3843478936556449,0.28384165835104186,0.35935664854788146,0.2785027080218287,0.31958754728732397,0.33824468442880784,0.2841976361964415,0.3456049373785519,0.34376580461041656,0.3555435835892607,0.3629763556424682,0.2689161544642533,0.23140056746780896,0.2919281746830319,0.319288931751568,0.2735985843047527,0.3477662217829596,0.38198611879367406,0.3409968587178004,0.3176906090564188,0.38854917486829693,0.3123015920876755,0.3536265632891823,0.3058163661833931,0.28347697224292207,0.2877022362428835,0.3183169942922164
0.33626304939586277,0.4247232322804624,0.2914504981678077,0.3419441408690542,0.2374495401516619,0.3419368340787561,0.2811791816237253,0.0,0.3612672982267783,0.3456632307385795,0.31124722865393795,0.32802845809709197,0.35898129009678986,0.3045353219644299,0.37074980389513135,0.31733482804087143,0.33065246572037305,0.3401927930433866,0.35744914793376625,0.37508371254695094,0.35097902086197413,0.31736298600783663,0.3122997599479554,0.292331694223936,0.4005222316892418,0.24909169752601182,0.3356854889184949,0.3488693909103452,0.24722161193788278,0.2679408349360569,0.4854603017016701,0.368459862050591,0.3625974328535063,0.33020062714348025,0.3562204658709836,0.40488846478592294,0.32386019558614654,0.38300308135565025,0.3127467633973833,0.34513919122590125,0.34341542446505474,0.3421725945888975,0.31556074668664663,0.29536870101258095,0.47778973411689907,0.3311099730342614,0.261793894601459,0.2621029892373573,0.34423524448082554,0.3323142358026786,0.3130843350635204,0.2721067605005019,0.303553033574857,0.3120295340744585,0.3157917020060273,0.3299507820561334,0.3295923776022898,0.37538290454314754,0.3719056682014124,0.35552635125475784,0.4228364299121944,0.2691051109418235,0.31548103932010774,0.3179408902227844,0.29771202761266113,0.3044303800007779,0.3345663570502893,0.26696292489579737,0.3327216180774778,0.4751842604128879,0.3048851542605125,0.3212402496704782,0.30068539450782006,0.3684361811989695,0.4421034287210059,0.29622606740782786,0.3087573830372567,0.27676226731835946,0.33166521128133153,0.2096595871680012,0.31036842906700945,0.3417973354249909,0.3220837602094085,0.376569385016683,0.3582028264351688,0.46388778669681097,0.41757830451158207,0.30981428830012436,0.39625079516197237,0.32768681856874093,0.2769417142640696,0.349224750307573,0.3247803962543438,0.28945174938233903,0.34332745614677906,0.3075780417253123,0.3290241976301421,0.40251710773505356,0.28167517629138394,0.3866683529942802,0.31380978788077374,0.38099395130841635,0.28137607392760616,0.3272560595201384,0.3918303101964006,0.31699361344704274,0.34159058903061684,0.41349753782781945,0.32421122994268425,0.31194229057575934,0.2975928774479112,0.318808313530308,0.3342549019317234,0.34312302876329015,0.3283285226221727,0.33118132158833263,0.3856737272716873,0.27959448608446896,0.27907959708053376,0.298106636025017,0.2785707246058863,0.34592856324869004,0.2986353229828851,0.31290295705190263,0.28944505097695783,0.29681881163815915,0.29262611939944166,0.36228059499424325,0.3507081938382279,0.32909235818634014,0.40207400353054656,0.32801039647441604,0.29749363133362977,0.31805382974671526,0.3444494135157346,0.2693297482706057,0.2908290455908331,0.32735377691571826,0.40649845967201825,0.3683333878115743,0.32589500755788986,0.33015028793415313,0.36821768972749885,0.37068283886450043,0.3430665231099283,0.30557150286108425,0.35966657241546934,0.32337716603026906,0.3779999424525126,0.2940331349430292,0.37542386340439937,0.3732903012048281,0.31408745374102304,0.2992870269186591,0.42370265216009334,0.3835964444117081,0.3080364343136615,0.33528362186090893,0.28001421094669743,0.2709327423704841,0.3313443193283807,0.3384307470154472,0.30436170289017395,0.29636724703723816
0.3842648925374149,0.3053652148479413,0.23560390787337265,0.29397303657483737,0.24142598341078877,0.25864461208867745,0.2699008282214219,0.3612672982267783,0.0,0.26528153031040896,0.25335920909207704,0.24100185660946205,0.2985720837355283,0.39087073889392204,0.302303155032827,0.2630794764525267,0.2789903792947703,0.3957809513651054,0.2504982606191814,0.32545103348162296,0.25888212830489693,0.3017890518367962,0.28104814467843536,0.23892953608979664,0.2926090293643027,0.2532489747334741,0.34389216722267935,0.31438621712057496,0.21735545288616853,0.2898700430237322,0.368926400621025,0.28653123502035016,0.2904732692219437,0.2700787029350987,0.37415794562279436,0.27910401539429774,0.27548659259484304,0.37815969735555943,0.24884467883184636,0.3031454865764862,0.25954775615198855,0.36333005349144515,0.2569330115180825,0.25365275237144214,0.32790588662859954,0.3068429992383151,0.2426006253494467,0.21256411804743466,0.29245355981107213,0.2931234693049259,0.27764725839179777,0.2646749297630553,0.3228827287975313,0.24377879097132363,0.24609301395144523,0.38459147664135435,0.31690934848445484,0.27577602816714686,0.312500355302492,0.3019786319658578,0.28083482665664533,0.30716622960417406,0.2721208411889613,0.28734838439709653,0.32459120456224716,0.2996832692899714,0.3656958251959957,0.28618326449349374,0.2847854588465262,0.37227236738810515,0.35125161223107904,0.3480114506309677,0.3598445599210527,0.29057469387874,0.3433398501394936,0.31542978720654385,0.2531885108722087,0.23458358448615466,0.3228201521387717,0.23158124287536394,0.27921982903614523,0.39016072210417124,0.32292748572254776,0.3081093760932513,0.3481002129909075,0.3998734927473028,0.33173155294393114,0.3462676283999902,0.3576325918514937,0.43523553426867106,0.321432746572181,0.3770754640729234,0.26584791869611896,0.2939045920297297,0.40759701976764623,0.2717061045908235,0.29471126891716776,0.31802631106608414,0.36452806953707134,0.3475768686596501,0.3211360745852586,0.25750882562547134,0.3001013156337964,0.2475511929339037,0.3964188163013937,0.2940668463239228,0.24692477623899253,0.3268617079533623,0.2832226031902817,0.23412542382698787,0.23256657871625488,0.3547278982667451,0.3324275468733664,0.40154281475989007,0.32709174169805777,0.34559944711640916,0.33349442961808395,0.23670456695940195,0.21267220460269695,0.3944593871787545,0.311448138936492,0.33301515296496575,0.29800464197715465,0.30516218080292506,0.418220315555901,0.2358014239703028,0.3170308211690462,0.27019731903415106,0.24830960617187894,0.3133797006481896,0.45011077625457524,0.28896821779386517,0.33998392398807203,0.40047564608794295,0.2591861310609502,0.287503238924017,0.25773829976526474,0.30894219493752495,0.31625582435373173,0.3247502212838494,0.2901421434798119,0.2971793621853112,0.3758309417411821,0.3423812380192702,0.2859831530959863,0.3103919919146085,0.33962386957234,0.2717084981779491,0.2842131849657546,0.2584808838634614,0.3687431969859787,0.30650381323098175,0.27382232453776506,0.2556666881356223,0.2923033064154469,0.37259634118286905,0.28070809239305583,0.28601168258600623,0.33595959087903343,0.29769533333179615,0.27706380733329344,0.3786202973956499,0.3612886664422473,0.33600695967179073
0.29235556439620836,0.41159110226620693,0.3375509696698832,0.28188666948554914,0.23102247498109874,0.2945029637696145,0.2800657354937549,0.3456632307385795,0.26528153031040896,0.0,0.27454511381243246,0.3027628922341482,0.3068180467935251,0.2875276132459705,0.3011831795559653,0.2875357839111147,0.27283401273880786,0.3158667449606544,0.2865713169316205,0.2750922904856174,0.266976839523383,0.2999990441007321,0.3176673887594719,0.2457947101731663,0.43175952123485717,0.23034335442311596,0.2831845057661439,0.2662110552706259,0.3945963682902245,0.2402236559128994,0.3609716113372752,0.3422195095184442,0.2719266389569563,0.27470811820883545,0.30154641216527794,0.3187025833348126,0.30784612402587486,0.2984399888523414,0.26095320332501964,0.290890916806529,0.2551199746691111,0.2996000561162463,0.2746281381442085,0.26181694090216506,0.32907723786221654,0.26424605333734513,0.24763290150711706,0.27258252560681734,0.34015330049898884,0.25423094215412445,0.26439877272380763,0.22869911745795596,0.24739093659718875,0.29245080833807635,0.3558217501581877,0.3103909861967014,0.25594746209886204,0.2708650279306097,0.30306748483285456,0.2800453126290532,0.2960317135938999,0.24279870445889,0.24018107774314773,0.26564104909440317,0.2526602418480417,0.24808960407389616,0.26609887029731,0.26195405636648594,0.29009975714553965,0.35832855542182807,0.257424725073263,0.292809746655336,0.23338751635298144,0.293933808578432,0.29777104610325356,0.2800061510394959,0.25120213320937296,0.285715237067302,0.24637659011458535,0.20955001010162555,0.27467573872824197,0.2702615419510839,0.2986947804522265,0.30041930944806794,0.27226316662463695,0.3144088653482218,0.3040928170442512,0.28037494979292854,0.3194292209289567,0.2573909811687992,0.25020046772209237,0.28593763851235166,0.30649946571776193,0.23755530391415,0.2793863536063372,0.35110849451839776,0.22536274119559926,0.3127698731376608,0.26141228805901223,0.2927226891929401,0.2854440344642551,0.29546574464883185,0.24357376067219907,0.3689789154727939,0.2712941232824857,0.2546275824726723,0.2621959349168267,0.36454662582315744,0.2841062160897665,0.28517802131792863,0.2599125229325513,0.2628848071624594,0.28292779359241954,0.28348395021909184,0.26529896640903144,0.26502070818108764,0.30787811120159825,0.37965095439376767,0.27209401640276387,0.2746867241394358,0.23531511258913637,0.2651264595135523,0.24731846861380383,0.28256401257142155,0.24902067332237166,0.3728572785248508,0.24716159319303632,0.2829633465442305,0.36918442333141244,0.3070136491372312,0.331999401080819,0.25306447185851094,0.24994652739924242,0.24835673115997775,0.2814869633022542,0.24590596721697305,0.2675843670524853,0.30594285730460824,0.3443571150056464,0.3001958418796016,0.2845195835353096,0.3336188835148122,0.2961168148848996,0.2724388922501271,0.306981182725583,0.28558262295095704,0.2555437063882581,0.30017844065365223,0.5033092942229817,0.2621647602632837,0.25846432241669043,0.3352508084416971,0.24608286912871877,0.29269545883738074,0.31599910342716003,0.30884800998782225,0.2471510627789203,0.2946548087817071,0.26773524497627577,0.27492693718584343,0.3431747417145995,0.3042842434625925,0.26258936854961606,0.24461889209515783
0.335848746279203,0.34181783081490485,0.34395103646590947,0.2914678941564924,0.28688416132487893,0.41886586074299703,0.29828637916354356,0.31124722865393795,0.25335920909207704,0.27454511381243246,0.0,0.36318850682341136,0.3801887111984554,0.26420405904153754,0.3309827401457235,0.4412106112708551,0.40893224974506454,0.2987087947005027,0.3263318205487559,0.30557867787895565,0.3856429520104753,0.420732176270712,0.26919821044765685,0.34606808994249544,0.365062944498449,0.2914585729207426,0.27104469611426724,0.31532457891134796,0.3166550506420877,0.2968125734177472,0.30030523827629146,0.3904741518325289,0.303244723774098,0.2737882635411094,0.30743746410662603,0.34296507473315413,0.3645176701402105,0.3101458351207283,0.3709433012722836,0.341228489912568,0.3177241502310303,0.35046844303596686,0.3286984953803064,0.3972483706003624,0.30119064150688596,0.2798386469633185,0.23948016014514584,0.41005429962150924,0.32681039617456265,0.29760219559928347,0.3486313320811224,0.2966068472730968,0.24555558545235262,0.3648714707449396,0.37592333723413074,0.265686648185445,0.3210813675666895,0.44960227848516,0.2829030548840831,0.2946350187693606,0.3362613141934621,0.23634964685670765,0.35641829639620365,0.2587227839861592,0.240760722826233,0.2627893329864314,0.2845235755112947,0.28892173182785297,0.28448108466459354,0.32928764532916316,0.31902569178972184,0.2447842915557428,0.279315910841539,0.3664035559731861,0.36330101199497716,0.25630357568881307,0.37557406838583735,0.3070555497666301,0.2518552491094288,0.2496878856713266,0.34458350113820285,0.2578289497402367,0.3079421198881449,0.307942281481195,0.2771788262552667,0.3005336409508663,0.31548779806695937,0.2434112588091588,0.26339213617863183,0.2560257537473554,0.3596917394699927,0.24278955868872684,0.41886733412397376,0.28381999372315597,0.26871183026610623,0.30902945828830647,0.23389463448889214,0.2612293776138897,0.22716925510886296,0.266505203932015,0.2806240242450407,0.3297465690805676,0.22717350646799178,0.2381529890915929,0.2801260343150665,0.2913320384874773,0.29550045208711156,0.3235008887016231,0.30000688921819785,0.3998389034927777,0.3905420003793183,0.26832207429622934,0.30026948153991273,0.27635664154997697,0.28232801208236763,0.33191999225961716,0.2915900797742499,0.3188213518345027,0.37080253592029877,0.2494073013875056,0.31919205705312104,0.23752913871964387,0.28867575859472305,0.3616183137797284,0.2489820746091334,0.35665634351173425,0.23227364923717836,0.3451680206643312,0.3303396994476712,0.27308553378415357,0.26352378269722493,0.3760267911729745,0.2613977371778362,0.28010813158163167,0.3611682792167135,0.29071324486890027,0.3095787896183679,0.29753285837383536,0.31683867077413846,0.3024278266710897,0.2715171194765837,0.3549006143218763,0.26001016994973747,0.2853418994570702,0.383986286947011,0.23692569718859954,0.32143955479693576,0.3053079884647994,0.2948198862826335,0.2960673027227282,0.32222248089840716,0.2809572115816445,0.3440456497847263,0.30300376465611906,0.33609447238558254,0.30900963481778415,0.3363886210092069,0.34244332218637885,0.26744749930406464,0.28918858071015685,0.2672434371946581,0.2859044272335082,0.2247458951788858,0.40672826703133225
0.2677737616164939,0.3798999838963727,0.3431445514532643,0.29467708571377266,0.23889644203559135,0.3881441574877417,0.3344403289300013,0.32802845809709197,0.24100185660946205,0.3027628922341482,0.36318850682341136,0.0,0.28722623842073824,0.20536753933505772,0.3465459536433456,0.32044456540751937,0.3263652706750348,0.24833569973331218,0.3759602273492547,0.2668350106933175,0.36572455753345406,0.3597238595938795,0.2687230255319366,0.33911778390743347,0.34894574365421527,0.2479925947588769,0.24599275060181536,0.256843391896036,0.29601520864242514,0.28100331585777333,0.3144758254352045,0.3250185099996314,0.3265315091792329,0.2848875288107349,0.25087971020975147,0.31141884311548906,0.3032248275487419,0.2680568940632425,0.4120949346170117,0.3156479553952218,0.35541725503699884,0.3035890094384446,0.30803359620651855,0.32227511459216746,0.30008390536989565,0.2891276078047608,0.26507603589833945,0.3130748690303775,0.2966346904967524,0.28421380211192104,0.3365838688235763,0.2997443493912992,0.233359048415958,0.36893595674024626,0.3916790926343911,0.25874479009220286,0.3078292651248407,0.3938967855733046,0.24440401346171936,0.2865283014778012,0.2715819587533331,0.22396686044828126,0.30444402568167883,0.23017734196221484,0.23868139015852743,0.24780438506302818,0.23453524131821327,0.24723046695927378,0.229932607466096,0.27017749189466844,0.274131218596027,0.21991281502378326,0.21517243519765508,0.3273077083089729,0.2973294270299016,0.2241686446442698,0.3051224039118242,0.29332192716801797,0.25035784266394656,0.20867719284892186,0.28663957460295936,0.26891933353264286,0.30751010333831275,0.2442395665230401,0.26374046974576965,0.30871419673291167,0.24879377243516404,0.22326469530279053,0.2736458367166122,0.25867825045358445,0.2809867072259241,0.26888464692969527,0.34239477895936854,0.25845921618834367,0.23373399490386174,0.366744363803999,0.22812801752522538,0.29439498552397003,0.20686817128434992,0.26334626916014814,0.2327718765840743,0.298743141659724,0.23530423223673333,0.32478391686172303,0.24535435491210372,0.29721809545747596,0.30610545636144204,0.29080641837499294,0.2978194361742468,0.38427982374171227,0.40008247818407217,0.2548525658678807,0.23797368507176972,0.23915693414438235,0.2613601973478052,0.3220575672079562,0.2716757616863474,0.3330730674174747,0.34232339909257586,0.2134498601589901,0.26114392339634784,0.23613756211144699,0.24268545194277993,0.3222672576935067,0.203077560330934,0.42407576597363245,0.22500703351453508,0.3593681418621777,0.3620196467055423,0.2496150975488598,0.2513461947205155,0.2995650858444993,0.20928641775993323,0.25260114441208875,0.30801143220732075,0.23956901663420024,0.30910446854075996,0.2855947172049348,0.2855445085138199,0.3025814173457255,0.23949614881023,0.27333427874719124,0.2706952208153661,0.2587699433248613,0.3073545184298107,0.2625775767511942,0.3763126639898127,0.3109344894949814,0.33121266986540443,0.26135509074665825,0.27666787034905466,0.2718262013544,0.29047234431453617,0.3231584010131437,0.40778160315220063,0.26446314903316887,0.2942410966161191,0.34587409817174436,0.2258559910155577,0.24604004115840283,0.235492033503465,0.23613142598300935,0.22055999165415532,0.3006488459171309
