0,1,2,3,4,5,6,7,8,9,10,11,12,13,14,15,16,17,18,19,20,21,22,23,24,25,26,27,28,29,30,31,32,33,34,35,36,37,38,39,40,41,42,43,44,45,46,47,48,49,50,51,52,53,54,55,56,57,58,59,60,61,62,63,64,65,66,67,68,69,70,71,72,73,74,75,76,77,78,79,80,81,82,83,84,85,86,87,88,89,90,91,92,93,94,95,96,97,98,99,100,101,102,103,104,105,106,107,108,109,110,111,112,113,114,115,116,117,118,119,120,121,122,123,124,125,126,127,128,129,130,131,132,133,134,135,136,137,138,139,140,141,142,143,144,145,146,147,148,149,150,151,152,153,154,155,156,157,158,159,160,161,162,163
0.0,0.31159387161048513,0.2790523727705871,0.25511655367651787,0.2504533405157452,0.30976768065739424,0.23909603361302753,0.3160749297553145,0.29166648458282324,0.3024852182856351,0.3037262901993806,0.2668427633391292,0.45879205015085456,0.28166259281527517,0.28110116534739016,0.3403784758643193,0.3352140525156199,0.44312087850830467,0.306068496085185,0.42042424655220234,0.31795977331050634,0.28918883523568556,0.2620863151046829,0.2739338593381803,0.38851840944656635,0.2317619127977514,0.24253929571957783,0.2834675961145489,0.26090039540148136,0.2458087776432511,0.3063693400885003,0.3563312702897167,0.24416999221278676,0.2462081258291158,0.4024115975924808,0.2693271804762446,0.3625998711129632,0.3513265850845475,0.23096273164570377,0.32803402718242886,0.25440705020179205,0.29637005628082697,0.3022717429971015,0.28021262935904917,0.29980851546301923,0.3276537347606397,0.2600476046052385,0.2710595899921832,0.34117003330082823,0.3552281804250054,0.3143578288067159,0.30569903840014606,0.25908623119219837,0.2551941914691397,0.2540412214344625,0.28827212000845986,0.41682141734394706,0.30494841581165877,0.30223518802294697,0.3458802719131804,0.29314876216801616,0.2433295515576615,0.30856939826036006,0.25266784265786685,0.27601382695062865,0.3127712540666316,0.2755389174115208,0.29147408299943967,0.2708142823943626,0.3882365899912029,0.32857038055210097,0.30504223548810727,0.3267294618280712,0.34480165814579594,0.3552018513911292,0.30402167428407767,0.23599885162973142,0.2488784001552576,0.2664031557600581,0.2394538779861017,0.2696727393927107,0.3004707037361506,0.27715377550403136,0.3358976295773664,0.30903447672559947,0.36601119229778595,0.3077326056713992,0.31630676651340106,0.36812414501264396,0.24716039666788972,0.3236745853796872,0.2581223188709958,0.30637427804183,0.3336008432687985,0.28652498200521914,0.2528212938237773,0.21168562017296674,0.2555512481842822,0.24172454636914648,0.3614807430551022,0.26275331073038166,0.25775318766090266,0.24051823752327034,0.24780644852220013,0.3424806554267293,0.29844194775112376,0.2914225871747979,0.3250085407026138,0.2934029337399053,0.2933332933097185,0.2791754771508777,0.30047394232165614,0.3212623935007091,0.2737541077203176,0.3169866089609196,0.36183626204395236,0.3340540127599293,0.313912500890323,0.2654738230589379,0.275339762559486,0.28833650439556874,0.23993439130114758,0.3026156227314971,0.31755906073504037,0.2701551350287887,0.2715789288151241,0.2601601024482725,0.2386027215884316,0.26506014941421724,0.28252151149263,0.2711223957783075,0.28115720241511316,0.28386920491981504,0.296430911466448,0.29031807992723313,0.25367659561068734,0.29913349801101646,0.30527118989777297,0.26285220298093553,0.32030537051547386,0.23097142194068834,0.30196790176648447,0.3238650900632853,0.2371144013106493,0.2933353489110282,0.299264583230236,0.2638343029177264,0.24513855701673412,0.33294969082964615,0.2150346344545102,0.35945599930970146,0.2774616779659696,0.3142528803029026,0.21333970542904662,0.30976261622774637,0.32940524857368825,0.29253788726778973,0.28585876251187575,0.25828470637342177,0.2967736576600474,0.2411783658477329,0.36847536264667335,0.21688501763019627,0.4183674079530861
0.31159387161048513,0.0,0.3093328193604,0.3084311769129079,0.24472563435923875,0.37448914703768005,0.29880531225764917,0.39168386631236446,0.27835885801610044,0.49355331429209176,0.2683138100210676,0.28644802437251365,0.33350267666213657,0.318137436139524,0.3536174457300086,0.26627941164033686,0.2646454107815267,0.29422054628540845,0.2913794595448316,0.28266494667999587,0.2983123180752041,0.38255133913617684,0.25512315140875436,0.28149333408637967,0.3616312023304713,0.22202254540090394,0.22626356862938055,0.2384000570994439,0.34943456097677594,0.21414607218079879,0.34705420171462337,0.31659723053064814,0.32653414670384495,0.2177715003967114,0.3142508727950501,0.30006316778381503,0.3112814653179218,0.27844363628933705,0.27735865792212505,0.305781517519711,0.2927949359033983,0.30910533634933735,0.24226542275662474,0.2730793625626273,0.332121228845803,0.2646752594278421,0.25002085208929664,0.25555121146341164,0.3077070988740298,0.2788941114705766,0.3006806267969565,0.26196983592433215,0.2778405043546472,0.372212226320944,0.30218934587171337,0.3403952004800883,0.2866440399161715,0.2614132157027577,0.34120775265291775,0.31986763157315373,0.3584001095326457,0.23668402695014357,0.24463738909112062,0.22353947250429262,0.2694812009003756,0.24959768565176693,0.30572929477282007,0.3092737234407553,0.23718648250280777,0.34585229967540393,0.316206670477123,0.30174623653783555,0.23699079969793369,0.34909321850828284,0.2986495628406142,0.2464071294246354,0.2635615126942511,0.3138183599839288,0.2311496898642794,0.22381653716355002,0.2716903610733219,0.3140637724702415,0.38444571449294274,0.2782722992552541,0.26176837435314854,0.372932368332239,0.2827748033107407,0.2782427625137861,0.2800816826635652,0.2974737700921201,0.2529380354163398,0.29403914026153327,0.304241756578728,0.258158321353438,0.30580919003910895,0.3681521932770466,0.23613935112133358,0.2637172274839017,0.2421761258234168,0.32726792556967654,0.28689123106067993,0.24928898240689187,0.2082364416347274,0.2703415391633573,0.269757008542097,0.2607224128888529,0.2539611074539409,0.32165565249506173,0.2901903762367624,0.31771092970841164,0.25991451536987276,0.24536595454279742,0.3137560929011869,0.2540936142425121,0.28426114351599846,0.33525404305626205,0.2770449921200169,0.25366569139373163,0.2689491000147159,0.2632533373993489,0.2685222228060217,0.2587427972768705,0.24924975785476058,0.33722883412001275,0.2641996645734105,0.3470127533622013,0.2773199458031615,0.30889884402113676,0.31020457137063795,0.29711647308518696,0.28382583589752297,0.2684477278101213,0.2610004860085791,0.30178514580728694,0.29213138875064976,0.25743507518130276,0.2616967371815141,0.3022544436343675,0.27825156198114537,0.29001100585052064,0.2865177498612918,0.3191402060546612,0.36764435094325787,0.2527656782113265,0.29614473243502676,0.26374817788295424,0.32586650988638205,0.297753965841074,0.3556956377770115,0.20160714934454685,0.2628858674468849,0.3172888280734068,0.24930664352167478,0.29488353155297736,0.2997342869525052,0.34706516424180084,0.27581697810384054,0.34349895371622846,0.2781524453119837,0.2625656704014605,0.2910518165868917,0.3261080460347338,0.23634841610978471,0.2879705615557858
0.2790523727705871,0.3093328193604,0.0,0.2337105387383494,0.28186818858796386,0.3013389811623471,0.22691333051641938,0.30773864020804664,0.2493850866874923,0.33454604934260035,0.3019142217565368,0.25716987821955123,0.32032178259063826,0.26306994210246104,0.25491959643907897,0.3663312909077278,0.3085587886628587,0.28616763523974864,0.22736925175035647,0.23627075341380938,0.31157542833289287,0.40642325642706045,0.21198873765546736,0.2527595705109586,0.26389718787974814,0.2517961729890971,0.2226100794430204,0.22721565610104338,0.2781528023197019,0.24728637151313376,0.24422522687807585,0.28837087227799196,0.23487429869371373,0.18718376849994747,0.2517077031070055,0.26778211933478463,0.2831709316631077,0.30390607297847577,0.23412758913283857,0.2690675476490826,0.2619201925003452,0.28945958728101184,0.2377323878781476,0.25541311059458754,0.26946835244778883,0.23604405617698085,0.2668077001914113,0.26515748562653446,0.2547391195887946,0.26510921387396835,0.2614720825076723,0.2803095110432982,0.20371836952086095,0.2810775579380611,0.25584426869327986,0.24358353738138785,0.24744760573425034,0.3220144789051328,0.2546352078099191,0.2539407088203432,0.24774697638287568,0.2149189445368196,0.2775674367563374,0.2373009381482655,0.20986128148068076,0.21040235217969383,0.225762763708101,0.2940196001353939,0.2647418035802021,0.32875070144906976,0.2867741573825793,0.23305574849467625,0.24900177809956936,0.3484200448187805,0.3078625705152459,0.19251414079581294,0.25096898032993903,0.28258555951383496,0.20777329451131235,0.1992864390618735,0.2548519841251267,0.2532041359583245,0.2936704389249839,0.2714487236962008,0.22934532563045099,0.3432121895606513,0.22926804089268868,0.21829265071211185,0.23757692717595857,0.21659658566217943,0.2990053438028422,0.2126091388602881,0.27639225212434165,0.20023271386989974,0.2502859298321855,0.2633537462638178,0.20439892660614611,0.23717944404305646,0.2133955757020537,0.25846222388076445,0.20468780067475598,0.22779356552132962,0.18973057641192134,0.25461163737469794,0.2525550185437849,0.28450013780790256,0.23320121786264608,0.27105954714729313,0.24969735160446382,0.27017603452258,0.2327353852740236,0.2254266544025021,0.2400325351423623,0.23831734787027756,0.230401508541012,0.3347992279355625,0.21016047614405298,0.2715988833862232,0.27222324383830626,0.2622174226491704,0.2948554550116261,0.22241851469791257,0.21110600718290332,0.27590164022403346,0.20289256464445427,0.293370000010462,0.23971273847324293,0.2785990371595717,0.2725374016806856,0.2614538384389211,0.27095849126390054,0.3729829084015526,0.2074439879345773,0.23531062301416372,0.24860612637177928,0.21233639296520293,0.21954283419784826,0.24558963619340668,0.24271051700988816,0.2436994834886372,0.20419920519288814,0.2758266456660862,0.24955400555400747,0.24073307199131422,0.262581962900605,0.21974205959283516,0.31555095437049197,0.2485989674045395,0.30813713550807437,0.22381470453539837,0.2113002104269391,0.20797032745155933,0.25421446096757294,0.28682904516036123,0.267002961446313,0.2541111822732123,0.25519524693211104,0.3189062784007848,0.18908276357482662,0.2322400861593427,0.2527705490395402,0.22393088441821923,0.2069920329489902,0.30175101478411426
0.25511655367651787,0.3084311769129079,0.2337105387383494,0.0,0.23939939930256474,0.2559169147924173,0.31930365521319576,0.28991917031387304,0.22587908571180718,0.2990096852876545,0.26901154338697614,0.26192795885901554,0.27208783799046715,0.3011988461239367,0.3304730758385602,0.24122534081043376,0.25922531983360786,0.2849018017932668,0.2742883721268685,0.23804585059342168,0.29986374504930013,0.25629168441304717,0.25549696238410535,0.24036579508093456,0.2876623072153224,0.2638290688460805,0.2476226719020852,0.22922838426058503,0.3018408657688364,0.18941958665779732,0.2942468107869741,0.26957571489506976,0.38879512993919774,0.23301133274997823,0.29563164702666883,0.33710499336547645,0.2849615944565306,0.2988857646668548,0.29677565084413426,0.33558012000085247,0.31206348496498393,0.24496623676777096,0.25629640629500733,0.29593800138098303,0.28408088742345144,0.267570319890771,0.19650462317834846,0.2528832508189182,0.29863418004864384,0.28405635142022717,0.3631446060691684,0.2684581184736425,0.27260831775187305,0.39341955367343023,0.3395647782692941,0.245706684512787,0.30528044819782724,0.26780538548514016,0.3435597878591936,0.3433435728674259,0.33918689587902007,0.25263055202588114,0.2552275053971271,0.23448765722362583,0.2896826291750532,0.25877044079866096,0.3426937207388177,0.23532543006126283,0.24178683199468481,0.2933063567713959,0.27128850153776957,0.30270369846225986,0.26232524958532244,0.38479677580456584,0.27225459323267787,0.23096725839285667,0.3315762540442711,0.3190252176889048,0.24603346857041825,0.2146723686163198,0.24617715537292562,0.33222719152818536,0.25098957068721944,0.26478879321525634,0.3199658027467799,0.27800177594229464,0.30569924229811557,0.33944222544466723,0.2798438163584406,0.2444283830696393,0.29231287872320816,0.29569702116809915,0.29060411671436814,0.25406469040313,0.3318230997098448,0.2640977465894521,0.23204518759892173,0.24822251322685815,0.27266542580339953,0.323439379304635,0.3033261360900331,0.29638720186689027,0.29030428267384145,0.25157503957691685,0.29369660366734196,0.2400063466369406,0.27469629471127904,0.23710845617166226,0.2879462356116874,0.23371451966362378,0.2978342240859624,0.29546176792553036,0.3417186190708731,0.31629089222453677,0.2947795331975254,0.25443834057667436,0.27060073939975854,0.238255480654003,0.2686870224724462,0.2943879070047142,0.29397836527765386,0.33430510986171785,0.2444159953451292,0.29173878754679716,0.24977762647869492,0.2861086928224782,0.308301428574106,0.279333582610236,0.2924164306862448,0.33118974918534144,0.21598554417909852,0.2633643703971734,0.3086069645628088,0.3127495017313219,0.2799163271466403,0.2271042154818556,0.19111334983743217,0.329004278686407,0.2725021039345499,0.31091709458239586,0.3256984345582972,0.2919403428898647,0.36964553000907663,0.2811100107262811,0.2955415968157866,0.2627444506453168,0.2702291076211108,0.2619813006207304,0.23840075528738983,0.19992864055022028,0.30752892258195774,0.31777153999229196,0.2768019695179037,0.23636778686884066,0.2956986774801794,0.3014618948826631,0.24689838539047623,0.2761487142075852,0.3714846402509958,0.28980075438256947,0.279824383917529,0.2974090891772424,0.27870623670714145,0.2886176293659876
0.2504533405157452,0.24472563435923875,0.28186818858796386,0.23939939930256474,0.0,0.23486873242517056,0.2566675508601307,0.23489644903709186,0.23462068298983807,0.24415423937514086,0.27949181421208596,0.23104936598883694,0.23828763009432732,0.24693839560787476,0.24606494585423164,0.284901161264332,0.2730880773751851,0.2673142910150352,0.20590261626974762,0.21553437283687304,0.2756506276855318,0.28974361531702075,0.23712470773285765,0.22254676684961502,0.22618088799175903,0.22870868933800698,0.2335794805383274,0.20123459000150595,0.23168745221613812,0.25516534178091393,0.23660701899831318,0.22983135257066248,0.22441684212250082,0.1888927672015318,0.26928414351197133,0.2649371942133575,0.25222020783762067,0.26638600320193967,0.24741002858734237,0.24112075804600253,0.23888791721296176,0.30343301005553897,0.23073040613956874,0.2615043848831578,0.21028536585838092,0.21473645452545134,0.24570151417160202,0.2500054455951063,0.25302214753746377,0.26362211191305013,0.2692639880565928,0.23066129798248508,0.22029817858675785,0.24147783584036997,0.23630662605878103,0.21629586193571276,0.22687614816926302,0.34291755240568667,0.23410962092106025,0.2411487688453819,0.204637730883399,0.2097696975649425,0.22942241799776356,0.23251689707764192,0.21736833446005202,0.18337016136070744,0.22113489276605863,0.24227444070627016,0.22368550113634966,0.28648895681317055,0.2472536966601291,0.2281711057111014,0.23002887070972047,0.269490435138014,0.24724354743116828,0.18395663893918915,0.24687503026811725,0.3701465986051458,0.19107982153005695,0.20374845037395672,0.22055810053250438,0.2526605338367979,0.2653964530104181,0.20487850490676832,0.2277196087978491,0.23718544361388694,0.23238605749779565,0.23559759305369432,0.21080457437229014,0.20513642671191273,0.387363318051531,0.24659954478141347,0.2954248187471141,0.18452278264347122,0.25146731638573155,0.22436364253812552,0.17285877799011132,0.20128501476292152,0.23726810962535402,0.21921171104204615,0.20868364180775337,0.21275786256222043,0.21292490443159384,0.2025261597124126,0.23114573672008432,0.23298199328131697,0.21064871571383972,0.25019855628535925,0.24654188656136788,0.2262335074734611,0.2375990541211008,0.2492336082362631,0.22494895391667474,0.2864551940047118,0.2092407471008239,0.26368238805219546,0.20090795712167664,0.23238837700038006,0.21991264840555227,0.2777659707032384,0.3222001382513469,0.2311526835500086,0.19857492251446024,0.27275766568848026,0.2098250121571381,0.22291654522333446,0.23825417731761322,0.2550727891518303,0.214596324845342,0.22564834297985398,0.232612176143685,0.26798321880040954,0.20494990005054206,0.2532889298700328,0.21706914862547963,0.20822514831279068,0.19495224867153743,0.253787210748047,0.21460190445910532,0.2653211676265332,0.18550574538814765,0.27390072503726465,0.2709213091186591,0.24498608458934235,0.2621279185526476,0.22986850356823324,0.2768575682676264,0.23648443019468338,0.2205082144481037,0.208121649386659,0.21162562443745814,0.21863134397537531,0.27452337491858014,0.23940043211321996,0.2493759489102001,0.24102670955095556,0.20333441387294798,0.2722906159937373,0.19806976043360755,0.22537524094947747,0.20302793378426723,0.226135537674803,0.21752954285757475,0.33264042517193854
0.30976768065739424,0.37448914703768005,0.3013389811623471,0.2559169147924173,0.23486873242517056,0.0,0.25450151804683224,0.30946628831783884,0.26170137364833257,0.31238489892799126,0.27327640768718214,0.28578024772581573,0.34153978441191557,0.23928894792113686,0.3008222459226482,0.28214722666606085,0.2584592605239572,0.2349717933955453,0.28412191437934853,0.26998916632243347,0.3178679045718076,0.3327879652069267,0.1939990036474968,0.2403527060788247,0.3200996412565258,0.21210416454438635,0.18564816485068628,0.20280267629763435,0.2793408781040156,0.22481227454614205,0.2985048060372557,0.3520526540733052,0.2878294501918576,0.19775105348314045,0.26625623592617814,0.2514519453831227,0.3184218054624042,0.2460947327494308,0.2531881089517289,0.2412917974061989,0.25489448080448796,0.30467397212874764,0.26033866758976315,0.3075383399262817,0.24837723429220732,0.23012351960892835,0.24297495413240014,0.274862464380263,0.23470246953734028,0.2736927393317403,0.2933458555999743,0.29746429046732364,0.23278791131735926,0.317609762908811,0.2514335668431972,0.31549916102077913,0.27216428453499397,0.3211629179880761,0.24714520334473733,0.24803421891341362,0.3300918936143343,0.2577341025902066,0.2960447030677006,0.19463245811966995,0.25350754770479406,0.23703413876742682,0.2579558224402219,0.34248523544827486,0.2088781198442954,0.29976948753830573,0.3292679829366808,0.2288180611341,0.2475367344268886,0.304284857666481,0.2937308254433461,0.2285865283151196,0.25674834141841285,0.26644516886224917,0.20801723884407317,0.2676644004075518,0.33038516004837615,0.2942354583274379,0.32481731743343817,0.2712495993065492,0.25133201654319376,0.28972314849475417,0.3123209756937499,0.25254403623473687,0.25651239346304117,0.2435173588185611,0.2687929765582163,0.2877573112796467,0.28388149711952915,0.23430214757922452,0.2557916896647822,0.3350837573252965,0.23908847115235363,0.25961157518428335,0.22801538102318114,0.2578407178739258,0.23393838585657456,0.24059819580924596,0.21166450638712303,0.24015463411758253,0.27122366581239327,0.27745018657057935,0.2572735881185006,0.25764306257404146,0.2401733744555441,0.2991017840833711,0.2712443325520938,0.22478392569153297,0.34078069404912803,0.24256538624271198,0.23357304731757408,0.2769933649790744,0.2614410065003022,0.23734341010845716,0.30717361960578,0.2437519495648238,0.25506207531755914,0.2532306532227955,0.25475986527981553,0.3167448074783056,0.27356726601235365,0.30296006656970903,0.27202518626145816,0.2587109873173773,0.2567435916242651,0.2371794904868742,0.26100226674717797,0.34449879288974655,0.24870872715874015,0.27886686471930217,0.2761842494945894,0.2546651698182103,0.2568325341272771,0.2325521092431383,0.217983009208778,0.25973269100192775,0.25982138295067214,0.3229613948666455,0.28206562640271315,0.24567499971715367,0.2788230227188969,0.24491889977197795,0.3289943130565603,0.2795492412029611,0.2969433540996805,0.19732851573420784,0.24853825827446177,0.2759724794338727,0.21231433956897575,0.24252428563458606,0.30581589192627306,0.3032290296116259,0.2622286001637231,0.32743528763354507,0.23566081205286626,0.2656121452394864,0.23172603479198947,0.3099008364255258,0.22427913345082698,0.28756380464605297
0.23909603361302753,0.29880531225764917,0.22691333051641938,0.31930365521319576,0.2566675508601307,0.25450151804683224,0.0,0.24303350734529927,0.2169143042156197,0.27631436858767455,0.2525540717595418,0.32046263065956976,0.2611979719354761,0.24193752038207744,0.39554657022933887,0.22692201825919678,0.22891695471949244,0.23630804331723487,0.2601095930084294,0.20315017628173943,0.26334046939922306,0.2827713778387899,0.30356644309345504,0.2991577294535937,0.2730511159421392,0.24543152573606009,0.24037961033782493,0.2101673648074841,0.2743434338073816,0.23104242398063946,0.2997274198852393,0.26303119622300253,0.3340738308988779,0.25823262792738866,0.2387462411557246,0.2498051837446389,0.32319987222399943,0.22316062639489434,0.32855464916182886,0.30828226754572974,0.29232616822477886,0.25170111058226513,0.24857894611146875,0.28734546246447334,0.278416488466215,0.26413194903561743,0.238390547538851,0.24062793060583848,0.34318731257086266,0.22684354705635318,0.3224497217784738,0.23190549759646906,0.22081839008404075,0.3307070119169716,0.3232416724461638,0.2600466770162674,0.24436402023657675,0.255097973702322,0.26491569233947093,0.26603962116190016,0.24093599338975805,0.22524982846796449,0.2054133090436888,0.2014862796547773,0.2356284904722366,0.2028178747307875,0.2970896618981381,0.29176699745936846,0.19139276506303052,0.24280937092381108,0.2826247986010582,0.2360439576332371,0.19523680909247268,0.30420333511921965,0.20059381008786073,0.24482231794173687,0.35812457251698093,0.36738259850115573,0.20804980561828096,0.22547157871725343,0.23872242684674383,0.2871599365296936,0.29257603686615424,0.1942800150187102,0.2269425141830891,0.2478708167188102,0.2344438713417567,0.25394085823723694,0.26538713597449964,0.25930627428596287,0.2635974687526331,0.3402064587397786,0.28621648369487973,0.24172873656599858,0.25594017963616483,0.32135476911488686,0.1994952717895257,0.2544484084182667,0.22617140803741018,0.2866293507420059,0.282855242324007,0.26551546943178167,0.23668766554070736,0.24345803235870647,0.2123473786337932,0.25239342248691243,0.22997938277146177,0.22607891525291735,0.3050040981612772,0.2769616227455939,0.3474345817920393,0.22936554239127638,0.23653919274518032,0.2285091961114522,0.22694507518724205,0.2538876171954904,0.22841904422067702,0.2616715251935409,0.22317185365148065,0.23115847965658262,0.25791757126851456,0.24769228269841137,0.20120801459422802,0.3590773513825621,0.21402097365178321,0.3198981599267659,0.228385780947364,0.33638685402135154,0.23023328236700016,0.2669056132700378,0.20191182706819952,0.2150436799773143,0.22892669232884913,0.24098949053057403,0.23191811386029557,0.23789248098588087,0.2289337813242219,0.30291355970605954,0.22390510233801558,0.3051037480764085,0.2534190838664766,0.24465150031408198,0.31671804934863795,0.22570558293768417,0.2842365321087051,0.26795721004408485,0.29451324169821685,0.31112774216488004,0.22435091716289665,0.17096035745525118,0.25804604419899496,0.26540373853840155,0.24004740879459716,0.27888573281170204,0.309949623288522,0.29419145033328375,0.27331055615680117,0.3253859210413832,0.2815946359824617,0.28089186115371495,0.2431794527296587,0.23422980404044358,0.2525349670422999,0.27050368356228416
0.3160749297553145,0.39168386631236446,0.30773864020804664,0.28991917031387304,0.23489644903709186,0.30946628831783884,0.24303350734529927,0.0,0.2967535728084169,0.38911445717987164,0.2504545812139415,0.2978420304138089,0.33380477610688897,0.27216715637183575,0.2935493821922209,0.2955799734250257,0.28899603104961935,0.3076194207458273,0.29922607126591994,0.30255948950389505,0.34533902064121286,0.28435163027150234,0.25333493795841705,0.25252742738278927,0.3637162032450443,0.23420555086782446,0.26196918499882266,0.25320011070666537,0.23916832897349793,0.23137201617605865,0.3835606082696841,0.32555095489833413,0.2815457722521966,0.2391814353194351,0.333507880888902,0.35258950399162037,0.3265989997422769,0.3503722247645928,0.2613368204957932,0.29938947809300226,0.2861695147357313,0.28677743327600264,0.28518425738340647,0.26512259184220754,0.38427426493368716,0.2861551525519481,0.26876424955819245,0.2542634053352093,0.31011299092957256,0.3203834145526085,0.2979979086721493,0.27315407657563673,0.25159248179411675,0.2889227405898871,0.2774043227474185,0.2958868163633176,0.3075044337105381,0.3159416448292093,0.33909328499574537,0.3290210663091859,0.34783449510450987,0.24001540201634655,0.2833448431532376,0.2644419900022655,0.2631847860053913,0.26349261162952076,0.2786951065861009,0.2814941841175606,0.2856301712013246,0.43706333211949056,0.29142681183583613,0.326061227501626,0.27179643766057227,0.3727866110053057,0.3503231347063748,0.247625672490277,0.2650587535131804,0.2676323406672758,0.2798746954507374,0.19677450273151093,0.25101193728520665,0.32332873270286216,0.3147369908482583,0.3222607272016751,0.3182635778042455,0.4346362387932712,0.35369386827332694,0.3041393663472396,0.3654270377664792,0.27053244966215245,0.2759850277137352,0.29525676545677776,0.2842360423366415,0.24916142153258486,0.309258154720265,0.29864450876313664,0.25337098206012926,0.31046560820079366,0.2494167650794834,0.3624960263359453,0.25433388686972,0.3072506593206928,0.2548679597342362,0.31377253451894394,0.35445094262234217,0.31381431320356296,0.29552997402917075,0.33520926763228404,0.2843968363568215,0.29168346866916306,0.257233410670975,0.28947072216645897,0.3093586101746429,0.2845002996699893,0.29183208276010153,0.31854549834121876,0.2971864295100396,0.2701668890537464,0.2626928422246485,0.2777541761372277,0.28298114580077277,0.31710010262416405,0.25418107872547413,0.28697808140986575,0.24836754109999357,0.27645362837118936,0.2820004350967689,0.3198389005279874,0.31248454413698495,0.2941777167209295,0.3241845388537157,0.28948455101324194,0.27668448913414845,0.27253908312165764,0.31272573876206056,0.22193113769728373,0.257200562318205,0.29903790638953975,0.3000452921697353,0.32085251225190764,0.254509299484209,0.28387232525388456,0.3516369034036174,0.2701331262545652,0.3068466049756022,0.30831737828662464,0.3280171404031678,0.26640110848333465,0.37739343212548343,0.2179701514190995,0.3083499724025656,0.2908665660764019,0.2705951611908255,0.2785025666355368,0.36032368435478696,0.343502710297662,0.2517661310872658,0.3350411246160709,0.23016446953381167,0.2559389549972079,0.269972870533959,0.3142008889984341,0.25162060108945494,0.27766970839026395
0.29166648458282324,0.27835885801610044,0.2493850866874923,0.22587908571180718,0.23462068298983807,0.26170137364833257,0.2169143042156197,0.2967535728084169,0.0,0.2603347187773039,0.21852868818086163,0.2182963848049414,0.23825927420174275,0.3201588251398088,0.2341219486185006,0.24001592092607107,0.23962679160716047,0.28602382697328366,0.21743693308905093,0.2518035199051004,0.2392329059787673,0.3330560587984385,0.19894154887465704,0.1920699800939883,0.252213031275222,0.1906375551462735,0.24271522173221619,0.2199274474834121,0.20844522383070863,0.2722768285159664,0.2960852108370329,0.25477369303159886,0.2246244893210658,0.18665913283089883,0.2829685533185211,0.23650939428619477,0.23291491208396936,0.3056094527837435,0.21526482071146974,0.21876279175655558,0.20094910856391002,0.37227645051789493,0.21098054161228505,0.21288914637224904,0.24390353888739139,0.20893115131434398,0.21662286014002904,0.18844658078461682,0.22561204406409727,0.24849878909506443,0.23047264351610683,0.21625697367669638,0.24931700250609015,0.22703682596781552,0.20734536842763446,0.3388535406866579,0.24252643030968785,0.261256395991643,0.2477266953750815,0.2270461473629186,0.2349619386337086,0.25565765508660276,0.22710531618768318,0.23648573373857734,0.2571049464213351,0.21609171506710093,0.2564551399000163,0.2686927307509292,0.24325141188043078,0.3202389236819976,0.28315860217761957,0.255071985245851,0.30742826128959816,0.24673738373645013,0.2958935288511836,0.2180115906412516,0.2087156543306566,0.21031814150366926,0.20666762462878888,0.19550856430913024,0.22299411836615005,0.35617078162297483,0.3042710631068291,0.22983845588697335,0.26539271173913265,0.29664471037304807,0.26813367082016937,0.27773990863472653,0.24939490116151494,0.3088091228301498,0.28028857884636454,0.3113994660058715,0.22525673119697565,0.20906498246771324,0.33103552898725747,0.26816463083080466,0.25433734040346107,0.2468436777348022,0.29636498267524014,0.24366030216599335,0.2424019021516064,0.2149635902767173,0.22649538438259925,0.21793947713988465,0.30010092370706304,0.22179997027626933,0.2022802366604393,0.260230799627844,0.20381203364263661,0.20594432788894368,0.1975847771367293,0.2601788388704118,0.27695054139378805,0.331080381323428,0.21484636963582515,0.27408294200310374,0.23283850677741655,0.2216391878333887,0.19526120917096695,0.33272333731804515,0.24756223932589103,0.2613364897120997,0.2282460364470494,0.2354547315729388,0.3282599141416449,0.20075522376904753,0.29081560364325554,0.22585756912950278,0.211089984065939,0.2358513496438074,0.43085608083518695,0.28528441675373856,0.24666241362884972,0.33718300867992573,0.22461549362944638,0.21984139358948593,0.20857948952153932,0.2225804197536394,0.2229486855045015,0.25768577570319956,0.22087671324519811,0.2915979673998425,0.31599165935891027,0.3073037332617675,0.23406834288129047,0.25383460304353306,0.32585119367738496,0.21904292926142327,0.2610643491105229,0.21685291934767204,0.25531852886571627,0.24662550342184134,0.24279687369953717,0.229822295777605,0.2350418497906321,0.28082851194675207,0.21016675459957856,0.2426530860445065,0.2301308684086365,0.23841535581040257,0.20713709806482322,0.2872215163296503,0.2761399381358746,0.27283062677643116
0.3024852182856351,0.49355331429209176,0.33454604934260035,0.2990096852876545,0.24415423937514086,0.31238489892799126,0.27631436858767455,0.38911445717987164,0.2603347187773039,0.0,0.2540391233573945,0.2822792870783406,0.3228348987643308,0.283201017122735,0.3080475635656013,0.27741039184530913,0.2744730324398038,0.3134723130737412,0.2775506366821528,0.2713008327064309,0.28112109419751186,0.3016910201954024,0.2676427400754074,0.2524340656545328,0.38117475382937216,0.21447211226388685,0.24082869469418572,0.24423613077006065,0.35202526388724376,0.22035423439251256,0.3616678897945818,0.3263360648167399,0.26509153492691573,0.2263070113494328,0.3054291946710114,0.29086287030871716,0.3144717276979856,0.278824518808236,0.2506268689406796,0.29658363363735163,0.25339919853314463,0.2883617560849713,0.24593923592566083,0.25275712176391785,0.31858456740211094,0.2639664157366834,0.2402002253781507,0.24835901894836088,0.3254574164571249,0.25956862638432826,0.29448533595715204,0.24428965239533643,0.24930305006369916,0.3168772252732793,0.3172832101868567,0.298033700327743,0.27663644056862285,0.2605309349362923,0.3491523633522024,0.3040436638436749,0.32690797624721674,0.223363380015801,0.233426236730224,0.22673899408301776,0.25096035323375726,0.23460111275174847,0.2707197556641994,0.27729212179119156,0.2491349462821029,0.36168625031184587,0.2706034783016972,0.3054378655940017,0.23078724071282034,0.3540647467315005,0.2888848552767484,0.24931244407986577,0.2596547572938754,0.3058357502634194,0.223372850649065,0.2159480260137753,0.25628249667195396,0.28653028025492466,0.3369174836249553,0.2790235662431688,0.2614666674246457,0.35282806082579077,0.28143193304477093,0.29380489038590657,0.309993750103162,0.2551982969049569,0.2528465818481012,0.27402520115540585,0.3056943692129759,0.23592265240320373,0.29048714663693626,0.3196729918903276,0.21111074840774852,0.26677283989872896,0.2390699538683279,0.33521182861241405,0.271029126073238,0.2613414605120671,0.21538969630251587,0.2973040172728006,0.26626129481249894,0.2576546519615986,0.2510748964816843,0.32399631155402236,0.2730936432063763,0.29232757820467864,0.24881556324626555,0.24204526868817028,0.2955762344641081,0.2667350854207158,0.26233068522205394,0.3135123015300754,0.2833160358876941,0.2948635901168475,0.2581923081194672,0.268929781675861,0.2597002525572605,0.2562082720728135,0.22687916995335144,0.3164597709890885,0.24057896528643125,0.3436866596907832,0.2663769546462879,0.2913727176491106,0.31384277623232015,0.2807150961801991,0.30023452822169217,0.26315889512716073,0.2674551846921544,0.2586772575431404,0.2645082215947774,0.22427893769172233,0.24997530973640847,0.2848035821270133,0.2771489622368804,0.2971887955968874,0.252060548477126,0.29700090611151514,0.346286892153439,0.2376414865474202,0.2777257685404044,0.26812528087689547,0.27500574438418435,0.2932617721422767,0.3956941095583656,0.2018878926797727,0.2566284474473828,0.3086908222804371,0.24638769683022652,0.27845650480902734,0.29532460312779774,0.32133757123216145,0.25331884731541826,0.3382051335672968,0.25621194051477636,0.2789409950640232,0.29602826945425775,0.31889072284316794,0.23599720824018028,0.2756374823294522
0.3037262901993806,0.2683138100210676,0.3019142217565368,0.26901154338697614,0.27949181421208596,0.27327640768718214,0.2525540717595418,0.2504545812139415,0.21852868818086163,0.2540391233573945,0.0,0.2874367693272006,0.33549378372514355,0.26030524978644504,0.23778400136363534,0.3583081449813161,0.3450913510588548,0.2937096219427917,0.26052470127800653,0.24979263792306083,0.29978196171972227,0.3293248791432179,0.2415022887728411,0.2686966894713633,0.29036417515184115,0.2586587641430236,0.26893236113449975,0.2813387399568243,0.30478814590507897,0.2525401639057568,0.2361407258128015,0.30936452707296425,0.2234483307626217,0.2135395829129535,0.292406610034829,0.2771953139095806,0.33155964065376486,0.28839058095569403,0.294223726480903,0.28006980586553376,0.24575519046532088,0.28905713615956413,0.24874281554428826,0.3002348264002632,0.2442397427084878,0.22523692309553495,0.190438087861687,0.3302452495360278,0.3027966327020529,0.2527290836109766,0.29120237465644183,0.24057000750056676,0.202366161592336,0.3020265401764595,0.3231631444708995,0.2076937177245994,0.280461775121662,0.34981827460653464,0.26330451604783667,0.2756423271349794,0.2841566145274189,0.1891393532109284,0.2616354986789367,0.23134117877385416,0.1984050008245395,0.213851181593042,0.2608543133595249,0.23708285447223595,0.26519917312670077,0.3047372292056862,0.24788111229450943,0.2365537804064151,0.28397535183854994,0.34144514602484494,0.3170085583686517,0.22156756592844937,0.32143065621770417,0.28337810197426333,0.20172220030011903,0.21958258260993252,0.2363301369304074,0.22063306991702594,0.23994272828239438,0.26656994929938843,0.2339854720465478,0.24866239653354716,0.2717933146994782,0.2343751140548348,0.23401022108709468,0.21071681149631952,0.3561600079262376,0.1973847661607257,0.33084517365154487,0.24472971986819447,0.23797967539605433,0.24101920145302913,0.18146757649585135,0.19772230529050785,0.20768447259224485,0.24720447292231104,0.25602453771548844,0.25954951410107574,0.20522504765773902,0.19646875497176752,0.24338445701333847,0.2228054547917301,0.22945229576372664,0.2625749711385391,0.23609040995209493,0.2888633762466015,0.33217398707159523,0.23888939797335554,0.25917026542500105,0.277319087830296,0.23875112998620754,0.29290811403582445,0.23105562444773503,0.2873746554188689,0.2846001551802571,0.25304131010593883,0.2933588939114374,0.21078049389679068,0.23355339069347833,0.2830675129152423,0.21693358476825567,0.29655660492092456,0.2094369534542833,0.2661179590094768,0.2553226142350899,0.23254636624529557,0.22183062692739433,0.2836634390617542,0.27954836973788816,0.2616081214173186,0.2996670164780308,0.20919579528529778,0.22852552550240154,0.2535644577291277,0.24290310365887502,0.25644113024986137,0.22025909845806033,0.2917607896351262,0.23362478837610073,0.22794924028174574,0.32013007615534206,0.21468005996163086,0.2357709126152399,0.22791066712266608,0.23529816514018637,0.23377658127513576,0.2891602476496593,0.22692482356604646,0.36120303980451446,0.21980796305300684,0.2522590789615235,0.25719983352185793,0.27773102655058673,0.2736248535900307,0.2421629052067686,0.262640403665469,0.21361728051134443,0.26664242147687567,0.192219330970715,0.40948668892461
0.2668427633391292,0.28644802437251365,0.25716987821955123,0.26192795885901554,0.23104936598883694,0.28578024772581573,0.32046263065956976,0.2978420304138089,0.2182963848049414,0.2822792870783406,0.2874367693272006,0.0,0.2550608254644408,0.1833938409145541,0.2756436556959704,0.283528852418064,0.26101339962440495,0.23152786778322904,0.3306826374108349,0.23742506250362896,0.34604336885282283,0.25053790441953044,0.26014241123000864,0.29807163682288684,0.36807976082561206,0.2413101195771069,0.2310936407332526,0.20847162432040603,0.24197645243762575,0.25548241839008795,0.30733700320928503,0.2998409132817343,0.24605929381545152,0.270857343894091,0.2473828330361001,0.27597057586568824,0.3180706605009404,0.24459927451322325,0.32315879382894885,0.2816686900614911,0.2680160826170506,0.2667622413404022,0.29134109412695003,0.28869407060197944,0.28113364428212784,0.26551786314813003,0.27801016899780984,0.2847687032901174,0.3038122258218719,0.25263160891229836,0.3162016060663132,0.272339325064691,0.1921978735666052,0.2994968583450115,0.3307789382150537,0.24943301422461653,0.2961366410538854,0.3349437181632175,0.23074527560779765,0.2656095428394623,0.22921316971926045,0.20420361051989228,0.25080502568957874,0.21611964332144049,0.21622528436634328,0.22893731615489524,0.22365660033197376,0.23740135750252517,0.20190157042316575,0.25103521468893447,0.24894742699456623,0.2211495662407107,0.20784827349484403,0.29145035573072897,0.23410438605425138,0.2233523668999301,0.2823214154679114,0.30385739929046235,0.21887037623565286,0.20311180577342428,0.22645357864797722,0.2627841779802247,0.2740777654305438,0.21055922625608123,0.2635353157291904,0.2784838129193601,0.24442250466085225,0.23996125852219355,0.3015836587874951,0.23755490287757391,0.2681626174260499,0.26464772100510475,0.28054416261611453,0.24511551983351174,0.21515240274823086,0.3140940418514363,0.18999906732064234,0.2806620910427861,0.20414867327897313,0.2646130551293779,0.21762424643521971,0.2822123374863416,0.25640531119284343,0.30032648488276437,0.23239010715106853,0.2754890641939887,0.27349405734909976,0.2567281463677025,0.2573578334142268,0.33833742457702604,0.4074141260759704,0.26813750511668527,0.2296211259087242,0.23294659949754393,0.23724697545807055,0.27664972000907007,0.2555056316162108,0.3185818453836034,0.2701654820498621,0.21186787899981774,0.24439888888093064,0.23252105473476017,0.2234884688258603,0.29622417413513213,0.18781128047333995,0.32482267454159824,0.2127744545267251,0.3298841485972847,0.2855716296400565,0.22235358761590085,0.2198005927669293,0.23499788688269485,0.21119855482388009,0.23346441592983447,0.2684253871270042,0.19532007026090525,0.2831266329775565,0.26847299192169405,0.23312255642926652,0.30418590231779363,0.1987129255015018,0.24123358557418423,0.2631107710393315,0.21845519158635493,0.29135300812917403,0.3164223539076235,0.31800258390060293,0.24380293534590292,0.29791497146622914,0.20749659545289795,0.29522574625147957,0.23931651477391458,0.26419541221768356,0.2695123976545727,0.38393015681018117,0.2500842260480975,0.23337128921877026,0.3354985341920188,0.20444892367884396,0.24579364983943092,0.19750507204495046,0.2329159485480998,0.2102161144011877,0.2775659835804258
