0,1,2,3,4,5,6,7,8,9,10,11,12,13,14,15,16,17,18,19,20,21,22,23,24,25,26,27,28,29,30,31,32,33,34,35,36,37,38,39,40,41,42,43,44,45,46,47,48,49,50,51,52,53,54,55,56,57,58,59,60,61,62,63,64,65,66,67,68,69,70,71,72,73,74,75,76,77,78,79,80,81,82,83,84,85,86,87,88,89,90,91,92,93,94,95,96,97,98,99,100,101,102,103,104,105,106,107,108,109,110,111,112,113,114,115,116,117,118,119,120,121,122,123,124,125,126,127,128,129,130,131,132,133,134,135,136,137,138,139,140,141,142,143,144,145,146,147,148,149,150,151,152,153,154,155,156,157,158,159,160,161,162,163
0.0,0.30328349011175026,0.29305334816191964,0.2430404512255609,0.3204596197809522,0.24748214938175797,0.26138963408544086,0.3325920921181244,0.3503424472834419,0.2995963849930599,0.3561053587193056,0.2821831720715995,0.37429218103792783,0.2490864215552662,0.27993717447857513,0.317739910788037,0.3307629555919457,0.4271419063939166,0.28968761013968025,0.367141392419891,0.3349755071486511,0.3137734249032178,0.305616085275558,0.30244155831171593,0.34616941228967263,0.26115340268998277,0.2652931307360015,0.2846751459266837,0.25770607604399987,0.2949552717099619,0.3090132288965997,0.3108097169405142,0.23139459178650376,0.22636878462578358,0.347982554114384,0.2772328446240263,0.4005848526105141,0.3346847868346996,0.2584971031482117,0.39633046132126454,0.27681728266818767,0.3109415498904494,0.33998758375067895,0.287236653263345,0.30163733622868427,0.3368763584919547,0.2854134313274992,0.35725639630232264,0.3871702867925958,0.35575885483434744,0.38048024722569035,0.2787829238728701,0.2895117256082359,0.2744581010516348,0.29135924985099504,0.2714305004755961,0.42357909877119526,0.32068901460786425,0.3232407178129445,0.2908104330066908,0.28369217875893926,0.19961752240167663,0.3543700564017813,0.23982674533526302,0.27714565342332403,0.2941907628448381,0.28076790663934253,0.2767745835539564,0.277185527545338,0.3465137575157762,0.37242717411262005,0.28730232473197825,0.3242438003380598,0.34878370942791487,0.30582356872273025,0.2880953975324154,0.25454444597925324,0.28589819031062463,0.2889953946501651,0.23060619302085267,0.2774567960385134,0.3387157318816747,0.3262950097610869,0.2715630404030644,0.33912907928021946,0.34756311504356435,0.34539220460299785,0.3606231743931792,0.3071756643535421,0.24405581708187254,0.39277296396796113,0.2608355831091285,0.386961912267683,0.30410637193867607,0.34861627924264055,0.2439820176520459,0.21006994360667752,0.2347013631117609,0.22847321197507728,0.30056386119857254,0.23842030801154065,0.262305443683203,0.2575214555815814,0.21978114275056382,0.3638245303707512,0.2765340206762134,0.2716370318274255,0.31982357305727616,0.3329854335812588,0.3209054715222544,0.2814900458327286,0.3684796862310557,0.3021247562836895,0.26512503522494457,0.3107268310631683,0.33288564409853494,0.33095208359917927,0.30055044115306734,0.24291708577910048,0.22417174007628815,0.2962770889383172,0.24062917033608333,0.29684828000628727,0.35413950747225764,0.2856919232723819,0.26508784709562844,0.21919161039277435,0.23619923765580372,0.23766837220468723,0.3084901877681853,0.2532475893681296,0.27636231530502137,0.242797965049606,0.2910737952637023,0.28167343007210044,0.2559863726429794,0.302088343778809,0.324920557580013,0.31993967058384765,0.36009717037618433,0.22761011661375105,0.25032050326095545,0.35449424423254616,0.29380199272627605,0.31243831765118835,0.3039649378756323,0.3153825596159963,0.25204189808770466,0.36662175045210493,0.16025297165387653,0.4059227369427184,0.3110491671508088,0.3335807445273109,0.2546343863080762,0.27799328480776636,0.30907571360657443,0.2823586242723898,0.28314933983128576,0.2652371400768393,0.2846983216361653,0.24657130686939638,0.34715833936347146,0.22556544344541976,0.4486134782584075
0.30328349011175026,0.0,0.2798792432166999,0.2711768972761632,0.25559541511784073,0.3973339654037335,0.256149034528678,0.3909971635181569,0.27980609626870595,0.3478720535939229,0.2990459755136631,0.3214220443762276,0.31057222081918046,0.28180491330090457,0.27518351175241174,0.27362842674675664,0.27773608321031634,0.25298269495997994,0.2823076401332619,0.2771320384179456,0.31054372766140953,0.29843830504343744,0.26031998870419915,0.25845776258019826,0.31229698031954983,0.2607475385184356,0.24644453530687999,0.24463818453042593,0.37731857667537494,0.24033059794461217,0.34803699979273334,0.3217296770441387,0.3228125173083199,0.2435144532743382,0.3123894975894057,0.33027736485714637,0.3186815592722908,0.3085071214643373,0.28931352042456204,0.3156739313302561,0.3400102122846053,0.2823874583355384,0.23310483392792078,0.2707391492703538,0.35493500082539725,0.2657182126363051,0.302177292068671,0.2926342326272234,0.27746063786659964,0.30679200897297154,0.34703620261055623,0.29679715099233633,0.34727499994385075,0.3653356026113692,0.36123395650501783,0.3608650957709193,0.3023365694888143,0.3032966228522986,0.2919950427509451,0.3193617711737608,0.3568041879535896,0.2174055750146053,0.29854969679590343,0.21307115670995508,0.23922113098595132,0.24470867880598013,0.29775791267278,0.26166380697079755,0.21929312340091633,0.302921180178669,0.29324371184603487,0.2785978911981508,0.28372672295507345,0.3188577683279873,0.31531456024721777,0.2756023648810891,0.24965611806663443,0.36291790026616405,0.2656917325260518,0.25851075993540057,0.2762352574869846,0.31068685925807066,0.3625980072264684,0.28353391300617137,0.3078217740866824,0.39338058263433423,0.3200009229099972,0.2852505240768796,0.2904394758395513,0.32417159623904696,0.2904601401319445,0.3170434986119282,0.35704509526614636,0.29314310831866347,0.3303625139511061,0.3124101451541309,0.2693752598573252,0.27657507307005147,0.22759358767479837,0.3295185576962719,0.2590925411294781,0.2312464572440402,0.22219530184377903,0.22181727212510377,0.3321373212471893,0.26710629844020767,0.2603094953020423,0.2890931993229851,0.3159239052223294,0.3206812023500437,0.26711387689094296,0.2909930031815485,0.36073559969055097,0.261006214437192,0.34391270958950576,0.365109040356503,0.3188122337985471,0.2098932213117506,0.2568451321652365,0.25002654746505304,0.27555766899394957,0.2955884267915778,0.31614209134036436,0.3483882626648744,0.29967201443897706,0.35234933908695865,0.26737323232526905,0.2927208816593725,0.3144529869858463,0.2668436564413049,0.28488401063044727,0.26621499011737454,0.26701699025992537,0.35494342880387364,0.2588381697332317,0.2257254551955306,0.26546671463001137,0.32035592071154495,0.26695584539985145,0.27597566073438284,0.2487920354944563,0.28345082693048357,0.4191611264827661,0.3193904070938161,0.3162950145371442,0.26787850829450877,0.34286411082018986,0.2637636543261345,0.33887238937816117,0.16496710847511567,0.28490602733586184,0.349018215107807,0.23444415641348884,0.2739961102637262,0.2699306353509048,0.2888972191289067,0.26225419516135656,0.3001762502579232,0.26941945370319137,0.2878726821251405,0.24859282017562087,0.39896849492441366,0.2265521898133596,0.28732238008557487
0.29305334816191964,0.2798792432166999,0.0,0.2394659415288965,0.286786848168509,0.2693081835115808,0.2191827203834022,0.33641480031576676,0.2565341568479124,0.3490487475924023,0.31496071950291904,0.23788063877636773,0.3260360084785601,0.22695646122657967,0.2283816661603644,0.32222690487974764,0.33008121060396467,0.3010059194283656,0.23869546163287578,0.2322537962107473,0.3557847555413178,0.3766074783865586,0.24600325639837967,0.2531586920614127,0.2861378253495314,0.24983025336007952,0.24363457662807497,0.25601330579797527,0.23166207704716818,0.25466574063789615,0.21045864104507578,0.27816057738132355,0.20149202990348433,0.18957125367797453,0.21528535072111343,0.23304738437742378,0.28774255618679373,0.27095670780144687,0.21941608518750624,0.30749016772543447,0.24008453133570995,0.37734527040895427,0.25366028700092913,0.21779419054029275,0.2552559740882929,0.25331844367812045,0.2572517031932344,0.2638536777094068,0.26635979697288453,0.2542630505753489,0.2864504122202451,0.260561343425564,0.22947912604940676,0.2529432701172684,0.23065591915950578,0.26576231991763083,0.2630467147151785,0.3030095050940792,0.28381005880375726,0.2291074749661703,0.29381849545884275,0.19190324362633077,0.3136755453329308,0.20204537556047553,0.2302641012629417,0.2538096895509776,0.2565558065423095,0.29194335510842373,0.2876474837532077,0.3455436498083911,0.29139604171615224,0.20235030877029905,0.3120038515900084,0.40350376686642336,0.3251577766944044,0.20536865206966656,0.2689023356479726,0.2606122506645154,0.2288673578711847,0.2105012230782977,0.3072175763118406,0.28385338867992654,0.29509600242282175,0.2702959298346275,0.2777909680717797,0.3131901006064283,0.2799679533245453,0.2300083228565738,0.2418294739489998,0.22376436570551086,0.29277588083711203,0.19638446604575097,0.2593559731182025,0.21386418180782008,0.301804438472411,0.2186896514974105,0.202991559601873,0.2269265074554205,0.18814190177456977,0.24942396858129523,0.17880609585258778,0.27067658025389074,0.20783249737201906,0.2201404305387387,0.26134733350131023,0.27026123670005414,0.2581747985286798,0.3003462860521134,0.26573551628519937,0.3318064439986563,0.2378431836106949,0.24906465043503193,0.2789647086009909,0.25483054332055943,0.22218815998693642,0.3149157533096297,0.23605412817533436,0.24552485184023892,0.2747757516072564,0.22818782980862132,0.23301206359301865,0.23604764170406348,0.2444000098585089,0.2688502415228691,0.21175021534330318,0.23663725914409517,0.23547649561592948,0.21970066733549035,0.2437771578914083,0.2432803960851392,0.2733964049454974,0.3725982447971087,0.20644590533254312,0.22258705479937455,0.26261381124220695,0.20700584161243202,0.2046505456128529,0.21641363746271072,0.27052261073221695,0.25686837726660827,0.19996072301116702,0.23086408071924094,0.2784355443635789,0.2864797908439534,0.2572615503302793,0.20967378499722597,0.28791689986100105,0.2631246545420062,0.316020136850009,0.17317308964726233,0.22520096620129912,0.22099133691068615,0.25593899340169446,0.30020952504135107,0.27339411027715277,0.26950624289616276,0.29048601066857727,0.2962312116314329,0.1812541289905049,0.24418764600744797,0.3004140924251176,0.22281771218018248,0.2592090813628544,0.31741000781522427
0.2430404512255609,0.2711768972761632,0.2394659415288965,0.0,0.22368921716473658,0.275738582319797,0.2884454028802573,0.26718699059663786,0.2022029437226836,0.2818703375437171,0.2642197404352151,0.276565008786523,0.24331226330956265,0.19556915087991178,0.2517959790355197,0.21529713955921687,0.23550867090172484,0.22523739522903147,0.26574322242633763,0.20242235281092155,0.28202863959712837,0.22611196444762027,0.24455063639218305,0.22484283859807122,0.29062255124973635,0.23381944176311917,0.21306738759773466,0.22066074137999464,0.24228115795125224,0.19014136680754698,0.23169810253749723,0.22853661245672346,0.35825808764302575,0.21123030546959687,0.22199203603150497,0.22579987787656997,0.26578969763816457,0.208732280868984,0.22073668243873243,0.29837653560576327,0.26623561267133544,0.25707696501848404,0.21338289891233747,0.27771884242352457,0.22815547036557712,0.2389099126491306,0.18900724350898854,0.249327576551792,0.24778694528502443,0.21332087578217307,0.3187077825511427,0.28878413263503605,0.2296989013984559,0.3399009088967612,0.25633185119876783,0.23485877540198302,0.2546408327996103,0.27770358200291245,0.2561250012742571,0.22494850140119868,0.29670466809857693,0.17710871283525043,0.27614890704256234,0.16084219552853127,0.21963463307228837,0.2427405520298718,0.27519800294570723,0.21526349364902142,0.19750169292232195,0.26308226031763127,0.24001594575482152,0.19690902405825986,0.24278547953224566,0.3331819235958164,0.23142506576985916,0.2044502553553538,0.2650799862164964,0.2712058712547158,0.21133966813925092,0.20033400232065157,0.2539574934335376,0.2781042718926746,0.2549121474868751,0.2090471541763958,0.27183959115876977,0.2317056897095938,0.2954346172982246,0.2448181160222316,0.2263139049421043,0.21136027248399045,0.2670278793195324,0.25137583939119573,0.23017221860354067,0.21959125812717498,0.274018981257675,0.2643860989731589,0.18648669551002817,0.25352051537671916,0.17376671547393577,0.2517406731865825,0.19181380447240534,0.24520476036950614,0.2997053344069752,0.26604721561754546,0.22545501796623596,0.20976886229043473,0.2335076715174125,0.24002400072824567,0.2429472466507796,0.260426411741474,0.3186816915044037,0.23117859102288524,0.3039498459346997,0.22825036809662674,0.23001619921072938,0.23785346559332715,0.26664504703273767,0.18547215741003253,0.31423390766752185,0.21161831615331203,0.19929330841285242,0.28237906401758395,0.2258128760485096,0.2822030639100421,0.20165322934746552,0.25947616418848324,0.21087799437461438,0.20143701723172816,0.24735367566307773,0.2201335601032345,0.19177529427461623,0.2362520365829785,0.22093317781988758,0.2358637523131794,0.22524164228564322,0.18858477820427347,0.17848107099665814,0.22825999640276637,0.2309348233230107,0.24786943696954852,0.34631268651614433,0.1981100663849465,0.30282250231968727,0.23508925720946752,0.23286047932241835,0.23021189772580328,0.23707534909483632,0.23413521172290624,0.23185876502684288,0.13460194267186787,0.27090707592088287,0.28482168603812125,0.21833580249290668,0.22308297774704997,0.30252047661040216,0.24495059199637442,0.23302772519157977,0.2956638310351831,0.33496986125589656,0.23700877612397508,0.23883051247547862,0.25049861152271813,0.2298694574218251,0.25683893012109354
0.3204596197809522,0.25559541511784073,0.286786848168509,0.22368921716473658,0.0,0.215201930868544,0.2774676415908475,0.24005985825863632,0.28465634419162594,0.27703787713542094,0.33882918862250355,0.2256104893582347,0.2383258321080056,0.2220801117801959,0.30459317939006775,0.24527837734095576,0.2450690805436218,0.31159047082539215,0.22909284504976232,0.23027650407937766,0.28921701813476597,0.33145780120262525,0.2679789953245292,0.258906071179242,0.2758064454922084,0.23319872911453435,0.22104724250551153,0.21087672386276976,0.2310634964331954,0.24789464681350093,0.2805967102392019,0.21681427650028995,0.20695542015702215,0.18169911153948076,0.3112419521732072,0.24153656182933012,0.283390222901943,0.2511023251265328,0.2496866410246757,0.2590607133186435,0.2328001115290728,0.336694629152088,0.2745130098818641,0.28442646582138653,0.2145500803277365,0.21278080359195878,0.22823992431697268,0.33291723139516294,0.2912692236327918,0.253013142531117,0.29010439381189496,0.2177602745773609,0.2225041189114037,0.24555992939155608,0.2517582432363314,0.22497127267456155,0.23723863120334512,0.2940697603172936,0.2656815555761479,0.20012090552547798,0.21360018900402913,0.16768059261350096,0.2627771645484922,0.20639731029097827,0.2592730931659887,0.20298419229973036,0.22901014485469715,0.26401049892732825,0.24189058719106654,0.32945417664279764,0.27764617382283324,0.2265598475311771,0.24603878087276781,0.267815777578788,0.22996743499590055,0.1986404076567448,0.22332017854380934,0.2970716418504129,0.20551149505032434,0.1927756745047634,0.24492518149351392,0.3088467498884589,0.28865848539922256,0.19960508097753984,0.23518542383384344,0.2364391318219519,0.2726107025747086,0.24934851769548003,0.19983132221635516,0.2060375282423044,0.37854640179021576,0.23472299889743406,0.29567198364240843,0.19434070093235997,0.2743921003962024,0.22988004504225712,0.17285469625765973,0.19547598156677043,0.20905380794209977,0.20472227472106927,0.2040905030472857,0.22226931152625112,0.22550538388723243,0.20324075848558937,0.24079890803281503,0.20739022947818334,0.19344952501179152,0.27639273787896046,0.24323336667488912,0.25987953412431986,0.24454867477188055,0.26412078397237093,0.24681090242168777,0.24447559410291422,0.21890515613767256,0.24631984109210883,0.22320263437464216,0.26001413602130596,0.21069375886262795,0.22060472980698537,0.29285443713279835,0.21786411345222667,0.21263646573714093,0.2875508102455705,0.26331138367782875,0.2233149763141665,0.18445262281353325,0.20895836562608283,0.19983266735789101,0.24306868819723199,0.2202217676415852,0.2355443764817958,0.19277067207869722,0.25807232719014844,0.2650237759127459,0.24644096204145163,0.2106839840787997,0.3002178027992053,0.2637529676513727,0.2795728248838792,0.2145572848892888,0.2233561621467441,0.2620943003705826,0.2535632774848207,0.2666493513570934,0.24305197475056184,0.29848028303517143,0.22088625750632185,0.25314081670767036,0.14590015236880632,0.27396040081262224,0.24923629919204388,0.26407774510709253,0.23132258370643036,0.25632791982997616,0.2792021154926356,0.2299299356136864,0.26586839664166806,0.23014643149919053,0.2174565299973051,0.22795091778805668,0.2598477175774219,0.2192998393431098,0.413148129922797
0.24748214938175797,0.3973339654037335,0.2693081835115808,0.275738582319797,0.215201930868544,0.0,0.23506075388452702,0.33759087884995675,0.23422281130599018,0.29774892781179674,0.24484219347785666,0.3118815321000566,0.2962869757915269,0.21874386874398105,0.2320834970690074,0.27029556502747354,0.27117147115359247,0.2003377801799234,0.2621958347013748,0.22682922709118955,0.27280489423813536,0.2391039282316271,0.20327460739135453,0.20210116292488162,0.27316672463293823,0.23141662697401005,0.21223308155093265,0.23259871752753936,0.2994832487247171,0.21296182359145047,0.27115918176037596,0.3215728677453062,0.3058388778241129,0.22681312769767847,0.25671617319146917,0.2563582603309246,0.25374518898169296,0.24946482132014183,0.2289919095210574,0.24369182335179113,0.30328608611489283,0.2682092423577753,0.20576519673197285,0.2762183922051528,0.2596387108385975,0.22498134445346749,0.24856342471702364,0.24182892220121502,0.20924625998654123,0.2572960236474294,0.27568110467630735,0.3424709776134475,0.25835837738518735,0.3219207892123206,0.280155071226788,0.3375139679961541,0.2454045558055228,0.3500782293153379,0.21540532285886113,0.24092378773950504,0.3255602234775659,0.2154119225680195,0.30193879874610363,0.17996056879994327,0.20226644262938356,0.21755477560669453,0.24496611822295739,0.22681552137018687,0.18761570562965713,0.2580106385606315,0.24935964812812134,0.21179019498974155,0.2653175352486342,0.2802197908462173,0.3154371744117086,0.22281038448672266,0.2382773380012211,0.2821878897574076,0.2211128851011006,0.277665610931054,0.29700060520087485,0.2525472796805198,0.27318406255360905,0.2797628405371386,0.2760490544127861,0.2899216247813829,0.2887919711798082,0.2297844339015604,0.28470098115571774,0.2538122055022951,0.2690052166703217,0.3191569321097134,0.27889312303746816,0.23016520561914247,0.2578091556263945,0.29517295183668646,0.23379472258461972,0.31759592274804227,0.19722670455211538,0.29848486989190887,0.20305078544847285,0.2141471155463829,0.22636801306393203,0.2099169768052309,0.2837896419253247,0.2679691788601638,0.26656094847631373,0.27123587094560836,0.24412175640641642,0.25230965523203475,0.26596458102059245,0.23511287748308726,0.362124143307316,0.2579797079785415,0.262232718969652,0.3243488653007749,0.2946349624278736,0.17942657368098833,0.3297648449890755,0.2558015148857925,0.2292964318072237,0.32057237268561284,0.26951019026041884,0.2771843560474579,0.24656683758738446,0.309269842466959,0.278213254718952,0.23020101770973778,0.3049486514115793,0.20972728592887913,0.2826763302413685,0.300085343471279,0.2388520296300483,0.29032811140107156,0.21058182419023003,0.19332909291133302,0.2172194372720744,0.2340057015757811,0.20632123660592244,0.22170193244976777,0.2365740499502154,0.2535673769785391,0.2922558552539162,0.26468045450039374,0.2530456154395441,0.2390512455653651,0.28055587455479364,0.26072641134306945,0.2649005208001482,0.1690938497193074,0.2342485926239395,0.28757923998732493,0.19028720744657665,0.22725929825660313,0.2995717290608192,0.2257138377934366,0.2180163406918172,0.3351499058341356,0.2396456076072376,0.2839479649886434,0.23296854059777433,0.30415450374108155,0.21427070817809335,0.2355250515885522
0.26138963408544086,0.256149034528678,0.2191827203834022,0.2884454028802573,0.2774676415908475,0.23506075388452702,0.0,0.22142644321637114,0.21851388281354983,0.2679824262684771,0.27835156533727495,0.3143069387099156,0.22811632541994661,0.19802208919204561,0.33317420567322126,0.19999298893020032,0.19995535819429,0.24357434028927427,0.2928293630415974,0.1956672667887595,0.259401493219128,0.2558756995954506,0.3027622814540785,0.28711799664295345,0.3074876600276195,0.23826598476798524,0.2074019036195322,0.2014623641008918,0.24779465091733713,0.22427996028137917,0.27448744535049757,0.2299150357474961,0.28607861720577915,0.2256258782228125,0.22811866325098784,0.22226852607476463,0.3114786005230009,0.2008663274702646,0.2522425359857657,0.28344861448532055,0.2864663292083133,0.2458380134299391,0.26194508721112786,0.31432437589751727,0.23866273619194578,0.233687250041006,0.228353184348147,0.2901384421518565,0.3538272999918823,0.20640852718956545,0.32386821208350924,0.2370206671685456,0.2097481698447664,0.3248419713514822,0.31261345348283975,0.23275573281507128,0.23428172442257628,0.24729226570847215,0.2756006652211537,0.204750525210923,0.22489143885627266,0.17363267350123573,0.2277479504519965,0.17161919596048164,0.23159142580426095,0.20910820255540677,0.265905207877427,0.29104082122771946,0.1982756366113634,0.24935280862873083,0.2812221770706325,0.20225545384758262,0.20199110166014728,0.2712058231047811,0.18081346229938736,0.24032464664811354,0.28242098911792013,0.29050845495731276,0.20731494833893,0.20815143437265834,0.24509826107205715,0.2979647304886427,0.28654877732305256,0.17741454879637622,0.217187226139603,0.21753336172944865,0.2516835781282245,0.2632835651160157,0.2204054929676881,0.22395378589831366,0.2818361787630301,0.3266885267815682,0.26399256391751746,0.2310923504659749,0.2522700991801677,0.3238995345382141,0.1823406497064872,0.2448380328371564,0.18280247569111693,0.23543995405693058,0.2225591562813689,0.2518268065386084,0.2958873168784196,0.2513688117486901,0.20770601145938747,0.20523976319596918,0.19924491841962264,0.22188074831042867,0.26597342840285293,0.28442707314774174,0.38802033706198985,0.2327062956360481,0.24444689966913338,0.19322630354710738,0.2142677890352545,0.2084112826297055,0.23506251926120197,0.24376163303453863,0.23288831965486162,0.18643748309809538,0.20728616008358577,0.24133279699151955,0.19961956373310835,0.34075215066428255,0.2138007239425191,0.30262592164123586,0.17847439893286748,0.22753386902264214,0.20881100307281228,0.23838539795272612,0.17817548048162324,0.1900892773400429,0.19592512692244504,0.222979397257851,0.23451494144461676,0.22243213311758664,0.21898921642230554,0.26164793722322927,0.24186420429275282,0.30399309284360054,0.29898926726983,0.19201425085697738,0.27312890782673566,0.22424506257785054,0.2646315915155152,0.2773759020578668,0.2550704089735743,0.2498089258915041,0.2297604610172478,0.12387375068550519,0.2912597595033392,0.2893270057181395,0.21718251436324298,0.25090976634126516,0.3265966901083689,0.29525906479887815,0.25701487130289924,0.30927215147660164,0.3099299709357116,0.24571625749177162,0.23886482181366064,0.25001659651631486,0.23456424938646012,0.282720239529552
0.3325920921181244,0.3909971635181569,0.33641480031576676,0.26718699059663786,0.24005985825863632,0.33759087884995675,0.22142644321637114,0.0,0.3004021237266599,0.3608123907438854,0.28902113410784563,0.30502383651326803,0.39546345583705184,0.24327946567627387,0.24166442946670452,0.3374450806999043,0.34733189975959866,0.26951655067755287,0.2675806726490219,0.2914759451136237,0.35837625441751975,0.26289032261529294,0.2635624456877786,0.25217231558577524,0.3329092720524956,0.2922760347692701,0.28711687433568167,0.29349355915352876,0.2567774470535727,0.2639647667812858,0.3146893961024018,0.3462323381676175,0.25961608712189266,0.24881020092286069,0.2799347974964376,0.30305381212847565,0.3561831105399887,0.3235571856712047,0.26467386881971366,0.35354407054921677,0.3011320301075117,0.3221069341888223,0.26206852330840463,0.2674878518806037,0.35722296821084404,0.31270100077106694,0.2912753420070351,0.2922113226425246,0.29453885753216813,0.3029252911296388,0.3228866767323052,0.3038546092370489,0.28457563639315847,0.28661623375991907,0.2804330351015449,0.35849600059941034,0.31311889029225864,0.3733379010265327,0.2980626125304877,0.2857400970137507,0.4246917110080299,0.21740862856966456,0.3330941452813976,0.21574928284941128,0.23109837146646148,0.27690176789305365,0.325633616400309,0.26370746771920067,0.2551551353457859,0.37263800269879094,0.29826657305215826,0.2642060440439893,0.3460618757357353,0.38688985196065656,0.3953171804909143,0.26955931831504226,0.2924523997341169,0.3169807356373316,0.3264145890722838,0.2528550249204091,0.3272481088120354,0.2912450679619312,0.3466088473153327,0.35133793931596946,0.40970287597187216,0.43455900352759863,0.4459494839740952,0.29985685366960696,0.3534413509989969,0.29680277240265185,0.29717756099395487,0.2615265602410266,0.30749051237470215,0.2764333166128468,0.34306782410550213,0.27753889103228646,0.24311303841492796,0.2982197293230764,0.2102035024271609,0.35698167406530856,0.2251221972359907,0.29181124730824365,0.24557151345779857,0.2309202585625569,0.3514510501431306,0.33818364579981336,0.32875850550545316,0.3541576320884668,0.3380273623732624,0.3259781678034138,0.2552591313079898,0.3242306103878253,0.40716220320684604,0.31300808240631695,0.3111760580347811,0.3740390469621236,0.3729849382829283,0.2211779743681018,0.2844091825268253,0.24955319947201368,0.26558094988560826,0.34754973470467126,0.3151812036278224,0.3192154417243306,0.27054635105873664,0.28992851144129805,0.2664800542371372,0.26907231375099516,0.31528650053822177,0.2779518888636983,0.3286093499962827,0.3252278903451666,0.2819011705983529,0.27279018776796393,0.276181955930336,0.21875737055038127,0.26718350819948394,0.28220842057332324,0.28933458021350783,0.30034858774536793,0.23264953996184223,0.2564558204370834,0.3824873527556285,0.3127723611254011,0.3431690331353201,0.2865324444342711,0.33850443311022893,0.2929447090682628,0.3940074438888176,0.17865618944462616,0.3103881529040128,0.3083675269032487,0.2427660305963632,0.2983950873110462,0.32532754616163495,0.30170833928275204,0.26799911826438116,0.3523150597532379,0.23371640937489488,0.30327103920066895,0.2908299990755929,0.33641549035900614,0.2698577199668609,0.291863346829725
0.3503424472834419,0.27980609626870595,0.2565341568479124,0.2022029437226836,0.28465634419162594,0.23422281130599018,0.21851388281354983,0.3004021237266599,0.0,0.23692910719200658,0.26576307223998547,0.22922513886010537,0.2714597327573745,0.2871603531395393,0.23243924283058082,0.2642670763397556,0.27201961587336887,0.30687982032146977,0.21129169514305735,0.2916851644203288,0.24817444425963853,0.3541925388614094,0.214420342524684,0.21838799511315043,0.23762642620956168,0.21987955845673612,0.26450399629452453,0.22861394936000873,0.22474630048559,0.3152518929985152,0.2913500440337829,0.25716506628349733,0.22055510761474237,0.17727484129662854,0.27497782959661493,0.24122301119404865,0.27215020463100525,0.34139132295383123,0.2670493402301754,0.25369987067884503,0.23616896906201196,0.31520823059575453,0.2522857579886874,0.24516579307057076,0.2548173781094338,0.24195348312000442,0.2433964536271991,0.25163710670390105,0.24862531387722545,0.2984231940985256,0.2586146856185937,0.21948152898387582,0.30237028118142845,0.23712054564255308,0.23450753942054414,0.2951411346716605,0.2822010916238465,0.28233136840191314,0.26067142007499033,0.22698968173356854,0.26329807404095223,0.21550636439573734,0.25478391998355826,0.23780391354111258,0.26348697262270787,0.22542568846737537,0.28722985121396144,0.27793211227064163,0.2571202409953407,0.2882045886185585,0.3443036921172639,0.2650879401946068,0.31811799963737547,0.25606437121000947,0.30565606488952796,0.2427171701296556,0.22349603689680345,0.23957937529038992,0.25248367890045725,0.22299603448524846,0.24742271801375534,0.3364092368191205,0.32527992241664755,0.23867403071628765,0.2981914273496592,0.31517845952280044,0.29958582032076125,0.3244520855285499,0.23834043275458017,0.31346301775568947,0.32501034528618594,0.26967825484110397,0.2937276397553988,0.24044088571849442,0.3754706696887542,0.26196730349290687,0.24935476641036317,0.21280624923586383,0.2691351028773461,0.21924367275030285,0.25156558250906136,0.21910172531865202,0.21713241672135306,0.191407049133744,0.3140799114663973,0.238989027958037,0.2179269115216544,0.25531825227627003,0.26001606571797375,0.2351951336336583,0.19981668811265596,0.3378302477392587,0.2778162263504149,0.32350212223389546,0.23445971261518547,0.26881286615659444,0.2436266153254217,0.23193391236065788,0.19469578891184486,0.24197258065064794,0.29280528594038097,0.254886753044515,0.25513509064639645,0.2624347402233606,0.3942023028586842,0.21794780017476106,0.23960075766250702,0.22815104207645018,0.2003432748504311,0.29455905850277925,0.34831261964826377,0.28651656222851424,0.2451318812531064,0.3285711081332187,0.2553186411366978,0.2591776213582133,0.2533466012390459,0.25166389018364926,0.2647095687601192,0.3053623117243088,0.21737555769223887,0.25787187745116263,0.3255616584872808,0.3631536953175246,0.29478525849181286,0.25261297798700144,0.37671191259891945,0.24221746848499615,0.284693643300875,0.1711781863597528,0.2857177496773365,0.27281851428832227,0.27287057823099437,0.2548119250500108,0.22222395978598944,0.29661346984789777,0.23498996185290674,0.2341130754869412,0.2495841675241717,0.2399172236172083,0.21071074483022523,0.3019248289762209,0.2665732335756018,0.32341396774465925
0.2995963849930599,0.3478720535939229,0.3490487475924023,0.2818703375437171,0.27703787713542094,0.29774892781179674,0.2679824262684771,0.3608123907438854,0.23692910719200658,0.0,0.29256198996639676,0.25677110221166183,0.32370573597136443,0.2249649886169779,0.2637153757343187,0.2738954467349883,0.28072656687270026,0.2914660071203492,0.26394428389234553,0.22702041344425788,0.3029954487509494,0.26458654966762074,0.322567954009437,0.24270384973501796,0.3979828569956623,0.25044165871816026,0.25148135482469053,0.2625492755119946,0.30286874524896196,0.2422494190868058,0.27853948220083935,0.2941943965666446,0.21892187455383438,0.21629898240783482,0.24534552165485665,0.24145779593313044,0.34172553174086634,0.2441690041610554,0.2177409649832179,0.3166328009198891,0.232593779099089,0.32326268978278355,0.26278778562339106,0.23553099578880632,0.2635852706054724,0.2637962674724807,0.2461373062110199,0.29334296254179903,0.3250408198337922,0.2255844098724248,0.3224779159831145,0.24011080121624756,0.236213311881829,0.2792002240359261,0.28402121301269867,0.3076496106573304,0.2604972691332953,0.27959384232582574,0.3130226190079805,0.23282180467535155,0.33090135806720883,0.19270217753674243,0.2744785703169035,0.1834983359759772,0.2265231607532181,0.24701222486744817,0.27419874327369187,0.28320700252443276,0.2564678094552608,0.3797165204084216,0.26446903392114746,0.2343687914813507,0.2491150042476466,0.3690897741901976,0.2705964087606485,0.246896899033459,0.2716398257934557,0.3324335616913501,0.23274364160017466,0.25215186927630623,0.32987957246528726,0.28455368155168287,0.3525022732039787,0.26882586925615426,0.28022276982601413,0.28114803918489206,0.3407572506611407,0.2860875859834859,0.303487655175715,0.22976347530559357,0.28150051298874984,0.2329087352905849,0.28104184688272393,0.21900318410538444,0.2961890377683665,0.2664147249100717,0.18561709651843145,0.24197613006158203,0.19465580443212557,0.29948202124805134,0.21204834924594287,0.28074493140305085,0.2435899581522328,0.24930017193977969,0.24964091184851026,0.2529876351481073,0.2621017749118139,0.36934731760321293,0.2798294177296365,0.32069697405677067,0.2549673586937208,0.2458800457147207,0.33866624462301,0.28101775807160334,0.2507541185479795,0.29660287678566793,0.30761905386409183,0.2570621741784591,0.27506857030464743,0.23865771609803144,0.21678588473216162,0.2816681913838265,0.23423121959098708,0.33080478934701235,0.22811004040517777,0.298943656357143,0.23132103060502865,0.22807224936454845,0.2662759626391325,0.25227208239363313,0.27765017086983296,0.27009886110422804,0.24715600054155865,0.22465445226326008,0.2387463117816285,0.2075920523043781,0.23055843172777515,0.25934977980188073,0.2870106933710827,0.29606459149982695,0.24914656239938218,0.23588044594496535,0.31429243775542354,0.24365819888730478,0.2721342423766777,0.25600477482259537,0.24938079096710034,0.3339003194022896,0.3692177921399313,0.15765135312303583,0.26308913954764973,0.321998016390015,0.22335492097217358,0.28401758834394614,0.30277579983543396,0.2932542134131088,0.25762785357735085,0.38234194171466496,0.23587516367799208,0.29806799824054564,0.35219004963188355,0.309071766253733,0.27411343761200263,0.2858134612751048
0.3561053587193056,0.2990459755136631,0.31496071950291904,0.2642197404352151,0.33882918862250355,0.24484219347785666,0.27835156533727495,0.28902113410784563,0.26576307223998547,0.29256198996639676,0.0,0.31961787182713364,0.2939980508797293,0.22533599662038237,0.2599681931467545,0.3064873843329216,0.3215871467506364,0.32674262799752984,0.30685638569684986,0.2513222171651062,0.3232304850036594,0.3294353111550112,0.3145172826735727,0.28517513103114056,0.3322677855093087,0.25584632099752097,0.28794861423020607,0.3027153252616316,0.28095076591239426,0.31031182534298113,0.25745007169645645,0.2795103924930868,0.22787196879032823,0.21807106447371963,0.26538116751766716,0.26852584015007985,0.3446857487610865,0.28254023964108055,0.27079753389493477,0.3277183491640151,0.2629323993012043,0.3353089334533917,0.2652787798137526,0.2699773672353999,0.25400855902391983,0.2510123593640745,0.21785938102218533,0.3525209298746774,0.344755583323214,0.25180424364033543,0.36162821265665374,0.24180121004169522,0.24034068952394888,0.3057093538025585,0.3253159777243339,0.2207664642192483,0.3183825750762245,0.37120879207144947,0.2962950405349027,0.24837389148431283,0.2712959944278844,0.16739091236089426,0.3187624921653721,0.20112725950184995,0.21430784669862799,0.23555602727962008,0.2534248569310617,0.24276837025842757,0.2792497196062238,0.3440780583251853,0.2713828556997351,0.21654520067586291,0.2858662152784431,0.34391101417978137,0.29995659152833826,0.234729414360027,0.28646005433375626,0.29514040906135214,0.22806620441288142,0.2091609650326632,0.2578928534414831,0.2717321990571825,0.2929521300257692,0.23018205890581184,0.2656089096808448,0.27082037417052607,0.3026161485282382,0.26260405423010674,0.23816360595293118,0.2168818354069644,0.41324743585743134,0.216978946312186,0.3419321022823219,0.2558987616873569,0.2861699140285671,0.23997960796848,0.19015966834728235,0.2057534117267002,0.186729441573316,0.24192462868642733,0.2115745133427318,0.26627868378603664,0.23830415753993942,0.21013557129111649,0.2719742394292832,0.21809929961189112,0.2261400311513973,0.3048617022669825,0.26261472589045604,0.3213947785451901,0.34048776193275954,0.26759037849332873,0.2695260379932954,0.261308164884536,0.2535488561975488,0.29821476697087423,0.27170439549825603,0.2679220266894033,0.2496093583208795,0.21958073596316288,0.25207263743078445,0.22535047912221715,0.2398736003720894,0.3402382054343649,0.22159716051418124,0.285521123365965,0.18887564641441162,0.23541488567690627,0.23632135451175282,0.23437673093324618,0.23232268471294099,0.2662177458655289,0.2320131833403919,0.25924734282949113,0.27400833166858296,0.2083740255883029,0.22973831901891867,0.25613112472680044,0.2913147108651197,0.3029469284556283,0.2327014166975939,0.23074916638778936,0.27454956585482837,0.27147798196529205,0.3016354055949972,0.24154440094436397,0.2653760830882936,0.23831320814977655,0.28368519499700445,0.16533885991003863,0.33975214772130724,0.2805944559485182,0.36829194638881896,0.2438110884860944,0.27205400216512937,0.27412835087177817,0.29300828957562813,0.2888854663154477,0.23737288446295535,0.24996001155997966,0.2281905648135878,0.28751021563663165,0.21099447391304632,0.4237005729916844
0.2821831720715995,0.3214220443762276,0.23788063877636773,0.276565008786523,0.2256104893582347,0.3118815321000566,0.3143069387099156,0.30502383651326803,0.22922513886010537,0.25677110221166183,0.31961787182713364,0.0,0.2538653980916387,0.18038309268361238,0.2494718046965275,0.25556827959057926,0.2581653939802574,0.2218912192799624,0.3578933038510989,0.24685021613941494,0.31067527820736346,0.22979100059563162,0.2610268261564331,0.2811271499209269,0.3453011818450847,0.2582826322136797,0.22652235869716913,0.23309326908201264,0.27163673678467964,0.25358179369611256,0.29794905010388767,0.26607981655758284,0.28286052862293615,0.25917119052237175,0.25108198184508934,0.2584760057431324,0.3292570288818761,0.24137009150561162,0.29720311526799736,0.2966642917222603,0.34252404475726095,0.24018294656422753,0.24776816947146682,0.33454626011752664,0.2783042098396379,0.26265631602746026,0.26119026695974706,0.3182097953484475,0.2849567896058234,0.24396553787489839,0.34019335115212385,0.3313543357934792,0.22653108910789257,0.3703530269925419,0.34628571876231906,0.24576549448456186,0.3038656994633309,0.3640997746361454,0.23186477284924428,0.24465527014244484,0.26607567162965295,0.17182416804677553,0.2920108524812204,0.18233276018284766,0.20361201976206042,0.2331097162477637,0.24295420600129958,0.2221027492858489,0.1918437815563391,0.24504855853570562,0.24942169705657435,0.20640556266038163,0.23474656286583542,0.27348617394326397,0.24044967733236883,0.2451996698227752,0.2520325683324511,0.29977262782243463,0.246953057440207,0.21613209945628134,0.23966325607283195,0.25952657676620766,0.2780880304662099,0.2133135839377487,0.27889625641431737,0.2864608064709434,0.2775145243292981,0.24939230892951647,0.26751575707406666,0.24106233896096707,0.2931957208375291,0.2874035808820367,0.2830032044707486,0.28134490402264,0.23984570361634663,0.340504762393481,0.20128223680707835,0.293509493164213,0.17565572989797082,0.25644334978666944,0.2047503176146123,0.23951220541498416,0.28398839688212507,0.27064490719309586,0.24402397125804207,0.24048423273213282,0.2574890932788134,0.2506005903218364,0.27485638651852284,0.3309815887089805,0.4430511056498695,0.2742281718833865,0.263596240474862,0.21795647125253742,0.25648107982159724,0.2704296850091903,0.30096063822236946,0.23194955996979622,0.2920641749204794,0.19297700719385866,0.218441441725724,0.26410838819977045,0.24955886291229223,0.31776714285308655,0.20773696299027541,0.3788780863646297,0.18823213620122312,0.2499112303482506,0.2830399738269209,0.224204495117107,0.20575382953604432,0.2245546010715311,0.21150751727844852,0.2526052927734273,0.25080562322532496,0.19135849315210518,0.26966125545219716,0.2643155981101687,0.23731752872881812,0.281724885166946,0.23649607862559502,0.2037317112010782,0.293395996414839,0.2469970404104836,0.29742672808261267,0.31667151267250865,0.3021079424245398,0.22453525926004209,0.2954535550177222,0.14847963438589068,0.3345462926766495,0.2979452421943534,0.2381897287379209,0.2424314989376342,0.36283693700254904,0.24368526975867869,0.24173354124963786,0.3188638164298619,0.26249570245692383,0.23694204110753508,0.19875484301205704,0.2820552245980429,0.20056435610306547,0.2758334826173603
