0,1,2,3,4,5,6,7,8,9,10,11,12,13,14,15,16,17,18,19,20,21,22,23,24,25,26,27,28,29,30,31,32,33,34,35,36,37,38,39,40,41,42,43,44,45,46,47,48,49,50,51,52,53,54,55,56,57,58,59,60,61,62,63,64,65,66,67,68,69,70,71,72,73,74,75,76,77,78,79,80,81,82,83,84,85,86,87,88,89,90,91,92,93,94,95,96,97,98,99,100,101,102,103,104,105,106,107,108,109,110,111,112,113,114,115,116,117,118,119,120,121,122,123,124,125,126,127,128,129,130,131,132,133,134,135,136,137,138,139,140,141,142,143,144,145,146,147,148,149,150,151,152,153,154,155,156,157,158,159,160,161,162,163
0.0,0.6265925447842992,0.5172645376703471,0.521287215922554,0.4301174429417599,0.5717423806584565,0.5258529177790816,0.5603124330910162,0.5972034815898112,0.6046848971442783,0.6418583445767119,0.572582123161588,0.6580914378233393,0.5503828264851247,0.5468960620716995,0.5836650804205272,0.5993607717689884,0.6612840183127645,0.5505122024845008,0.6817879364613634,0.5718231781413942,0.579439668706575,0.49877024128896846,0.527004417672958,0.7099155586637308,0.5132849937485501,0.4713242175276947,0.5502023976698314,0.5720240323693766,0.49456276769317103,0.6126512939957051,0.6454339529005678,0.5014113521588306,0.525935405747418,0.6597405413545463,0.5249196021762622,0.6434790310222904,0.6035652954675906,0.5437458123272094,0.5543917785176339,0.5065287174914987,0.6061245043960906,0.5716933226344904,0.5936898270799529,0.6011070842990783,0.5723339315717753,0.47180589543303714,0.5622289587058173,0.6168400056325345,0.5642958656884561,0.5853383004010847,0.5401770245639828,0.529036738466452,0.5516140752144202,0.6020916097914706,0.5736757045267047,0.6514204932729978,0.545548181120757,0.6000121606864509,0.541996166805469,0.5674763812564323,0.4712310567441643,0.5730601082655032,0.5019276126727962,0.5686289421994669,0.6095059095961411,0.5892524844136632,0.5452845007110219,0.543098218780811,0.6189008674578794,0.6041001322576061,0.5706151735353541,0.6148093459249173,0.6157220581820912,0.6153298814954584,0.5856977929044282,0.5333669127858808,0.48418980533407496,0.5510367990172826,0.48637772046575983,0.5552860364557533,0.5576590949097403,0.5723862555612808,0.5824662070672904,0.5988435225961192,0.6159713901599825,0.5889467463116075,0.5618157014691297,0.5730204530203761,0.5788286562756895,0.5558935691187843,0.523474900214032,0.5651344718611611,0.6216967831297843,0.5926892048041342,0.5711165514575861,0.47394044091004683,0.5345356325190725,0.4886542052372753,0.579764030186785,0.5653259102984198,0.5158370341962798,0.5035255827795552,0.49985952541937867,0.5796546636702125,0.5415118103823037,0.5307012192597126,0.616161541410424,0.5348519364009393,0.5868549362071472,0.5837230035489637,0.5717894312891455,0.6178963232925131,0.543249844666333,0.6099947360580138,0.5906755321927375,0.6245923719210453,0.582807610956261,0.558775430222289,0.5035052422483624,0.5521543884697314,0.4762947088132493,0.5978810283157258,0.5949904800282408,0.5744901797605689,0.5916846430854824,0.4927539872194973,0.5070826090267923,0.5824857344583837,0.5420906312735617,0.5606252238224199,0.5298908189380694,0.5728398820319621,0.595126899591685,0.6046173563978092,0.5701885236849988,0.6083495429607686,0.5575540712764868,0.5481378107542747,0.5614877161172541,0.5287892297752147,0.5971279465511643,0.5704405324004158,0.5111901909083891,0.6398138502674291,0.5937275447981232,0.5331739817210374,0.5194663242484171,0.6547088500878606,0.44294649588581747,0.6666402224743343,0.5899824447987237,0.5314359733432479,0.4810642098013842,0.5919691934604114,0.6409650650344128,0.5223674267113682,0.5566979421282171,0.535617117449254,0.570968901724736,0.5135000222619481,0.6511224639136518,0.4823141500133714,0.7087443460107501
0.6265925447842992,0.0,0.5420060947083042,0.5972209800645553,0.42663760798689826,0.5701782087100885,0.5513618775263759,0.5620264072098362,0.5715228133593266,0.6228129376200305,0.5586296304005411,0.5695559735878439,0.597605436886368,0.6000620701208359,0.5790589835531557,0.528105497115639,0.586933679715006,0.5974053999554096,0.5246863622030077,0.5800912688202164,0.5849113842101524,0.6135864558165441,0.4828914893661886,0.5410430223827901,0.589679856531325,0.5100095294768792,0.47842630063568575,0.5113268485052015,0.6092444510356759,0.4493083436212767,0.5817972585587861,0.573176423393227,0.5970367469512355,0.5015074891404452,0.6179284535159723,0.5877254107921527,0.5420248066407936,0.5819972285720956,0.560784134504079,0.6233396270728488,0.5961457806423173,0.5946460447399762,0.5020964227399735,0.5696242236114395,0.6090608196595108,0.5849586226377453,0.48161370190544306,0.4945693033219622,0.5547509825626266,0.5826420433644067,0.5973285081498355,0.5710155338264415,0.6179818318465987,0.6492554777803148,0.5957051335494337,0.6030497069054754,0.6133245117429454,0.523718081061041,0.6302862925139436,0.5990620292014595,0.5769694343873918,0.4991095430971081,0.5480269952573898,0.5198160376062085,0.5787182189778072,0.5853725955072866,0.6309287094839439,0.5123177187399268,0.5024688498034839,0.5398520691841179,0.5959156502058388,0.5661324592722732,0.5933504902156908,0.6418974090876052,0.6180076731280095,0.5255010122063374,0.5207380037115444,0.49365429915102527,0.5327591663806587,0.4550750206338469,0.5571903831325735,0.6016885849759437,0.568929500220058,0.5600528119438901,0.5940594979076436,0.6534184861543197,0.5026251238199743,0.5333159409202367,0.5538389532721927,0.6474638635564756,0.5472874975982396,0.5793461144322982,0.5657674736981886,0.5931927443344608,0.6682816715784625,0.5669793069806113,0.5124172827052845,0.5577259004240882,0.5104503825756446,0.6633938678455231,0.5580508799323476,0.47978554877131946,0.5028241942589816,0.5027344041269723,0.5817817664924257,0.5397116236386019,0.5553815273970542,0.574701588689196,0.5956576582708554,0.5691375768766925,0.5748251447036463,0.5719470279645401,0.5968207491490377,0.5313748709242969,0.6196603209540512,0.6366003154109908,0.5857219066431992,0.4934574824638577,0.5777967435931926,0.5306465777616995,0.5526219901840727,0.4833372034061524,0.5492414192427831,0.5906344412819143,0.5398436421044361,0.5904376496949452,0.562098866320045,0.5279331140271216,0.632902506134105,0.5620030902142545,0.5547602081726739,0.5303600634598059,0.5120958932336092,0.6575322159500787,0.5786838197505395,0.5534561004251065,0.5202233231075726,0.5924184484260737,0.5447674589207115,0.5410166792703429,0.5386231428810819,0.5825759856194214,0.6792026227594135,0.5554004219169436,0.6033144552351911,0.5473192140715911,0.5659566960543994,0.5555053776693162,0.5907138117390929,0.45938234280259954,0.5725283211045323,0.5980259514034678,0.5437446513779607,0.5420407976776502,0.5925046346327477,0.586299109312095,0.48303412767279524,0.5609374989329378,0.5622049174980697,0.524664385751172,0.5493810496321845,0.5824406483603671,0.5018659430216005,0.619663519796425
0.5172645376703471,0.5420060947083042,0.0,0.4915505914622578,0.5144329615213022,0.5598565009240374,0.46651294478302036,0.5113438921721731,0.47884666468873,0.5088330010863706,0.5474139354392376,0.5193492334876763,0.5475308360740904,0.4588344213465343,0.5094583261262925,0.5921040313033246,0.5960689613390091,0.5197531914991871,0.44766991195957023,0.4749742713406898,0.6445603546311073,0.6537564182504065,0.4175461357049021,0.5214155737017551,0.48945060517634636,0.5825302806334172,0.4144283521445866,0.4273499180504909,0.503942902015768,0.4623053369238333,0.4580067569307939,0.49945974831028833,0.5045326100594353,0.41440097459446895,0.45587480229673805,0.4994818485712214,0.5029374167095527,0.5309502959384316,0.4999374831801398,0.539582539322591,0.5537016945294589,0.5874058522888095,0.5278159058534778,0.5373039556767137,0.4984815835792625,0.527265766487655,0.540881297155887,0.516200338434386,0.4592464649952368,0.5439141636260837,0.5594948599780623,0.6309536792397582,0.48693385544134093,0.5550288701177397,0.49375800025087596,0.5153702855105011,0.5331706286848366,0.5892789377031825,0.47528295976026713,0.48283652723363674,0.48572641716060405,0.4722312936610802,0.6468610127482847,0.4438669351200452,0.4944097769069265,0.5124613762844251,0.48589226284790815,0.5656636375039055,0.49914793956515124,0.5084552038389851,0.6097434119279155,0.4438737275672713,0.48647562192755384,0.6059998266715354,0.5586392644494426,0.41322919956680904,0.5098424477171338,0.5307625592169615,0.5017426250243271,0.449343212496567,0.5774709118792186,0.5199154300808839,0.5945200045214253,0.5095487266038796,0.5180048545260139,0.5759182337937754,0.45819293231121266,0.44569001237310474,0.44653814968059446,0.5133370645050973,0.5872001218595376,0.4470515889697746,0.5110213828791635,0.45945051224125205,0.5314430279891978,0.5062234052711593,0.45302230875220517,0.4721353875475144,0.4281404843422629,0.4846803907319982,0.4248054386975238,0.47116548942990294,0.444578195456025,0.4517746682704783,0.4874398135702856,0.6004684569594831,0.5354902778335913,0.5144923465669473,0.5418027128941472,0.5275621340496995,0.4996316767704615,0.5145151180831593,0.49704700450297495,0.46273570368749756,0.5256286871531131,0.6237357444413356,0.46023531345014235,0.4479601798966118,0.5850351266948054,0.45032010322400134,0.5727708428299306,0.46470917285147684,0.47544349235085426,0.5481343670890476,0.43024728486797637,0.5195201531738051,0.4984258983439334,0.528981586841268,0.528773316213807,0.510016307367888,0.4908628602686191,0.6695842980869219,0.4276589601034434,0.504459007133701,0.49632023835632627,0.5031049951289177,0.4929783530967339,0.5001370669909058,0.4767833440075529,0.48479567260728,0.4393419278884901,0.5130950438554762,0.4974040244776171,0.48959049201456906,0.5418795492567308,0.4881476932779007,0.6237015038209507,0.5412598152550835,0.5160857303970593,0.4341617123564138,0.4568919990335555,0.46451012873458875,0.4926202071486905,0.5791108164855018,0.5531573748508902,0.5027166637048741,0.4250081592061619,0.6060016518284744,0.41832168453286095,0.458189523141937,0.49792089574224135,0.4492745112409889,0.45411954315390113,0.5816886864981522
0.521287215922554,0.5972209800645553,0.4915505914622578,0.0,0.405801469009535,0.5017641453406798,0.5581014901707727,0.5658890194952595,0.4902327836799522,0.5632195997374303,0.5193534683849533,0.5691381507482163,0.5102440696862781,0.4912377621938793,0.5741375478666068,0.4733793418740317,0.5197796040927792,0.5390326047835979,0.5344139765631972,0.47573305792639464,0.5292549409930261,0.5284913386332429,0.4937078549728238,0.4905709966335325,0.5428589704477825,0.48424056289857154,0.48485061661216633,0.5044459840405451,0.5231658717596153,0.4260683053079716,0.5358243108634557,0.5050366582172704,0.6884062376153879,0.49013752679923417,0.5184451382161378,0.5456368785970142,0.48411002342353554,0.5071320015634116,0.5289500492053972,0.5703405298211688,0.5789166980893531,0.5038800791451084,0.48213814051220316,0.5163635750739418,0.5583688050809914,0.538344176299168,0.42711895900368546,0.4432009551892188,0.5205968780349198,0.5127431092645388,0.5815559808575106,0.5237900739643851,0.5258956230989662,0.6476155448037995,0.5878219842036146,0.48026620067032216,0.535769551787001,0.5250845487563901,0.549289593759953,0.534741163412802,0.5390927939178048,0.44442284415229094,0.5216873124277438,0.44432429737609286,0.5006303736751591,0.5092086955302636,0.5402186933686859,0.45330288960758425,0.47410243520677414,0.5404985192764276,0.5041497852308158,0.47951033617349276,0.5061445430812338,0.59926880425027,0.5440961915446094,0.46220228017702,0.5066241657444931,0.4600392594762895,0.5114695775288645,0.39681220990300586,0.4740669829523567,0.5604465759309593,0.4920801736434885,0.4910131759483804,0.5316130567820992,0.5442156283121365,0.4723049369871571,0.5083058185472854,0.5210046408362092,0.5103692747777677,0.5331468212902236,0.5438333936369926,0.5272918679688132,0.5019036622628711,0.5608087604214556,0.520619573335954,0.46266784493803315,0.5128214672754822,0.4375171191178592,0.6048956300599849,0.47375445480132905,0.4890254982494155,0.5362970718490445,0.5305667421797341,0.5288775905798193,0.4829008197797275,0.521724212111971,0.5149387115129617,0.5401517055836169,0.4714092182165273,0.5649823818642546,0.5160100596631616,0.5080152302961133,0.494355002289164,0.5587895874250078,0.5510047471698393,0.5178943249139235,0.4612163483517104,0.5399507244458218,0.4811492568436454,0.46384121811641105,0.5104837506600539,0.44875013309976586,0.5345725167469977,0.43822657567438666,0.5632658598634305,0.49712032734564804,0.485241664432651,0.5609097050334988,0.4936123835873285,0.47072969209528304,0.4655342089289623,0.45701522538047684,0.5393910010453397,0.4931002152604994,0.44438906075837803,0.4408479845766613,0.5359081843022712,0.5177455865848285,0.5212925427652724,0.5598178881954892,0.46853955691741034,0.5914877110504962,0.5087120798959766,0.5045967690506873,0.5125462028180215,0.4945032633369498,0.5103042358158768,0.5079410362350278,0.3977073696299476,0.5447502447160313,0.5448136038675955,0.5104137960883643,0.48419381127845734,0.5897276740698217,0.5137413371614261,0.44074844246974254,0.5237669213318622,0.5511233613585257,0.49439101210727326,0.4943313538763994,0.48837795709636234,0.46154226959209377,0.5286472237311954
0.4301174429417599,0.42663760798689826,0.5144329615213022,0.405801469009535,0.0,0.4284887002022363,0.4712861619490279,0.391122425546831,0.4010862258782838,0.4182384042565248,0.4668484541270093,0.4778986632517159,0.4196885575028796,0.3813361644776304,0.4698127437782162,0.5010875735098783,0.47607523255028117,0.43616133319427713,0.4022102718705556,0.3870722252375297,0.49730545121414393,0.4881363814288139,0.40512768515242664,0.46060527912060567,0.41270832796171236,0.4822029819999736,0.37433156363421166,0.36504690697585696,0.4554572608022696,0.5074719172578306,0.40728677401606794,0.4337201891811069,0.4283702770865182,0.36979418944987763,0.39419236387370876,0.4270409243799318,0.42851868331952175,0.435208578732642,0.46471550602952694,0.4534306721210488,0.47055108632829495,0.4604926016403334,0.48755355169218023,0.4916950992211958,0.3966479097428731,0.4394003422332208,0.5433880236689373,0.4574326186201208,0.43347590107933853,0.4655111544691057,0.4943563346544022,0.4803471570690916,0.41323897413132393,0.44336945761550417,0.4499215426387074,0.4103402639641891,0.4501142764561741,0.5220236736389551,0.39804952593906906,0.4195200953337237,0.3660103235290205,0.41512624167372636,0.480301753008299,0.38461358207153123,0.4210788101191791,0.3978336352332779,0.37867489597683485,0.475518809758575,0.41530447094373246,0.4061326212011312,0.4711762535060571,0.3933731859995151,0.37577902388461204,0.46253049464010393,0.41487532802323074,0.3730566330666774,0.44895147972610167,0.5776488480869515,0.41071516644434186,0.4212425672126239,0.4401225483998262,0.4226424127923764,0.5358155317302093,0.3859619800001313,0.42398990910916906,0.4281921481443708,0.36848045376590477,0.40326363718536984,0.3826998066236416,0.4003057468872416,0.5551069392479704,0.39805533870875465,0.5132144539224152,0.3934942878891439,0.4247633393082098,0.43773826606680816,0.3580851418369138,0.3844770424473118,0.3884221960322336,0.387697729543512,0.377859659691776,0.40090407518671395,0.39499007307658446,0.4000016116377649,0.4026271418533896,0.475325388506024,0.42429346503752857,0.4088294527115894,0.472510991518308,0.4268530502727749,0.44743641789830635,0.44271695510313674,0.37879918259399165,0.3900382197254013,0.4303450056999627,0.47421112868176185,0.39230724001009215,0.4467061997670043,0.43629941764434943,0.37895602173189774,0.5601418813177753,0.3944755876037636,0.38165453256397625,0.49825470313107884,0.37044246770834705,0.45931997354398657,0.4046084935927001,0.4729752970383679,0.4168879134009762,0.4322607516543752,0.40084140174581673,0.4732990755058234,0.3579818133596922,0.40828173125960404,0.39060145495389437,0.44485288425320346,0.45203801774301594,0.4563184015552437,0.3937746557182585,0.44951343313973935,0.37102263600526475,0.43833188512482546,0.4164681084429513,0.4055824845125022,0.4552162262731742,0.42852647745307954,0.5192822894210156,0.4697064461139893,0.4206806566162539,0.37586931766541415,0.3889641786390671,0.41698772341850915,0.42844356947135503,0.49582250160179264,0.453343250857844,0.39977076748894486,0.3700444385486579,0.496224748073277,0.3694003581507081,0.4280539248062191,0.4018532394805449,0.38981023002283427,0.3901949088446695,0.49250871963397436
0.5717423806584565,0.5701782087100885,0.5598565009240374,0.5017641453406798,0.4284887002022363,0.0,0.4687286422228112,0.515729298656741,0.4987718699065417,0.5190723040718632,0.5598508942828972,0.5500507003903489,0.578428055096659,0.4688258673817097,0.4721149649303369,0.5549989123076355,0.5509338732100851,0.48415397173960817,0.4894904109894304,0.49893576297693737,0.5812179759302141,0.5444854574159421,0.40706053832733147,0.4873084010683825,0.5443158473133927,0.5101161086087243,0.3923032529891283,0.45183924141205234,0.5137490336400753,0.44971084403770284,0.5021507826535747,0.5680039528556465,0.49478788616544,0.457921221176679,0.49475281144424543,0.4847089576474073,0.5550486733648178,0.5031836222782976,0.4979016348888932,0.4822486594046391,0.4864811761463843,0.5940394815496398,0.48938605735031293,0.5882930390033456,0.5022729130114777,0.4939699229752527,0.4745870181276555,0.5563425471685733,0.46899642530122704,0.49279803457188187,0.5486881582347507,0.6026970710624294,0.48035015133028747,0.5639244233636358,0.5212472281734681,0.5880852259840839,0.5336078355743602,0.5590685511377541,0.468018585051479,0.472087492900494,0.5546009110987676,0.4751512835169494,0.6041444611922386,0.42756248867061036,0.4868264123818414,0.537235527738128,0.5176281003738858,0.5401051113801884,0.44443312976813887,0.5186725866028253,0.5850851546518018,0.44905790939665874,0.545997827532065,0.5663458505867279,0.5661283110036156,0.47204211421280756,0.5068312292087268,0.483717916248397,0.4802690140541367,0.5225206624234732,0.6197207695060798,0.5197053353970784,0.5638140508588644,0.5342528917195446,0.5317326238991639,0.5414757718884098,0.541597422784586,0.4534262090267894,0.48004547927847474,0.5510056590131498,0.5154872391355596,0.4855671381351082,0.48972964993465223,0.5213991841337667,0.5231389407279867,0.5553434282315309,0.47493314585817764,0.5127513282456139,0.4451759644736186,0.5185333614455004,0.46634868302126126,0.4743050428191801,0.45470820125380973,0.4523320131306048,0.5025491059465025,0.5197196301332747,0.5134539743289591,0.5168465835396766,0.47932258501027863,0.5811650354470969,0.5643499826988032,0.49134975893812594,0.633135210966315,0.46696608688827324,0.5226155146651861,0.5662682649469795,0.519618666294066,0.4470992637479242,0.6307678992748675,0.47254015168440827,0.49284842086916925,0.46107888036752714,0.5474300305920892,0.5694015696929865,0.4849137046898926,0.551004192170153,0.49716975814833786,0.5008678235819735,0.5504458577346076,0.4568591824929511,0.5066480449917923,0.5908738478844472,0.4795356247950129,0.5598405086226547,0.5204945501293965,0.49481705323467895,0.5046690735368636,0.46202306751669947,0.43097514364953377,0.47050939445164697,0.47308490017946625,0.5553476851612759,0.5105492604823901,0.4780472261858181,0.5578968711161525,0.496283581332682,0.5487483241622201,0.5035145995321406,0.522978248463165,0.4365304164811681,0.5168582558174166,0.49920996145192137,0.4552603591264504,0.45557006764135904,0.5570945279920417,0.5307099439392758,0.4548901215473267,0.6079467316730677,0.45220056229311,0.5126420539312891,0.47431941728658017,0.5247112333133573,0.44486818452398275,0.5833121505336301
0.5258529177790816,0.5513618775263759,0.46651294478302036,0.5581014901707727,0.4712861619490279,0.4687286422228112,0.0,0.4668896352161053,0.4605291540203941,0.5682287075323454,0.538994122774314,0.6013409809769329,0.5041929646093715,0.46335530564956695,0.6164476361963286,0.507112536782179,0.5188043410469053,0.5395292425094501,0.5179610255489133,0.457249830321572,0.5151626021381586,0.5062328131134862,0.5711585395298183,0.5393397269935903,0.5495210227251891,0.48838902918917665,0.48166972175023265,0.47802312182265344,0.5889900099314346,0.5085161629929343,0.5344684592619035,0.5401753033586525,0.5523081092384539,0.49350322163778987,0.492733058177674,0.4860484018888207,0.5205360118533078,0.48104960304610483,0.565508646107919,0.6016720297642311,0.5245229925066631,0.4923496784963381,0.5146830398614244,0.5508446756662944,0.5008330092548874,0.5483773656389552,0.4703858412468319,0.474192308398074,0.6439628577610741,0.4953110759924606,0.6078419798093109,0.4819819339493577,0.4960654321256995,0.5447444648889145,0.6291579661442412,0.4714283268795431,0.5434697412592345,0.5150118629587949,0.5323594887723928,0.5253403819998869,0.45484020384214685,0.43500239882310465,0.474091831971544,0.4226631235058852,0.4884699945775406,0.47629277489918065,0.4945493493745127,0.4866136062027703,0.4474204925906919,0.4862160328338222,0.4963990971408822,0.4894366646247482,0.439198488595752,0.5682685585911567,0.4703273108669856,0.5144863464040743,0.5542827332237813,0.570529348464039,0.47510831837193973,0.4559639469508031,0.4657010018419012,0.4900435885826718,0.576904777157421,0.43876960111733765,0.4967902329262831,0.4839691360852772,0.4341209628698978,0.518350214018264,0.51676340017454,0.4868936790868033,0.5494944199440502,0.5084884416192827,0.623213488290004,0.5170457255353031,0.5114178598737144,0.5263038522560624,0.3987408329637352,0.45317423830490616,0.428576783062922,0.5272312198196905,0.4971073131055778,0.4738089128002784,0.48622830868542616,0.48567059053592193,0.46852960614501943,0.48792960124854307,0.48651016650650025,0.4870913767032603,0.5821493245868,0.49632056227304583,0.595428170314243,0.49429932285149025,0.45559166020350095,0.46927949205914754,0.5213514197614609,0.5333886676871403,0.5118679340067263,0.5671539978480088,0.4766534315104142,0.43688931854569596,0.5189420196855548,0.4494619910780473,0.4301315876388777,0.6522256695668257,0.4324355686409022,0.6248409105068278,0.44734722569174523,0.5129044261414905,0.4957531465192335,0.4971577697642779,0.44922549989074334,0.44413225253814176,0.45131352928822394,0.4738302754969678,0.4556638513973873,0.4733588136552078,0.504948129069228,0.5679454189929044,0.4846880203662653,0.5647505308752997,0.48876476439325195,0.4813061053665082,0.5448436443802158,0.449634218760005,0.5314287897417774,0.5056417947081729,0.4860800015462772,0.5726072308882469,0.49569720400151535,0.37982447295511357,0.5097627705994732,0.567227817931124,0.48658683755406373,0.5151715708454239,0.5556318810142334,0.49836278589200655,0.4740138370832101,0.5628238334694633,0.5265506057486042,0.5771811962752103,0.4814629421753136,0.4924733718946677,0.4519547239001171,0.5569865201047309
0.5603124330910162,0.5620264072098362,0.5113438921721731,0.5658890194952595,0.391122425546831,0.515729298656741,0.4668896352161053,0.0,0.5819200584310767,0.5706045220543223,0.5043423906533033,0.5357666503962221,0.5624846255847493,0.5272684558957393,0.5245443268666846,0.5187377430915286,0.5316153706669448,0.5778468057907605,0.5040351964703611,0.5466372226683421,0.5339291316222053,0.5212537743422959,0.464197409009792,0.44751665451414585,0.5699452682963141,0.5083828519146901,0.49589430499335985,0.4963840027944994,0.48063583532170406,0.4445910514025445,0.5976535064445303,0.5616218725313821,0.5386551942817134,0.49574290751620936,0.5337759494611551,0.5894994247264197,0.5234807486917844,0.6117911590929526,0.5333635771293775,0.5115889017678894,0.5287611430939901,0.5227432136299072,0.5490333338749985,0.4901597788943555,0.6782486823262077,0.5977448882228596,0.4473441638614586,0.4527297141612526,0.5022570459807041,0.5755126884526712,0.568558831920957,0.5111751033763015,0.5235287652438534,0.5517618122722019,0.5680065571724278,0.524215497156215,0.5694117594030804,0.5531331238227359,0.5566505863134602,0.5687399524297103,0.6045080624019196,0.5235867569431055,0.5758940408456241,0.5037830050969947,0.5352869920818203,0.6017266416934892,0.5871626154753513,0.4897922944061148,0.5606066374376579,0.6790696553572003,0.5685745025811673,0.5290041408247422,0.5695422889937715,0.6095126716913049,0.6407572382062781,0.48899140225609083,0.5246536675174717,0.44465422505971114,0.6183547741213107,0.4020601051529405,0.5031707306837272,0.5976258253800165,0.5010520659309892,0.5956703287451265,0.6031354337708522,0.6428871184892795,0.5884824767885383,0.5834293089011979,0.598074679067072,0.5801970895996371,0.5369236700000385,0.5476963073456619,0.5153289546343119,0.5120556611621767,0.5848348112549568,0.5249209054498009,0.5463535325010842,0.5463673992976182,0.4809250512442916,0.6284829937166634,0.5047776595776189,0.6160426583910883,0.5589476842548352,0.5193038547896744,0.64933933156751,0.5546669883969716,0.6022796632016348,0.5458240465513284,0.5357966468247005,0.4642498637243565,0.5020542958936984,0.5847716387465262,0.55052123962469,0.5902453382827095,0.6130746016994784,0.5400144328927388,0.5368407395193849,0.48133769055486264,0.5037913070101663,0.5313992609349479,0.48267950128692144,0.6174670013490939,0.48042605173739084,0.5140579455328383,0.46883058567646313,0.5419691667165565,0.5592100613704661,0.5380918704000347,0.5773929911844454,0.5489071035913745,0.5523926462332964,0.5316280408366832,0.5301426694122253,0.5632062247575286,0.5370390817577483,0.4706038783160278,0.4754405005403994,0.5169786248012525,0.5473818130596901,0.5803719877843659,0.5235755628002724,0.5323432681962132,0.5798478966234492,0.5719873090318462,0.5491962279008874,0.5683153168282393,0.5248196414679427,0.5243414105560189,0.5803384751807797,0.44802267735533396,0.5938021095899231,0.5304903321296751,0.5099741624067783,0.4978144442859371,0.5913794852325978,0.598982158399154,0.42732166954961376,0.5148227881076451,0.4711710855389831,0.49727102138325074,0.5111248959397658,0.5125848626422947,0.5173123769865487,0.5163792560359755
0.5972034815898112,0.5715228133593266,0.47884666468873,0.4902327836799522,0.4010862258782838,0.4987718699065417,0.4605291540203941,0.5819200584310767,0.0,0.5633939641906817,0.48819402557328523,0.4921415013393482,0.5115428098184829,0.5769691697819611,0.5040056123071217,0.481293556434493,0.4995419207805344,0.5937512450608887,0.47993533498020385,0.5635044087354053,0.5031357382807771,0.536087676004326,0.44183157580405696,0.4218037080704451,0.5641968063482599,0.447531921554846,0.46863525452733695,0.4598237103102341,0.4887992718697302,0.4577850305546332,0.6092015322765735,0.5417327961221552,0.4797994073237168,0.4412858451325745,0.6031842236904378,0.5625974636421257,0.5028172211810041,0.6334967473422745,0.5029988441184352,0.46879059662727207,0.4914169430735742,0.5890113934653406,0.5080116783528472,0.4907858782078914,0.5413250341733967,0.5094176472975251,0.4496776916972336,0.44354153994668555,0.4969389789830177,0.5712842540235845,0.5224453475992874,0.4741379967116107,0.5554632406452482,0.49901164277765203,0.5190614426214197,0.5778190327532757,0.5467182448400366,0.5117680770951673,0.5836705588598786,0.5215729666390617,0.51293327153735,0.519964893378651,0.518586907772057,0.5598537972725356,0.5848385333642857,0.5430874413351819,0.545401389852413,0.4931985300881075,0.5712044846811619,0.6053895506813417,0.5686788305673944,0.5757021691123021,0.6200559512967064,0.5279854431351624,0.6043852063156825,0.5021046931429671,0.4620688358406932,0.4333629594058434,0.5092702423975132,0.4068987182479247,0.5108767393627872,0.6250210778796017,0.5085723700014422,0.5417081002401913,0.5930439930005615,0.5997839882093465,0.5554562529301497,0.6025566767601271,0.5374713759593045,0.5782871706263673,0.5360734027897538,0.5891778280942828,0.5135029587785224,0.5010890194980077,0.6528159364356306,0.5335644894704226,0.5258631437478487,0.532714026542011,0.5701500702972406,0.5330556252118335,0.5292131470125976,0.4988257911929133,0.5287336876577744,0.504976361900178,0.653359320006949,0.48340704038374743,0.5037266623324854,0.5294525808532398,0.4893740986506241,0.4564169911711041,0.4729362444705647,0.6064418394531897,0.5494297520426297,0.6224713683678854,0.535950941612244,0.4967775586735504,0.5412081233633869,0.49316112474096213,0.47446537662759525,0.5771780213258322,0.5051428098336667,0.5343381062618902,0.49527546315031823,0.48947253377731625,0.5897387701832032,0.48956050286443276,0.5534887101485552,0.4701020070962179,0.519850737036888,0.5418591485365679,0.6489825704627328,0.5170961414952528,0.5145230036681453,0.6525920016265676,0.530988340724192,0.5327330064724929,0.47020408612070147,0.5022294422952684,0.49337800345413896,0.5619662156753583,0.5088196003066516,0.5904973154126592,0.5993058076352281,0.6449165613838697,0.5565771936732686,0.5603251328524615,0.5430618191382496,0.4891086729385314,0.5927973778008349,0.46682642063683527,0.5696688821198271,0.5851434875040787,0.5049996506594729,0.47151584498358734,0.5354164117844824,0.576391915012538,0.4114835399466732,0.46974712653688955,0.47840673164826336,0.48106346449379267,0.5030248668071848,0.5945260545313253,0.5563372053757357,0.5434963574894939
0.6046848971442783,0.6228129376200305,0.5088330010863706,0.5632195997374303,0.4182384042565248,0.5190723040718632,0.5682287075323454,0.5706045220543223,0.5633939641906817,0.0,0.534952991820967,0.5390783777793016,0.5979834828628706,0.5826142102634353,0.5416891438751535,0.5409856477261221,0.5656697252826796,0.6626842072538276,0.4956180797810951,0.5328006021545834,0.5295297236417484,0.5266611304734647,0.5439725859317839,0.47842392985913484,0.6869089948566608,0.5172856486637798,0.5377423981352234,0.5232230917950048,0.6159240603837114,0.48731449831596735,0.5777651912928341,0.5981526928430715,0.5377530208321313,0.5041134291189614,0.5665520603732815,0.5358152715270085,0.5752182729229773,0.6056418954570313,0.5015726610645695,0.5909299481085701,0.5311099774339886,0.584348335942781,0.5346747583657381,0.528790033541819,0.5873838461982578,0.5963404720504781,0.4887288805555306,0.4751929915244721,0.6108219975046721,0.528332329347764,0.5688875246231209,0.5062164159534811,0.536220522948547,0.5230735576307839,0.5839549756404636,0.6075093929445796,0.5656610794661145,0.5302203816607002,0.6451437812597444,0.548233358073626,0.523042078457756,0.49449476671466464,0.5186196408990874,0.507110018111223,0.5261647909836861,0.5575578081660115,0.6018401747074699,0.5374651393230161,0.5710869418132227,0.6151851923227432,0.5517905026981537,0.5883371357378193,0.5581336252529236,0.6045918778102989,0.5808157284178769,0.584769063102657,0.5238920355776963,0.5170652335456896,0.5560356720596833,0.4682333493689105,0.5610711997596985,0.5358534589913536,0.5852255964533962,0.5762118751626498,0.6010506620382629,0.6052579391919158,0.5286672035921595,0.6012340335721368,0.6452774842246966,0.586649918998427,0.5636211026537277,0.5631683372016277,0.558288298197163,0.5311505914693962,0.6301208879694699,0.59393302940319,0.44712060686181887,0.5596715741710883,0.49878839252394913,0.6337746080272637,0.5574779495650649,0.5096851854998374,0.5580744974587069,0.5638119871070194,0.565843049353571,0.5459506742515723,0.5375156740273941,0.6443928891908011,0.5987739430520799,0.5134256266780111,0.5281532819226837,0.5731449221729893,0.5661941027090261,0.6206951176682486,0.605620940886532,0.580667349448281,0.6279000079963993,0.5382274399641929,0.5346185590716177,0.5648743902925258,0.5111955702439901,0.5345302024552157,0.5073230052137758,0.5886878065824859,0.513307721299255,0.6091472043279026,0.5220843271115173,0.501569692007192,0.5914987050092989,0.5846918227776726,0.6077281520010874,0.5018297457126752,0.5430400103261878,0.5410410606585591,0.49738078182429857,0.5086644907608743,0.5331139746074006,0.5694479324571662,0.5639500674740877,0.5884185065765303,0.5714684939009713,0.574091714441313,0.5990004478017824,0.5280898082421553,0.6172391783054877,0.5990552503252481,0.49904612763538553,0.622356205058105,0.6553627195945119,0.4459591037432245,0.5542791559106407,0.676738547849892,0.4838222916247395,0.5435264160864943,0.6380058565332904,0.5943263510276655,0.46388997583110025,0.5808970191864422,0.550092706358766,0.5740469869189972,0.6445729361420438,0.6112030462139245,0.57009152730865,0.5647220408063711
0.6418583445767119,0.5586296304005411,0.5474139354392376,0.5193534683849533,0.4668484541270093,0.5598508942828972,0.538994122774314,0.5043423906533033,0.48819402557328523,0.534952991820967,0.0,0.5718937135862531,0.6567531776597642,0.48216430189521814,0.5318477163578338,0.6329873895870466,0.6069031454210492,0.5655430048580864,0.5134702855569668,0.5339604826652651,0.5600446321571694,0.6048791397065071,0.4817571954737301,0.5713283351802366,0.5749033459331074,0.526989005456272,0.46005360478183516,0.5298943604487619,0.5747850830047434,0.5071010019282949,0.5054972425578234,0.5838930043276069,0.49566769111801856,0.48229737812141826,0.5200411710104824,0.4702291327237159,0.6229188692125893,0.5171214997760669,0.5387147061058355,0.5721515598845642,0.4809130924394217,0.5532011110377738,0.5297689495048944,0.5746529614663596,0.5263804434319057,0.5212550925149539,0.4487803326238777,0.5976239873478048,0.5779416146526106,0.5063621615901083,0.5754690075313664,0.525169037196397,0.4691570562318482,0.5550003183190064,0.5951415006206057,0.48752493074203135,0.5819190777945312,0.5607538841435813,0.5047317205875457,0.4996485371789205,0.5386812086467213,0.4275801080984134,0.5519593723951511,0.4284207753454232,0.48014540774043396,0.5143119528867053,0.5275183564298734,0.5331897088551911,0.4883093441049242,0.5551570202474112,0.5482912296913603,0.4724324205054198,0.5079695918279512,0.624326998961772,0.5513036717851163,0.4863745782340586,0.5918452305425501,0.5193031867176443,0.48109409416189586,0.49133334463628114,0.5010989384898041,0.48811680501887683,0.5783192657514187,0.5076287207570915,0.5053466042779307,0.5257048828624908,0.5138295535262607,0.47901794448297613,0.49131126350993265,0.5059418882536432,0.5528083974499023,0.4461613617753651,0.5583408327586159,0.5446980585642973,0.5105728962359682,0.5216302199097669,0.42023865615590233,0.44918486349944475,0.41791497627712304,0.5105009409061325,0.4901102086723285,0.49496632789657663,0.43892184328331857,0.4381956384931423,0.48248690597077043,0.5169911812637582,0.4934330328640941,0.5332293686243009,0.5075395013882356,0.5812447771515799,0.5906616271564245,0.48981874535324893,0.5353695665754568,0.47734069682370345,0.5349132267098684,0.6116996216181879,0.5019101895285407,0.5544096667863532,0.5464209234579365,0.44169283861816316,0.5428060932460981,0.43710063668074084,0.5022366998014881,0.6043594506540207,0.4633510596886864,0.5900250937354207,0.4443883486997825,0.5210361764968722,0.5164237575193357,0.4851699339400265,0.47419545823635334,0.5181724778364014,0.5188171802191112,0.5094347866916542,0.5306117182581525,0.49297525242664336,0.5509835087032007,0.5197084572799996,0.5023093968579069,0.5015111484150719,0.4728218828267058,0.5245760655089428,0.5013880257894763,0.44821330256744013,0.5631315117105921,0.49621161663847047,0.5090739794209108,0.503150609243889,0.5213691820511159,0.4046530023083613,0.5450119416494518,0.49652156169297795,0.5232946978437815,0.47320000260992234,0.5320128814457744,0.5487927461519734,0.5764613606015497,0.5831695926805185,0.49923055606485195,0.5692260135615852,0.45470722527163304,0.5052783403769887,0.4176515733913432,0.7201037057510206
0.572582123161588,0.5695559735878439,0.5193492334876763,0.5691381507482163,0.4778986632517159,0.5500507003903489,0.6013409809769329,0.5357666503962221,0.4921415013393482,0.5390783777793016,0.5718937135862531,0.0,0.5303934830630678,0.45259874274888945,0.5688301886965932,0.5757349595041361,0.6023635993592874,0.5354044702282319,0.6375431467171984,0.5148594213130057,0.6350518748559186,0.5315207072772942,0.5288282069242035,0.5512372952126765,0.5826419984833914,0.5226977255494755,0.44774345833625445,0.5084136994099704,0.5221738717249809,0.5323262834129244,0.5704693847130153,0.6154656603118117,0.541285566229386,0.5685023767248182,0.5129117501084055,0.5425026169673812,0.5294199140330206,0.5158261904479062,0.630704353329765,0.554892926829391,0.5549554872486144,0.5487902293531427,0.5807180575016172,0.5938937023075431,0.556982145528172,0.5962872547826862,0.5003386048577108,0.5051391574260883,0.5876645956288333,0.5699509652056325,0.7087182987992604,0.5846607999291924,0.5156222117530637,0.6210589728847733,0.6506154453022474,0.4979176418584751,0.6426934672367173,0.6435896866633413,0.516143568374434,0.5685259563222104,0.49971169509930674,0.47354666953945673,0.578902297207401,0.4461182683812476,0.5266657990047904,0.5407644037546483,0.4959289135836905,0.48562711870508174,0.46122200195251545,0.5207260013130027,0.5434979219439032,0.47913417647200157,0.48733597502608494,0.639379170014402,0.5432690094483166,0.4960177854457781,0.5844567410566317,0.5338856950056493,0.5359578935469914,0.4565152498862501,0.4995229229111688,0.5516464039608284,0.5642804706591559,0.4727239938819274,0.576788380469715,0.5411189438186215,0.4808621408178375,0.5195591685692292,0.5350459950452167,0.5094270878479509,0.5999599320312836,0.5365533093779805,0.6265711722392822,0.5647331938765016,0.5264849206673974,0.522149273407723,0.4535171666363313,0.5134353213493722,0.4479921620362962,0.5614211838718147,0.4734747298148197,0.5362867492832162,0.519817892309578,0.5001865603334871,0.5285172777744663,0.5604000953008103,0.5810913732870537,0.529063523572104,0.5648583339795834,0.532060565088636,0.7293688905688146,0.5512961976008603,0.4930759697383028,0.48412362285961835,0.5693873260626574,0.5908314819043203,0.5567221593132985,0.5555736961980229,0.5476155957187753,0.44962595231813046,0.5407955033382381,0.47775183577576213,0.4849611924269451,0.6480448610901862,0.4395421991290739,0.6091757124504781,0.5020990522684787,0.5635246896330215,0.5677207672058738,0.4791078255615339,0.4802485188255307,0.521155103826401,0.4547982006151483,0.5242065392486516,0.5072147966160927,0.4743796997116836,0.534287092365906,0.5317633542793495,0.4852744192861954,0.589455950101777,0.46149920284476176,0.5197028281566742,0.5766209620291007,0.48990354927299296,0.551852540304666,0.5634205944294388,0.5540226533412421,0.5385116600945931,0.5427471084286274,0.42237576690658246,0.5718106167341845,0.5362456965850011,0.5483283906826062,0.5056316327692139,0.6354147406444125,0.5152245543156089,0.45915643355126273,0.6005292572315579,0.4637773312481259,0.5734086023623597,0.45814260371101634,0.5033770852880032,0.45588764481267985,0.5985255150140718
