0,1,2,3,4,5,6,7,8,9,10,11,12,13,14,15,16,17,18,19,20,21,22,23,24,25,26,27,28,29,30,31,32,33,34,35,36,37,38,39,40,41,42,43,44,45,46,47,48,49,50,51,52,53,54,55,56,57,58,59,60,61,62,63,64,65,66,67,68,69,70,71,72,73,74,75,76,77,78,79,80,81,82,83,84,85,86,87,88,89,90,91,92,93,94,95,96,97,98,99,100,101,102,103,104,105,106,107,108,109,110,111,112,113,114,115,116,117,118,119,120,121,122,123,124,125,126,127,128,129,130,131,132,133,134,135,136,137,138,139,140,141,142,143,144,145,146,147,148,149,150,151,152,153,154,155,156,157,158,159,160,161,162,163
0.0,0.5460483368269812,0.5910070650512221,0.412208801759641,0.39521012673886213,0.6236949958690879,0.3683260865311161,0.5005404669935997,0.5087431977622707,0.5733295458557114,0.4268081322178116,0.3719008401910272,0.662039017899055,0.5557147333887721,0.39956223040422745,0.5795532195820754,0.5821322907885625,0.5896322766272069,0.4889105045416168,0.7498766751107128,0.47820855196523937,0.5346784156430981,0.3927523113278749,0.3793196655882232,0.5175444199136874,0.34798913059675496,0.34323838985416233,0.5259959440114931,0.5088862320479348,0.4019836321022657,0.40237146826871406,0.5991040313256083,0.39971137048519423,0.3507634659635754,0.6096012829579243,0.41477972533008634,0.45551497554097964,0.5204495408297336,0.331710082860255,0.42491316167387005,0.3909560622368435,0.4280084077156568,0.4631116178181437,0.4096673988586571,0.4225042402881618,0.3944444276076334,0.4218895116353026,0.41852726291549525,0.47253686406390216,0.5206380198922834,0.4627632257264012,0.551174726622722,0.39931353071318393,0.4410680454780024,0.43195926660121625,0.4813587836602813,0.5787435175554393,0.4241635996847526,0.4866056490706478,0.48253841081647036,0.5214843178609542,0.4352293687620954,0.570056811785125,0.42819483281380344,0.4402980087409339,0.40476883325375923,0.3650495949090541,0.48494249550783974,0.4300474351226569,0.5647512182813611,0.49355557023856234,0.5297045299112038,0.4610567069322794,0.5196119347861812,0.5356281901525147,0.3895627940183152,0.39785161202125546,0.37908655008474373,0.37717680609228366,0.3891429185316725,0.44725931950757025,0.4603193740726913,0.5118732725519988,0.5773928394526843,0.4569387958184042,0.5183574931804992,0.43349915608685036,0.4604701471366066,0.48604962885549413,0.3441373075946695,0.44082532815540526,0.3744995048406813,0.5238973774698329,0.4561838004799122,0.5120878481798139,0.414691178348989,0.4033906576776832,0.4023931672591192,0.4143848607050109,0.4343017506085541,0.3992026523438297,0.3815692916769881,0.3357077725120596,0.4076437390728683,0.5758272713272715,0.4704685407136301,0.41943529178976213,0.5063040873672606,0.3851402868908063,0.3932527643277857,0.3678555028661255,0.3930572090279346,0.5063130279442626,0.3945120422485617,0.47159113984006246,0.5498914398563496,0.5007709507490966,0.5275314320589709,0.5145165631652038,0.44870393986463025,0.4738155416590847,0.40212093921201847,0.4741901783423975,0.42645352458808006,0.5054567347319858,0.4014505844119494,0.4356319498312654,0.36240596965540534,0.4820859519670322,0.44501488893363195,0.4863458489925316,0.5830415423962102,0.4629315241993208,0.4130817468092805,0.39953357931989797,0.42717899147649424,0.4530257063023492,0.4087188688124936,0.42782963342095504,0.3883912284138902,0.4328770743853432,0.5194876063741721,0.4788509566438898,0.4174992978426761,0.3793059433302418,0.3622369850491777,0.4460991070003112,0.3745792026125623,0.5759991439150681,0.36480997530774667,0.4270807254502138,0.45697168661137444,0.4209331909461703,0.3773663794962785,0.38961663620712966,0.4133129870931912,0.4803178332588159,0.4299344637988866,0.4506579037500661,0.5429879052696719,0.3869566759438042,0.549501770233039,0.3479666481507758,0.45486972866447783
0.5460483368269812,0.0,0.5512696586197234,0.5247863455963612,0.40615463174422756,0.5621839002676902,0.4340373248460572,0.6270601420748999,0.46186365588644734,0.6891393373768883,0.4143433403401612,0.45050467918274617,0.5687802664022444,0.4985507130143193,0.5354819122946147,0.5394913666255491,0.49895643057622746,0.4916673570514174,0.5521990941282927,0.6243579395210556,0.5801407865692704,0.5138449363129176,0.4490272696859368,0.5104629191185868,0.5862361989585185,0.41453907524219924,0.35174101284191844,0.4514867044803323,0.671329959178414,0.36985912188036046,0.5049338290885826,0.5114050343315681,0.5543679246961408,0.41051539919373076,0.5974637956626608,0.4864890228317215,0.5170722469888321,0.5541654953465863,0.4186831563035636,0.5427452388876982,0.5438490545979261,0.3895202155545763,0.5063981233655395,0.5013759901748946,0.5301664943069097,0.4644542558436262,0.43438097725133024,0.46858786491126336,0.539828003892237,0.513666565012866,0.5259234558731177,0.6425191609683323,0.3890310724807397,0.5883723922494131,0.5308843327563737,0.548004972134104,0.646252065330083,0.4268995227273041,0.4850243560182729,0.5741812096366353,0.6232548934167428,0.44462302142345733,0.4963810687510167,0.42831318341096003,0.4556933281912443,0.425789523997231,0.42613352858732395,0.5131870953260267,0.3568940868177754,0.5399051555711956,0.56904068412585,0.6704179287022615,0.39864968275668894,0.5742873919157035,0.44550513106744005,0.40817721503023574,0.44949045694487905,0.4672140061888586,0.47173846419643944,0.4483494200054803,0.48258188510050143,0.5354163335397583,0.7410336811576222,0.6184349284781291,0.5059159769170583,0.7348141534154965,0.4474497083894817,0.4479007813269094,0.5430806010155893,0.42999569818045685,0.42226786674543115,0.4335980393046874,0.5725687534705252,0.4906217571628784,0.5610238596627855,0.5321319403334432,0.45516233519007393,0.47203673564066967,0.42830217860679315,0.5052032878399416,0.5204443834535736,0.4347721402231945,0.3735443194850655,0.5308987622398414,0.5415581565259179,0.580525457921312,0.4860121334728179,0.521442206670034,0.4675253265484889,0.46395405637351445,0.42144419461339644,0.4372737779281788,0.4785770662667011,0.40669533209868686,0.5386642810430412,0.5715066601923399,0.504261590100073,0.5286206857507275,0.5094829986979807,0.4467093703002609,0.573966508524733,0.4922605627907049,0.4822620473730865,0.5662396272690426,0.5169880071783098,0.5475885547588769,0.4311904927434824,0.45653836093918115,0.6336621232703065,0.5690311565531672,0.42390190214665574,0.5402390861475355,0.5332554654039408,0.46147661435377463,0.4853439748263714,0.4607999633736132,0.5477053562637739,0.5490142549721416,0.5381394631848457,0.492606852888,0.513254896085201,0.48791211649803823,0.5622316386042442,0.43614752945933394,0.46186793774365353,0.3701050447196473,0.5597045718320266,0.45793568544253066,0.6479854851164092,0.3576545603437211,0.5163555060338401,0.49742155001424077,0.4091965138258705,0.44714759856364855,0.5010556785348541,0.5196419873447713,0.5331569404194497,0.5822481830976199,0.5981492098915022,0.538202945808438,0.4332785588755469,0.5846566998839691,0.42477075812239123,0.47660544760351414
0.5910070650512221,0.5512696586197234,0.0,0.5051115684748051,0.5090403213085121,0.4819841761107834,0.41689638910340504,0.5350217065346999,0.5417019085418056,0.6150331550606787,0.5041256787797388,0.40934867328524016,0.5871619100539723,0.7127952924360554,0.4100619677289465,0.7230139086801138,0.7228499971377239,0.5797710136754344,0.4682759006073615,0.5757454489648227,0.508446366356402,0.7325393774984177,0.5049200748937852,0.3970717017763956,0.5190580563701273,0.3837059333787385,0.4379976952107081,0.6058743924459349,0.582866819190335,0.4404821693465486,0.39636478261719393,0.5332647799432588,0.4223165587315326,0.3698378524727466,0.6615302005829871,0.4888056520673137,0.45368150644542526,0.616151526968786,0.3535462043347862,0.5013552389837631,0.41230826403913107,0.48684842969594,0.4431163422830124,0.40801521574983285,0.4490373795158423,0.3769058785797121,0.3996876002474948,0.40915657935863686,0.5550267371309203,0.5552234133290914,0.4782641373879981,0.5052334030125669,0.3597495217377992,0.475113057091302,0.48813869275398847,0.46145253277489273,0.5422629585216375,0.5032786180304248,0.5050588422298341,0.5228944322043475,0.47498970077446245,0.41590524698859993,0.4728594589835661,0.5343412352025592,0.39140346081993416,0.3540596165461584,0.38639527866347706,0.4423656282221275,0.48551821278572377,0.6248207888890212,0.45698850238367156,0.5370787630943806,0.4994358691666586,0.60447488195739,0.5158935298289726,0.334329813077778,0.45664885541107764,0.4419366215608981,0.360580274769275,0.3461828501486091,0.37455627697822486,0.4858104060371915,0.49800320809166687,0.4932646039515431,0.4897577534833388,0.5471329954635837,0.42521768365391915,0.47350975727647043,0.440532428205945,0.3572205390959959,0.5765993332120797,0.3903590016630015,0.6029563310067019,0.38484495716694306,0.6155316399061516,0.41826255589811845,0.365062724360425,0.4100980264482169,0.4677952998973879,0.4345027504378944,0.40351350565098476,0.39781685005685685,0.3590053362139842,0.41747517355907393,0.5614986077308408,0.46642427418090776,0.40995574982070254,0.5970112219611938,0.38667782454468547,0.38346613522314177,0.3905986853710296,0.4530071599691329,0.4582620800059101,0.4675983136212517,0.43077553030164284,0.6803268497231206,0.41467004221372195,0.6163641004493998,0.5475665267060055,0.5586760059915484,0.5851730887588953,0.44035550713093896,0.443989075106297,0.4112342658215418,0.45956865496685056,0.39390820887123185,0.4872992746968235,0.4001708718458191,0.5163804272556067,0.45193232947229656,0.5048956732246016,0.5799220188217137,0.4663490253496371,0.4540730934462756,0.39862971969925387,0.363736094066174,0.39463072190815424,0.4563392208969478,0.5415104496333039,0.4053979283385467,0.38890052217650234,0.5722743937970975,0.535805698947866,0.49564608951335787,0.3990980225701883,0.3925542633254482,0.48629683224323633,0.3550493954893698,0.563492193093719,0.411434694953437,0.42441189809515595,0.4036628231577205,0.5388594749855806,0.4346734562601711,0.40689306945299947,0.40531655506611813,0.47085338763697665,0.43966709624486305,0.48247331437077157,0.5704020280556977,0.35132882171236424,0.47332107170254767,0.3632630432524333,0.5196368161758231
0.412208801759641,0.5247863455963612,0.5051115684748051,0.0,0.4867261314355585,0.4095356752578551,0.5781596029700109,0.5376933199762659,0.41657423192924503,0.5530040198471816,0.4350904633239999,0.5457357732922694,0.443385930819134,0.4686230961678192,0.47940132877457914,0.4963073212547192,0.4391009194033821,0.3909789771133897,0.4412941448355178,0.4415613253639662,0.5793180803246479,0.4884069297663938,0.6260630340919281,0.5328618482098951,0.5414754244102922,0.554723213666823,0.3989455921057183,0.3985237472486495,0.5420424030956299,0.3488676928544782,0.4737382741560383,0.4379900620551918,0.49844744609577674,0.49551353899114287,0.5277475211349235,0.6363194177520219,0.5167787129262301,0.49755456619695726,0.4845440291919214,0.6143630681610905,0.4815244627473087,0.40819811951693685,0.4427151040966177,0.5075240905273917,0.5833307773624081,0.3883806040163802,0.37851724822383276,0.46921259929695075,0.6474873722018134,0.4584831477923244,0.5055044216432083,0.4700089635813345,0.30573192258482235,0.6255352143221935,0.688591337229808,0.4966024899451376,0.46790871062246736,0.4511667439974043,0.45775540655000024,0.4966034274848556,0.4698586921903196,0.39421219567460747,0.3742530976757442,0.5131857495791617,0.3674180569608705,0.3436941317537356,0.5099021470616257,0.4422629974143912,0.34110252898201654,0.4701934986465668,0.47133909211715264,0.5301028609392384,0.41804839660847537,0.5863498529752054,0.36132306755028515,0.321408229517357,0.6220625613108015,0.6991538062373818,0.3923242310856584,0.36734272901685194,0.3540092113866356,0.5488359463238477,0.49749253005398764,0.41192269609688126,0.5347615054043078,0.5337374345089082,0.4517818280385063,0.43682652454846016,0.41066028019747985,0.47856058695691905,0.4666256556271629,0.4823203462843602,0.49784984476087696,0.36092523251787,0.600891701190425,0.5291073211933868,0.37221922440019617,0.5041055266901622,0.4993521734754204,0.4717645772065342,0.5191104355519708,0.4908958178766618,0.4499829736703572,0.500530234852403,0.4510385080860401,0.48674346095969506,0.4352524126181936,0.5033313078272219,0.4131043839395565,0.4560005962250672,0.5137769947034347,0.5611996461315658,0.43821846477037224,0.4450911037285295,0.3945135983472468,0.47204724185004093,0.36622319318927987,0.5476748720024088,0.5229569707119517,0.49047487421570285,0.6570981987747339,0.5392549971993472,0.4477219316837041,0.47011824263963536,0.43926379282472255,0.46361900238991843,0.4704700845158423,0.6011252715139082,0.6212747932461264,0.4770647115587455,0.37245654829712854,0.4559164999167517,0.4822679702726729,0.4919797709749136,0.4922470667201413,0.34516954767816926,0.38649474469155387,0.6130401714188122,0.702509488082706,0.4819140491506118,0.37823026261923787,0.4955628089888423,0.5821366587049662,0.5206265260622447,0.5371038531633074,0.44314498185342893,0.5720963985051223,0.3667294136394968,0.5179535606602153,0.36817478544012006,0.5075045316167854,0.3607714214788709,0.42741135638225647,0.5449114570442227,0.5299529487005361,0.4928579681022252,0.4383143877410188,0.5590523362316653,0.5503723846728622,0.525932207144349,0.3411292077272762,0.43547075467570834,0.45952542909947797,0.4882867119346134
0.39521012673886213,0.40615463174422756,0.5090403213085121,0.4867261314355585,0.0,0.36357318953117085,0.41202057955560967,0.43066631760343027,0.4926947497489305,0.44409371922818447,0.4954346831644657,0.440841795891381,0.3834088063767873,0.4731817469752721,0.3410500965247356,0.5304970089708039,0.5027590385855878,0.39398938589854343,0.4004959112749808,0.4016199204441168,0.45214895408260775,0.5169862288157272,0.6313845104518053,0.34943091567579676,0.439287241647752,0.3781200274760086,0.5154976702402121,0.4586629915118687,0.4422067244557215,0.45667782788547007,0.35526279474240613,0.4051109492268184,0.349407679672976,0.3700693621443002,0.481139495356794,0.4986178415982946,0.38283140592805043,0.5207484756269253,0.35814572172210757,0.4146241489679179,0.35894035231721033,0.5596034235975357,0.3637577772453826,0.3662191798906579,0.38428304881175734,0.308622475643861,0.3307704229082461,0.3570680471724062,0.49334628707323325,0.43370840090869883,0.3998572165343157,0.38177816616861165,0.28676846567196035,0.4052643630303205,0.44875697159048805,0.40203999294711107,0.4076547960643867,0.5982916864779839,0.3933574541951374,0.41023130250973233,0.35644999007297606,0.35000334598605554,0.34759048334409726,0.6525826647043096,0.31543883515074866,0.28510234754262126,0.3579135901714725,0.34470274491560726,0.41584023149735555,0.4764114812914829,0.36152255083963897,0.41187425678019945,0.4758345630265769,0.4576008481063385,0.3943821932346078,0.27058574990978307,0.4490239901842507,0.47159696636228415,0.3063993006487517,0.29770379482845655,0.2992825307741426,0.43905131516528934,0.39313403126395446,0.35624477146292766,0.4769074554355671,0.4309247744606854,0.3905975423557292,0.397928449817975,0.3420813345750033,0.3465823667630061,0.7144003290713002,0.3838832924617768,0.46739560325019963,0.3008870670245676,0.5375017133689682,0.37301193388795045,0.3047971348950764,0.39217268228139335,0.5458895105621338,0.3523242660017597,0.3585422983093582,0.37612314460725027,0.3736815705381944,0.37941791392014823,0.4284170014765094,0.37293469618709313,0.3473564573215233,0.5425495148502614,0.32014699546063147,0.33867453674848347,0.39307106304502626,0.5306461410356769,0.3680080962495915,0.6012639660944129,0.32713407228042385,0.4690415606174851,0.3247785969363107,0.5333733036703281,0.45315106437291186,0.6774096250973656,0.5573319929487979,0.4282362674595525,0.3866802619617695,0.3443478497256709,0.39409529036391955,0.3313528224705794,0.4699296617832225,0.38874336292087847,0.4356720714758329,0.35442894621115506,0.45339854242993904,0.4668026619885563,0.39672994026586894,0.48113848578466406,0.358381558184532,0.2874255103076669,0.3140954581509506,0.3923063452780133,0.4739729279320093,0.3852877753766015,0.2998965487432872,0.5335206104528236,0.4701679348442227,0.6145147784444428,0.39085435257656415,0.40428388850343083,0.4608323728729359,0.2957190359546035,0.4447399215541409,0.5089481824367241,0.3826935536654413,0.3226786734922668,0.619358944420814,0.40290763064365914,0.3910378040509356,0.3503041678291328,0.35989308981410495,0.38396482279186733,0.38340492034081597,0.46277917490739606,0.2808508670446602,0.384244834362121,0.37423566178692336,0.5095650023303474
0.6236949958690879,0.5621839002676902,0.4819841761107834,0.4095356752578551,0.36357318953117085,0.0,0.36694004880431785,0.535967917800105,0.4797252312337365,0.537892187192514,0.39300274876212915,0.4070561745678763,0.5424214119776385,0.44013953218510155,0.42153462745412856,0.5086333445601228,0.4674218583838575,0.4593052088887642,0.5650058277478225,0.7308747626932144,0.5192194329010436,0.4522156613471804,0.3710381463140491,0.41044764382551546,0.5723325790781933,0.36083174582496275,0.3071101943016555,0.4302315442632832,0.48158292613112885,0.3694611849374216,0.4736924597162617,0.5587040199712199,0.41440916994631677,0.38032588425012387,0.5540422572797875,0.4137392225469124,0.4960554432467235,0.49353561447374816,0.3710429853218484,0.40192516569559156,0.4155199744059423,0.3941866814779804,0.4905302125432163,0.4685782454898679,0.44312319460130556,0.4154076379309958,0.4149849723738686,0.46784587541122463,0.45455477153098306,0.47054204742430783,0.47009868592243936,0.5892953772224646,0.38367668850853737,0.4692049290773952,0.4451394921731216,0.5599235423766968,0.6030809119174378,0.40985982119492176,0.43508662815876703,0.460716197646162,0.6021139050968498,0.44007991965499815,0.540578546118219,0.39109805552383015,0.46500139869402735,0.44428726496151105,0.38249503298497517,0.5060131495266748,0.3473503198980249,0.5282902797915556,0.5516716326909168,0.5293131991471568,0.4141746832643063,0.4811963589660141,0.458060074797643,0.4313496096254549,0.3988123935502849,0.3871526578719433,0.4283703902019528,0.48910373187172385,0.5387110176725325,0.49535850284918675,0.5790197077838918,0.6092987379046659,0.4841480279599693,0.5518832767490227,0.4948791202698637,0.42902748394028306,0.5124248905476753,0.3889831571818813,0.389210167189835,0.4037727536098946,0.4777995324600145,0.5204215193388071,0.48718215241043233,0.47676359157473375,0.4747255560267049,0.4501504214885606,0.4109186002192757,0.4395255047973183,0.45277861326559227,0.4153913416117843,0.3504671567791137,0.4559196029457121,0.5395201406546334,0.49358491185308806,0.4513683739844749,0.47817666865880376,0.3899395543044739,0.4451961923083577,0.39582514161371396,0.4003512255967034,0.5281515195553038,0.3838251968538488,0.4802951589294052,0.4722610627087295,0.5558279767788692,0.492336437835662,0.48945091434989807,0.4157467991929789,0.46496532690145365,0.4342003029875562,0.5304662960924548,0.4917044940374338,0.5958566855955792,0.45748852611248486,0.408474837322334,0.38570549505548457,0.5107535477717771,0.44553700836743676,0.4370795345429848,0.5813272219076672,0.5146281425090272,0.4403304974662434,0.4633844347740174,0.4763414204864238,0.5474523809086168,0.4100439256141596,0.40402958206415074,0.43433564641712374,0.465098779377204,0.4942102243994171,0.4774921135726227,0.40895907706065643,0.4215349745724949,0.35606917280375405,0.4913291349182468,0.40781591176417475,0.6154275268677399,0.35129402328249065,0.5071955592469684,0.4915208295252874,0.37520900803704127,0.3628897445517076,0.4437432603388707,0.48335375352885773,0.4803584838336057,0.4896664975278453,0.4503540135213842,0.5203567270884265,0.401758288904129,0.7080393851198757,0.39111178339712116,0.44829997513771935
0.3683260865311161,0.4340373248460572,0.41689638910340504,0.5781596029700109,0.41202057955560967,0.36694004880431785,0.0,0.4279534041598777,0.34598780837229687,0.4868386683022639,0.35527456692652704,0.46708904895257525,0.39657581727635,0.41380016613244985,0.45877263939336194,0.40106495946108134,0.37063464188293893,0.34609029299348726,0.3814002247336616,0.384376020343249,0.5106031638151917,0.3906846851853905,0.5203415823150879,0.5013454585576892,0.47777240151050626,0.6507102428398251,0.33325736648163024,0.3328238325356833,0.42269282632719146,0.29765811251316276,0.45258470066690293,0.42690377556797204,0.44994883816676867,0.5762948317861344,0.4499248435023578,0.5987622542112452,0.48734508312399977,0.39059317611207844,0.4421446006598864,0.551404000688126,0.4253635923393176,0.3590229764829214,0.4429077051838977,0.5129236480557694,0.5997529868135214,0.389632402973706,0.4008789554078071,0.4536409145254305,0.6043676192714236,0.429002854302032,0.5179107889966007,0.43712438102435336,0.2884252548909527,0.5695071841920822,0.6312112098572868,0.46877032507920063,0.41034489561415777,0.3674812740584067,0.4889345744625734,0.45324352103640364,0.414514589315268,0.4033879060141941,0.34343820558296995,0.4786842108593212,0.37089722414071097,0.3495162906520831,0.5757396705072878,0.46138412219883856,0.310372864878585,0.3750194018741805,0.4657213038046795,0.4902843072063504,0.3964197772585775,0.5380328603184494,0.3081574726152729,0.32358900316249445,0.6642576614392748,0.6221049068923642,0.3726204449917356,0.3515333652566734,0.3368086612575053,0.5143950512235276,0.41610240750749017,0.35025406963728606,0.49524852227956484,0.41884890553161663,0.4085733442799018,0.46459797816598336,0.39014780664533943,0.4458831745887999,0.4027689518189378,0.5500470998844889,0.42928142767946104,0.347798172621002,0.5160191600301968,0.48835824422010937,0.3621739440623412,0.5300673477666933,0.48502059144537674,0.5170495780565441,0.4896860194551317,0.5169835243384573,0.5607594414440293,0.4689232930801944,0.4101619563899568,0.46966205440441827,0.443579184285995,0.4013997884828342,0.42391955972443424,0.45823535512353647,0.5724266517235972,0.525558777991628,0.440062305487282,0.36149658798758155,0.3664684400032389,0.3759169696299474,0.3463289320465846,0.4881001880410553,0.5053038339508462,0.4033228572096983,0.4940586720261709,0.4608901457154613,0.42553489255400845,0.45010705876363427,0.3919976125289182,0.42970244569145205,0.49758017435654495,0.5912325388066169,0.5484494532152471,0.4596889467900289,0.3158960179070816,0.3842950470352306,0.3904797358371953,0.39613325317938697,0.4585535414075668,0.3376504520988029,0.3529801652065605,0.5834655484688718,0.5106004832096375,0.4284602843417372,0.35458992852234983,0.4406314188684729,0.544492080744176,0.46387592065317546,0.509201159598767,0.5549491373136262,0.45794159024072206,0.3499212558380099,0.4510905385664013,0.3122916582375422,0.46161823662750934,0.3284139333114744,0.3505656299812376,0.6490364516080082,0.47870687653955063,0.4637783944987871,0.36786077381241916,0.4992276730214719,0.4697099129442437,0.505353007239921,0.33962020356635586,0.3865307093512415,0.44068669829061013,0.3877471289213577
0.5005404669935997,0.6270601420748999,0.5350217065346999,0.5376933199762659,0.43066631760343027,0.535967917800105,0.4279534041598777,0.0,0.49624404727809407,0.6046014770193944,0.412569250676748,0.5051447397331728,0.49172670774197064,0.45517897732826307,0.5109368073501503,0.5574076444133335,0.4900185854350263,0.4610143754155591,0.6280976718330309,0.5658788513383344,0.6274804932500199,0.49235791880460117,0.46393501334672993,0.46203631283141966,0.5868813184555167,0.41750006343893414,0.3572489912654297,0.43677816862021185,0.5476200394329088,0.3965953710552682,0.5455808802511013,0.5136901241942096,0.5199126141878372,0.4238095136222102,0.5515437241921859,0.5340869781167878,0.4938165876364657,0.6039868952475153,0.4576081487742276,0.48015220311927365,0.5407455934881148,0.399981824841248,0.5404268519350773,0.49426798429073737,0.5253480637457701,0.4504419191831954,0.42399981315043445,0.4479084941661843,0.5260027873030955,0.5369249786412144,0.5480038027955787,0.5959432748578566,0.37280192852628546,0.581181563651419,0.5600813495863188,0.5313090898167719,0.6563295474987532,0.4861201256598116,0.44990664917372103,0.5757980342935782,0.5686118833157042,0.4676560480450974,0.4967137030204298,0.44118422656706907,0.4448144043530476,0.40843486497872006,0.4111974334565059,0.47416405882793045,0.3561564387833423,0.5944663577534172,0.5510619866551684,0.6027713717471662,0.39726409987470324,0.561666675632513,0.4473433581690599,0.38198207372915655,0.4706591660784685,0.48186638161837514,0.4811308069644838,0.42160659731302275,0.45041465310803386,0.6031878754151396,0.6845555335390126,0.5523469447949038,0.5624340574475134,0.7320103013970896,0.47690438194818924,0.4620804472995293,0.5301020568914571,0.4345024643639553,0.4505765334874382,0.46120838665467917,0.6006760252277908,0.45038315573453863,0.569480917784477,0.5277894315919142,0.47148902234600937,0.48974508506510084,0.4568047755380649,0.47322596757524127,0.4969764942086636,0.4950719941463727,0.3990267747555632,0.5731840104226215,0.584768016115095,0.5781709561641396,0.5092621758801112,0.5155058141624826,0.44001963789441173,0.42837245418847264,0.433266253086757,0.48197824828093166,0.4476137403687251,0.44569636936941975,0.49833624870240034,0.5286048214028615,0.4755982417998294,0.5608105946999108,0.4803550631053964,0.4687622069618475,0.5987480673240523,0.6252175545347041,0.45406532337117833,0.5429308271492199,0.49093831910989394,0.521942063932551,0.4539857947890474,0.4894121170695062,0.6113910243322792,0.5166321087162432,0.43670864662227393,0.6002233808594499,0.525643596657837,0.4919018685871462,0.4789037437607828,0.4189714464175095,0.4953111760502844,0.5063423465474083,0.5066658317520392,0.578144623712295,0.454825315164317,0.5050807259844095,0.5830964228663074,0.4865471049618633,0.4712210217727916,0.3797834484204242,0.6617749287100859,0.4429976250711992,0.6443943249958108,0.3793815003613418,0.551555325086097,0.47818189213887635,0.4289940253304666,0.4373434132230697,0.5457822247232234,0.5114445931170495,0.45288276257769133,0.5757808195500613,0.49048112403060523,0.5447181564919897,0.39367373343815637,0.5525488531612439,0.4660440750686208,0.4791331313253971
0.5087431977622707,0.46186365588644734,0.5417019085418056,0.41657423192924503,0.4926947497489305,0.4797252312337365,0.34598780837229687,0.49624404727809407,0.0,0.4683215612588137,0.5080244887129572,0.4193014010319869,0.43750053389211696,0.46700645346612196,0.3466010832399449,0.656640826214176,0.6034221639171766,0.4634442556516227,0.5082589281001064,0.5290320311853552,0.4677907035954634,0.5551554339733143,0.432372120261278,0.344405397798007,0.4849999099021107,0.33252482667550076,0.40146540947126064,0.5719721586508139,0.477694801709491,0.5873663528961227,0.3795119115450767,0.45420917209885964,0.3529641323684255,0.34113595140353264,0.535765721752629,0.42181846085571717,0.3986012259119819,0.6736834122400462,0.3484773377749222,0.3745134192475018,0.36941331318107495,0.5528453825414447,0.3891668783682663,0.3747569489706256,0.37055444271008514,0.3273202649011455,0.34284357449240954,0.37420281251350657,0.43959129869431013,0.45168370198925784,0.3984588539489719,0.4324413660405063,0.3328549267731999,0.39805053273292906,0.41182069413251343,0.4425636715449925,0.4918696181291546,0.6441142979979925,0.3792415686787361,0.41874908837603947,0.4118753979411509,0.370439703359235,0.4301583072574763,0.46515602706226683,0.35083173524777067,0.3183049536394222,0.33222267299660674,0.3656333085714244,0.4216367977844413,0.6722126430550553,0.393348196967495,0.4345800196960565,0.4590728026217807,0.4390793824257875,0.5600806658893551,0.3076939655266258,0.38380645613356235,0.3932711298661214,0.3365865262568584,0.3462627983337395,0.36065469491357005,0.44487887628742356,0.465447333381247,0.4613656388680352,0.47720214113779486,0.5114278715362679,0.4376356900153674,0.38727022828666713,0.38803789043653586,0.3453967039862094,0.5304116697725569,0.3615836003513599,0.4942618632541201,0.35294329284781034,0.5066304998432877,0.3888385107845076,0.346955750186911,0.38822995185538745,0.4609847546600342,0.3497305913566535,0.3681711822492875,0.36466026536631535,0.32929905641485885,0.3934088747833355,0.4965992300745487,0.3927338923144135,0.36285999308500694,0.6306243810385344,0.3227263498754566,0.3505165310647927,0.361113656504249,0.43780901326686805,0.39802147411837663,0.5799388866644704,0.37176737469582394,0.5538883934530469,0.3959098129901409,0.5204904258474834,0.4451363815883375,0.5925130803257344,0.519047402693183,0.428829938357226,0.4302292502075749,0.37089375794867746,0.48683699806668423,0.35501670579364825,0.4134238730813389,0.3548152962132307,0.4394439506120961,0.3631392576208654,0.7157899457815939,0.6707155193844188,0.46922810831528017,0.523471572752607,0.3760581537313082,0.3320746485946955,0.37742911622815445,0.36501213900169094,0.4149196092645251,0.404224849903985,0.3398663856984694,0.5609661544223866,0.44986460217958146,0.49513630534208497,0.38071667984722657,0.3434090535935629,0.49249234260182123,0.32535975941402173,0.5210586782907894,0.5455696642375878,0.41380569619413105,0.3957933486079819,0.5670353866383528,0.34296312037022203,0.398127623512951,0.37247771876104807,0.4123211666880933,0.40036726956670626,0.3876476313646231,0.46989091075703693,0.30758809320099506,0.49699780784870967,0.3707370336386831,0.5679220201773005
0.5733295458557114,0.6891393373768883,0.6150331550606787,0.5530040198471816,0.44409371922818447,0.537892187192514,0.4868386683022639,0.6046014770193944,0.4683215612588137,0.0,0.42011569482794675,0.453289796038428,0.5961250448453342,0.566367925197825,0.5185787452854224,0.5754661319368911,0.535160701913371,0.5164399400354416,0.5274659368072753,0.6129801184294819,0.6266232986440757,0.5323816736053217,0.49755892366442617,0.480751194426751,0.6236212726585775,0.4404385788311772,0.36525155183336877,0.4584287455681685,0.6043868559911532,0.3772791409625781,0.4953586892013853,0.6095497331641194,0.5197040886313647,0.43529447054463555,0.6693495024135717,0.5569685061329007,0.5336377715002654,0.5547547561679105,0.40587374695517053,0.5777359600983117,0.5016219942256054,0.41731714998283415,0.5595828488115572,0.5083202296847423,0.5708972057596668,0.46514480489592913,0.4823442448810214,0.4709176131729541,0.6499197101627138,0.6052452317809173,0.6147775231570246,0.6705515120813654,0.38271444390121606,0.6100150862621192,0.5927830653555551,0.5675908992416399,0.6533798764279325,0.44379610292646254,0.5920106193573588,0.6363708138136613,0.5682794290855977,0.4949956217901858,0.5065011806711085,0.4968662472553544,0.4738475352852414,0.42668031804486795,0.4474776073529944,0.562961762397383,0.3892594514780737,0.5394478734532583,0.6038497229234295,0.7921898299190213,0.4470005794251312,0.7243904390814472,0.4396503081171478,0.3993689248229713,0.5069588380639405,0.49939847364657286,0.4411548117020127,0.41259526215223413,0.4488327680294531,0.5954486501163797,0.6190846682925638,0.5312428517683632,0.5654852346443775,0.6243704116806864,0.45584478589521366,0.5428615405899399,0.5489409952167263,0.41237918599916923,0.47487104745096764,0.4745789835835653,0.6453782256874616,0.46437182213385353,0.6716054480284859,0.5168480544201239,0.4410931190662293,0.5031542509353287,0.4862609832301251,0.5615140217056597,0.4990451517214,0.47141312008612385,0.4141308308972943,0.5294819038396815,0.6183566675277626,0.6214122862931265,0.5159001606636586,0.5305664360017555,0.47881899186553384,0.4556143257599714,0.45048528393076825,0.4844760280524326,0.5205273266393279,0.41728249956578006,0.5150912947278863,0.5541371046972128,0.4905512542799787,0.6437944851201067,0.5918220040203149,0.48047576285453286,0.616723877389644,0.5070739193711542,0.49549609275037254,0.5363994816633794,0.5045587774665133,0.4970894607702873,0.5193111239383644,0.4728011204462344,0.6882968148006791,0.5837178359904935,0.42801531272610116,0.5590674736797896,0.4890860200202942,0.4519985579721946,0.4683336061008556,0.43821482902330305,0.47740155405064966,0.5720327534899802,0.5573648343039523,0.4822087639800658,0.4672578586575378,0.5531989703567642,0.6706716213561736,0.48823144835704924,0.4656187187702103,0.42743530422259224,0.5527934127617316,0.42843679256911044,0.7034863978858292,0.363412824904121,0.5085688390842598,0.4611648501869267,0.42695713918413275,0.5078387115366011,0.49165561068223396,0.49842213095063387,0.4773011131326828,0.5579461331278419,0.560702236881331,0.672709635626396,0.4212708981063117,0.5511325472501653,0.42568990437678217,0.47217739905494943
0.4268081322178116,0.4143433403401612,0.5041256787797388,0.4350904633239999,0.4954346831644657,0.39300274876212915,0.35527456692652704,0.412569250676748,0.5080244887129572,0.42011569482794675,0.0,0.39387468871122205,0.42606218384097083,0.4845424926697112,0.3199523359044221,0.5554832616345574,0.49098377115685704,0.38820880102156513,0.37586844059709795,0.4316351802708633,0.4083971576399819,0.598110132892067,0.44727838101996314,0.35439794243068323,0.44156261182292794,0.35474350814150934,0.47170544914560086,0.523177943860222,0.4811771594882526,0.4216093361463935,0.3357033184128492,0.3800943782209532,0.33090511919038207,0.3382610065441206,0.5061805628853615,0.39194696450347044,0.41341832129030315,0.5020794287526491,0.33257452089816886,0.39154736557744635,0.3273212614258648,0.5667180863401854,0.32893896548868906,0.36027795387812145,0.3620354634017216,0.2874735194209055,0.2941989680111269,0.3930963016201571,0.43883545600640017,0.36859404614501345,0.34990283404264977,0.3641291245170658,0.2737518961460476,0.37919864380368773,0.4014515646479339,0.4022581179774511,0.3849074574075368,0.5003271825026469,0.3552101757431034,0.3578794510179419,0.38633504522323076,0.30656066455545034,0.3389192588574403,0.466538095439163,0.2941186173937907,0.27751253719328534,0.3587703095135041,0.3438621768202722,0.3953574288811637,0.5212457682704507,0.3510382129949829,0.38235121967549984,0.4985847301856845,0.41666575648386167,0.4128503089431183,0.268129387940301,0.40096302157511204,0.4053372463119242,0.2918103055230966,0.3151332062956772,0.3026207050771247,0.3831158006431753,0.39275038569239507,0.39075640338359235,0.40511232895490984,0.43213470321033937,0.4314855704733748,0.3393821798434335,0.32294544191811664,0.35148102838464873,0.48506946434848425,0.3281626318636221,0.39725533271686203,0.30132896142303495,0.4623848699967614,0.37550658497744827,0.29236325269099533,0.3571074974758117,0.4235767695475623,0.32787030487907354,0.36335053262047307,0.33535944935992124,0.3129717813493662,0.33960293670822006,0.38261542480946287,0.34206622391091795,0.31131219703263097,0.6051692917970929,0.29284453315461606,0.3604616415358529,0.36414729204142005,0.41318015139900616,0.3958461502614608,0.5333985179259954,0.3169684161430958,0.4982127912040185,0.316877974855901,0.4558496932134596,0.4561518998411215,0.5899791074637988,0.4824884646026014,0.367912100863322,0.4264285636167341,0.33233557170057537,0.44271500591511825,0.32762856273081975,0.3688161992505274,0.3519196909955161,0.40730737122329297,0.33367396654332393,0.4667702328325866,0.45469507666963144,0.484416445981524,0.5088065761947652,0.37749752964811495,0.2879035297577401,0.32458025315379857,0.362605990295443,0.45849544694140565,0.33969573714420737,0.3064358979388056,0.501838889354786,0.3949115269654399,0.44202432300807293,0.38490834913272515,0.34551281979834325,0.4210630994610743,0.2810911033905596,0.42821664071083465,0.4779262694685345,0.38261799885538367,0.3126763733732374,0.5277112169495899,0.3390681121833818,0.36095188615847645,0.36044801109406677,0.45921351467355703,0.3768921921958436,0.41678308573429057,0.42282992655670343,0.2729555231205612,0.4036471856953481,0.3296917773568657,0.6580356183974506
0.3719008401910272,0.45050467918274617,0.40934867328524016,0.5457357732922694,0.440841795891381,0.4070561745678763,0.46708904895257525,0.5051447397331728,0.4193014010319869,0.453289796038428,0.39387468871122205,0.0,0.3682919393345814,0.37165097880440423,0.41443880972901215,0.44147624441180944,0.38348945568635545,0.3359862506604956,0.4782078623061364,0.41095312807670903,0.5872673741628798,0.4025199023476978,0.49273504834259674,0.4659756755419448,0.5409957783527749,0.486825800103279,0.3374671154704804,0.35089732517179517,0.4376957048780346,0.34775034538270044,0.5298506415238952,0.4043100072893493,0.41436442218837083,0.540779467121173,0.45776968111884303,0.5533484377416045,0.4768256148099528,0.4663941229073043,0.6239908912856406,0.4202812458503538,0.4422813747703143,0.4023636125840796,0.41956559419995076,0.5315956616141383,0.4818613170571581,0.35631258023299667,0.3471947600310216,0.46133768137427605,0.5033188598757543,0.4028483283971541,0.45084228444175456,0.43061974528314095,0.28483026924089316,0.5235613810539944,0.5635549042682344,0.5289402864591343,0.43996823848768474,0.4669315506239171,0.37454631781377073,0.4176988080391226,0.425586777179085,0.3756023302462173,0.34835896984168024,0.44967000177955635,0.3509255284602408,0.3294018424319266,0.4511471886099778,0.39220577684278807,0.2965783932795176,0.4376907823440921,0.4381080843748043,0.45265603534794047,0.3862703275023772,0.45133357519143724,0.33681916214690183,0.3119489211505205,0.5130677267177641,0.6046589586787898,0.3916662137924894,0.3997476103777085,0.35485020866823686,0.5602706097180579,0.4749886153174092,0.3801825785293506,0.5869758335741254,0.4933258772128352,0.5052849590283468,0.3861084332896585,0.3814379622327649,0.5552118351483082,0.41398373635063584,0.5243157834732298,0.4300969916963024,0.3475455375377574,0.513408547682169,0.5530729200957755,0.3818502741057439,0.5782106242782272,0.526696409827173,0.3990956591136224,0.5177243201547588,0.5162908002256228,0.4720478892492726,0.5315207333276284,0.41861507620533156,0.43428186136293057,0.4174693827597258,0.4702754578063696,0.35865963028070136,0.45519934213217955,0.5574977082101328,0.6180986488304191,0.40721110081340345,0.46544804109050325,0.35465340156872055,0.3969539230700086,0.3590626241483638,0.4885253340660917,0.45159680069575503,0.46207197841191666,0.5609035979495507,0.5963760021912089,0.46115333378099166,0.45896395992817696,0.4695824474769182,0.44316058018016036,0.4259493903045868,0.5593621346830021,0.5438223029783468,0.3943314080470843,0.3650173772807059,0.4566760491499239,0.47988853417534844,0.5804046409245495,0.5266513062810844,0.3305401703490854,0.38247749584510693,0.4538649607647848,0.4564089265419775,0.5558086837257173,0.3426127504132979,0.48104495163539684,0.5130019921182999,0.5360791956901957,0.622211488771245,0.4150306003839058,0.6604455546738623,0.35119960548196455,0.4990239793293275,0.38838808097160044,0.588006683999523,0.3532317402472691,0.38832236105797713,0.4140282180129552,0.6658281631286107,0.5000685914325685,0.38018501829520257,0.5563832115268107,0.4267333276795352,0.4688269057890266,0.3123911774139496,0.45751943597158445,0.6327288820163791,0.4765232426783528
