0,1,2,3,4,5,6,7,8,9,10,11,12,13,14,15,16,17,18,19,20,21,22,23,24,25,26,27,28,29,30,31,32,33,34,35,36,37,38,39,40,41,42,43,44,45,46,47,48,49,50,51,52,53,54,55,56,57,58,59,60,61,62,63,64,65,66,67,68,69,70,71,72,73,74,75,76,77,78,79,80,81,82,83,84,85,86,87,88,89,90,91,92,93,94,95,96,97,98,99,100,101,102,103,104,105,106,107,108,109,110,111,112,113,114,115,116,117,118,119,120,121,122,123,124,125,126,127,128,129,130,131,132,133,134,135,136,137,138,139,140,141,142,143,144,145,146,147,148,149,150,151,152,153,154,155,156,157,158,159,160,161,162,163
0.0,0.3447600765194602,0.29265763291299296,0.3126823154221864,0.2892671399909249,0.3353448792136775,0.31579652893012267,0.3075940511528088,0.37094830600309975,0.33466799776422257,0.35549634815899916,0.3525209445628335,0.39898214195712406,0.29610177821568157,0.3297446902672797,0.35666193729068507,0.35896908175540276,0.45134175359982726,0.34040174351161173,0.5428498404412676,0.3665420930793049,0.3564556022248012,0.31617974294973855,0.2977539626541365,0.4866234363963302,0.27709703537293134,0.25690954136349525,0.33003976414630115,0.2720131737646288,0.2788890754883369,0.4011547316152629,0.37866759984256815,0.30290126300267867,0.4080432857713977,0.42104368173606627,0.3487315741212944,0.43186867059242656,0.37839479421609074,0.3102086100515223,0.30491876753427855,0.283675409935103,0.3575531972978956,0.36011785203741026,0.4063117845528897,0.3567101961850405,0.4214779143571142,0.28459551652723253,0.3392661476755832,0.40293740483013324,0.4069952896290514,0.38630002858243995,0.3548927731219839,0.33438685157343395,0.33119025068254404,0.33929445466109875,0.3546484833346443,0.4721230785419072,0.3304979492192933,0.3118801511767315,0.3742586504077722,0.30746119407473416,0.2979992543228652,0.327970733920261,0.2979728111515861,0.36567924563628657,0.410122510969117,0.3611778436031967,0.35490685563431335,0.307493004946561,0.37374917678319736,0.46698798655876145,0.3348242384743593,0.34645921011883013,0.3543466875699451,0.37437894297565577,0.3990195119286089,0.28752213077547917,0.2911009756581587,0.34476578147222703,0.2532119708026686,0.3160639037244534,0.4294187878452915,0.3240524283467645,0.3145774225354436,0.35945148965053136,0.3984460091843847,0.3327763436847456,0.3623793134525935,0.3890396440302199,0.35956113240977877,0.40509944957732197,0.381673965760381,0.35986206816963456,0.427165836471703,0.37637080548030694,0.38141262529779446,0.2656630542073512,0.3484903558054817,0.28636165878881636,0.35616864032588186,0.3457570394195652,0.3147262861376919,0.31759541498601745,0.3428219423556953,0.3665361720814326,0.3625153429450177,0.34203484082833624,0.3793845953447981,0.32190859112169545,0.3494151153407186,0.3967007286747563,0.40948931702382935,0.39374889931126505,0.3287992368106413,0.3698003017245387,0.3207401777936048,0.357230108837076,0.39811434791383116,0.3133875440328784,0.3276794313289425,0.3291860345331409,0.2853088026595543,0.38593768586023053,0.40205117517470457,0.3146648669217451,0.3218396948554656,0.2953314211080416,0.28726509615215323,0.3392598503297865,0.3416726127757053,0.29352000196129263,0.2978874511801432,0.3069024691357507,0.3979562918566713,0.37994201985664483,0.35370625516050086,0.37252522980269626,0.3221151552931983,0.31839714704697497,0.42343690763812164,0.2988366691437304,0.368754647768763,0.4124290864019751,0.3277342722743536,0.4162148126141946,0.407528382632503,0.34662827244261857,0.30150942268004205,0.42092711685464446,0.2455206862137968,0.43110606032185034,0.33898735126964846,0.39498953971431444,0.24025968786989113,0.42749315612591354,0.45057238173003966,0.3049249850138502,0.3321785538516338,0.301939555000482,0.3535230142132572,0.28001194315894373,0.3734223868388207,0.27644071741136605,0.4733522586091762
0.3447600765194602,0.0,0.33094861531069214,0.3466941540634852,0.2524994440617562,0.31944709552516853,0.3457086188320469,0.3511938294112209,0.29411393181721884,0.4350472224916562,0.3387426627837665,0.35285860512465184,0.3567898334287033,0.3483591942239854,0.33747647725493507,0.30460028315662446,0.33791618358555936,0.37812415229369273,0.3060735377148241,0.3577158991734584,0.320252793490793,0.4196960744338862,0.3686324743146018,0.3476857391570406,0.3850744541048626,0.273369539971636,0.2753589651665843,0.3451655457938344,0.3712322869655518,0.24180358742077254,0.3314564488800125,0.29279566047336303,0.36581567962843614,0.32083912818377036,0.3377068220667301,0.3209786193556721,0.3247755185143862,0.33580972531856085,0.30158317182336275,0.33010566441504663,0.36119810837412564,0.34314048234564487,0.24933920984199293,0.2992575457213796,0.42497750423820135,0.36631734007580774,0.2772874129981946,0.26259063393736587,0.36659824173159467,0.30074779145050184,0.2937670491984037,0.3123515392500749,0.36321024675366365,0.38685363806853407,0.32137947269055345,0.339350618060791,0.33509970193916766,0.28362103655770826,0.3409494707958236,0.3880364044000589,0.32594187087055654,0.23590966779792996,0.2643087508089769,0.27073620515060687,0.28438029333596715,0.31003350072171576,0.34739358797545017,0.2918198639326275,0.29065509977120335,0.32727399841238286,0.30384041033181697,0.32173651265223935,0.2617450740660249,0.3482817260171957,0.3528064734581454,0.3107200721899523,0.27117959840126865,0.33832513009699733,0.31934370721406174,0.22173764235492244,0.2830828943728801,0.30466083367546387,0.3627860799065589,0.3131760059832592,0.2926322987885223,0.46332424622436,0.25839082374898725,0.24978683423137932,0.31057851963943767,0.39483936527586466,0.2848688442026169,0.3156205561143205,0.30984762207634686,0.34397796050775087,0.3414110309368295,0.40660609306899415,0.2569980038296779,0.34171098967388386,0.23928069420654027,0.3620095341249143,0.3269157574219945,0.24559214071642824,0.24073179093391964,0.3455296632987523,0.27380856423665206,0.31807870278674755,0.28394496740220343,0.45556129412880514,0.3624219452358506,0.4130287791472589,0.315789200184367,0.2872135013494643,0.2851327715997228,0.27747856038688196,0.3812440413792484,0.4380651776430538,0.32358992914049894,0.27090825344160246,0.3100551321929622,0.2877351034908149,0.3072211807493723,0.24986239999356782,0.32115230838811615,0.3590147775826393,0.26333968576130135,0.3951110903484681,0.26510895981613025,0.3453290258353399,0.4015153948172756,0.32587007550627356,0.31203316346174337,0.26668885596948094,0.2724630020627489,0.3338140732083409,0.3364342472829354,0.2928251242342429,0.33158585496242654,0.3226224089422235,0.337186663382407,0.30111368863216686,0.3320103957017586,0.3193154278674438,0.38877415172851293,0.27611845955895226,0.35520198605657344,0.3018254733727086,0.3144339812219939,0.342944685837323,0.4100026779838762,0.2553665356096169,0.28582239309924345,0.33060836072906985,0.3354238087925196,0.3116187476263111,0.36148523940738997,0.37335059558319433,0.32402872516708314,0.35719157292667997,0.2937777096916768,0.2558198860004363,0.35341065104090474,0.3124717158907764,0.26327598833142973,0.3398894015429783
0.29265763291299296,0.33094861531069214,0.0,0.3109659329980864,0.29268382666775195,0.3432008148039272,0.2917283728106245,0.2988597751463841,0.2419546181312177,0.35589452689462553,0.36636551934542444,0.32133678709903024,0.3763772560901635,0.25374383863993816,0.3076465980875422,0.42407108513687314,0.3708774314687436,0.32324411075477794,0.24432683700812338,0.26703484072863676,0.35818314980404514,0.4416339965180372,0.2710849617270152,0.30821489687001113,0.2962486870009278,0.36539602086772477,0.2433886097467582,0.29405822527447123,0.2715446781888402,0.2526894459418683,0.2526181843448424,0.2998964038968004,0.2941230514918102,0.27929185802778883,0.24644906058045565,0.2875077658528416,0.32730382628676613,0.2858283901953385,0.28030141795186475,0.2880478581611562,0.2920363119057071,0.3112222233801119,0.27949180573745497,0.298908671432419,0.33648730704781404,0.3555989577041976,0.29501639372014626,0.31989808648157075,0.29416646401416546,0.28507755780678845,0.3190519610713837,0.3711955277248599,0.24355010629518908,0.3642213806340398,0.3072804707563683,0.2590107961766603,0.2831769009499378,0.33490727314018304,0.262467186828236,0.3047441016723309,0.28348755122646635,0.2508520093393027,0.3259863049352329,0.23102660300226452,0.24145334898155119,0.2873600703302059,0.30038590119941166,0.37093878967227945,0.30307901216760275,0.2906314376374695,0.34450848783388505,0.23890673717587949,0.24312710861680956,0.4168502074944866,0.32377514066610125,0.22495621835222473,0.3473043639494381,0.35877661997768967,0.27498233803549493,0.22069970633451286,0.28855144133006877,0.2876642510434214,0.3456405380483331,0.2926066325172604,0.2522506569479264,0.3577242731145484,0.22935609489516104,0.22696513749788652,0.28257474781176845,0.279585385822532,0.32481672545909107,0.24255376806480583,0.2920890585023066,0.24074568808867544,0.27910441958874377,0.32228017956054184,0.22788526737070358,0.28535738688570805,0.20256696374900826,0.3181441386250273,0.23439114435540784,0.2537358941350998,0.22773446380516987,0.2890893567826565,0.2525082867935417,0.4342749276986774,0.30140144753275877,0.3058083651943897,0.3110892571409694,0.3454052814430683,0.30397040108510454,0.2495126731665345,0.2704115578559618,0.2507416818181977,0.30380401871653073,0.3730150348343354,0.2400780480212322,0.283132365553186,0.3320341440650215,0.2674428271003794,0.3084362451944418,0.24005522370723992,0.2427385384688864,0.35809763682502316,0.19384652902689328,0.35903539860758493,0.24816258554771845,0.34429430471572225,0.3380761481816859,0.28769645128955806,0.2459824264430915,0.3672205616681132,0.22888722505108672,0.247456278331715,0.27873405119068784,0.2468943741795999,0.26864513681273383,0.2578322306636114,0.2795112787667132,0.25709032362541384,0.26015476987841624,0.2753345721124364,0.28287229108779144,0.2593245494074621,0.2954301335586102,0.25185867014918645,0.3437189888522639,0.34657781263394655,0.3132174617099914,0.22361899968404939,0.23267746068129133,0.22759232751354028,0.28439619518560305,0.3098158508735545,0.3325162260806172,0.2968513197713152,0.2864595681201873,0.40602718434266116,0.20741773280347758,0.26273601565859134,0.30635815186867915,0.20938187728440386,0.23059701758597154,0.3111236921481969
0.3126823154221864,0.3466941540634852,0.3109659329980864,0.0,0.23298809364250098,0.26577852013682673,0.3131421523554928,0.3204231865775976,0.25190013587194887,0.33514029060701234,0.34239209456700365,0.2812790322329612,0.36541543789956227,0.3559332968056846,0.39380358094539825,0.3097710456315393,0.3638429868454122,0.41230946291099646,0.29922725684163665,0.31891506331439395,0.33202084317685304,0.3328653170062708,0.3419120821942111,0.2901845310761509,0.31962550423340436,0.3496184427639453,0.3370972844603027,0.3692319963813983,0.31915938958486906,0.21252229162466937,0.2920604428776245,0.3024239521191972,0.4503132484354181,0.3329265280098622,0.30561528218714457,0.3548727277206859,0.3052350094548629,0.36139896981985076,0.31130627215638934,0.37532940703528284,0.3734094297417796,0.2654880553030145,0.29680067488081296,0.2908052194870868,0.3923283715587924,0.4351630477908384,0.21619882085354267,0.26948407389147694,0.33155284881941544,0.33936374400113445,0.386581839711951,0.328107559176113,0.3590096640329702,0.43726474275556404,0.3547643636482973,0.24846422952241393,0.380637167104685,0.2823747372078049,0.3581264142079676,0.44867612425675796,0.3929435477131161,0.28937354886516514,0.3187859762358293,0.25953437630461557,0.3262291320697665,0.3984541367066193,0.4426637230097213,0.2651631804405576,0.3686484746732981,0.3232392044420181,0.3088230138661355,0.32275726921931086,0.2888155831243992,0.4740303589531965,0.38698290697967647,0.28841126932642047,0.35591187741417546,0.3089022281972757,0.37459760260220293,0.21093942290722387,0.26906758061848707,0.35819250627948424,0.26615059178137923,0.351644734551349,0.3519994361351776,0.35060787747826994,0.28134745580302833,0.3263893275874978,0.35419863720816225,0.29584464899089424,0.316838017646581,0.280758144914844,0.3201092878698362,0.3310066887795695,0.3688661384258432,0.27648808617208737,0.27672375670232846,0.284276015525045,0.24103350997372333,0.41049753325330274,0.32233646729681115,0.3140405266351129,0.30223217917840134,0.2835521897477125,0.3377945659415919,0.3409118632236733,0.3763293544223459,0.30421229159856455,0.40703141369444096,0.2772249039340869,0.32010040164197057,0.31792737916429326,0.34521327016422176,0.33917127048213946,0.42661986956416253,0.342864582966313,0.3148993104357697,0.2697905096383938,0.29442745440413964,0.3069552944829801,0.2988302282766179,0.31525020076067173,0.28207241898551993,0.32307341845752496,0.23301490063262606,0.3417594943170429,0.3100599314669787,0.30406441415314117,0.3799447508804637,0.44368489828339,0.2440793117647244,0.29902043373770704,0.32070188069708083,0.31223195596910924,0.3296334412337706,0.26045699449263704,0.23226705810230086,0.3624056417845928,0.3855452917374125,0.32594870499294315,0.4030261970483881,0.29069854291268304,0.3850219324057609,0.3068336211603649,0.3192297934262467,0.2730065509889435,0.2656463622673999,0.3355551373232328,0.2942213483540407,0.2335134829007492,0.32035597768760776,0.31967342881264443,0.36346569512493143,0.2759780299152359,0.33092683566667536,0.3407183805267844,0.3262620019726879,0.29479734786969086,0.34543574179261843,0.2951607459635693,0.37962070140894827,0.27195686676321784,0.28391784848533175,0.3022084154215157
0.2892671399909249,0.2524994440617562,0.29268382666775195,0.23298809364250098,0.0,0.23330758513869582,0.2957044268416677,0.22503934533444178,0.22926937231482009,0.2590347581430258,0.2711266581453973,0.25320915580635517,0.2519408772333457,0.23747508573177492,0.2885687956146089,0.31140284670207563,0.3142008317201783,0.30974588939671305,0.2251967867577909,0.26538997239821804,0.3067397434525292,0.2935700526565368,0.2674364621893162,0.27320941349846656,0.2545672985579781,0.26133906675299806,0.2081073846899968,0.22847086705829817,0.23224974895651548,0.2593736294443159,0.2557148952577154,0.24117405287690313,0.24620684144734614,0.2383166894330338,0.3089336375199659,0.2812890733051918,0.278336304860909,0.2693065249170256,0.27814620878035345,0.25310745995345013,0.2769510929818803,0.26390987836740876,0.29710789497387546,0.33368916469086457,0.24011072170570996,0.29162048567679505,0.3198045307552048,0.31063125010488846,0.3042716245436244,0.3039168766514748,0.2958826227836213,0.29720877115102895,0.2670759087187876,0.26199143325765145,0.2577148300111439,0.2242725020104728,0.2684740194749184,0.28848946014921295,0.2528066621209164,0.27550032290263504,0.20558839145112268,0.23160309016166866,0.2563483859607849,0.2510059705561053,0.27077751094243746,0.232335394835902,0.2273167491358279,0.2989443173223313,0.25340798823901434,0.2482381421597734,0.3017848678911955,0.2724899396470413,0.2079590674512832,0.27473547585656505,0.24123329896381668,0.23444590105140245,0.25156626436039675,0.3805752489005063,0.2556237502759524,0.22615255051870703,0.25094010746835943,0.2705875475613872,0.3133230430730215,0.21816329457266873,0.24141571870795087,0.26050877586588606,0.20622621668219773,0.24150375104313898,0.2424256356713451,0.22428584653423128,0.3689071998228605,0.2736406797286269,0.3420496274092828,0.23168574907526232,0.2741927113577307,0.26554117506282965,0.19148521555665948,0.2363336124962635,0.22631829722118785,0.23760565230217423,0.236223057076508,0.21889837378608887,0.2335326090019581,0.2609812135445312,0.2405084936927798,0.3171419978763933,0.2474280804172076,0.2691507375985456,0.3136499585281273,0.28403815405383215,0.2720081384504674,0.2722867575831541,0.22093228514071742,0.23371862857480524,0.2579959009462713,0.2636967458833009,0.2312975090981213,0.2838997348706734,0.25396477806671347,0.24091334312859272,0.39203180253815495,0.21828342379862808,0.22945000049378458,0.3364330281339058,0.22269727349530571,0.25710529218343825,0.22552954535956352,0.2672221214777265,0.26132443915608594,0.2647913682566576,0.21928108592927745,0.2501695971999215,0.19996229054319645,0.23836370997510323,0.25152043323424267,0.29189710972452665,0.2757330754923914,0.2947797147797082,0.242754044897396,0.28537481022415057,0.21984768214736508,0.2640135088332485,0.2936208337486904,0.2414075361404208,0.29139095045047125,0.25142564567660786,0.2954533322850684,0.2950021843968838,0.26412042103582,0.20108906180021063,0.2295526063575611,0.24501037324247843,0.29280521860297587,0.2620922876664746,0.28593967709457585,0.2678348369236723,0.21260700504751057,0.30244727596119525,0.21846904385259272,0.23398966086426198,0.2398142044010997,0.22717863555406143,0.2266492917119584,0.33046824969307614
0.3353448792136775,0.31944709552516853,0.3432008148039272,0.26577852013682673,0.23330758513869582,0.0,0.24349542501814242,0.3097692309630114,0.3068485394182488,0.287980232874537,0.33631539239243685,0.38510274502892444,0.35268543952097536,0.22272870780224172,0.26631891952519776,0.3809978187947302,0.34910923746326217,0.25371190237545743,0.3176554330046202,0.33210836369775165,0.3861636657963748,0.33776623107297477,0.22425017758270394,0.2638384526394135,0.3583635738670425,0.2627416272758648,0.2145157088224199,0.2784549852533766,0.2502015879490039,0.2951294153611712,0.31526640329626504,0.3988204444866438,0.2754662198592666,0.30218386939724734,0.25931978501241365,0.265808935868932,0.34055583546327395,0.2875574970207497,0.2900981234791697,0.237438969245607,0.25526681090420056,0.3853469833791188,0.29964802394911283,0.3347612978842114,0.2860678933751968,0.298149093055326,0.2675722554079394,0.3029576891473315,0.2479375893205716,0.2933664431896619,0.3159558374934721,0.3505714857592402,0.26006296140423446,0.305047249221756,0.2661786404753878,0.3488348824331806,0.3204247536121816,0.42809481563177937,0.22120053291672237,0.26425707028571205,0.31486124218769973,0.29991493644340567,0.36261009037482494,0.21618914065279105,0.27139381890417547,0.32444235488978473,0.2796374129855895,0.32645209675256937,0.2399561572325838,0.303503336144269,0.34048913645160306,0.22331964269788213,0.2972522854779478,0.32141288241151106,0.38393656401340476,0.27871428555563416,0.29143944289045914,0.2691978647041277,0.27228596394551363,0.3083033638255496,0.3993642859012429,0.31662834714053206,0.31435628568051005,0.2993937715481794,0.3180850249212031,0.3206018509636537,0.3375986927870645,0.24354952890422327,0.31222111551815446,0.29725746789964846,0.31116919531623133,0.3017264912597055,0.2818454590624318,0.2968010258496653,0.26193860719370526,0.3487667269857685,0.2853014756823047,0.34443673879139364,0.228868105796502,0.2771963726345125,0.24340724342629697,0.2766600208163832,0.255043295604443,0.27812389752544286,0.290735591085372,0.378754967051837,0.3430793285730296,0.33958737415328705,0.2575013022432385,0.36498491640964675,0.3363696538968741,0.2722260201675408,0.35493870966250873,0.30287720765550924,0.27766122239994623,0.3383213284982821,0.3255475372687612,0.2684472994426239,0.3548324080241384,0.2673586177108365,0.27181808202309615,0.2609273903054814,0.34122314857608205,0.344502073805782,0.27034495155526095,0.3169010209550416,0.29193972037101273,0.28641752326733316,0.30526557906881435,0.23151052000084874,0.3209358524647256,0.4786750642454083,0.26060135340910023,0.3063883611618697,0.3206360680224684,0.27049749133648515,0.3171226187433224,0.2250546133095698,0.23354329429973988,0.292997326849771,0.2507909773007098,0.35280333204593467,0.2856281805863141,0.28510851652769353,0.33339063432339894,0.2850618756827854,0.3609295064853208,0.32338787340247166,0.34226753471914273,0.2759666599921021,0.29372921597792345,0.26404941755262734,0.26246036072262524,0.2418146679204385,0.3772211219292893,0.3245476403702804,0.28334730334390895,0.38138132599366364,0.2082036311868407,0.29848476000837426,0.24747441284135555,0.3037531556722286,0.2692773090731311,0.33096898146000314
0.31579652893012267,0.3457086188320469,0.2917283728106245,0.3131421523554928,0.2957044268416677,0.24349542501814242,0.0,0.2447662816302882,0.2346440409719873,0.3252871194380969,0.3184385712981975,0.3130717362546321,0.34709513747439935,0.3138298681578917,0.3929667113272064,0.2821264084192764,0.3196631654433853,0.3653624782890468,0.2688951871282653,0.2698722382434844,0.2938336671176954,0.36484663026786446,0.4598235640826467,0.35398510518576387,0.3041618033337345,0.3091797609548319,0.2779294190362843,0.2862994400103732,0.3235997756240972,0.26125348532320847,0.27499007974275713,0.29746993141450745,0.32876387246479266,0.31052548547392156,0.28134857957419057,0.27834555177915155,0.34281514636559535,0.2704913616521532,0.2917949602980555,0.3797911300291215,0.34935345507412885,0.29404551470932594,0.3038831260095996,0.29752966454494956,0.3357958485234081,0.3652109614276318,0.31514907666153175,0.25996719413159597,0.464438573580123,0.2905564474598191,0.3487502984958937,0.28066172718915644,0.282544173754675,0.3271869544460081,0.3355637630430345,0.2599764359911057,0.3023495041282685,0.26225084901691786,0.3512676521110161,0.3301650020579025,0.2331860708433435,0.24079236848987665,0.24729686517050073,0.2698911912108592,0.26685327014656773,0.2497784860158563,0.31675107577354633,0.3259185026112341,0.29255586274048845,0.25600870885625104,0.3177713810060326,0.2881308532232068,0.2241365520501616,0.36232610294940665,0.23989946614580013,0.2881946391939832,0.3435997774842066,0.3704147229039381,0.27051433953546006,0.21823354271428738,0.2605909497308616,0.27746072729524907,0.3134041738996335,0.23183349888696977,0.2500019157352851,0.3044777066346806,0.21353642445431312,0.2819203233251318,0.29064939596116496,0.2630697342639962,0.3322994342612074,0.3104251516490837,0.3539628432249696,0.28049704065010095,0.28973230819014295,0.3084336020345196,0.20087181032263762,0.2751224116363776,0.23804899147290276,0.3287251048011291,0.27658974173369305,0.25100779986671107,0.2561931990010318,0.28775910833893775,0.24406352165265385,0.33452034522999136,0.259033923743137,0.3015661600210558,0.44276280956691555,0.32924789160126233,0.3487262735295489,0.2730275469625307,0.24412473709885577,0.23544442239882002,0.3035478088846562,0.3501061335803519,0.2687495011172618,0.32694992393808403,0.2795014784372217,0.2415174145924076,0.3137769255464846,0.2173565500759239,0.24748273622470707,0.37400918121924687,0.21812683575366212,0.3515682726897719,0.2394881304055562,0.3380141320588681,0.2800905735687208,0.33594173630550095,0.23081167373486727,0.23057802783819506,0.22622256900952745,0.23883528112415658,0.24465677002485575,0.28463410018914675,0.3026097479598424,0.3506967897813387,0.3068309374186796,0.3004748709661518,0.2828462261944601,0.2709051343374607,0.32648693459568995,0.23845315249444599,0.31010768605402583,0.313609489305387,0.28006150114311185,0.3538737993231484,0.28937389289331705,0.20594141176429773,0.2474345191762943,0.2825018043410435,0.30859572452338196,0.36554471307371217,0.3157254314926505,0.30391146829826476,0.32528442552168413,0.31451710421224116,0.2850247507491314,0.29645200096792995,0.3118261430068197,0.24970787559288732,0.23859427064684033,0.3215122161995462
0.3075940511528088,0.3511938294112209,0.2988597751463841,0.3204231865775976,0.22503934533444178,0.3097692309630114,0.2447662816302882,0.0,0.3315951684707454,0.3483742851362075,0.2801345095261483,0.3285369600523371,0.32670361771409584,0.2607016108204194,0.2852140345279757,0.3300789901897555,0.31955116144977425,0.3158425722086176,0.28189715369909346,0.3343349421115253,0.3004288477220413,0.28614980624993136,0.27425294833723685,0.23256279859734538,0.3471363594037485,0.25613589696581945,0.28122271310220937,0.32504623764945134,0.23038612691073598,0.2409334052379873,0.3891543848322978,0.2954087685900587,0.30407486537777867,0.3286587765490127,0.29924894825479115,0.3243949206653323,0.31938762220152395,0.3596172951921628,0.3096237534411779,0.2471492981259377,0.26885053827070254,0.29576048071624955,0.2823627828807237,0.2639037230219302,0.4097659470602859,0.34560483792489843,0.2418374848020202,0.25246823287496717,0.2807175060652274,0.2907207682871294,0.29073932945572895,0.2849346561246935,0.30008428257003283,0.2935904062745999,0.2911442691240803,0.2913929803927489,0.3036487009687355,0.3481131414603537,0.2845469567229782,0.3087471758652681,0.4121998549967246,0.25548077980454653,0.3010955630595919,0.26016853084338215,0.26232410666834677,0.3099911852430021,0.32548468676054043,0.28582383788203614,0.3183837834621441,0.4966151303440515,0.3043411112576878,0.2799080842219298,0.2707420597955109,0.32777250561111665,0.4088859282268842,0.27839643578074147,0.31031471536102445,0.2564869512077331,0.3868960983924567,0.19957977824065506,0.2653372683637095,0.3190811171606248,0.30996411787340894,0.35629836692352135,0.30501372958011613,0.4145254117424348,0.3753456950413711,0.28248936457161206,0.3962829367489524,0.3500462030832409,0.2826677794302432,0.30562862445381284,0.27261658169117287,0.27361935568247936,0.32556912628893936,0.34772531051993233,0.30822746206641527,0.3469269184480858,0.22835955139171402,0.34784593711064427,0.2751450523490323,0.34466764403114164,0.2720776614117222,0.35143848115173176,0.32223385890175027,0.36062416774825357,0.32115856829803074,0.3997713673977118,0.27193709919459114,0.2896071415162429,0.2653643967610734,0.2817122147775749,0.3102265275744106,0.3487620579787161,0.3215346184801734,0.3191071998583295,0.316612297298563,0.25552676892305154,0.2665073171412484,0.31815497656829256,0.25909478986510426,0.408478986789124,0.25996448882303796,0.310396979013882,0.23554649635439626,0.29835050606376373,0.2670625810620465,0.33974653218814366,0.340614771111348,0.27447663014606044,0.33588913721296476,0.2925017969709941,0.332848365460035,0.29776610382113045,0.32099528656653736,0.24017642671704212,0.27991092956384733,0.24607209895582682,0.295767466642609,0.3194261143304166,0.3014274816803883,0.2723646211092424,0.34675854334284856,0.2924688724181598,0.31339502103996136,0.29992471672414167,0.32004215718581225,0.31242530071322316,0.35045268051763817,0.24305794472786063,0.3306020784178711,0.3069269006537437,0.29636449438673107,0.2436916212822444,0.39283223390470823,0.39991825494866007,0.2536432855210809,0.33699956687513416,0.22771951345301894,0.25505816419251626,0.28170857361918866,0.2733316725085556,0.2857141943826942,0.2914967699661276
0.37094830600309975,0.29411393181721884,0.2419546181312177,0.25190013587194887,0.22926937231482009,0.3068485394182488,0.2346440409719873,0.3315951684707454,0.0,0.2731121523970815,0.2447079234638502,0.3250208743099299,0.25265553129058843,0.2689704568521806,0.2652793844065433,0.26274968328947046,0.2547861728721183,0.31807435546140395,0.3103979558452952,0.3761261994613856,0.278749491605406,0.28796621175901904,0.24234183089245542,0.22355477186807055,0.33451337591917873,0.22603575012876048,0.25037326424707024,0.27237903900353083,0.21159721902681716,0.3162583716241237,0.42783687942602733,0.3089001670412626,0.2590570039016057,0.2904795018863723,0.3303656403666324,0.28706262516437725,0.2665406564642322,0.35387455598883755,0.2624200670933759,0.2175169295847909,0.2465592478301997,0.3607255175908841,0.28299225281103857,0.2786883468381685,0.2983100918234114,0.2882244219067364,0.2555950756726977,0.23604516154153943,0.2652700514981613,0.3031773871554098,0.2682008930076539,0.2711725194867951,0.2869544997907958,0.25391682278792227,0.24889115811916826,0.35614938157415477,0.3158079911488131,0.3088849822412687,0.2628787938348029,0.26471610499199455,0.24654806468686294,0.2903197955083213,0.28280475472108035,0.2817008769800197,0.3313272471115913,0.3101953110974601,0.28215637243355113,0.2707299154660979,0.2745593876557499,0.3277876635425971,0.32845418621850936,0.300391643548873,0.3243943996689173,0.25236541196142803,0.33901741405838975,0.3120572848949645,0.21844975461177246,0.21994191748942782,0.3146136749563029,0.21811019914099278,0.2832216658273206,0.4062068567822213,0.3137890410888781,0.2746975972927002,0.3343791689316593,0.3684695583326475,0.31839869930160114,0.325188260186481,0.3353026642032262,0.3759358815565816,0.2947667977689649,0.4049231226234247,0.25935321924487464,0.2891125806632691,0.31621181077269567,0.3354216323622055,0.3343706495705569,0.3718111297197006,0.3220993271829656,0.28039812975795897,0.2854296612452471,0.24893065993739538,0.33069394306018196,0.3308256279772689,0.3802990247249953,0.2856352527214471,0.25871392304051716,0.31778534697378447,0.2384542495245318,0.24440117833044267,0.25987926412471424,0.3461850269078767,0.29992599440597906,0.3643382570862181,0.29209171204364964,0.2736962141865665,0.34663283530769673,0.2748752264873487,0.22370266945415246,0.32328213228653613,0.2670962931108229,0.2867027741353729,0.2978016832396457,0.28550887116687584,0.36072964172784,0.256683337491355,0.27432828969197925,0.24925508417199344,0.26280681480589385,0.27657025451256445,0.4459112778731145,0.3047027729487016,0.26952925787134274,0.3926356438801425,0.2939799362486032,0.2722147894244089,0.3046731244432513,0.2446009317709578,0.27291181868227093,0.3412631538242881,0.28668852422267604,0.3055485091577823,0.3185448846644894,0.3472621168653583,0.2978107582781581,0.35149340227746456,0.3776678935028996,0.2494336271688715,0.3535133514444817,0.25897657375441685,0.3774656109768366,0.3095765157608278,0.2795262129052299,0.2260888100241517,0.33376869848302815,0.3364523277485469,0.22794841731360005,0.27745565678504097,0.24856874164988216,0.2540559099092543,0.23861026163022706,0.3722734419684624,0.3374499372007717,0.31164740145043834
0.33466799776422257,0.4350472224916562,0.35589452689462553,0.33514029060701234,0.2590347581430258,0.287980232874537,0.3252871194380969,0.3483742851362075,0.2731121523970815,0.0,0.2904293881866807,0.3000463538159366,0.3594017408139605,0.3202562125904881,0.29396200734472155,0.3226145918010076,0.35639192869083713,0.42097229799483094,0.26880688204795433,0.3139777487642532,0.29409523796860765,0.31762438859571857,0.39462218431461327,0.27384729759808635,0.4330846641495445,0.2691480040627331,0.2962841956838053,0.3592524434725408,0.3261125699031223,0.23969673647983605,0.31985934205417244,0.31271121456385326,0.2771776284053679,0.34532697625466924,0.32551590861269697,0.30474254948470975,0.3421250747319487,0.314710134843473,0.2548272324892839,0.30763281005028914,0.269611142886615,0.3382922219384665,0.26654483913789795,0.2734684902989247,0.3778034685564409,0.3698109123079596,0.27224946034344677,0.25915940681998983,0.40822063713118584,0.26864352436370154,0.28278808033660296,0.286649064389844,0.302143175545118,0.32069055228066135,0.3224847176206499,0.33263396913550053,0.29266950085816634,0.26991862774538183,0.3504242549424566,0.3415958831316868,0.3246506558197085,0.24655070107573807,0.2481958962218307,0.2725859232290772,0.27459956039502387,0.3010247060137283,0.3281819827989472,0.3014027618140819,0.3375408937062803,0.34975076453666654,0.28384868299677796,0.3413354793483248,0.2586229145374663,0.3562655599121197,0.3316179044135401,0.3229391371021057,0.29500188909861363,0.3384857286783754,0.2981212044118923,0.22848892569881904,0.2894136455177537,0.2911172335954668,0.34051023180266016,0.3305143194976419,0.2999197352996283,0.38240079493170986,0.2685339058339358,0.27768896309814833,0.3855850294857344,0.32525935242844833,0.28821384623123725,0.3091432266823155,0.2987061855948803,0.280564136912529,0.34359075140306106,0.36344971786294095,0.22194772380103844,0.36196126314338184,0.24608552684784105,0.3882077168059533,0.30909480335076356,0.27033926398029173,0.26514382363657524,0.37839028194352414,0.26841064674417625,0.3419436747618368,0.2998698807048327,0.4997424683719949,0.3347614013546071,0.35500787979428977,0.2915272484397216,0.2844896916048444,0.30426964916754556,0.31818990558154664,0.3249197690130231,0.3598678179210127,0.33223997650969356,0.31615570805132365,0.31639497639622055,0.3306926200255766,0.278302775985148,0.2689330366438146,0.2777461078672093,0.3361318160054451,0.2378448636564195,0.34482162199097494,0.2779545650470236,0.29696671203859154,0.40743788939928166,0.3124116889320833,0.3439161218005811,0.25824040347968497,0.28294637775808074,0.26784946267286114,0.2841163782750823,0.26104736401231005,0.30322903388308825,0.2969229273471126,0.3282281040746948,0.29507514649492955,0.2999387973679273,0.31636671789588716,0.3743516055586394,0.2640689252662962,0.3254251941165088,0.32227003019992134,0.2586451479531403,0.38924833933247666,0.4547314926942371,0.25432959735629457,0.26213731802651735,0.3295591459240587,0.2988084700634398,0.2996915229519734,0.3580289792860551,0.3499397898779329,0.2621853935112356,0.37823193919491543,0.2725109151056995,0.29371975916775994,0.4133085219557623,0.29095427963478904,0.2916966240512045,0.2950426950514733
0.35549634815899916,0.3387426627837665,0.36636551934542444,0.34239209456700365,0.2711266581453973,0.33631539239243685,0.3184385712981975,0.2801345095261483,0.2447079234638502,0.2904293881866807,0.0,0.3483410608273511,0.41816295548615895,0.28582611478694087,0.33719719920735003,0.4263237659084552,0.3998943350792736,0.37028346557490677,0.2996598252601004,0.3289896477542192,0.36933607595533496,0.4190816103590237,0.28033515282427734,0.3400152738486468,0.32734044766668435,0.35289335313114184,0.2513026665552556,0.3454528080019612,0.3459178545946877,0.2621180424731569,0.2874500526229649,0.3294736712293867,0.339843166913001,0.28109242639081194,0.3011554465595127,0.3132111088328682,0.4180479855051761,0.3354222362312689,0.38202355085647033,0.31168354627592365,0.3291208902582287,0.270086254762016,0.3423465895423025,0.3909572512547832,0.3394306279406186,0.3698395332878398,0.23461348055471146,0.41152927379257215,0.35600717645041824,0.30891237196599464,0.3943165136643831,0.3364668748451063,0.28583219751729055,0.4473100306483416,0.4191353588567826,0.23757371987224887,0.3767387714624454,0.348970742844097,0.3085674941168095,0.36058383861945226,0.365676815957294,0.24473840858966575,0.3534166017373233,0.23852622747497376,0.25601467046823745,0.31218070689800714,0.34366565394427184,0.35139718344780135,0.32790607431716007,0.3113135900354383,0.3788703106965985,0.27570855267386224,0.25894473629467146,0.4284799671609193,0.3399375893653016,0.28951180404976895,0.4189490790769321,0.32717009763293864,0.32594718837939085,0.25116033754380124,0.30870005037573,0.2789867714816658,0.3298832557016951,0.33887745811846737,0.2653898888959706,0.3282331915987686,0.2768328422282256,0.27331459182182144,0.2890226748322388,0.2882445978216974,0.3820834494652445,0.23834713756347128,0.4070196433908168,0.3355143405465831,0.29291657101326835,0.3448361378863678,0.24842938076876037,0.23736850536192008,0.20886719739012596,0.30215023015460923,0.3335220842962091,0.2903518895768274,0.24262550351397436,0.2648058533816675,0.28548951346305274,0.34526272209591,0.3077941729106181,0.29389288417242476,0.32553420688160345,0.37324815057595107,0.3878825730160105,0.2709673739186022,0.2974685172618352,0.27367184731742017,0.3742488941128552,0.3418367752386136,0.27471186544703324,0.32054186978149474,0.3300401061871874,0.25276098085449616,0.35058381751814693,0.24848043759074534,0.27983266086830366,0.4264934294777301,0.23575322499847007,0.4519135506532299,0.2275647095164935,0.3570542025719999,0.33296800252906517,0.31258910666128237,0.22195932752035366,0.33790730486215426,0.3205230584900958,0.28518542269596864,0.37988269819731696,0.3041898260403339,0.330962532976599,0.2903234319246247,0.3046771256334371,0.3228081833211166,0.34943960135187635,0.3048586706850363,0.28327206394229043,0.26250995435554947,0.3985610581449723,0.24382572155326163,0.3024734321379536,0.355430761635149,0.2906216188782201,0.22169177970354084,0.3413096830838933,0.2812833804430585,0.3841446743248274,0.26404386860983503,0.31960909922581954,0.37187517939258136,0.3449001390097166,0.3489317639770579,0.2877329089826806,0.2955174200756616,0.2882617778816647,0.2780145146886289,0.2254738113620805,0.42761567209336604
0.3525209445628335,0.35285860512465184,0.32133678709903024,0.2812790322329612,0.25320915580635517,0.38510274502892444,0.3130717362546321,0.3285369600523371,0.3250208743099299,0.3000463538159366,0.3483410608273511,0.0,0.29673756095474024,0.21773782083614016,0.31587366825307495,0.3568805926278829,0.35480103275492614,0.29258661491966415,0.38817740674257617,0.3429628597608673,0.40803298550093764,0.3485533585890754,0.27330073830239426,0.2986115104062515,0.391179244022276,0.25251916956855064,0.24386014760606542,0.27828393367291876,0.2717105885176693,0.3695302623352098,0.37348042792712816,0.3607241793252529,0.304043015468205,0.33613672842725756,0.2594200795521134,0.2971683061925082,0.34292189428640485,0.3254200366555465,0.3981383908792222,0.2671099737721091,0.3031929424174722,0.3353220372187297,0.35333569874828785,0.3326862057777542,0.3027019174932612,0.3554966199777395,0.32133488623264844,0.29271039262619736,0.3046094213591291,0.33172830928932956,0.40649227155574064,0.34200487551096465,0.29275420216068015,0.34719637114127055,0.3391254011061546,0.292380955392789,0.4145904979278753,0.41574569123872074,0.2506575532446971,0.31901009353053783,0.2642266457199598,0.2647814118903886,0.3424694008930359,0.23532824430672383,0.28359382334278904,0.31634246404065847,0.252228071790887,0.30594446902039546,0.2583004479997718,0.30130044253872745,0.3458953070990269,0.24090637756239644,0.2432532151129748,0.3330234024716878,0.353297222826343,0.29694377065826305,0.30272663148344886,0.29684613166273244,0.3130824694491569,0.2427258939902944,0.30836120411024764,0.3403404692476582,0.3779372620024302,0.25431505595240783,0.29513656690633533,0.35630038001227876,0.2568828385748539,0.2892104920428875,0.340521618455601,0.3135936691794268,0.3507816858169191,0.30493936380636594,0.35943334190653903,0.3432836237530348,0.2767904894196751,0.3994365821143331,0.26506053911691013,0.3016765154270122,0.22167923036390494,0.27524259607470086,0.2519094203318929,0.29992583481102997,0.2670860372611362,0.354587392998175,0.2962813940296841,0.36218077987095026,0.3447785267625397,0.3132672246836513,0.2958788497196951,0.3706162733892619,0.42567468620695664,0.2986329031630778,0.2784594398417386,0.30611307104000085,0.30186604467017986,0.34308594017684435,0.3009912334087108,0.36356868022224076,0.2958699056325235,0.2507199876776534,0.2881487916103008,0.26173266382519994,0.2700096454402818,0.3985864148174961,0.22460074673055294,0.3930789073399163,0.2552434287350568,0.3543515908875271,0.3061325008353142,0.257808618227848,0.2943400340455355,0.33276514438765403,0.24653954556063015,0.30726087194989804,0.30434412536327,0.269269515775481,0.38788454692514357,0.25130528894356424,0.256935926901346,0.39005067291092343,0.24876947179209355,0.3018796504440221,0.3317980796523876,0.2876295825691953,0.34098084544948615,0.32051693139604315,0.47269933641734185,0.34215697295612585,0.37413159081544,0.2433809915666986,0.3201036861106175,0.32249843746444845,0.336717412232479,0.2752503360394252,0.4279848082255058,0.31310944387150436,0.29401888067098453,0.36697831968890293,0.2139816533205174,0.303310577186956,0.23095503350246885,0.2723844357667819,0.25411385141709225,0.3579065506533096
