0,1,2,3,4,5,6,7,8,9,10,11,12,13,14,15,16,17,18,19,20,21,22,23,24,25,26,27,28,29,30,31,32,33,34,35,36,37,38,39,40,41,42,43,44,45,46,47,48,49,50,51,52,53,54,55,56,57,58,59,60,61,62,63,64,65,66,67,68,69,70,71,72,73,74,75,76,77,78,79,80,81,82,83,84,85,86,87,88,89,90,91,92,93,94,95,96,97,98,99,100,101,102,103,104,105,106,107,108,109,110,111,112,113,114,115,116,117,118,119,120,121,122,123,124,125,126,127,128,129,130,131,132,133,134,135,136,137,138,139,140,141,142,143,144,145,146,147,148,149,150,151,152,153,154,155,156,157,158,159,160,161,162,163
0.0,0.8434083586633903,0.7862618539071674,0.8209432588568976,0.8012445066758287,0.8423486390898642,0.884642339555631,0.824365895475455,0.8316269071949012,0.7606258961977045,0.8976503483153879,0.8533510296494738,0.9123509347132848,0.7686820500962104,0.8689682168337842,0.8462024097520706,0.8991999550674112,0.9357162671669997,0.8448500678827563,0.8731906025972754,0.8563224077844777,0.8468043962668352,0.8776296791858,0.8613649763338528,0.8733333969935976,0.8177263519925583,0.7742531346460286,0.8634016291903809,0.765910532216389,0.842726670254999,0.8497061301588085,0.8818091172642558,0.8121624526143711,0.8602978379608547,0.8778835051457134,0.8117642850409963,0.909829040758221,0.8624299456690628,0.8127427004599163,0.8745095474500246,0.8151165843808876,0.8919833968762183,0.8687326262052301,0.8575234055358381,0.8602436334542954,0.8948815172467369,0.8016515273474408,0.8356702596578528,0.9158959249559617,0.8893758729999196,0.9113836829480261,0.8569348587882069,0.8391474394617737,0.8477772859836965,0.8460524242594375,0.8450911494279267,0.926362820885195,0.8605024869462587,0.801633655661309,0.8667673803327979,0.8186608274838785,0.7423104247959831,0.8676764331062158,0.7091593299055283,0.8484372150456536,0.8567413365194216,0.827225534553315,0.8143526795992854,0.8035574553815342,0.8753768659051997,0.8729764219404518,0.793231897832642,0.819399978580854,0.9085918996127169,0.8605351484535848,0.8419445595621972,0.8494048917219992,0.8052014768007797,0.8386755383747602,0.7493726448346306,0.7871653236723513,0.8718167626040275,0.8272567361809964,0.7989479511073624,0.9097966873896549,0.8724100501653418,0.8652312230048417,0.8330893102177707,0.8485492636515669,0.8082750357831483,0.9051741849586573,0.802201824173335,0.8820611629746901,0.8807379147629868,0.8909106286763138,0.7935144339845495,0.6804268219775215,0.7840099535020377,0.717796973212807,0.8539087390370307,0.7677209949409095,0.8025237468867692,0.7665628904535416,0.7111354581961219,0.8569058484455442,0.8425476115326743,0.8251999074616474,0.8699161319136247,0.8629038544086032,0.8610142527527312,0.8943649452042899,0.9040798025960052,0.8890816918635868,0.778397027443051,0.8902249598753986,0.9007603235446218,0.8831068495406535,0.8159822140945453,0.830738975275632,0.7347688209604217,0.8271660259784025,0.7643818870027485,0.8910102706132762,0.8743393207367592,0.8011482852904291,0.8103404836387027,0.776922638184762,0.8250294011083409,0.8030744890939873,0.8034624798686474,0.7941656616974019,0.7838217351380626,0.771567151536703,0.8283543057275541,0.804594704372147,0.8046501593911063,0.8440989923076738,0.8708359155549751,0.7885879858826681,0.8748228245567736,0.7288453324417019,0.8139532746841065,0.8945164521877618,0.7684906603754902,0.8571872422801382,0.8653706723859615,0.8292495930159416,0.7817664955235726,0.7961829200691227,0.6642518971046996,0.8940473137897748,0.8101067702098885,0.8651499164209796,0.7839350706435602,0.8386354874738515,0.8884884449820871,0.8691506878046454,0.8395295066539917,0.7845651242462945,0.8767808894676089,0.7587817269655823,0.8720707076320918,0.8610598281536822,0.9234308461035701
0.8434083586633903,0.0,0.8555751942987898,0.8465573074902479,0.7422819915898949,0.8830117396389845,0.8427204237241884,0.905265134242157,0.7785322685998194,0.894179593187591,0.8847215115329882,0.9115419742174767,0.8799910844678184,0.7871511516521191,0.8858014545743284,0.8221928109532716,0.8581327346735895,0.8174826093212556,0.852256244514716,0.8330471565237377,0.8417738793775885,0.9016706542478946,0.8067098315124848,0.8561409283253423,0.8863009956502702,0.7480409855922057,0.7811238609374562,0.8179520351976106,0.9089682068399834,0.7569466697925297,0.8868769845556458,0.8471604159987678,0.8900440238759075,0.8117465547233701,0.8503755744827094,0.8983096299609757,0.841104470129703,0.8596376091786592,0.8830484860761204,0.8559548695702982,0.8990594990514758,0.8322548517913629,0.7755041281440299,0.8391470673561887,0.895930112430522,0.8317305129957638,0.7525687720461719,0.8263822942430713,0.8369156811648154,0.8375696210182718,0.8335143368545557,0.8044119604966489,0.8551443726436193,0.9311165650981148,0.9047710005450633,0.846668368421992,0.8244369044557405,0.846655592399978,0.7938165580278224,0.8612885982504954,0.9028056397343586,0.7117659542621251,0.7990359146141046,0.7464289357133036,0.753307880448403,0.7643085754542192,0.8202991375502693,0.7461574526966251,0.7606452818123557,0.8465106434209673,0.7935444674085727,0.7633244488482996,0.7306603007244828,0.8690358275113691,0.9013373252670351,0.7516296573241614,0.7952444038162914,0.7876137937387666,0.7900570747696499,0.6847875237712201,0.7993055126142569,0.8126441644256664,0.8227349242195526,0.8514210339776849,0.7891126678918516,0.9134775297699785,0.802460622661046,0.7262506029845952,0.8164206451371452,0.8576150132941931,0.7935678452255989,0.8201915041391443,0.8807958315750847,0.7970468637002652,0.8301896123361738,0.8810451160806009,0.7605163591900167,0.826522068976676,0.68478492029138,0.8374320885057018,0.811002339300296,0.7800045529590673,0.7000184862539777,0.8015370262339435,0.8036027695792454,0.7850922913818887,0.8325758940048236,0.8823709443024608,0.8633158670523542,0.8852257955517377,0.8610202684260281,0.7850258406747658,0.826856158466354,0.7828859649335832,0.8286034690852042,0.8494142973615425,0.8381867857094427,0.8032731398994507,0.8596947220731983,0.7291410873330619,0.7560451022760805,0.7542697110047021,0.8047389906907813,0.8297436901077265,0.7431388228456122,0.9071323942778408,0.7399376895659643,0.8529263696419522,0.9197475088323686,0.8141300909075145,0.8250911168627315,0.7706637239350301,0.7188066384752783,0.8228107957666934,0.8820950742668525,0.7756865235272823,0.8164393629569294,0.852804007760239,0.8445701353117553,0.8570014315972715,0.7951141464514232,0.8279850263314159,0.8802380411479694,0.8348938889498169,0.8722862147562224,0.746031665759106,0.8387028299799071,0.8369163604105775,0.8862937066109311,0.7322889879089877,0.8024362505420638,0.8716830660901872,0.8562308866855632,0.836607238278319,0.8806729777896052,0.8698246041673888,0.8271944505810556,0.8292568060264527,0.7959945162851668,0.7471705428081972,0.8337106590896525,0.7976108386997209,0.9344777793724645,0.8086816757379927
0.7862618539071674,0.8555751942987898,0.0,0.7306663669534529,0.8844059369477784,0.8947239632111236,0.7991576855361268,0.7902905195276858,0.6638723220144532,0.8307002735804672,0.909196029084672,0.8727508969633183,0.8780618188611831,0.6652105610657907,0.8377542088664647,0.9238526431128051,0.9037625929948981,0.7752598263790018,0.756775098989331,0.7386506275258681,0.9328920761373473,0.9560627788862366,0.7163861036494743,0.881148777588406,0.8061002621420977,0.8386309458796077,0.6608274447043734,0.6924558519410752,0.8626552199570645,0.8102243968945185,0.7282137971904862,0.8346056075755538,0.7812501920622826,0.6919431805740408,0.6872258221430313,0.8003438081469721,0.8577723462231229,0.8197861212144784,0.8539698390098113,0.8291025280426447,0.8555336511151458,0.880020276137739,0.8753036586933766,0.8636431742852619,0.7772120070710484,0.8139909183894161,0.8706087217969231,0.9230944830959349,0.7761471378015115,0.8455188396509328,0.8557159971168257,0.851755378225396,0.7421073642541715,0.8769528513915069,0.8398977435706427,0.8011448135510417,0.8048318581136743,0.9065930724721453,0.7061384575055509,0.753609620184934,0.7887982413856701,0.7191465998754337,0.8872065473098988,0.6743676635661214,0.732877434842441,0.7530809711482627,0.7146158872313418,0.8780132438896394,0.7825993941749925,0.7940733148208289,0.8734978944128693,0.6410962490029695,0.6600667565351322,0.8904950076785975,0.8406966680947898,0.6315531133822662,0.844919956457856,0.883886545419469,0.7514803174253295,0.761751646194938,0.9135754007504409,0.7473901824212912,0.8966951714226011,0.7827046549062038,0.7541795269550868,0.83720632644131,0.7413283380424419,0.6519173197762965,0.6718032991375386,0.7494962807153562,0.8532717824097594,0.6656153184833967,0.876006968056072,0.7053216078951666,0.7603531821048746,0.8402472719105295,0.6824547399594377,0.718172597945941,0.6054925614290236,0.6980880745354299,0.6608215027629157,0.8126835989511888,0.6361479496885066,0.7251736611038568,0.6947523312357127,0.8761693162257406,0.8616443475290565,0.8222561368500226,0.8653943420850295,0.924499821099018,0.8353420532017751,0.7653642033373969,0.7632129318535755,0.6754346974150209,0.7552901066087963,0.841795512364615,0.705338517982118,0.8145796275643253,0.8915816221765188,0.6183810040336857,0.8392401288491304,0.6961084355995303,0.7622267874564902,0.8583095078258407,0.6186387831470194,0.8720233896606748,0.7057917674683525,0.8762731530726392,0.8411695935085645,0.8076307417658489,0.7416843599593455,0.9239182255674665,0.615213595148197,0.6943525732532877,0.8314377431294563,0.8341132463080062,0.8401639123861833,0.789223730796042,0.7623688834743815,0.8146785965257273,0.6674902977633345,0.8324319389490353,0.7393361991029892,0.7647584125041966,0.902020120776075,0.7182290455093195,0.9028299673082282,0.8976817124106574,0.8451926927603778,0.7053518517242384,0.6705980830904524,0.7311335338901448,0.8100104851023239,0.9184914647242773,0.8616358775580065,0.8110344894622783,0.7773523611737178,0.897181810518731,0.6390063078833866,0.7314992908314938,0.8316516093378593,0.6544860298091851,0.8467239498551113,0.8303008584980325
0.8209432588568976,0.8465573074902479,0.7306663669534529,0.0,0.6953459879812284,0.8048010394088001,0.869399237632275,0.8268921949922926,0.710435441233184,0.7715898136608785,0.8174039269066228,0.8226378456871932,0.7871311128670406,0.7317216300291756,0.8648428496851953,0.7072538839027717,0.7748441683829587,0.8058016177418368,0.8279225304923631,0.7077836369337651,0.774762852441537,0.7822062140189016,0.8179432776446052,0.7909080839746389,0.8326596976203112,0.7516788555939123,0.7558619159913172,0.8188938747323781,0.7738260876633727,0.6755985099901574,0.8162507139801821,0.7416701756644549,0.9555326421546549,0.8052890485675185,0.8392168100298304,0.8174294470480391,0.7836693558877392,0.7541693699262015,0.7604125055168576,0.8359393434568629,0.8732127414412048,0.7662450206981953,0.726905742852741,0.8267169896255137,0.8144354473740248,0.7732921093751713,0.6757969527964155,0.7477014953483463,0.8086345014412821,0.7462141696381362,0.832041217976602,0.8156782421174908,0.78908822685334,0.8985043831657549,0.8339149171404792,0.7505201831199085,0.7695280186464514,0.792337467073941,0.7670009926940267,0.7701171156284067,0.8361153336999699,0.640623821202831,0.7937307195824881,0.6391430683840977,0.7273120251738809,0.7294990194826925,0.8084721879899023,0.6983853583537792,0.7100572617638504,0.8429666952002183,0.7440512406324411,0.7037897115232934,0.7656565260103941,0.8302389912293527,0.7922136354293805,0.7262346740714072,0.7418297162280035,0.7249926839661438,0.7838342774767304,0.6421406325823533,0.7326100314140258,0.8479590894923688,0.7240106468395888,0.773036572984438,0.7987186031348861,0.8085910275854283,0.7895666716281838,0.7369631619727269,0.7823538368090995,0.7394740547449886,0.8081423395826811,0.8482914073550022,0.7881440071449112,0.7559841710300715,0.8552754185413766,0.8186884915123477,0.6684389950901326,0.8264212666041482,0.6467039298592948,0.8595550373380604,0.7246673369157627,0.7148883382443689,0.8473029743448032,0.8151919122188976,0.7958876100575727,0.7030876180887581,0.7403427317320004,0.8147871018505021,0.7961496881624776,0.7651845952792218,0.8659113200332176,0.7824833581914713,0.8570996524659023,0.710587470781279,0.83837384768475,0.8095926415517051,0.8268315105780294,0.6890506295262407,0.8576633551960079,0.7510902006063691,0.674787516291826,0.8509751439109178,0.7535585188158894,0.7901728666647376,0.7020254814363713,0.8162988566087265,0.7098441312315549,0.7241820642394236,0.8259734866853753,0.731323100053287,0.6869907118592283,0.6680981999523834,0.6792738807671048,0.8244253041719172,0.7501960315184326,0.6664402940642979,0.6850628572860891,0.8365232574374467,0.7736429103760769,0.7672451334807403,0.8963552786912126,0.6793474207415392,0.8662066685852811,0.7650099563973994,0.7609975853020373,0.7791829355307089,0.7395188538961941,0.7306412465483529,0.737003753916477,0.5943063652325314,0.8569422812356206,0.8495914355957531,0.7628629968739503,0.7045960809058716,0.8670861584103172,0.7915886191669225,0.7635844078253247,0.7878327508410684,0.9156404952156061,0.7587761812516332,0.8018317028935771,0.8069892307889917,0.817437258867273,0.7987890743704021
0.8012445066758287,0.7422819915898949,0.8844059369477784,0.6953459879812284,0.0,0.8412766678124498,0.8312840509289292,0.6674831483459404,0.641068966399381,0.6921581970007451,0.8788784887551693,0.8217066361288813,0.8216268811559341,0.6154440492747293,0.8269965693858249,0.9069904677092193,0.8727205289123282,0.7577699419139743,0.7097760432863214,0.6679786967039899,0.9075901008991605,0.867074528743442,0.7146368723567114,0.8815358666431702,0.7304310188160954,0.8987979562543067,0.6159041159568832,0.6432269374194398,0.7692655713194588,0.8854717538510982,0.6855125313511975,0.7893606876209412,0.7457868519699711,0.6662722380437427,0.6561747699389419,0.7158635632741831,0.8671849279760406,0.7716361103828305,0.8163455294124561,0.81709985160272,0.8180672397077398,0.8587674808035064,0.8972183085732416,0.8988328369826556,0.6844449793636644,0.801896162261781,0.9306407368786193,0.9210065079554164,0.7761043788717154,0.816531872794436,0.8842364973695999,0.882489802511077,0.7034773571776232,0.7975562970774752,0.7780674183842318,0.7783331427765258,0.8157599672145891,0.9006382941334053,0.6295701566280137,0.717773761695164,0.6673503183598541,0.7306361807581511,0.8963145657377554,0.5978053106375782,0.7303159103135424,0.7164894779855167,0.6557569318876565,0.9298548340168414,0.6985027824948052,0.7233628047774412,0.9122597546746535,0.623344749513573,0.6172157975983152,0.8471857407025614,0.7314482879766384,0.6445196793079271,0.8457746023363107,0.9560611307787712,0.7371384517929557,0.8829301559517229,0.9011756028899213,0.7322866177847471,0.9380981473971927,0.6953185186342806,0.7556378570303179,0.7628254069422185,0.6840951384494489,0.6410558726275175,0.632226277686297,0.713990457618801,0.9283118690467379,0.6404635066986172,0.8729457039884954,0.7110907007730677,0.7399919420690886,0.7865016317936493,0.5859358238956351,0.6488365868334508,0.6138152611316682,0.650697321778571,0.635273489663138,0.7383722671858607,0.6318063822308266,0.6466953027633551,0.6548779587796226,0.8861374623827197,0.7779644108224485,0.7351775566446079,0.8522883568330347,0.8714333786498791,0.8309098778050577,0.7873045861163394,0.7189507075293354,0.6127612410210378,0.7616775367328741,0.8579523660006897,0.6736277137396421,0.7683289543028551,0.8173449103963224,0.6014182922066544,0.9325680534427867,0.6811358226304898,0.7448116987636247,0.9188912658341248,0.6230986610139684,0.8109658096287687,0.6783987598869712,0.8582300951536962,0.7240131498413759,0.768868062644511,0.669370720542892,0.895135980365074,0.6055389645704762,0.690636342963051,0.711771914187989,0.8651475182447546,0.8562676671894285,0.8007147247377238,0.6597988343095301,0.8097988743192491,0.6169097078878414,0.7885095395621571,0.7022249150765479,0.6632712961754422,0.8809598493111138,0.7224632483540615,0.9136993659058361,0.8772544358676138,0.7113525751503972,0.6411991454266842,0.6635222509756149,0.6962558371978528,0.7482619137229286,0.8450241989205022,0.8087479730153558,0.7516509139803443,0.7643376833680832,0.9213481314451986,0.6285504807864992,0.7952882750610929,0.7407205364084349,0.6676657377058186,0.7641595298724784,0.907485738911362
0.8423486390898642,0.8830117396389845,0.8947239632111236,0.8048010394088001,0.8412766678124498,0.0,0.8301977678180162,0.8294803384834943,0.7289142140137624,0.8062372672470892,0.8999975986510689,0.9393548593733897,0.8590888363283837,0.6728001173507474,0.8273751679299951,0.8854596039385416,0.890050808147506,0.747155348044704,0.8468128800808359,0.7431246949192735,0.9197655028563168,0.8754949991325417,0.7334639022461885,0.8450798122777549,0.8555476832035982,0.8149851662075792,0.6491052561829544,0.7375860739552265,0.8459767600290359,0.8367262202774136,0.8190158937724628,0.8736149961337882,0.8437636731577236,0.7753836712577378,0.7552551028836606,0.8340929741605263,0.8714343821608903,0.8197463288470351,0.8637684072255974,0.789527218380476,0.8743768167167169,0.9045770230111758,0.8408440777740099,0.9227682632644036,0.7840351869804268,0.8025140639788355,0.8456534911302666,0.9032804482922931,0.7853024097647425,0.8238130152371962,0.8883511011695749,0.9088628952617476,0.7810468702002943,0.9102319578828886,0.86725086300971,0.8926926452222388,0.8312902464502145,0.9584687820227568,0.6742424784802981,0.7759120308011735,0.8229429551997017,0.7633350424676456,0.9191365007439334,0.651528467399746,0.735110967583395,0.7628835896502227,0.7157759449163857,0.8257025685739369,0.7049343044107762,0.8249184264582451,0.8624182809046375,0.6541189191156698,0.7115154629327286,0.8684115202059255,0.8724778736682328,0.7126058627684421,0.8199596244057482,0.8620922524382072,0.7832116468762014,0.8126033977916545,0.9404849751634615,0.8111935074321847,0.8886206968735519,0.8148774835653227,0.8316656444774189,0.8539637320665683,0.8376319130605178,0.6760694678255815,0.7444068270260789,0.7946502459115973,0.8755429061159673,0.7839892242505999,0.8809963094586745,0.7721888399338639,0.785719173270994,0.892935034601384,0.7150892936938134,0.8182259956889695,0.6688528178655374,0.756044663771586,0.7026089769006011,0.7925521402004803,0.71251540430545,0.770786541917761,0.769274225602965,0.8393140511954142,0.8466010361691949,0.8421753382792755,0.8239643936779018,0.9060187140362231,0.9084348583130559,0.798503720067927,0.8538945294988377,0.7098118003799632,0.8109467114374976,0.8663817023456734,0.8209925466620583,0.7703798999272431,0.9232754292304783,0.7017950401353406,0.7957353490332904,0.7905574544142165,0.833899387894791,0.8951990604735098,0.698787503910116,0.8968871838260362,0.7492599756306282,0.8630363778048163,0.8754573945811126,0.7253062980097309,0.7951443615621424,0.8857756486048711,0.6590075485385672,0.8098530500419335,0.8003965528135133,0.7839009562041227,0.8389536637066973,0.7790764343159737,0.6931975821783838,0.837440261396912,0.7271107195893316,0.8505340630388891,0.8040340501145024,0.7849333837783464,0.8935395641905942,0.7592449095794541,0.9085664482430957,0.8606949191973164,0.8290709881720253,0.7301827539830393,0.7683692970856195,0.8269676833548646,0.7853410158968916,0.7972163848595553,0.9227420181503708,0.8045216392305807,0.7696413413505957,0.9235461555872324,0.6987634117192607,0.7987911482018034,0.7798093530044692,0.78805426954487,0.9064852874627997,0.8587010397686937
0.884642339555631,0.8427204237241884,0.7991576855361268,0.869399237632275,0.8312840509289292,0.8301977678180162,0.0,0.7633131343062907,0.693764449371236,0.8115375863705017,0.8921102041275002,0.8752088995037404,0.8760084715914153,0.7195495895849807,0.9301787528424065,0.8232493291564706,0.8481356173423121,0.8588112045980437,0.8116230386386158,0.7269333374651277,0.8443197101746852,0.8419256362298119,0.896218249366829,0.8920654738597446,0.8713354533638418,0.8415810531937569,0.7577565895271784,0.7881881377977965,0.8246037719976096,0.8119018406026698,0.8260148854508883,0.8528605433346533,0.8754944759245188,0.8257746235868992,0.7955469952106318,0.7893624914224533,0.9179481453770795,0.7619721292756588,0.8303370892307603,0.9123807814626301,0.8418692701279918,0.8343943651120089,0.8545898701541158,0.8982335311052452,0.8176465204680575,0.8664034153596697,0.8124295912622385,0.860621002742568,0.9374036227951423,0.8066436428624714,0.9284319881675097,0.8336697231485591,0.7712665867121069,0.8806655037525837,0.8906814653575355,0.8062263960935184,0.836994189471556,0.8453131445940012,0.7926663689609467,0.8083960284561107,0.7800822430897737,0.6951824950069252,0.8192179709405507,0.6394497168266787,0.7707057847451478,0.7666145904797447,0.8185305386581782,0.8481999141728139,0.7399005028502608,0.8171013309258667,0.8400270438901802,0.730722570224026,0.707594064243587,0.9068219338686152,0.7552071108929495,0.812317012030124,0.8771577233791228,0.8776152386283568,0.7694632402521855,0.7679203555439379,0.7898418870491598,0.8085688738876101,0.8595404672493224,0.7215842788250628,0.8024528326888037,0.783231654149966,0.7729477874309942,0.7976921398212165,0.8002662722974463,0.7692116713362573,0.8916164429830593,0.8017174514899733,0.8990387186411289,0.8023913575004132,0.8339893528621026,0.8535345342407035,0.6092834920563391,0.753004351513094,0.6468139935453575,0.8315252664985315,0.7578939263764282,0.7939440413904381,0.7843495839644438,0.7534543168735933,0.7389659596398699,0.8070711356872797,0.7914316047955706,0.8125786503752881,0.9049341202943579,0.8753757608291871,0.9309372544273269,0.8085935982469166,0.8337052838717929,0.6896506921971839,0.8294885491224755,0.8538674121343005,0.8128078547124793,0.8257251713494757,0.8495501146441565,0.6779672248544262,0.7955191889891566,0.7571119456931122,0.7670328652232155,0.9236178472360638,0.6835358539319463,0.8790027992804643,0.7129587201806223,0.8356673993070419,0.7977497835250132,0.8054443911019591,0.692863444939686,0.733950493012883,0.6920423603854736,0.7348402822113758,0.7561032919608918,0.7740702767880921,0.810630024198258,0.8947595645929675,0.7698764915380956,0.8645177396079312,0.776474103145726,0.7640812256555332,0.8559405289880885,0.7124724183269598,0.8674875034425735,0.8346969184322476,0.8052463466189764,0.8536788794786263,0.7683832009863736,0.5929778406084601,0.8137741671903355,0.8294959066158705,0.7843457186265181,0.8309021780735996,0.8712972700218299,0.8526345189235209,0.8540083875267388,0.8903383658280726,0.8256312031711838,0.882357637058704,0.8262098503060058,0.7871287823624977,0.8356352182328949,0.8734874725910594
0.824365895475455,0.905265134242157,0.7902905195276858,0.8268921949922926,0.6674831483459404,0.8294803384834943,0.7633131343062907,0.0,0.8108532264437771,0.8490094734221243,0.8261458370751599,0.8596813696173725,0.8501426512506518,0.7554034227395654,0.8192294829684084,0.7760364817619415,0.8031220500603342,0.8069054110558636,0.8352988501043427,0.8392118087907302,0.7783832690459005,0.8223556714152667,0.7867859455544024,0.7718912030662214,0.8762335693466368,0.7111384558900493,0.7986208590471076,0.8363054346413813,0.8053951611781663,0.7226447507829945,0.8887959011629055,0.8154470315070814,0.836586686953083,0.8197284127732827,0.8279121710652673,0.8585436289714471,0.808796788397509,0.8489765931003426,0.81597250630605,0.7826822522347507,0.8162669185222142,0.782179997471454,0.7587232520392523,0.7611738181510068,0.9196034636679845,0.811015857720582,0.6869979745860174,0.7583021813946559,0.7906771048199042,0.7958965537663913,0.7809255162130877,0.7519041799592997,0.7807096779145286,0.856589624495245,0.8479001976566765,0.7947585323966379,0.789125541207279,0.8161139064326576,0.7627524817814673,0.8259636024877253,0.9228211424006946,0.6876572397844437,0.7751896615581797,0.7264999031331936,0.7148187123086299,0.7680175706327245,0.8109326188562817,0.6975445108189804,0.7808837482237055,0.9198367963617028,0.7478101513687254,0.7371773743291681,0.7460305997424206,0.8265542160070947,0.9031950045724382,0.7351735760946766,0.7581171744397425,0.70506146579509,0.8246129233944681,0.619609242952282,0.7265956838649725,0.8026869521558866,0.7477056886704981,0.8705577381898336,0.7821494297198417,0.9027708289927533,0.892253504417528,0.7432931131009853,0.853883624844518,0.8314971321824016,0.7495327962042614,0.7985567261259605,0.7986769259215993,0.759344068729722,0.7778755210171324,0.825372947117382,0.7748399392281677,0.8294139393056115,0.6557072479933256,0.8371530400668347,0.766556134513659,0.8238102518246131,0.7236434849703336,0.7967906203177457,0.8327717835395777,0.7557669267695558,0.8142294212829825,0.8749272525382542,0.7867084417274303,0.7969185674187939,0.7999165809593948,0.766600012302369,0.8149396546957316,0.8318287841547469,0.8114493320455018,0.7994527593638845,0.8240618102614263,0.7637212147239838,0.7985499905138689,0.7369668676467969,0.6808988778729903,0.8216564419887107,0.7704161596967964,0.7562178989785058,0.6977645298511395,0.8392148644878561,0.720029428016573,0.806390173676671,0.8721591759235425,0.7668009224101887,0.8355577919372342,0.7294696091349774,0.7519096800448902,0.7894175667893902,0.849669864205893,0.6822371324785301,0.7656440331333346,0.7850116231038351,0.8440211079896255,0.8380996379572339,0.7881346158618516,0.7663325895312768,0.833606842313611,0.8152842453136896,0.7977997102703921,0.752067465582706,0.7747707261652438,0.7579893901106163,0.8660891786439938,0.7042258112570259,0.8356924316373082,0.8059942298189753,0.819994702691832,0.7618305197092722,0.8489909092411208,0.8768889161873231,0.7816733504017557,0.7696637890948744,0.7569102600368406,0.7122310651817039,0.7664044659164168,0.7688492403071754,0.9031189274574085,0.7497732117814798
0.8316269071949012,0.7785322685998194,0.6638723220144532,0.710435441233184,0.641068966399381,0.7289142140137624,0.693764449371236,0.8108532264437771,0.0,0.685998075620253,0.7206977987414984,0.7275565894791828,0.7332787227337095,0.7377199751742253,0.725120540354289,0.6748332176332589,0.708154428316915,0.7784774742687965,0.7364257534507717,0.7968084992921767,0.6792609225292717,0.7379467763572076,0.7082865475261299,0.6719558203945611,0.74862111799844,0.6216996233239434,0.7351522905913301,0.7500397118564615,0.6612417765974841,0.7221477240516757,0.8131175057276827,0.7198612430610434,0.7100379736606797,0.705587259313096,0.8240243336710384,0.7340729955066728,0.7162525914323498,0.7784173200490841,0.695324226452696,0.6778844314193531,0.6872165717501325,0.7893435276977435,0.6646121745770286,0.677745939052455,0.7529541822350592,0.6954130561228461,0.646156494841262,0.6519081851682262,0.7119601552037709,0.7423079677164022,0.6988516051314787,0.6823215766107109,0.7607066298222961,0.7088289901806887,0.6930778722289976,0.7954561662485954,0.7368979723063239,0.7249623488786167,0.6916320400300061,0.7443554189738896,0.7395617131511903,0.664382403217376,0.6922521781421423,0.6921943737403038,0.7234893453346626,0.6814095987514194,0.7166237458689758,0.6513414454891459,0.717234388612549,0.808883491309684,0.710772208405893,0.7173700614712976,0.7590782928426867,0.7083036496569693,0.7995511754869077,0.7040193176855335,0.6546155021999799,0.6302838751703321,0.6823469289639116,0.584409651878204,0.6377431240626878,0.8151301831745255,0.6941075096503339,0.7214796875909041,0.7362638207074174,0.8051003510989755,0.7989475622095398,0.727884750041664,0.7542126004578391,0.8008703133625101,0.7228048197426099,0.7838067969431803,0.7065408945381882,0.7165765419924272,0.7718140003964088,0.711150302407533,0.7004243790822992,0.7326985219402069,0.7177273500537803,0.7333492001767677,0.6990550235613394,0.6650371545320876,0.6633915324647234,0.6667408842776239,0.8062501979485361,0.6612832349558985,0.6597349579054436,0.7549433761761392,0.6676839533126493,0.6856364992454851,0.6966820387996258,0.7461817030870607,0.7524207453633224,0.7964901289638958,0.7174838339027919,0.7421873148776995,0.7520915366783318,0.6735095705018181,0.6657780110407996,0.7611698778094121,0.6643319651992077,0.7189052022503114,0.734590587219243,0.6767657763681646,0.8171917359932946,0.6710860440818524,0.7064858736234365,0.6931932129269505,0.6892154699824694,0.6735310415611907,0.8731845555921974,0.6649191839677201,0.7141401447585314,0.8347867494144431,0.7189454045700601,0.663185800432243,0.6918665862000535,0.7041817018552244,0.6889406280953169,0.7390403467428093,0.6781672194712725,0.7147425419830984,0.8100734970818431,0.7679947808750354,0.6846144934543,0.7236821891196347,0.7440611136679603,0.6292035926289329,0.7190482202324677,0.6576909815791375,0.7902091463665726,0.727079852962209,0.765308520764825,0.657326702458185,0.6991466532636337,0.771518239405387,0.7048986520386736,0.667022276924007,0.703016609317492,0.6689289691234762,0.6173310308303488,0.8007366049587413,0.8068676259536391,0.7451818128989158
0.7606258961977045,0.894179593187591,0.8307002735804672,0.7715898136608785,0.6921581970007451,0.8062372672470892,0.8115375863705017,0.8490094734221243,0.685998075620253,0.0,0.8376603549456357,0.8593267767843408,0.8304076764695013,0.7279323256431511,0.8077663468287237,0.7890007413611718,0.7867324131390999,0.7806735608621052,0.7913992446174716,0.7503709761477695,0.7591570584938002,0.8291511774366104,0.8078393642100152,0.7635296147453874,0.9258628592877001,0.6899026024207889,0.7794555072918281,0.7786450545851619,0.9232303674945984,0.7296791480661887,0.8278434747384685,0.8379173334359404,0.792124993113648,0.7644221158118318,0.7677548960793352,0.8137789123815871,0.8171322218683474,0.7767236869344757,0.7885277516122704,0.7758330666318608,0.7742705231126481,0.773384898328843,0.765231048554154,0.7711926692484883,0.8354269730408705,0.7493738929392416,0.7106070948098243,0.7964587462716581,0.833726144586882,0.7351365410152276,0.755967241336093,0.69615079707823,0.7056294090372202,0.8271732178168645,0.8858987123828423,0.7621371769311265,0.7151137618674906,0.7935338053163774,0.800202266825241,0.7442033020756674,0.8191786925327916,0.6360042953840428,0.7168646523553146,0.7177665879729452,0.6554869942037033,0.6797457600000754,0.7483663695245802,0.7262156666966754,0.8112286557307841,0.849961028771292,0.6974854750752458,0.7093306141663122,0.6696998860805143,0.8000571935983721,0.807465946968871,0.7320483280795946,0.7568759536341148,0.7518854671394868,0.7021102843187653,0.633184106633546,0.7394221043880737,0.6864677429722237,0.7662296791597024,0.7813679174224937,0.6937669900385972,0.7787894027848238,0.7845661911576979,0.7340825027780454,0.7937513028092074,0.7169763950052896,0.7299810703168073,0.7490364194901443,0.8272681278632452,0.683145979155785,0.7153935232951366,0.8781610948080644,0.6446828247039493,0.7831699701461138,0.6113766106855474,0.7563844786838433,0.7520742974679319,0.7961218372401484,0.6999325487714586,0.8543287400304923,0.710574458916204,0.7150773802355214,0.763501554524511,0.8719551793549986,0.7902552203370785,0.8213368981086594,0.7970754745443643,0.6896197951433882,0.7537456495335886,0.7702264110667199,0.7169656501887278,0.7298176051396654,0.7885968540708325,0.8627033716966185,0.8235312992848194,0.6690061887730014,0.6606199411456405,0.7115142442187431,0.7016435389047481,0.7555520065393004,0.6421353240936756,0.8928845283752218,0.6458508929422896,0.7730950293599055,0.8797784991355618,0.7674888002607707,0.7870834212597965,0.6963419602869609,0.6624259913507364,0.6551510771586551,0.8004708907757303,0.6882697746869278,0.7689375261081891,0.7664258173301705,0.8422693352317037,0.8074631371669911,0.7927296137610901,0.7820483624438763,0.7545730036434852,0.7635690671509223,0.8217810472181621,0.7383610435161261,0.7213938696513729,0.8047682772938927,0.9392379633797662,0.6717759641745659,0.7173043460187855,0.847291539042304,0.7551550481613502,0.8145697229688076,0.8492008257837922,0.8067998523988766,0.7601814503725255,0.7755817087412283,0.7402115758608444,0.7120581701234712,0.858253160109452,0.7246136941827301,0.8719755788822124,0.7021838190672748
0.8976503483153879,0.8847215115329882,0.909196029084672,0.8174039269066228,0.8788784887551693,0.8999975986510689,0.8921102041275002,0.8261458370751599,0.7206977987414984,0.8376603549456357,0.0,0.9255811302200845,0.9332912535363941,0.7167808301933903,0.9004432050488019,0.9424489004978814,0.9496876490742857,0.8742441953409748,0.8584554961067696,0.8061941316870959,0.9249452503004709,0.9383925464098563,0.8432675182818423,0.9204568796925188,0.8857774520840237,0.8455834576974037,0.7552266663481123,0.8219783717022902,0.8929688356722868,0.8816498081057356,0.8133955794332701,0.8982619798785637,0.8368535701665781,0.7939924243777917,0.7826543103356041,0.8206024222814203,0.9347185333682998,0.8769878891038927,0.9112900235671788,0.8943367476736532,0.8738263409783509,0.8850492556903806,0.9062970746713467,0.9091036613924046,0.8248427856334821,0.8689295089730089,0.8179167812139718,0.938985836135198,0.9037517587475862,0.8695206343670266,0.9244289709796989,0.8595539856208191,0.8027801406080917,0.913125207031461,0.9252759681449781,0.7919317727177483,0.9017267409423251,0.9405118792337915,0.7569345922988001,0.829817203424279,0.8481556158043894,0.714242045166757,0.898526720529292,0.6774742666587064,0.771878176218498,0.795592650455665,0.7729483293610053,0.8499391222551059,0.7985478070503654,0.8845756110542919,0.8674048018423567,0.7211563093155815,0.7106390091266985,0.9381498916076919,0.8875605827574767,0.7518555526635844,0.9096375051026202,0.8981918029993661,0.8089219021800195,0.8064987415528141,0.8693171100250693,0.7876486795282913,0.9041210055431128,0.8198254484539472,0.8297308792391923,0.8562845962003492,0.8260176845944727,0.7351571141291362,0.7734734478242107,0.7676759262797275,0.9090615010856908,0.7176705370738573,0.9585949321352402,0.8201126747682964,0.8244781713979453,0.8549953868549854,0.6696901925293278,0.7306866652730374,0.6379344498336635,0.7663579053783082,0.7578447857545973,0.8546363020316271,0.6910433650153761,0.7403231666594419,0.7607740435817227,0.8602277073255704,0.864311782353872,0.8723439763158392,0.891042124999981,0.928155260777588,0.9192737779790993,0.8272766627066165,0.8175795083954525,0.7722307121032387,0.8413462996940826,0.8971887032736793,0.8090839296461361,0.8863607131261432,0.8875664724774471,0.6663433464267493,0.8634605534102967,0.7497550407862845,0.8098549845822841,0.9267909495288672,0.6990674097440494,0.9203593943700302,0.7081848284319032,0.8833977364843106,0.8537864707239685,0.8196712937236946,0.7566563272785406,0.864775690681067,0.7374353379085001,0.7682247272756381,0.8483128698921105,0.8348545148769323,0.8799271409705602,0.8592573567696447,0.8065561400382121,0.9190464930551626,0.7335277223596754,0.8476515543555821,0.8138858365873767,0.7643992628048684,0.9357258894080673,0.7557873360775919,0.8700086805797307,0.9014380037215105,0.8421947530938702,0.6943983052929966,0.8014921407486217,0.839708380813432,0.8838888838230664,0.8441268423620104,0.8957302216287742,0.8774785184549334,0.8989268928532123,0.9119883032026695,0.7480708387589307,0.8574787901338305,0.8093090233055595,0.7749559365888747,0.8527663761330381,0.927885072652968
0.8533510296494738,0.9115419742174767,0.8727508969633183,0.8226378456871932,0.8217066361288813,0.9393548593733897,0.8752088995037404,0.8596813696173725,0.7275565894791828,0.8593267767843408,0.9255811302200845,0.0,0.8579110385212186,0.662360262927666,0.8834789080388437,0.882695794576913,0.8864373731728935,0.7828048252660751,0.921698676173922,0.7877796265001364,0.911848808568237,0.879441678041017,0.8211579142300389,0.8874032713504928,0.9255337890291262,0.7886192368254608,0.6993645266070613,0.7926434134814626,0.8819343752183213,0.8549893878001712,0.886881438882797,0.8878105148082354,0.8524063247841558,0.8393677204006011,0.7820723940613543,0.8388431545055148,0.8875953322994873,0.8186239469063947,0.9265614185473166,0.8178646272703872,0.8829927625432981,0.86778730388148,0.8692364154641388,0.9154690920924864,0.8298776951009391,0.8369985399256843,0.8059182487607355,0.9030153128979778,0.8613325262005657,0.8221593240994417,0.8906103038243499,0.855308540977971,0.7745509135174299,0.9240719592303982,0.919490467742295,0.832625405408945,0.8573036364960926,0.9451474578601758,0.7140058076918475,0.8010268142165741,0.8357541603884051,0.6978172561295954,0.8646379165102921,0.6577457531230958,0.7429331729821728,0.7633408509883352,0.7274188458246342,0.7901633586111936,0.7131761565885903,0.8559370381307899,0.8182131146428523,0.6805633288085571,0.6774316333141425,0.8756035415704899,0.8589240645498885,0.7566414524669174,0.8368293989478546,0.8540882607763135,0.8128549194753547,0.7722681696057268,0.8638331303166786,0.7994928172204382,0.8823458925353255,0.7903409200282615,0.8157771070081062,0.8552061300035296,0.8339073811352171,0.7022845308578499,0.7882811213982366,0.7919928220938883,0.8481655383818059,0.791177020757184,0.915892293394379,0.800155056735822,0.7595550838661421,0.9046327896588351,0.6964912058147221,0.8171686835540823,0.6355542727293846,0.7667506712992354,0.7392619171634942,0.8377670252308489,0.7244278755664516,0.8205183329947444,0.7552125625981642,0.8223866185485297,0.8532747809151926,0.8798723273591788,0.8458440000456837,0.9260473214819387,0.9414118568688553,0.7922797119122522,0.7964148787059304,0.7307783599417913,0.8074779404117778,0.8481705067085265,0.8565483909071769,0.8553027011295222,0.8904660071493069,0.661198747136181,0.7820406643549994,0.7639532749333551,0.8072003161596591,0.9063290000554609,0.682706044010548,0.9440170436433153,0.6915480552870659,0.8691119922447959,0.89125463921458,0.7419349630084224,0.7774133078161547,0.8215932454464151,0.676356632806372,0.7763800627470138,0.8496269322438508,0.7736129429343253,0.8794661914582589,0.8112441553820627,0.7626789155792063,0.929727019308777,0.7497850037435526,0.8180941451162739,0.8166833911888226,0.7656227693571868,0.9067576122646838,0.7652534210260586,0.8773160780552124,0.8731099411875078,0.882919686713466,0.698159495766277,0.8228776740318985,0.8710603988454984,0.831422388408252,0.8083649204638065,0.9613253320143064,0.8492331638565559,0.8215482330750546,0.9092996657509005,0.7288252016018402,0.8008228033261006,0.7753468129883696,0.7951513524962411,0.9154650325347832,0.8578875625536703
