0,1,2,3,4,5,6,7,8,9,10,11,12,13,14,15,16,17,18,19,20,21,22,23,24,25,26,27,28,29,30,31,32,33,34,35,36,37,38,39,40,41,42,43,44,45,46,47,48,49,50,51,52,53,54,55,56,57,58,59,60,61,62,63,64,65,66,67,68,69,70,71,72,73,74,75,76,77,78,79,80,81,82,83,84,85,86,87,88,89,90,91,92,93,94,95,96,97,98,99,100,101,102,103,104,105,106,107,108,109,110,111,112,113,114,115,116,117,118,119,120,121,122,123,124,125,126,127,128,129,130,131,132,133,134,135,136,137,138,139,140,141,142,143,144,145,146,147,148,149,150,151,152,153,154,155,156,157,158,159,160,161,162,163
0.0,0.32007212508294136,0.31758055769539845,0.2890372542303517,0.3016087226152381,0.32046373503102166,0.27242551065188486,0.3102864672027442,0.3190904441268228,0.3393707412847713,0.3572530133436904,0.2966599297398476,0.4541569387715653,0.27876752924457476,0.32161910564856444,0.36361532256266027,0.3630787658513113,0.4538097380453732,0.2963452083188453,0.4439215666169997,0.352905313127326,0.33223513357874424,0.28933099944679097,0.32306113111112933,0.4325627846724207,0.2783817639251314,0.2746675770083622,0.3220037817795458,0.2691592018662593,0.2657625021123849,0.34299929496634485,0.3587150050010661,0.27330313085306807,0.29755838021666425,0.4211118087576855,0.289969057514266,0.43358040262889247,0.3252029229810657,0.2572506170567656,0.3677477876412918,0.2657371028815878,0.3380831080232173,0.33633155189199904,0.3596461799830451,0.3456973633259013,0.39386513456995115,0.2736043449987709,0.3492594348606978,0.3694714914555638,0.3489699253192666,0.35397953542830507,0.3368637967113921,0.270909959575193,0.30193322635793785,0.3004375572787468,0.3160718232094617,0.4188724167592145,0.31415216896516474,0.2990697532134193,0.34394771814251907,0.3102571139028413,0.24112284757172361,0.3324858339768523,0.24912035224630896,0.3095779745955307,0.3682064924298051,0.3381628084678706,0.32630558624037775,0.2829603126656092,0.3506014303143224,0.41095931745740316,0.32214577221938484,0.32907079738299083,0.35753027538515836,0.3390017156151677,0.35622471948870865,0.26854307127520805,0.2995149223403623,0.28802415629807615,0.2501540276125789,0.3029110575022732,0.3488482870830677,0.3055005978007347,0.3033145990230336,0.34466950023056664,0.3551211992288907,0.3365451553901217,0.3123485548621235,0.3806537662490183,0.28404261489069366,0.36132894888045064,0.3064676238056645,0.3363060254205913,0.3578992713923551,0.32934927550412196,0.29985019966602083,0.23125600411524624,0.30593079954883384,0.24357945107768578,0.36576552565467657,0.29205226039838644,0.28562501048801836,0.2711022844987575,0.27205486138083335,0.3558857426137876,0.3472358031294597,0.3198925028098022,0.3386504826006977,0.34249037524859816,0.35392877265076433,0.33672715615753984,0.3459338056564251,0.3410936736751277,0.2800205045650976,0.3309101502158355,0.3473359119536066,0.351757634205773,0.33725940345083083,0.2884086526570377,0.27548099306269624,0.3119363583027498,0.2443065461838887,0.3319471297925418,0.38624162270971546,0.28743571597912687,0.30573387890576487,0.2426642644740552,0.2721522417294079,0.29362647104986606,0.33114110426923626,0.27144485972604365,0.294149044480833,0.2713098959914275,0.29611050646530934,0.32720225293010075,0.3022209637448596,0.3179546475648871,0.3465515224199958,0.3207950415591076,0.32908424701756345,0.2698495353071631,0.3081723721391528,0.3572661181802261,0.2769668970486245,0.34963250406290974,0.29880658507503954,0.2926543125788512,0.27454498970323254,0.3779359789829999,0.1989912419523948,0.40627013348621654,0.28367698111791856,0.33090509316638456,0.24061689074852788,0.33865240775415556,0.38058603010758496,0.29841557950929687,0.3369951755665625,0.30333623996234843,0.3121364530063061,0.27481570621188917,0.35772817348588004,0.23722787262956807,0.4229349080348576
0.32007212508294136,0.0,0.319683978806115,0.30480715920669305,0.2686189075713074,0.39705429479804527,0.2819470366701352,0.3716737082274136,0.3164094284157973,0.40666925300681084,0.3076130996202235,0.33020943870345043,0.31729112539212095,0.3068650836408895,0.33961877460828166,0.30229542816594307,0.308757924751275,0.2988146919114161,0.2874771114023255,0.32046716910580775,0.3154137088707143,0.38710312951161513,0.26487005196388913,0.3252171816321942,0.34759189684501474,0.24554719327131286,0.2614900004118654,0.2940054558211748,0.38125563896519543,0.24743514561867538,0.37674218680417215,0.29875780424156867,0.35758265324812055,0.25542469046619576,0.33079065652061385,0.28597041520385685,0.3001264478627484,0.30719822135983765,0.2983990152454324,0.31172452287934826,0.32593344489560006,0.341110968423767,0.23668177746893604,0.3029904595056072,0.3454000587332795,0.2914332177709777,0.2633358955982356,0.2648188750737838,0.29036829174892614,0.2798427782649771,0.29216218689630913,0.3000286440088532,0.3217674687092935,0.3619205464881564,0.30371260348727835,0.36153838989438003,0.3132422414938755,0.2983079291619446,0.28691603113207015,0.31365270014212926,0.3410461826917461,0.22074727770707903,0.2677382661929136,0.22660930887096842,0.26986954728849805,0.2733381293329914,0.30424835886382545,0.2769515985466303,0.23371424827031798,0.3329109006317443,0.3142007625102097,0.30006982941425003,0.25139562381535957,0.3138561051957517,0.3502730648639787,0.28812400025698254,0.25205080838638183,0.3385403170649329,0.26252955373002657,0.2494258271035496,0.2991506831768831,0.3083238197837726,0.380974489693938,0.2829367821654136,0.28274734816229036,0.3941973110490315,0.27863945725762673,0.24271913867809705,0.30035663775065147,0.3453923146073385,0.268519877963233,0.31401808926002905,0.3129547287271615,0.3088393197099164,0.3128350841935141,0.38437108625956734,0.2702164512042792,0.30910383398206975,0.2332049658996105,0.32358375557687136,0.30471071747970335,0.23517039905155446,0.2124825599342247,0.2852882855699388,0.28009271522176343,0.2858672757465926,0.2659727218757029,0.37307179920196953,0.31116028057539413,0.3548319917564557,0.2822101455535425,0.2604108864486866,0.28904951715902755,0.28058526393804073,0.3164158871838334,0.4276381775568471,0.32242596342297314,0.24129256403891547,0.26957680321924904,0.28049395250564896,0.30306965690273213,0.2621852300863611,0.27971255356498975,0.3819418614539136,0.29177905906315693,0.3788101300823027,0.25009375321061483,0.3161022958259067,0.33006130160451147,0.2893600486244819,0.32872193570645875,0.29977169254882685,0.2601245524029033,0.3402975826687544,0.3043447910088405,0.28381454401834966,0.2909906957828591,0.31507803891440006,0.28775592680048084,0.2833371328605787,0.3005684399219519,0.3100941103609946,0.36907096625361285,0.27082598975017663,0.3334195555799097,0.2439860036270313,0.34854733904300655,0.31183841108348404,0.3656129768943469,0.21193508641143044,0.29575336857066753,0.3177264081118144,0.27759590914059123,0.27446621551781114,0.3197067802300869,0.3460808256592731,0.2890776579193462,0.3796710078765005,0.29336352793826964,0.2597796659099283,0.29586411702243776,0.34870172869621413,0.2545590542754187,0.3274899489994357
0.31758055769539845,0.319683978806115,0.0,0.29262684157529745,0.3121048851312738,0.3151824631775616,0.26033744583436397,0.3216181879232164,0.27143818215281884,0.38318602282490305,0.32531063280260414,0.284734543700264,0.34811937246060853,0.25892877172599216,0.30582722342585056,0.36264290697096835,0.345798282918867,0.33294357888814696,0.250047215230958,0.26825890787899104,0.36773565090304194,0.4347714237198433,0.25252656347077723,0.2912069870146298,0.3103670922741343,0.30051499625138567,0.2578191255953192,0.2744044167118158,0.25883434290578833,0.24717760182961782,0.272663453398505,0.3113942572514626,0.2713957024788082,0.24162347041195756,0.268595788308426,0.2885492672125507,0.3211614356306268,0.2911897376362144,0.25559513622537,0.3199285599853305,0.27285644082354454,0.3501331792755735,0.283417687647803,0.28724908955584777,0.32939145161840605,0.306266809053735,0.27406145108057417,0.2952918458386128,0.2945117751930032,0.29224092672472995,0.31549003760287553,0.32707476159032617,0.23097675426636163,0.33172545028444095,0.29193263283398435,0.27038488164616314,0.2862854210645845,0.31440904186182017,0.27740355751680684,0.284083912405973,0.28021951490542374,0.23103337448188654,0.3235874894058156,0.2342305165911626,0.26570840196912954,0.29021742894719527,0.2853619691735837,0.3287154774670283,0.29766275916837925,0.3233864239071362,0.3584644392399014,0.2530567006192471,0.2693601975392171,0.4121778371931655,0.33322606347557127,0.2303270999531419,0.29416227035726356,0.3100819838675098,0.24379905324797976,0.20457334464076385,0.28468691101813476,0.32513160829618787,0.3024317676181763,0.2672181648692329,0.2764244395205496,0.3491606158715654,0.2559577875376482,0.2372514991185177,0.2809044999888944,0.24861289414362733,0.320120334843272,0.2532239387856256,0.28497680374686385,0.23653853025845883,0.3034063858451384,0.28544172831897535,0.2357015854031233,0.29139876632233297,0.21919175145446063,0.3052695377911829,0.2203757762713111,0.2759823245168423,0.22945103949784193,0.2811568826304794,0.28736403177311415,0.3458956851083567,0.29417200252663994,0.29179449779343813,0.30164875640256067,0.324131693256809,0.2907423204043959,0.2673450652210893,0.2740904808260809,0.25276880764069004,0.2635298815695966,0.3378734944579592,0.24477415187044427,0.29601720270835535,0.29714868731701566,0.2674388847880189,0.2918677292748127,0.23821315249444389,0.24333712336774455,0.32103099021907067,0.2141344078049807,0.3075398333686886,0.24646541011948647,0.29428922368197846,0.3047174259496833,0.3056076776222492,0.27139367094478567,0.38438985110145046,0.21224142903672855,0.24610609855136598,0.29079151601833,0.24333260404578916,0.22715179446547212,0.27834676309213874,0.2990737890629606,0.264954393800635,0.24162181671488234,0.2804569383351687,0.3018115298403046,0.2875480082255,0.2916413279718744,0.23542394593794194,0.3332941517267984,0.28069538587753595,0.33916939579644806,0.2044115368566203,0.2508649719732111,0.2227659681169049,0.2810070039585459,0.30018234299752233,0.31129288569043734,0.3016810321185307,0.276606818491986,0.3518319225142185,0.21432621438675353,0.25854465980217933,0.31086623703712946,0.2300695801084696,0.24082233776612424,0.3114624578907855
0.2890372542303517,0.30480715920669305,0.29262684157529745,0.0,0.2761787935558517,0.27828062309578355,0.30630202934311457,0.29203202169427,0.24760769603723728,0.3124199660655724,0.32233615804679855,0.28963500537462655,0.2904310400391189,0.27771550144856577,0.36158922576132535,0.2848579152801954,0.32218267004213186,0.3214322582782689,0.2889789116510213,0.2656086792240228,0.3444984569127213,0.30604049092319324,0.27283885309647055,0.26879884726103154,0.3037551219838078,0.29094304862787435,0.28669899763855483,0.28405730298293735,0.28925046769339785,0.2151730666524259,0.29644082192293214,0.27806479549394053,0.4166351735066744,0.2604870784904812,0.29322228336292144,0.3112793731093977,0.2925191269110993,0.2982323664418622,0.30530347434755095,0.34729655446472013,0.3152743433288493,0.2826383269728528,0.2826160733845039,0.32794856869641237,0.2991576869142638,0.3275085045237255,0.206378895270307,0.2827753521302261,0.2966200403293192,0.2985671847406563,0.39331037988364403,0.3197987945275337,0.2944379763865089,0.4385521085607965,0.3427737848551084,0.2477438455085854,0.3446091083249886,0.30252976724102343,0.3086306845733547,0.3352830252385091,0.34076243515599214,0.2433752064963281,0.3155986003596652,0.22526081558834993,0.3133487900627809,0.31857949683827796,0.34407426818985376,0.24452648736171792,0.2735031677493136,0.2967534339430891,0.3041636077005693,0.2858079609024467,0.26917819184322056,0.40942955846009976,0.31592321105862103,0.25435591817455677,0.33392411737650785,0.3335357598805244,0.27268544618487767,0.2144924785593838,0.2667344257574338,0.36686845122775147,0.26054249394562073,0.2567004271657123,0.34179277613568076,0.278684349638254,0.293659685771215,0.3024233002922453,0.30055206394239936,0.2468493735864225,0.3275712205143005,0.29654606378358217,0.31497635937664065,0.27983571435371113,0.3472242588562597,0.2749565522156493,0.2509909676946314,0.27429134947330097,0.24067399461791342,0.3207286462292152,0.27583305503580313,0.31019991768951816,0.30262853071212514,0.2707221077094312,0.3138292016947204,0.28131930104352226,0.3238540330791849,0.26180241678671573,0.31721060814405133,0.27065019661078066,0.3393164355113478,0.3012940850382334,0.315669684308106,0.3186242627579003,0.312306498033208,0.2871476097359712,0.2861173951980046,0.2548947544252456,0.2882296446541964,0.292015731124032,0.3010071322897762,0.3064599666802537,0.2522531657260821,0.32581307691583966,0.23732998373941847,0.304800660349728,0.2717241707052294,0.2880163584938963,0.3134150673828556,0.340345682403932,0.22857857439758922,0.3088249763649433,0.26808376801650147,0.29363911746802956,0.2967559037798426,0.24704317959514363,0.19982805844060286,0.3272439948779767,0.31041307695181153,0.3056785865805761,0.3491064011089952,0.2800974803036503,0.3695084922823337,0.30355303732764055,0.3029731089437704,0.2420438605056537,0.2814594988690123,0.28679114568557673,0.26316127794302135,0.19395541266275834,0.3224491882515191,0.30106810695114333,0.3218590155694659,0.24273596403866188,0.3182325857175407,0.3041550192048668,0.2606557612973026,0.3053244391514046,0.35084091174587495,0.28491726035462,0.306301475615689,0.2732124284083569,0.2765276657967619,0.30515307776886064
0.3016087226152381,0.2686189075713074,0.3121048851312738,0.2761787935558517,0.0,0.2408648151442389,0.31088718539480376,0.25017606154013705,0.25744311708847945,0.3088346670190459,0.2914728476032099,0.253934186500072,0.26154450238381965,0.2558159827792426,0.3145909229658152,0.2940758375669148,0.3007324097386791,0.3323037497654683,0.23382486422480664,0.2505659052922553,0.32186597037523146,0.31324103395229785,0.3003820140713161,0.2658502849119249,0.2805178094558341,0.2637520723844671,0.26503035321428037,0.23335261954780628,0.24494067797410868,0.2657420742080808,0.28222528244046696,0.25404455379133783,0.2608548995333234,0.23115972057233863,0.321383072503261,0.2997006712684092,0.28985398237372256,0.2727407841365869,0.267829182169466,0.29321833327786545,0.27355209389498747,0.3373167452603271,0.2944643271162397,0.3168989317620063,0.2524259578349131,0.28150006527949206,0.27890993861542623,0.2953234342347044,0.31385070644773544,0.30079890005850984,0.31756486746692003,0.2692494626970226,0.2576449393049966,0.28004576437152634,0.2786553924909355,0.24722470648131126,0.26411838146388084,0.32212525396464864,0.27062916459387865,0.2780958306010098,0.22225090241601372,0.23061829753633312,0.2618315641027219,0.24994022452915673,0.28625123388926255,0.23569741071709902,0.2580534710207654,0.27552683429976665,0.260190339051081,0.2919121039724644,0.3069702747666194,0.27602203023347727,0.23628910030325231,0.29849980304554347,0.25513156406425636,0.23359174312812697,0.2627178555328942,0.40212983329829677,0.23186109618518322,0.21111777631355189,0.2570677508557888,0.3202052703829296,0.28888521889404456,0.21197655447064642,0.27630040072976486,0.2557461419462345,0.2519143570607487,0.2650929874155435,0.2527580185873003,0.2263217736144528,0.41965754425884577,0.31275517113446266,0.3431432382242703,0.21983749571196448,0.30663608792754,0.25674565250145187,0.19684729521998515,0.2516147514226457,0.2535597773647103,0.2533797683250968,0.2338857056261865,0.2547451299937843,0.2644193024457002,0.2565814208036197,0.27226533963260535,0.2839990457317231,0.2566001823308971,0.28088473506265615,0.3282248550539874,0.2721081568183833,0.28263182378277957,0.30900770557652407,0.2453391817748263,0.2805335287334469,0.24823112858950688,0.2693121446935799,0.24310097421134122,0.2840892613913429,0.24195595506797737,0.27665121490324784,0.352917932449641,0.2500048467103422,0.22993273670189485,0.3265969824049671,0.23840947258055267,0.2546465874023809,0.2409604409301483,0.27390943078629715,0.25279438817674826,0.2861141224951283,0.2445732278635419,0.2696483666089848,0.20510877289012067,0.25407609569905404,0.2547901083881017,0.2629640566450718,0.22029215976546515,0.32967114096361133,0.27770810393210915,0.30930771996344836,0.22694851418914305,0.28516686278938147,0.33000291209244903,0.2883833771625238,0.29937905947392873,0.25088628360570786,0.2928156117512936,0.2820463297908316,0.274117119116322,0.19653424723487198,0.25185332508733643,0.2515215545863272,0.30134734821918685,0.2807379216181504,0.2985710651616699,0.2865540426960343,0.21879057844773767,0.3051301998536729,0.24133197304759393,0.24794921947796464,0.2612749271552094,0.25021709763316274,0.26171542016570243,0.34129471000905764
0.32046373503102166,0.39705429479804527,0.3151824631775616,0.27828062309578355,0.2408648151442389,0.0,0.23677928077459745,0.32366615054209813,0.2957016936283697,0.2963310236446063,0.31309301299470177,0.32143747813594825,0.343978174839496,0.23791571439135686,0.30069121161680673,0.3187384354246671,0.2910442533194936,0.24341828443156682,0.2801846240127799,0.30799774901787197,0.31726501072134117,0.3328560681529689,0.20373754369139724,0.26547218393543576,0.3244672145443303,0.23605033551566176,0.2236044415291935,0.25774166844581253,0.2899479715466629,0.24377035357487392,0.33544504517980755,0.3285520939523038,0.3291702084470778,0.2394034720999044,0.2828452667851208,0.2546490794586606,0.31679056707770503,0.2757076525367137,0.2716681923688561,0.24563806801144233,0.2736821263405698,0.31560848231231853,0.24591486475894708,0.3275364265133292,0.2806654552533637,0.2613287643703443,0.23638853166685264,0.2879515831194086,0.22907411006669187,0.27068171777832595,0.2846683810309812,0.3212631322098352,0.25727263624781566,0.32420523778787386,0.2682251473775006,0.34030609223752384,0.28998443835760757,0.3506236552705493,0.2210151832743399,0.25707234390462264,0.35888217808405315,0.24108309338234013,0.30629980368142373,0.19594727954950736,0.2506277259296673,0.2691502154040057,0.2853052467374772,0.2967889081002947,0.21411548328938723,0.30335186152137417,0.32117071779599915,0.23442912921025197,0.2670792915160511,0.2911827866741356,0.35590329810622795,0.2630660330148238,0.25070017095558483,0.2772431961532253,0.2409273523025581,0.28632976927319725,0.3386873164872674,0.300469728515336,0.30913307144723823,0.29305443277592935,0.274599450655291,0.31425119471373514,0.3283054409220088,0.2310053165650775,0.29523342474326386,0.2948700219336997,0.2718370985583724,0.3045692988327334,0.27978782360479726,0.27749773926528726,0.2600951682920168,0.36472275753480865,0.2756828431378529,0.30492276378533445,0.21457286046799068,0.2790679952672054,0.2615359428749482,0.23742269334078686,0.22015598448811743,0.25525574593127065,0.28475999617132564,0.3034802265067159,0.2806143406857442,0.29754848727691885,0.25176524917325377,0.31803488571321326,0.28347128544273126,0.24062124158959733,0.3397578887273301,0.2769885828684047,0.27028547794805663,0.33176697874569816,0.2982980904592212,0.22603706079965097,0.29670042293902,0.2655264490884417,0.2675631227432572,0.26960620229842736,0.28674726055767485,0.34199275916264127,0.2914605914522572,0.3343050133074894,0.25096994876556383,0.2698527025548622,0.28671886615451664,0.2429903314287472,0.29845237336997404,0.3745675640030458,0.2652419769390106,0.3074494739045605,0.31085883414387194,0.2657947642415105,0.2680802035748494,0.24633006479622746,0.2347631486198524,0.26232493840076354,0.28539373809446683,0.3019677550665034,0.28816078991888244,0.26231363814600195,0.3109640216840679,0.2313435974146853,0.33612011936925273,0.2880770740033264,0.30823706547436286,0.20550434695254802,0.2894424199247127,0.26811710399932787,0.23767690689126048,0.22516528784808684,0.32646263954128163,0.3304205035013557,0.28005459144943473,0.3658515142518532,0.2575401538681689,0.2639662152103012,0.24451903999706007,0.32199336167924925,0.23774910408068792,0.30706614545032773
0.27242551065188486,0.2819470366701352,0.26033744583436397,0.30630202934311457,0.31088718539480376,0.23677928077459745,0.0,0.23214435072946044,0.23211143743728524,0.3080698686871447,0.26862733554348156,0.28768226290671667,0.27379584601419454,0.2678653001337105,0.3554003951727192,0.24269030334345718,0.25474878409603563,0.2874027809838814,0.2569506500481683,0.22006171721259457,0.26801328148332976,0.2957878116590612,0.35339770083883176,0.2871475376838812,0.2918172306630345,0.26086243544326837,0.2648002498501204,0.23888856688418664,0.2636602058222917,0.24388253685344474,0.27605332176128705,0.2849412437892884,0.2947484630529046,0.26974878640337097,0.25752706126895797,0.24944914269581792,0.2978357312695812,0.22683846939587451,0.2648089566408669,0.3318433236014585,0.26285969105916007,0.28835184521078133,0.2675470929716277,0.2811672528168488,0.2787378417660651,0.27835499142921916,0.27551803121357626,0.2438704830763347,0.39200016344001676,0.2469241324177709,0.3303067614713092,0.24275582826911624,0.2348903093919547,0.2985647627215555,0.310239069710831,0.25201811623415504,0.2531163316168395,0.2560938578159326,0.3171756479455384,0.2606658151186498,0.22142524975470243,0.22112025049910908,0.22259627332035792,0.23450087334286696,0.2557421064257031,0.22282751872667142,0.30028401761124224,0.30286834560206943,0.25250678520453357,0.2461978120337861,0.28294140314580296,0.24535735718725532,0.22771920153143776,0.3203886193751821,0.21136794744903847,0.25607199126823343,0.3415370998424511,0.3474157674758181,0.2135551895741433,0.2062664321560901,0.2339666704265077,0.2931423757823693,0.27635426816910114,0.18994383916623483,0.2422337724518794,0.24079612246637838,0.2248086890874486,0.28438388306437773,0.26520004339459685,0.2317160289450787,0.3073709877752193,0.34444761391531137,0.2943337630657662,0.23700234333501088,0.28281383885232775,0.28353115158129916,0.19143015820031264,0.2662216083327699,0.23450438914907476,0.2988888051982194,0.24447821035632994,0.26470870080126896,0.2787358875518503,0.25446118047881766,0.23134939041283017,0.2600644371429735,0.23214536144463788,0.2522441404618662,0.3215979036344085,0.2760172516382997,0.34298850585283236,0.2511991949647202,0.24907552206658362,0.23129787490676082,0.2327777492136189,0.2581236916307835,0.2442846694241759,0.2953732594870149,0.2509360916736691,0.23441356906266705,0.26176915738182777,0.22367456084377563,0.21150367326307135,0.3322745368668206,0.21540009674115132,0.2839293572155073,0.23497466538311568,0.28481525904792154,0.23489936626656174,0.2733122710970782,0.21492698880761496,0.2183421320091191,0.2047146460880347,0.22465826139082318,0.22288116536479505,0.240352445751995,0.2193049704108517,0.30055708854117835,0.2605351525283189,0.2749912345868464,0.251744143638306,0.24747044867864254,0.32446057530102007,0.24336764168560948,0.2645189508924733,0.2867053562719972,0.2641688542519465,0.2853790386486388,0.2504276935732273,0.16974771574422517,0.24721936148986418,0.26449701981319684,0.2583881881158926,0.3128720535120596,0.29450366668963046,0.2774823527586269,0.2570009651543081,0.29788109119206935,0.28179719379466206,0.2902799979521071,0.2607714381330438,0.23522403725139468,0.24505299209315684,0.27443529519080345
0.3102864672027442,0.3716737082274136,0.3216181879232164,0.29203202169427,0.25017606154013705,0.32366615054209813,0.23214435072946044,0.0,0.3413639994658619,0.3361485949330857,0.28711205304041176,0.34253059076010045,0.3233632892761945,0.24286089468490438,0.3048708920861777,0.33233872584781937,0.31826974823745086,0.29836823304521204,0.2889749963317648,0.3060361957623322,0.3326786149607641,0.2934846101719174,0.24798287288447676,0.26410382486426426,0.32888968235353183,0.2581169257087764,0.2900040569160096,0.2900453499117359,0.24957898855427987,0.27002288057192864,0.40313340547435617,0.29616469221690556,0.31287299335484353,0.25677711257024416,0.2932667585656864,0.3006792327032405,0.31400603132219845,0.36096872735248314,0.30139303542330115,0.28865605626042357,0.29967378423983987,0.29992510752796236,0.28104520199164873,0.2797788371689024,0.36929449329269765,0.3182494655889457,0.25335809618089516,0.26343767286695086,0.2738542361459782,0.29150483945358296,0.29121656311328303,0.2874789353442107,0.26554874718778954,0.29262272454096416,0.28171786765162815,0.2926775092768822,0.3147076825592616,0.39170522206011393,0.2662271005438755,0.29247549012887747,0.3609687268861183,0.22509420063747468,0.3115250565114589,0.2305674369530238,0.25271487294303907,0.2770527868925363,0.28291244369167395,0.2634474966676377,0.2715542134758312,0.4485165818601769,0.30150653954381773,0.27959427190792446,0.25777018601779317,0.3295205828424657,0.40770646002249017,0.25761943548399635,0.27700895550662624,0.28261470327534544,0.33569738713002184,0.21394157544281542,0.27897983008517935,0.3098898255284734,0.32983527209666563,0.31946841632595324,0.3213960383503161,0.4280515307112941,0.36302299112682307,0.260595720399395,0.3581120123853624,0.30668744916802576,0.2852752111066106,0.28409499298950025,0.2840715856008747,0.26613325305858965,0.2999626832240552,0.32143616973461747,0.28169610238654275,0.310761432102931,0.21825538762468902,0.32264422025324974,0.25188917474314776,0.31266451096164705,0.24260912939532714,0.3081310009088898,0.32838525696293625,0.3388311880891665,0.3073086857334003,0.3521210688774643,0.29343133053018094,0.2911839543709373,0.2570517529904582,0.2832342593839768,0.28357073788837744,0.3224584031837322,0.30778047056326485,0.3624441237199988,0.3121839299818444,0.2511384576930157,0.2461512810258384,0.27513173544295494,0.28992057524554077,0.35236516928474393,0.24929405469151464,0.324978785901738,0.2462892898647025,0.31562633113589506,0.23856609133738166,0.3377060679987811,0.30530874952424847,0.2885709637321315,0.3453458541635511,0.32528814857218097,0.2784725360918187,0.27957593836531874,0.30798841133534416,0.23685060115894632,0.27092893489011544,0.28647862000680474,0.2940761331764235,0.3224049438078418,0.27032893768056726,0.2618592796015277,0.32375803831943983,0.2736926326459726,0.32087457815452664,0.2638596139649767,0.3640215015040954,0.30146914636963007,0.35384822060213655,0.21786786081261356,0.33202863870991933,0.2886540454270515,0.28282268413990946,0.25716588342974295,0.38359370770365014,0.35178082861976495,0.26191337070132154,0.3673691487787367,0.23228032140896276,0.2480739754718788,0.2697318969136659,0.29659685789628315,0.2673735540530779,0.3049841534721492
0.3190904441268228,0.3164094284157973,0.27143818215281884,0.24760769603723728,0.25744311708847945,0.2957016936283697,0.23211143743728524,0.3413639994658619,0.0,0.2777536346793384,0.2515461784863759,0.2906012677582323,0.2588008911868324,0.27206700887361257,0.2809613981452576,0.2776162326752025,0.2617252027695253,0.2945347019733861,0.25309848248412153,0.2926186634008306,0.2737549918052898,0.33552757424212276,0.21719557472835996,0.23525269320863718,0.2845638094857089,0.2283117018248673,0.26272307792827215,0.2486799692741625,0.23708417696799355,0.32309464511596875,0.3780538058739762,0.27285003753072595,0.27376926711042837,0.21981733024800013,0.2878058654646152,0.24973449610468776,0.2641305485012413,0.34818414992617,0.2728359561979514,0.24413509932990507,0.2492951038350568,0.34772981932978303,0.24524864205416697,0.2678129403557932,0.2775831913447328,0.26336679024014925,0.23842621966240707,0.23083101265523837,0.24657663180217929,0.2655814040947244,0.2565052873098679,0.25426029946095996,0.27351948844237,0.262475255484632,0.24108185267809573,0.3531772577836441,0.2882257863061511,0.30745222924566956,0.23887882579461855,0.24162116396369981,0.25862860908917257,0.2472172135320789,0.26291901871220075,0.2277562497933239,0.2756660358403458,0.2539208169961258,0.28072600266119707,0.28019937675915,0.24286657481791912,0.3278400558549258,0.3306777288639882,0.2691395719276582,0.2726396026882307,0.25961998685498494,0.3377124093615444,0.25824220018805155,0.22748997075707883,0.24789275461540325,0.2744337325752336,0.2287128479186375,0.28089142512810694,0.364850991454229,0.38035921229953273,0.25928981738946083,0.2956101445816199,0.36384709492143724,0.29165850775124863,0.2709730995038354,0.28692321296003837,0.38974356203234023,0.28862896175088676,0.3216636313378255,0.25916219495552023,0.25184139724663507,0.3287639946643221,0.3349965860283661,0.29003288484568146,0.28316842853520263,0.2655400076059544,0.255015550572426,0.27336636263597425,0.23297460070878587,0.24148760170351533,0.26171623081417433,0.3099999851495583,0.27215401695520747,0.2355131645609808,0.29377921269002866,0.24589438856600976,0.24196698288098345,0.22792927615046427,0.2946448143386897,0.2731172616968188,0.3506856466421076,0.26214204368658056,0.3067656038341167,0.28089320312210825,0.24194309394966132,0.20762620328966017,0.2962773336367327,0.28808503773832383,0.2842425256370211,0.2462382774908529,0.30722176945094515,0.3410557473393088,0.2670494478836928,0.24679554440027593,0.2633355737463835,0.23966759927479478,0.2799745743155956,0.43662838001327764,0.32403252638675356,0.2600319860497381,0.3556371367047625,0.26730939760382033,0.26951676007005915,0.27004480179874807,0.2567645746506278,0.26352886990598196,0.3151419346230366,0.2662399056807208,0.2820224680026232,0.3150479311733136,0.3119504210118695,0.29398628580348857,0.2550839283989258,0.4238197705286317,0.27766409087493393,0.30930136830982735,0.21612538997950995,0.3108289508493049,0.2859024615964825,0.26246965431964814,0.24708073080865967,0.30191745117233026,0.33055328764012487,0.23995997583483394,0.30821213404961206,0.25536972969923943,0.24799045786350474,0.2382830773917566,0.3204289423416816,0.31145638667387715,0.31525000373611384
0.3393707412847713,0.40666925300681084,0.38318602282490305,0.3124199660655724,0.3088346670190459,0.2963310236446063,0.3080698686871447,0.3361485949330857,0.2777536346793384,0.0,0.2876442295816059,0.2839874399624367,0.3363505074001347,0.28951633682728656,0.32220842453933923,0.3129370307095423,0.32467206915101265,0.3715463926599307,0.2623738073532538,0.2785536501374012,0.3094164458236392,0.326067209296538,0.3251710341664206,0.28401133608098045,0.4112920097139936,0.26009840394557987,0.2875532793640966,0.28838319419708114,0.3320195330548668,0.25072002023502366,0.34512919501724043,0.31887525812258494,0.2686067604057577,0.2651864315549596,0.318377919796529,0.27551103917468245,0.34868660846663396,0.27875373956706256,0.24416807740639176,0.3352134728682259,0.2518004955552747,0.36203908912331934,0.28008643731807686,0.28542516573974697,0.33229974661194017,0.31062611787585004,0.26844817753108374,0.28030906573225217,0.36568834441273285,0.2585911811731335,0.3088989098952815,0.2759179470898123,0.2560936009809134,0.32232501089939586,0.3198368699864999,0.32236809595549965,0.2843249115191373,0.27660075062801814,0.32605539405168665,0.2917536408585607,0.29983642478477524,0.22418571053641004,0.26032470524680557,0.23187427213879905,0.27471921687372713,0.2767350347666252,0.29503286431365794,0.30496484317641154,0.28408525009090596,0.3539721970798729,0.3048642370981712,0.31851883729005054,0.24469460369090903,0.3547066915496609,0.296063136822835,0.29418314987519106,0.27696585677233715,0.3641680584550779,0.2430789123482187,0.23285020916196664,0.28969230260923584,0.3052106001844209,0.35140893985527355,0.263828443003917,0.28904318641469634,0.32153017508813786,0.2848555946416332,0.2806930998446459,0.339236844104085,0.2630497360715653,0.29564510275653333,0.2993947894607004,0.309859442811512,0.2513459150713255,0.3224109122454675,0.33100305251128015,0.21323786126205305,0.3139793964706291,0.23915005579123155,0.33752986889639325,0.2697878352622445,0.2794405545314463,0.24694044612757463,0.31579223294483794,0.2748773188789396,0.3007712372412348,0.27831413125087334,0.3769117498762378,0.3218929013251194,0.3385382573389796,0.2873402355298117,0.2687830936836581,0.28987720098211933,0.28831129711238473,0.27590386758371843,0.33861851796500675,0.30886471716942104,0.3166580292499339,0.27560675117730243,0.29283347765946444,0.2750403166249744,0.25480346285659233,0.24682532432685383,0.35705174556211505,0.2415110769625441,0.3410331325711971,0.24248157417659066,0.29488161541106606,0.3247102477197423,0.3134898497681357,0.3216209529144222,0.2783816959956065,0.24675624075298438,0.2460152543643099,0.26499899202304733,0.2531262710595144,0.26332340440707963,0.32044849803281744,0.3183662149302531,0.2926589438378337,0.27670394322414704,0.3071617840085956,0.35612331525405194,0.2576608282116378,0.30809050431545826,0.2722790135914448,0.271629353336689,0.33218017081669854,0.41374550642865854,0.19883846280950368,0.2685014683655965,0.30480747394965,0.2664265140588961,0.2967952695623436,0.32169068465650785,0.3283878786215211,0.2535638040749219,0.38411466532886424,0.276312399230289,0.2961059876674649,0.36248829473314415,0.30533443587215664,0.26888392736953975,0.2967953992202592
0.3572530133436904,0.3076130996202235,0.32531063280260414,0.32233615804679855,0.2914728476032099,0.31309301299470177,0.26862733554348156,0.28711205304041176,0.2515461784863759,0.2876442295816059,0.0,0.32469328804087555,0.35916532847417965,0.2537935221096999,0.30338232991324976,0.38051141778420866,0.34869249230431193,0.3226576199269463,0.2948761490670699,0.30901971604845924,0.3467966516185121,0.34897697609375156,0.26350785205598976,0.3313732129837072,0.34777619309866153,0.2974123802685536,0.28068210143080635,0.3317936564390896,0.3173554239075397,0.2605434690831087,0.2933997207405642,0.31498547942569993,0.283457059404567,0.25292100350889923,0.31307196670557846,0.2873015501592372,0.38110381586633924,0.3060307983125404,0.3289568862135636,0.3153441573853957,0.27898062323882344,0.29462006515290473,0.28901973223299116,0.3627514803417888,0.29069209164175114,0.2904570337616101,0.20517765000094604,0.39901438945697537,0.32630776340335166,0.2691805381671005,0.33805320094221636,0.2832703649889085,0.24342758525359123,0.3549058121324013,0.35996525916498756,0.24190145979127312,0.3475155689494002,0.35194007843196173,0.27621182436491415,0.2952737615093695,0.35172086345862774,0.20183621380632968,0.3156067924066382,0.22092535563220636,0.23842874950581022,0.28173859967974274,0.31785512783816766,0.27391732270546687,0.2745159451920141,0.3293052094911288,0.31561042696343583,0.2582582689213985,0.28237708081978147,0.3665701989457639,0.33553924730983314,0.2809183378542815,0.3371387203628704,0.3075745212971542,0.2578410946683738,0.245205770333497,0.2926454029993372,0.272641633181644,0.2814630766406837,0.29281397108591195,0.27597449978842475,0.2867372807616122,0.3264903914604035,0.25089323296112204,0.2799079623667203,0.25640398782623897,0.34429607100245874,0.22970267601322772,0.34662177264490107,0.3135824735949085,0.2779711314295754,0.2947606887834883,0.2256914702019133,0.23478864121204285,0.2069576574522683,0.2746835812049698,0.2977771825625943,0.29184065546306376,0.23670101386150383,0.23795852915025925,0.27997980970285263,0.26409939520608494,0.27194523729458125,0.29723159309487845,0.2766121003160433,0.342813638679283,0.3744432081533363,0.2692785009878993,0.29210860327460686,0.28591837653324675,0.2975242809728959,0.30971801014657196,0.2861966353738761,0.2987850535965935,0.29123598499404496,0.25472006272137215,0.31587877099363265,0.24090408197143168,0.26895302356471473,0.36969458508600067,0.25165471311182014,0.35725216114744335,0.20691814024603822,0.2887993937514975,0.2909022766415685,0.27530692039655846,0.23084459126872406,0.3236152165633302,0.29823782719893865,0.2827390373814571,0.3816583284046795,0.2691438532687048,0.2601912833007712,0.2848822541716974,0.29659093940370146,0.3037903786273045,0.2954873662427201,0.28256694180783626,0.2673359986701064,0.25791824857223195,0.38481144896395014,0.2206419249154173,0.27213321946403457,0.27343070069473774,0.2863075131289282,0.20626012112654224,0.3906578452259272,0.26171340694371015,0.37381720317041683,0.22928286898403374,0.3017563910959371,0.34516354242543434,0.31813930363067455,0.3353479848052971,0.2967788733420831,0.2743489896655657,0.26133040714807637,0.3050590306349285,0.22747620968032545,0.4352141881322982
0.2966599297398476,0.33020943870345043,0.284734543700264,0.28963500537462655,0.253934186500072,0.32143747813594825,0.28768226290671667,0.34253059076010045,0.2906012677582323,0.2839874399624367,0.32469328804087555,0.0,0.2650425808636801,0.19496514619700714,0.30132414678962416,0.3138235122131787,0.3026240190655866,0.26052487668420826,0.3720038438816395,0.28338043163810334,0.34382246682411854,0.2825999027505177,0.2666797027980484,0.30764960314768186,0.3553187446169869,0.245092225244072,0.2730444631582441,0.2665743507529709,0.2638715830785172,0.3211760855231819,0.3517451846789752,0.2916774442152644,0.29549968141584365,0.2837854575328883,0.25911741416592526,0.2686419288918115,0.2969020345608992,0.29446773733359344,0.35822433541239473,0.2822319074833547,0.309155722264749,0.2879582270446575,0.2761602245819166,0.3039690841706088,0.2882156795407303,0.3039423816330242,0.2617626453553105,0.2752219361465877,0.2861907352915096,0.270368920651014,0.318047069463523,0.3004677472330904,0.2365883166221028,0.31779309890935814,0.31580830529342774,0.2567075842515263,0.3436932783414341,0.404690900873641,0.22521132407662167,0.27940946307636244,0.2521091857746354,0.2004797676164793,0.2858506738104085,0.21161367726953167,0.23339421250750578,0.25607781085659254,0.23731392459092351,0.23097251762528104,0.22126896825379658,0.28206837128119444,0.26389152434231683,0.2277487066748797,0.22225527162292646,0.2919660192533718,0.30828518738698657,0.2498718439927567,0.26412593656804023,0.3033003286225321,0.2710082394255919,0.21904059234812706,0.2546303817514346,0.2881697960372735,0.3130694622049769,0.2354584545393774,0.2869774500966886,0.3326313007306676,0.2534372381983821,0.2405939671110853,0.3197016119471384,0.27825235179368957,0.2941928314384452,0.27962916096918405,0.3008088840426502,0.28292280401647624,0.2424224137955662,0.3411112484274795,0.22490858683584875,0.29310711676372225,0.20076393641243317,0.26651117408210734,0.23201132107010136,0.26633844467644757,0.25330733319856275,0.32040779411211057,0.26119342592978617,0.29285777218849285,0.29113625077442046,0.29301024265598485,0.2742986961378154,0.325463603153329,0.3690798349068909,0.27880542706978645,0.23525447271527405,0.28662835280676063,0.2692717268876459,0.3322393451655189,0.29138760331620345,0.29509004972160247,0.2596081293812984,0.23111511097231527,0.2665164673371718,0.2536575461390018,0.23329898996726786,0.3388300964356658,0.21151942596823653,0.3699891862907829,0.2095151524786139,0.31528846403563876,0.28474309946111764,0.24130650646249868,0.2700813778164943,0.280041568624372,0.22971742631475373,0.27423368210270777,0.28038548445578537,0.2169595469470002,0.30029335612282493,0.2697227463256752,0.25898723914193456,0.3287661888163998,0.23254956233757204,0.24046411313143815,0.29160664295637595,0.2509938367056552,0.3028238101893849,0.27318269261205946,0.3860280277568638,0.28041696464849064,0.3187464760120682,0.2133795122225071,0.3256237629059221,0.27964063465158256,0.3075367521367912,0.24861528450929984,0.4117994925817785,0.2722252024767628,0.26601522102536607,0.35868718789570125,0.228288076198862,0.24673178978889748,0.21308145906247467,0.2647063093265454,0.23606082744693907,0.3177263150658717
