0,1,2,3,4,5,6,7,8,9,10,11,12,13,14,15,16,17,18,19,20,21,22,23,24,25,26,27,28,29,30,31,32,33,34,35,36,37,38,39,40,41,42,43,44,45,46,47,48,49,50,51,52,53,54,55,56,57,58,59,60,61,62,63,64,65,66,67,68,69,70,71,72,73,74,75,76,77,78,79,80,81,82,83,84,85,86,87,88,89,90,91,92,93,94,95,96,97,98,99,100,101,102,103,104,105,106,107,108,109,110,111,112,113,114,115,116,117,118,119,120,121,122,123,124,125,126,127,128,129,130,131,132,133,134,135,136,137,138,139,140,141,142,143,144,145,146,147,148,149,150,151,152,153,154,155,156,157,158,159,160,161,162,163
0.0,0.3039522149879813,0.2694940159872027,0.26457161535532975,0.2943899234245769,0.27582612390878897,0.2805044724504614,0.32030413523285506,0.3587650864230992,0.2696432094534137,0.3082393715048321,0.2591468454073879,0.3936130126256325,0.3042175209257097,0.31771428724163137,0.30479394702127516,0.33517442701418926,0.49491881332108373,0.2982668240985696,0.3962351461913856,0.3432455736135878,0.30496304852847544,0.31530741776427185,0.31076683205442757,0.34821988521182073,0.2858606459392833,0.27492780456211996,0.31491622052185947,0.22809316306657063,0.28842335968081106,0.3302951590576478,0.33570657642713586,0.27073696397678093,0.28947347058384476,0.4064516192151338,0.31804887232054624,0.39093338688348095,0.3645599579578,0.24603875594770513,0.3742397513754382,0.30032048000797046,0.33159550887887823,0.36614962424495756,0.31280359861429774,0.33417468384514853,0.3906940414558158,0.3165697374738564,0.304633757018149,0.39225310654888434,0.40440949813373894,0.3834253294344253,0.35379940455596687,0.2988781437926493,0.273038463159431,0.2846974386698691,0.3357773429925393,0.45687190000658523,0.2926468836009354,0.3157557641403831,0.38470166915277293,0.2873426602136381,0.2920417842515364,0.3578636153845026,0.27101246302919013,0.34039033123722406,0.3619386589366351,0.3123081450620082,0.3342180042030499,0.2969806428888589,0.3554738969751977,0.4544206814529843,0.3598944949723396,0.3378953372389801,0.34564474481864904,0.33353755898587817,0.361912562103057,0.2590162986344673,0.27520739448286086,0.3397921776938425,0.2621215373086781,0.30038364281335156,0.39432306461014394,0.30586451928323677,0.3211104164596531,0.3726884357133011,0.39290282449501834,0.33353851106341476,0.360975703355028,0.3782647546393098,0.2947878973106522,0.394715272057458,0.32041998087806495,0.35928306764485457,0.3802862485995946,0.3601664886498661,0.2569420546688717,0.2481252302926452,0.2880643898990755,0.2974606851262464,0.380100940800458,0.2881167460425433,0.2799012629208994,0.28988884641982715,0.2421122330215087,0.4434385119983053,0.3479208292738814,0.3119910233932053,0.30514961270281615,0.36190345051061756,0.3114223487838479,0.29904125749958227,0.40016276541089874,0.35319914595644625,0.2708409886350382,0.3799459876671072,0.3614801033994958,0.34921350926922445,0.29781566836073686,0.2464914720928222,0.29481740144289353,0.3307924296880131,0.28154561418983776,0.36570150030185344,0.37719100394133454,0.3187484413980042,0.26220602654340047,0.2772333724622071,0.26970060333673046,0.2667223719428114,0.35769103912358174,0.28518320118573054,0.2832787862976961,0.2804244518400318,0.32609806835847027,0.2906950902131182,0.291336481136723,0.30615152873547113,0.37248679350013664,0.29123878921288343,0.3572123677776064,0.24566939527492124,0.2946436183117728,0.38509415084460435,0.29285337462387645,0.3249583158958051,0.32469197739595423,0.317398583271237,0.2571033488946296,0.32148658359375915,0.21048369091478042,0.4198084831767908,0.28642712443650403,0.32990785902950487,0.2403293717644119,0.3055674106900237,0.36496812198814815,0.3166151300863176,0.2944494927476353,0.2910886476465288,0.3406906177294006,0.27798242984543836,0.3908342331810639,0.2584924430820797,0.41882932070565854
0.3039522149879813,0.0,0.32744605216422035,0.28823828809929986,0.2550509306019093,0.3899241993557922,0.2895789269397549,0.3956697104242115,0.28161304656248276,0.38744806728410025,0.3474133618422428,0.3381386469589913,0.31884577062952985,0.2999798458311403,0.34174079582123923,0.2953229606393876,0.29823744095361854,0.2870286076635485,0.34621329834818837,0.2941233463884946,0.3262501825659597,0.406027093213676,0.2871253933412567,0.31086423653504036,0.37673193137642474,0.232057064272375,0.25740661223970457,0.2923784183005372,0.3511301434525823,0.2633785168291695,0.3647469229185565,0.3241771942154142,0.3426889496607285,0.25590589113351064,0.296096749563051,0.34411590754013455,0.3185168694780558,0.30734150213446726,0.32086349965051836,0.30419380412536484,0.3485822529956897,0.3104778701471771,0.2536033739037668,0.2825504290634025,0.345899376268457,0.27441224914840984,0.2645371407474132,0.297843995976428,0.3113188862615104,0.28381683953040504,0.32517622812494784,0.2742279392775981,0.2935392238078,0.40073936274763905,0.35176579395577945,0.3308699884561876,0.3025403253397386,0.3064096972711763,0.31018908668918754,0.329833990483552,0.3802002819237907,0.23389185786180233,0.2769738830451678,0.2375331941784022,0.25197177373719226,0.2494237864840791,0.28174045548792775,0.2861270972941053,0.2633366259743254,0.3506473643706615,0.2989012189279794,0.2744633258034902,0.24300647166579234,0.32686237289213177,0.3397429252222787,0.26771100285994004,0.26306994383721743,0.3241985296722059,0.26080230291950285,0.23708033884180565,0.2961130167512825,0.3054613975840431,0.372812283903908,0.29429352251458146,0.2670404098681121,0.3809806571259281,0.292069826181046,0.25890520552206053,0.2822254527612737,0.30617891450484186,0.26633836008135064,0.29640234656276837,0.35990606295377886,0.2853454447692723,0.30154180227331007,0.37483607104574634,0.2783676212785257,0.28520741068545086,0.2331446899837635,0.305081326797724,0.2972800771046723,0.27165269978897577,0.21702646628816039,0.28915124693072886,0.2890415197293877,0.2609060457720226,0.2724209697338383,0.3335153270428604,0.30596890016236383,0.37459637034214965,0.290652524316521,0.25157348368906707,0.3003746053298105,0.2567736517016819,0.29723740720565145,0.3369448447639121,0.29893616395903694,0.25855547970653797,0.28070800488100006,0.26174679135767714,0.254055666003197,0.2731604749326935,0.27279395540851903,0.3732048353857012,0.26554017759995224,0.38944340929158144,0.2524906070438112,0.32796556972717267,0.3436909689464719,0.28738302317488873,0.3076734100064555,0.29201553417780274,0.25262259947859467,0.29995940903420915,0.32202986628851377,0.2515878515280738,0.27603136729653777,0.29181451012467363,0.2954137911769997,0.3071561608588126,0.2918475650449555,0.31380214590426014,0.3559072840097112,0.29816487957955756,0.31893032085201223,0.2377820552694948,0.3389335681352211,0.3011132156316189,0.36870522953428614,0.23104471354132916,0.2831534094276127,0.33764247547368054,0.28532731553472174,0.30289943393506435,0.32124536644113116,0.33665809883742265,0.32350078362409346,0.32862717018061877,0.26783861979443563,0.2599919464506084,0.2940231813485272,0.32399081919328604,0.24640723538657966,0.2883589955589995
0.2694940159872027,0.32744605216422035,0.0,0.24423519790563614,0.26373085621142484,0.31273811858682615,0.23906014270042553,0.32661790289013615,0.22760370001455796,0.39042157304090264,0.33200908545420926,0.2906446526131847,0.34206542487061287,0.24727241432817004,0.25579647888617624,0.37576919362872685,0.3431066334350659,0.2722140884297516,0.25165484467799415,0.24086733796874993,0.33714423291953266,0.39005474690431086,0.24593209215585787,0.2800009742537906,0.298619030458532,0.2521410781285697,0.2507025126795204,0.2716595404169593,0.2845405739253871,0.2674140438582756,0.24624616312876924,0.3264714275693947,0.2337795995381565,0.22982836464513842,0.23673363453216642,0.2840433781595732,0.3067046630427577,0.2672196853255539,0.25903420009771844,0.29568437877452397,0.25811848465656256,0.30677670302443066,0.2608465972279875,0.256120328623568,0.30013769518770905,0.2613541256193893,0.2615984136613304,0.3070626762023102,0.27921950050046945,0.2629277405910847,0.2899761461967017,0.26565285986039505,0.21269127156934792,0.30519394421676177,0.3082285495899299,0.2578399816855951,0.25511297947031764,0.31229830562986133,0.26337501286911563,0.2727074914051204,0.30049566664237165,0.21988064605399668,0.2761684980981621,0.22400686043713627,0.21554763263781593,0.23755630049385854,0.25009857404324165,0.2854818993914255,0.27163641907693037,0.30429103044435657,0.2791615608988337,0.225514511299468,0.24824212509365046,0.3794372757696294,0.31622931013218974,0.21607331292407897,0.29035428752857234,0.29679521616820587,0.22072687429755894,0.2189611794001437,0.26793510072912763,0.25068446917634396,0.29398674690296117,0.2672181366902184,0.25047006309944725,0.3023498409328024,0.25300049946080394,0.2222863482688318,0.25915627340583797,0.22557769594782456,0.27495966692852514,0.22135076538054244,0.30477057041777345,0.22039673305792984,0.2582911821155466,0.26556740052691563,0.21378213713466362,0.24961031791747895,0.20123292497012996,0.27185112529823763,0.21765971212922913,0.28517662251741194,0.1983397647157843,0.259083717462102,0.2564409611633382,0.293492217213025,0.2802360154798536,0.2764028837015068,0.2803051053692168,0.34935979252179694,0.26607480887757745,0.2304047410486432,0.2615771920928944,0.23499525445867223,0.23077226133799425,0.3042181993942027,0.23125641825938031,0.30954625260720386,0.2918921751568899,0.23276846103273058,0.2486074781602789,0.224440022824422,0.23726910213309307,0.29184090469885937,0.1992553970199541,0.3243570099145337,0.23580396443545695,0.2990951534143984,0.31760637965732025,0.2519103326885055,0.2683061572625478,0.34131482573528843,0.21172101183358286,0.21190466679754816,0.2725273897808576,0.20707653315981822,0.22835623972797647,0.2404105596299804,0.26733443218447667,0.2564292339270935,0.2076504576479098,0.27920704597259816,0.2723516910510197,0.2640540664119898,0.27424470690485026,0.20377516200254053,0.28303853385433764,0.2719104023249742,0.3454314946521665,0.22290071816674542,0.22153974613688,0.217751999796491,0.2638461022008384,0.31303771501518424,0.2801173055533788,0.2661649216352862,0.29421000168286465,0.3203225139724653,0.19364912069289433,0.2586772953102598,0.26804438605570885,0.21917860044658757,0.218745442207437,0.2641694091837987
0.26457161535532975,0.28823828809929986,0.24423519790563614,0.0,0.24931975148879854,0.27568806543560176,0.3247963882551925,0.285638357757548,0.2363604305007542,0.25781512266348444,0.2864367709231532,0.2620931922513099,0.2769304706515328,0.282213077225821,0.2953619284998269,0.2449473438674056,0.27887075957812996,0.2744089615134676,0.2689318884240823,0.23806174733261548,0.30492688430180825,0.2624226191310477,0.29605757128083826,0.2574076060264218,0.290532023228627,0.2757164980136856,0.2840881244358469,0.28112366226249913,0.24411972692883735,0.2176224583508019,0.26759217289527226,0.2561514431634271,0.40149617884265537,0.28176574502352,0.2867908326763431,0.30062979668043627,0.2923734393855537,0.28001559156037165,0.250899684800095,0.3257432121217802,0.30899363163431914,0.30082531163141835,0.23851310439463835,0.3068597086665225,0.2812299008673907,0.2739523992082887,0.21013685733917267,0.2502874725922013,0.28855267385860267,0.2651286540099071,0.34309181703485836,0.3088386352084238,0.26065595411186365,0.35505101030191016,0.29134800773603275,0.2816723312861512,0.2869986429189276,0.2903065222731277,0.27550250098698587,0.31230739663486623,0.31624069777265745,0.2416008949245457,0.2928737590687235,0.21764510505219384,0.2557208833385586,0.26643755217481113,0.3361027636122785,0.2451596363471917,0.2410976217409052,0.30059130456599126,0.2720174644003844,0.257176370791534,0.28198956777499595,0.3568620884203566,0.27882885627727133,0.24236530098319903,0.3102610277334426,0.3004261677262175,0.24804362534134847,0.2181900062981985,0.2614965137376444,0.32031914881075946,0.24952675996324594,0.2631649224478604,0.3149438603056609,0.2862898231771543,0.32241455811141373,0.27122856896176173,0.27782851981940526,0.26401454023158005,0.3060085703868543,0.3169127142435694,0.26759004451750495,0.2563349305504137,0.31934494706294553,0.2699101238255705,0.2313989456791125,0.30375307909629645,0.2444964100444863,0.30429840938579217,0.26603268120487644,0.2787885919567429,0.3124744642141914,0.2580626809966821,0.2868049078238478,0.2526377396802143,0.2702452151852881,0.2620431583828289,0.2865688709075676,0.2636288675702722,0.3281627553796951,0.27882733454672676,0.3420628693346059,0.29066308343059394,0.2752257112320534,0.27435054759629396,0.2826380254902439,0.20928753428054248,0.29497436143570266,0.30463210397679524,0.25288115447253867,0.334430638925858,0.27214634155451695,0.308987350774241,0.23892026718484582,0.26131814834314004,0.2755664901130163,0.26499998649904216,0.2881597907057306,0.28633664814370907,0.23723756218164746,0.2739389917493627,0.27543627898819434,0.2929837228499087,0.25765541950797544,0.2183208310545351,0.19023991316403835,0.293032763991544,0.2595530836172582,0.2753356651643974,0.32774202595961693,0.26484987142028155,0.34378615468085794,0.2910593975603968,0.2794528411329476,0.24934718754524285,0.27055943699017887,0.24256135228920223,0.2327517513800397,0.1967330734796427,0.3006923125057947,0.2735878807023463,0.2719231847651619,0.23359608349774275,0.31198143130378503,0.30137772755475917,0.28458491669179803,0.29846778538384766,0.36605681680749524,0.28358296963206053,0.2789565176791598,0.27674668685373577,0.27783804876967033,0.28036530561118633
0.2943899234245769,0.2550509306019093,0.26373085621142484,0.24931975148879854,0.0,0.2318468038885444,0.31948881263457946,0.24263256745789638,0.25805898769991914,0.24211216830671775,0.31975176730484456,0.24346392620864096,0.2610489035426396,0.25575732594833966,0.30953308111153366,0.27558577274621054,0.2761745129766895,0.28641159999123506,0.22487306656055808,0.24538452065981758,0.2988123047530703,0.2988503802450339,0.29697091942886017,0.28575408499637384,0.26322975737588206,0.2682593923822243,0.2588759394606986,0.2349290039727427,0.22245758083241682,0.2810954388954394,0.2979885360926683,0.24382998262203176,0.23888339387850874,0.24237283051989547,0.337849299537792,0.2971127028906178,0.3200108117133213,0.27902102834538056,0.2776698794055638,0.27490914725999793,0.2629308651848571,0.3333821496342693,0.28144526071339837,0.32702968702905105,0.24718694666137192,0.23765596486290694,0.2726476582505358,0.3238582645204935,0.3210187022858358,0.2818930008101073,0.3083303246914248,0.2471375124859353,0.22483227119305968,0.2609045978940808,0.2775488728566141,0.25524696264066027,0.2474972089330365,0.304137663118216,0.25406249754556404,0.2551492873595621,0.22217343262733874,0.21607428554667119,0.25804711933016056,0.2525800906756736,0.24859749086102453,0.2072725759334027,0.2506640758999547,0.2819078798567817,0.23808194434695817,0.2960962361648428,0.29332042209972625,0.2606464675116337,0.23875305277383616,0.28695947194375315,0.2363611929810241,0.22185491980922697,0.27348320863781306,0.39188005938824827,0.2171191027492024,0.22164061413590833,0.2534241527792253,0.29063244187571213,0.2930853236991032,0.2221737041917988,0.24720245926701442,0.26012322322536174,0.2754729910175773,0.2516492848052048,0.2319321012776614,0.23834318961908688,0.37053464197883706,0.28542138778935433,0.32628008817286147,0.2129154340402116,0.27507656495038635,0.2459837104389557,0.1965712963424326,0.23928267478257303,0.26435000783790413,0.23391803768688246,0.25846290517073034,0.2399684297139527,0.23782339164514063,0.20778674588217158,0.2588170301364138,0.24894840453126335,0.2237558630227368,0.26489080055294734,0.2799290863315683,0.27309089484593224,0.28782316999355245,0.288270665318588,0.2527442665134278,0.26265490783165524,0.23176294778281634,0.25347708999719043,0.2315693599872972,0.2587869215754796,0.22522284126857792,0.26722872186029845,0.33731099292620303,0.24044313046789076,0.23723320642525286,0.32379742608364337,0.2583756071295166,0.23550080158755166,0.21996739066976567,0.2827803093544959,0.22724993580922134,0.27034196218218054,0.24075054234448923,0.25979890673239187,0.21549512667424875,0.27073465097707233,0.2545329588451759,0.2579507019706253,0.22821792921101058,0.32610410844254756,0.24778399911450585,0.29458772719091836,0.20969217807809618,0.27568596223550734,0.28657877968762707,0.2813901357330538,0.30766066892106186,0.24979685912130015,0.33194993398611206,0.2372989603345355,0.23539454003337068,0.19790560896639856,0.2678715531994377,0.23764243169674665,0.28416802209761244,0.24689521797282948,0.265250324925375,0.2892427758025385,0.24662154059466473,0.3007161568865492,0.24218124131857638,0.2514219072569888,0.23339873239419456,0.25575065998216506,0.234289274605414,0.35130710434819756
0.27582612390878897,0.3899241993557922,0.31273811858682615,0.27568806543560176,0.2318468038885444,0.0,0.2624334793556326,0.3403930095242717,0.24980304758055577,0.3017611430176964,0.3118754049169891,0.33188576004638687,0.3244383652147126,0.2285602842295074,0.29806922203238234,0.31823853044619926,0.30566067753677895,0.23142236531420304,0.33328844168230964,0.26055784764970763,0.3234810043308262,0.3168573192724043,0.22088293804052211,0.2552107399006616,0.33642261606242985,0.22025824735979777,0.22021374060591098,0.2687088824192892,0.27350969914922746,0.2602142272170209,0.306511250102462,0.3579625417684798,0.31558777466936716,0.24181975253855023,0.25031699867194096,0.2762244279092368,0.29061577011862205,0.25573652605008795,0.2681171751516845,0.2488873308114497,0.3051346472561351,0.30833282488312136,0.25580846651861155,0.30776824147560555,0.26424284859801656,0.24586289436075467,0.2461777407236785,0.275236042037229,0.2403298210491532,0.2607867929766736,0.2997777109430547,0.3218324444898338,0.24095258742132844,0.3519245453057103,0.27923665459425123,0.31850595960143857,0.2736688115167952,0.38310072951110025,0.2361331295259068,0.2599633283944563,0.36258352144889633,0.24873507613384446,0.3141652941281474,0.20045190598210208,0.22791634006961717,0.23914267927430471,0.24364757292449463,0.2794544506241593,0.22535748288623225,0.3057683111420166,0.2859156420105962,0.21670122208698905,0.2401448106707387,0.30330226829627377,0.3476976256060034,0.23816071463578473,0.26854117751757783,0.2794609498511744,0.22837604802003406,0.27653076141476157,0.3545171560262428,0.2706177128320058,0.31229565072707116,0.2882329463908843,0.2558291504267411,0.2893799711880998,0.29746935374932804,0.2316246614495921,0.2837895805000287,0.24721690458741644,0.26771541793326936,0.2931144871811246,0.31426796569682836,0.2474413319453941,0.24679246491711035,0.3333925323015339,0.26226139825088124,0.30733453345074235,0.20939596192610796,0.27528236877383927,0.2368314180156507,0.26721205140739374,0.22182174935826665,0.2533357223079487,0.2703569460792401,0.28229882947225926,0.2983927792694964,0.29775563622805695,0.2562302509313572,0.324831268157103,0.3063055784297627,0.2217470125506307,0.31675838609598966,0.25794389484186286,0.24620701575049375,0.30579933982198987,0.29589196415248886,0.22529114649030008,0.33666582738760076,0.2567158522491976,0.22867303009475123,0.28509451157756266,0.2542562083367464,0.3362160984347353,0.24051400955773197,0.3343233143319952,0.2592190669848338,0.27390958611066324,0.29894569110023067,0.2313596142182808,0.29810630292885854,0.3691555390509299,0.2336543172038292,0.2605903239584626,0.26582914229560817,0.23174365590649773,0.2537145448025004,0.22884178395317226,0.23004396423249032,0.26412267617240964,0.2684165572130729,0.29737001219836523,0.2777086129889729,0.26783235835041086,0.2788505635627097,0.22080310208797696,0.31518410369931343,0.3111775749008218,0.28728057563805565,0.23097922042102387,0.25423221401368146,0.2945001208848285,0.23456516920679676,0.25423232372745036,0.3498204366399485,0.2781721977379549,0.279740669552899,0.3704558747760313,0.2343957291790525,0.2727783007441284,0.2632115971232215,0.2843060336462227,0.23739511481759512,0.26164577405300754
0.2805044724504614,0.2895789269397549,0.23906014270042553,0.3247963882551925,0.31948881263457946,0.2624334793556326,0.0,0.2469030838573189,0.24869689734169192,0.2566509394036249,0.29368360048412573,0.2927374883701295,0.28558852251251166,0.29025350836478225,0.36041641820323983,0.23898616374191556,0.2516987954524128,0.27504768950030245,0.2563066399964492,0.22886959930042344,0.2831315566120871,0.3049419219541016,0.34455149418127234,0.3068249003644561,0.2940350967437165,0.28315882772493245,0.2653480492892525,0.23830915452054433,0.25607387998553827,0.25518544359505474,0.29803814536296913,0.26929669322070177,0.3311899613965114,0.28000803352030323,0.2867238172302593,0.29114240882704373,0.3553575949393228,0.2586252052674455,0.2715051746033877,0.32585504734076287,0.3214711643415053,0.30776058835885417,0.27832078745658756,0.3396971533008828,0.2940174874391549,0.25931859005622204,0.28484079601735157,0.2781947741923002,0.3851242946789467,0.2622617593391486,0.3464280202483797,0.26383437037456675,0.23150323711773105,0.3318499703160853,0.3231757817036625,0.2865623731076047,0.2517906980311668,0.28327740933513507,0.3009634331832353,0.26663294218811034,0.23974411755165123,0.23840613762253535,0.24643797559066496,0.24559046597934323,0.24073516944817316,0.2164819881035649,0.31707059302896534,0.3335988294787209,0.24524586766448522,0.27507270997969885,0.3105456712476958,0.25147561701880866,0.24430747408922385,0.3246706137261868,0.21696074744899724,0.24486771237653499,0.33453613432566337,0.3502549499298995,0.22393807802792906,0.21874486931496362,0.25860427298984295,0.30403107731007595,0.30157852659313944,0.21753693660517415,0.24606900440569943,0.2703378734376101,0.27477963933859184,0.2857059751271213,0.25083213996073284,0.2683186492229824,0.33963304945965467,0.40428488380795063,0.30044551300705374,0.23260595108739276,0.2890843496148761,0.32980753854208245,0.21144450238912973,0.2990461895816478,0.25795172935403354,0.28560804424602915,0.28463508858786574,0.2625016255709637,0.3062232889828902,0.24466080675373456,0.24895081511967046,0.2538279264637666,0.23001137037821534,0.25727580109897175,0.3223274456023234,0.2927590772512009,0.37567371217282636,0.27036143615617747,0.28185363204635383,0.23782202886165357,0.2428452621763135,0.2585218664155643,0.24555549678886832,0.25171030940283246,0.2667950503197104,0.2570273218161535,0.2639307532842185,0.26561960362817955,0.2397590642339367,0.34805058451273024,0.24184602942974734,0.2916881542222633,0.2402153732738913,0.3132521062038094,0.24367448548005569,0.28884331397545276,0.22856574447458314,0.23097515907163926,0.22378792692714813,0.2613376300986415,0.23883753151728981,0.24893174856847294,0.2332872423383907,0.3184854339521771,0.2588391545059242,0.3020585948877047,0.27702949228902307,0.26772038710483087,0.3179548003800587,0.27650938815362475,0.30784169941518663,0.3106388870549896,0.3126797381725671,0.2672058282888598,0.23767906100301514,0.18118021887478875,0.2747834578064567,0.27393720344029243,0.25910353090090044,0.29962163958907995,0.3206138060307494,0.31789514843575867,0.28714304411880714,0.3285073328571825,0.3170635662117907,0.285970262566754,0.25765326720892456,0.26373922162718355,0.25495552909164376,0.2976701378215907
0.32030413523285506,0.3956697104242115,0.32661790289013615,0.285638357757548,0.24263256745789638,0.3403930095242717,0.2469030838573189,0.0,0.30762579873434814,0.34203923394702024,0.3142717015657051,0.30898631557478007,0.37366556806773615,0.2734905150791449,0.2947703817554212,0.3535771295760532,0.3544320880034798,0.2993249314137789,0.32286789109369285,0.31403911850965494,0.36386267471639067,0.29757342045414936,0.28690985159460625,0.288355568534927,0.3770428022343774,0.2507461568455844,0.31433339891430995,0.34643398457178337,0.24732090373090126,0.29386535272825526,0.3931060718999277,0.3562250490647317,0.2896666851195839,0.2904724882196545,0.3068134817071459,0.3510959803744762,0.35100269194823436,0.3649989185237975,0.2845803589089155,0.3165721838585229,0.3200156288586628,0.3247141836539159,0.28883605814053737,0.2798737109997821,0.39977080229670675,0.30708958045677937,0.27004616208060966,0.27871996141130106,0.32103621473131466,0.29625475755607206,0.31351970316770006,0.2786838462520575,0.26388244496772995,0.29875943580614384,0.2917263603050616,0.335943301317344,0.3107914706784676,0.3819905501584532,0.31249078376411626,0.324026035405113,0.4335703679701213,0.2449467699691896,0.30438750736516734,0.2620251967127735,0.2401624779981228,0.2734309492120218,0.29680502911165285,0.2768604081967469,0.3057031197325607,0.4756409925908755,0.2918842539324752,0.2865268749030515,0.2863342260494983,0.37472712827228283,0.43582671914201127,0.2773688179770733,0.29896129664384163,0.2952522396531905,0.312396015545831,0.23951709912886238,0.31834277002599837,0.2968679187098798,0.34776129650481896,0.3804343375148714,0.32709864862426025,0.44359232404044235,0.39646651840869207,0.278410472950391,0.3768751632448886,0.3035788491485316,0.27780034115736196,0.2841015562582912,0.32455015055432324,0.2763635644978799,0.30752065520463445,0.2960502171729359,0.2840447453089207,0.3374551815219608,0.23412840638279525,0.35496329474288657,0.28127165952257754,0.34739980205032867,0.2456597643368935,0.2878925168702341,0.34223354361524155,0.32083428773267303,0.33032508696810436,0.39107226079150803,0.30822025928675073,0.34341206320821716,0.28224244425965644,0.27976002984890935,0.3304625817033504,0.3183523670004961,0.2973636730408251,0.3537156009194776,0.3437622276019871,0.25437494440406727,0.27320654123501303,0.2860579102532707,0.2583958286606991,0.3473426536414233,0.28304518249236654,0.33721478764111196,0.2584728950717725,0.30363659035613005,0.2660315803637705,0.3372020056025016,0.33039965501023916,0.28280369136050143,0.387565211443518,0.33867544653398385,0.29746226933121195,0.27189740505914456,0.31332674590535226,0.2308652805023321,0.2850724974732921,0.2797623436958116,0.3063695011253297,0.34613649719365913,0.26857637499990566,0.2968050204325508,0.34337777402754704,0.3093473746218615,0.33755361711645543,0.25393467161420674,0.33891419204991746,0.3157821755381142,0.36136563025016327,0.2509003626702659,0.32691997610878937,0.31542797063443506,0.2986948918852722,0.2860771395995479,0.3902360432507841,0.35805671113200666,0.31923358854034894,0.37044062436263825,0.23818746650757494,0.2850310977042866,0.30783490969398425,0.3212669574643792,0.28676296263680207,0.2939918235031948
0.3587650864230992,0.28161304656248276,0.22760370001455796,0.2363604305007542,0.25805898769991914,0.24980304758055577,0.24869689734169192,0.30762579873434814,0.0,0.2300460411839167,0.2479632991120937,0.23805305102954513,0.26162850487032957,0.31623854904453463,0.26911422849195854,0.2540783097331132,0.2566373367308756,0.32316252109353244,0.24552171544836707,0.29934390434284847,0.2633507328783637,0.31306117832385244,0.2410047581314682,0.24483187033158021,0.266748984220761,0.22648367217190657,0.2772917337908825,0.2559864656505802,0.20997367877698617,0.33456532797487337,0.3496146315857873,0.26640233608826513,0.246091499668451,0.22458026349526963,0.31322268418369903,0.2607092696330384,0.2803974318519068,0.3548297309277079,0.26354727698472863,0.2618357621850954,0.24546983825916538,0.3285766812957159,0.2603864074891953,0.2547129871622197,0.278424631700842,0.26276763509421575,0.24196414590342635,0.2296470737854448,0.2717497867651782,0.28694691258403676,0.27566048450057423,0.24198018378198075,0.29323175455466155,0.24004191188673002,0.2366656304544191,0.35814276150175595,0.3070020253849299,0.2701374043975114,0.26444092614127407,0.26910205723250946,0.2619498040668589,0.2793850454838992,0.2512422071111233,0.2523814628905688,0.30083776467703416,0.25679521907026576,0.30346375276371607,0.2940864865916363,0.2471490214378336,0.32481900452368867,0.3577309342249096,0.30696637573030067,0.30719292395371606,0.2660620097175802,0.29904037792468446,0.28657795521083307,0.23521052135506884,0.2373119742629617,0.2762393550553638,0.25542467044207473,0.26296400481808246,0.40203778274475815,0.3350781861790794,0.25857957742946774,0.31990727119138873,0.34442878771678515,0.31220577105921277,0.32381313320133065,0.28620688577302855,0.38411105373990617,0.30979156266800756,0.34047598719638356,0.27512002550908315,0.2783119830940873,0.37076310241375404,0.26807841859633447,0.28731549438977316,0.257596115582511,0.3433079850740624,0.26596283409212573,0.31637170287513255,0.24376099367877524,0.25469249933501614,0.21933688801900636,0.3455066003634222,0.2563009428243195,0.2269439566610509,0.26457714290692064,0.25346502778024377,0.24215072838477344,0.22359563138031058,0.33236215015494136,0.29937934425873786,0.33628490138881356,0.2655858545151449,0.29281912183722364,0.27275019178753795,0.23919746896335684,0.19140129251918234,0.3112842674698312,0.30488823503652607,0.30446573363731766,0.28253041491256914,0.3000542517951944,0.4340315860626592,0.22576236473646144,0.2848673834018341,0.26053927329355775,0.21477960000774585,0.2835502240011451,0.3889482729351554,0.28796706100977665,0.30416587348942925,0.3790607873398087,0.26219393636759625,0.26411185458447456,0.25875925052501175,0.27108944546306024,0.25521808305037613,0.3440662130838714,0.2382785952618179,0.28300592812761544,0.35762436099441813,0.3371179036087967,0.28632908932825735,0.2646187079805374,0.3833186892663785,0.2506761058016602,0.26212273218348203,0.21763160912129953,0.35378473515316416,0.2750560220127248,0.2780164244321814,0.23587457553474636,0.2590893037410902,0.3581231433053742,0.2762034070507541,0.2667414078944063,0.2854520185200805,0.28228649418078616,0.22563425667608117,0.3643373987919321,0.33639963972376785,0.343525855318327
0.2696432094534137,0.38744806728410025,0.39042157304090264,0.25781512266348444,0.24211216830671775,0.3017611430176964,0.2566509394036249,0.34203923394702024,0.2300460411839167,0.0,0.2772105613886866,0.27164197344523544,0.31137326686682326,0.2613661373052418,0.26468059807600475,0.28669577744720826,0.28533717429489436,0.27813273400799854,0.2605384270429438,0.2356257336872152,0.27216052375633787,0.29012676576769786,0.2902443228592836,0.23954981760199448,0.36991413549188606,0.22526985167612326,0.26067010697076193,0.2780186450362891,0.3489167682047368,0.23766339988281973,0.29845420182940724,0.3128153599702197,0.23865745418613468,0.2447994292611935,0.26321321263935,0.28930251279741304,0.3075340926732668,0.26027487781516795,0.2329505361482283,0.27285201300906264,0.2440992019082319,0.29236357079651826,0.24666703954664027,0.24262795154324615,0.2927575105029193,0.2513705437177436,0.24190316975022522,0.27550507664307256,0.30543335661862747,0.23289032600314533,0.276687094916941,0.23202533641053424,0.22037250949720383,0.29267794321016277,0.33196049260724486,0.29966612706023377,0.23787447649002885,0.2632343307190555,0.282232639829305,0.26457016960095864,0.31634645778285236,0.2207106224484069,0.2363295238132313,0.2224480474985997,0.21783139368584717,0.22592920748449097,0.2529935958752087,0.26485383027320614,0.27009284936131667,0.334710081749235,0.25095608187257556,0.2576981987254464,0.22581099888540596,0.30756780104342113,0.28391306694227864,0.24833037647564934,0.25507947696191646,0.2998525920441376,0.22319354332979416,0.22526508443841417,0.27794279713548947,0.25350535145105907,0.29713178739357893,0.2807830570635049,0.25005214143671284,0.28885321084303356,0.27994959538269504,0.2528994927390284,0.3000180635234346,0.23538214174990751,0.24937264590124658,0.25306295698627845,0.3010605642118848,0.21822536350348282,0.26433036544944893,0.3067249672728968,0.20634244746410668,0.27408768444320475,0.21853038844121153,0.295649784541196,0.24847803260600088,0.2766311680441428,0.21825373049095165,0.3017126232507882,0.252546112699894,0.2551294645332722,0.2629336392391149,0.3340086569268665,0.27059768186245886,0.30178058983020395,0.24788267085489668,0.22996750601468235,0.291010641061299,0.2592292816024804,0.24136536505718853,0.27618477435368866,0.27174559479095134,0.30467767612249513,0.27294240302521977,0.2632245569242434,0.2166469754937004,0.258265592313608,0.22990704536533393,0.29590420416446145,0.21741865205166752,0.3482142154497261,0.23798317592506227,0.2686376132047327,0.3368405064633576,0.26374641532502524,0.30481933553483787,0.2602933745791937,0.23632604566871282,0.2181298104733235,0.2502038133919186,0.2082449208582286,0.23347016141834576,0.2611413860041423,0.2728813240951062,0.26797084898967893,0.24327041348787756,0.2834870062044257,0.2883189961514822,0.24872844521383555,0.2728948229758806,0.23123518821788647,0.24182091856890073,0.29407457772097456,0.4001214111515022,0.21858581984912245,0.23383117797905398,0.2794071673174512,0.23390004932818378,0.2840958010966935,0.2880861301633611,0.2826352638440094,0.2505749051723076,0.32111289286919364,0.23055489802084972,0.2747083064107268,0.32358972753633863,0.2726403126748366,0.2429476245666714,0.23470980721602677
0.3082393715048321,0.3474133618422428,0.33200908545420926,0.2864367709231532,0.31975176730484456,0.3118754049169891,0.29368360048412573,0.3142717015657051,0.2479632991120937,0.2772105613886866,0.0,0.35557614898976075,0.3226576277108453,0.2617242113038993,0.2950477583945017,0.3731376824208512,0.34056703135701183,0.29842694288726956,0.31650128650749254,0.2729176213803644,0.370107523988481,0.3854415372879999,0.2995958044725247,0.3285832237598592,0.36090766857123724,0.2947084809136627,0.29139209426501245,0.3043654477358493,0.30247889927208216,0.29026351740112155,0.2971709854673095,0.31826879317527096,0.27725588305062054,0.26513474909077134,0.29869017641469964,0.3718166097124535,0.3730988475296247,0.3227762205390661,0.34538188110184914,0.3107738331964941,0.3156322567873422,0.32408591039907736,0.29148822999286655,0.34805521300549536,0.304148595839704,0.2610960590994162,0.23296051782635419,0.41560506348387516,0.34520248738565956,0.27546659962438697,0.33758586428950094,0.2691847440208206,0.23470136165303304,0.38095114654337014,0.3865310555498035,0.2513860752767787,0.3055457770906394,0.4089465746341245,0.28688014101187176,0.2920572203305849,0.3188517629477378,0.2094162459187852,0.30991037329938687,0.26062840292602313,0.21889870643666443,0.23599057219711303,0.28164612700426733,0.26907630421613377,0.288937514568907,0.3395936434611676,0.28934887929474223,0.24985762011528623,0.2744534268717179,0.3458897989579781,0.3225672678421292,0.2440137614166735,0.32971613968082275,0.343698928841527,0.24485417131786588,0.22541955432041388,0.28078105383573504,0.26701153285149415,0.29580036864405906,0.2817859811646923,0.2703894014562535,0.3020492707682364,0.3200282404675278,0.2453009664207982,0.25209341592745244,0.2593571862496971,0.37115918147330446,0.24729477550193152,0.38575003477616965,0.26441194564867326,0.2757892372331151,0.30567207466067053,0.2290538589619408,0.2518482578885259,0.22953617697086606,0.26062923748506867,0.28315867913524895,0.30519483308701273,0.24180106258747533,0.2448857412059664,0.2848587900065808,0.2542180316130523,0.2621779396251779,0.31100695520321153,0.283323977948744,0.386976002257775,0.38017498101505387,0.28242877215048595,0.2795518083782242,0.2774722678240335,0.2765655757381787,0.2991068591394769,0.2643180632145075,0.29400120101278243,0.30453684701397166,0.2639330970274303,0.29838135338870564,0.24964560267740918,0.2705845278401039,0.34433284584626367,0.23923986941310757,0.33987947061958185,0.21582022300810633,0.3416997334363008,0.3101564914854679,0.2665286308449934,0.24973738813043805,0.30930194918483905,0.25723021192986306,0.2848874972858444,0.35627148392131747,0.2360677737957024,0.2602347021593467,0.28649684702601363,0.31378352692614875,0.30720405249681165,0.26034501554540085,0.31300400976834825,0.27060567830305726,0.3034283306226541,0.4045510038518595,0.23999881358746955,0.30304017589351556,0.26561931721306675,0.2947013171538464,0.25271531316244,0.3264876032169609,0.2693910231999772,0.3670042374606858,0.27954211972091714,0.32354696360488167,0.31354497838939904,0.31583679622851324,0.3233680693268132,0.2524848654214242,0.2634650582394405,0.25484408635329875,0.28731743603043947,0.23067386131370626,0.3891215759539956
0.2591468454073879,0.3381386469589913,0.2906446526131847,0.2620931922513099,0.24346392620864096,0.33188576004638687,0.2927374883701295,0.30898631557478007,0.23805305102954513,0.27164197344523544,0.35557614898976075,0.0,0.24770038679215564,0.1955699193616755,0.26506674960741844,0.28846762426359507,0.27003190524789594,0.22825903667832179,0.3649783534860739,0.24775057105157877,0.33891576921168,0.2933490076961687,0.26345614591969274,0.29530202735893196,0.3655389200613512,0.24022572037412865,0.2383810932596329,0.2379643831745231,0.27595465433910954,0.27749285379025,0.3055095768832733,0.2734207691251647,0.27155206181334773,0.27251473024164485,0.250484783096319,0.2992660144807002,0.3011633908383522,0.2701299265452462,0.3327326784890246,0.260626829254699,0.320165696197384,0.28182870179598407,0.2622307363801301,0.3149302281555247,0.27680944884439684,0.2421362499558015,0.25190695691205567,0.322012519563105,0.2817937430431278,0.24675739631761004,0.2918728173106585,0.28328307203656733,0.20752173122826112,0.34202750184971875,0.34907180226979434,0.2500165310353585,0.27850828932628996,0.3944938544102024,0.2228730509401035,0.2486212896112288,0.24893887624286912,0.19339499650389053,0.27370763854237823,0.22338317396463803,0.2027052450693992,0.22081195314400984,0.22390125997494162,0.230088636481129,0.21795168923229372,0.2733934829451215,0.244045252199704,0.20850629423566863,0.22025685199871392,0.2684630639375556,0.2680352389540237,0.21899177616162224,0.2517058970738237,0.28803364402860315,0.23259382640109857,0.20379859807427533,0.2495323790704177,0.25364180586283264,0.28378565268055306,0.23243616170140188,0.2530113538231407,0.2970131048095178,0.2619011791226398,0.2159874894623856,0.24879469510173627,0.2572622977466222,0.28124953875505027,0.2744181128374792,0.28861393567422783,0.24172720278104087,0.22668634706347307,0.3727754358712135,0.21526281573347547,0.30066443267588416,0.2020806000336531,0.23344466818355708,0.2252846572225902,0.26249869982067675,0.2561476552456325,0.33453106813707084,0.24038660620730837,0.24364815324988318,0.2564377980899531,0.2793215609662688,0.2496329701489923,0.36156390674286343,0.40523172629148174,0.2611495187431186,0.23457579389514013,0.24163049338012416,0.23612652582164234,0.27172101245135694,0.25402905999553194,0.29051438054710504,0.30377393308359407,0.2225896580140797,0.23050032076166552,0.24724648397164828,0.24197317745487398,0.2924247248665163,0.20471260946167028,0.38310194812066534,0.20018701278215703,0.30719616193511934,0.3276110787650663,0.21836262366817275,0.24237406013074378,0.2546676654867087,0.20956480958449536,0.26103286411045956,0.29463970024592834,0.1992502980752214,0.27058309212733545,0.24712975421573982,0.25457725998745667,0.2903046581416248,0.22859544087116707,0.251625130045765,0.25638982879922834,0.2594214381533335,0.312300360744148,0.26559529633746026,0.33180638055823397,0.2408438641794364,0.3301119585287206,0.2326556360997077,0.2882893836522418,0.2640782678247948,0.27278928855531487,0.2591876436653724,0.40996046132263064,0.2594835914807981,0.26245206903804885,0.3192923409255439,0.2178674031519718,0.2265879361368725,0.205935166220762,0.2515807402562265,0.21908202832863116,0.288455578034887
