0,1,2,3,4,5,6,7,8,9,10,11,12,13,14,15,16,17,18,19,20,21,22,23,24,25,26,27,28,29,30,31,32,33,34,35,36,37,38,39,40,41,42,43,44,45,46,47,48,49,50,51,52,53,54,55,56,57,58,59,60,61,62,63,64,65,66,67,68,69,70,71,72,73,74,75,76,77,78,79,80,81,82,83,84,85,86,87,88,89,90,91,92,93,94,95,96,97,98,99,100,101,102,103,104,105,106,107,108,109,110,111,112,113,114,115,116,117,118,119,120,121,122,123,124,125,126,127,128,129,130,131,132,133,134,135,136,137,138,139,140,141,142,143,144,145,146,147,148,149,150,151,152,153,154,155,156,157,158,159,160,161,162,163
0.0,0.3782325102914802,0.3528060673581327,0.2762202240906186,0.2666602731165773,0.3616093393689234,0.2923222726760763,0.33669167417931306,0.36070041843123507,0.377506939056941,0.326734271001621,0.2953013141880533,0.46612951347995923,0.30238869492354675,0.35877632463083187,0.34573982636554285,0.36111385784330857,0.4535881431633368,0.3641250404799049,0.47398540302482733,0.3391597511251284,0.3716736898447261,0.3299511448619966,0.28569963053248265,0.42523885387142285,0.25664381359336325,0.2660183797995524,0.37099649962329795,0.2955563703887993,0.28102459790024437,0.35291620342741686,0.42582506597510095,0.31202439187147485,0.32925530185665564,0.38622101898976513,0.3218862704215136,0.3777795330402404,0.37572869835366113,0.26979739516083046,0.3469021936010284,0.30526240590772236,0.33151476903691784,0.3426373810338219,0.3154250288822283,0.3471931537537236,0.3868485377612461,0.28086907294918384,0.29722907872035104,0.40425164730026303,0.3983277754606074,0.3600177782779892,0.3416268567404506,0.2800146401827811,0.30057132782831913,0.31436344863588883,0.34215147995226347,0.4380386043096538,0.31813906007727444,0.3201629250907275,0.3741370484413582,0.31556072049273226,0.2897314671596778,0.3235229780184365,0.2675878061280163,0.31527853407697254,0.32319195739341394,0.31570078351211406,0.3459076322255485,0.3198071339038771,0.38066989253740585,0.43302243528579315,0.30398409839504076,0.3259664161703008,0.36209525348402194,0.3945681600367036,0.324214787687109,0.2686542909734451,0.26321513684544345,0.3414857607180802,0.24251564298639658,0.33140383949751917,0.38612360316611494,0.3293274870445202,0.3590253929904584,0.3394760747219745,0.451581290548847,0.3158374147498377,0.34138836738201517,0.38240686872314666,0.29418412780468933,0.3570617461609846,0.3188435470246523,0.38481840494154906,0.349305916255502,0.35233245425259324,0.32134685001015734,0.24776714303070232,0.3155162962969017,0.2565981363621126,0.3728761903306544,0.28231241870153423,0.2799578828111078,0.26125904046278847,0.3067289054532069,0.38078031741470203,0.3730250706725379,0.3267025447539066,0.38639947100614835,0.3430828351298196,0.3078121755497506,0.30121012481505216,0.3405595841720924,0.3790314196669194,0.2885574661531483,0.35896282515229955,0.36049227814660445,0.35045183524104706,0.38844312601049674,0.29286593329791666,0.2934385393692338,0.296148360437051,0.2662563895206715,0.35050984299821875,0.3925197267590901,0.30099338129749575,0.3253266090802464,0.29451493601939743,0.2531750408418706,0.332761201164598,0.3654292740312785,0.30509309023236847,0.32254167061864303,0.27288269696500794,0.3323980170857581,0.3182577795274321,0.30655777384825544,0.32865918764526325,0.3402540204534978,0.34726158071229773,0.3756347096579886,0.27042494866761285,0.3322159967116288,0.3752540756526201,0.3119200306135762,0.33129189664849235,0.3410788598372651,0.3320990071422612,0.30368927319856837,0.4535982195219633,0.23037373695613847,0.35054518118825706,0.3098911756264879,0.33396926497661095,0.261155914455177,0.36924361918452153,0.3778428458922248,0.3601282608773538,0.3135179907978122,0.28073735709337383,0.3498620007924443,0.2847766240439091,0.35060539070423974,0.25677113760593034,0.39705617959291
0.3782325102914802,0.0,0.32873310367569714,0.30486058078230266,0.23472943047746098,0.3677980377206414,0.32567209727595625,0.3798016390035717,0.3099377257953742,0.47566862041539504,0.2827289762965542,0.3335779794867729,0.3525679743985473,0.3111249489822087,0.34889528804869974,0.28234576712111636,0.3336200302247903,0.3246965823805857,0.3676339896608922,0.36447438815754624,0.318293729795587,0.3597259981925312,0.36518048581050844,0.33495594386728217,0.3902393314009143,0.24692123700556484,0.26056856332948813,0.35874565084153104,0.357701802380929,0.24910759152588785,0.35684566957329705,0.34206931706491056,0.3462246206599221,0.3260889186959368,0.34759960908771803,0.3205379910025605,0.3095276927599046,0.3174163220018829,0.2775024128566627,0.36647367572128975,0.367126923190876,0.33410187487071524,0.25056576131644265,0.2736239188257519,0.3762633662923983,0.3197858356702405,0.28798356374591755,0.24762506483274566,0.3727962878479627,0.3209956573330781,0.32534291858854997,0.33062407738741645,0.3020066347798769,0.33146906908121593,0.31007831228006494,0.3918903154757539,0.35717663936695343,0.26952728324096786,0.33253736708636317,0.3839957471849459,0.33094996905398705,0.24456523390899332,0.2668130281760228,0.24733386591558823,0.2819055927938023,0.2743185435639213,0.29829664286527474,0.29052323507366645,0.25810639991813505,0.31364818373388154,0.3236155040183187,0.3093991267237392,0.2704716057813861,0.35604557216824884,0.3381460934984745,0.29107616285752164,0.25603829729282757,0.2907659619191932,0.29747582918383825,0.24319511944812194,0.29241819904522426,0.34912778376013737,0.35629187787624234,0.3084604398257447,0.31383092641564386,0.4988530502107068,0.26503325839773934,0.27497426354172455,0.3214432101527772,0.3299936913963839,0.27075553304878924,0.3250205198381133,0.3305157208241908,0.3344472132114876,0.3407760668955039,0.3441455933886026,0.24786457375763749,0.3529692394948832,0.24764642453926683,0.3867367305100497,0.28143056778179265,0.2378439391616496,0.2271893002896389,0.3081545842008192,0.3007329292467413,0.3161003973349518,0.2830074227620228,0.4176301892191879,0.32941205349747577,0.3698994337235105,0.29050453927742653,0.2885680294640303,0.3343745792994808,0.24742307847433256,0.33467801762540905,0.4548259898901727,0.3453817958215346,0.28185034168506645,0.3000792281653592,0.2756911296210071,0.28506497256675456,0.25940693206904814,0.3518159924405141,0.3657144528825759,0.29380689474130434,0.35405209894062906,0.30726442398874576,0.28227984342407203,0.38207114040192525,0.3108804876987484,0.32565969731355915,0.2849504020666105,0.25978515867143886,0.3446461520516049,0.29656747051073074,0.2668954471714942,0.31201569973847026,0.3463785215537176,0.3133073746783715,0.30807933496250217,0.25857865588384477,0.2940954137387623,0.4259203889882927,0.28183497687880865,0.29814371646171517,0.3115972748478055,0.3521594701614732,0.29027362150188674,0.43197998188430986,0.22657905341925205,0.30067192120713343,0.31328278330206794,0.2864723756422265,0.30138537181070046,0.3275707205534042,0.3285748997856203,0.3575991156493542,0.3344004975023714,0.2951320894573517,0.2979118727070771,0.29515251909269763,0.3628499737621486,0.25933633407339096,0.31710003710736584
0.3528060673581327,0.32873310367569714,0.0,0.28021995762519863,0.309663479840835,0.3658874804953856,0.2956928035819812,0.3102922536924748,0.2833196308990259,0.3407486880679279,0.36967331188333674,0.31425437360678576,0.3910548436154034,0.2604494595977223,0.32943530495354306,0.46439213848754723,0.4143671648194828,0.325909457809936,0.2891019033092975,0.2959708381318002,0.3896837020260086,0.49794670151323206,0.28905379231557476,0.3497153029467176,0.3138632711476594,0.3102992311219796,0.25729403343935375,0.33391023255573693,0.28264222672488004,0.3171827057463655,0.2737810295674872,0.3408821423668947,0.2762529841190266,0.26973801057280383,0.2649827461099177,0.26895646897510067,0.3425692885699356,0.30095310336105363,0.28461691426871427,0.3472373620078166,0.2800514923924192,0.3290934400481155,0.2964781224627891,0.28733699824696196,0.32591341391988177,0.31366585336649944,0.2813263025088309,0.31867224979159314,0.32389204989728254,0.30523325144893243,0.3567523404185223,0.34159209922112954,0.22320435148185022,0.3250943305252497,0.29040882449801086,0.26108218044249015,0.3192283349545285,0.36283626881867626,0.2672512586660962,0.301515466402367,0.2839270388574618,0.23529130365753925,0.3152813905823824,0.21613664727407522,0.24206879895572636,0.25928524032653416,0.27802865695294887,0.3683732835067084,0.2826647762859876,0.32573323443979957,0.35689749752092553,0.23246515886368868,0.26481683572320786,0.45876705760366615,0.3312696019387722,0.21866953468879968,0.33336775213575504,0.32003038722089183,0.2580472548454842,0.2445687767485359,0.2725329252487605,0.32393810648997273,0.3655930434904249,0.27099335269992764,0.27197470675389407,0.37544691535017827,0.24422530517681856,0.24992364557586533,0.27940662058804916,0.2474063728156323,0.3477471491773654,0.24153176724490408,0.32697728092656875,0.2447346155480508,0.28938165625661694,0.27846116099957896,0.20868948075283247,0.2566781479878449,0.20390732113087742,0.3061629178415432,0.22419256416343375,0.25609405335778385,0.2137098398341374,0.25701704674426673,0.27043424439751274,0.3912355334747837,0.288004774005153,0.3149528949675682,0.2956886927407464,0.3535155447709199,0.294319798630162,0.2514676706140935,0.29040114976843523,0.249571970856232,0.2676168418623152,0.4303114999400149,0.24090183785873545,0.32728822613950437,0.2999956066219557,0.2451638221154682,0.31704244832740547,0.2288143708373174,0.26273494252719237,0.37756080721855173,0.21676425226450158,0.32400360931627586,0.26445262676533815,0.30602584885196227,0.2923895046382657,0.26828594211374607,0.26226229718043,0.4231783832416796,0.23102736212090644,0.25563474127061125,0.27680836739815406,0.2288178522951817,0.26903484992192983,0.2794255990289491,0.29955837298531623,0.2945501716016721,0.21604729609639498,0.2764452678455941,0.31393103172346204,0.26247104338669436,0.27503317237086605,0.25374486617188313,0.37826964230264953,0.2985313419431587,0.3341162149345682,0.2037635006565168,0.25836070701221847,0.21957958804843436,0.2986132080663677,0.3027969040327274,0.31191210369337696,0.3043482795178975,0.3929254150116722,0.3899063430938212,0.21708122260430351,0.30680614025396785,0.2421176861193754,0.23437266356177508,0.22297097176406774,0.36674562286181894
0.2762202240906186,0.30486058078230266,0.28021995762519863,0.0,0.2234606967626964,0.27514774786649493,0.3140344901914838,0.291093004274993,0.2460321165622909,0.29985936993042767,0.31907850474652266,0.30725912323579224,0.27609442884005664,0.2733349342104415,0.31277245633534245,0.2611348452459064,0.2887590080762972,0.2862226676907319,0.33623695700921685,0.27488801567696697,0.3294879126873754,0.29234418270635215,0.31437609719684917,0.2587715852588098,0.32652332904748993,0.30077252366701457,0.2657656684748698,0.31369941618174607,0.2893206147161543,0.19823421219404824,0.2833453820934351,0.2825881038228932,0.41087705424538745,0.3222271817536534,0.299491118477902,0.3764398576708873,0.2832962024188371,0.31893274586069725,0.3136499443077615,0.3297716095545051,0.34062748895543626,0.25578554344236787,0.26423693827229694,0.3128032012097998,0.31498423655009145,0.28477050064229853,0.1910486321407606,0.2843350972180882,0.32927334658362695,0.2997612927146309,0.35312699181748325,0.31481226589190875,0.25716861145908193,0.40875116017185786,0.3602445248784372,0.24774094082426934,0.3318048568737393,0.2903715591879701,0.29932255250986883,0.330867880383808,0.33619127106316354,0.2482724488999687,0.2801028631953725,0.2491701419985985,0.28359606914697294,0.29419754404245624,0.36003354433339163,0.23204413572574803,0.2813342658175325,0.28810859221629237,0.2867708670320395,0.2662705201357654,0.3038796212984993,0.3855666695997947,0.30905885964687574,0.23189718511290888,0.33025380398600307,0.2626662157373612,0.2952942949356311,0.2001276859011346,0.2524349784539214,0.3893732571248515,0.23416720600648172,0.2928792476524155,0.3608748931101482,0.3126117058363736,0.30549193787404816,0.29957697918161713,0.2739145342333689,0.26066518784273524,0.3105802850448288,0.29548375887826195,0.28661703740980926,0.27743919171234754,0.3568034662812057,0.2899365660110575,0.24327053220621606,0.3072782891369865,0.25246135299554745,0.31724383852170884,0.27842105818446433,0.29180642682807983,0.34312812039918505,0.3066425768449926,0.30688963289404936,0.2634548977509596,0.30517567183529204,0.28907977527616513,0.2746801259843148,0.26064120006739266,0.351797727484697,0.33104916536112555,0.37048150128035556,0.2959058010403711,0.3091093403954955,0.267571283318055,0.2753294681592176,0.2769486373114844,0.3425758663536789,0.29288835977520183,0.2751447192879483,0.32957620790981623,0.30298768630667056,0.2758340212028913,0.2551410362734459,0.29700559033858454,0.3173015063532496,0.24909841699684604,0.3695059154196059,0.31772353654074686,0.21868128396853573,0.2893776871551319,0.28783328597434715,0.3507535123489706,0.3456549807581336,0.22369743531571873,0.1980203801860013,0.31847929337986963,0.3452422833910399,0.30971210028102025,0.33834100597869105,0.27764449432206517,0.35728262574165537,0.33295360271980473,0.3050475988044657,0.2937246651001382,0.285878649507807,0.24565169768513936,0.28918433608101773,0.21784050347963557,0.35018743844396477,0.28011648734037964,0.3152312125061869,0.23741597702638045,0.34228283328079645,0.299657682254884,0.29163178888902186,0.2717325017211655,0.35643647831713954,0.29447487612079404,0.2721857821230857,0.27783671740422794,0.292020405936263,0.2986588962817491
0.2666602731165773,0.23472943047746098,0.309663479840835,0.2234606967626964,0.0,0.22564503817163492,0.30108150767273045,0.20864142524914103,0.2282122480170405,0.2571180974620711,0.31341255828608766,0.25921039959971914,0.23984515881673388,0.2236506614280533,0.24871277755318333,0.30916791666945764,0.28786037005544984,0.2664792224693321,0.2259168567174526,0.22640983757379554,0.28526256453646565,0.2917936766553894,0.3032741190079075,0.26764755368565113,0.2591127037069958,0.2730576638469032,0.23029908667703433,0.23435985964093958,0.24674377669117364,0.2656333642263534,0.2294424702805134,0.2389435925339771,0.21180834890918923,0.24232459356258815,0.26893323757331955,0.251415227763034,0.26249840577590294,0.2469031109743788,0.254059169986483,0.2675245003306608,0.2402394959294634,0.2959744335580718,0.2442000335475896,0.2777519816034971,0.21628084443562376,0.2274276622345313,0.25707117101336946,0.2987136068520539,0.30762464222060243,0.23869817574208863,0.2611662175736616,0.25328281298226335,0.19524767370685633,0.23158891420625308,0.24988707794009526,0.2256192867555735,0.2342794988825465,0.31870715750549033,0.2213482378730096,0.22583934118145008,0.19007030495635613,0.19711161904876864,0.22514009397986892,0.23290039144437713,0.20782580868387063,0.18438953575798137,0.22384779384804118,0.2531861183838505,0.22236601235588005,0.24764224371520244,0.257642347657486,0.21474266221959948,0.22469612076899195,0.2577160887156426,0.217835926629768,0.19579770025933907,0.25438395148837933,0.39535637166813675,0.2083966441008999,0.22300231903082068,0.23245553462058618,0.2548829315961325,0.27182296352667623,0.20055829323476226,0.23550941976949533,0.24142860428669202,0.21827202011117902,0.21460411833495813,0.2098231875167162,0.2113318880590113,0.3632440055538977,0.24235571903792688,0.29350253361657813,0.1947784809705126,0.2551417837025043,0.23503152201368055,0.16175163366722284,0.22786286057595387,0.22484358025964266,0.21758148892749643,0.20610843803779857,0.2084067857045648,0.22009789238270702,0.22363640951182878,0.2139377973367286,0.2546299379404493,0.20389295213048028,0.28149254879284613,0.2543329334239914,0.26535507553367843,0.2711520240645198,0.266313766291669,0.22214577782419456,0.24243970710680426,0.2122952089751655,0.2690736567831719,0.21223642223503641,0.2833975983009878,0.2458171271227505,0.2550645386492152,0.323407742951831,0.2090885951550134,0.22971099488233404,0.2959640203349913,0.21791473022191046,0.23912433998596547,0.21747135621993344,0.24199235613368048,0.23928609545611657,0.22076872605026437,0.21564121224674956,0.2502652772882906,0.19507342573312295,0.24978463464157588,0.22378722931036013,0.21677032397663612,0.2234239726025533,0.2704531201714422,0.25214072799169435,0.2566479020154741,0.18022281276046417,0.2548560099458673,0.26200309708405534,0.24322936717794233,0.27118632201961673,0.2530777487527569,0.2780091613562407,0.23971604121293724,0.25581731139639136,0.20850081376575863,0.22476247693477863,0.21033891309301528,0.26364414880237375,0.2514499584191622,0.27110667343827266,0.23370674225272822,0.23132947649720523,0.2841164849446557,0.21078108148291427,0.2434356453544694,0.20229934818035433,0.2217871449471287,0.2264412772828303,0.35519107908575553
0.3616093393689234,0.3677980377206414,0.3658874804953856,0.27514774786649493,0.22564503817163492,0.0,0.28080634810359806,0.3077082709761249,0.27555796075295425,0.3060446084768202,0.3117725666454187,0.3773980211418797,0.3875386109413976,0.22480442855750235,0.33467514917318,0.33522668119865573,0.33604577891865733,0.25754455520356523,0.34901180934323794,0.325833408488069,0.34488711024882523,0.3443903189009129,0.24364782254139764,0.2832347772990712,0.3353850271199994,0.25549208104696336,0.21713959377885372,0.28976363188757615,0.29167390983266,0.26947886471511334,0.31325976884627393,0.4024772355696185,0.32693900149928756,0.28446734953699726,0.2754742783714416,0.2660823552939023,0.32963546032344443,0.27384130617203967,0.27726484455802003,0.28168584036669997,0.313904787030551,0.29746587165681015,0.2928628604321709,0.32024562964169473,0.29242139122682653,0.29317529682369703,0.269558578257178,0.2851514781633458,0.26699413506065944,0.31490751111952714,0.34910421473197506,0.4093125469411198,0.236179827665237,0.323606625441274,0.28529916882015455,0.3102962484815575,0.340832162660013,0.3676801349402099,0.23607073361309938,0.29711554834647924,0.30982365692051433,0.2702710238495991,0.3512390057523965,0.1982019510096444,0.24792226745584525,0.2677348308743509,0.25916798738092206,0.33510143907053763,0.22842234791129606,0.28360616836278263,0.3590059158635609,0.22805119311653244,0.25848483177357684,0.3466164945375031,0.3369148516502914,0.24960787964497264,0.28035775323099366,0.2611404229341559,0.26598053696336943,0.27688569587793327,0.33618890983331257,0.3182415370852444,0.3223710472521192,0.29989462441829534,0.27857986453644873,0.35607855481647555,0.2782673634334659,0.25705823409864437,0.30786026110174747,0.25844987804297215,0.30545265577238945,0.2922791489879446,0.3215039723172208,0.28228869925802896,0.2580108086865978,0.3300240476635005,0.2471935684544692,0.31399950329094417,0.21143289244614535,0.3111907889979897,0.22849087411722113,0.2367072435407388,0.22877804054561607,0.2655128951305618,0.2995280836147417,0.38397151298612137,0.30817867561655277,0.292984653200787,0.2761511244547671,0.326418542496927,0.31844725462492607,0.24756563414839108,0.3396901317236416,0.23854128954683007,0.2835534724004152,0.37857714235661477,0.29917765951612607,0.27278777410084587,0.33938218336175224,0.24371169732722786,0.2687209818974238,0.25725203306182515,0.30184352066016834,0.3722980049994341,0.254841411292532,0.3677346677161813,0.28056016951239476,0.2682955978228365,0.30399632753763906,0.2508741408136064,0.26831837553369325,0.39014598991757515,0.24660602996059403,0.2923969500445511,0.27240526751200067,0.246660549870816,0.3076896058128746,0.2608266865674196,0.24557245787276905,0.28159986343658683,0.2434674755234512,0.28008759539360284,0.2983680152766573,0.25766121375737544,0.2759012359618181,0.27350785973784364,0.37743898973924805,0.2939656276205699,0.32638900268132526,0.2054170701785926,0.28381232421428915,0.25839974194476223,0.24095563981111207,0.25127327990040854,0.33672016806257915,0.2904560051722285,0.34335336458392757,0.361387204074069,0.23872088306290265,0.31349853694175106,0.22739704974136635,0.29881989742057236,0.22294525552247024,0.31792130337254193
0.2923222726760763,0.32567209727595625,0.2956928035819812,0.3140344901914838,0.30108150767273045,0.28080634810359806,0.0,0.25152996554832163,0.24438572106951462,0.3392956492699045,0.29705334394305777,0.365929120153801,0.2965142959319807,0.257013872737314,0.38144891224803795,0.26859948456471333,0.2801040675796427,0.27977617845030356,0.27585633536487614,0.24103586318567224,0.3155565733864501,0.33544892184977715,0.41587957109571044,0.34829568022825913,0.35018741907432455,0.31940018235418116,0.24989600663962067,0.2461535710998866,0.3277808504331517,0.24111789797730004,0.3022894671311618,0.2819283531621726,0.3191301497702204,0.3163999444502339,0.2848625082866899,0.2889061446710035,0.35850031800582355,0.25607463156464005,0.30256296421968204,0.37737780551677574,0.349017467443308,0.3266287821082115,0.29002855799873806,0.348628787874722,0.3162112581405355,0.2946490200250229,0.29291682876470654,0.29819983583209764,0.4091236333896897,0.2545651314963508,0.32924354722074883,0.2951255354384287,0.21719177047580376,0.3325750266939944,0.33028791417626246,0.3105049476258546,0.2663122235035056,0.30406230300710213,0.29023965209601565,0.26167529217126695,0.2257662501911029,0.23099004804048426,0.2353695170426732,0.2557738462567399,0.24508684091651414,0.22092259519147273,0.3129481642360111,0.3213030321434296,0.2388479356682199,0.2606857014174499,0.32664943897223964,0.24997620041077687,0.23958670217112168,0.3248612846812593,0.21881398303546412,0.24024196330583644,0.31314835510714845,0.36266718826310734,0.2545386137757839,0.23060488515230357,0.28453608126606617,0.31040289932187315,0.30518379726684586,0.22069345443410016,0.2739677308393878,0.3038542851149684,0.2510883014022131,0.25366150352969247,0.25888601811482453,0.2758566925919515,0.3453897338846017,0.3701079868112121,0.3045688938755746,0.2361057459413205,0.29352340683615774,0.3724530264044179,0.1900603855775324,0.36222787740453816,0.25274157030730693,0.29992494140485,0.2581059581050022,0.2585301379713728,0.30110250209078,0.3261384673082855,0.23218007988820377,0.31449031220582757,0.24371531140344602,0.33413663448688624,0.35535559563417224,0.3634500959575587,0.3846487435858774,0.29013154947718023,0.27094237285672806,0.23363383402193333,0.2588629077717099,0.3122527743760092,0.2598143983546721,0.31231821169174606,0.3185976224321493,0.26059318576708707,0.30086769775268735,0.2513415309620114,0.27910670037652296,0.361883936187277,0.24527836374283227,0.3518258312537743,0.24801619192837565,0.31960722724322455,0.3049670219113784,0.28773932831453847,0.23169065753971366,0.23982395969945086,0.2184918595580121,0.26313311285819685,0.26683967044260637,0.2631694478506879,0.2730762366227647,0.3628632617779198,0.3110433923749144,0.3123961460624278,0.25129354160517786,0.2756994899216574,0.3196767216688876,0.25587923641355476,0.33672057138572237,0.3749749946090473,0.31950295387438854,0.30868956242672346,0.31803700631797105,0.20810969048256794,0.2758039392203728,0.2630976895924971,0.260232404365719,0.36425804991257366,0.41873370077456795,0.3146953822943959,0.300844806982448,0.3673314323624077,0.29004020449565576,0.29048484007075376,0.27287404459916753,0.26624510280796637,0.2873802277702629,0.3405644806884648
0.33669167417931306,0.3798016390035717,0.3102922536924748,0.291093004274993,0.20864142524914103,0.3077082709761249,0.25152996554832163,0.0,0.3519986463577311,0.37967118373010106,0.2653333620905451,0.30982538698730594,0.3401126284974109,0.2620168253466507,0.30660117348372234,0.3004124987829576,0.29886845192842953,0.2953265918932216,0.3117158640555537,0.33956484218661387,0.28995927727567966,0.2881981263699244,0.2937950674393891,0.25193137239177765,0.35815041808654724,0.24423336456189354,0.28490400802168714,0.3472241739811008,0.2476850034822934,0.24966466635237544,0.4154139014028524,0.3239026720579381,0.29188876252284246,0.3124080133493393,0.30905652431784647,0.3121276413493773,0.32700622473559987,0.32885171036870836,0.2874957386392907,0.29646915357263587,0.27200063887532616,0.2769516905633705,0.2785908463815847,0.245041098133718,0.4263943865614581,0.30979270441390316,0.23800695090469104,0.2472429567884323,0.3096900017283511,0.28805316867007363,0.30482709977542943,0.26865895488225777,0.24656111587620647,0.2789988916721107,0.2955635876831015,0.30685994500296515,0.3101767961014297,0.3102997219393461,0.2934942801217173,0.31337217799999634,0.408033632182556,0.2422070197093563,0.2761454723906035,0.23646875794639774,0.24651428076671023,0.2641225913264189,0.3155734927539461,0.2793535539527307,0.27991120537157205,0.45101400536257646,0.3150343844398716,0.27498797324747143,0.27297158596538756,0.3461951575214961,0.3387941113427657,0.2618021604114187,0.2944910970244742,0.24038598490801294,0.33394222735824003,0.20519127108284235,0.251316159685402,0.3476128711095539,0.3046257346920421,0.32959906221091784,0.31646158938139834,0.4635145273318453,0.39391758450460873,0.3093513011567159,0.36959455971222027,0.30260435129513746,0.26338990672187707,0.29920192565137116,0.28582443790202416,0.2628175665580063,0.32198739026281925,0.30664574100761294,0.27472687198410956,0.32675586330267414,0.23249873426571463,0.3671796648219309,0.2626161958432004,0.3223424203332238,0.24809712156455807,0.3125766645714153,0.3382374520792407,0.32268995643696113,0.28986349166779296,0.3491669234866864,0.26936479679486797,0.2793193182089405,0.24573629928410748,0.2809811431704561,0.33693616672014687,0.2883407595580925,0.29278355805333617,0.3371184997165778,0.3098627347213056,0.27831631313752453,0.24603405795871283,0.27395949590870255,0.24767105729702232,0.37468312282871447,0.2756302053764224,0.30716842218198415,0.26142867976597023,0.29627111246132515,0.28012508583515605,0.30779947434162125,0.31417564488744903,0.27757704655852294,0.3230960939883133,0.2915164600516385,0.31725248504558423,0.28979198850116494,0.2929023948495036,0.21842702818425622,0.2636626973799055,0.27845327997940417,0.3235256597483753,0.33089102982457264,0.24988851137758672,0.25238278764932287,0.37299395171210326,0.29353889502015434,0.2721799751357354,0.2991705820302381,0.34363327129210935,0.26364055683437626,0.3854732713886852,0.2075835688157157,0.3589702070794715,0.2761841689323887,0.2630787250685232,0.2554614668601778,0.3248570170111207,0.371737761884261,0.30571154989159627,0.3117326867410734,0.2508625567277447,0.28483628406813943,0.2459513795471461,0.3051011496088279,0.2645213364911824,0.27965499898614404
0.36070041843123507,0.3099377257953742,0.2833196308990259,0.2460321165622909,0.2282122480170405,0.27555796075295425,0.24438572106951462,0.3519986463577311,0.0,0.3133042474475585,0.26522985871138344,0.29499777532097393,0.29267634336700193,0.30010740326933394,0.2665992767210681,0.3002511210083639,0.2863663046867074,0.3239390908764052,0.28623357390287524,0.34574398689332014,0.26487328104191316,0.3315729021814542,0.2784494027873494,0.23619484633304902,0.34210920606075607,0.21586977852283373,0.32255573936826365,0.33143221109481014,0.24006299094619876,0.3515307166962033,0.38422106720311205,0.32139830007186604,0.24351908450564186,0.2752422511076618,0.3403984094428805,0.27421893883828047,0.2814287528658996,0.3602126972235111,0.25436939005876064,0.26081736352884516,0.23268532346730175,0.3406949098712039,0.25127578946019774,0.24598970691399322,0.33083934412213006,0.2670908834773681,0.23104698652357744,0.23016910480405592,0.2965841795124192,0.27763494213961604,0.25918043038014166,0.23234298055405092,0.23581318494274006,0.2501251138561074,0.2602896897941171,0.35020223778848697,0.29110761969817267,0.29893055925321455,0.27474532303156773,0.2670536473069297,0.2626501943262941,0.24104013663783697,0.23337761064550258,0.2694672997438535,0.25183575762970994,0.24206178534212602,0.29631140180676413,0.2597562598661509,0.28280619758744363,0.34419995302024753,0.29688414149048187,0.27772990545947174,0.31745796817050786,0.2801953949290272,0.33240802856415447,0.26133762178999054,0.23287475765177532,0.22071510670687106,0.2679347288583545,0.20644381362962258,0.23997665389583747,0.35223929762863965,0.316496780692971,0.27134873169105417,0.3104973628683317,0.38510723951405457,0.29947724646081364,0.3200140122326539,0.3234518261039807,0.3394157107604564,0.2961485341071065,0.3310246417999394,0.2728384145129727,0.24820968326994672,0.31918178151466226,0.3023401417089512,0.25254051610064965,0.3165163196131837,0.27787589859884404,0.2873435744216642,0.27937469199658505,0.24558775198332808,0.2603020933560598,0.28026986205931886,0.3292761145424538,0.2727678175237567,0.23953004618134383,0.34743428270335486,0.24221336689486397,0.2533314209458267,0.23190755500678162,0.30067779778792436,0.3015698513393391,0.35701591437193314,0.2553595553596716,0.3098394383024798,0.2885235707024651,0.30637205581039334,0.21935866669886558,0.3077024232911055,0.25838856687423145,0.2670906287413201,0.2748934801234115,0.2755526546192662,0.33380372775849687,0.25469142084246055,0.2768972797065803,0.254664449641226,0.262828677105941,0.2663811091576457,0.4582780827794993,0.2913672338013863,0.2815109630537649,0.3172872070589334,0.27324570537890464,0.22460130405283407,0.28000241577540846,0.2621555031291444,0.32811873224876337,0.3341946111878324,0.23648319159523062,0.28937432069503083,0.3307672643147845,0.3289982863603774,0.2710968568101394,0.30273561155853057,0.35857199180287086,0.23759610630689065,0.3586272426600683,0.23674770123613706,0.33181680474992453,0.2606883009080298,0.2899462653019078,0.26629001053016754,0.29532549111979733,0.33547928319019504,0.28717117216306676,0.2848747301414039,0.26263033850865425,0.27697701359905114,0.21628362362323877,0.3175588523262185,0.29029539654783665,0.29872148094245515
0.377506939056941,0.47566862041539504,0.3407486880679279,0.29985936993042767,0.2571180974620711,0.3060446084768202,0.3392956492699045,0.37967118373010106,0.3133042474475585,0.0,0.2690233930423492,0.28487350902579617,0.3530535987009541,0.3238997796441182,0.3260828434567824,0.29407056681042537,0.3255901913587948,0.3840455659161542,0.3221644252797352,0.32209710348859855,0.30206617231359156,0.314919822820232,0.451338983810464,0.2897036199959166,0.4863957519941875,0.26113919487588155,0.29487069694945295,0.3583148736244045,0.3398603708145466,0.2656170930871317,0.36491893741708814,0.3444839978714638,0.2815643659920045,0.32583328641792514,0.35344146539066607,0.30773346052971884,0.3499374483317807,0.3289305693901825,0.23965090794496602,0.3554028011891483,0.29054884469345793,0.3339613344523524,0.28101973817612347,0.26712842500626993,0.3584471555063646,0.31613818505008084,0.29036919171125886,0.258485870780334,0.4523116397664265,0.2806310772640964,0.30858726322309704,0.29005161795929574,0.2600985543609624,0.2905886407261058,0.3039906495844256,0.3824177477999505,0.3109383434913869,0.26391203571770444,0.3494764546725936,0.3257593804367237,0.30525503123313086,0.2509587689708232,0.2520263026997579,0.2594241300104004,0.2756730962956372,0.2643015064254817,0.2998120926505017,0.32727250470303176,0.31825802752937404,0.3813755465563872,0.3127873546218128,0.3410176735087744,0.26547381205767423,0.3535082648019946,0.3034404846408965,0.31216922001141667,0.2642900864480445,0.3096738313013433,0.2939573962100492,0.24578941667781345,0.3035328398250347,0.3464254847616867,0.36819341638876235,0.3317560964756559,0.3213480114612429,0.4409188362294563,0.2952733225165539,0.3178649894994473,0.3742211676095078,0.29352272607631114,0.2916727815054957,0.32504610105535686,0.3176841326870333,0.27192192196859793,0.3596700867821973,0.34860911323795346,0.21590035273742175,0.3647208349384371,0.2685836364974886,0.3754326940758699,0.28911341387278816,0.2591383898867905,0.2673324043717397,0.3770002553223735,0.2961884615218063,0.3229765675005481,0.2702359093616927,0.4860578912158749,0.3224644583757242,0.32762791963302457,0.2719344227132508,0.29685224774850283,0.3466015830555934,0.28646079765986526,0.3053130339129223,0.3736174848585459,0.3454873899369487,0.34545951359628235,0.2930181128313119,0.3196328873278454,0.2735782210716266,0.29068505183443805,0.3020268330133487,0.3564056118286822,0.28704427034451724,0.33495490025133623,0.2982632607051201,0.26084043193384504,0.36406636434653894,0.33172826864282773,0.3694432201920489,0.2715001658635712,0.2798049183931516,0.28676927351935566,0.2734580917667391,0.25586162678904606,0.30351898942482275,0.3527789282007737,0.3571273842668826,0.3312569847232707,0.2752024747006648,0.30415970893739325,0.39459762172964435,0.2744044291379313,0.30544390983328024,0.3617182644876067,0.29673431706378395,0.32579197571151663,0.5423131188383725,0.22417542561116008,0.29121483925453895,0.3330471128078124,0.267182413008182,0.3134417088961609,0.34880001660679016,0.3527663660266016,0.3136915255062046,0.35827875819087235,0.3029132290775773,0.3357720819853146,0.3578776436637167,0.3703478430622628,0.30905165299718407,0.29918240291309367
0.326734271001621,0.2827289762965542,0.36967331188333674,0.31907850474652266,0.31341255828608766,0.3117725666454187,0.29705334394305777,0.2653333620905451,0.26522985871138344,0.2690233930423492,0.0,0.32826208038952875,0.33914090952306536,0.2657017508706877,0.2924049560199686,0.3855946914047266,0.3855413423023402,0.3031732274702613,0.2815757258714009,0.278876901510535,0.3678547597474042,0.39896400527011366,0.29710672401810445,0.2951527091687908,0.3011485971193295,0.37292244690504894,0.26967508650272465,0.3328471398808825,0.32268965474436834,0.2682266168704032,0.26410664916561355,0.30232443010594356,0.27859007193669194,0.28162448551907604,0.2988419316587651,0.3166141289880769,0.3573978797923539,0.3259723339773954,0.3541306167540072,0.31960955273244385,0.2947764396707653,0.3363061593827093,0.3029074277440573,0.35151219725631294,0.2846863427936109,0.2703010848611701,0.2121020414674284,0.39803284257128246,0.3324299133496693,0.28754712528682674,0.35854532897156427,0.30799498955421634,0.21999033419792732,0.3466450679731092,0.3618602433046341,0.24216051375335096,0.31684333878804427,0.4097219620934919,0.26210542291786737,0.2792929491306863,0.295384921234042,0.22637947183781865,0.32930520534837027,0.24559377671449728,0.22658331561743664,0.2469831543355663,0.32192420101626235,0.29351505838766706,0.2979830949666716,0.30986978210564614,0.34566658535944067,0.2342443298324437,0.30751649834796435,0.38255761140129196,0.32452918372220996,0.22107420054330365,0.39997553591583557,0.3077656405871849,0.27155851683487836,0.2319548143195797,0.2888197207708835,0.2951845433014131,0.28015615264543503,0.29415830154259504,0.28851031908824554,0.3053473399026322,0.30059824913890804,0.2528152271530598,0.2356551280038283,0.2635371059475862,0.4525513473609136,0.23489844054336642,0.34245428565971237,0.25317588443642697,0.3030030339181115,0.2873884177812425,0.21051497106554326,0.24027880087415976,0.23220730374114443,0.2625268246813238,0.26322664452328043,0.26932671014264453,0.25330228802430504,0.2288281311708318,0.2782617985905865,0.2920598968394734,0.2654818198285376,0.3097640346985872,0.26702936318287096,0.3201726103082347,0.3695392490067903,0.3028490652809107,0.32078105833252263,0.30405619216021934,0.2854102259981142,0.33562197966245577,0.24509204281124655,0.31629833561186355,0.32767919324319883,0.28630877958239603,0.34097298420992833,0.2570194967902219,0.2986215063551112,0.3377206150398892,0.2503821160789197,0.32723999697493866,0.24594202889931377,0.29220790479975645,0.3097542667255793,0.2676549023787321,0.229492360973872,0.36595996583138163,0.2795037927285356,0.33266890453721437,0.3410870241475275,0.24606538141351755,0.24858715985461616,0.29332519088607945,0.3031876180962143,0.2972173127492502,0.24574765890841163,0.3052620116716211,0.27086550532944154,0.2975359502671816,0.3735217439234437,0.26469073707176866,0.3242324391371534,0.2649761722198065,0.2786680561735166,0.24394124729618774,0.34116937333767056,0.23597813022843953,0.35714730905335823,0.25165822464198373,0.3072110017409089,0.3046440024564427,0.3253999682563306,0.3141708958232425,0.25706943149770556,0.30265386213756723,0.23216206215022292,0.2718467707294701,0.24104133812358183,0.4934524240622385
0.2953013141880533,0.3335779794867729,0.31425437360678576,0.30725912323579224,0.25921039959971914,0.3773980211418797,0.365929120153801,0.30982538698730594,0.29499777532097393,0.28487350902579617,0.32826208038952875,0.0,0.27577904456543745,0.20291454286116636,0.320173045614585,0.2952022495090562,0.2995404605747364,0.23783833992765377,0.33261783937877565,0.27405603845399795,0.36948323634472335,0.33290171909002225,0.29801436650210206,0.31714381726668706,0.3494510541633676,0.2980531337110676,0.2507000470625065,0.2566799830199378,0.2660599425192707,0.2924180330179314,0.3311914503252372,0.29518961777883357,0.30805113995387184,0.34327211820661807,0.2570069319258633,0.3004602156332319,0.34195004192193296,0.276038660004729,0.3703835218959641,0.29663751096608854,0.3230929598338398,0.34689879273290813,0.2867811825444133,0.3404539557860018,0.2992258307107111,0.2878342437874461,0.2790106451438669,0.2982403175714115,0.29936620263381736,0.2811232454578766,0.3574210660867914,0.34146381019827426,0.2132970821279385,0.34946119828848154,0.32209663934625926,0.30722642441036196,0.31157958112275075,0.39557836321953865,0.22394627897889516,0.2688425700121649,0.24930227385600634,0.22968588633203577,0.283891722150352,0.2194340485653101,0.23520718610720867,0.24169255157567485,0.27654594378720776,0.28412557627622814,0.21453329956213632,0.2641899581905373,0.32170804921410223,0.21568352674247582,0.24874989260568445,0.3215545527361813,0.27014270849425576,0.2219912709714962,0.31156769385439087,0.31644840870516683,0.26356085720409583,0.21803579391515596,0.27144425429791114,0.3406421778535802,0.3281891560686308,0.23033540409517989,0.2917853732418597,0.3447282420246501,0.2670785193781681,0.24372249178531635,0.2722577993177504,0.3286256312793474,0.3380861870694885,0.3157950053144882,0.29131559182084976,0.25665820389544824,0.2654921864164566,0.4061874932381903,0.21525670657776197,0.3329370698858027,0.2230300921708796,0.27297020397830896,0.23030876633867198,0.2555787176759401,0.28028974845135257,0.3023059146431128,0.2529293875987654,0.3272356282152429,0.2814734009172453,0.3065150687539802,0.2719531147066216,0.3717652308812158,0.44111701758554,0.30566328514003815,0.28720781996331934,0.26847687615953925,0.2601452337560027,0.34403087467950355,0.2524454591460067,0.2975352763080516,0.3161479690182437,0.2502423304397743,0.2770926862612726,0.26896537994892744,0.27769504845263027,0.3394371895807624,0.22402891694542687,0.3486157843828314,0.25164629091813884,0.3391872299975644,0.3054921019445479,0.24613732210383096,0.25231662396963567,0.2991714131300106,0.2241526908245798,0.3224815867988648,0.29196472304705784,0.22373024919563844,0.30365230291952516,0.28178530959095954,0.2680210912081251,0.3181409258246062,0.22014875091408548,0.2623006109353615,0.31107060256708147,0.28430992686290085,0.33592690515477386,0.36815728351611937,0.5010518217904963,0.27260419313077455,0.3161907429721085,0.21713858769357738,0.3093102475505366,0.24444637444829195,0.2740490410243713,0.2971550857979544,0.4266178154605231,0.28881785746283783,0.3036211902987663,0.3927507243980584,0.23040299453292598,0.2800260481721976,0.20607738651649676,0.251042214305383,0.24777733848692787,0.3589827873333112
