0,1,2,3,4,5,6,7,8,9,10,11,12,13,14,15,16,17,18,19,20,21,22,23,24,25,26,27,28,29,30,31,32,33,34,35,36,37,38,39,40,41,42,43,44,45,46,47,48,49,50,51,52,53,54,55,56,57,58,59,60,61,62,63,64,65,66,67,68,69,70,71,72,73,74,75,76,77,78,79,80,81,82,83,84,85,86,87,88,89,90,91,92,93,94,95,96,97,98,99,100,101,102,103,104,105,106,107,108,109,110,111,112,113,114,115,116,117,118,119,120,121,122,123,124,125,126,127,128,129,130,131,132,133,134,135,136,137,138,139,140,141,142,143,144,145,146,147,148,149,150,151,152,153,154,155,156,157,158,159,160,161,162,163
0.0,0.29158402276692746,0.2671274381301779,0.24559982534386282,0.25655443965796926,0.26040182919363536,0.25812163740922495,0.27250189335547126,0.32469147911167556,0.27603821702974124,0.30257209714025907,0.24895815851696784,0.36486433924909334,0.24526622612703305,0.27906011178571904,0.28418901239184974,0.2970451734169286,0.3980813018855117,0.2805563208079412,0.39870274085054375,0.2921078414493572,0.3140109597022897,0.29198545161653694,0.26953319081784416,0.3412368841797295,0.23747525893269164,0.23935623925902627,0.2885736874078621,0.23012897245039315,0.24269260697283254,0.2892502757237438,0.30138995141509684,0.24763939212160135,0.255665918193644,0.32811182758061574,0.25087347988543657,0.3652043830577236,0.3035689785961326,0.22916251968110285,0.32854404204154947,0.24602288858016874,0.29328486026469475,0.29089279304943805,0.2758078364658636,0.2885323619545712,0.33006978373152995,0.23804720660997017,0.2760807633952397,0.35500811678981703,0.31802667350865393,0.3182432710216857,0.2810102967969941,0.2598844806393158,0.26155104442273525,0.25636204720697314,0.2737317494356002,0.3811848848258131,0.2718699277352015,0.26750718456742667,0.28543149805678664,0.2601596020866779,0.20734317688343068,0.29104755840041163,0.2179362134525571,0.27123028530121324,0.2851618371736263,0.28673396635231996,0.2876396583405828,0.25318775021743206,0.31553372338548813,0.3825366522218531,0.26288187602210045,0.2876460660298572,0.30865630035932967,0.2871342903802918,0.2897164705826694,0.23443129185950295,0.2486549784555848,0.27516110764117585,0.20334132203524882,0.2608059936794841,0.34714353771779016,0.2816301178094436,0.2604418519229026,0.29510304928885756,0.34240140130741414,0.2967365533247066,0.2999435221707313,0.29712000072409356,0.24799087011058846,0.33655500830086427,0.2687814430004175,0.31145624440659486,0.30161447766212984,0.3173887452169401,0.26042197581644494,0.2050754378208402,0.24835896641182031,0.2162894134038067,0.28815154722576514,0.23760208899268997,0.2324320719755227,0.23309074887841122,0.22719025625761138,0.31147443590103785,0.2872881450685473,0.25024606834310775,0.31177592277802424,0.2917401558623278,0.2735464661476324,0.27140565309903036,0.31535325833792316,0.2988116712407131,0.2459138889840342,0.2909893208445439,0.2997315405371246,0.2960117324944773,0.28853721528053816,0.2339966823406653,0.23286253574882207,0.2661518510213325,0.22273594043782086,0.30026795735401696,0.3342006196970428,0.2644863075651215,0.2501838499015744,0.2170032728786359,0.21480769072360217,0.23743862756001616,0.30802049451180646,0.2339721017373089,0.2614011145214869,0.23292838147998662,0.2921611771400071,0.269069215794616,0.2546601931501884,0.2803900460400994,0.29866985469084606,0.308422572493646,0.31558583484082103,0.2321641367916033,0.256229767732413,0.3368486649676629,0.26798961901608165,0.29440852001028656,0.30192993428628495,0.28570304254200907,0.24016440378216272,0.3440458057880528,0.1604690837560117,0.3437121962219945,0.2657201968611868,0.3050633874620159,0.21588428624828093,0.2802813046965338,0.3249041136588676,0.28809778541122905,0.2621332437252505,0.2644811579252797,0.2744583823023663,0.23344756912194428,0.316681724842448,0.21581245859797563,0.3956773269295335
0.29158402276692746,0.0,0.2616255905953973,0.2504998636594436,0.20663183568318522,0.3369465703644057,0.253429337251028,0.3425020836494397,0.2595259980051124,0.35081345559593585,0.26123761911238824,0.3141288374425418,0.28920517809660523,0.2543930002025119,0.261452483172003,0.26037898041112223,0.26765835075825045,0.25257943453625514,0.2924308853739537,0.29376290812929384,0.2772263980314099,0.2984318713359108,0.28135627848265343,0.2690766310481012,0.3366168911220139,0.22231635611515121,0.2347185831418124,0.26207180324604656,0.32138089129615555,0.21863106960708187,0.31715530008377635,0.29571984303993243,0.3018163478042924,0.2628079074918337,0.2836824515838306,0.27298245405950483,0.28021708822687,0.28177641887065236,0.24857743149712688,0.2938211652811935,0.2986363569449758,0.2761845176560984,0.21132809801232916,0.24154874942249255,0.3403541126929356,0.26113505927246755,0.26311616081583694,0.23117254809426033,0.2876324325051381,0.2604971180217177,0.26592057470501806,0.272469122685143,0.2834149130421563,0.3055102414275285,0.28549177419012456,0.3279835009462693,0.2842737533042685,0.25903308743493925,0.2586326063536859,0.2958077314317446,0.28620927213425706,0.1930028797168865,0.23982788114605694,0.2053304570958507,0.21712024243335523,0.22873657247740325,0.25449861031344384,0.23975519631194372,0.21083720041352683,0.2747129682474948,0.25942136533529925,0.2519519355914738,0.2281706918006395,0.27865919118122634,0.28957667698328654,0.26277672982429195,0.21653808045611098,0.2883685324925905,0.25138260898826137,0.20595788979129273,0.2474948801407688,0.26970870784605827,0.31915461912980714,0.2607283629820815,0.26306262234518324,0.4077873410650987,0.2523753597727668,0.22810792612112732,0.2753908550379783,0.2940735482257425,0.23539878183188384,0.2803267720251459,0.28698194632737956,0.27953074402741734,0.2765901895136435,0.3254324056193701,0.23299675244863405,0.3009584397711295,0.1996459974453143,0.29107589390165867,0.23928078393041827,0.2060137968726303,0.19429141492114876,0.25063454410944436,0.26007249336804517,0.26146388579597724,0.2334084760497597,0.33986489932016734,0.2833537514645433,0.31611205363562417,0.2541217792453042,0.24821088117195558,0.26991151891211845,0.2261812414125858,0.29490567925229033,0.35557912576338757,0.3041347333744002,0.21786229320234765,0.24631383017533962,0.22730811191226094,0.24204198451667147,0.23119071050473775,0.29369612583222404,0.308324356775378,0.24833308049908967,0.32368526745192194,0.22546102213955327,0.2632574413525142,0.31667302001061515,0.2541521540456002,0.27539453971683164,0.24040802103013978,0.22572341776694343,0.2953039890853488,0.25191522338438743,0.21559521477192056,0.27725340659366376,0.28403557420076403,0.27838513829793465,0.25355617368872874,0.23569333290042424,0.26379886926143714,0.34644879919161653,0.2558867023843573,0.28655550216357184,0.25921951884460737,0.29918059841707506,0.2485242567984661,0.37396083810518876,0.17613978049316725,0.2520088539792719,0.2928405587309597,0.2355743878140226,0.2537419975272673,0.2785458555727818,0.27568743422284137,0.26550479326689574,0.28762354384550815,0.24464465302949462,0.2408775346445315,0.24273792966818347,0.3225932962600253,0.21234337220627666,0.25883414427773316
0.2671274381301779,0.2616255905953973,0.0,0.23223848399794084,0.25362704696216337,0.27934704643541564,0.22734468084688741,0.2700702485470414,0.2219417031942096,0.3234072088871681,0.29381705824388016,0.24944907024565166,0.30827667434417105,0.2017353734842551,0.23663601755490868,0.35150192395229,0.3164909765236787,0.26862668813264634,0.23271214264356838,0.22542736753754272,0.3217951243236178,0.38039776403845776,0.2401717202620617,0.2547257625958215,0.27507031976423924,0.2459759654777156,0.22099683000963835,0.2501559453968741,0.22408954967742137,0.23483726099193963,0.20620817774113753,0.27175145376400356,0.21023525033693333,0.20766510912317418,0.19863625511613328,0.20941514835769678,0.27057553866213846,0.2355528666619502,0.21296481613445334,0.2759805186939263,0.2142405441314373,0.3059458681577671,0.2398810799249524,0.2155321351848977,0.2541488909897175,0.2493717118172888,0.23128702681486846,0.24969031838664602,0.255861245914173,0.2272505095017313,0.2619746204991682,0.26191019574556823,0.1932785666564456,0.25716603083234607,0.22818624523033298,0.22129597153780547,0.2411640994293933,0.29471792266527097,0.2261001409208556,0.21745610706771187,0.2413983106136117,0.180797671097366,0.2701360002049742,0.17835005050809122,0.19933249821175006,0.22419391642647496,0.22823752335632108,0.28588291788911385,0.2482030386850751,0.2845463425243647,0.2713715397582363,0.18173825698752463,0.22454297034269619,0.3521521324182191,0.27760315435978733,0.18500799072292698,0.26419496214879407,0.26266517469087763,0.20735605644550126,0.18475381317986947,0.24707539915829949,0.2537188089820352,0.2808132099037178,0.22597067948054486,0.22604746384750204,0.28311097804227403,0.21977723012077904,0.19781930348999308,0.2294310022846205,0.19673243927552783,0.2652425030152333,0.19077999389405878,0.24142699611582785,0.19238322073479086,0.24132062936106155,0.22839014678822958,0.18047381005733118,0.2236426417906174,0.16244630421471237,0.23198757416725646,0.16884344858725783,0.2310954039266108,0.1821220998939791,0.225229757866259,0.2161566690798692,0.29326800272888004,0.2371942045373092,0.2775946483243626,0.24280908238209853,0.2909538559312317,0.2391243639219939,0.20732437408066917,0.23053205955622924,0.21761853939316145,0.2073747122322433,0.29990694702955856,0.21141574624085283,0.2593185014515026,0.2554851712582496,0.20446291531178887,0.22145745368465003,0.19619481648436427,0.21029240155943016,0.2745156376876028,0.17193349414650705,0.25238550608616606,0.1997068803303946,0.2258102135505084,0.2430964284092504,0.22146763374258646,0.2230845416618273,0.3374713172029898,0.18080873179847787,0.19636862846047504,0.22946530231300855,0.18584902072216244,0.20514895180456424,0.2073536922204779,0.2628075067760515,0.22743729421432748,0.18960541458336277,0.22311653114411978,0.24597391035996408,0.2303025813254339,0.22931595875076893,0.20244643313419486,0.2709434862204223,0.25297525088543943,0.3022830790873935,0.16325256486979953,0.19949046159842862,0.19300638118810975,0.23756265691695005,0.25753336352944867,0.267716854912675,0.24334751601406107,0.2713223006750912,0.2961790215581656,0.16969905642263783,0.22714792426642996,0.23981080390318676,0.18733937202129214,0.20447763377163145,0.2714102575251095
0.24559982534386282,0.2504998636594436,0.23223848399794084,0.0,0.20041913191625654,0.23919334580030835,0.266225107024743,0.2586156744485813,0.20337186652033118,0.25848514351512947,0.26307577306054947,0.2500440579676913,0.246627440320288,0.21922609216402572,0.2569517806866759,0.22819001042421064,0.2606201157559372,0.2568683734448304,0.282771339550128,0.22918374561372015,0.29714666407260815,0.22873045579405737,0.26897846602043457,0.21600703704700464,0.28511620764011497,0.25655664467077044,0.23060874244784685,0.25846049382117786,0.2274312589990876,0.17827605230279722,0.23090327659699303,0.24383275396387838,0.3523202868370211,0.2529623848391114,0.23753852153492291,0.258101094480087,0.25359855241286705,0.25369260229129814,0.2322936481157784,0.30799829297453657,0.2760086212165891,0.23533912601869986,0.23809854427241103,0.26431090502550875,0.254015567133016,0.27187202717531855,0.17846871014082044,0.2346012088154139,0.27309182592252684,0.24529882429870517,0.32981468014912274,0.29471810134000737,0.24617267755714498,0.34497078212002735,0.2686930212136135,0.2180914144702674,0.29596761271463506,0.25742427326004824,0.2648174753429961,0.26920555981203387,0.29560657351773695,0.20298624095042603,0.28189755434219416,0.1842993860508337,0.24415639131575143,0.27893107404255435,0.29514043249211824,0.21020319019857112,0.23674633731811304,0.26074448102060893,0.25038909560069,0.22303707790589544,0.24630704405109852,0.3564660998151344,0.2615133522583172,0.21825328546120323,0.28548164274818316,0.2502432568034006,0.2568304061002119,0.18149343835280576,0.24471265849530455,0.3110211337578113,0.22254641800943606,0.24022379597745983,0.3129685183650855,0.256084424340969,0.28160263977562305,0.26367508370762294,0.2539106077027977,0.20877436321720763,0.26942466931135406,0.24768087798374694,0.2402757602938262,0.24268360586808138,0.30169353793890963,0.2369961290847487,0.2090237391759595,0.2615549689977697,0.19059659042027466,0.2678931636781552,0.21272634540528904,0.26154609408548485,0.2991669483259751,0.2530814359713577,0.25869118856386925,0.2390454741359812,0.26876484840644166,0.24765346417936307,0.25806949883644836,0.22746690141616752,0.3079011946707438,0.26489072382121237,0.3070810814350544,0.25799431243028065,0.2691137502840259,0.23270383038223777,0.27728709126188944,0.20843416660637296,0.2839305787408325,0.2328910205307388,0.22084298839787378,0.29019658828891803,0.24697773480251545,0.26574563443624194,0.20400203184272164,0.24698375149620025,0.2352598346991317,0.20267700715075254,0.28213247189690827,0.2703575836586839,0.18886635971492152,0.2552185547536079,0.23427147014468852,0.25531660924788857,0.24881386214892054,0.19756518241141804,0.1745769099387365,0.25764983536185876,0.27623800442107754,0.26416768264855744,0.3211069344477039,0.22015103923753826,0.31415368658260523,0.2620331884371755,0.25306601797662376,0.23985435368291555,0.23152947463350051,0.235926208675578,0.24314955127534252,0.1561442611443007,0.28602509840112317,0.2752498557346563,0.2533558027496561,0.20471069924636648,0.2990950335854701,0.2530911709576182,0.23606011664730694,0.2547566406368259,0.3076004296278156,0.24936959824960891,0.2626418346187708,0.24628741726425404,0.25380216352246443,0.24695012252901913
0.25655443965796926,0.20663183568318522,0.25362704696216337,0.20041913191625654,0.0,0.18860773530237554,0.25930189689155597,0.18912853855419945,0.21388781120610367,0.2178804179451109,0.26251388093900996,0.20613875899444195,0.20893872940380104,0.19181368592284334,0.25236086971549493,0.2400736296766013,0.24168700947345914,0.2649841701236683,0.20717644668063018,0.2142471908166845,0.2607471919709791,0.27162698364472754,0.25974024123343653,0.23945445902162604,0.22778423610959964,0.21560736529010144,0.20019681929994473,0.1990175277034588,0.1936124370966984,0.22704383191030164,0.2165525533764325,0.1987461194035947,0.19533100684660018,0.18790232668110435,0.252707619836976,0.21219087362539774,0.2344564086160199,0.2177133048424146,0.21770423390570182,0.2380542265401585,0.21619459016904355,0.26286330289454135,0.24333176341655532,0.2473785016724377,0.19192708196153016,0.20856409605388387,0.22526052292754084,0.2548092516972446,0.26982257241408314,0.23048886942687732,0.24349701616210806,0.2161533372957647,0.19447676243337533,0.21074951042006354,0.20767403290917819,0.1866739835845957,0.21576586016865704,0.2641965900555389,0.21153024481316715,0.1974277015352228,0.17122200531041865,0.16232489867056524,0.21832513905459877,0.19158647254892744,0.21466359164854604,0.1764587118997461,0.19160371995862782,0.22916678429831458,0.208912336090663,0.23700905337628161,0.23970030701632403,0.19789664355556086,0.19048299789789083,0.234244797546616,0.1960819797974743,0.17886584008437076,0.20705600675860947,0.3009629290032707,0.18611103069465693,0.17233524952008653,0.20603596208450525,0.2518444120761674,0.2407880017957391,0.1714003220156235,0.20402806111045674,0.20972905201193145,0.19989299862228543,0.20267833260372728,0.18464290322785284,0.17159659705977792,0.32072551711405384,0.21549152368999777,0.26029715983084284,0.17520131410940362,0.22698668124314558,0.19833174817254826,0.15218971202148532,0.189067587910449,0.18435782903361075,0.18452405214597445,0.17739812409674866,0.18805070768498286,0.1954732896401665,0.19354940663280404,0.19955818899586117,0.21348952093629095,0.182952174343096,0.23544943508268698,0.23620176685140093,0.2225540496343735,0.22888492994536458,0.22994244729984303,0.190336501227941,0.20609502555157877,0.19037012327328084,0.22083505801591577,0.19509069269045964,0.24195207086570167,0.19516449224832572,0.1973444174361694,0.27556005354844504,0.1829669955362119,0.1914674014788624,0.2570978097513642,0.19842086147889867,0.19694188656192513,0.17262581199622598,0.19453679545019673,0.1876257614280442,0.21578382547561045,0.18407780087031198,0.21568042066799611,0.16010642086575716,0.20951395763278213,0.20966890435086846,0.21068199837571783,0.19538263665504899,0.2595992162976854,0.23485064199340688,0.24135344369457182,0.17631715572300782,0.20455088221577047,0.23728210864094054,0.21802071420709285,0.22812351962646957,0.21436218497230616,0.253524673078991,0.2106484128504794,0.21996060824030875,0.1463813826373856,0.21021508502343375,0.2004484617594909,0.2466629273112516,0.21027448467059837,0.23165493344776567,0.2181122234827186,0.19980959641586193,0.23248921690713684,0.1924783826636468,0.19242596051623959,0.19288093886277227,0.20060854640684206,0.19455651116297207,0.3117027716757985
0.26040182919363536,0.3369465703644057,0.27934704643541564,0.23919334580030835,0.18860773530237554,0.0,0.22006224687178258,0.28978288401817437,0.21879200640346655,0.2644278885560974,0.2614007741945943,0.30493456510614053,0.3235769075216215,0.19214071251663137,0.23352660108702766,0.2977003424867878,0.27678444249610584,0.19927094680434707,0.2629621288256866,0.25122397025804954,0.2753591244589778,0.2606894159562037,0.2027597353099652,0.22103519012767464,0.2870166824195779,0.2212403300948549,0.20112192736299903,0.24062712922446175,0.25311831923051603,0.21127744906649912,0.25785401204649006,0.32687260074034125,0.27565632263852824,0.23914473088678515,0.2295647936095954,0.22301039538838785,0.27371339671655226,0.23518811461562555,0.2215781418545457,0.23158889269232127,0.2539268047983136,0.252172111869444,0.21314692781604228,0.2610569989843963,0.2581705298088019,0.23246784750408367,0.22560806223186428,0.23659184280161832,0.21152775737089222,0.23586649504706936,0.2517922802564777,0.31358014203640455,0.21349282519887391,0.2787472884151675,0.2420226159568309,0.287272816774411,0.2475104699466686,0.32737323814131014,0.18930312854728948,0.22798081021712654,0.290430889940489,0.20215985463258646,0.27614781283406814,0.16775259583666985,0.18575474667832362,0.21371264080589947,0.22833257322040648,0.24408164103760568,0.1844346807035086,0.2446166553781455,0.2528891967722877,0.18976641060968086,0.2233734205793472,0.27047608265480944,0.2956868416053941,0.21651320390496578,0.231731820608204,0.24889139173052366,0.2159481870728139,0.24180961520958882,0.28583795122446454,0.23447786617047964,0.262393350610808,0.26863167509341823,0.23715567741976998,0.2927882337703265,0.26107959216602195,0.19990864347696105,0.2744837944938285,0.2321202301459995,0.24075240219517272,0.2522748389095667,0.2549243024374137,0.2265270859179192,0.21505878010755228,0.29154014385851257,0.21436979663330596,0.2925599949279851,0.17101472374185767,0.2604602616186462,0.19495847608756983,0.20150046387061737,0.19069103016451783,0.21359265962329702,0.23939720443528056,0.2990435613153527,0.2543399644142833,0.27717522470339323,0.22962451350422186,0.2716064221325528,0.25727693667508916,0.20703053847966438,0.2941717761797417,0.22626657482975232,0.23928392576477175,0.3165510511460668,0.268164321343691,0.19461201834409048,0.30110670466765455,0.21750774774204687,0.21706455308858572,0.2376503525217599,0.25980290509048737,0.2821306430019306,0.21501075062841177,0.29930203575409015,0.2255866426051763,0.22930262993906164,0.2727027246168914,0.2023720779069674,0.24711520168542322,0.31226573375896194,0.22034702636269635,0.24526892749818816,0.22324368761361402,0.19210065363784196,0.24518659863992226,0.21450942730691377,0.21443880984063154,0.2174453242887521,0.2174581771225445,0.2431212513910474,0.24726730225176013,0.22306149224278107,0.24965599764990354,0.22316406639042285,0.27779252018474276,0.25805943320072955,0.27470211668305056,0.17145943933904975,0.2238135641271439,0.23098378311316956,0.19460399254453065,0.21206150692876413,0.29121986638884556,0.23635607518175047,0.24923661046979542,0.3232650845342487,0.20713656573194453,0.25374942521758803,0.21001206243407863,0.25849429066431395,0.19227274916413314,0.23996238561574393
0.25812163740922495,0.253429337251028,0.22734468084688741,0.266225107024743,0.25930189689155597,0.22006224687178258,0.0,0.21043984935224463,0.20372708968154757,0.2586536610005906,0.2465629918511694,0.29261449958355673,0.23908588903944905,0.2021434253436273,0.32741334936072514,0.2083089261728838,0.22196915699289094,0.25229888924160704,0.2615623271796528,0.20877479377675798,0.26859769138818107,0.26588191187027393,0.34302490894762483,0.2968556855723264,0.29178615071740843,0.24601972593920798,0.21021708058644575,0.20612616259570485,0.22857575716266207,0.21129345627644844,0.25303062311622143,0.23480603646634396,0.2764848614248718,0.2518977417815074,0.22461957886247663,0.22076533014617594,0.30305067876602293,0.20643398539462618,0.23709569687507095,0.31178805244358504,0.28066011649099526,0.25929190332999774,0.2690604231472233,0.2796957390013785,0.25836605739086205,0.2573031369585698,0.25633071485685643,0.24159970186455074,0.3700354068573526,0.21912856014248688,0.3062787066333968,0.24254999839003089,0.20234591610463543,0.2860561052791923,0.2680189074751687,0.22907588582421348,0.237929757826774,0.23851685050381569,0.26934763288141284,0.2171770938450175,0.1944366669355749,0.17963598010433215,0.21494798415867175,0.19093109880256756,0.22633576367904856,0.2035727329412387,0.25213238946175337,0.2896791877827588,0.21062119373120175,0.22701571726443273,0.28031513399216024,0.20603205655425405,0.1923126880389351,0.2825512044949162,0.1810685727891575,0.2249964875346947,0.2711003758324397,0.2937647930858585,0.2128288371968921,0.1831098488912926,0.23447603639395695,0.2793340852348638,0.2622308635736074,0.17425039220009822,0.21840166486004,0.23705177029844196,0.2150148340224069,0.24053556237175636,0.22447086580953474,0.20943033910757466,0.27801390673121384,0.311760158137444,0.25260140171077433,0.2164627197898783,0.2406103612563114,0.2877532324606659,0.17195546974488227,0.2684192383675722,0.18839016079257603,0.24437378565016873,0.20575895577249162,0.23041852116004388,0.2639816004963338,0.25995735103540774,0.20069147754418903,0.2444924959230849,0.20666017854351218,0.2436222856943802,0.300376081755085,0.28429536525800864,0.3508513480400786,0.23386446842378975,0.2199820495235213,0.18879901380327652,0.21411483795473218,0.22846468090787958,0.22998508145927424,0.25246608137883514,0.23678383129293493,0.1880353563859729,0.22238995483682114,0.20586255804462902,0.21020408185701725,0.31832162312300244,0.19169795122613878,0.2715445042473219,0.18593040225153398,0.23914296720517914,0.21621413142657675,0.2512245391857335,0.18073112944712588,0.1950770123262459,0.17426117010311573,0.20552628372869658,0.21896965863744106,0.220259878904078,0.22855417039799966,0.2805056120943863,0.25871680298639277,0.2794897463790742,0.2386862753554519,0.20286284840962282,0.274109433711739,0.21310175876683135,0.26339314981519824,0.30473296572058806,0.25596558447910517,0.2552093084465247,0.24561292487293246,0.13822829672821207,0.24395208426567902,0.24292961070781707,0.22610336975633136,0.27575702101520394,0.3226238141551009,0.2742464545544869,0.2521783984033165,0.28889706986554375,0.2491449056361681,0.2330081614126278,0.23798546664362716,0.22391522718746223,0.22610800086070568,0.26944187504330186
0.27250189335547126,0.3425020836494397,0.2700702485470414,0.2586156744485813,0.18912853855419945,0.28978288401817437,0.21043984935224463,0.0,0.28739108359331655,0.3151775268639918,0.23576778242469876,0.2845074323872133,0.3122801082980781,0.2124609738395784,0.2397453692449077,0.28468849894134435,0.2801794409723892,0.2442210418976402,0.26255800549738634,0.2801316810498502,0.2762273573804466,0.24143629135900765,0.2520456563234539,0.22059376023383007,0.3087773551256576,0.22866042879591797,0.2663327283368219,0.28319559296283703,0.2113916699610032,0.22595589031078017,0.3280411484134108,0.2877606023329861,0.2581076460771186,0.2573947989838963,0.24078227070348465,0.25120714862347676,0.28877243434652017,0.2847770933796093,0.24369741670116934,0.2680343181224029,0.2449258339054959,0.26211158586162836,0.23408833949555216,0.2184095833742196,0.3494496937640725,0.27859840755059967,0.22473469713670274,0.21628504230745435,0.2580440609293392,0.24304101228656844,0.25611263746783264,0.2478661664046413,0.2366193418040254,0.2513209170428108,0.24206370844651817,0.28211686808233444,0.26738831453308354,0.3127973704039433,0.24335234306624795,0.2525347659221721,0.36737187933174453,0.19647671601057895,0.26001772500027626,0.1953192611281784,0.20414755276003843,0.23491717127450645,0.2744052286102781,0.23373297438289928,0.23592930507679882,0.37083118398679144,0.25530139308625605,0.22492532676814733,0.2408938825871401,0.3051644480391295,0.3308836423483016,0.2346182059993897,0.2602918903131571,0.24668853556274123,0.2958374491089999,0.18641782284232047,0.24629181063878583,0.2710753875431142,0.2868880398281936,0.29462686764198354,0.29201261451719634,0.39020521529240193,0.36041640855475193,0.25083063978545234,0.32984052140172726,0.26438992301241093,0.23250599903288036,0.24728322391208288,0.2450184718832551,0.2305404171957477,0.27324545578981047,0.2718088175810062,0.24194606512840325,0.2945204303771853,0.1852404205392482,0.298653903017444,0.2108767133882491,0.2730811901289125,0.21151766672929587,0.2468070542141585,0.27808494900384534,0.2991698121126977,0.27068769130635745,0.3333218738221089,0.25765737970314584,0.25499920957812255,0.22147995256778974,0.24771845766533965,0.28745555803312905,0.27865168192426143,0.25923050365205413,0.30676360116708984,0.30493839200382344,0.2105807892615547,0.22436443806859968,0.2329783687144874,0.21487202517374576,0.32512024144438795,0.2414709998531293,0.27167567824015354,0.21673038548170775,0.25785320240003595,0.2230009911318318,0.26455205020408346,0.26946434740735586,0.24486548104726713,0.29450625688102594,0.27396554893410335,0.25728152319491976,0.24121653948016197,0.24202998738991818,0.18822841035641252,0.24089807158226428,0.23524443617670462,0.2814143195591452,0.27255307711712984,0.2267958219882902,0.2236878100113152,0.3196890814043658,0.2628411788662066,0.2646071580794389,0.2578376984388458,0.3034259253459288,0.26067139734672284,0.33664929548737027,0.17143292717138361,0.27686855958296785,0.26685090572705467,0.22703011851413465,0.23477980536755538,0.3070371354706577,0.29228503125513705,0.2452101217778109,0.2959442445305343,0.20924058813669066,0.24019536868565014,0.2390263632590502,0.263966442380202,0.2402670409725814,0.23597189880655897
0.32469147911167556,0.2595259980051124,0.2219417031942096,0.20337186652033118,0.21388781120610367,0.21879200640346655,0.20372708968154757,0.28739108359331655,0.0,0.22608479181489724,0.22636508498875368,0.2401579232403463,0.23871550190775598,0.24236466200619433,0.22231425867008653,0.23790925128055024,0.24000632426229848,0.2866719991055753,0.22371858220098836,0.2981867852209997,0.223068604050296,0.2851844071950111,0.22248170185475877,0.20778372161586742,0.24799816479924683,0.1962799610136609,0.26230157083580186,0.24781608494375174,0.19075966469650538,0.2930896416685862,0.302174408694339,0.23708517889960987,0.213870833353309,0.20290200700395478,0.2659423942533153,0.21446463723881082,0.23928833365635005,0.30561359472884986,0.2209161958008771,0.2258857995997217,0.20981729112702716,0.2880052478929187,0.21944543488716559,0.21448702919416882,0.25612896839394855,0.23548146878465132,0.21045122429402377,0.19883312356093596,0.2386645487687334,0.24835959840745953,0.2221601138796136,0.2113529329037998,0.23613152053796824,0.2128083585918026,0.20447853209974054,0.2781975459836159,0.26286716364027335,0.2534140348611764,0.22308495158883482,0.21614055449765784,0.219015695695728,0.19075261934373725,0.21884293552503947,0.21427261716676232,0.22990244885300531,0.213979638987396,0.2499932324749455,0.22922064008801238,0.22994597713482548,0.2757746495300696,0.27810917577556193,0.2417030150386708,0.26136016918778976,0.22767567805358707,0.2794734585190318,0.23141009239210733,0.192976000696359,0.2000620958686102,0.24383536762709268,0.17795529487447828,0.20953226560328353,0.3051940216716354,0.286560604012041,0.2214406221287452,0.2596345095477416,0.3243655587421793,0.25366447036645234,0.27019817927148393,0.25204033409884025,0.29742536922390617,0.26749456748868256,0.26198457386082746,0.2326780308402415,0.2246628821964753,0.2831655774922717,0.25294758945462037,0.22396701807467434,0.23649202562382615,0.22945681580234564,0.22311420519293765,0.22627964239283735,0.1917676009417825,0.2117135127694298,0.20982776908532438,0.27691938483644263,0.23199217242415507,0.1972138553325444,0.26891163883241526,0.2189791041003773,0.20880861449269686,0.1932893649026489,0.2733662439972788,0.23623670984979944,0.29450248163139015,0.22566443950131043,0.26914194109314626,0.24447030841837236,0.22139371740896133,0.17560858580184902,0.2401736111363603,0.23972492518439822,0.22674339712869085,0.23015632837401134,0.2404014116758297,0.2927460221444301,0.20702808765648803,0.2071130937883236,0.20905704529108382,0.195544797521661,0.2521526496583106,0.3491685453611023,0.24701899952244621,0.22622345387468093,0.29091091823966664,0.22755317950942583,0.20832593479820102,0.25312350590993365,0.22969743666925357,0.26505450679563347,0.27341335124239713,0.20907581906613476,0.22399543149782353,0.2819120584035052,0.2759146226763267,0.24388700201700222,0.257026967552125,0.3360952831726694,0.20742503865936707,0.27593225591764503,0.168158249807691,0.2832673395270378,0.23449303518187026,0.2518616102164577,0.21656861918634596,0.23044304146106057,0.27331472500486126,0.22640300959396414,0.22998875529302984,0.2299297027555791,0.21500205303410402,0.1896512571578541,0.2776865405911677,0.23961640257591757,0.28106424162845034
0.27603821702974124,0.35081345559593585,0.3234072088871681,0.25848514351512947,0.2178804179451109,0.2644278885560974,0.2586536610005906,0.3151775268639918,0.22608479181489724,0.0,0.2381558719304582,0.249501431446554,0.28795529086386745,0.21858090918122997,0.24399053543113794,0.2532117211936855,0.26785932967026055,0.28377535405539067,0.2569281383979468,0.23694626266585403,0.26473732141005046,0.25896304918798674,0.3329657659458501,0.23388331181915772,0.39277647594034654,0.21517797925271376,0.24005733857426187,0.2699396555686099,0.2691375281477926,0.20876530945824326,0.2612042393999956,0.2757437447799514,0.21630428401610508,0.2436754931784554,0.2377763972780565,0.22467601389295175,0.28374829030419735,0.23096333855571516,0.1960186793796833,0.28688958522797886,0.21394907403235816,0.2943998746249713,0.22836761546051257,0.21087142841361067,0.2735938663924293,0.25451212372451865,0.2245080376113348,0.22507400345716164,0.3231145414222394,0.20924649358691028,0.24983008566651402,0.23000876710910179,0.21481337633104977,0.25139569607158435,0.24759822966792402,0.2816206391620498,0.24085128361196673,0.2350092454699831,0.26965998549844583,0.23086784589094542,0.2668112246527423,0.1809903867894947,0.22296486590521408,0.18574437668445298,0.21193964247602903,0.22668578461496428,0.24322904538427856,0.2512769825883366,0.2430048134439741,0.30788820377378223,0.23764212438988275,0.22716892577396092,0.21082852903543917,0.3039166985426415,0.2517614126827876,0.23652080332455983,0.23284888525437036,0.271351412729914,0.219038554003567,0.1938553191357263,0.2624720782997866,0.2605580235887065,0.292715754897685,0.24356464261650415,0.2506681431025418,0.29306117976517626,0.2563791201126553,0.2334470671130883,0.2898486548868192,0.21777943875723568,0.23146219798262635,0.23358258227578046,0.24010934296982672,0.20855515644612274,0.26829733126488914,0.2704505467350928,0.17671196404008827,0.275244966325617,0.183610277166436,0.27882702924552144,0.20091315065108267,0.23444104369161384,0.21175041561812094,0.28044568624541905,0.22081670856131067,0.25291320618453705,0.23577277495303156,0.39253122417206826,0.2566828256690475,0.2883888480156522,0.23716926545739223,0.22375464615403934,0.266984366739587,0.23991969978185174,0.22786570012269444,0.281701365018046,0.28341752131395664,0.26474640239402764,0.2558727515951035,0.22840846873502446,0.1996948588720575,0.2270606207775608,0.2253496110473796,0.2795598865466975,0.19989046588354925,0.270769598552453,0.21391758163589375,0.21208351388191862,0.2827671081826205,0.24167912252562002,0.26751770687349363,0.2351977427725904,0.20845589127829833,0.2079570192590517,0.2231827102053373,0.19325450138752498,0.2266123349142215,0.24333327416812228,0.296611300443252,0.25099016887486303,0.22670912932014478,0.23103628767135417,0.29454957089517336,0.2216990052933782,0.24292426935888,0.2549911007191841,0.2277906476407936,0.28572165925618964,0.4143576712924321,0.16532746643701945,0.22496453741048672,0.2694734524984168,0.21692794680230715,0.2569299713178216,0.29019158979319465,0.26669846390399216,0.2373036794741443,0.3141492255150834,0.21806317395074723,0.250361085667852,0.31147152727047644,0.2557556942465623,0.24243072359969353,0.23604418053666068
0.30257209714025907,0.26123761911238824,0.29381705824388016,0.26307577306054947,0.26251388093900996,0.2614007741945943,0.2465629918511694,0.23576778242469876,0.22636508498875368,0.2381558719304582,0.0,0.2791519081539234,0.28670998869677705,0.2176063156439536,0.24485136319263617,0.3236230174610659,0.3217351991617204,0.2828562551653767,0.27784708971963795,0.25486850331641264,0.3186508427703314,0.3383052648916773,0.25457718524373535,0.2640318098210552,0.28992012735994366,0.26528334164689227,0.23298188690115076,0.2872583098933822,0.27041331009012604,0.24205687511491533,0.2294742930723475,0.26517646755307234,0.239926610856925,0.2154260767942896,0.2451451195390381,0.24537893088338655,0.3165496003989225,0.27304159546263285,0.2760446717194131,0.27931643122348665,0.24826336980599958,0.2762031187781532,0.2657402195744189,0.2851027266726698,0.2388579676303569,0.23656059787250772,0.1870531925201717,0.33860971550344565,0.29711255794957253,0.237763889386881,0.3141314317142389,0.2511500418991609,0.215028285390941,0.3149970986609255,0.2980592593571214,0.19918519348879143,0.2961751320924775,0.33426404637898827,0.2432825478653372,0.23283244980690557,0.27115931467607685,0.17166689838501825,0.2990011028266806,0.19265327564556067,0.19944166647262845,0.22616199122476277,0.250506317892827,0.2478816904100722,0.26625378965959046,0.2853751575205731,0.28030179615838113,0.1994717484079112,0.24448990189988623,0.31846110351955714,0.28578797022046315,0.21456442992406094,0.29565015049930793,0.2611626265050608,0.22927988992608966,0.19467214431620128,0.2578302083652208,0.24661505029149616,0.25652556901947987,0.2401208337552306,0.23437402191697174,0.25058062266921416,0.2686224322581324,0.22484521027059018,0.2108735442609476,0.20332463928304145,0.35596907339820033,0.19492981794299113,0.30756332092308675,0.23963384988742717,0.2525205254747305,0.24790619197134994,0.1920401199562313,0.196968748979392,0.17482452407821225,0.21173917082210678,0.21652506740397034,0.2405586618581816,0.20963633108198496,0.20242135521579374,0.23828374274772987,0.22717632404208765,0.22375670284251842,0.2707214858515099,0.23726606072996653,0.28832522498070723,0.3240715064822606,0.23768089875933798,0.25106966221225263,0.24568818014359156,0.2433784316585521,0.26453588898825564,0.23560137485675206,0.2609353073415273,0.262780636658,0.21210766969884012,0.25285418475512983,0.20860151313660508,0.23886078254531856,0.3066911819203859,0.2076656666124874,0.283898108296984,0.18004653399015438,0.22830937371292237,0.24206708872181773,0.23342201919179878,0.1970677442048159,0.29299072054436254,0.22619850885425424,0.25028191090601665,0.29219641719769024,0.2156830592432168,0.22569649299116928,0.23741970606104873,0.28189546772409735,0.2658843358486936,0.2421849581347097,0.24331272238017307,0.2357160755882811,0.24811875153607704,0.3128128631704391,0.21182259078726257,0.2514708417231708,0.23584220676403111,0.25705800982341,0.17298538852251513,0.29769617697142214,0.2381018156756376,0.33395394231125564,0.2122159145662011,0.25904778329870626,0.2678292260407612,0.2763943508514399,0.2615630326059076,0.229295326319738,0.2350726210981908,0.2153116370600354,0.2513244830417056,0.1983825513611748,0.3791030798628698
0.24895815851696784,0.3141288374425418,0.24944907024565166,0.2500440579676913,0.20613875899444195,0.30493456510614053,0.29261449958355673,0.2845074323872133,0.2401579232403463,0.249501431446554,0.2791519081539234,0.0,0.23522812196891854,0.16845009441611436,0.25899610879787355,0.2525154509433683,0.24802932419704896,0.20750145530996855,0.3164152035410607,0.23683590933277965,0.2955351072772504,0.2584679350699475,0.24534098985785138,0.26418050281929706,0.308384632626446,0.23076708872230636,0.2159113319966036,0.21548863879793329,0.24147695635377056,0.2573144838661878,0.2888256861128572,0.25370513557889934,0.27964323676691055,0.2546046719179239,0.210054965663933,0.23578480713101985,0.29377252642002977,0.23513181543944273,0.3029000452658352,0.25605186426185284,0.28857486695518375,0.24893227393369513,0.2415282967515378,0.28027342167958963,0.260290721925871,0.25568110770340335,0.24790739955416177,0.2560420801739165,0.2538745943254674,0.2277178887192409,0.29943691140015005,0.2821101854286269,0.20473386991239892,0.32299655082252543,0.29407122300153676,0.23916849222501857,0.27317543815691836,0.3373110409932448,0.1986090259630751,0.22726820377680448,0.22649087452889227,0.17504986039376585,0.2485633952275137,0.1732488242675779,0.19346856776443708,0.20760379652511277,0.21931027043787693,0.2289452702807384,0.18495901449823274,0.22881323771490575,0.2506839755865192,0.18530960223471743,0.19235892301002627,0.2560521622428279,0.23315684126179304,0.2117786325966742,0.241268919531916,0.2786713935176017,0.23690318467750915,0.18462946922397286,0.23017554623291483,0.2578461192216014,0.2932372760326343,0.1962242723192658,0.23781695577032658,0.28913422066133254,0.2293463274231569,0.21500969429661743,0.24618437066697046,0.24741060147317173,0.26483672411551173,0.2583487413546214,0.2608808020399006,0.2365308622137251,0.21636637306409132,0.3658798666865542,0.19574479087980678,0.2690087224658048,0.16693996213133092,0.22322186335297547,0.1919533209297476,0.2199259159040521,0.22529077458622335,0.2771037138784552,0.2157645969933239,0.2606766261629644,0.23845652233468756,0.25063838076814576,0.25022763169385187,0.3035393999200992,0.34931360641819537,0.2373748541209996,0.22155607298205773,0.2173198558495491,0.22966360754881893,0.2691744233209164,0.2433561325526009,0.24032246045705713,0.24775634862180035,0.18708638306115555,0.21445226115963092,0.22768207037069316,0.217664331911768,0.3013512510765459,0.18257172558045573,0.35018198905600717,0.1802605246907351,0.2736303557776969,0.25863165541410765,0.2181615653991011,0.2108415622151723,0.23474775381046684,0.1878179649031841,0.23542150035006715,0.23603818526994044,0.18690159348766644,0.2795918357513469,0.23497827056759474,0.23630190012777244,0.27351802906221356,0.21199025608954639,0.2068826984460379,0.26591740536839237,0.23101262517441626,0.2787448944433937,0.2832083552004446,0.35926219332216675,0.24290934235306083,0.29307960647448383,0.15741973113339217,0.2601287312533163,0.24942633789805665,0.23172702842510187,0.2477395088497401,0.3477144239654216,0.23864862403872586,0.2401059537664892,0.3141769336916225,0.20791495569318164,0.21660404342539336,0.1853289393794506,0.22776340315098728,0.19805930662007656,0.26055994212026296
