0,1,2,3,4,5,6,7,8,9,10,11,12,13,14,15,16,17,18,19,20,21,22,23,24,25,26,27,28,29,30,31,32,33,34,35,36,37,38,39,40,41,42,43,44,45,46,47,48,49,50,51,52,53,54,55,56,57,58,59,60,61,62,63,64,65,66,67,68,69,70,71,72,73,74,75,76,77,78,79,80,81,82,83,84,85,86,87,88,89,90,91,92,93,94,95,96,97,98,99,100,101,102,103,104,105,106,107,108,109,110,111,112,113,114,115,116,117,118,119,120,121,122,123,124,125,126,127,128,129,130,131,132,133,134,135,136,137,138,139,140,141,142,143,144,145,146,147,148,149,150,151,152,153,154,155,156,157,158,159,160,161,162,163
0.0,0.26863332922703675,0.24047516808219094,0.2425021443380633,0.2784103221777521,0.2499183718896196,0.2595094699204573,0.2834245417340669,0.34699387541476484,0.24147984223820076,0.2900560925000453,0.24409080180003684,0.34341430888184205,0.2610783008106791,0.2731719515250042,0.2829605274202284,0.3036794909688503,0.41952491836835415,0.2636153059765486,0.38818918789433404,0.3087015562143228,0.277907941098006,0.2834936110153698,0.2688073031506041,0.3247054583569805,0.25733185998244057,0.23288958413733532,0.2866540737874998,0.20133727184043687,0.2598966054785243,0.303605124371381,0.29561572656192153,0.23760230758892972,0.2721644403231927,0.36126142595429067,0.2708961996186055,0.3618521099262353,0.3233724880154177,0.230184482522262,0.31376356936340866,0.2553027908149263,0.30424399744415453,0.3222253659811169,0.30067829810206853,0.2923280163026478,0.3493950372124892,0.27723636284641434,0.28523800102705626,0.35055133995572835,0.3521328950942457,0.35362830151286734,0.3184755471557721,0.2808572016092629,0.24880102533703355,0.255775488719346,0.30133243233453344,0.4197510234335087,0.2724054611690815,0.2832775504429818,0.31098524500300984,0.2581266958556779,0.2417244095361639,0.3254854109503933,0.24078021998791407,0.30482712264541156,0.3299374178119404,0.2946292568148564,0.3063265380144318,0.260023428562074,0.32155664791844557,0.43517574216224253,0.30401742724835523,0.31502794959547836,0.3086777653492215,0.29682283975763846,0.32796133027431834,0.24364822651334603,0.251785303241734,0.3080991729126476,0.233762766591624,0.2771073255352375,0.36445759421974594,0.2897418133193521,0.27446057590029727,0.3297715317147119,0.34740445396496566,0.3066537696820826,0.33438636801595906,0.3257243348601019,0.2769691781358546,0.37501046519985404,0.29387036012252904,0.318377804486135,0.3452933623815118,0.3455417085842832,0.24463440241412676,0.21992031656616473,0.2620721369425398,0.25158742004498963,0.31637104739806393,0.256097437596705,0.2506981692255937,0.26674514657823417,0.22156491669624165,0.37186504074780946,0.3106999057096915,0.2722861056326422,0.29379382078554045,0.302799703481158,0.28084162211162855,0.28351059998076444,0.36514324957718786,0.32790938509201156,0.25764479051596767,0.32378764691338463,0.3096328841449447,0.31638835594572867,0.2699203685322786,0.23298820509516158,0.2599989302121577,0.30283244302868684,0.2541489193044168,0.3291037444220461,0.35428076424146,0.29348232215486203,0.2343756901051737,0.24046475198040126,0.23300429351818203,0.23519863826164664,0.30453465389048073,0.25075490474292655,0.2615390976354411,0.25559813303894197,0.3116649669520904,0.2666685903860945,0.2799151541910779,0.28992047242463054,0.3038180186479965,0.26369373800118456,0.33081837944231346,0.2289974165844105,0.26161300750895417,0.35771993288227577,0.2741304741815633,0.3055339538566941,0.3143063458333732,0.3034513067089924,0.23676145170731966,0.3020870937940229,0.17568170402681194,0.39746915471954497,0.2741125346396706,0.29753681583012953,0.2130492783160258,0.2855035032577501,0.3411478987493416,0.2735457451688262,0.2746048839502424,0.2652267225667673,0.3084214311302194,0.24095553776471643,0.35125026817133687,0.23655434410895065,0.4102647918079229
0.26863332922703675,0.0,0.2940156118861365,0.26169935614236794,0.22707245393487155,0.3371714843233421,0.261412200347195,0.35037825626375885,0.24400609986019353,0.33380198206504724,0.31478119298896134,0.31586865255613933,0.2960848214594678,0.2686497173055881,0.282831818796998,0.2773012844712397,0.2790765510172579,0.2571982647108761,0.2898863001169439,0.2776698251491244,0.28905517590453433,0.3567276481311609,0.2674366819734774,0.2787581543674787,0.32828289735745814,0.2222683624040807,0.22941906566839054,0.2732600179735693,0.31205818529727997,0.22382541617477222,0.31214482609431954,0.28810181445741173,0.30692416238585835,0.2464041495981709,0.27378572408611995,0.3025601410662436,0.2833465351079316,0.27993495233231097,0.28792584774526375,0.2731130760016767,0.32017022633811937,0.2674473971680179,0.2206892848829992,0.25659626874733515,0.34284075790365764,0.258334892711648,0.24779455591279329,0.265202361729159,0.28438412296423293,0.26021997977387634,0.280662355609186,0.2590084566113393,0.27716593299935943,0.35964791793993245,0.321210791781498,0.2886944743761355,0.2731900164395136,0.2719343492406302,0.2805511177803978,0.301922114599746,0.32766345428932037,0.19596631438567536,0.2484942971727681,0.21805225326851654,0.21717976289255808,0.22805484326507502,0.2612038857453837,0.24663909486455327,0.23328128082366084,0.2906628149696119,0.2595737059206506,0.25006532100639595,0.22221709101260584,0.29699150287182896,0.3046096546010354,0.24365195951721044,0.23937495956140692,0.3059038265144809,0.24405917155024937,0.20468142574407097,0.2531635753569682,0.2575901517164325,0.32950957020201754,0.2683128886364857,0.24073641804085105,0.36417766262041323,0.2481402328720016,0.22550254292082442,0.2583622259730432,0.28736255362025126,0.23797985418141038,0.26325447460334506,0.3177693539690992,0.26363985302848475,0.27106903736014953,0.33492638173809786,0.24375215427405675,0.2694347948713256,0.1969105750334891,0.28578515775817165,0.2610499149882189,0.22922952126249035,0.19373999715581008,0.25429679451833237,0.2549130028706517,0.24933605156331257,0.24513302247615473,0.31376202870276987,0.2836986108888028,0.3431042297253066,0.265828694677828,0.23056300807993116,0.26086955419704716,0.22866696216916169,0.28358746743405944,0.32311835472869,0.27309014163819073,0.2238919422929503,0.2659502927638181,0.22526781037143676,0.23996235475139072,0.23296161905968074,0.2558714635340118,0.32174372406014634,0.23166250720204554,0.35594079575546494,0.21914870248974375,0.2990065152715394,0.3260372016571799,0.2558307803256124,0.26577638064056164,0.25178774162499146,0.2270191371912134,0.27342241317688576,0.28229774029426624,0.22375332816753596,0.26491445874601155,0.2645115877786397,0.2746719428233684,0.2585729065052585,0.2624537859508157,0.27133355333877196,0.32182832273658873,0.26553353656795153,0.29377070214135564,0.22389709986185702,0.2983951874146833,0.2699817828163401,0.3355924844773988,0.19404654037476712,0.24819176109616972,0.2972055581566534,0.25382844856847125,0.2728470521586077,0.28489027580007376,0.28727461404437615,0.2759841318681683,0.29587411033449634,0.23879930798999063,0.23059694704213227,0.2607047018331467,0.28218629976381737,0.20966451066656938,0.25766398768709103
0.24047516808219094,0.2940156118861365,0.0,0.23138313180452902,0.24194680795231777,0.27083710322719157,0.22182066024363298,0.2909099778599588,0.20501143822147533,0.35913123352460946,0.30731863908371304,0.2635107211469662,0.3035955991734851,0.21279838192163722,0.2314847620638177,0.3333285564644957,0.31129556622701016,0.25517002696004387,0.2265048541986851,0.22092388297234963,0.303471816220853,0.36555968701732783,0.23025957803551164,0.24678095396766872,0.2713240368074728,0.23050403993706634,0.21623389199062829,0.2559577097086582,0.24127657355728574,0.22235531380904433,0.21275183905410439,0.2731596445617005,0.2113680026090378,0.21026917239772924,0.20583870022112907,0.23949802076362353,0.26517418686612787,0.2355262045716898,0.2321637365290357,0.25597706434584366,0.22950757258609264,0.2774530850930112,0.23173673371420317,0.22306346927659398,0.2700451317935566,0.24516605475534095,0.22557627082857232,0.26583525527027146,0.25526648465158563,0.2307085696371286,0.2574663656678212,0.2431873083086104,0.19702859320314312,0.2796347422070792,0.2677726193418977,0.22104725467457875,0.23067704163133365,0.2756960527014102,0.24463896163514293,0.23579136396490244,0.2696020945892709,0.18399333548131977,0.2542007411836288,0.1956971676899743,0.19505874595792608,0.22062982087487384,0.23089514087794014,0.2580936593695623,0.2541211557059538,0.2739332815208455,0.25047566772767377,0.19460768431775033,0.22009139573662603,0.35010868381680427,0.2843133697554116,0.18763838460076526,0.2701459756215854,0.2637282176219747,0.2055500557599315,0.18261743193103228,0.24089112064444287,0.22896338621287277,0.2687035078626639,0.23877165208206477,0.219192839160007,0.27656497692634957,0.21795173720751707,0.19602789065937126,0.2290775388184411,0.20562546050842645,0.24337087926362258,0.19272664885174634,0.2592379833476849,0.1953575142503202,0.23669659028602294,0.24071507203844128,0.18939196544209136,0.22462232580011354,0.16716143334674438,0.24306727627035576,0.18752745884893968,0.2487731669286656,0.18027211389966538,0.23947733137226446,0.21878455077537312,0.26992274539198086,0.24865102402324288,0.2645550686484707,0.24604776571671788,0.310663916442194,0.24098603237748714,0.20329537635166467,0.22879905597997602,0.21326620888729675,0.21112735934084276,0.2745619067074024,0.2087054169572738,0.27044443632444726,0.2717605933107176,0.20289001385875421,0.21774223154261327,0.19844383486659273,0.2065770730179571,0.26270248491063075,0.17175277770809214,0.28552370123273496,0.20141845981599568,0.25032878349786397,0.28357264399399984,0.22300784999950912,0.22792434131103118,0.3017760609977865,0.18680423934612694,0.19109079571922555,0.24708192841241003,0.18871911740606861,0.20560925425709406,0.20523174241636935,0.2504803232771714,0.22514319150819698,0.19781749233765553,0.23166415709109692,0.24279920075108724,0.23620909145223354,0.2397246951720492,0.187522889407438,0.2551271150194579,0.25660906751093315,0.3103425823226813,0.18318470083224483,0.19778479577534278,0.19963531728718137,0.24007917934017306,0.27253684728137173,0.26227146099347814,0.2417904168046778,0.257815713139141,0.2881534881136429,0.17153072179513315,0.2206844840879718,0.25190103658360957,0.18632242112138225,0.1987052731649102,0.2428439070195396
0.2425021443380633,0.26169935614236794,0.23138313180452902,0.0,0.2235577145289467,0.2377018567195602,0.29547921289422013,0.26289100877207455,0.20812130094876588,0.23559897292777104,0.26522204778366393,0.23794742140180242,0.2614768194757739,0.24718127934976133,0.277921626615688,0.22765947573025527,0.2665811930954195,0.2610185637659263,0.24510805617453268,0.22422500591439637,0.28397224981514946,0.24249959154682252,0.2810196797887025,0.24150822051769721,0.2593600322875995,0.26430952114272166,0.2522460486109148,0.2698109541147275,0.21677272320282834,0.19130596574122993,0.2309619817075908,0.22861399406221558,0.3662974229352646,0.2556981583016364,0.2478243428625743,0.2547875637069892,0.2611508985970368,0.2510956439277738,0.22827826309699853,0.31290830817501825,0.2909745807157558,0.2566383289782873,0.2233341473269892,0.26571962803214505,0.2640241046109513,0.2740248205836579,0.19204182236657302,0.22507783667953782,0.2681420157518881,0.24502622745294553,0.32343229506378246,0.2909410129404713,0.2483976239567882,0.32614290751646385,0.2565878282768263,0.23471309356557854,0.27657831385278187,0.2555960131593022,0.2639347056938805,0.2858044520453589,0.29096767266977375,0.20545334117281994,0.2793938700452089,0.18975876330138566,0.2338961277827936,0.2600051375173568,0.3126483574582121,0.22377291714712738,0.22907081162956175,0.2655600571872006,0.24952212471623975,0.2296543952370684,0.24547202848441524,0.3550498547421831,0.2576297085916212,0.21679966156534233,0.2928597828975976,0.27233842332544506,0.24258706740806654,0.18838003835919093,0.23830273892746762,0.2863152117697396,0.23504236720708757,0.2397675546351894,0.2813310921285585,0.2670472215679456,0.2702052159541207,0.24672629638494442,0.25605236736378767,0.23280242553251201,0.27232282666455343,0.26087474414475204,0.23994131188629964,0.2373796727836196,0.29114179513106586,0.2332363570214702,0.20641575968401488,0.26073235748390466,0.19574513214644265,0.2834697775552321,0.22631837306284935,0.24909854134710166,0.27511808540022903,0.22939195974028107,0.2531342404689966,0.2454625458506178,0.25712501450470604,0.24409444439678288,0.2813684192236397,0.24066981515367314,0.296947633732137,0.24749865930742643,0.2932247436275387,0.25631306238207424,0.26307733700216296,0.2604883057396928,0.2616649768204504,0.18896925449060545,0.2700354548337001,0.24496859288956263,0.22952457280417507,0.28217882512326764,0.23831844648174352,0.2862326844927965,0.20158156256615448,0.2395370136288819,0.2342094854769234,0.23128674882201844,0.2596325271204264,0.2744312022144092,0.20280115968919857,0.24974493268774492,0.23894116364555548,0.2502652462074134,0.2326437189982724,0.20198206980906477,0.17878009296009867,0.26760136904481574,0.25271721192892754,0.2503054699851904,0.31154246880576814,0.21897513238115898,0.3135807117813606,0.2531631047091364,0.24731601896508176,0.22681452693768953,0.24333614546123308,0.23678723550256395,0.21451467673888502,0.16250860229134292,0.26861016517463865,0.25334169757313507,0.2517247938739124,0.2208687933901422,0.283535775270817,0.26687883806181356,0.26457008391072967,0.27496554707627724,0.3168223195306175,0.246241647708439,0.26366573959567713,0.23555865713275037,0.24215120976237398,0.2526321256927767
0.2784103221777521,0.22707245393487155,0.24194680795231777,0.2235577145289467,0.0,0.20117502754231045,0.29454292825854594,0.2230648435585077,0.2380009701011436,0.22395541214946849,0.2823843780461205,0.2181752472835897,0.23555593804837582,0.22365127351767358,0.2846995539143318,0.2544680116603731,0.261835549545048,0.28405703312058705,0.2096517348042598,0.2361084984522903,0.27641398754393204,0.2731452968273459,0.2814461476037291,0.2527596226521112,0.24582715708685313,0.23452438717405563,0.2219783747937204,0.22087369884171035,0.19259441116793513,0.250786420575834,0.26484899313549354,0.21632078603139812,0.21485804609569903,0.21712809047483633,0.31080368395125696,0.2587788147689373,0.28243265626076164,0.25834240472940434,0.24896265693710348,0.24330036038357364,0.24126018291713772,0.2890400384769074,0.27188376000776515,0.2944497511271777,0.22373387512004403,0.22974679278977736,0.2528352042402433,0.2873856334082905,0.3053147189933942,0.26599632161283643,0.2822668342006685,0.2293647668657221,0.21822596933617625,0.23214700679746467,0.24126450574089034,0.21940011580699065,0.23396468823530825,0.2724587618675384,0.24549786746950708,0.22970962283221638,0.19794022928667224,0.18756305370213114,0.24047560023747852,0.2284700403628647,0.2358223495523527,0.19615732285035808,0.22053113698498608,0.2621987045064132,0.2321761205920151,0.2750806408901619,0.27021789333525387,0.23885961970864192,0.21058112226294085,0.2642482291640233,0.21775716716217947,0.20293648500034425,0.2422174791392154,0.3283972079450528,0.21251815981948072,0.1890890932164817,0.23135677186797712,0.2681508308119322,0.27790228066475686,0.20206579857959053,0.2228803234549998,0.24225184715373102,0.23516582717705,0.2343754291187199,0.21470838996601413,0.20932663556007639,0.346920150491671,0.2533296629320877,0.30155009974149316,0.1956380353782649,0.25673271250916435,0.22341665755592668,0.1754798590218732,0.215307879991133,0.21736390045743975,0.20969152675638805,0.22259475266929546,0.2162096087301044,0.22107256657084223,0.20184642837294997,0.2326142813427484,0.23747690257847517,0.2068822329494499,0.25673645180667465,0.26126251224292163,0.24749157266397553,0.25518892393945813,0.26052572987766975,0.21976146418497186,0.23639876842560073,0.21622606643635892,0.22879609193617462,0.21643110642924918,0.24341874299543534,0.2081012707458804,0.2262776922273992,0.31101594325391657,0.21443963627893445,0.20991490494775217,0.29911100894435577,0.22817220491238518,0.2105750740833213,0.19172062281583535,0.23470608804311424,0.20654556659414086,0.24715663842806623,0.213286328469189,0.23029194723554627,0.18909158022994946,0.23449032597307246,0.23468679721263702,0.24890665605802817,0.21857920510127576,0.2874346269558907,0.23472282234072636,0.2794230446277189,0.19935220473775686,0.23259020283618387,0.26457344348593964,0.25044853194905653,0.2721245039991289,0.2330374199701062,0.2970158972125937,0.2282386451566604,0.22370333897430433,0.16567217534529688,0.24241457636593947,0.22734213854516297,0.26923454220678844,0.2243876813685619,0.2523098206549494,0.26834118510589045,0.21687640246163303,0.2729401548669875,0.2152822831567138,0.21858759497274052,0.2190530654694523,0.2259967503033875,0.2152180969886338,0.3271646032869172
0.2499183718896196,0.3371714843233421,0.27083710322719157,0.2377018567195602,0.20117502754231045,0.0,0.21793041960954396,0.30686483448973356,0.2301804024988937,0.2567191676497968,0.27289575971656305,0.3082598436242872,0.292672021242134,0.197443489791771,0.23359732485693185,0.30003973701091313,0.28133953039466886,0.19999725133606452,0.2938157699499677,0.2515609945460848,0.2901270689814559,0.26379861980280495,0.1957063779046835,0.21630445450936098,0.30414635817346974,0.20189457549264989,0.191790017210378,0.246587135980234,0.22888685311227486,0.22978208457860624,0.27458890993904567,0.3433106053266056,0.2620798680893487,0.23772961005160803,0.2296109277878874,0.24464027163524174,0.25900130898267254,0.23572707832540993,0.2383037817035401,0.2118189942204553,0.2565885405762658,0.27957646931472085,0.22516387393466375,0.27370647857937297,0.2472823772026912,0.22255982227676996,0.22666024290730075,0.24707301030992557,0.21188414995472502,0.23982724799178198,0.25964294678233185,0.29345503507269255,0.22159704723019114,0.2935899364146523,0.24786436048031746,0.2968949354535854,0.2482762514947321,0.35228827206708574,0.20493303858419618,0.2284442048828046,0.3172513118731361,0.2181843916612737,0.28682701725614207,0.18407053629211467,0.2023024427263869,0.2246907861276657,0.22151890158896725,0.23775995424165383,0.19744856758432014,0.2616715819588754,0.24903924300918626,0.19276849956878223,0.23400652790501306,0.26692527653534187,0.3237637790456582,0.22109155289108756,0.23791359756967423,0.24492412244775075,0.21116751964485075,0.2525120603429568,0.3156930440944748,0.239836975460716,0.26665729454992865,0.2648646352205623,0.24457891986378388,0.26829608108265,0.27803160586093206,0.2069899876736621,0.2647308082708479,0.2302396312908462,0.2358985201631886,0.26799626185537145,0.2692109403707231,0.23067896512208683,0.22146917994167148,0.28990021222686013,0.24300784006133996,0.3033804789694494,0.18512308718294165,0.2490690023892871,0.205985127651362,0.2365132132292535,0.20338105659333344,0.22190555865036524,0.24954884116425022,0.2642692064393335,0.27629657479910646,0.2800704546369288,0.2211717968396057,0.28994989993422027,0.27639972349670794,0.20912043088056084,0.2968239120181992,0.2407270796791199,0.22451592583133992,0.27429922780384725,0.2824927792913679,0.19907231176390247,0.31798987242401866,0.2247228413762921,0.20760752388010276,0.248087291928906,0.25476345232217956,0.2806981299014731,0.2238154264967567,0.2816564238523495,0.23737903468274993,0.23624535329662188,0.2766184230104524,0.19787512038135058,0.2766236866152097,0.3412806894420925,0.21463188512082418,0.24554665952877655,0.24112575857489085,0.20457448303324863,0.23754852011052574,0.19804926606096548,0.2051489692193901,0.23126226104345185,0.22828694675264427,0.2714695713388452,0.2500378586909919,0.25155723964902593,0.25619214896821757,0.2120339408164687,0.2807882869847542,0.2647722084692493,0.26859596068401187,0.20530082917346043,0.23305513535986586,0.25832505590938354,0.20652431292450066,0.21580700112117387,0.31056832227006026,0.2423821167206019,0.234852515536929,0.32001143970201534,0.1995412147559876,0.24881981341315404,0.22326972911365076,0.26379098416762004,0.21219767292270883,0.23197899510685688
0.2595094699204573,0.261412200347195,0.22182066024363298,0.29547921289422013,0.29454292825854594,0.21793041960954396,0.0,0.2245136701674375,0.21776370253405017,0.24000274136695066,0.26774101419837315,0.2625966038001346,0.26385237008913665,0.2498949874619157,0.3377705744533435,0.21860334331987263,0.23314885998897147,0.27111613853421523,0.23741237987836292,0.215415390672167,0.25972619515487,0.27539071149436367,0.35046876320914244,0.2913516837430295,0.27237295987758314,0.2631087020533413,0.2352142895568929,0.22653240221392446,0.22419860349215412,0.226348673316869,0.2622959265721081,0.23573898985378605,0.2963045719543112,0.25563093881170257,0.25256545665286617,0.24603189322887642,0.31547137950915044,0.2330845212267203,0.2396032984894719,0.3022079405576065,0.30066392143801257,0.26369907627095424,0.26531422103149477,0.29576539420622894,0.27641538372126845,0.25732457635245276,0.2624421355220756,0.24901020276920566,0.37885567810677595,0.23650723947882993,0.31397534083588496,0.2398142589085064,0.2160194380835797,0.2926643905468584,0.2842960190371416,0.24028323896821352,0.2368870838721436,0.24399842371995423,0.2944281865039357,0.24188239553593974,0.2125439582795688,0.19663926589437944,0.22527665820493092,0.2152714861943005,0.22262881045865981,0.2045141386554228,0.28439591606576664,0.30008713248392166,0.23264358523385806,0.24825966077956035,0.27993781815180924,0.22938007840966224,0.20750292740332701,0.30202293116725676,0.19489058372834833,0.22726545098682102,0.3003021438618252,0.31877134634230636,0.2187058093855151,0.18954254186609776,0.2351528239034682,0.26905567043047823,0.28068859889294456,0.19681331270847024,0.21924833800615207,0.2519410427060533,0.23205184311934032,0.258416339171068,0.23381940162490636,0.2340522777928966,0.29768092943318497,0.32774361003754876,0.2712947841917245,0.2164712706402677,0.2576299990605945,0.2829949610181916,0.18434749230329553,0.26259631051290194,0.20765716175409046,0.26096777113506453,0.2431803116109429,0.23641238281342988,0.2705671287420744,0.233435423894536,0.2196405967664688,0.24360679752434156,0.210825241300535,0.2439596040530154,0.3155453841956288,0.2694531270057365,0.3313687067093031,0.24210197064676098,0.23647723230140646,0.20980390335737564,0.23033456093175406,0.23996098588588372,0.23002664556505914,0.23330634012689902,0.23599264924120333,0.21038385782887248,0.24008463331990199,0.2253752372426519,0.2105886982850391,0.3263195925274488,0.20524999187511936,0.2678963223453974,0.19846632598566324,0.27170417823831855,0.2184438869477485,0.2754515890731189,0.19834191498005774,0.2025572778645098,0.19579928784459305,0.2192181723259634,0.21715074057802247,0.23175761589378174,0.22516902725599888,0.2911008952557481,0.2539336615558569,0.2825086850124839,0.2666783875406739,0.21958666257075452,0.28138139939176915,0.2341720275280863,0.27397756730803846,0.284361632046154,0.26984262362398,0.2580965949286007,0.22322097054170853,0.15132404694881563,0.24790702266028686,0.2543207716094304,0.23884279150783003,0.27889637407131357,0.29854783874793017,0.29334475081436845,0.2649988181099454,0.3023842950987595,0.27880240031746795,0.2453723530708839,0.25187506988223207,0.2306710478155136,0.22697184336341567,0.27022014591639987
0.2834245417340669,0.35037825626375885,0.2909099778599588,0.26289100877207455,0.2230648435585077,0.30686483448973356,0.2245136701674375,0.0,0.27749888116196286,0.30286572639867043,0.27889865314525,0.2910780107866464,0.3358680328928942,0.2331195094397893,0.2559508159124655,0.33367315701763645,0.3344205846436953,0.262686679000172,0.27582270004408244,0.29064761417431834,0.3211319933085731,0.26158467204954455,0.25756740166652076,0.24189958222910266,0.32817579623927834,0.2349918594974688,0.2652150546854405,0.3115714733025491,0.21275125619596497,0.2524038623506092,0.3441598017459678,0.3145288290670277,0.2638048765515656,0.27407156761892904,0.2683783378072879,0.3035472638745788,0.3134670749247192,0.3232306970124762,0.26952522332918677,0.270929342533442,0.27880822317163034,0.286670116460569,0.2589986821309208,0.25652883901281326,0.36398781284790177,0.2911969872586672,0.24711126110289433,0.2513017953328546,0.28406609011546413,0.26897493317602267,0.2862668034419537,0.26379984073800267,0.2521918926368422,0.27349930358324737,0.2661438038263231,0.2947236533287977,0.28244253899506516,0.35403574006382926,0.2788725572572879,0.279092243809694,0.39752738002263466,0.21243350637494174,0.28403623676703155,0.23150225916907788,0.21442611419631835,0.25078639798662644,0.27557503725376886,0.2521201765817775,0.27199436503906455,0.4075831760597189,0.26938645340406026,0.24768647543316835,0.25560907432136154,0.3372182765053015,0.3914518002686735,0.2454998002941994,0.2892398194832436,0.2750638103578106,0.3040552008380553,0.20747816997169466,0.2826207220045575,0.2645635159905215,0.3230775774163421,0.3333418605096056,0.2967768893187307,0.4020629707003588,0.34807429829537334,0.2540160225425385,0.3422688180180406,0.28172992188330975,0.2554173473067976,0.25564304163415336,0.2908727750341093,0.2472712028728724,0.2889104351379951,0.279620124717589,0.25539911332857995,0.3083616807899038,0.19748501832254625,0.3123144406842291,0.23931413734519505,0.3103885858800646,0.22176112234949769,0.25498824975741446,0.2965260408387442,0.3139834293380553,0.30693002141775033,0.36887870436236553,0.27654335143684305,0.3017290866383592,0.25499476315808917,0.25555462931671724,0.29999776072470014,0.2957733099402219,0.2719655661565569,0.31306510046051605,0.3135294508519225,0.22252087182316393,0.2572503066197495,0.2504196354444683,0.237118961801233,0.3204690379758158,0.2521916575069513,0.3080695391760009,0.22364480745285875,0.27101117292788013,0.2335768688618206,0.3001456875195119,0.302339191682631,0.25193215129819185,0.3254329003345112,0.3042194236110444,0.26617277526358957,0.24542300902209316,0.2728726233751699,0.21204206881198498,0.2670711887211534,0.2398369734170227,0.27209389748695584,0.2999021096461192,0.24508892555754216,0.25695942557772716,0.32014905431959634,0.28508602002646816,0.3091886780020312,0.2434297328078429,0.31760923825196086,0.2958396965614345,0.3255793762932335,0.20527193260770385,0.28650528953545634,0.293900468838774,0.26260659026435346,0.2539327107850068,0.35559116089204346,0.3171607230268275,0.2615251183317537,0.33851597259323296,0.209392125520156,0.25559482700910663,0.2706577490532123,0.27003218601384305,0.25213510250865634,0.26218805002295203
0.34699387541476484,0.24400609986019353,0.20501143822147533,0.20812130094876588,0.2380009701011436,0.2301804024988937,0.21776370253405017,0.27749888116196286,0.0,0.2040021610182823,0.22491342116395624,0.22835075952612818,0.23599063809102735,0.25797643665989267,0.2290934729133998,0.23758306369520274,0.24068809824669574,0.29362859250447254,0.22803272601320443,0.2922751159347409,0.24085104500071433,0.26582179774026027,0.21831280306992068,0.21080211545791966,0.24553977575217922,0.21075356687808916,0.23423300020895965,0.2362312019916739,0.1792978941254642,0.31136207471970523,0.31750060365804506,0.2504042512286801,0.2145401743741693,0.21241575183952074,0.28135408898862574,0.22816153583688517,0.2504076816913359,0.31954731609027254,0.23316927842351404,0.22562517761830744,0.2184891312624005,0.30757029221891746,0.24533857194016875,0.2395766370713462,0.24916062524875804,0.24722769494126015,0.2301333690391996,0.2115675894611253,0.24546153118999478,0.26877715627953275,0.2511401959330247,0.2328763697255269,0.2646432253045282,0.2130440973842347,0.21096020219420147,0.3159188431674411,0.29045102980640813,0.2610653715280127,0.23440447912017298,0.23234883947165266,0.22478148833680073,0.24008016418011155,0.24527893970139739,0.22790959058050778,0.2757176090098619,0.24417415814571727,0.2639033660294881,0.2562111018906053,0.226136370073735,0.28479948217364215,0.3281827396316047,0.2680355870809224,0.289207019874973,0.23611617416371064,0.27735035638240013,0.2636988354120714,0.21007737395740658,0.2119795813554233,0.2655575473605579,0.22346554775954397,0.24400092180575364,0.3526840335488885,0.2976171526872682,0.2302112301635605,0.30331970008424974,0.31675888621396225,0.28457641787544624,0.2988327861734781,0.26104367176003246,0.32847875878572624,0.294350233513559,0.3047982766945926,0.24734084592305453,0.2570476893333939,0.32529098801707723,0.2428249910670046,0.25499012858356407,0.24769756609374668,0.28830736890400666,0.2350887167745112,0.2544373691286916,0.21687474474247098,0.24258316320491277,0.20216343135769613,0.3198026400270628,0.2447243977431287,0.21117783874475327,0.25149949269060956,0.22792798896786573,0.21482877305227271,0.2087479980090963,0.3196341572910295,0.268458239312947,0.3071215868179202,0.24557361540178763,0.2641840206225982,0.2677349315841448,0.21770860568223366,0.17966412059674788,0.2651959060499281,0.27775697032646113,0.2635135420390157,0.264598726852339,0.27078881552853745,0.37155377158778113,0.2020938607541721,0.2433678323134747,0.2227750770955955,0.19489348554042438,0.2540612397010028,0.35252733201059133,0.27088443150648533,0.25425899556277365,0.3370717424573451,0.23212862716233748,0.24293890184687514,0.2492726551309668,0.23580269448229402,0.22957855935747118,0.3050710848450979,0.21218546937327612,0.2507102687446478,0.31000359974639596,0.30464745917985503,0.26237488951207977,0.26713488556305176,0.353366477266931,0.2202321325438503,0.25113740048804883,0.18871034072689588,0.3278805785366485,0.2544632739764334,0.24864396251712712,0.20724169920858798,0.24107455728170396,0.30313004877557215,0.2278040439493062,0.24155940469838588,0.2399854811013642,0.25158715603428566,0.19975746094444655,0.33161610877176595,0.2911534997978434,0.31187690828786707
0.24147984223820076,0.33380198206504724,0.35913123352460946,0.23559897292777104,0.22395541214946849,0.2567191676497968,0.24000274136695066,0.30286572639867043,0.2040021610182823,0.0,0.2549728488317728,0.2486974143162188,0.2799637811671351,0.2236237742307609,0.2320239431138215,0.26586331976671873,0.26334831476755527,0.2599084530970378,0.23027083245606206,0.21525450093971474,0.24805043751867378,0.2599021739564148,0.28001466243936923,0.21587868994546197,0.3433231692279711,0.21037973066799875,0.2269226132051237,0.25819213252435785,0.2973515227076917,0.20868432916479474,0.253556599062882,0.26885833318548763,0.20834645260621387,0.2245481690325941,0.23019348766814063,0.24092636646659124,0.2786207063884983,0.23157051983771582,0.20853874221800536,0.2433839630583192,0.21422880169145986,0.2600016144162793,0.22522789625985845,0.21755051976482992,0.2637906308052978,0.23761276689228766,0.21971139725926142,0.24872717908337152,0.29428146649918047,0.20425539781619387,0.2426085040557759,0.21242028645372213,0.2016668052317084,0.2599624300659385,0.2870286216152802,0.2572580674845117,0.21647494983668875,0.2355783854642195,0.26311650235439177,0.22779932242577322,0.2765362798049445,0.18398715641048966,0.21454326117065012,0.1966023609020876,0.1929169859502129,0.20822007168650564,0.2297366844643341,0.24287759892884733,0.25215212876826504,0.29786033015334257,0.22362839163500398,0.22798539969657985,0.19882534241840605,0.2852852884405713,0.2501316965717282,0.22172116511971998,0.23919729660938058,0.2777011624896432,0.20921283201535504,0.1956718513177499,0.2514636274319331,0.2220439847457885,0.2829473971934397,0.25175151610826735,0.22156361959136245,0.2640693892216415,0.2419131986602664,0.2235208280164089,0.2717583748300871,0.21317997345053813,0.22489447873859303,0.217770160062987,0.25922095617576957,0.19450185281900262,0.24073809910783422,0.2803162204680715,0.17740891939669007,0.24706170187620563,0.18169486203803198,0.2610986550798594,0.21560859493760054,0.24321835099788292,0.2002872403654663,0.28230259100044053,0.21388958166176153,0.2395009450356127,0.2345196292629636,0.330979494261057,0.2442101977514542,0.28074159852568636,0.2274695357506573,0.2057516082793425,0.24771502192781736,0.23632093119245867,0.2199991878254434,0.24940434597068786,0.2480509806591069,0.2766777703359082,0.25700320386060344,0.22529683181841428,0.19773054767198908,0.22475622245393476,0.2030804945859559,0.2698308560542039,0.18801927930534118,0.30844022600180876,0.20060028092685867,0.23109609359305266,0.3024139146104359,0.2336873315497362,0.26007410089623684,0.22845445118760205,0.21013310391335438,0.19104272192154198,0.22443501624434684,0.19118012560043077,0.22122263129572028,0.2261366885831275,0.2583823151266461,0.23956143037246794,0.22886341665875198,0.2390169447442319,0.2555736347776533,0.217005065122274,0.24877211145820866,0.2175309497699947,0.21535342836114135,0.28725492213015963,0.3747888809212599,0.1816408939988004,0.20787885876583215,0.2587019098698025,0.2126138148380333,0.25611361266795796,0.271613660516256,0.2540275558379796,0.21896822307903469,0.3045931143653614,0.2035101575501507,0.24023384332253614,0.30431396913006703,0.23288722463837133,0.22211290248960194,0.21651528677445372
0.2900560925000453,0.31478119298896134,0.30731863908371304,0.26522204778366393,0.2823843780461205,0.27289575971656305,0.26774101419837315,0.27889865314525,0.22491342116395624,0.2549728488317728,0.0,0.30514811934773867,0.30351258585887003,0.2335729849083732,0.2670379499152407,0.3391659244589227,0.3157340360799721,0.2864306550989597,0.282257878839133,0.25997080135756995,0.321190450387269,0.3589930158244319,0.27181205086762955,0.28814320556841005,0.3232588634383276,0.2614358946359021,0.2440112820106347,0.2939566844969369,0.26363337190372044,0.2482451832842192,0.2579700040717682,0.2781606519886048,0.25276677522958363,0.2343296041441082,0.2631984344601322,0.30028630523665023,0.3350899901883098,0.28428643640731704,0.30340017992438373,0.2745356412223172,0.277162585559914,0.27728244927125695,0.26424216874642986,0.3053970102994293,0.2792798357308394,0.25012866421823604,0.20510853193778278,0.3677750828061706,0.3192438597561839,0.24600577980081653,0.30951400343484814,0.24421125455581746,0.22178740107368555,0.35280479314069985,0.34040073860889125,0.21535561018727534,0.28310679693948076,0.3422368586603516,0.2749118367792256,0.25894469394641173,0.2993765885304403,0.1783355016051646,0.2842175821972191,0.2215626136468784,0.19976750786680936,0.22389665914776655,0.2633419949913114,0.25221987010021657,0.2761043485145433,0.30265973600229745,0.27066929601358924,0.22019961239282265,0.2410817032348009,0.3259727271506971,0.29145931049433593,0.2215620826281854,0.30605390012426203,0.2968961412850748,0.23196885356906627,0.1963010835169093,0.25610358121386745,0.23919633693521097,0.2787042585967105,0.2574194541374666,0.23440617715214293,0.2763027918774574,0.2729116108432706,0.22499554104147676,0.22660778168229495,0.2319508850546406,0.324789678636976,0.2131948022661884,0.34211805051881056,0.24241807449804262,0.2550561875835441,0.27678745561977225,0.2042971715988852,0.21824171466647227,0.1856427071359736,0.23501591816012168,0.24876812297795622,0.26664684616093376,0.21379974970976248,0.2216152095735238,0.24770994613785322,0.23453257042384704,0.23589834261899525,0.2887815546309422,0.25525151363321974,0.34300030084346056,0.33331182085792416,0.2415937946529558,0.25058626009733964,0.2442648257159049,0.2556679730031774,0.26763309999120893,0.23999705754747938,0.26080406007773077,0.27963821925973475,0.2189359328673227,0.26074132934258354,0.21588732541698535,0.23726280596401564,0.31956047945952126,0.20922424287564265,0.3094159508650186,0.18456381609851585,0.28305176878724675,0.27344011204876223,0.2422647612835883,0.21432641105494885,0.2740785986730205,0.23272349107167598,0.24585022752639238,0.31973613616232943,0.22254524213656257,0.24409926695572803,0.24458347350569423,0.29277086723763335,0.2756294023042563,0.2585567169117087,0.2597551530607162,0.24489118887152425,0.26404942256681047,0.3424774521338818,0.21425540940359386,0.26521075575357156,0.2540608306349715,0.2684566189722785,0.1973140206130894,0.2937911544754688,0.25249745350483843,0.33435090166707837,0.2455658760039189,0.2862319501857942,0.2916550938599888,0.284516159178754,0.2904415366780654,0.23139371767991365,0.2308555104255039,0.23623497542382615,0.2494792732837869,0.20154852220034403,0.34877073475970405
0.24409080180003684,0.31586865255613933,0.2635107211469662,0.23794742140180242,0.2181752472835897,0.3082598436242872,0.2625966038001346,0.2910780107866464,0.22835075952612818,0.2486974143162188,0.30514811934773867,0.0,0.22645999589962754,0.174656095217507,0.23882455211797954,0.26750821074366027,0.2549357526632581,0.20812371354375178,0.33456927016373567,0.24436942791781702,0.3115970747912226,0.26296946568803814,0.23325939239957677,0.25112746613189324,0.33199713451841206,0.21283947061270284,0.20495391080107814,0.2223137338850091,0.23758357005660113,0.25543111202988106,0.29161897388596314,0.26031291305519244,0.25188120395259883,0.2568862880984336,0.22255236610669035,0.2633406546195411,0.27259664942160244,0.24615868282180073,0.3168238195464931,0.22835196392325097,0.28419401350354023,0.2510647548205999,0.24628189942360013,0.288977359562884,0.2550070809451717,0.23424749902231082,0.24105412486352198,0.2839505437339105,0.25276308819875903,0.2361884705382667,0.28557839723681194,0.2685056588924614,0.20743040969359652,0.31880336234458384,0.3203746566274303,0.2301626374265791,0.2718042091789899,0.35751523365130583,0.20950471450170938,0.2290851847028732,0.2347416882063349,0.17723152908748235,0.2601371973179597,0.19836839790635363,0.19506397554154312,0.21407721124591292,0.20698829144814299,0.21441753175263745,0.19915528963318746,0.24417373291187935,0.2343007043488109,0.18994887079779818,0.2029847472566124,0.24941589147212603,0.25599771628011153,0.21134822614395396,0.23521340046030187,0.2619726981303491,0.22599935661854595,0.18601801103567953,0.23301258819665613,0.24362835165348956,0.27129982349733606,0.20694547539821975,0.23591979694927984,0.2744479449154621,0.2347365408869493,0.21303125111265125,0.23780853673366253,0.235242526790972,0.2579150586317678,0.2566390924373242,0.27150328417281067,0.2369693294237775,0.21658983772845225,0.34743694280253784,0.20699216827122327,0.27442020701445435,0.17637558974215412,0.21508391016589332,0.20025665338216733,0.24368654955848223,0.23126568651504284,0.30513666990615873,0.22655466999071946,0.23459172021410232,0.24988172599634045,0.25527468503122164,0.23109152631200325,0.3176622358915285,0.3672945022640284,0.24011492433254858,0.2219876081244344,0.22687059804765936,0.21939681518281962,0.24224584648108233,0.24405325976076553,0.2645457864132512,0.2752105265517787,0.1948734473318236,0.21057056552556128,0.22722934818394522,0.22101612061431558,0.2783599805405119,0.18688064387240927,0.3456518459030103,0.1852364562021231,0.2693702699018668,0.2924587886368297,0.20295139124144973,0.22132766631315928,0.2404970616465906,0.18939135319449718,0.24017806251079898,0.26290754158945606,0.19038611406952452,0.26135578045564456,0.21513220201916292,0.22792696623523737,0.27587693043647393,0.21276786439967563,0.22560846213563795,0.2534697955963539,0.24853326841708095,0.2834223315442197,0.25465974401118063,0.3255986501774789,0.23001573096253233,0.3172899591923147,0.18984392101349312,0.26571692955703163,0.2633739369087979,0.24643202114464477,0.2341199553427966,0.3634419246745935,0.23720982551802217,0.22795881790540673,0.2886960353964741,0.19531338210011367,0.21295967767620766,0.18805903268078927,0.22942554660180794,0.2003849617683042,0.2540147995963442
