0,1,2,3,4,5,6,7,8,9,10,11,12,13,14,15,16,17,18,19,20,21,22,23,24,25,26,27,28,29,30,31,32,33,34,35,36,37,38,39,40,41,42,43,44,45,46,47,48,49,50,51,52,53,54,55,56,57,58,59,60,61,62,63,64,65,66,67,68,69,70,71,72,73,74,75,76,77,78,79,80,81,82,83,84,85,86,87,88,89,90,91,92,93,94,95,96,97,98,99,100,101,102,103,104,105,106,107,108,109,110,111,112,113,114,115,116,117,118,119,120,121,122,123,124,125,126,127,128,129,130,131,132,133,134,135,136,137,138,139,140,141,142,143,144,145,146,147,148,149,150,151,152,153,154,155,156,157,158,159,160,161,162,163
0.0,0.37393501064893725,0.27781043479054723,0.27355196761445805,0.2679536760973623,0.3028733366941622,0.28557211095727675,0.3272049548480353,0.36869956759806366,0.3238249940055701,0.3117982822467458,0.2969576088892815,0.38094503207898106,0.3238249492503733,0.33582579308860233,0.3239073225133529,0.3483118340067666,0.4903416868213648,0.3550654242981351,0.5382918665568276,0.3397997696433262,0.3492607489896631,0.28285202643508756,0.2977541002955342,0.3823313947214671,0.23808855763871029,0.23054929002750388,0.28116049419258926,0.31303575623024943,0.2891529252527569,0.37440500306751334,0.36652210251007644,0.3211924282101158,0.27051056417873215,0.3948748464076325,0.36592146812938836,0.3743264439986539,0.3909869257814517,0.278192939624598,0.31103751146750613,0.3371018986022271,0.29132019468285375,0.4853257644660968,0.3461782036778842,0.3376532294297363,0.3647816562005542,0.31530164910519154,0.3396787813938145,0.3727902505983292,0.520772375824972,0.4273848206450582,0.35556936702183606,0.33043311624510646,0.335998872360365,0.3599762215811491,0.3090866819938253,0.535970277276778,0.29511114024625534,0.38474778806301196,0.4376157885478512,0.323544269163786,0.319385261313656,0.3552616312419851,0.31741371977300464,0.36978630958015807,0.3512244393971747,0.2693742534676341,0.3473244291715088,0.3330843359505329,0.3731794602216322,0.4635601824158224,0.41804538044677564,0.29372608217089563,0.33978154716506054,0.36000237643901667,0.326309284900116,0.2491392519958644,0.2579779940865451,0.3525964425113457,0.2597673012256395,0.27513833311386604,0.40429404877653463,0.34642578669690866,0.318524782613179,0.3366246321102219,0.36104188832103146,0.3049706068732012,0.4473857942713899,0.3314383336671198,0.2761902679646664,0.3711426347991254,0.33873830161927987,0.47924993071037414,0.38765976867394647,0.3667124365829816,0.3198874068696832,0.30031952539114587,0.27576306856374794,0.30499284275566013,0.3250186448462214,0.33333359876073454,0.32533030876574204,0.2796375606400657,0.31852848477437484,0.4753618243665054,0.33163451250990333,0.3551890518106862,0.30179782811910466,0.34065844781184784,0.3188728645121599,0.3019953513314426,0.3722279333421983,0.325992762818338,0.26030603609571645,0.3735528481270159,0.31328682028197846,0.339763951060976,0.3697170524177712,0.2699817199076425,0.2687674220852571,0.31946301727591275,0.2846676366152142,0.3479681612921764,0.36652346577156125,0.3194331359852775,0.32545222817364644,0.27626438022830613,0.2899086976544966,0.31282504472924905,0.3916688352058309,0.2888726596356764,0.2810855208358098,0.2898432772453984,0.3328370862874208,0.32761343156694395,0.30208061400098035,0.40514918722516824,0.3262319388157625,0.3050246844709981,0.43225514887438193,0.295203726046065,0.3413092297374099,0.39333367621291976,0.3112136134654755,0.3284767477749955,0.3144265884844639,0.320792198221718,0.2609292687515829,0.3886006700601889,0.22362047092356088,0.39638007950823406,0.3671704267237443,0.3830512633521617,0.25328906479384167,0.3111278506657326,0.3742483493483239,0.2875941784258626,0.26954519694972995,0.31708086768985266,0.3139434684301181,0.24984560780438575,0.41268963307321127,0.24129699143748504,0.3890771982059717
0.37393501064893725,0.0,0.34478958440605667,0.3699801271566515,0.23908417001942198,0.35321587391298065,0.30312712496623606,0.4454767564551015,0.31103592240647004,0.42360556095401597,0.34606328516264706,0.32556570582931577,0.39312591465224755,0.4155501077451763,0.34479937566153224,0.3203453089573153,0.35130894955272857,0.39238776004467135,0.38816794248865844,0.38031398237363273,0.3787898834297575,0.3944968026643203,0.3211967821313041,0.31370975986356453,0.39311266314185067,0.28182693308644713,0.2553951960330155,0.32024681800320093,0.45890120196280065,0.2773406243671562,0.3422655691845119,0.3353170574620996,0.4594075794093897,0.2693593397384782,0.32973323678365624,0.37690470545313975,0.38304375272105984,0.4099384742117512,0.2878748613127385,0.36303506469575375,0.43649906130755356,0.2880367035350743,0.3187155407502145,0.3085566337802803,0.46813955564476417,0.362978367671524,0.28763055906193874,0.3061438909720294,0.35173269202391905,0.36818823013220187,0.42532073996887443,0.35476469618021567,0.346136054436756,0.4869040546611932,0.37907962943033524,0.33708496037879476,0.42197130264348626,0.31031874421376326,0.42564128305198395,0.5024243743368854,0.4544543901772234,0.29794320855023687,0.3284429644426044,0.2670277181495427,0.2907772903585532,0.3237571537678227,0.3444317783788096,0.35823778299156767,0.35878166345497187,0.42895794832846185,0.36807557955868375,0.38909088813511516,0.2811653875259965,0.41395499071313663,0.3695641445740442,0.28766223389353235,0.283140998764629,0.3231527995416922,0.3870238332043074,0.26769638569505405,0.28156147372975326,0.35568836678089893,0.47042484866862455,0.36342571292505044,0.3454044923287605,0.5129121760061496,0.33067823773445587,0.33861679473585754,0.30494944033218724,0.36701441165353693,0.3305601909410751,0.31988640986481354,0.39116038911871936,0.3463826586808154,0.4094424186472569,0.3881210508332546,0.3210384715503764,0.2942727114875492,0.2597885932843346,0.37674387137087767,0.3498005611351969,0.31570990360876744,0.2789262099753604,0.37506302406779873,0.3854320182942556,0.3405743116606559,0.3330439906352846,0.34657474037251423,0.3858669585071375,0.3778833401288175,0.30111669410338426,0.31026161416510073,0.34946532823886667,0.27449387126798935,0.450230138010912,0.4108388741229964,0.3177286000627162,0.27566912230327756,0.3057613039104109,0.2815458232251397,0.30457350766401337,0.33422631318173923,0.3567057917557121,0.4338330558652882,0.29361524857773497,0.49193466531733404,0.30100242201722666,0.3735334533752621,0.41387037124679443,0.366719251284166,0.3142176233675143,0.30899274799406146,0.3376155100094805,0.3198246611599797,0.3393902412377965,0.25592659295670944,0.31521313885057045,0.33326896263213196,0.35502370703674874,0.3684450628197146,0.36632636354886533,0.34990877476055565,0.4533523528546844,0.3139471796401364,0.35073003272045344,0.28459117195690714,0.31504319959436977,0.3131731676018869,0.4470801151587642,0.2381205625157189,0.32176306889319367,0.3754963860884314,0.32980034097161454,0.33067262960429167,0.35649921187084704,0.4390300983996026,0.3697092471353152,0.336332943623331,0.32771617029057337,0.29459854593402046,0.2995640279103315,0.4127209967654672,0.2696019038501906,0.3231534769361377
0.27781043479054723,0.34478958440605667,0.0,0.30306925097459186,0.2561663826756593,0.33755877261522454,0.24961720960744033,0.3822974807192245,0.2513969690323142,0.38650226130190163,0.31554821422370355,0.2606704124161288,0.3962966734007276,0.32303437121744605,0.2382852405950757,0.4517091640789775,0.43684161390015497,0.2958560664140698,0.24222545984445465,0.25637929731066017,0.3725007121970385,0.37428974791713776,0.2621453053347837,0.27541034024598554,0.2969219441776264,0.33208215648976513,0.24406322899959418,0.3064038996450094,0.3212412338073628,0.2800034158240944,0.23121396252652596,0.31418973886289253,0.2716339852963113,0.24550802555092535,0.25152302937480375,0.2986586103633584,0.31727164959365534,0.32317445664272193,0.22750260269781214,0.32257253050545776,0.3045408592350942,0.3374517374969316,0.2693915293140877,0.2738446185401604,0.3245702088999564,0.29414165802615627,0.3025204829490726,0.29686812015531194,0.27457303298943797,0.2871108675676309,0.32407389723509117,0.377526708039851,0.2285592394882076,0.34179055251584367,0.2911772131047129,0.34198814998005567,0.2815204076629075,0.3358622177084504,0.28577300078956464,0.3124609736229672,0.34453115468835294,0.2861220117403282,0.32558928633627987,0.2538659670727439,0.22035324049401436,0.26171117845939795,0.28652720118464226,0.3456626439786745,0.3196868984740612,0.3504065998045125,0.32215292905940845,0.2602512391471189,0.29746238892963806,0.45402506475228516,0.3325834171073219,0.20866214432190028,0.330109494660687,0.32368794164719394,0.26960514649411377,0.2770947353020363,0.30389470721996203,0.2775051629701652,0.35532987476214584,0.3414713756041377,0.3064951752890911,0.37048836867625967,0.27021807362683037,0.2397195250670823,0.26321625059173454,0.27410197586571244,0.33111904264747316,0.24059145321337852,0.30215041084941363,0.22771263041661755,0.33258848486412795,0.28851749262368065,0.2364715343429033,0.3005262570327005,0.230899320933856,0.3197334877410575,0.23654449108320014,0.3026940621903119,0.23393133606731611,0.28694175121498405,0.28570475477888063,0.4008973060847412,0.31745979720833034,0.3301962023768411,0.3009356228047739,0.3496647156860948,0.260162916304744,0.25838552935717257,0.33775367292962116,0.26237889700456274,0.28011612925842655,0.43226063405120946,0.24927797571736057,0.25142674418419203,0.3872246993807278,0.31360415651542617,0.29174044151769823,0.31443111250945516,0.29549151251272043,0.32395872963613653,0.22332468420003973,0.31480428532425786,0.3191069560819145,0.3203471694178401,0.3900198184043425,0.2740050214383198,0.32522331799042525,0.44307209296861555,0.27061583490151736,0.2396349291044589,0.25020180671766373,0.21198651586465145,0.24378052231079442,0.2540455586703734,0.2634889929353498,0.25762083058844143,0.230693534487315,0.3135166888933869,0.3157106046977266,0.2831832987748036,0.2770441778373604,0.22896793382543926,0.3003027457757663,0.29370676226247683,0.33769789666211386,0.26309472395902683,0.22641091876262096,0.2293831617435258,0.2663656072628889,0.37296819605952564,0.3116075535415193,0.2867891950190476,0.29673329615171534,0.38828886082687725,0.22438424840587282,0.31223016159186945,0.2915601399267213,0.2503820636184111,0.2706839687286582,0.2816620354483812
0.27355196761445805,0.3699801271566515,0.30306925097459186,0.0,0.23307608430269997,0.27552489006448166,0.34627269244385045,0.3641467927672064,0.2503955335606514,0.37179743564542406,0.32433248848987417,0.312429491314717,0.34253563574498813,0.3251123125955868,0.2808037495280333,0.3141620529753725,0.3241168402859225,0.294648393794086,0.26979806373720167,0.2694629441483631,0.33653564716036666,0.30564189684992754,0.38298730739227926,0.3041523681896354,0.38501025282580653,0.334547620105703,0.3567395042352994,0.30295433683775896,0.34967395865613604,0.23235497785027284,0.27173700265430417,0.28775739803952805,0.3523890041264753,0.34894350001973845,0.2782007639488676,0.34419179053209126,0.3549163678718596,0.30211325709420894,0.26881720733046044,0.3892443477226684,0.30081480213198813,0.33367753323723437,0.24220024449261604,0.28270407249975044,0.38548793813017634,0.31159332558685215,0.21517780606763015,0.28189329477667907,0.32908477654496504,0.25886867216390885,0.31834626948101513,0.30044101023009645,0.2481712356058033,0.3857812137513986,0.3487921680898133,0.3327720100788389,0.2935324005136839,0.3359662527947411,0.31214816507713045,0.3519040874295922,0.38384790896459337,0.25733395675337417,0.25819667117531764,0.25893214607650916,0.23041007662706278,0.275414123740289,0.45446820800359133,0.2553890164856119,0.2705420347157574,0.3567554108214503,0.2612843765163697,0.28023199331209503,0.3308821300969372,0.41898113730381864,0.2891144301197879,0.2328347841145149,0.36079216311999734,0.3645840953878088,0.2722499287015911,0.23332568288420083,0.23422278749829573,0.31243109637917427,0.29152617111730444,0.2902148613287475,0.38862271070015536,0.32649135223937703,0.3826153361480123,0.2713163504578389,0.28728094331906184,0.349016169777401,0.315522592031876,0.3081154462784465,0.2738094483890377,0.2528436053946986,0.37015033380318135,0.31406454989249916,0.22854048419883496,0.3528545280329783,0.2584364497775784,0.35388368115821195,0.3083960733456788,0.36113154705019185,0.31660118336964105,0.29554516278230747,0.27788735039457957,0.29537126993749574,0.29552210999195155,0.35770885501905775,0.31875733471646867,0.3643818397800073,0.32326035346073045,0.3097338700634098,0.35563742164104717,0.3159959888834136,0.2968152565377347,0.3489022941088053,0.2862209179164895,0.2425535109750327,0.3347152110943478,0.3398261632321575,0.2696690315286086,0.3586382103078602,0.34059871003966063,0.3037189506455206,0.2427428648842077,0.31224643388986556,0.3099932337055167,0.3695761458173587,0.3986638441441245,0.28829216745810926,0.2720289345940327,0.2695299807688004,0.3741898612285088,0.2939443768244503,0.2989948829185884,0.19277376723436268,0.22282493541943998,0.2969988371949785,0.35857666936085836,0.2924851320813787,0.28867176814448553,0.3187502414065424,0.3979601433184452,0.30749057690303544,0.3144646147668167,0.28936438793373,0.2637593361205928,0.2619512027333805,0.31307434551454927,0.2450970971088395,0.30145220393339167,0.27021630233295085,0.3130201095122487,0.331296984572833,0.37597720533515894,0.3460057842584039,0.32687895036492665,0.3338649703584698,0.34754582486039587,0.30204336360158324,0.26804339528546367,0.2840521542100018,0.313747067906751,0.30595011840719916
0.2679536760973623,0.23908417001942198,0.2561663826756593,0.23307608430269997,0.0,0.207610551350817,0.2757294412072996,0.22440890706248598,0.263187871074599,0.22159374475756138,0.3251603799730059,0.2699654984252007,0.22109454392056171,0.2376389885529629,0.265889604654298,0.2713682419068734,0.2476677231694094,0.2490939896837274,0.2029500040498126,0.243801963130708,0.2752818465283674,0.3160656233890776,0.25269344511781194,0.27141448977531735,0.24265495526631536,0.2732380241001098,0.21641138184051228,0.19286235655229594,0.23887777731004323,0.24337218469193136,0.27396597519027444,0.20731752076940324,0.21832359421146086,0.21971842106116685,0.33533185641352065,0.3023608536793105,0.2920560259883284,0.26948841646620575,0.32519083391346054,0.22712814908814566,0.2355664118582933,0.2843821959867007,0.26928872195184406,0.3520976015222822,0.237279185409799,0.20544827549410327,0.23400763355640902,0.38448252583786013,0.2726597430760054,0.2777320613092866,0.2620877051796927,0.23227062508789806,0.19842260465235323,0.26338419581372446,0.286771857719824,0.2235596465003364,0.23419808199650244,0.2899962358028286,0.22674441342575516,0.2275798039043528,0.20268676397813845,0.1971881151324742,0.22300801865083267,0.2864171553584464,0.2333350459332795,0.18983586552629006,0.2369600290128839,0.2608483652532491,0.22494372764830692,0.255047151998006,0.27026161634936635,0.2654316454379991,0.23441141634648177,0.24184620487647038,0.20620238329859947,0.17820878017685812,0.24883229163437165,0.33558282339030293,0.2095933731310322,0.20171051899187395,0.18904132849578847,0.26987411596139244,0.27450312819198286,0.19644532361027334,0.23807135014583714,0.23716434153461055,0.24481636191016184,0.227655390696508,0.1853347720759105,0.25545584137130445,0.3636856584303125,0.25711936092013177,0.30154763033242066,0.19096101578181326,0.2687665953890521,0.27504283396251933,0.1835046569454788,0.21537387668010127,0.27708628560515136,0.19445997445168892,0.2611283019775281,0.22731241884377362,0.23849057159366588,0.22145796731366363,0.23566407242674117,0.23235248195640343,0.20111330635554336,0.24970818085753146,0.2207089574210577,0.27950203529044687,0.27177214107347963,0.3073771425765555,0.21994323309534117,0.23955769928435242,0.21462881629444844,0.2327309197921502,0.18346579619057263,0.2816225573696634,0.23344515006171984,0.24444354502768922,0.41484849460958106,0.2202799216823652,0.24174201467006817,0.2562468091719302,0.27243357138130564,0.22619551811595057,0.20411848739550137,0.2946316918947125,0.2356246312738039,0.23679652405527302,0.2059201378024187,0.22402421006739992,0.21995508176811923,0.2864800441945504,0.3001156321405446,0.23358015630224924,0.23542944817973993,0.30126935588019843,0.24841802496809673,0.2573114419936376,0.19541716908145895,0.2729410963093507,0.25223964746608507,0.2680679227079696,0.31626416477481356,0.2633324034589856,0.3236671752671411,0.19126219158323135,0.23808312758932212,0.20684976037645483,0.2617685529288461,0.2014203455165101,0.29469782572764064,0.23542091504623205,0.24793935385059243,0.2720837716775345,0.20930916990328252,0.25523980566963417,0.23382507926024995,0.2169629606493946,0.174517025963623,0.2309514904304197,0.20754772534871113,0.37748033748276955
0.3028733366941622,0.35321587391298065,0.33755877261522454,0.27552489006448166,0.207610551350817,0.0,0.22483256714823058,0.3811105036149832,0.27045808279170025,0.3629439980263232,0.2619718625382642,0.2942965793067948,0.3713186459304372,0.25084251152219406,0.24759813268014014,0.3502949811160362,0.3880744976954312,0.2578292431908963,0.32277091089251664,0.29736926181778695,0.3766191854826589,0.27725900819962396,0.21842432956172506,0.23232255505994207,0.3226545329763219,0.24205205110498504,0.20282064346473563,0.29152222814306183,0.2895617629290773,0.2842546423431541,0.2628360182263521,0.4084962288917862,0.2984569725283943,0.24804180026992662,0.23921821983227343,0.25993405992795576,0.28531686243701077,0.28284980713497593,0.22818865295854335,0.26024147550225357,0.2934674596160848,0.34154600651738026,0.3102230923476361,0.2833682816703962,0.2661118805162614,0.2863362132345302,0.28321172811500944,0.25864208111809495,0.23380280199695438,0.3107328148436511,0.3346499753597423,0.41101432882331246,0.26096130874717394,0.30642327364191346,0.256253117225844,0.38447975630248404,0.3455964612331663,0.3718443058631156,0.26435494784918734,0.3011795371347006,0.3927252161589573,0.3499931582606327,0.38697164550519114,0.21017861832318002,0.26022726322659784,0.30297554396444726,0.24735271361811592,0.31560107159531087,0.25630418204311084,0.3312107374431878,0.32141082475751764,0.2502955756273078,0.2845876061438002,0.3421518959662906,0.41671086738045565,0.24871360039322396,0.2813851211393237,0.25692350235618894,0.29018947165952896,0.3911228817811991,0.4335475985479307,0.28512297594177466,0.3507951517823647,0.3485763343143073,0.34950006497359537,0.3097204128729306,0.3293589622201166,0.267559137632327,0.32240732215090645,0.25829197021878963,0.2936794618457063,0.2809478843691198,0.30328647157676103,0.27615364400079756,0.2916866978661286,0.2941819408414323,0.294164482203856,0.3190300250019021,0.23173595919911355,0.3232530371695625,0.22789366726431695,0.3090771449525552,0.2515428387992779,0.278698321643444,0.33675555643606947,0.4002320287816777,0.42565320169079535,0.34670612421356556,0.281944674549572,0.31468535238917117,0.2730226457314642,0.25363712355670365,0.3850223000316797,0.29147268689412936,0.29091966756965904,0.37996784802624806,0.3570610643413832,0.23183201168470038,0.3955741278529665,0.2782350397286692,0.2507095646755398,0.329381680587298,0.3274396682691431,0.3473018594981185,0.2592818235422706,0.3177128844755906,0.3574741306757818,0.26401160954689,0.34342417165117645,0.24356643839272163,0.3725501625961484,0.49456804235671364,0.27106621289537797,0.258228336242041,0.24886762603949014,0.2319643562090367,0.28178792401227204,0.2211896548008117,0.22298702810401885,0.27576069858460966,0.25180323701320406,0.33683217992698666,0.30417403168541707,0.26921451920143324,0.27609199960903835,0.24036209874809958,0.286194808817965,0.3502872137449555,0.3395851515060544,0.28660314142298604,0.25498957264635796,0.2987645237838951,0.23263574854288807,0.27254285164581316,0.3508042321933733,0.2820767076257173,0.2616252031107783,0.3964799734460721,0.21804318924005597,0.3335332423159095,0.2828548541053584,0.33300814032505577,0.28907908432892687,0.26335305313304214
0.28557211095727675,0.30312712496623606,0.24961720960744033,0.34627269244385045,0.2757294412072996,0.22483256714823058,0.0,0.24598200184120422,0.24519152080538403,0.26585101742652134,0.3782502851167513,0.35914994749050727,0.28767177163354,0.30074023451736803,0.3087618085092678,0.26729199089912664,0.2597204220444215,0.28246094702951297,0.2762796028630903,0.2506081436000844,0.2956865832427835,0.33901646780701084,0.39164841390542554,0.3609143279157229,0.30594269148179865,0.3352266794959966,0.26900115872109315,0.24241715514121925,0.3332961152857632,0.2664938832901358,0.282142719783115,0.2761592931534707,0.316539510392154,0.31358355766994545,0.27385165393802197,0.3442263615961399,0.40436558314551224,0.27670244176080494,0.334190597550635,0.34067389632721545,0.3318194686751371,0.26786041390136844,0.3000193669932532,0.3416248898080974,0.3404490405257286,0.2693085500321777,0.25022927111287874,0.3485672863978439,0.4771241038410412,0.27496019757507795,0.3622610609640742,0.25107855657972705,0.2165110221274409,0.3863882145412506,0.4827209587806039,0.25791406059998484,0.28694707993284096,0.28276092239952466,0.3124927167123474,0.3010451150708266,0.2509644344217024,0.23256073467766145,0.22895804754006557,0.2846326295509393,0.23065644851418057,0.22144629854483094,0.35638789716421926,0.30978057517582047,0.2539250220769445,0.2639443401958315,0.31671674990840964,0.27796960017148836,0.2576791960407411,0.33264666061998255,0.20612992940396424,0.2389454082092763,0.4040484703769986,0.35390999147616664,0.24240650491914065,0.22185631491801008,0.2113839537467388,0.2966421255449519,0.2949639770050146,0.2137616597522129,0.2657182082941466,0.2693893850682462,0.2762334507216576,0.3041511365553782,0.23216546049806813,0.2997561364464814,0.35993812575610723,0.3408684343060535,0.3460415681289659,0.26003530556482374,0.3026707453522347,0.36407453774825954,0.21131640923729358,0.26178522645970914,0.2708746511878074,0.278795265426583,0.33630158574070623,0.3086773762648574,0.3148306895313429,0.26874329417200443,0.25174914751357286,0.258854621143371,0.2369408727485277,0.2558184906125216,0.31160316505929175,0.34713185178996686,0.41730302192000707,0.3156183387713878,0.2639021418654875,0.23012360201360474,0.2606661149239159,0.2713492213464338,0.21839145665166576,0.3307477743819316,0.2797994556817546,0.24322738364792446,0.3035493715809914,0.2558824159061333,0.2709807809244743,0.33365376081027803,0.2396748117606784,0.34682226022058277,0.23814718674417304,0.41521314514568763,0.27771099633288737,0.2951296286854616,0.2062879544855075,0.21734397045393716,0.2777164566901734,0.27309597893525067,0.292167782190604,0.2187157038802471,0.2690178444109477,0.323767673393089,0.32076799449978655,0.33010966229745853,0.2696899682571865,0.2926636408404426,0.31130317924343054,0.28151371031660744,0.3635058012430197,0.3342567283403234,0.2896049206573778,0.24009069518972215,0.2608737924888682,0.19568380932391094,0.3117633954820307,0.24204608343330972,0.32422709977414854,0.3353661291032885,0.308857396629936,0.3382904575673344,0.31878517976419296,0.29382818803837335,0.3270092213967014,0.3110073888908124,0.21501702895013838,0.26454373918891444,0.24240104754845926,0.34617555813739503
0.3272049548480353,0.4454767564551015,0.3822974807192245,0.3641467927672064,0.22440890706248598,0.3811105036149832,0.24598200184120422,0.0,0.3329846789584018,0.4727591497836894,0.28444909092716214,0.29786705086505527,0.3968699718979635,0.36041583172613045,0.2603173144758396,0.3991334459687551,0.4305683210724127,0.3229642116778679,0.3287232156719142,0.3540733068701039,0.3926881451217257,0.3008132058124223,0.29064451882539294,0.2547904388152052,0.41261059699804353,0.2759138068822778,0.28215508242959647,0.3869906181444826,0.3259093450619301,0.27585724700367353,0.3427786692618894,0.36661134359096303,0.32652863603989657,0.3179726530065641,0.3309710705609126,0.3716407794830473,0.34599099418362317,0.4284273053429718,0.26125590378417385,0.3273788321218177,0.33076611435182146,0.33704079556515537,0.290458652908939,0.28783867979238387,0.411887078086595,0.33883074172719396,0.2676278307567639,0.28091162369766803,0.3092703151164968,0.3301609598766027,0.3544161354711022,0.35773945074329,0.3003175154501397,0.346325768593809,0.3111411001094193,0.4215959488317616,0.35524693063881185,0.3562123414105951,0.36504263804434145,0.37493060331814404,0.515531103976192,0.3183838996217923,0.3214723184447791,0.28503339124395805,0.2649279005582367,0.3258522272096256,0.353729448634872,0.31341800017393134,0.34929045978192225,0.5357782461282633,0.32452046994637135,0.3513175384527952,0.35231572708737924,0.441459381492095,0.46652442256853316,0.2792975513181016,0.31447411887418675,0.2855887236381675,0.3901097084652768,0.29640922196177405,0.3297205655296127,0.34132924990170005,0.38777417393446023,0.46045060402172433,0.43346105889449243,0.49865643207977545,0.4073196523211386,0.3246387438120086,0.3979814305952366,0.36167110902760774,0.31512973918229814,0.3242943261302633,0.32287793099698314,0.294818048324459,0.43244336921302656,0.34346098392614977,0.30485813634438963,0.3942043965584847,0.26811534257321545,0.42489161585376445,0.31310044752716304,0.37334066147989226,0.30453076579484173,0.4007177632872693,0.3947777518580971,0.41544312633632374,0.38593207267784146,0.4595920550193951,0.3123494519287201,0.3479735867763078,0.2733968463936805,0.31451276512996246,0.47049734898269513,0.37102389832013905,0.35156339650135654,0.4188202443324754,0.385422612837932,0.2609203293911561,0.36704262002782284,0.37746329245489296,0.28332838749185796,0.4849984324619366,0.3687504510363885,0.36064440994516955,0.29996243581085413,0.3409507696883787,0.37680811957351407,0.30209752723710337,0.5013367978349356,0.29268513821021314,0.4636230690951465,0.3857583386574613,0.41223124726995636,0.3090886177924252,0.3239084980159607,0.23196770640230627,0.28399432067522296,0.27595115255084984,0.3187447690542688,0.3546155931863607,0.303474792721632,0.34447241822321617,0.4443160470708499,0.3246067340322819,0.3401047986253006,0.28471354763559725,0.3015235248430578,0.32583845181423127,0.47086965803845965,0.2930642486107279,0.3297236336883688,0.3449126457205338,0.29781114114068885,0.31544162026002115,0.44058473104566315,0.40618939622107514,0.3123293687712123,0.3943230038116593,0.2794816030731257,0.35163264423020985,0.31471054041226776,0.40197615575001133,0.3718946712107349,0.3034467103335738
0.36869956759806366,0.31103592240647004,0.2513969690323142,0.2503955335606514,0.263187871074599,0.27045808279170025,0.24519152080538403,0.3329846789584018,0.0,0.25991525428941953,0.2740692360361251,0.2743544921320229,0.24465737889803238,0.3469871470806262,0.25520546600470084,0.27907583379580014,0.2689314212216352,0.3150799805957965,0.30713524698303435,0.39381520083343335,0.31275499631594517,0.3747960652955347,0.2397519414643296,0.25824839478851114,0.3266114282585063,0.2237595407578595,0.23689488759118174,0.25367289749569283,0.27355674304180627,0.31740059517205327,0.40662163764053016,0.27565924562334626,0.26685485612096826,0.23484552854815638,0.3989457752661722,0.3563772434162314,0.2908228576535218,0.44663456643959026,0.28079493198444466,0.24674797568647586,0.28991885571391657,0.3261030263574598,0.31667019995417633,0.3229003411697272,0.3083222363014293,0.23686379644652114,0.2398157032967328,0.2940809258942058,0.2897957834063795,0.3541906311054711,0.2857387790674206,0.2593161018357025,0.27203391974807933,0.2932556854948708,0.29198890317543186,0.3403234066941111,0.32083926167488125,0.3143054914436805,0.2995573916385179,0.27521423858543526,0.2689870336983512,0.2839001195780267,0.27291606641789756,0.36910854798969783,0.3200378748503553,0.2542772741914181,0.26942138944597266,0.2760775656860382,0.2960263546127309,0.37470089753948627,0.3470429801109252,0.3713011685487306,0.35542855471173107,0.26266160733054833,0.3058431738156254,0.2528689525016847,0.21864148560181848,0.22667278392778256,0.2898351438956923,0.2391488993150543,0.2520465868411488,0.48529568862483713,0.2995945598005615,0.27187564726496105,0.3652326313846321,0.3529773230877529,0.35040512224990705,0.3485389744370079,0.25068611012810094,0.3197595434493871,0.34085137098209123,0.4223479556536134,0.31937405548801534,0.2635620362655661,0.40186331662591024,0.33869391179942593,0.33622533140683153,0.31611052799209577,0.4344840297914666,0.24382679742937247,0.36660041731993437,0.2861669254324906,0.3185891448356128,0.3339800008565642,0.414331408393207,0.24906199674653348,0.2421856854481558,0.29840546620910785,0.23528363199381902,0.2631075738997595,0.24733744177453998,0.3907595542598003,0.3154560395341985,0.3300039343598824,0.26414995375991623,0.2642579006988665,0.2803001657424426,0.31202993969916776,0.2457884403335848,0.3213864839143878,0.32663755866872607,0.3356563908809458,0.3543465838613857,0.2719469898856432,0.5476088240052006,0.2560279015213071,0.309500904469385,0.26003312048067306,0.291333429519224,0.3001078135160615,0.3952017955282294,0.30772691206812053,0.30905464914813396,0.44048909257677965,0.34537962905814124,0.2597063512706041,0.2761493883926951,0.28614360803147587,0.30253565407148103,0.3942828506278925,0.2727919655451913,0.35573113754174895,0.36051260205642166,0.4056266247256646,0.3190243608998025,0.31010906898298196,0.38292140142993764,0.21606439957010487,0.3634705687924249,0.2760480831488675,0.4258939586285956,0.30029865724795607,0.33796008432020114,0.24754878672041364,0.3071281068775531,0.3805377482500369,0.24810420549904189,0.2518356439498635,0.3254080964427019,0.2629538231780653,0.20928614321304076,0.4501517728959054,0.34089371236694865,0.3652218183731446
0.3238249940055701,0.42360556095401597,0.38650226130190163,0.37179743564542406,0.22159374475756138,0.3629439980263232,0.26585101742652134,0.4727591497836894,0.25991525428941953,0.0,0.281206220434648,0.2628170978724664,0.4486573783402973,0.3470133705964214,0.26653624758924,0.36791961524612554,0.4259506099436074,0.35861333748722896,0.2916068824194704,0.3056774181516013,0.32075272037228375,0.28871651036925816,0.321778525862471,0.24512394923096195,0.40888069529897597,0.2733245096514768,0.27858456166807377,0.39643078331681486,0.3624840903676358,0.25301561094259545,0.2960580616827534,0.3711311648951527,0.2959855374848303,0.29759670344354927,0.29708711125684756,0.3214410867160994,0.36165817619838214,0.3326619481574844,0.23151397328450155,0.3315427825466343,0.28378886514034435,0.30474943670770854,0.29043906699387456,0.2622580799127631,0.3850530714321834,0.3451500917705926,0.25532349097802753,0.27592548208778883,0.3341291428297144,0.2911093157760438,0.35193974321348676,0.3107790521387371,0.2668325676371261,0.3541270750680584,0.3416788874114602,0.3746244696706593,0.3179816223024979,0.29315861846713115,0.3729198897744962,0.3845775967185085,0.5191879795290365,0.3003580513809035,0.2813622437464096,0.24990240671535777,0.24715594208389208,0.30410358782282465,0.3340026415471193,0.31159072787971887,0.3491129275209557,0.4316337481908817,0.29860924770731384,0.3446195056212923,0.28880195670049075,0.4540134742907858,0.37514787582416825,0.26934907676472797,0.3265075890297054,0.31065261807371564,0.3115887262693379,0.31035076803487127,0.30432990818838485,0.29820127188314066,0.36098522762195734,0.41044775257285165,0.35213854655350674,0.37905936000011836,0.33763863106699,0.32318043231827365,0.3973161078373351,0.29886353765574714,0.2966987517832955,0.28208963233890166,0.3284910250115742,0.26667831575166706,0.3621293486236629,0.3125037854608927,0.24329676072576392,0.32124463315365415,0.24569935657387665,0.4615871414839768,0.3018407602621475,0.35611067307548383,0.2719225960996072,0.3319003291601662,0.3252015439729108,0.37562081655877494,0.3976011822728907,0.4347968159959636,0.3226999580594611,0.33077194657802655,0.2639424575926159,0.2770282838077,0.4287577119459761,0.332580455669052,0.33150885365127614,0.40593066095471597,0.33367969595071034,0.2771303679797301,0.36625347845810785,0.32998240880954716,0.25546541268911144,0.36809731312236704,0.30931906322990366,0.3475428089331719,0.2481528324258734,0.36404050674198474,0.3636685683571652,0.3028740531862476,0.43868934541422144,0.3003437667260242,0.3773541197332462,0.32929862336899435,0.36207542043834307,0.24882220363577512,0.2670706795384276,0.2127957691756648,0.26423121431703295,0.28075707428770214,0.3043656279377701,0.31270632800851406,0.28237275048025146,0.32819141700072024,0.39596415832947607,0.2730758360062755,0.2928876295101007,0.2668098374723187,0.24223900317564637,0.3657900912600095,0.4188595984481841,0.26409561319180813,0.2725045873145875,0.31574116597303126,0.27333274985491246,0.3114445467741808,0.3394368697216137,0.35303543588195935,0.29095740001449993,0.4110942763846216,0.28124906520732046,0.37777100697248606,0.3621778208740712,0.34710482596508185,0.29688070713244946,0.2663140548898389
0.3117982822467458,0.34606328516264706,0.31554821422370355,0.32433248848987417,0.3251603799730059,0.2619718625382642,0.3782502851167513,0.28444909092716214,0.2740692360361251,0.281206220434648,0.0,0.4489326615613025,0.30840231629502585,0.2929540173603884,0.26577464884244373,0.3609981363239997,0.3406004849367222,0.31941130036790916,0.291196082020784,0.2820782700094162,0.3488893878596453,0.39737730982446523,0.37346369303217747,0.3561680421689016,0.3408020792825264,0.32801228987749803,0.321610842279159,0.2932188643362247,0.3654904612559588,0.32778737686423015,0.2684476943035908,0.2781489604794956,0.28612947291993773,0.2981095843120548,0.28184952297887095,0.33676563432621387,0.4163558841167987,0.33775488103730605,0.35017246460844215,0.32188733343014764,0.2946094211493859,0.3520132010644786,0.27616436296498964,0.3299126874102008,0.3234145234193989,0.27000345220685285,0.23371126509958384,0.364494889636717,0.3837463840687143,0.2709301086407366,0.3472109314936961,0.2714681790883927,0.23660707804877842,0.3878755969572145,0.42368217436256367,0.26112013191459615,0.3331651320202007,0.39157525640870405,0.2973698300386942,0.32308134505141156,0.28211607918496395,0.21394862106051946,0.2707691864203764,0.28225549026691676,0.20996160289939397,0.2230040248915013,0.31400897881970125,0.28708352761685996,0.2779502099316189,0.32361300785836417,0.28796532439769923,0.26546954796709543,0.2834613040445206,0.3405796956439648,0.26429243548526493,0.22816798304246946,0.3749466347327193,0.3953054578350635,0.24871032476039207,0.2350165052817458,0.2217104776018894,0.274469573289622,0.3307407474727046,0.2459263289155344,0.2847210868866469,0.3119950358366174,0.30657276826716806,0.2583169746323793,0.2383147039421794,0.3318214968900304,0.4438189343543866,0.27005492833506933,0.373629385533555,0.2660601499774983,0.3163293570689745,0.3399928142258319,0.21763621889054652,0.25065586452570177,0.2603645557323366,0.2553755819323523,0.3155861437991977,0.3008960307271223,0.2687537634339932,0.26876809417346686,0.2736488804238479,0.2696295360680275,0.23856042141526995,0.31549240386161675,0.2746820239655752,0.4095686705741974,0.4104218883656801,0.3254318639829107,0.25833970070595413,0.2901057018547904,0.2813152113048066,0.3354272649847262,0.23474496715320606,0.3044439159526508,0.2906882977984475,0.2846816313015553,0.3405034510702651,0.2552679732318663,0.2976430848945427,0.3618055734096372,0.2435121022197795,0.3508295639836216,0.22737083318001297,0.4292724057931417,0.3015759135832212,0.25122673371277837,0.24699074866301132,0.26938822079576963,0.3159537148144763,0.3143076968836147,0.30971697056805775,0.2090115645189443,0.2828005848998321,0.2714137288512985,0.31900658422436623,0.3110360503078038,0.2444567467565862,0.32331268678602015,0.30641398563787786,0.3149056080810724,0.4160512106441559,0.2903056932519165,0.30641604720594695,0.2434810822242291,0.2970828485308431,0.2566315176888451,0.3160469883970821,0.2511773479453383,0.4264892776669064,0.2939498594582249,0.312542709465835,0.34262938643305274,0.3319446961841678,0.31448657480394554,0.28039359573542155,0.2792949900659875,0.2075050876458122,0.28552901232602773,0.23684965926661525,0.46845864984368485
0.2969576088892815,0.32556570582931577,0.2606704124161288,0.312429491314717,0.2699654984252007,0.2942965793067948,0.35914994749050727,0.29786705086505527,0.2743544921320229,0.2628170978724664,0.4489326615613025,0.0,0.25894033932146976,0.23772794806433703,0.2486012041214196,0.31785340917195515,0.29956226029353406,0.25304718813957755,0.3690483448690692,0.290007693352216,0.4077774858388477,0.29781930235542176,0.32082408003786306,0.31901073998352136,0.3952414158090584,0.30434690993701224,0.2567320311518855,0.24357179474691834,0.3263974970057392,0.325982944474966,0.3147062109484966,0.299706393196455,0.28192358223893677,0.35283432799553044,0.26458006271689,0.33256227636222685,0.4040289130053666,0.3238626349657037,0.4029177604006422,0.2945004060708132,0.3054626821065976,0.33224053836168027,0.3127801492542689,0.3525238820641836,0.3067725848821543,0.2648942959266164,0.26263526747410304,0.35337232321342793,0.34222747362222083,0.2809130706156996,0.39248976466125357,0.30554579258707526,0.2383956140472349,0.3765373743077854,0.41127142428638613,0.2939093575581121,0.36851074227233366,0.41445590900258833,0.26521553771527406,0.30293608395533156,0.27114009714655224,0.23961100120288778,0.2883535945796912,0.27067913032845115,0.23296841371687527,0.2546814273874055,0.28514167801804846,0.27799711262822224,0.23231007048870939,0.307788662916811,0.30069309863661303,0.25084681672758524,0.27930125791801874,0.3080410583572725,0.263086478104642,0.25331964054866507,0.34290989029447877,0.35742489789564275,0.2721572533805534,0.2649210241867249,0.25346054029361936,0.31389558013406327,0.3316775531656224,0.23498195732779556,0.3265890874209661,0.31077370115256053,0.3341936393119096,0.27821473952468073,0.25843589480011286,0.34996633880182504,0.37122349779501035,0.32123072934022556,0.3343343593331537,0.3079736215931942,0.31085969249467904,0.37090610205608127,0.24812455582813708,0.3052224943051039,0.2729537149748599,0.24532599430220747,0.29083757074346245,0.3489532090423871,0.329110522607187,0.33270428357844356,0.2844676476326642,0.27187446886988287,0.2795657917572298,0.29523480249940737,0.2630408025560945,0.41151459329540396,0.5883119353794029,0.37268079405874965,0.28010059801384446,0.3078766683483691,0.2662917088067641,0.2828620832814568,0.2662649150364854,0.321728243478112,0.31212931197397253,0.27050708414619423,0.2926370082606621,0.3015983610283624,0.33501735431009017,0.3592680328543733,0.2560319029007835,0.3679068290585505,0.2499961637981864,0.383682499105452,0.3193088541495539,0.2328841865448605,0.25037080192209377,0.2772196751288122,0.30424661706924655,0.361973958962167,0.32497916172199637,0.21452113533740183,0.3027084856979552,0.25445886299225423,0.2737241815349928,0.3774855603091076,0.2339522718634301,0.33153913061033596,0.3348584560341567,0.33168668317310623,0.428534625433728,0.34675722973369494,0.3533980187343057,0.2440082278888105,0.338967207871215,0.26930000659232656,0.368914601735367,0.2952375730311786,0.33952134501457065,0.27112211066857594,0.41304779302852374,0.3320475337128805,0.2941366776447368,0.3149826220904567,0.25551735761365585,0.301654475857852,0.1959004171502573,0.316440617789079,0.28083330220102565,0.4049542220697381
