0,1,2,3,4,5,6,7,8,9,10,11,12,13,14,15,16,17,18,19,20,21,22,23,24,25,26,27,28,29,30,31,32,33,34,35,36,37,38,39,40,41,42,43,44,45,46,47,48,49,50,51,52,53,54,55,56,57,58,59,60,61,62,63,64,65,66,67,68,69,70,71,72,73,74,75,76,77,78,79,80,81,82,83,84,85,86,87,88,89,90,91,92,93,94,95,96,97,98,99,100,101,102,103,104,105,106,107,108,109,110,111,112,113,114,115,116,117,118,119,120,121,122,123,124,125,126,127,128,129,130,131,132,133,134,135,136,137,138,139,140,141,142,143,144,145,146,147,148,149,150,151,152,153,154,155,156,157,158,159,160,161,162,163
0.0,0.2937935331626709,0.27283876173259775,0.27705831861310687,0.280109953063241,0.29814222214729286,0.270323955773245,0.2896151778930755,0.34070672628959625,0.27975630084494624,0.28761289500700754,0.2553440914120961,0.37997927676034493,0.28213404669075126,0.30351463675421814,0.3097396412803059,0.33558215678900644,0.44654826697972866,0.289718582378484,0.4697817758791579,0.3260820305829849,0.3056088168659,0.29100868992155976,0.2715181081290001,0.3583241925496751,0.25571036247595746,0.2349882555590593,0.3137860363623916,0.22166877816204889,0.2600282107847052,0.32068813947126845,0.32814649382613864,0.28393633685364134,0.30137366838762075,0.39335555367064634,0.2878382208015555,0.3750050658835875,0.330170906921279,0.23189852242723838,0.30327938750438627,0.2718600368226791,0.3106364658099432,0.3654845514579649,0.34415671726698427,0.31235891124727816,0.3809905789057193,0.2887018058607881,0.29996561510457204,0.34975964268808635,0.39999168499726456,0.3684360264471753,0.39308382952611387,0.2862420713360497,0.28836102630740695,0.2786395823192516,0.32489569349436215,0.4602583650836031,0.27508200558765916,0.28944366698587076,0.36372993609106824,0.2888845809279496,0.2807437619452081,0.34773661017916846,0.2586792139211496,0.3449582920692946,0.37405735631034465,0.2982061394767009,0.34794647064201534,0.2852775863705897,0.33167179148244286,0.5067098343331622,0.3512004634011004,0.2985406291492602,0.3180949754393706,0.32443164005476777,0.3543970998436673,0.2561779178830153,0.25782184597390984,0.3164315915050317,0.24410341629501423,0.2885259024428635,0.3986023132284436,0.29684090349439424,0.2905664052954949,0.33646721714107874,0.34512729887635485,0.3023412105082788,0.33719174301105087,0.35517514354796986,0.27622720444381865,0.37272419634982235,0.3268454310161741,0.34163746527476396,0.3785321720381365,0.3634739268888077,0.2880637096611499,0.2583717743951812,0.3067159770272006,0.26265780305570624,0.32585056893795655,0.2766058678370288,0.28050381170277633,0.27578356658438413,0.27517223002286845,0.4043599904157004,0.3735695972131047,0.33039138209411234,0.30470482541742516,0.31973717058262746,0.29621882641440744,0.3087210436971738,0.3565010351612916,0.3426214117349533,0.25967815564565366,0.3282243586774902,0.309945392071203,0.32495879818805423,0.31314107195382007,0.26883931529499255,0.2848590072482501,0.3170144451540241,0.27464902535885466,0.35067318559729327,0.37072334685261366,0.30201931160902185,0.26184930328213196,0.2553245458083784,0.25028202796652393,0.2730728336314461,0.35929927260188954,0.26612324499251755,0.2929415890964131,0.2675545209493818,0.3004312738928801,0.2918838275223824,0.3176399458973,0.30690031459708306,0.31442670497527775,0.27755108017013913,0.32731082794153765,0.26959957257240824,0.2972109482455605,0.3783060163614813,0.29001579299753844,0.3119964188365292,0.29265405383535714,0.30464930830453146,0.2503083184930103,0.3364179637557861,0.18996984814635487,0.379880249041701,0.2810775912063636,0.3179049716930539,0.2241376183327097,0.3060350131154129,0.3667262524311788,0.2908411324006194,0.2904006750547014,0.2981676972503909,0.3271141139491722,0.25927392551333023,0.3562259342157007,0.24617892362899127,0.3646857240777727
0.2937935331626709,0.0,0.32188562038466445,0.29656225655860247,0.22757005479019052,0.3602786491060527,0.2707336535471743,0.38550101780951024,0.2745377499532939,0.36306940240901564,0.32181656159126304,0.32835185915095016,0.3292222765455162,0.2924311167328301,0.31641618480439976,0.317458905280251,0.3158310072594339,0.2914368956970524,0.3262090842452106,0.3368540910811046,0.30389968293649855,0.38712121658811643,0.286103974499484,0.3124524226687331,0.3526695252294736,0.2290243158600522,0.24913191742773216,0.32847233839192097,0.35488346242125907,0.2494022657998228,0.34084257387683375,0.29759145103616846,0.37511885401259,0.25901771669077484,0.2924317524139109,0.29237012172991556,0.29977449055379374,0.32405415133030113,0.29071809848458235,0.28456187745332107,0.3590369947115697,0.2673356875017023,0.2411982024978137,0.28193261732615504,0.3672632677126017,0.2935297946910558,0.24810492638076714,0.2646420114027177,0.30304531521919514,0.278349587881313,0.2838768983796237,0.29310060157319157,0.2816289637076456,0.3787496532528232,0.3189111838295847,0.30695475069292055,0.3188969178727458,0.28380634445875974,0.2851249258379405,0.3435572984754595,0.3652608012632383,0.21280056412114814,0.25524884453530133,0.23241835888364337,0.23150207259212946,0.2472992684769541,0.2675122555019446,0.26814464831939566,0.2583975503055884,0.32394214330266197,0.28974416301855427,0.29328561085766675,0.21643126935825716,0.30864033436407107,0.33532440747966147,0.26341131230767406,0.24952287506935036,0.3043435348088469,0.27838007092159905,0.22763962856001396,0.26676769736436107,0.27033799987404256,0.3692154105455042,0.30240921711111696,0.254735024669093,0.4213066224271862,0.2549588448457066,0.23174142607034062,0.28744021528191277,0.3122680795475416,0.24397941727497263,0.2700951234473247,0.3391258322845422,0.29760936886790407,0.28467440661590804,0.3964941539857294,0.27879695376618674,0.2961869486113664,0.20534016319679801,0.2966124709718425,0.3060351919212596,0.24799079048029557,0.20151707039808614,0.33142048585251593,0.26932112675998976,0.2930337788856463,0.2705077912433252,0.3529543545890473,0.2997256308690152,0.3533056485198756,0.2695917839246966,0.23871317152056626,0.2539612559418121,0.2473718812462807,0.3071632691925094,0.3812474042226911,0.2904774494167761,0.2545363638612913,0.2766761359541338,0.24486777501725016,0.2767031985624535,0.25980148025093247,0.26984114063235454,0.3672324436235519,0.25722017510397827,0.4229317751982504,0.22211387330305377,0.324917084018122,0.3542244025239911,0.2964280572173992,0.30171130709930233,0.2913501555574686,0.26195431752479775,0.2729236551651126,0.3158954295980355,0.2542689711197813,0.3012837694449578,0.2800442646486336,0.29963095666444717,0.28753764035894397,0.3159783926829611,0.28549630751276794,0.3262448357998235,0.26161622792051786,0.31318499447999437,0.21572101672286983,0.3136519045921639,0.2982264700221468,0.37763477828229114,0.2178081715412256,0.27251508703673366,0.2976457618636494,0.29631373203413136,0.28013852158701574,0.31774844665133734,0.3352073545333076,0.33367233493249043,0.3379017094329311,0.2784389925296702,0.24463024216581253,0.28076580047620814,0.30663527250240974,0.23413519839700525,0.27631978142898933
0.27283876173259775,0.32188562038466445,0.0,0.2869110402341606,0.27003665508737573,0.29936024108912307,0.26403899283112053,0.3058988170200301,0.22073557871521074,0.4246111476850985,0.3273180221905728,0.2822536183981192,0.34915992208614816,0.2473086572452819,0.2700158638398079,0.3890833913062824,0.3603091496082376,0.2909914137934413,0.2502336265418135,0.254554467819749,0.3304728777601695,0.40080602861518955,0.2733861137138304,0.2770447665913215,0.3114788125160863,0.261697712594064,0.2363532594763921,0.3033848483790676,0.27696796099167936,0.2388618570823351,0.24268839883355,0.2991641971051449,0.2577649606366363,0.2511243827458302,0.24616637512177675,0.2675892979915968,0.30789044620927064,0.256385085092795,0.23924001794632208,0.2877538856137371,0.2511545411605437,0.2907538131020065,0.2640134638771994,0.26893306574197434,0.31994429197267893,0.2826311926237989,0.2372335725678405,0.2989722955289587,0.29705844767988443,0.2596048225427903,0.2945694310667189,0.2926656774256886,0.20346248653938812,0.34877531984521026,0.31865101551731795,0.2442394059836721,0.25872183724799036,0.29224533948710896,0.26028171161014985,0.2807055870608321,0.29189358512847496,0.20785098369725757,0.2697488153324356,0.21650734451806067,0.21624273926401005,0.24572488817954033,0.2561905502548856,0.29212588170110676,0.280058415966694,0.2979742232826779,0.2910238342239181,0.23431947676862494,0.22164584839788604,0.3926527399731139,0.2850066341254765,0.20487438638158956,0.3080950148675952,0.3031232736731969,0.21936073051353563,0.1986124951579306,0.23824377142992997,0.2623623934102631,0.2907145806864659,0.24455705989472282,0.2407127113427885,0.2942554803990481,0.2289199176161172,0.21380986330656174,0.2537798822153588,0.2188953607392916,0.281035836914695,0.22940736789245136,0.29373387859991923,0.21383941874081758,0.26749122011765303,0.2875340131364068,0.20578507713031494,0.26689550268590484,0.18454308800608882,0.2772631123489587,0.2172206883719981,0.2845795638688964,0.2040861941723856,0.296022815926635,0.2410162465712445,0.3287979867567274,0.28646831326356315,0.28985485294557356,0.2750443542692296,0.3318785122321027,0.28005395689735624,0.22274495680882106,0.253053620466954,0.22347418756761617,0.23459283435857495,0.31103923285968793,0.22396155378709431,0.32209776473247653,0.3141226107644322,0.2304656633285063,0.25514946849923975,0.22305445620012854,0.2280895597061647,0.30401371754648127,0.18666745855134936,0.3292332004676118,0.21764749209691148,0.29180560822980645,0.33653981348400963,0.2599052817178718,0.24108943855416295,0.32720192851740243,0.2103683752328883,0.20040648337030167,0.26390401256189727,0.20636517083933087,0.2225317157328406,0.2455567093618549,0.2805339970627792,0.24174586024853145,0.22990856357889028,0.2669824305815683,0.28124874393036636,0.2488824095430708,0.2550964454156169,0.20192089205621172,0.266802860472365,0.2684338893755994,0.34055817869911287,0.19282060760837574,0.22035678254890934,0.2087429087698977,0.27326321745092946,0.2941171362347564,0.29123231168375063,0.2731110969040899,0.28904906057376134,0.33448048476850406,0.21106773056715178,0.25728996192781706,0.26169994242166256,0.20626448613323908,0.20884724363917015,0.25558638712994525
0.27705831861310687,0.29656225655860247,0.2869110402341606,0.0,0.2646617300623859,0.24509476856433637,0.33020489006270526,0.3019506134669658,0.24386677994578984,0.28272720706891113,0.3250512349716217,0.2613304437783783,0.31066429442294813,0.3096381357212058,0.32069506044964347,0.29289458196115997,0.3346334019472862,0.31584207835677386,0.261693558612677,0.27677765637419066,0.34705508879670294,0.31161853029160413,0.36696718100751735,0.29696599470528856,0.30803464234639716,0.3323664996316721,0.33711330144758545,0.3368039842703488,0.25922787438613015,0.21897652880665597,0.26183199167182203,0.2617740940973302,0.36292489116685456,0.31724079942571787,0.29589315694365503,0.31874205535992167,0.32047026079341084,0.3167049721012708,0.27202674472127847,0.37469201055945,0.31477661161220855,0.2993470794305965,0.26449910025957335,0.3029269670442601,0.33641333727307215,0.3321059449747827,0.20923559244902115,0.2749991872377799,0.3384605915324226,0.2915726338455788,0.35126479948942774,0.3193045607388051,0.2660097928752437,0.386807640189818,0.32009689491259596,0.27837955054332375,0.32940909284873127,0.28658987756450033,0.29263591059894467,0.3607012989208712,0.33942416335844344,0.24137167181150176,0.2967234583178161,0.24786670887624443,0.266261859135033,0.2973507932746471,0.397793380144824,0.25516425960930855,0.28093685683343694,0.30484458149572896,0.2970187544415814,0.29549354477213274,0.2802543320608179,0.41224398298883186,0.2912518618625554,0.24624046655013113,0.3735148313238702,0.34046955151548985,0.2797208032095764,0.20779726501862364,0.24871917539982336,0.3459954290962726,0.2596250141696672,0.27444997161730156,0.35797451563150656,0.3134492257144007,0.3196462164265605,0.27079571107713346,0.2994902031198735,0.28098041282089226,0.3210759339916824,0.29012949372611807,0.29200671516298937,0.2703091794197722,0.36897106476664226,0.26472921081887485,0.24383299758209956,0.3059452194510298,0.24342530795294354,0.31516707751396605,0.29219255411463335,0.3195865023816669,0.2922694435348565,0.25065094984879216,0.29790672349876796,0.3116068182735927,0.31231231986289637,0.2989143534175328,0.3336952594593685,0.2953137951817914,0.32634166036219325,0.31471388950035306,0.3167557449967586,0.3153968503952737,0.3007418498164543,0.30513336904213006,0.27369331703921385,0.24670778732562684,0.28764692175267187,0.31110396342722124,0.30994140201308645,0.32324578668697773,0.2970230692387493,0.3174470039424951,0.240068696081323,0.2675883407931612,0.2713749378260779,0.31281684327850756,0.3270249287273939,0.36551702147833953,0.23524697511875733,0.30134885941308553,0.29958715753258824,0.28200808713603986,0.30056267189744346,0.23381924270839013,0.20117160994038208,0.33704634323142185,0.35250667927557805,0.2892998277168562,0.3015715641400479,0.2828290762679665,0.36912300457740815,0.31877257061685804,0.3143730071928241,0.24433514897056247,0.28129632262136567,0.26290724407257904,0.2646198177970132,0.205129913730646,0.3110300353777955,0.2524245254533434,0.3436107153799142,0.2688659210515043,0.31586167704681395,0.3306640885927214,0.3262150922170645,0.3063828130755013,0.34436058780231277,0.2914353539151239,0.30563075979045556,0.2569934095056876,0.30212834768500135,0.29438148827951716
0.280109953063241,0.22757005479019052,0.27003665508737573,0.2646617300623859,0.0,0.20876661700597648,0.31797568834519535,0.22777391129287017,0.2385462633657114,0.2393148845601991,0.2993288017996065,0.24817102743723723,0.24668649684222638,0.23433911569085739,0.277439622986295,0.28801090938196433,0.29063088935871356,0.2881217351053311,0.21735993333799586,0.2563035678398521,0.2973726288678985,0.2927275172032274,0.32278068512012764,0.26816394449030767,0.26174242626842614,0.2620461067285458,0.25031461033359476,0.23811537699911808,0.20407298207945632,0.25523120033377317,0.25894408641503736,0.22773413125836484,0.23236590095919346,0.2579418704965248,0.32206003652726894,0.28631227013144267,0.30824309285031615,0.2686381996414534,0.27228979261196407,0.2559207694085376,0.24337974777416221,0.310718147108968,0.282854693341139,0.32334623873244367,0.2466728939481144,0.2484275520168432,0.2517758922212764,0.30646145976620076,0.3311524732973596,0.28419575207609954,0.2862831505371828,0.2540095261369603,0.21490855150976443,0.25982167437029147,0.26879747104650775,0.23130510394344683,0.24997284765004604,0.28768804565133654,0.24132680348253266,0.25995634935437184,0.20908533150239256,0.20392395680373246,0.23618362261682677,0.2660223376760783,0.24246226902954163,0.20941499233452188,0.24435826647766254,0.26954339394902077,0.24279987186032104,0.26464072164756053,0.2890114968876862,0.2634577064228754,0.2196217521285517,0.27839420845607193,0.21887081137953382,0.20726039927278075,0.2819266486254307,0.37369058164460306,0.21541660805957863,0.1939371059012455,0.21615676361282019,0.28605516189988495,0.2687161822413993,0.20123805154959584,0.2462011715922673,0.246284003881534,0.24196927231616416,0.23365236985838875,0.2248106450783952,0.22957452110507473,0.36747481009184924,0.2790209404701891,0.3142304395088205,0.20540954773985728,0.2841596550519473,0.2512630275528503,0.18770999146148135,0.2490340314800167,0.24537745991683646,0.21694048284089748,0.24244966389108447,0.24796754395462403,0.24606825414161484,0.23407374233216108,0.24247902466473384,0.27057544086348334,0.23360527526678795,0.26668175172937736,0.2673574331313647,0.27685659260135986,0.3000357919381484,0.30183392091208133,0.22132063086487305,0.25544624658034276,0.21449486534484485,0.23443253542398648,0.20974140921021314,0.28587643456205153,0.23824356417835235,0.2546225141715893,0.35537312082352257,0.22985554523228902,0.23436729581503818,0.2950158093320994,0.2326318128415207,0.21965737754986187,0.20913343801844775,0.27327837332198573,0.23481367803500855,0.2637393041463267,0.21562025975966326,0.24781157300838305,0.20719148900954165,0.24255014141794515,0.26093256777910795,0.247057991415333,0.220028983264986,0.29374797271679803,0.2582538257353389,0.27952343053116085,0.20448591954792597,0.2641802656648167,0.29060140933437556,0.2852185320509101,0.3007058025068168,0.23921242383897212,0.29997845471369017,0.2264002096412356,0.23957217653236515,0.19071635732713912,0.248391288247328,0.21125153608322672,0.3168845270804138,0.2416162510840957,0.26904895046815175,0.2807537192063972,0.22898421016412282,0.2814141469815457,0.23290048773524624,0.23652841250329656,0.2154802781459614,0.21948662968495636,0.23425158974491456,0.3315847702594935
0.29814222214729286,0.3602786491060527,0.29936024108912307,0.24509476856433637,0.20876661700597648,0.0,0.21349301585573371,0.33601606433257086,0.2714186393624089,0.2807322461728879,0.29165510613464385,0.30832702914406573,0.33832057429642326,0.21463518759279565,0.2605804928568277,0.3582167714532542,0.32609810927667865,0.23191187707335384,0.3281240281026121,0.3295644891634962,0.3246467300311388,0.29233981922394614,0.210587467180088,0.2463415443377221,0.335102380435757,0.20966629813183682,0.2071535548120608,0.29112556063945827,0.24933505283522325,0.2731044746925487,0.31075679263180217,0.38841424890597226,0.28962888797325786,0.25459255388961927,0.24728898252603881,0.24719234274848834,0.2894363878257485,0.2747880530399868,0.2531495772373874,0.22460431227807529,0.26528553682811823,0.2942901764286975,0.26839237736220334,0.28931090456409714,0.2678104041731232,0.26035261471544563,0.244209034822311,0.26441788972911856,0.2315506269970069,0.2736071771452262,0.27782177067251956,0.3217793713095567,0.24088751327349708,0.29163124980282296,0.2538009066634194,0.3332345582816081,0.31432918939318105,0.3557528287324232,0.2179162114557594,0.2669490073217592,0.3644557044373328,0.2546981127881504,0.311052131383319,0.20154798612622296,0.23184802081202505,0.26135959586553015,0.2309183763610338,0.27468700918206546,0.2219451458861807,0.2973199353494775,0.29559771438176724,0.2273527379599541,0.2380122143904208,0.28121657722106475,0.3747038277433135,0.25952222822467486,0.25108011214692044,0.2510102554289143,0.24706427249286342,0.3010330711478169,0.3601661341711833,0.2663260724903591,0.3054355018164886,0.30392072060983005,0.27360604048658205,0.30568202798299154,0.3089650599427528,0.22597323804411298,0.3093220844972083,0.25161606639650225,0.24331082683718042,0.26564811584303216,0.30222239002336987,0.28170210968685094,0.23994362606073927,0.31755956469003155,0.30334911405401344,0.3157271107343507,0.20271634661800234,0.26172495996098183,0.24265892341297957,0.2689036587394366,0.20560464970578166,0.2667908482578911,0.28532858837409086,0.3265792108914106,0.326759302081911,0.31378805831871776,0.24280153349423808,0.31879512828116674,0.27077304038925293,0.22751886749782574,0.29780276907395625,0.2659723711131627,0.25153562533209683,0.3131755651983264,0.32636960761494826,0.23811515763007715,0.30510137921478453,0.2411004858799489,0.2429637970420355,0.26440394791892635,0.28969520849277175,0.33530933883437214,0.26514508360137234,0.30774869091892504,0.24630683609695408,0.26032699929073794,0.2895135115995103,0.23118416332425737,0.3245680992255163,0.43912486368362935,0.25060129075540627,0.2535158365109149,0.2845806222878424,0.24721775810208943,0.2882562408333792,0.21294938232525654,0.22496893600024961,0.2680000262617193,0.2526200242851268,0.3047218637710428,0.2679615875762696,0.2634648782988608,0.28592483801146445,0.2065928808132227,0.30884206469058045,0.2967216399254055,0.32012782205696977,0.237787942935439,0.26736097343632753,0.2667508927866038,0.24424924093696265,0.2250380443899117,0.31856618337141795,0.2924967085264957,0.2830107612373836,0.34464150249737596,0.21655063136691194,0.2740035851292287,0.24142069267510713,0.30530277386470883,0.24538918561663797,0.2581213200355181
0.270323955773245,0.2707336535471743,0.26403899283112053,0.33020489006270526,0.31797568834519535,0.21349301585573371,0.0,0.23628765335628535,0.2283906672246511,0.2648483516467826,0.28554538881668284,0.26051906901734184,0.29890505404769374,0.30348856427994464,0.32693180811439876,0.25078021669233536,0.26622769071547375,0.29200602893520466,0.22514605527429066,0.24065910975451507,0.2864726475572696,0.32027975442922557,0.4045330388242144,0.3153251856408911,0.2814020448472641,0.31980456309284755,0.2668806869545232,0.24570639757620383,0.23587831135850054,0.22860901189499383,0.25852507673732944,0.26396550096420096,0.29398254802013374,0.2922063358103217,0.270565619221726,0.28509215518396624,0.34648029343887443,0.25412772189756067,0.2543948545343426,0.3424186228542853,0.28510285134117636,0.29317621788263043,0.28699127925396245,0.2959413993538057,0.3299802262696403,0.27990478589496726,0.2924314592678657,0.2687177310044381,0.4359794933613824,0.2747667218514481,0.33376664102863157,0.24753354197616664,0.2140804223122755,0.3070925696513417,0.3101098358344483,0.2562150026615653,0.2534212531575477,0.25135475267763924,0.33396770593497094,0.2756689091291887,0.22556667153544865,0.2239085741587532,0.22502389789338975,0.2851138344627196,0.2395042893067396,0.22163772737269619,0.35399255137869123,0.3379198282354118,0.28920901137379634,0.252155395119014,0.30521903775744325,0.2622955860008779,0.24926300706475224,0.3559583946195615,0.20544049174220663,0.22296295468828467,0.37629704385063395,0.3536725863808051,0.22410780162081045,0.18977876227289414,0.22191378134323392,0.2904029184800894,0.27224165070826845,0.20331678714800913,0.2481736503288221,0.26683853639235505,0.24393588610990452,0.2852222538780442,0.24083024902861727,0.25235735902182993,0.33212559499494665,0.33303510419686977,0.2835109554168742,0.21958689751182836,0.2955279787915337,0.28681950634484304,0.1970176622717964,0.28090080153674524,0.24682085752467642,0.299317705410231,0.2647768940597002,0.27553631068584167,0.30425578847083024,0.2511062851359507,0.23659058054564108,0.28393236720498255,0.23977035503302796,0.26725767812379886,0.33896985754953174,0.3031714334201503,0.3408966540394703,0.27902243602056065,0.26122590536450424,0.22910031535599384,0.23464967331125874,0.2628912162905404,0.21950729839455307,0.2811632735981445,0.276456801077006,0.23680917136979138,0.28697833978203613,0.22937851136339368,0.24081203685313107,0.30988092463113226,0.21635943409821734,0.2602881932083705,0.24107292931855384,0.3295222281931738,0.2437550113801386,0.3119706328361162,0.21054385999120853,0.2255482243217589,0.21425953277375565,0.2252216535098855,0.24791678271393833,0.2358403986066809,0.22638007317108466,0.32037132730448836,0.29907831268053486,0.27763898653092905,0.25014646650669276,0.2616122982463035,0.31372100126320546,0.2685411214285484,0.30040818322351637,0.3138452977482894,0.2819368004665232,0.2530259417296213,0.24711769098116892,0.17591079832163586,0.25037900045718714,0.22258352352166885,0.28445220166768787,0.36211961450671504,0.29055769955869887,0.31062437307084517,0.28215437636156554,0.29687032519225637,0.27526360837015573,0.2755228817765173,0.25387809255153254,0.22478037304677123,0.24555039532499082,0.28431686866683575
0.2896151778930755,0.38550101780951024,0.3058988170200301,0.3019506134669658,0.22777391129287017,0.33601606433257086,0.23628765335628535,0.0,0.3175135429835987,0.33043677613862343,0.2847256504993154,0.32771180090119756,0.3290794796380388,0.24700971556513132,0.2822852479132668,0.36715595990850297,0.3594534313101495,0.2770495655995942,0.32253044756832366,0.335481994550413,0.3261924175378672,0.2822374830649214,0.26975645340963683,0.2578907049954174,0.3551148773241651,0.23074060461121776,0.27210291309461954,0.35798166894162897,0.24748767682188655,0.28129635654800295,0.39945746296932405,0.3065455943255463,0.3148418872288771,0.2888904780919876,0.29023897921170716,0.30006126277859974,0.31524079260079346,0.3756132668812803,0.29150369268196535,0.2652370883525067,0.307683381015473,0.27613909019992244,0.2691535445307792,0.28185315124614974,0.36517904933385936,0.3049175868311167,0.23724832376021,0.2561140489232598,0.2879444088212762,0.27704234458466737,0.29106050655660126,0.2931454812383391,0.25913854130241754,0.30457935755343213,0.2810271915200241,0.30654485302799944,0.317392666549593,0.3753705648947759,0.26909576653706735,0.30138273403351834,0.4188997766269984,0.2249215514920328,0.2833022952698776,0.24190298588949916,0.22582422154006992,0.2585364157793235,0.26950237504749835,0.2624995535086913,0.280217563262652,0.4665065851007592,0.28742202908312,0.27685066822678883,0.23673206322474255,0.33121897978067155,0.41271200500363575,0.254703414543004,0.2889352543996827,0.274031655170249,0.3324229513881874,0.22771343841701264,0.28536560341992506,0.28719240967280096,0.3547904465934205,0.347914927042742,0.2973774516009315,0.44715366558676994,0.3346338233606075,0.2533912187080341,0.3579965245525692,0.30603690390624133,0.26300942059269655,0.27445266157801257,0.3050760260388432,0.26803956743188373,0.30019661031318695,0.3410106684759439,0.29287025676141093,0.33725823297564506,0.20680326430710771,0.3030816343057357,0.2755954468127056,0.32522662635141386,0.22935562171077506,0.34687620683074566,0.29745513987489863,0.34184743939235457,0.32014152508036114,0.402709158989666,0.26975860146347375,0.30651761860482757,0.26291612932888764,0.2551552955469331,0.28768422459662574,0.32269431918341596,0.2816072607164129,0.3463070957964569,0.32029632055962215,0.2514313639594115,0.26959273357141306,0.27862989438940805,0.26556100939776767,0.37693246341025183,0.25689876174778736,0.3453946830729125,0.2472970957977223,0.31941302892755197,0.2368087031774042,0.31645221011153163,0.331062593174094,0.27047153002625307,0.36954547326461357,0.345943265214826,0.3108229711522485,0.26334522888926776,0.30152178972955573,0.2318287949713646,0.2923604683068584,0.25119621564722466,0.2840167657967246,0.336470348477917,0.28530976065058555,0.2687904135713133,0.33287672059767603,0.2811764166570079,0.3139741322682548,0.23191935382550538,0.34519023094423146,0.3140252922056426,0.35433928108503326,0.2300312285388413,0.3151785808689302,0.3073708387653529,0.3017285688877624,0.25108063007266845,0.4055131911912038,0.363242071877283,0.3030588635827224,0.37790175095230877,0.24308300133310357,0.2653107730069578,0.26570926647793114,0.3032687338249409,0.28310619969259754,0.28336563127222
0.34070672628959625,0.2745377499532939,0.22073557871521074,0.24386677994578984,0.2385462633657114,0.2714186393624089,0.2283906672246511,0.3175135429835987,0.0,0.22873631249211493,0.24306783577554875,0.2850782626241826,0.2348964985323053,0.24931496380125082,0.24795405857998284,0.26663077253533984,0.25537701919831707,0.28069711234899847,0.2894756516508027,0.3294508912949326,0.2711588125754142,0.277798295080065,0.2366218748112119,0.23587303784330374,0.2937999242358216,0.2125752740874938,0.2386379695322357,0.27352261633151287,0.20979991063853257,0.3576493053839426,0.38568360282270303,0.25747321347437835,0.25007186270239107,0.2437277410617392,0.3101361458513144,0.2429802245736645,0.2647175184302213,0.3576757183761096,0.2514950081448665,0.22912812891349676,0.2471831062374941,0.31488473804285116,0.25135600771775973,0.2763352481994021,0.264302425005834,0.25002414603930734,0.22277840895113335,0.2278089893597692,0.25927883755843023,0.2666881966303403,0.2575935071550944,0.2616229772602347,0.24924126545191894,0.24610413087282468,0.232100289081966,0.3474992086071333,0.31334799712803973,0.30874497321564176,0.22448891632170176,0.24392766559733595,0.24114770798475604,0.23959264354469353,0.2551147385275996,0.23597900963910856,0.2699889784565739,0.2485626370836169,0.25061442417634466,0.24452964585570494,0.2251788247044387,0.33190522924122073,0.31223888099689495,0.27953694594266504,0.27161489188763027,0.2407242598272158,0.30012563518299623,0.2640194394129628,0.21507742575875027,0.2221240343661921,0.2815646102186597,0.24128237738403754,0.26123749696011855,0.37838510495374195,0.3212357887443169,0.24725019494266276,0.3180098678244077,0.3501549115562541,0.3053296795640883,0.27412081323323684,0.27441469742789787,0.3372040483594536,0.29655898637744765,0.3376728764648912,0.25700777979736394,0.2703470602961541,0.3136777640556028,0.29794625981954687,0.28535595845382367,0.30211122206544416,0.2817705212910375,0.23918326431817297,0.2803231427474215,0.23988222213277588,0.2608663149120197,0.27144212706558596,0.31730521250346577,0.25625993227095095,0.22778642493578244,0.29407395239415407,0.2197356370826068,0.23427993012857887,0.23510076929084314,0.3048127143768978,0.27106276542019786,0.3323851350751709,0.25249694627842656,0.2916075667404526,0.29565500302968006,0.24795590664359307,0.20393187169503996,0.2921360218114078,0.29245933655247797,0.3098171648592341,0.2825371460631983,0.2970141282091616,0.38646977731450777,0.24151872318714154,0.24313275874731893,0.23726942356353378,0.2297767911292474,0.2529198992399028,0.40095262258631853,0.3091601781775916,0.28688866767010374,0.3601025528024029,0.26129398906693124,0.24493064891161315,0.2712057225826698,0.24776643090089576,0.24275494039499904,0.34000131468367656,0.24286122131518634,0.2690656314715044,0.3175390836941287,0.2996017625903572,0.27325275377720565,0.2604916376885319,0.39975961900205575,0.22850809758029839,0.28840329525803493,0.21980596146641154,0.38462512173174535,0.2730243523316513,0.27976144569203104,0.20980083139162362,0.30132383101443205,0.3311111509164949,0.2563301958697758,0.2849115619360205,0.2736344951839164,0.263845716503158,0.20327003732804716,0.3881552955712592,0.3258627277760845,0.33449129013773377
0.27975630084494624,0.36306940240901564,0.4246111476850985,0.28272720706891113,0.2393148845601991,0.2807322461728879,0.2648483516467826,0.33043677613862343,0.22873631249211493,0.0,0.2642561185104577,0.2609687545798412,0.32557191657991974,0.26293688031603696,0.2610366785096517,0.3089074634881604,0.32190816356111296,0.3080646880215194,0.25489758265606627,0.26300634987459076,0.2790024934202255,0.3033866230171746,0.3108758578327209,0.2423714850581785,0.36985777584356405,0.22778381040216764,0.24855624902530982,0.31372284899597386,0.3075328408420142,0.2231880976997468,0.2736081202739349,0.29961912442110555,0.25084574595741427,0.2609592555993336,0.2705621529650769,0.26777050889149556,0.31148736160062673,0.26188712797636865,0.21985846710594162,0.27362240586335707,0.2391179591216659,0.28208234752501754,0.25623443543902924,0.25096998245854757,0.31723220916745554,0.2823559009255659,0.23584706616830559,0.2622516633928093,0.33386530890794847,0.2429762174508968,0.2704345967354388,0.25836328925102275,0.21769635810678428,0.30809351056253037,0.31659178699161994,0.2847565148952782,0.25442550352438903,0.24467193481449115,0.2877377787970807,0.2848111466752615,0.31427254899231544,0.2126202135025379,0.2337300281517294,0.2270638596010886,0.224116395677655,0.24352415619165385,0.25608480629467095,0.27683895157386385,0.2920466297593974,0.31161044632121543,0.2700798322905293,0.28402702474914443,0.2124490772171515,0.32649422298605135,0.275069739514739,0.24348747367704132,0.27048674592791083,0.2893480976138383,0.2318295166505366,0.2081311273003462,0.25117214854128894,0.2582390861524466,0.30009789037533735,0.26970520674623616,0.25290207461431075,0.3040889065156865,0.24873942796130907,0.2406327991837582,0.3032400522684717,0.2346461971681285,0.24865002557698834,0.2519593250652511,0.29357549252894033,0.22281755555027313,0.28346177207171697,0.318580718613481,0.20647702956132474,0.29802867214876927,0.2034128949326075,0.29488878615553876,0.24647012762880183,0.27945477650133543,0.21875218373623198,0.34472988948870165,0.24869815351251354,0.3005297677945168,0.28231376521045726,0.35067704896050217,0.27595526173399915,0.312176250124317,0.2551691961910752,0.23259836109586912,0.26567289735386257,0.2458805989132884,0.2418086990059761,0.2858505380148568,0.2588395239131646,0.32386851458198607,0.29458859792564285,0.252585363476634,0.23416589386167977,0.2447055932539552,0.2349581660197038,0.29747563926586906,0.2077548098826167,0.3286052090787445,0.22607537558765545,0.2650521455580225,0.3569462434932498,0.28166122492168133,0.2844894146261201,0.2647516021244804,0.233341501024524,0.20221268444656057,0.25419529950772923,0.21640138784500684,0.2387850506372086,0.2578522562094694,0.29373195702669985,0.2553413872918357,0.2565610189316726,0.27549599125522206,0.3002166935872649,0.24344371364467285,0.26562010570977557,0.22305093119831798,0.23451696752378898,0.2924499182802732,0.41607143936594854,0.20065062974803577,0.22638551446135063,0.252622747914635,0.25316104169055953,0.28119208080397284,0.2924875981328221,0.29117084547030553,0.25245687190171195,0.32757908049246315,0.2393562071509693,0.26987628381778245,0.3178219571980253,0.24731408662034893,0.23749970065238496,0.22862100199192426
0.28761289500700754,0.32181656159126304,0.3273180221905728,0.3250512349716217,0.2993288017996065,0.29165510613464385,0.28554538881668284,0.2847256504993154,0.24306783577554875,0.2642561185104577,0.0,0.33383928099388516,0.3119004948673101,0.25279997642352897,0.279231324565865,0.38147427231755,0.3357004183515772,0.2906055059962275,0.2798728889606025,0.2956125850040669,0.3480560999529826,0.39730290180783373,0.29481534355115663,0.32089223090161356,0.33669606720092454,0.29561661782132254,0.26993308905575486,0.3206565558368394,0.2927363974463849,0.25222621336299694,0.26883931137536765,0.26835339173350015,0.2916251179610312,0.2620629027184326,0.2823195083500305,0.3079992699168018,0.3603277028076409,0.3154301225707844,0.33592936533858364,0.2765217929757734,0.28888842804867104,0.29596318701956437,0.2709840168613867,0.3552083215571957,0.298712985251466,0.26421797723249724,0.2022880673963306,0.38587122824388626,0.33077339671584793,0.2561973998197611,0.2959305202197349,0.27111181758423936,0.22598457678633216,0.39285699457054435,0.35293530067403184,0.24065182191325232,0.306037386208595,0.35766116740356874,0.26152203413809566,0.2782843664107685,0.3315929548998143,0.1929719473995025,0.27738824079006325,0.25127532099922006,0.20923561737511825,0.23362652988360272,0.30035006036103434,0.2665542140995529,0.27882522170166113,0.30982061857365506,0.2922931798334978,0.24692050973151752,0.24812426147166036,0.3288797394636344,0.2927689182977708,0.22681110385665013,0.3445747809523176,0.33355582344688617,0.24598870805079004,0.21072898732306813,0.2558179418251379,0.25823940949423907,0.2880119142576585,0.27200005532395505,0.2562578033391004,0.29450245892599547,0.3035958597091569,0.22100947234252452,0.23467168343688527,0.27614576468743207,0.3354539092818637,0.23199727036787265,0.33727660145362826,0.2572597464933655,0.2792774273536663,0.33655952509282505,0.2275750034916868,0.24891745660105244,0.21098923011847034,0.23484861472585702,0.3000959312232324,0.28674833432749347,0.23304434955668793,0.2632277665572449,0.2510859498729315,0.2641932777080845,0.2529285614298616,0.3157504652686875,0.2570605258594366,0.3737147715708121,0.3609772018497085,0.272369222889329,0.25255106428507446,0.2812360698866945,0.2678011538382096,0.28590747776507985,0.23660613897493987,0.28750103146066447,0.30907048273949306,0.25843738261969557,0.3220201461285803,0.245043541107116,0.26776138662383187,0.32855729314914234,0.238229701419243,0.3286129231219487,0.1976264947060233,0.33237621146207774,0.30589316090671803,0.266395426053208,0.22744487253010268,0.312451252250262,0.2735418577124978,0.27377794827662916,0.3854913473353968,0.24720123510486522,0.2537131980247296,0.25894938831314557,0.32241719073731295,0.2852816371748288,0.2881192097598439,0.294257885316238,0.25938229578309363,0.28969879357467254,0.4191409276846322,0.2187395374692324,0.289740452372827,0.2622132600924989,0.2904252218686364,0.23074738707103204,0.311969331956701,0.23957993577984263,0.3933061447015347,0.25335104472331677,0.3157883261016708,0.3415208774341465,0.31520775274247465,0.3200448595875969,0.2708144497399949,0.24441534166665463,0.2425933751657034,0.25861998007750536,0.23329572086927328,0.3841295954345508
0.2553440914120961,0.32835185915095016,0.2822536183981192,0.2613304437783783,0.24817102743723723,0.30832702914406573,0.26051906901734184,0.32771180090119756,0.2850782626241826,0.2609687545798412,0.33383928099388516,0.0,0.2353848614021348,0.1913908827173514,0.24903701041458642,0.3090917149676944,0.2787043274363944,0.22160866026651443,0.33802283218222606,0.281038554209587,0.3474295149094963,0.296208653583688,0.2597942035103651,0.2727712665340846,0.34743864260055474,0.23516481173176862,0.23589537356608914,0.24371554227810233,0.2558748590279665,0.30541468349391093,0.3292902955523667,0.2642375917656803,0.266772209198485,0.28781008355675247,0.23542382858313055,0.27887940193940375,0.29521568521674285,0.30298761840351496,0.38245301558512523,0.2330071750111347,0.28573299979895733,0.2942131718811636,0.26424867896091836,0.3023806150879993,0.269783285603685,0.24825872792179426,0.2420830819524821,0.294823824515039,0.26815707040462533,0.25253287607700453,0.2838234533582326,0.26878619936474424,0.2178111472206876,0.31302175053568054,0.3177664584955089,0.26680031276053157,0.30245761788377323,0.40439888083727943,0.2092905962493403,0.24543067021196432,0.25152337816178105,0.19764562058896762,0.2584486986451799,0.23169288400209587,0.2107075960100755,0.2258078244534272,0.2297769932207145,0.23110677063305765,0.2127761435406038,0.28131806500629036,0.26095281911598556,0.21384458334058568,0.21668335764865354,0.2576718457015396,0.28936062129127244,0.22089621905111914,0.26404630534688034,0.2967920523753244,0.25510115830368746,0.21184244529753535,0.2554815703099314,0.2757893580514364,0.3128050227754242,0.2294200904039479,0.2665677155962879,0.31755696768170255,0.26803462404481987,0.21916993142403784,0.25108430209762905,0.3027824705434291,0.2777604726218192,0.26732379924960065,0.2832985596568483,0.2527551239831053,0.24581589209936908,0.38722980723606554,0.24055970913658098,0.29336361873896444,0.20883128505178392,0.21432227695468484,0.2373469016516581,0.2772076020977491,0.2392981774236899,0.35475912164668183,0.24299932840519406,0.2664859890721917,0.27006601809061376,0.30015517684397486,0.23386303939273956,0.3411448690167527,0.3614122969832937,0.2826090347136484,0.22921354551825604,0.30213919748819384,0.22847990904844326,0.2694918012126748,0.2469457027097396,0.3026691151032377,0.2706089275614778,0.23351817204924485,0.2595894025869983,0.2631001216423645,0.24935596532840565,0.30138934293271175,0.22223024899515056,0.346438921234637,0.2038899796678588,0.3203785040266079,0.29901712088000637,0.22302629927914866,0.26992174928304047,0.29133217146591495,0.23111624829723912,0.29301873279594287,0.3124690808546551,0.21480982820164332,0.290164883396459,0.22631822785888905,0.25358965540511397,0.32807193945187063,0.2224166606292375,0.2666451359350008,0.2746691708238543,0.28766130950495383,0.34474692742383606,0.2549643724242202,0.41365000981377437,0.2572830026783169,0.351545054665524,0.24833047482658044,0.2944709193017455,0.2651645438124383,0.2977833746593052,0.24697662030989614,0.40564106380774506,0.2825007746953047,0.2621098998814658,0.3171888879187126,0.20585598250195447,0.23388559966736872,0.1961997712889708,0.2549475430913555,0.25798734515867044,0.30835311787358016
