0,1,2,3,4,5,6,7,8,9,10,11,12,13,14,15,16,17,18,19,20,21,22,23,24,25,26,27,28,29,30,31,32,33,34,35,36,37,38,39,40,41,42,43,44,45,46,47,48,49,50,51,52,53,54,55,56,57,58,59,60,61,62,63,64,65,66,67,68,69,70,71,72,73,74,75,76,77,78,79,80,81,82,83,84,85,86,87,88,89,90,91,92,93,94,95,96,97,98,99,100,101,102,103,104,105,106,107,108,109,110,111,112,113,114,115,116,117,118,119,120,121,122,123,124,125,126,127,128,129,130,131,132,133,134,135,136,137,138,139,140,141,142,143,144,145,146,147,148,149,150,151,152,153,154,155,156,157,158,159,160,161,162,163
0.0,0.5540211502520077,0.5088743388585949,0.5229931575626409,0.6098120784070656,0.5216745434572433,0.5597568870471021,0.499621642871546,0.7042282945952237,0.4864231069708622,0.6093833751869615,0.5877877325880043,0.5481981896211094,0.5117786226938946,0.5185025274974504,0.5717477751469726,0.5721526364695209,0.6603134540458491,0.5909133984025405,0.765357325238858,0.6365382106625811,0.5781561319711562,0.5494385017578879,0.5147124696477547,0.6302839471698168,0.5369877201743962,0.45151273882716486,0.5427467284140184,0.4478689152453253,0.5962569071663084,0.6183675181635144,0.5708043836407094,0.49582897161695016,0.5578326780665571,0.6297303221542809,0.5452372148893946,0.6454325304117801,0.6537558339999581,0.5550162072136826,0.47186355590490764,0.5438786620759651,0.5750463292423139,0.6186901922337775,0.6718245463643796,0.5570171564422938,0.5983530655641557,0.5753571168771494,0.6152402458054169,0.6531140811362937,0.6745765673722813,0.6822267802795055,0.632059671517569,0.6105739256094729,0.5799676326997107,0.5637079950594099,0.5485283944448057,0.7437074286128099,0.5708855801805954,0.5940818863294798,0.5526410771519877,0.499392691689631,0.46737733370289597,0.621651180164537,0.5270764077654235,0.6381783363976505,0.6238454987284577,0.5620207184542777,0.6367210849758083,0.5854476007539188,0.5467608508485211,0.724815194636827,0.5929924525953156,0.6180159343666185,0.5813423578213442,0.5611035621920388,0.6263423505879506,0.5307942964426868,0.5598545142343935,0.5946375538240051,0.4981530289567911,0.544165714455567,0.6915521936064364,0.6509194515382967,0.5224189114374633,0.6076052890977689,0.637092470562313,0.5187835524494435,0.673880988693849,0.5543341124228341,0.5920863313044769,0.7069227010295573,0.6015181000254126,0.6304404971725043,0.6717418899418127,0.6753265893318057,0.6008795623989297,0.5370530659954341,0.5516543117542616,0.4804789086663276,0.5222642748377131,0.5458532116280216,0.4601594242215045,0.6046718498506569,0.5488738008765962,0.635652133922915,0.572429063916638,0.5306070062276487,0.5445130021750166,0.5344156399812421,0.5848457128488839,0.648479424374211,0.6886681059070174,0.5868889868333887,0.5578905966910894,0.5855023668243531,0.5290888236587437,0.5659776931923565,0.5797618013045268,0.5302988266215867,0.5046757789629344,0.6287181369680247,0.4993949863474607,0.5868321579025024,0.65787806965025,0.5961836074446069,0.5280157343605889,0.4907493859974265,0.48376348678195086,0.5109145920372938,0.562763276506347,0.5314809946733225,0.5520736881904231,0.5415923844286094,0.6483098144403918,0.6012540207089618,0.5898857693945256,0.6457406122142866,0.5076684695025738,0.49208409026037525,0.6456205534881428,0.5606391793494427,0.5398067299814823,0.6547354582846482,0.6369935201169632,0.666817536778159,0.6567273554041131,0.674396480023409,0.5107285685201748,0.5923608265305842,0.37454624194786185,0.6799757180130083,0.6050996001641203,0.6304676925715403,0.48293490672382916,0.5887729815725207,0.632266214827319,0.5250780455018871,0.5451687795866695,0.5058010991857861,0.5774319282253362,0.48706160218982725,0.6234418281760798,0.5338646222566679,0.7474295929067939
0.5540211502520077,0.0,0.5682725033920113,0.5642559738088592,0.5233437908486314,0.5151370639706891,0.5878545567037532,0.4766564438564193,0.49800401512446424,0.5840382057148195,0.5818255817586376,0.5912918573268356,0.5751922210465918,0.5986711822447986,0.4949296951217522,0.5772702936111114,0.6195436497172765,0.5582039179816304,0.5105744463687869,0.5928460706890826,0.570668896609808,0.5753386423613106,0.5980094267338407,0.5652536290172975,0.5692707357918274,0.5365622053368624,0.5157045764635925,0.5788283337874063,0.6328971754018441,0.49367437094608196,0.5156479222621861,0.5293690430272083,0.5847922213042018,0.5771429008278935,0.5680679699200307,0.5901480612025003,0.5500639924124758,0.5980712969442236,0.5224023541258833,0.5646333402078407,0.6799883299060414,0.506060199971748,0.4722248443734746,0.575899250530801,0.58746897751363,0.5910854678469362,0.5729691075013563,0.5403356975939507,0.6146439192048233,0.562363977771909,0.5583428938647874,0.5997925735781443,0.6237809045882344,0.6422688348283554,0.5962427735829552,0.5464348364564476,0.5728399804565519,0.5083447644104256,0.5907575927543365,0.6230030949426534,0.49788979688718804,0.45216657739391225,0.49829850324939334,0.5606113035589142,0.4804263618785691,0.5114090139705764,0.5728783369535229,0.5142389258717295,0.524110763317692,0.4628012589790575,0.5301172568005911,0.5897979199499777,0.514903597175895,0.5711084539582901,0.5534016177755449,0.5545101384626352,0.5053693879670451,0.6672310628278176,0.5394891161949521,0.4866625666171394,0.5233187047048637,0.49971985633862825,0.6349010883716101,0.554993728451515,0.5180304470498487,0.6646233279179778,0.4258951072733155,0.5113070207181671,0.5557151368618184,0.6109199383560459,0.5535933627219319,0.5471931616908466,0.6365789158867038,0.5800062819589695,0.5930100770197938,0.6159991557944404,0.4767336957448721,0.5621620578817267,0.4574166578066168,0.5820036213398564,0.5791745821581187,0.4034689023858882,0.48792766096318896,0.5544578592440463,0.5248305171885078,0.5774098494214973,0.5224981212419871,0.5952231040413416,0.6481106348784375,0.6391483856191056,0.5762091959053945,0.5382523175438758,0.5246942081712908,0.5239921868754422,0.5981192638238777,0.6111722656867845,0.5448086698079031,0.5032146340545932,0.5861774495095927,0.5212607343236471,0.5678649463081871,0.4477604773100766,0.5465896482982249,0.6194601017543343,0.4897794177595506,0.6312956798325812,0.48793026427382824,0.5151427383609285,0.673236027443599,0.5812778952959141,0.5259672823127127,0.49431601436439504,0.5027684227423203,0.550886266864618,0.526900714098811,0.5014959921209388,0.625746396213464,0.549857755243514,0.5649135834319624,0.5260739977761623,0.5703536529501738,0.541889133602378,0.6257588438587691,0.5488129477816247,0.6314506035911157,0.5162071278076371,0.5488135319359859,0.5798175630237608,0.6107209815866437,0.41200863009457356,0.4901732596510614,0.5996861292888003,0.577639672963983,0.6046243532834946,0.5682999697637982,0.5195208449307137,0.5453987168259657,0.5733667023959944,0.5612728426523425,0.5214482320137448,0.5541436730626385,0.5334792800766737,0.4905804610512613,0.5503824444587466
0.5088743388585949,0.5682725033920113,0.0,0.5877893854124779,0.4816010119398485,0.5318637706335433,0.5122991539156537,0.5536615780270564,0.46628017042411707,0.6505639310921694,0.6320024952124322,0.5695676206854844,0.6167331477140587,0.4689545720631397,0.46730765576761285,0.6342031743545898,0.6104691345071412,0.5544508903204841,0.5104120926390565,0.512717272941916,0.5953207840288016,0.6087219318746196,0.5345226533029709,0.5044336583026596,0.5946043417034375,0.5327645919517731,0.5027074054457378,0.5884465415597325,0.5051239616806446,0.49039782803150156,0.4650148462046838,0.5321313170962264,0.5187790940199948,0.5003762946851025,0.44611218844198547,0.48887517739494973,0.5637039094952889,0.5338733272666916,0.4840633701952938,0.5054491874458977,0.5230587233712296,0.5167743978304191,0.5050465204793241,0.4948862587870562,0.5619347812010823,0.5688826984851653,0.4855555946673053,0.5358880792683335,0.5447400617215784,0.5016102010719957,0.5596012454849737,0.5415800121104895,0.4973692109332629,0.6157412879194598,0.5554463510543761,0.4813451527432444,0.5289786526512538,0.5629332240772715,0.5487468078223928,0.4997123875088034,0.5770230380975211,0.41267030913328206,0.5481882899198297,0.44361379253074334,0.4503203299236248,0.5277560840467117,0.5586992028983975,0.5592977121300566,0.6094946752663308,0.5579616283833996,0.5189023921320651,0.4537054354536709,0.4989714757999023,0.6550967370011241,0.5923548249211069,0.47017786525065125,0.5912944205191477,0.5635085633444112,0.5246938671585037,0.4372816657028316,0.5247037193581555,0.4897520588255366,0.5919831712188219,0.5391619325417485,0.4907854547109188,0.571396931497418,0.471427649298964,0.49629939260986494,0.5302749268998465,0.5158123337949105,0.5396750652594388,0.4570051728522425,0.5308426111647538,0.48906702646315503,0.5310230111989422,0.5647502375489075,0.4700758474380399,0.4971477473984766,0.3770963952621925,0.5245714417348908,0.44803142932203993,0.4807306153017673,0.4889831108575533,0.5611005032998144,0.4835330733811315,0.5730694188343333,0.5708700845797456,0.5893289007685527,0.5423815224357813,0.5794155118739894,0.5529077917970014,0.4811872529514686,0.5285368004310793,0.5376823881296587,0.505203937188449,0.541146867628577,0.483509362551232,0.5126066577998221,0.6146031497444748,0.4513240520292218,0.4586838237032224,0.48486631790060375,0.4591368686317972,0.5654116607090938,0.407496056988598,0.5899535125088828,0.45023983092618913,0.48482069914324816,0.55730382211148,0.5129080317420316,0.4948325280850491,0.554438073913869,0.487191833471047,0.45652736129639715,0.5162925031853753,0.42811434070986687,0.5032859171168249,0.44554663972669895,0.5473682564242734,0.5164293971439461,0.5557864414921405,0.4694052256350752,0.5293204495659755,0.5218489934924755,0.5454151712168425,0.483054460634539,0.5020713549230699,0.5970363297153982,0.5892557931731388,0.3630456720714242,0.4715900269100866,0.5092103947374491,0.5536860828646447,0.5778167265953263,0.5987623059266498,0.5477152640184009,0.5451179572089293,0.6139281764353487,0.45493249722800405,0.5008312755309016,0.5453608369932709,0.44550332097503237,0.4787161911455201,0.503259442790123
0.5229931575626409,0.5642559738088592,0.5877893854124779,0.0,0.48136510849938485,0.4825025291942067,0.5734865496242461,0.544385131904034,0.461766539864067,0.5347043490641675,0.6049731532873953,0.5228886865157333,0.6381736722735778,0.506980174740596,0.5135085155617082,0.5648290476683224,0.5825679729746711,0.5914586641705268,0.48026591893901144,0.5037812814416097,0.5582938526508534,0.5697526717192789,0.5941278510084146,0.5581100760766023,0.5367268654118333,0.6518903003380183,0.5752272793713163,0.6152646772244862,0.47920759365021304,0.45896058998167816,0.4701917786213095,0.48852989473146324,0.6549720012023305,0.5278576637934803,0.4669771867930248,0.4990725369923015,0.5801211771039457,0.5431923933469405,0.48902140866808486,0.612937111321717,0.5941707155678678,0.47378013307017375,0.492477375670592,0.5065211704841766,0.6164607916356024,0.6562856295080537,0.47702497708577196,0.5097376658422074,0.5718801664163379,0.5104393593670824,0.5948818843639689,0.5793102395312862,0.520845133319454,0.648637848493516,0.5542603253061146,0.47120329584033294,0.5487880385163574,0.5151741150463571,0.5589085443349098,0.551489046698786,0.5805113209285143,0.41888388599109466,0.5398729139110137,0.43913525326383923,0.4578372436178331,0.5421830839122644,0.6734912751763149,0.5594010546220927,0.5625257378248043,0.5400616046808693,0.5426869069572332,0.48693170669559965,0.49952136511937406,0.7055269513689331,0.546060593815494,0.48756779697289476,0.6207945403558414,0.5932618932366254,0.5894049781095803,0.4408970599510009,0.49206764926378094,0.5092734271737165,0.5826845916343709,0.5535850685045045,0.4968159529791742,0.6092651618374864,0.45650103247761503,0.512469583129398,0.5540732411905982,0.564913948536615,0.5660949837921471,0.4693555202015765,0.5323777086101283,0.5207592740500668,0.5684256919658134,0.5404663898518579,0.46205183619465834,0.48480170421505475,0.3845551839072432,0.6091731650337459,0.4809132397030015,0.459322387613931,0.5119168438402103,0.5142910560571613,0.4961260247265147,0.604336773487513,0.551084326024235,0.548476101673629,0.6300766307948015,0.5451097039361975,0.5532154954348767,0.5010320164564277,0.5345214004368564,0.522098021648436,0.5904631778634906,0.6204245112894627,0.4758775416154513,0.4614820679400268,0.555379463874686,0.4723974843234602,0.48839109198600716,0.5135072481768449,0.45905585743253985,0.6135851840783927,0.412479205511709,0.5825885647592205,0.45984234508076055,0.5103700317519829,0.5315106744062686,0.5753665513266286,0.45861837311038983,0.4972550876931382,0.5312879801368254,0.4818524159650248,0.4987388397854831,0.4335038160293133,0.497114878589166,0.5118189006028859,0.6023014097389244,0.5191653543410346,0.6347019601971157,0.445247530448381,0.5649616871190939,0.49776603625024946,0.5450444742759669,0.4939782040782994,0.5001565203819918,0.6001651291048657,0.5029857681444323,0.3489047347300597,0.49822167849559335,0.5010786905650204,0.5485825831429894,0.5802735498485825,0.5709532440525187,0.5700453414530965,0.6136057872405254,0.6249747861450703,0.5479026775204242,0.52685933074966,0.5572326578729532,0.4512611644732449,0.4729483412309148,0.5358849274153575
0.6098120784070656,0.5233437908486314,0.4816010119398485,0.48136510849938485,0.0,0.4278271396010889,0.5933582282851303,0.4252406327236979,0.558614937729587,0.46118809876675226,0.5519135243280409,0.5296446560802035,0.46172598719131225,0.469940799419091,0.5687872259761889,0.4844881587007743,0.4987123636321994,0.6193542508944191,0.5174772448321324,0.588629658959466,0.5537760393420574,0.5978108790146445,0.5519351540969427,0.542063662585431,0.5340801219636367,0.47897684065786833,0.43802160271652524,0.46574102199261924,0.455903269296593,0.5240840853858768,0.5405440087796862,0.46607857943734815,0.48316937869198046,0.46224016858588884,0.5888400377596429,0.5056048432166802,0.5202920409765471,0.5501349672236421,0.5358388207040473,0.4736134398349973,0.5560592117311189,0.5012635840278592,0.5541103670062665,0.6163538110195527,0.48286708656837024,0.5152769569278713,0.5406659399707666,0.5506703945268063,0.6305430388223933,0.6025285526104854,0.5685208836494419,0.5220870440192076,0.5536390034937229,0.5363695323113601,0.5200967656736111,0.4591525512094451,0.5816880403601343,0.48610602967366384,0.582951430939029,0.4926416619103688,0.4182737922596937,0.4029635810872378,0.49893880846772976,0.5085778591789197,0.593980779576181,0.48896131644516344,0.4778008091605818,0.5446598108821323,0.5411115026075242,0.4632686502170254,0.570831905957257,0.5529393064213326,0.4813001548653828,0.5042240800293734,0.4641128667095778,0.502114960517623,0.4571276376490634,0.5402745591645868,0.49590742086130934,0.4214552837677371,0.46236224294064693,0.5754126798202005,0.577449350643196,0.4364519703893182,0.4935431233505143,0.5364475826548276,0.4168718794427734,0.5567612740275901,0.4541781852308599,0.4895026938856478,0.6169482970247122,0.5239374342053549,0.6215612472334826,0.5229992265410407,0.573392406986463,0.5434438245697681,0.44579153432627866,0.4701319451394402,0.4425860746966488,0.4466396319702032,0.49406996162498806,0.4014138379374785,0.5173896284861724,0.542934540382645,0.50754916707523,0.4825694347564183,0.4490893650271743,0.48255505133144216,0.5216289009075084,0.5256410291940043,0.5535682322080304,0.5802204852695214,0.454014396388754,0.465461106822211,0.49837063456678604,0.47124093583479204,0.47662054999254894,0.5972800968805263,0.47110066227376435,0.43396519744792283,0.648754591804947,0.4240714838293504,0.47916796944189294,0.5595638695766182,0.5299547708085244,0.49133761313363644,0.4207479792138665,0.4376513029684504,0.46118075611606596,0.5616265811875164,0.45255798201818004,0.45721441459389567,0.4350898497577422,0.532341070314363,0.5501353651761566,0.6125585630731084,0.5711103149675225,0.5405414708775687,0.5065522186358197,0.5749316929319628,0.520193060281884,0.4639190324348507,0.5580612848450625,0.5475479150011222,0.5699531702195454,0.5535421176798911,0.6129666342643992,0.46700080930400906,0.5353052769825732,0.3446261475466385,0.5351624049765005,0.5514225197788076,0.6179696325550907,0.49563590204387514,0.5182089807183048,0.523493697356482,0.4776292165095166,0.472340659514905,0.5071950921495951,0.4666651063322453,0.45925381914513247,0.5164593655644774,0.47417065985455437,0.6527812727677088
0.5216745434572433,0.5151370639706891,0.5318637706335433,0.4825025291942067,0.4278271396010889,0.0,0.43512704402074176,0.554219145700463,0.5135893189022843,0.5196117905842884,0.5099046601670437,0.5953049524534475,0.5523977849863373,0.46034110415441765,0.38932831748315366,0.6457441916657832,0.596777086408836,0.46549040438017764,0.5559616038111007,0.5346300107198347,0.5798715945486922,0.45455907759347997,0.4544811331529668,0.4093424152051599,0.5874843055401471,0.4846563181176487,0.41372272593493364,0.5517954216947083,0.43696672753922633,0.5473222741935894,0.49403123426027656,0.6935568590092657,0.43934993787630516,0.6124786317801514,0.4544470519818464,0.5086147096087767,0.5401065430326443,0.5526932352862921,0.4637587886158804,0.40810422285622433,0.46081419513635896,0.5555905027853135,0.4853361950247396,0.4991302942788801,0.5206979762466403,0.5283871432432489,0.5155230381812409,0.50137322148843,0.4789499007509783,0.5045417873312786,0.5474913263256594,0.5996041059242226,0.5087019096796507,0.5216257783360579,0.5160657721183172,0.6030747975870702,0.5511434578576367,0.6471380512295505,0.4631960972543873,0.5103334130953506,0.5609220655918118,0.5220745350632275,0.598246175268277,0.4624520241295989,0.44989014657565385,0.5748891237411853,0.503728467519821,0.5003984688837038,0.4893178304282703,0.5199593398477486,0.518991680485367,0.458651885494151,0.595216291082134,0.5419720392417758,0.6745658518109915,0.5471195360219866,0.5328913705436532,0.5085479691829877,0.539185510508566,0.5555243481094058,0.6161954689766231,0.500330565150776,0.545305259614562,0.5911821185028685,0.5991417120512099,0.5616473264488067,0.5602730781030271,0.5096637975475066,0.6207792768127988,0.54882727260123,0.52403592865459,0.5313446008449125,0.5013232550952522,0.5544457819748306,0.526014457874901,0.5398347531530766,0.55998507812767,0.628686882788487,0.4408117886938916,0.5377207464532979,0.4639123015516985,0.48425991174864924,0.5255347216453868,0.5040165859333534,0.5696592232104776,0.5891415380945468,0.6364951473063147,0.5719146594785629,0.46305358969650434,0.5311560959185936,0.5668847102755561,0.5216336042489285,0.6569080408741054,0.6184707150742899,0.5199256365433546,0.5118547539843064,0.5910320072166839,0.45673735508375257,0.6037030591924133,0.538535865744767,0.44375156232693386,0.5332730828539692,0.5666937269659771,0.5482792887349345,0.4521801610422328,0.5188888798869137,0.5567714805155588,0.48240152007877773,0.5881664847797904,0.43499934655056743,0.6179534445745557,0.6862851203042927,0.5388649926257055,0.5251186783554903,0.47360962606431806,0.41692695013243153,0.5164260709947569,0.39237288556788485,0.4108893549787678,0.5137173544578082,0.4674008258975896,0.5870552737537089,0.5452966819488787,0.5733506781076113,0.5528536373768084,0.5142268338340756,0.5049173740987033,0.5320316203109217,0.5826622085339365,0.44351353548450373,0.5024878035997804,0.5337870962186011,0.48111241936948657,0.4396163668072114,0.5890868030321781,0.504670054454274,0.4456736603418559,0.5896251728062301,0.39958079934600843,0.5978316556314421,0.4728374262654589,0.5279898551758903,0.5260350343082466,0.477449922868519
0.5597568870471021,0.5878545567037532,0.5122991539156537,0.5734865496242461,0.5933582282851303,0.43512704402074176,0.0,0.43419412543753505,0.4756245577903076,0.5320112044547567,0.5513225980453085,0.518922372189185,0.5185928510860994,0.5113903948577785,0.5711761245812076,0.4970295930511278,0.5357557928359903,0.6362916050418627,0.48554297575391364,0.537346925694275,0.5540250943146303,0.5799742104123589,0.7174006670494554,0.6486068143989531,0.5543268976437357,0.5457490376394952,0.49847229248336866,0.5205230987189702,0.5065406758479436,0.46873697502735784,0.49165384121741285,0.4723744081365593,0.5574446504305104,0.5115265906037421,0.5354248842925972,0.497553358392569,0.5458353846846595,0.5202299487756122,0.49332334847229414,0.6126238273296265,0.6086649577207918,0.49151441427453185,0.5009620431884736,0.5733355870679926,0.5304379603273544,0.5899878529827667,0.5513680397364726,0.5262275329441992,0.7471705774436214,0.5366017454076527,0.5798831620476074,0.5468694038281514,0.5584521846218485,0.5827132144748265,0.5355475060885494,0.4828914276025944,0.5572872839091921,0.45997148176834746,0.7033365733600423,0.526728508320391,0.44706224562715974,0.40025117868431725,0.4756216834822576,0.48627174912601706,0.5217926777479893,0.5063039384910438,0.570220083184756,0.5660300456007722,0.5334138823024909,0.4558190336276776,0.5415624811947769,0.5538766838001054,0.48361364068128765,0.5709120291261652,0.46556511345303997,0.5323834896879868,0.5019834363704773,0.6359490084359547,0.5130570091483427,0.44492345211281836,0.4814668461460936,0.5203642855889367,0.6038696377134006,0.45940869143606977,0.49127475883393124,0.5538184328047252,0.4053638185881583,0.5379631705869822,0.4967126827796146,0.5292196313472544,0.5709790082626001,0.5135902935563216,0.584984731711161,0.5374937118204396,0.5976512109734009,0.5565410565898942,0.4241388653792118,0.4928664512660648,0.4160427218588663,0.5279828054138552,0.508227585728684,0.40001218525918386,0.5227354026153704,0.554046018709596,0.47779092432396714,0.5269705371161345,0.477331356350683,0.532578582160491,0.6643945598136061,0.6015959876981579,0.5833510198090026,0.5325631561159346,0.48483394790950685,0.46976446486672985,0.5336199815786262,0.5333345846277424,0.4963311090716064,0.5317254136893299,0.5245041388280879,0.4471469955605792,0.5653959790374833,0.4262177766870035,0.4848812966186593,0.6246924023607123,0.46999117347326547,0.5422121672430843,0.43626707452606583,0.45464166890815005,0.5050887345235753,0.6144697463578144,0.4478555265472568,0.4458135378732074,0.45236956684262036,0.4869701631160416,0.5133307800098474,0.522998344368426,0.5568708028044336,0.590472656451607,0.5920040612589832,0.530627671492674,0.5833181608423555,0.4526176059882371,0.5972367835288952,0.5019666033643507,0.5779816314119379,0.550322819583207,0.5198575826681885,0.5426864088545447,0.5359385713782947,0.34099408827651884,0.4944941249930286,0.5533582061573951,0.557283617832769,0.623054712356849,0.548100121719891,0.5348255185292035,0.5558515127682565,0.5392808115612421,0.6027485383734655,0.5003796513314172,0.560265127172261,0.4952627693293217,0.4854567944510686,0.5827543530320598
0.499621642871546,0.4766564438564193,0.5536615780270564,0.544385131904034,0.4252406327236979,0.554219145700463,0.43419412543753505,0.0,0.4924066844624261,0.47951051462323097,0.5556877321500606,0.5503644765372616,0.6007125866424599,0.44286502098823716,0.43835649401384463,0.6233877233126972,0.5189381880331936,0.4876076635490158,0.49268275457099453,0.4975235079246271,0.5249145293133394,0.49032678556585907,0.45127996771288537,0.42696982804806927,0.5249952827384734,0.5514924143251619,0.4704156029656592,0.5263440409611597,0.41529928994365195,0.4939027718844485,0.5076979354139204,0.5457382227326915,0.49932792267377785,0.5182030641192699,0.4310476800909008,0.4970995394831298,0.5949181759839921,0.5528926142417661,0.50908192017921,0.4288426389930574,0.4719307954200663,0.4533075820275152,0.5329071650129189,0.47318231647203035,0.6146392821462605,0.5683053869030548,0.4432813406374972,0.5152060269969049,0.4697811941238689,0.5008799237699929,0.5584278178282635,0.5185563154179549,0.45521950442200865,0.5499813215071752,0.552959119909622,0.4602343953698363,0.5216270663626043,0.6296079268467376,0.44745691574756424,0.5074960330492695,0.7206457482652519,0.46477446210317896,0.6204939213461911,0.41760404316715727,0.43144669009249065,0.5547405502942444,0.5490685398621431,0.5351476842777193,0.5362937974487823,0.6750061285726537,0.5448284160621025,0.4403780962426657,0.4925575111794253,0.5894642577028766,0.60387016087566,0.46867023436034067,0.6477423546553202,0.49021511311073307,0.6169484125358294,0.43013772318878485,0.4815083647154038,0.503955960131924,0.5319556434656253,0.6046337789547512,0.4958865624167093,0.5694535361490222,0.6177823067288208,0.5183882593638244,0.5775135453455761,0.546472552681085,0.5229359830524117,0.4595900274066056,0.49289171029232287,0.4884165179499595,0.4847021298457067,0.5352417767549517,0.5590870872717122,0.4763963964229991,0.38181951751976295,0.5243407824347953,0.45738004768758583,0.625750143356795,0.5034324976169929,0.4831708292789578,0.5385046539108245,0.5951262259934618,0.6023135210084101,0.4867459438492304,0.47530284360747727,0.4707665392881221,0.5064536858112819,0.4856965123533942,0.5426147468924736,0.5627028566706237,0.5360335308009455,0.4985737878371884,0.4543158778278595,0.4569169297570248,0.48897463755445275,0.4675169876297227,0.4375096861168614,0.6832259439606443,0.4379718311933311,0.5337492752163611,0.39684157681284704,0.555107696498551,0.46436598793407186,0.5715085144784788,0.5007414230277278,0.47992797063342596,0.4803990382375973,0.5736422425747586,0.5997938466584543,0.47473667433742894,0.4968927070464248,0.4007652381475267,0.4817020044062889,0.4164605821296577,0.4643417470401912,0.5407821337748844,0.5236632406844415,0.46813157142498124,0.4914760499171276,0.513949438639404,0.5199442108019948,0.47717357793646986,0.510780906064379,0.5255676624609337,0.49913926733084757,0.36554010197665093,0.5278598269198762,0.45899517490690844,0.492900392792441,0.45521800813794805,0.5461690743250183,0.5803978322200938,0.48446424484819034,0.5659270540022897,0.41588107098357985,0.51822092371274,0.4471690040197674,0.4347604582851344,0.4579107359240874,0.47081034811483835
0.7042282945952237,0.49800401512446424,0.46628017042411707,0.461766539864067,0.558614937729587,0.5135893189022843,0.4756245577903076,0.4924066844624261,0.0,0.4450048743921723,0.5330291100763233,0.5729743661377071,0.48481467516803856,0.46544386917172437,0.46617326806202314,0.5348759543009699,0.518461666408084,0.5570219457883512,0.5879970387811468,0.6876674994032,0.5782369540986989,0.51110322219417,0.4806704593814034,0.44559315750491163,0.5721432990745001,0.4750863356649488,0.41442950797592826,0.48815858136380313,0.41091492688514525,0.6430092419099074,0.628267097651471,0.5498550322486252,0.44525182925987855,0.5180198811828917,0.5805116333659519,0.5266268323268471,0.5602941362031686,0.6312558025132002,0.539767175055158,0.4118515668883782,0.49197883110945567,0.5548630371328072,0.5922370365281308,0.5930931431722157,0.5051273371485402,0.5275702382629942,0.5389413833766384,0.545167920555053,0.5411322469403012,0.6356683868676609,0.593106994108102,0.5675769543913676,0.5589936601504809,0.5112736842351489,0.5142745278028046,0.530386625406363,0.6573352845652537,0.5872520610417118,0.5017452226237329,0.5115238893352926,0.465372646573499,0.47700140874096064,0.5997983131543763,0.5111544728776762,0.5979000701470412,0.5666275602262854,0.4848688721948022,0.5481532104908884,0.5310321540571493,0.5305412458575627,0.6389364176352393,0.5413979844269592,0.5747310317925558,0.5066957774935046,0.5468347532000716,0.568028744927583,0.4790919410132369,0.4957853362656555,0.5599892907312438,0.47353370407494233,0.5150158191059495,0.6676549406798891,0.5799826098264228,0.49561645700155627,0.5931379040060302,0.5866754295442136,0.528176487649668,0.6182981197607058,0.52215099108449,0.550979532962131,0.6369892061917105,0.5959848432278309,0.5729553285635223,0.5933043286801657,0.5855798848918368,0.5528067693349055,0.5562617940714403,0.5363279821037676,0.49361167918131815,0.46886632818051943,0.5058066369627634,0.4556737643362106,0.5727650504354083,0.5197777542667287,0.646518693478754,0.5256328383428084,0.5035655467892732,0.5014629636363301,0.46738536932816466,0.5050222239151166,0.5653275157657167,0.6670679650189335,0.5320785038897824,0.5557412405017952,0.530113394022755,0.47820537187016793,0.5401716565458694,0.5405760952051508,0.4759363027093164,0.4972259326421726,0.5736169292967235,0.5032587926657787,0.5517157922514185,0.5635633994526001,0.5925527592523838,0.4806072938054341,0.4811664768888053,0.46401371841421246,0.4761087960962571,0.49411147312119136,0.5470445870676207,0.5532193080352126,0.5123260141049484,0.6609661757230159,0.5523542428442002,0.5450275778636237,0.5944264720345519,0.45203826112968126,0.43559441660401493,0.6388102745570841,0.49046079392407393,0.538017547843603,0.5827217532964105,0.6459031682786534,0.5930132381542101,0.5998955435096291,0.6860333591053506,0.46667882388751003,0.5600301071125344,0.3852518053648989,0.6556817235995241,0.5666803512805014,0.5773784598845466,0.43134371405536576,0.5491375371457585,0.5650976442919906,0.45151493945869725,0.49371893277666173,0.43915262644490816,0.527814589646454,0.43531533146679124,0.6086768944600153,0.5264748395134338,0.6295847355246046
0.4864231069708622,0.5840382057148195,0.6505639310921694,0.5347043490641675,0.46118809876675226,0.5196117905842884,0.5320112044547567,0.47951051462323097,0.4450048743921723,0.0,0.5424151136685406,0.5485177707141766,0.5611465012818134,0.4741547680546697,0.43409610186674563,0.5821413255472987,0.6057896457769323,0.5274298782136295,0.49617121296661765,0.4915223573800963,0.5611295590461434,0.5222382510482269,0.5775475988553372,0.48415622993165314,0.6209980477039648,0.49423811401771794,0.48535956486678267,0.5803946609782065,0.5483596553212459,0.4876670123941379,0.44609606971167376,0.533132972686653,0.48198210990289414,0.5187451785098701,0.4419185576430773,0.47098801224684395,0.523983009568037,0.5082160061940151,0.4445622409382762,0.5021133054806123,0.5083162180470341,0.5316053313312874,0.4642309837988124,0.48349357956179567,0.511372022723034,0.5439661067740003,0.5154588325752592,0.4932630979915702,0.5624191572269812,0.468539235449126,0.5187529780266851,0.523473539009564,0.5019501962151243,0.542634188223712,0.5188961257610416,0.5218319230187544,0.5038485950333774,0.5112737120925326,0.5659495990973228,0.48590156119250744,0.49595513541796277,0.40968779173161385,0.48455445951716714,0.45323624740383167,0.4367594272628675,0.4997389258835456,0.5272111024726024,0.521009904339288,0.5465043809550735,0.4867675819126671,0.475779176102407,0.46257856912429224,0.48918877659855725,0.574920037419208,0.5435074142382744,0.5050600825443543,0.5200591028582959,0.5953653342790726,0.49158208241817025,0.4753466972459551,0.5583965638584166,0.45478919957373243,0.5888994261021834,0.5130565044736697,0.4955687103284501,0.5380689128458912,0.43297586526346665,0.48114294011898096,0.5443684606106244,0.5043078219745952,0.5070350505776486,0.47016552268232614,0.5169191300802792,0.4872049380494942,0.5295026399340229,0.5607989971802638,0.42948951896326626,0.5357179580987103,0.38776183810023607,0.525609480796463,0.451024060664926,0.42796762684773476,0.48784351164042494,0.5958248908752786,0.46062816288423164,0.5470316499633514,0.5391831228525555,0.6658994805575907,0.5508370097769268,0.6037402770175363,0.5436761110491026,0.47217841335276367,0.5177167720425713,0.5387028185569307,0.48674867413103734,0.5290101111649766,0.5311999442004277,0.5027444646121566,0.6415194676430575,0.4646676744096819,0.4449138697103868,0.4470485917194147,0.4792308929851282,0.5623146172374658,0.4156948102738896,0.5739804285077806,0.4525282651676359,0.4452012668817072,0.5863311925012178,0.49020778753315664,0.5218269118230324,0.5122404442589227,0.4616503687883824,0.4420973280620811,0.46764033767823854,0.4239397661088346,0.5142062859048708,0.4357559059769384,0.5124869930677661,0.49537357659419634,0.5285119896202644,0.4817110346763744,0.5326397014223391,0.5014343723824741,0.5463748489809265,0.48454437900059394,0.46227738766383936,0.642786250060267,0.6357402853135373,0.37743053721109804,0.44068351207436274,0.5573627731815719,0.4959163534257119,0.5875891945468251,0.6077736152488256,0.4985925642680217,0.507554168863117,0.6171327595223022,0.45417774272228817,0.512334343784337,0.6289493018423928,0.47036184942357845,0.5156468987637224,0.4768434011603411
0.6093833751869615,0.5818255817586376,0.6320024952124322,0.6049731532873953,0.5519135243280409,0.5099046601670437,0.5513225980453085,0.5556877321500606,0.5330291100763233,0.5424151136685406,0.0,0.5953216242103131,0.628686650197374,0.5031477602974114,0.5437900547314206,0.6314106882784432,0.5846618593236401,0.6353572070300851,0.5395091212380875,0.6002518798645305,0.5936873509140783,0.7045819177803858,0.5573495421718572,0.5547120478923228,0.6044472115968994,0.5654667260447496,0.5242265701373853,0.5925751464230214,0.5065425921828525,0.5262443941247341,0.5392474204174209,0.5316852415878085,0.5639388830654493,0.5137683211966217,0.5256788327731754,0.5263910133892088,0.6643760887152034,0.6090631096781234,0.5668015441198742,0.5180541222014683,0.56244252784335,0.5041795463336498,0.5664600617296442,0.5758270151098743,0.6070395757316915,0.5868384077966771,0.4850020227670269,0.6459379909099422,0.617096699667134,0.5673618772081978,0.6124803333606712,0.5549029176548258,0.5243831949047384,0.6631218538154388,0.6324788649398919,0.47274058304068856,0.5962265367672356,0.5769074993152749,0.565090172306019,0.5353674677411774,0.5782884265554097,0.4206955388752351,0.5831405381236044,0.47305097495322807,0.4961833525767286,0.5448737774874037,0.5893639265684699,0.6035793438543625,0.64308827305837,0.6023904267834227,0.593919498903519,0.5134827196545672,0.5190054390121105,0.6440602972674108,0.5811720082916452,0.5058126170756748,0.5981329240744806,0.5761640818376987,0.5699179292201337,0.44300247869792136,0.49729336827762105,0.5453199612910026,0.6332407730497317,0.5544013517719933,0.5026908043661383,0.6234178475775757,0.5030391289525836,0.5518615117866575,0.5302840260476185,0.5529237378475674,0.6076245382950054,0.48410231988983293,0.6107597012839693,0.5421251354693202,0.565226501292202,0.6175623640859503,0.4949138535866693,0.48359465550098574,0.4030865952065472,0.5180479552888575,0.5147604681833183,0.484719398861885,0.508023423455633,0.5511747675156867,0.5314762705342742,0.5618861639444676,0.5288655323737045,0.5466879484884294,0.5495434311554136,0.5800170679091473,0.5874747449807187,0.5313844675766716,0.5345535938933375,0.5396498476091065,0.5590078239144068,0.5478416472673984,0.48349819283324436,0.5752536813087458,0.5461724563082718,0.4638378971656105,0.5371568590893316,0.5007525242963462,0.4804591069343361,0.6139043877994822,0.4597583503520043,0.6217352799651841,0.4408247672244002,0.5192727664494292,0.5314649370543405,0.580911227904072,0.48378662714074555,0.5292853500313787,0.5505220115176578,0.521362664024558,0.6040360207801425,0.48892031070194353,0.5706009151780667,0.5098642468965977,0.5925767988302919,0.578739169089083,0.6366638241125108,0.4857680132394805,0.5535196754185109,0.5472777719274834,0.6085567728551575,0.5161033725603111,0.5749412765240076,0.5416636387776826,0.5750912505058018,0.3588967111207229,0.5629812900957255,0.5334218391353888,0.6456070741897628,0.5279997470059308,0.5793925693927205,0.6302743487129648,0.6271723338272287,0.5720427680955849,0.5265318886188006,0.5218662500347322,0.49661256983795576,0.48624491603129416,0.46726931664699967,0.6132434152569616
0.5877877325880043,0.5912918573268356,0.5695676206854844,0.5228886865157333,0.5296446560802035,0.5953049524534475,0.518922372189185,0.5503644765372616,0.5729743661377071,0.5485177707141766,0.5953216242103131,0.0,0.5363191233227764,0.47124213704837026,0.4842257338636579,0.6226687829822491,0.5753505098523882,0.5320705513827492,0.6737042232844224,0.6271580847036202,0.6599928235903745,0.5544359227834191,0.5196027339051196,0.48912256721124203,0.6661653091718154,0.5049249490709521,0.44020807516305605,0.534302501467296,0.48801581745730155,0.5880879592373357,0.6239182520036843,0.6212909356168933,0.5024514904357997,0.5984980808384744,0.5298630789934569,0.5794963230217782,0.5939153116063713,0.6074686203139896,0.6153900223511413,0.44626777308720833,0.5518224547111454,0.5409968734201857,0.582353062127243,0.6220935659787862,0.5748400832999424,0.5771123317043372,0.5491931239736498,0.608591270204826,0.5766635754194157,0.5993024171414456,0.6343399452155333,0.5944920810069806,0.5581641821197012,0.6396590744536252,0.6379185740969407,0.5376420755593787,0.6297584503751968,0.6560738869298026,0.5298187678739404,0.5480200052516755,0.5357516870287838,0.47191445654554887,0.5989269005372385,0.5041974638876704,0.5262020757230389,0.5743910194431111,0.5222040885066601,0.5496880888657854,0.5293576579488884,0.5419711416169622,0.5887387354092584,0.5165707380712834,0.5330194768281734,0.5719878318133583,0.5938853931993997,0.562836008451393,0.5460118320292261,0.5676019552651088,0.5826927475578768,0.48533739536670856,0.5541842020066478,0.5828499919475144,0.6388885507923663,0.5342513810998221,0.5697740937098654,0.615662598273147,0.5212172816154725,0.5713696954056683,0.5703615871807163,0.5765759325282365,0.5861201749794172,0.5906936466178121,0.6342547834703095,0.5895307243533603,0.5622162792619928,0.6701298131686264,0.576301130765011,0.5881318131522141,0.44790096484442804,0.5159852362250303,0.5208844593343642,0.49511897554500883,0.5659832723816135,0.6330279183872075,0.5863966274127617,0.5742056868170768,0.5904987766016456,0.5539984859356092,0.5195736723498583,0.5954663719779159,0.6770520528929826,0.5813914878464642,0.5471198034144434,0.5647546976519049,0.5422623032768461,0.5040621048448577,0.5597609056348926,0.5892833784403617,0.5651581621124733,0.4849409953744097,0.5239694126530238,0.5143737893646372,0.5303268864792887,0.6320689052932462,0.4923561238050081,0.6206303734434633,0.48560569786489727,0.5227896302714029,0.5885612037151543,0.5078963103420552,0.5406789682654968,0.5831255173022267,0.5110274124080273,0.5666489861069287,0.5961075350171494,0.49724130964378377,0.6212746042512245,0.46041481880522894,0.47843068077682366,0.6542600243645679,0.5419487142934987,0.5543017366082906,0.5993046373368336,0.6394318598559926,0.651154604446825,0.5585047163773852,0.6379383569319586,0.5502811129650593,0.6783935248782269,0.3975390399596575,0.5879991097985716,0.603902050689646,0.5909849103011686,0.49389819652562167,0.66639324736101,0.5797476992867607,0.4873270318051922,0.5790374988690575,0.4529550082653447,0.5434091136742473,0.48103665259373674,0.5439492430118357,0.5273273680028827,0.5557482684923111
