0,1,2,3,4,5,6,7,8,9,10,11,12,13,14,15,16,17,18,19,20,21,22,23,24,25,26,27,28,29,30,31,32,33,34,35,36,37,38,39,40,41,42,43,44,45,46,47,48,49,50,51,52,53,54,55,56,57,58,59,60,61,62,63,64,65,66,67,68,69,70,71,72,73,74,75,76,77,78,79,80,81,82,83,84,85,86,87,88,89,90,91,92,93,94,95,96,97,98,99,100,101,102,103,104,105,106,107,108,109,110,111,112,113,114,115,116,117,118,119,120,121,122,123,124,125,126,127,128,129,130,131,132,133,134,135,136,137,138,139,140,141,142,143,144,145,146,147,148,149,150,151,152,153,154,155,156,157,158,159,160,161,162,163
0.0,0.8571527469959911,0.818261639876069,0.7973457691062882,0.7280968966322107,0.8944148218314665,0.8015931479305753,0.7956986723269217,0.8638308942773207,0.7935122913492222,0.918613054561964,0.8126163687904334,0.9433936890962923,0.8425401409485883,0.833001179291667,0.8585339671332984,0.8725537506877181,0.9301196798764089,0.824659899411441,0.9179315700643567,0.8517621740337645,0.8807924847404278,0.7712623097568402,0.8567904711504741,0.9165851108689892,0.8340138866273087,0.7403481427178451,0.8857436645035931,0.767889057663109,0.7720969801590372,0.8523980917599147,0.8976450744543572,0.7827688530885274,0.8557767826773242,0.9194566370333963,0.7757814006048336,0.9351791591648961,0.8856158455731241,0.7727929779592351,0.8385759845138668,0.7449105360018966,0.8918768519540891,0.8247597630715687,0.8660252526617733,0.8656841060728916,0.8370254074418931,0.7346064136364877,0.8826835061879963,0.8995134423304773,0.8140197725488161,0.8429728572753297,0.8554192736613485,0.7609685874546469,0.8369455238447311,0.8232326250266233,0.8782985539543898,0.9088483719729856,0.8091444596557241,0.795374214554068,0.8115978852645543,0.8529624868813966,0.738258104757589,0.858878406894683,0.7209114795121887,0.8512061941312883,0.8749406807042354,0.875422132701551,0.8794736116363231,0.8110921294066736,0.8603496746913845,0.9019995824274676,0.8505028140996531,0.884239656968212,0.8910346927422866,0.8817885193196969,0.8915072567756781,0.8231457749667254,0.7614492534471464,0.8048295333124186,0.7757281640500593,0.8469725444961756,0.8621661018422471,0.837201361085325,0.8838935469479892,0.8971304319905179,0.9124418645219636,0.8563973365233207,0.7855368675614819,0.8704660537437943,0.8606024909363531,0.8211181760715603,0.7653135045094052,0.7944986769434319,0.9087625962097745,0.895167642540137,0.8467297673460235,0.7308066123159882,0.8136427063341003,0.774077805032638,0.8727560797706949,0.8520162332583203,0.7394503226387426,0.7220030771960748,0.7133168703400415,0.8494212684713085,0.8291077826020152,0.7764100082237265,0.8830942410972898,0.7836351469467417,0.8795382574755553,0.8755299491800307,0.8544570643283677,0.922589494075331,0.7988508711932314,0.8892782027123571,0.8897523562082128,0.8728701844964873,0.818800745485589,0.8508754686156647,0.8359578993288702,0.7988459962020569,0.7063169807393381,0.8915412090721381,0.8659838852486338,0.8300619000812121,0.8250458222329345,0.7540149859689915,0.7939779314366943,0.8267584702099683,0.8272555389017329,0.8306467986879758,0.8210694803546781,0.8349927352584339,0.8969141492274045,0.8702881869542937,0.8356773554906268,0.8674362263539966,0.8442746268879429,0.8153253527900768,0.7779138830528491,0.7946685256028703,0.8806838860545488,0.8527333880476291,0.7582182332931078,0.8990089955106558,0.8494163058518233,0.8298256293209234,0.7568674901718909,0.846223742917639,0.6891861679226848,0.8974917502001267,0.7841889077921189,0.8076095875028237,0.7202618080456725,0.8370743404052614,0.897553340360837,0.9128077647662457,0.8554103015836615,0.8146061933531691,0.8839608821770064,0.7948558641351317,0.8888567110879211,0.8826203344488527,0.9387754610451408
0.8571527469959911,0.0,0.8651788859717809,0.8169502230925252,0.7273801118079763,0.8804894672428468,0.8472628483656103,0.758043856242969,0.779262271598258,0.9255925883299309,0.8778849924740004,0.8748242357389907,0.8590229375934011,0.8087158408751797,0.8667779691912111,0.8107168756848253,0.8467439573122602,0.8397270773255834,0.8449672467382846,0.8266070618621091,0.8446922390188608,0.9176202572175483,0.7911131090030574,0.8906824339760316,0.9097782721302115,0.7516971458342451,0.7446053602529724,0.8351513267314707,0.9090060881574422,0.7390494747296568,0.8299280240589599,0.8319158665789724,0.842970418129528,0.8060912000997893,0.8639003987240477,0.8077131335022084,0.8329859704848206,0.8073487052969354,0.7994544733090274,0.8641584527544272,0.834302544191501,0.8685155893285457,0.7353688416815731,0.8470094955946167,0.8239748242499183,0.7852123865091141,0.7371696108148855,0.8317712867312789,0.8717241394435788,0.7583756301011952,0.7890742253834769,0.8149419300841706,0.8027586127073759,0.8901852537628978,0.8389260909589691,0.8688680907423397,0.8138114990822161,0.7857811180866817,0.8018745454494329,0.7969438897414051,0.8008698551369314,0.6545291813975719,0.765163255920083,0.7227694741685469,0.7640565625330865,0.7443946748073945,0.8005115013621582,0.7953917904274176,0.7398643283011304,0.7707213226656572,0.7939253534584323,0.7809108982404932,0.7476117135434978,0.84238666513274,0.8421253821757556,0.7933949031618527,0.7544385377432985,0.7840105042642656,0.7208981779263588,0.7172308138724323,0.8310434777557192,0.7919488774143234,0.8538294034632455,0.8056088185740239,0.7660218178411629,0.8891059624791108,0.7253095167266606,0.6836896597241652,0.8014860937654713,0.8414400576294375,0.7582735710457793,0.7927619212288344,0.8167353938525317,0.811091607830538,0.8297478204087334,0.8939930271171326,0.6941770130577549,0.8382366566079176,0.6985413695430616,0.8299897920398835,0.8146292830762678,0.6675684325482636,0.6673690352675172,0.8035376195196963,0.7371390934608468,0.7654689995752852,0.743352098444364,0.8971432102088573,0.8215517014449489,0.8992401744372356,0.8659629358680734,0.7389234978329677,0.804395021106058,0.7321182060310758,0.7974480933279589,0.8640924157734093,0.8495255419183978,0.8156635638799639,0.8672081289913806,0.7713239747896057,0.7495662302392936,0.6437445442114017,0.7967168270704145,0.8479588843618889,0.7451401929486188,0.886501334677494,0.6935567479109024,0.7770050130453399,0.9011098863600813,0.7997460212505452,0.8328258799157608,0.7638091759530609,0.7046025330020879,0.8313282153310662,0.8462545797591716,0.7939366512561831,0.8422315972915048,0.8478032259092674,0.8386052670150135,0.7575961722392253,0.8091885599068848,0.835029402822189,0.8680825933854805,0.7575018967723037,0.863923107293198,0.7546800982121668,0.8292120614617665,0.8209855269865967,0.901192120102854,0.7204967253688819,0.7727229111987,0.8660890886376192,0.8082215894990628,0.7988382732183211,0.8749731999134855,0.808919200146315,0.8577637514710461,0.8544225661739447,0.8223146422381771,0.7582213226352578,0.8681341229598384,0.8110129256572566,0.9078060905076069,0.8472924664739041
0.818261639876069,0.8651788859717809,0.0,0.7632761132308925,0.8644929650383117,0.8951802308258355,0.810864023748256,0.7842141537074421,0.7254143678656783,0.8507183605241746,0.9203122690838157,0.8935598308671893,0.8828726580208042,0.7298772958483506,0.8619744944104365,0.9518674795028443,0.9251596571207913,0.8253612501714978,0.8019276771012538,0.773524535767404,0.9445927644756843,0.9606850175119407,0.7402177679169863,0.881488465822081,0.8346265337358654,0.8637464672962049,0.7146358968262935,0.7569411366037596,0.8595303835713661,0.8368800758788519,0.7784639754467402,0.8944716055123123,0.8014405775378365,0.7505907980298424,0.737110279858069,0.846506597629506,0.856363379501558,0.8666587698550392,0.8690336618399042,0.8485656484228319,0.8437214860032174,0.8637712979875735,0.8744329573789145,0.8660440691913609,0.8165385302406103,0.84674150874273,0.8443970055058577,0.8959820126961368,0.8328644622246623,0.8680860786029282,0.8824295103398229,0.8684648591962854,0.7547973208046951,0.8947290849338796,0.8796406787261468,0.7867991962379434,0.8603142316659146,0.9077076866680373,0.7284072618023562,0.8260802857941069,0.7896492689345599,0.7997434861749907,0.8864373495377852,0.71027890209902,0.7717963406962284,0.7778672699570156,0.7489877596932492,0.8848841540000763,0.8089604499347766,0.7964719858321948,0.8788698504760107,0.7109849148648267,0.7066626003433052,0.9187411026918758,0.8700475147313105,0.6923041354409268,0.8751270955651169,0.8933561729870896,0.7697101889614062,0.7496710505522192,0.8675388745267825,0.7897236920777609,0.9088737922082543,0.8068760771919873,0.8055416945415965,0.8700137305385351,0.7388412297922352,0.7085515180529692,0.7572732724944166,0.7724468768834397,0.8676214064936393,0.6987546444018846,0.905975560707019,0.7582208639784968,0.7956939129126972,0.853929909938652,0.7184112618036047,0.7408464126188467,0.6671424682016174,0.7631759632441906,0.7287761631560927,0.7719609370414409,0.6643163810946873,0.7353407012764414,0.7576512339369458,0.9001326856593305,0.8673191972787022,0.8190231131006477,0.8711353687789479,0.8635071711429054,0.8624260311217057,0.8086555376662914,0.7621774723100122,0.7431718191330505,0.8157497378045355,0.8766455226749996,0.7300831264451556,0.8735966403251025,0.8691068519079974,0.7063965842089567,0.8656566250367811,0.7028012890932546,0.7336800923600459,0.8906130601013841,0.6362776429994564,0.8967885504669104,0.7597499215446013,0.8983471447938232,0.8700716852672193,0.8443405429641908,0.7757516888126206,0.9304007732746271,0.6860308529683254,0.7525939611867443,0.8199862011680211,0.8076270515492525,0.8508453765860097,0.8260979923780917,0.7993841233863548,0.8292504953355024,0.7112518430927541,0.904178774336334,0.7869619995711599,0.7935750789929292,0.8999635486060995,0.7576084523963394,0.9161319175633803,0.9102670355282134,0.8595259787698614,0.7765343596884432,0.7274630430350484,0.7457480884632671,0.8433244262413866,0.8790951450641172,0.8716173532877269,0.7932149697191626,0.8041553426405316,0.9109167576647438,0.6767342354183172,0.807971466241404,0.8074875187229763,0.6819443801510598,0.8774792491250968,0.852749284381663
0.7973457691062882,0.8169502230925252,0.7632761132308925,0.0,0.69253001932055,0.8094471031305609,0.8431142533064986,0.8078821542295919,0.729884735824642,0.7758546868209961,0.8214508510771507,0.8323596954279009,0.7828515406540058,0.752840690117921,0.8805643121223095,0.734852030903369,0.7697037360337398,0.8102726319469176,0.841268260269913,0.7029586676174222,0.7888445970271707,0.7983731589410908,0.786930680931912,0.7716332914024776,0.8239989523479486,0.7920409284709234,0.7696887329607153,0.8157838059511141,0.7601178326116754,0.6809682428441137,0.8352694926224246,0.7662552540348612,0.9671043025152326,0.8159620010760134,0.8262176314126547,0.8716309606252189,0.7824800828757179,0.7951638616876151,0.778966778666946,0.8156010859617082,0.8719940439346301,0.7413248332353609,0.7612636221807608,0.8310265995318122,0.8255096343439967,0.7820013315881771,0.665124539519221,0.7594433192243278,0.8094918072848076,0.7612966371013972,0.8484561900436933,0.8294181984386375,0.7555046602826558,0.911636561430061,0.8646065273809616,0.7156658694187669,0.7808160572374406,0.8160498868651939,0.7441265268394599,0.7963628058843201,0.8023315261897693,0.7019232383545827,0.8232238685954261,0.649937883825572,0.7393575027470242,0.7352689731530874,0.7802627144668852,0.7374283596057682,0.7456654709398411,0.8225379061935196,0.772901887848394,0.733666425062946,0.7542924444972041,0.8430678819689329,0.80411279022825,0.7185266649319169,0.7649548025177832,0.7298784435973306,0.7951937555870169,0.6295797947503123,0.7288142077356835,0.867352197025033,0.7363803714771465,0.7894217054566264,0.8164862711511847,0.8242133565536063,0.7541527549833474,0.765657188552157,0.8201630685886748,0.7323088231608902,0.8237378942403499,0.8626144963836742,0.7962715230129307,0.7436321503092864,0.8432994033595668,0.8384888681801317,0.7090855799937829,0.821830765711419,0.6934511337409224,0.8761779021318056,0.7489854237556368,0.7233725984580524,0.8604172268988931,0.8374025587552599,0.8366274805424024,0.7301414868709649,0.754010240499049,0.7752301094924676,0.7856928503518354,0.7217354260807748,0.8630672548578717,0.811846550246968,0.789078014234271,0.7436315048932132,0.8726660297320368,0.80518699763365,0.778663989134738,0.7128440245653171,0.8388489056320246,0.8395895872568889,0.6816776143083829,0.8201983154577639,0.6893880338590606,0.7999101488305869,0.6489408938053367,0.8412456970078701,0.742158106335033,0.75637812794058,0.8441418684446661,0.7690425072625764,0.6918355248692895,0.7047845644488065,0.6956797358448175,0.8405216069288036,0.7476882333165468,0.6608327692523407,0.6868087641158228,0.8504000098021783,0.7889725400848712,0.778907403842101,0.9009608867697908,0.708696148907359,0.8615512395449274,0.8007141385230753,0.7706571630609254,0.7959105923598734,0.7706359823737688,0.7417853998596584,0.7472692907970494,0.601943486907747,0.836356386223201,0.8229313100377896,0.7594973867837599,0.6897101850814654,0.8789648052949074,0.7631656709710537,0.7397567655987254,0.803103698286811,0.8716373766982326,0.7886427438253946,0.7770900105600289,0.7417668933700562,0.8408253016548709,0.7907323981119548
0.7280968966322107,0.7273801118079763,0.8644929650383117,0.69253001932055,0.0,0.7735914158604146,0.8305347432454431,0.6320865055809863,0.6331985515942818,0.6927827575546885,0.8047177010367159,0.8134676126366568,0.7354735281451436,0.6249661136664026,0.7980989885002453,0.8600370916495611,0.8595568154425914,0.7379781645649426,0.7156530913119139,0.6377913430401386,0.8827961917319339,0.8269988608178587,0.7325901215967509,0.8318938408599217,0.6976497897308123,0.8362156719284455,0.6348272337419876,0.6480972441651637,0.7574389878395019,0.8814692879052224,0.6625213717041668,0.7694188603453231,0.7362682636710969,0.668116664488196,0.6466990247993013,0.7399856352497076,0.7418838695279418,0.7427607092331057,0.7776016743125526,0.8043227760200994,0.8220355859636849,0.8068756816185217,0.8129318220292591,0.83163834692549,0.6617795242176399,0.771575889339435,0.9254585811578108,0.796598437535475,0.7753531856207069,0.8093845082613074,0.854748215600694,0.8603564208547823,0.7178750211990675,0.7786097892713033,0.7614360807157006,0.7096980498691353,0.7960573669677572,0.8584520758327596,0.6288249514913048,0.7488086168100303,0.6190734333270994,0.7695791090654369,0.8162555994275511,0.619053836763618,0.7164863399988938,0.6589106980716374,0.6170798890638098,0.8175228026063638,0.690269904395423,0.6581326890788634,0.8002207378370028,0.631895115804218,0.6053234947727008,0.8074382426954619,0.7090226327269963,0.6204558196514878,0.7891505425583635,0.9560018677680142,0.682964823448143,0.7685842432491098,0.7923495524335892,0.713298916662804,0.881622230118988,0.6492699828853179,0.7464920061679641,0.731953117466641,0.6060162289898103,0.6414143866808918,0.6387930710129549,0.6589550952480381,0.9095390609839095,0.6552276479758432,0.89038230753142,0.6810449988307133,0.7251560726382066,0.742237271067464,0.5784312761754398,0.6497827795233984,0.6644039100537061,0.6544156342805836,0.6162625554051914,0.6525614823125432,0.6335289746530712,0.6548600649293782,0.6552290443900086,0.8467212168999553,0.7480892414846556,0.7056800402896268,0.8491034996865715,0.7607839296064773,0.8059523662972853,0.7825492014362778,0.6423991550164468,0.6189779702982873,0.74512559411682,0.840711272719566,0.6579782883150741,0.7718142210576847,0.7763468660769327,0.6359873486932297,0.9272389970128531,0.6334584161523723,0.6573225235719535,0.8726666002524284,0.5739712624711342,0.777620380007072,0.715902119052153,0.8105344411797528,0.7262028038342172,0.7406937423232767,0.6697346358750994,0.8386947114774242,0.5750688316585025,0.6773903361093042,0.6520448732051511,0.7611946394711415,0.7862795697500967,0.7944670608555445,0.6575527028881177,0.7650939646409124,0.6086450965929388,0.7884840120655613,0.719610721178758,0.6749595768434796,0.7893790527586122,0.7146608321733914,0.8747674900278732,0.8568098118351198,0.6983836702207765,0.6966317789695781,0.626723714329164,0.6891816374386296,0.757939112388102,0.8345538151942938,0.7809981756500066,0.6496108303628995,0.6940174154675144,0.8631726377112272,0.6152529562718232,0.7896844381601492,0.7044024052174349,0.6242866661795813,0.7439617191413143,0.8260569918874272
0.8944148218314665,0.8804894672428468,0.8951802308258355,0.8094471031305609,0.7735914158604146,0.0,0.8008849368495065,0.7976067575459364,0.786466885675526,0.8287821092410476,0.9289247894693672,0.899968405401532,0.8955676521623085,0.7246769124992265,0.8372435277803243,0.8862486407010288,0.8633723919221078,0.7985419065959556,0.8603477516379411,0.8021132383320001,0.9110288516163917,0.9034889863068416,0.6987354205014017,0.8620060069542197,0.9094926484372194,0.8333727236502141,0.6561506164817544,0.7879815923579367,0.827680897520141,0.7908499131688739,0.8478466317745869,0.8956797334959751,0.8239400973212563,0.7990047430017974,0.8091308026311468,0.786904769576741,0.9132877824011479,0.8347210686172766,0.8350999136224432,0.7861080153894998,0.796426317412163,0.8923809510226007,0.8257937495511377,0.9285211189977383,0.8087247767732297,0.7900307153943374,0.7636851513559092,0.930866037066358,0.820247191191495,0.7725372582462591,0.857783646696498,0.8961428002861161,0.7254084717781515,0.9007834796131975,0.8586397065435607,0.8818163081274567,0.8524460855690714,0.885574762108886,0.6966802786159237,0.7472237805281237,0.8498551475880786,0.7419626442610221,0.896465594703765,0.6370963642400024,0.7743539004383658,0.8103691497758921,0.791727679701556,0.8894675393125733,0.7297480081583969,0.8396734032353952,0.8943803606940928,0.7025740021576179,0.7777867721782914,0.8755357839305024,0.8735632478591486,0.7933379307559112,0.82453878297961,0.8199723438253219,0.77519379955094,0.8230493166703156,0.9432226265983027,0.8366131996373367,0.8973192234977918,0.8593594166719452,0.8361648184549748,0.8779104123152612,0.8371981438179704,0.6930048571175967,0.7940787068975845,0.8378387167933492,0.8190566259976798,0.7636062653972506,0.8175757905912292,0.8305354990797582,0.8104153268823422,0.9251512624315651,0.7442130130590027,0.8226948335596229,0.683345156350797,0.7932221587653494,0.7850814930399629,0.749645464100497,0.7026491927725437,0.7682547869829675,0.7793344009241946,0.8230286683325845,0.7960852394235131,0.8461663642235921,0.7697017493536906,0.905235724789919,0.9174216195254007,0.7798482482576434,0.8806389211443605,0.7413651580251015,0.8286346755351146,0.8628153728220169,0.8274328764913086,0.8028848908840188,0.90837994136634,0.7692065310120001,0.7778625672658503,0.7257781309467801,0.824462159209127,0.9122368463014925,0.7461348347856367,0.9075181698914917,0.7157176619797079,0.8264361421019458,0.867697483466021,0.7609020108117761,0.8014220610067919,0.8861511471379602,0.7550402835920964,0.8690999916407199,0.8583585285114562,0.8126392201760004,0.8613859477508946,0.783457068091067,0.7344857307171678,0.7898911970959548,0.8011401869770172,0.882633572090847,0.7976426853960236,0.7598169101187126,0.9185616338034612,0.7738761889148971,0.8936584999089159,0.8351763196543491,0.8542275171045924,0.7089550789035841,0.8336160687822773,0.8159191812480105,0.7623293508158784,0.7296202351264174,0.9154027405374512,0.8540883874858203,0.8491691293926006,0.9330637577886767,0.7569412348729337,0.8436053505811101,0.7981046296002985,0.8222201681705918,0.9097908462655232,0.9033554023560603
0.8015931479305753,0.8472628483656103,0.810864023748256,0.8431142533064986,0.8305347432454431,0.8008849368495065,0.0,0.6793267132143237,0.677902224890939,0.8214912220782811,0.8183722969024931,0.8532546418445093,0.7889004421022648,0.7427379672228906,0.8904199193415007,0.7864980458056477,0.8272425226144604,0.8111230597720273,0.7862336278792166,0.6892803916361485,0.8392329354311922,0.8288193237391964,0.8727036814158853,0.8710528993022314,0.821369426806713,0.8216938793034798,0.7267026147913126,0.752917282306511,0.8265629710282814,0.7716806643432924,0.7688213244553557,0.8134960548121214,0.8642691604430456,0.8117091914730332,0.7859093361210235,0.8084712255937374,0.7978218404321575,0.7307375689270551,0.7672180919596867,0.903567012220284,0.8535580569566841,0.8212083532665811,0.774560203653533,0.8726467759621014,0.7635800764028762,0.8105113169655273,0.8393873619528459,0.7956660365161486,0.9141224132986817,0.777890676363751,0.8756072626539252,0.8511205946631516,0.7666571622712237,0.8622852106286938,0.8400800114121517,0.7926759289143195,0.7937195335129283,0.7961586391438044,0.7828226469592193,0.8058854029377904,0.6885993523383704,0.7146866924593855,0.7698453376130597,0.6699465464316234,0.7590986879073146,0.7003486907144684,0.7412841880116497,0.8135745615630322,0.7137363063206297,0.7019123100129632,0.7902498290543334,0.7458096002681901,0.692382299020836,0.8520280555206862,0.7177701547104213,0.761304161402101,0.7903877510398083,0.8860888062540405,0.7019052634030905,0.7221183344532293,0.7706361343999457,0.7848713513791689,0.843612431613661,0.6861195858468755,0.7820802304098831,0.7715393857520415,0.6531396006169836,0.741359159873316,0.766953785288705,0.7337154714366323,0.861907695041622,0.8393309295274214,0.8713220861922447,0.7538450069006661,0.8233034109275942,0.8390260899172333,0.5989891312336014,0.7885867952521448,0.730211741570465,0.8305305273508143,0.7299022519031975,0.6586138957562653,0.7625535977326594,0.7755032129825726,0.7128105252028324,0.7889288241694796,0.7377980873551998,0.7878890973822367,0.9009359985710541,0.8135763313154698,0.9046330074408155,0.7933372502450854,0.7417566784588595,0.6487159825298423,0.8031401132283625,0.8487290864148351,0.7853186879549484,0.7962901182253477,0.8474367037997035,0.7404902945285644,0.79342420165066,0.6609061969822777,0.7144709230165682,0.8907678749432227,0.6430452664858983,0.8459393013389197,0.7493109315041714,0.7869746767636494,0.8205197216928727,0.788462485835964,0.7015430681259883,0.7193324171217789,0.6214906183595919,0.7370402882681365,0.7040105261900825,0.7415084169713287,0.7764351158364685,0.9028631445948556,0.7537249238017105,0.7614004769037701,0.7544319764304215,0.776940914130264,0.8741824782383875,0.7138562797537701,0.8154906069276182,0.8365129139125448,0.8076406653114252,0.8313682713837807,0.7699121756496968,0.6162283396805327,0.720099671046169,0.8084434975372589,0.7499692450687032,0.8384269226607627,0.8531226766074723,0.7177568393164065,0.7612020007936788,0.8710189822604195,0.7969688738785955,0.8450146132816583,0.8288381069796873,0.7313277491969182,0.8333014215158622,0.8223478021353927
0.7956986723269217,0.758043856242969,0.7842141537074421,0.8078821542295919,0.6320865055809863,0.7976067575459364,0.6793267132143237,0.0,0.8401047843611285,0.756812078427648,0.8124336550499095,0.8134838427502679,0.8352930100053615,0.7061512500411441,0.8282573111384668,0.7903631071006667,0.7370036987887013,0.8027453929025196,0.8028577103496958,0.7852817585835516,0.7564172724325866,0.8039678035218336,0.690474577579024,0.7118358073462853,0.8176390664394352,0.7606279001547165,0.7940842146202358,0.7907535157682416,0.6790107066048384,0.7177401096809669,0.912076140707847,0.8140708664352831,0.8052409277936462,0.7796346889764959,0.7463838060427365,0.8286456853009962,0.826801585141451,0.8733077549252779,0.8381042658211347,0.7073335028033069,0.7285587191568802,0.7051901804109637,0.8330405746719892,0.7267448564231471,0.9238347035125916,0.8268246773834803,0.6229407182933893,0.7587925214483032,0.7383900639737059,0.7869462105413929,0.7926077244825595,0.7208172144716447,0.6634606343827197,0.8175628246924921,0.8380965639153551,0.6932047117250408,0.7917672505115427,0.8330190887881637,0.679427937898693,0.8076467635901985,0.908407153567032,0.7607423920347867,0.8291328698749636,0.6482288387508283,0.7245812452246709,0.8091011609111967,0.8040233642971097,0.761577618273404,0.810633615767188,0.9636332368072515,0.8103899398077193,0.7075646555328174,0.7240624403081904,0.8369356942773354,0.8822084170272465,0.7019362826036972,0.8192808448239847,0.6633962872101306,0.8782685263318156,0.5905314164452693,0.6868622782252627,0.8573661021345064,0.7384493903636041,0.867173681636258,0.7724614611307904,0.8797021298311304,0.8965906095851048,0.7988588858270121,0.8938683445671746,0.8091237211636458,0.7459540092269669,0.7334926702544826,0.7439898938900564,0.7269218293702614,0.7285846744474023,0.8026371589320612,0.8576653551687039,0.7325290943831907,0.6074184663631577,0.815930008510166,0.7560722541229704,0.908062831836605,0.7410509679126296,0.7459832031363663,0.8805511332624805,0.7828363777353096,0.8307695289928335,0.7429115329525248,0.7164167749791241,0.6977602965618326,0.7515016080827501,0.7726566750545137,0.7643423160083103,0.8740696871776391,0.8262534525929035,0.7494201993900368,0.692383863391264,0.7667832375878927,0.708991283716583,0.7556401553298642,0.6582115838954675,0.8988820416392636,0.6499795065888857,0.7467318593715065,0.6136005851346217,0.8180181876538841,0.7073995571490775,0.8554809302673486,0.7697854675856715,0.795824739031935,0.7595862663252988,0.776588828847618,0.8100699934534955,0.7757536359194925,0.8275133192208269,0.6457642856626666,0.7262979047773872,0.739302680276397,0.8161833639495866,0.8821585810849981,0.7929341295820993,0.7349485181633152,0.7586876050014997,0.808215645290714,0.7710638949165204,0.7446118007228977,0.7979468914220071,0.7404167825699175,0.7818260904777032,0.6297208272227844,0.8763161969063891,0.68563502039521,0.7810166397657722,0.6874327621937151,0.8168875181679469,0.8820945330895933,0.7574932400611558,0.7647052444264649,0.6922145085504562,0.730085267229598,0.6732515397112834,0.6634334387485389,0.8694087619483643,0.7362276523071655
0.8638308942773207,0.779262271598258,0.7254143678656783,0.729884735824642,0.6331985515942818,0.786466885675526,0.677902224890939,0.8401047843611285,0.0,0.7284774287305399,0.7837236667939658,0.7466277115588398,0.8055747592948832,0.7570304208499364,0.7600302262360598,0.7356246593153819,0.7237994348447073,0.8302804922715584,0.7581557845208475,0.8213561180934135,0.7114054401930705,0.8018025879468554,0.6823995270476554,0.6967685679067642,0.8089348686906899,0.6776361335807439,0.7617167966040127,0.793048665543692,0.6576599107930661,0.746666137194679,0.8486396836037353,0.7724601605500255,0.7190019639947951,0.7194576959141454,0.813130438592744,0.7174499668003833,0.7957544884025699,0.8237816768473176,0.7191578246646005,0.6829609240038226,0.6547759245576491,0.8109163485994549,0.7190569384806744,0.7006721054255043,0.8002668276797301,0.725155436521305,0.6260617915299452,0.7156899884326032,0.7365995641710209,0.7306792633254866,0.7178775633742642,0.6985952107919348,0.6942446368689431,0.7291962737237728,0.7175402294152557,0.7963556180643063,0.7690151152440402,0.7598069750443623,0.6872200913174462,0.7365093106469437,0.8010486390737513,0.682150679917583,0.7456417791010735,0.6604935128105135,0.7406108726476345,0.7385169121501026,0.7728680245229839,0.7487317924055279,0.7719055039489493,0.8716074068986694,0.7818994918070394,0.7260043662587432,0.7790578853889456,0.7604778910436575,0.8477954614515435,0.7365007734619605,0.7148450839898576,0.6363078212340032,0.721516444206646,0.6117799530613797,0.6849412549728914,0.8495295806677302,0.7502558431017159,0.7914488832276287,0.7471518786560045,0.8547178999092556,0.8292082005335428,0.7463432482717939,0.8190661024569484,0.8433119048268033,0.7293380337615809,0.7482498029711728,0.6901054263621523,0.7383666941740988,0.7724393374186186,0.7709774729365576,0.74427182574829,0.7315753590145532,0.6991771010798101,0.7627014281028541,0.7381741001379615,0.7219406621464315,0.6633563501186931,0.6830574715428274,0.8171537603983576,0.7063580153232174,0.6824743722965397,0.7738996895389092,0.6532793382598041,0.7137587556917648,0.7144698203205113,0.738854031663295,0.781514045262366,0.8519399054013991,0.7440355931262269,0.769583635802695,0.7308528290140713,0.7229826804938171,0.6818479994367863,0.8235931275515261,0.6657305998317323,0.733184981138549,0.7094546992080639,0.7169907981573739,0.7351187010608315,0.7165240361896483,0.6927731865872193,0.7363781236180478,0.6945912963139469,0.7217925753290704,0.8937372100140185,0.7352253191720567,0.7839163345769661,0.8527676968047777,0.7765255485376001,0.6769670225179037,0.7336137023664049,0.7042447737184045,0.7353744086802212,0.7593493507803151,0.7349411921715848,0.7517305207320967,0.794393418895426,0.76425480498217,0.7325436502848429,0.7418348417927493,0.7898891436425919,0.6610165383742614,0.7610136572555178,0.6414512369308858,0.8292431885434839,0.7019473764613987,0.7683391874145771,0.6527726073306734,0.7398271561451292,0.8342302489838443,0.7746018019536561,0.7257520768416235,0.7100907222416305,0.7107034523797672,0.6436070977433274,0.7629188133550459,0.8456587448824624,0.7903558560871069
0.7935122913492222,0.9255925883299309,0.8507183605241746,0.7758546868209961,0.6927827575546885,0.8287821092410476,0.8214912220782811,0.756812078427648,0.7284774287305399,0.0,0.8355127225260623,0.8522913857530715,0.8272004969322577,0.7905975310255888,0.8105190601980442,0.7971579840412859,0.8058882387378585,0.8074347871182794,0.8022672540541561,0.7742742913426092,0.7842649004261235,0.8547999886842277,0.8018225288830526,0.7954790135822768,0.9178537102560507,0.7192076989514685,0.7669189900969147,0.8075126443489052,0.9208507634054912,0.7272104885609598,0.8124016694422505,0.8484087314180552,0.7936524369830092,0.7944265257394207,0.8141801187889193,0.8148971582864525,0.8062258971833717,0.7841196446935907,0.7569990482512173,0.8019999890822315,0.769644251038657,0.8134113124302038,0.7394206368539035,0.7929517240897367,0.8166412111396484,0.7505769511612352,0.7236408821019926,0.7977135700163414,0.8648442603642135,0.7300037344305591,0.7539896488920655,0.7387761342795731,0.7153628148575184,0.8316548326019836,0.8537932558654945,0.8076947666621097,0.74148903851063,0.772354152874239,0.8121968736152573,0.760661030774065,0.7665157519313306,0.6550759648300012,0.7255841457855046,0.7535205473635685,0.6918881116233702,0.6984783601237473,0.7589697117855857,0.7662319535642106,0.7870735711330269,0.7699243909869697,0.7331391505268031,0.7654596025636337,0.7166589219506665,0.8068871199635798,0.8055119999635199,0.7709834113731113,0.741787362357125,0.7624653332962866,0.6915882130495375,0.661202657336817,0.7700957632630043,0.7206425596723229,0.7978184902126708,0.7791141004483298,0.7244310517834675,0.8155800966877339,0.7169091652317326,0.7185797761286994,0.8154407193364398,0.7563654822906435,0.7340051364860688,0.7787167952700568,0.8080336828477195,0.7217944518825876,0.7582548747909705,0.8847693704398448,0.6542110240453132,0.8272825029993838,0.680200492766527,0.8002713956539771,0.7843809439336009,0.6883724348618987,0.6902591097730334,0.8453329275774732,0.7225810699411059,0.7359197471903637,0.7340659271553261,0.878849861887203,0.7906787952229837,0.8280077100847376,0.8169865399046087,0.7080676994912734,0.7613893566897302,0.7503690516079228,0.7459727899580272,0.7768392702557799,0.8145236021313376,0.8621716454291792,0.8407467035115238,0.7582950398578202,0.6842059211862697,0.6523487047391724,0.7291731648896176,0.783024871732769,0.676985274311324,0.8803999964936182,0.6752710430719673,0.759117133954791,0.9055610300106364,0.7827902902860824,0.822113627653004,0.7207422263037914,0.6748116012279994,0.7174948036059752,0.7886480833555398,0.7169051269248901,0.7952548173685915,0.7964333505698594,0.841650931473785,0.7482381131023457,0.7963687010604856,0.8332950500854619,0.796513984410494,0.7582151483449262,0.8286400863962804,0.7703264777603152,0.7541111856435545,0.7996643983164969,0.9411418080467308,0.7233883263077853,0.7246490259706436,0.8454774367862322,0.7540843285993691,0.8023153438060531,0.8519508279955655,0.7653296407372483,0.7798520878940635,0.8056314434047024,0.7684294623072322,0.7416773133354861,0.8667912851936761,0.75228158545306,0.8899756521027327,0.7479435359512753
0.918613054561964,0.8778849924740004,0.9203122690838157,0.8214508510771507,0.8047177010367159,0.9289247894693672,0.8183722969024931,0.8124336550499095,0.7837236667939658,0.8355127225260623,0.0,0.8823069861674664,0.9459898702082382,0.7983326031520636,0.8735095480376665,0.9466914306894219,0.9266425314401244,0.8892332840657967,0.8525346765094565,0.8507135596778495,0.9174730769476025,0.9512781040147931,0.763890941435973,0.8929249476536826,0.9011922762013075,0.8746298402379517,0.7507654347185487,0.8573134940075386,0.8672645655551318,0.8189430626903962,0.8375476460650911,0.9202705443452539,0.8274786488003961,0.8113612147570214,0.8396440870979739,0.8294365054907475,0.9367003057137027,0.9282220057263278,0.876118992317333,0.863190445897901,0.8185137937408568,0.8666993471402082,0.8718744042801818,0.911181935553405,0.8513261736904205,0.8399903531001711,0.7517231009181121,0.9471930012648044,0.893970300124804,0.8422839246489902,0.8884727446945896,0.8719389596493443,0.7603366823514863,0.9106548310757329,0.9171034896576183,0.8045027058425214,0.9147438719474634,0.8956442019589311,0.7544854879373694,0.8284716879783649,0.8705482916259011,0.7612882725059754,0.9070064361775946,0.7060085858478026,0.798160830137623,0.8325718377773949,0.8270544570801553,0.890553620236876,0.820688765807373,0.8725733846118049,0.9026709796873,0.7929741368496811,0.7946541852159326,0.9320718228241212,0.9182498861555873,0.7952384633428426,0.8922499658605678,0.8485681229009185,0.8103878060886476,0.8021220635468259,0.8845793073404365,0.8221510504360419,0.8892270025835828,0.89786985394964,0.8641826279210815,0.9031406376104009,0.8340558700545028,0.7461178895710543,0.8207947690873267,0.8126500122467054,0.863485831500999,0.7148515148683882,0.8924328123152399,0.8587041791831352,0.8598773351932771,0.8829585340147428,0.7393487420345555,0.7589831724761477,0.7050513760411368,0.8105802657289136,0.845960689301767,0.7857484550095344,0.6934130808868206,0.7346883836677932,0.8165475523310568,0.8579201642016485,0.832549123412771,0.8595474431037167,0.8234441810143511,0.8875735150009707,0.9055868433561496,0.8427533743191139,0.8579549495404418,0.8200637638218973,0.8851497338293409,0.8976499684268593,0.8023652472867805,0.88313481545139,0.8884283633547552,0.7805418550218776,0.8552213424315825,0.7345868766964136,0.811262293087685,0.914120929243877,0.7425084232390206,0.9189898903771485,0.7303496621423993,0.8645000474100544,0.8782713164729854,0.8534223482401755,0.7857447124767812,0.8982530076080036,0.8130672811929136,0.8612332442354614,0.8847038233643585,0.8421214194545469,0.8735623371596917,0.8575955792102418,0.8306571509550709,0.8396216381740116,0.7956411704998557,0.92334093186132,0.8090645948102655,0.7896103258186443,0.9532551972609571,0.7731457546598993,0.8762511421906379,0.855937460172397,0.8604215435788292,0.7507463284288274,0.8468416011342842,0.8111389701672885,0.8543752222161881,0.7635657795192149,0.8827785570780238,0.8733259461832993,0.9103668065581685,0.9082863351009345,0.7843721721991919,0.8950828562511357,0.8063261615200655,0.8004921619047287,0.8755416966685462,0.9431619532144435
0.8126163687904334,0.8748242357389907,0.8935598308671893,0.8323596954279009,0.8134676126366568,0.899968405401532,0.8532546418445093,0.8134838427502679,0.7466277115588398,0.8522913857530715,0.8823069861674664,0.0,0.8150222290541315,0.6641875295469398,0.8969381629558433,0.8737283847778553,0.8605653224610663,0.7876051223577714,0.9290686857741445,0.7542459915510521,0.9154836874384137,0.8792951193874139,0.8026806907747346,0.865481879001306,0.8906267107900089,0.8121588615934815,0.7116582785859686,0.7843121203827194,0.8357017786640716,0.8491720786119447,0.876276009458809,0.8700828621923051,0.8631028483768933,0.8437522193537886,0.766231515975263,0.8609795548864635,0.8323745508553404,0.8204217356886324,0.9024364552627321,0.801730901840647,0.8796627670884835,0.8333662469758772,0.8584480860997539,0.8882496673584027,0.8249706761674305,0.8353085924949122,0.7954790399043696,0.8517536727123952,0.8508276181152072,0.812005764108065,0.881539683543806,0.8671451598939462,0.7316774987189708,0.9150613462505062,0.8994492389866259,0.7842651756969733,0.8485043207376325,0.9343725373996272,0.6909300981824686,0.8106644151335769,0.7747148949009043,0.7313756601370082,0.8581530005583039,0.6514375935312805,0.7457457949731735,0.7419203273934163,0.7134779532468105,0.8050523001708407,0.7298178981392985,0.8103047240614839,0.8182217160489857,0.6831499730653136,0.6742040150625053,0.8670097311471463,0.8361315185036721,0.7264223934452254,0.8189341583649055,0.8494210776434541,0.8036858525949901,0.7143718804356309,0.8170602990736646,0.8252066116442159,0.8829882299231958,0.7721797587066298,0.8121413600919843,0.8660900401139575,0.7472229328690566,0.7082458985778063,0.8093575720461781,0.7773893541011102,0.8494918903816332,0.8062168070412777,0.8930161786455423,0.764172916426409,0.7464357869935436,0.9000567253820786,0.7070485854786267,0.8256415222900015,0.6506499144379423,0.7813349261509491,0.7242421377866937,0.7657001042601117,0.7413500865637084,0.8498962942012249,0.7677732969303435,0.8382846917325092,0.8302438110303079,0.8352941734261753,0.8317405996228605,0.8331140026727465,0.9203303426480496,0.8000498471371584,0.7366097442994246,0.7321459698210814,0.8190925302145706,0.8490891762482088,0.8004305647238574,0.858728966482945,0.8534424523699178,0.7143100237063444,0.7752333799377645,0.7433326167364864,0.716107091206835,0.899252657056225,0.6258613641232574,0.9328686898562931,0.7040296316902989,0.8687258929670496,0.8876242709764783,0.7600365069784123,0.7752094419138166,0.8280898087091373,0.6654587191042673,0.782850355082511,0.7994684396747185,0.7270376250484156,0.8480574343489569,0.8184532971469465,0.7763226851402976,0.8961247740943198,0.7632953497944236,0.8115093166953132,0.8161606854790676,0.771668179364518,0.8604011616985406,0.7859598327490521,0.9059696629017092,0.8687191050838265,0.8701125258316739,0.7113096887592109,0.7938145649393202,0.8212231988474425,0.8171733489202981,0.7957756454342001,0.9668740268738656,0.7816708479539507,0.7724665272507363,0.9134750006214849,0.7131687067828464,0.7955611495553395,0.7526504279513727,0.7227654811106664,0.9253206431134302,0.8341451772823344
