0,1,2,3,4,5,6,7,8,9,10,11,12,13,14,15,16,17,18,19,20,21,22,23,24,25,26,27,28,29,30,31,32,33,34,35,36,37,38,39,40,41,42,43,44,45,46,47,48,49,50,51,52,53,54,55,56,57,58,59,60,61,62,63,64,65,66,67,68,69,70,71,72,73,74,75,76,77,78,79,80,81,82,83,84,85,86,87,88,89,90,91,92,93,94,95,96,97,98,99,100,101,102,103,104,105,106,107,108,109,110,111,112,113,114,115,116,117,118,119,120,121,122,123,124,125,126,127,128,129,130,131,132,133,134,135,136,137,138,139,140,141,142,143,144,145,146,147,148,149,150,151,152,153,154,155,156,157,158,159,160,161,162,163
0.0,0.31961631807566926,0.27866148542386726,0.2843648933619695,0.2691164949970715,0.31335152807781735,0.2814763406498915,0.30336236469193406,0.3452958982841619,0.290818521292485,0.33438736380594036,0.26863084962155775,0.44750356329626867,0.302768892801524,0.3120501281374676,0.3290093066631822,0.33261630686541055,0.44757558572736733,0.2989989671371235,0.44274195646819453,0.31661039926013373,0.3211502338130424,0.2966396368435223,0.3083860632897982,0.38886587963191355,0.2745073833352413,0.26686345281218343,0.321377394488398,0.2548128743732794,0.25712681114397534,0.32405998938218006,0.34978128119446594,0.27832981076080365,0.2976075986694698,0.40641701228007737,0.27438360348250884,0.3924936825023044,0.3429063166720518,0.24738587357432112,0.3663805154459268,0.26510500232198325,0.33430824796816627,0.3042896767130802,0.3169097229574366,0.3294205861957443,0.36531403766486537,0.26067210414341596,0.28510634461786044,0.3701574140034094,0.3354193298331768,0.3289486885877484,0.3215063836360219,0.27806565316313075,0.27231274262984256,0.2708586848845967,0.3293038240342436,0.4068212212138876,0.3003882706611915,0.3026589567125631,0.33292368282440515,0.29732397486764944,0.25538632424549623,0.31498471003296685,0.25220562567507687,0.30308889039779896,0.34110258384204867,0.34804614207460055,0.330752497670395,0.274331445408453,0.3674209743730486,0.39693110076301846,0.3075637444472006,0.35376432758110515,0.34790389397233745,0.332921541212415,0.3447655390854489,0.2645715585692985,0.2706908455885008,0.30279286383133347,0.24923194590807557,0.30402925038217415,0.34547634647646935,0.30101556981908273,0.33034704394271164,0.33164274576940417,0.3903273239971213,0.3354574301794765,0.3165500441346658,0.3572829196261339,0.30646851181743084,0.3476391188741437,0.29865480263529925,0.30628588543050644,0.3593250682298937,0.32810070777827777,0.2836424155250043,0.22759330164186917,0.2909966234246955,0.25891787520204523,0.3683432603290962,0.2927386003268859,0.26321895217456626,0.26341191215374665,0.24764189969495576,0.34389104230854384,0.3277842980337331,0.27942586091650756,0.3490846023734863,0.31599165147936387,0.3022611640806923,0.30448511101798303,0.33335219526537396,0.35364265608815937,0.2854831043664671,0.3441765667696932,0.36567696849740655,0.34968896670964117,0.3008585592800441,0.2736708115007663,0.2886464732976751,0.31115884445230985,0.24988212312666766,0.3470503195304132,0.3642460985046596,0.30565415090122544,0.27951639195206335,0.26343871121625156,0.25420484102354896,0.2737750667337674,0.31813817198927535,0.27663894211716566,0.29149876816489584,0.2958536869322201,0.3384339559768877,0.30195498038146046,0.29521825226740556,0.3184314819965443,0.3386093856834744,0.31297895991387614,0.3266832170637669,0.26518461946019284,0.3098731728230195,0.349766568159511,0.26710988821888004,0.32948460819386854,0.33987424899647123,0.2936990817058409,0.2663001588300779,0.3373418574716669,0.21294237989120773,0.3973835798861436,0.2848124833344387,0.3118790758646452,0.22968667061395878,0.32459621200317795,0.38666400729986816,0.32357156078264915,0.31148741463452695,0.31276951164928857,0.3201453135835242,0.26517041461425434,0.3870067162498229,0.24361064134078184,0.460665409207498
0.31961631807566926,0.0,0.31762251131868785,0.3009853575799348,0.24257748728873024,0.38684667691940344,0.3000647525868938,0.38012510450351955,0.29225947975202,0.42221420997076897,0.29853580581213274,0.34207985813214237,0.3229889741827003,0.3037692970939945,0.32944269667258047,0.2974942926509948,0.2993586679524708,0.29459786360104656,0.3267691132147219,0.3240479444765576,0.3193485471885641,0.3986201345367137,0.284279195685711,0.3187353708748297,0.3967988267980839,0.23864008273354298,0.24901009941357788,0.2872295117974357,0.337666436284572,0.23326216740917743,0.35790304303697645,0.3390966071629052,0.3347568869675437,0.277316249436569,0.3218061004219089,0.3060983202298656,0.30164293449500157,0.2931716065557447,0.2991467079575023,0.3253260284577006,0.3087737695490377,0.3456662798041709,0.24683913307357178,0.2872511078732993,0.36267383317454244,0.28184374179564575,0.26761179869716983,0.2618898799589541,0.3238035491082889,0.2834009189933352,0.29150550934713093,0.2872859340039407,0.29553574377713904,0.3605701463661803,0.3121244288845948,0.34838072163740536,0.3056226840720508,0.2872185792517462,0.3181757872171989,0.31509651541780215,0.3307431773768746,0.22678626248785358,0.2651014229968663,0.24266015456947956,0.2683339352397849,0.2738131945616447,0.29607979296104453,0.2838589281260529,0.2453676346466498,0.33021760707562564,0.3040739522960273,0.2831762579824325,0.25417857480423045,0.3328373900310932,0.334051720867798,0.2749858647560126,0.2625253110475789,0.3084023948076058,0.25560153985068473,0.21972491483626197,0.28980127534852973,0.30508759382723166,0.3618689632930903,0.28538886638662697,0.27817175689609164,0.40178932532623596,0.2785736627363863,0.25358330246386424,0.29259644508162297,0.3154829978521688,0.2532195561677374,0.3064741382252763,0.303957154386852,0.29368867741479127,0.30275888639116244,0.37836405866669043,0.25714992464085756,0.32374233533410207,0.23622668076348638,0.32293078881079046,0.28065245486189627,0.2526531085724053,0.2165503536201106,0.28860991337273983,0.273201977991241,0.27754050791095825,0.2679782751026145,0.38688307620679885,0.3006164064091656,0.3574589661063487,0.3010236969408043,0.2589248782900966,0.29316387376861996,0.2583628209662929,0.2964123497978318,0.36080144396898317,0.3212760365846221,0.2645316542159961,0.30193350637729094,0.25996241779852874,0.26805596948070604,0.24211583801603803,0.28556184775769006,0.3382966614733126,0.263372550680348,0.3530982713867263,0.26274709390208356,0.3082036083315674,0.3547996800538468,0.28785649094681537,0.30792005344790546,0.2863564713481956,0.24397979294616098,0.3251752741904932,0.31107738537549723,0.2662829216769468,0.29777022996959557,0.3057214165798786,0.3204656352404029,0.2843868717847556,0.28499393961233066,0.32929203299369814,0.36015048790836285,0.27592924259410534,0.32052280239774944,0.2833272917757265,0.33634962028788906,0.2952161915622532,0.4024262850404362,0.2303600166356683,0.28098096340286133,0.3241444551867132,0.26912689447778954,0.2976777025162131,0.3296870135600518,0.3285593378978551,0.28695383675871683,0.34553334035579536,0.2742711746559441,0.26097963850406425,0.29394063279451016,0.322849150742741,0.24179252728056091,0.29717253377005376
0.27866148542386726,0.31762251131868785,0.0,0.2551679153606688,0.2748516129107091,0.3262444815136564,0.24850087879219013,0.3036574768897596,0.25284481176449797,0.35234920487467825,0.31728706104163795,0.30316396656148026,0.31650170783578285,0.2413658798137151,0.2772503153669051,0.3853843276135338,0.3330320606450662,0.28453274010224416,0.25753279568362,0.2546180197929819,0.3388877297709459,0.42551427785038115,0.23384009588973087,0.27947610122628685,0.29122027562562086,0.2679990323641693,0.2353094055470939,0.2580667057456,0.2719794831381907,0.2513487693650763,0.2549737775056912,0.3131956276282989,0.2551637961912857,0.23106338336740925,0.2391003026639931,0.26122764528509995,0.2790771228680821,0.27788193054810684,0.2613571386490234,0.29019664241874843,0.25786095229975337,0.3146494634814276,0.2587801902081001,0.2605713474902688,0.2926092500428989,0.2618851321618782,0.2627596755109056,0.27535864371180374,0.27185707936300074,0.2635189146470495,0.2780091796279783,0.2950415209697854,0.2158252688076978,0.3003696236281118,0.2768833793032216,0.2430613985588226,0.2637978935416027,0.332860466098145,0.25480754938906736,0.25241394752326873,0.25652066323810613,0.2157550001402459,0.2985051889959184,0.2261963126894745,0.22551360793221367,0.24040770610923842,0.2417913015060266,0.29575038774775303,0.2674488493145822,0.3070475877040977,0.29477600152556127,0.21907012477825719,0.24352302162713094,0.3585367479274467,0.3234556705672846,0.2052779581168854,0.28193127702611204,0.28994138994167645,0.22567433733418765,0.19841313236764452,0.2693907161993551,0.2678219539087006,0.30376936210000727,0.2585983661766884,0.24089856898628043,0.3295140909492826,0.23261680853856542,0.21806047168535025,0.25303633985331914,0.2248817218001746,0.2820642112729071,0.2247632333851851,0.2752801170244103,0.21551540028751054,0.25466718830387935,0.2755575883957,0.21880671701680302,0.26365898488245115,0.20135832772193102,0.2659012622669899,0.20396018899181306,0.24937659088970107,0.19992301188709052,0.2696894663601514,0.24808132899439614,0.3097087060775302,0.2588181829988101,0.29052497563682755,0.26294874107946714,0.2944848162235436,0.268441967144893,0.22898540008516072,0.24066277312436551,0.24156978848156965,0.2379027684005704,0.32625013327951263,0.23416799918024409,0.3014364653643567,0.29097733843535684,0.2422859807552972,0.2684115815358787,0.2145167531854408,0.2220635603545509,0.29753104707266853,0.1953764450697472,0.314421084918135,0.23165383707784296,0.28252592407701155,0.3000194243571534,0.25736800243222085,0.2612411500816703,0.38035430811289717,0.19926245084789973,0.23639041897830168,0.2622942671060505,0.22054542883145067,0.2354264244894467,0.24478646057951525,0.2838857772666776,0.24845291325792276,0.2190026878766319,0.27637426017490513,0.2598719522843694,0.2561872639432006,0.266741957711884,0.23185431751734162,0.3236699535732335,0.2729210660545879,0.3399989397949222,0.22306321449375588,0.22342640590801066,0.22178384268603885,0.2601194089277412,0.2876263417877925,0.2977368843729053,0.2609125408109855,0.26574161810580454,0.32564732907674965,0.19328241347925018,0.2413782401794869,0.26344696271551454,0.21364329252082093,0.215570592508631,0.2892836883096192
0.2843648933619695,0.3009853575799348,0.2551679153606688,0.0,0.24594208736729067,0.27292552383833285,0.3192615902482253,0.30852059226047285,0.25207152043296727,0.28149292060243875,0.2860998824192891,0.28462850323428485,0.28486485558906,0.2963286721113491,0.3404947158151668,0.26604821847243376,0.31229148957608066,0.32427120394521514,0.32531102730989814,0.27801605511394856,0.34476480086114575,0.27103093840524034,0.2887779658194044,0.25457341194746425,0.30172821697103885,0.289450338599527,0.27186402563070505,0.29093886980098327,0.25987407249689615,0.21209177462255138,0.2998636637198321,0.29596380781820986,0.42806799388325495,0.29395473357416235,0.30477561702811373,0.333813758927507,0.2801234876580916,0.3308046155175338,0.3051969149034514,0.36563519910331227,0.3353964628145891,0.2763342638371885,0.29437467190244715,0.3065268776481004,0.30948305427960365,0.32593326677128004,0.2175656539237754,0.2503187696994487,0.3174484449589475,0.3248633447787147,0.41168764101998806,0.32742405205661007,0.319953339353694,0.39462154044374254,0.32609296207147986,0.2547510668799224,0.370145926147584,0.29499859570678927,0.34628247000968565,0.3704097388249959,0.33753278131792713,0.27411372389676786,0.3257539950826023,0.24494945817312358,0.3343176751795011,0.3290249066145787,0.34369154712843997,0.24806203659583717,0.28336956725166407,0.30708888321151295,0.2992826001685737,0.30111650670309176,0.2868786651116139,0.428449077283254,0.329172130627914,0.26072273192458156,0.34821091693490414,0.30233077905720845,0.30740148324114364,0.21416983619652294,0.2791439303056535,0.3812510699673892,0.25948742904265315,0.2887946569583685,0.370294309585706,0.3142529632258632,0.3075884280514126,0.34382724775828166,0.32191096857333146,0.2536961679771746,0.31528174603038134,0.31693842023070967,0.2980838581270465,0.2968603341093818,0.3608065155670971,0.25820793031444483,0.2689100824055099,0.29188582814723985,0.2661697444937512,0.3477879438425468,0.2823970625738373,0.3159511211813927,0.326554273212515,0.26903011374928826,0.3391247681616451,0.28925972811505624,0.3317449793485719,0.2684920972808455,0.3162815512369625,0.24286118428535408,0.3401208544262471,0.32315928707033403,0.34602253726046234,0.33763303511575443,0.3384842433878305,0.27989163259924443,0.3257122135874359,0.24949172437706513,0.293849468090081,0.29785227852989665,0.29719098623090645,0.33516301319724645,0.2727991043002223,0.3176757561439751,0.2478922680059034,0.28155201537733443,0.319399806865371,0.26841331588994016,0.31802142297859237,0.34988001679368724,0.23654275931878077,0.3118854605827743,0.2828740454506688,0.32986907267904614,0.28817427977585786,0.25016212876827815,0.20718385366185965,0.33831691030745836,0.30781833402774206,0.3261769674105932,0.34129932622257964,0.2888928485623825,0.396061229573849,0.3170502062514491,0.30088286768914174,0.2891787910410116,0.2936814970616856,0.2858141924783408,0.2604285644215243,0.2162840893698266,0.3364394914626701,0.33860273170012417,0.3085529445076395,0.23649467827519055,0.3319335725897804,0.305902602391364,0.261375224831678,0.28861367605853266,0.3478206189808115,0.30191532860743137,0.3093269550066413,0.29716043040487605,0.3010246249206145,0.2948311797996784
0.2691164949970715,0.24257748728873024,0.2748516129107091,0.24594208736729067,0.0,0.22918813946843805,0.2994452854861353,0.23284037615998593,0.2442551913619415,0.24221899925820317,0.2707975096907791,0.2380276300138587,0.24748191569727432,0.24519301204951716,0.2877284941431017,0.28921143090634144,0.2905345703784893,0.29843796439815834,0.22987830201960166,0.23970948417501264,0.293791906544575,0.28534724860931443,0.2867645009241813,0.25345869991959685,0.24468955753666313,0.24788061451443494,0.2530694922035785,0.22678898173514955,0.22208219277008706,0.2831790695869849,0.2546562131502916,0.24477541733372885,0.25017382041790553,0.22114740142195763,0.2832648948814005,0.2689800399732655,0.25581438350393976,0.2717510224234033,0.25146863955302634,0.2764923752409726,0.27160392064610267,0.29864435591485283,0.2752116376537986,0.27902141649253454,0.23006389160933308,0.2543061994089167,0.2886972254243796,0.25301926881876907,0.2918066435588218,0.2871881768364201,0.2884681435751171,0.25273015282836564,0.24222592351751557,0.24169992609810173,0.24002315192206794,0.2239057731008371,0.24885341256655752,0.3327126359576818,0.2510118403537554,0.260855167867457,0.19960934924760565,0.22651489022275853,0.25254226496555,0.2418645545685978,0.24421535482846593,0.20481969221142235,0.22408603781924255,0.25650256402111943,0.2445951824887206,0.27673003071259855,0.2669937141762598,0.24102331228342566,0.2199369048491837,0.2798708417616499,0.2464338272139186,0.20909583234464432,0.252804494222803,0.37501885010113123,0.22283089510273427,0.20615115505435933,0.245931510927654,0.2718082383611456,0.28202043279836175,0.21184033674043726,0.24424074710064042,0.253434492930256,0.22917479145633685,0.2500243072496684,0.23375686935678391,0.20592118909761284,0.3855561042241523,0.2746993360419286,0.31538985739376185,0.20253422216747022,0.25983517246356336,0.22490822025866286,0.18598027861053965,0.22936255215994072,0.23701219564197526,0.23238947516054556,0.2154134062577561,0.22536958781724054,0.23631736257908345,0.2247858447434235,0.24635820761270336,0.2671356383057511,0.23179911192459454,0.2658230294591935,0.3013973882091629,0.2321139125993714,0.2540867497550703,0.26951372570322446,0.21962734317819585,0.26994309297621893,0.23306986575456018,0.26683208399420255,0.23329516993301197,0.2535865539396838,0.22352828021080218,0.2546211933743102,0.3299867248304363,0.23351806910471065,0.2118319736276569,0.3007729013840931,0.21697720909293153,0.23177134031412366,0.23507420434474716,0.25654416576501077,0.22470282935734148,0.257185961728226,0.237348135313065,0.26892133281480113,0.1927062909285609,0.2431847722484763,0.21804822178501715,0.2401274469355052,0.22176337950309596,0.29635419704287846,0.2536448814056599,0.29830610219872333,0.20430620059405777,0.2645584462612229,0.28438096031029964,0.26085415686454366,0.265095190588196,0.2505189685361051,0.29329369728699217,0.27037500137680964,0.23994217088642814,0.2069001198692924,0.226685421054241,0.24227657359543764,0.28116531171725284,0.2645468873729003,0.27387674452792954,0.24790726905321878,0.21481007374123898,0.28381640795740387,0.2168320096074618,0.23236997993988717,0.23028094955154044,0.23207194439966156,0.23861425819960075,0.31436036004159484
0.31335152807781735,0.38684667691940344,0.3262444815136564,0.27292552383833285,0.22918813946843805,0.0,0.26181461369182796,0.31707591927451956,0.2564906498516869,0.29442136175429456,0.331257358937746,0.3255674541730539,0.3790375328211805,0.2360990975302288,0.2988740189295893,0.3288692455785723,0.2977283129851733,0.23939611504754527,0.2967888673844539,0.30181393354874236,0.3268189156758562,0.355909533347765,0.21679615968009003,0.28114609289762893,0.3440104608983136,0.24074115833788484,0.214003381798829,0.25248181590581087,0.2756601036453906,0.23164378909588715,0.30221931987703776,0.3595528398223695,0.3085732928110813,0.2480804807842099,0.2726447586107231,0.2601348524434626,0.33468085561992755,0.257559471153254,0.2724978620232406,0.26477728994250715,0.2718430743154302,0.30921960819433786,0.2560625459688176,0.3221611719462107,0.2881523973260739,0.25400817269966836,0.24207895048860545,0.29417460313365984,0.24932093180713358,0.2672883905606983,0.28722143684260204,0.3148864432486783,0.23539589311455605,0.32792265673630233,0.2681442988199124,0.31111359856881116,0.2770033343939292,0.3445015478573851,0.23744076468500525,0.25372602715297077,0.3495228057086345,0.2346555985229723,0.3051066156895138,0.20309728989976839,0.23464301647097316,0.25448726433015406,0.2810698188668,0.31854606569992144,0.21988215447371162,0.294083604334689,0.3109018198363299,0.22094835536522606,0.25958691275627005,0.3173281810743634,0.32529518497109133,0.24279477606935695,0.27442461256851525,0.2748624234782127,0.22920396510544339,0.2592026206404857,0.3349722413622103,0.2763430578221556,0.31211529918278297,0.2966692250359369,0.25277917767352537,0.31500954239831763,0.3097444110638944,0.2291837312767675,0.27541169413643174,0.26830745388870614,0.26430133019721014,0.27641593200915626,0.28322099467810236,0.2553298578613875,0.24686434744933974,0.34639458492937514,0.24372006879843144,0.296588294507712,0.2068899453594033,0.27623808633777863,0.24298849746098958,0.24356700914692828,0.21180396954852856,0.24450627233949432,0.2594904540626287,0.30530732470777405,0.2746594216852018,0.3017639517612227,0.25411921757489186,0.34733913354034757,0.30396405258333903,0.22709997801594214,0.3318294324490781,0.24793075983060495,0.25206483591109413,0.31532124639090486,0.27891310222386034,0.23872334873319134,0.34942062740801694,0.23968532979078971,0.25203653294507095,0.23924734757954927,0.28152363716451,0.3224028236608418,0.2562243198058983,0.32518102885853545,0.2503123593893066,0.27684706990723706,0.29005926665477366,0.2389525423176302,0.26612056762687897,0.35424643890544094,0.25181339872511743,0.28201574744682373,0.30423000467727734,0.25221716080692574,0.2885718397861495,0.24448273691477193,0.25630236311511917,0.2534427569002987,0.27145115905098294,0.307213707132024,0.27369069605458396,0.25122121249377255,0.29995293794861577,0.25053678390918455,0.32982810530248036,0.2917759042528888,0.3068853044021146,0.21287140657538947,0.2630561340626631,0.26342408828400726,0.22965483152300514,0.2516757157338857,0.3307536148937797,0.3092791680108949,0.3004237894728921,0.3546318118498621,0.24698464081504667,0.2644231813809013,0.24324059946780727,0.28881261240567047,0.2170937022726145,0.2988293366899912
0.2814763406498915,0.3000647525868938,0.24850087879219013,0.3192615902482253,0.2994452854861353,0.26181461369182796,0.0,0.25962251466407726,0.245563441631088,0.2869593029470956,0.2664061124825171,0.33119248946022856,0.28506708576980716,0.2583382669123597,0.4128657927845775,0.2553041667835379,0.2726456471074956,0.2914216790322576,0.291976914440137,0.24082900842389376,0.2996387348706385,0.29481501585166164,0.36968059984108453,0.31975331883322616,0.3083209082058403,0.27168253096512107,0.26792990022971236,0.2469591400561058,0.26213132885919493,0.2652588131718661,0.31723998835191564,0.29376787533042786,0.34975983763372964,0.30474335846286704,0.269528758457901,0.26470733361473775,0.3280109440381828,0.25812543789662024,0.3032397585778383,0.3601881549529291,0.32031753116064454,0.30035535564967186,0.3057227757605874,0.30979011978097526,0.30551280581097195,0.31226908980601203,0.29962345435102217,0.24636316193089558,0.40193825411730116,0.26446734449104703,0.35440366407122254,0.27016296237120724,0.25105942357788585,0.31417819316393214,0.31281175641236025,0.278141805235837,0.2804702693278565,0.28619844983575427,0.30816563432407856,0.28332050585461355,0.22950145008643608,0.24158483898533964,0.24652176299255513,0.23742767408353746,0.2678932569870169,0.23347622899583512,0.2880034191252886,0.3141459633510987,0.2383201976640725,0.26824003251168815,0.31094444597452253,0.25830805709720356,0.21612528008879356,0.3332131797057723,0.2276242009259725,0.27171773453838977,0.3425083143984623,0.3697624936830657,0.25241037259899585,0.22264536480419636,0.276652716160147,0.30981778257900755,0.314247252116966,0.2149658803336062,0.2603281358087985,0.2872076771449494,0.24512530645363204,0.2827297314405721,0.29704556805506455,0.2560840172907258,0.3092007782044272,0.37655070691975695,0.31009307799302704,0.25735177971407236,0.27944567982025637,0.3094861777735491,0.21245483267321572,0.3094728806061589,0.2459322659958695,0.3037758721951138,0.2652147311797212,0.27826898331047817,0.27552882212930846,0.2786478828579063,0.24660181078745352,0.30508109728155336,0.2553235339292487,0.2763033382086893,0.36615143383131543,0.28727906139331855,0.3675340989985942,0.26744222173920723,0.24591732878817302,0.24941567760238292,0.2615324088915594,0.28069339822521594,0.2792212075590188,0.2873230902031699,0.25036701265524847,0.24310552004609903,0.2824032667524314,0.24811874600831854,0.22984878544346776,0.3832831245374593,0.22487621011558925,0.3114281238325063,0.23881641337258924,0.3230798692225,0.2522567843900658,0.30254969764427636,0.23442680669444063,0.24177591601496567,0.21561446196116393,0.24720740800607108,0.2339248603631524,0.26964628055366185,0.26384416151623064,0.3413583707197744,0.27583636197475103,0.33137038496762794,0.265121724697929,0.2627617846047024,0.33336872611857243,0.25094217847521644,0.30152266715762227,0.32797501689290526,0.31598253456216063,0.3351524464505938,0.26489796273847305,0.19344173209566543,0.27064060001011364,0.29947386609713755,0.2642143649780978,0.3108462764645769,0.3573713181546111,0.30835555374508306,0.2795219850647311,0.34372951173179006,0.2843562473916941,0.2910354031029264,0.28045338970231104,0.2578776906123164,0.2723478434349711,0.2914493980761676
0.30336236469193406,0.38012510450351955,0.3036574768897596,0.30852059226047285,0.23284037615998593,0.31707591927451956,0.25962251466407726,0.0,0.3221046114745121,0.34614832191467976,0.26881445983389085,0.321897066425073,0.3328970361832811,0.26198320668114544,0.3154801421542668,0.3142365952458602,0.30976450890268126,0.3040184893884216,0.3110420626341149,0.314409146380595,0.3323359626796641,0.29270298661811683,0.2762266776827036,0.26179916288392147,0.35334405828849536,0.2509257825103824,0.29520213868067813,0.2934075053107292,0.23134280971420718,0.24969474589551222,0.4045027755470348,0.3342783550924428,0.31598286868803255,0.28836925495389804,0.29836829083313443,0.3244353838521815,0.3089730517667597,0.33951267361820614,0.2867338752723961,0.3095162497515723,0.28878756266403777,0.30657473540838515,0.29177237570341374,0.2629769276455057,0.41795669564786403,0.31227224863220643,0.2628763935987601,0.24193336750417363,0.30686842423086846,0.2970019280234534,0.29542775747069855,0.2736720756402397,0.2645406221146368,0.2925972206887777,0.2863750279471975,0.29575996804995863,0.3058104497182566,0.35335785899499844,0.3160062363167818,0.3081791641944959,0.3634588486567056,0.24062466061239574,0.29951547493996294,0.2593528938806228,0.2599750179453344,0.27308887655592134,0.2961774554709308,0.27045070782855724,0.29406293959841745,0.43053528896950677,0.2920798479634463,0.2833440613054769,0.26537346737965456,0.35684030703693725,0.37720236665724893,0.2574024313402511,0.2988086168483126,0.2799676415315315,0.3131272103782724,0.1952467840416477,0.2678949355586461,0.3185120532905211,0.31764049655581006,0.32106202058595684,0.31971778996044586,0.42830881580598146,0.36260055223071513,0.28861499828085296,0.3731394082745542,0.2890369085844872,0.2683558952154304,0.30435549272448464,0.2835145354907066,0.25359652663703985,0.3078483317330164,0.30060568822682937,0.28392627649971863,0.34497152369585005,0.23716313458348,0.3523957010242292,0.2534831195047385,0.33449454826454733,0.252803990040189,0.30016804446996126,0.3355546370906759,0.3315104309264462,0.30839031683188883,0.36326334284930667,0.29437431719945906,0.2813799768506456,0.26757678385754874,0.2833244794457802,0.2946256674492076,0.30916921337039177,0.29981820876511484,0.32787294403811684,0.32385139468556035,0.261749143467933,0.25674657909590215,0.2766197011501791,0.26580717159419365,0.32806071057056335,0.2542376077348455,0.3001113690456005,0.2379873736968855,0.2844613355158848,0.26510607390402363,0.3463383562688791,0.31278795135522813,0.2965181693495999,0.3386936950953382,0.3091944459595063,0.26910102174481637,0.2769917768218127,0.28987030939619596,0.22755620816878955,0.2699238514749397,0.2913699757401731,0.33731106030608443,0.31842055298942273,0.27259678940137316,0.28267687225539573,0.34295365003079314,0.29809662051838354,0.303637250178917,0.30990318337998113,0.3492815951245807,0.29762312315932576,0.35899254006485365,0.23002046936852916,0.3139053165499351,0.31033530324333286,0.2743684963130441,0.2779452254801991,0.380923049928944,0.33767145242860724,0.2593949563763321,0.3348724571634401,0.23532190025977806,0.25742421331785204,0.2814386362094267,0.2863021488404139,0.2652274585342027,0.27007081327449045
0.3452958982841619,0.29225947975202,0.25284481176449797,0.25207152043296727,0.2442551913619415,0.2564906498516869,0.245563441631088,0.3221046114745121,0.0,0.2629207187186076,0.24024820276499198,0.25124571081238906,0.2675242952834147,0.3146856112698828,0.26938781504339115,0.2637486589538085,0.26625740052366637,0.3386077001760374,0.2415543789183781,0.2998451373290683,0.2554009044404309,0.318059154261403,0.24148629594778112,0.22725172563849366,0.27697084228348356,0.23279703411597752,0.2872965456932476,0.26860681080738913,0.21011367328177122,0.29631688943859996,0.33964940133800314,0.27649647145045425,0.25744871078340664,0.23821260705859604,0.3108992665980986,0.24807116749741323,0.2562051392996867,0.3353983131136631,0.23636375919826624,0.2626282151708769,0.23029530528752395,0.36044603694887956,0.24199128548873008,0.2400565187584693,0.29343272301606843,0.2662104159744976,0.24195406198759928,0.20530332284689554,0.2664607404893273,0.2712415438372807,0.25514256039655114,0.2523914567383406,0.2692640469506827,0.2401485096414032,0.22845409585186077,0.34158270498985355,0.28727819483950057,0.27499310479020883,0.26844478816060835,0.2545847086311804,0.24133741949193163,0.25440792239537585,0.255841480341577,0.2505811495759546,0.28061501178486986,0.2573634933027528,0.29455119059027574,0.2779771368139542,0.26306228261374015,0.3273445859840059,0.3224160187969527,0.2870425127881327,0.3077039621231092,0.27017818678349936,0.31805681576408373,0.2617970858271445,0.23112803085103217,0.23039317110492585,0.26832899693159473,0.20383856478156787,0.2454132846233492,0.35935274268134076,0.3308259577211835,0.2568002700955921,0.29545600616000556,0.3633481323376328,0.27842217232621674,0.30072634787563424,0.30028875636202185,0.3597103441049353,0.30106427004407077,0.32358253595048464,0.24583142837978195,0.2497050042578669,0.33791658745481257,0.2795805911381004,0.2625776799825631,0.28765249722707037,0.2918478304256206,0.28736519808297867,0.2618466945560402,0.22547588380001712,0.25435938192582774,0.23703018085993782,0.327019832404269,0.27243594361449125,0.22409602497666858,0.29994545559528046,0.24561368011749776,0.22306384619437572,0.22343980315027154,0.2998854032017094,0.2790009464275036,0.3405484122050227,0.27006875317770485,0.32127216040236345,0.28169956556904263,0.2379199068649131,0.20365369205619188,0.3247078879893505,0.28002880798760477,0.26736045881977166,0.2522769338523005,0.2803920889285399,0.32086845211205256,0.2285635558083663,0.26868189331720743,0.2520826408399053,0.23070238078268535,0.28005740329848905,0.42006479716253314,0.28876456901058173,0.2618383710950885,0.34778980975944934,0.24009701141099551,0.24579958206294886,0.25758775895645275,0.2663404212417278,0.2820077248837638,0.2873788805478145,0.24867933956328356,0.2785882434308533,0.32523705781905393,0.30162021673337935,0.2645318794359592,0.30204836258564305,0.35669345513135875,0.24384484267474923,0.28700052805056575,0.2183532159351625,0.30585147203957064,0.26721652166719184,0.26084663636358696,0.24706504323668926,0.270639516181297,0.3121316128633078,0.23910358597377304,0.2760760010299582,0.26273610079148696,0.2604068364809899,0.23514504489263036,0.30926839122753436,0.28677156991397884,0.3072890084917053
0.290818521292485,0.42221420997076897,0.35234920487467825,0.28149292060243875,0.24221899925820317,0.29442136175429456,0.2869593029470956,0.34614832191467976,0.2629207187186076,0.0,0.26054190362820456,0.2965320121174459,0.3047621381096995,0.27135985465450885,0.2906283150838881,0.29127547771007906,0.2851624436106524,0.3138321323775255,0.2800049530043398,0.26923138679625075,0.28079827548307984,0.30068048455719726,0.30753988066696547,0.2590368639645472,0.4095951252643872,0.2327038074461696,0.2639733040177324,0.2693554615192358,0.3456304510412657,0.23245842699079444,0.33454650567252425,0.325574066160591,0.25867323074966025,0.26561368831297005,0.2853421363260386,0.2709933798080361,0.29823499775398976,0.2746252211160452,0.24341527362037302,0.3028759664756821,0.2442748348663757,0.30886163809771167,0.2553263433905158,0.250198911961568,0.32028457362681045,0.2694190034082248,0.2515834051191684,0.24764757162939632,0.34311766150331696,0.24044599974740366,0.2661829488965141,0.24646336522348664,0.2407634769506667,0.29102693074928393,0.305049000571264,0.29973395599523245,0.26328422451870503,0.26534412713389466,0.3118448688767615,0.26829554456047355,0.28269077790797015,0.21723155859296495,0.2382001390827256,0.23430188829105486,0.24266265713863175,0.242882121873759,0.2631082565270872,0.27154755617254256,0.26688712417295074,0.34113795937500974,0.2598139943280181,0.28023854933067754,0.22821537555549876,0.31719566929403564,0.2893407305586083,0.2651957220237935,0.25646304234336653,0.3053832792594849,0.2370403012901992,0.20941324133339778,0.2721290342364868,0.27056311237967856,0.3261136551578925,0.2742066959216803,0.2632830637251914,0.33192100523027046,0.2710889729121801,0.2663422688652301,0.31800427273380044,0.25021620058055405,0.24813218254268288,0.273734604345187,0.28067191617807047,0.2329644278809047,0.281109558452104,0.3282449281501155,0.2104066132750428,0.3072959691083452,0.23074176625745257,0.30973648843058943,0.25475644352475085,0.2615648932631385,0.22761497220424254,0.3318803840778523,0.25113231620382104,0.26821369572702247,0.2514735368003555,0.3792673652445083,0.27950735062781606,0.29295781339289195,0.2615940668518234,0.244237656669092,0.2685219194098168,0.2730838381615767,0.25836741883129694,0.3021060384151464,0.30497212822459596,0.32469347420917316,0.2708355841599034,0.2681174896053902,0.2405519244830758,0.24309998887124404,0.23317867831508032,0.30510773759751636,0.2280330492194584,0.34299665712587785,0.24090474943367196,0.2715230712972388,0.33724663122510445,0.28099985949648376,0.31470179832684525,0.2603720350912064,0.23732540492707102,0.2444756781743505,0.2554557848408002,0.2290321558773719,0.2658232711985883,0.2848958244411595,0.32231607122204836,0.2809405103661517,0.26256014458304083,0.29756395355779747,0.31038007417253205,0.24451426432823217,0.2855615995157325,0.287697257114607,0.26265179692938556,0.30919428791093473,0.45943641637927596,0.21926163649350755,0.24832117450511912,0.3124758585219722,0.24146317830293984,0.2853077830711528,0.31778748338892343,0.29668305605340706,0.2424323828532223,0.33146306783734625,0.2503545245658242,0.27218932307096166,0.32740240135535215,0.289604458329661,0.25354305122231274,0.2578920518140838
0.33438736380594036,0.29853580581213274,0.31728706104163795,0.2860998824192891,0.2707975096907791,0.331257358937746,0.2664061124825171,0.26881445983389085,0.24024820276499198,0.26054190362820456,0.0,0.3047523355527419,0.35799284117538216,0.26422421130409884,0.27611272844762924,0.38820095398755167,0.36223276593248155,0.302317910159798,0.2987851148060824,0.29607460195430335,0.33567736556134964,0.36837493400701843,0.24910713186061179,0.3020109313199158,0.32997345383764237,0.28363984988015095,0.2553510560765501,0.3117725024006899,0.30618311434345713,0.2552421149773999,0.2664125920118089,0.33877593704093717,0.26810129031297136,0.24675576459146112,0.29972617272459146,0.2877147626930134,0.34972490372112586,0.2993806508569394,0.32042982894930144,0.304583042189999,0.27106475157753424,0.3000883180403822,0.28917631499478486,0.343390915485535,0.2767378094583175,0.25702686717486967,0.20751902787463625,0.3725206231825301,0.3150233718908355,0.2675209266435905,0.320873058674361,0.2733377308376064,0.2285301172792824,0.3399791875545066,0.3394157175232739,0.23019104533240206,0.3093749432680383,0.3612905013615416,0.2784133843496373,0.2741143229523536,0.32381739251648334,0.206488058317694,0.3104346979524327,0.23361688537537348,0.22410976178170078,0.2547153443054612,0.29219828979601414,0.27733200935988045,0.28571649383229686,0.31410269087341974,0.2987397657122185,0.23698871794500556,0.28644234884234804,0.3525185374724543,0.3389374048508477,0.25167862071646624,0.33952705143556644,0.2832066195994458,0.24112500684277763,0.2321726776198296,0.2950184554371993,0.24801121042814261,0.272671686639919,0.29846964713392055,0.2531400719790411,0.2763671672472796,0.29811286146028454,0.24534407021296578,0.24825665235469932,0.23405156092533033,0.33973541914079647,0.21811102389590767,0.3439872702426563,0.27637613991233045,0.2597770535857787,0.2796716223226748,0.2167975073125688,0.2275746244901037,0.20707391796592517,0.25516975488545063,0.2721346849085711,0.28114793109136166,0.21992938398643927,0.21977258051452825,0.26388631971569554,0.2541859003134075,0.2582599146341488,0.291606768131581,0.26104346838726944,0.32358344840061526,0.36002036732299436,0.2490190868219373,0.28846931470452924,0.2740495712833452,0.2673621014179956,0.29441414839801444,0.2674075490095764,0.2966607356452336,0.3220353711752119,0.24399194173422775,0.28845701158736703,0.2213365790598003,0.26632583741009125,0.3243094307412091,0.23717549034159036,0.32892425856631113,0.2126951621193173,0.27643125565794363,0.2883567959699338,0.25900720562469004,0.23009857992537602,0.32824973902554605,0.2738445889306467,0.27761456123377365,0.3456279041513739,0.25414792075031434,0.26888411057151707,0.2684887686138199,0.2945382661991007,0.2785642146366292,0.27359892033311234,0.3091816383644691,0.24841297562115003,0.25684472871507275,0.3527937255422192,0.22884173032612184,0.2672543738601774,0.26362442389628493,0.27155431469824043,0.23379709550146907,0.32533339548708573,0.26029750561708026,0.33944670158877116,0.23778187902698522,0.2876540942225091,0.300614066855682,0.3025975183739722,0.29744144952767815,0.26877620602163843,0.27066586443379864,0.24424865488037772,0.2868493495712228,0.2106855888498551,0.40101140072383845
0.26863084962155775,0.34207985813214237,0.30316396656148026,0.28462850323428485,0.2380276300138587,0.3255674541730539,0.33119248946022856,0.321897066425073,0.25124571081238906,0.2965320121174459,0.3047523355527419,0.0,0.26525356488403223,0.19701707113010825,0.3176922273984292,0.2993069067824131,0.2911532429966316,0.24675609209075708,0.3601472293265679,0.26010836567903745,0.3441613593974881,0.303822650896651,0.2687139178383491,0.3060668127438521,0.34777159855634915,0.24478833219336732,0.24840906008997643,0.2405927840498682,0.26044201183229526,0.28040768779369185,0.3230864159397401,0.31066809851165916,0.30427044319631136,0.28683393714833494,0.24152610653060103,0.2835015318908882,0.2974548877672361,0.262449215948609,0.3596586447481606,0.29457226385481755,0.3048771182873617,0.2841163331637393,0.2930012957318941,0.2930996117867657,0.2994736981289476,0.2932019970836087,0.28102742656240637,0.2738703980025455,0.2945039370787922,0.26841640664055333,0.33149501789806435,0.2906555240512664,0.22425252484771477,0.33858391682201266,0.3473538454742952,0.2528002253319991,0.3067962212655976,0.3625841423556388,0.24109323341535605,0.2763465644586863,0.24487700897210746,0.21259777456324963,0.27511139312808247,0.2180148133627645,0.23246761844581065,0.24053695685264978,0.23361623005805757,0.24849061872878433,0.223741534272889,0.25923568566356897,0.2668198856965865,0.21921024902856745,0.2102612122880517,0.30719634933506973,0.271251427296159,0.2295372585286588,0.28573387939762535,0.3070943829436851,0.2508422829812167,0.19741935514420084,0.24859497973910577,0.2823681542811697,0.30716260537599344,0.2220355686814275,0.26448354903255117,0.30871042558844347,0.23702704134383815,0.24119283365316693,0.2965630471200297,0.2547901761790548,0.27835700102528016,0.28025014504469586,0.3040863659696564,0.25383436235123913,0.2327785201675649,0.35418446979392665,0.21822525304861107,0.2939952935477988,0.20140019763790507,0.2680203097090853,0.22045217035720813,0.2766325070012019,0.244968576368276,0.32200929525107586,0.24673358753188296,0.3009363753603764,0.2863060913652776,0.2770583103708356,0.28242477171180863,0.3307398721509942,0.37719942062330786,0.2582146789290486,0.23014266289779484,0.24532715779943975,0.25633755730376945,0.30201291445656187,0.26749583392225806,0.3138011901253009,0.28095071294004353,0.2149159521062004,0.2501090952358022,0.23410713167300964,0.22511875465015366,0.31884716653773537,0.19197856997395238,0.370768888914342,0.21740319958660956,0.3440922782167271,0.30944297950517624,0.24596656738608644,0.24329235741659694,0.26884101584699815,0.20422430086654078,0.2462391736053689,0.2706771046621543,0.21288832863482154,0.3005321839758264,0.272906776078625,0.27161450677529436,0.30495196772931543,0.22700048108620866,0.2498350513201135,0.28462901736090684,0.24823859018899253,0.2908404939668919,0.30106992770974217,0.3732663295336596,0.2847948620188603,0.3241009575925038,0.21544758801138952,0.27746935418609486,0.26776273248587895,0.2768635768138494,0.29467462937867445,0.38954047140032394,0.2581617496468124,0.2544129904946743,0.3419275179364674,0.21591362921762525,0.24258761868825462,0.21700828486466867,0.23287613822618014,0.2189445434124522,0.2773555753831369
