0,1,2,3,4,5,6,7,8,9,10,11,12,13,14,15,16,17,18,19,20,21,22,23,24,25,26,27,28,29,30,31,32,33,34,35,36,37,38,39,40,41,42,43,44,45,46,47,48,49,50,51,52,53,54,55,56,57,58,59,60,61,62,63,64,65,66,67,68,69,70,71,72,73,74,75,76,77,78,79,80,81,82,83,84,85,86,87,88,89,90,91,92,93,94,95,96,97,98,99,100,101,102,103,104,105,106,107,108,109,110,111,112,113,114,115,116,117,118,119,120,121,122,123,124,125,126,127,128,129,130,131,132,133,134,135,136,137,138,139,140,141,142,143,144,145,146,147,148,149,150,151,152,153,154,155,156,157,158,159,160,161,162,163
0.0,0.31360354335540025,0.23957102869659508,0.2801495538095094,0.3587540216421778,0.24559268159159234,0.3275499566028824,0.28053101473357905,0.4191837085270227,0.24123892808397,0.37290988624536925,0.29887345698407536,0.32848675650086967,0.3406723020760705,0.30934641666831697,0.3039059612156429,0.30893878713876854,0.5203196506834038,0.29485120152884425,0.48032846590036743,0.3537218139716809,0.3636898187060724,0.29814390789888257,0.42267575698333487,0.35341221404235856,0.3111669865751872,0.27570895599372397,0.25753517899104006,0.26210172342063776,0.3038345705144476,0.3695724612189119,0.2900542500770753,0.2877829757264996,0.2853723653799755,0.42125227203970517,0.3609592152685647,0.44798434494268435,0.36543871955307106,0.28830261246915106,0.3660535605918791,0.3112960335501121,0.3207749825329013,0.4352706462063179,0.3820388111205056,0.3530840994900219,0.36732621973033597,0.3289327010161905,0.3930501732484706,0.39800528824130327,0.4109124409981779,0.41885447274810456,0.32792638320006945,0.3694926190589944,0.32018072372243356,0.3360109374052371,0.29506883947152196,0.4693230445611649,0.29477717692190814,0.3571198066385186,0.37949613986155034,0.2748139375336447,0.27537618685315807,0.3476389050672357,0.3213942173228286,0.37690898296055575,0.36720344893534185,0.3341202092750054,0.36321659516302307,0.2870942283390738,0.33791526301642655,0.48363446892549167,0.4394465402085282,0.33760326902044124,0.32690552998263883,0.2780778325519967,0.3949369796516887,0.25651286041660776,0.3347201806833483,0.3284734556620321,0.2677817877752569,0.2578641846422825,0.4495060087413267,0.3431733675077573,0.26962371451680117,0.34740176550041874,0.34002368311458947,0.34028366372277985,0.4324648958799381,0.31354152883517966,0.32749551029718477,0.43664508173397115,0.3851695053942242,0.40574642312068676,0.40827049270876703,0.3697950068520588,0.29931211982380923,0.2807909557717841,0.2682551707539162,0.369859639811021,0.32369054973548284,0.4025871347136009,0.2800012882812034,0.32004412997156506,0.25231647915818733,0.4430982115558462,0.2976214139771593,0.26609642830090746,0.2691311296544379,0.3472588124377471,0.35064443237807624,0.34684313907980246,0.45942726907796405,0.3037636492311102,0.26957200569476636,0.38567559365997256,0.31690517799614243,0.33097894612579976,0.2986985872042248,0.23170853825145357,0.2836655325079411,0.37210468478305325,0.26234866529178547,0.3696118597931797,0.38758973445636297,0.3488875041770895,0.28419753124333264,0.24477857054564964,0.336512833836401,0.2531934018642379,0.36810750292174066,0.2544224634924936,0.2485168379476598,0.3041417857847316,0.4177434325621218,0.3277274488202453,0.2853024831648486,0.4173625816676849,0.3697983848580987,0.338669332827902,0.4097367642778248,0.29695667764728867,0.31844777135858987,0.40990051793700405,0.3197330997664574,0.3902397362698957,0.37394563971118855,0.3406557190186456,0.2405430829327217,0.3061705861281379,0.2023570619144206,0.5309076617945682,0.33052722473446866,0.40391465097210333,0.23820289685151658,0.28630051868051243,0.41859458058178345,0.28326855465106365,0.2773214846243291,0.3865808374059863,0.2922044989379064,0.24271768690803142,0.46974429135045404,0.24897583145752752,0.5731803120212
0.31360354335540025,0.0,0.33956048285662305,0.3225340697172225,0.2966622445157029,0.3573415553225688,0.3050559150727412,0.39201760630203863,0.2985496245547508,0.3507316341326085,0.4549767097584709,0.40836398918700273,0.320330298063386,0.3926585714096575,0.2976613424635821,0.3453098743393401,0.3146178612790507,0.349576788009615,0.3507623670809748,0.3163965149620855,0.4255351964675866,0.4496774559321501,0.3032645048705403,0.3469894211522655,0.4333761533633423,0.303316446701837,0.28282150568194886,0.2677643942514392,0.4405546203720969,0.3089421115219197,0.3349411897060255,0.31622752991280706,0.38840259342340105,0.2704737423208864,0.2933845068738233,0.3722090844461197,0.39679595122442574,0.3606527340165965,0.3140813663419753,0.34372480820124873,0.3577285521301356,0.34757163593128565,0.3016933378005625,0.32258413342833814,0.44062058499451606,0.32086353357189323,0.32916265460438227,0.36426018085913603,0.32115692524732214,0.2901861822936866,0.37393087985461543,0.3152270856387251,0.3886408011444535,0.5197526974565201,0.38123626471534267,0.3101744980287381,0.33911195771448005,0.38395076249092025,0.3759924658902704,0.36592207571276353,0.36492597957665496,0.2604242923021528,0.35264304374997096,0.2712392822791767,0.26348638810211045,0.3148169093619169,0.33752339765627487,0.35525496795926376,0.3284810041242114,0.42762650054899415,0.317271192412187,0.3054553489354924,0.2814568567682518,0.34468745278120794,0.34714870589207364,0.32048103151120566,0.2776820489777682,0.44043697820043504,0.32523783110083054,0.24632865011080954,0.30254554605604694,0.3080291348214873,0.5022577903786786,0.30559692289293455,0.30525699789362354,0.4042075249957081,0.3542773949787064,0.28606265678606696,0.28172488277552077,0.3682017883945623,0.34126394094513907,0.33236563710482414,0.3502590335839225,0.31988263976624165,0.36129039493418635,0.43798715867296,0.33689779776386825,0.3025306465798804,0.25642587338065526,0.2971170998293504,0.3308009327005527,0.3046331260726509,0.28436100986469864,0.34857218960103326,0.33793419112458434,0.28705978352732087,0.28278174383271465,0.3502744045400081,0.38134006187031555,0.4660262808476957,0.3666952797059245,0.28904299924678717,0.29044144907037195,0.295053169825647,0.39735151734110086,0.33854285487177044,0.32923828531116345,0.2506180586585323,0.2976241275051897,0.2856743683376065,0.2716854281766061,0.28456155637004554,0.3165609822414449,0.4344926920478153,0.25800992817695434,0.4794473858996117,0.2407943731562154,0.45254185677432857,0.3753042778136368,0.29958583466421257,0.3032473693787713,0.2961320387264616,0.28175962356764245,0.32404905783723126,0.3368229951070614,0.24222353265316518,0.32363894313443686,0.2856062042418854,0.3875012313600578,0.325496075828715,0.39581382836074885,0.4071098159162438,0.4001349720929901,0.3444248511079013,0.4226948205830848,0.2828742077478895,0.31673841834701516,0.324560682573045,0.44356311416627303,0.2546631230884929,0.30087373501326437,0.44189201785986193,0.31382660638479065,0.3437582849977647,0.3805449335135596,0.4098369898533715,0.3078667225718424,0.3531916468018876,0.28338490899590085,0.24762648296204773,0.3053482682558926,0.37069943004057876,0.26719562637847566,0.32938161594481924
0.23957102869659508,0.33956048285662305,0.0,0.28945739571222057,0.2274062501560644,0.32886939775279683,0.215702975838365,0.410767230647736,0.23227065016900325,0.44156246057047477,0.28913396507443573,0.27476024555176526,0.3628933875318,0.2907671469373764,0.20696504996823809,0.38650670537999515,0.359958674458207,0.27520127580850023,0.23271607400616648,0.23098012472981186,0.3400375296166729,0.32340366222360645,0.2442291577144734,0.23129695565722666,0.3120202634161504,0.30593316332037823,0.28743231798619334,0.2717834453371858,0.2890474181787041,0.23459100057039903,0.22042821668561122,0.3376493328109115,0.24853873262120746,0.2644428624717418,0.2156287591533348,0.3021996635980362,0.28390604186207574,0.2915031206165526,0.21908604237696444,0.29132724351571154,0.2636735584674139,0.3710109052009789,0.24312113208212724,0.2280816795026147,0.3278073802198845,0.29220047823689355,0.29399487301726246,0.25785506943843545,0.24598520739067836,0.2451218878701031,0.2667191921034711,0.31131922193342887,0.25166838959311816,0.30795486081238027,0.2851128163995954,0.34303782641331115,0.2443693622917886,0.3244029763801427,0.27636923021786775,0.2765969579438114,0.35090120912876843,0.29107271603832763,0.3209334848440417,0.2614970417820107,0.2141712540488309,0.29018933344707415,0.3014667782988681,0.2899310366725379,0.32357885917212137,0.33465459676751613,0.27123496576595046,0.2333402215452902,0.3125531023522424,0.3814038350764957,0.3847997565757076,0.2364893810656483,0.3036061210264663,0.31846225561490454,0.2671735286572321,0.22928307412138552,0.3434543518777386,0.24593958286035233,0.2910526000409644,0.3730149814306145,0.3019109591166309,0.3372362329706823,0.29891730824319507,0.22498668335493466,0.30223388051334277,0.2789742879826368,0.2648373553673128,0.23898046227177341,0.25241102593172826,0.22483073693214786,0.2994232816103408,0.28352339403528687,0.27442829541356073,0.3544265970666527,0.23222724693606892,0.3178108495911142,0.2209686002777989,0.3181030308394344,0.2385878113224318,0.2961831880282174,0.2841276582981686,0.3521367551311401,0.3215613108126373,0.3304224481889708,0.3010014408025542,0.325564334674788,0.2573413433207907,0.2521646535577478,0.3089098417783243,0.29876283562068057,0.27406198557890044,0.32378664288281983,0.288862812089497,0.23511082196727315,0.35325595030218687,0.34689781100533384,0.21518822477801927,0.3057192090326908,0.27408957474976936,0.27184798690378353,0.19853655527127093,0.31512622182370725,0.290572368162406,0.2998631978302493,0.43821647416966186,0.26341644680902704,0.34753636647024666,0.3813738634490248,0.24498915139879404,0.22999152220498414,0.24787193101558128,0.19620750843028878,0.22121769785760464,0.21482145653236784,0.28288506279047354,0.23300016451740535,0.24773332647554186,0.32512099384820625,0.28443441552777854,0.31596484582831796,0.2904636794108353,0.22500032744173046,0.25396295666015034,0.3109205785526544,0.3828227237664649,0.32025504178538405,0.2076718963188571,0.2518811123631371,0.23939837239398665,0.3485100727543901,0.326867365970579,0.26518579400066694,0.23487369337872901,0.32246509635804727,0.1928964019231915,0.26360720980967023,0.39007776759744495,0.2289180091008106,0.3058344214047065,0.22771706106084122
0.2801495538095094,0.3225340697172225,0.28945739571222057,0.0,0.2529596649020468,0.3158809303218393,0.3117089936945186,0.349525251678286,0.23729601531884667,0.30101742784020585,0.29658979678728786,0.28764321584450336,0.3612010268619655,0.32422831955829123,0.2718607822593409,0.3326953349344298,0.36920569477277454,0.323232591811491,0.2720312503325209,0.2527987332418406,0.3556304342325897,0.26147228910399495,0.3143476314063283,0.2738994829706815,0.3342018292556274,0.34047171665376186,0.3675259828443231,0.2996490557607792,0.28208986452174833,0.2647182417125449,0.25553798520320387,0.3172927627711193,0.4090515654902679,0.33100181056607675,0.2543199570135549,0.2723356718379025,0.3277876121433804,0.2884896934458708,0.22736072253738396,0.3986871824363582,0.2988151952008151,0.37000317630338697,0.2653305509339249,0.2798775598002666,0.3329706922203275,0.38848695457552485,0.27030298727482915,0.2461652326827815,0.27567261969843293,0.2611214401432394,0.3795584965639653,0.38228199371547983,0.3218615558129912,0.3671441239073961,0.2828187874805124,0.3206936797429706,0.31446553112278247,0.3690589670856864,0.3140697196829822,0.36221704344615496,0.3606244434253749,0.3067267396131389,0.36689218408704416,0.21584070887574233,0.24472714867528758,0.3413758030992787,0.3839616299626017,0.2881961736795744,0.2761476346860851,0.3665086056424168,0.2694015016892995,0.2693392350868208,0.31153879741931695,0.4595159146592887,0.33023840238841906,0.291640714912764,0.34288098730622824,0.42690236695225087,0.30063136837122617,0.27129743194549916,0.29650448423557746,0.2805604631281627,0.3245758052517851,0.30225234611796953,0.3658124670585935,0.3096858171429978,0.3555750457695154,0.2884486408023567,0.36130760413910096,0.2963145482403498,0.32537528041927155,0.3169598074776644,0.2728348526320488,0.2804985234759361,0.3255605945189796,0.27304709549350126,0.2542077344938599,0.35006576937404266,0.23321282368387367,0.3841104549747179,0.26407034991034667,0.34027793080893054,0.32184506887643954,0.2712011979889492,0.309722034714119,0.34667262516035735,0.3254189241247237,0.29937078619828544,0.3808324455035952,0.31483506361600316,0.33196862092877066,0.26735508262202373,0.34089743506965986,0.3400747842417133,0.34940978751118934,0.3702423897458578,0.3904315678550127,0.19696277445934948,0.30664919406146113,0.3440838946242126,0.2409220503447732,0.3561604292478347,0.2928546034711767,0.3799104830121971,0.2098308943168073,0.3097620842454684,0.28321913279489513,0.33366821142092723,0.34084666277689,0.2795192829432651,0.28646780759991136,0.3037556899445789,0.32121267751819704,0.2584716400017459,0.2207503693007263,0.20109194044431197,0.23141557632283813,0.26829496183116325,0.2757723512819462,0.27826041723914413,0.34923644234702866,0.3014658805749677,0.3834100037218108,0.2742350033106636,0.2866040031701949,0.26190488552759766,0.24563027176916905,0.3216914079563645,0.2633796558925286,0.2249392552067528,0.26980352645474365,0.33478838730136296,0.2660938250561648,0.2865473502093258,0.37482000394179976,0.3064850645961949,0.2847338584652115,0.37130653699435434,0.324782805235602,0.30879123198461705,0.3228781793591544,0.2940309290993799,0.29829590080127344,0.27631965066191305
0.3587540216421778,0.2966622445157029,0.2274062501560644,0.2529596649020468,0.0,0.2194100725293106,0.3105617924597608,0.2599158626675526,0.34332813663165457,0.2287176233203901,0.2909945441538425,0.24897874864602637,0.24593233324322347,0.30709837157271636,0.45052734049636434,0.2434106915024108,0.2572965817909084,0.355104385820248,0.24465749786684868,0.3352504688085668,0.30657574345850364,0.3465673711584762,0.27179113145820094,0.319903688272183,0.26493712155649735,0.2529227619285448,0.25141843469663755,0.21297957294873063,0.23373292178703958,0.26798641534016737,0.4423694581895916,0.23238329091507115,0.2981748784787149,0.23052757070659785,0.5639534456925146,0.38385907487645876,0.31798447123454315,0.32772121056490033,0.3561646638866312,0.2716321635372339,0.32629104671189824,0.2898599673084662,0.38364841829788204,0.4250514305124605,0.2938243433596742,0.26990879676020163,0.3033085735636437,0.3582867201185593,0.31731934329089945,0.42234481183036315,0.3335977057629007,0.2566685553952371,0.3250846696290611,0.30439853603197553,0.3025427833675818,0.24167244552490455,0.29033992437622663,0.27849953370575,0.3132024528498706,0.30451454254793103,0.2277662219820423,0.2466147591369182,0.28859771568469017,0.33196531571612703,0.4074085771231608,0.252027744254612,0.2560482408761668,0.2993432678932514,0.2783605829640089,0.3056230488059407,0.3397046123227749,0.408124782009922,0.2441007865453651,0.2735101077309858,0.24941480886736783,0.2556754331198299,0.22852098054041814,0.31930000370054923,0.2672646833057628,0.19522083409827537,0.23235107944996983,0.3697333296145506,0.3106919570767181,0.23081499928449434,0.2672799740466481,0.28579216154774206,0.27655373326533367,0.3238082159382111,0.23899392882088236,0.2570079981108532,0.3887578510791074,0.37558480222169904,0.38954278755586236,0.24896843947625835,0.30589388932449163,0.28246360532456705,0.2593917223748269,0.24458915576448376,0.34344299130081096,0.23913380458144,0.3508684252771983,0.24012215706014997,0.2775141244823258,0.24711969932646105,0.34034369238760315,0.25394502554425924,0.23728542349413892,0.24883245392284695,0.3224744078774925,0.2665596936580612,0.27445336269599385,0.3455410283123386,0.24205143367652618,0.2526393907252508,0.2958968177248547,0.24167375726920332,0.2515853704427771,0.2902254687518042,0.20931363616420304,0.2537405669011125,0.46415770166753334,0.24715208746532327,0.25592717392562253,0.3073621251983461,0.3674805988082078,0.2470536712146935,0.2209171835696379,0.30370598251647946,0.2404879257970812,0.3666135680842217,0.2419526890775485,0.23064321966011647,0.21845292592796087,0.3241490797104085,0.34782356660150127,0.35894066818809117,0.2905898722725381,0.517492915669941,0.3027645213308633,0.3520002651264331,0.281359291339966,0.29373265659033165,0.32493078011804477,0.3213937480437514,0.3365175653558006,0.29628121726540035,0.4028706071903101,0.2336284338165833,0.26302979244159885,0.19456343575050056,0.3402698945114231,0.29519133440152745,0.3414780832450097,0.2500772521285289,0.26529728181074635,0.33619337139780947,0.2198890229306137,0.2525711770104037,0.3102421244847642,0.21695514773229288,0.23712466758851988,0.3095844803782284,0.231184629190968,0.37036637653536403
0.24559268159159234,0.3573415553225688,0.32886939775279683,0.3158809303218393,0.2194100725293106,0.0,0.22558389399132517,0.41758180601422906,0.242899526636686,0.3701060541005238,0.29690044138432214,0.29592666310596816,0.3523290352608503,0.2582872930523674,0.2169611738715906,0.3626948817668411,0.3447861121957453,0.23660290454002783,0.2854085078685594,0.24594293474515444,0.3431893545754924,0.2743825002419679,0.22485344558241357,0.2330972265698758,0.3641174162445305,0.2565192505511879,0.25374561156622527,0.30875398198134785,0.26577244078382734,0.24688664905359528,0.2520721662208266,0.3423454950428958,0.28793765747957034,0.2698232227400982,0.2250123927095244,0.26625416255400286,0.28634643232539997,0.26250015205168886,0.2191975684302054,0.2529473107229199,0.2586577563352199,0.3784597702912559,0.234656704570865,0.2679159566467417,0.28294604239828725,0.26255129255470705,0.24608399693911484,0.26110299536288034,0.2220987556108424,0.22870212327311767,0.26545412370728744,0.3149716845790879,0.2631355916704867,0.32795182392231675,0.2493750652991266,0.38021157348753876,0.24984507705003228,0.4059695443249211,0.24470551170949487,0.24699689326544888,0.45337772443712615,0.2738807143300991,0.31903647117239997,0.21026401772407827,0.215999299337902,0.2861853690566176,0.2965890998427068,0.2698210702732005,0.2512318543088443,0.35830275247494064,0.24541214659850555,0.2156299264979828,0.30146286857758214,0.3186808010801913,0.4349420596044819,0.2513904808144833,0.28251195505276927,0.307353087312929,0.25482463085768453,0.33532551095058305,0.4231933595933342,0.24705359837749305,0.30944788242698046,0.3578474932880336,0.3101762340890445,0.28286040786611294,0.3786861343449007,0.22266520589739727,0.33241570349098315,0.28507185347535724,0.26193051157983444,0.28693816679136713,0.2444111629289202,0.24163071495208893,0.2686221029974569,0.3176622046437462,0.27110179830770853,0.36457678877618965,0.21289736815559257,0.31866880050119845,0.2350554267335752,0.307802328615602,0.25980197579557807,0.26534691358764956,0.2692090321861854,0.30976589708853086,0.36515872018520507,0.4408882010032437,0.2611925431459463,0.3347804157667134,0.2902167431766738,0.2311998991416549,0.39428785922555276,0.36413436765687446,0.26991691189376416,0.33531835793199827,0.3523012393615935,0.19173638636343016,0.43131791624597543,0.3264126097060932,0.20565456025028656,0.33423908291341614,0.29330693973869,0.2964843519448431,0.22395341283577513,0.2980958569566729,0.30955380757039724,0.2749089781448252,0.3657864118188009,0.21653880772441292,0.38625029213800227,0.41018303611075774,0.27309018541001817,0.25318584369048036,0.2580895252623633,0.19746630921512737,0.23692493976588083,0.202650332437801,0.25129128997051536,0.2432930614573215,0.2973698886092292,0.33960834387586314,0.27991945104424054,0.27338347651537737,0.29920969913566653,0.23627065409705286,0.2426416391944667,0.37981493820694723,0.3141354222821344,0.333027610591811,0.2385223160981215,0.3087886361301952,0.2253243086696616,0.2671552191729896,0.4140337596004504,0.2900956144197074,0.24195395030885922,0.4705386083248201,0.22375854021661745,0.277535256109666,0.35860612014866067,0.2884274924910213,0.29776759940640557,0.24050024384820665
0.3275499566028824,0.3050559150727412,0.215702975838365,0.3117089936945186,0.3105617924597608,0.22558389399132517,0.0,0.24296863418077405,0.26762987292591445,0.23362273055104227,0.33201635228785487,0.32370404110004575,0.2708470289630309,0.3291467110989011,0.3207222899158926,0.24283580994909884,0.2521440843914473,0.35033129039801936,0.33212590903262634,0.2801783549087184,0.2816048538240979,0.3009201152068034,0.3725953059494069,0.345139786956192,0.2949918251171382,0.27086740003478926,0.297109217773294,0.25723977425083433,0.269299608046585,0.31511112491615106,0.3048656267047441,0.2856033233535773,0.3593128048716898,0.3109249763215992,0.28868775262228125,0.32031706654603287,0.34946424859727293,0.28849363957980256,0.27353709707340784,0.327287222196706,0.34154006222172556,0.2619750945248145,0.322913053451539,0.31804487588586444,0.3225172436676618,0.2907780270740929,0.3123913573663006,0.28171336874554476,0.48904110255240696,0.2990495330937156,0.39006252782306006,0.26231686079930056,0.30848578666798465,0.3540436941209734,0.40242492175205563,0.23787806142307152,0.3165419798672209,0.26700654633637994,0.37549850724932804,0.33429825714097877,0.23903621203242095,0.24283734992596215,0.2675562611363336,0.2727684326301327,0.2696649105001937,0.2483522356597282,0.29535804103394386,0.3244197810629689,0.277169482366279,0.2767718587138999,0.30941065785281996,0.3034328457737686,0.24132068205499888,0.31073112634520583,0.22299853328867325,0.33090884768673945,0.32769662676523925,0.35561638365903975,0.2539546020619355,0.21662194029373918,0.22157274660612764,0.3111718837948603,0.3150685546360063,0.21604028051182622,0.24876184860194694,0.2713114667633276,0.25995722854370873,0.38602446335349694,0.2748729115263818,0.2600428792577662,0.34332611300749805,0.4328102410523611,0.3611208332163771,0.3159972223964152,0.29280784258286235,0.31406249442005146,0.25383113323239936,0.260136911164554,0.2759819068216558,0.2852477846076807,0.3311826183749689,0.2707425844632001,0.31347183221996533,0.2564351351476377,0.3032067270071239,0.24416798262263142,0.23009457201332467,0.22858933209247703,0.34098744292897976,0.2793895668149232,0.4084766167186097,0.30031772184937816,0.246735772391723,0.23393185416786547,0.29030018430765736,0.24602053510773617,0.2743500166778399,0.2808995901660029,0.22566100159317448,0.23671591253151916,0.26020809054404187,0.24037569944516612,0.24081525213818725,0.3667740959120898,0.23267905471632389,0.30811985285640764,0.22065245710504658,0.3380798296716512,0.23721380792420577,0.31816593597989823,0.2196545760505908,0.21030415080539425,0.24282934730961467,0.2749862957092665,0.23731808741958643,0.22807308347965338,0.2858498537371398,0.3039998560019795,0.30159916249582236,0.3477553290409008,0.334778891028265,0.2693143950029522,0.3413151241879924,0.28888411211853504,0.3127075644203438,0.3329823643996841,0.2795816245286659,0.2472679874822509,0.24485986953787267,0.17809258042040904,0.3103515803521676,0.334510932930148,0.3219594792609389,0.27035133293085306,0.2768700948369938,0.32865273912223014,0.2915609874518296,0.26810555170611133,0.3578052930393981,0.28286518578593844,0.2386515084183382,0.3070543205306818,0.22316375498172758,0.29942415467440553
0.28053101473357905,0.39201760630203863,0.410767230647736,0.349525251678286,0.2599158626675526,0.41758180601422906,0.24296863418077405,0.0,0.2799874432618005,0.3664616460498647,0.3227696075852757,0.31736813235416067,0.42054083477233856,0.30716731278275095,0.24505675826952467,0.472090558042861,0.447467753488247,0.30744488517925334,0.29614718885838237,0.27749449639541907,0.4644729516841276,0.30120982489960185,0.28201979503286495,0.27706412824801374,0.3800328275036932,0.3306793769324213,0.34448543943293686,0.3252086079107816,0.2716126288549752,0.3040248726008295,0.2924164330382676,0.3855979738391811,0.31501394946407607,0.32074601348795867,0.2515171703180678,0.3330757673612332,0.3445571744837217,0.3715917113802363,0.25569727289486965,0.3360724948252124,0.3138946611407606,0.4398353187692189,0.29479917613341683,0.27564193136319903,0.3910332124703592,0.35874564248469365,0.3181633940591382,0.27813071686676755,0.28231751418326506,0.2846720029426032,0.32251573577986814,0.3496257305442873,0.31706352290399825,0.3290596713767229,0.28081323635694844,0.40086949123583415,0.30879110547127214,0.4930953069280232,0.3152688253852379,0.3227066163362098,0.46802951086412553,0.3144463151914868,0.3860663033585156,0.26390869319253246,0.2421629085663529,0.3415285546954683,0.33939443935254665,0.31193483966243923,0.34363360195906967,0.511049922843614,0.28435587084949443,0.27214538454071097,0.33715222473835754,0.4402746855433104,0.5690098273111168,0.2831835007281261,0.35889812107788044,0.3975910487974646,0.3696558129447051,0.2934906530483333,0.4116140842536178,0.27782478452437265,0.4103184579949124,0.4631734188764689,0.3953348753474918,0.40651163903932486,0.4304306070795381,0.2628217640108236,0.40963470369237287,0.35092331418064654,0.3125031892658657,0.2887186279765241,0.2928219153004507,0.2755333118412851,0.3375635837397867,0.3076748259076727,0.3100132428646486,0.39343138829247953,0.23769913815041505,0.38047302346051504,0.26389128132709505,0.4006243597882577,0.2830635172377023,0.29291502169962946,0.3408988936377103,0.4478790023206678,0.4054538093579892,0.4777993898566416,0.35563761137994926,0.3770208561040425,0.30297137716583794,0.28696431521813576,0.37385472250224416,0.4161790684526999,0.35813980991566313,0.4271092893062108,0.40821725207163434,0.21792652673090218,0.34557688454868046,0.377122308221131,0.2561172336717603,0.41567732230939214,0.31991957773608065,0.3601365930527519,0.2281818099735694,0.3199010787487832,0.3094809925141669,0.38123226933005694,0.43118721133579657,0.27443375850460705,0.4546620876503296,0.424372212394069,0.3230079476178127,0.2716636015554139,0.2818220353692627,0.21553789793446562,0.29008243499068326,0.24817302299270944,0.30989764371342343,0.30930768400784103,0.3081850591392072,0.3720138532234275,0.34419803993504466,0.3152523518436987,0.3804216060505365,0.2718953653420469,0.2978081707884132,0.4292699215591051,0.37535187121305147,0.3335026520298529,0.26783423438890475,0.3552596314315133,0.2864091893167622,0.3398408478582585,0.5219982223928318,0.3433792705356797,0.2769804379159497,0.4593322564927356,0.22040477656420507,0.30756160814065037,0.3975615588564647,0.3031263402879512,0.3651348155221111,0.28565958437264766
0.4191837085270227,0.2985496245547508,0.23227065016900325,0.23729601531884667,0.34332813663165457,0.242899526636686,0.26762987292591445,0.2799874432618005,0.0,0.20794868310808026,0.2753182392880521,0.26098370403950333,0.24131977536459914,0.33800971625910925,0.2916916163788489,0.2489686818445568,0.24961747498573747,0.37778518190074,0.2596297831004629,0.36827681076840246,0.3086675063181605,0.3970526230032841,0.22773335915549026,0.31361328304085107,0.25846705932798264,0.2788363399383285,0.23905186495755085,0.2090559659204531,0.22844931726779527,0.30988446475874654,0.3656168066573631,0.24647616066102446,0.29292442338512814,0.21820537018293718,0.3282546065061137,0.32675853269315336,0.2943915758876271,0.4089845522228889,0.3002438864291547,0.2666805984759639,0.3182432305660136,0.32748613142318966,0.3688636132095031,0.33239056687566215,0.28799876968948757,0.2819360820405671,0.30808359340110375,0.3030323489697091,0.28176206995230857,0.39399210702627696,0.30747009778659834,0.2956715177395425,0.3755209730954047,0.2782576871947224,0.26270667059927005,0.3079909817439628,0.35578677362599354,0.28199255509140064,0.289609056248097,0.28598334616682625,0.23763545493341015,0.309825314474913,0.3252949124610396,0.3269328922510948,0.417199317752028,0.2994572994894972,0.2855289686226473,0.3582480350312679,0.2775889881132157,0.3117564305910923,0.4771312567374951,0.4013501228274887,0.3073745815461497,0.2591914758672624,0.2870486585261504,0.3003921709760165,0.2229751733295869,0.2715842988329659,0.3394922172577091,0.2506515717967923,0.27192028165667803,0.5089870422784755,0.3646398973812095,0.26098761064028375,0.32589580843324806,0.360924382922236,0.3026761325989206,0.34543228750383204,0.2503640021519953,0.3969013807446608,0.36427287854132745,0.3811005087579792,0.32606986689529927,0.31167084848212073,0.39288626479461813,0.31707807929790566,0.35438414907456095,0.25754492152492625,0.4705387433423095,0.24346039096564204,0.3705773894595085,0.23855290964162673,0.2944979749640834,0.25162172502277197,0.41375094194603446,0.2766741943030857,0.22807134277996008,0.2436377302494581,0.28648536217823245,0.2598103581604548,0.2524314488357365,0.4424200789928478,0.2688647516695662,0.2901034610471909,0.32876037214411774,0.2791296775194827,0.2725650343717289,0.2522019359743026,0.20212876561414161,0.2939737332582206,0.3979032544204262,0.2879075066744097,0.31994113249115363,0.3179730813195822,0.4659714117916356,0.24737711062488899,0.2609942148193716,0.29866572915992506,0.2307616640252244,0.3838471747829677,0.32210571821923956,0.2851842809205172,0.2703885015971012,0.5195281940430286,0.3218426598748533,0.320288933512389,0.33740009252496106,0.31824053279500636,0.2923278641394771,0.37504311555216535,0.2967846990581236,0.31331036309591703,0.33988302533836284,0.36017521140205033,0.3624278388900775,0.32713496732034686,0.4643904337239703,0.24668770026786546,0.2834902975887512,0.22619646673873808,0.40687613675801476,0.3097201720281251,0.32480931257227114,0.24380683219442534,0.2742119622060935,0.37906532514888036,0.24045906161856373,0.24986146618003424,0.3167181687664199,0.24081446844850382,0.23707960947253792,0.40681423400325434,0.3107852849259876,0.46211779280946524
0.24123892808397,0.3507316341326085,0.44156246057047477,0.30101742784020585,0.2287176233203901,0.3701060541005238,0.23362273055104227,0.3664616460498647,0.20794868310808026,0.0,0.2877903782394958,0.28531565821639454,0.3632882827422818,0.2646199462980689,0.21620914498096389,0.3732998255730921,0.3716061755180738,0.27168345239866,0.23978561919891536,0.22556045922089088,0.3025114798813177,0.26533444414679935,0.2640388775972401,0.23274077921188224,0.3515651180135385,0.267098134926729,0.2863290963238932,0.30845935759551885,0.3518225828342494,0.23796191960066976,0.24053304268257789,0.33609971737373495,0.2379999131877701,0.27595370685406706,0.22026551370777797,0.26196190384571677,0.29874197806695235,0.2454022623755113,0.21738105801609567,0.288721620635203,0.22647712549376503,0.33142651477819474,0.24102189186748152,0.2290351673973434,0.306756561749719,0.28833860360438696,0.24886772432798704,0.26690018375788405,0.2583760360489523,0.21621660841465776,0.2759692501325781,0.2629835339019224,0.24563986616522146,0.31112753253695463,0.30847727250467544,0.3129405760784374,0.23953566668034787,0.31779737756079024,0.2803799518088571,0.2685708479967067,0.3886786444565887,0.24670501452880875,0.26896293070081234,0.21276196234988526,0.19979561611385466,0.26666097267583366,0.2863093837896337,0.2560560958018663,0.26566192938112926,0.337116009253822,0.22767110075149238,0.23516064475250265,0.2543754250631646,0.35516932075062685,0.3493357690613882,0.25000525462954765,0.3081275187569439,0.36480898724977406,0.2387566806016963,0.2802555054660627,0.3229537016858315,0.22041968278174393,0.3090065658551225,0.3118952427620192,0.2765637531618382,0.26510513331840907,0.2979077776782758,0.23482313058643195,0.3550916151695176,0.2485797989107492,0.25464376634711755,0.2396724303177683,0.26291276101813316,0.22300943932430797,0.26200290823114136,0.27831636108702246,0.21800248204364203,0.29652345759060017,0.20305717354398678,0.3621344332124891,0.23349124916753453,0.31597789824088984,0.22900020916728156,0.2699261268916572,0.24694608660762074,0.30790569903782206,0.3488247710744057,0.3992824726329973,0.29234875249234815,0.3275744642404646,0.26499440154547166,0.2218514948467895,0.31362827442442626,0.33314542384594226,0.26807502936286165,0.33948802757225066,0.31911200140100915,0.23866500966490217,0.348077058513979,0.2996840340014293,0.2024094619042595,0.27454377316237655,0.24322838830533294,0.2987474367057896,0.1852765812718738,0.34746701424792875,0.2723943237849295,0.3043740761845089,0.3976756093869134,0.22808409501861696,0.3312715642562225,0.3090745809482688,0.25839616813921784,0.2084750469000503,0.22122588421254732,0.17916067092916263,0.23324384243606636,0.21821531624851537,0.2674521953867149,0.23877046155722725,0.24602919549916258,0.30868747068912084,0.2914649207395532,0.24264371486030298,0.27320575665345614,0.223353086009712,0.21027950117110478,0.39194622734171114,0.35440961225828904,0.281182779790378,0.2147164233810424,0.28899828454866583,0.22837824366561008,0.2929220201031446,0.3177443558937266,0.2592969603902624,0.22556097737096809,0.41745058524457695,0.21044356628713928,0.2945046336940302,0.3769740006083586,0.25060582248554303,0.2597883971997364,0.2289464941162242
0.37290988624536925,0.4549767097584709,0.28913396507443573,0.29658979678728786,0.2909945441538425,0.29690044138432214,0.33201635228785487,0.3227696075852757,0.2753182392880521,0.2877903782394958,0.0,0.4276995456209985,0.33857996010912755,0.3263100491285034,0.28993764318278126,0.3697478101204607,0.32191123971159763,0.390419714950675,0.41047140609769633,0.343254437508111,0.3635488449808198,0.3839466274816605,0.322063433389896,0.39382952585236497,0.44423145281180026,0.28042544780534523,0.3193633890744743,0.30339822296555313,0.3660679981513855,0.33652735343485957,0.3283319915975812,0.3514998752300484,0.3412951017097979,0.2897626625096025,0.3011442660733797,0.3737085358872549,0.4515327950889066,0.364116142415669,0.3277820284328808,0.337140555985949,0.3277719889396835,0.2951839901848167,0.32001621123088086,0.3303494263403749,0.3796087368321183,0.3140618767455364,0.27818134115867704,0.3977261663921622,0.39758952961042654,0.2875690724490697,0.39369910699034555,0.2762441924904271,0.3379596867296572,0.4678377067095216,0.46639845296379906,0.2564966120237976,0.3989193739371775,0.35872727875111937,0.38540977786828556,0.37865108049953683,0.3481230578127731,0.22965100782823966,0.3236742042790209,0.2729134592552371,0.24490860411291157,0.28585992721253806,0.3037506370376161,0.32041466374318606,0.32156803496027786,0.3713206605842165,0.30053922482277146,0.2971925922655375,0.27599997205031723,0.33837339826179275,0.3147083805117729,0.3556512734740137,0.29835347476260643,0.37980349802357755,0.2899744522830771,0.24789844886445753,0.26295633243871835,0.28173715028638086,0.36582774784435373,0.2892093729745746,0.27610255512988746,0.32981046232781813,0.3351954146964409,0.31229894302401084,0.3033689423205585,0.29592545674570925,0.3625660442171673,0.29472011875895837,0.44015988377890014,0.37831122559671443,0.30135408340688274,0.3627749445986412,0.301056600003525,0.2601368188025091,0.2416680110454776,0.2830245922996535,0.36097357183315726,0.3290366472409383,0.26498528890714473,0.2979348822459255,0.34583164868737243,0.2565170353268918,0.2631193027804091,0.298814920427647,0.32979393458765144,0.4277647279897955,0.42333121813322033,0.2892399913776012,0.2677591553075514,0.26693797856156715,0.3519879763632819,0.291623394533334,0.3249380513282279,0.29316190874097003,0.26881014930024344,0.2546833221921489,0.26919549826227157,0.2449576422507477,0.2936442823142729,0.4227649687538027,0.24566548898788643,0.42765471682114636,0.20850000256816156,0.410397445361745,0.31341375962024676,0.2898088047798108,0.2575995231848592,0.2621564117638243,0.3094097581881734,0.2920703882054954,0.3425511570597375,0.23234422558984774,0.34677170168989213,0.2764350084967947,0.38092388158323903,0.35485956228946697,0.36719348015343256,0.34224688032168377,0.32671191507193703,0.3247124792148079,0.43045217168203176,0.2729277609390813,0.2738673298973549,0.27552454201559823,0.34566380779322914,0.233712327711407,0.36328210285781753,0.3809416733321229,0.4085443533914835,0.2794456359774178,0.3208625187988901,0.40033211004555247,0.3339169086103225,0.3015006586481138,0.3159076173495916,0.2610259816806569,0.26216229166077964,0.3739265663220696,0.22627064220657628,0.36430261363637234
0.29887345698407536,0.40836398918700273,0.27476024555176526,0.28764321584450336,0.24897874864602637,0.29592666310596816,0.32370404110004575,0.31736813235416067,0.26098370403950333,0.28531565821639454,0.4276995456209985,0.0,0.2597880150219082,0.25242507476483084,0.262736062184706,0.31302601972090915,0.28175347287680563,0.30287477490146375,0.5016411094945996,0.2911038834101712,0.35991815968959195,0.29906907370277913,0.29358803702144576,0.3191765363201355,0.42770198803192433,0.2427021662997469,0.2744743958567512,0.2520661624575149,0.35100950509918327,0.346219777120348,0.32315838599635943,0.31816947432177123,0.32973347614198617,0.2918928213057941,0.2539770539646723,0.32168113169062945,0.345615062504789,0.3247985785365817,0.32697297942251535,0.29302793207705813,0.33157758974645013,0.26673097277214713,0.30395087875142107,0.3007883805327988,0.33059167563073366,0.2940704474323916,0.2954976662104433,0.32200895348795433,0.3276998296822634,0.26718264766823463,0.3695560897713123,0.2913355352388048,0.3056623402996673,0.41673182200326586,0.44379940234945836,0.24015462480136346,0.36653214682655244,0.38689703914294155,0.3064773957190412,0.33220240447075094,0.2726688816231526,0.2243431831577094,0.31228198407203406,0.24710281279685176,0.23383260310656953,0.27155344966392014,0.24141328423087047,0.2694327420382932,0.27217877145008507,0.3217523027306488,0.2568975153984563,0.25164152284094016,0.23383003240233974,0.2865890752428718,0.2899232529307299,0.31297686421713233,0.2585296658194916,0.3343061035844674,0.290172562185166,0.23003867420029034,0.24599557118723028,0.2724204249796296,0.34822249318554127,0.2470709658687168,0.274146821566894,0.3169273979460566,0.281495264862487,0.28591599787843525,0.2990505109402304,0.271936452713637,0.31417613235896624,0.3178247115104229,0.35456333942127966,0.3383850968904498,0.26891735646373593,0.3824852096036112,0.2841241388987805,0.2892844261030193,0.22445809844835726,0.2538281620713191,0.2757206150207216,0.314539648667711,0.2939640738805485,0.4136443065713927,0.3088011650668094,0.24996083681424577,0.2663732336475319,0.2709724813991546,0.29802588997315477,0.3643733649026946,0.4530033347675789,0.27622116601607066,0.23310340578330926,0.26021920967075984,0.3069674459901826,0.2632018062476766,0.3170928037827122,0.30603899140389224,0.26423849174898806,0.23463332739201065,0.2306770684970595,0.25676479180712813,0.2609533092384044,0.37016279617301023,0.21261235488805927,0.4905115868793371,0.20449087059533042,0.3679759208273643,0.33773326521505576,0.24526385679030335,0.25487838449591793,0.24429816824725456,0.2560431449801534,0.2706078924747693,0.28483427622106455,0.2008536456000236,0.3217719874101124,0.2432290181742057,0.3082771202304546,0.35413264886870965,0.31087401173974777,0.29622568938169563,0.31649326512167525,0.29544114572734886,0.3350669682255046,0.28464647725616815,0.28363959600368627,0.2642725408601182,0.3866644323294453,0.2357081115692735,0.32060082648255117,0.41050688056202633,0.3308749828831099,0.2626396803251548,0.3935155185244094,0.3079354612693179,0.2745817722042011,0.2900669629174157,0.259419991230091,0.24070076055941017,0.22627911855386335,0.3202552210025817,0.23214133864414538,0.2888473309091559
