0,1,2,3,4,5,6,7,8,9,10,11,12,13,14,15,16,17,18,19,20,21,22,23,24,25,26,27,28,29,30,31,32,33,34,35,36,37,38,39,40,41,42,43,44,45,46,47,48,49,50,51,52,53,54,55,56,57,58,59,60,61,62,63,64,65,66,67,68,69,70,71,72,73,74,75,76,77,78,79,80,81,82,83,84,85,86,87,88,89,90,91,92,93,94,95,96,97,98,99,100,101,102,103,104,105,106,107,108,109,110,111,112,113,114,115,116,117,118,119,120,121,122,123,124,125,126,127,128,129,130,131,132,133,134,135,136,137,138,139,140,141,142,143,144,145,146,147,148,149,150,151,152,153,154,155,156,157,158,159,160,161,162,163
0.0,0.8632912344806914,0.8576901896554344,0.7831702158027035,0.8441064285161284,0.8454066841682198,0.7727034702476026,0.8641703519215694,0.9025046169191403,0.7988002421045113,0.860256844178266,0.7750128058742934,0.9046643022376678,0.8482390080215892,0.8059159738314741,0.8928988278779566,0.9009778284160539,0.9414654686161956,0.8300856590602046,0.95924984381371,0.8497117586024424,0.8727628845676155,0.7942037868391405,0.7785087349179796,0.9055285210358529,0.7286360588050089,0.7429046592329981,0.8833111621349745,0.7731406243563124,0.82300424515837,0.8293611492410177,0.8933975592654192,0.7907411907848211,0.7331170828368847,0.9301024108550299,0.8160564130332721,0.8572243693601812,0.9023910027708857,0.7249950971946015,0.8016215877768472,0.8140968575408227,0.8280918007481666,0.8808704345869242,0.8520863706651087,0.8329979651508574,0.8389768519307723,0.8466951196864204,0.842990285763305,0.8897049398117536,0.9300368492761611,0.8937376258214518,0.8918055094722902,0.8616163374011634,0.7996833498405289,0.8225880105716654,0.8455187939685663,0.934573171792203,0.8459862139775743,0.89176959311214,0.8672370374212549,0.8249902647518578,0.7583759444042211,0.9281542183164245,0.8243638450594984,0.8599268343191057,0.8389286949653719,0.7599713566321403,0.8399831136907925,0.8674989793879867,0.8945849927721022,0.9218095580007745,0.8628503641290666,0.8663158478725466,0.8734000318438706,0.8918334185124037,0.8015946219356975,0.7864971666238523,0.7401335282065519,0.8005515760287857,0.7148233373749296,0.8244629633841675,0.8502408519476949,0.8853038912437531,0.8536207773898915,0.881305044368288,0.9087942843285941,0.8344659359508259,0.8788328769421885,0.8450750135031542,0.7280973230970128,0.8996425663226623,0.7904043375200133,0.9134091069552608,0.8746550553416116,0.9083769711378956,0.7733309445585889,0.7718657044222804,0.7978249205841355,0.745054841277853,0.8185403954496226,0.7457472803912266,0.7689241428875173,0.7447516584639335,0.7800165375459197,0.9296718447463845,0.8597297706619198,0.8006470607145206,0.8414604287312789,0.8112219293221379,0.803838353887734,0.7749543209113692,0.8535571293671287,0.8707838559214215,0.7669525350505395,0.8752249371134969,0.8767132300574162,0.8814601152701745,0.8617654063160152,0.8382706093358219,0.7553022829802952,0.890501671066014,0.7751069838770273,0.8576397272334985,0.8697855375793678,0.872369551933683,0.7726312612976495,0.7833289090858849,0.7430420009148233,0.8131350311647552,0.8248966097437496,0.832936042682061,0.8649317023653452,0.8066045917682702,0.8110159723280025,0.8017095752029341,0.8552229144510712,0.8471353756390351,0.8041451452480929,0.8023963384433861,0.8654243518751916,0.8085556769192407,0.8216739544580821,0.8668381299590572,0.8283646662385836,0.8035201219320699,0.7841024585111849,0.8626720301868849,0.7341247722973582,0.8845611344279775,0.6915532473783217,0.8796379250888487,0.8524565984574206,0.8503924458909712,0.7674251282068381,0.8241280363928003,0.8508211866128078,0.8543814336952511,0.8197840610215213,0.8069725971200901,0.8727580274529609,0.7429852761877869,0.9159278718031347,0.9088022980275127,0.8917599693775787
0.8632912344806914,0.0,0.9117523491297524,0.8956148210267781,0.7862063967396414,0.8820049550927478,0.8223444124428815,0.915145205163985,0.8013012649020117,0.8468646875601636,0.8581855270454222,0.86690953916667,0.9017111840728519,0.8574995778246739,0.8546201224466945,0.86717372410168,0.8847698061109422,0.8302648749119731,0.8357003205363689,0.891936391086106,0.880487926154727,0.9098237747923387,0.7753203195397868,0.8721319061946744,0.8410335411727095,0.7514280831271397,0.758016848095229,0.8591404268233115,0.8731841077292207,0.7108340818779617,0.8360683582396102,0.843859107071572,0.9287026001788856,0.767439258671058,0.8726264310266092,0.8859756173245122,0.8144520338255908,0.8505003793902649,0.8428202946146643,0.88296105239516,0.9361231686172004,0.7659379993443141,0.7590452451426555,0.863168676779452,0.8958876770969388,0.8566164801673661,0.7842951512374134,0.8336159437300513,0.8421116883958,0.8940865371656639,0.8953308028086242,0.8988772389568151,0.8770747246122385,0.930798015545481,0.9035937758311307,0.8513218812321546,0.8987636618045901,0.8185106870811857,0.867791044021325,0.9336107170594762,0.9254883864069955,0.7515730037361168,0.8530037609167891,0.8023056800433713,0.8034307370871224,0.8110885400545718,0.8446732588911764,0.7639816600562457,0.7486214269574998,0.8019925048972302,0.8809302630511245,0.8243500493403634,0.7932254950911178,0.9113113267431697,0.8792753970191878,0.7389705432793133,0.8514169592797379,0.8060576331236973,0.7894927785116407,0.7047980113968536,0.8078739150582217,0.8427364413162028,0.9090520871992142,0.8511597665873942,0.8230425106668029,0.9426341248930244,0.7485545122599574,0.7642760282152304,0.8241210565527466,0.8572961414842151,0.8049213690654076,0.8221720448034397,0.9156203108382752,0.8773711334220913,0.900960625666894,0.8229580989583579,0.8363980348742676,0.8132673040865904,0.7096541950716238,0.8853262805785701,0.799794459779637,0.7670944282359708,0.6740491907759952,0.7754970540233608,0.8608527559618713,0.8590834072187123,0.8537685967792987,0.8065261977577962,0.8725698783828856,0.8855884182028139,0.8281027247950861,0.7911329864558118,0.84871172405136,0.7350437559853347,0.8663364865728203,0.910365898126582,0.816922560373105,0.7754246872392941,0.8678179772210135,0.7362028616141323,0.8714602204887091,0.764111319236084,0.8110061598815282,0.9270609796739885,0.7831122242386204,0.8814888051400741,0.8058380271605383,0.8593497584048986,0.9024619754172557,0.8289364799327554,0.770677214638304,0.8529931307794274,0.8023124373138808,0.8441340024015981,0.8588328518243492,0.806981428185056,0.8023515284267322,0.8381406905568172,0.8342621712462686,0.851033078098564,0.8247904166597695,0.8045661229692866,0.925169752830297,0.8389127513057244,0.8359598844298325,0.6866971702359035,0.902465336628972,0.8097059649569914,0.8408264663210879,0.7129324367585406,0.8338821538324371,0.8258698786106891,0.8654428263849009,0.8589979715683137,0.876004404966509,0.863032757535785,0.906102795365219,0.910279614735601,0.8590310390331011,0.8068863964670221,0.7520941002473623,0.8056606426534816,0.9122138113429472,0.8407005277040005
0.8576901896554344,0.9117523491297524,0.0,0.8944963580377568,0.8177834182937433,0.8542150774583762,0.8023665950019002,0.9189306287983223,0.7919417776703832,0.9059142680404444,0.9168490074860187,0.8406938002880808,0.9124591010086179,0.8145586894836153,0.7887907975028928,0.9170950813957277,0.935742549209649,0.8702164577734378,0.8318036203281259,0.864232588474627,0.8953030623459992,0.9448876965427107,0.8228444613137518,0.8227395137602741,0.8931573017055675,0.7350251446305317,0.7976425656202987,0.9203215343936157,0.831073272435797,0.7562930824732352,0.7309397045457506,0.8511059767131773,0.8295110636120979,0.7302561652509203,0.8104064370260057,0.815258797460002,0.8012791179205523,0.8319955574538528,0.7487952480229292,0.8618385007559295,0.8300001021058707,0.8546327919799522,0.7722369995730028,0.7777839180086135,0.8451737615763658,0.8021812750038364,0.7433829315312754,0.8084673485271865,0.8605527076371823,0.8600696824194921,0.8723867366496701,0.8559291895694787,0.808101183683417,0.8796005373230207,0.8557859747817254,0.7842316208964563,0.8675286487108999,0.879702804501153,0.8912103271878183,0.8476940344785208,0.8978903041441268,0.679236592263522,0.8604783226905914,0.7782273607838673,0.7610171000683746,0.7747218179549774,0.8052285434162555,0.7669423619299456,0.8442132527463583,0.8867157320568182,0.8215382558832888,0.741704764204186,0.8368274481789909,0.9461382089049502,0.9074999318643917,0.666031420658736,0.8857203311781151,0.7755899444830192,0.7263407305606476,0.6166653133084576,0.7698184979188503,0.8116211729759665,0.8519311978492172,0.8113587131127856,0.8203640473580526,0.8840499691636919,0.7753414639369457,0.7653622403330248,0.779879647090754,0.733882421886067,0.8570320852846909,0.7243309341501107,0.8727272140832024,0.788081160770598,0.8915836587889726,0.7575267461269856,0.7534839539266164,0.7746521432373784,0.6466190544823335,0.8257918641215479,0.679770697376776,0.8182633154140864,0.6893413342466561,0.7834780133570849,0.8203654219983653,0.8300315836115683,0.8370284940072734,0.8797479306949229,0.8052542800879641,0.8509286718002954,0.8168836721494409,0.7759425202906617,0.8415524221655458,0.7887484009425498,0.7876603931459761,0.8988189327411058,0.7801737620662197,0.8302374371834188,0.92343845285557,0.7162704607804499,0.8032463602706453,0.7450075535762001,0.7756804392603923,0.8314346873513859,0.7039939278943519,0.7972621076991894,0.7807209293173395,0.7665602110548526,0.8599650312767698,0.7713576819312752,0.7946752051842009,0.8943586902153866,0.7509720487344378,0.7660727544042699,0.8163610437942973,0.7180446454697683,0.7301832540781793,0.7600543617480721,0.8539464757680444,0.7940294333282139,0.7695327462442524,0.7740153061822348,0.8733609265159146,0.8444094037581558,0.7721418245062962,0.7072819471237415,0.8288713304965849,0.7544207699515295,0.8690383260326161,0.688675790267336,0.7775261644097016,0.7650363776152832,0.8997543408262944,0.8589175242944278,0.8786156018078937,0.8193506960415489,0.8966328486294238,0.8873494355902497,0.7824100349379788,0.8055258146782958,0.7315057679847476,0.7334129707988741,0.8347490338620586,0.8455818303535352
0.7831702158027035,0.8956148210267781,0.8944963580377568,0.0,0.7878343166456007,0.765565838465101,0.8682536836229169,0.8675040216356515,0.7168337564562708,0.7771563671985071,0.8694443411440477,0.8238570621566483,0.8563090278057642,0.800015181493293,0.8325420105606639,0.8095753387578841,0.8509676033356192,0.7902690207830414,0.7728983234144396,0.7990013780942601,0.8716189866343398,0.9045006646710518,0.8188553768194844,0.9048335532324644,0.7740309107876423,0.8170196521399239,0.7911029489211194,0.8487376597720782,0.7790890041766257,0.6391923844811896,0.7206542872015426,0.7431587731282605,0.908885923428812,0.7622109553778009,0.7884630908966354,0.8283010848838462,0.778396179109236,0.768531472617453,0.8085345313143848,0.9380573978912881,0.8812795186500775,0.7585597998434537,0.703681552226565,0.7936822224435854,0.875405109194384,0.8023629490239963,0.6808221578845124,0.7843243243976908,0.8360249460308686,0.8248635240260268,0.8743434280547017,0.848100126583751,0.7683760256344891,0.9325233349800911,0.8571130966594286,0.7307402277819088,0.8336684394572867,0.7809060954880965,0.8550819488297532,0.8617642009929791,0.8981154434447588,0.6525677911181745,0.7810945764186488,0.7445167467631824,0.7368306451961244,0.749003267380748,0.909038691396686,0.7226283070935385,0.729053445649476,0.7759178822597553,0.8165048332058814,0.7300123173746106,0.7949442687553957,0.9451219886276359,0.8013455611253082,0.6207550525376576,0.9344741252421955,0.8003477486006609,0.7260202479015252,0.5909417210851003,0.6829930129464522,0.8312154765855096,0.7900936440587586,0.7507645531447797,0.7901223296515999,0.8635759568238293,0.7110046464182316,0.7137049815973757,0.7213002441941212,0.8222943892858842,0.806252070937926,0.7404393516014887,0.8175653501766326,0.7766615944437957,0.8971853584752303,0.7251927220809353,0.7518965590223154,0.7444903171854454,0.6380244926764308,0.8631098073694907,0.7118837635165575,0.7839087229997538,0.7012257289827738,0.6978781026724802,0.767897320339082,0.8063312924539293,0.8137918256718514,0.7811275819375962,0.8268784066242305,0.8593304794591129,0.85739431403476,0.7846693713364673,0.8144609701087595,0.711898095294501,0.7794857156486614,0.889064199790858,0.6927053466027209,0.7195465686029323,0.8698298011901224,0.689199567667861,0.8232224235649296,0.7355029913437152,0.7502609630413057,0.8451734148056597,0.6741658605141138,0.7820878843950853,0.7785713092378701,0.823808348360969,0.8286587738149223,0.7772742131248465,0.6710601211151495,0.7946219271470548,0.7511809623457022,0.7969894999114009,0.8370270243757801,0.6891668331777068,0.6728683428107671,0.8198453268121932,0.866958620514204,0.7606846766675707,0.7489472648736522,0.7044535332473352,0.8960210168184806,0.8078413613692004,0.7820302886560719,0.6889306083514732,0.8301016418712588,0.7189029651177444,0.7335745271174785,0.6380755182414328,0.7963705454695659,0.6778930974271751,0.8760436272743799,0.8740795054775857,0.8418625465534969,0.8372319603530444,0.9161707507343338,0.8831564180889385,0.8503481424368717,0.7666265886165727,0.6853658240440019,0.6697937726283397,0.7699438236359177,0.8449499059465015
0.8441064285161284,0.7862063967396414,0.8177834182937433,0.7878343166456007,0.0,0.6788320550998713,0.8292936520964426,0.7532252815491427,0.8673778864084078,0.7433546903935985,0.9016865873075313,0.7757458894447993,0.7698252378566338,0.8133390597692177,0.7839097609957367,0.8145298586274692,0.8070693723094176,0.8436703918766324,0.727180479712644,0.8138053696370989,0.7706212024520414,0.8952473153676264,0.8528874264518819,0.7544478205665529,0.8094709094902994,0.7178577880449689,0.8228504129982093,0.7962729345143704,0.7740569926415717,0.8095671083510084,0.7541917257006792,0.7391301044011758,0.7425538918243176,0.6651157020658849,0.8849837860345365,0.8085647236421941,0.7829839240103167,0.8534130676825636,0.746687606437885,0.7846011489038534,0.7557025339239802,0.8309672463163844,0.7584298375722363,0.794798262321704,0.7547959256134219,0.6790273812153463,0.7030315557317397,0.7954770799473657,0.8896476483526248,0.8371851924513658,0.7881430532155808,0.7286268865643433,0.7062525230195761,0.757438873277184,0.8188189042666545,0.7030458191785934,0.7861731495012996,0.8370493508880098,0.8233734516806626,0.7668885329813272,0.6988193406388322,0.6352727400906906,0.736366327120815,0.8506043281471102,0.7209495658538261,0.6400363430321223,0.7296025674860658,0.7301722270478433,0.8507825855218649,0.8264060811205213,0.7773409180655069,0.7866307427302954,0.804864505733262,0.796480170709043,0.7647558525617838,0.6074388087322026,0.7730885178495426,0.7975244343787884,0.6435128253661174,0.5402759289715738,0.6084678163694708,0.7939008805676768,0.7851319680058992,0.6955201998633032,0.7649433557178827,0.8004488904101051,0.7268384348290665,0.7944608156461952,0.660880317285726,0.6926188905583672,0.937193271944068,0.7400108444779205,0.8686543563496307,0.6797797482735246,0.8693728364997593,0.7463729865252584,0.6425253309467479,0.6886136446678689,0.7456542432912276,0.6909393661252071,0.7117397841987229,0.694544829352879,0.7254756907868666,0.7306825357340692,0.7876148455164071,0.7025868577101773,0.6563549050860334,0.7829934689308227,0.709409328362997,0.7236415722345332,0.7506448811446976,0.8720958089253308,0.7162928684314607,0.7969709226066467,0.7076972382737243,0.7888578431746902,0.6618829571493801,0.8853119884386279,0.7571754285236467,0.7464408513192484,0.9113900026577939,0.7069273676776153,0.7244195386991462,0.7268123333109179,0.798085808354211,0.69370095189307,0.7064592849278643,0.7267885706386872,0.7294192260198478,0.7637237130753417,0.7532196526101395,0.7420001334285761,0.7213726914104057,0.8055734399009938,0.7636405021895596,0.717707401043007,0.6935920637513749,0.8056914001210757,0.8262065098418031,0.8040387914698294,0.6952367401567986,0.7727868672061979,0.8011490367035353,0.8580351076092366,0.7948600387498568,0.7703434459800786,0.8455541697498271,0.6050114250517741,0.7864317153922749,0.6715048643801542,0.7865965360940465,0.6957476695487059,0.8755586696526997,0.7757946551556254,0.7438426370214054,0.7584132727861179,0.7845500598508658,0.7061487624803511,0.8008469155331007,0.7500096934599183,0.6058703053564191,0.7501557960077297,0.7775810323420762,0.911393081264912
0.8454066841682198,0.8820049550927478,0.8542150774583762,0.765565838465101,0.6788320550998713,0.0,0.6666567370443545,0.896123558356991,0.8050111554566051,0.7818729316969397,0.7791896767574786,0.8144802067423709,0.853262628410958,0.7705583357897035,0.6932595335743151,0.8546083066218664,0.8716664488466435,0.7597175242394445,0.8637288913313635,0.8700245132836469,0.8579142553502265,0.8009176952306429,0.6551036873427637,0.7174678686749434,0.8190697320362635,0.6461956344681706,0.6476830939985426,0.8383706074641218,0.7417603082221433,0.7307780642566721,0.7691796575126153,0.9134122045124905,0.7612569952752021,0.7464421362437665,0.7883084748707005,0.7998329450505087,0.7428203775743321,0.792031727350104,0.7300299985204761,0.715705954060764,0.7749668903670583,0.800485212739116,0.7300499616222257,0.7696361465932917,0.7925829942135623,0.7876407621289918,0.7599493141803652,0.7582743649273075,0.7230810570574154,0.845473799042209,0.8444133571084207,0.8904942967187617,0.859307679254006,0.8332745009966634,0.7909054303383001,0.8936483854941666,0.8768411646598182,0.8414851698134082,0.7759597735490171,0.8506003550550889,0.91306629295018,0.7962063697395398,0.8967945873586916,0.7395427036075153,0.7864625791619235,0.8389507291707983,0.7339691352923496,0.71147380462524,0.7143117285794058,0.7887273763351038,0.8293027422254158,0.726832334180203,0.8346171179709634,0.8424045143617566,0.9202114705623037,0.7480443374270666,0.7832796484308545,0.6651020362823825,0.7401275514111387,0.7653249603294197,0.8794650825373082,0.8113620364272752,0.8091912507676059,0.837086002225322,0.8634051326092079,0.8539807935744387,0.8303814950241732,0.7373229636370077,0.8293292934429233,0.7524480236897426,0.7525345040340979,0.7892609964158993,0.8176079246231927,0.8810205751397431,0.8303961307473867,0.723840267040189,0.87581818274094,0.8323155506545493,0.6998609492270415,0.8275207731542256,0.6922907685137052,0.7856547513451755,0.6497578100052102,0.6981563133963914,0.8766369301856121,0.8187705029774883,0.8768081731760481,0.7812132652844161,0.7408411320188969,0.8124626058266436,0.7873651087157665,0.7401932447661985,0.9032655977931282,0.7386561659833495,0.8058023727485517,0.8365638675765003,0.8763607389596461,0.7135461753926717,0.8647943059216038,0.726094658861473,0.7418976544578427,0.7479114871295636,0.8411909740799428,0.8258001565563566,0.7654863820338262,0.7624359737970565,0.8448524844568338,0.748153859696579,0.8498149141459244,0.6881883039219462,0.8228290027252777,0.9433990960746209,0.7661303660511984,0.8094238858068733,0.7822608783624426,0.7420301769946974,0.748803725567652,0.6669417958543186,0.6793683243712811,0.760160365828327,0.7245049433685505,0.8278016892119019,0.8643227656620076,0.8264548934463659,0.7299438328221234,0.6611579884369384,0.8224320958445721,0.7456773788695443,0.818112697299847,0.7508958421061052,0.7945824506653735,0.8063202338183808,0.8019915812634811,0.7050605779846126,0.8120939198165591,0.7676155438804165,0.7902826691959876,0.8341999458517829,0.6898722253667608,0.8282917568132335,0.6960126707050501,0.8236436775142859,0.8691571049718048,0.7604891085583251
0.7727034702476026,0.8223444124428815,0.8023665950019002,0.8682536836229169,0.8292936520964426,0.6666567370443545,0.0,0.7478342867314569,0.688571122968318,0.7930695165407515,0.795623351335321,0.7484518974194667,0.809921385104673,0.8105088666373419,0.8832597712659822,0.7411052018300535,0.741193345229554,0.7870385042224957,0.6699050708551149,0.7496371156790368,0.7640947824580366,0.8391112958651394,0.8433880505055261,0.863227382305352,0.7836118963839165,0.8472531591825202,0.7721690807402664,0.7265498122731269,0.7909828582253623,0.6177508444931502,0.7667785362435268,0.728024620456133,0.8638536139085854,0.7265035443238483,0.8151907260467725,0.8119637299033594,0.8439541819760565,0.7327563622031583,0.7686374284754465,0.9106248680966996,0.8161118004254099,0.6925398754084812,0.7549835225771605,0.8435208856658735,0.85715189672339,0.7769277315165373,0.7489205442687253,0.8302158280755089,0.9140874901202596,0.796630230459804,0.8420355068768338,0.7491666739597607,0.7046876479681767,0.8299447749140472,0.8709301966510442,0.7220899285251449,0.7502483589149626,0.6833637907857775,0.8995729744744281,0.8001984342977568,0.7584891251529345,0.6507534415483501,0.7021869812137587,0.7737016218310296,0.7333451436521595,0.702129387650346,0.9041605267314164,0.8291603147760604,0.7436072373648406,0.7219257149121168,0.8282579231756191,0.7964647752847023,0.7353950313011991,0.8566059699602245,0.6771818471966591,0.6630075655142351,0.8739118398172462,0.8782778418492059,0.6907083135083074,0.5785995557628205,0.6354228240521597,0.7782236936224501,0.7952358163769786,0.6853871421314183,0.7140891163902598,0.7757835427804907,0.6744325559629792,0.8029956281255038,0.7033348539768207,0.78301707956172,0.7927672061155667,0.7854990758140079,0.8206081238104357,0.713197237433262,0.8444229611561016,0.8093119023598248,0.6651230766624255,0.7174184108562699,0.6730511108064191,0.8195646294962565,0.7738608712799819,0.7501483089242398,0.7902924341310723,0.7502186933407802,0.7301406305572744,0.7637706160597882,0.7167350128131535,0.7100557054155533,0.846641872100965,0.8197663929052188,0.8063071739070682,0.7833903397561092,0.7648476456452892,0.6429122000690047,0.744475313131924,0.7657923231934979,0.6536178784874821,0.7982304976297787,0.7822965109749367,0.6675818053618756,0.8354871047863069,0.6989062823095982,0.7006292342375892,0.8349432193222424,0.7015423089371345,0.7940899758362016,0.7157994941941096,0.8198696029755038,0.7663197630268707,0.8562102717172128,0.6225245329986474,0.6658664789820445,0.7022772647589075,0.706947729379981,0.7873681936009125,0.7398126101923047,0.6960448394041607,0.8999641435288672,0.8676115443536713,0.7657401203595812,0.77987248848275,0.7006062696615317,0.8263570337799082,0.755213301835931,0.834252387012983,0.7902660989909333,0.783450620001982,0.6996823922236487,0.7405315395327413,0.5740669648289902,0.7668982054717605,0.6712717230176038,0.7581483966952536,0.9349534715628547,0.7761427334630948,0.8478718620365738,0.8259167849263223,0.8144693704243401,0.893946429519359,0.7604772287349171,0.7091416238241096,0.6760428065149517,0.7852541026560215,0.7811562228708288
0.8641703519215694,0.915145205163985,0.9189306287983223,0.8675040216356515,0.7532252815491427,0.896123558356991,0.7478342867314569,0.0,0.8026420620334562,0.8349323911661711,0.856454832213654,0.8625611796829774,0.9185051365303999,0.8111545145204828,0.7923558189911795,0.9190088538549864,0.9079564171280309,0.8359963574262681,0.8453352488880631,0.8911177231117307,0.8763182239005325,0.8662223012915262,0.7777348111885695,0.8086847011607307,0.8656996502237571,0.7615242304609101,0.7654879379237094,0.8963392875908048,0.8045395143264832,0.7538060868543114,0.8083534430294923,0.8709964077288924,0.8644573910975469,0.7854169715972742,0.825339810621795,0.8514321495521313,0.8216787644558862,0.8661827014701233,0.7897374160786104,0.8314671825808945,0.8711970967462364,0.7732993873326104,0.7997209825440162,0.802860081970578,0.9011744035848186,0.8641828197381899,0.7736336390612952,0.8094685299222363,0.8157966140818353,0.8791775480965744,0.881570651526294,0.8981825342680565,0.8307288884511387,0.8736849881094559,0.8673905946048552,0.822480447336008,0.8976174880768575,0.8842334751717834,0.8207908708173662,0.9046668485755542,0.9342774321209897,0.7548828409332096,0.8992250834270769,0.7732497960565036,0.7682310549303034,0.8230085598378908,0.8025769242501265,0.7561868122654354,0.7854177025290064,0.8827161933605003,0.8582329976944594,0.7793896725483418,0.8016634548326631,0.9134000210164736,0.9159846639830692,0.7255792830458507,0.8643927223582266,0.7629716397819228,0.8318556240367114,0.6849959054113084,0.8054245512149572,0.8161563301399144,0.8722833434939348,0.8878376925072333,0.8492190056419942,0.9446082831478194,0.8311715048768125,0.7703991398786865,0.8607979405078878,0.8037713074047123,0.820812768377685,0.7671746957999649,0.8767561091925665,0.84717526818302,0.8499003130528479,0.7815654426988571,0.8206354569053621,0.8222177387657452,0.6758044763308554,0.8708278238157562,0.7344646786008483,0.8585614802362068,0.697429256152775,0.782411363471504,0.8773419716971423,0.9020936312327751,0.8847248079389192,0.8452265294165937,0.8316674539752852,0.830218842636233,0.7982031686136215,0.7886985928069973,0.847161084460636,0.7780192246598885,0.8693856447227151,0.9125864718920274,0.8279276817967123,0.7739132423210154,0.865264235780978,0.7394288633774845,0.8142914894689964,0.8565664845174952,0.8033110927221209,0.8807952848806927,0.7200724021721759,0.8481656159670333,0.8001743286295846,0.8460528644219127,0.8910654069474079,0.7900608219986794,0.8014947432070553,0.8968420382152197,0.8230627914208838,0.7974330306528504,0.817827681764163,0.7407393053725372,0.8002975438440504,0.7775067764048462,0.8243684636508113,0.8590741756217779,0.7917201357579462,0.7901065584364516,0.867118470825128,0.8159587041060989,0.795963098292929,0.7027533882648234,0.8603235833383888,0.7926028275188959,0.8586401268470404,0.7227655681183717,0.8368404218142225,0.7896072960597038,0.8518772736102808,0.8139304422004308,0.9027787918451002,0.8507022808349078,0.8716507013358332,0.9219914640495481,0.7754718915112933,0.8226687338429063,0.732663186206352,0.777826078132842,0.8928846777217686,0.8145435333560167
0.9025046169191403,0.8013012649020117,0.7919417776703832,0.7168337564562708,0.8673778864084078,0.8050111554566051,0.688571122968318,0.8026420620334562,0.0,0.708857809918173,0.8466665235228272,0.7617467007485353,0.7828650251300816,0.8000013099582927,0.7160468483394702,0.834368623390024,0.8270724539118995,0.8305690975765887,0.7869196021293391,0.862070762664825,0.7705462896400563,0.8500005082850064,0.7109192618309126,0.6788688356080644,0.7952357461280951,0.6234682754386122,0.7303097205996837,0.8108982674025214,0.7272417775236518,0.9023337929554983,0.7834146815361391,0.8073929907362989,0.7062502191036116,0.6419290964298755,0.8741875872050262,0.7756362314717525,0.750528223332299,0.8802765915460243,0.717456437033767,0.6890239786552417,0.724956580507192,0.8663395816936295,0.7422101555990793,0.7608381282062239,0.7144055215035038,0.6860617650700435,0.7211267973891462,0.7470796595700686,0.771390386804184,0.8505173673893471,0.7819798805596736,0.7710344808455214,0.7876747510567299,0.7325092437611793,0.7557238047498952,0.8025690826772363,0.8371198765662029,0.8875434907229074,0.7524815332755562,0.7828296500910653,0.7430886614566614,0.717425131811284,0.8189300847320115,0.7974242745249664,0.7612503843564998,0.6940849442257356,0.6681677284654767,0.7151654237047486,0.8065299069489099,0.8599442720505523,0.8074910455327233,0.7704325301493322,0.8297676989748042,0.7633396364760647,0.8654087141659265,0.673923703993042,0.7118535298283045,0.6905203517662374,0.6634320089039768,0.6374770307395721,0.7073185143268595,0.8190702733538746,0.8282855508121453,0.7606115136026795,0.8073094807660176,0.8299821331291859,0.8092570041793191,0.779710846816317,0.7218574690296603,0.7054906951986967,0.8892979381735653,0.7582387446739857,0.8552882177205885,0.7571604529654191,0.8551786710863546,0.7228634573125439,0.7273938009363187,0.7057619056061657,0.7742189879379241,0.6903745988552312,0.6984247234255927,0.6859153221856215,0.6443540284792324,0.6776635125890966,0.8656573770275272,0.714174588418877,0.6874141656510661,0.7694420136444726,0.6714143291389354,0.699105629172163,0.7069640434037646,0.8189865277251357,0.7702010363534052,0.8343389703046986,0.7418500912736016,0.8089437361138713,0.7541987405465775,0.7998747506040605,0.7326533984479005,0.7853382393279253,0.8586206497604744,0.746002726350823,0.766997407025342,0.7418031936197375,0.8808827018376552,0.6770994964064176,0.7499440482840003,0.698663438659601,0.7173812483090778,0.7055729170659817,0.8804702944409466,0.8489891797010888,0.775608098548282,0.8718341569180831,0.7387245638672513,0.7536883659445819,0.7330008786220621,0.7052615297195935,0.6989643522125584,0.8089909215156179,0.6923731070092002,0.830858964736497,0.81442632480417,0.863891627366366,0.7346470580447385,0.6936244727497769,0.8804972375237786,0.6326577458912235,0.7845634846737918,0.7370217073063999,0.8064426013751169,0.7799424542560496,0.8534882625491473,0.6703101253783541,0.7183268945645046,0.7442683808148491,0.7640473444403891,0.7054094807153498,0.723640001386704,0.7844509149723008,0.6075928283959302,0.8648721934897912,0.8296219365644402,0.8901850506063127
0.7988002421045113,0.8468646875601636,0.9059142680404444,0.7771563671985071,0.7433546903935985,0.7818729316969397,0.7930695165407515,0.8349323911661711,0.708857809918173,0.0,0.814149076708666,0.7339625397856494,0.9035738417192387,0.8215183149465529,0.7602789752590635,0.8740869576810598,0.8320201302170571,0.8441328099907646,0.698782965435206,0.7750003028657229,0.7447151753971432,0.8215306421288523,0.8083588003898275,0.7395355168698362,0.8874791403019543,0.733094291686492,0.7999928952639593,0.8205201719190529,0.899758931232033,0.7311071443203335,0.7175398907757045,0.8351136305152763,0.7984427258817759,0.6821299630685376,0.7675593466213108,0.757983205502095,0.8368382467215298,0.7996408177663815,0.6613245086621447,0.8242700089692521,0.7713879645180015,0.7294184049083001,0.7701548957768082,0.7422921951733727,0.8137817862953889,0.7887539002382736,0.7965317077532662,0.7932795096712019,0.8517705228830841,0.7682560460121847,0.778841826067791,0.7530991172356264,0.7441400848456667,0.7563908293720771,0.8312027605904078,0.7805298141514903,0.7512991760688292,0.7664880759595873,0.8539068109672374,0.7860578415080645,0.7957294550763814,0.6874852699071194,0.7747016131750355,0.7507898081552675,0.6853604184834317,0.7208197193940673,0.7593192938104072,0.8266564816349753,0.8509829328834112,0.8424826423812166,0.7644132288071918,0.7738951358213361,0.7247478470251827,0.8361899010341356,0.8026394600648759,0.7322896629878127,0.7958563287051968,0.8271926514455279,0.7211387945347216,0.6650371564158096,0.7729503242513158,0.675003143961693,0.873175464240947,0.8290002304262477,0.708198767593142,0.8117586102844278,0.7234869820609929,0.7825986994999955,0.8249455284413034,0.6873094943989642,0.7785231438456146,0.6860354428599416,0.8408460334433137,0.7191315785153554,0.7748136781378172,0.8328990302825733,0.6572181867115183,0.7357956523115667,0.6301040376267372,0.7971582286331346,0.7167329600244243,0.7521183622928491,0.6712172337288732,0.8461101867346695,0.756019771607976,0.81457426811648,0.7538757500894124,0.8363071754840291,0.8275255302708577,0.7765068356464291,0.6972610782679596,0.685689279385195,0.778411975651957,0.7401665829574889,0.7838122814585197,0.812223723511267,0.7693212518057845,0.8335441547054306,0.8264244090567188,0.7147667911479911,0.7356474267106129,0.750126118903128,0.7010255962693359,0.8130746664693718,0.666212657551595,0.858892028384115,0.6988491259200864,0.7525075001985073,0.8300196279310281,0.8217983280085114,0.775470905462792,0.7544818346118985,0.7484472029968517,0.6447943962181908,0.7043837294800792,0.7164138709926862,0.7758874758576491,0.7705059440510555,0.8366346726945296,0.7547532476358858,0.8329358939421687,0.7600931495105512,0.752231602550314,0.7177309396258699,0.7720262855660973,0.7051036666791481,0.7130779883935092,0.8226210436985386,0.887030174963993,0.6544696633590131,0.682652046981699,0.7965309772614557,0.730991407696007,0.8764263759906319,0.8137644604893726,0.7792482901109289,0.8171840718399295,0.8768267088579208,0.7894424559724312,0.7981851161768015,0.8292628552231377,0.7296672162479326,0.828446454706758,0.7184055881818449
0.860256844178266,0.8581855270454222,0.9168490074860187,0.8694443411440477,0.9016865873075313,0.7791896767574786,0.795623351335321,0.856454832213654,0.8466665235228272,0.814149076708666,0.0,0.8364931395544337,0.866722543631729,0.8348741742057337,0.7614270145437507,0.9139928306692465,0.8962418502334729,0.8465471109506142,0.7786005582093614,0.8578086207882348,0.8345682209987652,0.9432845474268695,0.8561839817922073,0.8042181413929589,0.8768402827438969,0.7571007141715433,0.8559848483670556,0.9060375006966184,0.8346964286774032,0.798508007887645,0.7355214829283795,0.7845243414048885,0.7829854519606292,0.7181958410264372,0.8676274475296301,0.8140321663388249,0.83526136886,0.8835970852930941,0.7641192015332698,0.834544995536735,0.785712164033508,0.8766756065122266,0.7336236350005594,0.7977867931234595,0.810596615001765,0.7097981200361233,0.6739127813599575,0.8474443085960771,0.8820423736298955,0.8231780198712566,0.8010050253555707,0.7864920090431347,0.7215985344362774,0.8202758854621247,0.8533302728040106,0.7573461582262955,0.8236955390348146,0.9049606956424897,0.8207602326589362,0.7973685714223776,0.820247395220189,0.6349871679648765,0.7836744634278792,0.8242850107616575,0.6973797752060896,0.6789836495639131,0.7964636596089276,0.7277497328745827,0.8485129289382621,0.9036129744695686,0.7831252488183571,0.759513339929183,0.8573759187169192,0.8702263003172973,0.8573779079837396,0.6148985910738405,0.8518236129297533,0.8099172189408268,0.6799525831915851,0.6045300261187637,0.6711105008156396,0.784399698935074,0.8208757175769363,0.7890049179194095,0.8038181059128848,0.8731122113526059,0.8196370866636623,0.7375892817232595,0.7047957835756696,0.754812548344678,0.9058556416086886,0.7039192928832704,0.8562984576985068,0.722278112828998,0.8870665533411859,0.7695523089039344,0.6815737458742196,0.7366132099055299,0.6974693048842076,0.7458405545008119,0.7207622825589125,0.7485006201451416,0.6794695525728005,0.7349343509982911,0.7953375990894226,0.755450078025509,0.7187027317159278,0.8877372940072632,0.7250828956668527,0.8133345678845983,0.797991591145446,0.8352128626289013,0.8028989411159332,0.865064877932817,0.7424082080986575,0.8802662921261282,0.7039176080786029,0.8472712141758126,0.8615176933647718,0.7727450917968559,0.8726018561311589,0.7414205941797674,0.7922839921054455,0.769334212848009,0.7766310438311473,0.7527064723920016,0.7301104386761705,0.7635704978541703,0.8140594142780706,0.7507026491704745,0.7999374377116862,0.833640940297678,0.8215575444065887,0.8388572078644088,0.8176125579656447,0.6903427647336932,0.717546245214803,0.7823783022233868,0.8714177463767395,0.7833338389830883,0.7242716592643482,0.7997042834391777,0.820614086530602,0.8547909960078525,0.8313642646064782,0.7230262512224715,0.8423985953868668,0.6493282215205473,0.8344007535335229,0.7226183445462334,0.8106030341323274,0.7075852613528598,0.9143991415503921,0.7860664351167714,0.8265889839853737,0.8125798935539176,0.9017623027576446,0.8168896759473334,0.8219821616480147,0.7919624144431772,0.6371090708555182,0.763977846425794,0.7877987006704092,0.9448877224333677
0.7750128058742934,0.86690953916667,0.8406938002880808,0.8238570621566483,0.7757458894447993,0.8144802067423709,0.7484518974194667,0.8625611796829774,0.7617467007485353,0.7339625397856494,0.8364931395544337,0.0,0.7600919480459564,0.7123070870037904,0.7545666446852451,0.8158072586526133,0.8167181332033854,0.7045699386815548,0.8818077996300285,0.8600827575056627,0.9050826485100897,0.8379838747962663,0.7522658699322983,0.8367860188738174,0.8330815976929719,0.7210222868028263,0.6782213770876608,0.7957116999194818,0.7475107465192096,0.6869676142999593,0.8232914162330351,0.7822472808382972,0.7778926099460508,0.8435302764630899,0.8169754659251374,0.8709711411445883,0.7471212315224284,0.7751337630240912,0.9008569768450911,0.7563844443429892,0.8273149903441328,0.7778996164441901,0.7334244874445018,0.8490720888148938,0.8488291586267231,0.7367515920594429,0.6841692232138764,0.8326312044376513,0.7884926104256381,0.8339869407990149,0.8231638689404911,0.8309518877836125,0.7224553726941897,0.8909250271848933,0.865484579242535,0.7620718101669862,0.8395054166829401,0.8577158822785207,0.7553756723673039,0.8190225089850033,0.8312964482034503,0.6603737051686939,0.7704709160618879,0.7902950715268783,0.7323265297172615,0.7246735371098337,0.765624573132836,0.6442549791038679,0.6717433211680172,0.7403967981618959,0.7796314757911866,0.707863620817807,0.7802212244580945,0.8268158386867444,0.7913217560662945,0.6162687923628455,0.8167226110109023,0.7275384157680808,0.7248456503563923,0.5989406410398517,0.675770835290751,0.8344051787331717,0.7491990036306752,0.720970331917587,0.8365885298381674,0.8542339788060681,0.7818286720036399,0.6816685655717735,0.6935740564089721,0.815089469380422,0.7622513937659146,0.8103658691225075,0.811760819500208,0.7728058169570236,0.7979067448943435,0.7557483898834284,0.7995778012690985,0.8595840864351125,0.6946604346267822,0.7648397090086998,0.710004322210716,0.8102585361157949,0.7176940889277704,0.7662545227260964,0.7893606409326915,0.771512338048396,0.8085741507512557,0.7874933101400036,0.7193943747649039,0.8794538397104369,0.9095546048704722,0.834406244506445,0.765947687720914,0.7080579207090613,0.7265868771341515,0.7920365331779876,0.7238750762798076,0.7807229143990777,0.8521405157275113,0.6680899665463633,0.8113151366632966,0.6939602508279765,0.8277411632277465,0.7860946770891037,0.7313291238952053,0.7722323806434275,0.7550145337502969,0.8248703416656108,0.8720761795037033,0.6827277694045488,0.7046061479790277,0.8217362520740783,0.7027529795898503,0.8476542326905995,0.9077778735043323,0.688107749559871,0.7291605782501093,0.7369898511122667,0.7801554787651063,0.8278508240353918,0.6597538110552927,0.7642472526624685,0.8449862680233573,0.856959127971688,0.828528257878237,0.7167016820583251,0.9020780889003123,0.6363208627331531,0.8252179492443367,0.7236566297572409,0.8698333001248681,0.6729937175169736,0.8738461469640079,0.7556018234284044,0.9161305482129418,0.7972419287054864,0.7907123214483356,0.8077528954645707,0.7110144235059673,0.7071736877212892,0.5897936808005895,0.7227118463982871,0.8310287194021883,0.8224894476872029
