0,1,2,3,4,5,6,7,8,9,10,11,12,13,14,15,16,17,18,19,20,21,22,23,24,25,26,27,28,29,30,31,32,33,34,35,36,37,38,39,40,41,42,43,44,45,46,47,48,49,50,51,52,53,54,55,56,57,58,59,60,61,62,63,64,65,66,67,68,69,70,71,72,73,74,75,76,77,78,79,80,81,82,83,84,85,86,87,88,89,90,91,92,93,94,95,96,97,98,99,100,101,102,103,104,105,106,107,108,109,110,111,112,113,114,115,116,117,118,119,120,121,122,123,124,125,126,127,128,129,130,131,132,133,134,135,136,137,138,139,140,141,142,143,144,145,146,147,148,149,150,151,152,153,154,155,156,157,158,159,160,161,162,163
0.0,0.4879753530739451,0.3989103379690019,0.5429078209310498,0.49767770446828663,0.46619174321148454,0.5968045254423251,0.5211771548613457,0.6098776191113373,0.3803358938919112,0.5125331412030705,0.4484018031685112,0.569272881407259,0.5714071182906345,0.5494341158653908,0.4902745800558329,0.5264055192878329,0.7572666945393373,0.5002958232609873,0.6377034706083244,0.5364460074882207,0.48823463490972224,0.619257775086863,0.523934114109396,0.5203666237673641,0.5341841981013739,0.5330750015018545,0.5181599003934715,0.3568544307012723,0.5200073332461677,0.5546704196740893,0.5194576245633639,0.5558393165188856,0.526645784928989,0.6417216474693416,0.5176401903717395,0.605687321082918,0.6133995297487619,0.4595528674952053,0.6174723810409576,0.5527052351527709,0.576096116651773,0.5687840919947793,0.5336234855653018,0.5708630292994749,0.6193922721863458,0.5463344104034286,0.4583918886121367,0.6488998676081105,0.6183247961077001,0.5964311210861356,0.5674816088082558,0.5485600822757789,0.46067637246062126,0.44021041777681386,0.5306276944587565,0.6486283555882177,0.5294175454247749,0.556383567871683,0.642652616046333,0.4709013315053565,0.5309017965857986,0.5592887667261843,0.515501887385699,0.5668333601398652,0.5467684407901989,0.5732572690302947,0.5615589661169855,0.5187406259120063,0.592424108937724,0.6645210632163412,0.5673086718266479,0.548337341759809,0.5681529445591067,0.5141819896402658,0.5862090449339878,0.5155590727599216,0.4982086843454913,0.5623307155846876,0.45252402069824815,0.5007590389744736,0.6282164889313325,0.516464939304216,0.5204239421322091,0.5642728125233074,0.6751040122056787,0.5886975466992566,0.5955140053086435,0.5560807751704331,0.5266886277146344,0.6761491599893179,0.6092834011455727,0.5192505415469779,0.5828222806142412,0.5761971154527218,0.45439649327233683,0.4599666815298585,0.5416909684764456,0.5625711345440036,0.5557313215972182,0.5141137063363366,0.48907586709445033,0.5468960288117436,0.4287436549185667,0.6151572082128558,0.5641637776818132,0.47640314344564516,0.5074782097485382,0.5978671783604165,0.4936575908196817,0.5375165923133253,0.6175331328115045,0.5551325612084153,0.5193818090599007,0.5991240660830407,0.5704246330422728,0.5833181466769702,0.4337435160483091,0.43821171881682236,0.5450025997441806,0.5967061609426607,0.5261153421134196,0.6163645338533948,0.5911326988552049,0.5646389316895678,0.424881471034068,0.5157085240692008,0.5155296700681027,0.43285378797695423,0.5850919803276183,0.4970998225768741,0.5062081242185775,0.5444772045549089,0.6137788887794486,0.4762215963284474,0.5106214940299564,0.5175088644309657,0.6144305552905259,0.5140545875910325,0.6152327913138061,0.49575318610252794,0.5252916710784826,0.6218391009291052,0.5197553735991949,0.5508121260582484,0.637541307462794,0.5723866775700649,0.47077699277310986,0.44350249577029366,0.43293970435762225,0.6486138077171809,0.5169292397913484,0.5305378596756342,0.46199555194227143,0.5302732431436807,0.6324972713076853,0.6189443624435675,0.4978645431007934,0.5582402305605493,0.5212252165890797,0.4775470295744033,0.6372432221319865,0.5138396740988428,0.7163966553605284
0.4879753530739451,0.0,0.5589940619565317,0.5112470295551467,0.4350348428243314,0.6103926278324943,0.5531744449203132,0.6274926569924316,0.47168550216857696,0.5342987158281431,0.5660082102701416,0.6627945756210588,0.56303796230214,0.4712137579024351,0.5351933713989235,0.5326732620615684,0.5081264655581499,0.48342335400052955,0.5899782705986995,0.5315761711750684,0.5554078389913968,0.655485950964063,0.5031285445603332,0.5433123555620468,0.6199598184326193,0.41393901028394764,0.48525798989420754,0.4782968784332705,0.4701594496783377,0.4731794145899398,0.5597745209388428,0.5854753035656242,0.5907768741303453,0.4813230333231477,0.4790012284729623,0.5504635159756865,0.5328915520150077,0.4895833939034653,0.5480054475477351,0.5157121028439853,0.547665572307605,0.54610204914336,0.4799200097508536,0.49694088463873076,0.5896959635623529,0.4944115836493563,0.48091866024904506,0.4991674960953494,0.5411291406069673,0.49377228106141413,0.49652768056391894,0.45580988445215304,0.4757718904412693,0.5738096064670266,0.524928639195817,0.4997035319820608,0.4797591928969586,0.5781268410980155,0.5225034502575111,0.5313700221149282,0.5632829990088355,0.4335755650743869,0.4650641607406211,0.4749077325383536,0.4359958646108235,0.4451758163726286,0.4921905119522453,0.4830346199256572,0.46804754205519805,0.548001314453434,0.48081520459423666,0.43116023388119307,0.4241065312271986,0.5453388674195645,0.5450487025828057,0.45613196220472885,0.5105419676426403,0.49445197602737756,0.4339887032885062,0.38813859100130804,0.4947723946574812,0.47520890390726356,0.5428077577915232,0.48253795825814183,0.4298642144758205,0.5665773264246857,0.5133928113735113,0.44710496282820317,0.4923532487585726,0.4929941267762838,0.4567686514205047,0.532335020765974,0.5339609712731667,0.45535386747524803,0.44383453812605617,0.5823823368300065,0.4840772714451416,0.5466402517260616,0.41080452967198383,0.4809008023002715,0.46416181769431575,0.5353726436012995,0.42325615686759094,0.5443646519114298,0.45906259159963037,0.4752337381099494,0.49457049554780097,0.522276522401484,0.5325385014531383,0.6544484452199085,0.5623490206981107,0.42854107383022405,0.47130722046062723,0.4649404815796175,0.4335095938135715,0.46559216769226114,0.5006445279301639,0.5138972988449133,0.4973180771168193,0.4258768939392,0.4300971676372902,0.4355972103479922,0.4579432510833128,0.5254144752916433,0.4184183525691028,0.569364673975245,0.43085609982800993,0.5990783318325108,0.5361752717181318,0.4807880152968496,0.5061896934764891,0.5138929768178779,0.42671046155317904,0.4544677382528384,0.5603597605174445,0.4322399275885887,0.5008326079524629,0.46262053179640406,0.5397269867071418,0.5446570746796209,0.5022091630170682,0.5389972754438772,0.5217978086137709,0.5139318439176085,0.5269757911651739,0.44862248730528953,0.5561104975163714,0.5286629049370899,0.5736085510050691,0.4625101898937972,0.46353920716860475,0.516051088230604,0.5277352071732945,0.5958063181471699,0.6003625362288015,0.5528138171430536,0.586105499235006,0.5212233364564811,0.4485736356155622,0.4147526053425948,0.4769534627308079,0.4551506577804212,0.44318512031081253,0.4581158841293013
0.3989103379690019,0.5589940619565317,0.0,0.42829721561751094,0.4188235684423926,0.5917524050915064,0.4424764188185351,0.49835665565852943,0.3695880522418106,0.5541001931994126,0.5595732682196648,0.5945880276529885,0.5033162083952724,0.3965873731953533,0.4165126813034503,0.5834946573422845,0.5027204098437732,0.4047430382646593,0.49606819033697835,0.4288339505707489,0.5085387262992859,0.5615150921683677,0.4266503716432529,0.45882502836203504,0.5168745344701499,0.3845725082400855,0.4161761968822466,0.4342703982930802,0.5203078787965687,0.43775784658239314,0.4185617977301464,0.5437474684996702,0.45781107930526205,0.41624950391947596,0.38492506493615997,0.46790335095228275,0.4535217193225928,0.4237941338935738,0.462617706786754,0.4392034677274193,0.457366907323938,0.46645259232853636,0.4352072004959274,0.43725931996393974,0.4652059141117049,0.41600632394294307,0.4385981805460295,0.49820439503435465,0.44957891931088106,0.4216929164099247,0.4309321679986194,0.4127462579744813,0.39491454195609915,0.5051196437154539,0.5001689530579034,0.40918635680340465,0.4086335064896596,0.5724346166457951,0.431020047557881,0.4324070670740044,0.48719207385514024,0.3847727114848625,0.4347299231000912,0.4144882582423254,0.36146005946825954,0.3853032624315905,0.3984882674512213,0.42339487177083224,0.4420026314531005,0.46129865234836887,0.4002921957409944,0.36306924978747057,0.37166414920036767,0.48327160891368004,0.49849938986182984,0.37734488517599835,0.4791615600799079,0.4772403367651167,0.3779067302226393,0.36852879561966145,0.45990232407347165,0.37662094219433256,0.46432774291460216,0.43923483948524567,0.3782697922692611,0.4463977250416077,0.4313365070087434,0.3764842071744709,0.41308342121337177,0.38386389539067123,0.40868760084661904,0.40002295534437643,0.4857725442249291,0.3820229967008678,0.3761008538016838,0.4925714366342008,0.40347896883056555,0.4471155011337357,0.3483102892351077,0.40002077580822737,0.3845382741386846,0.49031261781694035,0.3644078007245526,0.48373808687935105,0.38736382974333244,0.4343611355232918,0.4648058318218264,0.47756918854664304,0.44949358984162147,0.5584619627968984,0.485557037760787,0.36920149568828226,0.4069692529035184,0.4091236776961996,0.3780164908972323,0.41323682859047495,0.42333945531951755,0.4994547793240188,0.5343131619310206,0.36714239168260093,0.3792649022201169,0.379591145680122,0.3973527961194324,0.444340657963603,0.34551659855002564,0.5544388000970442,0.3796118128743813,0.5087315251322934,0.5398675593555594,0.4035778484950568,0.43197318347043867,0.5044323327598598,0.367785706976169,0.3684143611520313,0.4604054012811795,0.3701110921207815,0.43865633020942796,0.38427523793119506,0.4652757562438644,0.43601117486249336,0.41536080683886606,0.49166432316715214,0.40719394314630153,0.4332039745152225,0.4566781402970295,0.38080433208037806,0.44105624125125215,0.4852016690586569,0.5406320042221543,0.47297110350209665,0.37414155205662447,0.43407928182337274,0.45514733052410994,0.5345097863682969,0.5107061538892637,0.4248069167776272,0.4722455611139595,0.48171806719493276,0.3658051267911317,0.38048013236944894,0.4301017783472678,0.37566730878343574,0.3765731581064732,0.3889697133465585
0.5429078209310498,0.5112470295551467,0.42829721561751094,0.0,0.41946367149913993,0.5276963836780393,0.5446442611252106,0.5500727219821651,0.4583994779594637,0.40507460063367307,0.5261585332478989,0.44849339917666253,0.5843918688330143,0.577291674670716,0.4828197600073088,0.4961504499920357,0.5725794092431259,0.5649310247110881,0.5436614158507431,0.5279687828473256,0.5949726545752198,0.4810005266933841,0.5195267727559941,0.48856183101983897,0.5057640155930139,0.5150203585461579,0.4909180838907266,0.5598335290842025,0.3806036489755254,0.41973774208771203,0.47953597847475243,0.55666745732799,0.6567524421593393,0.528565950452225,0.5086655736320917,0.5616709327893045,0.5266382587886617,0.5649413831895574,0.4724012455186992,0.6449222417073552,0.6099039788292946,0.522105377742234,0.5023860969783527,0.5147823105449304,0.5555884272345027,0.5962129500395987,0.4538864810954356,0.4541428314450569,0.5562251842632017,0.5728606892706898,0.6553366994318914,0.5920516830872218,0.6442525583245344,0.5657624537291567,0.48732645635056826,0.4827364204317759,0.6205419151536398,0.5309426095075562,0.6113228271487835,0.6807770787888253,0.644446209669133,0.5706535091104572,0.6160973660200839,0.49338901514217365,0.5367527437014243,0.6277731990665262,0.6577114599252645,0.4885929287423701,0.4871453934225005,0.5657307636460654,0.5664709427998198,0.5068243953710273,0.6023256739603661,0.6956385681363934,0.6009249252662834,0.5370544510164189,0.6256391048603501,0.4814430310904587,0.5382940060082674,0.4720803839507008,0.593835145144863,0.5751957009494761,0.45844151834784796,0.5800478668152812,0.6099370318809749,0.5783370843516767,0.5981499887903468,0.5423802096882139,0.5607912161683495,0.4698403573568606,0.5556823792553024,0.5634329943785917,0.5213703431012896,0.6249105712842188,0.6360088133831691,0.4385799112306453,0.5603530000706438,0.5445942146646248,0.5011648773945382,0.6414385751215614,0.5071838900714002,0.5676866550191992,0.5569737684459473,0.4303541245701875,0.6127346622735653,0.5288523072595093,0.6101184755538208,0.4930394232176799,0.6045466334992292,0.4981148333847966,0.6126369719128356,0.5598918439287135,0.6916798346575427,0.5553886907993719,0.5909519646039331,0.5268308925646014,0.609229865608713,0.4115690935614884,0.5361622365294787,0.5327562843541808,0.48758530049695786,0.5721897135469294,0.5734150383482908,0.5757958482474583,0.4906410363055569,0.45243175692074367,0.6175768761500953,0.4877553478882466,0.4953614624616972,0.5310534141240734,0.44758043829452543,0.5826278734744856,0.5576760407529998,0.5812540868673524,0.49269988642926693,0.46290965860313654,0.4224382495203574,0.5035491081725045,0.49148146413261135,0.5557662975464811,0.5501086950219224,0.5436909750691089,0.6645245382428396,0.598832104352879,0.5453005377849279,0.4832319666526622,0.4776321485427452,0.5329602675253271,0.43651881983775226,0.4718540864178862,0.5654657590268688,0.5655244277485656,0.53270121375315,0.4440391868093176,0.5604015505836837,0.5719135696546558,0.6047323061254758,0.5066257025065531,0.5601281304851243,0.5668731729300812,0.5545357798007969,0.5542240512071128,0.550385567116125,0.5409786469076261
0.49767770446828663,0.4350348428243314,0.4188235684423926,0.41946367149913993,0.0,0.4329241284342008,0.5216009182790758,0.40540377207949163,0.43072911116182216,0.36016851416995055,0.5167174945548857,0.437654509164963,0.45827156840847555,0.42801563118412367,0.5130449165635801,0.47954513711654934,0.4522110139818309,0.47559513505020284,0.4268161855983528,0.44996908383788364,0.48377127415269877,0.5017984773697262,0.441629138762396,0.503700504062666,0.4328762457872756,0.46115048631383754,0.40339168070667364,0.38762762201888135,0.3772718449876533,0.49649714192664796,0.4533912479462737,0.45164345318666793,0.4705668493657169,0.39285988505153213,0.4627158226460731,0.4499426138061601,0.5048805112208742,0.46855920613956614,0.467363315960787,0.4760404437728396,0.48647391187509686,0.4576865107411304,0.516829116890598,0.5454682753464903,0.4279549305253437,0.4439744461260164,0.52657989083502,0.5203406236171111,0.4968750551095357,0.49714307641072214,0.49576788063166993,0.4650231356237085,0.42973929607422895,0.43591948104403944,0.4360476111298457,0.41245914389464994,0.4708224271043716,0.49935572869267786,0.4278655854413097,0.45526941855603353,0.39165571562841545,0.42946772470584854,0.4797997126424502,0.4246014137488893,0.4420991752428186,0.40812734411314405,0.4121281731221813,0.5239020017011079,0.43276060482219203,0.44397056020387216,0.517914221657071,0.4308746130878669,0.3938842311066381,0.4603809038226426,0.4170805245787024,0.4217425956514486,0.4603075531656146,0.5391720999386512,0.4142106046145204,0.4261910948161383,0.44191234896780285,0.44518404244730714,0.50407443233082,0.41188217516090797,0.41215378924291085,0.4589532573178007,0.4295822428184641,0.4339826718983078,0.3976470079308612,0.40541033925431874,0.5399353228541122,0.4354386897848402,0.5253551885812784,0.42966548460134957,0.42723045689801253,0.4442594872010564,0.3846139873503835,0.4028695848296305,0.4274362374593203,0.39308348544546334,0.4321168284010013,0.42107815628901074,0.40271742124777704,0.3907355907178844,0.43082453863726167,0.45224351109892896,0.40138524730451564,0.40205828605950455,0.48178955426312603,0.4633214859657136,0.474610796752582,0.4473173638867609,0.4126920095051749,0.3960931013970677,0.4360458981178286,0.44001628044005964,0.41459468376529407,0.4465683074307799,0.40949827127276556,0.3951150132535284,0.5763155038569305,0.403098266681951,0.4319152024426474,0.515103788297428,0.4331157811270913,0.42958410144055287,0.39213093339502847,0.49462012784406906,0.3931506210887612,0.4783922809473529,0.393988158799802,0.45933023599054296,0.4012107356646662,0.44235904248105784,0.4327647655907689,0.49599483513635556,0.48020842200109765,0.5035407695521142,0.4228278709933977,0.48463220599380996,0.41694155098561664,0.4713101863141099,0.4337018038408525,0.42829731397762016,0.4905328968124881,0.4414846695929148,0.5443770464331203,0.4315491032025076,0.40335530782953255,0.38528187207574704,0.4398836989347119,0.4359788741120599,0.45298573704882933,0.4425653554024219,0.4443488514402212,0.458863324281841,0.48332888026287973,0.45212615805085987,0.4318696204844299,0.42613511433279494,0.4000528724178945,0.43968301880836297,0.3932204839499301,0.5375457757746752
0.46619174321148454,0.6103926278324943,0.5917524050915064,0.5276963836780393,0.4329241284342008,0.0,0.5150452210352541,0.6136308065906383,0.43239640874730156,0.5093800751930359,0.5570999464010215,0.585796336722767,0.611062065475537,0.4531168443453486,0.4513760399925421,0.6090186326553715,0.575342529679704,0.46385758141486416,0.5516708458415613,0.47379564393620394,0.5984266257669667,0.5479643370332602,0.483347271289327,0.49462609159338594,0.5730304453529756,0.4429671680757196,0.4631302313534849,0.4980554788008073,0.439144459653704,0.48761696375769015,0.4677781055177748,0.641499182251114,0.542178981810449,0.48646716524161027,0.42359909582879884,0.5012819882942716,0.5275491604384855,0.4794170614354529,0.47751501735936513,0.5150937047531685,0.5139532223246545,0.5865489501765286,0.46990522883572905,0.47675117750592344,0.53157986336228,0.5051006935097592,0.49742428216218926,0.4824024543504304,0.5027861502618981,0.4699935926791802,0.5169119452195321,0.49906232076915097,0.4679845533921127,0.5449316480285652,0.49090686780071296,0.517303234731413,0.4828004980370338,0.6716840618784337,0.481746524304685,0.5175526282971809,0.5922737762339504,0.46680242463134525,0.5103780648818605,0.4329091062838218,0.41487356335703707,0.46354195457945835,0.48962575101519074,0.49486685507345035,0.45831297473443905,0.548891667690732,0.4783046427523134,0.4049249313368559,0.4399722708047581,0.5968376121069121,0.5937692200057184,0.45051660722245485,0.5839330656141787,0.533457038015452,0.4394108445566086,0.440981489347832,0.5788653654983437,0.4538589902646274,0.5424693695945304,0.5097167197167196,0.45455950133378,0.5380800590971673,0.5328613000970236,0.43271567040760184,0.5094003228612709,0.4698537206889677,0.4754397925929432,0.48713963690597833,0.5037846751569924,0.4575892169421994,0.44921605354059796,0.5135141342971034,0.4669765517131151,0.5431927758570791,0.3993313142998768,0.49879965341455457,0.42721590851344077,0.5689927716828292,0.42705689384713075,0.47988837430259745,0.45396891755218427,0.52087653777139,0.5555325585189929,0.5403576125428131,0.5296062434317224,0.6212122506107031,0.5730042522818283,0.42662264244569464,0.5131728182637955,0.48841068169554525,0.44204124806199996,0.5029874630535074,0.5188590346688698,0.4524890845815331,0.5620778242969677,0.4415140304590891,0.4191870266815845,0.4622744337791563,0.4700324029133635,0.5510991161420061,0.3932713145220092,0.5330635909926659,0.46978972656798473,0.5737975986134598,0.5352405053625057,0.4466218724927546,0.5097161334025713,0.635591116978714,0.43823410124091666,0.4399529058369513,0.4735534954620467,0.40019979664490185,0.4647650160463091,0.42096280526952495,0.4671079971402889,0.50770686401943,0.46330565894722175,0.5528412716701441,0.5080135325139871,0.49424234580023274,0.5122041736580558,0.4360527495785658,0.5046250603326069,0.5960696714238112,0.5140177049378106,0.49804345111565024,0.4368177728276853,0.49880865841451855,0.48514019364099814,0.5527244485595629,0.6181401241856569,0.5113350575650798,0.5662453448596578,0.6118361172310408,0.4145080354822024,0.4573244399220355,0.5024747099052088,0.4456127575398106,0.4602628181080044,0.45235477583371575
0.5968045254423251,0.5531744449203132,0.4424764188185351,0.5446442611252106,0.5216009182790758,0.5150452210352541,0.0,0.5292266126372733,0.5183902104173567,0.42920454095554444,0.5283435206649232,0.501325946352693,0.5855156241793169,0.5338773589771271,0.6368814044188228,0.5093660710655864,0.49551203215021333,0.5739204866292341,0.4909399557638282,0.5254242447044489,0.5474792918680879,0.5347428079573274,0.5637798795063639,0.5693143767865504,0.5578070715487807,0.5243447216714617,0.49917174315028556,0.45323337085988225,0.4018944106955578,0.5046144397475635,0.5992610379078456,0.5591680485064936,0.657289403954567,0.49622569709337677,0.5429399169345887,0.535541122353921,0.6864049373604969,0.5398148428568551,0.5142672066131887,0.6214254343041272,0.5794836915176708,0.5486606509002523,0.5664552127428525,0.5939322312071765,0.5799182729585259,0.5869250247039709,0.6049647346299883,0.5175726310342483,0.6537120975568045,0.5490456270664138,0.6026687592657244,0.5189480107595653,0.5084143420211806,0.506851420654522,0.4920833001752225,0.5537145128290193,0.5406567691884638,0.5405584407266922,0.5555487450786026,0.5830384630245796,0.49179787889516785,0.5201454951742743,0.5137591901159819,0.4823419979048758,0.5105179143108666,0.500833047032801,0.5837734366806041,0.6814455417934524,0.4802941031643017,0.5619169685876372,0.647078356467091,0.5150875313786047,0.46499629292194433,0.5778952217220732,0.48136232477875945,0.569629437490806,0.5652425711998059,0.6071758916161826,0.49811875692210206,0.46826869140573646,0.5342935233708349,0.5571266721667859,0.6128187215609406,0.49438390926758013,0.48825171870451134,0.5919787027594073,0.5616878759106642,0.5521867583661433,0.5362629843224022,0.5490273801825891,0.5741255028607011,0.6396545363173703,0.5574586899109855,0.5160916322692352,0.5197068061733324,0.5555644298523191,0.45792354716970846,0.537039518088286,0.4947203736889063,0.5357470727540073,0.5387768467929163,0.5281857279282938,0.5119268263570044,0.4737164226675539,0.5169964665209039,0.5432387462945797,0.4827986019835774,0.4838380179556812,0.6667182898942475,0.5715043433790955,0.5822088945881919,0.5147291168138057,0.5341253460533648,0.4824433936301645,0.5156368766161572,0.5075848143824073,0.5299570114954772,0.4711302124412812,0.45866578974214584,0.48681578044532764,0.5401627885441365,0.5092456767195939,0.5092069018145274,0.6958048858599817,0.4964193458318282,0.5043013549255928,0.4781558228212067,0.6297202996550751,0.45734029755157735,0.6042442886646884,0.4773403189264076,0.5047667677874292,0.4925368296419875,0.5168448842880552,0.49510916237704394,0.5162974192085585,0.5344160674365238,0.6006939574977334,0.5059172695516689,0.6319921219114631,0.5433832035608291,0.5503743179156176,0.5847829688947133,0.5115889483100419,0.6069577655638685,0.5618369320604274,0.609885581782636,0.5558274274240441,0.47139752768816634,0.41524601930223554,0.5432415667215887,0.5413749763127619,0.4782084079620969,0.5573941203957619,0.5775832976043579,0.6677196481703719,0.6167087662638422,0.5676426876058536,0.5483727525100976,0.5010609741616706,0.5211182709027461,0.5468940312287919,0.5096414431888303,0.5635125205086299
0.5211771548613457,0.6274926569924316,0.49835665565852943,0.5500727219821651,0.40540377207949163,0.6136308065906383,0.5292266126372733,0.0,0.49414293048179286,0.509388036797322,0.527121214347809,0.5591514619550894,0.6611075134477445,0.4986114414464844,0.48019743249710395,0.5567719775019356,0.5488457473451006,0.5272645577689742,0.5563217683206081,0.5490909468965122,0.5480674706740606,0.520041172888376,0.5723225506230815,0.4967538485024762,0.6662685939315689,0.4548081744249117,0.5580869204961201,0.5592419164209692,0.4159154953775435,0.49323133111585704,0.5351473339678734,0.6213027316936899,0.5645878153916308,0.5590233479304197,0.4762303707091571,0.5221959281070838,0.5759725191768709,0.5271433697349894,0.46867984871288754,0.547536979609522,0.5218896033725784,0.5889522066524152,0.4920661073821682,0.4672234096573285,0.6713895359260087,0.5663457581085871,0.49461323280171415,0.4571744204322824,0.5590234804284745,0.48880651117011686,0.5090281585574497,0.4875540619393449,0.4764571381919429,0.5042306198453714,0.4785105657815174,0.5665819727412937,0.5063961419977036,0.5984403865000838,0.5283383896193403,0.5672907934317672,0.6019729477903005,0.47272534789901804,0.49441442227214877,0.4728869135127729,0.43508027000860694,0.49192312164962143,0.5520606624562436,0.5017272378460289,0.5031997175898766,0.6636349302552834,0.4966861465135536,0.44925347852113895,0.4693130110805225,0.5892022203533299,0.6024703520343558,0.5081048163061965,0.5426981859097841,0.4925910083237112,0.4956749055368054,0.4172014195972724,0.5337345317355454,0.48658180360094405,0.5349993833503723,0.5638494005010889,0.4800663015368174,0.6517356862734273,0.6209466941844612,0.48006269003056945,0.6178017818906134,0.5355606365533739,0.48291635774924,0.5479192730197988,0.49018749891373803,0.48049165514595915,0.47055415661068517,0.5296639109005926,0.47566750984304496,0.6509407795201236,0.42717616043758827,0.5680216576563282,0.46450538985143836,0.5889591686004055,0.4697267233421725,0.5243145555231699,0.49819829817641004,0.549632919979695,0.5405454685037331,0.6276440261345347,0.5628793843884206,0.587197475272061,0.5416085058563219,0.45781780384859955,0.5357772818190378,0.5407713550692528,0.4803901332116303,0.5252475226541024,0.5848601340281046,0.46003411090519297,0.5011350239840953,0.4882859390052208,0.4243493176006865,0.5060963626258574,0.5087804968026302,0.5432375565945271,0.42364092877117676,0.5153186367460072,0.47686873779746525,0.5803230762212093,0.5326374853043193,0.49182988385563936,0.5835004720674184,0.5439675530101451,0.4889738314038766,0.4664849724458712,0.4936636068574927,0.4090359600877514,0.5061774763569664,0.4601535004583839,0.5526543647577735,0.5629893549630365,0.508294501971288,0.5413104655938494,0.5483472985817651,0.5071608212426025,0.5306347142057624,0.49822799239493415,0.5082614438669134,0.5620063247735669,0.5567904855833735,0.48837421353925564,0.4920938210663706,0.5195759500669205,0.4944793142555627,0.557629099329694,0.6620489446469385,0.5999658281824509,0.6112315349555618,0.5750277548934538,0.4545055788099488,0.45832944637550543,0.5286991576465104,0.4931495989079644,0.4994880964559991,0.4685236557715153
0.6098776191113373,0.47168550216857696,0.3695880522418106,0.4583994779594637,0.43072911116182216,0.43239640874730156,0.5183902104173567,0.49414293048179286,0.0,0.36994026042575057,0.4354579760755343,0.4185743468789804,0.4841471608742575,0.4960841953714896,0.5026510279978805,0.4183493934384132,0.4290847769144104,0.5602919996187259,0.4347302553642883,0.5105062222650779,0.43690871065671444,0.46120409189272393,0.5024803896949667,0.4458593796635513,0.46982789045493273,0.41681293976580425,0.511164363764361,0.4405465337761118,0.3351408749801057,0.5155746615049207,0.5329330715100677,0.4484320387022082,0.482982212578,0.4312914942371414,0.5259907339754961,0.4353442668550608,0.5113699171882499,0.4912474461615677,0.4152146562751749,0.4787907101769233,0.44721364646203793,0.5537217747146763,0.4438502906674576,0.4351858539724873,0.4855053427215494,0.48621855728128877,0.4693608308089873,0.39007821640938833,0.503964552960612,0.4747882614149124,0.46587980272168444,0.44001555450262136,0.47092907279421453,0.40399475414583225,0.3858555294859552,0.5472325500678349,0.4852960401557106,0.4592150477164294,0.46402166626594527,0.50173930993748,0.42417127954491096,0.44884385972286567,0.4342596315429716,0.43318590945241475,0.4711268222939409,0.43858234726867873,0.4980920583282081,0.5029921285055429,0.4448029570376193,0.5344886024624804,0.5294244106451269,0.46827579612270553,0.45450354568101603,0.46190322383763954,0.4530908132654772,0.4977069013965757,0.4315987476109204,0.4327008043033779,0.44033540334546933,0.38923085010640024,0.4264519443035301,0.5578745355515772,0.5120539257380761,0.43651767402857944,0.44624181824540116,0.5597253036748289,0.5103354262407026,0.49623544552043614,0.492697187602121,0.5712023305378057,0.5078363764076022,0.5699450562811632,0.43603813698082,0.4633796789326289,0.4815071287691995,0.4435366886720432,0.41600100090832354,0.4720777300999657,0.4783008069013781,0.47396798490460157,0.45247752138138886,0.42308808378355073,0.4430147248437913,0.4006118427031263,0.48820268337274025,0.45396234598184904,0.39878629854995695,0.45100061573285166,0.4737743743260887,0.44040550465893574,0.43885814741400475,0.4695794976196239,0.4685783844490705,0.4736034162484614,0.45407368980835444,0.49380990401539193,0.47563191940469346,0.39394550369822867,0.37029470711874973,0.4994252455486746,0.46653732270984805,0.462803242144537,0.46377374435474883,0.4931462678205435,0.4992291046877476,0.387933400050275,0.4436879261574721,0.46960701483032025,0.37556763504073143,0.4804004886968975,0.5343341076480546,0.4338157240186484,0.4750273786118659,0.5357122092840099,0.4212510593223889,0.43662061679310504,0.46325454301719027,0.4844650484654912,0.43636587507537467,0.5182597379498761,0.4454410565327477,0.4534308496888427,0.5490222505197335,0.4568760467079181,0.4550605064398114,0.5091171519121122,0.5516748375561575,0.4273292510738791,0.4082573509708473,0.3813435671084044,0.5141222797129974,0.4577721240915537,0.45708619464599926,0.44090187133458,0.45623114199886283,0.5615968633814259,0.5257557427547694,0.4487467928090047,0.48077770612565573,0.42959050953909317,0.41719019433488125,0.5264077070798922,0.4630423629999784,0.5415338973184096
0.3803358938919112,0.5342987158281431,0.5541001931994126,0.40507460063367307,0.36016851416995055,0.5093800751930359,0.42920454095554444,0.509388036797322,0.36994026042575057,0.0,0.467638390431839,0.5249517434190961,0.4778275632512049,0.40313744239819843,0.39641522190750317,0.49664783484498604,0.43270639379204984,0.3944026012463627,0.43972932220698674,0.4064017259722295,0.42587465682288594,0.46310112791652824,0.43357416682575445,0.39631205793914764,0.5640459818000562,0.3619954320564816,0.4445303628093287,0.4149459836734407,0.5561553777398093,0.41581187676258297,0.4333443127250824,0.5235803179860968,0.43477714461629974,0.4109042168308841,0.3801654166608877,0.4476109098724223,0.45279238697864693,0.4166417300428682,0.41917820920140525,0.4075828731377669,0.4167361424159725,0.43212489183738445,0.4111596932206342,0.40243333890292543,0.46719987264932356,0.39970797977363626,0.4135085709145989,0.44285405891050816,0.4452114013931571,0.3829058083695135,0.3908340580744139,0.3642925417581536,0.3680953156844835,0.4326587674375989,0.4809032925483624,0.4219285750923974,0.37269602258468804,0.48520444987437344,0.43062148386105775,0.4060920654137449,0.4592464804848252,0.37619636661052386,0.38262912441312447,0.41727242206825477,0.3405099100197033,0.36563460029614414,0.39921564875329985,0.4122594746455399,0.44776504624810964,0.4733941890851221,0.37415563417903985,0.37015152133726675,0.35802326235884574,0.43150911591176805,0.45437855215189327,0.3956155132047127,0.43077540313662976,0.44673599137815123,0.3713336662849691,0.35372067820265407,0.4374485315202981,0.3555330678332162,0.44692542343201114,0.4443454913774672,0.36324222514208215,0.4307378592024367,0.4419793685231255,0.3849508873251655,0.4397102643031805,0.38882014481447763,0.3766681539069987,0.4101361845233369,0.44321463966511115,0.3572787082182934,0.3626214284768704,0.5501698480643084,0.377109979755848,0.4653285886408214,0.3485408948904678,0.39822281487983285,0.4005658593101197,0.4802636974212632,0.3715841412398038,0.5819479902888204,0.37720139260095104,0.4053568245955173,0.42529305127051176,0.48844314675556877,0.43079038675172937,0.4880416259021095,0.42715338388033675,0.3555474017169173,0.3966568836998213,0.4280166317546605,0.3639648889743698,0.3775268538857001,0.4265036175428576,0.501199841897188,0.4617094107017475,0.3804660824264852,0.3458453113255496,0.3910611316106096,0.37595502407043063,0.4156690028214682,0.34417579434337464,0.5765667204720979,0.3615302471626505,0.4722646471520138,0.5270139069523526,0.4061056822464475,0.4599436286813593,0.4270999547239017,0.37538304960035906,0.34931382105784625,0.42270321974424757,0.3520164575831686,0.43202737900934185,0.37395747208771396,0.47253386847018747,0.43491088375458603,0.44639283148943226,0.47998882238198665,0.39041901337539553,0.41832692373114494,0.45104886750352835,0.38414108032005934,0.3964469590654003,0.4918009823902304,0.6134283234435984,0.45705923858494585,0.3644645130416834,0.45179568655375146,0.39024379802532955,0.5203742452464971,0.506293548475999,0.42765474589601754,0.428144164759512,0.45437595938903863,0.37005115270442357,0.3690365670496873,0.46224347244810654,0.3816839544456684,0.3957046312491743,0.35461970696699696
0.5125331412030705,0.5660082102701416,0.5595732682196648,0.5261585332478989,0.5167174945548857,0.5570999464010215,0.5283435206649232,0.527121214347809,0.4354579760755343,0.467638390431839,0.0,0.5442122859450148,0.5795921624416182,0.5118062467681785,0.5062524410927536,0.6511571021116764,0.609655486307479,0.5333140347597768,0.5826434450453101,0.5457468369009021,0.6136138193601062,0.6305741940266069,0.5094540124506276,0.5154048802495428,0.5650614920909229,0.46369838846964395,0.4851898124754497,0.510793537607291,0.49083488164180417,0.4834670314976707,0.49632602395318526,0.6251263066694405,0.5654669913201227,0.4671476284065042,0.5096132016579377,0.6169179134393048,0.5473593659255006,0.5819498547770031,0.5490643603399855,0.5438751044675255,0.601595111187864,0.5134167123447648,0.5710210147795536,0.572519573054319,0.5310940128386652,0.4940228996466414,0.4832547152092279,0.6088336562828257,0.5880065749429407,0.577172142237168,0.5578801878116361,0.49914266759600046,0.5048024966212211,0.5823437065287699,0.6075269451743377,0.4340157949069705,0.5346942961028338,0.682083260096291,0.5503987697951234,0.5544798612563712,0.5397100917822593,0.47293476252226485,0.573428889127055,0.5433029011581721,0.4602012344035578,0.46969932824154387,0.47186338951303064,0.4895619942942911,0.5686844414904861,0.5674707050578754,0.5032676744633491,0.4727957982287084,0.4636703682427713,0.5869817749600822,0.5982562866612651,0.45961128476634255,0.567450877990142,0.5414395028584738,0.46286875111841586,0.42739980751382955,0.5365902025938805,0.4626623437817328,0.4928174033792121,0.5427918531042145,0.4737410396743326,0.5379673135162354,0.52798322025676,0.48207321579859536,0.47293453728400014,0.4132350129174369,0.5446440931725374,0.47602761596923376,0.704287233182596,0.4808156724316503,0.48005964145929814,0.5070020048614905,0.47360450129895154,0.4901230696111093,0.44839419669559744,0.4579309432334031,0.4905388329520834,0.5628323174648516,0.45040162489380525,0.49446701598924275,0.509368649838666,0.49210495503290586,0.5244225544765562,0.5083645215399735,0.5471970996446888,0.547572111625359,0.5879718401672827,0.4836086152949075,0.48845864854407084,0.49692366545088046,0.4852687651683009,0.4690002125433598,0.5117820512173579,0.5649800169055375,0.5766075169463153,0.44449184343531317,0.5053901138977586,0.4612939826833075,0.4916313937155598,0.5319622477675636,0.4472391390609907,0.5548591796015732,0.448187696917666,0.5371417910221062,0.5654712254633066,0.5241883514589446,0.45168341537402346,0.5865646086994772,0.4584584999918499,0.472650124885529,0.5483566165819491,0.48047719199120503,0.483979169580928,0.49867081220985465,0.558427934022111,0.5600772688468392,0.5185311169919028,0.6360072059728389,0.4923147008193939,0.5620785867386215,0.5886586694425378,0.45211404581796355,0.5093163240709603,0.5164219443992495,0.5369149544707492,0.5391526152986538,0.48063127374216,0.5587476432837558,0.5876880730398486,0.49068149597063315,0.5682320614904088,0.5113389964184245,0.5724219961241228,0.4928590782268186,0.47504799512265244,0.47039847160357284,0.4908886963326692,0.4825574739621948,0.4458922785390641,0.5110775020116266
0.4484018031685112,0.6627945756210588,0.5945880276529885,0.44849339917666253,0.437654509164963,0.585796336722767,0.501325946352693,0.5591514619550894,0.4185743468789804,0.5249517434190961,0.5442122859450148,0.0,0.5135899483590615,0.4077806283126905,0.49817667753357225,0.5427967501420796,0.4850535868767889,0.4358837225696301,0.5782632544185762,0.4980631140792391,0.5425866305190257,0.5893495732779302,0.4748050268215831,0.5524290719191413,0.5997810103438088,0.40389348862627705,0.4285084149416337,0.4412250874553809,0.47445078209378927,0.4669777691255456,0.5209344259049039,0.5507795461098312,0.5128983875440699,0.4761594435134723,0.4375291388216835,0.5061244464762771,0.5066962700548269,0.4479377740623651,0.5378685076133375,0.46668940901861394,0.5105135168369438,0.49139401926071147,0.48313705798123774,0.49098189972582507,0.5493236433420462,0.4635434137472609,0.48653456938928713,0.5292098797515158,0.5034168775473795,0.45746923453327487,0.459746987803012,0.4400027451914605,0.41547345676296016,0.5315147600029879,0.5097968261349037,0.45450397712678375,0.445277115330826,0.5765328071351478,0.45617049488641453,0.4706321580631313,0.49263363394024884,0.39595571851240646,0.4454954890758236,0.43802621486007726,0.3987655718812456,0.4128783650801428,0.42939436953538984,0.45690602604667807,0.43417465810699707,0.491803689738449,0.4434459694488714,0.39405392037936005,0.381818403560359,0.4938309785918196,0.4859145495618926,0.4190167092100662,0.47276433761043674,0.4867488645712999,0.4193916497494131,0.37449795777857536,0.4647411307538535,0.4235523190950205,0.5192251811666018,0.4471956052822536,0.3981493271310855,0.5135577707179544,0.4682012986414246,0.4042743889482561,0.44803180910574253,0.44513678445270266,0.4258275647993865,0.46642609931872947,0.5054320552286002,0.4176578573885141,0.39253837781155854,0.5757288198724215,0.4350916228648349,0.5198613159048743,0.3732326655078793,0.430771883082248,0.4209372473340295,0.5104134237019744,0.39562703682280576,0.5661343573084565,0.41517599984824216,0.466945434215411,0.46983900140309187,0.5051160031179768,0.4924721684781158,0.6939460112495968,0.5436913569186069,0.39789426483015744,0.4211437136196114,0.41264198483800396,0.4052364441148092,0.43439297961539763,0.46294080911336194,0.5343956830216046,0.49298498690925496,0.3798420522086776,0.40834349254424385,0.3977551951778037,0.43493797470480694,0.49381530275220736,0.3786168717883272,0.5954426091615372,0.3860479646083205,0.5970575496938827,0.5397609225414518,0.4394185934841396,0.4586865889762547,0.483389422336218,0.3846635217894118,0.40345970014456295,0.5389570379432094,0.40724139628913525,0.5356991730302585,0.4336439193123378,0.5172260524542291,0.5034208609227351,0.4488974416143237,0.49163903523710417,0.4469818294925377,0.44883130118208603,0.49975628010006506,0.4315673657750651,0.5274783299974802,0.4903289398012695,0.6024624512967102,0.44208818821793505,0.4289434384078777,0.4601521947340595,0.48067160946793186,0.5826017258029507,0.5919024810205125,0.4927858125625156,0.5173454955186847,0.5129299795958057,0.3973723441404005,0.384334985771062,0.4358829500995164,0.4133273776055314,0.3998777412799348,0.4248887672596054
