0,1,2,3,4,5,6,7,8,9,10,11,12,13,14,15,16,17,18,19,20,21,22,23,24,25,26,27,28,29,30,31,32,33,34,35,36,37,38,39,40,41,42,43,44,45,46,47,48,49,50,51,52,53,54,55,56,57,58,59,60,61,62,63,64,65,66,67,68,69,70,71,72,73,74,75,76,77,78,79,80,81,82,83,84,85,86,87,88,89,90,91,92,93,94,95,96,97,98,99,100,101,102,103,104,105,106,107,108,109,110,111,112,113,114,115,116,117,118,119,120,121,122,123,124,125,126,127,128,129,130,131,132,133,134,135,136,137,138,139,140,141,142,143,144,145,146,147,148,149,150,151,152,153,154,155,156,157,158,159,160,161,162,163
0.0,0.3235082850561555,0.3001922023657069,0.2683338503785343,0.28591618298289956,0.30719429447389385,0.26685404044163136,0.32632115063002115,0.3272550398849419,0.32246696570796873,0.3427002387003781,0.2765514659336015,0.433606331644135,0.29025641589213697,0.3206709512501295,0.3375093801339419,0.3594737243793834,0.45607166700597657,0.29361845547918286,0.4176676893510764,0.3593415598229846,0.32108820426133977,0.29067409825829904,0.32976270415749925,0.40592820061113855,0.28806512758961506,0.2675053313081558,0.3305909346518784,0.25725487417064935,0.2711385319434235,0.3472535481097258,0.35495401560916195,0.2613691862384482,0.3030384343697691,0.42279394593180747,0.300122164362833,0.4342329665960751,0.33407807075560664,0.25780192612214475,0.36635368907650295,0.2726647622724558,0.3477004179687338,0.3570136155018175,0.3457262578730008,0.34964536033511623,0.38668600000571834,0.29226191079471464,0.3394482347906559,0.3799501367842078,0.3588710874702328,0.3697558281142502,0.3470544201560507,0.27915859732233017,0.2956835392000511,0.30149095098239953,0.3503998115315377,0.4293793064261502,0.29400845240051726,0.30495205100331724,0.35077838717391285,0.32470152115714324,0.26007919498138854,0.348941885159449,0.2524767884767104,0.32543663045832494,0.3820405292952836,0.3339091107551284,0.34434842469390275,0.29192081341390697,0.36113727974274196,0.4377195494180681,0.3422216572936881,0.34219551353500244,0.35691686516655974,0.35009299137303934,0.38106786368280743,0.26657004914453364,0.2887616102992305,0.31568007333766157,0.26767224422658437,0.3215249535085831,0.3657467093244007,0.3121743781754966,0.32815176767649135,0.3602398933401441,0.3655702888153338,0.35244873171779545,0.32434363423901286,0.3877721585251806,0.2984085213215666,0.3541423776843791,0.30311434027817363,0.3413774256184447,0.3841350416720011,0.3444941197959598,0.28540934285003317,0.24666060041070853,0.3011293195355945,0.2640808506348625,0.3814626669200616,0.3038401918327902,0.295249778185361,0.2707280726992404,0.25226635776580697,0.3894184009107295,0.3456568135084177,0.3288986061178689,0.33164771470937393,0.3478583079552873,0.3522579880139625,0.3253584786391308,0.3589340322634594,0.3565685965337484,0.27137059128277313,0.35563413195285837,0.35414045443559367,0.36064527119714224,0.31748649849995947,0.27681101717831696,0.2851702584343439,0.30849210185720455,0.26153141183432116,0.3578597949959959,0.3893110984878695,0.30654974163237486,0.2933595622829657,0.2543279268836867,0.274802851776003,0.29329720840052126,0.3386647198642087,0.2859839734038361,0.28775230826310527,0.2776794326016919,0.3052995093010618,0.3260701885019339,0.3116273097678681,0.3237768448079504,0.3585293380960238,0.2984448055153921,0.33178239193764686,0.2581303771012373,0.3055682855211576,0.3695350536804171,0.2788120088490681,0.35233657394511525,0.299152853560444,0.30312833786623616,0.26940613379832085,0.36538258006625424,0.2065141477850937,0.4254686243963299,0.2873657409343775,0.321673395782537,0.23606492277147026,0.32130140632170306,0.38736030744806554,0.294130389158875,0.3249890416848883,0.2929420844224859,0.3357051084792414,0.2940431484048339,0.38361272505117827,0.24628161504693338,0.4153932039619556
0.3235082850561555,0.0,0.33281175713495215,0.29432216453380006,0.26523429428891754,0.38485568252829555,0.2808920955154691,0.3944913864266248,0.3123607481153018,0.41528407508510906,0.3409580175711506,0.322339184324775,0.32282593430386475,0.3155247152348426,0.3592710531357018,0.307561122975667,0.3145292410785874,0.3054368450492913,0.30753008935523474,0.30671695498637647,0.32302289514666804,0.4134055950038194,0.2725624757732878,0.3263547785876881,0.3624562851051285,0.25278070455157736,0.26225870650226,0.3174295362869643,0.38776006190904455,0.25657675202170954,0.39542642640403786,0.30896574329282556,0.3455038513575558,0.26232910653545694,0.3298366059615059,0.31090792759010394,0.31254543517517475,0.31843433195219395,0.3159699640664062,0.3074561759536398,0.3355443111678582,0.3354931482948944,0.25041023524516826,0.3029692110655374,0.35539693189317817,0.2869325113976171,0.25593386461266304,0.28371262663564234,0.3026031167798253,0.278242343210255,0.31163528048802036,0.291964495091096,0.30458454967346343,0.3913855720584226,0.33639232839416916,0.35693409173577845,0.3105462750020302,0.303394833038766,0.29327428942895833,0.3129909869273063,0.3759479031513747,0.2262077749048198,0.28153344727796953,0.22913079828624086,0.26525784546945297,0.2706827707854218,0.2999500923743225,0.28582466592356875,0.2553207869516263,0.3731743816804535,0.3210813452023507,0.2974572784701171,0.25249694462959366,0.32487989536052414,0.3662202963162929,0.285397058075279,0.26007908352239784,0.3341144810070823,0.27508723019171566,0.24947556380916683,0.3086405286428382,0.3155468588572101,0.38727966094520416,0.3035188573875015,0.2789385655443767,0.3939134755583173,0.29185484556942687,0.24937264486195454,0.29920750161662873,0.33850392148503694,0.2723139710799962,0.30013627897249934,0.33493544537227177,0.30406981348182427,0.3125158830873685,0.3848506741362452,0.2821794325551505,0.29550089310088495,0.23572537868642424,0.33034174484429113,0.320360595520599,0.25606871388444785,0.21410979260541108,0.28020363042149615,0.2896391009202103,0.276365112301311,0.2713906145757397,0.37514529678401104,0.3076297045484923,0.34895329324223956,0.2875238294998683,0.25714852199022065,0.29783875600544374,0.27600211556710597,0.3252625903774305,0.4067304711494254,0.32105835613981193,0.25009948301090346,0.2706759679597186,0.28617012858646695,0.2826550175042266,0.27859617007083853,0.27241687697957034,0.40203932254984337,0.2843932398837413,0.4089359634892416,0.2470090282855403,0.3238129293796342,0.3464075207687921,0.2963612032486888,0.33275135702425485,0.3007709063457526,0.26125305187349745,0.3353884624023438,0.3192285195987892,0.27836089136130654,0.2857718416340492,0.3198539763549912,0.29046841735139056,0.29452916840625476,0.30377103681716255,0.3131053301647694,0.35634150406441367,0.2777049877266304,0.33951287485683196,0.2396802971764063,0.346261349734933,0.31392092663944676,0.36992067942888307,0.22285086466766454,0.31016275658723363,0.3273190411856664,0.2868087524677079,0.2723956812725505,0.32382061019332614,0.35470153703673424,0.2928809520646771,0.3759140339923518,0.28300998768667385,0.2698752130439349,0.3146887479020435,0.34682876883408087,0.25264651988905795,0.32493629411379166
0.3001922023657069,0.33281175713495215,0.0,0.2647698747623123,0.29600971860172753,0.29977793729975794,0.2574762080575339,0.3340897315724593,0.25971794758539,0.4033897692071546,0.33008985989728334,0.283391881592396,0.3435930110035315,0.265401802140741,0.29535295096507597,0.3711927700848075,0.35936354794654773,0.3182326293957866,0.2494347057169564,0.25532930448446384,0.37385292479474364,0.4278844065650829,0.2529463959840242,0.30384259985532025,0.30582824597786995,0.30011715893974633,0.2546161212774304,0.2807030525737131,0.27730117445211777,0.26206883596545494,0.2751425529571341,0.322478409201197,0.2518336405445928,0.2453016929080286,0.2653494752411475,0.2966953812948168,0.32648672292899505,0.2894148246215647,0.2708135051570926,0.3268827863904653,0.2723318940449388,0.33835122445819643,0.29185551130511844,0.2855631412211428,0.33861384367179254,0.29513933670644776,0.28362559598272596,0.3090073086328909,0.3072337942321079,0.2850847019560077,0.31758596823333546,0.30984408907345773,0.22826108166431094,0.33693167721601236,0.3167188305796085,0.27759589993809897,0.2819532461174714,0.30328397221063697,0.2833338397158076,0.28581337717600575,0.2972425394915961,0.23125542707038124,0.31145478975472773,0.2361542284234513,0.2549685542095249,0.2745731748186313,0.2756044539959873,0.3254888319355216,0.2966870408568051,0.3203017435097971,0.34378453448220536,0.26029404338385387,0.26175689710393757,0.417326120574457,0.3307723879898254,0.23504891793482074,0.30413126612440816,0.3214258831260522,0.24717406187310173,0.2191338779051752,0.28614251938468016,0.3005554711038028,0.31853806235910653,0.27353159757982554,0.2770632731272152,0.34260905388263724,0.25822177816917874,0.23719551519308257,0.2802192227974217,0.24911982653304918,0.3035564039331287,0.24371754316693736,0.3061122576047382,0.23810238012230409,0.300953344470451,0.2801895335711252,0.2367902036723409,0.27755208140185683,0.2238863848509576,0.30570686799998403,0.2336864773587169,0.2927593651354739,0.21719306580430367,0.2656076169411085,0.2851023306042958,0.3319726701632048,0.2959966991488573,0.28734028393921307,0.3080460265168194,0.34391233187631814,0.2875380666468657,0.26282850431212496,0.26816104707503435,0.2441108172666506,0.26278649563646883,0.3337001247599254,0.2448289299179758,0.3093059185257306,0.29188683487355055,0.2580984469585115,0.2892076706082239,0.2379129345191236,0.24677144076342172,0.3284256788445588,0.21575263725616478,0.3243655867037131,0.24513888390350502,0.3173283658666926,0.3224808827786436,0.29851761620907996,0.2811767127686694,0.3656631361785619,0.2137079278117026,0.23561353961413034,0.2900281266050574,0.2402994629990707,0.2368170650584341,0.28205551539089385,0.2913768001196299,0.2668575745402838,0.22553877433561595,0.2883583921053997,0.3014504635156343,0.2823457616069958,0.3018774725257869,0.2251391256530819,0.3238513673607702,0.2869960934694885,0.352281488586762,0.21477498470984338,0.2469311249220794,0.22566637553534263,0.2790186774469701,0.3110819190657801,0.29805181916096213,0.2951753390210895,0.27221506917745775,0.3520062224953237,0.20791154493844372,0.2747594191203441,0.31663099921003957,0.2321553501857481,0.23700275263172974,0.2952885435526835
0.2683338503785343,0.29432216453380006,0.2647698747623123,0.0,0.2649500207021542,0.2637134118780643,0.3249304894955475,0.2857096260111586,0.24149553700548657,0.2911484951372681,0.2970712599734373,0.27971917237687827,0.2667421814784063,0.2720669683821557,0.34025001903692664,0.2561269645265175,0.29382890252344623,0.2956486205363235,0.27389621980302814,0.23807986618468752,0.3091303956216215,0.2845610591765088,0.2828826337297257,0.2614528821202442,0.2914210585237897,0.27726938956635794,0.285122136599048,0.27863426349894616,0.27296542256615175,0.21537988879047845,0.28696676642192326,0.2518635605871564,0.423470453025797,0.26576398134195983,0.28894451631099416,0.2993929959608092,0.278367709748573,0.2812716331061232,0.2756260672903326,0.32192650550536556,0.3080285560760164,0.28676963526364546,0.2538064737222855,0.31822222936773187,0.2864557886008394,0.28793178664535896,0.2039926708484296,0.25544681822704174,0.287447754511344,0.26568957449281105,0.34540584997461443,0.3035105165608036,0.2647328710497016,0.3957968631317565,0.32058864626472466,0.2561331174777474,0.2949572862816718,0.2950251601436089,0.27833716060727914,0.30182727857137526,0.30477516732519677,0.22676826399012484,0.2908782619097568,0.2195440821544044,0.2734511943498727,0.2691603022191752,0.3144105392002326,0.23329254754678969,0.2555500020245639,0.2954021097324075,0.27408915062513695,0.26682989501988763,0.25854844706782826,0.3532731613881435,0.2859170371732218,0.23943356885556577,0.2997642910837431,0.31760658137518477,0.2543805838358292,0.20442402415369315,0.24751838305005586,0.3355787013426496,0.2491202524056816,0.2450489228447254,0.3134430124119121,0.27153405252283686,0.2841773304422546,0.26938826352377254,0.2805549549027586,0.24806018985711642,0.31455741236416107,0.30899638745655716,0.28669892778406036,0.2510128432797139,0.32336489076139197,0.2798656918515678,0.2322603761217072,0.28970309446944487,0.24135074891756603,0.3047531577663857,0.2650777014605052,0.28537533186356595,0.30397533596474635,0.27844598339822935,0.28932001500788096,0.25671220343720247,0.2781540280479659,0.26323288867422295,0.2942160071566454,0.25655942511231256,0.32540979549804766,0.28072966390469606,0.2939423125961157,0.2920453372309248,0.28595878901597827,0.2813282804144797,0.2709529848004823,0.23039696884326688,0.2848712834132224,0.30224207663591585,0.271403165505398,0.311078999673672,0.24251468855522385,0.30785350070877215,0.2278102332504377,0.2857494438360087,0.2556502772238721,0.28092393801845106,0.29927687031504346,0.3048463939935416,0.2344205087220101,0.2696461130315582,0.24926868854007497,0.28259572691894275,0.2636026062500842,0.22444506612640525,0.19093173213165748,0.31669523100811714,0.2810840594035677,0.2763508718323326,0.3396762336736901,0.2612694952705932,0.3416630173429842,0.2851259791917597,0.28046080027527204,0.24407217167913245,0.2710956743391349,0.2577080879646821,0.24633848454995222,0.19438338158768328,0.3005816594713942,0.2828484201693119,0.2933055623857291,0.23302131513689203,0.31597300579055476,0.2878248589617768,0.24703825138604543,0.29854127140774067,0.35764213810033285,0.2716192987674405,0.28975190011209373,0.26312024960514335,0.26397541127132484,0.28558031235440007
0.28591618298289956,0.26523429428891754,0.29600971860172753,0.2649500207021542,0.0,0.23472053723472083,0.3141994545560397,0.2578657041073251,0.251090501071057,0.2868034837477064,0.3007071200407174,0.258698930644019,0.25371918818852124,0.24698823873477208,0.31674214618502733,0.28356110603861573,0.29106693017431107,0.2989414149742245,0.23004211150649,0.23430706063669685,0.32101505943999503,0.30065241239474666,0.30944101407562297,0.2735928334506782,0.27212506944254516,0.2802644096439913,0.26760514129853546,0.23432994943738553,0.23583811986892048,0.27853174927867563,0.29315195542647804,0.24783068558627946,0.24777026291240603,0.24509785319217978,0.3142794681837835,0.31982648140977743,0.301604505891143,0.2720727875646329,0.2834629373596245,0.2834474719807347,0.2743811852806112,0.3365429154149039,0.2957344622737758,0.31699130832973815,0.2561773903325254,0.266671554578555,0.2864872788680225,0.3078453724868761,0.31256383176274394,0.29381021567500787,0.33061691661464676,0.26377142611903887,0.24450503981843624,0.2826666708156792,0.2939153970535911,0.25491090155253654,0.25590996818641953,0.31907581618083874,0.2585027555844674,0.272976893080812,0.22587396600816115,0.23152165130397132,0.26670219418954955,0.24836638781316447,0.2671150351303377,0.22465229342995152,0.2538058021021009,0.27811814451296546,0.25223708043151194,0.2939497719540876,0.3007626246959347,0.2677296059487657,0.23339934341435317,0.2985752511510285,0.24714865627578117,0.22589429958744456,0.2750675260032727,0.4210868188913222,0.23320505911305223,0.21577656361576247,0.2537293107358632,0.3159396856426867,0.2938617920437196,0.2150638497968337,0.2708513746849865,0.256600357524566,0.2599979749481379,0.2612920458412357,0.2482850705829948,0.2361447069241363,0.4079578041542464,0.30551281717643314,0.34526452642318817,0.21503768819152194,0.2966824588938961,0.25362657710918873,0.20045398153273797,0.24886658835929953,0.2622035932251428,0.2516894230640761,0.24239329676266422,0.26132268478398063,0.26177145787705486,0.23350989916463244,0.2717098165581668,0.2752516435020667,0.25381199863586995,0.27412876269532765,0.3110239190885275,0.27321475809860196,0.2903297689791005,0.30939191501772056,0.24731525537287596,0.2713826825892825,0.24708174458921642,0.2639502721795826,0.23765206465594452,0.2685754275530005,0.2342026203765979,0.27690747000452204,0.3375457252087501,0.26297095139695315,0.22910366410003843,0.3323776800835313,0.23515675024648056,0.25052014062151085,0.23878535188449226,0.2942295917187748,0.24991912766017782,0.2765415774928046,0.24264669930236077,0.2633562057383994,0.20593378639181784,0.2598150338387786,0.25158660422071466,0.25151434354208224,0.21978003534114512,0.3295364035136166,0.25794363041624785,0.3068538176037915,0.21248954103677145,0.2759663736504773,0.31773049385862734,0.29315193653465055,0.3053398921504294,0.25234432464732537,0.31428785446879803,0.2666685750615358,0.2562481745232274,0.1999191819214523,0.2601735116790622,0.24508494649807328,0.29528324725905125,0.2721090542179135,0.2879027191378422,0.28365011272063245,0.21678088076572882,0.31362241503554505,0.22928777398029654,0.2557204164298481,0.2547528119000707,0.24709919313806022,0.2555832483115208,0.3330045396449029
0.30719429447389385,0.38485568252829555,0.29977793729975794,0.2637134118780643,0.23472053723472083,0.0,0.2456902249688531,0.3170112027163881,0.2775534216625761,0.29248191852157535,0.32084307291918174,0.3218988408074857,0.32441545659653753,0.23268769752656068,0.30066822114798347,0.30551607612584597,0.29073561292157357,0.23664352604375133,0.29959463298255906,0.28182182127603406,0.3147950129277243,0.3206485627893402,0.20396587528598523,0.2650304996516992,0.3298557999560318,0.22907400761108104,0.21166437695858148,0.26109333577995386,0.2928043203646367,0.2506275609953166,0.32880722727753914,0.32264987055386823,0.3108494438640644,0.2379868203648499,0.27706140223391296,0.2550317424046874,0.3078274973548867,0.2625195021252548,0.26676535621660596,0.23887885485761487,0.2848152431075987,0.3163606311986916,0.2512864556371854,0.3400890675217009,0.2635203107836313,0.24423271094812693,0.23587643338514935,0.29018916474617984,0.23039880438217525,0.2549240654572895,0.28557898676467885,0.3285690999692019,0.24321866685286003,0.3380662936055417,0.27250325735556485,0.3398018801597506,0.2771073244363585,0.3569738478799522,0.2210019729813578,0.2437847156071699,0.3607935680118053,0.23635424875344557,0.3129280104052918,0.1935525101678371,0.2410189135388536,0.2527866078924958,0.259932309154864,0.29166658234572745,0.21626728756115257,0.3081941618694645,0.30728192394102355,0.22694818081663892,0.25692773891264103,0.2802382514194656,0.3424267346866997,0.25827256166406665,0.24602150780190662,0.2698344410572371,0.2356422937276515,0.2927800245271871,0.35642543586245173,0.28432325714601686,0.30981481824026325,0.28952756565437965,0.2625088867293743,0.2902810245945735,0.32254052448809983,0.22460436184848914,0.2776193323987902,0.27345543718169174,0.26958752518311974,0.3011201992569909,0.2863556490582466,0.2671165780971798,0.2509661258216518,0.3647933329121527,0.2708531361402295,0.30695644827129065,0.21338324637298228,0.26852617099290693,0.25766803720249165,0.24486047693439614,0.22128123280967252,0.2516526497320567,0.2741171894648153,0.27849502121728825,0.27326870974383777,0.2966407190349013,0.24546497675037807,0.32079102047339153,0.2994004375828987,0.2286559721527495,0.32698224565093825,0.257700507359309,0.2586948777280678,0.31554164369300225,0.30100596917684835,0.22220692009253448,0.3110551787973419,0.2641775769673407,0.24575918109609043,0.27697125621919705,0.27547034904066364,0.3448625750995402,0.2800824597692831,0.3435134542970543,0.23949572562657007,0.26304496065359995,0.2919170037669774,0.23336219913953202,0.29984764547444476,0.3543388737659634,0.247411367232707,0.2888548388818809,0.2956465997285308,0.26042005199888923,0.26663815973130034,0.2397425306432296,0.22199962612490165,0.25499412751405476,0.28149684966338623,0.29490580849366893,0.2734534128680223,0.2546219479461734,0.3005271813196772,0.22468311441352817,0.3201344213028889,0.2844887864999169,0.295343090399412,0.21266645012609184,0.28457184157814475,0.2818770853002797,0.2319416880284868,0.22283310284867272,0.3358471197357922,0.30913196911513324,0.2654504675883894,0.3687569918261206,0.2543585631027805,0.26472824394635674,0.2522511758099471,0.32214057433261867,0.23426988604229737,0.2949519425383741
0.26685404044163136,0.2808920955154691,0.2574762080575339,0.3249304894955475,0.3141994545560397,0.2456902249688531,0.0,0.24203004781775894,0.23671181107005926,0.2877498214122068,0.2839273231707521,0.29697927786263717,0.2722743213255273,0.27753180726280147,0.36069192854840293,0.2416697214852934,0.25935212727090506,0.2798876758052379,0.2587002328809936,0.21329938855464398,0.2729867030808757,0.3021470198877447,0.34729668174466877,0.2829323966876422,0.2855265383922839,0.2757690049887509,0.26949727919539707,0.24487857137511984,0.2665890929174476,0.24971668137070305,0.28011681835252833,0.2755965241220592,0.3057503102070699,0.2748442039046579,0.2684419643340072,0.2699163377913698,0.3046818517628224,0.23916541463876584,0.27184960193605523,0.3233461989673535,0.2833357962487524,0.29682976313405735,0.26955896331612567,0.3009720369922688,0.2804828766358832,0.26350854068494634,0.2694948600980665,0.24942393214757008,0.37923308990921956,0.2513431139140123,0.3410200094165588,0.2555439610330861,0.22879138763878581,0.32444119919217346,0.3280015506545902,0.2572398227774968,0.24837855365103054,0.2775912131522314,0.3014752260604152,0.2590014940215966,0.22765406555004253,0.2252092364752688,0.23717897916768996,0.23960892584386562,0.2429134056979699,0.21439378954142432,0.29775155555463323,0.2986344704365075,0.2607065288216655,0.26060888537168897,0.28191762721789954,0.2436594863612914,0.2371396732259468,0.3281251629840261,0.21761437456019936,0.23834937465873768,0.3428432875586863,0.34845237886883373,0.2171758698508042,0.20209400371051733,0.23287908871887045,0.29732093317493447,0.2777096227177435,0.19947955000649437,0.24520684573088264,0.24670179419838886,0.2372576091939489,0.2809115142179346,0.2548586608240642,0.23879763601268048,0.3330042723167498,0.36038323917211307,0.2988966830368046,0.22487863178071035,0.28672751039471217,0.2969049861044844,0.19665776008446387,0.2757101943010039,0.2458098070859439,0.2954806921536964,0.2519869844159439,0.2672158107095634,0.29566856418149423,0.24424243588952374,0.24074746098876268,0.2521646171224648,0.23066118844365832,0.25363549708424016,0.3106951968871336,0.26634719940017215,0.3599444443347673,0.257099525415764,0.2573334521544386,0.23613588777501074,0.23811955091067102,0.26490938891001053,0.23792018759038086,0.2755139173970143,0.26537088094575917,0.2535251554043276,0.26072237189147546,0.24662125486356826,0.21380560369679344,0.32578729826177727,0.21630164460436108,0.29047101085363397,0.2396559500203117,0.29837880283184814,0.24433160295488943,0.2719206602188506,0.22199983934301892,0.22245108085871218,0.20708584888605944,0.23798905831074985,0.22206588995811447,0.23071527214293502,0.21283770525245957,0.3077599479804524,0.2544482593791102,0.27012500553225893,0.25360075406382737,0.25263951185635675,0.318554681767866,0.2569534791190721,0.27031774945676684,0.2935348162291533,0.2809988113156171,0.27076204921453745,0.23936230680403336,0.17738157783323394,0.2530675371888615,0.26455836932337706,0.26339517549238467,0.2984942437012149,0.3049628508611935,0.2737470767665386,0.25092357851628855,0.30579487946603306,0.28695329254823454,0.2950652103002021,0.25599776016425785,0.237077084196741,0.24033098112494536,0.28061877220624726
0.32632115063002115,0.3944913864266248,0.3340897315724593,0.2857096260111586,0.2578657041073251,0.3170112027163881,0.24203004781775894,0.0,0.35059107547322077,0.35487899520627364,0.30526738155659294,0.3314451842815777,0.3308845493565654,0.26807485324821206,0.3158155076435529,0.34629882852779786,0.3553820639412621,0.320026775675428,0.3130458265818824,0.31316451157871406,0.3660205891692548,0.3090345118131689,0.26863906666362575,0.2842581250969246,0.3499607893207293,0.262208058671795,0.3058280990181886,0.33423872795091214,0.262039705439939,0.29399700889181807,0.4305049779321801,0.3179383895465592,0.30069552479779466,0.27876730653470055,0.31748799938575173,0.3347422100512791,0.32820355790130157,0.3987451254962845,0.31478572024540674,0.30765846154069704,0.31949039058987355,0.32209775988798384,0.2964070499168475,0.2875343328079258,0.3890241034908386,0.32071137265219146,0.26623687552661335,0.2721512750128747,0.306353879932039,0.3025013850251154,0.31430198721977204,0.2906403742773113,0.2790383994188786,0.3083305374084531,0.3018213618722164,0.319845799427751,0.3297392020223843,0.38683211624703634,0.2949062579063236,0.3105583454029807,0.38522255977615966,0.23623127532904473,0.31669117722066725,0.2546865813317362,0.26296912008278467,0.28232079769767093,0.287566207907095,0.2714920212126718,0.3036578241400027,0.48130362894986767,0.30702801720219536,0.30553590988526647,0.2767072213818963,0.3542448896361345,0.45224396218590684,0.2779968864497989,0.28277692805201887,0.29739516716691655,0.3515562470606405,0.23065971024953655,0.3047306173511342,0.3241198905981414,0.3529627365199087,0.3515537941438354,0.34090510024019294,0.4535564128680895,0.3657218688566018,0.27554835848180625,0.3841439212945284,0.316214239809409,0.2939437040202946,0.29259860912579744,0.318286820099148,0.28154696730540374,0.3258832466421422,0.31356116174030363,0.29657610116523186,0.3251839226567933,0.2397214206526141,0.35111635599155466,0.2811771090318297,0.32920317904971347,0.2483892668904966,0.3071714283745461,0.35528994164623395,0.33523780233108585,0.3234403092109909,0.38539788063822805,0.3086106007584489,0.3120930219477222,0.27178825082288827,0.29540519221454115,0.2971257536700792,0.337175945834975,0.3241084820756361,0.3778186849401751,0.33711192636382276,0.26485250502580815,0.2549960288705409,0.3000292791488739,0.2922086692042494,0.3562874597205021,0.26520899671426396,0.35008653349728364,0.2632062513986932,0.322716194509491,0.2540036085374916,0.3393211688742984,0.32983833605421975,0.30046126071988144,0.3964872840991573,0.3360982525968445,0.2837363567096444,0.29173776273649965,0.3218756135408306,0.24636990389982968,0.2831649033205263,0.3052233189892331,0.30622416671486297,0.34601980912427177,0.2688728023119416,0.2829126616625839,0.3517518129918385,0.297906916137789,0.3449393926356345,0.26457862644250474,0.37319967102054025,0.3195879893901254,0.37630472993916086,0.24428054074802155,0.34592608807199354,0.31707809182563174,0.3097126803856448,0.26607612879225134,0.3998777774742044,0.3614808006802246,0.2733458461607643,0.37396037434450635,0.23618493468028745,0.273236096899204,0.3055565266159061,0.3222929389312086,0.28967053421908134,0.31885742001305806
0.3272550398849419,0.3123607481153018,0.25971794758539,0.24149553700548657,0.251090501071057,0.2775534216625761,0.23671181107005926,0.35059107547322077,0.0,0.27014927099585373,0.24889808855276957,0.2694722791622521,0.2599866201502898,0.29714926585355383,0.2802635246189831,0.2762704590795053,0.27116897989992744,0.30860711709390026,0.2600505042565782,0.2970540691131719,0.2874931409583897,0.32785037770331776,0.22608576643224043,0.24510352386182443,0.28554665264323464,0.23506206419681866,0.26734642741584674,0.26095931468676026,0.2339866698313902,0.3310265831367958,0.3919838122056517,0.28363115032342934,0.25711344152744237,0.23328337568066787,0.30312217183809165,0.2604814783594749,0.27432281693984545,0.36933477937826875,0.2897094448246537,0.25846111917010045,0.2511587203602614,0.3474696645550969,0.26365418450129047,0.2660967836876938,0.2945055453916963,0.2692094462931327,0.24265297372340863,0.2317742358554805,0.26564694438614367,0.2760404476131902,0.27131101943147024,0.2556784395607702,0.2923703720971387,0.26375026008958485,0.2492386010609659,0.374221692583222,0.3099010918188172,0.29097570916172694,0.259308092917384,0.25682897342698746,0.2780282835623387,0.2690943375749011,0.2678122152790558,0.24291828520097414,0.3020216781355957,0.26917997670399896,0.29676639360669094,0.29116860418546014,0.2514451303893144,0.34381718866238803,0.35498862160034933,0.300467674778832,0.2934328921580393,0.2742980907166897,0.34450328580562234,0.28662019399965727,0.24073780317262908,0.2496799576299495,0.2930728633988927,0.2552601340274186,0.29190792930615955,0.3959790692970252,0.37160466838221,0.27107604690153636,0.3301254744059827,0.37129294753632697,0.3154496767462328,0.29763679784108255,0.3024620919343427,0.40372718275989816,0.28718755641572397,0.33556267861794853,0.2691972704734714,0.27633833456354756,0.3699110701777352,0.30465173541087737,0.3219107653675904,0.28552483479836294,0.3126877667854463,0.27128358239711714,0.3104931947101633,0.2568693175159568,0.24964365835363714,0.24559517822124,0.33804790080183833,0.27184244993458573,0.24525580519820644,0.2900753046317001,0.2557758833351142,0.2486102003686848,0.2332584295235113,0.32200193593105514,0.28673123799966244,0.35956295202523514,0.27244750604707,0.3046626599181611,0.29523557447289317,0.24923266440969724,0.20425772799989766,0.31367208898281246,0.30056065720143643,0.30903555861607074,0.26975080496935283,0.31835245400212764,0.40089502766271556,0.25843635252111613,0.27356345461171283,0.271742797812695,0.242940354662439,0.28826756335581005,0.45267701278588,0.3277884149629619,0.28527389463784597,0.37839387793807516,0.27941248835658966,0.28078790937218817,0.2694367035907672,0.26950697983998567,0.2665397427967057,0.3419042939676408,0.25302877632353954,0.2980911678494133,0.3472303372374515,0.337768561207907,0.3099047050886592,0.2586498065184545,0.4148500047664405,0.28205217294756063,0.3062891135478756,0.23028013562701016,0.34394690281923174,0.2956196428390485,0.2732503167563452,0.24130273845564248,0.2946594695032731,0.35764697251412847,0.24830777983651833,0.2980135539717532,0.2613454302402694,0.27702697549680505,0.25124094535439606,0.35487646881647866,0.35491299657688785,0.32544518243462994
0.32246696570796873,0.41528407508510906,0.4033897692071546,0.2911484951372681,0.2868034837477064,0.29248191852157535,0.2877498214122068,0.35487899520627364,0.27014927099585373,0.0,0.29970816848725,0.27986704167520976,0.3272109647053048,0.29046566685638225,0.31733272445295646,0.30984463223917924,0.32476425948942994,0.34919730933195997,0.2679947988621668,0.26363589142992305,0.3067430861882848,0.32917716745464826,0.31205140425942296,0.2731657771389105,0.39541890725544165,0.25975818041556215,0.2787443109668757,0.30564702516578723,0.34653943873263865,0.24941821506762207,0.35222101579797255,0.32176023413603033,0.259630188574722,0.27192845256303166,0.3135825427597514,0.29879447704791473,0.3396894508103745,0.28416265695737225,0.2535544384604686,0.31511415723146347,0.2559955491806546,0.34344376468864346,0.27901115190354886,0.2779039037276947,0.3382146098633034,0.2929187057907947,0.256931480972511,0.28790070566892734,0.3529555120884997,0.255924168260495,0.3157449799394227,0.26762582998451834,0.24670248667344613,0.33605523735110493,0.35457363670095776,0.319342827136787,0.27356819703247204,0.2753503381398169,0.31646181946420887,0.28855877327356627,0.32249540409611754,0.22649291329448634,0.26578954001804095,0.23323904640756304,0.2615166074491798,0.2659660987748433,0.2839588546572006,0.2935714338047641,0.2953898087987159,0.37355071350762303,0.29789969769588615,0.3083829269604782,0.24526712127494926,0.3507596340497643,0.30963217192036124,0.2813956094616261,0.2767850692120446,0.3410273187494604,0.24834533163986375,0.22986515666883034,0.2871169012699376,0.30300002427995787,0.3356270557886167,0.27866039530390047,0.28241933965528837,0.320120720239813,0.28913575802725916,0.27523379094513034,0.32933720296796987,0.26074768992597774,0.28731880380909525,0.285579696253531,0.320932191451829,0.2460173765413276,0.31263661253758485,0.3230582003936209,0.2230816599157958,0.30187969405011045,0.23918175908040926,0.34208103421313213,0.2757384642318165,0.29222999761740737,0.23821299895748763,0.3012379760154244,0.2818712188107554,0.28581654209523255,0.2806544873403381,0.36538295199472826,0.30523935517735135,0.32155503764723425,0.2812161994594707,0.26080131667157974,0.29691774987602854,0.2776160028496426,0.2792295185158126,0.32689633987368705,0.3023960677498443,0.3164079464906688,0.27218134844099456,0.29473507317685577,0.25581497670556236,0.2662485364692399,0.24296409352486328,0.352523235625164,0.23581563722389465,0.3594828182237395,0.2425226939363485,0.2959483392916449,0.3482880963961388,0.3043337628213661,0.32467826065296407,0.2766175192009642,0.2434096647231616,0.24648730851845777,0.2695839587827693,0.2410627657099261,0.25117805993539194,0.31576140449294143,0.30330493678301423,0.2870511679458794,0.2639852180775139,0.30352015545391137,0.33908846396495834,0.2622221633136932,0.30350151030261774,0.2575875898550048,0.2691861078967049,0.314410307217497,0.41095353176577165,0.2094935757914048,0.2717867588710316,0.3000907395699297,0.2654000296888242,0.2829501738119968,0.3112152734113474,0.3200793543558321,0.24659253014554625,0.36317901348437015,0.25751830967673783,0.30007115843133436,0.3645412252026317,0.2996033767251145,0.25711196106766604,0.2811223703252341
0.3427002387003781,0.3409580175711506,0.33008985989728334,0.2970712599734373,0.3007071200407174,0.32084307291918174,0.2839273231707521,0.30526738155659294,0.24889808855276957,0.29970816848725,0.0,0.34053076652202136,0.3486299958764672,0.2557910834053838,0.30986442790620816,0.369260356539743,0.3397812502275971,0.3040667386682549,0.29518249794190404,0.29140961317112657,0.36153583234784864,0.3659884428789988,0.2823095180203369,0.3621190517049309,0.3679701060769962,0.3114774874364251,0.2791404600710752,0.3258996791433277,0.32441613210661263,0.26784716626132216,0.3075719202294416,0.30977377528465544,0.2707049105423923,0.2707938441085411,0.3184899518481681,0.31448627679228347,0.400849738831905,0.3034420559304238,0.34166249703641716,0.31575283632559364,0.29003403704465197,0.31422398052249195,0.28693427223406304,0.373123915108428,0.3027268609743992,0.2768736956063108,0.21812839270532805,0.42254378826385286,0.34021241896208493,0.26094991709768234,0.335044057545536,0.2815563440204657,0.23515486642342232,0.37025419441486507,0.3782829025786155,0.26616268557856465,0.3218481281963886,0.3569921858467579,0.27386946386228844,0.28500609577903735,0.3545292401151824,0.20117673073366246,0.3120754164649663,0.23082535673686838,0.22931184943203733,0.2604732270393485,0.3138588623191926,0.2826261686446052,0.2673662706672504,0.34107862744741535,0.30803633681518905,0.25906609282071885,0.28192992263021255,0.3559850219173198,0.3181773319850066,0.2741901800819982,0.33396273457381176,0.33726833218228525,0.25423714525159286,0.24893823934851897,0.30067759753757944,0.27364047152853704,0.29942567068974385,0.2954862986619305,0.2747897956469884,0.29654724805620963,0.33861584343446993,0.2401362152527949,0.27230498671467235,0.2768459853704635,0.3392288823135167,0.23795796483153783,0.35319004567579465,0.29742568042944045,0.277823499203963,0.313843865278676,0.22667033456400362,0.2481233837213875,0.2186855706483041,0.2788196628031437,0.31086637787457877,0.2962911760228821,0.23486666812062781,0.23719776142960933,0.2739713071200462,0.26222797550903826,0.2637633839474279,0.31867731820934075,0.2793195442307861,0.38747990650044434,0.3852447346975007,0.27349983216111656,0.29290529290239176,0.2731291181257176,0.2951351008952135,0.31828814478200906,0.2833982282656689,0.29156791736737275,0.30215966483592077,0.26398937698382274,0.30983444586477105,0.247557755784432,0.2768122167896984,0.3809034046979872,0.25514670061228395,0.3641298765993749,0.2076897609701556,0.3195814275355557,0.30765894521407117,0.2692276242787736,0.24169065289754135,0.3067947491239678,0.283949071967218,0.2908921311495867,0.38276692742107227,0.2641355104180153,0.27324211420317346,0.2967167551951099,0.29652067426612266,0.2961604755809568,0.2758099831180136,0.290792283853137,0.27062894112912395,0.2659104847041836,0.41399086291934645,0.23092157555970708,0.29233595922930283,0.2742394651095952,0.2970412230055202,0.22015122391522562,0.3770271741635981,0.26333382064496924,0.35217262691309975,0.24637019935956628,0.3150692395036691,0.34785928100535546,0.31361674257295385,0.3564770299370068,0.28288987924135767,0.27714693229718274,0.27027833042490146,0.3095588016879096,0.23021717339130923,0.4353708122188577
0.2765514659336015,0.322339184324775,0.283391881592396,0.27971917237687827,0.258698930644019,0.3218988408074857,0.29697927786263717,0.3314451842815777,0.2694722791622521,0.27986704167520976,0.34053076652202136,0.0,0.2479018386515596,0.19562895150670637,0.29000692666402733,0.3028228640716466,0.2965980309530831,0.24785736580812642,0.37926275786516916,0.25683387514682654,0.3445092894256497,0.28296868078961396,0.26867783972447534,0.2941554443265633,0.3559058089422501,0.24669665371076568,0.25913979263470105,0.26042772183872054,0.2768980274440235,0.3101942257459931,0.3382225452560051,0.2774693892885034,0.2805614439781093,0.28428748675315113,0.26198692760545095,0.2813748610807948,0.28623109005813846,0.2909440899809296,0.35716265013356124,0.26834085767214133,0.3187554949671686,0.2929478506286142,0.2741546491075118,0.3169268294990498,0.2741982868944529,0.26794950527718875,0.25194023948240923,0.2843570572488708,0.28459621728765705,0.25671854006802003,0.30638003153865073,0.3013071579561666,0.22409133323809646,0.330968105759673,0.3330456670294214,0.25372099488227645,0.31174726296502114,0.431555452715678,0.220570720575452,0.2577033142228134,0.2452887280292802,0.1959878034117708,0.28978840004951284,0.22020361452746565,0.21994151145446542,0.23482460060085203,0.2234527071460802,0.2226078505429908,0.22459853311849914,0.2894910862189836,0.25084762057046206,0.2211997986857185,0.2226544784295702,0.27881333852600176,0.29811322465124795,0.2336694325046482,0.2564124420590766,0.3011178637310551,0.25938325768052883,0.2140009609993045,0.2545667878141405,0.2763249970413615,0.29598246250637417,0.23509492142062727,0.278563418710656,0.31039275764211577,0.2555788026424304,0.22810424508711122,0.28405934785898374,0.26411390208031005,0.3019585995928481,0.2851190580475812,0.3002534520138714,0.2575049933025073,0.2402926100505708,0.34637280003887166,0.22054959818622982,0.3034612932141651,0.20955693157399374,0.24978962021428164,0.22934470345262276,0.2701105448286839,0.26148093334837175,0.32446369578492257,0.25639818290126465,0.26533570164498144,0.27347111899251847,0.29576933660558274,0.2584387040046251,0.3175839688013546,0.39469942360777766,0.2772330336187483,0.2301344488267234,0.278113173747249,0.2561806203894301,0.31028978578661154,0.2784228032065573,0.2933834363349035,0.2798903099151982,0.2429002118470322,0.2558143581381177,0.26486176659985616,0.23250787060820843,0.3185378022947675,0.21024954442508767,0.3780542632435769,0.20642111319530407,0.30742831195044035,0.30584546898923604,0.2271204918897672,0.2682208975043098,0.26940918539862724,0.21842254861001198,0.27782233224383485,0.2766939767250274,0.20904670302786796,0.27552937028237884,0.26411431829670223,0.24995563183672176,0.3090315120173603,0.2265590523281021,0.24578983777174018,0.27571005108655655,0.25570308247625,0.3051275688947857,0.27077327859165967,0.36264765103034763,0.2640988222039508,0.31856479564630746,0.23355555532301223,0.3137439212465655,0.2835170457560195,0.2991595328711776,0.24024730945046097,0.4349928863098386,0.25840929318355516,0.24600576037687913,0.3427951043712908,0.22278763171723584,0.24460235055237986,0.2134784425325702,0.26343923970129796,0.23463261391221157,0.31427899695111666
