0,1,2,3,4,5,6,7,8,9,10,11,12,13,14,15,16,17,18,19,20,21,22,23,24,25,26,27,28,29,30,31,32,33,34,35,36,37,38,39,40,41,42,43,44,45,46,47,48,49,50,51,52,53,54,55,56,57,58,59,60,61,62,63,64,65,66,67,68,69,70,71,72,73,74,75,76,77,78,79,80,81,82,83,84,85,86,87,88,89,90,91,92,93,94,95,96,97,98,99,100,101,102,103,104,105,106,107,108,109,110,111,112,113,114,115,116,117,118,119,120,121,122,123,124,125,126,127,128,129,130,131,132,133,134,135,136,137,138,139,140,141,142,143,144,145,146,147,148,149,150,151,152,153,154,155,156,157,158,159,160,161,162,163
0.0,0.448071987192281,0.42194709991735413,0.45366772930612226,0.34735550655208003,0.4275604709366221,0.36339299025580896,0.36407668433353074,0.4596180930092123,0.43184909086899703,0.4130442967500462,0.35657393235422274,0.5571836913841611,0.45871175168892486,0.38353972560862737,0.4296464957780382,0.4477683178738909,0.6287369419566631,0.46350627364975183,0.589831672894827,0.4044899909731472,0.5025006697789508,0.5203841487694909,0.33312810061789144,0.49208760064424567,0.3206662536005874,0.39198829843587546,0.4294868653229888,0.3899153744734962,0.3301627550866097,0.35086253233714365,0.47828959981015695,0.4045106404617498,0.3881728123673082,0.5289430731871657,0.4341081484492663,0.43741327592232065,0.547185748279511,0.29886138632367826,0.44422430738283647,0.3543991239325789,0.46570595141557397,0.36843826320906553,0.352058341258177,0.3840066111987287,0.42075921312856723,0.30827918621116407,0.3251957332274213,0.5083157127018385,0.5296721173257954,0.39495995493370106,0.41668461879850227,0.4479359666362954,0.39440215295202213,0.38701746580552343,0.43320876068593345,0.5318826088989912,0.39877299289115575,0.3613251346680826,0.5236099456615504,0.36391175961444555,0.4100880740057348,0.4265060787819044,0.4190551755348787,0.4183671489631517,0.3933393077234837,0.37769119117605426,0.37152233363073167,0.36116494676451905,0.4717878295744208,0.4340295060262542,0.4156308490944325,0.4577520359735736,0.4522845599101866,0.43163151541963735,0.3784123469057232,0.34087962756597184,0.33780978805172834,0.34391608954182723,0.26574137849162227,0.34417763640150983,0.49274656861924293,0.3591248630508116,0.4449132240613042,0.4617395729467887,0.5178325350328917,0.3884849118925127,0.39494702780546165,0.4271493242749855,0.361050922571071,0.4897149657498153,0.3713267589089276,0.4686783702591173,0.43285051609233005,0.48698773667958556,0.3841294378522365,0.30939302214415243,0.37638807944567665,0.42224933161144745,0.3916888229129278,0.3607195404397152,0.31953266286158666,0.3308466686840395,0.3513718620208796,0.48804653264623155,0.40508119358619565,0.3688867378795322,0.5085734571668125,0.3733698809846484,0.3346996871204986,0.3772987412691024,0.4957262468643905,0.4509333816112861,0.41983038468734163,0.46676538882904184,0.4769997232854313,0.3992457236995017,0.506825540051867,0.39137960892127155,0.48217990328457955,0.42219783561896296,0.3438804741277355,0.48708017092885286,0.3602699612223979,0.40127353398548743,0.324633164305964,0.42754849321983524,0.30967804996994264,0.41490847125132496,0.4700521028634522,0.3753118231909215,0.44158814568979626,0.39166435497356883,0.5054300813754399,0.3755259682995853,0.35689625381569184,0.3487203150471066,0.4424361652537905,0.49621432531351045,0.3954978180546702,0.3516612685151082,0.5490204616068673,0.4683851353434276,0.47887466304067344,0.39590790007747373,0.422488084276042,0.3868113861278371,0.32273064626452963,0.46719931352036287,0.3471372075946228,0.38391015873036693,0.3672995304239403,0.49589686641087527,0.31496096451472944,0.3903244379689741,0.39725513360395126,0.5194961841655816,0.3389061936416344,0.41637532319913256,0.46459131938112647,0.35199535258132975,0.4299912990322182,0.3175200649820799,0.5514106902038102
0.448071987192281,0.0,0.34918288895258637,0.4663210402627639,0.2830281483328718,0.48457568420962055,0.41064111602119524,0.4788390268612896,0.37116110783895945,0.6200127272287682,0.34643578922242735,0.4731615840363293,0.41891314913718974,0.373856331736453,0.4057339339678009,0.35767836570362677,0.36498327587621093,0.41028921263178625,0.6126000001722747,0.4892540953550901,0.4409131022202499,0.40786643709431747,0.5391932120758514,0.4001890030458001,0.64891666874732,0.29789638923692263,0.32711722482893296,0.35912485826778684,0.4869722287396265,0.2978955215121787,0.41864547487151327,0.4653057837764419,0.45172443462004014,0.39525447348097303,0.43427987601638096,0.4586340895496166,0.41493446826684366,0.4371179764278359,0.345607355344343,0.4833597148319864,0.4321430013685611,0.4040543428625979,0.3491287497411294,0.35706629320193994,0.4126455897016147,0.39442056278325444,0.35355618184172366,0.33064105717884523,0.5623769266999391,0.4136224216174877,0.3691287535772824,0.40765242647205663,0.49274813905126336,0.4323714726254359,0.4121944009633451,0.5360006137974969,0.5049056869241055,0.3506578439362637,0.4286729565498085,0.5166897626338096,0.4150888025693952,0.3699038882469857,0.3607150671098709,0.37416295456761056,0.4020656665005158,0.36534175825004406,0.35232204679537166,0.3529556646936018,0.2947491390172147,0.40209909485487627,0.3757844438620182,0.4395994956556548,0.32068176648105085,0.43320658898478226,0.3791884536990713,0.41062949200737603,0.3370283231403846,0.3847528901942702,0.36579698423594137,0.29531885998517454,0.41977384218263747,0.4402554546497377,0.45783326528825585,0.4408334883407592,0.46733896324996854,0.6078747707300947,0.40489931116312344,0.36638247497432697,0.4387413076415325,0.4089680960632666,0.322831478789145,0.3935702172252788,0.4264230866684114,0.47147643529572736,0.459540450781367,0.4999853437541696,0.3493361637122989,0.4682856139287587,0.4042162316219025,0.3741564329231903,0.39951154727468485,0.3288977303357092,0.3121124856536952,0.4914330728314158,0.3918763988246361,0.3812481074560314,0.3654543024108502,0.5668256046692322,0.3994256953119125,0.43609742910109006,0.3907235426373926,0.4585986213878967,0.40930044024063483,0.3528589611680271,0.46698911396430814,0.41885505048434324,0.5287937829095538,0.4441939292346419,0.4345613609142789,0.37475896607719816,0.39435640877801736,0.3678662562918436,0.5158889349487699,0.39475493953275215,0.4516175779613773,0.3999134636255329,0.4041477274491348,0.34721850796228154,0.5435089810326127,0.4456986389390314,0.38723316877014247,0.3747329178376519,0.3881583602704306,0.45354281282929587,0.4380671447088735,0.4052978659752455,0.4312865120561102,0.430368807209175,0.5144147182243718,0.4355510733607716,0.4106057399725464,0.46547040962841263,0.5094979102488416,0.4110580682691879,0.4413788557497701,0.4113860846555775,0.4449154000549035,0.3899877226500676,0.6870979918458737,0.3724434598928005,0.38686150150574455,0.5283600753169038,0.3809616641619486,0.3996079810509009,0.4711347958974102,0.42457373392746384,0.4877549557363209,0.40078979144326077,0.4470701789070669,0.4023812329757697,0.44125322513961746,0.5253893664348569,0.3901657547034925,0.3962213836888316
0.42194709991735413,0.34918288895258637,0.0,0.34307071017828017,0.40398890084938954,0.4716593757210706,0.3210223298598305,0.3114984988438061,0.3264277972240967,0.39219739637607554,0.4672271160116614,0.3851808161404928,0.4695953499297788,0.3348959719875774,0.327640205878223,0.6786040306816037,0.46938769238965233,0.3969473061268849,0.34279677117466967,0.3511778744467746,0.40928778812701766,0.55249504956353,0.36381830945605753,0.3434556870091207,0.36510948631869933,0.35248556485393473,0.3304445667725825,0.3342835462467564,0.38891621165355666,0.38583621509809374,0.27892875653267996,0.4294218439648663,0.32188302530780577,0.2952975599915537,0.3267284286313726,0.3333774200581573,0.37813517376415395,0.3828235241424982,0.2920827834588718,0.36261062172982406,0.2964855562079182,0.4067757864956159,0.3495480104925907,0.3357491555421253,0.31508014316270583,0.3219475923572046,0.3424182274588151,0.39247136485874384,0.35457635363093715,0.3723834216906966,0.3608226264601808,0.3994141571621756,0.30158164318462904,0.3674727773327713,0.3624315329478654,0.3036942060609342,0.3553872258349277,0.5145275175860659,0.2774658538183198,0.3459476640016114,0.2977976948446653,0.3219082271233242,0.41781114938270175,0.3095081066393089,0.28003329134761173,0.2895610932816439,0.2816035464896502,0.3891229460613942,0.3152648580160249,0.37734237207347443,0.35714933769991053,0.28184402573454703,0.3202750582154693,0.4169689187523168,0.3704772176912276,0.26086309263137913,0.3701659692831421,0.3987468858078574,0.2607036330370845,0.2731853148019537,0.31516313003832896,0.32363509447964295,0.3970540513758106,0.3348912020294051,0.3123531036024335,0.35755689880903524,0.2913263309308134,0.2882109819812812,0.3201591523054724,0.26124581510889655,0.46271459792622993,0.26984937064043696,0.4240737222349173,0.2816160811501592,0.32283633007397905,0.3407703431337489,0.2506241237915734,0.29454621920229473,0.2827131752078353,0.28932905772610357,0.258672162875205,0.2810385244886504,0.24975970907298053,0.3004602884506477,0.33326502355951765,0.41900834775852636,0.3252769174233084,0.39579234669318647,0.32093245587216834,0.340587542442119,0.34291088038950446,0.3142790979801032,0.31632958432838754,0.33666420701017485,0.3198442391359097,0.4608121125217645,0.2927675402309396,0.4564026679899723,0.3908445626135869,0.3474130529894315,0.3986359028711571,0.26856556727542086,0.30714699184466027,0.3503694160920932,0.26022268415180355,0.35074292974492705,0.30522303135085155,0.3510726640719136,0.35191318791908904,0.3193345875222302,0.31035454373702787,0.5182958617555935,0.2828187840820092,0.30789285350663087,0.29391289190311815,0.27902580941598526,0.32491859806155965,0.3145369157825934,0.3658965531904347,0.2975617662595764,0.2758944664565302,0.42915753293315967,0.3179084363321986,0.3422998524226818,0.3190018646802211,0.290539841963349,0.3927313664890197,0.31986496392866914,0.38240013777334625,0.3065947178188038,0.2670519272200874,0.28064468228950346,0.36262167067199225,0.34472469665382405,0.32660660384845625,0.28801663663867344,0.40654433001775653,0.3913564919955161,0.2721174395804099,0.3694617764792611,0.28017626782125493,0.27659076313743847,0.2438144781514681,0.4226962897113468
0.45366772930612226,0.4663210402627639,0.34307071017828017,0.0,0.2754578585155591,0.4276365474261636,0.3842711064209124,0.46882316997657236,0.36360708720552115,0.480578888350527,0.3548731368439524,0.4036931455845446,0.4582812534731173,0.4135583045520481,0.44499644065440014,0.3732554803742368,0.38336907390166186,0.4733215585909644,0.539437736341426,0.4946176500786172,0.5010491418729127,0.3619979254082562,0.4924879632431553,0.3353479854892955,0.5884280641489628,0.39231015468182207,0.37358210365604194,0.39135717873889825,0.3726421648443808,0.2702248869483377,0.4324503488580606,0.5088589941869839,0.5333337345633975,0.4827716007963279,0.46869240817235486,0.6350297570878182,0.46943199083675236,0.5194625185808038,0.3664454196586595,0.5182726532081322,0.43686788633881,0.3450928175270079,0.4590999996182115,0.3968492494011845,0.4947791674471819,0.5009158764044376,0.3208459621662008,0.3777168985464443,0.5304678042054254,0.5244758340801312,0.524621487380238,0.4885498979844751,0.517183456959015,0.5326257491936486,0.5095456801592856,0.45675125854331994,0.5795023570649976,0.3495019152685346,0.46527390736508306,0.7055002102587059,0.5444845542478213,0.5552518934558422,0.4660312906053602,0.38740057731445887,0.5277911100031316,0.5361908263638563,0.49392251262368464,0.3900672541847499,0.3664678832138354,0.42735115338249513,0.4657722650853071,0.5479030402235491,0.3908791632539326,0.5700358643321346,0.4234697216323345,0.45388593724618265,0.4603189723589098,0.3865131541000673,0.46745396167208786,0.2933476518482548,0.4128426966622695,0.6599271984841312,0.3830082315476113,0.5544105110302571,0.695004283521369,0.5429527836239701,0.5496288992534462,0.5657981199781728,0.6033225250416575,0.4008835470177265,0.37815129454054425,0.42880968125269386,0.44914445650824536,0.5151255324933163,0.5491191677033916,0.4048877652211438,0.4360429189556978,0.4621526099890084,0.4594545883839761,0.4810204610051596,0.46020789024840114,0.42337896033015826,0.43899604401459574,0.42259906080988396,0.5845750867479301,0.47757488649209645,0.5107725751545036,0.407206417846045,0.43153529149626113,0.3446845329895262,0.42844383132947056,0.6226967861672871,0.6417362171410113,0.4384975097141053,0.6351557070083147,0.35316032511830486,0.5584473516952687,0.43992535828479806,0.40945315686418493,0.43750784648796376,0.4127745807919027,0.5352071095292231,0.5520743600345217,0.393769562022199,0.43425921445736815,0.38486361878578,0.5273717161628927,0.36146866088488194,0.5754894774631357,0.6147739161471797,0.33022922152702194,0.42532531364234305,0.498983487248818,0.49301173089079364,0.48489126826537604,0.39889541013656804,0.3407809286956542,0.5039891946568069,0.5658103886523363,0.5016040744171114,0.5030874585729395,0.4675060908431056,0.5994508192528804,0.5202885707626105,0.4678968268397935,0.45306622367842614,0.436354607946431,0.3809398814053566,0.5080929488863827,0.32832680831384886,0.5016804050489949,0.507126354506821,0.3962766163533146,0.34482052533459145,0.4497531307816245,0.4838771636018022,0.44743221075738643,0.3735892947913419,0.5354996905701271,0.5037543221198385,0.4979518977277447,0.49192119668597245,0.43938095829565316,0.3704071248744391
0.34735550655208003,0.2830281483328718,0.40398890084938954,0.2754578585155591,0.0,0.30617026807782005,0.2980676320382888,0.23613626458550768,0.28575216995320846,0.28152444922651226,0.3531095241217258,0.2764703863898461,0.3212828012727628,0.31428306922944144,0.2760763612920729,0.40616770454932943,0.4139211962455384,0.36932860364079667,0.2811359317742921,0.3103827914931654,0.3356996661309977,0.39646017359282487,0.33221853025775333,0.309548909552432,0.2794423871444427,0.2771940853357326,0.2821865898238212,0.29424426707719364,0.3001608480968271,0.34443393153270013,0.23357588747587724,0.3026201933180921,0.26740402250611217,0.2504693820316663,0.322959989090336,0.28073919222399907,0.29097120217737904,0.3154962366588955,0.24542938315820326,0.32514538834596074,0.28337035910124,0.3676259042997359,0.29198170007267454,0.2999406831964902,0.24265930258778712,0.268355032342539,0.3352044054820373,0.3019032191949335,0.3266299016634262,0.3310142682156187,0.2969595582611918,0.3383760553081471,0.29382216495752267,0.2772733752733494,0.26765693955234926,0.2645805053400103,0.3082026312660075,0.3883795990472626,0.256878470461055,0.3064842346200287,0.23072834048483318,0.2677442609153136,0.32243101629823656,0.2931254401054148,0.27097207459705885,0.23614907270570978,0.2306267964627531,0.29555985849065836,0.26581998440344334,0.28638894186683655,0.292475630402482,0.2746329499505301,0.28014075763731305,0.31133144055058776,0.29186111902430995,0.24412369614212642,0.2830423588815601,0.4109521492027333,0.22364625389523443,0.26512195654398263,0.2796160934798677,0.2793375137282112,0.3197923594445608,0.2601142740404121,0.2797214658652221,0.28449626623148033,0.23962697204955988,0.25138252087908247,0.2558695838127788,0.22010115262222713,0.4218068333472016,0.2578889855254879,0.36680773774512726,0.25769612688859034,0.29934970664772703,0.25430682405394267,0.2134044701103052,0.255509330162045,0.2799812037559958,0.24222195638645713,0.23690811861916128,0.22450149099394226,0.22401761953393914,0.24324431908136418,0.2806451094932141,0.3097642372406157,0.25916566250528794,0.32020634637082496,0.3017500961183675,0.2822576565677419,0.2907827354722966,0.29413250664168406,0.2540220979629212,0.2935464717526173,0.26642233677342797,0.37923146416554887,0.2645661148805486,0.33179304217809436,0.3105444046058948,0.32027158986318355,0.39861115406522146,0.22974834686384346,0.2830895868639605,0.29771255927330714,0.2584815138862396,0.25011020726608707,0.2748215358165237,0.2697359688928427,0.27479339880095005,0.2824368911942454,0.2819666779982965,0.3590672501201505,0.23257078054703836,0.2822013339084985,0.2404077335007066,0.27719228267295243,0.2819946291087606,0.30663449134615944,0.2908089961444892,0.2617745504156254,0.2273128221720811,0.3481385634501357,0.2999837963415025,0.2982543596799564,0.2756627498848554,0.25520869754724934,0.320873173665073,0.2714837568882288,0.2874496769522685,0.27837361401879374,0.23376455311510433,0.25884611227314586,0.3412521322271766,0.29038971796627244,0.26432966477340797,0.23747197322781813,0.3085283708529133,0.29596435683273653,0.26332458417861043,0.29618013449688363,0.2487355650235485,0.26188325604031737,0.23131506904053484,0.38068922441464276
0.4275604709366221,0.48457568420962055,0.4716593757210706,0.4276365474261636,0.30617026807782005,0.0,0.3767553507363593,0.4203565331924797,0.33338812414243846,0.4384090978078866,0.472889471391092,0.520264571982173,0.5408076888134641,0.3033369484540978,0.4267831018013923,0.5111158792846915,0.4260828917793261,0.3522147759091757,0.48296067195624787,0.43248625582850425,0.5320228670960846,0.4977271476220902,0.39177509854565346,0.41521705792744235,0.5008173583718845,0.3651146994346786,0.310770369794262,0.3342997545852967,0.4366483992060222,0.3425029873538424,0.3666057778297368,0.5439929292213128,0.4334441539200233,0.34249479928399373,0.3541076972994347,0.3924055805255671,0.503510341261892,0.3979616930249584,0.3749840472232495,0.4299067378693945,0.38801802046688416,0.37300160183147807,0.4218913305826914,0.4155503333802217,0.3692231550467428,0.3911098573670645,0.34594246597297823,0.4181499769082759,0.41966808102996256,0.4208997287369522,0.4355038316593158,0.47555650891735357,0.37030350331477235,0.45452518422678817,0.40529443501330115,0.40512374593483974,0.48975804085671604,0.483253709452711,0.31657460091681017,0.4164627790447664,0.4150326133243606,0.3857590202692619,0.501775031407643,0.298844026617215,0.3252761382816836,0.34294420296850175,0.3380043196816827,0.4511066296940481,0.28402777606532054,0.38634687791472183,0.44287924061543016,0.328951837422344,0.30203147276345865,0.5108379688916752,0.3788297911801198,0.32449087448682745,0.4408643459402209,0.4107505782713518,0.3315063610220487,0.3278743467805097,0.4610714496709459,0.39733506319276973,0.49552940856301547,0.44967053028860654,0.3826230314238352,0.5047417512045186,0.3989712229520574,0.3357077641837288,0.4119131292649913,0.34555802350433085,0.39918090586163957,0.3114068598502848,0.4885158840716584,0.3739712924570164,0.3622531235146184,0.47190155085879953,0.32020557367138747,0.35537011139683544,0.3206779028178486,0.33577270614582916,0.3386365841389254,0.325288203917579,0.2840477268831202,0.36602301020019823,0.37638386964372905,0.519256060904765,0.3961751835561209,0.42292389177102624,0.3741491254890791,0.4500176366506333,0.41498567368848893,0.37146824052077304,0.40229196650006205,0.34431999827245974,0.4174662585804901,0.46784133828996194,0.3916845137781411,0.4527850233307084,0.5001291054982961,0.3311694587202168,0.44415814176049445,0.3461282300233923,0.3969804282089975,0.45976592983574416,0.35449815535637474,0.44792849514921385,0.364753968783566,0.40907470594161166,0.41275268174973223,0.3777419958105749,0.3191525356026223,0.5674195077580676,0.3919371204437792,0.3820723865192187,0.4037295366504694,0.36898890943503276,0.46155300238218794,0.36789778479211827,0.447298424137732,0.395201726158878,0.368700601766027,0.44108540886234715,0.37314975364092307,0.3683237884531786,0.43418328082456054,0.33950344726856824,0.5498520720290959,0.4417412126005418,0.47800884580285047,0.312314534492658,0.3541629380505602,0.3674884101221721,0.35168568930541033,0.4000966556841092,0.44574604168687565,0.39419433550050254,0.5844701882323572,0.49593330908393735,0.3470987306245194,0.45428885443240513,0.3432605833585421,0.37908399970587864,0.3071395401066396,0.4558843866725497
0.36339299025580896,0.41064111602119524,0.3210223298598305,0.3842711064209124,0.2980676320382888,0.3767553507363593,0.0,0.30596876843002824,0.2706229320937879,0.3826156221240538,0.2968586595305077,0.44237462568911207,0.3913185148378809,0.3292210341020609,0.498391784720594,0.3120037756031099,0.3511348714917037,0.33554213246607223,0.36523029041451616,0.34531412799410544,0.4590662129602138,0.3552631717674937,0.4375147215081853,0.4813271037481767,0.40303018399044754,0.42652513312515855,0.26693708697081014,0.27223450914470027,0.3628868321584546,0.26703648392076645,0.3761269959351472,0.4255124736811114,0.4767531957774669,0.4486173213853409,0.34476904047456236,0.40294537870729463,0.500072977957148,0.31515236009064146,0.3835479349077047,0.5528476824654244,0.5032450348091813,0.36628487301658297,0.48447172283273593,0.45455368562893605,0.4446949368882753,0.4729805399189978,0.5539952579034992,0.3802649802161115,0.5060437159247856,0.40887687885682994,0.5296247705214621,0.44236189430734296,0.36175670772456625,0.4797706097737623,0.4212800439420734,0.4497182194159462,0.40076786008812965,0.30531290918117854,0.4117635036039751,0.4164904707365046,0.3203051698522326,0.44243447809237424,0.3477904638959533,0.34759426000495364,0.4579692970756031,0.3865938982768302,0.4121825658681907,0.526441047913089,0.2745915500897892,0.2826783600176553,0.524684841787386,0.3868296781359132,0.2989044103887283,0.463446580240856,0.2686878968234334,0.40679196773592236,0.45491235168140104,0.45433114994945883,0.3499557551720276,0.33724812771197626,0.47784536966311336,0.42124557190120765,0.39287682746768776,0.2995835352178662,0.38714631401940014,0.3771180101040724,0.31760253321966925,0.37597713841171265,0.39198620718696364,0.35951827850214335,0.35411821090294887,0.47931395721579484,0.4004064273466865,0.4317631407266966,0.37308628462494803,0.4593004713320766,0.32526604983845436,0.48156589173171366,0.36937812038951445,0.4637844281595349,0.37519089912797154,0.36203963256040483,0.3965293056986705,0.4135257960987126,0.32731271570534487,0.5084801147794357,0.4379951346375627,0.34181169260079514,0.6012322223206057,0.5027105582192576,0.5750117415336197,0.3983728933920018,0.39107366637994184,0.2698605469017051,0.3910024525188898,0.35112632354277984,0.39227594837677526,0.39564368671404626,0.4386375274395872,0.2956455528801011,0.3843855905853458,0.3198191049982386,0.41886335907594446,0.47790329685707805,0.32222613967906777,0.41525796838111884,0.38697392180461526,0.42393974618236724,0.4126917400517671,0.48082521976911613,0.27094480323381764,0.3297323960402559,0.2790028280626697,0.3192037003743417,0.3750445307155302,0.48791020796988716,0.4492353815662052,0.5384945167616464,0.3624561152748213,0.42651922780788853,0.3585054031523713,0.38715347095032826,0.444269334835987,0.3359725184246279,0.4932970266623464,0.486642080293138,0.4139017205742405,0.45740062137337406,0.38713423552468645,0.2662492967518765,0.3616092317547833,0.35919713050226715,0.30291423087577607,0.5737488792203685,0.4704623470998885,0.4015381696344976,0.38473850526029035,0.4476740162393519,0.366071649389406,0.420369085664718,0.44618572977043675,0.35365578549391335,0.3769829693392807,0.3532937866966116
0.36407668433353074,0.4788390268612896,0.3114984988438061,0.46882316997657236,0.23613626458550768,0.4203565331924797,0.30596876843002824,0.0,0.38848507338443306,0.4424348903055586,0.30857717949749075,0.39833437610740274,0.3995376419614294,0.3212382821340736,0.36462714401843627,0.3355326191699192,0.3061248380810684,0.35458583808860905,0.48488830024871366,0.4467013408515116,0.36401748593732675,0.3269272252314475,0.3953564637244874,0.30181647617382557,0.48933325423457386,0.2873150252515423,0.34925614064238397,0.3511505662356966,0.3231398442020598,0.270709009959195,0.4684767035328334,0.40521488137416317,0.4031562474049877,0.36531976556554824,0.3740159218053719,0.4085393769040937,0.39208539884511606,0.4122502185763508,0.3350862447636081,0.35331767949718146,0.343085701074636,0.30668764674784255,0.35608971951993623,0.294135069809546,0.4614259777768588,0.35676571334782375,0.2749542759086096,0.2953641280076542,0.394457832641072,0.3607767337695354,0.3363250508911363,0.332635074871223,0.38332036981432227,0.36323390998835436,0.36790489038235624,0.37744032766690894,0.4101729417641672,0.36757446683185185,0.3619644388853964,0.42964922347408624,0.5606133623590196,0.34855978269198923,0.36970862457705583,0.3262142671907478,0.3378144726719517,0.34507762144129295,0.36705389598164195,0.3207240913481218,0.30293454712596746,0.54602098805714,0.3431769773447069,0.3774682899888099,0.30963238762318335,0.40809542035001406,0.38315121683944103,0.35147951975747643,0.3646403069624589,0.3052133707035477,0.3779015754153964,0.24419039536855833,0.3313260047037439,0.42692803213066627,0.36909280824403007,0.48214056922416837,0.39898457770748497,0.514177881308089,0.5956526940905784,0.38989292203240483,0.4851168943220284,0.3664996183610647,0.2877608382383887,0.35265112590773773,0.34191801676066463,0.356303654524351,0.38228899113095954,0.3858124458377204,0.4227523529504132,0.40777307892172343,0.34813741411888294,0.37957447638782826,0.3699601949404503,0.3980924953810499,0.3192815965433813,0.4272263936323067,0.42642122346996675,0.3606364709593305,0.3591629358169798,0.4130200852221501,0.31345899912184894,0.30857322436165313,0.31636527454236096,0.38181350588774776,0.388321659592817,0.3894516191224148,0.40359396654611146,0.33949461452149515,0.4407417763964825,0.35679466196729653,0.3220204074834114,0.36141343759298,0.3110330803693336,0.5483652027103736,0.357103982091629,0.3243990671350155,0.370003379325742,0.34382473700104843,0.35975847567114,0.37241822877121333,0.38809446340256326,0.375717372703473,0.36127343210507507,0.36084089928959173,0.4990219047861436,0.40516725648449975,0.3903478574964679,0.2968645713939649,0.33813641714731696,0.33775054187614767,0.48832151351107134,0.4100129235021222,0.4218373504817976,0.35235301515295464,0.42647285306271376,0.40565522540382976,0.35024424706096957,0.3517111598999204,0.4079210828588177,0.3398351508197323,0.46355115744678044,0.29476436431794056,0.4373626117530182,0.4341591951885591,0.326666400208681,0.3029561252235243,0.41058722323559393,0.43473389300404447,0.4133801324966966,0.34843688839514675,0.3745481538299779,0.3510339108283375,0.3438906904972088,0.42983224386925895,0.36124571300548014,0.32377027094322125
0.4596180930092123,0.37116110783895945,0.3264277972240967,0.36360708720552115,0.28575216995320846,0.33338812414243846,0.2706229320937879,0.38848507338443306,0.0,0.3416726402183041,0.37005057729618496,0.33096685912709756,0.35097872291447924,0.43482025548606096,0.3076974431939344,0.3464060362790261,0.37327887460158343,0.5024431801227468,0.38194527562099573,0.46440023927374446,0.2982533280313307,0.4249574752580202,0.37582503339891743,0.26837952856469566,0.3725614121587227,0.24755697263186957,0.49161939086761003,0.47769547382693306,0.30574023283742763,0.37264710215001484,0.36038385275420975,0.33277162368085617,0.3241850855004439,0.30490654684184915,0.43254582314527457,0.3311474193941475,0.3035018289853939,0.4946149931927597,0.2664342662232909,0.3054717812293853,0.29446211384145654,0.41817100203283714,0.27682712042511526,0.26182971044062237,0.32740213260990575,0.30745415092472533,0.2478008499649192,0.24645217114547188,0.3346145179081273,0.35281330735459543,0.2907151374242848,0.2976813084015695,0.3741568371441777,0.2964679756570132,0.28729029773242215,0.34390268986840267,0.37477444369463137,0.38274963541059487,0.3198068686970612,0.35879356503848986,0.31770587885471435,0.30093845429875354,0.317652941942632,0.3684448483251586,0.3191719255835093,0.3011340865722016,0.3180384959259965,0.27573392026613436,0.3564187696296913,0.4648307887948882,0.30606205137694886,0.3663756305334502,0.42055716555895895,0.3208894657825624,0.47778183964766624,0.3172512732187936,0.26134896930243273,0.25548588976410447,0.30774334221027067,0.22562133337926496,0.2798289367201645,0.3885014830386025,0.33305288023187996,0.39043575927469437,0.34646820855846727,0.4477845407306659,0.33937699518041997,0.35965383223585895,0.40009691002934283,0.3539333757645363,0.39466264920966254,0.3320913452171535,0.32722438218737615,0.3263756998488603,0.3734094826200023,0.3224895229495503,0.31934147255967654,0.33010977245474926,0.36671626284503606,0.328063866372877,0.33340468706084575,0.24893660379717686,0.30170460062819415,0.3364155616719281,0.4254215937926593,0.2982758794855766,0.2752905272659777,0.44793134610355045,0.26913145171325387,0.25872979670491886,0.27000600288270515,0.35104778030959316,0.33284177231001083,0.573647272089706,0.3546228045158572,0.4376544647750657,0.3602793828793901,0.33878469232591363,0.27070963048249086,0.518753173135512,0.31718920736647177,0.33261536555122123,0.3213028000550904,0.28518789071087913,0.39111205154813494,0.2800312985018814,0.3237680462466773,0.26217831796897495,0.30289621135976286,0.32915430177559607,0.5318365689901495,0.3525396787650955,0.39765171623431783,0.45767087153150127,0.31313116921605433,0.27297185767061277,0.30915293000987815,0.30690650392353647,0.4133774377563883,0.34079326545322636,0.3531111934851301,0.3511080683267479,0.36839182190555253,0.40032450580176826,0.29607443747657153,0.3206425271597672,0.3674150597090199,0.2731412792552425,0.36823850742526737,0.3537767332769781,0.3730418463940208,0.34915234046739946,0.43653171022378,0.26128142059897513,0.31998619973536235,0.3344387515959359,0.3936379833843586,0.289943831702692,0.37082064586483915,0.3158244227592116,0.2802349053542246,0.4054002228314803,0.32542118506206696,0.42143224425679326
0.43184909086899703,0.6200127272287682,0.39219739637607554,0.480578888350527,0.28152444922651226,0.4384090978078866,0.3826156221240538,0.4424348903055586,0.3416726402183041,0.0,0.3114118816448246,0.4007361657934212,0.42990878459159704,0.3873951687125337,0.35886928057132994,0.3455840682265735,0.3722627844361447,0.4326346504469164,0.4810169833641251,0.461386003514043,0.4025691521400852,0.37658820095839046,0.5536063759637115,0.34256935595253313,0.6079033720740837,0.2924978995288562,0.3399998803938244,0.36641998104962237,0.43897612112182266,0.2668343638253313,0.37389376366523785,0.4808220778166278,0.3789673397172855,0.4247895288462004,0.4524017079773488,0.4682867343500992,0.39126108102518814,0.38833600862041096,0.29792071793727115,0.46338451091863625,0.35880594986413505,0.39798278652463764,0.33732724821328086,0.3253284623049792,0.42552494703720817,0.37760407509484106,0.3311599486006197,0.31262718080591834,0.5330404989764617,0.4097170160939308,0.35590164132267144,0.3871371485073564,0.4495459015898401,0.40086697690677153,0.41075753644399976,0.47019097061196236,0.44125687547831305,0.31732088075827036,0.42958047963521634,0.504680142838116,0.4026966429808063,0.367403083188935,0.34690442939834903,0.3868181284062251,0.4093260567597799,0.3675334630306842,0.3642143351714772,0.335190169106707,0.31045025045854335,0.3768947518891539,0.355604413004165,0.44656504179234136,0.341844826130135,0.4409035474297758,0.3603840468601596,0.39468278725705724,0.3407459439985151,0.36600215099532285,0.31894621542392243,0.2641647477908356,0.36747844287565434,0.4443223312811213,0.3731067807293906,0.42074859034362605,0.4767799604802536,0.5069810970975464,0.38586388272829863,0.37623319567382124,0.4546486349603086,0.3504068577418661,0.3208598483883381,0.40469675988252957,0.4048205465549614,0.39570055786140507,0.4966621104855428,0.4069050469568448,0.31766511961135335,0.48776256039512955,0.4185575246186087,0.40873166506565173,0.3564076685604552,0.328749711201448,0.3205601693834192,0.4612402575329951,0.4159849321047952,0.380532345281292,0.3757625716104889,0.5121706417798109,0.3862535749087461,0.3846077633652834,0.3715733715064985,0.45500716990430184,0.4404388851420678,0.34782028457959496,0.4015137358082257,0.3769627009883981,0.4755191969341327,0.4792176650436854,0.4562767038623631,0.39360289903536333,0.36021149195456414,0.34687515414541825,0.46221678666263377,0.3381397965704174,0.39425516963604196,0.35136961717410276,0.4594311927410845,0.3206077564661179,0.5450371067903867,0.4230497110987991,0.3769339585835399,0.3508627537999186,0.364870755265468,0.4061720498912607,0.37912536644284117,0.3408899010944977,0.35090984232535627,0.4108771117519864,0.5319842818689354,0.3631591395464997,0.3593664323679102,0.4605003586680455,0.5324048548437155,0.438011366659837,0.3740270404608647,0.4082540442648584,0.3657846975026244,0.3503148299865702,0.7198651461212765,0.33856935953013656,0.34418018645263104,0.44457801804823505,0.34658890257674796,0.38871981592377886,0.40080473469746936,0.3779880827629532,0.4070217110567316,0.3537751465212984,0.41804132088070733,0.42184839339340185,0.4388470943468242,0.43451383775962055,0.3581512906835676,0.3391218438730988
0.4130442967500462,0.34643578922242735,0.4672271160116614,0.3548731368439524,0.3531095241217258,0.472889471391092,0.2968586595305077,0.30857717949749075,0.37005057729618496,0.3114118816448246,0.0,0.366759019335561,0.44202784817414115,0.35481651664962083,0.32662966787389275,0.5803992213133301,0.5685554304203513,0.42538856893844884,0.37274543593413795,0.3835313897728043,0.4211240010280552,0.6050593790022246,0.3263600633036394,0.32205887559386975,0.3557107018629565,0.3271911904084387,0.36607048118789326,0.4198125492739617,0.40663783253117763,0.4062881653027323,0.28948798440832024,0.39777652980562117,0.3495646687357042,0.2708890189624998,0.34273577439040465,0.34109348734558875,0.38100305151269603,0.44056831878855723,0.3314888745034597,0.3430116085696516,0.32965109262865905,0.44196071805084525,0.37151940030872027,0.3597187670872425,0.29732244762666193,0.3065721968280601,0.27306663768560646,0.37706728862254213,0.34431396383383683,0.37992150586748413,0.3665443246559382,0.38036138007338083,0.33497861182187555,0.3885512090021008,0.3672761625779485,0.29299637086760694,0.40388528430490256,0.5664880079761997,0.2812751770439141,0.3482108450497967,0.3423878015197212,0.3176219480400315,0.4682493805234879,0.3167016738224648,0.2841123074466931,0.2932244477690143,0.2821565436327897,0.3470193337624062,0.3874865965742636,0.39736541478509374,0.36833802647175473,0.29108284130467615,0.33926694478002717,0.40012577566291657,0.4998455408227716,0.2742770633236716,0.3740038161417852,0.32446183358232983,0.29084032054731224,0.2644734997861509,0.3468109142580706,0.32002991394313607,0.3504606745727867,0.3900838478301697,0.3172624376464773,0.3536999007731384,0.32671785262062003,0.29553231352248727,0.30128350761753714,0.26709667476813864,0.5496127371959186,0.2536336055254761,0.46044166778280676,0.319117311076145,0.32456023330310957,0.34349242759477633,0.2826406032063122,0.26907296995736263,0.2887186628520021,0.26572976580474245,0.29382576304735786,0.2848987774713819,0.25186271682565103,0.28347086502419155,0.3511025196446123,0.3605121212946223,0.32481470246799743,0.38386604531843804,0.30654878036569855,0.33255038388991204,0.34969877819785145,0.32352684369780066,0.32052528120991086,0.3975876024687941,0.35299510275571894,0.4600881269648205,0.30577276328352854,0.40454567288878857,0.389638413560972,0.37349328827163847,0.40642727540110307,0.29252196788594254,0.3281480572055977,0.34377279080877204,0.29829356925779144,0.351412024161514,0.2958634313938356,0.32893446127285647,0.3403714356374156,0.3290047543008046,0.3501892085620359,0.5460588162915131,0.3281461650499839,0.35282489642802844,0.35191640604696617,0.3181945929816618,0.3372966513327877,0.3166949965232379,0.36648834870352126,0.32335111175120157,0.31868988336102116,0.43601086147603924,0.3008103138730583,0.3512287592247357,0.3713665195726824,0.2709941414629042,0.38234833985766137,0.32063415447614063,0.3467456205807661,0.3897624407245789,0.31227256834847855,0.30738843731293924,0.5163088725761147,0.30570252649407237,0.324082513571656,0.3141358536902588,0.4233791468047325,0.3328115506677298,0.30573673733499923,0.3572071921170201,0.28374044653088026,0.3178272906384011,0.2560768650208672,0.49369610491451604
0.35657393235422274,0.4731615840363293,0.3851808161404928,0.4036931455845446,0.2764703863898461,0.520264571982173,0.44237462568911207,0.39833437610740274,0.33096685912709756,0.4007361657934212,0.366759019335561,0.0,0.38809051487799157,0.2701394010969691,0.4889813291257725,0.38158152084398683,0.3515912300094007,0.31842664443393387,0.48256835072838605,0.36192381326414463,0.5220565471032091,0.42614884805704956,0.3571077998780163,0.4480459449074802,0.4632683949557633,0.3720736331852282,0.2837417829494671,0.2808860769071359,0.4047109755637427,0.334314983747203,0.42459137250696405,0.42583017080773083,0.49802896240290717,0.36937279757336183,0.30943098320758844,0.4166035693527624,0.5220338627145367,0.3780505161547968,0.472610668652501,0.4270397003820839,0.4889275252084655,0.3346639155836648,0.4832397801137557,0.4329085062900756,0.40168610833599444,0.44049139967090656,0.40543782844330234,0.4287400642571473,0.3985224525078641,0.379647783368249,0.5016121440371668,0.4495350019252047,0.3365566517927354,0.5248888708722992,0.49161915574155496,0.42773199071457074,0.43649089029640054,0.403589931510707,0.30597090516660547,0.4052367018950271,0.37608555326747856,0.4127521790650364,0.392267587740493,0.2799641629669904,0.3652902450521024,0.3555672883063234,0.3393955364719344,0.45399722252708297,0.2582301346868544,0.3330064662767091,0.47895160145504945,0.33605055084250496,0.2586469138097355,0.42580360018689684,0.32618715260505526,0.3421339549091394,0.4283940943267089,0.439545395360563,0.3862469710162869,0.32149011358181556,0.4912346075407102,0.43405753580271034,0.5345659778545484,0.3632064398430596,0.37279047345630467,0.46930429513614347,0.3519508610231997,0.3275955585018831,0.43189948814673723,0.4177901157128893,0.3496868494806628,0.3516568564156863,0.432832892542172,0.40483410741206394,0.32479839345107414,0.6100864742699741,0.3488864116300981,0.3835504369137174,0.296439578530098,0.3510824191151818,0.3622184022239228,0.3483204848280158,0.31703732158460507,0.4748293879447891,0.33466102737448306,0.5330567308268122,0.4146193235041487,0.35488812023493604,0.42623015458335267,0.4745581837045898,0.47024146180503773,0.37157211684969915,0.35684295432796015,0.3158143960398552,0.44468645149554037,0.39870177461455,0.3739313293458243,0.43314015535550343,0.3883171050502329,0.2897317384925411,0.3808754549525163,0.3766989030870878,0.3599685269581136,0.4871743504623673,0.30820349502086214,0.5766590247141429,0.31409228277153306,0.48229433329376464,0.45643795480589505,0.4337942299480998,0.3033677837647022,0.40586747289547953,0.32763255724646717,0.35391077169414265,0.4274272278733887,0.3953304919576086,0.5660843848086488,0.4246656741301371,0.3962028506777575,0.4867344774972086,0.3935052780594071,0.372043511415861,0.37489352527697656,0.33703581954929335,0.4859021326981434,0.39075982162364215,0.6163326653969409,0.5126042801825551,0.446668828655277,0.2897617747388334,0.38051675488987585,0.378545690182417,0.325113567401465,0.4738651609538724,0.5495756925739544,0.41048388030978694,0.4611894215354247,0.5270081722726682,0.3352809152223528,0.3771836886003757,0.3537775821394331,0.35196768961767105,0.3484755705368995,0.4008803046062887
