0,1,2,3,4,5,6,7,8,9,10,11,12,13,14,15,16,17,18,19,20,21,22,23,24,25,26,27,28,29,30,31,32,33,34,35,36,37,38,39,40,41,42,43,44,45,46,47,48,49,50,51,52,53,54,55,56,57,58,59,60,61,62,63,64,65,66,67,68,69,70,71,72,73,74,75,76,77,78,79,80,81,82,83,84,85,86,87,88,89,90,91,92,93,94,95,96,97,98,99,100,101,102,103,104,105,106,107,108,109,110,111,112,113,114,115,116,117,118,119,120,121,122,123,124,125,126,127,128,129,130,131,132,133,134,135,136,137,138,139,140,141,142,143,144,145,146,147,148,149,150,151,152,153,154,155,156,157,158,159,160,161,162,163
0.0,0.3487634495083471,0.22405760939079075,0.33151397544710803,0.2681909097601439,0.2672664750025278,0.37988297036908936,0.28663186965512816,0.4208951503663768,0.2544802596822817,0.346648532677334,0.31620153053704725,0.3572770036978291,0.3298861358560004,0.354132067714195,0.28837111726752734,0.3036932339875686,0.5132310154689906,0.34458053843857583,0.530922311566891,0.32045925660779695,0.3552678700936809,0.31791686132608393,0.3741620928737844,0.383059213801244,0.2909452908277126,0.27744358223375215,0.2709625988914418,0.27252146391049176,0.288017114373096,0.4025824658849998,0.3156647358353723,0.37460335658131744,0.32258665931673774,0.38131924371942283,0.34280542241021333,0.43656213193824844,0.3813380685941235,0.3165287142712827,0.37644813006055267,0.34089303868478965,0.3183024914054688,0.39674037731448347,0.37169909248361926,0.3715808866815419,0.43034349141902634,0.28579628316969885,0.31838521162878286,0.4213822426451778,0.41933191693722116,0.40166414136842704,0.3188278442745053,0.3754600609096282,0.33724835076871057,0.3305833520078139,0.31280144512740893,0.4984076015173793,0.30073946328764006,0.3623472874203004,0.39852068703654103,0.2886793636337435,0.2994821839501554,0.31150250421901926,0.29990493800435775,0.39598169313456094,0.3957943428542436,0.3753279144080053,0.35594314564206075,0.3115489104039644,0.35914453669257457,0.47793743076853923,0.386293688902443,0.32163766651688913,0.34232555395487546,0.3073099596386389,0.3958776782495311,0.26939708727199874,0.28791651194048323,0.3850845715756524,0.2556276525355541,0.2673328352984842,0.4624665685152974,0.3247556408312402,0.283987239851459,0.3433650140974046,0.38743542517270485,0.3420565015372215,0.4381944467175319,0.3191341557387437,0.3745008470586612,0.40782892773913193,0.4179507893776021,0.35723755841068244,0.44098473664020527,0.3612274237302316,0.3531609048709601,0.2891792080492453,0.2927552584670541,0.3296429810676409,0.3463804138318749,0.40092817098221417,0.310229233135934,0.34455026477905104,0.2993675370290322,0.37398010670471193,0.31119982490112796,0.2857206514660544,0.3014563535442184,0.36005997925741295,0.32714348027357193,0.3587341150194825,0.4291983960831348,0.33182767261594565,0.28565583847185033,0.4051881066937783,0.31835306422820153,0.34699537087081367,0.30975081359877066,0.24778009499060413,0.2773268060101142,0.34372519331873985,0.2821254950129147,0.3886892165175046,0.3935335170260542,0.33714809774005555,0.31704070179826127,0.27202939979647756,0.3152953636135563,0.27351846976443983,0.4033844694430179,0.2666924317569279,0.25293616438686845,0.3286858256312865,0.44346642487939025,0.35718391249124,0.30964750486095627,0.42894367099632175,0.38331052841345137,0.354349174781537,0.5033789259767111,0.33355814875973494,0.3288614596413544,0.417907603113712,0.3001223515918818,0.39798781555219026,0.4896617092084777,0.3276416146021313,0.27430808889970065,0.3251979835605444,0.22409113543339085,0.5139135553455172,0.36064769147600445,0.4511721998647617,0.2491072796008113,0.3474892345072184,0.49368724165549704,0.3184732165427984,0.27980833545260214,0.41169859703325734,0.29269543355157257,0.2542395336406922,0.4653335250446617,0.2740341147774838,0.5361167429789343
0.3487634495083471,0.0,0.3102180476073905,0.3510496373682206,0.23297828535257753,0.34391560545276734,0.33465525861735945,0.39029895502602,0.3046110331101352,0.3775555000352856,0.37137633626197675,0.4073550681945372,0.35328221206451493,0.38814378758809803,0.30411827476981224,0.32581966558669984,0.32186958883242084,0.3815484731404474,0.37977850769852023,0.3627391778227708,0.3684744509596833,0.4298291766281228,0.33747525388996696,0.3212820444579888,0.46921908986547617,0.27883548798167873,0.2994828998150596,0.27923429021118956,0.3788618912172671,0.2857638944047648,0.34225808244318684,0.3526834969347587,0.4348728212833143,0.3134819278003903,0.299035933564085,0.36718914798331653,0.3852198729591668,0.37453173602764345,0.31280823088368004,0.3573898864928382,0.3535262750089473,0.36884141457543557,0.29910896959259087,0.3059274729718666,0.5125798149655759,0.3624968018393304,0.31661192434318824,0.2977957884909297,0.35199228701874274,0.3217125007087652,0.3410109461616937,0.29932176485473344,0.37564910654937456,0.47172313343795685,0.3585016380790934,0.327829624079811,0.34382595213464223,0.3489046299419895,0.39177616643334856,0.40257511080257213,0.347112049655181,0.2756248968655332,0.3030243135693895,0.2914096063170827,0.2851261935666312,0.35396663363714814,0.3642112649847089,0.3398252978202655,0.383613491820926,0.40209348898221636,0.3132398773646783,0.30460978770415825,0.29037896108767136,0.35228096690601796,0.3778522134276428,0.3269965460992581,0.2765673817061807,0.33202858846960137,0.35524266307378055,0.21913481569196677,0.27731774292036265,0.3139361789510418,0.3993341785924951,0.31037469236275356,0.3171282505752467,0.4565394188756761,0.33585261297671487,0.29842990626982363,0.2915260672015168,0.3958045943124059,0.32230272172404417,0.3615013213523653,0.319317640702158,0.337760295631573,0.3538624382741096,0.46956588949977174,0.31918577170433265,0.35411164089791003,0.2520128349187808,0.32333152623132083,0.3113757591179346,0.33313494508205344,0.305188378868032,0.3994285003389976,0.3203161174188863,0.30535307349479185,0.3122785207168552,0.399172290880115,0.39944928202368274,0.4530349809370581,0.36852805987021053,0.30404977904173097,0.3045808193059216,0.2926843058191211,0.38198168610861344,0.33578663253376106,0.32548930012536165,0.27493147791053557,0.32060413246148617,0.2698797585458502,0.258173969575353,0.26941794668886876,0.35483096512059814,0.3566747317258146,0.2457571972281881,0.4368837057780722,0.27164177586878946,0.4148551340496597,0.4098157021619849,0.3339149033954258,0.3260711543102438,0.2776885464662936,0.27762118469752756,0.31729980388815765,0.3610427891982255,0.24745260557545384,0.3415915457971568,0.3030229116512797,0.4232908652825927,0.3510908510424154,0.3706787056361927,0.42738677839180955,0.41091428868780244,0.33032528378042353,0.4010271456954134,0.3736409210252774,0.2927364199797221,0.32151219708836065,0.49199720027818383,0.2893028096504958,0.284746235805063,0.4055064421102631,0.3473064545464446,0.3735659428108237,0.41138026132833766,0.42966778985002696,0.3135074725597828,0.3162922436865566,0.2829757473523838,0.2465415290786644,0.3106753663332359,0.34180924731372486,0.2696684447007404,0.30206773173273876
0.22405760939079075,0.3102180476073905,0.0,0.2767034856402131,0.2192620202129471,0.3752204971459629,0.24029538435586584,0.3271241216730058,0.21076197766213295,0.35160859582804355,0.2930021106482625,0.3101903291541019,0.32912414431521586,0.23198556762061565,0.22359717924912317,0.41424124974372445,0.3373280915302162,0.23908241802732874,0.23829373914327837,0.2216036400565397,0.34460182244081655,0.33280785766415644,0.22492310549442593,0.261535899420598,0.28919489506114154,0.32886388971255054,0.23586701827509252,0.2372657350651433,0.2852334984280641,0.2534022194271837,0.21479912535968868,0.3068387459932204,0.27289220140811593,0.24797439104947028,0.191627179269676,0.2538261952343267,0.27415177094088655,0.2588974895326483,0.2357761044918127,0.27361725255102315,0.27653081126948437,0.32836555978059756,0.24490665165727213,0.25183233643804626,0.2824554815054114,0.2822803874188574,0.3112829607678887,0.27733974168677217,0.229449592562834,0.23195865718155137,0.26239911261029164,0.34128410939368314,0.22057944171548188,0.30266133094464504,0.25751044158537323,0.29095795001720637,0.23600119730692082,0.3652570885420883,0.23600315480080733,0.24158577828199942,0.2828104783568278,0.2640449697609281,0.3140089201054137,0.22043016697882328,0.19940836785760596,0.25739573511080943,0.26182478755474775,0.32301306331179014,0.28636300697681794,0.28976841710193335,0.2716488411341117,0.1965231354645768,0.2427378476194728,0.34175802540693045,0.32508356036142605,0.20586793863665698,0.3094757475684939,0.3217470457176046,0.25630903576699693,0.2418349380125608,0.34404650520478136,0.23104602093314294,0.32150301925015057,0.30467331559788563,0.2491212877661614,0.3123019338906737,0.25175798030271496,0.20185550575121997,0.2502987743339736,0.2573768644040955,0.2662363736714008,0.2243179109339642,0.239445994757857,0.20832294461826878,0.24275615331114894,0.3104550530487776,0.24206313267497442,0.3191076887912822,0.19343850943030666,0.2684502902495219,0.1973628328445936,0.2819459131107098,0.22399344629438955,0.3151201915934933,0.22438970715779702,0.3797776849312323,0.29189946939895034,0.3027012699014648,0.28410689992331806,0.3306427090505514,0.26796684452024433,0.2182414139022496,0.2681912898711067,0.25108930366135135,0.24636696443196232,0.3227645831129799,0.25277382025573186,0.23401963195604264,0.3701729031660959,0.2662859267034493,0.23029226381539286,0.26765915536844204,0.24348025240009943,0.29919499974743846,0.17818170343208156,0.34694557133707055,0.2561263580796789,0.30983102535216417,0.36973230486935477,0.2420521945077155,0.2826642672358553,0.4078831041431177,0.2171392198169108,0.21773320883378186,0.23890066499796436,0.2031644119719654,0.24763857977443451,0.2089705591352289,0.2550569507964753,0.2327834391311575,0.23873555535062987,0.2851146335158374,0.24264586619656434,0.24872263581579335,0.2741118766429153,0.23813926068334784,0.2827412440116026,0.3363701895114263,0.33752748126059556,0.28897552132779825,0.19479072664761085,0.23404828494750926,0.23031133742609702,0.3634580793264473,0.3538487202911376,0.254846644182741,0.24176586955776627,0.37219446710850546,0.18297043641570834,0.23668440635874766,0.3119398881513559,0.20621754473330406,0.2696906166610525,0.23569760044091542
0.33151397544710803,0.3510496373682206,0.2767034856402131,0.0,0.21849731645057074,0.2972454770005339,0.31603790943777926,0.3982793607456773,0.2760856117398663,0.33201187134165155,0.31848241978192426,0.28395832538704635,0.41484480736219975,0.4029043939231571,0.2919843141676939,0.3454730606371242,0.42299091347525475,0.43060183530928653,0.33135447070235446,0.33699109767195323,0.36934182114157804,0.2747409867206131,0.37188329460826336,0.27159935682768327,0.37774147371026207,0.35223270415252245,0.41402171135497645,0.3773018717769366,0.29249741771555615,0.26661030851143264,0.2959290863138246,0.3818924134848646,0.4088955681504534,0.422159002032306,0.2900852004305391,0.3268292483924625,0.3440670380901448,0.39796393695821397,0.2744522538814481,0.4555782037472411,0.33497584141485476,0.37864371362542354,0.3099367715397326,0.27392400941354494,0.41681950423799585,0.4909556556971597,0.2567631944509105,0.24493809653444285,0.3324448004192433,0.3350278274514425,0.4284117835659312,0.3524236857598576,0.4212065853867422,0.381953620391135,0.30630008246075996,0.3251218704960666,0.4096451891647665,0.3601333628183037,0.4190476700440704,0.4816227697687365,0.4555221976451516,0.3753115484328065,0.36805118240259277,0.26717680984982595,0.32020810956693485,0.49970694347014744,0.518542667725293,0.2939268872006249,0.4109972887262192,0.44808013648190853,0.29951143459598945,0.3199666029413956,0.3929168866136354,0.5640530368232206,0.46683383101094117,0.34798249968610845,0.40038248398806175,0.3382084537330091,0.4321374484344852,0.2727038035253149,0.32698867960369343,0.3403635150190998,0.30519237998630383,0.4063869342985573,0.4702340263982266,0.3876786761609793,0.4229989084001064,0.38331390764429285,0.4155644942587053,0.3495258861467234,0.34435791984659203,0.3385173490744512,0.2903267969871529,0.36284700990562097,0.41205845304648686,0.2698875311837421,0.31772589924093175,0.36697989984117413,0.2687544320973757,0.4786883116181116,0.3237588281610857,0.45035269002106887,0.3784627382619962,0.28414894262961005,0.36996948379600214,0.37515837346673586,0.4260625839737825,0.3665201442409878,0.43440278083205397,0.30959476820297643,0.3496925304003782,0.33420881828443694,0.4435336442233693,0.46102749834990414,0.4249920702944445,0.3744192857427232,0.4805361976590748,0.23417356760931532,0.3130560483778331,0.36214523744363186,0.2656999346598802,0.41558666281972617,0.36155941874410463,0.37250310800403946,0.24641723559325998,0.31937247724260226,0.38898710887455273,0.3157703287304475,0.38796438357237306,0.36139338372520324,0.33132104935877205,0.34327306102237415,0.4235378747337233,0.32712069011019007,0.28834603827728994,0.23756470570051014,0.25452780514028833,0.31047783960626096,0.3483939990055307,0.37003555826187107,0.3560851917703424,0.3636373779799715,0.46987061460703367,0.3297122323620089,0.338075954758997,0.33939792754225734,0.250598124392051,0.3726220195395902,0.3145130987055284,0.2930809925402384,0.33274709634249106,0.4132589545186908,0.35592114758676124,0.2980737162926876,0.4124173170573417,0.39145492001522886,0.3255470092797626,0.32805234435374897,0.3278379145926262,0.3423266455015824,0.39109135265272205,0.35050044194052615,0.39755364935780524,0.30772902676476227
0.2681909097601439,0.23297828535257753,0.2192620202129471,0.21849731645057074,0.0,0.21130851596242278,0.28743880616876466,0.20753944390420234,0.24428848150514818,0.18649969225007845,0.25146548671357005,0.23378986633424528,0.22127059726904588,0.22548789452600929,0.34123429639241215,0.2452420846542951,0.23756837108216647,0.2664967216488557,0.21874830964083133,0.2714549235695417,0.2813694403189344,0.28855732044913995,0.2209854083395651,0.3061370434488613,0.21846194833616364,0.24601110755585107,0.1988776627120792,0.1818169784398424,0.20724523578448498,0.2585762568635677,0.29252880428902567,0.21091129184349097,0.2728824004442514,0.20088717942992257,0.31181555494419233,0.25807693402980986,0.2641046285898518,0.25852855539819947,0.3110099666688213,0.2448114568885679,0.28673862225838964,0.23652077046489525,0.32417892787761193,0.3667663559619063,0.23392056093282212,0.24579761061589805,0.30247057166262087,0.31302652790067426,0.26144872141022735,0.3183150436062307,0.27367282738504783,0.24759824428670332,0.24634184223503083,0.25104076973968387,0.23060922211416032,0.199134216576555,0.2506147342634157,0.26808962965469335,0.24271018136200806,0.24282435894200172,0.18915405277999467,0.2145480756097429,0.24715387175520043,0.24128483292066988,0.28988691523261034,0.2151866993220204,0.2152258432667058,0.2853311031232431,0.23367791437937357,0.23663714036382658,0.2885539898629497,0.26657838130606726,0.1921846491749437,0.2435503074881116,0.21402740812835208,0.20770525044661994,0.22271193582545026,0.3189612467666483,0.2374838869363688,0.20851682676420857,0.2193947424526678,0.2679180125348844,0.2933235755794053,0.1973565884018231,0.2161594659365121,0.24167450284758524,0.21810041683422418,0.24351609091076648,0.19657175268389426,0.21567999931743223,0.31750943306791857,0.27116273668455493,0.2957444421559659,0.21193454352956417,0.22925569699841583,0.24850924029738794,0.2080278163089848,0.20708685612858874,0.23339827227362087,0.20044166108973033,0.2523094923751426,0.2104765796078729,0.2281632872695679,0.2238861905509317,0.23203376012695498,0.25169083950345184,0.21351182152194934,0.21295384463713163,0.286081804915165,0.24679612672774387,0.25001668916638087,0.255218170110979,0.19873262012593262,0.207297177088058,0.23593320627595238,0.2217883451407332,0.2080677466465158,0.2504031644401187,0.20376025248587729,0.1923680856996503,0.40777345380015617,0.20218788572069715,0.21736739467413319,0.2868667340645721,0.2517281779156995,0.2338334405528094,0.19416077946899024,0.27289422813773173,0.20462514900545406,0.28105811396005137,0.19806132031467252,0.2285426698032675,0.18617157271038126,0.24449346643576775,0.2743317911795582,0.3024577130840171,0.2836623981654083,0.3492880862307206,0.24643872374243733,0.29791077274324684,0.22871632098562422,0.2431977865073219,0.24661132925492324,0.22856000447922828,0.28211188291499373,0.26158284704339274,0.3375207203630373,0.238879092334436,0.22037794679895023,0.18027031907121568,0.24701665678182783,0.23434574786637163,0.2774749166684657,0.24259753684017316,0.2515256762972392,0.2693966482453604,0.2071697352049242,0.25011556103026794,0.23495703373815974,0.19075270055920615,0.19975781484885244,0.23231422084194578,0.20362485449206374,0.31265799360674573
0.2672664750025278,0.34391560545276734,0.3752204971459629,0.2972454770005339,0.21130851596242278,0.0,0.2556427137097832,0.3721824020072523,0.23575777725819302,0.3427450545346945,0.33138350539131634,0.31968671386878456,0.4316039045389288,0.25322070828676246,0.23711539389260333,0.43156688520311887,0.4183657210320488,0.249316252465699,0.276493196868285,0.26632885611658735,0.3877491110358852,0.33336472137235196,0.235138326712734,0.26429923958279156,0.3474341545631509,0.2930499902926529,0.25377424679533883,0.29419578304104316,0.26562596742845845,0.27090650871366867,0.24891807774615782,0.3982292733755949,0.30237179224541183,0.28716862786702413,0.21832717127046317,0.26237964238175276,0.3333864440226994,0.2696129557806709,0.2528095526197204,0.2893813403955914,0.2686419470281121,0.401078515509679,0.2767376143718563,0.28846704841963866,0.31311450362856236,0.304848868613189,0.2792956813091554,0.2756812987490535,0.24104013981719133,0.26034954334955696,0.2957533530320533,0.3314116431385098,0.24968128601209635,0.325588046687859,0.25460915643337584,0.3520292311610276,0.26649234339068584,0.4342745279981548,0.2478519319595026,0.26311346014476633,0.38730320882091185,0.29355183572250654,0.3355159681243159,0.21650183923665764,0.22395233768706782,0.3034593046385023,0.30824348943214347,0.32796255667324115,0.2795493963214762,0.3281992498309008,0.285850913758692,0.21271940546329726,0.2878839890601933,0.3661031050844429,0.4306818982785719,0.24673599510061828,0.34427839241296054,0.3071117172228373,0.2724562875610451,0.32780440758936075,0.43228844452183485,0.24651698680275014,0.3292392358413596,0.3404519680477173,0.29731493364116957,0.3033805619516786,0.33338186812510834,0.2276735540436402,0.3157402973395261,0.28971637611937984,0.2982970246829691,0.2687872677643004,0.2675710390838112,0.24596331893450513,0.2558239787826171,0.3242733453985755,0.2558515952621203,0.3407853780492988,0.2022821544861813,0.32246520195745404,0.2246536044227711,0.32624136186047964,0.2469806393527083,0.2645646426670388,0.2527792258998357,0.41905814662928736,0.40846009897745206,0.420854057381568,0.3074447999307295,0.4082893631186248,0.31281407195321864,0.2349379480988405,0.371787142952327,0.3254073417080136,0.2685479728366314,0.3873114557528677,0.30849572120620483,0.21924078744478265,0.4750922064194149,0.27156015422744645,0.2331945479371602,0.27713970304097796,0.3086417373251584,0.32327011743915063,0.2079763627209351,0.32263277035176474,0.31648798402616046,0.3261226542923889,0.3477597949879822,0.23590947065708023,0.35224025905962886,0.45963987013610097,0.2612799722816869,0.24216278596008553,0.2704570057292817,0.2172276675137897,0.29729571113581893,0.2226531325429839,0.26614456715270285,0.26037316993594917,0.263003484963217,0.3685837197077617,0.2759881064122455,0.25595033561576896,0.32249557519620375,0.2723620259746905,0.27280774941967956,0.45270309736345343,0.32193665487204143,0.3398642575890073,0.22457102237288853,0.2703942580677765,0.2457727805996086,0.34351463101233776,0.41089797748797907,0.29930424404304523,0.27617712081292145,0.45713558396555354,0.2064151668675817,0.2900891758264868,0.32695792274847496,0.2576879434114695,0.274203230131776,0.2673055234984853
0.37988297036908936,0.33465525861735945,0.24029538435586584,0.31603790943777926,0.28743880616876466,0.2556427137097832,0.0,0.2633139060066058,0.28661523691444085,0.25027301103638255,0.3902053262566956,0.38351776842218094,0.3313382514096899,0.2998631268914579,0.37412418781575807,0.29210709920678146,0.3186979908098727,0.39459585230381033,0.3808567433951231,0.3341226369085677,0.3290264705784819,0.37233591064228105,0.43426199855125464,0.41308078195608783,0.32661352134300226,0.27785952532961644,0.3256128401056297,0.2894682248033159,0.3025927235885967,0.3982782978654457,0.32143660709778243,0.3268507614120285,0.38999585576015317,0.3376084988426748,0.2811486028753954,0.29996386682187154,0.4291442112491821,0.33087467844081153,0.3459461982711652,0.39680684917691794,0.3803041794542818,0.3172566225730817,0.3816257323083703,0.32669192357207943,0.34080045312936946,0.36024694660492335,0.31087515405289307,0.2811616027467727,0.5526190576683714,0.33488444613713597,0.41861014339881,0.2777581703079864,0.3222672012961637,0.3537302593872312,0.38624016189903676,0.2568475668239126,0.39082921406440063,0.31353870458604965,0.3509145601554559,0.36660800475141214,0.24650215229314504,0.2540208294418938,0.29046869024559324,0.26540224362230436,0.28105983466361667,0.2711595029435666,0.28976629776984836,0.3432408516832829,0.29367093074032724,0.3072619378195763,0.361693776046842,0.2965391301213187,0.22952853883021493,0.3595555274964136,0.25978459270435716,0.3447174920203442,0.3677493501339019,0.3506871930656386,0.2981765944806145,0.2368431990383373,0.2622929683223147,0.31556291756251525,0.3608998483754573,0.23903283002676687,0.26514095208237004,0.32923433270383246,0.2711010757307516,0.3470004820931318,0.29399853760053557,0.28496637042644585,0.3745746769099687,0.36579229087425236,0.4171284763851065,0.35233191150948223,0.28913097537621024,0.3395332700819474,0.25461589419592423,0.26600510445505404,0.25711793980738074,0.27539756782831787,0.32289626881926725,0.3000316082710369,0.2716687484142488,0.28331331445365593,0.28776126403279184,0.30687617600170036,0.2645262046429232,0.27556574016943036,0.41718438136625974,0.3361077307623591,0.4363390338653709,0.3108471458315147,0.24024172601005792,0.2578958284396785,0.30980320569464237,0.31052264691648623,0.29577571171982475,0.3441422662182444,0.2420204298924295,0.23059837927646365,0.30634993338600847,0.2363257575868999,0.2709212090386826,0.4347233466332479,0.23622554443109076,0.3594441934939261,0.22575002888220894,0.3828540756663201,0.24834607734540518,0.3460311291725897,0.2478541821929665,0.2528620801584615,0.263859356718437,0.2849844786849475,0.26615603930565157,0.27215172189982095,0.38264825195081514,0.3342223912118952,0.3383150010990179,0.42989144229527615,0.30552391689292696,0.30555398924343546,0.34126041481384345,0.27537120516907404,0.3676928845781881,0.3597399245094419,0.32658118919942003,0.3198069152557795,0.2830904673833317,0.21251892924271168,0.31085131601156596,0.3369010737243509,0.4065731068414544,0.3026488898039145,0.3263381112353648,0.37809565376651827,0.4037677305825919,0.2965525773302748,0.3179459298472821,0.3052888794633866,0.2529787103688561,0.3112263456888631,0.245019083107002,0.38237136294177604
0.28663186965512816,0.39029895502602,0.3271241216730058,0.3982793607456773,0.20753944390420234,0.3721824020072523,0.2633139060066058,0.0,0.30716118283538146,0.3870989327925497,0.27686685902213565,0.30000195536723717,0.4081206996454683,0.33190875637973305,0.2562290946437058,0.3691029672215586,0.378108196137604,0.3244017738121291,0.2980386476285118,0.3237642967817794,0.3518885089953275,0.2896034814152627,0.3040619897639065,0.24493929307635454,0.3994519226646406,0.28622225480819735,0.3752632418192728,0.3450306190098166,0.24471834260344297,0.2595163114722479,0.3315893363188968,0.37499770105014735,0.35411767325420285,0.36847628540011423,0.2698113115155217,0.3292844849858633,0.32016124827811704,0.3515943852370636,0.2482693595792382,0.3143438721016889,0.2916124833361199,0.4080292832328421,0.2777240296922108,0.2572718599615373,0.4708827189256586,0.36644256414789006,0.2764411976112259,0.2342090449301599,0.2831920205424452,0.2891841981041103,0.29376449685898715,0.3031478762083777,0.3130685458026557,0.3182844702976406,0.2693509336487362,0.37222484872113765,0.28905701325642374,0.39357845326281127,0.3476789715070767,0.3273431581376405,0.4698969369334417,0.31103682145529465,0.3144668773982775,0.2873452009182445,0.25950579869987944,0.3561587006780107,0.4060906917321998,0.2950967113125583,0.41144843756599403,0.5048209516325308,0.2766753999996916,0.27817150244899225,0.34968716372792097,0.39469713284363717,0.5155771766851425,0.29757384453211294,0.3352497476783837,0.29601307383719194,0.36826395170676246,0.22887082996527602,0.3180728482243141,0.2988614674995685,0.31897059531261274,0.4154245899789096,0.37213021281996506,0.4033895122554509,0.4348167363765716,0.2973668943990145,0.41823856467237186,0.35788163238985166,0.28931512163129197,0.3486109607654107,0.2579175918300766,0.2669638674396768,0.3449024835303128,0.32902410448421615,0.32734902665365706,0.489836015481497,0.24535480969073248,0.4275408083470407,0.2716208857540141,0.41312187866517147,0.33106227575554165,0.3539083315886004,0.3387081997529914,0.405065457269817,0.3920343967884836,0.4977674985677165,0.3359787512976685,0.3275470446503535,0.2917697032041753,0.28460253802903185,0.3956976424398297,0.41568395983315365,0.32436673477722366,0.3609212566252105,0.40611552860600697,0.22376451139450204,0.3317588716395723,0.37074923458506187,0.2288705455095674,0.41695947148593,0.31400691862801017,0.3006615244702328,0.22920119745780193,0.29474785233640827,0.33569317447310126,0.34615883829965777,0.40993306227434645,0.2906306618217633,0.46643865523428313,0.3443015695628154,0.3309016774407569,0.28052852007927664,0.28923838629732057,0.21276489934606466,0.27383212022421505,0.2515928770073732,0.35782099529358546,0.3097194447677526,0.34322343027601065,0.3578027497633084,0.3739332822187836,0.3321748841604826,0.33438902119651603,0.3475813065503811,0.2659476788119172,0.3699210468658142,0.38527946265284435,0.31909931340236775,0.27940429201399425,0.35923577614393515,0.2913510971557871,0.3342402704840582,0.4877948255007016,0.37079640369141725,0.26420729499557216,0.3618364494390558,0.2438819432739237,0.2756523916138184,0.36686671437806323,0.2985559260964899,0.3683395468180358,0.24939017861346494
0.4208951503663768,0.3046110331101352,0.21076197766213295,0.2760856117398663,0.24428848150514818,0.23575777725819302,0.28661523691444085,0.30716118283538146,0.0,0.23081135780776446,0.24083983483478894,0.26206854820647385,0.24664724434567423,0.3546336709871775,0.29426897762412685,0.2222204308474835,0.2309716578343958,0.37714017425667784,0.26705687105252346,0.41135738145326867,0.2708206070172393,0.32688849366287254,0.25697380061393066,0.2764816957946207,0.2890029632341629,0.26470145096537284,0.2680576802114339,0.23421105123238142,0.21065778909299046,0.2618029088115671,0.40494412578854116,0.2482701638030074,0.32231361609989145,0.26110722299387773,0.3783976005175573,0.3323829064060852,0.28666084070415015,0.363707996310171,0.2605586541459032,0.2678828776797461,0.3010969316464831,0.32228041793584167,0.31967670515881863,0.3044329869723824,0.336064303048857,0.2988936486028393,0.282324944075356,0.25303220575825086,0.2915546502229893,0.3705035478304663,0.28783133859988114,0.2825481089516848,0.3339546899528928,0.27380580502860347,0.2533361927101713,0.32482729232230423,0.3235063231102259,0.25347304564345496,0.3299083366014603,0.29361356344596223,0.24103545079362806,0.29427124604898397,0.28290538528781145,0.3549794376379095,0.40452008243643006,0.3188018486390477,0.33369296636542534,0.3151963990390732,0.3116995098989208,0.31599623194702775,0.40140438883805857,0.41670927002957736,0.34375474740583956,0.25608805627533565,0.2742362979573782,0.3145474795732164,0.2153035703123543,0.22890397150931244,0.3483798590115738,0.201360365322937,0.2390457693358781,0.5148344598771172,0.30101815817443217,0.2603166166814132,0.3223410102863512,0.3702154169576346,0.31401434421715757,0.3968293828263669,0.28404034858333466,0.40793127100629223,0.3296640883250912,0.49185494447807776,0.273627433141717,0.29744818711326915,0.37758276288047804,0.3373223371802414,0.347620505101523,0.33009467472269827,0.43375352735187517,0.29657942297171896,0.34990819087859326,0.2428382703142236,0.38910626421905353,0.31263388557968447,0.42490417069488634,0.27638113576882445,0.2340235444792109,0.2705436635302145,0.2805795132104364,0.2474842444926442,0.25674848399003636,0.41375029478702074,0.29873731934503495,0.29406224923400076,0.3224896342240368,0.26776841838683557,0.2973171195540224,0.24710357959263826,0.2144243520449768,0.3145757034300627,0.3122127838763005,0.29786809185605323,0.3246500410890172,0.2799837995697963,0.4164112053609954,0.23912848012699722,0.2784490723463737,0.27194950008349317,0.2467283950018793,0.38550585436614404,0.3360672169803864,0.24492252258993127,0.2791208426266957,0.47119088284999106,0.3149599821914654,0.28324382578550716,0.31618762371943476,0.32653893341703316,0.33309611597294386,0.34691072516290405,0.34316452408671466,0.2883136304178483,0.364243818716295,0.34915992034121357,0.31664226916662885,0.45976189223238195,0.3711823248508001,0.2259683689805426,0.30611453246405024,0.21851475018388603,0.43151022862149074,0.3084833144463831,0.3052645765054284,0.25894276187915605,0.288528344376571,0.3851485980039277,0.23091192861862334,0.24074158946191582,0.3668419915605976,0.23018135178695703,0.24421592171623652,0.40377548059841933,0.31676320324782226,0.35594609668319743
0.2544802596822817,0.3775555000352856,0.35160859582804355,0.33201187134165155,0.18649969225007845,0.3427450545346945,0.25027301103638255,0.3870989327925497,0.23081135780776446,0.0,0.2620882393161942,0.29897838560940404,0.3551931398353406,0.26764577589431143,0.2292076281364469,0.32890425824827985,0.33965939618043794,0.29817926613583523,0.2701922087093046,0.26254359893042467,0.2725817456021757,0.26483977243078466,0.2886145746253905,0.23001305269215988,0.39742942962651256,0.23553582622082775,0.30309741979802984,0.3213770892626397,0.3326261558859071,0.23339626139832104,0.2677876722834604,0.33288261868285046,0.2686305916624477,0.3043384376584,0.223875254160809,0.25734840464050435,0.28377672418591315,0.26917359316358264,0.22840143340689512,0.28427845645531125,0.23540497802602034,0.3195793593823792,0.23541332217384559,0.22046247540536684,0.3391079000556853,0.3066619946615487,0.23070371987142058,0.22695009793540633,0.2723103383417954,0.22338454206077724,0.2501872147436277,0.2415277460354931,0.2586301604821196,0.29343485339218095,0.2785477450965215,0.3098346603468715,0.2485045038955063,0.3001580892722015,0.295864259909297,0.2786691022004729,0.3787853167321121,0.2444116244129877,0.2358331675801496,0.22410762306644288,0.21585393671273656,0.28544001166595495,0.30507201115308813,0.24741621346408582,0.3069376250693747,0.35947094584797373,0.22302639658219753,0.2364527768966693,0.2529350925668632,0.3313238988481256,0.3821283601766258,0.2624371917183489,0.2832146460103503,0.2790465435323002,0.2685267195687488,0.2418534368830425,0.29518950207683625,0.23299408394100385,0.2875670939495796,0.32858330004388275,0.2797721381860181,0.30244062612970507,0.2989403971562773,0.24695473442038302,0.3568771549815072,0.2785515251326604,0.23737141463491887,0.25806747709690214,0.2400066053747787,0.23729390529138364,0.263679989282202,0.31132436000700364,0.2281626100639898,0.3310669094375403,0.20156572448273016,0.3647287879066787,0.24388446102848338,0.32099821493598707,0.24753666016991163,0.34531257136650384,0.23654360502863703,0.29676934855596093,0.33825225666815245,0.47608900268155596,0.28906349200512726,0.31457004939095595,0.25911560992490257,0.2271028649767164,0.31214300319199545,0.34671456437805287,0.2650104115266895,0.32731116003289057,0.33067931602543443,0.25436952750548286,0.330068448598562,0.2819098017062054,0.1959352032687974,0.2776874542457152,0.25184751465727956,0.27459936341463365,0.192148596904229,0.34635606350924186,0.2881584800422087,0.28036218750514585,0.3924211744020037,0.2423100365989479,0.36809623836051947,0.28274874433780905,0.2702323273112693,0.22283469886129229,0.24906652894684278,0.188751601793854,0.25287795567055593,0.22139867742717192,0.29993309683419717,0.2700496178943556,0.26964241046941706,0.3020448033701594,0.30122283881986084,0.23876691116538282,0.27245779080420734,0.2736774922420247,0.20919723805035148,0.39393698118411014,0.41451852817487816,0.3114281710321955,0.2248182116436712,0.31127615158448646,0.2526516803645196,0.29597658765517404,0.35598820271654413,0.2983064998488697,0.24048553960450675,0.3594008524945641,0.22325607246490675,0.2633622586837531,0.3707446597286437,0.2585666252657072,0.2847143103988881,0.22736765856480717
0.346648532677334,0.37137633626197675,0.2930021106482625,0.31848241978192426,0.25146548671357005,0.33138350539131634,0.3902053262566956,0.27686685902213565,0.24083983483478894,0.2620882393161942,0.0,0.45576657262400805,0.36237718192058127,0.29720094401487984,0.29993636890447156,0.4020854168838809,0.36560526084183986,0.35339463569192003,0.4085832961821628,0.3288309618729095,0.40546572862726077,0.4012844746498693,0.2951743463665754,0.39128578781836365,0.38337489938603925,0.3176987486120804,0.26888381887491736,0.27306377329221004,0.3740144954016645,0.32492191288729155,0.2924572190444333,0.3939497094175548,0.3785020191068999,0.2896926840068325,0.2695751269289424,0.3341068663302056,0.4608959645689967,0.3414493152109243,0.40304321869638693,0.367533604347694,0.35148836359821783,0.28530161279739613,0.3850254059905535,0.38924838509977344,0.35164289933325904,0.3369109333453911,0.27777740272303214,0.4088475451707996,0.3971915666989587,0.3118550647056746,0.4478600345309023,0.311332100408232,0.3067517385026254,0.5054527894062696,0.45628347023265625,0.23666710423044354,0.40970993210376405,0.3828321740796473,0.3693917756189231,0.36947023981544685,0.32722306328082806,0.25170003007174596,0.34653979901744325,0.2603521893847812,0.2549647056484189,0.304171773295017,0.3120786155582075,0.36268523638177863,0.3350325419230675,0.3143851451027615,0.3449682635308612,0.2688237685064808,0.25765180865933013,0.38592035884273757,0.3056493245409813,0.32118925442866375,0.3987080702322816,0.34990975019716514,0.30669763266205385,0.26584153715725245,0.2948949725212849,0.2696901356165119,0.3622574772185364,0.2807090494142365,0.2682149777379925,0.30726905764592327,0.3002795711445221,0.3134853164368872,0.27060671338254955,0.2766724212745232,0.4014837361444603,0.275614457575527,0.4633841043838663,0.36050279416653325,0.2868423622138632,0.37103243971129946,0.28421520867931727,0.24964213919002565,0.2251694014789338,0.2694606882947295,0.326284867107146,0.3664412132233549,0.2720685038808168,0.29279118691383277,0.2973488272900746,0.30046052909735504,0.2965012281568942,0.2734471465240896,0.360788572998305,0.45521084738878087,0.5195608598173592,0.28091643866524146,0.2730599823388918,0.2565383356406123,0.32257009700098277,0.29071613691733805,0.29312623475134986,0.3284161163156973,0.32841252166055923,0.22405370145917894,0.29595267488562294,0.23679122932678529,0.2994591354707402,0.44703806114326816,0.22851031028012025,0.4781159248455687,0.2236085768752249,0.42435857883868733,0.31199646664039904,0.3048964977840001,0.22738377185490832,0.3060413444083212,0.3019919966012109,0.2771481029706276,0.3510166439278168,0.25909999282270213,0.3975153239484543,0.2835412246949337,0.3596632821543794,0.37219433161576554,0.35368782627161444,0.3680169959847095,0.303321850783634,0.2958205783318832,0.44227351697416345,0.29231235659696725,0.288439884954226,0.3284294211968907,0.3113866748519554,0.24000454892975948,0.3269593665068133,0.35088700980094656,0.4025522318711978,0.3246542192599626,0.34052469451761946,0.37115504338165717,0.3470208179676694,0.3055215174128537,0.29925110274837236,0.28293171094556,0.2567403674047426,0.3205464001401194,0.23017705502582705,0.38146710684216634
0.31620153053704725,0.4073550681945372,0.3101903291541019,0.28395832538704635,0.23378986633424528,0.31968671386878456,0.38351776842218094,0.30000195536723717,0.26206854820647385,0.29897838560940404,0.45576657262400805,0.0,0.31044094382345383,0.25114100361575203,0.2899025216816415,0.35164233615866786,0.33610440968232647,0.30861890438565714,0.41418435725418534,0.303976221189482,0.3735677372060647,0.3782497549849009,0.30625729350317965,0.3438214533924641,0.3940303798574264,0.2589009560678721,0.28301845078226906,0.2508445216570172,0.34536216095775835,0.38239786779291535,0.30580674001788305,0.3787703580995455,0.3404271886318011,0.30246140929343907,0.23457968731668816,0.2998304202039092,0.39460243386239263,0.30408053804108187,0.3782191659536235,0.33235443261653946,0.3088804369295572,0.3171040471141984,0.34531701840164103,0.30169789773364747,0.3421458444179865,0.3335459381425395,0.3223133275370361,0.30977680285687953,0.34637437749236755,0.2966176016557296,0.41440344648060246,0.28627033878197167,0.2905255103026965,0.40823533923898386,0.42925273195268315,0.25178800149417474,0.3761562737249903,0.38714161236997247,0.30509037635146286,0.34213430514954324,0.26456695944785874,0.24467839293260712,0.3097097093180629,0.24394029404468867,0.24198603517156203,0.27832195195819087,0.25850057121915404,0.3184708823683677,0.29609521333627803,0.29726106649854206,0.2993700018262487,0.23672541239496991,0.23107381004771185,0.3360996387303137,0.2898630775714077,0.29367540251387575,0.3182131171893369,0.3271109722386166,0.2834445590993345,0.22606508122723756,0.25623486626916775,0.2724670177551627,0.3702750495770543,0.23303523746692006,0.2641562944333555,0.3164253251676875,0.263971548677813,0.29133842737339566,0.28493065760989755,0.28095929175200063,0.3468972229816293,0.2927702671328386,0.3965753551058011,0.32227057327220576,0.26452969680224675,0.4084105525265297,0.26287430122517286,0.27053340185559926,0.21520884563783402,0.2578381557836813,0.25715684722292026,0.34013469708911337,0.2649279903619952,0.36245976838267496,0.27709672438804267,0.3015910788711635,0.2932408759854237,0.2805191648102187,0.3419765192255186,0.4270750853647924,0.4688523622063522,0.26846053115330787,0.2392080647355042,0.2505265571454863,0.28602773010927235,0.30421253101109585,0.2815681134326652,0.3590328453041861,0.2914080804833999,0.2162646855481287,0.2522393159983926,0.22692509057048316,0.26512304990736246,0.39313485581997515,0.19950234947255654,0.4862818769695127,0.22323849987761485,0.445973153411719,0.3147907324921453,0.2624285943069002,0.2564286859260216,0.2751779776474131,0.2450098548049793,0.2512882729137388,0.2848027103524517,0.2209602435370198,0.3828889937875059,0.2543588102903192,0.3156923712003138,0.35333471221106744,0.2676779948065698,0.33044161887449647,0.3182970733864688,0.28227945000999,0.34797453297992154,0.3197465041762464,0.3196870699314911,0.310664219235064,0.38204971375636915,0.2397461577937318,0.27573794227532994,0.3333386258439973,0.35845948634168284,0.3445914927808748,0.3586528343083297,0.3136638192777457,0.3130395420759648,0.30213634566970216,0.23576915283515837,0.26457847382724187,0.22397206912948092,0.2684388148929605,0.2225479911769817,0.3123277304472435
