0,1,2,3,4,5,6,7,8,9,10,11,12,13,14,15,16,17,18,19,20,21,22,23,24,25,26,27,28,29,30,31,32,33,34,35,36,37,38,39,40,41,42,43,44,45,46,47,48,49,50,51,52,53,54,55,56,57,58,59,60,61,62,63,64,65,66,67,68,69,70,71,72,73,74,75,76,77,78,79,80,81,82,83,84,85,86,87,88,89,90,91,92,93,94,95,96,97,98,99,100,101,102,103,104,105,106,107,108,109,110,111,112,113,114,115,116,117,118,119,120,121,122,123,124,125,126,127,128,129,130,131,132,133,134,135,136,137,138,139,140,141,142,143,144,145,146,147,148,149,150,151,152,153,154,155,156,157,158,159,160,161,162,163
0.0,0.5713559716266895,0.4874032335161894,0.5164156807697843,0.4789138411183137,0.5406239024939609,0.5254125955218221,0.5836672952107534,0.5979175290647049,0.5009316565594338,0.5540446969167352,0.5046619024884305,0.6205526919222112,0.5709070710971373,0.5495630229298984,0.5655669803949389,0.5997468728205405,0.7028115794757548,0.5449887607711074,0.6795885135233082,0.5860851736310174,0.544840639160947,0.5230964996441042,0.5197937640368068,0.6107435818835544,0.5043221604315913,0.467945621519083,0.5483451897894082,0.4637183149301656,0.5295336778382645,0.5988581247451823,0.6021569339720797,0.509120296902915,0.5101804079159427,0.6695413949417446,0.5539746537677567,0.6265686164451862,0.6192870471455566,0.4963974569289903,0.5349927855234202,0.534780392770594,0.5669530820377302,0.6317921815158728,0.584531704933516,0.5927335230630553,0.6025953296060593,0.5383062402548802,0.5408119059464618,0.6141005638624338,0.6456684860496472,0.6388943778649095,0.5895598828848997,0.5455794621661826,0.53789065164419,0.5446883682904655,0.5760822309607222,0.6995647814012613,0.5420237272333034,0.5955225948168084,0.6147888975383932,0.5608090828964468,0.5336214786390603,0.6224241642940151,0.5275251593514321,0.6064158129353521,0.6071030238262658,0.5400828994781184,0.5751948114359534,0.5589629747319212,0.6346924482093523,0.6498097795020572,0.6310253644831849,0.5707157836747618,0.6067034093580775,0.5872491663294196,0.5897582924358782,0.5231410078643857,0.49603792800014623,0.5661576537794543,0.5000571495349719,0.5428308883399017,0.5988071195514316,0.569960257021814,0.567399395136636,0.6086996062693386,0.6130458229342126,0.5908236982283489,0.6020565638600648,0.5933960077384551,0.5284081721457764,0.6052866631752373,0.5608699962377308,0.6042827906352358,0.6300132413755518,0.6137130761811781,0.5224683736588895,0.5091513373745032,0.5408351914404431,0.5315061742014668,0.5766507086337286,0.5579341512365538,0.5581344642491064,0.5237370134216848,0.4932997697776907,0.6639060353832544,0.5777224332968922,0.5544556670025137,0.5561759914424742,0.5666130501408047,0.5587750889985215,0.5465761774180714,0.583931786817771,0.5984375290838582,0.5157605548336406,0.6263134853955931,0.5813343507680934,0.6221231764744515,0.5316037645559428,0.5193889709396161,0.5230230338969385,0.5843219109575782,0.5299386771830922,0.6077123616616416,0.6096011817729906,0.589332818618875,0.5157304781056264,0.5190916965710819,0.5257608292164502,0.5313890291590925,0.5678771148079035,0.5546912117658933,0.5430341935018369,0.558734800306365,0.5485685927599472,0.5481649347173313,0.566086688943826,0.5730040561213495,0.5568145025876386,0.5045616573225198,0.5860991569335042,0.5215022580658816,0.5774497178618259,0.614359079211269,0.5298901943616582,0.5716196022793557,0.5329762518411558,0.5519971499275845,0.5046587419406356,0.5611960521319553,0.4483151670421941,0.6474264783448939,0.5713239720443201,0.552206084193789,0.485042055153898,0.5541703981245903,0.6268369719624123,0.5328195727516191,0.5423643407230361,0.5271100164197253,0.5799145869019203,0.5107399020070935,0.6603849554372182,0.4964297146386905,0.6224886051896363
0.5713559716266895,0.0,0.5847725634232818,0.5877283198812973,0.4614093927352863,0.5885999275529717,0.5308159245513612,0.6865975560819783,0.5355929948209737,0.608286831886223,0.5897457777056322,0.5714556719684207,0.6134041147125583,0.5660474434968868,0.5974441404748112,0.5686172201707891,0.5798522648090773,0.5698117620448152,0.5472911334759563,0.5684275539948592,0.5981117094531225,0.6573366155699681,0.49498602102550315,0.5614939191365845,0.6006417076781796,0.4844086790496746,0.49088970502707396,0.5213604026545193,0.5933599616056502,0.48052293708361343,0.597257396507095,0.5579965750878999,0.6293806735570838,0.4780631114188142,0.5709624207000943,0.6103172275909753,0.5793917946488055,0.5939570216568562,0.5757627117454022,0.5662814332636028,0.6360627303090256,0.5343415548975397,0.5315678682668044,0.5727692228400612,0.6214111309966188,0.5619145794352213,0.48702738656920597,0.5468271420964181,0.5532806681096926,0.5722724265888628,0.5879323685931722,0.5457480491828395,0.5381657782173929,0.6909615954408368,0.6265749745393335,0.5595433611723225,0.5825913396284338,0.5579500236680052,0.5650056874331938,0.6127856697383652,0.6912955840150199,0.4960940511332161,0.5528088121944136,0.5088811684915946,0.516866414277326,0.5274880832230641,0.5563679625907454,0.5291117489632269,0.5097735268498438,0.6203943501579986,0.5746750890200171,0.553382781533926,0.4949130044095034,0.6189079123662892,0.6165726820649832,0.49843688140142905,0.5345194489519115,0.521696008080459,0.5247414811193797,0.465342239132763,0.5435364010851167,0.5578070081705817,0.6086606452208948,0.5841180721951406,0.5274141263655623,0.6389275221393702,0.5427886514732492,0.5048318816681038,0.5501832727732296,0.5732363208379941,0.5312050815592946,0.546193158282793,0.61978637355979,0.5423340779439398,0.5767336236434227,0.6037930258918721,0.545276843461878,0.5327911043211606,0.47611452917439506,0.5650973112342542,0.5739615698095178,0.5643965981063644,0.4729569394490665,0.5432502724110347,0.5641247751505762,0.5388650851682766,0.5675438306458738,0.5519548931436217,0.5867421237607942,0.6067410234773534,0.5459360839716796,0.5126098166890434,0.5471546867754876,0.5174082824745401,0.5590990605673235,0.5754374071802518,0.5400558453241383,0.5153312733041483,0.548437953345939,0.5049301467579598,0.5323975230255422,0.5336655585589255,0.5113972852082553,0.6073189767158851,0.5094088969463595,0.6439927912288582,0.49288938509241387,0.5994098676762584,0.6168997543518427,0.5700610880598299,0.5446259501966253,0.5497114260097195,0.5311843370521017,0.5412065428780686,0.6037226086479199,0.5173087898203904,0.5287183921635726,0.5515543921473534,0.5425287492512764,0.5797178937362005,0.5734459665273302,0.5653964185750323,0.6088435447900946,0.5498266457264417,0.5849877949497795,0.4527006187972397,0.5804179702753514,0.5692542465628325,0.5884477750999004,0.467824854681959,0.5535226505498452,0.5836416334593878,0.5671425968832619,0.5496273876135942,0.598071132421651,0.6245672725107833,0.5468473829157758,0.5822784832575774,0.5475330227026824,0.5010001637452488,0.535587890623567,0.5454778682055454,0.4955338188310023,0.5508195326002397
0.4874032335161894,0.5847725634232818,0.0,0.49433464657397796,0.4938818526847125,0.5620551541306905,0.47621185734282734,0.5521194691166708,0.4491289534789508,0.5767426069621097,0.5618524191558404,0.5235539822378528,0.5660627183752688,0.4838030214167019,0.4836704111143515,0.6093782445015964,0.5895688446829078,0.4960197682444353,0.46703173036830864,0.48285487907241786,0.5957071264103938,0.6283169540892991,0.45018431519756247,0.510122726201812,0.5277665972249505,0.49258146659470237,0.44096824262610884,0.46207690283464037,0.5494080964382757,0.46391318960362604,0.46468714208939726,0.525456911238893,0.4998434674100226,0.4329246254157814,0.4644364077396085,0.5359483052366959,0.5193663409096996,0.5168223520443043,0.4818923529125891,0.513648386973768,0.5316302516285674,0.5358226403341377,0.5090801172460729,0.5160553192817747,0.5247299299166216,0.4923729980986512,0.5124711358322789,0.543732604868091,0.4873361719714423,0.5194069673570335,0.5285783288544901,0.5311823529795195,0.45047119120484025,0.5748172806468616,0.5380139833497117,0.5040277751906406,0.4977732139206818,0.5643354293627588,0.49728727956601143,0.5024473216578177,0.5377671249106627,0.4627236288608533,0.5375969906825016,0.4776457917675628,0.44691313127208987,0.46645928976255513,0.47765864969014005,0.5226453361020713,0.516670629643525,0.5285218094768808,0.5168328031489193,0.45641477511090056,0.46308576662681517,0.581826467877834,0.5487032109046381,0.41662044660750375,0.5175514719961217,0.5329483378231645,0.45914021574784575,0.4382230412996681,0.5170494898345436,0.4736755963737432,0.548053945585626,0.5105604093152667,0.4805111025726472,0.5341906449439303,0.4780024209694817,0.4469786844802744,0.46213306775973595,0.4721001060837941,0.5216737140858694,0.4567094559094225,0.5409443564796834,0.4443114033679996,0.4982995134396162,0.5262113953515324,0.4586076464768605,0.4891440198161082,0.4277440389351685,0.48252053668861156,0.4493168408391117,0.5233184887174959,0.43657622145360947,0.49110626137908187,0.4808453460992182,0.5377795318311225,0.5381344865126616,0.528936931680739,0.5245075925395568,0.5736043774100721,0.5021004032449903,0.4696411898742159,0.494832795251956,0.46323133761956414,0.4754074305594169,0.5319205364166395,0.4622696349061642,0.4865182936842488,0.6041842394727452,0.45245321611359335,0.49558330123661876,0.46904049782398644,0.47413605528529257,0.5196920627406945,0.42578872762254105,0.5445409487975716,0.4716260991027802,0.5511063815851913,0.5822410689420748,0.49560509422812876,0.4963179214196972,0.5799586220972001,0.4378170869450617,0.4493350203290803,0.5084540010827207,0.4509295313032278,0.47577238991587534,0.4729525172508866,0.4938986333136215,0.4811043110433743,0.45559251961524566,0.5357686703566011,0.4964130000277307,0.4994565132574871,0.52566940641326,0.4404935385460667,0.5276949342959929,0.5124893195651845,0.5559064177232246,0.4664161891538826,0.44595059424304057,0.46735630198740624,0.5078317160502984,0.5922255538488649,0.5404604996179101,0.5012886477148907,0.4639133089117843,0.5656762600134981,0.43144175060066287,0.457925923191079,0.49144991614280936,0.4480335447995992,0.4446567019839126,0.4883136718358258
0.5164156807697843,0.5877283198812973,0.49433464657397796,0.0,0.45121146476348706,0.5009422404548636,0.5883264422316259,0.5802528435950491,0.4830550645047885,0.5155356443221497,0.5512845795456808,0.5268527110723167,0.5428443868380857,0.5357589287339968,0.5373680220582372,0.5007693437152185,0.5370388333586064,0.5226210967940865,0.49491907372878974,0.4804144215774648,0.5480909501252497,0.5393201771657179,0.541134499216777,0.5334585932936748,0.5436573020058143,0.523436536920586,0.5214442131708016,0.5230961810516649,0.4893757588407422,0.4425433984647515,0.5135903515615461,0.49211676572665297,0.6402070664060218,0.5022223332118715,0.5293049792359945,0.5625399985500791,0.5391792363364886,0.5240785158400451,0.5026617978849274,0.6031768025912616,0.5745241957810473,0.5225512900195473,0.4766537027492373,0.5350629120499247,0.5759572173380398,0.5142459111657756,0.4433297285753292,0.48292522777130786,0.5516841747787379,0.5058801195563619,0.5733058560943044,0.5321125874856344,0.46332047015291955,0.6276881343464633,0.5645919338188067,0.518655928850887,0.524325792297282,0.5272746901457414,0.5353634887752585,0.5542354467355787,0.5752371838648086,0.45520975318915985,0.49520207061698707,0.47274919981899194,0.4623445930581237,0.47437302058709857,0.5872616280081263,0.48385017626010457,0.47559249307835094,0.5628471434623,0.5152669290067268,0.5031375666811837,0.5122239384448944,0.6101907156511358,0.5159341930285897,0.4481128271136404,0.547733720008449,0.5202267365283535,0.4874049015578931,0.4355546177897051,0.46745815080943015,0.5453479031331407,0.5129631085111103,0.5017866376025549,0.5307048398713723,0.5534724077512152,0.5129687911065669,0.4903257158203754,0.5070771307182926,0.5415366232665716,0.5542339625188606,0.5458401858443779,0.5290420721317535,0.48229237941118874,0.5842261352326861,0.5262448157276391,0.45686015162092497,0.5269595890127537,0.4655994769432064,0.5865375177323632,0.5129780238954358,0.5225276520028067,0.5237868484666982,0.5015914199866314,0.5188957749656858,0.4994808449632563,0.5127192826883991,0.5319785435342808,0.5397255013652131,0.5304523213145435,0.5720257912465161,0.5227172414563676,0.5428979737728848,0.5073508504111043,0.5182063045624606,0.5715846208292066,0.48737766440452784,0.4517483267134886,0.5496911068335322,0.5238876375535552,0.4939631377839695,0.5480024337620486,0.4902954630037759,0.5548819812703744,0.4638157667165531,0.5270081577124968,0.5015360966701586,0.5378781948185953,0.5484008022244131,0.5052901028233424,0.4789815276401458,0.48224051085063896,0.5051507223371754,0.530890697755327,0.5038724806671417,0.42961123476616453,0.4408163531570127,0.5430947232204828,0.5208146380144828,0.5157932837812844,0.5238524852548573,0.49355353149180636,0.6050116485584276,0.5202347716559513,0.5341317226409708,0.47657468038965023,0.5061703252238774,0.48776650897244733,0.4880406452178785,0.42474785448325625,0.5385789826586472,0.49289832508334885,0.5259531857225705,0.5105598939794775,0.5726532330683525,0.5512838321917258,0.5108782985331283,0.5635721981436447,0.59177570919894,0.5165817841605133,0.4803739264080003,0.5016093804145371,0.4828590758130935,0.5460820302534557
0.4789138411183137,0.4614093927352863,0.4938818526847125,0.45121146476348706,0.0,0.44655941103015717,0.5139011307109053,0.4422983339023053,0.4543282834224482,0.4261683194646013,0.5361132528655767,0.4950281102858341,0.45857555670435735,0.4384642030825544,0.4952941985351577,0.5187581406994752,0.4870212738421397,0.4627782346641391,0.42923933362313266,0.4382915395634581,0.5235251010714768,0.534543030104723,0.45360840874858643,0.49853044651287665,0.4616952438440808,0.5057075012040461,0.4182139322251513,0.40329777398389366,0.44815680435941474,0.5106310684937466,0.46391452832111296,0.4567782342303039,0.45338252003691354,0.4109950960927669,0.4674527098043601,0.49050669064018626,0.5066318176484157,0.4862792124301439,0.4999674156126194,0.47193343321696296,0.4827691830400182,0.5004608674511541,0.5101083237795611,0.5534196631369834,0.4507391607247082,0.44030550015986974,0.4971815084931896,0.5385936383089819,0.49334407961199106,0.5009335686360404,0.5200489808005978,0.4824721486338662,0.4027090201790801,0.4848472377252335,0.49858688643313,0.45379959210866355,0.477121818743986,0.5400564584071588,0.43692711553572455,0.4581040555516591,0.41764235662075583,0.4347770058651286,0.4739307887500473,0.4493004177664265,0.4361545239979242,0.40923703458523614,0.4350078782445101,0.5087016981188881,0.45029734787660985,0.4677293334917489,0.5114070672987775,0.4491075987539487,0.4272804098284611,0.4931102182276629,0.433912458435251,0.39280542282768155,0.49311764061955304,0.5867941841521989,0.42250415371555405,0.436387689250064,0.43027735618596613,0.47516066267908824,0.5300784816981865,0.41696932327654807,0.4595285208420931,0.4664711660759695,0.4429013137428798,0.4433611615042306,0.4063757150913193,0.4501333112208691,0.5930161062866067,0.4533442578722344,0.5396754112356221,0.4147650283614412,0.47625113147146453,0.48401546502180903,0.39475786407893215,0.42759099393380967,0.45234331903720926,0.4169748476363673,0.4451873446058434,0.4647378227826132,0.43891876087787074,0.4275421332355683,0.44902975757610586,0.472889878430332,0.43621028528532485,0.4412838449471711,0.4665151631422315,0.4861834914517376,0.49755133162047704,0.496774139698816,0.4317763289712798,0.43188335332086447,0.43655803105591723,0.47733470237288445,0.40696338476953947,0.48252255222295376,0.4608961076411934,0.4317166072190223,0.6056786765531529,0.44633635123234106,0.4395389059459452,0.5114289187091506,0.4379186498926035,0.4644141881337163,0.42993148413461224,0.5354536556504537,0.44448354544563845,0.4646923667520053,0.43103487830280485,0.4832107471069995,0.41796358460927274,0.46242782605883775,0.4569898500327655,0.45076853694101054,0.45571004030103923,0.4959707258793747,0.43338725209000994,0.4866798908029912,0.4025467703962016,0.4920961440748033,0.46524678275312253,0.4652252501772405,0.5158323632235763,0.45390817108138404,0.5621387477766862,0.43251095390882416,0.44755558825849534,0.4092837047641605,0.454594430891878,0.42333717558881606,0.4852909643525259,0.4907734816688472,0.4777658713962986,0.46722716440882583,0.4305916845311871,0.5014908846077611,0.42679483355154685,0.46027193743824935,0.3982730605710033,0.44004906035010494,0.4231667491955065,0.5521868884829663
0.5406239024939609,0.5885999275529717,0.5620551541306905,0.5009422404548636,0.44655941103015717,0.0,0.4651098276666175,0.5908553091572057,0.5028400925637274,0.5427290885036741,0.5268816766222574,0.545063963430429,0.5621706284883539,0.47455289531059636,0.46564035279211263,0.5768877244760316,0.5751619875516131,0.4940561695432686,0.5425394681560999,0.5087079801614164,0.6074055590747572,0.5286382918136124,0.4352641858939117,0.47141648961936744,0.5745581914919221,0.45945514097914286,0.4078154145499175,0.48268088602336895,0.4915323069393689,0.5000442404448797,0.5166958734355548,0.5909387325156894,0.49483403473976795,0.4611187344267088,0.48531123554956257,0.5129715668694689,0.5421036503211252,0.5262265097894885,0.4862968837729142,0.4622251712153683,0.5113268000625668,0.5773733270443526,0.5127872077149271,0.5480184366872689,0.5063161930716059,0.5073904151394504,0.5042990028025092,0.528921346629521,0.4828660366703948,0.5117474725937871,0.5602172701726206,0.581687188268858,0.4962812875252277,0.563532595815418,0.5223173465333526,0.6036009435009795,0.5473811881429836,0.5970997980887154,0.4795581827615026,0.5102438515242355,0.602016073077854,0.5139381593101938,0.604315591993086,0.4477501673714082,0.4856782499483795,0.5262242452965391,0.4810424128578103,0.5259330683637405,0.462962411257362,0.5715930846055955,0.5503695470763876,0.468184222868368,0.4988737000286049,0.559454858517684,0.6110439067018512,0.48867526723647675,0.5047803279766723,0.496471941113519,0.4881229286939673,0.5392187518112989,0.6459122356182555,0.5201089293510006,0.5829553402333422,0.5512334769458003,0.5382970206675884,0.5479117335930157,0.5675979563757452,0.4670403750568714,0.5240167302991035,0.5095399176615237,0.5147497592028407,0.5139554830736465,0.5314841153106932,0.5215302228753147,0.5250292754903175,0.5491970789447485,0.5224872572072012,0.5426737829644422,0.45725399733411837,0.5099738261013136,0.47525960098466835,0.5465675807361168,0.4627149574297909,0.5001569206259032,0.5329726909300739,0.5308727761783585,0.568672231947946,0.5344913426742812,0.4956275356978814,0.5796646994194196,0.5383179867765275,0.48314685184979406,0.5815598259007223,0.49496366667102487,0.5068491193524092,0.5358862810741772,0.5633233425226819,0.4654315403659606,0.5866932960111393,0.4889834876648246,0.47611058897526465,0.5181346612403883,0.5313952687928325,0.580768028167076,0.4832962470357653,0.5474334695985591,0.5016745954399888,0.5139592989049432,0.5623852376128963,0.4631957885984922,0.5610671260290274,0.6399997013110464,0.48782658152473796,0.5059331601031536,0.5071017322350003,0.4732025156299652,0.501674319321907,0.4416048788057738,0.4280286093506591,0.5168755382086103,0.48729535973753885,0.5709434906106049,0.5394939689476428,0.5126903002093459,0.5344416822391774,0.4420708472692518,0.5408863035715277,0.5417749461983441,0.5499917401767631,0.48042920801494504,0.5063576280388242,0.5498584880453635,0.48188918112888784,0.46741723385511497,0.5851490996690806,0.5367715123419649,0.4727211176563112,0.6085609814959301,0.44173598548017384,0.5171354152206261,0.5018878916218221,0.542853922306632,0.4895157947608731,0.5126595243311605
0.5254125955218221,0.5308159245513612,0.47621185734282734,0.5883264422316259,0.5139011307109053,0.4651098276666175,0.0,0.5012214414440345,0.46375134085725317,0.5074205379825732,0.556629935425137,0.5234414896510894,0.5382755949686008,0.5209785399848589,0.5787687415313189,0.5109284284500071,0.5052772237820672,0.5187678007642691,0.4665512841152046,0.46711740092549037,0.5229110068408196,0.5302797233613845,0.5723784940441462,0.5478211042558343,0.5405969153146276,0.5371432879989189,0.5016994474586367,0.47129602534958104,0.4930591644377784,0.46979047378123906,0.5306818290183537,0.5259125529305657,0.5496446253993746,0.4996818281623181,0.5271006446539902,0.5414585468351943,0.6003863002501808,0.4919437758092599,0.5219290309931894,0.5935317927983271,0.5069406312661875,0.4994728267557689,0.5218951099375088,0.5729384718917646,0.5560657699496866,0.5095661161080329,0.47932656426840065,0.5326924255528279,0.6545522411468654,0.5154566193615928,0.6137077924916355,0.4850735034420616,0.4367497166278812,0.5678749538501309,0.6274828923406748,0.49346483484125003,0.5124195499889067,0.5040712367755258,0.5568207725433794,0.5414488135792893,0.5002292210697188,0.4596447468230055,0.46813709480165927,0.47232595918226283,0.46809831866919177,0.4594729239583056,0.5690827617106714,0.541132491814885,0.4771237307436332,0.5179801880098631,0.5305599900206561,0.517505636349864,0.4775754315596523,0.5979010029090642,0.4533066132368853,0.46735332073203845,0.6235717136708205,0.5980865803101614,0.4526736924402496,0.4454711894268981,0.4391017639008085,0.5165723007429367,0.5334232455825031,0.44564598737579697,0.4966767579701228,0.4871876728917458,0.49350600352611346,0.5426181595672345,0.49082446176901956,0.5046520151976392,0.5741484102802176,0.5424534314317345,0.5840416000466832,0.47443973119335286,0.5413906971375192,0.535669907881605,0.42003258564083834,0.47477178993194197,0.4698419264621204,0.5422718555107238,0.5371805312128397,0.5506633433653443,0.5209289500109456,0.4704943090368196,0.4907138737124611,0.49250561575268503,0.48644471687377927,0.4757999314335452,0.5514092712205798,0.5384876383291188,0.6017000947470312,0.5156238755873805,0.5095949199462426,0.466823328066553,0.48538376624207474,0.5048966514704334,0.4587305112011696,0.5299695025025672,0.498991080866261,0.47130016327247964,0.531011286461339,0.49332742785566314,0.4626002270068938,0.5871747393414577,0.45764786489653525,0.5358708823358312,0.47664734134118586,0.591760621848942,0.494830458677823,0.5209480472863822,0.4420200969170277,0.4534477851434602,0.4831538244898327,0.4736054411861621,0.48943430958846074,0.4498268361323473,0.4577255694122356,0.5778600752127102,0.49793764541896374,0.5258745350487168,0.48281071857774077,0.5093560195097733,0.5664280770254305,0.4892649311121776,0.5514565405212505,0.5160288547134823,0.500002661271909,0.47913017901396165,0.476795232153372,0.39068848786074456,0.5250083160908926,0.4713402003028408,0.49876855544126625,0.549697238226115,0.5209491220592071,0.5475034468280575,0.5141612180393192,0.5469615096799918,0.5596938857633119,0.5677639905177485,0.453589071583743,0.48326135681706484,0.4530267082609208,0.5376787894465193
0.5836672952107534,0.6865975560819783,0.5521194691166708,0.5802528435950491,0.4422983339023053,0.5908553091572057,0.5012214414440345,0.0,0.5704913800840203,0.6134630477299916,0.550424540052089,0.5672446394207292,0.6110847242147046,0.5630293658833895,0.5239791124056649,0.5906458664211325,0.6211410344253029,0.5920481688062551,0.564285002029691,0.5969715326844023,0.6188751450221652,0.5589615565741961,0.5269694401873805,0.5092989282265478,0.6612069076274143,0.5019122898581667,0.5076612514018352,0.5639824630195854,0.5222985078894214,0.5058013508586398,0.5959388908620391,0.5836791207468187,0.5573425547237779,0.5219308358343517,0.5661361116580543,0.6144529453506332,0.5790531417945546,0.6651779216809263,0.5287622546966891,0.5426126228685944,0.6036266749376172,0.5803767333642438,0.5536904227903259,0.5412579971393692,0.6509088720161097,0.5981015571833199,0.500043799206074,0.5079631469140362,0.5580278105667383,0.5777774618256153,0.5859528115275265,0.5688601552984456,0.5291884640184661,0.5921684233984483,0.5739117195317581,0.6268078484889958,0.6139448463561707,0.5982718615431801,0.5662009831399702,0.6239795550628927,0.6676138353188186,0.5311468782229296,0.5768499942358514,0.5377611545335813,0.5189685364086783,0.5646570493526443,0.5638202791436348,0.5192739732625822,0.5420462976423486,0.7169854926598853,0.5710992261596195,0.5743934101994248,0.5398474690196303,0.623024379168626,0.6874869278113879,0.5214570414041532,0.5315386189179332,0.512247988472495,0.5944361129346467,0.4831362454129143,0.580046540305513,0.5744920907456933,0.585867792933854,0.6571004820315607,0.6198271521256764,0.7218723302519084,0.6106193422321582,0.5314458028941355,0.6295850361447184,0.5968375013392847,0.5548186214914368,0.5756946118056882,0.5779906462118231,0.5479286934052497,0.61423974705219,0.573557809170889,0.5509821448677501,0.6243483553558397,0.5084916900184255,0.6035708827667113,0.5568194098895095,0.616573683556736,0.5260032393037957,0.5788987668304505,0.6275104464418683,0.5933779569311076,0.6312898551463839,0.6571028783043118,0.5795204210819872,0.5754277618460013,0.5404481428206319,0.5676172859833185,0.5800676030278926,0.6074897342714409,0.5912198234437374,0.6016409157863231,0.6172784906662476,0.5031888749843605,0.5614683840969832,0.570211899293324,0.5203639929044594,0.6219716977171452,0.5640374167941609,0.5927775732179614,0.52192413638792,0.5827705111793561,0.5379028446976146,0.569797245900276,0.655711490573019,0.5576812354123292,0.6442439358828757,0.5933330151484413,0.5710223790466838,0.5578930681919348,0.5657278210797122,0.48767233365475166,0.5353648460072893,0.5224904015628262,0.5454864092538929,0.6258935516876838,0.5436136493411117,0.592743289309544,0.6330404332363024,0.5848839580032646,0.6025588598662972,0.4864500333065332,0.5586865685605779,0.5779144279674723,0.6477839961418637,0.5243146814597867,0.5834310136676878,0.6015259617894493,0.5559636621341028,0.5312726671690591,0.681988971614173,0.640459396903029,0.5081580037069443,0.6044044783635929,0.5074278576049347,0.5282636702318141,0.5636922634915207,0.5984905173580899,0.5802957511399184,0.5485754635994652
0.5979175290647049,0.5355929948209737,0.4491289534789508,0.4830550645047885,0.4543282834224482,0.5028400925637274,0.46375134085725317,0.5704913800840203,0.0,0.4677559631398075,0.49654537281377864,0.4825666723602224,0.49427949827888534,0.5376609311038666,0.4939075150884812,0.48919305775166616,0.49878334831570753,0.5539503690182125,0.497796773086642,0.5584175348719858,0.5220951521492548,0.5191810891785953,0.4568711659396706,0.44110414205418974,0.54079585474891,0.44250722298169093,0.4525277030449992,0.4648997382647308,0.43494051878448753,0.5174354681046032,0.6004054885917933,0.5071796303450045,0.47005242481581244,0.4397171058197777,0.5952239136703819,0.5388818022662116,0.5268138150244643,0.6282229193428196,0.5006717443047443,0.4513247363847183,0.49777886878287775,0.5851115263105401,0.5109962193529016,0.5158889108446753,0.5039649320000533,0.48696913104577144,0.46058194285933685,0.4676411391862646,0.5024369031245455,0.5575266576037111,0.5292888139031564,0.4915916645145504,0.5063000907792735,0.49010687921409524,0.4892144520649858,0.5948812910704032,0.5641926300428218,0.5332071934570731,0.506297108717348,0.5259964495446238,0.5116703112740021,0.5196424842257538,0.5161477933853729,0.5253625010503931,0.5477695529529018,0.49972663616820573,0.5036939455487065,0.5022003131963777,0.5003119614652216,0.6204279135383302,0.5763174017358145,0.5707707519484655,0.5450270636145189,0.5053637860359065,0.556681312820106,0.4916295354181246,0.46406646079642205,0.4598905420813889,0.4935917777924625,0.4581267874536273,0.5048395710424993,0.6338094376846007,0.5396765555673994,0.5183213987660359,0.5798193930367412,0.582870736176128,0.5983955961847965,0.5381020641720097,0.5116389083809261,0.5688385456106639,0.5568430177355908,0.5882554387416958,0.5268276578825887,0.5075645202584317,0.6255540134364147,0.5162932367903258,0.5268211151317899,0.5176270451603885,0.5947311857309936,0.4853287316509965,0.5450075085890208,0.5162885754634212,0.5015220022651198,0.47900244835379435,0.6233571314270024,0.4807172495314236,0.4857984967845665,0.5066872690584303,0.47134476784824025,0.4802313976476955,0.4810474996675178,0.5884501066700016,0.5344366546200585,0.5878986572736145,0.5040727061151922,0.49989658619368416,0.5229214896326028,0.4724974942137023,0.45224625391497164,0.5778332490860211,0.5445273390417754,0.572481335919334,0.5241554584320728,0.5199804433476972,0.6749899866463804,0.46316177858861735,0.5110928943309421,0.4870000522285709,0.47503935500185407,0.5088798933701086,0.6206504784964669,0.5358022359467499,0.5514126071094325,0.6594963006833365,0.5226591269156435,0.5159566692696403,0.47855155352512097,0.4841073035258687,0.44832132679619857,0.5929444471116206,0.4810907940399014,0.5741267169620681,0.5982414061827054,0.6093865457263111,0.5504802208835475,0.47276249785784025,0.5878615353669276,0.4682724873564645,0.5155711099586734,0.47840554682062564,0.5972272787923808,0.553947102251335,0.5262744015353342,0.44226649961203107,0.5260447231101243,0.5934944852609434,0.4519726269374901,0.4863125349126805,0.48175702076495175,0.4948944666570765,0.458393753213115,0.6503104001960804,0.5721016054691364,0.584866729824535
0.5009316565594338,0.608286831886223,0.5767426069621097,0.5155356443221497,0.4261683194646013,0.5427290885036741,0.5074205379825732,0.6134630477299916,0.4677559631398075,0.0,0.5365923271045042,0.5286862506811728,0.5883649993806601,0.5259999422251009,0.489726409322185,0.5689001838643553,0.5438965217332227,0.5222486804053125,0.4860996497097872,0.493383055127478,0.5217512050385523,0.5337743848280705,0.5011793696207397,0.4677097452491445,0.629508462106355,0.46411553117728815,0.4951893136815515,0.5023507960253503,0.6176467181794167,0.4711953229238389,0.5209195789825666,0.5829613114648253,0.5115374449827005,0.47061222691247157,0.49315586559530217,0.5441485439097749,0.5601925196640097,0.5341410464871295,0.4798102920553688,0.5073813284503739,0.505194740578491,0.5088149000429406,0.5137332837551555,0.502117290049814,0.5690917075169521,0.510821761717879,0.4781207694851052,0.5125322561340964,0.5442119518441942,0.4945485073912944,0.5220089321756146,0.47230552417250204,0.4556481830381911,0.5398680087272503,0.6014083052850785,0.5292250981600073,0.49328599094625236,0.5313753476457554,0.5495905576896369,0.5212432993073356,0.5770745331805773,0.47380276455665704,0.4917878954376072,0.49291203594191285,0.44619921362938136,0.47764811918637784,0.5124866575683187,0.5132089552527146,0.5426652313232649,0.5981769328928491,0.4921891483082116,0.5054149468282408,0.4708051687478236,0.563674650224639,0.5483442867909998,0.4836707069754456,0.5236390052179808,0.5158044238726751,0.4767762820280254,0.4455562386502073,0.5117744629158654,0.4673163720723781,0.5419703730605739,0.5455023482830144,0.49175961178222416,0.5289240538821611,0.529336059145244,0.5041931701013849,0.5517470979759282,0.4883525710931844,0.4953500801924023,0.5006439201915659,0.5560440675226739,0.462787518494723,0.5072286209217745,0.5873979284761105,0.45550666592934336,0.5223795459456582,0.444801250709673,0.5288366153379546,0.5140388069173379,0.5822969210475899,0.4758785901689052,0.5704956581615973,0.5052344292897206,0.5099863722111355,0.5373539314997823,0.5631752323972271,0.5347871874243109,0.5413963205912646,0.501779694849918,0.4714199864940063,0.5183262469856369,0.5182840563649358,0.49116652770485086,0.4962147280175102,0.5170106808308835,0.5405540080294589,0.5483531729002005,0.4898256584074789,0.4548938473645749,0.5165114208030658,0.4684418928065407,0.5306264243129527,0.447049565745228,0.6195865215188514,0.4673970432409378,0.5369097741197717,0.6110210249606387,0.5181448181757456,0.5371478839347619,0.5035646094722539,0.4927451906713194,0.4455366308667795,0.4976919172927625,0.4442606644083537,0.4885658233774189,0.4809056322078869,0.5201121610285576,0.5246659543718141,0.5299409045618495,0.5567796485416894,0.5173281167101642,0.5057066660913836,0.546004825822466,0.4589939144333256,0.47257575882831604,0.5540626376788997,0.6307405009734779,0.46028263560591176,0.4777495123880652,0.5410657584355835,0.4759658335844284,0.55151035821347,0.5713095321880973,0.5420674801369456,0.4792161944423719,0.5548514875340692,0.47852615387286856,0.5008682348360526,0.548461931537305,0.49618783240394304,0.48499493049373127,0.46323182524613843
0.5540446969167352,0.5897457777056322,0.5618524191558404,0.5512845795456808,0.5361132528655767,0.5268816766222574,0.556629935425137,0.550424540052089,0.49654537281377864,0.5365923271045042,0.0,0.601758086293918,0.5821448663149721,0.5131271062322521,0.5199589450411647,0.638482895745935,0.6025419719295989,0.5291107355351453,0.5209094239354966,0.5317010527664416,0.5875286265596056,0.6327827412474776,0.5480602485702062,0.5801792514637361,0.5969687803669395,0.5154453686620027,0.5125205663121073,0.5395494122042956,0.5685217169274918,0.5324499416507167,0.5225730551693898,0.5393402443108597,0.5092688940838151,0.49658302693858436,0.5463271770800163,0.5441036258945617,0.616803837211535,0.5600191966348453,0.5584717414400554,0.5560667242977827,0.5220445397271192,0.5694530727508605,0.51832649796081,0.5816220694023845,0.5514543108588964,0.48622280319164685,0.4556097309066929,0.6164088221894582,0.6069534065204246,0.5191028280293682,0.5541052429759332,0.5071077215568232,0.43532961699346895,0.5836258955332845,0.6257111762483554,0.5066401811315229,0.546361257545275,0.6089171728777816,0.5066628543119526,0.5270801211040758,0.5470051770233709,0.4365652415837684,0.4997617846049219,0.4942547373512303,0.44879617943329736,0.4545328461525616,0.5220808499631076,0.5047547128640426,0.5041317352574054,0.5879445513087601,0.5168074354544512,0.5005465310420972,0.49503869824216784,0.5919888506330154,0.5354451522207014,0.4432899137682882,0.580635386333092,0.5809427071346133,0.465337046581096,0.4714145613865689,0.4691449381816538,0.4973259700429108,0.5663991913961298,0.504060070796942,0.5120794974812537,0.5476876334969175,0.539373902799094,0.47236687632870467,0.47846225762547223,0.5162122980047211,0.5769083233796097,0.4834756239719654,0.5977195478170197,0.47988925094556534,0.5302172908658146,0.5511839825203895,0.43381854332885694,0.488893915030551,0.46028672466471576,0.48969138623205716,0.5281159264983638,0.5418443470316683,0.4603284754201838,0.4839215196469024,0.49510822117910275,0.5053127751910964,0.49499014518841,0.5679390561891541,0.5026353372565266,0.6197048382131144,0.5928313324965361,0.5178604715576057,0.5114891896999039,0.5171729658367715,0.4856199275146112,0.5660841927424084,0.4767360089984453,0.5645372915596718,0.5535761109910254,0.48439766357012953,0.5627851534064119,0.48157808485940135,0.518052530969613,0.5671304325805712,0.48315291696334933,0.5654692371479496,0.45339757567628536,0.5820351275222775,0.5558117229939915,0.494136689518525,0.5015781636665371,0.5241960642429783,0.5254258614018101,0.5170476984980602,0.5596912609412033,0.4527212496912374,0.5082648676326706,0.5261633710352984,0.5358981992841453,0.5355803023587673,0.4660677994419294,0.5627916648043245,0.5291651930435888,0.5059355930787638,0.598301992060039,0.46636528549927997,0.5397315597360822,0.476194764776893,0.5454014956144595,0.4675255973784976,0.5370143545099977,0.48379706053200566,0.593854568658771,0.5094778332839537,0.5643559134793725,0.5588920270231866,0.5840949434375734,0.574361911354283,0.512751871995675,0.5264012022198719,0.44178720603925453,0.5097460969378105,0.45486106051403535,0.6330558040474759
0.5046619024884305,0.5714556719684207,0.5235539822378528,0.5268527110723167,0.4950281102858341,0.545063963430429,0.5234414896510894,0.5672446394207292,0.4825666723602224,0.5286862506811728,0.601758086293918,0.0,0.49883194528148656,0.4461748496828953,0.5010209877182861,0.5760790085192065,0.5475346238047376,0.4707614389537141,0.6091019187610454,0.5130383300479497,0.6177088319119729,0.5363956132928027,0.5206344960660455,0.5408421789590286,0.6153271673873435,0.4789295732005049,0.4448865586880387,0.49335049352668325,0.5223492289332488,0.5238669998716223,0.5685531516834373,0.5385003986903029,0.49511131206745207,0.5388179882096982,0.5103600737900351,0.562853907756324,0.5477523884480531,0.5253968467707487,0.6254518345710913,0.48246118931750526,0.5327833520342234,0.5407993541586492,0.5264511327837506,0.5914651319555767,0.5410853627093899,0.4832273465617241,0.45761349400074375,0.5697605801863964,0.5537604102811259,0.5074984562446266,0.5490995141275481,0.5095437984794471,0.4279676141658837,0.5934445433449015,0.6223250407774673,0.5080819721279243,0.537854882045933,0.6508962294679204,0.47056009344155125,0.511291546470055,0.521532342429649,0.43923357304225613,0.4937560376786737,0.47520572213458256,0.4491328595530766,0.4543971805533012,0.4762937815783814,0.46346060252877536,0.4455246824230657,0.5462267530335682,0.4939408508398279,0.4703395342043806,0.46039518018308023,0.5404813124676814,0.5120439172747525,0.4408161819133332,0.5319348519302011,0.5412360466291339,0.48042209018747695,0.46154647887883776,0.4741359939167181,0.5064057174629191,0.5417490575990298,0.4759851770133403,0.5243942595344123,0.53399282587797,0.534818741015356,0.4570631161601447,0.4799375659268814,0.5123393298317125,0.5273922244125576,0.5226655977948984,0.573133303225014,0.47578610752468375,0.49431282018557976,0.5646828090678074,0.45783094635984084,0.5401896594367366,0.45630912505897997,0.47537514811090054,0.4994653931773908,0.575804409429273,0.484828273646199,0.5446704895767749,0.4928491900707082,0.4982910440740608,0.521200922245687,0.5496031606907416,0.4828869177617247,0.6034589525381643,0.6467677011526868,0.5178428369931819,0.47967870548325536,0.498334179204924,0.4677067595986986,0.504587856311439,0.49494169983740294,0.5532719500576616,0.5428071541969324,0.4589381834410965,0.5090702264317578,0.4929479623359719,0.5077403109310582,0.5607148931869979,0.4620840906353612,0.5826802451954978,0.44946537403490316,0.5795849392169283,0.5857991560369584,0.45491891536475837,0.4925591615851367,0.520143168256979,0.4730528801934137,0.5097736415543267,0.5651605503544824,0.4361107840495738,0.5103064890905368,0.4807352118367267,0.48451851458853823,0.578159468154093,0.4488763355300326,0.5389847350183652,0.5246392097949831,0.5140370426059402,0.584606599708115,0.4653734463009665,0.5560431303071873,0.47598686849478367,0.5724796065023736,0.4783933622870594,0.5513128948020091,0.4925289873961532,0.550750122680739,0.48169144665887925,0.6488414230615197,0.5342353767733168,0.4843984409903764,0.5727397528890029,0.45456757095555467,0.49279419655095125,0.42706207339109165,0.5044001345891235,0.4757082051196899,0.5470229486771575
