0,1,2,3,4,5,6,7,8,9,10,11,12,13,14,15,16,17,18,19,20,21,22,23,24,25,26,27,28,29,30,31,32,33,34,35,36,37,38,39,40,41,42,43,44,45,46,47,48,49,50,51,52,53,54,55,56,57,58,59,60,61,62,63,64,65,66,67,68,69,70,71,72,73,74,75,76,77,78,79,80,81,82,83,84,85,86,87,88,89,90,91,92,93,94,95,96,97,98,99,100,101,102,103,104,105,106,107,108,109,110,111,112,113,114,115,116,117,118,119,120,121,122,123,124,125,126,127,128,129,130,131,132,133,134,135,136,137,138,139,140,141,142,143,144,145,146,147,148,149,150,151,152,153,154,155,156,157,158,159,160,161,162,163
0.0,0.274928169312953,0.24760628792962622,0.2540588946298387,0.23294610626883205,0.2912085971194131,0.23343834285355575,0.2547565152162622,0.33105156453925133,0.25208596447702364,0.28597159127820115,0.22341846021022055,0.41869589191258316,0.26066087106626323,0.29620379105229355,0.29250651726008725,0.3090989186998489,0.39348597422428244,0.26851102618380385,0.4263125763988453,0.27485271855455534,0.2674970732618864,0.21881729022274077,0.2827326285273664,0.3152090348388121,0.239117073454397,0.22109757555503487,0.3001885784558285,0.22029989906406722,0.25816818507616945,0.28176633102676296,0.31648785580177696,0.27276844951786866,0.21649473384859044,0.33588669004522886,0.2138886304978171,0.31808319751718545,0.28717887447537727,0.2050806389262068,0.3529378123038017,0.2596888079226881,0.25238911198805597,0.28928335259763116,0.31182103493087265,0.2730575739492439,0.3360447195946398,0.2350954292478538,0.26949568052760425,0.28899840230171386,0.3133169652831085,0.32912269694727275,0.323381543463811,0.21626520613424852,0.250117990855786,0.23064374673131963,0.2670982127154852,0.4226254283149295,0.2456829039904869,0.31071168923316883,0.2890731208579331,0.27151359923110796,0.21015430581648556,0.2971742829459589,0.1950660768758797,0.2701545708707832,0.31752670657690746,0.3065276056281995,0.3166897399910536,0.26198930558064665,0.27752067771624034,0.3905904126114461,0.28604399123174323,0.3132737736640076,0.31784080342071064,0.3018719682990871,0.28148468002431576,0.2291694866400031,0.22615480463877943,0.28496752899839956,0.2540604076871659,0.2926299948377448,0.27693595486944217,0.3257778135774013,0.29500493729273425,0.29265919466421514,0.3335781611487416,0.2601903919342506,0.32116909794402987,0.2997545184155661,0.2623859196751755,0.3035546464153247,0.24116879743229525,0.29046587694288034,0.31668336319757184,0.29121199136524484,0.2472559669419142,0.20690122399793354,0.23369644939695272,0.1889759079204357,0.3505260137480289,0.25354630930640254,0.2097718508438738,0.24144395288608766,0.21493137615701835,0.32318861213710326,0.3125614374112746,0.2707950284644392,0.27466495410479547,0.302818766625795,0.2606856356266281,0.2517433178594457,0.26563455160293853,0.314929264196874,0.23365280717356204,0.2961518245468323,0.3393507793519775,0.3099693867805742,0.24207011273852105,0.25385059937044385,0.20594707945439705,0.2806927631513441,0.20288342305819612,0.2591408213261928,0.3860829371568339,0.26923270272470873,0.27175485944765104,0.21120984198142453,0.20238809436615376,0.2224879560886608,0.32238341601769066,0.25001135808942876,0.27893401213332175,0.24868697372218382,0.25236407640191844,0.24900116096491565,0.2792907875596623,0.32517234614491736,0.3007592310184577,0.2785941500891399,0.282118059822984,0.27168546115527487,0.23285968186936085,0.28504637751868733,0.22295930162117336,0.26937610051183564,0.26751758141501314,0.25609115117829423,0.24933452976189047,0.28348226919869074,0.15023324608143399,0.36268903796482255,0.2613951557350479,0.2541420903452109,0.22800955116077407,0.26569174241711935,0.31690684689900006,0.28271652068286357,0.315793642901635,0.33041550841261697,0.2856756733408878,0.21858195242105063,0.35946688402539695,0.2079907962990993,0.36208692597529585
0.274928169312953,0.0,0.2885596466654198,0.25352325729707925,0.22209779013490893,0.3986629167631993,0.24107902052580804,0.29580242438697996,0.26845786809170125,0.337767145950983,0.24353706868769598,0.2730196230101086,0.2846325940031743,0.3075055603294163,0.2664267764263374,0.2939882920663739,0.32149199864282746,0.23724078242614205,0.29037911619272144,0.32141545016680145,0.295414203962548,0.3255402081661006,0.2039911175605899,0.2702976400948558,0.30127305009382505,0.20904550544567407,0.2056192399312386,0.2707279402449239,0.33162318335804625,0.22396201763195267,0.3135919421112962,0.3512789469548194,0.3345519674658053,0.22718771133851381,0.3179734229792905,0.2595672820780546,0.2381183486997473,0.2753681853304021,0.25809203476506626,0.3117552975568027,0.32273572664985856,0.2811464229849166,0.2192495950829436,0.2926262845810281,0.3109837721577765,0.232124783294106,0.25645859593866766,0.23855295342433985,0.2578013542050742,0.29278455188206204,0.29144881806525597,0.3002323736189827,0.24942342914704457,0.338608628172532,0.28659724373548007,0.3216286973220432,0.2929398161830971,0.250896160580548,0.324752255307734,0.2801395786816321,0.2978341487378545,0.19785001239918823,0.23963170420274552,0.22357274053219214,0.2382489369269593,0.24209304182692987,0.2507867159459239,0.24261097634055498,0.22665810151619145,0.2500411971426936,0.28716916802420966,0.30009404980775634,0.2568244100174116,0.298168527986787,0.3249108479900027,0.23811035663204205,0.22290907606361307,0.2737958267000449,0.22117870090932443,0.2518964774712869,0.26675580802401416,0.25390184136902844,0.35524852851451727,0.24790143739385084,0.26979496467651215,0.3420766599326885,0.21828222917760995,0.24962783053271748,0.24925359417990384,0.2623386657623511,0.22997771452159102,0.2918456586993255,0.323530646550746,0.26760244890316215,0.29097857518815007,0.3030642762206262,0.2487991134949369,0.30185866252436055,0.20293605021856803,0.3118470413392448,0.2503949784709329,0.2044923288942909,0.19523716842429018,0.24394240816528892,0.2774039275506607,0.26274796161624736,0.26553200667213217,0.29642775335722826,0.2786411764677673,0.302746968805501,0.26147133837374903,0.22776582918459626,0.279058865102595,0.228851711974176,0.24808778692537023,0.3508059783853227,0.2874198366786314,0.22003880441881044,0.3128228388770767,0.21495146637228538,0.2720422962251228,0.20439820082903978,0.2630323914499691,0.3256505077589147,0.2651117336555448,0.3442412547175969,0.2505981362295747,0.2377090277319597,0.3300175095029124,0.2585039265715226,0.3188750906824555,0.29683531306055816,0.21190152565393522,0.2846414849193964,0.25133642951469437,0.24419472015053462,0.27433829294091716,0.29356133010725066,0.26718463692156524,0.23944266149927784,0.2439940785489602,0.3078153956897214,0.34402304826106433,0.260854732721829,0.2788017337858739,0.2294037835409685,0.28853142540601273,0.24691196808618504,0.3469877068006069,0.18342606269214057,0.2413096109561662,0.2896619970999393,0.22547970724150201,0.28749288730121775,0.26574490837939413,0.2517042538823111,0.2311971130485258,0.30029217743318415,0.2797151216727203,0.26197606356345987,0.22454666952887817,0.3431220178266908,0.21417836405630752,0.24445565734084873
0.24760628792962622,0.2885596466654198,0.0,0.26883373390667176,0.2325821956590911,0.28713731292174377,0.21355482295539982,0.3017897818966948,0.27634552320173533,0.35155101160380575,0.26993309548521915,0.27035722143648355,0.2628548900571239,0.22184000805547152,0.2632043864071217,0.3192165947628125,0.3041804522912677,0.24974922414114112,0.27587562388125325,0.24626602571346945,0.3391130150729981,0.38606941976843284,0.19306712819656838,0.24375113047474464,0.2912646679458013,0.22128215770550205,0.20820603934238005,0.2572094859741135,0.2358132847982844,0.23328304410254444,0.25808012616562587,0.2886394105463079,0.2571953552502561,0.19567898394306768,0.22180709279014915,0.23712221025665947,0.23407471028128277,0.2754770233664419,0.2329894570522831,0.2787686150335386,0.2515647348335093,0.2830922952768199,0.24038914944620185,0.24622811480027348,0.26963350356479315,0.2254245707406574,0.20222962184963486,0.24299811409178815,0.24409600856330974,0.25242488753724174,0.28370673577790384,0.2635294503620614,0.17507082691080983,0.3086027262278829,0.25665283454288257,0.22758910330504442,0.25923589768209504,0.27842595218504496,0.27250680570703256,0.21621810637016137,0.24648951919133152,0.18363179682256786,0.2710424696065002,0.19947128666177563,0.21892053323423227,0.2381544524747026,0.2305236473990888,0.2561317980511396,0.2865148510611987,0.30059203581242866,0.28212965052498973,0.20534610794165767,0.2470129509717555,0.3789352282157557,0.3204958884637197,0.1703901127807233,0.24368162760421458,0.21682143809943602,0.21182669445580857,0.17548388109714433,0.2461339456991565,0.29141713311109513,0.28151175660316935,0.2306287405161544,0.24534440517007025,0.32319641586428033,0.2128341081826713,0.2231533067206873,0.21638558168804442,0.20942933383783321,0.24858460969350318,0.20812863937622736,0.24214082536017725,0.19113449863919638,0.26054512799121476,0.26092885862036486,0.21646985587695589,0.24952868023656827,0.16972601648123573,0.24694757731384515,0.18488890492753146,0.24356034174376823,0.21158096194999546,0.296600098861447,0.2460484294662657,0.2591022602553629,0.25844122029412697,0.262572475222465,0.22077835542366447,0.2577100694460399,0.24432932854312572,0.21205919795537773,0.24818051545316247,0.22789465555877675,0.20212696308875563,0.2816340677854762,0.2079343145338563,0.2853461597466226,0.2925942720719191,0.20199751107618014,0.2259018987871424,0.2055089441475284,0.19564452862087853,0.26805236801976756,0.18946700178674689,0.29241963197413284,0.2193806036348445,0.21057757867953084,0.28308297477556543,0.24811826572372758,0.2714782862316539,0.41970111326521264,0.18180424101491835,0.21425172628733857,0.2732704453916788,0.19697551241535385,0.19654179902189156,0.22831666131485176,0.29386194759942963,0.25995845858298366,0.2227935849810372,0.232623220986706,0.24825104441295387,0.25764579508516366,0.2349769891264665,0.21030180139544713,0.3090985190092538,0.2266664128711353,0.34412019177454445,0.1750817295156514,0.230893455235899,0.20398908917108954,0.24522814233683474,0.2840606140082681,0.3028385586018221,0.2574512914456057,0.2516870303588283,0.30147507639209375,0.19719953887891684,0.22687221172156669,0.2291201586444363,0.20760402726121965,0.22329952820167004,0.2518821739193421
0.2540588946298387,0.25352325729707925,0.26883373390667176,0.0,0.2806241111335692,0.2525083104844243,0.32531444558154166,0.28081608356464827,0.2806000148332861,0.2463824516654657,0.29372481663788885,0.32009599454478194,0.24970533617085178,0.22612519686286642,0.30380266806027106,0.2735502932789719,0.2921485164297117,0.2522410193737709,0.2902035449618584,0.24625956519361475,0.3603313471167789,0.27638527818553954,0.2605577224862726,0.26291690756100816,0.2845024621229256,0.273894678000282,0.2726057601640493,0.25960384768093514,0.2036467436270627,0.24603889856020397,0.28855097087352716,0.2603227456835078,0.33945399655106856,0.26191431212284166,0.2505795102844016,0.270586141183633,0.2799839401701757,0.28511939609972575,0.3179453771042605,0.3517856585562804,0.26334553634424107,0.3091282943714093,0.25439489049664266,0.2959716765352442,0.27787000431705805,0.27195324753199485,0.19282595082926635,0.2548661529146114,0.2945577124095688,0.27671536581075046,0.4095951739211766,0.27645804932700113,0.21213407050059402,0.36124343304233764,0.2975695295901976,0.2421249559401183,0.32648518269104926,0.3426716958592303,0.29210064414890446,0.2674372827857669,0.2662295609157657,0.2038953715549925,0.2758737006533032,0.21106466115877845,0.2599532340778735,0.269814387412117,0.34457381733902387,0.23590934410316208,0.24873546565240942,0.2727872039993682,0.2823877338796651,0.23185453039253498,0.2954139762144685,0.44831659796709095,0.2809863711435696,0.1877390499550639,0.36916219502049263,0.3088960803696139,0.24214874052134486,0.19477984775633392,0.22853769660589265,0.37925367812085226,0.2787527905136842,0.20917628397477647,0.354366856261532,0.2834889609411761,0.2866272423429802,0.30307727632148,0.2522427407171276,0.26151327415533915,0.3362736839232725,0.29803576426457096,0.25121720789326224,0.2220463870802404,0.3379388384279583,0.2514226315905092,0.21734304273916796,0.2703298287043924,0.2138473413393273,0.2841666054258022,0.23193276316583986,0.2896523854853222,0.3384292534220189,0.23293339244392838,0.2775414788950328,0.26950835005217105,0.29747896355392683,0.2652782410372803,0.24983056938785153,0.26042092682871965,0.3527352761598329,0.29485467323488396,0.29373774281300635,0.3360796632840175,0.23303032939580018,0.26724576158642427,0.23800418140433346,0.2341626528910431,0.2810515045488699,0.24327796022911424,0.2907553602705227,0.27051513214036177,0.22986056897226675,0.31573813900243297,0.21563573996729,0.24708125543124346,0.26441158314049795,0.2672659112899505,0.2442391312899444,0.263864714621657,0.23199519138011437,0.3368264640529441,0.24346486095643075,0.28474717327874,0.28048096172447085,0.20021663687047161,0.18805032330911922,0.28005235315322635,0.30018656719367626,0.3275581462811835,0.2454318315531777,0.24847975599866895,0.3635178808856188,0.3151135700716997,0.27669930622663574,0.291257478198209,0.3549958512548026,0.24300839547849643,0.23332367145485783,0.17032686599731678,0.33129504866600273,0.24527695185392534,0.32100120503153445,0.253571631413805,0.3480109369902034,0.29258034087493096,0.2467137336259753,0.33176667704385726,0.2772387758577684,0.2739250475143787,0.20310403283762588,0.23745641974814044,0.29631602369348825,0.31198761901642896
0.23294610626883205,0.22209779013490893,0.2325821956590911,0.2806241111335692,0.0,0.18771280202323912,0.35081964356808953,0.21359635962038792,0.2697522056067261,0.2408367442071802,0.2652188026231501,0.24744685452445067,0.20551727864532054,0.23172059970662262,0.2704323647371955,0.23679367968283943,0.250427245454965,0.2618581537293106,0.220928153530794,0.21683025032158826,0.2875403935310602,0.2621708268096992,0.33160260014641757,0.2504199094929388,0.25770707002624704,0.23932417216692725,0.29460794710952615,0.20949058720790473,0.1976079737635926,0.2830590990024014,0.2534978993331271,0.20946257462150103,0.23334485490523008,0.21513024786958287,0.2750758225725406,0.2567808765605837,0.23201712554486742,0.26166156991069545,0.2523915204597679,0.2811189310292707,0.2605712032172688,0.3569338462705077,0.24446694846238207,0.2797142953966865,0.21607753300019764,0.2125884294708369,0.2243643994536328,0.2314563155231322,0.30776703980718295,0.258208366635383,0.2653275937545048,0.20697738943611713,0.19346030986727838,0.2291074511617826,0.2306493600992127,0.22673992727058304,0.22718993544608057,0.3080339996369764,0.2731496995268674,0.21862457846879443,0.17502182491863702,0.18447863381199853,0.20216307026716354,0.2569003401485712,0.23204243424176166,0.18315839745836368,0.24360219994708904,0.2165068547586489,0.24137720801200072,0.254942797303274,0.2303977115783254,0.23295423560280548,0.24120368378230156,0.26232545966238285,0.21183741672509127,0.17411028579410337,0.24811309868873302,0.3517184061479582,0.1980772039692192,0.17740918066175712,0.21682283210126752,0.27501795952459174,0.2664839729131582,0.17750225900523733,0.2707965002796199,0.23496924314089368,0.2297955448940601,0.2517762843071079,0.1960533114100455,0.22953989759685442,0.38877667256362547,0.30287955048028503,0.2749127970481153,0.1731868902798567,0.2886260488511505,0.220707794034641,0.16490591166211183,0.2404138799488958,0.2411546645591754,0.20542681701340787,0.21191319748757115,0.22345671055885422,0.30777460637985327,0.2389879138037243,0.22616490027988675,0.21907006379763477,0.2105518459237965,0.28336716827611774,0.26620663309752185,0.22876706102833488,0.26972962979181403,0.3244756838563815,0.2091363183147331,0.3194245778541949,0.19157970725392146,0.23297457223504314,0.20304059970344215,0.24462265841721348,0.22239414442011607,0.24236968627186947,0.3271613656347706,0.22598305381276956,0.19976059950530767,0.26002756704215835,0.22828910495228974,0.20053042679363295,0.22508635382355258,0.22615085227697454,0.2069189226575826,0.24218405385990444,0.249822869881494,0.24040984209949384,0.18302165700319944,0.2531333619542287,0.22676274919924877,0.21344018795712838,0.1908810698403637,0.29668927672381007,0.2891035756459154,0.32128244326938693,0.19537139678504747,0.24955669153933177,0.2798919695372367,0.3067587884063824,0.2857382424002512,0.28606210882590005,0.2862613406339013,0.22897902414263038,0.2375240027350984,0.19024264966579343,0.2343578505066856,0.22312435038605333,0.29172472673097977,0.30374401341773266,0.30293808843324005,0.25285693887527844,0.19953897145226476,0.275438204457439,0.23973379146289622,0.21673297592913754,0.2011094975665366,0.22531580775045207,0.30569502374563823,0.3276401527265002
0.2912085971194131,0.3986629167631993,0.28713731292174377,0.2525083104844243,0.18771280202323912,0.0,0.19550997373313697,0.2913283065835837,0.24634860536876715,0.2558089745677828,0.26338055351451733,0.24325651349461047,0.3980747976621727,0.2423229938401104,0.26772382026570346,0.30120155035799967,0.2790595224612437,0.2145162990787877,0.25241964165039776,0.3159791137234789,0.2607691314486404,0.28647532868675485,0.1662652080761607,0.22734757680030887,0.26768890735759476,0.20896193417739894,0.19742189285131814,0.2508099183482866,0.2462513552462853,0.2018284519966782,0.2823363939617008,0.367539605822308,0.34702215538841547,0.20768585025469077,0.2647232426043947,0.23829233354918736,0.2654437707560764,0.25849751710623897,0.23098984546764323,0.23855244509138496,0.2729358979752027,0.22816493909224064,0.22057505732074845,0.28145257359123266,0.285936049462738,0.23153065741641618,0.2134393780722868,0.2565351640274949,0.20308311420428768,0.2884189382375481,0.27166545503840445,0.29356758407336603,0.20322741298240882,0.30960883341315126,0.2568316293545774,0.2808811134295869,0.26685825148940645,0.2575777214445797,0.24228095133058902,0.2566030437461245,0.38063682812163324,0.21101342226403091,0.25891365234718655,0.1826793519106731,0.21087476394812604,0.24450039465101733,0.27559350700758595,0.2767842568470697,0.22384405422858047,0.24036052185245754,0.28917115628421747,0.2296378544872599,0.2613919513783633,0.2931867143040055,0.3651475343464443,0.2132944660778183,0.22541372844739613,0.22322158167888584,0.2242608778678337,0.25564039251054355,0.27416849692281864,0.23888491675405996,0.28566585691060264,0.31525763572498655,0.23421803009701403,0.30149322720961713,0.24829831233835714,0.23837838667581795,0.2647796872494097,0.26069697457013186,0.21718361247582424,0.2426676509856358,0.2762883862632174,0.24134680424846147,0.23094618709791678,0.2918132664702069,0.25284516126741563,0.2527797088596676,0.16907866323656978,0.3059623375764348,0.23414788705163123,0.1999406991177205,0.1882890555088723,0.2044115286023214,0.28742265803175365,0.29309350570716486,0.2904449261989167,0.24220056056932446,0.2362158017131916,0.26869621229120716,0.22977237713649024,0.19847323968483765,0.3458469258315565,0.2251144582291524,0.2435129096543533,0.29578317419189276,0.2412057329721533,0.1921292783260376,0.30678586169601113,0.19908202514903164,0.2261525810146233,0.2100608993997793,0.24685284083857797,0.2806425434399313,0.24268803805649575,0.3135435800329745,0.23390075742965566,0.22335084277864511,0.27090559875183157,0.24601152258096204,0.26847562671744585,0.3208382319970165,0.24447994243655005,0.24681684987152178,0.27193308504541513,0.22098490184600086,0.2606371650494838,0.23454159686017917,0.23490595380368326,0.2216359857334748,0.2737469842611713,0.2599916045199564,0.25179579364356397,0.23322584259498727,0.2528821449191695,0.2038510360344929,0.272182486485287,0.24344865246862993,0.25851469852386155,0.16279609124309286,0.2348016422978625,0.23236564355878,0.19859132171129784,0.22898932728128998,0.2534044850391777,0.26415031302679987,0.2540753283840702,0.2954436075258572,0.2558879845514356,0.24855584851410786,0.2038188844226803,0.276694654774923,0.18235966923698887,0.2264240143140823
0.23343834285355575,0.24107902052580804,0.21355482295539982,0.32531444558154166,0.35081964356808953,0.19550997373313697,0.0,0.21481363616010113,0.25343184259837004,0.2569084980719596,0.25429006817594946,0.2908637822634985,0.21284745333400648,0.2254581715315213,0.30059192607284085,0.22989633418800062,0.2413361719851318,0.24773892368330694,0.274611074123564,0.2118040678105275,0.2844596872317702,0.246056820638262,0.37181276861902285,0.29104383937488487,0.2942248079541106,0.23138582590873685,0.2647998178266917,0.23163412743126563,0.21989145920690523,0.2821857854390284,0.2733815400344452,0.23901583651098687,0.2686407171181048,0.2644607205429967,0.24737721943399824,0.22953641323583637,0.26344024671045896,0.2413096683769713,0.27391371237207307,0.3298813271644634,0.2520813199585142,0.31442615011809916,0.25027039304382726,0.2891757194446198,0.23803874164789077,0.23064335009940196,0.22729937218217594,0.2325602160085347,0.41744347517042657,0.2206720508758983,0.298465762533701,0.21345297448414285,0.19592807652908534,0.2598216696188536,0.2819433305116641,0.25891077470477963,0.24830035526922697,0.2687193946267769,0.31424606547437023,0.21932802633377252,0.18854488600582262,0.17905894455093652,0.19584294153063805,0.2369369082647024,0.23089077249821402,0.19342112268246345,0.26587660156361886,0.23850039183795424,0.22076231696040874,0.23729228402810054,0.24374280355989575,0.23317622546700623,0.22447694600631965,0.28280267741204723,0.19416220039054224,0.2129448213755396,0.3197194468035819,0.3475511086333291,0.20624366961570245,0.2092677128751082,0.2275676902232835,0.2905694082512698,0.290139001538494,0.17213178080740008,0.27119887999764736,0.23574883472270602,0.23126764645573958,0.26123905910497364,0.22777377201411078,0.23963012078336804,0.29878657000958253,0.34415149368451664,0.2652666344496079,0.20857509069373834,0.2981553711240873,0.25700456256458215,0.17586449726828646,0.2802992535932505,0.23246418472533464,0.2319850220674473,0.2417208766761758,0.25881995307775274,0.2948984345985314,0.25234706925155387,0.21654333699831668,0.22816075264603178,0.2124384615315149,0.2786841454593535,0.26740336205806,0.26657535339774036,0.33814393120951347,0.27272071790599794,0.215801163292145,0.26639123267736675,0.19557596863025914,0.22481189541033,0.23574893193631935,0.2752439453022812,0.22929249628600737,0.22122409981224755,0.28117742267165347,0.21688673111915135,0.20996994312071451,0.3207322298581718,0.23080957714106354,0.23401835019547867,0.2085066830250187,0.25204008363457603,0.21319981058834866,0.24638993049001565,0.23097600479722502,0.2223035295117543,0.20074566825308646,0.23235443214332743,0.22398460935272987,0.22205803297928123,0.20972342492674664,0.2882570989509907,0.2836366945563154,0.3214717238845351,0.21889143343827544,0.23815172764743384,0.30933118905898943,0.266039815711609,0.2789222758155489,0.29855348366531614,0.2862309663013818,0.2530279068757482,0.2371834525096434,0.17134903676863714,0.26545895469002534,0.26766660054542457,0.2715720009499374,0.2878077068314201,0.33974680777317284,0.27600326760604277,0.2363988456338322,0.31050703521082396,0.2882249172661349,0.26550623074958996,0.21897814434641427,0.24474776120667718,0.32989313189823444,0.2910630549271269
0.2547565152162622,0.29580242438697996,0.3017897818966948,0.28081608356464827,0.21359635962038792,0.2913283065835837,0.21481363616010113,0.0,0.2903528977515868,0.26761160685665875,0.24501124032654065,0.2695508550715207,0.3133055489383832,0.2310126564492764,0.27661645713479344,0.3268455379305487,0.3213081279195346,0.2392314797717148,0.26781629699787207,0.2700125380207995,0.3111821686057251,0.2575305170870583,0.20075400033428753,0.2226185161933868,0.2702617381542287,0.24660465718340627,0.24038344671271455,0.2633271131223993,0.2065664274618097,0.2490814081755854,0.3481123607919248,0.31687230968142255,0.32654264707224195,0.21950106762323437,0.2492250960765533,0.26795895690877997,0.2686714244522632,0.3129230148204199,0.26445744184699466,0.30203219781059953,0.28444478161900616,0.24163036580576347,0.28207078392536283,0.26983422862341083,0.3722050488789312,0.2666155690332687,0.2221998061804372,0.2368144487750452,0.24654532095261417,0.2893479193326598,0.3034150534927865,0.26487540472090043,0.19375750483619567,0.2955098673671547,0.2760487219263661,0.24382553195797188,0.28159680925745384,0.36048642245368145,0.2794047357246139,0.2534250849378858,0.3516402081570819,0.20329520725589276,0.2959066525962453,0.20879929507735887,0.21426722311830254,0.23583460491395628,0.25735230652356517,0.23662169304469766,0.279040466178682,0.3690327993072196,0.28311523778029607,0.24561537897958116,0.2455080611809656,0.35767907440889596,0.34696639808635577,0.1904678725543355,0.2978848195535003,0.2494990327201934,0.28682136319355045,0.19000984927173747,0.2286734810877275,0.2710622404931818,0.29343824980307787,0.26552959979534874,0.31031468969536913,0.36701311035391715,0.317761256274094,0.2744829423738217,0.2741300267547592,0.23315748000454556,0.2589484508634617,0.2515612117809312,0.2727472184235498,0.20833746163149244,0.27612183839653176,0.25807958052153973,0.2580443602654972,0.2717874225175274,0.1802583393904353,0.2988980207320012,0.20694594917318798,0.33205288965539365,0.22961093648577638,0.24240999087345,0.3111747719166753,0.31739286699836733,0.3189201264258517,0.26684705619590965,0.2685597478494601,0.2276056870623642,0.23210033188558718,0.24704458448803956,0.2822004818720795,0.2619078069790935,0.24656945291810053,0.3017150555388456,0.24752021914508635,0.22500307612164125,0.25052942229581265,0.2061782997429866,0.25740931591094207,0.31139419205551894,0.21138051144880554,0.2794910131711335,0.2040052160103867,0.277467939255211,0.23076723761914103,0.30421778274192857,0.27350075450014755,0.28040500930745543,0.2979252145208739,0.3515352144531972,0.22980283921314715,0.21649570718268132,0.2433863700109591,0.1933634537230774,0.22610933856568843,0.28077709219072905,0.28477105885958676,0.2868473128147758,0.23353602332864792,0.24248112198091307,0.2882162354393445,0.2650016737437233,0.2641550598498103,0.25698869034975114,0.3172794654898979,0.2467534554546034,0.2965016444919643,0.17142740104379878,0.2795777717222278,0.24237494996620884,0.23481553974929345,0.2766170141814295,0.3201605296928118,0.27803319088855977,0.2215691664246762,0.31079942472488004,0.22301801218952308,0.24885154545794197,0.20739264604389018,0.24350834508862276,0.21549923459055922,0.22189104270297863
0.33105156453925133,0.26845786809170125,0.27634552320173533,0.2806000148332861,0.2697522056067261,0.24634860536876715,0.25343184259837004,0.2903528977515868,0.0,0.24279670344117513,0.24727774006852823,0.23982060055441648,0.27023959623006716,0.30685778254901186,0.27423957522946196,0.3071643086483846,0.2866828933132243,0.29532724958551126,0.22219152626372873,0.27911908816408626,0.28318123423342884,0.345736776344004,0.21184037358250665,0.2347973176526552,0.263495173593169,0.27617081009711675,0.2608506389475951,0.2607747728337911,0.21536958046464702,0.3018733523603913,0.3389107097232765,0.2763617916214131,0.29540709974948576,0.2139179351650699,0.3131901813206739,0.2503212023430339,0.26906486938254004,0.3780749518826108,0.24455579285436432,0.31569302302805924,0.2512025469215813,0.30057085546180384,0.23972340979541512,0.30638011641792795,0.3026618941444163,0.26137365274964386,0.22095793405883157,0.23518429344186073,0.2718707839659131,0.28725209025155785,0.2950132507098211,0.2777324915511003,0.2142401927524837,0.29491909358505003,0.25693704420709834,0.31573797191336983,0.29625253009373587,0.28450211221636756,0.26492311851403627,0.23493640333162025,0.23101885182788234,0.22803229660237676,0.2569646405167279,0.2262709573421721,0.2502616980151958,0.24119532419718162,0.323127723296054,0.2850939560169848,0.2666954796233456,0.2936130536203598,0.37146272471846037,0.2804807621254033,0.31532771579223007,0.30839004013826304,0.2962532033447883,0.2095962870951304,0.2521817354520299,0.24898048019534286,0.2702693182146741,0.21300617314071235,0.23269581947693602,0.38956026177696557,0.34676895265114677,0.23434013431526887,0.3301867356107969,0.3751956367142531,0.2529461076205507,0.3152403099671389,0.2506210183046439,0.33788350457071503,0.3659957968132147,0.3108956217456457,0.26538913779470796,0.22311999082297185,0.4026007538353695,0.30554429985159715,0.2302045571009757,0.26884024542463775,0.24112817028822506,0.2811782118962623,0.25871555222450265,0.21881790306116033,0.2705277480280326,0.22278597301137798,0.3181047784147261,0.2956909352659841,0.23308809223739269,0.2733426617956098,0.2522381761364032,0.2155854820635085,0.2272332799052434,0.3168060576508665,0.3180113602172089,0.3153355814779189,0.25906778467730635,0.328377978434208,0.23674259421307373,0.23771155655103315,0.23119991676912052,0.26986475337605165,0.34653238089369826,0.271024450867608,0.23889383076930767,0.31877667382172264,0.31757575905104424,0.24771154405429163,0.26893320975904594,0.23925582356581346,0.2419521702124047,0.3162902887607458,0.34258476983982866,0.33590408682536765,0.24942588243188799,0.32068101909008834,0.236378245066614,0.23913791940874324,0.2285761020108563,0.3188356991844426,0.2986587256584975,0.3018087438353681,0.24101925959620324,0.27003695501306996,0.33834043460926866,0.3031280623145007,0.28240948918289693,0.30543375624445523,0.40318263590256354,0.2319000005232442,0.2766491028415551,0.17177396835088998,0.31525719368834676,0.2381751517829694,0.2556619209494705,0.2816406101579739,0.2809794714444148,0.31562721371126856,0.2339348806639897,0.32643943779332096,0.31285105347075015,0.3029441183148008,0.20333613494004119,0.287486032244891,0.26672875457113077,0.30873504280297837
0.25208596447702364,0.337767145950983,0.35155101160380575,0.2463824516654657,0.2408367442071802,0.2558089745677828,0.2569084980719596,0.26761160685665875,0.24279670344117513,0.0,0.2312055681368928,0.24192263699794708,0.2588693859535714,0.24866266860566433,0.2600690597383379,0.2801496180066396,0.2913707832576118,0.2674724769641328,0.26513850078518625,0.23901332586051688,0.2759473341251954,0.26735161353834447,0.23903502086158632,0.2405729440557062,0.35066984344458574,0.20571888999054955,0.21408295247714892,0.2467402673406888,0.33652859856750034,0.2425426005199578,0.28194377764194145,0.29590409921795613,0.2372230143325071,0.19773529024034037,0.2464278686171053,0.2077007998578046,0.24886204317347727,0.2460022691631967,0.2071276175296574,0.3056005250055148,0.23416323116203838,0.2673586483492981,0.24635144159608227,0.249155180874943,0.2490344478914076,0.22297177062306908,0.2231652017277117,0.23589845133426712,0.30805951481384325,0.215888608690018,0.2658097382333464,0.2313618645209589,0.1849013568078317,0.26898602312031256,0.2595602763620163,0.2578554805215926,0.24844374128095872,0.23546818409877068,0.3254791315722716,0.21181305867739758,0.23653113800506978,0.17772426381624942,0.2138651462032357,0.1967878939271343,0.21492442584830346,0.2123754862196066,0.2191132034696146,0.2508853230015135,0.26263277083829395,0.28823343026986664,0.24311014012466695,0.26411305568947785,0.2069518373590032,0.302520505080628,0.25228970877729806,0.21542618195650579,0.2238237457767021,0.27637986271407916,0.2044453652610008,0.22657667402476064,0.26845154749990213,0.2311080582178454,0.35920064047246075,0.22036603402332566,0.24164312733440232,0.26933308877694945,0.21759314057341278,0.258923606951068,0.2483778850941894,0.19866493516182343,0.23109574718709508,0.2310069271971661,0.26960687723027266,0.19642560570737722,0.26266170409067807,0.27970515730105744,0.17974532589852651,0.25244973014069266,0.18401058214879412,0.2585778254077309,0.2174495824729904,0.22852968821844524,0.2164709162301233,0.3227244035051297,0.21965933891305311,0.23613490469399825,0.2326482494595291,0.31194325857944527,0.25427253284390905,0.2648839357435281,0.23440616821650653,0.20610063022038586,0.23402388384591924,0.24196786675454293,0.20546814791420623,0.27791707584322406,0.2570992308883427,0.3065736869590578,0.2703084463299074,0.20883835420366978,0.22819894534203763,0.2032547175754957,0.19361534131301214,0.31074621862267104,0.2105858898649948,0.337357876340244,0.20191815056269752,0.20671447737786577,0.28425526236547816,0.258739926573629,0.31001267244192854,0.27106617677706296,0.19800731748254988,0.19324984124425496,0.21876921185339324,0.21424110967901447,0.24324066794768007,0.2646532219774525,0.29571604252140116,0.2701230027746834,0.2463827616297489,0.2562700080659038,0.2685030881998915,0.21064418578988167,0.2518035757919602,0.2339607304268493,0.2281898073502157,0.28931558724429124,0.42264927296835875,0.16875537957584144,0.219211642747136,0.28442644389354965,0.21329077866880558,0.29875750075632124,0.29304303336239673,0.2487701228818142,0.215180686966886,0.3259594237687805,0.25209031843045265,0.26166561122368975,0.27199117808888823,0.28347553155791944,0.24858403005213087,0.2323792724244008
0.28597159127820115,0.24353706868769598,0.26993309548521915,0.29372481663788885,0.2652188026231501,0.26338055351451733,0.25429006817594946,0.24501124032654065,0.24727774006852823,0.2312055681368928,0.0,0.32408181169587313,0.2933164144621651,0.20723507670002822,0.23574439484028606,0.32577833496133296,0.2628796010478674,0.22758280669444295,0.261476605732179,0.2589997466234712,0.2777752047384203,0.30556473694894376,0.2377377728296272,0.28080351955738997,0.33505718321747996,0.2579220265763431,0.2679960130422517,0.2610734093571081,0.22298432196785575,0.24364338748131373,0.260013772748017,0.2783362062012466,0.2281988743870758,0.23955816555854328,0.250725988332318,0.24219902721286815,0.3337446917021449,0.24791951559116412,0.3051351354285414,0.272519317580974,0.20903201984287895,0.30356142561160854,0.2260696334355532,0.3042549197853237,0.26069321212574265,0.20553713700974677,0.1638989012889136,0.36045447857253154,0.2874796358577324,0.21301982207688117,0.2693427785907493,0.2034840289686174,0.1591230286025442,0.28736760106580145,0.30857900822087253,0.21352702192611892,0.2496247879674938,0.3348677891696276,0.24502485764432816,0.20418881424384583,0.26305344677192705,0.1546994579169917,0.22553952502816044,0.20545955558603826,0.18096208938923591,0.21517182222646958,0.32304229616864155,0.23604098087664463,0.2424941986049883,0.2732868903228904,0.2539557887335878,0.19260587935231238,0.29636477474250994,0.30580124955481053,0.2583509766838774,0.18921869802519423,0.31953680163060055,0.2580652308809147,0.193536275278195,0.19244758570768125,0.21778862250289077,0.2321588403159835,0.24737094300910772,0.22263525558368757,0.23949127437767903,0.2411998983509172,0.2966768681543757,0.22180437785862,0.20252579069998955,0.25485772604309337,0.2800190481818547,0.20644888982479623,0.2526519862687306,0.2099087303237488,0.2404854242023735,0.26905220181160233,0.17930895762524146,0.21834023551545018,0.17630203419623477,0.21484462747956345,0.23467311901952148,0.25853144060902195,0.2370193531438744,0.20307017344081388,0.22178305151696356,0.20288357302571597,0.21801952737637484,0.2769901206938115,0.19877733909056566,0.3091249080646184,0.36461919334211973,0.24111655642061017,0.25986262423183315,0.2664257307114066,0.18938521998044217,0.23069254711477852,0.204309138058199,0.2601328275548519,0.2868446817653747,0.1998429496037047,0.23472862632206037,0.1894909218740651,0.22461415149867245,0.268587967460422,0.21274878156296936,0.2648180798755687,0.1771358548599274,0.24052408841509074,0.22920365825614047,0.20824181404114864,0.21083865805931382,0.27097160280031884,0.25038400791423543,0.24965281781156545,0.3529358398179897,0.19216246916385063,0.21705296711109381,0.22106204631933005,0.30495068255034236,0.2655633915692381,0.23295150665240708,0.24728638626055507,0.21976912280906488,0.2563346454651315,0.32662915923385494,0.23600328165901818,0.25051416080139716,0.19672345838763414,0.2451577199117457,0.17945792473729524,0.3394305525106581,0.2011174993480382,0.3035153747444549,0.22725945181187326,0.2803043851489083,0.30236632816203496,0.2721372580162892,0.28708614125077336,0.25534289300076807,0.2292998051914176,0.174166919187005,0.23683653697464502,0.2018402359280096,0.36611399109691417
0.22341846021022055,0.2730196230101086,0.27035722143648355,0.32009599454478194,0.24744685452445067,0.24325651349461047,0.2908637822634985,0.2695508550715207,0.23982060055441648,0.24192263699794708,0.32408181169587313,0.0,0.22594356967661608,0.1830283321142368,0.2499524431890074,0.28479185412942554,0.26950244152779734,0.2056056782055293,0.30528453773188946,0.23741898301134748,0.2994935723097667,0.2613215930784356,0.2529782904752903,0.2635683531883684,0.292546127190955,0.2569973731863065,0.286577254616264,0.2387448982889783,0.2211747876125992,0.2567406386687432,0.2783816362276783,0.2719370210425743,0.27637855000413647,0.2808691532549313,0.22387779986366166,0.27539606682180773,0.2537080740385714,0.25336833516630525,0.39276763922802527,0.28247454223114526,0.26296449355857116,0.2512180053338632,0.225895586645067,0.27880298499554423,0.2779189261436394,0.24142496044000356,0.19915223808236587,0.2670055288071718,0.2754085029669792,0.24735189799834104,0.2964390157924671,0.23578238191910075,0.17538474071715568,0.3291393846942091,0.3661028194980581,0.20681569616523046,0.27434414888158626,0.34994444421750387,0.22913195850153154,0.2402253982812423,0.22075906460069142,0.16651638307017497,0.21707971829634015,0.22016965320145815,0.1912932107227352,0.20305669046258604,0.2579428741529473,0.18991369775960354,0.2139456745827445,0.2138537425218523,0.21670910309797636,0.19977081409275096,0.23407611393778582,0.28856571507165235,0.24260735791352117,0.17772166047978696,0.295196726124527,0.3179678931326098,0.2147133261925371,0.17114636509916176,0.1834110072079871,0.25392532558590264,0.24233050077290055,0.18485505104601216,0.2812485886534102,0.26655875515284344,0.22186071735883095,0.23517312330231085,0.23894258835599405,0.25147213381074535,0.2713466460130535,0.2546021015021355,0.27031742662108854,0.20848121506500794,0.2360957943357643,0.2950331436427233,0.18856834933751418,0.26097649777293863,0.187164763810282,0.24199965754031516,0.2087289693561993,0.24976616260711898,0.2674244614284177,0.26133756841910183,0.22798979709091893,0.24322913263427495,0.2634809092266334,0.24357826517500153,0.2336633962353675,0.273182857236147,0.3807579117635161,0.28546495935870175,0.2174233443877509,0.27849424287335073,0.2073492409439885,0.24610955367796286,0.2132739439776621,0.28010369861177875,0.26824580789182373,0.1968963826965623,0.24522925138772853,0.20648727244590415,0.20186107686105928,0.2609600981381488,0.1797212662362778,0.30229462465737833,0.20066909714919665,0.2826477921563255,0.2755825717777837,0.2249189542797572,0.21215418339655762,0.24887295423025593,0.19594487321746412,0.2462993922436109,0.26258961959309557,0.1667112475980678,0.2154316891400648,0.2546736061158358,0.2895748644032724,0.26975222361465584,0.19318511870619262,0.2252769355001697,0.2719546279071964,0.28657894750238383,0.29410477996707013,0.29892882295918066,0.31533581781422526,0.21069318043387808,0.2721891500008204,0.18948248262052206,0.2720426509319827,0.2139490080536953,0.2910523722301,0.2656916982371459,0.326598964364569,0.22226462905527256,0.2184525730291532,0.2819751632916284,0.2198205489639484,0.22530686271690678,0.16537107731544554,0.2026594045991334,0.20909832672741335,0.25444878058226644
