0,1,2,3,4,5,6,7,8,9,10,11,12,13,14,15,16,17,18,19,20,21,22,23,24,25,26,27,28,29,30,31,32,33,34,35,36,37,38,39,40,41,42,43,44,45,46,47,48,49,50,51,52,53,54,55,56,57,58,59,60,61,62,63,64,65,66,67,68,69,70,71,72,73,74,75,76,77,78,79,80,81,82,83,84,85,86,87,88,89,90,91,92,93,94,95,96,97,98,99,100,101,102,103,104,105,106,107,108,109,110,111,112,113,114,115,116,117,118,119,120,121,122,123,124,125,126,127,128,129,130,131,132,133,134,135,136,137,138,139,140,141,142,143,144,145,146,147,148,149,150,151,152,153,154,155,156,157,158,159,160,161,162,163
0.0,0.8527799317904727,0.824904434287578,0.8343111280964607,0.770190030096859,0.8753820308608703,0.8715924940877927,0.8390088219475316,0.8385158056109047,0.7929849385597674,0.856971312056385,0.8334307830101416,0.9558377390257544,0.8005168814454584,0.8691200445235125,0.860101367150655,0.8759732158170169,0.9511696252771028,0.799847522336872,0.9268709069250956,0.8444260684455834,0.8724741056897748,0.8655805459252714,0.8835511578835282,0.9017889086826235,0.8186499636099478,0.8070932197050171,0.8744800556367078,0.7059703869478484,0.8212433829848665,0.8603391059217308,0.8893207377621523,0.8254737797100209,0.8848101530774066,0.9159536146676774,0.758249749562766,0.9323518825306604,0.8473069580494503,0.7479689510021394,0.8838215552850176,0.7478741170200887,0.9246036414415706,0.8305034438457439,0.8237173552601954,0.9016306227877939,0.9102762363613122,0.8314549192861705,0.8058585657854767,0.9125019421718801,0.8274412258475256,0.8361692292894024,0.8538026065531532,0.7445283772643307,0.7886152243855457,0.7448923563654831,0.8762078303432835,0.887884050192905,0.832223401311449,0.7751825565331442,0.8708133511652494,0.8136927184825279,0.74411250844514,0.7994082658097362,0.7146289076339403,0.8132002758540527,0.8446261973134084,0.8837736936185474,0.8797948962400126,0.8005200888207319,0.882074921264691,0.9089367543075095,0.7913948667306143,0.7903814150435219,0.8959271949794124,0.8520689839592569,0.8948798237203902,0.8373633298584983,0.7924955785201417,0.794993421740369,0.7061976542107385,0.7906975363451663,0.8812495389961057,0.8355164561584346,0.8030624231013802,0.825977816164067,0.8987312026746708,0.8707814081245934,0.7704087999365673,0.8993183914050922,0.8384439144186177,0.8547106089018722,0.8458223011888126,0.7741269576269303,0.8526793193650484,0.8149448904442063,0.8268567315480141,0.677487699993822,0.8721202819374394,0.7286415930790362,0.893949472198525,0.763065683140821,0.7861554165934279,0.7315503036520701,0.7455868009307622,0.8143857050109754,0.8927232767711573,0.7882882231219427,0.8938320093441393,0.8557532456323701,0.9033246335337238,0.8707395148954181,0.8122424100249678,0.8810048413663144,0.8052123925793347,0.8451880841339994,0.9147375218473435,0.9035639588821588,0.8137014430569434,0.7957342349374997,0.8535325747215365,0.806159065875666,0.7296691657266392,0.8952284699455225,0.8722439686505011,0.7786124702857258,0.7814636589337758,0.7660856759427572,0.8591053307016139,0.7797690543431746,0.8348392706889911,0.8232825052614997,0.814278529955428,0.7816962543873246,0.8349192485734163,0.8219193152096642,0.7786440757231098,0.857982343145725,0.8701808927702036,0.8279633829146377,0.8211975182955248,0.7395667841833474,0.8400198916108379,0.8811810215153019,0.7089430711456056,0.851606199357196,0.8718496917537071,0.8462260313526526,0.7765779211449784,0.8269760253116378,0.6708820421555217,0.8922262667789208,0.7275585507783378,0.8287070488126006,0.836502802709178,0.8604064276614919,0.9209890677753749,0.9160688390935084,0.8706274182876429,0.7773458981824637,0.8029607334595982,0.7918468106018108,0.9010896799562642,0.8799707334415147,0.9127526340998926
0.8527799317904727,0.0,0.8925999224271474,0.8242382457077297,0.736612258049149,0.908672593585258,0.8442620860738461,0.8899824868009033,0.8325667080294077,0.9207201068344625,0.8408327901215117,0.9308606695456544,0.8835655628748753,0.7357710198518824,0.9147915797099795,0.8326763788451197,0.825156416944382,0.832819371503518,0.8535544590224223,0.8714088875195054,0.8325418192623748,0.9417557046503225,0.8191624533617139,0.8958496899752822,0.9214430949578502,0.7001619871765319,0.8085687699382614,0.8157807895228026,0.8283885690965865,0.8102978056981921,0.9125232695288936,0.8409180703970278,0.8982147351577195,0.806592340941699,0.830148783729653,0.7814954910205604,0.8478204098020529,0.801501565467689,0.8404782503108578,0.8367233401102327,0.8204229980690395,0.8967733542491133,0.7429686644898706,0.7838991622565347,0.883193903267833,0.8393653193045089,0.7851296115516639,0.7750602007589883,0.8382870528500821,0.7591601113820926,0.7571747150365711,0.7679535949304244,0.7570036507911383,0.8438604058573206,0.7707441588191642,0.8730820033005242,0.7946884955522668,0.8395385979071329,0.7341163028304326,0.8354752873586684,0.8345543751005607,0.6517383213526075,0.7119304834593194,0.6885342725942155,0.7226149001779852,0.7226919552422396,0.8045609725051497,0.7995409543983544,0.7259729031026693,0.8531581005102161,0.8056762531350394,0.6944727118580502,0.6561906805880353,0.8339626407850729,0.8736819771239731,0.7764877167625545,0.7694592528415184,0.78166368334966,0.7183417473598028,0.6406941018195581,0.7833725345041751,0.8236008659881209,0.8736806846577184,0.7711227485450658,0.6849091478122421,0.9165367010964753,0.7766371275071965,0.6598745747168466,0.8458689355442452,0.8724302050329495,0.7416200971202175,0.8481384583899944,0.7821959747563875,0.757303265885378,0.7178752681212225,0.9163476688654171,0.7148414872701152,0.8737590329678683,0.6177823533162008,0.8119577759022817,0.7518084970468555,0.7528784014812739,0.6187564376964565,0.8702677413238168,0.7040990532554624,0.8140375241804427,0.7652956469963995,0.8990567477114959,0.8370889457273448,0.9277859554107708,0.8318298810371055,0.6724951153789066,0.7516216232242053,0.7943190057373076,0.7209256063630035,0.8634389240005242,0.8441729019894242,0.8327967995946614,0.7695838817793247,0.7484958717449601,0.7278317576258029,0.670505139747621,0.7616459594282905,0.8459659293235638,0.6845543727806584,0.8784517508738023,0.6761239441174465,0.8796076215262292,0.8346639295305428,0.7928137709138063,0.8678203165254774,0.7946189714495104,0.6837025537148174,0.7963303999777837,0.8696559370734759,0.7372634915880646,0.860930336836552,0.8102162849878418,0.8484895263039157,0.859954209542946,0.7810198127984027,0.8105833325151052,0.8614510913741925,0.7248355778556306,0.8318603289722662,0.7388622921551201,0.8857574270785278,0.8595833167560794,0.9038439419245285,0.7166431152637407,0.7792918800173384,0.8274181388351823,0.8444881711635676,0.8872401901692795,0.9192057475410469,0.8937219323059775,0.884650005147804,0.8710253868440193,0.7349662018070167,0.6613507090413512,0.8140470942249919,0.7847764884920393,0.9430308620380023,0.8113319993927228
0.824904434287578,0.8925999224271474,0.0,0.8227622863859531,0.8773640929723507,0.9378370475927581,0.8546004425324325,0.8196919679906749,0.7132060652891024,0.873410617097543,0.9230925156661265,0.9191279759365568,0.8996031339914724,0.7199319951425642,0.898234450885603,0.9503185374201633,0.9168704305455053,0.8238056695579825,0.8230837275425363,0.8060247326830973,0.9369645538054531,0.9669122443132393,0.7769487568877904,0.9007789749843439,0.8672517345515275,0.8223935712530819,0.7316589969670623,0.7578847025076639,0.8737702967599432,0.8236364037666128,0.8125569675157892,0.9001630496971282,0.895007454559458,0.7689111793797482,0.7699358453068593,0.8553097902498333,0.8724878133279449,0.8658642198808897,0.8826298164078976,0.8599803375081075,0.8908850736051479,0.8736966462189227,0.8783307705184591,0.9035012162320146,0.8363167033200011,0.852823869718642,0.8691052947174074,0.8989187466713341,0.8445360749314346,0.8552892803246188,0.8632877610750367,0.8666905341190162,0.7549572726261418,0.9020343446844025,0.8602567874468139,0.7883891121771957,0.8370365613498367,0.9412549585326275,0.731987263237825,0.8371330440630865,0.809785819854545,0.7703038633854195,0.8559806170909112,0.7209399453311501,0.754175010144181,0.7623113514918141,0.7589984261737482,0.8718412550378919,0.793162038181474,0.828421850101684,0.8785205465683812,0.6933336749157013,0.6700983555434,0.904125673982689,0.8793178010791644,0.7140084025698852,0.8704873999715221,0.8980376080768906,0.750041552849997,0.7209001445774936,0.8959607794210972,0.7928080028286313,0.871354278081376,0.7977447324621687,0.7516196044807488,0.8503386508915367,0.7683876463262452,0.6863432536422214,0.7657204707603482,0.7493098719225851,0.8642107542554772,0.7648492045854816,0.9014350080908354,0.7439250540093426,0.7496916595563217,0.8932134683126676,0.7113587247215527,0.807410058139154,0.6521742668501109,0.7642060254422554,0.7225790735640766,0.832186184452248,0.6657577026583826,0.8293204428128633,0.7381264847972187,0.8895803690258116,0.8627319556461992,0.8390718230752249,0.8939248760430757,0.9169810201508225,0.8921216874059893,0.7588853864810143,0.7650974051004275,0.7554438109616829,0.7785487634516249,0.8517673221966793,0.7845948802403288,0.8888639391156247,0.8859384525584411,0.7090235296701668,0.8499173567957974,0.729814554803686,0.7649348724340437,0.8945625725557842,0.6388650161969418,0.9210515093624148,0.7264296553524707,0.9204577794612804,0.8871359823253426,0.8521846774448942,0.761215734540495,0.929227793906181,0.649495168395871,0.7416092331692381,0.8533755114155231,0.8293140231597016,0.8411726646154015,0.8425684971729697,0.8156683427426404,0.8666174100148621,0.7444814797078404,0.9083025755208922,0.795056362979049,0.7759454547177369,0.9206086923204032,0.7524419396882445,0.8957676645693655,0.9183423515146959,0.8774136463483508,0.7842500021810607,0.7323751066762502,0.8055795970937165,0.8503361779281606,0.900601502639348,0.9291198329099457,0.8263232634634621,0.8248549335476484,0.9086033914458013,0.6764729386102682,0.7429666691581504,0.8603172786901004,0.715531751004933,0.8800465653325101,0.8418898684284086
0.8343111280964607,0.8242382457077297,0.8227622863859531,0.0,0.7252476426885989,0.7972475677092264,0.8350347683017226,0.8073655239224962,0.6914168892822783,0.7572359046341381,0.8590445652355262,0.7854700204227238,0.8756797357330028,0.8258894625033973,0.8731292825116446,0.8067517509492935,0.863900138622666,0.8745402589374229,0.8188000585356343,0.8358540725179651,0.850480092205437,0.868975772177499,0.7927696098674278,0.8447629878481927,0.7848915978559338,0.7886014955969012,0.7847729524170098,0.8596808342889276,0.7372794231457442,0.6837951678667482,0.7730543458902093,0.8427690898470569,0.9274955141526857,0.820078102403442,0.8416104561971315,0.872787599271156,0.8030867725661955,0.8273123006813087,0.821187923774348,0.9107651706814894,0.844594807274503,0.7733853074800332,0.8006281442689075,0.8009065329431299,0.8720089066287925,0.8761106470774057,0.7160266066833583,0.7773633047009034,0.8539043126545875,0.8924238250473198,0.8881184814425334,0.8217278073315966,0.8839771247800676,0.9232783787863188,0.8474930205047271,0.6967898436512476,0.8920774251608193,0.7866959273551716,0.8409667689435427,0.9477500415911015,0.9036903570476218,0.7703173017201494,0.8235791403469667,0.7507372457447609,0.8691324485392683,0.8806203406311066,0.8879768567983294,0.7622042468691029,0.7925646608362309,0.8052421233996429,0.8389373984391151,0.7966048068773229,0.7890188881267204,0.939364815568604,0.8718764508398742,0.751400615940759,0.894002489974147,0.7418212598520109,0.7713831914447681,0.6283816078185683,0.7374421163183303,0.8701997541298767,0.7177336527248922,0.7823357668155504,0.8350236641103036,0.8015252092572609,0.7763918204520307,0.7794081349908459,0.803091646957687,0.7114548841647009,0.8142078811562138,0.7823938011205432,0.8350959371633442,0.8676699993410881,0.8906009741140222,0.7333807393878401,0.8051169552596324,0.7547011952288974,0.6994170119601589,0.8904177999364542,0.7851743125769243,0.8470333626448474,0.7476009317161533,0.7017701777383945,0.8631295020566622,0.8057802703511112,0.8902599392628643,0.7588722752588588,0.8683235218006191,0.8086552337732789,0.8847510089678084,0.8278798317377682,0.835243895570305,0.7807080418730261,0.8664413378915912,0.8140327704525978,0.7898692470450939,0.7921656514212306,0.8303155523686669,0.744772568345098,0.7846599937615814,0.7611323122498679,0.7696880447544919,0.8053711338178535,0.6823355891673845,0.7841633569138082,0.8183192690493682,0.8178642084985387,0.8240535707791465,0.8593605747466143,0.6685405899975808,0.8020711467818805,0.7426155190722111,0.8180233956126693,0.8614815538699219,0.7714639906743754,0.7026808269378146,0.86855450399858,0.8462787102576771,0.7965191072812048,0.8000323294031438,0.8017282605021362,0.8938124666774052,0.8263690472602568,0.8064937946916421,0.7490607023991229,0.7618490421605051,0.7682617113964105,0.7456508147257573,0.6717422664855146,0.849254345980056,0.7513477959363586,0.9133682900743999,0.787460524478618,0.7950836783938687,0.8262141722208247,0.855494737544096,0.7679819936873585,0.831538521435387,0.7944205142593315,0.7953721075316432,0.7224743679629198,0.7716052542363153,0.8163882319373152
0.770190030096859,0.736612258049149,0.8773640929723507,0.7252476426885989,0.0,0.8264457425000283,0.8427148578677622,0.6710052263801435,0.6433949438539424,0.7038765647133568,0.8438016867883917,0.8068545823713914,0.803035996646061,0.6396261829831625,0.8257295081790882,0.9063432114964698,0.8714423040319096,0.7635803556085123,0.7097251178036612,0.6818700360360492,0.8861814016535188,0.8446368203725864,0.7348431771046694,0.8563395047735057,0.7237552136159675,0.8703775482826127,0.6533285220914248,0.6602969380230415,0.7478149443455582,0.8493446992906359,0.6875863406285775,0.80426638811052,0.7925681959535372,0.6879454577145024,0.665339217165332,0.7294957324077364,0.8110236188606019,0.7739029682191775,0.7936870833762929,0.8287136970901984,0.8308964002645091,0.810577035967026,0.8610008851753554,0.8893336984488247,0.70058579051156,0.8095025412240402,0.9097491000059788,0.8486910110956571,0.788516636239471,0.8123549974519949,0.8672605520669816,0.8836351197880138,0.7051411077129947,0.7818984428378137,0.7556446876473951,0.7244193334321529,0.8114067649622643,0.8960571352633951,0.6394828109037094,0.7682101051611185,0.6552292252642539,0.7939036530024792,0.8505434417201589,0.6232008735953157,0.7201805542258186,0.7007992179433026,0.6642634966894722,0.8707022107690395,0.7033782206865328,0.7037682976354114,0.8672744428521082,0.6370406957266885,0.6088504630622854,0.8360439141507002,0.7347231264405701,0.6648067103353886,0.8481190853391655,0.9640030925501005,0.7049946139435477,0.8161670971921761,0.8587908374010511,0.7274375375686611,0.8577149879969258,0.6756035396926531,0.729915382281008,0.7418569448479988,0.6548476487576943,0.6465393888693776,0.6699323369098504,0.6784270027029466,0.9294561120450261,0.6742378773023824,0.8767593903253053,0.7072083862345279,0.7116350925190641,0.7684587868828396,0.5907158131574795,0.6762813038072377,0.643544054394061,0.6788046289995845,0.6331035456280336,0.727664074604625,0.6293151973833286,0.6673394064949562,0.6598919748048576,0.8808416339686187,0.7759902757104251,0.7208429220478544,0.86776196162171,0.8174598770033609,0.8312411543158664,0.757764288002675,0.684071768660939,0.6412827268165759,0.7625049144644597,0.8391176365958101,0.6885107186998799,0.7844458580110751,0.7905084813331658,0.6463242710777045,0.9518464187765476,0.6777073337456572,0.7054984294855741,0.9099204295576988,0.5867184611563162,0.7997598395481846,0.7019611448710826,0.8629736954752497,0.7252679564055946,0.7856025998588438,0.6712598533482312,0.8933826807095415,0.5945790724561587,0.6817401355277082,0.6895901780488564,0.8242233813055786,0.7976154141112914,0.8184362093900337,0.6772101788326719,0.7992719230289217,0.6060499857794163,0.8214115111863403,0.7178059109978193,0.6577006328136231,0.8428847438852786,0.7143578971260293,0.8578746343627793,0.8819014588746183,0.7097659488634905,0.6905284882023921,0.6496712951151219,0.6953808845702479,0.7582879749286598,0.8301016632650798,0.8074359132748096,0.7124879266211741,0.7547652873490621,0.8871428109713174,0.6117127386255129,0.78981532510698,0.7493188127852157,0.6557627018703912,0.7481083131041083,0.8635808197769707
0.8753820308608703,0.908672593585258,0.9378370475927581,0.7972475677092264,0.8264457425000283,0.0,0.8274376875855765,0.845125983261631,0.7795747406694593,0.8387096638841305,0.9116022567830898,0.9290200452566713,0.9131796851854902,0.6917820323093958,0.8809302289558656,0.9228244141554414,0.8806955012715662,0.8049618042502035,0.8520833499581619,0.8429982977455349,0.9161084735966283,0.9480992207835082,0.7486360014688918,0.9092633155940765,0.8873948762566403,0.7825223375401361,0.7038686786986053,0.7713503010797446,0.8107999607102502,0.8466069390641401,0.8584174307606737,0.8912919980111207,0.8595364503672543,0.7828992443601092,0.7808175475773823,0.7702545291317692,0.9055412603660743,0.8307672768732967,0.8780319564689949,0.8161497267507443,0.8196689599667434,0.9109058876690268,0.8275649125471639,0.8897399618499896,0.8294893297176563,0.840469145290572,0.8314191503117007,0.8870205064222958,0.8204954799098738,0.7960764707533561,0.8305007189685637,0.8604832202842974,0.7412554745692126,0.8685461681489799,0.7988024927341245,0.8527278467549056,0.8507667912883978,0.924995982105371,0.686881663783268,0.8058238844140222,0.8477431761229779,0.7301275243772093,0.8331157886490019,0.6524813492642351,0.7534328915307852,0.7795590655911843,0.7800578779579675,0.8774645595830034,0.7175573071224493,0.8576675010728921,0.8978957395721011,0.6613427908793748,0.6767600119941983,0.8733710404597299,0.889114871917973,0.7694326197436914,0.8452892558948686,0.8528647902718758,0.7457724984170364,0.769165794873301,0.9196522079959267,0.8269952827183161,0.904823304084382,0.8056811716932052,0.7430888515135482,0.8775384158798376,0.8397636712132244,0.6546940186562215,0.789674350944806,0.823068467334716,0.814065948401816,0.7790076125844299,0.8263943315670323,0.7983187655614542,0.7320492109200183,0.9067979377917028,0.7339142530828782,0.8198485847707975,0.628870077133519,0.7659153882625079,0.7358190678054212,0.8116864774431529,0.625614233053926,0.7872494606909385,0.7212078099692175,0.8698533899611011,0.8181969191871881,0.8482160903590443,0.8281292248730976,0.9561652346934602,0.8922126466070797,0.7173278647967498,0.8056849294687612,0.7626134704375104,0.7580967119765603,0.8742054181577812,0.8231286563632204,0.8391246156761398,0.8335049590573088,0.7161441996719977,0.8153015997577514,0.7140139689507448,0.8087346362791415,0.9202552025074036,0.7049398284491918,0.8955836971992798,0.6985122492247708,0.9105740957343288,0.8252929310273983,0.7795003004440817,0.804669160302096,0.9290087373513322,0.7132234083703061,0.8210834258757865,0.8766773078731086,0.8230083003422575,0.8782420539404785,0.7871576856754909,0.7603696196282992,0.8650194407803462,0.7349453932447576,0.8807926366452086,0.8074980765342914,0.7247173571154204,0.9059329099707825,0.734142163359709,0.925408834941551,0.8931319942391643,0.8547115428286488,0.7422190258990218,0.7968742454170168,0.7994685270424571,0.82752141768662,0.8439307346595057,0.9277584433316662,0.8906072510083457,0.8898999269200751,0.9322705911624913,0.6801585937300492,0.7409630559195933,0.7891376291598593,0.7975073293314329,0.8968024777548769,0.8893295115583443
0.8715924940877927,0.8442620860738461,0.8546004425324325,0.8350347683017226,0.8427148578677622,0.8274376875855765,0.0,0.7615993522465222,0.7353802289388108,0.832521125520493,0.8235199409803828,0.8372959650767624,0.9012923822731187,0.7847020432166063,0.9200913615274964,0.8506372625527586,0.8490724418583373,0.8819405730012873,0.7442714822535703,0.7779151601388696,0.839359226473557,0.8753244488192612,0.8847213243033241,0.8856088854993373,0.8468998914221103,0.8302836332029653,0.7991033262319472,0.7638933798650099,0.7589281080641721,0.8149153464131719,0.8137283680032745,0.8983966021286708,0.8679051015375322,0.826940770933562,0.8043169383204583,0.7894887965701728,0.8889967256421365,0.7539143607847346,0.7724299957057752,0.9293824394396192,0.7771422707876132,0.8751473617862248,0.836225802340864,0.8366999929998493,0.8535389423511927,0.9044554610631927,0.9003412154278349,0.7990980225720993,0.9394715488314807,0.8329900919273249,0.8851756675462387,0.8168135934598059,0.7481227521946889,0.8154558712888131,0.7978589877278697,0.8282881528234728,0.8199170503202196,0.8167813495449249,0.8071446609576256,0.8826386238208375,0.739310497978112,0.7923135606023548,0.7543612523518334,0.7075265452050772,0.7908489821504452,0.768475768734496,0.8471773729518384,0.9063122210211028,0.7804439244106944,0.7730907899624174,0.8819321290650438,0.7623049823840047,0.7006416622683266,0.911326740044207,0.7513824917362559,0.8344540689388908,0.8929520367764989,0.8916875404775337,0.700656699944636,0.6949817365572697,0.7606698406095079,0.8277928631998043,0.8522984515491707,0.6797984129614565,0.7531626371641721,0.7942310382098884,0.7293025909083496,0.7983877226434654,0.840510240199467,0.7797645568144613,0.8791044255340432,0.8665599753423355,0.8481163179539817,0.7703010177391298,0.797230915233174,0.8365929869094683,0.6254777946373351,0.8003929348492143,0.7142216984025599,0.8734824105947604,0.7410060384394012,0.7878967945239919,0.7416042502423125,0.7474060998234909,0.7327311243896742,0.8781972113798864,0.7981009671995265,0.8001539461927026,0.945992241300886,0.8791259039970163,0.888298476052586,0.7740590663275908,0.7931859154414905,0.7109122880050934,0.7750134133948584,0.856234423894012,0.7939047674781838,0.8568335165213055,0.7922654712427691,0.7567575549044026,0.8255432525844797,0.691111904810993,0.7523466166107281,0.9034102553590435,0.6445568422749197,0.8176428821005312,0.7873615414788258,0.9002448244549454,0.7697956817008413,0.8726724256698928,0.748642877585566,0.7819884199156599,0.6527472958821279,0.6989108694270787,0.749025426417444,0.7739552865388744,0.805527227023316,0.9076164643186491,0.7931599724897599,0.822087251100483,0.7092058100692976,0.8440828289988735,0.885949966001876,0.7120058943330634,0.8428379044791364,0.8595465590303634,0.8326581739317499,0.8588654984122696,0.7915344550391301,0.6226002820188601,0.7439641755117393,0.7294311050932504,0.7918094208886157,0.9353809862490159,0.8349068927204298,0.8318046890013682,0.8405388700337293,0.8803683550668014,0.7492428670901243,0.8271345465300847,0.8440832288385907,0.7364958710686011,0.8547418755386498,0.8247128182362744
0.8390088219475316,0.8899824868009033,0.8196919679906749,0.8073655239224962,0.6710052263801435,0.845125983261631,0.7615993522465222,0.0,0.8715078859046709,0.8487956668632436,0.7852456102341436,0.8866544879765893,0.8586719721382553,0.6957985716409905,0.8697950359595741,0.7958089603515354,0.7671183411275428,0.8275991778072624,0.8270846153018407,0.8667720699111386,0.7698114728735359,0.8546964647990833,0.8013580892871008,0.8056952631350579,0.8961345663951283,0.6911959656660231,0.8432956290856624,0.8183706747609854,0.7155602048282608,0.7956942326173945,0.948371466830919,0.8075121267902051,0.852890947016376,0.817414095125063,0.8002629024777853,0.7608141736363259,0.8341508659474508,0.820645031593157,0.8008245554161944,0.7641190792006485,0.7515961962731637,0.8316976338940281,0.758083590422268,0.7113855683856175,0.9229045767204028,0.8469954728854612,0.7303643420264443,0.7181971931246133,0.7874672918406234,0.740591527638524,0.726343196665007,0.72310090183193,0.6795621528255715,0.7739476126614917,0.7318313498945096,0.8257144289243306,0.7703730525510626,0.8340399771310966,0.6883240213834863,0.8172127276484396,0.8488359462981055,0.6551569424020066,0.7110418555681244,0.6618218489251171,0.6880534133434697,0.7303050933573975,0.794661693434508,0.7645707944954905,0.7457979695127582,0.9526829165370115,0.784813783012343,0.6752568975349933,0.6516169818864418,0.8009868100224058,0.8707149448618834,0.7540464814413081,0.7495560346003584,0.7071457705589975,0.7952283648108323,0.5789500815731378,0.6996113349486269,0.8326149194757524,0.8134081586661284,0.8012791280245786,0.6846567020760054,0.9270629323026007,0.866154882293366,0.6864090937449902,0.9019574165400357,0.868831380777068,0.7216727802168446,0.829768761777904,0.718320836689756,0.7154445843969371,0.6713955925033944,0.8652327225776878,0.7360044572812535,0.8632235260339872,0.5903811545813669,0.8129474219905115,0.7126048008423783,0.8254601355622622,0.6559400742677467,0.860842791275139,0.7504695712848527,0.8104964393641224,0.7594321737920637,0.8713322246972842,0.7766277619929035,0.8233831359693383,0.7639167305545354,0.6774648632575391,0.7292128074511729,0.8602512465736292,0.7343957533890316,0.8238150375680247,0.803441511180617,0.7868782085637882,0.6968718578598374,0.7703457882514076,0.6670744062308538,0.8180285667208237,0.7150375277153979,0.7803498924325486,0.6286313628290153,0.8193367486259346,0.6618507561444934,0.8739280780756784,0.7775037985557868,0.7704819337539774,0.8681449967591821,0.7577535662764567,0.7332197822997589,0.767916016955589,0.8315872587326225,0.6464396105501896,0.8247210970458947,0.7631077938593562,0.8491662052597609,0.8902322371473051,0.7746972062833033,0.7415266715188712,0.8120721947798897,0.707228050310159,0.769645733475973,0.7527643144876055,0.8473941662480933,0.7857603847073318,0.8666836778131438,0.6719240144087002,0.8389600273361103,0.7268128386153149,0.8058129967184127,0.8218061325160602,0.892134077584362,0.9181771939402686,0.8257623250748862,0.820117120254355,0.6815820534054949,0.6365975750726076,0.7261335249259788,0.7365070731287482,0.9280941631968286,0.7579011946796179
0.8385158056109047,0.8325667080294077,0.7132060652891024,0.6914168892822783,0.6433949438539424,0.7795747406694593,0.7353802289388108,0.8715078859046709,0.0,0.7598142553518095,0.6819492951091157,0.7858827374024977,0.7807219578579345,0.6667528644779513,0.7891180108603746,0.6955283919819825,0.680839133228267,0.7896716137836999,0.7142361176097045,0.794450770755125,0.675207331604617,0.7822360842880157,0.7591357496465492,0.7389724155582356,0.8160217621139156,0.6165397962926225,0.807230156246452,0.738590892472697,0.6130974152916057,0.8160564074286287,0.8783966354237452,0.7156152377271019,0.732427413992867,0.7257731130549687,0.7621834137224234,0.6244523548865285,0.7734888424994995,0.7026332515758801,0.6653503722244405,0.6962721574126663,0.6313498414798303,0.8753925410872011,0.6421172676993891,0.6284789748570357,0.7978091471344632,0.7534343692464629,0.7186344618060244,0.6204721843711202,0.7212259323669654,0.6477587212695209,0.6433551968632412,0.6634752646757668,0.6345523612095773,0.6469356377631367,0.593372911047998,0.9095924477905295,0.6909013385229378,0.7386341998445207,0.6278132455050625,0.7186895596510692,0.7066478300569,0.5982217977206777,0.6137439583732867,0.5887164972736562,0.6439729890301096,0.6369758433479488,0.7425624333366152,0.7454019464804582,0.6635001174205256,0.850340244802248,0.7420327470948195,0.6160983178620505,0.6268759321747465,0.7026421474111189,0.7570618805264433,0.7386375370765113,0.6495472751892666,0.6592973169453644,0.6587595179955265,0.5632900816447134,0.6348128425815706,0.8218173372730817,0.8178138911251996,0.6684026746777793,0.6157687862240527,0.87082159384726,0.7753457750277267,0.6392880123103473,0.8371460777150647,0.9282842972206181,0.6823882845478701,0.8397601982913782,0.616930482092666,0.6570281305842296,0.6419429677430892,0.802446391718571,0.6235987187071628,0.8128290052788342,0.5947157654069268,0.755476003581612,0.6269304612631403,0.6602711744067237,0.5871890855256493,0.7399805668688627,0.660559936353006,0.7343470505744293,0.6183022709562915,0.8231003423914467,0.6907020817675262,0.767171009106634,0.6726880919555331,0.6101855286205866,0.6906282087683666,0.7856645763509919,0.6331614033134265,0.8156042332607819,0.7503225145410878,0.6766253047454769,0.5981631440352088,0.811497801164285,0.625263835266011,0.6860079343207486,0.6841017173760269,0.7300545098990417,0.661337193082957,0.6818106255516724,0.6323303852739361,0.77796049140798,0.6308215054345466,0.6701404124409068,0.9494349576017148,0.6773507436525354,0.6780406502379345,0.7739073718104319,0.6973201346293606,0.5949312841339834,0.7888237496505323,0.6875989215630133,0.7131975932106832,0.7675581704623196,0.6541652490799834,0.6687347702443801,0.8044634455548233,0.6197376265546725,0.6659930936882513,0.7374994343296062,0.8333965220192173,0.6975736746485725,0.7614982051865117,0.5868032152507798,0.7523900956869501,0.6436606197435817,0.7145222106518988,0.7774643243840133,0.7719274365244019,0.8539854611775088,0.7795394807280576,0.7741052286833382,0.6412130882058463,0.5917492248927961,0.6353967819487284,0.759546202802891,0.8832226433419328,0.7479004966032988
0.7929849385597674,0.9207201068344625,0.873410617097543,0.7572359046341381,0.7038765647133568,0.8387096638841305,0.832521125520493,0.8487956668632436,0.7598142553518095,0.0,0.806731006298898,0.8806417974796972,0.8561648966769587,0.7539764955384154,0.8456130408621392,0.818176349368302,0.7815048721930851,0.8090143672353642,0.7805287792250938,0.8116368716781774,0.7645242580905873,0.8710097141418776,0.8274374391170752,0.7965318422960151,0.9422337206565368,0.6817882272959763,0.8249874234738999,0.7761133401387036,0.8758249216917423,0.775817188505212,0.8834045809213925,0.867788579188079,0.8180485308383108,0.7901069716120805,0.8079349755334662,0.7989414260046568,0.8372444933383463,0.783876938646925,0.7751811969587218,0.7845894924107734,0.7413119129289266,0.8317821038514714,0.759491607556234,0.7528319648564266,0.8692482079738993,0.7864557984156344,0.7771190822244893,0.7693852759667573,0.8552135408321143,0.7306220337163919,0.7227372213570985,0.6891433535469628,0.6671033390459844,0.782088239876695,0.8067851600109922,0.816772033656487,0.7124458019764113,0.8011938424999866,0.768358814180109,0.7811716148736693,0.7781441942136748,0.6574705700398054,0.6691063956770626,0.7451121342902747,0.6625787341347751,0.6751876442397574,0.7711863657024872,0.7877013061907198,0.7983910653185604,0.8405999674420384,0.7421198091150394,0.7240445927295482,0.6455302183795119,0.794458490172952,0.8056338918232594,0.7823998143231272,0.7544998382254147,0.7710978273731343,0.6746444944918971,0.6021688192941279,0.7327223380345239,0.7249060013857852,0.8112632649654729,0.7524005878801214,0.6516385219166425,0.820655782908054,0.7684166438301677,0.7119435830690009,0.8503826308493609,0.7762528219637194,0.7187057669735921,0.829453025076151,0.7855357542469877,0.6702287919102304,0.6733279806549046,0.925833324307215,0.6481205507371638,0.8611360077808384,0.6332589276581497,0.7819154508676954,0.7654573980232576,0.7773767558952154,0.6617092271065246,0.9406260225569404,0.6916082134214468,0.7718803651565642,0.7406400339914174,0.8775700508844663,0.8108620460707381,0.8587872518732819,0.7866234689878949,0.6558578383679888,0.7259864714142054,0.8068888641357175,0.6762699717360918,0.7600459422640137,0.811011912029459,0.9041904693204816,0.7676813893033962,0.747999739245112,0.6716240600144774,0.675558067002256,0.7084612479921819,0.7764102223448156,0.6390622058277118,0.8860204116783845,0.6564661909151838,0.8408237327811126,0.8561379572925182,0.8076129252817598,0.8347574900632422,0.7301815423319831,0.6525056482337858,0.6576298609816708,0.8073242645214923,0.6925887518078262,0.8176507959828196,0.7842623342402298,0.8645356694821071,0.824300729996406,0.8051148829528639,0.8378227693674798,0.7819598421972227,0.7282285806550394,0.8268303023706893,0.7682502309762989,0.7841190427134367,0.8277821458544918,0.9542915569365642,0.7183599417266,0.7139900169398274,0.8309328717595916,0.7615875822817291,0.8841959956370053,0.8797700332400029,0.8334479280493372,0.7912916860266532,0.8113015869912625,0.7084681650829856,0.6632523095189455,0.8611924531010581,0.7407747841137983,0.9178795242118296,0.7085508281466936
0.856971312056385,0.8408327901215117,0.9230925156661265,0.8590445652355262,0.8438016867883917,0.9116022567830898,0.8235199409803828,0.7852456102341436,0.6819492951091157,0.806731006298898,0.0,0.8646463744609432,0.9193176993937211,0.7530484410751729,0.8631926668567773,0.9597333668187112,0.9413768803088629,0.8513954223598192,0.849411239367831,0.8394174446875083,0.9206464851822717,0.9250379188695633,0.7720318203854728,0.8915083862465011,0.8496762539538733,0.8364839430239119,0.7313483444530557,0.828846143408119,0.875761107682161,0.7914223673001372,0.7850096900628639,0.9027740963134085,0.8764775463492088,0.7838781607385579,0.8139284018020373,0.8328898309169271,0.8933821621958961,0.9259110266896944,0.8938438371255072,0.869756813245209,0.8708392982016608,0.8163695032598626,0.8867289776700646,0.9356405269436944,0.8139011190291949,0.8376440030844782,0.7797247284151746,0.9448008856107286,0.8717475679536725,0.8566247211292743,0.8797148061034177,0.8650208036827244,0.7830915980477765,0.9070348308652305,0.9028908988801824,0.724324472198625,0.9001795681562423,0.9133851666802082,0.7380876306895174,0.8469133313824876,0.8643195542211445,0.7559168676566673,0.8966067768135076,0.7167589657867287,0.7758242634303338,0.8150662897695323,0.7794244149757023,0.8353365557709227,0.7944194588981847,0.8478407106959532,0.8688640368858375,0.7562130253863653,0.7140737800923933,0.9107297241781662,0.9108019667941802,0.7706643115698271,0.9056779331728856,0.8648112422084724,0.7848922650146034,0.7887579621422068,0.906215795005036,0.7657126011449557,0.8168349141321312,0.875129699414287,0.8030040747203112,0.8190048571139009,0.8193671242293842,0.6984801360947556,0.7672064533778286,0.7049461783425787,0.8617786460715416,0.7021687709794333,0.9273768168767067,0.8401194675386858,0.788331707152749,0.8324756355353559,0.7216603403395192,0.7442051614688787,0.665124011720818,0.7579388518489651,0.819084496937809,0.8456641680517321,0.6632621926613459,0.752932849682069,0.7780869245425241,0.8514637285633274,0.8635152440321883,0.8151943183440765,0.8551870305203108,0.8916767190615391,0.9126187715556424,0.79274179796914,0.809213317746438,0.8068375045194751,0.8542900579629108,0.8411662851679653,0.8174569691409149,0.8953015523203517,0.8959076671209741,0.7151232595893052,0.8825483836046281,0.7403104166208413,0.8113093942959642,0.8964721798694808,0.7212510202241692,0.9134103526099966,0.7052367028227158,0.8648081718654487,0.8780736597736019,0.853311422720893,0.7042774908847038,0.918972568947356,0.7738584399394409,0.7980346890972247,0.8838496482934629,0.8849659661323311,0.8227854024348766,0.8540510272345908,0.8176829899395999,0.8603757570620049,0.7992731602963313,0.9194144515387055,0.7691961332329129,0.7613153019076643,0.9523573899829064,0.7148333051272933,0.8211764321843499,0.8749361146612754,0.8251745768558767,0.7935937056783147,0.813237125478794,0.8695040684364721,0.8755946914012294,0.7897932763769927,0.8804273987690976,0.8345272550191676,0.900257428528455,0.8655414972610521,0.7656629103551292,0.8294185801766417,0.8345810016942186,0.8001735066287465,0.7998200399322916,0.9044201226008377
0.8334307830101416,0.9308606695456544,0.9191279759365568,0.7854700204227238,0.8068545823713914,0.9290200452566713,0.8372959650767624,0.8866544879765893,0.7858827374024977,0.8806417974796972,0.8646463744609432,0.0,0.8647830837421395,0.6490441780996902,0.9121027826483242,0.903628964802004,0.8621163115838008,0.8034665623221795,0.9045085386545045,0.8443396102281551,0.8889164656708014,0.9187172969355294,0.8277859315048565,0.9132656624058235,0.9147580043433257,0.7414878703216284,0.7609213241033833,0.7929034770854335,0.8187146439115434,0.889234167597332,0.909228199809721,0.8676624483442942,0.8687464671291267,0.8280488330604079,0.7626254550124563,0.7820343325970863,0.8581349869699233,0.8192831531765735,0.9056276179358069,0.8130788320677538,0.851381712671918,0.8799410991387914,0.8261546852748278,0.8286272641474228,0.8604601658654546,0.8723420144958076,0.8334995497353005,0.8176240154784975,0.8404148863623335,0.782926358459391,0.7974638684968206,0.8105443157865894,0.7181479789073147,0.8419935524697658,0.7956775006633856,0.8320038686018636,0.8331248022277542,0.9360182296456904,0.675828059392638,0.8321538199044,0.7935211068780167,0.678379344833884,0.7692086629955157,0.6535088656623015,0.7093167252972435,0.7264957776009867,0.728922059516508,0.8108188997669628,0.7100693967672603,0.855123793553636,0.8191717739072492,0.6511174986267495,0.6111321952367896,0.8405869635719252,0.8674328505865548,0.7551471957352666,0.8051886298268479,0.8415235729045123,0.7798736722046599,0.6876247514398584,0.8177767752925494,0.796927964594407,0.9062210572682579,0.7616733537887289,0.7075723161147253,0.9022975642688468,0.7746599679358419,0.6463299291978278,0.8335434020478683,0.827192561757657,0.786861267993451,0.8005381427748696,0.8345131812108578,0.7552754281904348,0.6669760685484113,0.910435429408023,0.695511583572214,0.8500273951183469,0.5876668750742862,0.7611667798521501,0.702748024944241,0.8090918856894882,0.6256436467730209,0.879487957697085,0.695040787219581,0.8745134871916663,0.8136464204830246,0.8867425048700333,0.8518531402022717,0.9240269661688019,0.8653599566636235,0.6947503802675452,0.7024543012228712,0.772309573915595,0.7409079505616132,0.8700903626679425,0.8397023992444408,0.8761868565029399,0.7751792730460342,0.6791146699329675,0.7745085754364621,0.7088536205555673,0.7453297946505447,0.8975026968841182,0.6148698411826031,0.9198836578316759,0.6572977561709588,0.9315941718325672,0.8391407423254142,0.7688702935252046,0.8342003781080652,0.8539341248523504,0.6577971756384026,0.7479737254878172,0.8454623092448272,0.7366963783945215,0.9138593669522245,0.7969387927552717,0.8128882172454809,0.9533986358876023,0.7103683312627715,0.8164580535815766,0.8034614432339381,0.6965482997979325,0.8598439230928225,0.7362760693787137,0.9215863806219106,0.9125768818933162,0.9038620980572835,0.7453158594913251,0.7780747392329707,0.8138569049849691,0.8480554002084094,0.8812669518118744,0.9795970565894364,0.8613240661234361,0.8542694238590676,0.920728752535231,0.6460328313997246,0.6872263819751658,0.7647814394583371,0.7414167801449354,0.9295115254674807,0.8281980556059624
