0,1,2,3,4,5,6,7,8,9,10,11,12,13,14,15,16,17,18,19,20,21,22,23,24,25,26,27,28,29,30,31,32,33,34,35,36,37,38,39,40,41,42,43,44,45,46,47,48,49,50,51,52,53,54,55,56,57,58,59,60,61,62,63,64,65,66,67,68,69,70,71,72,73,74,75,76,77,78,79,80,81,82,83,84,85,86,87,88,89,90,91,92,93,94,95,96,97,98,99,100,101,102,103,104,105,106,107,108,109,110,111,112,113,114,115,116,117,118,119,120,121,122,123,124,125,126,127,128,129,130,131,132,133,134,135,136,137,138,139,140,141,142,143,144,145,146,147,148,149,150,151,152,153,154,155,156,157,158,159,160,161,162,163
0.0,0.8789364409358382,0.7920261163184348,0.7672919059672345,0.8134948844468838,0.8148785744950409,0.8359939926546603,0.8506185642946442,0.8866018580670972,0.7885246029749023,0.8999058671775182,0.8460224669360372,0.8580803440405874,0.7962956887576464,0.8458289359574945,0.8352938540241474,0.8471148759073821,0.9027848656043632,0.8434362461378756,0.916127528454646,0.8644846322463313,0.871853699893679,0.8115571439983714,0.8502943357106639,0.9038202346824543,0.7839888546920819,0.729515784177834,0.8355849519268614,0.8079907580185333,0.8084780342453812,0.8942830992399918,0.856014680997015,0.7893442772865084,0.8152561379312335,0.9261751527159127,0.8024705093352811,0.9173674785945571,0.8822807926963305,0.8331452499281636,0.7827704484097051,0.8049661131171156,0.8493249159212116,0.8766881116158519,0.876666781281995,0.8516829442592678,0.8258389957815524,0.8090551247193246,0.8846176489170662,0.9040170480664085,0.8557750334574602,0.8843151549321369,0.8500901184772058,0.8231571645973145,0.8383359921342957,0.8440729631074263,0.8266284730937496,0.9200324418012202,0.8256978913011769,0.8521176231902217,0.804809829151474,0.8240710357171886,0.6724678632964379,0.866000167048873,0.7562829293316208,0.834087962207097,0.834945245620248,0.8009394573867852,0.8627167284324293,0.8171328574429477,0.9118317939349854,0.9221318980309485,0.8288150211735582,0.8533986329289464,0.8504790868097964,0.8489416148880063,0.8733988504131107,0.7776072161727463,0.7883573828656273,0.8446797211036785,0.7464125152635178,0.8023680157579617,0.8847822282436534,0.871584869079192,0.8183757083505178,0.8606882185576326,0.8954795337894776,0.8756342323215589,0.8801941079735498,0.8238152558071289,0.8201754679909348,0.8692070810127752,0.8082681971317791,0.8640509778572371,0.8863526544406363,0.8937976308781627,0.8464194714166013,0.7352790925230076,0.7882864270078289,0.7326659114789354,0.8070326265083452,0.815160844446728,0.7934299492964978,0.7411061497707785,0.7595855411261869,0.867430753705292,0.8019096485517031,0.7420283913043877,0.8466989019427311,0.7902968588734272,0.8768736465278196,0.858257291206905,0.8625595752206361,0.8558741015192277,0.7739037979268746,0.8538906958937926,0.8436173498090948,0.8702151615996506,0.8421716357930586,0.7919443726625703,0.7572625874006145,0.8342127554501048,0.7509175739343756,0.8778276658845825,0.8874650093478564,0.8587142855097673,0.837148140815207,0.7025893101706058,0.7908774702045346,0.8056562650305008,0.7876367249686779,0.7921627598645238,0.7628725989598583,0.8019543057533305,0.8790649519611176,0.86647664055717,0.8334958211234408,0.9056496811511595,0.829126880551808,0.7811858993140414,0.8764920436754775,0.7989650739827332,0.8000995248002207,0.8872595319383688,0.7935600237257842,0.888204212085132,0.8795860048456519,0.8753996463974468,0.7423029495227498,0.8874889419795554,0.6273459504700927,0.9293363270840697,0.8650300626672885,0.8390712802626495,0.7267586395546836,0.8283208551467114,0.9027356560579567,0.8422671022857003,0.8109024932787043,0.8205088941820372,0.8206621882778129,0.7362595661491144,0.912612282605716,0.9003360783086454,0.9475541797824272
0.8789364409358382,0.0,0.8857359122350797,0.8639449673422581,0.781697842447709,0.8246076727962883,0.8898306256097375,0.9532611734627768,0.7927326070882015,0.9068773073414047,0.9025611905814377,0.8736548674883611,0.9141321249850622,0.8728088097068192,0.8879561124196649,0.8494484732871754,0.8730429614168229,0.8717087152101284,0.7889107158752242,0.8300580977813876,0.8577204243244891,0.9180871203759892,0.8516279853777713,0.8999615603526445,0.8738973672915441,0.8454190290995713,0.8305951069292503,0.8569756637958637,0.9267611351194576,0.7334810481367452,0.8616807037480582,0.8226122830094891,0.907920289410228,0.8296321162255388,0.8783943671723411,0.8798626856769725,0.8967619547596575,0.8817263127236251,0.8615916582152495,0.8892505754203373,0.9079956859401582,0.7948999129372908,0.7800331914278927,0.8458940879826332,0.9486068037584434,0.8818858861436637,0.8070746613800109,0.8447441216415787,0.8893512222482484,0.8296441879520573,0.8811355757603583,0.8568936321954246,0.8439591024077141,0.9311357285706191,0.9064520006669351,0.8381736258747093,0.8500330683437237,0.8192460077173154,0.884780406179156,0.8821553632905491,0.9145438816328696,0.6897698693070113,0.8157227826904582,0.770370306155172,0.7341986268884484,0.7817448197197983,0.8954804798392741,0.8384153526074364,0.8132314924366668,0.8922446005887598,0.8740781130717777,0.8254213715340537,0.7879981598205508,0.9226381338840757,0.875718857406499,0.7994554428532274,0.8357531124499029,0.8602267889348201,0.8618861723118469,0.6987159151351535,0.7859015678818437,0.8358132064129123,0.898508472037339,0.878158731146112,0.7899706957871075,0.95906201893159,0.7833243205805556,0.8145450392504721,0.8674685131160169,0.9000518565401029,0.8425582140871399,0.8175574682775606,0.8784211550985657,0.8256610056526441,0.908252033726262,0.8927044221335689,0.7438916525078627,0.8100515824923498,0.6973096782199973,0.9199123806529594,0.8452719067859783,0.7914475137218261,0.7203973793730456,0.792015555970916,0.8253987169692747,0.8504300981186197,0.8022713949235881,0.8765805715665205,0.897116291362758,0.8949486075352222,0.8468887538902309,0.7985424023998275,0.8416770527244299,0.7980266926753745,0.8917950108847339,0.9187212983812744,0.8136351310914667,0.773266303211615,0.8336001400248152,0.8046658755240593,0.8057841560997472,0.8118154143268452,0.7952751521973593,0.9067671432851501,0.7380919836046428,0.9331296088931669,0.7546351201940932,0.8941755296530614,0.907753962500638,0.8492924935899375,0.7892605626485707,0.7444066691816902,0.8018076423572573,0.8492108380481335,0.8452227895492324,0.7568156091680366,0.8559623478942521,0.8885314934202401,0.8667734283499042,0.8424699397071033,0.8527702133493152,0.7870684934100712,0.939750793897078,0.8019404731460931,0.892941414136794,0.8166653768082391,0.8659841572203837,0.8568415003642189,0.8873396870613588,0.6541174610470091,0.8294375578780014,0.8539588390707629,0.8376412679361785,0.8568286106332619,0.8628762686469506,0.8928765357814512,0.8646140645612339,0.8774095210880573,0.8775388082745842,0.7872213315450047,0.8368914678138841,0.8022793335552736,0.9204587980962431,0.8674233968333759
0.7920261163184348,0.8857359122350797,0.0,0.788198156019792,0.8272370111976525,0.8048675591032813,0.8116433215438636,0.8685691395630786,0.6962784538336095,0.8816935660625472,0.8943958562102914,0.8205995821295848,0.8860683076908328,0.7537539211147223,0.8062034291635007,0.9040610440719575,0.9065404432888201,0.8265320420895653,0.7320761711829599,0.7481707084070062,0.8957898788084474,0.9244302463917745,0.7863100023722864,0.8730378392840986,0.8096630983771447,0.8428132580797659,0.7672188655716379,0.7993348807635977,0.867166545738382,0.7471354362252232,0.7142833935258563,0.7808890402161146,0.808229317924282,0.7209174326205443,0.7313461880008592,0.7663161843241337,0.8372481528540585,0.8072889241050623,0.7818864104923072,0.8503245659382369,0.8345379064836946,0.8204378900403176,0.7797520901404404,0.7808735476754475,0.829705929895488,0.828361320014912,0.8172214882130328,0.8319378788664095,0.8094405952942673,0.7743678106526797,0.8367681872670871,0.8394250878997171,0.7548132113971878,0.862452107204358,0.8130163216893772,0.7651288288025743,0.7978766009864185,0.8367763816340527,0.7998796937838232,0.7759010768525063,0.8404253640312073,0.6327212109345562,0.8308982380626273,0.6837067094069211,0.6762265357248527,0.7399383543934309,0.7919527222274513,0.8567214267643795,0.8260902751434844,0.8516774265203516,0.8303943521301549,0.6939699502463808,0.7159064556401346,0.9199082553218033,0.8561943208761096,0.6712569802841892,0.8493833074702277,0.8710385508715309,0.782932461358773,0.7005638422987358,0.8165963824634904,0.7449584143488457,0.8910284463580433,0.8108489864814103,0.7302761275940325,0.8711414090248056,0.7132753513183505,0.6939956235099015,0.7470222889440215,0.7822732012410748,0.8310281423518805,0.6733492717846884,0.818399622946489,0.7257180511680691,0.8144041561975487,0.8066702049034228,0.6641202935543045,0.7203146090351585,0.5942826836988438,0.7919848559966635,0.6963079411236067,0.799333843808804,0.6422992042085978,0.7323923614055372,0.7087244308158203,0.8698817566388773,0.8143193307431039,0.8603338275143151,0.8478895534562797,0.8804248836379373,0.7926899042968608,0.7201621957562869,0.7660519162823103,0.7414384630221396,0.7892150943662656,0.8934624876797852,0.7215514893470242,0.754496175359916,0.8423931398305592,0.6964690451052525,0.7784201628253704,0.7280086764748438,0.7288131737465061,0.8594805556360942,0.6297642054298478,0.8592559094504724,0.6959051555711679,0.8331567523093055,0.8349176192296853,0.7835986106105719,0.7453662028584822,0.8435906595873989,0.7018147940200854,0.7215931922561243,0.7798083037638651,0.7047494280422335,0.8046063025156248,0.787605840165928,0.8160990202383758,0.7647567138018248,0.7468273519331577,0.7341913083376417,0.8036197570945541,0.7271794470973063,0.8263123489985088,0.7302923663287029,0.8273340246020678,0.8716140739231945,0.8434265397455439,0.6307368356296851,0.7022115147158748,0.7454620016773333,0.8124097741445425,0.8779315681260768,0.8299009672381362,0.8079229647155705,0.8245042741890144,0.8899630592185747,0.7456156827816972,0.7338215664539511,0.8206758163546086,0.6779404290934751,0.8076373431675183,0.8285612439420716
0.7672919059672345,0.8639449673422581,0.788198156019792,0.0,0.7359818500635785,0.7644664011522093,0.909279812037234,0.8463392601177677,0.6598557102226283,0.8338691515873643,0.8440852998027609,0.8231189292123539,0.7878512443226818,0.7624308824057674,0.8432395380976656,0.7230072595930153,0.7902847828482638,0.7947617109524046,0.7723209234162087,0.6641066670942072,0.7944705848368064,0.8041079318067786,0.8516573483131264,0.8247411322848573,0.8187914244577588,0.8363074570451623,0.7916848765923599,0.8306433521180725,0.8531188654605741,0.6422046483314201,0.7555672141205071,0.6931391129883011,0.963970442691907,0.789940379412259,0.7940280232218836,0.8083382612279122,0.7899309807506948,0.7558233127398459,0.751682929442693,0.8577702247726207,0.9075884590191877,0.7187951737268502,0.7047704764132543,0.8289024044133333,0.8221881720316906,0.773622145227478,0.6928734852882297,0.7623105784669915,0.8263929529223428,0.7040803252384865,0.8534006785109446,0.8560459190318481,0.7436159858830286,0.9236273557080567,0.8586963690322,0.7116725126400975,0.7390126289546757,0.796892413677582,0.8029651596952371,0.7549970838477675,0.8247422293006866,0.5905342307242946,0.7930676041692982,0.6432824181666851,0.6462501809840777,0.6738670690295016,0.8084397580458418,0.733532137070951,0.7374403397977589,0.8503749303350203,0.7453762937330166,0.7071396783124213,0.7404187466552059,0.8633203691153338,0.7680786782528032,0.6933072930545345,0.7620756752666297,0.8090232461327617,0.8034574415732928,0.6374657911178355,0.7286505170376931,0.7854098655180309,0.7704750083184055,0.7862755555628378,0.7471874507865004,0.820850785186967,0.709111578605881,0.7325152834917892,0.7733692990947857,0.7358840246193307,0.8426290289858445,0.7908219489073252,0.7929332494688266,0.7117479779278026,0.8559866830595895,0.8468317244464373,0.6215520157273836,0.7980970215161955,0.6158891152367946,0.872264515329244,0.7254849723367927,0.6938538348419803,0.8341682454891534,0.8492782779283055,0.7435991502541074,0.7259142795107094,0.7092189734346084,0.8236139836935524,0.8218085763362994,0.7683391493251005,0.8578743117492692,0.7394708928807641,0.7960656895784354,0.7107754066832872,0.8396445247634582,0.8490326309972899,0.7641891538678716,0.6615549943634933,0.8820583353031856,0.7784650426949494,0.6858902457766255,0.8874546458585574,0.6962996475248544,0.8402961051820929,0.63945194385673,0.8794411211803712,0.677165269761912,0.742332720679598,0.8603180622499612,0.746047033058817,0.6548240044149378,0.6339910577975368,0.69026326936946,0.7821938283163996,0.7136778255154341,0.6340287082763251,0.6906198165603591,0.8356506539364816,0.8018287524321558,0.7398673334551604,0.918383525422744,0.6365004455914911,0.8539361855935369,0.7274086564550475,0.7727266155563014,0.7836381846391896,0.739862891657589,0.7761964881469168,0.7510111719402149,0.5616726112589753,0.7855364185896148,0.8340184153721072,0.7375584552762826,0.7381550602501123,0.8898808532841699,0.7570249652612489,0.7665435012844234,0.8497355489527832,0.9224734537425748,0.7620802563602507,0.823279461475035,0.7376488477729782,0.7902301507892139,0.8057251008902364
0.8134948844468838,0.781697842447709,0.8272370111976525,0.7359818500635785,0.0,0.7197204401316155,0.8481971156124956,0.729097595851271,0.7427577865275972,0.7195350525863801,0.8576052191342788,0.8285850897434812,0.7424013640450388,0.6947932208749069,0.8494076036280342,0.8190205353087043,0.7975490091717627,0.804098863129676,0.7458433871526406,0.7252519140233836,0.8663471583713591,0.8672340860003146,0.7769301587960722,0.8378898067914182,0.7622190945177671,0.8158949068110277,0.695532878702611,0.6907192048786936,0.786435122724864,0.8244703618094622,0.7793701331326089,0.7357680273760884,0.7735973464622815,0.6890874753652684,0.7767042021469857,0.7791985624876132,0.8110421775299095,0.8056465892044434,0.8521515312990092,0.7689569246399136,0.8241360656053658,0.7810222523432863,0.8838040820890322,0.8589574968889674,0.7411734522865606,0.7609118654659183,0.8583895025703004,0.8530902576701852,0.8303449543004721,0.8298317418588936,0.8791798309553749,0.8144519940602959,0.7316258192505278,0.8120464316574689,0.8176325075903066,0.6983795593771929,0.8147683009303558,0.8518960844743648,0.74224608010074,0.7397203781848115,0.6760903809752309,0.6434776435654387,0.8229337322993946,0.6951066718410418,0.7503037343231606,0.6741329170250207,0.6876848345881417,0.8479121747979824,0.7657278171539817,0.7821230421540277,0.8662235902860231,0.7237473622923917,0.666896317200739,0.8087610811663143,0.7209819520339827,0.6702346375419356,0.7797628185695437,0.8868752669021303,0.7533920241159168,0.6916300339353763,0.7245178807010829,0.8091767506119631,0.8734719779439245,0.6840955219987633,0.7439129407645049,0.7893172089516324,0.6783078111762655,0.7667391028077236,0.6653281526602768,0.7155026437443275,0.9263324196551068,0.727215991368678,0.8835363032441267,0.7105752045070487,0.8027327491975644,0.798803243170669,0.6270492196687392,0.6782579491368794,0.67143893090627,0.6842481004969683,0.7079927878582911,0.7468620316402798,0.7046561918415671,0.7277115188313126,0.732826351952974,0.7806738251879014,0.6951103204118633,0.7286730949906897,0.7900558009015145,0.7865688190137081,0.8121765116674526,0.8309071270699165,0.6745743910630497,0.6708693691989407,0.7591042143634199,0.7884182467324209,0.680758957762191,0.8172267866511358,0.7450816455944071,0.6664782495503231,0.885719198743293,0.7250666477042609,0.6938151911323697,0.8620386434287739,0.6936421493322055,0.805034277461908,0.648284983163161,0.8044342531988563,0.7314788430562911,0.76802196104066,0.6692758800781493,0.7557342344772203,0.642216176265515,0.7657693106754377,0.7564629185563218,0.780921475290383,0.8079154993257195,0.8172798081565483,0.7350835563379976,0.8641258432073098,0.7132310072879029,0.7256703142902509,0.782501449727233,0.7555553565625952,0.8389972635728844,0.7937256848249109,0.902037009651266,0.7508866254786107,0.7655277512518057,0.5899633196249948,0.7591739064328877,0.7558581160817318,0.8065984993588884,0.777010254107454,0.7934408662372854,0.7625309987762895,0.7327115767708596,0.8019541374653137,0.7360617936557694,0.7389726441314816,0.6793061845762516,0.7154837438770774,0.8000927896824735,0.8920412455505123
0.8148785744950409,0.8246076727962883,0.8048675591032813,0.7644664011522093,0.7197204401316155,0.0,0.7488471041901721,0.8350064127337518,0.739701972642931,0.7998350685531415,0.8042141179642187,0.8715661576616095,0.7904379912640964,0.6853181648205005,0.6903941644031122,0.8138746583536636,0.8204948318662363,0.6930746974016074,0.8296618146937081,0.7202388338536857,0.8516591158702266,0.7488549368656963,0.6888555817291465,0.7249891844398837,0.8647319332448103,0.7336847203499645,0.6241933163699424,0.768390139282028,0.7740376061073164,0.7605723263844496,0.7717295259605288,0.8732001296053531,0.7588769711269079,0.8040469630242896,0.755140105782916,0.7497239084041308,0.8112521311807463,0.7385095989500113,0.7188171089256739,0.67822951188988,0.7436787462167807,0.8749825672124507,0.7247292502137583,0.8305833709856494,0.7444938198369163,0.710886640124851,0.7903283965012309,0.8115541779948166,0.7310682029639654,0.7008214218910777,0.8137626126059334,0.8917459265907431,0.7197617273314211,0.817275130921181,0.7795962684967565,0.900717493794995,0.7631742343724859,0.8950571825254828,0.6712565966736037,0.6999538785296682,0.8152206104688173,0.698906232379128,0.8740494890940465,0.6324989010628501,0.6553591528650511,0.7347600674486435,0.7008237533800973,0.7700516087621588,0.6655417429826346,0.8215562079735312,0.7847174260112063,0.6445428779838022,0.8169339441479501,0.7856078096817901,0.849232168385456,0.761496208398533,0.7266333737292147,0.7653690948225663,0.7361199407353414,0.8202452612902484,0.9236282519007046,0.7709522020651868,0.815843886894052,0.7978197576294392,0.8350077081034177,0.7936595728087399,0.8790412135296389,0.6878324363650488,0.7873187956898899,0.7550012102967146,0.7934712322099711,0.8027887302326431,0.7489860487848061,0.7636370599026634,0.7605469260765958,0.8452257900655153,0.7085681509028323,0.8775283829396313,0.6712049899489587,0.7798573686339818,0.6801093631530037,0.7433118629819697,0.7382618944778471,0.7717352086291287,0.7746706406350804,0.7587638323436581,0.7616469708528958,0.8360670753051503,0.692798324780301,0.8348430521980359,0.8630350744534148,0.7171117105661182,0.9089159099070733,0.7266509358238786,0.759337995165204,0.8030827591659396,0.8798914136217371,0.6737662142703631,0.8994261104789296,0.777365189625024,0.6650672847354699,0.7924242496558833,0.8450733773298575,0.8325066832558351,0.7068320586220712,0.8187897258234671,0.7556776124572908,0.7372604531528553,0.8482151243506282,0.6246413250093349,0.8135378563696074,0.8326426286718015,0.6917262314160295,0.8053661006567132,0.7150975464282552,0.6516832855049188,0.7710200364223105,0.6717504352175186,0.632785941837264,0.711219285775221,0.7486595017183922,0.7900404890244273,0.7977046315676604,0.7427885855453827,0.7854292407521385,0.7920901236762732,0.7938826062983536,0.7380126404718409,0.8322815424360058,0.6805894913814979,0.7743090380315429,0.8164608363672347,0.6847685371171015,0.6573445248230434,0.8701692704173095,0.7342226558172903,0.7098256132340135,0.8731495427980607,0.7125596074935484,0.8103706842877844,0.7096374866919637,0.8325571736493748,0.8531391660401348,0.7838031753902559
0.8359939926546603,0.8898306256097375,0.8116433215438636,0.909279812037234,0.8481971156124956,0.7488471041901721,0.0,0.8379217744040875,0.7208309962946275,0.85323399272205,0.891439966543424,0.8795405097629232,0.8214782479378798,0.7657191279558164,0.9388618280945925,0.7828494905575327,0.8002623557502426,0.8551650476303021,0.7883923543548198,0.7208465559672677,0.8309939503938215,0.8681256844914924,0.9176197748010534,0.9105409443957316,0.8633301232873165,0.8657711132541517,0.8111952234143819,0.8043902483443386,0.8808322742818333,0.741317243583722,0.8415598063639922,0.747112475147026,0.9288981457370947,0.805181590292368,0.8303151674015496,0.8105143844952727,0.8832109163456724,0.7886305224192702,0.8539889043628895,0.8877960996082193,0.901230206007331,0.7484627946601015,0.8123358879980948,0.880393569351512,0.8584032830878991,0.8383514810548564,0.7821213098550075,0.8402578324832749,0.9349318752473639,0.7637177346396702,0.9121926661014048,0.8306806308272376,0.7534362002659254,0.9104119243074239,0.9057384889721211,0.7410600323213851,0.8015383971370341,0.8159088949603218,0.8443052713523611,0.7928508299728181,0.7924386561683424,0.6052404816586477,0.7831473262265102,0.6683153290174126,0.7086580401922667,0.6984968366915507,0.8268001564135893,0.8416892530638105,0.7608157070256415,0.8675143906081699,0.8304466653172147,0.7632373811554964,0.6936053009235794,0.8884567174861874,0.7383194382674562,0.7618931723380618,0.83315162569876,0.905134753621688,0.8211335289155869,0.681607265660818,0.7216681455056637,0.8208141966384596,0.8861079011340628,0.7498035524530601,0.7360136644177853,0.8424909168262972,0.7217889112286444,0.8137101947521768,0.7926651480857823,0.7982610162262075,0.8861295270202503,0.8065540389352569,0.8776645642778208,0.7564415622192423,0.8515453392485367,0.894155494904373,0.6178493046239999,0.7572100047237608,0.6352217169300683,0.8434816542491813,0.7851664192195484,0.7717848085148807,0.7953533536242058,0.8323142813997674,0.7396670627318975,0.7792953584264782,0.7126976748309733,0.811512706549573,0.8795730531034245,0.838852086702255,0.8888931031591116,0.7790779901134933,0.7563009417920368,0.7060077291226722,0.8372055457654244,0.8561214409079589,0.7569866460307131,0.7893787529435942,0.8074304185941991,0.7278540596313455,0.784249402925183,0.8222604955091808,0.7004552103580541,0.9363595425025106,0.6786542196827967,0.9285788443813651,0.6466867285348074,0.8321247100686752,0.8166760579340903,0.8140542227287023,0.6727798247920027,0.6508095215421593,0.7172264942714812,0.7789870471528328,0.7707238251804643,0.7188654052904778,0.8036599990770161,0.9015002509347043,0.8344708165100347,0.8685145110244379,0.8755137810920508,0.6775733969202122,0.8778478991968329,0.7193230607082053,0.8550961750458026,0.8376641895632726,0.8273719248862423,0.8327826476239112,0.7981003476210582,0.5480935230647234,0.8306978978598885,0.8454900231886536,0.7844391088092412,0.8178291342949691,0.8900423912543816,0.8458144256565459,0.8313686658533002,0.8862511220063954,0.9076006167465472,0.8005378185618026,0.8009454844715631,0.7602171083359728,0.8456968487268328,0.8788400292495313
0.8506185642946442,0.9532611734627768,0.8685691395630786,0.8463392601177677,0.729097595851271,0.8350064127337518,0.8379217744040875,0.0,0.7865288157535075,0.9144548938120647,0.8547739816657904,0.8716019036102225,0.89585104130552,0.8188738966116701,0.818037025529548,0.8422953181245709,0.875684658723674,0.8439984339474497,0.7967447343533577,0.8063612372531215,0.8333489628162554,0.8560641971508666,0.8538968985148906,0.8379721032810422,0.8836367887101669,0.8059563605657818,0.8265790632801622,0.8867904311156702,0.8629403621645872,0.7501570158255851,0.8240545444751621,0.8272293821658617,0.8636407447011029,0.8530679726696724,0.8257841862743068,0.8350454346914108,0.8534549807830405,0.8437813835799266,0.785507096224157,0.8409294154858898,0.8527740566289082,0.8141901741169708,0.7511254370686249,0.7843775197891061,0.930848596041071,0.8668404141754128,0.7922143529881095,0.7782750639283419,0.8473439126900626,0.7827088965175203,0.8373939364065486,0.8450431128740657,0.7975706333896555,0.8741770418627696,0.8450168963103534,0.8504539810322459,0.8179198128071713,0.8365914232133272,0.8295380891341704,0.8491530364698098,0.8934514922170587,0.6759313174940919,0.8059525973549221,0.7307635652727207,0.6837231894337408,0.763241845820209,0.8420109923601069,0.7872930599082725,0.8097038909840698,0.910758244536164,0.8085787637653079,0.7617466369131386,0.7833764389242012,0.8962196633846485,0.8981196146623184,0.7765258266122702,0.8005886816813309,0.8096880088127317,0.8564600491718369,0.6684286626377414,0.7698986982126729,0.8003986882715762,0.8609501817895663,0.8705933244403287,0.793042726336076,0.9441047664435203,0.7925897895656103,0.7822284872767606,0.903138912484662,0.8692290688061194,0.8192639245384156,0.8013842051453973,0.8180002613839406,0.786195988846006,0.8420018373557588,0.8552787123638206,0.7134242045548819,0.8430805152413113,0.6624946683895426,0.9199925974981602,0.7659541116621055,0.7968336964473153,0.7247132689898789,0.8001333783470471,0.8102318008391175,0.8542682142745683,0.8111086162109054,0.9223370583059417,0.8501644234710574,0.8526307299899301,0.8180989885107657,0.7593715916196638,0.8273750436722134,0.8229125614177119,0.8611323062608026,0.9181149335262673,0.8389367144331992,0.7363211831198615,0.8281114732223536,0.8095131320856914,0.7305787115369238,0.8272697434032125,0.7826980843178785,0.8568134802329638,0.6795290851661021,0.885493343879016,0.7594319327361456,0.8524401248272879,0.8987312194188589,0.7787674997125398,0.8417402612853173,0.7445838923938781,0.7690527483955084,0.7992011389919894,0.7795265713412867,0.6755742741448227,0.8287053886247906,0.8157932117115623,0.8335393839934947,0.8062025093320456,0.8136344965963638,0.7545649196956945,0.9052384463969313,0.7648584760626005,0.8192693761068572,0.8230826620388306,0.8186027697762299,0.8295211859452684,0.8961684115761637,0.6631681880721518,0.7964666130127606,0.8190702315770979,0.8058362642893412,0.8275803021139523,0.8721502458923,0.8406448299424271,0.820588893638082,0.8741190773752293,0.8141057558125062,0.7699222362665576,0.8120035975567974,0.7750905424682737,0.9044261904941642,0.8118999825082485
0.8866018580670972,0.7927326070882015,0.6962784538336095,0.6598557102226283,0.7427577865275972,0.739701972642931,0.7208309962946275,0.7865288157535075,0.0,0.6990496396238611,0.7538680385782149,0.7774957759676676,0.7186496866996132,0.7264538618919482,0.7480430442133993,0.7155820629702463,0.7147209795952825,0.7808004586017127,0.7640323224527857,0.8422250576791099,0.738558654385781,0.7867684582048642,0.7025534035660708,0.7103416831526216,0.7927941577381691,0.6423090485827349,0.6692366971470869,0.708714591282245,0.6930076116920023,0.8071646042948216,0.8672903510903296,0.7638636673882496,0.6872649373027759,0.7050762406406337,0.8543160760735209,0.747644934505933,0.7706084427248925,0.8028391923354371,0.7582281083331267,0.6537294772199946,0.697645590268532,0.8385296005339167,0.7511995776265812,0.7509247394245921,0.7457073504392004,0.6948316423264095,0.7479539070615258,0.7329991303615119,0.7582636180371761,0.7923536891308401,0.7436192468561157,0.7207115671760294,0.7502809618024298,0.7162056350869975,0.7187679928036015,0.8170903012275825,0.7897768826463161,0.7644810830559109,0.7289566497519083,0.7250058360319596,0.6970100156855594,0.6634513046889376,0.7330860572910717,0.7455227137547915,0.7776175319974161,0.6930581197911412,0.6865903995485867,0.7454860300542587,0.738152196925629,0.810619677216154,0.8139709288148866,0.7505465183996458,0.7784331504374741,0.7039363305507044,0.7698436882172519,0.7516123281063716,0.6469524332441874,0.6765618491728234,0.7002270266490788,0.6218284872050076,0.6748635372765078,0.8631062801575246,0.787333950990121,0.6967473586093386,0.7584902464134428,0.8109399059947201,0.8010007738173042,0.81167197950762,0.7278075060969548,0.7938504627355046,0.7797900762111397,0.8121856888888264,0.7578852786666574,0.7481148148769039,0.7876687200799835,0.7708827530262478,0.7247568662057302,0.7426606939430127,0.7644833586375626,0.6930782167716409,0.7283507452187598,0.6844563159884811,0.6744576306890389,0.7005244529771911,0.8196926159210085,0.6869025691464842,0.6319001930176688,0.7422553218328479,0.6675582799247995,0.7411114010755113,0.7280659440774537,0.7980838792237902,0.73280557191508,0.752364159337155,0.712062776540287,0.7309006696288419,0.7577727834096585,0.7606911600825875,0.6610347942749403,0.7390763046550521,0.7521708360468585,0.6905677473958994,0.7686352910259728,0.7370591175340926,0.8389384487641727,0.7036403128064993,0.6863265971259853,0.7227563524533075,0.691889504383605,0.6894987578093743,0.8493269546647626,0.7028732661664574,0.6978474270590598,0.8547357662444462,0.7725269068805152,0.7518014718585554,0.7977549026557114,0.7182795185440384,0.6749894369952679,0.8070744946789149,0.6858015190609826,0.7675569930313602,0.8248020827287925,0.8090134657800332,0.757127495785629,0.8166143580408889,0.8645866062588418,0.6274069732060252,0.808470910522692,0.6361039980162498,0.8259886434268753,0.7610423468512174,0.7781907727501968,0.6657718538500588,0.7200406556522209,0.7901006409587056,0.7003388798820911,0.6882487829239663,0.7003673427883157,0.6793270622858901,0.6074395942756462,0.8360011424863637,0.8688830335174232,0.8230565466429889
0.7885246029749023,0.9068773073414047,0.8816935660625472,0.8338691515873643,0.7195350525863801,0.7998350685531415,0.85323399272205,0.9144548938120647,0.6990496396238611,0.0,0.8591721010815638,0.835754273519138,0.8817415237937386,0.7732564497473793,0.8032850095166851,0.8287430494969673,0.8329377967494592,0.8219775350503595,0.746785895805323,0.7231032395213973,0.783738276902762,0.840363578222183,0.8556480535975177,0.820779492566698,0.8947467663061596,0.7880039203122265,0.8260106763086251,0.851932453305551,0.9110614303439406,0.7280828668235012,0.7631029885177217,0.7921649869413924,0.8437126880955782,0.7818823471596854,0.7584419496656343,0.7573847264361809,0.8560360548321398,0.7767725950002579,0.7399040281976498,0.8353383819852478,0.808308590155547,0.7738475151880113,0.7297653320166583,0.7646719308848963,0.859493191277235,0.8079275828294266,0.7512927531803605,0.7856074184466837,0.8502744154143655,0.6954827007086306,0.7899947073701555,0.774260590711174,0.7170512409115173,0.8360445496985442,0.8386005982295794,0.7903648397043521,0.735889586384137,0.799265622227473,0.816812969376984,0.7588791501803448,0.8514208823738,0.6011198082209973,0.7485895220872717,0.663321780228123,0.6217227884969009,0.6916283426314416,0.8108216481625087,0.8042637387058098,0.811243748462425,0.9041841710798404,0.7465481760363317,0.7105601924195443,0.702638336137054,0.866156795444219,0.821422799000432,0.7492511988247025,0.7970801973884919,0.8315741168436679,0.7779423970182072,0.6726517322500714,0.7663008061385015,0.7067649986236952,0.8602820531135382,0.8274584450817994,0.6934115373477607,0.8485859761940484,0.7512151698948858,0.7343273064545927,0.849244393678953,0.7907592761552741,0.7785192435641005,0.726191936074473,0.7923207954167035,0.711044747122068,0.7720553318357954,0.8698927110311198,0.6134968225179077,0.7760496135312076,0.5884710204554299,0.8476048125219877,0.734197629337602,0.776643988966304,0.6955510625030774,0.8202348319751147,0.7037701119774997,0.791481837586595,0.7423156784994026,0.9075313951358818,0.8290225798919325,0.8423437477687649,0.7902371241034977,0.6714139044571252,0.7827211590868721,0.7811465304673288,0.7899795375254123,0.856649637775735,0.7841958941861555,0.7573371106783428,0.8265071464961922,0.7447763721241618,0.6801242981438054,0.780989299663534,0.7045969406751968,0.8439412331723419,0.6279789680819735,0.9115175845348599,0.649820106723419,0.7972887016924735,0.8606546440011549,0.7637752317739903,0.7779858007313012,0.691657009466474,0.7357262572583171,0.6991399969353072,0.7329362151801642,0.6462141782196852,0.7963304312322176,0.7868967876236023,0.8300131843768714,0.7640501990453,0.8352613892005762,0.7042613438827781,0.8041674633469357,0.6844404955048141,0.8019491951122328,0.7634243747502364,0.7430834819180734,0.8673206694971829,0.8869434792945413,0.6027603055864981,0.7275290972518423,0.8175198767980292,0.7362639431640294,0.8291336514135125,0.865123710283902,0.813135994063393,0.8228639377264431,0.8838257100117767,0.8135084112556348,0.7556556883685698,0.8655431803949211,0.7250046313023302,0.8370097824768968,0.7681552293929952
0.8999058671775182,0.9025611905814377,0.8943958562102914,0.8440852998027609,0.8576052191342788,0.8042141179642187,0.891439966543424,0.8547739816657904,0.7538680385782149,0.8591721010815638,0.0,0.8601575220621313,0.9053870256196535,0.8165996121475421,0.8610411454745224,0.9028401068723702,0.911318638495255,0.8929356881665662,0.8052991541999452,0.8223379394455119,0.8969133538026506,0.9337352049560965,0.8636068234934947,0.9081198739946925,0.8861659520025204,0.8660900263404568,0.8035115659069337,0.8761490691828077,0.912246669897673,0.7743661034235677,0.8028847184699274,0.8278748702835211,0.8434293564107118,0.7992859013018744,0.8561725836437454,0.8146640224474355,0.9285199311307324,0.8776243516687515,0.8572858851190837,0.8736522668361686,0.853146336430172,0.825195175503484,0.8362195726183379,0.8760544652979507,0.8619565419015612,0.8228616496464164,0.7667078454056484,0.9213236613937859,0.9329671431284831,0.8160515026729688,0.9025748275665569,0.8484713870477458,0.7797870484353673,0.90606765948487,0.9145556071571658,0.7581549582005769,0.8754311476185018,0.85511222383487,0.8713394399329615,0.8089705136018692,0.8738141476456094,0.6311792287150892,0.8491360885519115,0.7353816115290619,0.7326396098239903,0.7664430184583604,0.8491393917706952,0.8611461234492634,0.851543014729246,0.9204610046942544,0.8689432487086293,0.7890424474500249,0.8113465409332085,0.9337035593602482,0.8578757423974389,0.7655403151217802,0.8877245974906788,0.8853548093204312,0.814415359354591,0.7497461720411989,0.7910660172652261,0.8041522590483632,0.8815562805571453,0.8367778476029271,0.8094710965057118,0.8790343696276932,0.8121130900663854,0.8028061608428086,0.7840637711669454,0.7919534699926806,0.8958922599445085,0.7345844613293352,0.8968841479261072,0.8151565261305914,0.9061850872209953,0.8529888572633335,0.6709430940599368,0.7406058873698858,0.6637758974210349,0.8190765439914944,0.8081623856973932,0.8296621145470804,0.7163756173211088,0.7583970822691449,0.7837258435967293,0.8149469399506548,0.7702260920139845,0.8736674699302159,0.8381008300578066,0.902908701600066,0.8855678171243376,0.8199312561703233,0.8367286662050087,0.8083999771706499,0.8451959643268008,0.888892867511643,0.7835923784104886,0.8456929067276923,0.8613024019056723,0.7480809674424462,0.8411002442208139,0.765100034601835,0.805591365771837,0.9107700780442698,0.747222749627219,0.9023061419021965,0.6866516406801056,0.8286285084897286,0.8551792363907543,0.81253534146039,0.728091514416591,0.7795374572827862,0.8107410990509702,0.8246293794905164,0.853010684380868,0.7662775462869901,0.841477325429848,0.8585846695058176,0.849342984607774,0.8402164144771768,0.8184338828086167,0.7827013048766616,0.8607503880070994,0.7781444618380828,0.9183142819010688,0.8031900769568191,0.8330581256465495,0.8095764878266342,0.8615205157903872,0.6284538668838268,0.8431606249671197,0.831855652310908,0.8683331000689455,0.7916353133028926,0.8529896436516229,0.8780115410309551,0.9005158965584141,0.8697527692113025,0.859828976109535,0.8469871171937323,0.7844975904323752,0.8014545586056925,0.8287401513376834,0.9490868683354343
0.8460224669360372,0.8736548674883611,0.8205995821295848,0.8231189292123539,0.8285850897434812,0.8715661576616095,0.8795405097629232,0.8716019036102225,0.7774957759676676,0.835754273519138,0.8601575220621313,0.0,0.7746093459078588,0.693258570412683,0.8180659065632861,0.8205545659157875,0.8256134204524868,0.7608536215906466,0.9122136233332007,0.7613249570624485,0.9048063942144439,0.819801135334347,0.8276886391374142,0.8253648497302383,0.920992744916292,0.7793711467019848,0.6970223813142505,0.7919735961410759,0.8228626807392978,0.822090669671845,0.8840270043574825,0.850045248860245,0.8274830118819333,0.8774048759654871,0.8235413494424022,0.8328438802417263,0.8432471748443773,0.7810488052029873,0.859681596092033,0.747816433201052,0.8347266943473572,0.8524807120114062,0.8305609374211617,0.8939422101866107,0.8219115989691902,0.7779240501112139,0.8258469683885509,0.8469045917641876,0.8562880504651958,0.780138215705548,0.899012512127721,0.8774913617946365,0.7359486699684847,0.8892522251816094,0.8800946553797108,0.8221178870419701,0.82452689171591,0.9369708609339652,0.7477178559555332,0.7636508329464702,0.779004467835107,0.654437477520988,0.8417908405051799,0.6843407641354801,0.7119181818654576,0.7125929790748908,0.7246474173055183,0.7798906206344788,0.7080684565576287,0.8541378957011463,0.81318119992572,0.70202284744943,0.7454453930926913,0.8327534746749221,0.79862415062541,0.7572990731300269,0.7778556526952478,0.8393205018320691,0.797217121183067,0.7119844080093146,0.781374546062112,0.8521345999512842,0.8626702874917168,0.7392177701535839,0.8346704016827464,0.8371874660670019,0.8109215376260612,0.776118470181146,0.7943328882296629,0.7833156049158048,0.8748222927360257,0.8758780688079342,0.8553098610571879,0.7699541431144136,0.7916373904120175,0.8964725724834343,0.6882111763447636,0.8748249565394456,0.6832457016443829,0.7943719563349728,0.7258491208990766,0.8248051524271706,0.8182711680050686,0.8612756583824455,0.7917014634387439,0.7810407932762042,0.7670738441723082,0.8490873861641625,0.7689128538989576,0.8586266673295185,0.9474325384114481,0.8101156424198941,0.7870020067643233,0.7276682074634401,0.7846462714917835,0.8176756486971682,0.844971784985754,0.800465964309187,0.8568825727465439,0.7385423726513394,0.7428465891200478,0.8111347982378383,0.7860184533158017,0.8927265434867692,0.7015981660247407,0.8879526602652791,0.7064607168373492,0.8148697432455291,0.8647548163984446,0.6915116821282822,0.764627564375144,0.7497186127287663,0.6698223418486544,0.8230125246371913,0.7837111190657615,0.6879619251155781,0.8279559553337957,0.7738300254941435,0.7256225780784799,0.8719985595137415,0.7786297294343058,0.7556253168730667,0.8717474448263446,0.7913212375709371,0.8446233124671134,0.8880709866117181,0.8792672302918153,0.7563722614441128,0.8888957651570286,0.6333387193634167,0.856030912019723,0.8436431407144943,0.7862453182573993,0.7384469776597491,0.9464294169586159,0.7886390457299723,0.7435018213120409,0.8801746780737827,0.7696670964850952,0.7947683390155341,0.695357520452831,0.8115570778301263,0.9124147137497864,0.850268400581452
