0,1,2,3,4,5,6,7,8,9,10,11,12,13,14,15,16,17,18,19,20,21,22,23,24,25,26,27,28,29,30,31,32,33,34,35,36,37,38,39,40,41,42,43,44,45,46,47,48,49,50,51,52,53,54,55,56,57,58,59,60,61,62,63,64,65,66,67,68,69,70,71,72,73,74,75,76,77,78,79,80,81,82,83,84,85,86,87,88,89,90,91,92,93,94,95,96,97,98,99,100,101,102,103,104,105,106,107,108,109,110,111,112,113,114,115,116,117,118,119,120,121,122,123,124,125,126,127,128,129,130,131,132,133,134,135,136,137,138,139,140,141,142,143,144,145,146,147,148,149,150,151,152,153,154,155,156,157,158,159,160,161,162,163
0.0,0.8969032049299871,0.867014123348547,0.7695828490442465,0.7800663271768865,0.8431321654763015,0.7860620002463554,0.8602931227397029,0.8724766109405923,0.8709126785462251,0.8848502504606295,0.8068923545293522,0.9178722708424303,0.8383695743263264,0.8324096057082014,0.8711803408434016,0.8854189037779161,0.9468315480632219,0.8722166275560773,0.932158607000514,0.8781068913993462,0.8828096734621121,0.8088471305081228,0.8358587263701883,0.925537938905136,0.7818255060753995,0.7609077014281256,0.866381460227589,0.8490782953706348,0.8195034632129404,0.8539305730713131,0.9070942433008515,0.7925748822287482,0.7602529088489326,0.926857233989623,0.82325870559772,0.8996263011096002,0.910197382586975,0.7454132714338363,0.8727092050962643,0.8297378740037623,0.8403681709929445,0.8860567153295287,0.8525936715209101,0.8665824492232799,0.8465217060687527,0.8357355697452222,0.8682537077112181,0.9226482947262906,0.9032110482048639,0.886727911680985,0.8843855089482452,0.8111231095187976,0.8385705712277651,0.8637136658426552,0.8456885843775809,0.9400300617565267,0.8272051695073087,0.8774028200439522,0.8509642979273405,0.8358276377890652,0.7379270925565531,0.9161549610023495,0.8016247006801684,0.8556714324693928,0.8489238281425642,0.7895832642622904,0.8461376923242748,0.8745024703027293,0.8990520022755123,0.9128523746826619,0.8754501992655157,0.8643026179410248,0.8919051222275983,0.8795567457650796,0.8486134319048766,0.7727969360887029,0.7521571608576895,0.8117018635929102,0.7304690703807348,0.8292685217505422,0.8644947887808913,0.8458192333920294,0.8674907977940447,0.8927198856289481,0.9218365476834793,0.8504215967448737,0.8602419402964495,0.8487222784726347,0.7513344781658873,0.8707395079501768,0.7759038104807234,0.8983251225443639,0.8928841229571678,0.8996482264468902,0.8126450139769762,0.7660219646067392,0.8033425922381876,0.7551679878481591,0.8329569165841276,0.7836528238443873,0.7720476674984613,0.7485966527825613,0.7806453574116599,0.9132644736450036,0.836201910953992,0.7987885604049382,0.8377568222982297,0.8434042310150858,0.8472507702535516,0.8163942680370635,0.8552548881519169,0.8629442485675606,0.7512343043905112,0.8892085011450174,0.8819044613328566,0.883126617756352,0.9018782340773654,0.8392942518683454,0.760827005657347,0.8513265859828085,0.7509386131674095,0.8698455027917948,0.8640676120466413,0.8577833603419464,0.8389210067751881,0.7485784485113814,0.7607239749937209,0.8415250328593339,0.878029061446025,0.8321172660866992,0.8392789682593947,0.7998608588697346,0.8107919612638445,0.8509796499171617,0.8414356514386084,0.8716158875965145,0.8711173347483141,0.8485407679902355,0.8598048276065647,0.8077483226495075,0.8324536250175643,0.8659710279212722,0.8081347445441119,0.8579337422407574,0.8182744047833576,0.8444306130549621,0.7328325914060381,0.9300006602774099,0.6796680343456344,0.8956993806111695,0.8365815820181811,0.846851677579361,0.7787161103761198,0.8187870298437478,0.8795920367396332,0.8797744669564328,0.8032523479264781,0.8282912537907583,0.8631271615038528,0.7824941225155065,0.9218660715172324,0.9249410074726915,0.898790586537974
0.8969032049299871,0.0,0.8489845614150695,0.8313251176143134,0.7458342915052038,0.896763216438452,0.8056847537027778,0.8600824699300894,0.8434256948766353,0.8693202815066665,0.8392822677190168,0.8326762788049223,0.8748792757267785,0.8543803714783457,0.8396454544511525,0.8123401529639025,0.8355638105645895,0.8325459548459948,0.8484843402279418,0.8316466412798158,0.8438157805602611,0.8738208587874837,0.7421836469927474,0.8270528482501851,0.8404008086231116,0.7447378123703712,0.7455101509909979,0.8094682378750133,0.9174324597556728,0.7641350828140977,0.8572541112130565,0.8591586707260752,0.8929777584077188,0.7331080131164411,0.8818068641395443,0.8522884350583471,0.8347718919910146,0.8531118518509643,0.7919453066978914,0.8739753482896182,0.8913815856567839,0.7998358811916335,0.7613220394636039,0.8469072855601517,0.8386208422042013,0.8094564847148817,0.7987534816507955,0.811821002364296,0.8293644262893607,0.848139748111493,0.8692983136179937,0.8779243885559094,0.847717147079381,0.911965837963233,0.8814253793486333,0.8939679150622029,0.8740722327381288,0.8102653743875016,0.8076516667926851,0.8762155231513042,0.8754127441996906,0.7683645864989688,0.8582049142408835,0.7544284917991363,0.7994797071312932,0.7890045062735486,0.8057171371980337,0.789009757322195,0.7496658750562875,0.8158150011058799,0.873829687098209,0.8307916763409882,0.8025653378145067,0.8641326237465038,0.8652095534596961,0.8120327971081925,0.7615427613347575,0.7763179437150238,0.7587997527679462,0.7472887111577549,0.8303324308980484,0.8644864452049995,0.873512059403952,0.8475526527060091,0.8276929305673969,0.9086067337758817,0.7820540205590654,0.779276808889386,0.8305694336292487,0.8410920166298648,0.8174908000946517,0.8336494823546015,0.8887531043779191,0.8790230041910104,0.8975716239587935,0.8513854372137158,0.8132742140610697,0.7967281120210419,0.7628832164869827,0.8605220501080147,0.818608514834482,0.7064332867381838,0.7010296885619853,0.757903666404791,0.8727963310413843,0.7873189222254747,0.7822355356005155,0.7718047757520695,0.8467183250418773,0.8339823447318848,0.8151808562102095,0.7844031360784809,0.8528502923725684,0.7301565256130904,0.8682568495408558,0.8924260658154609,0.8417883155799757,0.7682628539317278,0.8220726635102414,0.7940959938481664,0.8144263125176298,0.7703139805149223,0.8064477246743786,0.8898800333647792,0.8272318563679555,0.8882858079755821,0.7821108926604268,0.8075819183036373,0.8526347695756692,0.8333446896260125,0.8210241506246455,0.8166205060219132,0.7859864274104532,0.87078745488338,0.8110729069362594,0.8010553610418432,0.8060527727490624,0.8556686782126665,0.7696481609889069,0.8167737752078353,0.8304842306611029,0.8290908815596058,0.9239499432259002,0.8183277903854278,0.8291103573416551,0.7308458597249863,0.8740754829899815,0.7819189368473245,0.8347521942278188,0.6976531250405199,0.8358065708190924,0.8600912102403696,0.8085533542804403,0.7835422807617684,0.8056691289812417,0.8311968351967589,0.8549777014047824,0.830498738038016,0.8715502980989368,0.8352303269465959,0.7740930492915605,0.8880183103075008,0.9325674955590053,0.8469676378853579
0.867014123348547,0.8489845614150695,0.0,0.7911233833203999,0.8370226511127142,0.8630211972081401,0.789169790667738,0.839809257029112,0.7613743230065088,0.8778019169028226,0.903468325627825,0.8157588383861246,0.9099644374842336,0.7622211429785365,0.7660414395552887,0.9280210688937622,0.9290625174348582,0.8576253108929396,0.8124358174834732,0.7931596522361596,0.9233404137654481,0.9105078101261131,0.7860053036259272,0.8326935696882665,0.8409300755719564,0.8118893219971225,0.7649286629446159,0.8386380951417439,0.8268446428869111,0.8437266268006283,0.7105285649979685,0.8783304540473128,0.7703875853972418,0.7132150301066364,0.7615416123770539,0.7667428410588949,0.8424741855685426,0.8213505279972716,0.7169610104962116,0.8952600691630762,0.7955614602621018,0.893176032149425,0.8173474418264703,0.7888728692815623,0.7970160590397412,0.8049753277810555,0.8262631935732244,0.827632989903261,0.8462370758339053,0.8356650531305989,0.8876338045257224,0.8832306402384642,0.7497315944602971,0.8492961781473729,0.823714436184417,0.8081202928543271,0.869830255006644,0.8894654635942951,0.7970797611436783,0.8031224809249028,0.8238930033717146,0.7110774832292514,0.8992118047054176,0.7117697746603929,0.7473510724616017,0.7760913859982018,0.7611082902288097,0.8395684354050817,0.8368199548065625,0.8569905190737539,0.854396639258215,0.7177743455719148,0.8093359118355872,0.9504117298617221,0.8725326889383205,0.7034377615534635,0.8770943505116596,0.833636503310727,0.7299769840242071,0.7309617950092798,0.8153099618464718,0.8002975384273225,0.866707863153943,0.7948053362533315,0.839469824883221,0.8486653962833536,0.7755727302434725,0.7545555908759178,0.7670076629815765,0.7142080088937535,0.8928819829966813,0.6906600924475165,0.8573616095213241,0.7836220054857417,0.8544403398562626,0.7553785313251311,0.7004909963402525,0.737489175288877,0.6613006803530237,0.7935482975231545,0.6587933376167039,0.7958136092960253,0.6904628535617204,0.7086760426843375,0.7965680711730398,0.8495846155097,0.825741857239828,0.8200562604338538,0.823357502952987,0.8424526918267075,0.8200805076198332,0.781004396496538,0.8198078739401231,0.74780327126132,0.7975379186421756,0.9207114448539561,0.7732860935200796,0.8243172335185787,0.8722753109106869,0.7187592593364055,0.8137281360990098,0.7344803743959385,0.7786807565805886,0.8587454970491842,0.685155963638682,0.8042232043841556,0.7682953060690089,0.783886482981145,0.8065939675196409,0.7796896985243238,0.798075001624274,0.9367666390616848,0.7183205428978489,0.7348649927049374,0.7594483175542162,0.7173175390316584,0.7709637248813537,0.774912846411932,0.7860509510537097,0.7743244488008219,0.7087239497744514,0.7958327400483899,0.8278335219167202,0.7748042352484361,0.794481774643625,0.7506686279080209,0.8305089122360549,0.7701636975982457,0.8321365214728331,0.6734824928086213,0.7494201820002429,0.73061596247965,0.846813838870467,0.8586716837752137,0.8092165764942718,0.7851423636639804,0.8605177205944491,0.881153800166492,0.7221407801943732,0.8638062811038915,0.745339145892445,0.7458278261322265,0.8182825155065027,0.8627609871111204
0.7695828490442465,0.8313251176143134,0.7911233833203999,0.0,0.7246657648962874,0.8143694037503486,0.8603911623381684,0.8117269776396431,0.7109849797539706,0.8206544091534481,0.8138529845608165,0.8531111146604569,0.7550676097693602,0.7199517215535689,0.7845341668549497,0.7199918336872038,0.7556419004780773,0.7327208017133595,0.8181099542055169,0.6811062192580983,0.8046351409720333,0.7872130917305151,0.773597768631948,0.7686232855011379,0.8250298510215109,0.7674490226653694,0.7316146451217845,0.7697532975196569,0.8056863866915013,0.6782265909606646,0.7629954476920011,0.7414774339600303,0.9172330218785661,0.7390916506728773,0.7830852612486374,0.8014411671360043,0.7686224397131893,0.7275511348242734,0.7220564915905043,0.8229936428174573,0.836760113579478,0.7751226342909043,0.7054296306698953,0.8267067476057399,0.7720276445910406,0.6987606055130374,0.6906853616053156,0.7580057063374894,0.7905914862739618,0.7219167234675762,0.831757172291053,0.8346660318084038,0.6793736054009574,0.9108595888262776,0.8548532344860773,0.7610552194772919,0.7381119923949079,0.8255057341546345,0.7361647357826168,0.7258434882381347,0.7896320213552805,0.6402354478725989,0.7881651388035075,0.6609274420134468,0.6732819838133833,0.6696569008530749,0.7651371933449861,0.7088867239040022,0.7014875465688417,0.8029507571452998,0.7471824458846477,0.6769747066724747,0.7746942423025025,0.8271621772713523,0.7453185187373675,0.6571845021470384,0.7484536233105613,0.7552081915642253,0.6903814933020344,0.6298792308734042,0.7080540070824314,0.8267777607364223,0.7352769376140413,0.7233042564188495,0.7812342216559345,0.7764478083530416,0.7632143796342188,0.7151552942210664,0.7176247753547107,0.7145202359020385,0.8251720357608897,0.8229796042950767,0.7722075171970734,0.7001271724586062,0.8220180883945977,0.8353447354103654,0.6680094170203047,0.8127717702061938,0.668298610521258,0.8026008599102545,0.6756710132662234,0.7062336687555439,0.8279586137240398,0.8335875220117788,0.7637278272493867,0.6920057651671199,0.703566544311681,0.7528036837743106,0.7376082735776495,0.7504679849278587,0.8754333039861518,0.7550390088891062,0.8054443736074867,0.6854139228084983,0.7511441197111978,0.7992166569542442,0.7333529808589501,0.6897347022606903,0.8751975848392287,0.7586899163952597,0.6813866274874594,0.8361805128526291,0.7177937495582787,0.7928814693881188,0.6765209685778334,0.8211306814055963,0.7158583955596519,0.7158084710951732,0.813765724183442,0.6948012968977274,0.6898323215000258,0.7057943263717529,0.6608599912797812,0.7913221909660054,0.7198161193597012,0.6275005013534846,0.6535743507515895,0.780838819580289,0.7353562660085783,0.7228145473902893,0.8234264229972901,0.686384379877424,0.8354310425831745,0.7800484467043893,0.7485223173148662,0.7590571408424125,0.7682628930890988,0.6620203324111953,0.7461535982916747,0.6045352444314978,0.7999938709871063,0.7385827934522468,0.7349005729862086,0.710461486917586,0.8643477756439321,0.733118533480527,0.7331710120640494,0.8219051739390837,0.8700634241154556,0.7796768043860143,0.6875864161243486,0.753388615724228,0.8054018037965337,0.789149686881451
0.7800663271768865,0.7458342915052038,0.8370226511127142,0.7246657648962874,0.0,0.713854249060601,0.8364343677178576,0.6782781483797402,0.7505304283671946,0.7124946411967195,0.8572877735048439,0.8144787630149439,0.7227082972482565,0.6923209790888709,0.7927123640477721,0.803983548379882,0.773611848214546,0.7566536102097787,0.7332534970377489,0.7003999617771294,0.8295809952222747,0.8656773687552084,0.7610190641085085,0.7994743942317005,0.7444503035094946,0.7758190973416413,0.7092496750265448,0.6790840673275739,0.7872027824793811,0.8516093684166879,0.7257039881637233,0.7377577914627755,0.7296429441529875,0.6455148589675185,0.756801299302585,0.7608459619687883,0.7778359569025589,0.771531217254914,0.7867299584502756,0.7911701971158529,0.7710970697238856,0.8177427327287741,0.7853835920365129,0.826194898522959,0.6916252543682883,0.6771751547855915,0.7845335124063103,0.8213344028641715,0.8222034245553521,0.7922491981569264,0.8238623928360835,0.7712703887153608,0.6568625830426522,0.7808555465141654,0.8117455740035968,0.7041153584149665,0.7681583699494205,0.8508551610156483,0.704729836083709,0.7115422890778106,0.6367841239352267,0.6499356739553787,0.7646867667968397,0.7091526275686069,0.7042261744206822,0.6284761271285578,0.6595614700186596,0.7812773853114927,0.7429660076473463,0.7364483100892963,0.7982527517940453,0.6987480811419647,0.6996204093678662,0.7861293755936659,0.6972139735400685,0.6137861811991787,0.7769366933706084,0.8907831175195141,0.6422259416980111,0.6643879525438533,0.6690970213256134,0.7828014108622754,0.8294914132045952,0.6455114958188141,0.7426442185418244,0.7392159521583587,0.6757133794729926,0.7170639533966398,0.6219499023036424,0.6696181124641598,0.9120961760194316,0.7054080145012437,0.8626717519679361,0.6650188569807108,0.7888629423695724,0.761073147198434,0.6064549686210984,0.6622979470534018,0.7048302159563712,0.646029801078131,0.6638646365908792,0.6877200125286251,0.6905133500907078,0.6898490227079136,0.7163505731866767,0.7172178842299,0.6592024910101607,0.6956812289429688,0.7312097821757104,0.7481372478834982,0.7961173032105751,0.8102900258892672,0.6721893366122532,0.6750115619516135,0.6912996308110388,0.7717813790328886,0.643861364907617,0.8448713537122791,0.7461618054655015,0.6744587929107124,0.891428241247854,0.6807199992366628,0.6875792785247159,0.7981275726816855,0.7016595596967422,0.7448706841962952,0.6710847299168498,0.7658226718459585,0.6995166504031152,0.7396094987259123,0.6864933060708833,0.7740280172540902,0.6238833391626509,0.7490612615846869,0.7201846535702642,0.7158558189786799,0.7180361978390595,0.8015006853230929,0.7172120698249009,0.7964771971431256,0.647296460048997,0.7523261909883673,0.7528172179252424,0.7724677715154057,0.8045470457526552,0.7406642065842738,0.8822177852922144,0.6504854432400805,0.7319666223702636,0.6290890646442693,0.7236562963628773,0.6726238153395496,0.8046476407306301,0.7929960289415585,0.7458935785491246,0.7078510923629375,0.7248463967855661,0.7698500154285238,0.7099830253998258,0.7609240172950987,0.6081628515555031,0.7029320799957527,0.7596240770985345,0.8799369164907179
0.8431321654763015,0.896763216438452,0.8630211972081401,0.8143694037503486,0.713854249060601,0.0,0.7487230146265477,0.8520678703200867,0.7625902329133163,0.8583085837503962,0.8223066636516768,0.8187908157950738,0.8755548061190104,0.7626242360388489,0.7344872252559044,0.8339110768613887,0.832134984253595,0.758903708027623,0.8225378765495166,0.7510013109365502,0.8405245740899547,0.8020713978775943,0.6804091812868819,0.7580565345009957,0.8340310313339825,0.7489342947106677,0.6700627421608406,0.7879712954689516,0.8534269036196082,0.764922972650756,0.7689360929746535,0.8752676273962754,0.8349540575283481,0.7175623177453546,0.7726269522300111,0.7652055869009837,0.8350056491183664,0.7830441516696758,0.7106495716371304,0.7870589189004008,0.8022958741696292,0.8151658514337554,0.7357401239837038,0.82393481797847,0.7717648744220337,0.7635534391437544,0.7831332837745463,0.8120912303847361,0.7540737864797331,0.7587569310786092,0.843672143301028,0.8939713774346774,0.7699077984975217,0.8641987026265984,0.8233831467325341,0.9181564512273284,0.813071702626134,0.847994844451032,0.7153349215890085,0.7788633133766967,0.8873547493212828,0.7585583195339317,0.8853005415777919,0.65974128157576,0.7174975621609322,0.7729186221117934,0.7560331955058633,0.8001036794458413,0.7086598397344664,0.8237432907747063,0.8357535143275587,0.7118597806165371,0.7903209161200221,0.8483343431227894,0.8610601928147675,0.7800570987278217,0.7748883120845056,0.777160738506587,0.7298639380830974,0.8396251310074483,0.9049415095338416,0.7898991930584788,0.8658009511160726,0.8496579412812346,0.8121209442499824,0.8369715986886123,0.8330255179779144,0.714517423906988,0.8141748733211872,0.7814741176723821,0.7947377359402282,0.7680727218153766,0.8065507577623687,0.8249641843757037,0.8149738052811653,0.8404249371928492,0.7641911981537634,0.7943470001536559,0.688885180723622,0.8256007829657965,0.7205408896475435,0.7280713197945152,0.6903193932876452,0.7363036692340594,0.8105599176239684,0.7842943209513936,0.7866052137696368,0.7700142544557741,0.7730341844328549,0.8253253827367849,0.8144637562544155,0.7154987000722673,0.8980270846406058,0.715480816496159,0.8201028143615422,0.8742067037735942,0.8338516184750981,0.700169899440699,0.8683159994825181,0.7765496754045795,0.7241143891136167,0.800716846378052,0.793993502998158,0.885519133224942,0.7412533735860242,0.8715494584808611,0.7673791394854389,0.7680192359508471,0.8320535996730641,0.7225276580898858,0.8118514870077729,0.873031735512279,0.7689545202038861,0.7987408965094636,0.7321679012094816,0.7167493457368918,0.765650601246621,0.7327897298386761,0.6755120089384129,0.7352096341915734,0.7976702055894501,0.8059610655131946,0.8263400544543118,0.7454928704435377,0.787107911850788,0.7029932048332549,0.8100433741382722,0.7939051582226616,0.7950208881826639,0.6858069621909662,0.7774158137169411,0.8158295353837595,0.7185024901037552,0.7144646035922406,0.8220992514734421,0.7801445173320657,0.8120806253599113,0.9027056444234147,0.7782989437131745,0.8734571153884563,0.7660895181719481,0.8436696326845283,0.8679769926630774,0.7986155953598651
0.7860620002463554,0.8056847537027778,0.789169790667738,0.8603911623381684,0.8364343677178576,0.7487230146265477,0.0,0.7063566027052774,0.7069847370454172,0.8093044711617386,0.7947143610320916,0.8198339155996907,0.748276940940378,0.7332942714150357,0.8637755115574716,0.717823539541108,0.7203840403305273,0.7453368302287974,0.7393549343976981,0.6793921262366968,0.8041691105083265,0.8170642241980625,0.7807319629087106,0.8200887752110116,0.8057874135999858,0.8076595963943353,0.6932142176149972,0.6766268659265454,0.8108528464389854,0.693729354460416,0.7938426311921154,0.7634455943542614,0.8577746961466022,0.7095033697185191,0.7970432967114008,0.8023189109715073,0.8243437110780175,0.704327921731376,0.761769729099894,0.8546413372206378,0.8048498088387853,0.7697324638987286,0.7677367024616552,0.8860362083870605,0.7640103920373498,0.7138392210459831,0.7875686365296998,0.8249027179104456,0.8689237269285806,0.7631257690544146,0.8791796138666862,0.7975229236771676,0.6714303832868189,0.8753414604275069,0.882595041890371,0.7744364321658317,0.7364848823935088,0.7638361691825836,0.7999122624651884,0.7269855145106848,0.7030694249236982,0.6662150656755315,0.7523731935474579,0.6949081789102779,0.7326514068644799,0.6723538891303257,0.7935384781439981,0.8282270354412202,0.7086859280604756,0.727948255486128,0.8243457937281239,0.7266368029613778,0.7423330406705348,0.8285121449080246,0.659951344612424,0.6867533061189297,0.7977577495329821,0.860787905297684,0.6563315601491903,0.6546316999438619,0.6914150078128795,0.8439075237496078,0.7946345380476101,0.6509061952526924,0.7486923012762551,0.7270850649539873,0.7121244996954992,0.790191337982909,0.6820962876556935,0.7258573475607923,0.8503268646052052,0.8533768473553057,0.8247221997015253,0.6976611994610094,0.8365965402226249,0.8644882149721851,0.6389541899251303,0.7554126719012425,0.7119376165619322,0.7724495540156561,0.7201524560756486,0.715338773550152,0.8313117524248039,0.7845723308166712,0.7374258732919146,0.7046597942969626,0.6820226690391127,0.6870255155681063,0.7917477517221498,0.7935245823842303,0.8896895045229668,0.7868849117242742,0.777340554668327,0.6154426438935273,0.7216300297010162,0.7434506082062686,0.68836601977412,0.790135274025709,0.8167490822391846,0.6984204240597118,0.770492365996254,0.7349255269631614,0.7034738207387556,0.845034380795808,0.7124709489953165,0.8184506228623813,0.7134977421375486,0.7672010072080658,0.7526867633792598,0.772879052329587,0.6424030738850909,0.6818215427948512,0.6230613116293592,0.7409397424746036,0.7378667825210816,0.7117505864162569,0.686512472509967,0.8579917940673447,0.7300303935291662,0.7558246090959576,0.773472841533368,0.7200820214043147,0.8419960343520301,0.7755694507432528,0.8131214228467161,0.8249921164045199,0.8174863022897395,0.6751120963606564,0.7402088656042253,0.5621486490961294,0.7772482522184815,0.71236396241634,0.7146315792198611,0.8292621184143815,0.8000760136562048,0.7673360375107778,0.7285694778756894,0.810892015593844,0.8518473973766624,0.8049259618504421,0.6914279709707887,0.7387251222540541,0.8217364865145454,0.8016148506373063
0.8602931227397029,0.8600824699300894,0.839809257029112,0.8117269776396431,0.6782781483797402,0.8520678703200867,0.7063566027052774,0.0,0.7962905462163591,0.8412404991159287,0.815913284971341,0.8242882059651246,0.8828656431639218,0.7728794476882108,0.7574639882961811,0.8473693358959349,0.8515733868214462,0.8291890202318823,0.8560979653587256,0.8352832656312995,0.8276222236787134,0.790127238321031,0.7703004302026706,0.7610607369299747,0.8565885959040547,0.7689688010730742,0.7843213663154893,0.8702578131284411,0.787508444662361,0.7695223294493816,0.8115674123760857,0.8577356498283275,0.8171238199253688,0.7825680707956751,0.8079738976566886,0.8177682835945048,0.8201257665898328,0.8646965151462046,0.731016507844214,0.8187882869756499,0.8231874934811918,0.7601542076764763,0.8016935820657949,0.7592417986711502,0.8895650628908502,0.8396141362191394,0.7530239000438826,0.7637276234417224,0.7968542262144798,0.821944721183061,0.8310496256678505,0.855956811388211,0.757929100580536,0.8309762052513054,0.8341993812311269,0.7990866465312733,0.8627174074411211,0.8517177336121329,0.7546697251452376,0.8508405412704795,0.8967778074574142,0.742469842213517,0.8844099527831416,0.7273010808865412,0.7316819367445806,0.8067912089222969,0.7675854527623915,0.7371088952394742,0.7970239024451485,0.9111091969963446,0.8113647203720235,0.768136121851102,0.7939016714447016,0.8680665528969896,0.8977897394571641,0.7652276411679265,0.7756297577651787,0.7068166032935924,0.8392589946800362,0.6727656723027935,0.7763732970285003,0.8026387933260071,0.7805665910495716,0.8954458310782194,0.8550686659230148,0.9219870692695419,0.8602492090538387,0.7729849421530859,0.8829906923394424,0.7692096654027311,0.8014079296191037,0.7474568288001482,0.8131942976892174,0.8208213315096056,0.797644564970866,0.772788351823883,0.7881401091739278,0.8111214189300767,0.6853878688618102,0.8602302534859898,0.7225520262450023,0.8321970867873959,0.7313718199617295,0.7708640885626484,0.8804038758954605,0.840209706279446,0.8415576456272801,0.821919652942604,0.8042988224086983,0.7631759764608521,0.7706104738098606,0.7814446696323427,0.8159033552320637,0.7837006245509481,0.8764649548943048,0.8834080364209451,0.8364473829663083,0.7552928566943131,0.8061434278832543,0.7708004334798089,0.7317450629899492,0.8697073510588839,0.7871383779869345,0.8070315536036193,0.7014332641969461,0.8391629283614566,0.7578190935150397,0.7992840930297757,0.8575718622098888,0.7850470987872687,0.8232715573532202,0.828228571392605,0.8061219248472709,0.7719971598087427,0.7731540231688848,0.6899264514497575,0.791758460363239,0.7820480001042833,0.8115755824965052,0.8267837306356246,0.7794336127055146,0.7659155035960141,0.8204392108696514,0.7674763195495574,0.7724081887965751,0.749395987846021,0.7882372482697309,0.7427529144449223,0.8583082283935306,0.7026120771265928,0.8412637444815197,0.7687842341842422,0.7951419825767866,0.7413147740909941,0.8337162166058419,0.8182368594731703,0.8071967553019634,0.8155071383224813,0.7562113059157411,0.8091798375847706,0.7389776074050853,0.7999400922191435,0.8802660960830772,0.7804012288580994
0.8724766109405923,0.8434256948766353,0.7613743230065088,0.7109849797539706,0.7505304283671946,0.7625902329133163,0.7069847370454172,0.7962905462163591,0.0,0.750799658184541,0.8254809326131187,0.737586349017064,0.7721955446751657,0.8226356136064746,0.7671065883600876,0.7536023896898493,0.7545036244034475,0.8277664395174639,0.7708480240141112,0.8067249283112282,0.7316999715916647,0.8705810628636785,0.6912341962354411,0.6936698188260654,0.7693876274635175,0.6338300445059756,0.7719760924474951,0.7554290430993589,0.7889912959615473,0.8278935714767217,0.8187033659424235,0.7758636200603842,0.7342864598951573,0.6245799496510209,0.8626676909048493,0.7734326119954358,0.7642734003963588,0.8630471745495053,0.7435964397356781,0.7189499598337371,0.7322580495117691,0.8179167388067339,0.718793567638388,0.7389473811615395,0.7251024997644329,0.6775355720111209,0.6901120720967752,0.7320647283621463,0.7691439266454139,0.8113444733192018,0.7578980222719159,0.7200505966361084,0.7706098204511599,0.7560489652294486,0.779731048451647,0.7782351546705516,0.8007331514811709,0.7885683177713118,0.7486518298226942,0.7694529681193486,0.7557843421194846,0.6999076391498213,0.7677567397553523,0.7602296470844401,0.7625222746115181,0.680785980556378,0.7025304354144222,0.7266348951190162,0.7928614860933231,0.8495293455613238,0.7989430834368004,0.7932167686763156,0.7887292458907496,0.7494100029805435,0.8305335264785532,0.7077634172241111,0.6839372385243472,0.6765474494818108,0.6549969763698941,0.6236086051421685,0.6866142481275634,0.8440489139999146,0.7926526661892828,0.7510012062970115,0.7509674721498303,0.8172568148706578,0.7847088177723957,0.7798098159842121,0.719029931288628,0.7483699515409673,0.8141126506385972,0.7550279142789705,0.8321453092708199,0.7516227261602838,0.8586636110373486,0.7596208412461274,0.740951602017748,0.675013029905632,0.7758663787019662,0.6937505821740131,0.7594306029440567,0.6723544233333264,0.6415679107203788,0.6764771556635856,0.8391996006854818,0.6677331834289382,0.6509017649071039,0.7095135001389491,0.6854451945738148,0.6931221551084759,0.69573886984474,0.7731249664494156,0.7466085856786447,0.8150897780876659,0.7372549775886241,0.7758237388726433,0.7218612537364056,0.7971915704660356,0.684722684493603,0.7853803004774327,0.7989133429886992,0.7299077251925548,0.714573636250568,0.7314960095353968,0.8671084787757605,0.7212214332568547,0.7077732377912148,0.709446227070596,0.6982607158863676,0.7616185556469871,0.8584366815158284,0.7681609925188406,0.7787092376862469,0.8764138187686585,0.7630638769008499,0.7594056352276287,0.7212632906948576,0.7583229403622502,0.7149305133959816,0.8003497288943197,0.7310360337732595,0.8072374439621902,0.8306574773882149,0.8587701188802197,0.7468336340521662,0.6872638471035667,0.8492543407340757,0.6392877982524424,0.7677482407893719,0.6824458730140445,0.7998611172740927,0.7824521183621214,0.8388717396856031,0.6746997679664591,0.6830132547238378,0.7802961951994521,0.7751858562307102,0.6730553553037082,0.7771975471843491,0.7435184433515963,0.6326125859537829,0.8406044284202135,0.8386518484548424,0.8506790539241735
0.8709126785462251,0.8693202815066665,0.8778019169028226,0.8206544091534481,0.7124946411967195,0.8583085837503962,0.8093044711617386,0.8412404991159287,0.750799658184541,0.0,0.8148691693265198,0.7623761620632479,0.9094867788213413,0.8114235903920998,0.7590506746896747,0.8267242517419481,0.8522375516008588,0.8680910511500137,0.7817789470651214,0.7700998550793604,0.8026701228004268,0.8103159660891235,0.8009069290100949,0.7573412971702463,0.8941990946709922,0.7631379237954808,0.7832118256844681,0.8474022598929172,0.8636336831860167,0.76346369198948,0.7415911476300426,0.8792975827169753,0.8159814927712304,0.7293715701123777,0.796842029302061,0.7590802965285016,0.8421902203011187,0.7917134391051412,0.6358676747418396,0.8721543342650333,0.7801992771489507,0.8214896055877154,0.7764578288930744,0.7725643124088749,0.8132612211235076,0.8033124208013286,0.8149682731621516,0.7726778393659923,0.8542240614385725,0.7751758768215368,0.8367005098856528,0.8450538080950271,0.7571839986617757,0.8077711416922835,0.814857043337819,0.8615048920945376,0.8005565367333768,0.7978237053875075,0.8403485491309002,0.7859011485209233,0.8200660469814015,0.7146006767621624,0.8493657234420544,0.7073367709991212,0.7269626830203756,0.7724934286403218,0.7798233108507243,0.826210583502635,0.8402370843628996,0.8620499017926615,0.8043177284995274,0.7598067542499115,0.8122504653190866,0.8835465488774584,0.8387945802561153,0.7995385849527693,0.7702241473097534,0.7674637290724625,0.7367754791075506,0.711150684724231,0.8251881401110324,0.761179397017733,0.8219956831086864,0.8309763042505832,0.8031630746037018,0.8299728288080294,0.781408765335741,0.8038024769278542,0.8601309065915432,0.7044092545421098,0.8260279013344355,0.7518953264973307,0.8142235468399335,0.7809283453917015,0.8350612528082918,0.8121023122321187,0.6735304076181364,0.7998174074524886,0.6731382536642211,0.8664496232957487,0.6952073607648473,0.7299824826255782,0.7467358913489,0.7942332214625474,0.812078607727285,0.8004555016473481,0.7735604243563461,0.833767037837791,0.8339992666328822,0.7936261415250276,0.7783520358881395,0.730710881691546,0.8647061414611288,0.730413175758833,0.8274035528766419,0.8709063117250112,0.8484765187407363,0.7787933067407113,0.8692248081776466,0.7744034927679693,0.7073871707962994,0.7715467131466879,0.7708983948345647,0.8311847687225211,0.7036255188591838,0.8367486206480688,0.7519499868819361,0.7204588334904019,0.8317699658290761,0.7956947220488586,0.8227272494325434,0.782445483970012,0.7269951679770343,0.7012517543441219,0.7011180657049122,0.7025660514747637,0.762952839871201,0.7850750579879541,0.7838918578129715,0.7308033635414513,0.8247923341587139,0.7678185142260687,0.8270880892722523,0.7322920520197967,0.7587016347080943,0.7825070095202349,0.732415132897233,0.781631105010058,0.8635131329465355,0.6410975758556607,0.749889900804488,0.8106658033754512,0.7311297964915858,0.8119415711812333,0.8127330077446702,0.776004938941658,0.8125427080508562,0.8513965981049172,0.8114952481181031,0.868788356294105,0.8520028483993127,0.8136652173179516,0.8605588487383059,0.7702751938724511
0.8848502504606295,0.8392822677190168,0.903468325627825,0.8138529845608165,0.8572877735048439,0.8223066636516768,0.7947143610320916,0.815913284971341,0.8254809326131187,0.8148691693265198,0.0,0.8568518396953362,0.8613738598694598,0.7801955937518003,0.7651157202799763,0.8961284846442436,0.8749712773142849,0.8283703446009155,0.8158537758052189,0.8135432224374813,0.8763674544811617,0.9215705539810172,0.8115112874176696,0.83687679884883,0.8762590576686679,0.814152484430873,0.8083249437632335,0.8437574595793572,0.8624569221050515,0.8444432092751721,0.7596356633277986,0.8148014100562149,0.7642112177612664,0.72925342800049,0.8446281279453713,0.7881254143213778,0.8858012554269756,0.8699509333444785,0.7704017009387597,0.8556471203330738,0.7796153033496096,0.9090674316514549,0.7809973094271042,0.8395481659659885,0.7901961649616879,0.7109450511077199,0.7274749628178586,0.886847137004103,0.8779582749814138,0.7979734305153656,0.824015369772173,0.8275383719859268,0.6757705906361474,0.8377012495388693,0.8603373084292257,0.7937793519095361,0.8358289712913857,0.9072121136400417,0.7540665163103892,0.7539109425349041,0.7965107429606346,0.6478524605950056,0.8264745734120309,0.7523156739297828,0.7000338384146588,0.6929826106511099,0.7774668982252138,0.7839011001959078,0.8176581006148904,0.8921338223512437,0.8191606015156723,0.7432716047283549,0.8465303018971595,0.8696035809045585,0.8315302390786452,0.667167123612633,0.8270320869535619,0.8265436079718572,0.7016451504092582,0.7127896016398458,0.7304996891770849,0.8048484650161143,0.8268134613375214,0.7889337734174957,0.8343007324531775,0.8559995556944101,0.8528849045134476,0.729033637698465,0.7061462022125877,0.7579036616679234,0.9062398521830008,0.7077068751307145,0.84252465511739,0.7408255808356758,0.8617564694912475,0.8057291252528208,0.6597897061005489,0.7471083804516802,0.7140125786856706,0.7328291589200864,0.7265319278598849,0.7464774141812722,0.7072243134485716,0.7254183839813696,0.7886589321032879,0.758766140255132,0.7102162903439512,0.8390700093309815,0.7291708635743721,0.8433799901420124,0.8471742796168075,0.8376741229217433,0.8161103564596252,0.8138968080049783,0.7597965181936659,0.8820125665453679,0.7306341700242825,0.852483316744864,0.8550550959356937,0.7712711035112734,0.8495882164947456,0.7406287712691576,0.8183701086716905,0.8113133711334879,0.7832141910171236,0.7989437907606648,0.7036409479262266,0.771165533055721,0.8029490326638947,0.7533012612978952,0.7949515372611841,0.8498781061203825,0.7940171562574889,0.8443617954107148,0.8212919746819554,0.7042027018288556,0.7654501500469959,0.8080565518830264,0.8194927149823258,0.7837089652452298,0.717754072825735,0.8160033718747295,0.7971806330881815,0.809224276334326,0.8722955540147145,0.7671785589261135,0.852309817354511,0.6529948074450036,0.8362053394992038,0.698832407294519,0.8329510464828535,0.7106377729961044,0.8726179291518774,0.7500700928843087,0.8168425618728159,0.8173246528112328,0.8892491722540504,0.8287514231558116,0.8003502652334551,0.8342792519120951,0.6502008855145737,0.8108414818271344,0.8065395694545365,0.9688750361388296
0.8068923545293522,0.8326762788049223,0.8157588383861246,0.8531111146604569,0.8144787630149439,0.8187908157950738,0.8198339155996907,0.8242882059651246,0.737586349017064,0.7623761620632479,0.8568518396953362,0.0,0.7608454421976656,0.6820365767925688,0.7902331045660826,0.8139806377774335,0.8066532185572507,0.7280391737492645,0.887576350329675,0.7677030579442305,0.8981379244980656,0.7935588951830412,0.8228522843031778,0.8656924564603754,0.8676610183634877,0.8423685222468591,0.705248224028029,0.7742881840945495,0.8084206827545558,0.775707305334255,0.832377276108524,0.773891801904641,0.8329440055875141,0.8336038129996114,0.8201325425770085,0.8435328347225769,0.8214309701851795,0.795671276506347,0.8387189853075081,0.8183934781262241,0.8749913629724068,0.7946843466009524,0.7906605775111798,0.8966384903424066,0.8269334636716349,0.7431813289433332,0.7638234049913656,0.8525815655558794,0.8372086289237116,0.7798748465435106,0.8396649455875084,0.8860742880855348,0.6538690025474136,0.8831614649912575,0.8773883980778788,0.7884331293827926,0.8143059574769994,0.90790712879112,0.6880255836597471,0.7630242852778436,0.7427395895810336,0.6539850772370257,0.8123079135030706,0.7160325597309637,0.685063538200715,0.6869718268684241,0.7204884641685864,0.71345644253395,0.6889985166239376,0.786087245300714,0.7854340873960427,0.7106411720494479,0.7442780146348994,0.8147955200096242,0.7480845520925343,0.6675114540404459,0.7604830192393193,0.82833076416303,0.7711556089185394,0.6926517340750142,0.7159078529081929,0.816920499530323,0.7921173368207054,0.7449284662994905,0.8461251284998407,0.8588943330677791,0.7863814463406041,0.6906266545051951,0.7188552245148215,0.7828316483800263,0.8505834104568235,0.8046608885929862,0.8197638562970262,0.7369417052739279,0.7647775275540951,0.8460954002064351,0.677532949979064,0.8627618022634513,0.7071696551885578,0.7619483368558377,0.7084304098229705,0.7403589637071076,0.7975880904184087,0.8348523572270381,0.7771033110472525,0.7828807547045581,0.7422535869983468,0.8091549181173368,0.7578985047964572,0.8394304151856233,0.9243262563367929,0.8459888385203392,0.7501547854271925,0.6872744402972828,0.7810410429500065,0.8414298085569947,0.7562314673091143,0.77553510256988,0.8589593915190514,0.725983756957304,0.7956514916444458,0.7831111026729818,0.8100663682683501,0.8414815775664507,0.7080732985725047,0.8586304104698995,0.6940860413148126,0.8199941850003905,0.8663087535430657,0.71097776031032,0.7167671260402495,0.7655599477767117,0.6801637957737339,0.824657950915225,0.8027103366079621,0.6679542353685428,0.785970752217995,0.8280367946800519,0.7836774561425199,0.8334660169338347,0.7203310229528477,0.7414436042695667,0.7951858659521301,0.7628047751278731,0.8608385351916342,0.8049257598170194,0.8780911920884132,0.6554421629676669,0.8335512810989928,0.6820608113183878,0.8653891170616378,0.7052230304326921,0.7901646295427128,0.74194801299048,0.9365079524670791,0.767486650251851,0.756112723270847,0.8696761288824303,0.7728551199724922,0.7690648813467614,0.6328589919635366,0.7854683813763503,0.8542105216373799,0.8650164406499264
