0,1,2,3,4,5,6,7,8,9,10,11,12,13,14,15,16,17,18,19,20,21,22,23,24,25,26,27,28,29,30,31,32,33,34,35,36,37,38,39,40,41,42,43,44,45,46,47,48,49,50,51,52,53,54,55,56,57,58,59,60,61,62,63,64,65,66,67,68,69,70,71,72,73,74,75,76,77,78,79,80,81,82,83,84,85,86,87,88,89,90,91,92,93,94,95,96,97,98,99,100,101,102,103,104,105,106,107,108,109,110,111,112,113,114,115,116,117,118,119,120,121,122,123,124,125,126,127,128,129,130,131,132,133,134,135,136,137,138,139,140,141,142,143,144,145,146,147,148,149,150,151,152,153,154,155,156,157,158,159,160,161,162,163
0.0,0.5693509839147475,0.4575639897218251,0.4898873369966624,0.47184018342479944,0.480984855595685,0.5533884099632482,0.5309784676831886,0.6487732854240322,0.44110907012591066,0.5338721670979965,0.47470586101507944,0.5609373609419933,0.5927495614318311,0.5804162811492541,0.509798679589525,0.522199871342234,0.7085692912442937,0.5319157288001674,0.677025642573457,0.5406065864968079,0.5478807076335992,0.5045030537474859,0.5646380672582473,0.5553912673411999,0.5028805809023582,0.46870296617225826,0.5014260555799577,0.4558617545858582,0.5395314777335798,0.6073797986505342,0.5510359943336496,0.5773286892200702,0.4841103826431064,0.6206487958280508,0.5274078063788867,0.5897038871914096,0.6158976362399445,0.4878174481458133,0.6168812769589794,0.5908432399927818,0.5077613366127616,0.632175918832433,0.5879968315167471,0.6003605469904865,0.5851089404878068,0.5502935019115178,0.5316824265636352,0.6116945909563694,0.6208722748471753,0.6305563659830343,0.5606821192915125,0.5040425492474665,0.5099577294523897,0.5285068465279759,0.5283392287474921,0.6696551554115039,0.5006000980488435,0.6489686727928161,0.5832387112310589,0.49841279617227746,0.5034914840270437,0.5937334392341728,0.5085925446276351,0.5912460404218339,0.5692711024494337,0.5334271046289882,0.5994236390140604,0.5569824326545894,0.5814916459090617,0.7209424445955414,0.6185510039492399,0.5372250858929379,0.5526789683762926,0.5197288177000137,0.5683827790966474,0.4847085346214178,0.47436493862795615,0.6108918073244526,0.4794543468721805,0.5134386823062175,0.5883887941427914,0.5999491059289266,0.5313441885097521,0.5571732949998549,0.646216391730624,0.5423462573094912,0.6219754634093387,0.513388134071498,0.5335979520426712,0.573033906922372,0.5674286175369381,0.5924869562719332,0.613772587453765,0.5966857580550365,0.5119383272199138,0.5037614461961815,0.5107039856115468,0.5077867196035731,0.5313681026383165,0.5604787810003606,0.5111696216315941,0.5119656044985537,0.47763565894327364,0.6593224052426824,0.5372594783956494,0.48144832502251395,0.48484643768144364,0.6011937323564924,0.531631093774352,0.5086576550915052,0.5503341474168422,0.5357569543059238,0.45487673844131477,0.6235239601637504,0.5403924650251936,0.5689767805976113,0.5011337863175489,0.4616937901054122,0.4632783834946938,0.568904382190527,0.4874093341100782,0.5771615712638684,0.6426403157635382,0.6004428709476529,0.5246302670277605,0.46874717103758606,0.5180064156672122,0.48581713215184247,0.6274739971296788,0.5098873162474507,0.49737439748946616,0.5265842600099634,0.5422689053227759,0.5168422446229635,0.5448032313792351,0.6163860668504312,0.6165810705717283,0.5628807798445893,0.6013772130032818,0.552885076425115,0.5297254407286734,0.5772762762979948,0.515815025038035,0.5464819920129578,0.5515651193694963,0.5680535540830088,0.4722110917791149,0.5273219051533522,0.4015341827508697,0.6585127404010822,0.5784957372964854,0.4988068740029333,0.505349754042154,0.5224297067436517,0.6527121144182383,0.583257145966911,0.4929667947628097,0.6176375774008096,0.5246035883199157,0.4659243954726335,0.6911566850358001,0.47645187966906416,0.6023248941648981
0.5693509839147475,0.0,0.5977843245261889,0.5546774312725684,0.4436916598904129,0.604513599879102,0.5437339082992839,0.6458833839293587,0.548122348087983,0.5340395996933109,0.5848600469605005,0.5877420146653642,0.5861337369644328,0.5673232258535337,0.5168180314173476,0.5698038368192779,0.5927087329233894,0.5425340379988207,0.6363965993245715,0.5920463131042666,0.6356096089917295,0.6393585455837267,0.48990264875485995,0.5670253675358358,0.5994803123821968,0.47596627931496827,0.4752519424939244,0.5401126116076209,0.5509887393409593,0.5119220268657246,0.5615539358937901,0.6400888479793141,0.6442143220111904,0.5161914234814922,0.5197986950216192,0.6093071488662811,0.5378104752176747,0.5720804566722605,0.5340264651967483,0.616462975074357,0.64184272108646,0.5568487473603123,0.5337368747446668,0.5537836725033938,0.656897766576326,0.548174784158057,0.5103384242032815,0.5298886333338798,0.5571156983031788,0.5830167124680836,0.6332202055419701,0.569287714489378,0.4997523626797222,0.6766660248426488,0.629256104833859,0.549651392223766,0.6038138075969918,0.582185926521342,0.6454447589010227,0.6101346380532903,0.6259867253954146,0.5046599592931997,0.581515089683202,0.5146837108830518,0.5032296500048193,0.5359833711842656,0.5469112096964824,0.5173162607964656,0.527883204851983,0.5768374512470256,0.5785760604002884,0.5042163165152574,0.5430897039985524,0.6312746809747395,0.6226635398591286,0.4801556955470338,0.539921879563558,0.4888015483098671,0.5307005217041284,0.4550196646136003,0.5382282406915644,0.5586702008305771,0.5881203592477763,0.5417110945965063,0.5539105319673727,0.6471059470835981,0.5435192215794505,0.5263639365135291,0.5098025974907806,0.54369781458622,0.5284368684802225,0.5811335218315602,0.6067627041836425,0.5524379650119231,0.5784826633524699,0.5452750114921187,0.583315639205862,0.5733492935995177,0.46941087220861716,0.5651120889707234,0.5125616299278087,0.5837202499875851,0.48977447826584725,0.5206278951440416,0.6013592793305348,0.533316818200724,0.5649637240115039,0.5250886754394901,0.5837852739851908,0.6177359599510447,0.5784474108705326,0.5064969656308973,0.5587308293794028,0.47739881612823554,0.5332370708573283,0.5520418457483508,0.5585482000177986,0.5043603869168359,0.5681019880297027,0.46278522680288686,0.48645781085628503,0.48814485046344985,0.5492715018937511,0.6113014412165816,0.48663616148736305,0.6184379583761622,0.5157603566941673,0.5793968727232303,0.6286838227516742,0.5237659958667016,0.547319942549379,0.5817841426098814,0.48737848171052267,0.5282839979041293,0.5545622876541272,0.45162141218355206,0.5186044769099665,0.5053895613419477,0.5671099530331081,0.565285167104783,0.5224280982501943,0.5864954178313969,0.6232564724219951,0.5929379138484215,0.5448730697549196,0.492139691141737,0.5687168318984108,0.5053751414697204,0.6041820313599469,0.4635545429770656,0.5486859267411942,0.5668624349809294,0.5472504790504535,0.5881978038132046,0.5922337470715158,0.5878856742094596,0.5675559968859163,0.5371882397251384,0.5226188619713723,0.5066528198216836,0.46765862601641434,0.5501867399805147,0.47971581570597704,0.5170247873254653
0.4575639897218251,0.5977843245261889,0.0,0.5019530034226252,0.42029614363780904,0.607551859602017,0.4726216947779502,0.5955954269750339,0.4421821204662688,0.5762813680204788,0.5465129734679688,0.5536730013625901,0.5566058861765176,0.46504378104719324,0.42464902125877135,0.6188161470101248,0.6082435174036923,0.4643144561192416,0.5279605475930012,0.4707116928625582,0.610609243381322,0.5551284307727503,0.4594402540453571,0.4957585150768298,0.5527414677849309,0.46663716475348543,0.45152167040476854,0.5108286610935687,0.5313747655080212,0.4907649662729827,0.44159841000601724,0.5865241566795492,0.5045724285646684,0.4739218619548598,0.4113869939491527,0.4978761946331826,0.4865316146337879,0.4935231614089111,0.4556858033661503,0.5442220953743228,0.5177008232044709,0.5539951702684408,0.4750033625503178,0.46542740112487246,0.5394620565527024,0.4893151434680513,0.47894480488224517,0.48509524068339976,0.48214424998260197,0.4725958317480606,0.5289397734865331,0.5162872211901188,0.42253251097845335,0.5585594906982319,0.5305300647037864,0.50915378564848,0.49598423906311034,0.5988094295961784,0.5163757386456579,0.49274897113274146,0.5697241953560014,0.45099679470344683,0.5243071033061065,0.44308843798159914,0.4137146168615112,0.47111144067906296,0.48546303907020877,0.48086183859168685,0.49981552082174063,0.5335248921458613,0.4801901239483547,0.4149679561160675,0.48028558651557945,0.5980992682428594,0.5864224709259312,0.4116848512604737,0.5469593929671099,0.4929457620376292,0.469265701949724,0.4474747892797642,0.5342597517055363,0.45436060976195125,0.5406116960849422,0.5052357781876484,0.4997674527242912,0.5379882361966577,0.49632844283219674,0.44090600451031675,0.465579130318898,0.4749790249620513,0.48065651466810233,0.45982704535467545,0.5012212262381799,0.4479125574361426,0.48967640947902336,0.4896259232267851,0.47223839804481804,0.5247629885701214,0.3978500304571122,0.49681976360267327,0.42024811855257027,0.5815776766571018,0.44185884777091966,0.4878898821890699,0.47589952018422543,0.5271455329511111,0.568787647785276,0.543930083893577,0.5137802452382926,0.5853438224940207,0.519668828773743,0.44417897543948015,0.5048490317479895,0.46807016131105383,0.4521006523391674,0.5237825963413347,0.48877847773737004,0.4610200061248315,0.6207920691765334,0.4273109237198952,0.42250085933591464,0.45977932830076174,0.48145110902451166,0.5305590429383106,0.39612830713879243,0.5616841386812589,0.4794350745032674,0.525749342945574,0.6088712795901319,0.44692474084735034,0.5231048289448853,0.6344523245929746,0.4374086107050497,0.43291095347289393,0.4668372824201461,0.3814893444937164,0.45661854154133585,0.41906488562917743,0.5079137890255203,0.4842373280340516,0.4394341727871744,0.5268268274305661,0.5008843519378708,0.508066851461676,0.4928598502661304,0.4392881397042818,0.4793047359741618,0.5131229243221382,0.5737011755103116,0.469447520840239,0.43865929408192034,0.47524550707859003,0.47833778421459244,0.614079008339521,0.5813890804366406,0.4953128836784588,0.5003569499337255,0.5691517109322097,0.41703979246274936,0.4722066464218356,0.4598985961468199,0.44733977471272507,0.4628645022341235,0.44795842709723777
0.4898873369966624,0.5546774312725684,0.5019530034226252,0.0,0.42917584948334786,0.5389887204840936,0.5690866109769904,0.5958614991267691,0.5005493900345012,0.47109933252204317,0.5447399671323422,0.5677856906047225,0.5098273655016615,0.4965994582765692,0.4416721560318119,0.5108171817159205,0.5609067660693505,0.4751907886144266,0.5588627281523397,0.4661193165712502,0.6026527343881605,0.5059160077010889,0.5370794767576051,0.5069984731452295,0.5535561396700457,0.5231597547587596,0.5033596627916592,0.5584013076330105,0.44277102625803666,0.4854328093878584,0.47303908025937796,0.5232917383692919,0.5943344808535362,0.5729451912883181,0.456505787108692,0.5311437477639814,0.4987367527438658,0.5092538469973955,0.46569603337950616,0.6091684822992935,0.5475697981863267,0.6310004361361218,0.45557804901669785,0.49896405662077653,0.5627843630752336,0.48502165224085175,0.44173057080844846,0.4521368286048593,0.5235753134083201,0.47723135039629533,0.5885170830914996,0.5659303080004433,0.41896022866955834,0.587940749873953,0.5237292195822345,0.5534879415370848,0.5246831504881188,0.6194111800429989,0.5277679933401362,0.5163689630304719,0.5481241887907456,0.4543475020046386,0.5073313894450255,0.4530877425318729,0.4281630260094025,0.46578938466401615,0.5763112153461669,0.46105207839921863,0.4667961644044539,0.5600751866978152,0.49937518623564897,0.4370699479166346,0.6019874761653458,0.6198870722223743,0.5356884439058716,0.41617047940311974,0.5693722460307755,0.4963105464292501,0.4879473995697086,0.4456008279935376,0.47714591914268756,0.5528563515361952,0.5063555227490597,0.4784801966182494,0.6107228542360251,0.5658246373461158,0.5532228657646109,0.47748221648323846,0.4745097855896445,0.5529246000989019,0.5647085693207726,0.5814089989525743,0.48371967423557055,0.4651660573074607,0.5994714545907696,0.48501094826477986,0.46397349358589723,0.6227758404918516,0.45438223188153537,0.5723192750900465,0.4453595129764502,0.5546997793383434,0.5782788194456475,0.48573754882384124,0.5269822498490995,0.49826046570578775,0.51947530966408,0.5512860006317359,0.4975854054645668,0.5355647724537351,0.6407102971405854,0.5283196840569867,0.5760122291594975,0.5159536249942284,0.4738360710212593,0.5773021084876265,0.4992599668399181,0.42057964655628893,0.5997388049760696,0.5071060814963633,0.4419718889868448,0.5424701103442199,0.5358393895689699,0.5532745388890301,0.43709642686474964,0.49207839660184466,0.5524616804629421,0.5127532725359581,0.5502423560049613,0.4393896616396076,0.5160444231475623,0.5425480283868468,0.47922815817458253,0.5466842983365416,0.46026429019595044,0.3683962388614238,0.4183275353595849,0.45471761914160763,0.5017370888600152,0.5084359212098254,0.45648097446474906,0.5034295004986965,0.6245391943367206,0.5724195321522229,0.5068739471705349,0.5191333151938944,0.5021744066378636,0.45117609666309333,0.48778933325716084,0.445359233783914,0.5296847436243143,0.4707468161954772,0.503202571151303,0.5124378609243145,0.6365223733838172,0.5251608096167163,0.5074833365982158,0.5714021354437285,0.5061194041803367,0.5347468770692102,0.4236569123077758,0.5056076146998871,0.5152280654390892,0.5242686555148736
0.47184018342479944,0.4436916598904129,0.42029614363780904,0.42917584948334786,0.0,0.3832544650853198,0.5646664036437891,0.41417083731809223,0.5008553953653611,0.3809122243768176,0.5162432523857079,0.49330117256713185,0.40390990123273346,0.4378148923115084,0.5276670727697094,0.4451597831388549,0.41916811758947964,0.4495879109146583,0.43294160505254525,0.4468687444233322,0.4750421889529657,0.5161555504007646,0.4698439342715028,0.51658224563819,0.4517434250623683,0.4814143477786955,0.4277862632864209,0.37827533025497817,0.42884398142522995,0.5145050714640834,0.515716064351774,0.4224364429960313,0.4651092555201796,0.4138189621928033,0.49684871080031334,0.503700314935741,0.4834039026885554,0.49326545221927787,0.5494232741485738,0.47873039650515314,0.49814797317758397,0.45770542666167013,0.5143125279648892,0.5781872713767472,0.4558683316133625,0.4101136578214728,0.45650137291178683,0.527133833796846,0.5225796965429248,0.4945095930697715,0.49545833994356253,0.4281177376998106,0.367422157597189,0.45404233221331114,0.5083311422931411,0.4193778946535102,0.46043580671769646,0.4921345667931187,0.45239168548609365,0.43629590217910974,0.37583268977757667,0.3995027880422355,0.42258463543983116,0.4827614261241148,0.43131140407219476,0.38001483452432705,0.4295081900198676,0.4728870356840222,0.44364298420462606,0.4474195252448701,0.5027620148582604,0.46443600112375605,0.4187732518394659,0.44009151044018563,0.3880055252581398,0.37739445599233673,0.44475855242769613,0.5172830098382328,0.42343254128478214,0.3875616721055914,0.38114034178841644,0.4901678325856254,0.497416745795358,0.38236096346248927,0.4462363355185092,0.46440557718389575,0.43416934702859244,0.46584988983981307,0.37198852279977057,0.456355767726714,0.565485370269195,0.49249526087644074,0.5325372025480558,0.39489282174639395,0.4709328677127506,0.4838949061448119,0.38504494951391155,0.42260881223637464,0.4826471633937892,0.3864069280054551,0.47189655168016903,0.44420522988031735,0.4680258108819812,0.4368736646651203,0.4513607432390438,0.4186432666707355,0.3838662511806829,0.4038242411971992,0.4445325891606037,0.45212934551444456,0.4863329684000017,0.5289749217897303,0.39470863507476434,0.40736865674734335,0.41084307822294597,0.4172709810768261,0.3833806370336553,0.50713063074914,0.4009071528571693,0.40265557028147153,0.6171807178949531,0.42268549956612855,0.4298846930161514,0.4853866024736984,0.47453220346790403,0.45168190123847024,0.3916578496358319,0.5155777627883021,0.41304022284087016,0.4773595326415177,0.4041208139582829,0.4179024462125249,0.4043868658258381,0.4885826227424649,0.4673667664797681,0.43366563890983095,0.45544295810437385,0.5581722523475048,0.4828408528058552,0.5300410612268681,0.4010440338090519,0.46582666124652333,0.45403541855238555,0.488842225067632,0.523059926004944,0.5066808908721123,0.5967656098069334,0.3787999323995279,0.44007559045801903,0.3751966823700302,0.49813919431180803,0.41507334366541804,0.4703779793795893,0.4782015743636472,0.46202582326980346,0.48009981324615564,0.425065202863935,0.4264697583370405,0.47026989076155046,0.4202626621591287,0.35296321138826164,0.4552997953051029,0.42276907535867586,0.5598944116413042
0.480984855595685,0.604513599879102,0.607551859602017,0.5389887204840936,0.3832544650853198,0.0,0.4633870850007471,0.6120546792711579,0.4432012290034342,0.5409856304554671,0.5066618374755092,0.495216554651953,0.6352408586722481,0.49323630635125454,0.4091936047391093,0.5778672877039579,0.6203667217349708,0.47052100042105033,0.5169998279763672,0.4663218410970045,0.5621578376718432,0.4913504356707186,0.44343924092549125,0.4697716220568854,0.5394367679241535,0.4683393152328571,0.4422501453922066,0.563641972959695,0.4913491537652227,0.4687574724596555,0.43332764760402603,0.6164155847029906,0.5420168998201749,0.4913262629194945,0.4137004638597219,0.4696605592249541,0.4949433867051263,0.482186177455429,0.4149370114349917,0.5544786168770653,0.5060634177986932,0.5417810186900127,0.4479015484041982,0.45742837743955983,0.5376145839369487,0.5153077970974868,0.4785821795372887,0.45654250949580827,0.46580023089183986,0.4541873301978862,0.5360210983099359,0.5791064949948246,0.4503487139475777,0.5419865858468961,0.49282590554302774,0.5689891983049573,0.5051529831506097,0.5507220552497355,0.5058675598116119,0.5092836703055285,0.6709818196783868,0.4861669229178525,0.5669803678174468,0.41436087921409487,0.41495697254575364,0.5152495112835708,0.5122115073450778,0.48853109435272474,0.4711470181036656,0.5382300639906118,0.48933041360264135,0.4183709894130693,0.5169692884940874,0.610204913524914,0.6462422931371835,0.45505203344981643,0.5326125359179598,0.4686001579994014,0.48971781207791765,0.5127458363761044,0.6195748347566806,0.4543851827477818,0.5395627487997059,0.573422339846371,0.5161779115067036,0.5486796627841422,0.5209376188388176,0.4439006225953416,0.5215931137881036,0.49234975992576907,0.4693054909130102,0.47046783221606125,0.4723544567931342,0.4962150334312858,0.5025376023925686,0.47812384146934844,0.48597724206038145,0.5507427704495286,0.3994283130101696,0.586582578515411,0.4254441704329746,0.5312606377025038,0.44366578549510033,0.45881113176765886,0.49712099363327006,0.5453665459505903,0.580811234145603,0.5457914827397258,0.5240719258497869,0.5661748648595185,0.5083715846165219,0.42995140574008645,0.6129520914170971,0.4646481255941801,0.49879460513475304,0.5945227125490246,0.559966427137479,0.40849998265011367,0.6526411217520638,0.4578909398321456,0.40320374694980204,0.4801111926494846,0.5179054518155244,0.5616471132532357,0.4043341938208383,0.5468943128127612,0.517479479956196,0.49609907318978,0.5967500163175536,0.4380467618194722,0.549611240964324,0.6213213466122108,0.4737010806250597,0.4434498678497505,0.4327708953435101,0.3784073094848787,0.45438767743760716,0.41132574697667773,0.4605241339439662,0.4559808662089602,0.47555124683205513,0.5168031942137492,0.5202715451541953,0.47351151798040253,0.46931604362600954,0.4343345687790246,0.4505034822698483,0.5396536502568073,0.5168462077515871,0.4581811979059677,0.44602162388022065,0.5027435088424551,0.4380825616188934,0.5208932392958863,0.5583636197515259,0.4952394455977487,0.5332576342558949,0.6148492144814822,0.44464522289712466,0.5239473777883182,0.4973234681273897,0.48235758929545614,0.45726364720153473,0.4438759106775632
0.5533884099632482,0.5437339082992839,0.4726216947779502,0.5690866109769904,0.5646664036437891,0.4633870850007471,0.0,0.5244400989946841,0.5855917141577028,0.4675062721184711,0.6141268379593912,0.5927955537045616,0.4944772381504775,0.533162044988577,0.5492189931474942,0.5234269998388313,0.5006030957667988,0.5276409305906935,0.5212780400181443,0.5008303703565328,0.5557555473045345,0.5543128928053596,0.6111202209092003,0.5607709167163394,0.5971868297538351,0.5590554676943418,0.5359935438070607,0.4732613513398958,0.49574024160974667,0.5999798830289437,0.6052463172240297,0.5273122786291977,0.5880104344163025,0.5233647906430279,0.5479934032648307,0.5791242663255141,0.6045777727422416,0.583720714711239,0.562445929745876,0.6149034511292638,0.5730871103283731,0.5661620582685599,0.5593132013748174,0.6406090033446092,0.5735070208341253,0.48555194246844824,0.49353983648567373,0.555446701164299,0.6969081734528352,0.5265090163579488,0.6167144298003988,0.496178052894802,0.4099624764455554,0.5359669031089668,0.6320810191345267,0.5293980471573307,0.5376562774282043,0.6041232381627379,0.5647494694403965,0.5165975984901375,0.4628679013987082,0.45917458240990267,0.4831885802364627,0.5187321232529623,0.46185187727960536,0.44356835482258733,0.5519220167967367,0.5440734252490327,0.5141921195500124,0.5825161326924034,0.5677599125268066,0.5259794259915278,0.518406228557155,0.5495845486593518,0.46543457108543385,0.45063051712074886,0.5545583601475575,0.6037985763677198,0.499665976742777,0.4585768700997108,0.451807779712677,0.5676649471223258,0.602365939515345,0.4592002209209248,0.5592265167280642,0.5640826138037591,0.5602414383915016,0.5694025847296432,0.46143881503747985,0.5682112735511456,0.6749518106959549,0.6506180975623562,0.600252008658449,0.4606798173951557,0.593294143952318,0.5904190120908217,0.4327638377044119,0.5395094901919868,0.5285429058524502,0.48932054859442653,0.5546871799062613,0.5618098757653844,0.6135144779447812,0.5297111070327701,0.5420276275595096,0.4872170339599509,0.4556903397330082,0.5016261991795536,0.5283793231638616,0.537946176124826,0.6149808204982253,0.6068844989053247,0.498369394227585,0.5056548883845459,0.48096356482025815,0.5031289519844935,0.47352390092334246,0.5418402610550581,0.4848128313105431,0.49292731208922497,0.560065478653402,0.5342444260654589,0.5109495634519445,0.622742344694129,0.5210878187650404,0.5554899379201306,0.46702375943238106,0.5946362154834985,0.5021108437202246,0.5291305053392724,0.4974366695793327,0.483373736218914,0.5021607835519606,0.5630704562147418,0.49971558962845597,0.43084879737103904,0.4962835117635104,0.5904149116100512,0.5699706043787498,0.653691465459983,0.48909700413269286,0.5543454052466943,0.5759880247159007,0.5823912195461616,0.6290813440358127,0.6162114863662194,0.5945189145033531,0.4511287089475266,0.5262777382505329,0.4200531548132464,0.6143501719750407,0.5081327083975955,0.5050830496823228,0.5548674750590522,0.6082001094937843,0.6061302401811378,0.5197310465431609,0.5353404310107965,0.6041702450906795,0.5413822290069229,0.41739298461290913,0.5752625591011523,0.525438131156271,0.6222351945260918
0.5309784676831886,0.6458833839293587,0.5955954269750339,0.5958614991267691,0.41417083731809223,0.6120546792711579,0.5244400989946841,0.0,0.5239918125721086,0.588504009132372,0.5426536137533475,0.544383792164468,0.6581213191004469,0.5824821395613194,0.4491039769582903,0.6350702048282877,0.6846468902786881,0.5507262006471036,0.5603585874876885,0.5312231802055345,0.6178504417020718,0.5244031696999583,0.5476268971398628,0.49476590140572496,0.6401791079356021,0.5270935962569954,0.554886686628341,0.6370584683062052,0.5064894096875098,0.540840631474554,0.4988936421372064,0.7006361653975404,0.5791187794988928,0.575169234070089,0.4649124749350955,0.5611467277612645,0.5472085504278954,0.5986045784550315,0.46014672598552675,0.6644356635625842,0.5727242826265555,0.6133267969093597,0.5172544451861548,0.4855317153054115,0.6958009136300418,0.5965191630529165,0.518463079136009,0.47017911352739916,0.5562621146477351,0.5258385867953203,0.6133081414178322,0.5757903956047089,0.46889954824565844,0.558147887762329,0.5592603526383684,0.6330346797040526,0.5781216616234903,0.6324695548116946,0.6292034484478324,0.6091770407072251,0.651303252074643,0.5470313417047519,0.5784502164755169,0.5009082717699264,0.4553352313389593,0.5535998594553839,0.6003949929663525,0.5216612955837618,0.5835615560550577,0.6734517659141226,0.5415009775329926,0.49157447830424955,0.5987251347270378,0.7127248533228802,0.706485765851386,0.4891201233661093,0.6031829502250876,0.5149777335731318,0.5859726570414259,0.49195120269431897,0.5838441684341176,0.520272004534278,0.5827449295834528,0.6241024540805111,0.6507625934599698,0.68575282448262,0.60513268639805,0.5428793914502603,0.604361079239386,0.569064698283866,0.5505604683358483,0.5622594931209872,0.5364998768280148,0.5173830708938301,0.6099878094092201,0.5154018468274906,0.5178430004375407,0.6694302975519297,0.4653308537266174,0.6825571170172303,0.4835296959383125,0.691264136630139,0.5445932795242854,0.5245120348492031,0.6072395923561681,0.6270894598270883,0.6595533225697608,0.6470235383122015,0.610377740098463,0.5660586381210853,0.5451493366528872,0.5230229156041847,0.6222499108736715,0.5764541836440665,0.5530748718328832,0.6320687098708568,0.615600359695465,0.46465271816376774,0.604888456329301,0.5315565251315995,0.45238199699704296,0.5873569579892942,0.5639920316796488,0.608172400723367,0.44769307692118915,0.5757971617647452,0.5998666434225055,0.5707608819131798,0.6676580344145702,0.5112010349352741,0.6739048619223321,0.6523044980744657,0.5404369037069408,0.49556829522934015,0.47063791939856026,0.3997487589669049,0.48986600529201507,0.469408126591125,0.5757330242820229,0.5650700735971731,0.5000155933896052,0.5979969665515743,0.625542633061634,0.5838206994974192,0.5423420480922081,0.5214088592007406,0.4971364577586281,0.5658290811064802,0.6145624356643308,0.5115723365574485,0.5144356127778599,0.5543998934051599,0.49672315094956426,0.6353497719724919,0.6744708509024102,0.5826526264689063,0.5429462692950051,0.6242359137215719,0.48656866067951665,0.582836288161935,0.521833363259255,0.5487721548745499,0.5713437776535646,0.48825553706882435
0.6487732854240322,0.548122348087983,0.4421821204662688,0.5005493900345012,0.5008553953653611,0.4432012290034342,0.5855917141577028,0.5239918125721086,0.0,0.4317662874073064,0.5334700459073384,0.48441478644624447,0.4997197868068205,0.6325316707017156,0.5707996872206402,0.48385586538736053,0.48350910856862617,0.6028364529149168,0.4920239417110019,0.5897110077214214,0.5205004932631063,0.5581326474591436,0.5179842917565574,0.5251911475527589,0.5350511870713969,0.5072022358792203,0.5106856253734766,0.4620573177016854,0.4492082399786304,0.5380783489464687,0.6465846627591214,0.5090608971094698,0.5559266021940628,0.47346837742185655,0.6444850344385211,0.5805453697289382,0.5681211863388154,0.6549284344143711,0.5276925532004672,0.5842302130715212,0.5705437559196992,0.5327642022536877,0.565389742826022,0.5743859487395273,0.5860940538917281,0.51046077945399,0.49872607615125447,0.5069968858447841,0.6084190724017724,0.6073077572126824,0.5918867399071435,0.494461160857395,0.4583384974007598,0.5025015847418465,0.5416695872169629,0.5345747469832078,0.5859170317837374,0.5098331911766558,0.6257900455872849,0.5614688400992427,0.46945208057072646,0.4999522089901738,0.5022405917153471,0.581696870667109,0.5452542229005461,0.4874873251084455,0.5665173566651031,0.5551480617662164,0.5492618961544257,0.5747548373471868,0.6640573443722737,0.6387440925924177,0.5583784807805474,0.5269955213175619,0.48423579249393073,0.48521335390254505,0.49222731283441756,0.4922848386077972,0.5330089300152376,0.43954429512581494,0.45693441268683144,0.6489384635715827,0.5688449667284052,0.4839401180974233,0.5691743697779114,0.6230634340325854,0.5550343800374802,0.6459666797623657,0.4725224240425154,0.5960984622715918,0.6142410918397774,0.6568155405150988,0.5788937876722487,0.5083732640071097,0.6668649509545498,0.5239345026173163,0.49007391548706725,0.5114053318647538,0.6108684560043257,0.49968906715879263,0.6079646028088236,0.5187482303966815,0.5540552784963599,0.4737914654624991,0.6471898767743428,0.49018174003416104,0.45348923575458694,0.47113143012993564,0.5393940959734491,0.498672714576741,0.5088747561807845,0.6412788218118043,0.5103745864751335,0.49632609196413574,0.5257426763131752,0.5002955029063163,0.4883069685368582,0.5029557669301091,0.43870402315951407,0.5039002196776726,0.616041715910653,0.5180421987905287,0.5379859748741641,0.5728097568442728,0.6667272425403085,0.4918078906523575,0.48758520193775906,0.5463286036155147,0.4693284031031303,0.6151823869801035,0.5172453265985769,0.48256209109325704,0.5340731172010705,0.6344041623169101,0.5248722819034363,0.49949737123758015,0.5134665702490158,0.6380634039435485,0.5696492664186442,0.6437896265546236,0.5007750131395012,0.5591335686298949,0.6124522765410781,0.6131657469960379,0.5848225231550964,0.5876457088253512,0.6237740629717922,0.4401060121369642,0.507995238688969,0.41912713760433346,0.6714043096254356,0.5250103745685321,0.5193905489735471,0.519738749253062,0.5175767357908023,0.6629600999481002,0.5161740628374661,0.47019789585775484,0.6233052188261742,0.5049238588976396,0.42637891265807915,0.6499435380177927,0.5237187208771799,0.6294669335436149
0.44110907012591066,0.5340395996933109,0.5762813680204788,0.47109933252204317,0.3809122243768176,0.5409856304554671,0.4675062721184711,0.588504009132372,0.4317662874073064,0.0,0.49141704715222767,0.49007153581287777,0.5603988152059822,0.4887137742490698,0.4010902399754036,0.5820236194914562,0.527520704685953,0.46718619110299986,0.45937394705641993,0.43566472868039785,0.48079016299264327,0.4583714020898998,0.48551789239248483,0.4187349260678444,0.6126528414179381,0.4519873492383981,0.5068177116931658,0.5049671276861883,0.6001545312304613,0.5012777206972342,0.4438102328552181,0.607357055217623,0.47838436598098383,0.46692200501506814,0.4044542748666446,0.46766615678773216,0.5081621342116343,0.5002776129713508,0.408257209983532,0.5022372095331025,0.4633272974132872,0.4973516076540509,0.4652177206693599,0.43628366904576144,0.5241606124231377,0.4750334236122783,0.4699613946230239,0.45389160866933304,0.49482686118279284,0.4245549927898005,0.4746055528373639,0.4430036025981764,0.39548196496736426,0.45763907117561725,0.5233683114257007,0.5266742844282224,0.4440649718508818,0.5379170747214598,0.5107170431341761,0.4606154150941188,0.5158160060054778,0.45701615593209877,0.4645162349265349,0.43972714800111246,0.38145114256297574,0.4416303357276871,0.4773226541221112,0.487394355402757,0.548117474057485,0.5807559097423045,0.441990294638836,0.432969958250032,0.4550102602427033,0.5189649871455462,0.5332066859394432,0.45266516273329077,0.5036906844170813,0.4989927578969425,0.4702825343940964,0.4651929195230637,0.5315362753494093,0.4080610080427022,0.5344253486127579,0.5494605077242144,0.47626737291828747,0.5034022021423397,0.5206770205145441,0.4684362766495193,0.5280785251922079,0.45850170585636396,0.45699493560749266,0.4586121167357158,0.4808789155968884,0.4170046033642296,0.46373606927451233,0.5323371535014676,0.4122282068743576,0.5316744513676377,0.4005767278172518,0.49685938244129785,0.44356032826103575,0.5728294071313471,0.4620120755849332,0.552976397830662,0.46448557409099517,0.4998777020413307,0.5053818749401321,0.575536752125915,0.5044239372437059,0.49584901982962454,0.4546245956274307,0.42559788693649986,0.4960879510264798,0.5140360073981991,0.45056318040919324,0.4747500959447206,0.5138632352602713,0.47067625886646536,0.534583214504843,0.4637805348049472,0.38929034752023783,0.5042858534214514,0.4479160467893349,0.5074347838188189,0.3929051736967891,0.6129156840215639,0.44736105071431337,0.4896950310078589,0.5911400089483173,0.45892831382451915,0.5819734175590204,0.5096263539514988,0.4714610893804928,0.39840688885991843,0.4101522159804448,0.36604471618008644,0.46226023225125756,0.4120829678078228,0.5075067372471195,0.48630248290934847,0.4864860250622053,0.5343018778931127,0.4597761867236659,0.46999837517320325,0.4941474254483626,0.4479171591441705,0.4167988537940472,0.5597230822963597,0.6316917556139675,0.4666483875420499,0.421141586553146,0.5224110243557385,0.4040403334576929,0.5682270167449135,0.5757937619680372,0.48846445337561073,0.46325178060076583,0.5584742712894638,0.4317503326485153,0.49878454485325896,0.5254169597356942,0.4708058307698275,0.4999712577268879,0.4076743048802798
0.5338721670979965,0.5848600469605005,0.5465129734679688,0.5447399671323422,0.5162432523857079,0.5066618374755092,0.6141268379593912,0.5426536137533475,0.5334700459073384,0.49141704715222767,0.0,0.6578586570144919,0.5311593174868379,0.518444011864117,0.48719696903291426,0.5881222473905043,0.5430977048016216,0.4909503502460524,0.5416895274560731,0.532579628743193,0.6072122206784045,0.6281176300053177,0.5498294638725729,0.6089185472181592,0.6302506199500696,0.5439994162506904,0.5088078274666032,0.5054000594008466,0.5369675297785356,0.5447326783091598,0.5395549726974628,0.5506333796551723,0.5260353094574017,0.5440401074122122,0.5209599440327312,0.5654970031989102,0.6150177983062474,0.5619868596482398,0.5676955739999777,0.60011933337494,0.5309591289445319,0.6162975355942191,0.5163346819821051,0.6083293593367122,0.5949918516986841,0.46106519646182337,0.4562597807442236,0.646261060696827,0.6297671515602139,0.5044694644927281,0.5628688062748906,0.4958916874858125,0.39312946004745014,0.5745298827234527,0.6510121754948681,0.5265942653013082,0.527849203724504,0.6308339097945963,0.5458152336872034,0.4967279641237263,0.5121183386698129,0.43000597424638837,0.47973483761877106,0.523091684301488,0.43331025820264524,0.4409046189666911,0.5685865973207194,0.5133860750041201,0.5069392859587944,0.5752635073652156,0.5337200172497999,0.47818334891398295,0.5506653378203075,0.5734582921166539,0.4951014136198815,0.42048284326078433,0.587558318009212,0.5645004532636262,0.47001272217225454,0.45820533604250235,0.45612862774160245,0.5199305649805582,0.5644039475834649,0.47410948374839473,0.541350416339836,0.5684298853536414,0.5984274538619201,0.48979805008550775,0.44032301452519956,0.5677410618281331,0.573231585920014,0.5395073129107962,0.5533371587413716,0.4554330513272728,0.553243681937883,0.571753591308638,0.4429047743331893,0.5453565118880243,0.47928333446510124,0.47839060320358134,0.5232445219286982,0.5788673934058393,0.5125957086615591,0.49877172203992487,0.5057021911325291,0.48489415275952363,0.46903559470044626,0.5431751337285899,0.4882805940481136,0.6753300247747378,0.6694015623961485,0.5495085640509059,0.526163124460912,0.5004425642035228,0.4522119850036347,0.5117921394391376,0.46133444866011675,0.5506341719178791,0.5547169445654637,0.46673386226850255,0.5228363151204755,0.4748310174210397,0.5673334057877658,0.5689911549230371,0.4982061647144647,0.5635048359968244,0.4588178919647663,0.6007961429594867,0.5572075241720522,0.48277331892842207,0.5008689239391243,0.5259812853538338,0.5070664153039417,0.5486928917163771,0.5707943217446699,0.41168238125276974,0.49319332313871284,0.5141724628320763,0.60470886752383,0.5548119344078765,0.4520521489584213,0.5899942961990593,0.5386753161688754,0.5744017899684994,0.6449117898080089,0.5469642267332337,0.56986062349018,0.4337901522844759,0.5696528211375592,0.4566635884904693,0.5734552675051247,0.46554521281130573,0.5407231834654512,0.5539291420836784,0.605447086248013,0.6018550861852258,0.5908470042629935,0.5427456324600441,0.5285560287946561,0.5104248513560032,0.4030217168220431,0.5297853412889851,0.4816469654576007,0.6133643429303365
0.47470586101507944,0.5877420146653642,0.5536730013625901,0.5677856906047225,0.49330117256713185,0.495216554651953,0.5927955537045616,0.544383792164468,0.48441478644624447,0.49007153581287777,0.6578586570144919,0.0,0.4801791424252844,0.4726970237254567,0.47558778142329006,0.545473657271246,0.5278713028256681,0.4520116843229186,0.581498584986569,0.49089913006540603,0.6115452213875098,0.5858446487001264,0.5414832665514338,0.5774831286715948,0.5793841808877818,0.5016243275598993,0.4872989610106994,0.48945662830205144,0.5295170280208592,0.5081661327960749,0.5207957506834834,0.525715679613862,0.5450051501940564,0.5602135762492282,0.48271295732391084,0.6076712001722444,0.5146096669460728,0.5155143458669871,0.5890623817932494,0.5621728466430821,0.5579141684866683,0.5613028360167459,0.48838432455209135,0.5616043231417353,0.5821333761504381,0.4506295200230768,0.44477008949408325,0.546710939202374,0.5659549081849916,0.4973490365820353,0.5515111330161339,0.4907060921783834,0.3897937775553257,0.6245431151745908,0.6689433411996998,0.48555407557890584,0.5027667062346489,0.6533435806781114,0.5156682989857306,0.49884392520343024,0.49328471715670735,0.42096354830032984,0.4644796420576292,0.5079151034736372,0.4172468627303227,0.4217022246833676,0.5096362754691028,0.45234597540311616,0.46922555568294355,0.5185777033875064,0.48365333882761175,0.4438191963601051,0.4985450462387815,0.5541068038540262,0.48420854231644794,0.3934913552414755,0.5545413530498309,0.5327810638608831,0.4558984714940089,0.4113568039729397,0.43129720059379567,0.5065340135370495,0.512657995160525,0.4433861775498672,0.5187977827818012,0.5385715760750609,0.5154737527934908,0.46208065642776003,0.4275220244599306,0.5178120196373854,0.540025645170706,0.5490508269550957,0.5472819210786461,0.43352018813038756,0.5123754742096639,0.5386001202413206,0.44635716656288565,0.5581039355713736,0.4554642784804954,0.47188770611242475,0.4734667379110434,0.5663281860364806,0.5109203685139415,0.5224953469718964,0.48827598835350916,0.46922914822891876,0.479428264934121,0.5184621048327237,0.4803914514207835,0.5961131966256606,0.695816872333765,0.5220138266941133,0.4750360093386128,0.4726809719859695,0.4351905849815426,0.48942097393531087,0.4471906335993038,0.520684449438146,0.5614753793231674,0.44299653250923426,0.4796159306406101,0.46417624884587544,0.5052784712891981,0.5277417444630585,0.43901865739645046,0.5586499161652239,0.4601331444951122,0.5998109740028649,0.5923444207108903,0.4492435021032114,0.47380486446916015,0.5041279767895904,0.4431131167285045,0.5138814290986063,0.538325923523452,0.3841837074579727,0.45435600607274296,0.4855734481947179,0.573650552919952,0.5372208721881339,0.43186607640887853,0.5386095537774696,0.5348513795529871,0.5786552287158435,0.5624914859755437,0.5170546507300943,0.5531104406286979,0.4242820075072017,0.5542779751770132,0.4622228320801229,0.5240889600659364,0.45003573655778506,0.5517269474860738,0.5619499679145674,0.6173607337662816,0.5195843771779591,0.4996789940218068,0.518181699540715,0.48017599863702637,0.4700549700049701,0.3880901455249318,0.47313727143366574,0.4602217089186475,0.5245194847948829
