0,1,2,3,4,5,6,7,8,9,10,11,12,13,14,15,16,17,18,19,20,21,22,23,24,25,26,27,28,29,30,31,32,33,34,35,36,37,38,39,40,41,42,43,44,45,46,47,48,49,50,51,52,53,54,55,56,57,58,59,60,61,62,63,64,65,66,67,68,69,70,71,72,73,74,75,76,77,78,79,80,81,82,83,84,85,86,87,88,89,90,91,92,93,94,95,96,97,98,99,100,101,102,103,104,105,106,107,108,109,110,111,112,113,114,115,116,117,118,119,120,121,122,123,124,125,126,127,128,129,130,131,132,133,134,135,136,137,138,139,140,141,142,143,144,145,146,147,148,149,150,151,152,153,154,155,156,157,158,159,160,161,162,163
0.0,0.3629361732298786,0.34604492680014426,0.3147699939976879,0.35303349913856225,0.37692297190423535,0.3105560728862035,0.36821169722579467,0.4061345848717305,0.35038529772389315,0.35768592633890556,0.3039240758220651,0.4694744595711211,0.3640453387011761,0.35053604416381906,0.3983947552802571,0.41480041349943464,0.5037811998945483,0.33661890854179416,0.5363123354887471,0.39130645271670206,0.37058948583337853,0.3419391679665066,0.32700551267779526,0.42884468103734746,0.309103569078241,0.2794909130480732,0.3805023359736699,0.2885875107548239,0.3094772668934278,0.37816336676023915,0.40545251883990524,0.31082831803991534,0.358115278767242,0.49144686740413085,0.34466270843821506,0.43473571808902683,0.39948019322616213,0.2820051432455711,0.35511324349823536,0.30814238746744027,0.3855274592042139,0.41939486533229725,0.38957111928546867,0.37070138654362805,0.4065753952791671,0.3506346819790386,0.35728656116362767,0.40221581607349605,0.4437882023269582,0.4206526696019313,0.44407839946242034,0.3468769624792819,0.32893341184826264,0.3336196775936535,0.4028026051074298,0.49977930386050917,0.34151702629825625,0.35741966532317465,0.41511523426286007,0.36465935014726064,0.3421659613612418,0.4164712172511528,0.32745329368394455,0.3858472236509649,0.4089830987406654,0.35196907947675204,0.41730525781674405,0.3302314679235569,0.42781278669060024,0.5290506527229786,0.41091456106679564,0.386410452036975,0.3862971795001791,0.3995246854191695,0.40644425403228657,0.3119454658673154,0.3193517893888795,0.36446490868988174,0.3131623568128626,0.3590838023802194,0.4350003620534614,0.37000260332714346,0.3822175342535876,0.3941594951769167,0.41101643114018244,0.37678616634700723,0.3948587331022941,0.4265300138115319,0.331957691625836,0.4224831507784629,0.366361640402929,0.4090555021360531,0.4264670186596276,0.4269174335323987,0.32909889740264403,0.3033940717664945,0.35556931515209356,0.3343717114044309,0.39519870645159444,0.34039303909968777,0.3342115521937492,0.30736023956770286,0.3073997805177509,0.4814217043388338,0.42547177964998656,0.37381937722614483,0.3910735063505774,0.35700782228856026,0.3535939300082181,0.3507076564157484,0.40053618238065497,0.41715676448389516,0.3269075307715293,0.39312594147005897,0.3940072291691007,0.4013755630763782,0.36937803433600835,0.33219956462557737,0.36773638895919625,0.38140919156583464,0.32999745490933496,0.42297456658348564,0.42401016847104706,0.3783109551318633,0.3122481430469598,0.32289359752312025,0.30909766207984535,0.33800551039262516,0.37633856037980573,0.3352886315388343,0.36138922938465734,0.3413640067808504,0.3754566885726636,0.3412155285402463,0.3717101097893979,0.3749502300029798,0.357692113674937,0.32789591303256,0.368521177698508,0.3093017889160137,0.37867769447495336,0.43917767258462653,0.3458438969803675,0.3652383406438347,0.3421040256708605,0.36677662156014634,0.30142020171352846,0.40447484396161665,0.2533293144858522,0.4366085027966581,0.3456803701407641,0.35011384707813253,0.2657804049600739,0.3537906528166158,0.4208999108188448,0.3414544186632197,0.35339977161451297,0.3436945008255186,0.40571049526855313,0.3129408383319589,0.439548195137997,0.291759794192958,0.4574471394716465
0.3629361732298786,0.0,0.41492692291674577,0.36297620938438163,0.30069960034558485,0.4324121125310594,0.3329806962417316,0.48959825160562676,0.33093261603405094,0.46600253111933654,0.39425669019636617,0.3872984085345579,0.40454045131491495,0.360993203989962,0.4037112473191941,0.38546291670697397,0.38218499021195856,0.3602310999010765,0.39132326370682063,0.39971360709070997,0.38980641012049605,0.4833327342928587,0.34878271242600567,0.3939679127729141,0.43541301805583416,0.29790174465460084,0.28621637605537903,0.39553735179120236,0.4210036482867545,0.2870798590517959,0.40594018242235236,0.36300586245701655,0.4095719808970411,0.31798924713137156,0.37471493534201733,0.3697025656865973,0.36898961680320125,0.37290329990994703,0.3548060023418451,0.3567045077923103,0.4133977366690694,0.3306919463674133,0.31323650290042054,0.3476079570038726,0.44198159125472847,0.3500795627800038,0.3033193899583783,0.342220284671489,0.38034831701999167,0.3400034333198352,0.3605558433253862,0.3667716502051684,0.3358921608970342,0.45511131947133526,0.39056558170649386,0.3654787256486668,0.38833240752109116,0.34291692287691333,0.3704031793558233,0.4079575060817065,0.45497251388689525,0.2680696306584126,0.3324802885794747,0.2885291633570754,0.2937673034229216,0.3078617206310356,0.33206521132762246,0.3437036111000481,0.3075740878480212,0.41509084617087927,0.3645324495988555,0.3643713704903756,0.27431073534523454,0.40754144833591016,0.3910441698887352,0.30572974175597845,0.3209648714506657,0.37950852208129193,0.3357004588922821,0.27712355003517136,0.3333651379002306,0.34565494143617437,0.4653214021576581,0.37944029597572204,0.31713998529665766,0.49188819102322046,0.3240165511979384,0.2937275842199097,0.35135327456679294,0.3609341579967198,0.3018887523301441,0.3187517462702551,0.40279552305098487,0.34562424458238217,0.35361461694175605,0.43943625685844856,0.32289775111238966,0.345258027122104,0.26488983638830166,0.37889098886916833,0.3693885131453565,0.3088826412533157,0.24896541571914668,0.37145035997997117,0.33505743461924514,0.3594666552432649,0.32947356409407696,0.4360845739241276,0.3543093642569006,0.41729682462205564,0.3321061648274417,0.29601604151565825,0.32359154199832035,0.2977627929657249,0.38497744833410696,0.45946154360165276,0.3609635298904089,0.3186041429286187,0.3529737490527617,0.30585912006011895,0.34330387330706325,0.31802947760966443,0.32712054932393153,0.44188598842656873,0.31578115125144424,0.48006172070905195,0.2837673221468107,0.39551461731582804,0.43643996194148593,0.3527525774428916,0.3424668328173198,0.3567894101149785,0.32052419472860455,0.3460029662989083,0.38402904813687616,0.31419057684216867,0.36339322631384097,0.35021308959342934,0.37746843448289374,0.3428506067564394,0.37556425622298656,0.34591004600419617,0.39597361061463027,0.3161642455182872,0.3726463122869934,0.27561031755025517,0.39617037201062877,0.36240819703815436,0.4544831431092776,0.2690258063135155,0.3485872105510188,0.36326902596850863,0.3393519287205531,0.33677744496775575,0.3836017521277967,0.40230845951944305,0.3862960691867198,0.431237571503545,0.33479198124391363,0.3089230719897063,0.35070220553599357,0.37295264369997966,0.28074102477565677,0.3548234721853544
0.34604492680014426,0.41492692291674577,0.0,0.3288712927425275,0.34412253538638576,0.35165768764733574,0.3078094022187991,0.392173591104103,0.298321059719022,0.49237811076848276,0.38872756753394705,0.32991925217536794,0.4140171935248649,0.34514221018602487,0.326031405255504,0.46153698467688653,0.44533615431905266,0.3754240604984134,0.3000573665532948,0.3275298196482649,0.3889554149204742,0.5019267397723495,0.3298042225372294,0.3270343565417336,0.3618045965953988,0.3159294188957884,0.2892557983301953,0.37837431790446213,0.35242376905895734,0.2851350478986639,0.30618464728822,0.36260588312306824,0.30388533985372007,0.3059677480433164,0.33285190518662283,0.3489536251403587,0.35645918843601315,0.3445857484984908,0.30024440715639045,0.35020653344002584,0.3124376310483487,0.35676517406886216,0.3191426866420714,0.31526987155843095,0.401208664279413,0.3307146404014964,0.2983034968177961,0.3423038317663863,0.36580329940382283,0.33310166084378684,0.3479610282125762,0.3528100414777537,0.26926544595151014,0.40270289659501773,0.38552181006303243,0.30841928993599665,0.32417343212727107,0.3510032347496066,0.33671221869085055,0.35601735334497925,0.36109367806199794,0.26694347899404675,0.33676886715879534,0.30195447513152784,0.27335449465381717,0.2911711108272423,0.30966496711442,0.3440889841601202,0.34317963549999075,0.38198791583122327,0.3535749949130253,0.3123785368871903,0.2963298364865981,0.4612830635379444,0.3662381989886645,0.25334650915597623,0.35808419954919213,0.3606296015707463,0.2790769847690702,0.2421976404290371,0.29068034044879765,0.32537328627995066,0.35673295878925704,0.3263646307790725,0.3049453603524167,0.39236574847200917,0.2846343945695848,0.27345490573988523,0.31723839222973943,0.27834010628603567,0.3426071516828367,0.28469190347836176,0.3704875668564986,0.2670796022802654,0.3495937617077675,0.334235157625768,0.26442506310168024,0.3255938933696305,0.2578646263378266,0.3503390220130269,0.2836346833115643,0.3275398304458599,0.24476614581902673,0.33512666336026314,0.3201442640155463,0.381451818678318,0.33260315191433837,0.3733154945336489,0.3273693568061343,0.3718428270888539,0.3185035677510199,0.28796790173391607,0.3095365993210311,0.28908562804892995,0.3064910417566912,0.40313435321543933,0.2835631519025016,0.3819737131976311,0.3696321264569974,0.31371771155873485,0.3304429005218568,0.2791878743000614,0.29324113614315905,0.3523733732125955,0.25147508654030704,0.3741942091359149,0.28877100431858616,0.3574961967023631,0.42019300332409315,0.3217731411816387,0.31679583780024395,0.3972746147521619,0.26884207161417467,0.27418077383612305,0.31930797338294836,0.26299375220699955,0.2792935043821044,0.3119213343205267,0.35195222126492415,0.29279816103963663,0.2751192548243228,0.3474570886062418,0.3560564125620883,0.3263669958432511,0.3151525596542289,0.2585997416331624,0.34266787282236544,0.31709068733452433,0.42168562238994195,0.26648543248810674,0.2774460267446894,0.26787129206972793,0.3343533999657036,0.34220439388072094,0.3340724027600285,0.3266789082089003,0.33153539178297364,0.37448266701883004,0.26225203861011526,0.31884065747356716,0.323045936039895,0.2677573580559893,0.25668628811044636,0.3280621223671653
0.3147699939976879,0.36297620938438163,0.3288712927425275,0.0,0.32575352025828286,0.2995001658619179,0.40593249060188663,0.359449730192251,0.28129502669667233,0.3339335602861202,0.35559487474316664,0.3285651385057344,0.3460852656843028,0.35889392930503605,0.3945350499766674,0.33115972757770673,0.3716648536327145,0.35163529335696836,0.3163351337667726,0.3146293135587446,0.398798249899463,0.35569496903402315,0.404131488822729,0.3574076302001922,0.3541826115657954,0.38235338226940996,0.348597878914709,0.3593043546276699,0.32577465516708193,0.2507238155491974,0.3163610191455455,0.3036162032232602,0.44818361410101903,0.3618803532555717,0.3613439105513834,0.3873205884922918,0.3568065021697974,0.35271800397081143,0.3286433662782748,0.4287574108942901,0.3859873027679761,0.32747187775656045,0.31605211356496643,0.3645653975115429,0.38723364788905473,0.36194741772403727,0.2618123534753967,0.32232991319466087,0.38736495252997477,0.33835833276779737,0.40121141500826113,0.38624444154287263,0.31343111075352587,0.4460584015445561,0.3866102205759984,0.32141993192555246,0.3720860869358102,0.3361000001559042,0.35201681285126923,0.41414047784076374,0.37844037517122375,0.2864634214782123,0.3440333939441434,0.3007134717508606,0.3111530044455048,0.3163185589922884,0.40811978984389796,0.2973071143043985,0.2997124505516807,0.34307387102831716,0.33369639109779975,0.35583345239994874,0.31312875717631683,0.4512874332776763,0.31994142278576837,0.278285213443465,0.4084362927490816,0.41196140095830086,0.32106393459027466,0.24845606337690587,0.28587214133476846,0.3912008207770079,0.3160393184829398,0.3171424278353961,0.39654279595639713,0.36304877019791776,0.35030187053233547,0.31821277447557583,0.34748027730142234,0.31702787966822005,0.36253517972886995,0.35128696953643695,0.3465394541624079,0.30691208833453854,0.40404758643132604,0.3188267711373402,0.279919228159359,0.358965443873483,0.3039886917460315,0.3762367182487237,0.34204579800922025,0.3494602406240583,0.33651257489584535,0.3110222161940998,0.34684775753142744,0.3563400696468515,0.3445427573587992,0.33959440383493716,0.3791031581169297,0.3332938105565119,0.37635768330063274,0.3608453087258615,0.3517673258007591,0.3408107536164528,0.3640250574959899,0.3626802184739029,0.32509766795188594,0.2904512779536547,0.3527901887038826,0.3609783286166323,0.3713756340475445,0.3704311896898766,0.33978923540947686,0.361587663511921,0.2858971464647675,0.32374566423321305,0.3225234849851387,0.3797120685506522,0.39451410034862994,0.39854140202612554,0.26972785995395154,0.3290185751767856,0.3317673827960698,0.33956504467179655,0.3318092281288704,0.27376297274880446,0.24971008997787975,0.409091331671966,0.39448413567719914,0.32604670347308223,0.36250663598849076,0.3248076327966325,0.42576928340043924,0.3543192111545889,0.35141767299917975,0.30315149685077303,0.3458201420413061,0.305914974345795,0.30793823047269325,0.25146486806866164,0.3572120867228602,0.3118313577162472,0.35825561376342796,0.31417807997340785,0.36971651938767225,0.3541965665167014,0.3464528786897213,0.36229815051666825,0.4226868516165034,0.335728727907145,0.3404942820350756,0.3089586052717772,0.3243130672140985,0.3437826773275271
0.35303349913856225,0.30069960034558485,0.34412253538638576,0.32575352025828286,0.0,0.27069566747731805,0.36792780238327216,0.3168679342610774,0.31797085459533353,0.3154867910914244,0.3756792715402089,0.3119847496996981,0.3176287929363969,0.3226327338589725,0.3322480866058509,0.3780309008629358,0.3834031189137723,0.3743123567864393,0.2737449824847514,0.3191670827797149,0.3621535193193183,0.36502265495143277,0.416155617649039,0.3056394845933144,0.32908551786271295,0.32721400590281075,0.3324149135606196,0.31656022247280236,0.27034267895250075,0.32365257753765897,0.32691679718712624,0.29655314206289307,0.28584201684297383,0.33033386438659834,0.41683247037210575,0.393728360849737,0.36748470959589064,0.36431156834984296,0.3313145627787185,0.31532131993621326,0.30718844750966595,0.39298054909455865,0.3450676474245219,0.36563855639928344,0.31963693622523875,0.3089549004922584,0.31939919640429004,0.3564640286112856,0.3972257203704621,0.36473029234427995,0.3586668586643056,0.3163345831453064,0.2865229188600022,0.3193226672163568,0.34570623154943203,0.2999149571902987,0.3132760798748625,0.3919414319822521,0.30968632813888536,0.34200453403675835,0.2731773135039341,0.277285220492151,0.3076951710899245,0.3627717915623481,0.2912243613890189,0.2579063638026522,0.3027665387709752,0.3222904005755943,0.3148602406238306,0.3654596852133883,0.3418671016457689,0.3374978692894298,0.2979823674288576,0.35261524456989823,0.29911872652374916,0.2562423752754176,0.3460506853900583,0.44591865643831785,0.2835176653942004,0.23993245919485143,0.2702579075620369,0.35316383110225413,0.3376415832008353,0.27674229404607403,0.32182005950970743,0.32649793992319565,0.3130351138320519,0.3072364525156036,0.3009215178979626,0.2915116221238222,0.49017051781147053,0.35218643459440413,0.4067917869685302,0.25432112796259526,0.3666205049957894,0.30585605572337493,0.23878817265518368,0.3153935870514652,0.3336550713424202,0.2901458042083108,0.30446774753741235,0.30993535797383426,0.31040139542862205,0.2880946335528112,0.32979043443361455,0.34365638148154476,0.2979390595993016,0.3696032030973993,0.3296230182066213,0.3197966901838383,0.34531872560464744,0.38614253706948265,0.28903927475256547,0.35649194876892343,0.29080319849580843,0.32050209555320175,0.27816163402722555,0.3430179319721453,0.3002606884576567,0.36801370768856106,0.4237546381816751,0.3146413923579606,0.2977677919955475,0.35471579252281404,0.2927078089030057,0.2756345279725277,0.2895042348909498,0.34779259394999473,0.3153753405251579,0.3169085248735006,0.2938646047641525,0.31468205869573196,0.2731113863242243,0.32420337165000174,0.30574385215755345,0.28960045890623254,0.27269146028329466,0.3586598039028579,0.32621230225194797,0.34820150687518975,0.2520276913152972,0.3484868331128516,0.3746305490860129,0.37476428799195627,0.3638106968187788,0.3128558477936937,0.36883119729235114,0.28661441328464154,0.31137991675482424,0.2743362894113112,0.3105981947258447,0.2799057106416013,0.3896815169078887,0.3005890123087918,0.3350890761799497,0.33722238701771984,0.27220878422254113,0.34949257837096287,0.28134942010105884,0.30806584900593603,0.2720472125305558,0.2872659988993106,0.2945195807243424,0.40882904110211654
0.37692297190423535,0.4324121125310594,0.35165768764733574,0.2995001658619179,0.27069566747731805,0.0,0.2693201498462479,0.40700779497131345,0.3349319346400807,0.3491833423326616,0.3472426753684181,0.3715985974504888,0.39002416102276904,0.2708308503858047,0.32310345103587346,0.38890178316001905,0.364543836059837,0.2889854534279004,0.4151756712382294,0.4049563385625957,0.39529408680591754,0.35265216856242787,0.2620423772651018,0.30532115716747055,0.4251235143514443,0.25576953157105553,0.23557914318761655,0.3343994117559015,0.30826490153980496,0.3054118184736243,0.3746813628030565,0.4385473061579849,0.3314405427934741,0.3063321865858491,0.32961012093889863,0.3110925399597557,0.3507074211640154,0.32218354797526094,0.3005556745738236,0.2757055784264014,0.3202669418652161,0.36033639550343494,0.3329623562577032,0.3624745817307521,0.31866926530935175,0.2989010518478301,0.2957627344203893,0.3346787111459343,0.2926457095930348,0.33203452860149896,0.33676396502223277,0.3959010630043118,0.29663118515151554,0.3540900208045451,0.3074379924402389,0.3961673710391287,0.37884847589152904,0.4084912974541637,0.28508888937788124,0.31740160363407716,0.4315765375184512,0.3071725609712266,0.3876624724630372,0.25712787939788406,0.29912692629406307,0.3157175829705282,0.2820621860745238,0.33971098583848447,0.2644377493203544,0.3721522330561956,0.3562574638840198,0.2864255774123598,0.306098620861412,0.34167637802310763,0.4088459636367452,0.309487252841113,0.2939648349492783,0.2994613065918197,0.2955220272629489,0.3458739088443689,0.4218192576123187,0.3400860718296819,0.37026102334220085,0.3673020220334486,0.33871653455659495,0.36704568581006025,0.3944545355905069,0.28429160635819367,0.3511223071489995,0.2977278390862468,0.29603475232032006,0.3345299371069036,0.3513148385718176,0.3350531484984921,0.3061322773780614,0.37820781489112626,0.3480102690464425,0.3827611894529106,0.2699532414424414,0.31401463457233103,0.2982031825270251,0.32113196467217675,0.26289433982239646,0.3256368413052619,0.35510321627933944,0.3576095968269144,0.3596318064780514,0.3810028509824006,0.28305152862850436,0.37921597228076953,0.33871536032135874,0.28617279795315337,0.37292583053491957,0.30660552328351776,0.30799557569847086,0.353998969921097,0.4033552157778185,0.2969501044988433,0.3887852048269927,0.2995458722362521,0.2967076687108054,0.3196679245380389,0.36782998421845614,0.38237352264026936,0.34980594528375114,0.3542759919399218,0.30558561000811224,0.3020460434620345,0.3596323808365968,0.2765553884041038,0.36316031485922723,0.46620728488223523,0.3053318163527168,0.3301549326206642,0.35660233645327466,0.3088306132436716,0.34458786593304935,0.2652780878182213,0.28328911516474514,0.3189192756657981,0.31527196755767084,0.36847714267577886,0.33200116415481085,0.32444356539243135,0.33957477934604324,0.2716563428933283,0.3737308778283306,0.3271461716680201,0.40007329359973975,0.2898393458331232,0.34548255474528167,0.3425926767811654,0.28446670844334704,0.2644363944697338,0.3899294575571839,0.35659753861197074,0.32953514902386805,0.3991925699879675,0.27951467669883506,0.32467710175950376,0.29105360380100626,0.39804804129168564,0.2934506477852489,0.3287162536050121
0.3105560728862035,0.3329806962417316,0.3078094022187991,0.40593249060188663,0.36792780238327216,0.2693201498462479,0.0,0.30682187877584977,0.2711099061437235,0.3262586502091972,0.32703550917532714,0.33821695228722914,0.348723789268283,0.35680581873023287,0.41135997994996754,0.3038609798055758,0.3121621287973923,0.33325532211447073,0.28382886305863536,0.28185057166036914,0.3375611464699165,0.348064248772766,0.4624497852151627,0.3714533058130663,0.34109737530704254,0.3977241458013189,0.31517305513894817,0.299324723951186,0.29667590201585875,0.2686429557837852,0.3352058313731023,0.32027065343468747,0.36953080772062924,0.3802528438421648,0.3370625510076749,0.3598662927448908,0.3965344683242323,0.30567609414972785,0.32259038160961084,0.39421403199984,0.36141640593712754,0.31838728362207713,0.34594035475063273,0.36580865739778895,0.4159938436917324,0.34297181884745065,0.3496517332051347,0.32836170183424734,0.4812124834347163,0.3190926652657471,0.3969048492993766,0.31188989328414496,0.2607157350333927,0.3819520616037164,0.3986633633437045,0.3129475726495035,0.30194326441020297,0.3102431832711148,0.38213758416308735,0.3423252238244531,0.2861395995976353,0.2838988701123521,0.2762010416997333,0.33644157292757004,0.28853097504029646,0.2676647089614192,0.41335523017944104,0.3792107514444404,0.31475879512863286,0.3077248248053633,0.35017892138575063,0.32602178578264773,0.290830141653719,0.4084922074795983,0.250841607150879,0.277979923015834,0.4445823468938583,0.44229866748541746,0.28965167059493147,0.2411744785599087,0.2724660038893883,0.3442766376373685,0.3301333649553464,0.26096657271225604,0.30665552390959344,0.32667986210115274,0.2997073874331404,0.3406213436775091,0.3173954554714296,0.31151643148521246,0.3729765045758636,0.4135991460153499,0.3418382102875275,0.27368038352095353,0.34352885156554697,0.35135253647625964,0.2455990533875833,0.36026437822036683,0.30804176462285365,0.3910391670632004,0.3369880273203111,0.3405165915010014,0.3694129697287924,0.311935900442077,0.2955263565624399,0.35258549448249804,0.2980696367905015,0.3212323762942091,0.4005968452088749,0.3439640431035365,0.40841576444860767,0.33239301665748816,0.3148989254251057,0.2811151008806573,0.3076051462382879,0.3213067959905838,0.28143619474691883,0.3274366907577533,0.3280292484450973,0.30130472175787065,0.34160989388072704,0.3032052215964361,0.28780899768546286,0.3788306854114745,0.26284631803943403,0.33817537174413975,0.2970917668387464,0.42441950232303516,0.3210859915042391,0.36810259465732154,0.25489102356531923,0.26629152976282205,0.2707014829540399,0.27992771804748,0.29505949270805143,0.2809931995177495,0.28130455590705356,0.4023931386473016,0.3501842381452725,0.3376610814029998,0.3135433614818281,0.30927225827661614,0.37403736836771634,0.3141857426936436,0.35623456175622165,0.3836313544018133,0.33921017746209386,0.3156562375950098,0.2986104717885394,0.22594816305970897,0.31953789692766216,0.28421988539232446,0.3134801828565133,0.4032074646369408,0.36925879698089137,0.3609498165016708,0.31502754580578957,0.3814681422961019,0.34069171224164535,0.33898946394892354,0.3132844919346122,0.27830884591893845,0.29582094912658613,0.32279481403276233
0.36821169722579467,0.48959825160562676,0.392173591104103,0.359449730192251,0.3168679342610774,0.40700779497131345,0.30682187877584977,0.0,0.3867783332192525,0.4263131562016993,0.34806663842278196,0.3975484724286527,0.39000963499022323,0.3231415408004868,0.3698649567639547,0.43982203097520495,0.439573673418995,0.35626144229527396,0.39981829926285384,0.40305137913097777,0.43817901890150535,0.36720108846493177,0.33957638492115044,0.3349150762556738,0.43708410347902443,0.29661015917987765,0.30872021306549274,0.4056459633388502,0.3193724308938889,0.331932125373871,0.4741644332217107,0.38473169444693434,0.3692194285345589,0.35548391286285447,0.38485643487623505,0.40515880781307706,0.38752746896504786,0.4612830069852104,0.3686497515839366,0.3462336422783557,0.3794946991271607,0.3502318625239096,0.3574845440150428,0.3536309781275943,0.4440599518640082,0.36982476901982536,0.31962733019491013,0.33108920782770457,0.382599863194253,0.3631382330379231,0.38242478485518044,0.374578634177199,0.3355150539660431,0.3785141266125581,0.3648921556434656,0.38481947057033844,0.4066750250670443,0.4318703690170677,0.3670105624913591,0.3873664007529475,0.46768243866430537,0.2965255892497675,0.36495612330346494,0.32363531254917416,0.3023846469145348,0.3167965910029565,0.3246424227337628,0.3455381838613036,0.3375644591842606,0.5331214861965449,0.37157297692414376,0.3695299465128717,0.29902066518170617,0.4310839251139122,0.46466310682576156,0.3079199167493113,0.36051655300090313,0.3616236089097725,0.4044651353988035,0.2863948436429699,0.3589995036367995,0.3783684233138526,0.4705887380923131,0.42461174449263345,0.38170187674220707,0.5539610955741462,0.3917479058517078,0.32829592721832856,0.4380131522592097,0.36975614057598866,0.3353309717199625,0.34614349892870366,0.40249200097966914,0.3278033679209983,0.3985368289141431,0.3981443331031688,0.346757869621797,0.3983100930926623,0.287522352506793,0.38411256729193044,0.3478514408327602,0.38734427092680984,0.2840075998982159,0.40219770813054195,0.38973219503420276,0.4279627325935965,0.3818544043730083,0.4868262004447591,0.3375374425909102,0.3811170690699826,0.32795073247950574,0.33580629205479834,0.35759064567249643,0.37783909223946444,0.37299454711557994,0.42661154641679644,0.3929666825989505,0.3318426109504112,0.34274759778405456,0.35480155663400126,0.3617683892222064,0.4241424916349081,0.33306456484720537,0.4317939861618267,0.3226910898931194,0.3786452884297434,0.3158408382742683,0.40046358193884757,0.42983447589425,0.33986086096428575,0.4252155192309907,0.41531528195747347,0.3648405100870221,0.34449639775242313,0.37247337577964107,0.3039656693153288,0.3705994485962743,0.3331943738566647,0.3638817727359711,0.4116759206593743,0.33618972344685727,0.35059681487888916,0.4290750899867951,0.35597155292035837,0.3918845736421409,0.3062050953270539,0.4596641719066479,0.3870024250813578,0.45484726925295216,0.2999175383556049,0.385579261652861,0.39290394451672134,0.3599734288734794,0.3196486222903099,0.4857826103222168,0.4319988298657435,0.3525697893543358,0.4609605821790816,0.29708951679527307,0.34355104493236444,0.3387648154723991,0.3816981937588429,0.34150534939776955,0.37154162999281104
0.4061345848717305,0.33093261603405094,0.298321059719022,0.28129502669667233,0.31797085459533353,0.3349319346400807,0.2711099061437235,0.3867783332192525,0.0,0.2920821599506072,0.3052871906311927,0.32552654591673647,0.29824657923422687,0.32962816399615646,0.292162921777271,0.35419941326820203,0.3432539346556173,0.3623580622626219,0.33811200262401214,0.3809463693033585,0.3444437256901159,0.35723098113864243,0.28840480131647883,0.2812492778651456,0.3527191201424671,0.2669430045080445,0.2881037974844346,0.33516894975150935,0.265183267413904,0.4275883287368613,0.41701462710510556,0.33509347947706053,0.27869567833692444,0.29568622774199327,0.3776554096995197,0.3014170083671911,0.3138120180521193,0.4411688509670734,0.29762242151752283,0.28511614113370526,0.2859246079323745,0.42296148875331274,0.317263154462889,0.31765714317694005,0.32308843611366994,0.295778920182335,0.28701399907196584,0.2754671116036002,0.31888697488138423,0.3280731131703554,0.3119224241984104,0.3222593436417491,0.3065487174038863,0.28840892511554866,0.2831454261470946,0.42067897384965586,0.37539394275322063,0.3879412230062264,0.2867423884891156,0.30031811699012534,0.29345457737180747,0.31177369693972123,0.328549368756428,0.3070235882209597,0.3291184205153629,0.29986120694309476,0.2936203974580465,0.307666743691772,0.2885105938824914,0.4211731130719574,0.37367289051326874,0.3393888102733598,0.3540890520761222,0.30843261627045376,0.3883543683197663,0.30919870026350854,0.2726661827893275,0.27880897147185485,0.33207486414941456,0.3017619612291995,0.32594693810739434,0.4275629409084251,0.3891478903101494,0.31607537023788534,0.3955775263911486,0.41980726622247716,0.3665052164183557,0.3280745040521135,0.33360711940077103,0.37954156648146736,0.37069931489378555,0.37579514195122316,0.3171067766596389,0.31628152672732973,0.39063450498931224,0.32787189517056237,0.33195539469595936,0.35852289434649076,0.36944256867624053,0.29539728725970105,0.3249544277358119,0.30177577359685687,0.3003241027668914,0.3050568081757866,0.3953935743450794,0.3218631886509188,0.2804846897843054,0.3783080053612954,0.26892724340372354,0.2846530038475067,0.2809203329659568,0.3733742055158614,0.32857194213706825,0.41315549174000055,0.31240946029447275,0.37631359110801504,0.36089563738839214,0.31202991076762626,0.26006502413694743,0.38154704019509844,0.36600453786873444,0.358621071828153,0.35414659995401604,0.34784884291609713,0.4524568969520933,0.28154673193008045,0.3219993104280249,0.2980367848138653,0.29454757552616617,0.29565078242797377,0.5185583877643332,0.4016389010259498,0.33819753273630265,0.4244291766147017,0.3062031360809105,0.2991212492892127,0.3232819487185119,0.29679022261201926,0.29954522894195407,0.3837853510857398,0.2715301409339495,0.3609062058202287,0.3734385992910123,0.36613213585752513,0.32831322577612565,0.31745380425670616,0.44963557334622745,0.2808589392724134,0.3605259058258725,0.3127282678228283,0.4130273263393713,0.32505146745645064,0.3353536095266632,0.26167421769216476,0.35396445615525685,0.3770073530560089,0.2986434970814033,0.34298296132050377,0.2965045247136112,0.3360257909854772,0.25735000050087686,0.43959472566020796,0.3788597369057783,0.40583089886760343
0.35038529772389315,0.46600253111933654,0.49237811076848276,0.3339335602861202,0.3154867910914244,0.3491833423326616,0.3262586502091972,0.4263131562016993,0.2920821599506072,0.0,0.3305443962308494,0.32870631333311084,0.39713185797210504,0.3411749081132985,0.337296590592566,0.38892004062664987,0.3873946907267823,0.3784879757433819,0.3162444375266512,0.3294406020667779,0.35166906780746743,0.37473663110559463,0.3734908049538666,0.3057944186799784,0.44439695028295323,0.30041648243147157,0.2939404905847932,0.3670535218439491,0.40361060714035074,0.27382199032668236,0.35845342980657985,0.37913321262585836,0.306218018750684,0.32562256781629834,0.36307045030644686,0.3549102692119041,0.38976292322818856,0.3366841006087275,0.2869474968343395,0.3412342701866323,0.30196892385815544,0.3321618319217831,0.3329414532620124,0.31853325863678567,0.40346202151045923,0.3408146060900375,0.30748436079912317,0.34071266242549614,0.4192584326465605,0.31189907856973953,0.34551001199465403,0.32977844284780583,0.27841058667920526,0.3831475553585601,0.4146675600772938,0.3514256451690332,0.3249685374408084,0.30911401950739686,0.3693345692529533,0.3616025738463258,0.3857249828684584,0.27629624598807356,0.3053238163264803,0.29700551874613135,0.2788466144742828,0.291121099468939,0.3115683534857005,0.351147510042009,0.340227346196218,0.3974871055307173,0.33917504638813145,0.3766179021119823,0.2677672743693541,0.41043070065594467,0.3327767952334698,0.2979910795221046,0.33817565101625263,0.3799686269949231,0.29689590061383786,0.2635590233479671,0.3061025947892029,0.3237168533588909,0.39730826986451917,0.35212529299247364,0.3160282553020413,0.3970176935131502,0.3153534886064668,0.3138020130852228,0.3803712946433956,0.2943276465847029,0.3137253243865011,0.3126433397094113,0.3818799231535979,0.2770709074538542,0.3532196452373079,0.38611288272772926,0.25957085488809184,0.3546134920702969,0.27660984030719926,0.3758092808537457,0.3248622248992621,0.33480574200127533,0.2674980439412639,0.3883221445370109,0.32574183837549825,0.37257470951909233,0.3327549109280202,0.41915903577371,0.3359868046404269,0.3649115147946653,0.3110117549215272,0.29764694633462985,0.32858394298470034,0.30302003877956757,0.32708458765753384,0.3646919685935831,0.3314083501766086,0.4003061330044828,0.3535495917675508,0.32600058557369455,0.3131574793153605,0.310854963637082,0.29643427858156696,0.3769700795834375,0.2740819004577429,0.41290399304952335,0.28751716390233045,0.3495245095498311,0.45193928021672086,0.3466020788107764,0.33937667377991865,0.32210908599631194,0.3029953009547034,0.2712180904183039,0.3100443371271516,0.27453562096651385,0.31366305343778256,0.34014926932212847,0.36693081611868067,0.31731269350776337,0.3128527360027473,0.3522575123370281,0.3737483632709529,0.30385578774114846,0.3371447446351413,0.29244340193231466,0.31186664884285376,0.3533909039834281,0.5042011169514561,0.2569869698630669,0.2947534046879437,0.3288753214532685,0.29988935849009196,0.3336450504611294,0.35293143163728186,0.3524525743689083,0.2999474820737832,0.40543072531647556,0.30027825081580284,0.3492044396474146,0.3733214378870118,0.32707908253416584,0.28195306684194166,0.29809547253217816
0.35768592633890556,0.39425669019636617,0.38872756753394705,0.35559487474316664,0.3756792715402089,0.3472426753684181,0.32703550917532714,0.34806663842278196,0.3052871906311927,0.3305443962308494,0.0,0.3661370168444699,0.38167213783450427,0.33259581908003094,0.32396509959438136,0.4446482659072181,0.4111983236682928,0.35716912140880286,0.31996304690071753,0.3550222079824772,0.37858081664807036,0.46252525887797086,0.3538248962960775,0.36698969671984,0.39419295673735794,0.33865385886835786,0.3293993429697519,0.41274597173795513,0.363013034850957,0.29853771110346894,0.318856574973718,0.3258700254402774,0.31422939610279116,0.32122103322709555,0.3694994277133719,0.3681999131802128,0.4014218318625006,0.3698185564489439,0.36987312373801395,0.3251150292587266,0.32249324795557127,0.37077928332870325,0.30588034916215895,0.38441020228795086,0.3528811481915366,0.2998146899129449,0.24488906406668098,0.42211335233561276,0.3844543683277343,0.30155437668872764,0.3351551436132526,0.31368973670886496,0.27405658569867813,0.41306304254408815,0.40747760681725076,0.29935409142199115,0.3452189696307535,0.4084578706209762,0.31980041043932556,0.33276549509419134,0.3961190751269998,0.2366848084999524,0.3216891306466514,0.31636414388125195,0.24961145763550177,0.2678078050592949,0.3531836650650147,0.3093483605586824,0.3267998658921707,0.3859391146611558,0.32557075748397496,0.3040717589077038,0.32341887446735895,0.37914495288368655,0.3620975305624886,0.2725773553920477,0.38431763361626603,0.3883529810001285,0.284388121480301,0.2600354558922406,0.2998442506778673,0.3010697558853139,0.33680706933330057,0.3446597466822609,0.3051932477780203,0.3524083460903225,0.35880584004642824,0.2674207856298187,0.29080104316578603,0.3265326059040306,0.3853117747077423,0.2761414579763713,0.3936585810891725,0.3016914645398885,0.33477325257230794,0.364181659981124,0.2603828034225115,0.29585108156470036,0.27101283867098347,0.298731492132801,0.36488748196310783,0.3232144561068298,0.2634479892554101,0.28841682158090454,0.3050312571579068,0.3038577346378,0.2868410870113706,0.40093537485484654,0.29303389075553177,0.40274282563295494,0.3840830619544316,0.31668856626097014,0.3149432554547724,0.3453592063647289,0.32532105608132317,0.36510592261279357,0.2960227767595613,0.3345497806761889,0.36342232193394614,0.33932814683913237,0.3714646131236198,0.2894664590189362,0.32721045925388886,0.36736826788827304,0.2993299078255516,0.3648116385896983,0.25056677976640485,0.37332461278390255,0.37263934127196136,0.299832334850024,0.29224429906139326,0.3490874362231472,0.3402853895957656,0.3450501405792455,0.40884805688048864,0.28809820561390376,0.3037081692011011,0.3108930618807879,0.3662635812559966,0.3142302657769686,0.3189731186982988,0.35799571035202554,0.31314832754413185,0.33615011831949165,0.4369607095996789,0.26734871687038764,0.3324542380349573,0.29857650151658044,0.342181747465137,0.30554195973395276,0.3663518494777721,0.2915091430293103,0.4329544091204664,0.2852888231546413,0.3479006894882596,0.3772417741360158,0.35635476092455104,0.3663883691275222,0.3262803744821475,0.30269068047219494,0.2884489590347899,0.3225764519228928,0.26726903085971854,0.46142957052243117
0.3039240758220651,0.3872984085345579,0.32991925217536794,0.3285651385057344,0.3119847496996981,0.3715985974504888,0.33821695228722914,0.3975484724286527,0.32552654591673647,0.32870631333311084,0.3661370168444699,0.0,0.2772504251931897,0.23886273367528568,0.31908282832280693,0.35044246211614716,0.3244178720262958,0.2691168249880016,0.41434804343272397,0.325651917785081,0.4178999098943393,0.33448522973542916,0.3183655338423829,0.32903000938995114,0.4238707447519919,0.2869786571461355,0.27117966832542767,0.29050479928570755,0.30862985728822484,0.32915954715885065,0.4054778818075618,0.32298661259676326,0.3201085528577275,0.36870077345318436,0.3008959559129475,0.35484495348078254,0.34419810174068005,0.34212535161638763,0.44598037170801247,0.28677449652655496,0.34587320162002244,0.343453613631742,0.3327980758126594,0.36574496469666545,0.33034785750497914,0.29762429166208904,0.3025139379042356,0.3510474926669168,0.33049471374625705,0.30475911603942235,0.35656174033156846,0.33815085612338747,0.2696541977829655,0.3798655924010048,0.40034688230904497,0.3301037234263183,0.3579942960492197,0.4497230179660599,0.2705614931574916,0.3053382243430179,0.31057127396852624,0.2563266167830805,0.3166468358216277,0.29057588924721695,0.2735265189139376,0.2770141026423699,0.27804810088700566,0.2820836314810417,0.2501545081844162,0.34065748986978,0.31334290714190693,0.27297598375692045,0.2669058285839296,0.31946893547853344,0.3313795961885298,0.2717367220541177,0.32836624478581034,0.3690213486455317,0.30727399010835565,0.2628774480763085,0.3095805299590827,0.35360741784608757,0.3668223658156888,0.2788893848294105,0.3308179485079299,0.3626906058072073,0.3254027657477109,0.2787964423230933,0.32332519052715064,0.3453095650633882,0.3243574252448633,0.3487855299501159,0.3398962955923698,0.3063090153300455,0.3046299001980132,0.42718705294814646,0.2899799597087217,0.37356299375242813,0.2755000466328344,0.2807011667757915,0.29525008623951743,0.3509253587533341,0.30406736151289604,0.41654268573338066,0.3045060465925803,0.32196201059605933,0.3276379701879762,0.3573407717794921,0.2804945042119284,0.38522387835634214,0.44546702639179836,0.3429590307200846,0.2877183678270439,0.3495872061080197,0.2884826861124352,0.3157776730804101,0.31597724988733916,0.36071541501487114,0.3338812545967907,0.2983408644545424,0.3119598702652115,0.337494370160898,0.30460059147995605,0.36026158616114695,0.2747169973538833,0.3964097632474594,0.2664372133251818,0.38287962182977514,0.3839534550248332,0.26857536809241883,0.3125353996561636,0.3320961664458572,0.280004184783335,0.3608338069121794,0.3631167234095363,0.2639956910803665,0.3377466459472461,0.28560438590084236,0.302449410727619,0.38968154998001425,0.2735185100973457,0.3195134076989923,0.3451622796217178,0.3417202966596684,0.3862206835696119,0.3293455789369221,0.4687579284258399,0.30917042865156635,0.4062279761946592,0.3071572232904411,0.37126490491367875,0.3380455840877486,0.33274282137690353,0.2935280968453187,0.4931366466688108,0.33228811447978657,0.29188466422137815,0.38683493906645766,0.2594804745305679,0.2944055023485494,0.24943636500624972,0.3137740045676996,0.31497014025017944,0.35631794670129063
