0,1,2,3,4,5,6,7,8,9,10,11,12,13,14,15,16,17,18,19,20,21,22,23,24,25,26,27,28,29,30,31,32,33,34,35,36,37,38,39,40,41,42,43,44,45,46,47,48,49,50,51,52,53,54,55,56,57,58,59,60,61,62,63,64,65,66,67,68,69,70,71,72,73,74,75,76,77,78,79,80,81,82,83,84,85,86,87,88,89,90,91,92,93,94,95,96,97,98,99,100,101,102,103,104,105,106,107,108,109,110,111,112,113,114,115,116,117,118,119,120,121,122,123,124,125,126,127,128,129,130,131,132,133,134,135,136,137,138,139,140,141,142,143,144,145,146,147,148,149,150,151,152,153,154,155,156,157,158,159,160,161,162,163
0.0,0.8705354715925335,0.8049369237854437,0.8052004434720023,0.7106141383828164,0.8686446585834501,0.8000323171948568,0.8067943486905514,0.8660118451235881,0.7802766986478517,0.8909383342215004,0.8033972672710643,0.9287207674825,0.830699286463021,0.8304605673270317,0.8572177481408875,0.8486636521530895,0.9293994570351891,0.8398017002848143,0.9573504271120382,0.8525039953703066,0.8688885236038664,0.7430936965366628,0.8884923348391031,0.9187227898283049,0.815695315879733,0.7173407238283211,0.858631261026066,0.7703865262622609,0.7627762859762818,0.8770165568069196,0.887579136509621,0.812957945422462,0.8114892985355032,0.924197332067257,0.7329358037546031,0.9279416673808814,0.8805502809205255,0.770019941100267,0.8560140738436327,0.7640783180574084,0.8555295163320559,0.8304340042004014,0.8939110545353584,0.8805104486046307,0.8444489944421065,0.7643217242199296,0.8816393322298478,0.9097515032342012,0.8066530854855045,0.8322992729139924,0.8724945987474916,0.7284843628130159,0.8204060416014445,0.7928225992472081,0.8479449718612913,0.9119939262139181,0.7799121703189316,0.8531561789481794,0.789266765298027,0.8398282085113655,0.6763881289456458,0.8480557221164906,0.7373245995075085,0.8333182430755034,0.8865956368270387,0.8737198522368371,0.8853165902565208,0.8179279327149789,0.8689564490639657,0.9288019938217413,0.8448119782217386,0.8662526163918111,0.8732910105910875,0.8631715157643939,0.9021764041947128,0.7892028833798228,0.7445837525965169,0.8155158875390753,0.7854197969627702,0.8473108297156747,0.8472452390072761,0.8448757089653958,0.8683213466286995,0.847669218373202,0.922057366950965,0.8574247003036604,0.8018586680609963,0.8433074169289827,0.8443812349657254,0.7969933555815067,0.7854640872943073,0.7729814500982478,0.9143588964774715,0.8743757320775981,0.8622638930724026,0.7640209905918229,0.840657408938115,0.7037482825656516,0.8594854772226764,0.8329606126806093,0.7332620329382468,0.7337745863497164,0.7674813472767665,0.8332472894317836,0.8335683774079256,0.7532783348081012,0.8462976736591514,0.7994110952543829,0.8951062354021422,0.8696908615841674,0.7979738110554152,0.878761222017541,0.7716571615439808,0.8561518421954585,0.8736296404717685,0.8784041468554279,0.8311710033500848,0.8259023658582084,0.7681726222721563,0.8285304266478448,0.6716113714325609,0.8861129761297278,0.8964002619282234,0.8484361311742522,0.8458098262380978,0.6864447108044738,0.7856138394318479,0.804165181104393,0.8616032002445764,0.8120175770394056,0.825158879953729,0.8463425020907477,0.8590727587644348,0.8937394335703347,0.8574607808819599,0.9196274197270017,0.8547947084013073,0.831777304864362,0.7906218117177731,0.8497864085152244,0.8385682642190748,0.8336289459224365,0.7137772728780254,0.8946562056830869,0.8520785967781055,0.8340754001237211,0.7417026147357288,0.8648332931194515,0.6502049393246944,0.9245743012839112,0.8058352275871734,0.7973703544208142,0.7241449957537845,0.858931704936871,0.9248616176229235,0.9211302573471627,0.845164727250724,0.857404907046337,0.836066649570884,0.7802936734830792,0.923970786656734,0.8910906582823218,0.9345127246140483
0.8705354715925335,0.0,0.8691781460625919,0.8256831904885924,0.7086411373518815,0.8902711696402039,0.8482848787787063,0.8079531422152875,0.8406141130611066,0.8957118467130873,0.846681724548635,0.8662341640340673,0.8800968609525099,0.8374205210512231,0.8381487210211593,0.8321597149309106,0.8293687987692262,0.827772026047683,0.8303032690353433,0.8632881969061404,0.8367339520465119,0.9132091604207945,0.733839140444067,0.880476172910434,0.8828650311870742,0.7317207027989305,0.7488784003177931,0.8059366015137343,0.8791977699459638,0.7627965043545879,0.8635500238618371,0.8735570335135627,0.8801291321185579,0.7688863546708227,0.8494062367290725,0.7736104309239046,0.8419289630747577,0.8155099511326399,0.8060777400797422,0.864322084600568,0.8120813522167858,0.8664652887742523,0.7299826613876571,0.8359106628965639,0.8578415623956094,0.8049544366521354,0.7756927091946105,0.811737101777411,0.8545451249025658,0.7745390647112401,0.7953991032258599,0.8145327744156486,0.762004920772506,0.8753731932332649,0.8144300032968662,0.8803341726984287,0.8264427664452865,0.7814366091367865,0.8397898335620683,0.8167841766417462,0.8246656011796679,0.6811363306688246,0.756837549707348,0.7390566889479364,0.7602944746898788,0.7776939451427419,0.8381830943022053,0.8206404962798169,0.7469901825249325,0.7902564783610447,0.8429812354836312,0.781896334154689,0.7625988855176884,0.8538421491760416,0.8593335859466312,0.8157366581468642,0.7719417456954987,0.7851835668804046,0.7199941318752276,0.7276364138710202,0.8151692108447111,0.8113977338939251,0.8832204628440289,0.8017334331945184,0.7478142795056357,0.9010860049682686,0.754199393771823,0.7263991448516198,0.8179575201321805,0.8774643738444036,0.7445306977881639,0.8473872309970302,0.7968821726216646,0.8329268413919001,0.8350579574704637,0.9030491544603143,0.7686988728167529,0.8417816894548212,0.689104727981282,0.8569291376520608,0.8096330682038831,0.6918057431550216,0.6429280034444494,0.8037923853621926,0.7614583076186825,0.7912899442314453,0.7507158052579898,0.8247374459433636,0.8272463871901409,0.8949359640135597,0.8487681598146037,0.709569178986299,0.8021352648790203,0.7636839460435982,0.7730481071716379,0.8674710526625741,0.8236795677041207,0.8108844714297688,0.8115521677659917,0.7655135714740817,0.7794747052677244,0.6352500342504154,0.7891242487066116,0.8811039917196138,0.7641564563416747,0.8942657083135664,0.7163010312460204,0.827462706223876,0.8405707340378548,0.8218265398693141,0.861279759567417,0.8099341935648317,0.7525623231330388,0.8275727838618256,0.8510539399875218,0.7913800764138836,0.8655755665369484,0.8207276421491047,0.805691124057992,0.7731485733781001,0.8145673377007707,0.854419268546755,0.8973587876439219,0.7522310308815956,0.8497551507781029,0.7591716268419909,0.8610318552068941,0.815706670772726,0.8739719987839015,0.6946092958455151,0.7913554736957349,0.8315616840012401,0.8075673550554493,0.8290740625946221,0.8590133962150711,0.8501098560217404,0.8690188432970098,0.856620279429895,0.8171068846687418,0.7537661667432464,0.7903416547446351,0.8236652039170527,0.9278770700498115,0.8325460004192918
0.8049369237854437,0.8691781460625919,0.0,0.8381003234394451,0.7949000572323315,0.8880160799193538,0.8150406015206695,0.8310147404521115,0.7353601686508114,0.8786918286763383,0.8895495974899315,0.8969971958997665,0.873634936461962,0.7135770771290001,0.8090386423104101,0.9316191969129085,0.8923699307790561,0.8060672629982748,0.8303688127391605,0.7882114826385119,0.9225086670498576,0.9224197451077868,0.7306974283813622,0.8676548128096593,0.8565250483332253,0.8128379138680508,0.7277505882266395,0.7854042156445793,0.8407206702566703,0.8100025610461321,0.7751654279452342,0.8847991049924655,0.8441904497503017,0.7424400552721979,0.7269794388160675,0.7597552499863885,0.8331971531837109,0.808260815484561,0.8135996754518409,0.8507698307531143,0.8142068284391433,0.8563350507528378,0.8166627054194269,0.8314108069650928,0.8295204910304727,0.8177313606984923,0.8043952153320887,0.8424408719544352,0.8241303108121804,0.7856720591415443,0.8549535728987374,0.8538822197188908,0.6884039283329594,0.8872040109774385,0.836947909723071,0.7742206644645008,0.8222920459918713,0.9070278203590951,0.7677980732085323,0.7709867150509109,0.8106979248909987,0.6778742879327811,0.8454604290968316,0.6789202804863519,0.712649444450136,0.7717253698447606,0.7657592553703783,0.846768555326448,0.8081521284629598,0.8302377312342074,0.840356072423649,0.6770806888650034,0.7152150653064725,0.9215739370036898,0.8712970926398472,0.7045024405222522,0.8695856045424927,0.8570728453595395,0.7443639597806239,0.7182806096962819,0.8290265547106598,0.7694766404451718,0.8765718860866645,0.7863090553152795,0.7590376269675505,0.8533233298251439,0.7553990100531801,0.7027677958073395,0.765049059049456,0.7663578278135332,0.8280812003874977,0.713747143608983,0.8203174826065711,0.7511306714686823,0.7662349094089845,0.855953899422622,0.7302410787553444,0.7804303554850198,0.5968922896106759,0.7837912917831998,0.6919337747141562,0.7932657686036476,0.6742763487400688,0.8106365086854428,0.7294233723036652,0.8569849890558298,0.8337953502094032,0.8156367768936327,0.8303755673418133,0.8587156220591523,0.8683106345047978,0.7157589238881754,0.7544780657813835,0.7602203438995628,0.7541361935407512,0.8596843800094188,0.7487539108393657,0.8430015451065966,0.8693170839969258,0.6779446250290654,0.7812650758758924,0.6919246081398696,0.7287344826427945,0.8844030809962264,0.6412603031172633,0.9040582298711727,0.7011423606484309,0.8551234846209811,0.8379177161177317,0.7909703573305743,0.7826228248915164,0.9253771560136725,0.6997950060475578,0.7187748905016483,0.8109031708102293,0.7253674056786966,0.8260475636242904,0.7655904626710355,0.7997707298709016,0.7952444644681669,0.7471341009740154,0.8134957157843501,0.7849130700584434,0.7405685756280127,0.8357102845616654,0.7498977884226383,0.8555064709194539,0.8610310851731131,0.8570451024390143,0.6779807196689982,0.7405518935925373,0.739227484404635,0.8189815787851155,0.8614073019555883,0.9161956060972886,0.806477854412707,0.8167016649348667,0.9140839861016744,0.691592559218867,0.7687972081709508,0.7698201925749372,0.6975104481937583,0.8559523317127721,0.8122973004251076
0.8052004434720023,0.8256831904885924,0.8381003234394451,0.0,0.6963078183354267,0.7939430124115395,0.7944934989125338,0.8556824045639573,0.7409914257276445,0.7492218801607148,0.8667584493329169,0.8119664137526634,0.852785465315078,0.7799718517793564,0.8263556623086532,0.8278132500223836,0.832624333951772,0.8184129207645169,0.824409416671971,0.8030431744320352,0.8503360869090073,0.8670322905966522,0.7308147408049953,0.836584668604497,0.7843727026981611,0.8099532646660889,0.7918556374675072,0.8310598585146035,0.7479139690177123,0.6955564511964091,0.7895597187962821,0.8240214878350332,0.9105441569740877,0.7716306868686342,0.7714960148448661,0.8035696492591724,0.8041167934494291,0.8237471909801246,0.8396576280150974,0.8839339372164218,0.8193666011950116,0.7510339658628337,0.7773024817116346,0.7903665744346507,0.8753566374421325,0.8280696936072829,0.6716226786164413,0.7838241601561352,0.819235780631724,0.8181008206661535,0.8790252058492692,0.8140363385502314,0.7254765940290142,0.926396233202409,0.8602129947997985,0.6962832582503441,0.8565013267672434,0.8143175704265059,0.8187940008893088,0.8464510310742441,0.879414907695489,0.6917206304622034,0.8250613204119321,0.7026336532307343,0.7562262121372016,0.8167160786793505,0.8615265121817193,0.7635746015269025,0.7898844172483562,0.8380308339314607,0.833149400115646,0.7344689850761414,0.7845876567889275,0.9417941396553703,0.8650288409648295,0.7051940453078407,0.9072497608552632,0.7398032942604992,0.7741594470411625,0.6525473571367115,0.7199119434520076,0.8429711912289733,0.7532040976644105,0.7922797438634457,0.8066389022643989,0.8434948953178759,0.7813370862288669,0.7746117433110589,0.7801932578147919,0.7676970430898948,0.8027642544459089,0.7403384234197047,0.7957335189597672,0.8056669386189215,0.864671582081353,0.7638546699025494,0.8120266073464417,0.7334066706713593,0.6325506789993163,0.8642291562067633,0.7509938458020643,0.8289379647814149,0.7420200203162731,0.711188352302197,0.8082996406002796,0.7974760298041824,0.8420777209275172,0.7412013661149753,0.8080040749833334,0.7794290406949692,0.8614098076056085,0.776583119625426,0.7795820979853663,0.8062449758468048,0.8047767024608037,0.831016363878235,0.718398461823269,0.7713302987331758,0.7975024736102481,0.7150058322389068,0.7720229093803337,0.756247017863724,0.718780986056019,0.8251160693038093,0.6656124079689905,0.8281367896027032,0.7616770750957859,0.8359547582727643,0.796603153431405,0.8161384772027673,0.6958700865026811,0.829106027891986,0.7777117762122937,0.7987984570063956,0.8382917223320373,0.7075648024263996,0.7346432977781396,0.8075488573904451,0.8298173126488327,0.7937738843819999,0.7846669289315817,0.7622569703347385,0.8588237897060019,0.7992982878813811,0.7980248999128231,0.7358789779741579,0.7940626342953785,0.7530071437193574,0.7484746214907114,0.6417876437556698,0.8285460674090833,0.7043636746967797,0.8771745171901174,0.7547872829946307,0.8191080356569266,0.8298973424208087,0.8379674979291485,0.7964112080821198,0.7854602540987781,0.7986674344455913,0.700205764833063,0.6980710060176912,0.7904528288153961,0.8155948607603825
0.7106141383828164,0.7086411373518815,0.7949000572323315,0.6963078183354267,0.0,0.681953293086625,0.8507490752071049,0.6439032730530131,0.6826009356218958,0.6582150994147388,0.7613318671532484,0.7990857992042291,0.6798184984867113,0.6262449931533787,0.8080717220005788,0.7842172575630885,0.7556995756932887,0.726837209647349,0.7137693025830403,0.6696610575672826,0.8146795495093607,0.8060073263741084,0.7217863644350394,0.7972762754392695,0.6816050099806426,0.7641800290496912,0.6595675054965912,0.6240794897764508,0.7132586704848805,0.8406075799215825,0.7092367719465269,0.7146849440246605,0.7494254578685451,0.6413258484039124,0.67783429750894,0.7245209821227626,0.7053281970120314,0.7302687276173633,0.7994259347421018,0.7698526696448463,0.7999626747928652,0.7448446508371623,0.787497507595271,0.7980398870245041,0.6769285103054226,0.7211678359600491,0.832413407111689,0.7416827618202091,0.7733779202267248,0.7875590665501702,0.8212845049700143,0.7662243484107579,0.6505663919061191,0.7518411790471884,0.7457272957754253,0.6521191358560299,0.7550882618951646,0.8252500128718253,0.6638592319733567,0.7176669492212687,0.6006455716503583,0.6572777193827484,0.7359739356552945,0.65964014730302,0.7044396377621118,0.6324323703271741,0.6183789638123811,0.7559608283799354,0.6986959152788323,0.6614982777541234,0.7702716017606083,0.6578448245230197,0.5933981781936465,0.7582307063371599,0.6661570324240462,0.6093533384811213,0.7524542636147655,0.898819494788446,0.6592397309486571,0.6520115917700181,0.6651574095909634,0.7362287310428828,0.8075996114742721,0.609353232687863,0.6873352451808502,0.7156866670988448,0.6025037243004225,0.6809275981871026,0.6165072362072872,0.6591640146610391,0.906279389385342,0.6956361027582886,0.8458463765880125,0.6530297455282708,0.7083337299210509,0.7269866672984646,0.60630437511493,0.638849163747182,0.6439563886874009,0.6280305718530578,0.6318267987635543,0.6604465422419462,0.661347185508195,0.6892785341877805,0.6593915554395888,0.7544977971900542,0.6804117832640518,0.653895351925671,0.782672317172279,0.7083461995927247,0.7741789101906331,0.7579045221738065,0.5945829657315455,0.6246038722794741,0.6764460138602175,0.7479318890618205,0.6189043469994853,0.7935604351830484,0.6849195573618242,0.6027764581647738,0.8958281383163422,0.6207250374484128,0.6250613898184569,0.8105674841341783,0.6064602101107266,0.7441634675474276,0.6440705536684496,0.7882182688567764,0.6675398588985201,0.7453298727421555,0.6486317313820344,0.7614195820781379,0.5792598434696041,0.6784697036715505,0.678862764273465,0.7196189554251038,0.7421518588862247,0.7897735039266478,0.685268598733937,0.7953829468349763,0.6082952079310073,0.7165495242119744,0.7195871325779277,0.6941544464999908,0.7472820422636662,0.720323546625752,0.854445164603071,0.729555875066381,0.6879945967077815,0.6127673051114151,0.6596510325250965,0.6579216618213031,0.7796694297136073,0.806253473647625,0.7547473573812923,0.6667015503452394,0.670385172876172,0.7651137012159821,0.6274292775662349,0.698398985733386,0.6109965764977979,0.6243018889346909,0.7354031126415423,0.7899096809611337
0.8686446585834501,0.8902711696402039,0.8880160799193538,0.7939430124115395,0.681953293086625,0.0,0.7482736371090788,0.822772545579392,0.785705356132272,0.83659079389983,0.881290409741706,0.8235889958641898,0.9372962199394034,0.7778662984729311,0.7431765713841237,0.894021742756057,0.8450506421224325,0.7722369357921579,0.7983887797499263,0.8292877440966541,0.8557374054491136,0.8665268106940816,0.6437281899820232,0.8285061324171707,0.8730727067691788,0.7796251409755868,0.6612126164600123,0.7958650031613126,0.815546795440231,0.7498661067087138,0.7987735759459383,0.9253062422937192,0.8008145391877918,0.7525632004778287,0.77183029013869,0.7047108253797676,0.8986657752979612,0.7967449691063043,0.7644794114780015,0.7889748188906236,0.7201640974470734,0.8709327555741164,0.7441185055985512,0.8475578755063237,0.8216544927393061,0.777995975380445,0.7425624142531456,0.8725493918924329,0.7843744431828416,0.7251585386052344,0.8034729041537004,0.8489627852771159,0.69575023676896,0.8495535710125083,0.7952674515226777,0.8844610254609692,0.8174569490971351,0.8185604368026524,0.7406554400896732,0.7437361557738118,0.9003385957454587,0.7074278155449485,0.8322463759808164,0.6533942016058412,0.7164970097196058,0.8295242202996871,0.8542542463444761,0.8798920052712709,0.725080998435264,0.8380500658305476,0.8792651721138794,0.7044043186588583,0.8109820976653701,0.8769153478064334,0.8928846035842428,0.8145371418010665,0.8422110247586146,0.7804353684897906,0.7249326599583588,0.8454962354484828,0.9202621921224964,0.7714250653014232,0.874741820996375,0.8626708326390174,0.7738181215447393,0.8564980789100954,0.8589481898150744,0.6895710932336472,0.8081745813768021,0.8522588556106914,0.7341846557892253,0.7352741044981344,0.7389714536842209,0.8420038352393256,0.7987048300827236,0.8836369158132268,0.786470457138696,0.8045426133499011,0.6376420848699077,0.8310026866940687,0.7762333877386975,0.7568769962569332,0.6258830265617283,0.7156035882787135,0.7496549959503496,0.8128262845567777,0.7859860448063455,0.8052608847564415,0.7500324523129375,0.9083111189909426,0.8598385063484123,0.6796505341686926,0.9013273237539,0.7785516557417462,0.767990622211999,0.8555171652195767,0.8102795960672987,0.7600356380784806,0.8674303504008254,0.7543690299202277,0.7407666668001837,0.6786673248868725,0.8203708232894251,0.8989178022274221,0.7506874965799925,0.8844378019010017,0.7197557441915854,0.8189811028432533,0.8170048222994122,0.7521670950094073,0.8258224938209423,0.9250827401778227,0.8254573912818931,0.8070984452098595,0.8409632546899273,0.763432773497851,0.843659734721851,0.7195065848261524,0.7203910017516478,0.7216700446763107,0.7947596086920937,0.8796346728932247,0.7928827426014032,0.7058444358607121,0.8649282345247532,0.725210562837327,0.8206653488290722,0.8200528149374314,0.825657581355028,0.6901332332837948,0.7981259008558141,0.7683207791407114,0.7322985649494446,0.7338363054012903,0.8501029466190969,0.8725149690095843,0.8912153668182766,0.9142249474960464,0.7507612373485654,0.8406074020781448,0.7756501060506016,0.81879330413965,0.8607822945829475,0.8371060241579547
0.8000323171948568,0.8482848787787063,0.8150406015206695,0.7944934989125338,0.8507490752071049,0.7482736371090788,0.0,0.7137045332873808,0.7697357408129268,0.7878682597932758,0.8063050783995135,0.8457999366190366,0.7807941096562603,0.7292652945892808,0.8928810071367052,0.7904232400193785,0.7702169514300313,0.803178673591149,0.7584486000698617,0.7491570022509823,0.8125065107711822,0.8766286766270205,0.7984221863652408,0.8880845357212059,0.7930225182656726,0.7630545249246448,0.7539563394570067,0.7075652268843723,0.7883274169182573,0.813443225956009,0.8079060779163019,0.7883819860695332,0.8419532593454221,0.7194171258322748,0.7660593361938419,0.7325211708777398,0.7990833995074503,0.7393931893658581,0.8159881638763534,0.8816700048200786,0.7938421589663515,0.8164560262100916,0.7601972404933203,0.8233506934098742,0.7800141822343036,0.7839980657881642,0.8150203257839812,0.775400071430898,0.8895620245780931,0.769197990111611,0.8321520573158764,0.764500329555968,0.6881548142668229,0.8150210313215771,0.7911333403768332,0.7686873578487492,0.7851162056077059,0.7754341193904497,0.7948263524574282,0.7735746513441263,0.6907088726624101,0.6426060511609647,0.7079214727601505,0.6816351664832294,0.741284372567942,0.6911719501122385,0.7598546900506691,0.8268496298199384,0.7188299971994287,0.7234880021260602,0.8186382071626452,0.7274550575996417,0.6596621909706138,0.8290976558716214,0.7090006215297345,0.7220475004164312,0.8011713994597297,0.88297958005761,0.6732863473721474,0.6787357997641552,0.6989988317487733,0.7970059585953223,0.8804944037621575,0.6598431156275633,0.6946305875776045,0.7890087753592337,0.6662695729253602,0.7443625740200357,0.7189826383027098,0.7921699065005758,0.8277659676868745,0.8091221347272618,0.8259381279471634,0.7344364638016185,0.782862742649624,0.8326490427788785,0.6466098387470753,0.7212756887522564,0.6526710648570994,0.7579723931188826,0.7284781883427471,0.683170519127568,0.6782646723657689,0.7500812426534134,0.6832197170344377,0.7695543643158899,0.6940407874457668,0.7286060948810112,0.845320965978541,0.8155184117000244,0.8434094324921892,0.7270412115755461,0.6847569411118547,0.6729954491501715,0.7077995966882814,0.8108698057844649,0.6962164005048075,0.8403668883800299,0.7207206836942751,0.6622475226001975,0.8387060126783165,0.6169171033711766,0.6840806333763735,0.886302527322095,0.6735586283272257,0.8250091889331405,0.66519080449754,0.8324505674496697,0.7174088672394108,0.8119736960733875,0.7310294012670633,0.7358635953704078,0.6576740971169567,0.7307642866482794,0.7574525304637059,0.7521598523128755,0.8070808371172199,0.8562979815826783,0.7684600848503,0.806368174227101,0.7105902963269181,0.7549002156568246,0.8477776151876952,0.6982771362940846,0.8028652064893544,0.7833771839537682,0.8650721172242538,0.7853764970920036,0.7629315330624116,0.5915911714441187,0.7340192017284157,0.7246253697861004,0.7946674325721178,0.8860519289176554,0.8085287044198344,0.781031718456071,0.7969736203841741,0.8325070076532507,0.7576084069430248,0.7492021809426676,0.6962776540500856,0.7070957817528992,0.8318389747736995,0.8288897447259556
0.8067943486905514,0.8079531422152875,0.8310147404521115,0.8556824045639573,0.6439032730530131,0.822772545579392,0.7137045332873808,0.0,0.820037328414045,0.7989628322715198,0.7989557248949744,0.8499443410488599,0.8581846838532309,0.7204943523848384,0.7901617022372011,0.8414433336368062,0.7876382043117572,0.8052001817432596,0.8186082736795486,0.8100364753247208,0.79318994284039,0.8083657732448086,0.7234504463393122,0.7587252975581679,0.8388166867957472,0.7698358614295765,0.8119192577513242,0.8122929324032615,0.7030993492442952,0.7698578420001804,0.8643417075410155,0.8564453081371004,0.845140015235266,0.789844747235477,0.742301859016282,0.7746544645283544,0.8219482705808151,0.8374998213786605,0.7939614255050217,0.7632326099296926,0.7487054986332261,0.7571357034055203,0.8084611181892065,0.7318252437657982,0.9260910190776186,0.8513045307928877,0.7044071853943478,0.7467102660696455,0.7721583074739222,0.7754286389511834,0.8041980208105187,0.769878964489862,0.6622701076115678,0.8110045161398189,0.8020753487246455,0.7507071653960147,0.8040760285752666,0.8655341207121247,0.7255880749165451,0.8106132940568078,0.8651826898872383,0.7141245383275429,0.8153053822319279,0.674239682812957,0.6959381060231475,0.7986830282360976,0.802403100236726,0.7768046781545453,0.8194766785675864,0.9392420621261502,0.8162011361158619,0.7006189051224424,0.7265475798569905,0.8689772444967864,0.8857707887763363,0.7295286350029827,0.8344140742686177,0.7014530080602659,0.8287610578063986,0.6216592199650695,0.7126996803257657,0.8147861955714358,0.7864830139919974,0.8289639069410496,0.766122190890474,0.8930494395132919,0.8495355193408358,0.7890098651100602,0.8835638821622993,0.815242854323845,0.7635298289765148,0.7695217164177619,0.73957848541462,0.746633377085853,0.7252430679508692,0.8160226863804416,0.80596503803673,0.8001045697111685,0.6063770513676615,0.8555964551208483,0.7127449499589904,0.8966270829669016,0.7559545180966225,0.8039904811098803,0.8209690769322444,0.840838743968849,0.8346572635042662,0.7826484973931183,0.7702358267076228,0.7494360946503833,0.7740262696392397,0.7264602184957095,0.7507308365533274,0.8668212329110824,0.79153818580239,0.8146148387685003,0.74334020259613,0.7729659377431546,0.7291210392756168,0.7425078007159158,0.6886789150798517,0.86146082489962,0.6941930530004674,0.7950699836037824,0.6276091409176763,0.8418403259784621,0.7191180906059506,0.8790693490988616,0.7860819557164707,0.7865405858945484,0.8134432772972995,0.8231095578837978,0.7787177691139641,0.736250540084922,0.7939163775900453,0.6543149040460685,0.7883713258781752,0.7413407615096682,0.813394457593598,0.8460623959878888,0.7761848269709373,0.7505387448822243,0.7904114713015334,0.7459297302921838,0.7670699642387533,0.7808821751525655,0.8114864826038769,0.7697238501339834,0.8176001486001537,0.6525030023469567,0.8252404941314821,0.6920730084970655,0.7847464383811433,0.764945008515691,0.8695057611296008,0.8548795564293862,0.7780329565877802,0.8197636801100431,0.6861493219008123,0.7349822143738846,0.6921190645491914,0.6929898017965924,0.8815667691758468,0.7410089177182644
0.8660118451235881,0.8406141130611066,0.7353601686508114,0.7409914257276445,0.6826009356218958,0.785705356132272,0.7697357408129268,0.820037328414045,0.0,0.7412902200761989,0.7638253337133415,0.7869340335373104,0.7917248409999706,0.7626118722540821,0.8220328570689408,0.7348448472860828,0.70154754005461,0.8107658744423173,0.753804218835002,0.8143037770349816,0.7259731893259227,0.8377421044734877,0.6851162329331656,0.7610506529103432,0.8089687973897695,0.6737910409548444,0.7471201151176041,0.7208841116638683,0.6860383800236363,0.7942188120449839,0.9026082239297033,0.7773444939314804,0.7847664464292344,0.6948125352553496,0.8244388003880883,0.704497265695439,0.8096251306501315,0.7868143079855285,0.760172693765602,0.7227236943510353,0.6921295582009921,0.8371287026051105,0.7171056604438873,0.7492579009408011,0.8044146479891495,0.7393839721374001,0.7099667126482695,0.7270080375861431,0.7742568912783249,0.7387904670184732,0.7378367554317805,0.7143773887387334,0.6848014491447454,0.7412284162873937,0.7118545915897762,0.8416331300723446,0.7667850673388189,0.7548176922276596,0.7300881976037903,0.740864564842112,0.753845937211861,0.6606453219069126,0.7098581370869133,0.676860381956377,0.7486739207924586,0.7164031717611745,0.7860823691300245,0.8027667128935672,0.7322090507201788,0.8343089291353993,0.8367603363830259,0.7379548622075561,0.7313574763784368,0.7564307021888934,0.7783314795155728,0.758869548526157,0.7085857394537154,0.6864449683335007,0.6894253757775666,0.6354606038730346,0.6874804164473526,0.8792928750261757,0.8372822869257951,0.7236769958645182,0.6970147214189243,0.8520095456037219,0.7866237247341777,0.7688152024299945,0.7752068852717732,0.887813778780871,0.7470924803701002,0.8666939997754347,0.7111313202913102,0.745201727630635,0.7802278004781162,0.8431502964591068,0.740155872006766,0.7579277849840637,0.6919290626293769,0.763539348158553,0.7514633224610595,0.697919800594331,0.6618250964158057,0.7323825026653034,0.765809051261521,0.7206014940355802,0.650925017605078,0.7317167086999739,0.7045017068190054,0.7619719492488237,0.7382693567350942,0.7094420539852664,0.7433933688669847,0.7796946251610272,0.7078901789427093,0.7816804392121022,0.720004271168587,0.7509682883593917,0.651652567070468,0.7707937332662449,0.7351382405953275,0.6935287310443747,0.707277063747499,0.7884965870220042,0.7593864060880432,0.7537143564880634,0.6690939157936064,0.7896795362398414,0.6738437301618152,0.7661629186540938,0.8692128919388374,0.7341164287898583,0.7487092283356976,0.8401017807954245,0.7836021480838827,0.7339568454233869,0.7954875587599037,0.7587547889315536,0.7246264711262758,0.7910701609720621,0.7543812534730812,0.7570322291471221,0.8478619072586077,0.7364034921638236,0.7580667168738624,0.7749130172512322,0.8773002180694858,0.686535888696765,0.7665837366473536,0.6039587764773382,0.8202026188708623,0.7226931530975029,0.7590151181663409,0.7319942867504424,0.7629015191457924,0.8558008548499604,0.7853431201533262,0.7600584348948467,0.7502632889480549,0.6883759806310924,0.6413905539549654,0.7865675041593876,0.8985958424438212,0.8145727702839078
0.7802766986478517,0.8957118467130873,0.8786918286763383,0.7492218801607148,0.6582150994147388,0.83659079389983,0.7878682597932758,0.7989628322715198,0.7412902200761989,0.0,0.8008698405633733,0.8330020950789627,0.8485576758325168,0.7409420701868898,0.7527772792281221,0.8267091090635398,0.7935553796502,0.782789520584682,0.7709395682280324,0.778787912299738,0.7699141948043903,0.8341724378647031,0.7447131450931685,0.7915989172538342,0.8977578913071006,0.6948715031254603,0.7611998291952177,0.7872273800057643,0.8753789707086953,0.7560247245153368,0.7800606047319187,0.8547656811196959,0.776997727513534,0.7374563625081468,0.7353810186436103,0.6986194365066581,0.8076409761380037,0.7482241181543865,0.7150934543686658,0.792341544120376,0.7157390613522199,0.816369384696861,0.7167171111549989,0.7436084978441078,0.8142765428383727,0.7597710105731414,0.7457376749316632,0.7671588654761026,0.8202878823912353,0.6843200965315022,0.7177684448570495,0.7235199404840912,0.6535825984593857,0.7743236977010229,0.774987229538746,0.8148726697316568,0.7258855865981775,0.7660456022068515,0.7898676349380702,0.7198187917618099,0.7742712908880867,0.6174896470875122,0.7039455392239751,0.6780120281440751,0.6499406275743829,0.7108892862272564,0.7602272447111764,0.7882748954418871,0.779441318082923,0.7960680342779072,0.7395176121213,0.6912859407762414,0.6857175736743717,0.8034564948951639,0.809197284032433,0.7609146626057515,0.7446436796868907,0.760936867655521,0.6855202123614427,0.6781838931778542,0.7745952305848194,0.6829813371853246,0.8350805251735213,0.7696370497775447,0.6708287322950857,0.8151482588669496,0.7305637436465964,0.688950475416315,0.8089240896934278,0.7777013811729283,0.6886316667137171,0.7286124819109144,0.7361938414516735,0.7151978959815651,0.6962550380323251,0.8764485642826454,0.6650520669488623,0.8064903117567774,0.5857557265323511,0.7860241585847707,0.7140272119397755,0.7065483301534243,0.626637080307514,0.8625182034513061,0.6764524703008358,0.7639074583554661,0.725774970664894,0.8435090629465722,0.7759759496160478,0.8370200152101317,0.7710493305243052,0.6256767868168931,0.737628283130822,0.7580788200376297,0.6989428070739259,0.7894717839666203,0.7814275822843444,0.8275938535300806,0.7910115640806193,0.6952772354343055,0.6655507880191609,0.6254679346372853,0.7128838189808675,0.8009642134535538,0.6520082163089203,0.8817197786105258,0.6302150123712336,0.7723259877454134,0.8193537585209626,0.7573523470032267,0.8459821754140989,0.7581797405389201,0.6983136237499864,0.6625652097516642,0.7638758527782896,0.6843426088541288,0.8237059907399178,0.7246855173917006,0.800452995648176,0.7308334601277354,0.7776973942959527,0.7827765099899386,0.7509114240654746,0.6669451707523294,0.7853186426179088,0.7333413991454124,0.7482612448487178,0.8234761818978125,0.9032101594784709,0.6580826198954395,0.7012009334111244,0.7763694134621926,0.7177366914153326,0.8333146520377308,0.8567573966125532,0.789303186384592,0.8025539968971142,0.8393655156665605,0.7157832198553031,0.7073239789398356,0.8145370368711459,0.7269390080619337,0.8620130424117544,0.7207578256875088
0.8909383342215004,0.846681724548635,0.8895495974899315,0.8667584493329169,0.7613318671532484,0.881290409741706,0.8063050783995135,0.7989557248949744,0.7638253337133415,0.8008698405633733,0.0,0.846639935964065,0.9180692960785554,0.7926274894566786,0.8051129093667057,0.9230675808581049,0.8710982156648123,0.8334110488030566,0.8290575616133835,0.8667259377519941,0.8949289521153575,0.918413024888694,0.7185773704671975,0.8932153785082559,0.8934771610299969,0.8597645724554869,0.7226631962894746,0.8326699258877468,0.8524960615379458,0.7483212560263183,0.8149583989437782,0.8866686205589543,0.8215027607521158,0.7783313842031904,0.8397854473463449,0.7579359700238718,0.9296025822840202,0.8731997198152128,0.8435859173647948,0.8583325830339543,0.7696025639779803,0.8381237974817176,0.8212528697443022,0.925399637269772,0.8465126819905475,0.7707666345026363,0.7050138610744663,0.9538936994933038,0.8899564951089596,0.7790980959297363,0.8467446162398282,0.8402636088986152,0.6607627107794094,0.8928313204036217,0.8887718555239053,0.7668670724057338,0.862117096886427,0.8489760337357154,0.8011083662374121,0.7506757085503479,0.8724268157481275,0.6508170482076512,0.8451869763722399,0.7222082430501352,0.7405379936474229,0.8084899402087471,0.8686263938475675,0.8644685848731737,0.8108253734801532,0.8723435042436865,0.8852187113325904,0.7640251523113357,0.8374392198293306,0.9102259521887537,0.8602964684055603,0.7652397391074367,0.8951559136799095,0.817908333137399,0.7553731412138336,0.7940733967008448,0.8282040355810658,0.787530668788803,0.8276853404331235,0.8499936053214375,0.8155402285966868,0.8552105222910047,0.8660367189374297,0.7355658118132711,0.7490242028815342,0.7910078000497924,0.8180699730913796,0.7046029171099826,0.8082921446735531,0.8256801980951717,0.8508839684559161,0.8734100776754145,0.7452337043953344,0.768602721711116,0.6593153375131894,0.7839241831260242,0.8223998396823219,0.7942387490974357,0.7041961520318908,0.7477468369113417,0.7702309694508724,0.7989103908070851,0.7702420080382169,0.8151372794015062,0.760188134420061,0.900085368501667,0.927726282324493,0.7847951135013584,0.8573431349450761,0.8148982231151864,0.7858897260819849,0.8343114699572612,0.7620054478924522,0.871449159694427,0.8944389918746037,0.7291065826105032,0.8384878675521579,0.688370111337019,0.8283539962229961,0.8871146859164779,0.7784229933594002,0.9004671022871816,0.6666019816197424,0.8202640853949412,0.8357419373573779,0.8199162258171191,0.7353542769886221,0.8847311616093504,0.8456405395663134,0.8361514761108153,0.91690956663487,0.7965082612021159,0.8416242300808697,0.8175379816896364,0.8312568068405416,0.7801312160074866,0.8158573845477615,0.8709868000691111,0.7707083496982889,0.7557350265344641,0.9458453676026867,0.7725755195813715,0.8221837905598032,0.7473319696581995,0.8407777789202056,0.6782442932036806,0.8721463166034565,0.7491064874500841,0.8267255248585353,0.725977622305553,0.8748727094924024,0.8929233809477894,0.9231941513876405,0.8665931666470351,0.8281903785097394,0.8574787509827665,0.7264839293572136,0.8160382010813424,0.8195606544448272,0.9333650562244428
0.8033972672710643,0.8662341640340673,0.8969971958997665,0.8119664137526634,0.7990857992042291,0.8235889958641898,0.8457999366190366,0.8499443410488599,0.7869340335373104,0.8330020950789627,0.846639935964065,0.0,0.8109502931746947,0.6858169985164795,0.8316644035159915,0.8914205042023156,0.8492566719967128,0.7807866985569534,0.8910081507242806,0.8191908250292864,0.9010225992961196,0.8710285185869976,0.8164326350049657,0.8761732313153762,0.8727028161467789,0.7922808661314491,0.7655967499808578,0.785821135690895,0.7904480687413618,0.8650962615253406,0.8631142535227068,0.8661369233455456,0.825619755085093,0.8340036436343856,0.7668240817441133,0.8122791965091566,0.8129791649407513,0.8155877054033405,0.880539047915862,0.8215127097902732,0.8251554480785774,0.8436373036748896,0.8259667122555481,0.824001308564145,0.8762145804688757,0.828267911063284,0.8089950595162742,0.8026543034842613,0.8650483546452847,0.8101403348628834,0.8393833322220303,0.8198807825933817,0.6577431107001008,0.8576458730194426,0.8432431691065878,0.7761322425884419,0.8348863618743247,0.9251751209966733,0.7392273483670537,0.8129289897915708,0.753922696885053,0.6692609604552441,0.7791222583315885,0.7250621599372087,0.7073570882435297,0.7316271755063596,0.7411508818259845,0.7757466145646259,0.7606489637790977,0.8063463110567194,0.8063122277280893,0.7006072829173206,0.6863664160766634,0.8654587113824493,0.8169958023535768,0.7006896699377654,0.830024312443575,0.8405518126294637,0.769192184287823,0.6606479469409784,0.7206857471230226,0.8033837729913887,0.8551661283836545,0.7350398308483671,0.7797568788991379,0.8802556737717135,0.743265048888009,0.7248946963610714,0.7833531629492116,0.8077044537136238,0.8315225621140075,0.8130597995353186,0.8297400989188176,0.7424225685111043,0.7255124728519046,0.8543634842295573,0.7203354894227181,0.8424006735865767,0.6430721310305508,0.785261494660156,0.7069375642629294,0.7934876251148205,0.7354995007558779,0.8621537887372442,0.7473666488074354,0.8550421722898881,0.809607358083702,0.8250243992011879,0.8175317460736016,0.8378619245203209,0.8935873958863652,0.7771836541570692,0.696329587640874,0.7713992614527173,0.7437700990099894,0.8442670423138482,0.7507923497227109,0.8820377529928917,0.7875365351140887,0.6850408976888657,0.798598439702098,0.693781860210825,0.7301025650962483,0.8606541819471479,0.641295835120037,0.8818231238856113,0.6965333405804286,0.9061807528478895,0.8367130080694153,0.7668834835845431,0.8038497237126117,0.8363215699106125,0.6813133761746483,0.7480855329094187,0.8178097352198525,0.6925037285573263,0.8583487860953687,0.799146525977971,0.8258950319140651,0.8809348550838126,0.6900757806747533,0.8000988293923199,0.8205311196416024,0.7554932538476564,0.8346838225651241,0.824857284442905,0.899175710365728,0.7770032520626721,0.8792547114364317,0.7021042683865297,0.7882118941654714,0.7057435508367973,0.8623255495859995,0.8668479492357218,0.9491995800433446,0.8002791587357834,0.7802080570915045,0.873588209472177,0.673142807434618,0.7320462013087291,0.6627294115698076,0.703853263257169,0.9000968805268361,0.8096289721317093
