0,1,2,3,4,5,6,7,8,9,10,11,12,13,14,15,16,17,18,19,20,21,22,23,24,25,26,27,28,29,30,31,32,33,34,35,36,37,38,39,40,41,42,43,44,45,46,47,48,49,50,51,52,53,54,55,56,57,58,59,60,61,62,63,64,65,66,67,68,69,70,71,72,73,74,75,76,77,78,79,80,81,82,83,84,85,86,87,88,89,90,91,92,93,94,95,96,97,98,99,100,101,102,103,104,105,106,107,108,109,110,111,112,113,114,115,116,117,118,119,120,121,122,123,124,125,126,127,128,129,130,131,132,133,134,135,136,137,138,139,140,141,142,143,144,145,146,147,148,149,150,151,152,153,154,155,156,157,158,159,160,161,162,163
0.0,0.49738331463624774,0.4223594976578856,0.535795712151887,0.5329818800191236,0.5128266101693765,0.5428264827881764,0.48071547653127716,0.6199593462746424,0.4060598912880533,0.5221277804519885,0.4641392251234871,0.5811782608689252,0.572675843368116,0.5390821981660613,0.5294590510482222,0.5695972906253483,0.6935805570411828,0.5199615612168583,0.6887364287424774,0.5864486053113441,0.5076895767648612,0.5261888018921378,0.5369692241561593,0.5541085848716933,0.5468737653723137,0.4801942921372259,0.5608599109300278,0.36659906094255107,0.5299501357658492,0.5808871790375444,0.544104204103635,0.5097923006534675,0.580491334392611,0.6667867906851698,0.5086824544901518,0.6298212984353528,0.6028113972959536,0.47543460243110525,0.5171368467403732,0.5098680918678928,0.5778064065558411,0.5645635124533307,0.5904396581827824,0.5617324955088342,0.619983568906572,0.5364252569163275,0.4907925467501924,0.6052611579074919,0.5941508394215131,0.6152471668871077,0.6270662290924094,0.543789551189641,0.5051546410740814,0.45591307332881925,0.5566689535208651,0.6788302504108539,0.5160397303193599,0.5446358824484976,0.6020685761716676,0.48798344877778604,0.5362695780309404,0.5643574262131875,0.4993322906723434,0.6041681899141421,0.6165451801190824,0.5960167812484706,0.6319465681944716,0.53216442584924,0.5429681692088748,0.6812602972930848,0.5995084504256462,0.5855931467121367,0.5902613860307343,0.5537350925028481,0.6518300900965999,0.5161183674433615,0.5332195877880042,0.5721610412781492,0.5117843731023298,0.5359646997219721,0.6454245482404851,0.5683049467721671,0.5416316843735042,0.5786009783382077,0.6289311805176223,0.5176302251886827,0.5932834804328435,0.6100364869634711,0.5693269141208411,0.6234901606581217,0.6003169235454938,0.5185162163599901,0.6466184802127838,0.5894121674025803,0.4913513590956453,0.4999464580685469,0.553313444500501,0.5327256906317295,0.5998088205178913,0.5771832796256229,0.43723375669057507,0.5496801276178074,0.4436759741794637,0.6071516368585951,0.60063685153885,0.5169909078077668,0.5356692795816582,0.5488594324926479,0.5257871482138519,0.5854599528396868,0.5854924347737034,0.6073880514978439,0.5505151680203089,0.6063632013517847,0.5828744860581454,0.5814376684645736,0.44817021989490946,0.4743730559894292,0.5822701267457696,0.5991286305787289,0.48473289657631374,0.599202125673657,0.6562023197946866,0.5641084188297769,0.44822832636033016,0.5262378072964348,0.49729254409100626,0.45939099292253444,0.560095540915085,0.5272513302734408,0.5392769166333279,0.5566222006410467,0.6234858392959693,0.5147479552664781,0.5515527937408866,0.5679199695584075,0.5503498054638225,0.47914650406181786,0.5746378434206155,0.5193858342185218,0.5512728088556733,0.6298805860952573,0.5162466880899039,0.5886274623620438,0.610613015480112,0.5775227107342965,0.5059278815872185,0.4648146717748321,0.437430964875893,0.656119312410403,0.5206781367633586,0.5633531528828294,0.44269746997974896,0.5509201162929104,0.6409189678085565,0.5409068930349831,0.5636527824863541,0.525757228713874,0.5681513384714774,0.4959866671572729,0.6251997552338702,0.5193928087404802,0.7108932097120229
0.49738331463624774,0.0,0.5725295683547308,0.5068110606868114,0.5047398731644605,0.5492064531716572,0.555443895834446,0.47527424660991696,0.4694375565504452,0.6048945951222541,0.5597057182827585,0.5844988390997045,0.5447001332489291,0.5222683160630799,0.5482613980072929,0.5590895163204627,0.5627697062888843,0.5221322647939184,0.5349189006883133,0.5513313621799116,0.5704741798990769,0.6662488171743781,0.5207142623199568,0.5996317381560078,0.6343057706952767,0.4400799093576711,0.4990382711065933,0.5185665530474362,0.5240768104056199,0.4856824385203718,0.5385293169539795,0.5334951586398071,0.5512160421892138,0.5020362706130126,0.5292445817144388,0.540499499505533,0.524235170159103,0.5189234614521278,0.5176489300460508,0.5188169877095545,0.5648833078622338,0.5335739069303729,0.4712025549061593,0.5432503551284762,0.5473608756838808,0.5050359651902616,0.5115583476957527,0.5110737643615803,0.5686177620179087,0.4921300103880056,0.4900403572770314,0.4857482871794646,0.4891515581511621,0.5900082419416686,0.5189048098897037,0.5118223726613217,0.4904003217690516,0.5117066576280185,0.5447260199228342,0.5274764910064719,0.48212296300298646,0.42861450955516883,0.4482558013178354,0.5105363465007858,0.45003681245873006,0.4504927868031979,0.4928029707197426,0.5073161867617382,0.5097410144428114,0.4784531626931065,0.4751975259497857,0.49161022419014294,0.43298262169657104,0.5343449624023727,0.5448682142156684,0.48666070878699647,0.4664674704149189,0.5902139060821909,0.4509982042051365,0.4259869317945133,0.5146312912490636,0.46254131802291565,0.6121858188665709,0.5020818511248328,0.4410838400218884,0.5699089293525536,0.42076288767757064,0.45079338367417043,0.5141040914572366,0.5065426694786885,0.47242000643303106,0.518621151715557,0.5566635955879871,0.4678619513195145,0.46899591446097744,0.640319801402745,0.4510441989726887,0.5517923924768973,0.4274285648392736,0.5000969545487074,0.5314376270531733,0.4072827011067699,0.4316904938888695,0.5944467056919479,0.4553903771538187,0.5014685652407682,0.4902676354107179,0.6036861017532436,0.5582715601383336,0.6611907659635341,0.5523691417234902,0.4419797878276601,0.4634435112508438,0.49140191668144545,0.4619549484239825,0.5046473870003844,0.5110693163971721,0.524324125947425,0.536671599333476,0.4682308031430812,0.4755599549317258,0.40585797317735955,0.4655661880863684,0.5602522978522748,0.43887991955112743,0.5986738541564227,0.4295609508648996,0.5140552403077737,0.594564907739042,0.5233042132691728,0.5387716467387511,0.49310824704204875,0.42775610250621443,0.4631764116709548,0.5472092532047768,0.4803151400427337,0.5830332339863176,0.506141966327729,0.5680316190790312,0.51790860718263,0.541725101644028,0.55233612039185,0.5250415270016093,0.49378466753431366,0.5762853041120881,0.4572523611528474,0.5348559607558813,0.5924758397176112,0.6205097385861352,0.48526592996711965,0.4505226389074075,0.5514431826123354,0.5573880231567814,0.584474846415006,0.6096971661210419,0.5192699044601764,0.512624510968297,0.5756403687310218,0.48352375431820455,0.4327628570245318,0.5495758290052645,0.47666937434010603,0.46409212908260855,0.48389248146058983
0.4223594976578856,0.5725295683547308,0.0,0.4586595954476616,0.4523117045530191,0.5503761286277745,0.4449218856462885,0.5018225166388334,0.40307443159930617,0.6154471168849293,0.5531669539761844,0.5688360451682837,0.5168306038640993,0.4424701380672909,0.4671194509497737,0.5943635486590227,0.5108874252156446,0.440879111299297,0.4807607138779407,0.46541515516765114,0.5249956934989205,0.616629945087765,0.42762656718226205,0.47380450026002585,0.5501907168086755,0.4224368463807208,0.44568659029480884,0.45317107122392963,0.5221262673566041,0.43546115306858185,0.47398800391142437,0.525288531340563,0.48907527244642507,0.4426126357211078,0.43145061781161054,0.5259600188436158,0.48581040108368495,0.47303007714781187,0.501441273619074,0.436046231323444,0.4839613468184173,0.45422089640524393,0.4710729232864256,0.4806998218836793,0.5224003836157202,0.44708482135791083,0.4496446902009876,0.5291647718544797,0.4644198836077414,0.4545356777089126,0.4527026915987635,0.4350818471757568,0.4101100008567717,0.5708816403395416,0.5438970568381716,0.4245471883411064,0.4278992093669623,0.5365238146478111,0.4617563431911664,0.4574258513211704,0.5016116064178533,0.4111000591921469,0.4488484609658681,0.4607299450310948,0.39192822032556135,0.4156817659919236,0.4377789586241629,0.47060673378251805,0.5204775139307515,0.4814423379492742,0.4333910227020551,0.413199241533,0.39661050893206606,0.505604743619544,0.5274205050731589,0.40251773551632286,0.47337946035862827,0.5129331435794019,0.4200674967931062,0.3745581082894904,0.46477006186725595,0.40950267692560544,0.4992777333772774,0.487709468083018,0.398888598926792,0.4850544342000987,0.42541251049567147,0.415428782646948,0.45322743503514157,0.4235319434694677,0.43191095972687366,0.4324851226703217,0.5077904873366019,0.39709218171954724,0.4060287249340905,0.5891576003215976,0.4476651873940849,0.475314852250459,0.37370936729355886,0.43755601748873857,0.4467201764048334,0.45035183304844895,0.4020046755739808,0.5669948545133995,0.42280277677043093,0.4697603804054674,0.4958840227622281,0.5043713107118492,0.4714366982306798,0.5304934010105415,0.4895874286085932,0.398537049877446,0.4272094363513344,0.45108917230190393,0.41404293383775015,0.42808488311667187,0.42543195487190566,0.5209402545091043,0.5434496343612191,0.41057404331659864,0.410394635522815,0.40573661029668984,0.4003140994089665,0.4670193802571553,0.36882789237850433,0.6189850178664977,0.3987989140344691,0.5295877016124354,0.6016936109942728,0.46293857783007447,0.4602196526991632,0.5010887939926832,0.3945320329935387,0.39590961359231797,0.5205985432899493,0.40937239227670186,0.47600586324206406,0.4248707694192311,0.5198533147016472,0.46405518314829985,0.48588212759290694,0.5131726780488587,0.4314753387071664,0.46913782684451805,0.5088321652364716,0.41358739944773804,0.47448236468033167,0.5224678127150961,0.5960613131671532,0.47006356608234195,0.4044474718515117,0.4523802940522783,0.49063456763363483,0.5372966392931522,0.5444245238281612,0.4659116727925006,0.4344876827821257,0.5138856716762517,0.39644556788040936,0.3947455663634963,0.47199066739464657,0.3931219719154183,0.4052303016353693,0.40741017422275955
0.535795712151887,0.5068110606868114,0.4586595954476616,0.0,0.4956738896419749,0.48543461504775437,0.5547168458333506,0.5128796367801178,0.4696198836271797,0.43023339147987005,0.5569241409214657,0.4632543097577786,0.5916811976931101,0.6027664214918579,0.5563475028107198,0.5424067558368364,0.5861397871505064,0.6091866386086897,0.492359253402638,0.520583385765357,0.571547072445822,0.5240929184260128,0.5365416066482844,0.5309890955789905,0.5110094467717478,0.6048938043048877,0.5797711688928885,0.5858392406576017,0.3993245771177826,0.45114613270820675,0.5085731540389803,0.5127717239681095,0.6856111323086354,0.5423114423544613,0.5344901313182358,0.5670604466427878,0.5597056452303036,0.5968420113439404,0.5004704503895385,0.6074837775016277,0.5975759059461755,0.4801969863390385,0.5252845149085427,0.5435640927872394,0.5982779327953603,0.6187603823008895,0.4636050097141463,0.4764705825596679,0.5702721172104184,0.5618030632769844,0.6278732888768983,0.573882276509636,0.5296235462483376,0.6032970361553711,0.5176361044135879,0.4596375349975667,0.5774537831084349,0.5249303261330298,0.5567810027462486,0.6538843594119502,0.5522443541753183,0.5211514990756422,0.5524154295873548,0.489670955586164,0.5004794827101848,0.5529013670202713,0.6411376319252629,0.5384049616371374,0.5625268032177378,0.5499594446719629,0.5587037488760668,0.5524387817973819,0.5189930762629688,0.6896883165438993,0.5741339355989269,0.5093595782251176,0.6023380871645957,0.5727008010404648,0.5725278275550809,0.45078363447692776,0.5019532360423085,0.5449704853586823,0.5109717140324188,0.5809163540778627,0.5307547738167184,0.5860758766442903,0.4790543440927011,0.5513896687918113,0.5854426874831676,0.4996420598475959,0.5946766030704891,0.5239735392297792,0.5484775637434869,0.5350951185853798,0.5748595635491219,0.4849412818585905,0.49954484355238155,0.5005050269132916,0.46514780720181287,0.6465281326856158,0.571601152474631,0.4675641280165148,0.5443417955443594,0.45725619496784037,0.5627141859747536,0.5786558863781933,0.5717614982566553,0.5095809552260024,0.6154898125556143,0.4796074462913875,0.5694758124946225,0.5364410513152742,0.5469090338981455,0.5728784819316561,0.6227273198528862,0.5686747703964561,0.49998085963767425,0.4361841016790141,0.5096433902680481,0.5632942337363088,0.533549874812392,0.5382290040191761,0.47329243713461017,0.6063355204704184,0.4470407007313157,0.4953367486403997,0.5239001959925715,0.5336059223380385,0.504822134863971,0.6059215922849329,0.45734320235506554,0.5243363980080384,0.547307003105578,0.5334871614031615,0.4963606790420129,0.46868056621763476,0.46322413216316155,0.5754019271818238,0.5491556436618522,0.5543151408503255,0.6027005074238964,0.5145185855620268,0.5871598947446764,0.5297375103394196,0.5683841555135566,0.49741541136054135,0.500755720570511,0.5684116673435132,0.4480977733912263,0.44055369246247505,0.5419071509407166,0.5110146885826397,0.5779248470227139,0.4713733542662829,0.5600613295367782,0.5709769832321979,0.5290463892918399,0.5664018812874706,0.5769267849370019,0.5506446106605365,0.5410704326543097,0.48835636776771435,0.5005529302518699,0.5506579488766913
0.5329818800191236,0.5047398731644605,0.4523117045530191,0.4956738896419749,0.0,0.4577210675026927,0.5786949470949867,0.4273500139738356,0.4945197453582622,0.41970357000340164,0.5069597382686144,0.4866256475803354,0.47754325123869057,0.5140438933654286,0.5608886507880104,0.5118814127048759,0.5379921565485092,0.5573126882128486,0.4903837778033476,0.5233970253187381,0.5755745424197873,0.5403497193956944,0.5194886408721352,0.5404823323711434,0.5003372162318506,0.49533399229853403,0.46430501442180694,0.4639924439145496,0.4018775292268307,0.5195608501025807,0.5207879371859772,0.4920153669790936,0.5127707093319691,0.48291389702697457,0.5587317684193293,0.546643637645394,0.5023451952549023,0.5474184415556298,0.506064193687427,0.5080102352043575,0.5649451919063595,0.5197465320351862,0.5302244957822447,0.5878683921158246,0.4910012169384345,0.5215813094518785,0.5744221536110783,0.4806453090510351,0.5702071355527634,0.5843684257970518,0.5635598708921149,0.5387588716828297,0.5131371379155478,0.5194993565197513,0.4768153644550917,0.4726477578416986,0.5466020133608569,0.5146934783394744,0.522024764804543,0.554222629080508,0.4181286773201368,0.4866313139462604,0.4897360184920793,0.5264195017952269,0.5244362455492554,0.46955196533422433,0.47438722275157924,0.5305917850642417,0.5100499883937399,0.4562269829967364,0.538973146399768,0.5387570726084794,0.4587072036490581,0.5277670471877333,0.48636018557896327,0.48236400932496243,0.4756584236736365,0.6213171929714948,0.4766883912194536,0.4399692910638199,0.48069088474509813,0.530763984823239,0.5517196626382331,0.4550760268144816,0.4921321863310763,0.53362302016787,0.41339866995859015,0.5120652641762977,0.4813303984224287,0.4706468006398401,0.6074414196296343,0.5521417658284538,0.5867006216885416,0.4871721309906488,0.5214448524843346,0.4936697944938974,0.44403846110271966,0.4955023742666805,0.5060898251749527,0.4825948220234171,0.5160416754793562,0.4039823708111321,0.49275172334767464,0.46810797278808025,0.505301007239726,0.5224349947557053,0.47943384898600716,0.4863554275941782,0.5588941446847444,0.4930945471189394,0.5509244369341452,0.5355173577747452,0.4541226048985759,0.48622328872323334,0.5002293669058027,0.5026347941738544,0.48329328666362686,0.4776039549977385,0.4691890401421952,0.4921724347935091,0.6359642972409844,0.43234863940776924,0.4704478866536269,0.5750164029871802,0.4725677466837708,0.4627710939230749,0.47477415741285606,0.4954574002192496,0.46929618930316863,0.546814362577894,0.47037463235335686,0.4963302284050424,0.42622099179773804,0.5145813348197439,0.48076869471803296,0.5323838942013867,0.515164770471517,0.5638957570177938,0.4806679984477351,0.5526848916667774,0.4712254472379795,0.5346091654768717,0.5530401403482264,0.5201963694131776,0.5612835786842728,0.5194417948033465,0.5837032829832908,0.5051462775301165,0.46802920358672967,0.44991151769847704,0.48489896034058527,0.5078772117742077,0.57649321055657,0.493935862769646,0.530167807182871,0.49406672006473534,0.4482648025965495,0.5144443674466861,0.4751341863761344,0.4747632718734092,0.47419973176185326,0.4934815208927153,0.48300495459431847,0.5631573989818277
0.5128266101693765,0.5492064531716572,0.5503761286277745,0.48543461504775437,0.4577210675026927,0.0,0.4582426794207914,0.543296854884444,0.4884933826734854,0.5113187089020828,0.5570978968976248,0.5702660623722909,0.5735745035614472,0.4642051035691027,0.46015627891148897,0.6304703795209731,0.5603900139978022,0.484732638251284,0.5670015831215436,0.5417807417700663,0.6039587050866371,0.5449076897880606,0.44083967733256085,0.4721844030194472,0.6451234313859308,0.4511441057168657,0.4295590112474482,0.5098531647860286,0.4250591097338061,0.5100613318809266,0.5416027277674019,0.6318977164860469,0.4770947662112782,0.5136192240149149,0.4779246630611365,0.5054928697673281,0.5721250676354669,0.5238434188632277,0.4986974587936713,0.43218714981379414,0.47203720908307545,0.5605203456556591,0.5140329757980602,0.5371643896700823,0.5323874764487908,0.4961804459904393,0.48184204199741537,0.5410168697898758,0.4947574596887216,0.4853032089253994,0.5133898550787158,0.5128899550411566,0.45596605686130065,0.5493565884939002,0.5004253158221621,0.5270716509409735,0.5047583075757899,0.6145628334091895,0.4719508503111818,0.48850027140896596,0.5624612528456359,0.4765902219139497,0.5293001672277372,0.45432206333718694,0.4502664558722375,0.502729684866088,0.4898794491626627,0.545429253634878,0.5033317611651353,0.5609983611253005,0.5108431536831766,0.4470844258464814,0.4744051241531951,0.5481307278139297,0.6289041385761998,0.49482858415637276,0.5102364503035167,0.517804746422927,0.47508958943265733,0.4699410434596291,0.5886162738569526,0.48482751667914176,0.5689044488694252,0.5551840857900988,0.4759124536128422,0.5455017286556307,0.5370342479995078,0.46472067274195755,0.5441803949851777,0.4970172354282901,0.48128658548647096,0.5052353648159764,0.5009796857016823,0.4808644834624733,0.46165212989534216,0.5922715669193782,0.5193670106399144,0.5644957639072201,0.4226463547082864,0.49268061153421133,0.4874620592682348,0.4830109095187646,0.4575775447751524,0.5237433381198426,0.49167253655037757,0.5264972494071521,0.5516575532218869,0.5611140468351444,0.47158966241755396,0.5825882365145163,0.5705332096459027,0.45050946763534316,0.5420207193640025,0.5331647688701591,0.4624979405282739,0.4782258119061889,0.523589285924085,0.48601741943523125,0.5562982984960053,0.4808916402590664,0.44133328445791553,0.46109897587007276,0.4871295878838519,0.5546218824638454,0.4364000417616919,0.5420817911770115,0.4569288821337137,0.5159494882878121,0.5453079455485297,0.46064334220681713,0.5567042412664106,0.6305186961680207,0.4712474647340566,0.47515140196304806,0.5407159359272417,0.44827931117819547,0.5318791786911674,0.4230001534874726,0.4528575187922995,0.5234947329057033,0.5066947859203186,0.5903158663556277,0.4962709472659762,0.5100665602364659,0.5669663109676443,0.4655634024503048,0.5317614238796734,0.5548427626723447,0.5670326536330039,0.49604611732914994,0.4892809099525349,0.5119646921682166,0.5033755287478794,0.4551663738288231,0.6293942077392624,0.5539829650042385,0.4784400218408886,0.6119888962480216,0.41701216817397135,0.4711329271801741,0.4914723419916408,0.4851793296850455,0.4768637048424681,0.47865851761311967
0.5428264827881764,0.555443895834446,0.4449218856462885,0.5547168458333506,0.5786949470949867,0.4582426794207914,0.0,0.4302931387645139,0.47401804852563717,0.4564957221159163,0.5079567892407864,0.4836349698343421,0.5261267205891161,0.575509559665537,0.5759003583000292,0.5025126630934265,0.5526845635493968,0.5893974634488135,0.4851786565496482,0.5209458203444108,0.5418125360488663,0.5301500305323968,0.6500187176575983,0.6049171356780871,0.5327454081182471,0.498887930528659,0.5403447349597258,0.52779347841716,0.4185433791844436,0.49221483066363503,0.5102929866639976,0.5108014698609569,0.5545280872363507,0.5483733883149122,0.564517384511012,0.5195828043865032,0.5283294867383683,0.5083112313391887,0.47443045789568994,0.6193801070510229,0.5449712415119486,0.523599627812813,0.48400404727771773,0.5461240842177522,0.5299765235784922,0.5603875314310811,0.5503772961847095,0.4601436641373259,0.6957562946930195,0.5292865545107742,0.5615442523196765,0.5188228475979291,0.5177261918867595,0.5309494042422007,0.4839736186250236,0.49952259810808114,0.5350709469519818,0.47309709632427954,0.6022914831904885,0.5987605096171599,0.4369550869201256,0.46340869546308583,0.45111901171890534,0.5054626559707504,0.4969778277876413,0.4751228783555709,0.543394649122562,0.5343557151307424,0.5029396595333735,0.4526456369593093,0.5099120352926271,0.5532325447291417,0.4679571228120194,0.5705720123890354,0.4800391877378736,0.5362187941716824,0.5059799449292155,0.6555124438434397,0.46434034914512684,0.4457751510351292,0.4695401834085847,0.5059156716795765,0.5609747303261235,0.45563199562275974,0.4808784774862165,0.5300847715272087,0.40796106305764973,0.5253438230348434,0.5360827206647596,0.501170659223667,0.5555697233756072,0.5713145964267722,0.5619707178299584,0.5128817630392041,0.5294978903735219,0.5003571396815285,0.420331405441775,0.5119822207015825,0.47658070707808503,0.5733983283524907,0.546000077940691,0.39850113541640586,0.49163616730298937,0.46738781818790187,0.48200987385167826,0.5255119138245807,0.48104908906861177,0.522038709248148,0.6374291073054421,0.5366855086796489,0.5853464720287519,0.4971856719606897,0.4804124973185784,0.4874131737259387,0.507115083465539,0.5452836802532464,0.511264662601619,0.4757036965468572,0.480982191871714,0.5039491817895653,0.5485189929983453,0.418377991432162,0.47643290976032554,0.6150389317837659,0.45616429341824644,0.47957369925134574,0.48123759704358576,0.4987159334235763,0.4822398142907956,0.5557359174115268,0.47673550343879456,0.4572060536484797,0.44329237529300713,0.48601458378642703,0.46661255291426884,0.4868869433487943,0.5142383228381664,0.5999573344587594,0.5215230340527116,0.5216030200987937,0.500637119312892,0.5165250688270248,0.6093387433994234,0.48301072992512584,0.5469691592987371,0.5369903633122235,0.5081854944763124,0.5386482500455471,0.46989933431612124,0.42306949069178823,0.4789985707045978,0.5151925235904621,0.5547899683522566,0.5475252245554402,0.5313085064205881,0.5092160975029963,0.5177241371940274,0.5497971074700007,0.5512721771410952,0.5106734579579855,0.5189155371998861,0.4977038115327539,0.4750951270442608,0.5401983399748791
0.48071547653127716,0.47527424660991696,0.5018225166388334,0.5128796367801178,0.4273500139738356,0.543296854884444,0.4302931387645139,0.0,0.4883828319237937,0.443938766161619,0.5250399056314721,0.5216064863392309,0.5676356935826514,0.44165599737795475,0.4955218227285928,0.5747550085698477,0.48943860915697496,0.4844582083493048,0.4952257808503448,0.49801773753031625,0.5136827782601853,0.5170885679747067,0.434165147220647,0.4480310341996764,0.5283992571026371,0.47845799684747586,0.48929940567773095,0.4889402421636777,0.3779777304167322,0.48312959391740085,0.5611152561229812,0.5256681214817149,0.5161023353400607,0.4869335360870775,0.44503110109537936,0.502499859305602,0.5661734059351669,0.525952866301356,0.5185305629230257,0.42925143040059865,0.46442411530329425,0.4550467932526482,0.5423888881152509,0.46750890011509755,0.6285695888717845,0.5235954864264749,0.428075417883466,0.47904435094738124,0.4603983566070849,0.48366701374568893,0.5047394298011113,0.46484076131979124,0.4179035976810126,0.5209993520106576,0.4928481489543662,0.4417327945424227,0.4808141862969294,0.6122799154809992,0.43293994701464206,0.501289641909002,0.6160751211578288,0.46780680038084804,0.5281260429990607,0.41961946788761867,0.4231557876793414,0.48550546801899463,0.499670756588988,0.5217503792210567,0.5259681237972885,0.7319731739873597,0.5093136068436439,0.4294521273198614,0.4310336429024343,0.5510372158883319,0.5808944658224102,0.43921307754671124,0.5478874894156464,0.47001581297086376,0.5284397092381723,0.3863698756010562,0.454361298229492,0.4887336855856764,0.513639050224245,0.5574326704311405,0.44131262159712925,0.5560647619849575,0.5813828153656257,0.4757469445946536,0.5493119639068261,0.5009734319758927,0.4785917489073701,0.4638910484735808,0.47205992226692456,0.4376745064601899,0.43067835848132174,0.5273107513270867,0.530350434525898,0.47507352823440047,0.38722183199206467,0.49388545994788824,0.4645327719426082,0.5968406711756292,0.455911814486451,0.47899129991230444,0.49654516124946935,0.5412380120686059,0.5407823345469669,0.47911729860123825,0.4658236615717411,0.4573363087357078,0.4848621672747152,0.4390385942386457,0.47391212710977326,0.5228108356376231,0.47623638129904966,0.46787293500869936,0.43703874557348754,0.44968531982951016,0.4434675423223717,0.45749409268749847,0.42403081732787146,0.5567946710542148,0.4086434622515523,0.5061139394316976,0.38352436173936116,0.515682410201471,0.4321540040212387,0.6421883062283403,0.4712803615285518,0.4812808852695178,0.48408717618052144,0.5416403291477495,0.4983425007837518,0.4470475370523528,0.5104789995817697,0.4025174958816294,0.47808664492453684,0.43312672339729785,0.48628604156209365,0.5475458571347502,0.5086590312347197,0.47678692460440486,0.4628957248608711,0.47650515070334143,0.5004110541755606,0.45249320348481115,0.5261083993718064,0.5102886863796139,0.47689827708182847,0.4175188842897587,0.5068658067559825,0.4362467101025861,0.49902840976926505,0.4486154428483286,0.5532876393115531,0.5922769165936829,0.4647082927744599,0.5463269649421816,0.4071161754368559,0.4378335307243678,0.43583024133173237,0.41644429558958646,0.4352020010654405,0.44929517007158326
0.6199593462746424,0.4694375565504452,0.40307443159930617,0.4696198836271797,0.4945197453582622,0.4884933826734854,0.47401804852563717,0.4883828319237937,0.0,0.3892683209197017,0.4535632952700827,0.4581954418283385,0.4887545771721429,0.48126975158860763,0.49894517374760006,0.47259818247230073,0.4805487316338941,0.5536907291167491,0.4830578448053731,0.5609041500931188,0.5148491226537892,0.47786086946355394,0.4637886623021892,0.46118855709983997,0.5062146189059573,0.46197848505295497,0.4497254436956623,0.4678107328266468,0.3421719770610955,0.5635281794596718,0.5853979998495631,0.4826641911562878,0.4641582629859283,0.4869450568318282,0.5422600260098288,0.46718789415220446,0.5316462011563707,0.5418523574740184,0.45676367618247427,0.4371548910905762,0.4629324718216074,0.5761787190886989,0.49989282654514083,0.49620376931999777,0.5021208941448979,0.5270770589106524,0.5047362966049737,0.4282039677143159,0.49262860202786307,0.5186429505263471,0.5163906364056456,0.5199113641666372,0.48512932345347143,0.45044078233892665,0.41051526996106397,0.5718640508320021,0.5476719699740303,0.5099659079712716,0.45775053325363324,0.514602785873099,0.4443153397865196,0.5018788796653145,0.4949039677554318,0.4503068156815867,0.5274788783350725,0.5068225403037954,0.5021032079156946,0.5570770775985157,0.47288143168339564,0.5295912370719685,0.5915624976281516,0.4986845358779993,0.49313135467101116,0.4963027624614111,0.510843285113813,0.5238541855954879,0.4517013933739898,0.47694295475230436,0.5081126674815724,0.4428253101765636,0.4821764311889727,0.6402802981422467,0.568576822943302,0.4776728156113119,0.5084496221127407,0.5928880842957828,0.49790399527961127,0.5176342996765255,0.5418590887998959,0.6122858313284176,0.549251151353396,0.5966311635004891,0.46020224624119266,0.5064282831241771,0.5126892704415158,0.48156167518419407,0.48577768168427526,0.5244932232324253,0.4966388473119768,0.5023039433064203,0.4889502771000794,0.42070200317333895,0.4954743558801118,0.4355068606447219,0.5409403900763275,0.5272906555538074,0.46286911561997895,0.49023934334089436,0.4728822526618069,0.46524052218509054,0.4904521938321365,0.52093902714787,0.5030898718783346,0.5327064649853559,0.49540355421881105,0.517492447507231,0.5029791145513294,0.4141375009862804,0.41170707789671224,0.5498054913434659,0.5127995065403573,0.484956742982193,0.491593003463306,0.551173370428119,0.5066811344978358,0.4154637406417619,0.48521795242201154,0.4829536788296646,0.413958522774953,0.4863178198325219,0.5795725958438093,0.5117464565779412,0.4883537450877535,0.591303513264043,0.46709131720246083,0.47840466853691427,0.5194103747401148,0.46898196067156783,0.4261565488665764,0.5607718082263564,0.45898441886641284,0.4959285694260799,0.568444100345587,0.49699173248303113,0.5096215457630325,0.5388670991729956,0.6371545871493156,0.47092590527294653,0.4426374034101338,0.4197514549817138,0.5649619686851914,0.47553907173070237,0.50595802702842,0.4271466708670618,0.5189895872298205,0.5829894557040238,0.4539570116474591,0.5198981861679348,0.44038306015039164,0.46792603739053784,0.43861973898358037,0.5412045803943578,0.516913464196635,0.5769665620939491
0.4060598912880533,0.6048945951222541,0.6154471168849293,0.43023339147987005,0.41970357000340164,0.5113187089020828,0.4564957221159163,0.443938766161619,0.3892683209197017,0.0,0.49513572594352034,0.5585159734173955,0.4750454261699689,0.4350320439577509,0.4362800919107883,0.5237559584219262,0.48784559455507354,0.4249041320327486,0.4790554975457641,0.4489987317319968,0.4812545173282588,0.5330376723713077,0.4475470085055819,0.4559504848353124,0.5715279428132749,0.38248308441096757,0.4399027883597363,0.45478773776791875,0.5866077542963594,0.4311531025511507,0.454783724441763,0.5139043859565494,0.4505043266052306,0.44666688768678803,0.4244995422762834,0.48333835102129585,0.45057940805478897,0.4388921261310601,0.4571465933986166,0.42585829552838944,0.45457943532232326,0.4531470424815008,0.4246300323665478,0.45106505478496467,0.4758973239521062,0.4241227073398058,0.44137327771382795,0.4700584455809256,0.474920062826934,0.41937740850678024,0.4211418958761764,0.4046151440353761,0.40570214120956577,0.5082413974056308,0.5079779331920462,0.4320113112376978,0.40787188795620116,0.4748958809072036,0.46920056267575166,0.4386028924692284,0.4464849034490734,0.3857103077720317,0.397909973881743,0.456177422623893,0.3771370770079628,0.39123539589436085,0.41559278003305966,0.4303026940987532,0.47294141968752434,0.4330541045913516,0.39533179135982616,0.4089420668677902,0.3810415545659787,0.46136941395440556,0.4835815627125205,0.41397286178118287,0.43013918737733114,0.49733149538581045,0.3890388617296018,0.3738081913222978,0.4510769657194908,0.38403905165832536,0.4842276642476051,0.44508758115305214,0.3857818189254151,0.4519443949925974,0.3893123003871966,0.40069105941191463,0.45128611188941775,0.4099538402363772,0.4023443033534977,0.43461716117960053,0.4887667910147499,0.3904487583261568,0.3936219008651726,0.5706619462405316,0.4035115801309297,0.4828044799135424,0.3699456711244109,0.4266472119783893,0.4408523019426812,0.40125818234469307,0.38730676271658465,0.6015590517926311,0.3964659426236649,0.43150910157390804,0.45548256234559037,0.5243245051799422,0.45811857978297227,0.5374314704050327,0.47588219092774015,0.37993076820943233,0.40680700393557284,0.43927531865075853,0.3898348161994887,0.4108141061096035,0.4420503691583338,0.5339195528925192,0.5182900011475661,0.401824407349476,0.38697522777601295,0.37055203145085897,0.39615392310768793,0.45046283944527465,0.3670414849015076,0.5907626157685874,0.38304479698135047,0.46086425551765975,0.5975482957964203,0.43235710572639835,0.47209229025837895,0.4444966939719723,0.37443934913273114,0.3781640628350152,0.4713114541611783,0.39494410465504215,0.47454117329451967,0.4076470891143638,0.4937202629483734,0.44315912739522634,0.46358866595155956,0.5011988301411007,0.42743881021478763,0.4420804623680048,0.48334647910409156,0.40191644752778777,0.43028413288862627,0.5166383014388295,0.6419899548245578,0.47327603502395127,0.3823426660342063,0.47353369740289797,0.45917807894047913,0.5307679711075479,0.525901693618198,0.43180866998683026,0.42426073831842825,0.486861465203612,0.3944442188754991,0.38745545741971565,0.48173582707502943,0.39853252378749776,0.4056611407571438,0.3874872406685168
0.5221277804519885,0.5597057182827585,0.5531669539761844,0.5569241409214657,0.5069597382686144,0.5570978968976248,0.5079567892407864,0.5250399056314721,0.4535632952700827,0.49513572594352034,0.0,0.5583070992370457,0.6173160268096634,0.5211848155003603,0.5473044620777001,0.6765071274171114,0.5819094722166717,0.5323659110505381,0.5562927776661581,0.5709005087187079,0.5920458784522026,0.6423750186293086,0.4861235640175407,0.5522990245807222,0.6013823682190933,0.49963042630430604,0.5020408597885263,0.5577192170610717,0.47816328245880496,0.47378852849331254,0.5552625011043236,0.5844383289012028,0.5593027760114264,0.5221173224029012,0.5356014622822364,0.5759676925660235,0.6236034251978222,0.5752791213313201,0.6030045560919988,0.5004768185277596,0.5338515981651465,0.47671373570148934,0.5595271230814501,0.605880757601115,0.5963838496566528,0.513082609922375,0.4445317017755857,0.6693443614366249,0.5758097034484141,0.5306372061834379,0.5503906977963241,0.4952930180379047,0.4623862440932152,0.6678381713961771,0.6482838194257087,0.43911524880168884,0.5301076281124534,0.5807634839742918,0.5206879598276789,0.5412004076809303,0.597874609048395,0.45416085866600425,0.5267488507783437,0.49718572057011934,0.45759176270997964,0.4931057254962031,0.5302915964163355,0.5317786319584812,0.5718692081658447,0.5710015811365798,0.5143354286697751,0.4998613681226436,0.46688949277506697,0.6040448422130511,0.5943805847535314,0.48186341374124286,0.5850732458047758,0.5657742342606888,0.4946569080148506,0.43907985288837725,0.4987254583605775,0.475274054088727,0.5302599411906074,0.5761192826785533,0.4635887906980861,0.5444036397762109,0.50748852487264,0.49144173042809314,0.5178400016366589,0.46443965820172756,0.5097495517210074,0.47473275601190734,0.6045392049686575,0.493816390203426,0.4755554634805812,0.5803763616297194,0.49954822216476896,0.48479844610526307,0.424006500459677,0.4983301462691499,0.5886638849576195,0.49832209447249176,0.4593469086191689,0.5083270818668435,0.5009106832891773,0.5135615874397147,0.5391068678927725,0.5218809968957492,0.5161633865478402,0.5616448047762779,0.6076562863928466,0.46972247494359726,0.5064133599222045,0.5244664904414603,0.5019015724386022,0.48169227517386015,0.47761562328405277,0.5638085593949523,0.5521950833226897,0.4653129281080182,0.4981474580619951,0.45916852284674736,0.46430473426242225,0.5667825683444063,0.43992686367642,0.6288548260444031,0.4335442297834742,0.5688970307324988,0.5736481498335579,0.5400784319824258,0.45847431107394426,0.5398254817168353,0.511287565595387,0.4804152233038913,0.6380915409385336,0.48168317748896444,0.5270755261086089,0.5070245918360322,0.5746561631071652,0.5499958897562593,0.5888641034136052,0.5750384991498777,0.4914711684477096,0.5147190161665428,0.631106607056582,0.45812729922478046,0.5122366444095275,0.5377629335145658,0.5370062851560101,0.46796355721745636,0.5227080492295214,0.510596285313484,0.6038609456048909,0.4670260345955832,0.5797055705515871,0.5763497379017672,0.5644362224395919,0.5514010789673796,0.4980971195949882,0.4866689837090481,0.48482570159926236,0.46848759582451543,0.44104735640923104,0.5175447482330232
0.4641392251234871,0.5844988390997045,0.5688360451682837,0.4632543097577786,0.4866256475803354,0.5702660623722909,0.4836349698343421,0.5216064863392309,0.4581954418283385,0.5585159734173955,0.5583070992370457,0.0,0.49779664098488224,0.4293558614658547,0.5018837714496297,0.595681959501338,0.5168587765812513,0.46065142308837204,0.617510063857204,0.5188189492290003,0.5610711580820104,0.5772235942228582,0.47791915374635374,0.5018507020533616,0.6472814492154214,0.4169231162820598,0.4510917075387633,0.484323487529599,0.46967213368358074,0.5365769103048577,0.5821358515129786,0.5704406926466856,0.48259724966726536,0.5151120748738925,0.46962276816255183,0.5305389767211007,0.514788678911545,0.4918605096684251,0.5833313829049586,0.4288921259334929,0.48862795060612985,0.49540500634394324,0.5105246971687228,0.5195302295527916,0.5380098599045795,0.4727916592934494,0.4696396963053089,0.5251805947279103,0.5170323355620416,0.4773972424284643,0.4827829549978826,0.449742100846459,0.4262224042738915,0.5595418962068128,0.5495899386630483,0.45650017004679166,0.47130141739286324,0.6114398426583221,0.4603191215490769,0.4843657485267709,0.4830720569210816,0.42014815869956623,0.455020493660413,0.4606493083163669,0.42054988318856046,0.4317419689528622,0.4373501616787328,0.4719838955182446,0.4842086218419187,0.5074318178122798,0.4517075679632862,0.4322817890867239,0.403896285105039,0.5031060169757651,0.5325460007086417,0.44559604879868997,0.4798169487358002,0.5287282976632565,0.4450888432010648,0.3953279528739403,0.4653557296605185,0.44842254179609103,0.554246311353428,0.46850712245456244,0.4259800581366968,0.5128786906335464,0.45201316803547986,0.44222036702614387,0.49528189167339487,0.46142153855935925,0.4575219797203579,0.492208514713197,0.5449561258750663,0.43385464111256533,0.41711934669238404,0.6290824831608219,0.4610182482129435,0.5204152461931989,0.3966755066597329,0.4472708338130879,0.47259274865490836,0.4666856328714576,0.4301244541726312,0.6218845301475512,0.4469466205336729,0.4823931503960538,0.5011560007601938,0.5337392543469269,0.47151294022745344,0.5586935453951377,0.5609524461753868,0.4260728213999871,0.42922980323333787,0.48047699285810974,0.42582847585392697,0.44312639291662625,0.4703408416006232,0.5967797742534853,0.49334304828602216,0.4233967735531298,0.4338457042337583,0.4193394300164639,0.4235341038233139,0.5167060220981682,0.395623687798268,0.6133648095229237,0.4047280810871319,0.5552109590280863,0.5568465216578421,0.4524407751150912,0.5064942859034772,0.5031785952181763,0.41206672565141034,0.4307805895866048,0.5473599153134325,0.4249025784602612,0.5568660082378941,0.4357133865016331,0.49571184033279614,0.5490944356761279,0.47550705493738926,0.5290078655800255,0.4678867397832703,0.4831777103650951,0.5362560077995643,0.44802970280601917,0.5355200171577359,0.5223390127538386,0.6287729794761808,0.47212572324257446,0.4581993356044361,0.4902955591801575,0.5419037900614601,0.4974741997892704,0.6243222295082799,0.5008312449581559,0.45498800157876107,0.5432064436019316,0.4038695960551548,0.41955089734514645,0.44214316266752035,0.43339043926032733,0.43285737574107536,0.4455609924914903
