0,1,2,3,4,5,6,7,8,9,10,11,12,13,14,15,16,17,18,19,20,21,22,23,24,25,26,27,28,29,30,31,32,33,34,35,36,37,38,39,40,41,42,43,44,45,46,47,48,49,50,51,52,53,54,55,56,57,58,59,60,61,62,63,64,65,66,67,68,69,70,71,72,73,74,75,76,77,78,79,80,81,82,83,84,85,86,87,88,89,90,91,92,93,94,95,96,97,98,99,100,101,102,103,104,105,106,107,108,109,110,111,112,113,114,115,116,117,118,119,120,121,122,123,124,125,126,127,128,129,130,131,132,133,134,135,136,137,138,139,140,141,142,143,144,145,146,147,148,149,150,151,152,153,154,155,156,157,158,159,160,161,162,163
0.0,0.3267535971579399,0.2518821606274403,0.26218176191959114,0.25759649941822516,0.2739820165975328,0.2978570065451659,0.30945568230114906,0.3962999663191161,0.2601487590078609,0.3263935857361674,0.25604830058971306,0.39441712597787815,0.3141119798852901,0.33349633851906796,0.2909754414759334,0.3067114413237163,0.46046865928332675,0.2989156229578415,0.4330320324075407,0.2965479308196565,0.31056698781660336,0.27512627233485615,0.3260294970154771,0.33145910479915147,0.27154790528186146,0.24591349374006607,0.2929956023640339,0.2591003969411061,0.2833112314261102,0.3372677420186733,0.3365341220651836,0.31384911295113566,0.25348441708493014,0.37615868815885184,0.2937807515124012,0.3564502012837692,0.35036192681255746,0.25047790226285943,0.3908998389115278,0.3286325337107103,0.2932917349347732,0.37037827050519695,0.3332154617840933,0.33535760078450166,0.36533039290571845,0.2881730149925671,0.3098607698352725,0.3719161733133775,0.38114605021439657,0.37275588121221304,0.3199094175248837,0.2736908375959545,0.2727249209887339,0.3014589700797764,0.31296883278322934,0.4433971341776093,0.2783613189515707,0.3712473303189209,0.34500892532356287,0.2885390591003469,0.2671188956435018,0.3347839620837952,0.26242685864696425,0.32071216986126555,0.3360327610052936,0.3233013139223856,0.3392935551078941,0.29864450409776483,0.3353668643131486,0.46912975051081246,0.34642841856269024,0.32730970423003064,0.3275776268634157,0.31238446155290184,0.323330941310972,0.2554659385384468,0.24639398500857715,0.3569369178847037,0.26119303248001075,0.3056253862032533,0.346220780154432,0.3359482903923692,0.3223595357540484,0.3351144736577114,0.39145381278388836,0.3192089080990954,0.37631099610440316,0.3070447710635718,0.31271542194428037,0.34908309251439,0.3114330246436229,0.36687484316904184,0.3625509103088194,0.344525743691944,0.274479691196028,0.24948327868202902,0.26882144739737424,0.2690042126375242,0.34954441192486396,0.303031476939003,0.2774334258592931,0.2772121783598745,0.24408332519127646,0.4119057069195818,0.31831122329446737,0.2788552920842566,0.2904052510184659,0.3572384045410361,0.2941429305986009,0.27654581066898765,0.35460030996284736,0.3288564669316139,0.24403686042159803,0.3722793660079276,0.34001416890064634,0.3475416950395977,0.2811066078418642,0.24875558128409356,0.23806458409062112,0.32189542155063944,0.2505333929084444,0.33159661637099946,0.3943184543222652,0.3280310395247781,0.2962643575205915,0.24655685279575887,0.26641402865191516,0.2606364739604529,0.374030312243803,0.2762082116929382,0.27099934284793736,0.28126805907391206,0.32169261786018083,0.2867413227170521,0.30297167734975083,0.36331684921559415,0.35843901885119683,0.31946591738602453,0.36624959560612996,0.28736587280597087,0.2794623114983629,0.3329680112914359,0.272109932356281,0.3170703253165428,0.3246989830011774,0.3047824601142945,0.2542100615361241,0.3173501393113063,0.19782196426774687,0.4371636744784529,0.3111265891478458,0.2988853059243932,0.2609839937751008,0.2933663172098317,0.3893704236946153,0.3155333332487375,0.28813624523301645,0.35594317561889477,0.30306100722925516,0.24937468265733181,0.4271443562088208,0.24090824732656296,0.42086818784746477
0.3267535971579399,0.0,0.3359308233166892,0.3111437436416607,0.22824236540997056,0.40379896351693423,0.28261776433226815,0.3902563295793499,0.30003568434094147,0.34251380744125914,0.32905193456006016,0.3481145711655695,0.3250936994314374,0.34213602274821087,0.3056902269079482,0.30913238593214937,0.33543092650193657,0.29254166134152954,0.38040672122563557,0.3431500199081356,0.3572772851812562,0.39099679157689526,0.25938594531194126,0.3005390006348843,0.3650748784747076,0.24806116972271305,0.24037133946517947,0.30634451797023693,0.35745817037760635,0.2662757567150042,0.34222509161034725,0.3839793850136794,0.39629588776905456,0.27875537182058374,0.3036456996545129,0.3468267873224278,0.3056022465107433,0.32668141846519005,0.31253923598208727,0.35463868818128813,0.37296182147839285,0.3250715957583257,0.27057146042873614,0.2968278711486248,0.3986813647837866,0.28697050617683467,0.2793694990846937,0.2830814606993827,0.30695986329920677,0.33629145299164226,0.39104910910736124,0.3232857588533566,0.3014098788867791,0.4176909189596363,0.3655469002602589,0.33190659356077845,0.3573415660409286,0.3106257015297444,0.37452276143134533,0.36817865824862656,0.3832364280266252,0.25236309071910756,0.32100958950510555,0.2503135950669747,0.27574509016013465,0.3064464156752364,0.30446412990011906,0.2941177508680756,0.28958674801865464,0.3420451760765103,0.33856767057665205,0.2877404115672904,0.30205287379509893,0.36997169455100065,0.38038654473397243,0.2703866285521785,0.27855430391648445,0.2840688201179238,0.28947456267604166,0.24319974975971018,0.2884689130766712,0.32560949268585176,0.37951576180333907,0.29250468755610504,0.3136603731634613,0.41676073391562984,0.2974956148706369,0.294039415268507,0.2710147330538748,0.32107796732903326,0.28247806778138285,0.32254879005634746,0.35620275446772404,0.32535337733512254,0.35023019435098596,0.33479724277126777,0.31061518979802366,0.31121553583603573,0.23750423947960422,0.3415373364868243,0.27481541044346164,0.2977609983326732,0.24558596826453993,0.2818823508693326,0.345404056460727,0.2810000206228668,0.3097231162183657,0.3092567436243107,0.3227083971464126,0.3671306346544313,0.329766065159341,0.2735016870758532,0.3340818850732564,0.2492331336304736,0.315995697694034,0.34899102905956175,0.31410707891966844,0.25359360808082887,0.3251772873666398,0.24282498124342286,0.2576641724533423,0.2609549144898899,0.3193182385812473,0.3778326865929248,0.26546293375916846,0.397784966925266,0.29456469226789733,0.31615964289232973,0.37255277361193084,0.28950718066384384,0.3142570555471724,0.32660442998899974,0.2542090337820593,0.33411118368667775,0.3081393382500704,0.2405643674567227,0.2790543409736932,0.29529709277277055,0.31701359288279607,0.3043365925000605,0.2837086483819907,0.34879160057630365,0.4097416612317574,0.33367094364071004,0.31644760194803917,0.27221661988064894,0.32844405116735903,0.2657072401113048,0.38869960480239385,0.22786056913292477,0.29953599404805303,0.3434279178153669,0.27491478000058245,0.3197047563344961,0.31894024475304794,0.3324545574102321,0.3128047665987955,0.3028297957202601,0.2805344872824789,0.2843497908012467,0.25355834280183637,0.35461025829224935,0.23912567836017867,0.28627193927800354
0.2518821606274403,0.3359308233166892,0.0,0.27634226693561426,0.22933135054658624,0.3390628939251229,0.23647603987791513,0.3715895172733093,0.24985100475837563,0.36125600527058355,0.3031791159573504,0.3024209514994375,0.31485093886546156,0.24706779959520753,0.24101575311801282,0.3835212831385789,0.3822409003565411,0.25243629500298087,0.2765616019880962,0.2478989571763835,0.3722080127185709,0.36123885089693447,0.2259134114568516,0.2761868125661506,0.2975160012505202,0.2600507014315312,0.23248292301416182,0.29170607212840327,0.2805388029536063,0.2734442875938169,0.2408562575811538,0.33683710763772473,0.25940064445936756,0.23995553740699851,0.21828897825247115,0.2612171463013921,0.2609948458877236,0.27346368559774126,0.25245445853145176,0.3274176883586498,0.2799638330971827,0.34415233538916046,0.2513985592070855,0.2511283510763484,0.29465013310617677,0.25696801036009226,0.25337419592958405,0.26553094210302547,0.259200830408997,0.26215712731821106,0.30802182712387566,0.30455714101682463,0.2106762991610537,0.3013604339650516,0.27867412629748706,0.28262781189581104,0.2771434083513563,0.33404609305297983,0.28457818018864295,0.25803823926185765,0.3078914485903119,0.22598816653168766,0.3144109442640039,0.21739892516565473,0.22026124114599727,0.26048979901706,0.25616170626701096,0.27244863227878474,0.27391492444714693,0.3204987318016763,0.28236185106291933,0.21094203784349772,0.28428790079028593,0.4207168078527184,0.359515604976986,0.1995441299858976,0.3119057878322919,0.2616477545781007,0.23908536402605848,0.2324194396737246,0.3009484309110783,0.2644436440132706,0.3134869795103493,0.2728053301552252,0.284769996840345,0.3304793749335069,0.25789802217906005,0.22345125678137104,0.2438128226004797,0.24036571108666674,0.2658042851655412,0.22347267769677334,0.2706450708956213,0.22488377905157436,0.282495236436193,0.2541219244258543,0.2306948209575101,0.28045455623910887,0.1950855234528488,0.28594993347664954,0.1996354967729362,0.3101191363099413,0.21448695953935856,0.268554751361643,0.2590281188203831,0.3035664506130766,0.2982101715313684,0.2937628469285283,0.26629834470149355,0.3343271304440182,0.2726510138710163,0.22900111197280892,0.28633101502013336,0.24393820540029787,0.230098262160753,0.3499327325051238,0.25384002238654674,0.26720363105477274,0.3443108576636593,0.2327773763902637,0.23877162690905976,0.2434700291583553,0.2499421517980725,0.30317671032007476,0.20055447709641067,0.3108509423309839,0.27195914327960036,0.2707605460362313,0.3434035026918301,0.2364804622405342,0.30610529957798643,0.44879473355218763,0.21515305122872933,0.22993198411612895,0.2581705569689502,0.200153454102501,0.22285965818840997,0.2269837495527838,0.27282306191618316,0.25938941174645647,0.21071847412447864,0.27351996556691555,0.2813457352414573,0.27315449070010017,0.2575228224702652,0.21721075701174178,0.30194597707883225,0.2688682516260613,0.3461494297002094,0.23750836640029657,0.23168991353816423,0.2296194690556501,0.24633274535132804,0.3402813455279847,0.3180520207371119,0.26417262046759565,0.29463074244669657,0.3389388750914952,0.1988665315339528,0.272955389189052,0.25972875907693715,0.22870261292910551,0.2505469490404536,0.2649798270903566
0.26218176191959114,0.3111437436416607,0.27634226693561426,0.0,0.2382153495772607,0.2894706674181957,0.3370558834922169,0.3411704889548995,0.267369551678366,0.27147896982644576,0.2903770501995096,0.32345535478947607,0.27571017761143446,0.26458934203449086,0.26622256124658544,0.2700768469738195,0.3139784217076247,0.2657766087823474,0.30900318947502353,0.2540284585545501,0.35176967613692894,0.27075910548248583,0.3041745022250929,0.2662442396060164,0.31391917164742905,0.2787591394279161,0.2906289143274222,0.299409919929736,0.23687241748482762,0.24726686371976,0.2713900017815341,0.28704148141387614,0.37025848121420546,0.3310387603658864,0.2570834851505563,0.29703107463353107,0.2804916394020431,0.2864434323737102,0.28152763124418445,0.37005225961367055,0.2973918657800684,0.3729583298962875,0.2399371287505984,0.2809735191731,0.306650949304391,0.28703731239069236,0.2170698114441185,0.23683250889615437,0.29601014917062984,0.2721125657070202,0.3708557952696549,0.3203695622475208,0.25690568382646206,0.3440156266936746,0.294959260978967,0.3015476455198199,0.3196376907566671,0.3573054842724049,0.3075814914575443,0.30781571865314633,0.3226749752489898,0.24333099551699913,0.3048250043443031,0.2296505685594373,0.26200341868851873,0.2949960546011503,0.36264793567773307,0.2377209966999005,0.25315355865273764,0.32366098776679963,0.26973479312116916,0.2354703188868948,0.3493233328250409,0.4273065759571312,0.315787382481112,0.22103230864909595,0.36133794651523976,0.29523372204765874,0.26558153904091214,0.21963951745977714,0.261462736114317,0.3472487933065891,0.272799185147378,0.2511317995550043,0.3866789495347527,0.313462822724147,0.3457549897125864,0.27760538000947316,0.27058221524245635,0.29987696317255325,0.3166373757456579,0.3328682550827009,0.2513546984117989,0.2599369861519774,0.36120139279578495,0.26155375907344586,0.2407300011438425,0.348242932785022,0.24264919581427613,0.32746247617229307,0.2400544680283922,0.3426108857656162,0.34386479395816316,0.2639859944059991,0.29051581396184406,0.2723723963036545,0.3042962185435457,0.3015043832122759,0.2768930147866603,0.2966696921864382,0.36731632155568716,0.2954295323803608,0.34683488972077703,0.3177615981859619,0.2621425421796243,0.30600144768449883,0.30105601071803306,0.21695140537669427,0.33452169396332004,0.2902177406101444,0.2513540693993646,0.3294212636882252,0.2927366519849269,0.31650992187995175,0.22964400366247628,0.2592472839462402,0.32250788051046486,0.2814580728961778,0.3058394415068312,0.24912534764211788,0.27238474022396475,0.32162136687159243,0.2796661504515628,0.3160502047862387,0.26538167771309457,0.19803196686488664,0.19755162612399096,0.2628484916231906,0.2797413629685064,0.29498748081450676,0.2649025013816319,0.2778786614561177,0.4032460106180207,0.32564240948004414,0.27457966386825766,0.2961572968012822,0.3024786769376703,0.24876531645490915,0.2574990361321037,0.22065555911156726,0.3145712325362119,0.2811245289727608,0.29059562205512846,0.27254969630352827,0.37811531077397686,0.3050863108467683,0.2832627143484046,0.31843995435352357,0.2979730178737103,0.29443928141882425,0.24038613548313145,0.2724041391526781,0.31829615322657945,0.29766458048263866
0.25759649941822516,0.22824236540997056,0.22933135054658624,0.2382153495772607,0.0,0.1974884054420091,0.33843311847868196,0.2251256806671282,0.28001398448180537,0.21239575702186453,0.29428478385231027,0.25287819036294074,0.2195267972490091,0.23382157255900968,0.31055253520342374,0.24789009404377424,0.23036538788383829,0.2577007909477929,0.216126785802659,0.22715495022316337,0.2656116624882081,0.2752930162567308,0.2868248574330319,0.27061786626241185,0.2456447253526843,0.2635998896605579,0.25254131568604404,0.19794228399328231,0.21680791638145305,0.28823090209824925,0.3059061301075935,0.22046228747244703,0.2395150630829166,0.21734168738241982,0.30517545770431415,0.27949674714897976,0.26280852831099755,0.2693061881411511,0.2999310637556026,0.2617240312216332,0.2647304410273113,0.29488241661916376,0.2835953804312975,0.32337974445473283,0.23288086638816496,0.2151261923780981,0.253015918648181,0.3027825265245791,0.2960681183661199,0.27165513685047254,0.2761079314728005,0.21221531196911286,0.19819790407225504,0.23217309666060915,0.2671114902591385,0.22927332091302655,0.23044822333494236,0.3020347157933617,0.25196629520872127,0.22352509338034326,0.18692429697428872,0.20430786921215835,0.2274673766024365,0.2664476532575107,0.23869838475534955,0.18749592642198418,0.23553401858022321,0.24593356927778967,0.23196843079130922,0.2663297283903742,0.26349961447363784,0.24294700503500505,0.22575784344122005,0.24829757711368267,0.2064804773216106,0.18692974309466656,0.25254381919109686,0.3305359752002148,0.21815269327598563,0.19720823023278342,0.21951433465756334,0.2710336281183659,0.27964852187589384,0.1953629452572577,0.24222662335372613,0.24364909503693305,0.25456432222439385,0.2545626473644725,0.19615999186718674,0.23966053475994537,0.36463715195080343,0.28276461843861467,0.30445268600520714,0.18678214126398468,0.2566307125848509,0.23694105407938626,0.18167235187700603,0.2239795159652251,0.267658526712637,0.20207776036633696,0.24231085045282513,0.239438319627965,0.2657919159621949,0.21703632415480373,0.24134922409351364,0.22415648397854035,0.19983028883705284,0.2453277485251222,0.25830062277139054,0.23541074575092263,0.26042566042677934,0.30662599567143767,0.21468320531628798,0.25406037621632693,0.21573574955580993,0.225678893028657,0.2069988709119507,0.26391429624862955,0.20522492932931924,0.22535258248387804,0.35924681867534103,0.23138122415618684,0.21369035711977116,0.278148538360235,0.2660070430655782,0.22565524181035013,0.20685343639959003,0.2764950306479928,0.20653800528575034,0.255696768169308,0.22622201995672084,0.23139805194406468,0.19917770478448193,0.2663749871455683,0.2473812601098061,0.24398274257384425,0.22301640769309572,0.3329517921930173,0.27055357250869305,0.3172218510740458,0.20408158613971833,0.2527001588216286,0.24764012745311237,0.27831402274444467,0.2933284105025804,0.2780486985035436,0.3333604505411636,0.2154639526398746,0.22828436542991903,0.19865299947524065,0.2675371331446967,0.228548937008036,0.2634027200827224,0.2711246852486851,0.26753215387110113,0.27224544381542626,0.21614614233602392,0.26722701945759714,0.24681198570999308,0.22275205047417312,0.19404819703649617,0.24099003202432878,0.2421185567354339,0.33481999243260546
0.2739820165975328,0.40379896351693423,0.3390628939251229,0.2894706674181957,0.1974884054420091,0.0,0.241800705478135,0.34772027022594265,0.23029108261060002,0.30552956991429814,0.2943021125408721,0.2885712761608988,0.39337283241248533,0.24904494390659732,0.25916928553767643,0.3223706008384847,0.3521259445138114,0.22898609443240547,0.284562911399738,0.2734088581006198,0.30867030585106137,0.29771166899841256,0.20552448699793455,0.25082188520693544,0.29358466718450116,0.23548445970521167,0.2138515394100468,0.3024146023661567,0.2750789884020488,0.22972541745565847,0.25280734947419353,0.37213533992270187,0.33056466751506935,0.2479455295837114,0.23843709355256312,0.2562424304603403,0.27245544390287446,0.24749873573036418,0.24193859202833728,0.28406737931862275,0.30891747910333484,0.2983005854881109,0.23896219917179098,0.27991219765169983,0.2849933678227529,0.25585844747769404,0.2416547719410378,0.25439875958029473,0.2276841627596029,0.27321856063393407,0.3056160737646003,0.3459025388067799,0.23012881964731066,0.3248577010250335,0.26879522225820934,0.32188985533839964,0.27859019502360194,0.3215669372217256,0.2640143982995568,0.2759383342814892,0.42097536249257816,0.24435121727183817,0.3171921044415502,0.19632644883444675,0.21951585912611235,0.26411121595455295,0.2763307585382892,0.27803436848445684,0.23432773805124146,0.2801392753687519,0.2854511564227376,0.21587293877312616,0.279620786266882,0.34396996449986067,0.38947900178442746,0.2234278223277221,0.290256494604388,0.25019035476250795,0.2408126277709726,0.29581106831114473,0.35304381215756925,0.24460893158979516,0.30184013949786076,0.3210780776012558,0.2652561751558486,0.2969687741331585,0.27968288988521023,0.22946569380368306,0.2776963908106965,0.26200399032076704,0.24941303942594661,0.25910121851210854,0.28523881988929917,0.25354418111708144,0.2576838051329349,0.2804422653810936,0.24839938063906383,0.29531928981702554,0.1893144123882349,0.33709012929994414,0.219573185243371,0.26427970293395986,0.21183826276690432,0.2226207901421403,0.27350028779524194,0.31436421859990865,0.3411931436140416,0.29915637724954286,0.2707306522417425,0.33010897512329596,0.2828860510483796,0.21200158867853613,0.366506754439028,0.2445210166122785,0.2537231819993149,0.3577665812247474,0.28596108312007146,0.20099197645727743,0.41589280433659914,0.23336826690283033,0.22023982497455835,0.25630839543490225,0.27577362610687034,0.3133638850591081,0.22297301934255176,0.32086897677531606,0.2926141181691287,0.2603335332912148,0.32223907318121003,0.23062659202329264,0.29842762388884414,0.37634950175043747,0.24603999065054055,0.2507556873183069,0.24847595529729627,0.21338888456941085,0.25341955789947496,0.22602842842921664,0.23500723452338224,0.23162535662821948,0.2553253501079062,0.2813917112927009,0.2801070622023097,0.25034125907457216,0.25599934213254244,0.21809169395185005,0.27424218191339583,0.305411011188185,0.2701430974105193,0.22482565338567098,0.2354828125527951,0.26513817979000703,0.21213262639335947,0.27979646298980093,0.3093648210018625,0.2634088431618749,0.286061779696727,0.3604717032255333,0.24083141866155258,0.28618086041179897,0.2596661486415451,0.27027244985770166,0.2187494763757535,0.24687589984207664
0.2978570065451659,0.28261776433226815,0.23647603987791513,0.3370558834922169,0.33843311847868196,0.241800705478135,0.0,0.26595061419067906,0.30627911118721857,0.25557134062475834,0.33647069256145806,0.3592460073304867,0.26399723287144716,0.27311282861581404,0.34480794895305444,0.2682435767179465,0.2605109234635525,0.29916103825814205,0.3048938890133801,0.24836450902250923,0.3073325237568297,0.3032635806072177,0.36774484279579517,0.3170689654905559,0.3286771367732203,0.28695757430820523,0.2838140614662325,0.24273041079902016,0.27683405056075805,0.32470396035427335,0.3360319514587481,0.282555933988649,0.34927659599086996,0.29329773402223236,0.28678545158001634,0.3089845195777559,0.35292443314552857,0.3081477429016887,0.3232089899547973,0.3488228114300157,0.33560317747813656,0.325493386577861,0.32518218911241425,0.3670099098956453,0.29778526266242594,0.26763810307210256,0.2676961481637495,0.30571950282614263,0.4493739814951066,0.2708716460302939,0.3669198476963217,0.25506305767720683,0.22834881712711508,0.321389235922751,0.3913607090388388,0.29108564413197535,0.28990861150781,0.33915409400351987,0.31948102581387855,0.265613803411927,0.22703044278160428,0.2348689054812666,0.257496003137982,0.2727134859557141,0.24745960414780363,0.22306122908614434,0.29957580211579266,0.30103354735435633,0.25624454159077314,0.3055409159107294,0.3281752078061811,0.26295405646865433,0.25183058497214944,0.312403770758184,0.22503537062285836,0.24544899683396,0.34838272589170394,0.3491674881039788,0.2639385658966334,0.22744914811164052,0.261992927873036,0.32952351944492875,0.3400286293171319,0.21932783028869193,0.2897628021371686,0.29239432676635335,0.3083220137687444,0.31482336250693616,0.24951282652247964,0.2972692827132332,0.39298348626660995,0.425263299915244,0.34166473170928524,0.24399008800936278,0.31910892678783903,0.3466932125311505,0.21929031287102943,0.3069235302959146,0.2823470715684641,0.2535697175811098,0.296111351145336,0.31824433625343973,0.3406929045864105,0.28152033821585387,0.27866480105320796,0.2629656037260996,0.2329532965000497,0.2818768541281326,0.31744955750756765,0.29417010148039574,0.38991691826880714,0.335014529304871,0.25692129744724657,0.2728987730306903,0.25729574057673493,0.2557171110031146,0.2607447455801418,0.30032501219379903,0.2533455718187827,0.2539348488754227,0.30467899446669555,0.28016675107927863,0.25230300804659933,0.3787456696799722,0.2646972903886363,0.31473460512176404,0.23037101316572503,0.35125554513904556,0.25192695926549263,0.29478000588876674,0.25184982469482114,0.2473814633710864,0.24628527603622563,0.2920461021219838,0.2553918313170549,0.24747600323058633,0.2622372465295479,0.3292150266369483,0.3270461402705946,0.39786960650955255,0.2778342321977874,0.2938781768705722,0.3191407327180424,0.3146271458477943,0.3552870517249635,0.36096706375322457,0.3464052311460329,0.2693877113746389,0.2686230056050642,0.2060845584602583,0.32613202197503105,0.3100193270172354,0.29200862855316084,0.309301947812957,0.3807197668566788,0.35894101959544894,0.2873663831482053,0.33565186564288424,0.3366723905586824,0.30022855751621313,0.2311149979337927,0.29911235322698193,0.30084596300623817,0.35015504188655666
0.30945568230114906,0.3902563295793499,0.3715895172733093,0.3411704889548995,0.2251256806671282,0.34772027022594265,0.26595061419067906,0.0,0.3184760526516298,0.3639318416777687,0.29818610868580164,0.3000396093525331,0.4007758678120072,0.31387426363633203,0.2846774083518515,0.38056296700055586,0.420345108601841,0.30304202220844156,0.31834602582336186,0.31400409716599775,0.3746078604871421,0.28963202138080363,0.28305329884511554,0.2638387517932857,0.36239892682955355,0.28094400786551016,0.31562073475493807,0.3742991491872388,0.26227195682987275,0.2886732247494983,0.3480253559386678,0.420824694562676,0.34218265808853404,0.3213414594043338,0.29025104572764165,0.3483085955691395,0.3081753044141446,0.35898192827695813,0.2638493741604639,0.40696460400067674,0.33427923878094706,0.359786951624428,0.29016125911068164,0.28060259126425446,0.44893202313006686,0.33605591786566613,0.2742643798613413,0.2549823254964342,0.3155644781145762,0.3144335887165614,0.35335839024623256,0.31066757006193957,0.2562970030544317,0.3148401932253464,0.31194292881446967,0.36142325043463913,0.32534228088782663,0.39560032673413986,0.38576201263296683,0.3349935192576849,0.42242176792217206,0.2738440604290492,0.3307129581188886,0.2707619822727157,0.2502858800862457,0.3025329231633475,0.34815630436654804,0.2694926448730693,0.33934717590160507,0.4279310807991349,0.30770270871314276,0.28714474594548295,0.35158012190544596,0.4509987854364905,0.45387824692527834,0.2583782829108714,0.35393210690024896,0.29183917112280955,0.3332240148315864,0.24700179823411267,0.3202118929969112,0.30554084176275287,0.33689851612296606,0.36269440877503334,0.4251731690287806,0.45565351791169845,0.37920166757989077,0.3103815901808532,0.3640022490048274,0.3066823600768686,0.2957350915719153,0.3157544934533188,0.3164299562562614,0.26809426828673455,0.3741695109555289,0.275142290413426,0.28119069634970645,0.39626141536184945,0.24041105409425992,0.4365911829510852,0.25524500412480017,0.40475968740536183,0.2829228750691099,0.28819879028138845,0.38404658248213813,0.37328759367992004,0.3771986853826379,0.38158844048048884,0.34335124124268634,0.3112034202972136,0.2855561431543213,0.30009586995856397,0.403009376741216,0.3296725716025242,0.31156573807811905,0.3957001489509143,0.3767150374338758,0.24964812991731697,0.3232970546467607,0.2911640069978817,0.2625980567786219,0.35302170156805923,0.3087737382423773,0.3379106731019122,0.24964294896064138,0.30849518668909404,0.32753435034200007,0.32582230853421534,0.39711552397575334,0.29659673589707336,0.42462095036698394,0.39171656572294594,0.28804144270127857,0.26856584623569885,0.2689517164502485,0.21627512927380402,0.2570864211359734,0.2948827771039809,0.3416491498032831,0.3269030258077994,0.265382052334454,0.32088264854943727,0.3816609536091751,0.3419206863656373,0.31145843533459955,0.29435361211269334,0.3117246298808483,0.31153424829873255,0.37949458434442074,0.26302762139846375,0.3155172741156443,0.3228211734959475,0.26901813086779197,0.3525817361604181,0.41033584609379387,0.32848067365882877,0.29410764510863635,0.36359478492397124,0.2582986560960963,0.3293301043944157,0.29939484750933937,0.318803396132825,0.3081693236351826,0.26783438765697726
0.3962999663191161,0.30003568434094147,0.24985100475837563,0.267369551678366,0.28001398448180537,0.23029108261060002,0.30627911118721857,0.3184760526516298,0.0,0.24882885981927538,0.27218855628716787,0.24309539287326695,0.28018738974351404,0.38580042114894525,0.2967343943192845,0.2802339160568574,0.2744799431470432,0.36078138282815636,0.2438452351788253,0.3336720532440307,0.27975062569441955,0.3577922281968974,0.2584144341279682,0.27317232698681226,0.28629854796184967,0.27145438757335016,0.2803948909221996,0.26431769078140555,0.2440252735933985,0.301183173405455,0.38654674157158425,0.2867795816745195,0.2971248670963424,0.24153945514287448,0.3820800682824441,0.31050170360670626,0.29678875838325847,0.3957268768613729,0.27847474443296516,0.33445211292593796,0.28569509664187964,0.312884145496442,0.2998530139950017,0.32034914972491524,0.3467839618791549,0.2787852468059123,0.2535076397607678,0.2702448042312359,0.33022542569746693,0.33408923705176224,0.3104922185518495,0.26157403252347944,0.2709222752563421,0.27898288832311685,0.3002233916337354,0.3361207463349178,0.3210756704083268,0.27520949511313825,0.3441657024097121,0.2810646108295702,0.2564904199058456,0.2702777880012875,0.26711831913814615,0.318304143427292,0.3103522144684718,0.2634273167421329,0.3472876311265811,0.30578858832560557,0.29311285107935797,0.3335881308075799,0.4161609679524086,0.36967635278680044,0.3415144728327933,0.2978678890697799,0.28446044102479645,0.2653081864899193,0.2621489123581714,0.25049079883786063,0.3064411990443518,0.2295118264599549,0.24891906972837086,0.43179781979238524,0.333044101487542,0.2582117403396545,0.34977468790044736,0.37934878677941986,0.30939371325546644,0.3823095427879886,0.268353359263563,0.36964237558099655,0.36232301764342734,0.3943416145051542,0.3238432852505205,0.2676747291602074,0.44878388809678676,0.29636022855935984,0.2734807854614229,0.2896494500147144,0.37047245794505085,0.29379210657558785,0.34469175297157084,0.27283056664708155,0.2995502375470239,0.24598263348319296,0.387217992518118,0.28027502101170754,0.23251347639910303,0.27779771538648174,0.29177791219383375,0.24666079096005006,0.24325939724960705,0.3946977353259143,0.316978298072268,0.30562019726810397,0.29406082663847216,0.2984118453423026,0.27596331632657445,0.27654312432189765,0.22219743697773847,0.29510616889914726,0.3681769599412783,0.2997980140565347,0.2948663181337109,0.32512910625647645,0.43605895027140285,0.2538621343996596,0.2921127542228031,0.28812826998226343,0.2558007505034089,0.35500153210918084,0.34378652673679216,0.2827264952406553,0.2941486358355384,0.38613972578541533,0.2767508177809667,0.2760062889641072,0.2672677989707683,0.35215588856944874,0.3443302025694756,0.36359306874832176,0.26829031798471814,0.30624320517364584,0.3783634231232089,0.35998100031576685,0.31601165315615853,0.3344647897099009,0.3835514660685505,0.2376083126802705,0.29933955602745443,0.21347031374953102,0.39883556079367155,0.2872368402301179,0.286593715622175,0.2934872153715194,0.28193911514002595,0.39134740420498,0.26474814365405386,0.2765461206127043,0.3826998588137215,0.30098030194821335,0.22810545603127733,0.36505076057398167,0.30611560825495515,0.3612691673128072
0.2601487590078609,0.34251380744125914,0.36125600527058355,0.27147896982644576,0.21239575702186453,0.30552956991429814,0.25557134062475834,0.3639318416777687,0.24882885981927538,0.0,0.2582017112123094,0.25683032409162526,0.3214823827739556,0.28022998179557174,0.2448037492955976,0.3175085799028668,0.307909996730273,0.2805649830619558,0.266332844403055,0.23556847033183145,0.2700662372764685,0.25638349348531614,0.28094197850958147,0.22157560413939797,0.3847871452164511,0.24683334608245003,0.2689509720108921,0.29559942845959414,0.3691913758693552,0.26602725141462985,0.29222142783848976,0.348700058525335,0.25225240280509686,0.24565090305902657,0.239657772551076,0.25052484583360035,0.2909239367741598,0.2863041878369841,0.21684645861346497,0.2987607869879765,0.24231861020626266,0.29029487015165456,0.26247279434902876,0.23683212854554636,0.2942106174552501,0.25372571678017686,0.245177681071771,0.25021292309752635,0.30274068457731446,0.22366942274176513,0.27891653293083757,0.23734321580633924,0.20573111662616073,0.2670523708798263,0.29926330455337863,0.32166828741422654,0.2473048281015261,0.27862125433341295,0.30638624722959706,0.2442955556304889,0.31344497317393877,0.23568548432399472,0.24496000358955605,0.21931506211309484,0.20873816623093996,0.23922716027286425,0.2610756041049289,0.27154366022615845,0.30473508703914165,0.38695304953500487,0.2501550577394672,0.2590818737889338,0.24296969294962362,0.3233520257992795,0.31147759585403634,0.24757664520512923,0.26904262885699226,0.28456348567673245,0.25258054770116817,0.26972105980358685,0.3107701678758267,0.2391229971532865,0.3380553893962403,0.3140231794900002,0.274813221068295,0.2990216502469766,0.3021089821649273,0.28421450692476574,0.32433367770211646,0.2401149573899237,0.2512267340694862,0.24521487219363228,0.275910359094358,0.21420219072402305,0.2721580985895616,0.2970547171988526,0.20562600665234881,0.2869816089330774,0.21686297760721499,0.31703211433717055,0.24334843011407262,0.3073166559070158,0.2488732160563855,0.32339721030245394,0.2550510424494443,0.27216657761965324,0.27864888286449724,0.37326295483032734,0.27222121144197614,0.26665191540028244,0.23780410541805427,0.22879562033479958,0.3063606130724887,0.3068126949647895,0.2488377355874793,0.30164816591144544,0.30326983994748447,0.2942871864588782,0.29110630762399203,0.2689452793748571,0.21073806684000473,0.29128345881692613,0.2288134163536094,0.3102973731327287,0.21982608670215945,0.37302889422512797,0.2562241674991933,0.2510310350591651,0.3358772687195055,0.26808745860254546,0.37910655536993926,0.29660234652185263,0.2623687122166355,0.21351271343245098,0.22437473692080226,0.19986412006357254,0.24632404353726559,0.2572924080139754,0.2950247576561759,0.2904893264300537,0.2649648434161455,0.2944772081954977,0.27404987137706505,0.23749985044886568,0.27608850211031616,0.26026944855595535,0.22648920785907803,0.3352285177427004,0.4259421614308467,0.23698507770363744,0.23789357426002639,0.3145436681657986,0.2130099406911344,0.30380712168107316,0.3204753586642252,0.2849559023575747,0.2425993858823989,0.35549977517039766,0.24533352960535904,0.3216447360924359,0.3416337602213323,0.3080471408428106,0.2894852624175282,0.22859901903821395
0.3263935857361674,0.32905193456006016,0.3031791159573504,0.2903770501995096,0.29428478385231027,0.2943021125408721,0.33647069256145806,0.29818610868580164,0.27218855628716787,0.2582017112123094,0.0,0.4044701466308691,0.309788770584608,0.2605036884813966,0.2694189373774129,0.34086930969015844,0.31003320804991924,0.2785491345657529,0.31228891167884354,0.28292149953974643,0.34439872497920626,0.36163605383667446,0.3001115490546694,0.33898246808374427,0.3685879126284091,0.29915459081004364,0.2783611470645371,0.27437299757726585,0.2958307301109564,0.2996815653797338,0.2840684715737889,0.3194210529980471,0.2811909356266649,0.2887811290147316,0.2803406749403891,0.33202108836134836,0.37791695444134515,0.3019456873587244,0.33539865160208315,0.34815901486444456,0.287283901701095,0.3693599696651486,0.27700066538289286,0.34918289132561414,0.3163454321263928,0.2490065574071675,0.2287656518506001,0.3901843899212021,0.35441151295346623,0.26054501667165125,0.34439080213714984,0.2542541291337801,0.21151336941691978,0.34039907830758837,0.38048474191749204,0.26188073284287333,0.3028102688830804,0.3995048982845507,0.31431035180662287,0.2640917114436308,0.27996612693911294,0.19874745529278498,0.2885512062662438,0.2606336566579969,0.21365782629089844,0.23895390099759792,0.3254580845673109,0.28057991096947993,0.269702184980049,0.31685348355164045,0.30251635333909865,0.22930996538956508,0.318972064360145,0.3306492374821367,0.27858813630747514,0.23059931934051617,0.3546236444522981,0.3142775709597088,0.236767353804857,0.22545181811668735,0.26452351192149015,0.26658131176858885,0.30755955609974206,0.247601979331757,0.28752556672860824,0.3033351444144001,0.3327545128521991,0.25278793858403503,0.2239363943374565,0.30209121312580217,0.36727399124567817,0.2670639632136644,0.3324200815675543,0.25903429459820004,0.2990003428554025,0.30968294317543993,0.2177085311365468,0.26526118907603324,0.23132502895275042,0.2509368894943525,0.26547027506666604,0.3206469185003645,0.2674864960198355,0.24351459226432828,0.27941714956304015,0.24317143008199413,0.23980923376783345,0.3051349370530819,0.2665706923193705,0.40634551174679046,0.427238966784472,0.2994616651851827,0.28984994382476337,0.2634986908219025,0.24436075559990922,0.28415323685674543,0.2524568728933173,0.28733940639042854,0.318862539167674,0.2342360513468009,0.27831662182157174,0.22625820519248027,0.2946297027512081,0.341775005700526,0.24413949357927114,0.320996991360302,0.2158900827850276,0.3390495700315619,0.2909491672209384,0.2424751725580727,0.24529118229412689,0.2879368280937927,0.2609670607200083,0.3000764386337813,0.3303390524452665,0.21973011755038974,0.27108358356445955,0.2648623869241492,0.339094004545693,0.3053438080118679,0.25012451226234333,0.31399454051465087,0.2749111617875423,0.32239433576092585,0.39479745207422007,0.2876528008441953,0.3037676600527638,0.232114730897124,0.29570775021780354,0.23840016142798084,0.34835371121704145,0.2604527244577003,0.319978479359964,0.30203137667512797,0.32768301989177856,0.3386440106228723,0.3209881781432896,0.30855207762903414,0.27187356976760424,0.26425590864084186,0.20951764756969182,0.2964446787049241,0.23081408140790685,0.4254682609408264
0.25604830058971306,0.3481145711655695,0.3024209514994375,0.32345535478947607,0.25287819036294074,0.2885712761608988,0.3592460073304867,0.3000396093525331,0.24309539287326695,0.25683032409162526,0.4044701466308691,0.0,0.25099558478399514,0.2205615382319621,0.2653785321847658,0.2913935850646758,0.2994561756788788,0.23988077042007686,0.35819603909575315,0.25700194003803417,0.35309229626035843,0.3117768332125439,0.2924051894966095,0.3108362513553319,0.32774031418672595,0.28069723817505293,0.26444346433753857,0.25163466464138573,0.2861099718875275,0.27772549856831497,0.2785508296637959,0.2886778011785304,0.3175897335969384,0.30605461586799526,0.24422939737698005,0.32338687518542214,0.3008698415753109,0.27537593096785823,0.38163226189579746,0.32973399989057356,0.3357306082024686,0.3050865661165374,0.2654321786209222,0.3114152614283755,0.3144883678393003,0.25930167911288643,0.2456397091545551,0.30446698406366224,0.3139191448451545,0.27372880952884954,0.3562004065316708,0.28866608335221705,0.21858082707337545,0.3822815314229147,0.41007479737097163,0.2398988423046756,0.3112371438873206,0.3925561913737918,0.27351712610917667,0.2830255661807263,0.2512213594268203,0.19930159185168783,0.2821591812793987,0.24990744027996722,0.21601759085386651,0.23366221375676416,0.26686143712555527,0.23059484819326528,0.2385677904094147,0.2573474504250496,0.25727082007519336,0.21615097330667193,0.2617155205961528,0.31750049098082217,0.26153308751306487,0.2082820843641091,0.3163406736546777,0.3178935196116907,0.24366943145053058,0.19444796604925116,0.2224691687872918,0.276206591373196,0.2761905791759262,0.21181707233049984,0.295218870000227,0.29841608839711403,0.2639072662751489,0.2428786823417878,0.23265253211797712,0.27585970622222583,0.3195139275391939,0.2977572151125161,0.3072800979457733,0.25203424264397895,0.2735633857777179,0.32468073487910454,0.22204131954544049,0.2980326506483257,0.22169679983808885,0.2551804704304919,0.22591681299192662,0.3006462775597383,0.29095558903106933,0.29818765181744256,0.2627773283207451,0.25338550490393985,0.27016406753096467,0.2642781116791723,0.2761530087676115,0.36180457505355273,0.4823546471414968,0.30362881111078793,0.2413739937098523,0.2480302376987015,0.24347473897952704,0.28088378490256494,0.24569872629964232,0.28729340275844656,0.32652428661272176,0.21893899635721933,0.25345219550829245,0.23630898918705723,0.26036416113839134,0.30206789855171606,0.2027656725904524,0.35610952764759807,0.22816532252350522,0.34876912746937233,0.3283617826001358,0.2326519032904683,0.22792137868491052,0.267091187783421,0.21474655177390212,0.2841653071130341,0.282959747343062,0.1886309539791878,0.24543707409497362,0.2647446475402655,0.29988061424726414,0.2869168641714389,0.22166605861975586,0.26943159307469666,0.3059962574004141,0.31781706561873235,0.32535782562425763,0.3152250988102706,0.3274329080784579,0.22754651622911032,0.3081152000567776,0.23239492687370805,0.2939299169214033,0.25934311660734866,0.2983704372578272,0.3043040549879504,0.36500763404210657,0.2629069960820506,0.2691611275608666,0.2879199605358189,0.23997367378621282,0.24246242274646518,0.19234131151645875,0.24430501889740927,0.22304198684155763,0.3028397036187612
