0,1,2,3,4,5,6,7,8,9,10,11,12,13,14,15,16,17,18,19,20,21,22,23,24,25,26,27,28,29,30,31,32,33,34,35,36,37,38,39,40,41,42,43,44,45,46,47,48,49,50,51,52,53,54,55,56,57,58,59,60,61,62,63,64,65,66,67,68,69,70,71,72,73,74,75,76,77,78,79,80,81,82,83,84,85,86,87,88,89,90,91,92,93,94,95,96,97,98,99,100,101,102,103,104,105,106,107,108,109,110,111,112,113,114,115,116,117,118,119,120,121,122,123,124,125,126,127,128,129,130,131,132,133,134,135,136,137,138,139,140,141,142,143,144,145,146,147,148,149,150,151,152,153,154,155,156,157,158,159,160,161,162,163
0.0,0.2871774030889045,0.29792356659352226,0.28001177944784533,0.31569557106147617,0.2921934159954963,0.25830245014229425,0.29552153750818766,0.3198108225910948,0.3005849607626798,0.2948067614910656,0.25698318420473965,0.433508005042621,0.25617009430468635,0.31011150279790894,0.3339524617846718,0.35374062837858083,0.45535222693680977,0.2908297819939979,0.40683830376818025,0.32326005843139044,0.30425623564964727,0.30418741885735984,0.27675860672349084,0.3527935332450476,0.24967775972827916,0.2781452069171419,0.3114614410847754,0.22936284329126574,0.27122216073657107,0.29789480015318964,0.3268368141219804,0.26450555643133933,0.2516796501968804,0.3587675835686117,0.2526724353873414,0.3803348374071829,0.31258508120304784,0.22730217422140556,0.3769189266971162,0.26051961984527866,0.29962789290404646,0.31351481063952064,0.28349764469550953,0.29962606894004057,0.38646515975326806,0.2668070377665808,0.2900057039180802,0.34101133724791294,0.3553997830465821,0.3549090805427491,0.3281033833128269,0.26733927823892,0.2711417296874827,0.2478611979731736,0.26759151542274956,0.43050015311696344,0.31124874608088615,0.2871925741085584,0.3382980770430035,0.2772692420759619,0.22526808245344537,0.3207044900845963,0.22147034133309362,0.2860772175600832,0.3080247115597376,0.2905902208743955,0.2936960918458073,0.2699620747072602,0.33226608047454365,0.3769767741062413,0.2907300038805846,0.29373780195573734,0.35400108164876565,0.3171173681561701,0.2922761449503985,0.24884606800258405,0.28649406913992825,0.27777672508623513,0.23253768344834355,0.26456073773420585,0.34604561362716674,0.297746367710701,0.26828180633880877,0.32464827202488833,0.3452317301945368,0.30023267030874806,0.332174267716668,0.3632312368507162,0.23254301734691923,0.38690192633378767,0.28166061368431333,0.3340144954771702,0.3003646240058,0.32290876253944806,0.24619779561265648,0.20783056528259652,0.26129517113785605,0.21702725549532761,0.3475959177872347,0.2333276532087693,0.24297708983629085,0.25653294021313583,0.24124387530381725,0.34724559996763177,0.3465591528578254,0.2990321593955695,0.3210759283452431,0.337941297984273,0.29271444184830625,0.2776365600424451,0.318345427378975,0.3185877324955999,0.2760706709616919,0.30063685886482977,0.3578535960157801,0.3249481699360754,0.29193913872584615,0.24674684777755468,0.2519983433864705,0.30078959898581276,0.2415590168407405,0.2963494003634435,0.36625432776836425,0.26519489599580065,0.25923795615603207,0.23886293389794336,0.22869296370080983,0.24079971200943245,0.321583084168433,0.25096255175172727,0.29877739129092346,0.2472375475221208,0.2682472113334991,0.26052965989801785,0.25393252781009207,0.27430258630609505,0.32761089598186055,0.31177998214033753,0.32548482335610524,0.23610507227482433,0.26031387519103816,0.3716730072131807,0.2693546513708999,0.2792215754268417,0.2919205484799856,0.284086041497841,0.2695703201266339,0.3361777344029537,0.1641844591113289,0.3458636259420181,0.27105159130012,0.32114795796784146,0.236002527856404,0.2956293102766093,0.3096950311124137,0.30673628818738086,0.3038589115631819,0.27611541449013527,0.2910623815793921,0.24264244334843615,0.32117518367940806,0.22962033852882266,0.38574504418887895
0.2871774030889045,0.0,0.27945440802213123,0.2599953907697362,0.25184317448167803,0.4253903814428874,0.2549744247059973,0.3688688875148819,0.27187579718688015,0.3827108568810289,0.2574728087697558,0.31406647648803665,0.30739452041707005,0.25406264383166177,0.29798397177403046,0.2812574022542655,0.2793343826063172,0.24609831541745705,0.28564093127995815,0.3045148529311114,0.28791438180613804,0.3149343431973582,0.2571658521995697,0.2834787910113945,0.3308820500365625,0.2121675992859005,0.24548430605476107,0.24732494846088457,0.3258435564602438,0.23311241012725817,0.3513061381773465,0.3014404422389477,0.32673966699357393,0.2304431801943595,0.305579242393327,0.27617874684421745,0.285660691399516,0.2778418311079934,0.26693664093320746,0.29073561596722114,0.3173021622484204,0.27490794341072855,0.2226515109686287,0.2665231416466388,0.31803576744251627,0.2567714812459029,0.27837260133525077,0.26165359611431,0.26782413516897224,0.27757694858461207,0.2698228325807549,0.2744483249524566,0.2822178686300169,0.31763877343561436,0.2791396964040212,0.3373933434128697,0.2801604245870746,0.28356272178820346,0.26511246585539305,0.29550019003326505,0.31515974157708293,0.20108620247804512,0.23380199102745827,0.21134431499871428,0.226369429520756,0.21664271845693586,0.25575395430534675,0.25179500374324826,0.20810460272036238,0.27624391019591027,0.2650458860170789,0.27623952792658163,0.22164741368526014,0.28313668716587936,0.29648604033475395,0.24853356295457435,0.2200765480019981,0.325611615088023,0.23252044487427392,0.2425609969944284,0.261824607442413,0.27283780586472955,0.3525175545532247,0.2602939893178166,0.2602949997689627,0.3726233792195705,0.26190125990947777,0.24085412123445044,0.28744326953450294,0.27793395135886423,0.24371903658864205,0.3015336095935812,0.3223364634031125,0.2554655191849807,0.26860610078614794,0.35089530640585853,0.23720837255480476,0.29725725858553,0.2064823266747994,0.29145605318921886,0.25428324337658237,0.20920569663525965,0.19418049322858205,0.2690084994026983,0.26402974747569263,0.2779182314651115,0.25074237769498753,0.33290736250233594,0.29317496497856305,0.34205562641089376,0.2391188310216011,0.2420099389086293,0.283516753857914,0.24832607528019823,0.2700478925154469,0.37272286753736694,0.2959776709372546,0.22427276790076156,0.2570478948331089,0.23398244381686453,0.2758012085044833,0.24602146582847345,0.27874971144403493,0.32006608769123224,0.2811248171459833,0.32914144125129396,0.23648400312253412,0.2785728636710266,0.30536984643358034,0.2623259772068965,0.2980310694985518,0.26730973249074724,0.23685142689878594,0.27819931338115517,0.2692811097289627,0.23650783699685532,0.2887554318570768,0.3012442179088858,0.277491374064022,0.2693456007192084,0.2500609813739168,0.2707783604640196,0.35161993476566067,0.2580968821787487,0.28596412346168115,0.23825306312324349,0.3302013665847044,0.28019104456789373,0.3609764050197373,0.1792566343012322,0.24902667903252973,0.2952327674712719,0.2411825299205295,0.28290430425660473,0.2866952580509462,0.2846700518161642,0.27455513302082135,0.326605472406606,0.26856420581666807,0.23857384138235116,0.2428917908677465,0.34015223968647595,0.22726735068499299,0.26217505607138963
0.29792356659352226,0.27945440802213123,0.0,0.24493070299310868,0.30155010623330336,0.2972545414506851,0.2272599719944997,0.2850920028013858,0.2473222918653877,0.3562484371629064,0.29959843389287166,0.251717763596234,0.3208966143214257,0.2226377657586121,0.2668805895000401,0.3269799914669144,0.29574788578377065,0.2857662491912949,0.24370883667536677,0.2536006959360482,0.31660751110867663,0.4244233859061095,0.2399515095235235,0.2541567744149122,0.30042861859190295,0.2276546547548413,0.2375153647689044,0.2438171296757357,0.23575481572496837,0.23176674101724906,0.23523026547405426,0.27085496548985316,0.23026075875166538,0.19353312620177465,0.23745602379364084,0.24291158597186135,0.29411614685042764,0.26142013718469537,0.21975898016737785,0.27136632822351425,0.23542641799435485,0.30077183864246027,0.2513003650936705,0.23749745057264915,0.2662675373004661,0.24504675288062097,0.23294588073569847,0.27941585888865456,0.2574302671419127,0.2571504560455842,0.26603341364189553,0.25274805346208706,0.19609861466852144,0.2738651214835568,0.24145644119030574,0.22991773440403265,0.24332641088820237,0.29816166020657814,0.2438457083992552,0.2321821958519375,0.2544415378531043,0.188582910064501,0.26167198894406707,0.2055488644970905,0.21744696969713034,0.2245907397487096,0.2383736746780295,0.2924616890268427,0.2748896568555075,0.3100685273871987,0.2898450677998484,0.20483985820589515,0.24037244141101133,0.3401890033190361,0.2813418474182505,0.1888046279703361,0.23627884569765395,0.2563584692560804,0.20391918487064498,0.18162268257883715,0.24489863613545937,0.28776037357659484,0.2646074426053221,0.23615923683895151,0.23116936113791017,0.2984428715781828,0.23967307077171487,0.21835928806780677,0.23390874584614643,0.20002452901412082,0.28550053163082484,0.21600632364040614,0.26022764276602445,0.19216223054043371,0.2529566592919536,0.25803998002749673,0.19485119375468998,0.2381947063471177,0.1803725583980287,0.23424259179222526,0.18468899873364922,0.23672238833665166,0.20082292114157138,0.27604724780946094,0.24294171386859417,0.27875536580455845,0.2455239966956101,0.28227582370318766,0.2477025189113582,0.29909132732292587,0.23651074417228088,0.22493533638232327,0.2524994228917679,0.23101269810868655,0.20487476474683528,0.27843801206917135,0.20745560057708543,0.2904845228093761,0.2669932662132199,0.21855211929975843,0.23664858846487674,0.21046658711549796,0.22062428479346674,0.2590861135831635,0.20011618247617619,0.2626357697345512,0.21097026311195985,0.22601994194133723,0.2500527108794277,0.25274895892540766,0.2381908119594776,0.33893075649596155,0.19035947880642648,0.20850812726937218,0.27350866860666034,0.20435810767938087,0.20447676744266619,0.23296242217679825,0.2884844804916566,0.2524085330926084,0.2136493517477349,0.2371837728141164,0.2616190623454467,0.262056994472826,0.24209614294810147,0.20950552937214145,0.288957647966675,0.24052783009660053,0.33810330732012045,0.17005950867513575,0.217868029695862,0.19844109644664132,0.2618127733827558,0.27453349113408276,0.27458337087937423,0.27061317070822016,0.2868495944998671,0.2868079974899276,0.19377652560469374,0.21308582458731365,0.24314043593798185,0.20833482105426193,0.21565168161272547,0.281776342206266
0.28001177944784533,0.2599953907697362,0.24493070299310868,0.0,0.2679758757725163,0.26977987762322697,0.28737035379278575,0.2572774135440279,0.22399703555963338,0.26509558068680883,0.3108760575742235,0.2585506585060211,0.2782652787586836,0.24145800370370693,0.3008825153943638,0.25836186055292376,0.27951820204524347,0.26928519306968285,0.2755466831861886,0.25894866623364843,0.3357655022983578,0.26079969282237164,0.2662900850950195,0.2545190453488538,0.30290908771622266,0.27862848493610753,0.24783130063518782,0.254966969526408,0.24496029730743074,0.19648055719235516,0.2648483310019936,0.25635943636733455,0.35460848979264237,0.23844309260258337,0.2865754220082935,0.2822475824531766,0.31614011909062795,0.2701372442902649,0.2692683469556589,0.3382581893603074,0.2895210177175518,0.25401135732718666,0.2699522847224628,0.3354153633946323,0.26338047084949084,0.2789102496815146,0.19121463868584862,0.31611865765270286,0.29505972013709497,0.27997273793135535,0.3839443762559909,0.30338031915264907,0.24948367252724224,0.39306620687034605,0.29546918531147903,0.23565482230578091,0.32420017965344305,0.28138324370771545,0.28789815126843893,0.29281767782632695,0.33401738264969566,0.21387608276786602,0.29246928172477443,0.19962760238692132,0.26737048168498256,0.2849376642061138,0.33987236626597506,0.24383181896528722,0.23562630581757904,0.2721100862039913,0.29265318986099015,0.2582191478530527,0.2660327776257977,0.3925692682973107,0.2628328630400079,0.22978226607233787,0.3254007552345457,0.30445994187246245,0.24516921221467083,0.21956518988713128,0.26532782060704985,0.34103759847154086,0.2512204430623367,0.24419181174602578,0.32329790903261874,0.2593411581298191,0.33383059241912366,0.3054186789005236,0.26327560712432374,0.22212392390081126,0.31574395352960755,0.2731914291156853,0.2803381156539452,0.2546361216481735,0.3194305091550124,0.26029623435673427,0.2190542371969459,0.2544633721964082,0.21206594880722238,0.27486826421353006,0.25627015993788727,0.2766937394311148,0.31606752480783556,0.24371412025930755,0.2781946081159825,0.2517708564785899,0.28966622784611445,0.251441921061429,0.275037948869883,0.27001915665749154,0.3396253644635056,0.29249357997190195,0.35617818182303407,0.2931313692136513,0.26715144524856127,0.24308997878210872,0.2740491064325849,0.23013364312351223,0.2963631477315767,0.2459515675162077,0.27741897507390045,0.3039390105662307,0.2742528770165408,0.30504784075087615,0.2506732351812514,0.2631313203015905,0.2477000003541203,0.23287029736012904,0.273537520807799,0.3012573413719008,0.19364879030064802,0.29128843423631984,0.27400110329756916,0.27927931832334957,0.3023918183689231,0.23489588850868245,0.19172393323964979,0.2996078225678929,0.29631446098022524,0.30817884957840175,0.33680443744926647,0.25117493305506283,0.34032738528716533,0.28789773565899357,0.30031169251398754,0.24180356041802345,0.2680830378738032,0.2512444244266709,0.24388268283098327,0.15767091965964608,0.3410090496261699,0.2757050885639516,0.2897918336728553,0.21960727353959206,0.2977851585622005,0.29741169421650987,0.2707361456549989,0.2976541400748383,0.3782331225222566,0.2706422227748099,0.2607687637954634,0.2827427248639719,0.27483923938145455,0.30347652970688044
0.31569557106147617,0.25184317448167803,0.30155010623330336,0.2679758757725163,0.0,0.2395154980918108,0.29549331723110256,0.23135895017148125,0.25815307188224096,0.2818865268333999,0.3242649421359754,0.22908392933373367,0.2715871098211796,0.24879929990189853,0.27612337187517405,0.288692853440326,0.30044089827257514,0.32646648110836185,0.23251541941957993,0.26505857679902856,0.319221167992267,0.3301468147856815,0.301797381767059,0.27019935935285905,0.2898829003129292,0.2448216454032812,0.25844482269408237,0.24645346288972697,0.22314356640597446,0.24320856462270088,0.2479317800864572,0.23730375339201148,0.23167486916298236,0.2200250235427687,0.32189532707327745,0.24158236774721392,0.3029955153642075,0.26242285784555663,0.2312189486617187,0.29413850165011796,0.23470879888235383,0.38198120140398595,0.25908774034128723,0.29101056623712934,0.23150715889952264,0.23610876351379526,0.22886719387958548,0.29489210121196185,0.3210143184738308,0.25925413332988345,0.2761909373088892,0.24614144753655023,0.21735292009836285,0.25319615291038533,0.2328741110942999,0.23627317988305757,0.24743684450311001,0.31989645974319464,0.26074314319833247,0.2301882179551746,0.22009778735348373,0.18095243275231063,0.2425081033060434,0.22488125947743123,0.24458596803360638,0.20972304223822277,0.26043803476323163,0.2658152445279684,0.2458341305405833,0.31318593280198065,0.2785571724309941,0.23852825948285597,0.2560429897241428,0.2962020445677611,0.24721013590582033,0.2090334601605638,0.24996922779546818,0.3661423281196063,0.19997088291250853,0.20295960612639125,0.24763866900166065,0.30311407085021275,0.2724961574960267,0.20676817518859367,0.2544723175013937,0.2480183118206418,0.27646862468926875,0.23511640679481488,0.22316139488524497,0.20968287421190662,0.38587457063269576,0.26698936057268846,0.27829362695992704,0.19958083211808667,0.28878304674829286,0.2357777794733518,0.17450733645323385,0.237428307570677,0.21769587915245142,0.2280286260350375,0.213939001984125,0.2239350383326225,0.23429884668787404,0.22369084969828387,0.23729349231045277,0.24437800785076175,0.21817782931886662,0.3135448469695682,0.2714994681646424,0.2818113663200302,0.2791229169494864,0.27398718617503653,0.2576914998482624,0.288452659881077,0.21043683625476522,0.2682466192409992,0.2321096084010545,0.2619867335238068,0.24496563090882498,0.26349675436596154,0.30821333320690164,0.21641526639466335,0.24357651622223578,0.29500804767456634,0.24477798164221895,0.22083125017089783,0.20869936203049055,0.22035387863614386,0.2230657042393848,0.2528700896825114,0.23505968017045814,0.2708615465366848,0.20433913722100494,0.25597029226462287,0.2587039125338073,0.23544977242171528,0.20700542239176883,0.29547427680055444,0.2908993028951652,0.27419381602734244,0.21391867604115813,0.2653197601113148,0.30278800012586526,0.2690771422633482,0.28732901611042827,0.2474886549882845,0.2740036252012447,0.24194999123055702,0.2643600449719774,0.1715482549986293,0.24881930423735038,0.22828812274632845,0.2962356937921925,0.23842852921831378,0.2857733396162206,0.28369455264175003,0.25254418569343245,0.28926243382872263,0.24366246821128382,0.2271783336219298,0.2340861061128467,0.25116983927164904,0.24296876679307186,0.3944297683796185
0.2921934159954963,0.4253903814428874,0.2972545414506851,0.26977987762322697,0.2395154980918108,0.0,0.23327486339625342,0.3465771830200416,0.2664674504536162,0.293305367280819,0.2638625614451612,0.3133159640817234,0.3372763785392608,0.22329821624199314,0.305129647004898,0.31838631679068485,0.2788820561126186,0.228910925442827,0.29457981327362626,0.29899168823204925,0.2997931833650586,0.30473569647575804,0.21341451349316182,0.23840895700269976,0.3139997557455263,0.21970225788889763,0.23094409608630267,0.23876713299952046,0.27309951460174886,0.2320078214178401,0.33780478981016415,0.35692639739525694,0.35748762002287227,0.2280634419878011,0.27787394688964673,0.26879963818482705,0.29017179055973535,0.2787555445129265,0.25809732344922864,0.24741856145701305,0.29924143505951506,0.25635188051691465,0.24309974622869937,0.2899222542883239,0.2956157133402069,0.2565467920464428,0.25223957716428874,0.2652528296432461,0.22804816195986174,0.29648753591693106,0.2798413780572435,0.3162165715936415,0.2493879257249283,0.324026108597217,0.26858327409712895,0.2974432165967584,0.28293918316899547,0.3541077495858611,0.22228284678960428,0.2738069335199995,0.32279579908490696,0.22812451980323406,0.2824340774914815,0.19384964299631133,0.2220346728516664,0.22739290655464275,0.24679193092672178,0.2689632621031831,0.21039207310269534,0.2793639807022215,0.28836429736100705,0.23472717476309615,0.2286143394967934,0.2894443887641517,0.33591915383569126,0.23079532748104067,0.2319935918990288,0.2868405889877808,0.2356720231709831,0.24729013130236865,0.27960972608109114,0.2832025511811074,0.3023778408256873,0.28490674623539153,0.2590208130643813,0.3384937559050522,0.28264865783652876,0.24467843901608494,0.3102981204193538,0.24907176564560868,0.2640890220515328,0.30981358962763694,0.31381296103578965,0.23981930545156097,0.24351984466870424,0.33725349654716474,0.25795309934572996,0.3044506270347691,0.19713679716467494,0.2827074874085555,0.23063217303467198,0.21890581044213156,0.21061966402038312,0.2551251539192708,0.2956774241206766,0.32209506007987776,0.281333337062834,0.2823685341687213,0.2612000521143516,0.278852293107067,0.25212127200648426,0.23374172340282878,0.30932864456832104,0.2603378224216825,0.2640371805916329,0.3186747877786475,0.2836189013589791,0.21839931015614716,0.2777098623412113,0.23799300728502043,0.2626618944163998,0.27183997740252436,0.2618777747200162,0.3118003218322955,0.25914445266643027,0.32794518941494744,0.24702161909980136,0.2597231086013176,0.2841247782366623,0.24912764866947684,0.27714907988879744,0.3369516404167963,0.2406291404864063,0.27443166674697494,0.2632319066046062,0.2247085657155359,0.260055048121939,0.25768432783653833,0.2534984951526968,0.26655203828423246,0.26417375684667654,0.2759857477390639,0.29352342116453894,0.26410703964528276,0.2777665240158808,0.23604397850863104,0.33093024481172306,0.28156623958131216,0.3151813527268033,0.17637930435508653,0.2515198562091316,0.2680491265067302,0.22731401170573778,0.23813884348496228,0.31499816590450946,0.27577836423752505,0.26676502751158926,0.33248788253723693,0.2414806854838443,0.2514361033298571,0.22224803681134048,0.2971294620291547,0.21580748710216802,0.2527052089740872
0.25830245014229425,0.2549744247059973,0.2272599719944997,0.28737035379278575,0.29549331723110256,0.23327486339625342,0.0,0.21389355903487597,0.2079813415610722,0.27394358936697444,0.2476877062604004,0.26948309190733316,0.2569422348389043,0.21722108461937764,0.32520524413563534,0.21604638695595793,0.22305936665670134,0.24015656435199115,0.2523419552996829,0.2166377440192927,0.26627204876262767,0.26006755791232916,0.35585633943916317,0.3139950003834668,0.30644868087722793,0.24196276070542871,0.23575034061087985,0.22062887916415333,0.2192873697092672,0.21858271693186218,0.26448412762774504,0.24925930471879829,0.263848169077897,0.2672508251647321,0.24212633076625084,0.21763057143444273,0.3267239819895745,0.19947854596385237,0.23802571347393,0.31654902966327386,0.24744764917184084,0.2735981641116146,0.24693138219697702,0.2835971703624784,0.2641747756296119,0.24795139638204036,0.2517636557120056,0.2588880016562407,0.3800662771117636,0.21686589587167765,0.2973844610221673,0.2284598890884501,0.1980849897271964,0.27624563446384715,0.2588039823138287,0.24894972359170695,0.23053135132060718,0.2341149098058429,0.2842659535541762,0.22412080584809388,0.21761277761690248,0.18374336166336097,0.19883578342330627,0.19500235681642636,0.22997841503212138,0.2070975718191271,0.29874496741268863,0.3061183736831437,0.2045592244788395,0.23227717411864474,0.2681493996725454,0.21431879385546812,0.21268126364562154,0.29493765579457365,0.18376800373288033,0.24009836669141657,0.31400648906008993,0.3204367628612171,0.19300198392520557,0.21168383532387125,0.23523874959892266,0.2791929578183527,0.2641401134489984,0.17602778652784717,0.22220611585558792,0.22785694521106423,0.241259643431418,0.25115406930258993,0.24055913801635118,0.22066376266870238,0.26440130360162484,0.32580019737216565,0.2442275936054234,0.22398454259511766,0.2489306922815384,0.27971034752697915,0.1742418253132346,0.27500742173640397,0.19431685327613707,0.2675440847552428,0.22934841072182843,0.24235134894016241,0.27260033330746586,0.24542220460977585,0.19653227988725913,0.23742817444158595,0.21476684551546088,0.2518115073772107,0.285826099926523,0.3153032540203021,0.3593761015065255,0.22641051654676864,0.2536491205232516,0.20578486339367388,0.19733485469222556,0.22477854968558533,0.23497168653335831,0.25519379312786655,0.24242044571759375,0.1984298208585431,0.22706559426003967,0.21187035038463434,0.22141516482362933,0.32426225980726364,0.21438510900925514,0.2525706674060606,0.20295787734539367,0.23993574406173002,0.21086064732305976,0.24451453888132751,0.18839889188547054,0.20282738629319016,0.19724426115474222,0.20805056411769998,0.2371546487996375,0.2277695510817635,0.21876078806225524,0.2775095447436189,0.2502679105552733,0.2806780427686824,0.2399211628402452,0.21262611398155068,0.29534700532545555,0.22041957489814898,0.26283413548730716,0.2857106857893782,0.2516434258107715,0.25503461147232215,0.2380867009942916,0.13844505081613714,0.2587517100730497,0.23539278149663137,0.23102408508430175,0.2836984984746561,0.3050060633759171,0.2944617166002307,0.2828036907575716,0.3134049717991052,0.27933397815591327,0.251371470993437,0.23953423715262057,0.2319583419842511,0.2482946953179066,0.2682864223124866
0.29552153750818766,0.3688688875148819,0.2850920028013858,0.2572774135440279,0.23135895017148125,0.3465771830200416,0.21389355903487597,0.0,0.30176546713085595,0.30699064530664616,0.2591868391052614,0.3031802356367482,0.34144679238206127,0.21649853248039505,0.2751564435851402,0.308179613496034,0.28164138004824063,0.2441887933114718,0.2711148940191454,0.3059985629786054,0.30344729545245264,0.27282124383015705,0.2363167493364711,0.2565445011607745,0.32159350660859143,0.23389089080675343,0.26233892541963544,0.2586134527689507,0.22384208246948115,0.24845126157789443,0.3714827396545532,0.2879664425636838,0.2871214869727481,0.22349607515138264,0.27172953370142067,0.26624249915446313,0.3342591745850708,0.2992518620266772,0.2642427899384481,0.27322714062669157,0.2790473274748588,0.25962286336360507,0.25912351424626506,0.26379587158135875,0.3484350863421197,0.27272229612193166,0.24392953617235064,0.26847077448962264,0.2570358232638227,0.2740046246116014,0.26704593300147356,0.2620411759646127,0.2278409855257721,0.2720558726284082,0.24458904885330368,0.28094616994433974,0.27767764445470605,0.35600566501826897,0.24139432917599196,0.262074630872618,0.3860645952203118,0.19675386548179336,0.2716834107273681,0.20028516054467008,0.21150550790353975,0.23123444591733522,0.2660244610810376,0.26150150774608566,0.23438078212141572,0.3923143310975342,0.27957529163366346,0.24197304736722597,0.23436048638480414,0.30924829161039835,0.3325248073389819,0.22556051261239743,0.2522958771445546,0.2686914631248333,0.2820357996973273,0.20807477419292356,0.2550396231390122,0.2785520324603604,0.3236413519644336,0.2971443931904262,0.2803453003598079,0.40544305416780796,0.3875333205968849,0.2538698326457233,0.30440917778111054,0.26433283747353503,0.2533650879799483,0.2554956043292421,0.26958582589924235,0.23193163877222334,0.25680210582780116,0.312892594842597,0.24573828595047073,0.2788719477965971,0.18524007408657162,0.27695768665930853,0.22501908542023671,0.27244254774148446,0.21394272437367462,0.26409277500349665,0.2829118330165891,0.30677802882681354,0.28147426278132986,0.32805634944383383,0.2701101504868144,0.29401717138399447,0.23156249959977052,0.2520086231790427,0.29611133706788906,0.27099859420314243,0.2521231234611907,0.31983084060583994,0.27935971091491335,0.22152653379201945,0.23847505430578483,0.21824918680973418,0.2515510524430216,0.323382873121406,0.2502008223677782,0.2896411954087253,0.24379588201558944,0.28217096072810266,0.217223125133942,0.2966267169609511,0.26163298075468555,0.26268886115023504,0.29053821509033634,0.3032178902604675,0.2652186228333114,0.24389259123187287,0.2876719472296962,0.21191733441161703,0.2729620515273969,0.26355266422892565,0.2839321422012912,0.3030283707049041,0.24882792957192174,0.23579399004010415,0.3052629411718248,0.2568979001605299,0.2950097688749449,0.2503913766833902,0.3509825446927972,0.2673276594504678,0.3432967709054243,0.16859030157563143,0.29643685685404153,0.25654609120838023,0.24484420139624116,0.255691949500342,0.3210096659392384,0.3250938606983147,0.27813895401712685,0.3433372765671799,0.2308983375091914,0.22868282353366365,0.22771477026139963,0.2874207874595877,0.229384856110733,0.26262958670544145
0.3198108225910948,0.27187579718688015,0.2473222918653877,0.22399703555963338,0.25815307188224096,0.2664674504536162,0.2079813415610722,0.30176546713085595,0.0,0.2332692030484819,0.23885219584631487,0.24729381688742325,0.2617531828054155,0.24799372271587403,0.238584117290698,0.26295976784679204,0.256530047519588,0.27283265319460587,0.21838431247832812,0.2780933132191057,0.24119935086306918,0.3154575112249553,0.21658948990720778,0.21715428532987124,0.25081963381337335,0.2084687133482452,0.27267397091568024,0.2432395433478977,0.20030949160096564,0.3357606199373366,0.2928185178977533,0.23481572764943714,0.23644898975810041,0.18814417372358488,0.26475283606856487,0.21533075945319022,0.25968726481359344,0.3162769008547688,0.22316867402034388,0.23560583344143762,0.22339544761758975,0.3235200961563009,0.21177817816507677,0.23024883427329568,0.24401702525382063,0.23826715873527074,0.2241195292349693,0.21380115201046668,0.22248340557771057,0.2503662947787241,0.23354226211058757,0.2307013601771644,0.2354691999692182,0.22601173536352978,0.1985680530627402,0.32246545420967937,0.25996849525261057,0.29328170726912894,0.20874685808716406,0.22066602165033913,0.23629589203752724,0.2067159080199657,0.22878115788088055,0.19876044709189938,0.22462919365053702,0.21161189609084666,0.26239040611039494,0.258255101639272,0.22656269748551172,0.2917661983141678,0.28988900847170684,0.22799163320906246,0.26904124286593856,0.24171119479085632,0.29462170105112534,0.21582175807940535,0.2022620033527884,0.22615528949028024,0.23838161002456615,0.2106400239611326,0.23035301811742667,0.3201673068492006,0.33402515011855405,0.23284671062534634,0.2660412841260332,0.3295945356478916,0.2686731651137253,0.25531992450952057,0.2482492849958871,0.3288061831155338,0.30467172903451,0.26674443000548087,0.23438393892965698,0.21649755405309098,0.2946992556534503,0.28332827223754,0.21857802788608882,0.23443040996152656,0.21837555464918929,0.22545940835638476,0.2229629963077919,0.19372876347820195,0.21486455353172168,0.21479481700479416,0.27022224650870014,0.25383500099274015,0.20980904838627984,0.28350365360317387,0.2253460503216241,0.2291637193349847,0.19464197465083743,0.26528336322185814,0.2725540891423666,0.3235976491808051,0.22218943652616122,0.31220712318354876,0.2328783534940555,0.2085595476413439,0.1935335030461842,0.2588310589312916,0.2656091794007991,0.2576941955977208,0.24117672206420146,0.2580538433074079,0.31172411355571067,0.21561649255172488,0.22972115048597194,0.22166468726717187,0.19890629042130048,0.24861850750991918,0.385847095458081,0.29008618019961596,0.2450657512600005,0.29623208441716176,0.23149047875776296,0.21959008015686468,0.2485276583399507,0.23722453838488297,0.24314366621524275,0.2784627562684522,0.21621571484473157,0.23427437454918412,0.2972564350040935,0.2747985149294613,0.24816553058177282,0.2432358600881312,0.38522103003767505,0.23131684111359102,0.26527730077502665,0.17342516548218376,0.2684543926786624,0.22956050583754675,0.2542903107962377,0.24388011103673948,0.24689991891787483,0.2869011157464044,0.2535223648818879,0.2781831844419838,0.2399691016503328,0.22419716797922631,0.19231267734763546,0.28284102308956394,0.2578925848474162,0.2993741309840385
0.3005849607626798,0.3827108568810289,0.3562484371629064,0.26509558068680883,0.2818865268333999,0.293305367280819,0.27394358936697444,0.30699064530664616,0.2332692030484819,0.0,0.25539810249657396,0.269231138720723,0.30471404621949394,0.22598265107543453,0.2884369275542883,0.26663711217711067,0.2723223231284131,0.28582385128117005,0.2657383292254038,0.26146999878781574,0.28517099033856363,0.29659421694064975,0.30554011707606876,0.2701670002815032,0.3961261002641583,0.20723157246416615,0.24141498281740767,0.2421330761865315,0.2984561507219816,0.22513711149996732,0.28905217788388654,0.2804610323629107,0.23535933109419982,0.21398094604902348,0.2696172155876865,0.2370696773837325,0.31665744205661916,0.2294462640758294,0.2159386325014337,0.3001351355358774,0.23263306254017135,0.29421034352918135,0.2506962297231139,0.2453366108062379,0.2714063332185001,0.25509680762374026,0.24229160638452032,0.2750861368895805,0.3179115962400247,0.23430844502302256,0.27456085406851893,0.2351179421424606,0.21717159069243142,0.27840333811782464,0.26390574026583113,0.2726794678078033,0.2529413440382542,0.25113443368053545,0.289922173028324,0.2468749571778121,0.2747065659075816,0.18334856381375675,0.22311723278455892,0.1944235928697961,0.22828138146067248,0.221351792103496,0.2449079852912691,0.27529584728977186,0.23766095020688963,0.29539097321556723,0.25771440208918445,0.24895232491038388,0.20811377026902245,0.31395128298000186,0.2391363309756904,0.23222239521673826,0.23037169465275492,0.30732142849135935,0.2035642151826317,0.2095432859572845,0.2564738980321808,0.2721340602378193,0.31988551644171104,0.22471446651037288,0.2442391162509623,0.2813559365260745,0.26028382010050266,0.2513550576880768,0.27134721734545625,0.21090767460036566,0.2507354015869005,0.25384448803642135,0.2809736593725756,0.20917166405589607,0.26567621960694504,0.29784343744635183,0.18033880220707618,0.2606203515358603,0.190206446633574,0.2636255863455707,0.21530657133396264,0.2384791273657171,0.21304625011860265,0.30514376519549036,0.2306589090236839,0.25565493748039797,0.24199233285154909,0.3373335815667736,0.2753253374243105,0.3443641572837154,0.24709009809901644,0.2271570499275133,0.26673112756388384,0.23305191607020254,0.21681722028695083,0.2788458992592297,0.26180161926605217,0.29747976587856345,0.261862296167775,0.21575928883013207,0.23034389745224204,0.21840751288679736,0.22940231644695155,0.2965908872768613,0.22265567560723087,0.2948824301457856,0.20983092344903995,0.23578815257846805,0.2718954538997431,0.25760339064927756,0.25516442554180324,0.24534258491016192,0.21155469385957215,0.20640426409444546,0.2512156666589433,0.2158631424689642,0.24456868031235227,0.2689418062354211,0.3037789442942306,0.2748104976138964,0.23903071713509477,0.24378182621891,0.31433032850471865,0.2303048800876276,0.25361116983556514,0.24059581446145373,0.2526581697288319,0.2844113149469376,0.4145109065882679,0.15810690897478472,0.23406865975475885,0.2665709175111206,0.23604476687676845,0.28997309526335735,0.286857195810751,0.28294689848156807,0.2619559350534199,0.3289220458291335,0.24643098381795517,0.2379684977898598,0.2727298747164365,0.27406938789094604,0.23348899479500787,0.2575594010711916
0.2948067614910656,0.2574728087697558,0.29959843389287166,0.3108760575742235,0.3242649421359754,0.2638625614451612,0.2476877062604004,0.2591868391052614,0.23885219584631487,0.25539810249657396,0.0,0.296994568652447,0.29497339690855123,0.22408157514538873,0.26099574042544943,0.36370221066755987,0.3422588840206586,0.28956620499126384,0.29672646226691235,0.2649538603047078,0.3232743371108616,0.3302386690458801,0.27336095570625846,0.2649714510457016,0.31257118438200004,0.2571652427569338,0.29819991863217593,0.3144587182946219,0.2633264210748422,0.2618159002965387,0.2540436879840119,0.2867418139683798,0.24720226662259465,0.2219299193697305,0.26979281280542916,0.26902335658696575,0.3147838103094223,0.2883303179540706,0.3112882580344498,0.28585825193193637,0.2521347635161921,0.28615067606420486,0.2675672868613707,0.2909217575527881,0.24579540402995825,0.24053986345130213,0.18240948505682986,0.36067862676033857,0.3056538658687981,0.25480559034175626,0.31054168742095095,0.2400129285392761,0.21434246659075554,0.3217130518868448,0.3150486126379931,0.19814879024055523,0.30548560197938573,0.38388405443774554,0.25339337031457326,0.25545851204532294,0.29419315733957346,0.17617055732441445,0.2765376978099469,0.2136770944986193,0.20665347505418086,0.22660008198839654,0.2589091973227144,0.2229805534712685,0.2829095057485212,0.30821643714943625,0.2583032785562126,0.21788025539326455,0.25704162790146234,0.33983261073255006,0.32217740905866205,0.21424162586082834,0.3129987408865182,0.2884038300369336,0.22230536222645478,0.20418735345696445,0.24049778374035272,0.25495492248902507,0.24460007423564453,0.2419579071568245,0.25208414030626725,0.2469215087659762,0.29318718401358623,0.24472208849995547,0.23747007962852817,0.20010777394212378,0.36555621283126866,0.20738799365286054,0.3365454567269781,0.23600567766411887,0.25621999638485765,0.24405828713134245,0.1952163293404274,0.2075361156482079,0.1874608480112858,0.22525473440210833,0.23231826589220742,0.2730483391143574,0.23101821771882947,0.21655733675767455,0.2508382054741357,0.225518941214599,0.24876329477133644,0.28849838509791875,0.23900414867928946,0.28649406833068675,0.3373125956700776,0.25488362172660534,0.2586854083904887,0.3068210541232971,0.23529405335117776,0.26492488213639354,0.24512825358333334,0.28720957009556936,0.2650768030349742,0.2361015610572851,0.27664037846116446,0.2297730363184866,0.23518499912232896,0.2938348851574322,0.2205591096638731,0.279940775209318,0.19431270991772348,0.23650095019874431,0.2494613175790594,0.2431256614700539,0.21482603661318098,0.31387951515226814,0.25172202526076454,0.2546202745020452,0.3285207930912328,0.21282545067498687,0.20963124186650992,0.25260625610030796,0.3040943488433601,0.299342227250152,0.24591047239068647,0.25666108365458323,0.2487841577525402,0.2681412557396175,0.32000179351804,0.21095222527943178,0.24925887991109982,0.2416001232728542,0.2601226590705164,0.19261054709710596,0.32550549450679933,0.24153728871573046,0.42602762525378235,0.2183495014927766,0.2768708521176655,0.2659220761902324,0.284422990597963,0.27604665752176044,0.24729075378830082,0.24124736881659398,0.2185342828283709,0.25308592976393923,0.2196961519311081,0.37287419037930986
0.25698318420473965,0.31406647648803665,0.251717763596234,0.2585506585060211,0.22908392933373367,0.3133159640817234,0.26948309190733316,0.3031802356367482,0.24729381688742325,0.269231138720723,0.296994568652447,0.0,0.2542219540833993,0.17003713240344479,0.2603835482336842,0.2749550907975413,0.24504043691519486,0.2054554775289128,0.3103512423835736,0.25543456687226934,0.2886817508340594,0.2537040599196702,0.25135477454140454,0.29235570127437494,0.34480439636959986,0.22947173777323007,0.24988524866057374,0.22735676507488103,0.23855787351777538,0.2620656294520419,0.3171371269337727,0.2626634357437514,0.26142969556198886,0.2582366137462172,0.23235148330073757,0.24037542140095938,0.3134625500224684,0.2360377310737779,0.3194281095357178,0.2563642992942992,0.27109909048082953,0.24844524536981089,0.23052996680324245,0.28855316147313786,0.26998503962405623,0.24977899619421456,0.23336764065228616,0.2982422799444872,0.2597647259251305,0.22531859483982727,0.26856663821039395,0.2551078678734511,0.18954881160646678,0.3030546623710116,0.29771254470978364,0.24627571585844518,0.26619089576251725,0.33881427063417785,0.1985177936983822,0.23108866080912252,0.2510982149992889,0.16912699389829702,0.222892033075398,0.18075168390416485,0.18879164282312455,0.20676152799738953,0.23836733161447143,0.2202093683755744,0.18166792677155189,0.23842608207636282,0.2339306489212619,0.19569012129189758,0.20037677387740663,0.2543014035236765,0.23959309801918627,0.21487138589459384,0.24613379039190197,0.2951659008279427,0.2207497143944408,0.20474338249852245,0.22400897897192032,0.2457797501007299,0.28726688080322804,0.20777756174731996,0.23939044792622682,0.2880843600269888,0.25579374638130936,0.21631825536234878,0.27019339653854646,0.25992307668951714,0.24538775716647607,0.2520724665482409,0.25880169084703153,0.23455456109735032,0.20678276030926712,0.37375527156514565,0.19082810260566016,0.27360355212232884,0.16809131291068075,0.23372414454498683,0.2135005014697995,0.22738469148724808,0.2278289873813728,0.28662412582750324,0.20918324401990002,0.25214141528483697,0.24630724733600157,0.2709975738948943,0.2397546819216174,0.3391712773394752,0.33894482154158306,0.24017569088056,0.23481023474909582,0.24096880141507235,0.2170802582689368,0.2682404530030825,0.2503243508681088,0.2558616296843261,0.24903685096993344,0.19127989190189726,0.2216566671714017,0.23017394515850098,0.22435352559834645,0.2923864801170486,0.19985828571811837,0.3475635940280321,0.17981662077409735,0.27381076991918857,0.2640277953497926,0.21797922949087628,0.22128181401623487,0.23541692817049908,0.21451170175466752,0.23653898128068446,0.2761595550174629,0.18929395849860556,0.2888758045784495,0.24433416661165702,0.24993686039554433,0.28946194476855286,0.21716062167730527,0.2093806707361692,0.256791790453368,0.22677887467743268,0.291095944958435,0.26783282598389435,0.34093059204165466,0.2386641032376737,0.30272476001879406,0.1653645504679646,0.2909237860217676,0.23447951998440228,0.24884894951068648,0.24870570629121172,0.35142110238083246,0.25379718119590394,0.26203343808130186,0.3450548485365611,0.22794502233910263,0.2137013814814528,0.18462702714890286,0.23852119378165454,0.20739334090799705,0.2670108452618294
