0,1,2,3,4,5,6,7,8,9,10,11,12,13,14,15,16,17,18,19,20,21,22,23,24,25,26,27,28,29,30,31,32,33,34,35,36,37,38,39,40,41,42,43,44,45,46,47,48,49,50,51,52,53,54,55,56,57,58,59,60,61,62,63,64,65,66,67,68,69,70,71,72,73,74,75,76,77,78,79,80,81,82,83,84,85,86,87,88,89,90,91,92,93,94,95,96,97,98,99,100,101,102,103,104,105,106,107,108,109,110,111,112,113,114,115,116,117,118,119,120,121,122,123,124,125,126,127,128,129,130,131,132,133,134,135,136,137,138,139,140,141,142,143,144,145,146,147,148,149,150,151,152,153,154,155,156,157,158,159,160,161,162,163
0.0,0.5369158093305697,0.4637123576976727,0.4893365052551113,0.5386227917239909,0.5507758281304795,0.5608950048235907,0.5952405593546591,0.6094308379056258,0.45855837558432483,0.5355850454475745,0.4905483457660545,0.6275231166332795,0.5450724658800113,0.5688009629102168,0.5644228442942841,0.6208219730074558,0.6944489140203463,0.5489690380046062,0.6510441602797374,0.6146450404416305,0.5306101445614572,0.5855323364288805,0.5334846609782727,0.5929668126455109,0.5492534767756658,0.49161046308572115,0.6188463672248028,0.3977643862141444,0.5466854260296551,0.6408915723703023,0.589613248820297,0.4752807624738809,0.6268292063239589,0.6612219166224595,0.5255540881429114,0.6816521817274629,0.6022365654912903,0.5244348615792455,0.5189240656368636,0.5272511888240623,0.6186177385697021,0.612335717182545,0.5541746838220144,0.6079052769259932,0.6750865962407708,0.5905987169476086,0.5093265679654037,0.6440740530568523,0.5991493513492325,0.6390736602479405,0.6159137667655897,0.5592957280156884,0.5130317900629097,0.47362135588484355,0.5896683973056205,0.661323482918477,0.5696453991963899,0.5611999440018164,0.6115625450310003,0.5624141773137319,0.5308533763192241,0.572433046626513,0.4945143572744004,0.5856653083262359,0.5881192955208808,0.6005472923537403,0.6496145052428438,0.563585708859211,0.662387648361005,0.7140003131575889,0.5634613143331259,0.566178757638999,0.6337327410301683,0.6161052411948333,0.6790692588628905,0.5528314303032797,0.5495149378476559,0.6354937040400401,0.5416471224308486,0.5806672654949776,0.6991262209666246,0.5696980585672294,0.5712324172826508,0.5771418693152207,0.6723790066298344,0.6241975722669103,0.6162216034476707,0.7034872834983519,0.5445440714634109,0.6500000823551337,0.6249161839359881,0.5436664737334161,0.6149711882707412,0.5867468250252857,0.501067770154271,0.5091924402031035,0.5836400756638427,0.5208147492120714,0.66239408907513,0.5429193010729723,0.5353941476284835,0.5346766475908267,0.45165283245978266,0.5974981310342308,0.6512048333202384,0.5567087654514749,0.6128832820044415,0.588713626233075,0.5701621415829451,0.5772433158681277,0.5728924588995477,0.6489483993596785,0.5784246810284143,0.5897643628749522,0.615685664877866,0.6569412178171931,0.4826338957751425,0.4791491203988128,0.5954905562219862,0.5678288705584138,0.5737886847182486,0.6457761108726244,0.6965501372211985,0.5710050693210206,0.4817627236249842,0.5639820016114696,0.5323040252232514,0.4901015987499268,0.5470375795547778,0.5539590429208033,0.5631239981459057,0.5593584180038239,0.6078681587883368,0.5399588423100626,0.5439275696101765,0.5753626830445775,0.5509761413541276,0.48273449077038905,0.6516541217433871,0.47289043872367575,0.5427256096270557,0.7162985747055869,0.5227640561164005,0.5913594702027685,0.6468049135278837,0.6047022032215392,0.573838477709624,0.5159846802735013,0.4436927918594613,0.6768170807074675,0.5510760297149455,0.578959343648624,0.45902246117439394,0.5906996690845399,0.6885069135830392,0.5454844822567787,0.5975307253958693,0.46998065904491265,0.5718954585479853,0.5482680166136408,0.6450335070504544,0.5680225136332113,0.691352226048193
0.5369158093305697,0.0,0.6099852593999774,0.4864934528075491,0.5034450317968338,0.5733741068899082,0.5750389387615904,0.6481946563987733,0.49677196998733814,0.6486989378680644,0.577257441472621,0.5971400968302818,0.6180839451246048,0.5042231863895115,0.632427922476239,0.5707669452207194,0.5589522283495955,0.5372283696236881,0.5239685820686586,0.5388523189735979,0.5492606512852012,0.6953073872915111,0.563239345850384,0.5987263110123505,0.6310912176234107,0.4701827751716614,0.5371518052640774,0.5560532148834294,0.5204589150024934,0.49685494664833996,0.6169574243743878,0.5394597002194776,0.5305312851862894,0.5343767291528951,0.5500886881459597,0.535778207699099,0.6014643888549271,0.5150593054384358,0.5686803038261129,0.5241863237637564,0.554948614170555,0.5368351334228632,0.4997488680159296,0.5149913041804232,0.6486505459181399,0.5387129691039481,0.5285699534544145,0.5274203904615854,0.5794478946363688,0.49280399425632837,0.5063389438886499,0.49113122776275,0.4704914972622931,0.5725507875822424,0.5187530213914264,0.5278284383724865,0.48771196313337345,0.5572266151602598,0.5167413510002128,0.5348301913473245,0.5726325402580017,0.42706238192745966,0.46220583213565825,0.4687363968006073,0.44125311074061224,0.4454362213804608,0.5254917522347623,0.5465031623766443,0.5274704826743604,0.5877974663134038,0.5120978238211832,0.4709707043582467,0.434366707865596,0.5675272390556922,0.5684353849264812,0.4902390529318468,0.5019002230227755,0.57215142746558,0.4912934333839354,0.4257403624746669,0.49618140567384306,0.49929160610155526,0.6050216740546581,0.5267073597214276,0.4350772323690924,0.6223937254607855,0.4945252181023498,0.4689445144626784,0.558839807837881,0.5274430890662061,0.4982876275313365,0.5315296990963425,0.5410653620888611,0.4604964878923547,0.4627166669579177,0.6387557096795997,0.4530802538918815,0.5479128689976334,0.4179653542881332,0.5521921054558931,0.5049525628229977,0.487229633272058,0.4322751792003641,0.5338303814729081,0.46240479437181425,0.535316464261927,0.4912019032113925,0.6388801488605876,0.5735797576798306,0.6694520671622327,0.5310846252095104,0.4400694892818359,0.4919752848690585,0.48987759601635944,0.47465767174234486,0.5527723789206591,0.5087833206053669,0.5212244319405357,0.4925695851499336,0.48387302695967177,0.46641695616893647,0.4704843181833222,0.4760904425124643,0.5810708723825182,0.43970160217312204,0.6330601658106519,0.44219624403564173,0.6092309155190307,0.565386713277538,0.5169928337367197,0.5397524194472053,0.48586931432759173,0.45348667509810847,0.47464439116436435,0.5612186552004271,0.4598964874453099,0.5818284986034062,0.5324724631316335,0.5626636474850912,0.5475535293923054,0.4940171901762232,0.5005338176446461,0.5510629394588131,0.47159674034171795,0.547805771227928,0.4949500681899834,0.582577583191121,0.6008064869013551,0.6170075624258908,0.4355296988960815,0.48827557232065455,0.5116594458847042,0.5492731737719546,0.5699121450362025,0.6048993444956325,0.5795082181067783,0.5481411318793397,0.6116199475806563,0.4599484871793308,0.4383705431729035,0.5357661669090504,0.47614650215521603,0.456885850424143,0.5062273011013061
0.4637123576976727,0.6099852593999774,0.0,0.43248116746078347,0.5160271782391406,0.5392312508574139,0.4897834795105698,0.548603122970236,0.4238492339827623,0.6291584006566509,0.5797099780237317,0.557658120909644,0.5543881801757138,0.4490070459026871,0.5308143279856488,0.6065411106963755,0.5421061075793916,0.4743030355522841,0.4843988127882727,0.48673537024561225,0.5509981093490668,0.6872560705416294,0.47378429093537583,0.5400420119181426,0.5528025794649757,0.4541833537576047,0.45503747446266596,0.47676005465726473,0.5459859388113701,0.45816933125488163,0.5075116017919192,0.5255382186589762,0.46086435152640537,0.4637671652970411,0.4654338387336662,0.512062238556768,0.5380537403352312,0.4822312813217249,0.5635994215767379,0.47160968174326917,0.5073822782522405,0.48470542966563146,0.5058957664279502,0.49495664917828147,0.5453937798301445,0.4822970924553245,0.5023871203266376,0.5768545841738255,0.5113992641651358,0.4762036810744142,0.4798466000598929,0.45751420025233963,0.4306435016647494,0.5520029983169336,0.5254489467749304,0.45074609493411755,0.4540196975760445,0.5454829726871883,0.48130533512783935,0.47572697581675416,0.5327019485637907,0.4104905561913717,0.45736950296588424,0.45575836934553443,0.41642833113294575,0.42497059847292035,0.4635944629115191,0.5194187305629804,0.5215296458851345,0.5206107250519665,0.4773480276349301,0.42918730744961087,0.40583902782726816,0.5354062344021575,0.5285779021303049,0.42903465160797494,0.5023623577869422,0.5583790050597409,0.45040493234781664,0.41143778281639054,0.48694409972045805,0.4429681350445179,0.5320128236709157,0.48957208283601134,0.4110777579202946,0.517265984970928,0.4606634404486861,0.43298143412878565,0.4701716852494218,0.4411505711269073,0.4648733086638502,0.4476512677205607,0.5323163573890327,0.42018975013831433,0.4270491774755895,0.5608722580394709,0.4396150399238675,0.47470384685553024,0.3878628140507663,0.462808227017218,0.4559209618737431,0.5027100949670514,0.40146918658609254,0.49523819092036286,0.42760571356907523,0.5052121678664654,0.4939767363080119,0.541079609412614,0.5171007160171419,0.6211236292669353,0.5000525401347613,0.4164065853910397,0.4494462710991747,0.45173852366705475,0.43073923309594153,0.4694371693725942,0.44923407916708763,0.5535481983784523,0.5042984314568613,0.4208517911749819,0.450856543381261,0.43204734503726394,0.4380729750753465,0.5153466744355736,0.4008813581171997,0.6173860047735664,0.41465648136878386,0.5687158002121346,0.5597635941427528,0.4840791632366298,0.4624977786221963,0.5032456567149362,0.4131575400322439,0.41991679617907796,0.5581030448083363,0.4484279359951067,0.5203402407618587,0.4691029069432906,0.5221698834782921,0.5015196805988877,0.44159353111972005,0.49533070668564605,0.46757022941150744,0.4581208706820804,0.5305728711079901,0.4427019602410105,0.5236539364463706,0.5658539215448334,0.603678385960141,0.43697790963934224,0.4332859611396775,0.4639420702975369,0.5187388117097119,0.5536164208911422,0.5457183843678297,0.5072656441953555,0.48196605863445985,0.5449901014241576,0.3998155811152771,0.41270050209557396,0.4998001129778416,0.42015001186569706,0.426336973265499,0.45583050348899234
0.4893365052551113,0.4864934528075491,0.43248116746078347,0.0,0.470630190241222,0.4666683991411289,0.5764656783552446,0.47880905921209577,0.4092476140728771,0.4326792825516339,0.5382325505771226,0.44888910679793614,0.4888877066096364,0.5002580378109822,0.5508663536606371,0.45086052964404094,0.5011771648251147,0.5056573867129984,0.47944310583020394,0.43557822284967523,0.4972666906325379,0.47742263701375703,0.5195142468394123,0.48924714005548614,0.4843036339049295,0.5363965278823744,0.4769673204710325,0.5405370877023872,0.43718868659803883,0.3896792056695931,0.4814163438600478,0.44288423689360273,0.6892252060595717,0.5016859890038965,0.5551234138236131,0.5262067807368376,0.5023427710840624,0.4902580763726023,0.47604918677051117,0.5319819349001059,0.6192233932409454,0.43640163019111833,0.4661577349776729,0.5673007049524863,0.49863410773910327,0.47603678420058254,0.42043828971048147,0.483327553778943,0.5259530804224066,0.4652207428636832,0.5405552824288105,0.5487603856595399,0.4648882596551055,0.5970135068095798,0.5108781581747553,0.4168214413059316,0.47197757240437915,0.49358659569981017,0.49267867396303594,0.4861138187962665,0.5169699197492822,0.4175275459222704,0.49941497201080576,0.4306258313438432,0.4372147448623611,0.43814913452738696,0.5113934095201568,0.45952634050214525,0.4793218090474479,0.5194737211419509,0.4786330020413098,0.4708355467869335,0.4735054765991771,0.5370088222251002,0.4877246372621271,0.45530375509088805,0.4768751479138914,0.5041940301394351,0.5031257321894479,0.42953766339611543,0.4692555361708892,0.49825138080750303,0.43403250570416635,0.5102463765536347,0.4626112893845229,0.4937021488761288,0.46766750432249193,0.47255639405222183,0.48091244487504803,0.4111035035461554,0.5530209953330975,0.5077076422817169,0.5046721551550833,0.45621711491018707,0.5065933857160507,0.48500603303638995,0.41994232674147286,0.4911194113653802,0.43140693045984735,0.5491879122030214,0.4907275205588642,0.4371360584716438,0.5366554090059759,0.4785148323627448,0.48246980599310824,0.45163679861405315,0.45327182843544,0.4883495682996137,0.5145516196306845,0.45396597594878624,0.5567467412612014,0.4725523294204007,0.523383573887888,0.46100062391952334,0.5341831929544273,0.4977765439338385,0.4822754013835334,0.4082003627741415,0.5458384337384128,0.5209110270575313,0.45298271308620885,0.5481585770422133,0.46338895926955187,0.5258394288110325,0.44526548966916657,0.5045169688434359,0.4483537254398079,0.4395674908387464,0.511343114272619,0.48370530863077543,0.3964534676203676,0.4270216830318198,0.45477418890648785,0.5123619956974198,0.4602973912113584,0.43178060426532555,0.4088715972791183,0.5680780843788705,0.48084953249486756,0.47470524949779647,0.6294322554166615,0.4316877545888625,0.5181498315479127,0.46502766304813986,0.4974379745935326,0.47839559415367205,0.44752401085502685,0.476664576734768,0.43100420236147796,0.38514209351245426,0.5219214157003401,0.5120749634186892,0.47717704324175486,0.3980790745433135,0.53792889163957,0.47701147372110864,0.46240760968870226,0.501192913578886,0.6724594921500913,0.4832931282586538,0.5146405552387173,0.4869444455803666,0.44063311117944387,0.5235667318808318
0.5386227917239909,0.5034450317968338,0.5160271782391406,0.470630190241222,0.0,0.5186284241811818,0.5692967135931583,0.49097264513084854,0.45954015503994133,0.45056119301353603,0.5735092260554107,0.5050143414138992,0.5365368769214891,0.4670990555385966,0.5527631176042829,0.5791936285286204,0.5748468972183448,0.5212737075554351,0.4863711865780557,0.4865646167436953,0.6060747634441718,0.5590028828599171,0.5168939381067463,0.5605410947314475,0.5151075366428336,0.5658739548688565,0.447712884036757,0.4869333253512014,0.4295701393531566,0.51132695862917,0.5136539379258261,0.5134583415452043,0.4745423518518376,0.4998524173218812,0.5126679487022392,0.5050852688402092,0.5871933865927387,0.5171778430032209,0.5442625556977605,0.5060686164864142,0.5348499486698298,0.533902272884597,0.5592116131135513,0.5847110107768709,0.5072515515766061,0.5225037877523324,0.5726478677442994,0.5701311260645298,0.560709739712232,0.5220652455220814,0.5775458660595215,0.5641286317277757,0.4620131574825222,0.5278409351568378,0.4889374653576904,0.481230696029628,0.5224640416935548,0.5867497432403463,0.47913381888010176,0.504957719972459,0.48338962951920444,0.458807667112901,0.5216784720187609,0.45033049541803,0.47015355254816216,0.460867493011104,0.49338498407036774,0.5976045535672905,0.4992219152070692,0.5249405516435336,0.5723631409962672,0.46697476916133235,0.4557057117672992,0.572116780897154,0.5078351894323792,0.47144011890382675,0.545305042760357,0.6927657692396675,0.49985747031547983,0.5105668090636747,0.5227269318313943,0.520949965289801,0.5580416752703072,0.4844186819439886,0.4772336519778609,0.5319646617584546,0.4880997366182677,0.48098217210859034,0.48640174165941186,0.46103267680546184,0.6188261217489697,0.49816161184123103,0.5536553393843727,0.4716676278691983,0.4934183961618307,0.5052431910414941,0.43290282652540646,0.48643348899197747,0.4471241991342104,0.49576319936238616,0.47702246079033517,0.4859517965770892,0.46478545027758855,0.4414419368284549,0.4724374718933026,0.5580823010687231,0.4945077037392212,0.5194579096575456,0.5454092117064976,0.5611753816505608,0.569162787043769,0.4945249341935252,0.5015265000956128,0.4781227887160672,0.48852453598225914,0.537523326282455,0.482207452092227,0.48130102488277243,0.4972078221253004,0.47930819671186664,0.5655172858327226,0.4890598171886449,0.4996633406607346,0.6300655050433606,0.457648374130284,0.5055388433587297,0.4693583550061032,0.5429552987011925,0.4832517971368274,0.4988217381058059,0.4531301953604423,0.5328771574473332,0.450973087724009,0.4974942624593308,0.49894877839606616,0.491724212476637,0.5138110417221063,0.5273027148673646,0.460098616350824,0.5446715316137765,0.437661117146105,0.5034272692302363,0.5269530120551094,0.47464196651957685,0.5687141618556102,0.5152481124848742,0.5839970252491632,0.5454501171722783,0.4794799193774651,0.42358662863496394,0.4989854571446952,0.4801695823424025,0.5276333760377417,0.47467443139948173,0.5548549900480807,0.5266545465644185,0.49012361205471994,0.6011302940188133,0.43632576007562435,0.49711069433043786,0.48801483006307994,0.4834975215399839,0.472859000310423,0.5975288488382573
0.5507758281304795,0.5733741068899082,0.5392312508574139,0.4666683991411289,0.5186284241811818,0.0,0.5107571963816427,0.585848865315603,0.5033867227599355,0.5306065721870655,0.5432983497549221,0.6279013546382086,0.5299294270342002,0.44579406713441294,0.5073356295924338,0.5647671107883199,0.5512696959326688,0.4873232654651101,0.6135984258776028,0.5118436578618549,0.5997445760690178,0.5409284945881195,0.47968260982096234,0.4811097210399404,0.6471570562233266,0.456158503077401,0.41812755655956424,0.5090826289389564,0.44944539649560755,0.5323317448520435,0.6215636913710064,0.5957700583264858,0.4731419883119186,0.5422076574007896,0.5318481103467531,0.5226466467603552,0.5742194369270038,0.5043325116052071,0.5376496674928545,0.43148164640400605,0.5054247643555957,0.5900548966773298,0.5376053322695082,0.5793329979619427,0.5228312540658033,0.49218641854822287,0.5492981543015246,0.5546744028678289,0.5208074338795944,0.492875263240988,0.5370433379068155,0.5516332755671259,0.46481485106322284,0.5481299576930342,0.5019756368628222,0.5472219070340855,0.4999331841038464,0.7035155716135868,0.4658953185139742,0.4811071469026809,0.5357537066132407,0.4597058679826481,0.5326562614612644,0.44458068770071935,0.4587293327952255,0.4615945510628814,0.46302048092921955,0.5406657485756431,0.4858745036672903,0.5902043838243037,0.5282747199330101,0.4423976668325926,0.46425228649650746,0.5291666162907277,0.5809535276940823,0.5043488685484543,0.4818513333665007,0.5333560572795473,0.4892677328594319,0.4803655031377314,0.5770151379289684,0.5316476170472818,0.557060820161244,0.5119556313265666,0.47356952135409963,0.5475650759987595,0.5686758353334032,0.4761372981845795,0.5383198385151131,0.4694458271837829,0.5325729977446715,0.5836496933928441,0.5273801364213434,0.4718625635035522,0.46398038586670426,0.6177743216355015,0.47746629968965426,0.6203416276471729,0.44301971829738446,0.5027919942715204,0.46448998208607367,0.5087727700082862,0.4789714545960329,0.5473507915238738,0.4928349712951707,0.5131826451167162,0.5049967479033628,0.5857315675093703,0.4833317335873446,0.5906727079133886,0.5984570664906653,0.4612684756857955,0.5401979088735868,0.4907793172669086,0.46598280006777426,0.49573471289191867,0.5668742346196013,0.4964030548628511,0.5439433866274513,0.4965089674869563,0.45135549501396544,0.5085296981741311,0.5181377667417251,0.5820156851887116,0.4651527183081268,0.5590014459989697,0.4656746361199621,0.5129515652619255,0.5485140959723941,0.4451575957354875,0.5383232791631488,0.5453591721316254,0.43784733697219735,0.5044445940836206,0.5222288521251157,0.45907036561600184,0.5355450427646642,0.45079822199845154,0.4320199848858302,0.5485087621076589,0.47315168013812836,0.5295463261222332,0.5337087913646098,0.4968957154041591,0.5426430534021407,0.5243570061442194,0.5919811474054917,0.5374850990673556,0.5870821220340221,0.4548836071531551,0.5217355597240358,0.5411751398051063,0.49794369108090364,0.4416345874323043,0.6655702861935456,0.529207689099828,0.45290823342174413,0.6105250337972423,0.4173196594515924,0.4697090133617046,0.48930849896596607,0.5257856489263609,0.4763099046567945,0.5136542345558855
0.5608950048235907,0.5750389387615904,0.4897834795105698,0.5764656783552446,0.5692967135931583,0.5107571963816427,0.0,0.532557623472836,0.4715018302172333,0.49792529469354424,0.5735561053920646,0.5253763072067292,0.5751463491073423,0.5024129784252485,0.6660361156399711,0.516722370321943,0.5432776285221775,0.5574699136354407,0.4964530371722143,0.48107530842734597,0.5344792226548062,0.5659744461075611,0.6607988252677071,0.6108526263610445,0.5639204127951856,0.5426533893607797,0.5451331032958339,0.564516730589881,0.45081427047795986,0.48359391764443843,0.5540457892428572,0.4981323908957086,0.5826914852628391,0.5585968267859267,0.5642688571354815,0.5056683688161925,0.6161833085178958,0.49313365039199825,0.5123930176716811,0.583026663862583,0.5574522891984252,0.5239216361137867,0.5000620692655886,0.556932593078942,0.5721263218708845,0.5365174604819167,0.5173470853815305,0.5110033233399836,0.6393463551634158,0.4825340221658802,0.5571154217783819,0.5356089181523179,0.4588875295080459,0.5586123186080443,0.5014063271141417,0.49802117372026466,0.49483746749198354,0.5407012598094202,0.5125861199787074,0.5212276948807171,0.510915806775031,0.4233452103145716,0.47387672197773667,0.4362453279698961,0.4456605141664121,0.44224997239149133,0.547946922262349,0.563708377308336,0.5021009394796649,0.5606828848396992,0.5256912812016686,0.47287623536205153,0.4542159855030874,0.58863854793731,0.49963494795805913,0.49477475848191044,0.526649407993536,0.6317659359705007,0.493537659538146,0.4482999361384239,0.47412955092557163,0.5237735439964614,0.5569548246669523,0.4860560608787926,0.45242390632856877,0.553768941230745,0.48360532202598816,0.49202959868688856,0.5372041846872838,0.49267260728327267,0.5823890711322743,0.5497053272057013,0.5306439051768453,0.46684704156998447,0.4902611360565399,0.5591826482270229,0.4107997663857586,0.5220756594973586,0.42735183472859245,0.5870186257707609,0.4934046016000992,0.46196450255198623,0.48521679121151473,0.48783153451489175,0.46443266671444794,0.5208179292125636,0.4633364754459531,0.5674527776569694,0.5810410472220273,0.5664647094059501,0.5871810437178981,0.464050777825134,0.515509213287405,0.47360869316823345,0.5001568113295509,0.5875748311057739,0.49901836495638857,0.4674937833471658,0.4978814115602696,0.5077671252562291,0.48658956197691206,0.4976040471344259,0.4786139376517804,0.6332568507691692,0.4430130114333158,0.5435519266761468,0.4524230290490551,0.5398728165175645,0.4975407131195156,0.5063163187561815,0.46588726297350563,0.45265527148803375,0.45771879293031353,0.49266667602109926,0.4835310124787891,0.4450626879404826,0.5021494482366807,0.5946296721695267,0.5142003584552036,0.5244599530472647,0.5103873358271263,0.4614866513699742,0.5711491532370156,0.4529380157582824,0.5292208115159132,0.5512606589780397,0.5364194968270929,0.5397632504623013,0.4853851246578335,0.38826017980327693,0.5179392116509488,0.4951761732876759,0.5159552434156894,0.4977095727550807,0.5810765598710068,0.547542757456271,0.5497816067626632,0.6297528010229859,0.5346925569253378,0.4903276831620125,0.5128848349185073,0.4899177756322033,0.4512871113186044,0.5719471628119364
0.5952405593546591,0.6481946563987733,0.548603122970236,0.47880905921209577,0.49097264513084854,0.585848865315603,0.532557623472836,0.0,0.5727547547981893,0.5626815904989264,0.5527531588098428,0.573749128081555,0.6361851030236215,0.5050471302553969,0.5857425699810341,0.5876063893899777,0.5720825492442154,0.5729572057204136,0.546585002066755,0.5943261662713498,0.57287874306706,0.6077096753842188,0.563188269464977,0.5388101493986321,0.6597225643797979,0.48818099735064485,0.5311770507893402,0.5822812268639234,0.44489650182507423,0.536873238995644,0.6959245717792727,0.5761103483127941,0.4916026221156498,0.5799192074121537,0.5671729414971366,0.5374717313843373,0.6490980918306619,0.5579290973702368,0.5643544093627146,0.49556963862215386,0.5237598624437786,0.583180795267131,0.5481582553586349,0.5079364116302988,0.7020667688948847,0.5856736267403466,0.5395464058173532,0.511501536397017,0.5806896456658721,0.5244621301481988,0.533895224892528,0.5110942926193563,0.4822270235044831,0.534908281973687,0.49678477082186023,0.5710407137215872,0.5290360981586283,0.6004289159303108,0.5190017645892159,0.557377884358509,0.607777555715564,0.463575512475447,0.49697931422428443,0.4802362933780717,0.473868987844395,0.4888904163134118,0.5556534627998454,0.5806876991882345,0.5600688284625105,0.726013573683193,0.5639188528826308,0.4900134703456982,0.4723946779132901,0.5900390053293695,0.623441122795151,0.5288285795990862,0.5257682421108826,0.5395395523262776,0.5503720839700544,0.4431394978131327,0.5188316363882345,0.5621161549770421,0.5993294389769506,0.56192774888755,0.47702279608678794,0.6939474045834265,0.591194747464916,0.5155019795127339,0.6405048046362372,0.5684617818154419,0.5306135728705316,0.5716314866025854,0.5259300105846292,0.48918787608613806,0.48967257079447707,0.5868638584616286,0.49396195013689975,0.5896779743911105,0.44488792299088453,0.5860624942272141,0.510661792443016,0.5559472149295184,0.46781537672420215,0.5129003532237092,0.5103885488021794,0.5891807382491654,0.530148289624938,0.6715383766116801,0.5560292840516924,0.6129377537726882,0.5348497723714165,0.4786160303311747,0.5350042120034317,0.550761526549478,0.4989407432356153,0.5636814709794495,0.5477741163614314,0.5140781652376454,0.47584406183934697,0.525477403117124,0.4794707541425969,0.5352133561052674,0.5134739843084842,0.5942646418494677,0.4679715242580579,0.5547222828939237,0.4803348689927801,0.6148879783923175,0.5338492153653894,0.521005892830555,0.6015857272675578,0.5309519476507654,0.4982021768756968,0.5120367887338945,0.5733856558532333,0.4679100675937758,0.5916010020403418,0.5118469867242899,0.5327653622813769,0.6166634665313041,0.4777035975422628,0.5214595444810048,0.5914331987925282,0.5020606046942662,0.5652302922844387,0.547986697276133,0.6207279347975712,0.591465790798465,0.6104787517961754,0.4493487686253752,0.5499831699180093,0.5144471654620323,0.5655387553851685,0.5208336226891196,0.6322654955605209,0.6684399908092599,0.5330572458760109,0.6155999583288126,0.4402177742507166,0.46516959261678575,0.5265990132747758,0.5125368310342903,0.5060588226717554,0.5350595534218743
0.6094308379056258,0.49677196998733814,0.4238492339827623,0.4092476140728771,0.45954015503994133,0.5033867227599355,0.4715018302172333,0.5727547547981893,0.0,0.4337633959360307,0.43923047406963667,0.4709609466706068,0.5081259948746388,0.45338178688275005,0.4827522291061632,0.47626947800402086,0.4810847792732154,0.5238100578741329,0.47466953399022266,0.551254366640154,0.49596123928244706,0.47727233303893857,0.49295174649684165,0.45586067606409797,0.5325242996855156,0.4379563061794025,0.4497570345500687,0.4828239125672221,0.3557770266329042,0.5788762562559401,0.6071608699761478,0.5003464989345271,0.4071674505832022,0.5135635217293114,0.5178947455587721,0.4434365305322085,0.5492751664542456,0.49477950938708315,0.45952961772332734,0.42633042453354403,0.43143683753712697,0.6488105834091191,0.482883315384716,0.4454506922645034,0.5228092885885998,0.525364276583437,0.5390494189448074,0.42205178178051717,0.4988383918703375,0.48030258738732157,0.4809911973599009,0.47584521795650164,0.45665375238101497,0.424907984579605,0.39849683843355677,0.6957456520402571,0.5054355746443019,0.5050518109883446,0.45420392555069,0.49129655822062884,0.46841137394249566,0.4611659727172089,0.449348395650748,0.4338623767148903,0.48210324966639684,0.47131650595083974,0.5016531387892617,0.554344462635968,0.4645859025387725,0.5678856530424942,0.5588330708419387,0.45930181142811194,0.4701232571095522,0.48873394446084517,0.5112596366495737,0.5295640225149806,0.45207232631135064,0.46453268983467866,0.4930004025273127,0.4456862648510849,0.47777679967181647,0.6018196604398502,0.5646002981280637,0.46382721376487124,0.47594703933670435,0.5926606974376012,0.555052194393855,0.496889952829298,0.5741898718467405,0.6345406878600983,0.5028154522664675,0.5844141972864202,0.4394781346998498,0.4769721194551583,0.47702735999944634,0.47684372026631483,0.45721933462924513,0.5450988627528215,0.46369974546837833,0.518167458214895,0.4523588575825947,0.4680217878286133,0.4487707709395211,0.42263907606807294,0.4874716076054421,0.5350082089085416,0.45793335437836485,0.5490800230936832,0.4690322476038675,0.5117351674166458,0.4660879434067861,0.47480211276876555,0.5080512081737036,0.5192077207075039,0.4507758536760818,0.524743583844067,0.5223004046414778,0.43146399280630365,0.397656735541255,0.5238735163533665,0.463819956505466,0.48994846341998394,0.5167530709901166,0.5328200817007879,0.49476628012682555,0.4196283839173003,0.48519774572487917,0.4998619100764815,0.41737835404479,0.4517245533922105,0.6814738724172738,0.4941212846839486,0.47339202895971433,0.52650112580976,0.4700337902132531,0.447533977284082,0.541811346078782,0.4444574728144248,0.41970740247463384,0.5546507097652221,0.3996272142499353,0.47632389232169614,0.5819102383008641,0.46272046994870497,0.48728094145451234,0.564442385864328,0.6201061984065965,0.4852669849553542,0.4835801621822942,0.41171173563826796,0.5325381270156027,0.4568650216717838,0.4852299602061645,0.4481049426850444,0.513382251844117,0.5996919781075356,0.4636419939185081,0.528152695928108,0.3914003700686338,0.44776185321888956,0.4459718405901233,0.5287744938448403,0.5240126432575405,0.5331763957212741
0.45855837558432483,0.6486989378680644,0.6291584006566509,0.4326792825516339,0.45056119301353603,0.5306065721870655,0.49792529469354424,0.5626815904989264,0.4337633959360307,0.0,0.5338597331067569,0.5843385244466323,0.5261735379391361,0.44371489022200183,0.5169451080369413,0.5353987572829106,0.49770212771406697,0.46514214815986327,0.49822317350096,0.4784165945262407,0.49520044864936835,0.5943872460732036,0.4959363488069071,0.4944024021120375,0.6121262341817,0.4143245071549634,0.4724567668474021,0.48987719690446235,0.5641838879532496,0.4582092879444045,0.5398900186375415,0.5223662031660102,0.4589070708450715,0.47887832210160486,0.47405253589913643,0.4955738156476417,0.522773820621673,0.461999640746572,0.5229282179066594,0.4475032637514539,0.477332495385507,0.48032279771987774,0.47112715643484876,0.46980477143508953,0.5449277434544791,0.4609436847145316,0.47023655688937954,0.5123084124576058,0.5180053137928192,0.4430569311771477,0.45135828103279957,0.4256955130829425,0.4170693342260114,0.5178786148696389,0.5162510000164606,0.4608808747282247,0.43122866988966374,0.5187734904407121,0.4795589444871572,0.4583684497820378,0.5148238884527251,0.39154667962020356,0.4223326112600519,0.4455206020024302,0.39950926713342005,0.4053050417509997,0.45251993390785133,0.4806868593435269,0.5044395855812128,0.5276587194767608,0.441991759879879,0.42387699091395553,0.397348048784818,0.4950044766817555,0.5094938387846064,0.4415544070810787,0.46125451311597904,0.5068347710645655,0.43233029996857075,0.3888618826781197,0.45862143303391956,0.4315193342304189,0.5149093832024512,0.4727003255664393,0.3981738433625485,0.5024863011338555,0.4603891884987963,0.43329792842507103,0.4903183976371692,0.4427513940421682,0.43902605742456235,0.46892889211705874,0.5042732137920319,0.4083954662301303,0.4123053093119812,0.6116631445770035,0.41953694206274,0.49912986464804027,0.38238026848085493,0.4646161764470663,0.455285789609419,0.47923507179364394,0.40461840955272954,0.5617712182544813,0.41910179550578397,0.46276433143278445,0.45927560005301654,0.5668665310272755,0.4866880369149981,0.5827911410667678,0.4877069594597952,0.39991982839560763,0.4401926084979093,0.45306111344691286,0.4143704880608728,0.44813844745134646,0.4628850439414238,0.5633375131799232,0.4803002532123943,0.42532596405000034,0.4095753556704817,0.426440033361338,0.4247931066915814,0.4900092035770802,0.3976775053617428,0.6313672559433828,0.3981566707067334,0.5214296928938288,0.5572764207238161,0.45760350987421,0.48841280624464944,0.4501332665607309,0.4065354269259339,0.4102827063622921,0.5228463607011667,0.41860360880999603,0.5135034132247694,0.4512482533164655,0.5166576276787683,0.4943648844831093,0.4604891605411908,0.4761417187488243,0.46552196464302964,0.4454381949320768,0.5009795969376634,0.44763443242020434,0.48727712821438496,0.5349216899415002,0.6679730856670854,0.4224599338408769,0.43293569794603504,0.4797088886144436,0.4852822617668571,0.5233362092875995,0.5534472227244746,0.4975108016680092,0.4679884888763272,0.5203372424260638,0.40785549695348255,0.4024850598065896,0.49191045269404565,0.42754795939095996,0.42238811589918757,0.4309846827606118
0.5355850454475745,0.577257441472621,0.5797099780237317,0.5382325505771226,0.5735092260554107,0.5432983497549221,0.5735561053920646,0.5527531588098428,0.43923047406963667,0.5338597331067569,0.0,0.5427310859611999,0.6077513141256556,0.5320578466095637,0.5892511300045356,0.6547523503331657,0.6538091545626542,0.5530649248712225,0.5598752627134842,0.5369266142249333,0.6430068905140814,0.6320545152263427,0.5547134759588865,0.5784240055069724,0.5887917465439435,0.5544948866995324,0.5004078286899545,0.5977263052340717,0.5428785793087567,0.4593135930959769,0.5536198724768174,0.5767051077538251,0.5288280411424848,0.554612565321948,0.5772938588296058,0.6160610640589301,0.6300399157176226,0.5838756661413487,0.6903135320172024,0.5490010879118176,0.6124450052271639,0.4937597688938467,0.5917537989238547,0.6358831142444469,0.5874547241437205,0.5373011298059355,0.47976588018731586,0.7242883178354341,0.6516459294210755,0.5554564808255168,0.6070802653771021,0.535686543705886,0.494912116137881,0.698406751549429,0.6773981727440974,0.44812858699578173,0.5492210306656289,0.603868074965789,0.5662929877093674,0.5584134753736736,0.6417370850345836,0.459998628231641,0.5423089608907626,0.513327292572208,0.47857839946280223,0.48980843333281426,0.5504199893023536,0.5383289671317711,0.5851428738066049,0.5990362286560514,0.5418629923077332,0.5185592071792464,0.4873173626900208,0.6574316999020754,0.600042890728487,0.4992908956973879,0.6274308632166271,0.6392337487941722,0.5354388387878961,0.491658598575442,0.5440591207881659,0.5075874813713327,0.5089023147898915,0.5822201896827183,0.49422463698063,0.5519942684750899,0.539330084535953,0.5154299805193415,0.5274925176314695,0.4427246893681425,0.5730751908857703,0.4999172279319224,0.680765285965773,0.5067184254382235,0.5211131297351034,0.5453154189998373,0.48322833154649136,0.5035786731413151,0.4526902017818992,0.5377237220318736,0.5783194389014834,0.57137584038462,0.4852094134792932,0.49306970886928947,0.5096891737953191,0.5331423130312305,0.562498471830186,0.5663772830823386,0.5792576515771786,0.5973999037837816,0.6468096842377619,0.5064941460905888,0.5439304985932807,0.5351922694046732,0.5266443174358229,0.5116790409782911,0.5184671059649653,0.5768274625234481,0.5924457092372541,0.4948717045301438,0.5397437138975342,0.5207821625439838,0.5155853256468595,0.6146720946319556,0.4780107764751788,0.6526915954500598,0.47236234193161164,0.5533926410146882,0.6281023592545569,0.5522724776918726,0.44390988843917595,0.5394800115764676,0.5093410649329677,0.511051290856665,0.6352642480380145,0.5132339404877706,0.5037039662276493,0.5689637008259999,0.5637930215550131,0.5888798054445602,0.5215265633945869,0.5566931283673174,0.5438568996164713,0.5319133697891119,0.6699379838041505,0.4893579580409909,0.5173483648146063,0.5955229534804671,0.5538846052674752,0.46829286003219367,0.5455690280147407,0.5554530307630211,0.6222912094548974,0.46816228386982267,0.6096173065280118,0.5684202531680651,0.5540668275575384,0.5666172885164578,0.4995291272091778,0.523998544428692,0.5540883104930818,0.505854158909589,0.4846319785831606,0.5699668544173787
0.4905483457660545,0.5971400968302818,0.557658120909644,0.44888910679793614,0.5050143414138992,0.6279013546382086,0.5253763072067292,0.573749128081555,0.4709609466706068,0.5843385244466323,0.5427310859611999,0.0,0.499715279229443,0.41302621292484676,0.5141711637127132,0.5402204619046673,0.5045073583467194,0.45260914717516454,0.5796405365162625,0.479058164378509,0.5356449891411065,0.5564505350741056,0.5089452202741794,0.5061731027398565,0.6577250991054645,0.42772101093124865,0.43761367269463913,0.4929869448509189,0.47324375731596835,0.5362482704913047,0.6007547453275747,0.5310676722901506,0.4623347282612028,0.5376002954178707,0.4898295185157176,0.48937821808690474,0.5440198785269681,0.45787022327451365,0.5436970042067966,0.42737478733684403,0.47784628742046814,0.5467634137439596,0.4861167384057299,0.5182923069682787,0.5245518317459821,0.4571541445750071,0.5002944368721133,0.5261143596070355,0.5186859875401069,0.44448057643563976,0.47529992407162786,0.4699694551819967,0.40788256252245353,0.522248259614475,0.4951747985038948,0.5027308456890196,0.44847574744965124,0.6436833204456792,0.4377106391316788,0.44981837380725453,0.48837321641188763,0.395883202642823,0.4460569400760403,0.4201678920656795,0.4041325245932995,0.4044082141756807,0.4372007185180851,0.48709282287482025,0.4559322511931487,0.5449108701361147,0.46006928715491713,0.4074868320195422,0.40795907179983454,0.49128111182972856,0.505778193765991,0.4437036260678321,0.459513953017511,0.5287111208850812,0.4419181323910751,0.4123772023514723,0.46693167324769996,0.4687736285609904,0.551855959249116,0.45342003890077726,0.4174637250976252,0.5159190760030239,0.49524093823153753,0.429509526794991,0.489954510854192,0.4661500437694566,0.47830331166734297,0.5230833978829507,0.4969452136996591,0.4177837634906403,0.41406291844976345,0.6577347586293456,0.4169220484819361,0.5648030019552068,0.3945479007938917,0.4628869734591547,0.43520069990967286,0.47724637216675325,0.43187077446511385,0.5819237409327611,0.4291281738991564,0.4737261034862561,0.4525442624655657,0.5905812451450636,0.46028009090518057,0.6101556595300127,0.5626917583899221,0.4170388605248752,0.45470195743304154,0.4517823459718992,0.41678987465853873,0.47405304091982864,0.4853284842348787,0.5225048160424306,0.4938434818283421,0.4407903290934215,0.4190345007743343,0.4471627240475296,0.45348566580998273,0.5278549336532701,0.40877384612680845,0.5843205943091032,0.40710958555769317,0.5333295899185633,0.5298295386618385,0.4204426738929619,0.515248242443731,0.4682369133505487,0.40261631640513423,0.4454143485780871,0.5067819815751542,0.40729963802952507,0.5400685989490558,0.44066921418940236,0.453032152362181,0.5149650425909043,0.4408689317932609,0.47325854511980076,0.48358287789633236,0.44620492725028466,0.5031307375748917,0.4930603848039041,0.5627002491544495,0.49546347740836705,0.6091294675690084,0.42122343799142314,0.4716723688848432,0.47377418360668994,0.48906620275018736,0.47097768895076325,0.636614574042874,0.49825308552791764,0.4559661013833684,0.5877638380384465,0.4013897272407343,0.41825919224164787,0.43962153350249533,0.45351155770693413,0.4267537968518076,0.47258601580575776
