0,1,2,3,4,5,6,7,8,9,10,11,12,13,14,15,16,17,18,19,20,21,22,23,24,25,26,27,28,29,30,31,32,33,34,35,36,37,38,39,40,41,42,43,44,45,46,47,48,49,50,51,52,53,54,55,56,57,58,59,60,61,62,63,64,65,66,67,68,69,70,71,72,73,74,75,76,77,78,79,80,81,82,83,84,85,86,87,88,89,90,91,92,93,94,95,96,97,98,99,100,101,102,103,104,105,106,107,108,109,110,111,112,113,114,115,116,117,118,119,120,121,122,123,124,125,126,127,128,129,130,131,132,133,134,135,136,137,138,139,140,141,142,143,144,145,146,147,148,149,150,151,152,153,154,155,156,157,158,159,160,161,162,163
0.0,0.9004528884426625,0.8517328417349003,0.772156003224671,0.7502494371255074,0.9014165502466391,0.831163352359554,0.8520892750857862,0.892435599001168,0.8451374391828055,0.8984391197939554,0.8697181712621965,0.9282885794016926,0.763728346465689,0.8267830463436553,0.8703708756836179,0.8531571861916338,0.8907258154228681,0.8365401116110318,0.9559516404741115,0.8423839249383887,0.9013415237378695,0.7919142201615962,0.8605036795712517,0.9408504808321676,0.8006762591338983,0.7475454628089481,0.8739455478806704,0.7911227965355594,0.8046026114792877,0.8896492260763093,0.8836852030046489,0.7936844034099527,0.8484377725496313,0.8856485048826204,0.7149158861867502,0.940794510178728,0.836818753799509,0.8173387204194528,0.7947151454837803,0.7487016188720012,0.890709989108281,0.8010675150893632,0.857867182245412,0.8734782613996973,0.8455916023101573,0.7870744724548621,0.8579116910812308,0.9181665284220489,0.7831874157309235,0.8157982994189404,0.8526602977174664,0.7357838489100316,0.8132072491801529,0.7734870116995574,0.8767769443913584,0.888612095709117,0.8317263553379083,0.8019117727885039,0.7600430088063256,0.8452121116217022,0.6462183924592846,0.7994839217822662,0.6898238010372572,0.7887476315652349,0.8361529441321832,0.8726297215714071,0.8895820044549418,0.7991958344479262,0.8867246817423782,0.9338667297883718,0.7430772045879097,0.8186866217132595,0.863933793482137,0.870374481712445,0.8838889144266199,0.8113445398695682,0.7858640760084444,0.8221265777391149,0.752524964952048,0.8407252407689285,0.8797687829415617,0.8826134302926054,0.8226084439182549,0.7893078079436157,0.925312988800753,0.8684890288491443,0.7991704470795441,0.8385103757101015,0.8905461851108843,0.8181907100966462,0.7957921705272699,0.7657278458744938,0.8606494998128593,0.8381379715141001,0.9121833085930247,0.7208127200547133,0.8518220713202511,0.6541613302652229,0.828494268556925,0.764110438891484,0.7350881827066362,0.7091654368309557,0.7905635704693116,0.7591746711060726,0.8485351217749806,0.7347950078382429,0.9104927461180932,0.7777912438156621,0.9153529097038827,0.8755167630581482,0.7760920631314185,0.8808160500050627,0.7981254124554829,0.7869363050065855,0.8866184807379086,0.8902016680567679,0.861055180636957,0.8085274032172711,0.7514530259065824,0.8041120892431852,0.7054269892049352,0.8736962311086726,0.8912937594910278,0.8118793107280613,0.856913190888766,0.686775444842295,0.8225221775920922,0.7919707454878511,0.793152721017764,0.8354211956958549,0.8247798901173293,0.8173898867526033,0.8684481220194509,0.8849674645184759,0.8148088167590256,0.920485412728144,0.8009154442649415,0.7996707380166443,0.8304267107745599,0.7870778586275485,0.7881501298898689,0.8620616801028513,0.7258583519020634,0.889954871699706,0.9070336768239338,0.8939798788739658,0.786951897888304,0.9243003509880315,0.6361041759516667,0.9081440876618325,0.8334548430432843,0.8096361869114654,0.7760188678274277,0.8875773816506276,0.9258662141230176,0.9097451488528898,0.8709184220813375,0.779227471716646,0.7895640543071115,0.7590091326686904,0.8722149637963302,0.9020140158251979,0.9454535801616208
0.9004528884426625,0.0,0.8645645038127843,0.8304611912259092,0.7321008763415204,0.8694363296069673,0.8907049637010735,0.8723430218661135,0.8505318032074919,0.915587936798811,0.8365622052372181,0.9022044658320258,0.9169413477057214,0.8259052267470097,0.8505357219495643,0.8513052399217503,0.8700768339079535,0.8555569162395237,0.803935426395524,0.9033696688323707,0.816247682474313,0.8889034788706045,0.8736319437826346,0.8785354572792647,0.8881207721189931,0.8038425785060159,0.8370777120215438,0.8918653384350368,0.8681670216004366,0.7816469037746043,0.8862850456779389,0.8637920748538845,0.8877821858674425,0.909855403386962,0.8785096976607544,0.7901104544473095,0.8678258222444738,0.836178657890616,0.8350704963992105,0.8763017620336941,0.8441347073849591,0.8443557404258669,0.7178488345444781,0.8077679117034305,0.9371587991375634,0.9099083619360172,0.8269416342159881,0.7717988897170119,0.9198295542612489,0.8017399103207341,0.8070640751422156,0.8517423831691249,0.8056998893667632,0.8546396247568003,0.8024086026341878,0.8927740822283284,0.8530448362619675,0.8102969577465302,0.8383683925877577,0.8617681959815323,0.8284222849409717,0.6828124730777879,0.7301538254000114,0.7451433682763231,0.7229464511413662,0.7717786356355617,0.8922025294041612,0.813694827983166,0.7669370210649106,0.802137800819447,0.8622374416854125,0.7794172903606333,0.7541449714236754,0.8766369800434872,0.8693464073457491,0.8554176043952177,0.8044610947790718,0.8279390951382254,0.8326074487782478,0.6992517401919948,0.7761980313962301,0.8419082150905198,0.8834894981886463,0.8208931874920441,0.7631490343070012,0.9714993563268828,0.7479558258072588,0.7816853909780206,0.9009805746139761,0.9334752964958086,0.8005124045187583,0.8661744973280127,0.8016197434324532,0.8355939680021739,0.8421894866184646,0.9128269787212564,0.7206136013718556,0.9041310926538714,0.6805423173988933,0.9321589301090258,0.7887188382319696,0.683189101973692,0.6921196852401386,0.8237701393220046,0.7583602808467312,0.8860595434947572,0.7724065058326671,0.9258367183625023,0.8845915029342435,0.8917911903974927,0.8482476744650169,0.7632067309409494,0.8120041992588537,0.8045850720036068,0.8255465278814046,0.9455731596689707,0.8896794748343149,0.7956856599056571,0.7951628528790623,0.800328396730794,0.8024248449871026,0.7083398646419524,0.8205665513488346,0.8880536858923377,0.7325757725272581,0.9010800289822808,0.7529850719231107,0.888074530330457,0.8740483902436763,0.8361595272647349,0.8586416318561253,0.7720798939006737,0.7738893449659182,0.8543568249168964,0.8214761337659153,0.7470077035149727,0.9026333511278335,0.866692686241733,0.8583500545114233,0.8257936797279869,0.7815201788425522,0.7945160543039037,0.9502538313157974,0.7420038077146665,0.8608356862793208,0.8887733951336597,0.8898238746477313,0.8604038821777712,0.9263431479957318,0.6837890521656415,0.8088243528811626,0.8522669921909892,0.8264271890546172,0.8792426285670014,0.8910135727145284,0.8567358127291381,0.8730911125151943,0.8795326535782662,0.806019512827405,0.7589986311244667,0.8178905529411049,0.808314088005372,0.9346280815648857,0.852589350587136
0.8517328417349003,0.8645645038127843,0.0,0.819049577892526,0.8699441891556688,0.8594043684210905,0.8904738438889978,0.8276880767789768,0.7526897821452432,0.8722270507479603,0.9172284636965214,0.8999842286702219,0.8964097307063557,0.6841989269992557,0.8667549849217817,0.9309315420073929,0.9210900439484091,0.8695469856168333,0.8217670246787795,0.79715237941843,0.9347054646340722,0.9567559808414925,0.8293799382533059,0.9177046184854009,0.8556170856003188,0.8597536592182636,0.7574655533826958,0.8270779518909599,0.8147367299681824,0.8298377511500887,0.7675676885631717,0.8370063136302007,0.8320194872944326,0.7679698100408469,0.7214035540928965,0.6992973109371708,0.8689475285687694,0.7779097775509775,0.8477706933840683,0.8650746927979077,0.8183624592797903,0.860951772578619,0.8496720351882581,0.8302536046279901,0.8237757243335206,0.892840416762132,0.8340494189670646,0.8403545880254141,0.8976373692215249,0.7878050483959426,0.8909511807920305,0.8859495269667809,0.7275751526274394,0.8686550705287456,0.7899640074910451,0.7779951291637056,0.870331871667551,0.9008453237296413,0.7729248532522568,0.7542882207808299,0.8005118281079702,0.6235495582609923,0.8409223230519899,0.621607091575334,0.7340279637085991,0.7819341759974825,0.7964360110301026,0.8975582382280904,0.808444362656753,0.8424852112224942,0.896756262725107,0.6465637733448347,0.6804439327925876,0.9506165930965338,0.845835504920664,0.7107653713678437,0.9128017977485107,0.8895593090650435,0.8040709412001947,0.7233816837712392,0.8408462507401628,0.8191370503260087,0.914064439816758,0.7493919086226164,0.7296969736139928,0.8684353249711967,0.7329393651532166,0.7106838385983123,0.7623138544661657,0.802780396761969,0.8837782283988244,0.6974130410221747,0.8197073793674492,0.7613425734085266,0.7859346934695255,0.8562055725247826,0.6629875703011173,0.7484261156827577,0.5671580131292472,0.7805030760469633,0.6602106941450341,0.780518438570344,0.6600209792502961,0.7887562798358407,0.6726476302508616,0.9076193874914394,0.8176577112729787,0.8666507225194962,0.8621790548536472,0.892047802658021,0.8904840001692665,0.7224856634087469,0.7524306173551089,0.7318408745088343,0.7548252647001337,0.9108255128076475,0.755514523807722,0.8795574199254256,0.8430076755194488,0.6585240754210412,0.8222066455066535,0.7004864279917835,0.726359819256545,0.9349960541448888,0.6242385268592251,0.8897199720856318,0.6675726763306309,0.8485935977015865,0.7787767568860994,0.7953033719095157,0.7530128381965563,0.8894222768442878,0.6968567192848768,0.7328017410412369,0.8056030078532085,0.7439934129506719,0.8582579129300132,0.7933906291818178,0.8132404147311204,0.8513363717580917,0.727495496365923,0.7198994139339167,0.8181530601625133,0.6891296315023534,0.8369612429357041,0.7995929619547495,0.8967687097230523,0.9295424855459431,0.8565625396029035,0.6022642516690763,0.7495366286799403,0.7608832883038391,0.8510089731965562,0.8792003704999932,0.9291366819760747,0.8368339694712925,0.8767419455669384,0.9369400471542602,0.7041616393445028,0.7664974649794989,0.8081017294008451,0.678579532782847,0.8267915940926794,0.9005197643252499
0.772156003224671,0.8304611912259092,0.819049577892526,0.0,0.701211303251298,0.7345688668513731,0.8343832405352244,0.8055332520304043,0.6749677119624933,0.7741834552125753,0.8494569485816931,0.764552819188836,0.8327495125486676,0.7701445758706486,0.8555754358054436,0.7729249348557058,0.8257724578071369,0.8476022713086325,0.7621475206177838,0.760098770311378,0.7942107905534844,0.8466112292586536,0.805421562149366,0.8336728985031807,0.7448306102327374,0.833861789012224,0.812964361277516,0.8699004183295944,0.811271123251007,0.6395580326631288,0.7370695186688501,0.7275899226588294,0.9509109663742202,0.7697209406338353,0.7725604032790648,0.7720374178866574,0.772007923023881,0.7955024528247894,0.8216164467411261,0.9050765807994962,0.8956589822099847,0.6829867881850562,0.7329643348938522,0.7774420843657904,0.8473896319432553,0.8577395064091159,0.667200407929734,0.7475625171612418,0.845320400992464,0.7897990777182978,0.852370900711979,0.819070550061555,0.8038711325501727,0.9234183373142537,0.8445475883145996,0.6653956740551084,0.8269713021379405,0.7521269153194974,0.875929178164084,0.808653500536876,0.85536942088527,0.6275989571281965,0.7855782981093751,0.6749299955516925,0.7331074617494638,0.790317209432488,0.861856712922089,0.7320608662844977,0.8009020406328078,0.7908557570233734,0.7973591625229557,0.7287169999726303,0.7266179184892819,0.9114730807363746,0.8209959038719847,0.6941912906518524,0.8516523672179811,0.7562263293881896,0.8532233222030138,0.6253520152583474,0.7108705655980394,0.7971237690650035,0.7314993285829875,0.7928098590367302,0.7424810949601544,0.8301870773597522,0.6955784407101165,0.7682031974992531,0.7617600060114094,0.7369350456918177,0.7977936393303883,0.7025597818165146,0.7987067330732026,0.7812277264204881,0.8778883798253423,0.7643032998459203,0.7174086273728717,0.7117926764521181,0.5970241850330823,0.8555498857663855,0.7305465871165716,0.7355021689728863,0.7770443018788495,0.7510609502110047,0.7389879041067826,0.7850239704214739,0.8032635528687392,0.7643976463229041,0.8606523465123993,0.752220311936097,0.8212469973705073,0.7582416328243059,0.75430445919021,0.7433381764203636,0.8422161413082999,0.835801525882886,0.7223323841980698,0.7253865458477701,0.8156456160214562,0.699945738252172,0.7616662609161587,0.7672163518855004,0.689894280769691,0.8074325758699482,0.6371082158271386,0.8478825869700947,0.6949048836186641,0.7788864603873453,0.8143249724725784,0.8522054416856725,0.648722522027027,0.7247168987142684,0.7450347245547572,0.7721831818666814,0.7959637655917381,0.7092473801150386,0.7087426711498747,0.8615640972616105,0.8857690842645357,0.7732937926505123,0.8723687892520313,0.6711057895406008,0.8363217542053677,0.744034706168596,0.7806587870479448,0.7246702171109134,0.7504608061928969,0.8103260947747754,0.7345561775189209,0.5977840446320806,0.7861482224734758,0.798619757371478,0.8412405386353947,0.7635952897183129,0.8115277150483746,0.7843165049232489,0.8289647146871523,0.7745187932603916,0.862105705138275,0.7477688471992193,0.8347685732873608,0.6716779690254098,0.742656494475075,0.8060543779799513
0.7502494371255074,0.7321008763415204,0.8699441891556688,0.701211303251298,0.0,0.7377074192597013,0.8509574588318728,0.6742184045744282,0.6741399729229894,0.71219489966712,0.8090261749698591,0.8166120261435488,0.7386653120159569,0.6161930707960561,0.8108393558288056,0.8482149360634177,0.8292536632542022,0.7718391753506568,0.7327999527279492,0.6809035219809013,0.8677537993648651,0.8366699742862362,0.7653639499136402,0.8257368183659035,0.7151566480074605,0.8150852661804814,0.6656214462385763,0.6682051606487365,0.7423534206880436,0.8377573769269487,0.6930984611901446,0.7423814509069409,0.7456549292211104,0.6656437433761359,0.6595780517837416,0.6716912345015007,0.7538560997168892,0.7224489439253016,0.8062782680449383,0.7734850571773975,0.7937389964473829,0.7674674863985768,0.8617661392227032,0.8178612011381289,0.688434858096858,0.7910198942521758,0.8694213326303597,0.7833269214771017,0.8156331035920091,0.7829202917150716,0.864405364036083,0.835949226924682,0.6918296094014472,0.7648493903147605,0.7348812933327247,0.6838937090319999,0.8039092723178987,0.859492088620751,0.6643763746231968,0.6988179511732467,0.6310075347645272,0.6266852281088197,0.7998230482395382,0.6024063981026924,0.7196538880847174,0.6657862501075384,0.6454459712132189,0.8233081520312123,0.7247506710463896,0.69753787220698,0.8239652148469679,0.6200403217018937,0.5865657284396449,0.8106401836613829,0.7057946385775874,0.6342248695110496,0.8073204047354032,0.906490369053096,0.7224495189864798,0.7105136045498229,0.7601405436553822,0.740994289776857,0.8476441911226495,0.6379642445396879,0.6871833804838114,0.7429655507140641,0.6136518271211407,0.6758389664085419,0.6474480311193042,0.6846152845726955,0.920897994126534,0.654961131159771,0.8449578458060515,0.6773792234772683,0.7117927330824181,0.7572089236012113,0.5845907499949223,0.6506269440691008,0.5790459882206146,0.6531756197374049,0.6088497356542204,0.6797717997481167,0.6454206077553893,0.7079273194120856,0.6287789815266068,0.830022443064242,0.7238740468367701,0.7184206377421223,0.8115301570847133,0.7626181472955436,0.8088302135000299,0.7349770501021545,0.6256378057075117,0.6313727632755763,0.7007839496156136,0.8015154557988701,0.6592072448906228,0.8434485207285376,0.7399925054310746,0.6047669441262024,0.8747324964960624,0.6451629975269896,0.6452098867306318,0.8707224501816073,0.5876595765863669,0.7878595327305783,0.6310454816725278,0.780933787513404,0.6836845062718181,0.7415292296066475,0.6637290047048549,0.814111060676308,0.5944575299150651,0.6700272441748839,0.6814735069914899,0.75284633257369,0.7918260119250786,0.7641217417449249,0.6933925849609632,0.8257850238889016,0.6253704604393799,0.6833295887629782,0.7215625925009637,0.6496403767251628,0.7704774832104362,0.7457027960478861,0.8546424567520138,0.843647994220352,0.7285138585340717,0.5863780688706044,0.6560119425837856,0.7153192057793261,0.7766581781459251,0.8078647531402573,0.8099894128932861,0.6939436032834999,0.7225509552102877,0.832225560529984,0.6290687786601081,0.7313104275178223,0.6938351834430093,0.6247450544593715,0.7356479272189203,0.8399692452795472
0.9014165502466391,0.8694363296069673,0.8594043684210905,0.7345688668513731,0.7377074192597013,0.0,0.7683386156273498,0.8350207298752591,0.8139291600267181,0.8110203406012252,0.8519209431698855,0.8975948806432006,0.8983977786779336,0.7283074739375563,0.728663545692921,0.9105819920271223,0.8768627766360919,0.746121121273228,0.8408273805538998,0.8708206354489035,0.8676651339944269,0.8231300596619254,0.709100886788421,0.7955715680322039,0.8808708124336543,0.8006458568680184,0.6740675980760436,0.8177866004716344,0.7838861530504786,0.8069493129752238,0.8402339304422299,0.9588408768536634,0.7608100100631418,0.8814471722228331,0.8009638357766183,0.7350392237552247,0.892076193045546,0.8040432776235156,0.8113578952925774,0.7326664674914012,0.733607132682326,0.8743066953766402,0.7691026628350418,0.8590438744638935,0.8331439550736641,0.8164956635489288,0.8205395971103326,0.850748880057748,0.8115526715398483,0.7713709355431824,0.8265475835387655,0.9035126472812262,0.725616440449806,0.8159794272310437,0.7823038556948031,0.8919009337306998,0.862676104178114,0.886520147668605,0.6881398187392366,0.7642900855458917,0.8417649357554495,0.7198435565764818,0.837327907542539,0.6760031825027976,0.7136967854749239,0.8302178584099703,0.8079526105171602,0.8432476525262065,0.7031254431309225,0.8085526033064893,0.8971762686018081,0.6898825594704625,0.8066222274886172,0.8449157647680583,0.8879107691520631,0.8524099730698337,0.8310341458374135,0.8073598033567224,0.7989070160889411,0.8307287714895178,0.9152710330300409,0.8176472309565201,0.8612348118208535,0.8274305975288072,0.8362626129426732,0.8783867422681381,0.8612035792230327,0.7310931191928157,0.8373242381595061,0.8588523200863495,0.802038115059003,0.8024930095790301,0.765143552826198,0.8562082380770127,0.781342020113948,0.8849632312340504,0.75687454121466,0.8850048290223278,0.6753274548994497,0.8243561829750119,0.736432580000539,0.7511987235294575,0.6921201792328285,0.7386336018070078,0.7636720035331246,0.8761246457013394,0.8104342344619028,0.865132764793098,0.7499416780689122,0.895899498653993,0.9000691399342754,0.7598466824326221,0.8967376355729854,0.7846498284255249,0.7788674151805609,0.8711283166185905,0.910339501323795,0.7789965766902859,0.8616712802846203,0.764613149443826,0.7771174230457,0.7235902879764938,0.8879981318076817,0.889506484514795,0.7538842613429291,0.8606932888725854,0.7599792431997743,0.8480119454292873,0.8404372519247425,0.7086249006904474,0.8303800816979348,0.9093911810108054,0.7868467172402182,0.8537904996993014,0.8143495951579172,0.7474181692160154,0.8859279948745402,0.7227006750809072,0.691565406253442,0.7819519841247208,0.7049914694751949,0.8503624972661137,0.8325901267562953,0.7351479477276637,0.8773455077942005,0.8574695144187167,0.8778603807626439,0.805595987755102,0.8864192614106827,0.706381930921423,0.8290658085673545,0.8019442673518394,0.7514102470617956,0.7461802037013431,0.8851035828421222,0.8303304053579462,0.821383703574039,0.894692754763912,0.6885163532343327,0.8453281082241556,0.7136452255692832,0.8402458697688426,0.8837809764768612,0.8589228205776662
0.831163352359554,0.8907049637010735,0.8904738438889978,0.8343832405352244,0.8509574588318728,0.7683386156273498,0.0,0.7877217939495609,0.7596070815290943,0.8793840460969099,0.8309473241156129,0.8770275271889746,0.8444057199038411,0.701754127229139,0.9499030413504421,0.8210303124071717,0.8211646964729634,0.8827834574201022,0.752711252785069,0.7656182904108673,0.8313280229250044,0.9137854135411481,0.9277996738941954,0.9452397330829158,0.8392192218819553,0.8417550557927467,0.8103749240384954,0.7806476305556272,0.8224937360453087,0.7985432246619194,0.802469913931461,0.7499396326959679,0.8927242040640916,0.7724676953309056,0.7539656117203111,0.698106620099349,0.8433842015343337,0.7459741407991407,0.8225823813245954,0.9176990850871584,0.8597165550876594,0.8073657669342861,0.7840289938923645,0.8120325669718902,0.8375220176914095,0.9061451235167686,0.8521573390968383,0.7737577460797743,0.9453882534288414,0.7501671187954249,0.8325488711394466,0.8269440800169976,0.7174020045575669,0.827067912958641,0.7595918157665822,0.7885902628767745,0.8019667978914898,0.8011067089317945,0.8016064184016659,0.761165194632218,0.7222052059571549,0.5967279877659762,0.7207064703239424,0.6275160686235918,0.7120664698175907,0.6992714848075187,0.8036317551956358,0.8717986325312435,0.7573869413428176,0.7806257396024727,0.8531657695263624,0.6849557623812734,0.6201296052122487,0.8756611016931178,0.7392513649479686,0.735706743150137,0.8132178434845189,0.8974448512386158,0.7959713238015531,0.6701106091499462,0.7420528772182031,0.8068610569050156,0.9211469339444216,0.70279007674589,0.6617706630679846,0.8738990173115049,0.6596552130616649,0.7201078106078875,0.7716367553430215,0.838756518202566,0.8455492183188115,0.7517873206854914,0.8000269904744111,0.7231191897158039,0.765578071491878,0.8854572985887169,0.603752612066313,0.7632314014020061,0.5763454077031154,0.8031884005860078,0.6843561555644128,0.675412328285556,0.6865569296361086,0.8562334180267502,0.6418803929780845,0.8684090097979736,0.7118435835123531,0.8509640818895253,0.9240470266218145,0.8637878094761328,0.8360498309640385,0.7030521239236708,0.6915143326555556,0.6774582142747448,0.7547104023724287,0.9027335007365359,0.7382015568425342,0.8361059772920977,0.7511606231650803,0.665832425608885,0.8139327242202652,0.6735966568135509,0.688364246608809,0.9276903157320594,0.6240316143541059,0.8889766819231123,0.6315761006648591,0.8445028776808046,0.750365960063493,0.8497432927507657,0.7442754073988604,0.7292910692776917,0.6635309043964578,0.7171596775685525,0.7579140368461691,0.7405264002301216,0.8730260688726916,0.885727286655951,0.8627315730633865,0.8558536789528259,0.7679178510727624,0.6705266239220737,0.8413500963294074,0.6395511844073388,0.8127018482295714,0.84122170410275,0.8864645016502899,0.9202689532459297,0.8355439496489964,0.5673630153193199,0.7321389365515933,0.7778571391251302,0.7930322746804312,0.9357448067182796,0.9110971776965588,0.8264862490264205,0.8532969554667853,0.910283412489708,0.7740241394577189,0.7033042882733912,0.8461498473489749,0.68209200035007,0.847332381705882,0.8650627440686899
0.8520892750857862,0.8723430218661135,0.8276880767789768,0.8055332520304043,0.6742184045744282,0.8350207298752591,0.7877217939495609,0.0,0.8769231423627126,0.8569076412657309,0.7878392836740278,0.8838652898734336,0.8782118309947691,0.7333116828350921,0.8153609936856937,0.8241819065366087,0.7901990705147307,0.8215373279642944,0.7998380317805545,0.8451758829747805,0.7670793099007636,0.8308849389978376,0.8112486327414442,0.7760973175179003,0.8670439342284038,0.7668477830407917,0.832181631226449,0.8503924374768925,0.7294647533461194,0.7914491738658365,0.9046531006933809,0.8480726034886222,0.8307657008924468,0.8664188269412891,0.7801421749343678,0.7501351248899829,0.848919763879686,0.8093561193254301,0.816354234905547,0.7668316053973239,0.7502765466790581,0.7993035580368514,0.7638692097900914,0.7222806002582587,0.9426927370219328,0.8946727767488628,0.7540335906029362,0.7184319693747941,0.8224959354751167,0.7689039074109817,0.7879477821155703,0.7730147446977912,0.7043009341712888,0.7929242252027215,0.7664419947950839,0.8262752427492154,0.8047824781396413,0.8465684938329519,0.7359596073416347,0.8075097400898216,0.8545395696813959,0.6769710198106828,0.7468129311041436,0.669217401099447,0.6824177598739652,0.7740390997438771,0.8482633509424924,0.7960238250627066,0.7968691932998955,0.9178176716335193,0.8408470126762357,0.6945847741417099,0.7163786669565569,0.8536863465737616,0.8693930589994397,0.777054704830664,0.8206749009064258,0.742980729266984,0.8693206861736739,0.6178789525796822,0.6992430829705606,0.8646336641563729,0.8336502579855852,0.7989775402140376,0.7333194936869639,0.9284169472306762,0.8366581129943076,0.83412410081527,0.922635014553311,0.8978930190212424,0.7789639380075939,0.8254858586829581,0.7345665016109698,0.7487614477941198,0.7471811547650548,0.8679244101005222,0.7504643742586633,0.8478617506383475,0.6209940022413617,0.881210371336461,0.7125364236335231,0.8382106337271943,0.7559995483001586,0.8227597022320916,0.7711756255743223,0.8658132797029967,0.792728318222929,0.8565553448937178,0.7912588678011624,0.7869511147658843,0.7789214821753739,0.7292000983017526,0.7714382869889329,0.8509670653157919,0.7754354913816502,0.8616973599493557,0.7905184949704581,0.7765241558189272,0.7041983161386427,0.7595435650609051,0.7057957110511859,0.8419653446300648,0.7148966438709243,0.816983988107777,0.6430231773218108,0.8431285424322987,0.7230413287578423,0.8863335957972732,0.7796588278464422,0.7760362262446208,0.846454532760001,0.7726293150799427,0.7761390412011424,0.7836042389118015,0.7851124821723752,0.6441454021364911,0.8282596966795861,0.7644608434116495,0.8116722546241825,0.8795849812378221,0.7532588528615661,0.7267614897071777,0.8687787288088833,0.7360031453655841,0.7772651261270458,0.8797162538964728,0.8643028920188022,0.8079886217451091,0.8730178133163984,0.6327931789197596,0.8352120531685375,0.7298617655401608,0.7897622801533243,0.8179287642815866,0.8773049834921622,0.8766903666001007,0.8031258559723433,0.8388675463143896,0.7050903776898964,0.7171483304547482,0.7098513577439874,0.7137994529653174,0.9137530648482488,0.7747916485732118
0.892435599001168,0.8505318032074919,0.7526897821452432,0.6749677119624933,0.6741399729229894,0.8139291600267181,0.7596070815290943,0.8769231423627126,0.0,0.8212129469709553,0.7260287796058922,0.8591230464332492,0.7997779722762534,0.6944878275840185,0.7587533575358967,0.7566329496191266,0.7315445852741376,0.7998896574145011,0.7891389216390947,0.8694954227299011,0.7193211810039795,0.7971171084065435,0.7845269148580227,0.7349224921941182,0.8845642355328514,0.6609688834339131,0.7563026850351767,0.7846645458599943,0.6726439494344857,0.8532657128511604,0.9122210064084929,0.8128881417558903,0.7116744827871639,0.8109152288366447,0.8032918709162213,0.676570105337877,0.8086246185816567,0.7518467727177036,0.7314867674173362,0.682529976317085,0.6607422649735518,0.8873233277334848,0.7011732694655357,0.6924369646340953,0.8330899548596099,0.7834540331800898,0.7745725446871016,0.676057676798546,0.7986669944960394,0.7169433406601823,0.6995910540842307,0.7203400976594251,0.6722509089263966,0.6873043625819748,0.6597842129083421,0.9002060766813262,0.761366395787518,0.7949364167302746,0.6926324851076657,0.7272728599392689,0.7257291929317315,0.6326206615698162,0.666873443841947,0.660250488044023,0.6925861051780288,0.6907801489708911,0.7556762098343672,0.7770109033747595,0.7341931787601312,0.8420487062685699,0.8012360121940973,0.6718237392750481,0.708103306381232,0.7377414830491944,0.7983153924384826,0.7977918368084688,0.6860253862520552,0.6949610544033978,0.7302725733016957,0.6111348685467881,0.6750336865821802,0.8633609417395788,0.8422126747706313,0.7067105366350125,0.6946250964104661,0.8849143035931163,0.7924967683449096,0.7801756287749982,0.8539999484641867,0.9039346304550702,0.7423079968559999,0.8629143564724059,0.6767455720560537,0.7177334924728879,0.7058435778575759,0.8531720472932683,0.6777909440315472,0.8704670386888386,0.6441772564990049,0.7805938615606159,0.6717815578547782,0.6873766807464338,0.6759915283528762,0.805527317338059,0.7221396887081707,0.7818462209085376,0.6567290013310094,0.8673221102847529,0.700265379934392,0.7861128095103741,0.7324048997265892,0.6969276921639956,0.7352736976211808,0.7971718311553903,0.6807727387714777,0.8163953958388988,0.8237242280230259,0.7758760054705313,0.6420682179106465,0.7473251106389003,0.6844613777662346,0.6950246221907551,0.7411519601236615,0.768217183764429,0.7069303325922605,0.7406220180516639,0.6764728966119654,0.793292630303622,0.6959187194692485,0.6906534430170619,0.9368888816678101,0.7230726710686819,0.706978239282807,0.7898272367200544,0.7429286954309353,0.6529460428112481,0.8564818470808387,0.7024647035724285,0.7194810442412595,0.8230355469821846,0.6673264140738028,0.7203857111964149,0.8525971323750807,0.6971693173589595,0.7317237324414909,0.9202407967139871,0.8780662223994775,0.7070224934489466,0.8936307532327791,0.6230583127414661,0.8040006349531466,0.7241138806427139,0.7496514424564785,0.7732035320349772,0.8204416255687446,0.832812889515876,0.7577564919399541,0.7872334182224209,0.6545844143657348,0.6563656599756948,0.631493194775199,0.7776960163076914,0.9298572470616842,0.7830582111797502
0.8451374391828055,0.915587936798811,0.8722270507479603,0.7741834552125753,0.71219489966712,0.8110203406012252,0.8793840460969099,0.8569076412657309,0.8212129469709553,0.0,0.8050170176385787,0.8647763189358586,0.8833938945216661,0.7187582430404519,0.8330931623573067,0.8136743902959003,0.7946600822031045,0.8585088932229747,0.7402428852822109,0.8050575072311396,0.7566914685405717,0.8735963725017084,0.8937422271539285,0.8481813162716185,0.927851036289023,0.7521331178399184,0.8401214028781013,0.8405754279375298,0.816609958684168,0.7988710110589137,0.8202563434667677,0.7888192033079807,0.810541019059054,0.7979602346688472,0.7580475044647973,0.6656894429330741,0.861428152251656,0.7408167767090349,0.7360835823590883,0.828667945769582,0.7393406042903649,0.8518513386063035,0.7057917711678896,0.7285777972189454,0.8638429148427912,0.8436817064940446,0.7902072092400687,0.7356541287939882,0.8960414460847039,0.6764940689443666,0.7220310074487108,0.7472632672441587,0.6580255641962368,0.7535881422957262,0.7149277214202415,0.8624395513148102,0.7370537346337317,0.7798747357877958,0.7806919202543172,0.7246655632739819,0.7641163772703786,0.5828921583081832,0.6660137659167302,0.6308551025207076,0.6284420390252384,0.6809845082203146,0.8250439350444314,0.8426193356671676,0.7863310842506064,0.8462113693557163,0.7914175678211108,0.6679239175092802,0.6567424842425217,0.823663953664906,0.7853213857447144,0.7774714514564082,0.7582013612124293,0.8006891486010045,0.7510778638276076,0.6489727917045854,0.73503437604978,0.7570147100820429,0.8994887029050097,0.7459662848643405,0.6381324554363613,0.8926635078870204,0.7299692628513953,0.7047224410006632,0.8445709111406754,0.8858505176766243,0.7474347698560363,0.755786017938731,0.7100426403296942,0.6957269789679381,0.714319502270835,0.9162262010954717,0.6041868798875119,0.8295463093152986,0.5701764795223928,0.8211132095651277,0.6841821908107018,0.6791701736299838,0.6373381270200101,0.8931125515982458,0.6390430247086555,0.828981020061785,0.6795240792842014,0.9499825471163559,0.8182784330992955,0.8694609185586898,0.7686411920384221,0.6375728768651391,0.7370365934926691,0.756907872418277,0.7082990923120541,0.8810110129094905,0.7932818622341838,0.8175103081157526,0.7348389839085114,0.7087776603177638,0.6971980832016825,0.6712693435049895,0.7149377683436186,0.8434931504952615,0.6377917020352074,0.8647909852149539,0.6231216552150687,0.8142305627495583,0.7630488039209806,0.7795281401300459,0.8530428582393002,0.7146798531810448,0.708284463898596,0.7043521609682071,0.7526979329683007,0.6606286997606522,0.8801820897231648,0.7823167535851292,0.8539607499792597,0.7906332951511901,0.7684197439339138,0.6896889632782002,0.8148287744450964,0.6276410041755939,0.7844725001326431,0.8491425831277511,0.8301048766974889,0.8631139048643555,0.9353246107764771,0.5907678868486407,0.7280582485024419,0.7658420128837224,0.7396397462763528,0.8937296421732325,0.9006974767100809,0.8549001853829341,0.8602329670609143,0.8890942812721934,0.7418195082615483,0.675180963288014,0.8393528807485434,0.7164384340720765,0.8841267272860586,0.7968518021189543
0.8984391197939554,0.8365622052372181,0.9172284636965214,0.8494569485816931,0.8090261749698591,0.8519209431698855,0.8309473241156129,0.7878392836740278,0.7260287796058922,0.8050170176385787,0.0,0.8106869621871302,0.9258261734668987,0.7609718617733836,0.8348523035463573,0.9190377104700276,0.917679119229539,0.8917855765491259,0.8030829834145105,0.8534990007549045,0.897333781681269,0.9288870608922399,0.7620569186414263,0.8813627224218982,0.8418614650131216,0.8902752153186639,0.7374839023298065,0.8691258725289702,0.8627621261819913,0.7331961363671787,0.7654123796436948,0.8471408028455728,0.8374714778955983,0.7658175150259693,0.8112250905481537,0.7320428273866029,0.908208804878388,0.8541900600407292,0.8558510395666136,0.8600840701948899,0.8174673278929084,0.7888235085881619,0.8578975722871789,0.9069797624113971,0.8205245316947722,0.8366117286000185,0.7382722706987954,0.9344639438217868,0.9141137433245453,0.8138168505275941,0.896135206159367,0.8863749464624642,0.7597269350106173,0.8993004805699242,0.86648064078154,0.7309871348466151,0.9097195071277445,0.8405247057507022,0.8397964311907565,0.7570861072190663,0.8757823622340584,0.6418148938276619,0.8958517753021874,0.6781493216556066,0.7872590391012597,0.8614087993470103,0.8578056974884518,0.876603843710631,0.8581088500808144,0.8579580239856776,0.921412360306306,0.733465762965946,0.7980347452633303,0.9412115167702877,0.87527020676065,0.774768724129859,0.9211994164178239,0.836301670376576,0.8354808748456255,0.7833849667770891,0.8834399336964013,0.8030142123512541,0.8253197855630845,0.8446168927812705,0.7973690975554142,0.8479416189837856,0.8072666460256824,0.7712329934493206,0.7489181843166982,0.7603822082490173,0.8687381613406401,0.6760978769994817,0.8443794440697917,0.8492052567173095,0.8873672395662237,0.8403332133979616,0.7116488568383875,0.722202818957574,0.6157352483122147,0.7846139613257967,0.7576972797126498,0.7810414495884104,0.7040087225088775,0.7320868852751908,0.7403932297857314,0.8398564234057198,0.8025731075050362,0.8266376451430723,0.8175350138833636,0.8722933576931362,0.9050719360814815,0.793002749634208,0.8550162458962607,0.7720691386849614,0.8252862338345504,0.8614322434123132,0.7839413778359308,0.8809139365130307,0.9120610260380001,0.6973768104108862,0.8621332028093915,0.7218286477785857,0.8063097388564359,0.9005029695179345,0.7416851396422126,0.8976676355660561,0.6733885797858796,0.8004751360897409,0.8188816112635515,0.8450632578607388,0.6971000938156078,0.8730478041382463,0.8127804289130011,0.8110487035649523,0.8861487737222108,0.8540374561915235,0.8251365013945053,0.8306146608072273,0.8312858067998586,0.80416523690558,0.831102314154144,0.7715615182190521,0.7905864986366357,0.7402152875337875,0.9165074920130667,0.7731176173704619,0.8219679596841284,0.8397016111228478,0.8282073398652168,0.6264207939354929,0.8432803384776653,0.8450834833289609,0.845681024731934,0.7554178495513656,0.857063114672497,0.8616667999004906,0.9197766003967588,0.8553295837715058,0.8134756232169457,0.8551992047244683,0.8313898805535174,0.7717249829812213,0.7806058713350661,0.9545967917695831
0.8697181712621965,0.9022044658320258,0.8999842286702219,0.764552819188836,0.8166120261435488,0.8975948806432006,0.8770275271889746,0.8838652898734336,0.8591230464332492,0.8647763189358586,0.8106869621871302,0.0,0.8458269692674326,0.6816183876904324,0.8456830928810096,0.879350794277723,0.8514032160273333,0.7974518587765663,0.8826413160141979,0.8345795352928932,0.8855230665153724,0.8766390883145181,0.8335376053352214,0.853625906161248,0.8897930928064958,0.7892948788847239,0.7411675529259013,0.7889795689960925,0.7643731818779259,0.8930318105914623,0.8983919284446621,0.8872270833055315,0.8176622714329749,0.8737576468897246,0.7698193472052869,0.7484343992361466,0.8488801617671842,0.7771084677979281,0.8714331448247286,0.7769173272275421,0.7990836860243834,0.8904605667567564,0.8208312451847246,0.8168423236155619,0.8694697132161446,0.8993212977706234,0.9012780581456953,0.775363714664283,0.8663992373444723,0.8066384985682754,0.8586845520461135,0.8736957006286524,0.7312427409806147,0.8271486081565681,0.770778728701519,0.874482155137598,0.8565939878924733,0.9277262872526539,0.7115220957230374,0.7941458222971113,0.7623509882554566,0.6796299309638596,0.7861405644447016,0.6582550965570809,0.7350349839721325,0.7531811478066743,0.7675906036527038,0.8465538511090173,0.7260164569094408,0.8183992557368244,0.8855180785303418,0.6653873105249187,0.6760785646968986,0.8624976728333802,0.8322279858523592,0.7722733038474479,0.8217835639773718,0.8494442305253421,0.8205907304196653,0.6905780388728833,0.784010764049987,0.8882121698614447,0.9267712934838993,0.7282327650855502,0.7590342757168491,0.9129068876843474,0.7554434011468409,0.7616554204412831,0.8440449372274869,0.8854200803788264,0.8558057873462402,0.8600560217744119,0.8027488588081158,0.7690803139551285,0.742379937279171,0.9081043287012968,0.7087145965824295,0.8844799253015754,0.6316799345280912,0.8207381098032633,0.6779399256511605,0.766388807967952,0.7366608114784196,0.8633831488295465,0.726317044461756,0.9155148336353275,0.804225718444548,0.8743005752662979,0.8304477558951946,0.8706694938619011,0.8877935787637927,0.7554628392538975,0.7410149474882686,0.7468119517331165,0.750016645215148,0.8958585052376901,0.8347326674875823,0.850423488817638,0.7661890076442381,0.7121371419546861,0.7881642500419628,0.7339756524248096,0.7509341048329901,0.9143463072113002,0.6500090882951981,0.8747305383893916,0.7236153384477717,0.9025452026760331,0.7955435775211388,0.7450448383206637,0.8499046363916903,0.84344098431392,0.6795773381341166,0.7868888172917884,0.7831211703215311,0.7069502036089822,0.9093367521606787,0.7739999682845735,0.7519431093959218,0.916897302695983,0.686876185747747,0.7573538340027223,0.8911010652214818,0.72730626943085,0.8191793885142532,0.9219637004129213,0.971443781351303,0.8652409951520478,0.9152243800719579,0.6448213066552674,0.7929505198602442,0.7744695030603063,0.8151545421622839,0.8760938694838117,0.9611859444121112,0.8286816711549533,0.7900912284546263,0.9207118254559219,0.6656040302362528,0.7371616227507982,0.7055980246889333,0.7309114015369312,0.9479409263488277,0.8408927206702017
