0,1,2,3,4,5,6,7,8,9,10,11,12,13,14,15,16,17,18,19,20,21,22,23,24,25,26,27,28,29,30,31,32,33,34,35,36,37,38,39,40,41,42,43,44,45,46,47,48,49,50,51,52,53,54,55,56,57,58,59,60,61,62,63,64,65,66,67,68,69,70,71,72,73,74,75,76,77,78,79,80,81,82,83,84,85,86,87,88,89,90,91,92,93,94,95,96,97,98,99,100,101,102,103,104,105,106,107,108,109,110,111,112,113,114,115,116,117,118,119,120,121,122,123,124,125,126,127,128,129,130,131,132,133,134,135,136,137,138,139,140,141,142,143,144,145,146,147,148,149,150,151,152,153,154,155,156,157,158,159,160,161,162,163
0.0,0.5922124829190124,0.4577687401702702,0.5175795670250826,0.41655037931716055,0.6359935851151438,0.4734264003164963,0.5062878179822025,0.5581617473077809,0.5021112818025559,0.6172520865517818,0.46240099316740113,0.7517351173177365,0.6192531238222136,0.5101973031232209,0.6010886733624018,0.5706985079406617,0.579959081968337,0.4792684301967765,0.7971889172929166,0.5376400348780326,0.5630585312635407,0.3967587116027817,0.6853659251735428,0.6557374656532857,0.5423887442368941,0.41974972505551256,0.5484930302080405,0.4941833270799055,0.4171341927514181,0.5753337339926774,0.581748561584995,0.49099219650405906,0.5223142924547928,0.7234191751871213,0.40543334617406307,0.6970281965700222,0.5019369485151424,0.47088787378760466,0.569738658729371,0.40894490853053067,0.5876806298109344,0.4936094308865769,0.6628951857710305,0.590843487286028,0.48972804470336156,0.4153883616824226,0.5408109363584741,0.5250919072005756,0.4341255043357758,0.48985008991501244,0.5436706254928272,0.44522798175187006,0.5440268448905615,0.4849170659048677,0.5803831488073705,0.5677076634324386,0.45251506062069735,0.5498534975040842,0.4429342618320004,0.6657263387896081,0.40573198865471777,0.5232532973929426,0.4267354851006612,0.5144016416763568,0.6570431671477646,0.7101000542995348,0.6344963131275096,0.46526467656566933,0.6207789199685114,0.5870091505687148,0.5654961688471127,0.6192720181371325,0.5770087036315991,0.5701623304686173,0.6477508401061429,0.5166146702045833,0.4945788226938424,0.4929359753695898,0.6046910116949124,0.5528764384357303,0.4876584375654383,0.615065243261256,0.5810334626711816,0.5014789143302276,0.5299265447819265,0.6294063283290128,0.4612824255354079,0.5391219220196741,0.6018015355791461,0.4363716966794802,0.45759151317846947,0.4298763195762109,0.6500066873311853,0.5173624662099532,0.5639032607934475,0.4832817668852825,0.5062382661689638,0.442471016485637,0.6032555512703652,0.7082879551682044,0.471796424344618,0.41727818963388286,0.41877672195881094,0.48081915647260665,0.5059317772202728,0.4564552527276261,0.623885170233789,0.4521870710862181,0.5810381420687416,0.5828500782934279,0.43972223319021636,0.6043360362780967,0.48737889330981893,0.5484390013494485,0.6198386164463604,0.6337459740915724,0.45042701914666866,0.5574099303061218,0.48817252922356874,0.5137870891525865,0.401428236071079,0.5854988063704344,0.6378123673594468,0.5833109987797301,0.5520070626255644,0.41338330339166496,0.48839552427179184,0.5114122603034115,0.49406645099247176,0.5215326081401531,0.5142718523010126,0.6565268486028359,0.5738483255633954,0.5921018260187804,0.5889693010874993,0.7148456328079174,0.5301813504255624,0.5317506144109807,0.42769339765586817,0.6232645407410258,0.5885366854320729,0.49297371199950163,0.4046193113875292,0.6163170662913647,0.5182272284512516,0.4657410643724386,0.4775975040092027,0.525024342197617,0.41881844968747667,0.7254277532707633,0.5190873954538997,0.45460514744637903,0.39588502421059724,0.5143778426293041,0.7292969187519024,0.46796038690321345,0.6560295233239902,0.7181770770131393,0.5293055859763325,0.5001677682861889,0.7681298846949164,0.41758189612669666,0.74428507429942
0.5922124829190124,0.0,0.6144524758520666,0.5751867568402679,0.4860001165139718,0.6217914865907959,0.5009361644559369,0.6173878079366105,0.6013942296521901,0.7196422512394738,0.5743102686580849,0.5570749619859244,0.595222057794947,0.6567489430748742,0.6070754296504683,0.7028618534601607,0.6545880645830424,0.6124239541154608,0.5145692795351877,0.670690216938258,0.6609390413921612,0.7720126123146489,0.4188345153951181,0.6485711252708991,0.7151201063718902,0.562719642776761,0.4628343799181752,0.5020527455124456,0.6391718187721646,0.44830297621047527,0.6799654289236408,0.6064948273144397,0.5981898415421658,0.5050098120847049,0.6792400112943565,0.4919521846513881,0.5504180996724849,0.5901762404394709,0.5553084544893896,0.6111862186769258,0.49208539763134634,0.661501711749607,0.5669263589528122,0.6837542673051199,0.7081845824169604,0.5336368990714678,0.48972588812965606,0.49774223164050024,0.5235817816922278,0.4997604793401325,0.5297832250681122,0.5852205999718612,0.4929110540524988,0.6951508155692542,0.5568438272342618,0.5916118908855775,0.5710457909577182,0.5425875415857359,0.6372996363359352,0.48888558648625996,0.5834051963991287,0.45243065883108485,0.5698604122667308,0.5188973073331028,0.5502566418567618,0.5976386087426417,0.5845234445423088,0.6036352000217573,0.5656155039148559,0.674456290005123,0.5927685803472156,0.6137259874662472,0.5450467301585806,0.6348663354526759,0.6894963685801468,0.5192232156984639,0.5137859076208193,0.587628874516665,0.5437582638926571,0.4594591088098542,0.5781843750396322,0.5371899324781572,0.7445245975803455,0.588292192967411,0.5379964535212588,0.623621720490977,0.5258883800157171,0.4963297355117401,0.5593025570136514,0.5901222277448048,0.4860905162044876,0.5324820575025057,0.4918857663307931,0.5162432082199453,0.5591752986883068,0.7192010997735032,0.5557300799785764,0.6180744466059178,0.4903813204259657,0.6140618326435527,0.6239413925091208,0.5236119761169297,0.46479807837072307,0.5504561333152007,0.5337128483886898,0.5799564799715651,0.5305154238038813,0.7865416181366529,0.5261181709364476,0.5255371408810753,0.5775240324401748,0.48683741320624796,0.49281959413580945,0.5553404292695596,0.5680852709649014,0.6298221167282355,0.6289253655259507,0.4971975553315347,0.6353543521614023,0.5358183697545926,0.5666399080038239,0.448964075286959,0.4912776139815119,0.62554500135695,0.49977916960633506,0.6948442854831369,0.4590071964661613,0.5858256483921674,0.7067132152616106,0.584285827362928,0.6428660874049981,0.6030074518331512,0.48520007469388926,0.5726252129947846,0.5969839745017246,0.5923511259796304,0.6691224244083168,0.6084520153357149,0.7042018360323316,0.48573996857871937,0.6659088015347795,0.7142115946114037,0.5479339076975482,0.4791283529133944,0.6857456062534745,0.5720727170496693,0.5593048643300402,0.5763902110573424,0.7682839794504411,0.517179252230239,0.579012528718084,0.604345163008703,0.5161652984610515,0.49405328412754496,0.661296024064582,0.6225550426071021,0.3902699926788863,0.7358301792372255,0.562653956190472,0.47145411123347547,0.5948454353214904,0.5961486496672735,0.47846563986795193,0.5874008666919638
0.4577687401702702,0.6144524758520666,0.0,0.5055443785788694,0.49139636826881233,0.5213791987806073,0.41788390063345526,0.6066547336618505,0.5464451637790542,0.60149311226589,0.45471668811825133,0.4855088153917457,0.4659459430769532,0.5572940263785381,0.5316304595551421,0.5492472009199209,0.5320111120209027,0.5083070520536637,0.4277826431265924,0.5032039180078763,0.610724558049527,0.6958107593520909,0.3673381319855956,0.47651050194670486,0.5164743669784168,0.5428490972908817,0.4161305299348388,0.39542507842998104,0.536818922885174,0.39740864390197017,0.5466754469675261,0.47452722395110886,0.5760390521350894,0.40547500884314275,0.52470186792573,0.5438611802018535,0.44157806971440045,0.5999716663628679,0.49576994326734297,0.4913205233341292,0.5341249085257539,0.5711689481045447,0.5350441501936553,0.5533505175781575,0.5787711507847505,0.4750903844073222,0.5246691655898768,0.43535597463627407,0.41743420930963,0.5069496270711695,0.4724767029933055,0.5650906437198961,0.46367113891532236,0.6006559956096204,0.47796797123677937,0.5308837101323505,0.4702905369287511,0.5364591139004856,0.5295935297867751,0.44483516816056495,0.47679442329721117,0.4779760719810121,0.5725695897278444,0.5854876117534152,0.5089952920676741,0.5004679169169515,0.4772517354373464,0.5393030737441994,0.6140503497545566,0.5678565704824511,0.5590886115045169,0.5263955117056494,0.4851970529531338,0.5251627340768096,0.6052516878153008,0.4019407881048515,0.4279530273527397,0.5205130579246396,0.5284993480871374,0.3781659535459199,0.5551717088411259,0.5306412377939809,0.56788064300827,0.552634677845526,0.5033424846709955,0.6218593745975818,0.45542572151586685,0.4538125893460444,0.45777563113075864,0.5120833372110936,0.4795140600458124,0.5156399379975205,0.4498765751584849,0.40374876343396465,0.5301285726926008,0.6403455410891846,0.6089198372497917,0.637909438623566,0.5064867474992432,0.49645341434264484,0.4772639742793281,0.4822085844517976,0.47258231967729475,0.6396506776238037,0.5281135829824117,0.5588476584691,0.5140482316691739,0.5869812809555621,0.49734836060063936,0.4324205298697021,0.45328199041640505,0.49330339228275066,0.4301564791945634,0.5173326487088867,0.5054786572716906,0.508896329873372,0.4819323829002437,0.4204005096561708,0.5989777560145341,0.5410281891772744,0.5272850554603283,0.48258135364117527,0.427238730785605,0.47930638121222924,0.44018687869719497,0.5422845883004853,0.4758339790130993,0.5409757239619588,0.7020667572991396,0.5987179004504061,0.6090635442225161,0.6492920905054097,0.3955362030841309,0.5242584486238734,0.5174564885398841,0.5362690371399049,0.48869082078922343,0.5410298774293358,0.6121704428842903,0.4565000334623381,0.5613778667854775,0.6083201452189945,0.4890079917190075,0.5409020239504276,0.5780740797319143,0.5342745123604741,0.6202009817580547,0.5270033115647234,0.7058916772479092,0.5974894258941553,0.45627092133788133,0.5108359217609149,0.46349669482467765,0.5394739489959739,0.6187438432936591,0.5028095805343054,0.3226696934504735,0.5575985035051062,0.43727599053893285,0.38463409207774785,0.6033118412134746,0.4690785604201134,0.5057223225083475,0.46669602429267215
0.5175795670250826,0.5751867568402679,0.5055443785788694,0.0,0.6187755774899641,0.4617076387893946,0.6142794257019829,0.647923469598166,0.5972961882358377,0.5530140853612517,0.4977765932363991,0.5981988589871737,0.4834384427417406,0.6087623837404605,0.7483475197247769,0.6464986155837819,0.7422492557055613,0.715200010980594,0.5769258773165454,0.5357136752171803,0.6996491523520889,0.5666757870390371,0.5184705665801379,0.5481069484198987,0.5586329973297441,0.6044538311399622,0.6141829197647443,0.5255838823945457,0.4938119897471986,0.5397485641536818,0.6976451241792835,0.598294857299081,0.7150881953566193,0.5678357146721439,0.5788981867409017,0.5846872204681268,0.46151869137277707,0.6544897298845581,0.6784292078832077,0.751715686675,0.5716948962563336,0.5796395796490796,0.7152758128694046,0.5615636379676889,0.6957590993425823,0.6928579013167303,0.5252942587816092,0.40313019662281663,0.5868140972363095,0.6373513865340195,0.7531129941887782,0.5842255926294467,0.5872020421309327,0.6994847437432171,0.6182964164596313,0.4811979163548133,0.7218845991951711,0.6767971395797423,0.7239478791341912,0.6673341198084908,0.4799650495786266,0.5472837576025034,0.5897913180876911,0.5625162497077358,0.6409778197817507,0.5891284211481227,0.520186432209563,0.49335036602442384,0.6264195679725024,0.63981713775155,0.5503896751988676,0.7219093996881921,0.49944759424556107,0.7891415630472117,0.6560127246425814,0.49426738653479524,0.6224013033135807,0.7543489360774912,0.6544271746630559,0.40513861098930504,0.47090446340111886,0.6440577435182904,0.6194357709106922,0.48406579306800784,0.7033224254678075,0.5815832509546908,0.45178718223871145,0.6939028602995098,0.6679832284750172,0.5034079539401309,0.6643749371300873,0.6662951278006157,0.62208598227719,0.5126563615049085,0.6567471948095189,0.508178692088864,0.5467535636958687,0.5612769457455051,0.5687658060871404,0.7287475552673991,0.5552286885234798,0.663479668634924,0.6142628671772634,0.5432740727227758,0.6588115174008015,0.6715531199681513,0.6847613912772277,0.5962773937569205,0.664978327783761,0.4117209860839508,0.6024414690451387,0.629111592603149,0.4181853232061729,0.7719981618009455,0.6719522069332486,0.6674393032864814,0.6129493389368572,0.5198679985791678,0.4970386530626431,0.5841083321056341,0.7259021325991215,0.5586748309555739,0.4135084106849756,0.6593132943618472,0.42784990211319157,0.5722424262993558,0.5721509177916648,0.7079042091600163,0.5893712503793814,0.6262647714768902,0.5764327447661174,0.5774341285395205,0.4493217523971906,0.5669547432947251,0.4640871029399642,0.494466302049964,0.5073240072062062,0.7770324245813418,0.6990642855832221,0.6512166062808776,0.5301025413292415,0.618473783739663,0.7537794713001781,0.5520240629856793,0.5745965032653958,0.6719036660768818,0.5626347998518326,0.6630259191900201,0.5520745906826201,0.5348678763616758,0.5841163734916724,0.6531945464856689,0.7023228517330694,0.5369179481019798,0.6910697934386247,0.5157520744474385,0.3546661952215153,0.623340390553162,0.5110272742404133,0.5448052303484803,0.5339579131309166,0.5182388321183586,0.5609458269941635,0.5566715464423149
0.41655037931716055,0.4860001165139718,0.49139636826881233,0.6187755774899641,0.0,0.3943438883994415,0.5279676939179293,0.5677669879002901,0.5308898320165671,0.49141371609678647,0.40223752086404047,0.5461744369061826,0.3928311205871491,0.4919846839747277,0.617657540383571,0.513119330327943,0.57651562888607,0.5583584511981681,0.4915987006909868,0.4304014130397254,0.6057982060565449,0.49111386230481996,0.49273926504057264,0.43905039986086114,0.4511377235405506,0.5179001659807384,0.5772243992455944,0.4208604588946218,0.4291678198725159,0.5364227685731726,0.5477931956304838,0.4783891082662628,0.6296828967532293,0.4583538506350082,0.460417518536451,0.6759748007200237,0.37810031843392194,0.593621525222583,0.5780117757646526,0.5565945965692142,0.6581766018637336,0.5130500354068154,0.6288717232232237,0.4582503954052924,0.5365372397854731,0.6083664122039295,0.6174754848734354,0.3440294013359643,0.47224814600380227,0.6995533157064708,0.6284125605864994,0.5269336234802926,0.578317232171512,0.5564451846924094,0.5069282905659239,0.4301475951374063,0.5499309450044926,0.7079166054744012,0.5653886163256201,0.633089053074067,0.388102781454138,0.6135356559534824,0.5259422685707544,0.5966214010972177,0.5700773143830452,0.4711752757426687,0.41676092180439955,0.4238956218616096,0.6120900237593084,0.5029136163831591,0.47591408111919425,0.5620631396440207,0.41929670150853715,0.5705358239931935,0.5421544609519019,0.3991949144972724,0.48803565413561806,0.6724358369651912,0.5894463116309008,0.3412437888275073,0.41931766662573794,0.6148649923952602,0.523337362342696,0.4135719114581794,0.6226692198227987,0.5273531419769255,0.3751269762749129,0.6222685210526792,0.5318738410079402,0.43409725116595294,0.7692986676338875,0.7089626350696081,0.5992076014188619,0.4085472353757294,0.5774056522522215,0.44282978991931765,0.5031796859948174,0.5298996639288467,0.5875275778264089,0.5419704943919234,0.43072267741461456,0.5546019483110101,0.6833868419938186,0.5852861114538025,0.6123680980639263,0.6290183551376922,0.6604397773853888,0.4980171238069668,0.6742037818173479,0.3517708132380352,0.4733080764510887,0.6645123277968679,0.3543318393104517,0.6630827852824563,0.5475993158146836,0.5382379153637048,0.49094497161958717,0.453689568007575,0.4321318702197388,0.551077302372577,0.6410370154728563,0.6126830901001067,0.35550501762502795,0.5066854720111547,0.3672964929566772,0.4699644771054726,0.6520829843199797,0.6225285188600046,0.5224085943602885,0.5733929277074945,0.5471255099451621,0.535945481229818,0.3620459819065078,0.4836538415047903,0.39021414941349064,0.4277963658313955,0.4209742662486986,0.6165763332721497,0.5616186775287341,0.6707581249073845,0.43414642064069414,0.5154898927008537,0.667607034991862,0.6228883030054766,0.4729113937397163,0.6091829410252322,0.578303349429727,0.6212997149472237,0.49528058223998395,0.5777336565015697,0.445918173530722,0.5539012093615381,0.6379447777603487,0.6547451957201244,0.6179118154744365,0.41834193002472725,0.3004018566301051,0.5061137675331123,0.40195094280771015,0.4377497699997113,0.49259678376922345,0.42201615982105384,0.6263750754925931,0.4444905906695618
0.6359935851151438,0.6217914865907959,0.5213791987806073,0.4617076387893946,0.3943438883994415,0.0,0.41115871768467793,0.5008236935909557,0.5235135734701022,0.53056039695578,0.5951531168359384,0.4429117109463677,0.7001856626804275,0.5773301528025562,0.4677646037145703,0.5701103243003036,0.5113052784223683,0.4972707513213739,0.4300621385850029,0.7053633349551397,0.522053488329512,0.6262736440454859,0.35074261113304883,0.5962807872936365,0.6345383959196728,0.515554671846951,0.3761101716506946,0.4540011210515916,0.5413262422448089,0.37390968813277675,0.5328162871739174,0.5178067880810958,0.4671044480437521,0.44145065633878655,0.6447519511779259,0.4011884127575862,0.6668573083187661,0.4902221556473759,0.44545312428301204,0.4856266237467689,0.4007231593791985,0.575429584015203,0.46127156607872666,0.6820363542070803,0.5557383833952744,0.4330955462251246,0.40602203736168085,0.6504251882000652,0.44595003310420844,0.40927416631051877,0.4337802321924642,0.5221265960362164,0.40698758938846274,0.5338543972926006,0.45776329356006207,0.6147019203901133,0.4772552341113082,0.43504156039430275,0.49591306951009984,0.3961864952648794,0.7085879897960766,0.3867804835758951,0.5109119750708182,0.4305467885963776,0.46608562307402435,0.5640819126300943,0.6337587251365182,0.6862582072012405,0.4599505555949041,0.5913023249830551,0.5781207942807687,0.5024504496840664,0.5962865921289144,0.509097852969069,0.5541913016872132,0.506539276457524,0.44654421228274,0.45696462578128294,0.4587022906923605,0.5470101505701777,0.6260466669904009,0.45564239041732624,0.57937735335041,0.66287881483828,0.4542504187308942,0.5339131012827386,0.6775877864443819,0.4098440030422324,0.4593885908525721,0.6029645399584521,0.4016459466758353,0.4279973907651299,0.39653655427898304,0.5017849480937604,0.4773340308006271,0.6954283679623549,0.5008259203889692,0.5246700134921084,0.42384298833851486,0.5041798075904054,0.6173161342813517,0.4405291002387677,0.3906251304599654,0.4357814006490507,0.4494671173339669,0.47336283186465833,0.42871842737335863,0.6203702293602217,0.41672757510350594,0.6595726457144507,0.5061407538074889,0.4121485583379774,0.6375848650616462,0.45014006261479567,0.48325606895762446,0.5231214845654621,0.5316643737669449,0.4209786974663777,0.664041616936876,0.46921632883827524,0.4684896887898268,0.3859867070763006,0.6162323668313072,0.526308074487079,0.6055623625731258,0.5602863146687022,0.3892281987690662,0.46332898843707193,0.5499902143045381,0.4815624371537594,0.521379759867218,0.5338340789993151,0.5550322760321091,0.546318259503749,0.7602343594212218,0.6196151135255333,0.6715486308160763,0.48035366911711924,0.5200710632996243,0.3937172560789175,0.6636859556311326,0.5982474905038107,0.4384776374964519,0.4035497243215128,0.6450446939864853,0.4767873374354255,0.4735772139948739,0.4482443345309437,0.5867951252943244,0.4332436102473336,0.5674149397369523,0.4771713638574908,0.41297147697404274,0.39295452551766247,0.5065922596891489,0.7161992127595584,0.4283991016060799,0.6096120126794089,0.5787137604278415,0.43035089092841994,0.5118796580454603,0.6364313928757184,0.40429900108061,0.5918778536033444
0.4734264003164963,0.5009361644559369,0.41788390063345526,0.6142794257019829,0.5279676939179293,0.41115871768467793,0.0,0.5004416152109809,0.4757485308802869,0.5134543176601019,0.4793942684693985,0.63582604828476,0.446061808619699,0.47849496138655023,0.6044305675276617,0.5693673265913984,0.6124328666844427,0.5728498682534723,0.6798157531620166,0.47593420218753074,0.5271907457887699,0.4655795097799113,0.6896300627884937,0.5303953718507349,0.5248186811530074,0.45848964951673965,0.6728265623768257,0.6069032841303452,0.4692559409142266,0.6531461231573069,0.5828450090435886,0.6138810285022912,0.5265047962782583,0.7018654334426807,0.48686041641463185,0.46465653297198967,0.43169847913127657,0.47667661165975983,0.6286188354945427,0.6427145187137494,0.4542262897298626,0.4819525758818598,0.555289425371519,0.4718845002068509,0.5478565726707203,0.5930698926840186,0.44248137656698755,0.37219574619726303,0.740839074946118,0.5033771233567871,0.6372790833964354,0.45255962536853245,0.5040261086006184,0.5489647574759758,0.6198285261102311,0.41087077548237494,0.629576733957899,0.5528377685070754,0.5903670919406162,0.6262450821499868,0.429754482484636,0.43947816591103694,0.45122204451883763,0.4397774282038569,0.5004179838594796,0.48375407202888276,0.4499872226023227,0.4158810869009768,0.4741744323684547,0.5056414453634519,0.4349149895150956,0.5394278562180127,0.4158969768096516,0.6142173880078877,0.5072448196266797,0.5110462381865617,0.6885552395471631,0.6429685380183435,0.4862542472705955,0.3893570696290572,0.3919007720803854,0.48256716202567496,0.534011984604911,0.39720937576823473,0.5209138043302117,0.44941201913525064,0.39863443760179174,0.6025365007046293,0.6572506400729546,0.4284981052244645,0.527699169822783,0.5319468151237193,0.6329500316569566,0.5205113842239703,0.4861126085117095,0.4341497249808139,0.42108978425906535,0.4455011370008993,0.4420133609160755,0.5959073880634151,0.4982608434307566,0.5851020869857553,0.48546628985417367,0.4514687801886382,0.4885698770734015,0.509994607163373,0.5470775447594135,0.5028938232223201,0.5562426920213172,0.3918468751998358,0.6309730336101788,0.47858432000988593,0.3722509329478132,0.5596255322150427,0.5138535632588372,0.5518367909274473,0.56543328402509,0.6203487162933373,0.41741630099821797,0.444062184455146,0.5293554266758392,0.4350002527385555,0.3704882010992503,0.6235337024735579,0.37391336802250463,0.5353448400880568,0.45595355371256147,0.588637417933027,0.47626946892189337,0.4672739616913894,0.47130742803995235,0.44349523446263167,0.4226039268497664,0.4445947419873251,0.40612202504586803,0.4110680729177538,0.4818827662796268,0.5569210197592591,0.5414722909037623,0.5929557358748337,0.43912273552390557,0.4980545189950615,0.6046213216455041,0.43283791623955464,0.46949725098970674,0.5222650171209816,0.4417892800019796,0.5633485031812037,0.46870008373459787,0.42747828289250667,0.5225321910326175,0.5673247169824029,0.675575832790691,0.46541275745183874,0.5308032248695305,0.4454751292960485,0.3710467231329809,0.5299156799237459,0.47160366255387415,0.6217433512314926,0.42801458022617356,0.4574393768217712,0.4410028219104615,0.48948108149901026
0.5062878179822025,0.6173878079366105,0.6066547336618505,0.647923469598166,0.5677669879002901,0.5008236935909557,0.5004416152109809,0.0,0.6612900822961941,0.5929261997211293,0.4786423760961754,0.5715239488985318,0.48871931835150956,0.5913480464776624,0.6968408935251488,0.6324623747482241,0.6383964598603538,0.637642365077426,0.512027158724759,0.5401739826892425,0.7068850683860607,0.6430836200212923,0.4371901461928669,0.5173907410708409,0.5589701754023346,0.5974601152862297,0.5150963087818633,0.46012033592861407,0.49943683547250106,0.48662699869831244,0.7160658675670465,0.5544321878022752,0.7232741825494108,0.48287135614229115,0.5640927404563527,0.5962823729686046,0.46223827130669964,0.6908798328430179,0.6067139536113144,0.5900093533828307,0.5826272396557822,0.604764822502698,0.6982140816272903,0.562720326811466,0.734461873728681,0.6154288956020495,0.5623701076732119,0.4143944398138873,0.49167640159256065,0.6107043419847069,0.6029876974626662,0.6097595094800713,0.545998926380473,0.6845484334565817,0.550365407514741,0.5208099307832403,0.5911808270519048,0.6806120888914906,0.6179775048339515,0.5587325997972449,0.4957044313166044,0.5515187063899819,0.6465800449750938,0.5775974180423306,0.6092329202519317,0.5795375995700154,0.508978173411612,0.5362438655049206,0.6881778939012833,0.7124771684554492,0.5962167149143328,0.6245997908791217,0.4964034386376001,0.6636006581524978,0.7195216658554316,0.456338913226379,0.5195677121477656,0.6225501809327746,0.6706197666569007,0.39022872646055773,0.511434036554321,0.6560507851160637,0.6608640777387733,0.5291930639169476,0.6111800912752121,0.668300941785151,0.47152212404833443,0.5788293171405463,0.5867736672066798,0.5382598536643876,0.589572065531502,0.6350641929601369,0.537139551769847,0.4623260094945613,0.6056849986959634,0.5773206217933649,0.6384748134359466,0.6287627217099175,0.5489461845324017,0.6257942913725609,0.5181776519275252,0.6266350564700801,0.5651543874445841,0.6260634077762319,0.6512052002241633,0.7059058527119264,0.642621450785847,0.616850218441693,0.6041668885085221,0.41940019203544326,0.5215693335754334,0.5774887154345876,0.42621354350824164,0.6583378822253655,0.6219559832622864,0.6186397401587741,0.5628520760464154,0.47508572109525277,0.5234098168271829,0.5931148122935339,0.6249460320103757,0.5794898277654904,0.4172904062877026,0.5804784103881793,0.43167363246800305,0.582346877791926,0.5483873795292843,0.7204848214100946,0.638218657666275,0.6650919160922993,0.6716100897997065,0.6619784623472236,0.42996153324553965,0.5658270072779223,0.49061930080965577,0.5178750006958708,0.5214114824694839,0.6574967131498815,0.6966367545875135,0.5791792795194868,0.5661979826353724,0.6275472445960141,0.6196814815205401,0.5726138969108945,0.5829997172084933,0.6476341638429947,0.6646241934287475,0.6443701600847574,0.6327008279007831,0.5640611003390902,0.5385418618053059,0.5983390625974226,0.5743998418168511,0.5728854367507608,0.7430391609009578,0.5365915636841396,0.34012934774613585,0.6376294671103977,0.4704881068821532,0.4549914210311673,0.5775968453392031,0.5008665911358868,0.5606823231750615,0.518376069100219
0.5581617473077809,0.6013942296521901,0.5464451637790542,0.5972961882358377,0.5308898320165671,0.5235135734701022,0.4757485308802869,0.6612900822961941,0.0,0.5213299473987222,0.47179093924738214,0.49665630525259086,0.5075568362455243,0.652192576935912,0.598960253885566,0.5776977274600129,0.6050811686377658,0.643072580452241,0.4659342526791168,0.5760014324826648,0.6702593616114706,0.619614758576476,0.4125183118718518,0.5296574556752687,0.5519446089242325,0.6610944159796105,0.4688641183238182,0.45018246969449904,0.45722921767208213,0.4535982399949069,0.6407918777375021,0.5156563095202841,0.620417454975576,0.46921768298418703,0.6242428077869344,0.5233397452702604,0.4851598138157695,0.6799101736019573,0.5117680726149129,0.5840723168095706,0.5334015875959439,0.7360268207817602,0.5890994271473645,0.5882124860017557,0.6604500263395181,0.570911945578858,0.55780686260462,0.42382715225377726,0.4727300675658083,0.5548682866005608,0.5515244450032217,0.7013846553872247,0.5231343792799967,0.5899520545282819,0.4758420917824127,0.636415188351197,0.5805916064089018,0.5694562880603511,0.5885048919904425,0.5080401561638499,0.49568797241893103,0.5296469401154039,0.6395183908252267,0.5590813208426301,0.6288010653355333,0.6136888616985435,0.5601094385703774,0.6022489310182115,0.607200224784178,0.6741206267897948,0.6937286793479486,0.6453811280007419,0.5735186049511266,0.6142603314216264,0.66483074857581,0.4699975373919481,0.48063890282025806,0.5747158701873247,0.6470900908193029,0.4226869649658701,0.5622092311732027,0.707330581787291,0.6816601135896687,0.5641383053254492,0.6405629455810815,0.7559626323971205,0.5009942501112646,0.5333810467258814,0.5520374508948402,0.6447572446066216,0.5655887036731883,0.6195894633735916,0.47052208517576066,0.4757104662388043,0.6732174850370175,0.5777340005647065,0.6110180216578622,0.701096567234972,0.597085542549973,0.6368096568828581,0.5317545528942461,0.5145819576788082,0.5439562882736912,0.5377363801880038,0.6324832462363639,0.6911650931252534,0.5505749323643195,0.6654179062040522,0.5508851071414457,0.44174123554616757,0.5068842967204801,0.5863931043048828,0.4704056297592423,0.6216511454293765,0.6290681299850315,0.6984319282508143,0.5790217817365465,0.4257844478086454,0.5403020355218611,0.6960262254966263,0.6550572195481499,0.5389603270691484,0.4704123157991663,0.5780154452677743,0.4925186805643621,0.5124972903041157,0.5504478279956394,0.5857156436415054,0.5776033270527335,0.6445478010713446,0.7723738296575479,0.6775528275885352,0.4546852414979676,0.6876033666041433,0.5022489183440053,0.5658069393518691,0.5401932772267836,0.6478760762705557,0.6091588588819422,0.5106174257580309,0.5670234964673064,0.6319782640129058,0.6110987931997073,0.5390875552485651,0.611245859949973,0.714789927972041,0.6888868976583497,0.5614002616908915,0.5856785911715852,0.5436895391901271,0.5644859058467654,0.5573115932489666,0.512529744668088,0.5154619173293449,0.6650579131918583,0.5806264595147324,0.3483316281084421,0.6661083700171534,0.4994447366017602,0.45184402260273593,0.5938302080707019,0.5692405243982301,0.5751928584631351,0.5864371840730404
0.5021112818025559,0.7196422512394738,0.60149311226589,0.5530140853612517,0.49141371609678647,0.53056039695578,0.5134543176601019,0.5929261997211293,0.5213299473987222,0.0,0.5353962440365285,0.6234944363195002,0.5130490068574309,0.5491640035416885,0.5968071730593363,0.6681378536075563,0.6206048719970194,0.5560214246349537,0.5471578131921989,0.5577103644972211,0.6102075240558236,0.6515523928870641,0.43774120433233243,0.5665205006881419,0.6442947684460645,0.4910960606294978,0.48094075892783733,0.49294055827672895,0.6989952549187514,0.4683237363945507,0.6438258700473773,0.6120532720225723,0.5723949948567997,0.5043722002501377,0.5575154583284979,0.5049782139281654,0.48253123882858895,0.5411887842840798,0.5978805585201785,0.5642727007669843,0.4883432154908278,0.5595208690492571,0.5648231136424636,0.5717617092498647,0.6358011974424572,0.5195346662701112,0.4761429868329928,0.4513408369714122,0.527417226714917,0.4981531018632673,0.5269811912764568,0.5061746997595585,0.4832556612135064,0.6786862596446729,0.6122673829633308,0.49058795590240745,0.5387602188768326,0.5624705062936426,0.6110416037431557,0.4982118701093336,0.5148512761169016,0.4419514395475884,0.5145755938656131,0.5078843231242511,0.5074270315143907,0.5178253087325552,0.4935046021923403,0.49966175992205303,0.5518101692861187,0.5905239601924227,0.49992310009423735,0.551890321752126,0.46486668535688186,0.5974404083104091,0.6195613624441053,0.4786635676753344,0.5181624386794962,0.5876989212551418,0.5035088898111302,0.407687951855415,0.4904800889791684,0.494604072015999,0.6246255452562103,0.4963017594875332,0.5015715170570658,0.5366514158902792,0.4602473019595448,0.4980913641007644,0.5467971353202827,0.4903978827752094,0.4773808885874542,0.5209418499548676,0.5289840039618652,0.4746180176055065,0.5027315209738544,0.6106819877999599,0.5116996821121004,0.5481734323036564,0.45864877317824004,0.5546573016392453,0.5450991104744589,0.5496633659073428,0.4579722581799865,0.5800326098460875,0.5043395594791484,0.5355214271891345,0.5409183204527823,0.6309978612366896,0.5238825762033131,0.46734308400472974,0.5640359701888017,0.4658100644111934,0.42578560207580235,0.5398734502550259,0.5133348412564935,0.5411085672392006,0.5698396320587213,0.554967835563111,0.5519513533449667,0.47961808765495256,0.5193780161631426,0.4384738974915196,0.42277712548423235,0.5710813326716847,0.42741114144620157,0.7295233480580053,0.44477294689595787,0.5954854562178239,0.6833252274331376,0.5335746036920308,0.5698506692720361,0.5398079302838139,0.4320872613060525,0.4878399258114167,0.521032702455243,0.4992662543787,0.5698823373290778,0.5568487229234139,0.6696907490547674,0.5037769674141757,0.559352774635852,0.6271465258622724,0.5291446582946613,0.47545685647770536,0.5768538534030475,0.5261113193923875,0.515022336721657,0.5819893743433772,0.7315520562143532,0.5114795015634719,0.5124593841090919,0.596231406326285,0.5401041974998109,0.5101973683053853,0.6308816672139748,0.5182786628609911,0.3683344597562543,0.6078836253294132,0.4882884176524963,0.45855929212776203,0.5285472060221371,0.49976447474851327,0.458371818546631,0.49800875964754193
0.6172520865517818,0.5743102686580849,0.45471668811825133,0.4977765932363991,0.40223752086404047,0.5951531168359384,0.4793942684693985,0.4786423760961754,0.47179093924738214,0.5353962440365285,0.0,0.4982944695640465,0.6812960804249122,0.5331460108905295,0.48178764305319854,0.6292907364787724,0.5431227758690547,0.5007748483109182,0.5006609759319492,0.6499950101042322,0.5048847079614965,0.5511253403881246,0.4024288932792679,0.6981048667955144,0.700478962166564,0.4832449284745046,0.4213483966082263,0.5767541613761822,0.5846327844997891,0.4128193507185571,0.5481705745330336,0.6047684322490396,0.4588311365834359,0.5475723400341933,0.6059530037260773,0.3943740523118575,0.6931530633059519,0.45963016214635066,0.5017319032645242,0.531243654892554,0.3854559248794568,0.5191181977594802,0.4658027713144882,0.6256584346119588,0.5570982402832895,0.4431598588390335,0.3755068014925639,0.5980642918195233,0.5505391236367998,0.4047112764939929,0.46325612636129776,0.45969119199950265,0.4012303516723246,0.551540424679144,0.5446960319934755,0.4836816788567677,0.5138558793703832,0.4477357184276327,0.5145628720861937,0.4217567143327939,0.6815085124328951,0.369671549083817,0.4576413739598285,0.4069754847876798,0.4432117744057511,0.5226228102972887,0.6119531514901173,0.5222681961059399,0.4360420131795874,0.5708663313742319,0.48519597966054434,0.49893959296804746,0.5226278786194184,0.5449154366141371,0.5207423528206013,0.5643667277249885,0.5531168307035963,0.4913708906415478,0.43559556105895897,0.5533838605201233,0.4743265421303708,0.4304315224310326,0.5471123277704629,0.5091144707987749,0.45105589491962106,0.46423934680470574,0.5957275672540695,0.43181468348667784,0.49494118134567383,0.5115750881331537,0.40733129811184504,0.4222101947009937,0.43397413475810204,0.5720978133335104,0.4559035863321642,0.5581513729201995,0.436422144109028,0.45688313615876064,0.4007152445805191,0.5210708035593395,0.7137824995886539,0.4850181630590776,0.3900261173883419,0.4104287859476677,0.4314074119834672,0.44841397817884493,0.43512657578325137,0.5768823738655847,0.4196838917532751,0.6078601408827189,0.6439808158362462,0.4059406163703787,0.5281081879725812,0.4661372572327383,0.4690813857267459,0.5188049623827601,0.5435557727443033,0.5096038889857525,0.5466298933366939,0.43143018219581936,0.46562811171131147,0.37363342482405004,0.5129061669917945,0.5817863945474752,0.4994286596441781,0.6202949748905524,0.37722528785575354,0.48656478717056295,0.5149896601849606,0.4439629701672399,0.4617881472454926,0.46672502241219915,0.629559780622944,0.4940576605498625,0.6159705211623993,0.49253499255265243,0.633360892373706,0.483071635033138,0.5314084130226568,0.4159284972755478,0.5545752186316883,0.5672072431548995,0.450974396327982,0.38586052906368096,0.595350957279804,0.4626792676950141,0.4244958187663624,0.44968050961368095,0.5241202089869437,0.40733831275555904,0.6392044042122956,0.4861067581768939,0.45667509997436384,0.38095465188679817,0.4928266826057299,0.6194292598647637,0.5047595867171535,0.5901437535659967,0.653948061127754,0.5260133812803828,0.4394646431887446,0.5870869503557231,0.3838848162273865,0.6158092367630509
0.46240099316740113,0.5570749619859244,0.4855088153917457,0.5981988589871737,0.5461744369061826,0.4429117109463677,0.63582604828476,0.5715239488985318,0.49665630525259086,0.6234944363195002,0.4982944695640465,0.0,0.45273380149863124,0.48216108222899734,0.6243156572627501,0.6323118083425591,0.6200330369633863,0.5470855382351475,0.671580786264429,0.4880098278436058,0.5739358921524959,0.523626574833694,0.5525060896948665,0.5269341186915133,0.5684625740028331,0.4655378786743719,0.601366836614478,0.5334658851100842,0.5389965604927794,0.605922217419694,0.6477267623782017,0.6282453194792011,0.554817669024864,0.5944529335452217,0.4930642573361896,0.5093738296338034,0.43884761197126154,0.5083566891777147,0.7603056003114577,0.5782148270011372,0.48124058578886986,0.5101353377980624,0.5893030969528046,0.4968396641513021,0.591788773235384,0.5590458648884101,0.4617259541216364,0.3924920634951891,0.6089904577611419,0.5164465762182558,0.5959800697147251,0.46247288340960246,0.48722623584953595,0.6146659017340141,0.6930202186022044,0.42900249723025063,0.5762967738496688,0.6407454544961229,0.5802688802067715,0.5751587226564479,0.4502651937723958,0.4475829033893256,0.47200121304862924,0.47454493066530323,0.49200321560736243,0.4767768361155808,0.4490697910777139,0.43207848975765595,0.512698471371515,0.5486617988557566,0.44860266829116396,0.5272905481105726,0.4188212270638001,0.6109816027595028,0.5512167292305427,0.46783271231078916,0.6161919124598079,0.6658733273975254,0.4961219825240653,0.3788557094204852,0.41275833554119995,0.49301262048191974,0.5710957751374918,0.4198233275071814,0.5140424303521491,0.47990091300005455,0.41641875052858995,0.5596523888863859,0.600208305990202,0.4454052972829655,0.5219577795595539,0.5485732224774224,0.6317205531321812,0.4712862268419775,0.48397582541966894,0.48984046139406473,0.45645743087797874,0.4843166191104907,0.4492158334035123,0.5555005819280854,0.4986564582861346,0.6518760780428757,0.4883315945209144,0.5296799591460191,0.49921610897663576,0.5256594010183082,0.5739343560119304,0.5424191371161458,0.5464424679854463,0.40707025698276944,0.6091171587056524,0.4823407142292205,0.3768615110488205,0.5846077598048561,0.4979879644808269,0.5311004031591039,0.5439410703989195,0.6629771741850937,0.45099546481929687,0.4557733902629782,0.5239569329004111,0.45472988306153544,0.374584888400085,0.5875241784865214,0.37819066870932233,0.6201296974257786,0.4563215868578063,0.6759638576619673,0.5457717662849327,0.4867505520724216,0.515179728098733,0.48375842536038405,0.4118252013004812,0.4544995986637555,0.43861257757912986,0.42314191199925777,0.50011067047743,0.5479611563009636,0.5983420435503864,0.6052074963472835,0.46199429865137215,0.5432791548131041,0.574341205034324,0.46819594385301866,0.5029982868032227,0.5280534627849734,0.4841624434253397,0.5913925070917656,0.5494803606691679,0.47752107592887455,0.5082159941895845,0.5782752982304401,0.6679574217822297,0.5099827615807853,0.6031301690109556,0.4615058519576142,0.35720466235313814,0.5592321526388877,0.450036817638589,0.5122895173728698,0.4477749166764314,0.45245719739463286,0.45865950302600933,0.4765128825806278
