0,1,2,3,4,5,6,7,8,9,10,11,12,13,14,15,16,17,18,19,20,21,22,23,24,25,26,27,28,29,30,31,32,33,34,35,36,37,38,39,40,41,42,43,44,45,46,47,48,49,50,51,52,53,54,55,56,57,58,59,60,61,62,63,64,65,66,67,68,69,70,71,72,73,74,75,76,77,78,79,80,81,82,83,84,85,86,87,88,89,90,91,92,93,94,95,96,97,98,99,100,101,102,103,104,105,106,107,108,109,110,111,112,113,114,115,116,117,118,119,120,121,122,123,124,125,126,127,128,129,130,131,132,133,134,135,136,137,138,139,140,141,142,143,144,145,146,147,148,149,150,151,152,153,154,155,156,157,158,159,160,161,162,163
0.0,0.8317527160572274,0.7542217566614876,0.7696822247828747,0.7917414661577027,0.7875113778373075,0.836579127930621,0.7913386164945524,0.8565501374240735,0.7074613094765356,0.8790139802554082,0.8286289214891909,0.8523951178662409,0.7939876388136623,0.8753795401578854,0.7999783040971407,0.8314151639587836,0.9356233430576969,0.8586405173642088,0.8871754483906561,0.8521200374267539,0.8420239197762956,0.8223854840052716,0.8750220348403195,0.8620060641115227,0.813415728170497,0.7175917613651381,0.8060826571438995,0.7527104303640132,0.8153017878658977,0.8779166055758383,0.8346046408868825,0.8027286150672713,0.8138716860741718,0.9063606658446728,0.8354173751425233,0.9075897364898329,0.9124248520986219,0.8252032670484097,0.8223883386155267,0.847489719297443,0.8350967016674505,0.8887148812900589,0.8852292786759568,0.8554910848817135,0.861964122284537,0.8007751356066651,0.8654982452070453,0.9129668014284964,0.8930093599733125,0.8920097858816665,0.8567907004558385,0.8147175350138177,0.8368174052196402,0.8320323399610273,0.8265664555002653,0.9354054695242884,0.8159655732313388,0.8292514482547254,0.8586800567594598,0.775390901690527,0.7535487838958447,0.876314563600456,0.7549679479528048,0.8671099088672782,0.8617131965037798,0.7983626953426523,0.8350169558749977,0.8262113505020136,0.8598868923067784,0.9011950170533015,0.8505543359705837,0.8518096335529158,0.8566868095854145,0.830495539531561,0.8836433369168419,0.7667441681898464,0.7658442944888609,0.8630506158211068,0.7316119463475909,0.7881246255025269,0.88260603381691,0.8253673614811752,0.8302876439031865,0.8983802720538502,0.9148609719243579,0.822421912623995,0.8755323410365033,0.81492100862583,0.8355472391577204,0.8757083149068319,0.7989702977248161,0.8641300269470645,0.9150268679676781,0.9000617602527738,0.8146127752074271,0.7335392919308025,0.7787059229579134,0.7922987978090783,0.8168297114227707,0.8288742346717212,0.7439624915145534,0.7768942824709333,0.7517898360994392,0.9020835742728525,0.8062994884522862,0.7636889218279918,0.8011189476314903,0.8347378165936274,0.8484823079920748,0.8665119479957765,0.9069159983479707,0.8487211830227929,0.7376835386015612,0.9066770866087474,0.8446247297162398,0.8482712254984721,0.8152134086997079,0.786982234236907,0.7529001660575171,0.8383125903005452,0.7422145350364127,0.8769195928180139,0.868003894003697,0.827617530542498,0.8177027926473213,0.7535609430929905,0.8022249507007841,0.7881520372151204,0.8350625635733134,0.7885300905174482,0.7482074762599182,0.7842155146030511,0.874928007158208,0.8526115381547245,0.8419957575007141,0.8952610773038173,0.8806214137967061,0.7928723786343375,0.88560346402765,0.7788736258916317,0.8141661560987736,0.8772397767928701,0.7746874015583406,0.880753238090434,0.890592354285432,0.8588841974164207,0.7308810109697297,0.8032287303057765,0.6569281081181602,0.9216522477153994,0.8232045374677918,0.8553573091071793,0.7350160677829932,0.8313802727051601,0.8978942705128492,0.8537718236494256,0.7936190514905157,0.8008149297576111,0.8315732172216524,0.741488083864604,0.9105955670506963,0.8879142202369652,0.9353139827114636
0.8317527160572274,0.0,0.8652957509106513,0.8350772181659357,0.7553989655246841,0.8405274648501339,0.8789708137728344,0.8374296488387057,0.7518745362493424,0.9034519313979334,0.8988372239731639,0.8896564384399142,0.861213636225415,0.8431473466573167,0.8889701032080739,0.8006913934923331,0.8258617517444958,0.8391565233284294,0.8500401478836079,0.7821483666524905,0.8425224397450126,0.9245743184673354,0.8062933573066932,0.8748412362472874,0.8921085545880607,0.7535598604454417,0.7766760342373246,0.7914766183624293,0.9379493814139536,0.7485995372733703,0.851694488220834,0.8428638783826689,0.8895298970108273,0.7615191376141079,0.8310151542135258,0.902089808812305,0.8552508668333207,0.8524173349933916,0.8621640639326509,0.85717869176019,0.9052203046598793,0.8236939237795067,0.7826302644555915,0.8559736284897167,0.8661876386305166,0.8006008139318876,0.7613836861006851,0.8517438395312419,0.8783312678919293,0.8129941306153489,0.8451326819890498,0.7938065046433592,0.8225366597278798,0.9428761700383501,0.9216065404954732,0.8375445734871957,0.8055976238299388,0.8174078737429668,0.882612126457339,0.849457132814156,0.8555254024062346,0.7036260192962361,0.7936239064340334,0.7603136557454714,0.7437213527303416,0.7418452739422176,0.8250144528049694,0.7932425992074336,0.8142662227909223,0.8366882706831851,0.8000162919048943,0.7781433302915141,0.7458493108191472,0.8760938889366692,0.8670351126399465,0.7752672878764355,0.7794229134418086,0.7991587522208705,0.7509809206184869,0.6772311784991324,0.8017206387829819,0.795944192920397,0.8464354690951205,0.8319685842273589,0.7528671926624452,0.8872661527737754,0.745727213446273,0.7726319006895227,0.7949559129245001,0.8451387476820501,0.7964382342511768,0.8095198471713945,0.8888049336010843,0.7907456463217246,0.8626670114539726,0.9078225701096592,0.7455398246348153,0.7915596983931686,0.6977874066681646,0.833925013152627,0.8382548220516008,0.7394526939752254,0.7163386662160974,0.8341991912801888,0.7907778473709307,0.7481887858849089,0.7800772445151731,0.8205726657880515,0.8653035525345516,0.8871340736904648,0.865790818291542,0.7549346125310652,0.8146483936227131,0.7656981451055218,0.8104334628164596,0.8157952824983317,0.7940952294703832,0.8287857648143706,0.8522185152731103,0.7498259561514443,0.7490737336960268,0.7247843439393833,0.7498237564609093,0.8484968626916575,0.7157494051231166,0.9328550700268187,0.7386088843532582,0.8327369591999781,0.8943158992851726,0.8312563144653686,0.8221534741381591,0.7394981697637959,0.7090648451154334,0.7995926472737658,0.8609791101621403,0.7689591167760076,0.8185263682748606,0.8511214359021949,0.8330493740072535,0.8378164962265615,0.8451996402563992,0.8411144573460876,0.8975800995358474,0.8373813475229563,0.8785187482611517,0.762952445371378,0.8320010956110816,0.8305064447772548,0.8709335978358165,0.7036281586096743,0.7794700839481332,0.8875992806877029,0.8452676783303597,0.8477302165221463,0.8708700011204157,0.8511325186133276,0.8435573085256822,0.8214852652877959,0.8266672552348435,0.7526561398490716,0.8521193073199035,0.7908431054926239,0.9256727419293904,0.8118891585175217
0.7542217566614876,0.8652957509106513,0.0,0.7294530775615603,0.8398205141289885,0.8831758208107034,0.796437363301063,0.7997668221370233,0.6395740150415875,0.854151226949618,0.9139254149037999,0.8824451758454246,0.8869363461288106,0.6921718959851909,0.7883118422875656,0.9401873962682541,0.9073022702482562,0.7580902800268395,0.7785613417565315,0.7123078863560203,0.9228679422440238,0.9175274381300372,0.7332978524139826,0.8673727307391959,0.8184528256830117,0.8289443459580476,0.6889293191622701,0.7213980236762338,0.8876673078885365,0.8323126734739147,0.7179294440670243,0.8823963068564493,0.7753937162894825,0.7084576622756292,0.6715961618685461,0.8107594027047458,0.8579860745102018,0.8172855504554996,0.8357823287402705,0.8201733128735024,0.8393516653299044,0.8615488313328096,0.8319744589424928,0.8290116901705885,0.7905870471044628,0.8051528099410794,0.8548105747403705,0.8988564638128501,0.7985150526587342,0.7985757269169395,0.8542189214928185,0.8278570079888842,0.7122027377555995,0.8780289198262994,0.8649386443150833,0.803596679853194,0.7934798828185481,0.9009138625571763,0.726348890145249,0.7830424565860163,0.8027895993390848,0.7591958317831525,0.8569713512381806,0.6778266687120849,0.6696173963696339,0.7360439803337064,0.7225373290673018,0.8638476160323525,0.802840821761345,0.7969655556804349,0.8174954584734677,0.6487357987013092,0.6610822580077516,0.911636627957379,0.8668126593367093,0.6603826327378197,0.8742312094750885,0.8939312274777305,0.7376455039331605,0.7698459850087908,0.8841075858666355,0.6996223863597579,0.9032972956713412,0.8102184117701405,0.7425403428955283,0.8320443147889728,0.7219320007027161,0.6651038898345027,0.7133655046073608,0.7634307487834096,0.8256123240226867,0.6540613720082885,0.8727610713025916,0.7173234367421801,0.7431890762879645,0.8374954566491216,0.6872003476391872,0.7131704079301785,0.5969947712299303,0.7256661859921409,0.6909596427440151,0.8083632391460812,0.6355107414579816,0.7391630995635171,0.6953133557788034,0.8574364232775372,0.8711528461108072,0.8020395017917211,0.8558576008334325,0.9128335870928057,0.8392203739563371,0.7180540567626176,0.7559288448798469,0.7238738510807694,0.7568949405096189,0.839242211858479,0.7069239964451977,0.8210926299240489,0.8740896690808142,0.6436126291463491,0.783675698146933,0.6983943667355681,0.7219619996869466,0.8702997065505336,0.5910538263864146,0.9057510734578602,0.7486761019072868,0.8994516527945179,0.8574788023246827,0.7721424217995884,0.7837166115800774,0.9109779516547762,0.6539296306948715,0.6768070193280972,0.7905376395658784,0.7276503895194181,0.8372320149092312,0.7552068638022842,0.7558670261848476,0.8017332273361226,0.6917989656583413,0.8803999204046263,0.7416625281420735,0.7475910940832976,0.881494439371774,0.7096231236843897,0.8489859711653894,0.9095385035286802,0.8361358965661093,0.7672291539316313,0.6675687705700761,0.7413099595750654,0.8058649943948606,0.9168538435907568,0.8565352174252147,0.7807169483554577,0.8049369675046524,0.9040118674527001,0.651646329215847,0.7737752911938016,0.8093459060380276,0.6549448723054362,0.8327250889882498,0.7913749998132423
0.7696822247828747,0.8350772181659357,0.7294530775615603,0.0,0.6904444116205002,0.790070782973387,0.8743657316381221,0.8117245378626265,0.6855085777721546,0.7655077336388278,0.8094611688472486,0.8153842260236385,0.7653954560602896,0.7542875881848993,0.8207329169793323,0.6912682950767531,0.7432928548448399,0.7695635721194045,0.8029148711996811,0.6495222400756241,0.7566429573628182,0.7666396535018969,0.806255753541051,0.7752635564339515,0.8168635208875414,0.7685111941183462,0.7708520188432617,0.7936068264716725,0.7814621241474976,0.6691232321135506,0.7752894267425896,0.713373408052172,0.9603332373651691,0.771197602597101,0.7813786190583167,0.8205628844871165,0.7802845172769896,0.751481830733473,0.7318520954930692,0.8160783570116259,0.8748497423645445,0.750959208179837,0.7022198054644766,0.8153546544414811,0.7937449313548255,0.7337106497033613,0.6715807681778927,0.741927549014004,0.794566777421245,0.6958329488983621,0.8167563310224429,0.8118200619635552,0.7163856076931997,0.889617941598665,0.8258537425842885,0.7630711221796298,0.7208874762033461,0.7939835406272001,0.7502408237208156,0.7484180570047654,0.7971807429510297,0.636055223078654,0.7792453623102722,0.6236908678057771,0.6495302423401439,0.6694800869647748,0.7936639320815303,0.7096149624708685,0.7200724860355749,0.8366722022853185,0.7232444831686458,0.6800669201643017,0.7688773976452541,0.8177906823963443,0.7733162943469856,0.7023964979416512,0.7171163516240172,0.7363028206280182,0.7486322013166294,0.632827722502165,0.7238319994308519,0.7964539635426378,0.7364655552958551,0.7838042917835717,0.7587355902648372,0.8074734559331951,0.7438280839592949,0.73060625108017,0.7762343781587132,0.7577080678834708,0.8107782533421306,0.8394484138257045,0.7638594709709391,0.706097982727261,0.8409799570011148,0.8442272963676364,0.6417577972483356,0.8171229744212662,0.6474246626143748,0.8766163120974056,0.7219601048001898,0.6762123961632057,0.8575250317609054,0.8384319141460264,0.7719775282465225,0.6831479372626286,0.6925147237685821,0.7784373454274973,0.7772963915104429,0.7398605252843975,0.850051870787664,0.7343557007916468,0.8365343341882375,0.7241309297358326,0.8159078661048335,0.8057532250022427,0.7665324311528665,0.6599279107095585,0.8467477093744724,0.8544115285144535,0.649803349041067,0.8661794525765649,0.6953595792602365,0.7920535794502246,0.6401856119650208,0.8343404772217022,0.7295229957259105,0.7250349173639555,0.8172657184888408,0.7153277812093287,0.7045081732962142,0.6435824720520616,0.6772550785362279,0.8063944274739432,0.7034503334534232,0.6241620843585607,0.6786552944477887,0.8032819462634604,0.7463282044822053,0.7364675534281685,0.9046473901582295,0.6638994517463849,0.8586594078983044,0.7444280596733935,0.7504245911258571,0.7854108130693215,0.7340433402266893,0.7232305719991545,0.7174503439550404,0.584588813949622,0.7909777263425606,0.8214344923177767,0.7196565165500252,0.6965949818540792,0.8685017892493727,0.7511480214507712,0.7436298022472579,0.8022840845877535,0.8977461284006201,0.7633469560782138,0.7841927161975656,0.7680657347320159,0.8112318343516435,0.7748352290384054
0.7917414661577027,0.7553989655246841,0.8398205141289885,0.6904444116205002,0.0,0.781309566374307,0.8551029069076855,0.6539852550460988,0.6792188581030034,0.6673590581979278,0.8649473519741575,0.8284995846059703,0.7656909811257604,0.6473422707955564,0.8312199889270934,0.8544469884434089,0.8237024933517305,0.7545236503297651,0.733248977582111,0.6760102088051929,0.8958011336867382,0.865320237073176,0.7224730624283253,0.8800830654687642,0.7239070681108232,0.8592461958922186,0.6211432108968628,0.626975980972874,0.7676424087328008,0.902879702243552,0.7247099525689904,0.7793799446932763,0.7511333734273428,0.6614224536242984,0.6974896658852052,0.7653135649678129,0.8387868556706172,0.7887500957441727,0.8461502944578507,0.7945035021565006,0.8333737116398748,0.8453799587894856,0.8606949000457605,0.8932562637911308,0.6917172783117856,0.7678158761600257,0.9238356199883795,0.8929404114254765,0.8057632443276307,0.8324849384679522,0.8975345910865062,0.8502460648852209,0.7091022922817704,0.8104546067736101,0.799078910026643,0.7662160691372312,0.8202124572177439,0.8691630601428917,0.6623692282187326,0.7497179434061633,0.6426131823292901,0.7779710177624025,0.8471386904663051,0.6461079655933878,0.7405210663519827,0.6872867013605432,0.6545159265612218,0.9029205736882229,0.7065175347586087,0.704667952320624,0.8884607110079866,0.6723744012509718,0.6246164691397126,0.8285559066490855,0.7084341945415591,0.6581695984297362,0.8209525741376366,0.9435676546958468,0.7102668049218872,0.8252658577898004,0.8127031581157939,0.7619022831208698,0.9265783070998832,0.6742425516040835,0.7537011311233913,0.7681259339007387,0.6530010512500926,0.687760130624389,0.6213166947442117,0.7402431597216268,0.9291923569998954,0.6824509800239772,0.8931349943175244,0.7254633709690544,0.7758742848172044,0.790719077971073,0.6151524409477727,0.6486323150117107,0.6922539460882021,0.6447210098194114,0.6895045995585906,0.7004511731093631,0.6553512625573289,0.6706682489066621,0.687768569104722,0.818162057903052,0.7327391927896665,0.6857198744756049,0.8308003116907065,0.8407170675264853,0.8415693220789461,0.8070327216925869,0.6845062216940166,0.6121753419251024,0.7510970810821915,0.816531168836447,0.654641421842065,0.7867431302577421,0.7691688995395697,0.6238011011027488,0.9279610496182689,0.6675757641909936,0.7109517488432727,0.9119855683340607,0.6560465385640637,0.807660890056486,0.7136028325313878,0.8660480093883675,0.7140517845572495,0.7674864552401045,0.6696344964508006,0.8381513896126715,0.6087604790541108,0.7400511927707891,0.730422860901189,0.811645154287337,0.8384975954138227,0.8095585373404268,0.6691563912629414,0.8268767483951138,0.6447048357550319,0.8235309844143858,0.7440668213491811,0.7079249950357653,0.8725329160861204,0.7492654892967375,0.9298874750973465,0.8067198620840469,0.7040323681273172,0.6534420597923101,0.6934645545079066,0.7111242473895486,0.7826939385943908,0.8303322106255812,0.7863585854582569,0.7397987624938166,0.7533134820951788,0.8604189830663653,0.661206684153011,0.8050142718376414,0.6813696704070964,0.6900597319261741,0.7821078960844076,0.9014978181747622
0.7875113778373075,0.8405274648501339,0.8831758208107034,0.790070782973387,0.781309566374307,0.0,0.8041157977687288,0.801831981236433,0.677358430482955,0.8151293367014099,0.8731631450711527,0.8979421842559593,0.8394622018742274,0.6569440593163038,0.7525956082395117,0.8538247933389858,0.8487543009599978,0.7149983559838149,0.8407053864344175,0.6769105427753443,0.8901068721318286,0.8265126815202021,0.6999773583377085,0.7936696392029329,0.8568347409346256,0.7835046781719074,0.6231112800963895,0.7313698286850573,0.8220428485608097,0.8182314193746598,0.750578404181502,0.8927450018699761,0.8050222173975465,0.7410061402211213,0.693924137621575,0.779090971002682,0.8537333036633914,0.7588089859627698,0.7780911475177044,0.7384266119802806,0.8059502624426996,0.9098432109810356,0.7862727131360419,0.8661166244437413,0.7431593561662527,0.7449988710654643,0.8102363924481696,0.8691972414844534,0.7642553614593735,0.7320117727424722,0.8634385620532395,0.8751828277613909,0.7087820465361689,0.8805603833502406,0.8374518089880738,0.9088446956207032,0.7713510317041161,0.9250787464245859,0.6727746130161755,0.7195505470210543,0.8170083261025396,0.7652544032086678,0.892009770333819,0.6047870975072213,0.6641329316567416,0.734349673493835,0.7013499333187414,0.834759731414027,0.710746708033286,0.8249466477049486,0.8041368478397851,0.6122776542261492,0.7365220591556374,0.8591430579078426,0.8634156319190655,0.7193095324457958,0.8047859475448812,0.8311609126090092,0.7204318811436949,0.8164261606628445,0.9419755357679516,0.7494379450430257,0.870215959206035,0.8049881042848938,0.7897279550029825,0.7947618218895559,0.8086939806224821,0.6709909632143651,0.7488595465779192,0.7588047633194532,0.8294605429316175,0.7466128691137682,0.815132385836613,0.7428603998077722,0.754492000353239,0.8780284734532287,0.6939714546177195,0.7963382212793838,0.6235708208334103,0.7562228393968243,0.6719494284541232,0.767607750552107,0.7170214467173892,0.7806428459085873,0.7326954852397655,0.780847225517523,0.808782202053486,0.7964229175855048,0.7644166832642345,0.8747974958544571,0.896507187563296,0.7057365262804168,0.8844867026924214,0.7112656991814765,0.7590955820858238,0.8189042116074696,0.7926482328707875,0.7392709016393416,0.9219369892930381,0.7240689746129845,0.7014130004078072,0.7705376617334065,0.7613871577570163,0.8779338915934765,0.6315329878190863,0.8853996142579575,0.7818725181951286,0.8058021795969552,0.8430856478660794,0.6725334243472144,0.8194716903071905,0.8651405116955894,0.6577308897741257,0.7451265993564983,0.7392690973850058,0.6838406550993015,0.7855395995174299,0.7017875388639587,0.6574371514708769,0.761744156057495,0.7516020326228771,0.8404286114039371,0.774508015557796,0.7431141346833886,0.8305366843762884,0.7456536049085648,0.8252861860851993,0.836292361674906,0.7956188954426724,0.7105463123063709,0.7238231847321314,0.8067781768150147,0.7225689770286883,0.749030984912445,0.8989675157724877,0.7598954891272119,0.7587945212490587,0.9204053838638924,0.6882743459469265,0.8357181877664018,0.7764031992903204,0.7530075717006534,0.8558163187861074,0.795323568423501
0.836579127930621,0.8789708137728344,0.796437363301063,0.8743657316381221,0.8551029069076855,0.8041157977687288,0.0,0.7379274807821133,0.7193202800400439,0.775140852802797,0.8923426735395933,0.8809707287742613,0.8053650145393318,0.759121473670609,0.9240341359251354,0.780590119462889,0.799745715716256,0.8210128740187667,0.8143807167546205,0.692186340999917,0.8412941124730308,0.8692835306904038,0.8476648041102786,0.9007217606919264,0.8316313586363324,0.8283684986774217,0.74666609850557,0.7367745959702922,0.8555349081573222,0.8063093145440838,0.8232602943736266,0.7854514187550395,0.919128206345705,0.7537745625945902,0.8040257083253133,0.8373459597605288,0.8726771090746916,0.7959998545502014,0.8498202837333647,0.8819412901297834,0.9135888195929858,0.8216312895372753,0.800206001510328,0.9176128373527044,0.7840151779159812,0.7904883321251547,0.8058950953839058,0.8572551471738193,0.9058926532788155,0.7858645513379973,0.9096904524412079,0.8399234111436525,0.7621044984650995,0.9113806943031456,0.8900356384725823,0.8122867787465019,0.8038109782760202,0.841453290873619,0.7821859294270348,0.8037501049262215,0.7367116800484259,0.6957368521544761,0.8055547060427399,0.6609384439543344,0.7305699145158758,0.6892421698153771,0.778251414080202,0.8381804607235864,0.7310524012059375,0.7905606808152745,0.8288779962376238,0.7399097626395124,0.6933951494355369,0.8650635622207588,0.7441470936644949,0.7592595863156003,0.8029295280965579,0.8868741802119838,0.7397398803809813,0.7413817977262369,0.776910556717011,0.8171583625928008,0.8865978795878332,0.7329465349701282,0.7604725817363651,0.81842573365448,0.7030531998106488,0.7710355974225361,0.7377899288971627,0.8126594778732086,0.898920341842429,0.8257755233466963,0.8998457794683381,0.768770790736837,0.866040013741739,0.8938554592927505,0.6284684105113609,0.7465155357073264,0.7022604254350459,0.7961620767664139,0.7934735252186959,0.6966095516850898,0.7723345589402405,0.794173956100149,0.7443500647017668,0.7497748969657358,0.7130587054719999,0.7562161508645482,0.8733512091328721,0.8474006682531039,0.9142502884926779,0.7906797904114882,0.77756239114808,0.6803711979692431,0.8164729132272507,0.8427819373662668,0.7481038130174191,0.7837885685387571,0.8254478502944869,0.7438164487552078,0.8028845409923241,0.7538586731534764,0.7179637697924007,0.9244729113755317,0.694553486667383,0.8990846398757174,0.709751895274885,0.8333693486232637,0.7953884590651878,0.800164271551088,0.7075688144117459,0.7080244167973383,0.6728988454631722,0.8106721278805489,0.7582222930582774,0.7554178751915682,0.8022573558846123,0.8930267013329379,0.7538762557925716,0.8444542413188119,0.8209528524813229,0.7680546006109119,0.8825275386762219,0.7461428077751817,0.8678656840666563,0.8071508826054452,0.8570193664977637,0.8157508017992949,0.7489513279672158,0.6026444080958399,0.7877750487645967,0.8481354654482045,0.7893273225568164,0.8120358282493182,0.8691387638443153,0.803708926478305,0.8233447580055089,0.870931160651885,0.8585483602120109,0.8400452523018569,0.7801787466669801,0.7904044930648438,0.8569061840306335,0.8881030169415987
0.7913386164945524,0.8374296488387057,0.7997668221370233,0.8117245378626265,0.6539852550460988,0.801831981236433,0.7379274807821133,0.0,0.7384837774466627,0.8257257279564324,0.8281436035598019,0.832798747812373,0.8570571633099068,0.7531195354362014,0.78183633012254,0.7842289633781097,0.7886818894949451,0.8035135151504891,0.8273524974671305,0.774874680957413,0.7810005100869022,0.7980516641049707,0.7705205045013921,0.7572371783596223,0.8669904356021609,0.7452627694402283,0.7932894375321582,0.833249383187167,0.7761942122926229,0.7120395408999141,0.8216910431158264,0.8319138719842847,0.8131442019764529,0.8025084219253884,0.7567291354208827,0.8480995902995642,0.8273363573691787,0.8464807926302099,0.7827524874908195,0.7616798345783513,0.7967000429290806,0.7428780943725064,0.7898401414876203,0.7507425244401594,0.9203495623754017,0.8119883191831672,0.6795948639083712,0.7722808830181347,0.7912415834847583,0.7695103325149518,0.7935974109549505,0.7515218947413224,0.7093522753267466,0.8447067596292074,0.8511203086249189,0.7487549889936294,0.7760584449086272,0.8176163236756088,0.7811179527256497,0.8164389068840994,0.92369075605744,0.7131987801735595,0.807795075028799,0.7061987196357232,0.6770923505107109,0.7859973904122105,0.8144378295088927,0.7294543236641537,0.8531005990049051,0.9530485292053316,0.7511315181873526,0.7113267553144523,0.7756110196506847,0.8532751716291657,0.9077791524327262,0.7349042345320567,0.7791897113852774,0.6962331188241515,0.8290607028090005,0.6094558948869157,0.7292437420256848,0.7643084044916143,0.7391404381865352,0.897602104360805,0.779432639594499,0.8793885292880027,0.8799657341465125,0.7930346950187246,0.8806438668683744,0.7960040341051628,0.7491313452786196,0.7428795615146055,0.7766584186977401,0.7431861098065351,0.7575684698906697,0.812777036080495,0.782288779783243,0.7933810682537563,0.6224104481998591,0.859015110533314,0.7461345662471665,0.8753371691489625,0.7549335048937633,0.8024536907335595,0.8395465537357232,0.7639633785388176,0.8322862669953706,0.8189023713267496,0.7753843038377927,0.7695662416544577,0.7895829263790822,0.7394489535481362,0.8181321383074142,0.8694354109624964,0.8151877035475839,0.7742029227099028,0.7742217120048219,0.7616527364185183,0.7929501340696125,0.7550754691148241,0.6553158430082952,0.8566713430463355,0.7170794034785126,0.7565454064292854,0.6231593924887704,0.8487405553977959,0.7486886838390607,0.8104106790346325,0.853365561357384,0.7615040150557238,0.8207281482847324,0.732534648878564,0.7779376039713083,0.729984372506401,0.808540379230441,0.6480533875679506,0.7567457677769758,0.7505785419843115,0.8206280522417202,0.819237860638023,0.8015117337199138,0.7552889307994777,0.7946942975293685,0.7912472467448025,0.7873690846014821,0.772854963597292,0.7456458272779151,0.7530943239947431,0.8353600078871691,0.6892325984644314,0.8065552470804971,0.7636833731387356,0.789417601614566,0.7451046748610748,0.8465643253932121,0.8535792261290974,0.7777416353521657,0.7724712181339779,0.7304113965617517,0.7312933471159349,0.7649407761720879,0.7170796518056263,0.8647722540659879,0.7261489467037715
0.8565501374240735,0.7518745362493424,0.6395740150415875,0.6855085777721546,0.6792188581030034,0.677358430482955,0.7193202800400439,0.7384837774466627,0.0,0.634884498583931,0.7343196848568343,0.7175186444894774,0.6875292439247481,0.7584077968815554,0.8032678447610905,0.6417424908023845,0.6456439350491241,0.7966735503287868,0.7507726621049972,0.7876619480990387,0.6871058548881626,0.766617298691513,0.6699753494598781,0.7008430955030469,0.7375266547573385,0.6328783516878487,0.6644336668823387,0.6627482161309287,0.659077991934559,0.705317124181311,0.8792818507098498,0.7008417353674735,0.7204601178419096,0.6541711843691159,0.8624857235958405,0.7713614219828981,0.75058248662616,0.8003841813042356,0.7687777284324484,0.6569022617276236,0.7162084415524725,0.7320124339841931,0.7361227868136171,0.7478264015515776,0.7372175419477468,0.6807269493771431,0.6491279214527786,0.7158505062278393,0.7474218776755575,0.7912263998598063,0.7392915556744131,0.6736611447046184,0.7616983400611641,0.7332211777961455,0.7333588587435699,0.7306234094983646,0.7626935407970877,0.6966673940371068,0.7525742921958904,0.7366298102361629,0.7044916251069517,0.6867373902935301,0.7131951262745206,0.7296168884276297,0.8317874356797383,0.7048423391514641,0.7200324610016248,0.7106202942440566,0.7338659794602931,0.7912170121436849,0.7877687750530162,0.7916542084637884,0.7763487992962395,0.691958562776636,0.7230449878979442,0.7508905573127759,0.6397915413366652,0.627064171972343,0.6895734143764024,0.5785067347031824,0.634772603726073,0.893816290347329,0.7066463714784775,0.6863884722634553,0.7231698389621402,0.7755131537377324,0.7775500622408721,0.8565593695808055,0.6919715332526024,0.7925652694213292,0.7378336104359307,0.818617152749587,0.7458718308733009,0.754424570828071,0.8269992304218822,0.747037347093098,0.7715007439952193,0.6787038246865739,0.8305949117686009,0.6817748270937525,0.7936860720881369,0.6761144789969523,0.7069515874549748,0.6894396691872979,0.8531602753139543,0.6250284757104796,0.6191087247170676,0.6459006669525571,0.6661992569644922,0.682850104746882,0.7148963019854967,0.7936053058202494,0.728848153783314,0.7196915664684087,0.7208198066533834,0.6653134600055659,0.6925379372560033,0.7301911127615558,0.6333115032948282,0.7283732238790159,0.7190178749862942,0.7071307943538946,0.6953033018523477,0.7019988599245917,0.8677483594520099,0.693210320938083,0.6760987580559001,0.695472733057008,0.6522474739778755,0.7403288135131909,0.75629269832439,0.6357948817706499,0.7184174121430791,0.884683005474546,0.7933765599647645,0.7764031527583274,0.7160537289928726,0.7556644497262474,0.6837504677238948,0.8043614799157149,0.7344517631796978,0.7250272363999818,0.8289298051395807,0.8291218713689125,0.7365339444072114,0.7578137773511012,0.7978029116597082,0.605473048998319,0.6995618782850002,0.58324250879076,0.8577691495732823,0.7551868498209425,0.7758067253861418,0.6287541757952382,0.6886088871711434,0.8235952115045045,0.7041720131950205,0.6348152358542906,0.7454696704468534,0.6609437740997745,0.6048183212002776,0.8259788515466415,0.8243964083668947,0.7894697376106732
0.7074613094765356,0.9034519313979334,0.854151226949618,0.7655077336388278,0.6673590581979278,0.8151293367014099,0.775140852802797,0.8257257279564324,0.634884498583931,0.0,0.8261533898305353,0.8496455641584001,0.813195156036358,0.7366214706132326,0.7490972981553902,0.7835544251960757,0.7835769513171252,0.7335832968008076,0.7951852639369128,0.6959097145170204,0.7625904057322572,0.8118242968227753,0.76800246989373,0.7545181874653184,0.8898313071571214,0.6837571728057622,0.7566140793907045,0.7774822347255951,0.9393861815615132,0.707897194725995,0.752281668450611,0.8338636897021775,0.7886668890403193,0.7360980430589639,0.7076995133767268,0.8084236219872366,0.7815424467932506,0.7598851270820273,0.7551744637916534,0.7564881455188226,0.7855060337311741,0.7565923875889924,0.7183583383057309,0.7501178684779903,0.8032343539531264,0.7203572472056599,0.6971446624759208,0.7803048258321006,0.7965362514506338,0.6901417298765093,0.7350615625479375,0.7027562155786199,0.6845454648210649,0.836484889203555,0.8685677230457435,0.763904398733951,0.6895661662461047,0.7858317711477822,0.7927405811406522,0.7345627108184133,0.8182310524212947,0.6306880531403393,0.7173567606328999,0.6975365343427193,0.6078400612611738,0.6594179537364434,0.7234407336012697,0.7110044797540778,0.7989845010019353,0.8100899898318794,0.6695756383198224,0.6685957576845925,0.6620148764590523,0.7965787176855994,0.8341004463374959,0.707838403954708,0.7337561206162185,0.745133882032602,0.6880391980457934,0.6355601327714446,0.7641749903468938,0.6464201929129499,0.7654805343545611,0.8083742842613285,0.6698931487130904,0.7795073550383199,0.7201223206283122,0.6872173355394012,0.7876649510276424,0.7120869377203376,0.7000459070443252,0.709690048925319,0.7962183053606485,0.6701366890541831,0.694979001311007,0.8614028422819233,0.6561386251906743,0.7740364077214464,0.5845212200671934,0.7628823244828875,0.7291623040878769,0.7424051997569974,0.6727783169314133,0.848380789181442,0.6881263931521461,0.6996822600669694,0.7592573627257041,0.835273701350174,0.7716675659706087,0.814255445604194,0.7831298940411554,0.6396524161481184,0.7421861197783796,0.7831253724136769,0.7102806832868456,0.7287424149035926,0.7632249117707234,0.8050532023362941,0.8372827308309216,0.6945685970153662,0.6287270714183818,0.695217280479518,0.6727284791215987,0.750856087108205,0.5958451455808276,0.9063342463351326,0.6453377800196204,0.7590235886872035,0.8985511701903156,0.7222931626128937,0.8239877562469627,0.6999936517272286,0.6540030103892027,0.6439710352140665,0.7576221898026796,0.6413627637931636,0.7508352119690408,0.7178075199111248,0.7897918734049895,0.7499081980108993,0.7916158963315426,0.7903191986070547,0.7372286775189212,0.743537243028577,0.7920747326053189,0.6945422943044508,0.7020116051825757,0.8144727661480022,0.8959234513415734,0.7252716360049856,0.6719726388253994,0.829433290977851,0.7320418824547743,0.8016585280684698,0.8457642898151438,0.7444455365505539,0.7529428154446046,0.7834303432469429,0.7200642453122177,0.6991213265047443,0.8504451188863092,0.6926676226740006,0.8396260527145034,0.6756874951615003
0.8790139802554082,0.8988372239731639,0.9139254149037999,0.8094611688472486,0.8649473519741575,0.8731631450711527,0.8923426735395933,0.8281436035598019,0.7343196848568343,0.8261533898305353,0.0,0.9243917198609728,0.9202566887818826,0.7748376458639664,0.8771571703224988,0.9218129497831172,0.9101296048323056,0.8547828342610787,0.8543713782170139,0.7908590302912102,0.9304018689075024,0.9447174186662276,0.827867475233778,0.9280973638098846,0.8926464907039113,0.871294084992362,0.7567242658615665,0.7988374022116888,0.8949742267142636,0.8632235479158983,0.8230833561330178,0.9046287575422761,0.8412012164991697,0.7903261212614674,0.7975507133479092,0.8725018227144122,0.9548068149322896,0.9011112589499662,0.9035671631186536,0.8768997142248014,0.8845304913180397,0.8878217996983387,0.8852421077955583,0.9163526660125884,0.8572150435768654,0.8369780082258454,0.8243522406177822,0.9566771731842426,0.9220515803646726,0.8557128897992041,0.9253409617220315,0.8582809350826729,0.7486957969056984,0.9295983345658306,0.9413072184464153,0.8247049417562452,0.8779733362523617,0.9190804091059931,0.8020796791744396,0.8445941846203399,0.8404332970200399,0.7491655891361869,0.8837130674333069,0.7282533789534349,0.7409880223287904,0.7767309594808026,0.8135243701284416,0.8847936501214068,0.8424842407394423,0.8803518635044225,0.8776735190671117,0.7499634314508189,0.7651154435224763,0.9467186178568096,0.8754872452036785,0.7556514259460155,0.9003428335292579,0.8975089447506952,0.7938233750458596,0.7817794786398911,0.8439509865870896,0.7953076880588477,0.9101805988478125,0.8442315247735089,0.8280883872820902,0.8893150786092959,0.8129683187879739,0.7762057934838607,0.7697485957040903,0.8320197735672862,0.9025747406822926,0.7395847826284367,0.9343051282085361,0.8107521886625886,0.8551304624057904,0.8892635825778713,0.7032071809247222,0.7535539859469865,0.6887120389896417,0.789642804456605,0.8088246949957194,0.825604861000337,0.7226299878839479,0.7750450054268309,0.7888011791055086,0.83832653414679,0.8306098426989071,0.8315310655396394,0.8733505809472015,0.9357462787396749,0.928321317874196,0.828395963482626,0.8368978402460996,0.7925832330544711,0.8357032617704886,0.8742718326114871,0.7665979280125923,0.8783972662383003,0.8814460149768242,0.7224109346841983,0.8439662608163497,0.7547176059094033,0.798028454305329,0.9248503759766983,0.6990860475249031,0.936069905219536,0.7523167973176371,0.9109436921895507,0.8676611422387258,0.8276444464362223,0.7859393126531745,0.8452493908070434,0.7609503030179449,0.7991361095315843,0.8643094978709179,0.7834989564508059,0.8807476282559148,0.8563098975568182,0.8137857182208482,0.8867804835758873,0.7688688671470119,0.9013695252919044,0.8355623708405507,0.8005102238251258,0.957914661527138,0.8069534141378158,0.8863604282762356,0.846874541945899,0.8467122380908776,0.7251170895570167,0.8071186255405353,0.8088927677114974,0.878840500561898,0.852841374368089,0.8947818916193551,0.8803103209623397,0.8974066252082593,0.900606591789891,0.768632710610546,0.8678325332999165,0.7821423060906171,0.7777957966165131,0.8826620005225213,0.9145857139982396
0.8286289214891909,0.8896564384399142,0.8824451758454246,0.8153842260236385,0.8284995846059703,0.8979421842559593,0.8809707287742613,0.832798747812373,0.7175186444894774,0.8496455641584001,0.9243917198609728,0.0,0.8227082512995304,0.6856811977804029,0.8435139285222786,0.8669753149276958,0.8655400219618693,0.7783285522685929,0.9310879478727507,0.7558733524610248,0.9263343723832349,0.8736256219566562,0.8246533522435378,0.8692699059223608,0.9326361837205588,0.8073589964283795,0.694600681142929,0.7748501954864774,0.8764412406752516,0.8542567540736797,0.8549108793466718,0.9029445792389089,0.8392580313722398,0.8343423779577033,0.7849826993734283,0.8965176762396369,0.8791692262622655,0.8364177478677194,0.8888857034441788,0.7917179761355143,0.884651283872824,0.8855296641261282,0.8700064236305725,0.9186816213523012,0.833085556723697,0.7936107026007225,0.8250897698003334,0.9092331453782467,0.8840251278810407,0.8189629532940722,0.9020859612174067,0.8602219470346706,0.7175010132232759,0.930359905000656,0.9361680599071248,0.8331370350677328,0.8313901351483471,0.9493268427576612,0.7569009422742466,0.7956193339970018,0.7886914000719208,0.7230983032038447,0.8667389670976388,0.7106043003089568,0.7143366175099533,0.7312592934980076,0.7181221100291619,0.8053819361227008,0.7771129744699924,0.8483347038743039,0.8084701262266127,0.6954606287239465,0.7269046790902493,0.8785780719886088,0.8444708256517718,0.7367595848986578,0.815915428961143,0.8537790734387838,0.7817843055444492,0.7308058633989694,0.8306567537458319,0.7961339556763479,0.8637880714649968,0.7884135326538787,0.8327866008690459,0.8539606434986794,0.7945399086307416,0.7521577055415977,0.7704389566509959,0.7749891591119821,0.8732437163070429,0.8145876486176967,0.9075228937641465,0.7639122602944675,0.7792656699635251,0.9162190990151812,0.6997976655863809,0.843218660549656,0.6861931164996804,0.7704875297731718,0.7439506825323211,0.809449345473525,0.7896508342988962,0.8671349246339785,0.7861636710183211,0.7963990104457207,0.8236264864726841,0.8439603656187307,0.8215344935682534,0.9010330142725108,0.9617988999853408,0.8111989141029567,0.7931838261787907,0.7440325236136169,0.7933011974974239,0.8135129371965205,0.811004579307346,0.8645619044210558,0.9083266586469718,0.710899787370485,0.762984369122501,0.7671147597601602,0.7814611471171914,0.8856951948493151,0.6636333597276405,0.9387894288880314,0.7364681761039659,0.8610648666323472,0.9076534814661258,0.7406997328471973,0.8008772513521916,0.8035370870223754,0.6545581161802267,0.7774697314846895,0.8287510882544297,0.7228076614073686,0.8526770072446254,0.7997228998883595,0.765577898518594,0.8870924077589286,0.7699379745021507,0.8587177837197494,0.8270733178796501,0.816719923299109,0.9053611585973405,0.8429126302068506,0.8718050327992036,0.8054964918735453,0.8880933771441526,0.7345584122949674,0.803777773425399,0.8368039915114012,0.8300860905039009,0.8071055240416323,0.9613046314422236,0.8043006792304339,0.7789616687132115,0.8858303863843701,0.7322296764428324,0.8100315445989184,0.748263393562688,0.7797675956978757,0.9238896596276589,0.8390868029541535
