0,1,2,3,4,5,6,7,8,9,10,11,12,13,14,15,16,17,18,19,20,21,22,23,24,25,26,27,28,29,30,31,32,33,34,35,36,37,38,39,40,41,42,43,44,45,46,47,48,49,50,51,52,53,54,55,56,57,58,59,60,61,62,63,64,65,66,67,68,69,70,71,72,73,74,75,76,77,78,79,80,81,82,83,84,85,86,87,88,89,90,91,92,93,94,95,96,97,98,99,100,101,102,103,104,105,106,107,108,109,110,111,112,113,114,115,116,117,118,119,120,121,122,123,124,125,126,127,128,129,130,131,132,133,134,135,136,137,138,139,140,141,142,143,144,145,146,147,148,149,150,151,152,153,154,155,156,157,158,159,160,161,162,163
0.0,0.37318787598743536,0.28646575666620966,0.30918809153182186,0.2664571047525971,0.29329037775461675,0.35263702496095306,0.3320249540434802,0.37522579524353405,0.3043650424957595,0.3449619431635416,0.30682266628792854,0.41898342473123573,0.3181573757904388,0.3544950674437636,0.30225833748756226,0.3195312404331145,0.5209480428309531,0.38217441264680946,0.44839503744067133,0.336145647611503,0.3793168357342706,0.3924366417737769,0.3418001158043904,0.39799057716666825,0.2867184181291044,0.3168111968986264,0.3176958091842732,0.2855187269944257,0.28519130609613297,0.3576180785910642,0.35947036941505156,0.3461627209168064,0.3199610869780322,0.3868036073380427,0.34786281334034375,0.4313491000966024,0.4068212882182735,0.28826781324518713,0.4206343989264253,0.34431201621882646,0.3494930110578544,0.3530411728257791,0.307770470190413,0.372809068552255,0.41171449578072955,0.2909526702433715,0.29618646667299275,0.4885361020465275,0.4130720818679147,0.3581588679037294,0.32048040491899327,0.33229708228098703,0.3159009152816686,0.318220447920007,0.3348926164476675,0.45193788751472724,0.32327432878404483,0.3248184690761789,0.39765107754377466,0.29856018237766463,0.2908331888712222,0.3282309692897039,0.294944763806073,0.34755455905246674,0.3479544718188666,0.3415131478010067,0.3346031036264949,0.32556498697124425,0.40231264563303215,0.4362381686885002,0.33738676755614644,0.32855955929029,0.3610070713492041,0.3420737459502939,0.3679978304235823,0.2741720776167829,0.2805818076550056,0.3526171802724129,0.2320275677173905,0.29031710906692865,0.44902463900353223,0.2957515132285676,0.32714062984488784,0.35495235957585625,0.45936603774365536,0.3634721217970015,0.3607414127846842,0.3575827221076678,0.3150056267169789,0.3907924757765821,0.3568371839866918,0.3575322697029673,0.39223264267358365,0.3542069409292147,0.32343984610095555,0.26630259018607033,0.31065894603089134,0.31239161650661695,0.35822712273533136,0.3069586129481885,0.30355142321116946,0.30011431631773433,0.30014706771823196,0.3769970937097197,0.3273857174103618,0.2943523689830993,0.34557610544433315,0.37669224570547666,0.32065569499693647,0.33124867932599084,0.41121490748562484,0.3428097553974985,0.2856786390707346,0.3879528289430988,0.3562765028005876,0.34876640261972874,0.36197785098614205,0.26100214690673695,0.30048283893894123,0.3175804928485554,0.28936922325610465,0.39170121228056753,0.3617004914358096,0.3181811685761695,0.3068585915310278,0.2899356917150775,0.2838018001388384,0.2956886859570114,0.41409310445389574,0.2853946499006642,0.28782914083297634,0.29769824366921094,0.39170571303099694,0.3467230229794917,0.28838054061614915,0.3276943234091361,0.41398105020201154,0.3735717122152837,0.4310517392014115,0.28244093729865477,0.3315843593585802,0.401386459512447,0.31226186765921676,0.3641074116765573,0.4254858540107595,0.3309723051683581,0.2777385833734898,0.384206486848831,0.23882596531690026,0.4178613184535612,0.31353443936892117,0.42989788045609184,0.26347725507425024,0.3563140597698771,0.42535625019397594,0.3959974081293458,0.27835391596818954,0.32538563915053337,0.31431777902349967,0.29409081965656647,0.4004909191400303,0.2743082306524122,0.47031756012138065
0.37318787598743536,0.0,0.30576509016854375,0.3260646326102954,0.22550766778478407,0.38381794918707224,0.34937915928037777,0.43232887313069335,0.32255368996320555,0.44499162994566605,0.32318507391046464,0.3999963048796267,0.352204623602547,0.31851837861109844,0.33670733002186903,0.2892473054172533,0.2883037440551745,0.33592431464746575,0.4185092631881337,0.3317884208839658,0.3288405560967219,0.3810876670743341,0.38276364878586483,0.3134515628094807,0.47617922778196364,0.2511248346973067,0.31368959617986686,0.2879725072879508,0.3706024431810137,0.2853868051058408,0.3914980342134895,0.3788345882978711,0.3871156404966519,0.3187329197607045,0.3019680589960417,0.3563010990043202,0.38092858697095106,0.34690446257355,0.30858198190915365,0.3579870844999342,0.3361689055419475,0.3736365910257738,0.2705853742149782,0.2726632825780333,0.4116878956016492,0.32766066817198025,0.3098149211206563,0.2682154212123298,0.3819297452402035,0.30789045547989646,0.33010783106439107,0.2873823539334469,0.3381792451440057,0.3820209823043805,0.3498685698203495,0.40230564913900135,0.3372157758034841,0.3203696672470223,0.32600908015829455,0.38148074120463293,0.35253462872530694,0.27530421261416754,0.28425950388439836,0.25819778573583047,0.2831657937783972,0.2933835862155515,0.3253503544896357,0.32638770971209397,0.29492232608635427,0.38731427903887133,0.3246865691015955,0.28052368259850635,0.2726416036012512,0.3401023078941916,0.34712627648816663,0.3370287979676135,0.2777838879421136,0.3133206970121642,0.30806057496896866,0.22791864297163827,0.2977491315388057,0.35901585744767806,0.36436949770009025,0.31228901907520545,0.3108420565840205,0.48864938593339896,0.3505141555756388,0.29985444113340615,0.326244803624745,0.37126940384074475,0.292106415953679,0.3589373489188934,0.32683081213699383,0.34174252218464346,0.33619317781471314,0.4468607492075942,0.29768422940385314,0.3565172112260195,0.26816277010570083,0.3278412260197676,0.29261653784194797,0.3102038031247583,0.261963914006616,0.35040886241891245,0.31164365905139985,0.288885311592512,0.2833207960624523,0.390142347476212,0.345194222658631,0.3919372036483053,0.33075668174994455,0.30528358429666025,0.33775708528713905,0.2796225695143221,0.3369351145560979,0.34635610116336346,0.34381615789962305,0.29895080057389756,0.28126310185452646,0.29010325650704905,0.2510074345293083,0.30179632908316684,0.3459865212175524,0.3595383646013838,0.2774968232823219,0.3839138202671244,0.29578828379654537,0.3512514609552247,0.36141825318837617,0.3312907524170049,0.33736407013191144,0.2827113890281613,0.2847463848613766,0.34326163506586505,0.3313055224283145,0.25281825570632316,0.3121772658800308,0.318269080902361,0.34841509713262053,0.3611244406207279,0.3024732772551589,0.3628953366873467,0.4195964005758574,0.3237140688651537,0.34893334760347383,0.35825877151546703,0.3485481063068194,0.30464589030940553,0.47035143708048044,0.25663854980398326,0.3015031917966785,0.3781097653827596,0.31537883766609204,0.3331755583500933,0.36946399719245027,0.39657495645942764,0.3730133938434108,0.31761534440076106,0.2861592655160582,0.2863723641024592,0.3149974499389608,0.3639541271427801,0.2805147631804269,0.3035803154599654
0.28646575666620966,0.30576509016854375,0.0,0.256681354392337,0.268238988958367,0.3864542639627753,0.2799042727133823,0.3114748834599916,0.2261737774221538,0.35104660688149425,0.3479977957471378,0.3257944089099067,0.3785689280959396,0.23003559633828513,0.2598395455941159,0.4728971138979151,0.36351876212219625,0.27393414851495224,0.27330532193892587,0.24047418734808138,0.3676688705944593,0.3884621074835005,0.27256925519482106,0.3180126321577116,0.311522036241498,0.3051702118205097,0.26865904931919893,0.26069814094808885,0.2994784241233899,0.3283504550902368,0.23525280805985546,0.3552406758259976,0.2529394064944511,0.2489175732908153,0.2144148016336004,0.2446712427067283,0.33477664738902824,0.26272296999601574,0.2569785847027929,0.32395224265958583,0.2583610302911298,0.35176876285126196,0.27289521126683064,0.2650075928037071,0.2790493924143668,0.2853821394126117,0.31781053799862913,0.31064805408307056,0.2815977626495016,0.2518184675459081,0.29454341561463415,0.3166434347919769,0.22229544643455218,0.2869635754875573,0.26855609080126686,0.27022588005008846,0.2666767567476527,0.41340006088631354,0.23782195755212382,0.2591119003964707,0.2748074904864493,0.23868704917618125,0.3101708091945484,0.20637400157429056,0.21180234901979303,0.2436870923525823,0.2512588501650541,0.34572548572391665,0.2615238470527456,0.32035902838222197,0.29239928216945515,0.2027013128118268,0.24445208917778186,0.37356400158010444,0.3167475861800181,0.23052595377764612,0.3311697229122148,0.35176614466544315,0.23260768214248917,0.26333397388281016,0.31119983185132266,0.2505549623495385,0.33976102472076836,0.2684577640169839,0.2508668928282941,0.30560058739244317,0.2680677670528817,0.21985810687575066,0.2713954828565984,0.22785042251278212,0.31314778753260125,0.22513429915097902,0.28833861308445613,0.23041757530210538,0.2424985574148201,0.27969939668136984,0.20884563384341673,0.26465062647502724,0.19669157488016595,0.26529093795877196,0.1988988948803773,0.28512170536645587,0.20583555179338198,0.2637018454588113,0.23443526880891005,0.3602517247608814,0.275956112332038,0.30197570447260114,0.3001885473820243,0.3627977679115006,0.29351323869627066,0.22738967689345818,0.26395073216300974,0.24937518420330332,0.2371232312857636,0.3608566547495629,0.25436452569491375,0.300174436795021,0.3056946663747426,0.24616618311311328,0.26629889165764037,0.2376989185703974,0.2481176914547784,0.3411216154275808,0.19152147107574158,0.33551878352428455,0.24368559882346152,0.32061367750955033,0.2901909398993933,0.24448064113784748,0.2665903498985741,0.4045706793763959,0.2217502429864882,0.22157015606704136,0.24673652824404216,0.20910800687890202,0.2624705648537447,0.23659128376074262,0.26328768083059373,0.2635753282232641,0.2087657685467553,0.2890037304352183,0.2640020678551036,0.23860926867062643,0.2787891983338313,0.23949813186105706,0.3037038014452644,0.32037174646669475,0.33316953380526676,0.23548575848397924,0.21626242070046683,0.22884617520634995,0.26408330879694497,0.33359674738393164,0.32041890414903546,0.26910812269829215,0.3374645665698068,0.38561574835742496,0.19178507077714005,0.2790289430488729,0.2693620548178355,0.2245600361211902,0.23534709996772304,0.3023386256801733
0.30918809153182186,0.3260646326102954,0.256681354392337,0.0,0.2106431522173931,0.30195016487975934,0.3141932854474815,0.34356599382744063,0.2559292808075283,0.32532010908608844,0.30266906364666174,0.2762109892882544,0.3199356838089444,0.33566921552150697,0.28214803583893117,0.27073991276211046,0.315653522542218,0.3461650053834223,0.3713507591507041,0.29168243085512685,0.3426767968379658,0.2582899893188869,0.3420825965114644,0.2373791267781608,0.36547581883006924,0.3010755325284054,0.3099920209235508,0.3281791338984355,0.2984438241144897,0.22331352120195097,0.29453150442289483,0.3509897342216246,0.42445422369646857,0.34962027311625066,0.3067964538730839,0.365372074909162,0.31401856153933194,0.3703001983532507,0.27720142778959883,0.37551431431989263,0.34822587218043743,0.3141631332513052,0.29090867225862427,0.30175779730645663,0.3249663106454162,0.3400043443297525,0.22630929180216156,0.2579757363476272,0.3448914114633266,0.32244394708332574,0.3959626405638998,0.3444991910030599,0.3647279496343345,0.39472618032852186,0.3311854732798438,0.3088336053702291,0.3716439431047801,0.309627487682854,0.3586536857826719,0.39832738276939245,0.4226907780894303,0.3367270791188472,0.3430686702678454,0.25957435614878466,0.33649348119403166,0.3880344586498043,0.40210309423854634,0.26436418694539415,0.3344878131680136,0.38027628452420376,0.30871136741296196,0.305275709097639,0.35557006917568806,0.4252066444889066,0.37788852650449845,0.3359682651294113,0.3618747636579401,0.28340948213933764,0.3506982741529153,0.2497553596605705,0.34460364158535894,0.3848432902783809,0.2534977688836814,0.37932104131787503,0.4357436594017202,0.3430876072097866,0.4318771407825725,0.3722718772355811,0.34942036543515326,0.2832050492681664,0.32440658418302515,0.33828609674183596,0.29915031278962884,0.3538994462341344,0.40697449525538393,0.28711543609950463,0.30801615826251155,0.3542522611428338,0.29640233553052603,0.36636276776855403,0.30535646496541,0.3880315631936544,0.39097024417352927,0.3150110791847375,0.36216605244126077,0.2848117207874351,0.34784849925349737,0.3078790673818088,0.32976375982240624,0.2626317932123719,0.3634596015821436,0.3545946039654835,0.4912881108657692,0.3775186222050687,0.3655865723006969,0.2764014782517481,0.4140451769671349,0.2584953170665021,0.3330384450010199,0.36161470239586607,0.2603501939778754,0.4673436439798003,0.35649392327113644,0.3204515013485042,0.28515411623235776,0.30165945081481754,0.38841026266895257,0.24987248996683173,0.38242889414535525,0.3598858377631166,0.27214553919028783,0.32413678309534455,0.3734476126791224,0.36884534427609733,0.31321842619139795,0.25325627297731645,0.2127531862681081,0.31358596587620097,0.3116710970937309,0.35108001352871127,0.3945435709957464,0.34236278428942185,0.41678462583971904,0.3530883539275126,0.3367320842126856,0.31575293802039933,0.25842840017835567,0.29712640168831667,0.30950055189211334,0.25733614235121227,0.3563369352364858,0.40161395904667996,0.3171437906085992,0.24567297451683545,0.37031679664303196,0.35132046035116893,0.3089368390242834,0.27982153578515073,0.3814958513452169,0.3545492224408469,0.3963399517473122,0.37269661741219273,0.39128917833747884,0.29203246194443405
0.2664571047525971,0.22550766778478407,0.268238988958367,0.2106431522173931,0.0,0.22691230667163861,0.2811405766594619,0.1990740488548769,0.2198918056532931,0.2037003073892297,0.28438277782994437,0.23055996026509068,0.2343710461273431,0.21014006724368783,0.28830423345922884,0.2669405445644637,0.24615556714620995,0.2563814218136076,0.22694846853726725,0.23166621214555652,0.27365134278197023,0.2955555232567256,0.23760848627917372,0.2877965265928583,0.22173634112921448,0.24480344588054248,0.20786759176535624,0.1984940458132045,0.22464740459186186,0.26699320919975866,0.244547366315218,0.22835487048114894,0.23380248743148566,0.1991807098850543,0.2577118942295976,0.22888002139726396,0.2641404295585971,0.23396311762658617,0.26365897907329106,0.25732758461911004,0.2485396616648754,0.25663471465679677,0.26719498718518636,0.28942366879828785,0.2075959462167566,0.22429657813470968,0.2764271214261299,0.29574556384964357,0.2687143406705031,0.25541974017674496,0.2651380358795857,0.2445479226902502,0.21082862202724928,0.23522471397831235,0.22879261637616471,0.20124862902144694,0.2347413277766065,0.29127973282035374,0.21322600791358653,0.22370223849796977,0.19090131775089014,0.1973570997751473,0.24496555561420552,0.20516669621227152,0.233104628846687,0.1907861950845097,0.20468479488240163,0.27009990038135023,0.21198089135305515,0.24186863005227854,0.2743582811579175,0.2121224055431735,0.19515459985443445,0.24895291665211233,0.21195649494536645,0.20380198330520422,0.2374936509126086,0.35133620060733134,0.1983174949366796,0.22262612013258887,0.23160309213614477,0.25561098887463163,0.26432666375172886,0.19314731062311064,0.2036905171798702,0.22703189352769576,0.2198510509149931,0.21718888032041617,0.19634429941761333,0.18900836607244334,0.31323104364423804,0.2273404681752094,0.2837980059386843,0.20301868744698365,0.21661863310852347,0.22307349121916561,0.18224939251141686,0.19600743959056025,0.2128540857162738,0.1993685650275267,0.20835515512232056,0.20636747050119295,0.19504461058441405,0.1973675570706785,0.21147192511292257,0.2325465060769497,0.19696118124194106,0.21220041879239954,0.2571496367589988,0.24131666091510795,0.25274049845919594,0.2277335354790581,0.2053406377817928,0.2053628649575525,0.20808295479186262,0.23720960861639415,0.20524672407173908,0.26047802504587514,0.20527717230533074,0.20666934542015933,0.319567757205361,0.19790159366893392,0.20888620340164735,0.2912011200808789,0.2202246282756259,0.23504595270351566,0.19288178145712448,0.2470333945695539,0.1951675478116755,0.2433017734223116,0.19415646613943885,0.25197109915109706,0.1840105288752609,0.2321704310496806,0.2307969167480384,0.2426625206786126,0.23188751432755428,0.28755579317891716,0.2253943066618364,0.2599480895402007,0.19310211679580278,0.23434913083098224,0.2362960866941787,0.21730194400054995,0.2494586373057914,0.22474519536392132,0.3024276012353123,0.2310543318692186,0.21411470424097853,0.1762909276475553,0.2258069853608444,0.21245739205681244,0.25728030167073046,0.22798168290677034,0.23334860955029277,0.23453182559709265,0.240792425614084,0.25145847779432856,0.2107713938335287,0.21383175299119955,0.20187647712675913,0.22041357262047873,0.19540394214862247,0.32165063345292755
0.29329037775461675,0.38381794918707224,0.3864542639627753,0.30195016487975934,0.22691230667163861,0.0,0.33454735509018546,0.34436475845068043,0.23452700664228404,0.35397784442652297,0.34781597897526717,0.37220829922175996,0.4211025445162216,0.23788574182215386,0.30201573762691947,0.37614684343372967,0.3591586668459058,0.2513712915539858,0.31312004099353513,0.2565157050172966,0.3580832743699647,0.36582136530282494,0.2749268430807399,0.2952126608259939,0.3508546404892172,0.2817943366457361,0.26348908527498816,0.28028684917347135,0.3240899868021681,0.2785420643028719,0.27798674898803544,0.39673129728393985,0.33090561537464536,0.27788414917477844,0.2362259922110276,0.2645388673259994,0.36593347629315104,0.2631267195777162,0.28040692593509464,0.3225288390213355,0.3055569452844284,0.34649699575701853,0.2727650529938854,0.3030702744925308,0.29766667287811854,0.2947626636205244,0.2852600979335521,0.2783928450802301,0.2784740334834575,0.26261374378276037,0.3200246051356759,0.3548702526515265,0.24814237568344896,0.3487075566321633,0.2865622816630602,0.3375052181247389,0.28125424847260716,0.4266700037664493,0.23676317489898982,0.27693351979822345,0.3456485084863955,0.268108353078229,0.33172256263626365,0.20243302316710748,0.22005998159487877,0.24981683332605417,0.280228212229421,0.34289941575323307,0.23793632230558126,0.3155881789605001,0.3167308626380185,0.21297894450245183,0.24383149665087078,0.3648574776375499,0.33496763010785136,0.25389216442160073,0.35433934198321015,0.33293688929990406,0.24612546742358643,0.2972048969562634,0.38923656914693455,0.2697967660249445,0.3381966716959858,0.3059365144071382,0.2618431762555101,0.3288184824000401,0.30540128836360236,0.23423270176111527,0.315031515317971,0.26690296583009765,0.3150188869540162,0.2806017065434112,0.31474487428012926,0.25453390110973634,0.25234457181588676,0.3545761042295588,0.23608513391850913,0.3192507560691938,0.21000784902032266,0.30716281533101264,0.2274674984029837,0.28308711612110193,0.2245005373521023,0.264764575158185,0.24757642415252046,0.3788721030034446,0.3136993556451024,0.3386199975143812,0.31191301592762977,0.37936189283837074,0.3384170513190451,0.23317098858829605,0.33218320202150875,0.27179111030442465,0.2650299508038575,0.3980909845111194,0.2937761185178896,0.2542339668511166,0.3869703718860426,0.27088729697281466,0.2530991270919953,0.28913304340923607,0.27666047384648246,0.37718874524071566,0.22024606395034282,0.37854058230056326,0.2882040472011683,0.33039293443842915,0.3109593580861218,0.25045779522938794,0.2887992991934983,0.39952656447493395,0.2587507055120825,0.2600631472322163,0.2544458004618532,0.22982639234103813,0.29515402498077314,0.2546204907539602,0.25868500405357725,0.27324662932912586,0.2533819118060957,0.31508695008940274,0.2913037158834537,0.24946213499915781,0.3026178768711388,0.26735556416853656,0.3329808140525047,0.40317247360863373,0.3135957869995834,0.24693040089098106,0.2380226188670419,0.2758245246392776,0.24789029791973946,0.32695472359759137,0.37608058433896996,0.29427440152524725,0.3568702654158203,0.43415464148268046,0.23413962959910162,0.32091981930853675,0.2962528297292211,0.2671598866758375,0.24751119553514794,0.3009880934107615
0.35263702496095306,0.34937915928037777,0.2799042727133823,0.3141932854474815,0.2811405766594619,0.33454735509018546,0.0,0.27716333766893914,0.2748621256952985,0.2891898012222791,0.3263485575660171,0.3960544203859134,0.32830081294071145,0.26562998118392506,0.43871606472107727,0.2683160365849257,0.28536901426839906,0.3165268646916928,0.33667636336879586,0.2777809289815572,0.34714388779969224,0.3928476237160764,0.3615006682004046,0.37851227687731154,0.34700472249434555,0.29404347667926745,0.26774088020040615,0.24014909000135856,0.3142521588521467,0.29152084756908364,0.34061280152968415,0.31891219239797686,0.4118641716996724,0.30019573297411867,0.2751595965577961,0.3000063327680683,0.4551696432992393,0.2869944833054762,0.34219793097142354,0.39257095660343466,0.3968546064125839,0.35084033142952775,0.3579162301382764,0.3605835772689049,0.3288330116548998,0.33184964323107635,0.3338329825039586,0.29792439967276385,0.4199607345951891,0.30492620851280133,0.409484102198529,0.31501105278823455,0.2791902394129859,0.3876500376910153,0.3445016319951616,0.3101338168092551,0.3216613367608041,0.3296895062164418,0.2983753578830994,0.3013001042038955,0.2585579825536309,0.273706000796263,0.2959878746257036,0.23818741619915237,0.2888919341581777,0.2603156753079624,0.30504062103604973,0.416354137488864,0.2558702214296288,0.3061018479173022,0.42717218157626313,0.258704130107338,0.23426662112717545,0.35805704115400594,0.247305666835219,0.29713136451896793,0.3387270160734041,0.35055337945115517,0.27247112519409306,0.2416769622830188,0.32379179937024427,0.36928169371939373,0.35005764452780114,0.23757339081696205,0.26598270039545063,0.3324027166572035,0.29556187365527326,0.30244659094692505,0.28109159134771156,0.2905451067598834,0.36705753525799223,0.42037874357509136,0.34796888770255985,0.2929975748035167,0.29189586926072286,0.42934773317107056,0.25234606448543806,0.32452737797070413,0.26014792625128125,0.28934155974804515,0.2820118365729185,0.29615178412770893,0.2915195874940138,0.315223163945373,0.26600980551759634,0.3202334149617579,0.2675107658550039,0.27952770095184465,0.40013971418142236,0.36493807106324183,0.44710270816673053,0.2964364829772691,0.2826847908266258,0.2406071858338744,0.28062595582155786,0.30345839319031764,0.282836974199712,0.3133336976291864,0.2825556836116783,0.2500858348734905,0.2856370150569084,0.2763200922955753,0.2788876068769614,0.4284372827379577,0.25111069070992337,0.3794148481259105,0.2508048551640756,0.3543676788166613,0.2658371902904013,0.3345349257953753,0.24172436516533494,0.273936820611381,0.2355793902032992,0.29600661932594763,0.2826731446313218,0.2981852832501408,0.3212656329172549,0.35318858876382636,0.2959400136526157,0.38729189111961443,0.2994564924804596,0.30013132795166386,0.3490799790775558,0.27918171643655515,0.3731109299106182,0.3829094861886994,0.38291053012312437,0.3432238717729242,0.30286976052502496,0.20018634370654673,0.3024090222971284,0.31278134943325303,0.3016943051490043,0.3335796322470566,0.39353118573230933,0.3831578565622932,0.37506631885573527,0.3457523941184744,0.30174563860211506,0.29891349600161027,0.2838410256273339,0.30077722628242765,0.27696819050588545,0.3685390254095732
0.3320249540434802,0.43232887313069335,0.3114748834599916,0.34356599382744063,0.1990740488548769,0.34436475845068043,0.27716333766893914,0.0,0.32901230079772503,0.4319353624026462,0.27617732673583845,0.3250535123481384,0.4023008041664186,0.29328544742329404,0.2815066651318085,0.3121972043825768,0.31368520034301944,0.32564200415164196,0.34618067537615854,0.3403362076139627,0.31682410861599364,0.28534835413853055,0.3632221781599688,0.27136049387090233,0.4378801665273394,0.25503941417318626,0.4141327379111509,0.3642947982867757,0.2578148665462524,0.2697096891409105,0.3908276838775764,0.38256602349873836,0.3102070128424722,0.3545880072799299,0.2954627438355472,0.32289300608907145,0.34876363861989407,0.3355146894768889,0.2564464163475473,0.3400816412810855,0.2895234095790427,0.35844223323214464,0.2656239410209571,0.23998617121991764,0.4534745993235959,0.33915677937907124,0.2723436366669788,0.23292519027294126,0.3361016121988962,0.2809779740604954,0.28681684516375877,0.27412512923912563,0.29175258150764083,0.28914578088150983,0.27624337187360093,0.3747844195079612,0.3046441161077628,0.34427292630147477,0.3279234463772237,0.342873816486374,0.4408067447051124,0.26854426525946834,0.2824763735745279,0.26563344348628987,0.2550314789667705,0.3042274622973257,0.36818196906827644,0.2796404679554593,0.3241534489938121,0.47699732360337177,0.27975233553550316,0.28345451351572437,0.32007133538492405,0.37073984238546615,0.411678566792986,0.3360477174135413,0.30247242148787107,0.2758487108333581,0.3183916435685659,0.21958778183714614,0.29913165422228066,0.32528585429498696,0.30201460192561236,0.3853614484253219,0.3462781821162332,0.4548721486792085,0.4618538446271648,0.3128926059665066,0.45533123532203024,0.3262365674677826,0.26572643721366945,0.33073890961694874,0.27089235656741467,0.292843544530544,0.3194965430554888,0.3176760842283649,0.29967959905951386,0.43612677868098454,0.2576464077285934,0.4256876459505718,0.27547241843199094,0.35492648923500214,0.2855397383259352,0.3413931540735264,0.3416704043877547,0.3288445926901762,0.3225050249429796,0.433503345218964,0.32094904187629203,0.3262604575360794,0.2845094793373549,0.29253834006440177,0.3657058822938682,0.35116983929985,0.30476457773101956,0.3586648580490591,0.41557230458215366,0.26248836986836444,0.2721458854544037,0.3319410842047273,0.22674167877126694,0.38479621734155817,0.308140263814597,0.2995722657062439,0.25913065761396564,0.29711754710664995,0.3094074933361274,0.31899100194783747,0.33500941065235673,0.2982817097023782,0.41558452178914695,0.3043927209222122,0.33504116501898257,0.29514551346940315,0.2962249429961152,0.2139086625277615,0.2747830661624733,0.277634877100809,0.3658560196786761,0.3328568702009424,0.29133856845852124,0.30035789430438176,0.39273105700507155,0.32251980504149264,0.3070454418055653,0.3344446487348095,0.30037790618633364,0.3127463291658203,0.4120707148952527,0.2605285572810935,0.3259896575515215,0.33989971638209915,0.2896753590324829,0.3033250667656279,0.38851844803027996,0.36878187815484104,0.33749187739583214,0.33334491781133824,0.26291503409312084,0.29136466067722455,0.3387525502906276,0.3413737042184102,0.33450034857871147,0.2663411421604426
0.37522579524353405,0.32255368996320555,0.2261737774221538,0.2559292808075283,0.2198918056532931,0.23452700664228404,0.2748621256952985,0.32901230079772503,0.0,0.266660268489703,0.2471837416581052,0.2586803459574661,0.2675376760804478,0.3364661054782857,0.2810920994088753,0.22803182988256018,0.23816832522115286,0.35584006953339875,0.2626607132663864,0.3453472603636391,0.23509177161146672,0.32868694925812847,0.2862307055098341,0.25294642445483423,0.2888026762224132,0.2124236702576703,0.34727347433629774,0.2759516046952652,0.22395789550514658,0.2946996941404129,0.3650638183095683,0.25682360334221327,0.27159431274165696,0.24495861690597473,0.33257235252844874,0.26951741530742235,0.2792743345840701,0.32167046682533246,0.25158959294459604,0.26700233926810496,0.2473418299104079,0.32377312564528943,0.24762181238488615,0.2310247899479691,0.3115682174917794,0.26846354055735927,0.2409348873467832,0.21359526487164063,0.29230043193011196,0.2865546804865662,0.2522177192365813,0.22445224745478368,0.3044928448009108,0.24440454645439494,0.23844759964280207,0.3297993587891714,0.28586075917919607,0.2479025127943897,0.2969098762443981,0.2805493499657648,0.26341423886969256,0.24359724935415863,0.22837583097790415,0.28377998300165264,0.2942397311609446,0.2516134126240397,0.31920467003969494,0.27611839010957834,0.2763043908386034,0.32811519996337096,0.31230814198191875,0.3209928083311744,0.30248583574256077,0.25513199276219417,0.2861605843062889,0.30256908454778403,0.22129788654964264,0.21954691050684952,0.2641083725492289,0.19236023560361976,0.22198523298246506,0.3874893668047726,0.3051604911477748,0.25347683144814515,0.27242812941394556,0.3498931781020259,0.3006822583030105,0.34725767513128925,0.30573476902268903,0.3719192798165955,0.2826021431839236,0.36590311911120244,0.26127774598635817,0.27265292481599424,0.3279203719977179,0.29596063679533363,0.2881220605080575,0.27831748437230613,0.32993759045025406,0.2859720421806821,0.31115859249118016,0.23103037501268317,0.2646773567694702,0.2613906269294605,0.32880195989407524,0.23887715574706778,0.21497625886150604,0.2823707167091376,0.256465075283914,0.24307836922078274,0.22712707580194522,0.3024905439190993,0.27456982441346556,0.3187645227530345,0.2604990918942212,0.284132374668736,0.2757855864106036,0.2568226307481326,0.19034598336464498,0.3145781431577457,0.25322003451508307,0.27481691446913403,0.2626646485300538,0.26129228418098754,0.3560216585957995,0.23152756684663137,0.2593742451045006,0.2574784997916191,0.21897335815286925,0.3079226649787193,0.37974667504842463,0.23586803585669228,0.2918589477044611,0.3679500840838275,0.2728534744914845,0.23676725815969327,0.2818940654975743,0.27803697706314157,0.313448852291737,0.31664898108548734,0.2776758188855423,0.26061152960380823,0.35814440140941195,0.3252705781428569,0.26605193888714435,0.3147294656107562,0.34530857017035876,0.23280657143301484,0.29020246372195896,0.2064259793014439,0.3439711680906989,0.2846663483168731,0.3012635754754787,0.25627240052560196,0.2505536220906554,0.346219459698253,0.28518856014883287,0.23681529223909234,0.3233091367386009,0.23873546880068944,0.23423911614968537,0.33864874358250663,0.29239130730114543,0.31428265873294053
0.3043650424957595,0.44499162994566605,0.35104660688149425,0.32532010908608844,0.2037003073892297,0.35397784442652297,0.2891898012222791,0.4319353624026462,0.266660268489703,0.0,0.2658857582810886,0.3098097797493491,0.3533234230873755,0.26790088727721684,0.2711024587988572,0.28275420499744336,0.2913470746424738,0.31189728881709056,0.32113049617650036,0.27478957417865524,0.2825523927289306,0.2921282727077803,0.3687334305826193,0.2541072968694339,0.4538056608656513,0.23280954056526812,0.324283168218704,0.3179111144134961,0.32300803959787705,0.24484277129636325,0.32099522810972897,0.35394865798866093,0.277353237121938,0.31255967484799246,0.2587079315765264,0.29105811654659186,0.3174463246162855,0.28311375342485795,0.23735057449274924,0.313849690378377,0.25473751544650336,0.35358911533961007,0.2419621317620076,0.22680509306802332,0.34064723802363156,0.2947625071755537,0.2509184256253963,0.23286469405470328,0.328665640260452,0.24554217531101669,0.2726965384030004,0.24994306405436553,0.26648007079290303,0.2885337999025531,0.2914039906473853,0.36008359209717977,0.2691229504143028,0.2873928972945679,0.2939703009175179,0.2975774562582375,0.3570980734007188,0.2491974356892929,0.24837270384428625,0.22942274765520254,0.24765625588192905,0.27306794824303326,0.3051627553466165,0.2744723697501778,0.287523116350215,0.38929458114113175,0.26072901941699017,0.24797071939825455,0.261752216085248,0.3334985210813244,0.34341884779895504,0.293309292782036,0.2756670928989568,0.2759613601520498,0.26037085894204703,0.22645971989312108,0.3079694234778074,0.30255699242244777,0.2883549532405173,0.32524071099629753,0.2962354941542893,0.35993217180903586,0.34171282035325795,0.27237824677227335,0.36747232008487507,0.2842961514801351,0.2517067074660119,0.29081946929009966,0.2643809682312813,0.2597392554347869,0.29350467004476843,0.329423368017194,0.23602182296020333,0.35061052358970785,0.23527149165730482,0.35358182248438214,0.2447717111384001,0.3091682236181022,0.24902633748312442,0.34457065270752185,0.2660489310095073,0.28277659146918016,0.293187143728125,0.4506032263906586,0.2915543055143878,0.3156322578346858,0.2710213628268831,0.25910095421230017,0.3521689198227884,0.30714697483275943,0.26666404286090845,0.3219068279194348,0.34080207688579073,0.2952650271668244,0.29290274645880904,0.29994375773146736,0.20962797486059395,0.3032077271051207,0.2753999277199088,0.29216251067056903,0.23077969351411398,0.3236830242848832,0.3070780814085606,0.27202812852434866,0.3464973211064978,0.2782693861015766,0.36171489029536946,0.2845881092298433,0.2735270030642087,0.26284612134490765,0.27282209256191614,0.2095360388602552,0.24847172969281778,0.2614512646714882,0.317936918574221,0.30024473960194636,0.26266725245105405,0.29693085851139295,0.3399880717987471,0.2695200191532728,0.2780195222605677,0.30732522963641934,0.25788850315423273,0.32504205241445544,0.46286357251992116,0.25875446955379233,0.25918567876336257,0.3144295599554486,0.2602769095703586,0.3011087677294532,0.34402870435984134,0.3333755469766482,0.30615906163800904,0.33373723051644205,0.24543966341155557,0.29221876185656415,0.37734695142955293,0.2983569025590745,0.29663812530617084,0.25150657336132815
0.3449619431635416,0.32318507391046464,0.3479977957471378,0.30266906364666174,0.28438277782994437,0.34781597897526717,0.3263485575660171,0.27617732673583845,0.2471837416581052,0.2658857582810886,0.0,0.3639600725787965,0.34606588110033676,0.2853567550940291,0.2917157124523285,0.3979871121972758,0.4101738368113897,0.3437299648064323,0.3746887600083901,0.2915295636783148,0.44872319652791276,0.41842923251623565,0.2933279419771642,0.3294649011519893,0.3332974595914079,0.3404494787647936,0.2709554066642353,0.2917558512632234,0.38141060808980704,0.31871585216855075,0.2688530704202643,0.3697334370160109,0.32477675692594715,0.25629223087448927,0.28714451029300403,0.34263992295012496,0.3981964161735902,0.362595628754995,0.3591035673938983,0.3685246235543197,0.364909995336425,0.33051048981748954,0.3763470502591519,0.38432081632141996,0.2858708498962609,0.29243164917759307,0.26920495802794703,0.4106950794731795,0.3677726581197802,0.32717165003703935,0.42122455808568954,0.3463253161474353,0.28311463826013045,0.41910603377912065,0.37801610235165767,0.2434197669200199,0.3790109282319,0.44681432012612315,0.30507726778700084,0.32213817087019114,0.30971917436368895,0.25580775405776485,0.40927898479830527,0.2604422257223236,0.2565939517889139,0.27887698529489885,0.27847242814834966,0.3267150270466012,0.3368048607064242,0.3337501129541852,0.35919041277706154,0.2555334274246344,0.286574456906423,0.38979941713480537,0.3532998617722964,0.28225141118858565,0.3809041538137936,0.3252157097185419,0.28595994238098554,0.25704976479702357,0.3481549152746779,0.29007918768793967,0.3090689620036975,0.29909610351627003,0.28644975583164645,0.30543937151745015,0.31944886806347966,0.2840223715252944,0.25063389602351677,0.23592826484769333,0.5083347895435287,0.25028679649363,0.42965568631853773,0.31541562728940925,0.29402095841702747,0.3126641807978701,0.25840210108164247,0.2447335954813689,0.2434851719054792,0.2554857928785134,0.26735755643818815,0.3252720839225041,0.26152493794741966,0.2603029698827491,0.30689339415413314,0.2957976507727198,0.29071422681943315,0.2848468253319613,0.3386581732766822,0.3762270185382418,0.44839358219531006,0.30129107125330196,0.2997779538141938,0.2824918733452194,0.30886545779479974,0.32141347094132533,0.2880268434131446,0.3443618734631833,0.3442268761233128,0.2659270892758295,0.3326055572686954,0.2643128948460626,0.310525660073545,0.3832557622534086,0.24753432413982426,0.38522636691682827,0.2463885239249945,0.3288961364242356,0.31022924096719084,0.31252824319084094,0.24009935661156032,0.3908736264671041,0.26883972363097286,0.3089138493655641,0.34430761392767883,0.27013859942232044,0.2999674481470327,0.3123512517673002,0.32001669078247336,0.3385648656931904,0.2858741341935801,0.3657817703127536,0.2865133090767606,0.306748338626615,0.42734272405205087,0.271301810573058,0.3158686422007063,0.3068063103739065,0.3041790495656117,0.26401975696973207,0.31974078174054577,0.30774819214264015,0.4027676220539504,0.29922648229659116,0.3262761584137752,0.3088766701503027,0.3523957708796421,0.30172473700615937,0.264778150695375,0.30498985122527916,0.2768428166435076,0.3243211891985743,0.24771163821025927,0.44457325243478696
0.30682266628792854,0.3999963048796267,0.3257944089099067,0.2762109892882544,0.23055996026509068,0.37220829922175996,0.3960544203859134,0.3250535123481384,0.2586803459574661,0.3098097797493491,0.3639600725787965,0.0,0.3144271637033877,0.21869298080260924,0.3197251752147601,0.30990112136479175,0.30254852172784485,0.2727770652023351,0.376836021178797,0.2673411369550127,0.37262393582588077,0.362030505803055,0.3126116291733449,0.3612761569750654,0.3783932915910596,0.284226493119998,0.2638411981172267,0.23744994230327643,0.32799820863113666,0.32588079378978424,0.309549736199429,0.32233575128457725,0.33987607379852697,0.28304728212327634,0.24391145223125904,0.29184475411298144,0.40434186041113734,0.2822711622077314,0.33246756515376297,0.3465748420504557,0.35788854184888247,0.33077417713378854,0.32152302454604,0.32055632003114404,0.3267812608647409,0.3142648718572631,0.35103568452395945,0.3134724013008254,0.33147434718045105,0.27637357506401244,0.35851479153597293,0.32968533127359606,0.2411254617671448,0.3818451890619757,0.34851809975318765,0.2925853166998404,0.31690268619378814,0.3909036893794548,0.2482591120793287,0.28996912461459884,0.2575606573816691,0.23377856112978307,0.310882455166722,0.21943706505911087,0.22865343266477656,0.24972172762262215,0.2525702555461783,0.3254035991187503,0.2459596265106649,0.2863698434087087,0.31822950701499436,0.2229725180677708,0.21965630714925957,0.319404746411168,0.2653515058053542,0.2594726416742893,0.29551568565183156,0.32113334576357505,0.26960210428150544,0.21844308848222396,0.2902571778252875,0.2833180522661788,0.3605552682327978,0.2451868613464409,0.2618540930290559,0.35300650060085054,0.2735824636374677,0.24358702701803245,0.27686367477631135,0.2876814818421601,0.3307595677498491,0.29229998819437353,0.32363582113943823,0.27848052769075526,0.24263717430459866,0.4604757001137256,0.23260038901238672,0.31033745620306913,0.20964779526402916,0.263203053363326,0.22891373692372996,0.27880909456960745,0.25908510443017096,0.3543443795547871,0.25079241623998894,0.32361017620034327,0.27538600648519485,0.29352492157581395,0.3418415376291694,0.44393514057949274,0.42654259861641336,0.26823454633430627,0.24990352590059553,0.22692048292185277,0.27938719514934857,0.3495385599321151,0.2737439159131085,0.31920617092397324,0.31024113176401064,0.22230087181136868,0.2544889765278436,0.2513384580615224,0.2688556276167162,0.3625353119609507,0.2059592404607263,0.4562683320415676,0.21941559779352773,0.40734274358243483,0.31508310353669955,0.271014468154056,0.2539307775182998,0.27887505716148103,0.22056582541653355,0.2543161330998722,0.2845239510581479,0.22763984661969391,0.3719989639226934,0.2944309418712425,0.29032565694621876,0.3173734998742511,0.25161498572788027,0.27896483049597276,0.28947137719884836,0.25223302690417776,0.3414635681034045,0.3370830644751012,0.39151618124656795,0.30621206940905044,0.3601458762522476,0.21862306028261855,0.2742938244787557,0.2779597106673554,0.2850970391941352,0.36815968760002726,0.40640333424256375,0.3016177460924797,0.3383176221671082,0.3660940053816534,0.23367210519257137,0.25541593151328335,0.23868366247828168,0.2644973943599553,0.22626384338865405,0.32137843182119274
