0,1,2,3,4,5,6,7,8,9,10,11,12,13,14,15,16,17,18,19,20,21,22,23,24,25,26,27,28,29,30,31,32,33,34,35,36,37,38,39,40,41,42,43,44,45,46,47,48,49,50,51,52,53,54,55,56,57,58,59,60,61,62,63,64,65,66,67,68,69,70,71,72,73,74,75,76,77,78,79,80,81,82,83,84,85,86,87,88,89,90,91,92,93,94,95,96,97,98,99,100,101,102,103,104,105,106,107,108,109,110,111,112,113,114,115,116,117,118,119,120,121,122,123,124,125,126,127,128,129,130,131,132,133,134,135,136,137,138,139,140,141,142,143,144,145,146,147,148,149,150,151,152,153,154,155,156,157,158,159,160,161,162,163
0.0,0.4228249624795451,0.47827667443064037,0.3715833398857296,0.3472032359231639,0.4767179365521448,0.2897266794635344,0.38854233019021145,0.38617404817174533,0.5095746348631988,0.33723586529067123,0.28135427490786913,0.622645415037632,0.38351295658766205,0.43057976147322846,0.4444140722840625,0.5197746685280865,0.564864417744732,0.3849245613661774,0.5932993511313102,0.3921420836199429,0.41831122148515404,0.3512194865508024,0.3234481754827507,0.41874106948523954,0.2828274139708561,0.3039310351961839,0.4429083970131253,0.36790885554951097,0.32742054102060986,0.3469836655095774,0.47506559090333206,0.4068920127626492,0.2880462318906785,0.4762090066878822,0.32602899545748504,0.41351811039834374,0.38425074445636676,0.25264415627861797,0.4280785679972951,0.35298062984207706,0.35563573379233854,0.49321018065063743,0.372372985618505,0.3707097893146892,0.4335012175517137,0.3411951329036617,0.369584699347329,0.3765886857203708,0.5325213287300903,0.4596164564143019,0.5449808116249747,0.3201083803575772,0.4055810028275055,0.35675381749755264,0.3803122367230912,0.574903102547698,0.33155372912019054,0.3915614041477071,0.509980395916365,0.4523870524451876,0.3519506972546603,0.4766493558766005,0.29738176216045487,0.398681257773344,0.3968801239108005,0.31200055849918096,0.4216837564978942,0.3785954404514784,0.40559822463100914,0.5343861327622151,0.4681498501356316,0.3335138499864238,0.43456589504661797,0.43895010970576076,0.3411389098956947,0.30996442544171504,0.3162161543334781,0.3501205285581696,0.3169707171640832,0.3573675146974562,0.41844873802169574,0.4107429509840764,0.40040094534400394,0.40667377184661685,0.38577142465735903,0.3464974823808014,0.40934326843042973,0.42677032881489146,0.2642721269621434,0.4019979665525011,0.32741088061383605,0.529388448557455,0.37953136790071323,0.44838877335022664,0.3340032482589427,0.33730382271360493,0.34470082868304364,0.28570993165994857,0.40148122882290455,0.3055972641767865,0.3412831251449124,0.28068535720898874,0.3396320802115023,0.5657443385017995,0.519888166920666,0.5071440007221907,0.3933120259327631,0.42576800996047215,0.34679961458938985,0.3092955588390697,0.346849348112681,0.3978092991558902,0.29759498837185366,0.3792406086148886,0.4419943800215252,0.4026704372490234,0.40583880316728416,0.37725642866512915,0.3168030061615723,0.3728219750325908,0.32072678121613285,0.3825728964266655,0.4297005846130244,0.3608857894001149,0.35800011615192595,0.309925099898732,0.2902774414286453,0.3737859309617278,0.5284919624910966,0.35426138938657403,0.45840139062928104,0.3111340895403409,0.28451330395317603,0.3188041845313382,0.36798147817148286,0.36017964985802814,0.405882142091359,0.4022849486854683,0.33453108572369816,0.36162502419134546,0.3754280275341849,0.4385392489213932,0.3638756163337741,0.306618667048053,0.2620936980540963,0.33354589306295707,0.32458149223022903,0.4662262669941104,0.21768243895000255,0.35740946653465927,0.3475941773096789,0.3558359209514802,0.3264680358752961,0.3117997770695347,0.3539036176391625,0.3877819604036032,0.36418382487469775,0.41742797736794074,0.4055319251322647,0.3311874901641209,0.40914692467618524,0.272128086807737,0.34964609807943275
0.4228249624795451,0.0,0.39503984778420215,0.3845604590263104,0.2898150013572419,0.6377743993120176,0.28314494322000544,0.5883852639031847,0.41737633121246726,0.5001569797100877,0.3269158513020953,0.36797353217282647,0.4416750340309612,0.36409601414631104,0.4316563270317353,0.446467741013036,0.46092661075901326,0.3459648510405882,0.5191632823219707,0.5723169872702475,0.4294365874609958,0.39086052000068033,0.31581816860955697,0.38803161074633075,0.43798195772094867,0.285655496140046,0.29682199403162496,0.4454786701224585,0.5550319646585933,0.3432443767593177,0.5005762122216327,0.44253251236396746,0.5728503215960726,0.3012471432712151,0.45454579657864363,0.35998886938566316,0.3693869125196907,0.48213549658597604,0.32857553355613583,0.4108332780784951,0.5341913436195691,0.29871488645853184,0.36700032490497386,0.39929197121445226,0.4154022020793127,0.3561219193352874,0.3189103726592944,0.352391074013325,0.3585589262578431,0.4449258871894409,0.4143594170689924,0.49534584726517433,0.3425799432345499,0.4436799494325797,0.3911796588149633,0.4728640762979032,0.5537143065705482,0.3705109022197215,0.3581565090399038,0.47277280800750654,0.5760656181590808,0.31242798077616135,0.3699841047469783,0.2880841764593925,0.32148181957676114,0.3142953213014661,0.30017432214570877,0.34392485307718507,0.29790651100721577,0.43438762022313127,0.43310194172903177,0.5281809714190918,0.28685015170342876,0.40800312332007904,0.44950313238272577,0.32308970827109307,0.2944935263108756,0.3513813501930447,0.3908906123288549,0.43720289133081836,0.378937698768373,0.399473853711133,0.564438165222851,0.4555859311799784,0.42603563063526495,0.5910924743868048,0.3768520852618891,0.35405844377233775,0.4207759573662959,0.35173932633078525,0.3156582216140069,0.3527410854802636,0.5380792097227455,0.40562837423140036,0.40065491645392365,0.4506329257802518,0.42263425925966946,0.3922684313478676,0.29257936143028007,0.39612626436518783,0.4149677051862338,0.3166058807629586,0.2606528582620312,0.45414905311206266,0.46145010178881685,0.46328511474333617,0.41283189320403607,0.43897659082498375,0.3688618038956969,0.36839808807435354,0.295188689921729,0.3451147035301386,0.38465681551775477,0.3313104227877229,0.42440327911192843,0.6041062268877316,0.4488367236544376,0.3455464573832837,0.3651567876360561,0.32117924075615234,0.45931581103979574,0.43489873192871237,0.42122837994651446,0.5217523130249123,0.5200478759182052,0.5403798428044548,0.32611446886962187,0.3370265209757261,0.4779327153104658,0.42287202607997987,0.452601592217518,0.5094053676062079,0.4053563138943344,0.365621517008487,0.39041309440000166,0.3594051403271019,0.4165839244217981,0.4454595819764487,0.4002648046151263,0.4069402221475594,0.3939153578903488,0.3613295398842028,0.45241796914104415,0.34501210275477046,0.37703682470760697,0.25560642479425477,0.450432062676048,0.35406831332240435,0.5561545054523458,0.2562732307774581,0.424212371399783,0.38580129385042716,0.3475772042654876,0.33163290105293874,0.38992221422591483,0.4132619649565579,0.45444735185046825,0.46644728300203475,0.48219431539113133,0.4007303117086724,0.3107429137019806,0.6403115529153522,0.3319225061984077,0.3577667133847601
0.47827667443064037,0.39503984778420215,0.0,0.40788672220700584,0.43390858398084503,0.38219932949186686,0.32900182146764806,0.4083492026821953,0.4109420940222542,0.5626703350337351,0.3820394868055334,0.30243867264837393,0.4569430138632396,0.42779055312371195,0.37998298803278036,0.5165354574468092,0.5433593576593269,0.44150128348831985,0.3728358516891855,0.4211099616397023,0.47586921816561867,0.583484112433518,0.390727718103644,0.3653975877735921,0.4464701738504336,0.31852919039762945,0.32185821721880103,0.4472378321293073,0.39401361624889775,0.35044198552464434,0.3516231713433782,0.39741637226388354,0.356473735297509,0.29663626786443653,0.4601780766350992,0.3685944712850919,0.41489154864293937,0.4155493449859918,0.26941481978271736,0.470175892453373,0.3301939721120172,0.42631767863712317,0.4134028252500625,0.38132172642119966,0.41325911469343696,0.3237166675446739,0.2951994397491333,0.3965470263828495,0.4222502753593393,0.4268128232176265,0.4455292884733227,0.4165801742573124,0.2564081778840478,0.4639033291465048,0.4023100121838157,0.37788268671674013,0.40212594450859146,0.37215944930328854,0.3666806013239299,0.3788105636286593,0.3854798651321391,0.29075586681365695,0.3783113554724603,0.3277562994489645,0.3362873865647281,0.32045961392555455,0.3204639258630435,0.39486236332815106,0.3970904506065488,0.4765186920441677,0.46366078358259394,0.3940121673301027,0.353500596146964,0.5366453275995849,0.35459135399873976,0.2519302972717338,0.3457697493661277,0.3399598231736634,0.2782066896941659,0.2786247219204466,0.2918065446632309,0.48835396250074636,0.386853988860267,0.31050937467378337,0.4079701129872917,0.404629450839996,0.3374343101476066,0.33988232718581196,0.31262620698505234,0.26476053680186984,0.4590419346295573,0.34180429648171606,0.446211255176992,0.27742000687694623,0.4908285929033843,0.35550642797063386,0.28384634326489,0.3649137898202229,0.3018064002849698,0.3397897999302541,0.2977037228238555,0.3929595556764696,0.30023298674258625,0.40360788781307655,0.4225107250004916,0.40942557631434007,0.3905439191363427,0.423665780406945,0.3394826546801379,0.38467993592247646,0.3395921375068484,0.35915766376311925,0.40493611330203466,0.3096273818278502,0.2940065134536646,0.45762066994676237,0.29391746986932565,0.49698213315583484,0.43357914411851367,0.33925660124710394,0.3972672769033565,0.3341118737801478,0.3712867693846081,0.37208317746052266,0.34720457302889385,0.33745298054849177,0.3347695876263857,0.3145630283474878,0.4146018144026833,0.3963301582090339,0.37803278314587163,0.5424361102634635,0.29817405235595223,0.2885816390716365,0.3556357342784495,0.28772190033063,0.2750053584334678,0.4289752545565272,0.4617557678446473,0.34930791643065046,0.2980271278473866,0.404141203200147,0.46612402321775387,0.41381330828065366,0.31212689278020056,0.2695496696888053,0.37928690212305344,0.2729335180749517,0.502484449442758,0.2349862621398086,0.34496531501092337,0.2687255580715157,0.3993238116542753,0.3872153201907719,0.3469914465362269,0.37547286918938777,0.4280840044883134,0.3952243361497962,0.3928482385125583,0.4137011650367098,0.2943525457849804,0.34933803428040644,0.29572334480498863,0.379907584885208
0.3715833398857296,0.3845604590263104,0.40788672220700584,0.0,0.4447602175575065,0.346236688194537,0.4547586433185083,0.40718210199556987,0.37365222234223977,0.4487492944596235,0.44951270925521175,0.45045617480580347,0.3590698892997579,0.31711905031553317,0.392494572370666,0.42957313076778686,0.40334550193970137,0.3274185997079495,0.3654196188484968,0.38490116128035307,0.5631098697331909,0.45386073436170393,0.5230560510218477,0.4560809978464618,0.5603660692414069,0.41616622522074775,0.4170923872299972,0.36675038861192755,0.36363424255688087,0.3105500571856176,0.3891240350679562,0.3373229453698078,0.3806301217088092,0.4141030454985159,0.43310726172691877,0.47460334587345543,0.5373580976816298,0.37816510876794474,0.39481588353657543,0.5059262242742895,0.3354367198128249,0.4387887521687806,0.3644459506396259,0.49828023334330657,0.43499968894938734,0.33927551515286386,0.2630622318888224,0.548559554870654,0.5177831828613979,0.35712136533308153,0.42090154640029764,0.4025963421580835,0.2546978002925113,0.5358375262425109,0.5154243201994987,0.46012408833453283,0.41050089476152474,0.44342138846964146,0.331394181741273,0.37959291735383155,0.41039989109527925,0.2729692746790322,0.334712659114784,0.3606521965745224,0.3133838871557254,0.30537743389271005,0.46650373234672576,0.3276976969120182,0.2865574373488817,0.3803835839702981,0.4001557530832806,0.39637873952247377,0.38077991365526703,0.4723537763938836,0.2943558498730725,0.2649991198343756,0.492649452461965,0.5338487852660279,0.29096076540592436,0.28063289101682815,0.282547324720395,0.5650235447145849,0.3792771983135587,0.2859693679728999,0.6129946915905315,0.37809966870571315,0.5746205152511561,0.3346743780887179,0.3376853625941628,0.37957983501298753,0.45859545455858747,0.42596264881546647,0.3989383749553736,0.29407774219761706,0.5303854430342867,0.4417242857667264,0.28669566054702356,0.48623553160109295,0.376737177217048,0.329084595619481,0.39388236960649065,0.4603231359362316,0.4204020621844889,0.377883974777515,0.3693214670349018,0.3893561370298074,0.3739397489440127,0.4761026203948748,0.3265709703301183,0.531159268602326,0.47606365257856464,0.5348687477400975,0.40614506016351976,0.38651589953157645,0.3082706669200357,0.3600662591362218,0.3115705186268221,0.43714280371245723,0.440430783990236,0.405367501318894,0.514822889938019,0.42822375458867823,0.5103397195089621,0.37905245762205125,0.41022216254511296,0.3327731691436937,0.33667997647336506,0.49015218012263506,0.46866133713962016,0.38519576512203635,0.3056962313844979,0.4054552722432347,0.3922755417762447,0.3808256653825751,0.5171938006399447,0.28581934041904955,0.27472264556818726,0.4623181726309976,0.648283656973828,0.3999661655015608,0.30468914648940953,0.4158327354979339,0.5115984465110909,0.5161548579221308,0.4715322550819465,0.35817370546554134,0.49011614930369535,0.27845671684932694,0.45470444850255937,0.25820311194268564,0.5003834869898163,0.28152974136792547,0.4815809479040485,0.38783403724747695,0.4614985979263378,0.4474521137685651,0.39621083492739007,0.46303439975712957,0.4992528175873009,0.3979319715337529,0.28455718092148086,0.3595912294300257,0.4347212059257456,0.4510328357722982
0.3472032359231639,0.2898150013572419,0.43390858398084503,0.4447602175575065,0.0,0.27675658844426565,0.38479546978904494,0.29922278827198995,0.35371724817043043,0.37626132282829367,0.5037884111069414,0.3697845021691933,0.3183622518497625,0.3228285092325008,0.289390095777876,0.4056860125751269,0.39720345524187334,0.3463415123149572,0.28271791023948484,0.3111713942050702,0.40127231775571504,0.44391725806532,0.5662406259637477,0.33711818840847,0.39287118754566625,0.3869735663647319,0.4646312334705681,0.3337520507418405,0.30592929158013404,0.32228449057674796,0.2823443717245915,0.2890024111212895,0.27236065761073686,0.36102123352312937,0.3913045143239841,0.36714388099642276,0.3947959061784795,0.33970229477032277,0.3131171988470574,0.3707083534707351,0.26301965031092583,0.651660557065217,0.3117559224296041,0.3646263959661816,0.32092000550136796,0.25935417959418955,0.24510257066061553,0.4033978044884177,0.4158567101498482,0.3178633619645949,0.3229226467800888,0.3021491405774424,0.2202688902439667,0.35059079318781444,0.37278614709994895,0.33801719121061696,0.3029283831548683,0.4481427475699632,0.28301712750725255,0.29678033761765366,0.27951555767769387,0.2364736441455611,0.27803485265663314,0.3876293102230104,0.26435665697960026,0.24415801702228251,0.3626657183481774,0.28791096664040927,0.30117098076096294,0.3589924008790017,0.31815922402302066,0.3117414554872323,0.3898628236758097,0.35873973825688066,0.2739207725599284,0.21485751221511842,0.3963318777472936,0.49415041518143515,0.2290497173371791,0.23550825726939273,0.23504321787640434,0.3869430046131464,0.2988912666191895,0.24023770396168484,0.40492644937456734,0.29221275398476126,0.38434520763557894,0.27227521019942225,0.2532243752879029,0.31958929478660586,0.5388758914505194,0.34594095402455727,0.34542833831779846,0.2265960727453705,0.4382303313679038,0.32346823542558506,0.2201553829364806,0.3625109900578541,0.3737156813393159,0.2582553876091062,0.2862543019735907,0.3588927886485825,0.3628267368705621,0.30357714325873336,0.31617059026679556,0.3080716929077536,0.2934303154189967,0.4459322559503604,0.2767838193899031,0.37955533340451175,0.4294318214445798,0.5124116570326854,0.31087813597900965,0.44021033200674387,0.23770373013293464,0.3387901917071165,0.24309646001690258,0.405195573831382,0.3757808675646564,0.4287528733967129,0.421126621251375,0.31308655965993115,0.3688554319867141,0.2896852224786303,0.3221666564190412,0.2531848877400841,0.29086949893081987,0.343617808400844,0.3335218765153503,0.29774376086401033,0.30431103059462367,0.3490480556297573,0.29318409969214937,0.3552470788714838,0.35030662345405933,0.23623334475477362,0.228184095504372,0.3556387270762533,0.448969136972231,0.3021177478143588,0.23459527098586208,0.40306647761975933,0.3758379455752608,0.5028395177460838,0.39745175477188704,0.3229221967249324,0.3443957311786366,0.22907299047720936,0.3492562874821608,0.2935834208234914,0.32614623260927667,0.22824571612658412,0.4474205908890688,0.331940784499865,0.3487210317215715,0.3267931944558879,0.3156193261660579,0.3425034704948573,0.3346402961237056,0.3309383565853777,0.23516459257368336,0.28227658240908937,0.33835312685859814,0.4794371148603085
0.4767179365521448,0.6377743993120176,0.38219932949186686,0.346236688194537,0.27675658844426565,0.0,0.25644105617180574,0.502242175869559,0.3946661774361521,0.42285652921030764,0.326796307710192,0.33965786517592156,0.508544228224723,0.3297343429078888,0.4462005414757306,0.4407701928807954,0.42979020423254016,0.3535674530824058,0.4553020211262821,0.6191083444517903,0.40759586283756727,0.370578420767756,0.2834063342543433,0.3518700529523265,0.4005243567527202,0.27319719479364263,0.27880020584988763,0.4019835603294157,0.46249332927951325,0.3326398773418265,0.4417115732807675,0.48820670518528675,0.5638213620336696,0.2821302567318954,0.41780012083587065,0.3350683297323608,0.36309554993964777,0.4412814065857953,0.30173951684668043,0.3566135969049717,0.46683039446714764,0.28783458917126914,0.4033151414000601,0.38261831305756455,0.3745476816984399,0.3659342877996796,0.3306806317356965,0.35021302524206566,0.31625265984585427,0.49727511046464534,0.39370916028879754,0.5383960800574957,0.3465072765905257,0.40068316251633873,0.3606395532284037,0.43547920143091423,0.6110486988212445,0.36345692402312985,0.3318857001477007,0.4789709648351294,0.559753295576852,0.34241152616820014,0.4290489274023751,0.2702574399407907,0.3318821796976092,0.3302108845225567,0.2841083321666265,0.37332607208270147,0.2967759265436179,0.3969719096131423,0.4483487216472382,0.4539630461331597,0.2848719899098223,0.3790308718554264,0.48123562750923327,0.33166719673360606,0.2818546875721177,0.31707562697496816,0.3948880451288132,0.41513444431345153,0.40059163367683964,0.37817764158303596,0.48439603129444114,0.5019453614504242,0.3931956607331131,0.5070482246519307,0.3773062352065869,0.3545883223260281,0.4465229335061866,0.3220748580209982,0.3109843675214811,0.32817254534012963,0.525847456649738,0.4195390472288698,0.3653995138881873,0.4158566657464168,0.45480845877731124,0.35902755740517883,0.28008141505448864,0.3851239707153002,0.3767474569631742,0.3030393234211562,0.25113193482332963,0.3870572372904376,0.5364002672654868,0.5145228748534336,0.44614936854030257,0.38480309964263915,0.3659397946770775,0.346650784274001,0.28034660692334956,0.32141634002272584,0.3796292418162831,0.3109460137308666,0.43850192646389674,0.5110133546728317,0.4578940545688073,0.3315918879231977,0.353149912988915,0.30527858514550493,0.42771966936952666,0.39199465080876594,0.40277280577934726,0.4886814849979927,0.47717773578824046,0.46973381832699557,0.31439113869230295,0.31897294863071346,0.4162921277394235,0.42740326901479864,0.4116615617276135,0.5295350370731663,0.38964226371725746,0.34037069219730987,0.3774811211106915,0.37455420139341206,0.432489898654663,0.3848301992430608,0.3645534248573745,0.36747300259534693,0.3972524441193693,0.35193309678120155,0.3911118243099279,0.3348370401592264,0.3539803563500836,0.24277962073344952,0.4198889886928701,0.35140463770065905,0.48910412857371016,0.24133138679786945,0.3918882994692124,0.37170834081800214,0.3245880262771265,0.3009700567650021,0.35225758949267627,0.39071923658783436,0.4278437551239956,0.4210410160153976,0.4188648622413024,0.3831333415357576,0.30299405018085085,0.5391219138868389,0.29763542115704406,0.33746933843707966
0.2897266794635344,0.28314494322000544,0.32900182146764806,0.4547586433185083,0.38479546978904494,0.25644105617180574,0.0,0.2836469040593087,0.2709311856567672,0.3568965739315644,0.32777793372898817,0.35154264747422215,0.31021048050221955,0.31652938152632765,0.32800985183744097,0.3091318625798044,0.2996740231873457,0.27151345389738674,0.2829455594550765,0.2752009428994809,0.39118824031566135,0.3248558692131485,0.4734056110479207,0.3894923976305371,0.3893457957835467,0.4590801361591547,0.3090954591188117,0.2756191699916114,0.28340161244422757,0.2553526668238999,0.3130543981990228,0.34248161377261815,0.3024311552466262,0.42755717624546796,0.3298541487551224,0.38212505832236887,0.43089561119032704,0.2743960574370151,0.32670247860828616,0.44054023620096033,0.2834514995878387,0.36852866316578237,0.3522869272644506,0.3994337408270588,0.4016123354658246,0.28653155663284846,0.32214560175567536,0.4317502401449716,0.534839664284196,0.31401221039860744,0.41066156269310655,0.2963351495007043,0.20414993548499552,0.39167317889567754,0.4360128710100112,0.3526831376341676,0.29129117831702933,0.3158674945116183,0.3853769566728999,0.2911181734853875,0.28918310641088096,0.2727227849471188,0.24788494177117876,0.39796750394348274,0.29589734680814583,0.2695607413112556,0.5210459018314583,0.38619019428923795,0.311788454674095,0.2832364198912609,0.35125022620280805,0.3115456733961947,0.41459537547762826,0.4320174317722736,0.22095043317830781,0.2400852264132455,0.5998826435579087,0.4271655945247298,0.2450895099795118,0.2552039033428004,0.2497594196125251,0.3961284283222828,0.28975451085567816,0.22055706792709212,0.3903148356293565,0.2735969425557629,0.3721644142105498,0.35969275205456214,0.2687688911156513,0.3120451839672659,0.3965242514442963,0.42434919664396636,0.3050493317245766,0.2522144133059199,0.40129236482381775,0.35779263157101754,0.23504703305984706,0.40990060813744117,0.3523465145923837,0.3750447095809962,0.3237813911287292,0.4563606874160183,0.5793232074940595,0.32809605187931884,0.28137432093590203,0.324721896955398,0.32235927312728835,0.3404093309533595,0.3196011253951956,0.43644200746381945,0.5155580189047845,0.4024276004518724,0.3966541864465421,0.28386989664595513,0.24178457575548146,0.27096143960512403,0.24916068690466875,0.4163687468966437,0.4538111200594178,0.299199851364635,0.3591751292535942,0.3143281149976277,0.3623738627305942,0.32431895887175716,0.30245149583592057,0.2846921556766465,0.35646194355924915,0.39120924656570144,0.33948453421323094,0.32447180460795744,0.2408901719871048,0.2846339160118876,0.28290426911941197,0.2754171821047243,0.38802521427243125,0.2546898218085537,0.24304268786386635,0.39877540036724013,0.41007605571659206,0.328085114644267,0.2552089790929501,0.3443712519792662,0.3915338015593823,0.38360354057601337,0.39052009493028633,0.4423066979784511,0.3302745030159894,0.24788391008620855,0.32408561455148666,0.21531742696260908,0.3709135900209186,0.22729127630200913,0.330027243043617,0.528394066134323,0.38604639552656916,0.3616359028555642,0.3036062668686961,0.3766252753616357,0.3514771009889953,0.4016463632195007,0.2578827979568884,0.2738410839535281,0.3713908937746745,0.3385367809521681
0.38854233019021145,0.5883852639031847,0.4083492026821953,0.40718210199556987,0.29922278827198995,0.502242175869559,0.2836469040593087,0.0,0.5056715031393442,0.465239715173321,0.33584376685089584,0.4122669252837833,0.3990498802355037,0.3392081431087738,0.4088298541956882,0.4563724006239914,0.4519095046819499,0.32593721690712324,0.5159410713356527,0.5025072146545019,0.45302741593987045,0.3874444143950374,0.3188925524310135,0.37259160982711603,0.44735715220123845,0.2955185212436848,0.3038857995248191,0.44530670666903066,0.4806849774307734,0.3911582343987498,0.5598276821309511,0.3799574874119863,0.5009185473549665,0.2940675086470159,0.4242314438518667,0.36149539014003634,0.3948575330274999,0.538502039632508,0.37012371645275954,0.41081629162850347,0.48795366300806153,0.29925460467811527,0.3701298916765324,0.41008249791318363,0.41690033229851164,0.3418363989308532,0.2825997530599593,0.36792203498372933,0.36238188204101923,0.3984959826175875,0.40562071696075447,0.4345830835198954,0.30458224162186864,0.453471088216664,0.3853597170715165,0.43055350407327025,0.5039549151698538,0.4488616395237642,0.33145294415607,0.39657223724840684,0.5604479911426353,0.2901904780189651,0.3690921382299667,0.28330646202552495,0.30453883565036044,0.2967179797849494,0.31121858373906647,0.3302847190300419,0.29732885281583216,0.5487416790622057,0.4138815521509864,0.4325687392797707,0.2891161354308915,0.4313557920449332,0.44115621812976463,0.2860793836200411,0.3204450402264335,0.34414787134310404,0.42170654108959454,0.38246871113116143,0.3664583249754873,0.43935373666920124,0.5478568146559943,0.43160913571819953,0.45541376146400653,0.663025705166593,0.4402465610086718,0.35226433868394974,0.3820671704582452,0.3609829916259355,0.3378017798510494,0.34773678239127226,0.4542263057521349,0.34691054362589613,0.42584289147063975,0.46763132223288173,0.39366958731772556,0.37807834992586986,0.28727507492517934,0.3445711021858218,0.3908310023167163,0.3657385643801519,0.2815119681473239,0.5103322601742929,0.4257681200069608,0.4281746453538906,0.3989278946105463,0.44079678562915275,0.3367167623382059,0.35458286169642,0.29672973140794623,0.35990516754218693,0.398906568700609,0.377137826679761,0.36941592878954344,0.5114436897716365,0.39919848508051575,0.36267572294463407,0.3588065237384118,0.3193729716772451,0.44482172087318456,0.5545949654570763,0.3852363258298719,0.470044472766069,0.4918170558159301,0.48985629326710645,0.31849975341483244,0.3467654746733962,0.4416716347800646,0.4001727119664365,0.4765504824699337,0.5648711832391619,0.44598075378181223,0.3690357253112094,0.4078836585183471,0.32546300490126273,0.3843520847787724,0.4268538546457459,0.4220162662638622,0.4886402147426521,0.37604249875474705,0.34154017207499143,0.46620807411788856,0.3651290204714229,0.3831396657485565,0.2695412170905089,0.5452135394473984,0.3519936202107401,0.5710330088626049,0.25886472277226025,0.4728205896207103,0.383974900252926,0.3622619101709526,0.3354475269333962,0.4556659767617693,0.452610581036523,0.4826952268360524,0.4839701717193645,0.4718924111596291,0.38940245675771806,0.28600454688543964,0.5952288283748436,0.37283375591344625,0.38697169454331715
0.38617404817174533,0.41737633121246726,0.4109420940222542,0.37365222234223977,0.35371724817043043,0.3946661774361521,0.2709311856567672,0.5056715031393442,0.0,0.3678469065557314,0.4071187636093269,0.3888921073797604,0.34475378664123985,0.35646504770654946,0.3211316926901688,0.5306581934007057,0.46668905917222164,0.3428921248296941,0.41018300515816536,0.42935851780690965,0.4182012948666869,0.49232715342804173,0.3255820517849291,0.3486162938324626,0.4229181023726176,0.28242178851076644,0.3664179462100615,0.48321056700379444,0.4464217424408607,0.5377230320691364,0.4475671499565097,0.3211405997460268,0.3663914780507108,0.2787295058599717,0.44565459899953513,0.32830876879414694,0.364447034992994,0.6575738429040197,0.3347600480788128,0.3720172261077179,0.3778824395781881,0.3835310766040301,0.29684417340850483,0.3856299133423891,0.36012186405045854,0.28375908397407407,0.24313539591631983,0.3405945615866712,0.34384405641839066,0.3349000764608806,0.3245576805417234,0.3509312248241667,0.26694262122232787,0.4032474590383266,0.3435986164048674,0.42523628621941056,0.4026334453666132,0.5433570411651072,0.27479319843351374,0.31207688990463456,0.3787815434648711,0.2535294172154198,0.322577835373763,0.3032549097217264,0.26419254312331164,0.2572269355770774,0.2996435110623786,0.28035437209988373,0.3086610461083476,0.5570505076147592,0.3418259069400163,0.3465902519116544,0.3480074731786984,0.35605775814702095,0.47292861469110503,0.24980820333427986,0.2899710032945168,0.31646076842335064,0.3400048509788572,0.3344594465235405,0.32286256432933846,0.4269065776061288,0.43633760899295837,0.37206717080039103,0.43219808037436763,0.5148343579997702,0.39626991750977797,0.29708501738714566,0.30939953427207023,0.36026052712569134,0.4337995212547336,0.33548800594775396,0.3773153383195981,0.29104248367958874,0.4362509070181117,0.4304424919622142,0.31202720089162395,0.36406075729997367,0.29627054957178095,0.28377481970259266,0.36641760021315867,0.31989890595360904,0.2808352137652991,0.40498254206725354,0.3677834529817673,0.336827363060346,0.3098701129595298,0.5290195216948864,0.2756248840841876,0.3292041834997521,0.2837069911280816,0.35093182864096045,0.360518780278542,0.505780785906228,0.30274684618641046,0.5236288731864235,0.33071490476430443,0.3697104955321939,0.3476927714720189,0.3926420223207743,0.4446035660924649,0.4710432711172393,0.37575575780149667,0.37453737722897945,0.5142459302810479,0.3803996153746292,0.3145936668228121,0.3025824345641069,0.39597678960964977,0.3254417598303077,0.5875551658409479,0.5398138018353273,0.4346603860807515,0.40990851708427717,0.37138284148408274,0.2812607070764721,0.3193466854810232,0.3730770172629456,0.4079605339677698,0.4408792074118435,0.3073999375827316,0.36967180847133974,0.4056375704446857,0.37759018278212647,0.355863057739034,0.26276333109722644,0.5309500836438081,0.2945295087417022,0.4562385045223828,0.3179628859729888,0.446205859365916,0.32250467449349857,0.4496513997691701,0.3160634391051286,0.43636709952306607,0.41522900226123016,0.4403139696904112,0.45246884689505884,0.43420107660076973,0.3668378210917116,0.24661909516005304,0.48338597493304625,0.387255148769621,0.4669174295808924
0.5095746348631988,0.5001569797100877,0.5626703350337351,0.4487492944596235,0.37626132282829367,0.42285652921030764,0.3568965739315644,0.465239715173321,0.3678469065557314,0.0,0.3334786859773637,0.3166893854496974,0.4872693527334073,0.3982312135154561,0.44231328230726386,0.43652844281293346,0.5149223078468113,0.4509493747276554,0.4444535104728875,0.4812590327716502,0.48785917315471894,0.4459081849215789,0.4282165462438379,0.38404392156183315,0.5367564319824188,0.31876645858042285,0.30797938486391346,0.43140482057105556,0.43231759401464676,0.3214734893953762,0.40050417791337545,0.4661721596194744,0.4093026689829215,0.320928282810074,0.497270327311685,0.38332337715503884,0.47319262449954375,0.3824807297213643,0.28030779696509034,0.5294454664212028,0.3728352661402783,0.37327562630807076,0.4803534612776338,0.4127783850199094,0.44742224506439826,0.3814974441377986,0.32779775892651525,0.42050565042370874,0.5018933817726627,0.4567012704856807,0.5129444752060542,0.4679095257837706,0.2882084296055962,0.49480879668421884,0.4344936377410636,0.4294449195519324,0.490308243113472,0.3246932709308977,0.45102657902537374,0.46492698048867626,0.46963951891054023,0.32017699095191626,0.3849564711411917,0.31283955817038156,0.38279862460030795,0.36057795951165883,0.33963685558782164,0.4313903143732016,0.3778153934444571,0.4302619187646235,0.515560118146957,0.5451799339860725,0.311689687956324,0.5576336935504197,0.3392151349627741,0.3095220356335741,0.3545209516203941,0.3805803214360532,0.3184174143942741,0.33099390202638995,0.3312200351077453,0.508628687110148,0.47666928292783056,0.3423582393145218,0.4655682853387312,0.44340735034581075,0.3784339024121797,0.41533663523247044,0.38685587836645274,0.2813233083345245,0.3882877521248796,0.3794397718145226,0.5162542930094359,0.32600152281118816,0.5213370773759423,0.3902987353402623,0.3094733483558626,0.40662044411848947,0.32136777046521453,0.4007544836283998,0.34317111127516003,0.4160535074561153,0.32314736799560895,0.457279387893687,0.47851649698572946,0.47275654245147863,0.45001520237411485,0.4108455115976223,0.4037106155595865,0.42362816307515216,0.3560060584467604,0.39158979933766297,0.43127659675837443,0.29674115571677756,0.341881944112124,0.4343864522254655,0.36615531327337525,0.510237240018223,0.4386045391499385,0.31798422267096343,0.41178526811175786,0.36358683188914614,0.4146011327123075,0.4499769030846147,0.3983559078601611,0.4026057740470141,0.34615573682328793,0.3315330333861164,0.46845968742971866,0.48794757216311424,0.36627107527442165,0.45029456748208896,0.33408560317553593,0.2889310642466237,0.371560615706333,0.3333391833188866,0.3276141889132067,0.5035817680625273,0.5237274243298604,0.39390133130113436,0.35314273500525334,0.39747242435726976,0.5396711886972394,0.39085249956430623,0.344828434170684,0.29276021305686145,0.3709606765429249,0.3216100275931309,0.6332792294575778,0.221591810941351,0.38140002474535833,0.33425519823816474,0.36013746688468895,0.40763899113878427,0.3728353525065319,0.41235434302343615,0.41822924676459855,0.42840712127042774,0.48299912893092833,0.46524511975267446,0.34608665505317965,0.4670902105040779,0.32692272990555243,0.3411901737401496
0.33723586529067123,0.3269158513020953,0.3820394868055334,0.44951270925521175,0.5037884111069414,0.326796307710192,0.32777793372898817,0.33584376685089584,0.4071187636093269,0.3334786859773637,0.0,0.43489374152577254,0.31848618513476434,0.2906464509761278,0.301797585324586,0.4566230807457489,0.40021297804518874,0.304299174993066,0.31153316879984927,0.35456075537202403,0.3888453438078227,0.46549769649233996,0.4446802797694264,0.38117925244725515,0.41242894407325614,0.3458226850763025,0.5011744112256508,0.42491467708168207,0.3524073224446129,0.36572740989507546,0.3166477875978368,0.28106550613170306,0.29880039622857474,0.3371426710459591,0.3528374436320142,0.32145208505068396,0.38955929243179416,0.36880756715063245,0.36766902227894027,0.33620102142789754,0.2731431365741354,0.556022392100738,0.2746363563119773,0.3725503683484903,0.3070994655524734,0.25148186202859657,0.21049914398902336,0.40834534981256004,0.3669052909128648,0.2785258034760213,0.2973102125471772,0.2904622329885194,0.22549738562535787,0.3568997605605331,0.36340503253130263,0.34412839099534137,0.3409392265574791,0.5162392944802943,0.25249769877422584,0.2736416806388763,0.34238812494626514,0.21228950585604212,0.2833000393449112,0.325232181673641,0.23136025669245414,0.2338174019298065,0.35494247740809964,0.2643763317840916,0.28485011269681937,0.3969018086235106,0.2994377790057626,0.28030663729102184,0.36291746153393356,0.3370429929630091,0.3261798977326674,0.22073748213862154,0.38462347576144645,0.417567445302231,0.24287463821979835,0.2563526912734944,0.253076289766713,0.34415448101122204,0.3216233573931875,0.27229485189440694,0.3680312543315109,0.32236187472125016,0.4558142682996949,0.24824652981496326,0.2615061977960929,0.36186906828681326,0.4372841748060441,0.29086689701117047,0.3366238768626503,0.25457998784058955,0.36996378775335254,0.3761827019436107,0.24008428921016275,0.3279511240667499,0.3113714117098464,0.2443614879441508,0.33096790601824144,0.3262210540191479,0.3069594482879366,0.3070597015607518,0.2862979195123522,0.28299266436626475,0.26922712182787595,0.5021386383203638,0.24314341125029132,0.39222151719798276,0.3990429298918139,0.39997113933848577,0.2989842721117636,0.48041588293091175,0.25595425770069435,0.38039870816040944,0.2625191040106405,0.3602252209541432,0.3513111532507856,0.4150480713008562,0.4267216111694652,0.32848225252003405,0.35436634799292377,0.3233965509675096,0.35740677575681984,0.2938640159166354,0.25308755883163647,0.3463545565842395,0.32950978656529767,0.27075148157012313,0.34028167088148575,0.3989539147068689,0.3573641344138503,0.39314550833397205,0.4246124864554401,0.252508640247056,0.2524911993679854,0.3087349136436381,0.42946192127901067,0.32132451255238953,0.26307585363686947,0.35628454674329885,0.3216151739967369,0.4140774208733276,0.460495963102034,0.2827590358206491,0.37784114681149317,0.24078458842416497,0.36683729665942516,0.3230645600629029,0.4003852299641773,0.24004871052236043,0.5737026892837723,0.28508391787282694,0.3659186409438928,0.3711359160434477,0.3798543028188516,0.38209604387621665,0.3659790495779171,0.30924493114425533,0.2250178568392729,0.31202637506283243,0.3319552141339199,0.5641554271475343
0.28135427490786913,0.36797353217282647,0.30243867264837393,0.45045617480580347,0.3697845021691933,0.33965786517592156,0.35154264747422215,0.4122669252837833,0.3888921073797604,0.3166893854496974,0.43489374152577254,0.0,0.2803010040812488,0.24551920183334075,0.31902886317926765,0.3645874366046556,0.31744422950400697,0.24148025126630054,0.3759369255002869,0.33012223407122193,0.41106701929362854,0.3276520195701986,0.38781606860106044,0.3932216858376162,0.39848601519505045,0.3968700566975354,0.3708230000457543,0.30971658197037477,0.3636816615035157,0.3429458145015325,0.41851203606606424,0.28435504439501663,0.3589248676214096,0.40146134386269267,0.3207020092978677,0.35947423575716014,0.4044880018740624,0.3905799981692672,0.59055628286221,0.3427974161164624,0.37559765221302954,0.36089078712261086,0.293524483503757,0.42017484080167444,0.34089899625782505,0.2776456932737786,0.23754125198693618,0.41906815455178276,0.3498079438274955,0.28397937346008223,0.3300957024372275,0.32101887902414555,0.23098167344376516,0.4056719139827946,0.4257367576276701,0.3870842581264541,0.3498431377319405,0.4941742019883093,0.24527298657389124,0.2916065286629354,0.35921533990156657,0.23771775335829523,0.26546154025458485,0.30224122174525603,0.24939896957878802,0.24401324562014648,0.37571938286146034,0.2630628036576445,0.2207522566131822,0.34451298589332224,0.31439849524010016,0.3009333965691932,0.29971917295361217,0.3190065139220515,0.3031427896353352,0.23962628395465213,0.40668011660562575,0.5147849780894236,0.3167760330295812,0.3244408388474376,0.3020151827833744,0.37828718302502096,0.38557441421630534,0.29018968061273265,0.41715720407652096,0.39235499334815654,0.4510488504744067,0.26476294816559626,0.297596613983266,0.530843737332251,0.33792951922117054,0.34597890676666454,0.32713808272217265,0.2878578608281731,0.35308714093229077,0.4725346673278427,0.2890440924844877,0.389513101403466,0.3211310157441676,0.27052536301249314,0.3829407795783974,0.35306621689087814,0.3377926531003646,0.38463502204662914,0.2859925658960292,0.3243739677400229,0.3141530418832409,0.4079374270121949,0.2722358554704466,0.40087044221880164,0.45912780226015387,0.46585253231364954,0.311754869615405,0.5135825703809462,0.27753841816414754,0.3407599399903952,0.2955916797248193,0.33336513435433396,0.3338163257915696,0.3429090080880523,0.4178257338727261,0.44846028911002334,0.3696666207931436,0.367547446806149,0.38741723815108137,0.3965862889770199,0.26665455656991505,0.4011370096640175,0.37461430599435874,0.30175350787218663,0.32354657219371413,0.368426260315418,0.4067333174234265,0.4951820914606544,0.4557496634828663,0.2626783042831036,0.3202286088891578,0.3535082156345553,0.38401920039400345,0.4305784937220583,0.2812354685116952,0.3269931159931666,0.3629071654141376,0.41320704532751107,0.5494923629569654,0.3309003782837883,0.5514765896909495,0.2954899779612174,0.3709186222926289,0.3215808262395323,0.47306711089738784,0.28912343847914157,0.3753129561435642,0.31097266296326687,0.5149867518336991,0.38320276164703604,0.3617313646476526,0.4440310464754402,0.37285571475921325,0.31824364564411506,0.23050161091315588,0.3709017975109796,0.45492121556739784,0.4750421622034593
