0,1,2,3,4,5,6,7,8,9,10,11,12,13,14,15,16,17,18,19,20,21,22,23,24,25,26,27,28,29,30,31,32,33,34,35,36,37,38,39,40,41,42,43,44,45,46,47,48,49,50,51,52,53,54,55,56,57,58,59,60,61,62,63,64,65,66,67,68,69,70,71,72,73,74,75,76,77,78,79,80,81,82,83,84,85,86,87,88,89,90,91,92,93,94,95,96,97,98,99,100,101,102,103,104,105,106,107,108,109,110,111,112,113,114,115,116,117,118,119,120,121,122,123,124,125,126,127,128,129,130,131,132,133,134,135,136,137,138,139,140,141,142,143,144,145,146,147,148,149,150,151,152,153,154,155,156,157,158,159,160,161,162,163
0.0,0.6299432679159089,0.44791049835874985,0.5019093241675232,0.32836479314935274,0.5377061228422813,0.5251228730005842,0.5403483378902855,0.5751546278370021,0.569913276861441,0.5281664628420747,0.4957052156178777,0.6902695954898553,0.5429715168046038,0.6331513689417302,0.48307279100975176,0.5788919075811894,0.6941549624659332,0.5598167087315087,0.6143210386738742,0.521130024069705,0.5474482152430641,0.5321513563443713,0.48407561913955144,0.6473916454780879,0.4664218495190814,0.49210237211811436,0.592327188138783,0.5076188168378113,0.45936488325302477,0.6148238790132514,0.6627539900329512,0.5281549250506666,0.5660924163732615,0.5896205583263089,0.5453288308894997,0.599713048597522,0.6166757015783721,0.5207392627732811,0.6456835822444338,0.550889161513605,0.5832312745231341,0.5532130732122317,0.5072434949124389,0.6185125797621776,0.6414703538214802,0.4214453080810361,0.44750783334369815,0.6350945100083147,0.5895619255220869,0.5855016272351489,0.4982071899182871,0.5154177174725566,0.5360036975262061,0.5665690636166949,0.6207374033141727,0.6546978721565213,0.48429688177863967,0.5507388646871103,0.5904247605472951,0.5600128928187309,0.5302753114508579,0.5276968672922526,0.4669521125386229,0.5876582340077119,0.6123252200204786,0.5877475349073805,0.5035509932783216,0.5666837191431789,0.5858163916544762,0.6122833094003524,0.5369782621554167,0.5508382144783133,0.6316107674448386,0.6546852606474449,0.5804947587369111,0.4955335164146036,0.39834503165553053,0.6319678207320875,0.422979551628238,0.5728404925202981,0.5936869496123315,0.49795211528370187,0.6268968344758505,0.6206227500160323,0.6835595404997266,0.5421552987259542,0.5511667004636767,0.5864969711916522,0.5901706402466239,0.5250518276903089,0.5241703447919863,0.554905982433751,0.6277212069771929,0.5967117397599297,0.5343331477810647,0.4725358040212714,0.5352468751058433,0.4874072546932932,0.6354158625845449,0.5565787444131516,0.49525921169915715,0.4889366070963488,0.4618917540271152,0.576667574686027,0.5363200815274222,0.5702956755636466,0.6253590451782979,0.6012674105333576,0.5232146691059396,0.5243336034001082,0.5668901184375226,0.6709737079416229,0.5038803256816007,0.6661650724284148,0.5970353196921,0.6150411429111079,0.5419341570584043,0.5046985430110572,0.4957926310280693,0.47793275702927246,0.49125990999617125,0.6163189217180411,0.5556298779347407,0.5413262767666036,0.5546068387498542,0.545031796739178,0.4687944379265729,0.5818899308888571,0.606002546006598,0.5848193049804787,0.49715477504346267,0.5263911719520039,0.5675062472942148,0.5669110816244046,0.5691209663410841,0.5451773442112601,0.6587054400660998,0.5780620254243467,0.60572711305705,0.4805827154508026,0.5786993593904153,0.5886003659772169,0.5097150678797001,0.5914922893790562,0.5881187245213914,0.5074525598970565,0.5492190359031475,0.6068508819507445,0.46357157599621557,0.6058546478209983,0.5659585039315311,0.5250433362524715,0.48575566688106436,0.5933489531800138,0.6498148021137663,0.5814266560708068,0.4920629704340485,0.5138162840138735,0.6031083590395383,0.5603438657023159,0.6034094217616244,0.5013453013229886,0.5858642601738673
0.6299432679159089,0.0,0.45559812591445054,0.5212811460946727,0.32318270908370406,0.5406760718352652,0.5280467458271698,0.5161992590964822,0.5541287727372589,0.6270162449473066,0.4985669973705507,0.5279999693823938,0.5632508560171746,0.5344375493790531,0.5993576922826691,0.4505548624106204,0.560630874972013,0.5792594210118259,0.6044881904252782,0.5764577952419748,0.5248981465425235,0.5636359463454655,0.5204723986300637,0.479255911464423,0.625448429717057,0.4256938784582438,0.47425999522557977,0.5681177999909577,0.5486644127507859,0.43049851249366516,0.5923235305643518,0.5984597930663385,0.5492055302681479,0.5600644397186816,0.5895156558788122,0.5946784222767656,0.5040518647604447,0.5619018494016443,0.5254638565187187,0.6117152305933369,0.5929785837562571,0.6087093765917339,0.480866013142307,0.493017732473498,0.5821756324112286,0.5571313302514693,0.4107247753475832,0.42071421936798326,0.5801997535599406,0.5699926781396406,0.5463552041223609,0.48974154463144687,0.5342428399004167,0.5877625102752845,0.5627985933055998,0.6280215015764552,0.5880174473626892,0.47389106873330367,0.5606675639993935,0.5827278424062592,0.5329601297871522,0.497029148794827,0.48237203620550306,0.487406906271055,0.5619280214844107,0.5349457561214095,0.5464697095845207,0.4460852851766081,0.512305886667075,0.511270037576129,0.5322057809929943,0.5067359783755723,0.5391563655068716,0.5852490195019082,0.6427007215272277,0.5082798757095118,0.4556868891113205,0.3876423581832899,0.5339062187449847,0.39034321894853224,0.5391035055450099,0.5980662345318545,0.4711487095708151,0.5463693684858492,0.5902064762722584,0.6525323034511615,0.47695522597915757,0.5016818055796384,0.5319617390159543,0.5742215017951718,0.4938550866470165,0.571560488982911,0.5425664319856275,0.5672857117882518,0.5949708759533651,0.534053149143839,0.4824160984156855,0.5879133251165688,0.49651021311446414,0.6174836757584525,0.521784815870441,0.4497136781937356,0.4801868107205834,0.4903874834115855,0.5486510376016307,0.4854368915057432,0.5514031428772893,0.6345346737274294,0.5691220229458549,0.5264486539103455,0.5377562270997062,0.5440992338611426,0.5994520686420173,0.4866822441833727,0.5643272549148624,0.5631525936177053,0.6035367116101539,0.511901921769915,0.5346670158307241,0.49284112611119835,0.4516857995455671,0.45545524262921333,0.5923352291525901,0.5109845699909702,0.524120142776833,0.5403561774420681,0.5652033566532338,0.44723394647819825,0.6676284129936706,0.5366900094654186,0.5959945905391842,0.4778943693556545,0.4553095344482505,0.5901240397715622,0.5723781272937688,0.5201059575385613,0.48849431113210845,0.6016406935098841,0.5617428671862592,0.5558566248032423,0.46735751674051673,0.5677058884184437,0.6423063119678748,0.5473031119756075,0.5512913428469808,0.5496592946388165,0.5086664847574408,0.5153869576622775,0.6379198591646587,0.4977062524844312,0.5436309056354842,0.5725755791354922,0.5519898940461697,0.4979197923673469,0.6041171299664637,0.5528590487027428,0.508923333443426,0.4687656254015787,0.505777631779576,0.5149794551862135,0.5359739106971616,0.568434666156623,0.4968037871800604,0.5339002081495033
0.44791049835874985,0.45559812591445054,0.0,0.3886609773622367,0.4582560920269935,0.5726904503354072,0.46505699643037124,0.3961773128471184,0.37513788187072206,0.4217489838376728,0.5634904896842203,0.53041397261742,0.5039377417166709,0.35859825755131264,0.5108803381032607,0.6256669464888026,0.5736417969242975,0.4148553843850444,0.42749674659806386,0.3944745335917999,0.6400574785909231,0.6439898800542821,0.3869256867800345,0.5906944165750572,0.4230432911957473,0.5422232531059281,0.3477247628901809,0.37354060093138874,0.4825035104669574,0.5147565311880566,0.3988480219744697,0.49410112101044595,0.4350978975130815,0.38972509299315555,0.3688486098952355,0.4270555117172459,0.4922952895653613,0.42988068018973896,0.535168864022891,0.5105037441428046,0.5040882060643307,0.508641973448634,0.5376820703002345,0.5466247639921846,0.4116188360545106,0.4638130526664536,0.5251215438453176,0.5774753641158822,0.43464427239548037,0.4816802829938699,0.5428812097818163,0.5557202907771375,0.38188442418017216,0.5100548762844715,0.4783642990401827,0.44015193518422546,0.4760624137620931,0.5908030360523844,0.3659361907000261,0.4210858300493347,0.40166903048433855,0.4363329196552703,0.5577482865486516,0.3522008166029354,0.4108904445822747,0.4152311495727068,0.38531656658361607,0.5587113733940262,0.4038699101821111,0.4051475779277502,0.5529432177311138,0.35516168768700357,0.3653324659263329,0.540903503662786,0.44788242898716435,0.35777766557212576,0.5212547675496803,0.5184746227857573,0.42738485182862473,0.46663027965114184,0.5369601145839987,0.42126102888833167,0.5976769435729867,0.41209655091891984,0.4208989800510595,0.45377781480920537,0.38367780844105837,0.36372683498177816,0.3662371065871079,0.4210650924254158,0.5345289056743018,0.36645458679539106,0.5310694355065296,0.40857547439250064,0.40312010307812157,0.46350443582434825,0.3685322539161074,0.381998324077779,0.35575187158802074,0.386378551582504,0.367725535663991,0.42738977140402673,0.3558828561869696,0.36657403335929634,0.3803887070649549,0.571278537087586,0.48576047192941346,0.426159671160797,0.5057320682615002,0.5649828044932307,0.5007194885231133,0.41856011325571224,0.41464779867915935,0.3576160829055427,0.43160342947637925,0.548618404666425,0.3798075578747306,0.46711100851209525,0.5156911204300452,0.34826277190449495,0.5475915891298132,0.37589269331751596,0.4239779644121143,0.5722648398343038,0.35449441656500424,0.5289501155956686,0.4115685800973152,0.5585562838763525,0.4548273148190924,0.4329253617472477,0.39611351129887423,0.6518733878943035,0.35326692140351285,0.3982291963036948,0.43900078119867775,0.47225167328322815,0.5168092697266751,0.4662219409785,0.39682186999741037,0.44535472870239107,0.3410961516684327,0.47398267232666147,0.39863056847439177,0.38806734060576586,0.49686958655534963,0.41204447676418815,0.6433336895969473,0.5246668437938741,0.4340129080415544,0.4035718470551123,0.38066356732890916,0.38087164965881926,0.444924969397211,0.5715383621138987,0.4871851147655412,0.42295886689166134,0.45074170635301414,0.6056655084125395,0.3423466602686731,0.45233901258901377,0.40104551576037145,0.36896971075651575,0.3662501768722673,0.5280369136018208
0.5019093241675232,0.5212811460946727,0.3886609773622367,0.0,0.3054268213538956,0.47238163978680964,0.5077224359478328,0.5020747543429167,0.4798239600871953,0.4829239978410024,0.45995520583634136,0.5089553345749596,0.44607546748834026,0.4442423856562581,0.5338354885778971,0.38575034281909354,0.4480675722325135,0.47192512148537963,0.5830268468535994,0.4396129625467159,0.4518046111408599,0.4537334554194021,0.4895942552600538,0.4093310847296211,0.5422533962472637,0.4079943339486949,0.45136158097875095,0.5159396675435063,0.4438964860108839,0.3798071942385732,0.5485582365752865,0.46507295976137897,0.6548987075134685,0.540095014899642,0.5323459023191318,0.550126232285412,0.44648277746648657,0.4752995887286891,0.4713821588054102,0.4865774725756166,0.5370084788265247,0.48717707560790086,0.43080660312908875,0.47355092116302805,0.5058370843982458,0.4466743209962423,0.3494739428042036,0.3843551874662065,0.49204223108454664,0.45907717560348066,0.4985064612187292,0.4541153563659523,0.4258903302824656,0.5694829195952865,0.5343229322012286,0.47091126560136487,0.4699975813573411,0.4679443902418173,0.45849638754657257,0.46347893444839605,0.48665918414597437,0.417846007662918,0.4497743362023061,0.4123279659296156,0.4501013211975421,0.43597692735280136,0.481825884586034,0.3860475583356307,0.44564754772661797,0.5127419679194467,0.4463714915229486,0.4273141896761493,0.5034319660992831,0.49524309797563953,0.5025026550219646,0.42043120052960564,0.4149114911744267,0.35518426736573666,0.48223556610502955,0.3404979790010967,0.4299031668475189,0.5727461890806362,0.3951631718420918,0.46678158923756286,0.519986697921789,0.5078942966148094,0.4797007375350303,0.46288896814615377,0.46221151512131975,0.4651516819558954,0.47963598189444484,0.5836621738520434,0.45804260715802064,0.44536481765533376,0.5116483870944813,0.5064023989169029,0.42557119238195235,0.5682075893681172,0.44237011759245815,0.5371274534436365,0.4473042390120037,0.43228778361122694,0.5894857711368707,0.5363706890799234,0.506375504619145,0.4026459145810947,0.45236017786091764,0.5116139059372093,0.4457277100635752,0.41634367988550053,0.5375291711909932,0.5018600953656456,0.5321151475931332,0.44965685735457916,0.49170997872161587,0.46414064329499527,0.4901187689670891,0.42189482447945026,0.5142516596195222,0.48492868596157396,0.3819888003208418,0.5127431997416196,0.466445819587419,0.4411857776971993,0.44399774987392715,0.4811810506137613,0.47742810089419546,0.39656865706606353,0.5493242948394623,0.43415022335131537,0.45653022294646556,0.4007456998726782,0.4154684581376843,0.5680848723210739,0.4707791962705644,0.395337071054172,0.384502834848938,0.5127194818001446,0.4791467727340774,0.4858795468427748,0.5104963293599958,0.4367226448991487,0.5349763825452738,0.5057726834590387,0.4616614153557092,0.5391474732007873,0.44116848121618507,0.4119158595189979,0.47920434808398915,0.40064642872330236,0.5690149321828277,0.4912689868528391,0.46560581551685454,0.391682721178844,0.5885115662165699,0.47266111575812836,0.4176987423709003,0.4253830848816831,0.5591706667710803,0.4655199177564421,0.4311448141899302,0.49335723522815983,0.4399642449977868,0.47658939510899084
0.32836479314935274,0.32318270908370406,0.4582560920269935,0.3054268213538956,0.0,0.3860428426110545,0.3910461266676919,0.2881020657893549,0.28498444317954097,0.3109180217896242,0.40614603248352477,0.39364315876124895,0.34999953571295783,0.2785642586685631,0.36399389136597354,0.45186323094467234,0.4000757353654168,0.31111679613570903,0.31644810835388076,0.2892844162572398,0.42373819335470364,0.3949470620163296,0.3190437827825892,0.44293125086958535,0.31537809307375037,0.458402149404347,0.2790114131587554,0.2861005536377356,0.36594294490554063,0.4612964236470502,0.298710749815439,0.3508939336824124,0.33179310003389356,0.3049045168174596,0.28492123569674493,0.31658335434099716,0.3673997633518615,0.31938166827452746,0.3766682419587383,0.3779268715512729,0.3681074231028524,0.3731666441629592,0.38777583491624545,0.4280988121582907,0.29950384183211454,0.33782687919667254,0.4814067196132013,0.44941741535336605,0.33972206350980166,0.34331348375900994,0.39237856138903443,0.4186228584512735,0.2909770452465508,0.3550942472897082,0.3507256163762908,0.3321596169104053,0.3443595854247505,0.4386156312890223,0.27961096322118195,0.3145898453736794,0.2866836237071033,0.3323716168930407,0.3866188590214259,0.2761254077569919,0.30439904421930963,0.3015241408953497,0.29053127909156756,0.42369842978537725,0.3019927541274557,0.30045213776870217,0.38029376564054235,0.28001329341524717,0.27957609202436867,0.37028183311319096,0.3127565518851956,0.28270166720375717,0.39485974418554776,0.5845352860200687,0.3159243245533352,0.4530076727012959,0.37923242067984064,0.3106551653310484,0.4603518477859695,0.3007122528692574,0.3190440731225881,0.3232267832243457,0.28866308423596754,0.28419650789284945,0.28224559309161945,0.31434456190757964,0.42985591840433723,0.2885175813311507,0.3959775517693667,0.3065625475026802,0.3070948943853207,0.3510575507343804,0.2689706190024975,0.2940927758956847,0.28804261115513186,0.29157915471200635,0.28722723950222295,0.31454899525468194,0.2875158939440489,0.2897153554463089,0.28696241632472075,0.4080496417134208,0.3380463047523504,0.3199223035668026,0.3726403529712232,0.3987104467359282,0.38433722744731613,0.32425936104650893,0.3056134622648584,0.2809566972443865,0.32318268752664164,0.40144616256676574,0.29227703092387025,0.35159433874868573,0.37834771569466474,0.2802395710630723,0.4523228297439726,0.2952512938772226,0.31985487187459094,0.43394656180409363,0.27827465641866955,0.37983700391977754,0.31171178793148807,0.4157885809502775,0.3275330952280975,0.3222137928540301,0.2993139314720093,0.4165147917021939,0.2764059090680434,0.304016842185413,0.3065263171202156,0.34708731936192927,0.3910569598071487,0.3554389909807825,0.2952914668478516,0.3335965881378832,0.2681094183252335,0.3501003633918718,0.3024378333222626,0.29257148943940625,0.36787828829621916,0.32405425115455605,0.43076320782699046,0.38531781283401223,0.31386872296186036,0.31431176929872057,0.2896062802368422,0.2964167403610251,0.3256853661491043,0.4146600493607228,0.35739531660714335,0.30778630646848054,0.3376246215635012,0.47119267288040073,0.2765147577143884,0.36450032053334763,0.3060525202861111,0.29050522591996186,0.29033775901273623,0.40187087335728405
0.5377061228422813,0.5406760718352652,0.5726904503354072,0.47238163978680964,0.3860428426110545,0.0,0.5232526554364638,0.4434633875302358,0.41869773297904267,0.4689875885436555,0.6028318382250972,0.579534577854665,0.572234099614501,0.4005715477356375,0.5880957017759717,0.5363026826270663,0.5745390822950598,0.45760457787975933,0.5024471878049518,0.43313149322635924,0.5954325624930402,0.6167978909917277,0.41946158167829445,0.5678468249110937,0.4943437896420666,0.5168530951242716,0.3753145554517061,0.4326179208739662,0.5319342469324212,0.4758731386468426,0.4646684999494576,0.5459791135597671,0.5550874172717147,0.44926731857274665,0.4340191675794054,0.4704016400678915,0.552421031941161,0.461107658681416,0.5314873134752969,0.5517663396658699,0.5663814503594983,0.5417656794555669,0.5220919946412589,0.6449594501011963,0.4622615001038225,0.49119896314257583,0.46722251838383,0.5601059649098393,0.4789747463325224,0.49072674175729214,0.5882138563611847,0.6298416782608713,0.4187831826058632,0.6103320963248408,0.5413277687330617,0.5042231547897251,0.5114674508450465,0.5857663255544998,0.39971137660336487,0.45407948437449974,0.46669818822476583,0.45355464999779244,0.6080145673360003,0.3686250774409876,0.4425258862589927,0.4538439354575773,0.4318836447316692,0.5381466001522599,0.4238239577027136,0.4590978992815262,0.5796861158712183,0.38792929478946914,0.4156021609131851,0.5781005818997312,0.5059864667588319,0.4105421482348161,0.4961813084754292,0.45840223214120035,0.4721198715145856,0.4640723917730021,0.5903807081007518,0.47588705044884555,0.5647673136309526,0.47524130636610945,0.46073058600016253,0.5091252761466479,0.4382089315903637,0.39843099099796625,0.4158123987078203,0.4664504891368828,0.5458488940766544,0.42506154181833944,0.5427733784661916,0.4669414720140765,0.444575301709493,0.557610004479094,0.39943304640357286,0.44616691969352307,0.3861891928548489,0.4537191191665795,0.41288469805983713,0.433613660387148,0.4029709121780176,0.4199586284660639,0.4286315742946867,0.5268806827312104,0.4921645045896275,0.47968982216780176,0.5219612372604927,0.5867915547850788,0.5830839658555823,0.4428937487424043,0.5090526606907881,0.3820693477222395,0.5033750326380164,0.6129358028610917,0.4447919770194645,0.46194660835263507,0.6240790322587841,0.3942668156936222,0.4819293235305375,0.4183633403439626,0.4871029133231832,0.6154653368579908,0.4013365667342331,0.6275914686249212,0.4409930528579325,0.5108001177434255,0.5295610859584552,0.4530386145043236,0.4363701494311371,0.5446940228244903,0.3920378430047462,0.4627712157387353,0.47608854678833534,0.4866321150086717,0.5251274784964023,0.5233370065363887,0.42563218298889105,0.4659587516356362,0.4122122479711211,0.49289168538118705,0.4482785377197049,0.4150857253392859,0.5209109875599297,0.4636984561143897,0.5953721266973757,0.5195150092411608,0.47463951973217877,0.4082880529711256,0.44705830521561446,0.44082647378734974,0.4526184160528191,0.4850147074432076,0.5635028206408261,0.4695533304754338,0.5030780456921663,0.6199712256005092,0.41663128419752504,0.5064231961061104,0.4416514366269824,0.43362887806974365,0.38424607709244135,0.5773150163809051
0.5251228730005842,0.5280467458271698,0.46505699643037124,0.5077224359478328,0.3910461266676919,0.5232526554364638,0.0,0.4219205587728679,0.436943248428523,0.511509893464196,0.559011488091501,0.6162095848158949,0.49907204906235914,0.4204556036182707,0.5956735071227255,0.4909815923059372,0.5542245954332213,0.4835640297967765,0.5196296364723465,0.42420361242920346,0.5401843216277079,0.5242314362817654,0.5653288702840787,0.5293956419801609,0.5455566252791315,0.49900841415604297,0.43420075070919417,0.4636595682909824,0.5608412890232314,0.533927978977437,0.48792560128118573,0.5383584702365073,0.5357372502987893,0.5116808622086896,0.4624157407063848,0.4891966700106967,0.5298834444676163,0.4763084862686658,0.5263692737010882,0.6196292251897243,0.5620399622865168,0.5917827447584163,0.5024688421237348,0.5965994326756656,0.4579186780859987,0.48686037277533645,0.455787727156795,0.47109079372033724,0.6070779150235841,0.48029750578304037,0.5838244037395197,0.5156000663480812,0.41396821487857055,0.5345891329373366,0.5687868369901184,0.5246683373980741,0.5083214456592096,0.5629221052535939,0.4324343740737408,0.4693027698497688,0.41371259516257824,0.4413448083284122,0.4742757226453825,0.3957260679798866,0.43942430549947703,0.4223349536298909,0.4428767515412995,0.48134483399382877,0.43900622535579775,0.45513675093374045,0.501841987206793,0.419667966949384,0.42472470612427515,0.5494225132874018,0.46584724600187294,0.4331887118932317,0.4932188667380127,0.49293027588375615,0.46111744120276676,0.44754705923144017,0.5020248247744075,0.48182745664070775,0.5414005680639947,0.43604448927365047,0.5011605107336442,0.4932379112698909,0.42085063210810614,0.43587661726242066,0.43887380692777317,0.47282879802264083,0.6167339624890411,0.4808997273111049,0.589391186297888,0.45282556042778094,0.48133046097132015,0.5586579051447489,0.36422135318478555,0.4776439682727302,0.4285142475511942,0.4686872889429827,0.4411946058792526,0.4218489636687209,0.46206364584923487,0.4606022265105497,0.4329876526886328,0.48642608793071573,0.4646572499162443,0.5327632705260827,0.5437964437163582,0.523818634597515,0.6347083827091622,0.49638968444002657,0.47487598430508604,0.42316859779394167,0.48454681379637965,0.5781081555355766,0.4722920438197292,0.521840917187015,0.5464524465776844,0.4318063022260657,0.4919190495267283,0.43231645756472864,0.47967388122127746,0.6082296329885907,0.420730280459124,0.582547741713835,0.45527371539362693,0.47424909264644294,0.5240146752699487,0.46165401869585415,0.462715256194816,0.46219104834162467,0.3978944497703923,0.47740100107316497,0.4389224197873999,0.4515436486776781,0.4961552433963215,0.5948460818068199,0.4547553025068651,0.5230780100781481,0.41130915427306475,0.504311952792565,0.49087277677381747,0.43814566226933976,0.5498218682807896,0.5408933979913105,0.5245243296823558,0.5175836652200971,0.4945541534619082,0.42183883430901814,0.4618592672913252,0.4818445990851355,0.46791649628533966,0.5051585399805537,0.6252561112477667,0.4608949748003899,0.47987231473508957,0.5748931989376448,0.4588821933451934,0.5840263530774225,0.4508552998461188,0.47328163201393325,0.43459440261870613,0.5990698602618912
0.5403483378902855,0.5161992590964822,0.3961773128471184,0.5020747543429167,0.2881020657893549,0.4434633875302358,0.4219205587728679,0.0,0.6030613810517265,0.51273332333284,0.4414969770793511,0.45025941059023816,0.5191451585185796,0.5040220771338233,0.5274392069761951,0.4079028886897097,0.4473445504975246,0.543841503408014,0.5088335931633238,0.5415909770835311,0.43201030814057323,0.4643779006814989,0.46233933604530325,0.38620676961045886,0.5485630921281237,0.40100454993173923,0.5316155059072809,0.534122260976037,0.4176328792340052,0.387286490454711,0.6644382943299754,0.5230042171606177,0.4960206634661201,0.517695778142744,0.5283682987992612,0.568675072663796,0.4825328099326975,0.5710824798487587,0.4931861358785911,0.4699983995908854,0.4710590996715682,0.460892643103682,0.47972658286194364,0.4095373663700413,0.7124139768402891,0.524285493525284,0.3483751471703051,0.3765671946037236,0.4872480234830786,0.5209951350160548,0.4807200858893186,0.40385787662530925,0.4494925837704905,0.486937728075684,0.5249366863575103,0.4817440827366245,0.5063543120888879,0.44214781933519,0.5045242648502932,0.537465445328625,0.6334699496129534,0.48961662312770565,0.453592368118112,0.46565170261065053,0.49974405420168927,0.5295899310595762,0.574282427334799,0.40954382710068943,0.5701756277205657,0.7002429688759754,0.489804532585536,0.4898957898534867,0.5277091185038185,0.5201592784704285,0.6108857834427954,0.4663989855845508,0.44619266299251553,0.3381735456197714,0.5944111238824713,0.3307502622013547,0.42868218154390825,0.5920855244391053,0.3997393914584075,0.5820239022873416,0.5372997870419665,0.5990177741041615,0.6263302302843581,0.5666672585595256,0.5696030620178724,0.5447310173857083,0.44191661906405205,0.5228926761684228,0.45489170733392686,0.4787191893171681,0.5212088068687192,0.47368173798121055,0.5435162401811007,0.5084032148197573,0.45679418192844407,0.5919548680600178,0.5105494527133105,0.5865925757015532,0.5114469422452343,0.4654661416193354,0.6148558805421269,0.4441168615228412,0.5292678991655542,0.5098097200893968,0.46664060242792715,0.40513668672142367,0.4376869771747667,0.5219753330337689,0.5479918039375737,0.5384897230822105,0.5332198116743108,0.44936495156659423,0.4887875589162443,0.46762615952486797,0.41880986761419586,0.49318954482773164,0.388919084870765,0.5952274545755032,0.45952497484376353,0.4252019743861241,0.4628062281011176,0.47026462178170697,0.5178892772814269,0.4407435753774117,0.5165306117941678,0.5257942290571374,0.5359644158199202,0.4300312216794527,0.5250965036406289,0.5288078683814059,0.5501102555794941,0.4275335169944231,0.41358517910587267,0.504303467780245,0.5861919486798444,0.572079763260307,0.47943069285855083,0.4793531203097408,0.5353747809610763,0.5531203811170446,0.48011259385047517,0.5262538909288035,0.4435277547307629,0.4415529881643115,0.537467788896302,0.43242544367992053,0.6245169058149324,0.4760997072317027,0.49410440622839136,0.4197118124117149,0.5144009490873243,0.6170255057366735,0.4447559641458291,0.40220782394677806,0.4612807775610948,0.4593997044173196,0.45664250782789617,0.4838382415671973,0.4834111189254031,0.4425251851850312
0.5751546278370021,0.5541287727372589,0.37513788187072206,0.4798239600871953,0.28498444317954097,0.41869773297904267,0.436943248428523,0.6030613810517265,0.0,0.5455297781399341,0.41922176675160017,0.42223322036852123,0.5037045548776748,0.6305542907428143,0.505082229815162,0.39015769186148497,0.445295316696136,0.6061652760804843,0.47999912159274405,0.5966779817723917,0.42009089820707085,0.45246645156866905,0.5056126238260638,0.3834851646685775,0.5746226748133153,0.3882950256100516,0.5997475556449021,0.554523134461693,0.4239650364310322,0.3851536023456533,0.6607381544296728,0.5082442211841559,0.4642560636170886,0.5256961813586626,0.6237115886547088,0.5593949064036344,0.47166169430886473,0.6121737401717403,0.45495497400197416,0.4940895596646016,0.46459953229969425,0.5044009349005015,0.4432443234157826,0.4004297415847574,0.6506362096877479,0.5196157731625779,0.3528361537532004,0.3594058962672465,0.5239365963562916,0.5170776506372559,0.4580378821004546,0.39329028863709253,0.4831226699195639,0.45085877079651476,0.4799700363711018,0.5730237478485763,0.5113872148875476,0.40768683035104986,0.6010788485706393,0.5553354697489751,0.5400287539883677,0.49559806482880675,0.41394093376324836,0.5480883238170572,0.5422015750836606,0.5294675537326702,0.6681082332005719,0.4063250670614815,0.5911335494368799,0.596865637619346,0.4828567818659202,0.5928783567002325,0.6194360636103386,0.4958334633454456,0.5846373422022715,0.5226063655877767,0.4183093201163602,0.33805498545928575,0.5568554357797578,0.33861689714716553,0.4375800222739538,0.6203790977947411,0.4017236642549427,0.5716235905841797,0.5959889821610678,0.6400271298419749,0.5617534018618252,0.6239627690767385,0.610752953418913,0.645457419447519,0.43733130350285454,0.6016382462025522,0.44542397280603857,0.5003400692921891,0.629208429061208,0.46746276989776053,0.5103426881484424,0.5612913424964029,0.5578584433786156,0.6494009870189242,0.5879692794631153,0.4793731155113377,0.5304664058746604,0.465080534248502,0.640704793864855,0.43290757544334846,0.4938026365463704,0.5719185973954124,0.4790994846961182,0.4124149920152435,0.42560857362282983,0.5794040774278614,0.5835658875565728,0.6349740039948001,0.527859752802304,0.45637355227472276,0.5458123112514692,0.4635384184970349,0.409149727179847,0.5916295844062149,0.39987411602102535,0.5345162839768917,0.5152359777606863,0.4212937744223495,0.5863148560946283,0.4382636222567078,0.5734581059925175,0.4088959138563221,0.5109627011229355,0.5675954212284893,0.6864588793370311,0.41452952442636004,0.5586613826572493,0.6019232845375115,0.5360159313837998,0.45545183037656517,0.4185014666908443,0.5373089655320996,0.6282694045678632,0.5731420637251637,0.4744301830510114,0.5128901151984535,0.6273225447342179,0.6099250906410221,0.5002457601843622,0.5732819186003715,0.4336110310770713,0.4432840967824623,0.5731258524620888,0.4691311077708032,0.6158235677749484,0.5231640240181236,0.4939947256881279,0.43165640455839027,0.504413157969419,0.6379240046159133,0.4489526576917182,0.3925054135979495,0.5081990040114677,0.4677923513140213,0.5044288908301531,0.5854232334883204,0.6018231278935411,0.4565589606999973
0.569913276861441,0.6270162449473066,0.4217489838376728,0.4829239978410024,0.3109180217896242,0.4689875885436555,0.511509893464196,0.51273332333284,0.5455297781399341,0.0,0.4677744890752496,0.4852374378565921,0.529595845523301,0.5426679834691323,0.5528158983288278,0.4328865575690668,0.4923119297844957,0.5889083588320148,0.517717031375325,0.527351843440628,0.4546781708366801,0.48915492263021926,0.559368648479948,0.42089985080417475,0.7074156053890227,0.4101998641980324,0.5308266984797455,0.5390724457900855,0.5788498345705442,0.4291305468350393,0.6164520179600353,0.5737127398008386,0.5016172205955808,0.5296442450974318,0.5763560685164806,0.5565122369305868,0.5098558345330864,0.5755641645299949,0.47739982730593744,0.5388335006854478,0.5152250646672207,0.5327125080836055,0.48229736827801645,0.45859786590005713,0.5658642426945668,0.518796847325912,0.39484522854983606,0.40471961339988755,0.6060138705684108,0.503497219013768,0.48745323802096313,0.42245141656477253,0.46799313723699965,0.48433705404203053,0.5583459210295527,0.5829527019257417,0.5059592366632112,0.4494261902272189,0.5650971503719423,0.5180808866010759,0.4845344037838924,0.47431020494062487,0.43578266587373604,0.4997699244985014,0.4955021737392151,0.4835354818031117,0.5243994240342059,0.43988705272858003,0.57882948299464,0.5474860894865339,0.48119624869477406,0.5367568968660769,0.49991748360693433,0.5127506263164622,0.5570540702568192,0.5368775879540878,0.4315902146098202,0.38130363904258946,0.5264339196103147,0.3750883736051005,0.49652753288123425,0.5128221224614905,0.4528510261289091,0.5525562391444675,0.5431975720683152,0.5825467273169069,0.4903243843919694,0.5435126885652368,0.5668804175653313,0.5277544270674326,0.4704460151788477,0.5575573551316818,0.5179580433518962,0.4855082432205901,0.5453741645756306,0.5671563006075827,0.42947670826069984,0.5714333928191824,0.4958112569208407,0.5604909563668727,0.5545544826306978,0.45538762714480213,0.5078632747532594,0.5553826207998471,0.5284020622862775,0.45388558005360413,0.4921117053714293,0.6531153649531782,0.5329808326488352,0.4632420282533765,0.47183734713332615,0.5248477247971778,0.5386168056095372,0.5270863576934774,0.5270975723713308,0.48052647129370396,0.5862029403778181,0.559120445658079,0.47460970886568704,0.5148912736439358,0.4193352324711523,0.48110048603507644,0.5116765121322239,0.4731329244472637,0.5154474273871028,0.5474324493425436,0.4929882676811934,0.4252540591716371,0.6108153074969153,0.5622116698144827,0.626951577250162,0.42879730370137087,0.47080632126076144,0.5060088854672171,0.5050583006810995,0.48368095706269115,0.4805029072595513,0.5843453836026817,0.6071847155556136,0.5780646753219644,0.5002269615831882,0.5508356229238182,0.5472936356823184,0.5239449189440182,0.5510173262541294,0.5726857891101869,0.44915359519018133,0.5116710823390475,0.7538489092551002,0.47669340409512556,0.5222685014375038,0.6130862429145403,0.47214433010953283,0.4794221114594809,0.5902613898467769,0.5503382353384302,0.46364915237708904,0.4430201541636276,0.5155871862498858,0.5035353426062372,0.5781720774164216,0.5817836471163362,0.5337514111616206,0.4743474463311781
0.5281664628420747,0.4985669973705507,0.5634904896842203,0.45995520583634136,0.40614603248352477,0.6028318382250972,0.559011488091501,0.4414969770793511,0.41922176675160017,0.4677744890752496,0.0,0.622890924748614,0.5865135847074278,0.4029038477913944,0.5640321111422172,0.6202654259705583,0.6046582286293518,0.45949230435528116,0.4952938646837772,0.44070861237651127,0.6190089060224775,0.631205581708075,0.45971663487207876,0.60292548166408,0.5116584786030256,0.582235394499289,0.4028144710062092,0.44620419450630106,0.536453356313955,0.5247271121321464,0.4658126810625182,0.5771033635067385,0.4826887829847338,0.48094708590849267,0.4308973447838629,0.4741061905316245,0.6325940404086565,0.48182273124519587,0.6284580103225297,0.5856261002674951,0.5124771308735238,0.5674140453624748,0.5605267181569321,0.6349337550006279,0.4735817849653045,0.48586201607971574,0.44138527159495394,0.636551153793139,0.538977164315055,0.4964489110928121,0.6046329336639453,0.5314771183124911,0.38975121855410444,0.5715860971827497,0.6082546523303087,0.48324112560788124,0.5280890304540957,0.6352858429143617,0.4056368249605882,0.458425704094079,0.46302982733488435,0.44431638353062053,0.5372916214493325,0.3829142026274094,0.4306049904959031,0.4434913796314881,0.4565648051450925,0.5435082654006177,0.4399737447021694,0.4750112386910051,0.5701274887162447,0.39640817909516807,0.4247390053171209,0.6193552260367018,0.48846283915969024,0.40261786548548306,0.6240884782675444,0.5023790145765091,0.4658933695111934,0.48163580142932605,0.5191022055549148,0.4677269904881355,0.5608236152556532,0.45962484387983765,0.4819141746276371,0.49544489963914085,0.4647322687136222,0.4110252447164842,0.41158047332817477,0.47884339632650996,0.5867852668354632,0.4135480763181413,0.5753069613037511,0.456872146167509,0.45404990341499873,0.5327895018855009,0.38469732890800407,0.4277570328173606,0.39518413160414545,0.4402167649548647,0.43441364742621563,0.48535247060114217,0.40959374758227646,0.40098710947578736,0.42251564018938087,0.5352151231315075,0.50113532995376,0.4921334853123922,0.5080718830146819,0.6183377811803838,0.6496209164694942,0.47738755136773153,0.49705663217266655,0.4098923941943421,0.47340233644406077,0.58227695224438,0.4229305302886508,0.5472223775431884,0.5699586512641429,0.3951551108568786,0.5363560531298347,0.4226534102657349,0.492707588336758,0.6238779689493742,0.40553167189592865,0.6116559234002191,0.4404501359540568,0.5682509417175721,0.5126379404912769,0.4600222601304662,0.4295891263012704,0.5636918405130539,0.42203806705526103,0.46535945104110854,0.5048873038283168,0.46876326369596777,0.5251514170805226,0.5365431072222283,0.4530289200493535,0.5036643840869374,0.382849785484361,0.533332573887867,0.445850656915617,0.42709569092484123,0.5994669389729154,0.48268817659796576,0.5799218990956422,0.5055897991641675,0.4790355152273563,0.4260078082253688,0.46455205268409067,0.419355837800066,0.490220820024009,0.5021253443914077,0.5653766591474766,0.4963661597547851,0.564721414318421,0.6192861822517135,0.4081364644650675,0.5733727797433951,0.414607495637367,0.4290347103504613,0.400011555128622,0.6704650829083915
0.4957052156178777,0.5279999693823938,0.53041397261742,0.5089553345749596,0.39364315876124895,0.579534577854665,0.6162095848158949,0.45025941059023816,0.42223322036852123,0.4852374378565921,0.622890924748614,0.0,0.5062395169123214,0.39387413216488576,0.5881129459123057,0.5240710453833893,0.5658771080013875,0.44643013797968284,0.5474285081486119,0.4238455432465746,0.5940200085279438,0.5847553139284796,0.4919871431974218,0.5649587247889634,0.5181009613337209,0.5105387174943433,0.4120603287581915,0.45223850609474986,0.5317211107215245,0.511195957336134,0.48143821414236504,0.5362215881177408,0.541057420448443,0.5101835034997068,0.435671762862447,0.5038279250890312,0.5228691922779364,0.4617694320601071,0.6101681509890179,0.5681736547923686,0.5627927985553651,0.5672770402157922,0.5100357907529213,0.5935821515766547,0.47603043276242774,0.47557386741897334,0.4367888352335741,0.5036915788142317,0.5281524844159478,0.4873796081762169,0.5887174920186993,0.5345305289122886,0.3943380020922683,0.6171123063858495,0.6024414727835956,0.48178841188089705,0.5025201478262047,0.6644951511681011,0.40513849226993676,0.4640513068398209,0.44046353206427225,0.42956242764439084,0.5026031789597545,0.3830794438229259,0.421308064944304,0.41834069664039103,0.43377137989414516,0.467196079616498,0.42462309544105836,0.4600310731931213,0.5045972195786186,0.38731421017832246,0.4130875694393922,0.5780479710906201,0.48054360331970697,0.39010969028033227,0.5273231562546367,0.4751687538555639,0.4570038986824345,0.4134098920121931,0.4755192049542078,0.48280184020989253,0.5219879403814304,0.43259046127578193,0.47616222674439307,0.49670517891094024,0.4314681087958589,0.40748959492274317,0.41450394744290875,0.46991971392335474,0.5837258609433238,0.44977967558624193,0.5668600527254133,0.43558347469123143,0.44755343813568155,0.5457750183718815,0.380953068778187,0.462616582794695,0.3961266107661725,0.45215775690395854,0.4132229785913427,0.4542029590879489,0.43295967634741944,0.4429474729682945,0.4240767982101808,0.4978725973437875,0.4881265013878147,0.5041675749261972,0.5063069066450574,0.5471623215274446,0.6946317985567931,0.4726203881522808,0.46288495934018,0.4040173686816267,0.4633984799131467,0.5746828253175924,0.43121852067069905,0.5094146258632453,0.5791019130767934,0.40148040520706446,0.47806247807069235,0.42805798102093057,0.46216621191066515,0.571241820167006,0.38755255462161536,0.6031190794814607,0.44627988295492377,0.5334251348485394,0.5426260567574995,0.435762232997112,0.43809562962023724,0.497530088739507,0.3859099678346647,0.46828251596865283,0.4718332271535066,0.4238059629132417,0.4805481592800016,0.5338168290205781,0.4525910983614154,0.5026639304226456,0.39003072699429414,0.488822861516379,0.4668106242730308,0.43608543881244227,0.528860798358855,0.5017976192203746,0.5792292979275699,0.48327078336406465,0.4855950692226814,0.42296382470652494,0.45799300505812296,0.428074607979819,0.49743247729546336,0.5086462473222201,0.6222975565612764,0.45874251670098176,0.4794053779750876,0.5845052144680555,0.4144104189453172,0.512413252568575,0.4070662653201605,0.42195422160314144,0.39863120101738947,0.5744370173467372
