0,1,2,3,4,5,6,7,8,9,10,11,12,13,14,15,16,17,18,19,20,21,22,23,24,25,26,27,28,29,30,31,32,33,34,35,36,37,38,39,40,41,42,43,44,45,46,47,48,49,50,51,52,53,54,55,56,57,58,59,60,61,62,63,64,65,66,67,68,69,70,71,72,73,74,75,76,77,78,79,80,81,82,83,84,85,86,87,88,89,90,91,92,93,94,95,96,97,98,99,100,101,102,103,104,105,106,107,108,109,110,111,112,113,114,115,116,117,118,119,120,121,122,123,124,125,126,127,128,129,130,131,132,133,134,135,136,137,138,139,140,141,142,143,144,145,146,147,148,149,150,151,152,153,154,155,156,157,158,159,160,161,162,163
0.0,0.9054754963144171,0.93676951887523,0.7511620886826724,0.861163654230417,0.939504396332729,0.7729186583256893,0.9369682511359182,0.9002690583779879,0.9196736258437743,0.8161229729665431,0.7942345616292059,0.9319649998276693,0.8369729726019455,0.8074294172802394,0.9522045562575057,0.9351035660722178,0.9486544151639584,0.8585041104023535,0.9820862057158224,0.880456014399968,0.903417129199674,0.8176933196855874,0.75679010433527,0.9366655299779315,0.6689969690016727,0.7862128613338413,0.923188767666026,0.7945051669234595,0.8700814240600651,0.8500720790655246,0.9573097035528523,0.7725016597650379,0.7493097605356722,0.9402380844490484,0.8088868784485391,0.8564535959724012,0.8923331241338952,0.7051617168616882,0.7647653934266126,0.7761655770075867,0.8460567597216312,0.9025735381869517,0.8227592580607341,0.8255397649311732,0.8498063008530297,0.8956962298026724,0.8251992935186313,0.8707523288936891,0.9113417137087109,0.8788471649469505,0.9099102213627487,0.8495619405336857,0.7716384290943572,0.7583067846344325,0.8367893772916355,0.922608333630572,0.8932989716384184,0.8597751505452789,0.8918922919075721,0.856171356115133,0.80510728871551,0.8688889111848367,0.7883644311632549,0.8060903209593536,0.7777400289027648,0.7256246906789244,0.8819769214714144,0.8805989703101089,0.9597091969338971,0.9235966445527918,0.8177655260051061,0.7908242472178699,0.882930870210728,0.9424811257443437,0.797759027900794,0.7766284264940125,0.755903200180746,0.7954021002515071,0.758750500121797,0.8290157344055309,0.8927252003776218,0.8935639003586929,0.8760908293383313,0.8295541567627607,0.9265642262612601,0.8968196048246034,0.8968249937678913,0.9236424064866505,0.7322239634967085,0.8961865152782158,0.82478462445283,0.8992751260357884,0.8228047589842976,0.8535021633003854,0.8078792532985581,0.7210283393901114,0.8315377314959659,0.726351054396628,0.8497358373685526,0.7001764275856273,0.8547831868739042,0.6951462168381414,0.8734924337974597,0.8971965581228919,0.9124603763187455,0.810402426959616,0.9176837119598498,0.8028906440582063,0.807284477104086,0.7368479526890366,0.7795706856670082,0.923241982515198,0.804655185595223,0.8300895757410329,0.9243175072255208,0.8973111326034839,0.9574379107174781,0.8279753349693041,0.8415825851195693,0.8478725173352526,0.900719495532498,0.9015708192787112,0.8628817370556078,0.8905770292498211,0.7916469513047947,0.853266557241661,0.7668724723776024,0.8506249882358708,0.7780458658474549,0.8988804945451371,0.9091475141076467,0.81903598506523,0.8068137539959396,0.7713620175570948,0.7836245657023714,0.8743347774162232,0.7434780370073902,0.7651409626189862,0.9339514508357937,0.7761758765779282,0.8779678305230093,0.9210615030272445,0.7773197933017414,0.766374977416425,0.7993364462825154,0.8776121526914296,0.820212367657519,0.9711294422828713,0.7070907914193009,0.895467756496413,0.8516642938309574,0.8493685220475345,0.8057379304178485,0.8631667713158849,0.8390918121402787,0.850719880934305,0.8436424983165397,0.7224808398945375,0.8623127867988001,0.7761107221221918,0.9443665888326563,0.9172889829138802,0.8706422968545446
0.9054754963144171,0.0,0.9618830052435194,0.8773207689058412,0.8571313385374444,0.8565068252089714,0.9081693449238927,0.9830891805603935,0.8113331726655945,0.9540432321270768,0.8352536982101467,0.8678986173800256,0.9635015407698726,0.8497655056177665,0.9447977853603315,0.9046145782610435,0.8802261030280214,0.8992871379492977,0.7903266530329162,0.9180823005377604,0.8978852031786968,0.9505073351837856,0.9028618686663918,0.9306617745293716,0.917805051172014,0.8063074082582281,0.8503197654090564,0.8910028807694943,0.8686735881886446,0.7580821337185555,0.8993350061427863,0.8191734922477875,0.9144394405769251,0.8644761090500308,0.9221579866562434,0.867631607314503,0.9353153729232048,0.8406228479862622,0.8706762805464054,0.8981561633351688,0.897524170502224,0.7726170124145011,0.8231665014242056,0.924168729268416,0.9642111361963213,0.9145989527234422,0.855649232826742,0.9214183621224341,0.9315638066863964,0.8503368524769505,0.8868147833304314,0.9086571299152607,0.7897945042099205,0.883066062343952,0.8383793865101277,0.8341215548168057,0.8719629262697348,0.8100881328419282,0.8723786423085139,0.9418565106773499,0.9287023074244213,0.7023953155704092,0.7643237003473193,0.7528549774186047,0.7428823759367853,0.7470199465097488,0.8809596793923371,0.9047972439306963,0.7862367651023552,0.8996787564568963,0.9407975517371584,0.8258213167400635,0.7000166503000308,0.9442025473987518,0.8367617005336906,0.7463413958710634,0.8790206732004258,0.8747763104000275,0.853768837753173,0.7096822015858012,0.7514934405922,0.8926185974535278,0.9374020323834963,0.8598745772678379,0.732775791409069,0.9924006077273648,0.7952172116820063,0.793744802931052,0.8971408152317432,0.8639464612901712,0.8296635521120247,0.8464451407595275,0.8691104792201727,0.7961872567419724,0.8436082516043034,0.9028709777196122,0.7007814385321833,0.8524197887438592,0.6280546877946707,0.9479774953403413,0.808616396305133,0.8742343758730852,0.6949862697710002,0.9217621773864835,0.7777992201932392,0.9663207006245959,0.8117692047836198,0.9126222335583991,0.9036816252032149,0.9389487460828343,0.821607494618151,0.749865505749868,0.8764029103398655,0.7351547330768003,0.8442206650364693,0.9769552622891544,0.7843201901798524,0.871757954034352,0.8282637884157875,0.7906398100592668,0.8920763364158852,0.9065220219924249,0.8428603617928624,0.9571160603816626,0.7460895365638567,0.9174489726449768,0.7848401835902283,0.9220882823572834,0.92617771131094,0.8576260304389904,0.7988527963859152,0.790280640599679,0.8580791954407923,0.8094836050327773,0.8931881457337382,0.7532080519570777,0.8933401658029576,0.8732832200939129,0.8882372466137898,0.9636368268047204,0.8263366002056454,0.7539795503664181,0.9570570868353855,0.7089361865698552,0.9002372515608993,0.7907056446019042,0.9242483144500283,0.8769804146538779,0.9170836473150833,0.6217970328435716,0.9343922262215401,0.7647613077653149,0.8402320359814889,0.9358981760675585,0.9655589398416995,0.9653418923452683,0.965634907141584,0.9575728723973959,0.8307686935694574,0.774957969475148,0.8019964222572801,0.7917212334011201,0.9174072205150565,0.8851648769871556
0.93676951887523,0.9618830052435194,0.0,0.8875924322060212,0.9382673026276339,0.8503967609015596,0.8780652157050498,0.9536951907617689,0.8403359789357755,0.9405138335578,0.9190274587951288,0.8345979585353142,0.9696263062759005,0.9026733708399625,0.879670903822907,0.9678014562394728,0.9541109483525698,0.9416519242991529,0.7983345170678794,0.9392796140657099,0.9130040518310568,0.9933434503308838,0.9202063988482877,0.87046910835745,0.9147923841987582,0.789083867434134,0.8916884455993364,0.9625831369153465,0.8832049099845141,0.796931415521295,0.81882685154946,0.8458049361481176,0.865948078773623,0.808861545965766,0.9733087936852037,0.8975058414918241,0.9083235172615239,0.9113665547075076,0.8132890082584894,0.8846058076447473,0.8586684228394001,0.8297217220198554,0.8183590697262157,0.8900279487316985,0.9070869489892165,0.8482460200165846,0.8131889623583672,0.9258157547203305,0.9518578894524994,0.8911850932342382,0.8904087522887286,0.9005224098470217,0.792986849333698,0.8691554096948358,0.8558404170036187,0.7970729697180572,0.8917193612940865,0.8801679983173591,0.9012023398658943,0.9308577340287955,0.9131373319734373,0.7048405402421298,0.7937404195899176,0.842132657599114,0.7363460045476586,0.7200156102056248,0.8497200498567627,0.8663334145125385,0.8777189378802882,0.9518430825271084,0.9062261726512717,0.8371227764741384,0.7973716734066035,0.9634383058769512,0.8988758343399595,0.7007337362936511,0.8992229327437634,0.8621568771107925,0.7869504215113804,0.6663428811009545,0.7299716755228324,0.8910202830485041,0.8880104761434456,0.8725550851293934,0.7958639399100227,0.9687875247076456,0.8365110811701306,0.8298048007864651,0.8543224638474844,0.7904858254080285,0.9284805418523754,0.7969354023183818,0.9117853056599718,0.7707578446733816,0.9164919764952884,0.8390722768998496,0.6779167540786312,0.8082930108736012,0.6983333708885517,0.8978076373482454,0.7762332177914509,0.8571002920211234,0.7127811340567616,0.8600894145896937,0.8241684287741899,0.9142496745882057,0.7906589918366236,0.9508268805413166,0.849146265010038,0.8748818576284615,0.816644393813281,0.839093634931522,0.9132688419070865,0.8282746196700947,0.8268702520750113,0.9881833254829733,0.7728162609017502,0.9361986018208448,0.8945702433519489,0.8682699956855106,0.9434348980968981,0.9166664036248148,0.8809681868385509,0.8807619082663031,0.8145362429956982,0.8436335266002765,0.8374064201454174,0.8527288036187037,0.9265818053657292,0.8327911247137434,0.8274197788746219,0.8485800417775231,0.8902680087696585,0.8673312196580213,0.8667560659078574,0.7310840003310539,0.8236847548833789,0.8455388705919539,0.8903794635954086,0.9108492473440043,0.7957802953761715,0.8340585997806276,0.9574993505039991,0.7977491812367974,0.885610235257457,0.8001427138560162,0.8947766445976043,0.8094950156079269,0.9188581496352498,0.6938275152758765,0.9148315350910701,0.7641608312791184,0.9198277676244371,0.8886522544259465,0.9040461259986142,0.8943613548063781,0.9554075182893067,0.8904306993677344,0.8280200054389893,0.8385207880547243,0.7652830177354368,0.8176591611319326,0.8671691881403776,0.9560005080017829
0.7511620886826724,0.8773207689058412,0.8875924322060212,0.0,0.8336733608753335,0.6729826143622285,0.8974940610287128,0.8103674003230122,0.6442398541151514,0.8156724609045947,0.8928757124252086,0.7291002912727369,0.877544218187907,0.8920951614962433,0.8881658758751995,0.8221546224485372,0.8406628377084462,0.8222161070375265,0.6710476000984907,0.7755844549811073,0.8294409266837173,0.9081118749239993,0.8824339671251514,0.9234001570094853,0.7372956597799575,0.920159323762283,0.8766859808852645,0.8597263288919564,0.9168313780411718,0.6098909540248043,0.6943797782007002,0.6755650602237536,0.9359651320295299,0.7851779943043057,0.8666637016012798,0.9355469085422486,0.8269408225573973,0.8180386566209664,0.8987838271299761,0.971434352909009,0.929837158321124,0.6575539531494815,0.7053525577896964,0.9159478313979598,0.8940271065854116,0.8011011894645238,0.6651016316179814,0.9627865744525077,0.9071747109857327,0.8039201976840885,0.8484011232982549,0.8144755762397423,0.7229712872319345,0.9449687641918111,0.9586679662738528,0.6392116758272335,0.7895641469617728,0.7073156405345958,0.8891886375813911,0.8982287325240588,0.9091853852236554,0.6182847046126507,0.6954773688247784,0.814678258422735,0.6650269400110894,0.6729103448704803,0.9459912983561894,0.7524544691616987,0.7686117115932406,0.7786586682042013,0.8007575514815244,0.8345167569902479,0.717184328627519,0.9413068558090414,0.7524782092947738,0.6138825812061215,0.9716563989289987,0.8773090585646609,0.7689160477572323,0.6008019292438782,0.6326518639544205,0.7659605677979645,0.744953997748416,0.8132540333471414,0.7069307206516648,0.8523205522150348,0.6507224972981644,0.7233505763043346,0.7252521186254556,0.7341635242809633,0.8070086668405217,0.6759213985624555,0.8556868249320847,0.7154643611539977,0.8959850002104592,0.7497612277068022,0.6404294385660628,0.6719960665199873,0.6204652627133929,0.8813549093799794,0.8804789324404166,0.7937126218260271,0.7124311701565359,0.7366593164374323,0.7117163072115513,0.8151801334248706,0.7598005659204552,0.7911879086286318,0.8653773028962982,0.8211160316789542,0.8277534320694369,0.8134377716574844,0.8098835582572526,0.7190286312862456,0.8104639265063545,0.883872607803054,0.6351950255395576,0.7756193632414909,0.8884880903666111,0.7561515070686353,0.9421616125872899,0.8391911175436969,0.7455197981911764,0.8215818374075994,0.6761889767258161,0.8547143044849329,0.7498737453429113,0.8427213536356344,0.9392221757574906,0.8683397108282829,0.6317312984355898,0.6937656724990791,0.8883631141932788,0.796415441251987,0.9012120028178217,0.6918219514867833,0.68926850087178,0.9315209268995378,0.9572687000374541,0.7803025652874507,0.8106497086574748,0.6945296136652735,0.8582467432847294,0.733092285373872,0.9410173799312888,0.6789640824731772,0.7477258439538299,0.7665143180547539,0.7283708797400517,0.6128322861147587,0.8283406487673821,0.671513103006839,0.8538039678148228,0.8549419462498499,0.8025727981034974,0.8355253164730144,0.946432455226182,0.8051257913951476,0.9421697188963123,0.7734909241143378,0.7514247734633955,0.6481404602179534,0.7060588208178049,0.8659189367155709
0.861163654230417,0.8571313385374444,0.9382673026276339,0.8336733608753335,0.0,0.7607711926909352,0.8344773546429582,0.86420164147894,0.8446778908186324,0.8747591284364042,0.9612955388772374,0.8081600151733971,0.8853445522434635,0.8785705860738863,0.7638635918819009,0.9544456187997538,0.9096333470300032,0.8660460915247961,0.7093327024591185,0.8419809001897047,0.8111265462263879,0.9513965286256897,0.9358440302349376,0.7814344808720753,0.8727616212329221,0.7624892270069985,0.9365245138994844,0.9342390966529769,0.8454510584904328,0.8303646637396097,0.7253648510363662,0.7733590057657765,0.7600064141835299,0.754508714704412,0.928728544294542,0.8382493499110245,0.8649383185390698,0.898060193556704,0.7312823526601314,0.8185828226698826,0.7406323186164337,0.8769681109366102,0.7027389487237665,0.7713247259256433,0.8138702793456665,0.7083518339937067,0.7182383043816135,0.8521048871738868,0.9181260853257412,0.7895090103478906,0.7641556315661056,0.7639727387592679,0.672199058921666,0.7610282432910054,0.7973738510394773,0.7617428284043277,0.7739001588488934,0.9175213973156986,0.8029616464555779,0.8112109674040319,0.7828284740339981,0.6201552880376744,0.6909401551249313,0.8833806588978805,0.617450825052641,0.5956503270125898,0.7931832481789134,0.7752495438205836,0.8896360430703436,0.9339445495703499,0.7690378267188037,0.7604021729179173,0.825504125306221,0.8684973855492976,0.8384063752577372,0.5961746420073905,0.8590568357352539,0.8639885063265018,0.6523509786115576,0.5707512722649807,0.6128969586648572,0.7910231117489525,0.81594695108985,0.7817148696803771,0.7497801962579231,0.8798468572702878,0.8479311564672433,0.7581056532428111,0.7398155279395061,0.7527923377370062,0.967795990228753,0.7252973667885342,0.8323306954349978,0.6401948285187805,0.8664473413015021,0.788964417182248,0.5692119147448484,0.7476795873415205,0.7494646938234284,0.7739795194374672,0.7156890696213205,0.7445013027066218,0.676790011737515,0.7676352037877987,0.7440177444271883,0.7904853782925683,0.6584276662171495,0.9604011207252542,0.7284961100859612,0.7897842373631877,0.7617281656547397,0.8677207340532653,0.8223260414072557,0.9286986216789215,0.7072951000276751,0.9282667350701935,0.6650090173594086,0.9262106885205408,0.8381825946382087,0.9450043716234674,0.9115641391857346,0.8478920897071861,0.8266054910453223,0.7499462781287557,0.7864647820551909,0.7345304591836382,0.7818732683990591,0.7974943668012571,0.8287599473740934,0.7404755923325689,0.8380168456978143,0.7939290637029253,0.8746230907686674,0.8747041728709358,0.763921327097081,0.611268916740089,0.7293192893702892,0.7787350752112876,0.8556680587318024,0.7927839352030784,0.687092514957458,0.8617812446595714,0.8558812380210022,0.8118184898154125,0.8564624179366169,0.8123546016577257,0.8355867272798974,0.68206109330027,0.85802508695284,0.7613374195557032,0.8013585069711493,0.6616028073045356,0.9115362546660599,0.8274663638497249,0.8131716697773462,0.7932325349089225,0.8828318116546617,0.8111007310634665,0.7759934524612839,0.8014112454287177,0.6522368298798608,0.7542014735827879,0.7743387543574803,0.9742096315527041
0.939504396332729,0.8565068252089714,0.8503967609015596,0.6729826143622285,0.7607711926909352,0.0,0.6987864410314518,0.9050331369356668,0.9060443015048143,0.8259543533078435,0.7129973592689055,0.8320083517210516,0.8248736554380656,0.708486109112882,0.7433021913039842,0.8476578337482795,0.8443102660752257,0.8245410740467867,0.9385140043149404,0.9575226533429908,0.8904664916364555,0.818305263167315,0.7162047503787854,0.7144064949896821,0.8975758906395137,0.5907191342763863,0.6702429132409319,0.8217436533838335,0.6749348933265714,0.8482497238144839,0.8799556318546108,0.944070877280607,0.6989348687542711,0.7679740331010885,0.8364116462646565,0.7368200814900495,0.7702529681421935,0.7710644488851482,0.7046533037136344,0.6718479611405032,0.710980336510915,0.8470217480216957,0.8482014548501945,0.7719911151152816,0.7696170249029025,0.8082373330265531,0.8818346112887524,0.7317307685753386,0.7570307511687603,0.8569550741297385,0.8338298007506122,0.8975636941908429,0.8218273993307502,0.7365077860822971,0.667462328095733,0.8700529509436257,0.8982452539057512,0.8642720493747061,0.7585411955976601,0.8216343526836606,0.811770186328984,0.7963469102634292,0.8421100565063735,0.6888719275928085,0.8264503158823584,0.7904017769176065,0.6618836111343328,0.8106862471243063,0.7414618383667323,0.8561046191915679,0.8926762474024263,0.70292391608471,0.7447874619513377,0.8012261506855286,0.8865134317018373,0.7847532038336755,0.6993924416011291,0.6635449405558816,0.7560546629668643,0.7530349238547556,0.836209622092169,0.936864189352249,0.8541614476710212,0.7698701791062788,0.8268698140090937,0.8680033971135442,0.9082209133252837,0.8005641521874618,0.8756117832102246,0.737640602841465,0.7843034148800138,0.8844465688783086,0.7896990673389304,0.8325352673879349,0.7624691592601428,0.763364848304612,0.7894232101700248,0.892449087561015,0.6873069131444737,0.7947020093154734,0.6150931708568514,0.8525842497133862,0.6597424784299303,0.8308949157728724,0.85427043127796,0.8620995333417927,0.8178172779419918,0.8413135615651448,0.7275480128452072,0.8089015779060952,0.7542064324782101,0.7165180914334768,0.8797472427005809,0.7152545634718328,0.7505085180073818,0.8399403717143155,0.9123044376004554,0.8446696233501322,0.7611040414720374,0.7364312082717832,0.7397779335737592,0.7816796569876775,0.9239930017315002,0.8251101554769528,0.8509197140364579,0.7223475187150832,0.84292938347932,0.7292535072914144,0.7768904743876748,0.6751209784762547,0.8849736874409031,0.9215588103208898,0.6984306783767642,0.7970874058003629,0.771841086594878,0.7477297206242587,0.8559995833231187,0.6495167986835996,0.661941851123605,0.9042568948598999,0.6858185528814335,0.8150991927695049,0.8999275347315148,0.7492609248064936,0.6824533851779495,0.7711204468539176,0.903630614178838,0.7635351867021468,0.925857288436149,0.6800355714965627,0.9090194597810558,0.7976706580538481,0.7942245190315383,0.7402304943532654,0.857229839689401,0.8007339669832972,0.7632371487146019,0.8085921241773179,0.6215825319705528,0.7572362778512789,0.6982220639377077,0.913213784797869,0.9234018993840977,0.7931599557806769
0.7729186583256893,0.9081693449238927,0.8780652157050498,0.8974940610287128,0.8344773546429582,0.6987864410314518,0.0,0.8701193288465887,0.701112637948654,0.910579831367777,0.8064871348578314,0.8138208514628761,0.8974688852200551,0.8275879350685349,0.9319349260015055,0.8117929634487645,0.7690818637552507,0.8034354832894157,0.6386965693973042,0.7640713137989692,0.7796369173484442,0.8810663817472638,0.9504707637823063,0.9523860253832048,0.8424012240774021,0.9320582905476725,0.8837283400215205,0.7916776314606025,0.8659754417185325,0.6659994506359872,0.8154142055218039,0.6993062921243264,0.9076010982495936,0.8821045324885235,0.8385396703820509,0.8346354437387231,0.9558509080098929,0.7503669470889185,0.8529998539825911,0.940195722649319,0.8478433276141933,0.6985494264269074,0.7249663264999995,0.8919116406517653,0.9699826962699396,0.8351192277051297,0.7715006937420879,0.9357948780054052,0.9507726632540218,0.7308718859450923,0.7973980259377522,0.7695969735541814,0.6557539071153013,0.8368636250459235,0.8520650516575624,0.7669781830684119,0.7247578505642239,0.7067374863486728,0.835363092008668,0.848461202917464,0.8280516402413639,0.6040119540320751,0.6318752885492853,0.7333535837308368,0.6265730792218576,0.6420963455358597,0.9718064749892469,0.8771349798561142,0.7320512504265138,0.8001574359232942,0.834179733550332,0.7878898476342936,0.641016243277331,0.8927033338093233,0.6893627838934897,0.6561418262439208,0.9250307354368194,0.9656653759349163,0.7650230857736039,0.6080797589607143,0.6200348477881396,0.7708516843801895,0.8603326536330795,0.7550988698181902,0.6301479363545944,0.8861957545450828,0.7047553878784183,0.7336061775860726,0.7867854031440744,0.876066878650727,0.7727871098753918,0.7865760894010912,0.7778002384299117,0.666706929184206,0.7786720390978515,0.9082439479233548,0.584224330780519,0.7829629947168111,0.5857441014884408,0.9121556076322407,0.8491382583187428,0.8188182953839712,0.7534606912321946,0.8629940112617246,0.6524171118479677,0.8814906985379327,0.7035577024814501,0.8423765779596504,0.8824210706275453,0.9177999051655538,0.8116681687597752,0.7181036009029891,0.7838878013474205,0.6819656932345969,0.7552726398721488,0.8902593269319566,0.6410156678050268,0.8122042081982795,0.7727032800080563,0.7500123985028453,0.8501725555085646,0.8382680470076386,0.7250130580437972,0.8855700700065258,0.6232685108659843,0.8999794400018182,0.6966224089883684,0.9636287422130131,0.865609594909327,0.859523863514648,0.6936112272900714,0.6457508061332262,0.8237467346639267,0.7114262561588909,0.836837859513029,0.6543434524287386,0.7959510897207885,0.9270802763301865,0.9387828195212596,0.8370521943410708,0.7833268921898694,0.6716430798753958,0.8550958278717643,0.637962724832546,0.9683957932238312,0.8247547998269108,0.8228007775734681,0.8003970010235845,0.8080219808139759,0.5511036235772074,0.8145068246190468,0.63921227791941,0.7508032949043858,0.9818085824897982,0.8985516755324368,0.941432584888561,0.9336398094485012,0.9304256093309183,0.8721385337898351,0.718441030752218,0.7528542350825386,0.6506970264301081,0.809747744064001,0.8167919125984415
0.9369682511359182,0.9830891805603935,0.9536951907617689,0.8103674003230122,0.86420164147894,0.9050331369356668,0.8701193288465887,0.0,0.8819105640394234,0.9600824746048957,0.8137916398959087,0.9008785275472193,0.9440526670708418,0.811407386587594,0.8952270887337008,0.9152611059072878,0.8743079705690878,0.8916010911009519,0.8162973892311444,0.9374315217673884,0.888857715803995,0.9360718924270062,0.8859270486726477,0.8768758514612146,0.9650194653052454,0.7437212665808439,0.8272740651980632,0.8827098135631972,0.8178952757217411,0.8274647078496804,0.9317195318863578,0.8549804876138011,0.8459887603758073,0.8549598368751824,0.9113144089085632,0.8158525235031049,0.9306326205069412,0.8306303177187313,0.8160091697198023,0.8321206251101176,0.8275943734294052,0.8309534451366858,0.8248208989690038,0.8676310684973167,0.925594246090935,0.8833836420565513,0.8903324239151814,0.86508121889496,0.9049721585301271,0.8338286788529956,0.8527326950662361,0.8903997468790149,0.7731450956217357,0.8196503837749352,0.7725104703098963,0.8971802619243807,0.8628051689432985,0.8555212317270309,0.8281477551085237,0.8985932588742777,0.8790354002106567,0.7052002590319865,0.7615151653651607,0.7338398683898744,0.7360574934629587,0.7300251494447969,0.8197912614916345,0.9121452009722665,0.786515172059041,0.9271663326332588,0.9315115150585006,0.7822862079579945,0.7043386505768098,0.9015109058787545,0.8495089760503969,0.7525026167005119,0.8243316704127295,0.8424359482793539,0.8146815981377402,0.7082684482024205,0.7563514168474187,0.9082440879020498,0.9680869432299315,0.8312101700243071,0.7354601605268363,0.9900264190512228,0.8577107215504182,0.792393873393197,0.9076784066846685,0.8751011203578501,0.8365982007275976,0.881686211663532,0.8388043184781646,0.7773725896757231,0.808761880313422,0.9151585747891262,0.6891956508833061,0.8980379196753157,0.6401590472707285,0.9034412986868382,0.7431213150366834,0.8601145341879474,0.6763601805675588,0.9406184984758953,0.7792879524605163,0.9555696067699015,0.7823398275483028,0.9433964946850047,0.8493793116320202,0.9310231391902138,0.798156157327318,0.7337732412787826,0.8684651981267671,0.7533915150527165,0.8011294863870346,0.9679512262906027,0.8086503088771329,0.8942828526369606,0.7926292075977476,0.8034930444044903,0.8497533887676372,0.8841885928028055,0.8627650534963487,0.9329110177441392,0.7657198948772784,0.8680497545020718,0.7825754485029288,0.8970784820503295,0.8721002057708269,0.80152834497315,0.8692816666718599,0.818236733978929,0.8200530955485971,0.8103366352591755,0.8473244691828681,0.7288355846410481,0.9237260935260821,0.8080719629285112,0.8317688495410728,0.9739991913761594,0.777053493177676,0.7774807143035136,0.9482815977877983,0.7082381091199796,0.8488330094387392,0.8265060652098202,0.9633584654388303,0.8479002429628759,0.9637588218737426,0.6385194368541725,0.9259109109853624,0.7615797317791311,0.8297904091647288,0.9135867819686633,0.9744015194328375,0.9491210815822322,0.9233817842050629,0.9589904938466843,0.763060826674236,0.7596414955066001,0.7648005388617578,0.8287987951580528,0.9590983361151528,0.8831772323607959
0.9002690583779879,0.8113331726655945,0.8403359789357755,0.6442398541151514,0.8446778908186324,0.9060443015048143,0.701112637948654,0.8819105640394234,0.0,0.8338345354071306,0.754693511557531,0.8634995021633173,0.7945089517090882,0.6992758810196567,0.6852388712848734,0.8732058349514107,0.8148920682749666,0.7920897344271595,0.8085665403856724,0.8749709024848925,0.7868045027813658,0.8245926657719704,0.7733944828819638,0.6773281881866896,0.9328096907742632,0.5857300532707554,0.7374203581390919,0.8171881381806393,0.6711775557366705,0.9795504165499839,0.8277105540619928,0.8563575520093577,0.6409132489679882,0.7313273235794749,0.8189056266330249,0.6790347634554731,0.7930599133361794,0.7780849567708426,0.6444415500064716,0.6473879992534539,0.631007592174671,0.9609344726884089,0.7268090019296364,0.6749631338724905,0.7291873851763646,0.6943866359549876,0.8153645143655627,0.6891577401464006,0.7645914393587722,0.7416610970347919,0.7046522839698093,0.7541200593503538,0.6754856383044849,0.6446345695304734,0.6183638269219012,0.9130605711662108,0.7663479729785658,0.9487137510629179,0.6793226756891996,0.7258969389486343,0.7016105634695278,0.6619442572163149,0.7058451386549315,0.701183697095778,0.6542924889920264,0.6214589640040461,0.6386042450705434,0.7783495983823311,0.7669236054729789,0.9051949366126721,0.7740452271035655,0.6462380842840109,0.7367816988064742,0.7379978169373556,0.8333028421209622,0.6633637372310318,0.6718923907248002,0.7043062957928338,0.6377715020058811,0.6288024279246415,0.6818789309033862,0.8339086160538879,0.8678247542926351,0.7082398042308241,0.7325714973821535,0.8475316018398852,0.9705471301009878,0.7254073674608613,0.7869930138978026,0.7682681802221292,0.8324564842526178,0.8251516077905564,0.7245404330454868,0.6610396629630885,0.7112997789455293,0.7922214815174501,0.612535747269733,0.8657626264500008,0.7045078687150244,0.7045558184293436,0.5783805238041242,0.727860045425789,0.6014348302891299,0.810460594094911,0.7431454871776713,0.7829498149616143,0.6502855737035186,0.923841570779575,0.6495797543942288,0.7740179649321449,0.6925163128781717,0.7091202880478995,0.7778063339028986,0.8203019564921565,0.6468472237754831,0.8416375717390376,0.7682169594356105,0.8721685102204682,0.6947878689335065,0.8252841580040635,0.7257625592881227,0.7551256312177532,0.8507561377416261,0.7373587634207652,0.80321370041127,0.6653154661618832,0.7473005234433244,0.7287954850655328,0.7014414285273162,0.6253892844790104,0.9916432940670797,0.8507198466973855,0.7054034278624518,0.8021738636897652,0.6843984892618026,0.611400645753173,0.820580765805316,0.6244468665399602,0.6666634257257777,0.8330475048748518,0.611678400523915,0.8350767618692782,0.8189064196519517,0.7267107890425685,0.6840982599782597,0.8264934269626172,0.9106914643881752,0.6713426725198386,0.932893123788679,0.7325400840763908,0.7970476570791272,0.6866942581255273,0.7877260245869618,0.7438494076766206,0.8304229606435195,0.7640599218357079,0.7473153772419867,0.8027360875550823,0.599190037576241,0.702429840827401,0.6110678291126418,0.8511614338666553,0.880829839489865,0.8378764873966377
0.9196736258437743,0.9540432321270768,0.9405138335578,0.8156724609045947,0.8747591284364042,0.8259543533078435,0.910579831367777,0.9600824746048957,0.8338345354071306,0.0,0.8182519343654573,0.8223776764134858,0.9727106739604037,0.861346567145912,0.9154925678913894,0.9171861299140621,0.8559556744907841,0.9241937403080916,0.7222886596855158,0.8843319708966265,0.8105898328816203,0.9185452336043922,0.9308780277180465,0.8661586863863023,0.9537612190412055,0.7970859813948928,0.8813205921346599,0.871695960306131,0.8739447999282421,0.807173107899074,0.8932964652525786,0.8315864503081503,0.8672204911060248,0.809325084324062,0.9163085964923522,0.8090029609636213,0.9816056422950106,0.8494173413723906,0.7584444402170443,0.8709210116011497,0.829102787974262,0.7818594875076232,0.8431796772171877,0.8609714109758536,0.9347768695582751,0.8894341731248485,0.9015478187717327,0.8923316391667803,0.9545124672124153,0.8093122618209657,0.8326306927116173,0.8390630544350077,0.7494369854993279,0.7841870211885795,0.7981635002526144,0.8597206105826227,0.813917717776367,0.8068468716269334,0.8583664630038682,0.889166766121491,0.8437705278120003,0.701202106011316,0.7356919472162705,0.7534745922670179,0.701271808949924,0.7054609266925197,0.8431615885072931,0.9652477837850573,0.8357606312739295,0.9368631062997876,0.9136538651823473,0.8397459189603335,0.6813767660659351,0.8965889415932052,0.8116217105879643,0.7690521317948236,0.8348485615429456,0.9030865289411567,0.8222052165436604,0.711326669242144,0.7357064976311611,0.8217309486414431,0.9671549085070867,0.8578233764512364,0.6882788702634115,0.9657314662343524,0.8116249284035516,0.836721390319643,0.9218998080284395,0.8456764630791266,0.8489970597528453,0.8271376427616435,0.8551088508907504,0.7384374217721827,0.8032000856482141,0.9432877943766377,0.6266486479937486,0.8354639851946339,0.6364369841852959,0.9102516648572744,0.7973417051667433,0.8281681540281155,0.7021357317851681,0.9609250775691852,0.7583894680367991,0.9581721327467257,0.7419601582760017,0.9355402778765094,0.8874696917235287,0.8852014499429159,0.736017424716104,0.7186404113201601,0.8439517141582794,0.7566943311874587,0.8229092362883736,0.9569427083437559,0.7788438561582169,0.9247257941384259,0.773970107002928,0.8286275838464044,0.8626492654045887,0.9322848630361942,0.7904068825816277,0.9294631821675687,0.737115809437767,0.9037412558111586,0.7415730043794522,0.9012122644017222,0.8652480027004975,0.8677183474160146,0.8407683221567087,0.7509173950733177,0.8610916846172326,0.737254162613453,0.7813933163000676,0.7346285391819748,0.9247741069265536,0.8647500345499395,0.8807370936118539,0.9475341290075198,0.8279040416552855,0.7681645802759204,0.8930282713464105,0.6689726133411493,0.8841236664975327,0.8459430336970585,0.8863849758335038,0.8753162155899504,0.9536239244652459,0.6116612944553104,0.8498398868150842,0.7675022373921054,0.782513795898874,0.9470473907248853,0.9293071017569051,0.9461514635498736,0.9290171157463947,0.9543650818978399,0.8166006943020817,0.7879882769372492,0.8160437139157971,0.81075559591726,0.9292998850905614,0.8548755199026535
0.8161229729665431,0.8352536982101467,0.9190274587951288,0.8928757124252086,0.9612955388772374,0.7129973592689055,0.8064871348578314,0.8137916398959087,0.754693511557531,0.8182519343654573,0.0,0.7397801597855286,0.8693077982174593,0.9160468644103158,0.7626065351973484,0.9287339567356919,0.9275857578317577,0.8638038211632697,0.700941604509671,0.8189909022144687,0.8135384281892173,0.9440304297512873,0.8986751913371073,0.7845676559106295,0.7846347511082654,0.7847420020438227,0.9319112323804305,0.9539142343802907,0.8873220931685153,0.7406205245001262,0.6629247229871975,0.7296318238347917,0.7913508718280504,0.7123829221653563,0.9240865629669153,0.8870998849523479,0.8051355566838065,0.9245984891029168,0.7592398192337599,0.8522237504262826,0.7902649905585176,0.7872529916610324,0.6868274830712274,0.7899575196436124,0.7918754589286299,0.7029090441762689,0.6553563790923645,0.8741949383798747,0.8969874268900826,0.813416762588059,0.7838391927880579,0.773278739411292,0.7012287231445646,0.8124009129361608,0.8633014653887948,0.6672943104972188,0.7929050462952972,0.8603594858650827,0.8310186140236334,0.8355070336513071,0.8202366859866609,0.6188974713313039,0.7123278666410455,0.9175742157898048,0.6285133145792418,0.6089418323991826,0.8023357393596579,0.7175345830015945,0.8909280296603307,0.8853724559034492,0.7461858229688194,0.795377304189269,0.841077088822902,0.8877480617551688,0.8483096709934794,0.5792315933940179,0.8882056722339892,0.8372762800677178,0.6661096515488831,0.5718458807173218,0.6127221387350384,0.7598883508957719,0.7468021536250421,0.8139799727988712,0.7695860482957885,0.8482047227218086,0.758927002552132,0.7423253993762897,0.7060060116053793,0.6890030053221827,0.9525059888619809,0.6557510830610096,0.8718134952391702,0.6610232750756804,0.9209372105481377,0.7188186693474807,0.5889927839330199,0.6692559837499483,0.7419904827534961,0.7698503362718326,0.7577757256348431,0.7265982256958436,0.6573677497373238,0.7067026339776562,0.7592357845403721,0.7588664061863791,0.6813457572956312,0.8895704560571426,0.7396709979502477,0.7452837050101986,0.7592220617844119,0.902987310213749,0.8142661022935845,0.9156780851652317,0.7420059042557087,0.9080094713839244,0.6472295700716877,0.8724927988625025,0.8872319038001806,0.9127377605063338,0.9592157797253693,0.8470389109023831,0.8001871924174724,0.730982408593841,0.7891946190726848,0.7372893495314737,0.7844756289417513,0.7577815326455507,0.8657121327712384,0.7650417611178009,0.7467531125599125,0.7847426084979432,0.91988872601696,0.894052531314133,0.7888325619348697,0.6327460543738386,0.6738172010138364,0.8058889249243879,0.881938480787063,0.7581103386261064,0.7167746654915291,0.8353448885648169,0.837469372381454,0.8415839465753618,0.8596635206972268,0.7096161411260421,0.7656849149346947,0.6804179117652502,0.781503296280929,0.7747798341105737,0.793150406873144,0.6756284635367699,0.9476228867384587,0.7811394139269405,0.7601721021339924,0.753797555965161,0.8943441774461008,0.7551374474690492,0.8328329860680406,0.8260133232664794,0.6661105688526765,0.7252721380377988,0.7048771207910762,0.9726869166021453
0.7942345616292059,0.8678986173800256,0.8345979585353142,0.7291002912727369,0.8081600151733971,0.8320083517210516,0.8138208514628761,0.9008785275472193,0.8634995021633173,0.8223776764134858,0.7397801597855286,0.0,0.7812898872019278,0.6675723806629958,0.7669154348418631,0.7902151146463632,0.7453635679061441,0.7117438990060355,0.7739682775921636,0.8101562956910838,0.8328832287421563,0.8389197139489333,0.8194220883665647,0.8225628686956779,0.8982936176262021,0.6793265490492751,0.7410990653191569,0.7577025710152232,0.674847832590159,0.7961884013565927,0.8824762547330918,0.7413877467892875,0.7155234442031385,0.915358690564379,0.7734658147493461,0.717830395893221,0.8330179285616136,0.6836647001183188,0.8183817486220885,0.7203492362174133,0.6899524934612801,0.8689101571474505,0.6608925020297336,0.753378755299539,0.8340686187062396,0.7262748086557899,0.7666945337539743,0.7489263159303113,0.7902264031903166,0.6934247041736372,0.7203047748186342,0.7563246382227855,0.6217020542724088,0.7387262634082005,0.6627213185752621,0.9129936474329259,0.7268231042770004,0.8321955861273258,0.6778820838821827,0.7445482677716736,0.74940124956317,0.5815408245105631,0.6213978669151762,0.6514787144853263,0.6209306366541212,0.6084776447721292,0.7656045045949227,0.7722340539467549,0.6467404018825791,0.7954369104965855,0.7842811666703373,0.615432161214798,0.662269491757878,0.777852837883806,0.7170633485296874,0.6106312336745486,0.762306771156316,0.776072592531987,0.6537638743209564,0.5740244100655274,0.612679020485016,0.8768210444042436,0.8704295057607717,0.6473580680511571,0.6703608577079035,0.8651789988567201,0.858448715009238,0.6404756946024678,0.7381357833898192,0.9300253425349072,0.7407268975430755,0.9008568560160923,0.6740845154447478,0.6469093751123205,0.6932019264922246,0.8550014979706826,0.6203922100565079,0.933416948897339,0.6028493870164948,0.7723711611031041,0.6240637305352636,0.7892436443601162,0.6414436414546192,0.82098647335871,0.6437246749246502,0.8048885681726563,0.6680913932541985,0.8748909795593864,0.6943894338271607,0.933480384923218,0.848142028917457,0.6905442729839677,0.7555659819982393,0.7003931487648276,0.6264113463327629,0.8458458277461836,0.669516285035777,0.7744547470936046,0.7021075372133436,0.7224115721970102,0.7270825232192287,0.7070087963233286,0.8244485692016174,0.7966293164791791,0.6599901344102316,0.7242722875950619,0.7150300489426927,0.8695053734905344,0.741348946443053,0.6412862328335612,0.8264719242174687,0.7413199662981624,0.681991484948487,0.8077298101954921,0.8203935066426935,0.5761397685565222,0.8004663293315298,0.6864467500707716,0.7254802262077552,0.834469025723726,0.6078769336720214,0.7000682432501429,0.8664498359796959,0.6754352885253004,0.7752083311155608,0.8442790509383894,0.9723279505104001,0.6783884420641201,0.8501524649255533,0.6147452318273876,0.8613401070085461,0.5947986724092676,0.7740038881795962,0.8417245116229662,0.9342693829701929,0.8649234413986276,0.8093185667151134,0.8942276126832251,0.6416584365085966,0.6283605785951453,0.5967608638260685,0.6897543268786137,0.8682430589149001,0.8268299485808289
