0,1,2,3,4,5,6,7,8,9,10,11,12,13,14,15,16,17,18,19,20,21,22,23,24,25,26,27,28,29,30,31,32,33,34,35,36,37,38,39,40,41,42,43,44,45,46,47,48,49,50,51,52,53,54,55,56,57,58,59,60,61,62,63,64,65,66,67,68,69,70,71,72,73,74,75,76,77,78,79,80,81,82,83,84,85,86,87,88,89,90,91,92,93,94,95,96,97,98,99,100,101,102,103,104,105,106,107,108,109,110,111,112,113,114,115,116,117,118,119,120,121,122,123,124,125,126,127,128,129,130,131,132,133,134,135,136,137,138,139,140,141,142,143,144,145,146,147,148,149,150,151,152,153,154,155,156,157,158,159,160,161,162,163
0.0,0.5371520614245588,0.4452798449144664,0.5435905624586899,0.46504423830796127,0.5547050556724216,0.5535861583837254,0.5249041385822849,0.6399728405650517,0.441993033133586,0.5506171176645499,0.47423941477020237,0.6511183140454633,0.5947365264376072,0.5647664418723252,0.5454178351750624,0.5959421795405009,0.67543183656686,0.531843612302024,0.6877350205182609,0.5772295081152218,0.5343967346506813,0.5232723144236076,0.5642364698008497,0.5842317949923574,0.5674826721281027,0.49688180898094464,0.6204292259400624,0.40090223959670446,0.5108616054076033,0.5954716315471243,0.5804016313724872,0.5252579143452645,0.6028906410995962,0.6744357456514444,0.4914779949402567,0.6514711463407518,0.6041435562514422,0.4958534734575113,0.5813943113952973,0.5104908285450497,0.6227454467036995,0.5565704581338445,0.5873169462326211,0.5912118627487443,0.6022144973256153,0.5063713384703326,0.4964282371720698,0.6201816267132978,0.5539125825200271,0.5900094324432575,0.6083705176612489,0.5347857747277809,0.5199699469065656,0.4778357609192493,0.6202499423681842,0.6559637247333605,0.5147823938946636,0.5704747798949462,0.5547510712896978,0.5465366757220813,0.5078148108320766,0.5791523760540924,0.49187905849858293,0.592617577677494,0.6364815224636967,0.6544078165291082,0.6355630494441202,0.5405234481605634,0.5954948147491516,0.6871083290284186,0.5863141091921129,0.6321494862195144,0.6213418237019117,0.5975788091186147,0.6624785212155897,0.5490392702589679,0.5114811933810145,0.5953234054656138,0.5388514753183521,0.598469314377738,0.6158236862331223,0.5872233944749538,0.6054849925092441,0.5900922119328251,0.6628228698331358,0.5776530136828024,0.5700075553743148,0.6178050019610241,0.6180174444412284,0.5641386043370953,0.5594283520293284,0.5071173792897008,0.6640835118478267,0.6049087971804012,0.5132667665219791,0.5132012209011984,0.5707302682832189,0.5184719847216939,0.6410587922165422,0.5903956200701816,0.4736706140875255,0.5194230717875549,0.44278097625319146,0.5829435648794893,0.5952570130539856,0.5258244538158304,0.6023630872984933,0.5497000123325102,0.5427084287213035,0.5847122805280602,0.5609867910392448,0.6661917711148887,0.5620559548544836,0.6171335950488095,0.6357952023136766,0.6320651335452772,0.4639384008266094,0.5111419851621813,0.5715754279688285,0.5726929085957425,0.49740166846843326,0.636041675369845,0.6542149479245515,0.6035505343928723,0.47907939355508716,0.5264683851712626,0.5006940626851537,0.48812786735646263,0.5758486189207555,0.5696529703527757,0.5645028677214127,0.598942474010732,0.6499720631927848,0.5393778316599547,0.5958302751389505,0.6002103138617229,0.5878791695738524,0.5230981942282353,0.5496407893438848,0.5373013145820414,0.5633206470348626,0.604953471023438,0.5089024795957515,0.6085044893420672,0.6365059867963488,0.5734591603235384,0.5345046686257496,0.49424063442916183,0.44595505573917343,0.6833475925534099,0.549811949754922,0.5340667228399083,0.45766735037797834,0.5657777980500841,0.6786586257018483,0.5764276808327355,0.5946118802514662,0.569623885024345,0.6097753407369471,0.5451924489968868,0.6708945232766969,0.5272815877310816,0.7245058416500691
0.5371520614245588,0.0,0.5775474994895027,0.5257520470810099,0.4630605229400862,0.5962328585964124,0.5724761455117992,0.537663994456991,0.5115172836084939,0.6318250288552714,0.5765825553402322,0.6051792249470169,0.5837584927679556,0.548012262472297,0.587089886558466,0.5771995922170533,0.5988460814151506,0.5412921999399415,0.5827502267391285,0.5923865478977857,0.5896008434527378,0.6674908066628071,0.526990434990732,0.5935320224847737,0.6691210405203702,0.4709079501895317,0.5080420157925722,0.566734717409647,0.5446053583032142,0.4903011291420951,0.5995820129752728,0.6074659422316394,0.5670397648715415,0.5636652947945343,0.5790242066974804,0.5597971009739007,0.5441318668559748,0.5483072810984305,0.5633133325078644,0.562348486196604,0.5663409303223619,0.5792464898236281,0.5104070713881343,0.5676009933111639,0.6096745265501794,0.5268574498084857,0.5108919346949691,0.5119440474812905,0.5996245400649721,0.5223389665457603,0.5224439522541526,0.5129639457010038,0.5048740706269583,0.6208710728189408,0.5645655340231662,0.5558186163192625,0.5246131592597375,0.538682125512963,0.5888668126850641,0.5349083484261696,0.5361029672709285,0.45350825430768554,0.4917112187919188,0.5347448290324759,0.4871005748450345,0.4905071523856068,0.5284974977798578,0.5214679949219586,0.541798954901179,0.5276186199590472,0.5133029445602215,0.5140621929356718,0.48202943327031567,0.5803989881248403,0.6016452508169329,0.5123394513695678,0.5091937102270147,0.5404964787539955,0.4921788124813342,0.4368824566500679,0.5533796580218264,0.5001935477390215,0.5952232764650569,0.5465715978732437,0.4829839156789314,0.6093022779568038,0.47213889173851187,0.48832417925528754,0.5462987401988859,0.5350008340030894,0.4879557769807954,0.5456852981434861,0.5622932582184667,0.5021979954935318,0.5019419270490186,0.6353708365284175,0.49621577832198915,0.6065012862896112,0.45852784385154893,0.5512624103889399,0.5487772472653687,0.4623142171075746,0.4601382652393849,0.5622325698327727,0.4949401116201474,0.527581978796465,0.5291979121986858,0.6663104230266627,0.5630236258366385,0.6102347903469569,0.5892016025741893,0.4740679920212335,0.5039664245668889,0.5147222951981136,0.4969400605262617,0.5354081856918889,0.5640791545324554,0.5531561637137187,0.5871232314724567,0.4883416393960659,0.4917071034361843,0.43950396598106767,0.5021644630690262,0.5689605547503445,0.47338872594999404,0.6176598349020065,0.4687604072052167,0.5354725730153151,0.6510974502588013,0.5455374303913765,0.5820938895409739,0.5316506475454983,0.45300434002183754,0.5047543018326714,0.5826046800990774,0.5212977205418653,0.6000723290283193,0.5507598105102408,0.6182016454816096,0.5315223210685553,0.5441754648469871,0.5905801558872285,0.5502656691709625,0.5246550761288162,0.599085267399512,0.5248847877182268,0.5649525841617078,0.5866368692320441,0.668420450174667,0.5031210344702968,0.4987439891667049,0.5783341396783819,0.558946428795904,0.5745175762281733,0.6320118475291708,0.5473549319668032,0.5051495509491382,0.5833379717369754,0.5057530730906997,0.4745229627667646,0.5698448181705946,0.5132135542530837,0.48196487993101067,0.5085883505739526
0.4452798449144664,0.5775474994895027,0.0,0.4559402869976324,0.48252100324212926,0.5626529530169678,0.4746792920588199,0.510031394403472,0.42744086814677823,0.5850668934135109,0.5722077516034867,0.5981883618606536,0.516080151801887,0.4391251951002389,0.5162353753703023,0.6159305323008641,0.5415547328866863,0.4565890563214001,0.5110787863814981,0.47768028525938594,0.5643805300911332,0.6716216412284853,0.43940716427252086,0.5196596930072725,0.5429553303374378,0.45001497771039134,0.438426300126749,0.4592197049545785,0.5457294733249012,0.469701864068387,0.49634532090053063,0.5469637066895287,0.49444053410314504,0.45434687225992254,0.4474108492631585,0.5107777471715965,0.4907566275133023,0.4870113540117497,0.5642296853082369,0.471931741062696,0.5081918683435381,0.49138874162836227,0.5122706772227241,0.5167655470236912,0.5156829410081644,0.4622075694356672,0.47946026489957955,0.5363660259305227,0.4868798716756943,0.47860251786967956,0.48099569123918345,0.463634602799634,0.427636725839656,0.5800799353989127,0.5572683556794976,0.4470538227801063,0.4573127547836153,0.568373769161618,0.471864547203811,0.4567002948833456,0.495353582674722,0.41941377636920263,0.4854720495973531,0.4592567936711532,0.42307545135956576,0.43391544217016265,0.43943782594132286,0.4937419006388034,0.5128638981937169,0.4940578884956928,0.46693645301110714,0.4231382084740618,0.40964362781553726,0.5276656335863756,0.5367779941257321,0.4127599270393803,0.5024007348612972,0.5285929840320506,0.44368173153399465,0.39878215466424394,0.5020431142295441,0.4343140457248784,0.5410598803769725,0.4861613872080133,0.4227149645781972,0.5025564818390257,0.43903615261010726,0.42668076924945325,0.44952312507152786,0.43947383373574034,0.45548149396347537,0.4387118223827896,0.533228892517181,0.41852396921998053,0.4260750386310284,0.5742765697160124,0.4591910350380614,0.4784369715121813,0.3903508688103893,0.4418204316077014,0.44752762852345596,0.48285461526788453,0.4085220724452457,0.5198680747297838,0.4335120707982419,0.4932240236538987,0.5081993893796153,0.5209932552727511,0.4898863564117957,0.5316819895465517,0.5153511775209656,0.421150238131556,0.4306730790377537,0.4511341883885794,0.43179215874078053,0.4576553150450444,0.44594180014563845,0.5571543830102498,0.5567217196710721,0.408851742233188,0.451351225919647,0.41677918399805863,0.417690860100565,0.4987561296204332,0.391014466049487,0.6224460381471462,0.41344003580113375,0.5423876611584019,0.5802336744385698,0.4805669850291674,0.47536893443283434,0.5462774667801498,0.3979786269281328,0.4210846725756878,0.5324494528268215,0.45787981887096313,0.5175187028062997,0.46146474315376584,0.5304814911009753,0.4848207484534623,0.4638483147242346,0.5228844933497124,0.4443164458223374,0.4755774358140927,0.5288665257774403,0.44292952476434366,0.5312160357286055,0.545963250608418,0.5929054803042659,0.46711647147048635,0.42620876681096076,0.47337284657141154,0.5052486103137276,0.5579998740647568,0.5588434213847305,0.4745999268299111,0.4388043615062708,0.5402919734639339,0.4058489059304725,0.41986648931703935,0.48230189233404197,0.4126446375777171,0.42058602558173724,0.44314846785331086
0.5435905624586899,0.5257520470810099,0.4559402869976324,0.0,0.46725460506308886,0.49807114882042286,0.5958246794505636,0.5444971018329468,0.5091253880316735,0.4528965291378462,0.5297880580959657,0.5026243046035856,0.5289282839950321,0.5489309091783132,0.6089282421680092,0.507617557516311,0.570900121158728,0.5861265292244731,0.5593534622091471,0.5163801815156425,0.5720201427473565,0.5207030959816225,0.5564648719114295,0.5195950203269722,0.5349948401288661,0.5582960786540367,0.54445185999195,0.5911964398345744,0.41833841221004603,0.4650855585592958,0.5628284535712437,0.5270541670408417,0.7162925496696168,0.5836163516258344,0.5730757307856191,0.5719525108802017,0.5158516877853181,0.5801437636597339,0.5331301388000782,0.6020217673031485,0.6223697672349536,0.5167234540541275,0.5423906369815941,0.5632645961537739,0.5848685056581577,0.5747673045204736,0.4676432248101866,0.4524148111356859,0.5820038749301698,0.5611260564654025,0.6276952750609625,0.58263879725505,0.5344671494959274,0.6135708125114254,0.5364862386734596,0.4846806498798711,0.5772178662606805,0.5518414440121882,0.5686379418707509,0.5772131907918676,0.5284904906767947,0.49939897067925076,0.5701187740641777,0.49408221079754094,0.5317276787787084,0.5361760541061755,0.5644252913561442,0.5015051738249511,0.5460154917438996,0.5694974416377977,0.5494552315912139,0.5370908129581663,0.5346938561648503,0.6352333393122612,0.5773209629732042,0.5054425074168547,0.5556552524490765,0.5167730916550425,0.5891544059099972,0.431307056098645,0.5139654748034151,0.5952060846815144,0.5056958808796638,0.5466458066641643,0.5653952038158354,0.5890014167957033,0.494004411056876,0.5658465062337865,0.5705288107389592,0.49792739078132137,0.5931844056929273,0.582848864120273,0.548692604407968,0.52776168827583,0.5854952280360048,0.5028793902859485,0.5098119251661938,0.5587766920661936,0.49051327763834257,0.6317245538344819,0.530702471122593,0.49362988005866043,0.6028766203351148,0.49625011327176977,0.5808879785998801,0.5403203616921104,0.555859755852123,0.5437441263152009,0.5767515774595923,0.4601718769433222,0.6024412473753504,0.561940910616734,0.5255257347029836,0.5580861182067359,0.6025351989127221,0.5615200924498005,0.5480482738201212,0.4554047155025941,0.5358190969117239,0.5538131585014665,0.517373532815498,0.566114685631078,0.47922909451832446,0.5798936216621815,0.46879116326533155,0.5050512890446355,0.5351512091956317,0.5032277074184685,0.5283199191255702,0.5632743981364735,0.48680750058839056,0.5169703926693433,0.4895773222562721,0.5768297587887653,0.4947042067837114,0.4864475808358446,0.46890967778797066,0.60982368896196,0.555649924862321,0.566851656010838,0.5913058133851441,0.5062484099725907,0.6055193391073627,0.5552171116236837,0.549218086572455,0.5744240297638336,0.5315054783594646,0.5417659668093638,0.4757303071770844,0.4428420434030262,0.5854737916224693,0.5592064324244699,0.5613066656299633,0.4683145119972419,0.6073215833216534,0.5387602350157293,0.46691370638051083,0.5499185214052728,0.5854738131218655,0.552314316669644,0.5381407576115856,0.5199722372363628,0.5185338998988572,0.5545184537324926
0.46504423830796127,0.4630605229400862,0.48252100324212926,0.46725460506308886,0.0,0.4562591149204257,0.5533377878946846,0.4314806407253594,0.44521248392721857,0.4191953759081409,0.4833453397501551,0.4945566855373446,0.4558050873373008,0.43723601010614255,0.5287367048210085,0.5338953749907387,0.5476452805758694,0.4893474315962431,0.47070075503680114,0.4418891678286329,0.5662302830969402,0.5085156917258865,0.49451248397569203,0.51657593126379,0.4579035228088273,0.5217662736089749,0.4432278610661471,0.4403834753641479,0.407712957122572,0.5623018070304655,0.46347130833158434,0.4843141911470851,0.4877032688980274,0.458024376740856,0.449165910016533,0.4828302058194547,0.459837699487928,0.49401654741074125,0.5031413933012447,0.5156846573769506,0.5389303744184643,0.5102325257376521,0.5323676070018261,0.5256496620154716,0.4550910710551216,0.5021374931519977,0.5988527189795295,0.44619919980625394,0.5103242849440685,0.5225354876173032,0.5508906695152342,0.5353101807906169,0.4623425411570121,0.49085489506249536,0.46527324265011855,0.45204620756819336,0.5060882939861149,0.559192322786767,0.45682509441415015,0.48934051853910454,0.40227980309447664,0.46806582818553905,0.5061466718332478,0.445033748341974,0.4673884143024711,0.4406850827587595,0.4268145396156286,0.5053139905932095,0.47443853293105515,0.44657716014702786,0.5046385469595347,0.4487480313549418,0.4167884583594145,0.5239793040677401,0.4710237235979168,0.4263382969760275,0.5037154594005642,0.6558202852627987,0.47086007091101756,0.44075985294083486,0.483617563159268,0.4788305628053386,0.558568385275596,0.4319503045339213,0.47410115650380336,0.4911580661206809,0.3988422051555088,0.46044241884431236,0.44908188206929506,0.4374393126222948,0.5938726887872103,0.4700041041784955,0.5522976756854785,0.44054238339772556,0.4719843465185516,0.45883643230185345,0.4129026421329625,0.45636492363245396,0.4420403260954207,0.45153489375542705,0.4310757009233491,0.42947609034388734,0.4545853648092746,0.4338008925119772,0.45439948850511575,0.5435403303889558,0.4870441774978593,0.4732419103379759,0.542301974750857,0.4490541281576923,0.5160360942008465,0.4906360074876159,0.41424640867031887,0.45546066498019944,0.4729494334637744,0.5179206897392657,0.4529087606036118,0.46182075105941456,0.4678225957474378,0.4402568217176422,0.5842513544445679,0.4394541502252966,0.42212706646328546,0.5590135138918984,0.40443653137662516,0.46329357765636214,0.46357949818502614,0.5082029763784806,0.4535277144413095,0.4909832568960416,0.4539143231973582,0.5262459085454672,0.3919383540965765,0.4555827987674586,0.42386557073882036,0.4750924682624142,0.48987529493079374,0.5195672830710675,0.4529070788900142,0.5163016112739471,0.41416480542586837,0.48655900477870107,0.4855059153665462,0.46697623000114197,0.5026896466323038,0.49558465409396985,0.5709199327621273,0.5348958137133213,0.4444250143356872,0.4354937315272522,0.43547752519596655,0.46848344437879097,0.5057837773799505,0.5207898285373619,0.5191419911606688,0.44222510099293877,0.40987192459741123,0.5461550208100141,0.4134113960895012,0.47959328223981873,0.4601845818195702,0.4333693123812422,0.4590608407983707,0.5118506267615719
0.5547050556724216,0.5962328585964124,0.5626529530169678,0.49807114882042286,0.4562591149204257,0.0,0.4996166570437593,0.5355887273553083,0.4940753358760167,0.5182537693797505,0.6158441187704544,0.5694150116586387,0.6174901354860781,0.48599373048002475,0.5164458117415187,0.6127503320767542,0.5712767698941931,0.4952803208078538,0.5567509069948363,0.5590865640366824,0.5933072082838741,0.5999262920291725,0.4480639605974271,0.5453597407553845,0.6281883456582303,0.49251210591333655,0.43213129802033357,0.5233681173134032,0.47523318863673186,0.48362704449032723,0.56301612213385,0.6237059046609769,0.5156691166805579,0.5330057741639372,0.5295784574568536,0.4972076377388413,0.6074713371016944,0.5194994305185081,0.5316532227898881,0.4878366329239748,0.4941976743753405,0.5711853451066748,0.5243244275489479,0.6158831971043763,0.5546950914616445,0.49214457176347115,0.4863756712998469,0.6001923609535712,0.5253328708189,0.4878607371370811,0.521142506608376,0.5432967491395524,0.4546482329499219,0.5845995327415123,0.5326772191488184,0.5488201401690783,0.5130547865331622,0.5694672244835294,0.49068162894947026,0.47506047543115615,0.579541179335015,0.45233255054386373,0.549227932065555,0.45756616301538355,0.4661815761660624,0.5037278781223928,0.5137478048757319,0.5732196034576349,0.4967465313194286,0.5545205150284073,0.5450997701865953,0.4616107122454004,0.49516944694436893,0.5651966064941091,0.5912290736600909,0.4997414596758093,0.5254694429330259,0.5168266112266842,0.486789304370047,0.4891830439853783,0.6074282113519656,0.49044509587657265,0.5848391817676655,0.5706583528975729,0.4767322204983152,0.5604740045629152,0.5483279440477213,0.46110337780469457,0.5106110644426793,0.516784622952852,0.4825263018423092,0.49354197016520224,0.5070792246878264,0.5016511467081132,0.4732647202883074,0.6272758939475416,0.5009517621154936,0.5596364041477284,0.43246492768912437,0.5094988290519894,0.5104631803216865,0.48446223033471825,0.44775248708489873,0.49351410358368236,0.4840304798255195,0.5240159639617834,0.5146909578761647,0.5811702028841405,0.48712735722550043,0.6240821837079235,0.6047462009647763,0.4556737126704956,0.5641615228292374,0.4833829076376778,0.48643109951500785,0.5161373729665081,0.531699992591396,0.5006823752304025,0.6236795217630408,0.467909656901272,0.4726603227140321,0.44779121812841644,0.5261844173172268,0.5755903915983233,0.47202752072720044,0.5856865115844565,0.4503954695391119,0.5258187420649536,0.5706153044092028,0.4861938889155233,0.5299301950514904,0.5871529203060375,0.4743704130651707,0.50396005169204,0.5797709986575194,0.5076974543746224,0.5886774177396635,0.4820007450801482,0.4945747324182336,0.49274705815532005,0.5247476981865,0.5776379122554494,0.49066722147894765,0.48440518195280635,0.5913866763374213,0.5072458644858668,0.5614574516160807,0.531262913657028,0.5687605798527997,0.46674979124842186,0.5179488428664423,0.5145309805020414,0.491897674193661,0.46974780872721433,0.5987477591053184,0.5609560641969511,0.5123482187365234,0.6243108535454719,0.46849483218667837,0.4913170378724549,0.5041776398380625,0.5097534706682474,0.44794057629546125,0.5251797742724413
0.5535861583837254,0.5724761455117992,0.4746792920588199,0.5958246794505636,0.5533377878946846,0.4996166570437593,0.0,0.49177539886404625,0.5152628863688297,0.4899523339049678,0.5321663995521936,0.5534085607679045,0.5301106014966362,0.5268320495543123,0.6534754473469698,0.5416475795170423,0.6019625558027457,0.5936847910686522,0.5620182314082982,0.5204159992297144,0.591493686496489,0.5467918362375911,0.6831691044302813,0.6067134395743696,0.5712000104328105,0.5377657089095415,0.5521021134849446,0.5673189048281125,0.44777547235012904,0.5602010776944378,0.5693886205157668,0.5535773896911708,0.6051794769556978,0.601223102457894,0.5596666103805784,0.5320441065209841,0.5314632213352452,0.5481486286817018,0.5423273805962395,0.6600024950537628,0.6039071293903243,0.5755567909598716,0.543442516532856,0.5800580712251948,0.5543610107408694,0.5891847256007384,0.5597938146782203,0.46228903996550325,0.7001146962643763,0.5461008010159007,0.6098835076797922,0.5623674978223084,0.5253525367472274,0.5626685396797918,0.524400428968266,0.5325976056738952,0.5750645307359039,0.554494199519517,0.5729159554642933,0.5738325827550504,0.46444491011392686,0.4783798202593325,0.5081388877544393,0.49185664623359154,0.5193101501933097,0.4971232661025062,0.5242870299515885,0.5352513794889763,0.5193964612376197,0.5133451317095286,0.538440609207823,0.5348532044009271,0.47845881849079475,0.6093286951354971,0.5308377461175388,0.5342228464435556,0.5486921215936751,0.643942865865704,0.5311297845670199,0.464058465238046,0.5217756224300438,0.5456069153714616,0.6153499334593534,0.490624970115679,0.5306057211040937,0.5792834845808078,0.4476066340986951,0.5395174418828023,0.5680813107400527,0.5222715870588607,0.5981291273302863,0.58868982492272,0.5935423542456864,0.5234423473680887,0.5470995533379919,0.5331787269067175,0.4478699248760546,0.5592545760014528,0.48471536593649667,0.5829996570729448,0.525306387878252,0.45612822139435005,0.5287100318418294,0.5053980566403015,0.5108333013948109,0.5678322458908851,0.524862958729858,0.5887891797670118,0.6436016754777336,0.5121385055176937,0.6282425637637487,0.5326184557888531,0.48185565216142023,0.5288262970194516,0.544484608832562,0.6006367779366321,0.5676391711248203,0.5067119900212591,0.5149245369319222,0.5146438435593217,0.5637030462381513,0.47744986078286855,0.48091142338419857,0.672505556566327,0.4642094825262422,0.5292231074253597,0.5011347251186371,0.5295120407958761,0.519047620363595,0.5607097018245201,0.5267933151834394,0.508806768804666,0.45426363225593136,0.5249833465540585,0.4772664868821107,0.5082514107313588,0.5537608736048902,0.6430094078117196,0.5523860989001835,0.5895972891407814,0.5123839896011781,0.5272958286274793,0.6089768967201711,0.5086474511126167,0.5716306070641565,0.5960720980647362,0.5718640358066034,0.6090269804439551,0.5078953019903194,0.4469575235429252,0.5238186666926774,0.5777084806264604,0.561152573424747,0.5523074808858751,0.6283777931091491,0.5246742032097051,0.4888609774186695,0.6221156728376281,0.5380802186594009,0.5561990988621487,0.5496275734005867,0.5255126448892738,0.521173543353096,0.5750095707696525
0.5249041385822849,0.537663994456991,0.510031394403472,0.5444971018329468,0.4314806407253594,0.5355887273553083,0.49177539886404625,0.0,0.5551834465516209,0.496147739284045,0.5280221036847043,0.5470926244325278,0.5717568357835613,0.5004945425988887,0.576996111315058,0.560556465220243,0.5332793648359981,0.5417514619174428,0.5472472988934047,0.5491885954848602,0.5435993143084795,0.5565651602562652,0.4902432215082419,0.4816164824729307,0.5725799060859855,0.49882081585740323,0.5402449319083032,0.5400243689341041,0.41933432000362725,0.4973235915746168,0.654899924709976,0.5845913625510761,0.5583670614182997,0.5485497719600663,0.5154363143002928,0.5581771053548431,0.5500418201768634,0.5774751165116845,0.5740357050588167,0.49574916269325564,0.5154651290030131,0.5098437537423685,0.5828562746891249,0.4998344069961931,0.7093607241641963,0.5642125486516306,0.46319855508869234,0.4655590901764254,0.5266573445053699,0.5439113422207303,0.5490360811316327,0.491369571622131,0.4710168832947933,0.5600950643010446,0.5424928070274171,0.491751730022807,0.5291203256526187,0.5949864350487026,0.5144658418226553,0.5453666621174651,0.6008994706413405,0.49770959519134034,0.5468258801823197,0.48472701280407027,0.48635618185150414,0.5237493093614543,0.5403213202745897,0.5254553655405461,0.5907364955812181,0.7159986963715017,0.5460675566603973,0.48955291281786784,0.4828842933248974,0.6005667386421554,0.626278503169209,0.4818790840252399,0.56940402820935,0.48031321827504453,0.5738806651995837,0.39697192778940305,0.4895661738715321,0.5501939970438692,0.5319673440942543,0.5720129376545764,0.49739364723051716,0.6139214416504618,0.5737673416197507,0.5486236037867728,0.5956893711198266,0.5343854635677426,0.5113763974175755,0.5321744080512779,0.5195610503667425,0.47868634228173423,0.49041710206343964,0.5461638920623592,0.5689868814281621,0.539508625225498,0.4432972493552761,0.5619304160607587,0.5083411056878264,0.6314166097652569,0.505460398793829,0.5083675470397444,0.5543862500643384,0.560407819426894,0.5778032573414059,0.5414084679654614,0.5207475915621333,0.4676691105659155,0.5239485886023771,0.4951701807016451,0.49668940816127194,0.5652954921619753,0.5207254716861287,0.5061436376355333,0.49963291039603847,0.5012229918121652,0.4807437641197579,0.49705056601163344,0.4668315859506278,0.571161251408889,0.4445699733307938,0.5310400141827082,0.4316221034147333,0.5379127051843224,0.4890729414030291,0.6088115076442713,0.5239262572411523,0.5459252465285376,0.5454834915028971,0.5529689690517072,0.4960242331551869,0.5004652538807063,0.5399770639742313,0.4603317994418796,0.5087839840535093,0.5099309213979983,0.5708289308021816,0.5925971287176581,0.5292796714621736,0.5242338066979274,0.5287518773071294,0.5406054039284232,0.5396893031166556,0.5440521386060392,0.5692618697052115,0.5444165829407936,0.535335335972345,0.45164039309349074,0.5559963296202917,0.4990493893813462,0.5434636978802604,0.5010288288148573,0.5929045637806897,0.5995538319257238,0.4607824683196836,0.5437229056134396,0.4546602767598578,0.4811309813624758,0.49187017510775477,0.4666603928126423,0.4859882001574137,0.48376615820347657
0.6399728405650517,0.5115172836084939,0.42744086814677823,0.5091253880316735,0.44521248392721857,0.4940753358760167,0.5152628863688297,0.5551834465516209,0.0,0.43437426789764494,0.4714619884888774,0.468212457845715,0.5377613652973202,0.5510279429003663,0.5391101099682644,0.49286025795022453,0.5275586356238154,0.6172084114814792,0.5030309161171918,0.5976278848065049,0.5254360970445607,0.5011555149548182,0.5189267075032189,0.4822435960288172,0.5413499785867795,0.5004831947382918,0.5213838832580425,0.5416560873476817,0.37478077977079133,0.5284703031518151,0.6108561306822015,0.531154305953771,0.49734454286684415,0.5531683071213277,0.5926969539730393,0.4960017839624527,0.5380521551588691,0.5855397993589662,0.4777410807670983,0.5129847725066013,0.49044395444547245,0.6194865304914967,0.5232879952374166,0.4941414205400617,0.5773389684140381,0.5753843264318959,0.5040018055339137,0.4240787613185364,0.5480821018480206,0.5474415943849789,0.5407251183278653,0.5281099615135164,0.51575233471102,0.4766163392065351,0.4450891919072858,0.6221930980879119,0.5773683438279595,0.5110312394884718,0.5351894631761646,0.54907716575815,0.4893091345508199,0.5186302986429758,0.5158754830470151,0.49919126290055094,0.5615770603901143,0.5522984762144961,0.5729132817474898,0.5507656613285283,0.5399676524972938,0.5851831189197649,0.6017529320695569,0.5505840578009202,0.5630251991124546,0.5551443900061421,0.5663943052800744,0.5555048379014007,0.4972029305807219,0.4745643457446398,0.5656370668028623,0.4386183211624295,0.5099001800115607,0.6539705429233903,0.5534741210828275,0.5300853557225642,0.5656195298259407,0.6579941952157273,0.5340795051456275,0.5822048345782432,0.6120019483339477,0.6437326437628883,0.5517258546968472,0.6127260823499988,0.47943281380732056,0.5346974891470065,0.573778829550753,0.4895198765249755,0.511896582741151,0.5795187008028853,0.5317202429529816,0.5996549322770827,0.5195215333128682,0.4710843719822264,0.5314392308209154,0.44946916180836427,0.5857977906338927,0.5652777839016478,0.5072109683428057,0.5674868049312048,0.5212903687358116,0.46782700375341396,0.5073992405567619,0.5614980445270913,0.5396059725452296,0.591266395405679,0.5457122222150776,0.5728472508161375,0.5644589038118124,0.44328814633210856,0.4480959525519375,0.5948667847826618,0.5213590469998478,0.5242091388942985,0.5204173306124068,0.55198138730382,0.5293666256163204,0.4415457932670331,0.5480389495589447,0.4990500080118891,0.45777416268471294,0.5448194555233675,0.6543536517649322,0.5294926584993733,0.518371349684454,0.6120985184267638,0.48624928694820413,0.5060683691277307,0.5271627647322347,0.5365075880349595,0.5010271783384004,0.5672286897684602,0.48303011092049003,0.5260846309663786,0.6209177529488845,0.5321478566673127,0.5338324441406789,0.6610577813693522,0.5940704620881595,0.5064956481510386,0.48418392135657023,0.4473748278890115,0.5970367982731645,0.5133697244985769,0.525590919239083,0.4720223170050294,0.5452086114145576,0.6044376378393043,0.46701371817813764,0.5317368842908581,0.4847777401430618,0.5173872307966769,0.4998541836907634,0.5720786199298963,0.5595246694637157,0.5726597127072235
0.441993033133586,0.6318250288552714,0.5850668934135109,0.4528965291378462,0.4191953759081409,0.5182537693797505,0.4899523339049678,0.496147739284045,0.43437426789764494,0.0,0.5182752290744982,0.5865464090655731,0.4934042693971359,0.4596229274176604,0.4972377489885329,0.5300987992718036,0.5052736781119551,0.46082706842517407,0.5251802042035687,0.4860264658354545,0.4995049483326812,0.5650044382613928,0.47555672731364085,0.4790525232295367,0.61527643010387,0.40855668604170386,0.46784330975077665,0.4850893626606788,0.6203265727530543,0.4545359476437047,0.522637718205628,0.55144156947474,0.4820501532094367,0.4800271254279293,0.47178786367650094,0.5073135179509338,0.4749512535601203,0.47885907320851034,0.5168403167445609,0.46242627165095973,0.48511474062476934,0.48359147967283006,0.47143465860542655,0.48457946442691624,0.5179767349644256,0.4500571375669355,0.4509805966123117,0.4780663355769674,0.5178492030288828,0.4514767410291102,0.4504079314039181,0.4239124293878968,0.4298504082943734,0.5307883277831393,0.5568175209071069,0.4608020881553259,0.4404814583292758,0.5016389485412164,0.5104462070810579,0.45393363757762323,0.47667056835934096,0.4040646764327902,0.4309207923278959,0.4856322272561988,0.4156240808549296,0.4207360413924536,0.4415396492565602,0.4529145674479772,0.5133820740850358,0.48480495135866747,0.429847269664401,0.4443947627971765,0.41069317086630075,0.48875090858855597,0.5173436422060336,0.4437664235925469,0.4576638113318,0.4869953060518018,0.43027095991955616,0.38534724674097637,0.4797757923870203,0.4206894037142531,0.5074064110430532,0.47870557427085797,0.4190149189832264,0.4908117825571146,0.4305137919351652,0.4399280777477954,0.4794153932700801,0.4394116132996652,0.4269177765882501,0.466425264992451,0.5180239109628957,0.41825807848174784,0.42538547842401814,0.6059719111895904,0.43721863790469023,0.5154316793974884,0.4006453886167307,0.4535840037212087,0.47491583760699563,0.45199398454289413,0.4185053941678833,0.6168727828828585,0.43131350467354623,0.4518968666233626,0.4769022741607475,0.5664927036861338,0.480727691772995,0.5156122992641684,0.49934450885880327,0.4140105961979015,0.4269990147613873,0.4699902552052196,0.42197603206201817,0.4343168425548213,0.4814822379708161,0.6016127695893081,0.5267650248582388,0.42307727055804767,0.41694772848532086,0.4062988391009587,0.41866788375046643,0.4746546866752339,0.40437097200435507,0.6310444815892706,0.40478863119164743,0.48111860680755564,0.6156831008395515,0.4743103845536785,0.5097242965733886,0.46731133440593287,0.40024006400118584,0.4149870387043107,0.5112291821745851,0.4432128319481033,0.514313663876311,0.45835200468138326,0.5609873721711042,0.48555796208113544,0.4965341810531306,0.522630183305563,0.45362101260496823,0.4752326176617898,0.518768040096427,0.4512979638837601,0.4700517663706724,0.5351875010983669,0.7208514827300846,0.47436939712241044,0.42700087299622985,0.5244685622919883,0.48097714955619614,0.5345767014490865,0.56369798717023,0.4683767127713858,0.43278110700494876,0.4980478742313785,0.42965585294003183,0.4171840680536455,0.5124986736801022,0.4363970070033772,0.4372452906316878,0.41994358214717287
0.5506171176645499,0.5765825553402322,0.5722077516034867,0.5297880580959657,0.4833453397501551,0.6158441187704544,0.5321663995521936,0.5280221036847043,0.4714619884888774,0.5182752290744982,0.0,0.561422353394876,0.6479685685130215,0.5120758514813305,0.5568888137962288,0.6757014333064821,0.6066395399688254,0.5258130525694426,0.5600801154852983,0.5684168517345329,0.6016447953771514,0.6607758807486113,0.48211594165413935,0.5924945463070982,0.6169398588605256,0.5247636805343877,0.47606028128015404,0.5677565849622114,0.5105272954515929,0.4820361510265876,0.5526727480944393,0.6228077081869141,0.5338928756606716,0.538936919601226,0.5445108536400182,0.5185016242378329,0.638064055848234,0.550376602284359,0.5961950932717363,0.5390406980612366,0.5130570822010292,0.5300403773167269,0.5590304335477261,0.636815130216848,0.5753491307981465,0.5018540059778419,0.45764295917654846,0.6705544319002918,0.5890436719205435,0.5102148169466831,0.5478062138497491,0.5168127330290592,0.4562664811515288,0.6309754572663502,0.6186776348822595,0.48151621542917655,0.5350248512091013,0.5729741885316593,0.5265561895363295,0.4964593058710189,0.6038957143619115,0.4436561012053725,0.5466848289003164,0.479170572288137,0.47075267092367673,0.50360872016039,0.5398608659573023,0.5619317759145053,0.5444436870431649,0.5767812555241238,0.539855394024699,0.4870840712872654,0.4963047375400719,0.6153560540570624,0.5920725573726743,0.49114970266236474,0.6074823165758323,0.5504056945639909,0.4952400576123881,0.47800716462491716,0.5513145831284917,0.4827508382581252,0.5586006409647278,0.5760344009987471,0.48094184668808837,0.5472901006294186,0.5411959204116408,0.4818244016931332,0.5039316335213369,0.48652957767955357,0.5038097351171703,0.46956695684074307,0.5612410090369538,0.5084690053686004,0.48827932888013753,0.587079188620248,0.48797603842570036,0.5026688878725517,0.43136638071301053,0.5063847830831851,0.5552896495958773,0.5182165725834084,0.4520647134806414,0.47978378640045793,0.48777692801972594,0.519876399046897,0.5266616335273752,0.5664599618909476,0.5080703787385732,0.5972471317017835,0.6361131003133488,0.47249399912713214,0.5386777859840778,0.5058364505534398,0.49980034869898365,0.5134162418205406,0.5051372812280763,0.568989192505128,0.6150649328885248,0.46024391856235,0.5093133514158883,0.45262977784030356,0.5026672550688308,0.5841522252198397,0.4690711963329907,0.6239512668283901,0.44301110034940033,0.5448329482092066,0.5764815220432105,0.5258835158403637,0.48289029083842183,0.5712661927042475,0.5058943239896516,0.5000546227123495,0.6276830811253379,0.5220433977718391,0.5641040036125526,0.526639934809683,0.5693448160858684,0.5169574562904161,0.5407352988299289,0.583808165253228,0.4898108389267588,0.4963106452086514,0.6389487919550659,0.4964202378932239,0.5330524428100714,0.5384382953958379,0.5546080916977493,0.46225759118817283,0.5352029701092813,0.5172448034245742,0.5472437513452652,0.4769177516958826,0.5820501866495994,0.5753127711434164,0.5711283458507594,0.5891752988057017,0.5066102347690624,0.5210745746813683,0.5030711504144721,0.4956761416400654,0.44587299075465164,0.5557647996781089
0.47423941477020237,0.6051792249470169,0.5981883618606536,0.5026243046035856,0.4945566855373446,0.5694150116586387,0.5534085607679045,0.5470926244325278,0.468212457845715,0.5865464090655731,0.561422353394876,0.0,0.5072267614375399,0.44713454990550655,0.5631633447248833,0.5932211377215808,0.5527699814701356,0.47709942593996846,0.6269521350662463,0.4988709386577943,0.5841463999081926,0.6020097354553149,0.5116780758120024,0.5320014868740152,0.6126007466509621,0.45453637711554623,0.4754334396921166,0.5038061614781641,0.5080842882523814,0.5382993096221655,0.5871782972654035,0.600294049859106,0.5330991778637185,0.5460761580292784,0.4852033202636648,0.5504877076196627,0.5055365098766184,0.5005054565952302,0.6295238233281419,0.4860496707998349,0.5306245386411201,0.5276762873624988,0.5380314210245942,0.5442498649322577,0.5577516528337444,0.49328252235838127,0.4986637040818129,0.5012503456557593,0.5506657563174401,0.5022317106928647,0.5241228196468494,0.48142003270368033,0.44590351912819265,0.6066402870613817,0.598798525625699,0.4766690589725012,0.4898740645427749,0.6426799977035829,0.4928144884258449,0.4963551971617356,0.49057596890533195,0.4375109661674852,0.48694921748980224,0.47209937847519734,0.44410977933824436,0.4451705191592092,0.45374205683899743,0.4840460935239941,0.5038819326823727,0.5195173266606571,0.47480655269367633,0.44442982161140315,0.4251066908020154,0.5485039787990493,0.5437610762568149,0.44712257035656516,0.5254516897963737,0.5508933661182254,0.4679621211158757,0.40195534285887485,0.48569638486336547,0.4745779747339501,0.5650344116489904,0.473506798749841,0.4536875879713377,0.5255337388757063,0.45727808923503677,0.4672939064311787,0.5007014531784155,0.46914860693176386,0.4910831875873792,0.5142288369534895,0.5766411082398383,0.4449778983872816,0.44514401958855526,0.6095479320872492,0.4661713591782261,0.5410202119195046,0.4176250796013047,0.48159668363528374,0.46932318007599194,0.5071774885796247,0.45723702937970034,0.5850778520831047,0.46383525607787046,0.5064933555680263,0.5269140708079294,0.5571985428524759,0.5104567920867892,0.5257966984915511,0.6013628255522221,0.45168612047261075,0.43990176796885755,0.48286306738305323,0.4513227845705733,0.4798491514283122,0.49066768274012823,0.6009939108329226,0.539204632142771,0.4365952335356926,0.46028023700505977,0.44589074033842985,0.4305089013869414,0.5400124164211939,0.40466096795883016,0.6353574268385104,0.43871800422334517,0.5772797355746012,0.5893198838787183,0.47738131720158444,0.5137152671387595,0.5223193499296024,0.4092936808802004,0.4513166223080081,0.5219213683177463,0.44773377737184994,0.5399593544110011,0.4868851994321144,0.5324286223606814,0.5482280152668808,0.47782102249999325,0.5333005964627118,0.49427563372573574,0.5016649688407775,0.5396207384829426,0.5027209688222739,0.5669029220921203,0.5504785128779983,0.6095282437502665,0.4698087079056346,0.4710570306041149,0.5111629824454591,0.5440662871476604,0.5519524383199063,0.6432735715693554,0.4914781617455066,0.4437674091599741,0.5712983257878966,0.42892179913373024,0.4548282794563313,0.47055686328186985,0.44331986418074293,0.44648910430980426,0.4654665963548765
