0,1,2,3,4,5,6,7,8,9,10,11,12,13,14,15,16,17,18,19,20,21,22,23,24,25,26,27,28,29,30,31,32,33,34,35,36,37,38,39,40,41,42,43,44,45,46,47,48,49,50,51,52,53,54,55,56,57,58,59,60,61,62,63,64,65,66,67,68,69,70,71,72,73,74,75,76,77,78,79,80,81,82,83,84,85,86,87,88,89,90,91,92,93,94,95,96,97,98,99,100,101,102,103,104,105,106,107,108,109,110,111,112,113,114,115,116,117,118,119,120,121,122,123,124,125,126,127,128,129,130,131,132,133,134,135,136,137,138,139,140,141,142,143,144,145,146,147,148,149,150,151,152,153,154,155,156,157,158,159,160,161,162,163
0.0,0.7981884345155141,0.6850964609974567,0.8011857624995179,0.7658647892146305,0.7702849782491261,0.8498485626574724,0.7526661753450705,0.8803173314021567,0.6562026182046414,0.8795896768861255,0.8010743078261178,0.8601346062816405,0.8369897848646044,0.873212732067956,0.7888229162329617,0.8042790629311662,0.9584374939624967,0.8304799115992895,0.9244808996629195,0.8235684217915183,0.8136090101677015,0.789789585543574,0.9117742134754908,0.8351711977752663,0.8154601641785019,0.7441244448415175,0.8010367822784968,0.6998774284794158,0.7957988053383622,0.8814211444565211,0.8126075906449013,0.815053133984564,0.8368155855041286,0.9157618260587903,0.7567665074821647,0.917976598727312,0.8667768700372694,0.8297744744161883,0.8843167222982381,0.7854273236188346,0.839039672771215,0.8560366123268219,0.8962827480343781,0.8638259019774529,0.8757752066414922,0.7349588973704035,0.8636036471192255,0.8915225631100209,0.8442980856083482,0.8743760032505931,0.8181955134501845,0.7990423465224414,0.8085512552489417,0.7974575982517219,0.7987944044465686,0.9253321151169922,0.7758823415924514,0.841046839720766,0.8347975330400781,0.7830408467102282,0.697264004233346,0.8319416350380979,0.723307018256197,0.8680875219098768,0.9011558166709522,0.8938737856058482,0.8369743452115666,0.7661823645761976,0.8301847150148915,0.8993046731360369,0.8645631490832569,0.8614306605121609,0.847945904212472,0.7846473550393419,0.8949795321134782,0.797838382301348,0.759228934263737,0.8487056832997412,0.764233032748144,0.750687642417328,0.8536487609439023,0.8286686512650919,0.7807663699450343,0.885503729846867,0.87813667794773,0.8424814942818037,0.8528213535454752,0.7987920357818318,0.8827342189638694,0.844963854975713,0.8237206665232768,0.8097888361690841,0.9216437036990069,0.9015625071757537,0.7822769070281048,0.7371730307622862,0.761738200520015,0.750417484744469,0.8350150420587324,0.8696757659673836,0.7482285506121596,0.7945840847638864,0.6852740353534092,0.8652846087570919,0.7930035885379657,0.7342699230609568,0.7715307623575809,0.836460151979652,0.8574042080146395,0.8845697487964929,0.8772089248193133,0.8410587243262525,0.7549049456678047,0.903404935634541,0.8380080004932277,0.8538596428132101,0.7894475605572814,0.7376248321070963,0.7199194453915243,0.8551458010804416,0.674810642558805,0.8789522224182187,0.8927192515842733,0.8520711492861132,0.7801275855725109,0.6794156064669417,0.8087249991977464,0.7245842037066362,0.8451267884994991,0.7472406351680905,0.7327499879636251,0.8377375088432872,0.8825064507444612,0.8596420709863699,0.8503036211974587,0.8985608208290816,0.8976423830263894,0.8110014851480704,0.8429931368927447,0.7977884534220244,0.7975152415892333,0.855919641892533,0.7220879589413128,0.8801982696138069,0.9013894220882718,0.8242329411121231,0.7068820335284398,0.7383828359479943,0.6174249294554591,0.9575827700881088,0.7997628456541336,0.8330677231068542,0.6955005505975783,0.801805057450609,0.9293350377417015,0.9003142562660041,0.7898831292126113,0.8840886734818145,0.807996785108834,0.6883433377205049,0.930923449963703,0.8273486984160171,0.9628492704470445
0.7981884345155141,0.0,0.875833184308568,0.8200062643759061,0.7377911183499494,0.8905795326449436,0.8300360834289046,0.8293058652709782,0.7638481993297808,0.8844942575680791,0.9085834917665023,0.9330353860083919,0.8502123091494914,0.8385183674859092,0.8440449174068874,0.846774679395698,0.8505660461212429,0.8013038962787751,0.8860652465143523,0.8504384788691453,0.8778711070799875,0.9350453623672738,0.7440131039346443,0.8763188250057895,0.9128322381761311,0.6921683377289531,0.7543002454105232,0.776578087474835,0.9149649256283513,0.7609158700240855,0.867785892365211,0.8878393568676662,0.8800639287830015,0.7841869360558722,0.8193762324123262,0.8830012542770912,0.8266911126708886,0.8427139830282161,0.8939504259932965,0.8389956334365657,0.8674249829594455,0.8865133149765507,0.7881785733220585,0.8670431038039464,0.8789327339242451,0.7832921395086753,0.7446682162948727,0.8756570900498495,0.8327804261375846,0.8155313271018106,0.8168841021048532,0.7565446286676099,0.8240128168484374,0.9409163583401106,0.9105062758169421,0.818575710520661,0.7996961674922499,0.8494401504268287,0.9025577756383091,0.8216207438948524,0.8531216196509216,0.6872100510400112,0.7810213495554644,0.8077294630721726,0.7465156670149606,0.7678669524122252,0.8069208412581848,0.7621883789754003,0.819237244692759,0.8092302740462816,0.7678426351766251,0.7565773967716142,0.7465640819025445,0.8612220814994849,0.9027198930003401,0.7510816152083603,0.7872157805634189,0.7938663916400686,0.7155831557663507,0.6734284490256436,0.824264664905635,0.7531493258755088,0.8517825098496964,0.8015010904984844,0.7555759251154773,0.8670615405930242,0.7676872830502754,0.7399894828486321,0.7684555429869269,0.8175605283865688,0.7442261491957077,0.8447680892007011,0.8716382999638477,0.7761721001737084,0.8036584422888138,0.9065039163127149,0.8078937217178238,0.8525266001941499,0.6794747095296163,0.7924579263211637,0.8258127952625459,0.7787427037209419,0.7009073623898011,0.8460500888584976,0.7821634105442095,0.7446302744579497,0.818839324778324,0.8464967763899676,0.8552645030785977,0.9215645748109897,0.8926610170626157,0.7288847895414985,0.7760082717140976,0.8083415001623363,0.7475362866429429,0.7623871684000776,0.8338901106860183,0.8621040569433973,0.8749600598312831,0.6828936239470238,0.7354113543459395,0.6402030975685877,0.7656186973850498,0.8309656335226026,0.7186820320515787,0.9244323152598084,0.6935188340756491,0.8503309812019023,0.9124760828297386,0.8049359514191691,0.880590838793965,0.8038100763008869,0.6894167175346363,0.7698494726346721,0.9075327283484481,0.7768803445986036,0.8450131852618648,0.7923386910886913,0.8649522218138674,0.8223906339794196,0.8407794154367574,0.9116607955475402,0.8460044990299354,0.8641451747467537,0.8961562946264194,0.7510130997135877,0.8276866478370515,0.839392854457265,0.9073181927536749,0.7802480574459572,0.7705659457413235,0.907851684172525,0.8627744517676501,0.8646118547579466,0.9035069946252785,0.8341565745038864,0.8104806518100982,0.8169955311746694,0.7812460681834327,0.6945639302658078,0.8459947494019607,0.7800872443062792,0.933837359861095,0.7706726392081659
0.6850964609974567,0.875833184308568,0.0,0.7359333721271422,0.7638463011397844,0.9019528478956358,0.722605623294019,0.8212561427236901,0.6381255227815436,0.8708723483311613,0.8640312182391441,0.8879842901435528,0.8211771391696907,0.6768853997669583,0.7530044896209802,0.8992012206551218,0.8532064340469673,0.699050401876373,0.7821787515585312,0.7281089848216367,0.8972033934238959,0.9072743130817192,0.6531425535747162,0.8109627739024552,0.8294729948612624,0.7382685585933758,0.6613830666539474,0.6812090607205338,0.8770004192051621,0.7431305321126654,0.7364775803604343,0.8373576430280462,0.7999941251584659,0.6880332782823945,0.6619758395558089,0.8168928917153235,0.7784839638113219,0.7900516815160658,0.8234601527756898,0.7637214182581824,0.8307809648166712,0.8492462586669127,0.7952715123273805,0.8098024546082211,0.8007517086986796,0.742547864293892,0.795873925581911,0.8688335541962262,0.7172261209576389,0.7569778285614233,0.7718853222587289,0.7662466482679301,0.686852368798784,0.8804393547808371,0.8414337753740874,0.753309015644963,0.7157116360155849,0.8997923630956131,0.7417314687569423,0.7151211620063068,0.8039585054707884,0.6894611719909153,0.8248190286825988,0.716193917322735,0.6463055502407468,0.7124024810319856,0.6972795976039288,0.7897406946629321,0.827417462394044,0.7855775972656908,0.7437922088442396,0.6204832016829954,0.6456729767953199,0.8423611299698809,0.8764816353566803,0.6163361888386331,0.7836347775037735,0.8277191024124329,0.7006039247296166,0.6688775136549441,0.8894355789606234,0.6645255524562784,0.8481053814516218,0.7969632626363015,0.6899996490588816,0.8120170659805933,0.7283198184222712,0.630669034244172,0.6771625161788226,0.7185040908366209,0.734179147355086,0.6812380602014437,0.8065686553461535,0.6523695676714173,0.6779558697646699,0.8658401102497271,0.7519436834064455,0.7863367208830218,0.5706700368210653,0.6842888834216951,0.677036023451324,0.8024216029034678,0.6373053931612778,0.8207774232333916,0.6842152958623801,0.8016638097428712,0.8534989871633,0.8145599120837718,0.8186555434790609,0.8731118186521116,0.8083220302593436,0.6607164732588655,0.7083221510893695,0.7348441128594788,0.6827747182742161,0.7348938882595294,0.7078783118602563,0.7977995450133253,0.9075620188916981,0.5976152066138242,0.6963982489912289,0.6600975259448397,0.6860080501596604,0.7838575654173101,0.5884089997516175,0.8987825050381048,0.6598708268424426,0.8549169737178068,0.8942780258734199,0.7507339874937684,0.813267457056521,0.9146032601183955,0.6087700921002247,0.6443365154449766,0.8202735211139514,0.700905543208346,0.7933728763949938,0.6944141340251182,0.796217615242073,0.7542359856424516,0.7364908042602598,0.8576549114521493,0.6905686778301104,0.794813998386058,0.8484370014560668,0.6796144051115178,0.8113505825339459,0.894214809373466,0.8790978080740282,0.7929111465986475,0.6506833700272494,0.7611649769524411,0.7686473472431421,0.9249735768087717,0.9010313546303937,0.7518977803583867,0.7133200741409856,0.8612724427596635,0.6218332411233649,0.6359336189099288,0.8754282560959893,0.628952104849634,0.8568937401394877,0.6923118765807609
0.8011857624995179,0.8200062643759061,0.7359333721271422,0.0,0.6973455683211152,0.8223631003596634,0.8366407739961198,0.8318844315720249,0.7310466765018371,0.7178339694192117,0.8455235994309148,0.8482407705785113,0.8106748370643599,0.7437664910385291,0.8126852728750074,0.7706952055246399,0.8194218703504936,0.8104809758563192,0.879679951792898,0.761388039736946,0.8302107771253765,0.7948856528638324,0.7725219495891587,0.820810244596661,0.8126629433738612,0.7420217472093813,0.775879481530539,0.8311404579221386,0.7251560144631568,0.7395564056203131,0.8000885339306659,0.8107971809475498,0.930900123217957,0.8226307513286419,0.7613947657895669,0.7888928817701147,0.7876360173670139,0.7685523630362773,0.8102454955026898,0.852567491178875,0.8265829718790412,0.8053740381244009,0.765084899337583,0.8097677793092564,0.8369761117658698,0.8277381461852837,0.6646467195889492,0.767786164266106,0.8018345622269744,0.7748720279906469,0.8795385102872738,0.8107941097995215,0.8097888765990156,0.8956827478549746,0.8287506461364654,0.719186486021019,0.8293327955514108,0.8406322041217036,0.800781543247783,0.8272463821091675,0.8458464518509239,0.6878234355555962,0.8352762506927477,0.6491546569932416,0.7381266547922584,0.8132868265877233,0.8207686548188594,0.712533798938325,0.7318325459546985,0.8348592769367926,0.7577964460804922,0.6907692957255246,0.786209806432871,0.8899393876112226,0.8575892372436202,0.74314234241718,0.8218850640705893,0.7358114832765977,0.7776159005111929,0.6643737445786974,0.7376638063452656,0.8088934511537917,0.7625475464443777,0.75628591798233,0.8345403938693119,0.8081767314700014,0.7836217812452262,0.7697349979023753,0.8090331968819084,0.7622201274480803,0.8082141578666207,0.8287556533853427,0.7964320508185748,0.8090448620751474,0.8371793296426725,0.7685206584345412,0.7613780867558894,0.7868922870606544,0.6251852481975904,0.8869047185633873,0.7338286503643037,0.7921370732393845,0.8339166720959322,0.7431994155303172,0.8181618919230194,0.7440291096823612,0.8159503546101111,0.7667354216419114,0.816824068907511,0.784534012280906,0.8991833700395155,0.7526179154299838,0.7992382858971531,0.7940564482716335,0.8256647245286023,0.8176419366703747,0.8227900165875959,0.734416102059527,0.8094504487849538,0.7152824499513607,0.691728801540447,0.7664095352463246,0.7215832297047629,0.8360759246752908,0.649813825939258,0.8086719640108778,0.7542536925404201,0.7892212048481168,0.7819234297217279,0.7156047680104195,0.7275108403680357,0.7491292147000564,0.7221723442823617,0.7868555848754916,0.7783694113027135,0.6670055604284165,0.7298961981718715,0.7622807719737918,0.7663308826194966,0.7953548637667662,0.8300566679050613,0.7356702436980435,0.876886027025728,0.7657396163429514,0.7672900386793459,0.7662369353296232,0.7556339043510208,0.7647689801442914,0.7222155036543878,0.6318252046031205,0.8289289864318127,0.814037549468476,0.8265416413331549,0.7072984440471093,0.8581820521221597,0.7945819221526668,0.8020858950467515,0.8092680921423573,0.8153391615981042,0.7775606526751027,0.7210030743136516,0.7491562137520973,0.7954037281209062,0.7922497541028453
0.7658647892146305,0.7377911183499494,0.7638463011397844,0.6973455683211152,0.0,0.7236997111114458,0.8416897989727141,0.6484638993102052,0.7046084404999552,0.643956126914497,0.80645304340976,0.7996706779954895,0.7144126682353029,0.6587807982194807,0.861884823498936,0.7981645871082402,0.7759275674912819,0.7830421287812144,0.7335503473650417,0.707200365839352,0.8468383826273791,0.8289083320300482,0.7046233700092157,0.8606448038018727,0.7094367763254968,0.8161445552588339,0.6351309453000371,0.6158667071616085,0.7228161030441422,0.8544245506368118,0.7561342181095966,0.7359915092908021,0.7922142344078753,0.6605872984502992,0.7204261305527221,0.7590262831111211,0.7713225998080446,0.7844860106084417,0.8317687822566988,0.811671422690951,0.8554351114323109,0.7896145065668236,0.8640050809181253,0.8831808467694796,0.7042780604145907,0.7818350989078989,0.9235144713269319,0.831240147351757,0.7730597018794304,0.8413839326376567,0.8628398208509515,0.8112459835080507,0.746293624630762,0.7842786366035222,0.7699712979744584,0.6900738645808583,0.7949414552411624,0.8327617829944911,0.7003923630191745,0.7476122972942868,0.6282689270431844,0.738023297750472,0.8223963545497345,0.6788639138745629,0.7745036272781195,0.6949158021493707,0.6444082864136454,0.8455708732475697,0.7207833151469072,0.6859032551715253,0.8464996950405093,0.7073782422684896,0.6038337729740183,0.7807528803087175,0.6856776710138717,0.6635507296336746,0.7553810163202962,0.909506498592408,0.7226192723809737,0.7251394999066447,0.7535239786397657,0.7530970193872573,0.8897651951024014,0.6396965071803898,0.7291934880644834,0.7558965087871525,0.6364152672327448,0.7156880905579142,0.6243970407921102,0.7026006067058945,0.9272938155344683,0.7313490640944442,0.8623814381387794,0.7058544632028622,0.7538328731126982,0.7670324504237712,0.6477033012361327,0.6553151173772703,0.6875782392970002,0.6343223222155941,0.700173899010803,0.6898991609180749,0.6941477272999679,0.686749357335883,0.7086442398434584,0.7970932825928666,0.7097429439883418,0.6612379905876434,0.8780893835088249,0.7733120452840003,0.8040025035973434,0.8022635789332238,0.6259811378888889,0.615626100491784,0.7537733620718028,0.7631645428653501,0.6668912258080157,0.7704800354022963,0.7163331330330754,0.5851719598378547,0.9226894668476677,0.6367021567625095,0.6704596377118247,0.8703200296634845,0.6618598394542923,0.7744163272141011,0.6439854694377599,0.8333811121539654,0.68930338915723,0.817186544164357,0.6547280760472062,0.7786569743605434,0.5952282062545984,0.7169894765998299,0.7320632289626342,0.8280115022085751,0.8251333694897908,0.8464947587243659,0.7045114314194285,0.8213728704650335,0.6702445655102549,0.7678140024609724,0.7310951736479009,0.7128602509467283,0.82386418699973,0.7651382558322859,0.8957355135770837,0.7873865892418991,0.6959652722405555,0.6264173199141957,0.7049957099072612,0.7401290211743415,0.7734504967697384,0.824161448744157,0.7775800343923246,0.7235873171386694,0.7021620722318253,0.8019574217438384,0.6794186342525739,0.6998729140690836,0.6759005690362683,0.6865789994776266,0.7810257941246964,0.8400789099360096
0.7702849782491261,0.8905795326449436,0.9019528478956358,0.8223631003596634,0.7236997111114458,0.0,0.7651951815415777,0.8434027057514584,0.6909981385541583,0.8297959158772588,0.9045175006710667,0.8814669055525293,0.9136585683341839,0.7460656236208032,0.7445123578519605,0.9014698976137614,0.8823842991692756,0.7310153458077816,0.8164810590792118,0.7633685656754805,0.8899960709280507,0.8699367911263719,0.6771152460446426,0.8323252898052934,0.8676707071284816,0.7732975130562095,0.6846909995888423,0.7645688930072081,0.8358352731649252,0.7610826303547873,0.7623907775162719,0.8918738836742054,0.8361682554689087,0.7634524291756057,0.7081959545799792,0.7765628876412597,0.8593795638782132,0.7877204876051932,0.8038822153119731,0.8053895746899945,0.7884902198286334,0.9224445821834957,0.7659158736473868,0.8426473062595774,0.8276861105484573,0.7736138571711653,0.7521711193475573,0.8842344027966684,0.7549845356767202,0.733667508176994,0.8143148316239206,0.8229736326574626,0.7184902995128447,0.8928533357194615,0.8392618526202239,0.8733016283586564,0.7667619481725868,0.8954539019661105,0.7486604212512112,0.74696905513316,0.8936952037102299,0.7223451375232007,0.857053144808799,0.6683648153108219,0.6624548535438749,0.7897658560618483,0.8133035162286049,0.8238478082476611,0.7613724132189955,0.8364178884418887,0.7854422640527161,0.6449452289584235,0.7678149861970288,0.8922221834744029,0.9234405684443087,0.714152729478703,0.8386800748524305,0.8224386007199279,0.7213970940228417,0.7793824477696583,0.9444742232534586,0.7058652332783811,0.87107904415469,0.8611626105360208,0.766613222941399,0.8358989739785201,0.8326143550034374,0.6629123346656819,0.7633704548225058,0.8170830057127002,0.753806559681527,0.7325441600885513,0.785744767197186,0.747922959645412,0.7522076545955484,0.8705719368751818,0.7650752077239306,0.8273820310766892,0.6001086512787452,0.7993093919531727,0.7331783106895728,0.8039704844299792,0.6729632244924251,0.7613410701421454,0.7295534593697984,0.8092113208259761,0.8487629068995882,0.8468059584956831,0.801671093884051,0.9211257658388843,0.8770280487104856,0.6757726020675544,0.8697194300326855,0.7980334528499632,0.7477512246622345,0.821618898247386,0.8013797443638614,0.7616346315300367,0.9332718802152709,0.7021152278237951,0.6932700327755745,0.6970485564924791,0.7794835784714259,0.854598318660931,0.6499496397703881,0.8916205383637771,0.7271931705440892,0.852103742341825,0.8725728523510511,0.7170723667404053,0.8659167989859994,0.9121762396197549,0.7211317481059006,0.7273845795884325,0.8205396767881235,0.6968454394730441,0.8091161051982656,0.6994906122759936,0.7533279093882581,0.7409702342687182,0.7877759241737157,0.8821277170856286,0.7601647674233393,0.7582865898849128,0.86394857563048,0.7168722399699053,0.794080724989201,0.8772113338914697,0.8255003544777084,0.7623228353434679,0.7276969734821738,0.7944574365123246,0.7607771524352628,0.8080851529726824,0.9022005808541498,0.8165345727322556,0.8124281578401968,0.9272577909831343,0.7066896012663076,0.7437619171889418,0.8559919966849051,0.7319159833176546,0.8511226180361079,0.7630780703093877
0.8498485626574724,0.8300360834289046,0.722605623294019,0.8366407739961198,0.8416897989727141,0.7651951815415777,0.0,0.7124642249154056,0.7542140745840592,0.7348639020523998,0.8827875609612755,0.8804444248195701,0.7963570961393994,0.7541747096442186,0.8988197182842272,0.8097365161421441,0.8213522610617877,0.8801096239835982,0.8726534226253675,0.7771640586414721,0.8238514567091012,0.8238244139095935,0.8783920613502748,0.8982615675341642,0.8373071495521439,0.7371196402131097,0.8064165550128484,0.7866687942854999,0.7883504120973392,0.9052333029933681,0.8475513385882768,0.8487586034334472,0.8618473332438848,0.8081069271875818,0.8008559091416314,0.7664888896321338,0.8402025387170114,0.7780061281422312,0.8704470508586956,0.9067206797065892,0.8186283274638994,0.8242415524680791,0.8295675495033414,0.8754093538828001,0.7861434370669539,0.8418549768068764,0.7710837327261572,0.8227493935846504,0.9384457370580934,0.8058525563803742,0.909770096106434,0.7561311635861102,0.8207575253799541,0.8424087706335117,0.8671450352791109,0.7265592319031043,0.8620707720925614,0.8317861140155965,0.841984297138212,0.8439670726210396,0.7231882351403007,0.6756429350780121,0.7638343007534866,0.6758006586644638,0.7780545335477177,0.7468094161518685,0.7563657455206111,0.7819946892139295,0.7330194544121638,0.7677738192842852,0.7770624133368635,0.7743760156928454,0.6732833939620458,0.8528858820282585,0.7541063595299081,0.8417948218856098,0.8404812787575416,0.8744179464458819,0.7225257758789301,0.7433865222200895,0.719208370697409,0.7643335937763259,0.8842460307819748,0.6692964191649862,0.7757346113629165,0.7602481983182205,0.7058264192008892,0.8340278432040954,0.7906491020091961,0.7527711687176638,0.8713194875631646,0.8360076203794878,0.9159518861644695,0.8349272270135237,0.8082495518679728,0.8048742619290353,0.6558005541863466,0.7063477214656467,0.6724795430573701,0.7789105764644503,0.8094536723731423,0.747439656619446,0.7583791462884221,0.7335421259303526,0.749700994115325,0.7446852229805624,0.7421010803164336,0.7437580641275099,0.9004182073742161,0.8259033873085313,0.9203565572552307,0.7698406237859181,0.7014658462160104,0.7501278441792721,0.7918941635954236,0.8018090563636391,0.8236705929004084,0.8610057810651291,0.7375492207519354,0.6407077379518186,0.8143453306656564,0.6457509288115588,0.7035184787049963,0.937663997088788,0.6977681839940207,0.8496460683660418,0.6486253477309539,0.8289315924670401,0.7357684414236363,0.7842860900355751,0.7260582309475878,0.7078056728051046,0.7053566231643117,0.7473428356119329,0.767325159662489,0.7676978825479067,0.8478519634567289,0.8579972625287324,0.7712911180107664,0.8886686095673997,0.7776112189869517,0.792775042387191,0.8652467378755252,0.7144777317648233,0.8344476806428297,0.7959335236588694,0.795496328226771,0.8300039066278619,0.7423262979556092,0.614421733215714,0.8121004113461875,0.8972689399661996,0.844741191962588,0.7795686387157615,0.8311394370842785,0.7943131384920096,0.8504986499111193,0.8252857668304272,0.8373227354874764,0.8411706977983099,0.7119097876628105,0.8038368165498635,0.809396621876147,0.8624880425553648
0.7526661753450705,0.8293058652709782,0.8212561427236901,0.8318844315720249,0.6484638993102052,0.8434027057514584,0.7124642249154056,0.0,0.7452418433880013,0.7992887154182167,0.8422005582318123,0.8625853095389381,0.8592615968240497,0.7402389652298873,0.7684076657997431,0.8349857929914782,0.802369673883722,0.771492438383546,0.8291793163428633,0.7958912205419275,0.8093262451253149,0.8186046715500821,0.7082517806599459,0.7596646430909703,0.8535209798590955,0.7269343195344311,0.8022603588901333,0.7874608115236883,0.759760246880849,0.7318771167234658,0.8302458148091761,0.8563644641060374,0.8344584902123086,0.7913612075584411,0.723605917046367,0.8302261362703603,0.8151992632357882,0.8394199962448241,0.8248695176305909,0.7549301300150333,0.7722011381644667,0.7731583608727289,0.8080074958602267,0.7554428254901356,0.9338820546437445,0.8188774741971886,0.664466521713189,0.7941534043919293,0.750324819315891,0.7742123409793994,0.7930285195575235,0.7244299250565455,0.7004661668023691,0.8546164043431578,0.8495306551437477,0.7254735351043285,0.765960351255179,0.8706403493578881,0.773252671836602,0.7987933792606127,0.9152615818334711,0.7265468591590335,0.8234846003482051,0.7121666330002402,0.6751059284856199,0.8064320453680262,0.8157121959754053,0.7330978734744771,0.8683411453179458,0.9426643944588605,0.74855983743879,0.6810337652780784,0.7432360583397186,0.8654203262984107,0.930123546345996,0.6970397831404445,0.8206012274939806,0.7068476718839518,0.8147946131705807,0.6091710774179948,0.739561903806417,0.7396789184012192,0.7609656329226746,0.8654207180604356,0.7651239633634903,0.8630845537161166,0.8834874115609513,0.7635351438650829,0.8368454343389987,0.7919178959585255,0.7277322928317456,0.756934053904829,0.7727137419702986,0.7198873114851557,0.7168206907249816,0.8167308011096142,0.8332378748501905,0.8096473106803213,0.5974951753693264,0.8266296617403571,0.7384994256038796,0.9258965735942531,0.7588740099234229,0.792695076052021,0.8245883587483461,0.7883099816121745,0.8748682535290879,0.8062851812193421,0.7798354133216259,0.7849868430504102,0.8052221152641282,0.7128834607859623,0.7725488316654304,0.9048043317793714,0.7727333246898317,0.7427670221637489,0.7611948122381343,0.7793336560775915,0.7927402097519731,0.6985767690576602,0.650958562058321,0.8302634659608419,0.6934531220380566,0.7605995635090949,0.6124792795662053,0.8522433659180065,0.7132090056408174,0.8685186541953038,0.8403058442687372,0.7581902389322315,0.8410076506536093,0.80861232126119,0.7468831543177977,0.7048737536707637,0.8315555745476506,0.6494414512383592,0.7642390417062029,0.71035343204093,0.8416843497993263,0.8160162060803533,0.8051285945934387,0.7986392364200615,0.7596685980548167,0.8079292870219376,0.8010782116476202,0.7531801979960365,0.7606510034713706,0.788305968086836,0.8263381170185786,0.7202779219386153,0.7846152982213167,0.7532346473714852,0.7978766566791539,0.7738142602848692,0.8718749209398043,0.847068992000422,0.7580420191170324,0.7921263442748878,0.6886439847725827,0.6891209424499753,0.7464994403043231,0.679655463414677,0.8647769843093891,0.6989596193227262
0.8803173314021567,0.7638481993297808,0.6381255227815436,0.7310466765018371,0.7046084404999552,0.6909981385541583,0.7542140745840592,0.7452418433880013,0.0,0.6148932527501556,0.7564228908169465,0.7328467414352314,0.7272188245589087,0.8135218346761571,0.870484616520077,0.667858916276647,0.6583481799685574,0.8449488068749655,0.7412644206017105,0.8388509242993869,0.7197064343819738,0.7899607390051671,0.6678310313664504,0.7794134605937004,0.7366137864844435,0.6856613982415235,0.6915037754814344,0.6604492738991583,0.6459332046652924,0.7036740694249782,0.9030720904203259,0.7051954169123221,0.7944019817059634,0.6939322021060192,0.88827137536952,0.7630636979117522,0.7941599300336825,0.8201166087081231,0.8079626313910735,0.7303912750142146,0.7488996087780091,0.7483405977186937,0.7711955990547881,0.8025075920748869,0.803061781468029,0.750265336437588,0.6679201883782943,0.7575112844707025,0.7551190437488465,0.8179518328000654,0.7726007767464309,0.7009866103118914,0.7801323983399093,0.7578493737942547,0.7348188199731404,0.7483799273496011,0.7947952245139391,0.7017812693418813,0.7773724913456607,0.767939522193721,0.7268006909362653,0.6964514763545505,0.7359093180053637,0.7324145550985682,0.8683770632259935,0.7751676220236786,0.8182721656945952,0.767506043171419,0.722257995240883,0.7847852139770909,0.8617081414418378,0.8317304661252891,0.7726630395279974,0.7287591167682328,0.7125415616116731,0.7604093669586495,0.6856994082548227,0.656780231608758,0.7485678975428748,0.609782280397433,0.6464628498002136,0.9082947210894528,0.755183663954529,0.696469387613202,0.7466073206752201,0.8301289199591604,0.7876627149678948,0.8369519534308673,0.6999872029401765,0.889398007210205,0.7585514883895881,0.8778063635668791,0.7419840248197175,0.779624062328996,0.8580433553709389,0.7624249343349263,0.7912683070592598,0.7059019121917308,0.7954071113204426,0.7304373345210107,0.8305049447054622,0.702525186412658,0.7542323274924045,0.6722906483719342,0.8608871740427921,0.6732421803048374,0.6480512993627532,0.650161994771091,0.7293972307234418,0.7327927802483911,0.7522190934901697,0.8266735260721033,0.737712292623973,0.7036034513901254,0.774580353010754,0.6976446231855088,0.7034871105447535,0.7213029247830299,0.6318520062421314,0.7170478537232449,0.7859607740066482,0.6936960223614604,0.7300087285743504,0.7572016725630498,0.8535201071444798,0.708335846762258,0.6586658624858732,0.7650301112907236,0.6522413556009937,0.8320283835181895,0.729852738762089,0.6621108324262176,0.7433932209352185,0.9022014179483739,0.8291818586020294,0.8324798889406559,0.7714528943494074,0.8414309907915436,0.74260330341698,0.8080890680432717,0.7813469924864445,0.7321261286457003,0.831850682108413,0.7809959085916773,0.7849733199982121,0.8172094218528727,0.846839359161504,0.625813960369114,0.686792757785151,0.576409729594429,0.8909732918355782,0.7399534209742535,0.7784772041816358,0.6647220859432206,0.7117168451686122,0.8831542755095444,0.7478333785254231,0.668606648056716,0.8206854776477644,0.6554543687053501,0.6025965382133202,0.8270656587703434,0.8359478579017541,0.836339114670951
0.6562026182046414,0.8844942575680791,0.8708723483311613,0.7178339694192117,0.643956126914497,0.8297959158772588,0.7348639020523998,0.7992887154182167,0.6148932527501556,0.0,0.8269856519178813,0.8766256091932866,0.7905643665624605,0.7040508237899951,0.7076455387613163,0.8269880157807743,0.7814783488080284,0.6835315355548212,0.7969992564878904,0.7148829981605034,0.7596954413480979,0.8083166475301652,0.7169544926769249,0.7328082104908821,0.901269690270745,0.6158636634933811,0.7543903560451344,0.7388546428336428,0.950258144035944,0.7227144495613254,0.7533533738121628,0.8611910871957593,0.7499035732281621,0.7264018883082978,0.6708822969506231,0.7760183517349539,0.7551012514320987,0.7343790723753488,0.7769470914377961,0.7169462237304772,0.7292511186791776,0.7628544487496974,0.7196883196326845,0.7357283337941313,0.7908153701249271,0.6843766931017867,0.6717699647400428,0.7957705800419269,0.7624584244708515,0.665932408879433,0.6920307979086135,0.6280184240075742,0.6438454479395677,0.8094926336846551,0.8667337804872836,0.7140956362614735,0.6581516343199397,0.804337426871286,0.7928822725508436,0.6920140808080506,0.7885360532310928,0.5964002770014991,0.6729678078336121,0.7187842100979389,0.5836293917191853,0.6422214132413588,0.6836633529823875,0.6824579556773652,0.8189828705216748,0.7803206103425258,0.6208668283274608,0.6408419378090486,0.6133589940497272,0.7627056647318236,0.8277190688770093,0.6812054714347437,0.7380072743257164,0.7532138905850667,0.6344317184568761,0.6239632491534641,0.7646306015980107,0.5862516739602175,0.769172086765745,0.763444949035718,0.6269588077814741,0.7257249439125364,0.7162724207983122,0.6577891771348524,0.7502649021065274,0.6671753725618718,0.6346888924764265,0.6932332721144738,0.7882428115548638,0.6381421874493333,0.6142612966818825,0.8708823740875188,0.6706892832237024,0.7848378775456842,0.5511118277281788,0.6906117878722607,0.7215568342328312,0.7763270047810737,0.6307584422179396,0.88192416633957,0.6431733266181432,0.6768807999283355,0.7697615828193997,0.846188266460588,0.7499648286385084,0.8217696802675909,0.7764523147545982,0.5900115348935936,0.6742169539455718,0.8141511421147332,0.6280975575447366,0.6510793794152732,0.7616654106795736,0.853184513811148,0.834680353104545,0.6045047265810842,0.5979344447580247,0.614847890544432,0.6428625276004899,0.7244552447564765,0.5817020315838277,0.9200292372745169,0.5722329101822896,0.7696267763593847,0.9008163769424045,0.6957198026452105,0.8511989576790729,0.727720101630218,0.630683863147559,0.5867299288252338,0.7738956151356902,0.63285885054231,0.7661242530776721,0.6558991663591913,0.8179078954475267,0.7428710903022483,0.7850001459405916,0.8356529582846502,0.6692402154079957,0.7386397784244869,0.8007587080085885,0.6536791988432304,0.6732787431231734,0.857863842480083,0.929837904361626,0.7737366309306862,0.6413287400693776,0.847816017129805,0.7227395538128063,0.8343298609464782,0.8657513104305217,0.7211164857010597,0.7196926469197076,0.7744068369126291,0.6604532203376204,0.6451841953261425,0.889630472513481,0.6564089110821347,0.8277903966796842,0.6199669476834927
0.8795896768861255,0.9085834917665023,0.8640312182391441,0.8455235994309148,0.80645304340976,0.9045175006710667,0.8827875609612755,0.8422005582318123,0.7564228908169465,0.8269856519178813,0.0,0.937458165473699,0.9395252899834832,0.8077180883026667,0.8781844641453267,0.9399864470232973,0.9120409426115716,0.8850721850402774,0.9039848134535345,0.870717824634324,0.923531921618228,0.9257747873041198,0.7949227422164512,0.9349967747265986,0.9359710179471579,0.809593222573103,0.7813709520319321,0.8248505070815382,0.8725746017406223,0.852395575846799,0.8766911054246138,0.9492321515138262,0.8756810995150439,0.8327975293745521,0.8165003749532586,0.8349988084922588,0.9460816213874131,0.8861013082120159,0.9226614721128175,0.9048485512348141,0.8463603473845738,0.888326439817383,0.9030058366894106,0.9316085714438652,0.9008909989173726,0.8723086398457303,0.7751619988921821,0.9642704951718272,0.9100166279589337,0.843161601572195,0.9147420927484826,0.8098055950316815,0.7890955556905599,0.9308400689190991,0.944081490856542,0.7886917610384205,0.8840201149504429,0.9145859105299566,0.8784556589054017,0.8422960120184214,0.8820589055796327,0.7193434993198743,0.8794986055750618,0.7403529660069249,0.77257535095897,0.8573802437841878,0.8554668562137177,0.8667508192771852,0.8601388122564843,0.8948318549031268,0.8483340033385528,0.7749744124904928,0.7704201314105081,0.9453392870744892,0.9056307800043676,0.825462729376255,0.9100229864952569,0.8754298153087878,0.8004590299600558,0.7812371554393839,0.8649355952036522,0.7650316670909518,0.9144420430718612,0.8419206324251552,0.8249305936575331,0.8662614006021238,0.8556577146410587,0.806965740493447,0.8201212348898325,0.814051854846511,0.8391850013298436,0.7849063942664102,0.9159629005718481,0.8464686048609172,0.8206202154259826,0.895464992184831,0.770748409654781,0.7891683190475589,0.6538712106976825,0.8143774486593625,0.8527221337856336,0.8728683989984672,0.7464249781637649,0.7917238298336703,0.8069295730264273,0.8307737311168001,0.862025405854001,0.8450991929595475,0.9030457101445454,0.9463629120778366,0.9563461357137949,0.7802261683306231,0.8259376902167208,0.8433997317176675,0.8309955318894973,0.8223276043696576,0.8540926972687312,0.9070576115478151,0.8748081047549059,0.664628873508333,0.8050254368660816,0.6997343591927098,0.7959743574612731,0.9397447388356585,0.7214747799422788,0.9508428704400159,0.6772792222275302,0.9086167174222552,0.8645936269140551,0.84552212987917,0.8066873304210486,0.8568387505828802,0.7852939340758658,0.7668018422778874,0.9059878737336003,0.8068563769409041,0.914623401411558,0.8337175705638484,0.8679371921970325,0.8884340596145004,0.8457058468526639,0.9159135667004463,0.8209539348449559,0.7927196359543471,0.9572655977896894,0.8028143329487921,0.8361935816338824,0.8909378158289805,0.8645131428951273,0.7150366619257877,0.8450665021961489,0.8915208067256858,0.8719818123917578,0.8303009460463651,0.9256345286742143,0.9086847040913659,0.9057735513756356,0.8995867524147586,0.8054803115337806,0.8174821119487172,0.8297227535925342,0.8125412679007534,0.8913850543104193,0.8649307992070574
0.8010743078261178,0.9330353860083919,0.8879842901435528,0.8482407705785113,0.7996706779954895,0.8814669055525293,0.8804444248195701,0.8625853095389381,0.7328467414352314,0.8766256091932866,0.937458165473699,0.0,0.8569671161269328,0.7516685249379419,0.8658112360405075,0.9170659944281703,0.9091388302294673,0.834067695390933,0.9450307032999999,0.8296951339868731,0.9224097512438494,0.9094360678793169,0.8263797876052661,0.8909644161000329,0.9331173703327331,0.7429038714642541,0.8041000655396324,0.8147368782418636,0.8929582618611862,0.8713522549635595,0.8758681161518946,0.9418984130025702,0.8879435560716702,0.8418403588854007,0.7812301089617403,0.8891627345913281,0.8454458669029303,0.8568866689438603,0.9283594302747002,0.864292578491885,0.8860037386523952,0.8766140468014435,0.8808235318204014,0.8799426398437362,0.8961796831784852,0.8597979137097351,0.7967035777862537,0.8836371485353445,0.8861748460306734,0.8508992524369565,0.8940330045058814,0.7860326153719918,0.8002925727601131,0.9412205221274694,0.9533461911558064,0.7561246944093833,0.8463786484744751,0.9521332700115018,0.8706888235261178,0.8615612366894349,0.8290362514572696,0.7170989525527427,0.8391709042111625,0.7663075889647578,0.7393734816342528,0.7827674885521188,0.7569952177088971,0.7731813885402883,0.8608109740734438,0.8526670624469024,0.769266254101508,0.7351086479748566,0.6981649903567296,0.9142753185326155,0.9106852751050107,0.7599981562857018,0.8615226300868538,0.8614868168941512,0.77736470383236,0.6863004366636768,0.8050118883952196,0.7485148848828591,0.8816833594584101,0.7821099577178906,0.7995480455239505,0.8534797686329355,0.7720048237860367,0.7902219297266123,0.8211977199554088,0.7594046887194489,0.8282474055090228,0.83041451658616,0.9377148991845444,0.7818992667690078,0.7627657220623388,0.8886295577995427,0.7648691177733963,0.8346075050887344,0.6442410486032546,0.7990467697396124,0.7847625666938957,0.8632203944628716,0.7677078877768314,0.8671179517886108,0.7966119855027841,0.8150104830504472,0.8891163440144005,0.8593275078231027,0.9148576234595348,0.8929908942068991,0.9407645115304925,0.7624214098362417,0.7285618811505815,0.8417134446343731,0.7855306211667773,0.7933782592555787,0.8532481931067938,0.9184855981808142,0.8707781702468567,0.6480486303265991,0.7572362012623205,0.6980022125824221,0.728250690676008,0.8851284269244032,0.6492186401300382,0.9563319101308084,0.6951545792978789,0.9073703390345992,0.9080171983469845,0.7985259583427277,0.8482408236237108,0.8315269606275401,0.6816238603794049,0.7202975534388555,0.8617916451246366,0.7389409429222412,0.8752364613024624,0.8019329017339011,0.873042244114552,0.9078821047950312,0.807447202888489,0.8914578755570761,0.8342106736194316,0.8323713931170432,0.8924057014200936,0.797397271963741,0.8325225122833322,0.9001627105232821,0.904260346067935,0.7626493805770884,0.7850981505191159,0.9069780653305313,0.8945939230058622,0.8899620165256497,0.9636327482802376,0.8167966240750201,0.8081287133596496,0.8700420204851758,0.7389076001154204,0.755236542387045,0.8085005014956984,0.7441449491773169,0.9214565302841218,0.7812305758209893
