0,1,2,3,4,5,6,7,8,9,10,11,12,13,14,15,16,17,18,19,20,21,22,23,24,25,26,27,28,29,30,31,32,33,34,35,36,37,38,39,40,41,42,43,44,45,46,47,48,49,50,51,52,53,54,55,56,57,58,59,60,61,62,63,64,65,66,67,68,69,70,71,72,73,74,75,76,77,78,79,80,81,82,83,84,85,86,87,88,89,90,91,92,93,94,95,96,97,98,99,100,101,102,103,104,105,106,107,108,109,110,111,112,113,114,115,116,117,118,119,120,121,122,123,124,125,126,127,128,129,130,131,132,133,134,135,136,137,138,139,140,141,142,143,144,145,146,147,148,149,150,151,152,153,154,155,156,157,158,159,160,161,162,163
0.0,0.3900097498459105,0.3388095805482635,0.33754691248132984,0.2898310727159067,0.4074718702602922,0.30784851644462535,0.3655497153954532,0.38228219463489355,0.38036447720078914,0.365867465533831,0.30843253833215173,0.5765860521008593,0.3734766063733396,0.4374272175788937,0.4037177867735963,0.4226052816871898,0.5422882610282236,0.3459833783132352,0.5194203625964655,0.3627361498689826,0.34250926995314296,0.28656880855410566,0.3523832231416496,0.44805056692731554,0.3031707220987987,0.2872458079675173,0.37540060958221944,0.3294405380302943,0.31519712349328716,0.406569604793077,0.47916931224554354,0.39339244647259414,0.31605747141524193,0.4966903318376909,0.35273636089798077,0.39862084126945113,0.38971346268167023,0.27887041733987994,0.4322831296558634,0.3664212906257569,0.3432348075023012,0.43381868369989735,0.44279386453710645,0.4102891528247857,0.47448747646401096,0.32295190420313724,0.3704219021985026,0.38072975503023715,0.4585379951121271,0.4262255127480584,0.4246243779274938,0.28246783195338093,0.33288172859198406,0.36917718564262564,0.38826696160987884,0.5179696533314531,0.3303079162866642,0.4206926919817736,0.4816314098148512,0.3729772193539661,0.3631995848394223,0.38750907454403916,0.3008247209988787,0.3810666062920406,0.45121050633774973,0.3789186757953222,0.3919663253568438,0.35913649142032594,0.3785293465252957,0.5001533677226595,0.432559610096096,0.3711514926669213,0.40747607445362527,0.42890053221101004,0.3793670183799234,0.3019127971286586,0.2856734052535583,0.38562374667813665,0.3336722986120337,0.3854514080890951,0.3523315705663628,0.37839983735042926,0.42346149564352464,0.4128444013254651,0.4331925972337113,0.34168227318063726,0.38953430524502136,0.43338926657384774,0.3578077535878467,0.3745997160728176,0.3582574370787467,0.4278738184152093,0.4285282012360656,0.3724494200297776,0.3355784599293722,0.2895396981879858,0.3609404523005727,0.29231069539123816,0.5009238594899099,0.3711641360166656,0.353770453987178,0.3210792968803544,0.32870174821275877,0.4988797697604682,0.45308125470955374,0.43037533696510266,0.35210414241221427,0.44145350276939666,0.3686315471083146,0.3348334886312182,0.37430166667756287,0.4202447432947573,0.2947286174925148,0.44560350916436475,0.4263391209398778,0.4316717189660167,0.36383232910641233,0.34547288940939175,0.29834070553953185,0.3778002401974928,0.2849307510623898,0.373095835830753,0.4723988974277143,0.3509240449189704,0.3973575437607232,0.3122143662342095,0.3321102681254025,0.3785530417194603,0.4345743137255264,0.35661600201134086,0.34491404896414646,0.332346328124787,0.31243743777164984,0.3474788154856674,0.38839702150760397,0.4027715756740962,0.42397111100170715,0.3512065242124506,0.38183652720069555,0.3531395474526023,0.3695464307788381,0.36486960194638735,0.29856983665499764,0.36158084141697944,0.31096719370524506,0.3133067994602534,0.3255791558643251,0.3888035022109883,0.2751298494800263,0.45010246177174207,0.33897977792977607,0.3252474061726912,0.3129667493324704,0.3873171628023591,0.44114797744456474,0.3546700589622079,0.4024381326172563,0.40808650320278594,0.3857440147272306,0.31185965475553484,0.4484355659024753,0.27433421955625575,0.4036841704268072
0.3900097498459105,0.0,0.420091563799644,0.40574396328931334,0.29023561241372436,0.5019015355334522,0.31966763911795754,0.4148674810365471,0.3836627116164659,0.4420383899976196,0.3486810616659912,0.35009476783165144,0.37612082910112127,0.417005843755415,0.44490494057142643,0.35788070581854925,0.4370956661628317,0.3634720753894559,0.3964777380249618,0.4374395215921759,0.4053138529926696,0.49856898432711155,0.26540784850617904,0.38176042192635384,0.38134553126330983,0.2615857305831139,0.26409367937608563,0.3968216345031603,0.42512011813763534,0.294781375799581,0.4134724306879944,0.3916299172051009,0.5027858904255569,0.28723737919295766,0.39673466177047484,0.36039022280957167,0.30996807458128195,0.36692754756113827,0.36569141105040665,0.39996848312548505,0.4514356027306109,0.3986431109122668,0.30909858892014075,0.3886916175048683,0.38691227663091676,0.3371342685378995,0.27354204822662076,0.3080765905188738,0.3290086203115612,0.4017169968006014,0.4222962216426492,0.38814668652552475,0.34076686323354644,0.46150287012300956,0.36472163546788017,0.3968762500100797,0.4411369951449248,0.33484329728719714,0.4295709214102424,0.426878837509859,0.4665604176506049,0.30560322719166266,0.34090535974560093,0.2901173188630957,0.38783391439350545,0.3786602204683959,0.3543692714760717,0.32676888150469124,0.3164040805361578,0.3887677979398893,0.42629948109764765,0.3903461495429467,0.33248769723100097,0.43520480716925963,0.4901613677725274,0.2935321230746907,0.3151043651476354,0.30489106736136135,0.3129511876518833,0.3198640509741382,0.3651459770215997,0.39536595039688915,0.44124872617117544,0.33512282430847506,0.36740956999157187,0.4355620216657306,0.30491166182561685,0.31596097389028655,0.31345654729218847,0.368913798005842,0.314314966171153,0.36860938994651543,0.4074087528576633,0.38221012709126334,0.4160501384487336,0.38030940159872345,0.3457341625176491,0.34764902343325427,0.29114506617593006,0.41426511066774185,0.36583093860695126,0.3215936089670269,0.2654031705207655,0.35040859722054446,0.3770457694183979,0.33683352285886053,0.39049063436855147,0.3784536282231672,0.36138730490719895,0.410600004006718,0.34605025095988806,0.3021614860874705,0.37645437804634224,0.3087523210752997,0.34586208628396303,0.4774306119668047,0.3552724773850108,0.3052016162780384,0.3891276435515389,0.3053882899771171,0.3597637460831518,0.29547086160809083,0.33588622364874404,0.4647554007777853,0.35289782175727513,0.4430675397622651,0.37008532964034035,0.33753082997027883,0.42547166372389295,0.3553474719052079,0.40750836216292485,0.44733801368052295,0.29933664884484157,0.39172198004002406,0.39251721894647806,0.361409300536056,0.30975398053005504,0.36459258044474185,0.3357412811966416,0.3552747887791591,0.3550765309412587,0.40002157977877,0.45786304421090546,0.3416077300744091,0.3511165371386394,0.2607219820902398,0.3934895011626032,0.34261085391898155,0.40549386120786185,0.3013871306383617,0.3647603339823549,0.35833352963420717,0.34263418435718135,0.34968369182858183,0.37779074197647217,0.41388644480397674,0.37243957220091084,0.4062735487106493,0.37762355376968015,0.3268048922962174,0.3175241251348031,0.409156287712034,0.3071946500592077,0.3743705464473364
0.3388095805482635,0.420091563799644,0.0,0.37957651001112197,0.31041061172820017,0.4206121062863318,0.2934752466990533,0.4044171073430471,0.3441003248140544,0.4019054052478483,0.36114692284692385,0.3643547361283408,0.3715149441240974,0.3410472021680506,0.37343618635439074,0.4292539919961967,0.44944683370660327,0.3278800944946553,0.3187956750041947,0.3399452429165967,0.45082144394360824,0.48108739709150466,0.2501824002115131,0.3567642409036466,0.3422081655168083,0.3320739932451902,0.2664864469408019,0.3459665009890214,0.3375013498014137,0.3127391336109114,0.3592971598956326,0.39116578285836173,0.39378571588226835,0.28985655345503364,0.3438566646381859,0.4023432043555474,0.3277487642261603,0.3683983976460215,0.33082179818174723,0.3996549146962996,0.40057096737663217,0.3767755210276929,0.3282895925910535,0.40092868631984274,0.39987146666380446,0.3273848794347339,0.30057521175020935,0.3569898741037209,0.3167519478865356,0.4021611528013067,0.4309548339890779,0.4264860294592203,0.24787400173013824,0.4388672008419974,0.39131213350965827,0.34208247981189466,0.36950916000630674,0.3694782062250291,0.3491017327305668,0.3778105276050403,0.34622352186087574,0.311271088547723,0.39062227725591175,0.30112477530094095,0.3211335593098424,0.3433355144468926,0.325449654640742,0.34329860572680576,0.3337736288955595,0.3554276144826895,0.4285624950007896,0.3229223674503746,0.33999494777744027,0.5240722843697333,0.41884322099602517,0.2401281000333268,0.35190902846696226,0.30913467947248435,0.28833792844093364,0.2673314810196088,0.3261501442124168,0.39180813153086846,0.3633437686904187,0.3143727486212125,0.3615055639816658,0.4339883650118711,0.28526976762440787,0.28835646501167744,0.29276769816104986,0.3128223766815237,0.36410590699211254,0.3230732492246752,0.36479552181774066,0.2879679423154535,0.37726631571528424,0.34299181749656976,0.30367564426000987,0.36258881454125996,0.27926835770455477,0.3865685829272502,0.2857491677548206,0.3482741589938104,0.28357280204533314,0.3528468870629523,0.37631700941492197,0.39093208632382515,0.39347678672020675,0.3110938344620781,0.33432559420333025,0.37996456197032524,0.3509171767257212,0.31543258854514955,0.3653949586737281,0.2781446145497704,0.30727664544381084,0.432959410560586,0.2785476769779722,0.34550698924881873,0.4243992324039488,0.2997169099095205,0.3800538739977362,0.2912356156156363,0.3056568099997047,0.38614124501324437,0.2759803620246731,0.39645397621835576,0.3627259805406424,0.37273742338961974,0.43775407389299903,0.35099158796254826,0.3619502206108753,0.5676804671538541,0.26068118307690136,0.3133323465660623,0.3561802596354699,0.28890175164708365,0.26638862060830454,0.3566702254076918,0.3308456463271724,0.3299943401645226,0.2786871993254298,0.3618864113218795,0.36989341047460617,0.3571968287744599,0.3304205113386769,0.26522685243359717,0.4458202204523987,0.29152470718843937,0.383723122089083,0.29424089651328467,0.3245428837868492,0.2570426503459664,0.3195623020274318,0.4009292799982298,0.37076371676742237,0.34668506451778663,0.3449702594431785,0.4328383854600047,0.28895112821570035,0.3343995034083176,0.29318715619999014,0.2955808048073304,0.2777874828973548,0.3431372214691753
0.33754691248132984,0.40574396328931334,0.37957651001112197,0.0,0.3493891374810856,0.3486956133016594,0.4000194660505944,0.38739044975950354,0.3799774537732851,0.35041220570836973,0.39728237690536555,0.4207993653536688,0.33904240822781706,0.3504742823522655,0.42652943882237165,0.3636809182082692,0.40242385737780745,0.3443611168148289,0.3401870834445034,0.3467096320933183,0.43752144705324153,0.43938226535431846,0.33364145530057004,0.3769715909664817,0.37002330599788646,0.3307283512918659,0.38354558167906144,0.35860293214046135,0.31417130401255655,0.3042715266942381,0.40425125757150143,0.3400751745679381,0.4391717983837117,0.3733906208743789,0.3675286953777022,0.44675430956791734,0.35285032724397647,0.37767746735457747,0.4631957454211185,0.42578257429490424,0.35445352823862714,0.4458185799897107,0.3040066419617143,0.3845609370745285,0.4117193866652411,0.34978348385083724,0.24011906744794934,0.33113843400148857,0.36140325913446375,0.37980955893243923,0.45255037551264987,0.3428599353076026,0.29390250370004867,0.4740448584617854,0.445499130048513,0.3548376464325817,0.40713262810253736,0.42581485335500946,0.36312672477050373,0.4238110607392991,0.38885174201838835,0.30372232448088055,0.32468418046592035,0.3318543535050013,0.36682396969690273,0.34607153150894027,0.4751073297337689,0.2833849449713623,0.3077357295159884,0.36373361686546407,0.35831379428353305,0.3311788419001289,0.4061412009586006,0.5071321390623874,0.3980565580563524,0.25146598426832617,0.44667516512857414,0.38069792735052294,0.294567104976349,0.25316140797325853,0.27154582411051914,0.5040602792739584,0.31928142165934403,0.2820847580185151,0.46852343098245147,0.3728745299812555,0.3716169251914377,0.3371893998965339,0.32312351063107625,0.4053875104857682,0.4104784265421427,0.4262009888679232,0.3579487416511786,0.31281506609793897,0.45944522855706776,0.3340333632182574,0.3019324128127137,0.37542066255728573,0.35168537279962203,0.4030329598993512,0.36412126303919656,0.41172471185387377,0.362940863473028,0.30001408279768327,0.3827226134940937,0.3372996833644609,0.39993396193374015,0.34854786347329514,0.33074043603326203,0.3913922271940335,0.4254583305909041,0.3988910182108271,0.38560059374819705,0.41331422762711195,0.31344401693982316,0.3890128919046555,0.2925895800604379,0.32274608060589616,0.3574273373005933,0.3803188395317841,0.41042373699035634,0.3441994367100001,0.33641356369229153,0.3746242050129498,0.3081814195143745,0.3313163568601156,0.41795520609896153,0.471238044731008,0.37699944765683235,0.33960595049518777,0.3392496169947944,0.4172953791943009,0.3449596379648674,0.4263233242776712,0.41852642862880735,0.2658861790122463,0.23941429243748064,0.3805689945222983,0.38806928908419047,0.38391892913954523,0.285084028656447,0.3966640629316208,0.5106311885706316,0.44827684749222807,0.3674503126582817,0.3235399614797301,0.4429152806526029,0.29028549481727484,0.3129527505058205,0.31318151774265274,0.41855985236061855,0.28856935609542755,0.44671649912059763,0.341755700920952,0.41179190751239186,0.4159248457051856,0.35084175571654086,0.3863908411904622,0.36292675309294803,0.3515789952776859,0.26594097123034,0.30972023014487843,0.35885428531756375,0.4214227186125073
0.2898310727159067,0.29023561241372436,0.31041061172820017,0.3493891374810856,0.0,0.2656615255731235,0.4130113063729054,0.2838914559383306,0.3186815798677937,0.31765666783757845,0.34598136998414314,0.3374000468608673,0.2847966755718409,0.31998641238259157,0.32733948257709516,0.34509000128331213,0.3147647523421295,0.30457528993425137,0.23908568126289298,0.2586211604393887,0.33502809737187356,0.3167863976499294,0.35873448336724456,0.3027834079850005,0.3165904455571948,0.35765059481728456,0.3551903984038598,0.24721518736934314,0.29321040819156696,0.3433252218871169,0.34030531297008565,0.29251859405188957,0.30668077253100434,0.2971647081649334,0.35886140075308537,0.3907698362309234,0.3237298340360318,0.33271960395594047,0.34246064246242325,0.3358789287810215,0.3165007653389773,0.42036335498965166,0.31002397338087595,0.4109552731377156,0.30280594156551527,0.2790203168574392,0.3030908084908214,0.3573468735422856,0.351516773095402,0.32347982241834167,0.33582683139776875,0.27583213709918036,0.23289650569181625,0.3011054708713325,0.3645599527800617,0.33197990040600767,0.2761373404089426,0.39294986383604624,0.3007762723138871,0.30852650439428964,0.23723718381426637,0.29920762953662244,0.2569277064108965,0.36889910364627027,0.27651300030214093,0.2388874459564045,0.3357096059145697,0.2884625977282668,0.2778884679584075,0.3047487865204855,0.3170304434014866,0.32178122144635507,0.29995630885024976,0.3170925382664791,0.26417641789034213,0.22983987863629732,0.3499788255799398,0.5062779055439857,0.25965054833534185,0.26592151558093924,0.2744642360783538,0.31319624230622783,0.3365287498644566,0.24242171705722743,0.3553406992270927,0.29441551195711363,0.3130622575179278,0.30026851520837206,0.26240574904709557,0.34631367496175475,0.4903540649972592,0.40711871181144366,0.3810697500479103,0.22682866754815167,0.36092659328290044,0.3161039949472914,0.2153245337264803,0.32887642073446727,0.38549039035095195,0.27745825444681776,0.3128055304000074,0.32200497149279383,0.3731014072247424,0.2974424079837403,0.3086798896149881,0.3168620962035508,0.2842650989022026,0.32990974398056894,0.34263577828596875,0.3127659677691432,0.3433942898520412,0.4431641070724638,0.2864059539367579,0.3788184160144939,0.2681236795428774,0.29957091699684596,0.2495054667824877,0.3174120338121903,0.29615386226947543,0.3516750000114876,0.47428154996654664,0.3096383388394422,0.2788935145796545,0.3438746386222328,0.30266332027231135,0.29209501708750785,0.3157145811832445,0.4169621951304256,0.3094072133407191,0.3087668154464464,0.3193400394192986,0.30739390999889243,0.2675690179230752,0.3223255985669145,0.2851323123344973,0.2782747378134011,0.2484110102235258,0.38198771906059126,0.32882401670227335,0.3658695514940921,0.242116618171063,0.39909759076952994,0.3358197103362967,0.37828167362244125,0.406490100647692,0.32927981090462866,0.35337316649553197,0.2857102656620865,0.29911534208098917,0.33215139210641803,0.29319872248864254,0.2613680182090397,0.315085525747959,0.4030300946980453,0.36556422191438653,0.3371677530394291,0.2474306022767764,0.3877747303214475,0.30877370687862127,0.3148594124448426,0.24753907007042109,0.2870145328839366,0.3481845206236831,0.3744903585718205
0.4074718702602922,0.5019015355334522,0.4206121062863318,0.3486956133016594,0.2656615255731235,0.0,0.26881544032346033,0.37884860247929014,0.35508187526371626,0.33912876075806,0.3734987485948212,0.3332914816890274,0.45195372387193683,0.3220385252498026,0.4305664573254459,0.3695125983754999,0.39936482432712717,0.3178328369416378,0.34208388783156574,0.42464889135643824,0.3956117693758801,0.44735904990662484,0.21773832919147568,0.34218550833325717,0.33989021525962737,0.26143523745173397,0.2382569659570414,0.3374600582074587,0.33182054597592253,0.29205960504817896,0.36599648596410234,0.41024879736090175,0.46725230864309963,0.2583418623846142,0.32838829408025594,0.31842894807793204,0.3350692817029551,0.3255495310238128,0.33583610757713506,0.32344625274891897,0.379520436339722,0.35918146713083965,0.3337392909671361,0.39295938318760176,0.3294149994466588,0.32660948308327253,0.26855778406074415,0.34086976789268114,0.26808099362109833,0.40307172669362185,0.410539065341858,0.40551586493790354,0.2880627609790098,0.4004177051247748,0.32297374835519627,0.36764172852779503,0.41683001615718235,0.3503488196554254,0.3323029973149806,0.3723078006831544,0.5018019371133466,0.3320295954611879,0.39455908925741356,0.2440696608498199,0.35587269306985586,0.3741124131202869,0.34478567037812463,0.3863399066743029,0.2950716868499726,0.34658380160927266,0.4537108457501926,0.3051441370129469,0.33169658156981446,0.4063110190280863,0.4983530989080994,0.27675336546970786,0.31786371872964897,0.2716700863380144,0.30401511069748555,0.34688934260754195,0.4134987895536457,0.3649190023173275,0.3971299652118212,0.3642212325664178,0.3297123658084751,0.3652263967582751,0.3315969740974834,0.30037612416656934,0.3119619085186715,0.3423844611927151,0.3097120941352323,0.31588506070717876,0.373800895984189,0.3527038789138287,0.3342618951586184,0.36483836561284716,0.3495517820391509,0.30145639081470577,0.25218924684028826,0.36980294738816055,0.32234532629180673,0.3082842703497682,0.2511997794480663,0.29140883832983605,0.38345763970521135,0.3808814417963104,0.4156221659054987,0.31138716954991413,0.3237165437397933,0.40288040046933593,0.3191854470163712,0.2708704128657792,0.4192909518957678,0.2881167828737697,0.32316672818848796,0.41291981875658557,0.3216517542509911,0.27813567340537726,0.38503712980888,0.272667878273844,0.3254110165529183,0.2826962355307806,0.3253449674485857,0.43506954946893167,0.33488934548680743,0.397680215713406,0.33546678982213923,0.3225525598523639,0.3453736745459457,0.3256893807621928,0.3527805408387805,0.5151844527932439,0.3044661707007595,0.3351431090500373,0.39977448973084695,0.35706861041126514,0.32487260429398584,0.2992353897104963,0.28325772707258734,0.321071790083104,0.35230929121514165,0.3606540411480035,0.3485058539750569,0.3119160642521189,0.33159321424468413,0.23834981774476274,0.403747253296671,0.34208434397910353,0.33157721793111866,0.26651390103917033,0.34305065795396217,0.30585050280629666,0.29199835341504515,0.30917668725796477,0.3488247731465831,0.40212035765020954,0.3813224985082189,0.4013763528221333,0.32355300205542337,0.3163977224988374,0.2814620488256,0.3552459785210545,0.2693868748312758,0.35854019469589676
0.30784851644462535,0.31966763911795754,0.2934752466990533,0.4000194660505944,0.4130113063729054,0.26881544032346033,0.0,0.28495266807095254,0.3363144572008666,0.34104302850391,0.36186412484443276,0.3532388584949824,0.3222286503149549,0.3858056401903196,0.36739524093636,0.3433181039589011,0.3298631923502772,0.32388536571017756,0.2804097425111613,0.2656154745094181,0.3220571615312395,0.3409409091488754,0.42033695404034005,0.32292868903691113,0.3475522314832738,0.3346625493054064,0.36619308366661646,0.2950592672885257,0.3474586823315748,0.35630817911598683,0.35183574371298104,0.36785250153883275,0.34225965571793127,0.3489104480317639,0.3498278676949334,0.3631787792255109,0.3549479264085085,0.3317215029557467,0.3702064036377639,0.4107654771740156,0.30452554565900775,0.40079514894286045,0.3147206798260205,0.3801529242827745,0.33141776325462574,0.2951979285725975,0.29331382285410845,0.32528540055634503,0.49257236044524,0.309244520635484,0.3825362718668486,0.26507964603934886,0.2443075946616108,0.3283310070855242,0.4551966252171128,0.3639214956620581,0.3034265478391814,0.3627422046224789,0.37574587579996904,0.32285141564005176,0.2576728033077808,0.309234339354622,0.2510062065168054,0.39498809662248,0.27886484449082327,0.244820061690997,0.39327736519894313,0.31359929659961744,0.3068287969831165,0.3079087520211465,0.32839093941239844,0.32635188282062777,0.33313096083435684,0.37303940382975537,0.2633020516603692,0.2668500165008464,0.48579333185289003,0.4294633795556044,0.2603587739664369,0.27780268991063195,0.27490680364839576,0.33240161139559343,0.3445570189621219,0.2436849477456225,0.3567011133923256,0.29902134085935816,0.3144373052182358,0.3469416346946427,0.29466384749902524,0.3456505343438271,0.44104685766223617,0.44253760161918626,0.3983391427909283,0.26111652819871994,0.39983739048159445,0.34062522425779357,0.2257489226257966,0.339528006787876,0.39601247607174406,0.3301441793160166,0.3632784150624575,0.36904858230838045,0.371802907608705,0.2899133605511785,0.3065189879243413,0.3089909685062638,0.2809046896279967,0.34025899776831237,0.35253474017539627,0.3276403124410641,0.3907628747131634,0.377677392654521,0.3170302620344323,0.3548962831843523,0.27549518404734374,0.31596160490643055,0.27742355834246146,0.39438750983831855,0.32022727976974297,0.34863137821397955,0.41660932140210055,0.29542108080082513,0.28846414631713096,0.3818390181911674,0.32137815478696125,0.32816045780123676,0.3377604972762251,0.4361737970280607,0.3115540972881874,0.31741643987627044,0.3192042825890496,0.2924331496735087,0.30291842768139465,0.3134324306036967,0.27849011294941606,0.2879274617398971,0.256190417602467,0.38583261942678687,0.34530667332502873,0.3607101436511529,0.263471498430178,0.41555637521514877,0.38232202880811095,0.36434467578292556,0.3730632048928112,0.35188579397887004,0.3506128078037922,0.3102085625570116,0.29945415921073804,0.31023419137223435,0.31851929681724334,0.30175455898235387,0.33399643029319664,0.42196426234545376,0.368624379144423,0.34793416569887814,0.3032731548535305,0.37332532168617355,0.37627140576647944,0.42643893319315507,0.26073330205865014,0.30555614233272005,0.36099539328586633,0.3682261115290568
0.3655497153954532,0.4148674810365471,0.4044171073430471,0.38739044975950354,0.2838914559383306,0.37884860247929014,0.28495266807095254,0.0,0.4223399040184203,0.3768245604946575,0.3514116644990705,0.3522851201445759,0.38289532490105577,0.3578065090107684,0.41212255096287476,0.4036176858768114,0.4203768082590745,0.3656858504965771,0.36316462688651024,0.3830386929720721,0.4029795840935453,0.36151200803586764,0.26863269800425327,0.30847559415446507,0.3771188771725699,0.29235635469140714,0.3109794853110044,0.3810593233492194,0.3160033892757949,0.3264996838220726,0.49093611364074374,0.38631863723511894,0.4537973271444045,0.30612989013335173,0.3935155956057495,0.4280958818494896,0.33154790182552196,0.47066721021729147,0.3468189974359645,0.39261433550336106,0.4140587421382241,0.3439053829352867,0.36418771278209144,0.3744710418274843,0.47990444389179293,0.363296694727242,0.26996656092493654,0.3180765630360104,0.32522930322529026,0.3985541788729578,0.3988586240097788,0.3433881364349474,0.2709612887371862,0.3690517727578359,0.3801525719892126,0.34092275884521184,0.3944857235726695,0.44612484483365494,0.3939231673715693,0.39525375277566954,0.43012136007462215,0.31270989812655087,0.3740400783895662,0.31857815683302515,0.32475042454799147,0.34145688243855216,0.34605162422631247,0.301170395449166,0.3735415523900578,0.5406412467033731,0.38896152676105966,0.380324120123013,0.33862242743480175,0.4394233943191543,0.4941441493042178,0.26840414297281595,0.3505204417165173,0.2854997613841904,0.3849579520545053,0.2678299884724774,0.3190195762614947,0.38350315393729123,0.3676638436854622,0.37882348034005286,0.4337581000369206,0.5134392461811623,0.3922859619538334,0.33450665075127667,0.3682668046863923,0.3536310596242717,0.3511053012174773,0.3712304243966136,0.3730317227673821,0.3052038646682233,0.405939198072392,0.33928226792626287,0.34379914090711794,0.38277036395288866,0.28952378105401316,0.4314809382222358,0.3308209583422625,0.4523293894591071,0.32165433218204165,0.400865725095725,0.4712215826058359,0.3932749167578027,0.4020419192492633,0.3694814426219667,0.3462958264592432,0.3228116789647886,0.3078460754262114,0.34296628951828806,0.3826882160194483,0.35415759681456016,0.3608101029321704,0.4291197206230712,0.3421444383253071,0.3250398612877615,0.33004466943288796,0.32169394069088214,0.3756566424669059,0.4099341570396058,0.31041170779432853,0.3888381416491463,0.3140271502166954,0.38678308337307404,0.34082092803502256,0.40749964061009153,0.4301341608774863,0.3589344953201441,0.45377674346444896,0.44637413246354385,0.33711204001482037,0.32711521423564316,0.37373236967336315,0.28865690241445896,0.2871780361073617,0.3805124212089813,0.3691953224379004,0.4143929848312113,0.329787030572562,0.3535724394316618,0.38103953037725424,0.34927318088323034,0.34998325129956914,0.29240105732745447,0.3899023960394627,0.3204512458341428,0.39997657000091635,0.3218881475511446,0.43742517277985904,0.32417191090265135,0.33749708790734667,0.34277498154008296,0.46738213838151726,0.43358336722837826,0.33193959799099537,0.4111347284640012,0.32022327363354697,0.32287628710826577,0.28859201430618026,0.3711145525452012,0.3207673348299177,0.35142689464038107
0.38228219463489355,0.3836627116164659,0.3441003248140544,0.3799774537732851,0.3186815798677937,0.35508187526371626,0.3363144572008666,0.4223399040184203,0.0,0.35845751059945025,0.3205575038786555,0.3217448597628272,0.3320316040977275,0.441207996310855,0.395324591563795,0.38047481762658536,0.3316622925516189,0.3620323219849311,0.30828117385094345,0.3482511052979408,0.3661644153368295,0.4255082661796529,0.2706675895930066,0.30155130070258923,0.38797293754820306,0.31310908324266873,0.312986056109213,0.3236189706270489,0.3416403747752699,0.3537437326486583,0.5309954124921522,0.36736809265005627,0.41753978210166126,0.2942988007603916,0.45958047594461027,0.39117157552936077,0.33587960696255176,0.5073177903568654,0.3402103149851051,0.3653899368957534,0.3493178250182807,0.38489759423696956,0.318215795666243,0.42423423274551836,0.40565496037690785,0.3191744642247366,0.2642898716179791,0.31935495010937154,0.34299457909441927,0.34737646604804623,0.36174177887483905,0.3245009757791945,0.2811338503369395,0.3725209529198849,0.3849130856934142,0.4639964762212319,0.35455425673054863,0.3742433670963651,0.3567074975169632,0.32997239407183626,0.3274126820065399,0.3706580165310139,0.3155895657798003,0.3389443827194905,0.3409582893484117,0.31353142773767134,0.4026549585385271,0.34910385430951557,0.3269039581756749,0.4446771619251524,0.44366132084592796,0.3951846761459127,0.3779972832433156,0.36566702828339187,0.3853218118306388,0.28292738467209966,0.3190122025930508,0.30328067731709396,0.3533146682581485,0.30458432194992424,0.3473707203850661,0.5083795674567387,0.4307943015894775,0.3407721937651644,0.43514651482093575,0.46942611996649725,0.3724321707462934,0.36597366961140165,0.33884304585319236,0.4893532730963609,0.3977251402323581,0.5063982097278704,0.36109366518152997,0.2917161131226828,0.5174321532405732,0.4304684372860853,0.3440500617515025,0.40868573264371216,0.39374602285094773,0.3688162847779258,0.4315508972300944,0.35468407426628396,0.37046363638051044,0.371245400681399,0.4462719500543726,0.35620124193724334,0.30696780133551826,0.3657729021299299,0.31609668527051815,0.2968165459477226,0.29615809090368317,0.4058248863826249,0.42336809663039815,0.42305356139636247,0.35054066244537346,0.3752091185933789,0.3356302020192511,0.3340990718433094,0.30552709637950237,0.41132294243166556,0.43558012163590193,0.4194674293270178,0.33150482072268106,0.4247152738048849,0.5097495384378224,0.36737729319846174,0.39181959352908635,0.36288989394678073,0.3850222967425746,0.36937443002062464,0.49469525228657657,0.41744090902868614,0.3801699118889881,0.454062442349641,0.3439079048131671,0.344335889315941,0.28068252567148144,0.3975087833006502,0.37518396116800895,0.4418982489660504,0.3630054589206127,0.42337886502303657,0.42603590069060404,0.41788895426898615,0.3768938596628189,0.32375485168571455,0.46777364868153576,0.3258595402064527,0.3830856975089502,0.3290788605761507,0.447984891897612,0.3459371484193888,0.31148659670999235,0.3521704610357498,0.4463394727980749,0.4990222380526696,0.31406136107558397,0.43592124341192134,0.4417855047864872,0.38516592331722144,0.2873659381274636,0.43286336296078765,0.43287723000631395,0.389269631252382
0.38036447720078914,0.4420383899976196,0.4019054052478483,0.35041220570836973,0.31765666783757845,0.33912876075806,0.34104302850391,0.3768245604946575,0.35845751059945025,0.0,0.3091876666630489,0.2947914567886082,0.3940200772366819,0.47004359398221984,0.37966565318511475,0.3964546737351519,0.40260816636684127,0.431458735753355,0.30536489818633555,0.3402715932764225,0.3313156881825396,0.3472994907708092,0.3243438755218632,0.29547084758111347,0.4545886698205397,0.30373746890247866,0.3294468909380902,0.34311720572137905,0.5022181895555806,0.34272171683721503,0.45007160577399913,0.4267203643456655,0.3619911670596418,0.2905181435352578,0.41345083219907,0.34952403149643485,0.38276720541173465,0.4107959837702309,0.28343120971121744,0.3945363966320877,0.33091598568057534,0.35432850669945837,0.36707682203986325,0.37437690342156255,0.3913349735762461,0.3335925789729298,0.3151484301317944,0.33036731243265016,0.41269706449572,0.33100486070366936,0.37644732953964033,0.3139009658665337,0.2611405524613541,0.3592228185212805,0.41371088992797367,0.4058549097793406,0.3386871658986406,0.3154827316652445,0.42745750601481897,0.36516073074834515,0.3445177842972798,0.3324336048273856,0.2878428062656562,0.32774705831998835,0.31775114955799266,0.30862369554890634,0.33161698385903976,0.36174309133720156,0.3990009868955361,0.44277128424039774,0.3695513937149041,0.5029427576177662,0.298854443060408,0.3907644232515166,0.36215831697428613,0.3387802078784622,0.3094506909341744,0.37515206412025315,0.3085787186026237,0.3423461709832326,0.33820996798845243,0.3247960197329664,0.44487591965462153,0.35698142124448035,0.36207166833659354,0.3816339835573558,0.33122855152130953,0.4038167567188663,0.39463269241330695,0.31288193175887824,0.3516781085473891,0.37021846718846774,0.42292582268646883,0.2878158580506065,0.388371481792871,0.40287994846547037,0.26078259956027827,0.3666676808689686,0.3448916036955166,0.40453418582111883,0.40406108315812617,0.3531708795162812,0.32307723878560335,0.44157068996226134,0.3699051251416325,0.3539111752502435,0.33943497749515394,0.38669751612413916,0.3783219697246185,0.3281325557399729,0.29830184937274173,0.32199206534416447,0.3568700710780689,0.36577911787095463,0.33208142827467235,0.38712035836937614,0.34764268970366846,0.4266227018264688,0.3287814466190028,0.37159142599228767,0.35497210102355886,0.334990837717879,0.2916014592921087,0.4250113143526145,0.3342729854592254,0.4919693542690889,0.3215412816609114,0.35197190873877326,0.423146797609136,0.4319275175883872,0.5032469684068902,0.35284231660212007,0.33792628133035024,0.28199571707310733,0.296687397729882,0.3158626089551473,0.3293952536588674,0.4377628202722782,0.3699195239299085,0.3889483828344687,0.35773166042097226,0.4544003101156173,0.38440383243565285,0.3056522454259276,0.3822571123952955,0.3174278254922111,0.2975580822133851,0.37798722563330883,0.508680926319009,0.30042024826668884,0.31855397977380534,0.3818728576053206,0.2880997001632443,0.3819430035671192,0.37152611169316074,0.39222529562580427,0.29193034055717093,0.4176414968443887,0.40511160896476783,0.420040528183455,0.3874620562311416,0.4559032827067185,0.34798529458639527,0.3135244872789016
0.365867465533831,0.3486810616659912,0.36114692284692385,0.39728237690536555,0.34598136998414314,0.3734987485948212,0.36186412484443276,0.3514116644990705,0.3205575038786555,0.3091876666630489,0.0,0.4901976083837608,0.3952650155155402,0.29458536538552094,0.35175347191918915,0.4384532590033833,0.3607649601311144,0.29904585092131725,0.3045728005121586,0.34099004188222404,0.3762721008636024,0.3940803954725756,0.3160055947792314,0.41559457376499964,0.412834626197662,0.36760958910215047,0.35818288066639337,0.3332153931480228,0.33735896897232426,0.3221996000954968,0.3655381983643947,0.3680285619471507,0.3361162550368341,0.3672315482213096,0.3609915742788287,0.3869020043034966,0.438807804744981,0.33860770447547006,0.44043288630068667,0.3817601096494544,0.31054290995848194,0.4204784063614218,0.30013505290575443,0.4675013629199604,0.3798330586457029,0.30118323483608084,0.23138028363506832,0.4636427367148633,0.36696065300704384,0.30134310989445895,0.35808543447985575,0.2938638413117741,0.2189521622431971,0.3671592074018161,0.4593916915948794,0.33029747128283277,0.3420981627001862,0.4621382030036906,0.3100249091876014,0.3261168228560265,0.34630968499129133,0.24591241970716834,0.2997604367811003,0.30685794349576423,0.2503312973873458,0.28367880425731273,0.44616255458561427,0.3039254129577481,0.27424775262132317,0.3483945353130798,0.3513206057861457,0.2885154022725494,0.37643504472705197,0.3915506557532731,0.3290585343616325,0.2597510155672457,0.46092515329687617,0.36888269233427134,0.26484822477137676,0.2840720947806042,0.28925463949621893,0.30557137831285885,0.325347265755638,0.30157512385946644,0.35792141574583275,0.3473894797542245,0.39607020168104223,0.2701970758343644,0.2879002413573551,0.42612965427723265,0.3781959136495669,0.3130142155384254,0.3647983810049715,0.3017647871291655,0.33336057191913543,0.372777367294431,0.24097612173949892,0.32809591428187584,0.28803657662080107,0.3225067581570933,0.3698536167590491,0.3755574092216669,0.30833656217776234,0.283385886034005,0.3159975920193013,0.30882109738434316,0.3045942511455265,0.352773934068282,0.2913110977246406,0.4589549143159584,0.47601035927125773,0.360408410710689,0.35008772501617985,0.3414708883843301,0.28659155797159946,0.35964830786236407,0.2786247838567072,0.3482720345542609,0.37532511607832,0.3059176088317539,0.396165839872239,0.2721580907976791,0.3381074875402601,0.38983248691889216,0.3057598493634471,0.3848895149777418,0.26939150477552903,0.45432565792764434,0.362491358621428,0.2802433009355102,0.29462426365694394,0.358714346594391,0.3624284574994793,0.35793321415498136,0.44831780937357635,0.275230124378101,0.2967578239227573,0.3247187279360916,0.3536837017927713,0.34504926989955287,0.2794573122059016,0.37364723511129466,0.3042042401181944,0.3397282678718704,0.4816924492106653,0.2967277135089501,0.36227487297447003,0.26778392428156456,0.31788057961842836,0.3222650204151489,0.45577429337827174,0.2507929395566111,0.37155899747289695,0.32430181229442706,0.3942371385873234,0.42826358150790356,0.3826734609766976,0.42427278599544804,0.3513351552320257,0.32869978881255146,0.23454776458451265,0.31968968756989447,0.2771753798886275,0.5331012527182502
0.30843253833215173,0.35009476783165144,0.3643547361283408,0.4207993653536688,0.3374000468608673,0.3332914816890274,0.3532388584949824,0.3522851201445759,0.3217448597628272,0.2947914567886082,0.4901976083837608,0.0,0.29577146939820415,0.2557564359766523,0.33511964220812923,0.38501687853189076,0.39211849124798237,0.28894627294906194,0.38882510448764596,0.3248266736296695,0.433683271217651,0.371950343252657,0.3260732857250412,0.38239844437964876,0.3710174481863544,0.32719047676003177,0.35430160366892993,0.33186854518384673,0.3060138115467711,0.34736360846972186,0.35095206417201374,0.3388530740378161,0.3400969775339021,0.38266020190538597,0.3148478141827011,0.3876225835359786,0.3189567731531594,0.358707821398063,0.5412653986899628,0.36742151201970213,0.35612762705154866,0.39241079566837545,0.3080118225235828,0.3653905928492757,0.34436836125055775,0.31119393929729944,0.24374420867952476,0.34402931791148367,0.3523280459650453,0.346265293616393,0.38456775009797367,0.3153429663215362,0.23684387850875693,0.36961615939520304,0.42853064396938617,0.28348461856791324,0.39875411533830574,0.48518675412116025,0.28881210169197075,0.3541947436435353,0.2892563715537734,0.246558888468259,0.3116285826198164,0.32323588895919625,0.2727043037680957,0.2907090891627043,0.3233278129739858,0.24268613034144815,0.27295937657925967,0.3115824708057026,0.29612878405038345,0.27206140635887344,0.3268086231042154,0.3908010268413341,0.3572016047698417,0.23043399587036062,0.3963744834963791,0.35737499738414896,0.2808338634347696,0.24736414729219497,0.26100955865930775,0.3412675722215457,0.30663094830448034,0.26261054164521325,0.3892453623036938,0.3573758600073245,0.30303297008944896,0.2692116295782449,0.29715189042486956,0.3656247760264811,0.3696863874833364,0.3222272662302447,0.3591847299677507,0.29423970007161737,0.3229768586310232,0.3256758684873764,0.25150283922586875,0.33314593409878934,0.2921024635222844,0.3144374289460846,0.29833635406931974,0.36575369335962626,0.3320927898980756,0.3279311407295653,0.3139509650928353,0.3145242884913921,0.3539864670067471,0.33250430063217684,0.29289301553741404,0.4029509261483944,0.5158289821256544,0.3991764538718648,0.2847903222643511,0.3810412344413365,0.283207591287059,0.3770761148118458,0.2775524349196476,0.37751427613576916,0.36345137722932286,0.29542293325138846,0.37022098621852306,0.27620566110419575,0.3015043695894032,0.3472963113583543,0.2599828167121745,0.36177298551048503,0.3014219900805651,0.41240557138076733,0.3659437164451975,0.26675967922950794,0.3029474733495523,0.36665927872129056,0.288994893028309,0.38707658628572533,0.38184636208212996,0.23764900000197384,0.2724285675339549,0.32361109002820265,0.3390662207042223,0.3650647566973034,0.23621279553496696,0.33531221610823003,0.34194228848475244,0.36837085925220475,0.3871896745650181,0.313383472336278,0.42463619167399314,0.27571625496032715,0.32525218415755747,0.38286407641511017,0.393049439353804,0.26260810228249143,0.4284732562332475,0.3136963832598916,0.4524017607676261,0.31742617890031,0.33510388029882193,0.36420796415954654,0.27322623449015415,0.3070599043596747,0.2169397644146353,0.27964604147676153,0.296717910266552,0.4401525156630387
