0,1,2,3,4,5,6,7,8,9,10,11,12,13,14,15,16,17,18,19,20,21,22,23,24,25,26,27,28,29,30,31,32,33,34,35,36,37,38,39,40,41,42,43,44,45,46,47,48,49,50,51,52,53,54,55,56,57,58,59,60,61,62,63,64,65,66,67,68,69,70,71,72,73,74,75,76,77,78,79,80,81,82,83,84,85,86,87,88,89,90,91,92,93,94,95,96,97,98,99,100,101,102,103,104,105,106,107,108,109,110,111,112,113,114,115,116,117,118,119,120,121,122,123,124,125,126,127,128,129,130,131,132,133,134,135,136,137,138,139,140,141,142,143,144,145,146,147,148,149,150,151,152,153,154,155,156,157,158,159,160,161,162,163
0.0,0.3082544887674141,0.2806204118049913,0.28118671252570043,0.32495952869771305,0.27408970346535205,0.31043050797049315,0.28661428392564503,0.42302106127928235,0.2664069587596824,0.32797380467949616,0.2699430191329598,0.37196348903379617,0.3146395902554302,0.32561881345624955,0.30370992909006966,0.3254103229759806,0.49276747265949494,0.30642245684385816,0.42254412339292724,0.3317474066079866,0.3523950267026737,0.3558669583951535,0.31005321486648574,0.34660984196534483,0.2932616549768524,0.293492450638453,0.3271045187632994,0.23495658907011951,0.2994755169556466,0.3214688572902732,0.33122166639041234,0.2909113324884044,0.3144497075546593,0.3863064951028928,0.3302863037716515,0.37749853674696476,0.3722323162641835,0.25343897740524923,0.37882451179482274,0.3005244676368121,0.33943519694926877,0.3378604482729143,0.31419455604305013,0.3281857238970987,0.38647324506366676,0.29191339989642473,0.30281532125280713,0.40697066084937383,0.3940505514974714,0.3788656173059677,0.3324931729231744,0.31922681830932326,0.28098684089407705,0.29618532691410093,0.3208690455713882,0.4372802961702296,0.3005145855281718,0.3089522491557558,0.36769884528806945,0.2614711865879333,0.2864099466859488,0.3360325611492674,0.2774460277354405,0.3368848507088119,0.3261728719312764,0.33382173427503997,0.3318410775772696,0.2862164957109393,0.3283089746969344,0.45970585250054397,0.3283724982627107,0.3466230919357726,0.33983044464720874,0.3075269016912354,0.3356741724931587,0.2643640119433139,0.28998882259097347,0.3356063853266853,0.2380950347293329,0.2928272208171873,0.432132994806267,0.3258433134851468,0.29697793310413445,0.3678042151681202,0.41351866744508986,0.31309935321028803,0.3640831950608529,0.34262194262124057,0.3160724331708933,0.4367598800914238,0.3438102605642768,0.38688843046713844,0.3509851162261418,0.3910022795594452,0.27450254216167935,0.23803687782252395,0.2883585433167913,0.3019744918512915,0.3464301084320307,0.29219751133465327,0.24674174688145356,0.2930580347347998,0.24353918489649626,0.4204996690151934,0.343750682270927,0.27385038360672587,0.32270202767737677,0.34902124104987736,0.29153084105385485,0.30023697840178426,0.4302213208851743,0.3553261023258818,0.28951962098711775,0.3821073497723058,0.3538441281117434,0.3288226023159008,0.3101719700444878,0.24330272501559477,0.2996746754569951,0.3420778786747212,0.26258333912455095,0.36684768503534204,0.38544910680346767,0.32540006468792415,0.2601637677365182,0.2792984212895236,0.26055781301605424,0.266738132877886,0.3716346326107519,0.27396508125438224,0.2905291311688421,0.2720414413065165,0.37776599930006893,0.28059294559136877,0.28791541097055023,0.309818218484518,0.36759815812240765,0.3609235152674438,0.36650942845506124,0.25986705115378267,0.3067192448229986,0.3976455038982778,0.3486392259093827,0.3354799929870848,0.36613346034249417,0.34941246875432114,0.266364563917017,0.33461481957562367,0.2032982288107235,0.38982243929401994,0.2918996715465399,0.3420278587133562,0.2520688385698898,0.3094576634864618,0.3588832485628298,0.3482211833602353,0.29238393782574745,0.315384047596692,0.34286812637606184,0.26270829414759034,0.3634210696770787,0.26286154567608716,0.46919342348934095
0.3082544887674141,0.0,0.3044457221858588,0.2795934005748762,0.25115519219293597,0.3715415787686916,0.29856207270332363,0.34309808733048786,0.27170033282738604,0.3639300402578708,0.3262478042145972,0.3833617535670524,0.29973754780978595,0.28405677890128517,0.29203821803193064,0.28861019982815594,0.31005728196682636,0.28221020108699196,0.3748887650306378,0.32505831138393115,0.3435525266949094,0.3563735696944397,0.3449189124212654,0.3299784365599736,0.4008582368933539,0.237865974566635,0.2584727516649068,0.3019323435288547,0.33774664596668585,0.2597137080348735,0.3216598081292042,0.32601050328613557,0.32300194665316867,0.30828357121155986,0.3013541329005188,0.3457119649443325,0.3020593849753673,0.3020608023004054,0.2906677922394878,0.34035137324148484,0.3588522348802716,0.3226331360911946,0.24397844803319518,0.27288822965981496,0.3454878662208866,0.2845042721570531,0.299986672338295,0.28332856225873543,0.3390045879376013,0.2914241078280392,0.3107022589402108,0.30270176549221567,0.3297109271811242,0.3502083365504018,0.3265734689309554,0.339187526158427,0.32355317068577555,0.3000234129754132,0.3132005329972944,0.3429005809601587,0.3060658332161466,0.22667162534238683,0.2800899057129095,0.2551362012136606,0.2513495595087341,0.25403858741835095,0.2681734029993945,0.26252120173408916,0.24264998425755355,0.288799834441558,0.27180329091628885,0.26864916669071004,0.2574600216145039,0.31309103678917233,0.316496454242457,0.28808386973730177,0.24332574981391297,0.3268447444786977,0.2699695087083936,0.22847737984469235,0.2977245578365356,0.29754172460546413,0.35276339315947164,0.28229291194164013,0.2947514997076965,0.41032473320725177,0.2685970929667826,0.24831528760270438,0.2863202814793602,0.3037264695451728,0.2651717736813131,0.31142871020596175,0.3425529242779182,0.31292748626080924,0.3150422254773809,0.34301144597031635,0.25872351275961447,0.3383286821644192,0.2367615660523983,0.2988264414531709,0.2676174218636844,0.23333327224296202,0.22588662533811357,0.2982807485237319,0.28894540465956736,0.27320918093263213,0.26650685649119854,0.377256422407663,0.32263553844776505,0.4209531875771283,0.3133432817965072,0.2792450631448318,0.2927357175673842,0.2452467447277952,0.3137720568643192,0.348752391390968,0.34341117926447995,0.2582327115233411,0.3093131854514315,0.2522482051497958,0.2587741574471556,0.23875929081823646,0.340264838516138,0.34219323250583994,0.27072778140568743,0.3397216941149594,0.258417060128454,0.29138919216690407,0.37806380065324086,0.27073670859820725,0.2971768315751896,0.2763142926741451,0.23396078172048648,0.31800682234961763,0.3003290703727612,0.24564528067740554,0.3067928631793738,0.29481555974700935,0.3334059607257781,0.2898246576331133,0.26555720532813115,0.3094127323574956,0.3851528984932569,0.31911836581649805,0.31937161228099964,0.2739940723895221,0.33422045599253974,0.2830672453793392,0.42217488214839494,0.23736722483025338,0.2741742073927654,0.35298479675644,0.2777012493443469,0.3146630829887488,0.330030539083791,0.2938901921401262,0.33082227486053883,0.30525093380621227,0.2683109619942496,0.25688383333220277,0.27934879875052604,0.33821344886327476,0.2497404546444072,0.2907763058283823
0.2806204118049913,0.3044457221858588,0.0,0.25952846299400084,0.25861742001847204,0.34376807112201446,0.23502234373611136,0.2975934911701082,0.2378778791343135,0.35201857454325663,0.34064616018841665,0.3085913492886301,0.35212881397001555,0.2319209805168636,0.25098401360242645,0.40281319024621887,0.35635452284181507,0.2747717698420084,0.2670550340945048,0.2577392353732552,0.3371576910785224,0.40267852616927646,0.26316943044805047,0.27048580381533815,0.3062350841468352,0.25534392719478705,0.2644173017452108,0.29534776334119817,0.25842095784462116,0.2646322511053767,0.22842748349628716,0.33446547233282636,0.2385046690803591,0.25547312078085194,0.21966368716707255,0.2635193378146475,0.28915161834270253,0.2616915646953268,0.24994713111972386,0.2911893312315322,0.2403964398496888,0.31953870999899114,0.25667173559762346,0.2335717013547606,0.28886378443407157,0.27520414351477773,0.24603367686731928,0.2905980545937266,0.26937361863254805,0.2616613810634,0.29186786024671385,0.2703304339712924,0.22187771651874208,0.2893233774756813,0.28404598978955103,0.24542929990999718,0.26354489826254085,0.3328106946198857,0.2444350387996484,0.2642177553954278,0.285773350167195,0.22362482140709575,0.2905833678667302,0.21058290597123624,0.213573127566884,0.25189100554562355,0.2598714917687362,0.2845548914538983,0.26735010846487367,0.28758208382986883,0.2727328003957422,0.19940847431658631,0.2600708781009078,0.3776271646078021,0.32981915902121445,0.2096092208114577,0.2947832487022823,0.28169601783481435,0.22884544932549647,0.2073731635948008,0.2677915126930016,0.26010073047629584,0.29121804076741026,0.2686321316296607,0.2549674460729679,0.3003461838596192,0.24441963004041767,0.22237978342034295,0.2669727404784818,0.2264171033478565,0.2759909772548909,0.21500891542038958,0.2873671869471544,0.22124072621692634,0.2562393318464703,0.2553079374078962,0.20726488082662592,0.24900805511243237,0.18696296213325428,0.2630514776953167,0.20020215948560757,0.25462430575763095,0.20168148150027082,0.24669511521736504,0.2533892273422969,0.3157324167652854,0.2844820360247593,0.2977509277541157,0.26747669665535495,0.3325636060757578,0.2674675133806892,0.23027923169089357,0.2709960774344151,0.25087067713023653,0.2366453430057364,0.3130983146643895,0.2391526701270442,0.3018342782205678,0.2945670265415748,0.2297833060386208,0.22686333335113912,0.21259918554390664,0.24498700848506114,0.2831306200678126,0.18973242714690128,0.2972516371928534,0.2368450372738591,0.2632332722955419,0.305575540929709,0.23394554689593156,0.25198370520999286,0.3595845198828758,0.20885214575011485,0.21960409694015742,0.2608463963683956,0.1966372030607126,0.23073159184741926,0.21965738768970505,0.2956597629879951,0.251027851503559,0.21167773730259312,0.26949597023043764,0.2697374137688301,0.27948123394643865,0.25552990875845066,0.21387420749955646,0.28783534154050766,0.27620532862458497,0.3410870912785859,0.2138168045418985,0.21860721716958254,0.21745727087858316,0.2613925424208755,0.2878982999524185,0.28714679394751663,0.25571441888462954,0.31950150971192887,0.3044812595728709,0.18843906889450165,0.2592132595932072,0.24676143931110092,0.20451042493077065,0.21783144653012895,0.27001871064705024
0.28118671252570043,0.2795934005748762,0.25952846299400084,0.0,0.22587931928892732,0.30621421361543555,0.2888025717380763,0.28435809703167353,0.23675724971824968,0.2503314810336176,0.28979904347764257,0.28318267187846397,0.2941903789936049,0.256846914040383,0.28119639560413623,0.26087475535621746,0.2952177663226443,0.27940953128935964,0.3116927803753739,0.2671850741361755,0.3356572563900068,0.2572583006776317,0.30188422222681877,0.2515695805400544,0.31238385720760814,0.2927224530443839,0.2719235728652087,0.31075498314187655,0.22465544879135865,0.21404183126247736,0.25509654063523285,0.285098969977207,0.41592062441889455,0.32648941213512345,0.2724952916298761,0.30217454492733586,0.2901386883544098,0.2855728450542315,0.2434931597650321,0.33521944243685303,0.31392429456663745,0.2825235747601702,0.2580498615572822,0.2962094164262448,0.29213309457174697,0.31230154504636776,0.2159532752090721,0.25831484669573174,0.2890607266089262,0.28684866048759006,0.37375792005463293,0.3657365486168118,0.28051328929287767,0.3563042144443464,0.2835829071528567,0.26813588471965133,0.32807230786199015,0.29568121119702984,0.27450161585041255,0.33012343973598396,0.3219235874814488,0.26320265437630647,0.3451216224880681,0.20850523099922535,0.26520665842828023,0.32483575680042664,0.3391390906076777,0.25473631866624297,0.2512051206518005,0.28566551355286157,0.2854049767247465,0.24467001059949195,0.29502438130071323,0.3993001449748186,0.30554788271592204,0.25307600629982635,0.31028813973138186,0.27224328871505366,0.28850849442373244,0.2127452614110757,0.2829446757801109,0.3431695518843641,0.25543537864018395,0.2926946049648832,0.34618671219169905,0.3114384871758092,0.31664238272635176,0.28554316275816566,0.30431184134942,0.25841032228180266,0.2994778842912641,0.29608726552264464,0.26337251605259016,0.28585566510832017,0.31749288761153194,0.26308594806453894,0.24292671651525902,0.31993381650794905,0.22056907151608335,0.31553023968429245,0.2429185451868498,0.2631828985228516,0.3337756254479754,0.26840903597824445,0.31102715981442275,0.28996745016929326,0.3094602126964436,0.27169341672046926,0.28923513769703435,0.2643570742623377,0.34883445427900256,0.29190374996158003,0.37718386511587876,0.2829737234110527,0.31608148270631914,0.2760354535571892,0.3226356988361363,0.21455286199144893,0.3243810696437012,0.27423474279188026,0.2366863490842762,0.3162008922562246,0.3031130096359156,0.30717303726166284,0.22927412820981896,0.2650765947473142,0.28266932862182825,0.23389084436378638,0.3156403710052093,0.28312344169691434,0.22386480011174023,0.3012250657607831,0.2677475105826241,0.29746291689882853,0.2662850541648325,0.21868399150027887,0.20418996605437975,0.2752038754006397,0.2865399417310391,0.28524758476581524,0.3535887574636213,0.2523860378372846,0.3470701371574704,0.3037721420128524,0.27563179187395787,0.26782436483029937,0.27642369880200846,0.25198048555932906,0.25390955831195877,0.18994524340278318,0.3138653751545981,0.28368751989408464,0.26419187613232437,0.22770696804768112,0.33262423324373863,0.2889186636437207,0.30404182883578074,0.2976455760809883,0.33911847879447476,0.28931889283801054,0.27620105400620104,0.27340143777686887,0.2712564585317592,0.27190858248694766
0.32495952869771305,0.25115519219293597,0.25861742001847204,0.22587931928892732,0.0,0.22229505771020333,0.31652081825693107,0.21225142592675567,0.2681436272847782,0.23740141373376755,0.30586537802959735,0.23087783565396439,0.25792843458773435,0.25998330095917066,0.3065252293652896,0.2741459982137973,0.2880764292214527,0.3225998320222744,0.238047017727824,0.2759179929155531,0.2900646470288436,0.30524310954597017,0.317782012253241,0.3002193893682599,0.27158192163341704,0.25017802113051874,0.24323242413789734,0.25053353169484766,0.2232560796868609,0.2753967574708263,0.27455098994142174,0.24250530938316645,0.2325669370342701,0.2444011379837678,0.3631348470683406,0.26626590921169835,0.2855543111138495,0.2739786777217553,0.24472730848936372,0.28905026519223515,0.2661347852583543,0.31152095011498204,0.28422082193965537,0.31253188864905285,0.23417642167348093,0.2415339330700795,0.2784506657046714,0.30716394888590526,0.34363237936112484,0.2811909258721743,0.28131688927078596,0.2542781959032763,0.23565233899879068,0.23593086568716737,0.2482205648476321,0.24074521041351754,0.2562695739275157,0.2834629818438316,0.2571960505791484,0.24600963396609188,0.1969538962148974,0.2048884530985286,0.2569845596271355,0.25378501052830843,0.25822228644783474,0.20655074308973925,0.2278607450746453,0.27008894452985327,0.23860600907224608,0.2667952697541585,0.2805300791417756,0.25946602948342784,0.23546120051071276,0.26585656613535724,0.2287254551705422,0.2322862127271535,0.2335689639162175,0.34628033507528233,0.22125322796769178,0.21136312421406667,0.2597816948819545,0.2799064569592973,0.29201957726351324,0.21932471390621242,0.24406257859847713,0.2624354084447469,0.23748156290852332,0.24178486256620513,0.22749007065047602,0.2145480527101747,0.3552147807425802,0.27461386816791516,0.3221521589629088,0.22068318568989237,0.2717933267629585,0.23076059964414342,0.18374183021477464,0.2407668991436012,0.2456313122614509,0.22374006334919233,0.24144163755939316,0.2016246929320057,0.2248400003026689,0.21469374159188387,0.2513847530966308,0.2489128053185133,0.20808097016618335,0.28402145243611415,0.2910900816617985,0.2643937301930046,0.2689397567867754,0.2809688799443859,0.23629786495795688,0.2402964646413734,0.24002915813417364,0.2638060354584313,0.24967026955770044,0.27568786717968036,0.227209609687533,0.2474604300708147,0.3402511095345594,0.20367980522164367,0.2485471530304662,0.3086094848695571,0.2692014746206761,0.22500230995921466,0.20575202931061634,0.2316187543436316,0.22807179782902837,0.2694517711922327,0.23590933912038523,0.2441195544731744,0.19437855870742093,0.26321229809785335,0.24035174186188563,0.27719780656492593,0.2546154591607067,0.34497016261923213,0.2807600208114651,0.27849772037999293,0.21387656671142663,0.26331717639523095,0.27809225815549116,0.2687892233602134,0.2804913573079299,0.2577789468349422,0.3116022559245326,0.2381171846982186,0.25722173511131324,0.189657058965932,0.2567944263513707,0.2487506865382056,0.2748467539645054,0.24274041728580117,0.2597263516632136,0.25872174409255677,0.25478704745921654,0.27193184764919603,0.2576164849665707,0.23724853294090686,0.2305736057747769,0.2589831671220247,0.22304367931289368,0.3583470219332518
0.27408970346535205,0.3715415787686916,0.34376807112201446,0.30621421361543555,0.22229505771020333,0.0,0.25933233258375943,0.33813624522355235,0.24102295090814643,0.2979331414550855,0.3245381446261261,0.3824881646429032,0.3508189641058795,0.2178827352796967,0.27987199645210115,0.35495684652275494,0.33152829283561563,0.23193891345133746,0.34440340844210043,0.27642663128755796,0.33411170097700515,0.3122196870599995,0.2506272710185721,0.2617567624954831,0.34942083446846994,0.24939844872728553,0.24695836124863674,0.3087765736641879,0.2599940267757318,0.25079554590163633,0.28468919733675707,0.3788606908331633,0.325708049403154,0.29621069252099624,0.24554686503106474,0.2898719738557671,0.29263128206360267,0.26589712489865974,0.26229916483503485,0.270780306383922,0.30909270820926577,0.29046559823941354,0.24856660220949653,0.288790247121118,0.29459291882709304,0.273495390718878,0.24554595839515203,0.27518061258463267,0.25053683334401966,0.26966636373352804,0.3042616000386336,0.34702657117639185,0.24405451578511675,0.34558424319929676,0.2876592525000846,0.2963520528537857,0.28472632973128553,0.40257748415862565,0.2268586746992745,0.2762184834438871,0.334315796618172,0.2447261942126687,0.3274786846122787,0.20181285793787707,0.2118174642301406,0.251501657896974,0.257948942836826,0.2641021363813701,0.22458846228210103,0.2815227324630616,0.2698981711792247,0.2067987349535537,0.2497474404924654,0.33743645978301534,0.3597025809424095,0.23170090148395386,0.2809738205374081,0.28383900341187956,0.24735389155071022,0.2481711516700411,0.32707072807270643,0.26969386731272427,0.298197574669074,0.31079064211525415,0.26996461093371077,0.32809288328590824,0.278328626585166,0.22827702910221967,0.31568270980397517,0.25566167161675635,0.2736665404231659,0.2778183103216429,0.30423275882281997,0.25084445943472605,0.2449850349667607,0.3176149526510875,0.24230740485577493,0.33316358191910767,0.19519814811977984,0.2994957651675261,0.22178923490650468,0.24267412841176694,0.22979267964162736,0.2526348285926241,0.27370329850183384,0.3291300785158187,0.3196145590273388,0.3301115900618693,0.2639304927421434,0.3247210289602125,0.31914416599394596,0.23490673475820043,0.3266210172688954,0.2665555720750805,0.27416465972717907,0.3415829316956161,0.30233251564366675,0.2284104380157969,0.37606363876471094,0.25127853960922925,0.228361639410434,0.267645570633116,0.2734772314419924,0.31622364359869304,0.2178143604905432,0.33356714360064493,0.26814133687270353,0.27050524402816517,0.33213916873630517,0.22883178793646705,0.2768425871580898,0.37690828985239444,0.23631497731784915,0.26689147826149845,0.260183492268108,0.2072010906243642,0.26199149422756146,0.23308504662399462,0.27173893825283446,0.26089683782459144,0.2608670598824644,0.2781916079994075,0.2784212598661501,0.2781620008876286,0.27689432203163533,0.24343871531731243,0.3206422624744556,0.31268980422421383,0.3017566440856187,0.22856141916470382,0.25305723723820867,0.27119419399862743,0.23654472574565066,0.26100648371392265,0.3689551400872044,0.2615829896010335,0.31178244987782555,0.3869976041007387,0.22846238752914255,0.28378978118103515,0.2537719857039668,0.25863320144233226,0.22480560285981332,0.26196869467198824
0.31043050797049315,0.29856207270332363,0.23502234373611136,0.2888025717380763,0.31652081825693107,0.25933233258375943,0.0,0.23012150878858256,0.24431959897418684,0.266265841886822,0.2753045215305243,0.30657847630527935,0.2807169598475952,0.2705832289546543,0.34596224125459524,0.23796504294392237,0.2594612457767481,0.2986741215617282,0.28155295709211886,0.25961612495578196,0.30188484101559987,0.2823778207847336,0.39722431680647924,0.3430512914599762,0.3296341789446417,0.2880162738350478,0.24369677944722737,0.24275354353746822,0.25681887134433234,0.2484444921299806,0.2956969608958615,0.2735876388702795,0.32519595499510595,0.3141681293504592,0.29901098301367124,0.2857723261191431,0.34849555785527037,0.25903423093563516,0.2444751146797502,0.3615754692161529,0.36052544281499666,0.3101382746022401,0.3069528193907236,0.3565715783039038,0.3016634916448217,0.2889538752577879,0.34653725762042614,0.28967352468892194,0.4287159302022967,0.2704488383762153,0.34417375357475516,0.29636284438328503,0.25196938330180096,0.30912538791622685,0.3011953575383926,0.2993194351617318,0.27275841170466547,0.2665063755016178,0.3296663913446788,0.2683875227359629,0.21672154947071015,0.23456024669062825,0.25654820213280655,0.25664695403922533,0.2629820352290734,0.2364820245165891,0.29162640882510876,0.33928497734150415,0.24050985022319832,0.25306802984378585,0.3239008285165144,0.2642576527481321,0.2394815986056052,0.3064761894633781,0.21114705253500762,0.28058704171874116,0.2814737539013453,0.3396659624667926,0.25274511436679237,0.22827605114544003,0.29949363417579844,0.300851732226048,0.31140136657193795,0.22161683429944953,0.2613497162189172,0.29057570655209414,0.2547203856426563,0.28701675038730146,0.26387893747645647,0.2580344707274214,0.32976269663721125,0.42193305710250906,0.30180092867092634,0.260171860454313,0.2868472215466981,0.32735057197630457,0.2060379286155465,0.3573941339143752,0.2538092800154408,0.288819013962546,0.2665832364662613,0.23467786795371673,0.3238488484755193,0.28714168185648226,0.25382629297123416,0.2829012647932719,0.23516517446963564,0.2924047925593102,0.37179236815440825,0.33038009825837067,0.3931154704543753,0.2929526621791144,0.2757534003327206,0.22058561196348786,0.2683333196617884,0.26114963578829037,0.29575403046829096,0.26031807848028554,0.28307939774843566,0.2362928164722087,0.2650481885650989,0.23608090603756385,0.2812758636965109,0.3665919960050333,0.2507640472438755,0.29416928336790416,0.2284211821893186,0.2733422489654193,0.26505475283737734,0.30342827042645315,0.22716880108914647,0.22423361390597757,0.2045318191691219,0.2551820768753874,0.24183451692540608,0.2782552749747671,0.28661173866196205,0.34310984010668805,0.2999284917017964,0.3215874963120242,0.28811412959638977,0.2596622008812612,0.31647278028889536,0.26725551149167676,0.3260396764065781,0.3682687926373701,0.2981671281530623,0.2786873489214542,0.2801335389073828,0.18185436419047415,0.2822603730664397,0.3028863217160724,0.24562542198164167,0.3212035817693706,0.35932951027536425,0.3181041933237806,0.29138511823002916,0.335345649318254,0.3221152530859851,0.27103210478225187,0.2855790355224368,0.2959138276034774,0.2648521796189078,0.3026018953728971
0.28661428392564503,0.34309808733048786,0.2975934911701082,0.28435809703167353,0.21225142592675567,0.33813624522355235,0.23012150878858256,0.0,0.28715578849787876,0.29883180741286736,0.29041395981906254,0.29721728327224933,0.3623151491587123,0.2372313153037926,0.26811179715615563,0.3292751696153616,0.30572001579128244,0.2597687195772684,0.2924981838391153,0.29456583839948874,0.3090378036730602,0.2697099669303863,0.2781419455645998,0.25287539404384807,0.33856461380885994,0.2550444714408817,0.2959155880926473,0.31925543178846505,0.21998051128158078,0.2559558182518037,0.3370140076966763,0.3368388276781197,0.2820341430087364,0.3029238149532277,0.2513515350891453,0.29814955036715163,0.3264942425310459,0.3000945864797399,0.2680789824813865,0.2900365317184468,0.27036700068070063,0.29088792381680345,0.2730046931458181,0.24043448166059095,0.390177050387823,0.2992874837815814,0.24070151064429585,0.25489454652886284,0.28126547426345033,0.261075942573878,0.28612886241157864,0.26033725914028893,0.2500540159318711,0.27025385214862346,0.27323151040294985,0.3025530338351957,0.28046988668348144,0.36462704405155955,0.26568712694830604,0.2862944837550663,0.4522078007092148,0.23997060147494373,0.3037837766587693,0.22275667074843034,0.21642010433166686,0.26179268216320556,0.3022527332452361,0.2635744899475748,0.26292507275229726,0.431123738049758,0.2765644516754205,0.23101663255773705,0.26448144453969924,0.3432177341842717,0.3670036298632505,0.25122533595218954,0.32088871862302903,0.27122156091562866,0.3127123625692373,0.21339453017880922,0.2919137627281085,0.27789405261490724,0.31427631652881727,0.3592001515203934,0.30309187388910175,0.39434322542691436,0.4398267692885614,0.26259138865002524,0.3462867499585457,0.29197610502037064,0.24745621548589936,0.2580452597860398,0.2793226445349744,0.25026710016131937,0.27961945668488863,0.27376020061566647,0.2786269520120623,0.31286994698087217,0.2060728588451071,0.3155963482049481,0.24292273375339052,0.33742319834412543,0.22920562187675464,0.24792149717863254,0.30499732317077993,0.31687114170940306,0.30562059519267093,0.3493627868627892,0.27570827829342387,0.29165047416123613,0.25410181254193553,0.25968966625715895,0.32471934805144326,0.29775000347805436,0.28458772354914824,0.31385815978599085,0.3212341908669907,0.22656499474527989,0.25214591703840733,0.25409046576044464,0.22150690472834497,0.36286692684835103,0.2710265577138063,0.297513624883321,0.2295533042584856,0.27539591826964677,0.2498253341620641,0.3264272597051368,0.2994462050061714,0.2529539873062538,0.309085408129755,0.31558291800057026,0.29899889696962306,0.25732021644287295,0.26866526695286785,0.20609221056239974,0.2650931450181744,0.23965942765317047,0.30996461117306323,0.30313462385468165,0.25970671759560715,0.26294751780459213,0.3096770147948343,0.30284319709932433,0.28875569178435767,0.250285785399754,0.31848659184350453,0.29551080416326825,0.3242064680341088,0.2151651647845448,0.30373769769635367,0.28437930200894496,0.247460366804053,0.2603496485046543,0.33840897031810596,0.3281129102084928,0.3067260491142906,0.32394205723530656,0.22382628776986024,0.2703874859865999,0.2656347061186794,0.26880498016736226,0.2602643420946891,0.25694779814275376
0.42302106127928235,0.27170033282738604,0.2378778791343135,0.23675724971824968,0.2681436272847782,0.24102295090814643,0.24431959897418684,0.28715578849787876,0.0,0.22390848255891674,0.2760139249669598,0.2589027265895605,0.2854840483332823,0.2993840383174542,0.26979141365469883,0.27192508410937716,0.27361233489847125,0.3723481225816891,0.2548426171884456,0.3527192510447731,0.25585387341492566,0.3210324844257144,0.2729854317326991,0.25514170062828484,0.2751415326542942,0.24058046538604427,0.31950069108096535,0.28849709842341376,0.20437927557454513,0.3471251490361445,0.33024010165863554,0.27549308760325875,0.24930120092447502,0.24642154046719178,0.3193248181835331,0.26722051571725747,0.2834226441359581,0.37357442804863983,0.25060659628844645,0.2715002954842432,0.25180491405940075,0.31042094899276057,0.27282550772419184,0.25411637619514865,0.291249773680165,0.2946679367974751,0.24759601338778453,0.24245444222754362,0.2869203106374352,0.311550211417822,0.2750955065743598,0.24823786040260917,0.2840864697033416,0.23211387696038138,0.24017140602960535,0.3040425566016991,0.32484967253346875,0.2812206509290857,0.261339502599104,0.2799237752963451,0.23793947933334458,0.2542989552166225,0.258673383088109,0.2627479418052781,0.2837769853566791,0.2623756654046723,0.30162742061864317,0.2795982801325744,0.2658250414516471,0.30167857098141104,0.34737538212894464,0.29818077530574766,0.3094028733819125,0.26731102508137555,0.3069137781801844,0.2845194382066605,0.22571561613969177,0.2325500378228577,0.30251860655559915,0.22031591206190837,0.24662823140755927,0.35982371536262153,0.32020955364009535,0.27013809456432897,0.3093528740532855,0.37823437392918197,0.2820666132556224,0.3305030776760269,0.3019868315237578,0.362699705267602,0.33890758158243767,0.3017951875193708,0.29173448724282736,0.28286077334092785,0.3282930600022532,0.2621652197766401,0.24742632060191172,0.2547792854096189,0.30031783697826153,0.2665842376908868,0.28958942249746467,0.21309802680402662,0.257259021337091,0.22290173252281073,0.35276468425289675,0.2827023962078949,0.22608218892661408,0.286313041937395,0.26783871445427987,0.24010692531014768,0.22484861416489224,0.35142555117503654,0.2850006654482749,0.3352945080137954,0.29924367297019705,0.3134065400118653,0.27749149343957846,0.2551036459594984,0.19257953603484848,0.2872018867775183,0.304511452590936,0.2565660932965619,0.284433230203348,0.2918711446133009,0.3564402548753912,0.22990716997728067,0.2506796018600756,0.2507520794357838,0.21674649849239114,0.30267045852203883,0.3536363170933629,0.27236790191181454,0.28232557807158976,0.3540722264123268,0.2612302111778273,0.25019129867215534,0.2990808293071097,0.2804024044546079,0.3135856678193218,0.339854706438515,0.24251732530952486,0.262666475157504,0.3175847938490064,0.32221106119315784,0.2865764754986774,0.29495756126725137,0.37650930310558445,0.23894668771807584,0.2775181736237218,0.20885466282554513,0.351181237707987,0.26069504985613834,0.2974876642549099,0.23982383305865076,0.2605443514647617,0.3317867703422669,0.3034905673901066,0.2608264705594047,0.28297240840264576,0.26722093256960144,0.21468441706757824,0.32981211320032955,0.27711542015175433,0.36777638881736463
0.2664069587596824,0.3639300402578708,0.35201857454325663,0.2503314810336176,0.23740141373376755,0.2979331414550855,0.266265841886822,0.29883180741286736,0.22390848255891674,0.0,0.25911500217762323,0.2746111995347257,0.3016119851416526,0.2518859070009521,0.23852789790856538,0.2802560136246666,0.28757163232720423,0.27461043749878916,0.26525961035959145,0.24139165174052568,0.27242706964929103,0.26511799028607314,0.35465796500182895,0.24349643962729003,0.40391788198013445,0.2326040158721875,0.2669022779793921,0.28742749163899944,0.3306381381778562,0.23485937458941578,0.25794108545768096,0.3073399953831364,0.22584211810840601,0.2743000752803787,0.25356240880937936,0.26600342182284054,0.28929906812713324,0.25009193345461495,0.20834575896977056,0.2911455994734394,0.23805138525214586,0.3003825683099604,0.23857207710159348,0.2283410945152169,0.2739942702554866,0.25469455135148,0.2585978432028064,0.25806289845632047,0.3277903533414386,0.22174946808644033,0.25107634854349875,0.23950113219222513,0.2282809068388561,0.25466296982608627,0.2829592712882324,0.31396219690823296,0.23821232072628487,0.2550825878608374,0.2718530735975324,0.2504304512203374,0.2687317294756552,0.2173499886799771,0.23185101780090211,0.22455656031580876,0.21172997337870508,0.22476981073697683,0.24719019385347285,0.25700253654446165,0.25434829307106677,0.29163313638741734,0.23224008579636532,0.24506632740285908,0.22929119941682077,0.28830594204873355,0.26362355467625337,0.261466049668414,0.2399769232476664,0.3082556376534587,0.2278634437585841,0.2274085816084418,0.3014445999836758,0.24225407450262879,0.2995445622360686,0.28086472137031027,0.26442824045032537,0.28869039036347266,0.2628544638036196,0.24126272793352244,0.31241919251410105,0.2310820740333676,0.2426260731532781,0.2535308479892471,0.2736327593772656,0.21974353099188007,0.2705762408660428,0.2928338232124089,0.18836381346709632,0.3055115637018246,0.21675188766505696,0.2837849675287385,0.22894766586037307,0.23692619947622345,0.22698238201329082,0.31485394983325937,0.2381842759925333,0.26574294864624437,0.25300296568514435,0.40525222022317825,0.27884268479273705,0.3085838216739328,0.24838391523899922,0.24033459774669325,0.28661669255044103,0.2637709952809602,0.24440414764272864,0.2802062507939195,0.3028520548441715,0.30095128930120985,0.29894707063113113,0.26437980061709904,0.21095060404721278,0.23878983530474485,0.25384373098202595,0.27868271311842413,0.2189839392426606,0.30495671430032056,0.24130694947459477,0.23180886641090992,0.3470778474692209,0.2513082276684074,0.30330943295023854,0.2472338751253923,0.2243352627911024,0.2186483478921498,0.22887534184911706,0.2065222158078792,0.2530164500508411,0.25638668793222935,0.30758134273486576,0.25409076534759056,0.24086061816328785,0.2776725852278512,0.288237812167667,0.25182498553257604,0.27010750294163494,0.26001274123040274,0.23237100144343462,0.31166151022846594,0.4589048768490733,0.22378461698578808,0.22073357632917065,0.29442678748531714,0.21847206167141206,0.2957344023622199,0.3020652839794472,0.2547845818979905,0.2527597256551006,0.3168617451513511,0.23484281007112975,0.27562040569154517,0.33646252515788905,0.27204026751277804,0.2649853888725051,0.23160643583471346
0.32797380467949616,0.3262478042145972,0.34064616018841665,0.28979904347764257,0.30586537802959735,0.3245381446261261,0.2753045215305243,0.29041395981906254,0.2760139249669598,0.25911500217762323,0.0,0.33948401767997116,0.3261132790021612,0.26270811028580443,0.30009225596922146,0.3904858403426878,0.355830579142163,0.3207065401067959,0.33954782899828334,0.295841168501565,0.3625353444229028,0.41196892067241014,0.2932664327012905,0.29389425031502453,0.34422866427710075,0.293998153338392,0.2821035842587595,0.3256437326831086,0.2859870918964139,0.29586073379627437,0.28821788158834993,0.3248673221878804,0.30455659789102507,0.26623568118647245,0.27944508170915017,0.3494987611280566,0.3463526550290544,0.336419831898556,0.322551361205619,0.30610691010686886,0.3082314549838217,0.31385660206847377,0.3140085063719174,0.3154158588182504,0.30424827650840425,0.2765968769640922,0.2313625506298821,0.3952788592752447,0.3256335728647457,0.29068879938515163,0.36232352226004466,0.28057119166417877,0.2578044868176906,0.373600543909683,0.3730212977598425,0.23315013499916654,0.3264235860982261,0.42374366789595613,0.28261367364302614,0.28778431009771727,0.3010689050918827,0.2243678148753702,0.3543216138665639,0.2462420890504554,0.22802454408913164,0.25427996792310464,0.27589808857077236,0.28576984899759744,0.31993110168429606,0.32708017546874985,0.3188487097043605,0.2304382493271893,0.27244940678818425,0.346683897545844,0.34747125362859255,0.23960300998787923,0.31664842487825046,0.30054489533918727,0.2742412119192144,0.20948514196710802,0.2866381840601497,0.28747696618089175,0.3024619501983268,0.2920862855085036,0.27222101421252015,0.31311656655311343,0.2945520280051128,0.2640997109240844,0.2508339481926277,0.24507020185055348,0.3965402494575013,0.24410068220098916,0.38650446780377157,0.2653757347592522,0.28592916603683305,0.2950797911266807,0.24241320699664692,0.24296595351748115,0.21496172350844384,0.24783006595183063,0.25503835802942243,0.2712430186729883,0.24313163668511026,0.2441830115774316,0.3106982243846539,0.26989505120837587,0.26953001102623647,0.3072292880344712,0.27996222831998685,0.32958112835316994,0.34438620378502804,0.2801167405713795,0.28954687130561146,0.281911078347616,0.2976194416604713,0.29649991614345544,0.2696848830052075,0.2929879493769746,0.291525081474912,0.25217438859445,0.2753592636408522,0.24138131285877198,0.2735142853421222,0.3380359870615346,0.23203455575731982,0.32749154567381894,0.21761057296513356,0.2967284682846587,0.30182299495151965,0.27045955984357706,0.24349927989543035,0.3393808839489634,0.2460904930033733,0.28921313790286063,0.3308161222869554,0.2365892741495019,0.26408567559632934,0.269821718146566,0.3537750143839605,0.3167214983340622,0.2861461635428808,0.3043857843677205,0.2721990309685808,0.3309793939779647,0.35321339798869256,0.2463200033073133,0.31320190490623445,0.2695410534283645,0.30312997746082115,0.23462013040179983,0.3234524583660828,0.2828037976781735,0.35990339580371394,0.26452817068607437,0.3112865459861923,0.3067127047131754,0.3248046957861857,0.29266834372445605,0.24755496845577174,0.26151031436237204,0.2423694980456366,0.27447063780531716,0.22368706145887013,0.370974951656374
0.2699430191329598,0.3833617535670524,0.3085913492886301,0.28318267187846397,0.23087783565396439,0.3824881646429032,0.30657847630527935,0.29721728327224933,0.2589027265895605,0.2746111995347257,0.33948401767997116,0.0,0.2616516145886591,0.202024075450483,0.29489597033627524,0.2801836163764495,0.2679077670812132,0.2335597531668612,0.38048443282644817,0.2704233854752569,0.3361306197055359,0.32525980181738745,0.26328236402287214,0.30187788368825863,0.356274431000152,0.24734063458745328,0.2340471597072318,0.24685601206783855,0.2781460599550582,0.2722332704684125,0.3101066813666611,0.2889790044672515,0.33183631542592035,0.2889132281486584,0.23798622259548013,0.30548463925765584,0.31561209416609554,0.26875712711378147,0.32890932000357864,0.27393502149837723,0.34829197698288766,0.2692209813366949,0.26500979103314626,0.316989527609751,0.29583555929415734,0.2729944707901655,0.2627097691980934,0.31846365418473516,0.27515235870099886,0.26057961086900716,0.33074032521029295,0.31015788851833276,0.23422210305748678,0.39198780334415523,0.3591770103186544,0.2580224878095567,0.2928709118935174,0.3596838490589573,0.23162900812185505,0.26759819955552017,0.2621389187756227,0.2119188986494486,0.2850104753308856,0.2051442415049923,0.21917218237226893,0.23802722788431202,0.24675445876560514,0.26313720522239054,0.2143780463392757,0.254470986942868,0.2752390186024272,0.2065633722552398,0.2207022321352221,0.28637596076827454,0.27065985208152693,0.2318017451945915,0.256918318360754,0.2905707313185725,0.25722774740598925,0.2022980282189061,0.2682770366845138,0.283722561226185,0.3237316887275938,0.2367276229035136,0.2526351779252127,0.32545587613004173,0.25146816305822517,0.23162218321825612,0.2608254767539261,0.28134535784368697,0.2829392308347676,0.28989984230811355,0.29867944432550814,0.26435108067413826,0.23961622794853013,0.4294446165095406,0.2336445712443615,0.30179450980999745,0.19198490297687132,0.24761617838128358,0.2295337014670427,0.23561562255640484,0.254087264579992,0.3343333242873632,0.2512712827194521,0.27296487189377633,0.2631637228958576,0.2719562783871074,0.27083969697931043,0.35955887834209865,0.39097380783775704,0.2540409143184817,0.2585857368530539,0.23272121910889718,0.2664730428489619,0.27742710988375985,0.26222126684076785,0.27384182109880445,0.2988050535984958,0.2116363028422643,0.22534141523854917,0.24183535916017668,0.25195353523875963,0.3230990707043835,0.20647696356546943,0.4206890538114392,0.20773517764601476,0.30259542049945387,0.33363429845772363,0.24231572074687388,0.23217563976490074,0.26757703910309794,0.20847555984855598,0.2708165692761055,0.290867185658873,0.21154621717502625,0.30156062626397573,0.2502592354273658,0.28667912425922215,0.30043808251081244,0.2670006375656411,0.24795803262408725,0.28110921116471355,0.2815332520262163,0.3118069675881975,0.28292400169633947,0.37806983379205467,0.26633427263856485,0.33905697877803204,0.19824852269540255,0.2815019784495034,0.2819728538336855,0.25487184513275984,0.280711834355509,0.3938938713194933,0.27401113968228513,0.30076996585994176,0.33440558931357234,0.23664172806999995,0.2320661592433629,0.21342182145690314,0.25175813190929885,0.21711567236476612,0.28159468025895246
