0,1,2,3,4,5,6,7,8,9,10,11,12,13,14,15,16,17,18,19,20,21,22,23,24,25,26,27,28,29,30,31,32,33,34,35,36,37,38,39,40,41,42,43,44,45,46,47,48,49,50,51,52,53,54,55,56,57,58,59,60,61,62,63,64,65,66,67,68,69,70,71,72,73,74,75,76,77,78,79,80,81,82,83,84,85,86,87,88,89,90,91,92,93,94,95,96,97,98,99,100,101,102,103,104,105,106,107,108,109,110,111,112,113,114,115,116,117,118,119,120,121,122,123,124,125,126,127,128,129,130,131,132,133,134,135,136,137,138,139,140,141,142,143,144,145,146,147,148,149,150,151,152,153,154,155,156,157,158,159,160,161,162,163
0.0,0.5214174573618415,0.4285258891508051,0.544372144177996,0.44742995743308944,0.5475636944708259,0.5351588032567157,0.5317085467031583,0.6057230643312248,0.4341674928980108,0.5239283134742961,0.4609920864083552,0.6437259094185791,0.576920648613151,0.5417562949953454,0.5337589732454086,0.6005146719253556,0.6819893334250325,0.5218314663262862,0.6843538057770191,0.5679385073307058,0.5171761176768491,0.5354675725877616,0.5138442478225537,0.572373718850695,0.5226827555086432,0.48208416602985593,0.6021056110690097,0.38521104055066735,0.49191666818680746,0.5673163831799543,0.5713676286208835,0.5050169017497816,0.5862882792333605,0.6679585188118459,0.49422384332352826,0.6371022688998244,0.5918514101664659,0.4738953344318419,0.5386687759680001,0.49189088715232404,0.6208297673832679,0.5526200293035496,0.546725133271256,0.5691739745871405,0.5958366953805356,0.49311973418221033,0.4697055843300143,0.6058972124870429,0.5679934711406759,0.5842305131608536,0.5936050618614653,0.551141324851732,0.5081566754807818,0.46120411245610665,0.6016354694521125,0.6574271634504183,0.5160193085522942,0.541096957849335,0.5804892195272081,0.5462600519175728,0.5267014933753177,0.5649029640379577,0.4882895399514385,0.582785881586574,0.5993286921497947,0.5986043980665947,0.5948755646761975,0.5237186282325906,0.6095281690613279,0.6443148959300131,0.5761634249670404,0.5870567375580514,0.6186050888380892,0.5913543218292608,0.620389916594633,0.5376413650713487,0.4935844210032984,0.5618843460341463,0.49836211574485156,0.5561815606599627,0.6264913372483721,0.5474333946784674,0.5786801253934124,0.5817825295764744,0.6270412014877175,0.5844231488518085,0.5627092524337632,0.6309424507076816,0.5548769321979475,0.5777942429695522,0.5583295581757728,0.5071514839384409,0.6249527851384883,0.5968546108140079,0.49271296164780154,0.4966862256654688,0.5567587343585717,0.5267873387258893,0.6181173590069553,0.5565793676793509,0.4821631877909814,0.5062194862308397,0.4363282349515497,0.5808743433664723,0.5937289694713229,0.529451497591144,0.609759331759208,0.5342071287509244,0.5187974410302469,0.5614891100454793,0.5584296867746825,0.6527275506377803,0.5662404279066499,0.5994157252778299,0.6197435541781504,0.627266260887178,0.4550855184716419,0.4969757222500336,0.5926407017947267,0.5610415675859799,0.5133588996270799,0.6416404850690791,0.6022383179996367,0.5778888277181667,0.45131981184712555,0.5419775876265177,0.49204064175322937,0.4781203884536075,0.547821625246555,0.5510072943272833,0.5526847352218611,0.5854071652593985,0.6204364281896672,0.5168115004182263,0.5602812138137618,0.5517539040202615,0.553221291093444,0.4934982176954537,0.5472596102741383,0.5072316725626466,0.567073472445652,0.6327027442379917,0.5048351118290964,0.5722312717859509,0.5916376647958919,0.5496917123423476,0.5198605469256944,0.48232951828373255,0.45445137147012427,0.6354679549813692,0.5338650258432991,0.5506512331995604,0.439587029927388,0.5487995229493543,0.6359386523634473,0.5449324152718465,0.5602250810620474,0.5266535844212412,0.5907818207059883,0.5277102123098785,0.6401560231288866,0.5147712321516618,0.684706492579322
0.5214174573618415,0.0,0.5500585463797197,0.5219958822496222,0.4354306174296379,0.5772062318376148,0.5402541325646333,0.5703481490374489,0.4872315953882573,0.6451424216643287,0.5536566533891705,0.5912329838848609,0.5876732048583225,0.5135567451599906,0.6044065001991582,0.5592746335569467,0.5648208973837444,0.5325343935547808,0.5535187288932782,0.5861009481059853,0.5626256955802463,0.6564546215613524,0.5297102991378341,0.569456797615798,0.6750171716927466,0.4498932365713244,0.4959034116386853,0.5334406636259729,0.5282005455197891,0.4608103693242964,0.5955607040061086,0.5586249635143788,0.5648492742701273,0.5344675508857818,0.5601045000715191,0.5468550857058677,0.55744258385847,0.5356117516373986,0.5532158743123696,0.5288523061751659,0.5529297765849102,0.5370686606582794,0.50689914965643,0.535232167270316,0.6123332759914076,0.5226995666728206,0.4806310265629941,0.5007035089965285,0.5754450567045456,0.5054272317481997,0.49677286046438207,0.4870919434762784,0.4888281755486423,0.6007580263290972,0.5385215221470083,0.5327503166216473,0.5051445836908197,0.527028601990227,0.5313363671295814,0.5317435354797292,0.5520642704908008,0.439147823525173,0.47021676603703594,0.5036697359509889,0.4637496406454534,0.4664386830284779,0.5067432370313664,0.5093097697380548,0.5091330663518523,0.5506310722039863,0.4956753937053249,0.49839148206868933,0.4382226152415582,0.5595261973398056,0.5709144750569208,0.48952626025306784,0.49032393802962165,0.5192915569259062,0.4861836149919322,0.4131083426503611,0.5187536716529758,0.4865639673729678,0.5778104815176778,0.5445321178354702,0.4551391910215708,0.6045582972449542,0.4778488648433804,0.46189276592957124,0.5440727112022234,0.5175445510676197,0.4698048615933396,0.5174082275393203,0.5449534201445043,0.4742977373597918,0.4743569600740853,0.6620030793803121,0.47510738726083374,0.5732817227219758,0.4352458374229444,0.5208334435573307,0.5360219698384746,0.4723234579527561,0.436050735288916,0.5874274651622081,0.4711577980239753,0.5230376842116169,0.5153770022274701,0.6878779641224095,0.5490841675122169,0.6045411769112031,0.5440606230481284,0.4531829120288404,0.48153404733940525,0.5018976274478539,0.48367997977862465,0.5176988549490705,0.5353692122913061,0.5415024111567412,0.5415146870381666,0.47507294992625837,0.4744697141676462,0.44716410285358454,0.48588826769932,0.5430368308423992,0.45287673907020326,0.6078459771355273,0.4401479871445191,0.5451067647833073,0.6275246180917584,0.5399840216016599,0.5444963346907276,0.503434531294048,0.4524386007850273,0.47875225362677154,0.5897281009598139,0.5025204242170853,0.5985057489718207,0.5374661098034709,0.6212297088696522,0.5364033018831021,0.544862910012282,0.5550448711264419,0.5308151315079528,0.4928042240670059,0.58048205446651,0.48039082406039724,0.5487916367461012,0.5904060897191863,0.6685736189553843,0.48682776441342934,0.4844193080856476,0.5516756490178991,0.5494891949723281,0.548605355466781,0.632429500560382,0.5586370844740239,0.5056111587585143,0.568932693940747,0.4869098630342531,0.4427806262042106,0.5640839836801287,0.48922148573213037,0.46639760951585385,0.49176005550806
0.4285258891508051,0.5500585463797197,0.0,0.43287117471020853,0.4810336825821169,0.5452936387669293,0.4519008621667377,0.48007535630739684,0.39882862221505433,0.5572029404469968,0.5501977879026374,0.5479654925103206,0.5047996721192397,0.4218234827632197,0.49338196915578997,0.5995718372348422,0.5213777490538184,0.43700346942589785,0.46164958614153373,0.45506001612540553,0.5335179691512162,0.6708395457477195,0.42147666492421526,0.49134490437725775,0.5080004924348203,0.43042095448962014,0.4109793118623587,0.4237781322685477,0.5405801222959025,0.43887629536903383,0.4583373827668299,0.5064018550205882,0.47062220615876377,0.4199208183748349,0.4324890534786638,0.4949995417785972,0.4818157326345684,0.46313332346756564,0.513414231506547,0.44526165371419213,0.483126487309973,0.46849376075266913,0.49147192914019733,0.49702784821240276,0.480925199435849,0.43567106937249006,0.4722042500120148,0.5368436285002587,0.46061281339570287,0.46329320060351625,0.4536722998478804,0.4477881490369524,0.4094880447562582,0.5462004118228487,0.5180126306482044,0.4274077422518374,0.43119370454675576,0.5443959607366461,0.435032305056056,0.4401357472374917,0.46905008252297714,0.4074188132315605,0.4618774542980992,0.44364544756050345,0.39844377311088286,0.4018036232079225,0.4104094412637658,0.48261378318528725,0.483410840659848,0.4705967317667429,0.44677311960373123,0.4050060736023835,0.3818644809383088,0.4984138074222723,0.4959052172848679,0.38599625542469324,0.470567471429046,0.5215457616059769,0.4126002295308061,0.3804976791961561,0.4696494383072242,0.4106778414944852,0.5134458001002746,0.4625075986806053,0.3953766540773135,0.4731755085257262,0.4194322591981514,0.3989131189726572,0.420731443194289,0.40825412827092245,0.4451700911054302,0.4123477336332773,0.518636512666594,0.39050473666478774,0.4031368518427454,0.5597260928901115,0.4208999619990642,0.44766154152958965,0.37771570027849627,0.41184304307213115,0.42417780128726773,0.4567404886234843,0.3805004161111723,0.4960304650004296,0.4076654404683214,0.47700402114421203,0.47270023105168346,0.5010943072194546,0.4677601376494801,0.5199117630226328,0.4780341936243724,0.40009118611275696,0.4116791439536899,0.4206537953525012,0.411400711838536,0.44122820347648467,0.41681832920573053,0.528526838284395,0.5409172669880161,0.3951934657931653,0.44428596189739245,0.40013253098197865,0.40684046985393235,0.46654241180547473,0.374794172782737,0.567667063144821,0.39402131355237335,0.5312425871372447,0.5542540006920427,0.4606467558136763,0.4425285449305792,0.5139645250413296,0.37852795372201453,0.3976038737448723,0.5027322035671755,0.4438784888117588,0.4952436221719207,0.4455994905872329,0.4943893014394705,0.45168970599642155,0.4367931480499457,0.5104481023570403,0.42130286859723387,0.4441322710013904,0.5020165161544505,0.41442821478034675,0.5091115175083962,0.5096012151537772,0.5590904906526114,0.46317234134273433,0.3960192761023842,0.4402206749256469,0.48405203441073086,0.5346056673368155,0.5146161867924939,0.44606910140276984,0.42038414461020446,0.510603329207743,0.3857232801985034,0.39417396817310363,0.4591049597382713,0.39083971538273204,0.3904983436745524,0.4273870363376408
0.544372144177996,0.5219958822496222,0.43287117471020853,0.0,0.435835491132612,0.47458004955762084,0.5744836846277892,0.5355621170959387,0.47305565660344967,0.4465395949828096,0.518450648475444,0.4666060792357187,0.5490689702271293,0.5814371218027042,0.6183781476518653,0.4950771021735674,0.5587882799207263,0.6029982225312467,0.5154165043338028,0.5335587423212184,0.5476110656291446,0.5083627652101889,0.5682229637210697,0.5114265461800054,0.524926133770139,0.5463557456426855,0.5330116396929616,0.5701342630212134,0.41667332165336507,0.4215345604100178,0.5444768489338829,0.508089696484207,0.6964950358442618,0.5696042636229206,0.6052629433747282,0.5839439236671615,0.5353981127032702,0.5868810341068446,0.5190451784944988,0.6097062518965751,0.6122985476014825,0.47948035879124995,0.5402428058602272,0.549049311393846,0.5969868999834379,0.5867762800493872,0.44544748592425726,0.4538609583519086,0.5953837172565353,0.570549475080996,0.6016108344725454,0.5521234207870307,0.5496986918814806,0.6049470022379816,0.5308300629927544,0.46749862631816896,0.5769313364984164,0.5043458749658486,0.5696726888544971,0.6214758296866785,0.5539554817562531,0.5054834017605604,0.5370022080089137,0.5077269128278239,0.530845434224597,0.5342302125644207,0.5860702916489045,0.495713002419622,0.5274472193415268,0.5665820436868964,0.5428577791227258,0.5835794544006976,0.5082536478181962,0.6335064307213236,0.5484923700374117,0.5127553686464407,0.5507392025737786,0.5030631289628349,0.5872792977838415,0.4244505941423769,0.4956391258796021,0.5709548778124584,0.4786153871957209,0.5659746119039799,0.5454427680840176,0.5765504715851607,0.4984405748941355,0.5565711882605399,0.5777742634375027,0.47821212845768274,0.5627715618855381,0.5512781845698498,0.5510915691195412,0.5322627595522836,0.5872186827439408,0.4918270709765388,0.4974495970613358,0.5282622012113969,0.497548953683019,0.6307692962162017,0.5783132549839768,0.49859960259509467,0.557650472711497,0.4797733299342528,0.5678133850933429,0.5396317925107779,0.5543630371581,0.5405564394101694,0.5935437662075432,0.4613690391401036,0.565398308467433,0.5572980078017767,0.5318492785215687,0.5485553611171702,0.6299261498111264,0.540926099092878,0.5384639414268333,0.4515590149214223,0.5179476765533267,0.5583333497668186,0.5294378550242493,0.5708647599640255,0.4944388763720696,0.5568152749313561,0.4799445728944818,0.4917705815854803,0.52189864386877,0.500965519353447,0.5299871309087953,0.6076352617844126,0.45200440467789965,0.4887555817461077,0.5199918062660659,0.557037707292047,0.5095114158116781,0.5066220991193523,0.46296123802025785,0.6610655084495914,0.5773178550747361,0.5602309064896437,0.6078231170334454,0.5104780434521322,0.6058538981549121,0.5325068124069856,0.5613375973458928,0.5263168823569832,0.49580052176707956,0.5399054791637463,0.4675489800188502,0.4442499305429115,0.5765523128151985,0.5494052858634475,0.5611831542040591,0.45160874241782223,0.5696817103410158,0.5539090506612587,0.48187109661147426,0.5178575692742711,0.6258323803229492,0.5372547570573507,0.5631252227229846,0.5200599121996522,0.5066456687130914,0.54694857559099
0.44742995743308944,0.4354306174296379,0.4810336825821169,0.435835491132612,0.0,0.4642097185724517,0.49376538030845973,0.4094469627971876,0.40251364633211806,0.3953637361104856,0.48180300905461126,0.46043068512497004,0.4588240250419948,0.40779076123821545,0.47538560268680324,0.5481124398592272,0.5434173892449263,0.45330071502335784,0.43078518455688297,0.42000921718702966,0.5463145390456022,0.4966642728071544,0.4490705925012366,0.49241139969430203,0.4299007782943755,0.5022448241390133,0.3991189289261236,0.41265706429200016,0.3912718183825267,0.5105654745683845,0.4164131949641084,0.4617917155857148,0.44745390084970305,0.42200794410292103,0.4179273128920939,0.44464352667010226,0.458959609103198,0.455908397902532,0.4576660017367657,0.47307644412343114,0.4809896967973079,0.48726231672715636,0.5018754533885219,0.5017055919332031,0.4226649604931797,0.4635264874561465,0.5631102989958701,0.45524016363816355,0.4669414562861812,0.4865754027838512,0.5109648988288391,0.5286726697703457,0.4292785561251099,0.46674918442191066,0.4337149908883989,0.42867178941099593,0.4741480137134074,0.5446724414548774,0.40836751465430315,0.4578999435965204,0.39464756432791975,0.44740639438908786,0.4956998734323918,0.4069295172853616,0.4251064190995265,0.41215358093590265,0.39926122211253195,0.50106668165477,0.4351239014652023,0.4274116233541294,0.4822427486305609,0.40965415730661303,0.3893168415764155,0.5034110223154077,0.44717875013228897,0.3938451308197993,0.4911138142348301,0.6403137348186752,0.4285348184564984,0.44182177657121213,0.4641643016355838,0.43791859234777886,0.5274968654736354,0.41615046633079705,0.433964295666068,0.45387998532865714,0.3894408107830646,0.4116143650811799,0.41489163680170155,0.402951681481311,0.5619421088272993,0.4166687521467853,0.5138234920697161,0.4139939262175912,0.43249995778695816,0.4352123274483387,0.3828845993702419,0.41719147773900045,0.40701576197226985,0.41582445261452006,0.3995644021315643,0.4142648402536521,0.4018092595375894,0.39532678572759955,0.4159658340492338,0.5315042384693647,0.4600808223993458,0.4517170486418826,0.4916017842066068,0.4496559818291982,0.4852785979736733,0.44432869705615824,0.4052145141914924,0.41656968092995533,0.44273922099785473,0.5069648499198941,0.4184052148940469,0.43200260234131993,0.4647674100287071,0.4126429811248303,0.5611193184921752,0.4126824962684306,0.41702545769159044,0.5211264746820627,0.38021385763489457,0.4348121091563871,0.43323790593407585,0.4961954614429978,0.4307708601342581,0.44697176846435227,0.4162840961368167,0.5238416854172285,0.3782986138506122,0.42124009358924486,0.40537144100068634,0.44828942436359076,0.46852460800928464,0.46755511576818654,0.41213553788768553,0.4580599816879404,0.3830007201606553,0.47166752872177753,0.4433477457771382,0.42089132863658485,0.4724703163003859,0.4397610895164296,0.5286139137799288,0.49496960655277583,0.4156700924547772,0.42457697228458047,0.40127486662437484,0.4210371468397666,0.47620066332143485,0.4739639900512485,0.4735351892074156,0.4173703259434438,0.40703582707119135,0.5340565202414765,0.38170480941984614,0.45408876141052357,0.42688110653345673,0.4027969288722666,0.40646605828938,0.49742083752706473
0.5475636944708259,0.5772062318376148,0.5452936387669293,0.47458004955762084,0.4642097185724517,0.0,0.48377148439631845,0.5373630967212812,0.4833154972555553,0.5103782907021771,0.5790670776163053,0.5836653881394336,0.5814491719300731,0.45457686981970213,0.5181039530207235,0.6196218711242664,0.5663924015924607,0.4895940350159003,0.5631590953847582,0.5640119534026853,0.6182852298964197,0.5924952813052254,0.44832212721805476,0.5209076193675817,0.6341097776799545,0.46659966857765334,0.40782724787714175,0.48372372639990974,0.45774372529344626,0.48730654633933,0.5665376775791839,0.6051742577605393,0.4890476876500199,0.5097833541273993,0.5193030368951072,0.500013979686312,0.6082862783855272,0.5192097546841257,0.5401158370936989,0.45519591156928446,0.4905121701313004,0.5699662639637841,0.5550947849558274,0.6110081150125358,0.5275632180247687,0.4904654550070856,0.49728762872372156,0.5958255921435841,0.516414226260345,0.49962397377330564,0.5168917174097926,0.5369427117523922,0.4576740741094219,0.5656067437743302,0.5124183492350813,0.5406969663819365,0.5168217084830911,0.5990667308910359,0.461875244183213,0.4768034991252205,0.5502213740413856,0.45903072069555767,0.5449403791129602,0.45259843912428144,0.4685166772177543,0.4859018084054095,0.47162943191008544,0.5680476604010003,0.4742032389579921,0.5606223856219698,0.541730852684608,0.4550821731610866,0.4529736880237668,0.5455621851063639,0.5684817421044353,0.4844029475756759,0.5050667777037793,0.5192376332538572,0.4808728975449894,0.47631484070762536,0.5986459791264045,0.49353926473766524,0.5892129492398951,0.5422755976812733,0.46938316224045296,0.550196313790767,0.5480421598592751,0.4485290054889728,0.5019549805538586,0.4877355043214056,0.4878159807037371,0.48974442767411913,0.5204452846553685,0.48390304065954615,0.46005378976905587,0.63416844264828,0.4888031799480216,0.5488575292718059,0.4327760074741313,0.4729349471531169,0.4919167981551235,0.49930213404178,0.4354193405351196,0.5091869785012229,0.4740226233135063,0.5333912690928599,0.5189787322056877,0.5872336687351739,0.48013060151860015,0.6221373103576855,0.5835904509015166,0.4559332036555221,0.5240631960674704,0.4778842658532733,0.47283921550446706,0.49634875316739846,0.5274347739212777,0.5152889085001446,0.581513323082319,0.4575885706899797,0.4832333146750388,0.4545169368889759,0.5250373316443042,0.5657314660404904,0.4660213873412708,0.5589050218918992,0.44012732306528474,0.5301773972112902,0.5560391754548811,0.4770284132616249,0.5156574412955756,0.5991438021720877,0.45650645637005866,0.48957344466969877,0.5817764243264139,0.5203190130051479,0.6106722312431906,0.468011069792351,0.4694040359927191,0.515905461357919,0.4917995491881274,0.588187135217405,0.4877993065729685,0.47978747710177966,0.5931776495517324,0.4819893584990797,0.5868554034731491,0.5396746909370017,0.5835020762168536,0.480536332164429,0.5028150116430153,0.5137203276946296,0.5006842816716589,0.45761104293841487,0.6175443163500085,0.5527665753229634,0.48242098460231314,0.6095960324577071,0.43264421238616557,0.46759815636082575,0.4942118958349023,0.5016162880790274,0.45077388529945606,0.5226429943542936
0.5351588032567157,0.5402541325646333,0.4519008621667377,0.5744836846277892,0.49376538030845973,0.48377148439631845,0.0,0.4806241941220793,0.4527090089409461,0.47152770657487236,0.5070349152139813,0.5133612564462623,0.554826269197309,0.5029793217113137,0.6342633765165954,0.5236409512797374,0.5651746076636938,0.5528792088604856,0.5053937562463293,0.5062302266905867,0.5578505647665317,0.5184076559988772,0.664409160362343,0.6027316206850751,0.5424470050564101,0.5315747505574878,0.5021425777706594,0.5236176231274202,0.42484611236401626,0.47421114439967277,0.5284919197440571,0.5414998077557914,0.5699282399453753,0.6117053051464839,0.5308113179818188,0.5123462925489292,0.5574564984464374,0.4945947324138832,0.5101473114217054,0.6379219072596295,0.5369079624149351,0.5127785894714204,0.5347197285631646,0.5486021493488894,0.5657948379629176,0.5926800810715853,0.5302208562958446,0.4642352782564947,0.6878964844969065,0.5287133539983013,0.593396591634183,0.5331827415815735,0.49262051337174845,0.5542486140368782,0.5101673057442897,0.49915185087462877,0.5437895760446142,0.5023681385101952,0.5397240608595659,0.5837387210719032,0.4746589431679024,0.4706577448727957,0.4789805093261158,0.463158863091133,0.49049091329877575,0.4848833300961945,0.5302982891429722,0.5387538653462387,0.475203327447541,0.4900781262911956,0.5238542751675924,0.5095083224159884,0.4461874653318909,0.6210177202414291,0.48166423995506746,0.5150586715622072,0.5757960935920747,0.6088064499144391,0.49685805258200794,0.4414271033092815,0.4763528820018552,0.5121854334104646,0.5503064353282516,0.4657979270371751,0.48705452962881723,0.5257874535746503,0.4444384743991092,0.5138006231248945,0.5528682312075528,0.48879953074136234,0.5465051543111541,0.5383996077631524,0.559212045676763,0.5067517631434334,0.5033667184131453,0.5078375517059578,0.42639904551963004,0.5139579874807958,0.4527969182005696,0.5871825161343487,0.5107768124084158,0.46878767645367897,0.48783863459717547,0.46494572227300596,0.47482836041645166,0.5719437419627114,0.5213051953024235,0.5437113577802727,0.6364568707558448,0.5251185601487115,0.6147712860733878,0.4918362162945304,0.4822524169788866,0.47246171635277895,0.5215819874995806,0.5588535883213176,0.5186916381411381,0.4916568214718413,0.49896767531773734,0.4744494817611572,0.5317530008785005,0.45774474698508927,0.47650465745511994,0.6246134827658377,0.4329841078463245,0.5036847056714686,0.4839095685760469,0.5524303464180217,0.500164867773171,0.5402708943925002,0.4565572007702603,0.47200328394422414,0.44717153231550866,0.47017542223646075,0.4727094275554822,0.4841759352096827,0.524414479429273,0.6179271714939759,0.52700039208533,0.5353335057335316,0.48095510615233883,0.50484617637816,0.5788270067706038,0.46159486339481914,0.5422282377435484,0.557364933879496,0.5154743553069597,0.566704849292416,0.4765725748251657,0.4151248263655534,0.4963214018298217,0.4983861792014397,0.5273917042765152,0.5377817406401655,0.5599685521702461,0.5194483611395984,0.5022211869260894,0.5889681261674473,0.5084578147209058,0.5363917434302479,0.5197011265124344,0.47763316475716133,0.4612406930665646,0.5288315785596719
0.5317085467031583,0.5703481490374489,0.48007535630739684,0.5355621170959387,0.4094469627971876,0.5373630967212812,0.4806241941220793,0.0,0.5525346326723117,0.5065284080466219,0.5055758969657624,0.5383198515253195,0.563330331686042,0.4945438247317138,0.5827551912836876,0.5284142670643195,0.5185884625918541,0.5421623394289025,0.5443254398782909,0.5806016231032171,0.5335176880321897,0.5520707472744972,0.4972357292993151,0.47655285284056353,0.5988498906382697,0.46016993700157804,0.5076127392183076,0.5212433310401653,0.4188420461692558,0.4658498406638138,0.678058073351759,0.5468408459427044,0.547853516744674,0.5353116046852942,0.540397458521121,0.5528367840446756,0.5562873791553121,0.5730686616683885,0.5545359995828311,0.4762079298175868,0.5149304303422935,0.5094409731224884,0.5522201229142597,0.49279923063141046,0.6734304431859436,0.5513947137825478,0.4493230131836396,0.45622066718955373,0.5231462020146113,0.5309295008504951,0.5153732652207937,0.48003846316464716,0.4817368421037853,0.5484726840233262,0.5099046305244148,0.5091826896768882,0.5228035044458182,0.5574779742502411,0.4962487406096251,0.5482977081153274,0.6041236032506213,0.4819407080506234,0.5075228038858348,0.4847289088405514,0.48354937210470716,0.5013768961080789,0.5226252070508919,0.5072989265168418,0.531258902220199,0.7196756089086445,0.5283951331407709,0.4979280324646016,0.4563802159300714,0.5627264595215674,0.6007613936594447,0.4858000342021024,0.5108052863044587,0.4642654833127888,0.5535342292254473,0.391064966573854,0.4868140535965705,0.5504987190419381,0.5264707465176108,0.5723017057583749,0.4826005017088685,0.6321015912367022,0.5750426252832479,0.5105372939086776,0.5997321596773292,0.5365106418202622,0.4889506023025837,0.53985517742273,0.5086305403507978,0.4744962989761008,0.4844508335802648,0.5688054417967451,0.5462014252008467,0.5562411243578063,0.4468167890092922,0.5381555201212331,0.5199055202262312,0.5786956328478012,0.47769460003039216,0.5358612389600881,0.5312599327998968,0.5418623827202956,0.5480849163062604,0.5792317881711052,0.510859764617384,0.4827254134407459,0.506530611777972,0.48407693598469026,0.492054306960013,0.5588867043857185,0.5088784476651881,0.4984465372582615,0.5141497553448243,0.4910282254203743,0.46972568432254463,0.5049932023885357,0.46203286742485794,0.5591912829764588,0.4615416832035513,0.5170696486959245,0.4473646603533516,0.5218464278162346,0.4681479800318107,0.5713316499711212,0.527894821963884,0.53874501846134,0.5476987296911396,0.5214481280315121,0.49711582402188814,0.5057571128551097,0.5620530013406853,0.47084268229843046,0.5225330034114979,0.5062966897069321,0.5599244715681015,0.5987664256027926,0.5363316995794694,0.5234488376248287,0.540030958996158,0.5235212780495796,0.5429525419064144,0.5037544633003416,0.5639439867517398,0.5431206499027358,0.5560185829956008,0.4618118339090706,0.5487245177803893,0.512775459821731,0.5440962908631043,0.47838448341905865,0.6058989428994376,0.6185010736950625,0.46361459004874006,0.529011694968297,0.4567406490604381,0.4516332591124456,0.5036149984043637,0.48231859781677183,0.49154972845735195,0.4852378369556402
0.6057230643312248,0.4872315953882573,0.39882862221505433,0.47305565660344967,0.40251364633211806,0.4833154972555553,0.4527090089409461,0.5525346326723117,0.0,0.41648079283636613,0.43807511691631446,0.44343460835807597,0.5025072570120447,0.49708313970456136,0.4798780246231858,0.459427626639663,0.4955011017832189,0.5686671302041689,0.4827585502537999,0.5861070742229083,0.48640963071062404,0.4675257715865378,0.48994408970382775,0.43260926219262014,0.5212312295512245,0.4349637707634216,0.4761563267467074,0.5140320983078993,0.35279062791324844,0.49512062414046093,0.556454088035221,0.4848118498662606,0.4512527028652331,0.5044230817915774,0.5602141050428878,0.46100452313776347,0.5018256214455502,0.5464796886295578,0.4341313738564326,0.447432891462691,0.44880987648884263,0.6079034868673092,0.4758512942738869,0.44617773625475693,0.5178814848249905,0.515220417564869,0.45569732756865017,0.3930736749812796,0.491415699103662,0.5019975689112093,0.47834403442786533,0.48885496323853106,0.4930286634325946,0.43822601888486534,0.40424136288923246,0.6104277254225926,0.5321117979728858,0.4903078704696733,0.4676900121684649,0.5108946246334621,0.4709307931878683,0.48270791958095294,0.4757769067224836,0.4650686408822603,0.507181351845957,0.49412858738485504,0.49832418395668493,0.4881102119910157,0.4869523165112696,0.5848852643736013,0.5281810682181928,0.5011270507491937,0.5064289188396083,0.49648042476600407,0.5484671144512796,0.5065041663917201,0.4405005819882671,0.42687010818647225,0.5123092477566007,0.40693689152247803,0.4743466466304397,0.602478192684401,0.5045854746588312,0.5066671158943925,0.5189259462222021,0.6163785459601663,0.5314209659346547,0.5036136456496916,0.5762951614689834,0.5749764339012727,0.5067061740893192,0.559651152989498,0.441294280325081,0.4888071071239533,0.5193631907295507,0.46276077815284633,0.47608922756026734,0.556752644813016,0.502588434517419,0.5235600168444224,0.4707144902184313,0.44423543085394174,0.4739176481122472,0.43798175940530215,0.5377028786487973,0.5161921293919847,0.4680638902531202,0.5795688292470891,0.46217624001551233,0.4433258606876678,0.4583749505369937,0.511274128275638,0.5069575563087161,0.5740039677402754,0.496446640239334,0.5383134825652377,0.5463825248169308,0.4129404173600038,0.41975079253418435,0.5922080929559468,0.4716581265410093,0.50979575091588,0.5159691902529021,0.48761511857418266,0.5117416662354982,0.4050243479901105,0.5026588435232141,0.4541673857659692,0.4328348350764264,0.47870892860293673,0.6813172054536512,0.4965245287737776,0.49734064025124053,0.5794040462905554,0.45929887605814335,0.4612665607298806,0.4945429557408979,0.46890377120277904,0.4546686984085657,0.5264400380905068,0.44823038853272,0.4944966622066741,0.5764856828725422,0.49278334281946606,0.48380271416700227,0.5416521416017216,0.5456205416016702,0.46407366925053883,0.4684266578850609,0.45124564031136866,0.5454607382301557,0.48433922456075296,0.505710716195503,0.4222029809462461,0.5134490706649315,0.554881424433961,0.440713440314349,0.48618371151129536,0.4399905738584322,0.4595629565784735,0.4623079555766118,0.5527795203754231,0.52371304169165,0.5353149812339406
0.4341674928980108,0.6451424216643287,0.5572029404469968,0.4465395949828096,0.3953637361104856,0.5103782907021771,0.47152770657487236,0.5065284080466219,0.41648079283636613,0.0,0.5019038073055705,0.5756829906650697,0.49228821414889035,0.44557996033497665,0.4978376770832183,0.5086568541586836,0.4855333311241509,0.4478152792185744,0.510425029031066,0.4897363036117765,0.48484264343620254,0.5661865190192111,0.46644109366596115,0.46588029185319607,0.6048599972431192,0.3893098180419961,0.4457074071869541,0.4640795870584475,0.5915364496277753,0.4195369028954566,0.5181809645743851,0.5297291876113416,0.47394926878260013,0.46959237084738203,0.4708751135110107,0.5118343054895477,0.4745754918268115,0.4607387059289722,0.5106205964742303,0.4410690623154207,0.46882942318590914,0.4598043230635716,0.46252744613818836,0.46731455044986675,0.5225358817498434,0.44014940663940777,0.42849238718968435,0.47194518791419054,0.5023446393981248,0.44786743843593596,0.43639609965041504,0.40937389693516835,0.4224230638857948,0.5354466142780487,0.5451198530323177,0.4434531404476316,0.4289188459352335,0.48269098560069895,0.48583224397935926,0.45566885038035093,0.4897406129651883,0.3956170459152015,0.4149609987275848,0.4766137199797423,0.40494465222979104,0.4065083042350461,0.43041293731444363,0.43767960407092127,0.4824303548944838,0.4817650344486271,0.4181847387310671,0.433687765434588,0.39044587362546374,0.4787081351007016,0.4965201769170323,0.4257672026815851,0.44510324351612557,0.4591972287539098,0.41430336424263536,0.36191936036170197,0.44733995287487477,0.4141214862813012,0.4776036149167025,0.4641499089587739,0.3999568598411334,0.47683326831941203,0.4300543489963422,0.42350831379095905,0.46820077453355363,0.4232444371398797,0.4112839448861854,0.45518500021323344,0.50725754032232,0.4055067663626488,0.40879560850582636,0.6027084467683993,0.43135921521324483,0.49760906765741014,0.38949885323348354,0.44097596723615035,0.466088500137569,0.45828650770799473,0.3991109632574656,0.6151317649945864,0.41832623168017075,0.4404019009154024,0.46817331656898187,0.5513809127504532,0.4651944904877506,0.5172334038903557,0.4842164098655186,0.3993945767291574,0.4180230681183446,0.4468148046059305,0.40924124074874,0.4182713615140551,0.46074092439798153,0.5965566016120152,0.5071726507097878,0.4095935594611026,0.4043493216556938,0.39971027803453246,0.41326396992578807,0.4512570783306821,0.3928880327049171,0.5974715758843947,0.3926136140404379,0.4850175880826048,0.6128447801847411,0.4612520363915747,0.4740512553551326,0.44509266683084947,0.3921724484484584,0.40137474200250467,0.528869547283209,0.4321340762722449,0.495690365807468,0.44715468559807436,0.5498588429418393,0.4724721890473228,0.4831101763854403,0.5090694225990378,0.4473393684140109,0.45847333059354883,0.49934426502685975,0.42863447238527186,0.45766436901938234,0.5045951905033573,0.7095863868719839,0.4634296440421614,0.4174004207532541,0.491411677718693,0.48375407596681413,0.5105800383388518,0.5381246207561359,0.4644951381858628,0.42868203426446017,0.4718202310965953,0.4160191441635909,0.3950506439409287,0.4858512569300959,0.4182579701612746,0.41168234734012693,0.40632176083446536
0.5239283134742961,0.5536566533891705,0.5501977879026374,0.518450648475444,0.48180300905461126,0.5790670776163053,0.5070349152139813,0.5055758969657624,0.43807511691631446,0.5019038073055705,0.0,0.5311876255629604,0.6233379351423142,0.49549775484675596,0.5299636229763721,0.6906252895618094,0.6316629131665412,0.5180050946398983,0.5348946779246121,0.5426188690052072,0.5795589239834918,0.6467377649547722,0.4861170106605676,0.5429502570779434,0.568515823304211,0.48462248087606463,0.4665033306441997,0.5525454063741883,0.5116523077841068,0.4685193968669118,0.5012420898821545,0.5804329052473829,0.5120803197363827,0.49711425772761314,0.5229579182108733,0.5136992065407372,0.592991293895221,0.5399241694606192,0.5596753272845952,0.5134914320571812,0.5030601342573974,0.5036879691555327,0.5388434053564091,0.5784198426567859,0.5249277273067483,0.48236218706539746,0.43965543779692556,0.6113402624451671,0.5679511713888059,0.5093927508324307,0.5267764367109353,0.49773800256475254,0.4597799044894241,0.6053630758681877,0.5902083205352763,0.44766405967328343,0.5231931963004277,0.5759778130861024,0.48830796371725915,0.5034336948815579,0.5730287946843821,0.43840381476487295,0.52527593386559,0.4690625271591789,0.4476811388256558,0.4644494179552664,0.48434312342235275,0.5132703979262292,0.5231233650650609,0.5584233902062817,0.4994202377542091,0.47341748106507947,0.4532442787880955,0.5920673928792289,0.5804166818772191,0.4581244567767233,0.5783290440055195,0.5451465997271157,0.46484984211127217,0.45301536017012417,0.5104289656026246,0.4571020969348305,0.5230314014943903,0.5494641604002259,0.4581857804152041,0.5150375211385202,0.5029621637881618,0.4544461008825458,0.48349138425730276,0.437303633757735,0.5070179985792895,0.44058692317016174,0.588227295584583,0.48087389190079205,0.46932426096980934,0.5383686471253476,0.45165066597690295,0.4631673911016799,0.4213192546825504,0.47031635882559913,0.5219563138370716,0.5016485905515113,0.42036131979671787,0.46047175920162614,0.4663403254351152,0.5044604718540563,0.5116870450303239,0.5565683199598153,0.49445585234292205,0.5509243862139135,0.5767436972532843,0.4557410352206466,0.49602103334065556,0.49516496043592584,0.4855709012751683,0.5060719662631084,0.48328267668404884,0.5610150434805435,0.5837618500221395,0.4519866107970555,0.5126031542475691,0.44446355842077057,0.48245148515305003,0.5427235199613397,0.44469908044649137,0.5715919385130772,0.4299584956102419,0.5255745678294571,0.5599678506248377,0.5028622543509363,0.4558079511862736,0.5498808889481238,0.48664417935024745,0.4735032320857706,0.5670619868771125,0.49917144399652863,0.5254554676179632,0.5060910402294996,0.535829447141765,0.5023047746262866,0.5017653705505478,0.5785849020049275,0.4761781112454589,0.4754992508605688,0.5858047321806831,0.4466064464210866,0.5009109505996512,0.5268893899895011,0.5252210112362172,0.4817099209098785,0.4876339275141029,0.5033603847257374,0.5763552237600078,0.45248145895716174,0.5421918059371799,0.5188483120873059,0.5507855701611504,0.544434645099755,0.47775523587926905,0.49911355297554133,0.48350420814948736,0.46942143597236424,0.4228107828661894,0.5408269950704104
0.4609920864083552,0.5912329838848609,0.5479654925103206,0.4666060792357187,0.46043068512497004,0.5836653881394336,0.5133612564462623,0.5383198515253195,0.44343460835807597,0.5756829906650697,0.5311876255629604,0.0,0.4985277661138456,0.41553037429971174,0.540460387490107,0.5762969047167339,0.5191715675759464,0.45156752064918637,0.5976334146872646,0.4910661645964704,0.5596891645905289,0.5654957803674158,0.48998076905108706,0.5154252228511849,0.6126962360080805,0.4247800984741792,0.431664947204739,0.46598062079831626,0.49172637345355363,0.5093224705472937,0.5738536557287458,0.5657849946981932,0.49309654187092034,0.5183125344802052,0.46306811191026753,0.5077828432922736,0.5154806134235093,0.4737194186960013,0.6144629358138117,0.4473875224824844,0.4942851349905591,0.50124696055169,0.5214624370530333,0.5242823799295978,0.5238132073918665,0.47642363252332764,0.4751705243227249,0.5035436482923391,0.5224208546876609,0.47200364513224186,0.4895227946879537,0.4576367017389027,0.42896261170638733,0.5629359766010296,0.5477857920825799,0.4721746381648345,0.47192402536090705,0.6049097459434911,0.4452943699410986,0.4767994598598805,0.487694920886348,0.42128557755782603,0.4580259988196944,0.43633847674210696,0.42347009022437476,0.4253232138910109,0.4296333384854469,0.4744879232035072,0.44664567798067045,0.5100481298276414,0.45773759327036584,0.4247408450387326,0.3898486970921424,0.5113086729916116,0.5063541150201313,0.43945168368697085,0.49689340028751916,0.5325165120150112,0.448122164048919,0.4027580542090022,0.47538934643333186,0.45183841813540343,0.5659211175343579,0.4583897803281259,0.42694809131301303,0.5023358020107025,0.45868333162183783,0.4304348182877311,0.48738629764191693,0.4575178270721151,0.45725290949387526,0.48316202043006046,0.5455028060040317,0.431969170642618,0.41732725006634663,0.6265784173672098,0.44340648742613475,0.5115131338237071,0.3972480037953026,0.447646092997015,0.4587827263943267,0.5055911845391723,0.41862068142509407,0.571694481081807,0.4318422146164038,0.49366767235995657,0.5035965151100893,0.5487805424426545,0.4824910314219487,0.5487969914954703,0.5633197701326401,0.42432022221549787,0.4247602158869997,0.45858149306008117,0.42915707690928906,0.4578805419692075,0.47727374958783186,0.5874429137545607,0.49961914288121384,0.4152706856216575,0.4443585030158357,0.43291764137551814,0.4270432484494909,0.5285589050333247,0.3955822764010158,0.6190239857347861,0.40822282198910426,0.5759157496375974,0.5542114198130191,0.4517005390031288,0.4862574661176514,0.5004177986764575,0.40508386420617326,0.42980037537494753,0.5219436462770776,0.44117899946349454,0.5645378998196671,0.456056177389929,0.4862219226854514,0.5419193746119148,0.45452918844662965,0.5169967654327335,0.47024143966518384,0.4586388678681661,0.5291873226178226,0.4512377289162173,0.5487046347089208,0.5517455879693804,0.5990923521497764,0.4587013479352598,0.4533968316197597,0.49263527261616025,0.5108225377701198,0.504875923195567,0.6264080507883073,0.4904280351167134,0.44531585330040097,0.5669678997556618,0.4042132588985695,0.42974737004179486,0.4547811084554762,0.4330377881411447,0.4306784441716271,0.4521987904405981
