0,1,2,3,4,5,6,7,8,9,10,11,12,13,14,15,16,17,18,19,20,21,22,23,24,25,26,27,28,29,30,31,32,33,34,35,36,37,38,39,40,41,42,43,44,45,46,47,48,49,50,51,52,53,54,55,56,57,58,59,60,61,62,63,64,65,66,67,68,69,70,71,72,73,74,75,76,77,78,79,80,81,82,83,84,85,86,87,88,89,90,91,92,93,94,95,96,97,98,99,100,101,102,103,104,105,106,107,108,109,110,111,112,113,114,115,116,117,118,119,120,121,122,123,124,125,126,127,128,129,130,131,132,133,134,135,136,137,138,139,140,141,142,143,144,145,146,147,148,149,150,151,152,153,154,155,156,157,158,159,160,161,162,163
0.0,0.5690912219102479,0.5246226075862471,0.601333292131283,0.4823744977499056,0.6049036693700531,0.5500098475214381,0.49249432868931686,0.616837101029858,0.515960631306496,0.5674195055672938,0.5294930114770116,0.693183910718493,0.5910035058238272,0.6194129654826855,0.5897337901152293,0.6433043033466118,0.7449370814293862,0.6074270382469132,0.7004751128002452,0.6263741228900725,0.5700994725897973,0.5386393273096926,0.5853866621683464,0.6429501468569033,0.5587645512318314,0.5549828500294752,0.6556865349305276,0.45686777329232686,0.5738046909330023,0.6153996350683768,0.6579248750458381,0.6055434578022173,0.5576615510055024,0.6736697657503974,0.5647436409838247,0.6246313594769358,0.6630182971835705,0.5086376128396662,0.6323096158305737,0.5987476608950193,0.5804065407769624,0.5793881715324423,0.6339560601851321,0.6005964101823668,0.6856942730757313,0.5345396160950374,0.5377951421904331,0.6454712768073557,0.6546082069439768,0.6444616248040826,0.6658584639047322,0.5164209469393374,0.5714767055355929,0.5356117901589204,0.5927386844172008,0.7311742107168181,0.5438613623704676,0.5847882230847058,0.6482320257772813,0.5150667620859952,0.5593446044104105,0.5928844009253119,0.5216984248212739,0.6333062889343022,0.6807876119695105,0.6144000075741786,0.6084241609885706,0.6123312487530069,0.5314851096649094,0.6782592515300826,0.6223088301726567,0.6298217949082188,0.6658429421594302,0.6589190684966861,0.6419314615744237,0.5287406472346186,0.5182432829098615,0.587174590701567,0.5284941182484652,0.6217959648389991,0.6222424343054407,0.5860183260717191,0.635762145629305,0.6462317220704151,0.7215854814465807,0.49029346168078625,0.612280780117806,0.6842647611362117,0.584294453475451,0.6196145909166704,0.5780973433728404,0.58832588892553,0.6910500465087074,0.5984742053502374,0.5622704073216427,0.5163582523415247,0.5959464404755469,0.5117145675365925,0.707379816305655,0.5894486914525401,0.4310468088171024,0.5810441735944053,0.5405264263623512,0.6499330061244689,0.6485731307316426,0.613506340069246,0.5737282853888551,0.6305814959553963,0.5696239105612219,0.601170687705202,0.6016429846164072,0.6806094226576218,0.5686380897881471,0.6645062937051933,0.6780651324324817,0.6023817311332653,0.5529710825618943,0.5707978208658273,0.5730910753916476,0.6023759516726306,0.4812782141768325,0.572810006653257,0.6688126295799802,0.5585303421763429,0.5536858167449451,0.5753326022047865,0.49775847831517506,0.5529893943937606,0.6753339251849105,0.6112740858212525,0.6166052199866822,0.5566829582002734,0.5819345941063955,0.5795164297871274,0.5968259457126438,0.5979875632737128,0.6606016938356922,0.5646651078028856,0.6085809265050764,0.5848571828990003,0.5878885260516895,0.6011207625108027,0.5448687894084566,0.6151214694350418,0.5941137607792167,0.5896273866931409,0.5709356887278041,0.5623122442608985,0.46813808716815225,0.6330908819304721,0.5412061617179763,0.5920243338827508,0.5325900699369331,0.6275840431609397,0.625223573416703,0.6662272431873092,0.6327892015104432,0.5988660081001997,0.657789870719273,0.5593328495576411,0.6163205286632361,0.5421354363409826,0.6499372479313515
0.5690912219102479,0.0,0.5592958629369612,0.5497667687657241,0.4886227779700664,0.5966392481847879,0.6070505965090641,0.4326285833997957,0.5510914401368607,0.6721558424952905,0.5295662962654379,0.5651571682185956,0.5444048442035831,0.5996784384699677,0.5821344237305073,0.5261054809104495,0.5926097849727195,0.5674598619123489,0.594742389607638,0.565854731605384,0.5901781549611343,0.6221257718680283,0.5241364017594501,0.5842424076957655,0.6206097861295435,0.44907235993284705,0.522182243827413,0.5494392803130866,0.6080431943885924,0.5395872110320958,0.5596207388948918,0.5972778083030867,0.5904493634607425,0.48940370386928134,0.6124031198701858,0.570670873296619,0.5070561731536647,0.5601229502542138,0.515380615483758,0.607713462993076,0.631584193293618,0.6155810516378556,0.4636520621199093,0.5966043463389837,0.5028579348632001,0.5301611001164939,0.5282152042294236,0.4935985688987179,0.6110827492946547,0.5581836714917101,0.5440063264074222,0.5415207082760568,0.5434654368617049,0.5984722081981987,0.53935531790616,0.6343522000637359,0.5669368062295943,0.4972589773559205,0.6100271663830662,0.587135568615509,0.4604891842621036,0.4973828945641469,0.4665898432170084,0.5506863198146262,0.5563139214743434,0.5047758041615374,0.5322356889675343,0.5106221082403699,0.5105930165019897,0.44535997954862433,0.5260804424972605,0.5760872030005486,0.5240103040924593,0.558692893541623,0.5819500647807059,0.5594640422012132,0.4671947465208007,0.5479726405270351,0.45320799313855803,0.5068201526826236,0.612448161826932,0.5365986232211005,0.6079202661431278,0.5112477002281248,0.5399707969700976,0.5923802046024221,0.41133402407695036,0.5088050970375337,0.5507678404764982,0.5580280383673939,0.5252062021688432,0.6133528850885891,0.6194309809104193,0.5686641247002956,0.5775087769762163,0.6093154824564818,0.47546710535329967,0.5889382936650998,0.5197338468321391,0.5737401847892477,0.5864113667274663,0.38074482661356407,0.4878264547699712,0.5895109611194728,0.519858885801497,0.5065557327627823,0.5297052134681322,0.5634839688849528,0.6053548915076409,0.6243723351401633,0.5860903180976783,0.5180371236283012,0.5455400284926452,0.5357747385926886,0.5044381329166854,0.5750731087938268,0.5751917906449886,0.5729749865694305,0.5850942491246672,0.5414371185170576,0.556950686279416,0.41278100525553035,0.5147882513757617,0.6086504758941735,0.5570882200816101,0.5833429885304366,0.539381389780703,0.46091632524565035,0.5958498838870323,0.5789090827914454,0.6559854790756801,0.5475937805071525,0.45635454138500436,0.5544564025637307,0.547727153335929,0.5891622986677514,0.5418176852708184,0.5906607461890239,0.5212600317497511,0.5490123666346216,0.5422484896158222,0.6324162207599976,0.6268043430021585,0.5658645900425321,0.5939509478351008,0.4893023566954182,0.5698089703178288,0.6086539212198341,0.6070192428498568,0.5203174039592421,0.4880569269620941,0.6164606600083309,0.5844198545681967,0.6164794260097065,0.6013694089538564,0.5145146345455254,0.5704539729746835,0.5820366573096377,0.5910018353595128,0.5381524598813291,0.5857829307605246,0.5876451720405149,0.5559049314786264,0.5527911994040298
0.5246226075862471,0.5592958629369612,0.0,0.54059356250286,0.5265692300065212,0.6410594221657073,0.5185891436697615,0.49250243206102334,0.4837539492585511,0.574765024755248,0.6497472642110896,0.6597153614618684,0.5941713638271413,0.4697100322404753,0.5985839393300133,0.6746122859948442,0.578592971368192,0.5140101422523767,0.5833676790787888,0.5167969046067699,0.6278552843349775,0.6970661408698592,0.4684182140212556,0.571498078838369,0.5857372626712918,0.5058523272704631,0.49643177418264,0.5082863846068125,0.5294830862640609,0.5645393788042103,0.5530459986870416,0.6329931271843222,0.5775198197644048,0.47466420222607403,0.49261963562046057,0.5601196502526541,0.5669187623768711,0.5411664353397903,0.5986088828673242,0.5290526371754778,0.5571854433226946,0.5169989429111435,0.5582088545753946,0.6061022372907772,0.5432197369157271,0.5259974624557008,0.4901691437709212,0.6243821866482929,0.5425760393162267,0.5571949495252358,0.577906857678975,0.5290374185944543,0.4351212186053151,0.6493896158321807,0.6312685449994784,0.4790872678283735,0.5367441274287182,0.6241105084740939,0.4886220690334042,0.5276185981718934,0.5097763122765411,0.4787769777385326,0.5372679594285692,0.46347271340213325,0.4806709752632648,0.49617373195650993,0.4993544429123657,0.5570195454926884,0.5472022158470292,0.5039547774129618,0.5483350947403807,0.46537305058157497,0.46772423654345757,0.6159745333144581,0.5812423811565721,0.4554596666726734,0.5644833740072317,0.5523768469683117,0.47294129829064774,0.45038844315221377,0.5277615048161194,0.5049136506872187,0.5802246773127163,0.5184020928870017,0.48734590741339956,0.5498668178701844,0.4571187798026319,0.489597616787583,0.5039353598991884,0.4914594475117075,0.543055446674652,0.48258134039198375,0.6140415088422413,0.4838213467242476,0.4739396898482178,0.6153284007329998,0.48362412272287586,0.4922523778574437,0.42029709655499936,0.5042404530446732,0.4937933338649196,0.4579654851287366,0.47370023974601716,0.553734779517424,0.49728729372922764,0.5477867231042539,0.5802981271590488,0.49627676427335465,0.5367296395623448,0.5676326139832834,0.5948279625725776,0.4826033869170604,0.5065861999844893,0.4923646249283133,0.4846034904609843,0.5230292504984287,0.4587809032420095,0.6624938230617434,0.580483653387197,0.45034547008050363,0.520361987390734,0.4461594157718195,0.4432075311058169,0.5825433959246993,0.4287973119264946,0.6857443493003177,0.4723075128331474,0.5597741078134107,0.5610916313771159,0.5423251603298455,0.504799543368174,0.6321202412152992,0.4547327924955601,0.46920529375613684,0.5896297381719985,0.4899622190116808,0.5239771302039089,0.5250140042481188,0.5278317332030309,0.5584192711643547,0.5059255038947502,0.5545940330002358,0.4896804649121442,0.5146291541494082,0.5718441632296533,0.476722366485657,0.5984886376092711,0.5577879890590338,0.5644039803591054,0.4503954859985418,0.49417947453692823,0.4698296300073585,0.576057428211614,0.5870886613942766,0.602698686936714,0.5339149458416316,0.5593272371264966,0.62514230662077,0.4651319234990847,0.5136376380207751,0.4709310098381851,0.45049977859920787,0.45342689897164834,0.5180200824306628
0.601333292131283,0.5497667687657241,0.54059356250286,0.0,0.4899245082429969,0.5675002010967214,0.5671566573093202,0.5353341760385201,0.619573335544907,0.508308894108806,0.6160353640145295,0.568755612455886,0.6049895117029028,0.5788487027788655,0.659769379876928,0.5704638910681298,0.5722542015502816,0.5965385728574173,0.594484662141858,0.5608565186738957,0.621886754052845,0.6214520275538701,0.5161551784720773,0.5409322338386369,0.5875977337821046,0.5647892483881055,0.6342529915815337,0.5766536298769079,0.4570433535058929,0.5386285850012412,0.6491981850660977,0.6132730791929233,0.6993157418033599,0.5243484109528443,0.5917494601888347,0.657447190338643,0.599862623804107,0.6700142293710055,0.6282050841237109,0.5979768324623809,0.6030242420113242,0.5577185006476513,0.5533591020437951,0.6118959937537853,0.610548412268808,0.5835816172739333,0.4561454296378613,0.5295765529669468,0.5989854056134409,0.6473918077247393,0.6896497827013334,0.5566179814646459,0.48030410087973713,0.6856726622225375,0.6285101122180923,0.526104071945213,0.6336359824099647,0.6005886839388674,0.559831525250257,0.6427503058069737,0.566713280957488,0.5654068967216861,0.5541742322374652,0.5219306988315983,0.573149520773035,0.5761657718796095,0.7109355428785766,0.5611386886621511,0.5934032171478723,0.5694429105876841,0.647413373562816,0.5655686821509379,0.6225836643561812,0.7266891093677376,0.6401328728662088,0.5039335227370207,0.6382973555452475,0.5301857397709775,0.5326363078120413,0.4620413594192307,0.5256172577867047,0.7250787601416168,0.5474917802936349,0.5710871914660783,0.6302755667325513,0.6390332704915971,0.5234785883696965,0.6317621283586847,0.5868597687844378,0.6073196114011924,0.6523637865234706,0.6073294708116468,0.6066955013179143,0.5568287457445656,0.6338376812929886,0.5759000211998629,0.5689654599610242,0.5398745609371743,0.5144239208179168,0.6429473068321908,0.6129639392458183,0.4842254745532705,0.6345103402883807,0.5282402380072448,0.6495990924690311,0.5575979356872585,0.6317716834053355,0.5071020008919057,0.564503885335906,0.5143375286785835,0.6433993017379159,0.640809325317761,0.6358183089027153,0.6743190954231911,0.5588050203867385,0.5718835732740865,0.49054723956789226,0.558126434733973,0.542338604178153,0.5908818591856244,0.5860577073825036,0.5544200742557003,0.48253675091962406,0.6145546734385908,0.5153473473884748,0.5637369394277414,0.6164446693934247,0.5534297209932695,0.5351130729571293,0.6398830913626462,0.5466153515133826,0.6404313076558752,0.5852426740990062,0.6477187146525295,0.6278948826958487,0.5117287432249927,0.47353351871041377,0.6192562373981323,0.5594231700741458,0.6775651127876522,0.5728183775363126,0.5915188214313634,0.6307594785863181,0.6862195898625911,0.6347167822658855,0.5459587943565194,0.6314709935150437,0.5467276232441564,0.512896175419561,0.4654775373647986,0.660630099724106,0.5023821267529553,0.6823002826455882,0.5323731577981928,0.6280295413966983,0.657366591313297,0.6002545841935255,0.596761643134137,0.5951355997961966,0.642152846453074,0.488852384890631,0.5265777609653386,0.5716015770800886,0.6236142737080909
0.4823744977499056,0.4886227779700664,0.5265692300065212,0.4899245082429969,0.0,0.49077814219777005,0.5927620225228974,0.38905708124970384,0.45672188159501054,0.4653292799867493,0.5165006404811673,0.5232326578007184,0.4718254607393782,0.45856398742218274,0.5112119339419808,0.533867597882315,0.5450608652351381,0.47930780731740996,0.4765004290120864,0.44571048563302756,0.5773159805454045,0.5353560587314246,0.4941436042092653,0.559751459863819,0.48754568477123256,0.5105217667095666,0.46209049879295844,0.44721799258280404,0.46709519584891,0.5908470046612829,0.4578599686130847,0.5008190880670791,0.4916906552192659,0.444439785877299,0.46861628660473237,0.4903599001876122,0.48209029017731553,0.49226474149486954,0.4897803657954756,0.5505254098192724,0.5348349634284836,0.5595886805519399,0.4676603704917809,0.5815924617986383,0.43647651150994826,0.47359703125085384,0.5453320606318266,0.49611169904491825,0.5376457798568702,0.5070389886031683,0.5370974450689517,0.5310537509944346,0.42649318067225994,0.5058435924779451,0.4839604616391537,0.49951589284878173,0.5048642291529077,0.5228318047754883,0.46322189004866254,0.48758738179731476,0.39355155834409083,0.46204655290104224,0.45452805077353686,0.4576500676322863,0.4655238488651891,0.4343808949604555,0.45824557810229155,0.5128121711372705,0.4580308055620231,0.41062868138721076,0.5038814426733917,0.4621554758053708,0.4531756391473947,0.5219953168193582,0.46262760036943945,0.43268144665547564,0.4895462615634275,0.7148476416183791,0.42092320916670645,0.5126151642115917,0.5019397475531019,0.48139437097324633,0.5713019414127136,0.4276188495621666,0.49854200719872743,0.4874388504643542,0.38480280963188007,0.45283605106964653,0.4414430344036831,0.47424955747631836,0.5970336457802599,0.48610830296785595,0.5592678652610986,0.4540533172828693,0.49863667499398556,0.4999778435633911,0.39563874742009153,0.4696862653659491,0.46353212211088296,0.4609960819155333,0.4612895776854048,0.37485723717203323,0.4672991550701258,0.46114939673691757,0.44703703114469195,0.505149062667318,0.47594235211918506,0.4721620887484799,0.5269860251344907,0.5230456639891585,0.5635343180401384,0.5103276743563814,0.4583188643276523,0.4697809075285293,0.44753971299281875,0.5362962404281136,0.4414187503459121,0.5090218400777564,0.5182552526206926,0.465817755495279,0.6314791547171472,0.40175492560171244,0.44990468547501705,0.5772594902962052,0.44457441411495724,0.48815199003910914,0.4876054404194304,0.4687108028539061,0.47152881913962635,0.49362206303660755,0.4795807168447912,0.5394737033171595,0.40880006564559146,0.4796241315519147,0.4521273870775121,0.48140878806419773,0.47616939073641,0.53378044925066,0.44677057250155505,0.5025893855896755,0.4183873795192385,0.5289366732238523,0.4976372505359383,0.4836341002436173,0.5447425841922118,0.4790133454054942,0.5644825533208742,0.512727575999586,0.46424702999168266,0.4521006768733282,0.43690956636640893,0.4517962742812905,0.5155244259056524,0.5746691549508552,0.5303818339308294,0.4505549531237775,0.4796081979510314,0.589012015155182,0.4570399187365143,0.5291898993533853,0.4507104592362549,0.4601040756453334,0.48583125773577684,0.562510670171738
0.6049036693700531,0.5966392481847879,0.6410594221657073,0.5675002010967214,0.49077814219777005,0.0,0.5175174083839854,0.5138916959222389,0.5626340614505225,0.545460186323322,0.6283988779272216,0.5899564390535101,0.6735263888069214,0.52088082957038,0.6241101668423412,0.6347396430810225,0.5730390908841313,0.5480035413093164,0.591501321878377,0.5569421497407665,0.6135452716644542,0.6775820425620902,0.45161614548665424,0.5535901027709772,0.5936321616340092,0.5054100877177283,0.49583925964534786,0.5258509848327967,0.5031349766093944,0.5718172180814137,0.6210300848390473,0.6904267523054002,0.6292024538192634,0.47597006515232976,0.5388500907982591,0.5589495086074656,0.6252595502937792,0.5825511314747237,0.5949422033440415,0.5319088051320717,0.5613637143965524,0.5417947148300608,0.5469759384862279,0.6418591350546031,0.5556854935889587,0.5570802348858367,0.4904587705298877,0.6129900676771552,0.5404611907544782,0.5793422256894712,0.6134909888779516,0.5634155142238761,0.47884375917564465,0.6574304414375711,0.6035369147940652,0.5423550647426159,0.5858376999862288,0.5968637420704689,0.5021642906832757,0.5668277374153732,0.5725260764945352,0.5429061193646737,0.578598735531999,0.4646077443287038,0.534277968498562,0.5614536087675658,0.5596207153025877,0.6234067936479701,0.534685151086758,0.53533551083909,0.6426097284373888,0.5053453581770969,0.517228521772726,0.6359403469115991,0.6567272585123621,0.5228747474043571,0.5696050407382532,0.533050363896824,0.4960861097618641,0.5107389704600909,0.6055138278050222,0.567239554652698,0.6389171019249432,0.5862293334263482,0.5213138875998645,0.6001900036760995,0.5012843819718426,0.5267373615346395,0.5625623004570858,0.5670608570250064,0.5518395744875084,0.5270746579550738,0.6061461322987578,0.5627724897034486,0.519282910400974,0.653441750049016,0.5553899658461622,0.5083475835804808,0.45412501192166127,0.5583519402848826,0.5626903953524165,0.457661644324375,0.48533709973498995,0.5201497283355944,0.5542499748807125,0.558470030281159,0.5935454611604892,0.4926652229886106,0.5464557842283505,0.576537894048394,0.5918756953346342,0.5017405244869354,0.6084816624062195,0.5290093184640446,0.5317431243932896,0.5608644978106622,0.4958792099337152,0.5743316004516664,0.5563137263212513,0.49998541301475585,0.5421811788737304,0.4765297205191705,0.47427741313778987,0.6561707544032077,0.48927260809020934,0.6670739869914579,0.5158376722040466,0.5601264771706694,0.5391774311080756,0.5784999854609275,0.5585859158191986,0.7026927848244277,0.5271625801485577,0.539340937685998,0.6159398594734001,0.553251022573455,0.5433609148192438,0.5395300372722103,0.49489301466371527,0.5829555354806023,0.5717290607496699,0.6042645047054963,0.5360872432309136,0.5404590929670727,0.5993022903403538,0.47952213823884304,0.6524681984736062,0.5988350426551217,0.5393135164797573,0.45690862441010527,0.5517893332202908,0.5120628060626214,0.5625375112574797,0.5315816269682389,0.5926797445456717,0.6091091695592333,0.6417581610860352,0.6587648948180729,0.5174151575918298,0.5755717327940759,0.49869276266239415,0.5103011044973012,0.48502083456316275,0.5652322882666276
0.5500098475214381,0.6070505965090641,0.5185891436697615,0.5671566573093202,0.5927620225228974,0.5175174083839854,0.0,0.4070126794913826,0.5388131886494807,0.5620285527694755,0.5189176763041179,0.5302612170144262,0.5114395659036617,0.5915680330943748,0.5718622343533648,0.511496408196875,0.5739471656970617,0.5596600403881494,0.5169153336635798,0.5025986614597899,0.5925774564360448,0.5821196871997587,0.5735130444687606,0.5851187608223787,0.5692298782704136,0.49408484990644674,0.5395889857205352,0.5047617726531246,0.5197005422625948,0.5616467204127197,0.5180563895707307,0.5547773185818943,0.5558503950486113,0.48556046198956704,0.5788277759432456,0.5522290081543116,0.5104742320128236,0.542907988556713,0.4966814083640653,0.6712015661758198,0.591564553248388,0.6950052917216717,0.46432595895293594,0.6139836404938848,0.4772779447043657,0.5148275855931304,0.5607711946777422,0.4829717460631503,0.665349138897264,0.5526453047835718,0.573079466048104,0.5429880410161564,0.49550677106665936,0.5536316345436711,0.5155197880029402,0.642684276929793,0.5511883120683422,0.49665666146128573,0.6101443366652248,0.559327592485292,0.42217125527065663,0.5022611536288382,0.4511096231784015,0.5502833683684925,0.5483274987971805,0.4784858565095081,0.5544289745122017,0.5415522300049721,0.5065397759259073,0.43133405234231437,0.5400465582096857,0.5708288028258335,0.5451148694744756,0.569159049774088,0.5058684802881,0.5162203895927501,0.493344313158468,0.6651240391442904,0.4366520953931881,0.5257788088191343,0.5575368381713496,0.5582791205406196,0.6061120361656898,0.4607135562062173,0.5715625115446242,0.5454802058298699,0.4030280366019963,0.5315337698319366,0.5093554637770141,0.5587943508055802,0.6110671228977184,0.6449757403248743,0.6023441324946736,0.5184543293484589,0.6420162770003734,0.5639796359886153,0.43029379759243785,0.5625910552777671,0.5685432833922467,0.5598223781399624,0.5584999507059096,0.3776208835344068,0.539864312808034,0.5280991188802685,0.502985435201439,0.5082752009639225,0.5038752613692488,0.5358939575437313,0.608647611015715,0.5835343803389081,0.6218781537532415,0.5775222710516065,0.540102575343612,0.5462766124817999,0.48242115572901334,0.5764751727554435,0.517268156912008,0.5487240361802339,0.565382613500114,0.5717262015775174,0.6422626174266389,0.4185786984359616,0.5063507381152348,0.6265070100115294,0.5526807200134363,0.5134666787018055,0.5860110059022196,0.46032532472722676,0.5231704854777547,0.5765155108816495,0.5837745058181845,0.5348596820519856,0.4461782641318072,0.5625180068725858,0.49544497829224254,0.5516062367436781,0.49112851015770487,0.6334300457173376,0.4977543982298118,0.545833711384656,0.48530698031645914,0.6181468203453909,0.657603099164019,0.5783262339247381,0.6134085449759649,0.5450511796213123,0.5766398090612749,0.5669345775345211,0.5253559916814039,0.48422859174943644,0.47934404551605436,0.5416168089553278,0.564721883560141,0.6772770983361027,0.58319701370856,0.5019200620790502,0.5315851373838614,0.5998058560105795,0.5902186031899188,0.5960009046063672,0.5445106478936469,0.5653789045755697,0.6110770051037926,0.6056939094753176
0.49249432868931686,0.4326285833997957,0.49250243206102334,0.5353341760385201,0.38905708124970384,0.5138916959222389,0.4070126794913826,0.0,0.5141928447298146,0.4314269139237781,0.5249951237723994,0.5066180302083596,0.5614735193323659,0.4275311209959604,0.5359491203218695,0.5285770964538606,0.44944313842454736,0.47585353253028523,0.5007476830616664,0.48366778065391486,0.47276647322810406,0.497070459668881,0.40554312116232594,0.425830415843811,0.49149367292389956,0.48783720745319953,0.5151857082570727,0.47893047094490543,0.3820774420837173,0.47311540383507983,0.6109147327327861,0.52758028395363,0.5431964711861273,0.45141496539542986,0.4481226696227743,0.5086956843162516,0.5609885410526708,0.5319874366769413,0.5609169328064643,0.4284789112642266,0.4534703110105285,0.41443485312444767,0.5696562670222349,0.4644495223317676,0.6272511980404847,0.5106638823424943,0.3828746050243084,0.4899394988590921,0.44403112335378814,0.5056766029547837,0.516876325048845,0.4445081103239023,0.3858048117203768,0.5182211205725679,0.5457431161506873,0.4098024613718704,0.48819545215985377,0.5782844205591793,0.4143744558097588,0.49459191820339365,0.6543856132055312,0.4821800206854224,0.5505988866880382,0.4035996072240161,0.4386981358197572,0.5074731014323023,0.511327094914645,0.4946118683640219,0.5365319647163709,0.745838176933668,0.5348908573502452,0.429648741289487,0.45120080794562445,0.5448059614617846,0.5637321537792981,0.42252371999229715,0.5707528695916078,0.4110929587458325,0.5385154561221135,0.370760872261574,0.42316229112971165,0.517830824943937,0.45630820467041233,0.5632783241991033,0.45486332849665173,0.5294509727480577,0.6449766492261002,0.5146789653371561,0.5288708854433851,0.4898317720055307,0.48002936983855865,0.44286834129035363,0.4707841342923107,0.44381986746989127,0.4266799234885001,0.5049661630804869,0.5753399852539036,0.4322002908128915,0.38349772034311413,0.4944392327605651,0.4677805228946219,0.656752067060709,0.4837444535309651,0.46414789990689836,0.541533248704223,0.5045525828350003,0.5507018685710425,0.41861948052522924,0.4406618197252997,0.4135058500314755,0.46397101301124904,0.45664476816682653,0.49006874267221284,0.5056687892981014,0.4893470786704072,0.45036576223132285,0.40210807036544366,0.4862037927181948,0.4234024444598532,0.44028533219899163,0.42629949439391734,0.629407750224612,0.38633917027405507,0.47289011997451347,0.3881134067857847,0.5281346684332869,0.44095781154616054,0.6043039839447871,0.44652007936355415,0.5017724928778925,0.45102218384493126,0.5326003450311437,0.5593518493912052,0.45385296980301504,0.5476121593488945,0.40602618934509344,0.436187521084431,0.4551921376121862,0.4889004319783575,0.5600811772492281,0.515892930032083,0.4503764809436631,0.43689232310031456,0.4780170280736456,0.47471104563690125,0.4498186775722392,0.5168410398041087,0.45330355193466626,0.4498034209499654,0.38337141000498426,0.5904487061698902,0.4013800642707189,0.49280643850332895,0.4264976325371199,0.5016563252639106,0.6071625407742892,0.4930946802252652,0.48944689726989815,0.4264021843493831,0.4677983826149514,0.3949549931443106,0.4048526886901865,0.4155261325029651,0.4498948047744888
0.616837101029858,0.5510914401368607,0.4837539492585511,0.619573335544907,0.45672188159501054,0.5626340614505225,0.5388131886494807,0.5141928447298146,0.0,0.49964386119489124,0.5256643149559801,0.5196801329625326,0.5687664589640491,0.5726296159436165,0.6123610436007921,0.5111438224127787,0.513193472417436,0.5859957539753197,0.5416024168428242,0.5413499628734744,0.5348403800220983,0.5650412919706497,0.4870333219537964,0.4916829402052974,0.5690389790948557,0.4865491215144348,0.5944226980769657,0.5302301260891725,0.43521382175584994,0.569521129266888,0.6718729512087954,0.5732640754486337,0.6102284802026646,0.4795194483842251,0.5810521270789161,0.5500364440720432,0.5726205879514156,0.6110440204254481,0.538355478343882,0.5304410941213531,0.5339075112668821,0.571649755673409,0.49875915496853984,0.5449710680866846,0.5470096414784325,0.5493181326041446,0.45753012500325363,0.47319515566170245,0.5512544212044501,0.5634692058832184,0.5816400826830879,0.5106448681815753,0.485623254454208,0.5499585658558354,0.5223219225414654,0.5934235695438003,0.5759676395193936,0.5377486239711773,0.5235177998678922,0.582486739198646,0.5188806177787629,0.5544407560754043,0.5025918590743862,0.48416857524466766,0.5602206931828754,0.5399964356779116,0.6333654970314689,0.5643190586770294,0.5371287598423052,0.5515567510607703,0.6194464733863959,0.5548593121525358,0.5712559901149248,0.5849855011501971,0.5966487315130807,0.5385976084334553,0.5277397952106676,0.49550807884635595,0.4964877025216998,0.46645165235987807,0.5243650088333347,0.695992913988623,0.5825884065395945,0.5421201809478724,0.5676230821855793,0.6214977227911833,0.5077350269175817,0.6029138457291966,0.6050958105310779,0.6974831191782208,0.5780119035119524,0.6369058746016262,0.5419119565476291,0.5453598427179105,0.5979167997546426,0.5816471609948183,0.5348285980528926,0.5278281078773241,0.5162579256523655,0.6025126564645878,0.5967601197515968,0.44138210600891586,0.5565072171439204,0.5078020601378712,0.6038690608942218,0.5171505974012875,0.5336155986095499,0.49311420041870535,0.5274282435477692,0.4915903698956642,0.540538877564595,0.5625622348847652,0.6081598337866743,0.650685320853104,0.525438614790719,0.5565607364738703,0.4980854018132609,0.5075676233397237,0.4726839924776073,0.6181138526382283,0.5360458811403085,0.5271973210125723,0.4675406857998492,0.5941723787904495,0.5447228014311578,0.5199752408993497,0.5725797886528942,0.5098959146170912,0.47820518457194827,0.5913479641051663,0.6404117929049032,0.5713803600807082,0.5780778291266198,0.6452692555242112,0.541749528887169,0.5127288526505052,0.4814619279661079,0.5587864355006035,0.49177084707445595,0.632337980017346,0.5654212415663019,0.5638607427354692,0.6249579334206568,0.598691106755224,0.5694359333908074,0.5184875293882263,0.627460342911064,0.5439844959569431,0.49516979627501645,0.44431471615143486,0.6073930516004291,0.517324426398006,0.5616705123306295,0.5056529224492097,0.5700515631291928,0.6445201132878569,0.5709951461059889,0.5710382808330552,0.5769145998707746,0.5875655727823157,0.4878743538966602,0.5583276409102541,0.5826629119043018,0.5877538124933455
0.515960631306496,0.6721558424952905,0.574765024755248,0.508308894108806,0.4653292799867493,0.545460186323322,0.5620285527694755,0.4314269139237781,0.49964386119489124,0.0,0.5194685562821391,0.5613058960302426,0.5210776020653336,0.5391395239186086,0.5447412983966018,0.5224401708812731,0.5462509839146198,0.5335696202289442,0.5555642502701758,0.5255989877780815,0.5425836442317671,0.5821811832362398,0.5163081548682371,0.523401919047869,0.641998390269445,0.4347193103517329,0.5187336817737951,0.5177835792350943,0.6533602066170253,0.5180387036908128,0.5408449982234033,0.5871678973038272,0.5356684446406416,0.47322315491001427,0.5516967707159377,0.5514002416183674,0.49816369320188314,0.5329329777707562,0.4966865649391514,0.5417986660289452,0.5579951257869492,0.550831483659854,0.469076343955647,0.5528685885855636,0.49586689999573963,0.49638822833920065,0.500686385530549,0.49530490086862355,0.5920830427336443,0.5171637568535095,0.505415247985322,0.48174378854336825,0.47421533443311253,0.5499187858107458,0.5514680626902034,0.5474459585606734,0.5071597011126517,0.49052721675928507,0.5827548294069207,0.5233286547977837,0.44544984014679173,0.4626776973465689,0.44565923838456944,0.5390947554720776,0.49577566131835704,0.4691975289397504,0.4945095216322786,0.494166814565721,0.5356111771558307,0.44746606032094716,0.4841569956896552,0.5324160305964322,0.48250897720620783,0.5252858630492976,0.5393631578839031,0.5153111064558142,0.4564065886021729,0.5254315865030309,0.4384655295625873,0.4555589806003681,0.5490023246273193,0.48319713413122456,0.5537913695589604,0.49313098825955665,0.49578528503423797,0.5375489220222848,0.40895038261402483,0.49965619419206403,0.5257550835879079,0.49510346878026573,0.49469908570467,0.5493809169322387,0.5897320335263893,0.4905776807847949,0.5106990956599894,0.6238038201190407,0.444057260542117,0.5586435752247707,0.47398209315633133,0.5185164669457087,0.5426479258090596,0.38798006969036025,0.48231580326428103,0.6738163903649386,0.48757238655696244,0.48205470495568714,0.5077154892493159,0.5524115551362344,0.5547185981565422,0.5700119587267786,0.5432921328224932,0.4854934677321943,0.49912047047233493,0.5179011136656306,0.467371774047544,0.49917991541541534,0.526824317563292,0.6506617613315018,0.5674080359975594,0.49652403037165604,0.49628052173682435,0.40760349718999117,0.4692638881161191,0.5412991943308384,0.49146418531645747,0.601955985752368,0.4821910357319357,0.4509607546455186,0.5970216809024386,0.5539700687901421,0.5946853790199514,0.5083906924791669,0.4343742420460448,0.4779447345420222,0.5276684697595173,0.5228623934579443,0.5206545153457572,0.5417907944553395,0.53629645161083,0.5326513256827821,0.5332333532821297,0.5905143993622004,0.533721424088656,0.5358355107747577,0.5698879087093301,0.48401447898763056,0.5127386582381865,0.5711347509253902,0.6671359673863827,0.49411572464989245,0.461746291089304,0.5687988343707532,0.5311880885445662,0.6122920337176301,0.5897941548018923,0.4938671113389696,0.5125817344334743,0.5422492788253217,0.5263001405749073,0.4982288252296837,0.5635228073795855,0.521646571675054,0.5210900441994003,0.489677768520983
0.5674195055672938,0.5295662962654379,0.6497472642110896,0.6160353640145295,0.5165006404811673,0.6283988779272216,0.5189176763041179,0.5249951237723994,0.5256643149559801,0.5194685562821391,0.0,0.6446298450918715,0.6439164071110552,0.4999247241314422,0.5907535232263674,0.7067933111961597,0.5795840847250056,0.5284364092290919,0.5773461362953474,0.5502880453645607,0.6377426371102023,0.6672696311478167,0.4834043014446517,0.5755068203635665,0.6149642089894417,0.5925478219798759,0.5449201291510177,0.5460297329789001,0.4914428893289178,0.5541652833998857,0.597322839224478,0.6250172229761269,0.5882873203625064,0.5154164063098019,0.5386655600877757,0.5885450326004125,0.6830786936708908,0.6128850549351685,0.6537253970680615,0.5451358541708852,0.5471185752322331,0.5360882090344007,0.5756226989661583,0.6717035012771428,0.593881430697389,0.5253933720610146,0.4513957764255242,0.7341363095100755,0.5709177605343176,0.5651679240414308,0.5997255079486934,0.5400301804200598,0.4189453669148906,0.6565233547485797,0.6726941645783431,0.49335519386933807,0.5661311050248691,0.6729763639460408,0.48825082646100454,0.5358543047305452,0.5605967321925268,0.48992571783227334,0.5530637741213796,0.4846297957571623,0.4837289141307021,0.5160434956935414,0.5873907178346285,0.5767179033770815,0.5692340230278604,0.5670081904222793,0.5969823722901076,0.49394784845569195,0.5372534869162026,0.6584562873475316,0.5997371522771228,0.46146164185660055,0.6460828348202597,0.5558208386519354,0.5057613734336721,0.47426445295209985,0.5182073479458176,0.548652229353725,0.558311552297851,0.5743648644564653,0.5381467891097929,0.5937290622385252,0.5391412146312962,0.5173425784577289,0.5170368718217205,0.5498044910169105,0.5904002065948534,0.49943304235363034,0.5842323671963832,0.49941003863962663,0.5113905595201217,0.6310982240061499,0.5018617108327007,0.5115213462396797,0.4503657199552504,0.5295402533173026,0.5577812510609556,0.491311875418181,0.5256132062157578,0.5292455249013706,0.5379713259799652,0.5568963092180457,0.5797986564898241,0.5146045171294793,0.5125756625785393,0.5711127870957868,0.655790034895227,0.5448879464981193,0.5825968087732579,0.564325039437585,0.5081307705477759,0.5433327864152103,0.4570195053292394,0.6262547916654307,0.5888895110280993,0.5005441005257586,0.5603733542675398,0.49644475255574916,0.48128232565169926,0.5928416159485426,0.46966664591399526,0.6422562642039328,0.494095710821334,0.5916550860247888,0.558430822307435,0.5635088454843155,0.5096089862152753,0.6677496540900548,0.5504943509503059,0.5403329888796455,0.695197359881775,0.486181336931505,0.5126955375014114,0.5589890835593107,0.5630046770086546,0.5935932330763569,0.5245685798496036,0.5885211617217265,0.504066884096547,0.5544251802335897,0.6707077672959443,0.5147417880756356,0.6193474630284922,0.5156433985553202,0.5437334097766987,0.46630377863590833,0.5913693631995329,0.458511337534928,0.6063054233541622,0.5213364312141562,0.6347918321531268,0.6240005055997295,0.6414615990176389,0.6443989707924681,0.5134530429042934,0.5708927412831662,0.4531523018101157,0.48276586676291827,0.48283703410333306,0.6044219717295617
0.5294930114770116,0.5651571682185956,0.6597153614618684,0.568755612455886,0.5232326578007184,0.5899564390535101,0.5302612170144262,0.5066180302083596,0.5196801329625326,0.5613058960302426,0.6446298450918715,0.0,0.5598419550828977,0.47748925008498694,0.5727713431423826,0.6577325295519542,0.5885887500480286,0.5102815256699935,0.6289527489241945,0.5485571949290016,0.6491592686526908,0.6279918282958332,0.523315369884742,0.5870474265349871,0.6367573488425882,0.5289387227914696,0.5489184632394352,0.5437120365927124,0.5091640745782766,0.5985311320519507,0.5972826845314427,0.6052505127637008,0.5631100074892179,0.5469473246513514,0.5288198634352423,0.6111990251970674,0.5675770563694547,0.582269863278366,0.6386994104811746,0.5392976015363422,0.5756957561672943,0.5552473246670426,0.542346686475878,0.6101484943701488,0.582875792200548,0.5257115187360327,0.47947182407180794,0.5818154259776428,0.5768900339281838,0.5604000042672231,0.5613904490363771,0.5317991573136653,0.42128402916353475,0.6221504417147535,0.6210212596710338,0.5079271146212095,0.5510797776225459,0.6737280847393776,0.48669790884514746,0.5462619685868212,0.49150350123711434,0.4735454457224097,0.5028758805521946,0.5059947326653992,0.4714640516128989,0.48258117971201264,0.5200523779035793,0.5100727247511565,0.5370355323709268,0.5097453883049838,0.530777069654679,0.48511945869166395,0.4931775513793218,0.5981967646121814,0.5763824891427412,0.4516367072215882,0.551364021671937,0.5619657685256081,0.49414176009347877,0.445188709380053,0.4997062066779412,0.527456265986264,0.5617213908853032,0.5209100068651967,0.5303216831078482,0.6047128625187033,0.47085122104005017,0.49265682737866245,0.5172330918334508,0.5455052913022627,0.5654373180262183,0.5240601789547435,0.5906780276676202,0.48026760729815376,0.49055592161359135,0.6226440962015285,0.47561455238772077,0.5599080081212129,0.45295110099268765,0.5205972555231478,0.517155742378321,0.4546173852931277,0.5174114697771679,0.6015847949452282,0.5141172557344379,0.5592731207442554,0.5747599772081862,0.5527917133786815,0.5264858409189032,0.5793880480125384,0.6462328686218517,0.5366970269417657,0.505905415517174,0.5473085429658328,0.4864652535290093,0.5471405447745834,0.4711927736633929,0.654702437383514,0.5770510651144617,0.48982150604841596,0.5422110736299852,0.46156987653056214,0.4759632000165937,0.5689104073811417,0.44812949839291916,0.6317286218073686,0.49113984810554445,0.5761792295636492,0.6013771250006364,0.5319088598349629,0.5482779564775203,0.6077411544426946,0.4725308717161846,0.5141213527480947,0.6193865149071708,0.4636649683353858,0.5360276769975071,0.5499452163104361,0.5763935324697145,0.604185777003811,0.4808809903676529,0.5755581831716112,0.5134586278098899,0.5496305877591195,0.6224163832051044,0.5238971911262578,0.6321587429485329,0.5190467593705922,0.6034309775257081,0.5043442000115657,0.53385743946092,0.4639856853429152,0.6313814181481385,0.5843082249514381,0.6971028722797654,0.547974450621616,0.5476012246834208,0.632108376631811,0.4745823966135536,0.5155407791615043,0.45135697164663335,0.4738195729850243,0.49205578610228035,0.5515421334845275
