0,1,2,3,4,5,6,7,8,9,10,11,12,13,14,15,16,17,18,19,20,21,22,23,24,25,26,27,28,29,30,31,32,33,34,35,36,37,38,39,40,41,42,43,44,45,46,47,48,49,50,51,52,53,54,55,56,57,58,59,60,61,62,63,64,65,66,67,68,69,70,71,72,73,74,75,76,77,78,79,80,81,82,83,84,85,86,87,88,89,90,91,92,93,94,95,96,97,98,99,100,101,102,103,104,105,106,107,108,109,110,111,112,113,114,115,116,117,118,119,120,121,122,123,124,125,126,127,128,129,130,131,132,133,134,135,136,137,138,139,140,141,142,143,144,145,146,147,148,149,150,151,152,153,154,155,156,157,158,159,160,161,162,163
0.0,0.33326981476960515,0.25830010990067837,0.315887834136714,0.2863660833601637,0.29739994589971774,0.3183340812858464,0.30546189786045597,0.428995313182194,0.2828201920954144,0.32816594736656146,0.3198568818004973,0.3734064329068295,0.31989199620487946,0.3233734700619801,0.32187950235126656,0.3464534960340475,0.49005198969013397,0.35882801049270013,0.5119935119202392,0.34953133875424847,0.33341777916397014,0.3250245272503552,0.29251231618457224,0.3943098435641062,0.2743360368550588,0.2639205597362286,0.31284770837680564,0.2560611388945282,0.3140804156919315,0.3681592878701815,0.3561175630729059,0.31475969927874753,0.32811869928158505,0.3964624361325167,0.35160696140206404,0.38472099942114213,0.42831673282714294,0.2952724159640992,0.3303305383963203,0.3226141847324439,0.33174878350330983,0.37465594378405415,0.35448441948217596,0.3271981365508717,0.4061144567033799,0.3009489070876011,0.3091435630176241,0.402589530751163,0.476315903176638,0.422060388472106,0.3559757524454993,0.37430546126241665,0.3169648922629285,0.31921250242461635,0.33603228622786363,0.5471480751897796,0.32143967721506556,0.35296295898045893,0.40291514955129676,0.2914075661250117,0.3223121713054469,0.35115451021736266,0.3132058243329759,0.3856444912930892,0.3899558803190688,0.3329340535852798,0.34013910133871267,0.32246850620500705,0.36590084037743686,0.45191436044556854,0.36364299878641154,0.36634465576853303,0.3623792322337486,0.36463690160246853,0.35995509512669965,0.27862577056714216,0.27455216867840865,0.3763519961514632,0.264763173531922,0.2999362854305569,0.43503735759997875,0.347236988130345,0.32277036954610666,0.3806928322526478,0.41891555473946573,0.3183580656439146,0.45060382614940686,0.3580564085999433,0.3532478991933555,0.44883936094212906,0.35842380800190676,0.3940114116206479,0.4268278274232408,0.40359545908218386,0.3242779716963043,0.2729012557601827,0.29525418697316747,0.3121580522731737,0.3565997006311805,0.33543340806500355,0.28852279040563267,0.342733801952556,0.29851448245770634,0.41869025937311183,0.33874256946201436,0.3295636573093438,0.3463175097492658,0.3320176047607684,0.30770850115745413,0.3448840278161446,0.4459428762565557,0.389827746834786,0.3328548821252629,0.40390184835028065,0.3450148912115764,0.35238108219846676,0.3467988710369317,0.2846189734159116,0.31310722278910197,0.3550597529972747,0.30274791666094125,0.37645906020255143,0.3843775549886443,0.3385340711761653,0.2906620410041285,0.32125911244334693,0.26893999568133636,0.29381062738563674,0.36844957388125726,0.3030886459694402,0.3011204857339283,0.3247266207766839,0.42878748136409867,0.3318302408102861,0.32825037781804733,0.3797446219198763,0.3378335500012021,0.3154614566329444,0.46363980615258465,0.29449705542038795,0.3425068423323044,0.42047815988788056,0.3423281023638848,0.3720510175068069,0.4460731076187171,0.35906274262674126,0.2892355514048461,0.355032603995148,0.23503741355170119,0.4368764080473481,0.3668026776258158,0.41722793311648476,0.25507575509499475,0.3654352243366223,0.3940560338422446,0.3242320737613669,0.30454990681377536,0.3243311236160549,0.36496436521450043,0.26355517798936057,0.40958374736106545,0.28594985257343075,0.49483888666961634
0.33326981476960515,0.0,0.3161578042027662,0.34823463697355816,0.24874820502029862,0.33926566734448427,0.34564099370246354,0.35438103835805346,0.2747186113348662,0.41832333479479217,0.3391346801310715,0.353135118675011,0.3638658307271289,0.36921924305348985,0.3145875919261883,0.3064212266488243,0.3354162060982886,0.35224828549083814,0.3588800244780111,0.35264849520998703,0.3451435486469718,0.3897983361716776,0.36288374852807526,0.31198298417222176,0.4070608242612434,0.2670763446455338,0.26474459961790475,0.3031884289599554,0.37478545199137786,0.25182992003300897,0.3179773147883641,0.3432512719849531,0.3778197391493316,0.3030513891988277,0.3338563429925159,0.3884370997150092,0.340984047573647,0.35332895664402353,0.3103374922314222,0.3526432991658012,0.3973299397175075,0.3145176837244945,0.27479785544053603,0.30398541674085133,0.4238292211107884,0.3399910049514621,0.30429226696953066,0.29803879102486447,0.3852269289176973,0.3443617104606369,0.3379071682266447,0.3118573877829755,0.3739976848193437,0.4389030909023409,0.3733603992996322,0.3388661700418064,0.34503561212580786,0.2938888559496612,0.41952977929206314,0.42437766652894005,0.35154504502979683,0.26424854463896913,0.2821887866253927,0.3043873670854192,0.2876247959895297,0.30171373067608553,0.3381727711828735,0.30187789762832784,0.32228245385874305,0.3190364823783092,0.29898165582694597,0.34143717620227565,0.28373205837824456,0.3734187671690774,0.34379758462987026,0.30048374739725947,0.28218635588188146,0.34494189205474934,0.31628589007738983,0.2359067082066364,0.28863641749803975,0.3056635584165286,0.37815769919015074,0.32805586201559594,0.3179721882217151,0.4447237557996362,0.27897785360287924,0.30072860032624005,0.30038917756266165,0.35566861309582015,0.29861107567909684,0.32850776248175984,0.3675091985212564,0.3314037770702814,0.3666070223286746,0.3899187948695311,0.27422399716449297,0.33263189073504446,0.25793539705359014,0.35333588128045135,0.3216954681958678,0.27108903243607607,0.26883931212690876,0.34568323668486955,0.3107990438432009,0.30683745627283,0.310968467328755,0.38639678872376804,0.38082876613143907,0.4151188404351836,0.3270537555928978,0.3115655717917305,0.32621335760557435,0.2761437022011154,0.37634158939838347,0.35266782334192137,0.32279832956277693,0.28454567121184243,0.35897340969734365,0.27071397796414004,0.29541025478488137,0.2634295077174632,0.3505673769238399,0.3402256723445078,0.27444520644305864,0.3940188706613148,0.29963924169732364,0.3345446334864373,0.4351336973992427,0.34049435093830926,0.3077714348904368,0.27158001731721704,0.28200148475160725,0.31927924706923316,0.34243525775429917,0.27695970732051506,0.3321005086146975,0.32831514016519875,0.3650125239174447,0.326122566231378,0.33283603589600497,0.360238929752759,0.4175591787962678,0.32508515349682926,0.35993980550886406,0.32772096548822055,0.3051727963765894,0.3299474686779943,0.4335334112361232,0.26374110606857964,0.27338837195069726,0.38895304552731885,0.32658609406886663,0.3732684484448425,0.35713940125085764,0.34675239585022943,0.3233124760965836,0.31279872082725135,0.3051480239050975,0.27761549655259704,0.3336871773289814,0.3419186092181966,0.2672625250201725,0.3010605485995145
0.25830010990067837,0.3161578042027662,0.0,0.2795061060738075,0.25958198472876565,0.3447339981482208,0.25021904208371376,0.30048227059638966,0.23232280951128367,0.34627011211380065,0.3549200646550829,0.3125300483322307,0.34850851190134907,0.246831857844672,0.2530274316787738,0.42183636326579593,0.35063256800084447,0.274210584192144,0.25243509371967887,0.24731418728162294,0.3383877894153079,0.3967899593519179,0.24458920923414032,0.2719803999867031,0.2873018101847373,0.29880691072567594,0.23421142974096254,0.26892612734237453,0.28599202286170067,0.2693758841984342,0.22648250885982482,0.2998078776865525,0.26391178908395824,0.2318942704899327,0.22157355662254505,0.27512889572298904,0.29081394425094875,0.2886982939432913,0.2607314659676516,0.26554082023837694,0.2834634692338342,0.2943732387904856,0.2576619026306639,0.266668117582143,0.28006472022426754,0.282513183959724,0.2765435717434784,0.3148938428919838,0.2599383530050503,0.2678350090431226,0.29165435146966506,0.3111266237510988,0.22787899364227845,0.32716763459459325,0.2905400329778342,0.2558504919380257,0.2597024902577752,0.3462385892093953,0.258241926712795,0.2671214270730081,0.2864129079856459,0.24140149945192182,0.3060600945606823,0.23071846177328637,0.21135387909817074,0.24776963842991237,0.26212479296890995,0.3229152360713932,0.30027860077421,0.2923837595443334,0.28200413647148637,0.21477177492877042,0.25207758437213357,0.37776458473720964,0.3213835950224249,0.200335766064434,0.3116842070648159,0.3080423319698577,0.24987174229632464,0.22868679300100872,0.2922872106563947,0.248284582754448,0.3376723770021602,0.30528376195290075,0.24386539332496793,0.32392417461236583,0.2324613795148917,0.22470713703883113,0.248037269034452,0.255637941847775,0.2976722378553243,0.2126240988591367,0.28974343741841846,0.21762444616180965,0.2570658398520009,0.3033990310845904,0.21990353997550463,0.2525647398189696,0.19226143713988897,0.26637544861685447,0.2172030682000868,0.249134143955377,0.21828200367162973,0.28525513224723886,0.24110066185666998,0.34446510771922295,0.2844658790194015,0.3018319682978654,0.2710805463010984,0.3286034307196883,0.2666745596401516,0.23020653273316946,0.27280409966676916,0.2555192356962326,0.2605265823196252,0.3335436120480755,0.22808162683966987,0.27770277910821123,0.35049675185505486,0.24730999683492927,0.26659384464378144,0.2411673912031872,0.2349392951426573,0.3004688535522022,0.19289265847872653,0.34211563504750764,0.24918544736510212,0.29256736767060365,0.33050585407225885,0.25333068088579874,0.2610232224034726,0.3811484318642425,0.2300735262191713,0.2301411024650324,0.26791168601794446,0.22012478565152638,0.2592058935416068,0.22443054181910524,0.26517427485129547,0.2547008331853222,0.24412812309949805,0.2723930795409341,0.25164895909625984,0.2607678185444359,0.27475647617265475,0.23164326311585234,0.3118093077619136,0.31573701089095974,0.3179925375725292,0.23937621277758117,0.21245928510312034,0.2311024109616517,0.26879602404792713,0.33301859554881924,0.3119263163203955,0.26259481857567585,0.287502463851366,0.35880176042492545,0.19723228765925715,0.2527938684422409,0.2729373407858334,0.2091775488660397,0.2325493469168873,0.2811782758598046
0.315887834136714,0.34823463697355816,0.2795061060738075,0.0,0.2287079193820827,0.28924887973226265,0.33663228357609365,0.3444515522510371,0.26936843949580813,0.31727976120699714,0.3174307134239234,0.29210990622530925,0.38339754027824036,0.34023140457679224,0.33903652081336005,0.2965462962421594,0.326624248770763,0.35790757363764736,0.3065132191770264,0.31439443864353434,0.33190583845061294,0.29623323102082466,0.3674211919151598,0.2916210115929621,0.3507735338671102,0.3355181050927308,0.34002087506614614,0.3378705771319451,0.27714547500173586,0.23662115644448756,0.29471150275703534,0.3135656289535687,0.4193107611725392,0.34759440011935616,0.2977087408772024,0.33909446628617224,0.3463080458183468,0.34776815997640514,0.2814384737264973,0.3957767119633916,0.34784062518212266,0.2982198058617004,0.27888615291032914,0.28361046798410755,0.3860892927519731,0.3894016514164121,0.23495325415380386,0.26650636800617017,0.34087649203591,0.3224710271987182,0.3893493576823762,0.32123079674401706,0.3273361515529686,0.3843040905853629,0.32068173016359197,0.2970475100994202,0.35553108934101957,0.30084756508118354,0.3629916942350712,0.41678598419523205,0.3922074741905417,0.295754047360907,0.3134131719899648,0.24969685271654557,0.2910574539877861,0.3691048095761398,0.4773372513915052,0.29404713327067244,0.32498788571335196,0.34812564302092214,0.30250357999631217,0.3031511035393907,0.32477569821531654,0.4896466529401764,0.35142331646618985,0.278369658692815,0.3647054751905665,0.3116238059579919,0.3450626007902215,0.23232520454560873,0.2807702711079552,0.34785070326752227,0.30657835811633505,0.35917592410539334,0.36688049572306625,0.3830984632987708,0.3402448348204897,0.3498529615642249,0.3511525243352275,0.34660165104796825,0.3159567780687344,0.3034079332205721,0.2870599110729075,0.3123260339581537,0.3640014476116996,0.29126856231995524,0.26503371924027275,0.3098003244157,0.24258544690705872,0.40676833155114,0.3144926449261258,0.3080183958074254,0.33788577475396564,0.28005288181364896,0.3246259131196596,0.33244986580082714,0.3477815782126358,0.3269949984803844,0.37220778109931657,0.29950816998008295,0.328399106475952,0.32001498051351546,0.40825419035816785,0.3451374825529576,0.3744596691175235,0.3401638617074008,0.335437242541108,0.24238776287911207,0.31284467563025453,0.29747074176804134,0.27167786743710143,0.34385550963636236,0.3124782066872041,0.33643553418815775,0.2471256301914147,0.313811687562325,0.3277271798024075,0.29425078490206924,0.3387389787269776,0.36913716961396725,0.2688104203868814,0.29746541041524205,0.3617592668165224,0.3167750674543223,0.31203376288700385,0.24352587721611627,0.25080378229188044,0.3271966765562286,0.3525436399121541,0.34740736696866104,0.37815136247554204,0.2882152881924573,0.4017141987028355,0.31081064467854524,0.3152866590189406,0.32254198551718694,0.2875015862728347,0.3168961702711089,0.2905668212744067,0.22245216090553938,0.3292508598192311,0.3261669126274091,0.32386593152813387,0.30401906888489116,0.3570232052861261,0.37083058698442695,0.36825837786451715,0.32919008633657004,0.35793585127391675,0.31327736745027934,0.3257972260365019,0.2972898786837522,0.3072395518168464,0.3070815748733819
0.2863660833601637,0.24874820502029862,0.25958198472876565,0.2287079193820827,0.0,0.22890032735346244,0.295000636201731,0.218240450206183,0.2533246612967895,0.2240770484393268,0.2925209184865139,0.24572281665344323,0.24666373600322275,0.2473234812367632,0.280664436036654,0.28574585327178953,0.2912990873718166,0.2871553520987074,0.22550225494563106,0.2693698718060733,0.29619950882848384,0.3021520885325214,0.2567607856590316,0.2896418570085701,0.24683599909766998,0.2506266367773048,0.2094592293551513,0.22082716588920015,0.22193864856255033,0.27718534380037985,0.25707857159035363,0.22725570123792024,0.23522315160365567,0.21919134794532924,0.31937808196536943,0.26214922088201537,0.2800868067520445,0.28149123733414333,0.2748955180740578,0.24842316876014525,0.26987744124267743,0.28250898200426783,0.2802927475403677,0.33701641704648827,0.2265448714260415,0.23876570115675003,0.29281961897819764,0.3183686570058123,0.2964332412166679,0.2955336749955454,0.27969066844188784,0.2652156349550434,0.24593380934029896,0.2495598647092915,0.24200227674810718,0.22813443411612647,0.2595210389633866,0.2862686760217593,0.2588944687090235,0.24328201918584702,0.20248257934365038,0.20871121938451423,0.25306777679832076,0.25671871717566613,0.25684062031329086,0.2121202417497617,0.22402379070235506,0.2917630818753754,0.24493405353271078,0.25604360902676426,0.2757153366463362,0.2627105637066738,0.2279021255662259,0.266945890424422,0.23511065322047117,0.21205751022645514,0.24627456164260936,0.34475732332980713,0.23095124390751123,0.23025567589341175,0.24680297032830786,0.2550586809692158,0.3274052048044619,0.22193896220028406,0.2333351231214062,0.2617828948711201,0.21991406926888746,0.2404310726680795,0.21264020633613304,0.23466722845541624,0.34967922523180356,0.25280728389216367,0.3139668782736019,0.22049535912277934,0.2644522569402384,0.25556890831374046,0.19009052852174158,0.22055455091443235,0.23096766686701822,0.21316751208088872,0.2463565758664936,0.203510706871678,0.22639796051945507,0.22654318114178562,0.23270457431980676,0.2619180873298155,0.2188279338846233,0.2704833212122518,0.26815148242638076,0.2801596026105609,0.2669733088594835,0.26563639011564305,0.22724603468423582,0.24195480412672754,0.2369678455342031,0.261753030052142,0.22009011521310073,0.2610494764219294,0.24954240453635118,0.23098316187524362,0.39086063901285345,0.20694556893011976,0.23395820382403998,0.3027889776225767,0.250147172401371,0.23077748256757494,0.21358889727006725,0.24913201001717225,0.2308482189544269,0.2543123176237779,0.23068320818704915,0.25211811767778136,0.20823732486816907,0.25957720995530603,0.2602909117768186,0.2889285177210546,0.2848603140395293,0.29151417214564584,0.23920197895303155,0.2766962182987786,0.2181610271077535,0.2619845835683583,0.26263859796246264,0.24505834096387094,0.294031654793276,0.263125296917299,0.32381465700186196,0.2495926314547234,0.2421291765501152,0.19829795089318514,0.23828297406883067,0.24364068153921878,0.2918787815285525,0.25328842284859965,0.2654275971890735,0.2664013664219421,0.23462300384205906,0.2899762719134363,0.23315646053702033,0.22693448940518374,0.21590320390625337,0.2396217357095561,0.21830785318695353,0.36201607742974523
0.29739994589971774,0.33926566734448427,0.3447339981482208,0.28924887973226265,0.22890032735346244,0.0,0.2545930416542674,0.3396495639341944,0.2733799180219283,0.3095079348365381,0.3183518698308467,0.3686720366291296,0.37350783814109473,0.23968379471419865,0.2605668206092487,0.39639482044909946,0.3714845615264199,0.24958502826955364,0.3421108202885558,0.30042337190470514,0.3955611566421965,0.3201209940606303,0.23452361349943024,0.2465641201998303,0.3518262152564424,0.26746586499496644,0.2231447682601248,0.27425873016516616,0.2568155550665744,0.29572530279403225,0.2891064701283569,0.4703469995268123,0.2966858914503803,0.2859222986592774,0.2508465545598111,0.303476252226008,0.3204033690516052,0.2964638340775804,0.2838888477121013,0.2600447171844043,0.2897363696691062,0.35095568443335806,0.31276284949509614,0.3192641557526675,0.2933987101375416,0.2931251517806645,0.29190705345963824,0.30039153821235304,0.2580269102715648,0.3251337369392291,0.34539380841349315,0.35955146736700744,0.26584690781131304,0.34315789686685183,0.2920998808264852,0.3427619135609316,0.3161440092990892,0.4335290856723527,0.25726072537637734,0.2885790254552412,0.33710493601923197,0.32779602735546354,0.37807911000980277,0.23387403031371692,0.258411134433862,0.3054153479254573,0.2731503648172137,0.31967481934276853,0.26583945481985144,0.2983937785232676,0.31674120377866183,0.23374250689864157,0.29753345404974835,0.365586761364431,0.39772414613602575,0.252326750512931,0.3215976005829668,0.2859311475984462,0.2731951574617526,0.31040711566460155,0.3976182602765491,0.2921565027055378,0.3380849956945592,0.329841511213728,0.3257023397521257,0.3233365458365377,0.3145651730190853,0.2748978624586871,0.31754045329532193,0.2791959042662492,0.31805941802154525,0.2939590752887919,0.3268911512228121,0.27016879694666374,0.27427268075615413,0.32797024532305724,0.2830408946917926,0.33303838125350577,0.23071291584810733,0.3011660327810913,0.23482794498932172,0.29648811940325326,0.2694190266530754,0.26841894674779515,0.31169295432520333,0.38806673420883936,0.39949224836478914,0.33551055123970785,0.28067745205978084,0.35026739295611464,0.33221103741491387,0.2739899136060123,0.38075822081129856,0.3090200438659428,0.28333879305373744,0.3329665793500331,0.3168947809417168,0.26138600679276874,0.4341979645086124,0.26165491872272467,0.2640040549545899,0.28203909262936283,0.3175946781317009,0.3239885669798131,0.24688296003578175,0.32239109211029404,0.339229011890726,0.29345037475340213,0.33481237155651383,0.2467956558468878,0.3313077846895705,0.4743671829065984,0.2621239954196328,0.28153736171492943,0.2848909737110862,0.24508074524196521,0.3116463218409051,0.2328872457545636,0.2536407874420955,0.29729861954526526,0.2594332236878073,0.3710773121127231,0.2937614294848401,0.30906298528208065,0.31788979891978164,0.29174557887568,0.34119779346478113,0.3561402632341924,0.3294398988450545,0.28595751350182813,0.2578260517358005,0.2943258512358289,0.25616838699076466,0.30163504805359065,0.37993826105353934,0.28102658909443545,0.27653686313252873,0.3835977596651677,0.21261375123971948,0.33041669851310135,0.26697591481247407,0.2895606399165461,0.26800465459487194,0.28140532659757345
0.3183340812858464,0.34564099370246354,0.25021904208371376,0.33663228357609365,0.295000636201731,0.2545930416542674,0.0,0.24883906500400763,0.25063083376217304,0.28144239388048853,0.34126937253799633,0.34180155598295275,0.3267614145957851,0.29870615378196647,0.38263318659823164,0.27118840287949486,0.3040842944176059,0.33289309928992666,0.3078002144587694,0.2882377956116399,0.32452352593103795,0.33878779255590236,0.4415512454854262,0.4081149622394008,0.3204253363455122,0.3066419120495323,0.2706244561384815,0.2780493168468184,0.31226082972447605,0.2914159220373235,0.296434770363163,0.2865898832394671,0.35935386120846974,0.3187585277400131,0.2928336847176587,0.2970495597563369,0.39673700632250486,0.29553805242401293,0.3211728826170444,0.3877634828434328,0.41768535972143356,0.3036926625421372,0.32432397508039246,0.35270558476377484,0.3272264090511252,0.33812579941482546,0.305796735617129,0.3022635793517396,0.48795416776094563,0.2994192709601096,0.3771442392558553,0.29025777921448065,0.290211894474206,0.3628226119191232,0.35823093026905134,0.29028504885690876,0.32694007009439624,0.27392968913820875,0.3557474303730926,0.32920544655780576,0.2532915335141119,0.24288427284357134,0.26338745489573867,0.26291752148651953,0.2753838466272363,0.25867758694603493,0.3242030081114363,0.3360968248532027,0.25753529101802064,0.2694192646408521,0.33922181272373303,0.2999541983977136,0.23352423065186811,0.35753226436457963,0.2375474719309754,0.3034238680877271,0.3542883093066063,0.3730066117516511,0.28227548065080316,0.2574352781018202,0.2979090486481181,0.2942571098912503,0.36047059699495226,0.2488758493864584,0.2678438863524432,0.3187843033876914,0.25234552241402763,0.2962961842203437,0.2802300373529584,0.30546919606815903,0.3327244440829878,0.33625383823147814,0.36627801340830496,0.31522032498360664,0.30200708851011354,0.3467324277717088,0.22527731282616303,0.2890592904969595,0.2473419127490758,0.2985266381594721,0.3293287433081689,0.2626796138536589,0.2790781391136038,0.2874319291765868,0.2542871403232135,0.30843196966463216,0.2675274373078877,0.29967980557244184,0.4227906626265015,0.3741139893610285,0.4104581185607597,0.2979975554621467,0.2632188029704214,0.24649567054654506,0.304117202722394,0.31859795584347494,0.28661288459709405,0.30278455768632784,0.2846556744389904,0.23658394976096025,0.31790226450961795,0.24260032318726393,0.2808649106779093,0.41274467011773225,0.2524800818493136,0.3566125394642658,0.23525854984703135,0.338165515713589,0.27769021941706995,0.3477746946359212,0.23852558659309833,0.24313155404559034,0.2581343549902942,0.2726597140868468,0.2803334386077424,0.3116676790592756,0.3530488163268392,0.36063802983940785,0.3113939966597229,0.3709643585997789,0.31955746249439654,0.2811682939755022,0.32953993354534084,0.26422058739753956,0.37247915847618474,0.33125542470817865,0.3174638674973945,0.34413281051102634,0.27786459198127383,0.20372078813547193,0.2949009864905506,0.32020459297368925,0.32040794201942496,0.34822397517613846,0.3494771539395181,0.35071830832463813,0.3769607325532613,0.3460341569160274,0.3366831244220231,0.30367075173849545,0.3040637388009021,0.2942110519558959,0.2726044125358176,0.35765347868247493
0.30546189786045597,0.35438103835805346,0.30048227059638966,0.3444515522510371,0.218240450206183,0.3396495639341944,0.24883906500400763,0.0,0.2996779408864942,0.34551258569874393,0.2860739463032802,0.2953965506603175,0.3843739133290165,0.2926466835882095,0.26644372035284686,0.34665705111997325,0.3389314557398738,0.30113398869585944,0.2994822087044011,0.34078725552561867,0.32890506484771703,0.2797630242194573,0.28275178272350066,0.23377785268036647,0.3700642480401406,0.26948848904928485,0.2859613731894849,0.3271567003762845,0.23219961184682855,0.2433262858373423,0.3522018094510436,0.35360043531237745,0.30916394079876813,0.32294475366808834,0.3035191179926346,0.36317765954891895,0.34873437230604243,0.35636938765489123,0.2849765648413588,0.2772095598930354,0.2877576764415517,0.2990931340882884,0.299474900227888,0.27476876263202343,0.43334778557895876,0.3295562852264558,0.2550537580051654,0.274246313181427,0.3015350786737248,0.3192872632036436,0.3181759215084379,0.29324668866377757,0.29786402097889275,0.3175493420282641,0.3037102684659076,0.31904860142747915,0.3060424965574753,0.3487298854199074,0.33984110751945407,0.3311788127004803,0.5151168730117496,0.28410610656023594,0.3206669966071331,0.28460847849589405,0.2588303284686758,0.31987429919415916,0.3575461969357348,0.2991858900448827,0.3522878391498123,0.48679659750327187,0.3020175683106916,0.29288245469414653,0.3197687154919961,0.38580705252068603,0.41359956356160593,0.2761220751101452,0.34559089597196274,0.26935713150555746,0.360142408483271,0.21986962208425945,0.2873234911872751,0.3102027249345389,0.3195952836881452,0.4108384255644928,0.33999562573097925,0.40586980166087566,0.44514345322920834,0.3293440277333295,0.3831255904309379,0.3307914287111413,0.28688052632718936,0.3038785858367389,0.29590784981216944,0.27388368863885393,0.344111292300265,0.32203233276730175,0.31770388881873507,0.35624327157279195,0.23930781945640928,0.37102909859734395,0.2840668758986812,0.38472730706896824,0.2995018561501069,0.3159766951732295,0.35147112875737097,0.35653339415610774,0.367524041882082,0.39019115088574174,0.2910661080917854,0.3044672966897482,0.28204111369279317,0.29851470667896474,0.39518591691818344,0.3472574300502478,0.3172552695786011,0.30263584816875577,0.33497843142516204,0.2493567907636347,0.32104120918490525,0.30467747300019915,0.24946374311148325,0.4314127360181638,0.295409771202684,0.29809417992271564,0.25017201953110835,0.28791189748044116,0.31298165508412223,0.32630994998670276,0.36478111285668846,0.28778519547523457,0.3427706223123819,0.3185034334590568,0.3635401201593724,0.2878631223120766,0.3223138996695096,0.23417464582442227,0.2819182729816338,0.25319987358727836,0.32014872311180376,0.32802327140201337,0.31734906374946814,0.3088872389709947,0.3651943925467117,0.3362288916448981,0.3300132804142185,0.31621366496556563,0.29705554071661006,0.31204111332593293,0.35798005272444255,0.24530625774458945,0.3191151354707278,0.3312412445236237,0.2892004981969718,0.2859257908339494,0.3817691739385501,0.3798794340729233,0.27427675281983194,0.3299289771498323,0.2488272124064488,0.2921653727977391,0.2981087869516288,0.29587087602992884,0.2952906067304514,0.26673698296066556
0.428995313182194,0.2747186113348662,0.23232280951128367,0.26936843949580813,0.2533246612967895,0.2733799180219283,0.25063083376217304,0.2996779408864942,0.0,0.240583804894364,0.26091933621051955,0.2656339545880384,0.2700055932221792,0.3368456074622826,0.25934410749033443,0.26054409652839394,0.27004034238273933,0.3633614666267769,0.2891237777892174,0.39827778630032096,0.28075165982616856,0.3108575299591551,0.25817548891186076,0.2289136618015671,0.30604230664843596,0.24372283963709115,0.271956543775197,0.2780965213069413,0.206756166719639,0.30771492897810065,0.3640952986988213,0.2996246473038968,0.2647854744906992,0.26607342933700445,0.37452017761367457,0.3186331194020796,0.2849748616568318,0.3924284605080315,0.25242739333418446,0.24550976384350004,0.2617097140378889,0.3471984661196167,0.29885119172841607,0.28746511035814226,0.2982243574309453,0.28707784964851313,0.25904007667317047,0.2521726342017472,0.28560897714807115,0.36735169848235116,0.3006089351005779,0.278617156304518,0.31440316651386124,0.26284310578154635,0.2561242703850007,0.334422661484752,0.3384311776693137,0.2949793990091266,0.3070791508300085,0.291277035627758,0.25386927136946624,0.31833070459373547,0.29487429672137305,0.33177109253760423,0.36175620875579323,0.31474170554088693,0.3185256890425039,0.291311798827118,0.3148816200775647,0.32470412889050043,0.3615715551209885,0.3499916072557179,0.4242379944757153,0.2747429336986802,0.3222458956206241,0.3039016426342616,0.22978632644117133,0.22315023920231977,0.31368744632377654,0.22711903197469568,0.26140988154718725,0.45899407250010527,0.2876348615039622,0.28182275260247924,0.37093933995411155,0.35657242445325243,0.3288735904598981,0.4188139969146531,0.30959436744831237,0.3512085455178295,0.36741635229685893,0.4105027285637168,0.28744638955577384,0.29862493041974664,0.3858475792576237,0.2973941339612507,0.31962196978164065,0.31899865558273943,0.39193240069635277,0.2915362782722364,0.31063247598768373,0.2456286571048371,0.37889687320621535,0.2794755213713713,0.44812724080350463,0.2803880840912606,0.2594936329894237,0.29461457857040535,0.25308439840835323,0.23911580635417964,0.25670937322627474,0.4149896727620353,0.3562971737565836,0.37350748691352137,0.3046326009186098,0.2777818746092205,0.31273656024262636,0.2710926584214907,0.23585470522267205,0.34291140323718106,0.303493289488339,0.3051810214965575,0.33683752554089397,0.2729294196204703,0.43675882996140475,0.22923649700268725,0.3262157946320723,0.2366704799253184,0.24974650659377443,0.312926259634333,0.38306354109868146,0.2977494920545897,0.3031154376435618,0.4332622701833287,0.2953729350137651,0.27441623236002693,0.2789797072759845,0.2755622394120836,0.2903209851264733,0.3504430332594082,0.286140240007781,0.31657293215451815,0.36149899974362326,0.4030109578243852,0.300959039691639,0.3997770753605368,0.3534315515221799,0.22963866591526105,0.31075017405795213,0.24379230447795103,0.40050678032778003,0.303968833458494,0.31392248474671636,0.23741612775249213,0.2867014712498217,0.33992505887064434,0.24857985110846534,0.2507480130843762,0.302745599031845,0.28294726741682813,0.22912724553037722,0.3999977293710034,0.33234869860477423,0.3475488465640488
0.2828201920954144,0.41832333479479217,0.34627011211380065,0.31727976120699714,0.2240770484393268,0.3095079348365381,0.28144239388048853,0.34551258569874393,0.240583804894364,0.0,0.2787697786393052,0.2953187403093637,0.34017137440104595,0.290344277938328,0.255273660145969,0.30454674608004484,0.32905144097599237,0.3227696675637078,0.291273463530986,0.28740509084171667,0.2878271778795138,0.2835423482910128,0.3330798096851539,0.24636714686771682,0.4083894972250345,0.2360845372265197,0.2618702225753984,0.32076092920002136,0.3538139424160412,0.23447998737824188,0.27919024885758836,0.32047435807658164,0.26345512683226213,0.28540845658402036,0.27689432216681986,0.2993106744650385,0.3034846187767129,0.29605502713133725,0.24608725841622073,0.2910287662408442,0.2729819167062079,0.2908927272299686,0.25097323652956677,0.2503830578968862,0.316761807941388,0.30153625950416507,0.24862433273574655,0.2615485438147983,0.34596754155070475,0.25881290689726877,0.27677886054918377,0.25794896336884404,0.28124227646988215,0.30989567018194947,0.3168084690073909,0.3127820942779907,0.276838422947893,0.2695393417969197,0.3534253854408283,0.308120567600259,0.3495662050180612,0.24065632411533844,0.24153944204541286,0.25731520168419614,0.24287126935359843,0.26790607007339046,0.2932847418726314,0.2673362037518903,0.31235571729896566,0.32901415900304365,0.24600668646207077,0.29149681464890637,0.2575627066206731,0.34618085407880833,0.32259056141252995,0.27250807565269897,0.2798938081156368,0.2989896865403804,0.27141465463714143,0.2424728434923232,0.30121447913256844,0.2578159501472266,0.3250335839791151,0.3410571159813827,0.28989025119368544,0.3379954757581355,0.27384117544062964,0.2791115751681309,0.3329341384844936,0.2848110052501697,0.257512895892029,0.2671064248589588,0.2965537194731035,0.2558704834890671,0.3099186591376815,0.3277926802021001,0.219009141835891,0.3069291826752957,0.22621691137435426,0.34018159973418527,0.2792547078017554,0.2706681320055658,0.25458596636157693,0.36574433368822484,0.25603119220382475,0.29032584616777646,0.30284889384827784,0.435477547406733,0.2979042037974942,0.33150162332007693,0.2677076729956846,0.25963524224531326,0.3220830645055804,0.3082627546633041,0.28588063766730526,0.3086476893637792,0.31628777730438523,0.3032697039837134,0.35156069101592063,0.2795704753415036,0.24156436705219178,0.2706233572884062,0.2681168455559525,0.2951866384934396,0.23322633732454076,0.3447409828870226,0.29020993387593175,0.2572673917391679,0.4038039222384701,0.2741677317875157,0.3297457813384605,0.2650431832789757,0.2833147052605174,0.24819143350207437,0.27802272817337426,0.2317548412040426,0.2819465654932125,0.25693277897034006,0.3103932629576706,0.2939907084290153,0.2861465249939925,0.29998698603773627,0.3324743161670575,0.2635578236945596,0.29696020333277784,0.2867757079119985,0.23939312412654187,0.36901107883475975,0.4511171284834775,0.26069562015313064,0.24284202236386424,0.3420027402499213,0.27139050710574325,0.31418124436087147,0.3398682166154909,0.3051355172773275,0.2658499336944777,0.34060176078595356,0.2588065691013374,0.2866432666018581,0.36336335907751816,0.2918564852623544,0.28695671564423836,0.2595759287273673
0.32816594736656146,0.3391346801310715,0.3549200646550829,0.3174307134239234,0.2925209184865139,0.3183518698308467,0.34126937253799633,0.2860739463032802,0.26091933621051955,0.2787697786393052,0.0,0.39292834215359546,0.3778169006117155,0.2804766524631617,0.30362173255696107,0.41827725635192015,0.37999370380421654,0.34565951719462146,0.32703102460320843,0.29714784211973,0.35821816642364074,0.43942430682380595,0.3088172315691178,0.32004863739743195,0.3398501679314565,0.3123069205886369,0.28261903106461295,0.30886125253208685,0.30947720271950385,0.32022923033135897,0.28012152664196865,0.34013866197901965,0.3125183182376927,0.2691005287701046,0.2733722435932242,0.3335872282942535,0.40356077916378663,0.33669174756903114,0.3695913032500068,0.31083526218903657,0.3177481440357333,0.30304803330906516,0.3277816811990883,0.3375418587288075,0.32812377952004046,0.3104088213013823,0.24934611067984486,0.39007817397218625,0.36388654842670426,0.3080144172742163,0.38617412384064115,0.288206687410223,0.26287255818330185,0.4276913474818502,0.417900252736595,0.23284633859522388,0.3379680656595862,0.40509892194683966,0.32033385235572576,0.3293471538536502,0.3064724878222135,0.23429655824903303,0.328961446268749,0.2603490912808762,0.23263905684336306,0.2641715304130241,0.299160630753017,0.32831827264371,0.34822991822567706,0.3168171697642175,0.3227329210329688,0.2530163933136908,0.26557352895472675,0.401487254795821,0.3265616255638664,0.24433645552470354,0.3941108803545628,0.3328803677383106,0.2785107576233692,0.2281716553635978,0.2675464935342294,0.2677057103053746,0.3458448620707557,0.2936787205617801,0.2583647342021676,0.318451433349768,0.26756283541889364,0.28602704785671196,0.2609292002824258,0.2763813747254414,0.4146638767946519,0.24287450841219438,0.42343419414589145,0.27718485810806515,0.28370447743732147,0.33259416642872397,0.23532474406938536,0.2345564120130047,0.21370179110083926,0.2698927799682715,0.28556576036814085,0.2917699672351833,0.2532846891085877,0.2622012282471385,0.28241226997986174,0.30383107013384614,0.2871973263906705,0.30051630306081045,0.30373923484646526,0.38016474034234893,0.38726037167484306,0.27540470315732457,0.27585006948645485,0.2797874427090568,0.3028651615047796,0.32182193525207137,0.24858454205052627,0.32083562230854734,0.32804531424045663,0.240707341489086,0.3071013072448367,0.23757538546962942,0.25970072335966704,0.3675308851044104,0.2193641577068023,0.3866782221066644,0.22852756229631813,0.36385155172789746,0.29969384042388025,0.2821489595580801,0.2433864031946429,0.31661799462222256,0.2861864843361871,0.27158068561510923,0.3325259100018191,0.24569568472953648,0.3241775902037508,0.2692859984032698,0.3253004191397535,0.3322716624852544,0.29895979183505533,0.3144143677632646,0.28052132581962425,0.29313540789347337,0.36254231173394164,0.273774261712042,0.31439383024079093,0.31214877808801605,0.2893863473691752,0.2377642261517566,0.29606955590909206,0.284148012316863,0.40556882647551823,0.3172463376017727,0.3195027770953201,0.3228025120787409,0.3422358975900273,0.3211279974393451,0.256748160496702,0.2823618201554982,0.2442075000925207,0.25837583808852116,0.2189745362804552,0.3882997761218347
0.3198568818004973,0.353135118675011,0.3125300483322307,0.29210990622530925,0.24572281665344323,0.3686720366291296,0.34180155598295275,0.2953965506603175,0.2656339545880384,0.2953187403093637,0.39292834215359546,0.0,0.3031517773448892,0.22814243288917582,0.2886611608627951,0.3446050707377824,0.32586444931421094,0.2676832928752382,0.3897051980808873,0.3161272885023707,0.40818479494262105,0.34181279387004754,0.2805936675596942,0.30447297219447506,0.40766819828686623,0.27265868593243664,0.23963664856604652,0.25333839743352315,0.2925028389591951,0.31879896671519103,0.32942693924303074,0.3795581840941181,0.3061314244650309,0.32796077739517615,0.25793954567242955,0.3369631180838039,0.38945477595679395,0.30430084227046494,0.3988426266517502,0.2887350951319275,0.3163635573044383,0.30109664608935793,0.35170310910403135,0.3587106127944801,0.3159086217592791,0.31543786131434337,0.3077495982571178,0.3652927021712821,0.32896171587638223,0.3252300237635607,0.4284614852277479,0.32414964906272414,0.26684168155626437,0.4129257785428467,0.4328564502095529,0.2807929879772566,0.37179059109818513,0.38281628245438626,0.28031454424535784,0.3151795859160537,0.2819492418068444,0.2625013134023302,0.3232802236059348,0.25069499218540525,0.2604850957446864,0.2944651567996958,0.2732803498548386,0.31362086961577224,0.25983473085171344,0.27755977613044086,0.32755735173625594,0.24328355672274687,0.2589180187350054,0.34223933076838325,0.29689559783118463,0.27816803708865445,0.33352817077100555,0.31778561502761643,0.2796140484806011,0.24331487881319644,0.29115039848107244,0.3074582200866275,0.34983662268166843,0.2509080229246232,0.2928375862514218,0.31927410967926523,0.2764352229678207,0.30632654039779506,0.3000553893086796,0.29785589568933246,0.34405263274111536,0.30025265412036806,0.3791314807464283,0.32399688149897177,0.27649978407892295,0.42384134702570064,0.2587418352878743,0.2961567128142221,0.22400551199739038,0.26970150770247914,0.26511465242742593,0.3129979082738115,0.29638022576990186,0.35017733172918236,0.2864585349369355,0.31900813450559884,0.3357448724011818,0.2858356318311791,0.3005205740928325,0.4077515455066968,0.5046108234662673,0.30805435191559444,0.30057010598740874,0.2736018957324334,0.28736000332423767,0.2838353230276012,0.2827111117169456,0.3722351470807261,0.3503185004581662,0.2300398848718226,0.2690447613593257,0.2568165983953758,0.2869099654967667,0.36728525832014497,0.22520664669696447,0.42394833721200337,0.2531699778640413,0.3470522011548298,0.3459406495471166,0.2643058547109338,0.249899203661898,0.30141494372246147,0.2510291550203749,0.28752018121635636,0.3291630361262614,0.25187529951596804,0.36440715883580765,0.25920700287150444,0.28115994774226516,0.3708983212255446,0.2631191994951927,0.31988537208404644,0.3188125344225119,0.3111932736880366,0.3785369726331804,0.35022335337767213,0.37509763381804223,0.3018349864011088,0.3793468924390519,0.23275998190568373,0.31220754852826066,0.31770812297014933,0.31853114803167487,0.316673280130906,0.39813668988436074,0.30565686144824455,0.2993025909559497,0.3346272156335498,0.23603889380095483,0.30526757349903916,0.22598364205699742,0.2709263190029841,0.24099882084468266,0.3234198937865705
