0,1,2,3,4,5,6,7,8,9,10,11,12,13,14,15,16,17,18,19,20,21,22,23,24,25,26,27,28,29,30,31,32,33,34,35,36,37,38,39,40,41,42,43,44,45,46,47,48,49,50,51,52,53,54,55,56,57,58,59,60,61,62,63,64,65,66,67,68,69,70,71,72,73,74,75,76,77,78,79,80,81,82,83,84,85,86,87,88,89,90,91,92,93,94,95,96,97,98,99,100,101,102,103,104,105,106,107,108,109,110,111,112,113,114,115,116,117,118,119,120,121,122,123,124,125,126,127,128,129,130,131,132,133,134,135,136,137,138,139,140,141,142,143,144,145,146,147,148,149,150,151,152,153,154,155,156,157,158,159,160,161,162,163
0.0,0.38061233886399226,0.3097697263217219,0.3141073902191173,0.25757239797162906,0.35267306900991824,0.30128786027837157,0.3363959847014379,0.3274557492407412,0.37139153542457737,0.36082500532764206,0.3141146890606899,0.506448883269025,0.2962409543952807,0.36126212685113107,0.3538355381304761,0.36313847765573476,0.465221031350969,0.3559874421434232,0.482580174179844,0.34664525351781483,0.3577054627152719,0.3077613841285961,0.3473377215969674,0.46849412427760057,0.27768122223194436,0.29089483559832163,0.33680796833690874,0.31419116231940314,0.2690044413234309,0.3758724918675038,0.3900741999480366,0.3187249951350422,0.31383285228888597,0.40043200980088406,0.2894508494896045,0.4594630266120416,0.3493065998041781,0.29002593427153434,0.4023315974589307,0.29221964379278065,0.3426260951537899,0.3361740605062131,0.3378325448903358,0.37247341250201976,0.4153074453404303,0.26631730193583736,0.31481384792279393,0.40299267255162313,0.3553423438447111,0.3527477531302633,0.32655118122488347,0.2872383028108114,0.3285175518188013,0.3038296850133297,0.33453162246419,0.44015837326187723,0.3235641583079917,0.32302588371094626,0.36045845400526627,0.3517835999992843,0.2549564487204787,0.3147774057976948,0.2492139065591142,0.32040591400105073,0.3729596514195519,0.3651283005514191,0.34558425925325875,0.3130874659256224,0.4028168223679655,0.39650055610952106,0.31770928499727163,0.33501194398325557,0.38875606710295546,0.3803900690719936,0.3700857421174995,0.27739174484437157,0.290776701664432,0.3234759351261502,0.2604046205839672,0.31432076331646236,0.3659248866473791,0.3143917578441927,0.34159502569961386,0.33627007121382657,0.40216481635992657,0.3632573375784957,0.33486854395167426,0.3894234292010653,0.3063678161810951,0.3404848900266479,0.3134808237073029,0.32246877170685895,0.3843405011647681,0.3208663303095403,0.340070594330287,0.2514768066116636,0.30907330141067574,0.2471238912487766,0.4009558762377396,0.31709992185977465,0.30656117086034734,0.2757339943352185,0.3005497790763219,0.329180999736861,0.34055774635631236,0.3281913692425441,0.377940633966648,0.355066830762063,0.3555461311901024,0.34355569906521194,0.3260023292142353,0.357938259879259,0.2942997155161402,0.35102490847468915,0.3729866711158588,0.37324499660683075,0.3494018776335839,0.3003150353828513,0.279602359676091,0.2960194478746403,0.26125607048152427,0.35084845406251525,0.39144893040777196,0.29575638573606783,0.3520716954756643,0.26653857152788435,0.2749798504316512,0.311751912105879,0.35529558035702763,0.2913385157005824,0.29941551497151475,0.30243986293786096,0.32779230439896084,0.3673830992469952,0.30618783648170184,0.3567999202653527,0.372695773489629,0.34496009077492046,0.3798875705936014,0.2935234861324434,0.32443150607443405,0.37534863883039066,0.2659581059100752,0.3648767836009684,0.36171018101377156,0.29629349154040696,0.30782001157496813,0.4123477257506841,0.22130085121625395,0.41692653903083904,0.3157894267925907,0.3755384280704088,0.25116411402759475,0.3754075948496915,0.43126794241558664,0.33624192214061077,0.33333834877019314,0.3231174765113774,0.31205992911461705,0.2949769373882614,0.39704300450162616,0.2545961375728594,0.44673769058769897
0.38061233886399226,0.0,0.31696331405745337,0.32255197285136517,0.2481477485500859,0.3963773170438703,0.32038268084534033,0.413439168475665,0.3486436478640721,0.5033861657151653,0.2945944734206901,0.3373469963438854,0.3626220321928314,0.34260889263700267,0.36757705251176115,0.3076656669179916,0.3149864070646891,0.3435661078966889,0.32600187539164566,0.3483461260632594,0.3191415937676304,0.397266692939569,0.302444069354186,0.3242792747814521,0.415436631138484,0.26292393345282455,0.2920663208541979,0.2986447527972112,0.38948094027380775,0.2589292825871594,0.4227375842672592,0.35417054620376515,0.380765672643946,0.29084717167251145,0.35876072906510226,0.3060536934884352,0.342567294483915,0.3355787693736276,0.30148996313499105,0.3493844893935119,0.3203782884298277,0.38837699614248433,0.2662596510747388,0.3059020747033028,0.4087511729384102,0.32326488134763076,0.28958561791715515,0.2616858610581936,0.33604103232946503,0.3062951478523664,0.3079998352426634,0.3015044359885121,0.3197534953748633,0.37482747159770624,0.31634467405511985,0.4129872644263805,0.3246431181566646,0.30509585289457886,0.32339245583268633,0.33680648097295535,0.3508361754172009,0.25231993103592354,0.26921937300069043,0.24675431080765076,0.29773238237091304,0.3065203676697002,0.34402956995881373,0.3217895853594621,0.2818109435661733,0.3868294980742295,0.3442728176345854,0.3234841763235066,0.2783290380015864,0.34238689830685476,0.3737448801240171,0.31724861951967975,0.2658796739416681,0.3223803504577391,0.2978929751083044,0.2482938181257466,0.30059536259027125,0.34673854453120967,0.3872909019347372,0.3095693225047032,0.31010425285511334,0.45317310391393956,0.3164246785920103,0.2875859415204097,0.3317635298543435,0.37410080195801343,0.2895361504656168,0.3574002552338932,0.30854785730280354,0.32036291885421914,0.3314230784262075,0.43743144799848127,0.27872403230387843,0.35337606028922164,0.25760207090591186,0.3711851775972373,0.31186596007693035,0.2720628593535308,0.2446905415514718,0.32028880762651585,0.2994776954365191,0.3115462205098924,0.2888271545117763,0.43642897152204024,0.3404234207969825,0.35618021406316,0.3005477946919207,0.2872057781915557,0.3323798181520267,0.2983891922519446,0.33716692264769704,0.4283389663925451,0.3443747658679898,0.27540071929173643,0.2845013743978136,0.3004201468994546,0.2919880329217665,0.282609371600388,0.3140109435293221,0.37089117074677097,0.2947358372059654,0.3934229240804072,0.28868544020293446,0.33075913272649443,0.35964590917063444,0.3346615550280559,0.36848645760818277,0.29228796923190864,0.2781853666354859,0.3562209134532967,0.32342707711553015,0.28646487242993973,0.32311240306344896,0.3625149275772105,0.33029653975098466,0.32331839388228434,0.30711324864387657,0.3557284047968607,0.4023044346015393,0.2776350797323785,0.3520516098975141,0.3406549248360405,0.34338653382603573,0.3249287890212443,0.4401652523017713,0.2351996541416585,0.3083468388684787,0.34064137672247824,0.29887287100283355,0.3057062530138274,0.3566594760174415,0.3932042587928868,0.29196407025500354,0.37855588418252484,0.3044114289445239,0.2847934364543251,0.3225749139062472,0.3787115364932959,0.2733691322165114,0.3279478495152361
0.3097697263217219,0.31696331405745337,0.0,0.2717951617373192,0.30583974876659603,0.3499802994121946,0.2832781266002628,0.3180547057958351,0.27591209632440694,0.35877090115563903,0.3227067955662686,0.30236192924447547,0.3430727619377887,0.2521345245436849,0.3177651945043406,0.4085011853306883,0.345962544589611,0.3107315088666216,0.26412735136161636,0.26079328994415796,0.3916401388884876,0.4489898037587947,0.2461848657494539,0.32817237341043703,0.3095027831913932,0.34249347758016063,0.24968711453366643,0.25217599103458205,0.28509123182072577,0.2886952941935442,0.28100429679204963,0.3182100783991986,0.2834439024522755,0.23662970258257515,0.2523096034787092,0.2656711825703811,0.33153943401830804,0.30115199214583316,0.27299213552109414,0.3285231909079569,0.2888711212755403,0.3507437822418716,0.29813874451716477,0.30510527168741275,0.31168209952909603,0.2983560705494544,0.326955869881717,0.308005494312758,0.28997482563264854,0.27991993269799725,0.3090363533303641,0.3597465277083328,0.2245835923954067,0.32345961509187865,0.27048044664585824,0.28050831243735025,0.28468642356469986,0.3632721682608266,0.2631573120268839,0.25982322403730973,0.26338396320935675,0.24142889746913768,0.33146707374724366,0.2295672785128396,0.2519367417809393,0.2655179306698901,0.2680115483377033,0.3923151120220754,0.3001217942319434,0.33656438299949315,0.3682870099457757,0.23976440400840307,0.25419831481795396,0.3872106434369918,0.3267135030103299,0.2273537524169843,0.3003037855337084,0.34025442653533006,0.2591748847443549,0.23853903731233222,0.3186498391374647,0.3142034190116098,0.3582771277384173,0.27566242832781146,0.26437517669183863,0.3711158784672231,0.25822726527623613,0.23792579921564913,0.2711388612242924,0.2518317166308389,0.33398302249086076,0.2515531990353794,0.28128084313620416,0.23042395207825814,0.27797556503380066,0.31388568204008216,0.2395197929078716,0.2947816781650229,0.22065403772327977,0.2884771232701793,0.21763134121643604,0.26973246666385575,0.22933331754646274,0.30013819047327256,0.26169230750042205,0.37879113784856855,0.2776924670960132,0.3043359719290691,0.30487582626858006,0.3270732618361325,0.29130387775948213,0.2553800231214667,0.2658857432431319,0.2538011101813183,0.26044656775961694,0.36789703424436243,0.24752546871038525,0.2957229926692861,0.304822486892237,0.2684657739573426,0.31904982283379735,0.25019887465023477,0.24370480645492631,0.35912102188873896,0.21660336205870098,0.3381234069227728,0.2522223599992823,0.31669585659793686,0.2950162779307842,0.3027320103117203,0.28441603415813105,0.4353816242758846,0.21528116986244902,0.25492484638079027,0.28098683244802136,0.2539283712834583,0.26488996997641673,0.28662724231674347,0.2915010240620769,0.2807572262256595,0.23734542311342047,0.28720820713884465,0.2818647197039543,0.25882833437759617,0.3038232765033768,0.2723266914298627,0.37898686498343265,0.3154667944840337,0.3510736603742395,0.22408895504580573,0.24389842123814595,0.23237735053504194,0.27743200041237465,0.32942169238564734,0.34150546385722613,0.3044947220650252,0.27844116579530503,0.40505981070059294,0.21001874767906575,0.2617903063001979,0.3068322889191352,0.23954069820381477,0.25486710240181726,0.3320220550761445
0.3141073902191173,0.32255197285136517,0.2717951617373192,0.0,0.2501425192512837,0.27736299738910314,0.32932757634873056,0.3262338692222113,0.2723536019978007,0.3563480857881143,0.32503850479518687,0.2992839182407363,0.30432660461321065,0.3225329926664297,0.3611163486158934,0.2911832583962456,0.33477397259630637,0.3722530247987974,0.3519123768906417,0.29635951827963347,0.34925639706570266,0.2916289909855726,0.3030334175331758,0.2580429692617875,0.34648463501789284,0.3054018633925728,0.306304380933132,0.3035241389797243,0.3321090914690592,0.2255686937095652,0.34297328933037424,0.3217265428071637,0.4355206460741011,0.29765852316485664,0.3271927286268357,0.35957225287652145,0.30795256642095126,0.37174921209922157,0.34611011465805824,0.3761071918815073,0.34148001656361965,0.2904529145351622,0.3220231627518299,0.3323895628611728,0.3331875507610407,0.34593232394131795,0.21404308891229853,0.28117124189130366,0.3421300110504268,0.3326749734246522,0.41792387092790073,0.3102784551422329,0.3337685184768776,0.45486487146013577,0.37457683555163024,0.2615810998457575,0.38368341849541954,0.32201442879998465,0.38014508693568705,0.3705567382335604,0.381469427854287,0.2824713488863495,0.3122283641449172,0.26617837816372913,0.36151817330282865,0.35707877673268046,0.38389434244692566,0.2537554344250729,0.3506405832805768,0.35542753952208406,0.3118307452064444,0.32854841773563326,0.31280771322716405,0.4364186234458892,0.36949670158431613,0.28930363476891313,0.35765237757786633,0.3185054444780018,0.33881790651131616,0.2341728138792178,0.29172322001124706,0.40559235053216425,0.2635353560019231,0.31043280654084376,0.40333604053207783,0.3130890954639346,0.34627905560643213,0.38966274982857185,0.33149786796803316,0.2658510668849069,0.35207622584461423,0.33280095620399774,0.32696645541997355,0.3112431001521636,0.3990324681657481,0.2957832291836874,0.28764648828108674,0.3020954981512314,0.2884968189937622,0.3664895129036461,0.3243744687581954,0.3792917888073483,0.37348414915237804,0.3152669746548588,0.35165757740006,0.28523450021738966,0.35384125212443135,0.3022421266977611,0.3334273792443499,0.25983408561940097,0.35687083159958444,0.3529583784850377,0.37559245871225017,0.39823631035542795,0.3542377480329508,0.28726249804706155,0.3401712581849227,0.29344676828484195,0.3070231740816435,0.33346820545489336,0.31404020992668225,0.3804828167521031,0.28588124308897,0.32614761727701375,0.2738183653513452,0.33257285203935727,0.3371431556838434,0.2826367011564205,0.3553779028355979,0.3887987195209815,0.2596114739643266,0.3160450672754722,0.3244728399705268,0.3535792407884269,0.3394031015544926,0.2646322803208733,0.21847033223067547,0.3685759052365507,0.35049161366389275,0.376397708717679,0.38067060641451644,0.3316878170608183,0.41330709085967104,0.3348611786579616,0.3452757143077791,0.3167687528279966,0.277869559874135,0.31896164069171123,0.30621057933367984,0.23952217355581018,0.3748149289633656,0.3889841560664617,0.37059552035116833,0.24868986823387032,0.36548626721124283,0.34156341077058705,0.25752109099506953,0.2953274194382507,0.3792879915242114,0.3199035189142153,0.35082079290456597,0.3385612621168799,0.3489286233483384,0.3264719534432942
0.25757239797162906,0.2481477485500859,0.30583974876659603,0.2501425192512837,0.0,0.24403604375061527,0.29030459149471927,0.23006737543435862,0.2275155050928306,0.25638170006772193,0.27551581200356584,0.2566962702386928,0.23963218345995566,0.22217154721102278,0.29076921715127657,0.2898518687778481,0.27988927923460005,0.27386020722691484,0.23475688073511508,0.22907933565440983,0.31705259105675027,0.3003103101253715,0.25790627606321154,0.27322991166412564,0.243770107130781,0.26783865205436613,0.23582641024494852,0.20875356553502286,0.2416234630802726,0.2717856253531241,0.24829464171924187,0.23918456698980278,0.25660040879545704,0.2124719625457249,0.254299689473082,0.2569605118773229,0.26052751274561653,0.24806290311112456,0.27520838517948315,0.27893876716194876,0.270212708245789,0.2925775317055475,0.2765418372001864,0.29103978124065094,0.22805396261605973,0.25825749613625515,0.2866414912617084,0.27666639213700167,0.270769958642137,0.2744539432284673,0.29139613661131203,0.26576421979173726,0.23276551421021438,0.2656812751369866,0.2419120711594627,0.21714933118922328,0.2481240915581737,0.3385662719673116,0.23749926777681019,0.247619760577329,0.20654538570975467,0.21824765701004004,0.24957727810360153,0.21719175490795706,0.24973412696392935,0.2125925094956957,0.23208161375727904,0.27001046170691995,0.24000884961665328,0.2640868344591311,0.2778156466952523,0.2287338482874808,0.21292464088515994,0.2812744668395282,0.24274704296498253,0.2049893018547221,0.2562776109672588,0.4116422743502476,0.2219266405215968,0.22507971157069676,0.24242913731110236,0.28476541029175406,0.2823147735820788,0.19898001651545555,0.243325751582345,0.23984463758526786,0.22891974020224032,0.23894829068577367,0.22038676150951889,0.20764409398678893,0.3741956922061157,0.26587616764939076,0.2950980073077815,0.2028729892828357,0.25222555224391835,0.2421105204131866,0.18895344752387927,0.2213358123120744,0.2221032827377773,0.23184328225831918,0.20802328638015347,0.23527648191734943,0.2385870461083497,0.2375538972705347,0.229414639780823,0.2710311689240014,0.23917352257322488,0.2501186493077105,0.29760718409478726,0.25472217650723084,0.2682060304660387,0.26056240859711244,0.2206035710215738,0.2518931908166488,0.22574586877624855,0.26589849520300923,0.21893784586538576,0.25855808294077764,0.23374334197880325,0.23774611218349076,0.3317654397579258,0.23345188609657377,0.212850785941376,0.30739145961563796,0.20849269583985358,0.2540889881713914,0.23314708320104702,0.26732003162773627,0.22862123617517136,0.2512325808564748,0.21920777343349812,0.2745026515508305,0.1909823141315553,0.24107682801718225,0.23837469775027526,0.2335675336348115,0.22221360574213256,0.2921179042199201,0.24924387197767722,0.29136554321884867,0.20376661836900975,0.256457025263364,0.2832952914060863,0.24262064748394255,0.27293556948970976,0.25232094325381443,0.29049035988769145,0.2824537331729601,0.24554076646812972,0.19621069203139596,0.22636069381511623,0.2290411640215176,0.2838203457287536,0.2729561143058425,0.286260443754651,0.2510754506535641,0.21100692347449843,0.29288085614386555,0.20853256535171066,0.22476546441282133,0.22786030133964874,0.22626764250107315,0.2407554283015249,0.3241121476579426
0.35267306900991824,0.3963773170438703,0.3499802994121946,0.27736299738910314,0.24403604375061527,0.0,0.2860999459609731,0.3215306618582812,0.28179153153654063,0.3271287701610316,0.33706662507801016,0.33006933004707345,0.4203856266103604,0.2577330183684732,0.3325457101681994,0.34657907695805895,0.3203119134359699,0.26494150983875125,0.2814591903873615,0.30640356964317117,0.34546356372365833,0.3883385834472547,0.2236884664205366,0.30056757626882585,0.3399493317329823,0.27782849968369355,0.23504574890906477,0.25074616590816867,0.32876180462482757,0.2582075047881479,0.32700684482038894,0.36101517227360214,0.342461252336902,0.24945386871957578,0.2878065336893715,0.2555295288242326,0.38551002801608264,0.2807071903720581,0.28680249466546226,0.28925222620934815,0.2885838543828927,0.3384980895243465,0.28285584604487707,0.356066212281959,0.30741911403056293,0.2850366870873,0.2731914666311483,0.3093614703106101,0.25613702779556413,0.2850648407425048,0.30879539928549454,0.3489247612916989,0.2470621619622259,0.3438773692604634,0.277108155105223,0.34542178713797755,0.2902077319269895,0.368956852711012,0.23936920744510146,0.26378278120893456,0.34716307402137514,0.2574457004362029,0.31877742678485305,0.2039394783864443,0.25351350102087433,0.27130986140900337,0.3082868229709528,0.3847218285133332,0.2423337906579962,0.31821465091766044,0.36507089954450733,0.24268198225596338,0.2703758884855248,0.3264548838796667,0.34218969867163274,0.26802431549045536,0.2856855939826864,0.30318291034585043,0.25761100553857663,0.3046441151371271,0.36052390345665314,0.2997022121224151,0.34484530514272316,0.30692958883548904,0.26975552062604613,0.33369108644588996,0.32886265606439163,0.24761525557446135,0.29559060258616926,0.2975240096295089,0.31316171056818987,0.3059439787433169,0.29479677324479475,0.2688708472179985,0.2611456813360517,0.3990891337369609,0.25617262438571115,0.3070409244292164,0.21883408148607272,0.3010325890909989,0.2596392000626113,0.25121846284032423,0.22918160058147558,0.2668851970275226,0.2725467775996816,0.3647382719153514,0.2885405647897248,0.3150597553460905,0.2926371929857375,0.3602320293414604,0.30732057420284864,0.24341582991411134,0.35483302672611855,0.2675894829491742,0.2775108396424567,0.37409768124754317,0.28611007502033914,0.25104102194066436,0.33546656819716897,0.26381508101724727,0.288474679565621,0.2656499101802682,0.2998412409863014,0.37247249294808676,0.2756263907361785,0.38164324542735645,0.2631962858355825,0.30531171778919475,0.2960750993943041,0.26908913700215703,0.2931804412200578,0.36818075344020046,0.27134199357454736,0.2960282075524655,0.31037255364860267,0.2786766010516622,0.32368357362189515,0.28282776254103514,0.25549181543681276,0.27366627889243883,0.28247043225355506,0.32639026995823894,0.29226476737969714,0.24405081742306556,0.3327489171165559,0.28376281228115063,0.34801341714678585,0.3328508022414849,0.33099979656956446,0.213114321373893,0.2730590611286941,0.2685688397780008,0.24588627045337527,0.27347111213884573,0.3490991451442613,0.3460418262264818,0.30224935388355667,0.39324103834508645,0.2626010307995123,0.2848517866156171,0.2611541871907503,0.3182915671867862,0.23678057927250162,0.33814291060504387
0.30128786027837157,0.32038268084534033,0.2832781266002628,0.32932757634873056,0.29030459149471927,0.2860999459609731,0.0,0.2653091449985408,0.25353992804770337,0.32779640354010636,0.3075365507679711,0.3841016505716077,0.2991862723078015,0.24909724786876175,0.42344768366357044,0.27414918419074047,0.29586757731787267,0.29974903734729696,0.3343225818484861,0.2459005770266194,0.3157339905841025,0.350174621369782,0.3817004781415066,0.3417521076647928,0.3288206896427754,0.26744605115027215,0.29280513015484966,0.2626845091256286,0.3098052654822235,0.2979661086905329,0.31427568366332487,0.31560431408556555,0.339972256617977,0.30260970885969446,0.2585437916900973,0.2565635752644456,0.3502520870991286,0.2532409983450948,0.3512388753818772,0.37683852595413386,0.30378268894990273,0.3283112902324639,0.303575238430372,0.30176333616190154,0.29747089841361535,0.31623766093034134,0.2731241613861922,0.2522014149664209,0.41534061240419107,0.26583387591660923,0.36672186223333353,0.27171126468875284,0.2527056455695874,0.344692609143799,0.3334773297586465,0.26870755193733525,0.3002527345070528,0.31542710860347106,0.29496013305799273,0.28421204711239273,0.24299804592866237,0.23194657275838176,0.24817412863842328,0.22470412104630064,0.26951026661686767,0.2382361371080007,0.28910555759467904,0.3146787358283531,0.2530070854360396,0.28139678535572915,0.3158992743464873,0.2468010927286396,0.22294492318635464,0.3538233332112445,0.24390747106283417,0.2767638194387365,0.3704631511495999,0.36464008777905443,0.24421766118079583,0.23109942334518782,0.2631549638840453,0.3272325922423828,0.31256363228239675,0.20825507279364447,0.26151589479990267,0.28046476484975374,0.24717066441655444,0.28123304837470076,0.29080252563755005,0.25367644188652383,0.3299113412465098,0.3468737659575766,0.32910751812513594,0.2696040047636393,0.28174067300212036,0.3328022574762018,0.21239761422514924,0.2845955628495255,0.23583395773433338,0.2968780862896725,0.257133366332782,0.2977293015740064,0.265911114054907,0.28944185511679943,0.23789562909759054,0.29795548585317755,0.2612658660935851,0.2843033192078892,0.3480684003795248,0.3152420514709016,0.40543811542278063,0.2617127263388386,0.24718693765056513,0.2557338540390283,0.2509298173288323,0.30995588685725906,0.26740681322860116,0.34341247801883107,0.26452705014464845,0.2457398859144316,0.2854327686563742,0.24646517426476758,0.23161083178814543,0.38802625854815,0.22228437022784875,0.3480669820702532,0.24358148139978072,0.32598297267144183,0.25450769849560895,0.2853953253673494,0.23767699227468547,0.25433084730458966,0.22743026723181797,0.2556383221492365,0.25290644319061933,0.2568321182049747,0.2664176306091006,0.3273353477107007,0.2787105795375362,0.33052674186719955,0.25277823327844806,0.2708462266213404,0.34538025962707014,0.24662897671453288,0.3005243558294077,0.3250696548502604,0.3167035931650195,0.34626286866837486,0.2831729014167218,0.19549495238773162,0.27453199284416013,0.29043703623324385,0.3129742811024798,0.31058540113866984,0.35944335599678395,0.3071208652210224,0.31255580314013853,0.33125425336209346,0.2776933595189528,0.31202953209262324,0.26532644512672676,0.2566773155863446,0.26855553434690155,0.3332913907337984
0.3363959847014379,0.413439168475665,0.3180547057958351,0.3262338692222113,0.23006737543435862,0.3215306618582812,0.2653091449985408,0.0,0.38069275012515635,0.41631753249577463,0.2644486277862791,0.3328946003982174,0.3440241506577466,0.2902874443408487,0.32467181467939443,0.3092824024251957,0.31470463475148985,0.34081876358981994,0.31483200474974704,0.3412861712218128,0.33019130485162457,0.3120848473015075,0.28689509678276676,0.2689466457857528,0.37407329825966584,0.26599085372604897,0.3417970532411383,0.31026484420327244,0.2604660975152059,0.2631810588851132,0.4540251082705573,0.3252065578870584,0.3363505087005884,0.2915790020172392,0.32649344093147414,0.31855799069661145,0.32720024612479526,0.36923761711551684,0.2929667540470216,0.3183944836229946,0.2966248446368429,0.3309179229714531,0.29260232214963305,0.26907356437120344,0.44485610336090786,0.335679240312511,0.27162485049035645,0.24403968885513727,0.3054731436026669,0.3121756708223593,0.29719553997063886,0.28607279557318105,0.28247884712548293,0.31116195738577707,0.2860121508479079,0.3218639958625427,0.3174767806637732,0.3498486584111264,0.31790019553281673,0.31692483195266,0.37512535687101706,0.24934828672318568,0.29379664331498984,0.2625516311809539,0.2878712322035828,0.3000534569841833,0.3332218979280027,0.28742161593536436,0.3344384728534505,0.4750619298950937,0.30839792746935424,0.3160067617390246,0.29571569947415793,0.3536118098755109,0.4096980424993266,0.28918885645412784,0.27726763993801695,0.27663320979491635,0.3490204882929567,0.2066959262891693,0.2660475537337018,0.3634398303562027,0.3146936227800079,0.3291710199413843,0.34515610136546987,0.45266260840959044,0.39227616118251696,0.31746539898610526,0.40406650755915924,0.3184399531554354,0.29351846356382816,0.3467393849595954,0.27436035693315297,0.271083278791454,0.3312461716419727,0.3464315785359209,0.3046668876412919,0.37536038750109707,0.254853131141918,0.3954883682748543,0.271775875087483,0.33129573019279335,0.28930888021122336,0.36188937694517515,0.3584203735929418,0.3477227178283947,0.31972240138842695,0.3938455369916929,0.31592519083225135,0.29245961685601085,0.26750703345391363,0.3047930820095743,0.3189191368854071,0.34496038363343906,0.31641575234036246,0.3656506274037199,0.34167858999605333,0.274023074547207,0.25855181697722585,0.3126725043738661,0.27648675165215136,0.3678084331622609,0.27107328385021034,0.3060154235791112,0.26232955365501126,0.31202773059460726,0.2856631462143701,0.3354234144270637,0.3237868581138685,0.32860454893661173,0.39588991038399757,0.30689295454871046,0.29170037289678763,0.3042563192639744,0.3206398028033489,0.2358602090336174,0.2762673609733473,0.3258428182258214,0.3571676190300378,0.337040998869029,0.290600007949522,0.28803560501719694,0.3864332657111445,0.29828472325242184,0.31887748372950375,0.36566418619947666,0.3437927613391437,0.30272109631805233,0.4163618939777364,0.23397488004753456,0.3396218005204896,0.31665759479144945,0.30026928826366456,0.2883233902834464,0.39285689192266227,0.3763089640799367,0.2594731884204621,0.34233616955663665,0.25784743921576586,0.26001028186882186,0.29928807228794196,0.3262601148944429,0.29837936481354904,0.28516281489353684
0.3274557492407412,0.3486436478640721,0.27591209632440694,0.2723536019978007,0.2275155050928306,0.28179153153654063,0.25353992804770337,0.38069275012515635,0.0,0.3261751274690558,0.23906053937985516,0.2828978658727747,0.27253992047738007,0.32212234448259114,0.29193832175806483,0.2611256743527007,0.26239721783192005,0.31997278007491825,0.2612830142081361,0.3172393502688614,0.2715767867464354,0.35060746192327874,0.24320647052720298,0.2428336306117227,0.30909417836252673,0.23529755303130365,0.3068606007890615,0.2706412352083161,0.24159499422294992,0.2910043962763422,0.39599481505098494,0.27974676997012243,0.2889052829382811,0.2462828391724146,0.32199768374813464,0.268808565483701,0.27448569380859444,0.3394337714533383,0.263470866481062,0.26807513810837647,0.24935579587038423,0.36993722107193816,0.24621747379403208,0.25136072313742736,0.33122035339466627,0.27278783713639754,0.24877872841291385,0.21646120591809026,0.2689561057649445,0.27723834113969575,0.2572589096680205,0.25400826473267707,0.27750570557685983,0.2786392082412876,0.24306077704699136,0.3750560592233172,0.2821585791735885,0.2774658636033136,0.2857838521719044,0.25918976442863395,0.27776453167740056,0.250346348778822,0.25110613552018013,0.259304777024985,0.29171167706773754,0.2666366141334838,0.32295188344348547,0.2928891615289172,0.289001602810674,0.3485511429818598,0.32246085891119375,0.30107173354984784,0.312316202794737,0.2793153227008062,0.33596451187005627,0.2716883145782506,0.23238144584324255,0.23837635624085748,0.27835227449102307,0.2031747472514097,0.24994608542521618,0.39958945821894504,0.3485881871536193,0.26623097785342437,0.2983409873507685,0.38074281222679357,0.30371187864079896,0.3141878095206409,0.31460566111784477,0.3981208901661702,0.28181316685950764,0.36923301923683727,0.2445268972792647,0.2504144215481163,0.3490956115239019,0.3526022662931491,0.30759530848086564,0.3255584594416013,0.2898138607925426,0.306130654138706,0.285161125596615,0.24477293300740652,0.2755517409233918,0.29443194595932853,0.32663524424074664,0.27377273521733775,0.2437177257741174,0.3211552386683159,0.2566915819714147,0.24952572209797844,0.2361691645876831,0.29583523421358354,0.2951476885633223,0.349665283872336,0.26268807092904756,0.31263300408157124,0.28705784971031806,0.2524764729483972,0.22211784087407968,0.32941087890120996,0.26358584074036134,0.2920154334725676,0.25865918848009395,0.2801136568392836,0.3335919843130954,0.2603008991593316,0.2801857722238082,0.2675187695166875,0.26016625564932405,0.30537510251867833,0.4711006621859551,0.29240941952083294,0.2689232149559834,0.35904921268303036,0.2822000513268739,0.2520394376052837,0.27386063463624494,0.2809944817580204,0.310221740729262,0.3044790446839075,0.2852184064650764,0.2874503069678051,0.35664751875572853,0.3225794881966639,0.28598638288274775,0.32447008791687704,0.38002754626525787,0.2639682279277351,0.34347931960862926,0.21876645390552338,0.31596594388914523,0.287411175200963,0.2773835414644805,0.28163104920249465,0.2977020837970732,0.34325739803863614,0.2381651595248403,0.29085273058788075,0.27922386847924224,0.24580194804498723,0.2591361743695662,0.32033554310241635,0.3155098860076895,0.289530315383301
0.37139153542457737,0.5033861657151653,0.35877090115563903,0.3563480857881143,0.25638170006772193,0.3271287701610316,0.32779640354010636,0.41631753249577463,0.3261751274690558,0.0,0.28492641842706323,0.32004556526445344,0.35479931793764274,0.3024727826756651,0.3608335066975027,0.30844909951332744,0.33197594930078833,0.3994538200702062,0.32654317765269925,0.32801835035463717,0.32126023764708067,0.34824027548577086,0.34248238111557217,0.3073584199828355,0.46813012987865055,0.2536649183787838,0.31253088698700054,0.31742433294323,0.34144375723220677,0.25877260769201804,0.41810458549078755,0.3492832318201828,0.3102829038765116,0.30395945148449977,0.3283797433905738,0.29072785523901284,0.3437368388498381,0.3087092278328443,0.2748232655384862,0.3638972425590065,0.275402718683024,0.3844526425005577,0.282501694755967,0.27704878651191156,0.39106698949334556,0.3337629200102967,0.263740843822861,0.2551211389980635,0.37381581228101896,0.2783217238901675,0.31678031667451545,0.28235799868170436,0.2869748313422427,0.3452567703369852,0.31041671110697666,0.3435763004029632,0.3173844088245918,0.29768087600198906,0.3615299234889709,0.3175295912851259,0.34427080755718814,0.23738310504688512,0.26405545627230925,0.24093190252674157,0.30552154380880037,0.3067014639084544,0.3282508199268143,0.3075142656775726,0.3137786876184916,0.41962621739129363,0.3102617431659712,0.3148947523732708,0.2696531514765579,0.38219818106960257,0.35719274378945737,0.3077950606342527,0.28169934101639577,0.31675595192479306,0.28004085102482074,0.23183209834689933,0.2941738759499601,0.35606163254358153,0.35375634704575526,0.29316473308817687,0.3148137094693756,0.3952795722168727,0.31749345709781973,0.30866866151331684,0.3621914530117435,0.3015570093721228,0.289482601466148,0.3310189047896939,0.2949833213529483,0.2809345539528284,0.33668026793119593,0.3587566009064776,0.24655599094992622,0.35222685477415183,0.24785364919258088,0.3949079289258446,0.2833767528508401,0.3049220112666189,0.2643662871337479,0.3560529499630293,0.2873232453037645,0.3053184693885406,0.29778757739918255,0.45114841311730874,0.32740158225539895,0.3444121770165693,0.30090027320221113,0.28001289192130707,0.3246751690098943,0.31265600934748744,0.2959972214129602,0.385993869946112,0.35279760761482915,0.3172566444215908,0.28280337067265626,0.3017277733443795,0.26649675855977817,0.2802707797856429,0.2699937536145354,0.35957567519981887,0.2564224902258556,0.3584199688190725,0.28496252837663233,0.30273475358730134,0.3446480000800105,0.32190697105145794,0.36876129467879104,0.2936589718108106,0.2694068444985299,0.2926516767985246,0.3056420932771202,0.2551582450024211,0.28623271878716294,0.3318375901700635,0.3563194111347321,0.33770667322569053,0.28926989716385026,0.3140524620328429,0.4059310356973761,0.2667032957426746,0.3098946370724445,0.3442495872023113,0.296245039339653,0.3452756316737867,0.47477346987745345,0.2256704306957962,0.30560617025300335,0.3413523008334739,0.30455093761855007,0.3050352910051644,0.36857423320311283,0.3829252116347609,0.28058638091133975,0.3813726104185288,0.28727493286757527,0.29311222086599714,0.365491125005871,0.340183013581666,0.292619855732857,0.31804191398598286
0.36082500532764206,0.2945944734206901,0.3227067955662686,0.32503850479518687,0.27551581200356584,0.33706662507801016,0.3075365507679711,0.2644486277862791,0.23906053937985516,0.28492641842706323,0.0,0.3450175316090975,0.37758755007136036,0.2654924868065194,0.2983693380082206,0.39629842135723875,0.3872992729548397,0.3184730916773394,0.32110234174745417,0.30125410172069034,0.3861754446576931,0.3628101390113089,0.26737949543008865,0.3513911531497725,0.3408381103446789,0.34120971309888337,0.27165992533518,0.3090150262782378,0.36614238224308315,0.27604910834398344,0.281073162068879,0.3584282371669298,0.2863990198021388,0.26377743855944663,0.30815495366299606,0.2805698199452543,0.41568662982092014,0.30860324337951417,0.37764156315378294,0.3528564002035794,0.2914439101151959,0.30653525286453265,0.331741926493763,0.398200931678668,0.2821818988667383,0.28957200459719123,0.22046301031362256,0.41386977576396294,0.35049475228051796,0.2855555606396537,0.37956107477038104,0.3123545107257042,0.24141920538394876,0.3804897113009518,0.3698994215039518,0.2421083426913165,0.3605801119221593,0.3709984107002433,0.28663613470587773,0.2981287541059942,0.3433908208227254,0.22109549325115374,0.33369340404347114,0.2275900505463643,0.24982784550681908,0.28923499406449343,0.3254364647009335,0.3103081159431577,0.2939630002282423,0.3217808619797634,0.33719357974211106,0.2573926045086206,0.29668336690989194,0.4044280391521194,0.33391490103444443,0.28936535824149595,0.4026199648136191,0.3181473592709215,0.2683801130918882,0.28290527137836624,0.32258086773055195,0.27549145722696705,0.2906612135476414,0.2971844252086664,0.2773753704383281,0.2765460985114212,0.3280697263357082,0.273754693450383,0.2699711093539326,0.24742399514540014,0.39276391770842006,0.2317621558276527,0.3662694015452371,0.3195551775774822,0.2763381297801965,0.30238499975789207,0.2281064199222918,0.23302062012050606,0.21924645824827685,0.27741069598437057,0.29826470984574766,0.3183966511748066,0.2508816169334863,0.23565378832000825,0.26802149811035214,0.28210111904331225,0.2867922764963315,0.2906472334129243,0.29602223284285256,0.3605837072597524,0.4513893769707257,0.2742520435615948,0.3097975393189671,0.2897583814997053,0.288314690255119,0.31901412826085296,0.2868571323082677,0.3344127928118713,0.33777962551896484,0.2548692653016074,0.330403098241136,0.246199624684819,0.28993017911900765,0.38898635125398345,0.2537836716908561,0.3903090373897565,0.2295356512066803,0.2971401780385369,0.29311979817735684,0.28742610913226385,0.22630442470332768,0.3516324787157017,0.313395041641096,0.2984914115650846,0.3791473271485391,0.2781555358616617,0.2946603373540541,0.3087602320548133,0.2942913756676065,0.3179952809317627,0.2837188613881931,0.318292150285999,0.2729098631183185,0.25225918779712475,0.40684250540167716,0.25557481786576564,0.2804508658120076,0.2987464696426462,0.2824009858809471,0.22288304803524414,0.3735834213857756,0.27312362614690233,0.3857459104813283,0.24985639705550353,0.31006948487697505,0.3281302188412693,0.323061345796649,0.3318880437103537,0.2996726061452268,0.3121944561966562,0.2638534823571693,0.3208053915252432,0.23786654654944156,0.47762908633146794
0.3141146890606899,0.3373469963438854,0.30236192924447547,0.2992839182407363,0.2566962702386928,0.33006933004707345,0.3841016505716077,0.3328946003982174,0.2828978658727747,0.32004556526445344,0.3450175316090975,0.0,0.30510344422148566,0.2104718010295474,0.3416849790447242,0.33467286677869135,0.33147401890354,0.28021648313352904,0.3628294685648137,0.2736527367624958,0.35698491696946355,0.3212300159689108,0.3081292504933833,0.3454647087307673,0.3684178536672106,0.28068375004720014,0.30513001923337296,0.2599116944491583,0.2938515328564958,0.351454665135949,0.3462850714304403,0.33573500216628344,0.3115688556971289,0.303783378283579,0.2588795645864822,0.27025329404059506,0.35249394061230743,0.2841760030906233,0.3807020126717543,0.33915537958175035,0.30483139629166367,0.3321752005988852,0.31802479290098024,0.3139171874527289,0.31370457829119974,0.3316222412820622,0.30507806284114625,0.27906426227503983,0.3297006588497016,0.28089604813056185,0.3568574084160946,0.3079809477725215,0.2321297034438513,0.3422987988694096,0.34006244472886343,0.2758246319281557,0.34016730253405636,0.4104303846038665,0.24445257690465744,0.291374283008804,0.2489791811203592,0.22035577265565215,0.28606101928240024,0.22028314307827507,0.23930734379971652,0.25281855773980655,0.25585492747379596,0.275502711530812,0.24738816980374329,0.28660325595052766,0.29220071166774236,0.23440234645886188,0.22560615742447365,0.3330826390788009,0.285225241986256,0.2566473918074754,0.3133038805448821,0.3413363138731055,0.2719547477384488,0.22595935175075488,0.2574646870872149,0.29547681081410015,0.3379619671964904,0.23067569586426212,0.2855088903521372,0.3284469719626448,0.2584333113771471,0.26412254444618166,0.32627650501950484,0.2800865044692862,0.3354006376064583,0.29363382494754914,0.3310933722009196,0.27274095464446396,0.24670673813565874,0.3770684804540803,0.21716965153702117,0.29905160215702264,0.21326549322251953,0.2881435982347596,0.23494435117175821,0.2948181930106295,0.2649928786448393,0.31574324649303837,0.25377621711874715,0.3360237892793561,0.2973773648206088,0.30791867212413876,0.3179973868951997,0.35833585438892335,0.414805227082223,0.28177958476113585,0.2428559735137702,0.2742793717764907,0.27199889358025897,0.3747717164896216,0.284119074218859,0.336460534180495,0.2810518820116072,0.2367389990500943,0.2831513925543773,0.2508613172195789,0.2405734259323328,0.36762155564294297,0.2052898731877358,0.3992033579692571,0.22717942647395498,0.38379451419345734,0.286957878043578,0.2638425614477899,0.2715604260508998,0.28163442725231513,0.2317081999928853,0.259866957070724,0.27094860651776814,0.22365975288633896,0.342894027177209,0.30848602266254715,0.27915639025478545,0.3330223808084695,0.22671142098345065,0.26548143228758264,0.30445659411035786,0.24326389457418793,0.3183875978367952,0.34649288801587574,0.39152232927350017,0.31432717947600225,0.3272037221470971,0.21882015232094493,0.30087641285361183,0.27240018061240984,0.3253159369220273,0.31233376813840313,0.4041543086217098,0.2812204168618167,0.27885835938760656,0.38574952215164826,0.23470805966030958,0.2764835396377659,0.2252364458968592,0.25610608119862144,0.23488878266770705,0.33433297939728107
