0,1,2,3,4,5,6,7,8,9,10,11,12,13,14,15,16,17,18,19,20,21,22,23,24,25,26,27,28,29,30,31,32,33,34,35,36,37,38,39,40,41,42,43,44,45,46,47,48,49,50,51,52,53,54,55,56,57,58,59,60,61,62,63,64,65,66,67,68,69,70,71,72,73,74,75,76,77,78,79,80,81,82,83,84,85,86,87,88,89,90,91,92,93,94,95,96,97,98,99,100,101,102,103,104,105,106,107,108,109,110,111,112,113,114,115,116,117,118,119,120,121,122,123,124,125,126,127,128,129,130,131,132,133,134,135,136,137,138,139,140,141,142,143,144,145,146,147,148,149,150,151,152,153,154,155,156,157,158,159,160,161,162,163
0.0,0.8786260814590009,0.8147578870341005,0.7817086142024217,0.7891601673548737,0.8367555922870591,0.8040706070777481,0.8083849033529396,0.9098663453131143,0.7979274536275917,0.8779592487118026,0.8075875912615538,0.8913315647238156,0.8273567827466993,0.8617113656857988,0.847393558342255,0.8665682990610416,0.9398879644415497,0.8656513307024832,0.9402065539535412,0.8595189668061973,0.8887110745580514,0.7933530780325777,0.8222759573321472,0.9011204034321995,0.7632683104115637,0.7540052091272939,0.8493326223537774,0.801359467899085,0.8355205570722938,0.8672586922636796,0.8832708174635412,0.8209679159739475,0.7663146755396367,0.9092018790559152,0.8124346600424404,0.8842579531866963,0.8970383196791066,0.7924725955057689,0.8353723442741603,0.8286820415617553,0.8190118855989259,0.8781290793656743,0.8564155929400641,0.8503067248759526,0.8526648070105353,0.8020161871456265,0.8564465402949532,0.8972583739243248,0.9066339256293069,0.9019244244695013,0.8620256807092976,0.8376029639574558,0.8469395494924536,0.8527548648151855,0.8175350458619594,0.9412844113144231,0.8239178111285329,0.8738181270519251,0.8494583503002929,0.8187417424549623,0.7463018183461023,0.8935543085606544,0.7587632773939292,0.8661854254229435,0.8429857643087222,0.8002501585234715,0.8583326656930635,0.8544488300927906,0.8521442119624895,0.913467744874701,0.8539251433584556,0.8497179466311449,0.8777009659836764,0.8673951655476019,0.8400739392739676,0.7749652700821417,0.7538695053227825,0.8361027930361746,0.7276817999429619,0.8058320742644325,0.885224266214972,0.880080213876013,0.8356549500952581,0.8938647533177853,0.910147485494598,0.7994032873073095,0.8899450052760254,0.8319721399849289,0.7809490005219654,0.8808869389714815,0.8012749011236656,0.9057390802924699,0.8894178456200142,0.9214671477439748,0.8214070157799785,0.7817081132013316,0.7689429103913679,0.7291031818094627,0.819492482840018,0.8023641739180603,0.7301712228716726,0.7517384105979041,0.7546466380339117,0.899937255578484,0.8296479876021889,0.7854634230126001,0.8239759169274573,0.8345073812788385,0.8230003128283637,0.8142784975054848,0.8579925167775091,0.863645513371273,0.7576473358156152,0.885350843486578,0.8609832259137676,0.8568659232181032,0.8591008193045384,0.7927538948678665,0.7384835312826058,0.8481943543529114,0.7370479738269671,0.8489806772276475,0.8791749089334577,0.8533669523494553,0.8320706015031811,0.744303934695847,0.7685394851715588,0.8030105138035756,0.8594239718015128,0.8105991614044138,0.8127643947783921,0.7984218158756716,0.8399899781860876,0.8378578471128965,0.8490607272078997,0.8851037497491931,0.8557700632809379,0.8358979955659072,0.8707946257487673,0.8275185594299067,0.8137496292659794,0.8898383193234086,0.8243072738202729,0.8463253858712942,0.8325737145863005,0.8638339034319182,0.7610256874215603,0.896056385341631,0.639047028032687,0.8898153302777204,0.8581055831032632,0.8517745847215911,0.7570769962246138,0.814125628829136,0.8672075386645568,0.8660833873336429,0.7928736269313702,0.8386463187254958,0.846641312714223,0.737059716049046,0.9022660160760285,0.908918674308494,0.9062453311188003
0.8786260814590009,0.0,0.8388588992938882,0.8259409017890997,0.74838309650062,0.8686267781687289,0.8216664723516827,0.790412578069423,0.8108616587687668,0.8651727263597297,0.8376831328611479,0.852487553973326,0.8632737300917027,0.8573702115732157,0.8323704734749013,0.8219617593279085,0.8723436891798871,0.8281603019242204,0.8510601367370572,0.8711789591158923,0.8577186558971428,0.8697798529145179,0.7903714408265485,0.8484234021517054,0.8618974744706371,0.7531702566286997,0.7583128211495294,0.8371916859091424,0.9117271487209058,0.7579933821262784,0.833039932131129,0.851636722897873,0.889955647393093,0.8055373897879896,0.881374442036663,0.8704107726521476,0.8108472463900765,0.8530352712166597,0.8030562606666661,0.8872636267090198,0.9147144994013044,0.7905082672901941,0.7577326759350748,0.8469449746859115,0.8625720371839768,0.8329577422729643,0.8033869065980526,0.8116334906416691,0.8477263742697533,0.8595682623340314,0.8585103440928227,0.880249947475859,0.852339864305477,0.909273504185341,0.8720757651120197,0.8722857525807174,0.8753721845775209,0.7996580843011064,0.8463560597327028,0.8882736963954548,0.821239627200115,0.7533232398013211,0.8213430319107293,0.7820775421105404,0.7821242504264981,0.7798061894221631,0.8096770865732383,0.765341808997385,0.7555702348447141,0.752989472303553,0.8298659971029446,0.8327245048329479,0.8011993034168671,0.8605835347197051,0.8567126484621214,0.7946106577762418,0.747848629325052,0.7900844283472015,0.7974450295085692,0.7296343857334586,0.8093586791720911,0.823440786854796,0.866811363386503,0.8364064649631934,0.8555282750116595,0.9273405333095539,0.7118985615666424,0.7810586897622398,0.8220723672890495,0.8348776043837415,0.8139197387642386,0.84315290290927,0.8953706377904864,0.8625979693246707,0.9001029687562451,0.8451122943864912,0.7838508138427336,0.8421744896541778,0.7426569688976797,0.8734127651331957,0.8211832186473972,0.6653416508078766,0.7118473667832985,0.7777487676481699,0.8481494456526324,0.8203971285197692,0.7983325294652642,0.8476757962953717,0.8774128271245913,0.8638198070648959,0.8282791769594964,0.8043331586765257,0.8400363758286771,0.7307737391933523,0.875399931376354,0.8967733360936169,0.8576494593892021,0.7723197273586743,0.8474446988795844,0.7685887359995175,0.8127965244534371,0.7029747451184564,0.8530102652413206,0.871844023181631,0.7979942020320274,0.8827781506071202,0.7859936110048282,0.7975621456961789,0.9177433229155746,0.8266678718166296,0.8126514521594759,0.7840283247329678,0.7469906524483437,0.8508274769748234,0.8129401602012695,0.7887476757332513,0.8507127772465345,0.8645889001346806,0.8380798829153243,0.8019460102073336,0.8189271840235471,0.8297682929110903,0.9288213980534283,0.825256015101319,0.8443311948547035,0.7693051678680144,0.848071928051317,0.7982055569987405,0.9016715327528035,0.7055139335872886,0.8018166975576045,0.8631916159343622,0.8277956481421669,0.825178516943031,0.8393601472205637,0.7887241957573045,0.8330338190970459,0.8223344017798947,0.8608685022650417,0.7991752476472903,0.7654398976541296,0.8622467601911846,0.9166907513708157,0.8297539189143887
0.8147578870341005,0.8388588992938882,0.0,0.7874866747396784,0.8092610538645432,0.8654530944499277,0.7535483718501436,0.8189490957222879,0.7476639822238933,0.8514863325128849,0.8871041262182191,0.8215808289557148,0.8836558647173978,0.7274253400883709,0.7746419815310915,0.9133147956460034,0.906267776069514,0.8130686810559676,0.7894615671118891,0.7778489437145397,0.9154184631650932,0.9199092114535735,0.7327889504724928,0.8149712905884938,0.8286942462372245,0.8050408765266005,0.7363682736545325,0.7979149886370317,0.807805302048122,0.8019264692540784,0.7162678305410305,0.8339630669053392,0.7916344201021663,0.699611021399731,0.7185573500764848,0.7631293401387438,0.8207712635700669,0.8087253362000667,0.7566316543615155,0.8360797258821264,0.803689438656454,0.8482922918016527,0.8073068744928965,0.7809408515041609,0.7991405735781689,0.795736676013173,0.78290454218733,0.8343600915560969,0.7802902208307353,0.8116408139637372,0.8555140038853136,0.8553686556685124,0.7332397935683821,0.8595238413034362,0.8122016591934436,0.7688248324267463,0.826448899410022,0.8812424680445118,0.7658762482414041,0.7700793137442056,0.8241208508860763,0.6968157225665209,0.8757495578486969,0.6751702336856439,0.7177324365973429,0.7585626417670362,0.7606745770779478,0.8407754984772271,0.8243261328089162,0.8237402413326751,0.8342983914328617,0.6757728277690996,0.7654611012731517,0.918427091718115,0.8648950911305882,0.6597929612230752,0.8338885501576448,0.8117572571374629,0.7550379572210558,0.6991231644729701,0.8131699085374867,0.7811966946058576,0.8775183064132271,0.7963993128964315,0.8028139898454193,0.8529239853886184,0.7467242397522932,0.7264294112008239,0.7336956839770259,0.7357586066609882,0.8536891639508939,0.6783581461278838,0.8287905795062371,0.7371597322284597,0.819303393635531,0.7837567612393113,0.7265879629116949,0.7224060031350228,0.6129494287445639,0.7611335913021868,0.6618914923077236,0.7557937039412063,0.6734755401610832,0.7221793243496565,0.7623402493313158,0.8591101741475117,0.8282714567519084,0.8381293467680163,0.8046270661546588,0.838034376799805,0.7937264643234639,0.7484892097502027,0.8042390170342485,0.7395229068158486,0.7741338021433434,0.8741005490994161,0.7239827631875909,0.7802002985515286,0.8658680325013085,0.679481063763367,0.7722786899876651,0.7241513386280264,0.7414599479359384,0.83423795748207,0.6475301245209648,0.8225038267096562,0.7342505527342558,0.7880092194463049,0.8147969979103602,0.7671085963647937,0.7707334829934019,0.9184318347715397,0.7034781554897055,0.7259263720941447,0.7759654462553968,0.7045511018626469,0.7731099709764278,0.744202513862737,0.8060028721934933,0.7696662711143432,0.7292348256442641,0.7668314832850204,0.7914810809481173,0.783337770214823,0.7951785660787289,0.728305855830166,0.8374494474697891,0.8031546863062826,0.8514788274610235,0.6471368233938475,0.7246859926072371,0.7232752470902915,0.8224539634583095,0.8626760834995479,0.8376204041849802,0.7832249037993262,0.8156966572658871,0.8750343906637325,0.7017951305779407,0.7717640809890223,0.7266534363940921,0.6903953073580845,0.8132460958983078,0.8188418094023732
0.7817086142024217,0.8259409017890997,0.7874866747396784,0.0,0.7158563247962458,0.81386966938616,0.84820572149856,0.8169449112410688,0.7243989557037023,0.7914720062572629,0.8380924433313848,0.8604006202611663,0.7871217750307786,0.7192748287857939,0.8055710443108992,0.748498930136969,0.7810915424080429,0.7512004993327477,0.8301951082849692,0.7097675418438071,0.8200981340699284,0.8028377371108179,0.8053555100037235,0.7923600717122428,0.8466781431053181,0.8018695463564198,0.7626236391404032,0.8133274172249958,0.7743680939252278,0.6930231373006507,0.774877570448637,0.7497436532373838,0.9284456714667575,0.8032162602425632,0.7730375173265817,0.7982660988548063,0.793168496643035,0.7497319532848962,0.7621624385911518,0.8364862571240808,0.8466915871919837,0.7559371399131851,0.7301626258946681,0.8206673679325991,0.8200496367437767,0.7439488984246373,0.6665914614781324,0.7736015175038167,0.7995917298588632,0.7365726633277103,0.8478910170123191,0.8397405834214702,0.6892762592248072,0.9125974299449385,0.8505060698171621,0.7353768408922727,0.7663104977602386,0.8346910541033098,0.7462519416270742,0.7504574718220449,0.8170370125513976,0.6453269544097746,0.7975957111853322,0.6432036079097115,0.6754801420304105,0.6967003373044325,0.8103566073228923,0.7244118017866906,0.7158128170064864,0.8098483437664464,0.7589872948375315,0.6768528575106628,0.7785440914430058,0.8576476887718475,0.7707422509939892,0.6623745524131099,0.7784090447154783,0.7551468874314892,0.7580933353062798,0.6323338446532096,0.7024234242792793,0.8242385773794173,0.7613918231527064,0.7517200347842968,0.8081968212210969,0.8138837713394507,0.7606912050803626,0.7347539590258148,0.7430131067701697,0.7544093353699447,0.8302665738024155,0.8046081740664374,0.7804523621478219,0.7186762302672172,0.8288890637016455,0.8301123079693636,0.6948798709467144,0.8190442916179212,0.6315139925229237,0.8286023590759602,0.6990269440510002,0.7169078332671945,0.8502283614699027,0.8244663525862594,0.7684693275579577,0.7322245880985812,0.7401501254608401,0.8030769195898183,0.7597812372373678,0.7650141482515045,0.875897511583613,0.7677261696761424,0.8240533722706437,0.7162561019100457,0.7810549132258969,0.8218677222100417,0.7314667681708019,0.6962372523884627,0.8713145673225273,0.7337991923343707,0.6866106265508725,0.8044174202096286,0.7229791952415319,0.811949326672313,0.6571368567873349,0.834163327805734,0.7110334802459664,0.745894572544372,0.8302109518221349,0.7127998959553525,0.6845608121857215,0.7155848395986701,0.7055739867120148,0.7937300083072836,0.7470041247691318,0.628849421471173,0.6813656224412763,0.7863316639567102,0.7979384003777537,0.7561639541713813,0.8401227222290287,0.6799240636750455,0.8397516992251985,0.777157298404158,0.765220272385416,0.788224000594478,0.7737076497582335,0.7026145485077048,0.7631615783476992,0.5897045033138812,0.8184837672252231,0.7400274063566743,0.762060573275938,0.7217177786998176,0.9050108904350992,0.7675280880908458,0.7729414879009034,0.8388334677999595,0.8650438406629956,0.7762104917989283,0.6771895908521839,0.7331345257516102,0.8016471629903802,0.8011089038720847
0.7891601673548737,0.74838309650062,0.8092610538645432,0.7158563247962458,0.0,0.7123814341239126,0.83463232068875,0.6530353122095575,0.748785133994298,0.691240022363602,0.8500402310463848,0.8113206481466049,0.7187597190273485,0.6818806564851915,0.8032402454593809,0.8006435507195682,0.7824859829164166,0.7609682592807758,0.7366153738120383,0.7231283952265669,0.8407375772453444,0.861583311221804,0.7723018021317284,0.8263681866967458,0.755686299691849,0.787221050039669,0.6886779613912596,0.6762359486025471,0.7690210127837616,0.8409727984630602,0.7294344206005211,0.7230681792187714,0.7378546525543384,0.6624210090037811,0.7596024267178847,0.7475131128786136,0.7777424872810371,0.7706489368477605,0.7886180943895288,0.7857987361914602,0.7862803936068009,0.8100547123912256,0.7943685185300575,0.8465376614807977,0.6942143051022681,0.6909795077477948,0.7925227439290802,0.8398431691651168,0.822613001327896,0.7931049296233721,0.8156094781387694,0.7815884005994456,0.6657004268783739,0.7772618708477305,0.7851265065642283,0.6993589781982733,0.7775276638963556,0.8250349225234064,0.708578537708355,0.7063175983836322,0.6346755815566604,0.6388122015996501,0.7557720708564815,0.6970596717577799,0.7117383236007319,0.6327488462350562,0.6634858907467698,0.7937051594850076,0.7342513548721687,0.7038383763870834,0.7966000500313327,0.6986494937169317,0.6855201263020406,0.7730054575259859,0.6898649004082916,0.620366537208411,0.7401597805480951,0.8805075561596459,0.6689778120537535,0.6830009201408134,0.6789544868775357,0.770176040923361,0.8523867176366653,0.6456325289097887,0.7494398812609943,0.7530072713755382,0.6500856622725464,0.7112594369235756,0.6172148801213233,0.6881248181958101,0.9050621407385555,0.7057652368281371,0.8511992697532078,0.6742938983561693,0.788314909402865,0.7712418676137635,0.6140785953979925,0.6633150187002843,0.6791394341741046,0.6389097201628646,0.6790502997363504,0.6446408649804293,0.6907173552328094,0.6976400517732491,0.7017112239350507,0.7360424546492925,0.6567416154337438,0.7224885094818825,0.7431895928270236,0.7771226334549062,0.7982887395355712,0.8219569791858445,0.6694723253892615,0.6589425388446162,0.6993786410922925,0.7722198255174716,0.6444307811577562,0.8190760767315906,0.7471591029542974,0.6487632785759474,0.8949172995612429,0.6448824263670863,0.7081156047314631,0.8091279967018549,0.7101993510634856,0.751081216739852,0.6487754456955428,0.7459371707765158,0.7050918170889362,0.742514730358649,0.6739043420180204,0.7526694663757442,0.6265358687085558,0.7526896790149652,0.7339637756237518,0.7404177598454981,0.767872633979357,0.8086102094469919,0.7438600561713116,0.7861795292614289,0.6620876175126753,0.7380124146380276,0.7473188534553628,0.753986334990313,0.8215553422878975,0.7725918197134629,0.8752152768139088,0.6728236157799381,0.7543741754335971,0.6102514894182259,0.7233537258847251,0.6888601773902837,0.7986768930572838,0.7927861373191576,0.7701289364484301,0.7106775133963383,0.7311973703242234,0.7742619006303574,0.7184102462475914,0.7314418230599906,0.6053846664337473,0.7077212446025223,0.7585831413178182,0.8930982498721378
0.8367555922870591,0.8686267781687289,0.8654530944499277,0.81386966938616,0.7123814341239126,0.0,0.7346761615969621,0.8438797182267928,0.76231719067166,0.8282517352851126,0.826957870818792,0.8512534039502253,0.8819193778644848,0.7476675793908523,0.7326049430936172,0.8718777937220569,0.8728634090239272,0.7522628630779524,0.8403087227664957,0.7810275172903698,0.8705783262841247,0.7981431259635181,0.6924116837993064,0.7511681716729235,0.8594949543473122,0.7791549963085527,0.6798934109085637,0.81358283436248,0.8064921323245183,0.7794173621425953,0.7768249773556115,0.8962452976578282,0.833202040140391,0.7920860090393805,0.7590040148200641,0.793508104834086,0.8319506800552928,0.8039958153047134,0.744034694566561,0.766098676047282,0.8100329558053384,0.8097490732768438,0.7684471946687753,0.8222215683534105,0.8150239220441347,0.7995608851118505,0.7862859352929138,0.821248500920628,0.7487409866481738,0.7844001704277602,0.8585062437727922,0.9172184382935614,0.7639045341723556,0.8678298549472538,0.8292295124275816,0.8922918062275509,0.8292342279490517,0.8831675845221278,0.7141170102282721,0.7966554077296745,0.8685689343026142,0.7789676309877949,0.9004167863779907,0.6647153817555992,0.7086068364985303,0.7936271953330419,0.7638346897194795,0.7959232073233243,0.7282171291138856,0.808129101587743,0.8270560034657963,0.7000737095182135,0.8073263960837996,0.8650528802329007,0.8858460202995662,0.7587092050035575,0.7863503910582527,0.7754452896053355,0.8007438208230594,0.8077813951642582,0.8933122745036821,0.786975591059444,0.8585526049909965,0.8698442098193154,0.8711504874029609,0.8679375341709584,0.8097617636396833,0.7370422836843756,0.8297960965929475,0.7872696059290765,0.8116666257765346,0.7791080579410063,0.8134413794376205,0.8117437317533854,0.8082320247139584,0.8361464364113117,0.7828313223744064,0.8468989285246059,0.6708185812351234,0.8435311259597336,0.7183082366326837,0.7346899850375668,0.726427217444536,0.7533299469758021,0.8267829494200034,0.8506359066867626,0.8436203122217709,0.8351434402988901,0.7816911452030296,0.827661649869066,0.8276807210620133,0.74472519541514,0.9152308576467985,0.7427423640520981,0.8412183946989444,0.8768314151200792,0.8433687115432528,0.7068586476422207,0.8986722062272312,0.7616632315538137,0.7182216819936782,0.7850440039541642,0.8292246776023238,0.8678823394853069,0.7022708822460136,0.8665229078501231,0.7946966347735799,0.791187539471951,0.885469238462911,0.7170428945769285,0.8175810520700385,0.88547896972107,0.7587651006492963,0.7924607868916138,0.745030123151963,0.6957193600476832,0.7979606887997338,0.7222338017199432,0.7050803732154737,0.7575149634868349,0.7869464656322761,0.813668460411726,0.8248255167799247,0.77445121881685,0.8000996227711906,0.7485146441838355,0.8131919945416339,0.8068543039211412,0.8478236697222011,0.6960349403997034,0.7795941619882245,0.7997125052544211,0.7380943496247385,0.7286503550104695,0.8750504035440615,0.771048776284937,0.780590076239049,0.9047955358290792,0.7411703031672571,0.847457267766109,0.7354517358031103,0.8069582602978392,0.874158514196516,0.7817271274734399
0.8040706070777481,0.8216664723516827,0.7535483718501436,0.84820572149856,0.83463232068875,0.7346761615969621,0.0,0.6816584924251757,0.7058015676680713,0.7917348191125503,0.825321520941283,0.8547571116086492,0.7531304259477429,0.7171280478730516,0.8671641109164757,0.7421940607898383,0.7587149339027264,0.7708912941627469,0.7935345369696751,0.72234587686781,0.8152944169334512,0.8111844101581823,0.892019087611272,0.8811001194420511,0.8504208279491083,0.7993885674889394,0.7275244546935578,0.7387535055943629,0.8223176403721669,0.7401922561217633,0.7907618654947456,0.7551065277694453,0.8524248511324183,0.7908116670673352,0.8051496258719391,0.771962016385935,0.8185769804954711,0.7199880799003294,0.7892553356234621,0.8830604192605634,0.8312185122202015,0.7543237208791553,0.7695436918965889,0.883991574032926,0.7725861403787777,0.7487953556267215,0.7614624180175447,0.8271639270631811,0.9266064906045914,0.7566695504942523,0.8588484695224898,0.7965177522602424,0.6889301584505468,0.8544527137060921,0.8573411932767064,0.741096973090618,0.77663903817979,0.7649976711252632,0.8063958278857808,0.7458247051226153,0.6923732308894975,0.6291564401835255,0.7300485090641216,0.6750230897900292,0.7205416791104056,0.6721430169130113,0.7720068089181913,0.7834017820788108,0.6951970564812059,0.7080298824132415,0.7764368831352628,0.7351089695093433,0.7070774337917781,0.8166587873242986,0.6736643102478941,0.7135284169984476,0.7672032850105583,0.8640726453381914,0.7043048478119838,0.6875044246810972,0.6851375238163511,0.7884855925286101,0.8279983460749542,0.6604319678572729,0.7624048602937448,0.754423966030732,0.6669019162714225,0.766098196928473,0.7024213692512237,0.7358572094826528,0.8392007312566488,0.8145651505003976,0.845996810728662,0.734450847434731,0.8146824542034453,0.8422753271226308,0.623585481081325,0.7585679661899242,0.6641994821503182,0.7660506679319973,0.7437249333847309,0.6588074265482288,0.8067587314191063,0.797197748711283,0.7129210292008052,0.7260123124329342,0.6838945314707787,0.7573575189696726,0.8165391700143283,0.833822772056761,0.9003623304726683,0.7857878069423571,0.7422206808292221,0.6370727395162368,0.7459373027955165,0.7787009373996348,0.7244353047189345,0.810523327520244,0.8044440654295086,0.6653486319022303,0.7838191441857457,0.6683673922706254,0.7305664201167146,0.8726517591851423,0.7077917277395057,0.8382506313814208,0.6609828982565265,0.7476699708625298,0.7745396463521996,0.7617446397670924,0.6449805092920506,0.6609705986342174,0.6523692929790198,0.7433060407652362,0.7472818499358936,0.7157885017477071,0.7640849835083402,0.8715703647225015,0.8002624017093366,0.7893267428890932,0.7782937756335027,0.7014545005617581,0.8324393941019153,0.7250204149985362,0.8265661492341376,0.8424388327413277,0.7925410372853743,0.7156745806592157,0.7809463484695194,0.5623681483439927,0.7867404369549862,0.7565730451112384,0.7532465475424653,0.8089300624497521,0.8491644381449996,0.7560345433470029,0.7909104694570901,0.8226236858677252,0.8716671748880194,0.7955386494336754,0.6809030160396063,0.7606540802004815,0.7977716372889289,0.8389832510984495
0.8083849033529396,0.790412578069423,0.8189490957222879,0.8169449112410688,0.6530353122095575,0.8438797182267928,0.6816584924251757,0.0,0.8037064861271694,0.7735342505565795,0.8151227830393989,0.8063671800711265,0.8787059827438791,0.7386746972084375,0.7673620261156276,0.838071956230135,0.7899194723109381,0.7769802145682209,0.7977685642749751,0.7934383016344837,0.7911568423556935,0.7939276012774257,0.6936365705214892,0.7093007157907026,0.8191777870447003,0.7810764896623004,0.7726264765858626,0.807481074368357,0.7182755580818405,0.7412957213447431,0.8243808792583007,0.8424958188067408,0.824616560709597,0.7677955285823179,0.7397242342491596,0.8056987096934736,0.84231701320786,0.8445463591365753,0.7891013896318547,0.7438164556115597,0.7689821303026471,0.7034016219561368,0.8159164012172795,0.7370050661772501,0.911495290078698,0.8269589730096664,0.6751012358976647,0.7740086843895125,0.7334262028209988,0.8010389131773034,0.8359698536390061,0.7847510457067758,0.7129764817162964,0.8355431036003428,0.845135065308794,0.7316075008570906,0.8128913146959321,0.8591479115584324,0.7140086532020911,0.8126496033049531,0.9426899118441054,0.7599046683227182,0.8698080960258268,0.6672008071383949,0.7022101407694077,0.8040495388261364,0.8247340469775705,0.7728223057840747,0.7955768254506936,0.9305797655027018,0.8271270764760419,0.7098994639174488,0.7738356550527158,0.8721701339747909,0.8778059939821967,0.7088395550097061,0.8372078007733715,0.691132149124405,0.8729192606094245,0.6331760573256241,0.7277349873743809,0.8155245319686434,0.7796837697740651,0.8823504118815344,0.8195105360354514,0.8831056680389479,0.9065009121324471,0.8054063160395317,0.8500009010961364,0.8054741912737581,0.7831079641046591,0.7340294891063336,0.7833471946524887,0.7597854829230779,0.7744439769185573,0.7893547136136028,0.8383428812197823,0.7452262529099691,0.6318110996260875,0.8339724498568329,0.7314969232453183,0.8899824332734332,0.745411240158879,0.7284476123978596,0.8611846345859843,0.836396509076884,0.8581146540514739,0.7588165697996657,0.7554840206192743,0.7149501085569325,0.7483140231560528,0.7590765761183558,0.8360549520376739,0.8149248781712118,0.8336409576818469,0.8018737165302432,0.728860828063105,0.7294988077781493,0.7473852964990751,0.7308529048503287,0.6908429903054915,0.9125746689840524,0.7018146586333298,0.7867503865023063,0.6490794276183308,0.8345901290076604,0.7506680625789185,0.844385296714142,0.8011571406368976,0.7709789929974481,0.7632950593084867,0.8298688329507125,0.8448695595312012,0.7607316359305837,0.7866339481580168,0.6576948971869919,0.7425531992987786,0.730407518140913,0.7969136089299944,0.836546914907657,0.7924064249553915,0.7439065796009384,0.7874252037532111,0.7991475517295478,0.7687847160621569,0.7384939449958575,0.7941284190460565,0.7569114520127371,0.8032746748574905,0.6390298749568115,0.8398284982391222,0.7163535836420555,0.7675849187680684,0.7186920406228238,0.8183729835409698,0.8629210281356904,0.7795011966764653,0.7997622672314777,0.7213439206656362,0.7803036113568302,0.6725329410796919,0.7078900885294658,0.8498801143504723,0.7395199257425015
0.9098663453131143,0.8108616587687668,0.7476639822238933,0.7243989557037023,0.748785133994298,0.76231719067166,0.7058015676680713,0.8037064861271694,0.0,0.7090315197048522,0.8271089549033044,0.7672865009253925,0.7889601352800183,0.8077253242239472,0.7861509150585614,0.7787977370205783,0.777011519257939,0.8494427586651822,0.7956228376183669,0.8890971534313756,0.7640919684750666,0.8493686805047286,0.7183507820263949,0.7121223653189511,0.8054412488356324,0.683441719611326,0.7631189315829195,0.779621687177697,0.7307299346760657,0.8215181557010222,0.8520653059883903,0.7932910736626338,0.7512898903442958,0.6939702592097089,0.8875548306909797,0.8094934287639548,0.7952006803003943,0.9032386375293853,0.7773270453548999,0.7176956915855272,0.7554113796700656,0.7983380635958012,0.7873728166783003,0.767959303782807,0.7946653995354898,0.7315658276183865,0.7016599226737421,0.765800643662932,0.7861299356409682,0.8634210202172602,0.7925703866537537,0.7513864959951827,0.7640576371999528,0.7708699174544653,0.7916938949870287,0.7633466740949304,0.8441915395588414,0.8103058295692679,0.7667793504765575,0.7957203340759317,0.7626180252076029,0.7239760428113354,0.8025576993789268,0.7856573108947598,0.7864734591677788,0.727600439934214,0.7365680752919409,0.748193401124403,0.8320787867140503,0.8396349565624802,0.8307376984472116,0.8119057640597266,0.8299557762661876,0.7734914196926098,0.8379191376497789,0.7190651808738411,0.7058719006150512,0.6771703469032205,0.7502974813374135,0.6171245108413074,0.6820084748982769,0.8690043814702544,0.7877661024103869,0.7825632870219622,0.8280465875207197,0.8735959638185942,0.7966032853492443,0.8371268051839624,0.7480110063928114,0.7763240075886456,0.8433132302147505,0.7847127540512358,0.8329214221278709,0.7700680680640505,0.8678116615634209,0.7697346189701308,0.772100213377962,0.719424843962957,0.7650329055231866,0.7250612309177291,0.7731361900858433,0.701611674278578,0.7060827074553393,0.7019908881886342,0.8848446943764571,0.7279143601662496,0.6979637092177577,0.7559008788483592,0.7086117803057344,0.705853595866797,0.7237261103280246,0.8565338576749243,0.7748880443560435,0.8133798123551066,0.7867752864030098,0.7818236220830548,0.7391604695207882,0.7966789168323609,0.6937688044926328,0.7687750717075305,0.8109716507487524,0.7438912978725928,0.7683064083591717,0.7451406776591083,0.8526207879693688,0.7361058565409052,0.7268074943521202,0.743586360136865,0.7320778179750014,0.7837070827276094,0.8392326526743388,0.7706794616906579,0.7845144754965413,0.8817287977813177,0.80244628314356,0.7655938350621087,0.7780611742587861,0.7829449433129934,0.7791089129569979,0.8335974737502746,0.7447166948356353,0.8024143143128599,0.8344678587367431,0.8770567054114732,0.78354023649121,0.7779104368093525,0.8611388263900047,0.6483507429504911,0.8222514689250959,0.6716524932890658,0.8533176484441232,0.7664368569063815,0.8509775984374855,0.6816964966355115,0.7301564882218681,0.8077360329610194,0.7606692052451155,0.6867472370437093,0.7655347433669913,0.740667799100565,0.616283960771986,0.8386508741012998,0.8633797332633864,0.8578285918661979
0.7979274536275917,0.8651727263597297,0.8514863325128849,0.7914720062572629,0.691240022363602,0.8282517352851126,0.7917348191125503,0.7735342505565795,0.7090315197048522,0.0,0.8080057334690155,0.7866245627475542,0.8578415640342059,0.762792460630315,0.7502656590345506,0.8152690775861636,0.8354770428685173,0.8113153636258301,0.7799182659455538,0.7491560707420849,0.775686991705041,0.8009887427302622,0.8046751018202416,0.7498063810664405,0.8976362795689298,0.7143156111905413,0.7731048304799862,0.836990813734319,0.8871236982805378,0.7544127334418488,0.7294542272938239,0.8378605393896763,0.8048336680987203,0.7396479288355374,0.7447539977384748,0.7379286556389645,0.7964624804300017,0.7603233767762744,0.6813800657934865,0.823453230279723,0.7730297192030214,0.7692983788550125,0.739083087559465,0.7488115922081151,0.7878004491409587,0.7759562137630363,0.7530523440696442,0.7618797666189706,0.8247672484531868,0.7306524830840216,0.7855590839274011,0.7765910246888941,0.7341770452921501,0.7990867755617919,0.8111676751509153,0.7920512784711529,0.757841709228097,0.7791533293854724,0.8129718410750786,0.7547719066017882,0.78155682082628,0.6684582744540519,0.7739069205466118,0.6715292782066131,0.6747468352665268,0.719207169444015,0.7434897006765612,0.7710753107876417,0.8007163187026469,0.7864738936361125,0.731456031165033,0.714350203756571,0.7314516273186653,0.8307307356775467,0.8119177273951697,0.755934250642888,0.7407116533171764,0.7653586057084433,0.7286074942014799,0.6916410538730253,0.7898893972331861,0.6986545151414568,0.825390888826969,0.7961670516404594,0.7447539631699142,0.7988922407747848,0.7053560577861857,0.7512037717838418,0.8161847022432629,0.6970440200849238,0.7670764202195705,0.720033720247083,0.806860875277507,0.7373711198073757,0.7703076984042924,0.8186951312169214,0.6583201281565152,0.7739482018567613,0.6152593821593287,0.8068071903340943,0.7005877893696496,0.6816533966867775,0.6994991598464106,0.8102361683241311,0.7397827825466912,0.7719677607906349,0.7533228390602987,0.8800893949573434,0.8095380418194583,0.7939576712445998,0.7601269149438844,0.6772506636565125,0.7953259976658721,0.7275377063315128,0.7773634363684682,0.8183362625319722,0.8149116104694881,0.7790340459940814,0.8416133867333563,0.7087019156397086,0.67300763819935,0.6961072338280211,0.7239679063911927,0.8062316436892601,0.6549771094424569,0.8581034979899468,0.6871134491774613,0.7145692858734073,0.8456097594784098,0.7537656377256493,0.7918951000976714,0.736548993590094,0.6994769844160295,0.6722090338340497,0.6996722430224904,0.674842594062663,0.7764339882861954,0.7456281749366319,0.8082585234984621,0.7331961075949257,0.8142591673178856,0.7414907214919919,0.7806460865247403,0.7105827466127422,0.7530997192501138,0.7371344718975907,0.7089698207727094,0.8173779708238114,0.9041489423161947,0.6287395537103944,0.7040645361886065,0.8209393330218372,0.7239999701687658,0.8077983558965344,0.8306583818095041,0.7373671016821676,0.7937505710923125,0.8289687663289733,0.780807499368762,0.7872582675951743,0.8163744721269344,0.7548927650487423,0.8207812425839474,0.7269795191709262
0.8779592487118026,0.8376831328611479,0.8871041262182191,0.8380924433313848,0.8500402310463848,0.826957870818792,0.825321520941283,0.8151227830393989,0.8271089549033044,0.8080057334690155,0.0,0.8843923586690574,0.8740776934065428,0.7671408699208051,0.8107553769656023,0.909260677925572,0.879525146033682,0.8305782223719339,0.8336106608528001,0.8251838590022234,0.8846173539183413,0.9321166409051933,0.8307543425247804,0.8451901411630108,0.8968992531340847,0.8280559995953496,0.8176948530945204,0.8522670896673972,0.8354488436684183,0.8537811354046517,0.7939288481482482,0.8347983646018002,0.8044823852485715,0.7706026389784068,0.8183972029892236,0.7981892515477408,0.9022012663925044,0.8641732085934231,0.8340537551473808,0.847645800917148,0.7915144226951804,0.8692600861955949,0.8145743917978159,0.8470870984164881,0.8260121326953601,0.7483444280940713,0.7070427253265472,0.9013596808581422,0.8877605124101147,0.8133383219471655,0.8636707097627168,0.8102297593224204,0.6908391568465849,0.8701889086124915,0.8908323758908102,0.7571262072590783,0.849616412662677,0.9132960366745552,0.7718853924714286,0.7757467397809646,0.8213076260476355,0.664189397817217,0.8257277227424267,0.7190448152918194,0.7088696895102166,0.7115045592561065,0.8162374745269965,0.8129364117186433,0.824917020081448,0.8739017759255241,0.8300637529530094,0.7323056076575253,0.8251645204869572,0.8983726497132727,0.8346636162491567,0.6754770659816925,0.865998989344212,0.8381052159710639,0.7428287139481502,0.7038405634023331,0.7189850686243576,0.8180621749974186,0.8641357004857603,0.7841439562794682,0.8409412711511527,0.8578594626047792,0.8238950782765356,0.7717494786131645,0.7276657948446069,0.7857313641502004,0.9104603060053694,0.7268500567251984,0.8693782349999438,0.7501588480179658,0.8641671386213776,0.8313016970255864,0.6962015060237887,0.728700465101791,0.6706866510214479,0.7493522595712901,0.7532328699038016,0.7660165409700547,0.728709457808453,0.7323647210511337,0.7874317831889771,0.7852249271567251,0.7471565538563921,0.857438443192226,0.7529003766758765,0.8472620434727364,0.8673298783463391,0.8391723920964332,0.8235829434505281,0.822449739310721,0.7694802008407441,0.8624279652777564,0.7139476906430696,0.8630211913303327,0.8365602346705135,0.7303829239041814,0.8312550488483015,0.7467512412609436,0.7888062768226615,0.8448154853832721,0.7417290976731615,0.8387352514115294,0.7018608870173536,0.8081998589683517,0.8055240528129093,0.7671606493765862,0.7656042818249699,0.8352724721868086,0.8015448077953752,0.8293229718525427,0.8365995791456403,0.7060311530607234,0.7881078164567469,0.8066255055071647,0.8602337999885209,0.8309856855430432,0.7507922798926466,0.801860831866069,0.8175158873326163,0.8245278179855514,0.8826439156525108,0.7917763156763837,0.8582378672819744,0.7104171732228628,0.8505305473928992,0.6538489482083352,0.8418073689382171,0.729862584873085,0.8824810972468392,0.7727474904350211,0.8514748391604154,0.8410993444275058,0.8931449348766579,0.8447303078288398,0.8028887365198806,0.835455521380619,0.638590746250673,0.7718830921021702,0.8152297116244461,0.9427991131772211
0.8075875912615538,0.852487553973326,0.8215808289557148,0.8604006202611663,0.8113206481466049,0.8512534039502253,0.8547571116086492,0.8063671800711265,0.7672865009253925,0.7866245627475542,0.8843923586690574,0.0,0.7833806026813744,0.697519537153357,0.8196366920018745,0.8310111243706204,0.8081521592584192,0.7253582811150238,0.8940088658699341,0.7720837330954728,0.8956160726109853,0.8362211396433459,0.8080565220128054,0.8461662268934798,0.8890262918496079,0.8109972153573949,0.7173740453201264,0.7751251084380186,0.8182281585281589,0.7982061634014631,0.8551338941024914,0.820850192791559,0.853090886619936,0.8609207631210489,0.8007878969038782,0.8457526512792036,0.8435368053641552,0.7888961416724928,0.8915653150540048,0.794266731060381,0.8466658975723889,0.7956381414344061,0.7975285533001548,0.8970936541401026,0.8352448622955221,0.7522615522843348,0.733054908490601,0.8733769148816833,0.8442546654357621,0.7923751590143209,0.8763956857631469,0.8428391286536315,0.6820322520752142,0.9175279584226487,0.9157672762002352,0.7784460833200298,0.8196017039941372,0.9092749835616273,0.7151994275661308,0.779239865130156,0.7876519370463645,0.6805042981670657,0.801508247541816,0.6924760572929315,0.699285388645423,0.6979076022264351,0.7674890156338162,0.7503566028589305,0.692240968032122,0.7850129235638093,0.7999237639160984,0.7025397946539489,0.7459964969535744,0.84407085979794,0.7676307155350688,0.6811042787102857,0.8162827962365997,0.8388714712268424,0.7644092433970252,0.699579217230394,0.7149944758840009,0.833328401551066,0.8405262518630426,0.7338258429134126,0.8419593621763748,0.8346530263108293,0.7814175985021315,0.7390170773478121,0.7320296697221955,0.8101509039498239,0.8515047373109038,0.8332930311261658,0.8579264813118151,0.7502590000389661,0.7926804786386592,0.8785097048791499,0.7226384976650471,0.8299744523956354,0.6817408644903731,0.7700821711419091,0.7494925676628948,0.7549016967706647,0.7998453416722651,0.81162267275242,0.7768095599774645,0.7762034567827092,0.7674547449021352,0.8013152423179656,0.7597796226771526,0.8519125890397853,0.9425859043929953,0.8291073448273053,0.7832354817828204,0.7232033666363176,0.764380528242392,0.8097455147758419,0.7364170772990547,0.8078297825947823,0.8449211533004793,0.7047319708831377,0.7800485561408339,0.7585546051794276,0.7773849465071162,0.8684438191362678,0.7038268561266662,0.8858620837071234,0.710074185018135,0.8385703401229965,0.8576998698993554,0.7152484848566004,0.7145569754454603,0.7769895120599458,0.7136011466030674,0.8298644364392042,0.8219182911767039,0.6809231796013926,0.7874080175183706,0.7984802452827431,0.7803415798130968,0.853019955412827,0.7508038920691796,0.7703316279438958,0.8357968702546072,0.8120728494304216,0.8724004587754594,0.8157377973435014,0.8811045839944298,0.7121437815979823,0.8438006883794927,0.6501421580104796,0.8541134955471199,0.73966506688947,0.8106608591971796,0.7576189863910976,0.9364794921407789,0.7939927058171404,0.7844485648017007,0.8683841048910392,0.7807603026656178,0.797106281171693,0.6188844592032221,0.7646549188382604,0.8609878881813591,0.8520211589550337
