0,1,2,3,4,5,6,7,8,9,10,11,12,13,14,15,16,17,18,19,20,21,22,23,24,25,26,27,28,29,30,31,32,33,34,35,36,37,38,39,40,41,42,43,44,45,46,47,48,49,50,51,52,53,54,55,56,57,58,59,60,61,62,63,64,65,66,67,68,69,70,71,72,73,74,75,76,77,78,79,80,81,82,83,84,85,86,87,88,89,90,91,92,93,94,95,96,97,98,99,100,101,102,103,104,105,106,107,108,109,110,111,112,113,114,115,116,117,118,119,120,121,122,123,124,125,126,127,128,129,130,131,132,133,134,135,136,137,138,139,140,141,142,143,144,145,146,147,148,149,150,151,152,153,154,155,156,157,158,159,160,161,162,163
0.0,0.2778550474057018,0.24930330295646175,0.26535966346770073,0.2565373739051081,0.2966230770815375,0.23468585445524753,0.2738246308988136,0.31099494977537206,0.26793159286113016,0.2939782481465609,0.2499621983974806,0.3982158432500401,0.28246043820944206,0.2734577005085584,0.32167018179288714,0.3366222734740836,0.42739727130994176,0.268261922383305,0.43844684526928474,0.31986181826823357,0.2739371028810627,0.24731207096886335,0.26835791338258086,0.3717533702143152,0.24814143441580588,0.2261277641172255,0.2938297742507773,0.21971149981421237,0.24410018169294945,0.30469295727718626,0.32594538939991524,0.24029805226557024,0.278241298413445,0.4153843401259404,0.2660292451620763,0.36071922203725937,0.32620217627707876,0.2224879015471157,0.2955890701383515,0.23728276867419237,0.3069599745254663,0.309882967418987,0.3284979052639329,0.2912528207055439,0.3439662255721169,0.2564274506642067,0.2801865135538942,0.31616367489643815,0.35135633515934234,0.3357112590039887,0.3456627044751649,0.26828612318736134,0.2617991357158203,0.25518858493346247,0.31907762318799543,0.43405513614632246,0.26812177882574745,0.28215733178762425,0.3398191850048141,0.283876654755555,0.2610228805028792,0.3207727031335063,0.24500329196169213,0.3112603352771172,0.37296840850025165,0.30263356367034583,0.3156678385064967,0.25829576375216023,0.3283862538718482,0.386247069931864,0.3308145034733975,0.34032977105212386,0.3254866929889837,0.3306967220744329,0.3433684430420843,0.24135313579088014,0.2494942794787238,0.2796949889287277,0.25363106892959275,0.28345596171434756,0.32229462296416456,0.2873293753986087,0.31164765645455017,0.3317358868519294,0.33129801556034527,0.2932641122221208,0.31472471976643496,0.36115155862691506,0.2859886126232894,0.33936275208349853,0.2753207352556799,0.29870640135450166,0.3763896019520176,0.320878835463284,0.26088883356203507,0.22387688774557923,0.27157060624748414,0.25004165059042344,0.3534432639981145,0.2910991850923106,0.25121365463223394,0.25988575942473663,0.23426308946715307,0.3637533683398133,0.3218948516398903,0.3067173465595369,0.3067384937150116,0.2835318712620305,0.29082682155813333,0.3007079165548734,0.32788793299863195,0.34884498679447484,0.27422650625190426,0.33012937947240806,0.33231091065647267,0.32719282154000584,0.28411048345122486,0.2711864316716052,0.2884725782644961,0.30672154416926584,0.24316506510641442,0.32549443081008733,0.3397674309865859,0.2879899369040074,0.24997692450914719,0.2559994301445431,0.23789137867521953,0.26277659068369463,0.29192777714155943,0.267879127619265,0.27604556216212245,0.28517713043309945,0.3039314750156089,0.2865250293029646,0.29674802328277555,0.307228526350848,0.29642917753921294,0.24919654647849515,0.2980759968125906,0.2462674754277405,0.30280993412941104,0.33610826085466877,0.25241084724644175,0.3126226506016458,0.28787207430593204,0.27137158841816517,0.24020845274064576,0.3000743343848932,0.20063517659512142,0.3837677248274425,0.2698756264246737,0.29545905849526327,0.20195759657023363,0.29892117683645575,0.34427099387306254,0.26351595662733435,0.303093604855028,0.2815859313481888,0.33064425621497395,0.2444177251960364,0.3684074046582043,0.2258403991145826,0.4061537987457058
0.2778550474057018,0.0,0.30889833713677567,0.2961239999549955,0.24374264663360876,0.34130333631555315,0.2703047534336651,0.3354039293805099,0.2585107802813081,0.403357119384518,0.3011614465439265,0.28620535533659364,0.3062477476593147,0.3139549815765992,0.32547802888416383,0.2912494846330278,0.29462383028262135,0.2893268810778059,0.2809622063576036,0.2961591142422915,0.3016763564238753,0.4081315809197401,0.24585243985249933,0.29853687781351435,0.3433077157999977,0.2215856491336564,0.2179656669716518,0.27553564124896196,0.34677192695924564,0.2120510205667807,0.32070331048995765,0.28512144358983676,0.3231019240203717,0.22639904973131064,0.31151703103031925,0.29065823188480494,0.27540212583930135,0.2865698157659117,0.2866462785046909,0.2806965436293485,0.3120514566250902,0.28763398249132627,0.23298551604114368,0.2929073387348993,0.3247191665983063,0.2627034333181144,0.22729475084084358,0.2626108594614973,0.2932936852385784,0.2630564597806513,0.27111268798627247,0.26639442447966905,0.2816721510503604,0.390244190585489,0.30614183617876556,0.3011477481701052,0.28479751769823414,0.25913696553334026,0.315724773762511,0.3023561143840319,0.3406533518645076,0.2096411923807721,0.24229067190885703,0.2339038813851231,0.2506177631846064,0.2506011292385022,0.27738252572369926,0.2630129487871531,0.24112912217205165,0.3141312668499762,0.2820237402601789,0.30508550055182326,0.22134717254113523,0.31657503117795444,0.3177028391731792,0.24420755840544908,0.24708655935881196,0.3125792735867564,0.23721856268324534,0.21656269355922256,0.2755893308047963,0.264086499109116,0.3695198744320006,0.2820843057689524,0.24882486010811797,0.3485277655841255,0.24093403846105893,0.2303385733437026,0.26342647206053116,0.2939140698298243,0.23610883225006496,0.2621907999558209,0.3114381374257348,0.2665776393795051,0.2890417991076648,0.3673431524492924,0.24407277576857958,0.2675096139796906,0.21750356460635722,0.29689769982244363,0.3118021717727081,0.22996119605863183,0.19537094133157215,0.2820597024612309,0.2504941675670905,0.25725042418235755,0.2566889579406048,0.3502343090215866,0.28464629334153535,0.32849919078244555,0.2657927101781466,0.23119597702650294,0.25750199548389047,0.2504971590829645,0.2899612494003885,0.339960915802962,0.2790098566064967,0.24378176965918225,0.2910861919315758,0.2496340582741003,0.2786665477848145,0.23016374029130862,0.23996804756117335,0.336448758248172,0.25113597160160805,0.37115377945189015,0.22980526257446743,0.2971362519114005,0.34710411540437514,0.28583815690573766,0.28605564919949955,0.27209308683660444,0.23990314545764838,0.2817699792002595,0.31222634733685867,0.27735770774657237,0.2746839936245657,0.28517578767648144,0.2877022042119478,0.2640873756483513,0.31445199089873777,0.31099808770416,0.31674287245616434,0.24733929854647307,0.31600484971074283,0.21767986100220935,0.2949964422280437,0.30753307802877367,0.34899457229391384,0.2221687201855324,0.2561953537217224,0.3092734185369396,0.26837435722879843,0.27715215284525024,0.3064806626454433,0.3180320412866838,0.2600202567378422,0.3460539163514641,0.2741182614813557,0.2381297663889395,0.30637234520923856,0.2959724635363064,0.22909870763363402,0.28333386658902243
0.24930330295646175,0.30889833713677567,0.0,0.25073850721560476,0.2602330957757538,0.27658891557237547,0.22106882163210956,0.2827502568775438,0.2302645813724191,0.3630723829449694,0.30135933577171137,0.265794815595803,0.2969534835558574,0.25172737011862856,0.2586654986091152,0.3466712667156938,0.3077003551618026,0.27722151267804934,0.22051036116367612,0.23375631979082107,0.3045516841957141,0.3980726608094356,0.2096250191022682,0.24320634272912692,0.26433401178290095,0.2539847638049367,0.21122616558282317,0.24060158681035937,0.26349452555610736,0.21610737912192812,0.24240539465498367,0.2762924463994342,0.24303989676975032,0.20620056047178106,0.2462695558962899,0.2853893579420589,0.26450377066924396,0.279214143755799,0.24073477989495196,0.2495347717373869,0.2537687164317115,0.265560637931684,0.24261480274616973,0.26320506296934876,0.289981342224574,0.24668210908750646,0.2360009241453602,0.27505671410408644,0.25526177506067393,0.2606888818456517,0.2635031724047484,0.27609725750922776,0.20042793810714474,0.3288709828280046,0.30216941170355965,0.22948581409492474,0.24028466807553225,0.2748478958808161,0.25173853443483896,0.2574624585598805,0.25163957965498773,0.21039367231921285,0.27078956951520605,0.23674841457985352,0.21392622998129698,0.2274916761116794,0.23193789733692416,0.2727713831851663,0.27427668816109674,0.27768581680788473,0.2807506064728654,0.23926036004356863,0.2236599687656892,0.3456611017638345,0.2946451046130232,0.18814779380288768,0.25854483303491316,0.2751809131379713,0.21078249368538568,0.17688304793487095,0.23681007840347507,0.247115200581654,0.27895410387500613,0.25727031698433056,0.22458474394463626,0.30991047758458407,0.20609720368536402,0.2074499139136987,0.2338444233559309,0.22123036480016975,0.2669352795126248,0.2111255625282023,0.27646706298599727,0.19808316398045198,0.25234395440303253,0.2810210777326076,0.21389635512005822,0.2451998817416375,0.1988307737572827,0.25910648033574957,0.21667604847580235,0.23170468669850885,0.19274530667258497,0.2694422757510307,0.24759001050896196,0.2868113766534309,0.2541721835802537,0.2587386936177453,0.24700335282452862,0.26851829501204694,0.24506271781625716,0.22239968724301323,0.22806805868432717,0.22322841110493147,0.23859512831999086,0.28791378406839613,0.20354383861955347,0.28719370781138803,0.28774010570835923,0.2405335026735967,0.2685315504929006,0.20778394180735388,0.20078296878435323,0.2668090516674534,0.1856386082094418,0.3153381926256382,0.21641135318159177,0.28089663361361406,0.31922361706456753,0.26862685738142933,0.24685110207716335,0.32949832619184116,0.19317465840277673,0.21476674616549257,0.26026154118557865,0.2161643316561162,0.21359648396745798,0.24111997200654794,0.25777857180906183,0.22631668394657828,0.224445625205325,0.2704241081104691,0.2431461526468692,0.25081692622826596,0.2616063019613646,0.20067981064652493,0.29098045055238797,0.24817202052541323,0.31272970232585245,0.21322893839150436,0.20686474861095136,0.20372010493727075,0.2522444900138322,0.2754603894443425,0.2653155702628727,0.245202337961109,0.2240034117824581,0.30521538731999587,0.19037968792175586,0.2255949375596779,0.26412079718735765,0.19796786473538242,0.1960773809687318,0.25122024604977383
0.26535966346770073,0.2961239999549955,0.25073850721560476,0.0,0.26056853149477816,0.24103972812090005,0.3219195858321147,0.28636280440557516,0.24242520345971527,0.2737452071911602,0.27761129477899454,0.26012545732136394,0.2903830948170653,0.30336509068893336,0.3835060636326603,0.26357794271915247,0.2938412376257888,0.31700739924315835,0.2502514006921297,0.2546524626318036,0.30746722289681966,0.28775715552366093,0.28448762845326553,0.2727212996317055,0.2765805623397317,0.2856793795927179,0.29387618147068795,0.2669174126614684,0.25031563296992354,0.20741442439381305,0.29023054255480046,0.25192627299224274,0.3981760069713618,0.2603335684827863,0.2944560531299711,0.31130810966228745,0.28854945317234937,0.3039314924163299,0.2806715213279584,0.34383155333986004,0.30357472921160145,0.26227100564455036,0.2606849680872682,0.28816945796378624,0.316705214915437,0.31717615989788656,0.20476456805004906,0.2411530985772408,0.2975728342252931,0.29082214488706104,0.36013878174962854,0.280726042749121,0.27252602476882165,0.38115349392083825,0.3177692026017129,0.24925648106616158,0.3124227956604107,0.2672577527934141,0.30580671158984496,0.36161302095136577,0.30369994044917337,0.24279304211422648,0.27393638232612716,0.23176305148958298,0.281083121741539,0.2748127012330263,0.35047796810049836,0.2464932916958791,0.25644183568669304,0.2840961421764556,0.2781976628529788,0.30577549219948874,0.2445973839567958,0.39978800355793614,0.2815364953599738,0.22982377793769052,0.32399208505929183,0.338423306754613,0.2600405076033534,0.19409290789214922,0.22715525036480527,0.33344909628949,0.2655899083156984,0.25512519015854296,0.3123826220442426,0.2972106684053196,0.26506604561566544,0.295555645800081,0.30681037722082927,0.26780083536874555,0.298067494634381,0.2910498851843916,0.2881798950565784,0.250280038044419,0.3237153231209277,0.2551270446337111,0.2320411843186678,0.25703523111226384,0.24440254892376198,0.33300010268530755,0.2968018658593033,0.2710483092914559,0.2700035093107829,0.23604557765268258,0.2995401002247767,0.2874558467773925,0.29285126170976045,0.25257017373070023,0.3224662757873407,0.24500419161280954,0.2889814022777612,0.28745692616242274,0.2857357540197662,0.31019244323658984,0.31040159037344367,0.2935371845839461,0.258104968350476,0.22883914484953127,0.2471818522774224,0.2882019868761296,0.30615369256223957,0.2861845478005668,0.2323468488414227,0.3108327449973906,0.22043563926990759,0.2720467724123794,0.26487096726031784,0.3185701972041366,0.2805123739053442,0.3603038491957842,0.2291429470449582,0.2683433629210193,0.2694394766833391,0.27474803748007215,0.2654176452815699,0.23080599141157687,0.2009827408461405,0.35012278950320436,0.30162896685932844,0.29267101215399516,0.30968965207299926,0.2664666699122768,0.3592607976240476,0.27839479760745245,0.2838068705773112,0.24711767541538304,0.2885480196794347,0.2695073490954152,0.23186581598845554,0.1939780058640005,0.2906390833135791,0.270309488469472,0.3024609833595057,0.248905266797416,0.29241871023852406,0.307761290252634,0.26205235097413,0.3003135585204306,0.335838234926946,0.27135664138625043,0.2804599870991975,0.2491738582534829,0.2544011947688786,0.28232034781796483
0.2565373739051081,0.24374264663360876,0.2602330957757538,0.26056853149477816,0.0,0.2187661835685144,0.2830853643289478,0.23787464776180808,0.23773136260610836,0.2495197562314797,0.2600228607169314,0.23465561190971626,0.2397106353642534,0.25742480513882765,0.2651116160864876,0.2804031623904187,0.3048874512026355,0.2887354717007324,0.20591262985528838,0.23355453522155978,0.2960433122695805,0.273400846488933,0.2791115541110239,0.2362095790988858,0.2402368622948242,0.2395511173320626,0.24928555182411033,0.22197229617774808,0.2061157324838612,0.2661327036786663,0.24955893128434534,0.2283626031602504,0.23661826403018318,0.22365590170216457,0.3053395875736175,0.304475497031467,0.2647366572267991,0.2830362589381155,0.24910722353506493,0.24891445181269684,0.26136010132987314,0.3142237800986078,0.2615650084903311,0.29353147815604497,0.23385149855266468,0.24777587989587652,0.2743351666094225,0.25157477607586065,0.28493394183020815,0.3025678879230222,0.29429180030181334,0.25223886506993837,0.24866029050137087,0.25568553432200575,0.25195017570151623,0.23501434803086585,0.24541908128785156,0.30394269588149475,0.2544385260941444,0.27850529188848244,0.20417647671698,0.23048023105725313,0.2411553849621074,0.2655089054707887,0.2460449989310549,0.20766789225413118,0.2293924091483368,0.2526348707372968,0.24363177006373637,0.26740865690895516,0.2604495000998337,0.27257560861673025,0.22473692089413688,0.283000113920289,0.2454524172065013,0.2022336305744651,0.2584238456772009,0.38559239565006914,0.2153886407016968,0.1957548558766203,0.22919584534239787,0.2646082117721032,0.28648069207563903,0.2103799766268154,0.2556344888831087,0.25019228958152934,0.22149930110985688,0.24773273078664332,0.23571295170167753,0.2262230682712799,0.3973983345532213,0.28900536042660935,0.32905854814695246,0.20022295427377443,0.28804663880346104,0.23483558716440797,0.18658475594950874,0.23580994870777122,0.2527356849524846,0.23160466682877565,0.23404446248242813,0.22424779300250097,0.24450707195929605,0.22362238485739716,0.2560227792496555,0.27179077893886144,0.24774907373109037,0.27146952719287176,0.28813892373349903,0.24320095708634878,0.2606320597551591,0.29081740636855363,0.22258505160873673,0.28886723487986665,0.2308298537644703,0.25795893018600097,0.21655759439230804,0.23715966052234688,0.23449962173896866,0.280166578545769,0.3530304894125672,0.23931378576489734,0.2106672410779484,0.29045064666575127,0.21302216928464593,0.21489054917430986,0.24461463951790555,0.2709590046323113,0.23955998688026087,0.2558598217827059,0.24775315246926533,0.25782043843996766,0.1996373234042083,0.24281385558164897,0.223427857950428,0.23981938306673198,0.21315368648186023,0.2811048983959443,0.22937583558557884,0.28254099933056614,0.2002736710524677,0.28339007992394283,0.30303801087103904,0.28121172677617307,0.2859727923015395,0.23736495580244385,0.2889298490847507,0.253957259573788,0.23139478989320014,0.21247168827956253,0.2189042362824672,0.23191318588574608,0.3000461717481441,0.26072995064707355,0.26776701150760945,0.25626653680232653,0.19515293804048828,0.2951612790498715,0.21264955074753902,0.23554341870360027,0.22832537772770928,0.2229872830001346,0.23924374430424974,0.30369005203880617
0.2966230770815375,0.34130333631555315,0.27658891557237547,0.24103972812090005,0.2187661835685144,0.0,0.20851065914080857,0.2944404960321652,0.2755166099368494,0.2633240607296092,0.2988917924983427,0.2875718165529159,0.31512022456146477,0.2221498372543483,0.26883050793384666,0.30822381070156957,0.27005556563613525,0.22512466678704618,0.29363311586371865,0.3028536907609436,0.32122116167460896,0.313499744442312,0.17943087372560848,0.23804441721670286,0.3281738556035851,0.20317051601450273,0.18054027885899943,0.22497712600118178,0.23867346774297643,0.2348834741786707,0.3086108597269261,0.3462753023640053,0.2712028341084056,0.21192468360175226,0.2615962487575255,0.2519806717651744,0.2954064734190581,0.2580730466997152,0.25543527469879285,0.20890754888079457,0.2406010445722244,0.29893327243985945,0.26095528812606045,0.321649281586071,0.2447636828533949,0.22718361983088814,0.21971821469577077,0.28898247921311987,0.21826570618090138,0.26462632318086027,0.27145345013043803,0.2835564168067263,0.2293623404266081,0.30939083692670977,0.248252143535339,0.310801807961557,0.2778029336497615,0.32339131620955475,0.22304828623957576,0.2346843168054268,0.34252992895597156,0.24703623668449118,0.29960084342749466,0.1992303734590275,0.2492616410289627,0.2584907527948645,0.2449734719472293,0.29512204985141083,0.2135666247890355,0.2876645933443185,0.30079403560688506,0.2243984898551421,0.250802638519802,0.2744394674863958,0.3313532852271322,0.23684330046535904,0.23541331409722482,0.24029738093388636,0.21751866246492826,0.26584142845686415,0.3428303939429027,0.27421339105230397,0.3061175547692204,0.2835738230456478,0.2577573344286179,0.2745441276057436,0.3136135172020377,0.22784169228776102,0.255394906930828,0.2550248200602582,0.24280360224722838,0.26338144090272975,0.2760440042127372,0.25217212090163,0.23980981080238825,0.3363796796625481,0.27394347380187195,0.26921905409813174,0.21222723275481228,0.23523747487730978,0.2525825456594543,0.24185787834322287,0.20882689881467562,0.2402137681989558,0.27405757523960955,0.26819872928046823,0.2774149895189967,0.2741292353665407,0.2189483162366233,0.308480502338762,0.2718681127759317,0.22378580633217157,0.3155306355950173,0.25287250350241847,0.2366136300560966,0.25968397906178164,0.27570121489629873,0.22947486722141525,0.30681740861404766,0.23197511256363848,0.2426432101613844,0.2342528007182142,0.26589244787494415,0.30108926399166946,0.27960938943205593,0.2873866245030492,0.23655759333641266,0.24700362027780734,0.2659121312210794,0.2252731171207432,0.2835262994915034,0.3789599057816847,0.2418306791949939,0.26938812980313,0.3219412744748007,0.26884640328292936,0.2715287324933985,0.21138373203563948,0.21854528375783944,0.2552356219572129,0.27378536624067323,0.3287841702832836,0.2509516472413874,0.25775522573646303,0.2996047206222048,0.2145955871907347,0.3140438592154769,0.2652847084225274,0.29349891778588555,0.22012765844184431,0.26631842997730837,0.26590279426531266,0.22507132803172444,0.21446297042800708,0.30948620263484267,0.30497555287331857,0.24457795578492048,0.3222580891821798,0.22245372167851007,0.24725852757709452,0.22640853470124,0.3038172537162827,0.22460785080280526,0.273362758022645
0.23468585445524753,0.2703047534336651,0.22106882163210956,0.3219195858321147,0.2830853643289478,0.20851065914080857,0.0,0.22079353470464191,0.20932614210344727,0.25624894540812443,0.24809011766373598,0.2609082725397544,0.2641679199427272,0.2843948586925156,0.3433951613137298,0.22979914998274922,0.2549090647254042,0.26373908451408046,0.23078509821380386,0.21060115422018502,0.2576439096880483,0.26655481254467117,0.3485377255998638,0.2840818333095676,0.2498450812908414,0.26012785557399914,0.2547764566371194,0.23683923994550746,0.23793817329308797,0.23110131808665438,0.25639759643318144,0.2581624075853864,0.2967131363293876,0.2746215775181069,0.25385657373693105,0.25529291665225307,0.28376754625979916,0.23374767659789092,0.26662438045938175,0.31812931562152635,0.27734367412669764,0.25854630411726914,0.25263877239543336,0.2717916301406937,0.2795036872966898,0.26988270010326604,0.2598963539723239,0.22137604490887167,0.3829046440442878,0.24736103776987511,0.3208143129387669,0.22992649746718946,0.22952517173185788,0.2962483890668486,0.30420163587501486,0.2440597989742743,0.24508385585939588,0.2317489789468018,0.31222057245260687,0.28000340374784344,0.21576593233536184,0.22235953381699392,0.2082535897312681,0.24352664592078274,0.23757391960785668,0.20728043093817333,0.29671780337918724,0.2727354553096173,0.23196910118746014,0.22564941470617544,0.2565462818167084,0.26028599004063246,0.21024357117022402,0.3242362805480842,0.2021261025848581,0.23611602157561354,0.3624724549643834,0.36346144899411675,0.20943717738368062,0.1993402292645899,0.2202284571037849,0.2580106477950409,0.2721165355487594,0.19382249987265354,0.23382464478191603,0.23971866483517332,0.20653066454127947,0.2652623569669754,0.2588917906973982,0.23852666974291695,0.2771694543647512,0.31321658034923616,0.2892134290384245,0.23011928431895393,0.27133715296969063,0.2561798802840211,0.18895398687335122,0.2491707143653779,0.23688596422874342,0.2987734305181718,0.2732317717101743,0.24623477499429008,0.2509934636620933,0.22145055893368415,0.22266105889404153,0.2577981258346947,0.23441593422919774,0.2372272439556264,0.32754229314926453,0.2539494345704468,0.3225631912060603,0.24134905117373037,0.2288431174746682,0.23165855253467837,0.2348372643364823,0.2573246852756599,0.22821844229513222,0.2560373489587887,0.2363175447360783,0.2316802915947214,0.2734992058480912,0.21663938870898358,0.20166492657246513,0.31731925024493524,0.20222078652979905,0.261864005672212,0.23272951395533895,0.3093339609258793,0.23083098767668014,0.28408245223635714,0.20923300797066213,0.2088032164522334,0.20781192720798103,0.21639433603885483,0.21021832342742802,0.23785709092620144,0.2173747674272205,0.3088235935383753,0.237993783015112,0.2652198780693274,0.24107938798311282,0.24607105049716965,0.3097326949514089,0.23475148699481915,0.26622245326306954,0.2608340039721389,0.2619759339638567,0.2818883900426775,0.21361852767704695,0.1781981844756322,0.2307994132270365,0.2501887591052784,0.25690555581526153,0.3014803134853044,0.27087345527602613,0.2595353404865966,0.24525027021125947,0.2928208344695739,0.2723666736342069,0.2843921909149137,0.25711937683292074,0.21776235090547247,0.23510560964724622,0.25071337502831864
0.2738246308988136,0.3354039293805099,0.2827502568775438,0.28636280440557516,0.23787464776180808,0.2944404960321652,0.22079353470464191,0.0,0.29220653767236826,0.29945744876384217,0.2654653617138912,0.29423504851559035,0.2947601439974658,0.247642693499488,0.29154024323009975,0.3213070732191211,0.3108498578787863,0.2850346285643974,0.2885329057136125,0.2947414428734884,0.3385945246894403,0.2772587414886438,0.22637167230607666,0.2368861072498188,0.3166193752507774,0.22946171927774364,0.2393399964646843,0.267813568202394,0.21821358612625189,0.2374578074275913,0.3877246428301335,0.2894293853231725,0.294329432031405,0.24301397396140043,0.2999190829396356,0.3349491564463121,0.2943878356464697,0.3760966152789964,0.29339199837726593,0.2509375393952157,0.2877797480098952,0.2599440888190524,0.29357327954042056,0.27980384245113304,0.3594704119104853,0.28186420169880166,0.23253662152904625,0.2538468924952668,0.274281423706571,0.29932458150841196,0.28922780811323723,0.2687153526397041,0.2532658459388934,0.2993632853917803,0.2846001074683798,0.26102756290456597,0.3015218623605833,0.3461345426541376,0.2886401469846163,0.2947846637084894,0.36526919079143383,0.228227936488252,0.29848943769412684,0.2577806127484031,0.2481774031685549,0.26036520608797925,0.2517281363782738,0.2571053826535639,0.2899498560783496,0.45874261060299754,0.2808541804778793,0.2977498450488701,0.23532298197958318,0.3335248781979401,0.3901407670808211,0.2291482846903412,0.2757546872028806,0.2625875191059294,0.31148340515575873,0.19148945766012412,0.2549331588117963,0.2910416352193949,0.3223219809837992,0.32610206218169335,0.29122996257972833,0.39211393445871795,0.3235010553103197,0.2614392452998927,0.3356742810450951,0.27630124351356966,0.26455681313744545,0.2663056360890093,0.2921065981126224,0.24187329974578992,0.29353003292599134,0.2980405259428218,0.2874525253682984,0.2890268869455876,0.2199354138929522,0.2992820122100112,0.2644397676634973,0.3230235998210495,0.2354142212864004,0.3016383916134018,0.3240510164055328,0.3136980972178226,0.3100496531290136,0.3328933415601268,0.2593299809697365,0.26456473572196365,0.253530687934686,0.26501052368564865,0.2637964286215158,0.3014815080093736,0.2922363539631914,0.29234750090305905,0.2761752076378139,0.2480402996970988,0.25337221204524324,0.26671110167478373,0.28220726898851056,0.33708157870167,0.22586313378773226,0.2970589513445032,0.22748370182552874,0.2802531775975494,0.2373462166809013,0.33424737369597024,0.3097958409539491,0.27910727473747315,0.3205874882546234,0.3095012902825747,0.27097986586711564,0.25958495247465657,0.311797153566649,0.23355452923668207,0.2615292910955766,0.26505884573710004,0.278771829263287,0.31680109421993224,0.27661332600012173,0.27528324039331675,0.30379533338078885,0.2721937131851872,0.3165596631966185,0.24675265004156072,0.33303009471318024,0.2873123502344507,0.31877139523746484,0.22778152003810961,0.30234153453048784,0.29487345514309327,0.28717288427725224,0.24041937973932082,0.3835104377230436,0.3391788412173528,0.2302006801643328,0.334440124091292,0.21552785732972515,0.2388467807181167,0.26106499414166945,0.2707872235896321,0.24645382281686562,0.2717168651750177
0.31099494977537206,0.2585107802813081,0.2302645813724191,0.24242520345971527,0.23773136260610836,0.2755166099368494,0.20932614210344727,0.29220653767236826,0.0,0.22909241253246865,0.2228428219908675,0.23843640478511102,0.2296552183472139,0.2848516644688706,0.2418175107665947,0.2559566006613738,0.25313905027170946,0.2913821161778953,0.24608063112329598,0.27879805521109174,0.27063734730335226,0.287516937441488,0.1984061206294285,0.20092627432459123,0.26233734024898897,0.21642955901497654,0.22347836819672845,0.23857622420867883,0.1941753923721903,0.28944769849549656,0.3348402411231308,0.26501765966422136,0.23901396580098233,0.21705406637940655,0.2947640440606585,0.2447889413966973,0.2361293450528282,0.35580395256383934,0.23103591003989093,0.2183820841534077,0.22202240963227102,0.3471361804291306,0.23764989137508385,0.2504681645227324,0.24855044011774838,0.23853847532100012,0.21758783015205185,0.20144470335817896,0.23148768892650057,0.2666756000081194,0.25470971903381423,0.26172553694173645,0.2634623595887673,0.24030008654584492,0.21717085346606133,0.34055413500269965,0.29184315983460035,0.28412164192963785,0.2341509335408753,0.23750459822641273,0.23120340985873386,0.2843565022867588,0.27039482975406864,0.2349625792583952,0.295898265391699,0.26353532448804184,0.2575079690165837,0.2620841100793318,0.2370678889747245,0.32048012608017545,0.3188019824212814,0.2800266975955089,0.30940923138976406,0.25135218990475655,0.32584270915377717,0.24713623015410585,0.21466911006445633,0.21715819960433805,0.2608799297741771,0.2276892497491029,0.26588752104795504,0.38934438585933845,0.31171878270617887,0.2521601266118433,0.32333413421314655,0.33095360274014524,0.27969939665614735,0.2793778429585769,0.2752720821748756,0.3397334131138715,0.29683432878447086,0.3257674975086473,0.23446231171100881,0.24890108623207666,0.34746149254135167,0.2720893257175443,0.2950923101935332,0.28073810147565864,0.308903305500591,0.2540226503248627,0.2648429387303665,0.22322196395779276,0.26417839356652734,0.23359626109228065,0.34477632347056447,0.2557026653623505,0.22862211403204863,0.27004615267178905,0.21178061735803327,0.20500818686965006,0.22034158103073348,0.30626268417793845,0.2868988212031839,0.36319857273817635,0.25995694290706756,0.2858635090055513,0.2767661307188633,0.22115030345293168,0.2036381909832362,0.33939724568269386,0.2875104864095756,0.2924602081717167,0.25679665283008957,0.275054336826671,0.3648893274562451,0.21712240539593142,0.28373418928945554,0.22493490279299483,0.22718699468748796,0.2502881320459099,0.4249077523441485,0.33287243962786367,0.2646168576986952,0.3834427117498592,0.23969106591283199,0.2545070208426981,0.22603406356271177,0.23524879374574215,0.22405163331998526,0.29147947119858614,0.2407167062055279,0.2988220939074412,0.31188686446421204,0.3148611161335927,0.26489017193108166,0.2622333451206774,0.35742897015413083,0.23451483574874743,0.26495553294576873,0.23537279069981537,0.3154031291638035,0.26827722677008087,0.2502080912082653,0.20208214577258307,0.27867132772354775,0.29950643030775154,0.20928058295400118,0.2714457829030134,0.23792876390204984,0.26808030653170295,0.21899626585706658,0.34031345715572825,0.32538057343814963,0.30531260777204283
0.26793159286113016,0.403357119384518,0.3630723829449694,0.2737452071911602,0.2495197562314797,0.2633240607296092,0.25624894540812443,0.29945744876384217,0.22909241253246865,0.0,0.25797266563143617,0.2650581771176497,0.28886781305638654,0.27787761579989473,0.27475320687947985,0.2896144405595791,0.29713894061365376,0.30919539967748055,0.2444180368383284,0.25684641219766885,0.2737644378060602,0.29889152618012405,0.25585838732196675,0.23981701560610375,0.34564765572803524,0.2150710039492586,0.2229396389447288,0.25658106162659533,0.3449227912311189,0.2072107012111168,0.2996657941485959,0.2937448263122693,0.24387095345715235,0.23358960245539534,0.29549455188246637,0.28112643292039374,0.2831825387013853,0.26353707784405134,0.23889362451556562,0.26890307301386085,0.23934209529439232,0.26935488291077236,0.24479942736630556,0.26152771943343384,0.3024324987592724,0.25935936065168796,0.2250124128781083,0.2562632159396757,0.3218213936953101,0.24387880129860673,0.26725121911130995,0.24244919438411408,0.23389344353764,0.32419183865743056,0.3387932819082879,0.26369478269034385,0.2538624901811065,0.23744029967465474,0.320418533374454,0.2815322982593036,0.28672189568886797,0.20670911207615691,0.22481995126588322,0.2366676853147763,0.2366710264276262,0.23244895620727796,0.24549528164668574,0.2508819626143109,0.2604140142290714,0.29595681367421506,0.25080039173049057,0.3139080718427026,0.21064177530577316,0.31768948922348406,0.27211478889494184,0.23965356738978777,0.2508499069415714,0.3059650381702606,0.21544035937366293,0.1977914722075078,0.24149978433886227,0.24505433488853542,0.3108371934527038,0.25573454270998025,0.2451726501899818,0.2950041437155344,0.22867831254630044,0.24758592816988742,0.28237088090567064,0.23467990070995087,0.24060453239401894,0.25174285413815506,0.3053305035364111,0.22269943603858308,0.2803597646343099,0.3095048867646087,0.20257329842552255,0.2667454693002629,0.21889241337806054,0.29525501443999025,0.27155219935398267,0.24487228825445628,0.20630453319722195,0.30682302816038065,0.24587760978155823,0.25712909124550365,0.25411175719381535,0.31247568350491983,0.2681817011320435,0.2868526080933796,0.2514568726495587,0.23095212110583244,0.24525149918803266,0.24694830843467971,0.25170695512812713,0.2775104758303373,0.25964654168508305,0.31259245657095375,0.2732329511252094,0.2530757583019094,0.25577190028769387,0.21870667181105355,0.21295958756978964,0.29502892985432483,0.212224784001325,0.3427166372851381,0.22271625836118342,0.2714580406645309,0.3582773154492992,0.2747715737671399,0.278341045293502,0.24433484361619193,0.22578376933832942,0.22029910012283177,0.2536590070472733,0.22998004618172815,0.2433903686273423,0.27123691703806624,0.27756169053787266,0.25261445662769927,0.25257103094477773,0.29719941268869177,0.3025250645691587,0.23434186393864215,0.2782171611009073,0.22670307972471887,0.2374825801213173,0.2880073326201066,0.3922533469053946,0.2062320696517078,0.2263022152231811,0.2812950980835072,0.24704167630145185,0.2657836423433622,0.27988892847949987,0.27466047952102346,0.21313429315017093,0.31179080804496573,0.24177701582984293,0.25724722418672624,0.3041166758544547,0.26034149114096444,0.21937324286464022,0.24370104559004385
0.2939782481465609,0.3011614465439265,0.30135933577171137,0.27761129477899454,0.2600228607169314,0.2988917924983427,0.24809011766373598,0.2654653617138912,0.2228428219908675,0.25797266563143617,0.0,0.3029583190667305,0.3493180301387896,0.2442173343437007,0.2658404894202224,0.3794808738982769,0.317760366810998,0.27813107710315954,0.25455096956702894,0.27562778093782525,0.2931734454777541,0.3556086843240792,0.23826165932327056,0.30071395276701013,0.32368172601842965,0.25452519150077424,0.2560484495055419,0.2977865951184432,0.2716450981595749,0.23870728653670686,0.26391660871738926,0.29014160107805076,0.24458909209009683,0.23254281253413306,0.2826480003209355,0.2761147843990642,0.349840953902029,0.2766262678535462,0.3071274976990406,0.25387313899783504,0.2423588787142811,0.26762718436373284,0.24538558611423103,0.32017017438177225,0.2779763967754501,0.24294190772199084,0.18522554703949756,0.35150239486530455,0.29303868132950367,0.23695233129081542,0.27284831960878564,0.23550712279624492,0.20356067256044968,0.33715135424840603,0.3415210325414838,0.22206933560693276,0.2735309328470101,0.32056716117756806,0.24924764852528453,0.26717262235611045,0.3201689394037296,0.18269963679826512,0.25382108849037327,0.2223297675998834,0.19521003290972203,0.2241317960376754,0.27986479248282314,0.25302426885067425,0.2548837878485402,0.2954187285259415,0.2559995461187656,0.23624154869626746,0.24611714263361098,0.3241864457398038,0.2995412218735955,0.22575774064232576,0.31146081308685486,0.2906244818282624,0.21297885441785339,0.2083405258709083,0.23745476782244654,0.2196150140086237,0.2669550054082617,0.2798548414650869,0.22396447685357893,0.2632435176917602,0.26660769573227233,0.21436405140508488,0.24506411045905235,0.24936010619600896,0.2840818864404837,0.20062594656879923,0.32250879136280014,0.24987277590434387,0.2321360876127511,0.28967065157112915,0.19764404630450763,0.21242613730655227,0.18888206945971753,0.24498985459518835,0.2949931145564323,0.2529907542151488,0.1972646179743993,0.21328406865655636,0.23362824258132434,0.238041527309715,0.23902363685753206,0.28256999619260514,0.2323448893180091,0.3278909637699303,0.32047033029387884,0.22548440671068076,0.24449953525827464,0.256535986518688,0.25153775652629246,0.28170384481513266,0.2281178205820436,0.26813251293049883,0.28737000360115544,0.23240899832113432,0.27871183332883626,0.20396852471204874,0.2254556848781924,0.30282822773871126,0.21266331245358996,0.32203033640008677,0.18578779700121212,0.30044233962787725,0.2719188106668557,0.23543485892768526,0.2225632854857215,0.27417696454673895,0.275917199555186,0.2418302723786037,0.3456440118273441,0.22941839580338586,0.2573912245113262,0.24021140722259812,0.2649279449558479,0.25348179410210786,0.2604638605702843,0.2763613183710005,0.22752281454200898,0.22881863969249042,0.341627897558049,0.1995954305990248,0.24994530633903983,0.24530830334264067,0.25009096368059797,0.21784700477831836,0.2931572733046409,0.22453794293892052,0.3379585595585335,0.22465296397474083,0.2710250029406679,0.3027913531335352,0.2823888237175394,0.3088289039875068,0.25303103148360184,0.24114470292225948,0.2235927185608991,0.24462098069653665,0.1879799555594628,0.35598394024902946
0.2499621983974806,0.28620535533659364,0.265794815595803,0.26012545732136394,0.23465561190971626,0.2875718165529159,0.2609082725397544,0.29423504851559035,0.23843640478511102,0.2650581771176497,0.3029583190667305,0.0,0.2310545045125312,0.18287140831398405,0.2651720582376549,0.3046235441800512,0.27691027994970185,0.22776050355127905,0.35243664470017705,0.2550011142196491,0.3458323449056165,0.26418183153865527,0.23418523170523498,0.26078250207403325,0.349191668027686,0.21698503846911338,0.2241206946229587,0.2277195075484913,0.23618222930040908,0.2740466993423011,0.3216362552275359,0.2929548420348981,0.24903581217326248,0.2726493536012243,0.2374227671258615,0.283077771373585,0.26771998605774805,0.27622112406346355,0.3723982269319104,0.23475385451745948,0.26493090067158076,0.253411976384854,0.2839352382847951,0.2887830781302245,0.25879626189826876,0.2569221680033874,0.2349512012908263,0.27651607739349165,0.27028101926748455,0.2587729184226354,0.30176520644207633,0.257775066933209,0.20965391420869026,0.30738374470403446,0.3477705033159199,0.23054047290894733,0.30877379123630866,0.361214724453099,0.21962529911654483,0.25808402186058843,0.23185121179942542,0.20251143989347994,0.25765043686146516,0.22613306865233804,0.22107826375212078,0.23411876176128404,0.20879797618199833,0.21311381820253658,0.21282487583250875,0.25659801725770554,0.23750094952009423,0.21936697017850432,0.20350836187244364,0.2726512668254945,0.27861560020824416,0.2197912217437458,0.26267611698145205,0.2839984797314483,0.23507555285280765,0.1993361507649389,0.23518375502272743,0.2611492113615189,0.27800524614491656,0.2186416204641046,0.2626374906669767,0.27620084789367,0.2279512897133576,0.2323438187042759,0.2893682326318768,0.24266770285319825,0.26074103578691954,0.25201448897638756,0.3002591101517264,0.2488243504656671,0.22289343354456187,0.3163884699669437,0.21545714423314458,0.2653681720554945,0.20162730977205848,0.23413701694202224,0.23032041713650794,0.2805802157613235,0.24010448669861942,0.323218072404092,0.2445682958314317,0.2630169116111561,0.2889275242763652,0.26263256793471856,0.23346498979174563,0.2934148920431369,0.3691880687002303,0.2646080013478284,0.21690209968982985,0.27705311536315685,0.2371486956307553,0.2535388893751247,0.25186414304193977,0.33104893219371256,0.26379788933127096,0.21798418220906693,0.24806313521285986,0.23206842655588725,0.2108461419608193,0.29144211874171627,0.1916351095330517,0.33850004830183045,0.20502516477433907,0.29984521833610395,0.3013424650742454,0.21801762327794608,0.24152150774162817,0.2615111503977289,0.21130880106544064,0.24819294597521482,0.28381831965960086,0.20673005728341495,0.27158131074683267,0.23440836778374047,0.236063192139965,0.3191538526116913,0.21090966858505494,0.25408056002342,0.2572087559923641,0.2469412513802319,0.29722396958942626,0.25295708001653144,0.3341126507726283,0.2592824686643606,0.3145567917004075,0.24044651414102294,0.2875588751771453,0.26528220381301404,0.29271497583291384,0.23325020673033006,0.3943242782496962,0.2440651886976266,0.2196301726042987,0.306411305470944,0.19422210111012955,0.24058132833176668,0.19681814624393415,0.22923558099594987,0.22318114821076512,0.27210107193538113
