0,1,2,3,4,5,6,7,8,9,10,11,12,13,14,15,16,17,18,19,20,21,22,23,24,25,26,27,28,29,30,31,32,33,34,35,36,37,38,39,40,41,42,43,44,45,46,47,48,49,50,51,52,53,54,55,56,57,58,59,60,61,62,63,64,65,66,67,68,69,70,71,72,73,74,75,76,77,78,79,80,81,82,83,84,85,86,87,88,89,90,91,92,93,94,95,96,97,98,99,100,101,102,103,104,105,106,107,108,109,110,111,112,113,114,115,116,117,118,119,120,121,122,123,124,125,126,127,128,129,130,131,132,133,134,135,136,137,138,139,140,141,142,143,144,145,146,147,148,149,150,151,152,153,154,155,156,157,158,159,160,161,162,163
0.0,0.40513381406432114,0.31815971698322687,0.6245239445752775,0.5243511049240352,0.4334402219344131,0.585428952286975,0.48821305220380923,0.7670456622458531,0.2997852302836142,0.4313789763019938,0.35546174071558523,0.574722428743186,0.6958520070302754,0.5364991198287415,0.438020768728627,0.5539391249090588,0.8370403846457147,0.4422739062906211,0.5953341983997967,0.5238669692169348,0.4092632590692082,0.6764797023493884,0.5184344394058353,0.4316806369362283,0.6291498844412658,0.5963619332714288,0.6008653026737092,0.2685127566379612,0.5645163588009666,0.4951557298047497,0.4564388623571407,0.5290491580021716,0.5814497444545123,0.6753926514033225,0.45458957333684347,0.5900489281591174,0.6411815092532268,0.39501219424879613,0.7190730449816617,0.5253604944234196,0.6552483466842108,0.5461765404392533,0.5023058574933833,0.5176713644664813,0.6689995391089133,0.5785891308706298,0.38500500549517863,0.5883108876305211,0.6620812801808021,0.6773400075098001,0.6835643838719324,0.7625514344671582,0.4210820257844306,0.362554474117701,0.7019873390041959,0.787117182391234,0.46698861312332146,0.5441135354615761,0.6963287467813617,0.47310327259481627,0.7117681779673706,0.6859032231217027,0.4853265040625063,0.7102655934619166,0.6600083495118011,0.661367543352588,0.6285617243895913,0.49170759343918186,0.5770005958522844,0.7175238284796878,0.7092431522548878,0.727447101982611,0.6129636787216568,0.511280606334611,0.6610644674936316,0.5594095852175078,0.503452858859526,0.6515981844655285,0.5726656513964891,0.551846792679287,0.7475567492025652,0.5419982508347213,0.5711322627491016,0.7587105384171589,0.6666804305385946,0.6285928755249693,0.7094190932687324,0.6493466589590039,0.6514747611262045,0.7737207673743759,0.6191948732661295,0.45636751756880206,0.7086876484484144,0.7977537226784457,0.37518266144364826,0.5126708203225429,0.5280546417935599,0.7676827388983561,0.6684581245649815,0.5521800273958729,0.450955922870922,0.6287848372568209,0.33293142681963517,0.7888154834119939,0.654158199416165,0.5128762575399127,0.513212049980412,0.6032481273861571,0.4286189401706907,0.506678413908108,0.7931517918976067,0.7259738609571088,0.623248059558994,0.7565371637224552,0.7328728999534811,0.6505633085414707,0.33044824851276056,0.4090190093377102,0.7175425746208152,0.7085473406268884,0.6917845157857706,0.7902224990242546,0.6126046091192074,0.7477903456290765,0.3340417714186169,0.6953828927652369,0.4662551665129629,0.36033270994131156,0.6214089465566072,0.5614029407799899,0.5460696393257246,0.6974172472142183,0.7483630350250481,0.40658723762548177,0.599686552898133,0.4935707760369156,0.6927257350343248,0.44496434995452366,0.563924056500017,0.47455551744148694,0.4808098394848874,0.765513011565576,0.5357130553890768,0.5081343521550441,0.6890615598284197,0.5892704215661358,0.4766562083082218,0.3432799086858941,0.4123854590873176,0.7072894651727373,0.507002268966325,0.5280971086453349,0.4180448039834643,0.4670006159249195,0.6163378907329162,0.6397483393506541,0.537787122209432,0.6785423236411845,0.7380753600300303,0.528015593798877,0.7616173953738993,0.6316171284552262,0.7651104306771215
0.40513381406432114,0.0,0.5499701388118401,0.46601331085885467,0.45320451859603494,0.7153576022913319,0.49672071590824984,0.6675870532359092,0.3969015069143255,0.5249519842860337,0.6808694185758725,0.6997462392294321,0.5478148686867217,0.4516518953773767,0.5530509088931087,0.6455563792867572,0.5430065105591402,0.42106538418553396,0.7693849487452222,0.5307283339000853,0.588286385104158,0.717781896459256,0.48853194936685385,0.5430342226546802,0.8096180935144303,0.37669378452092317,0.4816224810734101,0.48964095124565815,0.4363082714273083,0.4790026512537069,0.604640216980747,0.695396578549637,0.5463403923579756,0.49366384110527695,0.47682791738903707,0.7385977399160564,0.5269208159956739,0.5042592143770491,0.6997046284362932,0.4501836555665882,0.5793585889423494,0.4804287326168719,0.5538571859621706,0.5612697560511272,0.5944465352644148,0.42215169865493013,0.46672260163691637,0.667970930515653,0.5464499480799214,0.48951096052115867,0.4565523903386511,0.39834349388261375,0.4390719509391095,0.7624199524868837,0.7232855254591244,0.44343057714707557,0.4231464779807969,0.6381701020171501,0.5455706450705554,0.46719890158370536,0.6796554973604759,0.40327645421345154,0.46372883243444774,0.6048119751866643,0.39279200990503854,0.3990127359332963,0.4146412442914699,0.4498734807669707,0.5468871539395246,0.5533551264553539,0.401968400822903,0.43187379332100156,0.3779411907110557,0.5137201150716981,0.5866947185586383,0.41451341932220753,0.5159007290757469,0.5377749387226802,0.4061676970470095,0.37004435451789575,0.5326317847756918,0.38556340517394316,0.5448796549506155,0.5491650969330623,0.38763506952210725,0.48993707675913595,0.5074181234007045,0.42416093029528507,0.46353845592781434,0.4110905512399663,0.39813731327520996,0.4614503509449828,0.709828482965866,0.3942464715405524,0.38635663928885705,0.7190247589505625,0.5543282772100133,0.5579548991812373,0.3825884196112481,0.4082359453935897,0.5291149016107771,0.6576128651285736,0.398196233271858,0.6068045296587506,0.4278359768973482,0.435127390598263,0.5690725960392485,0.6184278392982304,0.4900094796734273,0.6937304798836471,0.5829597636094914,0.38794384706138024,0.42091734981910023,0.4737227064697834,0.3879310985726807,0.3829292786163117,0.48487138983400224,0.59291108370561,0.6958810135077133,0.3769766236346875,0.3956693061768821,0.4133025855677728,0.4155214027190232,0.4617920620467924,0.3913256465081705,0.6223777858027075,0.3731045301659451,0.6144920356265703,0.7389863863283743,0.4912363113912922,0.5215758751173333,0.537159087741986,0.38567314733037183,0.3789778748122601,0.7455998963299146,0.4759006925773439,0.5955423202496316,0.44754031814898504,0.7491657480629557,0.5416879059026444,0.5988808344332947,0.6599193836150892,0.42413727630301606,0.5981910731751499,0.606200306794185,0.4037845344802695,0.5159392281601258,0.5967626495482017,0.6747803514461572,0.6461627173435004,0.41131264080093977,0.629761013938053,0.5620278212133593,0.6637445249925997,0.6629305985179926,0.4836087348586263,0.49651903494576755,0.5159118273886837,0.4235773448056688,0.38395216492926704,0.5555057571897827,0.4099782794656313,0.4174250631899771,0.376697512171583
0.31815971698322687,0.5499701388118401,0.0,0.3495586066089551,0.3823033214318767,0.5172816314028477,0.37436654572065625,0.44343928111995334,0.3109269583375633,0.6396264187494932,0.5351487722862805,0.621762244222907,0.40897416696336497,0.3461522183572444,0.39675733389846424,0.5247008339076075,0.41875912827655004,0.32877529669712385,0.48585465574839004,0.3855874798875865,0.43090552265645327,0.5760842908191167,0.36451661625566206,0.4060943628523813,0.5051485757714709,0.30493211788915986,0.3686582046349304,0.3719088647388538,0.5783390262726557,0.38659382117464125,0.410675566475394,0.49541355619794114,0.3920337980882443,0.36259975132579064,0.3536736203387097,0.4795326926016975,0.3900297579714901,0.3750156552389052,0.5100093991669873,0.34665758200490354,0.4093004476719703,0.3729759676030935,0.40870900493965767,0.4140834044166538,0.41297165003109937,0.3267949171935907,0.3708442404002431,0.5697174440996333,0.3969622588251039,0.3702930176407254,0.35101240843467735,0.3176430155979353,0.3350511319566157,0.5125540538265172,0.6115153073015336,0.33872928726670143,0.3285551048566543,0.48444208433851715,0.3961025015090638,0.352391172897756,0.45184011986354966,0.31826388041439824,0.3591787642235184,0.43630692414702127,0.3072977723653247,0.3117960533035056,0.31982706042601194,0.35356053751502664,0.4309887617371419,0.3994455283879148,0.31718657291010083,0.32878476875904866,0.3015474793496133,0.3867309766317516,0.4331106352178101,0.3177104421394452,0.39597192578578844,0.42311019027758756,0.31364466857835216,0.3017745240507654,0.3946411628664667,0.30208552469008393,0.41030914279151337,0.3953939390276894,0.30518748290264136,0.36270129143502333,0.3698877035399876,0.3272090956520287,0.3462379382718531,0.31660287389566466,0.3209427805814445,0.3422992058537493,0.5023799797204299,0.3079381920701047,0.30461363662773794,0.5494812512849241,0.3917055250054469,0.3930689246426425,0.30145664625983226,0.31619524767606966,0.37765623355823447,0.46280122224972653,0.30892397400995314,0.5414115698285992,0.32769867726572766,0.3418991851468285,0.41425588882696196,0.43739862378310435,0.36853991220414883,0.5011562326373762,0.4212066431579727,0.305429000299582,0.3261441397523618,0.3584454311594634,0.3048755502641343,0.30924825392601185,0.35680671958409643,0.6708941199433114,0.5427504418482518,0.2993215483702759,0.3184502863280566,0.3181138743826968,0.3224108632542848,0.35435602354540185,0.30436154796588966,0.6097786647064267,0.2994089644464694,0.4549061016872322,0.6128517975067946,0.3655137721197338,0.39242100212366265,0.4152104042318451,0.30290523865138774,0.29809886838196725,0.5029125731698023,0.3599531475093831,0.43247977389116105,0.3403442434921405,0.4869250839072214,0.3873402025858468,0.4111642310569227,0.47476714309499063,0.32529856457093864,0.4184769371621935,0.4273077341753917,0.31719969082014804,0.3870401132047468,0.4344411654398611,0.6444798468084504,0.519038040623686,0.31423500769506435,0.42373656133138776,0.42256396801871354,0.5227917397186366,0.44914771019332095,0.35679257770509004,0.3740162351683688,0.393421934266933,0.3216758811296113,0.3076001165146637,0.3983034132484925,0.3151374421551689,0.3195855440721991,0.3030081690886426
0.6245239445752775,0.46601331085885467,0.3495586066089551,0.0,0.5082189245090414,0.5111330126724402,0.6841280498053919,0.5709059493524975,0.5760608004534079,0.3343096776945001,0.4759807963551913,0.40778989575737845,0.611469069995314,0.6198751116655508,0.6135848251848731,0.47376367777378353,0.5792750214798407,0.616295150020282,0.5229103238840935,0.5944993688168785,0.5922178069476469,0.4482703766020135,0.710916764718096,0.5744464730246785,0.5053773896969802,0.5624436693578313,0.5798938894559936,0.6203457591081708,0.29500390744506266,0.5371867401388118,0.5785351306628168,0.5122919779982282,0.7004881046050342,0.6967473574918944,0.6816577485896069,0.5276201623260001,0.6440143895825232,0.62641402816039,0.4443529817299282,0.6782906094179687,0.634544555827353,0.6356328912855495,0.5904361344241145,0.5938994198035865,0.5968691924501226,0.6167779669652085,0.5837143146184991,0.4324101298580787,0.6427986004185481,0.6226966373872151,0.6845975011616123,0.6395124298766196,0.651101243691165,0.498633490880065,0.41264991907330967,0.6923186996367908,0.6263769356578859,0.5285710029490767,0.5890385052714902,0.6511422244630728,0.5533739664225107,0.5934930016034959,0.6879070260680396,0.5145932394258067,0.5772961129202197,0.5846730046583102,0.6185001906135446,0.6053453955876904,0.5052254569931836,0.6398590206167969,0.5972096458533137,0.612564632312749,0.5754708385289086,0.6566381833958385,0.5525718106581944,0.6210385480985579,0.5871834011024895,0.5508099780095831,0.6143055852005879,0.51993859445122,0.6321485808591621,0.6113673633824299,0.5847653578766709,0.6372138311325688,0.6074212099215137,0.6811696940102254,0.7002344827684058,0.6212533523111363,0.6808166298737331,0.6036457828739185,0.6030731418156213,0.7313423847763398,0.5072585479054295,0.5928957158579354,0.6004026037482426,0.43732116013078265,0.5697181273180043,0.6810130750680686,0.5779057046630776,0.6532326937727332,0.59959639144637,0.5089747970757172,0.6600343251528566,0.38704751584698815,0.665000865572877,0.6049068835997782,0.5750003708254743,0.5884947379091,0.6419469851623535,0.489275590782189,0.6175498976968563,0.5968806071474,0.6922408659832012,0.6006677432654568,0.6187355830224875,0.5787394711504941,0.7450293231355986,0.36027609130801486,0.48431965941479344,0.5881603274070777,0.5428100183066873,0.6875507398747298,0.6558266761915592,0.6455027259155615,0.5831941850676995,0.3807045214116729,0.5630332714389421,0.5167094830267341,0.415421126329439,0.6163715246079398,0.5766435103903134,0.5635294249834976,0.5599193245007605,0.5919992528883379,0.45654238073995645,0.5755799093275811,0.5358973565835624,0.6657177205789118,0.49854785028392684,0.6129501751238441,0.6013216277597602,0.5212662516188278,0.6762162687210039,0.5958708878949678,0.5722952546541988,0.6348886135715598,0.6165552021707141,0.5406536556096272,0.3848667702293019,0.44422367022905834,0.6539247671821007,0.603363200068921,0.5373741718660062,0.4614802260019585,0.5713272330368123,0.6385877110066293,0.6232168776244708,0.6233049110296729,0.7315218045549825,0.5933572221191139,0.6215216255643121,0.6575165155665793,0.6024111135254463,0.5639821862481403
0.5243511049240352,0.45320451859603494,0.3823033214318767,0.5082189245090414,0.0,0.5115654165789361,0.5727145772520492,0.48745053623102447,0.4775227864947014,0.3365181065656551,0.5286044199385168,0.41777637678854024,0.5782869110214534,0.502513908278988,0.5529774143264179,0.5448002360360137,0.6067188507158717,0.5226530123091035,0.4827949468390897,0.5245607988345025,0.5970601594558804,0.49546176793186797,0.5460199384160984,0.5914429288760507,0.4695109750530968,0.5084854525039628,0.4981413371068045,0.506838319060144,0.30787620158445944,0.6492881701291785,0.48746665091551256,0.5103034863751785,0.5251055702977169,0.4945846680974054,0.5192134456778948,0.48916640188082783,0.5861793103186033,0.5519522938323754,0.45424455201357233,0.5647210714476009,0.5506157483549413,0.593712808769413,0.5913545400491368,0.5758311048430339,0.49745693838210187,0.5025063975672657,0.6394542872320698,0.4779027144395416,0.5640018047481062,0.5794945962427872,0.5774106537911003,0.5426907818331292,0.5143115005076248,0.4804045761146954,0.41757379564010455,0.5201580678545492,0.5348174800473585,0.5728546066465683,0.49225291628275836,0.5311748290683509,0.47885753619565785,0.5008029987874204,0.6215516710422846,0.4815459287662115,0.4765792442190814,0.4672355270782866,0.46561168160676253,0.5978277154946827,0.5037280564301186,0.5342992292164742,0.5268604283955366,0.4867580389837717,0.45455215474335775,0.5816710289965966,0.5194738207138486,0.467269773443593,0.5786768573675984,0.6442317603656356,0.47350830300217295,0.4940995991164547,0.561352309803684,0.47265428261973447,0.6311411843230286,0.5237283246636287,0.4748898983941531,0.5420199804532002,0.5176725404447865,0.4853244523273128,0.4867281842159985,0.4733507760402489,0.5700951596554175,0.48328086005816484,0.5449252531354951,0.4766058546825047,0.4748249388430993,0.43049201988591423,0.4710150749080576,0.48764846967788766,0.46574979984854625,0.4623511059647833,0.4922402985702671,0.4788329617421943,0.45151903356124534,0.3682557354946557,0.496832563167375,0.5578711775212873,0.5134900001072813,0.520886608148719,0.5538721661392529,0.501166305033728,0.5500677791862246,0.48518657751758937,0.49536897643391464,0.4922174023553258,0.4848822552770567,0.5207141728257327,0.508292066703275,0.3833204888715852,0.47890359250334585,0.4518694410350002,0.5700261370866854,0.47768840107871796,0.5100773809858052,0.5753121424844913,0.465610559333964,0.3871890663982209,0.4578804955928543,0.5427024307906492,0.40644979824235394,0.535304832723681,0.5137928999034341,0.6097884636008766,0.45270840197167805,0.4672472576733977,0.4448913267607689,0.5554147556557532,0.5635083684192991,0.546805365795124,0.4701556508495892,0.5305406300135921,0.46425309196717407,0.5334028784711967,0.49502665665310047,0.511357047749737,0.541123822690387,0.4908967345641863,0.6359849265841401,0.5179371383418899,0.38656607245940705,0.4560202968901961,0.4745525944429802,0.5027942073512193,0.5475531806243202,0.4904166603320699,0.5029130294802763,0.508757665164062,0.5791058103623858,0.5879267575256707,0.4784760729448601,0.5008956462031314,0.49968073237486454,0.4823723973629317,0.45737899650263963,0.5224649623337159
0.4334402219344131,0.7153576022913319,0.5172816314028477,0.5111330126724402,0.5115654165789361,0.0,0.5470184381759909,0.6704279239928218,0.4157074775370611,0.4656836875840954,0.7142530305503652,0.6305794338333287,0.6034577189537055,0.47101884740815736,0.5809914602696231,0.7118264234439435,0.6109180996683383,0.44705786821917637,0.7343771265800698,0.538148556132615,0.6702876702630532,0.6785519183515352,0.5251863192301478,0.5985771876138167,0.7296859072550522,0.41251816939160285,0.5003797574545537,0.5206105417354718,0.39945325387323694,0.531355337724107,0.5925035158999351,0.7110607145141223,0.6017516646858124,0.5259695834068177,0.4940543349148048,0.6868617837068786,0.577901603222184,0.5325598394574199,0.6267254781833722,0.4916462027115869,0.6340398206085278,0.5305092287329416,0.5967910236736315,0.6239598394529496,0.6017793404329279,0.45208550930919816,0.5227581583634057,0.6602125837873992,0.5803421098666932,0.5183373271867053,0.501360142572947,0.4417865628364561,0.4647084764539834,0.7498903586086527,0.6152982505361224,0.48139530425625754,0.4537520270207824,0.7615869706093565,0.5462775319261569,0.49495047684687427,0.6753622470947447,0.4324310141285244,0.5199582349295593,0.5678670492989977,0.41194456488733044,0.4224019547071382,0.4366969420526006,0.49548305430771467,0.551768671054672,0.5889742062934148,0.4330058591779,0.4468267434517094,0.40003309693275435,0.5675653893393034,0.6174058988614692,0.4359671102914216,0.5698938440522197,0.6272511344149307,0.43247600450613805,0.40661864884209054,0.6018726975550821,0.4090454557721132,0.6194550592973347,0.5872777269238294,0.41427404629255965,0.524637632218701,0.5392251562376057,0.44287586282775326,0.49046900100627583,0.4356437179628041,0.43656006494587407,0.48492548527274687,0.7241197628720951,0.4182146572161215,0.41046644782333497,0.6504931893043446,0.5489609225932047,0.5912672731968835,0.40156557689252037,0.43480466622679625,0.532200213775283,0.6448742801923608,0.42291207229086675,0.5335777995722507,0.4512866997752345,0.4778700553954451,0.6064533076686811,0.6660036831028374,0.531524767081818,0.7205191200036204,0.6521622223877117,0.4119469614157888,0.45405884732919094,0.4954061677855146,0.4163546381568805,0.41963959992350575,0.5187396039155215,0.5117927564213038,0.7728051089538788,0.40127875445775985,0.42583850226347864,0.4443352306648922,0.4463161180885174,0.5120738016171319,0.40788046133825145,0.560536861906081,0.3982631401802469,0.6586812283834137,0.6284364581809512,0.5125886083210303,0.5488046563348785,0.60572818068657,0.4058587179884514,0.4021172078613719,0.6198630230943215,0.49623255374561864,0.6334550294929803,0.47683280916441817,0.6504766472442645,0.5641852543908112,0.6045005952885781,0.6722960797881495,0.4504823488870272,0.6004631529330007,0.638536636754199,0.4309919723616347,0.5674028795804259,0.6534229175478641,0.5609515351365966,0.6139948282034734,0.43265518207318787,0.6438310232331911,0.5750156081981944,0.6611617673273238,0.7252773306671794,0.5061528711187385,0.5375780437742245,0.6018242934328824,0.44801665883701425,0.41701890245904844,0.5916785068868068,0.43441154374815477,0.43879203166320613,0.4070922282640577
0.585428952286975,0.49672071590824984,0.37436654572065625,0.6841280498053919,0.5727145772520492,0.5470184381759909,0.0,0.5814750919446223,0.5204185334433654,0.3523202984781738,0.510388802121792,0.439305003568299,0.6641350706486313,0.590742464798234,0.7251707540305649,0.5207935950414133,0.6036670174344453,0.5786475017574075,0.5458503184367053,0.6103134130415633,0.6762023212357723,0.4850801118120325,0.7020044322697421,0.689939191494473,0.5422318247931555,0.5771206705642954,0.5466099293648667,0.5632646782933248,0.31038785338489666,0.551670885189475,0.6296575913929005,0.5726991873619532,0.7134744173021309,0.730831347169556,0.6474924102452334,0.5776572779531134,0.7706112077138899,0.6135765684240793,0.49278469486416643,0.7050855101626116,0.6844365156426867,0.6179084328095025,0.7262813003703873,0.714165462659068,0.6602614517790063,0.628974926286462,0.716740389697148,0.4905317808119895,0.7420086419847014,0.6738141121521036,0.754779408216603,0.6086545664521051,0.6040408710609414,0.5472461082135665,0.45033678785837233,0.6578725497916916,0.6082634264043646,0.5589317798191195,0.6347247413590696,0.6580882779569094,0.5773992762835045,0.5939635530336546,0.6876952384221068,0.5482160683725673,0.5687140667739367,0.5746991190300911,0.6048480362176154,0.7136235875859052,0.5202521669693099,0.6160944775482889,0.6112793236350251,0.6020759426742872,0.5195789310472234,0.724295855684787,0.5431644005977743,0.60650788449749,0.691952748161631,0.6618569283920585,0.583188913753326,0.5248146005360592,0.6790373794220286,0.563477605583199,0.6626178181317885,0.6174285327504783,0.5583106136637601,0.647410070660812,0.6771720550080415,0.6184829962627171,0.640032789645787,0.5812348321552737,0.5777550721565016,0.6976637186066719,0.5689710719653454,0.5672670645956478,0.5501977948912402,0.4746531089001495,0.5917015017236497,0.6818949089878049,0.5421094958122141,0.6067374452117535,0.6451511340487158,0.5733740714847197,0.6067774849288913,0.40551583164306587,0.6039303286138723,0.6444016707396565,0.6396435729132589,0.5879130046064702,0.7498851609333984,0.5594404968440343,0.7350217099306279,0.564470786954447,0.633075110695233,0.5539562057102617,0.569744846538355,0.5326281422620468,0.6716694006690949,0.39131200532799876,0.522380054986641,0.5105262971237362,0.5625093251576576,0.595494524498273,0.614585151184211,0.7182333677968143,0.5396053977647438,0.4110494270104701,0.529608920443785,0.6113310125781389,0.4427227512229409,0.6825147472048587,0.5481630428001949,0.6002250395283969,0.5157556258705018,0.522824989732388,0.4994847533093844,0.6516553161551445,0.6138487088771858,0.7132091279820892,0.5349233636430001,0.6606109455893812,0.6004267045429531,0.5740146079637443,0.6218574251067049,0.613657054655739,0.6602079001488779,0.6364671275579774,0.6849357392625038,0.6027791746019288,0.4095388679612904,0.4558404026181403,0.5986412252092966,0.6109245514531888,0.5503777090323538,0.5313800514843591,0.6145106671568874,0.6685467553847981,0.6460310510850045,0.7002815963135777,0.621172228783779,0.5720780871941588,0.6644832453957258,0.5814033925816077,0.5670988409359339,0.5308472528610584
0.48821305220380923,0.6675870532359092,0.44343928111995334,0.5709059493524975,0.48745053623102447,0.6704279239928218,0.5814750919446223,0.0,0.4804142460735951,0.4266721617201329,0.6185336137061903,0.5303959041471056,0.6813902528110158,0.5592265383750249,0.6362335760948236,0.6222889775956242,0.6417742895112533,0.5132229626901178,0.7283500273422676,0.6683077639126637,0.6796339683892009,0.5986778715895159,0.613602649518355,0.6058903132707694,0.7329398742462591,0.4408299988266876,0.5943869512569575,0.6087169735824757,0.3618867047267833,0.5480254358547713,0.7066971063869265,0.7107128934273003,0.6427839491082654,0.6135723891438183,0.5849408018659615,0.7377159864836019,0.6439512663111028,0.638288673727376,0.5908395653452657,0.5498028993859283,0.6835806652177737,0.5842640100883175,0.6455979022947138,0.6107554031070538,0.7459258887478619,0.5140193464242067,0.5364433852262132,0.5487852717041235,0.6727219431934197,0.5955439218600895,0.5499032463348317,0.47046089346596587,0.5438380239245575,0.6551360070846314,0.5459979173949148,0.5521539585412105,0.515217756301078,0.6547185169008738,0.6665989244435963,0.5842027106273221,0.8519387050238797,0.4882505925919156,0.5601238669492632,0.6809169736033613,0.4696147550504728,0.4830858493590435,0.507606727280225,0.5311214951596791,0.6081443735871868,0.7210006195380719,0.4790505732306678,0.5310973305967359,0.45406936015458826,0.6340002899064372,0.7074330771223778,0.5069600273484919,0.6129052052981621,0.5883003365590311,0.4941257934831098,0.4311714889210598,0.6543650277837962,0.4626608497722692,0.6342480608071212,0.7335744003410587,0.4702577039176722,0.6254144521981162,0.6627907841863887,0.5169109470180585,0.5927139723087939,0.5019270048515186,0.46950953719268823,0.5657702000536465,0.6767521113500198,0.47585224509493307,0.4673714814194268,0.5694204042467784,0.6853804939384093,0.7013729708229861,0.45971875014781244,0.49906699273854394,0.6571221779352043,0.7063858418249263,0.4771789369441402,0.4895884942369133,0.5292706377645064,0.5250430744681029,0.694485808677981,0.7874485291973088,0.5968263048966498,0.6441490561490215,0.654054659879448,0.46713263560338736,0.5171865091391871,0.6039549533182487,0.46833288875051804,0.4558827390899455,0.6233211290986892,0.46957610342254136,0.6086171811101754,0.45600211492526355,0.46277994539379635,0.5102103238668034,0.508126040058425,0.5512174022142017,0.4720095426605696,0.4892365070140031,0.4472692119794199,0.6475702370107317,0.558228713656878,0.6063092971072844,0.652545100590368,0.6366494931090803,0.4710262133358499,0.45477957221733145,0.6369720106081227,0.5609659697748175,0.6613272722090534,0.5380561427200615,0.7446524826387341,0.6795075360572129,0.6841045899995343,0.7241324055015724,0.5223898745087521,0.7618654212566437,0.7126678938965417,0.480886791158022,0.6072350377668986,0.6845277626388199,0.518337167538418,0.6204414339264853,0.5002039301777272,0.8012988917983622,0.6437493210129593,0.6110398798287922,0.7358268573072652,0.6061969099069452,0.6145832816497891,0.6051724987249771,0.5124492455358606,0.4593300433340503,0.7074757692810462,0.5025268716526069,0.517006316020583,0.4439564383167741
0.7670456622458531,0.3969015069143255,0.3109269583375633,0.5760608004534079,0.4775227864947014,0.4157074775370611,0.5204185334433654,0.4804142460735951,0.0,0.2957812150400883,0.4186048626950887,0.3458341580488832,0.5381776291806293,0.6823771418919948,0.5012423264764612,0.4212654414152547,0.525193789064178,0.7846586250414099,0.43159302064163096,0.5883176184153709,0.48810366881826606,0.3990796530519644,0.6235564791288283,0.4778171682653212,0.42015672535269316,0.5442562227088006,0.6119639710973842,0.6027786648627904,0.2651404980031732,0.5432053719986388,0.47951643410919653,0.43685832823710197,0.49609093872276805,0.5360552184902738,0.6530426513819881,0.43945564027966627,0.539092858267497,0.6344838645377593,0.3832228986499279,0.6186628964919194,0.49679369780040145,0.6141718851809855,0.5040226198232169,0.46418331007123687,0.49442228659019066,0.5995734352756404,0.5105371751738162,0.36810591336229204,0.5457372129778416,0.6073508808355809,0.5831164441172151,0.5867475445829986,0.7228993829480816,0.40363034050888164,0.35224712010880693,0.636068368234466,0.6943066894472425,0.4489744620969774,0.5208465134082755,0.6411952936576102,0.46054292130303537,0.6273309130845172,0.6032091417496057,0.4795386044154749,0.6473571828229406,0.6037121169925638,0.6068125168782377,0.5482321173487628,0.48677397949537654,0.5696509400028055,0.6179789980681035,0.6823106005076632,0.6972955274204722,0.5559330350807749,0.5099323640025911,0.6137787946484383,0.5083745524756911,0.4616843026276818,0.6099524909908892,0.5185525727322272,0.5147067755593671,0.6779849942955739,0.5058509153513107,0.5615596791268237,0.6871509014242045,0.6432887128898767,0.6002304536525057,0.6472370448547914,0.618757572303928,0.6164913052391792,0.6570272727469931,0.5750052052459895,0.43797037921726306,0.647681255775227,0.7288900655632848,0.3641820815592287,0.500886501517663,0.5030878771638226,0.7269410663234128,0.6058301362761976,0.5337202339935977,0.43217965198557184,0.5718859360582677,0.32730774407280633,0.7420793141441615,0.5776047972653469,0.48356156539169576,0.503323488799689,0.5444453194016708,0.40780361786795805,0.4676704909304535,0.7050742362760485,0.6394310872099103,0.6480803095232177,0.6754983988316636,0.6649884324236989,0.6175605848694398,0.32429106387725115,0.39078758584905765,0.735108947260368,0.6260484362430735,0.6512667239395771,0.6882112286697908,0.5457378696220702,0.7607536874516753,0.3254469497329557,0.6316540850457847,0.43906922667149856,0.35200148417942223,0.5802221576384754,0.5731497159518539,0.5166595877706049,0.7156690360383643,0.7511690843734592,0.39750940745811036,0.5573940871890627,0.47073348644570717,0.6123170463647782,0.4377497514703153,0.5412993961277692,0.4614675441385747,0.46448160474049355,0.6888929469887608,0.5241041240512663,0.4815441688935187,0.5970962543984144,0.5463684185652963,0.4535284719158332,0.3385346825177511,0.41295979979272435,0.6639326418497765,0.49711450101293364,0.5224489633969621,0.39853930745954147,0.44715754871803265,0.5817569125921608,0.5987618500865415,0.49211655252648695,0.6380970595698465,0.628874547700297,0.501540232268857,0.7363124252978999,0.6163339271652278,0.6890701019915282
0.2997852302836142,0.5249519842860337,0.6396264187494932,0.3343096776945001,0.3365181065656551,0.4656836875840954,0.3523202984781738,0.4266721617201329,0.2957812150400883,0.0,0.4650358666309647,0.5855392471103532,0.3777156466983237,0.3297876610062492,0.3747002957208425,0.4514951245899824,0.37785532014741124,0.3100643389177483,0.46133872192431247,0.364820872208623,0.3918271938828062,0.4942469896163661,0.34579666996687164,0.3726736556842119,0.4904454081306644,0.28615799888536225,0.3505141042655463,0.35143646313027754,0.6604110259735282,0.34789089945467944,0.40116649342951977,0.45750855489334097,0.37414696887476095,0.3501906197544879,0.3384275161450975,0.4586457675993037,0.3647503496481247,0.35224027322199125,0.4819621994718424,0.32470877826348904,0.3844361207600699,0.34334388107462493,0.3789370500703644,0.3847054727989997,0.3985263099773967,0.3103049228786683,0.3395137961658824,0.5019530344958594,0.3741667319467169,0.3446539423857886,0.32805971418635776,0.29630642476720354,0.31708257868063244,0.4792724739598412,0.6001655716422263,0.3214904098813751,0.3085500840191241,0.4285748281392892,0.3817965839127433,0.333093744984992,0.43435193977909353,0.30105768404365474,0.33117312729095677,0.41838602889094284,0.29274412726382254,0.29784019442524495,0.30785993432120534,0.3280766831994686,0.40063107660909536,0.3776617553889974,0.29810170719448587,0.3160881466168362,0.2875478735384899,0.3587053911697801,0.40054426240360136,0.30710743563486015,0.3648592307397937,0.38048525098878205,0.3005920407355452,0.2825615337520647,0.3677153286159115,0.2879918409332187,0.3738247596578087,0.37501798799500213,0.2904967529015786,0.34239428936844085,0.3540753480203248,0.31426254730501585,0.33417153980260944,0.3032363790996745,0.2977758156634918,0.332246151459465,0.45271647255449554,0.2932164407887207,0.28984918378374874,0.543371297959168,0.3788776136063875,0.3827540944435489,0.2883567905715156,0.30450168892931523,0.3669350075337311,0.4425663000945458,0.29972045217446314,0.615692279342485,0.31279798777377477,0.3184841007718438,0.3899187217567452,0.4111257746721015,0.34682038462071973,0.4590343572532561,0.3937413531180353,0.2902847343769074,0.310778167435352,0.34191971176929886,0.28993457569554815,0.28813862040980626,0.34237514550560205,0.6553422835483025,0.4932349514509365,0.2865894086690046,0.29478182153794913,0.305644270409159,0.3053365610449556,0.3310746325748592,0.29185084107739195,0.6230739232987028,0.2844109366344016,0.4167087702953736,0.6214184233448565,0.347063791674753,0.36911183898905076,0.3731962235404954,0.2903474475190792,0.28377569423022836,0.48780518956943714,0.3378928219511065,0.39915437581867474,0.32245586968813705,0.47096755683661984,0.36855891775705324,0.40874228592132344,0.43533764600388275,0.3102640411576726,0.3981861645758725,0.4017704546254266,0.3030647115283318,0.35489523970076586,0.406679352312183,0.6896596875103553,0.4741486358043651,0.3023802214636347,0.40907063018704515,0.385960585088917,0.47305313254587283,0.4284305489327326,0.34168429387188515,0.3473056592701636,0.3630089594876538,0.3110732838341795,0.290195825973284,0.38385756027653595,0.3023189524939048,0.308823230301418,0.2830166701801641
0.4313789763019938,0.6808694185758725,0.5351487722862805,0.4759807963551913,0.5286044199385168,0.7142530305503652,0.510388802121792,0.6185336137061903,0.4186048626950887,0.4650358666309647,0.0,0.5947869215340928,0.5892170051395516,0.47466003990645605,0.5441198330623005,0.7734322094047087,0.6259954141268349,0.4504850085857324,0.6785091286247898,0.5443454453349121,0.6139018273252381,0.8118207452008146,0.5131245566275897,0.550600333562365,0.6702063325324055,0.3930687713371494,0.5201193734493663,0.5296013203535477,0.4066135433721294,0.5655005942023543,0.5498781532551866,0.6894549682963481,0.535803528096692,0.48146514841692023,0.4930384252848657,0.6505963318278349,0.5447172862221661,0.5367367550944344,0.589843808595513,0.4722553091393386,0.5697107457805084,0.5346961836010653,0.5688823361905818,0.5638735562755526,0.5552222913497337,0.42913176013220083,0.4961708335217639,0.6312545649180425,0.5657886652666417,0.5181658668340444,0.4770517771747726,0.42080947200045693,0.45657646658612705,0.6483893716265705,0.600203210770068,0.4547958139114993,0.44481463114185366,0.7803333771727275,0.5362659243351326,0.48202176692869897,0.6098622377351518,0.4175609151303895,0.5020359405263565,0.5962434418001039,0.4017219599095777,0.4036127318974363,0.415877654959184,0.4727758471903656,0.6148973686047486,0.5849651930663523,0.41804319066037254,0.4396968224317089,0.3964276358035043,0.5416760255007522,0.6472558726823004,0.41565816613708334,0.5400563192004999,0.5812956641293451,0.40925547794245304,0.3865235029106979,0.5401459879424269,0.3965303466546602,0.5834490515313927,0.5612353754352798,0.4013705392240171,0.5059516815744681,0.5117996250215276,0.43490274648144295,0.46500268872469613,0.41270652392216783,0.43611049169148786,0.4538426218520394,0.7713735805024605,0.4039765800299845,0.402328888503338,0.5904074164452972,0.5122224031594989,0.5255134991390578,0.39670429484181685,0.41170616714300334,0.507072385277102,0.5873533933455235,0.3994374116265764,0.5026793576877114,0.44309459568455656,0.4545080751971561,0.5496432789048213,0.6475764562183207,0.49551342918757785,0.6261735100917842,0.5750224251736683,0.40313823055375436,0.4335035095237514,0.4967208188141442,0.40212451877260413,0.413208960965239,0.48955069100680176,0.5429447053490777,0.6718481737225708,0.3954324685616104,0.42538460860985705,0.4215799468424055,0.43111652943394624,0.47651279013417314,0.40312919509081513,0.5277258321686696,0.3878562796151349,0.5978146705243159,0.5899090733041763,0.49587926118273484,0.5639169407911883,0.5957140175873362,0.3982151052136257,0.3948396774651904,0.5953344374702042,0.4844843493857376,0.5989108394909147,0.4601840021014936,0.6567087974346879,0.5342734039339162,0.5456863931807784,0.6974420290859809,0.4353063376853904,0.595558637924175,0.5871369032125078,0.4158416866590591,0.5468742954310235,0.5716238849537606,0.5634871472916292,0.6815623368925542,0.4164021926860342,0.6027329221753465,0.6340775341929396,0.6227802750334328,0.6037564980667248,0.47826131055293297,0.5305701507895152,0.5341043994655011,0.431400874062268,0.4057532361941368,0.5301899983919965,0.42234170768615475,0.4159543419722561,0.40511006388240656
0.35546174071558523,0.6997462392294321,0.621762244222907,0.40778989575737845,0.41777637678854024,0.6305794338333287,0.439305003568299,0.5303959041471056,0.3458341580488832,0.5855392471103532,0.5947869215340928,0.0,0.4613057185337889,0.38422963028674406,0.48179046462219777,0.56828118434107,0.46209054443006986,0.364949376427315,0.6202635829610025,0.43986778420647005,0.5059703211987854,0.6277004341022061,0.4175118031054746,0.48488961950626375,0.6321186051628723,0.3415207547724117,0.4059457037098316,0.4137784209785737,0.5010166746550343,0.42227251358139417,0.5095857663616509,0.5697353416982694,0.4796248520139313,0.4275852921465347,0.40651662858892107,0.5851833431699195,0.4548387183852614,0.4248969593456803,0.6684270217907038,0.3932936983324761,0.5006326341233287,0.4125755140091135,0.47872750660081254,0.5060936664177612,0.4918772520632989,0.37198368161106454,0.41859905117119117,0.7046192836584813,0.4614097824067348,0.41793518381524525,0.40178935225989665,0.35833860559070535,0.378591936626423,0.6668984784858737,0.7803082124607318,0.38640296828728216,0.37019318906817444,0.5561207018415113,0.45169919490802074,0.4002792253490075,0.5420613129647577,0.35529050582563876,0.4068289291371151,0.48714168933778534,0.3464134635481964,0.35194094397558356,0.36264861296206824,0.3999603063366671,0.4563797810448594,0.45903772868739257,0.3575221032832468,0.37288653400713495,0.3314003896661473,0.43977036952820586,0.4811791645961419,0.36428682613949714,0.4486236969542862,0.4885886854983476,0.3599140047268975,0.33830051341305506,0.46307534141201456,0.34117716337928383,0.4787493395152292,0.45703713028908965,0.34182994072631856,0.4175037369562039,0.4291630708871982,0.3678295394324836,0.39769177028945796,0.3625381031284657,0.3541660022949996,0.40138038470326987,0.5939100180120747,0.3484722804429322,0.3395204503008927,0.7651799995365962,0.4634328146314495,0.4732590712784941,0.33614729606896154,0.35857187505191396,0.44824715423346895,0.5514635626698111,0.3538164736395857,0.6794221338829257,0.3696597698965095,0.3847859447038225,0.482363782212579,0.5034645101376034,0.42712260363166327,0.6221415852069919,0.5122027828010182,0.34213971132967563,0.3679329534646878,0.3999451218584175,0.3440472118987156,0.3412135602525322,0.4143651233140741,0.6371731277865192,0.6418029926872233,0.33163541030162996,0.3531238014978671,0.36362690594561764,0.36377922344347596,0.41194034986026934,0.34304720413632367,0.7907654506791825,0.3296726674986742,0.5434023873653423,0.7648701633657342,0.4206240206643603,0.4350725936265811,0.46134547720411073,0.33850655505431015,0.33522908021622694,0.62871457080794,0.4156759394259496,0.5191553962541143,0.39289485643694994,0.5753342603237462,0.46046559674338483,0.5128907090366256,0.5349312271154539,0.36875944391523646,0.4825132063382594,0.5139401776297033,0.3572194612665282,0.4507337399875909,0.5206694511444568,0.7020374359665629,0.5417109632764061,0.36166206832246767,0.5163910360990414,0.46662794543717645,0.5913474037611455,0.5681448042614575,0.4159609737571236,0.4259433824826517,0.4620175170004022,0.37219772750038743,0.3419159291708836,0.47069606380360235,0.3589120645965774,0.36494766646450877,0.33659684758212416
