0,1,2,3,4,5,6,7,8,9,10,11,12,13,14,15,16,17,18,19,20,21,22,23,24,25,26,27,28,29,30,31,32,33,34,35,36,37,38,39,40,41,42,43,44,45,46,47,48,49,50,51,52,53,54,55,56,57,58,59,60,61,62,63,64,65,66,67,68,69,70,71,72,73,74,75,76,77,78,79,80,81,82,83,84,85,86,87,88,89,90,91,92,93,94,95,96,97,98,99,100,101,102,103,104,105,106,107,108,109,110,111,112,113,114,115,116,117,118,119,120,121,122,123,124,125,126,127,128,129,130,131,132,133,134,135,136,137,138,139,140,141,142,143,144,145,146,147,148,149,150,151,152,153,154,155,156,157,158,159,160,161,162,163
0.0,0.33633802963684933,0.29143994820397945,0.27173213535730145,0.2865642049351846,0.318255272173417,0.28935283684921986,0.33527840254444585,0.3536998518997446,0.31568110324744686,0.35573593764812605,0.28391230368403464,0.43764241144214616,0.2977801766594266,0.3223037688913479,0.3472132476113421,0.3460047967051052,0.4308823053234369,0.29046040237207615,0.4648343471060031,0.3286344380490449,0.3278802268630328,0.28661939531852193,0.31888994964504247,0.4060783101012496,0.278753309603759,0.24702718595485765,0.31905222121644444,0.2748010939909719,0.26270380544221733,0.3616934935848456,0.3578644609888208,0.27799855733840745,0.3053025662748058,0.4167846901683249,0.2865993134424192,0.41713245326105464,0.33195170382275724,0.269428197300371,0.3496355268467015,0.2723336307497885,0.3381966541977604,0.354202028061298,0.35911139109757106,0.3533460817294186,0.37240954450718916,0.2845646524102037,0.3359876864273279,0.3718161837433182,0.34422127046348944,0.3592433235287087,0.3314423375271271,0.28307698384165214,0.2868250490155216,0.30540447226368367,0.34200160616937253,0.4132774961943801,0.3096578965674578,0.3286397694344063,0.3249617856941041,0.3270652389482213,0.253769093756324,0.33661730704496523,0.2622380665216283,0.3132649770714525,0.35658214323426696,0.3468952109784756,0.35303297056692773,0.2850219447163958,0.38379709734239476,0.45356968845736345,0.3241843005895009,0.3390054563149996,0.34485009291050917,0.3409013587102076,0.35980419204938535,0.2779619934109292,0.28013741847051743,0.3258605536285895,0.26726029680312474,0.3247122225722643,0.3537589428286574,0.32611921854711307,0.3254615614259636,0.3332255962194806,0.37027342146902514,0.36245800707173564,0.3336839017510501,0.3526245183896925,0.31073069642213064,0.3475234503222483,0.3196349459068476,0.3373942684714659,0.36802118265179246,0.34706301269520634,0.3031280229866615,0.24563612432470944,0.30698572896315623,0.26069431863449516,0.35400384731550205,0.3054007415036683,0.3103690693860116,0.26600327032434284,0.2649018099181051,0.3658392161261712,0.34117947467963866,0.3005159430485923,0.3523410370517971,0.3282721080214085,0.3364622228674435,0.31699686821535233,0.3391553281365147,0.35337343338231164,0.27459851635075205,0.3418560557962685,0.34074695804167937,0.3716747850749842,0.3140615837458237,0.2859277400479045,0.27341693697509595,0.31539628133440484,0.2627523232482078,0.35705754351508073,0.39925132840140143,0.3207968123754807,0.3068714655911876,0.25050835690216283,0.28057819045446186,0.29245885235263425,0.3191047440460291,0.28124982420802624,0.2897857130413699,0.2932366673799949,0.32509442053387727,0.32179589772239786,0.32603344215548874,0.3545092911341079,0.32679356075693955,0.3091946037983922,0.34640978368292896,0.27850155860622744,0.3100270937191303,0.361746260971243,0.2745737935149424,0.3468669732534917,0.3213238583418033,0.30954340661418595,0.2739573148432072,0.37438942385947044,0.210335106662195,0.4359518588896473,0.31327996998737345,0.3027056033311166,0.2399748300444924,0.3325361073735811,0.42205862831782326,0.2941305528110481,0.3227305694629732,0.31480919493479065,0.31649578875278694,0.27188218823453303,0.402621939115841,0.24653490897079441,0.443521312323383
0.33633802963684933,0.0,0.35620124119323904,0.3192053630193827,0.2524566029857914,0.38864118465178726,0.2901159419690805,0.43350212443470826,0.31174725106376,0.39166071762355653,0.3386178609491588,0.3500421301234388,0.34901913652784,0.3226418098115242,0.3434375766766495,0.3251084398354539,0.333125232503333,0.3155598000842264,0.3140959011247788,0.34628430417860917,0.33617247642456666,0.4270135055101421,0.2784476789599096,0.33238548119093564,0.3667778728785287,0.27182566267033703,0.25451708496457104,0.3308357870821522,0.3601295629619798,0.24506871237402222,0.3730701945886089,0.32819298146909326,0.3682249829719704,0.29049413026565785,0.3309273511797068,0.3129478719179318,0.31846172320786376,0.31875834191816327,0.3194817648171818,0.32618119177673605,0.3400479582666868,0.3341831108313085,0.2623927344930225,0.3036888078557735,0.4251941493294815,0.31253196286807877,0.26890989662722886,0.28008617151853277,0.3109783148398201,0.30279204894561423,0.3271029702285183,0.3203043774270201,0.30653394692538827,0.3931266383314201,0.33750653527816116,0.3347277672824063,0.3346488069733212,0.3102298823774652,0.32150352611757,0.3425583462827037,0.38341241162862905,0.22931637170991523,0.30156237122944257,0.23827245474787356,0.26983070049179947,0.30267133503263216,0.3243552402873479,0.29738931761810444,0.2665355968218063,0.3720603779366662,0.3367229676005156,0.2943111611909652,0.2713755260065488,0.36357539730895666,0.3766615595137775,0.2757361050663402,0.2828665054907221,0.31591179672616687,0.29782476406861486,0.23156517704167504,0.2853065356497657,0.32106077558273866,0.3847765206296763,0.3073818633187755,0.2897786261974948,0.43866604503250983,0.2969230282905169,0.2588850289580573,0.3001772246646558,0.3496797378531896,0.2765615385835601,0.3053672613136182,0.3184857905804915,0.31534495989545086,0.3215428960499973,0.3710850579826504,0.2836288702591141,0.31485688714219406,0.22765866182371677,0.3609616315751444,0.29533465557170446,0.27586296499911483,0.2252637689718198,0.28511946727283743,0.3012547154625994,0.30738871856172273,0.28978867556716703,0.37786233648697043,0.3174277254218493,0.3649495763860962,0.3083084452655027,0.2649045168545193,0.3033413681947481,0.2651821309338342,0.34129232399952625,0.42814812147727555,0.3214767223416193,0.25299007299612175,0.2987056745738669,0.2638826113410056,0.28619791906120023,0.2673411940838444,0.29569389778488187,0.3835259712561271,0.26528406886903555,0.407374533049521,0.26139960257175276,0.35040381603588655,0.36618832930318523,0.2941381411944606,0.308746986064614,0.3085438460480924,0.26584925580680036,0.34423213874491854,0.32144976543204545,0.2627970632425845,0.3007908666117895,0.3123969562317216,0.3187464181574178,0.2902578328424212,0.3021743249103783,0.31284255089577184,0.37557155017051463,0.2825856615521245,0.33025358042037833,0.27118350323534796,0.3499970357724971,0.2991634837025277,0.384907070548773,0.219517666611056,0.3154226098034191,0.31288760072940175,0.2831981446717533,0.28565902603996823,0.3314156346410799,0.36222167459204896,0.30086449713419217,0.3699526059159023,0.2776942712883336,0.2676903148197704,0.2878583714008452,0.3286287221158148,0.23638393338652464,0.3236359751019651
0.29143994820397945,0.35620124119323904,0.0,0.28459359433793224,0.28507743789393397,0.3158209308150943,0.2691336284927096,0.36218103175119737,0.2665035292337927,0.38898551998590913,0.3221350634904732,0.2947841740362889,0.3364231491725583,0.2671448110130023,0.2875097277275347,0.378092086609869,0.382522441216341,0.31289125041663146,0.2573000196375008,0.27128662118450303,0.3723542754535172,0.4292848146488014,0.2569785691356113,0.2996917465322745,0.3042624082982239,0.29956628656469675,0.2385670346877237,0.30144151761893756,0.27827797896486717,0.2464331536039665,0.2653990664784276,0.30989406506785505,0.2690962138883692,0.2602689914122362,0.257702639807843,0.2780684849180955,0.2941760447764902,0.28699292821942346,0.27043939807439715,0.32765858343885595,0.2855879684651549,0.35274727813111456,0.27533184836285457,0.27349779873432983,0.34173200240696416,0.29810262692097356,0.27919378742218814,0.2785017476872393,0.2979153192581841,0.280418792746723,0.3090900241725423,0.3363080189854983,0.23737266929731587,0.3263889553550869,0.2917935138485662,0.27891440341608364,0.2891132788459923,0.31999619847655164,0.2970131876510096,0.2820443382401208,0.30271541146335296,0.22651772507425547,0.32714690493940324,0.2397525643878279,0.2509737854055383,0.2763772999520467,0.27809440917226946,0.3124521933897875,0.29170114048630497,0.3344612144095926,0.33241466385568985,0.2448181174846315,0.27090046947548896,0.42134439117046396,0.3450212775055466,0.2202630399500749,0.3197708195172143,0.30616278689768633,0.25921191329798604,0.21502265905703566,0.29312198755212754,0.2996257201356769,0.32358842321614395,0.2781552034910624,0.27694873478765525,0.3679852241866606,0.25530184713646303,0.22906148257284112,0.26937718338289524,0.25565537578304376,0.29290881898301724,0.24726623494050468,0.28257575365230303,0.23693320413293842,0.30854549847167173,0.2769246591603175,0.23925767286485852,0.301247399033985,0.21579700541870653,0.31496261930180874,0.2203466687766633,0.29485250900746585,0.21828547657007077,0.2798369562509017,0.2698486610553131,0.3448583471042492,0.2902210335961814,0.31872712012593185,0.29496432044936827,0.33695460435803704,0.2865417703179223,0.25200693595202694,0.2692782110396164,0.24810765871807702,0.26468291824403484,0.3712570947642597,0.25979145623633576,0.28299889948646106,0.3227873680679602,0.26171091593788726,0.28410971987288697,0.24534841950338576,0.25509104974245406,0.32964093540296485,0.21307460723371033,0.31471223623312017,0.2586544973298448,0.304937472132637,0.3409217518155133,0.2752424851910201,0.28330814088618317,0.39291663977345936,0.21723301176320364,0.2525334476196144,0.27702515708121705,0.2368305998993199,0.23957502254827706,0.2628444275953416,0.2966175266249916,0.25791811340411674,0.23149587980370093,0.2791096958034149,0.3076600896377035,0.2793407577448896,0.28084262587892306,0.24010585103727997,0.33284232637940964,0.29409251087785965,0.35524208569220145,0.22629339755002142,0.24680188536429906,0.23592650581190436,0.2702491335397692,0.31138267473747744,0.3203738932803713,0.29405585959018726,0.2738538049426481,0.3519599915406224,0.20970584224245284,0.26242449863540207,0.3078739886271146,0.2307838812646724,0.24560306842285312,0.3030309215150297
0.27173213535730145,0.3192053630193827,0.28459359433793224,0.0,0.25928709898868174,0.26331389489436746,0.33566478090462176,0.3210910740628705,0.242952497831423,0.2976097059045533,0.30498055753832337,0.2983659647196558,0.28149397211447347,0.28600267836106047,0.33109230670155537,0.27561351013641594,0.3352076075401506,0.31069499321434907,0.2972437431664307,0.26523726904234257,0.3442630697558502,0.29380201961438634,0.3024591964093835,0.2796853018722497,0.2967368537940843,0.2992841198141289,0.27745692890284257,0.3060702974593601,0.2840655021400438,0.21375022199590485,0.27815176503461486,0.27042506546589296,0.41014266311662717,0.29655528368855805,0.28629394565675165,0.30842287144241637,0.27265651292160886,0.295326242777318,0.30488749114940256,0.37011192727014436,0.3354941228462795,0.29331243571860444,0.27163060070538764,0.3025037672944939,0.31677756112495525,0.31955764525852065,0.21498345134016755,0.2538322148608793,0.3072705068329574,0.2908394982303466,0.372949348799277,0.33026673021381897,0.29578732853393774,0.3943897881490376,0.3240725091603717,0.2525336716553398,0.3411073406172643,0.30937641438660995,0.3300657280429005,0.335875662415065,0.3369444842975496,0.23588870664100905,0.31201165537482806,0.23924257635120422,0.2947280670914915,0.302926212553283,0.3391304046870022,0.23351811384370416,0.27275239707222965,0.3060108933209029,0.27963455467582304,0.2746797422023763,0.2831566832050833,0.41427491391633364,0.3142555713860405,0.23850761788283006,0.3466851266105677,0.3187018776021793,0.2898563315818071,0.20994823462784698,0.258566855376534,0.34452302297074366,0.2604690749027488,0.2596910284072252,0.3492350823879103,0.2965820185945504,0.2919164207243208,0.28289015309023585,0.28711913896951136,0.255433094291401,0.3143506227534864,0.30342535455172304,0.2887402436653558,0.2747775268704465,0.3562600721782032,0.2593925642580689,0.2460526462432332,0.3001835656716717,0.24269951806079992,0.338500521948942,0.2614893584528812,0.33047357838965824,0.3051316649825746,0.27410313288810634,0.2981827512357096,0.28372705531452813,0.31468324794700886,0.286642552055691,0.3215078871281541,0.27433812067785274,0.3440170081094076,0.2964594645714802,0.302948553655781,0.30418938489784064,0.3092498615006457,0.31046816208024836,0.301098603984309,0.24002456034372174,0.31347408731416626,0.2878452841600826,0.2904484721468937,0.31282640814785745,0.26866743980862984,0.31444487046419556,0.23010713659204313,0.28743867293157405,0.287969738224627,0.29196672039572014,0.33187785442918183,0.3109889916970922,0.235839168464153,0.29508609335584096,0.26377730309838615,0.30295532628319893,0.2778543279156624,0.22941758509516166,0.20396014970502463,0.319679792575817,0.3126496254485718,0.2886306992644779,0.316421283126092,0.27006966477344274,0.3870989941829456,0.29955915487611035,0.28564978826933396,0.2662661908036103,0.2800681487388767,0.27963238819381553,0.26385276575744215,0.21293234890996549,0.31311035192267506,0.30578186249912465,0.3110653857016905,0.2562519371805876,0.3373427268442525,0.2909173822344606,0.2604760573853071,0.299270833586576,0.3331281601995179,0.27708621377749,0.29400402077098453,0.2692746341360004,0.2824530237884218,0.29974861489439747
0.2865642049351846,0.2524566029857914,0.28507743789393397,0.25928709898868174,0.0,0.2247100201616451,0.32190848762606433,0.2682227867850514,0.266595311489099,0.26612288688122077,0.2953041526122281,0.2631324621655898,0.25226508323022595,0.24541413562204742,0.31776224915193674,0.299579326286839,0.285019536313898,0.311222257652749,0.23115106338326888,0.24800158075971826,0.3030118729642136,0.2969182047654133,0.311188801273356,0.2575579017832846,0.2694620081917404,0.27911111495778074,0.2595085622109118,0.2303773601960532,0.23385673758873746,0.27764756871395424,0.29906101907545646,0.24758174045879108,0.25666093101494775,0.24174623824583727,0.31459286537675446,0.3104745633933427,0.2848407187297297,0.28682542483837015,0.2972626926022557,0.2726953561104522,0.27672033343442326,0.3026665360924069,0.3157982565441641,0.3145046874583409,0.2621827901868983,0.27432392516357434,0.2879868804066838,0.30188350805246705,0.31153016106078596,0.30339548708754527,0.3131097201993809,0.255267715395388,0.2438445909690062,0.26198587805258094,0.2844216738097821,0.23702188753288259,0.25806170304119097,0.3410830860211573,0.2675840866796107,0.2681955335445108,0.2173970212443722,0.23360146546712132,0.2628536667789809,0.2669094556621819,0.26054399564889547,0.221182366172925,0.24932312662633396,0.27467597941622734,0.2668748541035641,0.3076692955578403,0.29832517710489814,0.2642665408292543,0.22841891042886037,0.28869958694712283,0.2471032251636274,0.21392418720153827,0.27420405937145054,0.3705695101431615,0.25756900040130987,0.20415159138202066,0.24000789076766813,0.3049762845326387,0.2954406971043867,0.21935744245409747,0.26365500791506213,0.26638165851938533,0.25916522570032136,0.27166386047717966,0.24461027768362245,0.23421413201196925,0.423122470435828,0.30127976530592676,0.3421713106436233,0.20719949539008914,0.28644332902227343,0.25430982335390323,0.1969214949405293,0.24591059940071058,0.25674819669325327,0.24328856305559277,0.23616020496959694,0.27193862927258544,0.2739286000368832,0.25185351725582195,0.2693789670078652,0.2874680673277909,0.24642720080973166,0.2845492204100347,0.3061154757827428,0.25329748432847515,0.27071741578410546,0.3115489138086621,0.2318246589972952,0.27756275171913036,0.2534707500424711,0.258458596259474,0.23789593037068332,0.2828693870930703,0.23006970890930695,0.25988750941772415,0.3569712982585828,0.26804692704588423,0.22513821358196623,0.31911880111707963,0.23881637704118128,0.2536379594272634,0.2344548696691873,0.2950068732456751,0.24663785843960548,0.27209800649148463,0.2353712351245944,0.25718329767771525,0.20967158397693217,0.25827384890718025,0.25238736094461806,0.2546650575305693,0.2313268986677825,0.3226445736943232,0.28085337278063344,0.33184719784138256,0.2201496415611904,0.26750190983048383,0.30017197625887226,0.28479901996384244,0.2973451387060258,0.27456045497064485,0.31405971086578227,0.2708263276762176,0.26349820782789146,0.20796050265650953,0.26405745911926654,0.2516751041178923,0.2935884493622175,0.27575964933347324,0.3020658432540267,0.2906342629024359,0.2102994480966309,0.3011967425348567,0.22871324915967697,0.2409276237062672,0.23587361259777,0.2432037610846476,0.25591543395058325,0.33630882003498197
0.318255272173417,0.38864118465178726,0.3158209308150943,0.26331389489436746,0.2247100201616451,0.0,0.2416478859845794,0.33977162055963683,0.2717404408616093,0.2959124302485532,0.3074290166693469,0.3171490935927171,0.35578607279529684,0.23761110823129694,0.26878870902579655,0.3190616780343223,0.3189370047144387,0.23875638939586122,0.2920022497861512,0.31648310490342346,0.3243524237918157,0.3138216382293194,0.20999247962190423,0.26633676071886425,0.329947813236683,0.2370856127829407,0.2036791153331699,0.2787269468779104,0.2760900552936097,0.23666410915859112,0.3005896208840158,0.34587193515217013,0.29437634217600517,0.2629272898389337,0.27769874921688076,0.25015478424915105,0.30543018641917447,0.2580279943068295,0.2595439977965177,0.25241554932789295,0.2748538742265404,0.3341656324080886,0.2534621778724307,0.31791141511047977,0.286219907643578,0.25593555826533565,0.2481093551689175,0.28051637694937026,0.23528794696129116,0.26900996081783335,0.28501170891343275,0.3435571096882702,0.24755415464471156,0.30421884071436217,0.2594307989510767,0.3465064326270241,0.28975610140033903,0.34716667496511955,0.23852791657955189,0.2549658020242199,0.37609262692397677,0.23854345811546518,0.32344141501343365,0.20375685411357183,0.2457627541912064,0.27486766752168035,0.2752444343631338,0.2921350455096876,0.21837585862690012,0.3043021863333386,0.3074706335196152,0.22634820000711275,0.2886571759390696,0.30106730011716865,0.3579033588898406,0.2564135351439822,0.2621029103969125,0.2582733297005671,0.24630420687854906,0.2972664001306681,0.3587347147643874,0.27924998943959534,0.3001640150024905,0.3005843301002938,0.28050053302486777,0.3076220477107762,0.3354846280871109,0.22570805284460996,0.2816011548002346,0.27733167375332934,0.2612278819051869,0.29596506103081194,0.2691387926364538,0.27692771921240167,0.26090607790816117,0.3208759134292517,0.2659039870290126,0.3304044288493847,0.21236132574798494,0.29272678153477405,0.23922908070655424,0.2612554885510507,0.22113630763474051,0.24713329669718195,0.27736512009902103,0.3060307358662468,0.2939625197291391,0.3215746004990262,0.25079314660746166,0.34448095933348755,0.2988819999765897,0.2344895290571448,0.3503702220163378,0.255150666202913,0.25917340413701884,0.33686843125638505,0.3187583283303835,0.22188777706050514,0.3573011518908647,0.25077456857461217,0.2480203632009167,0.2593679436475794,0.32148325793847987,0.32310597105922284,0.2781721364228131,0.31159613568867944,0.26545877914993216,0.2630288974791636,0.30862509561911655,0.2256031118305266,0.30011867845129436,0.3709073297068453,0.2554008006416376,0.2951272400459027,0.2940479233893683,0.25214025075915036,0.27952997526102047,0.23285727060318429,0.2318490504676887,0.2456901750130036,0.2588594091159183,0.30109119894165604,0.28732903352254047,0.2573197505336042,0.2904157009479928,0.24504819570591482,0.3080300203347078,0.2808715898330064,0.31275047838035586,0.225844076931832,0.2813902622105261,0.2713999853991792,0.22502090062613514,0.23247305165795504,0.3300343757762049,0.3067816334457231,0.27128454559772036,0.35406224262580055,0.24266491133164456,0.2677638889418416,0.24693713703896455,0.32156711210076483,0.23317950972892718,0.2953436952181556
0.28935283684921986,0.2901159419690805,0.2691336284927096,0.33566478090462176,0.32190848762606433,0.2416478859845794,0.0,0.27669522886416376,0.25635781290507004,0.2971152153251041,0.3068055215496032,0.3337829917309974,0.2939686201580855,0.2728328733653106,0.3904301694441404,0.2736290082323652,0.2727166036759428,0.3142977548786109,0.2814344809150342,0.23869030810808348,0.2870049143657221,0.3119862165260497,0.3929478230933059,0.30665506943834814,0.314029625407471,0.30049240168613495,0.28538217835491286,0.2616352917708429,0.2759171868938994,0.27088597806749504,0.3146231494330404,0.29117961198002684,0.3325221588045868,0.30434269668163155,0.27478494881357723,0.2789545509175633,0.3299608373473158,0.2668304523068472,0.30496304585373535,0.342741311236676,0.3052965905313668,0.2863071166725979,0.3127938089670807,0.3098162428750772,0.3263088138306119,0.3069798279255374,0.277296094733966,0.2692803885970989,0.4264404872607034,0.26289156099336897,0.3534765279075122,0.2594275105883871,0.23346085225156782,0.3181340923868187,0.3604162844785329,0.25548282464557776,0.27588586118722036,0.3031137408659897,0.3178918669956469,0.27965130087733653,0.23616380875932785,0.2291198711764653,0.24926183793940343,0.25115824608607434,0.2494066664902945,0.2298780364832027,0.30834490588838154,0.30600602434239343,0.27254584637703116,0.2918710293778022,0.3056682604931033,0.2577550646348893,0.22943618031701707,0.33896704089595575,0.22867746916814866,0.252280041624578,0.3689057715674447,0.3632455897728271,0.2629069735592118,0.2067937182701709,0.24154308371033767,0.30607780686303,0.30481857541324286,0.21654708270859274,0.260496158828882,0.28201610667687205,0.25756373601385874,0.29740281321455697,0.2829635586678278,0.25748576280252994,0.34473085328937364,0.35682209123304603,0.3218737555806707,0.24162802922567225,0.2885714364085052,0.30916651533023376,0.20454428225655769,0.28838152239712134,0.24314793231869,0.303225411937011,0.2637412434589247,0.3119046455558222,0.2983073643242583,0.2796323034678057,0.25668670921840103,0.29525981853816347,0.24487581125192273,0.27967372191718615,0.3439398025474733,0.27784781504759637,0.35564299022422297,0.27998147031391313,0.24617759578269943,0.2526493065640936,0.26905347768416865,0.28316366454576575,0.25787731603165864,0.30939192564043433,0.2532326391178732,0.24598068942696852,0.28697497616467815,0.25908019150809775,0.22374484400127195,0.3638157323625825,0.21968955582246105,0.3269207722033541,0.2303902676698439,0.35281433166360243,0.25806884069340735,0.2973390458481705,0.2285794802391628,0.23214081426005123,0.22795944106803162,0.24419548430593754,0.23817785346677828,0.24028560254070463,0.24827514685694124,0.33010686411230683,0.30642484586564994,0.3231838397191502,0.27292531431982586,0.2578132977387309,0.31831095724278397,0.257972319910504,0.29552510606512516,0.3290425459289519,0.2976665134871985,0.3005727736516036,0.26926681089880194,0.1894483368856669,0.28285191303558893,0.28065037170731455,0.27819340718474683,0.3139331146605765,0.34638477492248604,0.31720879584473266,0.2729900967495661,0.3319091305792768,0.2902418504154207,0.29504595106676623,0.2596706858523187,0.2483814276305943,0.25334268519731123,0.3022853029668472
0.33527840254444585,0.43350212443470826,0.36218103175119737,0.3210910740628705,0.2682227867850514,0.33977162055963683,0.27669522886416376,0.0,0.36276901533871153,0.3973871171623019,0.29840802796333943,0.3519066184076447,0.35126038445153057,0.2906469258367995,0.3234279977815754,0.37053110986925014,0.39836196739835145,0.3341071782500616,0.31432432743222816,0.3396930152795943,0.37745664187642064,0.31894810702450077,0.2933882049695598,0.2808138976783581,0.3698916044100615,0.2786688854707806,0.2973958965657207,0.3506780662912779,0.2711385589509637,0.28172574805756284,0.41087799873518205,0.3476822789271197,0.3342417848997335,0.32350490685475464,0.3276512942401058,0.34651531030646743,0.31875020237569357,0.3878456669675683,0.3115088077381933,0.34282646939174566,0.32606498382114196,0.36012588699773856,0.2997385934646231,0.29762213674922033,0.4300190876903578,0.3573770801180948,0.2938799910341478,0.2654616025686774,0.3243140407184514,0.3210939168214139,0.33714377608048324,0.32500892675003185,0.2994074287564029,0.3177788677454807,0.31254365572967757,0.3463989237217117,0.3453614766024481,0.3939066332685003,0.34691940321128817,0.329083704855556,0.3728283917055998,0.2543614107699876,0.3268645081237314,0.27697673860118005,0.27857688557783955,0.30046642989185357,0.3224482583430349,0.28880018000973984,0.31547716107223495,0.44263452936239744,0.3288927886963689,0.31090437528360565,0.30044379529415366,0.3910166356511779,0.4442987016958049,0.27658891005511793,0.3183854454929121,0.3141461929974424,0.37152842701754885,0.23251911969589456,0.31112062565422155,0.3397337601922921,0.37336985706951875,0.3434656475776457,0.38030858293282205,0.4946826672154144,0.34489706706893314,0.2955469744561176,0.3980360481255537,0.33617914783656755,0.3110216450171743,0.3344090481173975,0.3215034114604386,0.2821519228829272,0.37913887761626786,0.32872152043988057,0.28607819902628984,0.3866381666255391,0.2507441511784428,0.3976096932511775,0.2706747750439787,0.3468672214612047,0.26890752572382876,0.33133671023469347,0.36453518890448383,0.39647065164263084,0.3420875494314202,0.43788205142796616,0.33187288068432336,0.32583197552840687,0.28544177920101393,0.3123077270143717,0.3319636176523971,0.3462924054069534,0.3392195445271181,0.41196003426795325,0.37327593321649444,0.2723496132323646,0.2943790975549886,0.314616179123761,0.3095486917101728,0.34563596906989136,0.2945422980901934,0.3663844247570997,0.2648123204455453,0.3231713444767057,0.2900009993052442,0.34809562855522486,0.384285247073671,0.3059287756091106,0.40201670781944615,0.351534602958166,0.28247392805640187,0.3043593872525648,0.3022754703655445,0.2527548417051721,0.29531111920162395,0.30908559138175257,0.3348082046928655,0.3385949346830861,0.27656512595468064,0.30351663822736824,0.40172088370122666,0.31956568606357416,0.33968998636813375,0.31631921374061656,0.3827378191301916,0.3385845701381111,0.4134576711706863,0.2566616174477753,0.33501557186988074,0.3428635218391345,0.2962611707871513,0.3032550152631988,0.43977132861693646,0.3627290699902937,0.26911030023335836,0.3951142611636947,0.24901167458831486,0.29041655796483934,0.3106896851769267,0.3216483740845313,0.3043271040030358,0.31871411635027425
0.3536998518997446,0.31174725106376,0.2665035292337927,0.242952497831423,0.266595311489099,0.2717404408616093,0.25635781290507004,0.36276901533871153,0.0,0.27971620946930437,0.2540840518580178,0.27965410277651037,0.2677194886617523,0.30248057201743506,0.27462990154559663,0.2904604331822217,0.28124354122850675,0.32567947038803613,0.2596417291551188,0.3224954608263092,0.2863388875158297,0.32327890700362943,0.24246263079786562,0.2457364314856687,0.3026491345384469,0.24819275957779843,0.2549431164148122,0.26521333949472226,0.23612870111788423,0.3206277843078216,0.3957736054417932,0.29689875387352804,0.2604696184258272,0.25254865038958046,0.3302735650009965,0.2682899889398351,0.2739638550780856,0.35970843380048045,0.27189359979624544,0.26784434550598735,0.2535199719583344,0.37230210585375595,0.28202559662542337,0.2848086539930413,0.3175706730575109,0.2738915333646809,0.26628304238199774,0.2410985119145906,0.2848093436052151,0.28786798829232635,0.2720009492658684,0.2696124998072796,0.2738120254521821,0.25646143199547533,0.25906386517064434,0.3737361329255425,0.3075315263691054,0.30832312688662084,0.28212403734630037,0.2540279812551101,0.25736781307819184,0.2607429695162394,0.2808735687797587,0.2731075391580579,0.2985481199389115,0.2689392265820054,0.290142236502567,0.2865555786090585,0.26637010101578235,0.3520934263740644,0.3583800353915464,0.3057518696720961,0.30829364329593417,0.27400698244695937,0.3259157011645533,0.2749302654333594,0.24450958880171064,0.24769291223881224,0.30333633774524615,0.23315381052309195,0.2807799747221256,0.3785326735602479,0.3579369660351764,0.26434566066946824,0.3343678740552874,0.37999625311043816,0.3188514948196323,0.305152225773794,0.2925568056673535,0.3696758112022251,0.3088601712023037,0.36055048153328334,0.27476793056031973,0.263935935106448,0.36489132574134786,0.3076057158596922,0.2906152897173825,0.3270788837436568,0.3168721361641791,0.2773715106489067,0.28200356093805856,0.2716965569784008,0.2690566196303766,0.2669233832268157,0.3472061087445049,0.29007375556647824,0.24154995189799777,0.32087285298235296,0.2622866403095241,0.2500942034131921,0.24183540378186885,0.3389500345637748,0.28440145019387475,0.33176331631921635,0.2784887981968396,0.31182296809025073,0.3169117770738444,0.26395246010411744,0.222305533211278,0.3052467189872898,0.31382654119786246,0.29363237117178703,0.28691043753319206,0.31363069420183487,0.37539164476206355,0.25690354665358756,0.270434483415076,0.28153562125213627,0.26179134636506146,0.28917814370418143,0.4419105433150031,0.3168817807480837,0.2660515680725825,0.3630078104594382,0.2681635512120122,0.27708746703098336,0.28788980525496655,0.27926188926528567,0.2905622479235282,0.32770264351185097,0.25228567070823676,0.30658844564321225,0.3361871829523509,0.3248860004632525,0.3031761487360819,0.3110823459635195,0.3968903845375522,0.25843407857126327,0.33826721426186207,0.23905429487609955,0.3492460328363595,0.29629171622549905,0.26545731238021586,0.2622804933988318,0.3096974453413288,0.3488563710958338,0.23175488987621856,0.2988776741667555,0.26621804919580433,0.2704470771736269,0.24405923438815041,0.3525486415779545,0.3194910695766677,0.32715691787385237
0.31568110324744686,0.39166071762355653,0.38898551998590913,0.2976097059045533,0.26612288688122077,0.2959124302485532,0.2971152153251041,0.3973871171623019,0.27971620946930437,0.0,0.29002951994186577,0.28617886905896844,0.3474386426875963,0.29279534599810725,0.30364034366509113,0.339709921761496,0.3279395184180553,0.35627471990957543,0.26483994249439735,0.2734377071950679,0.2957958260370312,0.3099029343709654,0.32736594177938594,0.2607319214105107,0.4167896296522207,0.28012701368565496,0.2832648527028482,0.3124382487431458,0.3481217440816993,0.25555620244762084,0.34953744552223315,0.33426235354963174,0.26717502361603934,0.28331269027644107,0.29553586259813297,0.27508833073749367,0.34631197849618256,0.3008599776430476,0.25026922746668595,0.3127986001217329,0.24940972086168103,0.3230600990749847,0.29407174700639105,0.2693080798243699,0.36134870031856786,0.30878320287324906,0.2697908634473678,0.2768399563850714,0.36282242254124303,0.24923830692628407,0.29977048879785534,0.26889188316595114,0.23985440155496326,0.30759189342835597,0.33091334785141935,0.3191519975513288,0.27656472547663435,0.2891874845789578,0.3281833221972419,0.28055218935344006,0.324031520873548,0.23239840695918026,0.2669515697937171,0.23732437023100186,0.2436593651602817,0.26886235623697996,0.29237082121047325,0.31246667668880435,0.3157713923578496,0.4166868603015215,0.2943875673355267,0.3045879438733794,0.2430375991929667,0.3596684058076118,0.3147510274307651,0.27675173251436797,0.2964572713813419,0.33621184932768516,0.27752548568502483,0.23807065663292287,0.2864275559943601,0.28340615075470565,0.369825164509257,0.30786661370396917,0.28072374745583134,0.34809221587977024,0.305319122895773,0.2898164901938703,0.35847565247373253,0.2710839995051051,0.2840123949873276,0.27696778445785153,0.29742104804094716,0.23820107729896037,0.3028898533201546,0.33904447302956964,0.2176192384343735,0.31375598625291456,0.2334938705866433,0.3516746071045177,0.2738082693019103,0.3113518059580433,0.25234495620487724,0.3303589041155477,0.27260851892796806,0.315782487792264,0.2810176834285482,0.41424307875345256,0.3015328780501671,0.3063291087301159,0.2695159869597789,0.256041613198622,0.29132999095719514,0.30269074805440754,0.2910071417600472,0.34168537046372927,0.31788737748630164,0.3209319579570696,0.2794190095470191,0.2929600143864995,0.25573927800537244,0.2865104534992325,0.24309930518210604,0.35336781522878774,0.23256337330336577,0.3769877060931401,0.24424019619844464,0.30508173685267176,0.34965721372033054,0.3018024348770454,0.33636942594284347,0.2818884238473969,0.26888924849521506,0.24206252619569582,0.25682783369424295,0.23448056030392256,0.27808495162577224,0.30081742389308797,0.32796887787065954,0.30016820371942293,0.2847883349281574,0.3010182042005057,0.3198878152252026,0.2480290445278767,0.3070114368856412,0.2943424675514096,0.2660209786655193,0.35041167746058005,0.44079825457365496,0.21814740181542672,0.271703937845111,0.3181614930984427,0.24938399114634574,0.2887379851705712,0.3376006005066594,0.3338281861436658,0.2459147284915692,0.3944971421379706,0.25824779205053405,0.30827469024758675,0.36436923583925346,0.30451320383695657,0.27172767318546925,0.27681435019238704
0.35573593764812605,0.3386178609491588,0.3221350634904732,0.30498055753832337,0.2953041526122281,0.3074290166693469,0.3068055215496032,0.29840802796333943,0.2540840518580178,0.29002951994186577,0.0,0.3321005246813162,0.35252417609627407,0.2763381003842777,0.2930000062177327,0.36569299568151625,0.3572455721906744,0.318407281151781,0.2916091559056428,0.31377992341684846,0.34298098242025565,0.36594314758006513,0.28722708083662357,0.3453865748499798,0.3545350245829136,0.3082954705146078,0.2594806322405094,0.3352664780583068,0.33462408357348644,0.25532987012386843,0.28311268063758266,0.3138335284925998,0.27904390722068345,0.2827109698389019,0.3215476623944068,0.29936784585207615,0.37716679225300936,0.3012184206264791,0.3358980652115143,0.33151240526376036,0.28731900897392953,0.32009850104352633,0.2862170355462781,0.36691918931708345,0.3117570840699121,0.28301259830057207,0.21890118802382577,0.3899897279637752,0.35366587142182065,0.26464914766052683,0.33825783064981674,0.28468827128082924,0.24283330223456934,0.35460587842715824,0.3684619794252982,0.25755447582962987,0.329140165614065,0.3444458431595601,0.3116149966045776,0.2900072960321947,0.34889468211684715,0.20157785379523172,0.304792634336743,0.2430894203246791,0.23321306917715506,0.26590932711836596,0.3389936267379807,0.2866940850064802,0.275390521280335,0.3309142429172413,0.31592764017652475,0.25632735557811215,0.2998929448882867,0.35967337404116173,0.31024051670915465,0.2698387462160225,0.3639179754311669,0.31922090700016714,0.2618039276764424,0.24917235659995787,0.29747022418356034,0.2662936184554004,0.30011375373504245,0.2906379833780569,0.2775594484052457,0.3020712483706777,0.32877628860504426,0.24887025117584832,0.2578844721912058,0.2805763246984794,0.3426386875886998,0.2441186478336572,0.3459890222806337,0.2998211260634183,0.2992007031828714,0.30307496198538164,0.22193114842589567,0.2518134408854468,0.2196906690895534,0.28147445183514225,0.30401183311000496,0.31042360268583563,0.23834954741822229,0.23850076380117463,0.2707591476688318,0.2653817812797667,0.2551675490526706,0.32363748836216544,0.27983554881453293,0.3767240871754981,0.38892517429786716,0.27398865623291446,0.30159653886096144,0.27252930113563173,0.29069122622173577,0.3159628690220993,0.28865381527457007,0.2927368943287418,0.32414337047783637,0.2536255068238965,0.31139561685726497,0.23803391284397657,0.29909054308475075,0.3735898098163553,0.2604004797276086,0.35077006968199037,0.21517779306580226,0.30997685249451085,0.3154200611212751,0.26346181214064657,0.23434865875788718,0.2998591743869127,0.29571831488046535,0.30036529936063294,0.3555202678551023,0.26764743912602634,0.2829528029721819,0.28274998504761856,0.311076152262835,0.2899106016471536,0.28458867476485883,0.29916177913262654,0.27960497340818063,0.27169070166925313,0.38854048505040356,0.24615724673905626,0.279280974502181,0.2724307740823659,0.2963141339943078,0.22480887636008612,0.37206279333954845,0.2748276048688555,0.34033875087902504,0.24939013259900367,0.3095679254817855,0.34994605049141414,0.3129776679862415,0.3289367274926613,0.3002677211419292,0.2767564229571389,0.2576535406564316,0.3137968352742381,0.22960364901378386,0.45201969538167414
0.28391230368403464,0.3500421301234388,0.2947841740362889,0.2983659647196558,0.2631324621655898,0.3171490935927171,0.3337829917309974,0.3519066184076447,0.27965410277651037,0.28617886905896844,0.3321005246813162,0.0,0.25585248244160047,0.20753415548010745,0.2960103414864809,0.3061570093519858,0.31529483014958143,0.2552168331048547,0.36780043688450126,0.2814327644457246,0.3563903901544922,0.2960878178385305,0.2837388271728781,0.301001303551475,0.3491430897435331,0.25314854350579274,0.2519446275709334,0.26681789033523295,0.2706342934152663,0.3020325507408807,0.33847213070815435,0.2969427818342309,0.29943375450512205,0.31680281819622425,0.2575205734873248,0.28639347224399725,0.2928685633560457,0.2808112640530667,0.3874689233505901,0.28957935033365295,0.3120482248760531,0.31595629072251563,0.2901141057529274,0.3077131876379893,0.30222271917089677,0.28937936441516937,0.2765701913363177,0.27355791046866856,0.2994271193088953,0.2775712696800757,0.3472184794707483,0.30975276698543835,0.247451928727244,0.33503230518432936,0.3463615943641308,0.26490663947364995,0.33879814811557213,0.4102730145351339,0.25263299704676284,0.28293793772297554,0.2588237963452598,0.20911854459157425,0.2980833479556451,0.23374793382133666,0.24273086582214953,0.25326654717484015,0.24387833268298195,0.23880354644887897,0.2295504862976126,0.286849142450715,0.2735472838286892,0.22714970170876564,0.2375977247913954,0.3072662751151483,0.29707199350238644,0.24070223937664498,0.29593567551606254,0.31341340353219554,0.2722166193435855,0.2131607322748905,0.25052341571123976,0.3039894972657643,0.3090411931595766,0.2235837090441996,0.2938665095517908,0.31565311670516166,0.2617916321783817,0.25158810970405193,0.2876811818059707,0.27572026611941886,0.3067375539638399,0.30965690390062217,0.30918801025598797,0.27692526845994636,0.26748820077289853,0.3323539227096026,0.23358260328683972,0.3139256121085769,0.21983198653833136,0.2683155959756408,0.22777782737331298,0.3096145336806123,0.2639395981490906,0.3180268076913626,0.2689748815691817,0.28884984632776595,0.29178512266513085,0.2987035914323182,0.27456373923804556,0.3366835565262606,0.41430826110734137,0.28837174756283473,0.2409390746668207,0.2751307680533471,0.2591738869883197,0.3155169482858139,0.28805726183545693,0.29859510420678875,0.2889440282786182,0.23690597039338301,0.26749918346096907,0.26164087712115164,0.25094720303580315,0.33359564053782664,0.21292932500588918,0.35117721412916264,0.23085356114214609,0.34445811578102153,0.3087813717942924,0.23345798745763985,0.2631140984157923,0.2818349340756917,0.22258310720405922,0.29008470543119197,0.27455146120888047,0.21614455773389588,0.28675609988097217,0.2615596423822587,0.2633245965464886,0.3178609121365208,0.22440997560451043,0.25832260328977213,0.32270560780342045,0.2791952590641624,0.30279658964567,0.3072689198893624,0.389392610220703,0.270220708104465,0.32853479790838347,0.23018307830032858,0.31621336567897623,0.2951266114191995,0.29946147939051,0.2672233618841571,0.40205808801599985,0.2723426903537923,0.25009299992762996,0.33137325675110435,0.22574541071592572,0.25470276576204726,0.21233714892036576,0.2600872363678298,0.23977371726330768,0.3133591114397674
