0,1,2,3,4,5,6,7,8,9,10,11,12,13,14,15,16,17,18,19,20,21,22,23,24,25,26,27,28,29,30,31,32,33,34,35,36,37,38,39,40,41,42,43,44,45,46,47,48,49,50,51,52,53,54,55,56,57,58,59,60,61,62,63,64,65,66,67,68,69,70,71,72,73,74,75,76,77,78,79,80,81,82,83,84,85,86,87,88,89,90,91,92,93,94,95,96,97,98,99,100,101,102,103,104,105,106,107,108,109,110,111,112,113,114,115,116,117,118,119,120,121,122,123,124,125,126,127,128,129,130,131,132,133,134,135,136,137,138,139,140,141,142,143,144,145,146,147,148,149,150,151,152,153,154,155,156,157,158,159,160,161,162,163
0.0,0.8135609383232142,0.7757919061595778,0.7985454234028239,0.8256651193495709,0.8347209574047515,0.7847002218229507,0.8857952137843907,0.835021654435068,0.7505438667868882,0.8871759719640792,0.8253169585442625,0.901940613784078,0.7617122129357822,0.7724290359886747,0.8434901790933215,0.9194731386919496,0.9174997731740856,0.8663093812594964,0.8240783013932029,0.885202278449821,0.762244483465638,0.901906321004045,0.8265251014067512,0.8702882559181465,0.87268473882869,0.8433724718690294,0.9403322467332322,0.7617080748180257,0.8704597818678828,0.8196973279402805,0.8375675103029958,0.7819335443564246,0.8462473567821601,0.9285866352468477,0.8129306860641258,0.9143352865435427,0.8845030824776302,0.7078412070314427,0.898727916004174,0.8559863579179311,0.8903297185341543,0.8498235320985726,0.8431414035650842,0.8478280954073671,0.8309420877195609,0.8669967366675186,0.838327280316761,0.9252066908998026,0.8551648128446779,0.896953340024814,0.922379201571957,0.7887590541184838,0.8047126016562272,0.7992860616470074,0.8477666056685416,0.9285770626110738,0.8906534203193812,0.8295066744225823,0.7791646008269868,0.8147548924225864,0.6585961164321577,0.9525168752185224,0.7511061368217128,0.8328447688982111,0.8009950014285909,0.7850076566836017,0.777643470941691,0.8525899830783039,0.9012736068835038,0.8869914237309499,0.7993835614688855,0.9327404597779112,0.9184566533996619,0.8914998223247439,0.8533638758582489,0.7587300659437393,0.8121764956884447,0.8412328824879535,0.7683438047522584,0.8564511341018198,0.8478768729458317,0.8015137130814858,0.8894093138676584,0.9280235891809111,0.9253083727850243,0.9166663339027427,0.882239305827448,0.8798824329992242,0.7305005329434394,0.928333870739651,0.772086187237616,0.8450802277035177,0.8682836000022816,0.886057815449492,0.7712156169971831,0.6561517877557526,0.8676046064162657,0.7279147348429735,0.8660005097172142,0.708661757988757,0.7091010664696642,0.8187123276199126,0.7806165693281913,0.8913576988397186,0.8236084406881233,0.7818802410941011,0.9158577661121631,0.8468205265547731,0.8195932739579679,0.847560577414836,0.9111275772009039,0.8921642014063437,0.7989390598118745,0.9006040678014822,0.9483418258285028,0.93059687703851,0.7209129285989492,0.8832334285447618,0.8114045962962829,0.7933143119226044,0.8209745633781232,0.897170673021559,0.8468512591942312,0.828212262040327,0.7843292063024778,0.7327015545845074,0.7197466929966423,0.8502978150265159,0.8058463134153336,0.8548932341222154,0.8001877650978344,0.7411436618758829,0.8195767827326346,0.7562145379012823,0.7346255868789207,0.8412118690616294,0.8926699938437389,0.8134313126940026,0.8509914812564301,0.7671837849266988,0.7335231931403922,0.8571754601325068,0.7771547795149573,0.8412830455075929,0.9072217239952305,0.8397178523010186,0.7078852593099247,0.8289541279282939,0.7087048864521429,0.919989450129977,0.816045408933418,0.8293321229415097,0.7114726693728236,0.8350864549101659,0.831849186657883,0.8247716208752583,0.8561016985744239,0.8072167624223949,0.8883140616998797,0.8240282623320451,0.9143585279944201,0.8573626288484704,0.9392661454894865
0.8135609383232142,0.0,0.8623939637042053,0.8154675262527148,0.7897109597748794,0.9465167457099191,0.8321611091232988,0.9480454631853167,0.8054350051015923,0.9108183413697186,0.8919688981314251,0.9135040680394416,0.8766045767211667,0.8280926761737539,0.8359979851598737,0.8309360655153988,0.8190189157766039,0.7278558912495725,0.8418614088969468,0.7170602998850912,0.8297942826582285,0.8445956993694556,0.7677542711882052,0.7718136398444955,0.86060516570014,0.7658615899418879,0.8269568845206762,0.7914995747594817,0.9817138688857245,0.8031158890108301,0.9461358474832091,0.9075585122899321,0.8745546051645197,0.7737379119430868,0.8941831508435955,0.9323191484280091,0.9049945237549134,0.8568394726352366,0.9225811031497358,0.8287971519334796,0.9111711156463641,0.807778624169326,0.7432738901205814,0.882854724121492,0.8490745922268067,0.7308322300266442,0.8293011224840393,0.8909788071425162,0.8439578804175979,0.811248417486023,0.8781162984758568,0.813455913395715,0.845636201494395,0.9417583038030863,0.9785088502083631,0.9058059957786263,0.7662367019399309,0.8996621926475004,0.8114228026861894,0.8031570443609799,0.9739861635267113,0.7261981243112124,0.8370104560462954,0.7752546185976856,0.6950040728176561,0.6669580123125416,0.836658745287239,0.7765082913721797,0.7539790385713768,0.8460968840881562,0.8399010910154232,0.7983756061788169,0.7959423594447603,0.8739136281157879,0.8857012653635993,0.8288777070769967,0.8225556261388831,0.9111402209335376,0.718164402145547,0.7709902473232896,0.8898568746437674,0.8053386300474467,0.9046522283097314,0.8823384943562637,0.7767731192286033,0.8655817559363534,0.9003080908428054,0.8509924502352728,0.8614749145032882,0.8351081631483873,0.8227939599550891,0.8656236829409565,0.9577788620367653,0.7793067727422074,0.8514948717195978,0.926129597587449,0.8160925173157764,0.8480570596880301,0.7661665937717851,0.8518589222905423,0.8543509856754649,0.7749755368774526,0.7557782606067119,0.8218137017570581,0.8532466019743404,0.7230908488577971,0.7836270664907087,0.8022248988687185,0.8522345526095731,0.8436811884822976,0.8541258787218553,0.7806196429534457,0.8786777578734611,0.8221155405318865,0.8123178156752549,0.8207000419740811,0.8381376570159471,0.7592706432426665,0.8785687579133554,0.8345546681744908,0.7382299292684191,0.8632266239427404,0.7568129964492087,0.8806937825529463,0.8277814450651381,0.95708299922028,0.7566316521551438,0.8526459263244824,0.9199585098509028,0.8371708337002169,0.868500067466326,0.7991923818702107,0.740797972960284,0.845222574818322,0.8150427198464111,0.7747185825995493,0.7819468841437452,0.8712512318976581,0.7523782049764997,0.8957866103384199,0.8401587926496055,0.8401953856225688,0.909692776562452,0.9263012271580936,0.9241160223635142,0.7701823071976037,0.9257154568307532,0.8836036204025476,0.8557054112003303,0.758928784515811,0.8125766558448702,0.9300957053212625,0.76540465820409,0.8075919213495905,0.8323223591987925,0.840240457627562,0.758374800382974,0.8735235491999291,0.8425678544198001,0.8459927553092997,0.8693058711190251,0.8665406017995887,0.9681913985938349,0.7722710003599476
0.7757919061595778,0.8623939637042053,0.0,0.7141388856068397,0.8529342260016578,0.8218750852778471,0.7613815072093167,0.8652280616576709,0.7022227277228016,0.9393595681616845,0.9354586846516211,0.8660597827580546,0.8545873042301766,0.6775393869343095,0.800812818183,0.8840915095598115,0.8530607177383248,0.7917582970356289,0.8383459363802733,0.737511088301407,0.9016492467336356,0.9464804034536815,0.7825031552363853,0.8342266454964318,0.8713917037193416,0.7220489841485577,0.7771826256735522,0.7890750247271964,0.8982788714553577,0.8419847135356073,0.7744833777474108,0.8545569028215998,0.724550109138366,0.7013540842436676,0.7496677326032777,0.7734551623288445,0.8585404105240783,0.7859406020296882,0.850195292462237,0.8086089133045777,0.7933064561533398,0.8496680022921619,0.8353860334676324,0.7858299458187306,0.7750163281745763,0.721264456160215,0.7888663839977396,0.9077643845399314,0.8645899706277437,0.7806922551755467,0.8160601096164569,0.741240934905376,0.7133578969320151,0.8439858070848802,0.8673718752732867,0.7299796965831974,0.7729505988714995,0.8687082850591764,0.8644716862591965,0.6916699859345287,0.8628086927964075,0.5930054164107201,0.8163139056999519,0.7102111020503885,0.7239429017154728,0.6800107960448516,0.7046627082178625,0.8202953894529392,0.8501649338145135,0.8654702769090775,0.7771489881461865,0.674584004008658,0.7098680888863099,0.9034733166347044,0.8523706573423023,0.6851541349478286,0.8637401567762859,0.8456164721616776,0.6817076694134826,0.6706835693862367,0.8481984988205954,0.708412670324386,0.8750252035195634,0.7723279970045211,0.710911399104609,0.7876978715598757,0.80520541884792,0.7469620103804138,0.7317366635609375,0.653488910048909,0.7793059137339114,0.6735643035580791,0.8858805763255029,0.6879225905956432,0.732807020781589,0.807225333733772,0.6779182898021151,0.73950306442279,0.6063115305016489,0.6965033537211166,0.6683564885517675,0.8962218503716601,0.6755815059712157,0.7892167297913396,0.7124713035145583,0.725942023775576,0.7984742131310861,0.8264818421192158,0.7976522126637146,0.897836509502133,0.8048481681705119,0.7099272037455912,0.7321843668131572,0.7565215674127861,0.6967416378394217,0.7562202184809227,0.7556768528964359,0.9234546939518308,0.8460105507658758,0.6541681188960857,0.7152208139876789,0.6944567826704643,0.6999980570565703,0.8013798876701492,0.6604383620601427,0.8623274973016931,0.6213720504345068,0.741601248102074,0.8273888976897523,0.7932479604242844,0.7850940046034579,0.8755368618645839,0.6263990382193698,0.6611967706819554,0.8841022105023656,0.7638116459476659,0.7884832769747778,0.7574595900248524,0.8162083122444261,0.8932115595908316,0.7262762405133241,0.7383105983211933,0.7378285226099094,0.8055086411756127,0.8527839028098073,0.7172620072696746,0.83976573953344,0.8627989229224378,0.8981676697488565,0.6745593031347422,0.7183806077801477,0.7973655680175799,0.8591692540188495,0.8887700402491525,0.8105321396252895,0.8503394603869883,0.8297842271528162,0.8265227148983819,0.6891041436373964,0.7213685678090274,0.8460803199875218,0.7076894023040229,0.8295269956726341,0.7691728407433412
0.7985454234028239,0.8154675262527148,0.7141388856068397,0.0,0.792697319830621,0.8690468762303135,0.9615474143999979,0.8120491461838945,0.729974121125611,0.7757955329666734,0.8119570706119233,0.8631446881098471,0.7053855867780424,0.6541817147208946,0.9079262918268476,0.6502885060268374,0.7033591045054063,0.7191420494321467,0.8606838056811955,0.5842967522055689,0.7897652697830351,0.7361467678734231,0.7928566255792198,0.7631155088421308,0.8484224730476754,0.7736026160404158,0.712111420455223,0.7493697809387698,0.7793141403171835,0.7031392264466421,0.8536148971086955,0.6919969874572892,0.9698235217186203,0.7325017968646043,0.8320445008745279,0.7674690576660941,0.8187982672703321,0.6894435469913153,0.7158462639178873,0.7933818909423165,0.9041013444423563,0.808950159340483,0.7013096294680615,0.9264239378959241,0.7113378429145519,0.6476562023342227,0.7251968944969124,0.7909298382465428,0.8026801016316688,0.6443951231583214,0.8925389920185464,0.8732557848856836,0.6924980561831984,0.9176796225206526,0.8183723894431831,0.8106900458874957,0.6758003498977668,0.8647212285177528,0.708914618310058,0.6262568077181251,0.7744184924961173,0.575304456408263,0.8490785130512314,0.5868449797339147,0.6604136686276908,0.5877155883798777,0.7238096847151004,0.7587363777447903,0.656670459051758,0.8641716301574368,0.7717257823239413,0.6329656890287003,0.758315654767849,0.7981516335244465,0.717050106850269,0.7217971659007691,0.6505444005932985,0.8120457745304315,0.6932963885685961,0.6836217269945448,0.8341116940174242,0.9450944626929545,0.8050400892051227,0.7267697023709431,0.7398542844949422,0.7538333744278158,0.8367537123441349,0.7487149296843087,0.7382969141909609,0.6871660729773705,0.8770798591454385,0.8903817687337467,0.7720015587451541,0.6593694026362019,0.8300348656687647,0.9138421622362324,0.5860402540796817,0.8612555845173012,0.6425010622111781,0.7950616915724807,0.6526282027590772,0.6164594555336299,0.928910396564909,0.9090616428895801,0.7479712744812775,0.6200869846635393,0.6178112275582825,0.7690151662138179,0.7392749143921981,0.7385131851330695,0.9223470340208326,0.7314198358072421,0.8642963650293433,0.653070157807131,0.7588312262358125,0.7812583077001299,0.8110646745920987,0.6119914152081782,0.9058567852795851,0.7764730231931664,0.5970721396008758,0.9350597837663354,0.6903372363356689,0.879444511567649,0.7223955720315336,0.8460711642499514,0.6309762118585921,0.6396275781184534,0.7879283170617284,0.6570878558676367,0.6991980023349829,0.6183882743605629,0.5832724602747166,0.818291806365905,0.6546508863329638,0.5954540753304962,0.6480118627658907,0.828058277455689,0.6674691261642891,0.7648549286484262,0.9683294774356354,0.6111725205424754,0.8556478697140586,0.7526624040534847,0.7489375540381017,0.817849471500109,0.830108435636706,0.7124023181559103,0.7178253270229032,0.5698654182713175,0.8778140968670188,0.9044895262219415,0.6344437294870059,0.624122752943297,0.902329704851678,0.7447397683761697,0.6602765912663285,0.9040043030837074,0.9700755485828043,0.7823110703369635,0.8364696334599373,0.8510716327187996,0.8485617681797606,0.834451805971875
0.8256651193495709,0.7897109597748794,0.8529342260016578,0.792697319830621,0.0,0.8272036103415952,0.847123177407951,0.7850534097250907,0.7533035736638368,0.7726263406906035,0.9040240317780351,0.8323472230960565,0.7900606914911038,0.6636646789051585,0.8344640366909766,0.8003474587413347,0.819401576726786,0.7957481776680032,0.8125990072330624,0.6556202579769792,0.882853209099614,0.8672060839710184,0.7892167142115541,0.8210880408273619,0.8069372633544059,0.7874735925463733,0.7488316034351366,0.7632533876520519,0.7855408820973526,0.8882114331520965,0.7546296714620485,0.7663009812383669,0.7842474350263071,0.6888909935956237,0.7670397536694396,0.7416832876564329,0.8493851149355103,0.7539835531922278,0.7642998638775269,0.8261623512881071,0.82035903901539,0.9056677491334297,0.7944262711319231,0.8416116662436559,0.7056579318970423,0.6947325047723013,0.8163322870240975,0.8515390346892381,0.8379158242810116,0.7497073598713089,0.8969793964085028,0.8281148203518636,0.7174187392126381,0.835567591566771,0.7988616696311086,0.7652561279845118,0.7746016754290665,0.9023623884393013,0.7444646253046129,0.6667593760294679,0.7512693346196718,0.6007181619250883,0.8760359494837171,0.6376599527974748,0.7403764195618198,0.6360135299184184,0.6852421514939292,0.8714531969933389,0.7656674982464947,0.8515466222131687,0.8553734126413404,0.6477132690053923,0.7443524210649793,0.8852418796790194,0.7876858979630276,0.6730067697825246,0.8119432376744505,0.896750799427055,0.6768542230303882,0.7361774788208739,0.8416334603716498,0.8307746200115069,0.9067646150335774,0.7261662349235881,0.7475893940795363,0.7689046078706567,0.787037730319004,0.7497272192566189,0.7023751875374005,0.6625374708208657,0.9139037966452158,0.7236972067466335,0.8501795803186686,0.6845134955403495,0.8160933485775966,0.7991593429241548,0.5955868365031971,0.7427050161305113,0.6329377104917017,0.7097868669485489,0.6320100299813727,0.7150192517639948,0.743338530372868,0.7656645293971571,0.72709919953899,0.7061144580336286,0.6952352827909568,0.7811523121139855,0.7748013977324113,0.8017186147336547,0.8429462283401178,0.757069148589545,0.7729638164674452,0.712586411200814,0.7276497111998679,0.8236632001452425,0.7489878191379526,0.7382763604197069,0.844319997875664,0.7063684495719086,0.7530411822473653,0.7708579342252377,0.70001441266955,0.8726235878858857,0.6922033666063446,0.7956858702758739,0.6475996633705159,0.7016061781524457,0.7559633943440742,0.7243500921891864,0.7502611527069384,0.8168743799537486,0.609512867185292,0.7419142434555309,0.7118495628443287,0.7106351870606956,0.7242134297653436,0.7922767659677505,0.7070531285230004,0.8296312478576651,0.7511315959096757,0.6829444607216237,0.7918579784306252,0.7657319046566818,0.7929940749576084,0.7623111739033532,0.9066564033111486,0.7775438711885135,0.7510311222728283,0.6232619351939174,0.7627985267464967,0.793007002713149,0.7857632485259006,0.7557048273682804,0.8108865104187089,0.7674108540035622,0.7710153420195139,0.8793953793880096,0.7575860954249883,0.8012585580520906,0.7744403429357616,0.7549595860235362,0.7966978156846288,0.9030612402077791
0.8347209574047515,0.9465167457099191,0.8218750852778471,0.8690468762303135,0.8272036103415952,0.0,0.875703350119113,0.9064193409434426,0.8095622875350782,0.8602249192943228,0.8820877632752013,0.9284014552211951,0.8268515820939148,0.765674798912971,0.8420214661535836,0.7888178364948434,0.796094920099914,0.7110777902563279,0.8720999857181666,0.6696455814621399,0.8464426339272134,0.8069524499203494,0.7574399126603084,0.7612484903195914,0.8707886598370046,0.7813366468867725,0.7512794475627671,0.7741320197684672,0.9177418866601067,0.8133196603025931,0.9417820135654275,0.8691924075127908,0.9106542531939535,0.7706170840836214,0.8881503084187607,0.8888583218131261,0.9068867124921546,0.8075500336082946,0.860760225576797,0.792255047315476,0.9160957755719507,0.85160700710318,0.7413035504929483,0.9422698876216427,0.7914250578741113,0.6981218770948621,0.8368285030376695,0.8948583316422513,0.823734887337057,0.7612028520535918,0.9194600162792556,0.872472311003386,0.8085287482462785,0.9528153230394906,0.9383018478165571,0.940510637545462,0.7511571088159374,0.9378168903235429,0.7436107065227322,0.7402478806411964,0.9138432940473731,0.7028045678012058,0.8878965687420883,0.7027694841365728,0.6939660094653035,0.6491910852442944,0.7806392317485313,0.8066554961177257,0.7077465147415624,0.8595500861652033,0.8634354074141568,0.7350069681734708,0.8103653117050107,0.8543682321818484,0.8478770167876607,0.8221329193075363,0.771836253899407,0.9164242020684312,0.711670536098822,0.8227420329963341,0.9469281212759744,0.8738076221087209,0.9189309865032832,0.844680160948098,0.7936760370123614,0.8347720368976044,0.9327091665418955,0.8210543608771355,0.8314767852043887,0.8011609940441776,0.8713045004461584,0.9089165966513054,0.9140925911062481,0.7624951791714865,0.8600274749798313,0.9555685118763952,0.7514826571685717,0.879045892498048,0.7511878045193595,0.838824701654863,0.7872490470772842,0.7211547550570349,0.8167320435288837,0.8527351481846948,0.8429259880876323,0.6989304188717833,0.7342917033839965,0.7959889587538689,0.8041524660610506,0.8290732898655855,0.9090880296151154,0.7808331098804525,0.9275663449802757,0.7688074059112338,0.8079445864314027,0.8257745091357556,0.8598418059821479,0.7016232830908778,0.9191343918247832,0.844554826271978,0.7032043630783451,0.9158603928527037,0.7621515132729362,0.9255175080842265,0.8342119064129716,0.9391209554713554,0.7407923266691084,0.7894189386396224,0.8899856529830943,0.7447598116596877,0.840353274268038,0.7824466870663047,0.6921229521815533,0.8787438431761677,0.7509476641629863,0.7289782562021035,0.7513589617257912,0.8439323438973027,0.6884685644083426,0.8572743957311949,0.8805064625865516,0.7874219503784223,0.9113073216325251,0.8877459064600385,0.8878033322083815,0.799818546441615,0.9494570621418407,0.8378679165007041,0.8128942819438194,0.7087775153263949,0.8507218082193386,0.9545181462847204,0.7085354625294745,0.7201201006488557,0.8721990817858795,0.8017249518732696,0.7134167694109553,0.9265635533675816,0.8748194522552234,0.8771011951530073,0.8504576494119178,0.9095640811953241,0.9617030301390317,0.8170655999579767
0.7847002218229507,0.8321611091232988,0.7613815072093167,0.9615474143999979,0.847123177407951,0.875703350119113,0.0,0.8014402178974496,0.7087064920597862,0.8074265499476665,0.8331657651502933,0.875368917189704,0.7241571249486499,0.6504017499629035,0.9571067538496213,0.6722369817289582,0.7063806019220381,0.7146542859691554,0.8462259050142397,0.5819344526459197,0.8189913829924103,0.7873188569533952,0.7772507603070535,0.8037217630048786,0.8475535385243317,0.7798747886049435,0.6983813695283566,0.7191412964888293,0.8071403577962994,0.7144679617312795,0.8545550571114233,0.7161927501970541,0.9534179652228074,0.7129621810783875,0.8022441410060143,0.7662337327227646,0.851192801291262,0.6789997198333712,0.7677450598598483,0.8128639719509468,0.8954686704925727,0.8150120176422956,0.7274739849773999,0.9394900986238536,0.7127958435383485,0.6584194310792905,0.7545278052434355,0.83796251151898,0.8207852588120539,0.658247339669112,0.927354681359681,0.8524151358315958,0.6966688787617329,0.9446568460654273,0.8476136407226622,0.8072503286438945,0.6787310005970538,0.8622315041687663,0.7397132623835396,0.6291268922791439,0.7932020580136976,0.5804521139860203,0.842943714662131,0.5863550596121866,0.6966363328981875,0.5986011919916518,0.7493889375537445,0.8455642018786226,0.6595288363579433,0.847720272655792,0.8199882219541681,0.6284000951220834,0.7285725345026338,0.8346467476998054,0.7068247893083279,0.7177786126090538,0.717868478430917,0.8667430275162495,0.6727423795829339,0.7052208417424747,0.8568598036674997,0.9379630455047269,0.8649248738947877,0.7068401992455834,0.7156718689475181,0.7365959782003749,0.8222617357488058,0.7592163664603467,0.7206731048663771,0.6970377046051223,0.868037963967314,0.8683614829748757,0.8027879406127418,0.6602338425696245,0.8248246371046325,0.9304022721582056,0.6005689225441558,0.8249494549729044,0.6290039357917139,0.7781362939354303,0.6605221136184841,0.666491954757579,0.8857045463808464,0.8895398155694159,0.7228430581562874,0.6294040211403772,0.6387660642069022,0.7465171016487712,0.7679982561935271,0.7846583989844212,0.9376616869253281,0.7148853299740441,0.8519718207193506,0.6378105862187511,0.7340636326153276,0.7633637846711724,0.7776608178062174,0.6523731823733876,0.9009391186782264,0.7362146822193637,0.6200611633539473,0.8887286676313306,0.6711393706001513,0.9237822762292697,0.7044629790602039,0.8745360968091307,0.6282102561448427,0.6707270265656424,0.7814715878810813,0.6873200319065083,0.6821186018169415,0.6479159430281228,0.5756057667923166,0.7820183880456583,0.6881756843199632,0.6447679389661772,0.6590437208427518,0.8303690645086396,0.669770379190423,0.7929344511206382,0.9413662400967961,0.6253483661505403,0.8549790774499801,0.7606688802952598,0.7778930665916272,0.7989134140874883,0.8687733735563091,0.7735369346315376,0.7253147104137981,0.5626002468365021,0.8416870525465245,0.8910871714493958,0.6454088843489506,0.6834258489018892,0.8921036265393333,0.7901379427528769,0.691104819796178,0.9287825863540718,0.9318888105919572,0.7882196295663073,0.8576063794279105,0.8082009697502794,0.8532301447128554,0.8290388133325812
0.8857952137843907,0.9480454631853167,0.8652280616576709,0.8120491461838945,0.7850534097250907,0.9064193409434426,0.8014402178974496,0.0,0.790124789294257,0.8967331466746077,0.9122138236306606,0.9362759217395547,0.9134629523801152,0.7962542072350044,0.8078601911951736,0.8842338534018581,0.9062960363492333,0.8119573406822108,0.9128404004312778,0.813116502392631,0.8961342998457542,0.8076672792706863,0.8796107403266535,0.8243894950034539,0.9273135735198371,0.8300462749244849,0.8707656209691305,0.9056548247495216,0.9207225274068274,0.8388463214103126,0.9282773914909208,0.9207244014422328,0.836829138297986,0.8725198966303436,0.9373435592001723,0.9313443605296857,0.9236880860242738,0.9123137771324001,0.8546620917595149,0.8797095164384425,0.9284357767909289,0.8333933478422897,0.8357065644489295,0.876729340548238,0.9246364223015479,0.816818931007292,0.870549776318155,0.8984954711884304,0.9234511051799519,0.8639297068298826,0.8856617419958362,0.8741452867511783,0.8046386206543333,0.9016782294284217,0.9418185823313842,0.8742980247984106,0.8581261272861374,0.9314343452964768,0.8557407516311086,0.8245924176281367,0.9308207827143027,0.6932956734315563,0.9004773015907507,0.8165676935556145,0.7270168082971803,0.7448770984363798,0.8053639529512657,0.7366253797081296,0.8346326838871267,0.8963525039996815,0.8230698079673331,0.8258643701811869,0.8505483099214237,0.9162971967595963,0.9306334317025965,0.856518243242732,0.7958648908511704,0.8692421578490446,0.8259172230336582,0.7413845957979084,0.8833353351103559,0.7929515600503699,0.839231212193982,0.9398936051171438,0.87093512096663,0.9465104568733869,0.9329356889119472,0.8735129930023425,0.924868884190016,0.7806256099371437,0.8572896578367717,0.8302037966375727,0.9374334460499725,0.8264120451478308,0.8296885127487613,0.8731014443899675,0.7601123528177742,0.918727989374543,0.7496583085364946,0.8882324123706288,0.797747161828837,0.8073331596711708,0.8075951001953716,0.8598202027381092,0.897070947578775,0.8078558876715567,0.852425085772892,0.9200012929359803,0.891268322357471,0.8747930820114572,0.877354444875889,0.8629148299448433,0.8685481090323481,0.8395318985164948,0.8799742152884762,0.883746370613457,0.9313739376386222,0.797130956400065,0.9241026563844714,0.8235793010285158,0.7538327784373874,0.8541256633832017,0.8505687261136412,0.8578959998641446,0.7978668458568905,0.9247139300104653,0.743209676230844,0.8190300564488437,0.9735943082631742,0.8506439636018788,0.8921399090142261,0.8108145444967247,0.7373591815024394,0.8132113262340369,0.8483315502183478,0.7360337016484657,0.8653924699886416,0.907169187224371,0.8557991548908254,0.9414630374479989,0.8139116113829834,0.8092444363928516,0.8746659338821687,0.8751634588654373,0.93148810466633,0.8621520815133217,0.8779696779891644,0.8151763710015298,0.9378026823853787,0.7792049784060587,0.8814988410069442,0.8940452406991337,0.8287892131891682,0.8051757761370756,0.887014681581931,0.8491448967638322,0.781815650912908,0.8812384720486302,0.8149798625043987,0.8439990666749428,0.8857486070631624,0.8923470695221314,0.9642317146484645,0.8113819101629954
0.835021654435068,0.8054350051015923,0.7022227277228016,0.729974121125611,0.7533035736638368,0.8095622875350782,0.7087064920597862,0.790124789294257,0.0,0.6988066239896292,0.7972646395884152,0.717044441568415,0.787715292394067,0.8490975906505899,0.6790466672693847,0.7380681114078566,0.7706489107459453,0.7547496584860737,0.7146349780754342,0.6836792029518299,0.6928475254949191,0.7553012254658115,0.6940532659733204,0.6197623048896568,0.7106138513515635,0.6676239211565453,0.8350227894020409,0.773083895393084,0.7566223153370178,0.8505033165321244,0.7644592326915717,0.7820917322207771,0.7394381255136013,0.6627922651868657,0.8459670297669681,0.7822309569325647,0.7586067328240026,0.8317892356311685,0.683221617313683,0.716933760166453,0.7385256417335211,0.849234996090556,0.6306848488853959,0.7269122142849982,0.695572856142247,0.6322142242341239,0.7191983656383677,0.6947084572597805,0.727307808151629,0.7692098505988353,0.7641609755771562,0.7395265998061838,0.8649159873320819,0.739432126017791,0.7526011978965226,0.8443979789749272,0.7414553399496845,0.8102153462658088,0.7087024241568678,0.7500038995942147,0.7826516613615376,0.7219044423903329,0.7748305984125827,0.7306078747901541,0.6894284158220173,0.6063671604664408,0.727693931744951,0.6857214311538643,0.7584143224842509,0.8003446388344228,0.7766357803494486,0.7622262542761659,0.8724756758423945,0.7564281146535361,0.8692567822776479,0.7390678773370128,0.6943743387148864,0.7471268195710581,0.6291559395141092,0.7075207986194552,0.7370405011610421,0.805470519262727,0.7765813745122989,0.7922391748225472,0.7608659433034396,0.7833828975995664,0.8181537215247943,0.834426217742931,0.7691496490721256,0.7477947691062106,0.8410749993640558,0.7716172469950986,0.8141818370598923,0.7349760807356751,0.9175036501012426,0.7330099385488394,0.7039950502190402,0.7189188227223623,0.7999484085979471,0.7534787258689938,0.7427980990993233,0.5968384841119769,0.6756788153708095,0.661342330373081,0.8478392242742337,0.6458097397739416,0.6388831680681291,0.7223258441576311,0.6865494974940825,0.6501624698945926,0.7003895908284694,0.7690488855640355,0.8326810538134286,0.8894170136945523,0.7521739521482459,0.8172518601891737,0.7534323415661177,0.6310861825784271,0.7307913970726057,0.8812174755085236,0.7422528975019818,0.7971516743227901,0.7165730761684408,0.7266025584110787,0.9018537170000487,0.7062705122136048,0.7890146115945896,0.6988840821974023,0.7292304619009238,0.7074920334888611,0.9164184876860418,0.7670041337235317,0.7771286782875402,0.8919313497754067,0.6319247825520055,0.6852874771114684,0.6613758526272158,0.7451958637353031,0.6365950519923186,0.7197175249487878,0.715100384326339,0.7901412354593281,0.8791611704201162,0.8712499962962477,0.7298640680833302,0.7069562789873727,0.8216840342517437,0.6648984423464313,0.6883625696725354,0.7363601016536053,0.7415549223929777,0.8051080836159409,0.7679752688656526,0.6322649277302413,0.6739556034152999,0.6826618674673423,0.7025658146979882,0.7140770301415673,0.7709945838313501,0.8423943796231742,0.6763234932462039,0.8516262076022761,0.7927637593702851,0.8113886339909978
0.7505438667868882,0.9108183413697186,0.9393595681616845,0.7757955329666734,0.7726263406906035,0.8602249192943228,0.8074265499476665,0.8967331466746077,0.6988066239896292,0.0,0.8987330606085036,0.9069913152838345,0.8060233984732161,0.6787916111260254,0.8428729581086181,0.7990319294656699,0.7838774364897191,0.7385567414979071,0.8746257960382781,0.6914654632630766,0.8557885165435306,0.9007783261785655,0.7701447075916411,0.7958214834660018,0.908691319440698,0.6934970150234465,0.7560120423548587,0.7688421869867313,0.9425592531913931,0.7604200619123119,0.8467467520217558,0.8378705718704307,0.7923032755194702,0.7137139135317875,0.7765917060257969,0.8049815405305446,0.8462800500980342,0.7525839977834455,0.8703111530765754,0.7756586690122582,0.8279256295975412,0.8094289635502014,0.7839038383423088,0.8235829084051247,0.7806668763549073,0.6843349208003353,0.7452473526172072,0.8934232072087831,0.847960635352026,0.7282544353028416,0.815168455087658,0.7387919889713718,0.7124017997755168,0.90542222180222,0.9172346904200656,0.7533892887983756,0.7127115842139142,0.8610443990755022,0.8618752573849453,0.6737696460689464,0.9069642257105621,0.5876394120989186,0.7933928066975614,0.69088531977066,0.6870674573056593,0.6424830233387028,0.7216968629069616,0.7738869360064937,0.7854170559167395,0.8743134918451432,0.7377808628135843,0.6685555963917243,0.704646659211407,0.8580161374945372,0.8217875124063891,0.7093637482265656,0.7860114476530848,0.8183303636871261,0.6711531413624253,0.6428065783580066,0.8518426087941965,0.7414433211053985,0.8465169128182525,0.7690626528731406,0.6934521669749876,0.771621642598755,0.8361665405798191,0.7573069430700821,0.749418488379907,0.6675686836505463,0.7542662999529449,0.7447538887037098,0.8730941317124085,0.669243204001719,0.7328436717198414,0.8864021327775634,0.7026732473449072,0.7879399454113427,0.6140721048883299,0.7244114768610407,0.6955417658031297,0.8625076583959279,0.7284859014929219,0.868710259232824,0.7209282973577995,0.6678590626412391,0.7578513677802491,0.8105038552367619,0.7765518058659917,0.8738291915575335,0.8427537952684514,0.6872132946635898,0.764011972210991,0.7347411957173047,0.694105224881297,0.7178973388212254,0.7782857104701945,0.8697268581779127,0.8759094224608461,0.6772890625643334,0.6353088145315835,0.7466409443343772,0.6809609674466294,0.8050267055967463,0.6765969485853061,0.9224671029640364,0.6152331449697969,0.7240310786488892,0.8590252715550224,0.758162883371208,0.7696896294870065,0.7665184047868487,0.6097778192156214,0.6855606571496643,0.874911504153676,0.7136418302830032,0.7431273089020695,0.7626063039199478,0.7875776757073176,0.8835060753189667,0.8153597220989172,0.7188214280763944,0.7701402642692567,0.8356859577537076,0.8451412077962371,0.7261484082575907,0.8229338811707541,0.8557192117632303,0.9026822079150402,0.653332385021086,0.7519543299929662,0.8715571480509499,0.7746303633009161,0.822284326290649,0.8533254853294561,0.847897159187539,0.7588742813616146,0.8329969519622896,0.7543094830423742,0.709081364847514,0.8850006029092493,0.7402244232753233,0.8792903833396877,0.7246845643411862
0.8871759719640792,0.8919688981314251,0.9354586846516211,0.8119570706119233,0.9040240317780351,0.8820877632752013,0.8331657651502933,0.9122138236306606,0.7972646395884152,0.8987330606085036,0.0,0.9061100679856829,0.8911856364318649,0.7260094376523111,0.8407849037577824,0.8809377884924057,0.8988400223493699,0.8585385845100391,0.8986520290507727,0.7565295397179922,0.9296315531174656,0.928254138830524,0.8606747791769983,0.8608104503815257,0.9221801821064315,0.7946923816623735,0.8459438770483945,0.8773109109072819,0.8920424866491955,0.8962979830822508,0.8308750933835704,0.8573367017463824,0.8022811662121215,0.7615153086167741,0.8543316213471775,0.8152313587839253,0.9273951616030065,0.8441892306732658,0.8229964307663316,0.8743004262695592,0.8615167895414481,0.9395173554196057,0.8372461825281426,0.8633977574238606,0.8065815268483933,0.7374240975774776,0.8111942048829341,0.9260058976531296,0.9278164191984827,0.8005797930313024,0.887332670779756,0.8365462406571397,0.7466165868274246,0.8898872122657334,0.8873984353684753,0.8081312262203597,0.8281853211542841,0.9456130932857268,0.8586715210406102,0.7185122039114953,0.8845776237893588,0.6092417321781393,0.898335284245844,0.7215319822283717,0.7408292555367111,0.686800751784907,0.7581497375033736,0.8293403195668055,0.8664061510742964,0.9529031873384369,0.8350539181562878,0.7166810002347888,0.8192485501125725,0.9460453873197839,0.9002949466915856,0.7382814605943009,0.8375973975849862,0.8826329835814235,0.7299684475106506,0.7220256689842001,0.8823852666219428,0.8113709801663275,0.898286503862824,0.832790685092599,0.7970889080672814,0.8596760359821353,0.9028741610603642,0.8034127073572015,0.7875279807013019,0.7033317245420249,0.8930123109716378,0.7476269895137977,0.9079410441975301,0.7399535971935497,0.8386959846047221,0.8543551815210411,0.6581869417226558,0.8168261945149674,0.6601302134648588,0.7686473533509545,0.6984042877106896,0.8029717475240874,0.7627807342440361,0.8345037492092038,0.7897488248187214,0.7421804432838262,0.7663840121471552,0.8951430905328192,0.8139573152907127,0.8934945602287931,0.8791783672175382,0.7958758278619563,0.8332663165752812,0.8116025719659803,0.7741868165404051,0.8575277558174674,0.8344146563701297,0.8402797830456382,0.9175240267324615,0.7465925145980417,0.7478647298805176,0.7890873068880265,0.7744972121420715,0.8625011105007186,0.7535226787590921,0.8759889265759359,0.6624962552968641,0.7380981532254989,0.8642489481095749,0.7912417034252817,0.8437091198827653,0.8538454651066476,0.6792284527831121,0.7687066519864572,0.8446421717454918,0.7360698301816179,0.8006327335359806,0.8367705488351478,0.8250463543077061,0.9022196139586172,0.7981765760981903,0.7460083176534715,0.8237442261935379,0.8395429775369252,0.8817355092232984,0.8030464513694096,0.8953466336613373,0.803849164962866,0.887421078097332,0.6888143800518692,0.8300622767383227,0.8584679382216296,0.8749582698399108,0.8019632336263185,0.8704831310891803,0.8733772486444886,0.8651783029238743,0.8923510688606666,0.7951184855565272,0.8123155528536408,0.8528274143101857,0.8207085786952018,0.8774395479620852,0.901177414090913
0.8253169585442625,0.9135040680394416,0.8660597827580546,0.8631446881098471,0.8323472230960565,0.9284014552211951,0.875368917189704,0.9362759217395547,0.717044441568415,0.9069913152838345,0.9061100679856829,0.0,0.8145717801741735,0.6877156435800639,0.8705488603385179,0.8168421049466461,0.8282119420944792,0.7412660265467603,0.9554134471093733,0.7119766985053827,0.9270224203605937,0.8066573846834646,0.8533924343567867,0.8551217804027545,0.9543814264524544,0.8225873114723312,0.7546436011317886,0.8193251760165614,0.9111089659246902,0.8007808666440271,0.9364297750844259,0.8519738558218659,0.8788523607049289,0.8385838830924869,0.8715434787193563,0.8786123211095821,0.9140224144330451,0.8006072648611022,0.8832100619641954,0.8301782252832187,0.943372324503071,0.8314816519202595,0.8403396475054935,0.9487335800599671,0.8450873444959485,0.7475997972352555,0.8440866226769621,0.9434236795363774,0.9009457090989591,0.7660538654654826,0.9114826507884807,0.8835721587223088,0.711678584994345,0.9541594883153005,0.947377507696678,0.8411474948322666,0.7794777800694065,0.9530810888178018,0.7848628627832681,0.7175734580385772,0.8708011507412436,0.6271521781761432,0.8952794526402521,0.7081363309609207,0.6894719242751072,0.6754740080274831,0.7370220592861463,0.7687043728194103,0.7440777108526195,0.8843225287889752,0.8040519219470388,0.7116177427757221,0.7661506099775195,0.8814582192048871,0.8239757973294775,0.7826933176733974,0.7658154733631743,0.897987280806872,0.7797929075032978,0.7374184050406895,0.910589294238273,0.8231492745405872,0.864967409078213,0.8323250859572803,0.8092236222407085,0.8571996429967204,0.9104611199321735,0.7864251750813545,0.824033074652335,0.7288426519956074,0.8534613842630083,0.8496895210907263,0.8998795348362196,0.7370238402442392,0.7713491402726415,0.940813877406146,0.6891806098017876,0.9244269116683946,0.6789989741635623,0.8175302296387705,0.7270134917317967,0.8025623340496313,0.8599599620542314,0.9379363047088536,0.802813949429059,0.740360190459274,0.7852689581972891,0.8773643433272639,0.8370576608258592,0.899865780919158,0.9592502240162202,0.8009821260771435,0.8390933167633619,0.7288819840435036,0.8038461111893459,0.812354507201646,0.8856937386896016,0.7844243229849328,0.9652521556258686,0.7564143161681423,0.6851797136523211,0.8627480759141752,0.7846361709461658,0.9043426827632893,0.7296936138356185,0.9648184606745938,0.6645315645457557,0.7693027385008686,0.9394073103593541,0.7534125592662609,0.7861909367440975,0.757386551271909,0.6319040929103267,0.7788108198247551,0.8330652876868074,0.6904847947972487,0.8116685942519346,0.8660215769923439,0.7900289042037928,0.9374104403346141,0.8618330179572312,0.728950585296388,0.8286445751408326,0.8272643927990484,0.9124440933198036,0.854196385152556,0.9015817751623344,0.8158865268799036,0.9068399917700496,0.68638828990488,0.8836588038664186,0.905445211464648,0.7472141871084949,0.7668142668815896,0.9602886270063711,0.8317746773699217,0.7248698449362007,0.9423029896080362,0.8291653726323119,0.7973041538672428,0.8745673716511663,0.8519872022045956,0.9513418585855345,0.8093629375959617
