0,1,2,3,4,5,6,7,8,9,10,11,12,13,14,15,16,17,18,19,20,21,22,23,24,25,26,27,28,29,30,31,32,33,34,35,36,37,38,39,40,41,42,43,44,45,46,47,48,49,50,51,52,53,54,55,56,57,58,59,60,61,62,63,64,65,66,67,68,69,70,71,72,73,74,75,76,77,78,79,80,81,82,83,84,85,86,87,88,89,90,91,92,93,94,95,96,97,98,99,100,101,102,103,104,105,106,107,108,109,110,111,112,113,114,115,116,117,118,119,120,121,122,123,124,125,126,127,128,129,130,131,132,133,134,135,136,137,138,139,140,141,142,143,144,145,146,147,148,149,150,151,152,153,154,155,156,157,158,159,160,161,162,163
0.0,0.29797584433218827,0.25909755357548325,0.2613332983982413,0.2504654835912531,0.29472463484156963,0.2541000801471801,0.27680161713227563,0.3534449890106786,0.2932614924638145,0.328186330274988,0.2660214031641109,0.37919150052647654,0.25478656518179316,0.29354633570327326,0.31529789339112063,0.329355840424847,0.3739384903867888,0.2676218264544602,0.4706100483818658,0.3011557110681742,0.2930478372946803,0.2395801918689585,0.274848733665444,0.3762402157787504,0.2499300516612066,0.20958678373711848,0.3073862787087373,0.2417399405264192,0.25533852106350896,0.3309777687768487,0.3273586533261214,0.26182184798184693,0.27409261849803995,0.3565345969101852,0.24860229204177653,0.36433981683678957,0.29656142046151657,0.2487210041518971,0.30246353462793524,0.2490120446693881,0.2943317218964267,0.32644679635051455,0.3797453536997095,0.2994969267436933,0.3532631439090499,0.24414247776361203,0.32704266159712236,0.31787602609563326,0.32658448157292735,0.36424611879463303,0.31899076147728567,0.2563823435269141,0.2842100830322537,0.28848970698554155,0.31125106039276934,0.4258003478388035,0.26607587520859594,0.308335571753481,0.2816295954893213,0.29908376800117026,0.22039102795209461,0.3162953286382276,0.22043413985151555,0.30075182045434495,0.3588363249444124,0.3308414396713731,0.32660707470338063,0.2672919651255385,0.3020213249427817,0.4513221846883552,0.290829699943157,0.32115889527998176,0.3186864734161026,0.3182952849133186,0.3198515055046823,0.2576864816619434,0.24383523873611376,0.31288813214271577,0.2503559019249449,0.31803442413615035,0.3202960803716406,0.3417957412065996,0.2846787066800574,0.31692974203691454,0.32510250755280573,0.2982873209511269,0.3292856188138987,0.3019896328797117,0.3082383754608827,0.32894963218226964,0.27945791388657953,0.32491858866616957,0.35257182354235655,0.34753104979177774,0.3019939127288741,0.22733541879724856,0.27020109457139385,0.2087235328790409,0.31146593718501847,0.2845815488974415,0.2628723905650724,0.2585254581496659,0.2447040501010447,0.33115699483857486,0.316571877017837,0.2979481230983691,0.32324583250509464,0.29254221275798625,0.3019522427409171,0.3024104751293661,0.3150629852671445,0.34572108867092544,0.2571600146427081,0.3106748754291699,0.2961825825197592,0.3314668658907426,0.2846423797619811,0.2874917187336866,0.22495657728326524,0.2879017500469374,0.2280866038015846,0.30462255733343435,0.40207368575099806,0.29272701639077053,0.29049316435334666,0.2191420972009836,0.22888113342970795,0.26648770015791506,0.3097361254211273,0.2594898393022197,0.2761689988483674,0.25814855919900803,0.28910737675105946,0.2976638837748834,0.3425641472117069,0.35981770422735576,0.2820156237180561,0.2867166866391713,0.3226652364889756,0.28424602789896664,0.26826898770376173,0.3254189200247439,0.2662781914879178,0.3310505181455065,0.29213736370275767,0.2935062817070301,0.2654442977371996,0.35138236720870675,0.16621320781282453,0.4063386599476653,0.3081411103501602,0.2781904815730507,0.22888688282199696,0.30783068300239214,0.37147040631411815,0.2537118628484103,0.323592813692792,0.3106804493126988,0.3093060498164908,0.24007156601974453,0.3549331292149572,0.2262818569205484,0.3923952582587172
0.29797584433218827,0.0,0.30169498833148495,0.2874130399664462,0.22222184615580082,0.334804206932709,0.2489724087237075,0.31966925771618115,0.2741910012211122,0.3282321539620839,0.29301691964267285,0.2962738457670429,0.31053052242872287,0.3169055215921677,0.2738803994039989,0.3080771320671783,0.35769059346798293,0.28179556065144123,0.2718694628000248,0.35244734423422375,0.30298213778813504,0.3443634215176565,0.24281624518561654,0.28924639751358555,0.2995174693597585,0.25591340220443665,0.21977725341526144,0.3393674603305465,0.35321593842458493,0.2170417727545069,0.31029640134530434,0.3005367723440634,0.34852857525069714,0.2775678071094203,0.33628508366933113,0.28010142835386587,0.2576475088111183,0.3149418285479164,0.27886333949111974,0.3082463307800065,0.35799773629840337,0.28160585257375337,0.22656418587704355,0.3003126949977181,0.38762614798401274,0.28927818506292635,0.24775486165074886,0.24762933933864023,0.27925094529924666,0.30528867815015925,0.29572865884777016,0.33127284721516975,0.3065733779147079,0.3630425397861474,0.31693124181969595,0.3113768106803898,0.3265191881411694,0.26239110282330547,0.3103097254191195,0.32245773572076075,0.3218847645581708,0.19749806682683996,0.2700607628801942,0.23226921814287718,0.24722387277617977,0.28807209081979346,0.29053908924389926,0.23686032474240754,0.24567832095625203,0.2750293077547592,0.29126681712759955,0.3110685219217092,0.270666796230667,0.3214239862599015,0.36659060328088655,0.2609558480492881,0.24006995771222425,0.28740154346233465,0.28810257876063866,0.23064187988950377,0.2623771034249832,0.26503064204390975,0.34028853665857184,0.28632375059524706,0.29232587378669167,0.40501412854354674,0.229748063372659,0.23343398543351876,0.2694429615201392,0.32967453343596703,0.2523347521319124,0.2804799798499454,0.31510666356844086,0.32059321695158843,0.32028101083576976,0.3099216341202351,0.2605650054708895,0.31043301728169126,0.2003709291237462,0.3516214442277448,0.27877839231719614,0.21484985310994278,0.2078493550208629,0.2519297887760384,0.2870232749839086,0.2967601398335792,0.28261362117800226,0.35321951390996653,0.3093153362126011,0.3212510859170663,0.2797470324963144,0.257997204426681,0.2761013473570635,0.24335864397117996,0.340683280146767,0.43810025555497073,0.3108370300518027,0.21711750184857376,0.3118578344342342,0.2309346336669428,0.3007252746488681,0.22375189805931053,0.3011096313342726,0.33995194843470494,0.2614091905735997,0.38048360092566247,0.24115496459082605,0.2698911022811078,0.3844648558628758,0.2756027602095767,0.300678403921146,0.2801634413157453,0.23680429165508954,0.3252298003129801,0.27894566124905823,0.2590934072051845,0.2936828679804104,0.3104420806298384,0.28848842533997293,0.2455066126043181,0.2726365794671535,0.28511338878914566,0.35590736824980107,0.26684583718489613,0.3145382506338079,0.24177457397894062,0.28863662991663125,0.26791329313980117,0.3514687484600542,0.19248509207902054,0.2755488850815371,0.29180196926112273,0.2608135853509107,0.2617098588344714,0.287049239799715,0.28344978165345164,0.24585796908382254,0.3160480558621301,0.27763423373300483,0.2585366161924219,0.2587778905627833,0.32533969610346125,0.21536146559402378,0.2877994693902386
0.25909755357548325,0.30169498833148495,0.0,0.29704753510379733,0.2540121473503894,0.2732976244509872,0.24237495169011786,0.3021200569627831,0.259268275735048,0.34846422503197017,0.3018173594061589,0.27025080907016685,0.2876963253277069,0.2279074072643012,0.2760430683425838,0.3334495824584692,0.3541935708950837,0.28903068282848143,0.2442237351677444,0.2524533494100726,0.3661331418848298,0.40615580681222285,0.225114392194356,0.27015669781082363,0.27961058093127406,0.28805742873336204,0.20316771972399278,0.29202447718973307,0.23055108714408287,0.22050038784794032,0.23840449403526381,0.26502790153329053,0.26085648591762045,0.23275503731678684,0.22545610211425574,0.24625433472748579,0.25352773084485014,0.26631940428424133,0.24872191438196595,0.29034601277947175,0.2676168958900039,0.3106861152556698,0.2636303648135004,0.2616048854868757,0.30348943234699466,0.2843793617993056,0.22911753132950793,0.26292267081121823,0.27009125728754335,0.26539483720908763,0.3131007962758979,0.3240605652681134,0.20947442507212272,0.3395436607444554,0.27343836003550376,0.24372085038449243,0.2799015104827151,0.27085656147658527,0.2839656641067998,0.24363497578452284,0.2715554907172981,0.19683006169149908,0.31886974766522425,0.2046294372015508,0.24482144055626773,0.2858867757234872,0.26792665208446514,0.29452612406458906,0.29919579429152776,0.28362237354830744,0.32670869777894057,0.21871751083224422,0.2495480083478423,0.4298232802496685,0.31585063717413264,0.18562796362519027,0.2995717043665347,0.2552487409379927,0.2543677060092028,0.18628297212857922,0.2699484303339114,0.3061511295363174,0.3156080580755045,0.24779382184770515,0.26340287414230074,0.3370045909631506,0.21341050901421,0.21684136150706443,0.23041321587561514,0.2470602947056674,0.2706504340587685,0.2137517092455576,0.2525927215724834,0.21396033535435846,0.3059660372374429,0.2629099672501222,0.2229244143227843,0.2639930695027097,0.17616642684566533,0.2799276784537671,0.197895762102488,0.2581078038602809,0.2201888522927079,0.26667582671231205,0.24726125321163064,0.32338807364323036,0.2870991096792856,0.2868428202165616,0.2571465164417192,0.30073327394139854,0.27089356186318825,0.23611881209013758,0.256153661569532,0.22592052545779226,0.2489407748888505,0.32400635208530015,0.22358592709588573,0.2578544575997242,0.32264999972835123,0.21527062431908797,0.25566561919694536,0.21943180059312395,0.22091645084170658,0.3072033186501194,0.189710555511561,0.2872183429483463,0.22635790296682134,0.24283740793762473,0.3100800187013332,0.2628196408522051,0.24797603252869987,0.3869414658896615,0.1922334126926206,0.22722143653255175,0.2736774174247281,0.2271871201701317,0.21645731293797926,0.23642302227021855,0.29168832892776064,0.24421184838158316,0.23754908752826884,0.23031483713335665,0.2752559014352832,0.2688977806283141,0.25314445972889554,0.21872911676805698,0.3252856144435725,0.2714003136997157,0.3134764137379869,0.17491266921410645,0.23560902939487163,0.21312372303031465,0.25530973578493266,0.28877464887401233,0.31043454214486926,0.27427647909331665,0.24532861899599415,0.33680604152531507,0.19812684913554174,0.24175890775408915,0.2819753695096843,0.19821729454243528,0.23314394474608474,0.27742885325369887
0.2613332983982413,0.2874130399664462,0.29704753510379733,0.0,0.24273800390019132,0.23549574206607005,0.31225261289010564,0.29517548946886724,0.24983259952136738,0.28326171214486306,0.3014758529266636,0.30966504996845273,0.2701016657287373,0.23009071200036169,0.3331123117583145,0.2724962472997282,0.32002732035308773,0.28928066001886416,0.27107023531966784,0.2577396388588909,0.32520169564764245,0.3031827173152609,0.29528669729725165,0.28114474586706506,0.2854700446546111,0.2847628701417921,0.2772028720560729,0.3035757439908638,0.23070646999848687,0.2154324501214513,0.2617351135193078,0.23961409419223476,0.3653006330580793,0.2800869410491171,0.24201795573049412,0.2592939331791664,0.26114965301972,0.26532827956381216,0.2894168426308537,0.3463387204379634,0.28595307285421134,0.2786154679016587,0.2462603074676193,0.26697074609797794,0.3136889038857492,0.323751438905751,0.19031023921160287,0.23894862143911516,0.2868048354399983,0.26341007568225266,0.34973751421421057,0.28908812458941563,0.24236959249931606,0.36760709595748664,0.2941640587194988,0.2259920521373875,0.31898494889943896,0.29705045531327023,0.28629116103827057,0.28174453493014223,0.28441141063588793,0.19040039153825408,0.28135152848466566,0.20320147304433955,0.2555258173144444,0.2938102957547812,0.33640963347358993,0.22021673629453062,0.26590691971344776,0.27056846877616997,0.26306554451894437,0.22996131312744683,0.2572046681735129,0.42383603657643437,0.2925465646654654,0.19747213705289413,0.31931063866226067,0.28712617153633146,0.27141552563444316,0.1740804957293297,0.21671361357701407,0.3358249351148138,0.26582159970464414,0.21984384297897,0.31904614772982365,0.28690903925759537,0.24420332319919547,0.2517227858313042,0.25920234823162014,0.2604846445979686,0.29633128719359364,0.2594348736963849,0.25160327678262095,0.23528222561083567,0.3249913973568332,0.24878717397847355,0.21105000080719372,0.2683246273544222,0.1865810411559633,0.30564591516796935,0.22132275941573953,0.2760445444314948,0.28640657184337404,0.25165019198419486,0.2595314263404246,0.2861151461958923,0.3031570106181873,0.29154217664931453,0.29249157728337283,0.2751572071789847,0.31938925319707445,0.2692221049623099,0.25632375561710236,0.2748550737214864,0.2694464195857051,0.3101495994975764,0.24655831576288925,0.22665589984726497,0.2842444590477182,0.22768633801279822,0.26052405833483927,0.24662719101844127,0.22628599952150896,0.2962581418316611,0.19112728157664172,0.26788283027000154,0.23243496635286623,0.26924298874579045,0.27931269019349486,0.28140301140825724,0.22157444041694035,0.27745416596223793,0.22214110468098078,0.2532814624356357,0.2698934336163592,0.20211923992961334,0.19812294080392873,0.2844786425095424,0.3370091829728272,0.27791355063623163,0.2779409390380824,0.21797839295370758,0.3475259011774789,0.27475746129682893,0.2538200313448274,0.25785563545855544,0.2871514416048639,0.26304924108701444,0.2548966972681891,0.16758226978063537,0.2912719981855693,0.2484669329198075,0.3164336028631083,0.2657452959123551,0.33029407128364524,0.2761439046266034,0.2529563103354378,0.30806852023718817,0.27475847020344646,0.2398769805071005,0.23765110621838473,0.21413924367749793,0.24447988490182274,0.2852859762941703
0.2504654835912531,0.22222184615580082,0.2540121473503894,0.24273800390019132,0.0,0.186675283898792,0.31561932920873137,0.22307040089104097,0.24704127444962196,0.2572274674943463,0.26063177871983356,0.24875077480144872,0.2104685045419625,0.20985067642035332,0.27847123476781327,0.2563339922236778,0.26550749880805724,0.28118305730089865,0.21077316763286222,0.22259226246138442,0.2896665190219372,0.26272286680910106,0.31108403969615683,0.24489150732364426,0.26022845901448266,0.2533117227563695,0.22789475023349348,0.20972267872883002,0.2003450529862711,0.2583477100217678,0.252773045832667,0.20707107966429014,0.22071710395298283,0.22051171687396925,0.2783929561508864,0.26712817969073016,0.24310210858982248,0.25299219962161124,0.261866600251679,0.24856857930062126,0.25532304436510544,0.29056336774468844,0.28740698570591133,0.29973890173671963,0.2269404115582069,0.24724799973137615,0.25504411786811465,0.27399236226517426,0.3003586793518553,0.2719866788728499,0.2809338985580791,0.23237695575686274,0.21773313280130893,0.2366042077727786,0.25050779106788096,0.21816016466592802,0.2387501672131502,0.2809054218367014,0.26003964441122823,0.22548018219552335,0.1811425179031872,0.19174169383602907,0.22695854924862086,0.24452609049865848,0.24827376165204043,0.20690304313478514,0.22464390300616147,0.24352194113297057,0.252543129759087,0.24765341764825366,0.2570088243743482,0.24342218591508039,0.21027302286503735,0.2571097399078515,0.2102234342777217,0.18626299272259597,0.24126810129963833,0.32743353862429087,0.2387663848128905,0.17978433152071605,0.21934389807173146,0.2729313460806389,0.2908067815105758,0.1846629986028842,0.25899328024188323,0.23604418659412021,0.2093138380757666,0.24209298553421701,0.20770745198595375,0.22603174309507995,0.3882993778971863,0.27449794616786144,0.3049237176161435,0.18630182281197846,0.2888475183821575,0.23709471825757858,0.16764532902512072,0.23144925735726826,0.21530732737930205,0.20670438407835123,0.2072348358009603,0.23272714522037027,0.28365676488638586,0.2557339909568725,0.23087299041057166,0.2610815430341796,0.227773698550654,0.2863273751920248,0.27938702134241294,0.2490972177019295,0.25811683611798975,0.31267182686564615,0.201988440324765,0.2513543259706583,0.22232040081263277,0.2308395080124668,0.20943458604305848,0.2625295964156169,0.2297380902590996,0.21564862784164743,0.34234707248177215,0.22402782185114223,0.20293437679220752,0.28277612645385414,0.21520963456540362,0.21601965918859095,0.20469458962168452,0.23591622472547108,0.23003150883871257,0.2432450682304215,0.2184085201918985,0.22138777843051935,0.1776343310473414,0.2255258863496931,0.23592455877801652,0.24423207837812325,0.22050858963283787,0.2881841896073489,0.27271437491686945,0.3021022317048894,0.20336312511501914,0.22879265961751205,0.272850433060158,0.2700604621978539,0.2801636068020689,0.26589906628301474,0.28078195749113605,0.2494343474609041,0.25615832056492516,0.17384239758997672,0.23404944803292735,0.23069978947340625,0.2771235493541273,0.28462562482375103,0.2996034242240641,0.25985953461045186,0.18296597014196356,0.2868373681959675,0.21500969460135066,0.21483935666895307,0.2156404530215409,0.2112193412564712,0.2588250665944787,0.31340257454920645
0.29472463484156963,0.334804206932709,0.2732976244509872,0.23549574206607005,0.186675283898792,0.0,0.1866371985242733,0.28574879323127195,0.26687939920424575,0.2397183985650324,0.2747598113575738,0.28592045850778974,0.3319611350319002,0.21273726841194426,0.223376169111055,0.3117602285514625,0.3104763156522959,0.20977048174674198,0.25680932297367953,0.32756292919330954,0.28937006519151925,0.2593914274260564,0.17191234925337726,0.22101745803650935,0.27410259225065975,0.2245508586891969,0.18125750501288643,0.26923269389521254,0.2357405308598953,0.22076785933224824,0.276017367001607,0.345081370175992,0.2770445029861496,0.24994921334183917,0.26063005663070055,0.2314008980286592,0.2612046217786526,0.2620213502314694,0.23634004431996858,0.2147285923615914,0.2540694821418237,0.27394253799287893,0.23234132046376924,0.30119864918226025,0.2697748534898701,0.24122799240706755,0.2223533418664044,0.2624126628819932,0.19898214906316417,0.2794082614397206,0.2693997947012346,0.3337527111800451,0.22597156683713757,0.2775153127452902,0.25010167019524243,0.31915550340689336,0.2850200104803835,0.3018179673689917,0.20913825797633126,0.23844174925724954,0.33681134042240474,0.22162503148085078,0.30914859411558143,0.1860679016817019,0.22535001440346225,0.2817092872238559,0.2559175185729083,0.2487740380266413,0.20733147518417291,0.24295947517281324,0.2834487278179675,0.21643225324054435,0.29699401078970683,0.27231968520779365,0.37873479770828056,0.23568543056958136,0.2265411936169988,0.21529368293546133,0.24896911250246517,0.286377686564503,0.3163633004544561,0.24977546700441386,0.26782597897693194,0.3000490320643537,0.2824519373803134,0.2894202400637953,0.2821722110660693,0.21582645738085726,0.2664911623066929,0.2797420706278363,0.23696054707372766,0.25822601572755854,0.25427566476224833,0.27546075742359266,0.2396311305806121,0.2850816962935473,0.26990602776762646,0.30047553029580837,0.18114272641843226,0.2787147378211292,0.2228270577497601,0.21630254821367434,0.20872829850798383,0.21085796524880474,0.2901708629411991,0.30747769553915383,0.3077231282414079,0.2783472128806018,0.22377901333409564,0.28806576070456724,0.2593420005309655,0.22821487176110705,0.3473260306469629,0.2417131492473279,0.26118657170149023,0.31692423395096914,0.29012871735603346,0.1945758811122158,0.33496931274343666,0.2125182045846225,0.23663237513450375,0.22479462254132207,0.31927991867451483,0.27932200615263625,0.2653991115432204,0.2878790471739767,0.24328666993333797,0.22119417033654554,0.2949351643704317,0.21115752756841932,0.2945593704877559,0.3647676049457898,0.24041651203667508,0.2784944898032735,0.2772716996323369,0.23365838524251611,0.2749421869557999,0.2134910738555223,0.20817480101660185,0.22146154843096252,0.23746293338495775,0.27122345420074173,0.2522413546414894,0.2495696585911297,0.27353567982348026,0.22115772394226446,0.2815992260703676,0.23959111006018935,0.2765783344236342,0.19020454909601353,0.26491211143871707,0.23470901270452335,0.20506854655992032,0.20213358023637823,0.27842214378070906,0.2599923244444054,0.22639441614878478,0.30641889999332894,0.21884275508120746,0.25984477627821134,0.20431356535748985,0.3005459269800331,0.20287455691865924,0.25489730391047744
0.2541000801471801,0.2489724087237075,0.24237495169011786,0.31225261289010564,0.31561932920873137,0.1866371985242733,0.0,0.21904787586642416,0.22802499747565436,0.28151432840853496,0.28947901394449305,0.28765311341027555,0.246063542159767,0.23989827696138477,0.31171162846085176,0.24663130227276525,0.26573896359950516,0.300331092501541,0.25821833722468585,0.21794787742006622,0.2702663731139438,0.2694993617016974,0.4252144773728167,0.28628711525003825,0.2871604953782337,0.2713089662959613,0.252446433574276,0.2564399692709693,0.24717235887928646,0.25567182936924954,0.2477725503326355,0.24684333941661846,0.2630743766904358,0.2706317705853724,0.24624700221206744,0.23592858088130877,0.2668932110297927,0.2405451630590518,0.25853053424615485,0.33110417683579324,0.27033918027355475,0.2743724081909054,0.27863304576136105,0.2785554671574045,0.2643362318726151,0.27216268290165097,0.23935515827096854,0.24275483885940555,0.4512736746844588,0.23541059144895268,0.3138011596763809,0.2284405601478578,0.20995408288726897,0.2733530185909284,0.3179319524257619,0.22509196114008734,0.25951265351369085,0.25383892301240835,0.3339530622003611,0.23681749918907152,0.19298900402624655,0.1801867980092929,0.21647226878257725,0.2414063046645056,0.23014332966885082,0.2105190079983399,0.27016958692174603,0.24542303840247143,0.2694066449716013,0.23803684841524328,0.25260467524581914,0.23932440569868152,0.21670006960728608,0.30918332110713437,0.20024319061453721,0.2194674344550479,0.32606325419075943,0.32137200783417585,0.2369158638280749,0.18596974920430887,0.21691034776831988,0.2612459602426819,0.27741450350006064,0.18413167433134353,0.2530191224111732,0.23958478892780694,0.20631696453013124,0.26397463907458063,0.233165799333849,0.22492668738758165,0.3206309136156093,0.2803228571617962,0.29527575917436066,0.21739758077485308,0.284876207324748,0.2502928374575061,0.16710513469439467,0.24938801977100697,0.2082075023845647,0.2537510893797707,0.22508562225202042,0.26078875558959547,0.2857078564917939,0.2556063840002586,0.22125647753577454,0.2544107837843239,0.2200761514854182,0.28333602603913516,0.3111677332480183,0.2642001246092935,0.32604878720018954,0.26993898815005507,0.21050815842053622,0.23114481172442813,0.23530573642426098,0.25641686334069486,0.23411585088181022,0.3022401828555167,0.24946585067913038,0.2054819106107574,0.2792611733738908,0.20494693573419415,0.2060353809928767,0.31348471217487345,0.19985971995495128,0.2691357368544864,0.19691634147067588,0.2638494703100004,0.2343410380835016,0.26604176496819015,0.20933175964468642,0.20466285007665974,0.19463554982724204,0.20749950875267092,0.21749107710515478,0.22481969810751734,0.2260077181028958,0.2967481561599712,0.31002694837207223,0.2850363996058982,0.23817585060588475,0.2219365992665258,0.2806246387481028,0.23572286294166894,0.2665633060419042,0.29053144163812217,0.2473134910532344,0.2657338004153149,0.24983071606802063,0.16500864200099497,0.24737066617513503,0.2569846727018505,0.2755407470026295,0.3124376199975165,0.3140403189499025,0.26247760045203933,0.23838298702212804,0.29118177144243307,0.26807140487146564,0.2701436000548789,0.24328404560820624,0.22161917020717525,0.24606025369501297,0.2895751173951965
0.27680161713227563,0.31966925771618115,0.3021200569627831,0.29517548946886724,0.22307040089104097,0.28574879323127195,0.21904787586642416,0.0,0.3308557237954827,0.2960312488028135,0.2645202692136512,0.2972819385663754,0.3002263353098509,0.2408894017060301,0.2694429369232595,0.34403240599883433,0.36881745523284754,0.2694655533938911,0.25886240630071305,0.3036953247994442,0.3109926059038634,0.26359865398462695,0.2228034717627357,0.2140017928154119,0.28165618751929106,0.263472774785245,0.23687608975363006,0.3160843548894885,0.2246708492680851,0.24263451763858368,0.35510553944251105,0.2903939456842381,0.31609673511554165,0.27112681508191977,0.27167680557808593,0.2888450769017155,0.27044416240852154,0.35579992425604484,0.30521839442194787,0.27285671990404686,0.2851831610762309,0.26728599033235345,0.27658053067454047,0.27838899871293266,0.37678768692877684,0.3162815344656578,0.22522037635649808,0.24455576439152352,0.254433425493767,0.2956942266409092,0.3142817912539036,0.2950506513549216,0.25655285786965465,0.3024132398916489,0.2991348788597749,0.2708048990826624,0.30952147276278297,0.3620078413670382,0.28261134203535165,0.2652950486548659,0.3770664452302027,0.21616002266025497,0.3181584791332068,0.226922600323859,0.24022478024736957,0.2762692643302889,0.29163554371699685,0.24206482704359,0.2910542221820186,0.3934006791449809,0.30496872263124297,0.26264849898117054,0.2684051013624098,0.3395022955405825,0.40621250923960994,0.22241194403226575,0.3093361410250056,0.255443400456602,0.38999091714425593,0.20067238823157216,0.25786632490751915,0.29441729619613677,0.3160303878989094,0.30124500033900026,0.3501382348500209,0.40138959496390525,0.31949243934704186,0.2745189094205074,0.31605726647011223,0.2979632249789309,0.2824911373467133,0.27315142089446737,0.28777371780515676,0.24311023387540254,0.34990872070907975,0.29103065981087284,0.28079531769717414,0.3024277659127829,0.19558008842744187,0.32006689124903764,0.23202791690104851,0.3272537489827031,0.24634528172132844,0.2728678691941628,0.3280315299137998,0.3619148851579405,0.3362008477595135,0.3350405892884829,0.27567767262833376,0.2449691135408951,0.24023218031739618,0.28114799555580655,0.30357615239064084,0.3174045220193792,0.30193592453798046,0.32645888853202076,0.2958464379459376,0.22749392753312597,0.2680853147655824,0.24839272816626434,0.2780680964320143,0.3614265494791081,0.24183128728925993,0.3141397182851554,0.22670497076794335,0.2931645942465742,0.24274216748776734,0.29071019646073953,0.3319006870596535,0.27572800387869034,0.3242935857566739,0.3321950457036608,0.2627419679440856,0.26095746957396676,0.266254914012326,0.2264440866994279,0.24959100488770908,0.2622257004039802,0.2835182561686831,0.294423754597926,0.25588352035641676,0.24757919508703582,0.33792382433269585,0.29656851887885394,0.2981416562221799,0.26887599047306754,0.33256627155223145,0.28570561320416543,0.33044750802603357,0.19316372888104033,0.30989619393247797,0.2892136803821925,0.25663843369451617,0.24928432137886594,0.35708879908203334,0.3135512409207158,0.21335214426172033,0.3225796876735231,0.2247567253357082,0.26211698000287675,0.24067749481839376,0.2602013823668319,0.2531442145612988,0.263613812051358
0.3534449890106786,0.2741910012211122,0.259268275735048,0.24983259952136738,0.24704127444962196,0.26687939920424575,0.22802499747565436,0.3308557237954827,0.0,0.25676341429942084,0.25172536007262175,0.2874389903834223,0.25656537853108746,0.26560197268062136,0.2541128630401069,0.3089570903505871,0.2919743703102034,0.29997874098997396,0.26500886553913217,0.3448952189199252,0.3003314348770468,0.29225685584737165,0.21863761426973438,0.2226144496099071,0.3017849534515983,0.26529090040465575,0.22908626317677175,0.27515000431660946,0.2197393051076775,0.3048011511253203,0.4069193193221393,0.3078951502910494,0.2631367432347399,0.2569210449129514,0.3300947883615828,0.27074335122740123,0.26445950455776673,0.40325614133810295,0.27252152926203016,0.25732964218823967,0.2606172407501474,0.3150555054837806,0.287878619717572,0.3315922747717531,0.3139573672919828,0.2846868188507018,0.23629069067184358,0.2576208456305925,0.27511526578241935,0.30753441925495417,0.28849714557851497,0.2910627039996452,0.24735869337025485,0.27864911964447964,0.2748095700073001,0.32484314014478816,0.3320518052673637,0.3204158843367791,0.26862326520445695,0.23649217339704479,0.24325141482357826,0.24106006212332232,0.3017334852102403,0.25936905757220696,0.2924637231933019,0.28932858523281296,0.2927508975968098,0.2569853864112101,0.27375003317620605,0.31308698119600037,0.3690791764752475,0.3000134617270894,0.3308882354852914,0.27671142274365473,0.34016101181981273,0.2560475808604721,0.23792726591920574,0.23291986465892894,0.3454790103469021,0.22516803690161907,0.28456373916811495,0.38276725386504484,0.32173723956316075,0.261663396862698,0.3938563758525022,0.3919009551819058,0.30277888393513397,0.3225707807374261,0.2827706939771738,0.340421108462489,0.32964633369542523,0.34351705755736106,0.27963010557885387,0.2632564750633151,0.3840380479679629,0.3144668443536419,0.286380672042053,0.34019901550626946,0.27146298927680457,0.26854191744123374,0.26814873863872707,0.2545371785337192,0.3094845026714128,0.27294106577241517,0.37338264037340174,0.30970521816526775,0.26440578364645473,0.31512013736496847,0.2548475235070804,0.22862349313068112,0.24843784652480305,0.38678728468605383,0.30433709201267195,0.34558995891117084,0.29292711534488214,0.28822693055306386,0.32256750940216183,0.26369696500202405,0.2427329768214023,0.2680182003826945,0.32786323199643147,0.2869492282217936,0.287617019195417,0.31821681395642004,0.3698528823186984,0.2673688555952286,0.25531617681140845,0.23781011242763606,0.27825665254287224,0.30435081544678944,0.38982758562377845,0.35043679707017267,0.250590103312717,0.35231232647284705,0.27415858540951515,0.28064963716384456,0.2720076458879473,0.2812408728036931,0.302164595674186,0.3406604690983252,0.2574590941860978,0.29248146996422497,0.3192275825832661,0.34520420783976064,0.3255132701564438,0.33077311627020445,0.3935771169077682,0.24413096822337332,0.35967320872815023,0.20834855144204503,0.3826336426873397,0.29245387632358766,0.26159516490954743,0.2412421510504099,0.3339509519728762,0.3274176445373446,0.20828022396469148,0.30307539552669693,0.2663122840893815,0.2839675894828251,0.22493946948609336,0.3500599810144088,0.3124997094077147,0.3139449511528169
0.2932614924638145,0.3282321539620839,0.34846422503197017,0.28326171214486306,0.2572274674943463,0.2397183985650324,0.28151432840853496,0.2960312488028135,0.25676341429942084,0.0,0.26863023453617024,0.24481548643932555,0.29835779780945515,0.2731654028311341,0.26968756209194067,0.31338429888339525,0.34360331905966923,0.3590513595649544,0.24648619683955342,0.2629406508341443,0.287654488070255,0.2769095630559185,0.31180348252004036,0.24161233189007075,0.3859313585308931,0.26218766095676677,0.23792628195372184,0.31577022773355934,0.3126379669160234,0.2385897208265364,0.28577605867103684,0.28717589035557356,0.24044815411718554,0.253940993546439,0.2778649649972327,0.23320052567077942,0.29711683997760696,0.28256588683267886,0.22028015979594479,0.30717474367607894,0.2387169451715902,0.2927657691248413,0.28185152015332265,0.26586307159069805,0.30362745428044885,0.29378114620041385,0.23845113679973845,0.2585532863551062,0.3774362634848083,0.23273486053799353,0.28541398778403454,0.26154592621214817,0.2233705390024194,0.29037639470356214,0.29346626890195326,0.28211304588170516,0.27232780220781416,0.246264167440325,0.3458834710143354,0.24448800313061014,0.27319589658296917,0.19549549838877203,0.2460082295305856,0.2191021671441502,0.2383584830225978,0.2660982065390661,0.2654132448408364,0.2787038377059266,0.3296191182314005,0.33827014446110804,0.2720278336182972,0.30794653715250464,0.22976450685314648,0.34385801600594496,0.2829226523484298,0.2556127504606934,0.2666879292070303,0.3076280265788601,0.2678572455794925,0.2277265799364628,0.280702257167542,0.25679830898753137,0.37493633524609676,0.2686526164741927,0.2781849900681483,0.3037216523054669,0.24321241661555093,0.2722561797646419,0.3048171068948877,0.24376855667576677,0.2711490353202423,0.24536456920881863,0.28008037700570226,0.22492737356632944,0.31807909331780815,0.2982193850691251,0.1899044777669521,0.28503272982275296,0.19906393844013218,0.3100614412108742,0.2519470799292336,0.26077635051389336,0.25396128326853556,0.32627572395993915,0.24284789715713848,0.2927572140916216,0.2678950461470499,0.41002909653544684,0.29093064299895716,0.2901050859811749,0.2587301547696963,0.24605524182655805,0.2591308518800532,0.28032168499137805,0.26885739961637345,0.31271697621682715,0.29661612267000476,0.30432636279988673,0.2906733976049964,0.24865269499585818,0.2526540829827188,0.23975185449271932,0.2239529286260184,0.34114162888639504,0.2180826467881944,0.3356517546214813,0.212904187187249,0.23011565436734663,0.3324174765258001,0.29049716575996404,0.31366105169621394,0.2585870292256888,0.2316602688965216,0.21313570766516837,0.237513663415132,0.2405470484514771,0.2689049383581594,0.286915766024998,0.3275332833096491,0.28060233242172516,0.2838516588468445,0.2647634231871811,0.30200339107818813,0.23017075329888428,0.2922597569993936,0.27002323649967125,0.22927742581992047,0.3506737920609992,0.4296429481706103,0.1811557334957511,0.24815144281438603,0.31428487082217293,0.24218931689594686,0.27997084237438086,0.3250376304225114,0.2914986182927606,0.21444341692414803,0.36709629941596245,0.26034715993933516,0.2913583231922207,0.3590470562675304,0.2838640360840203,0.2747087981785395,0.2661627662725777
0.328186330274988,0.29301691964267285,0.3018173594061589,0.3014758529266636,0.26063177871983356,0.2747598113575738,0.28947901394449305,0.2645202692136512,0.25172536007262175,0.26863023453617024,0.0,0.33471069275310056,0.3307517065434884,0.21876779037817565,0.2811181874233629,0.33402091647387533,0.29740529481929284,0.27226732596506803,0.253541908874014,0.2914070058520457,0.29545725008013973,0.34360730026307207,0.2665248092593045,0.3256436863775775,0.3364312146365339,0.2879170803179007,0.23634524617485425,0.3057894825512822,0.2580786955722242,0.23932314398130167,0.26859125596072,0.2640825275499034,0.25646061617505506,0.26499164799692115,0.2606148731674397,0.2411807897421345,0.3697762894018994,0.25439010895020625,0.31457012099635523,0.28723905496664215,0.2367514259009802,0.29054046468001504,0.25157874348961407,0.32933598539278097,0.2987774126588496,0.26904757728425077,0.18475250396030538,0.36856164515130313,0.31705314388745487,0.22646195718900305,0.3095689614045312,0.24222588381001642,0.19940158758144783,0.3277343639444392,0.34115833937223,0.2347370986223994,0.2914597349704464,0.3048489596871351,0.26683665502106974,0.23465778695982123,0.30310455505520173,0.16607517218821227,0.26542272845385484,0.19631544545847554,0.2037533905511458,0.25230308029161214,0.34804461775631973,0.2799703984004088,0.2482135034382511,0.28270849892391137,0.3048347312884806,0.21200936158329559,0.2625653623150434,0.3379203428900437,0.25836237882072366,0.2215428478624379,0.3494872170152463,0.28054932919866443,0.24136675713816216,0.20976354968125177,0.25068241235237815,0.25040636052121956,0.3055664408096592,0.24600034136408228,0.2474471651456817,0.27858021388026155,0.28171083846458533,0.22389770387930208,0.22783143659100338,0.3015343243566471,0.29125115037925,0.2149668773821665,0.28598608746236936,0.25356454779423965,0.2729169823420277,0.305199508207209,0.1934385657825381,0.22516454634520275,0.17226757380729102,0.2456030138516529,0.26417042146241637,0.2604863562591232,0.22732120813052648,0.2209822967986557,0.22936372134044256,0.25069500493004576,0.23410993154626253,0.30747995389713895,0.23629843281853646,0.36215768996122105,0.3563754002241194,0.2446075882519823,0.26701188263313863,0.24105896274656,0.24793956447031576,0.2806459347806619,0.2335781686048313,0.2588112792563353,0.2926683775904106,0.20035496599366506,0.26434243954884584,0.2023300531768655,0.2456651648527716,0.35421481308989583,0.22041733215166073,0.3218677042513435,0.1776651844605898,0.2745181402238871,0.2611071591675633,0.22938005520558352,0.20789087130563952,0.2654559040838644,0.265001148026196,0.2524556009404053,0.34099693900227285,0.2397472112187152,0.27030225643819744,0.23579627902971123,0.3019385655656604,0.2724231319883811,0.27429322420520486,0.2341095496251472,0.2464631961091055,0.2446155426114685,0.33787556721502854,0.2330254548345087,0.2742760644380228,0.24860723527182474,0.27151082993145903,0.16618933408975425,0.3527418142540478,0.2286481988121592,0.30374250890367976,0.23725128563987793,0.29280120231650014,0.35741539270649525,0.2935844241859377,0.3341439806218394,0.272728051920811,0.24355131731417964,0.2108380456186543,0.2456398479182383,0.20335940640498054,0.40772742504849807
0.2660214031641109,0.2962738457670429,0.27025080907016685,0.30966504996845273,0.24875077480144872,0.28592045850778974,0.28765311341027555,0.2972819385663754,0.2874389903834223,0.24481548643932555,0.33471069275310056,0.0,0.2340086925516847,0.1905056891650753,0.26217990168464134,0.3044592041769424,0.3256026432920101,0.2304789026456667,0.33856873787664465,0.28609600750061726,0.33772934768466306,0.2745084663347228,0.24946962798696684,0.25111949679797774,0.3034445771004489,0.24896470514330207,0.2403520551196175,0.2735701933625434,0.23874523207961543,0.2971025865376971,0.31634937630622656,0.28862952481880005,0.2891977126929056,0.3142843662948542,0.23468667436238846,0.2709059119923827,0.2625878169921264,0.28583964954568053,0.4356369595409122,0.2596576686611338,0.28691932281782745,0.27825816433724254,0.26509371809711635,0.3122977091451954,0.2701070592388379,0.280665243192542,0.22240232403432547,0.2604018336825347,0.2705521830104419,0.28585730378801155,0.3650222342211763,0.2933816315814617,0.23978359041531813,0.34370615778421876,0.3553774295791608,0.2332242158394275,0.35632744376231795,0.4040885288716242,0.23493586098438443,0.2623811527464831,0.24463383268131952,0.19094567080996044,0.28444921071902834,0.21769341662430441,0.2338115464814219,0.2515665864037096,0.24880259682588773,0.20905868566842395,0.22210235537212053,0.24537335238331734,0.26322062019039383,0.21208066411804458,0.24908220317439675,0.3023559266947457,0.30574878026775043,0.2189069720755932,0.29989436032107036,0.2955459368924065,0.27422879613062034,0.20133928980252597,0.22914062771807184,0.30122198252239657,0.28482430125038244,0.2034973551256181,0.3115757041624155,0.2905846014354869,0.23533403158424596,0.2622011156587065,0.2640555742058376,0.27567518826240267,0.3173205339805829,0.281747178407461,0.3148680689711611,0.2727630592197865,0.2822489333702677,0.3056381792941386,0.22706013151251234,0.2736024698106199,0.19814189667882212,0.2456633169588953,0.21886661279256,0.2772829031101937,0.2669915348839763,0.2716384793109958,0.2671822929292985,0.2763930003634482,0.3064263317976331,0.26977480079409355,0.2487434738289956,0.27966846830941516,0.41402762539310606,0.30715000859470354,0.24374689007033565,0.3111439720610001,0.24608179476368303,0.27915674458592965,0.2599894791559976,0.28086731042951624,0.28246343177746214,0.2168367445280226,0.2702445496465626,0.24318003001163568,0.23253942819298212,0.3196459791695307,0.20530525630340152,0.3250999593054381,0.22251649196450518,0.27803947275264607,0.2811071444389483,0.2268985745700777,0.24266915332189587,0.2923755817852784,0.21557061415216505,0.2995507832480196,0.2633040440591537,0.20767906074629655,0.2540147963950794,0.2371624182090198,0.252700661059232,0.31369646629412057,0.21125801318410695,0.24275317355810974,0.32511131659232695,0.3151809523836295,0.30834570755283314,0.29398163160690394,0.3876307367399643,0.2527896172693329,0.2973307624229445,0.19712239002381432,0.31112309745013594,0.282780261439028,0.3099048169342037,0.23528469210485867,0.3602346766770077,0.24518964325591758,0.22427921844928853,0.2947357448640835,0.21882485926500775,0.2654307481079815,0.1841464438301761,0.23788207168880326,0.23253540232743697,0.30505953989731277
