0,1,2,3,4,5,6,7,8,9,10,11,12,13,14,15,16,17,18,19,20,21,22,23,24,25,26,27,28,29,30,31,32,33,34,35,36,37,38,39,40,41,42,43,44,45,46,47,48,49,50,51,52,53,54,55,56,57,58,59,60,61,62,63,64,65,66,67,68,69,70,71,72,73,74,75,76,77,78,79,80,81,82,83,84,85,86,87,88,89,90,91,92,93,94,95,96,97,98,99,100,101,102,103,104,105,106,107,108,109,110,111,112,113,114,115,116,117,118,119,120,121,122,123,124,125,126,127,128,129,130,131,132,133,134,135,136,137,138,139,140,141,142,143,144,145,146,147,148,149,150,151,152,153,154,155,156,157,158,159,160,161,162,163
0.0,0.7717707606062391,0.7288316537415412,0.7913541560177606,0.7641630168909965,0.7936591365982705,0.8419855206022971,0.7636727917511438,0.8407864773260924,0.6636704754917839,0.812157270635848,0.7723792185080991,0.8789411509517485,0.7482686175670098,0.8481754438872426,0.7911822737398585,0.8007808285334496,0.9373973268177349,0.7636462723230831,0.8903388194079433,0.8105760790208729,0.8005834481556096,0.8149777483664321,0.8826228324044151,0.7976604510377111,0.8343594942600204,0.7381687698955984,0.7950512353888016,0.6678578706715733,0.8113919100549037,0.8344481789729332,0.7865529888144032,0.8051104627979375,0.8327601926407431,0.8609271770665361,0.7142153488918893,0.9265704644735637,0.8353632023927842,0.757532583827584,0.8593322764488257,0.7747353834067721,0.8606950286309932,0.8255006694772444,0.8457613081180849,0.8431265993564663,0.8900347358274223,0.8168870873823397,0.8129844276136606,0.883095091288494,0.8219942372997564,0.8300183356623866,0.84905267130019,0.7579369099280119,0.7565226265829166,0.7086162086406322,0.851383717753341,0.9131481426773664,0.7788419176260594,0.7292959110392909,0.8054462156216169,0.7447438105110544,0.6936064558329338,0.8117862610927843,0.6863549620886856,0.8447061672382105,0.887704600349067,0.8699861984568482,0.8782101440644001,0.7617259882416396,0.8197455792129392,0.9225248130388999,0.7792626895930999,0.7915820072496332,0.8405049470624981,0.7718029669246732,0.9246877969477113,0.783142530174002,0.7745666237785644,0.840829963000636,0.7417829597463359,0.778404882995025,0.8997182419776852,0.8331770687538693,0.7853932343380245,0.8319139696411118,0.908388656301302,0.8336730883922658,0.7881150053665437,0.807423142033877,0.8682375401868392,0.8331429154264535,0.7954165428528718,0.7432176781086669,0.9174377964596755,0.8559092085091273,0.7954473733224102,0.7043822817984314,0.803154368722399,0.6908679668685549,0.8294099898494496,0.7674584347760991,0.7190493441176622,0.7569226084271472,0.6859779129001584,0.7893393433677195,0.8491174183642628,0.7294622050775129,0.7992537214350189,0.8292649141129262,0.850805952441373,0.8432329071096868,0.8326725700341082,0.8512844776514025,0.7169653755298366,0.8397728232841907,0.8636657122454247,0.8310672647195315,0.7285095880199467,0.736021260673836,0.7287154950998086,0.8238889943645903,0.713814166647208,0.8838288808618386,0.8649549570292173,0.786835763706198,0.7429797417450588,0.6922852692231632,0.823148781648918,0.7029944663265455,0.853995038736163,0.7747324164492032,0.7709918666920467,0.7845199152532623,0.8573256900570749,0.7965143103978671,0.8237697000203485,0.8978671206618343,0.88531494613811,0.765766920128522,0.8086748332060271,0.7281655363126661,0.7593924494525213,0.8700239001410756,0.6755032772482298,0.8416243975431522,0.9102766604407471,0.8683412601298945,0.7265731674397402,0.7293263980386783,0.6345431345782783,0.9078480065702157,0.6998168676964052,0.8064705402880721,0.7667367414164014,0.7983159682950903,0.9138529466034064,0.9036707540383737,0.8257968924080966,0.7876334581444766,0.790531215502618,0.7316086269880742,0.8822699338136686,0.8319254786372653,0.9220209542769845
0.7717707606062391,0.0,0.9027439512364019,0.8215923459157113,0.7179000709974913,0.9035963559679299,0.8524370762723523,0.8753554054287446,0.7468389383899029,0.9360785277401341,0.8826398185145097,0.9436931126742442,0.8769560959574324,0.7856272696957328,0.8566303350391572,0.8590083541644461,0.8339205608104147,0.7890632488641574,0.9012015373809349,0.8500091020766212,0.833187397834019,0.9272796430507411,0.8183127464990408,0.8406862344421905,0.9425630775293353,0.6739514364363669,0.8348030455071381,0.8196365692130468,0.9253554666160982,0.8016011625891373,0.9087078665036585,0.9151849336972239,0.8939482447213131,0.8046190830052298,0.8070735553108876,0.8657786258276849,0.8579754396632695,0.8538007122552493,0.88902928860393,0.8040457576961858,0.8597814842579973,0.8508426383682323,0.7803286812236115,0.8287409335547811,0.8942827562154562,0.7808472517389599,0.7783485235954254,0.8486170454263074,0.8938576104783956,0.7913944038787756,0.7627647618497245,0.7072094141510694,0.8022273923542305,0.9087493360343386,0.8872198371698965,0.8254892480806304,0.7583003435964961,0.8541431629625322,0.8398369499672194,0.820663695641189,0.8591556252553797,0.6661977042229305,0.7218777686050322,0.803586097560629,0.6741437835869564,0.7012877247626669,0.7796587614895147,0.7761006083289529,0.8523154341990508,0.8473970163049903,0.7405025071027805,0.7368966175647984,0.6439113536270696,0.839766560462722,0.9174280111954165,0.8040508332846779,0.787484818291887,0.8047644462081394,0.6976634278172903,0.6432550775471827,0.8151899721241794,0.7172785751201516,0.8524144484384448,0.8284368381528363,0.6675150830769943,0.8822083265135053,0.7818566582865619,0.7273878769689608,0.836087244989533,0.7981241466512496,0.7077783586334492,0.8431996535866576,0.8631456694264356,0.7279660209677747,0.7127983986299625,0.9729317843046276,0.8009361701737565,0.8859378362087031,0.635668742120194,0.7714893744823997,0.8261371462404157,0.7994018618087486,0.6555111294177911,0.9059063553200801,0.7224059499891591,0.7572523928575219,0.8165980381220943,0.8884432953858602,0.8446543282864585,0.9123546621696671,0.8686026044692595,0.6659890495960787,0.7421159466706568,0.8653945120777448,0.6876220795390551,0.7389321625493307,0.8508473350974209,0.899547280330268,0.8470802409061122,0.6880369520117937,0.6958468219588568,0.6774934302889302,0.7238595741656175,0.8071296275668279,0.6655620002987339,0.9443685022431212,0.6430037218183993,0.8781669079444878,0.9031430315106574,0.8473992748491029,0.8863623680943125,0.7968317528836026,0.6690820568982507,0.7076747344596179,0.8940884120734873,0.7595277830480899,0.8795390208493303,0.7948220941599506,0.8758597722167034,0.8693776061753145,0.852074338868818,0.8923644780418352,0.8501889593868477,0.8415271415346528,0.8974220897674944,0.7429373370313592,0.8409416505115068,0.8773956616530363,0.9394367585934951,0.7934602697877327,0.72007104610012,0.9195836167593161,0.8855184011893041,0.9047357535915937,0.9169111332118411,0.8460365427661222,0.8315419078380368,0.8254336109938669,0.7368294064910746,0.6667598572261894,0.9018161737203593,0.755872005682994,0.963162232798065,0.7038411787512328
0.7288316537415412,0.9027439512364019,0.0,0.8142623084986422,0.8164875064979569,0.9334537238929357,0.8613119843185363,0.8277963770757681,0.6360949474986629,0.9080430242579006,0.9484096914676555,0.9587440927637014,0.8839913053192727,0.6673921522501427,0.8444656552133573,0.9554179389812316,0.9171148908329941,0.7654704875042005,0.9069307899156698,0.766698795973032,0.9414003186662969,0.955292968010933,0.7864757471597993,0.8788057330728302,0.9029972663917507,0.7460280265847888,0.7343169674671068,0.770996508416113,0.9208340604895321,0.8472906685832398,0.7993722612145142,0.9401772911799832,0.8609060232515084,0.7541294195947468,0.6863769850424528,0.8254075930016062,0.867257830900898,0.8239054691946555,0.9117455684965338,0.823125327697043,0.8793858154165101,0.8542650376799328,0.8734977902671869,0.876017807725184,0.8218787581294343,0.8009771812108943,0.8303767102382931,0.9231832611327483,0.881273482836105,0.8101655639517917,0.8485423941735054,0.7703285192322827,0.744202517982467,0.9455378021939804,0.909890404072336,0.7442865828618983,0.7896249183181626,0.9463067061233776,0.7789623711007188,0.7697319844549678,0.8374408605123842,0.669983107101749,0.827942260375983,0.7197604206693937,0.6675661701111336,0.7290019347425268,0.7061606226700586,0.835885912903937,0.866036688719062,0.838209171624885,0.7709268412857818,0.6416145041495966,0.597060402315454,0.9193242924384674,0.9120840897655651,0.7009625520862333,0.8994473751006871,0.8962390415630457,0.7066366696632198,0.7066622987465183,0.9085622812626529,0.6786898732895845,0.882551254465301,0.7972034715513036,0.6841746970626723,0.8129678025727701,0.7557652439520961,0.6801239218282675,0.7456509960205623,0.6995788102029528,0.7770207320856395,0.7063663048054407,0.913035262038116,0.6996273323760568,0.6791677260094489,0.9310781302255643,0.7505677065768639,0.7909495907104815,0.5604768737074591,0.6931444798954403,0.7187200305126435,0.8800428655816096,0.6460034238072778,0.8672726643172751,0.6674333539717254,0.8169121360699677,0.9127759968564237,0.8512916345508391,0.8764202061431883,0.9296608261963832,0.9307126398751346,0.6654642395186183,0.7130431929583128,0.7854468696364473,0.6791989264807701,0.7463801963206548,0.77739482937769,0.9309934995649634,0.9272007256603187,0.5875007748182723,0.7369370045025512,0.6842431665151254,0.6875901156606261,0.8666683195094563,0.5750047528758054,0.9665697997259379,0.6275441051947818,0.8936636396316248,0.890187132825001,0.8224936849430742,0.7731737690171904,0.9215890785349454,0.6147305223737733,0.6238380962159545,0.8638271416541397,0.7634458369111113,0.8675402105466593,0.757264874926405,0.8270742950488481,0.8793094795074476,0.7763936889954455,0.8770517349367828,0.7464738886736549,0.8009195569740132,0.9146370660140837,0.7066864489343718,0.8494727268361142,0.9679473696512196,0.9021099109788828,0.7614101107437887,0.6639527370112429,0.8584746791889913,0.8940339144394583,0.9271013509875508,0.9522828817914355,0.7989667156337588,0.8220346961756837,0.8962009564369794,0.635697571569563,0.7219148290963016,0.9214902061679934,0.6512494306125935,0.8784645169840427,0.7257030821037846
0.7913541560177606,0.8215923459157113,0.8142623084986422,0.0,0.7255633929991125,0.818371062358591,0.8403579104120642,0.8382056073112513,0.6861761245369273,0.7635717610614643,0.8637444762785892,0.8197153718257723,0.8718791512980131,0.7711096677592097,0.8533528205250254,0.8201686769584937,0.8225834884823022,0.8415199886848338,0.8122559206224068,0.7798432127058432,0.819211329885691,0.8424276274946689,0.7975978852840669,0.8224998924154775,0.8154106119979792,0.7871899861012904,0.8215477216437671,0.8242525921538564,0.7794761796685195,0.7364626536462081,0.8112395319252782,0.8282836919083868,0.9476756284060655,0.7911379448579396,0.7748584451962873,0.8187011618608911,0.8569478258159369,0.8489279247489204,0.8240037531114479,0.8654089425980779,0.8624284711471579,0.7601338586081173,0.816386995630654,0.8294775914760597,0.8674198353035456,0.8364372373210041,0.7391872694744964,0.822650175644773,0.8581984974064483,0.8158333255178956,0.8465192126616702,0.7781527803794015,0.7908798963957003,0.8856889019277677,0.8381095486118793,0.7200162624908113,0.8120376163868527,0.8284473641596531,0.7949229061593245,0.8299613564567869,0.8581967424762228,0.7004332397258103,0.8188527978624918,0.7194019123093283,0.7208697735579577,0.8028575969360596,0.8410248531131964,0.7927629965217938,0.8502321926451297,0.8643174796732721,0.7988303341063667,0.7344666120305647,0.7153552572261934,0.8971600248898508,0.8581313013151683,0.7665171905624948,0.8527448727897954,0.7853480576493239,0.7929519280992469,0.6579035970166913,0.7780698076470735,0.7786824019993407,0.7794796680774962,0.8368928627511504,0.7545624814286331,0.8412470789408547,0.8083178966686022,0.7908406671163237,0.8075011191803683,0.73670412710704,0.7913530018910065,0.7652747463861782,0.819572897374292,0.7734041952299763,0.8145483911944734,0.8385276592192502,0.7772254214823734,0.7818069980585058,0.6249452111859917,0.827175057942871,0.7783966368409168,0.8274612025085352,0.7868109248900592,0.7765714832393303,0.7853611817257001,0.7876523231551817,0.8305554767068003,0.7845950925150981,0.8561206020824355,0.8066332231153831,0.8617308992728725,0.7481102157464447,0.7955751911846677,0.8081947309483534,0.8005045638712065,0.7709007663306561,0.7718222814633613,0.7809392159143176,0.82384635138978,0.703530615212128,0.7288264836858758,0.8218681362373396,0.7152003553351091,0.8154255927245626,0.638067254194359,0.846142187292331,0.6952689753947215,0.8431795539394749,0.8060854830948406,0.8742173440492828,0.7194529688620868,0.7853838033205839,0.7328275160835545,0.7352908224934883,0.8154315728452884,0.7369756802423122,0.7836488879736448,0.8419467559499579,0.8329232187988477,0.8262386443845936,0.8632863961040725,0.7848011055097953,0.8282330748055813,0.7824861859324683,0.8431010179743268,0.7686730253790485,0.7916943895182379,0.8109293055541467,0.773855945792848,0.6825025469084507,0.7888363417092132,0.7895592367873951,0.8463276395507208,0.8006944420515518,0.8468521111415189,0.8366285330400842,0.8291286233433535,0.8078827015857459,0.8069074730733446,0.7638788421690486,0.84426750296487,0.7171638483491821,0.8254504830424809,0.7559570672464477
0.7641630168909965,0.7179000709974913,0.8164875064979569,0.7255633929991125,0.0,0.7885880402561241,0.8922714976668344,0.6465657196799196,0.6303062082703885,0.6534242822341819,0.8327626908832108,0.7968879600993329,0.7714116822792655,0.601149271612914,0.8422884872085047,0.8584112970008002,0.8512690317715833,0.7677083172903161,0.7370453234545873,0.6734545609719533,0.907002108301048,0.8332490000140111,0.7346978372918358,0.8963728597208362,0.6994716016911197,0.8632206390096614,0.616343741636046,0.624064165552194,0.7108807149007274,0.8952946865550806,0.6946688711301401,0.7701506545100929,0.7913033946405967,0.6655510139397796,0.6473565918942339,0.7020930844901905,0.813723510413138,0.7519424131250946,0.8139617836806067,0.847267030709905,0.851559825207344,0.8171431304829386,0.8710253595403235,0.893428873912516,0.6798100403103758,0.8189134315291474,0.9274586710724795,0.8481163653311655,0.810776639976978,0.8348105848100622,0.9263320802383753,0.888475997533583,0.7628550056166533,0.7965029692866415,0.7390782835883969,0.7080309786766412,0.8596502546602279,0.8694685832945819,0.6360428467726079,0.7422569593920799,0.6368844232948733,0.7167487347154148,0.8750008056630989,0.6135126288700683,0.7689259940941758,0.7230013463970114,0.6376217921048757,0.89266429211833,0.6985167202978607,0.6850275380302667,0.8804820934170056,0.6262817970787714,0.5671191064222911,0.8530720892191113,0.7103152194408493,0.664500460083445,0.8597133786685148,0.951775578001302,0.7128806139099153,0.8193446112957001,0.84585211306922,0.7501117376844368,0.8903920946816296,0.6557034561786336,0.7314117634830082,0.744261691629422,0.6369080827047269,0.6543452032208449,0.6254201402973223,0.6789156867088045,0.9430209794410349,0.6588033443010616,0.8542882939497456,0.742152005653185,0.7411759433346283,0.7614933178907203,0.6200366009699002,0.6500305107363855,0.6017049998716596,0.631351436740371,0.6403630317624636,0.7120939744706432,0.6371151018124441,0.6568921605607819,0.6397607356412239,0.8557202135901214,0.7711533292185041,0.6860014170057355,0.8823727343438339,0.8161515635741208,0.867925248445304,0.759947221155798,0.6528760000360063,0.6023331770887177,0.7305471950129026,0.8139383031449172,0.6653546282394275,0.7546150545333826,0.7676260219624882,0.5665903233172191,0.9284485942386648,0.6497636601819026,0.6827855505826208,0.9360234880743297,0.5929786512163796,0.7723871659004226,0.6577225469090765,0.8427687437733088,0.6835676025698479,0.7941195474883528,0.6481011519673058,0.8818189198839824,0.575516742581791,0.6766286883113724,0.7035166117550037,0.8333665458833956,0.8305542407163367,0.8164241973978482,0.6623266645108666,0.8162605742077577,0.6198692171222245,0.7570276107829247,0.7320561892430844,0.6605059623012849,0.8258081907559064,0.7227966680617194,0.9012099167860272,0.8542328355902963,0.6788123775298189,0.6361122196537281,0.6539635539509456,0.6957620343400144,0.804976674518543,0.8265843206116797,0.7911088231260085,0.7159957758780899,0.7664992188981905,0.8776249154658551,0.612076710783472,0.8061961844314239,0.7244439917749708,0.6427762942957507,0.740761985411037,0.8739610873455452
0.7936591365982705,0.9035963559679299,0.9334537238929357,0.818371062358591,0.7885880402561241,0.0,0.8429319674262319,0.8433097824881957,0.69714106113079,0.8500541616963924,0.9300053304044583,0.9273759409948675,0.9360004933952862,0.7167412568862135,0.8094454193680797,0.946127069342201,0.9073388598887119,0.7582966776270678,0.8673511285323949,0.7927434954646833,0.9100845078704455,0.9111142173095141,0.7521397229513441,0.8640474128651638,0.891397748004752,0.7730127627868043,0.7256973318684811,0.7905113225342194,0.8661337693141342,0.8614237694606438,0.8221981038713858,0.9531999959824777,0.8625603631827755,0.7922447252492498,0.7244359250249964,0.8025425423978738,0.9217842089891892,0.8403006851567746,0.8706305776844278,0.8128918999143097,0.8371101971003446,0.898144735006955,0.8290916677542495,0.8857942761798849,0.8366186194830498,0.8106993385416246,0.8377684386138883,0.9158294528936396,0.8543981279265007,0.7909729229920501,0.8431011290454807,0.8126115526557306,0.7533864608353618,0.9058784726560882,0.8618969210504318,0.8440971964847631,0.8106368542530673,0.934190871108391,0.7266947875458828,0.7901539658180858,0.8717805469923283,0.7283194679183521,0.841284090189141,0.703782871282839,0.6657565845726836,0.7705304707788672,0.7727372981140205,0.8681002871858388,0.8016595630449543,0.852818533509939,0.8198252051271385,0.6644029738397288,0.6671426608835885,0.9081751606611179,0.9309641477476933,0.7887426711570835,0.893990694585737,0.886808742986235,0.7257276228832497,0.781744536754569,0.9446565509880729,0.7167092104725663,0.9068503663519978,0.8544294062224138,0.7302996680319392,0.857606676519421,0.8344190486057919,0.6844241708391265,0.8026829620810823,0.7862031174428373,0.7844216549225905,0.7534944075691127,0.8596929232882359,0.7719642453276512,0.7211808519379689,0.9364678979309631,0.7753088919525051,0.8305036750262678,0.6100943575447434,0.7572205375799342,0.7626592264668659,0.840984130753048,0.6458597044074761,0.8018884738556541,0.7079057926743105,0.8405815221793428,0.8766962813063759,0.8564536121606442,0.8476791176009519,0.9436020974337593,0.9258119421233271,0.6825774044432998,0.821463983167485,0.8212133206409015,0.7238182500448994,0.8046569824397856,0.8276935010333198,0.8454110940375805,0.9041895578885727,0.6762463209960825,0.7477180880219226,0.7246361970709688,0.7657470900018923,0.897181316725518,0.6377621411470914,0.9302285492555427,0.687286843869671,0.915125489320768,0.8626385595776697,0.7997309531185656,0.8341565779186504,0.9348285002982895,0.7037744308223125,0.7118621541111434,0.8432308525852652,0.7654299423183241,0.8929023096369508,0.7565007798334968,0.7690380864559472,0.839706203312929,0.7743315319275398,0.9124202587728479,0.7918127380942781,0.7732312879151011,0.9232338629805615,0.7369390562262712,0.8725054446927001,0.9304336616197918,0.8585068241829517,0.7833783434797011,0.7135520921213299,0.8347635341177039,0.8338168723398416,0.8720911710583841,0.9223755869013434,0.8412188713788799,0.867979850239834,0.9284794927098273,0.6711821076712706,0.7887746474301585,0.8746261280693347,0.7406570021411484,0.8967781652400535,0.7700600501304082
0.8419855206022971,0.8524370762723523,0.8613119843185363,0.8403579104120642,0.8922714976668344,0.8429319674262319,0.0,0.7521723022835688,0.7385769697074368,0.7666226913033652,0.8693303377176171,0.8700090548711089,0.8598659944553563,0.7072710413067275,0.9356801082696339,0.8586467671617084,0.8556722578871042,0.8724785305990174,0.8032879560159746,0.7657499320188796,0.891426855503861,0.9177882464006318,0.8497179710383964,0.9373455719094789,0.8199961290205522,0.8098432039992359,0.7578664362979737,0.7235212449808346,0.7813633381344403,0.8903375025164186,0.8134678873707142,0.8382902514184761,0.8985221834449179,0.7481341095506692,0.7520431212377588,0.7670893069562102,0.8875979321307687,0.7971648779545856,0.8444048486204018,0.9185307961383068,0.876102950705782,0.9058979046910808,0.8514373175207992,0.8897490096696972,0.8014435395996194,0.8644022507843622,0.9107246442811298,0.8543493774520989,0.9207067436896348,0.8423029431205369,0.8984361321404466,0.833392134478217,0.8131627987775493,0.8606224066476816,0.7941243690994803,0.8187752137835171,0.846052477498748,0.8678654784535073,0.7693174705827818,0.8079361946503346,0.7251915442840694,0.6937288452623388,0.8080838673942448,0.6854397134353194,0.7836078874927135,0.7420204606991275,0.7655661113117972,0.9152138754449907,0.7925808872857688,0.7828350842796642,0.8780543496394051,0.6970653915748848,0.6305426730789815,0.9037068900039669,0.7828162959582798,0.768982140078927,0.8583211357359946,0.9164250017230703,0.7199680850939136,0.7282433607715896,0.8277960927892304,0.8251784366892415,0.9306748503244703,0.7126751439987692,0.7185599954471492,0.8432425883837016,0.7093121323349655,0.7466135085988372,0.7411649191506252,0.7917406380965151,0.8849100744453693,0.7963645144968816,0.8645421308673368,0.7643143073444715,0.8048624751348544,0.876140165165192,0.6748202214671492,0.7678567424798717,0.6286234000048345,0.7516029889332064,0.7210314625262945,0.7504739146631989,0.6990927824427878,0.7620920239668956,0.6899998817248958,0.8446663022378366,0.7818421242706581,0.7910867031240617,0.933579577241493,0.89468523271738,0.9086644117821104,0.7462786367312951,0.7290376298138378,0.6952932699688348,0.7354207245204771,0.8389816545535179,0.7560044793897543,0.8211462412533821,0.8040368033538547,0.6431926171821406,0.8398873906798842,0.6785179227213705,0.7192588922264125,0.93085799971107,0.6440266448930022,0.842325482398507,0.6789324531074811,0.8890373055539151,0.7534544883613418,0.8756237873787699,0.7693424173826069,0.8327953087146845,0.6226877305245508,0.7204110914505513,0.7856904852862312,0.8224813186245914,0.8812889432663134,0.8819603198089228,0.7749978389601714,0.8636365552331461,0.7365478973000479,0.8020207470450619,0.882218683091493,0.7317033510967733,0.8684900731727776,0.8171030535727543,0.9285572378589371,0.8808595592941577,0.7777577265459579,0.6538785364448684,0.7196713758568511,0.7789849683479789,0.8668411739632531,0.9279345744583153,0.8664166155503743,0.8277940968453483,0.8523874233508764,0.9001095793096467,0.72433737172289,0.7684235579062961,0.830079586958752,0.7169553655897348,0.8682574543236256,0.850730277368972
0.7636727917511438,0.8753554054287446,0.8277963770757681,0.8382056073112513,0.6465657196799196,0.8433097824881957,0.7521723022835688,0.0,0.7774675665182195,0.8519497744570291,0.8161207878708329,0.8820384928301312,0.8673297607638164,0.7268962453652885,0.8044688585962765,0.8166825557375618,0.7796844896545464,0.7913966013526893,0.8640779490125884,0.837224961693201,0.7730964298836726,0.8334030896908263,0.8008516494746178,0.7604374596663187,0.900565305193531,0.6770327243094559,0.8888109344770962,0.8573074635871558,0.785334672601951,0.7728196886664654,0.9026318459225895,0.8683602393526246,0.847634907447421,0.8330136473021764,0.7556002991036999,0.8157787946289399,0.8413560818179237,0.8426109994505209,0.8246750216750164,0.7421978071935754,0.774958996307982,0.7868409487591704,0.7842251498803402,0.7381991511504877,0.9442831472820034,0.8127873357272453,0.7112393399532206,0.7712112314752629,0.8199113750801286,0.7610036089427662,0.7377286577707276,0.6796445043203954,0.6939642494369757,0.8280754537341156,0.8194908813299775,0.7769558795414079,0.7445550760079932,0.8401023766924035,0.7637612916562783,0.8073503315348923,0.9003815101658398,0.6655486561815896,0.730678021103683,0.7366706737041618,0.6406550123317378,0.7455724616932381,0.8021147344154754,0.7420477839311739,0.8701792320456323,0.9572743072571236,0.7273146919656811,0.6916121813874151,0.660999188483007,0.8276545997894342,0.9221110390942865,0.7690042784966512,0.7863969120384293,0.7179229794968619,0.7759502778900164,0.584251779126261,0.728448600025082,0.7433297076302923,0.7822755786461796,0.8524012210769943,0.6836328086151863,0.891823172651775,0.8835068290545762,0.7684966666902534,0.9170923280431237,0.8037412428407135,0.6888931496093753,0.8048567503648758,0.7684518984586803,0.6972995010680039,0.6631744084098545,0.884928295861214,0.8307089962934264,0.8674362060603836,0.5907622259978856,0.8137896293726181,0.7561273146895158,0.8917672218593343,0.7179976567387576,0.8586029591267976,0.7690222087961625,0.7683661606954482,0.8305231627127114,0.8605464832562266,0.7802338656790241,0.8084227140945517,0.7940886141366913,0.6664460316867558,0.7415631412868902,0.9394653938655579,0.7062257503462445,0.726275460683402,0.8056881427583004,0.8205118025457359,0.7635470167184488,0.7007189887717844,0.6338378548298371,0.822563470562006,0.6842138544856919,0.7474356928907028,0.6014906207834317,0.861142819824005,0.6482744371208523,0.8649836932771249,0.8303801433223554,0.8013956708693125,0.8735642510354655,0.767061206660649,0.7270989083546199,0.6809714443913397,0.8426310943565308,0.6555050118359306,0.8190249313110599,0.7355613365690287,0.8653325241545063,0.869500556266304,0.8230183919274533,0.7926746052657343,0.8035670036774322,0.7946188972863503,0.809578988435717,0.7655940187382205,0.7920539624614762,0.8008192283790653,0.8728172255317505,0.7276984440983434,0.7761095269457128,0.7811772586520739,0.8371649645673446,0.8257849404586863,0.8823982689934974,0.8766915744137335,0.791863597649239,0.7866779660372326,0.6769448010397058,0.6506357873337985,0.7937510186939176,0.6945065219105057,0.918159110499555,0.6649516594737853
0.8407864773260924,0.7468389383899029,0.6360949474986629,0.6861761245369273,0.6303062082703885,0.69714106113079,0.7385769697074368,0.7774675665182195,0.0,0.6459106835300811,0.6615205239426649,0.7123511412076211,0.7326142131302334,0.7007551109934185,0.7822477343421175,0.6480848680400992,0.6295577162038816,0.7876415991603323,0.6842502941096928,0.7818854863061834,0.6471784394399027,0.71715359569487,0.7266191059519232,0.7148173848931567,0.7313713383279756,0.6297857996397165,0.7678801683734698,0.6815990136750614,0.6053077599823197,0.7491202495871605,0.8582520045837415,0.6833450970888475,0.7315731371745751,0.7159876064477407,0.7872999218171786,0.6535021273362636,0.77048613000379,0.7130417268134365,0.6872832830029824,0.6826761417227151,0.6544819287262019,0.7813239653707844,0.6644358140597341,0.6697518414044303,0.7819286519724461,0.7417437781908285,0.6927505523545766,0.647121301555766,0.7323549395250042,0.6863519836779439,0.6626224254916265,0.6453254494031057,0.679424667128433,0.6522630928944844,0.6238835388461113,0.8481035076314785,0.7073885828610794,0.6754356196556794,0.6547734111739512,0.7231652777388998,0.6803486529201974,0.626127868630385,0.6226067842665746,0.6330964210036347,0.7149101886076505,0.6756436939062861,0.7861551126746535,0.7350148841375299,0.6633175819418192,0.7770111960618324,0.7586606179190925,0.6977353121081136,0.658168456237389,0.6791163803316529,0.6868690517019377,0.8118620961116569,0.6396594424822436,0.6422303053094034,0.6848436614577419,0.5759444981979026,0.615999379404276,0.880121609262343,0.7583587973409958,0.6637997139390511,0.6363945678168357,0.8286082178092433,0.7630767956268737,0.7428499376004968,0.7913723626791854,0.9248265554712745,0.6717855090503091,0.8653287612750015,0.6361899798465366,0.7125217775913562,0.7017424806180291,0.7524234813222007,0.6862266544210329,0.7534161856961874,0.6571910703887156,0.7602933562898827,0.7071721333027143,0.6500691184497606,0.656926647143512,0.6669801278719801,0.7127542750893315,0.6879216400508986,0.6047614489668597,0.708085608197498,0.687270234908376,0.7131299011490133,0.6749614170907049,0.6684839271050856,0.7014862382821072,0.7169672957190384,0.6639690760565408,0.727637364176692,0.7098922135089185,0.6534691752790598,0.5837991017564883,0.7335724602608963,0.6541060268605279,0.69156805613132,0.6829548949115627,0.71099168938995,0.7217341753730689,0.6619230426990456,0.6286375106967362,0.7485265298642598,0.613996726770733,0.7270366027957329,0.8407228248445222,0.6312874088726808,0.7068727396778717,0.8016949676531093,0.7042604136637887,0.6704616377707028,0.767747315964837,0.737228238541068,0.6855878238538361,0.7541735586070257,0.6829160708959118,0.6625015574884241,0.8635569517670038,0.6492617098919856,0.6883157544237515,0.7954539985209349,0.8032735836722937,0.6427156124225426,0.6783716082413718,0.5769438417174545,0.8060434612097138,0.6478474490933525,0.705014957348222,0.7134001007944033,0.6987569370013172,0.8470852493271083,0.7494019764979573,0.6991957177437957,0.7072748758726166,0.6070072103532412,0.6136444693162009,0.7738025674857287,0.8219481250743024,0.7282509263973675
0.6636704754917839,0.9360785277401341,0.9080430242579006,0.7635717610614643,0.6534242822341819,0.8500541616963924,0.7666226913033652,0.8519497744570291,0.6459106835300811,0.0,0.8372822533454599,0.9114496218897794,0.8041579259213586,0.6921080878794268,0.7691514056119043,0.817815532605099,0.7855383135553387,0.7077217385808104,0.8907314209439241,0.7696504055735226,0.7872879120470853,0.8766232107585209,0.7675351372871607,0.7555153670500011,0.936114288262335,0.6050682639971555,0.7834991713970795,0.7899479365577232,0.9367489465583064,0.7271762283685101,0.8203451821279554,0.8830107270575188,0.7989738300507494,0.7445713566292449,0.7022539629540663,0.8192087717705724,0.7715209076894888,0.7657565539924202,0.832903127079548,0.716115137102476,0.7806106835590244,0.7782815541648477,0.7409699232453527,0.7473369475678672,0.8299269275353462,0.6980273795936102,0.6992245393601216,0.8005392527736148,0.8243910394803453,0.7105655652893346,0.6928004851382507,0.6276709316017305,0.6900027481162799,0.8716191475475368,0.8770013991972762,0.7225152508896449,0.6662718807486279,0.812325781407054,0.836716776970067,0.7176180091589593,0.8428265999957929,0.5923059177269595,0.6689992852275901,0.7654120935789588,0.5964663909242062,0.6401571195023504,0.6940260684009399,0.7004832768456913,0.8612426158163945,0.8209213316934508,0.6422404424417009,0.645316397794243,0.5877430188740459,0.7863676129218969,0.884406995029835,0.6943036392310298,0.745415229742306,0.7364798548789553,0.6328283730169865,0.5785099225236232,0.7704125098941067,0.6189832766587675,0.765091980372064,0.77343941169991,0.5990224887716382,0.7726302019558305,0.7375833545910352,0.6705898773428401,0.771141610937945,0.6819481843686117,0.6297198345380428,0.7388466389278182,0.8113888044012958,0.6221449685268651,0.6121137876525835,0.9202888218270483,0.7573477600265729,0.8354317478768948,0.5500452528465435,0.6878910376987507,0.7308368250426464,0.8185056883064649,0.6255085024495234,0.9503918012364796,0.6457765076000697,0.6849696834501707,0.809634558392641,0.8656620921520365,0.7607116878456085,0.8508787863689604,0.8111946333369465,0.5857725030064425,0.6721514659897148,0.8374086657946987,0.5990176191591142,0.6425361442808464,0.7890045351893854,0.9151851205149337,0.8482346427976063,0.5969303701064803,0.6014607742860882,0.6319621290265003,0.6403585702096598,0.7155672017944491,0.5741319989316092,0.9244048261348007,0.5746090991110894,0.7876663581876264,0.9063021819746423,0.7549849646145452,0.8175534833177098,0.7539731719441034,0.5944523197837186,0.5835788665681275,0.859329011235344,0.6698675705075373,0.7851211290326036,0.6822910898913269,0.8629590861447657,0.8071110707019065,0.8287353407527608,0.826127615349747,0.725510959551366,0.8225687835869814,0.822023904386574,0.6680667912828816,0.7338534830697574,0.8464450466637082,0.9608329392299533,0.763835996975501,0.6365191809293463,0.8917023881894605,0.826128102710256,0.8618537871831614,0.8946949722983255,0.764740669765336,0.7454345984265028,0.7598033970859946,0.6455939293083846,0.5988578214041363,0.9075729516383674,0.6459442247159765,0.8834756589993578,0.6058177519442286
0.812157270635848,0.8826398185145097,0.9484096914676555,0.8637444762785892,0.8327626908832108,0.9300053304044583,0.8693303377176171,0.8161207878708329,0.6615205239426649,0.8372822533454599,0.0,0.9219592040896699,0.9239315120417293,0.7216293751710604,0.8832349973812197,0.9568161966794227,0.9275910040666773,0.8308327791823062,0.9086946859646771,0.8316503668490136,0.9571544231061998,0.9566385100637042,0.7790701862063234,0.9188164159594548,0.8952123598624028,0.8102900641693208,0.7239968868663961,0.8000104814885395,0.8945607546027154,0.823695457149082,0.8312762468038243,0.9352978065369946,0.8969399086126082,0.780903622480348,0.7659732139328091,0.8425181840087641,0.9342317774304406,0.8963066840505574,0.9375723811350568,0.864803601581556,0.9104337600258328,0.83721637675203,0.9227007152991671,0.9558321481216371,0.8460503674332122,0.8322238923362916,0.8183829821011627,0.9889920412702922,0.9225749826412241,0.8663393990101668,0.9014075161566771,0.824869190008255,0.7967292541208815,0.9668350513733551,0.9263290217194036,0.7419486045824062,0.8749982847261305,0.9306083948997368,0.8020015872647837,0.8020485536092518,0.8767116322000147,0.6985832174613433,0.8984861686212999,0.744879412605682,0.7539107647413675,0.8259721930540213,0.7745797529205783,0.8757068639191882,0.8791508165871476,0.8681397271357194,0.8495732700157254,0.717709757550563,0.6744582129063512,0.9462578802149807,0.9195905203611748,0.7783980634715949,0.9256183216913271,0.892965577699296,0.7745650746438072,0.7626248531841843,0.9395040963162081,0.7371199184970978,0.8739401267810528,0.8621754598377357,0.7594506502650437,0.8477807608088171,0.8252330562517888,0.7321196366485659,0.7533428221999882,0.719065430599785,0.8209145875924515,0.7178482927254859,0.9300152655783198,0.8083857765870291,0.773553583594001,0.9255794375912015,0.79790349621051,0.786195881941311,0.6096362947403661,0.7225745173747243,0.7998687958265734,0.8831674679880152,0.6948236861408512,0.8259558729422639,0.7378000852653457,0.8336750267529015,0.905409492775222,0.8346198299508344,0.8879683747869247,0.9433375551492312,0.9718275246418763,0.7462009654230388,0.7938748085858034,0.7921101124762865,0.7630132526676405,0.770772845287955,0.8088467751974655,0.9178783842989079,0.9383479966924924,0.6216603734261807,0.8084456705674238,0.721456023534931,0.7663774397337108,0.9047918565882573,0.6646944709733187,0.9572025337938016,0.6439234439050667,0.8961195763074317,0.8806873897741199,0.8945493210487124,0.7371259666924139,0.9287787390709359,0.7031400306706248,0.7130557632746272,0.9229290032634382,0.863670154406405,0.8961976858140226,0.8345208443824816,0.8443300772225392,0.8970224510894839,0.8351929521130236,0.8989369918476721,0.7701351361035169,0.8145725462600483,0.9790750807960859,0.7410713833526306,0.8682452951082453,0.9188988039007829,0.8703935793168704,0.751563453322595,0.7650810576761299,0.8754488280098142,0.919862238584286,0.8611144752172688,0.9343603695935165,0.8642480556538351,0.8932161407864689,0.8892510482125286,0.7279388264318619,0.7915909629633837,0.9100082669036652,0.7403782794999051,0.8709081092415918,0.8148215359608613
0.7723792185080991,0.9436931126742442,0.9587440927637014,0.8197153718257723,0.7968879600993329,0.9273759409948675,0.8700090548711089,0.8820384928301312,0.7123511412076211,0.9114496218897794,0.9219592040896699,0.0,0.8769795280001131,0.6927374754143093,0.8773216233250216,0.9311994095250102,0.8972375390293154,0.7994781105654516,0.9578885938763488,0.8301870366813641,0.919330604958429,0.9461087641504178,0.8430161046454396,0.8792936295643788,0.9429512720124229,0.727758280271491,0.7875097319197526,0.8066303286658401,0.9053751237509408,0.8832263534380684,0.8876405724044605,0.9439605357094335,0.8864190039907642,0.8157032322654724,0.7521186624749425,0.864855950028403,0.8742196625215151,0.8674437640362543,0.9307557407661292,0.812390106250881,0.9005306643133775,0.8750742538798257,0.8768399032276758,0.8728193468148556,0.8794389819839963,0.8302096622323883,0.8428731149697853,0.8933223886577613,0.9096680721554197,0.8388817858100897,0.8336321543278502,0.7678016772613379,0.7710270652173273,0.9306831311476528,0.9040516617488896,0.7901727982913296,0.8123014705030114,0.9535515149851255,0.7872423138373255,0.8173240959727659,0.8291204069966313,0.6814574461879606,0.8059355473279197,0.7636212334152419,0.6904306913501895,0.7285311014934532,0.7154390462330095,0.8140467075738483,0.8741385098396633,0.8701506693209858,0.7751665256675833,0.6867047395494322,0.6092925000272565,0.8899092926683025,0.9300871074625972,0.752534077500937,0.8468855284982152,0.866447158912408,0.7482545498064153,0.6718885465367509,0.8591016899143651,0.7283314204839617,0.8910757315805203,0.8122909325935633,0.7061828486985519,0.8812027449310937,0.7805260017206047,0.7206057575717526,0.8107619542693282,0.7545172487190394,0.7797973771503762,0.7946668294883128,0.9124907766097043,0.7221553599056088,0.6838730839159821,0.9630359948479911,0.7805051822292518,0.8682774940717514,0.6018885198972762,0.7305062384861001,0.7526372144975052,0.8670635326752291,0.687463216959434,0.9177789337925674,0.7189500660857083,0.8249206711758968,0.8900242874316775,0.8932162432899805,0.8810660492845063,0.9240744425308777,0.9246439906730303,0.7001679023782738,0.7067259723145399,0.8314461954785229,0.7049568381139852,0.7640184321030339,0.8383564098436124,0.9385242781188028,0.8830441646861997,0.6328264075883506,0.7385006936139424,0.712773679662672,0.7133963090621003,0.8587227829884388,0.6083018207652693,0.9650259288280009,0.6393487483058257,0.9180533133128524,0.9034090569406693,0.8395846373022211,0.8488856419906706,0.878046794631403,0.6295057687080919,0.672580717996696,0.8834031543603771,0.763758460046801,0.9154225403339131,0.7931549162654683,0.8620447097994536,0.9378473209631283,0.7947612759552367,0.8841321575303588,0.8059597742805783,0.8272626186237532,0.9162073631530948,0.7636352645908591,0.8892671303523988,0.9268333056850404,0.9406439530892876,0.7868369109184322,0.7184406848487713,0.8875029329614584,0.9275364516646547,0.9317920490850394,0.9809472148103163,0.830051554624211,0.8142707559664779,0.8826444543930185,0.6587666964225667,0.6968313037553341,0.8773846061858206,0.7049387655426381,0.9534027257111659,0.7348401352643603
