0,1,2,3,4,5,6,7,8,9,10,11,12,13,14,15,16,17,18,19,20,21,22,23,24,25,26,27,28,29,30,31,32,33,34,35,36,37,38,39,40,41,42,43,44,45,46,47,48,49,50,51,52,53,54,55,56,57,58,59,60,61,62,63,64,65,66,67,68,69,70,71,72,73,74,75,76,77,78,79,80,81,82,83,84,85,86,87,88,89,90,91,92,93,94,95,96,97,98,99,100,101,102,103,104,105,106,107,108,109,110,111,112,113,114,115,116,117,118,119,120,121,122,123,124,125,126,127,128,129,130,131,132,133,134,135,136,137,138,139,140,141,142,143,144,145,146,147,148,149,150,151,152,153,154,155,156,157,158,159,160,161,162,163
0.0,0.8343776286533402,0.7550738072686594,0.8092812480402405,0.7504452015876438,0.8205102208135907,0.8437319281080571,0.7610285035693971,0.9406511814074601,0.6496895979207948,0.8968774667213534,0.7856382054492632,0.870590590805453,0.876217871739572,0.8767406242795578,0.7951260859485476,0.8001742740717199,0.9532041570653479,0.8092043169790891,0.9527027851759737,0.8244935316464346,0.8827262205830657,0.7742231135643868,0.884275247270763,0.8459090739922738,0.819547959250043,0.6838687404446834,0.811031606272837,0.6986867540020479,0.7406733296329469,0.876234434490414,0.8328125240690549,0.8655807201973063,0.8335308500892231,0.923853266867472,0.7873774006420159,0.8775679411758285,0.8915342821429537,0.831760756429612,0.8894546771232174,0.8083808017266714,0.8412813976127819,0.8336933270527517,0.9202316574189066,0.8664916385500939,0.8498491229508774,0.7208477729615724,0.8872364914407515,0.9110940346464028,0.850960239272961,0.8595221881871081,0.8479545346593027,0.7828687121181483,0.8260558622211067,0.8139261275243507,0.8483716332960187,0.9023077927914523,0.7688764214786731,0.8579659561235312,0.8086391488446673,0.81773684516504,0.7334567256592678,0.8704945251513478,0.7697520978104907,0.8767303268537496,0.8852216641034548,0.899466825316604,0.863558076335925,0.7716124263061804,0.8070043533090104,0.9565213425709469,0.843551887156088,0.8856371481999763,0.8382901547478749,0.8093128713534741,0.8651713760117508,0.7956801117470211,0.7056830031908614,0.8570123420189015,0.7279756150386427,0.8213537422972204,0.8671978797957988,0.8572364612347196,0.8258132558766345,0.8734234578591114,0.9320327032475904,0.8268759679722393,0.818387312193086,0.7782988297482127,0.9242069990283428,0.8285455727596462,0.8329396392156944,0.8082647424025805,0.9115255305082784,0.9140312950170403,0.8068849757437263,0.81858106911875,0.8203242229137485,0.7663360787872898,0.815402490965495,0.8598986693522936,0.7289756257490762,0.7873007144259561,0.6866097428970139,0.8787301736915842,0.8092362132478452,0.7338327083781293,0.7812656527100102,0.8192435679184216,0.8553387333637736,0.8576551295235747,0.8770586172624145,0.8738110826136747,0.7300139144143561,0.9090098985116332,0.830517616356832,0.8473299072835551,0.777056811088816,0.7831913588552898,0.7320688785418749,0.8705150734024735,0.6616374070329067,0.8884747741853359,0.9026009026216782,0.8977261144776415,0.7844681058460101,0.7072168043534484,0.7924387813441344,0.7589387235599958,0.8703438796219357,0.7817250669307925,0.8025229257235126,0.8229214512766253,0.915580698593215,0.9039147794720248,0.9140259858716451,0.8753612424462791,0.8803035105648646,0.8565341269427111,0.8064854155142809,0.8590477661665862,0.834916769651115,0.8189850941210998,0.8041220875724899,0.8864040713592092,0.892200282430678,0.8875907168581765,0.6988781213403891,0.7686405090325708,0.6392852774478834,0.9413608570400549,0.8123046976203763,0.8009125707718087,0.7102422632543739,0.8165120765983613,0.93023433478131,0.9245706841749641,0.7860887655531861,0.9301845724657799,0.8506247381423269,0.6934678145556881,0.9072285196400794,0.8827749511129901,0.9554831842474175
0.8343776286533402,0.0,0.8891436128758455,0.8543994091541958,0.7196639147062586,0.8957825156141793,0.8509718042530727,0.770643397803824,0.7960112595287343,0.8036546055589068,0.8901499600093978,0.9224132096669936,0.8256953516303097,0.8236968028832696,0.8204729538001552,0.8257590646664039,0.9056046451606202,0.8110958708989509,0.9333909445101718,0.922085781978675,0.9123515960741497,0.9382040214474024,0.827234348026377,0.910415240561358,0.8833769500405557,0.6947894137453622,0.6660331356436572,0.8812162750069297,0.8326027320606555,0.704047779502904,0.8146602301105285,0.8958494969649003,0.8932238198569936,0.9095143866747394,0.8342646791032036,0.8761135400609016,0.7453724235854371,0.8136620511621333,0.8735714938247786,0.9159889314266905,0.899171569923642,0.9017679619260388,0.7450749131568399,0.8658504246846621,0.864269162191815,0.8238854299950215,0.7243458113257595,0.8331795445640416,0.8732088244966274,0.85386014610579,0.8472936152058703,0.857414058228762,0.8569468499165328,0.9389191688054251,0.8790530443512813,0.839385902515751,0.8808868272709622,0.8109289739472934,0.9308501826226323,0.8643473804461467,0.8434640224695039,0.7059187784736867,0.8254093250042821,0.8329402017877299,0.8270474955963788,0.8370141854606675,0.8189105385010819,0.7135003765755489,0.7215385811350663,0.7180550897551282,0.8115069640395786,0.7364394719616632,0.8314236766116233,0.8739811250463605,0.8929407366470616,0.7359472214701028,0.7924405794719926,0.7115437725679216,0.7504903129575126,0.6601204447271529,0.8528287204397402,0.8169477425889595,0.8181607634605256,0.7766126923077762,0.8605074527442906,0.9129923360153611,0.7151063337011935,0.6987154737586629,0.7559381532345946,0.8429544062930948,0.7447215269278481,0.8622213479999871,0.8585891616852516,0.88284510052159,0.8762658431118865,0.7991075757674965,0.8661301337834698,0.961759893529439,0.7074802469081829,0.8408304203911138,0.7692823785372065,0.7145534998562066,0.6993280524126168,0.7841663963038232,0.8169688930567303,0.7876508682845753,0.837556313430564,0.8924786858067799,0.8654514674029763,0.9247120153503123,0.9321732728763422,0.7897769074416636,0.8090620468984484,0.7261780377319383,0.7992410221795029,0.8319993039849634,0.9218651273165153,0.8101189157591621,0.9257565558521124,0.659967237626456,0.7788531606554036,0.5876356119684043,0.8559940361962354,0.8551981433571373,0.7629608494577554,0.8469477170551342,0.7709248242428479,0.7881324872991636,0.9512374541586002,0.755689740523757,0.844727283373989,0.8551453239380078,0.6734109422795302,0.8519934494564878,0.9232978040319966,0.812538465582843,0.8069619447716894,0.7756993057662979,0.886354402917651,0.7735528844273097,0.7817652823256858,0.8829944180227155,0.8833135231119039,0.892526557834951,0.8414474987798872,0.7467660606951972,0.8639863376668894,0.7780810943863132,0.888068672265185,0.8009557917737197,0.8032049510941743,0.8800189595352428,0.8836952545825053,0.8486286349177399,0.9115330120918275,0.8011287156315554,0.8629110060727465,0.798237624542343,0.7950975291371802,0.7466626248954978,0.7435067813756208,0.7829012010089208,0.9061259280958861,0.8235821086661755
0.7550738072686594,0.8891436128758455,0.0,0.8456262440031694,0.7516634776051978,0.9254770447523479,0.8099870234715251,0.8319144946540321,0.7102988876715102,0.8518100621875245,0.9158858939984047,0.9463293078939996,0.860452242546251,0.7023333785333906,0.7788502747297138,0.9419048151228323,0.9328433724615982,0.7628287870150727,0.878654159267543,0.7969874354627688,0.9181424632617082,0.9194173607410755,0.8012458000342646,0.8507148085312919,0.8756946606689174,0.7631984560751414,0.7047372196449104,0.843174113103403,0.824359764732545,0.7944245084097139,0.7545853692535388,0.9378611751202082,0.8631868164827058,0.8420416727708941,0.69207397241341,0.8220741579133971,0.7695684649454597,0.7914416570484895,0.8545947032941139,0.866746607450008,0.8391601412433903,0.8752710600938763,0.7978504951698133,0.8195106671329491,0.8474136341875612,0.8332590183602053,0.7472157692615229,0.8460047196368485,0.8164013354599502,0.8001150483142903,0.8594102005235251,0.8333676789864112,0.7408605059226091,0.9052541317814246,0.8944028009280695,0.7669322845767285,0.8191533724130288,0.929041195364109,0.7981935744552007,0.7992164963711533,0.8529657335195817,0.7176360174544968,0.8706706203684776,0.707822827464623,0.7224140822706462,0.7974726922923041,0.7682437229162941,0.7628848966192927,0.7750133503495099,0.784901830883333,0.7926416144729033,0.6264651668209406,0.7397293192743413,0.9154679648096348,0.9010907123559079,0.6512342100590499,0.8995330118400946,0.7958490794968225,0.7607937822338049,0.6689533530383356,0.8670542399835539,0.7486710700176575,0.8672890356024912,0.7883790008539197,0.8000658849117267,0.8548171290538431,0.7445449261231676,0.6759901311354052,0.7648543832073217,0.7721334487201996,0.7823498213673236,0.7295147095194652,0.8501817001838804,0.7678568860218381,0.7637681241271672,0.8077510506673531,0.806771984665018,0.8488434404263013,0.5892980647059637,0.78424452797083,0.6783609655755151,0.8189283098355059,0.6897496664038967,0.7911056395189986,0.7540247221605345,0.8681948870331048,0.8912925044747666,0.8821258370793467,0.8554681863785648,0.8739364390721971,0.8957893002713633,0.7222614814717258,0.7681395274965239,0.7713394861132299,0.7554850775439191,0.8248625611707147,0.793229871414845,0.824054589555103,0.9316597754792333,0.6134081019884612,0.7277547680370885,0.6574850480272608,0.7335165394977211,0.8701607816765545,0.6245483779747046,0.8960355697365823,0.735401733825691,0.8542520422267249,0.9214785221112415,0.7244475199575587,0.8208719954026307,0.9346850870053723,0.6645172332140121,0.7270505536580903,0.8427854018643276,0.7100105237489927,0.7771454802914799,0.6976363470923058,0.8472254743873632,0.7881539104575584,0.7426548247647983,0.8492842486828378,0.7727483382340619,0.827943101070929,0.8194600634377925,0.7070119837012175,0.8377238473076921,0.9027595355418754,0.8713685551454351,0.7650737362077179,0.733924418734391,0.7807409990613656,0.826024190274376,0.9213504773343376,0.9652116289524687,0.7825482130182853,0.8236350813311859,0.9055678649721585,0.667124028434501,0.7849106031947962,0.751347968800668,0.6534576612530911,0.8579543066549553,0.7625900345575868
0.8092812480402405,0.8543994091541958,0.8456262440031694,0.0,0.6807558665672522,0.8720663372367274,0.7657599740754952,0.8856274771080448,0.8110356208754468,0.6615043739480401,0.8540165623216336,0.8814452319622484,0.819752536410684,0.7189861399354561,0.8052603573998477,0.7997357059573775,0.8877085436938316,0.7934111557643789,0.9398134206569718,0.8582396681268094,0.9271986564635263,0.8907029073606193,0.7432386348697125,0.8557681146892924,0.7721347058960526,0.7519133019472767,0.6880072224042182,0.9126538178427724,0.6433370923894045,0.6807821170231071,0.7798624122475623,0.844200215455096,0.9265385470631096,0.9243693314764805,0.7386330990707578,0.8437665663389434,0.719752386432066,0.7834758351259602,0.8689476949903139,0.8830483116136347,0.860712648911822,0.8597360842706656,0.7605598881677202,0.7820253618623357,0.8997245072427337,0.8986363891243139,0.6364418140676081,0.754412599363327,0.7595189304249891,0.8725668461124741,0.9253738771981418,0.901969873723495,0.8353364063621718,0.9544961818582591,0.8226649774831406,0.7328906325795688,0.9230676099169951,0.8674982751006305,0.8210559489674439,0.8977682118552286,0.9223710882555799,0.748631435224996,0.9210584696786044,0.6942631796880832,0.834805714302638,0.9184555619707827,0.8671326201811116,0.6934925991104064,0.7012414058627101,0.7906038090486507,0.8477366146604556,0.6391648217751649,0.8717774345765802,0.9615977934644733,0.9353488032975775,0.6381819478491111,0.9015945889615232,0.6400698153806695,0.8377648833027203,0.5950574261367972,0.766491963493057,0.919060975488625,0.7422876718638183,0.761874081112487,0.9434111338711316,0.9140104154220101,0.7773885699644502,0.7213076636129968,0.7763682285433992,0.8521274065062799,0.795743310900937,0.8214830292515799,0.7796823204552991,0.8793443973192914,0.8962183129988217,0.6916166470567514,0.9518076219788141,0.8577397620391242,0.6294005748059325,0.917658216737611,0.6680480847356854,0.8321406083284999,0.7933189332644205,0.6703203322755804,0.8786971104170845,0.8428639443113152,0.9339093023960496,0.7716159937778286,0.8101821213126671,0.8102525810720526,0.9271022882732022,0.8243620523594838,0.827411071827987,0.7659594049067484,0.8336576685045539,0.8742569851509696,0.7941375129458484,0.6978420340653655,0.8539280927028795,0.6463645049231069,0.7333170569278352,0.7042905014189101,0.7726062530123263,0.8300720222782296,0.6612908202143376,0.7489277948494067,0.8727573332592135,0.8213239363359331,0.8230652003796048,0.6979606951362608,0.7392593957575767,0.9175653570665693,0.7026047201736835,0.8713441548568871,0.8844736761692973,0.7007124798447063,0.678263490112539,0.7079493412547733,0.8097535040336284,0.7876299579901309,0.7251136284299043,0.7502165945331687,0.9172084286633488,0.905019774465367,0.7401934375917184,0.7356630809562361,0.8711630408633882,0.724002938124457,0.7211503245999407,0.6848768109251845,0.8586872263736667,0.7020473940577174,0.9198571648992206,0.7580290167320651,0.8798655593310731,0.8222513943484296,0.8411650334033158,0.7957126836458532,0.712133051868012,0.7787737914829128,0.6117830787292742,0.6670012689246061,0.8221794172384429,0.8204632538121064
0.7504452015876438,0.7196639147062586,0.7516634776051978,0.6807558665672522,0.0,0.6784902122047944,0.9192009270541043,0.6274670084397176,0.7294010861234255,0.6177178306639096,0.7831946510946743,0.7930731823117558,0.6696897429480172,0.6606689344530798,0.8469881226569299,0.76832280889524,0.7445697334134944,0.7794912706911815,0.7240550735800362,0.717739514909879,0.7866157792224125,0.8094377115757985,0.87289003948021,0.8164007407221822,0.6975173109140987,0.778188444929629,0.6355391768633968,0.6154036086902412,0.7057943846118004,0.8960340789134342,0.7511502892780485,0.7218174406466538,0.7766285095428058,0.6721436811340283,0.7330792957839826,0.7668581303316957,0.7110146605208167,0.7747959281770388,0.8159113633647715,0.807212417094375,0.8326763507823979,0.743743729061593,0.8329042898526807,0.8563774581276192,0.691549008124902,0.7498579862916933,0.8960715152748989,0.7887752189165491,0.8422644784078522,0.8181368940043202,0.8178109040927171,0.763633565613674,0.6980711438274134,0.7432666473198113,0.7756467414552015,0.6571954483137041,0.773607894197811,0.7956041867803736,0.7093186578545971,0.735169821150586,0.6129362580037611,0.6984493135168773,0.7616764334543189,0.7269627272100053,0.7564256736520995,0.6639283866864466,0.6292123406565973,0.7693301227313852,0.7072002229251027,0.648257139192496,0.7993224996418415,0.7138430875421182,0.6189436580540263,0.7310348741388173,0.6601716941682481,0.6335125746369128,0.7273471459227168,0.8805113675107772,0.711377821188672,0.6485230106231468,0.6914656639050571,0.7360929379597914,0.8611374100667212,0.614556653381269,0.7208648040605491,0.7456802799922599,0.6104309439612866,0.7186498199095805,0.597320505828176,0.6845585425678676,0.9117901593781483,0.7440726577525507,0.8845681990609341,0.692260922764626,0.7342072286331752,0.7384598325313556,0.6572910861294757,0.6627914017246138,0.7123565890818301,0.6134434295736904,0.6869910702834461,0.6540199975084058,0.718129518815095,0.6961705874701389,0.7082653797488093,0.7690490328984733,0.6701103580003209,0.6484780472444466,0.8504578437352186,0.7235533726936638,0.7747235864647944,0.8223666859948534,0.6069669467308081,0.6043550503052476,0.731914100379742,0.7249416288831015,0.6481752785056805,0.8047758587013202,0.6896895340944439,0.5805310871599938,0.9256762645041268,0.6012536469249198,0.6575702920915063,0.8413655629008818,0.675686888361086,0.7466167439566991,0.6337181071384043,0.7844826625627358,0.6844572054910837,0.7963941022575932,0.6428414261383525,0.7326581352089243,0.5795473372226186,0.718985840493319,0.7249105705069537,0.8116785315594613,0.8009066233797099,0.8531431789893061,0.7398205732797515,0.8198881748077668,0.6534927450306377,0.7516816376700443,0.7061120622538193,0.7358914278377722,0.7902638617396286,0.7960141422158977,0.8730746019558276,0.72447670956401,0.7018081872319318,0.629310102713264,0.7045025550021378,0.7301004494620401,0.7527928548087012,0.8395890457947054,0.7669792875843219,0.6923840063959728,0.685621499531088,0.7425875360007791,0.684961733955688,0.7159987212513772,0.6038629154779953,0.6685880846199396,0.7763499345313536,0.8151820075284982
0.8205102208135907,0.8957825156141793,0.9254770447523479,0.8720663372367274,0.6784902122047944,0.0,0.7627808121080298,0.8439161825131899,0.7424751663068365,0.7910771140918215,0.9186453798379717,0.8747101791167096,0.9511755884343778,0.7724705045389061,0.7396507112632967,0.9248249549376019,0.9396439152213881,0.7708593192924962,0.8530475085029431,0.8445830573981882,0.897968745634289,0.8819520225113572,0.7177364387896502,0.855333709046852,0.8806296581151083,0.8036567203769305,0.6755424924639151,0.9182803984899358,0.7726780604985141,0.7245661868441657,0.7494858669043541,0.949914341336751,0.859999939738971,0.9129175693699694,0.7255337132204374,0.7785257702220129,0.8236291863350447,0.7961211956584088,0.8037639026818565,0.889203827273895,0.7937380113463078,0.903367684192098,0.7500378616358263,0.8255417399929398,0.8768383665129197,0.8498955435363021,0.7034425645474536,0.8583954367982224,0.7944248027703791,0.7705946826571365,0.8451975001151255,0.8845659081486104,0.7497619701939514,0.8909698275681617,0.8418304606148346,0.8899423977898175,0.8431977803055337,0.8672124335244189,0.7876734775277826,0.8038922896440714,0.9299820348690022,0.7427312620956764,0.8924455017866662,0.6839875574956072,0.7282469147593689,0.8753072559637984,0.8799924556589381,0.7907965133321653,0.7269864669291777,0.8024320365715149,0.8334308139378211,0.6477304423982541,0.8514292719118808,0.9297859388591024,0.9357157446061756,0.7327215231183738,0.9038724516090796,0.7435620057114007,0.7955660604905715,0.7612030787785924,0.9441726333451572,0.7633626738098784,0.8551630279305245,0.8855608379543017,0.8581579586845337,0.9028240276634518,0.8192456096216061,0.6660269321183193,0.8355878456064713,0.8782491864172086,0.7460802584711183,0.7330306073524221,0.7729648578606528,0.8508195404320804,0.8120366745046259,0.796142591766929,0.836847852600811,0.9070772253822246,0.6113772374044214,0.8877860258877149,0.7221140302600034,0.7939458692697094,0.6774950043477241,0.7050274139344078,0.7838899953114281,0.8909065488188487,0.88249921462649,0.9248784045624049,0.8186330186163192,0.9214778006593684,0.9019817479503667,0.7217127450910874,0.9107373456726514,0.7914095875208131,0.8212870403692195,0.9006127819885378,0.8758488301793362,0.7351174502979211,0.9605916147095918,0.6950445814043787,0.715682034055376,0.6642504517463639,0.8490338223282291,0.8941813507929138,0.6852606847919873,0.8586588034884367,0.7783324533722966,0.8332435577792101,0.9120190833818546,0.712328467196127,0.8666051434901801,0.9480365579834342,0.7695318333118665,0.7906774701232521,0.858820452186324,0.720101404010298,0.7923591205554014,0.6902809281860977,0.8083088162681702,0.7267732640223465,0.7754961655512557,0.8687443747190462,0.793810966213396,0.7903084462914512,0.8337596032760006,0.7192685654090422,0.813731237189358,0.8558496734155446,0.8240197889655138,0.7688809293359824,0.7853298546216401,0.764437945414857,0.789895405212441,0.801189508511072,0.9244045366695018,0.8390205671080508,0.9183900324528311,0.9402720292334547,0.73064863538251,0.8763110229936859,0.7751143581680101,0.7335734179635119,0.845023077808514,0.8045085099801627
0.8437319281080571,0.8509718042530727,0.8099870234715251,0.7657599740754952,0.9192009270541043,0.7627808121080298,0.0,0.6787114225318392,0.8025070318483373,0.6921877005804197,0.8611752308477553,0.872787785071341,0.7419196476142025,0.7566080669496551,0.9154196999832022,0.7938851039336737,0.8058539186316673,0.8479943045120545,0.825470399340176,0.8405857494011523,0.8642237228942035,0.905712242133229,0.9211756258848666,0.919777775589432,0.8079017063159775,0.7735800725078388,0.6445659233973957,0.7039163275056303,0.7786645314501272,0.8120154719699458,0.8369082738624115,0.8015326828427095,0.8658355830528702,0.7831250073983521,0.8468210380398696,0.8440897933387377,0.7664149489023481,0.8208131290846971,0.8856637326427883,0.9021903822597243,0.904911661072098,0.830869834818312,0.8421977622719471,0.9462638183624672,0.7843134359914519,0.8027877235020535,0.8594620586313485,0.8644254979847789,0.9446078196073707,0.8760403938102632,0.8703533072192164,0.8278121154486241,0.7783251422342436,0.8471128936932735,0.8548939484906591,0.7541560578204269,0.8518478035143344,0.803438803913854,0.853118277123932,0.8010780270832447,0.6982562358126668,0.701135252932933,0.8047924172225682,0.8157571100484208,0.8465726312040476,0.7513804510746146,0.7314334122216016,0.7945937218070345,0.7313855351480224,0.6866655453102023,0.8611132402165833,0.7843629340773773,0.7197770035211126,0.8023634253760912,0.7337364854551679,0.7177586635794072,0.7623105579583088,0.8325811604785467,0.7494855668462067,0.6685111804920728,0.7685709448643431,0.8145624328853958,0.8858845856737476,0.6764610014501147,0.799058825105349,0.8386777921932577,0.6664983293318633,0.7573002338220381,0.6559287743959561,0.7812224714485854,0.8743280356391717,0.8580532099222505,0.9202753543548079,0.797552422223472,0.8369309737322292,0.8134424490444072,0.7466634351388276,0.7995191148776235,0.760610667258555,0.705892240254459,0.7730480412665744,0.6820465659317961,0.7704860094104137,0.7716252925799839,0.77836628470414,0.7836719662389667,0.7263398949022514,0.743150139188523,0.9033231118469747,0.8428053027119012,0.8855549826458534,0.8692432130621931,0.7011089734410457,0.6363920060582212,0.7871832761775472,0.7712196771151212,0.7671450346685063,0.8614484332618096,0.7929197606340909,0.6160816588528243,0.9281429597776623,0.5928615620625628,0.7691705119184319,0.8989025296378932,0.775376464289615,0.8161961602193956,0.6812746546747455,0.8041575567419748,0.7908084702409515,0.8424304082675563,0.7079601429614625,0.7757605342313475,0.6262919282933289,0.8138543457900842,0.8497724616703346,0.8977847956353211,0.859282973965969,0.9092177148434452,0.8451647465398319,0.841186454561338,0.7487413325713406,0.8281850512260274,0.8052763175435655,0.8249953542997053,0.8720604425426022,0.8629766535431718,0.9254808370869717,0.7419291994119253,0.8022723004874734,0.668940944829645,0.7955723697611771,0.8316584631524796,0.8263406330271807,0.8740993989729167,0.8555512311427246,0.7795850956040186,0.7836936654636355,0.7786536190090805,0.8022078061339694,0.7455989121319924,0.6729887246939227,0.7688349757638527,0.8784584074521706,0.8818651870426998
0.7610285035693971,0.770643397803824,0.8319144946540321,0.8856274771080448,0.6274670084397176,0.8439161825131899,0.6787114225318392,0.0,0.7883764131948395,0.7155715046236771,0.8403072270999108,0.8383252140083863,0.858668861917118,0.7148710105949937,0.7675991047734346,0.8440521369401288,0.7921662633673863,0.7693889570213411,0.8215505961106125,0.7916420848696165,0.7990439940470546,0.8163825705777588,0.689335371135255,0.7277671806179614,0.8054069076406888,0.7719262359914606,0.8140319371576279,0.8382962962284733,0.6670097698483132,0.7133834922237833,0.8158128790648399,0.8821067342268346,0.8757432345107214,0.8468752087936969,0.6935342965025451,0.8222762948633452,0.7839485403712222,0.8371239344185056,0.8361833743733378,0.7510377862328795,0.7594338430605915,0.7296526459072754,0.8182001375612388,0.7372126336373914,0.9423862651304946,0.8640737384504766,0.6102925880086489,0.7698327140043246,0.7290040804267027,0.794742177159229,0.8401205039961074,0.758516047205853,0.6991296181090861,0.8436950802264136,0.8631435671155855,0.686696178342419,0.8011454383070433,0.8908697139906092,0.733007207160857,0.8176938352276216,0.9344186839989026,0.7930470909537477,0.8885982150026608,0.6729671441433384,0.7151086796090713,0.8475809216565854,0.8399903838726841,0.7361943676128507,0.8139229932934446,0.9297916016180992,0.8119583193680612,0.6446846290561236,0.7741273414078277,0.8869138350421816,0.9055618335796156,0.6609711387822031,0.9168492098824039,0.6456500529282971,0.8951602615999721,0.5817490257960481,0.7322439919139427,0.7952434386693694,0.7448786800747512,0.8623095590532056,0.8126639310496755,0.8730807810011343,0.8880548974313126,0.7866631647170335,0.893489197948861,0.8141393864762495,0.7544723690560811,0.7430609483494078,0.7615478796174087,0.7560274840900004,0.7498364259241267,0.7558521009559238,0.8860188812735902,0.7856125061031932,0.5932466334894743,0.8473425755284323,0.7040573781880783,0.9668484443897108,0.8138776056811836,0.7244131273503743,0.8671704976311354,0.8433076538751665,0.8879491117874754,0.7455250625223853,0.7556435210611541,0.7257832231473204,0.7955287024658999,0.7493384993208096,0.792862058099582,0.8999144177466749,0.8226774412922843,0.7582487613555956,0.7183672937273093,0.7375148305868491,0.7667857127803649,0.6869783646788995,0.6642469497106193,0.8627241180628368,0.6742132026518426,0.7797639669871677,0.614324879463575,0.8179633118207251,0.7557262847014222,0.885022647031515,0.8044026759280885,0.7432411828486951,0.77596040303779,0.8644928585571894,0.7917782147104464,0.7507169172923195,0.8248689989700925,0.6539806923661313,0.6952122836525247,0.6786243981676776,0.8348042213396467,0.8274079811677513,0.7983468948561528,0.766098668948342,0.7530918048091825,0.8369705958846367,0.7567361434810852,0.7329986974304428,0.7952991247569243,0.7721042144873103,0.7582678814230421,0.6767851626258883,0.8308302866798313,0.6923029949470181,0.7833155856518008,0.731864422402693,0.8645915594519216,0.8564229996682264,0.7835756979329932,0.7902147394117507,0.67515014999796,0.7845195942659745,0.6404526423519162,0.6354422230174858,0.8400641645655503,0.7172307411278463
0.9406511814074601,0.7960112595287343,0.7102988876715102,0.8110356208754468,0.7294010861234255,0.7424751663068365,0.8025070318483373,0.7883764131948395,0.0,0.6159071015006136,0.8436530195747416,0.7795838136586433,0.7872160280768475,0.8585506339010899,0.8982648639334395,0.7390080815835904,0.7405015136729919,0.9379648853752038,0.8093180513948129,0.9292251762143768,0.7797805830921322,0.8545138513909873,0.787266163174465,0.8139476535370511,0.7910246299390952,0.7572589033687853,0.7532397768524938,0.7757251587188924,0.6590489745763117,0.7321353534095789,0.9221294247819185,0.7845291168420218,0.8722504814919477,0.8057666483000019,0.9313947784818251,0.8379858536877661,0.8064894882992757,0.916571536675833,0.8602682803882081,0.8154581049380045,0.8137525439156369,0.7667714661445085,0.8376491900495044,0.8575441968346494,0.8771475127853301,0.8279570756350341,0.6660564379165151,0.8099214304294208,0.869994975363893,0.8862420135100465,0.8455610371344849,0.7792417457207587,0.7819505276532599,0.811354348414676,0.8205814080885745,0.7368734575579556,0.8821190141329145,0.7669631163294568,0.842128265587645,0.8369569508251798,0.7895114074175236,0.7483305920369909,0.8353848327138194,0.8135237168077116,0.882552601425039,0.8370311091493373,0.8473517312298102,0.7749571094554761,0.795191566063758,0.8164130859993661,0.9105104238368117,0.8642017164280243,0.8411269463946829,0.8001117511749452,0.7917623032245716,0.7844128601609682,0.7657225666079822,0.6493002787377781,0.8659813186949188,0.609027963334629,0.7004735219268861,0.8998427309435193,0.7765954316985036,0.7762995116604515,0.8547688724639165,0.9150218037045978,0.807795606278238,0.8881470140562283,0.7656595177219299,0.8773575144143084,0.8345791538624056,0.8827397961544211,0.8184037942824934,0.8537371858454489,0.8956593456526944,0.7684225274078702,0.8423571835616949,0.7783154950758899,0.8047851300764112,0.7840636533241591,0.8501658543015438,0.7511194634775799,0.8560586650241431,0.6964290235199889,0.9344405434345359,0.7551415513045628,0.7211130282380454,0.7052614666389063,0.7817500721793477,0.7526437159144426,0.8086705626336274,0.9259319343390081,0.7832188960932052,0.7661349691440259,0.8869610862270335,0.760689136538827,0.7674661739739074,0.7785380259325423,0.7028374652162497,0.7384744711384464,0.8527008794161183,0.7085873281709721,0.7855293697035338,0.8148390966891268,0.8574418898531808,0.7472563677296316,0.7115296486262005,0.7974439892015024,0.7249617301914547,0.8759919444628572,0.7519972506375721,0.7529193103239523,0.7917760937963674,0.9233851581551435,0.8856855629681943,0.8649578926519634,0.7962925483395151,0.8876251230528889,0.8720535762780544,0.8614204010298643,0.837227182720719,0.7919409707463696,0.8270101318018089,0.8612952374826601,0.8280601066398933,0.8929992580985413,0.888600709621152,0.6410756646118702,0.7385730927720568,0.6326862612307755,0.9591098467531263,0.7826946391489763,0.8289092202289794,0.6843751308065698,0.7773236121304321,0.8961135139842367,0.8253296604508623,0.69466978568747,0.8919069218095388,0.7666974201584484,0.6053121631342433,0.8372874427524203,0.881286168090659,0.8952996109058888
0.6496895979207948,0.8036546055589068,0.8518100621875245,0.6615043739480401,0.6177178306639096,0.7910771140918215,0.6921877005804197,0.7155715046236771,0.6159071015006136,0.0,0.7828098836729631,0.7954310730495114,0.7623989554520192,0.6931853271618885,0.6591021326721379,0.8075429656098589,0.7412823709370782,0.6620851647306978,0.7148675538911659,0.6967924750047028,0.7041568665623587,0.7592281843513656,0.7227978909944673,0.6827165211564008,0.8822792987192248,0.6205381257434944,0.6972345041496844,0.7202988957669673,0.9318952285580174,0.6831254810040741,0.6967730011821186,0.8388818362660404,0.7050998555342498,0.7076659502366488,0.6512957320855086,0.7189108414801342,0.7193971847948772,0.7126010243377939,0.7055183928562831,0.6851239283148516,0.6820863953622135,0.7133980066746356,0.6856174645117354,0.7135092060228936,0.7350744270975318,0.650758686177573,0.6610300428766438,0.7738471052886502,0.7507429281646814,0.6397760170306663,0.652214772884925,0.6312840135532668,0.6105272255894643,0.7245962913602584,0.8166642751556038,0.71760820493902,0.63365104143389,0.742429754820481,0.735070294154064,0.6416530039618823,0.726084570825532,0.6083511725324587,0.6696402854609464,0.7068202107421563,0.5891361515354541,0.6380484993343716,0.6627987686818573,0.6854821055958632,0.7691845337947768,0.7124265974264,0.6365866568221643,0.6241202620642115,0.6305007810899744,0.7039294527533637,0.7469266781965396,0.6663957206260952,0.6989827635725303,0.7157461813468385,0.6296552392266045,0.6277327571097412,0.7738593871978847,0.5851529827561288,0.7528409833806048,0.7573058609584906,0.619063078791405,0.7074002394874361,0.6832111060545433,0.6223838427785364,0.725208996266471,0.6546979841937672,0.612311729662465,0.6441028212751098,0.739310801628134,0.6262012003278118,0.6147241836468212,0.8371004704162028,0.6550440910742038,0.7898013225338126,0.5614775301650053,0.652151698443416,0.6900313172757087,0.6968002890154913,0.6010724548037267,0.8802678370358612,0.6330323877632873,0.6761528713694575,0.6984072195492322,0.865442363696492,0.7047000559793186,0.7690109603946628,0.7116138696238371,0.5858159224405151,0.6773546544818521,0.73515834519129,0.627408565221626,0.6347755069692207,0.7408988161711237,0.8226442445150849,0.8117309277470892,0.6078209377310838,0.5972320855182885,0.5873441711455278,0.6530200160785402,0.6999409520792922,0.6041958207957423,0.8807713036000613,0.578771186449319,0.7094532960243143,0.880953731194195,0.6802718895874859,0.8254615841650094,0.715386538404086,0.6286491120412661,0.5965370897057315,0.7277593030460366,0.6467000257280541,0.7471052886790234,0.6265506235725499,0.8053020163510576,0.6764261027249228,0.7641014622350825,0.8121412153174684,0.6166925480209162,0.6969461873844632,0.7685407968693089,0.6354603490572137,0.6588955892725097,0.8184947238002447,0.939116014254159,0.7566983316840059,0.6216160592100286,0.8057680376786763,0.6500769299822462,0.8042995760121497,0.8284883587935635,0.689632361053915,0.7023221515391486,0.7514670597012807,0.6459925825930493,0.654872633016339,0.8426926768083718,0.646173985124396,0.7873090846978024,0.613273146968906
0.8968774667213534,0.8901499600093978,0.9158858939984047,0.8540165623216336,0.7831946510946743,0.9186453798379717,0.8611752308477553,0.8403072270999108,0.8436530195747416,0.7828098836729631,0.0,0.9156437258949911,0.926536192108168,0.8089106095878884,0.8556599411833444,0.9357868763223367,0.8854272121614754,0.8682944546533417,0.8599997411404507,0.9005825167343933,0.8966890030502352,0.956342360296002,0.8188211817574916,0.9006536986479516,0.9402125813441174,0.8500544645482769,0.7413864130610585,0.8492311154880776,0.8109517678459779,0.8107039353136488,0.860528976908723,0.937102547823334,0.8938305946547447,0.8721589824077322,0.8238596505115177,0.835819732090016,0.9028407663478595,0.8981493245355023,0.8944833908475387,0.8979513338393411,0.8323966177075888,0.8968172185653964,0.8637437291118242,0.9291919103416004,0.9087125556974698,0.8405787184658854,0.7356284862380716,0.9565011443938084,0.9190674742321321,0.8338410990789383,0.8796321310878357,0.8449600277003808,0.7303825532295725,0.8945099794368985,0.9222211040768276,0.839419165783831,0.8677298562798372,0.9030311931912,0.8354419605903474,0.8007820025181449,0.879249114468191,0.7271565918036189,0.8972611339842593,0.7635324771946977,0.7823312737317768,0.8415062762959649,0.8787998254544274,0.8706514851061856,0.8261739209091712,0.8649689080265038,0.906184928537403,0.7373751650284208,0.8332083085261128,0.9078296194804567,0.8793634087548468,0.7534070982243543,0.9029042367415963,0.8008187010140498,0.828682397394095,0.7259954424791314,0.8707220059112047,0.8124958542184211,0.921144570902216,0.860979576851581,0.84604781543373,0.9322070748078122,0.8568331108243673,0.7615908004984717,0.7866075963362253,0.8939609692791035,0.8388970672348098,0.7872497266632142,0.8622761333993212,0.8303581270601416,0.8412393604346653,0.8890006610656663,0.8227370790967938,0.8651252204019354,0.6760957447127005,0.7992422413544713,0.810803684177536,0.8243356801298265,0.7638032100066778,0.7799908558539782,0.8267909054227774,0.8615487071203639,0.8128734163942579,0.8833100620371813,0.8359864393837688,0.916205806087215,0.9194009013225006,0.8180218917198349,0.8584968867513229,0.8137974158534036,0.8328861438032751,0.8381125374611539,0.8121191963633957,0.8642847965925905,0.8945327875088201,0.69609171201939,0.8199518821343642,0.692242204622003,0.8307455961199057,0.9274830799168261,0.7641481705532579,0.9084178454698906,0.7067957689099463,0.8818543672131258,0.8763908302472316,0.8274613342146191,0.8396753881254364,0.9013505875778408,0.7916775065369335,0.8365521155760786,0.9285798829231366,0.81826580266867,0.8742133773038608,0.8077529566231437,0.9182235577663397,0.8367800256308977,0.8454962109015355,0.9063887967671259,0.7876464876927372,0.8451408657063529,0.9378153109404556,0.8341687804727902,0.9016784529250832,0.8072674658553057,0.8772723176031834,0.7202233300857599,0.8691417259697947,0.8084405017132792,0.8275240609650305,0.8289327441949023,0.9503390415453998,0.9176359105770149,0.9266530709414625,0.8988804259296738,0.8148388860207774,0.8572604724592638,0.7250263067478784,0.7873531807098221,0.9186099515756206,0.893066614068226
0.7856382054492632,0.9224132096669936,0.9463293078939996,0.8814452319622484,0.7930731823117558,0.8747101791167096,0.872787785071341,0.8383252140083863,0.7795838136586433,0.7954310730495114,0.9156437258949911,0.0,0.8097787420066188,0.7336717617774294,0.8658785849724736,0.8872977718937803,0.8938430079527736,0.7897269120027477,0.9327882555287761,0.8496274213703376,0.9355402829176271,0.9529261928087944,0.8642272352604866,0.8904053559613558,0.8655164856352188,0.7591867487275898,0.72126919271543,0.8170754998446269,0.8136862434624526,0.7911896950726014,0.843333571617366,0.9091603781347078,0.9341174525272011,0.8859215912220427,0.7681182853712494,0.9239609225266026,0.7600921945782989,0.8409670307693929,0.9527500882720075,0.8841421323366078,0.9264736863956008,0.8531897929182948,0.8353189314271177,0.8727960204919382,0.8935541261801226,0.8551146523042406,0.7504589125371813,0.8518864278243944,0.8640156255969814,0.8844604131463802,0.9044022008883131,0.8424122469943635,0.7878361326729422,0.9552123517706208,0.9488106639403295,0.7427005037744816,0.8680846949026498,0.930404497539437,0.8452662163114328,0.8681626963163188,0.8383132591267817,0.7439287318630539,0.8706167512849384,0.7936898451125576,0.7935087899964998,0.8051397652480587,0.7801133445723146,0.7401258648795898,0.7676084987088941,0.7749582936674914,0.8289379170905623,0.6901716893623231,0.7508783220158939,0.906932579408977,0.8806503983077731,0.6559910113384887,0.8791115228813101,0.7806011587298227,0.7987705900910638,0.6202123200214147,0.7958823453214335,0.8263629367599686,0.8514632351437359,0.7569012850533618,0.8413224058257046,0.8991512935837921,0.7383496194939766,0.7343469394461353,0.7475496801592203,0.8099098386004717,0.8243437788874004,0.8426316981685226,0.917271149042167,0.8000051179874234,0.8165040802529415,0.8232820647535215,0.8636121192279086,0.8822833644868343,0.665125970604131,0.7921814038546006,0.7321917405073934,0.8211673741998627,0.7714572294625933,0.8273343867404852,0.8225903860559843,0.8436152353636893,0.8836368275059882,0.8220708459801856,0.8879170531263519,0.860180576451944,0.9366279061607549,0.8180355264165186,0.7430817086192251,0.7617778007118908,0.7893287056361794,0.8044347368211865,0.7857275066249221,0.8627839656535372,0.8844183524944488,0.6258783264161083,0.7961254403400686,0.6704621790280988,0.7414956529049878,0.875535762537288,0.6722864216202747,0.8959141275072605,0.7582963816043505,0.8936118049555726,0.9255417583316125,0.7761863340493961,0.7853051593510767,0.8947009717942644,0.6586830394719081,0.8034070420559691,0.9031521320228626,0.7643055891535994,0.7892812803418955,0.7805221667225642,0.9025890624661899,0.8699822815986976,0.7619014082218424,0.8605234796477991,0.8383514414846616,0.9198887709113407,0.8498293788902838,0.7691534357767358,0.9170714713530417,0.825803694638131,0.8721507876886336,0.7680370182025135,0.8015774175237516,0.8087372934917371,0.8953100900095388,0.9230715698365705,0.9728839993372568,0.8065710137337864,0.806009760763669,0.8381658775089191,0.7173914378471259,0.7509864051947795,0.677479739664333,0.6826137361604749,0.9184067202290511,0.8031214164520265
