0,1,2,3,4,5,6,7,8,9,10,11,12,13,14,15,16,17,18,19,20,21,22,23,24,25,26,27,28,29,30,31,32,33,34,35,36,37,38,39,40,41,42,43,44,45,46,47,48,49,50,51,52,53,54,55,56,57,58,59,60,61,62,63,64,65,66,67,68,69,70,71,72,73,74,75,76,77,78,79,80,81,82,83,84,85,86,87,88,89,90,91,92,93,94,95,96,97,98,99,100,101,102,103,104,105,106,107,108,109,110,111,112,113,114,115,116,117,118,119,120,121,122,123,124,125,126,127,128,129,130,131,132,133,134,135,136,137,138,139,140,141,142,143,144,145,146,147,148,149,150,151,152,153,154,155,156,157,158,159,160,161,162,163
0.0,0.6519850070895791,0.5173561293970099,0.5177155793938588,0.532538411256525,0.5056244883290458,0.5829640398790983,0.5270464718693021,0.6246566161616575,0.5096240082446705,0.7146480331541655,0.597155712880529,0.5651205914729366,0.6130786688500901,0.5676999602752151,0.5621495156207612,0.5228576770592429,0.6856161126336154,0.5677395955735265,0.7483228127247726,0.5870715362663183,0.6530098904454675,0.49857134503595685,0.7038834232342238,0.6593429505325309,0.5626663440647298,0.49076512897294794,0.4860413375501647,0.6357886472037682,0.5189685423966865,0.6603266893303977,0.5709464808501378,0.5713763424875965,0.5201120548147422,0.6706581355934682,0.5414115588243967,0.6939645344883196,0.5981810840326209,0.5712607170620853,0.6065619016543594,0.5363335947801761,0.554202339636333,0.6172198994423032,0.6929521906839125,0.6521530865367238,0.5622887807522171,0.5282917103037642,0.6850945828038426,0.6427922606227766,0.5584298215943698,0.5893496680801434,0.5552395175025201,0.5292023577773092,0.5888076436894272,0.6190007553939296,0.5157839190558222,0.6427481537600238,0.5369859933520656,0.6349190308389497,0.5523811348421976,0.5189657876962513,0.4732534152587094,0.5678192190871395,0.5406780519499109,0.5807104048942107,0.5904107885893295,0.5984874606605554,0.624720571852418,0.5507461325615005,0.6030025296848438,0.6696395746042372,0.6230137279903241,0.5651086919928975,0.5560072435251528,0.5202981604643425,0.637294730031427,0.5100831889287873,0.5570530737837575,0.5594321806226955,0.4876654708323948,0.4982571798065764,0.5836937085020756,0.6134894252899279,0.5172461853284452,0.5401346624070293,0.6064807439206474,0.595480913267042,0.5729655266871899,0.5087103995771719,0.583682329485719,0.5644402271441038,0.576928938231176,0.5689981904926368,0.6419460553421432,0.5699114424579284,0.6326737322357123,0.5210694240253806,0.5284175321226272,0.5377848804537846,0.5244897837385745,0.6555731856710085,0.5266231638827081,0.5182444426719598,0.5412173721625154,0.5875555297224038,0.5157990359388773,0.46677393611614343,0.5061277070093066,0.5604988332361561,0.6389878890831758,0.6283762331410331,0.5625191202042253,0.5223294922623192,0.4826253080693352,0.6042899761776895,0.5334319265833386,0.5699156783403277,0.5963378394850936,0.4916588959277972,0.4926316057315117,0.5901124735748757,0.45989851572486895,0.5955132812632637,0.6564993685446274,0.5938961432671833,0.6628441577884543,0.44651585336991106,0.5988158209186392,0.5410811269900959,0.5921095847761465,0.494694535157838,0.4915578325120598,0.5584400244637976,0.6230336457652987,0.6494836527886365,0.5391426129590899,0.6952585714619139,0.6060566214006228,0.6343848818794433,0.5691488339788968,0.6130567228557728,0.6054979139639376,0.5685506445370113,0.5106554585468406,0.6856238121385898,0.6085837193817116,0.5641778590771979,0.47226215335223454,0.6348552514763263,0.4427732392730965,0.7591230471058027,0.5843413419446437,0.5521644989497538,0.494039391630327,0.561895219514435,0.7371193104235003,0.546787231293276,0.5137663190729994,0.6482344037411195,0.4987299943057913,0.47168035368437977,0.7191816649625236,0.4681821134793981,0.7831996865447632
0.6519850070895791,0.0,0.6349394404425331,0.6136513633724183,0.5135916627135717,0.5921160395921331,0.5897009490857021,0.6291019884124203,0.6406910650125884,0.591242687902112,0.6387775165544279,0.6480388999742097,0.60166518988395,0.6467104123660772,0.5266078505175666,0.6049541493594859,0.5883682249372875,0.6540990647672967,0.578938626146619,0.6001510704108146,0.679952656013263,0.7015737100658711,0.502436293843987,0.6303425870431599,0.6565917930901385,0.5831439732680624,0.532995184752489,0.5098222259766754,0.6474882810718889,0.5387725894255349,0.5806096854594286,0.6086721614044956,0.6633321683180972,0.5226739214936471,0.5422440377809001,0.5680065023507963,0.6078404908039375,0.6053556460833254,0.542063818319428,0.6806562825312695,0.5832113155638012,0.6922524002295679,0.5508097781376379,0.581974192612102,0.6816323206223148,0.6179069264496585,0.5714634864617434,0.5408790247771436,0.5739951291018034,0.5550964927607406,0.6349727660504252,0.6351185390477025,0.5981895932692953,0.6756557879266063,0.5896496283671642,0.6081086613118885,0.640536538828865,0.6196338670088782,0.6497756997332824,0.6057656029172381,0.5843632554410398,0.5316873509931713,0.6153233304312757,0.5244296724130338,0.5549223510421545,0.6275681382479954,0.6665154890088744,0.6262218137670904,0.5608078063729857,0.6509930488137253,0.6652761292649922,0.5526082695716019,0.6072103378458016,0.6499464284860546,0.6185130963907878,0.5787271310131751,0.5569674209488535,0.6125498562233944,0.5680082467208155,0.4977027010648561,0.5628842018027358,0.6370682441329074,0.7056869384028721,0.5492877639671855,0.5950042117927087,0.6892334050010698,0.5919621782919611,0.5575001262033534,0.5575701338000253,0.6952114587092053,0.600300029673954,0.6397626157081898,0.5535035604435358,0.609561278955534,0.6501023935142447,0.6331797904829456,0.5827485773625517,0.5996849332564125,0.5324845856744843,0.6150192769952108,0.5566135618937967,0.5659872608392981,0.5407919590859526,0.5669043859502253,0.6121930977283292,0.5755926148477534,0.5323083911265709,0.5549780567804435,0.6249685919543033,0.6410280553571713,0.64018038611237,0.5639521701289395,0.5632644591577627,0.5451995134304036,0.6145079907140568,0.641419980297521,0.6095913211561697,0.5080876399995927,0.5443809152767021,0.562147445934286,0.5378803563019964,0.5151100322002663,0.5668350657226324,0.7156742889141998,0.5114209529826066,0.6753978885375849,0.5282926551209142,0.6646114973448689,0.5996020524958052,0.5671596387289671,0.5853139203593356,0.5830068495907003,0.544598068535556,0.649151524737682,0.5612347944460379,0.47183344284732126,0.5650626874990831,0.5366709616379647,0.5928056736534527,0.5720063110778021,0.5970600417051226,0.643945569748757,0.6973665601714216,0.5689116408386787,0.6377320254211858,0.5782059445966685,0.592629454532183,0.5512616627675093,0.6453960910172539,0.4947027728525763,0.5996993171499182,0.6153799367469203,0.5690163409432754,0.5829654618187154,0.6447196022026351,0.6893425537012564,0.5161897594536907,0.6028698148185724,0.5658653940063244,0.5165880779273565,0.5294275617922318,0.6335791037402247,0.5332286720602201,0.6533365065927113
0.5173561293970099,0.6349394404425331,0.0,0.6084101940239841,0.4483476393056594,0.6297209036776935,0.4820795550163577,0.7254420052151034,0.5243224430411487,0.6309212848371079,0.5285735090906826,0.5437919720532958,0.6029921734390006,0.5918384939687668,0.4339617180573669,0.6317038738562738,0.6412766089279887,0.5668051768231172,0.4962109338396914,0.504395414692622,0.6799880623720018,0.5576730063240113,0.46617221113839236,0.49767794058512355,0.5862758829755448,0.6440235836741827,0.5210240693788416,0.502635336197295,0.5508854834366186,0.4845196001342948,0.46788462579322876,0.5792386518791591,0.5771490516838448,0.49916372471705867,0.44762850510981683,0.5372147472441829,0.5267575973012372,0.5868524893070973,0.4479786490896045,0.6196247154421545,0.5505261820735179,0.7281092738454477,0.5022782206420255,0.48315981673507,0.6316712982898668,0.616687997024362,0.5821979540711265,0.4649076154403951,0.48229322321424073,0.5048762387657005,0.5676229917043946,0.6994324494937639,0.5430892719822673,0.5798926549611734,0.5018726883586148,0.6484976401737086,0.5528478664183306,0.6433052843321192,0.572482183715104,0.5560832747211213,0.5965505081195878,0.584259738387216,0.6592523374918023,0.501256992588461,0.47842286299291076,0.6366194835197545,0.6342922548781347,0.5780104610574969,0.5934443393082849,0.6465467940483169,0.5783596597753209,0.4833607033258822,0.6403794744717268,0.6701745722321852,0.7200200358122875,0.4970627959451908,0.5463373976669388,0.5803738190974663,0.5940768166474097,0.49298758839301904,0.6599796222578995,0.5492683455085908,0.5928858273342235,0.6262190137376232,0.6437100809866892,0.6915184284678614,0.5793208678380819,0.5037503309300333,0.5717961595560903,0.6174775441962029,0.5691274316332277,0.5497296269646487,0.4765410945847428,0.5086833646299496,0.6298418033532138,0.5417632170095219,0.568105317191644,0.6894513763874185,0.49226602933879066,0.6627951293761397,0.463039440380346,0.583506893997282,0.5533375293303735,0.5550806630126607,0.5853757509788268,0.682574082100229,0.618181869950462,0.6228123032297459,0.6093772396492242,0.5545086126704182,0.536598145612012,0.5402824359183391,0.5881843504028006,0.6028023371954957,0.596892681541253,0.6921095123569667,0.5979265119313257,0.4292738449146983,0.6301084096220472,0.6355599049276672,0.4649811858937174,0.5853384404894763,0.5495390519097363,0.5854970272760815,0.43670811770386786,0.5712286306289894,0.6310683395458315,0.5883419633090134,0.6711692152058734,0.5202471271573625,0.6537327151826551,0.7564311185460445,0.5115390331680145,0.541247287177726,0.4729628139461934,0.4087495647735173,0.47989712237856047,0.45822066943100065,0.5484614977371326,0.5066929727034842,0.5265500049841453,0.6131277227531036,0.6102117294528993,0.5684030059841405,0.5669673429712065,0.5449963429629926,0.5106849493778944,0.6029693233094036,0.6284925119152487,0.5887137696842694,0.4868422023157491,0.5430712907903495,0.49266305896516155,0.6216589824980879,0.6839385827722326,0.5716300546364171,0.4433270328061357,0.6614579559339092,0.45952993910293716,0.49764246603601203,0.6267738090976551,0.5319686982508578,0.6076137283936276,0.5144262936496812
0.5177155793938588,0.6136513633724183,0.6084101940239841,0.0,0.46705007418430394,0.5698528879584847,0.5637373688158313,0.6324159520234335,0.49619512243840114,0.5974973350451755,0.5724949042473836,0.6108757530644887,0.5555906986698834,0.5722404341218266,0.45823799462072456,0.6052692671543782,0.6413826542149103,0.5739787736946383,0.587659920689376,0.4882632994525677,0.6612677881108104,0.5362182588875393,0.5253311998703436,0.5104265732475641,0.5887477078974473,0.5848654388843193,0.5631327021391118,0.5535733426622191,0.5922612069872423,0.5133787128919479,0.48664592847487276,0.615275064221958,0.6639073362942349,0.5478110088672468,0.45912840550270273,0.5594683856699365,0.5150927201388885,0.55981914482575,0.48969422799606027,0.66561603883291,0.5725342715800973,0.6043292456774593,0.5145054577476541,0.5057270185838745,0.599986874741081,0.6152335511156738,0.5164064531419992,0.4629589944341141,0.5383208558828613,0.5167946668947769,0.6650692703763134,0.6367830117390911,0.582934414162009,0.6682416884201807,0.5940155878340205,0.5232999606266803,0.596143324527429,0.6893276855979364,0.6045970993122152,0.6120650201627813,0.5835170609708159,0.5569776173621017,0.6317886402753365,0.4826249543170756,0.48898324871522125,0.6020099495113425,0.5930356512465065,0.5120384649150546,0.5505840899221367,0.6195703876200575,0.5339696708689546,0.4931122054496612,0.5893982454483148,0.7086093702673202,0.655023498653031,0.5245625307933344,0.6182631561086498,0.6098928932597651,0.5650616907506922,0.48569903577485274,0.5523362669445828,0.5537527705151312,0.5563119789507378,0.5387005140309626,0.6484899574502603,0.5757088572821637,0.5421838695042165,0.5456723794001364,0.5893029081024281,0.5246667244397173,0.6118490668421515,0.5833651083094625,0.54064623187889,0.5551582939177373,0.6316158263126057,0.5220360839362785,0.5373924209176,0.5859343189374212,0.4895129524432973,0.6716560466593846,0.4837784157987602,0.6245932318114892,0.601038316893088,0.5557310788331445,0.5955308429510788,0.5741497531551217,0.6137594980550022,0.5514797219646064,0.6190817164515648,0.5151588964234974,0.642045992859641,0.5476782617837554,0.5397536887552667,0.5964493422788011,0.6113102363961984,0.6298606391743389,0.6193466516901959,0.4654095409131095,0.5935322031790164,0.57914699972364,0.47037046742956845,0.5824546001537727,0.4986638138185776,0.6383791893505961,0.4292467126269534,0.6240561315191999,0.5942535643694429,0.5812093914879486,0.6384608397538357,0.5003057978194342,0.5355690993815523,0.5939393627158104,0.513716370773818,0.5445550247233831,0.46334902441606396,0.40308801313168446,0.4595018474461295,0.47420331046982744,0.5356247351061423,0.54576556175763,0.5556716741100541,0.5831452460959031,0.6680128639631121,0.566281798677566,0.5496369593752406,0.5291205929508973,0.4835657173998769,0.5912139598446049,0.56076406158632,0.5214883909370549,0.5221727762862383,0.608607164759546,0.5399063364716735,0.5385137424942419,0.6702037242333176,0.5368087538252485,0.4614931541178028,0.6068630001676606,0.5084376542231546,0.5739753557455878,0.5465510678930808,0.5387844508686236,0.5546616286778836,0.5306767600155378
0.532538411256525,0.5135916627135717,0.4483476393056594,0.46705007418430394,0.0,0.3929411855582263,0.5716502421653226,0.45386724541548396,0.6010442882875825,0.4281331134507051,0.4915790143760499,0.5369429650332223,0.41231601377749777,0.5123176692689753,0.7046994246016115,0.4480207119769881,0.4358726661633806,0.5787228931393287,0.4945117395311673,0.5150759892373257,0.5075030732305281,0.5730317889324725,0.4728742191900079,0.5233131157237512,0.4772715969995487,0.47899160025570203,0.4656182136184542,0.38843588594821127,0.5084127642812883,0.5046748023215114,0.6650857714317304,0.45210036137600895,0.5663269153656242,0.42243146028535766,0.5921890323778751,0.6273756787347378,0.466635813318246,0.5636266226715286,0.6502480071991881,0.504470339497188,0.6068094853740822,0.45849798423758636,0.6277187354156973,0.5849361654831048,0.5129793737332834,0.49745955049465307,0.5431759512016463,0.479862162831707,0.5363594196472635,0.6497437621780395,0.5595667812417243,0.47164114087110964,0.5320448813816814,0.5250802360953928,0.566514511068478,0.4209664833071742,0.5418720449573158,0.5029010737992193,0.5565244368773864,0.5354557422744345,0.3969838839514989,0.4764018873510634,0.49130377297571226,0.5972889184180459,0.6266060236231047,0.4612574054536599,0.449061055007105,0.49342941286124065,0.5214431096338061,0.48200525138115957,0.569202225994437,0.6144073512921313,0.4401629036109062,0.4650328140116232,0.4343232787546727,0.46548453788300026,0.43362306030106706,0.5230132046019182,0.501996619146731,0.3740862958281589,0.40844408551310835,0.621348814793884,0.5157301542385879,0.410815901274293,0.48419674710246136,0.5137495495135354,0.4318474888329271,0.6011538127106945,0.4292213201640618,0.46736176630588194,0.6144011307494489,0.6353369164080418,0.6407218245325391,0.4711786433772106,0.5304069903825529,0.5249132253087844,0.4873800933356192,0.4532986622144491,0.6167687731112543,0.4334500629324487,0.5369699850249381,0.4677354578186918,0.5414904274967124,0.5490510903150664,0.570995728991638,0.45046674346169663,0.4228286482488381,0.40929727786130005,0.5415747064903629,0.4322738815152472,0.4983073304118057,0.6155452676299684,0.3934579354519592,0.44009039644166764,0.5160124600589088,0.43650463103934706,0.44846245110486505,0.5725716357132924,0.40014350073654315,0.4493887949676603,0.7040767967808402,0.4586989048856263,0.42341733260926173,0.5179499590187654,0.5032585008749131,0.516598802009711,0.42976295766984607,0.556327426003916,0.45308535838119446,0.6179852838826783,0.4303413096589203,0.42785840745631426,0.4131962069357614,0.5638998709510342,0.5089799037652439,0.5409274026659101,0.5006096050127585,0.7020623545457199,0.5480821487446401,0.640069346918683,0.5052334566496898,0.5031113620827841,0.5398133521735475,0.5594171002766565,0.5407150293033705,0.565276958836371,0.6347295443858014,0.4296109161176506,0.5060707843614972,0.410063947710797,0.5597340148715535,0.5360584105392964,0.5625551734842659,0.4999857656101752,0.4892064958078947,0.5087453192740452,0.3894195374169153,0.41970223056583306,0.5175636778635057,0.41705207901765523,0.4138931212387476,0.5118755812594795,0.46091038204363804,0.5654200195809995
0.5056244883290458,0.5921160395921331,0.6297209036776935,0.5698528879584847,0.3929411855582263,0.0,0.45796054245050605,0.6083598450783065,0.47198243895013936,0.6176503754316011,0.5400357534111524,0.5052645055912562,0.6732574848391399,0.5388937423534741,0.39532879279656974,0.5987303856074023,0.5868260020517374,0.4987953656753241,0.4792672262267696,0.4748095059418843,0.5651460240577618,0.49918827059667803,0.43461885264685796,0.47525862804036717,0.5890920053761565,0.5457891759432107,0.47290631413845763,0.5310249964409437,0.5417746874071807,0.45299768836140614,0.43429792811601375,0.5858268945616046,0.5101390344632327,0.49828402554021556,0.4217164283652587,0.4479143765055982,0.5498913536829633,0.49442094256475705,0.41158211471270056,0.5500443540105697,0.4551206909445482,0.6601078671148448,0.4394999443018984,0.45986022235493024,0.5487881463070627,0.523545565319988,0.47199301528277987,0.4693151145653787,0.4625037057104674,0.42817384332374014,0.5045826878803914,0.5864624530797407,0.47606238973842985,0.5300420428558766,0.4733867693235977,0.6551008590441451,0.5009662474014698,0.5492869773547612,0.5047140934216893,0.4825546220749032,0.7046366281229449,0.4886603119944153,0.5580563957751031,0.42258805885374207,0.4248494720855092,0.583264684091862,0.6474379701645068,0.5462631105113191,0.4867736130616631,0.6029514679166657,0.510180095853875,0.4350572066065032,0.6263850351943444,0.6021354777592791,0.6469595549514877,0.5159678707557149,0.5432755599235026,0.5208183083922175,0.49687797608387835,0.586364637372562,0.6637261253137064,0.4725081649768156,0.5554729759815992,0.6126108652758883,0.5449968518326176,0.5559940417149903,0.6345949618662187,0.4485772965754235,0.5564814929245155,0.5893152376356354,0.4781437480956346,0.4798407383898099,0.4303785994984079,0.516639031295805,0.535682957378207,0.5218225424927729,0.4951990358194978,0.5854585235646614,0.4292169061982752,0.6282868245144596,0.4520551255471309,0.5289489956190351,0.4701750884003063,0.47578813862089153,0.4942953482204689,0.5504335464120871,0.5336720552090025,0.5985055865428988,0.5022760281762683,0.60391123612057,0.5342709338470829,0.4525103608586298,0.7170305208754297,0.5438942742311457,0.5217578326907176,0.6372383909686852,0.5927036248546182,0.40578425857943345,0.6407556503010063,0.5618831418951615,0.4106940926202744,0.49803757536870114,0.5639501839717397,0.5683077385732982,0.42591763699087637,0.5574893517041538,0.5224065697927165,0.5100134113834249,0.5872623982185576,0.4451183279332977,0.5898523630568507,0.622417842734935,0.5634509858961916,0.4972713770925488,0.45056222172154214,0.38148281553867874,0.4623234073420897,0.40905342332573913,0.47099578790248775,0.4442295339515017,0.5167535942896794,0.5624106488901643,0.530419976077879,0.4688274802962681,0.5221181789469077,0.4726758451259768,0.4420861699461816,0.5524870033357285,0.5478976442624219,0.5054210693350762,0.47007228084518,0.5092094776448103,0.4377934035114759,0.48621068133779205,0.5840925561079701,0.5529007287791784,0.4991874835971151,0.685196819416,0.4624916879710382,0.522668410757384,0.5634124485435336,0.5312980403107642,0.505496450558033,0.49233524805235807
0.5829640398790983,0.5897009490857021,0.4820795550163577,0.5637373688158313,0.5716502421653226,0.45796054245050605,0.0,0.51275766985229,0.5618725367634023,0.5230826795020133,0.5890938563301408,0.657964050045948,0.49508928557329956,0.5541259826970439,0.5746570828000608,0.5319386540640819,0.5109902245619591,0.628753193363405,0.5943167671487131,0.5220480902824111,0.5443922587587123,0.5599903402897342,0.5999918666911466,0.5703399155118891,0.5846061670186552,0.5068238679775867,0.5816112106947314,0.48695942772954426,0.6114479646510306,0.6272594929108586,0.612862732201977,0.5739955455121173,0.6056136342501378,0.52205475973525,0.5337348948012469,0.5464890491456921,0.5466021299535204,0.54076477751782,0.588466397450863,0.6166740795654259,0.5369025799607358,0.5236904948881178,0.5742823983866048,0.556914649493456,0.5732048606596417,0.5694578592241424,0.5234157045368202,0.49260990425830403,0.703071588381647,0.5446429935256262,0.6469796467115786,0.4967029290688298,0.5482610551704755,0.574012044415374,0.6770568600191388,0.4709088926906498,0.6011390340400341,0.5707332432004029,0.6216521408346375,0.6056653886886402,0.4665299837316169,0.4873119360073305,0.5067625188889642,0.49687182465062923,0.5318669234847682,0.5103913657996811,0.5258996786284164,0.5237646762424517,0.524051028253885,0.5570055140293045,0.5406229934960972,0.5632561304109147,0.4829228881917852,0.5583729074874748,0.49323783485657086,0.5853893832063948,0.5528051671326719,0.6312610985582915,0.5078887713868919,0.44305634230615654,0.44552914696378587,0.5603931375317266,0.5990139824870404,0.4457883972583395,0.5249212105033182,0.5211570334785318,0.4903842407820744,0.6378512114922348,0.5315324841990742,0.5122415041389409,0.6168344919016523,0.6327793268880864,0.6634802901876865,0.5627772716446918,0.5527690265219368,0.5548763375134046,0.46839755350224804,0.4854721464817117,0.5157531534104487,0.5268696531889957,0.5629774599370266,0.5500223084632627,0.5479631302317911,0.5406272478416838,0.5550172313376123,0.49139799852888966,0.4734629835068758,0.4696408639343637,0.5958337456913125,0.4981477068374473,0.6286765965574365,0.5444728114875994,0.4499191809204826,0.5039188061393083,0.550595169653784,0.5156456017538437,0.5391372239314073,0.6309367947772767,0.445505213194739,0.4863806886959791,0.5430044817336808,0.48168134674831165,0.4539373298722523,0.6675926149039917,0.466758083409375,0.6410699753385973,0.4626404673974123,0.6235426067887195,0.4983218841328422,0.5391848506557686,0.4813717693687327,0.4599251727716904,0.49068839570033873,0.5347347937835983,0.4836508348077472,0.4514208186436248,0.5290268760510297,0.5671914551419873,0.554361154161874,0.6417493378180541,0.542942122771407,0.5515493078117543,0.6221524225593702,0.5136227866658389,0.5596491502506284,0.5660542463849445,0.5199022167345763,0.5051589391606152,0.5406257939975896,0.42658045011977214,0.5887049512875483,0.6164648876554852,0.5728517775026967,0.524470349339202,0.5510657746622877,0.5561789046464415,0.4824994692535195,0.5046344659828953,0.5773368123511421,0.5397008100114961,0.4533597946557453,0.5632026032641412,0.4792875165677949,0.5897309843202321
0.5270464718693021,0.6291019884124203,0.7254420052151034,0.6324159520234335,0.45386724541548396,0.6083598450783065,0.51275766985229,0.0,0.533219958565163,0.673466064049451,0.5423894741999685,0.5994578291893501,0.6169526371354648,0.5759797316118758,0.44354148464895543,0.6881744124962142,0.6668383072482692,0.590819718007172,0.5320435305314836,0.5073134318586274,0.6572898267142634,0.5380920674940678,0.5171123417540866,0.5014130466998619,0.6274801867303003,0.6322215865603629,0.5937808227002961,0.5449847955798386,0.5605783725585299,0.5486961402444045,0.48843326373179724,0.6341730161122148,0.5871284227631971,0.5475316535034028,0.4480232561737434,0.5380019143968596,0.5431758016518166,0.5909970645661198,0.46289947762962685,0.6419770828626813,0.5436440286978467,0.6926551598238013,0.5239798426955602,0.47856843961621803,0.6785639266266014,0.6826025032824028,0.584431083798267,0.4580041054057356,0.5166098801939192,0.5075521983417272,0.5958853575196696,0.6429382639012957,0.5406759946648322,0.5708626159585375,0.5298720682261999,0.6188150362953082,0.5758874006759483,0.7315617557333938,0.5729382460081921,0.5977161945585526,0.5909393314516256,0.5875003918766963,0.6354331377413616,0.48980168319831935,0.4715672682927268,0.6261979826090521,0.6168760720073022,0.5622322199349621,0.6020644906712618,0.7171800826420993,0.5564516952019459,0.489422914585383,0.5882660067531367,0.7004051486342665,0.7274526808861379,0.5288865038610892,0.5928747627164109,0.6193617908555288,0.623419778156806,0.49307009888971387,0.5949933257691211,0.54094569705223,0.622817627792651,0.6041393019495223,0.6478307226352948,0.6764841300879406,0.5894274992716388,0.5331945003312379,0.6565077153468228,0.6123647200364591,0.5924367890286234,0.5655611165259443,0.5010219160973689,0.5244062383220004,0.598735920664127,0.5453177929553407,0.5364025027004367,0.6662017929109918,0.48366239468238886,0.7108509708583626,0.4710211824346251,0.66001109890003,0.5716958846060332,0.5738637302484039,0.5920625140910302,0.7211495709989876,0.6398524234142872,0.6415460739959336,0.6405523550029879,0.5389228991447338,0.5576646169024299,0.5401836620426229,0.5523100613979262,0.6484935044004068,0.6172872856456999,0.734311877899857,0.6355511476991508,0.4550359957998962,0.5735305593294203,0.6276743212365261,0.4637641020803145,0.618728143352945,0.5203489667399345,0.626884081360865,0.4236377489539792,0.6142114629288945,0.6083025510707829,0.651523192565897,0.6552840585364184,0.5168374026564319,0.6845280086284165,0.6751240340731197,0.5318071134848741,0.522708259701359,0.45996223744255677,0.39833487561468844,0.5000499624679343,0.4638337988929591,0.5641020777510231,0.5467961448265023,0.5254193692407673,0.6080311842186306,0.6271761042078449,0.5477832212913665,0.5617586721401265,0.562054700183486,0.5028502531157318,0.6449018896537916,0.6414982176032225,0.572234464397615,0.5029680143672677,0.5648732797352435,0.5078828009551305,0.6311287237813854,0.7312776487429604,0.5758481818647543,0.4577897058742236,0.7022381444663458,0.4626189285343638,0.535730377019332,0.5934341671248223,0.5347985827796531,0.6009752902001531,0.5148672021955237
0.6246566161616575,0.6406910650125884,0.5243224430411487,0.49619512243840114,0.6010442882875825,0.47198243895013936,0.5618725367634023,0.533219958565163,0.0,0.49393975364125053,0.547635509358321,0.57299183871802,0.4875397891201611,0.586865912186532,0.6142677212916782,0.5031164828849214,0.4739545508667852,0.6212285616954041,0.5022575208539009,0.5763099186410595,0.5566339448605409,0.703514101142688,0.461670573369501,0.5703973230536377,0.5558908496690638,0.5210349554408614,0.48587319918420835,0.41845552612602094,0.5621893946011026,0.5291173455748359,0.7001451823652657,0.5051672035677995,0.5972468436330375,0.4442017407990171,0.5946805438514736,0.5779949619733475,0.558440368234339,0.6034437566539742,0.5860490286637802,0.5427826992542556,0.5708067541377165,0.5607582536279837,0.5831510992576534,0.6028830049404102,0.5860793921104247,0.5332146220828788,0.5809493822846918,0.5337592561600709,0.5375360386434199,0.5802983122972065,0.5638396047233039,0.5208204420689089,0.5433920244708302,0.559971225047542,0.5513754205251895,0.5285225745653046,0.5631553700104078,0.5425843585445609,0.5804900398558707,0.5391773826741945,0.4651865076892498,0.5042477090822333,0.534194030763811,0.5600892599904026,0.5963051921160112,0.5187849558185028,0.5396774648596983,0.625655822625789,0.5460788110606214,0.5731794213033847,0.700930592817115,0.592849542463628,0.5052254666862339,0.5148231922826864,0.4955115444632401,0.5199667566148484,0.4681436606241348,0.5593487091480698,0.5258715294132618,0.4271240767138242,0.4766413928789748,0.677062792051445,0.6607660027079767,0.47385230022775776,0.5141594545237835,0.6166345625712338,0.522940123334252,0.573385853360483,0.4753862624236833,0.6299273838880698,0.591224843156338,0.6710146451841316,0.5584535774049357,0.5124794842734147,0.581203736226168,0.660557847021887,0.5455882542078831,0.517098006798908,0.5908665042507043,0.4866679986096576,0.5755637922993763,0.5038358913351613,0.5230074194001383,0.5674663028549043,0.5898488610306681,0.49923995121584785,0.4500185400225332,0.46501112547596896,0.5589597906264773,0.5230434244892874,0.5272579216915242,0.5781280591635548,0.46550091968542934,0.48485090234450196,0.5423125283320088,0.5012643705907172,0.49709468670429235,0.5308420453256353,0.44332942023152666,0.5093692964577372,0.6099856399365843,0.48870575443792985,0.48780424575086584,0.5908350733048524,0.5578931310027251,0.5815454219441336,0.46175159209328154,0.6362123683844074,0.49411571126798515,0.6268011186031124,0.5216037311126017,0.4919594288690338,0.4782778527644527,0.6512889231552144,0.5675962078445443,0.5372884524901661,0.5710387253297641,0.6006631739890758,0.5642877362100674,0.6025359987811761,0.5664830164200303,0.5791028232244048,0.5915548884088332,0.5697562096348456,0.6169075602524617,0.5880373313805514,0.7422023364896325,0.4767582151321631,0.5856351760037009,0.44126515259728283,0.5958518249970868,0.5657570279789552,0.5365934743021711,0.5530745236774324,0.545962656602044,0.6518793952904681,0.4432028714137488,0.49063504013838105,0.5457450113282056,0.44304469083894943,0.46352664078985384,0.5929692305321139,0.5034153687453298,0.635813205891447
0.5096240082446705,0.591242687902112,0.6309212848371079,0.5974973350451755,0.4281331134507051,0.6176503754316011,0.5230826795020133,0.673466064049451,0.49393975364125053,0.0,0.5339457731369627,0.5492830850577766,0.6596005221653057,0.581567176015099,0.41686970491282954,0.6946966508004357,0.6441357609543114,0.5654718474121918,0.4941026129071368,0.47236653254274286,0.5711549504825946,0.49177605940850044,0.5306839337719572,0.4723946606065815,0.6558656406035552,0.6001387830836554,0.6239599760055966,0.5651344415447443,0.6006247520575789,0.5550001554959735,0.46041036326347967,0.6720120364761186,0.5379820049269762,0.5454138856367906,0.42888518375972334,0.48319497506050246,0.5631715855855673,0.5460806192560546,0.42791765761954653,0.6303767574470277,0.48558954658454295,0.676737120467392,0.48616505565208235,0.4595865773086177,0.5991257566837265,0.619868535120231,0.5532532794449558,0.4497821333629807,0.5262650419989037,0.456481820345857,0.5520657800451476,0.5648980755501295,0.5003531490329585,0.5138498559145616,0.51449219003532,0.6577470346706217,0.5280587629411193,0.6347420129228591,0.5576473078984643,0.5459843704916971,0.5735754744230108,0.5547346770978862,0.5542096620693621,0.4568752135530122,0.43506256496071655,0.5760733209446081,0.6248127353867634,0.569227389731014,0.5737006089545044,0.6819516601345293,0.5114960932702054,0.4764890531892778,0.5703072775358774,0.6520096063446525,0.6499659456111844,0.5737590830516319,0.605951576249109,0.663899662477318,0.5524704471371296,0.5636899268358105,0.613477598204518,0.4804065041280402,0.6309711211587117,0.6010739613312911,0.5987063385033389,0.5832502983531593,0.5876343346469467,0.5200261513926128,0.7282221064175137,0.5842454803675563,0.549529100369285,0.5286398234315001,0.48047884749280223,0.5102540385422838,0.5654362260088843,0.5455031387612745,0.4663783878280591,0.6187969178009813,0.46172619477624366,0.7149966507800543,0.4729227595589958,0.6052934579232188,0.5406067578487355,0.5430270208951752,0.5310003478103443,0.645112804661902,0.5811354305540248,0.6719688816083593,0.6040225650917165,0.5385098897266597,0.5377026293138689,0.4944604268151132,0.5747696982515393,0.6809629242726135,0.5719656850854553,0.6965707174428782,0.6644504005250844,0.4503552409416811,0.5680565542008338,0.6506789141437408,0.43516274551242723,0.5819666156063947,0.5097689543382918,0.6339957886086484,0.4155066224496191,0.6233711534102236,0.566039206795104,0.5820738802468848,0.6148977979974164,0.49065356800448856,0.7104719626683661,0.6026361699238448,0.5671732939187364,0.48038280342384093,0.425865294397973,0.3825755910179093,0.49198940346897285,0.4411562965645692,0.5231980875369043,0.5113170739425771,0.5270873737861276,0.6100037443238301,0.5771447094397967,0.4951538562920432,0.5504481494430856,0.534436746389643,0.4507776061782875,0.7153552839659754,0.6142158247429612,0.5474490901316093,0.47325369231555564,0.577819195175289,0.4570432205259032,0.5899577251183499,0.6713479000139752,0.5529715551756313,0.47442932776429375,0.7994017362226388,0.4686851839446108,0.598428525906519,0.6522537260561372,0.5452656899882584,0.5999989871587547,0.4904893701042412
0.7146480331541655,0.6387775165544279,0.5285735090906826,0.5724949042473836,0.4915790143760499,0.5400357534111524,0.5890938563301408,0.5423894741999685,0.547635509358321,0.5339457731369627,0.0,0.6050045928361716,0.6115699808006178,0.615242375460499,0.5113013210927677,0.6077898039340428,0.5647644429375774,0.637533864387082,0.5966149899909442,0.6431973226470827,0.6064103089608042,0.6047920512014244,0.5132283408474378,0.6588229983315603,0.6790864406759844,0.5791322695948982,0.5123472842559547,0.5409353245850268,0.6773589481511554,0.5128574184510629,0.5740439265324231,0.6228996062758563,0.5722507465250429,0.5600807127001546,0.5754789206092591,0.5244691761581206,0.7018598627278093,0.5776524171359764,0.5530348138685737,0.6482114634424903,0.5180379194786499,0.5634664376784181,0.568746760302411,0.631982755613059,0.6406889153576377,0.5669603812003161,0.48716040742311634,0.6522370398747672,0.6539467433231135,0.5246385596393673,0.6136952928692911,0.5618468213510257,0.5268209521756906,0.6241266921962468,0.6650194329877855,0.5115033767194432,0.6531640492746015,0.5587691799876029,0.6352583905521892,0.5627282210356309,0.5852910635052377,0.4771421219291854,0.5767741116628087,0.5044081882093537,0.5325020728077917,0.6172527544156959,0.6581608150026858,0.5845753784290105,0.5359394373375157,0.6260682290777396,0.6053045277504099,0.5716985334129083,0.6052249107662816,0.6086598230194896,0.5547934486811605,0.6481491225607214,0.5823792679873687,0.5772192725869794,0.5487621048096916,0.5372219115309023,0.5172144995822902,0.5491731584154026,0.5875555057856988,0.5381933072938311,0.5669617435525741,0.5746918524340534,0.63992129373079,0.5582290329138937,0.5351295729621878,0.5638122804776384,0.5568809707030434,0.5463085399703641,0.5614705288219002,0.694967723733452,0.5845573896450645,0.5859944818734709,0.5176901699329512,0.524139855308442,0.5054189454530534,0.5623324960559352,0.6351890576575484,0.571855538456536,0.519753842943713,0.512613073875866,0.5727544650998437,0.5198546018232507,0.4964760801933212,0.5239338328878359,0.5558364155965584,0.6561222577825556,0.7171972493716868,0.5443229669207684,0.5664239623282421,0.5148237038228963,0.6049334498265178,0.5587147552913074,0.5976125051765361,0.5698497732331825,0.5303635538389461,0.5047496899913853,0.5381804556062616,0.47316668406677465,0.5995595235924992,0.6954662790245052,0.5391254883035489,0.7007213201239458,0.4644054216840904,0.5897927883047044,0.5680406451415567,0.541775988926968,0.49032801169689233,0.5150943188770668,0.6310052048698276,0.6007372973084765,0.5985769573341295,0.4805773940041089,0.5880651431656857,0.541531723782637,0.60053039762219,0.5516647687059331,0.6049596586237107,0.6221258812858105,0.5797628230368479,0.5074708630394359,0.671880796755885,0.556261101303121,0.5062860673986965,0.49532585722138794,0.598919888730385,0.45790355507677183,0.7087053951716852,0.5925235136515054,0.5536816906012942,0.4790091259440932,0.577379908911685,0.6969965519414643,0.6067791122308733,0.5455651432763614,0.6498436205056175,0.5647048891586539,0.4829833025844513,0.6864902361482285,0.47672228995982385,0.7225689867594676
0.597155712880529,0.6480388999742097,0.5437919720532958,0.6108757530644887,0.5369429650332223,0.5052645055912562,0.657964050045948,0.5994578291893501,0.57299183871802,0.5492830850577766,0.6050045928361716,0.0,0.5298748868641664,0.538942362338795,0.5331863425461024,0.591831549959133,0.5834232298918349,0.6347871633431813,0.698449079102532,0.5680991470536487,0.638763956479811,0.5802607769478126,0.6128530969198077,0.6174496538168188,0.6364914532242567,0.5476225975348804,0.5835579273204836,0.5406278371080344,0.5775514132709185,0.6344704457333327,0.5885376097280808,0.6046185582593067,0.6204019026173442,0.601836043665793,0.5195467612531309,0.5676349633027103,0.5475908948567401,0.5645340461370939,0.5697664896253559,0.6581131951227563,0.5727741137977129,0.5888108945756394,0.5820298280933164,0.5445358888762675,0.6665458483112825,0.6417419091134166,0.5534971680129088,0.4907377549807543,0.6417479324250338,0.561369775402565,0.6642555883799443,0.5760793079530575,0.5569256945966877,0.6225061817356954,0.6240475148527321,0.5066147884997052,0.663130122368466,0.6700205355942803,0.605516310073351,0.6503319856353097,0.5061661085012681,0.49848502309120796,0.5642657118132758,0.5040379690573232,0.525626473884887,0.5603516273048257,0.5457633220387649,0.5176306559181689,0.5388483199777956,0.6017385982668493,0.5538882303160754,0.5295220644530351,0.5184477542250407,0.6195413697613238,0.5600367236535937,0.5566349728390226,0.5672834810164266,0.6113024568346582,0.5731753970078519,0.4478527808713243,0.4747694464380256,0.5876993706870581,0.6102713822185458,0.48156353782065636,0.579848169439499,0.5994781267177286,0.5203829786324773,0.5769960961430629,0.5683411388364294,0.5553226498457268,0.628616378690882,0.630697128157466,0.6007861914751038,0.5863377798141634,0.5623411669306972,0.5497046645121801,0.5058883181134036,0.5600672133799243,0.5000063952767059,0.5839134015554639,0.5132095346775359,0.5900322601641662,0.5653086868462915,0.5790144495417338,0.5855660219137351,0.5620713723626067,0.5302190092879351,0.5354782835031904,0.6238803428520526,0.5442248146737757,0.6888864482855284,0.5643017192508148,0.4739048636151258,0.5269463208745165,0.5936915747939198,0.6033579453507397,0.5972764848635435,0.5627994545832237,0.49202635323336197,0.5056871551284253,0.525151118710002,0.5021902119975983,0.4993361861799491,0.6773959937788716,0.4501266254410385,0.6456789474759598,0.49692022239374306,0.6783516173076837,0.5656857094219084,0.5210070685055772,0.529625733671618,0.5124579356860655,0.4931817934391992,0.5550493071142221,0.5050791911149641,0.43064131106215586,0.5566781594237374,0.5363652724007594,0.6020335806707571,0.6302935807241534,0.521373571863909,0.5604601122838845,0.6613688466428227,0.5283126629321835,0.5647323845640578,0.6007484134517515,0.5460812398889544,0.5203421828737018,0.6044419081280907,0.4702820167092613,0.6012810777206595,0.5832534052231112,0.6254313314664335,0.5601458025622597,0.640061311490707,0.5732305772213487,0.4893743411704655,0.5576516231600641,0.5200854510879763,0.5263808944968303,0.4677498715506511,0.558727746249589,0.4959055775127731,0.6002745060440675
