0,1,2,3,4,5,6,7,8,9,10,11,12,13,14,15,16,17,18,19,20,21,22,23,24,25,26,27,28,29,30,31,32,33,34,35,36,37,38,39,40,41,42,43,44,45,46,47,48,49,50,51,52,53,54,55,56,57,58,59,60,61,62,63,64,65,66,67,68,69,70,71,72,73,74,75,76,77,78,79,80,81,82,83,84,85,86,87,88,89,90,91,92,93,94,95,96,97,98,99,100,101,102,103,104,105,106,107,108,109,110,111,112,113,114,115,116,117,118,119,120,121,122,123,124,125,126,127,128,129,130,131,132,133,134,135,136,137,138,139,140,141,142,143,144,145,146,147,148,149,150,151,152,153,154,155,156,157,158,159,160,161,162,163
0.0,0.5523330966612928,0.4568908631241796,0.5366251373402329,0.42364317772350885,0.5348493001164444,0.5483795290950517,0.48344158265810644,0.660502227663914,0.47306120382818556,0.5505137789874005,0.5074483083514038,0.6184790811965803,0.5922094703502796,0.5872259096052217,0.5215810414776154,0.6045207582200575,0.7499891313684846,0.5736668316495173,0.6530436673257098,0.5876627528591223,0.5541589147274376,0.5943593633958336,0.5110940603414714,0.6040917650298802,0.5224796645503447,0.5326653998753627,0.6078428028604386,0.42361703334408757,0.5461857206183471,0.5870665264842763,0.6103646731252882,0.5194566437946778,0.6068607488789312,0.6432044937991197,0.6127400212402523,0.6080334802423157,0.6926667604907174,0.5105097768087008,0.5737685697680932,0.5729947590416977,0.6085054201786204,0.5730977790714953,0.549543698853128,0.5748208079022206,0.6461870209210708,0.49292799664059006,0.4867584969177764,0.65630392349758,0.7021078571101369,0.6605826589520296,0.5745886291750328,0.5988952099452516,0.5442422407911921,0.5322811121303427,0.6044197633069498,0.7335214051244177,0.5277874078516261,0.5631022590321921,0.6791485888633807,0.49906289132196135,0.6234371051033049,0.57870028585334,0.5299520724033375,0.6475325242274972,0.6186991198479218,0.5947130013535584,0.5650169033496321,0.5801285854281525,0.5307435946529937,0.6456482262997378,0.6012819619623408,0.6323955998096633,0.6393792772325257,0.6165913868044419,0.6044923204377883,0.5168909150452511,0.4773672531244149,0.6055571312608492,0.4669764374074633,0.569957022379696,0.6850798619170345,0.5625108389558852,0.604722233936441,0.6899828424296318,0.7032388877942375,0.49537430787772435,0.6383030276721274,0.6257109626233563,0.6222340347417317,0.6570342035896373,0.5837198166001154,0.6109862928245182,0.660418124784981,0.6746431388012738,0.517671069532038,0.5000397053284613,0.5496182096934044,0.5693621325865171,0.6193786028840714,0.594015258831386,0.42712997757725957,0.5655792843138034,0.4618079316210502,0.6820318126560674,0.5884006412433967,0.5737196353860954,0.5857403694596297,0.5946048728989891,0.5264461657981877,0.5728574745089954,0.719246036353468,0.6790613092038478,0.5844519715771997,0.7097345441029966,0.6141272224599771,0.5843570325534712,0.5158254777748166,0.5079867709277679,0.5946552567084853,0.5657906798092932,0.4965720948339338,0.6173465111385094,0.5964970071987422,0.575227401215476,0.4878622613705686,0.6215844872691128,0.4832907859616175,0.5290261724233699,0.6159589440195505,0.5923073121174754,0.5470431958855436,0.5465792915560233,0.6723557042070947,0.545613235704919,0.5758027018729868,0.5666883857734162,0.6143576276314935,0.5479144853558027,0.6433112090167427,0.5019216144696247,0.6068083344418468,0.6595263071588733,0.6207745848801791,0.6199033652127235,0.64406086655967,0.594479226983177,0.5450700910517446,0.531809910309578,0.48767147558362645,0.6155183185103761,0.5634696144257672,0.6040183938150926,0.498428074362318,0.5824017209836179,0.6040496798003093,0.6022110486124922,0.5341365021509467,0.5265620626557652,0.668321092210835,0.5322855948633656,0.6035546984881224,0.547410804381052,0.6800977634240428
0.5523330966612928,0.0,0.5031810911895435,0.5171712681622077,0.406584360526859,0.5378793668141594,0.5751206241320732,0.4362691487877301,0.4987522941303081,0.6384567224556013,0.5308445371291913,0.5675000709323542,0.5345676445528086,0.5592979085728749,0.5575730695704091,0.49159700561072633,0.5893891360648972,0.5634768018993271,0.6046373649431136,0.573016390554266,0.5778460574890077,0.5888391298137675,0.6025244018378532,0.5497809269039413,0.652505926404335,0.44373295091297227,0.49685502792938563,0.5682710923462614,0.5734804580440565,0.4721035996207285,0.5307468337236568,0.5633883236983644,0.5312179205107999,0.5713081770953512,0.5877430656662742,0.6350586342120723,0.504683173411428,0.5602169647696575,0.5097878474915265,0.5858004685713021,0.6557298633546189,0.5752433849618207,0.4729238363388965,0.5402928319005122,0.5242306977137786,0.5342279887621021,0.480964349518371,0.4788582615139151,0.6350317159324353,0.5571748983773116,0.5342195224473602,0.5142215693662626,0.587349456475413,0.601444641300177,0.561908512348577,0.5832239270452366,0.5564266437860403,0.4811074831448447,0.5948208711703132,0.5864694750822655,0.46440430200074695,0.48483862622618623,0.46866776298623497,0.5570473933455307,0.5278034315938352,0.4947951518130861,0.5143710394119665,0.47307605766099475,0.5039414278134877,0.4464535524598364,0.49185990668200774,0.5428827689888724,0.5059391656855692,0.5539304417320434,0.5611435855486107,0.5323297480256184,0.4513625386680512,0.4836083998233605,0.4874967372319837,0.43898380252224456,0.5751350907070927,0.5162107882403126,0.5424160618661811,0.5318261885356268,0.5398921082808593,0.6051423219082154,0.4123863310777811,0.4915864932529205,0.5338122779159836,0.5419808826045526,0.5055817973628505,0.5613504021117848,0.6222538693862563,0.5488794228619319,0.5661496625467979,0.5680273698230831,0.4560510992605196,0.5923955836841688,0.5049865633143289,0.5490289850394947,0.5674784731624951,0.38069760386731166,0.4825814040854481,0.5473729114682505,0.5132693684060227,0.4982527656854875,0.5283256929495189,0.660722689880617,0.6017927780645878,0.6211861839539758,0.5800221121112434,0.5354686593946545,0.5379322503784695,0.5087213615937982,0.5364143665794765,0.53967658220008,0.5901736464501797,0.5471777828317842,0.5908943853156903,0.5099313596019616,0.491895489262129,0.4124062530232678,0.56769193208699,0.5446861577466988,0.5166984172605472,0.5532342971910537,0.5144342437137981,0.4458608483469372,0.7169133275682259,0.550565656395483,0.568757986206117,0.4864244736491396,0.4393947576590916,0.5420553349687266,0.5551927730336739,0.5424432338352991,0.5580282274280433,0.5757767851550185,0.5921995663081344,0.5469697924738519,0.5074057735165524,0.5939513085786239,0.6021360591422814,0.5829682116716532,0.6034382246931516,0.5130747892457067,0.5260135379874464,0.5759212794715529,0.6653659792858897,0.5415291186552799,0.48072964218251296,0.6406161413555794,0.5736748710799913,0.5686590289680653,0.6193111089863599,0.5021066401789378,0.5498665127333368,0.5177671450063966,0.5282407643291486,0.5073597198577608,0.6040130596622391,0.5480864402954817,0.518781277583742,0.5285101133162297
0.4568908631241796,0.5031810911895435,0.0,0.43090293184928113,0.4728377771441585,0.5825866833787089,0.45959554287771054,0.434962268502948,0.406617013848326,0.4960887282238136,0.6251552144189999,0.5743907444445062,0.5458497280272203,0.41197598236303246,0.49208370267009727,0.6520457028467659,0.5601999998911413,0.44798243719402575,0.48056702659006495,0.4458585420471291,0.5785401926376844,0.6503975219300818,0.43286170481928377,0.5167844949441627,0.49223024131807036,0.47855088213392394,0.41505892857673093,0.4392408857309143,0.5047794551478099,0.5110408059750173,0.4400127846005656,0.5457801895566745,0.4574230522278059,0.4384679426908651,0.4115602578614964,0.5014317671764466,0.5165718822843696,0.47539642888046757,0.5272659093105411,0.47313756553656106,0.49861964763329214,0.4806570959049635,0.5153481387124857,0.509920679205221,0.46580655352855355,0.4692857053488527,0.47715909089384584,0.6064777141793402,0.4737515379306868,0.4967438517105594,0.5150255278758686,0.48514231752278086,0.4184812655747094,0.5540924452796808,0.5558379222891887,0.4377876145818994,0.47317192871522756,0.5779426362667067,0.416645266853011,0.466123603239438,0.45555079177297114,0.45215849898956184,0.5172820634943787,0.4115758783321648,0.41594265742682135,0.4329764662380559,0.4245098048797818,0.5189637360269946,0.47117452136648086,0.44249363948306586,0.4844018942079487,0.3975311374740587,0.4034515213098267,0.5463079512359434,0.5052573266937582,0.39675571074334204,0.5213250902787588,0.5281622495280001,0.4355787469147649,0.4246154889345457,0.5022625502158121,0.4279842829060279,0.5589765525716238,0.47425682291815374,0.4292778019945111,0.4825667038954544,0.4094245496067559,0.41138961290662623,0.425232033633264,0.4391523664724251,0.4966442377722065,0.40094672181029484,0.5750579519556346,0.42708612333045476,0.42142899808938145,0.5141090607558996,0.4147500979596366,0.41961780071362526,0.3792270268893507,0.42270508782264077,0.42434258523708257,0.4196540137276496,0.3916098900277119,0.4276804082477182,0.42462882054184176,0.5198310247385873,0.5132003656573181,0.4693688230717179,0.4914485983513147,0.5513278754338309,0.5118466678674269,0.4319482897035751,0.4482678237455401,0.42016418015551776,0.44855105901133946,0.4857399840767425,0.40969679725120667,0.5387753041355738,0.5378440555207398,0.3932408070247863,0.47142874378120464,0.39750616652403015,0.4248539131413923,0.5137227434195185,0.37564165139140016,0.5677937033389145,0.4254353900378843,0.5345794206674659,0.5238059302657845,0.4625713769441402,0.43940314033300215,0.570408823745621,0.3969457969200493,0.4149214054508888,0.492095139764147,0.4468213512785594,0.5168910965848559,0.4516248308787367,0.46722313300283663,0.47485572712721885,0.40625094350937524,0.5170914911234573,0.4261824353296917,0.45407989865280496,0.5190390834106305,0.4251543512434631,0.5428851603786643,0.532162970604911,0.5027654847240473,0.45025116893429756,0.4077294949299423,0.4255879559195787,0.4970066323986215,0.5566468017011815,0.5097997899202035,0.4515175055883267,0.5024231261320043,0.5513675053618147,0.38098824192442765,0.45930532142661407,0.4359687466683992,0.39076835909212276,0.3922429158302733,0.47102407099018095
0.5366251373402329,0.5171712681622077,0.43090293184928113,0.0,0.3729451204001496,0.5205219632095325,0.5268059258190464,0.49257564177108915,0.4879345039586121,0.4612281611801178,0.5076772848513121,0.5137477702912574,0.5175267951481084,0.4838011455981008,0.5618436458602274,0.44153199209440547,0.48362180379764597,0.5156628832149821,0.5445697467728041,0.47164389653398786,0.497217959826912,0.4883791009711005,0.5178506970341341,0.4664664728385756,0.5494456803305988,0.4853125921122642,0.49673929489072705,0.5445449171296378,0.41813836901794876,0.4257208267215074,0.5376039958026495,0.4878516433493798,0.711121609953283,0.5660453246814819,0.5324695350517488,0.5667153764120328,0.5200916310531247,0.5116449380202854,0.4728590578232276,0.5124313000535442,0.5705706478973218,0.47685599240903614,0.4718202045686998,0.519965603932296,0.5441530267127607,0.5076983815903429,0.40636998689878795,0.4499373578909484,0.5177291108874361,0.491839482116672,0.5486625014710788,0.5236213296380261,0.4676009114806097,0.5928124403531658,0.5320283217358664,0.48619844863968054,0.5014610733903626,0.4995156729561353,0.4709984882129324,0.5149313255223674,0.5083135096646412,0.46653273752780156,0.5123756004559298,0.42846773728342696,0.46557602408722,0.48064747721491957,0.5322357140353913,0.46370881131081393,0.4729566495877138,0.5125950570437872,0.4958668411111818,0.46207531928513906,0.5086945195455889,0.5476458286304547,0.5167024262532052,0.4702424846927289,0.4624336563265377,0.42847772930506783,0.5274754989772458,0.39181182056633856,0.47480395081828614,0.5582915172422196,0.46734400138808246,0.5382015866066469,0.5102451255104554,0.5569426194123982,0.4722140419588219,0.49677419781415055,0.5281938534690183,0.5177961947475077,0.5258635855334899,0.5481132656337829,0.4973185646363587,0.4862359113799092,0.5138270639503363,0.5403569941566463,0.45202214937105617,0.5402361435923337,0.44130970775436384,0.5808619312882547,0.49429655694396607,0.40893255188254346,0.5800906774764797,0.5144944212520657,0.5339512712747877,0.4697238012544135,0.4873286700443736,0.5120320782422557,0.4985069689899787,0.46191722199420243,0.5591653443112921,0.5095708238834747,0.5813130967115189,0.47885464648773224,0.570293954723008,0.5155547985135881,0.48953968369769535,0.429095515475672,0.5276682679769146,0.522542733252274,0.4242921601758449,0.5146646405945335,0.47442232318910854,0.5076134867439956,0.4428790012114592,0.5054865385257445,0.4860940475602194,0.447333821812137,0.5305826201399054,0.48920916145663557,0.46569243004711414,0.44348408576691495,0.46512134856546,0.5475658867180015,0.48430498636313263,0.4265611622194925,0.4434303614388741,0.5335095414501908,0.5097072572575406,0.5075884868010627,0.6150527623661283,0.4574525664594558,0.5326557556031842,0.5132716724702274,0.5016015020521092,0.5352649266354257,0.4921169925949934,0.4711808972899647,0.4698406429474408,0.40342491038240513,0.5550332126178618,0.49686947629911316,0.4800870308714425,0.43516214860185076,0.5859412331124774,0.5129201371851165,0.5005364998381998,0.5068404123575878,0.5882550292174794,0.5094854224311909,0.4767049395081148,0.48437582357094877,0.44935294872117143,0.5083260305205249
0.42364317772350885,0.406584360526859,0.4728377771441585,0.3729451204001496,0.0,0.4482365665057683,0.46593062834426047,0.3338943427508892,0.3647636440717959,0.37195764241937834,0.47587933673982097,0.44372489165989587,0.42355463631508383,0.36473931988413766,0.433567946032156,0.49114829804017585,0.4809892658908632,0.4023196812134412,0.39469514473768996,0.378218775394186,0.4977688151822737,0.47363280101197075,0.4045417944247797,0.5122845892762337,0.396926532730326,0.4723713353341126,0.3497252354674349,0.36745403531297216,0.40576915824941934,0.5203016495420099,0.36955347967469054,0.42261882889860763,0.39493388168412635,0.38084529262787903,0.37713257618502116,0.3986884666063623,0.4373883846746481,0.4027412966163187,0.41791741144428607,0.4455698241259616,0.4474873284143566,0.4540208742134168,0.43831489526975637,0.5052487413308876,0.3654393284271478,0.4092934633134325,0.5519179364900594,0.5034163694403552,0.43178912675446346,0.43095371720401265,0.462722018080084,0.49560425731984425,0.3840168658598022,0.42499405663886347,0.41075986293709915,0.4118853772911758,0.43017225600599773,0.46441083914441694,0.3620600556368482,0.3991584689978093,0.34181335031965054,0.4026498376113051,0.4450259689474052,0.35978404233512284,0.3890921379376024,0.3737819667946155,0.3617089226241539,0.48808491205602905,0.3770601426429614,0.3537767295332857,0.44692106831262307,0.3659370818426194,0.36008993590056515,0.4382373128212213,0.3873960157701277,0.36754090724007343,0.4224293343850096,0.6041456460372053,0.3778379116508519,0.4936829554210569,0.4569178073743157,0.3864546527256193,0.5387113873355284,0.3755943785637015,0.39503510075953363,0.4063509182289542,0.336375861090381,0.36099124169498753,0.3584965373006546,0.38809077757575833,0.5052524163924187,0.36689473967820463,0.4885831059064328,0.39402186182001525,0.3912493536099162,0.41846672726736417,0.33209193728183306,0.36952308372023007,0.37011770688011897,0.36513452793533635,0.37101639341499276,0.3302383981407405,0.3568291998176412,0.3556691270289116,0.3660296024625249,0.46219520891008375,0.39705293039308104,0.4009258878104215,0.44844455817844336,0.48173866776984914,0.4600171098861993,0.4063826684044866,0.3862006499672992,0.35432261472624105,0.4054891703741839,0.4735529136415274,0.37396611446619,0.41899494525092806,0.4483402566851477,0.36037541588653327,0.5334300837179495,0.339312721232091,0.4084937492969754,0.5014223237628267,0.36408645697943354,0.42284376514866423,0.38364622306048873,0.4267251836537776,0.39948662123493317,0.40263371228684003,0.3787379175673812,0.4619760411212289,0.34173417042683824,0.38846387257759923,0.37968471195930253,0.4424562758742557,0.4847937639445689,0.4356715767243721,0.369955170505937,0.40375868253020414,0.34339489020744796,0.43494844533937554,0.3861615374317669,0.3750878317490765,0.449343231281822,0.40015548508212934,0.5011588603037679,0.44556090835165374,0.3882788319752521,0.3839837541364972,0.3595712138668255,0.3818653948794204,0.4118105802037534,0.4642071473863362,0.42420714688782096,0.3752377620694274,0.42845369826112173,0.505333107927948,0.3573674400534367,0.4383773142982407,0.3839709803359819,0.37503185912587034,0.3594183687008693,0.49481745421891765
0.5348493001164444,0.5378793668141594,0.5825866833787089,0.5205219632095325,0.4482365665057683,0.0,0.507356965020312,0.4831362270289658,0.46802135952981416,0.501227539615698,0.6135552477076532,0.674542209511461,0.5715034302856948,0.4383408309372711,0.5343523574776526,0.5936369875396553,0.5835340675470284,0.48886569214143155,0.6025453408171578,0.48284568699283636,0.6503166638275083,0.5807248376023563,0.47241361726557723,0.5117481324865211,0.5809789483750444,0.5116338452826426,0.4288674278541378,0.49423579339414525,0.468075827619386,0.5438114827048429,0.5184423563375652,0.6127664605631167,0.5361052438882051,0.5261049678395933,0.4679752783803807,0.5611377594763306,0.5763761523231975,0.524669018047612,0.5467237282672348,0.48531036393869037,0.5623500642384021,0.5445824030974231,0.5589026481499982,0.6043526943875309,0.5079268349633286,0.520199639121104,0.49112255612229444,0.5873189115971104,0.5149178642170531,0.533431596509508,0.6119620496060358,0.5930876724378956,0.46481935570996996,0.6336385053168688,0.5885063470493199,0.5143764490851814,0.5382811335344524,0.6904100493586595,0.4410966170025309,0.5073002115123842,0.5023629235136118,0.5152381894555248,0.6279941968045073,0.42435539839913045,0.4674104892741852,0.49324157644348743,0.4677446682399017,0.5482442938003508,0.4771139056681066,0.500968574256756,0.5466074929659124,0.4310920285036721,0.46522259121779586,0.5961160415176885,0.5700147254567274,0.4588865356833764,0.5268294915625727,0.5168879887846839,0.5076514157367954,0.4680435019161205,0.5976785840253805,0.5137279398652786,0.5932153595326,0.5400744562593842,0.5089140490245818,0.5511841493590571,0.4728403372473529,0.4627330721320806,0.49660882502270437,0.500202116738415,0.5700881046526303,0.4846142332186715,0.5944170029113488,0.4923103183741673,0.47750639866331074,0.5975448636333742,0.4630851611687419,0.5094253757899865,0.425453580482347,0.49016704968775143,0.4648094423689784,0.43973868306669356,0.47759993805979845,0.49349012598866465,0.4989765014591007,0.5525249696985557,0.5656918773315895,0.5254919271261668,0.5149863332797395,0.5643195968873346,0.6328003774308483,0.4955660520029587,0.5502496358828568,0.468169613930448,0.5259307549401528,0.5374361758995118,0.4862684262834342,0.5081789232754444,0.6205721546615365,0.45829108333560364,0.4745949830467544,0.46858081705558857,0.4890982424206019,0.5955524422563848,0.4242919256670072,0.5984678975081648,0.4848174349672759,0.5213512611057783,0.577294099434254,0.4771265208043156,0.49430547311125783,0.6004331969021526,0.43926491226511094,0.4970441108647795,0.5156910879498456,0.4682065054435633,0.5398550593719876,0.4817246606544426,0.4645625199298364,0.5419086435039357,0.47620990669478824,0.5468401611070337,0.4914141055725341,0.5125929698827069,0.5677670610131448,0.4974723250754331,0.6078183839721409,0.5624742616360962,0.5305598948435291,0.46341489289097443,0.4893720044004383,0.4952730272971115,0.5063985417368437,0.49279295135887,0.6498805411130107,0.5047081390119432,0.516162576103963,0.6440486133721097,0.43244871105201294,0.540848625066941,0.4740589179500719,0.4612474691732761,0.4447999768902576,0.5339287212992541
0.5483795290950517,0.5751206241320732,0.45959554287771054,0.5268059258190464,0.46593062834426047,0.507356965020312,0.0,0.39303990494231844,0.451552484395136,0.4977943430427355,0.5091077216635327,0.5276361178448556,0.5059337381365453,0.5010044700650407,0.570971801990625,0.47483658814911855,0.5525374533374864,0.5297971103715166,0.5124037495742579,0.47785848000543446,0.564912402643933,0.5181573482246307,0.6269199339778636,0.5986511557013209,0.5580593530306005,0.5089344919867216,0.452910485387431,0.49153296210271386,0.4916213094933403,0.48245893841821214,0.484981225642495,0.5153738642646232,0.5452538046607073,0.5596071352258069,0.5405952555840468,0.5405997706539971,0.5204971154578418,0.4961346917999479,0.46940146443059505,0.6380032754749698,0.6297898738465542,0.5545293477225354,0.4776348152078996,0.6257204827831465,0.47415897081256164,0.5236598096712985,0.5519009423462857,0.49447868140709306,0.6546327881711596,0.5175002229647536,0.5727070471711795,0.5787388256536389,0.5086423580426668,0.5504088550933132,0.5163579373164291,0.5692006170914578,0.5292224268799983,0.4735618411077437,0.5188293910042578,0.5275281599128102,0.41095528408980253,0.47594959982953383,0.471401252045147,0.4694096960706691,0.5002984160941357,0.4650046161834967,0.49114407704638785,0.5182824191974383,0.45225019154221424,0.41480830827151477,0.5087185061782964,0.5021025063969196,0.4754781070932623,0.5416146480845868,0.462974609993072,0.5174720245175063,0.4571832590237351,0.569817432803947,0.4700225133095713,0.4928562229592652,0.5545090272478662,0.5010270429006279,0.5696650466047258,0.46582692587343133,0.5221407384186616,0.5268315998612673,0.3911101952055495,0.47711061996586884,0.4870597084775418,0.5093592895173933,0.5695287615896643,0.5485088543730062,0.5932188200730837,0.5182251582897314,0.5407609911540657,0.5475820094320722,0.39493056211257255,0.5425936293752187,0.4915469700945112,0.5299721845222253,0.5124912850205177,0.36188183731934387,0.5066413101703784,0.4899496935486439,0.470953827575122,0.509117215095401,0.4766773046083831,0.5532115354482844,0.6264730990780119,0.5987964581280004,0.6371744491857311,0.5326601782365974,0.5244772724623568,0.4448301226398402,0.5365888721103547,0.5642918465290195,0.5324354961888734,0.48555777584802706,0.5869833420062077,0.4880415389490439,0.5280058334115384,0.40481588150001857,0.550038927728943,0.6152826269626142,0.48295165209388585,0.5169761853236682,0.495814319028043,0.44381725656633647,0.553024659794427,0.521846788180943,0.4764313810696559,0.456568651430129,0.41224517115867293,0.5091726184189024,0.46383800660050856,0.5250659982029989,0.545495696275561,0.6391087811349055,0.494911335454239,0.5040194687556133,0.47832972572865196,0.5241998178168005,0.556614783299338,0.48860043936317105,0.5792160440403058,0.5693212367796142,0.52441128242619,0.5452930564921556,0.5070539191388165,0.4406541698715881,0.46368091522153837,0.5456349271805963,0.4839608878314106,0.5528131282514783,0.584574140572862,0.4684533890712725,0.522164157515318,0.5721348282619205,0.5479959782477354,0.5608676163379408,0.5515571412821955,0.5250449032858623,0.4776438190611282,0.5715844711280672
0.48344158265810644,0.4362691487877301,0.434962268502948,0.49257564177108915,0.3338943427508892,0.4831362270289658,0.39303990494231844,0.0,0.500508383786302,0.4285966762374199,0.49277006587753464,0.46981473696228215,0.546963297812597,0.4340588037461883,0.49076766790137355,0.46710060654003666,0.435408199116084,0.47235684422179386,0.48500247663298074,0.4848844267237803,0.449317469706731,0.46990502300263076,0.41393153294125207,0.39488501669488474,0.49528711764143984,0.4477234839021282,0.4864190975966611,0.48204344841872426,0.3711557996735874,0.4179271920433704,0.5675366368313869,0.5097432560692574,0.4805594647019316,0.4807717596664182,0.44169449602176725,0.5249269629875924,0.5426067997013743,0.5292395878744898,0.5184360435880971,0.4125883255484196,0.43914804811270275,0.410423810391821,0.529213094203495,0.42505713770563364,0.6306348511467837,0.5001690291595638,0.35942494710079637,0.4470074495865431,0.4398359994095456,0.49108027429228424,0.4935332810487356,0.41623783199433967,0.4096736506272629,0.49856894256327794,0.534057666467787,0.4150588601495555,0.47581499582193426,0.5048699160338059,0.4191308246612273,0.4928644120628077,0.7497024695654831,0.4927640521515545,0.5220923740657691,0.4075204063578801,0.4362011337376101,0.5102253224528067,0.522225524768656,0.4601281222595675,0.516057354028077,0.7384214959040023,0.4985738562078036,0.42709021202913944,0.460017484341005,0.5247569926089335,0.5571317052572662,0.42918853462062867,0.5208137681686461,0.3759768073959256,0.5660127914876634,0.3509739192267588,0.42226778451857827,0.5114597188049492,0.4297491519053941,0.6056166981663251,0.45957378905614915,0.5273657090853472,0.7023203573889569,0.5123002666224101,0.5331312608737491,0.5024302976035179,0.44824867148954034,0.4381918358437878,0.4554374431338903,0.446050764949899,0.43804629502461073,0.4772641886593137,0.5806849343689742,0.43151293095570886,0.3903483697498844,0.4910302197285389,0.47789822765402074,0.6178100512469061,0.4717742275040938,0.42973297275473554,0.5478415857222008,0.4720467745796434,0.5381107459705595,0.43450055537649623,0.4300776348697742,0.40654143105160545,0.44461951849554443,0.4629767204922112,0.5159855261950572,0.5119331824854857,0.5042514446704068,0.42679493047381495,0.41204903896096523,0.45208807468014545,0.41220872249721935,0.44481386717761984,0.39144265457193517,0.6372588636466546,0.40362610813768485,0.44083619219729675,0.39361470913359825,0.48206573548505205,0.4467749111057986,0.5197106714511796,0.45702025247427575,0.4826111577998013,0.44593231987645215,0.47622626444084315,0.5695782078293721,0.46341485987658926,0.5408280392728492,0.3987964009619005,0.42528065811771426,0.43270871469964983,0.4983659727567104,0.5448820696670691,0.49441320501423786,0.4507459631148867,0.44422034530141835,0.5051421270436601,0.4730201891712554,0.45155555491954363,0.47145124661003684,0.44735425536273415,0.45456163345562933,0.3932900098676697,0.5691283370234904,0.4164258165524932,0.47093961324394035,0.4039023206470838,0.4870039462347421,0.603732041255705,0.4802928973629687,0.4414622358543581,0.4115132194510393,0.4569452341893106,0.4077010015494943,0.4074013792526413,0.42014772029595404,0.43119477974199266
0.660502227663914,0.4987522941303081,0.406617013848326,0.4879345039586121,0.3647636440717959,0.46802135952981416,0.451552484395136,0.500508383786302,0.0,0.4452946940989593,0.4777326570661595,0.4520376542883778,0.5291974928950134,0.5779783806113897,0.5017376844717308,0.45379923978162406,0.4998467577153688,0.6418330387918494,0.5261982302185921,0.6455400848186066,0.4875130454524697,0.4858016413334171,0.5155965755904357,0.42520640349959193,0.5511276406458809,0.4404750029352926,0.539278387309833,0.5744195577877816,0.38690821135088993,0.47815607224222156,0.5847476576665629,0.5323073536930332,0.46053907837163804,0.5364426477854324,0.6136375422085415,0.564165500150237,0.5211723452825459,0.6715788487060507,0.4717486186705495,0.47308494522720945,0.4863790606952757,0.5325420358739595,0.49988156094064856,0.45630116378102803,0.5488631817598506,0.5447361037224546,0.41257410724799104,0.42060648127877337,0.5394864788223672,0.5939019296128111,0.5246060771467781,0.4650062813356224,0.5490303008344409,0.47430291753493276,0.478196939346085,0.5422752340276887,0.5977476465853294,0.4712004918257995,0.5301982306376599,0.593084659815756,0.49798853600392334,0.56691188830466,0.49669119661697425,0.5343850356842764,0.5900494074502,0.5695709696202329,0.5688118280387844,0.472922163050689,0.5699908186660525,0.5465439064091872,0.542793145722156,0.5876492325788026,0.6396832110774124,0.5286076493672321,0.6016085619948871,0.5559919411082206,0.4579987832477485,0.4023612697103155,0.5635386465852895,0.4022016918187764,0.486126928932229,0.6509003859317967,0.47051965287867126,0.588094967946272,0.6242818838099605,0.637222892077391,0.5183912359326693,0.6340604328570242,0.6094134047118238,0.5971137298949045,0.5254473009354254,0.5594859365270566,0.5057658352565386,0.5699098333730586,0.618864418564091,0.4681789549231088,0.528925416053161,0.5173471281568296,0.5682616443086929,0.5588707117297657,0.5785603104137669,0.42564149349545166,0.5394807293223458,0.44177832985395776,0.7139470027888581,0.4915903764149863,0.5170833019996569,0.533933771979964,0.48725957392700125,0.4459123697694453,0.4752543322385248,0.6468647815238504,0.602756756861763,0.6627938506237344,0.5837556356073963,0.5011003981836366,0.5378110661555869,0.47255362249802124,0.4349741841929906,0.6139994445894128,0.4757471092047303,0.5091820077333813,0.5408278295632039,0.4808824425938802,0.5885882817277147,0.4344271387131507,0.5751523490933034,0.4368679575694523,0.47702016936300684,0.5514186565350219,0.6128797019399055,0.48897831014659865,0.5840466993172733,0.6728682763181124,0.528221274832927,0.5018767120075731,0.4796771553197702,0.5108614296872617,0.5210963101673941,0.6044952855894936,0.4837236194658037,0.5469221365748201,0.6006788522559987,0.6498644655969699,0.5346065827942218,0.5557911028629725,0.5119911712467272,0.47066871599644794,0.5034572442877694,0.48189458580193867,0.6230247094482395,0.5269360204687574,0.5617686406849759,0.43179595471632887,0.5113273015995337,0.5902015587546723,0.5127127186830837,0.44614275736158465,0.48845163382655615,0.5374136553709963,0.4782789167666864,0.5797843016151746,0.5590753788066978,0.5456625115476401
0.47306120382818556,0.6384567224556013,0.4960887282238136,0.4612281611801178,0.37195764241937834,0.501227539615698,0.4977943430427355,0.4285966762374199,0.4452946940989593,0.0,0.49253973513458243,0.5306926693167027,0.4983894731618908,0.5032754271052353,0.4781373388189417,0.47288562694661834,0.5125830963292077,0.4915346299434423,0.5243209266028952,0.49693290313468885,0.4928239350118157,0.5157507048242824,0.5328971242872813,0.45610630116129774,0.6364648212927543,0.4068525407092883,0.4799284637864785,0.5116566631902062,0.6214084499871514,0.4409827692521096,0.4918616752253961,0.5478479680194331,0.4694182947437816,0.511909345468504,0.5006378655825107,0.5652250291867666,0.47550603054443685,0.5052702561405997,0.46402781901788603,0.4871486969191488,0.5168636196713671,0.49957556854703716,0.44756103699634336,0.47507757977384746,0.49268807851061175,0.4691716996740846,0.4382101469877357,0.4570517688860517,0.5538893703241489,0.47830363733388187,0.4664153640469758,0.43588421361233937,0.47582135118132074,0.5170434404135885,0.5527881697699965,0.5084229911808436,0.46634814340172037,0.45684059657648773,0.5359106606408668,0.4956937047954518,0.4458074242616481,0.4460507757101677,0.42621801155107014,0.5209602210427395,0.44503700695429377,0.4416795657753285,0.46520374782070223,0.44047675678668463,0.5044134691460858,0.4376393580777175,0.43386650623485035,0.4838670669603039,0.4549126794148807,0.49175835503447674,0.5126781444825141,0.48407469321877333,0.4280500400619835,0.4490078409258469,0.4417207413275051,0.40003567505895793,0.5088184004721895,0.44110486415328576,0.48315870813462375,0.5029639672154653,0.4700211753392442,0.5105320727527605,0.40506933279913193,0.4647042785695966,0.5039659861632515,0.46787520527805876,0.4478472644932569,0.4947949797479151,0.5463571933645062,0.45672184370269137,0.47744848601045325,0.5618148279933639,0.4201879202371015,0.5386176402282546,0.44925629304533204,0.48591845148580803,0.5143781487618714,0.38150779442860133,0.4528598469775765,0.5733377429362554,0.4633778592666547,0.4502805471656552,0.4868984041656005,0.5982111474495623,0.5104446494533896,0.5311475275080894,0.5006123422285086,0.46414776968622334,0.48405135368417196,0.4888219763755861,0.46342164192778734,0.45316765973352646,0.518980276846026,0.5648276532735663,0.5455877133052687,0.4688710936986744,0.42155437753861774,0.39950369287959325,0.4777099661099597,0.4716099317067684,0.44837368036029324,0.5528370326124187,0.45446049932506155,0.42392295765758287,0.6858374712383551,0.49461001769028856,0.5329795999783079,0.4463504213763249,0.4154646758210754,0.4488653273630046,0.49862283823952,0.4597272061865955,0.4987584563589076,0.48264522569796037,0.5552838638240499,0.4962734882189946,0.4883671837088938,0.5554515581136091,0.4939336938309752,0.525419554770647,0.5404082338960358,0.4726468737874872,0.45113612239608636,0.5304584565030084,0.719116980523818,0.519952179049667,0.4325079978374025,0.5678909019637018,0.48273750867544424,0.5284123955826265,0.5598306914038735,0.4620581693259687,0.4741994939688805,0.4720838281121311,0.46292478988577346,0.46149946734957065,0.5617059233104422,0.4797104835709828,0.4766817727446622,0.440009253139202
0.5505137789874005,0.5308445371291913,0.6251552144189999,0.5076772848513121,0.47587933673982097,0.6135552477076532,0.5091077216635327,0.49277006587753464,0.4777326570661595,0.49253973513458243,0.0,0.622832705165559,0.6337538589918933,0.46105751561319985,0.5784497321902403,0.6767561424989456,0.604769283026007,0.5245933061204155,0.5482237330407084,0.503713419294833,0.6095366104370361,0.7135410730727574,0.493942620661044,0.5400159876729177,0.5565468884737591,0.5334563665478401,0.48598653408016507,0.5152023337786658,0.4848702820938346,0.5811975802446012,0.5142884632260096,0.5982770299769543,0.5265169678006735,0.49952588167606093,0.4784562991437231,0.569671643575742,0.6233134791552819,0.5630451008859199,0.591617447279329,0.5193601968252967,0.5481959817285452,0.522671835420278,0.5874012222434556,0.5691225723817588,0.5326769958972475,0.5226298962010243,0.46725037044092094,0.6332004091427349,0.5454898763962975,0.5646061506386596,0.60188717791477,0.5282753580174345,0.4527668066802442,0.6145174550185318,0.6405040037926678,0.47068856332805825,0.5468662353648114,0.6873325667583138,0.4493947852819568,0.5295964418323372,0.5112289241491923,0.49552485508331645,0.5952226794194968,0.4404459101856849,0.4594203156194132,0.47737563410125,0.4820028412910823,0.5627176372587039,0.5362856784377903,0.5288376364264622,0.5525944116423891,0.4450817952040254,0.4591631427922653,0.6309047804297949,0.5794317777715039,0.44056125466685125,0.5816445775568391,0.5317901696199689,0.5011245004580537,0.43774137961667414,0.5136679180483557,0.4989074905390316,0.5969982913578636,0.5476846478512176,0.4856029073744488,0.5606280853667488,0.4738339982728066,0.4739409891794813,0.48350224002485687,0.49725459207191225,0.600884009992603,0.44865571870149584,0.6589080133135252,0.4793967173818439,0.47569570283106866,0.5650295248480172,0.44894081184506074,0.4542840185244197,0.4194290994227138,0.47518431010408174,0.4846773189286792,0.4543264859314717,0.4473736735150789,0.4556320715520337,0.49530138950035074,0.555717146469041,0.5417847474957971,0.5134239150433971,0.5224028506599516,0.544529336979137,0.5749345040834246,0.4987325846389405,0.5141866683370255,0.4821097487860528,0.5259586632691301,0.5514672936533789,0.44702981642565986,0.5724250392511688,0.5434252080412123,0.45039997916841784,0.5162379917234777,0.4610572711090405,0.46431266349204947,0.5722057737231779,0.42005591749304616,0.5963201985812862,0.46405071155818317,0.5751995702940846,0.5414179986825135,0.5166653087646174,0.4829048657136514,0.5870609494652663,0.46594148710541633,0.48891665435501847,0.5430585965911836,0.4751175324137493,0.550558834678357,0.519369573863876,0.5243747383969098,0.5555638285293083,0.46339347171179923,0.5542354936279004,0.4781520689162795,0.5091975843418235,0.580336113549724,0.48462146083041197,0.6153335277444908,0.5401617523551253,0.5197962558891758,0.4592369430885394,0.4896891091234202,0.4663973035456487,0.5744965865096474,0.5216806708321352,0.5689429406155583,0.524146124779973,0.5991168836696246,0.5865007290921752,0.4409027036966404,0.5366717195787095,0.4510136230294983,0.4404752237367278,0.4243922665413657,0.569082153633799
0.5074483083514038,0.5675000709323542,0.5743907444445062,0.5137477702912574,0.44372489165989587,0.674542209511461,0.5276361178448556,0.46981473696228215,0.4520376542883778,0.5306926693167027,0.622832705165559,0.0,0.5317136793612749,0.43105218423275526,0.5686353983918179,0.5590513411427391,0.5430000901473148,0.4720505660713167,0.6341759057850564,0.4830623295346047,0.6196519345829128,0.5958979601926461,0.48625737298908267,0.5388729434500835,0.6046360106771962,0.48412576431754195,0.4299344638465693,0.4807511478240968,0.5146446953259795,0.5124986052560364,0.5441247227014085,0.5811227678491494,0.5451188024814144,0.5363460549292307,0.4776478596535893,0.5865070446008767,0.5594790898333832,0.5092770582088768,0.6110623765152845,0.4842758086152149,0.5817355057668272,0.5099484752095377,0.544382807901929,0.6279025234323704,0.5134619289743769,0.4979064405273156,0.4690703957199432,0.6158136582829935,0.5330309346640634,0.5182526285352014,0.5724358521558455,0.5313493245916806,0.4485557682468059,0.6757387999744431,0.6606252937157138,0.4875283670513947,0.5139976772611639,0.625404711463085,0.4456709638837986,0.497300601569124,0.48621729270643516,0.46946285737334104,0.5395374036939075,0.4333571885026634,0.4556710615769986,0.46333906507153566,0.4589997497391907,0.5088915986179002,0.46138897295955833,0.4794162731943051,0.5091589773269805,0.43290733143870797,0.43931611711927504,0.5580904698607461,0.525315662057104,0.44910075116015036,0.5045752445441701,0.5141624694996256,0.48751878808145055,0.4384184823671615,0.5387621131263933,0.49321550365524836,0.5698003005421298,0.506407247858769,0.4806917677651237,0.5333932860694657,0.45187641896229336,0.451591217513519,0.4766610929819213,0.4913634080886829,0.5252922512437225,0.4876961059428933,0.6181031125875198,0.4747216708634715,0.45951431643941787,0.6542121721937129,0.4509086065614544,0.5080076743393374,0.41883743124625095,0.4711574372536885,0.4807738335978481,0.43155325801778655,0.4688074778136025,0.5353422901270491,0.47523629608278295,0.508831490970644,0.532128746052517,0.5190580443263078,0.5098908669237507,0.5876826669538998,0.6597788593856835,0.48225601896232717,0.502188354554298,0.4524823011413417,0.4951317979952815,0.4950857848201261,0.4723351791434231,0.5592515480932727,0.60053476280164,0.4359387733621546,0.46711998585879366,0.4427560587566514,0.4720572921120898,0.5715095193099679,0.42164550227554237,0.6764097684983921,0.4487623386171132,0.5222595010824386,0.6130084217864331,0.47738425184588573,0.47037991547981167,0.5276227150423277,0.42330688604215777,0.48262098143753535,0.5523809373047404,0.46890820516704174,0.5501479200982125,0.49714521868207723,0.49076646983146477,0.5499788560654387,0.48296754615368553,0.532760626299409,0.48072673827646606,0.5076990967499794,0.5827923809206391,0.4868007230270885,0.5920310280038805,0.5408223076230001,0.5633524095330223,0.45513613021337235,0.4865041096366322,0.49790377906792777,0.512003086073239,0.5032623710281171,0.6659420055707267,0.49911053376285547,0.5130237229529356,0.5921031170906462,0.44224162397827593,0.4979473738625238,0.46226513573375155,0.4526054688088593,0.43541840725551534,0.5130897809430534
