0,1,2,3,4,5,6,7,8,9,10,11,12,13,14,15,16,17,18,19,20,21,22,23,24,25,26,27,28,29,30,31,32,33,34,35,36,37,38,39,40,41,42,43,44,45,46,47,48,49,50,51,52,53,54,55,56,57,58,59,60,61,62,63,64,65,66,67,68,69,70,71,72,73,74,75,76,77,78,79,80,81,82,83,84,85,86,87,88,89,90,91,92,93,94,95,96,97,98,99,100,101,102,103,104,105,106,107,108,109,110,111,112,113,114,115,116,117,118,119,120,121,122,123,124,125,126,127,128,129,130,131,132,133,134,135,136,137,138,139,140,141,142,143,144,145,146,147,148,149,150,151,152,153,154,155,156,157,158,159,160,161,162,163
0.0,0.9326390425728868,0.877258484760432,0.7470867866524831,0.9017583815447155,0.8755543686722247,0.913025946563831,0.898667225303749,0.933272232999211,0.8639704105428165,0.8708486017362899,0.9293960954073229,0.8972677357706382,0.748395326945063,0.9069521387560981,0.9014734666297628,0.8446196581602317,0.9222503541519584,0.8654371872185207,0.9706673124708104,0.8974138956060588,0.9314597082928385,0.8781477012094043,0.9211718298986582,0.9489200387449002,0.794774199694804,0.8118970385166032,0.8426049454975347,0.7653305492043254,0.8716499822154041,0.963411962486765,0.8935561707234723,0.8198069565383225,0.9004207787253257,0.9016898467140192,0.7296780660130995,0.9598894248135054,0.8263175812231077,0.859572595544332,0.8002192207156323,0.7687415462709979,0.8943217339775434,0.8715784685086732,0.850250583550987,0.9270009819752437,0.9069056048716871,0.9017444774798372,0.8456972600698899,0.9342333151858051,0.7896606941723693,0.8452996443484748,0.8754450736707223,0.7215917758198868,0.7886981343318089,0.7168254337858356,0.8815058567000845,0.8830190761778922,0.9034918030065826,0.7970702661656927,0.8166994927623608,0.7984566720219394,0.6241240101105052,0.7418236642390074,0.6884559319960251,0.7623542135792519,0.784628749452694,0.8744607642597656,0.9428017783373451,0.8230031322755257,0.9315894474577547,0.974481684887886,0.7291603414821283,0.7210293801247686,0.8571981206648631,0.8519481291093602,0.933547919330745,0.7979165493026757,0.8765997911703117,0.8615184894746909,0.6872071714442524,0.8192024635902033,0.9353718612262721,0.9203667302993137,0.7439918712236249,0.7153628941233062,0.941670004591483,0.8995161891568016,0.8322239766945884,0.8819650909550585,0.9181786454919905,0.9058886798116609,0.9205048457374356,0.770862604138791,0.8138007827068517,0.7637960656631793,0.9429015656561975,0.6891144436016674,0.9001283723474859,0.6503111563562994,0.8571638279286639,0.7399526313699816,0.8144599963848712,0.7385034514129662,0.8938617759138621,0.7487093833830936,0.8951981197774443,0.7011394918967303,0.8911286701854582,0.8406929197340355,0.9503311359788046,0.8991239830095826,0.734227851544667,0.8241061244866698,0.8373652605009878,0.7472026374739645,0.8866719279474078,0.9085706258346123,0.8994132657351568,0.6910921990020683,0.78701662984729,0.8072713775079547,0.7522637099973581,0.8673674926150052,0.9597031747100698,0.7627974352574409,0.8887609712312021,0.6764335929662089,0.9033132359140362,0.7671903536634053,0.7926153306085751,0.854397621663597,0.8256364574092596,0.7602425836921194,0.8594717374368708,0.8795005715728085,0.7321224651250522,0.9543241420816769,0.824268534355116,0.8303786335712575,0.9293203496295984,0.7601056018350746,0.7793244817476837,0.9277229453691311,0.6941796954465809,0.8936778212351031,0.9443338972673362,0.9501842066452024,0.8272574672359928,0.9451534341875683,0.5733106070037669,0.9216158130382751,0.8034506045684999,0.8439850574326521,0.8616774679619849,0.9268025188004394,0.9687304591317832,0.8966908218085293,0.8884281237271514,0.7405763342506017,0.677857885038517,0.7255258480754408,0.890545447008719,0.9473351933200539,0.9590728789803916
0.9326390425728868,0.0,0.9543461787337528,0.8124892397088997,0.8693605244676738,0.8961113813738798,0.9406479087760685,0.9528760748883688,0.8990949338464679,0.9389286318482382,0.8653232147256916,0.9468789656989524,0.948812021243201,0.789831260635218,0.9052790817633543,0.9446559403360602,0.9114049855206361,0.9133550518288572,0.8256467059498024,0.9139386031797383,0.8930969601404696,0.9509994235352741,0.9289462243935805,0.9466588465291224,0.9321680441449349,0.8313560182978301,0.9044515697774018,0.9056067198468389,0.8295169733125414,0.8661822683066586,0.9170373319440501,0.8852151819259148,0.8912000309617034,0.925405063875752,0.8476244054271023,0.7496587181467296,0.9355312975769619,0.8230762407249376,0.8387629762048449,0.8763458975841049,0.8210438862354076,0.8945337986830373,0.776489594289746,0.785809875508724,0.9758572838217415,0.9607527247995529,0.918450832035771,0.7781445144339423,0.92051653454111,0.7638346663328545,0.8302483297951418,0.8942492358646332,0.7398803342585512,0.8211559092119783,0.7214343798627176,0.9028362672617758,0.8446147681767125,0.9195845392382094,0.7985238670490739,0.8769300686755821,0.8410067961467339,0.6362543577329016,0.7057158466974577,0.6828102703699624,0.6825066991117071,0.7439400763169306,0.9184974505851323,0.9164845156940157,0.8280415037270185,0.923424466783907,0.9194175795982138,0.710910568269173,0.6837237285730329,0.9120723147068198,0.9092424722901452,0.8778202446267478,0.8412900358471349,0.9407812602436791,0.8708891842982377,0.6629634063030893,0.8109985728112019,0.8849491627516501,0.9449655863947802,0.7849298251307278,0.6829215340706222,0.9864576230689922,0.8239667628327948,0.7711555575412357,0.9360565374815253,0.9546986423822806,0.8933666175418054,0.9091347357466545,0.7687089200185596,0.7771628199289284,0.7602666398850287,0.9481241049765544,0.6709036590847677,0.9202622022813832,0.6216200659857316,0.9409667079571524,0.7276304670722726,0.7883102458361102,0.6834308105976652,0.9010046516266764,0.7170842032970295,0.9562031382308684,0.7492800448534231,0.942193600218536,0.9184649459184615,0.9588949000941135,0.8694915782632293,0.6853149733523319,0.8076247366903173,0.8957121531390421,0.771012131815008,0.9707926894678462,0.8937347824534407,0.8261393143162638,0.7163870144894445,0.8378805361474126,0.7774527391094743,0.7839404412076303,0.8171522376885765,0.9747972943399611,0.6713036265444644,0.9382644149908705,0.7213093132181044,0.9622047325889977,0.8308733513599391,0.8094457978056413,0.8856356832170368,0.8366103919478228,0.7589742821978059,0.8239393656084963,0.8230118687471623,0.6603685460632435,0.9382731345326051,0.8401247931463873,0.8806559320711366,0.893323094900084,0.7654405955156314,0.7705712414360281,0.9632302376349243,0.6748889729470381,0.8626706297411901,0.9016329490315111,0.9376632797454175,0.9318770855036899,0.9456963055611097,0.6054641194463908,0.8227122299672394,0.7834759903760409,0.8511044064068687,0.9432025156421604,0.9509361086169831,0.9407893571796736,0.9215872612333226,0.9457349915726714,0.7514044349703748,0.670536765736625,0.7998947737447262,0.8052706448735517,0.9510798688851559,0.9006398769957307
0.877258484760432,0.9543461787337528,0.0,0.8234263648151509,0.8349212839255752,0.8733435321002077,0.9128267287630853,0.9459090890572442,0.8413347447876404,0.9498402938236287,0.8597837003322405,0.9122610158197457,0.9430182979853632,0.7326130805669633,0.8788851326076444,0.9330711184760963,0.9102552543238486,0.8981958106796532,0.80151497626728,0.8536937805634298,0.9010387233089822,0.9498132948541591,0.9078437508595644,0.9390445088350445,0.9133087718421617,0.8270399712997756,0.8869520182552997,0.9026281376839486,0.7961608901112894,0.8287265971668557,0.8426518508565789,0.8423988487907297,0.8659903441237692,0.8701908742309178,0.7640981100323895,0.6950544206415951,0.9051774800816587,0.7602446843053349,0.7898533228529787,0.877221686431118,0.7890852773935696,0.88272775447495,0.7613988023440487,0.7367428522096985,0.9410537747164623,0.9427896071476395,0.8718758739314936,0.7564061852810899,0.8837558173987828,0.7174449785141643,0.8113964233316314,0.868725979630667,0.6956176513963435,0.8146298542384774,0.6919090276540845,0.8612333405520985,0.8040422593244949,0.8978280320230362,0.7923713540254071,0.8161975528997464,0.8546787977027608,0.5841868064245691,0.7067197585329696,0.6241785268023144,0.6539766682136852,0.741597997421586,0.905347263561798,0.9110928460182228,0.8377530714909116,0.930244949676661,0.8794283111874892,0.6467072879654288,0.6581003047604879,0.9364343174632506,0.8945475473716301,0.7933735040423747,0.8655887185490422,0.90770652789782,0.8355240281511002,0.6262325097836425,0.8124597606698793,0.8464715218595082,0.9178143256654078,0.7566952530602125,0.646091897116195,0.940840790486133,0.8006764893481979,0.7175411001175659,0.8895263311463366,0.9097104492220005,0.8523130823391883,0.8244018306648055,0.7201847350579357,0.7260108675100182,0.7284884950924497,0.9034976498986139,0.6424153975452668,0.8709601182923653,0.5521126014342058,0.9097995615629955,0.6611367438551178,0.8254219846864326,0.6571936108356252,0.8839030113301568,0.6588664141009118,0.9405050665823506,0.7669860645236465,0.936114054005104,0.897706846015044,0.9476906404594675,0.8491129830397507,0.6346324911088529,0.7884842520373316,0.8466362522507432,0.7257312562127,0.9487438113300992,0.8305329966859384,0.799648372907753,0.7379874473487379,0.7585781143962592,0.7185008382701462,0.7586502625206063,0.7583927957718882,0.9402430229786836,0.604649687520439,0.9069361335148697,0.6813961807449054,0.9132603185507506,0.7983755714895358,0.7791035408273416,0.8466855414307989,0.8508301324513092,0.7153777732012746,0.7417744889232362,0.8012572551614686,0.6193947107665301,0.8825850085391462,0.7915612220605963,0.8801800883588998,0.8430832861876921,0.7498171346483651,0.6990748725679546,0.908477476260398,0.6381088612469242,0.807643058693658,0.8521699366019183,0.8891337675066501,0.9435428723330194,0.9146349676791278,0.5592784346200431,0.7679921145348011,0.7182852038018032,0.8318317815119252,0.9435417978680481,0.9465426858225182,0.9214756832728285,0.9204869245518317,0.9478785021579748,0.7164009397113056,0.6397657358201488,0.8264212273378829,0.7151681517759324,0.8952302823991278,0.8586919415340644
0.7470867866524831,0.8124892397088997,0.8234263648151509,0.0,0.75930206728911,0.7034341772179101,0.8380407867390501,0.7608646937928295,0.6509946800340347,0.7544718372618534,0.8929718358104693,0.7305969530087585,0.8251684164006922,0.8188937253201816,0.8302607560682967,0.7937172140080087,0.8761014900784644,0.8393759143622987,0.727784237089485,0.7415611108887413,0.8212008556398556,0.8317199972935939,0.8045998861447936,0.8521514112607189,0.720955814502673,0.8991284771464196,0.8273535153728089,0.8826482793293784,0.8586896688492156,0.6255068949163487,0.7076161784171972,0.7075860140187233,0.9525875837972092,0.769141138429583,0.7701256185070469,0.784470411122514,0.7662293701633207,0.7967892672956441,0.7969176094482922,0.9272560945641938,0.9159852042152733,0.6610292043224615,0.7228549342514379,0.7856984608627096,0.8283831752843296,0.839971827552263,0.6780996364310586,0.772377917269364,0.8291343134578375,0.7637136877600694,0.8778730559409925,0.8614003416061234,0.8063741061655821,0.9308750305106378,0.8313232586935283,0.6500343265724874,0.8102699299503076,0.738518049418484,0.8767806628220903,0.8420391146603651,0.8786029618698149,0.6060818928414032,0.7926474883184327,0.6834268611100687,0.6824904995287266,0.7804355654423863,0.8846104011471956,0.7307654464938482,0.834357597581632,0.770353982042844,0.7811133632295824,0.7344607368407883,0.7202382076842834,0.9226750039222443,0.8247133290862625,0.7103732763275418,0.8965233328418043,0.8183891534795287,0.859106648925911,0.621113305115119,0.7385878005854531,0.7497111872621885,0.7099790227507791,0.8087314457474751,0.7117208887870677,0.7891714743451285,0.6762280776966184,0.7382590940274775,0.746310838361894,0.7099098230590375,0.8386381066024746,0.7055724858200879,0.8088919922158144,0.7779653903845715,0.8696193782148064,0.739921507991112,0.6781904405195831,0.6996086288430962,0.5871330253001369,0.8620899760997692,0.7441860977553552,0.7537392501324147,0.7451137791566042,0.7409843856212691,0.722155864878778,0.7757779953795534,0.8049074896125307,0.7379317285873912,0.8894989120495103,0.7608148734007246,0.8348030848697929,0.7141244157116438,0.7719173717595192,0.7689262232178111,0.8601433796856305,0.8144281348798341,0.7242530356245539,0.7062077823759906,0.8439327822209021,0.7307475199035566,0.7674305386595265,0.8006575827943098,0.7021095058219086,0.8227367830639231,0.6221180768107992,0.8649378991047867,0.6978514651846199,0.7729548163845671,0.8511103617373151,0.8381270633726257,0.6316089646851767,0.7156454534140485,0.7631973519965921,0.7572191892097603,0.7815052379797203,0.6683834028329071,0.6936155880478524,0.8584172820103885,0.8848244676377439,0.738993007258859,0.8892540537047421,0.6639610181238954,0.8184252247129014,0.7044532176696768,0.7970863640210576,0.6971132919155328,0.7121976793176255,0.8245143509228939,0.7110682801349635,0.5663009014931123,0.7581795532584914,0.7940047198313509,0.8363752320780977,0.7581865463434156,0.7783646387737775,0.7688572495948508,0.8435315296033217,0.7560846752352812,0.8850606244514353,0.7433388602359653,0.86835811687079,0.6783740065602477,0.7083906373237255,0.8095258183027488
0.9017583815447155,0.8693605244676738,0.8349212839255752,0.75930206728911,0.0,0.7375075740858479,0.9287948699249852,0.8126091729625798,0.8518923175560464,0.7992790109664443,0.8442016944518961,0.8696426991389633,0.797754996545901,0.7332327168007061,0.9585782015916493,0.8177616274132145,0.7841143747913022,0.9218487084968918,0.8121048748615104,0.875369624078818,0.8572673779327539,0.9202760941398346,0.8754735784446869,0.9061493705471693,0.8447932892591791,0.7926938088418722,0.809113406281917,0.7564658872156015,0.7752335806741728,0.8136661571992663,0.913096680595425,0.7749772094991749,0.8472682060348518,0.794990438095939,0.8801200673556507,0.7631601593908293,0.8619871976758556,0.8246980080642108,0.9005434646774985,0.8141933148468822,0.8344683760824643,0.7926480474665519,0.9115120624392427,0.8560517147854743,0.8651932031446392,0.8712962167044076,0.861194764963606,0.813598638568603,0.9263360623767836,0.833766767288058,0.8656529778612881,0.816817910775903,0.7431505884707577,0.8005208129757457,0.7492614693142333,0.7666263977948866,0.8533652984695097,0.8446857190702025,0.8240625186726526,0.811149679783547,0.7088139234903054,0.6034454246256846,0.7200487780196745,0.7123093690431614,0.7936694383934476,0.7114635716994175,0.8026114472798737,0.8749459433864076,0.8498786769575497,0.8468609755625722,0.9227126860880264,0.7539781217961176,0.6357198334723334,0.8226827001299181,0.7547687273436654,0.8118285740723099,0.7677007471641135,0.8792103856405006,0.8405277234555214,0.5853124116766083,0.6939003069523986,0.9074969683300346,0.8575837480738572,0.6735455067389935,0.6700846273278666,0.8713547281971257,0.7413272070997395,0.8566597192066849,0.7817855994941054,0.8230446535826231,0.9483572155470659,0.8698656090334613,0.8405054065212497,0.7460693615574203,0.7731052473049832,0.8790863476894407,0.655959136021003,0.7906703167270556,0.6495197247492682,0.7819961540468476,0.7334596541169779,0.766185529649566,0.7710918814234877,0.883531887137887,0.7328187385558794,0.8262421257204386,0.6658862130951122,0.7898622156328245,0.8645747352703346,0.842068184597831,0.8483923310364845,0.7711620397011001,0.6852848368243645,0.7501889845408164,0.7438856148907893,0.8168192966107757,0.7728213043522782,0.9224087941074232,0.6459483559722371,0.71808394305214,0.8687234404903456,0.7398709679594538,0.7292575865689133,0.9043103570812704,0.72083178973664,0.8640499320863424,0.6340690123089295,0.861388884181706,0.7274020826904797,0.8461523132741545,0.7547958275292214,0.7243063564410136,0.6746657245624839,0.8105382776754156,0.8448415928466195,0.7689154213168676,0.8714959545803086,0.882795900924412,0.8533217033227133,0.952757562399136,0.7721913371527428,0.7119779078854953,0.881798315037868,0.7190661372044259,0.8597421131747797,0.8806823719092477,0.9131622519487302,0.7995135433390798,0.8586180506831631,0.5386995390031935,0.8629315040963985,0.8100702681717097,0.8697809395959244,0.8486372647479704,0.8624743988566017,0.8823996182926976,0.8184125913877268,0.8043912284841485,0.7623614536722688,0.6289381350629396,0.7128260387907459,0.7857863757528024,0.875942783195464,0.9230256510038223
0.8755543686722247,0.8961113813738798,0.8733435321002077,0.7034341772179101,0.7375075740858479,0.0,0.7936671713967899,0.9170326623224253,0.875298975225778,0.8711522629490724,0.7659249105317152,0.9184867635333354,0.8775129171715382,0.6818075302922523,0.7420238761809614,0.9037442308796868,0.850262764899429,0.7587810043731649,0.8344294542518783,0.8516817542433718,0.8507601898206011,0.8183977743302747,0.7872013655055452,0.8013887340151472,0.9112193317069585,0.7161735799641141,0.7502551849994599,0.8411271698316409,0.7052740164405534,0.8595801824600718,0.8541350147290652,0.9344825819737391,0.7419633266196071,0.9161375429224413,0.7515002842838288,0.6686467861334531,0.8711563316641288,0.7204489583810384,0.7303841577221634,0.7125717120935153,0.6758534707296747,0.9204027008882107,0.7005548800417039,0.7199206717370135,0.8654714108005938,0.8333127234601657,0.8681412476617332,0.723545503595998,0.7801603562705485,0.673789888407484,0.7445809469466822,0.8645514432022224,0.6546397425470866,0.7272561722934671,0.6383551214850647,0.9287320549981929,0.7718676094870742,0.9318654917551786,0.6617712629348437,0.7601953817088266,0.814286771669235,0.6489331367746287,0.7048945830435238,0.6092544936091167,0.6227107490766023,0.729258123898186,0.8065645002797508,0.845796851131054,0.6917157806808565,0.8741000950206195,0.8377937931264022,0.6086856460704173,0.7150845261065508,0.8090360371460362,0.9066853117615162,0.8493768072278016,0.7617091334128975,0.8106679370779702,0.7629198694438201,0.7327337646801786,0.8900437223074184,0.8258639766301459,0.8801846281838015,0.745894458736229,0.7019248218941407,0.8912687681692443,0.9080752863684227,0.6836005118284963,0.9036423779120881,0.9054055154641287,0.7813429959088005,0.877607168559942,0.6564376802041008,0.7431360769173837,0.6657987246310471,0.8840745860538555,0.6780424081739731,0.9522272584120567,0.6047222336453885,0.8615952441479512,0.6412979665467861,0.7840774601167888,0.6507159122014007,0.8271860852073717,0.6882380561765808,0.8868407889459374,0.7397761456140237,0.9114229338647799,0.7486781977959089,0.9147530998364958,0.8399287075913044,0.6237272011537788,0.8627979807506619,0.8656306200445657,0.6764820699053449,0.8842070594396894,0.9377487877589837,0.7301786105805306,0.7222086072028533,0.8152773153992878,0.6536067378140128,0.7468723697345823,0.8582195307919123,0.8790667161610811,0.648659895850128,0.8224489377966809,0.739450971720486,0.8673347881152157,0.7804906016178339,0.6479740933389389,0.9069544760405815,0.9170676445032064,0.7182709714089733,0.7846575090006633,0.7464278922732914,0.5841329991463177,0.8764408754882033,0.6737688444829131,0.7064935547211104,0.7849388635998122,0.6568478233355125,0.7821063307100502,0.8721257817723507,0.6407036547205758,0.7712331166344146,0.861737157910323,0.8726135160249389,0.8183750474732001,0.9061578186330395,0.6386980438504325,0.7768625100625594,0.7062402347800972,0.7341855084267911,0.8166644629388594,0.9094710696860742,0.8555393621461297,0.8136048265616147,0.9123044362974115,0.6272133983795274,0.6729520670916822,0.6828743310424489,0.8073079047262698,0.9056659779704459,0.8008651994495729
0.913025946563831,0.9406479087760685,0.9128267287630853,0.8380407867390501,0.9287948699249852,0.7936671713967899,0.0,0.8881219061983321,0.8558945003455095,0.911824751364252,0.874912958318309,0.9007610517088347,0.901948690715212,0.7695266314234203,0.9617600449090448,0.8819884126538238,0.8545143614291516,0.9635849622294014,0.7935317346762655,0.8619072540550758,0.8582909153495655,0.9509734154306118,0.9707718286479599,0.9598576597574111,0.9070914906128036,0.8493284099259486,0.9197307652064834,0.8663732939840139,0.8261978677386277,0.8383967560997065,0.8938809340111203,0.8117906409508968,0.9086821801181942,0.860407628959735,0.8416902627053159,0.7286016141704773,0.9228724547522329,0.8000953824072792,0.8369135203978163,0.906210280902258,0.833507831447662,0.8419102454134865,0.8251908103643493,0.8007532374179889,0.9354156300341508,0.9443778779529005,0.8857667408763258,0.7848014054228818,0.9718231865450947,0.7593522406998672,0.8506704337937283,0.8406382627995956,0.7185913769938437,0.813299543744618,0.7356180798902192,0.8291371206079045,0.824406252230458,0.8658284059108506,0.8470814661381542,0.8374035457812137,0.7790036460533055,0.5857510491325322,0.6867046548966788,0.6644456042953497,0.7011577668729996,0.7109039025026717,0.89758926174492,0.9253671664145325,0.8787143139419914,0.9136057346095721,0.9048551101979814,0.7213449236173853,0.640381419634479,0.9039251929018889,0.8086061096839582,0.8474194291008529,0.8411235346873451,0.9518685274140225,0.854692206096874,0.6130732578663165,0.7321014217423126,0.8718458991521579,0.9180989505037553,0.7246335412471631,0.6440120805898885,0.925891621136517,0.7648733391348255,0.8134341761445364,0.8755683996805412,0.890479316753143,0.9302023118902203,0.8677559070829983,0.7930053762407959,0.7385593966475545,0.7656597344670228,0.9263453440553205,0.6130005544866893,0.8403719394849661,0.5949829852261279,0.8877886466191595,0.7209277644120364,0.7786577823185381,0.7327393551299771,0.917289855422955,0.6858005752494194,0.8993269740733492,0.6935829585958717,0.8882957390867098,0.9361765286240132,0.9091466694507329,0.8598761896397658,0.6911154182769739,0.7416046782553812,0.8207139291477273,0.7595891054002429,0.9171489208755188,0.8181270346131745,0.8742639838897607,0.6877351926304086,0.7693518253838875,0.794706177115088,0.7705432256155254,0.7374469570783614,0.9657150433358298,0.6552071663807951,0.9279636293212226,0.6503887432353275,0.9116712115013123,0.7695769866669449,0.8521040638189836,0.8115979982021885,0.7358056333661466,0.720561829392994,0.769981126010127,0.8062960679327881,0.6802785988294038,0.9003412210559634,0.8863995994745589,0.9171592717261846,0.9113811516322657,0.8101442450791728,0.6990137190670235,0.922214351727437,0.6524182925250682,0.8498019966945436,0.8978465643870673,0.9001443079622294,0.9130615727306657,0.8969530263490474,0.5346492370011177,0.8199021123707791,0.7920157835204903,0.845993475483337,0.9341724305510207,0.9249478403024851,0.9278077171867563,0.9135825862958745,0.9049859793723699,0.7957785048641365,0.6634363346819805,0.8196361440558692,0.7657576501961227,0.9011706440282783,0.9115091191442236
0.898667225303749,0.9528760748883688,0.9459090890572442,0.7608646937928295,0.8126091729625798,0.9170326623224253,0.8881219061983321,0.0,0.9150112658486015,0.9446828550348357,0.7983634150564978,0.9558543507337277,0.9305396738484356,0.7112334869747414,0.8479594075504225,0.9372041947544405,0.8683380741359072,0.8618252240885224,0.8099260255227491,0.8648499638777822,0.8555805955336161,0.8999202394764101,0.9069840463301253,0.8860630720980234,0.9405082520495445,0.7831303065263536,0.8844034741451571,0.8788990014392506,0.7423966223798011,0.909336324276048,0.8986488028437729,0.8872949677127177,0.8242621043240496,0.9179792984578247,0.7656702443285164,0.6866083308566182,0.9178423151740244,0.7590746012505246,0.7747771102229952,0.8077627702477677,0.739034049762027,0.9236475545882838,0.7520520967230311,0.7098476045733986,0.954140096194069,0.9406539801584538,0.921716262413376,0.7135732568403329,0.8583542660396367,0.7016111341869941,0.7752979171027271,0.846126187356181,0.6625033913849298,0.7496657039791395,0.6569823309136419,0.9305118534247185,0.7854505088847529,0.9523047857927764,0.7154528488486128,0.8164776587146271,0.8143303666044415,0.6186349544404066,0.6769158326772099,0.6163718916031475,0.6278940125515686,0.7073666681557768,0.8663716602395127,0.9123872350046268,0.7899518838613295,0.9569067054756578,0.8765823770537945,0.6354304960553177,0.6414476362068927,0.8753250785413387,0.8951979462476595,0.8353713569833424,0.8162506579296518,0.8958872880667433,0.8376824943556237,0.6293000542268617,0.7794073827951952,0.8597435023956678,0.9538675117045298,0.7462641473248431,0.647094539074475,0.9670377236054579,0.8554035068898018,0.7291059152111822,0.9571310477187844,0.9657637509614861,0.8479937772097927,0.8886708665092253,0.6936203785843066,0.7101155652724126,0.6778998050905006,0.9334415455745875,0.6397749079227181,0.9329688103259036,0.5747304907500319,0.9135045610183057,0.6528311689657208,0.8326462854011613,0.6602585168919554,0.8981602176953261,0.6736922551880092,0.9669450992119016,0.7374509919273993,0.9576621348754112,0.8557566612053488,0.9314563330532041,0.8181458309567212,0.6293795374906422,0.7770733569175795,0.9019792173051385,0.7077371999951634,0.9579425392267626,0.8710313184649735,0.7853335171892316,0.6683809574571081,0.8111838298542874,0.6937525940431121,0.8071824146557034,0.7660145224360266,0.9375196567887949,0.6061644928074646,0.8852951913905088,0.7012554529353022,0.9549400933036574,0.7701570381918361,0.7355322681795056,0.9299668176342537,0.8508254842189883,0.7206239293028065,0.755439970667485,0.7582089925534632,0.5884973995716389,0.9280368746020768,0.7559853928694062,0.8204527997498167,0.8739817087001838,0.7004448072699839,0.7246366502303576,0.9169129881878624,0.6256198866027189,0.7867642472757556,0.9045427115907332,0.9280468853873929,0.9200424459479212,0.9414342471720479,0.5848817576180912,0.779359289180953,0.7002862816948544,0.7897046229144973,0.9391779583171161,0.9601649229853149,0.9252936252184248,0.8754985154254458,0.9682764156119541,0.6678702243489564,0.6356448282033242,0.7467242993824362,0.7460385382850263,0.9522018627630225,0.8341293210396017
0.933272232999211,0.8990949338464679,0.8413347447876404,0.6509946800340347,0.8518923175560464,0.875298975225778,0.8558945003455095,0.9150112658486015,0.0,0.8648756063429104,0.7340606467080102,0.9513492382223646,0.8251749379006834,0.6523653693956996,0.8379589744369034,0.8405113612131536,0.7533078272471249,0.8290958349903652,0.8210907310612755,0.8885589994987956,0.8144421546527056,0.8660306438685333,0.8481249384576487,0.8398653971568191,0.9381506189380546,0.6859230844009401,0.7806745153665162,0.7535967800918176,0.6674119038066342,0.9621448456914627,0.9585976523949314,0.8552852969810817,0.7321325810556379,0.856502370780546,0.7924368944174831,0.6518103500870105,0.8919371316070082,0.7257141874165849,0.7727011792985488,0.70743607264838,0.6753579291289498,0.9515624215866294,0.778652305219777,0.7224122651646823,0.8731552402128041,0.8529758149358003,0.9474127005444861,0.7055564544276297,0.8339566326647024,0.6997185804778198,0.7306360335378224,0.7807974694044691,0.633174547950415,0.6773421019318009,0.6079935354420621,0.9476007414563439,0.7690757077010101,0.9159495560449729,0.6715630881801489,0.7438606964541128,0.6960040782843591,0.5989085521701019,0.6328309622127999,0.6139553714878139,0.6742202037089176,0.6626391753642331,0.7710651556389567,0.9135137009769387,0.7233954648954309,0.9029748079829866,0.8898375378064741,0.6297492899784135,0.6152470192285019,0.7596435450319765,0.7871193621123074,0.8534295855428685,0.6968442067097336,0.8279413055505925,0.7598385020648286,0.6091387844972165,0.7279943878061306,0.9033424460320467,0.9539076396094459,0.6487230435018888,0.6263793008464933,0.9189306041105475,0.8517526102454878,0.7421388510266946,0.877619677848283,0.955266124792342,0.8267600023207847,0.9385979120972259,0.6710726425020682,0.6906200632413632,0.6414451660284375,0.9341208542239691,0.6273869969580815,0.9246133035645027,0.6080002610280407,0.7957442578337586,0.6366717592577525,0.7532114338352215,0.6578328836584719,0.8961520171104478,0.6655957048467501,0.8778170973332686,0.6308848519134602,0.8938901059466147,0.764984788598696,0.9057822400221365,0.790010931583334,0.6423618225450338,0.7176381271530881,0.8023180512023629,0.6386966612427621,0.8625489713827186,0.856978576904234,0.8268739897881484,0.5862548624575696,0.7583396769644023,0.7034957958145234,0.7117709125982328,0.7698123220961667,0.8952919761734409,0.6701276008329594,0.8020258103183642,0.6451588544605402,0.8939610946799712,0.6750753295434523,0.6917612051634279,0.9441189640210482,0.790620093154015,0.6555481148913717,0.774444647412305,0.7603307201422476,0.6281654006729565,0.9577472398834024,0.7215003541472792,0.7381052689407446,0.9042878360606298,0.643761483589379,0.7201657990677642,0.8864834801861009,0.626428201217327,0.7697379315424235,0.9468118073093035,0.9764856228348728,0.7975663457963491,0.9425987271712494,0.5576594146267405,0.8093560273894229,0.6940802228769484,0.758507006692356,0.8776575007035851,0.9138721356085858,0.9136596436131252,0.8007336496455513,0.8937413259369246,0.621786339284414,0.5795309147068217,0.6400751882875152,0.8025786829821708,0.9765461813359297,0.8484025173183711
0.8639704105428165,0.9389286318482382,0.9498402938236287,0.7544718372618534,0.7992790109664443,0.8711522629490724,0.911824751364252,0.9446828550348357,0.8648756063429104,0.0,0.7937784918776918,0.914662762313418,0.9312910391008427,0.7045573566307904,0.84064961614212,0.9129126694216982,0.8421238250887695,0.8668476975736985,0.7496422672224227,0.812441643115003,0.8052028103774004,0.8901481961648605,0.9339166568315267,0.8877788679921986,0.9471728290934761,0.7788994606694065,0.9066805510712194,0.8681579088184878,0.7775695084616321,0.8848340496914925,0.8490657437555781,0.8420157028461296,0.8145704541411929,0.8694778976009224,0.734507632646472,0.6433077987623731,0.9179188597868442,0.7184653768050194,0.722152616742408,0.8292598973124439,0.7178932815118751,0.9047108724435419,0.7177310455881092,0.6885177082235938,0.9200022535894974,0.9092297948575078,0.905660932740075,0.7068660163543659,0.8741543963667905,0.6463521097927477,0.7286566107518889,0.7886815609749938,0.6205160440292884,0.7182355411857664,0.6413941906243237,0.914168174018233,0.7240110203645663,0.8849037132559314,0.7272061604605059,0.7646824629860295,0.7750782320655026,0.5658487294728194,0.6194763562792334,0.5905602592207934,0.5878082028734058,0.6539188740503377,0.860214668880684,0.925063286971921,0.8048850161639494,0.934377901243114,0.825690126667354,0.6209466725273476,0.6020388505305765,0.8552274332035121,0.8272768108165168,0.8223007056955549,0.7940360190329729,0.9190370892905794,0.7816703924232187,0.6287284198485485,0.7679004916289781,0.7876486506310933,0.9542846228269599,0.7253452319563065,0.5874128802513849,0.9257351205029504,0.7968947923866049,0.6959251046617763,0.9297754225361168,0.937062271966027,0.8087691475418235,0.8327180556329027,0.6710356901538032,0.6612152051213521,0.650403399972455,0.9383157026876748,0.5672330823842089,0.8947483125360989,0.5383491118416709,0.8866982704604591,0.6392909043463588,0.7629078160306907,0.6291737084723504,0.9153033775694225,0.6098528002946512,0.9299958550630077,0.6777295004425203,0.9727481398043968,0.8611536119645997,0.9331896785452307,0.7822379709479315,0.5824027970789032,0.7482187047586604,0.8547334006491004,0.6761369896334143,0.939940690339302,0.8359480442978343,0.788995737965713,0.6688732846170808,0.777438563362676,0.6633650772085512,0.7416712575125611,0.7254259581947975,0.9237373876197218,0.5805002927786513,0.8937817081302836,0.637001717374565,0.9100471058819086,0.7513387630665539,0.7397874028947683,0.9079777988279383,0.7688487961507929,0.6970559396104528,0.6868265735320869,0.7211782048693692,0.573483205194605,0.9164150302902233,0.7549467526432107,0.8407416125002687,0.8252818402884802,0.7184629681859307,0.6847518829499133,0.8629528202156577,0.5734250574267045,0.7729538798180585,0.8785951586244345,0.8723931239147108,0.949136661583864,0.9407002891340521,0.5490245957642667,0.7211283212071987,0.6967162120806718,0.7387048056719185,0.9588859540342787,0.9466672359628887,0.90553404258716,0.888385162681157,0.9745306078475832,0.6821360022356849,0.6197865615286489,0.8130837333020211,0.7168874597614815,0.9154626263949195,0.8051582411747656
0.8708486017362899,0.8653232147256916,0.8597837003322405,0.8929718358104693,0.8442016944518961,0.7659249105317152,0.874912958318309,0.7983634150564978,0.7340606467080102,0.7937784918776918,0.0,0.7953403033562942,0.886461119234181,0.8410273286345676,0.8928119165233633,0.8772768939256783,0.8943522301155739,0.9130378757498026,0.7992713634186762,0.878369855265683,0.8884299679339696,0.9101273678775692,0.8245055813869104,0.9166518371497376,0.8146180834029949,0.9054085748390238,0.8153274277055184,0.8885049102857667,0.8973213042932091,0.6899687355830242,0.8124183612606422,0.8006279724013026,0.9099398440734009,0.8188278668957187,0.8845419274569886,0.7998703712831939,0.8850193408529397,0.8818772346199041,0.8958178259848805,0.8995587658392455,0.883905666803465,0.7223287081707775,0.8507997890314335,0.9050172278006061,0.8813080000065057,0.8688083771580403,0.73456419909088,0.9380362644916381,0.923284355733703,0.8253353725407612,0.9155496952168491,0.8797352366731331,0.803151923636429,0.927558294138286,0.8729617083322105,0.7071890297950022,0.9018178158829508,0.7924231355486663,0.9174348206923533,0.8487911322977666,0.9090430364030007,0.6191018598390193,0.8349416607858396,0.737299493057935,0.7691932218814704,0.8566958908438019,0.9289553759735999,0.8306640237534442,0.8930844264476298,0.850600698953085,0.9001241886949691,0.8036305020370835,0.7777727947738053,0.9279236330072543,0.8589917239908057,0.833817024750795,0.9155512231688465,0.8597512839023124,0.9029397965863333,0.7111038523622127,0.8268375457897453,0.8221616794010478,0.7776967361226274,0.8437530742087548,0.7503959439126023,0.8473802876309849,0.8020232735551525,0.8218058957757001,0.782941810091549,0.7703038886042084,0.8837233365958873,0.7627681498599018,0.8645614719319269,0.8683721937805413,0.8897590129425104,0.8266148688372399,0.7243362120636601,0.7473670778608597,0.6365048523155203,0.8499381403502615,0.8310089662672288,0.8327051242409603,0.7538687716835017,0.7912022348907893,0.7734225487757609,0.8130100601315134,0.7815002623920899,0.7841948707467875,0.8827680942166636,0.8579598198741278,0.9114435822986715,0.7755417033554499,0.8462956583077721,0.8161833314099247,0.8607098682339509,0.8265398106588363,0.7990186035490663,0.8535734265082453,0.8288047138351455,0.7454196622719534,0.8607393315458252,0.7760664341560018,0.8156772856318751,0.8999669423805873,0.751243290412157,0.930885011675095,0.6727704218520488,0.8255253478940258,0.8584118929433185,0.8864841484945801,0.6814499727504165,0.7830361828139533,0.8515651595658313,0.8412468771140931,0.9235400160792602,0.7886779844326806,0.7988099450735493,0.8982158986213585,0.911737581784228,0.8346947482244264,0.9072130302290081,0.7571750656589243,0.8513826155635483,0.7426103807776854,0.9389517307525583,0.7731825438208006,0.7927003491194268,0.8269862575256788,0.8095164812225669,0.579364628005591,0.8906889735434563,0.8703608129170651,0.8853190188613292,0.7787154489466853,0.8295090650731215,0.8828252090706978,0.9249048609130688,0.7927555978928568,0.8950048424903443,0.7728509822305376,0.8353222848243778,0.8082599120970972,0.784184202154831,0.93281450525149
0.9293960954073229,0.9468789656989524,0.9122610158197457,0.7305969530087585,0.8696426991389633,0.9184867635333354,0.9007610517088347,0.9558543507337277,0.9513492382223646,0.914662762313418,0.7953403033562942,0.0,0.8706099422051606,0.6817943043111273,0.8629640754945382,0.9062734524843821,0.8441315327805032,0.8545275112972763,0.888403907666836,0.8978361205660497,0.8903419224794045,0.9041443948526214,0.8992790693503397,0.8865611325335245,0.9610630823261571,0.7360216689097285,0.8239272737129189,0.8394734703095436,0.7275606691877873,0.9435871199736794,0.9473293169877487,0.9018834685657668,0.7984543269222906,0.9237967475076045,0.8023119996878149,0.6985521592666735,0.9021492578018476,0.7549263639699921,0.8158721402035668,0.7658392538108145,0.7381791231981742,0.949257773571245,0.7948613104673897,0.7540715076986718,0.9192550640281633,0.9063046348120237,0.9428512677777536,0.733853074866922,0.8755759043186493,0.7319259842341554,0.7972574109936326,0.8544921686472472,0.6787087029425457,0.754147295475704,0.6637384602599596,0.9293465563086241,0.8179062576494076,0.9794266588602223,0.7167365142752439,0.8012978403380785,0.7630560387183706,0.6139931257210529,0.6868570107178152,0.6313872754765251,0.6778946358247463,0.7035444079886406,0.8122203070425255,0.8998400095706327,0.7583481058587436,0.9268878016100446,0.8918794425449763,0.6411504295670714,0.6439797495692091,0.8381446867459987,0.8653176365408941,0.8530879756159399,0.7715325055043438,0.8779361410932875,0.8113408795823733,0.626041628640533,0.7758007296705437,0.9113808092882663,0.9529474656789324,0.6926413048867929,0.6712834069338435,0.947235521706893,0.8498245971658515,0.7521389240108628,0.9161053805464081,0.9467184223252417,0.8736057129022319,0.9442119066542294,0.7206111207238939,0.7308437430514743,0.6813501404227078,0.9439559196897688,0.6554226440755291,0.9536656149167052,0.6029103065605711,0.8600501161778844,0.6522520517071729,0.8119446485190286,0.6970846679773249,0.9348638334630023,0.6922374507898613,0.9221237576512404,0.7133410689977664,0.9346411025935513,0.8224697014470468,0.9377799139364795,0.8680423183015545,0.6626434349426066,0.7536102820967655,0.8522471679579954,0.685432718677056,0.9138597161962917,0.9066151238643162,0.8443008293286882,0.661955923243928,0.7804902658007504,0.7181930394313756,0.7580838943237451,0.7890514936746499,0.9410428455209144,0.6476901914403876,0.8691054267660876,0.6885546827077202,0.9273670486122662,0.7554988303610797,0.7136185915695675,0.9267464371053774,0.8468224246896292,0.6758868284075269,0.7917549645172733,0.7873980249819663,0.6217101812898231,0.9464837677379041,0.7513606904603103,0.7860844662807015,0.9212307539381668,0.6841649683798604,0.739735281100556,0.935055585033845,0.6587814394025384,0.7981644838615284,0.938045150930859,0.9686465753504134,0.8610365127485079,0.9657761829658439,0.5832378641718274,0.8235653022377268,0.7409271816800327,0.8184482513817496,0.9064839685566947,0.9754347097764418,0.9148370352721814,0.8422037910980613,0.9360212118325592,0.6565910559355973,0.6259890972559511,0.6896695653889714,0.7940991640004065,0.9759685385895598,0.8675083240209273
