0,1,2,3,4,5,6,7,8,9,10,11,12,13,14,15,16,17,18,19,20,21,22,23,24,25,26,27,28,29,30,31,32,33,34,35,36,37,38,39,40,41,42,43,44,45,46,47,48,49,50,51,52,53,54,55,56,57,58,59,60,61,62,63,64,65,66,67,68,69,70,71,72,73,74,75,76,77,78,79,80,81,82,83,84,85,86,87,88,89,90,91,92,93,94,95,96,97,98,99,100,101,102,103,104,105,106,107,108,109,110,111,112,113,114,115,116,117,118,119,120,121,122,123,124,125,126,127,128,129,130,131,132,133,134,135,136,137,138,139,140,141,142,143,144,145,146,147,148,149,150,151,152,153,154,155,156,157,158,159,160,161,162,163
0.0,0.840812600136442,0.8235272474453239,0.7791548941763183,0.8025650132436365,0.8413555834193726,0.8214131345581135,0.8661196709678344,0.8267063539185342,0.7786442981881689,0.8467649440843917,0.8593966818338046,0.9170600302218814,0.7864339881735235,0.8778210846075296,0.8580358443201402,0.8818876810786602,0.9558864389853076,0.866767418281218,0.8922609560089901,0.8799166577953035,0.8256648840360739,0.867556129340017,0.8947353530680937,0.9005610996423337,0.8360390568661759,0.8061956857306087,0.8837076130385761,0.7015779243681942,0.8464933321746619,0.8928072401089948,0.8843924876473837,0.8015367147498754,0.866481293293667,0.9193577181048905,0.830773992746228,0.9060373692070868,0.8844854710419314,0.7683677699399072,0.8696804074774627,0.8441363610178776,0.8540010906626355,0.8831003887622927,0.8389239456389358,0.9150936087209867,0.9268554429867292,0.880180476363482,0.8290402508879173,0.9164533644942944,0.8765920990218479,0.8831505240139033,0.895591218796979,0.7353713193897682,0.7969598202413496,0.7734003973197376,0.822203130232594,0.9074643417525535,0.8642348303399434,0.8183994205500479,0.8974424960237233,0.7879756654815068,0.7475102244119665,0.8626707411124953,0.74001550625107,0.8148067377102511,0.8401476366696214,0.8250024361884707,0.8382747609342394,0.8390688286546275,0.8703827934543057,0.9062549724693354,0.8217620190097247,0.8186465173773095,0.8946584328776339,0.8751899905765803,0.8877255028808173,0.7714881970095379,0.783561570941061,0.861259139693234,0.7087385861997925,0.8189810304729227,0.8602248399091762,0.8177013079994065,0.845562903571668,0.8539844731851927,0.9411870734920703,0.8208365232245715,0.8427149278038999,0.922142673110027,0.7925001891373016,0.898537126341218,0.8310014953019311,0.8338556410291033,0.8624668162539623,0.8046463383538756,0.7942028892485983,0.7010732710441355,0.8689620411648014,0.744452627646739,0.9221012639856535,0.7578669328178126,0.7546934005784637,0.7934861573408096,0.8062532541293412,0.884100958343682,0.89868320030809,0.8156267932035074,0.864846261117527,0.8999946632068655,0.8806003499008694,0.8541407201254235,0.8473557683135997,0.8674042649955245,0.7947017801991381,0.8844645239825972,0.9222552794943479,0.8870326925724334,0.80736472240675,0.7960416126508529,0.8075919672545865,0.8174051050775348,0.7478287817839757,0.8559302691458932,0.9032517888631717,0.7779054369295869,0.8187641922521341,0.7776749977420405,0.8370230986832656,0.818625068163919,0.8330670687498075,0.8241429301740373,0.8009535973082061,0.7460612060651798,0.7943408769572206,0.8244292776769804,0.7504658552878178,0.8857767947194134,0.8868172139969887,0.8348610858236657,0.900713782790378,0.7467561922106513,0.7964636524283271,0.8595608810458707,0.7234376152090669,0.854758270879492,0.8909166595231042,0.8568626916942964,0.7747560543266041,0.8521283610455861,0.6738673071412634,0.9074970692165606,0.748796935022502,0.8296912057825953,0.8054457757611735,0.8804323063269419,0.8894988479308876,0.8743872270831685,0.8766829703595577,0.7425612395121134,0.8134032167394601,0.7789264202109231,0.8882168039028105,0.9109388648278384,0.9134414002366469
0.840812600136442,0.0,0.9028240388518567,0.8018135833980559,0.7885844796474034,0.8993014552201813,0.874139964914587,0.838824714359046,0.8191669540909228,0.9117564325824878,0.8440197864457637,0.9046353669802477,0.8521680087844418,0.7901914973308459,0.911597403770613,0.7936728711781317,0.8046597274586303,0.8141735012183781,0.8450577910004087,0.7692870803539529,0.8426089838089381,0.9383763962481874,0.783104477918786,0.8895757591233328,0.873360164250699,0.6991308644692726,0.794899702666242,0.7859369332629668,0.8433227005660932,0.8033489697193574,0.8803802364781897,0.8347837992455223,0.8598800451388354,0.7448915255995229,0.8255607293184435,0.8222321371776736,0.8240185000713053,0.7671106973841917,0.8317670149832415,0.8432944940235971,0.8575586863668361,0.8834249459796318,0.7241443275936019,0.8086546382441586,0.8305834987883352,0.7931328791117723,0.804157265293315,0.7901439810635671,0.8335371761399529,0.7679621442203258,0.8130325211942383,0.791335828682458,0.7590386200150087,0.8706720695719279,0.8015087102554173,0.8604232164753838,0.773834497747857,0.8345805308462063,0.8016288922117896,0.8287520133856389,0.8126572955620397,0.6655355832004205,0.7404522054771353,0.6812076460742205,0.7327074190686026,0.7011511852889838,0.8128519535037672,0.799083057413984,0.7257626401995514,0.8018860640223359,0.8141413797291658,0.7023577409293762,0.7001036631411734,0.8501235017171814,0.8515886635904711,0.7608079006614277,0.7455831769331994,0.8144675132474519,0.6925862411154589,0.6550822290326273,0.8137157352603476,0.8320572185585227,0.8814270017133449,0.7464710279515256,0.6945499359064674,0.8695728526655239,0.7242021121194842,0.7107438894180755,0.8109712377303082,0.8388193881691506,0.7868535238767982,0.8619495308689988,0.8379172744257603,0.7563389694598994,0.7846641039171958,0.8771251780560321,0.7110438971524796,0.8150677184456749,0.6576996114233364,0.8446030588453848,0.7627451408031732,0.6932638136867361,0.6781768638737476,0.8246883903639043,0.7390449944846958,0.7586591457169731,0.7450231001655594,0.804912312198205,0.8527132005100865,0.918496528441196,0.8395889874990095,0.6837175108158973,0.8014594332116247,0.7664685563582915,0.7273126786225061,0.8563718964964431,0.7850080467902641,0.7896517650989707,0.7842538552415149,0.762924971636644,0.7254060096578266,0.6801749444471902,0.7159112795629576,0.8920133827156081,0.7239514140159142,0.8842564592553732,0.7266437212257102,0.8377987608101763,0.8108593776998216,0.7677839202710907,0.8491028193772756,0.7770696025706821,0.649554183082094,0.7973592523287367,0.8267779118107347,0.7165710313959407,0.7946825967047921,0.8098351202345833,0.7738908970958989,0.8396162862642511,0.7707988794651124,0.8051305504122146,0.9033767886244523,0.7709782927590227,0.8192841268795987,0.7363155526624057,0.8933849665543051,0.8566095459121628,0.8380000197557457,0.6604555945836701,0.7655003019851604,0.8034909779225848,0.8184991882110982,0.8733649132663784,0.8612781116587758,0.8465112466277372,0.8702182956211504,0.8822774055793294,0.7615583453184255,0.6959108731230165,0.7902490731358153,0.7858802971130018,0.928896595618856,0.826020043805064
0.8235272474453239,0.9028240388518567,0.0,0.7615844011058144,0.8407366665459758,0.8970676600859143,0.8074982218030886,0.8626023523541204,0.7361017076798038,0.8924885138259332,0.9175264740839032,0.9035552824628532,0.9095028954110878,0.7588033396419754,0.8579667323184905,0.9229593513159976,0.87882039717635,0.8144000337781022,0.8342464188394777,0.7919902170635204,0.909910243914286,0.9407273298657243,0.7711593111343997,0.8869945139280767,0.8689387022325268,0.7835482547832003,0.7792028294769611,0.7942883202382964,0.8450664529111923,0.8152088861770188,0.8307440161492545,0.9124162421883447,0.7983820847397847,0.7635877730327737,0.7755209553474623,0.860562421802622,0.8711583377927292,0.8339236252676605,0.8701972006598537,0.8425319478006174,0.8407804845673785,0.8467254686131991,0.8233003587213032,0.8244365617276269,0.8628251611284037,0.8273670336344146,0.8279651789832863,0.8920267185400829,0.8429512733231754,0.830828402818011,0.856629813268572,0.8113138242311103,0.7074626231114317,0.871791175846437,0.8612153853170513,0.7778988612341834,0.8117434872558782,0.8989952331765975,0.7953139868927124,0.8450476387079986,0.848566142836774,0.7307771404444268,0.813754770480112,0.7271560835081105,0.7241749030840456,0.7520275544333307,0.8083006225584395,0.8367357893623752,0.8108279206107291,0.8350538777585284,0.8493732397169902,0.7035281020344186,0.721869771203627,0.914179488918689,0.8934714094730208,0.7212183571728743,0.8560727018555032,0.8629411634246493,0.7392213651765662,0.6992831886745926,0.8467510320524596,0.7822279448846089,0.8491477596499991,0.8052812631454505,0.7416475678656729,0.8620637342360981,0.7793851881289829,0.7352996463838698,0.8012952266656498,0.7674201275492909,0.8267130132022299,0.7568980832848452,0.8875640076329719,0.7510451131526853,0.7578079626979073,0.8355257157255636,0.7318302709374265,0.7854409472196484,0.6374894094280182,0.8176860276546601,0.749025544390943,0.8071188968454334,0.6863979320854615,0.7928191431338789,0.7651791398436025,0.8359408147866373,0.8452185580395563,0.809176097435375,0.8679668924112397,0.9254751211156563,0.8524346242761636,0.7344588686560669,0.8085050436828535,0.8155398616274153,0.75189736322968,0.8417754503955114,0.7558529621511967,0.8702617412849928,0.8284604437089395,0.7101068731310803,0.7875101463079472,0.7087962803669495,0.7362023917166401,0.8853601288097174,0.6487693443382266,0.9047792790768645,0.7520529145259477,0.9019817147681735,0.853286243918591,0.8044358199556314,0.789367529748441,0.8999811155944277,0.6897074166359194,0.7278402627798227,0.8715807614203711,0.7251290896631558,0.8119691161594471,0.7980897492012334,0.810363217757359,0.8704889070715726,0.7192316375891787,0.9003012248462419,0.8113419995729979,0.7932248484389517,0.8976187843077572,0.7488557690732537,0.8707397554416133,0.8721930411432829,0.8672403931089968,0.7372846236758203,0.7624385773507892,0.7337571193419409,0.8482019586296954,0.8873201300495822,0.8659202510116075,0.8536703466407481,0.8647737311772892,0.892998556337891,0.6798451169224528,0.750042490923311,0.7796193074793878,0.714600673459652,0.883127174019292,0.8194031638710387
0.7791548941763183,0.8018135833980559,0.7615844011058144,0.0,0.7420784160543358,0.8358673665719067,0.8569221995315363,0.7803740276205975,0.6809235469640548,0.7376999373236611,0.8459898288814036,0.8177726222292947,0.7580391933945496,0.7556698601139585,0.8466616362310252,0.7061548330478953,0.7516037407815384,0.7499182167992825,0.8250262102388598,0.6625604910275088,0.8001840774120041,0.7850144496257762,0.7425279795095648,0.7811200979364984,0.7890761305092439,0.7732119438533437,0.7334572235050708,0.7785443515230146,0.7530932877202986,0.6569950090886798,0.7953739584321882,0.735961468733622,0.9597695872577012,0.7454370318566004,0.8300904668646986,0.8563323413132637,0.7721131269655045,0.748750689910248,0.7707124768554049,0.8062651192297997,0.8917905693800431,0.7412535202073433,0.7137080757059107,0.8810006632143957,0.7664447160370419,0.7162615623046525,0.671734193254924,0.7847732707384191,0.7773376754982382,0.7277007180851284,0.8645874146680887,0.8439425373469663,0.6995678495146005,0.9140810950567008,0.8435464996332411,0.6934112131163226,0.7374988880670721,0.8350395792862618,0.7397327214075503,0.7524666267856847,0.8106028971128406,0.6595576243772624,0.8101569905172048,0.6298693102997736,0.6913800088448342,0.6835917971789546,0.7962137543179202,0.7083942465163385,0.6965792668429065,0.8030000033216002,0.7671476386881482,0.6753717580116896,0.7950922265133594,0.8310493931148633,0.7859610192728397,0.6835011488579841,0.7417302889818324,0.7531385897403665,0.7131568354226335,0.6417226729724602,0.7627719949132377,0.8381097802470285,0.7041173721178301,0.7578743410417351,0.7615788680995811,0.7677121108788365,0.7643124528211309,0.7299745222917922,0.7387207223324427,0.6812788377932102,0.8632279602969775,0.8555326934879236,0.7984300838331677,0.7189382140991323,0.8562461869381203,0.8108118010257169,0.6835201947923982,0.7960549596364785,0.6962846015146766,0.840678786362412,0.740222305000545,0.6929278199729904,0.8524108346665579,0.8191754159472057,0.7998489851873122,0.6826569003686866,0.7140379132401139,0.7251488395264344,0.7629054663589839,0.7471472605987907,0.8929863025315605,0.7564629080748437,0.8835339907147876,0.7368133226675694,0.7817141531040283,0.7842326349109943,0.7454781557209326,0.6634168264654516,0.8625863086521657,0.8583236333118237,0.6712011630310718,0.8321703148564631,0.6988256361025613,0.8243433157471891,0.7082866148089237,0.8304866663528516,0.7446478887423094,0.724124157090646,0.8037874136574983,0.7034208927471488,0.6530267067550671,0.6998529322766488,0.6704803139794184,0.873191338943959,0.7448189299427941,0.6286938862165936,0.6455306114106791,0.8123538825277311,0.71695614307989,0.7530267128347023,0.8849451787073312,0.6885281483461311,0.8333500693443473,0.7977124623336315,0.7748362431295842,0.7426088451224335,0.7592053954334191,0.7077956353513517,0.7019559175412496,0.5916390588069488,0.839976302465958,0.7888768089855018,0.740083508021026,0.6691198488445418,0.8510454308761166,0.7482300648722258,0.7468363136341537,0.8112750718610637,0.911132972280103,0.793826170252231,0.7324059122762905,0.7957207731019382,0.784302781372744,0.8289170952370126
0.8025650132436365,0.7885844796474034,0.8407366665459758,0.7420784160543358,0.0,0.8055618679806472,0.8667398554359026,0.7128882707274959,0.7095295211564866,0.7413471804890257,0.8591015505855556,0.831982000964473,0.7868576801673818,0.703865581240904,0.8431300711021184,0.8226196012001633,0.7927256489481284,0.7628086653502343,0.7477274353337962,0.6943045676233256,0.8404340484248506,0.8462434608647543,0.7567280359360156,0.8579179940230779,0.7792629478379827,0.8103963917516386,0.7089401266295651,0.6970168335649903,0.7657655123630608,0.8274358216701244,0.7746977208557462,0.7843619502288088,0.7791820023671533,0.7097153904042334,0.7684539693408785,0.7789451684204891,0.8366316796474388,0.7623386506211741,0.8006538560763177,0.8123597427248634,0.8117290487233236,0.823204448271833,0.7803609642818249,0.8755741761747087,0.7408674477369349,0.7430121990210025,0.8475590206413948,0.867428808690362,0.8240797726791863,0.7676363808552706,0.8401515623170202,0.8103377718683127,0.6518510664195045,0.7920405344815137,0.7835674395362551,0.7556119505792508,0.7568521984359111,0.8516522600935827,0.7021469895897589,0.7474613403894712,0.683009844568068,0.6915290998853414,0.7660253404744412,0.6616429850658727,0.6943715099242403,0.6583698677969055,0.7244083307949025,0.8436699429370488,0.7120844915590336,0.7361542267920739,0.8379344105877943,0.684257705149152,0.6773989305174253,0.8128581771871826,0.7270023237984695,0.6848505970510785,0.7796110291483953,0.9417057904748284,0.6821243226440675,0.7915232644719359,0.7823394938644025,0.764379018085313,0.8435612125158402,0.6891274222726653,0.713610626299322,0.772075831069934,0.694801767388764,0.701006936640719,0.6961395635939641,0.7250244435800501,0.9005462962217259,0.7593611625365919,0.8551887444555799,0.6938104742603179,0.7545059094850999,0.8063876320410335,0.6102449509453839,0.7312830911681099,0.7121767064288321,0.7299935121962555,0.7173520396077334,0.6792653812834634,0.70070841386967,0.7366252423525078,0.701230581734809,0.7683519893327359,0.7001285047616616,0.7315331974781724,0.8115075559136025,0.8423140173844827,0.8377532878751772,0.7545470035842777,0.745638394220622,0.6864817146759942,0.7178758160009232,0.8118450853851263,0.6951692080082519,0.7780486822956825,0.7734769893249583,0.7198281603083363,0.8730804805854379,0.6788935593207894,0.71070573135737,0.8952584404558976,0.7007366640936494,0.8142923381364394,0.6965740627053326,0.8241356152340701,0.7411636641968169,0.7519287436007415,0.7072698512209844,0.7840022443983388,0.624835155783137,0.7514682003192046,0.739791897363578,0.7331801242403887,0.7701643859367758,0.8256437077675468,0.7104044720438203,0.803617025628731,0.6856806465968684,0.811549898794818,0.7652004510367886,0.7098647660726001,0.8657032149999752,0.7584657230876565,0.8647240658288105,0.7728920058024601,0.7401748508761556,0.6409108539366769,0.7332531883174672,0.6998529551216353,0.7520232899821386,0.8023287068064212,0.8059644722637469,0.7596559489242457,0.7806431752755315,0.8676124372548153,0.7096171395949983,0.7800001357874417,0.6958199768783153,0.7383820458753345,0.8006196176088821,0.890172634881577
0.8413555834193726,0.8993014552201813,0.8970676600859143,0.8358673665719067,0.8055618679806472,0.0,0.837035388882179,0.8630802170852758,0.7928126906460081,0.8484537255814846,0.8652350084702594,0.9180845116930146,0.8428077914011701,0.7067959287128572,0.8633773685387917,0.818284133501335,0.8055350719740284,0.7704482846344435,0.8767883475880647,0.7250219466861008,0.8726951941686201,0.8821120747645216,0.7263664495813199,0.8210900063281205,0.8703226273474491,0.7323952895283281,0.709340104891471,0.7669630989437888,0.7881370230293672,0.818894000472056,0.877486239133456,0.8754546485221071,0.8696182945656515,0.7438045184032158,0.7868951185376232,0.8213423057626431,0.8477687581025574,0.7673820425960141,0.8287121827171359,0.7650056086402456,0.8398001809307755,0.8777392253437809,0.7683726314626455,0.8663397585398961,0.7981040357393759,0.7716739843968108,0.7967446402738703,0.838344600620789,0.784601795072084,0.7615860315849943,0.8721708630312562,0.847779974199849,0.7277284355348309,0.8894901010822809,0.8252366017376163,0.8358061401592424,0.7782318258221851,0.9281921922547066,0.7217006636755693,0.7781108128745953,0.8463995015865923,0.7329523509270954,0.8378336568542142,0.6223581913720799,0.7240675975455226,0.7244346896538517,0.7681948793147598,0.8263387569829599,0.7138046794299396,0.8566069758060736,0.8512629826178189,0.6430746806916289,0.7340802369417233,0.860363708796846,0.8776258653086407,0.7519352764084096,0.7800001697700427,0.8167411892713995,0.7123427730291096,0.735229901994769,0.8976696233576535,0.8577314804112952,0.8622889755902818,0.7750127113441037,0.7388745751415979,0.8324113076595345,0.8185890711331941,0.724497709249453,0.8078796329007414,0.7794049550484919,0.845585182785989,0.8670098296062692,0.8365909835139619,0.7535178558507359,0.7739982487677953,0.8901978721116537,0.7387101466609586,0.823410262479236,0.6518779963479848,0.8236035693388108,0.7093017724706481,0.755386361803697,0.7387359877833956,0.8327708016058065,0.7830133059801988,0.7617639508489852,0.7742851518275666,0.7745098718033218,0.7926072191461793,0.8682304479740733,0.884854680046141,0.7025906868825738,0.8802981666776685,0.776432754906898,0.7449243470458136,0.8313148738872893,0.7928366235323393,0.755880518579824,0.8338064017705967,0.7880520601855114,0.6973014792708946,0.7805425945266272,0.7162890528361744,0.9174298649262971,0.6991679948163744,0.8944281165066135,0.7556807874965792,0.8290988941442589,0.8080572778058549,0.7067612762261103,0.8089312513544314,0.8519442107072229,0.6663588256123073,0.8205830393663399,0.7947106952529122,0.6861414527064538,0.7598694567575542,0.7480499877873887,0.6995171590910145,0.8431592417286587,0.7968624804428965,0.8153553572791591,0.8551789396309424,0.7904244672843288,0.8193355739701009,0.7455327010424371,0.8937038349811572,0.8423083022544748,0.8018203926479801,0.6514352729361693,0.8061576776205677,0.811249960645464,0.7681418890448022,0.7719681735609756,0.8953661799312891,0.8302625790784982,0.8032767804728786,0.9199891954722198,0.734101566259284,0.7753171480505439,0.7560361595551716,0.8026750585705857,0.9132839028688411,0.8339728476363887
0.8214131345581135,0.874139964914587,0.8074982218030886,0.8569221995315363,0.8667398554359026,0.837035388882179,0.0,0.7484699313241077,0.7594010923642304,0.8299287597564897,0.8285666878881102,0.8503149191896444,0.7986529771030485,0.7934892078920568,0.9049436943479596,0.7408474807495374,0.7486926522230414,0.784530168410735,0.7639153254613994,0.6716325508521992,0.7862966715212147,0.8496683852510178,0.8061902494452643,0.8436172648944427,0.8348448583629607,0.7620846770752085,0.7882154391913188,0.7307741983281908,0.8035017122198618,0.7808662690760095,0.8361691417473672,0.78118580192735,0.8912852182447162,0.7319712424752883,0.8298830813399327,0.7969919648289926,0.8435297451431708,0.7183291001852227,0.7610557707775588,0.850654660761568,0.8297158286524094,0.8534748401317003,0.7142045047759744,0.8683168616804442,0.7707702963498907,0.7361774912018733,0.8096745677487597,0.7958185648757985,0.8600714058615387,0.7165698633821284,0.8362855012307921,0.7936207257217376,0.6762669887192325,0.8333753061299108,0.8005393254284584,0.8320885993836417,0.7130165456985882,0.8183415139871227,0.7702625204946407,0.7541201398106526,0.7184499857488825,0.6593420150126114,0.7209509376021914,0.643508130510504,0.6824605679279359,0.6383237324468085,0.8099539185199397,0.835684859664437,0.7056875368572257,0.7680779624024663,0.8050963545156421,0.6969218662939608,0.7121314577934157,0.8201138784986356,0.7245125942732209,0.7411219605952324,0.7481050870949782,0.8980948389598729,0.6574676295548187,0.6949721310152779,0.7560797266341308,0.8149625736176537,0.8494078509755447,0.6840633166028218,0.689512886675304,0.7803596441039187,0.707626248041042,0.7497159927019907,0.7582181237313682,0.7797373043189926,0.8771738958906414,0.9048274818771159,0.8231496383745367,0.6876139015938892,0.810405275251685,0.8898122865883356,0.6049340202924793,0.7959985877558238,0.7253158538942808,0.8285072002195537,0.7601060069697562,0.6535650856795777,0.7668167611521445,0.8149664667974703,0.7122975234794342,0.7163963144321182,0.6651824834769537,0.7543329786329737,0.8263449352508975,0.8394920542257601,0.8654622340111006,0.711477038412592,0.8213912720496648,0.7075528653335154,0.7164126481693713,0.8226530648574837,0.734504631006749,0.7402498176667571,0.7922742469213333,0.8405203872415192,0.7328584067383029,0.7181372568216835,0.6894417162485476,0.9023832154836857,0.7264058110648383,0.848594169935559,0.7205922306836464,0.796798890669796,0.7578861991643624,0.74816224402116,0.7536304532789698,0.6883474202651172,0.6256534058645414,0.7890930384971816,0.7166380520004695,0.671947287429495,0.7292715505532732,0.8542728254261636,0.721637862366377,0.778612870030185,0.7987488750984024,0.7575438512224533,0.8676825524340736,0.7297115044089812,0.8156283296473903,0.796724355704955,0.8396241075813439,0.7821255237395767,0.749122008286988,0.5764140320769081,0.7580009233491737,0.772444442498231,0.7203157181033967,0.8197387098518838,0.8390604894217435,0.7853567245623496,0.796331386301232,0.886543725550846,0.8522676438800492,0.7859880873769859,0.7597255906379048,0.8009074579200866,0.860575592249481,0.8500441959635315
0.8661196709678344,0.838824714359046,0.8626023523541204,0.7803740276205975,0.7128882707274959,0.8630802170852758,0.7484699313241077,0.0,0.8350990969543901,0.8176713023626019,0.8508189030810407,0.8799060898966007,0.9109070905806095,0.726843692115649,0.8534545579745663,0.8555054938735266,0.8028994048163537,0.8367175651973968,0.8355752108789385,0.8156007484989741,0.825507445826208,0.8456377458100034,0.7760563029446165,0.8159968480970264,0.8796037257667121,0.7766541115121423,0.8399247365976376,0.8277797670877584,0.7089953715567638,0.8163963339661555,0.916722414234308,0.8674270820592909,0.8030262480715596,0.8002384574165031,0.7949482145020991,0.8227124669832867,0.8998810550065445,0.8593256553584785,0.8299529496961152,0.7808589282480743,0.7883409976622255,0.8020553233442468,0.8307460552080003,0.7626340904796992,0.9298909622214985,0.8561837890713899,0.7530012774136904,0.8045204482821924,0.8070471562326375,0.7949861921999483,0.8202930046840997,0.7824305341566702,0.6625673261934727,0.8071193628524164,0.8007070746325754,0.7837969852924344,0.8061870004361189,0.8941327412972361,0.7301847450706088,0.8398385511410386,0.8967750247838954,0.7238771605978732,0.8140807149329692,0.6734772326407852,0.7047662366924653,0.7762855866090891,0.847144963848664,0.8090165112530483,0.8116665640322486,0.9675772136180749,0.8533175336931621,0.7019373992910607,0.7370983400033135,0.8755163619879364,0.9031966734017667,0.7566979570136059,0.8176137470870233,0.7413742004571442,0.8146809640003702,0.6121456094964484,0.754945550575292,0.8322479051696486,0.8108122013776305,0.8583122019932266,0.7509866681322088,0.9146797498431686,0.9232916263114437,0.7838708730602254,0.8985315876964854,0.8317375051765015,0.8027300003345228,0.7856193726236835,0.7818115208014431,0.7489197794508788,0.7179871220461997,0.8247851108229451,0.7590482531085891,0.8086907049823606,0.6139524481143006,0.8639271482228349,0.7457301113625384,0.8755824721819955,0.7335726877418356,0.8001163203121977,0.8296082985963592,0.8377675211131842,0.818320017112469,0.8107992754034894,0.8063202057118746,0.8284004663038164,0.7978240851998916,0.7410206193854988,0.8267759960776346,0.916704586205152,0.7871012307470383,0.840373437817408,0.7637822557107432,0.7923914407959636,0.7422722543106494,0.7741393901404864,0.6979284346779389,0.8369251171565583,0.7214709405374843,0.840016384516213,0.6403201173736566,0.8545682001269508,0.7253782300609838,0.9075992587358287,0.7943687939335579,0.7850850684071808,0.8307363091157928,0.8240004577721632,0.8129752269513916,0.7594614410971116,0.8482099430707688,0.6446054772462334,0.8079421073268556,0.7777765220640366,0.8146041600524185,0.9224337295233435,0.7493817303261373,0.7736016302372162,0.8014290315014339,0.7515001820414503,0.8248133125858265,0.7840642546902549,0.8567892979870384,0.793226935270281,0.8346543528011956,0.6626602090428492,0.871615625858241,0.696506251244079,0.8047276090597699,0.796179337424544,0.8681087996661706,0.944634922795447,0.854056361912462,0.8645846739821675,0.6865733753923513,0.7266527924693101,0.7157389992776364,0.7379313311618596,0.9077816282570468,0.8013081943412173
0.8267063539185342,0.8191669540909228,0.7361017076798038,0.6809235469640548,0.7095295211564866,0.7928126906460081,0.7594010923642304,0.8350990969543901,0.0,0.7394487537573237,0.7058500929733456,0.7884015091628657,0.7736930799370189,0.6826788587291195,0.8263148801373568,0.6967703026704405,0.6640899865399245,0.7552748135451249,0.7188863880632913,0.7176799001431047,0.7033965789023071,0.8115962185541648,0.6958142398625982,0.7473282191304479,0.7734814028405285,0.6365386387943649,0.7551537483704864,0.6778970655554432,0.6233736939801996,0.8493713089301165,0.8839027612939159,0.7407363599882152,0.7274765539821628,0.6698291802973609,0.7392210134171655,0.6743823404203111,0.8014386780531622,0.6961053752091269,0.7328975280764706,0.6893784689414898,0.67464374134234,0.8582431297233981,0.6766928737148578,0.6798514376456213,0.7670884552601616,0.7320823831044293,0.74540669266755,0.6675216891010902,0.7184903416930227,0.6867679750666277,0.7142102604797267,0.6815852415428741,0.6500180418987765,0.6943989083785905,0.6475108026917158,0.8910097057267912,0.6980533174543622,0.761487032249833,0.6546883901413242,0.7263236242895028,0.7262537256962031,0.6571685003818448,0.6632788150218689,0.5823587476116785,0.6871034293503268,0.6501067498955638,0.7704210865215361,0.8124349171291311,0.660891051607501,0.813679988415421,0.8155310630583813,0.6280730087337213,0.6466682540538913,0.732070994705712,0.7401133142237644,0.7222444583469466,0.683349618641719,0.6990402609877417,0.6478065153689734,0.5817266815490797,0.6672313981915201,0.8503652162832204,0.8662966469850042,0.6568767824071744,0.6266588766356705,0.8123774482553948,0.7707062990707025,0.709407746795659,0.7781251080596491,0.9284314950257209,0.7292012464693212,0.8291087208512233,0.6767854408980156,0.6732341457640029,0.6862233578483695,0.7971905206026014,0.6727074343825602,0.7252563795365636,0.6302108735155137,0.753983108032732,0.6707754575776846,0.6855577544824265,0.62962331126218,0.7019293672347732,0.6961812692774014,0.7096296378415532,0.6388589218784532,0.7068596981882853,0.7077854438306102,0.7711139454075612,0.6992085479872777,0.63503138934035,0.7322473070176835,0.7575005558613759,0.6455482691755529,0.779695811185536,0.6776607505958585,0.6870041480355802,0.6098093541416921,0.7479443325299636,0.6601633005585645,0.6979882160673238,0.6374112929430523,0.794411827015339,0.7027445191475225,0.717367790468019,0.6743303456050646,0.8153965627610072,0.6292360860731357,0.6865517471758419,0.8942997038566974,0.7074594259190548,0.6816941235861897,0.7718817545447341,0.7181568367794539,0.6365209896800924,0.7504098457876015,0.6988897587999953,0.6621717848667747,0.8092335415532631,0.6659271776003383,0.691562613894089,0.8253382160610984,0.6765876678403094,0.6954552355699688,0.7238541958788577,0.8996244222743206,0.7237103522114804,0.7153017982365287,0.5493154102117931,0.7544905195900014,0.6541950008665016,0.7109665908106697,0.7796054420448109,0.7394323993179805,0.8739023276205009,0.7835179788203832,0.7957551944562525,0.6496386505862013,0.630707754129522,0.6244790394598573,0.7238948641286455,0.8796303629171635,0.7759094134291812
0.7786442981881689,0.9117564325824878,0.8924885138259332,0.7376999373236611,0.7413471804890257,0.8484537255814846,0.8299287597564897,0.8176713023626019,0.7394487537573237,0.0,0.8165562205626444,0.8738562210318378,0.8388720409662834,0.7619051945261823,0.8241078469800854,0.8095051651172025,0.771653379911015,0.7794442477678142,0.77926201372835,0.7272817953567017,0.7706401137903074,0.8475490453722149,0.792840612927109,0.7964065582688078,0.9069331938657983,0.6924328964866359,0.8126096345593384,0.7602129954138217,0.8980363302196568,0.7981586222179817,0.8444280060136213,0.8542015776695515,0.7895598356288429,0.7382317481136134,0.7773003143716634,0.7960431217909295,0.8339282723757213,0.7583909440339591,0.756707174318282,0.7805214991293776,0.7790662654154139,0.8169751747187153,0.7363241506877259,0.771371394044975,0.8160834347104973,0.7510933003731831,0.8011186926053637,0.7959271830064791,0.8362780741643765,0.7056591171784898,0.7430803928452241,0.7194967151078799,0.6507000368669792,0.7818941387667911,0.8115471468206026,0.8177817698948164,0.6934144459355688,0.8175445005968955,0.7771802560786114,0.7504653033745738,0.7539334569371157,0.6420444051185116,0.6970602421548996,0.6978968228201266,0.634974842662243,0.6490058747678592,0.7485519159356532,0.7900716361761746,0.7815065158383049,0.8074010020190339,0.7319730960701389,0.6950250680698125,0.6536120769072059,0.7897359959361478,0.7947855742355249,0.7592955322032027,0.71844788178232,0.8211308762113579,0.6787936540496828,0.6353456159606042,0.7797199508171341,0.7047100257842758,0.8380599241137614,0.7566832945603011,0.6525520322017002,0.8086707236793684,0.7291538904322371,0.7198430675952296,0.8199907361092273,0.75735395858027,0.7476637082046563,0.7987595321276685,0.8127731689342602,0.6625511349414506,0.6781353749349501,0.8993510846575306,0.6280410164866645,0.8107134643362292,0.6235006481742743,0.7895147751161923,0.7520495913059656,0.7057878051049584,0.6865387126922855,0.8720193906770062,0.6958293732484456,0.742538128238913,0.7130263550830139,0.8214899459037261,0.8135832802779334,0.8617181734047406,0.7794247415832368,0.6466808295798732,0.7497611584069354,0.7905453784075198,0.6924290442469255,0.775038677813589,0.766685729140543,0.8473020245633632,0.7768428741639822,0.7540725420604335,0.6546908891168775,0.6824994935720052,0.6808306323680077,0.819063823485591,0.6395223385311206,0.9088471397736202,0.6524330920168556,0.8111081273819898,0.8280985930589743,0.7594234944799738,0.8443450834364696,0.7186062345909527,0.635462645868004,0.6604931759235169,0.7587415910739792,0.6530208653426548,0.7970493799183461,0.7691011027887484,0.7861217299917842,0.808585266551024,0.7672034671226934,0.8248243572588944,0.7666325453966085,0.7136025194969048,0.8253984127696314,0.7508205469791067,0.785684172573937,0.8457321724896675,0.8952785064479533,0.6802007397226482,0.7050102884658342,0.7873642388720963,0.7196593410552299,0.8664622542059858,0.8537280066436527,0.7957831812310139,0.7844259133780188,0.8540523746674843,0.7150660798721625,0.6853556223872548,0.8214821108277887,0.7475954166092525,0.9030991461032035,0.7189473599356528
0.8467649440843917,0.8440197864457637,0.9175264740839032,0.8459898288814036,0.8591015505855556,0.8652350084702594,0.8285666878881102,0.8508189030810407,0.7058500929733456,0.8165562205626444,0.0,0.9072247389620552,0.8859332515246271,0.775078611830882,0.8728394152791489,0.9107099277996429,0.8832167359549034,0.8269650299307395,0.871645387206369,0.7920250184059425,0.9164411200634353,0.894323438834654,0.805416894526738,0.889136032181515,0.8745166063339685,0.8573486339192105,0.7964653396675901,0.839174195886732,0.8408317097285121,0.7769473904590174,0.8473251382038387,0.8800972845780247,0.8482302232656953,0.8090956541123753,0.8497143334127784,0.9201513725971056,0.8979144821926188,0.896043988284231,0.9067910779916265,0.8620511564547044,0.8904076889818499,0.793033097206929,0.861992373369611,0.9108943123475896,0.8699390622402015,0.8097111021397083,0.7611947778194418,0.9592260028103148,0.8872211311456432,0.8462296722680062,0.9036249926677958,0.8488901214955066,0.6835611973056878,0.9113703921929136,0.9384778413872957,0.7092670511775694,0.8419011546594292,0.9332495995560349,0.7889915723331876,0.8435188829901715,0.8598983389694766,0.7110160801318084,0.8618119208448427,0.746919183788951,0.723996866111856,0.7540417045355172,0.8243418810578059,0.7934628354864576,0.8235399603152922,0.8705510581185223,0.8460971029878908,0.7527014172245059,0.7850476352198079,0.9216149717502028,0.8802910782082424,0.7205749193594647,0.8762753405950653,0.8621107462590741,0.7859754223981689,0.718654986108589,0.8126244055967389,0.7990472711585687,0.782347264051212,0.8463267924551009,0.8077662506597935,0.8536008089357862,0.8357839530281848,0.7694828810981957,0.7884196627176472,0.7191909143581606,0.8994307553003275,0.7672675134212824,0.9262547253822304,0.7717900756105079,0.8054284598678934,0.8324133358475978,0.7182689868829432,0.7953474032494022,0.6965412990393142,0.8233121002224145,0.8262702117757939,0.8245466368852374,0.7744132062024661,0.8146244040945536,0.8243857083828072,0.810560371251023,0.8305151279647071,0.8057924080397234,0.843451759441352,0.8771907751820356,0.9193526239975558,0.8274419398357488,0.8477087216266598,0.8575626138028513,0.8112886401265758,0.8342587555010592,0.7645191371443097,0.8656172604274329,0.8762924846605906,0.7634984384008863,0.8266582307338173,0.7799871362633418,0.7712454534300284,0.8869790831887227,0.7116661055065628,0.920076716178682,0.7355682274248598,0.8701715913886118,0.8828752631501301,0.8102831629754564,0.712011140051727,0.8505143689617375,0.7621347052697081,0.8036681600013993,0.8934858801939848,0.7196724849007563,0.7831840703545463,0.8628140166279517,0.8375851451537337,0.8937641764489606,0.7770542748899575,0.8740475020492018,0.7959241594988835,0.8211591955469053,0.95628587669303,0.7790739738517838,0.8344386342148117,0.7890352005365192,0.8342223579325627,0.7321318168111395,0.8639241937791456,0.7520855926590616,0.8646035891568498,0.779968183565535,0.894374061533269,0.8503238769144641,0.8688763647093845,0.871612969235933,0.769908296035083,0.8307805524796197,0.7417813489321325,0.7758787050087643,0.8410939804404182,0.8973593691405622
0.8593966818338046,0.9046353669802477,0.9035552824628532,0.8177726222292947,0.831982000964473,0.9180845116930146,0.8503149191896444,0.8799060898966007,0.7884015091628657,0.8738562210318378,0.9072247389620552,0.0,0.8463120256726525,0.6913025815627503,0.8640963795710462,0.8666082553134156,0.8479761939571852,0.7943291476173489,0.9157770245278353,0.795773152471119,0.9032155787886251,0.875546163840413,0.8417406436345618,0.8942000647009972,0.9476754517968102,0.7828568109980819,0.7832877448663801,0.8312705400762056,0.8081293608859517,0.8579051320142681,0.9114108675980248,0.8678350592266896,0.8324651935002437,0.8472808881988835,0.8466693203080844,0.8631373477269791,0.8785134472539782,0.8202598494142365,0.8590857877730245,0.8090578422867807,0.8607944138419236,0.894813218038875,0.8075329006744112,0.8763446526112061,0.8712532684590344,0.7977027057868538,0.8134541841850638,0.8719767598064412,0.872537887242652,0.7771274345650118,0.836056646771162,0.8453961224650154,0.6521538337687052,0.8627005803238135,0.8414020207577899,0.828782293944815,0.7998152448915328,0.955373835288135,0.7340078424948818,0.7981324997119689,0.7947389631252352,0.6480954035271199,0.7948850894186301,0.6996362844380627,0.6846958107474869,0.7015017717656427,0.7684254171943183,0.7788662069620969,0.7509128688617932,0.8617303135854129,0.8049544289663807,0.6810453663529873,0.7310766285060185,0.8558781513545032,0.8543529270591099,0.7311534355918089,0.7694282014285149,0.8435923447549198,0.7620536136992745,0.6791112190262002,0.8015792692607184,0.8177612459726902,0.8436804517630618,0.7842255657145201,0.7716660334341237,0.8946025701843933,0.8156856332314991,0.7111171984337665,0.8197022002356599,0.8014827877902153,0.8569066097064754,0.8556339491294537,0.8405437639271178,0.7322315908020467,0.7275278193683828,0.8942870979413943,0.6786004020247922,0.8968554456050355,0.6677424981443953,0.8254282823510856,0.7272648755501765,0.7575994025292435,0.7689466529056743,0.8935915183139769,0.7708766460508595,0.8078297726670652,0.7754132427350565,0.8754066984378173,0.8122462766125429,0.9291202073866831,0.9192065269104256,0.7676072848757391,0.8067436973209997,0.8181206616582279,0.7529561444635643,0.8624980465801411,0.8118413619623692,0.8359677691980522,0.8482745726420781,0.7797306608117649,0.7371319708300059,0.7433230070033934,0.783574190057092,0.8898423647973012,0.6861195937607247,0.9079057446247296,0.7014811541361301,0.8643825847515865,0.8741455091498479,0.7229600170247732,0.8318999135358713,0.8068861702684141,0.6652684929008792,0.8010755325903248,0.8495041592343644,0.6516578197173121,0.8365826133604024,0.809152110435332,0.8043146104802832,0.8962315263888532,0.7477974249659167,0.8178139430523312,0.8249427658095358,0.7658621202216899,0.8925492698429451,0.8223281842926559,0.8947089116793581,0.7785572620886672,0.8950805583420993,0.7220536569571163,0.8471030325493132,0.7524921842926924,0.8226942591935589,0.8165614256991571,0.9632736486750092,0.8454128638052212,0.8284350718048404,0.9263360847125309,0.7237494087108991,0.7330060916445954,0.7163383079449058,0.8095328797615888,0.9309069472731332,0.8708836100566658
