0,1,2,3,4,5,6,7,8,9,10,11,12,13,14,15,16,17,18,19,20,21,22,23,24,25,26,27,28,29,30,31,32,33,34,35,36,37,38,39,40,41,42,43,44,45,46,47,48,49,50,51,52,53,54,55,56,57,58,59,60,61,62,63,64,65,66,67,68,69,70,71,72,73,74,75,76,77,78,79,80,81,82,83,84,85,86,87,88,89,90,91,92,93,94,95,96,97,98,99,100,101,102,103,104,105,106,107,108,109,110,111,112,113,114,115,116,117,118,119,120,121,122,123,124,125,126,127,128,129,130,131,132,133,134,135,136,137,138,139,140,141,142,143,144,145,146,147,148,149,150,151,152,153,154,155,156,157,158,159,160,161,162,163
0.0,0.5526702726229905,0.47858760400474726,0.5003251762975014,0.5113615106601346,0.5279279687103585,0.5276362009186893,0.4959904612248853,0.6302958989426691,0.45595983215067193,0.5885681818346217,0.48529741948727223,0.6032876511621921,0.5875450331795299,0.5419131841775818,0.5524292860377035,0.5653677829509209,0.6585035351980455,0.5367354585393912,0.6768046181037369,0.5980374939676074,0.5735418436524224,0.5003854801375508,0.6208554424019173,0.5946548985683775,0.5797723864541364,0.4879065893058408,0.571311565314693,0.4336733002369747,0.5124855768854212,0.5823978792901179,0.5636730662413998,0.4962102609664781,0.5497311379028869,0.6666128166650315,0.49038682192094096,0.6627302838525806,0.5911835579823482,0.48942881776195024,0.5798957202618754,0.4979700473899953,0.5874607489359797,0.5593484069283156,0.6080913522011747,0.583434224115626,0.5570178683917569,0.5158882614404852,0.549531597951528,0.6233973181542589,0.5402211016586544,0.5813389967494478,0.6088969602782993,0.5191580252785779,0.5490510725689441,0.5055617949566678,0.5803206386235412,0.6450005863924196,0.49925993789082784,0.56014078095249,0.5231809020216857,0.5266881519882567,0.46742707813018053,0.5930341488442471,0.4907373280901896,0.583892437281127,0.6126545013617888,0.610516669261718,0.6623847010303894,0.5355829704063936,0.5601058268066587,0.6940528074038048,0.6008755449551514,0.6217209970472896,0.5878354756482781,0.5539818496336631,0.6627551134034436,0.5187889885674234,0.5422585783899226,0.5487129440441516,0.5219558712286991,0.561585432894528,0.6037024523346549,0.6055429758990688,0.5620254628000497,0.5710247793918648,0.622469432105797,0.5486798231364534,0.5480806827033433,0.5605065649771326,0.5885588952100955,0.5490006184995234,0.5302964912370464,0.5173604887165514,0.67294210765678,0.5986061106803614,0.5286494382135669,0.5293192996956219,0.5375044710106014,0.5061143303389252,0.5683837153476272,0.5984884393792109,0.4504278613771317,0.49418574446240915,0.4408478675556543,0.5856818094719758,0.5509069613550183,0.49193119114161515,0.5446943306976246,0.5318759550750004,0.5650123478903514,0.5923497873362216,0.556009735861866,0.5921656829156519,0.5119159679771663,0.5998113877921482,0.5858802884678117,0.5833994544765139,0.49111702720735145,0.4996615786692891,0.5339312091355596,0.5720671649823159,0.4616633857724008,0.6012026572702669,0.6490094761368002,0.6019394580380897,0.5005138727986213,0.470523228856618,0.4966958517595921,0.4933070877727418,0.5855163445945345,0.5344642613737491,0.5432871221313622,0.5509976475709705,0.6149019731428005,0.5655816093653243,0.5721855440213046,0.607740466913912,0.5836603927909464,0.5446420301731921,0.5150217566427866,0.5325679615589359,0.5537355323216469,0.5749872382705377,0.5137066955109549,0.6279519744061834,0.561081704892299,0.577228361812793,0.4883169759041705,0.5232235099733166,0.4082566037679343,0.6780121262065587,0.5317348473020341,0.5387263052960579,0.45660751117174875,0.530546863455028,0.6458115561612697,0.5664993206489971,0.5637911750145951,0.5715202483117998,0.5804961866723425,0.5184547819984748,0.6610126132596224,0.48822611314051967,0.7146049397144999
0.5526702726229905,0.0,0.5949168864845358,0.5142375706328902,0.5153214089039735,0.5834686139641637,0.5521586835224945,0.5101514101373461,0.5375482651963973,0.6251574861164193,0.5940478065133197,0.601091281218397,0.5563610648050213,0.5752472698445645,0.5376383370134662,0.594003447417847,0.5974210327597558,0.552884774887906,0.5893453570683443,0.5648047401780358,0.6218245738081574,0.6401438086505996,0.5221086404185943,0.6128809230690258,0.665388332932282,0.5022580715499608,0.5202408363413847,0.5591555898061833,0.6197908931674108,0.5295694055974561,0.5823010546337645,0.5904453003957985,0.547610063599813,0.5395523350528091,0.5745976288807672,0.5514169248804011,0.5544773949755029,0.5813995953375825,0.5348445945180413,0.581884398699336,0.5738382562677384,0.5845972926552899,0.5057916479811695,0.5903585542351188,0.574843538887032,0.5240299156904091,0.5387623311783271,0.5303117758584696,0.6034257017067005,0.511748096209857,0.5390884193886343,0.5543049196381881,0.5292318029584532,0.6423424298632984,0.5862762646929879,0.5893785480200368,0.5507407254773186,0.5427787924205132,0.5568969911965728,0.5311486872480858,0.5167784445380671,0.45863796042306904,0.5211026998541384,0.5222376890425369,0.4933081503790093,0.5024790146374757,0.5263869464288623,0.5406576615060539,0.5217056340219227,0.5203789665011024,0.5335814845579573,0.5534848637375213,0.5010267964898997,0.5640215194759205,0.5896940629534304,0.564384820088372,0.4958277937839035,0.6429785772899366,0.5003126975147465,0.4858482701656015,0.5878096545913647,0.515306470807147,0.6794328864859432,0.5571864074788861,0.5183799335080411,0.6201234799829503,0.47162722992021916,0.48992826947394735,0.5585788662907577,0.5583423131148714,0.5096902772178296,0.5517789343945219,0.5824139027411183,0.5416365822661474,0.5429582275611352,0.6495381162821756,0.5155268184660536,0.5952006725613398,0.48578519169850076,0.5417910267882171,0.5886539192385764,0.43772153862630775,0.46592187722298756,0.5371623425983529,0.5260574960083575,0.5258448444907763,0.5094011870304943,0.6113081703076176,0.5673827715216625,0.5981950516532247,0.597029961440385,0.5010487255366796,0.5017692864320479,0.5300352020212273,0.5329476187752136,0.5625009162476851,0.5929769232930456,0.5372435314864905,0.5565932628439375,0.5306729446743347,0.5148758208325158,0.44940123858283393,0.5110453109581932,0.6300179676644455,0.5014287173964719,0.6549186931904984,0.46002987191944883,0.5269566004208617,0.640839811217561,0.561762431431792,0.6024321838774777,0.5454501541424659,0.47030975313555917,0.5418882499006237,0.5462565629179852,0.5095727713880339,0.6078029702508492,0.5547398813254332,0.5876831746058717,0.5264220464922871,0.5548911240711987,0.6086206955293856,0.5688920740966261,0.5455381510055963,0.6473439507789531,0.48957215412320726,0.5761920632173806,0.5767071540771217,0.6761059341839408,0.4754903952719392,0.5155662773674266,0.6304932666351297,0.5469134646360985,0.5357784344812059,0.610231244983692,0.5412543929889777,0.5005669131899351,0.6103781962182081,0.5343982451521797,0.5124083607891232,0.5866384285336438,0.5740757427722664,0.5064630005251508,0.5393983865936385
0.47858760400474726,0.5949168864845358,0.0,0.48631358706801864,0.47316147063078695,0.5491867683451351,0.48120925808777876,0.5615425361011414,0.4713053311105971,0.6909733016735278,0.5760226793837863,0.5711722289095263,0.5524256961691258,0.4931174620327239,0.48337709503739495,0.6432391927219842,0.5795808175724786,0.5107598902125036,0.539026196188469,0.5008066670770954,0.5993509640450847,0.624379865239249,0.4812280900033343,0.510942644668481,0.6114907241245927,0.4888529600787568,0.5145539564718723,0.5278991453565128,0.5491874246808414,0.4979998709849264,0.5062069156372363,0.6012195707608842,0.4873274475169162,0.4930957143896794,0.46303342036382755,0.524106184515718,0.520106096470151,0.5330939274724705,0.5048103670731192,0.5156029137297309,0.4970890249938531,0.5341372214707639,0.5232691145548913,0.49319693009105353,0.5730852109765578,0.5034263390215289,0.49093857483769854,0.5050282385962619,0.5303187836066626,0.49091468969715396,0.5180098219663705,0.491359596883546,0.46081359548002276,0.6012376959164484,0.5836901862912046,0.490380769915163,0.49790874997756085,0.5672152571547042,0.5270992077320137,0.48959638295804647,0.5424695012698144,0.4434295330996171,0.5247569120791525,0.48289856122757585,0.44867982226540526,0.48742994843063914,0.49573884436210386,0.5230610278204089,0.5876889375430081,0.5528771267046558,0.4938073725304735,0.46704403978211284,0.4710349546058069,0.5846009361394037,0.5960724911299226,0.4668203641138573,0.5375850251163207,0.5632194485007969,0.47746387861583023,0.41724483063245127,0.5257130581541415,0.47394602969839966,0.560751017533547,0.5291356227784066,0.4821898586499099,0.5412646733906413,0.48037772295961734,0.47896288291848066,0.5239967724731494,0.4767938518950081,0.48452634193815325,0.47131792848262133,0.5340196119684137,0.4604387163610631,0.48502534384480767,0.5597439761254596,0.5098846134496704,0.5207086813724437,0.41859560452497024,0.5015163736948932,0.47713395688447924,0.5081754953645029,0.4524386201735149,0.5192919644935949,0.4927175191281794,0.5235934775416481,0.5505183171290365,0.5618976480378612,0.5188560656725907,0.5225414781313731,0.536291229259759,0.4632278799680397,0.47013677008019783,0.522266137198688,0.47475554864345704,0.49352691638729546,0.49665745979042386,0.556164472878911,0.5496505923330675,0.4660226903042321,0.4494223723577594,0.45890545928882065,0.43994117326714,0.5292189911937987,0.41155269540123224,0.6071919763615417,0.4474119297603756,0.5312902593340761,0.6052332763027112,0.5170133322125218,0.5377567975198307,0.5784764162692517,0.4394625610256446,0.4475883788189905,0.5185355427291906,0.4351545796936847,0.49919709125720185,0.46768961236339174,0.5871280301759683,0.5013587030034756,0.4927191337465088,0.549736478560135,0.4973792581056485,0.5344460333016688,0.5563761669967493,0.4648418937485093,0.5098228207470114,0.5566247464436602,0.6629866602114496,0.4483475851941192,0.46292359395939997,0.5080358844432495,0.5293236478556749,0.558523038266145,0.574216658948954,0.5117703029503324,0.4555803946321413,0.5649895381034008,0.4328927724130294,0.4763157914992522,0.5404138111569413,0.4531520172794871,0.472000401533416,0.4595054558964665
0.5003251762975014,0.5142375706328902,0.48631358706801864,0.0,0.5030590292896842,0.5108863553808057,0.5821186966161811,0.5232122945991662,0.4864825675560075,0.47873679502646554,0.5189813443288323,0.5395125964035967,0.48728273024215707,0.48825192381798027,0.5234888112769727,0.5001137262316192,0.5293000467320498,0.5229310153888719,0.5515036203848042,0.44500207710350514,0.563756254082051,0.4988505235591673,0.5362878604244358,0.49920863756380746,0.5446341748602309,0.5706709144990133,0.5309979629624227,0.5384125554227177,0.44179525315769685,0.48999906681112654,0.5188073953271568,0.5017623837178875,0.6903103046335083,0.5369380135299061,0.49611740894871786,0.5246874072297297,0.5004743942237814,0.5202170528397271,0.47246177287013286,0.5550614639239876,0.5715198450115963,0.5174612306438465,0.5026777924500465,0.5488129034554746,0.5308797674111828,0.5122762301337361,0.48201095022441476,0.4487781607178546,0.5369468631055063,0.4801792784945001,0.592806521895018,0.6079688828797889,0.47513565757227366,0.6200087396522664,0.536066652943866,0.4907243224461541,0.511213387293096,0.5875347586101309,0.48937253502937567,0.4956666686221721,0.48451473538108947,0.45378592631397263,0.5716119185556278,0.4348329144294652,0.45963027864896466,0.4768478048654208,0.5007239397964606,0.49895784456037434,0.49903050313400926,0.5498463817788548,0.5079893983788972,0.47409793379208376,0.4962042073603191,0.5723150576945836,0.5231684324333846,0.4804152890041785,0.5066387951930578,0.5817222009445467,0.5218924651625529,0.4279610192115729,0.49910311418492764,0.5512109912304959,0.5299207852261391,0.4990126032944138,0.5330923512791702,0.5382773610780454,0.4726678899622477,0.5059708963189584,0.540503601508067,0.4799245679923914,0.5962720353198082,0.5687858935315349,0.5163794981488566,0.4742060901376609,0.5373979765996496,0.539139857550023,0.46536837984233925,0.5673401493551353,0.45028153111863445,0.5660409244552199,0.46989146893918027,0.45445872558849865,0.6075005403153124,0.5341700805273828,0.5366052306671949,0.5039961536358729,0.49548364197417977,0.5194139682170605,0.5285470757896655,0.44822309008806993,0.6070560588973044,0.5144043950312696,0.48842766581801283,0.5111824272363976,0.5503332516878587,0.5508332493990595,0.5209752777801726,0.43572286491500756,0.5398322572050236,0.5542551913562462,0.45717439122151055,0.5681203578207981,0.439807545951242,0.5827674665731178,0.4224533525798617,0.5321249235983262,0.474179780369996,0.48596722528727676,0.523955481421953,0.495876645212716,0.4863016549290378,0.4923671582330775,0.44048233832244943,0.5194783842567641,0.4389696180651509,0.4127642277387068,0.44480094861183966,0.5254359347232358,0.5020545695564561,0.5056798319114395,0.5916629288002456,0.4694526106907164,0.5544216857798971,0.5201408768780756,0.5150314515407979,0.525060057167103,0.5144289904217955,0.5081815139810564,0.48012380184595166,0.3962339385169573,0.5273868498174976,0.5342534974158374,0.48890606505841083,0.4591016887781099,0.6192791550947939,0.4866595440303763,0.4285135592431317,0.6004094129432057,0.5484154770697965,0.5405449861268421,0.5140938745036812,0.49645536700497495,0.48744989940083755,0.5117710206992104
0.5113615106601346,0.5153214089039735,0.47316147063078695,0.5030590292896842,0.0,0.4225919197333675,0.6069365175604371,0.4557894311234977,0.5556154843666058,0.4528281217900612,0.48779530504791463,0.5269154711704304,0.43702721058089844,0.5028087020840011,0.6133596234696419,0.4852011761860609,0.5157793568503988,0.5795008721444348,0.5442718448470463,0.493311957479785,0.578752577755326,0.5537510018323157,0.5772703357763158,0.5292119191384657,0.5034846940955886,0.49624348123301704,0.5269359879272785,0.4685595160351503,0.4370533049947504,0.5644195078121473,0.5613385513268395,0.488284796210664,0.5186535615211095,0.4831972360464008,0.5499239651679799,0.5821025458413178,0.45962361969431015,0.5621935332904137,0.5426501018306273,0.5472280637532747,0.59621473403515,0.524711080336716,0.5622500255326878,0.5360708695477547,0.5054781356620182,0.5204831761174838,0.564992388475915,0.43595481073834935,0.5984583343894353,0.6111387080609908,0.5963953947805659,0.5199772062885984,0.5388999060743336,0.5517232178195571,0.5263628979439504,0.46412679602961765,0.5628873474690194,0.5311993986211304,0.555890643806376,0.5455598040853342,0.4109361223750843,0.46792093121994816,0.506610462329006,0.5442777013819196,0.5704678657217314,0.4670433207636648,0.45829264973444117,0.4883412931669997,0.5403825529949294,0.47512152727169554,0.5290380657280251,0.5614608894856172,0.46462224096016863,0.5269280582369841,0.48397604925691795,0.47280414682546895,0.4737814346564718,0.5971707167482886,0.4941833077472892,0.3929546422011883,0.451504758411021,0.6101350877370979,0.5413961222837241,0.43222767099314213,0.5354988025653951,0.5344170405421566,0.4119448082323394,0.5701062639677883,0.4858730213842578,0.4668074341321899,0.6460489360631949,0.6011916857777747,0.6353558489286304,0.48015530590856137,0.5696934091462103,0.4863991963655084,0.47632909581907873,0.5008658116318075,0.5348933229670713,0.4831504428945693,0.4915164353864316,0.43262039379404155,0.5452253825447062,0.4946703960185698,0.5565733944476583,0.4965515737761782,0.4810221319109509,0.47635083831823993,0.5681848266146058,0.4377185449361609,0.5456054132868811,0.6103786105996122,0.4165443815932593,0.5010591021222899,0.5102051866150902,0.49461126029734054,0.48986986649264047,0.5291957033509789,0.44446118393253814,0.4938202733104936,0.6064796454852681,0.46680879474626685,0.42844951977394763,0.548339279972996,0.4608050537248252,0.4757571354260733,0.4767078328219618,0.49261334371305804,0.47624163816940474,0.574830274676744,0.4883234225256393,0.48269388710937633,0.4040445732751802,0.5293497815394137,0.46664730627510664,0.49603997272739897,0.4776225459070671,0.6234292656203134,0.5390998746383591,0.5914348389276081,0.46342402168318875,0.5007474758015837,0.6014289820351503,0.6069095238510952,0.5329542992571437,0.5456992337354204,0.6197985409377027,0.4850745217040374,0.5004139723284452,0.41303623484188434,0.5098547405436816,0.5379233180664912,0.6331191966042283,0.5257262800903264,0.5308278351818739,0.47454124808174153,0.405028359591691,0.4821574741238659,0.47876242729722124,0.4837967471094109,0.47231857196291976,0.4917363303951438,0.5140925402162536,0.5380733412795572
0.5279279687103585,0.5834686139641637,0.5491867683451351,0.5108863553808057,0.4225919197333675,0.0,0.46157018382104004,0.5364340758169384,0.4874289289714236,0.5447829193564703,0.5820329398594319,0.5298153187535364,0.5980316493848724,0.497243026288279,0.44732897040372605,0.5750202299645941,0.5403768341865727,0.4799173810724542,0.5310965168078194,0.500617096337145,0.5493860564384898,0.5246532705973705,0.43774682918542535,0.4984736764240978,0.630805742637983,0.49890459445453117,0.45044670810634,0.5514944009895689,0.5001279702635841,0.46789723543059714,0.5110545442165116,0.577732884514212,0.5018536706366696,0.5193849608511346,0.49113748519620226,0.4665872498598158,0.589110715716132,0.5087366196616566,0.45632663140275415,0.4833049052138658,0.46613052216489564,0.5465127051545354,0.4658930403384913,0.5411836192051634,0.5347085771157436,0.4716424252379161,0.4534827846705469,0.5412508335242904,0.4950217175722943,0.4376008487147495,0.4938297970270052,0.5458159566041677,0.4444296408841435,0.5671384719540007,0.5180702780883473,0.5776980108024994,0.48936119993535787,0.5350987219745337,0.4627879125261655,0.4531306603827415,0.6094572241648993,0.43534686056556204,0.5443884029852312,0.4260306279420502,0.4301128985585974,0.4981670522376846,0.5253219121371357,0.5392883371873414,0.4722303612106663,0.5621720964167038,0.5082359462081854,0.45576824242638686,0.5199095894596691,0.5356838856189494,0.5877521382726165,0.5276754396430633,0.4930733006326969,0.5194977008016884,0.4783375976078552,0.5199482331348129,0.614790360530588,0.47223133316379456,0.5686279349227906,0.6159346353056915,0.48735856099498537,0.5471702448369745,0.5678939944261254,0.4441617464776106,0.5399068815776623,0.5297762519730664,0.4624035704483976,0.48020168634899313,0.4664345554658929,0.5047024367698504,0.48229589386580923,0.6136344650483301,0.49901727381126054,0.5672218209400193,0.4231550846372795,0.5258995036351951,0.5067783562183727,0.45085359965576455,0.447255152387155,0.4811912852476955,0.49015373280547514,0.49405252287031565,0.48562097238108287,0.5714922492791569,0.46433100644792075,0.5664384386452884,0.562221588885479,0.44413242084161925,0.5911208205180222,0.4998507245249888,0.4991393932024064,0.527795056133943,0.5503591921046584,0.4473042814684984,0.596055535747655,0.5145514829519385,0.4269568263311869,0.46465602574747805,0.5135029807747624,0.5639871952638665,0.4601511396607474,0.5906802393365728,0.43565641324922966,0.48382567580528635,0.5725597848710672,0.4633546347854163,0.5509956189664243,0.5512491521522856,0.5044887317153992,0.5031365909026403,0.5024053318052616,0.4328711016538592,0.5185991689641626,0.44755084635591735,0.4768489381022288,0.454184029674702,0.5615602002855816,0.5391216786164494,0.4850813962832047,0.4738575830659423,0.560099004178338,0.45805524631349864,0.49170273809256576,0.5084851271290812,0.5562076434484287,0.4335481890860798,0.5102645647936368,0.5198942878943104,0.44966572654975734,0.43315497735338215,0.5695436966684881,0.5361757720942427,0.5026042030302473,0.6403902879523763,0.49084260993080175,0.5164152263743582,0.5229327863335087,0.5364895055456497,0.45367315623731935,0.49662399046060246
0.5276362009186893,0.5521586835224945,0.48120925808777876,0.5821186966161811,0.6069365175604371,0.46157018382104004,0.0,0.45422215239086516,0.5059476574421574,0.49705571245935654,0.5028972170447136,0.5346320296925364,0.4727431886287555,0.5263580970882988,0.579483313806823,0.4873550903419742,0.5323728959529913,0.5659058583613069,0.5449308794599992,0.4775190232642615,0.5796495064853802,0.5360817127537015,0.6220819235475146,0.5648760051486035,0.5532312299955372,0.5263740534284651,0.5264839096296828,0.5087094670278138,0.4605819557898919,0.5105596398161522,0.5370084729678904,0.5194621588431132,0.5683305812916172,0.5416261437055045,0.5509345024441403,0.542399426481731,0.4934245044281008,0.5104093611199552,0.4877002360286857,0.6191836323577588,0.5646600505621356,0.5553040678682831,0.5163143659715553,0.5682582639926392,0.523606243072009,0.5244830889344834,0.5660418639324567,0.45237561352019773,0.6622328349761899,0.5277695387125724,0.6129253736828768,0.5593096174306023,0.516426028707426,0.5950227029412803,0.5399042161362639,0.5092826976241842,0.5371584401754927,0.511500738656578,0.5971918460534291,0.5265678605637012,0.4350369807972927,0.45400579372893385,0.501791823581587,0.4950410743746394,0.5238754170561687,0.47804505468840613,0.5048865287628586,0.5196210503995804,0.5127542520485191,0.47539874338399923,0.5220089047873528,0.5343890127446603,0.49780677353299957,0.5665616575992173,0.480772948229786,0.5156043292995146,0.497623827690449,0.6452342065797686,0.4771494654986863,0.42300256601928804,0.47959410679786146,0.5728666337713463,0.553593069332925,0.44323769208904445,0.5336723679039242,0.5202272158011361,0.42480830158615573,0.557688989860264,0.5185693124365077,0.4828655101665652,0.6025745932487604,0.6405020081946493,0.5747890438369261,0.4988852474467382,0.5765977080934195,0.5247399060816171,0.45086141573989946,0.5560314057225128,0.5006057291263984,0.5552007300697736,0.4978063137720955,0.4257473389335729,0.5800528384487139,0.5138599660414519,0.5259997499641674,0.4981595831167329,0.4825536850022395,0.5113927969182631,0.5879391480166607,0.4810069097471287,0.6436473542886936,0.5472255007929695,0.46521174505557994,0.4844669513813953,0.5163609270430185,0.5251102545484163,0.5319623113535411,0.4995779277077065,0.50863084793058,0.5139316955714224,0.5173107880016057,0.45853099185442636,0.45507524806483635,0.5979060756108715,0.45670696096768487,0.5060107645249255,0.48604304413517097,0.48097965442308693,0.5091368154669178,0.5395871564693485,0.487935959276148,0.46929652461924876,0.41315674084238346,0.5108047551748248,0.45685974548071545,0.4648762737554925,0.47378646777379296,0.6047737053864211,0.5301078900260501,0.5194697607058031,0.5119563783266083,0.49947744933408683,0.6301370041247248,0.544151598856989,0.5381261755370434,0.5920941893963505,0.5388047760815537,0.5017351392018631,0.5069726471737996,0.3952025541511691,0.50982655786566,0.5504550271587433,0.5356648392793127,0.5334974798025242,0.5621692300805335,0.48362266456215675,0.4344641054801726,0.5416952210434277,0.5496333780160141,0.5375288326487743,0.5205214169379614,0.5151718361927031,0.49726761619585447,0.5309381261312439
0.4959904612248853,0.5101514101373461,0.5615425361011414,0.5232122945991662,0.4557894311234977,0.5364340758169384,0.45422215239086516,0.0,0.5243808194160244,0.49284301008499476,0.5409418657915905,0.5535286457644323,0.5535037796020364,0.4737702031522983,0.4982215337248578,0.6226093526625046,0.5419928548669563,0.5170809411024925,0.5438622471930712,0.49524958846726586,0.569692123297239,0.5323760779034221,0.47058678074834276,0.478016012329926,0.5459065852308759,0.5439414277314993,0.548170853331184,0.5343010993542481,0.43234710503145884,0.5383625480328006,0.5587006098101703,0.5680856037242744,0.5209772581067635,0.5167034680461368,0.4564623933856465,0.5222757830485074,0.5421590947848486,0.5784035047771118,0.5353956228701553,0.49349547435126523,0.5013291300579287,0.4928350266608602,0.5697323782042186,0.4801114085902468,0.6368572620324611,0.5593556024609685,0.46494699261525657,0.46939324367050383,0.4966544479373801,0.5069378717439179,0.5568195437598,0.5151545794757658,0.46035130413171,0.5681033114551706,0.5518268426339566,0.4791275713927705,0.5341319361402689,0.6513473649350053,0.46347569596532684,0.5240338498350715,0.6027058054756589,0.490526621569156,0.6108332090151877,0.4420731146802347,0.45586488113484125,0.5276841187570755,0.5132077022608612,0.525272945355564,0.5484899516264353,0.7178583864107568,0.539079261056313,0.4682391953671082,0.4709342247035347,0.5973338255537877,0.6314275990422848,0.47676325015434023,0.5889985777777711,0.5292106207227624,0.5867362615309548,0.41915736050192964,0.498686648681595,0.5263372404322816,0.5607473622257452,0.5822371604661399,0.5131555472581176,0.5939062750123763,0.56956727444861,0.5082077966426198,0.5955281141728088,0.5244236999851155,0.5177494130897511,0.4838686394776116,0.513205039890047,0.48219730428223023,0.4878341462692911,0.5215003536449799,0.5888327391207525,0.5022449982998433,0.4228819105182778,0.5327366297112405,0.4831669346296884,0.6262082742530852,0.4836315499500565,0.47395900933992463,0.5571807449655498,0.5803631176580006,0.5865845728705393,0.5089277133073551,0.5102179723319082,0.45431907997994964,0.5137957906859035,0.4917215775934486,0.4744340529798376,0.5729251015391214,0.538685776864288,0.5255448484152322,0.48647085700098597,0.477775761939286,0.4657169016885118,0.49875611788026125,0.45763403515521495,0.6133954342335537,0.42614416869656396,0.5551814210220283,0.4058825553489258,0.5609928597722124,0.4659514692948985,0.6325938547719717,0.5158559242668305,0.5215576945173862,0.5329633714333124,0.6065063921097636,0.5051410872083661,0.48530682090567606,0.492756321904176,0.4180846262485211,0.49164120423735796,0.4718173100404607,0.5352013635677516,0.5627970276764209,0.4988470464190562,0.5070355883833291,0.50561109898328,0.5271759927649174,0.5338616896080971,0.47001430219669765,0.5498382342226035,0.550370030014022,0.5210552272409124,0.42837534126420274,0.5333448452785087,0.4845083064608959,0.5230078490685777,0.480060821556701,0.5730634454850351,0.5607335905063547,0.4528400662383794,0.5832317219185186,0.4307529466227039,0.5068333531927159,0.4829824407154131,0.45537770146115886,0.48477364652552335,0.4775450736934596
0.6302958989426691,0.5375482651963973,0.4713053311105971,0.4864825675560075,0.5556154843666058,0.4874289289714236,0.5059476574421574,0.5243808194160244,0.0,0.442408663349505,0.5264403353180063,0.5015778562449056,0.5147032352925226,0.5457156266260426,0.5584617904399507,0.5336006258284679,0.5342105938564733,0.6171159260577634,0.5357048757447672,0.5861207378110208,0.583512417279356,0.568618822603554,0.49679903814525794,0.5399981822236374,0.535066701823107,0.5279114375113372,0.5192181071350231,0.5102670190356394,0.41659133203847964,0.5990490174413389,0.6204995785861303,0.5263833748716938,0.49587178615676747,0.49779214100993,0.5777167669810259,0.5140066958140305,0.5499402426210969,0.6390346456338623,0.5359619618307696,0.5303145797778387,0.5215540547726222,0.579905873346089,0.5554300839759485,0.5367863449158853,0.5526011733531108,0.5565031641045484,0.5201470364678091,0.4707346751363624,0.5589578397359181,0.5706608536845699,0.5768595656441164,0.5501938577905511,0.5434609542872114,0.5281695253935627,0.4931227260077239,0.5581417971608651,0.6339537191486452,0.5381984527311912,0.513682572850899,0.549153662649177,0.4867715885039722,0.49943023162620265,0.5631317769181802,0.4972267802936061,0.5859074219100481,0.5492756263261762,0.5371776990984976,0.5762199744178658,0.5254209078265243,0.5662218841449791,0.6554915354442153,0.5836923628801584,0.5289412778822652,0.5531153973255161,0.5607341767861136,0.5562513115310684,0.5066271365696039,0.5520192822436117,0.5535964242697408,0.4651344898860404,0.5173313472947176,0.6750275498538364,0.6430139079388859,0.5192741602490757,0.572039831335176,0.6469183749799698,0.5107623997776096,0.5545666085364895,0.5518986670267345,0.619352263916497,0.5799633423058309,0.5610409021669199,0.5394072225500258,0.5729223083290141,0.6004127960258356,0.5101583679519186,0.566761591543712,0.5109752381352071,0.5325040529636961,0.5217231359542583,0.5614478565441515,0.46355177745382414,0.4915603570807339,0.4424137341983239,0.6088126976302575,0.5470625915747447,0.4979824950988165,0.5068956635244242,0.5302054707914007,0.4820128817017851,0.5284995432859194,0.5896505313215136,0.49071078308918037,0.5681021438855778,0.5639572331445274,0.5647727566971004,0.5301843844246933,0.48332665360392646,0.43867797259636176,0.5526012657809466,0.6076228271464658,0.5054308373823666,0.4918420414871561,0.6154671145907723,0.5445973382950098,0.4825132460113895,0.48726094137215137,0.5320569216797728,0.4646653385894178,0.5870388988630298,0.5831370095295625,0.5661818202378328,0.5166965438236991,0.6580228675795551,0.5200114140904202,0.5364374788720574,0.554788672755793,0.560880586123353,0.5157235111509565,0.593351651783054,0.48485179356592034,0.5461229538875461,0.6052115552043456,0.569109994884757,0.5882391839366462,0.5175008168907345,0.7073633595482596,0.5093871058783291,0.5017903873009316,0.42750380451333836,0.61612875746051,0.536701509779011,0.5846471130481057,0.4730126363987424,0.530787198922439,0.6004714795133018,0.4795260643809706,0.5374799086810325,0.49291029413136445,0.5296527832649042,0.4852690576149043,0.5807768456570432,0.5427518750708223,0.6429946794454241
0.45595983215067193,0.6251574861164193,0.6909733016735278,0.47873679502646554,0.4528281217900612,0.5447829193564703,0.49705571245935654,0.49284301008499476,0.442408663349505,0.0,0.5299859132881591,0.5727485562249091,0.5105440723991651,0.47749079858410953,0.4587320323188174,0.5696086536874897,0.5597718652760438,0.48091022886967016,0.5414185341875672,0.47114692548913367,0.5636464154508727,0.5590411116782749,0.491285253199724,0.502519216706225,0.615627134678211,0.45039285681287466,0.4875298545091733,0.5232033030253467,0.6073844480821935,0.4808636933697393,0.47907150143427096,0.5737590820889246,0.47770093420659654,0.49538924872122386,0.4519363600827819,0.49552516368543537,0.48310615969722676,0.48743409968838547,0.46981301682854204,0.5076863774048964,0.4886014839756687,0.5320650573772598,0.46923637648233946,0.48293958765041256,0.5161996261959398,0.4752964180574898,0.48722833847272007,0.47375524451454115,0.5279172412093716,0.45425918935350107,0.48841365702418055,0.4780142710321152,0.4574363889219295,0.5734936548633227,0.5509609215420048,0.4986980956803763,0.4712762576344322,0.5215553886280939,0.5207255000437835,0.4682564277838639,0.49170027442513203,0.4198022620589284,0.47398318862241756,0.46495180412570963,0.4286498240676068,0.4554079450191396,0.467399665945917,0.48039779137978555,0.5126933400513946,0.48758905905882055,0.45214093768673896,0.4513368532016335,0.4504250596361643,0.535740623900342,0.5451311091932194,0.47046280054412953,0.4874680875837084,0.5606394276820098,0.44276509981446993,0.4233718951395981,0.5259367657731183,0.4448713710377638,0.5444466995503245,0.4887195492344822,0.46448313386843215,0.5037965457614229,0.4362799371798349,0.4499927049036987,0.5097174878882984,0.45732892645499934,0.4574423187642975,0.47414406447603946,0.5156319820644015,0.4515218186079321,0.46882582852177457,0.555470168330364,0.45945846844089266,0.5363483219943238,0.4109426203403972,0.49166791303847773,0.46219693875925294,0.44626101167590193,0.4397053743583741,0.5401109985932693,0.45768749082964233,0.48413110733226106,0.5099901640984796,0.5763426873229529,0.5076709661595566,0.5322660091983783,0.5394341380828942,0.43851529928716154,0.45497453532727683,0.49227431857487597,0.4508790976192657,0.48146750157865026,0.5167933289621188,0.5306917833865402,0.5686267750474278,0.4562846068025752,0.4252446853134487,0.42260689354684144,0.4375079396392419,0.519046737010512,0.4051621243262784,0.6013786935129711,0.43309124439158614,0.4773458740761487,0.6234199433579564,0.4758142173707734,0.5326998278238255,0.5166107296589257,0.4114973363472235,0.43127471974404236,0.47690812905318714,0.4194346636922783,0.4874734162502037,0.45034516943100705,0.5364265471042542,0.47141835169866336,0.4848083637413385,0.5284807227806957,0.4919503691838363,0.499185486790039,0.527030556702,0.4486484974302367,0.47172294109974067,0.5546568934501812,0.6649103350525463,0.44684965048670783,0.4348344063109935,0.5305372221036101,0.49143317104501927,0.5437946985032196,0.5712788665279881,0.4685618184176716,0.44271929137835286,0.557755425427895,0.43585337310624483,0.4670245007207938,0.5572708962558606,0.4566108826112905,0.465577457212078,0.44004446370724487
0.5885681818346217,0.5940478065133197,0.5760226793837863,0.5189813443288323,0.48779530504791463,0.5820329398594319,0.5028972170447136,0.5409418657915905,0.5264403353180063,0.5299859132881591,0.0,0.5620893160206232,0.6128087136061184,0.5273727428018349,0.5237110706471988,0.6246156576891122,0.5608639846851494,0.5448438942687687,0.5702198613395172,0.5826149399476936,0.5975213732367898,0.6647092744736222,0.4803090539856253,0.603566902745234,0.668266208645135,0.5362526369368508,0.5014095550379678,0.5773134244244779,0.5233941497656494,0.4956128792640583,0.5725502540162347,0.5792843589990694,0.5108400493345788,0.5281638824841339,0.5630830313012684,0.5033521244908779,0.6738281697330807,0.5678025755131462,0.5424843639355093,0.535815771639263,0.49284626111984203,0.5459432533487126,0.535780428939605,0.6055675420760779,0.5919994006470967,0.4919480914243768,0.45071173346760224,0.6608283289206631,0.5850468682935357,0.4884030538392619,0.5338482878559878,0.5237607864449715,0.4536927884081722,0.6305870812398842,0.6045684806679401,0.5091503561359674,0.542709036361038,0.5507207519495262,0.5151495752268938,0.48094709175175027,0.6060095216562549,0.4248988544524459,0.5537456522186995,0.4709303361671124,0.47279179192736526,0.5123642119425198,0.5638526126166653,0.5754642666809131,0.5380769982101951,0.6140133692970932,0.5556118642584577,0.5069856214072167,0.5316827437391839,0.5807718795164184,0.5791689893090815,0.5203456864533136,0.5459981537082692,0.553410446119735,0.4983113316416522,0.47466806386190713,0.5337093526602004,0.5112702123465517,0.5846032322047036,0.5797427619760879,0.4995622156102838,0.5744513532720782,0.5805812176501617,0.4842477030342225,0.5158072883129072,0.531685520046263,0.5012061649856974,0.4800853603747859,0.5273624810081204,0.5279033763709761,0.5129001922942213,0.6147987132881917,0.515254811651951,0.5159441915031999,0.4395707862144686,0.5063939125424867,0.5759414806449352,0.48772292166829556,0.4592345677564282,0.48197121889702693,0.514966114509245,0.5002371852172899,0.489607990070874,0.5591237689063877,0.4879702883941024,0.5943417362499273,0.6164321780554025,0.4877419702223637,0.5429652231735342,0.5175307151967486,0.511543749360762,0.5213257997643913,0.5134161051393314,0.548618119067393,0.550813439846912,0.4878911473622599,0.4929773081077965,0.4599993088565099,0.5113965916353741,0.5867861042346088,0.49628563373881224,0.6154146612653488,0.42543271669612276,0.5235098103994866,0.5559848513048748,0.5298071931850984,0.5107723382860409,0.54889331058712,0.5327908040006837,0.5347050347149396,0.6364706954402176,0.48606681429865944,0.5611119015045927,0.5179831127932815,0.5931647602265462,0.5042954273464754,0.5635407469294113,0.5570437970684342,0.5031892726337905,0.511800135331394,0.6510312936756047,0.48375736193288565,0.5428550821890487,0.49209170233201965,0.5872543384886197,0.42085458092076683,0.5899280975121262,0.5167116226800449,0.5416172432540047,0.45811872266749054,0.5663393153393426,0.6156646110614165,0.5760776182908227,0.5791632444942105,0.5369504108454519,0.5207651215601883,0.49355352347535153,0.5374029158375674,0.4551844026944312,0.5832335883205007
0.48529741948727223,0.601091281218397,0.5711722289095263,0.5395125964035967,0.5269154711704304,0.5298153187535364,0.5346320296925364,0.5535286457644323,0.5015778562449056,0.5727485562249091,0.5620893160206232,0.0,0.47941619866822605,0.4638831382126055,0.5410120499222518,0.5644788971683958,0.537357216842818,0.49714423387800244,0.6857871778619777,0.48993525799523263,0.6004177923066615,0.5654946521448014,0.5328754728242459,0.530531405290734,0.6284660021388904,0.48615018750694244,0.5157169415066355,0.5188471643432695,0.5366147726086002,0.5602928066302794,0.6100638881099713,0.5493961991781797,0.5621088324376775,0.5479815908613489,0.5043732919053324,0.5756104566888325,0.5029988173522597,0.5437169772602175,0.5880332828656119,0.5012035975579486,0.5739929119477973,0.5178281924864936,0.5366240966594028,0.5591016745640961,0.5615984228266979,0.4977167670079094,0.4948830749902249,0.49282364520496424,0.5561695752787489,0.497996113506989,0.5410980664236791,0.5166046848744357,0.4630633956387241,0.6480282592922595,0.6346193244892049,0.48445689158245786,0.5117384859658897,0.6599852646208938,0.4844099390221155,0.5004373412573759,0.4826746394021066,0.43735768414259824,0.5200548264545081,0.47555346139911764,0.45271208476522085,0.4552392608628048,0.4589854352542425,0.4767625692838273,0.5037567198071659,0.5424702990743989,0.48466427610078316,0.4774221510323661,0.4446894624241653,0.533163868456159,0.5443609642675244,0.47235732408781134,0.49261462889913804,0.5976098643608647,0.504246967841241,0.41158837051771285,0.489352450590369,0.5083022314000116,0.577150059752614,0.4927987866772551,0.4943829026371363,0.5572621212438804,0.4667956219298544,0.48120411483311404,0.524630037812597,0.4860288866136441,0.522507347617351,0.549413977385887,0.5854938568792765,0.4643284061101537,0.48014774907387303,0.6297362765189386,0.4926058805893299,0.5727267297512801,0.44346781068920893,0.49029906889550295,0.494460694499216,0.47835753277679394,0.501335840314391,0.6404486700087121,0.5112299845360053,0.49881090650922294,0.5072474732767808,0.5478938330711473,0.51486775333469,0.49076310207035023,0.6062108176588606,0.4926703835089787,0.438053611801005,0.5138940920034833,0.4929680788598709,0.49684933736949705,0.5165721603312795,0.5526039257228794,0.5161308239675917,0.4830300564897891,0.467657127910354,0.48965098489500275,0.4343232422810151,0.5636749938886906,0.4226616346362911,0.6674607874041649,0.4334447819346537,0.5463240646797901,0.6046625913647306,0.49713729477950386,0.5273072434394144,0.510847465791915,0.42519563964946494,0.4926506595017046,0.5033742987290881,0.4320297534738033,0.5218985706468476,0.5086610903485148,0.5564620976339807,0.5649565648575785,0.5234632972681403,0.5175889042781873,0.5185134163727338,0.5420453882776993,0.562421786881861,0.4892043485660762,0.572582128115337,0.5245639195121995,0.6244643281547184,0.44402793355020725,0.5128008282709813,0.5559835680847319,0.5449015508326887,0.500675180624589,0.6759370498228704,0.49505119454361723,0.4304797818645656,0.5718624342610237,0.4671001906045591,0.4750714395673216,0.4829994772174926,0.4834732279940477,0.4791687541962526,0.48719200575145066
