0,1,2,3,4,5,6,7,8,9,10,11,12,13,14,15,16,17,18,19,20,21,22,23,24,25,26,27,28,29,30,31,32,33,34,35,36,37,38,39,40,41,42,43,44,45,46,47,48,49,50,51,52,53,54,55,56,57,58,59,60,61,62,63,64,65,66,67,68,69,70,71,72,73,74,75,76,77,78,79,80,81,82,83,84,85,86,87,88,89,90,91,92,93,94,95,96,97,98,99,100,101,102,103,104,105,106,107,108,109,110,111,112,113,114,115,116,117,118,119,120,121,122,123,124,125,126,127,128,129,130,131,132,133,134,135,136,137,138,139,140,141,142,143,144,145,146,147,148,149,150,151,152,153,154,155,156,157,158,159,160,161,162,163
0.0,0.5108445282258116,0.4617809962512979,0.5232450383595737,0.400543218707834,0.5019555235680706,0.49552970637181504,0.6248167208496812,0.5006024877643217,0.4825527442754857,0.5398183144374898,0.505848711493886,0.6852762224914718,0.4824938495283873,0.5268444710826041,0.5343204961967667,0.5882283031527231,0.7107286237032693,0.5213273783820576,0.5645940301456792,0.5471422319284188,0.45649047688865696,0.5060553476864015,0.4880781243189421,0.6070642890061128,0.4937283025869443,0.4899016548938563,0.5259572944411646,0.4217945848511603,0.5185591342983448,0.5813589037914917,0.6220053412152867,0.49689069321119395,0.4310577185689421,0.6382445172743956,0.5460754044462007,0.5927994739069993,0.6455514773916226,0.4700224198952601,0.5961806689072657,0.594673489635662,0.559340463809384,0.5853185832798182,0.5745812842925128,0.5854676609071647,0.6826466201002315,0.5056759239845632,0.5000260998427072,0.642795009456751,0.6685774086977416,0.6037920968745051,0.5489910783031794,0.46203007453583805,0.4688465328308343,0.521433567035479,0.5530238718402551,0.6931261002541055,0.550269431919209,0.592110364832821,0.606419085077473,0.5082482510268345,0.46534574464466133,0.6206932902531543,0.507293220743229,0.5587789694970737,0.6711041595751344,0.5240134676684552,0.4681488618057831,0.5716945001372583,0.6184029088925033,0.5822331795134228,0.5737067549603521,0.5924774832006071,0.62450020742378,0.6326260854107272,0.5782126548162322,0.5113477160411272,0.43169468075119555,0.5228779711380677,0.46002657630706867,0.5736614360472296,0.5009190532717613,0.46800643669030084,0.6082634510989584,0.6842221512555575,0.6825415779634897,0.5896018006539469,0.5617879759101475,0.6281559659894622,0.5041180120801355,0.6014063440962023,0.49885657744693207,0.5611347981077301,0.6317943628905193,0.5271788480327226,0.46536753868559433,0.428115207548949,0.5521980619945308,0.4658134075527105,0.643006962126474,0.4737897068248536,0.5878762269573127,0.577447277967945,0.49675154774056124,0.6480618705050545,0.552733840314548,0.6193065537576263,0.51417092307812,0.6391960226353826,0.5472328594948843,0.5440025635021177,0.6344800545488021,0.599454896554591,0.5068677744319645,0.6244222516398629,0.6119438950470495,0.6481500236082997,0.5188034249111412,0.5380724506193357,0.4688803376822714,0.5600472955976796,0.5146279852146506,0.5285830249101032,0.5594207424289157,0.5089298900244206,0.5070563304853773,0.5055395291634665,0.49065671763504093,0.5048056127070031,0.5802952186786573,0.5804445220508891,0.5328804624376727,0.5267930590294215,0.4799645709616277,0.5333252683010327,0.5448848526782473,0.4950034826033202,0.6099259694856621,0.45707380735641406,0.6237879623856036,0.47338617901999064,0.5081926833949669,0.510725524310252,0.46930700936748837,0.5752576963275725,0.5284533764175489,0.494410010551708,0.4805289980292772,0.5192922117419588,0.4258993984484399,0.6752146919272769,0.5077835045576568,0.5086952698231251,0.515087788688203,0.6186835101046848,0.5988711553716206,0.571370188393091,0.5535345469263782,0.48765265204374747,0.5811309373585305,0.5408147725569257,0.6173189523840121,0.4870805149969127,0.5998166802362263
0.5108445282258116,0.0,0.5168026899458613,0.6062291735643313,0.39064978279213286,0.6109217633958322,0.5336820129693315,0.5991175144024945,0.524270313070227,0.5445526421509858,0.5401411495442329,0.5144678007227514,0.5567400850146318,0.5263791239352524,0.6061422268783941,0.45385226411896873,0.4670421971279974,0.48318795991458124,0.48108058869534953,0.4318829086739834,0.49769132928792276,0.6024284683682057,0.38791735128063987,0.4470022020105952,0.48363923658670493,0.3884056742917715,0.453438440473313,0.4131195960974932,0.5180543760304827,0.4433947399431758,0.5951492903246288,0.5724869572628378,0.6669742188657726,0.3495178280297078,0.5148242838585655,0.5944255245841396,0.493570078903772,0.5110812725311463,0.6318441930860988,0.5155043076605216,0.5940115843623056,0.5479090971514147,0.4217036439739204,0.5357856053046844,0.47651411717081404,0.4715546185850745,0.4130092821285689,0.4639691457202142,0.48224652648404664,0.5614226269065612,0.5828562541337106,0.4394439727766637,0.5435634256839093,0.652815751049745,0.635999161097999,0.5521536662405803,0.5095993881502293,0.508380299245158,0.569287084315261,0.5763480242182776,0.7075926051061382,0.48388112270919376,0.48518583304629104,0.4520048278075285,0.5364320441953935,0.4939965337737996,0.567624668318598,0.45184918517846767,0.44112583958807805,0.5235044387988106,0.5545779092680251,0.47880771240853726,0.5062783063527037,0.5948330617145389,0.6295116939050521,0.4603139369915705,0.5538747907263594,0.43042588846714197,0.3791048217484121,0.4191655423713543,0.5395134968333042,0.5498289991976056,0.4983448097378011,0.4763250022031415,0.48245697041456254,0.515921185787594,0.5115281094171178,0.4938984497412569,0.48045079879032354,0.5692517801253829,0.4927715319658619,0.5583102783973319,0.6084454675650421,0.5307447643364521,0.5688401675656937,0.5235640669399023,0.5410384516961078,0.4365793674505908,0.45709044035484425,0.5442407215987279,0.5123875244063617,0.5583228911299565,0.4374444162917608,0.43592577216981615,0.5335926814790926,0.40917479591477285,0.5342062678023664,0.39495751523310507,0.5277150735525927,0.5205200799911689,0.5273657624377754,0.4734462156718012,0.590973348521442,0.49546814068921485,0.44559725461503863,0.48122033881653115,0.4550609463222563,0.46917947285850725,0.4816584884852165,0.45568278999628553,0.4925575979553737,0.48844309038436545,0.39628812309980405,0.5439926032379836,0.5070539266484543,0.5592927134328376,0.546570343403679,0.5326702726956367,0.45601839182499876,0.5155537034404346,0.5372257745127103,0.5493519891982126,0.48719947373817385,0.5482003447957473,0.5715364435064927,0.5508755340683542,0.3810313286512693,0.4928397199249646,0.38214527075129134,0.5489617342011724,0.5093656825881224,0.5494058266511965,0.6094964352470668,0.5841840048188259,0.5228022244899482,0.384504081327076,0.5705638035346723,0.526379727420637,0.43528075476233064,0.40591296233650204,0.5047807776682547,0.5455968286065339,0.5248871330381557,0.5445139577705772,0.49651625560667184,0.5706045013985626,0.5555760972507249,0.5040000416995538,0.5243080468433085,0.5043390086295115,0.48915356878661387,0.4968459945049464,0.47098314444510003,0.5085063925241835
0.4617809962512979,0.5168026899458613,0.0,0.4620560817154947,0.49077540545270704,0.556394350798942,0.4845305566311151,0.4760466967961886,0.3941396226695543,0.4820240235436625,0.6186841122436036,0.5769585775972842,0.5249275779878367,0.3858681890410655,0.5197297660457849,0.5502349499185438,0.5167864358339476,0.44144770057406396,0.4648789542352187,0.409190975964683,0.5865514511474582,0.5873329356203858,0.3890424472012505,0.5390022141834336,0.46625748383887733,0.43349864682983313,0.38538679967177053,0.39124338638689843,0.48882676575643497,0.47900978207932055,0.4475441028057357,0.5163072023094704,0.4813825778303124,0.34829220936793764,0.41809865968921966,0.4739572487615078,0.48642007623236616,0.44919136510362595,0.5469769618964134,0.5040345994914344,0.5491532586668998,0.5127071285484149,0.47427965067285816,0.5758580497491707,0.437187136919168,0.45710827739484805,0.4714749661111838,0.5981516359754215,0.4674324614618906,0.5072477480477483,0.5410725902738863,0.48039490221064624,0.40367424685184494,0.5453911830261747,0.5404773593288396,0.4421913929908375,0.4814454372818645,0.5839389151987193,0.4447356088236671,0.4541463507100791,0.47025903478063585,0.3936064379383878,0.5240748872107588,0.3947608448747083,0.43756689324639475,0.4420953086038943,0.4230991890863555,0.4593522372136371,0.4268612114981383,0.4560115258103999,0.5007673588576502,0.39049485192191846,0.4090485232099669,0.566580123100775,0.5003190702838133,0.38428624672515155,0.5400305610321998,0.4787283032317786,0.37878144580648215,0.42683862000758305,0.5179532853074651,0.42819544939486043,0.4979057437143178,0.42625014222591895,0.43385876658952055,0.46700758880191207,0.43065841030555835,0.39819867642032397,0.40122214577678394,0.42743994027663434,0.5014677418789548,0.4030067307760932,0.5609829901308891,0.43900567195511364,0.42569439066947323,0.46897330836979545,0.39758561293361516,0.4070257490959285,0.36405700123700085,0.4262504546151156,0.3888675813645989,0.5168891324563202,0.3942708928980718,0.42709556235584,0.419671953387535,0.45009587099136605,0.5158171795052453,0.4048802651934883,0.5082519386767068,0.6227539374837313,0.5467819467608045,0.4305626438209993,0.44724646803298834,0.3952945776629716,0.4127140819637122,0.4859653311225677,0.40912048862494443,0.5064519624610717,0.5577274391727778,0.36156908904755186,0.5113305473561511,0.3994959618760517,0.3919133396114525,0.5319323650107548,0.3845550057404536,0.5533583268800356,0.4139957159667508,0.5271221415673031,0.45397873228109414,0.4487043944795371,0.42952671886254357,0.587236781613502,0.3841147376682242,0.40464182020775025,0.5156735945548663,0.47730695263303247,0.41861051688994955,0.45816749801916723,0.3853287403521189,0.4784798787565818,0.39698642849023036,0.46054153094893574,0.4288945587374233,0.426480586193939,0.49878522023735955,0.38279489683322765,0.5452423537515987,0.48028908919443425,0.44286346266623466,0.37857576607291954,0.42581200835347105,0.4191017604514543,0.4886469726237137,0.6080325742643016,0.5141690928210211,0.4643577063114142,0.5123089293859475,0.5740767769051772,0.3902991547716607,0.44235830940687215,0.4316635417303944,0.401290036540558,0.3886387379217074,0.502354438914087
0.5232450383595737,0.6062291735643313,0.4620560817154947,0.0,0.3896456122477036,0.5065013026315626,0.5702241520147049,0.5806458437993962,0.5334553881540283,0.477044070311203,0.5336130847473175,0.4921668264225256,0.5247287159492555,0.4982143248467194,0.6064977759424339,0.4290247543270812,0.4601496169426664,0.5022724495896599,0.4786155602784045,0.42993996774871174,0.50079651385332,0.5548227594837591,0.41434340746272497,0.4634137733703519,0.4809837691173823,0.40741522235594,0.4796933594284281,0.42974946548995185,0.43208840029821227,0.4283701820737968,0.555384929388349,0.50119662055695,0.6386316818661129,0.3605487034057567,0.5204439471655444,0.5426186619183262,0.49057308325846494,0.4993450655430669,0.5663876660300763,0.5564775307374437,0.5697789476742744,0.5782212037374818,0.41871548282849397,0.5181459090202559,0.47942149398604533,0.4730921823662696,0.3911159950448725,0.4385548587919417,0.5025895819193019,0.538148052642102,0.5905085280890813,0.4455684358565973,0.4901389538262679,0.6030566579327324,0.5472078271618512,0.5294254446989561,0.5203839713562947,0.4935744895733633,0.5817213060682028,0.5439997683650217,0.6226159955591596,0.43654903515058535,0.47173919214813753,0.4380089585884792,0.5408087748088342,0.49391547151668597,0.6423128622461043,0.44001763316480536,0.4392679483748818,0.5399170376972009,0.5485804965904124,0.46868451684826035,0.557296180091225,0.6189927487279615,0.5601742825090074,0.4382321412733646,0.5629503789832312,0.418146145645734,0.38604889557783023,0.3999756295084668,0.4851796345555135,0.6166749219324703,0.4634607504332134,0.4502217145277344,0.5145717062995809,0.5178790335393583,0.5245641423253746,0.49774791722670064,0.4661814426464681,0.5873897672884106,0.5211789664700627,0.557781013611741,0.5257515409098021,0.5160581141490544,0.6234850465874586,0.4754811567419811,0.48628821574662084,0.4433834558221438,0.4484851881838335,0.5636730898233414,0.4781255972878377,0.552334547358446,0.4831192337748834,0.4276219072277666,0.525851846658026,0.40681242876835844,0.509995001571432,0.4038390942180959,0.5086812694535298,0.5037875941274146,0.5584531554821499,0.5127349713264623,0.6036535475820702,0.506564549739748,0.4422418838151523,0.4970090825532207,0.4450016168856219,0.44174123178574365,0.47468370496729645,0.4600871226822026,0.4915445449099766,0.5045656208525853,0.4054137652381408,0.5263117899362986,0.5042145512213453,0.47961889004042285,0.5413228961862315,0.48545221544437006,0.4296111634549761,0.49809055818154424,0.49878555531958074,0.5084342781865265,0.4931734580832712,0.5830692573255979,0.5605611011541318,0.48901806731199526,0.36559956578428976,0.5080824647084642,0.39352594791140283,0.5456248708805193,0.4871188720485143,0.47865332871714145,0.646344297968426,0.5694065544307682,0.5088350186411255,0.40611383452227584,0.543730163654865,0.4684134864306603,0.4130974261923407,0.3747359959627814,0.5595194126978805,0.48784630343452434,0.549816785874632,0.509510390178211,0.5078617022249697,0.5977994399446694,0.579908744517585,0.4970917028843402,0.5653497651486109,0.5076962928377138,0.460586380396556,0.49402349902995,0.48834743363603567,0.5685190280125472
0.400543218707834,0.39064978279213286,0.49077540545270704,0.3896456122477036,0.0,0.4471227869591138,0.47829659346814535,0.372418270219506,0.36160260095496616,0.379614964198725,0.4926821381060632,0.43726841262438,0.4308408998809763,0.3483446065154555,0.43976503805260986,0.4794905053495219,0.4188384940725449,0.3810343456314773,0.35662594419439,0.33281171226560313,0.4543342043350071,0.45106798537163756,0.35266809109686664,0.4398018634389303,0.38343800954590673,0.44616751512435116,0.34947038527028346,0.3244315912654693,0.40370704880110303,0.5235248070185398,0.38173157651604117,0.42387461714094826,0.40581266068041455,0.3070297383307921,0.3562648318693088,0.3829180364534562,0.46198406896634536,0.39401474205652043,0.44510368503533543,0.4310632191840329,0.42659619736916926,0.45925657283675475,0.42049142370516984,0.5213715831287407,0.3545348610119381,0.38678570719201066,0.47642330385076104,0.5245713620157632,0.410969948327661,0.4085179193436831,0.47140785960007076,0.41825268230573465,0.34333042906560657,0.4071416902260135,0.42943410311256663,0.41487648033182073,0.39999765168115436,0.5077704910755729,0.36030518987237503,0.37703591343057125,0.36389097877286664,0.3796851776353954,0.43392704806549737,0.33657639817089596,0.37153448021784413,0.36373341768005113,0.3755694190942731,0.4943331650951518,0.365485893426791,0.39280433947583876,0.4675619070749071,0.35153878762478086,0.3547160208673485,0.4479414202412751,0.3819802155196468,0.3492856167174133,0.5030538494693313,0.6066397111464958,0.33398073312128623,0.5073529279246555,0.45222594626155066,0.3785570259605258,0.5224320622700782,0.36035015393943587,0.3829485638912267,0.3845794238422232,0.3827722777063113,0.36367485307383,0.3490652546245652,0.39639605779614406,0.5132274751001397,0.36290650588508655,0.4721067898780851,0.3668677903675512,0.3866070513471278,0.4273536470213244,0.3242091541856575,0.343029083504299,0.34979617964869647,0.35872226829153975,0.35881390699003096,0.4205919741958195,0.36023785077445253,0.3497618703028459,0.35895217245626443,0.40569280638980953,0.3943848010324819,0.3454854234317639,0.43145364658192453,0.46081811233084014,0.4463572462511631,0.39390623757948007,0.39114318909289636,0.3637514192906264,0.3623231227933798,0.43095450988021267,0.34475141747017574,0.41468686161487467,0.41668030292166713,0.3467291022699287,0.5327135605259493,0.3811174410575029,0.34350927737186127,0.5169586013353498,0.35666829589231724,0.4435660354757798,0.37334191971694275,0.48877160382460755,0.3548351460474189,0.3999403530080557,0.37775967423802215,0.4905853755449041,0.3606157133518871,0.37035113887272225,0.37647681733616367,0.4249017604350365,0.37858668635524667,0.41330635910527125,0.32138730971375534,0.4222428379734777,0.3442012907220675,0.41911375685725916,0.37305137858921383,0.3672958670264538,0.4545969382576279,0.3556642765106722,0.4998669350315513,0.4438916135366235,0.3539802205855296,0.333746649077808,0.3663793575731376,0.36719817232061264,0.37753495892154454,0.49351563051834135,0.4206929145260798,0.40330104370129827,0.42494022284092015,0.5612314974166507,0.355189083749202,0.44682636152954053,0.3752138791983009,0.36677535943457906,0.36936504042960827,0.4839577189263548
0.5019555235680706,0.6109217633958322,0.556394350798942,0.5065013026315626,0.4471227869591138,0.0,0.5154997049906291,0.5127085750999142,0.48275910129747934,0.47888842821145217,0.5487719127492429,0.527978952061628,0.5365572248888831,0.44908326199732046,0.5486763507155771,0.48745681597761203,0.4757401243876129,0.4476336823586686,0.46866340479813046,0.4073131849699211,0.5332673637423674,0.5851533201771606,0.3649208631126996,0.45013886841869905,0.45726036162823236,0.39958080137667196,0.39001066387485883,0.38236833170966394,0.48204036746081264,0.49574849030625184,0.528383944910884,0.5926871810335059,0.5554251591479288,0.3383454491800129,0.45729147191393377,0.5190850897684886,0.5002727582351668,0.4774496437757485,0.6146960808810046,0.47133338338387554,0.5475337231572605,0.5740355772534,0.43754793143870274,0.601571907173534,0.4297566905491595,0.45550747429728183,0.4578655986604638,0.5143385668872317,0.45383955591616315,0.5449920038140613,0.6212848686611119,0.4724171683264235,0.5001730388652966,0.5985284986539873,0.5745492444933697,0.5508866088216884,0.5060547252937915,0.5694401881280594,0.4713403355472064,0.5100761599735738,0.5617211694786578,0.49934858567862284,0.5373752930790857,0.40713014194324526,0.5142946410984154,0.47936834062248224,0.47937996639805225,0.4902608018283362,0.41059500666766735,0.48346537864107936,0.5991368433265074,0.42944933775350635,0.4640377614704624,0.5724373607671251,0.5696340736145709,0.44004414891952354,0.5724038501082331,0.4679599006919501,0.3692087240211147,0.48789124779200005,0.6163469801920254,0.5173204688415731,0.5524847082709516,0.44663043210710346,0.46878597718253584,0.4777763871117106,0.4909487430574001,0.4526847920616508,0.4409492667521421,0.5141065587457263,0.522172740753732,0.5005650686557225,0.6182760531637812,0.5125561071571711,0.5093279183158098,0.51405918217389,0.4933096806391339,0.414519928833959,0.4338423858805409,0.47381489515610686,0.453432986329795,0.5383516717103087,0.4131128549107689,0.4062889302823653,0.4884928112731529,0.42144330758861254,0.5240344800451723,0.3785856605856913,0.5016113896067826,0.5424182574465025,0.5460158489380477,0.4550647077155249,0.5585253324673327,0.445523241627143,0.4298366653281177,0.4831868043788819,0.4366660272359903,0.4586573499955514,0.49239790725783755,0.4208274497803038,0.5281277906337689,0.4609152510120804,0.39372873648308626,0.6028483967825444,0.470963903878536,0.5469594445402634,0.5191866319182125,0.5530426249407449,0.4302224683033461,0.46648392076423134,0.5005278680884069,0.6746776908601322,0.443589635424303,0.5079600564036127,0.5099077165692455,0.5708492992945439,0.39176255096353524,0.45349416443585594,0.34806508686388915,0.5205177873243083,0.4440929878923024,0.5564159490418221,0.5270259329359631,0.512516320733832,0.5163840428618471,0.3770186562111297,0.6581342570459436,0.5348294307927078,0.4141367720347029,0.39806940956545156,0.4670640697755233,0.501566039940081,0.4811302106722211,0.5198637297416544,0.48711802691772343,0.5151965499138655,0.5147400391504989,0.5604407051875928,0.44008925333816795,0.5236136206932175,0.45283347578967165,0.47124485730761073,0.440165591764117,0.5284858807477442
0.49552970637181504,0.5336820129693315,0.4845305566311151,0.5702241520147049,0.47829659346814535,0.5154997049906291,0.0,0.48855195615233205,0.5084382882079993,0.5113860559589811,0.5636850016628236,0.4734290977304982,0.5332587679533308,0.48952270049949037,0.6525663110000408,0.45966481888116306,0.4359839067093703,0.4841996033058386,0.4078387254512351,0.37872178314737925,0.46882909940017936,0.5639039219244998,0.4024609580355736,0.44111308812362304,0.47290338087856637,0.42873788041520083,0.4718609176628522,0.374636968317977,0.49161135342907114,0.5187450014867638,0.5384734202831543,0.5254440440038263,0.5853848384641052,0.3305782831960991,0.4609295556174281,0.4839898066833654,0.5793545982010844,0.48977695881681227,0.5650153338242954,0.5295772829889279,0.507878095035006,0.5850689466225518,0.43674894144024484,0.5847023581257978,0.4246432667989333,0.4453720035305344,0.4374983306039181,0.49735934784750147,0.5185399540353427,0.48454245898148507,0.6025836306592105,0.4151754041529897,0.440187184272172,0.509330891127812,0.5826149181275029,0.568888342019912,0.462977452319154,0.5206185487407882,0.5122889743657866,0.4737645042274827,0.49671818141207824,0.46340875211826105,0.4534087180179066,0.4056735700814554,0.48015042937433294,0.43575253724947854,0.5691005212173021,0.5796330187252234,0.4417385903706962,0.5381692502107942,0.5990269381031017,0.46096553554485403,0.4617769989677347,0.5684521502453673,0.4754089073289047,0.4508796213796881,0.6729347826075627,0.5516862423204657,0.3615945060879858,0.49190087293373136,0.5294570405524406,0.5147732296127404,0.6119152170345942,0.42775491470633276,0.4608149411972126,0.45805723380457736,0.5136479592763054,0.5141880827107885,0.44655138130750843,0.5673753557147403,0.5919015898542243,0.5206405531605476,0.6002279245752181,0.4488369000789192,0.569302419455946,0.5766390978647369,0.40604650814920723,0.3977541465595498,0.4481479327297923,0.47245214162978943,0.5043094460459748,0.5570157621370248,0.45743745077933184,0.41761897854944063,0.462107708352627,0.40418291876654927,0.4529333138823643,0.3796332464258711,0.5203552774370127,0.495099173192481,0.5158167019511368,0.47802333834086835,0.5507479801029433,0.506967659454988,0.4142757422841201,0.46488317618161323,0.4094307218900229,0.4855860114994383,0.44149814227153367,0.4600246331642795,0.5512823950603387,0.5279456162884112,0.3697754829784173,0.6454646676187259,0.4942494201034229,0.5433325634588838,0.48331021139544494,0.5431970668127231,0.394526603017053,0.5353793010454135,0.4964025488326747,0.5178986305223195,0.4981591670412463,0.4961238348228795,0.4616368873763636,0.5388067923887284,0.37666948241290676,0.5131526748619056,0.36356396865915386,0.5746528440794857,0.49060205275104546,0.5266283681578944,0.5332957186787907,0.5114867220997987,0.569611767376159,0.39771303105404787,0.5762793061453879,0.5712398310248997,0.4008812738100446,0.3578757568895114,0.47367841414352807,0.5113574034689176,0.4434834254206709,0.5888255278212441,0.4902488141186898,0.5920535817216228,0.5516947818278843,0.5888598734367755,0.5436781930505166,0.6046844927364586,0.4903878441746748,0.4865715713062346,0.5123361670460633,0.5733007281684728
0.6248167208496812,0.5991175144024945,0.4760466967961886,0.5806458437993962,0.372418270219506,0.5127085750999142,0.48855195615233205,0.0,0.5294725951654888,0.5495134913996343,0.5411995497649946,0.5396288264229707,0.6172101951438312,0.5177239098653142,0.5397063690220819,0.49364683488751043,0.5309029923837878,0.5962926549443313,0.5426547880424284,0.5448132259116782,0.5215868137943545,0.4857543880578892,0.4753210003793005,0.45880343020736886,0.6166533543393764,0.4363796005379822,0.5257073101009689,0.51216810650837,0.4611559858749864,0.46482081993843405,0.6720701664484164,0.6138583238993278,0.5408828456532186,0.417731532709143,0.6633614697960136,0.6575199166202707,0.540992514964552,0.6471967707130581,0.5237579611349341,0.552750649291168,0.6162595055023778,0.5481136862113798,0.5031996159458246,0.5359705865780896,0.6202142354758914,0.5705004361466707,0.4364187083044589,0.47324425748439364,0.5851363267285122,0.6400532013572395,0.5628937319298936,0.4771919540973216,0.47497432275751106,0.5184858656954964,0.5938785431746797,0.5481547249616164,0.5947340333796027,0.5390328083790535,0.6493962357956281,0.6301794862407147,0.5978686727339887,0.4626124995952625,0.5302407686597785,0.5554665914625251,0.5393103781943677,0.5839689973207204,0.5660471839418576,0.4328252028838583,0.5552006952725439,0.6482682198929367,0.5335980089218907,0.5710594140033325,0.6041926802016064,0.6070253151059382,0.7153159770464518,0.5214858878524685,0.5090033375387686,0.4110947182877418,0.4721381962624874,0.40700203699284593,0.5256760731186877,0.52254512182498,0.44958780117259345,0.5975684633829836,0.6156579911034418,0.6719036094092847,0.6199756475518584,0.5605597222115167,0.6054292098982209,0.5381535121921154,0.5282764843910923,0.5498565508155285,0.5663392683279376,0.5696274845289906,0.5472508841152272,0.4945685355941873,0.48005390145966526,0.5618937805793416,0.480152311105855,0.6531009652673766,0.510019166075115,0.6490244072988627,0.5612010963441476,0.5354081170077101,0.6725068564499416,0.47590702927654366,0.6185606303345789,0.4931245531808204,0.5735440991309307,0.5285290466589574,0.5395862258512021,0.5949329513182496,0.6002900102394712,0.5565554611412824,0.5375885467545695,0.5278016675095629,0.5772785971449997,0.526818920135773,0.5290267226328145,0.4877698721823094,0.49870751836045957,0.5377256041313451,0.4784064257658068,0.5105742560688937,0.5199949158351448,0.5371675290027532,0.5256252554735775,0.5024959403490429,0.5396229287420085,0.5673415798701579,0.6177802021773768,0.5176998585236714,0.5361614772815535,0.5140489477398441,0.617253207436347,0.5103429898576418,0.4386208338842856,0.5658069113694851,0.46604660128089903,0.6394854537037871,0.5077452262407207,0.5318821504122333,0.5508319264918718,0.542987788234728,0.5735497210285844,0.4775140232968351,0.49886288638348714,0.47554617643456615,0.5401408853598906,0.4495436483745539,0.6667417314841082,0.5308736228482049,0.5460828480614962,0.5230155623756594,0.6142827338017585,0.6229708804679475,0.5436330582646769,0.5048686529808903,0.5134391557368458,0.5177593555746697,0.5235797812756741,0.5829116549834437,0.5064925504277018,0.5303181679314578
0.5006024877643217,0.524270313070227,0.3941396226695543,0.5334553881540283,0.36160260095496616,0.48275910129747934,0.5084382882079993,0.5294725951654888,0.0,0.4732356890112308,0.4412360577579633,0.4113989070004552,0.4737485191410573,0.5747037061256793,0.5188298995992215,0.39033687829567665,0.3945311528116065,0.48150291303594545,0.4059308350606987,0.39283021871044427,0.41459758916592787,0.46722531659538574,0.37087512306736364,0.3652770641706595,0.45476508088765016,0.36497493239326934,0.4616497810058679,0.3741545779954379,0.41480287724391246,0.439118684112612,0.6205740330114848,0.5000876404538923,0.5189898308102054,0.32425525939895167,0.5049389558659853,0.492935956580114,0.483511769524801,0.5107059067977079,0.49045994463232634,0.43518178592308904,0.45729504756172845,0.5504224413981934,0.3950318291992392,0.4657694879296165,0.4194090094614109,0.4261309294308226,0.3805794910189973,0.39615438462784797,0.454673050617342,0.4813817455283203,0.5138425735712153,0.38237624348263405,0.5092155533079149,0.4587352383128824,0.49144414243001466,0.6510225650166004,0.4562034155878395,0.44409020894518186,0.5468621056986744,0.48611812646670693,0.5407646193988014,0.5245529390047331,0.4257396208123542,0.4342247233923961,0.5493749349301632,0.4635437050937392,0.6207235837751173,0.46805381768599696,0.43515077134480173,0.5633359791285159,0.5556483363820287,0.5153375727093275,0.5501096403154312,0.48705157726693776,0.5122303984986564,0.5020833355788019,0.48982172291557374,0.40297774189241936,0.36091819801585945,0.4257754990680838,0.5070513561633306,0.6145781014595804,0.47784369917679886,0.445420297426691,0.4918736197029839,0.46454682183603346,0.5983326954320771,0.6086252966651288,0.4888727156680739,0.6474873411914821,0.4880192989844737,0.6998492637610744,0.4949894225275434,0.4775370306768999,0.7205652040579391,0.503923525504462,0.495964738033987,0.41363925520430195,0.5560830369670375,0.5019143543608252,0.5659761545982128,0.5281771328132225,0.48312770542233613,0.4073190446303855,0.5563525751843055,0.3702551958165566,0.44239108629576435,0.36787458322274813,0.45172398372663697,0.4159048881435024,0.4410570933346414,0.4960470196072982,0.6473705140248154,0.6392629953349626,0.41470286075666324,0.41804975020665547,0.43703268406180723,0.42109697076901265,0.39199551901852364,0.5653940980242846,0.45791464916147495,0.6300000908755817,0.37318961014886465,0.496629761324571,0.7526036120967255,0.44584097306934145,0.5754688724905094,0.44403773617837744,0.37887301649841326,0.5101804335863844,0.60686648120689,0.476984335760979,0.5938999061327838,0.633161249211606,0.45805395092390216,0.537733423443765,0.34729981320695924,0.45106494858874846,0.34554653708931554,0.5711146835206781,0.531733507454131,0.5347164463362342,0.6386256556571638,0.660623888547123,0.5014432400745622,0.3877427120902913,0.5076333256344708,0.49258104307260764,0.3916315948029371,0.37258690839446235,0.5218716047979577,0.5921009011739509,0.429834548003467,0.44232253381978504,0.4478904816640018,0.6225801753494016,0.46200725075037163,0.447361861932187,0.5656529850433136,0.5437194153999586,0.48734942868051484,0.5930382396850269,0.6656660336638274,0.49226314769748625
0.4825527442754857,0.5445526421509858,0.4820240235436625,0.477044070311203,0.379614964198725,0.47888842821145217,0.5113860559589811,0.5495134913996343,0.4732356890112308,0.0,0.511345351638864,0.4780947734502873,0.531441547201548,0.4881886501001241,0.5306294647137211,0.4610266752339355,0.43279882780034756,0.5011117983939364,0.42534302559244164,0.41331020557331233,0.43364512820705414,0.4839355719334961,0.4192370966879614,0.4000034580917064,0.566505033739785,0.39166697097272596,0.4976702094047571,0.4001207396620441,0.6025033059520054,0.46730985331255204,0.5885327880786634,0.5584981030053996,0.5006637342122594,0.34634011366227246,0.49422161350014965,0.513706440305209,0.5406741760084596,0.5267967313465363,0.49094291896195275,0.4667091490170433,0.48924497877493767,0.48660545963354057,0.45811657157907887,0.5049811435524868,0.465361179652828,0.44790912299850194,0.4204888556513468,0.4812482743411099,0.5275274251757245,0.4710905557911455,0.48099877568364985,0.3853980377556933,0.4163701399263318,0.45571013145979283,0.6163648873731553,0.5096243771439946,0.4400398710233916,0.48510780060848346,0.5536504420596108,0.4615229935739877,0.4917245577884396,0.4298962061035494,0.4337060316411668,0.4626020425682161,0.4437212724496028,0.4367335589827749,0.48996201956219043,0.47053880212390836,0.5283064641612731,0.5904578208300545,0.47736114253267353,0.49906008733697715,0.44517781714478794,0.492333945799073,0.5039132328554631,0.48615670618900136,0.4814273963603806,0.442090045771497,0.3852938288107463,0.4097868543355713,0.5081622926140781,0.4343387515936132,0.4860753107673456,0.4892593376925558,0.44748810318734633,0.47726635668909156,0.5309117543910202,0.5246466424358804,0.4991227790793209,0.473606812807534,0.47296368304274505,0.4887653696920374,0.5623078555096831,0.4288012315583914,0.4747244187973967,0.6144017562213355,0.40129084058481995,0.4392488078038523,0.43130695180462636,0.46670591295711683,0.514689577189528,0.5713392615504179,0.46764762316810243,0.5490318957001781,0.4784426512247045,0.40227742221217894,0.46010126573023585,0.4213177706845529,0.5019773481924064,0.4703770345083434,0.45251797203241106,0.4555262403844465,0.49433072412149587,0.5207207034939837,0.42426138571783284,0.4190932324342542,0.4539757229982059,0.5960277064929719,0.4519160952237794,0.44912075688192626,0.4443163549169263,0.5039991014020403,0.37853802472897224,0.4912715603067466,0.47276580124498574,0.626249333055883,0.4254791114540416,0.4748919068563125,0.45363798059444876,0.5562923481943477,0.5531899232298626,0.4550134737182333,0.48212019726151967,0.4248370202185359,0.48243896092239813,0.5012709172393998,0.40661602514799716,0.4918085594557172,0.4103433412448543,0.5740593891067708,0.5580602161351141,0.525229437548459,0.4584386438298403,0.48943615317550876,0.556091202498392,0.41017187955231305,0.45617995672511547,0.5273248534986714,0.5060865563775321,0.3903525381168053,0.46797871139123054,0.5659960482433369,0.4216890999001463,0.5433760681556805,0.5206964725489888,0.554895438756854,0.4741070696158154,0.4879545995910149,0.4974798613816962,0.4828677998691255,0.5619082019709462,0.5016089365362305,0.49609826146173447,0.4478101164485627
0.5398183144374898,0.5401411495442329,0.6186841122436036,0.5336130847473175,0.4926821381060632,0.5487719127492429,0.5636850016628236,0.5411995497649946,0.4412360577579633,0.511345351638864,0.0,0.656331213463329,0.61256515712526,0.4318284414459122,0.5525344900092236,0.6110381043052971,0.5680131392098331,0.4996899764814841,0.4939774247014075,0.4524586235862883,0.6096531198803642,0.5638279655186165,0.4593405418386482,0.572031030098767,0.5517108323942187,0.4997413490819995,0.4588474946320248,0.4436190674644486,0.5010802565130866,0.5442632953725697,0.5160932283341462,0.5776163264007272,0.5116896677812266,0.39051761433190596,0.4929859841307764,0.5326108319111486,0.6008521241957241,0.5289458461930622,0.5901612875067552,0.5951388340797547,0.5872667841076616,0.5974088810160829,0.5157516638182499,0.6834853455192689,0.5018150358393562,0.5004467892994089,0.47653843738538926,0.6642299303886885,0.58295663153791,0.5495876687490168,0.5956582473254218,0.5004602808381807,0.4048111377671869,0.5418241046130499,0.6237270363971454,0.5029784347814806,0.5390975110705923,0.6826407739939897,0.49387642942961635,0.5049747607864277,0.5006510722972729,0.41531309392753585,0.5307322179917598,0.44710376092130805,0.45568563422589775,0.47145721216927633,0.49489911774489503,0.481075693501502,0.4770112943049596,0.5368523112978733,0.5423394396605734,0.44797543563507014,0.4765001360194531,0.6459820539929865,0.5385378359404867,0.42672215348174447,0.6337990163346777,0.5225992512494658,0.41513015594595615,0.4648679320175463,0.5245110187804592,0.46353125454764926,0.5183928374621837,0.47779081426322606,0.5096872857359914,0.5378084393822228,0.5168622293710448,0.4502615816433648,0.4536261177400107,0.49552430289573224,0.6008804199356313,0.4509425063830432,0.6120185066781809,0.4771151283119995,0.47847814898450225,0.5136176672665547,0.3987666635651398,0.4613000735490644,0.4119812277720471,0.4854779748265613,0.4451800672913026,0.5993474594226613,0.46296899420982335,0.46548040419162895,0.47147207298952554,0.48612720469104836,0.5415751404183222,0.4602460429369021,0.5519883433022411,0.7035275664385177,0.6523960292867764,0.5176700035137598,0.5131868795687006,0.463835678853746,0.45601690993725313,0.5551429038158009,0.4522869466996074,0.5720500937168531,0.5943805705882655,0.41445062950132966,0.5943981528931299,0.45549649054608315,0.44345803038363546,0.5901507608916621,0.4374676411394159,0.5910271585451596,0.4506062505919508,0.5898609227918585,0.49206461359299386,0.49923802907234704,0.4880199301935972,0.5843413759089807,0.45628235063526035,0.4577949477893285,0.5668390804908816,0.4872965629705921,0.4504785803942576,0.5433768215804363,0.42859192479576685,0.5616187217282181,0.42582640058271326,0.5167192698903348,0.47129899248961926,0.46374811522311554,0.6184434031233362,0.4431566527784174,0.5650298533740771,0.4850072969093306,0.48313905468146146,0.41287534381544316,0.5123105967898465,0.4470402985785185,0.5304655744086413,0.6252359143293421,0.6105650942015475,0.5457369720854881,0.6193604991092876,0.6623816910042825,0.4498785173164485,0.5259500783794141,0.4535077536524261,0.46742614047208336,0.4385841509022942,0.6287433746565986
0.505848711493886,0.5144678007227514,0.5769585775972842,0.4921668264225256,0.43726841262438,0.527978952061628,0.4734290977304982,0.5396288264229707,0.4113989070004552,0.4780947734502873,0.656331213463329,0.0,0.5362024140734216,0.39860908608689577,0.4760001261684561,0.5902089565443582,0.5931809083510635,0.4596972886866766,0.5669765216813105,0.48192729993631306,0.63744094460191,0.49366235804512654,0.45930078946847563,0.550816338037551,0.5468772806707455,0.46727990207677955,0.4222390388821783,0.4665949033438861,0.46212704676517125,0.49390216925970026,0.4952806344001508,0.5624744437478817,0.4626848327177205,0.42742743553201473,0.48766893503342396,0.5550857012035266,0.5063844037327657,0.5034277643052145,0.5598983465150617,0.5209507048156282,0.5755119767547047,0.5394986946498314,0.5063328373060869,0.5971343134361619,0.5193344398736253,0.49113268948403466,0.4563173076519782,0.5826214386659844,0.5371348458564332,0.5545644280811838,0.5387805406740062,0.5166628091133331,0.3904048500117196,0.5298608717353194,0.5814147742268462,0.45945974061266237,0.5431138719317884,0.677725566082028,0.4643961546151763,0.5045297425755518,0.47773505575109143,0.39641197036490333,0.5251729249696842,0.4628579278707225,0.4361165202577217,0.46814009054450273,0.4427817962302877,0.40924512567498017,0.45170870284704473,0.4851673732589331,0.47472504778394875,0.425624294601941,0.46786043206360456,0.5767874970310488,0.543232692205818,0.4046180080430735,0.5279717845469838,0.44995051946638087,0.4274045761324321,0.4140837612756442,0.4782645659949845,0.4391452848788697,0.4430444525055407,0.4678720203356109,0.5178941707786262,0.5370364051161318,0.4836666411197096,0.4196198172451916,0.4434685411851722,0.44830830601282595,0.5247811537848729,0.4362286682962563,0.5527848920717363,0.47397170038087383,0.4363575570370289,0.45846885903008716,0.4023802036656248,0.5015552514353787,0.39945869495203734,0.47529559990012177,0.410805415762941,0.5631048119653284,0.4579124717740859,0.47856970592567616,0.4700688239546428,0.48915486343317194,0.5788425073884083,0.4813572986816639,0.505105630428046,0.6681608206520502,0.6779205075023833,0.5111031243471686,0.47110761412714974,0.43376733692297503,0.45168638019878155,0.5280217504983711,0.46731567754084213,0.5491635777122484,0.6581326892625874,0.3915069095045331,0.5183682056685255,0.42075296322124406,0.47167715607564964,0.5024904178811002,0.40756196187092575,0.5366803424693947,0.44018432583286404,0.536833731718537,0.5545413576623993,0.4432294377512786,0.46659655644512665,0.5495723630092428,0.4146324050994398,0.43715041887926487,0.5880434725829482,0.43684115850878374,0.4536356428670869,0.4914362358485045,0.43517926861304873,0.5194517511329498,0.39011474717212585,0.48769290183843195,0.4470474213405855,0.4480791729311433,0.5469643899574284,0.4484187467044118,0.5121848839069597,0.4286943929337271,0.5124326767948753,0.4502264296190854,0.5079314043353089,0.4181824502737922,0.5584993700694858,0.5329173737127616,0.6225778203160485,0.4794933556520491,0.5164649027175912,0.5524604875576635,0.40212844849973794,0.4665840496254676,0.4128690842095457,0.4442601889194621,0.40734260364797775,0.5359290737946028
