0,1,2,3,4,5,6,7,8,9,10,11,12,13,14,15,16,17,18,19,20,21,22,23,24,25,26,27,28,29,30,31,32,33,34,35,36,37,38,39,40,41,42,43,44,45,46,47,48,49,50,51,52,53,54,55,56,57,58,59,60,61,62,63,64,65,66,67,68,69,70,71,72,73,74,75,76,77,78,79,80,81,82,83,84,85,86,87,88,89,90,91,92,93,94,95,96,97,98,99,100,101,102,103,104,105,106,107,108,109,110,111,112,113,114,115,116,117,118,119,120,121,122,123,124,125,126,127,128,129,130,131,132,133,134,135,136,137,138,139,140,141,142,143,144,145,146,147,148,149,150,151,152,153,154,155,156,157,158,159,160,161,162,163
0.0,0.8618173495740927,0.7669276932579981,0.7597816127943464,0.7609556596195416,0.857141053320925,0.8097207196310593,0.8576289771450502,0.9018847302986692,0.7265381167088057,0.7630532613168551,0.7553583766376838,0.8912782712541116,0.7900161251773147,0.9044609799027448,0.7883728502576979,0.8597531623787882,0.9354905151620273,0.8405448059750653,0.8933781915632741,0.8238440766824742,0.823601703345433,0.7894968147245821,0.827970882261532,0.8073703110479061,0.7331683485745808,0.7077526248007076,0.8714605447799182,0.7056065561012875,0.8301237634281684,0.8769431543327377,0.8424214646496054,0.855920191975208,0.7737117096031211,0.8814586134811031,0.7646829553698642,0.8480989581890443,0.8534818283326076,0.7449134947756786,0.8527055840130525,0.8711818394909943,0.7947320965494216,0.871968504275083,0.816313533756652,0.8535651784015651,0.9093543749917111,0.8839413893658994,0.7584055693329719,0.8671531647818309,0.8834445876649767,0.9098225147046204,0.8966693822277151,0.8607847689376967,0.8026430320277852,0.7401403323783144,0.8406497732477074,0.9134239854549756,0.7956646760395018,0.8524649916749006,0.8570758187846677,0.8208573390757797,0.7596004584923793,0.8979159257808262,0.6748844491297968,0.8597771185049896,0.8396517802183944,0.7907085543011924,0.8744240451193538,0.8073564465659149,0.8677481421251003,0.9572757125359318,0.8019682656870345,0.7844349144427915,0.870021009414161,0.8700972442465116,0.8586251976506992,0.7355881018787125,0.7203860272092795,0.915045550698228,0.7579889712650366,0.8593878415080378,0.8903536091369693,0.8798018498420935,0.8370834143175847,0.8438459303859519,0.9315018229832706,0.8064919668445695,0.9007820634166078,0.8766072093705145,0.7694814412314408,0.8621461694149832,0.8370780365278558,0.8486146213480248,0.8802911369893166,0.8783941759286903,0.769291477491196,0.7927560891913185,0.8005495422763053,0.6740887663257823,0.8836125462433401,0.7336643459424963,0.7288425501473987,0.7216734691222773,0.7404716907500294,0.8879866248825639,0.8831615954139366,0.7978382987157259,0.8087986899829441,0.8966864895122229,0.8000253724401889,0.761700338874084,0.7789650285013647,0.8819469800518498,0.6946765733161785,0.8883447659340334,0.89900774526685,0.903854721610047,0.7099166736014483,0.750530654557978,0.7090078448556303,0.7967048975065163,0.7817747669003261,0.8504159275920287,0.9279246819665,0.8392047944759625,0.7892542428041931,0.7627789686971804,0.7607435010118877,0.7551693595658762,0.8423722156359247,0.8246907964602045,0.8059375737971356,0.7392912987469761,0.78652936560039,0.7526135714109206,0.8452981704537177,0.8796656456307981,0.8610832564449952,0.762879757327496,0.8947726814993474,0.8152267746668732,0.7230336455397333,0.8997877973697691,0.7441866454792012,0.7473262063845858,0.8136387204289127,0.8794765603261706,0.8244747208467784,0.7733705831605675,0.6075515396758782,0.8862614839260744,0.8531986796262689,0.7732983641260993,0.7658394804369308,0.7977174931379045,0.8896620562728645,0.8572778886869383,0.8297943335160746,0.7969914321684629,0.8306065880079043,0.7942238594177703,0.8989009678515177,0.8977493687049954,0.8492682687658405
0.8618173495740927,0.0,0.9136998797208129,0.8037413067525098,0.7601239044462778,0.9331422563285956,0.8503295266445529,0.9483118688050811,0.8231483519662445,0.8857019888231074,0.8725409196953214,0.905178177726089,0.9195439946415256,0.8150059420467034,0.8869930344606166,0.8888949711245656,0.9194111905874117,0.8097158326028439,0.9034329211206148,0.8925574935597951,0.892419489985778,0.9213856070675622,0.8493414553652786,0.8824150956908423,0.9106552686276956,0.7312814292899702,0.7827433660279719,0.9153904034257646,0.86988290560234,0.8053908647953886,0.9161927611134012,0.9219168154154119,0.8881892860518207,0.8786327331100549,0.8731112700384884,0.8914658542095978,0.868911179802455,0.8730960631839605,0.876631118892338,0.8832558242240325,0.9193288968768714,0.8398003585473036,0.8183817787061155,0.8481610375232553,0.9583941273867571,0.8388381060887325,0.8327879757637595,0.8482651100011218,0.9181313277483409,0.8619711842928216,0.8775353076138411,0.843519726709526,0.7913299015474768,0.9156334036667931,0.8850514973462307,0.8579622325856701,0.8438767582665792,0.8827230362713008,0.8869246608774811,0.8736639087435425,0.9166391968881865,0.7259028623570101,0.8198218210365699,0.7790752546594784,0.7460860103066783,0.7526326638223734,0.8561461024075333,0.7937881509133442,0.8140876578607725,0.8690364253063663,0.844934713782393,0.7639399108827649,0.7755653904221064,0.9176857593864299,0.9154360295834101,0.7540267050850005,0.8308358382994327,0.7981923155394104,0.821969345201898,0.6965755063476188,0.8304234325381772,0.8241006268476118,0.8810822392151151,0.8536454666571273,0.8104031758261847,0.9527400197178508,0.8398572022625566,0.8032227442206552,0.8434228078587719,0.8130033086401075,0.8063769623473427,0.8682037628299911,0.9083536148684868,0.7957385086243214,0.8345683084311523,0.867464455245269,0.8184446120136192,0.8918862043689008,0.6734957839192082,0.8849586291683473,0.7903502085435898,0.8254261230667573,0.7068932585931446,0.8284978179098538,0.8314654377545297,0.8553996259289817,0.8574144247439416,0.9232150551411835,0.8855168828730033,0.9274331305814083,0.8510667927876329,0.7603619782323877,0.8714053393399512,0.7973742965272677,0.7958067830578203,0.8677857307816923,0.8545617245537465,0.8140127592002404,0.8643643860787972,0.7168211082442152,0.7575521399841199,0.7568408012730423,0.8548541892244269,0.8962336388871635,0.7597252746978614,0.9150300157721964,0.7727492248081919,0.8690261022702489,0.9252340416612433,0.8096016109639125,0.8618185210609021,0.8498180597910233,0.7173132464570096,0.7843475987845039,0.8678633344116815,0.7574861117565561,0.8649506397492441,0.844848575666617,0.8902688451017201,0.9118397240687396,0.8021071646663381,0.8288107732464822,0.9076963740205519,0.8611529898830531,0.8636424197982737,0.7918998265619464,0.9013014500295496,0.8438420691379336,0.9178576686958737,0.718583424599258,0.8314641746533079,0.837107276492381,0.8442572769552183,0.8876220369436629,0.8949511905906208,0.8902716493175793,0.8764353089070062,0.8783373065080446,0.7813960136854127,0.7712590236030956,0.774341962729144,0.8140299016285998,0.9533597868096287,0.7862555194792952
0.7669276932579981,0.9136998797208129,0.0,0.7425307009286699,0.7967518187844441,0.8875370969538716,0.800929789901681,0.8856170426642266,0.7167106791944725,0.9094634510582156,0.9139644487260151,0.8941592204614366,0.8771902731980982,0.6970885580850394,0.8329592818574901,0.9348403709560867,0.907535374845762,0.7586214350029253,0.8675272463501007,0.8118357609024386,0.9113798086938852,0.9513662601250554,0.7932445003746568,0.8726235942775725,0.8926593556116889,0.7071898328035908,0.7255865888071105,0.8397221420855766,0.8740944475843856,0.8002991122043378,0.8055098268122729,0.8895467785596471,0.7930132782373184,0.7678908510201834,0.7352832022996794,0.804144028703449,0.8406509630035528,0.7958150625430344,0.8717251160714482,0.8261587003266916,0.836228729655356,0.8308515947479785,0.8324382088544473,0.8049522236414043,0.8572706998118036,0.7704867485238771,0.7811028605099148,0.890370559695537,0.8750052601547427,0.7961907721734793,0.8315263773920696,0.7718606829254409,0.7140861736405989,0.8826829198487945,0.8697963423697309,0.7530791922941519,0.7839479286858558,0.8891873988452623,0.8373037109165361,0.764205129120673,0.8773200396339138,0.6448297301070111,0.7892773214092004,0.7084252881115531,0.6945589936942217,0.7072453512958435,0.7651970368349946,0.7973055196882336,0.8245141908608061,0.8544583841425468,0.7854381466526955,0.6564008162302127,0.6862820994644848,0.905559907577297,0.8673972416522658,0.6634574472300866,0.8837516466188134,0.8114744483579025,0.7335475505396697,0.6724405762099015,0.8127386582694108,0.7401182235875602,0.8609088701811445,0.775066685345599,0.7229237518837726,0.8399840736811421,0.7970981451335954,0.7102089665145729,0.7371569944280975,0.7163583530553961,0.763758839443312,0.7261810168397171,0.8747070412715535,0.711805704292222,0.7401946807261496,0.8296170137519155,0.754503186184058,0.7805541219611101,0.5733732246152018,0.7491414876343024,0.6899807393228898,0.8995772817592442,0.6393077478635111,0.8033533739448399,0.716507150042892,0.8101428614742664,0.8455676011785744,0.8873781115243076,0.8168092598075193,0.9381903430100526,0.8310644738313041,0.6795968139075721,0.7725849101607697,0.7560991042742765,0.69484886318848,0.7831632431575754,0.7545416181025569,0.8845075824646618,0.8640828448975537,0.6093420204792143,0.7199137441722059,0.6821657471102763,0.743598186053232,0.846894445808915,0.6416081511930971,0.8979123674758284,0.675914033074172,0.8254230250520713,0.8736286534454334,0.7528714735346382,0.7796559539931692,0.8897721341573689,0.6382038295795077,0.6747606732954698,0.8706122772886377,0.7173664620291995,0.814717398246888,0.7442375368080244,0.8743167607523352,0.8741446661261412,0.7345185220864033,0.7846823863062302,0.7849175525423813,0.8115715907227048,0.8479133547009674,0.6997222631094685,0.8492416730301889,0.8405053995105423,0.9161845137176966,0.6767640628365593,0.7295010827621103,0.7682507005188296,0.836444489450786,0.9004217466474306,0.8771793065182588,0.8467811323899639,0.8615282643185304,0.8657187189508102,0.6781258625973493,0.7084969752620213,0.7452186528140042,0.685499415686252,0.8562122729217793,0.747686622658397
0.7597816127943464,0.8037413067525098,0.7425307009286699,0.0,0.7383882894278081,0.8214132218394177,0.8870732154113343,0.7908209082686442,0.6949229883031594,0.7084123185684792,0.8288436697622673,0.8255934978139939,0.7310377327700032,0.6872080379861611,0.8123302025291146,0.6963355982825735,0.7783590600558192,0.7018691174216585,0.8435495539165779,0.6784215220176446,0.8180850666133145,0.7776613907180416,0.8272063143773463,0.8057361398376204,0.796609304203655,0.7942571957804183,0.7029326807278559,0.8439599723944412,0.7257498773996155,0.6541904019943432,0.7737428181014965,0.7038515797499932,0.935161966173188,0.8405244194464826,0.8112173466990709,0.796239040639142,0.7552556293358625,0.7201678726983617,0.7562942767556825,0.8289857925022626,0.8829924568558029,0.7757212869284013,0.6930628203289925,0.8689365262909173,0.7791398172577448,0.6865327849659533,0.6643408368766351,0.7637016114412213,0.8083182435038603,0.7080194090727353,0.8428204350706267,0.8614357599383003,0.6752861915419918,0.8941145544287848,0.7965640549618408,0.7203143071815745,0.7309055175005109,0.8419840437000997,0.7346475262847234,0.707633325819943,0.7941879082956036,0.6036266283037598,0.7791778577666133,0.6253775896152813,0.6575173818611312,0.6458630323535357,0.7977749858175902,0.6742481678408232,0.6633220930402404,0.8000955061559226,0.7360203364207641,0.631671183480441,0.817103928934093,0.8273231016636199,0.7525609631211608,0.62389982484812,0.7398606435841092,0.7333989141014104,0.7343422562514212,0.6333388916472573,0.7171543802041043,0.831077953000281,0.7131668871263128,0.7188757029324226,0.8091002877676776,0.7890946323581405,0.7928454808235622,0.685584230430488,0.6866746704851024,0.6941809790688458,0.8596075871969545,0.8482433459134275,0.7549212779644641,0.6859298983138232,0.8413262500575238,0.7900765287176118,0.68053176605298,0.8615891067579519,0.6276191828280215,0.8081557780397154,0.6633564992885722,0.6844759722571092,0.89466978702129,0.8067692028651606,0.74637488343573,0.6822503297217662,0.7009094199927843,0.8097963907990252,0.7292225840015266,0.7697539514404882,0.9078516687133112,0.7804359900064473,0.8677082921939995,0.6848680947158309,0.7329413233694616,0.8003552750528011,0.7429137305496621,0.6305866802089256,0.9028893189835091,0.7284766741399956,0.657895494104806,0.8296737764078839,0.7834025523837266,0.8032253911078808,0.6916904976792919,0.7821296468538933,0.7031616411334282,0.6943232779679152,0.8105409744437623,0.6521888740774743,0.6634062321881005,0.6963400353662996,0.6256551522630044,0.8291636910676947,0.733451983108565,0.6152173460296392,0.6464644202412348,0.7931611833726293,0.747886813314425,0.7353638344116677,0.8190572721238568,0.6436461932385108,0.832390074528199,0.7848789888744664,0.743652866949174,0.8034635888899411,0.7798171351398685,0.6669992776992838,0.7053791326104687,0.5921087317317659,0.8647368197305697,0.7390559123325748,0.7412773223235917,0.6705469694220003,0.8844324713440005,0.7385540438816584,0.7448102186044957,0.8216961537719959,0.8941212175469557,0.7574780409921014,0.6662264872238789,0.7639362848217726,0.769230052966573,0.8294234199827087
0.7609556596195416,0.7601239044462778,0.7967518187844441,0.7383882894278081,0.0,0.7608776905429996,0.8731422789938437,0.7165510153936442,0.7237483187668678,0.7003288980850327,0.8730386282051438,0.8251102630427145,0.738972956701228,0.6504309459518431,0.8170824690961388,0.8091605881809393,0.7786639570393198,0.70383517321209,0.7458326997600432,0.6965907126622151,0.8231271438100427,0.836434231700319,0.8183302973726216,0.852813491162277,0.7752850309849788,0.8395370656365307,0.6925754790486954,0.7032055107459301,0.7401551045301012,0.8264385254526123,0.7663675294051755,0.725146334627667,0.7654651160311033,0.7302927593632133,0.7539248091662489,0.7416418341002255,0.845221651792418,0.7503998628820918,0.8128064453051919,0.7948566225409067,0.7894090879309155,0.8177377737581278,0.7853143665224913,0.8650471994800124,0.7361548757147997,0.6767476366541303,0.7680523490347599,0.8730046305694112,0.8619352770093192,0.7312851490917832,0.8026259023785921,0.7688855318198011,0.6203447575495682,0.7795152652984341,0.7743762915979642,0.7271422623318231,0.7233282645814514,0.8609175478790843,0.6840040933043291,0.6786473473240727,0.6785844616502557,0.6053334253674145,0.7272198016409517,0.6552906230597809,0.645175981810878,0.6047162122509077,0.7115383492179528,0.8002146920428738,0.701699099395605,0.7583032076819953,0.7881742107197658,0.6402417892506277,0.66901300482532,0.7847544003098075,0.69039002844102,0.6037894382444592,0.7990418435592381,0.8944844588300891,0.6783442895418192,0.7083663164258557,0.6941936219430044,0.7490375345298829,0.8305760648404454,0.6574925879852619,0.7137755004873525,0.7638062220879559,0.7396319177268476,0.6732771595517862,0.6285400007382029,0.715874120282318,0.8965189028821423,0.7345668158177722,0.8025059178102533,0.6386627661764902,0.7369421595523531,0.7936879332456399,0.6170948988592997,0.7270105127085552,0.6300024638425272,0.6656501487212986,0.671789233449435,0.7084039188973797,0.7022871188546167,0.7257877116742699,0.6662820809926047,0.7369102966327888,0.6621425424833487,0.7702916649306502,0.7312372210571876,0.8242482030194468,0.825991754513635,0.7823781726996373,0.7099165314894273,0.6720095533649384,0.6619957207896597,0.76846800695076,0.6531864784493211,0.7588454926089981,0.7711263657160196,0.6417879094974537,0.8327636618130733,0.6905915687891867,0.7366301366397351,0.8319666546765941,0.692781090773507,0.7737018857063342,0.6306553035546897,0.7851754035536614,0.7269909935271286,0.6992958989451956,0.6846374738684053,0.7499396100819731,0.6132394690271048,0.7344683148568973,0.7437853315064575,0.6808035846120788,0.7565192978115719,0.8049266356690588,0.748743432519046,0.8085332037491765,0.6751107919817875,0.7107429676752703,0.7305379301672542,0.727719653498204,0.8449988667006187,0.7981400827017001,0.8746067294609001,0.6878349653460686,0.732529827591128,0.6088417319757287,0.7559891361278099,0.6719914852793821,0.748542173038007,0.7765358452796354,0.8098695273288554,0.7689807979688784,0.7677309858260011,0.836356368650296,0.7171115663794633,0.72924514103164,0.6200009436323545,0.6995057046802073,0.763927986944414,0.8882779938353654
0.857141053320925,0.9331422563285956,0.8875370969538716,0.8214132218394177,0.7608776905429996,0.0,0.8277397440307153,0.923108806315545,0.7858443058904931,0.8442040893302288,0.8494791555921597,0.8952423759561327,0.8939631495799542,0.7559905365565217,0.8313064519712355,0.884283963757613,0.922484385747888,0.7756717881194626,0.9167207986550191,0.822492606221111,0.9010629703001188,0.8540098436607896,0.7901134980991806,0.8224962244198264,0.8983197955389112,0.7471422406424191,0.6990261944781742,0.897706259101887,0.8258146074998179,0.817677381279286,0.8755217427000493,0.9324686731278952,0.8879758862714168,0.8734716738105781,0.8290046642703742,0.8544962987513334,0.8550818364010948,0.8350917643463587,0.8165074727366223,0.8171372331617588,0.9003968666286778,0.8475730121293232,0.8240595574466772,0.8737386822304438,0.8821974676654827,0.8175555508339429,0.8486648185242928,0.8449395407038275,0.8532890070379302,0.8263655557262924,0.9027524139094207,0.9045851329947788,0.7816573362112679,0.9019133023571799,0.8570545117345177,0.8653499978796099,0.8337870334503272,0.9309060447365173,0.8054223243448689,0.8253159262663627,0.897385211566507,0.7478474597611005,0.8824313383018042,0.7038438339584097,0.73063097204998,0.758673836462517,0.7797732859749805,0.7992272262699072,0.7713830384747046,0.8729181870855953,0.8439608977291416,0.708368501849692,0.7925583549670809,0.9018290750251146,0.9169278315785556,0.760240153295238,0.8113033995172085,0.7964897842362061,0.8297157560710273,0.7732691616073546,0.893001892444432,0.8183492433930384,0.8687009883018123,0.8600950437572532,0.8506644207506969,0.9057205831496934,0.8785986747155713,0.7825737264474913,0.8445900728580521,0.7575321826626878,0.8417062062004144,0.8705838807160544,0.8811765011445121,0.7937901138451409,0.8154732338858393,0.8608934237348791,0.8007680908328827,0.9162796854866112,0.6632389569605395,0.8745385727569122,0.7289555243997542,0.8147051663975001,0.753577827834419,0.8326318706021314,0.8395474072151583,0.8547300923757621,0.8596928117755879,0.9041874091175418,0.8451784936069137,0.8850637713997037,0.8710113239023114,0.7487966551206723,0.9264704495516674,0.7652124103478509,0.8083107218167693,0.8676346923180727,0.8899932877749461,0.7525432363058553,0.9124554409912092,0.7319119899554519,0.7160617087782489,0.8146766732694389,0.8678967080210087,0.9141711980287295,0.7328817202949548,0.8997470765085518,0.7878559815918647,0.8203237762102878,0.9128220391590406,0.7403195370002806,0.8453426826096329,0.8805334270288809,0.6904707725919549,0.7798873113610726,0.7926923451150685,0.7271143621352538,0.8324263574705804,0.7806234677740119,0.7681966698255077,0.86557160806451,0.8125103848653293,0.8101868598728499,0.8747944319416292,0.8275881755273479,0.824377551714821,0.7986704244327444,0.8750937677156359,0.8403861941331864,0.8723205463411584,0.7071598272984239,0.8275312955190052,0.8516227210071226,0.7784444098210397,0.7984105611407828,0.9185904397443468,0.82463459065223,0.8077154610312599,0.9164182024013695,0.7603650427335618,0.8370145157214934,0.7740980405173861,0.8384179334600111,0.9289683909527746,0.7796447826475301
0.8097207196310593,0.8503295266445529,0.800929789901681,0.8870732154113343,0.8731422789938437,0.8277397440307153,0.0,0.8096880565368577,0.7676154140782123,0.7839042301562792,0.8703691604000372,0.8890291270168927,0.7824551792780384,0.6941040959419937,0.9017145178905042,0.7681930777158393,0.781486217120267,0.7477634620340872,0.8139330993924173,0.7094373872747627,0.8228432463000778,0.844945246258393,0.9449751313385188,0.885821054507367,0.8832381367272905,0.8430368925788951,0.7699070182738198,0.794338912219112,0.7874662195462269,0.7893997118690014,0.8581808159590725,0.7434148660812699,0.913234524361971,0.8322043041133903,0.8351789805281178,0.7860742469175996,0.8898122257858646,0.7550155063603222,0.8011147295793473,0.8680184740082701,0.8753053473097173,0.8402054265470965,0.7686608717643487,0.9134027408301948,0.8231990541480488,0.718418977379821,0.7731412144633489,0.8485633692896245,0.9312361101672353,0.7156568789141634,0.8337228856591004,0.8231381965051058,0.6494565160012671,0.8498619316261616,0.8154704895721266,0.8089745917651618,0.7238082262835869,0.8802644210790148,0.7443118507866546,0.7061576912591568,0.7436380836154927,0.6014888534903813,0.7468448540116048,0.6457789351719234,0.6514679780667276,0.6230583671590394,0.7979208884045137,0.8046947962998722,0.7147867871825827,0.8470455553347724,0.7890460489533323,0.6639723046271901,0.7089008520432314,0.8229076529809211,0.725508099494113,0.6583439625275499,0.7621229721413106,0.871265202722906,0.7382903137798345,0.6754933518741262,0.7276999780209571,0.8068212081579181,0.8580549831862441,0.712529506532236,0.7338161349951042,0.836270729108833,0.8026324500677899,0.7169512960215713,0.7107815047750212,0.7784088007427868,0.8998141088212397,0.8625912877171188,0.8038256376843117,0.6628493741560958,0.7784904627756088,0.9017168514391012,0.6352511660444725,0.8667045245635383,0.6281326307523855,0.7762452670574425,0.7042242292276287,0.7035613576052434,0.8327556089615531,0.8615315318537496,0.7077280931456005,0.7412250943767719,0.673793102184572,0.8762602413893453,0.7847516634904355,0.8576456418173213,0.8883083692709445,0.7625616017427896,0.7990131320014916,0.6914350663358801,0.715631458388813,0.8249276646708484,0.7356424503910225,0.7315991298173512,0.8464724560548221,0.7127190987222337,0.7276003038826724,0.7917007856939509,0.7661954557973012,0.8834480570045651,0.7078854895015158,0.8533528397660513,0.64576043031059,0.7840022957573742,0.8014980996438807,0.7225187630180193,0.7384540261807747,0.7002797244352802,0.6287743722904576,0.7741138592014888,0.7518222902907655,0.660546036215383,0.7715379320410012,0.8740618780099916,0.8194839244327706,0.8309257916781609,0.8101201670157507,0.6828113958992745,0.8094615334039897,0.741796234334337,0.8376477712519057,0.8984548879361244,0.875750738714319,0.7265580306848634,0.7885553818097187,0.5878368598159748,0.8398428734486543,0.7495253777393089,0.730411554943286,0.7985683236873782,0.9302806698233141,0.828822077140271,0.8002005044853763,0.9153958328323742,0.8682232344611174,0.7430891330307611,0.6917084101169005,0.7794557615633159,0.8531721260133573,0.872073471593281
0.8576289771450502,0.9483118688050811,0.8856170426642266,0.7908209082686442,0.7165510153936442,0.923108806315545,0.8096880565368577,0.0,0.8456532538176501,0.865675028883914,0.8360349329632649,0.8775664679895879,0.9244826900984551,0.7789470109060485,0.8585416867816943,0.871771178577006,0.8841715264146939,0.8078160733442163,0.8771766237769666,0.8677127534069179,0.8539428349194362,0.8822215150023693,0.8279984990882525,0.8330906547669372,0.9018003013546914,0.7210970716292303,0.7922345836204837,0.9117752238509089,0.8077177450654537,0.8166267266095109,0.9059409899305816,0.9080367487774814,0.862163743377004,0.8621940567339343,0.8268325311566194,0.8403912432994666,0.873277237319524,0.8493899848925671,0.8287195509825118,0.8381323460945429,0.8621286253456637,0.8324273714931651,0.8144342372548498,0.7970698300268685,0.9579893420170756,0.841590841049058,0.8104480433356046,0.8026611218647784,0.871323949299033,0.8253442640266772,0.8530801171383681,0.8198582517265467,0.7635430174326093,0.8680276875346173,0.8369666536788547,0.860468814916976,0.8209002683232289,0.8793400926156925,0.838278193734003,0.8452602659316834,0.9232909400103538,0.7197505496526027,0.8168463768937726,0.72378737707007,0.7246547228412161,0.7542300019603957,0.8517640002645811,0.8016573060701835,0.8180090309240226,0.9238836783354908,0.8379102719845999,0.7262863240274338,0.7628335502502509,0.9033906846768458,0.9118191132238204,0.7499144201110858,0.8261254562004228,0.7589371893285816,0.8331892495267053,0.6712455680597768,0.8101282648449151,0.8199087592823869,0.872642353628999,0.8542778033274893,0.7903522360227447,0.9451636335254441,0.9012128851286859,0.8068024945272194,0.866965967117068,0.8225629013890132,0.7902398226101292,0.8450783738490997,0.8500908914879708,0.7735080710753289,0.7947088455582807,0.8486577813859428,0.8070374163643385,0.8757156700447138,0.6395393565371168,0.8843701258040313,0.7463468931679543,0.8680584431625135,0.7069184777243658,0.8131956343473425,0.8236290238428557,0.8603565795094479,0.8470280797161621,0.9136080749711238,0.8516796011810279,0.8793106295587381,0.8108280605664471,0.7266418302361988,0.8700895607164003,0.8161967106131625,0.7846795713095935,0.8607739244158715,0.8391543656480808,0.7798300337035884,0.8201488534685372,0.7151453257901813,0.7055528201014749,0.8007325111574377,0.8097592952109783,0.8723358932255884,0.7109303256571141,0.8810535145515225,0.7590317411690601,0.8600688001849476,0.8731448520634899,0.7833170740039268,0.8815619661030626,0.8413644773354279,0.7384293068983369,0.7550588379838968,0.8262777352014116,0.714142712233324,0.8467613900728571,0.7953406692095065,0.8578418450987418,0.9021381006070567,0.7918959997215578,0.7863406352274086,0.8785108237689386,0.8186576661147512,0.8111406062599813,0.7936054053397521,0.8788162356627697,0.8330185134055531,0.8895051732484551,0.6854206209030347,0.8305355098786095,0.8044352012585001,0.8068965158847939,0.8604110316387478,0.8808763567321247,0.9093510809047713,0.8602767062704062,0.8771829926350954,0.7462672116946469,0.760719596991219,0.7595113377448584,0.7856171965940989,0.9411617006891819,0.7582579027433606
0.9018847302986692,0.8231483519662445,0.7167106791944725,0.6949229883031594,0.7237483187668678,0.7858443058904931,0.7676154140782123,0.8456532538176501,0.0,0.697553077380304,0.7204295372531879,0.7637337340071491,0.8057612317705932,0.7452960262579228,0.8109697458985429,0.7386801120715041,0.7632869845930164,0.8038985145939371,0.767388714176201,0.8504212854342383,0.7464294200549835,0.7865388084500918,0.7950203965531549,0.773034397073402,0.7830461704907815,0.675254024557937,0.7504805920742742,0.7962121526938711,0.6559617981688798,0.8548116538655023,0.8717073625306768,0.7735864809641194,0.7552320244101275,0.7817822465293285,0.8405993349857442,0.7312254152109677,0.8125007748433777,0.7918204820527779,0.7283656016012455,0.7581202610008952,0.7521212783210799,0.8409521144439878,0.7428588598208498,0.7281265739155514,0.8380613225284481,0.7842741594049825,0.7996212517758514,0.6904093155600711,0.80925017414395,0.78578669819632,0.771848718706016,0.7653369702555697,0.7243825785908249,0.7237532991710103,0.682266930447572,0.8868367776417282,0.7930690408520862,0.7705806777161274,0.7411617941192615,0.7874759414008252,0.7416694745689111,0.6918257651080095,0.7328160330678667,0.6846442442924063,0.7332236691357614,0.7029185774670883,0.7849292934947786,0.7817648202425236,0.7289781919903332,0.8199665162806961,0.840540796864177,0.7291699234908439,0.7505778364886991,0.7714908138114267,0.7819914273991532,0.7377159235613037,0.6920154710919522,0.6909208991039123,0.7677470410498876,0.6411664975531496,0.7018843689120532,0.8495984831773958,0.8396568775507455,0.7294759835968556,0.7594060641997388,0.8969838651095622,0.8117754200113577,0.7960171669251402,0.795251717393292,0.8701299521283608,0.7915927882867357,0.8396222770675367,0.7444036312007516,0.7470778809973091,0.7795939923206513,0.7515302468760413,0.7211970258708386,0.7965108449571596,0.6882420854095309,0.8034581240719254,0.702587018233287,0.6902035156152827,0.6713364620568186,0.6980662676078312,0.7899364020354284,0.7968216972863427,0.697014548472684,0.8057847425407729,0.7626825723302838,0.7756150685071204,0.7180385639029181,0.7551184331372451,0.7854281099384983,0.7413097923680173,0.7396177171889112,0.8412853026574512,0.7733038660929483,0.6855359513189847,0.6672572325353607,0.7241905941801996,0.7444195689764884,0.7214231710196745,0.8069919405519271,0.8048755789130723,0.7976821467153964,0.7142832403155134,0.7296418063572423,0.7806154690668978,0.6991127293543494,0.7333195509934102,0.8853611842883332,0.7346636737286878,0.7188621785587702,0.7910452931658913,0.7289570964246577,0.7081940011118646,0.8256309021483358,0.7792775822844086,0.7356967295783319,0.8356988619448685,0.6918416429657759,0.7131168500068303,0.8581363439323378,0.729940360905003,0.7200804643877156,0.8429755585085026,0.8873785268914317,0.7023649825496923,0.7509411325976402,0.623426478335913,0.8345465711052428,0.7153291554439557,0.7555810923425531,0.7680510046135801,0.7506905350792614,0.8647574922532647,0.796040383579483,0.7753335773384333,0.7091795477732775,0.7084936200526851,0.652598470950466,0.8114883306385271,0.8697280914066342,0.8103383570251199
0.7265381167088057,0.8857019888231074,0.9094634510582156,0.7084123185684792,0.7003288980850327,0.8442040893302288,0.7839042301562792,0.865675028883914,0.697553077380304,0.0,0.8227200936743163,0.8535378947082648,0.832629315024086,0.6999035602184683,0.7955145722548508,0.8520746537780872,0.7939230972062563,0.7359629388269118,0.7970276375190053,0.7440348382237135,0.7675260917595542,0.840448211156727,0.8061001473630292,0.756821184021451,0.9410285580099287,0.6452829728799616,0.7581273489127385,0.7894029064337156,0.9247217959744495,0.7797116870961761,0.8265378843174044,0.8604421738080539,0.7824630872340882,0.7377454536249577,0.7330654520374751,0.7726076875068805,0.834672708731444,0.7709473419924487,0.772254726974682,0.7474344535861611,0.7847457156756634,0.7520604487246259,0.7888915893617264,0.7663287988887484,0.8300565761550335,0.7210617613310208,0.7665616874543895,0.8315369915938833,0.8582291166569845,0.7027148152799565,0.7324006635807128,0.6918972616313283,0.6644821823674641,0.789976217595916,0.8505915116140206,0.7603981673742424,0.6791550319890367,0.8259682653287188,0.8009786201887172,0.7016031717271553,0.7973327403979973,0.6222612904530976,0.7139037702525443,0.6970444074087582,0.6250855274983483,0.6415088740259738,0.6976752911623997,0.7733674457948184,0.8465622514187896,0.8667091552598816,0.699446343755713,0.6683439139798926,0.6160444470514125,0.7813436301270872,0.7986534238820548,0.697708330272324,0.7343425633995061,0.7803774338798011,0.7098194403715398,0.6353252513710425,0.7813902092819948,0.6550519869950902,0.837826921407537,0.7860433875464976,0.6373679864301607,0.7944923930719139,0.7844105543950937,0.7221751589402685,0.772794142508015,0.6843887205433784,0.6990099957440439,0.7368100183414621,0.8276142950486918,0.6447926419132337,0.6536346164360956,0.8973017579198933,0.6734607281801948,0.8041462896176993,0.5674222512540208,0.7235782083260451,0.7094824920043141,0.8123590770562534,0.6576127661282872,0.897022712826425,0.6842447610031432,0.7391178114644871,0.7424076148647469,0.9028897658719729,0.7815376885730914,0.8426581399128886,0.7436949687486194,0.6061413804233456,0.7223469774148866,0.7574970014754071,0.6741143589121239,0.710990291409239,0.7653157343006927,0.8833656287442758,0.8113001072347117,0.635670831171642,0.6197642341080606,0.7051709636467305,0.6723507973844427,0.7866205351412536,0.6239159357811398,0.9319200969115314,0.6053421899274751,0.7706146022915934,0.8702719263854697,0.7498550669006402,0.814205812179188,0.7394864616003087,0.6234452369528389,0.6110037145225201,0.7664137457456491,0.6748679158215058,0.8213204667020071,0.7279202317684318,0.8656221041848471,0.8376721970421775,0.7957511924696739,0.7584498688045637,0.7091149590510059,0.7364189553347095,0.8141449527951304,0.7130209862073171,0.7550295413281057,0.8373187327700591,0.9721716455135907,0.6579803703503542,0.6808395997230708,0.8103531033599608,0.6989637219474613,0.8605340600873156,0.872056852913964,0.7971017428978665,0.75793452334721,0.8280248489365681,0.6995774259919468,0.6649605798454146,0.7914730995286647,0.7076328197257209,0.8767396319123546,0.6462454377542609
0.7630532613168551,0.8725409196953214,0.9139644487260151,0.8288436697622673,0.8730386282051438,0.8494791555921597,0.8703691604000372,0.8360349329632649,0.7204295372531879,0.8227200936743163,0.0,0.9209453484641983,0.8138039230781986,0.7183993993295199,0.835450095946939,0.8847692312952794,0.867663050948237,0.7188656603178124,0.854498187168773,0.7675278185919339,0.8970587996073214,0.9310972791601556,0.8493556260271193,0.8784271040001325,0.8762807965507956,0.7976881102547108,0.7627927739898431,0.8326642540941812,0.8668036955433015,0.7698180937680669,0.8198318577863589,0.817244870411844,0.8347116782573061,0.8186045980831593,0.8080231718701422,0.8586327807277522,0.8642315609061615,0.8205770462205156,0.9135485037277832,0.8396495943409182,0.8587751189729673,0.8389708309202172,0.7919317501937327,0.8903988564267092,0.8417982652135584,0.6956697380301694,0.7163195165570313,0.9423980438941608,0.914629288664774,0.7771596260578895,0.8389659392899756,0.7829825724527599,0.6597737712431673,0.9115841782357637,0.9187476351620879,0.7276975449579244,0.75754956647522,0.9318517878975674,0.7876622437766012,0.7381765601957537,0.8326423441988094,0.6204588871136786,0.7640979924754133,0.7435419938089307,0.6563418201655947,0.6412042684519189,0.8059736645888698,0.7477935290585195,0.7828978557956376,0.8478642782021454,0.7686534256597748,0.6678730016786215,0.7600703146379219,0.878034778822589,0.8050478426670171,0.6139641454721104,0.8916396837067853,0.8569383022235884,0.7045047339338274,0.6609662642064753,0.7325161691908113,0.769526821570868,0.8032053723108145,0.7453258232452417,0.7656144792200336,0.8210728486114157,0.8493878091609496,0.7031927229591018,0.6760953049069794,0.7220824081651953,0.8555341054978447,0.7735904702643694,0.8730009403911696,0.6733905461990219,0.7936662065460607,0.851998700288073,0.7059438679967462,0.8046128417596873,0.6358130006383271,0.7320825947164737,0.7349236197050719,0.8381457064072434,0.7304590918425863,0.8069677339092612,0.725226557707793,0.7385901083776871,0.7572339094101582,0.8704610085316025,0.7560677930645366,0.900055533582211,0.9101429788123427,0.7923241439927132,0.7982620985516867,0.7983992542580267,0.6861367893109196,0.7781695235952178,0.7036907977879185,0.8413875994618932,0.9027528727733037,0.6720449694203972,0.7703736191554333,0.7350764199241191,0.7859187159388329,0.8251443973182384,0.7054336863029893,0.8758083082412432,0.6785397240517909,0.823301103189297,0.877132461173109,0.7213110881394609,0.7231903402813391,0.816637841719786,0.6707474891247162,0.7734345957160403,0.8746536471522603,0.6770662036540634,0.7461677772605839,0.805175168524074,0.8778326146728983,0.8479623452102705,0.7435926159061641,0.788034652889903,0.790577487217168,0.8689716525262303,0.9156664795893668,0.7714455561160559,0.863067773155,0.7248846751210314,0.8466399027237034,0.6869105431940405,0.807762506331063,0.7313421512221361,0.8487456756703002,0.8096530942884219,0.8927168174202827,0.8219663074184466,0.8346466763919991,0.8475045790065824,0.7676274970433387,0.7445668448084644,0.6625185592121509,0.7186875080154427,0.82021023361122,0.846717854807182
0.7553583766376838,0.905178177726089,0.8941592204614366,0.8255934978139939,0.8251102630427145,0.8952423759561327,0.8890291270168927,0.8775664679895879,0.7637337340071491,0.8535378947082648,0.9209453484641983,0.0,0.7878921544130634,0.6830094182680859,0.8227195126072465,0.8485644162302687,0.82644168062869,0.6771929668102639,0.8829117883370671,0.7570022071380119,0.8852891900479207,0.8928588979216738,0.864395104039563,0.8616097969709288,0.9282115793960194,0.7538911975182697,0.7387026673205548,0.8099172136286956,0.8458502423392951,0.7981647451826442,0.87952184217476,0.8282028351279331,0.8383688783647386,0.8941048338276433,0.8058506806866151,0.8596874403580708,0.8586947482701535,0.7722214130658795,0.9040365944471049,0.7863433157494449,0.8424709554499475,0.8901285554558056,0.7564462929375181,0.8829085596686551,0.8657600469920075,0.6893578179163407,0.7414436681749277,0.892233018037154,0.8875392388116512,0.7410364453944726,0.8119197149578001,0.7833218867353801,0.6406154402860221,0.89969309556313,0.8890076882788451,0.8151886378726071,0.7270807655025867,0.95510626983718,0.7432142773513977,0.725966434807773,0.8139200461071842,0.6186546225090469,0.7320436256679915,0.7205322615874805,0.6339839819266873,0.6217879441945321,0.7882412438648797,0.7331923756252523,0.712803621863302,0.8383226006534886,0.7483506426908793,0.6365042378889997,0.7348912495234841,0.8386053673187538,0.7863859567000884,0.6201614741161199,0.8268914224163644,0.8447671516939247,0.6942353940681482,0.6424743458679164,0.7245807594511745,0.7870071105535293,0.8286056218228008,0.7195973925029628,0.7536591440666195,0.8395519458784686,0.8742450093480382,0.682330043663161,0.6993639857282996,0.7902094336006787,0.8189376558962616,0.8592542967590586,0.8277609837568074,0.6572163798820082,0.7437572805787588,0.9072894282910747,0.7036020932133962,0.9074140803968738,0.6410042778205506,0.752605949599306,0.7120661617218769,0.818275273287197,0.7605121135547487,0.862614685781468,0.7138563269036788,0.7374035789255782,0.7432191635632474,0.9150684440534143,0.7368471942201166,0.9296716495538392,0.9335487319524689,0.7598918104497824,0.7987364158400525,0.7777648951176022,0.6632469880443845,0.7778919096811647,0.7257330609805224,0.811983710248846,0.8946345501344097,0.6903210988679358,0.7038910513433252,0.7443181857948412,0.7983998435875126,0.8267448909746968,0.6866644012613268,0.8840144374062205,0.6852080994844072,0.8469913709100887,0.8926495971052214,0.6714990433418613,0.7850290583258126,0.7887720999598711,0.6260643046432659,0.7798987405937735,0.8520314097319762,0.636140657075051,0.765551407713332,0.7680194923621226,0.8262334689946215,0.8510789751590851,0.7333847427682193,0.7803228949655141,0.8137930187625547,0.8547228638719936,0.8903364737063812,0.8350224677960391,0.9006683176078917,0.7164083027034495,0.8833791449671093,0.6913665833617821,0.8137788331916909,0.7261952242091397,0.8029269110842995,0.8278265909652659,0.9513860191085296,0.8219069111838924,0.7827080151994745,0.887420182252423,0.7386195479400509,0.7058197158223654,0.645407794299465,0.7322934365052027,0.8815703184185637,0.8011976232726501
