0,1,2,3,4,5,6,7,8,9,10,11,12,13,14,15,16,17,18,19,20,21,22,23,24,25,26,27,28,29,30,31,32,33,34,35,36,37,38,39,40,41,42,43,44,45,46,47,48,49,50,51,52,53,54,55,56,57,58,59,60,61,62,63,64,65,66,67,68,69,70,71,72,73,74,75,76,77,78,79,80,81,82,83,84,85,86,87,88,89,90,91,92,93,94,95,96,97,98,99,100,101,102,103,104,105,106,107,108,109,110,111,112,113,114,115,116,117,118,119,120,121,122,123,124,125,126,127,128,129,130,131,132,133,134,135,136,137,138,139,140,141,142,143,144,145,146,147,148,149,150,151,152,153,154,155,156,157,158,159,160,161,162,163
0.0,0.5709716144576545,0.5014923783218252,0.5202113200478033,0.5223288586720783,0.5415014017068478,0.5391406932653189,0.5758362867190295,0.6196095278632636,0.5051936704436277,0.5520089028648364,0.5168086095234942,0.6087229697618317,0.570980775218948,0.5687485954044346,0.583075916254099,0.5940647814523076,0.7098131428228482,0.5236605526166849,0.7009308165759783,0.5684235084528338,0.5382570387346377,0.5129189302396352,0.5097859377759691,0.6102424561914888,0.5005574807866245,0.4541202851519893,0.5374649257901458,0.47394590811396003,0.5512411650226592,0.6308824439432184,0.6125584397361105,0.541480449474218,0.5098316158575826,0.6705642049919496,0.5762890506693923,0.5955910220474284,0.6227721912272992,0.5048299204775962,0.5254302721785871,0.5643385021165002,0.5418105635150483,0.6642646721018509,0.6312432771283196,0.6032157255093009,0.6354566700874589,0.5681431699212219,0.573440202898143,0.602679509370995,0.6827043177489174,0.6737102563726433,0.5888169791356328,0.5229347799781843,0.511608292375183,0.5673740199845174,0.5606733475282442,0.6940831687727939,0.5580560882523536,0.6344987293207399,0.6386881982703507,0.528932795187632,0.5565831322404383,0.6206586103052609,0.5407608647732856,0.6068572417886403,0.610142985210918,0.537650326770274,0.575739959518889,0.5611372208803889,0.6061832027566099,0.6818457254260623,0.6282585180010501,0.5587584339315288,0.5915644619066811,0.577253301040777,0.5685580071112846,0.5204066073837954,0.4964229467111738,0.5991452568461777,0.5105167191414592,0.5464296629492797,0.5818967089411197,0.5990281310999899,0.556562784562525,0.6090921159295417,0.6225239371890711,0.5557646012470407,0.6295710694787949,0.5864896447218958,0.5337850072437212,0.6306538513552427,0.6000014354343348,0.659007938398414,0.6080835239561162,0.6179760873456068,0.5300704781876471,0.48243069479473955,0.551149907891845,0.5213985958698939,0.5801103752716071,0.5546791529927347,0.5561837033436944,0.5500963070063468,0.5358087465856737,0.7070141379980477,0.6038201650775243,0.5571892110531833,0.540181787662992,0.5923917246072609,0.5634063344760384,0.5316055113815554,0.5853523312951251,0.5935785290215309,0.5046053809003073,0.6380440683408847,0.569659438099593,0.6175806788690453,0.5469050503929064,0.5212552316956035,0.4991836334379144,0.6128024807791776,0.5192033792728998,0.5907614371020271,0.6557365836562394,0.5893412754082438,0.5453216610388701,0.5201840057568473,0.5414640403239558,0.5448384786443968,0.5652456797300416,0.551613897062835,0.541243659301317,0.5469663619344453,0.5323241644609902,0.531172384185809,0.5795943254813142,0.5915059616607098,0.5516212749003429,0.5056733636976606,0.6314532348338262,0.5484069891235599,0.5745151544013196,0.6051138998440042,0.5373172636918476,0.5611224582951534,0.5333115340820073,0.5625289033713239,0.5165796214607274,0.5753840688154646,0.44896524130645316,0.6545268502770306,0.5876533226285845,0.5079037772619547,0.5093920229586616,0.5753593129816854,0.6431725340912078,0.52855403629578,0.5555770895085109,0.5405663743557443,0.568822620723194,0.48872175758725006,0.6480075058732419,0.4984562759843209,0.6075754603567217
0.5709716144576545,0.0,0.6187094395158796,0.6191182888950242,0.48860625618888903,0.5877169784136343,0.5304072411107242,0.6207405980504773,0.5316023471845548,0.5500773213471907,0.587179641281005,0.5686670845080969,0.5984464453325422,0.5582849014999637,0.5818943832170729,0.5672414844358449,0.6116250450714609,0.5600107102537557,0.5363679355969398,0.5950687078714766,0.6131975126208183,0.6718317678478146,0.4776542315884192,0.581931029262748,0.554668623343007,0.47536739882082846,0.46005352492886786,0.5376258055713035,0.5467249424018381,0.4682474846348484,0.5547364568027813,0.5454703437442023,0.6759066590675665,0.4835973103188263,0.5582571161385349,0.6175567754693582,0.5208786612192918,0.5587396248917776,0.5653195910466562,0.5784065506804766,0.6850463140176734,0.5317975861576657,0.5077478166982229,0.5777122238458834,0.6158076113159646,0.5774466776510276,0.4846991156634973,0.5451721177291453,0.5280682387100372,0.6059205571543433,0.6179782898246879,0.5800221670440758,0.5351258542435726,0.6669857480535953,0.6024178636185342,0.5318888432722502,0.6088387729999545,0.5525729405332221,0.6034551687983793,0.662078952544259,0.6459237845420178,0.4945661041786351,0.5554109296652697,0.5107776531629777,0.529001728995003,0.5439059531867552,0.5661685486422889,0.4983515603791402,0.48886555144945404,0.5456537555028689,0.5821849581799535,0.5203902173768626,0.515273431460455,0.6392187388294697,0.6244209034565041,0.46191906476059963,0.5379758549761915,0.49294157177897785,0.5217410774770642,0.4591071457098562,0.5283783579567776,0.5634234721950113,0.5820889258758807,0.5396609383391952,0.537493808351775,0.6387922775982908,0.49328034621416905,0.490943045390854,0.5146792114720493,0.5706121783526059,0.537126304932918,0.5537299548965521,0.6203176916435035,0.5556262005088611,0.601260531725174,0.529491620541214,0.5264947461710017,0.5309993972994138,0.4594598052880204,0.587201205556968,0.5224756205951425,0.5293288731900299,0.47089636990417094,0.5224593210939666,0.5717547788940849,0.5524237595755285,0.587527041783952,0.5304053626581183,0.594713105596846,0.6437233930413654,0.5496646706945082,0.5111582231410919,0.559982158887819,0.4865368724560993,0.5531055375704768,0.6046622942559586,0.5268616684203292,0.4893360207568257,0.5763966872898348,0.4696356506873896,0.5502980068367976,0.48166776170332476,0.5268185924435351,0.6153784930422916,0.4986110220552878,0.5942861343382809,0.5190329530461267,0.5822501145450268,0.6223068020079442,0.5256205627788928,0.5175279761459433,0.5645221156590204,0.5012208249723528,0.5421761169426419,0.5930593838309305,0.5057594998311286,0.5012454253835166,0.5240308064856011,0.5299929018101875,0.5571773072361224,0.5370135331990401,0.5393204860866175,0.6394139248087072,0.5565752331756401,0.5362053934496633,0.4439047940858402,0.5834018285313074,0.536773953308669,0.5506663846565261,0.4659439678322121,0.5472907082610343,0.5406565190008673,0.565582207248282,0.5739635437876847,0.5826630413110956,0.5988279984014935,0.5698770377950629,0.5733963323802115,0.5422710267624398,0.488279247240065,0.48023236767018557,0.5156616567128859,0.4729834706042232,0.5599031433017749
0.5014923783218252,0.6187094395158796,0.0,0.5590719625042868,0.48411615696570043,0.5863897216236627,0.48065972677225305,0.595904038298831,0.47184407327566064,0.5573055366026659,0.5608833323238527,0.5357793509382701,0.5780522676672812,0.5011343109675769,0.48812377042886623,0.5910880861457242,0.6095161745152576,0.5039199541866568,0.4761578842388747,0.5134940664443987,0.6072302741372713,0.6224695909400976,0.44839264076750196,0.515090811867246,0.5308452081569255,0.49098257671675893,0.4376801281796102,0.49437030308210406,0.5138432208483646,0.4473910589328034,0.4754330784411098,0.5252112958465845,0.5537619912926386,0.45703621644887676,0.4779243827554213,0.5669715410658197,0.4984475862432128,0.5196073549474546,0.48784709101522783,0.5274760697980317,0.5706897505741757,0.5420222715783499,0.49271846273128733,0.5254488961026594,0.5667272249945423,0.5190839191715687,0.4878445302308808,0.5360737458704851,0.48022147112872127,0.5403646725551559,0.556033460870489,0.5644575701740351,0.455517651927255,0.5861728545966762,0.5426026353524201,0.5127967853130325,0.5208991461658579,0.5693148957008373,0.538759148592121,0.5384128253018048,0.5821371371988854,0.47322171443915273,0.5477285219033246,0.4898201024655657,0.4618975192180815,0.49763016911070757,0.5232949139613067,0.49704892479098245,0.5046335597173865,0.5294796184166487,0.5357605843804961,0.4563165893733292,0.5065538548973336,0.6172849323626141,0.5868820454474468,0.4113014234532748,0.5297228096957941,0.4904333990582402,0.4847550711670506,0.43552439418387723,0.5189783003193092,0.5024678389464576,0.5336106153836466,0.5196716340095205,0.5120296880035986,0.5736865397126955,0.4846166611206192,0.45530237556291964,0.47099986901226587,0.5085797189611755,0.5267745389753838,0.4905434762893305,0.5327830724124367,0.4625646728337614,0.5392867949137969,0.5061876259650913,0.4750645047442979,0.5274934167737354,0.42827087422954246,0.5317811730349548,0.44904519480122745,0.5328654740226109,0.4633092678634023,0.512815082154431,0.5142317657124901,0.5574291643949049,0.578171251168458,0.5386002166393785,0.5351818658718348,0.6050445669713788,0.5155879341040281,0.48540497556387346,0.5437915182814868,0.4711059552399812,0.4917700426682408,0.5613575338200029,0.47580087203945076,0.4618880868833561,0.663696937514216,0.4546079252509702,0.49405198582901577,0.4730304208968784,0.5024442532271862,0.5343379299766609,0.4373382864860785,0.5402800073815377,0.5114878609059789,0.5505119745366462,0.6260171179200227,0.4822348413301597,0.5024872943448477,0.5987736365679708,0.45260370264877003,0.4744250115770959,0.5275170447424702,0.44264954514978877,0.45841008299880737,0.46560523342484417,0.5063910637071756,0.4919214451315334,0.4752621404394128,0.5216837200892812,0.5367868506888287,0.5325763470478064,0.5100871875769875,0.445016062519573,0.5342879230216773,0.503312737807782,0.5486925834004268,0.4710684579316319,0.47351834124706405,0.46762440509798653,0.5059318597805561,0.6029990498105802,0.5711794240806147,0.5312663825425445,0.48709482828727974,0.5774187151836235,0.4547512171475854,0.4587732270997069,0.4678716119861407,0.45529153021055746,0.455866647259833,0.5000343818426338
0.5202113200478033,0.6191182888950242,0.5590719625042868,0.0,0.4832125379283548,0.5136344671218731,0.568857643611925,0.600601790009711,0.4968075159307489,0.5002413990390537,0.6087800221283733,0.5516013283059159,0.5801578640448419,0.5414460681623043,0.524768999745982,0.5472729347387424,0.5942823192264277,0.5174001778519713,0.48962421691723895,0.5216599239620885,0.5922054042933755,0.6020647208078851,0.5206198690059289,0.5910521166900731,0.5259729446082411,0.5301096923416211,0.5090518442618662,0.5605463980092495,0.4772984712591293,0.44703573460197427,0.4965093802041105,0.5034395303654506,0.6202209923992542,0.5219282407655442,0.5118741146215114,0.5770381889528482,0.5220409901369923,0.5224681371428941,0.5375804350226312,0.649627135570699,0.5800998199514094,0.5482830155559412,0.46761531816560703,0.5294932183452804,0.6253894519800721,0.5369909327369777,0.4365177151815342,0.5079880898270169,0.5377874851103893,0.5374817506748096,0.601523943660069,0.5432687305418952,0.4523310403624539,0.6317149347946357,0.5713395604853584,0.5118914966383205,0.5599783141222211,0.545855477298934,0.570645499193143,0.6117030704664388,0.626254090085221,0.45742489545548953,0.49359154861471727,0.48961880533649554,0.4670684789960625,0.4956639659338452,0.6923656183518738,0.4744423592256776,0.46989253503202005,0.5365658890773818,0.5374224878079388,0.48144684984963776,0.5512799294083535,0.701284001817456,0.5476703928104651,0.4179217595699725,0.6409689063492997,0.508638811680529,0.488487711372876,0.43901004490943984,0.4601856185110587,0.5553663846173703,0.5211695810759721,0.4909628944779442,0.5507934527755511,0.5846834550387543,0.5024459969947859,0.4755169767287939,0.4840497502987902,0.6077904334041875,0.5560505291707553,0.5305121669059236,0.5344480875439735,0.49557898245248966,0.621954643405419,0.4840569641332734,0.4649709280456492,0.5165352660648739,0.4481678572064096,0.6139484788359185,0.49487753555040753,0.550106281887802,0.49445453982317084,0.4671906462360194,0.5220043025354973,0.535591634918203,0.5586210674942296,0.5334337525008453,0.5457158308863349,0.6140856533425565,0.5884376702911119,0.5308186494780959,0.5714368552329799,0.508768577837518,0.5022198369743212,0.6306182370278133,0.46687711451462677,0.45522415975388064,0.5720189125630692,0.4821695824727907,0.5314492024124311,0.49215634728126906,0.517763751766027,0.5716669486123055,0.4591372779064511,0.5156932201997315,0.5409921879708717,0.5976050081797976,0.563387442395919,0.48577586953819063,0.47905932527814676,0.5319471265172647,0.5211191173402637,0.5444256507042844,0.5492036898363527,0.4250395111096505,0.43814225614712443,0.51160139518893,0.5438428746442389,0.5202246987086216,0.47048684083892983,0.5041263738670838,0.6452377830820667,0.5458218256159785,0.5277559192515584,0.46016863857453866,0.5329503162960243,0.4802085318908212,0.48497609822872517,0.44548631924697507,0.5440333327399033,0.45479947140035476,0.5734947956558799,0.5745940441457064,0.5668989648394507,0.5891886054401159,0.5994324979232338,0.5823571828292271,0.5434695041085046,0.5077872121101188,0.43537879241443456,0.4721550980907796,0.47358005440345635,0.5818972417375196
0.5223288586720783,0.48860625618888903,0.48411615696570043,0.4832125379283548,0.0,0.4444588098069314,0.56461653766351,0.46636031040807563,0.5252884623188049,0.453591471886177,0.5734824509378812,0.5189924590608528,0.4762250243863668,0.4957997240685064,0.5260923504310974,0.5245206938170638,0.4845334684435578,0.4954930223215219,0.4290309854161225,0.48689592442931606,0.5095692349278589,0.5415878470827884,0.4906107810336865,0.4997665722231817,0.5141068884545413,0.5246458100752083,0.4503477969456451,0.4243805431640186,0.47699534459297654,0.5137633125241781,0.5352885358710436,0.4730758495888588,0.4841758981381728,0.44560503813280716,0.5549063593230037,0.5514252653473083,0.5501667389642418,0.5420566395907144,0.5327145618775028,0.4878700258933993,0.505595736699208,0.5205887653905248,0.526230071541438,0.6354519173429224,0.5000760941621646,0.4548932201574594,0.4854785092259843,0.6095180720750093,0.5468639773015574,0.5245874181646609,0.5307062632038085,0.4698298769293947,0.39568016159946073,0.47334817256662776,0.5502177027633703,0.48971189182640257,0.4912204892775852,0.5431135164156782,0.4935330327612401,0.48233678871415725,0.42818534833645155,0.4486945878982215,0.45621915782328243,0.5329087825810963,0.45203157948552675,0.42170545116014047,0.49557561724492033,0.5209454984790562,0.48425142148705025,0.501511561890076,0.5444330094942404,0.5116296508403297,0.4765545456886667,0.49731485279432464,0.44162370077410745,0.41079095026625695,0.5012169587741666,0.574851416431135,0.450814790791107,0.44690462380901397,0.4326139534584209,0.5039541387896782,0.5465077248615091,0.43906587156481564,0.4988684142671521,0.5080654855386346,0.48507197466505264,0.49349593996877533,0.42665558029583556,0.5167665729648017,0.6316425038057276,0.5277715930138056,0.5670150503514215,0.4241745710283078,0.5343548165385656,0.5381445546488978,0.3954696799924303,0.47511309685543,0.5142114981635376,0.44444370969792285,0.5181095980333722,0.4849167968722983,0.5063866749969437,0.4874202332535809,0.492427478807783,0.4804056502791197,0.4372602816707883,0.4743958605601662,0.47996866864876025,0.5213851852792512,0.5112506584671884,0.5705967916478792,0.47145167086918266,0.4762003554255278,0.45239259251008107,0.4769160321550469,0.42558531878468586,0.5288481987950074,0.4735366550470631,0.4705968221160331,0.6848330634101727,0.4703596534356813,0.48494231968182966,0.532960683024386,0.5199541120992642,0.49447616271534345,0.4478938893988857,0.5608036593477359,0.47776166202791276,0.4990713499712588,0.4633713615034113,0.47186814243267233,0.4693318214688669,0.51328916280649,0.49906095181233245,0.47307170873969356,0.47718944369758953,0.5439112478170198,0.4845763543485899,0.545479511094085,0.44187141864259155,0.5364953570018828,0.4987276095763536,0.5213806573962712,0.5857601765959765,0.509570557913704,0.580731933667265,0.43159560546203607,0.493552422723664,0.43345998265061847,0.5221733021015916,0.44725706838793583,0.4752855754765803,0.5183761976623896,0.520862274670194,0.5400295572524761,0.4570014676481361,0.5095851947362876,0.4967035508653745,0.47586163571910023,0.4006292198821306,0.49501285083185315,0.4688381914286609,0.6097216438323829
0.5415014017068478,0.5877169784136343,0.5863897216236627,0.5136344671218731,0.4444588098069314,0.0,0.4521999435227476,0.6214865616006487,0.5210498916232733,0.5215786651255051,0.5108853941488812,0.5389874134133121,0.565176097470571,0.47985297369135027,0.45322917929199835,0.5846347251091278,0.614301024277125,0.498674824157513,0.5442423347162116,0.5434846209888099,0.6193382272115937,0.5223821198961252,0.42701674360395603,0.4604014489418673,0.5483466803003351,0.445773887033008,0.4007638793887939,0.5111856616650043,0.45814880925411877,0.4910241308156242,0.5047629617084648,0.6119618505005865,0.4994020427056443,0.4757442906651892,0.4758421428871453,0.5286382712680735,0.49531142781767745,0.5215026037492636,0.48251090730723545,0.46087775680554827,0.5189481328178143,0.5770346172294369,0.5017746428356956,0.5205824572231844,0.5250037687394641,0.5406052676574398,0.4948290266069649,0.502455882688248,0.46750630842378116,0.5476732200979525,0.5899814920566856,0.6008602729394478,0.5098649404180409,0.5451127627492873,0.5135660659190828,0.5801112855535978,0.5845899099630762,0.5993542090652143,0.5130646103427734,0.55614230797911,0.6291887656014019,0.5480878450493063,0.6216978316841472,0.46038218430787425,0.507528398654056,0.5824320735805322,0.4994749816610581,0.4922748117645956,0.4641461068072496,0.5464670276984426,0.56021582458919,0.45952138507173695,0.538752410027609,0.587383597418463,0.6944303163236328,0.4673611322651637,0.520987200500537,0.4591366464111922,0.5062066174735372,0.5133535968519958,0.6265018206878803,0.5384125843184875,0.5513771827849399,0.5397553616272327,0.5788437466050025,0.5653443557911215,0.5409412920267261,0.476750354240593,0.5294777337517816,0.5203398051875052,0.5147077724791013,0.5332009892489031,0.5306314857505687,0.5468916459700927,0.5557045509387708,0.4893932225246008,0.5495598392905614,0.5567993520159865,0.4500150067814898,0.548435159089464,0.45441146375579117,0.5689060210564685,0.47252448889278015,0.49053398034945606,0.5760490560008318,0.5623156590502647,0.6623758210888199,0.526360483839248,0.5034683156930323,0.579369902840409,0.5277021429718488,0.4920830892781419,0.6193926592212144,0.498720126299875,0.5127147333219866,0.5507106437724947,0.5731678759790811,0.4527886587266924,0.5962520410599874,0.4703030863640986,0.47606387029337854,0.498603046899141,0.5465324338415204,0.5760467978204848,0.4747679254682869,0.5177323511860642,0.567145995746306,0.5126113575073589,0.5754928751781929,0.44820529722388797,0.5682850737687425,0.7381163198301921,0.48660162188849077,0.5080739285316629,0.5066208717600408,0.4597602605611539,0.4755033091462447,0.4227194139493863,0.42782547417233535,0.524694310154205,0.4690238900815448,0.5608584213892038,0.5785123802218295,0.5452433100799365,0.4993987791799749,0.43710934424750214,0.5347969273898803,0.5328207106518029,0.5385827203736501,0.499610542308767,0.5133002402456126,0.5280986532401488,0.48850905553182283,0.48254111056248855,0.580059100228729,0.5420416019207086,0.4795901923241493,0.5859051291400957,0.429795774013096,0.5120143832799625,0.4678493879615344,0.5191120192954791,0.49316055443558054,0.502013205764363
0.5391406932653189,0.5304072411107242,0.48065972677225305,0.568857643611925,0.56461653766351,0.4521999435227476,0.0,0.4942160933435484,0.49193982285962595,0.5179702072961908,0.5955290481888086,0.5208775336373948,0.5507595196289862,0.5661862065421639,0.5580178269975999,0.5397575153414489,0.5131341737121662,0.5366562148457493,0.44200506502684694,0.4912230671916104,0.5005144531919342,0.5293507034264266,0.603149510837345,0.5344276542278664,0.5580335735213482,0.5416312680780456,0.5355284197920045,0.48815024708734556,0.519530742953475,0.4959578129871523,0.5395464217199434,0.5259321220760118,0.5399578339683897,0.5076594350000079,0.55392200856698,0.5498369324003239,0.6086402111729414,0.5202453632346574,0.5215180042604078,0.5987686683603579,0.5052883621766725,0.5055957242118615,0.5140563154902865,0.5850536230367396,0.5702860916209352,0.5082432374218052,0.4730115368425052,0.5687698932879459,0.6980362059812955,0.5154031831075387,0.5840237866466307,0.464134670872117,0.4148660648699255,0.503596104947051,0.6433018026872065,0.5006468003986496,0.5107830511687317,0.509203028449666,0.596664584245228,0.5490514366704509,0.4782633585031915,0.4590888759533755,0.4467123234299144,0.5142051210599828,0.4542103087556682,0.45059005726498663,0.6126743602183667,0.5342318276878922,0.4989909319726439,0.5211781253709626,0.5306959422236165,0.5468125174934112,0.49625636661791467,0.5733212472417122,0.45471345100731436,0.45886966856420036,0.6224418093106976,0.6098371938872598,0.46068851305201663,0.46393467893050155,0.43425937665192677,0.4945416796334826,0.5537144304738941,0.4536497143457933,0.5079208668736023,0.5041016740788056,0.49413764832215895,0.5555177137465002,0.48795819788047257,0.5402478424260932,0.5948233715955237,0.5520210264565207,0.6031891884917454,0.4629607474593256,0.565927287171417,0.5376952771356701,0.39585428008858825,0.48069256993835663,0.48443884927128184,0.5357453097385525,0.5787411636919791,0.533749028648795,0.530384394066273,0.4865454008759886,0.4982376774681195,0.5007068394467715,0.47151760049562264,0.49576542658182315,0.5491672838592071,0.5574798589625704,0.5570955926544761,0.5373440824921132,0.5177583882470345,0.4966056022018253,0.4817443786789931,0.5110447621564551,0.45580978638190395,0.5628082485257032,0.4909577275083754,0.48126089458918686,0.5788269558537354,0.47982022673298186,0.48087237333906235,0.5962307749212966,0.48800306185220266,0.5466674253053748,0.474133735121603,0.6046726187297561,0.5036839191529565,0.5277384806943004,0.4618309966388435,0.4529077844578538,0.5269177918043787,0.48161713441072224,0.48859359113742157,0.45153650413031393,0.47299142766533253,0.5817752105624463,0.5339490850544643,0.5531159558290106,0.4844858757602266,0.5345733695482725,0.555690078690906,0.5012714397577078,0.5769149401188082,0.5208101906552862,0.4968735998222992,0.47527220765011463,0.49585912049422043,0.41153218623927573,0.5373493303465161,0.4721184077662326,0.4799768406685571,0.5847694196681752,0.5294406245390231,0.5832425889027124,0.5530389062155445,0.5507560565340464,0.6068167395030755,0.5705594970951438,0.435442745114098,0.5015028068491956,0.47160964006537676,0.5665809229584389
0.5758362867190295,0.6207405980504773,0.595904038298831,0.600601790009711,0.46636031040807563,0.6214865616006487,0.4942160933435484,0.0,0.5577534097893312,0.5669196987366073,0.5711574002615899,0.566200528370525,0.6369965633470932,0.5433255570480331,0.5077609604975751,0.6369737614232187,0.6317918580889309,0.5651653451890299,0.5213966762246668,0.5835440409433642,0.6040473489197762,0.5538753801718784,0.4923452256929614,0.49807529949615387,0.6142127209842039,0.5162722599870858,0.47876804793708216,0.5617653126139117,0.4991290588121075,0.5059256879402675,0.5637955841278165,0.5882741172100128,0.5798223899898545,0.5189033989515833,0.5316501752027416,0.6023218123160794,0.5644275343407321,0.6205664055421624,0.5189166763150921,0.5287090732063741,0.5894227576310688,0.5603454392092565,0.5495858623252446,0.554066041229005,0.6580335866232252,0.6001681440443164,0.4949338361466732,0.5401970561412452,0.5256712725445876,0.5745432251969844,0.6080938170784987,0.5825817736236091,0.4815059977403698,0.5574429307912512,0.5787384809504684,0.5819242541579714,0.5980329848740445,0.6383656821355181,0.5585516705548698,0.6144100903727341,0.6631994514262072,0.5384121386721711,0.5960199119811592,0.5137950321247721,0.4952013530765783,0.5665991061463801,0.5790616720241745,0.5214624886408752,0.5325591335186715,0.6793416955167303,0.5893268624978678,0.5214069996194574,0.5537963695715922,0.6395321680130025,0.6799025691006849,0.47727013388134654,0.5634120727846612,0.5020037139121553,0.5976913964834735,0.4908204102306598,0.5645888278453653,0.5522726521500201,0.5847861470003086,0.6287442000548055,0.6088093603568432,0.6889066661587034,0.6036109176469295,0.5206647750332827,0.5810846918408388,0.5950605363735738,0.5709741825491045,0.5613175356419852,0.5701038824852244,0.5244999660725496,0.6004086237721988,0.5452008859526633,0.5111442939138183,0.5988779690273316,0.4736929593381754,0.6085126848108872,0.5161126245778361,0.6473720180355217,0.530508354808427,0.5636127271521352,0.6247204750052977,0.6272922645826814,0.6422789852166781,0.6022322314589582,0.5642604158181596,0.5851919067879466,0.5325511421198049,0.5490877028685961,0.6161400966208861,0.5669029767506485,0.576149398733292,0.6085686144600692,0.5610441489393357,0.4862993964900894,0.5872579960140597,0.523619290346852,0.520322831195066,0.591394529143442,0.5558695433590795,0.608522702801943,0.49342296282422643,0.5853425161557599,0.5477328051661741,0.5984239089453851,0.6444084432032852,0.5187647690398458,0.5921322282221271,0.6264580661453341,0.5696605415861545,0.5334644586774856,0.541234258207502,0.4641891280738523,0.5116886634169945,0.4908814279589778,0.5239002431860021,0.6010049914915465,0.5327900983842921,0.5709203334459588,0.5948866176611148,0.5703180258315855,0.5642112091440978,0.4794163829831113,0.5546516214889416,0.5540425150179306,0.594992148250655,0.5074093437084221,0.5770663235239745,0.5379759170899762,0.5100545708907432,0.5422240300346558,0.6707767438540926,0.6470033340671009,0.5221531153969582,0.6377841290488323,0.4967192776085609,0.527764852704646,0.49544840186366285,0.54410000370057,0.5330640771347711,0.5452259275837278
0.6196095278632636,0.5316023471845548,0.47184407327566064,0.4968075159307489,0.5252884623188049,0.5210498916232733,0.49193982285962595,0.5577534097893312,0.0,0.47371314564232925,0.522937597240564,0.5122522113841362,0.5025574423426912,0.5389535841122348,0.5109714385223953,0.5209172425061532,0.5064562948372182,0.5500241097297639,0.48294634568164313,0.5690533757751086,0.5325755414367614,0.5234203492957807,0.45828284480805576,0.449876548562113,0.5638022304538676,0.4692819873501199,0.4364217674307173,0.45789685481511644,0.451306937227228,0.5433977179014624,0.6481428864089436,0.5273576578591137,0.4977017122327888,0.4550622271522699,0.620224448858374,0.5769641305361909,0.5480616420732259,0.6408966846283043,0.5228580891830437,0.4542704107528512,0.5226147524146019,0.5804786590252897,0.5488002693602195,0.6018830258597229,0.5211635294996182,0.4984049687796329,0.49220796281299395,0.533518397705127,0.5157580559591278,0.581054433442323,0.5655267960816768,0.5112314415498597,0.46726352553882633,0.4826207805793351,0.5260566895534691,0.5979184338138532,0.5656700426676229,0.5770921552057895,0.526335416402176,0.5297004268150495,0.49142568209108817,0.5430671300822074,0.529618426400961,0.5509930933674716,0.5407026677874158,0.501549680474596,0.5186407488734867,0.5318699345850738,0.5061714188424502,0.6036022545158098,0.6296345778153405,0.5714295168158607,0.5598641540614057,0.5115099564603041,0.5358114958922511,0.4799187546362238,0.4812720482056318,0.485813563866792,0.5151717733245157,0.4900313509711504,0.5170552301047143,0.6189420397253519,0.577502463798902,0.5143045682415336,0.6023323710342992,0.5912084733884652,0.6010049008886601,0.5612190967358346,0.5008136863333826,0.5887419054305194,0.6142754596004661,0.6592629790729686,0.5658422257712558,0.4956948214610355,0.6418559133459174,0.553245742685379,0.48492196208398003,0.5481320360162557,0.6014328000256991,0.49073964769081985,0.5568194648114809,0.5326208712569211,0.5551260309990242,0.5281327570018857,0.6517051208094399,0.5057125141101709,0.4904160110077308,0.5065197715461308,0.48568250209285396,0.5098750528711604,0.49992295961884026,0.6268897865385396,0.5620861142212283,0.563817456941037,0.5106438919055483,0.4987820346667386,0.5173240646271835,0.49652518904218784,0.47913622784072,0.5510832179747249,0.598759507663164,0.5670766004049771,0.5478295105211326,0.5634647739175939,0.7135411592200357,0.49606771984519293,0.5170340717677968,0.5195051744776582,0.49895868551284833,0.5105807664992792,0.5926595706211182,0.5479792906390961,0.5493218079751164,0.6415349925794702,0.5259167484992495,0.5301768276082918,0.49875001939137015,0.4947516454616996,0.4542419193784231,0.6401025844988978,0.5013319941560687,0.6024082320693757,0.5841990630467494,0.6315081539555003,0.5823248366298207,0.5026838702717162,0.6283831493153136,0.4724671580028742,0.5376682145875222,0.4826489619948373,0.6342271612175835,0.550262310986712,0.485633739806386,0.46640597912758147,0.5675998686797691,0.6313330117134736,0.4566249134493474,0.5190074841551834,0.5015637205267008,0.5086929346105207,0.4413296440425636,0.6594444657401891,0.573692859237609,0.6133642568850687
0.5051936704436277,0.5500773213471907,0.5573055366026659,0.5002413990390537,0.453591471886177,0.5215786651255051,0.5179702072961908,0.5669196987366073,0.47371314564232925,0.0,0.5270340395554157,0.49648095680241927,0.6091321996259924,0.554256609572137,0.470543386840478,0.6099255066361842,0.5414190538015632,0.5377611474493338,0.43536275627200705,0.48141559994038385,0.4850319004966202,0.48973418132587787,0.5127744159945301,0.44279559507456673,0.6321620165931354,0.4890492434076852,0.5083137860308569,0.49781588546259786,0.6301083956297049,0.5053560286906101,0.5083541958333565,0.5837644983445084,0.5102290639359954,0.4675124611627469,0.48671407627860364,0.5229942460974935,0.5763185580299336,0.5536452664718758,0.44760040983984695,0.5067468921187077,0.4962059551428709,0.4990823254607434,0.5183441908667413,0.5108346689956516,0.5551094600570327,0.5222387216641345,0.5098889921286696,0.5296725581265902,0.5494287253988724,0.4791204077210591,0.5140159135428598,0.4639208735149659,0.4247416692216122,0.4637795155862697,0.5778923727867101,0.5487499302754825,0.47829828158954113,0.5339547868737187,0.5562523489166632,0.5117004312452506,0.506823261323222,0.49625886070268427,0.47763365501629323,0.5005130841807258,0.42666217323547534,0.4679999499003428,0.5211909569690257,0.5439461749492148,0.575088944818975,0.5926719235468945,0.4973661002432023,0.52179556531831,0.47287676542270873,0.5372976324611924,0.5222417891340311,0.49221031730973963,0.5201939817874958,0.5532796766569378,0.49669237039348546,0.4968317261837623,0.5262554072014418,0.44060574129263513,0.5838875733425172,0.5662521179894762,0.4989675153885369,0.5305630304847588,0.5196630500335827,0.524469655344666,0.5707553059535703,0.49918309197023797,0.5206635931786341,0.5048077566766443,0.5586626693838331,0.44449738544923423,0.5133316795436268,0.5955387047362551,0.4050121786357918,0.5274737766899146,0.45053695265520427,0.5316262403766255,0.5243374577451667,0.5493366134015841,0.5008260824259453,0.6094632311848677,0.5068595538748648,0.5422634498399611,0.5105570007455292,0.579558438114841,0.5537601718912031,0.526664892146968,0.467467568722084,0.47732076101954646,0.530604757318638,0.54165645212199,0.5028106228310504,0.504322165377909,0.5193414765693621,0.532763238882606,0.5336131803996874,0.5094086333372316,0.46927766917932145,0.5273697078202826,0.47286859021737504,0.5580766898234293,0.45484303983836116,0.6424922519286879,0.4668542467635166,0.5380510975079434,0.5935622785101339,0.5278708004528224,0.5664336755925823,0.4943216969629639,0.5261277504743853,0.43165593015176873,0.4487488921599447,0.44008696716592366,0.508786295269239,0.48073447304916983,0.5167743422966146,0.5380894555329151,0.5506504481456038,0.5705780958084413,0.49327149941452214,0.4875486671452972,0.5533866928503115,0.47282973839576925,0.45610626632609097,0.5882611356057201,0.6301872378949249,0.4706474157800056,0.4682374985164648,0.5490155956187155,0.42311914221499963,0.5848523196188772,0.5823184771927824,0.5503221451285691,0.47886739033333847,0.5992858556859659,0.4963602312832577,0.5302947112325772,0.550491474729893,0.5142537182104571,0.512081019795966,0.4635335573067258
0.5520089028648364,0.587179641281005,0.5608833323238527,0.6087800221283733,0.5734824509378812,0.5108853941488812,0.5955290481888086,0.5711574002615899,0.522937597240564,0.5270340395554157,0.0,0.6476565827929203,0.57245013940198,0.5268221593003702,0.5311821418504226,0.6348649556290143,0.5894388045823413,0.5242976567695901,0.5042257874760979,0.5498320181679673,0.5790337109824618,0.616235031514641,0.5662762624109716,0.5808896457488892,0.6022982391341519,0.5337533041773549,0.5217271912407195,0.5489675419357476,0.5417886163318639,0.5259298722550818,0.5496522833191463,0.5367336072997394,0.5428392878907109,0.5361675885221202,0.5611999674730215,0.5891353696496786,0.5973062658470941,0.5655713902431638,0.5962192965657936,0.5672349002761438,0.541322862895079,0.5657386573458943,0.5154019310933321,0.6083610799847857,0.6037574546221884,0.5002579736489098,0.448989058464547,0.6382022239754154,0.6156965275138991,0.5347659617589418,0.5784613573537627,0.5023434878502512,0.41722172294753934,0.563158305559184,0.6747380770210863,0.5082749205915661,0.5511457814248921,0.6274725175225502,0.5405823067243362,0.5549987414363001,0.5406540544143386,0.4444231581777302,0.48263161701483137,0.5245682199866818,0.4493826709489066,0.45864102195714235,0.5819824564170023,0.4931985025011207,0.49932701506286675,0.5784304678447915,0.5305436230818216,0.5041794104855063,0.5236813891153562,0.6057162710437263,0.5239869694236826,0.4278427524578756,0.6260728933557046,0.568654417993134,0.48161670280723573,0.46226636675447313,0.4523610077176141,0.5154352305007921,0.5615865468514842,0.49051559708374987,0.5383834874112059,0.5684843518286727,0.5437753485956319,0.4902422240504303,0.4769196083783831,0.5716769044619597,0.6026814094976645,0.5272045289623268,0.6033644522633018,0.4728696649563112,0.5633527524730249,0.5459802557216055,0.42661444013031324,0.5150881519443505,0.4688638933174886,0.5159860387929459,0.539501067983194,0.5724165356932922,0.5010114485694362,0.5096812307415195,0.5150682778797947,0.51946141498471,0.5052243712667424,0.564289747577961,0.5106051379539785,0.6464080310064371,0.6114801988760629,0.5529439199399265,0.5313297177464059,0.5328942947480017,0.4833124649678552,0.5641537432945481,0.4669748233842769,0.5630442058170844,0.5561242927894915,0.4833876708413786,0.5876780848693395,0.48807227108271434,0.5301132795252863,0.5842239255993203,0.49160535184336146,0.5711891232825492,0.47528568860642695,0.6399369747401923,0.5739552935209763,0.4891641646656501,0.4989470049299666,0.519498957986375,0.5454904776373231,0.5371589794137254,0.5737340636907017,0.44009136840537283,0.4911345816723881,0.5289829000049123,0.5650035732720095,0.5716325310736181,0.46889234325314266,0.5596785877086851,0.557253169149623,0.5400828406302705,0.6027265692021662,0.48765200310338497,0.5546163735705354,0.4662371269844341,0.5447782954190917,0.4718636130571344,0.5798063709299502,0.4689163294633547,0.5666795359726348,0.5467418003149834,0.598964232716266,0.6061085833273824,0.6008289104617539,0.5866133057785038,0.5395591521275787,0.5257984661883128,0.4170582547919659,0.5048525370083677,0.47151336058961757,0.6498346836238248
0.5168086095234942,0.5686670845080969,0.5357793509382701,0.5516013283059159,0.5189924590608528,0.5389874134133121,0.5208775336373948,0.566200528370525,0.5122522113841362,0.49648095680241927,0.6476565827929203,0.0,0.5036876531244315,0.46004174140721427,0.48566055288702864,0.5880799934706946,0.5697702263699579,0.47003653072167995,0.5865112965546322,0.5580313514690782,0.6336064122163454,0.5551102693799338,0.5086780370502291,0.5451297273372123,0.5901141030705392,0.4769640556151282,0.4403957565242685,0.5211967799234574,0.4861655935658545,0.5107363289977523,0.5566975729190686,0.5417005726287382,0.49201384342579874,0.5731513067904617,0.523233224753001,0.5894845008884638,0.5235517800311664,0.5255887046392381,0.6531568952556037,0.48611415308902556,0.5246375125799239,0.5704368908932169,0.5036727352447959,0.5908478678497476,0.5639942432634019,0.48386649039792046,0.43717723522732727,0.585238424154526,0.545317025875913,0.5334536092561971,0.5688138956184534,0.5105976794676594,0.4181332632494057,0.5770688939402979,0.623956855802763,0.5034221643637894,0.5638017116949298,0.6573747893290459,0.5004958186946503,0.5371765467624532,0.5346743678871646,0.4426421736444488,0.4845225953779283,0.5056880867610661,0.45787991262015676,0.46644468854103777,0.5182772560835713,0.44794932799316617,0.4445839068438753,0.5274727441307862,0.5070831575099362,0.4650629585951455,0.5133330415604015,0.563558820714162,0.5262742804872526,0.4170711281558554,0.5721808635680748,0.5043121107835933,0.47570447784946707,0.45380001533351466,0.45586712402439405,0.5313942760751804,0.5179770556291676,0.4622060942747032,0.5620356993104964,0.5455322303169527,0.5383596529647926,0.4624892194395812,0.4623620158923766,0.5493518445755089,0.5411328215011684,0.5459023361187192,0.5644408043784531,0.4837769722134495,0.5319070524992444,0.5109126431800682,0.46013007591029836,0.5483828785875797,0.46365571544743256,0.4917283440224388,0.4932497810348021,0.5902824256841871,0.49799369199460225,0.510800262257737,0.5137223968539689,0.5021978565956963,0.5370724301717267,0.5428856746467791,0.47161116763331157,0.6581238066263027,0.6818559238838439,0.5497015373027835,0.512616727348007,0.5102021746344777,0.45757590120042957,0.5143497212003431,0.47903089066389865,0.5408638870665199,0.5605404939176754,0.45227459515060675,0.5353908684787617,0.46841431998357846,0.5490000811460611,0.5536832258783301,0.4808484764588947,0.5347298157403199,0.48296521598512526,0.5872963730349147,0.5871494983481118,0.4386559730402805,0.49063529951996876,0.5458632160215312,0.4906894324643028,0.5482848928288103,0.6116852447734682,0.4275667334304901,0.47707554476148284,0.46384246376489385,0.49052968640337724,0.5761646027569423,0.4296211593395167,0.5501056237212214,0.5594547152299625,0.5610497726482785,0.5678876080088605,0.47011770667521824,0.5675420274995068,0.44718548924524765,0.5493449281634195,0.4992230500660124,0.5920019758147076,0.46157497188643554,0.581593756152829,0.4908386256413718,0.6268593422999543,0.5603505794558999,0.5180381482487338,0.5534406454934377,0.45821561507531483,0.49452578294032556,0.39417540635094733,0.4965273568076073,0.47570381464475564,0.5867365942453234
