0,1,2,3,4,5,6,7,8,9,10,11,12,13,14,15,16,17,18,19,20,21,22,23,24,25,26,27,28,29,30,31,32,33,34,35,36,37,38,39,40,41,42,43,44,45,46,47,48,49,50,51,52,53,54,55,56,57,58,59,60,61,62,63,64,65,66,67,68,69,70,71,72,73,74,75,76,77,78,79,80,81,82,83,84,85,86,87,88,89,90,91,92,93,94,95,96,97,98,99,100,101,102,103,104,105,106,107,108,109,110,111,112,113,114,115,116,117,118,119,120,121,122,123,124,125,126,127,128,129,130,131,132,133,134,135,136,137,138,139,140,141,142,143,144,145,146,147,148,149,150,151,152,153,154,155,156,157,158,159,160,161,162,163
0.0,0.8580985566075378,0.8272776249715869,0.782441790070551,0.8339312701740226,0.8258672225152034,0.814653593542869,0.8198898556545524,0.8904458675372386,0.785086218098346,0.8512570150727714,0.796507628450652,0.8953410110446399,0.8073602156473643,0.8551051292274167,0.8567525337331938,0.866501028925774,0.9314632061650742,0.8468909925327603,0.9459439215214719,0.8888202564785904,0.869248603089027,0.8144841004010726,0.8345831992918505,0.8892259637948926,0.7951090530308155,0.7765337968423294,0.8522345333812819,0.7577902103399725,0.8331756128065357,0.8739508947279638,0.8679967058211943,0.8272623893134049,0.7800285609685126,0.9054359461065592,0.791890882094988,0.9039398649721003,0.8629825015947576,0.7633158335755075,0.8463900378430862,0.8240080074501084,0.8163877491351016,0.8824946961537437,0.8704680281985127,0.8700298905716047,0.8826619641299628,0.8658587146805709,0.8614610508089067,0.907833284556829,0.9019372757809906,0.9042385845175327,0.8958598933103268,0.8172220287987412,0.8408670249950562,0.8144603528653239,0.8080607481561497,0.9429408257297022,0.8204636421316038,0.8476803702220902,0.835057632256406,0.8106130284809222,0.7337563005344028,0.8873939690021317,0.7686741723245104,0.859574020247594,0.8547766196417556,0.8165921161571518,0.8814267289987284,0.8656469895498788,0.8406824799010845,0.9443402711283125,0.8434269553215084,0.8281930180082856,0.8770404523246845,0.8468655703161092,0.8675294354025266,0.7773682222438493,0.7961999474126149,0.830398100470754,0.7152888801617939,0.8078785890849045,0.9017348349990146,0.8645292010792065,0.8039232918673744,0.8558859294839257,0.8943158953939508,0.8102960371704085,0.8771453302832865,0.8473664806546422,0.7672683060474258,0.8966992100297014,0.8244431218058508,0.8778695508926824,0.8838020266393354,0.8876403440940017,0.8308806334365345,0.7916202529202075,0.8097318758217845,0.720470039736256,0.8330326757679006,0.7712356695633065,0.7388386042337343,0.7771579889456476,0.7819364535056124,0.8767245062623438,0.8632299501966664,0.7971074358683639,0.8109619599429955,0.8637053539841285,0.8444710721434482,0.8285412489664292,0.8349093358453565,0.8514090461601376,0.7452930171851238,0.8556579461976941,0.8555536532609807,0.8589740630557885,0.8448470747915385,0.7875762303633419,0.7335709446013772,0.8551834462434313,0.746725679570582,0.8390851344146751,0.9179378540814025,0.8341221206909557,0.8182026040214447,0.7373608418573437,0.7802524517175873,0.7821960262531938,0.8854486557503097,0.7987915594471916,0.8376202937211362,0.7669312190583782,0.7918769943462765,0.8363570783715997,0.843434789036056,0.8736507491530606,0.868666231245945,0.8383754532998906,0.8631142204902514,0.8283842502693567,0.7749387304666651,0.8936428802866588,0.8065065235209471,0.8422927328894781,0.8366259367756048,0.8727870372983382,0.7576339012893867,0.8756967502571317,0.6275941305069809,0.8957679122336882,0.8129784709164487,0.853460189077464,0.7930057415692651,0.8189912786083182,0.876344462088395,0.8593172122639975,0.8196714608681916,0.8343319422220087,0.8198068531804873,0.7590417350017871,0.8807541061203301,0.9086522147868898,0.8928335811171852
0.8580985566075378,0.0,0.8472136334259193,0.7958567208276155,0.766554469181529,0.8926635920356962,0.7988426324962771,0.8299430149588246,0.8384965137753341,0.858715411880173,0.8174238967844615,0.8736045845576205,0.8737049564963586,0.847341583212852,0.8022499607852633,0.8628333361032436,0.8605368237148757,0.7845439948638504,0.8169459315951154,0.8691032174935339,0.8364053222747833,0.8416718385108962,0.7874256128871515,0.8229466197449514,0.8465724755954616,0.7545371770535998,0.8145399485654344,0.8305289639615315,0.9085194276567652,0.81062955205594,0.8722815775755005,0.8548684244863965,0.8964029538990604,0.8043688365295051,0.8741183126288183,0.8471685966992121,0.8369132912263342,0.8563198943117459,0.8070482460704206,0.8535017071702745,0.8980569077122887,0.7789011164942143,0.7289983145278054,0.8412009022555589,0.8775009180319753,0.8345091086316806,0.8510862635477431,0.8068593055052972,0.8276388835531662,0.8336717697323871,0.8163671583238582,0.8640930689109745,0.8180265610965491,0.8801324808227546,0.8479298433534631,0.881935417098146,0.8453930787262933,0.8262616747402524,0.7624993646115232,0.8801783473703473,0.8221733348886682,0.7611158874034366,0.7786102624333021,0.7899062443793986,0.7231441102953275,0.7442548963217324,0.8037952161736006,0.7639608033602866,0.7451469286188028,0.7491184065993578,0.8281982167349354,0.8306917854004864,0.7493457119006431,0.8194580314653259,0.8600115730785456,0.8260270000270424,0.74282406777875,0.8757927389156522,0.7802765485558127,0.757809972156256,0.8022280058686204,0.7941022963577473,0.9015386119651714,0.8349872378839185,0.7895119059332982,0.9291733278083684,0.7336545914911552,0.7597578699492036,0.8595138349524054,0.8571685222265937,0.8018425028922535,0.8633416119882144,0.8846184911857659,0.8392810962107664,0.824648578858862,0.894987195121607,0.7972134876639844,0.8599858039521152,0.7475503371702105,0.8566242320274525,0.829561360389346,0.6665110913912925,0.6833842094111833,0.7907373833695421,0.8269255779769074,0.8435344790841159,0.7862361892446531,0.8279236152997912,0.8770834459148757,0.8680802785587943,0.8019140716251327,0.7626033580604341,0.8045330165735453,0.7765556986243464,0.8384085840944904,0.8998242924397771,0.8459957484363894,0.7591939084612809,0.7898846286751471,0.7944645975680088,0.8213716029417374,0.7313137000134555,0.8176349328792302,0.9126415701932484,0.7916752453068683,0.9118042919629864,0.7603026284697092,0.8552944848650709,0.878817850458141,0.8381737574774328,0.8636835862936925,0.8138286790082059,0.769474638776941,0.8268994209522017,0.792042275921813,0.7646373157642494,0.8754480966845474,0.8573356623114404,0.8122179976998513,0.8160521109529033,0.8052561299235615,0.8294541862231211,0.9061563691278122,0.8036033413988758,0.859940131373099,0.7445697798018445,0.8797093374480814,0.8251820976853113,0.8879368044713437,0.7229010239915593,0.7858166803248757,0.8368279299357875,0.8119111388145233,0.839835979332064,0.8322047126507764,0.793418378622781,0.8270259777591815,0.8681270908722929,0.840936313062211,0.7767729399136545,0.7549570076663432,0.8613060761043593,0.9399482128173163,0.7933851004194095
0.8272776249715869,0.8472136334259193,0.0,0.8197369107834487,0.7789667393634234,0.8358342624247085,0.7939965031973684,0.8574238064592891,0.7582792537192193,0.9277435436926956,0.8827536857436691,0.8301427273246245,0.8940801145351206,0.7308417198915031,0.7876518450842961,0.892623753284119,0.8799080411655048,0.8378324483050266,0.8192549748791511,0.808738666362756,0.9086062037877635,0.9120154903772927,0.8072046743234285,0.8162345411556661,0.9011137888500675,0.7650065803616181,0.8067566710695098,0.8582020754508822,0.7952181374409784,0.7867900686635968,0.7578883172335927,0.8455506561195206,0.798293961596059,0.737064910230168,0.7432155876761315,0.7428544134123566,0.848797932229878,0.769244073495222,0.7339794859928271,0.8427634308173897,0.7671574283230816,0.8382959571008815,0.8049979269234852,0.7639863349510287,0.8404687010753623,0.8141488865636681,0.7771385623574639,0.8225056396371618,0.8452305784528069,0.7894448788937328,0.8416196809829477,0.8071655801159717,0.7167746684132811,0.8647365241180978,0.8107740052257267,0.7512823719254383,0.8113404404564841,0.8544294813540434,0.8165850697944319,0.7587133479867492,0.8548167953714744,0.6598238541418032,0.8200967093732916,0.6964903261730013,0.7174292928798034,0.7671255680874995,0.8023474202652886,0.8353274159686297,0.8666422986889205,0.859980770093143,0.8139720312830667,0.6957162521772561,0.7596466097536227,0.9205688572361167,0.8500490807718057,0.7121758460016522,0.8459768800285096,0.807071745531707,0.7329550570966349,0.628037621451822,0.7733925035986464,0.7895453254898582,0.8355520758535502,0.758288732514207,0.7538953851475821,0.8205454076234782,0.7802865082392251,0.7683930235828152,0.7852401357343761,0.7193046962845077,0.8211963347823248,0.7221000944284613,0.8076907222698303,0.7354699911747431,0.7907483346019734,0.8151983426501045,0.7299508681110399,0.7666442793241213,0.6114116418414319,0.7907165595688695,0.6684152144265467,0.7998765554575943,0.71589078836903,0.8051662659733498,0.7514368028607836,0.824103707579443,0.8243709340300447,0.848327110830543,0.8147318671132293,0.8633478668723255,0.822400048094366,0.7131080873652442,0.800286873438915,0.7577792572472656,0.7357287933498493,0.8201489031868845,0.7533851585868143,0.8425866423307177,0.8482984590377024,0.6711771685252156,0.7143728012452116,0.723273426271955,0.7200317447107448,0.8417937954079123,0.6457413746392937,0.8346813576585567,0.6978205344078307,0.7669779409945562,0.7934410966186373,0.7880476435021495,0.7719401193285299,0.8781520889713448,0.6946072688748746,0.6732684968882928,0.8019622245179474,0.6847891079658246,0.7600835032231289,0.749554103287932,0.8573073431033456,0.7839107201422613,0.7740851555082199,0.7238249210331704,0.8154355958386812,0.775522619518323,0.7797686272138821,0.7536348801581009,0.792438725933354,0.7963236475354539,0.8890061572038804,0.6088556210677928,0.7491464902147918,0.724764365389756,0.8413171495436426,0.8669503929319966,0.8602103512456191,0.8243369102834137,0.852899930933999,0.8727581407003415,0.7301087599043171,0.7508903087182517,0.7623388683895367,0.6951347886858282,0.8314550161254841,0.7720295134260502
0.782441790070551,0.7958567208276155,0.8197369107834487,0.0,0.7610520455139277,0.7863213873600453,0.8372137630506747,0.8062929669211149,0.7097784952819355,0.7675610562210484,0.8556441188661927,0.8051107770619631,0.8124094587317948,0.7423305855455922,0.7918501628838948,0.7815827188543363,0.797506487250769,0.7615502250156103,0.7807835906225864,0.728020907761267,0.841378968039183,0.8115596507657012,0.7961836848071137,0.7932102945814389,0.8056992657372865,0.8387959284242322,0.7966362260928038,0.8142086550071754,0.7580528059783985,0.6814856903995428,0.758637342844922,0.7587407583326775,0.9096592111656633,0.7665643281244306,0.7733452441418003,0.7801857064594107,0.8165285945773322,0.7552790505701652,0.7488361228028521,0.8575026657157292,0.8260051119093649,0.7383949614335183,0.7433380893536446,0.8255844485836703,0.822685638413896,0.7615415089742558,0.7046610763777339,0.8010266723573538,0.8131298126357219,0.760683582980762,0.8576781762535706,0.840402665473424,0.6886195985921463,0.9133388291525867,0.8376974675349343,0.7048772812951027,0.7730465930067526,0.8261142550459651,0.7586251809569445,0.7558904556241695,0.8290049966301328,0.6634538720841644,0.7983756867562677,0.6859829590660862,0.6828565099180492,0.7152453193041425,0.8342991817975599,0.7551391400781712,0.7620593230162973,0.8014717942678585,0.7899433401739256,0.7060296815765419,0.7793727743080588,0.8757897536742258,0.7687451142511245,0.6791408850734385,0.8261495065928889,0.8115326501129126,0.739585479903401,0.627470536737648,0.6993563551269948,0.8149269791486762,0.7418883784708057,0.7428485984588996,0.7801479829623708,0.788355147165837,0.7715192612126711,0.7550355967812591,0.7439272095874774,0.7152868882032595,0.8520567532622653,0.774347021943719,0.7874166473063272,0.7196389431499565,0.8307295530890738,0.807052594890845,0.7125024628007147,0.7767908913123133,0.6479845826758157,0.813034545815889,0.7047260946726926,0.7440146352520085,0.8184808236421152,0.7842586898172429,0.7660474362910376,0.7574400854653043,0.7600158746206422,0.7586336759273556,0.7856130660511463,0.7699241009970696,0.8755851824826185,0.7631743057374604,0.8170955697524976,0.7297625481310819,0.7645123278383256,0.8032667006383847,0.7104928112332927,0.7132728165395641,0.8559516266394434,0.7207828052279365,0.7202886211006103,0.8038287387582952,0.7171262786134103,0.8292132615205906,0.6647683513498852,0.8164593297925489,0.7129239294083466,0.7591724494141786,0.7895454440169177,0.7634814666176104,0.6741819114592708,0.7541609145683908,0.7143413282166146,0.7495261596934414,0.7589062874420669,0.6483552750712335,0.676520346917933,0.8019459240708245,0.8092688454569607,0.7453479216140251,0.8289474496520012,0.6924521812534035,0.8270953930457375,0.7838286839291353,0.7816518506966287,0.7623577636190622,0.7652486487730483,0.7054648404779585,0.7467937884650083,0.5981666534276878,0.8045857211367765,0.7037594683256839,0.7840755648294719,0.7520153078785108,0.8468731828665177,0.7768415377492102,0.7877950335595042,0.835523899739961,0.860977932115742,0.7812227455388447,0.6973293011656375,0.712675801248289,0.7794413353155473,0.7948022682270859
0.8339312701740226,0.766554469181529,0.7789667393634234,0.7610520455139277,0.0,0.6741763465005635,0.8729452496150378,0.693533854074395,0.81428262785588,0.7205443721210357,0.8504681317409656,0.7947483033375252,0.7262714379385224,0.7219912144498482,0.8481741601226428,0.748741580701985,0.7458497474059022,0.8116524731058598,0.7580141712012713,0.7867696385848774,0.8228602530817466,0.8831057536919009,0.83287253227986,0.825292764230792,0.8006103983355903,0.7475943685724669,0.7642789132953745,0.713776326522539,0.7338779591622436,0.7877489455088806,0.7974258084019392,0.7225984495782802,0.7613694575120978,0.692104385501198,0.8376007759593965,0.7573364260038445,0.7978575655276605,0.7667863146200685,0.7845365041645797,0.7958924653693394,0.7686360037644051,0.8034931470170866,0.7940843034891246,0.8442755990494142,0.7540721609544347,0.7055616211712035,0.7551295732515374,0.8227423251340139,0.8892116188705901,0.8111623072217248,0.8126897513839559,0.7429269884843747,0.6740564208685061,0.7975654368270196,0.7876795754589823,0.6908640287034853,0.7841867522074759,0.782446340501145,0.7885654164442136,0.7182699571709399,0.6605017052006859,0.6242394084416479,0.7193854343725217,0.7481379037207596,0.75618233892899,0.6540021090288856,0.7341625006055257,0.7816978884160263,0.7974143903917446,0.7409535891810679,0.8099181937876073,0.7485129317794271,0.7346795495074361,0.7778397228508478,0.6880212052106589,0.6612084987254367,0.7314795388230554,0.8207295090518331,0.6648982540552857,0.5724574765544005,0.6212087406700658,0.8500010516855719,0.7784791152040768,0.6369963034001944,0.7347707165083022,0.7574578793909481,0.6923560355982888,0.7840819358851863,0.6566144304403397,0.6957845637589856,0.8979725551028236,0.7758109252588186,0.8312455364371301,0.6844207835124521,0.8243928764757817,0.7913316717456849,0.6516114959046758,0.7114453097937258,0.6915354434688515,0.6846462802790606,0.7043938713377853,0.6713126351383696,0.7614729579474455,0.7621234008921108,0.7365326345863632,0.7019023151324838,0.6509255058806508,0.7226727875147987,0.7453955277590218,0.7728376518484975,0.8241209745290589,0.8238153974430905,0.6938749540644995,0.6880164919102433,0.6867249305096438,0.7284436389788501,0.6621212356082492,0.8695187931851511,0.7231024478419936,0.6662093887303482,0.8558103050852557,0.6600202061455354,0.7073372598190968,0.784802332872717,0.7632787203801789,0.7321489172064188,0.652830062555394,0.7243415090255839,0.6953446411216319,0.7911732265198642,0.6860504510622227,0.7018132831115351,0.6380938047669436,0.7540090411152675,0.800440613107718,0.7483736864622936,0.7309359764965248,0.8439118567969338,0.8165281479056007,0.8095065984891837,0.7147191690833264,0.70440431594783,0.808326224301935,0.8079430783388792,0.8074732710290075,0.805283124005895,0.8565928874196582,0.6238953065525215,0.7802593081944904,0.5825235162882976,0.7992844973532774,0.6873388726918718,0.8654224184153105,0.7824380726113477,0.7623733156300695,0.7709649533091583,0.749414848051882,0.7172867517869599,0.7942717422823898,0.6985221554145634,0.6180347781586704,0.7341779321780936,0.7902128597106124,0.8978031711853208
0.8258672225152034,0.8926635920356962,0.8358342624247085,0.7863213873600453,0.6741763465005635,0.0,0.7054022908858238,0.8821844615234982,0.7967955698017116,0.825364914692547,0.7889781669887155,0.8403133934062093,0.8889083959180073,0.7904924974068155,0.7020108665492495,0.8865104461931584,0.8587611957303204,0.7292007751814317,0.8155585069462843,0.8111412498526768,0.8208370150133278,0.7588392091093461,0.6967252303307647,0.7074469790685886,0.8351743435447919,0.7455987630267679,0.7422968835648625,0.8373121059209745,0.8127577107467376,0.7964183911019752,0.8192889431095944,0.9010351870735075,0.8361451311113387,0.8039490201327559,0.7882934992560384,0.8016710224197128,0.832180330442335,0.8209729443695519,0.736589355051127,0.7457944357327154,0.7958573316058818,0.7720733542446382,0.7227502642364677,0.7919754180884923,0.8457605230065763,0.8073365829849847,0.8041917280407929,0.7842610751464278,0.7397027716290272,0.7825896313475462,0.8093417501512566,0.8794071303741655,0.772663633611399,0.84033825860055,0.8149734573596973,0.8781975681850833,0.8136583716774608,0.8769947707163973,0.6956689962307687,0.8284554232931152,0.8894825170040453,0.7925287888170965,0.8405467072926369,0.7203192427200165,0.6782236454889184,0.774650710545034,0.7767881845235097,0.75514595513079,0.7299081240992139,0.7946104033466662,0.8081706515372993,0.7470682824975606,0.7804491331825353,0.8185887598627697,0.9096957370214567,0.8167772030965319,0.7669559494301129,0.7976742596884618,0.784502508928526,0.8154896385537754,0.8662293430294291,0.7629902775515327,0.8393972309341422,0.8782187916004918,0.816767813671077,0.8758000424340513,0.8301899112549291,0.7451572048030781,0.8912999972332035,0.804436111916695,0.7777157013953746,0.819663447941544,0.809337986386911,0.8227265314375226,0.7742249602841359,0.8524877951176454,0.8264370254411617,0.8652385182872847,0.7106438316829026,0.8575292923243257,0.761537441759645,0.7275908193722052,0.697182265423091,0.7536473929706268,0.8378343668253759,0.8481896926855745,0.8360784349417324,0.810391075788319,0.7901107131953831,0.8051764088849722,0.7865865488489874,0.7225133955299521,0.8780304002116676,0.8075556965063719,0.8270176978987316,0.8670115377995522,0.8610500934917206,0.6947401557200769,0.8220743872986762,0.8038356854475116,0.7146797081027846,0.8099290858976141,0.8102062160878726,0.8710879751231815,0.726447583499934,0.8750471432734062,0.7858108738295086,0.8260653019093391,0.8653710326818566,0.7426359779680423,0.8684001193163052,0.9014856360090499,0.8009171586314312,0.7878166538285559,0.733067487330315,0.6850628676356878,0.806409548823717,0.7310540672279761,0.7091356943305692,0.7611522068842436,0.7861726074127684,0.8247468742628614,0.8398593969290524,0.7806830815797043,0.8001068883012823,0.7247768568274168,0.8070418016582324,0.8135417694591742,0.8433532973424631,0.7279180494861197,0.7747879207273684,0.799917024980723,0.7331327699633884,0.7386413412006055,0.8303834752499242,0.7679601629242637,0.7701981147023097,0.8913701282923174,0.7451188046367444,0.827303101190281,0.73433321107794,0.8326165724299307,0.8959652421923485,0.726790935310466
0.814653593542869,0.7988426324962771,0.7939965031973684,0.8372137630506747,0.8729452496150378,0.7054022908858238,0.0,0.6999881434181504,0.7387131836950837,0.8043203044538986,0.790029074601709,0.7822304686136257,0.7746321110740847,0.7442157457407588,0.8527964981129055,0.7265302863489816,0.7400817604871995,0.7950647166380828,0.7194796227002092,0.7407734674663174,0.8150744688665421,0.8404961789804047,0.8719710891397873,0.8525328396418546,0.83499487895364,0.8001956441677445,0.7659164590354046,0.7184415128998586,0.7455739179960951,0.701198068665685,0.7793064419412058,0.7562233357379431,0.818760909043075,0.7454933801408534,0.8064638121328974,0.7522705909979093,0.8322040762946864,0.6986677352806201,0.7226203701619387,0.8811485680024894,0.7649584098072478,0.7975931188837754,0.7653843637650405,0.8417212306317956,0.800052826585734,0.7539569663587267,0.8050992163346973,0.8057038703467303,0.9247235891777545,0.7730819948678334,0.8476267861525453,0.772470856405507,0.6737804973631171,0.834401790327936,0.7961575208256977,0.7522546740765145,0.7463376491090901,0.7253563977962408,0.8605983619380196,0.7304576746673491,0.6948308690533676,0.6390879326427986,0.7040390184435692,0.7208674201434461,0.7414613779288792,0.6876399986841317,0.8362803356104387,0.8455650449590384,0.7727792282758676,0.7126811191346897,0.8170799082493214,0.7380467979324061,0.7547775861130201,0.8378548472022361,0.6616625556105256,0.7084082147327414,0.7822819667833473,0.8648301089620082,0.6616250534464007,0.5947472304143863,0.6527363053304308,0.8361974635448197,0.7855891227734824,0.6360836809122425,0.729622086409464,0.7401520402593184,0.6859328937086597,0.8128930510080007,0.7060547389869529,0.7271135406435352,0.8508066997480034,0.8292789720849618,0.7917044130820546,0.6955527451117175,0.837656358913524,0.8285984670352589,0.6422026305587256,0.7731447264609154,0.671605110369205,0.783864389180464,0.7030021366799027,0.6820358694388323,0.8304826920837064,0.7928723467997401,0.7181387636994538,0.7352110656526729,0.6877455161278196,0.7371074880439041,0.8186678130207246,0.8380223086557215,0.881947283804865,0.7715695649424693,0.770057842904619,0.6397717660845562,0.6979069935317219,0.7442518013224954,0.691789109024921,0.8128368478003116,0.7912775040812824,0.6728264416423358,0.764607029408915,0.6632280268113484,0.716072342448691,0.8354745419694752,0.7058740040451649,0.7658157085550683,0.6930035237763557,0.7395869518393927,0.72776126020005,0.8039524936767921,0.6706508513560142,0.6671091348072832,0.6241308912073356,0.6945604910061755,0.7597130138869546,0.7109462960870929,0.7111420530504619,0.8545651286180823,0.8181842277875939,0.7418114915612504,0.7625030051348115,0.6923381574793664,0.8604766765647125,0.7642511636631613,0.7950380408170483,0.8674049221855153,0.7919583413480634,0.6763569091153278,0.7806488934995212,0.553909997048692,0.7633198802846315,0.682797150046331,0.7621132948991236,0.877970238023104,0.7924112382230545,0.7857632507061905,0.7660026517396138,0.7941083200542757,0.84406024231969,0.7455370411599159,0.7025479944833936,0.7159879047702886,0.8068637361747286,0.7985373581270764
0.8198898556545524,0.8299430149588246,0.8574238064592891,0.8062929669211149,0.693533854074395,0.8821844615234982,0.6999881434181504,0.0,0.8218312801342452,0.7953069275743031,0.8251783326390971,0.8579149137168085,0.8946019374219571,0.7358465666098489,0.7640050685794679,0.9018748454674078,0.8213141308766179,0.7662876761028904,0.8102881836091659,0.8174692041776797,0.8243912870742587,0.7978720005945455,0.7352284367742555,0.7435767987360431,0.8395084318337251,0.7953497750351116,0.8169882799998458,0.8342701476151613,0.7432668155061071,0.8208255098349275,0.8500847705249294,0.8443836987261233,0.8393142859773042,0.7879274153037937,0.7545335905347303,0.7805152295368546,0.8758467692034151,0.8389286360166376,0.7950164851853622,0.7623802515671985,0.7875844525943266,0.7340430998851261,0.7963164618688818,0.7576222027083321,0.904082216707616,0.8479595030449634,0.7509147965885474,0.7930531922395652,0.7551539035500802,0.7883620942301511,0.8178883097722304,0.8165429292814087,0.7071384264044271,0.8304731449172682,0.817399061012562,0.7804915011967405,0.8208610306916977,0.913596978065284,0.6837349909252386,0.8115570047297079,0.9213777949153878,0.73575677398024,0.8449260702406197,0.6873831317419266,0.6748896928982894,0.776420434448839,0.8027355661247918,0.7843271814569828,0.7762507340339403,0.9155384457419384,0.8344092313470294,0.7204432235628484,0.7272577850772765,0.852126177190897,0.8850347553808042,0.7478232685142562,0.8318011694909954,0.7795732203902168,0.8521708811784418,0.6754334568530533,0.7535539460780363,0.7962550321715722,0.8458186110222256,0.8592975729487015,0.7772574112239237,0.9030764104490493,0.8986053929316853,0.7596260869333143,0.8725274867334005,0.8234058448266665,0.7939461908669466,0.7591987916091503,0.7915581977429569,0.7664648470640506,0.7360202613254301,0.8396180255392074,0.8194843892262429,0.7911274171015993,0.6472710970691484,0.8218628158334349,0.7325658172977758,0.8555975968293218,0.7096695813757572,0.764766589477976,0.8183193650150602,0.8774920163520936,0.8437986735279388,0.7952974928229153,0.7893163241657748,0.7722706418952333,0.7623332419703183,0.731454852063006,0.7988045883896432,0.8328613534868892,0.8105051404127287,0.8484578935333447,0.7591252239096571,0.7376782278918401,0.7394393917043113,0.7386221327705286,0.7190075980611914,0.8942996076259321,0.7238233847977948,0.8584962377504668,0.6589241625184146,0.8729973314354741,0.7191997122087481,0.8765430393689415,0.7980175646962733,0.7832996833889574,0.8156343135579366,0.8883012081832148,0.829847277929322,0.7469499505109569,0.7811284911807306,0.6604610547357982,0.8074243098040109,0.7509982078787779,0.7961613680523237,0.8593520009672782,0.7810845653266143,0.7463411757106053,0.7949218971651288,0.7611357448602533,0.7964470948848408,0.7295891029443609,0.8414427346035148,0.8012079598249697,0.8293921851259105,0.6594147956241317,0.8292410758467127,0.7173778533841093,0.7789151045767448,0.7678335639436064,0.8575614886647718,0.8632972204061605,0.8122183696022123,0.8901752120085082,0.7189521093026876,0.7658070331167721,0.6897478855043189,0.7320883767271855,0.8787707434805724,0.7480140710317587
0.8904458675372386,0.8384965137753341,0.7582792537192193,0.7097784952819355,0.81428262785588,0.7967955698017116,0.7387131836950837,0.8218312801342452,0.0,0.7202906350157923,0.8004333757801256,0.8200370205731516,0.7929763672391766,0.7532784989867424,0.7983448748776975,0.7977117298312131,0.7577385172466241,0.7949721499034998,0.784872665831143,0.8545196175076123,0.7745547132999311,0.838043033578145,0.7356276923613162,0.751835934162592,0.8056348419074104,0.6968355702709037,0.7789044543138892,0.7524313321977428,0.7191738581983634,0.9144768658721569,0.8887570339901494,0.7790598036980183,0.7725022401099537,0.7106652121125894,0.8436019947568538,0.7552208118397341,0.8317879677129599,0.834399328450558,0.7906860582312333,0.7232580614948291,0.7566900751432286,0.8172521126220319,0.7530211508752707,0.7827785290771463,0.7991602098495175,0.7554637019780153,0.7747957464469796,0.7661406618061074,0.781116177130691,0.8053631704813422,0.773772801448217,0.7650299819944749,0.7317309356327495,0.7589287271985742,0.7490683200544709,0.8246905434064907,0.8213630368131115,0.8374667078638938,0.6921952605111302,0.7772133300222529,0.7459911027777144,0.7018197562247999,0.7563110776653635,0.7234491357747433,0.7351821037657448,0.6984144210035622,0.73834047808711,0.781111354296567,0.7484781288385027,0.8161275612562611,0.8485125014937853,0.7643636281383092,0.7280801695958956,0.7508653962622424,0.7999934559914355,0.7497683123314975,0.7049411706047393,0.7658144650351799,0.7320918450980264,0.6563288188180644,0.6911625810947858,0.8625846538302046,0.8881778842856626,0.7410626327021861,0.7458707351894545,0.8741454275522279,0.7921435061563613,0.7641432843066347,0.7714259304805623,0.844236830456563,0.8288585854152777,0.8136210472349321,0.8049938898213279,0.7601044277782906,0.7814914638772202,0.8332212236674559,0.7548057440610267,0.7530882509089416,0.7166518362467844,0.7318063724077839,0.7509551429934797,0.6869086909605391,0.6702044255614664,0.7229920101422118,0.8012415008031635,0.7646038320230406,0.68400593074787,0.749948763562132,0.7363502001054689,0.7635375437762271,0.7338532588541133,0.768431797710904,0.7391774201806915,0.7859797910735928,0.7470450291646571,0.8136802268019515,0.7374387755467688,0.7662730894049774,0.6570037076434789,0.7450823675665529,0.8170136318930146,0.7423405537483498,0.7413176993412959,0.8293273809939828,0.808272672486369,0.7664399646933672,0.6900283799802472,0.7997653515726622,0.7049129217308919,0.7746428131710734,0.8607731157623627,0.7916686304732784,0.7606691918337362,0.8382110654243492,0.778698426702485,0.7447088899063601,0.830919259349131,0.7833111154659436,0.7399036118686882,0.8579945045822752,0.7262754709073197,0.7574836728545142,0.8362006422601577,0.7848852295222621,0.7903204739735593,0.7455385924339905,0.9397156166604967,0.6922543660406285,0.7984972618544134,0.6466315516503326,0.8368485124525927,0.7388832220592082,0.8209398324978227,0.7411955556065696,0.7606074496794691,0.8313085790249066,0.7868319234539155,0.7749313101123912,0.7486509183388967,0.7144813979232956,0.6217953104787607,0.823086693589686,0.8910479940008134,0.863509900429359
0.785086218098346,0.858715411880173,0.9277435436926956,0.7675610562210484,0.7205443721210357,0.825364914692547,0.8043203044538986,0.7953069275743031,0.7202906350157923,0.0,0.7907447561754846,0.8036129033861663,0.858645265443876,0.7285528719470797,0.7505577030226483,0.8334295586330086,0.8244415754507297,0.7915437046131439,0.7613613985180331,0.7578743039734417,0.8112845308977199,0.8266933229216957,0.808518433507664,0.7713566433790701,0.9036837035679254,0.7173594982986469,0.7839972319474852,0.8111507800969372,0.8329478213234803,0.765070811330648,0.7418622514580588,0.8304500194739549,0.782735428757258,0.7313593696662264,0.7263835970994436,0.716676775984258,0.8153013461113175,0.7220435049389016,0.6728172577362636,0.8155484332053397,0.7426807317400734,0.8048367869358306,0.7411638075720095,0.7379700237313217,0.8054042228169876,0.7860839795166653,0.8069458767682147,0.7691306442252035,0.8278742808301073,0.7275817943731562,0.7738244488950383,0.7661286710650742,0.6999692969385415,0.7972122337535974,0.7742459851119663,0.7934916708408507,0.7368326488155967,0.7822352242921691,0.7965785956068113,0.732355376698291,0.7791802469679441,0.6524918166721996,0.7421074029204726,0.6832297408347958,0.6694451539945441,0.7154108970371781,0.7610822267319789,0.8106163926235197,0.8090959499770787,0.781227093299392,0.7508819090367415,0.691656564048097,0.7073593435379552,0.8363653794389647,0.7879457190113958,0.745255439463791,0.758219910570493,0.8147919556761644,0.6953245721182365,0.6485245835090538,0.7801604621134309,0.7123400250692368,0.8411828040846263,0.7374093948985494,0.699712928749117,0.78493542718538,0.7136688091061778,0.740288802789279,0.8003000709790208,0.7141609327841164,0.7556323946422479,0.7355518230923609,0.7747456228511732,0.7050164371040528,0.7339928488837505,0.8415949761521341,0.6686757012267124,0.7926924298745192,0.6101254684036592,0.789308446064161,0.6675621779117793,0.7100373793195273,0.6942357307077979,0.841892346504631,0.7085544689651082,0.7922093174591451,0.7635207070575847,0.8546138805569907,0.816625103342838,0.8522474647578689,0.7727592875597024,0.6579305441072225,0.7709136649771667,0.7113976595966696,0.7147003368018913,0.7925217134123197,0.778926050125641,0.8033267104461949,0.8247516941274046,0.6762505266406448,0.6637320596822083,0.6784108921403835,0.7048407507903865,0.8248798453628798,0.6326536458343925,0.8444450540743599,0.6769570166030244,0.7380333514125224,0.7967245649181424,0.7634250928593914,0.7916759808987667,0.7718322627778665,0.6553485778876447,0.6307638880103511,0.7204775670615584,0.6644040905891021,0.7719819823425936,0.7335039351598327,0.8102390979022341,0.7307193317153071,0.779432123040903,0.716060976632966,0.7851600577366903,0.7112529364586778,0.7521830580092345,0.7460252161967543,0.7375118769288577,0.8221983124432665,0.9040569677782222,0.6081589730054429,0.6840716192401476,0.751503587829608,0.7303112988341272,0.8789446275516476,0.8430214661578221,0.7634688978121493,0.7923545749918024,0.8730766947187507,0.7300295280533786,0.7298887088206848,0.8126835162530422,0.7066464017241247,0.8359872362350237,0.6950189517416111
0.8512570150727714,0.8174238967844615,0.8827536857436691,0.8556441188661927,0.8504681317409656,0.7889781669887155,0.790029074601709,0.8251783326390971,0.8004333757801256,0.7907447561754846,0.0,0.849926411253907,0.8468431263515738,0.759445154162651,0.8006627584932222,0.8807995351170749,0.8430932496056657,0.8123541057560535,0.8211032249135429,0.8371681455763218,0.8817738215392635,0.9141545269067258,0.8099837401880223,0.8276784118423051,0.8739840209412654,0.8125737489036958,0.8338406611038568,0.8500188498888326,0.8102818109895896,0.7838276912554187,0.8051728295013256,0.7940088989951835,0.8127710850054285,0.7525921880951534,0.831256228305614,0.7878833866750469,0.8874553065096144,0.845952851496889,0.8230260848273837,0.8244389648017385,0.7912770019223225,0.8052385451150925,0.8002885529178665,0.850936368335667,0.8342253018727399,0.7402234514240297,0.7001288509312027,0.9123337730111246,0.8688669465242455,0.8029938476589973,0.8282802963198561,0.7911184457400686,0.6763516760636649,0.8790213673940158,0.868182544614096,0.7098216999572552,0.8248342148226075,0.887827652773592,0.7657180375132281,0.7537054047891125,0.8346454923095006,0.6493884649552419,0.8006177293908335,0.7448838069125286,0.70221901619345,0.7097390255592899,0.8174394369893667,0.7816014066436249,0.8403331354853646,0.8738557998457354,0.8199569281079147,0.7447422055274564,0.8014937751272648,0.8626734037367793,0.8195082132045965,0.6811437773709706,0.8360437149322065,0.8251591271193273,0.7369126343824588,0.6437270564285154,0.6959006521974369,0.81502408233503,0.7899049083984907,0.7711966722937699,0.78777444212264,0.8329687533838409,0.8432637214502644,0.762818560343802,0.7253968057818986,0.7363784187751761,0.8771433059985049,0.7355898117148961,0.8377029794335434,0.7305707331215028,0.8305185236029269,0.8346793611354612,0.7238853012082366,0.7485898925116079,0.6693108123555492,0.7418145106303362,0.7474412929168749,0.7759718682839145,0.7428328771296296,0.7745889773003604,0.780310735768054,0.76028116118548,0.7399402926239234,0.8141120083539974,0.7476703351438544,0.830262152469724,0.8608625852556806,0.8066194490634143,0.7972856779689955,0.8200351969463626,0.7444859760764585,0.8006396942086825,0.7048070064162715,0.8538921697548344,0.822635618925382,0.7156791265080628,0.808879796397661,0.757602254065557,0.7650152197809604,0.818748208803126,0.7487921258708427,0.8297799104619527,0.6765841303239251,0.7812238651672212,0.7901703119149707,0.7937031515577261,0.7317567732236157,0.8291746925005858,0.781458308102692,0.7919084962744478,0.8758933822706286,0.7066664827832058,0.7539854861580833,0.8115382439065262,0.8819472707631072,0.8186038891881466,0.7816518281830546,0.753777309520593,0.7962011102067069,0.8304103418566335,0.8735953113563935,0.7600343404039042,0.8309862568553908,0.6798240463806041,0.8402275564433698,0.6382842113295655,0.8582161213480998,0.7093543882218941,0.8984331744715398,0.7528001575565443,0.8404194231993365,0.8465196353904207,0.8748874799576277,0.8057365587678488,0.8235184390518722,0.7653162102261121,0.6530804832064876,0.7583250067897208,0.8064265878379036,0.9079142627705203
0.796507628450652,0.8736045845576205,0.8301427273246245,0.8051107770619631,0.7947483033375252,0.8403133934062093,0.7822304686136257,0.8579149137168085,0.8200370205731516,0.8036129033861663,0.849926411253907,0.0,0.7856402523598076,0.7108396254859674,0.782025870663365,0.8424677116055592,0.7879241834506259,0.7092948310478422,0.8634613109921404,0.8133313348899961,0.8602429329834466,0.8200203019729181,0.8055748589031213,0.8191575658083677,0.8883649707847113,0.7701724944829261,0.7771330433211046,0.7821161759090159,0.8046433574641301,0.8264496739123519,0.8870007484838659,0.7925770649014509,0.8286622664755986,0.8356304075239144,0.8129091911693171,0.8127276282279788,0.8420586934198028,0.8018734970774596,0.863226316975518,0.7583652504603818,0.8219841136877896,0.7925764436888368,0.7509593115215535,0.8477427415698383,0.8604999410729707,0.7492827581370037,0.7560398832755902,0.8385174533871127,0.8094115463147467,0.7670252527350687,0.782305639945193,0.8025299575386695,0.6574170361259275,0.8584723494292696,0.8405319579912626,0.8032680470110407,0.7817153117330555,0.9143994186607298,0.6788301517698062,0.7680266179841894,0.779657297266973,0.6692836297949578,0.7401357166907686,0.7307032966292997,0.655057963506969,0.6686089744993627,0.7566144428128321,0.7233636245421458,0.7059051465642037,0.792471780229047,0.7765676448153471,0.7175679777026394,0.7100972777975993,0.7814552914716976,0.7784519840754576,0.6933295809809982,0.7522661088325546,0.8466604799328951,0.7563046888492785,0.6515638944343805,0.6872061267239232,0.800074792851224,0.8401460698287385,0.7469767679753991,0.7645626121024344,0.873453592483186,0.7998109363841821,0.707710607534953,0.7610294573736259,0.8372880663519439,0.8017104990303467,0.8308143851428135,0.8067620572893232,0.715509976509683,0.7283384432261338,0.909380756553966,0.7340757455470326,0.8674345022209597,0.6861117377176917,0.757652092986694,0.7454787740147205,0.7327653151650352,0.7361290104690461,0.8548870035419815,0.7598519509405314,0.7862406789145182,0.7378267656652288,0.8310783731290124,0.7495267469391353,0.856551404416755,0.8674315601229461,0.7719692920430109,0.7388634538923026,0.7681705846124838,0.7325846453069793,0.8069834089221013,0.7373589309208509,0.7884991650243481,0.7759320835264352,0.7271143062921309,0.7607596603966558,0.7584418427733133,0.7691827894220091,0.8411247773410765,0.7107512806766578,0.8759509489279089,0.6814554488904148,0.8501227898564989,0.8319844693676983,0.7321207018305771,0.794584851473856,0.7822166846868447,0.7186129708610114,0.8004317535085982,0.8283381066496289,0.6606617523725624,0.8210761357652088,0.7877108823591604,0.807232666517482,0.8514295503023457,0.7334194579414369,0.7553838006802174,0.8087458318455071,0.7888168868052586,0.8610280307748382,0.7729617268448293,0.9014290399036546,0.6982157535964452,0.8827252077282196,0.6763601644490821,0.835535739707755,0.708068747455463,0.8107940611022706,0.7804876616871348,0.9286544066830416,0.80576065409647,0.7692069016257187,0.8688325530156715,0.7503509804607261,0.7065531383229173,0.6215557898572913,0.76539083871469,0.8934025681936415,0.8070371425525035
