0,1,2,3,4,5,6,7,8,9,10,11,12,13,14,15,16,17,18,19,20,21,22,23,24,25,26,27,28,29,30,31,32,33,34,35,36,37,38,39,40,41,42,43,44,45,46,47,48,49,50,51,52,53,54,55,56,57,58,59,60,61,62,63,64,65,66,67,68,69,70,71,72,73,74,75,76,77,78,79,80,81,82,83,84,85,86,87,88,89,90,91,92,93,94,95,96,97,98,99,100,101,102,103,104,105,106,107,108,109,110,111,112,113,114,115,116,117,118,119,120,121,122,123,124,125,126,127,128,129,130,131,132,133,134,135,136,137,138,139,140,141,142,143,144,145,146,147,148,149,150,151,152,153,154,155,156,157,158,159,160,161,162,163
0.0,0.2743658945907431,0.227001289864361,0.2796809756437597,0.26940483268794874,0.27577493411721676,0.2857298300701923,0.28510931882244667,0.3934721076286624,0.2248176699408513,0.27126041911137805,0.21892088658259368,0.3959858671505648,0.29230947197600593,0.32587675721989007,0.2794956770821359,0.31138605679517584,0.44672720053114356,0.2706600258057848,0.4368891225790096,0.2810604120212865,0.26748890224692323,0.26582588617887254,0.29549098362335974,0.29120809176938817,0.27230377343350665,0.24083584101860894,0.30770851796414206,0.19992655718114524,0.27959609033559657,0.30668430277537606,0.30153331965975744,0.3157990839177077,0.2460532321470066,0.3530743740667562,0.2318854470523044,0.3430632439678006,0.3092446369626015,0.21808690451295604,0.38297297141020126,0.29719057551533684,0.27641821497092456,0.344750548939747,0.3169178143537178,0.30152151194040994,0.395547895490743,0.2873072219185933,0.2665755945044586,0.32032447220848953,0.3590661243490195,0.37811797337333813,0.38082596035282723,0.2637295457526166,0.2533513258862076,0.2335763754544685,0.29865274045100687,0.47072904657793446,0.26235846199467655,0.33798003053590536,0.33151643480424475,0.2809808348821586,0.25895743533580406,0.33772532686326584,0.22123727312847075,0.32511430231456034,0.354216546055837,0.33230559085527067,0.36118703439570615,0.2815542448935083,0.31451982721501887,0.5181827632403909,0.3384030140622164,0.31077486087804956,0.3245537648965765,0.2986466710458824,0.3253019007234529,0.25689495129139966,0.24565152720800895,0.3621979242825216,0.2856914259518092,0.2977113881008293,0.3495078470058001,0.3304916231176964,0.2918084061828346,0.3235389491201345,0.3574866242552782,0.30179784822479244,0.38596442822311594,0.32233714418399395,0.2872980419342601,0.36403557580962914,0.30722733178984013,0.3053140047003931,0.35514761263507916,0.3456611503173147,0.24497698183745806,0.24380279229997434,0.26528323324516284,0.2346683901102245,0.36896776639401385,0.2642753091847671,0.2502252990236001,0.286146189357879,0.22491450913620548,0.38721194899972705,0.36941506791962564,0.2868029612725054,0.27827142911377656,0.3496141850745294,0.26389225011783474,0.2614413614169744,0.313518551589059,0.3387730899276385,0.2469472656083105,0.3317930719894732,0.3539105765444718,0.3433657685465261,0.23046008842405485,0.23883320484935588,0.235411798688897,0.3324241979463109,0.2639946149740165,0.31751308977361326,0.4235454378900971,0.32157081195601167,0.25363758266219916,0.24195290524439136,0.2329442372227226,0.2180895202408704,0.3661638908234732,0.26217118999180666,0.28804050797610564,0.28350363809305384,0.2865904061678321,0.2463820931791008,0.30614749925738105,0.32855856334668404,0.33705123708471,0.27998064873298156,0.328586065666957,0.28426637024875284,0.2398317782503492,0.352366073954629,0.24536051859031008,0.2726153387914608,0.31525302954960577,0.290380286209883,0.25912211389064765,0.2669434893580226,0.16239750237841336,0.42293271139005884,0.28643598101366535,0.2731385778267434,0.2402933451325073,0.2721415225149446,0.3667945894481193,0.31034129542615485,0.30404091017581564,0.37391037142620615,0.3034164325958075,0.2374920179996208,0.4178458908460947,0.25174383260735567,0.38058606225856617
0.2743658945907431,0.0,0.3251107514984884,0.2680058588216341,0.22535819848476626,0.452002992544947,0.2525686049979978,0.39192121898679116,0.2662541416265756,0.31615782095332023,0.30111828191069895,0.336660372914728,0.32400306383088845,0.2880419892025549,0.2882786168945957,0.34916790147055476,0.3331309659347474,0.24479478923640643,0.35126174916413905,0.34650290176166776,0.31669630998721887,0.3860034933121524,0.22961483338294972,0.2893801856186714,0.3476102799350829,0.21703768591324024,0.23594226177576963,0.29267835079117455,0.3047417789428417,0.2584491602048841,0.3478100995153265,0.38642416609759167,0.38476291816855396,0.251358559346818,0.2878569025715932,0.2998611224227675,0.2792083741931332,0.29870071474145105,0.3129226977265521,0.29565845957560055,0.3530537162622847,0.2682747096587345,0.2548611066069675,0.29526498342839397,0.38356380873624407,0.25475515230080326,0.27431730989077263,0.2887175557072296,0.2698588146500855,0.306986428289846,0.30752611333813074,0.2897163299861232,0.24482083636832616,0.39228661786267466,0.33165916554612584,0.2905379578172147,0.296778891603508,0.30935933398732024,0.31901456104495163,0.30832119550641246,0.3693106867427375,0.2089813907885824,0.26191278265164014,0.24109375062677252,0.22247870642514553,0.24293580898655875,0.2552210063526614,0.2660598712758473,0.2738488419731305,0.2973803918222992,0.2854854353513155,0.27173599542420396,0.23947785506962846,0.31544379764305525,0.3565705477989525,0.23506802515842223,0.25208953273238305,0.28227784227796276,0.24939353843067175,0.23482677925424475,0.2579610230956009,0.25377826254391866,0.36352347280628255,0.2748145958369708,0.2524433616699978,0.37133736820105917,0.2574080418918566,0.25593417943608937,0.2619604231697332,0.266370940756246,0.23878801361493016,0.2902511177717247,0.36258028202622883,0.260396780819288,0.2648235987189119,0.36299351073854136,0.29251413298468243,0.3128449232009758,0.19349322374984465,0.29648656736481466,0.2574352300521162,0.27211558239803235,0.20775861853808084,0.2936866167043909,0.28575938665293105,0.2851606572806064,0.2987507478037173,0.30532534183052606,0.2917411651845809,0.35958177240746436,0.2824060633025344,0.22378469551534463,0.27140773975555516,0.23517867862738892,0.2505132324940239,0.32416609156372284,0.27770391856067406,0.24517070220290993,0.3300030481942543,0.20674347535695792,0.24951668106255454,0.23205752282923442,0.26697584186591233,0.33085956359053315,0.24086023643159907,0.40272364089699575,0.2348510907825495,0.3099161379887988,0.35388104654480407,0.2695721274676225,0.312770947321375,0.31934322425199396,0.22807284668811048,0.2543601398220788,0.30367159387915527,0.22655918669299696,0.30201701265870207,0.2730955472314879,0.31494926534399176,0.27489844907137784,0.27578347374851736,0.3128936131739102,0.322669020620672,0.2860066155747021,0.2922644815747837,0.23199611057139988,0.30753445730025414,0.2660283317031101,0.3757218393614998,0.20944933439426078,0.2507526850361462,0.29474570180778603,0.26006152301767055,0.3299275839284933,0.30321560320664004,0.28709188514487666,0.28034839644076454,0.30629864104302235,0.2604854145900247,0.2423732872906116,0.22740241716495846,0.3022196349328768,0.2120949931475509,0.23321079675893502
0.227001289864361,0.3251107514984884,0.0,0.25813871113964343,0.22682576917152378,0.3063850684739631,0.23009000694402162,0.333630469526572,0.2261937639297335,0.4197789505540815,0.2805675987793252,0.2969635782212865,0.2749785885667159,0.2174518747900509,0.2461755462958058,0.3305766439568215,0.3115071741055125,0.22850644872659653,0.2858359908065508,0.2453750896755227,0.32037535271041734,0.3699036882320132,0.21739070937918825,0.2534636824908094,0.31658573997639666,0.20644641017342197,0.2125586700042011,0.2692366228108695,0.2700786468721009,0.2307595102618105,0.24643810990997048,0.2914616021357286,0.2536516800124709,0.2137282277543448,0.21327505987645298,0.23935859446079122,0.24282475726648312,0.2426478420058013,0.24290313969053065,0.2702175028480986,0.2536477831426496,0.27824046066131264,0.23824990394478487,0.24040502345215367,0.27890714153792573,0.2225695753441543,0.21036862517644228,0.2638741102296951,0.24858242523141386,0.23304578475256804,0.2593040993401185,0.2446583339053576,0.17885425208965633,0.3065259835905558,0.2769670378341711,0.23155710870897567,0.23563661964316318,0.2913362601329746,0.2704229742465199,0.219566953174027,0.2830081194090998,0.17983645337883883,0.24701825699796592,0.20659913698923113,0.19801520377015677,0.2184597171344993,0.2238271298209327,0.24331304418042085,0.27524641482451556,0.3021765885795041,0.24491676318964192,0.1957569115171467,0.22124297496614154,0.3395287219818628,0.2955005000602214,0.17478181084435945,0.2578694386623598,0.23257026561993158,0.20491859215557268,0.18535167634761562,0.24603564217604262,0.24435787168736567,0.27017868783301174,0.22885681916456838,0.22633994078946762,0.2839651498288087,0.2300075244365968,0.20565734129898156,0.2139864768010409,0.1992134064095286,0.22593416251972526,0.21494711044457526,0.2508781248724952,0.18739278632046424,0.23683427394695952,0.2795846535731829,0.21437319361832732,0.26715694558611675,0.1643632697257351,0.2360457482393004,0.1880439536982182,0.2937901078541749,0.200443985330078,0.3548943688425929,0.21827524563857334,0.25332747494156993,0.2634442907259125,0.2840181725517563,0.2297850798314771,0.3069625840391315,0.2510042089161979,0.19443051093760605,0.24039944326152993,0.21688021036440874,0.1877783088637239,0.25958856493796273,0.21921492550302926,0.3111258590240145,0.3279789705848153,0.19275268172616308,0.20462496012784592,0.21326674555201702,0.20883028331146627,0.25975065951409554,0.1838208956670855,0.32671476073204353,0.209593489101947,0.23181618891503725,0.33171648370103746,0.22536669264262418,0.26171641967715836,0.3530310469909096,0.1862218636407786,0.1921317743067178,0.27533280199316695,0.18908388372942966,0.2074557244205599,0.21332673918126288,0.2931322013665474,0.2491954337386103,0.22308203368298307,0.24011835686579397,0.24738136636157076,0.24776257545798208,0.23113544432242655,0.19913582974613375,0.2627689088101837,0.2427822335062587,0.3992155676071715,0.19694974342610808,0.21383288878897586,0.21555730896617215,0.24355661099725986,0.3130451742768732,0.3121086783898269,0.2554420973524008,0.26590982978673955,0.2903856252697119,0.19770861605682494,0.2133769438563132,0.23366122529974456,0.20428866897114104,0.2228118317057667,0.2214100647089829
0.2796809756437597,0.2680058588216341,0.25813871113964343,0.0,0.3087735585527743,0.25891484660359737,0.37173728230808356,0.31815035132864844,0.2838111190804349,0.23282981358304528,0.31756707718056026,0.28297517043436127,0.29139132874825197,0.28323930897280186,0.2861336122007089,0.29445908136121685,0.3529287921681615,0.28288411068403646,0.2903141612543601,0.2871635222502143,0.3992115607235946,0.27903427986749063,0.3461787213583067,0.3066789374175331,0.29973309867131176,0.3202636868778202,0.32172663657603845,0.3312954059266018,0.20411069676142346,0.272019130295134,0.2758584690646221,0.2738541308038536,0.3378510195845359,0.3346769292579416,0.2916785214074529,0.2826080049875235,0.3259816696011371,0.3200070997015658,0.2980891293113974,0.4317603588967078,0.30167074434690333,0.38854918389227133,0.275876753495562,0.31772991975292086,0.3131474230629932,0.30677510989374585,0.2291497600750136,0.2683424831288055,0.3435546997054074,0.3078559431256521,0.42819480630398665,0.32476631259772637,0.25086520336322454,0.34140398929258203,0.27641437560562215,0.29722089135528934,0.36255665094162115,0.35913294124232603,0.3298884910652554,0.3197343989171517,0.31883688742297445,0.23050085510124715,0.324205843077287,0.24498680720257235,0.27061781707698823,0.3026292647465855,0.40900342079373525,0.26899737213237945,0.27459228539095293,0.3255829031501739,0.30364587075230587,0.26433375701548006,0.35371714969524715,0.4859997755705787,0.3036973141232912,0.22382191669158827,0.44763822393178704,0.33954171275857886,0.279306362322234,0.23757174094376676,0.27314135297075837,0.3642108582953579,0.2934685748202653,0.2490782834677222,0.3994327560318953,0.3268307125700828,0.38615601369834746,0.30855573690136695,0.2795057707817487,0.2939718252222833,0.36620888619512015,0.34074152215885994,0.26192357675563804,0.2597815817941679,0.38684766119325426,0.24448396250141627,0.2466775970085968,0.33077158939797224,0.2426102382444964,0.31428373061293274,0.2639049766234842,0.3606019569343859,0.36509043998574586,0.22881136013057446,0.2979069957135795,0.30780475735802776,0.32561941150680523,0.31892317258135666,0.3021793787188576,0.3111223308688941,0.39112920662932016,0.32234525693040106,0.3498393784779597,0.3759481911221753,0.25276603082367327,0.30464965024116913,0.29839622899564905,0.22332213459446584,0.3156109650660368,0.28054300124279874,0.31719117269926694,0.33427792981703824,0.31605943468013836,0.36040701901952904,0.25566864026484826,0.2341059172610122,0.30059614268297324,0.2908136289931243,0.2673538255425998,0.29308092196178775,0.2622417438909063,0.37169744452894676,0.29880635761520175,0.3105666103933949,0.2911478275967984,0.22935118167860016,0.2081470005051508,0.3086167588603895,0.3162775183635951,0.33647805350777105,0.25506520125742993,0.2817103082283264,0.41579126882385664,0.34875488989077424,0.31226286693949257,0.3073707615462864,0.3415731585065762,0.260799523984761,0.2406406398771502,0.2006463652239693,0.36201494575752957,0.2651551633640079,0.3549321178963783,0.27561002180397637,0.3633172801516794,0.3451642344564605,0.31685612540433233,0.3530162143107835,0.3199398507880347,0.30203012002799456,0.243815429337114,0.2812362274151516,0.37404371326524644,0.33779457773100907
0.26940483268794874,0.22535819848476626,0.22682576917152378,0.3087735585527743,0.0,0.2042038316655556,0.41098357786224204,0.2495027570019151,0.29301362818243604,0.21324211896516337,0.30876171508014366,0.2545675673176213,0.24706653584351676,0.24906576044585432,0.32191424998070434,0.26458296001448883,0.2657461998425914,0.28228288213841,0.23764228766735424,0.2704219422316663,0.3084694440144946,0.28355711943779316,0.3684412541473927,0.29495917083412193,0.2776312794496468,0.27502017118259575,0.31988745069969304,0.24157346138429392,0.18870286268240533,0.3009506561036522,0.30822978499857306,0.22905111734190997,0.26936495758921497,0.2638840906023134,0.3303002115391361,0.2733494717214364,0.30722605190296115,0.30046425032278756,0.2958264681055803,0.29665660320898174,0.2732677950941932,0.3650785094881006,0.3035782790015392,0.3395264687295232,0.2641523081201679,0.23682889641435576,0.24536140404585102,0.28435710449102924,0.3598022086360448,0.29045413108082463,0.29107348752045037,0.2236436769912731,0.20146549826856913,0.24704621887619183,0.24833502108708602,0.24472856594004688,0.24950760625140925,0.3284798202365439,0.2914143346247844,0.240392633248679,0.20916240935014674,0.19690905841082088,0.2321745082482574,0.28566539094636445,0.2440637028920929,0.20412044196359966,0.28426772004268785,0.26356248242839303,0.2678515660751937,0.3142474410756888,0.2750234608075203,0.25631499151295795,0.2491185549166132,0.2985433305577336,0.22709303133672415,0.19455018569630372,0.30673445589755466,0.36100329583022367,0.2285155597195621,0.1941330898032294,0.2318877544291618,0.3020628234699877,0.2886710377309203,0.20865385059909272,0.26621965867943387,0.2702171725062672,0.31047769129006647,0.27165485289413727,0.21810668478819017,0.25878697705090803,0.3810541796243637,0.32432750983710457,0.283369239538749,0.19154873375007236,0.28514551783820513,0.24428447513832352,0.19685784973116408,0.2716841197134107,0.25793772844871,0.21940001299102393,0.259053864271297,0.27823838369775616,0.318164398783268,0.23743949045307627,0.24778086227564564,0.24800799563464138,0.2288214153200119,0.2970735905564804,0.2804903706591539,0.2596904700072383,0.31253182427205284,0.331388153484171,0.23466160521027524,0.32510156404237667,0.20667413508115487,0.2310531952265213,0.22526222198536452,0.2605568059719859,0.22872316464810116,0.24217214020623476,0.34961648073182494,0.2553498055093117,0.23716799037013256,0.2950304137961695,0.26933755965908995,0.21307730348136533,0.21588382446437787,0.2727666842138217,0.20946180782195103,0.2823462011414282,0.2493861100132598,0.2644436466399081,0.21788168999053428,0.2718877760652822,0.27583360796597567,0.2502963003430157,0.22225600485138228,0.3350363508452472,0.3226022703385631,0.36852892200947573,0.22669127098763697,0.26271846754213,0.28587326029359467,0.3250295307964143,0.3301014918322626,0.31044485969877544,0.34581625045715914,0.2333286387442588,0.23489580498573343,0.1971027304781689,0.2911731422981286,0.23416394635099116,0.32401578312353785,0.27748690510254365,0.320021197089887,0.3291740273154763,0.25150268267204695,0.3026806924928737,0.274305452700708,0.22746285002085523,0.2144471827109525,0.24764532137068743,0.2992663050146406,0.35469828198206155
0.27577493411721676,0.452002992544947,0.3063850684739631,0.25891484660359737,0.2042038316655556,0.0,0.22086533318330442,0.38045371162731134,0.2374308745574311,0.2791601088586042,0.2838601456308107,0.26788372088164464,0.4106789663324034,0.24823250236357175,0.270594736390251,0.3661987821911215,0.34358168977620973,0.22593482392049943,0.3049295918910066,0.33300013192695666,0.2950147844183369,0.30358479341547306,0.20227067845553326,0.25125747051022695,0.3128999682645567,0.2110736110992994,0.2242545553056261,0.30340616427805706,0.24310172771376382,0.23415190002568653,0.29728376686737107,0.428972642827038,0.35343598647745444,0.24616362134206013,0.25749206870667896,0.2664647852357453,0.2734525456890428,0.26810499804437554,0.254105116113722,0.2597940732329396,0.30949516691094103,0.25882482526298134,0.24946730556607072,0.2790417035505724,0.32598602581447195,0.25292645811308534,0.2525860203419375,0.262102438681625,0.22998223162380704,0.2957192711542232,0.2756782481951497,0.3029352567054792,0.2232010165245216,0.320995851540925,0.26555892516215973,0.2995671106203353,0.2778345647918083,0.3155475188638984,0.27178403605512136,0.28345981272207266,0.44539622144314317,0.22395889084043644,0.2750880842555482,0.21463226125537768,0.2112923145494261,0.24515133390138913,0.25670399387743803,0.27023747442786517,0.255816235313869,0.2805414886440951,0.27247534332963314,0.23468120888109562,0.24875404269572873,0.3096733314237133,0.41732485834320254,0.2272742054808378,0.2587096826256882,0.2546609180926758,0.24269338741907007,0.2736765099828538,0.3098661400804254,0.23144919400788916,0.3029135843220062,0.3311717281986187,0.2448035639154603,0.31618403112070026,0.2749941362183714,0.23768317818641047,0.2947477131794035,0.24753515788377012,0.22243553808394098,0.262408837004379,0.31847338748322473,0.2467125380343761,0.23463165820630233,0.29337584896159274,0.2860545366750015,0.3108972063263966,0.17843960855725358,0.3180648022225833,0.2352388436941047,0.2692247329097034,0.19661814679322617,0.23877230910082078,0.28213231748638484,0.32341243842876527,0.3510773590867341,0.3055840809768829,0.2707314372696599,0.3304043392954147,0.2543247686743882,0.20351142624776872,0.3166724957970616,0.24556970539667938,0.23890636894849418,0.31373639162406797,0.2863063002864545,0.20718041798014655,0.35858080559639244,0.21005768634381441,0.22475684466659973,0.23817845268751472,0.2681398685307624,0.29846872881306,0.2325977771252034,0.3149091655539112,0.24957797877083782,0.2671520027108916,0.31057682823263644,0.25054998753252167,0.3176552133477303,0.3649428251280801,0.24090858287788103,0.230740976020543,0.27563789219570084,0.2215662389380048,0.28806021448972113,0.2341757138192932,0.2676810671124621,0.2449664281129133,0.2723072602114008,0.2915591798428518,0.271709429790107,0.2586260481802484,0.26591797074074197,0.21065120047157299,0.27314826721033464,0.2987757582730427,0.293403593524721,0.21309189328611486,0.23182994480881414,0.26781920891790534,0.2279259859327164,0.2817800686898586,0.29958511247828995,0.2694172527869224,0.2772511906601854,0.32282059633239363,0.23960862203567884,0.2507135980642344,0.24333393652350482,0.2744652479916403,0.21007025233668136,0.21801277406784259
0.2857298300701923,0.2525686049979978,0.23009000694402162,0.37173728230808356,0.41098357786224204,0.22086533318330442,0.0,0.27038771308086257,0.2954256518043759,0.2356415412021707,0.3127255049239965,0.29202190318364757,0.2769404191650519,0.26701271592626613,0.3383628236944656,0.2715725265135473,0.27388066162596103,0.29329987544603775,0.2848045356359275,0.27180558884654094,0.3239354905478012,0.2905246062278711,0.44405219575396004,0.34860124237797696,0.3286855437307071,0.2840368451414547,0.33089780239721145,0.27706725681205846,0.2064645566773274,0.33076569297659864,0.32184551280710993,0.2668460255740647,0.31587949076983046,0.3225597257764171,0.29151372692476735,0.26995258852131526,0.3731639315904479,0.3042441942528145,0.2910191196752695,0.36031934405179555,0.28847814755756496,0.35450912930954886,0.31695097837852054,0.33597823069143357,0.31545646459296967,0.26775304082391915,0.26767102795882397,0.2837418427069661,0.49622105345733375,0.27134548668263325,0.34384083214651223,0.2376650838253545,0.2092857494271221,0.2824586877567075,0.2993758446205052,0.28144771276339325,0.28086648034198236,0.3210040960247686,0.34288153454728454,0.25952396385062093,0.23081107179108037,0.20542246486575422,0.23865725386011855,0.2730808800469924,0.23989994164809184,0.2223259757409062,0.33078604623710756,0.312040048293339,0.2754959192430411,0.3202222963096743,0.3011145395268392,0.2583514892018367,0.2590556601633283,0.34631802512845555,0.224813251983714,0.23147917303800597,0.399983667187793,0.369486585963461,0.24762523807868317,0.2183798695628738,0.24906300040171062,0.3236017426085504,0.3290006017024548,0.2137880362974969,0.28356423656048746,0.298293184091693,0.334886939561121,0.30828834326195076,0.25645903657330477,0.2814216372649344,0.35740727739258565,0.3909837431427455,0.28699364386661097,0.22608828266049347,0.3093990735013705,0.28758040682085745,0.2136307310656139,0.31992915597838234,0.2490914093773478,0.2576647801261359,0.28698901730725357,0.33120839417204695,0.3416290471429157,0.2614392063529695,0.255284879063112,0.27423693575518415,0.24264801613651668,0.31413045749721774,0.31050957552882097,0.30590565322743846,0.37517234158159185,0.30912336614546204,0.258001965587404,0.3011421989583572,0.22147968515379363,0.24793328739562542,0.2559603349625839,0.27796997736346424,0.24654016504638374,0.23879526749374316,0.3037400568583687,0.2642799654626279,0.25386557636520296,0.3643200609496971,0.25441974364082737,0.24683564096460556,0.2233520437655464,0.32443682557774794,0.2222718940091432,0.3001547126694145,0.25584714168035033,0.26333473211625646,0.2454097885477902,0.2579953599206035,0.2670413110014712,0.24247641393374636,0.24785611834810797,0.3202732755390897,0.34804446066541733,0.39947992314433634,0.25808401572750084,0.26959364023832944,0.3246487725489162,0.31304000550968275,0.335848281592068,0.3575031741724784,0.3476399818950856,0.2611491842441101,0.2515686732206266,0.1851507027772821,0.32274501474669204,0.26611905148509213,0.32508805960623255,0.30884510375854335,0.36815545439542,0.39097236184377276,0.31877028263271284,0.3560617090960361,0.31645216815761273,0.27650746168048695,0.23387107983772223,0.27013775502050485,0.32957829752102336,0.332755329955826
0.28510931882244667,0.39192121898679116,0.333630469526572,0.31815035132864844,0.2495027570019151,0.38045371162731134,0.27038771308086257,0.0,0.3096336771623133,0.3078187044459553,0.29221971666417274,0.3057822229224027,0.39530145177948167,0.2760027307932824,0.30740991627717124,0.4155129947562435,0.4336411001639691,0.26493494792518485,0.3266670397070386,0.3382063712383411,0.3736808494566437,0.3025424858992009,0.26458069725910155,0.28398067966731666,0.35205648705467835,0.2554976659835197,0.2941384845168254,0.35420581263394946,0.23207324029705775,0.3110558229361731,0.39589599557175575,0.39342583602815423,0.38346758843966494,0.2857524226192926,0.28610659210592343,0.30899647975975486,0.3172536475035841,0.3458476941305977,0.27975322372077793,0.35405705175038626,0.35402594856334957,0.31318923548465066,0.2972818672822841,0.32245788427683947,0.4371370366971645,0.30455373956690657,0.2773200970996804,0.2666511491970437,0.3027195765501624,0.3104712291611977,0.3290599413482068,0.3032899166728721,0.22816299431253703,0.3357997810566318,0.2851245251168953,0.318115348405226,0.3053448606388318,0.43505379355975127,0.3412580041504975,0.2954667811794679,0.4228998809675774,0.22719748015018124,0.29951778096754633,0.2598960195313823,0.2238178722079941,0.25458771023152177,0.2959936241512173,0.27503964518224316,0.3319550734340296,0.40294141544074796,0.2973199336825013,0.26749556259788615,0.2708245993067162,0.4042842850453738,0.4284751969398521,0.22771730097921106,0.33486562509143786,0.31418711667256854,0.3023217124136854,0.23858657973904696,0.2958572383878296,0.27689557804135045,0.372563393533679,0.3185807450990846,0.32923668778170107,0.4395611593001563,0.3354113311792116,0.2850944496899452,0.3162173164099084,0.27284807061479555,0.2799812544225335,0.30358450076149407,0.32881139441955637,0.23838242058477369,0.30438795360900206,0.31203935653805587,0.2821135789116403,0.3817978213542006,0.19988432487325522,0.3345719396364132,0.24857992009685373,0.3764668221493709,0.24888447056597177,0.2921930638863924,0.3107138123615112,0.3696938401942467,0.376848619052006,0.39424610613277866,0.32493133007724767,0.32198614255977087,0.2875223939041259,0.25671195899411986,0.334158123371669,0.3051137759978937,0.2561349998182419,0.3603992362832275,0.3211528817649606,0.23983348797957496,0.3228197710600173,0.23817064625976414,0.26806443867484375,0.31656080975765005,0.26976344215184456,0.3428189866436624,0.23715998877758487,0.309162632873853,0.25897163252928,0.34382765413620614,0.3343665781679239,0.2997137995018104,0.3971278852926462,0.4225250160531453,0.2551418371553287,0.235096357318452,0.2731329310457977,0.2231987127124772,0.2959906635350853,0.29286730543299566,0.3348298390892751,0.33466892424627187,0.2824552770483619,0.3062016441459563,0.3413796699156881,0.3184262617148738,0.3204158907275221,0.2747846439740549,0.34989422743174786,0.3237070490293731,0.35089613140071535,0.21963864615500317,0.28637762356295904,0.3104142463669579,0.28504094270053587,0.35720085121130424,0.4235082061600326,0.32202293207637284,0.2957375612837403,0.39904282822445575,0.2625399347553027,0.27725527718049925,0.26252004436801923,0.29051300634880706,0.26726325008975743,0.24639685794890814
0.3934721076286624,0.2662541416265756,0.2261937639297335,0.2838111190804349,0.29301362818243604,0.2374308745574311,0.2954256518043759,0.3096336771623133,0.0,0.2134816797409067,0.2463863073911259,0.23739291840995963,0.2753931073650945,0.3115868509486612,0.27887715011903136,0.282405120583569,0.28118770191287573,0.31845326848219757,0.2338076105802105,0.317281120198722,0.28178428299643515,0.2997985625867139,0.2593152233139782,0.2739972825034427,0.26917455466836776,0.2936606915395176,0.2683190465985805,0.2752634300664015,0.1978508019589787,0.33933108566116477,0.3533172025197708,0.25555491920222284,0.2977403352361079,0.24232045810737232,0.3509276207060866,0.24996394796628127,0.3020831074173973,0.3638085797080716,0.2426050093060869,0.3410217606253107,0.27609364448641543,0.31954545275689655,0.26724422625808786,0.323481429879976,0.3141443635283319,0.28661654935153663,0.26080306865087777,0.24551679986308095,0.3007008317057006,0.3036392614273061,0.30909867498281934,0.30698248785432897,0.23895770967075947,0.2658077288235929,0.24092976988178721,0.3688320781472846,0.32744502172410944,0.2879573060678059,0.2749042948299982,0.25945759154753534,0.23918158822188057,0.24471897421011027,0.2691943251660465,0.24704697385980623,0.2786174549347088,0.2592349728383756,0.3346771629767283,0.3006646528970788,0.2568529733804938,0.31728484084278613,0.4089875340432639,0.31646346352767774,0.32191792399212515,0.2934365833654257,0.26738713400409386,0.24718444446826238,0.25784410860039625,0.2575653631619896,0.3140540750737223,0.252223429202043,0.24389551747890442,0.42116763250381895,0.34560610104756795,0.23945544952049316,0.3543930252371514,0.3816492166431329,0.30055624264805264,0.33609308951651123,0.2599475291752529,0.3692296589858158,0.39797943743479774,0.3671989093647134,0.2705753419401935,0.2600131181713561,0.409061085890459,0.286203990933154,0.2402173398543047,0.2975686099152156,0.2857944477822038,0.29305847830229226,0.2782547666633489,0.24669086387947262,0.3048421336596885,0.22865427803252666,0.33598014469375315,0.31153354651944976,0.2329459017972842,0.2888740392550684,0.2760748332739726,0.24123288117397207,0.24085961111055695,0.3552621798482704,0.3307658860814453,0.2973742465771806,0.27516085193448214,0.3509646682964002,0.2701417449168843,0.22675874224281198,0.22554919247183433,0.28186859728414515,0.3921266652853585,0.32467995688581,0.30567486283437884,0.34102966314557515,0.39428827819501894,0.22976013225544634,0.279803756548412,0.2623293070815588,0.2274359350888032,0.31919100046869964,0.34078657956432795,0.3040236207101455,0.2920187290993162,0.3471423951768838,0.24083911035202688,0.2561128020627175,0.26525114706772074,0.34979421796344634,0.28639377894905516,0.33275851271733387,0.2414113691016264,0.26053457336493074,0.3805191750269398,0.29202453669537415,0.2843637828106516,0.3529649118930227,0.41396191564857676,0.22754496548762806,0.25985999881388855,0.1805142431303738,0.3951808168397634,0.2503281317879072,0.2699200384088589,0.282360223824558,0.28453190555056695,0.363223609176641,0.27016777590664043,0.3238868012870251,0.3753828727014488,0.30878596274134246,0.20805629143032076,0.36427610515746,0.30385545562093735,0.359595989164379
0.2248176699408513,0.31615782095332023,0.4197789505540815,0.23282981358304528,0.21324211896516337,0.2791601088586042,0.2356415412021707,0.3078187044459553,0.2134816797409067,0.0,0.24390809082511966,0.26139547618846687,0.2753171961163005,0.2211191286555368,0.2383525884232774,0.30036346721340784,0.27615568233492305,0.2332173442746411,0.2593871973792014,0.2279381689288057,0.2544929045596571,0.27122392231613973,0.2380670308563509,0.22352375842853603,0.3452679189813405,0.1981916301325477,0.2236942175454944,0.25151007910175105,0.33691013577196244,0.23815094831921796,0.2625063732551091,0.29522498817289944,0.23457596449839457,0.20285673318321285,0.21287680874193105,0.21257568344006048,0.25732869576616113,0.23262355131804177,0.2142589208448348,0.25265266552086535,0.22163538686080828,0.24211971706272828,0.24627632501372998,0.22881089556713705,0.26026958401040284,0.21816667712214713,0.21782849685549444,0.2549804958495473,0.26736120741616026,0.20455028556349825,0.23984067631692646,0.20911978255782218,0.17150224338220957,0.2628832880981526,0.2730158160654835,0.2392211947515831,0.21748108264538327,0.253149905955106,0.2713150948721867,0.20635500608679425,0.2706823073104648,0.17912331767056916,0.20814638924787915,0.19537896634174778,0.18266839254168898,0.19962089665116442,0.2124901017755436,0.24747366500481588,0.27483061937238196,0.3004008550100994,0.223104231702208,0.21892803958631218,0.1890126590770222,0.2801016799592087,0.2544282877420882,0.19643059948807623,0.23458225310233538,0.2519854450932358,0.20444739294943245,0.21237723070334216,0.24644624348530345,0.20646387035476377,0.3065466434876225,0.2337481114540499,0.2110021194381926,0.25188567116967947,0.23652537693558567,0.23103219453434398,0.24488089371492908,0.19142816483312794,0.2121863166010855,0.2124838202205347,0.2567864797443187,0.17890698874547872,0.21723072774906008,0.3011121572265458,0.1868938911422589,0.2481967906455286,0.1666547175001798,0.2358921172467593,0.20543601692332003,0.273784762055021,0.20453234373886384,0.3620701469561983,0.2055223458210593,0.24008503357573707,0.24550999258558545,0.3086960670795838,0.235041426813478,0.273751769741735,0.22263148322756954,0.18523442350070382,0.2268689177017587,0.23324145505031824,0.18938884426944882,0.24200148618676165,0.2334497620819751,0.32333262719789946,0.27594869043099185,0.1927765003772122,0.19246524639926638,0.2165099951776068,0.19057868841469688,0.26819724935399486,0.186077065188903,0.367974082749644,0.18952528772857294,0.22774974256229144,0.2981489050251352,0.23522763875828517,0.2814226317056087,0.2661113801422372,0.2003750379961875,0.1704517958480282,0.22873981775006877,0.18795713853861815,0.23532703762710971,0.2216986120736788,0.2889442337437882,0.25737855296392986,0.2450115758100348,0.24322281425526346,0.2298785871117038,0.2079045812106038,0.23713614094166754,0.21082709270662273,0.21446986275676996,0.28449581281977604,0.42852655855058797,0.1860845873432161,0.20280712673738255,0.25159036808520524,0.21006232948731254,0.29595405885756076,0.28863553192031954,0.2483612959039246,0.22553729785359422,0.30758309600648814,0.21510627121094616,0.22920053979569757,0.25632628708623606,0.2346661285929238,0.2269840875734217,0.1968229609609677
0.27126041911137805,0.30111828191069895,0.2805675987793252,0.31756707718056026,0.30876171508014366,0.2838601456308107,0.3127255049239965,0.29221971666417274,0.2463863073911259,0.24390809082511966,0.0,0.36730663668760904,0.2864422054254498,0.2361324497267214,0.25693739926485215,0.36006102689534614,0.3002784298514693,0.24510673926839366,0.3202756333203501,0.2848496680759971,0.3309179412013167,0.35460160818228303,0.29427722132666506,0.3165402343385651,0.3880956810458608,0.2665188589440574,0.28432460977826135,0.28131698205964845,0.24594395339628988,0.2649617319573378,0.2795458299327498,0.30418240320259887,0.27314170941681204,0.2770212093647978,0.26792150391626796,0.3072027554108413,0.34199812807896507,0.2812528051266245,0.36724025179216324,0.30157026433876194,0.2646732693176852,0.32761496461372924,0.26217096351575286,0.3451816244630228,0.3008803262029314,0.22480937099333925,0.1965380765376195,0.40063271928553656,0.34243405386826653,0.2405409101616096,0.29065729645635047,0.22487240979175313,0.1886431809670632,0.3597947506481886,0.34442592356175555,0.23083106501202236,0.27055551038298004,0.38898989503053794,0.3000381059725095,0.23519806410428687,0.3035074674981514,0.17194287939019734,0.24174511069660526,0.26710663346487123,0.19649439690930065,0.21860190163302684,0.3165266875453856,0.24466999759218924,0.2810430104216689,0.3024981126101047,0.25995403981191834,0.216055373894667,0.27928926915455,0.3160049123682668,0.2742463201446482,0.20427803708077819,0.3606351511470239,0.31670556996979893,0.21600080646785713,0.20515968061937506,0.2429590862180825,0.24384515456862868,0.27694987560441925,0.2337124612616737,0.25677661319858436,0.2671118800401671,0.33194409608634123,0.23584746665229342,0.21072814771742082,0.26291764509328686,0.30342148115494777,0.24788838929883988,0.3128580222821493,0.22191250996971318,0.2694220848880189,0.3126715659125246,0.2147196232098081,0.26631036295540633,0.20382483782882035,0.22141237096165375,0.2635012630074484,0.3483275001855007,0.26345417558905,0.25217751150489875,0.23692356714940965,0.22159021244149993,0.2432179852652201,0.322121273911939,0.2362200501659003,0.39692685457875215,0.428462945757304,0.2676766981041807,0.2607304455089769,0.2858548444215775,0.20323279999029187,0.2335617655854141,0.2314473494436618,0.2847751027150762,0.34307421450536757,0.21688029373587264,0.25930771192359886,0.22063020351738827,0.2631088269401286,0.29197218322727087,0.2323549637148053,0.28771605160232894,0.19429900135256908,0.3022335665923135,0.27943039311447176,0.23698679694261382,0.2307300370161976,0.2923170145862224,0.2502176834890396,0.2629313213823348,0.39209783594294173,0.2133730911882573,0.24441323402413204,0.2433530023384569,0.3896145437123526,0.30276471160751095,0.2670583524654445,0.3024911066397362,0.252491340052968,0.3255634676475333,0.3958492963449653,0.25618027479354555,0.27482050219305676,0.2326513754945154,0.2861692702409474,0.2311096791341468,0.3231137980130464,0.24785120673995348,0.35881210529224516,0.2918037042731208,0.3402591532967503,0.31988973808015886,0.293816371298589,0.2964543571595268,0.2713344806607542,0.22987018270818255,0.20641917794418324,0.25645744945571874,0.2401139958920151,0.34348707623426206
0.21892088658259368,0.336660372914728,0.2969635782212865,0.28297517043436127,0.2545675673176213,0.26788372088164464,0.29202190318364757,0.3057822229224027,0.23739291840995963,0.26139547618846687,0.36730663668760904,0.0,0.23483537334469612,0.1955390195156597,0.23749955840779752,0.29991942192668547,0.2700543863765624,0.20158796368835785,0.3101615225266313,0.25323026007405586,0.2991910348795714,0.3013577075418399,0.2702497845932123,0.28023002053974816,0.32041986388994437,0.2391722812315848,0.27377832372911026,0.24106354516395004,0.24615270618173982,0.26554220369815934,0.2834954946184893,0.2709465571177784,0.27320575837327776,0.282319185645694,0.22348241864435034,0.2834176241042717,0.2739690814516981,0.25033261796247824,0.409720950104677,0.2650512712208835,0.2692045635176999,0.27799511349306044,0.22924830679081024,0.28034443318828595,0.2937631007808254,0.22238646320755967,0.21615969676544405,0.3069362965504622,0.2780332504407111,0.23624654341690224,0.2680305794631269,0.22451363127622254,0.18530526336235187,0.3348323979926772,0.38248008235243625,0.22383137982154874,0.25229738331144147,0.36976206748495183,0.23927916588490597,0.23321095352147198,0.251801659488354,0.1669622104170187,0.21692279220422292,0.24305032444648417,0.18370267316691366,0.19479254609645758,0.25185196657437625,0.20421207268347824,0.2234608476742286,0.24074588370663014,0.21733723381427808,0.1967058493285304,0.2262766411440266,0.2682357376420421,0.2487952095019431,0.18390915731367533,0.29304450993648445,0.3175744941661773,0.21156067432111111,0.17912804472865812,0.1976894484549648,0.23466361037663877,0.2599260779090648,0.1952654472863774,0.24788552882953596,0.2676966719325808,0.2550916250534897,0.21884326105471036,0.21562930418574697,0.258014596752349,0.25379052030937377,0.25978454813933777,0.2764309104247883,0.20658615017457754,0.2324078814522818,0.3510646878396285,0.2097078534439018,0.279951262019698,0.19102766018766423,0.21736892531401977,0.2176337079648195,0.29021345941674814,0.24098016422143148,0.3084964001815258,0.217448250673046,0.22885395180873622,0.2516756464439196,0.2744572780976903,0.23325265596601708,0.3427661744362761,0.37155454681429356,0.2578556845072564,0.21493162972930765,0.26323692406658195,0.19151416435539603,0.23431308031328563,0.21745415360636053,0.29320750871155643,0.29603409981926787,0.19588442009868884,0.23072372481843448,0.21477776437429325,0.22520547311856173,0.2567359734546869,0.19265840125227066,0.33132783697765755,0.19421495493684005,0.3234666407238776,0.3122177000415043,0.21634791140677667,0.22921430973709384,0.25500328982753057,0.2032569797805639,0.2430735947165211,0.29847717182151434,0.17591148239986387,0.2387237638264986,0.23081515940881753,0.30694681769834886,0.270102237889755,0.20713911762703768,0.2521795795024737,0.26698006561623017,0.30328674605145345,0.31239912609982995,0.2723231944178415,0.314716971849775,0.21750249693838075,0.32916745206149267,0.22226813790002303,0.2559557232595245,0.23077666945436995,0.2909460649197851,0.29966104568667407,0.3274294907293256,0.24536657454592692,0.24101513510431935,0.27382834966495745,0.21831703037025368,0.20658114631009467,0.17630039425352326,0.21343858876982746,0.21708889518896574,0.24810882879436408
