0,1,2,3,4,5,6,7,8,9,10,11,12,13,14,15,16,17,18,19,20,21,22,23,24,25,26,27,28,29,30,31,32,33,34,35,36,37,38,39,40,41,42,43,44,45,46,47,48,49,50,51,52,53,54,55,56,57,58,59,60,61,62,63,64,65,66,67,68,69,70,71,72,73,74,75,76,77,78,79,80,81,82,83,84,85,86,87,88,89,90,91,92,93,94,95,96,97,98,99,100,101,102,103,104,105,106,107,108,109,110,111,112,113,114,115,116,117,118,119,120,121,122,123,124,125,126,127,128,129,130,131,132,133,134,135,136,137,138,139,140,141,142,143,144,145,146,147,148,149,150,151,152,153,154,155,156,157,158,159,160,161,162,163
0.0,0.854389922582962,0.8551694208743055,0.8783953647321082,0.8521436697852299,0.8814953371776626,0.7786210772001056,0.8759561393405021,0.9452137371988442,0.7797411551023609,0.9500534479312931,0.7449520654041691,0.9597978729102586,0.9009481090106973,0.7174499544222841,0.9178822822446848,0.9325200630987812,0.9378390895380087,0.8116324969040386,0.9604400837449789,0.8363238779579799,0.9104687275717345,0.8657695897590596,0.7271771276091706,0.8798038281398732,0.7455162326507098,0.8540466402189377,0.9444990522457833,0.7916865535738699,0.8516884503335486,0.7132749964892381,0.8849442618503409,0.7545386218877437,0.6860942475645742,0.9440540959180997,0.742771209485406,0.8619039629066171,0.9083805542187353,0.6378034646382313,0.9252602294474094,0.7148986384705036,0.9479315757761795,0.8055705735059729,0.764275292647999,0.7719003532928966,0.7308949266324395,0.7392778066920275,0.7878851253256974,0.9249970993721532,0.8618486819836554,0.8303300890613287,0.8682081420568062,0.8553692174186055,0.7557045579971231,0.76590646949188,0.8732441008481161,0.9277125248971009,0.8762118497525576,0.8749401779917929,0.7885293872063559,0.8424287706255643,0.6830122718925281,0.9420883926516369,0.8337747745854622,0.7933544172614811,0.7488347393135,0.7779200472527258,0.811619113534975,0.8747379804402947,0.9332168711416409,0.875490971775768,0.8339312700323522,0.9684797049517889,0.9069849276064792,0.919400405170947,0.7255510201261606,0.8496528895982657,0.784804224552483,0.6742089602676091,0.6961119355659388,0.8278715054309685,0.8429351262916587,0.8964238986347222,0.8899480830653541,0.9103733727944705,0.922184706736125,0.9170563686065296,0.8403290916736369,0.8279746236062336,0.7139005872601838,0.8935877727497077,0.6834404372137614,0.8434251327737446,0.8208074362741319,0.9550983013549007,0.7240114540268741,0.6763732065857525,0.7556014554253214,0.7775343787640351,0.7586911995278551,0.7033776494134429,0.6974281259609872,0.6455825130935658,0.6339885623528699,0.8865045476963842,0.8174256430287494,0.702451096205562,0.9403573500775037,0.7105375327747647,0.7453883939601053,0.7602365629610953,0.8852748851242702,0.8961935844718305,0.8823887414847061,0.8412415954853717,0.9408136810462142,0.9203697963592964,0.813057080938403,0.884973743904973,0.8504841988820105,0.911012309448022,0.7809713369983667,0.8959258526802159,0.7759038767356823,0.9238174345746623,0.6621077561371693,0.7814317552094829,0.6691034002847078,0.7681286806350395,0.8412939579433609,0.8990308198582782,0.920338919033269,0.8863119403667618,0.9059632877501724,0.7470690064208477,0.8093790074405595,0.7961251997239518,0.8164906357653162,0.8942800881886823,0.755528207871492,0.8010402200784574,0.8686872124960161,0.8613704794063215,0.8600091866666485,0.7898145467043892,0.8125163458595764,0.8642230100626407,0.6617240350116879,0.8329141214268699,0.7887365145375408,0.862031946260692,0.873164759615755,0.876103624582622,0.7173225155503211,0.7501040895099305,0.7831217625525168,0.9235672174264399,0.8090724900876615,0.918187653985964,0.9115901274994563,0.7418210122561758,0.9274900632346372,0.8228530557057827,0.9728593994499874
0.854389922582962,0.0,0.89731653576617,0.9029858654842449,0.7707768248882679,0.9716243741685797,0.7996018432092942,0.9768574393556148,0.8235806587046673,0.8690059574871074,0.8872358059450771,0.9386858991110187,0.9115265666083787,0.8579879048695742,0.8001243510512613,0.9092369712938437,0.8834269401762327,0.7743021792120885,0.9028346530636163,0.937458208841822,0.9007209791636053,0.8813396137359597,0.7883844174275015,0.7961009061925715,0.8964491291537013,0.7480054223690598,0.767866060386287,0.8523965222503167,0.9177091948087517,0.7604308407831865,0.8765769934203916,0.9431552570167775,0.9268979762662569,0.8085417193313389,0.9086779966275482,0.8882376348668721,0.8337890251738584,0.8672142622999323,0.8399849670960159,0.9026263844015319,0.8930274557613461,0.8281558640379708,0.8128090111462172,0.8621698632091662,0.9111474595571215,0.8220374278295158,0.7859123955718265,0.8482150876273784,0.870031611091019,0.8836561239636095,0.8673950772109845,0.8872447282645154,0.8814225065574824,0.9200248932390186,0.9353214093154666,0.8896242282995693,0.8988042275061707,0.8718131270069847,0.8447020929161478,0.8729327279903564,0.9432067218281869,0.7511136027531764,0.8978655904188754,0.8703464635159741,0.7781749513431365,0.7853692532851789,0.8012933594647953,0.7367184494211666,0.7577684003491385,0.8198800967515075,0.8539202182205046,0.8385026452315177,0.8490474197762611,0.8992102002581092,0.8875141050021835,0.7512570906746866,0.8916438219542944,0.8444506441694721,0.7770782595321012,0.704709669677069,0.8844639463677256,0.8240576701566408,0.9044654418627447,0.9028721150354362,0.8803536688386362,0.9466072495368848,0.8767622105081877,0.7810393693788877,0.8814731035522639,0.8044412382901898,0.777720231798257,0.8086544659765469,0.9027680194569937,0.8648860658395198,0.859327761046909,0.8503052529262095,0.8474050154008435,0.900079919196968,0.7876241410844823,0.831396863061783,0.7980617629684029,0.8273497090485855,0.6621372182259976,0.7632551358959121,0.880184968345873,0.8754221744008216,0.8620673587797072,0.8762813113644992,0.8315255502646482,0.8287351060542888,0.8627552513273181,0.8447849438572698,0.8558203009748766,0.8090146111643303,0.8613381237839233,0.8601218158612304,0.9462285727875175,0.8320977148246467,0.9363802074550269,0.7940555364345482,0.8634396557850146,0.8070261677117265,0.8761864798053691,0.856607230207152,0.8471316792739146,0.8456340327221216,0.8079646401300175,0.8325874533094041,0.9505117045510364,0.8696044638537156,0.8341982970652727,0.911252319634334,0.823963164933608,0.8892144806835273,0.8583220702895235,0.8395971167974955,0.8634601509045567,0.8579312056593662,0.9046058028750132,0.8794296815053422,0.8518129989816334,0.9124872033900657,0.8901752436395435,0.9038134158772836,0.88891884216591,0.7598127521113996,0.9373798460634342,0.8379832470806168,0.921756537692776,0.8484742226430402,0.8632289932710548,0.931047733182978,0.8405046773806094,0.8266753871394424,0.8990298942244258,0.7972867860518841,0.8475969045791626,0.8842774807684899,0.865410845114033,0.8348313504323911,0.7957326822478,0.8632259501306205,0.9653941864914168,0.8210772662268714
0.8551694208743055,0.89731653576617,0.0,0.883345294073397,0.8850186418041425,0.8829917748643296,0.8029645278693365,0.9249398606167163,0.8398809948685241,0.9258984721468103,0.945755359049428,0.8762782062040272,0.8840092030549509,0.7977565466347997,0.7798162375804757,0.9373364802370081,0.9281132533079695,0.8693124231336966,0.9000535505735746,0.8810252485934469,0.9148526177546755,0.9705585853470271,0.8665001051877614,0.7490083367859992,0.916569946667946,0.6702265854110547,0.8231793636774122,0.8899720249884893,0.8812938495857068,0.8434929585464874,0.7122841032103059,0.8948236158617936,0.7840156011729806,0.6587581004267338,0.824803125750837,0.7786453647126017,0.777911877762037,0.8535195459406487,0.7213625086319849,0.8830950544404562,0.7824076282672657,0.91666783630785,0.8710538906003005,0.7515442198522798,0.7661706886824589,0.7196750261133759,0.7504595958228308,0.7934919117592779,0.8999248433676166,0.8601578596444642,0.8429368384856845,0.8128007199686687,0.8334816222831987,0.8389547004713397,0.8462282020614398,0.7690197992648545,0.8689748974923963,0.9321656432250749,0.8892669903361736,0.7642827231174592,0.8376142424513761,0.6428092149977908,0.9186460390371316,0.8143274545996443,0.7580827335219873,0.6955039797691135,0.6895059179236183,0.7554974283993832,0.8705884171020831,0.9080145866741085,0.7818822197290629,0.7276456171815473,0.8357649103470822,0.923600631939373,0.9122805569188078,0.6206616800331539,0.8747968968346417,0.8190898050036366,0.6297624500674459,0.603617516636162,0.8196999269987525,0.7981233036161504,0.9033700489998409,0.8111514457908959,0.8216022922273645,0.8655607708705922,0.8112037801441289,0.7805180369764898,0.7633625854129265,0.6362928628671335,0.851078343036674,0.6649207174649573,0.9003666760483507,0.7235477578570336,0.8561210961739908,0.7657145182771018,0.6953180227324753,0.7508725032920879,0.6869173081256047,0.6953752560226042,0.6376266387814501,0.8219858571559603,0.6312493509955168,0.7905476149519889,0.8108108096149845,0.792567205820631,0.781400568664044,0.9270253533265556,0.7431739358653323,0.7591573606601881,0.7945817736958162,0.8018975805987552,0.7718052339057695,0.8423009776189543,0.7343466179271568,0.8506924691813273,0.8475499945820674,0.9299977521997396,0.9333515055472487,0.7443817229248366,0.8255976156782346,0.7411280083211023,0.7615184615202016,0.7559879704034834,0.7492724157798489,0.7429167347280446,0.7339948191827915,0.6907520384259688,0.8296694614357212,0.8025215366416508,0.8557736435339943,0.9458629341292458,0.7237898644087816,0.7844097676224928,0.7791779056247101,0.7465258580746545,0.7587026345374913,0.7460535206602649,0.9475446939213665,0.851334073134999,0.7833816673365223,0.8360069712289386,0.8252390980146265,0.8996569308120199,0.772643857230468,0.7353657880307181,0.8832455130919237,0.7836975807463376,0.9320777599205603,0.7774252797186798,0.7439399123572503,0.8964975010823413,0.9051581781876626,0.8567235346054628,0.8717803249132922,0.7274784055083245,0.8333926792300401,0.8271624313935992,0.764858147675614,0.7880914961497697,0.7845557633327404,0.764968663030519,0.8509741169955233,0.851818102838656
0.8783953647321082,0.9029858654842449,0.883345294073397,0.0,0.8187348836251166,0.8880105746111734,0.8397872384431214,0.9191421147403801,0.8421401883526588,0.7832967848655715,0.88074419434903,0.855823944689822,0.8720743283675626,0.8171764004379173,0.8035481665320813,0.863353420366177,0.9114538593370362,0.8359094222484837,0.9312489666899753,0.9099997283282892,0.9446200260391507,0.9051287441413289,0.8411707309462547,0.7961954169561399,0.8356972774619937,0.7223932650097932,0.7791532424640182,0.8921669893728833,0.7741517912265278,0.7716786649576446,0.7436854397791847,0.8804921302282641,0.8709549501188225,0.7538928632463628,0.8645749525273937,0.8153039425235868,0.7572727372459614,0.8239138377205992,0.7468769499551197,0.9504901095659366,0.840750296222,0.8863466238479493,0.8094511403803116,0.7771150610837758,0.8243042801089967,0.8241231214433193,0.7472933727770694,0.7507075866498639,0.8759590278215175,0.9145233586777071,0.9394976180413036,0.9282978714769994,0.9274150890428029,0.9056182514951112,0.8248582251717114,0.8060795594636356,0.9556648667355482,0.8731112694693354,0.9007359175159282,0.8520794064474008,0.8876511740466354,0.6980727888840784,0.9479677804317626,0.8129777366272417,0.877749252668884,0.81013068961297,0.7765260821199134,0.7176955606998172,0.7859165100329849,0.8285699219488954,0.8550801016602735,0.7608783354595573,0.8967050524149006,0.9668498390161472,0.8933332975332389,0.664514251475536,0.9134770701911623,0.764630545683122,0.7068313144452946,0.6227399662159233,0.8015403508932671,0.9418164952355083,0.8279877244568867,0.7982318173045123,0.9278535499660241,0.8945109227616401,0.810974489248529,0.8072077252067013,0.8052278776757388,0.7104394202004493,0.8406532378418747,0.7633073860793699,0.8652363536469037,0.8547294714619301,0.932358063877998,0.7028045370315203,0.800203740428634,0.8115654865522176,0.7389173893757034,0.8184947985228972,0.6653744083084433,0.8020925257157729,0.7101759580864325,0.6803555006658014,0.8777261044106993,0.8408721969415426,0.8564314543453462,0.8614632974458772,0.7963689851226159,0.7679369655829219,0.8750101504510255,0.8796057901131762,0.8391055055277953,0.7988740354678732,0.8193382753097982,0.8912751975033112,0.8990813070259499,0.7933589484151508,0.9243615400973638,0.7628164124088844,0.8559906384996447,0.7656551398062424,0.8330335421340757,0.804406605426269,0.7890842240405433,0.6938649666147939,0.8368360361365308,0.7195949411031243,0.8254973357815962,0.7857056743170797,0.8077739905008803,0.9255472706475173,0.7477959147559265,0.8782821321912219,0.7999357974701394,0.7641452263209952,0.7224588463622095,0.7989469808819044,0.8725201683841095,0.8199282292750407,0.7544996034013456,0.8199888162651705,0.9577322906979807,0.915826626599564,0.7554057965895146,0.7814207263394256,0.9146481475990318,0.7179175690448236,0.8159362487548998,0.7666447804353181,0.852010613309413,0.8414836284991547,0.912733907815628,0.7999741130621703,0.832838149381778,0.7463320773400548,0.8444439838170901,0.8170665392962506,0.8226773258529092,0.8386118601788931,0.7143517470713621,0.7963789863068221,0.8448966135753214,0.8716548560747325
0.8521436697852299,0.7707768248882679,0.8850186418041425,0.8187348836251166,0.0,0.7603544387123131,0.7733181862693259,0.814280948600855,0.880878499116532,0.7718143246022259,0.8935200213601601,0.749763699094709,0.8114032601235868,0.8011911739449044,0.7114181187060118,0.8975665265170669,0.9162061337381694,0.9175122484181502,0.7921857238879003,0.8101205966576547,0.8119459122221983,0.9020886472176234,0.9207083019968806,0.6489058612629559,0.7826369930807432,0.6562472422601155,0.8862706116024506,0.874303868793822,0.7686471030567736,0.9357839618382946,0.6316419456053515,0.8151014234702889,0.7077525463861695,0.5919310673065539,0.8047525896978015,0.7373212208878673,0.7030084145395579,0.8724488824175652,0.6267016117890967,0.8442884748560432,0.7258631180399236,0.9142566701064748,0.8341492961157205,0.6669930517833788,0.6696228835662317,0.6728262623552168,0.770442104318459,0.6784525242735795,0.8656823779722478,0.8729814461005287,0.8148638070714619,0.778202084854669,0.8284540910821602,0.7101744538353361,0.7408175762269953,0.7057373165032075,0.8513501603486087,0.9372100545650675,0.8161704087867853,0.7582919374376415,0.6900782819743723,0.6574829079854736,0.8954270251571586,0.8066555644191398,0.7264740476391418,0.6133860838981859,0.6069756015451538,0.7083504556760387,0.9133932786149729,0.884277245031054,0.7384529000903541,0.7314731942974844,0.8184973732699795,0.854538926533745,0.8823596872441972,0.5737004326577761,0.7985715622284143,0.8141010325836875,0.5886736764917181,0.5644884508064878,0.692264534348671,0.779141880456862,0.8516412160674603,0.7500430543144172,0.8195423579118842,0.8188487189249591,0.7182731087172832,0.8201681258456895,0.7229701901532493,0.571494865667712,0.9574296908952509,0.6315533054993578,0.8978610351677396,0.6615779190746764,0.8659776735810146,0.6511736334438888,0.5994996400929048,0.6511560951019676,0.7203465932247829,0.6422213659503362,0.5873443145186901,0.6847973717574428,0.6285013518067005,0.6625282537079482,0.8218105760749974,0.7635997890729492,0.6805683718793624,0.868416124748549,0.7013360399716111,0.6254204769560808,0.684889293589725,0.8511256503137281,0.693040349095581,0.8703200802515036,0.7346903715224669,0.8738986448708572,0.7710738638956706,0.8530907582464373,0.7969257712023246,0.7833989769078566,0.8889453028129357,0.7779775165938473,0.6965451309235252,0.6839807268058289,0.7208738324211879,0.6206871135080083,0.7463226232259598,0.6415820281632796,0.7089223897097134,0.7741516558747734,0.8677865965019265,0.8927555701520217,0.6945838664114053,0.7767360266058053,0.6368220425450145,0.6810842906865848,0.6869080803460448,0.745678229281627,0.8525050297677128,0.8175199306168928,0.6651972489106918,0.8004365900336251,0.800704747065408,0.8697893523382657,0.678071510403045,0.7452777499204762,0.8486776476824557,0.6688838475711083,0.7926825063319308,0.7703332516348479,0.679091928008755,0.829427918864607,0.9078776408057756,0.7837022994480322,0.71764217109897,0.6219751868567475,0.7496454247013219,0.7215319085889216,0.7215286446049266,0.8058731986234915,0.6528717395544127,0.739398408828631,0.7563675670002541,0.8727446575656435
0.8814953371776626,0.9716243741685797,0.8829917748643296,0.8880105746111734,0.7603544387123131,0.0,0.7873664698588361,0.9442794944295921,0.8206094926527667,0.8464565648396285,0.8986803662478818,0.886923232602442,0.9491910477222876,0.858044289735322,0.7644501174699062,0.9140554976701429,0.8808929784666114,0.7769775331239039,0.8615384256356401,0.9378438558890302,0.8905583869127329,0.8708272625484017,0.7640546924962723,0.808296459987478,0.9050697921765148,0.7901321576215451,0.7508478070953113,0.8540077030750214,0.8941295718618236,0.7525784047954981,0.83929152222999,0.9359323778417916,0.888778069769192,0.7997664491480925,0.9047157371813233,0.8298060066404751,0.8875219380374105,0.8559986440520349,0.7866490586583949,0.9083852807152009,0.8344336919135991,0.8402546850874724,0.7964615518303999,0.88021013036104,0.8894064210012297,0.8064984573873749,0.7766951824356142,0.8843255257210233,0.8656178094638037,0.8412599600550894,0.8496854073963698,0.9065486572821979,0.8444236028147384,0.885729658586955,0.8902640623613512,0.9356455178476332,0.8911864773481334,0.8521871028705315,0.824143997372669,0.8317281462663277,0.9602387310695436,0.7345137577415085,0.9067246212441319,0.8316711791072328,0.7615977861452974,0.8063066133036215,0.8378036995091501,0.789743914323678,0.7494135371521938,0.8298803162756019,0.887685614693868,0.8261707944596873,0.8715741922337871,0.8983630181340184,0.8778744589686857,0.7825045707077696,0.8975618423565268,0.8494929822968991,0.77302406715536,0.7759871599866256,0.945838941418457,0.806638920112564,0.929484310211198,0.9283985022985048,0.8785590413583622,0.9414935391234811,0.9287015108259282,0.7584996422246003,0.8748822511537849,0.8325487447784965,0.7713547989057672,0.769045790316924,0.8562923030814488,0.8822938022493181,0.8609472326497384,0.8556715472574128,0.8123188991389654,0.8890405830226848,0.7721579550683252,0.8321602195934192,0.8018939867725431,0.7975834225605166,0.6435052120366812,0.7189208067178354,0.8565298458742556,0.8833651757492975,0.8258807710214163,0.8872152974098837,0.8010090325361795,0.8629331774537926,0.8610849469411999,0.8241214618241565,0.9127976256310814,0.8007020560599076,0.864402379181755,0.8755951625436617,0.9548557458377709,0.8006374155016424,0.9522887030694406,0.7978993231110947,0.8586381091228147,0.7886134223140041,0.9240665403852619,0.8870417214692541,0.8813326935168098,0.8301350525915027,0.789580072109597,0.8073029527570892,0.9187938446497508,0.8546491969810057,0.8313876786163857,0.917829119833314,0.8706802973640596,0.892607764315609,0.8544271886588023,0.8558819318911393,0.8873535922958107,0.8402112449513577,0.8748163827279112,0.8090507537496884,0.8675836634798627,0.906304130468096,0.860500813821476,0.854427085145534,0.9077895943371391,0.7619741405903864,0.9125382442068225,0.8265958354906302,0.8972227948349555,0.8253138000447792,0.879766724897106,0.9038131530321564,0.8084497353579682,0.784804040307199,0.8834983080660369,0.8354700897844509,0.8954981806071902,0.9356124811917674,0.894936663856833,0.8644303157530158,0.823663690736601,0.8979559379672898,0.9319498626207844,0.8491490782771303
0.7786210772001056,0.7996018432092942,0.8029645278693365,0.8397872384431214,0.7733181862693259,0.7873664698588361,0.0,0.7771675410959762,0.6968561335637617,0.7902755011538395,0.7732909577949945,0.8118004787145571,0.8049900815379013,0.7360182688486847,0.8791100567775508,0.7788921797137213,0.7660686859931718,0.7364783403613085,0.7799400147959915,0.7831571266391044,0.8465418469178142,0.7897000867158321,0.794549661136105,0.804370590190173,0.8235171405075878,0.8064604234202879,0.6802974020242303,0.7275028661658604,0.7542569540603351,0.6779535639647855,0.778766109578007,0.8533334178476313,0.8191627969492614,0.7701993347883018,0.7800597765579552,0.771528652786656,0.8044811833754948,0.7088804618102182,0.7470913149672488,0.8927223526911171,0.759547775685536,0.7520486479072249,0.9223309825081049,0.8398442050990631,0.8303690938024537,0.8450468207572178,0.8346430361781473,0.8088759665602656,0.8984172523129755,0.8145892401861363,0.9202710311529244,0.8077425445681822,0.7498979091671556,0.8404056929441758,0.8503781685463475,0.761970431278377,0.8015342817563594,0.745367048150978,0.8961304905184754,0.7590370184184514,0.7830579826739646,0.6809250965976202,0.8074791586734527,0.7520734183297286,0.8301671324627296,0.7917226094396826,0.7977218243069659,0.8312058394527336,0.7141592650690384,0.7216371226138523,0.8572201517669501,0.7430617881578515,0.7691852495681754,0.8800807947672494,0.7174880661434481,0.7228912110661722,0.9281490042481354,0.8335423204735254,0.6899646067238191,0.639550061259602,0.7624964869403951,0.8130657606442407,0.7994801097227222,0.6983321028378674,0.7935215769743431,0.7460278261604917,0.7618283204261056,0.8428254781006019,0.7643685998789906,0.6844387778830147,0.7455638593435111,0.7828841202788341,0.8095586180192847,0.7680433301720626,0.7934219736830652,0.7669380486330246,0.7123621906039604,0.7907756891644078,0.6903399377942611,0.7965350426197466,0.6886398491155362,0.8929370372219247,0.8442815638816475,0.7333484235939239,0.7580806230310413,0.8218381636751869,0.8149837252597235,0.7408655024257078,0.8702122125825446,0.7897776390900014,0.8901450202866266,0.7930915866055485,0.7890793665229522,0.6703589632447287,0.7396633491125627,0.7280803624339847,0.7911009438457207,0.8272460159367305,0.8578718776421451,0.6649393900668363,0.7785881230236149,0.6993194433120085,0.7551447294526014,0.8496433283109667,0.7145823093772671,0.7498890543476399,0.7451230838096409,0.7532435126858981,0.7838041610622127,0.8491634858279422,0.6792700189023344,0.7676500323833266,0.6709058567286664,0.7081309408107788,0.7744017964535056,0.799808657845913,0.7380162869083041,0.8417605144753803,0.8183412639873414,0.8038688945130528,0.7698694951768487,0.7622555041416406,0.8236095462092083,0.7858397720738962,0.7981668940062235,0.8745254045693572,0.8051844495011646,0.768914279798055,0.7928123281101571,0.654712464776817,0.7899451169731403,0.7542601148389566,0.7386577521868173,0.8916831352929413,0.8231198278056201,0.7700233407493128,0.7564107764390223,0.8294873397428115,0.7810504760358087,0.8078193734623722,0.7997785017576713,0.7184315011192439,0.8249930466444519,0.73872319764013
0.8759561393405021,0.9768574393556148,0.9249398606167163,0.9191421147403801,0.814280948600855,0.9442794944295921,0.7771675410959762,0.0,0.8736301944543453,0.8761389148920463,0.9166673349881544,0.9130138075373431,0.914989957895591,0.8813958204722624,0.7566060694389152,0.9429007648478541,0.9370655987777873,0.8305623744254178,0.9144778022340763,0.9442629479820772,0.8941784265862636,0.9104751790433547,0.8511274321059158,0.7429726270081242,0.8912630608525725,0.7102702873446053,0.8378477010195848,0.9129005525253743,0.9063212949112787,0.8248752006576394,0.809046846372666,0.9441476335247675,0.8818529746937637,0.7645506216957506,0.912801811663639,0.8820704781900611,0.7937752073120359,0.9118107759780554,0.7762281385540043,0.9064876237703485,0.8687916603567712,0.8789072361167611,0.8073033193009828,0.7885647613094457,0.8666002763580549,0.7917697134375996,0.7786644142516669,0.7870179043470872,0.8827483637074157,0.9130329218031689,0.8597797841488334,0.877385205570147,0.9114682114657169,0.8764224346577564,0.8997414295701465,0.8581109549198587,0.918113269989854,0.9287988054003615,0.8586720762465083,0.8833277029290325,0.901057683260922,0.7450319384918457,0.925508217585877,0.8965241206357327,0.762258915917543,0.740440263236409,0.747017382529941,0.7054549923994741,0.8221016423272162,0.869539500098643,0.8112247870265895,0.8320147491965334,0.8770006022115581,0.9140790373989854,0.9441461010235617,0.7001256587227564,0.8759333640530208,0.8295194669821392,0.7359659864744501,0.6533181426693059,0.8340670259399673,0.8251207038453463,0.8931594103699925,0.9057671739874783,0.9035809195514627,0.9620098556416717,0.8530801906479222,0.806640777458778,0.8847938665767473,0.7386903436916709,0.8372150903231286,0.7717095459235103,0.9305764737416186,0.8211888897521001,0.8898834438918346,0.7905982443372809,0.7936723384589581,0.8587631163903756,0.7945206754967784,0.8027512426548045,0.7402300302970298,0.7955351376783883,0.6530641101964296,0.7511853605550646,0.9105181624107594,0.8659363142501288,0.8386398278965991,0.925168125468808,0.8001450337240235,0.7642713590414498,0.8123890763042747,0.8720086150035093,0.8258134038177856,0.8735158852577484,0.8572560060368389,0.9050602005800233,0.9474993949205622,0.849454482257914,0.9272648883687686,0.831814691888611,0.8769589745404641,0.8374991813796718,0.8466177964947439,0.7924360843930185,0.824997267735423,0.7819014395504508,0.8271951469420076,0.7848028215324345,0.9218004676112292,0.8456522579422786,0.8937949259812462,0.94404456585615,0.8140544782038094,0.8937097118948717,0.7960896341947509,0.7727583447550657,0.8171415364583929,0.8268655089214016,0.9323522261215544,0.8791252809481633,0.8059370819140669,0.9178614560637957,0.9024714279260346,0.9417217288321317,0.8251708434324835,0.76144506733015,0.9262244221333157,0.7924935783689294,0.9254150604797214,0.8819406975380499,0.8199300345736497,0.9444757306473136,0.8981844989368207,0.8235675008319624,0.864797748666404,0.7397655107785471,0.8351925335001866,0.8385169239630351,0.8368156208214649,0.8456209937321054,0.7598125519873009,0.8534165246000152,0.9347197707943999,0.8464597797091322
0.9452137371988442,0.8235806587046673,0.8398809948685241,0.8421401883526588,0.880878499116532,0.8206094926527667,0.6968561335637617,0.8736301944543453,0.0,0.7522248509897659,0.9282307500235505,0.720148287256209,0.88444389210315,0.907516843606467,0.6533838633706984,0.9102587122368333,0.9442961992938631,0.95053828596608,0.7941787700116082,0.9095092709942683,0.7777317886571269,0.8991585136422298,0.8832276816956524,0.6337335104423287,0.8045504545547713,0.6486389471032362,0.9350444945936413,0.9619758614340049,0.7801015667249842,0.9300314314629436,0.6640533068410127,0.8375789981513954,0.7189458329864293,0.6217382870249721,0.9133239152156098,0.748875415961193,0.746514130124409,0.954168875866388,0.6077780220791641,0.8479358258015129,0.7097071905819143,0.9520541557413087,0.7310788381141762,0.6679903494338019,0.704749976239521,0.6614824588329992,0.7039469754162159,0.6831861540275398,0.8535794688729225,0.8707760521340429,0.7689019187850636,0.8038096783156878,0.8820308306594505,0.7019148441344109,0.7272915477790582,0.7999151138737083,0.894753052100086,0.9231098671263549,0.8099644475075773,0.7977705130929373,0.7622886984538947,0.6886710606861532,0.9079443799430117,0.8568872811276812,0.7240002154996161,0.6448872746281545,0.666652307841534,0.6910696295636168,0.9176894877920623,0.9408019064513509,0.7637591315591793,0.8141772595207366,0.9268020396341526,0.8445417201250688,0.9603177228847068,0.6368911902367288,0.7664100558782526,0.7479650918156329,0.6197577228780703,0.6133517888236644,0.7281613575319702,0.8019920187665616,0.8490849467951787,0.8672255339759783,0.8818972767061353,0.9151227508413003,0.81919546289523,0.8199343485927174,0.7989600954031266,0.6475710897632427,0.939159927777775,0.6553667525897086,0.8650557081628684,0.7361867770437338,0.9372826385809193,0.6618016316100509,0.6409961961133949,0.6953623207152807,0.7970268938191568,0.6938683373808635,0.6547383526748796,0.6299446710226275,0.5910032340206136,0.6129768140325224,0.9025967223111999,0.7594030459968074,0.6591114861577689,0.9328647066987735,0.6586854930670416,0.6404206355997515,0.6685050077784416,0.8844157850617457,0.7842637493479566,0.9589064167064093,0.8120514850256283,0.9541905649919764,0.8625389415912962,0.7878400176290181,0.8047258583240483,0.8977520370577485,0.9082678739987297,0.8219277061524036,0.7990238852429347,0.6765400343238879,0.8610462309180439,0.6124301494877267,0.7877839849264882,0.6398706232094677,0.7339790629537193,0.7815736098645031,0.9647734778985818,0.9141687652403652,0.8399167566348924,0.9092457829719102,0.663136474732637,0.7088863386605719,0.7240959650845423,0.760333632463557,0.8621467232788734,0.7597437127425226,0.7181315361430943,0.8626414312310159,0.8438107423469111,0.8931197996578752,0.7055795588765583,0.7388559183430786,0.8498898478142632,0.620549779369576,0.8001787340963209,0.8463833132123713,0.7611982044250264,0.8814659535450262,0.9206221952986873,0.6862475964608753,0.6872218301122636,0.6677718436213929,0.8275222404861017,0.7126613102612744,0.8318455160604928,0.856746705563792,0.6483409180599755,0.8756488432542474,0.7859997281711049,0.9427405079402414
0.7797411551023609,0.8690059574871074,0.9258984721468103,0.7832967848655715,0.7718143246022259,0.8464565648396285,0.7902755011538395,0.8761389148920463,0.7522248509897659,0.0,0.8711314966227054,0.8602370455900306,0.8490534078508669,0.7701591709285163,0.7501864172122886,0.8805805895983209,0.8228195753197937,0.7787479143070087,0.8104021278307006,0.8164407261762936,0.8049058376026045,0.8663364567328328,0.8114251426181331,0.7044659370153751,0.9430042667199581,0.6587608526069183,0.7725862472872822,0.8011504305891765,0.9395163755958975,0.7658223736894878,0.7559840195389097,0.886159766230368,0.756979529286408,0.6719609231711096,0.7912461598267654,0.7661765311342968,0.8052484808896327,0.7983519537195435,0.7178104961283293,0.7997208706576491,0.7291308043539709,0.8055695549113975,0.8517808284319752,0.7612998726981329,0.781084380703524,0.6825752804863016,0.7355757676536822,0.8252564554241697,0.8792429553683888,0.7669387478776086,0.7561720821252892,0.7126120772418532,0.7259685744727157,0.7876141832259702,0.8832072579807165,0.7598699269524658,0.7531478448534209,0.8380201279391761,0.8484279035422486,0.712277785600302,0.8083027975364813,0.6321793105717447,0.7961888914378343,0.7962773828782455,0.6670865486110737,0.654365612301898,0.6898481327641661,0.7603454901525049,0.8134328343081001,0.8468736653982218,0.72294442779003,0.7331731045531578,0.7584236692670359,0.8244312335017215,0.81574269409106,0.6668609576836209,0.8211183556426837,0.8222206484407425,0.6213849485508337,0.6162038813877471,0.8018858512417836,0.6838154975698972,0.8632383414882614,0.8009269214618197,0.7318469232270464,0.7942221221618176,0.8124572006582799,0.764550804932229,0.7755266707827813,0.6357007862369011,0.7489539663954108,0.6693366197600706,0.8516479219026397,0.6733704627210853,0.7522357968413961,0.8565961272617408,0.6599368991255152,0.7679283792290035,0.6686174626776747,0.6803278737911683,0.6864091270867446,0.8425706540416403,0.6406032265860067,0.8915868152673588,0.7477301052985116,0.7431455703383179,0.7367621573565671,0.8713391330414859,0.7312291161779928,0.7624907945882582,0.7594649124419123,0.722354320569079,0.7469001054393544,0.7853814924430462,0.6946072629539104,0.7438767962775161,0.8159894518648221,0.9504571576543177,0.8870348184860344,0.7116558486460325,0.7354623802902339,0.720988613224578,0.7269016308976225,0.7355203021554797,0.7244436021289888,0.8264657433207104,0.6716129169028865,0.7063146065535867,0.8522368505005873,0.8189412947124122,0.7990651242125953,0.8221225364060475,0.7165743409409062,0.7026047848918824,0.7679189875713712,0.7337321568536138,0.78960377418148,0.7376711936594279,0.9273667225282967,0.8234140440838265,0.8520471893743448,0.8250985576255704,0.7332695694796998,0.8185550747231826,0.8127263800405322,0.7310833722215814,0.7790853700862554,0.8246479914226076,0.9742673668691378,0.7483065149114281,0.7080252474978401,0.8915848164211099,0.7755880976748438,0.8513331364711324,0.874277809838287,0.735585273520717,0.7782384864534341,0.8112390429185423,0.7614033349743557,0.7507822865739385,0.8663363142352182,0.7491944750109013,0.8630551058821454,0.7412837755191107
0.9500534479312931,0.8872358059450771,0.945755359049428,0.88074419434903,0.8935200213601601,0.8986803662478818,0.7732909577949945,0.9166673349881544,0.9282307500235505,0.8711314966227054,0.0,0.8121547781934332,0.9428234325039352,0.8600013783480879,0.736113902749931,0.9638075331952738,0.9579669287793959,0.9370299228761716,0.8691722046528718,0.9402565967429394,0.8708994624545918,0.9734495217978127,0.8879561600363318,0.7311978355385105,0.9295300270130031,0.6869328849689239,0.8750606808004636,0.9564241146529904,0.8665355657493894,0.894163761576408,0.7084509964265668,0.8959140085826116,0.7563806200638988,0.6532777705186216,0.8975504789275962,0.7487900905192466,0.8344831843445453,0.9156856371691167,0.6723020309243563,0.8982569887410656,0.7366310178688098,0.967237357885956,0.8315216501377554,0.7538186553450502,0.7516124770927364,0.6943506930016253,0.7209906356148589,0.8034094285392364,0.9296002640779238,0.8522599209944612,0.8146563106092705,0.8259442604040387,0.8421413551053885,0.782730790488102,0.8056748124427564,0.8207725404662917,0.9046246044648445,0.9393607185828443,0.8722521157645199,0.7644162102009388,0.8461973540677461,0.6461360326051557,0.9403956318363729,0.8272479524941071,0.7510559625073072,0.6959555365931498,0.7151785681616852,0.782273087547738,0.9059620117046377,0.9765947608115538,0.8116243093126503,0.7796777475867204,0.907993843488278,0.911167384759915,0.9521218492290567,0.6645767957977753,0.8525862113833268,0.8091961225899422,0.6362732994685005,0.6558490354708778,0.8352517668277789,0.8027837593228713,0.9360394376315674,0.878245236062612,0.8583739862809144,0.9120700958981461,0.8881708030780193,0.7977192990162321,0.7937779562322684,0.6665451973054031,0.8928011648230026,0.6494329310876755,0.8865630825608601,0.7605514810492168,0.9088093208281438,0.7566706218860603,0.6660950353918298,0.7363874953905599,0.7262411922575857,0.6993459113376143,0.6710522584220963,0.738931308788166,0.6059990475622645,0.7123044637896383,0.8474581163397467,0.7860055182703379,0.7131224085268537,0.9796047819404753,0.697416848059877,0.7512550983438268,0.7621895931799854,0.8359657164094708,0.8287878449172765,0.9072582802734347,0.7794232271852024,0.9172606990127274,0.8937489034629186,0.8983053281913227,0.9130587498319452,0.8127961071379741,0.8787452379035273,0.7656592871835666,0.8272214894851483,0.760529128997268,0.8518706049274452,0.7060097345716249,0.736049130716977,0.666365831081174,0.7962555538023263,0.8154546191612365,0.9184957031377062,0.9566299979382579,0.8294713363586028,0.8582757268160147,0.7634464678722783,0.775526594071786,0.7964364764990396,0.7691646490908589,0.9454135806204956,0.8131115470041572,0.8119192897905655,0.8672444961357505,0.8279785986107684,0.8838972201187382,0.7888935009846761,0.748139114870484,0.879006966637399,0.717530042431379,0.9058540048808588,0.8021780446276843,0.8021829866795551,0.9254866984335033,0.9150190174553078,0.7576958290223008,0.8128513029228911,0.7591993986467518,0.9131440825784627,0.8238629307699364,0.8546760564430581,0.8534502972545565,0.7581187738037173,0.8672545472117373,0.8355167675055805,0.9495635543616395
0.7449520654041691,0.9386858991110187,0.8762782062040272,0.855823944689822,0.749763699094709,0.886923232602442,0.8118004787145571,0.9130138075373431,0.720148287256209,0.8602370455900306,0.8121547781934332,0.0,0.8010972507647447,0.7382763506292812,0.8512721057799832,0.8397181443834555,0.8088995325806537,0.6991253431131658,0.9149710000038376,0.8324168868656423,0.9005033405800814,0.8301631995071498,0.7580440406829848,0.8168376955465544,0.8489906218216339,0.70689125918414,0.6977979510897367,0.763898640860707,0.8850716959173437,0.7104447947566488,0.8646461702011754,0.8721307980389739,0.9181823586245722,0.7947153728493458,0.7916999294890703,0.8616666753814722,0.75486066221327,0.7714865736393193,0.9172798671297545,0.8389218786993403,0.9238627338453943,0.748262225019495,0.8333725731255212,0.8437979107438024,0.869851182564353,0.8212248269828242,0.7722088337428786,0.817250862137405,0.8187500010118975,0.8317340257184671,0.8531678105529161,0.8246216768152217,0.8112270550698224,0.937334622555369,0.9380133275609848,0.7728520983930577,0.8292148054261768,0.8292980362466951,0.7928091862802352,0.8176054297822486,0.8658793717668987,0.6967028133704775,0.8261789230737702,0.7902746205096834,0.7499772682742036,0.7438679217847719,0.7231778918526418,0.6853444395062606,0.692860314497465,0.7415142885797046,0.7784708112595627,0.7396290390726865,0.7291738037017483,0.8480464819444891,0.7990010125784293,0.681403363338368,0.8630637605998424,0.8318853190259234,0.7646467636163975,0.6448183295722294,0.8193950500669461,0.7764447559220338,0.8507592128441755,0.7829488140421875,0.7911374984180624,0.8454078792933389,0.7645956433154175,0.716849428730629,0.7945728542869135,0.734915979393292,0.7159013506946944,0.7834743945879398,0.8744887844937584,0.7894421581361316,0.7566257122524223,0.8334414052229937,0.829795605333672,0.8554310229155491,0.6988640948216737,0.7646541489885434,0.7296651034313058,0.8854016587791804,0.6655815997137201,0.8370888017918336,0.782453362086473,0.8312413852364962,0.8897417753662843,0.7932638801945491,0.8472664564855209,0.8121899317700165,0.877529827790634,0.768715410373272,0.7400124924262704,0.7209370215517223,0.7692572179074089,0.76380446600893,0.8467725738206496,0.8360960624996711,0.8822224046904935,0.6867025338447214,0.7857590745899833,0.7400286816762415,0.7623693181269963,0.8448459983302608,0.7163148174588538,0.8807150981676496,0.7357138964800403,0.8339033907718146,0.9228356932126438,0.802831498317958,0.737991289283393,0.8394977662464979,0.6970808660768256,0.773271184081203,0.8471856517361639,0.7811621023685873,0.8176304109144269,0.8037525739973624,0.8604226960788556,0.9348060202668255,0.7896469977039189,0.8152414509753388,0.8229736914163113,0.841726954667906,0.8390516083119139,0.7058272402836545,0.9000902837738974,0.8967214238155857,0.8915457461244531,0.7705598427981007,0.7873346491265486,0.8655294463315767,0.795040371203111,0.8664043194486223,0.9522846397773503,0.7450600226533284,0.7621393506784422,0.8627589386421433,0.7492856340133826,0.7386249738107671,0.7627646978763615,0.7365475346247232,0.9161710439088319,0.7323641905835674
