0,1,2,3,4,5,6,7,8,9,10,11,12,13,14,15,16,17,18,19,20,21,22,23,24,25,26,27,28,29,30,31,32,33,34,35,36,37,38,39,40,41,42,43,44,45,46,47,48,49,50,51,52,53,54,55,56,57,58,59,60,61,62,63,64,65,66,67,68,69,70,71,72,73,74,75,76,77,78,79,80,81,82,83,84,85,86,87,88,89,90,91,92,93,94,95,96,97,98,99,100,101,102,103,104,105,106,107,108,109,110,111,112,113,114,115,116,117,118,119,120,121,122,123,124,125,126,127,128,129,130,131,132,133,134,135,136,137,138,139,140,141,142,143,144,145,146,147,148,149,150,151,152,153,154,155,156,157,158,159,160,161,162,163
0.0,0.41640291522115536,0.3410416662015705,0.37303031047259133,0.32602514629663915,0.4247066070287429,0.3081044120064718,0.3657061502186488,0.37203300004042705,0.4311543667002756,0.46842074435966297,0.34735961870786247,0.654269963701033,0.37428923075145965,0.41719591363908404,0.49494670766522403,0.45480115036992697,0.5140626582491479,0.32473461650067015,0.5820419966434718,0.3660689881989506,0.372613966017133,0.2673887614338203,0.42832619314258513,0.5201425315971699,0.3137075287987385,0.29902231042980254,0.3384104335331999,0.44344897443139464,0.30005315446337955,0.42797741398620176,0.4495587353380286,0.3605599107734603,0.29119676451592,0.5223235098323133,0.30818251436043437,0.47125238852980067,0.3541790684456276,0.3125957060358152,0.47989505167942914,0.3103765333967377,0.357377722400574,0.40519019873789447,0.47424155476012547,0.42292528496377524,0.43782414522056184,0.28782153743834704,0.43771890016679527,0.35777541415016567,0.37390283028699345,0.41158260156151144,0.3569483712980979,0.2983437549003794,0.36344646026091826,0.3772901546847063,0.3482795617728684,0.47459809127283936,0.3693628434141879,0.4515623583520773,0.40040095321349173,0.4284919346606203,0.2769952692789878,0.36466888217156224,0.2858022900467871,0.3433029803713255,0.42830006968314,0.4301910364138843,0.3772720750568531,0.32040623197142326,0.4113433579401724,0.40888048435398855,0.40467659147931473,0.3984598727210404,0.44524393129901063,0.3979654391158766,0.36931100180146825,0.31604944528032813,0.34697818358280164,0.32804331033549416,0.35508081175959927,0.3551230228481891,0.3166244862268941,0.4146813648599982,0.3841528184715691,0.37874572318863,0.3695471562580429,0.39090521719413357,0.38660716501759224,0.39637902824663934,0.35182473864468755,0.3611941726551627,0.3322796839921551,0.3976932198530767,0.39490011983763845,0.3489244153944806,0.35681158790146655,0.26666925813944237,0.3226447469844664,0.2687200317401566,0.47074035254001906,0.4221581009165468,0.35973216155498633,0.29982513005363964,0.3037342840835385,0.3963937873635871,0.3775904100985412,0.37090956391590507,0.39189959785147266,0.3985443742713456,0.42719836280357254,0.3591370635471873,0.3348546849609534,0.38416150383729386,0.3232303747628016,0.39936033336827204,0.44478892265966236,0.46195056131738954,0.34398625502008756,0.3700263756772056,0.2776678577979321,0.3786458934735384,0.25503900884799113,0.35165857609541085,0.4667548647768669,0.34852789872705925,0.45040058646093317,0.2699715894286428,0.3619383800094691,0.3598707668616304,0.35576254692009657,0.3284481514762935,0.3331371907943009,0.36939876612031625,0.32328034881215,0.3771139289402776,0.3659028500762751,0.4850783332391316,0.3982455295791065,0.40018444279915705,0.3722133426709198,0.3858677884022555,0.38182653281910606,0.36411894446155946,0.2769615882909941,0.38841472582443937,0.31806657621427903,0.29394187545305006,0.33883784904269465,0.40123195579832416,0.24974710698896171,0.5019524501858108,0.3818248653300534,0.3368614799592487,0.3022313491850258,0.37303137476227577,0.46240605667681817,0.31331521556104386,0.44429655045688055,0.49185088193568716,0.33180731433660293,0.2889956162896462,0.4966168878996999,0.2516197120845605,0.5160899926518662
0.41640291522115536,0.0,0.4100081358953354,0.44556748070339447,0.350179412993478,0.5528782207385587,0.3069430218979404,0.45944976294547124,0.43454272262360943,0.47125466213384787,0.346872627952876,0.36641075181936794,0.3942303696450676,0.4735066235860979,0.4278051391857698,0.4054314885701602,0.4414411302020616,0.3922713470073953,0.3343430292988197,0.4737647000988025,0.46621292911015577,0.5031736374527848,0.2425356082316238,0.39349384358683964,0.40048240123932916,0.32592890693021065,0.26989720477306883,0.32726912417278536,0.4822890336379301,0.2773638628564758,0.4425360757139633,0.3957465900347204,0.513503080015956,0.28273828565529946,0.4798932293223498,0.3496334519581,0.3404458474011866,0.3798210466824864,0.3649210183563139,0.4407513336478325,0.39428205798338883,0.4660444007651805,0.34850224736966634,0.4668558715811265,0.45497822463137294,0.3606199028249993,0.30707038012265825,0.34636886965377917,0.30930825041985244,0.42007555364664423,0.42454055666242163,0.43494617007522374,0.41438520993642936,0.49940881064769055,0.3584391617049553,0.4170277737205016,0.44752772921585043,0.3884525141033893,0.46337860748798965,0.3946471667443056,0.4621000631624694,0.31075821086836924,0.3970307259246171,0.29631387815155147,0.43580743122929344,0.48269004895937906,0.43677793741712445,0.36303475033370824,0.3078457439358509,0.45295469807374816,0.462294644511007,0.45819004261255836,0.3979852728446852,0.4664113077362538,0.5132130752989574,0.3122087783086508,0.324557876630979,0.3697552620049946,0.3390652472140532,0.3368517149570001,0.3735387333893044,0.4159853650800274,0.5350196256906801,0.3439049421994602,0.4354243563860202,0.43706197398957103,0.37646642815807846,0.3464217745023648,0.33527849610833643,0.41743701401589217,0.3643631942162536,0.41746803376929376,0.3644183566079741,0.37869938094471517,0.4584504563942896,0.4076712587137037,0.36027824991849994,0.36880993390735556,0.31539565148730053,0.4513499893295739,0.3777563870843761,0.3268934305689096,0.3025111773430844,0.33235304960673856,0.4175142215933492,0.38258356272913235,0.4073806756437253,0.4319012549564808,0.3978707168072383,0.40987557985841067,0.36567287217607675,0.3436144293975006,0.4074469374910114,0.3736032573446255,0.42085968560120507,0.547577327153216,0.40853363829946293,0.28004602776593107,0.40880857033850665,0.3279391810738281,0.43798130088980947,0.30769798977268703,0.36895533529394614,0.462418230131003,0.38467903957652133,0.44906819389863345,0.37544875048493515,0.38292512226399966,0.438162562946511,0.35937468811593987,0.4095161038993574,0.4519199153011466,0.32414295640320046,0.4757848776476655,0.3961507687577139,0.3833505456489735,0.3503523616259966,0.421865915676732,0.4005631363183543,0.3436779336051779,0.40474606865026275,0.4771213730903317,0.5016744971281133,0.34419606999806296,0.4207546299931508,0.3257334073421402,0.4035228658341972,0.3688287112124146,0.448141758711532,0.27690314242073527,0.40246780462253445,0.4025012486571267,0.3186681989074631,0.34875555704219796,0.407967735659087,0.45940452944323334,0.28598005966564566,0.4971778212423451,0.40542378193374085,0.32312810493147676,0.3226880884265514,0.49229592411366474,0.30935213851553395,0.4411316691553304
0.3410416662015705,0.4100081358953354,0.0,0.3908588361904654,0.33724338156648076,0.39484238115908027,0.26269359775147705,0.45075515626092816,0.44823188026054633,0.3958287296749577,0.30972902440984057,0.3148761461833602,0.3379768998383278,0.3873242616950362,0.3462360230560399,0.3797349491763585,0.40822209838095447,0.36610913661771954,0.2839530253249719,0.34549225098887326,0.4596748433229142,0.4855300436231205,0.22820744685254682,0.30538322125717204,0.3312699850632778,0.385357927022986,0.26240320107881965,0.2885738433674771,0.3143371293151936,0.25911847752344647,0.348819229049051,0.3403553684422366,0.40131243691228674,0.2601456142365235,0.3575136895032529,0.4019797411433918,0.29423583703017464,0.44051723512770335,0.2924907475912962,0.38500553386080605,0.4186559561379927,0.4671212486908358,0.3252163205017471,0.3676917704227685,0.3939432159440172,0.3230777899691873,0.34733978394776244,0.30004075265534774,0.28172166000719046,0.4027733718573325,0.3671910932047977,0.5081081262200836,0.2924377941182442,0.39828351762306624,0.31234017125789004,0.4081965071886505,0.35856441932536376,0.37110119516242634,0.37499779942037254,0.32501498957245506,0.3272285918343918,0.3453977636181216,0.49446391792188377,0.3792382612778733,0.3786292189572705,0.388068024099011,0.3427080418566657,0.3668810985215865,0.38912547301453,0.4083559439790799,0.487185332944696,0.3483395214813159,0.4349105440306423,0.4609439487934275,0.47499234232432774,0.23971053567974002,0.3027810511863489,0.3021253755418126,0.3335270596325188,0.24243520175586855,0.411086249466688,0.46609773894949347,0.36171741954849224,0.37807746204677106,0.4104720997068263,0.5460392006209964,0.31539967098194005,0.29526229384384267,0.29445708066726606,0.3571413166296556,0.37460602292651696,0.34677105200179964,0.2972742407762968,0.27298191936249805,0.46589782078299663,0.35309512030789997,0.3991914168904726,0.474720095873039,0.3577394004382626,0.3846382471460835,0.26857171504342614,0.3243945260308717,0.33031896213427986,0.38859544583085814,0.43259579313635904,0.40340532737136475,0.3675217398468409,0.3617444172018497,0.33013670052724337,0.3180301255797635,0.31063105386395323,0.37568186859531516,0.371383698984938,0.3309136893488012,0.3430912348853452,0.44422777382543366,0.3112739525840262,0.27494005620353373,0.4490207765104024,0.41605113397146976,0.39027051930644746,0.3530092690788677,0.32625150555180044,0.339179529270805,0.3209666837287446,0.32896228752398227,0.4157503300602464,0.3257865480857228,0.4420109267226876,0.4135236961655314,0.4470047626635616,0.6952062946390404,0.25627802905252905,0.4078336298950822,0.35348942362931485,0.34083348616002324,0.258536829348268,0.3603313857384967,0.373128748734226,0.30578631789466376,0.3262167084451442,0.3823594684905808,0.3709440484132631,0.44929108613591084,0.35108094648463595,0.323781196909265,0.5182489736034477,0.29788878574574945,0.41668620593080363,0.3487008157446142,0.32213389864760045,0.28958162055062486,0.2985136614780505,0.4009133959465053,0.4026151047292702,0.3515068075184549,0.25059634799949365,0.39732886103268494,0.28540519209940457,0.2832197122448601,0.4027899541532426,0.31925211961006567,0.366929532680368,0.3611706991017239
0.37303031047259133,0.44556748070339447,0.3908588361904654,0.0,0.3992202231344294,0.37672473220929137,0.388687851610906,0.4404653967892022,0.376353083259275,0.44457230334304554,0.38626209229358244,0.49208045311574256,0.36815187675304856,0.339408910330979,0.49931547925289815,0.43223520641397456,0.4808205553926635,0.40692015729747977,0.3733078655218465,0.3798229551729184,0.5037396176364705,0.4170821020604292,0.2960682304285739,0.38634004263416033,0.40670219224535625,0.33958836447953705,0.3539427948169679,0.31194820858736977,0.3832584097997935,0.31141853561631433,0.46218398129752253,0.3837236251089224,0.4679169184834353,0.3268058504680659,0.3664204397783668,0.39277820100447297,0.3627653167992395,0.36655997873748947,0.5135634797472903,0.5075750269269883,0.35103296656024024,0.4259045468177951,0.38872472913497697,0.39826730049624076,0.43170759343945064,0.4373515470577978,0.2745414849879961,0.3494225869819736,0.3480790356385655,0.40222390976392314,0.5520879864743722,0.37322915623614145,0.3711525298274609,0.5436119382177433,0.4606866145141913,0.3238786071237806,0.49250971705616414,0.49331964400662204,0.47742616593378934,0.4409061059061818,0.4283099971848129,0.311108760518105,0.3745861867286063,0.3119818319520268,0.4370805812231731,0.41173558293988705,0.4367213587991729,0.2958683304032868,0.3189802939044912,0.39328048555867506,0.36200983354134014,0.3747569130145374,0.37242699969341286,0.6228686968032956,0.4288261978109547,0.27242866580019964,0.4465657973571405,0.4995286380558249,0.33215876417672746,0.28519240033093346,0.2929530095673803,0.48587706374197154,0.4014003709227732,0.27612050319114606,0.5112173077110717,0.3520391046432073,0.36985483334523594,0.41484535826128993,0.3749928456559922,0.35139021587421987,0.42826614274307134,0.4213234363066509,0.3961531152474363,0.3296137351466964,0.45750010946012604,0.3329312223962541,0.31530064088044335,0.3464701445746808,0.3315918012409263,0.4688818077114355,0.35530134701618626,0.4828659144434627,0.37058600646255135,0.3219289406871961,0.40664855376043385,0.38573587450412006,0.4745819100229613,0.35913987392571267,0.38966213571206,0.40275200132906713,0.430391141398767,0.3948686811072694,0.35482854668420866,0.45732910913817926,0.3749417529029886,0.438941459427993,0.3674413456862227,0.3325771934631643,0.35879890997047886,0.34200789600576714,0.45063804344532393,0.33437888308941793,0.31165240780925885,0.4278617347792951,0.29408063295034353,0.3933177396462893,0.390004800706361,0.5252449763243375,0.39159319981377966,0.34798754957934497,0.33719942380141005,0.4240781312492568,0.3347917219020676,0.3883991165203547,0.3792347734113613,0.2856931827231813,0.28936153333872267,0.4070654159403749,0.4233831649672405,0.4316132738329276,0.31830628379822207,0.40347315539831446,0.5971586040375687,0.38981161235454903,0.371837843892884,0.35741383520583564,0.42066624424208016,0.38730003795603846,0.35133609877984423,0.2884387807291568,0.4278581052851853,0.40305496005705854,0.4361840866027134,0.36050691656767225,0.453186295651056,0.39123506576124634,0.2750054844595394,0.4451257923543714,0.36994498359483763,0.341673459480905,0.2877036598843006,0.3508479178855474,0.3442753773097637,0.4550877804983241
0.32602514629663915,0.350179412993478,0.33724338156648076,0.3992202231344294,0.0,0.2961322536761497,0.3632395570751069,0.3615187604833751,0.40270301035081824,0.389646355993723,0.3202650538231141,0.3404307743096221,0.2984398155992583,0.37516463630312147,0.3931825278040076,0.35487012550350916,0.34330354816816394,0.3970326499180514,0.2638293045603351,0.2997344109223705,0.3835194264325394,0.36884285574548803,0.33275962917868596,0.2887712839603065,0.336408843961206,0.3422823794870373,0.37918138769828835,0.2411273749120354,0.33380875065542204,0.3358211979659452,0.38735377431297746,0.30329826843674546,0.38745058965607976,0.256818155538803,0.4043653595280168,0.43791066175805654,0.30165846712964633,0.38259888171123624,0.35233210772399726,0.3655351808083984,0.3713638325478691,0.43923651093662086,0.38176366397217965,0.40711235881048985,0.3457304365198461,0.33800383703602677,0.33450344378682145,0.3301855364295189,0.3179355110825586,0.4260501261376064,0.37273784982694946,0.29783394902728555,0.3319353598052181,0.3468652385059681,0.35370208223610783,0.3205251769547697,0.316107123706387,0.48020516088554027,0.3782443239475747,0.353819421035619,0.2648428103888497,0.3502853565074244,0.30759807003003387,0.3935793103429939,0.37592243496367356,0.2977245770513037,0.35295783084022975,0.29684899680629945,0.34861056440585664,0.3828411867019255,0.3368534335158709,0.3933733897020512,0.33423312414611506,0.3507898638054629,0.3409414877497194,0.2417683824779907,0.3063131363391733,0.4485661764157116,0.32109904294996294,0.2451712073580257,0.2851631616971269,0.38449013294153506,0.3702099041738002,0.2642159667338221,0.4360523774202022,0.3224671724405107,0.33965101777544976,0.3836090243176542,0.2956149010208853,0.33350230703997313,0.6398272043835865,0.49403673696153816,0.41240502915973143,0.23883931984053475,0.41890819016896663,0.3316612561440815,0.25182741475570597,0.3302453386584193,0.40218965515749394,0.31796562092052844,0.3058880893258215,0.35541486156299396,0.466399149689268,0.3694082977597449,0.39594659350894573,0.3590420867136126,0.34820328576278375,0.3850630388623736,0.42764652485471116,0.29127047266587597,0.3044358985319588,0.49692500137731527,0.3004616952699719,0.47709811294299315,0.34339685711489903,0.3497390190697153,0.29353524197284536,0.31378825464646176,0.30230582815864465,0.36749942281315967,0.5204772919709238,0.36877696430468754,0.2816711204456795,0.33456346821626426,0.32322164631886185,0.3148865603815268,0.373561452715935,0.40819716439550113,0.3424997337145171,0.3599556800287905,0.3665863835057119,0.3303949292146082,0.2664178678609844,0.34867716831895373,0.3147308951910701,0.3067935030987361,0.26481585510799427,0.45826696117182947,0.4249096555016602,0.43954977822872227,0.3064049931499378,0.43058417373407953,0.40626079812846255,0.41678855425782657,0.3985822828714768,0.3896360176654567,0.35526737937265424,0.3527140672604588,0.36585872790498836,0.33033887901737446,0.31313997260235527,0.3361230052848735,0.35522662887698486,0.467408793643295,0.4272126776522137,0.3659633529409561,0.2151373508139617,0.3804920041854255,0.32446729135295665,0.28189520906122956,0.2875799831123361,0.3327507349308948,0.3902724016808688,0.38957825743876406
0.4247066070287429,0.5528782207385587,0.39484238115908027,0.37672473220929137,0.2961322536761497,0.0,0.25183484057363237,0.42664556659472974,0.3858511936004574,0.3785906824549322,0.35726824617157404,0.30643132348753593,0.4880504899296545,0.39231161967213707,0.369522648894035,0.36131924182982855,0.3690095840619823,0.3309904291088129,0.27853058245023893,0.4553934191956925,0.4033111314057426,0.44017512168888273,0.20814837813958087,0.3396575217041564,0.3518894925039803,0.30775992873289754,0.24421344790977492,0.2916852491060457,0.3735034207920604,0.24175881910896296,0.36077204833366466,0.35768780938992606,0.46783166199382303,0.24967088417930014,0.4004673656147449,0.315953831615572,0.36635205896336437,0.3436299351005412,0.3073722254683187,0.3418379655179044,0.33983895462128694,0.3977550924868151,0.3105005018809065,0.42349962951365594,0.37432188184130477,0.3221552737687102,0.2740633962710748,0.3738282592093112,0.25475372862574636,0.392310756181959,0.3540617891169171,0.39716768758985127,0.3304396924785516,0.3971697063355302,0.3058046028526932,0.41580253757749175,0.37120738936512065,0.34067042341972004,0.353689734362866,0.33489710877896856,0.5582079207828593,0.30801214852981385,0.387850617727025,0.2595724256615252,0.38055446326785336,0.4171871413073115,0.46139546015413063,0.4041196987341861,0.2914605834200482,0.3824289131845356,0.4311368329652301,0.3490693492078054,0.43232543595249395,0.398383575180674,0.4981962239504064,0.2868920963139957,0.2940287703174786,0.30143021734383363,0.3224804677637404,0.35834178744238476,0.4002507103927309,0.37227092712931564,0.4053436089026249,0.4075812266220919,0.3806186944356966,0.38447394183733347,0.429588559830542,0.3021093848130067,0.3133781077725751,0.4231321734521966,0.3211569144243667,0.3530101992347533,0.3058790893164394,0.33763552542789127,0.38259364422645054,0.4009284722505381,0.33931885196682127,0.3242097905398219,0.27468391893893856,0.39611022006190144,0.34933732940504764,0.2912959709306009,0.27805529692961684,0.2901043597288493,0.3979133497112422,0.383401409133983,0.3781677290986622,0.36814243822163223,0.32835946611418515,0.40381058793459146,0.2993794493653378,0.3035756029550365,0.5264090573306462,0.33253544214949693,0.36869172487436047,0.4338492609276732,0.3405456334948833,0.24428771299262242,0.42724279251327946,0.3034705893226602,0.3712549870959922,0.29500034514919243,0.4027840983688361,0.37225254136634467,0.41394820655632825,0.3699306960817101,0.34959946755686255,0.32319422254041097,0.3847721830477653,0.3325691881085218,0.36584980996362143,0.4403559901815443,0.3597729602563437,0.40550658403226514,0.46712757506922287,0.37321975917240585,0.3332137140803441,0.33777718871501566,0.33155054982465076,0.29307347530629485,0.42149774632277964,0.4050329138425599,0.3713994441090262,0.31095175329926594,0.3905303854277859,0.29020579425668075,0.3629825752495189,0.33241535463817773,0.3775017138833045,0.2567208303180267,0.3594253187012524,0.3214461359651103,0.2697032444497984,0.30447785597087174,0.36738078458220963,0.4674145696376619,0.30385948558158093,0.422844169440193,0.38448697737922505,0.2884138103568193,0.3028544040626567,0.43072185311570577,0.27698264848225845,0.39519950488256805
0.3081044120064718,0.3069430218979404,0.26269359775147705,0.388687851610906,0.3632395570751069,0.25183484057363237,0.0,0.29196191655669235,0.30855104100698555,0.357546209423531,0.3422752389811301,0.41732063122177376,0.2943223364637028,0.30753730509173,0.38413901259862554,0.33584893833395896,0.3152571173619955,0.3369473329562375,0.37784442219369213,0.26900859328727167,0.3075323053870424,0.2897090656824614,0.4195531708847461,0.3282489253373829,0.35715344732827664,0.2846463931115724,0.38172309264608256,0.3122260859500201,0.3394782507398628,0.405052217448284,0.3724418843171973,0.40408950811474553,0.3396141557725366,0.37637019180105624,0.30650342728823876,0.29926668687961344,0.3185551856224028,0.2892132530099643,0.4065972160723577,0.40021775413645777,0.27287415014138056,0.31317154385532653,0.3365951548491975,0.3251957953445568,0.32285183083294483,0.3321837214427547,0.2717456952721324,0.29072187716566955,0.5267723460277625,0.28768751138806553,0.40524272309263154,0.25006264523592947,0.27556153469116246,0.3251601671034338,0.4980835394611348,0.2837966644233107,0.34390634683763094,0.33752877703832734,0.38951209705340006,0.33935383184179446,0.26421095223937496,0.27243914378180545,0.24952499877404036,0.29897278945510525,0.30592859507413633,0.2690318490590514,0.3322257999525427,0.2765311367640205,0.27771396195090203,0.3009650187024337,0.2899445224855874,0.3203330208156291,0.2719297602644782,0.3587757088857488,0.2615013877296664,0.33989629168467195,0.528386077346531,0.42441807439213475,0.2732579935340288,0.2846818075430511,0.24797706457732396,0.32430287112267786,0.33956361973730115,0.2206010243562048,0.3392864366283818,0.26459639888489456,0.2830857048092505,0.3872433656687781,0.36218721898664985,0.28771656754244995,0.3559952980012881,0.39082901046191865,0.41690476520255887,0.3278851892665899,0.34322200839333883,0.29721287017659936,0.23035144342521244,0.2856104680556673,0.31144732005270015,0.34240917049098646,0.33896347637736945,0.4233444620886493,0.3324804668517827,0.29255390466975795,0.30169861701845296,0.2989853422733718,0.2939557936696666,0.29777813158940963,0.34211915799884185,0.2922641756956325,0.4188337548588898,0.3278183583552847,0.26521315063212986,0.34172127965290666,0.2892208915469468,0.29412263418914564,0.31960850004787233,0.46054683990832695,0.2586443964892197,0.2785161125878961,0.35404388080272053,0.2703446705739763,0.24174253444960864,0.41353270776413664,0.26881396190789,0.35188298469215457,0.28269022582503067,0.40033528587518713,0.28325432493218766,0.29474324950527003,0.27811934551162903,0.2599784096346802,0.3039884444496045,0.2756753985074991,0.2603092933152069,0.2637930838753583,0.27568137799152015,0.35210480411438144,0.33756574738233125,0.39177206869602943,0.2750328707781937,0.32889240149825905,0.386039569538036,0.29551063668646027,0.31571179727558474,0.3292315831969216,0.2931994593060897,0.33830480650609374,0.2931414371644154,0.24656875692055016,0.3470911271265111,0.35652436060367254,0.3428718777326884,0.3360350595425686,0.3479642571947505,0.31924015701248865,0.2826165917601783,0.3471328300568645,0.3664646950417561,0.4368233005808647,0.2529021333331878,0.30091460119181335,0.3124052321696301,0.32908824865426356
0.3657061502186488,0.45944976294547124,0.45075515626092816,0.4404653967892022,0.3615187604833751,0.42664556659472974,0.29196191655669235,0.0,0.4621199424920765,0.42593970621180355,0.32964065191025205,0.3835725516315861,0.38080479195046,0.390436876679983,0.424494018265766,0.42367990558588914,0.44124256484921975,0.40270343111222257,0.32850644623387176,0.37454974806187935,0.5077172672559204,0.4016124174675192,0.2530188710944024,0.31436779724509967,0.3676531478348496,0.37495880501249823,0.304871193045436,0.2970780359656875,0.35183524672145455,0.30065090664044397,0.44930904768430024,0.3756344363114005,0.5390192054457318,0.28173644549378374,0.39944797996827003,0.42600849517059813,0.3267755994430256,0.4902784644118034,0.3551760551145981,0.45052365650218035,0.426392143747821,0.4182199445152166,0.407722195612063,0.41512515284614016,0.48532705817652894,0.4071109100986205,0.3311294272387589,0.3335305467118535,0.30585393929878457,0.4644071467209271,0.4146294504688699,0.42010106316232354,0.3346022660364492,0.416611929110047,0.37411080252281004,0.363592036219444,0.41962479400325847,0.5092910379573506,0.43314260416020817,0.381096263571519,0.3857853777349352,0.3415736569337654,0.46774108397773767,0.3307204705029734,0.41012438387970324,0.39877952035079134,0.3782528113457412,0.33465908805008326,0.3800031787679262,0.5018464347267453,0.4206480439955336,0.4276574917298302,0.3837759979763612,0.47807151816319393,0.5299753431792321,0.2646621904834409,0.3493488495775394,0.36104521673258744,0.44717951679324913,0.2742153339482393,0.34383421254579366,0.43320014570586834,0.42652828633194534,0.36857570027446096,0.5631451639197979,0.5109522605352075,0.4033803579306632,0.3561350320972526,0.37618897589563377,0.3808456350534913,0.42311609135540046,0.42854585214957613,0.35231114501201816,0.2964818852124631,0.4835124103518651,0.374455488175098,0.35340069101873217,0.40300630157009876,0.32316583813674354,0.452375993632614,0.30526726590275133,0.42344613652681123,0.37572710328632486,0.4030258815225929,0.5297710527712048,0.5079211765229573,0.4391705450816813,0.40524873579453363,0.41488263594100866,0.32321255231247753,0.3110199762122227,0.41789085319684993,0.3997922526359738,0.41124666498373846,0.4517792414376148,0.4940209080421413,0.375327827705308,0.3031635487365645,0.37408065466201046,0.35316747611300225,0.5030864291826485,0.40780981517360804,0.3384720713997577,0.3874705220359696,0.3264631936352492,0.3916512098825341,0.3774452139425021,0.4424690432583365,0.4881839271399473,0.41622535730155075,0.4574225878183064,0.4818928543550369,0.3069495359378459,0.36977717878520727,0.37797619745696076,0.32076862028999076,0.30485380228982006,0.4620252135299263,0.4300281386534001,0.3836089887483937,0.36851710167117563,0.4065566314864256,0.4207352083173052,0.3622116829740223,0.409678671457523,0.39802830102044096,0.4347211709029252,0.37179907717448685,0.46764304538828194,0.32192447642414096,0.3934532939610518,0.37003086729947887,0.32053073770133605,0.4039404065941956,0.5514814198893803,0.4113281213533733,0.2532187175115411,0.46209299005196214,0.3197263056021035,0.3045970470046467,0.32753807463123313,0.38445245096033565,0.34198405622283623,0.37588308955478955
0.37203300004042705,0.43454272262360943,0.44823188026054633,0.376353083259275,0.40270301035081824,0.3858511936004574,0.30855104100698555,0.4621199424920765,0.0,0.4062755526363288,0.32843008230627546,0.32586743278018243,0.33923867506875693,0.48240231240906295,0.39741854066265364,0.4109069085836297,0.36811518854663194,0.3957892679095348,0.2747004378552844,0.3497818442843347,0.4145141714920821,0.5594214433583837,0.23865364793687757,0.3038169614148466,0.35765623628621,0.3876812776395469,0.290452748204668,0.27338617788819175,0.3847182269174293,0.305019269350099,0.4621194604076585,0.34699461553887107,0.4665732109771486,0.2553082810653736,0.4318146950956065,0.40236538921290005,0.3195804627566857,0.5344118036826888,0.3370164611001576,0.3782632158256438,0.3792003749094907,0.47235527300129626,0.3446953500093297,0.448210598750457,0.4122869525271628,0.32486372011616216,0.316205228209867,0.3367093514920555,0.3061607337909367,0.38541266103227584,0.34843456994939,0.3889943757073279,0.32182400217357665,0.4114749548575344,0.3609349613051796,0.4379324070313707,0.3461570223570742,0.41722783255758583,0.37490966997948294,0.30439167506263526,0.3212414342264519,0.3589426628841548,0.40497850039597477,0.36021422238829953,0.3749356183646868,0.33523153212926443,0.38579353173691167,0.4000343627646004,0.38095200637655646,0.4563205941219629,0.4839352560035447,0.40360310402533583,0.40865243873441315,0.37841020245617973,0.44839191542100676,0.25754885337061556,0.30648510505462623,0.34885813758175194,0.3849274920141169,0.2739146012334743,0.3703795725125696,0.49845058492395644,0.4923954366517003,0.35899152045805777,0.4272601920356168,0.49918310826045337,0.35844516752009126,0.33931941179721425,0.3097594801497188,0.4856081005394227,0.43675388815481425,0.4542501306126553,0.344905845908326,0.26751539363929744,0.5619600765182712,0.49990718557640396,0.3592880983413094,0.41061807540075035,0.38034312906502354,0.3552864049579631,0.3558574442253822,0.32715245364249,0.3629801067324641,0.38714964701700966,0.461457131520558,0.41208697219763457,0.3186911494963561,0.40485405820119835,0.3474549560586699,0.2964808940540583,0.2897268941117973,0.4344718892847323,0.38903457789893275,0.4250153596986324,0.3860159511664514,0.42399368941424376,0.3355552703659479,0.29917209170267295,0.3617484565690252,0.41515662235297246,0.4964876020081087,0.38346979781845736,0.32897320670417235,0.3979367389798219,0.44334056666162147,0.37814655495925026,0.37363493256908714,0.3809891825694278,0.4437789806948674,0.4341020208430433,0.5329690350531571,0.482190028648382,0.30500258636602856,0.48751312537260644,0.3545346630541467,0.3968636494144918,0.30212195235919864,0.4243983205056993,0.42540851932010226,0.36583950201780663,0.41148330767281593,0.46259247045249297,0.39417299326863253,0.4103690069231123,0.42202914240620126,0.3737119548357082,0.4990639418202096,0.3552212200378083,0.45791215028246485,0.3318346733787717,0.3637812501304232,0.36803969411150445,0.30570744064626,0.4151998114735246,0.4608261022331379,0.43416663653675697,0.24114416201923494,0.4472027157533059,0.37575512342165185,0.3084740824115323,0.340194691181549,0.38519801939686527,0.3775818337816445,0.39945606045214305
0.4311543667002756,0.47125466213384787,0.3958287296749577,0.44457230334304554,0.389646355993723,0.3785906824549322,0.357546209423531,0.42593970621180355,0.4062755526363288,0.0,0.3368249746676457,0.33688591369291904,0.43687322249580435,0.4597605043330657,0.440549510403757,0.48136229246331486,0.4649874213535618,0.5200532426589134,0.31212337279878066,0.3913627977160979,0.40247564231781907,0.3704636560779743,0.305188944669245,0.34257598347994656,0.4945139425111284,0.36747142242173886,0.3421308804809723,0.3134588956819567,0.5276784369813996,0.3389594781280163,0.5104222778528907,0.45194601914029203,0.39379228510210845,0.2939154391214096,0.43961864540656803,0.3232435546864518,0.41977357467612497,0.4035525146104362,0.31919482427075535,0.49738750231304024,0.3194030367146937,0.418919604200978,0.44086339108566164,0.41954270710609504,0.45132144486677883,0.39769232077820343,0.33628778248081465,0.3617476113458848,0.4030377727619876,0.34957577811740725,0.43057534512293055,0.3604113418940383,0.32209267887630977,0.42278105358035173,0.4012857171012414,0.3954946841943041,0.40694096780032535,0.3908456104869713,0.5270597397791817,0.36893327220747413,0.3818480563763089,0.3250372892722401,0.35021210228219024,0.3105794013032472,0.3693219281908479,0.38865433002644195,0.39005882958017807,0.38520713075387397,0.3715733699372899,0.5193964469296433,0.3912357383239407,0.5344372531454863,0.3338585226809712,0.4960496671005918,0.40883606552476637,0.350576397024229,0.35189002301300093,0.4942473863245842,0.3389934935867536,0.3744194904840802,0.3580311846467829,0.3531097194182687,0.5819620685701724,0.34451547811624333,0.42036529431560843,0.38918787504149754,0.386736051528496,0.45768322416099166,0.4383083365724785,0.334079828263495,0.4018227708529843,0.3895705265211966,0.40084666077842906,0.309361139373041,0.42359405882548423,0.3979740988517551,0.2781115974424758,0.3694426183504175,0.34336622657122473,0.48152280063840125,0.4053257427041629,0.39640731557184866,0.35689279426686804,0.3867291435735074,0.3897341457115991,0.39893566478670045,0.38596488526981576,0.44167540999703897,0.43102895678345005,0.3646895620687135,0.3405817639388905,0.35014223559888336,0.36123309362956313,0.4537397743821535,0.400194264484998,0.4976412407345373,0.43746077412612916,0.3738930943915588,0.3479689987515193,0.3742453689468366,0.42102370640202796,0.33766134598909875,0.3034734150572903,0.49202982166520093,0.33974923238087906,0.5041929555571484,0.3267760202018048,0.42307517054682303,0.4144747993366665,0.42086481851026736,0.47554037500912044,0.3926288166524648,0.363384830055124,0.32114213443392275,0.30966986176183886,0.33613138503654844,0.38284041414445197,0.4776099003584983,0.44884395402357136,0.41883507696434136,0.4024714913214427,0.4847322931106684,0.45422456164080066,0.3035583268140264,0.42373814405615,0.38271765764820537,0.32251836685113067,0.4740257628212192,0.49971220322867127,0.27952235983060103,0.3726310658176867,0.4773583157219016,0.30766728181841246,0.3810757143619422,0.4280957669306376,0.422820658383756,0.26243055474245247,0.549552926146051,0.43634980874256535,0.416120702254035,0.40470983548517336,0.519053084996613,0.3552324854363872,0.4076951087324666
0.46842074435966297,0.346872627952876,0.30972902440984057,0.38626209229358244,0.3202650538231141,0.35726824617157404,0.3422752389811301,0.32964065191025205,0.32843008230627546,0.3368249746676457,0.0,0.44867057438665564,0.4431695191572001,0.31122146463557243,0.33346315172664254,0.43355986388683077,0.37643302926618666,0.34811540833622256,0.32621775563710603,0.40133092367476153,0.33291782406756343,0.3492775002370541,0.29309565884116184,0.4374365550078141,0.44919679373876314,0.30870896323427294,0.3697251079808388,0.35823110781184997,0.3792858956154759,0.32463074833561534,0.36059493399461784,0.41447474642673504,0.3095681443283475,0.3362967824099481,0.38449172688564254,0.29351099084109344,0.4491830809840091,0.3091551504843657,0.38521530418627925,0.41124404163020856,0.2624280040502575,0.38462363423299234,0.2982967543009986,0.40544076555554165,0.3589651080971929,0.3170333797426759,0.22245940535837708,0.40502201096941914,0.3692939234453046,0.2862398267107605,0.3682872495198721,0.27813577379227833,0.2514508028167473,0.3384543272108745,0.43369928624959825,0.30407847069991273,0.3955716624270069,0.3848813002422008,0.35147085510041365,0.3387252723286888,0.38229648252968684,0.2264499573182292,0.2953164686052757,0.2612941057804024,0.2707856361746652,0.32635316302201056,0.444068376106689,0.299645921281446,0.26912513024380436,0.36845747415993557,0.32193260922515987,0.30277027241137683,0.3968196014765774,0.3965303639446641,0.3430487645933371,0.3320419751277542,0.4094419765258538,0.34081864171764636,0.26180199441667745,0.33248326810856077,0.2832900086169508,0.2877215926885217,0.3310183451683454,0.29806194072289777,0.3393465179106901,0.3074489902882397,0.4022799731130775,0.31000730755022,0.34402183559806077,0.3567018421801194,0.3400355872885156,0.2899527065093217,0.3677318177190093,0.3773148043024156,0.32069631433953544,0.32674183026345577,0.23578465846829522,0.28238875030062005,0.2548803308478356,0.3475888074047427,0.3879278190912029,0.37796891579268516,0.2825728459031442,0.25803068562235854,0.310570722476323,0.28072909036399335,0.29289840369210646,0.35141536163895687,0.28820819855050045,0.405186319783957,0.4649338537280269,0.30834464453940685,0.34702364376463457,0.3391448736306491,0.2988457408463417,0.36552689544810213,0.347339205083275,0.34192974265919035,0.3345592468282525,0.2747972454977223,0.3423398292043732,0.24331544326569968,0.3261091741362465,0.41965509067896395,0.31212711783495867,0.3949213770021891,0.2477312310697049,0.3551492609066917,0.3168152770538072,0.26704378087233777,0.2889912782464938,0.31108824745326874,0.4400007099873922,0.3330480080017183,0.3937132539441276,0.28132763463406596,0.3373197056152328,0.30993527738598986,0.34739077005632885,0.3410495631769942,0.30993389436713215,0.34436008479803637,0.3174814693318911,0.27867710307843135,0.3935167475170112,0.2892998106562977,0.2833792822469657,0.27124894861517845,0.31754128226020767,0.2539042585346315,0.5299132661154142,0.296128941866339,0.3899292541988867,0.26517499689840807,0.3347960057020959,0.4242193331987699,0.3531645911208831,0.38812772631125686,0.4441356296934557,0.3355099445826822,0.23609273863708297,0.38455888814877065,0.24675058097943753,0.5427520697903983
0.34735961870786247,0.36641075181936794,0.3148761461833602,0.49208045311574256,0.3404307743096221,0.30643132348753593,0.41732063122177376,0.3835725516315861,0.32586743278018243,0.33688591369291904,0.44867057438665564,0.0,0.3237653556964247,0.2740013739680767,0.3931944050370497,0.40303507149129514,0.42078929625571343,0.3511616489162782,0.4483159912247724,0.35318822160003055,0.4123419089523647,0.3208539901313998,0.3459891689601982,0.4221641906151314,0.3963789910922701,0.31975087800969015,0.4170378760535506,0.34765339951964397,0.3348415933206431,0.3710075440124511,0.3973456102161604,0.4073323798942399,0.3855764292806571,0.39379486999596885,0.32975668469364044,0.3451799466369299,0.33714376336048757,0.3424942309165309,0.5639796941214773,0.46716589178187695,0.3411511804058592,0.3399859852412235,0.35138167680380256,0.3448763771784294,0.39019073091089584,0.4054604673372329,0.2691131031204375,0.31221883854003063,0.3969537851340341,0.3596729644727336,0.4789925303376114,0.3216110023835126,0.3013373763549451,0.392730159640262,0.49796267872859673,0.2704544125937632,0.5112050885737183,0.44330699770016907,0.36771491472067597,0.44887159187526415,0.3188157282674216,0.2561354087854044,0.32282053692483054,0.29611847520703033,0.3257516222825912,0.34165058020223993,0.3388172195280727,0.24905077569292866,0.2822665338010577,0.3247762171876876,0.2930403475694158,0.32329866584962036,0.3102248359006767,0.4480172917531601,0.35865001176206807,0.2948737302620927,0.4409358179915785,0.42565682599955385,0.3218468769024546,0.2794223876396812,0.2499148258912147,0.35854718740912594,0.3382991441842629,0.25495692781999535,0.4278489375815889,0.3407232250897432,0.3025013277176549,0.3558995768684194,0.4304900445286096,0.3250622765977203,0.36173557687514435,0.3496156985082768,0.4264241032968741,0.37177892543119884,0.34029465938084824,0.29742199812656134,0.2647388338860892,0.31455318660733683,0.28403910427566903,0.4020792413750363,0.3253247169013756,0.44126235919983925,0.34077858510138065,0.31763290858260446,0.3477087228235825,0.34779995803942465,0.3952881798224771,0.32403354023709674,0.3536082922614552,0.3597935851314695,0.5189115028013203,0.38188472236412563,0.27760651368323763,0.38858390677633087,0.3439381543256619,0.40149243584201205,0.3684055661690083,0.37888891406653835,0.3073224347273024,0.2775540273737255,0.3799914131444897,0.27997006028122995,0.2810659988817875,0.4272314632476061,0.2535167231553616,0.39926958786157546,0.2992048006542555,0.44100734266042846,0.34334060629662916,0.2971950974520628,0.2954000706941956,0.32485838980349874,0.32919949533870085,0.3395112744187124,0.3272863234442089,0.24516249585276512,0.3136329335572757,0.3715440821124536,0.3690109181286499,0.4143124947216342,0.26678381648674243,0.3155876656169893,0.4214630387737439,0.3244640162860306,0.34800908267998737,0.34945634429085504,0.36085978766401483,0.32332873094588754,0.32350556758926863,0.2884212062689928,0.4558335908171546,0.3398995153133347,0.4678360493655466,0.31243154146673335,0.41772555694095487,0.3204714025841303,0.29677934036386916,0.3765240380747588,0.33427464912394617,0.3348781756947296,0.238226313119119,0.31241418785768776,0.2862399005381641,0.40088817947265154
