0,1,2,3,4,5,6,7,8,9,10,11,12,13,14,15,16,17,18,19,20,21,22,23,24,25,26,27,28,29,30,31,32,33,34,35,36,37,38,39,40,41,42,43,44,45,46,47,48,49,50,51,52,53,54,55,56,57,58,59,60,61,62,63,64,65,66,67,68,69,70,71,72,73,74,75,76,77,78,79,80,81,82,83,84,85,86,87,88,89,90,91,92,93,94,95,96,97,98,99,100,101,102,103,104,105,106,107,108,109,110,111,112,113,114,115,116,117,118,119,120,121,122,123,124,125,126,127,128,129,130,131,132,133,134,135,136,137,138,139,140,141,142,143,144,145,146,147,148,149,150,151,152,153,154,155,156,157,158,159,160,161,162,163
0.0,0.9226800887400425,0.890959278517257,0.9119505407984541,0.8887659771630763,0.9173165235924309,0.924530242694122,0.9257448030744624,0.9383897474509071,0.8946807777636596,0.9189708536140566,0.9099569087686833,0.934894381670237,0.9221700754739782,0.9154621872984016,0.9171389584281684,0.9295528743981537,0.9581101196335872,0.9302501685263612,0.9562898687857058,0.9295085196145123,0.9216194522542666,0.9400289504492761,0.8999509041962234,0.9355074546146951,0.9031720542410429,0.898343912413248,0.9257935393241603,0.8752853833375358,0.9098399937146616,0.9290873387429456,0.932225658478527,0.9036931137717932,0.9285791173677358,0.9457852279753084,0.9221444146363853,0.9429291259200975,0.9432959424541204,0.9085728237338486,0.9066011435852623,0.9135420848369408,0.9370050711562201,0.928573050489105,0.9124032488252873,0.9261717408317623,0.9329288373250094,0.9124216931066246,0.8984975260412718,0.9488983624541618,0.9421647056852813,0.9338964417757915,0.9280264229228634,0.9331953580365107,0.9112275053562169,0.9009633938702046,0.9232728727126325,0.9502094729932858,0.9269294099918588,0.9223386196355874,0.9435997583483922,0.9150274424364608,0.9208965357585102,0.9222727959263478,0.9144541517451004,0.9267923954504264,0.9180803003174844,0.9205660395485531,0.9285179919564788,0.921278082039522,0.9467604487790268,0.943997706899589,0.9222017436358965,0.922742011366954,0.9358794375018067,0.931839026976742,0.9306989210679601,0.9152115132052568,0.9030303860452072,0.9252891823722771,0.8888696667958362,0.9138735315740905,0.9555245205182623,0.9169406696931917,0.9246152166476077,0.9247334514632204,0.9539620849456789,0.9325220025208598,0.9370649031211635,0.9355898090308677,0.9114147774344556,0.947260506893341,0.9321121113959531,0.9237336579201583,0.9313662199869096,0.9330477910589045,0.9118112431325752,0.9025091093948108,0.9229986235900105,0.9219923594173796,0.9250039876922347,0.9128973203730162,0.9071336179788966,0.911276605634348,0.9005240416665767,0.9331378778979499,0.9286321106859035,0.9105100932478283,0.9353305631289699,0.9177075196700589,0.9132983380005972,0.9245348717797602,0.932995537133113,0.9351345645748508,0.927684387515562,0.9293901375189917,0.9278399532006552,0.9354663332882113,0.9132359256447458,0.9011952157757761,0.9360921231330864,0.9234167845669288,0.9222232673971505,0.9447113667890144,0.9275130834410489,0.9244892570165967,0.8962910650880332,0.9273173021531653,0.9067582120785593,0.9060005059057114,0.9183635992682977,0.9157520518301324,0.9184227823873925,0.9252699906659784,0.9509809162893298,0.9169898535131334,0.9112793124825819,0.9217741447567792,0.914394530178661,0.9042477736839458,0.943987822889321,0.9006714097083219,0.9308238521573239,0.9559461714547453,0.9209090077788704,0.9277190345297903,0.9537629622739326,0.9329596006424197,0.9106473922147846,0.9186487999984183,0.8980143077773466,0.9373676509329505,0.9247782081120551,0.9386379453609294,0.8892729699351536,0.9279625785696496,0.9387508108403044,0.9243034373262393,0.9091871392379254,0.8979359420117711,0.9215777885051778,0.9060065027475982,0.9409753471171095,0.9149119805820144,0.9586311284555381
0.9226800887400425,0.0,0.9204196126164103,0.9140825726023213,0.8742543392379836,0.9195721285074177,0.9372774625548711,0.9379910654717719,0.9022287071405706,0.9492723545850327,0.9174604832253633,0.9367511138780986,0.9408332944173788,0.9090471667729133,0.9310862345187481,0.9149154673931111,0.9159038095334562,0.9240551388050243,0.919626078532992,0.9281170018935537,0.9186282397969766,0.9423400974985909,0.9456519856512753,0.9226162386665517,0.9500659521942203,0.892926322626724,0.9086260482435382,0.9145826824647165,0.9152312750380657,0.8892794016691876,0.926777526509953,0.9206060265065628,0.9247181324360185,0.9251399723690481,0.9175606095085452,0.9204350159851014,0.9372845888829918,0.9137832062286243,0.9157299171828499,0.9189815010607568,0.9232470999793241,0.9141373272967026,0.9055979611843393,0.9029252589442353,0.9477782038551992,0.9257404562775029,0.9071692000618049,0.9011200295040762,0.9415450995283824,0.9086801763242625,0.9085833560501325,0.9038636192309555,0.9049794193848483,0.9261738095876475,0.9114297144387404,0.9179451127703862,0.9091890909351451,0.9127077047323235,0.9179546402485207,0.9284615810622294,0.9219581117431744,0.8864990896108705,0.8908082539882589,0.900734376784739,0.8895887918449852,0.8917476915970024,0.9187609650093578,0.9184650361996384,0.9056262004064969,0.9280394727725846,0.9115929405782486,0.8994682504393341,0.8831999710747909,0.9294012351771671,0.91512161944212,0.9069033145253015,0.9078201532941883,0.9099324048767737,0.9068579006124837,0.86710590042234,0.9011815306091318,0.911332555695047,0.9265803336896089,0.9159533188205955,0.8869115170554978,0.9497745797023742,0.9036424858864954,0.9007119363832509,0.9257458882610131,0.9189734643466207,0.9035538846384211,0.9163189165362451,0.915461179567356,0.8991595239277093,0.8988208439857212,0.9472876633088918,0.88720050588295,0.9247222792689053,0.8804153613206942,0.9230239059087987,0.9063615360431374,0.899422848131827,0.8857687898241957,0.9335259717097585,0.8943081616056938,0.9199942814670397,0.903028730103758,0.9469335354606033,0.9296019532086186,0.9423400134499716,0.9178427836813603,0.8913214212897463,0.9067833111012075,0.9012249721180916,0.9046191131054871,0.9191565350294922,0.9127062613758004,0.9208408628170761,0.9061132767458211,0.9023699605922418,0.8928146454184004,0.8965607100195833,0.907497102604096,0.9212564509574148,0.8839238923236611,0.9334651836624476,0.8923385096860748,0.9265699362357589,0.9297864127363028,0.9176005606189909,0.9080642974920186,0.8961243488216359,0.896437955797408,0.9027578640435959,0.9238884417372282,0.889646895997422,0.9317239180728749,0.9155327323141886,0.9354476333202081,0.9247724645318933,0.9106675611467611,0.9109120547084607,0.9288374462851097,0.8980081575513593,0.9219130428631299,0.920227703803731,0.9229073787339088,0.9281068557938823,0.9476026342031793,0.885134264553186,0.9019405116571612,0.9130249542897375,0.9186756297043782,0.9313688853883162,0.9396477889912962,0.9327722574165597,0.933859605709321,0.9210381341092345,0.8968752193037596,0.8867352193593383,0.91822429466597,0.9008320362736402,0.8937925887406339,0.910013677176497
0.890959278517257,0.9204196126164103,0.0,0.8834654560786955,0.9006932486664806,0.9251449294681435,0.901067948963753,0.9006605671113664,0.8651415711671531,0.9194664764663482,0.9327705333241869,0.9223494731105178,0.9258244829397186,0.8770125186979905,0.8927457142314518,0.947224288205136,0.9243905859867754,0.8919458758815342,0.8947779536826969,0.8893095801840204,0.9190383615636135,0.9440654579604694,0.8964481658294681,0.9051979189879961,0.9077084113887492,0.8903597782311892,0.8763858117374718,0.8882443701653606,0.9212194481888293,0.8957068961796336,0.8788550764376973,0.9123502378141662,0.8918037097192519,0.8822340494669172,0.8745849217151234,0.8955191332502159,0.914035241295141,0.8941504302653835,0.9002136212959487,0.8950698257269188,0.9001572850280359,0.9015945627630153,0.8990537891503066,0.8947573824518565,0.8968006565837296,0.8928197502081333,0.9067315334634831,0.9158069046261739,0.903171033105249,0.8928796711178052,0.896969747531746,0.8992432759438711,0.8776842846143187,0.9112827489992502,0.9027045711744139,0.8828807486630702,0.8893922885642374,0.9298611251862037,0.8794537072320041,0.8946355915362472,0.897451718977163,0.8750168211270904,0.8962763357817097,0.8742894213868175,0.861814487354114,0.8684284139413712,0.8767174865059529,0.9111326789661424,0.896089662122025,0.9018113855839157,0.8935074524452973,0.8639897260040349,0.8610807688102198,0.9167458934079442,0.9059863387764068,0.8664441149188157,0.9102631665108418,0.9248238920340285,0.8770604658681636,0.8716779327700032,0.8976955332210306,0.8748369630077723,0.9184497591156229,0.8968667321553722,0.8669011907707098,0.9050621359920686,0.8799434393017022,0.8683234671333411,0.8822207511810759,0.8731879523500078,0.9017649672583422,0.8682168093197731,0.9131187169491816,0.8711635218851521,0.8723583479197873,0.9135844599784049,0.8630191500659373,0.8810878173128732,0.8536862128341641,0.8785162156893525,0.8698390016509695,0.8893965190970863,0.8546109318589113,0.8915310258816829,0.8683835068330507,0.9114019744216442,0.8932913503845396,0.9117851284408568,0.9020335065945726,0.923650937702921,0.9016957710056743,0.8688282383095676,0.8820602221780718,0.8779215461435477,0.8799658671169299,0.9060777401144096,0.8779968912454708,0.912967775893067,0.9134751441207686,0.8714356281347686,0.8897749722563841,0.87304361301831,0.88142899729408,0.905747512507299,0.8520975502101054,0.9221542380957582,0.8731248753420268,0.918602261165995,0.9124284668079756,0.8871295994172497,0.8818657674002327,0.9130075859431818,0.8690023280341229,0.8714913069358174,0.8936550870764468,0.8723552360863597,0.9093378381053305,0.8818713016593361,0.8944641720371688,0.8925874697526569,0.8724070292599463,0.9056927032643161,0.8842546296918526,0.876863764731268,0.9031116218356767,0.8809543243982729,0.908234059184288,0.9162630365855022,0.914927571127899,0.8880463281332345,0.8647680410414271,0.8828438256939817,0.9040904736111534,0.916323462426292,0.9097035818203205,0.8891252596766612,0.9077753235495553,0.9178696491663182,0.8572171867496763,0.877933620929195,0.8892722066389269,0.8661668787745769,0.8624199568454154,0.8956310287659985
0.9119505407984541,0.9140825726023213,0.8834654560786955,0.0,0.8605397644626803,0.8948796955469047,0.9233254135901727,0.9115284998980122,0.8737351905609089,0.894732874051638,0.9128788409755711,0.8881952883291065,0.924804531910256,0.9287794766269527,0.9138623903369201,0.8954252976653929,0.9134234209103079,0.9261726952068452,0.9064159829528119,0.9062751919611126,0.9108329005280773,0.9009995026135099,0.9274868869745438,0.8977050021200604,0.9105493756555675,0.9170545409648403,0.9013607438880274,0.9227540849486632,0.8942878911310698,0.8540564420697033,0.8989094734144362,0.9028722659135483,0.9529721378336244,0.9205773476044998,0.9202826630704461,0.9300748172509317,0.9185832527788544,0.9229987150843002,0.9016926698090231,0.9316742935493718,0.9425965155674184,0.8813829074487027,0.9042606249772124,0.9093112736325799,0.9259709106240078,0.9246512816088125,0.875559734455257,0.8941991890286435,0.9307802723770988,0.9138730364172419,0.9257513753010137,0.9188705062123413,0.9235303264458626,0.9374119794712922,0.9197113955976042,0.8816443273525719,0.9179588596073928,0.8959380742481442,0.9283651407953187,0.9361209312546592,0.9358456341744233,0.9020758455211997,0.9110274296092631,0.9017467298603955,0.9001183028015521,0.9106952184057352,0.9355067977422369,0.8987775239518568,0.9063120563827597,0.920576873706271,0.9109436636653411,0.9178965247324784,0.9070472611782677,0.9376538199245383,0.9123378265461288,0.9103803382626457,0.9175029534209116,0.8962704976862416,0.9297383370010287,0.8776838806390327,0.9055954534282338,0.9132443369199329,0.8828603279878716,0.9388160761705321,0.9086101732173325,0.923614636244805,0.9062420616977364,0.915911054709097,0.920967999224608,0.8834221921588096,0.9138119519097789,0.9064803784170149,0.9152831679137351,0.9162943885573732,0.9267799866323776,0.9017890957993806,0.8958059106597938,0.9062161904209375,0.8942227011536155,0.9401144103414264,0.9220902625850885,0.900836845578284,0.9165362935835054,0.9037557936351144,0.915076887823024,0.9073490968457435,0.9129013869166605,0.9111127461843,0.9301509674982105,0.8953142996873421,0.9197837078306813,0.9121737333900174,0.9297346561819582,0.9080776472315852,0.9455131365923076,0.9079285925804439,0.9141733087434556,0.8866227992838656,0.9207110086104843,0.9204346191276439,0.8966306767089008,0.9300781659048785,0.9116763138296102,0.9137656463529847,0.8936171707023299,0.9121112703581354,0.9109809212122508,0.8926836946208055,0.9269918515693317,0.928066888986451,0.8679267739899248,0.8897734105339637,0.9228594616746549,0.9184313441935934,0.9081328459711232,0.892954162394155,0.8820053881191655,0.9283551961038351,0.923608209723864,0.9137887078415787,0.9499304674985047,0.9010964775530663,0.9279926112263257,0.9072304399674989,0.9197068032153178,0.9080989410121167,0.8853367121711617,0.9157920642866161,0.8962100753706342,0.87951066422676,0.9167544983848243,0.9236677672605541,0.9086337248897873,0.8787649042830589,0.9211221928758596,0.9168913879949266,0.9178873932397326,0.8983440831717707,0.9441856723274826,0.9146410030684503,0.9351561263660059,0.9097538554158557,0.9011085277407259,0.9128425178589783
0.8887659771630763,0.8742543392379836,0.9006932486664806,0.8605397644626803,0.0,0.8894370713492524,0.8936203052517336,0.8553582792046945,0.8542333342781573,0.8537552150257407,0.9093657453957988,0.8862611759832555,0.8881358532139377,0.8558672147486538,0.8846698058483567,0.913561191675949,0.9008156823406169,0.8792300399277893,0.8718537262206607,0.8702305549174024,0.9061231371501532,0.9072793539837742,0.8738337265356316,0.8999932019599769,0.8698503476577264,0.8949263280725851,0.843084357555358,0.8567532859545223,0.8700063610817736,0.8976898458335877,0.8603649839439454,0.8816940982473243,0.8700380715833884,0.8586277349764044,0.8661516294158795,0.8706685865580124,0.8962873272672431,0.8777154798770002,0.8852758963823092,0.8791909088593225,0.8860366301351522,0.8846694228964592,0.8975505761903608,0.9030802441394719,0.8609710429705031,0.876040871773692,0.914813336552092,0.912134668441408,0.8871570165991411,0.8891968885645175,0.8958369108961847,0.9059218093720086,0.8677457861662959,0.8829970970661262,0.874258524629985,0.8625389213157484,0.8872236484778901,0.9079891500823489,0.8549336128269358,0.8754042893958341,0.8554350071290875,0.8687951835197407,0.896666720713191,0.8537121827533708,0.8644731736107506,0.8572201324200498,0.8528015543298506,0.9095262440374302,0.8668609029448137,0.8690283082995921,0.8975750157313098,0.8550962543592575,0.8488475258551894,0.8910407210956269,0.8705112579454982,0.8549686043379618,0.8903417218442551,0.9262360057515989,0.8644850879030836,0.8868623156708086,0.8828837930411747,0.8702751522089887,0.9061226718202059,0.8647571860695707,0.8603504206792798,0.8786880499639729,0.8566925426781837,0.8569996285791436,0.8528051945293953,0.8527681655798818,0.9144264850356991,0.8534658498408947,0.9036300243593111,0.8674270867287165,0.8643671243202674,0.8783392841312778,0.8418533968628099,0.8526121965025966,0.854045887877032,0.8525521482549855,0.854905326089925,0.8589222266241061,0.8451044834630799,0.8515845166025172,0.8571589154524888,0.8965334646983429,0.8660498893069928,0.8702796944733872,0.8845051835440213,0.8939675595699399,0.8910946467534205,0.86919817897895,0.8635941555269984,0.8507414004713387,0.8734024916204327,0.8940585458252625,0.8586936519727517,0.8846254424735567,0.8825166729686085,0.8536677836424674,0.9194775092387886,0.8545083048333257,0.8746639988373931,0.9034507117902671,0.8533443204038607,0.8798997505142937,0.8597789405237254,0.8926395624586343,0.8667663089128158,0.8725878889541985,0.8508900887257885,0.8969921706957575,0.8518584744351407,0.8697200419573203,0.8680866100358271,0.8836689571228127,0.8984430517516149,0.8801833873549693,0.8564683851281709,0.8778444889676608,0.8466815551003272,0.8844030013602486,0.8676129217423034,0.8567442052086038,0.8878253528985992,0.8729552639415111,0.9093681494408454,0.8830487466346527,0.8664117139081751,0.8581842017241079,0.8583549318030744,0.8632652070037985,0.8860284238701347,0.876891493064848,0.8786729724335252,0.8673883540365872,0.885533478508854,0.8964774373151441,0.8468382879450892,0.8769951258225218,0.8581380893654049,0.8604078700447375,0.8455710321867965,0.9135935054002116
0.9173165235924309,0.9195721285074177,0.9251449294681435,0.8948796955469047,0.8894370713492524,0.0,0.9093778202729238,0.9222374573999447,0.8931639586530309,0.9157815105175849,0.9154479052714368,0.9463891422730891,0.9248859873583142,0.8793292671521963,0.8914665953307238,0.9385378318335582,0.9280866205778635,0.9003766549454498,0.9348311857329752,0.9090322023319856,0.9443448229255987,0.9147144509150593,0.9058099390845685,0.8941485702718541,0.9405930629409416,0.8954896838762928,0.865800087858572,0.8988070683239185,0.8884290616096465,0.9127280275704297,0.9083419609435902,0.9474506557057978,0.8916774107566462,0.9199242573380916,0.8918111331763193,0.9068157826533648,0.932103681900945,0.9069962376138844,0.9070916130672085,0.8838686521354292,0.9014639504532029,0.9345231435038002,0.9209210111047226,0.913096956769857,0.9075712436446814,0.9114453699958407,0.9255083004667092,0.9132790663447536,0.9152596534459291,0.9070404742481571,0.9209629048353815,0.927918865875981,0.8958647737004084,0.915009716422677,0.9028387484436851,0.9217270259611278,0.9142269199105922,0.9599306288474743,0.8890873356799823,0.9062544075763196,0.9111672140202688,0.9064485458505694,0.9209639092999901,0.8820500987004183,0.8884155884743058,0.8978114780644453,0.8908467337724848,0.9260842205623375,0.8922210234510692,0.9241613052067283,0.9177279374399983,0.8772298221749474,0.8885663437092288,0.9256296425333211,0.921514029434824,0.9011211188395919,0.9165677354744772,0.9171058543925567,0.9021081814557372,0.8999334031056492,0.932942263422716,0.9100323319351205,0.9267341383071329,0.9094954096654334,0.9013467467638129,0.921821828943336,0.9208883368306426,0.8941411978113748,0.9139726854761502,0.8945216806246293,0.918181451745374,0.9085904368435812,0.9128000498503953,0.8993119628435123,0.8933027429002716,0.9287390175714021,0.8902369267770552,0.9256849471962348,0.8815548229940137,0.9008262815740502,0.881601531222096,0.9148626739165093,0.8912983864365948,0.9140860521536892,0.8963026111152463,0.9287819967907469,0.9176851242515078,0.9318879852255967,0.9026615109026762,0.9337311991307712,0.934610245362539,0.8953857244485665,0.9176086197194758,0.9010189641203532,0.8961623663571094,0.9094739846874641,0.9195937616441964,0.9123380143529997,0.9261400366378056,0.8977804314906787,0.8914699922938557,0.9052579173500812,0.91809062711799,0.9278300720790299,0.8790742845915688,0.9167893160860223,0.9048067035304574,0.9146298514455357,0.9203529790369972,0.8851924912246426,0.9068398373213924,0.9379940174096112,0.887337229079744,0.9009972387003989,0.9037595834350124,0.8833928590579679,0.9216186340828056,0.8786466828614715,0.8789035880380223,0.9211264234024136,0.882916745208193,0.926672239937663,0.9132462503583498,0.8998791133918774,0.9199248039621658,0.9188291780413307,0.9270524450548531,0.9252545933980163,0.9314315776166716,0.901146452097305,0.8976155606738908,0.9086544917730772,0.9032044371130256,0.8950969647275697,0.9486389149100719,0.911414241655787,0.8995956988338848,0.9372039788601121,0.8613546853673265,0.9055311323914389,0.8998953061994,0.9024254046425105,0.8978110939678668,0.9113854906467707
0.924530242694122,0.9372774625548711,0.901067948963753,0.9233254135901727,0.8936203052517336,0.9093778202729238,0.0,0.9094277910451047,0.8856304547357736,0.9054330688104466,0.9138247646434122,0.9227078017789135,0.933668925141308,0.9009111090803698,0.952138599769115,0.9101610102978415,0.911578147610722,0.9201952729382085,0.9081846103253658,0.910943613813997,0.924540779445119,0.9225954595184731,0.9455915654491862,0.9506158966535281,0.9247983191189659,0.9251794585076832,0.8910232188084194,0.8986034914926891,0.897725261475766,0.8839602686389801,0.9189096598303523,0.9105541343312226,0.9414090336239802,0.9290541926967364,0.9132771985060906,0.9132692231174535,0.9500446948533603,0.9063550884412515,0.9201654003530032,0.9387312312581875,0.9379661313238649,0.8996988604165337,0.91698724609267,0.9261003562156712,0.9340114319449077,0.9404483093311692,0.9229292555354021,0.9138698281881152,0.9499017209968996,0.9110965341551454,0.9282465479706781,0.9256355048169449,0.904521457123035,0.9294681487782194,0.9107482519160295,0.9088554282310742,0.9169702610909476,0.9064257629178945,0.9096008500148957,0.9298359854019631,0.9076853507473449,0.8928887292642497,0.8999409351486375,0.8858151223394614,0.8972829255129177,0.8985731662189982,0.9230126030425846,0.9389209190576302,0.8872238083495357,0.9095433590509051,0.9293624425397136,0.9020342582915056,0.8786321420586185,0.9351174395677487,0.8938718640018326,0.9143971679291336,0.9208668308974821,0.9359146926065508,0.9185324341464008,0.8900879897432473,0.9061101232557716,0.9152732269674153,0.931778048233786,0.9061072902731442,0.8911251896111304,0.9344111290143647,0.8954306872808641,0.9019342440374869,0.9166977251674804,0.914574688844018,0.916444939148231,0.9145684958994008,0.9200690548015558,0.9105352298161394,0.9023497909349394,0.9346317812911732,0.87893033286841,0.9114221893933548,0.8818996745717449,0.9264753404395976,0.9105237767658978,0.8950166030457631,0.8945888023130155,0.9099668693515066,0.8914621670266853,0.93289750399683,0.9024630287134848,0.9171912985998777,0.9522161627332977,0.9424078322199091,0.9341867303500854,0.8986501182971268,0.9084949543069858,0.885102478318036,0.9202178602406728,0.9251981043094174,0.9073342264708967,0.9053980937664308,0.9050442584482452,0.8947851647958108,0.9132373318611403,0.8992554199829355,0.9104064706795734,0.9519756264254045,0.8844955197659081,0.931526299657345,0.8927794397631125,0.9342812119725846,0.9131521467243364,0.92578262298667,0.8796656639713593,0.892214455879037,0.8965243434220346,0.9043312367057351,0.9121745342500777,0.9025448256020323,0.9343098039370956,0.9408185247550027,0.9166753290596157,0.9253704041632186,0.9105063131933145,0.9009786321601397,0.9265709352217306,0.8861104987946488,0.9288960133306544,0.9272797669738329,0.9256826066396389,0.9343346518347275,0.9093039500650039,0.86546110618979,0.9080991713787047,0.9074141813794172,0.9041044670738483,0.9220772942968877,0.9352854825645635,0.9310574286510829,0.9392369420560996,0.9357192497630327,0.9096464432900644,0.9025545892936636,0.9181975362775269,0.9016870007767458,0.891341736923489,0.9261642389891812
0.9257448030744624,0.9379910654717719,0.9006605671113664,0.9115284998980122,0.8553582792046945,0.9222374573999447,0.9094277910451047,0.0,0.9168561781301368,0.9278342711700257,0.9034380904954953,0.9210395301025655,0.9393460729398214,0.9054800801208243,0.9080439220223434,0.9086008058196157,0.9085663520296207,0.9218825581390183,0.9205629678317717,0.930906017733635,0.9110947432583881,0.9144724368086927,0.9279008836895931,0.8921408350123065,0.9490538552147154,0.8886516497580366,0.9052676606181467,0.9194800930273241,0.8827870365111145,0.8877539792070285,0.9317530386611333,0.9268247652028964,0.907779438056867,0.9328422191549376,0.9115843768704792,0.9147281996145163,0.9364039147377538,0.9178246179333722,0.9042369041797719,0.8976222651087049,0.9026393052280959,0.9149221529780722,0.9072061150669857,0.8895894730050552,0.9531753196989425,0.927600383232986,0.8927128818605278,0.8867364281250084,0.9248047817118848,0.9067887781276621,0.9075223582026024,0.8994680273649227,0.9021347288914113,0.9108164726782942,0.9006673749508324,0.9231828607651161,0.9113903863432169,0.9148486342727707,0.9111261175725491,0.9262544559165325,0.9399615845366063,0.8991429085482537,0.8967951942411365,0.8962269930468808,0.8921370993933119,0.9042854017751202,0.9259591049494871,0.9138363658191923,0.9085496523385179,0.9579545147709397,0.9140377081719898,0.8974410073159349,0.896684302067515,0.9271788586880477,0.9257888042371667,0.914125909253293,0.9100840894804381,0.8891135767495971,0.9180281818401362,0.8650838247511371,0.9013365529806207,0.922605441891346,0.9109399082903089,0.9269930836019453,0.897778865527055,0.9506859063662008,0.9375533258849678,0.9131166396022187,0.9481158051342837,0.9241686999888722,0.9009988976543822,0.9223429129209546,0.8997008687345797,0.9025676454708715,0.902155379289296,0.9282530564151105,0.9028482215668138,0.9322350503578515,0.8848270030432729,0.9319523775574488,0.9024708763821996,0.9224042830008725,0.8978575519189754,0.9220126769143635,0.9082153405047859,0.9206064895539882,0.9117638076672686,0.9425661680238946,0.9110349818623539,0.916287249612049,0.9093897297621946,0.8970437481612074,0.9220835443401388,0.9195931786742961,0.9067985301110484,0.9107082280469548,0.9194840918759819,0.9056328628427621,0.8958420417731291,0.9159570137961026,0.880195357852432,0.9226244653752662,0.9102904942641287,0.9111061704513421,0.8864230155840265,0.9118340359524966,0.9054236871922539,0.9180670732002045,0.9168182037273314,0.9072295620787818,0.9187753282950711,0.9023735571645006,0.9153177777718651,0.9090239383692471,0.9174173753584239,0.8787345267401393,0.9136299031535395,0.8951286817885356,0.9155121612545112,0.9298665276950163,0.9069203721509184,0.9104899171125258,0.931713077265222,0.9051469457687805,0.9142140080153748,0.9276188423589952,0.9135100866715128,0.9180602878349644,0.9358326102352024,0.8867377676821083,0.915497488152446,0.908839496300073,0.9102817773322505,0.9027958025194712,0.936440033600008,0.9449622096969161,0.9183041100769281,0.9126396644974389,0.8850035077454266,0.8930447228594536,0.9103737034530535,0.9062654177807268,0.9059333943516698,0.9029082194083695
0.9383897474509071,0.9022287071405706,0.8651415711671531,0.8737351905609089,0.8542333342781573,0.8931639586530309,0.8856304547357736,0.9168561781301368,0.0,0.8813449083888398,0.8781629185680537,0.8907702013948383,0.8990447286711897,0.8903333500675749,0.8830260388056118,0.8810754371561711,0.8879782884651012,0.9173765866262926,0.9017434911165995,0.9301652087475697,0.8862841625359259,0.8929672706354433,0.9084313614923168,0.8661718631531033,0.916004989976214,0.8589574506913819,0.886191324670804,0.9001952005613608,0.8453474563072498,0.9053320301892238,0.9156389664908205,0.8995267255656707,0.8678838174030669,0.899639295259495,0.9144116887876867,0.8842383726143945,0.9035104293639967,0.9032369850545238,0.8725883521229989,0.8673071799516627,0.870398577078184,0.9313141064221814,0.8858274266164123,0.8686928322687535,0.9018386948861948,0.8946190201974258,0.8859888362546224,0.8578844621495635,0.9029353110993993,0.89634453776905,0.8839217548189005,0.8821973539016407,0.8922977481570246,0.8697242794649473,0.8616129907064045,0.9249603678569475,0.9011684181254108,0.8963159280867994,0.8883901245679615,0.8997294597471225,0.8838465370525449,0.8837389851910347,0.8778960355641714,0.8875877712832073,0.8912315033518287,0.8820366197507686,0.8891323528177052,0.89323854303653,0.8954322738453675,0.9244341915104374,0.9002203567911109,0.887086532284063,0.8954803300307598,0.8898517139778885,0.9047620208786296,0.9006162109385719,0.8710581072704942,0.8630538283674253,0.8871961549622912,0.8497666293871988,0.8761581518610203,0.9237740671532076,0.8961662035907423,0.8888443155559936,0.8888723929693261,0.9260364923597433,0.9118117690237566,0.9031676732557171,0.9139758608320602,0.9111272442905081,0.898206912561199,0.9165042937288361,0.8776865499512836,0.8892012493435201,0.8927077653561684,0.8919242623729666,0.878484182026496,0.9107705824771116,0.8939464163518002,0.8951570646954388,0.8772961124667442,0.8776446811200062,0.8809914020395546,0.8860170661118506,0.9006534217372438,0.8917878853368841,0.8734196158531422,0.9195721582266387,0.8764818638060767,0.8853878158138866,0.881452583111712,0.8925951666021408,0.8982799649045083,0.9067257364644217,0.8830531840232101,0.8986092927113323,0.907299635178651,0.884973192762744,0.8618941393489227,0.913790134372117,0.8764292486013511,0.8908421603785608,0.9065368047176711,0.8849104959174627,0.8987588022100262,0.8633549135962706,0.8939038233593244,0.8795520300012766,0.8724215670621623,0.8793134354252458,0.9408442929251575,0.8844249563390483,0.8922817984618165,0.9143848551947044,0.8865680540745986,0.8713989736260594,0.9013482002453779,0.8742460232974922,0.8781062240005608,0.9073151172884372,0.8695240687995156,0.8951390129860158,0.9201896976185077,0.89219174644996,0.885075641842939,0.9283847007835704,0.9116410892746356,0.874183888173865,0.9044839506285522,0.8759260583081901,0.9055147986465403,0.8895070366473427,0.9032263845801696,0.871890668897774,0.8970048806399522,0.9117076773135944,0.8893582697609648,0.8799895475384495,0.8638436413751084,0.8760237113438505,0.87089288891224,0.9109628454296538,0.8913587782699838,0.9067265812576483
0.8946807777636596,0.9492723545850327,0.9194664764663482,0.894732874051638,0.8537552150257407,0.9157815105175849,0.9054330688104466,0.9278342711700257,0.8813449083888398,0.0,0.9033948164487392,0.9269390618955328,0.9212820214900919,0.8916366975702295,0.8953459956724618,0.9074683793836897,0.9034201758126033,0.8980028265553995,0.909595390138972,0.9054215149154297,0.9013564693666816,0.9165804181034859,0.917945298717803,0.8902905652747075,0.94225574573075,0.8714112372419992,0.8943835291015017,0.9045293761178065,0.9211201087563778,0.8772614344305973,0.9055105945522074,0.9176833766817336,0.8984297638354408,0.9099414211120331,0.8922583801291141,0.906379985615552,0.91301113427583,0.8970796736491627,0.8970231003020313,0.8913386013657394,0.8975058660947035,0.8998458296806835,0.8890984119463917,0.883310860884658,0.9233069632666031,0.9001518335887897,0.8869834255879887,0.888528798858257,0.9154304023943662,0.8872667341398528,0.8881880470450882,0.8815331866601149,0.8850133540178555,0.9087023153883167,0.9052320442153078,0.9014369845963844,0.8870004431983589,0.9039876526123486,0.9026097690411939,0.9034688499276169,0.9144537619856424,0.8745890854260626,0.8764569188953694,0.8903130398078192,0.8681720510018576,0.876592546659317,0.8967895315964115,0.8945468718997656,0.8981711854491985,0.9154797848360128,0.8849107333632737,0.8801229260740742,0.8716436470700423,0.9091288171309975,0.908649438902169,0.8909090908189911,0.8945565887804651,0.8920765552956385,0.8865898357794901,0.85565870274995,0.8925472348542236,0.8848283344008954,0.9031137421059491,0.90633134333475,0.8738271487529217,0.9173778084760122,0.8956628962822349,0.8854096380291172,0.9134483234627908,0.8929300997464497,0.8817600069790035,0.8970672007507232,0.8995908493012501,0.8788647512940413,0.879882634205373,0.9326663593786151,0.8770510638333658,0.9146661251736712,0.8648403076404424,0.9028561648075518,0.888989003566272,0.8964638713318033,0.8735199153770047,0.9345392453634843,0.8797269998318307,0.8985963616835082,0.8961596275233573,0.9366824579785282,0.9027607213567512,0.9208962975934162,0.9008942375651449,0.8728251941869604,0.8936393381425934,0.8959350685707337,0.8824282372689979,0.892320746269864,0.9020922879101756,0.9167063360208505,0.9034820356878108,0.8887368868186479,0.8665464024462003,0.8849789283909018,0.8892151824634269,0.8966852512344087,0.8655092539398413,0.9270505527926394,0.8794195556546688,0.9048592221003581,0.930778106383341,0.8926292501625215,0.9022650572342,0.8877197134663436,0.8819608448687678,0.8788671037475627,0.9057466364818871,0.8675412532109348,0.906777620240134,0.8835685350291389,0.9148145323350558,0.9047668660798568,0.8972891651044828,0.9045508256714326,0.9030544052658632,0.8890954622522912,0.9048308416560973,0.897261971114479,0.8932668533566607,0.9161627631757744,0.9528945403744166,0.8886926398667793,0.8807232593763711,0.9034464965969067,0.8975549714532934,0.9124008168094535,0.9259130407635726,0.9071157603546183,0.9046214150617188,0.9042536507938054,0.873936540357899,0.8746500954749742,0.9086132520255031,0.8842425382750704,0.8838524064052434,0.8804583380869175
0.9189708536140566,0.9174604832253633,0.9327705333241869,0.9128788409755711,0.9093657453957988,0.9154479052714368,0.9138247646434122,0.9034380904954953,0.8781629185680537,0.9033948164487392,0.0,0.9089165107443911,0.9368168173027908,0.9116563924886222,0.9069397196517983,0.9510689731320379,0.9521611777494015,0.9273467581468801,0.915912718602417,0.9139318317502246,0.9324606054172191,0.9488908496041231,0.9164880133364127,0.9041669406599552,0.9133144085949988,0.9065991769532462,0.8945690870461777,0.9192165045247733,0.923405896022819,0.89392960404848,0.8907292127941909,0.9255794744980235,0.9098025610671343,0.895368111873987,0.909586460517133,0.925084939282528,0.9255811774616182,0.9318223092886094,0.9166235647929405,0.9135254857949306,0.9240738404581671,0.9027133814794224,0.922998310325169,0.9170837541819916,0.9053278824748888,0.9063542456802037,0.8950658012066154,0.9290178480981995,0.9325837814380838,0.9292368688495934,0.9267888096373558,0.9179283469012863,0.9131520730683921,0.9333106365489233,0.9315781376697733,0.8766802831215309,0.9231953015392942,0.9388246926970769,0.9088867236961095,0.9242302827669974,0.9164397838162672,0.8984983244089572,0.9277620734165588,0.9051132146258786,0.8914566553680252,0.8918065993336157,0.8949864653440022,0.91136983979997,0.930818241576743,0.9239078599335547,0.912468404716337,0.8985408729177402,0.893799765199326,0.9404135042052738,0.9322938606643272,0.8880438569446875,0.9305438447787117,0.9221419695530783,0.8996007413731968,0.8845082159349069,0.908293168202635,0.8980179071540125,0.9038140639046557,0.924510334473979,0.8957370349133369,0.9167428649202769,0.8993433844444021,0.9010015518644725,0.8969030296231889,0.8687199730405167,0.939507810649407,0.8825620145518024,0.9561705896601463,0.9016784617277263,0.9070109358494192,0.9052067250358874,0.8831441423588917,0.884989060484932,0.8855147206406393,0.894437011847431,0.900007981861772,0.9031584494170668,0.8803428091074778,0.8919934104056416,0.9025296740423686,0.9127275835710029,0.9084618440225322,0.9149793637618142,0.9146173282613854,0.9082834423916274,0.9203213902823446,0.9027706725744351,0.905979348611832,0.9053267351641239,0.914633321059648,0.9142475928756908,0.8985459189354956,0.9300841402044512,0.9295119722320384,0.8987187644603569,0.9229159154934498,0.8983381881756219,0.9044459384665346,0.9155911513099254,0.8846107370083246,0.919832269329601,0.8968008092591635,0.9066804385683745,0.9241745281206516,0.9129383018885499,0.879245647869194,0.9230837419289559,0.9020714973966302,0.9052886131322895,0.9117597362093698,0.900790507207563,0.9016748743707129,0.9088695040995267,0.9119922460287357,0.9140213128623876,0.8992859308440994,0.9292680939326327,0.9067808636298359,0.9066013502600517,0.9237122564560194,0.8953644932200839,0.9063552203072732,0.9148320362088789,0.9117516813130684,0.9064576118506769,0.8948103103645471,0.9130902204196975,0.9454403861946161,0.8899063806278822,0.9132566515225284,0.9019123302369382,0.9256238380385408,0.9039696242178524,0.8918492429761428,0.9120398687852649,0.9024314483369945,0.8952938259036547,0.8793263583386789,0.9315408079277523
0.9099569087686833,0.9367511138780986,0.9223494731105178,0.8881952883291065,0.8862611759832555,0.9463891422730891,0.9227078017789135,0.9210395301025655,0.8907702013948383,0.9269390618955328,0.9089165107443911,0.0,0.9165704111563552,0.8714712524210736,0.9128064007971028,0.9199356755603942,0.9043784800401746,0.8930169240772953,0.9293232527568582,0.9075611308902736,0.9262647338696819,0.9230973505024128,0.9096804636983291,0.9122736629644557,0.9448085552290459,0.8857469756567111,0.8665123327573078,0.8854538046714954,0.8982103060551231,0.904647210424083,0.925887382544558,0.9279591585431359,0.8989953688434829,0.9184467757519411,0.8929519433366973,0.9035492838197623,0.9342405938528163,0.8933567630451394,0.9217883788449891,0.8850073508648592,0.9027668075652421,0.9142910416086386,0.9145736182665566,0.9129351141263128,0.9168966903426558,0.9082537257912937,0.9227675281384959,0.916074907531953,0.9186824043249882,0.8972273300244566,0.9077140211275612,0.9056944908441894,0.8830236227471091,0.9162115588759354,0.9054560356131544,0.9156315934056565,0.9001635491799043,0.9311027611387467,0.8857601160550479,0.9007341404131933,0.9023341835353236,0.8832969610949252,0.8946839250015508,0.8757081695476754,0.8807635998594671,0.8830723443873758,0.8882191107400782,0.9234216935806621,0.8793797944532411,0.9123556388313729,0.9095127704564094,0.873411742476131,0.8666659704653379,0.9124321230113223,0.8984148070167787,0.8961533674725355,0.9040435836072175,0.9149673042766153,0.893830756083889,0.8776693145810494,0.9056785075128813,0.9025645007961132,0.9362864783125414,0.8925811727538204,0.8790799175199812,0.9193546461215135,0.9041203721200013,0.8851448371672233,0.9054870217465129,0.9042656865920553,0.8982173457026134,0.9095320540925087,0.9092459154666428,0.8887581152925389,0.8773338427890844,0.957427608147037,0.881002110832883,0.9193040370258942,0.8678145177669774,0.8945090684562328,0.8839443410648473,0.9050616908867354,0.8790895813893099,0.9299640778044095,0.880650811845999,0.9159613390574387,0.8991489565920847,0.9206242266192204,0.9046827592502092,0.9513332359286348,0.9291873247847791,0.8802876683164793,0.8950661285004844,0.8808992101764443,0.8845775425292152,0.8985118586395784,0.9031608500463627,0.9247433552003378,0.9042368242814738,0.8781419887379037,0.8848908382896113,0.8868829782412629,0.8989799765061465,0.9257166963269282,0.8704663941037278,0.9344510216328739,0.8792957255927033,0.9307812145552001,0.9148126602981216,0.8873397791402142,0.8969167102648687,0.9036550465407635,0.8745157495670782,0.8881077041733525,0.9133482506037311,0.88274661162908,0.9429626744924816,0.8868910838670601,0.8886548157489694,0.9209337374620652,0.8852485361146804,0.9072449632656248,0.9053839049998555,0.8851155112215596,0.9158681103959693,0.9147941169268018,0.9363018046836004,0.9192830267121876,0.9393906987619598,0.8760226783622995,0.8941208753870074,0.8991592529482799,0.8969698161645455,0.9119705062471036,0.9445056275417066,0.9161579880068409,0.9046065021323078,0.9321120766541057,0.8639887790264544,0.8824522436229136,0.8908639198362495,0.889723670410368,0.8821050161315431,0.9008216955812125
