0,1,2,3,4,5,6,7,8,9,10,11,12,13,14,15,16,17,18,19,20,21,22,23,24,25,26,27,28,29,30,31,32,33,34,35,36,37,38,39,40,41,42,43,44,45,46,47,48,49,50,51,52,53,54,55,56,57,58,59,60,61,62,63,64,65,66,67,68,69,70,71,72,73,74,75,76,77,78,79,80,81,82,83,84,85,86,87,88,89,90,91,92,93,94,95,96,97,98,99,100,101,102,103,104,105,106,107,108,109,110,111,112,113,114,115,116,117,118,119,120,121,122,123,124,125,126,127,128,129,130,131,132,133,134,135,136,137,138,139,140,141,142,143,144,145,146,147,148,149,150,151,152,153,154,155,156,157,158,159,160,161,162,163
0.0,0.48118565331596497,0.4055396819419076,0.4688468518543166,0.46078294659900204,0.4950286967728235,0.5051403632010617,0.5266193190350039,0.6181074108690305,0.38945383161465497,0.5112380596350424,0.4086143917202233,0.6396447814105916,0.48431572042292376,0.5146728059068771,0.5044312530592995,0.5642988447076599,0.6012869527209223,0.47188878484052815,0.6019308892739199,0.5352594455602311,0.48148649731075654,0.4852146273910314,0.563915227212727,0.5162161058184339,0.5771466310064234,0.47180043148614065,0.6349158045258844,0.3465445636066259,0.4774815485375201,0.5332202429531482,0.511894912003046,0.4536906045046919,0.5074443915216207,0.5895247100731367,0.39766461628933203,0.6366331003036585,0.5313744771706042,0.4399917992988718,0.6376000439590249,0.4586326763591781,0.5994218219610592,0.5104367748760766,0.5293691127543427,0.5393307630428171,0.5426652091295238,0.48176660763856055,0.46162770300472067,0.5840796292903878,0.4810940775618268,0.5452545146292774,0.578025362969602,0.48117012772902107,0.4664140803638033,0.41641466686683476,0.6057529307692762,0.5999323598374746,0.46586553463202557,0.5344656390658113,0.44413255795478396,0.5517812852314806,0.37784912986633307,0.5829002094850547,0.4024430591531703,0.5269297749379428,0.5848516354903806,0.642859717157454,0.6222413083654904,0.49115311387605515,0.5932739510792064,0.692063085548198,0.5068170833031754,0.622070705523315,0.5936156527521291,0.5479316841494708,0.6237844768016731,0.5320435550445336,0.4931731230784622,0.5566835599654021,0.5477583702414413,0.6140034801862871,0.5619534819013546,0.5768497661137665,0.5424621720117759,0.5500981172784754,0.6136457375457419,0.6386397533112528,0.5185183309677301,0.554804993631536,0.5516811345888354,0.5078285940074804,0.47285419677471563,0.4456954637487055,0.6129979418087199,0.579438919120175,0.44191455211498837,0.47272093316646163,0.5069049969973733,0.39897726595412303,0.5733966964649327,0.4727818812423372,0.4619470215114334,0.4534645284549891,0.36528299484967225,0.512543792172479,0.5471196362481078,0.47249540495379555,0.578603995805971,0.5128660603438177,0.5023802496303954,0.5210990942359006,0.5011872282577693,0.6372161357954571,0.5071129089972378,0.5294232301850204,0.6269588958191024,0.6321570864858178,0.39738641406735764,0.4597213220627758,0.4502544915119332,0.5213465271666383,0.47289547474477817,0.5846296451214965,0.6457294625728747,0.5985172574351079,0.41992791724452044,0.4284409613404273,0.42355277228622634,0.40965036326260224,0.5449796497702843,0.5244679421125199,0.5474901477372565,0.5350619561621445,0.550740806811178,0.4796321523736453,0.5699936380772381,0.5518677630207715,0.5697927533885729,0.4981764019397473,0.4810822851632422,0.47036997736192604,0.44040606726118237,0.5536052641220066,0.458142873849325,0.548894067296463,0.5624246407388258,0.5451612342607342,0.4902945332010039,0.4376221173109066,0.31020898885829223,0.6872563444208808,0.5084223821598856,0.46864770409297934,0.4192665720181176,0.4902264279452181,0.6285297675507805,0.5574083977711798,0.5923814124963852,0.5434904285414986,0.579294482474394,0.5384854794324538,0.6611468285886944,0.48730336989111434,0.6795019708966245
0.48118565331596497,0.0,0.5432795024085845,0.447183409890148,0.44756035627206775,0.6521111803960661,0.4855181477832972,0.6496048702846092,0.4809295171893098,0.5411784680406354,0.5542879601971586,0.58997888543494,0.5649153436556864,0.47643361927265465,0.5014115279954529,0.6087746288618364,0.5663859024021001,0.4415821800612911,0.5425119470538864,0.5307996914206156,0.5298370894422502,0.5513920205714031,0.4558301988693239,0.5073914977024533,0.5768375918155992,0.4492161725468215,0.4802663834683547,0.5405425545777518,0.5037571413798044,0.4770817943377626,0.6583823788436987,0.6555153004173755,0.5068445211978414,0.5311394356012431,0.5494971278953538,0.5086122581094898,0.5228621018725726,0.5193152018198579,0.5832440932327768,0.5090929123716398,0.520250684634054,0.5021786593884058,0.4744459817750486,0.5468430761160225,0.6328209610962104,0.46190239628222585,0.49526980970821,0.5095805756064337,0.5269460777506679,0.4787597750666206,0.4842835204382181,0.4756716056379715,0.44763121797720445,0.6028885180921437,0.5893333737345362,0.5278638096455744,0.469881303079641,0.5627776075937883,0.4921554448001114,0.462000072025684,0.5903352337578087,0.3840162750402085,0.4889156829846727,0.4670525298300921,0.41196890604968195,0.4323267906038348,0.4746790788453165,0.45946400237197016,0.4817154183524669,0.5127929922278621,0.47392219946569963,0.46359028957631926,0.4480937884306272,0.5263047992377108,0.6082110091034285,0.4742944752061515,0.5003376881294674,0.5449074898698888,0.4595073141717677,0.41648758018617654,0.5233806590356654,0.4421691410020935,0.5619379637746937,0.5417213465600438,0.44488204137738846,0.5721890010513871,0.5087769210162306,0.45360570051966315,0.5226750874969058,0.48154026212741496,0.4406859981953114,0.5030428776897244,0.5460190897237,0.4557131160326883,0.4448002737317233,0.5958165965422292,0.513931012724084,0.5824286360721088,0.3928853897414643,0.5054492832984991,0.4952232469703395,0.48563187342784114,0.40731976962970945,0.44429310806667666,0.47517201788337066,0.48742944677616595,0.49893452359041063,0.5867509459033537,0.5027661346166351,0.5242626182562061,0.537100278979234,0.4296282252976642,0.46855104146115567,0.4800720959244804,0.4514075806444231,0.48707853502907544,0.5436070569230711,0.47548008715454865,0.5369837699059169,0.4261949109879771,0.4456305760001777,0.4395058636063085,0.4563829816246487,0.5279535976626218,0.4427313115447789,0.6320804525607431,0.4104158522137554,0.5353004007264114,0.608119764480108,0.4945425647828852,0.5703524952191444,0.5279171601862005,0.4206138652704299,0.46195544061180355,0.5200551040555355,0.46662270571933745,0.5725454554077666,0.5161432084667053,0.5500446364987519,0.47682175126265997,0.4737176681183646,0.5288357932820894,0.49198325268292276,0.5073169732125127,0.5704593334398993,0.47337530445540366,0.5663511490534263,0.5206009099921117,0.6194735389711767,0.3671640538512459,0.4777028043148173,0.5434202186629786,0.4817169070403229,0.5016153078381864,0.5351479767396546,0.4790237841472745,0.4344478195183187,0.5596661657158973,0.4537057541717013,0.45188110293507816,0.49175990121062285,0.48510142703668835,0.4218157829906944,0.43699484568994695
0.4055396819419076,0.5432795024085845,0.0,0.39671474224051606,0.4550555532689703,0.4738253144368523,0.4430333299643272,0.5222110558362325,0.4026682233345625,0.6589825792145451,0.5435299549766817,0.5507992967487447,0.4575339826548858,0.36960766474501694,0.4884494298164778,0.5412329356836723,0.4931420683882624,0.42235764976226675,0.5313332197496822,0.4482702219772147,0.5290592177043235,0.6565183578433861,0.42682959047842334,0.4930826569303814,0.5564242394887239,0.3849783321033913,0.4183807342625547,0.4519441399305257,0.4861084082392769,0.44183995876078647,0.479125502318392,0.5078346999991767,0.4124233366566136,0.4023886172470875,0.4077708992442931,0.4141955234900171,0.4448958641273654,0.4321178485536574,0.5436655272766572,0.4441022184862866,0.4448938444071215,0.4691468391394292,0.4873173171194813,0.4547791124778903,0.4703276133060152,0.4094939795308783,0.4213411512722929,0.4908517611342059,0.4845194092528634,0.42325897772128984,0.4361962502827006,0.39358357155215534,0.38866029609015335,0.5334486019702461,0.5153312071335883,0.4020503287654195,0.4175695631031774,0.5103113893409579,0.4844388344166807,0.37728283202460405,0.4871453760244603,0.31941558782475793,0.4380294852432943,0.3946351449627443,0.3927676420749828,0.393125575832264,0.3993228959466561,0.4367338080596983,0.49965216202652285,0.4935933369931973,0.4142926598601828,0.37758624371078636,0.37530973205202944,0.4867180212653825,0.4980917184235923,0.3819323231887842,0.46902799373363263,0.4709770451480519,0.39520905771724424,0.34984103554245766,0.4680259403750195,0.3988102833666753,0.496658285710922,0.41562383503055284,0.38567242452589934,0.4457500221167483,0.43005654287910494,0.4016670618067592,0.4092316701475996,0.3806168182414625,0.39729908287369176,0.3916577938737169,0.48740694266571527,0.37845210655787637,0.3929012178335331,0.5019402223718263,0.4295544403079611,0.43605906704655056,0.31938705631347303,0.38692071460270056,0.38171357852623,0.51916480241519,0.37048802370923933,0.4692229796972952,0.38626543764593696,0.4170114451451866,0.46316379265389485,0.5160529483596757,0.4393006128942151,0.49672880273230596,0.4798011044438306,0.37804932137947933,0.3822450730704868,0.42353450582723695,0.3638424142197318,0.3911469924776998,0.4312525528134944,0.6144788729151227,0.4935911740714956,0.33600943847763526,0.38957639930053295,0.3784852147751224,0.36854166281806755,0.4504843529725345,0.36436133182742675,0.5511500963257174,0.34117924921151915,0.420770694282205,0.4796338658559106,0.4410335259335275,0.4432472013165345,0.4980545366825778,0.34882001732190127,0.3651262673537354,0.5291275870716354,0.42721268518522115,0.4652357268500607,0.41641973066230903,0.5649000875566863,0.46000999825614547,0.4215162517041212,0.41722954858301486,0.4109363932205115,0.45781389266595907,0.48076828346190226,0.3983535712557104,0.47860301078413725,0.4998897507141157,0.6596691836293079,0.3135361557134288,0.40358179349269896,0.4715050339067552,0.4839610558778651,0.5199980553525718,0.5151865568823508,0.4430250228312123,0.4045213137027951,0.4789956823658405,0.3702061278046137,0.3757805539626277,0.4696907659033689,0.38300438235458933,0.3997828387601051,0.3943471338601062
0.4688468518543166,0.447183409890148,0.39671474224051606,0.0,0.5001826874082604,0.45343028184575074,0.6196926000703147,0.4879255992582206,0.45374867909126076,0.3923572161302987,0.4621576444344407,0.46968317826139894,0.4201213802502511,0.39510948709914245,0.5443993982714849,0.4204941713457823,0.47648476521418076,0.463449473942893,0.5473981532886508,0.40589452930310793,0.5156961570496726,0.43811245907583085,0.5130865526481405,0.4665197494828359,0.48419996092697587,0.4948374992456675,0.4437446828862624,0.5043274429543851,0.3544851044736648,0.43535895090643556,0.506643055478005,0.4337347929743,0.6389991926645823,0.47980917264948775,0.492487422559253,0.4297617594141524,0.4420766777683636,0.45157095300197453,0.448391566042653,0.5180978549711293,0.5606017188813361,0.49273678884993727,0.47155706812909415,0.5648706535818718,0.45508096673585996,0.44302464283871124,0.4360507180522265,0.4049305146068829,0.5095119545918155,0.4383289968086686,0.5560812903338246,0.5710563039695488,0.4323406890254599,0.5478900736713689,0.44963788399679855,0.4407216838957278,0.46558293941692863,0.5439158492384639,0.4633117172148139,0.4021661601001938,0.43761567355227887,0.3481274926234784,0.5421297679511214,0.37173718983593507,0.4377538345834694,0.418663594561695,0.43819865184743334,0.4337506555396225,0.4371598789824811,0.5133344403367442,0.4657629237743557,0.4121116993798617,0.45915307287236784,0.5090252329859315,0.4622570702002964,0.42435217817151366,0.4503968944516251,0.4896288326942845,0.4777544234169824,0.3863368725476083,0.4738488096267779,0.5398212981880334,0.4620083633645866,0.4222068599292842,0.48940499343097593,0.47781690678707606,0.45636159020111733,0.4675869600871024,0.45476338712636133,0.40507729328304753,0.5580031925163648,0.5441463629588393,0.46129178215861183,0.4231207080509185,0.49641739284581593,0.4621635248036628,0.4106230811401343,0.5477782331080919,0.3726303098901019,0.4835449950962447,0.3907760622025159,0.4311853217841319,0.6234254320174005,0.46103881411458103,0.46829129933716734,0.4303655452050656,0.43483240086118496,0.49536441936772035,0.4681144786440212,0.40068140683048475,0.6053485148090049,0.4749489160193416,0.4482890465826423,0.446629699391327,0.4568105435112496,0.477668302982631,0.5158395457649921,0.3778591240192486,0.5166317345385578,0.4257565578949172,0.4210459998256499,0.5430930831508387,0.4090519549622226,0.5277028365964537,0.41476489861203525,0.4367748224573778,0.39974825404180014,0.38668175406755506,0.42795811213174373,0.43813388184905516,0.4242606483277204,0.44019231590282315,0.3729631729907267,0.4849000883073533,0.4021253078683503,0.4069835561933994,0.39832698092302427,0.5225336625755975,0.4477370678627529,0.4703118628341734,0.5392088695917266,0.38003625454867523,0.5157967917242454,0.4782241130075854,0.45678543221011586,0.5420113036351788,0.49969878213223123,0.4444403848160158,0.41348275523197775,0.2952461325981258,0.5375354891733347,0.530799436745711,0.44193468891322235,0.39361035055592636,0.5833760361864019,0.43373531479459404,0.3780263393467173,0.5338672053811861,0.5550715124017296,0.47179097937078596,0.46889885833251504,0.481095941813555,0.45186726256163184,0.4915765458561187
0.46078294659900204,0.44756035627206775,0.4550555532689703,0.5001826874082604,0.0,0.4139336740209525,0.6047827524217132,0.5226254152032938,0.4932028575011219,0.4187397785014503,0.4697867167007664,0.4786246117370562,0.43694646898495776,0.39843410559254877,0.5835733897807797,0.4946637027208842,0.5470040936360083,0.5258325232637326,0.5191302025220761,0.43260917383132824,0.591573835081707,0.4979731463282417,0.6116601117104872,0.4949599604125818,0.48146817959237764,0.5064292555473858,0.5288035547981835,0.4931217557636324,0.35665816619451557,0.5924815739305043,0.49990805791860915,0.47079379385894354,0.4751755875493171,0.4514211114505132,0.44333685586025673,0.43621276560430866,0.4459223188787698,0.5005999178482493,0.5068308852059725,0.5739954134727318,0.5391035767437047,0.5543091033913089,0.5798179990993901,0.4782079612214126,0.47557885405156064,0.5104208843657916,0.5241420976223807,0.3986731046110596,0.5719323518094577,0.5121947617232039,0.601249754208889,0.49472572785794333,0.45729367599359794,0.4957247717155657,0.4509657322744321,0.44169088778180193,0.5172790328094259,0.6088589349329898,0.5172492743286071,0.4381916891881626,0.42218574488760036,0.3676234415318287,0.5285485220418338,0.4053319859171611,0.47942764009925576,0.43997646359096576,0.4393822372608301,0.4773130632466601,0.5363437177741125,0.5386569252944023,0.49912488678856654,0.4325285791641737,0.43054541191254303,0.5789713631765013,0.49345443989496784,0.4178271877769647,0.5426805197478579,0.6021523683111394,0.4967886987575631,0.38126194914395284,0.4723053495909871,0.546387732561539,0.5427899396992213,0.4111285331938047,0.5111065442601066,0.5059820972226089,0.4356016428272123,0.5238603470747886,0.4721497234686219,0.41963412943871775,0.632508441113123,0.487298943276284,0.5284999882068997,0.4202585617237801,0.5167972774468912,0.4300342064723715,0.4243544437822109,0.47358462473088986,0.37526326031856433,0.4584310662038828,0.3876407965188603,0.5225404687309079,0.5185289958961248,0.425637487885858,0.4693582049796243,0.5090806409363524,0.5056107612691734,0.5162572877104953,0.549220170281708,0.4082972288125126,0.5234336695845168,0.5192932343541091,0.40211418186678033,0.520054897596247,0.4395362290441508,0.492599744239257,0.48249977597280774,0.44843517217347517,0.4403605001382069,0.4038196030706503,0.5005659290758749,0.5231141656884924,0.38702645382472856,0.5538653397323184,0.39522769877695324,0.4291790283483007,0.42063045882663197,0.43431967744584216,0.4114135317425644,0.508490948162707,0.4724084385180204,0.531526204589965,0.374948448962783,0.4405387786527688,0.41529481890934944,0.4380575899622812,0.43400916485830626,0.531930681687206,0.5135146648060543,0.5984359957735713,0.4178731251145513,0.4066684563167374,0.5411101454764824,0.5320997850036746,0.48523291472725655,0.533100502803332,0.5876739108586724,0.5394777488073478,0.4467138584177679,0.3090465150225588,0.478581712141949,0.506797094946726,0.5453111090592343,0.5172098552116781,0.5627836162898979,0.45793036197233417,0.3862358257261879,0.5455606988997099,0.4165978125653871,0.4748393568236582,0.4913948446161693,0.43486488440580984,0.5361530751613574,0.4935020324554648
0.4950286967728235,0.6521111803960661,0.4738253144368523,0.45343028184575074,0.4139336740209525,0.0,0.46148638541367,0.5311130323769725,0.4481996310504557,0.4679723159748331,0.5616349764705898,0.5089729420668042,0.5659732177360742,0.45685308142952635,0.46183391212608055,0.5259760055743137,0.5061170933660466,0.4163803016812886,0.4922717505166934,0.4925766742846004,0.48385709890111867,0.4966361256046601,0.41018575624562226,0.4955191131408418,0.5470586717843556,0.4514003847837722,0.41664919793775146,0.5148395791260544,0.47213350006438415,0.42061573468798125,0.5650865978290335,0.5513136310726591,0.509661881371916,0.5015348856264105,0.5629258333814683,0.44607925159042017,0.5495462633549986,0.46795864952871263,0.4810401321292143,0.4752652637890093,0.4732180197461238,0.47721791335006075,0.43158673947510934,0.6067502407998783,0.5374577586791749,0.41857436896016925,0.4439398846334194,0.5609717810173408,0.48105173392573103,0.42159944944712563,0.4517691055847289,0.4939431374707377,0.409747920745436,0.5608838391006179,0.5169459114794165,0.5263528668633708,0.4376007294422816,0.5001501655180864,0.4405603033279478,0.41033197031303736,0.5891553702000113,0.35931690802572247,0.4857986342411857,0.40939677019973625,0.3876773383929582,0.4162270174841969,0.46937362102493235,0.46059256951279454,0.4268248688339773,0.48833173642652455,0.46431389973805903,0.43121783240207107,0.45903657805198816,0.48120007639174844,0.5306756984196631,0.47175021053427496,0.45167788488251054,0.49164702715229075,0.43274124994057345,0.45211935083785415,0.5355189187475409,0.42026002653157807,0.5161634365355645,0.5507199509306162,0.4207336811345207,0.5192573105923807,0.5354516051543657,0.411789605489239,0.47259533744990667,0.4647439545284563,0.4184972837802898,0.46701855218527194,0.4652963079103271,0.45065258328395175,0.4241724892473891,0.6118066101625669,0.4574874833016559,0.5608868198231804,0.37570215232583704,0.48322514786817355,0.4815763913631366,0.42242704877258874,0.39429582389631196,0.4198523846099385,0.44299003975778944,0.44176509026893745,0.43135880724825765,0.5430627817172137,0.44355494802411966,0.538886439274486,0.5363537343896384,0.400746542150898,0.5222313808197673,0.42620940718329164,0.44390293311558926,0.47776777686957944,0.5255215075066427,0.41158447196193243,0.5899690096492651,0.4205822620187636,0.414682189438096,0.41602473132937356,0.4907250249609563,0.5119246093755748,0.4631458769707277,0.5802342376251762,0.3809515187269431,0.4597241452947674,0.5489380398160897,0.44408720402176527,0.49358337593337775,0.4746301287124105,0.4266274933654845,0.4682024465477748,0.49367750104938846,0.4523406427416592,0.5381833566395765,0.48546455124686366,0.4703721567053112,0.41486629089697125,0.5154791880674807,0.47920650089524014,0.44681703272517276,0.4393365631451204,0.5354128311826722,0.45510620012681813,0.5027044737000528,0.4517017876323416,0.5158861190759012,0.3417391660044254,0.4846727893741572,0.5030759544253343,0.4164546938502845,0.4126038969246249,0.49917611533655154,0.4658993997620622,0.45011239721718727,0.5569835947184899,0.5078779310753507,0.4468122439713156,0.46350130881373874,0.5107014998932289,0.3839415013367283,0.4475550343510545
0.5051403632010617,0.4855181477832972,0.4430333299643272,0.6196926000703147,0.6047827524217132,0.46148638541367,0.0,0.5560677854270183,0.5122776224513629,0.44091253656859797,0.4970112372389332,0.5190207815769574,0.4621199725376108,0.40501075463046293,0.6806960495208587,0.4753898931443639,0.523871225360705,0.5268948203735502,0.5827016295743236,0.4429504282295149,0.5876080127528454,0.5006451307399709,0.6360880947511627,0.54346765399994,0.5574158957145484,0.5227639645695612,0.5079563598520687,0.5340321864500388,0.36897745611259447,0.5327945375308722,0.5750041459847707,0.48259382582792965,0.5649229938056229,0.5010338422188344,0.4909477265102871,0.43295779933380957,0.49540158216403,0.4833105312017265,0.5030422486178064,0.5997645815361886,0.5565529044948196,0.5814511910272426,0.555122282947152,0.5582585785453062,0.5051941750906163,0.5039987420980337,0.5015104220093551,0.4279457997944023,0.6276688082979512,0.47170531919980674,0.6144654965562993,0.5381819838082786,0.44719944716514987,0.5483142726190965,0.4701143833707819,0.4862992693339465,0.5087403508644426,0.5998696995010515,0.5261417184020706,0.42460899530202373,0.4579880531541503,0.3557603707595516,0.5415994670315908,0.3882173321523716,0.47407256865796826,0.44832346453115823,0.4751271248862289,0.5074880737116414,0.4932951924301401,0.595055432736504,0.516370989293974,0.4340918464588954,0.4539830275934055,0.586639088765104,0.49052886696841896,0.4574992801382365,0.5240956423514853,0.5872793857680697,0.5076130885343894,0.40227704970613276,0.5065556458575753,0.5807906772747966,0.5761303397596353,0.4300222659235267,0.5067592555976962,0.5252245598873359,0.48462048293268106,0.5194826246306504,0.5011988780870432,0.44954530643846574,0.5932251042079522,0.5516026226072311,0.5037541703170434,0.44093015497271815,0.5193594885261965,0.4970243578560464,0.42457251700400017,0.5519321317961813,0.3722237042405483,0.5008956978941324,0.4065191549803406,0.5034228302885431,0.5846590444643184,0.47677379377266177,0.4715159335810856,0.4868416432997691,0.47766000938941044,0.5665327481833926,0.5366958976011761,0.4447463015659767,0.6355205579060178,0.49613744748836774,0.4472145169163529,0.494197849262776,0.45452001660019714,0.5095901550956929,0.5412711130146485,0.43753144568082736,0.49082408278069495,0.41766050151684586,0.4596498872039955,0.5428203632892293,0.41326889195802774,0.627936340663894,0.421500487209397,0.46894518335864205,0.406032919312325,0.4279482465244742,0.4313993250112877,0.49533320370838707,0.47893470982547715,0.49044130780600204,0.38941884829955103,0.4680930154965115,0.4355703725539495,0.44205801671562983,0.4556386770226713,0.5653938659959125,0.5171958550416975,0.564496244741298,0.5039464703500038,0.4018192231542258,0.5631724890856606,0.5034872776159875,0.5065156023080163,0.6023364669594626,0.5891667588956128,0.5291893814630138,0.46424799806323697,0.2987708110455364,0.5535971737588216,0.5592467969113041,0.4907820004052554,0.4766467292130733,0.6768965302815056,0.49670139931786916,0.41399872151782807,0.6462445682608795,0.5012188148738072,0.4944595751260229,0.5231510522958842,0.48555140722346574,0.5142507017064644,0.5247532716121138
0.5266193190350039,0.6496048702846092,0.5222110558362325,0.4879255992582206,0.5226254152032938,0.5311130323769725,0.5560677854270183,0.0,0.5706789665626212,0.5071261504068557,0.5331593547804396,0.5669211507844556,0.5620354182703804,0.48279206976780653,0.5950884259966965,0.6227995821398766,0.6473613131787975,0.5287817816122303,0.5882002556344198,0.5612987336105887,0.614768990210642,0.5666224794126644,0.5616313365725419,0.5407458474287241,0.5905750122893256,0.5071403104352296,0.5846025099234361,0.6034433408644795,0.42513974686843364,0.5733804959373396,0.7416136432277441,0.647296029312982,0.5248046042880774,0.5625759656526067,0.5563616705419799,0.5176030206119316,0.5315365321206214,0.5980365177299519,0.6142648352488391,0.6113688202984119,0.5844165489762713,0.5747744552639307,0.5743551428078078,0.5343906673783342,0.7103390089285839,0.5635989339620693,0.5726174284934977,0.4607156259998484,0.6258474784236817,0.5640460993074122,0.5807229377029495,0.5195553870706435,0.5045923452408672,0.5878514629092049,0.5477617893589023,0.5495018239840687,0.55516423843258,0.6391413535947379,0.5766715376020399,0.511300054529932,0.5569540404191986,0.4053248399057811,0.5540752873773795,0.48272680488578285,0.48018390206580897,0.48780123764438377,0.5141226448103337,0.504989851967723,0.5739004824371348,0.6051791052287234,0.5430110840218983,0.508210642302393,0.4793259199619384,0.6340147035323914,0.6665891573657396,0.5054907942186716,0.5774836443630285,0.6093224727301987,0.5518940617257438,0.4165815717855694,0.5463749304285236,0.5313105574041341,0.6354995592551901,0.5301106041223099,0.5228994254635361,0.68104216486876,0.5268872979285477,0.5514169656546946,0.6104265181739191,0.5120506597250907,0.5257966242196364,0.5608786505608716,0.5966887451391603,0.4880974438601867,0.5192374124175464,0.5282629098965413,0.5422225127384795,0.6074597429253074,0.41149287462077083,0.5638660964866058,0.4803448978721849,0.5749252002962298,0.4734483633764862,0.45252548320914276,0.5408983928880912,0.5824554163381569,0.5849789914556989,0.653898435387995,0.6134216291158301,0.48885691663690156,0.5609903925566393,0.5076623880424542,0.46839994405642416,0.5741358741099302,0.49676755744437834,0.5484738302022741,0.6049823445699019,0.4934097006396772,0.4966774122376358,0.44962967148148614,0.5076726208242633,0.5209907610735537,0.45444829797380415,0.6061016987267469,0.45329663793937525,0.5410654119070765,0.45258419463843974,0.5436288125311215,0.5269915446757978,0.5883180373260248,0.6366154947237136,0.601706737737079,0.43467225572856005,0.4914716573418794,0.5061756362869472,0.4968820378627893,0.5698584256310337,0.601209241916059,0.6419961418231289,0.6022918029452112,0.47143588953771604,0.5042732842710042,0.5948491167387935,0.5883033369899242,0.5925796377320262,0.5611040548462815,0.6871389605089101,0.6129828095083311,0.5873116243231554,0.3531197562450986,0.5364969210175043,0.5935068645806765,0.5664968891753203,0.5794629138798347,0.6057391433101839,0.5300807106105679,0.4369123221431809,0.6144174885674683,0.4587012889553768,0.4989685168788139,0.5540770899501017,0.5079204060079089,0.51223958835432,0.48506923768289695
0.6181074108690305,0.4809295171893098,0.4026682233345625,0.45374867909126076,0.4932028575011219,0.4481996310504557,0.5122776224513629,0.5706789665626212,0.0,0.3880518132719202,0.4567829526979952,0.4188389285548852,0.5446549878222322,0.4944800649072942,0.515554869700318,0.4990183751187637,0.5542554155089422,0.5816146626554987,0.454645694648517,0.5484396357617851,0.5165379423610689,0.47092516531218,0.5309907268736973,0.5015209966268559,0.4781753160616497,0.5456437669744933,0.5698059170122584,0.5675325847273694,0.338244488187056,0.5624482428578258,0.5538888457908444,0.5036341245300854,0.4488722873866568,0.504692780641927,0.5427044257907025,0.42179580098043046,0.528665622718786,0.5623207863817457,0.4562862077376341,0.6230189838982324,0.4721325241433844,0.6205190626698254,0.4989492727113511,0.464199276918546,0.5574638414681867,0.5743201089552208,0.5326050059187211,0.4000598063728713,0.562138407667636,0.520325257704118,0.5448353585505139,0.5233085465723696,0.49832398207875994,0.44660212763482576,0.41066799601350024,0.6282923491658468,0.5849483386667319,0.4908227050211463,0.5206843840671764,0.4889078543627835,0.48246951773325153,0.4067882489480991,0.5183737744412142,0.430711624273565,0.513577406293579,0.5185873625489754,0.5805016976942955,0.5426426548943879,0.5063144193288663,0.5620040378646658,0.6245807122001361,0.5204480144044842,0.5443187220914126,0.5767362062675873,0.5461703021341762,0.537136688786112,0.535686277147144,0.5218637552109356,0.5526026786553552,0.45367991217361786,0.5075260475404082,0.5996291837118489,0.5968561277108753,0.4913765666940871,0.5646013412624378,0.6616176948346881,0.5319601949986238,0.5612953321459108,0.5881025707875384,0.6101977400314453,0.5486173036687929,0.5205257479362378,0.46297724332333523,0.526075541745497,0.5908284040865331,0.42530235989565074,0.4780921194961398,0.508622504500566,0.4284120536210825,0.5835484059796979,0.45850456491041336,0.472892706240615,0.46166900558868557,0.3632109501104034,0.5375766933035321,0.5905759620401888,0.48881587724218994,0.5542624682908197,0.5475263556000929,0.4421615448742353,0.4769535413424064,0.5428208320174526,0.5013750182252977,0.5788845462751426,0.5117112668352237,0.6565040195304221,0.5611748645067172,0.396102796458761,0.4097656418556793,0.48341037057117614,0.5565730442580333,0.5142723795668761,0.4874766868801719,0.5910089242422598,0.5125462668467939,0.40352292890796154,0.4762236276489261,0.46620457510961755,0.40146245828791755,0.5630292626836206,0.6291448413349133,0.5506819587410692,0.48958183473716516,0.5527338031734035,0.4362739209559265,0.4973602686492762,0.5143085405316781,0.581471373461396,0.49880756565419054,0.5296199318108197,0.41612635879707327,0.45086124516483744,0.6325336362639308,0.4999306263607611,0.5181268686128524,0.5927655163143274,0.6248495472576213,0.5069193640961159,0.43191298993312816,0.3256580630094314,0.5731002304097671,0.4879326517394529,0.5035429114248676,0.47379604607511394,0.4813384907621313,0.5576716096057465,0.45996319021003546,0.5566500875229031,0.46411240451448027,0.5432253415086564,0.49576459072562085,0.5546333625402045,0.5413450693594596,0.5743344760200247
0.38945383161465497,0.5411784680406354,0.6589825792145451,0.3923572161302987,0.4187397785014503,0.4679723159748331,0.44091253656859797,0.5071261504068557,0.3880518132719202,0.0,0.5076909248225385,0.5639719008512298,0.4373716025714216,0.36259575233014996,0.47251737471208594,0.49753527372292683,0.4511332779871067,0.40098368496279874,0.5104765787290435,0.4212820182105528,0.4718735071908108,0.5574409048854403,0.42163907098647374,0.45367610539995396,0.573415892799641,0.3679990352327582,0.41369545142880104,0.43431974240712995,0.5313979319532407,0.4252872561083492,0.4876541872085675,0.49258076052035293,0.41635505667384265,0.3997818498029034,0.4037463057395725,0.40921359792506384,0.4359246899581352,0.4138556132756044,0.5098960585192155,0.4187910148026846,0.43116735786190685,0.4372078269847021,0.4574278031963377,0.44778828206417154,0.45924808254774035,0.3895178594078703,0.4063434598139839,0.47640829464948337,0.47124483343210705,0.3950865141315927,0.4114904185548085,0.3741883864116888,0.3688910715686419,0.5056458265433429,0.5246655684942568,0.395539839637615,0.38898400991586174,0.48788444855591895,0.4580838118097124,0.3633527925648197,0.4624790031912901,0.3115802583335267,0.4086228417946281,0.38416129030793156,0.3673226284505261,0.3691678332930699,0.3835862453971086,0.41610550242977334,0.47133903570838037,0.4783768156271898,0.3889040622296482,0.36960575799024126,0.3581966112395377,0.44736586964615976,0.46284224827639187,0.38040661155953887,0.43257787364987493,0.4560433385246513,0.38100730379282116,0.3392697637629727,0.4437660906533338,0.3772366266296864,0.4766140136151024,0.40735544631532267,0.3667715389483533,0.42574562883197753,0.41996569484222235,0.39140868495952824,0.4070040152027371,0.37053738432696837,0.379349399364607,0.393589748962559,0.47051349923385183,0.36062968930673145,0.3722099582426084,0.54894360063385,0.40136431704968606,0.440765617374613,0.3139284327229627,0.3786970120670206,0.38131069802944495,0.48282446208788254,0.3682027113634919,0.5208206210100824,0.3733530970459505,0.3926553971958491,0.4281743798408097,0.5032531864589992,0.4208809771438377,0.47131826084864425,0.46153459743698244,0.3605419134983443,0.3709973472170696,0.40819269622910925,0.3539497807176961,0.3722862725706234,0.42517539767459234,0.6022056592550757,0.4808968884438334,0.33375792546030447,0.36378651881980434,0.3739618198100672,0.3548264539186222,0.43212956660474594,0.3542647178413918,0.6036678751573551,0.32725346173991193,0.4099860296827423,0.48771522885976815,0.4221701701446942,0.43607080620176947,0.44028006765560224,0.34001778763334184,0.35182477564140396,0.4858626336055499,0.40121537970253024,0.45675381231226675,0.4063954230447697,0.537477031632805,0.441913388895313,0.4412826375778987,0.40615596722899316,0.39273790460500446,0.43282417952478797,0.4634346201727431,0.3927662445484784,0.4447360825170977,0.48035102747896835,0.7031545223154474,0.30900842703402553,0.3914483506940116,0.47681801668016993,0.43261019522506733,0.4894088895184604,0.5117775853203219,0.4235531774203644,0.3850233820931836,0.46408565510339195,0.3741498873661464,0.36445059208579156,0.46151614990855583,0.37889334879155756,0.38483672781926076,0.37135338320947175
0.5112380596350424,0.5542879601971586,0.5435299549766817,0.4621576444344407,0.4697867167007664,0.5616349764705898,0.4970112372389332,0.5331593547804396,0.4567829526979952,0.5076909248225385,0.0,0.5089185950330561,0.5704526193356061,0.42624380097748427,0.5035901393243807,0.5825340035682637,0.557237175110489,0.472182358023239,0.5477851099294174,0.5255342190661803,0.5756953678550505,0.6255710864155317,0.4577724915966346,0.5819232714243038,0.65364841425275,0.46799065000351125,0.44359676310208507,0.5707288528003718,0.45156010371049093,0.44629402860480366,0.5269686575802032,0.5503377553163864,0.45021867232447843,0.47124517455293113,0.5119412365497074,0.4195137786837161,0.5949013497154423,0.48641677253457577,0.5272201354861665,0.5211004995502769,0.4578199004542456,0.5536195912077992,0.501398515806376,0.5889170214957088,0.51661476993872,0.43160907352670225,0.4197174676884786,0.6481390996202772,0.5782100426618823,0.4376333139344356,0.48554975931061733,0.4630997280313695,0.4057093815563758,0.5745924114437153,0.5277791612593465,0.4716635381443012,0.47552406965559385,0.5252594638341617,0.5222307078098454,0.3948291693118345,0.6138767230964565,0.3350336823431024,0.5032338768359361,0.40890350176284407,0.4254871988271487,0.44532998909200966,0.502237795302044,0.5112417820923576,0.5061113794005829,0.587975619933192,0.4885459531878933,0.427599294618669,0.48265111680915473,0.5554506704210842,0.5460842913734902,0.4504990671658451,0.536544539293153,0.5133406721832623,0.4381907612926251,0.44122034136708027,0.5596592814920548,0.4484245616074687,0.5330189480918939,0.49743744962819814,0.44708251889658845,0.5034628162966812,0.5906748836657207,0.43798437836626963,0.44911872205717884,0.4387158132420795,0.44488332658698965,0.42741235171767705,0.48265297030784704,0.44921164853981976,0.46184605446802063,0.542176920091269,0.4478958043350384,0.4933517603578806,0.3542857619192835,0.4446450437169517,0.45107455297556603,0.5085451296405005,0.41400641460024135,0.4304432015762193,0.4316974238725285,0.4447585311891305,0.46100976945681227,0.6189970073477034,0.44999080727099317,0.6036736816942434,0.6070353624446815,0.4279924378136391,0.5064695081302788,0.47385685136545835,0.4148288183310196,0.4558688681975424,0.5049915109993939,0.5095184947843185,0.6100119786453075,0.3864008349360924,0.4393684248632329,0.4169721447503863,0.47286316249629795,0.5325045458560325,0.46656247739085643,0.5375570585759627,0.36800269427098303,0.42479900884780214,0.49067481366174803,0.4737297181561604,0.46885888274037707,0.5390311632197143,0.43361540068518556,0.44796184680792134,0.6144040848406278,0.48647947574871014,0.5108327122934211,0.48048140927327865,0.5764074413765321,0.4629242662572046,0.49237657874885604,0.4572476712498065,0.4557827542837992,0.4764715186312955,0.6007280838652921,0.46166896293184895,0.5048713742055785,0.47877309113794997,0.5646186415169689,0.319410697729847,0.5203016126452809,0.5106819135348505,0.48891932094859936,0.4382905127480665,0.5503364532459608,0.5375690354620282,0.5163311746740901,0.5656355771564489,0.4810869513839684,0.460503630175322,0.4978920874298839,0.48908995640459496,0.4289010405969384,0.5092523305928494
0.4086143917202233,0.58997888543494,0.5507992967487447,0.46968317826139894,0.4786246117370562,0.5089729420668042,0.5190207815769574,0.5669211507844556,0.4188389285548852,0.5639719008512298,0.5089185950330561,0.0,0.438676917931901,0.3870644227700207,0.5083400812652158,0.5105992160573819,0.4916606769779269,0.4052317194205912,0.5815397309873207,0.42313047873254345,0.5130189712467198,0.5181198098758208,0.48255039761336477,0.4772693759068183,0.554919498003217,0.4153466606793337,0.4606304870761038,0.4717639741788563,0.4868549540148941,0.47156745523639354,0.5624085272878584,0.5110199797856213,0.5134786707971986,0.4841297581871677,0.4502712033689022,0.48183092890199786,0.44210987588816747,0.44542511318194233,0.5761113095322256,0.4619846806129059,0.5211672518101059,0.46900373596159856,0.46222872995236947,0.5083861679659337,0.5129639237362473,0.4167376926710128,0.4543768823288131,0.4528819314180846,0.4993277034130415,0.4309985861333758,0.46275686365840607,0.43448874949243854,0.39165181872080884,0.5993321617932736,0.5796147007129574,0.432937565383179,0.4170231955504104,0.6244210843752558,0.4474425157928988,0.4065236670632882,0.45951315199144116,0.3407005027762873,0.44248734432547526,0.41022925450592224,0.37581847557907766,0.3743432279309418,0.4017406898483067,0.4082543393561885,0.44994376965388105,0.4806085987222565,0.40952723776640715,0.3920447853552969,0.38383235236312496,0.48013547479584295,0.48680598055451074,0.39029618497857,0.45873109103852655,0.5356205019916602,0.4165269496920547,0.3522284672854245,0.43971734525787703,0.41899021082097454,0.49883094404317757,0.4224619298776256,0.4065745348407446,0.47423321160770016,0.4299329360650899,0.4164660196883083,0.4429703862174642,0.4054228627544288,0.4377422602995757,0.4800636412369793,0.5220172794649692,0.37944457234169393,0.401601761402023,0.5812926076199694,0.4200431977845709,0.5403194667487985,0.35004129165433934,0.43034182380092406,0.4013164323105997,0.4743680435338115,0.4229726606353819,0.5410071998852938,0.4150940043138989,0.42868826119410763,0.4541746287495305,0.5353304816583929,0.45976289491439976,0.4547514094152479,0.5487603642557187,0.4033685792221563,0.389207576697308,0.43540016901274264,0.39216266860189336,0.4254967691931209,0.45932107732250654,0.4874634366606019,0.5235398838021643,0.37889855818093016,0.396032582010054,0.42891356753710824,0.3782604306008377,0.47473315906813546,0.36670935189071296,0.612360047591098,0.36830835244107824,0.4717348394487971,0.5502848318310001,0.4288093862039412,0.4695290276662686,0.45426844040752057,0.35027344298903773,0.40149123858759206,0.45234074000498653,0.38833666595056276,0.4579264844281053,0.4639959998380103,0.5223447986566547,0.4721404609758985,0.4495600806481041,0.428843603700183,0.4469855118839031,0.4780196997854029,0.48401166982056953,0.4552113504799737,0.5195695988383444,0.47743287871676343,0.5798390063166271,0.332452663988176,0.4285658577177855,0.49371990163589174,0.46435543256129663,0.5022121788986644,0.5901369898094938,0.41809863620222776,0.37472695472331996,0.525415120161505,0.41082383322483074,0.3997209388345573,0.4393418161133764,0.40680132981476586,0.4027807577249747,0.39997866958267275
