0,1,2,3,4,5,6,7,8,9,10,11,12,13,14,15,16,17,18,19,20,21,22,23,24,25,26,27,28,29,30,31,32,33,34,35,36,37,38,39,40,41,42,43,44,45,46,47,48,49,50,51,52,53,54,55,56,57,58,59,60,61,62,63,64,65,66,67,68,69,70,71,72,73,74,75,76,77,78,79,80,81,82,83,84,85,86,87,88,89,90,91,92,93,94,95,96,97,98,99,100,101,102,103,104,105,106,107,108,109,110,111,112,113,114,115,116,117,118,119,120,121,122,123,124,125,126,127,128,129,130,131,132,133,134,135,136,137,138,139,140,141,142,143,144,145,146,147,148,149,150,151,152,153,154,155,156,157,158,159,160,161,162,163
0.0,0.5983048726029739,0.5747417926425111,0.4835698225095499,0.41012949793444514,0.5808144199613106,0.4665895866728639,0.5563445095050811,0.5308238187944898,0.6108452266838088,0.6001669132463366,0.4936888491007071,0.7522814146335254,0.5333627160449755,0.5047992295924911,0.5892119431465519,0.5935213491644121,0.6289080320914785,0.5422790124518974,0.6227772901625583,0.564661492537377,0.5581414238221073,0.45687758917045973,0.5497215787658184,0.6687205121320642,0.5015860777266503,0.46126082293292664,0.5803368090932082,0.5679206551406298,0.46260798571545514,0.5390663540009086,0.6440553765906302,0.46825266188030784,0.45002695483149685,0.658169316639252,0.4674249975081882,0.6188010441285215,0.5737297075891531,0.45505529960252206,0.6103170181656131,0.47505065151032405,0.5683976993826902,0.5239786267267087,0.5554409028681431,0.5651317651782231,0.5131979331164251,0.4608332040927279,0.539241496344548,0.6049701887701117,0.5104708376606072,0.523987513111566,0.56447635171419,0.44936287395437224,0.5296921006916618,0.5404805077235016,0.5806828207317418,0.6118484701390534,0.4905236859510216,0.5518360989406406,0.4884667715212651,0.5820068251020725,0.4210554238807135,0.5962030596532565,0.46856956706287745,0.5207809319593665,0.5786620659724573,0.5324343822959273,0.5330128837322685,0.5228060420610555,0.6097264312825158,0.5896971540620761,0.5592018352745287,0.6096354412301881,0.605228780533716,0.6143382795324327,0.5693226351992399,0.5013381416743934,0.45908766698020537,0.4772662772850944,0.47928308661538743,0.585588242170032,0.5049838433686957,0.5230597554438432,0.6375665675622424,0.5605632740839545,0.6169270340145715,0.5750619112672993,0.4914636821139355,0.5627114548538088,0.4970444157905098,0.4898626375379347,0.44913492056112325,0.5030956191323569,0.6190908072956983,0.5345003691423343,0.5192227292766658,0.46819556215695995,0.5173518958453115,0.4505211251830803,0.5704949891820669,0.5079834872343849,0.4810957949666265,0.44046749023133724,0.45839989330907127,0.5522144350320808,0.5153035720484155,0.5017828468550649,0.5670598633035516,0.5005057079333727,0.5549565345910827,0.5336038702868156,0.5010910136656055,0.5928115907654697,0.48069789241181543,0.5637601282929915,0.6240891899717149,0.6070926463762293,0.5700845244682426,0.5805516426776688,0.4854790903766203,0.5209732867278358,0.44384500784955333,0.5460329045180995,0.5508552766627871,0.5472225561741704,0.5543607721027651,0.4478999376439796,0.461311940456922,0.5506230245490639,0.5563224419434408,0.560887118658455,0.5626504852368116,0.5344840200475153,0.5100059814965892,0.576368611207963,0.5445806754094619,0.543092554780955,0.5675501295066606,0.5280463544800176,0.4696223240202688,0.4996153078742457,0.5421570923622702,0.4987150204082174,0.45578890720917553,0.5695321534021152,0.4845955713993461,0.501114404918303,0.4624980168106659,0.626333916684897,0.40418168966242196,0.6109904099943099,0.5037106136784261,0.4932611973688782,0.45814854897702934,0.5249125473135554,0.5737968997886027,0.5708029638617456,0.5606383652563515,0.5345866842805177,0.590167595000217,0.5382567370190503,0.6396793011349239,0.43929527106836724,0.6132246687833679
0.5983048726029739,0.0,0.5565772982052374,0.553736579805341,0.430208985738745,0.6279544586108896,0.5293858182097467,0.5776974456085601,0.6169435563578611,0.6623812265384317,0.5336699142947642,0.5353113282648514,0.5696211622797916,0.5863385341733593,0.584643590273197,0.5193871969088857,0.5227673920520536,0.54223114293522,0.5470519030664452,0.49792739340802306,0.5629695023995506,0.5951948405393618,0.4359547449836909,0.5112380625177952,0.5737889115734275,0.46623311136789547,0.4710800562529158,0.4770491987690132,0.6859239654514077,0.47426404719914367,0.6454946254696102,0.6221542332918223,0.5764392002788958,0.4176179630554935,0.6127745097208525,0.5314698908408415,0.5440712556265115,0.5830836741599236,0.5513453103641721,0.5982481174801083,0.5476727376355826,0.5791357466143762,0.4755823588391575,0.5817755239227301,0.5253682549820514,0.5015922667890593,0.464570713413995,0.47889152895996406,0.5543898676663058,0.5278406165907259,0.5777733011025119,0.5358410102034289,0.5248514728299418,0.6514428870162712,0.6215568353029665,0.7032845975283358,0.5856157796376408,0.5124133496391273,0.5482453899145936,0.5372451434851334,0.6009486855699183,0.48631623626098,0.5451465510694079,0.4723019418880877,0.5633816744098379,0.5310173651614694,0.5605535041511288,0.5247231663057385,0.45632752210046124,0.5662961713695672,0.629244748469241,0.587498319364177,0.5484362663814472,0.5993751833456417,0.6049836686372945,0.5593310463639624,0.527232224385608,0.5111482314881981,0.44746045117164696,0.49082972907852906,0.6182638270246639,0.609732977061156,0.6093457955393334,0.5553917833259693,0.5718607735114399,0.6043310565319223,0.531045352506689,0.5170081407066138,0.5682513756563364,0.5954805159501093,0.507991263289398,0.5582221804508226,0.570323885712859,0.6061954250953991,0.6460784919743339,0.6007524750584644,0.5615874107765846,0.511968254721657,0.5266967809086972,0.5944962175237481,0.5924188259975735,0.48937499398914813,0.4558529143451347,0.4699103003587972,0.5884748602088072,0.476492995803734,0.514819711869127,0.478845995645939,0.5303155576653749,0.5051984307093272,0.5510704352995865,0.5227874437867811,0.5639192475120011,0.5323725073628948,0.5363397632036043,0.5821407890338137,0.5609877807337541,0.5221560217233837,0.514219226802246,0.5596390483783038,0.5553352532672251,0.5087685062321711,0.45900575890079226,0.6306743750421218,0.5922871293937298,0.625737090219091,0.5168643105734665,0.5157295470999599,0.5320207435993958,0.584865424044441,0.6045591010742077,0.5920139648316961,0.5285155909076152,0.6531208599446969,0.5446691683034962,0.5782270031312247,0.46756031997342995,0.5896088231707028,0.45731732477462084,0.5265577668859877,0.5400988502691977,0.606665032680271,0.6272500011624561,0.5463565755115342,0.59638122677657,0.4437021460765955,0.6128506965532257,0.5416469169120839,0.5394210763482264,0.42121190805874703,0.5858246556784938,0.6139290799081583,0.5007083534354859,0.49124738852679567,0.5407424863688451,0.5750852862104037,0.4949988147262625,0.5890775322723126,0.5958792435477637,0.6256966500233517,0.5606048559520174,0.6674120227635707,0.5175278963370155,0.585417047854654
0.5747417926425111,0.5565772982052374,0.0,0.5001180727623187,0.545369574991833,0.5390677122934413,0.5160591595136723,0.5385658966550048,0.5168704185037244,0.5761865767568956,0.5939950723921649,0.5437266260921075,0.566903092050366,0.4776429226397209,0.5513165288122039,0.6429295714262456,0.6175553155426035,0.5730759194375685,0.5293813522976738,0.483952899251496,0.6721192356541479,0.6656615758956623,0.4612170918471949,0.5514927693523596,0.543996106303169,0.5254656009121192,0.46974831063013267,0.4801550294949675,0.547254301081851,0.5495128410793758,0.5052401085819324,0.6041143348811594,0.4857539485387233,0.40999445328845435,0.5063171049001375,0.49339261676329477,0.5292330792787455,0.5585547857966664,0.5115403675281054,0.6302676247995063,0.5160005984177785,0.626449888495615,0.5556571331881581,0.5493571447035472,0.5029212752724879,0.5092909916105407,0.5180005626886361,0.5000389429619956,0.570251308793324,0.5616031144886042,0.6101373267252054,0.5746506160946064,0.4560688653886926,0.5774213476257974,0.566308658257372,0.5266767465303461,0.601632709306071,0.5969471616204475,0.5166987287271216,0.500588767617501,0.49745585063958664,0.4456120389611845,0.6274307845459455,0.45430288034061916,0.5237421148949649,0.5051424308540129,0.47918057533941744,0.5492110292676878,0.5186510548700561,0.5639978647193263,0.6114154007269695,0.4918509453466777,0.5068307383425015,0.6813131642569782,0.5774523132032248,0.4534123995820738,0.5825782835060979,0.5584383201250759,0.4462356712038525,0.4475552324778342,0.5442164966872632,0.5457050448519428,0.5900168545313483,0.4922600598712592,0.5564304464897425,0.5603022072048368,0.48261048641246324,0.49207525785528106,0.4920351912846463,0.4729857604011043,0.6005032733521414,0.45545956633528883,0.5826355227264084,0.50533317603592,0.5525827582821217,0.5004587345214596,0.45969709130295955,0.465778696782722,0.44823834805055845,0.5052961740221651,0.4475787951103583,0.5198830705689989,0.4458970978873266,0.44763134983573394,0.5249267961272726,0.5334987341789768,0.5335015275981488,0.4929348411319514,0.531566387198747,0.4959306799894948,0.5511811442617958,0.5290599476350728,0.48144440177009556,0.4887677287608932,0.5021776841174935,0.6253804544679538,0.4893320509186554,0.5983731550991164,0.5409046930361218,0.4648925776357225,0.6211848075583214,0.4700120219516898,0.4387135367763339,0.5867496816218589,0.45348005589498325,0.539871367679666,0.48223773064128517,0.5179557739620264,0.5002565950444359,0.5490805349241692,0.5299212686423824,0.7174332457566647,0.44572212094717056,0.4954898235235067,0.5035552341299651,0.5072137812471068,0.47056768380322167,0.5576980445448507,0.4801156279258711,0.5099934003668273,0.4360300194227145,0.5383535341591323,0.5231984525886126,0.4985466988384679,0.5484496938815407,0.46620001708996234,0.6164452845813484,0.502425247653333,0.535249477653292,0.40311107993094497,0.5090074930502902,0.4796600168216935,0.5550886967471313,0.5518688019703735,0.5346131897487213,0.5093076616326031,0.4731692569049185,0.6087676986618308,0.4518083432979769,0.5841879454586757,0.49417134612808034,0.4928478219498096,0.45956810634648826,0.615122123261514
0.4835698225095499,0.553736579805341,0.5001180727623187,0.0,0.44483942118321435,0.4957589908813139,0.6021906262782935,0.5510903822499872,0.5151707645017761,0.5707781540831651,0.4871972645873172,0.5920096938435658,0.44980615946650887,0.4610253069524321,0.5852344680636631,0.4514274582458714,0.4659316627971732,0.4813136341145471,0.5568919704435772,0.4142493524085215,0.5330243981101817,0.5123753825727072,0.4682037251557548,0.463921286571914,0.5372052766268143,0.4649842659432953,0.4764883964235746,0.44455990470373613,0.5209983511625844,0.4517006374583734,0.583168978356551,0.502281202916399,0.6554508083899778,0.41975210355001463,0.5195978793438031,0.5400147190274405,0.4667605022608175,0.49949130505553363,0.5261207629157323,0.538486007949619,0.5542960472760439,0.531018334934489,0.46503121727625185,0.5505308973932435,0.48690213447443537,0.4532628306683551,0.4291761939893611,0.42539279715196826,0.5295970995085316,0.4819562466484394,0.5755608543535712,0.5057810005415023,0.4370294333553758,0.6569356171001935,0.6114550939945887,0.5118268247038571,0.4953325636637,0.5529930875818162,0.495031362546961,0.4723738625805433,0.4794210133971395,0.4267577533897095,0.4993972141785527,0.4325139727705495,0.4803219272697558,0.4401986582794563,0.48140849840539335,0.4507833166594642,0.43840115745286984,0.5431403589076168,0.5064713402296307,0.4738412412070718,0.48618390201385636,0.5515174342307317,0.4900074767947224,0.43560317860556536,0.49750924892020576,0.4959819242433445,0.42531825539229606,0.38965332929735763,0.46762215693054104,0.6187244556914681,0.49484140175285085,0.44349037129399127,0.5384548797858107,0.5079693639973344,0.4760862117115031,0.5014270937163792,0.48831756959052774,0.47953416376812624,0.5510538783702503,0.6032575862197513,0.5269223043211471,0.4513039791707286,0.5634426520320365,0.5625206206904548,0.45785213798377655,0.5209201087765739,0.4721006584118334,0.5287184188187428,0.45913297723844165,0.49178438536754143,0.5648955694027801,0.5546310118725486,0.527677457333256,0.43206535658231665,0.47260137003392066,0.4528827352250348,0.4816996688559657,0.42784299600839115,0.5929336756385309,0.5273357005859893,0.4671919981037434,0.49485524235331196,0.46801049263052086,0.49760737624671386,0.4759123644742036,0.48555186274870815,0.5112156196173996,0.5172224952055716,0.4712299182639312,0.5712519465720197,0.39712375776512987,0.5318935257604187,0.4470153475142801,0.5471613632735844,0.48150915925545146,0.4723975932719659,0.4977054626896854,0.4868299946788395,0.4864142853984832,0.48341528074391166,0.4213381180994396,0.5500507325109774,0.46085214552337156,0.42711683806578926,0.3926779713261246,0.5484230734469723,0.44357660628524326,0.5163078774030423,0.5171929239379986,0.4699567375529646,0.5779130558669302,0.5461132186036789,0.5056612819530939,0.47390220799935334,0.5534758559782937,0.46172862022517497,0.4828783286210939,0.373962657275654,0.549061920692451,0.5160163001077257,0.48013622313894766,0.4681826462489191,0.5870076599351711,0.481383825423614,0.4035783322986035,0.5410186410990744,0.5514186619213731,0.533956721045204,0.4678694678823117,0.5029208597114161,0.4939254838540413,0.5146913218403819
0.41012949793444514,0.430208985738745,0.545369574991833,0.44483942118321435,0.0,0.41168108944740417,0.502829511814542,0.41987683167023065,0.4224121634747572,0.44936661753741447,0.455284783947509,0.4933628145629775,0.40345287911763594,0.3919016695077512,0.4668966126025954,0.48875671974458296,0.4749635815691548,0.43371125686782147,0.43076055579361905,0.3659120062494715,0.5093809014851007,0.48959734649119024,0.43630255249090744,0.43584304056068857,0.41796462673441637,0.45504570563475644,0.43518740402995826,0.3819844113845756,0.4536239676903967,0.5630034701311192,0.4159471980522405,0.45012698933302625,0.4331514791148957,0.35853259372005847,0.3960559428703284,0.44753471179239257,0.40617206542373113,0.4490470446116695,0.46528017788955767,0.4874987172024872,0.4666563971818397,0.49818397153303906,0.4543961235563964,0.4513516728126186,0.39688069135815524,0.4167135833671752,0.48192132604020077,0.39616657121563376,0.46253781416830136,0.4669264033521918,0.5102349957289566,0.4536379648750935,0.3911384627076147,0.46542434205401173,0.47604436385092824,0.4198899584131821,0.45110590366217324,0.5635279039095848,0.41171542127100985,0.4305682569846069,0.37114871849667125,0.4092491627123812,0.4561883972214731,0.39890302924856014,0.4150518387604189,0.3791155659932325,0.38207261864337155,0.4325412710721732,0.42530547693982657,0.4285105937346401,0.45100832725592477,0.4022822503292211,0.39049173642742513,0.49085430703370825,0.4282786127398594,0.3605600078731947,0.49194486395318754,0.6038655449891177,0.37467245832278134,0.3787344036858359,0.41365775675901845,0.45408734854565463,0.4945128910866175,0.3737409179221028,0.45450984504940034,0.4285163980170288,0.3735732769729702,0.4240408014936112,0.39678507604578556,0.39308178605830585,0.5954308190403669,0.41922449368071674,0.5290453805368763,0.38182768999850464,0.45594413209139256,0.4226017559392997,0.3697919756485561,0.39268267933662143,0.4125831117678293,0.40212693080563683,0.37346199691556864,0.4333892344349029,0.41543296805711477,0.40306988869148974,0.4228596173663416,0.43890922713982583,0.4359167653107871,0.40045067851243804,0.45681354352555875,0.38659675179422176,0.46275876726374504,0.4694746022807969,0.3691091116958776,0.43367935192175366,0.4016437369614474,0.47644130683495994,0.38629088763510727,0.48137572601103695,0.42569473155940135,0.4136368642647767,0.5404040423529372,0.43438483989072035,0.3493491278949849,0.4775015496408188,0.36404533802674915,0.4401860069981569,0.43716542819368087,0.46991355222614983,0.4091130763636954,0.4370767317014702,0.4317792635039919,0.5068446562016343,0.3564021504159857,0.4175342954746484,0.37930204374912163,0.3939843344534428,0.3781379429125326,0.4639917698436938,0.39260305885400476,0.46270946434373894,0.3591767632230134,0.4441051136511474,0.4501587504006183,0.45200622851998007,0.44281319361690347,0.41009725007638,0.5297750133184139,0.4438388835863211,0.41454039092131856,0.3748669425505896,0.3956610246188402,0.4088758473451657,0.4728708135499376,0.5206712200122733,0.4558101953523616,0.39089854328321244,0.3630973356237604,0.4924439019303139,0.37548463131295123,0.47553115090704545,0.3969233483380894,0.3892912445980103,0.42455648343064234,0.4720879317142629
0.5808144199613106,0.6279544586108896,0.5390677122934413,0.4957589908813139,0.41168108944740417,0.0,0.47163343953333703,0.49775127844010264,0.5028842267117349,0.5360068110923287,0.5632545930501365,0.4855718219411665,0.5910482428649458,0.49415448190950084,0.5086017965883918,0.5029908757985413,0.4766374950663553,0.46986979775770665,0.4782022696335993,0.4582476917292375,0.5086206467719591,0.5611267276885511,0.3815462293794024,0.5075691441447271,0.5276111166520511,0.45941666262531483,0.39880319789846363,0.43852195714555675,0.6221979531765471,0.42964029418808886,0.5297523300513963,0.547847845364058,0.5235275495989165,0.38837162556724786,0.5363058018085732,0.44233041549495905,0.5856769040133082,0.4860894866692522,0.4776904356238966,0.5110198087510595,0.4656433866247265,0.5200440550493439,0.43935468619815,0.6170571378272801,0.46731066520931586,0.4374002853043408,0.42748140986643685,0.5579535297698415,0.4805336805474897,0.44309098783886947,0.5019560849334891,0.5260207795319483,0.43587995282696607,0.577571152608008,0.5369107166556901,0.6088193484852191,0.49654601345988275,0.4745828079862409,0.45103483313340914,0.43917950383899695,0.6010011035632136,0.42098807322844656,0.534280500040411,0.39761757044691565,0.46657427176827876,0.47968398006024154,0.5117257487485558,0.5511617032159074,0.4088795988983014,0.5225975847737608,0.589159834052864,0.47041939287585993,0.5019814509205315,0.5257376475626317,0.5207985781888435,0.5043646600360646,0.48535421610093166,0.4775021069002778,0.4083161344286165,0.5494769641171875,0.6171261494421632,0.4961774762711406,0.5775304126926676,0.5372448280288715,0.46957535530450717,0.5147040016877967,0.5451577296992535,0.43117716332411427,0.4733159575024493,0.5296727431976589,0.4541547929729546,0.45518986159330244,0.47830821410431845,0.538576724651526,0.5023258766915457,0.6104804849620588,0.4755750083376278,0.4563040172635831,0.4329581975605804,0.49862804402200095,0.5182188724740042,0.4390450697057467,0.40068459088398767,0.422349092814179,0.4783978701153036,0.43797912417234713,0.44092147826129036,0.4424442338982515,0.45092855962707895,0.5368078925238482,0.5241054749652693,0.4357812604140172,0.6013355772966963,0.4360412246206155,0.48136815380801307,0.5351274252378925,0.487392569645187,0.45724156418735823,0.5318752108694061,0.47204284633300997,0.48434940699261386,0.4415265169444206,0.4589629318984605,0.5859098831806114,0.5435299277173282,0.6039703914449606,0.42751772649879455,0.47203669166921586,0.48079842709835974,0.48465165121225506,0.4935183772768587,0.539200881885725,0.5096768861000535,0.5488850397661199,0.5212125236954416,0.535306273503723,0.4637983029540791,0.4999064257423899,0.4089254842022422,0.43528990515913046,0.532672229101906,0.5237483101947641,0.4802704302609897,0.43949624771282275,0.5421649780507655,0.40777473794186536,0.5393041763432068,0.47011353587492055,0.47680266541844557,0.37557368984175943,0.5311309682520181,0.49985460050942904,0.425139819921058,0.42180233195236216,0.48417362732854835,0.5391638415331674,0.5323335323845545,0.594727340981615,0.5720193588460197,0.5526500526351221,0.486511469110434,0.579829812829905,0.41737285210186525,0.572568268079858
0.4665895866728639,0.5293858182097467,0.5160591595136723,0.6021906262782935,0.502829511814542,0.47163343953333703,0.0,0.48063778518820804,0.482362387597026,0.5859700243427965,0.4687979120611731,0.5438165823915979,0.449985389865591,0.4636434203926651,0.608250185198196,0.4580161816765276,0.4584452277698774,0.473409263151705,0.4846955789232882,0.39629358550706656,0.5382584763286798,0.5197027491013491,0.46465999946928976,0.4761796068968974,0.5071632076376423,0.4822582398046151,0.4559575615464161,0.40535365156305975,0.5262496445079126,0.4620242325937148,0.5422278123991144,0.526460490895023,0.5632841411380429,0.4021936136337588,0.476844952822117,0.5169331807859462,0.47693099192020816,0.47238906755402904,0.5321437524238612,0.5719847155371222,0.5166952898602624,0.5379790942406233,0.4775864479759365,0.5551568524998426,0.46493698362199987,0.46148163259349884,0.4785442144278846,0.4342169470677531,0.5595673516532285,0.4902945432861618,0.6284769007265998,0.4822952512414237,0.4378512276315098,0.6093607386793298,0.6163561311694257,0.5262506568240206,0.48722785091815163,0.5116448400203384,0.5269249628311221,0.47373533167153875,0.4475851557963691,0.45081003101703576,0.4733679245945206,0.432098949303887,0.5017494289310789,0.44170359551862287,0.49595495010181617,0.5076718194400158,0.43240072155599196,0.4842214051281517,0.5384124419978514,0.478917541337288,0.4645366771818916,0.5745983524952117,0.4475885878524913,0.44389308882726647,0.5644141010989638,0.596508239158914,0.40193980753777925,0.41314462573868044,0.47517574025080944,0.5950518248937479,0.5371846846568188,0.40984995298697074,0.5227717324288867,0.467047929106287,0.4437294512258629,0.5335016182403675,0.4722687243817903,0.47927735602890137,0.5626370543941243,0.5944134908940939,0.5577159803705959,0.44711169734990847,0.5809506647599274,0.5489810778107173,0.438284271431759,0.473513186749782,0.48182602621195536,0.5174937041155451,0.4638988438636937,0.5026948974852218,0.5394581555023247,0.4856449323959282,0.49097205783663767,0.4416240737474451,0.4797262436258079,0.4228069991642526,0.5190660083264549,0.4403364630923871,0.5982197174029684,0.524461185867562,0.4592617238328694,0.4734329011277947,0.4436410158398145,0.4745375501293174,0.4498788343017506,0.5243828229386508,0.48542376161622436,0.4809131684742012,0.5115455511138822,0.5144595472942475,0.3846130544550942,0.5793156518701111,0.43917502177542034,0.5373663887009206,0.5054861252393418,0.500508787771315,0.4620404985127379,0.5146520754224099,0.4603902071177993,0.4921873955016953,0.4073035156918091,0.49367571909545377,0.4442014759461192,0.45397376321940636,0.39170222677069283,0.5598366869458945,0.4229449162253134,0.5190529850604911,0.4637437858748367,0.49250190989795906,0.5919377273687956,0.5386305675599761,0.5244493879017679,0.4800443415622505,0.5614367596257651,0.5003543457262103,0.46281971146946027,0.3606126250976626,0.4900288907826027,0.497842190375517,0.4597734451184029,0.5542198817243088,0.536277326540727,0.47988728413046905,0.40198041181967625,0.5625175567217132,0.5026843540211267,0.591493662679843,0.4861855526668117,0.4753865795489941,0.5141738074620066,0.5009417049619396
0.5563445095050811,0.5776974456085601,0.5385658966550048,0.5510903822499872,0.41987683167023065,0.49775127844010264,0.48063778518820804,0.0,0.5788700398919574,0.5918139407760432,0.5036392420334315,0.5670074770182596,0.5302089145146442,0.5052264479546824,0.5717477734450317,0.5405411773086904,0.5397269723441263,0.5774458550305555,0.5992299728525091,0.5197487568305642,0.5718311033158422,0.520289130778702,0.48843267473150886,0.4845514054141096,0.5786285845083211,0.4967459370864145,0.5354168463933011,0.5154521348992377,0.5178046665252298,0.49463027420675804,0.6667100724879357,0.5922354450996838,0.5380940603784918,0.4564871558493676,0.5660207931216285,0.5768703861629707,0.5078346983739267,0.660127356696073,0.5594676610298881,0.5797705070581539,0.5682376863094281,0.5128785831745825,0.560037405950855,0.5093359372272608,0.6184136194705266,0.5665513925790596,0.4597530934977282,0.44133522911370654,0.5663696754222853,0.5834364374414951,0.5832536925135943,0.526579885435524,0.47887617744388616,0.5764875835863832,0.6188606216273089,0.5255269297533244,0.6270013907989354,0.5664165521661024,0.53162903513941,0.5769816729718094,0.5527699359885684,0.48039816459741835,0.582931032627889,0.4979149574685977,0.5418415592546348,0.547846933456347,0.5089276036375897,0.4682992808308134,0.5151503378449341,0.6672087382505698,0.5671264151981514,0.5811817800395445,0.5127286035367342,0.6124307311754644,0.6245186803014264,0.503639087418458,0.5326532840758111,0.4756378298949099,0.5365888406412272,0.4082597234556046,0.5072537431844685,0.597882508067108,0.5149437908214699,0.5686593545909614,0.6345173909446148,0.6720287502430313,0.5399419148654058,0.5575572378570671,0.6333256535898264,0.5196202241062658,0.5342669661231919,0.5253686508297682,0.5676881162954397,0.5409149584206636,0.5675349505675067,0.5137183673372174,0.5513734411674418,0.5333540320885148,0.49232896044455216,0.5966229247316932,0.5101139078159659,0.6084233305631388,0.5124995035874844,0.5152283252765789,0.6728975638074642,0.532730231526258,0.5911756504445824,0.5069271050546316,0.5470511792291344,0.44451899553123453,0.5201085011089579,0.5897080631253464,0.47659320262508814,0.5718031627499748,0.5851170817194603,0.5685838416912546,0.5513794493511786,0.562775897507331,0.48007791322216364,0.5271523374541519,0.5345312722037642,0.6073015370852948,0.4366038253496346,0.547184985966248,0.47177036145885115,0.5758577013852503,0.5071596960397269,0.5417267094954488,0.5518413810928084,0.6057834248856904,0.5744377518353095,0.5715473364817052,0.502294569771379,0.5439615736307805,0.5266943452629778,0.4819011321206885,0.469728614421405,0.6040169926073324,0.535108099674511,0.6118516884186954,0.4906104759395014,0.5260873201352294,0.5679823619642013,0.5484042164030378,0.5545370217900341,0.48249343296600583,0.5692176385098305,0.5087120784662925,0.580677533250029,0.4281417378123045,0.6346145103999634,0.5325263360174678,0.5458779883887396,0.49852297701671033,0.5877488202732072,0.5533395598577927,0.44217844490211033,0.5402805586395183,0.4869286270454657,0.5606030565913254,0.5144003438370746,0.5424534573748974,0.5245571605038734,0.5271191455039675
0.5308238187944898,0.6169435563578611,0.5168704185037244,0.5151707645017761,0.4224121634747572,0.5028842267117349,0.482362387597026,0.5788700398919574,0.0,0.6026076594556202,0.5112911002532503,0.47512549939372756,0.5058533728364314,0.5933313168928633,0.5274783423874341,0.4845423127991286,0.48258814428094055,0.5437854548502322,0.48646227485527027,0.45848470807104696,0.49207844091517106,0.6002390379678925,0.42493259059169003,0.4308117922435774,0.5115485361148231,0.4177381261943481,0.5420399871082666,0.4583495032699032,0.5608260030922317,0.499026007558841,0.5707393460773309,0.5443167667296595,0.4981976322677764,0.37506180259254684,0.5388152382420593,0.5003798657529392,0.48553848016934725,0.5973054485988517,0.517891183157496,0.5167280237724308,0.47768358000746985,0.5891370915282039,0.4429221595764771,0.46922381148467235,0.47228562297785004,0.45098472758657165,0.41205824296141946,0.4169775268049852,0.5089733440635448,0.505541775299012,0.5176851652746853,0.44202932024532493,0.5009980957654464,0.5329209248531032,0.5483887415938448,0.5758992968554177,0.5256814988973281,0.505684278662822,0.5273649326081243,0.50322689961781,0.5432572963046957,0.4693810115219339,0.4821234701801818,0.4716272504954412,0.5214056382625425,0.46591515744530165,0.5231445571646033,0.48048105149946746,0.4902508643980199,0.6185224246404123,0.548124120884199,0.5497574560099666,0.5327288691365722,0.5452466632947804,0.6080630547648906,0.474494902259308,0.5114050832530034,0.46963320285812066,0.4085168392152693,0.4178118935576135,0.5003099563648393,0.6027480607881343,0.5498393717930746,0.49900831642208826,0.5317964631607774,0.5441557553607118,0.5182974764298861,0.5303909309627892,0.5175971598818163,0.5462413644672272,0.5120941148727405,0.5161909023833107,0.5388543996750684,0.4931979928979269,0.6698088825520772,0.5166441108649726,0.5258615983179691,0.4443799157024865,0.5249784824131088,0.5033336143513713,0.5359293393936027,0.4942577211896808,0.4351093144432307,0.4329329521175736,0.5689177169922359,0.42908925113177226,0.46895683993218024,0.4484508392592084,0.46747278019579913,0.4259358773912208,0.46577602755610825,0.5140887659299365,0.49394497501863355,0.6665341968218358,0.46528790358311506,0.5141913240303623,0.4754825736581006,0.5148540218948844,0.4349210595256814,0.5927791012428869,0.5229883837062482,0.5348333403187333,0.4024177725265483,0.51538903748246,0.5542627201897429,0.5027115624626134,0.5093543118262459,0.47563936082230684,0.4521205775973723,0.5497644043079818,0.6798854016152136,0.5692836117472628,0.5333474881828083,0.6389407847092974,0.4872527805209921,0.49791685557565335,0.407118681425513,0.5085973978585366,0.4405840338110218,0.530112130227946,0.4840917740265879,0.5764263507127284,0.6048487024846088,0.6103361670382144,0.5249119987346429,0.41336401768931763,0.5702920306620555,0.49836144547557854,0.48785173721596486,0.41785587237558036,0.5250652742643245,0.5623217570811808,0.5283182340736321,0.4679455989241222,0.479545401071775,0.5394352274103319,0.4552313782735556,0.49122670683012315,0.5217001952514442,0.5609962643834855,0.4908487093435148,0.5625889285254283,0.5438052179324646,0.5491101065789121
0.6108452266838088,0.6623812265384317,0.5761865767568956,0.5707781540831651,0.44936661753741447,0.5360068110923287,0.5859700243427965,0.5918139407760432,0.6026076594556202,0.0,0.5308426907067031,0.5379753659146129,0.5634003822159801,0.562747596468582,0.6246208178956906,0.5291705373354884,0.5379653631318114,0.6276785381728223,0.5553089799693257,0.49801993739600775,0.5804714055317973,0.5870933693715563,0.49062756935378204,0.5091044431711347,0.6448358693649755,0.49007488668002513,0.5158371072572954,0.49433054430059625,0.6236147672856229,0.4971657249278245,0.6397488476274485,0.6452622089609987,0.5524626679495431,0.4293590098325236,0.6044031333640842,0.5352610213422713,0.5533859078720806,0.5983861324722606,0.523362230486232,0.6532330449633525,0.5424046591580866,0.6059477642961366,0.5343904190607122,0.5660445601565256,0.5466822693857752,0.5320020031274485,0.49080005764872775,0.47079337128497994,0.6536307696511241,0.5511283602437193,0.6175523538320669,0.5260148924673592,0.501036198174381,0.602958726542817,0.6362623347075477,0.6314761954760119,0.596325473990687,0.5273990762084872,0.6446641830765363,0.5314110197410371,0.5417898713705619,0.47224588089790787,0.5541675185102841,0.4915498219922113,0.5915483016059924,0.5418786264351406,0.5572367970005945,0.5519716624469659,0.5249252765960211,0.6264296656338009,0.6229112601391835,0.6104041233884386,0.557161898986758,0.6504789436120892,0.5782790464789542,0.5607210922971312,0.5500736750555507,0.5270458695895188,0.4647136848508096,0.45109114986898435,0.5809310759192123,0.6256030333356868,0.5893528949953152,0.5285609163877006,0.6117100585652075,0.5929993995597403,0.5294744273004544,0.5977847886746597,0.6008569944695176,0.5339277714537911,0.5558144031677706,0.5651725363273178,0.5919256037553887,0.5548633666616367,0.6738258886302655,0.5882422471708697,0.503209890922983,0.5304252539875747,0.5140169232166523,0.6065907005005092,0.5411499153611672,0.5352395534106842,0.5175635155717093,0.5239603570430043,0.6036774107480876,0.49645747380969707,0.5345918587755145,0.5092077322601954,0.567406884422531,0.48820659084029555,0.5626581457082104,0.5662641158921942,0.5357927803908811,0.5576359639175931,0.5363246663232616,0.5622287116606421,0.5753078793035162,0.6190392114243767,0.5245025384832779,0.5467995191715834,0.551545303460209,0.5366307419496663,0.447199843242055,0.6170412982192958,0.5381042141300468,0.6043984435384988,0.5142472838168198,0.4984670340105634,0.5309986134831095,0.6477296503746053,0.5996165377619892,0.5691248056060423,0.49605568705952086,0.5528926538754945,0.5246892890726333,0.5507693558139222,0.4657038083541283,0.6347241817585374,0.5028213157369344,0.5678026256235602,0.5447458863665852,0.5690693486155408,0.6288934368804894,0.5616653401440463,0.598366610682565,0.4976014576155631,0.5738690284683352,0.5485236328630835,0.5930561042738556,0.4006783874689468,0.5925256546608774,0.6128683613624245,0.5129042937938414,0.5405904794827959,0.5832419138303145,0.5820011356332361,0.47277977227553003,0.5897803054502871,0.5734901170535173,0.6553891279096506,0.6183088882503446,0.6243074201079555,0.5562798460094149,0.5744031615557724
0.6001669132463366,0.5336699142947642,0.5939950723921649,0.4871972645873172,0.455284783947509,0.5632545930501365,0.4687979120611731,0.5036392420334315,0.5112911002532503,0.5308426907067031,0.0,0.5210231284337556,0.5936086667198659,0.4742228629880495,0.46821503826539307,0.5966760412546667,0.5470047126677449,0.5033361891070528,0.49588694086428486,0.49691001120155276,0.5514262125362832,0.6036662233055009,0.4376680088654179,0.542371337495674,0.5834152210541287,0.5045023415419985,0.4570180344395469,0.5095296905811353,0.5604125512382865,0.4832793759031382,0.4864927307958329,0.5388759751130346,0.44394608534345115,0.41758655541387396,0.5455379076662276,0.44165532268187413,0.6052104522924403,0.5258726577907561,0.4720752942728941,0.5455338162380269,0.44068774772845015,0.6356499971421008,0.4632984587782152,0.5582247518135659,0.4835532350786227,0.42849206682908086,0.41222972947438724,0.575471947263652,0.5472788891332517,0.45246344082068063,0.4875575286395093,0.503872769949531,0.3878896038055954,0.5194410790361357,0.5290285621860997,0.5359637549761638,0.5171009007511278,0.5346097374427541,0.4586452237291895,0.4308800487134598,0.5236432981570766,0.3834643284894405,0.5093622379393897,0.43011515132875616,0.4356997238518271,0.44872757814639674,0.5027304295374588,0.5028278258217825,0.46551000336025206,0.5806518323733615,0.5283386783083418,0.4620494245577353,0.5570696300143608,0.5553000218207481,0.5336293814947318,0.4363202394364866,0.522548393566062,0.49341433130328327,0.4107412690460347,0.47325045320822584,0.49737356959490836,0.4792046893502706,0.5226278453677101,0.5117115101212402,0.5051146674016124,0.5321271892648923,0.5711317088031976,0.4298403211725388,0.44975482483882845,0.4949772776097575,0.504230136432549,0.42112202708707486,0.47540939217554723,0.4771485866899389,0.5026085621360826,0.5202720678022668,0.4140019095219735,0.46183447861355925,0.42860963809772806,0.4652680969648732,0.46937005310161567,0.46176431606686663,0.4135425342818669,0.4224146806323139,0.46794657368675047,0.4536594543614701,0.4391837514241379,0.5236410402933328,0.4312955836655324,0.5474526383667606,0.5532275835797056,0.48093704671766174,0.5344170530328595,0.4841100684827829,0.45288241608746055,0.5799348374636181,0.4632094048553129,0.5359635569057568,0.5620344865515388,0.47291505993413147,0.5252621712876604,0.43016493512252113,0.49116313961826163,0.518642388558791,0.5049904753173022,0.5156692827397604,0.41747822594218725,0.4645483511774616,0.4887073667130015,0.46718395581374245,0.5157689369361455,0.5645749922891975,0.5130937034935884,0.5310149948093958,0.5464076991483138,0.4552745352698466,0.46608744917715833,0.5017343932577784,0.4730628399578641,0.4447524923248838,0.4357809190269341,0.5262203754929307,0.4620090994740178,0.4493367106965058,0.5700629043602317,0.44649718397635824,0.5218993201924707,0.420311739060403,0.5206609756308386,0.4005454593412768,0.5483350249469373,0.4378489173093969,0.4962083579241479,0.4347102849634224,0.5054688563315,0.5291689086153982,0.5666130137911534,0.5702990140724775,0.4978350707030786,0.5512974399332563,0.4312492158467063,0.5333280902789017,0.42025301025130907,0.755477185270783
0.4936888491007071,0.5353113282648514,0.5437266260921075,0.5920096938435658,0.4933628145629775,0.4855718219411665,0.5438165823915979,0.5670074770182596,0.47512549939372756,0.5379753659146129,0.5210231284337556,0.0,0.470020181070822,0.4356205078761791,0.547561979577012,0.5450924630340424,0.5445252005151415,0.4857700910779098,0.6208958458045263,0.4580097483696481,0.645376824308994,0.4954189862620411,0.5396088218566176,0.5547573986290889,0.5670598912872323,0.5701205640840806,0.48534881896593257,0.4815159974358006,0.529538855626342,0.5078815946870894,0.5714491547074223,0.5259616925108149,0.5438146451278564,0.49628003248588654,0.5188295739687261,0.5666831693737605,0.4893486299189057,0.55153601073283,0.5839831797430397,0.605632321797438,0.6185110260002403,0.5241652893774225,0.5340091238764615,0.5853902633010397,0.5475350194896984,0.5075471119958063,0.48001848370859035,0.46344880472973626,0.5830503367236047,0.5199168753701879,0.5795264651202344,0.5832994108712235,0.4141060429584341,0.6021356298353399,0.6259296061618638,0.5022549118679672,0.5616480982419167,0.6526742510509456,0.4657467903533656,0.509108279779705,0.4572775726237424,0.4274303329632538,0.5316149405306189,0.4641780713353112,0.4626993013931247,0.4581690331351911,0.46088722562755596,0.44227716217456853,0.44340559744625174,0.5238468354622859,0.5083095347452813,0.4896859896683099,0.4643360826691881,0.5745786642895023,0.5018655752656619,0.43543680938780815,0.5242233438732558,0.5665960272980056,0.4967168003236459,0.41771910836332204,0.4744536196314731,0.5359626344883195,0.5114273523564872,0.4745962109013685,0.6061921525457584,0.583821301758364,0.4695456628804582,0.46851670213190005,0.5049911024431222,0.4884652646525002,0.5752251708317695,0.5171133631408577,0.558363556795454,0.4719438089997656,0.5099101271917404,0.5238511885455909,0.4396183926065011,0.5698960719624436,0.4674766127859157,0.5247382505114411,0.45824799852921716,0.5154831058473307,0.5367582677007887,0.5503930339765355,0.5234000682877354,0.524401859588906,0.5307396590376869,0.5202178948736194,0.526375560475203,0.46793394418318085,0.645996752132991,0.594940571894764,0.4377870393038732,0.4945821018620521,0.5151473746386168,0.5823208694299878,0.5018196353902887,0.5407904284774315,0.537827789189667,0.48481888587356403,0.5564664634699822,0.5276892429659175,0.43974316651249024,0.5648919019958256,0.4277579722662158,0.5881692805575015,0.46755948525368046,0.5504387981530676,0.5830945352417158,0.5022333312603384,0.49061037689076786,0.5287107367604075,0.4284508442347753,0.5184357914668825,0.4887747737231168,0.4295331869573719,0.46503259945447106,0.6200475515533145,0.5096751679166245,0.5621067347867975,0.43725021163201055,0.4899332482302912,0.5209095271025154,0.49711254743254496,0.568183798176326,0.5082308655824065,0.5882120415017313,0.4698989742883411,0.5491116136884786,0.4244243852925963,0.566783261372472,0.4734376654985095,0.5221143126933028,0.5084819749775449,0.7053095657580295,0.4809044114847069,0.4189558769547489,0.6188298000780502,0.46729778657634813,0.5389824975565817,0.45363464715245994,0.4953648885479472,0.48865652650807767,0.5540085444741841
