0,1,2,3,4,5,6,7,8,9,10,11,12,13,14,15,16,17,18,19,20,21,22,23,24,25,26,27,28,29,30,31,32,33,34,35,36,37,38,39,40,41,42,43,44,45,46,47,48,49,50,51,52,53,54,55,56,57,58,59,60,61,62,63,64,65,66,67,68,69,70,71,72,73,74,75,76,77,78,79,80,81,82,83,84,85,86,87,88,89,90,91,92,93,94,95,96,97,98,99,100,101,102,103,104,105,106,107,108,109,110,111,112,113,114,115,116,117,118,119,120,121,122,123,124,125,126,127,128,129,130,131,132,133,134,135,136,137,138,139,140,141,142,143,144,145,146,147,148,149,150,151,152,153,154,155,156,157,158,159,160,161,162,163
0.0,0.40832609198513126,0.4126984803732147,0.2754286767318958,0.27249801095192283,0.45836555021216924,0.2756196198741156,0.35051568829201984,0.3201217942756213,0.415464454585978,0.29757332885481125,0.25312215835186724,0.5942373921482438,0.3383467587547448,0.44600156602478,0.37228328894586105,0.3916158998507326,0.49276277432718885,0.36075465149041647,0.5611496400837689,0.3385753112364218,0.3826953506854747,0.26815908541858097,0.3464947740792432,0.3932448470813702,0.2517445814342959,0.2558326730266054,0.3754179075020323,0.33589043127041096,0.2789563199601919,0.36091834621557584,0.45067011629073844,0.39953070490390263,0.2693438549670514,0.41421845818724956,0.2836822204646079,0.38299963364380535,0.3215151671932868,0.23466567531846239,0.3802433001021014,0.34441152607619646,0.281051497734654,0.45325841848311776,0.3484858216566799,0.3793575528309028,0.3998580033597203,0.32355302610505127,0.3252850248128753,0.34277671749510946,0.4174365215312953,0.3749009738350603,0.46608513808679597,0.2318688042388023,0.3302989727406689,0.3013683105698383,0.3170281987599949,0.4634481499773024,0.2841954713439739,0.36501266612986916,0.44804908897245266,0.3868892275686959,0.30542512149370565,0.3452662815174071,0.2467384839958536,0.32518428623517837,0.33764956884068564,0.2922750799230408,0.45872798270723963,0.35399480346224216,0.3711180146281422,0.5322413555993911,0.39819928788420017,0.27223048263511634,0.35896219512210115,0.3961452114631011,0.3329028667867366,0.25299291741672647,0.2701958188985744,0.3354838489094999,0.29666460066109196,0.32931523998232326,0.35894643889540806,0.3546268025532485,0.3783559447179337,0.30260207171481435,0.3847311509106261,0.29842500664652066,0.34782975272528677,0.40877788356479366,0.24157822631955522,0.3049874237188341,0.32197443197210845,0.4027713727947323,0.34673235524937446,0.3096991083619258,0.32294646742485666,0.3040017325624955,0.3245475504312524,0.2392380198307704,0.4283580005790883,0.2976051652667545,0.2965706623759571,0.2388434228633574,0.34839468844780475,0.4421201424587908,0.4873146901915403,0.3943179706510627,0.30615724943366734,0.4103338688936847,0.33002110644266647,0.27539767181274455,0.2650034200299424,0.33055795312454933,0.2294880703422534,0.32955653755547143,0.3798530932037119,0.35850206166737536,0.35775021877574636,0.29490782602767673,0.25996514099083134,0.29775212439977516,0.25607747705203804,0.3161579842769591,0.4578537858826476,0.2976978356244398,0.4061969362339214,0.25501638677961963,0.28145091664118976,0.3278233962456908,0.4682191668021978,0.30206507030206636,0.34294049247311587,0.2668780898774125,0.24879882115252344,0.30552582637944764,0.3066875596109114,0.37356680898476,0.37261467349287103,0.3394846507016158,0.3181346711829299,0.33046730936111646,0.3073254195328506,0.35325252612397384,0.25422030088612807,0.2820848743680535,0.2478473516187869,0.28780225435212375,0.2965016796988339,0.4257946321513513,0.20238524464229835,0.3429713332091534,0.28592333921187146,0.29309125780547335,0.2748857516480998,0.310266499059942,0.3893647705816563,0.3589145274572132,0.33247663621448836,0.3532934869709001,0.30963991531802404,0.28113884682061446,0.3968882682922395,0.2329679199114996,0.3104366055330941
0.40832609198513126,0.0,0.42945790829208325,0.3076179347869746,0.2591823181579943,0.515100607154805,0.2883520790876881,0.5062518530000178,0.4125730050902173,0.4926908042207078,0.28812531620872855,0.321963050596127,0.39228980942095354,0.3652278866340561,0.4322700421446624,0.37495164391149144,0.3993292880035076,0.3330729760493329,0.43322247213628917,0.4491520304172985,0.3652977914704482,0.433383941221467,0.27051396792170573,0.39576275156188967,0.3974950466670534,0.2458764048483969,0.27545652266460563,0.4171942849074896,0.44576241481397716,0.3436978751141538,0.4684332794168315,0.3912554654155731,0.4862425537209481,0.26942058575423544,0.35720733843841757,0.277874659484595,0.33465626321520736,0.3610662596364858,0.2770664303180514,0.3741076290272605,0.40236763154170635,0.32278935611305815,0.3072951281181328,0.3253188172362715,0.39526666425547585,0.31374601585489764,0.2970945876363067,0.27121394392951403,0.3138315961272191,0.33348973530657655,0.3841614422206257,0.40029145410010947,0.2421152470199545,0.3737647186024805,0.29844481751682794,0.39729113084623224,0.4213620305591716,0.3172902280770115,0.33642168999702154,0.38377307102199004,0.43756446802793747,0.2685709992351161,0.29220464937113766,0.23216139184933754,0.2769378810659224,0.27777968480773246,0.28303731940311716,0.39023943527062604,0.3042773552878174,0.4343970276747812,0.45001332881243244,0.37588429507273297,0.25438650904753973,0.3689274976119471,0.39676231686400504,0.2806907277315046,0.2613784822441069,0.2934687025968641,0.3146413307047355,0.34761806038458365,0.30961905655825095,0.37503386528483645,0.5381542599484787,0.3260822044590255,0.30614024093939,0.5242032213691626,0.2978809282171402,0.3070948206187121,0.3382159161186924,0.3099300005190914,0.2847070510280185,0.33911711159700497,0.3800987836936335,0.3208201204601096,0.33014717990246173,0.4184033425096704,0.3287020421670414,0.34911563852502503,0.24205086083192975,0.38995721268979466,0.3244474553330869,0.2859129215772688,0.22724808957517906,0.41016258073267325,0.35656107656186475,0.3883812397152965,0.31884013664493793,0.37797664601675846,0.32508413881406245,0.3639839473693477,0.27624807743176255,0.24771720011949006,0.31926808391719513,0.26322465978075266,0.3020442825955477,0.5913759908668788,0.33382341651845887,0.30304541665656004,0.2824877353305431,0.28789761756745047,0.31717422546680313,0.3124197669101441,0.30507227981979695,0.5664588933027376,0.330928613121463,0.5208832617940024,0.28425067032480894,0.33410413906604164,0.3514969338048458,0.3415393816583169,0.42567598656270256,0.4310654314815602,0.2969479061650252,0.30347467820515894,0.3092893209117525,0.26983265986800836,0.3405090322770234,0.347877483436093,0.3180981903177481,0.34976726663612084,0.309949891074097,0.3197749261896701,0.4082479407190017,0.26420539311990565,0.29753424284370317,0.2435927206500483,0.3979731498402274,0.3005403754289182,0.4732629051903591,0.2240166737339561,0.3503631891799043,0.2930105693224019,0.29924769031929344,0.3082568723312562,0.34809114215759696,0.41750414930212804,0.42350703739547446,0.451430701647173,0.35181828352483896,0.3159634415965668,0.257036734983609,0.45464588535360384,0.27901294859131104,0.3204341150188129
0.4126984803732147,0.42945790829208325,0.0,0.3725213980041091,0.31974866064728713,0.4040120187649624,0.332670325111498,0.4867827088483239,0.3774095220543959,0.5505096881140062,0.314126735760014,0.3014165916678463,0.445377349574751,0.403979518692128,0.38776319637601214,0.4930848109496636,0.5103475997721383,0.3666156344552767,0.365726037700617,0.37618372382512477,0.45894806793158716,0.5050055638502041,0.32501203563233333,0.37881407917513193,0.44097893905394964,0.3083667025246545,0.31896306702393273,0.45817409816724475,0.3737724136441202,0.3412500843375696,0.4193000357494959,0.4374242328927492,0.3799676832949131,0.3331778659668016,0.39676421401143513,0.3347230636729799,0.4079084723881885,0.37571152882656406,0.2695172190355762,0.5088057107455783,0.33064447985870554,0.3793096776427275,0.3445618388803982,0.3536966071808608,0.5072766064394676,0.3303786276993789,0.2843315063231124,0.3145781254177149,0.3957448128264971,0.3533612453992504,0.42625827253572446,0.41223049577738086,0.20876824662454113,0.4340150867311927,0.3544420535538559,0.37541202562467707,0.3740438895495406,0.35781173839714037,0.35030730841828617,0.3820842793901803,0.3742300130135956,0.28299845687688546,0.30887137000914766,0.2711271006201605,0.2827730397355974,0.29444072851187736,0.33094123774469586,0.3882848559645044,0.3567593178814772,0.4882046393377465,0.4548585473771177,0.3583983638746857,0.3114063340361529,0.5839330312753895,0.37319634932403833,0.25081786736738776,0.3399316745789905,0.33138562222776874,0.28055425721796895,0.28570904900841726,0.27413507430972106,0.46595663980034646,0.368609896893322,0.2921027647479195,0.3728858191242786,0.48373359714800124,0.3195545546502962,0.31517804818645173,0.3405321478997077,0.2649232487984074,0.37423677850597137,0.38111517628435027,0.3584459216433586,0.2657851109552444,0.40105812662297885,0.34878414766562726,0.2733599295775842,0.42540092410992186,0.26900708306019966,0.43639407078777837,0.29070507924201433,0.39492412564989426,0.2753031052815801,0.43019672091492556,0.37195399604542223,0.4499879282956648,0.36488603003706654,0.3701814771056858,0.33950138581714384,0.3734499274181118,0.32827805001401195,0.2910953630314984,0.391940375098944,0.2791803311357834,0.2724427216729908,0.5085105360068258,0.2918939344501193,0.4053993459801736,0.3571242558174242,0.33197477710838075,0.3411633989293096,0.3257274054229097,0.33126814215075867,0.44098330717344897,0.2893379911030712,0.391967810613618,0.3487069589340315,0.3485660876279951,0.42509693376840296,0.35512764571290206,0.4019520944998394,0.5354130860060772,0.28565127058883205,0.2727731337519,0.31652065902982884,0.2317152115682938,0.2561362251819677,0.4162898389317469,0.39016159262872113,0.3632888701791508,0.2553125350592023,0.3688115503621366,0.48477217464608696,0.3118970019797476,0.2977499994493576,0.278689671431133,0.36564486287518966,0.2734540372087582,0.5166373711343657,0.237359137074633,0.3423680567053956,0.2399923826343172,0.336564885440335,0.36853483658563246,0.38683272289464754,0.4145953014947228,0.43340466925036414,0.44640899881880525,0.3358873909454634,0.4047566767110417,0.2669114242725269,0.3487485554243103,0.29247047043712676,0.3263051353810008
0.2754286767318958,0.3076179347869746,0.3725213980041091,0.0,0.3809090029165108,0.28360006008182015,0.4032754815434216,0.32976972482894257,0.3040285843602184,0.3317032290353301,0.43307962803651723,0.37249477619900245,0.2801775014726936,0.330680806904726,0.3042759648350975,0.3913168030405732,0.3850616295122218,0.2764513033391137,0.32341778646835506,0.2846062498535857,0.4837347230001778,0.3840904677550907,0.3696433674195921,0.34390634328249453,0.3803935459756702,0.4020862607621058,0.384691529126397,0.338203100491813,0.36297505672427194,0.2741399137363666,0.3240900655962871,0.31155426540795106,0.3483982046558962,0.3815280974735709,0.3543834679123689,0.4551872171887924,0.3668699819004233,0.37928106218360275,0.42305731158592486,0.41083897294331506,0.3156719128184564,0.3905650415952301,0.29980365643921,0.4345994803405371,0.3551798565664943,0.27000111692594847,0.21046746686134746,0.4147088252190945,0.4066527178207066,0.30729495898134745,0.38498896574529157,0.33677949008192753,0.20930677094468195,0.49261185664814444,0.4861710641433881,0.3228424686324706,0.3483536046351177,0.4622698795605732,0.30544417845206684,0.32996216623398483,0.3427934893793281,0.2618341978473389,0.2735867697114647,0.36452897039524795,0.26603870689040077,0.2558996086104716,0.43488574031344646,0.25616749431686325,0.2988730691461948,0.3429581038892579,0.3225242762959919,0.31717408398280156,0.40536901857092306,0.42600617631996046,0.3010369202859892,0.21944277190812275,0.5092665021796465,0.4536387657916139,0.2661744450648783,0.2605694967569428,0.24620577526900525,0.4489422071932156,0.2672973594620864,0.25511543968953726,0.5186866778746252,0.3084441201620225,0.44025548194584285,0.29825500402263205,0.2666334357097804,0.3012712968209666,0.46575814699681933,0.3943648142195646,0.34316377213511856,0.24878540066706564,0.47566384432729397,0.3414714527351411,0.2617634277970645,0.41520760169362686,0.38618181450068423,0.3049597689929384,0.362256864843347,0.492422762216209,0.40600177021836875,0.3164230199746344,0.3298993559718468,0.3037013998573047,0.3268633377458293,0.35740741935510195,0.27409042609259704,0.3718599737930384,0.45043447700699674,0.4268831485737483,0.3592202366662014,0.4271860851043445,0.2576360229529743,0.3096038716665064,0.25284087078140455,0.3767733841216916,0.38990626710183407,0.4750991461966117,0.46658684588622784,0.4143871763933849,0.39027158471108003,0.32596969142259963,0.3267341354275051,0.3105833747330545,0.3678551364658716,0.44404422053934306,0.4436169343225297,0.31608654314395174,0.27281259705311756,0.404804125170269,0.3720595244811728,0.39471719825871676,0.4269146607215738,0.21605839087040132,0.19949319649352815,0.3763364044753283,0.44278978621208276,0.3447110264021814,0.24828030261892128,0.4624314032311527,0.4260884440484602,0.475128051726483,0.4297556852092192,0.3086522817964107,0.36778900618833327,0.23942941413468877,0.3279633806797721,0.3170570381311709,0.4200135737172091,0.24218224060656976,0.47415729109484067,0.29739603906822804,0.4299811692597494,0.3546986986734206,0.3020853403867021,0.3515099343266384,0.3744920310247359,0.3715960312033898,0.23956077108461246,0.3106483735379627,0.4686246892899915,0.40486325876740914
0.27249801095192283,0.2591823181579943,0.31974866064728713,0.3809090029165108,0.0,0.22987990975605133,0.41794443680407806,0.2648729867683187,0.2956116255135336,0.2999626845987229,0.3973500470023284,0.3727462890461589,0.24978556421768086,0.278078356636944,0.291311945833361,0.3252928226140062,0.287222033546275,0.26853161846763496,0.2549333801679589,0.25794589782467287,0.335004680059874,0.3442662298219148,0.47593873558547783,0.3087432766936291,0.3255923997619239,0.3756561170993732,0.4484849738456127,0.2602608007709475,0.28381326284470576,0.2843531402919944,0.31319009571333856,0.26189336012426473,0.2726111372989798,0.37204719141305337,0.3509740882235441,0.3853717118766783,0.3367331251030679,0.2971397980282457,0.38697122920953214,0.3349577806441082,0.2640178268678941,0.43570292477675326,0.2712420120616724,0.34999408101003077,0.30566409888839274,0.2387850641084075,0.22283943244215448,0.34305621551049487,0.3866090448987186,0.2769943121768819,0.29282491651969955,0.24938351484204022,0.17914070751136002,0.3105196517299785,0.36036570137643426,0.27887011666451683,0.25349594733796194,0.41444334106439723,0.25134971415518603,0.27936546068239143,0.2301865834570619,0.22763165612136604,0.20946901566741832,0.3735634857168176,0.2293057573468848,0.1969220693989606,0.3629928414161291,0.2479207897701489,0.2569326312441047,0.3017519241726678,0.2940534809051835,0.2783063041714653,0.3024129564094854,0.30054940387569207,0.22751338047078856,0.19446992400927848,0.3651943011600249,0.5385543877432999,0.2154550065181877,0.2099506104514849,0.1991126415112244,0.37449861366758463,0.24660663080581655,0.20028554011388183,0.334702436319567,0.2668509062945367,0.34233025132948064,0.26245453378503053,0.2282478690045186,0.30481270820388284,0.4668300233926932,0.40354738576816646,0.311561542521613,0.19439347498459497,0.3452945866698934,0.3066406118494819,0.19903897292285094,0.3422877654295109,0.4050057844840096,0.25443014846099754,0.2900971206028922,0.33982620985998885,0.3761472700103296,0.3009133617097864,0.26939301447499475,0.2670845308961762,0.24432621184491937,0.3172160652241857,0.26518128157764576,0.3077326038130896,0.4091135485307955,0.4747110539600758,0.25905618471278763,0.3858317436198699,0.20614041469523386,0.2624975107637623,0.20818039917880307,0.3778671450882472,0.2758405578359824,0.40085660755548513,0.40468776271216317,0.3096427223808523,0.29483424265777775,0.28667304521204184,0.28889049307837267,0.26418194969040765,0.28396010084588696,0.3827753019763894,0.29380219827572035,0.27062485342881953,0.2500886614981148,0.2787442674761491,0.2615663524483381,0.3598282700151951,0.32560487284415013,0.1993606566156288,0.19596142751898818,0.3675218266677027,0.3881629765659764,0.3335954065807968,0.19956924269900614,0.3586895597057867,0.3589948767151738,0.4273961502105062,0.3986250872625123,0.3421802899281632,0.3310408541301778,0.2147056896553291,0.29690416379342227,0.30246170315887105,0.31937344762892733,0.20015911383358664,0.3863737895283552,0.30620810089275474,0.34999485368003386,0.31511275212552653,0.25246387668603226,0.29748298967535675,0.29360538052512064,0.2801419858204963,0.1942688474618401,0.2580766600272053,0.3498591787221647,0.41698250686581384
0.45836555021216924,0.515100607154805,0.4040120187649624,0.28360006008182015,0.22987990975605133,0.0,0.2481140837227493,0.40734746980786757,0.32357167506558315,0.4034485866586745,0.2820507265034934,0.2665501887049919,0.5315282375023888,0.3028612397229483,0.4296385225590675,0.3570274165306655,0.36913686005455165,0.32283857841865204,0.35700837696871973,0.4640372902348871,0.3228612490017718,0.3650893955054242,0.23213123727498863,0.3273482393785444,0.35324478586563984,0.22973064273112512,0.24737930944497924,0.38824263641274087,0.3579182556403461,0.28180031081164264,0.36900780332313027,0.40955487947108177,0.45731150567546747,0.24995208962986226,0.3135869127527807,0.24683557576278722,0.3348542353430329,0.3076722897390267,0.24491497019748537,0.3146751002678035,0.34770027928125175,0.27656489712572524,0.3141556103717446,0.302037443423908,0.3349365921247532,0.3221031911491115,0.2729583842406109,0.2736266852079558,0.2651416310736111,0.33616401958353176,0.3342545756785473,0.422868945675525,0.2335004798838695,0.32192686561801076,0.2648119407180465,0.3568163428352281,0.41684447427381327,0.296684252657858,0.300268415836318,0.37322167838770903,0.5142586478720962,0.2877429625564229,0.3097402571361725,0.20580851929971763,0.2719510006020839,0.287985169915956,0.2822503117450345,0.41573921157947086,0.28556585184972266,0.3757698120317789,0.42652953287320644,0.31442971648907003,0.25398743719442335,0.33934233600392816,0.4398121207947873,0.2871335845836906,0.25115653908375785,0.25898638932040347,0.3126928741708261,0.3750213937211922,0.35709541999516153,0.3258908527404251,0.38834683849366053,0.3878248352066304,0.2789726573311754,0.4021945085143728,0.3130141086464407,0.29127439768358354,0.37601764063396864,0.26906451259375513,0.2572767540578052,0.29330005912774165,0.3383564421377356,0.3252032825614497,0.2821849591226989,0.349568690772727,0.329389989406607,0.3127242736668425,0.21547540332372467,0.4030101679367957,0.29545148525125436,0.2687732134848048,0.2099671726615974,0.3357679513965749,0.3650930498284108,0.4391917677895341,0.35967879370075295,0.325404760909268,0.31656446430930646,0.32621598848689026,0.24711606857794938,0.22176981206375954,0.3502464191613114,0.25137736597723875,0.3006665261865103,0.4514128449261291,0.34465354202459847,0.2685501737102492,0.28928619709984554,0.26952432148377914,0.2747080513650769,0.2925288986632227,0.3009247979803586,0.4784795416781376,0.3138201246013406,0.4313357424555455,0.2734181712747777,0.2749793360022323,0.31657045605875417,0.3337079433588971,0.3529376651001437,0.42770103277736654,0.30484008111852134,0.26319978943811384,0.30720006980194553,0.27647281243265853,0.32975323385711125,0.291061182094361,0.27421527328143736,0.29948207698949747,0.3209509941156474,0.2849258574430666,0.3333062719002548,0.23803565341107413,0.2692679248904009,0.21662580088154923,0.31712390342657404,0.3217277287679118,0.3866119992091667,0.21327266966475034,0.313753716743275,0.27813181660504693,0.2606168064963388,0.25649144005386765,0.3132950081426522,0.39455885613753305,0.4153995956766402,0.39121638965296784,0.32523857673103057,0.30118929618066703,0.2679756125927604,0.3951093956256555,0.25342388216739253,0.2903180368164137
0.2756196198741156,0.2883520790876881,0.332670325111498,0.4032754815434216,0.41794443680407806,0.2481140837227493,0.0,0.28452007012624514,0.3088313164621637,0.33016855671739037,0.3303746208562346,0.36100137229002743,0.2735660324541644,0.3200714317452361,0.31108637024663194,0.312737406834556,0.2782582232910913,0.261416816845204,0.2640039764530034,0.24976252626345827,0.3339390141239727,0.36968294947384767,0.4435993192159131,0.3435165032535717,0.36614594104670045,0.3616516723076278,0.3663986061704741,0.26031442854837666,0.29480481982231793,0.28041478372199874,0.32981180304156354,0.30347963722077304,0.2943333304629453,0.3760478209479347,0.3138600667973603,0.3664692520687344,0.37591267186603844,0.28711968250104797,0.338826912892596,0.3768703614033539,0.2552034286455316,0.38745523179912045,0.2763967902326336,0.33877802950333896,0.3699371713108897,0.24302888200076272,0.2654108154807663,0.3314650225967776,0.4686457002726905,0.2669239527702255,0.3259801272138131,0.2506497531738773,0.17717122852033368,0.33018847343758057,0.3930612071701532,0.3169566156957479,0.25618110696677227,0.3796061561327507,0.30978655809609434,0.2668309574560242,0.23832158787834637,0.2400044899146383,0.20648869769044903,0.3964962940819811,0.22913976801274527,0.2025517634796215,0.426643308167936,0.3197452208205865,0.29603123408779686,0.2993250382149424,0.30570324620424566,0.27111803672105145,0.35923024218808397,0.3462536717463875,0.22011278134822335,0.20240248892440055,0.44792692652699384,0.43944219793876593,0.2188151993335853,0.21761343787948856,0.2022668127783642,0.38541515579000063,0.2718689660920754,0.19843241593756314,0.33487050482552333,0.2866030930459956,0.3401365263931801,0.30700956256571965,0.2425455871207552,0.3010305371074244,0.4293440280081232,0.4954014688981662,0.284642073850744,0.20179304559416805,0.3660789769481268,0.3629428823297772,0.20700079933083887,0.398940641673157,0.37886586834301983,0.30911855816229306,0.30122082168026815,0.37450377557038006,0.42500047358015747,0.32288727826310487,0.26352068372419,0.28471065020905795,0.24204266501178356,0.3376514978995326,0.26842139649373087,0.3502826685675827,0.39560538097652553,0.36103512672904947,0.30301063326585537,0.3085932862982999,0.20832055324546708,0.2762379238086181,0.21343731020200088,0.3891942674346409,0.32141525571890905,0.35912160759058664,0.35596563743145593,0.2941960898729069,0.2987538360021209,0.3051140200495501,0.27815069294241795,0.2780907464077273,0.32419923256998057,0.44943253848469294,0.29824197980240935,0.2713283234285265,0.2584847133044747,0.26942925175669885,0.26688765510069995,0.3022611178279522,0.3119287829704975,0.19588577882217548,0.208462709671291,0.34667899479023684,0.3895387032071753,0.3128149321034078,0.210777845152336,0.3639299447396478,0.3862436552282819,0.37222643654449167,0.3479302957976189,0.4438209357200633,0.35218612496216073,0.22212742187159204,0.3188357101688141,0.25145416807779597,0.3203544186017947,0.20906730115355646,0.34830212506195296,0.39464673003679196,0.3769203441152019,0.34830634452093623,0.27896314893407587,0.3323770054526211,0.30724732182140463,0.3259087593515574,0.1998323774095666,0.2614788803686153,0.3536126242520603,0.3536380688121218
0.35051568829201984,0.5062518530000178,0.4867827088483239,0.32976972482894257,0.2648729867683187,0.40734746980786757,0.28452007012624514,0.0,0.43894349761057655,0.48202446592214465,0.2886378961581576,0.3598213946527584,0.3722478427999288,0.32279805303053516,0.38573164763868234,0.42900566720966216,0.43197484123903107,0.31476939780881974,0.4149445949064267,0.3673812475603389,0.39252651539158734,0.3778112189949591,0.2888450124829869,0.35969567610554937,0.40506007621388707,0.2623624906177856,0.31800052905051085,0.4282382515701868,0.3804801376844438,0.39793238370698436,0.5090235994072078,0.365383445126965,0.4161972172930074,0.28706741919349626,0.3397210649510484,0.2997134545139999,0.3398873637354134,0.42547388723764823,0.29370740286296243,0.4010855106913002,0.3767563229493443,0.3158006405403707,0.31296110449386055,0.3154361266834064,0.4285673734286117,0.31863001010826675,0.27688271076978976,0.2756634405386547,0.3227141977650517,0.31280075908811433,0.3591729736443956,0.35670522802889226,0.2139887261591071,0.35653377239867756,0.3118274424868956,0.37444697365923985,0.3811044344891148,0.40589016973798314,0.3051759047263693,0.34886515850572347,0.3889631935317013,0.26003506805335513,0.28773712513285005,0.24251428242055434,0.24907927591105322,0.2537605239711406,0.280893406311515,0.32406971604682466,0.3087253593108993,0.5302752001788925,0.3662169941873341,0.33630435591627045,0.2578542556917439,0.41557176292551407,0.40218399867788757,0.24341665707944618,0.29042998215579885,0.29989958154720886,0.3369380802005883,0.3068771429493878,0.2855816723301994,0.382475770732463,0.43853376623333434,0.3253119797764658,0.35353374772704826,0.6087292908112455,0.32897875791548403,0.2936223252764458,0.3560451801450896,0.30114450337316384,0.30902789293503874,0.33819185550047753,0.34155363045882603,0.2676558470388159,0.3351586255775602,0.38626151733811387,0.2931714982894581,0.37880939959288384,0.24149979594398768,0.37961134686942777,0.2953610620793485,0.35378461131975303,0.24929687937085854,0.4799495239138036,0.35096608832331627,0.4161202634433104,0.32964524241920057,0.3958577776966595,0.3109277860677665,0.33825794039703216,0.266193844772805,0.26660649959561405,0.3259450041620801,0.3049868699927286,0.28783967148324724,0.5903988338894499,0.3127693725327629,0.33362868912482724,0.28406498075085973,0.30713551474543344,0.331865416685034,0.3918153590899151,0.2919437594789537,0.446847479797198,0.29867381941775406,0.44077439398398444,0.29533305532699056,0.36794476915338437,0.3797451882154538,0.32357962180573624,0.5006855710775937,0.4801489842766115,0.3159516747598883,0.2780888464727269,0.30555279165778654,0.2271612615613241,0.3011333029151449,0.36855697197528653,0.34237351407321787,0.4072035888929685,0.2657589050039559,0.30004075453263573,0.39825823735427013,0.2691249788714632,0.29103696035097965,0.2632648971594107,0.42878213730416714,0.3017293174866961,0.4891613502460758,0.25304359337187704,0.36449452339765487,0.27219953357086496,0.3157282478392986,0.3330487369441056,0.43663368909381234,0.40933784363109793,0.41473185530144624,0.4842017505688497,0.3153872206749124,0.32873812123119356,0.24343139189986315,0.4011216362447044,0.31404357710080305,0.31862794901094593
0.3201217942756213,0.4125730050902173,0.3774095220543959,0.3040285843602184,0.2956116255135336,0.32357167506558315,0.3088313164621637,0.43894349761057655,0.0,0.36870625443984145,0.2990114899451372,0.3639244710949309,0.28880930070425137,0.3161162144301373,0.34231119961872725,0.4046759838891447,0.3193570960354991,0.2799797023476525,0.32859421556514307,0.3257524010936167,0.36334987994029366,0.4856752220507164,0.27742106942872113,0.3812859074875494,0.40112269683563795,0.2529239111432543,0.30373525152538866,0.32626328311611913,0.380016338522218,0.4790113966384127,0.5145624177962825,0.2967077009822282,0.34302523434266663,0.267404202667754,0.3733400356097392,0.29554665666765995,0.3422407438687424,0.42981450702505547,0.3157499818107318,0.353926291865724,0.30813267212945195,0.3466857821610851,0.26851398616583017,0.35166001263074315,0.3920601912410429,0.24981804857484363,0.2425196024338554,0.2935269172061389,0.33656423595907237,0.26963767760061785,0.29116749245000706,0.2811119786976612,0.1972874037247004,0.3663690022306697,0.32036992823888116,0.44875881779874416,0.3061391592405961,0.3681437085515401,0.26051001001549545,0.2719581961710565,0.2931256977387144,0.22909665951191743,0.23502001783629764,0.2574270733955387,0.23026469874017902,0.21356760871939384,0.28462536011165257,0.30199867177465,0.26182813535274496,0.4407137893439761,0.33780019055230515,0.29995127790080817,0.255968416620064,0.32329132471075533,0.31443531173315037,0.21810326572179758,0.2687641944011115,0.2954497142049283,0.26908463935755605,0.26815778844533483,0.25010157001959704,0.4322324901058354,0.4792179913976402,0.26301458621434487,0.3174430970818067,0.45536266075695214,0.3102678565356173,0.26400414037946407,0.26801200812269926,0.37728587363943294,0.3229328352542312,0.37597445499391413,0.3082058772953542,0.2314273545135804,0.3518350073772722,0.4727890705772677,0.26346793438232863,0.35846339183521897,0.26831902579867933,0.27973626450791034,0.35022492407518807,0.30764627368589126,0.24497033797734277,0.3864245404168047,0.28784441370720415,0.29935310530016984,0.24494102609294338,0.3814092955806984,0.2521820479999817,0.32960986200372805,0.26395550264406076,0.27241229053388866,0.29687502601053234,0.3116816033938897,0.23944210743322006,0.4095720252383279,0.254901572460781,0.3596021846039468,0.26442307854540154,0.31114608667603644,0.3542925647380092,0.3481144033112325,0.2852809978706961,0.37892679344236224,0.36865759303497647,0.36931194288687214,0.28125421952953406,0.36279876281072315,0.34298901033205803,0.2895818537226843,0.4953799715463678,0.376725937431159,0.3166556357559017,0.3297859320899423,0.32021089316301304,0.22646982683601213,0.3054072009414501,0.3563851840714584,0.35781117136230167,0.40645250160950785,0.25279446012152895,0.3271803351128007,0.3778986828493264,0.29022183008802055,0.30630551875665085,0.26383441437491695,0.5625391206763493,0.258604269496399,0.40223807645018655,0.24855243610445862,0.38182598080813873,0.2500442452267749,0.32965718619231893,0.3636873527675562,0.4026431151406689,0.4471255382661922,0.36409520314147464,0.47041488597294745,0.36417999306200693,0.31006040911608396,0.21005929685394298,0.3582626567689201,0.32102260224881696,0.356336932555074
0.415464454585978,0.4926908042207078,0.5505096881140062,0.3317032290353301,0.2999626845987229,0.4034485866586745,0.33016855671739037,0.48202446592214465,0.36870625443984145,0.0,0.27397644324832593,0.2816216223161307,0.4405533947491803,0.39603213603351795,0.39600465284910236,0.418277784987578,0.4675952510642152,0.38010756189374423,0.3538085480252633,0.3639554793508391,0.3745407808342727,0.401155221446467,0.33342172291125927,0.35012263582473124,0.4528951075498434,0.28431573780943337,0.32059813934713816,0.4270821165946536,0.3889876573903734,0.3439541738601083,0.43491427396652294,0.4394426475904732,0.37471940774089274,0.301336370211201,0.3783741032154466,0.2946632307532977,0.3950795340862485,0.3457285459359072,0.24339465858122095,0.4421760335547711,0.3181459271702854,0.3631092110222337,0.35269885846160376,0.32680170749903276,0.43939472260876705,0.32934592775631827,0.31628530467546956,0.29210046546899665,0.38903734038091164,0.32396015504223774,0.4057952387134867,0.3824973138525178,0.21069352274356296,0.3722292580644248,0.3296159672206661,0.4126301530554136,0.35881369614852854,0.30772652567311787,0.36208225282854045,0.3704800545469964,0.376936296650084,0.29049802330399643,0.28436475319955556,0.2548985435001851,0.2780121106275634,0.2784749386994853,0.3036626004067793,0.42699419813959316,0.35946962936208227,0.45090351761248415,0.439332034866439,0.4122054164895737,0.267554515608282,0.4455983540275452,0.3446986024830749,0.27833615702033465,0.3020435376987587,0.33862826718660777,0.2860524149917459,0.3296010544012219,0.2932850948226978,0.39102964911812815,0.4509780811121582,0.3051399629152699,0.339311307748404,0.45331867689400135,0.31150158045194454,0.3464450045986526,0.38150974365423235,0.26561456305001263,0.3296552686174608,0.36525130794005783,0.3772156919699345,0.2633563387592567,0.3644765541260323,0.37681661452280646,0.262453964275073,0.40501348351373495,0.2688805208703741,0.43853173357722125,0.30041863733814855,0.3510137514509877,0.2656517728890156,0.4248409239216569,0.3633235742192516,0.44227352249953533,0.3498712726753408,0.3960730863213759,0.3504075085522329,0.35487912881595934,0.28734863240389513,0.2718073506534249,0.35851861876703545,0.28045113997167204,0.2782687755489607,0.5253974035480352,0.3132742269904668,0.3817417482112343,0.31488210729812854,0.32852867595205465,0.3131149658591169,0.322679740775084,0.3025013870393859,0.47637071571276,0.29135228959911375,0.4282506167307464,0.3151415522743336,0.34464270199627417,0.38525045443362593,0.38441687720206763,0.4520436114831286,0.4257036289950806,0.28954101437169527,0.24902774700737268,0.27499045769532654,0.2428771965842803,0.29441949712203325,0.40845850834987063,0.3645185620991646,0.34968151732171243,0.27762225214596337,0.35651975260224394,0.43057570716064314,0.27412132419587315,0.2915941447169407,0.28186182739532434,0.33024794581329636,0.3072954832850026,0.5246133612671231,0.22652829138677508,0.31073158461835787,0.26973147339355347,0.2882326106814081,0.3653554908338095,0.3545817581994501,0.3915563623885937,0.36314677435692383,0.46725063501632885,0.35051022304652935,0.4040289178005823,0.2996880484619193,0.40756907657467134,0.2977814050556308,0.2874125946082605
0.29757332885481125,0.28812531620872855,0.314126735760014,0.43307962803651723,0.3973500470023284,0.2820507265034934,0.3303746208562346,0.2886378961581576,0.2990114899451372,0.27397644324832593,0.0,0.4009614829181676,0.2859168329544192,0.29699668283523617,0.2635600991566643,0.37606468449780256,0.3236116132152232,0.25800096524635385,0.28764002652608045,0.3090317903948116,0.3837452220849703,0.3566785508377648,0.3557908008545531,0.3702390369369846,0.3712906410100684,0.42636764482627204,0.3868153100611342,0.3313927503677746,0.361171986148232,0.26801520999739015,0.30317686810509115,0.2770442129980242,0.2907488412023266,0.3777996315323687,0.36157131776976437,0.35237115525059887,0.3962870452842813,0.35240712799156687,0.415801829345175,0.339608342437037,0.27423348454055574,0.4184884359031008,0.26004781352722645,0.4271524778753629,0.3141664895896819,0.22832843153691365,0.1899710233910664,0.446951773015196,0.3675793400003938,0.2553262173322866,0.29597884142446845,0.27904006261217695,0.1841119192867112,0.3568088133394945,0.3818055514900777,0.30215634759804705,0.3108602938655969,0.41981716146187814,0.25942979685907275,0.2710062883836431,0.32736969599287263,0.20841264330950662,0.24032055684911943,0.3309902922582237,0.2132997587107269,0.22376833581600217,0.4568244362686184,0.2581271944765718,0.2600186049504982,0.3391820878326318,0.30317743520096824,0.274185623516855,0.39950055105971144,0.3273138057274127,0.2785052436815019,0.22043155291523306,0.4211208468498805,0.4114932330089219,0.24026230755433292,0.2631997082543842,0.24035804084702234,0.3254953569484554,0.2571882231802238,0.26227723546605364,0.36052971119750465,0.29901078802784303,0.4944774517540731,0.24375891662342303,0.23000932353900808,0.366088509577643,0.40208442004575573,0.3068815131253793,0.2877648535756136,0.2499566858954551,0.3514549704526291,0.35422894847652137,0.2301581302856738,0.33081034465132364,0.34242952813950656,0.2546968228164763,0.3745275433487306,0.3500242570692336,0.3393537350196909,0.2826143582274728,0.2777533752343629,0.2501740648148834,0.24692817917012994,0.3576906852470728,0.233849668133993,0.3753915571791242,0.4976485853411174,0.41287500614753225,0.3239968633155229,0.41994156709135655,0.23618725470594346,0.29364886780105687,0.239151966058555,0.3377226725592216,0.34142116905139774,0.4147276558805496,0.4065482670947913,0.31348284502993223,0.39333811234469446,0.31160735159539515,0.34991466348840056,0.3069731925624682,0.2595340145966004,0.35902158821195385,0.3444467156400827,0.26340089509974024,0.2539927233745573,0.3487407192660376,0.3792378312327587,0.4619416630944564,0.4893035283686432,0.220001506253853,0.21851954133575596,0.3178883374595791,0.38073220352362597,0.3115821206195002,0.2437271078751244,0.3835088956898179,0.3045131882704963,0.3887975183354724,0.6066932985830229,0.30162479900621525,0.31654627679793473,0.20870886439216274,0.31361412883069684,0.32922125278304115,0.47131271714002027,0.2134038344480674,0.43086903435472645,0.24437181225561858,0.36187380158376986,0.39704063668367584,0.3307131524778448,0.33594024750541823,0.3694675878927204,0.3001632128552633,0.2045510977698431,0.34324615305260175,0.34599077629673597,0.5796628749292744
0.25312215835186724,0.321963050596127,0.3014165916678463,0.37249477619900245,0.3727462890461589,0.2665501887049919,0.36100137229002743,0.3598213946527584,0.3639244710949309,0.2816216223161307,0.4009614829181676,0.0,0.24060218750766568,0.23130280864837469,0.27708667515431795,0.3192211664386395,0.2807863585108652,0.23132331992572547,0.31519431155559374,0.26594827376330354,0.3490481466794108,0.32369157476089905,0.39679249670056826,0.36866660668203544,0.35337799529704694,0.3517723051238531,0.43227186871008266,0.2778190642915905,0.28767206455074457,0.3458453359503973,0.34796177456141664,0.24546995961147638,0.2921314241722586,0.388347450039674,0.2790397613052374,0.31179523983206037,0.32557340677644847,0.3306460804057722,0.43869025110237786,0.3119630540922306,0.28557677821383837,0.4342340835243643,0.2378810503264362,0.3083629031610345,0.3250042752459075,0.2363030439282905,0.2250152243818439,0.2958535488925997,0.3275394175976508,0.23958467155763913,0.2708802264734748,0.2583218891549662,0.17531779889439944,0.30623103205294916,0.3177842188416469,0.31077080609260543,0.28166153522435666,0.4710922659489801,0.2223371015189999,0.257515571351008,0.24457733608297139,0.195235056563007,0.2145517727767571,0.29370344461499703,0.19902245501951166,0.1970926196996246,0.32484098973274733,0.23412538680055373,0.22537892483879385,0.31549196471996666,0.2559341730354502,0.23775217792429967,0.2778976249038107,0.28481734395705205,0.2591861633019863,0.19029777142041537,0.33386886742392663,0.43906102781330875,0.24536718640537894,0.22284632812943103,0.2081343893165202,0.32972683240302125,0.3062756833940746,0.22121729284992572,0.33055588046093237,0.35688331426710496,0.33698406680018417,0.22196749632119878,0.2427682671942846,0.4479182245545371,0.3341199048497437,0.33776426608614174,0.25384585661079756,0.21333457868213596,0.2932198232777354,0.3785405035811068,0.2164379137050988,0.36816878612032544,0.3004079414218698,0.24958717431968797,0.2798840908052323,0.3040215755527374,0.31336192836424476,0.3396967739686293,0.24720984460815543,0.27224247952867886,0.23949989568021668,0.3710488202896168,0.23253845990878352,0.37012568460915646,0.41977950664044933,0.38393744609531283,0.24028307527572304,0.4208535847759448,0.21577131145435074,0.3396184255631842,0.22263902851187048,0.30394197235782644,0.26664087568148614,0.3425567537008661,0.3354591230034635,0.3050123140244707,0.28962449019102443,0.2990573717357502,0.26246905833339895,0.3028632204952109,0.24358151780486575,0.4545042499076002,0.2942931404422016,0.23433670206879006,0.30730385873418686,0.2954098977256279,0.2879514517693881,0.4137097359716744,0.3341567672934852,0.18049114130121208,0.24404533883478238,0.29511483249370807,0.3425997953530216,0.32855205986893493,0.20158341655566764,0.2933715395431207,0.31711237833998857,0.3402255110410677,0.39865068779982615,0.34749972723650546,0.47067918744453524,0.22135625630499714,0.3153406334428911,0.3375523493374947,0.35400336299881086,0.21059529337528818,0.3644442757985867,0.2877058676780925,0.4457542654004524,0.32797601184328634,0.30568638603792,0.3762291274677664,0.26144236442971314,0.2506052656638652,0.17933445958015284,0.2741643631427651,0.34392980062269,0.4242544036846412
