0,1,2,3,4,5,6,7,8,9,10,11,12,13,14,15,16,17,18,19,20,21,22,23,24,25,26,27,28,29,30,31,32,33,34,35,36,37,38,39,40,41,42,43,44,45,46,47,48,49,50,51,52,53,54,55,56,57,58,59,60,61,62,63,64,65,66,67,68,69,70,71,72,73,74,75,76,77,78,79,80,81,82,83,84,85,86,87,88,89,90,91,92,93,94,95,96,97,98,99,100,101,102,103,104,105,106,107,108,109,110,111,112,113,114,115,116,117,118,119,120,121,122,123,124,125,126,127,128,129,130,131,132,133,134,135,136,137,138,139,140,141,142,143,144,145,146,147,148,149,150,151,152,153,154,155,156,157,158,159,160,161,162,163
0.0,0.8544400189836946,0.8460770979392944,0.8098785277082245,0.8303717265232963,0.9214615601736262,0.8010256465245983,0.8786945797822985,0.916928440731784,0.8148318630865414,0.8342570695371115,0.8491825049647542,0.955684443170222,0.7451676297492998,0.8822351187140588,0.8972754155656565,0.8989206607209123,0.9227699638087336,0.8797189620289899,0.9458159050098089,0.9076815321048612,0.8625585473352365,0.8011213632210611,0.8435207629510328,0.8972801699578301,0.8096527831670484,0.8663663261460642,0.925264178969356,0.7084563942120771,0.9030123124957276,0.9107783942859916,0.89727460065639,0.863081158944571,0.828491230711303,0.8498202582996948,0.7340307460954655,0.921088259725076,0.8358437461005706,0.791419779203419,0.8769579939897924,0.8052636085513925,0.8102676269495803,0.8278952360310152,0.8333575662006119,0.897452041504452,0.9320964320980045,0.8308544694395165,0.8151854179476378,0.8867807639096962,0.8429802385298096,0.8829117653175489,0.8991738357331925,0.739333279909848,0.8276802606003818,0.7611643999593168,0.8230738267592062,0.9295698771157843,0.8699656894294387,0.8047587181110085,0.8217397970157146,0.8410058888475265,0.7228329313585438,0.8275002810350812,0.6472964589888792,0.8038637761570626,0.835195963081127,0.8708003673369953,0.9030569578547951,0.8517973556552569,0.8513679724009531,0.9216513181146535,0.747925203264331,0.7978557060309558,0.914509689712181,0.9061178792702176,0.8692167534844334,0.7970227524532338,0.8272481197734678,0.8623534464783463,0.746046522698833,0.8332632851043146,0.9106193710181794,0.9074500208287227,0.8400653215471997,0.8079017037014606,0.9333594125015011,0.817800299365998,0.8729972908579797,0.9344160192959741,0.8447030948077529,0.892950456368636,0.8202864038737274,0.8132924568787376,0.8482789924741443,0.8384132894233076,0.8715386589825298,0.7729412826294754,0.8202999189025951,0.6230166342724871,0.9005777728775999,0.7394728838818225,0.7388560379546947,0.7597342759651075,0.7860385041247852,0.8141245777829339,0.927092889255502,0.8234404840903504,0.8598312841214795,0.8788737284626078,0.8354266569818405,0.8310801888733814,0.7569406840117655,0.8901048793479621,0.8224352114195106,0.8292888245313961,0.927077148250135,0.8416964237230765,0.7952815561669012,0.7475181585477082,0.7467894047236168,0.8014377578436146,0.7766658884425377,0.7717685301178138,0.9554848218374127,0.7301528687643271,0.8635391973336809,0.7292002101022692,0.8375164604583977,0.7554046363182882,0.8716944597008087,0.8646842396902296,0.8739270356238342,0.8074487197184955,0.7869306816176072,0.8154073677388192,0.7534264855701137,0.9198465612085049,0.8596534100664572,0.8537668566183939,0.8879161468459519,0.8227863323887554,0.7375813867484411,0.908950422453447,0.7332130060202355,0.8231101274515922,0.8899619522746565,0.8961043843827157,0.8817407808924894,0.8582504643061297,0.6181401675786494,0.8705587362293228,0.7654532472405667,0.865218247238631,0.8036912551904359,0.8699753111021766,0.8773921828544411,0.9049806143257813,0.923312877451833,0.7889162609656315,0.8040898601761107,0.7442794654016581,0.8213977858154797,0.9154655477487024,0.9201930639593233
0.8544400189836946,0.0,0.8291768915084716,0.7268951745170703,0.8315879165296375,0.9087849345198933,0.850217291540932,0.7666574147734042,0.847985706618389,0.9118988796277073,0.7475678720618569,0.8817921836366092,0.8567306151786572,0.8151084148836338,0.7849995949992224,0.8420034218493598,0.8817430405375988,0.7613551444738623,0.7971609388678208,0.8788577124594007,0.820223411513174,0.8132610647062856,0.8258027038506098,0.8315024292028488,0.8633375846051179,0.7180610127963566,0.8509567014364017,0.8368152993395889,0.8780943718926884,0.8635520429552367,0.8677895129762414,0.8674729386570734,0.8426312691309686,0.8490217805233016,0.8929822127183112,0.7866019289127327,0.8055167962755306,0.7932843527041388,0.7572949808464379,0.8895130712034379,0.8607767611987152,0.8272360796020982,0.6684588991674281,0.8221647837587052,0.8439405104179318,0.8178683699338859,0.9248109747643122,0.7454531993497407,0.8634591613513648,0.783149383052247,0.7478829099558164,0.8421619160013796,0.7481903214517577,0.7990146629337883,0.7523805987271726,0.9213987494447002,0.7865620162014321,0.7945245112970103,0.7910587726274059,0.8378851350870065,0.7221367462406881,0.7287709066707443,0.6741406040264784,0.7513052807074032,0.6612465353389193,0.6731716178187612,0.7877184717847319,0.7627019919089572,0.7254541009085407,0.690950706766762,0.7670977458518409,0.7888819428265054,0.7248606049313988,0.7783752002686612,0.8249496972952125,0.8403550155162264,0.6820317578269051,0.9338353831495267,0.7279905404615648,0.7700696434296992,0.7989091829258905,0.7527570549666103,0.903221753266494,0.7821336167006385,0.7384235546371275,0.9080891096448453,0.677468944306477,0.7458550452375879,0.87770993066898,0.8673032504931065,0.7867891507789068,0.9129856039965286,0.8296448768113887,0.7733111953551359,0.7878712289911787,0.9110710969560889,0.6971033650134536,0.9249901647890184,0.7053311609093587,0.8843707912525378,0.7852360499948872,0.6121477982605392,0.661736426924775,0.8158052389426863,0.7441694010444594,0.8527312024254666,0.7345725334576594,0.9087513249040441,0.90259507673452,0.8930300512375363,0.7978272587431668,0.7124218413886612,0.7923655455218894,0.77372528699488,0.7651220604548953,0.9206352509792602,0.8652592849441493,0.753208445708796,0.7814749927941398,0.8040621964356055,0.8141891719605842,0.6642828798966515,0.8241737134166718,0.8838127178098862,0.7764270497378719,0.8776314609261997,0.7607788541767458,0.8285681374170875,0.8579647533617437,0.8110920258041504,0.934714005730448,0.7620848154999137,0.7064117195438904,0.793486741335322,0.7323716016580936,0.7247170236726512,0.9382114278595273,0.8883910955451658,0.814574390228716,0.7736488248758233,0.7363632161552884,0.8185793761102097,0.9428721152259728,0.7369783405576938,0.8419540870522251,0.8542101865022309,0.8692425286359247,0.864862262222257,0.929574072836879,0.7228267005022163,0.7093323488775561,0.8047069015207665,0.7888967336269709,0.9013420710161295,0.8337681331068866,0.7332647332674694,0.784098969341872,0.8851290858645776,0.7937621332138568,0.7302011269434011,0.756665750737994,0.8611581076895679,0.9412815414951057,0.7803319312796789
0.8460770979392944,0.8291768915084716,0.0,0.7962544913922246,0.8637451980647796,0.8752521249326374,0.7673106608682745,0.8888278956104846,0.8348496607326154,0.911862424502345,0.8819594299507775,0.8898846492050997,0.8873026318058638,0.6601383822336299,0.8987621825922776,0.8906027766145751,0.8282263713224903,0.841401628811063,0.869000981960827,0.8452878559405902,0.9473186596252458,0.973028892751754,0.7493614441779994,0.8419945871827618,0.9224727707722506,0.7629543680428246,0.8308458417777548,0.8173914652296689,0.7485909629542867,0.8405514072210503,0.8689604618889081,0.8373514201139718,0.8265309013047436,0.732440780194263,0.7380901738851926,0.7172239883907208,0.8848148642964334,0.7843521262048867,0.8396979671224711,0.7987448751704795,0.7752811836608969,0.7951232896396264,0.8425955450574336,0.8022176679300785,0.8619645330485569,0.8235136714438152,0.7455303499560023,0.8664905689752661,0.8300053219545032,0.7766807850173524,0.8205456912034035,0.7698546315163693,0.6376931808097213,0.8660231836760047,0.7854640220125996,0.7371368046755706,0.7974570543136528,0.890739953618808,0.7878256192529164,0.7200688999509784,0.8407544132666682,0.6411932394379679,0.7847104458740172,0.6202807813245715,0.7129247764928714,0.7430127872981919,0.81261768517057,0.8900823918794994,0.892374007964274,0.8769356905958288,0.8494252827009322,0.6467135448238235,0.6948838183839423,0.8980309209731361,0.8599266957421603,0.7010489001751066,0.8025243640633202,0.8067476159028353,0.7805482914809901,0.6072434305463971,0.7755352075195034,0.8512373753782672,0.8749552987818253,0.7761881846997342,0.691491890901707,0.8609150243759762,0.8093348888032188,0.7840485698312568,0.8042414617288174,0.7804316506838263,0.8213540860726766,0.7332137879174416,0.783215763431921,0.6854402185905994,0.7226748701751295,0.907195069254061,0.7484840396850027,0.7627534225117116,0.5528120813642305,0.7664535386127519,0.6709338248811857,0.7869286660282429,0.7253338846699077,0.8828000594792121,0.7243833413045211,0.8359216499915967,0.8018476322505437,0.8376959881096585,0.7943831767824999,0.8444148109317302,0.8202581722477843,0.6827511032196916,0.7812199582091147,0.7929559559384071,0.7054495905650529,0.7925041778139358,0.7044493569028488,0.8971384823695981,0.7770274441526741,0.655807456428202,0.70439897990536,0.7561998522730122,0.6509562739221707,0.8564436297952999,0.6115127908808544,0.8938773804221481,0.6373211939052152,0.8146274305797832,0.7507145765772605,0.8304745101876225,0.7975835901228221,0.8809653158871709,0.7214677855131886,0.6881611383471363,0.9014151212582804,0.6839927302387057,0.8328149189693433,0.7700528877324001,0.9221049237838721,0.8864284598448238,0.8111960595269285,0.6916001576814079,0.7832367223069624,0.7591400106533255,0.8201042000611523,0.8029678665959956,0.8860590669618503,0.8599167376876907,0.9187608338418224,0.5845565856643332,0.7961731794262084,0.7025235945961321,0.881723089209553,0.8476038895824354,0.9175139146759119,0.8769766146558878,0.8429885018068549,0.89329189066507,0.6935007800107732,0.6755312568724121,0.7189060836134264,0.6692172931861369,0.8805866264919228,0.8190577165809539
0.8098785277082245,0.7268951745170703,0.7962544913922246,0.0,0.796049088913845,0.8307225667198509,0.7684830091927789,0.8542824377208229,0.7481451423972288,0.7242831000269795,0.896628298352207,0.8233010273887347,0.836624586712253,0.6887311220726549,0.8492838984227776,0.8283588793726671,0.7853827145616478,0.7692916681128606,0.844395092195516,0.7521256752514496,0.8645352572947165,0.799980310599379,0.7223095396548936,0.7429937014841469,0.8080273318863533,0.8786119033774815,0.8195017424445956,0.8296620815041654,0.700234444247519,0.7354310762600329,0.8466897407950521,0.7997418483239074,0.9282075271955764,0.7784244121254751,0.7764320971650883,0.7698783951190965,0.8674561098528415,0.807653463706475,0.8564230452749413,0.7949545107700796,0.8214192428622946,0.666881637716877,0.8264299512307427,0.8987295734061981,0.8421965462242349,0.7845998462847861,0.6479702369851293,0.8716592372222648,0.8015551970219965,0.7826324865214482,0.9049789869825928,0.8253924151921134,0.6293814794471947,0.9275972538455499,0.8591800274841357,0.6549189355627063,0.8080749169055846,0.891998392276541,0.7108242307490292,0.7413084578952379,0.865522939439441,0.6830782112892573,0.8384603464015981,0.6181862953811716,0.6837300610154321,0.7463891173726193,0.8521183804904474,0.7894865775226706,0.816561211793386,0.8609290335523823,0.8339824863565002,0.6818083041466516,0.788402232251215,0.8952034099965297,0.8221571708327964,0.6955346158793008,0.8536096994727138,0.79111651263583,0.8275176864294822,0.6475965111200911,0.7119444111540875,0.8664262352006354,0.7396935814202724,0.8062399656276561,0.7902610538403325,0.7982449044487724,0.8504451397057644,0.8407950319251216,0.7929209810577711,0.7185541255115121,0.910302364355971,0.757502699947048,0.8030447313038656,0.7156982843103497,0.8180099193538207,0.8385793479513796,0.7631046695898565,0.7344987489057186,0.597705389232727,0.8048147232756101,0.7297994708263194,0.8011918473650577,0.9296316684290913,0.7941623331419597,0.7946549901857465,0.7814102618512317,0.7993425220308484,0.7199278302567415,0.7519118052198874,0.6988610955052873,0.9010519788116828,0.7926370892499753,0.8543307073935232,0.8162294684827576,0.7817038386108078,0.7637108866509955,0.6821096842600237,0.7547519961834241,0.8147816500315922,0.7163509057046235,0.7268421541253623,0.8719468340736091,0.6571294829494437,0.8411196256230793,0.6416991610096882,0.8698282737045897,0.6845693081695321,0.8006264970449803,0.7539487142462593,0.8030078450827197,0.6784916947049449,0.8066679818813731,0.8013394092639756,0.7799700644626351,0.8242663809946672,0.6338483999758491,0.7091144095340658,0.8237954250409255,0.8279100594828726,0.8532792130715181,0.8933569164353509,0.6859444318444821,0.7771503826010787,0.797419697413956,0.8273673220254882,0.8053208325343059,0.7915436907726159,0.7542024935362481,0.7367611408637849,0.5880199468132491,0.901290704247559,0.6977959025550314,0.8188330664426858,0.6709119762860113,0.8636058447262547,0.8197622937511118,0.7859753787777665,0.8282102017508453,0.8563229193926702,0.8006101044255178,0.6455666317471407,0.7027704034118225,0.7860367063432917,0.8514987337469961
0.8303717265232963,0.8315879165296375,0.8637451980647796,0.796049088913845,0.0,0.8164240703875616,0.8860559345227725,0.7871081446310325,0.8476173866151405,0.8557974330875077,0.8271327270887737,0.8946346837097482,0.8094667186370216,0.6640552276383367,0.8319427155562206,0.8198866130190774,0.8195938890224589,0.7959097009954923,0.8226487687435597,0.782961352035216,0.8637179392550953,0.8894848532499329,0.879902070137608,0.8609245320443604,0.8875617168717148,0.7342281630065348,0.8765542063425074,0.8310045864650093,0.728552930211959,0.9018443638922028,0.8149878788821171,0.7733984844701552,0.7951171648433845,0.7672118208477839,0.7607867750559264,0.6873712261718822,0.8200486261977652,0.729758732253611,0.7542628548335637,0.8427907812015939,0.7490384472841611,0.8894599882280948,0.7145316473927056,0.7733958951522673,0.7943923976063512,0.7540429536282666,0.7695458802733918,0.752052938164552,0.8782248679087797,0.7106334441335128,0.7580964655482779,0.7636000362497418,0.6083178855737142,0.7799174603688337,0.715179641207594,0.7892882143052405,0.746664714591074,0.8549022205574172,0.7290676690255578,0.7053413462758187,0.7111365755076664,0.6088962645365391,0.6790885014089687,0.6207634156107502,0.6245637020380114,0.6283121145379115,0.7625113579349796,0.7960765355145691,0.776630507959749,0.7750566056979262,0.7550222528890193,0.634830265442953,0.6867032347268148,0.8145670554572774,0.7714598575976648,0.6749325812714876,0.7293343360296383,0.8742337952461663,0.6907595294767336,0.6152434983417285,0.6764638621209098,0.8079865065597595,0.8758255784357417,0.6895891301910088,0.6826661050298399,0.830096899035388,0.7147685145097342,0.71832222303182,0.7649918096616726,0.799400349379768,0.8625534417896793,0.7801197139373085,0.7465633873722001,0.6480476324747286,0.7274125862059337,0.8662650655068768,0.6265744514401815,0.796657775101307,0.581565997379838,0.7570092518130896,0.6465062880162767,0.6664848801501683,0.7123276549490966,0.835657336954146,0.6717966489134864,0.7825793865276889,0.6829632208409792,0.8896098176506891,0.7645241129648674,0.8396910811448084,0.8388178551316282,0.6880555070921519,0.7265524378454974,0.7707006050199162,0.6645082709810876,0.8519711859499509,0.7055268057037762,0.8045821389330986,0.7441120000237647,0.6944514981474306,0.724494651982877,0.6858325031095102,0.6783489963811605,0.8368478036188972,0.6240568553851978,0.801445945968748,0.6417695798782647,0.7737153552511744,0.7164741678404439,0.7257276941504012,0.8343406369269138,0.7572015144668967,0.6681975134351078,0.7170898487632943,0.7453080337384674,0.596107463241563,0.8123842709519784,0.7849029028498391,0.8454872074441819,0.8007661003202524,0.7110591781869128,0.6775313744286594,0.8306052228441132,0.7004300704912074,0.7678872711772342,0.8571687755347805,0.8684293394659451,0.7621789179385781,0.8480333430645369,0.5950565601756004,0.7389791166820139,0.6715141560241192,0.8608275459888053,0.8526915341098668,0.8809071208268132,0.772274499093242,0.813958461204012,0.8902022514541159,0.7255130239100801,0.679197653188785,0.6419309274936469,0.6992803902655857,0.8405413534174023,0.8860147487645817
0.9214615601736262,0.9087849345198933,0.8752521249326374,0.8307225667198509,0.8164240703875616,0.0,0.7790770004230514,0.8954129273051614,0.8887859615817703,0.8459403504791906,0.8493810214251702,0.9077237317055693,0.9438247412278271,0.8055601574827398,0.8398127163961007,0.9321781738757378,0.8980815006985982,0.7994443794528752,0.8707974830131295,0.9186667422359944,0.9073147632885463,0.8474389133643563,0.7440200615979533,0.7834491261469363,0.8880414934333953,0.8330651383527652,0.8548334765704804,0.8705467577329771,0.8068192644846578,0.8629212751699394,0.9611573295213087,0.950086450825082,0.9210620911115766,0.867497596211325,0.9016086824086628,0.8449051316691686,0.9172213629995295,0.8914734389802103,0.8680996552072969,0.8276025254110749,0.8755814755518605,0.7750764933448282,0.8005720858989772,0.9190486775362176,0.9300979686828238,0.878302183747818,0.8385695409405393,0.8727934501613114,0.8380642623820516,0.8743049341478261,0.8806304724156506,0.912662803382776,0.7368597312463057,0.9060768420737819,0.8532106294048034,0.8437440311853129,0.8786107466913126,0.9185958296543986,0.7584928686437296,0.8636827368596907,0.8708386851834936,0.7965901737561207,0.8250441900393845,0.7258308400771946,0.729514207116839,0.7891279840567026,0.880345124418001,0.8493558683829904,0.8221783609668051,0.8243337142286817,0.9017196206907288,0.7923399538888692,0.8291290675528993,0.8888961735424233,0.932004790011244,0.8473360574341865,0.804824237297896,0.8913516246947514,0.8534818927891369,0.777662453713689,0.849973785139329,0.8780250249053523,0.8826493942261737,0.8960223798229114,0.8391932909809651,0.9470154894967217,0.8375141907946111,0.8711108007154341,0.9356217440330871,0.8620618634674987,0.889472406745369,0.9034128949621891,0.8760273853378842,0.8225705550612105,0.8506755238395911,0.9503410268206232,0.836475345351086,0.8908628742617573,0.6950200906565558,0.9223382810067401,0.8247071591425794,0.7463079488244667,0.7928939515052988,0.8231651886741653,0.8633280475212068,0.9159719544377759,0.8547898501423089,0.838739621234178,0.8699439295806569,0.8290326236871508,0.8676808406023255,0.8051519753790909,0.9290669402590036,0.8705928835754239,0.8470496615753235,0.8938553464716464,0.8318797521965058,0.7882816878137894,0.8240973503520722,0.8227710716311761,0.8295736430465999,0.8189464116433157,0.802453999467526,0.9321061465141354,0.7766261335399521,0.9476403835411372,0.7986664671487703,0.9042296474618101,0.8656430054741511,0.8770740682221416,0.8768496152074322,0.9048490115552607,0.8301648486229118,0.8624761059680647,0.8441774792200105,0.7465372023225509,0.899794175518189,0.8838445839831519,0.831971716860301,0.8827996210677698,0.8431518654093217,0.8377215143352683,0.919183868561817,0.8414895574398444,0.9158365048705911,0.8894991027195889,0.9210458850636204,0.8776233484023606,0.8999946555896918,0.7016554127972067,0.8608816124966218,0.7924775033749958,0.8378173730813027,0.8014460718244683,0.8894940068471752,0.8417149315436966,0.8153862903581875,0.9182828542231816,0.8105170718322235,0.8210763557387993,0.7235480035874367,0.8512490914663517,0.9661454046775779,0.8417393447556492
0.8010256465245983,0.850217291540932,0.7673106608682745,0.7684830091927789,0.8860559345227725,0.7790770004230514,0.0,0.7133787477814404,0.7873597376011979,0.8661309590299858,0.7403249349910874,0.8657949557381428,0.761718253876627,0.6430164596808817,0.8275119642931521,0.7338266917511115,0.7580332890803907,0.7579247552676567,0.808035970673188,0.74087378956903,0.7933674381182907,0.8064128424374485,0.9311483369741741,0.9134631705375378,0.8784954547141366,0.6753579363923893,0.8128358577120061,0.7999805697521082,0.7317260711557335,0.8458383272727767,0.7881030081188688,0.7359179857924376,0.7835266083702866,0.7791726284770858,0.7453677593496749,0.6398470513436355,0.7773653048666045,0.6502106947937752,0.7019156771570313,0.8757468522780735,0.7333923763016378,0.8556514264915741,0.6511783929528329,0.7586762085928632,0.7493055175491186,0.7429885285790407,0.7804038887537766,0.6967882127708894,0.9128412557643896,0.6461655554413342,0.7179379391174927,0.737238032320943,0.6165489737378675,0.7422314757818771,0.6736213662123101,0.8129730767143124,0.7090900407487696,0.7492716712774171,0.7510283285592884,0.6834261775612027,0.6586047417158771,0.576328540578258,0.6135322391054108,0.5841531378324316,0.6179569990333964,0.606606367901469,0.7393068816309859,0.7597820029228665,0.6628436908162287,0.69347915240535,0.7011567929774648,0.6264701300425805,0.6252964884312312,0.7547439724741929,0.6910518410132623,0.7239705033842221,0.6719339236305645,0.865392382927672,0.6489659034885815,0.6502655910224507,0.6736575480312177,0.7511196197066503,0.8746770956577268,0.6357206653919273,0.6350980350853626,0.7766489274023134,0.6458395314670041,0.6741434472131658,0.757670781586127,0.7951801491381378,0.758061340334648,0.7989531312042787,0.7090491816169725,0.6664246554735624,0.6855882454680945,0.8499446439473538,0.5783089200472208,0.8036585837314274,0.5659952085628812,0.7628712378753175,0.6404624041693446,0.6035899399593484,0.6766241180925685,0.8347005845327149,0.6179013060274609,0.7353364041267739,0.6346470267831101,0.8723439263008912,0.7841247455207778,0.884855618358487,0.8485269367890479,0.6203677864413318,0.6948092540637826,0.6769696793115187,0.6410737166633246,0.8301517428137565,0.7450776072723716,0.7612878869117005,0.7130089812924034,0.6583174876277997,0.6705357572648133,0.6178751280721265,0.6789880375787437,0.8607039490726818,0.6248657106300816,0.7859147301589564,0.607687270425716,0.7231722281004453,0.6923368514653856,0.6861650190901818,0.7992350828678281,0.6535013125650417,0.6232933775038642,0.6731461185804493,0.6878887018171602,0.5988679660732641,0.8224958459991093,0.7833690331711595,0.7861434273345772,0.7481906248416618,0.7059331514212769,0.6376030925153643,0.8440685719975569,0.6144729165948357,0.7246994552349001,0.827485053088107,0.8015210041877904,0.7744216559061788,0.8150332648581108,0.5620041699579147,0.6981552814943408,0.7011928705915813,0.7536616226498949,0.85090407439441,0.8569590126462995,0.7325386932018424,0.8224322356376207,0.8842727115837652,0.770200822965996,0.6665368709342737,0.677499917063865,0.722509941728093,0.813568275118819,0.8269651247646157
0.8786945797822985,0.7666574147734042,0.8888278956104846,0.8542824377208229,0.7871081446310325,0.8954129273051614,0.7133787477814404,0.0,0.8857796774338373,0.7650843727840543,0.8828617144421818,0.8764272177998961,0.9375723776078574,0.6914033858993929,0.8926369470729805,0.9264921293659543,0.8046624799580697,0.8134588664918403,0.8422177187922776,0.8605798193548049,0.9064035713933388,0.8748171877723585,0.7047867928172057,0.7634504820577199,0.8538264781244396,0.8913936817161844,0.8705991044746542,0.8219750724686575,0.6638746720271916,0.8417637152983942,0.9519368121334872,0.8800795701395963,0.8751732829598753,0.7967260181168853,0.7622581066377145,0.775221069076435,0.9611107364867367,0.8625458131420181,0.9231145418377416,0.7651815643550647,0.7723235174734773,0.7201785467344285,0.9118378321351929,0.8205508745248038,0.9550555733331482,0.8902716040640889,0.715472075536343,0.881718570375541,0.7853537904662787,0.8485611598416208,0.9105618380540544,0.8077634942217264,0.6317386597963502,0.8828354299751775,0.8345390999625776,0.726409707039944,0.8618293109924721,0.9564689601359253,0.6886808060044879,0.7908592576038386,0.9432919625692672,0.7342464244801724,0.8680057779788852,0.6286960131091524,0.7230741820408269,0.8223231801075035,0.9214055610721053,0.9093883192912104,0.8845380777552269,0.9574778738647635,0.9556391548662282,0.6869848843714167,0.7688452069066762,0.9512950334474882,0.899578794149418,0.7273253273658332,0.9194024706697035,0.7945733197123023,0.903845032235285,0.631325971136293,0.7280180734211554,0.955452419186491,0.8406549789030798,0.8558612361856827,0.7837345109091177,0.9051443284299592,0.9509634270971236,0.8986816821726532,0.8796181184049492,0.8374205702122142,0.8940332496722901,0.775015285189818,0.7928186591641881,0.7349529611685528,0.7627124139076266,0.8851983822804158,0.8625437782128998,0.755681727567446,0.5936132940703618,0.8435772049541723,0.7354650711063039,0.9063232706352083,0.8303477316612897,0.7767450626706437,0.8329050347812141,0.9129432148437531,0.8859936826718247,0.7529099353162458,0.787247127834678,0.7486946386176203,0.8247762159484788,0.786642609685521,0.8681203323968802,0.88498535905765,0.7899727343303591,0.8116649280963142,0.681183576329407,0.8115446600133902,0.7074815996096934,0.718565648630345,0.7541775183919525,0.9207900777920756,0.659895824535399,0.8816135815889385,0.626229266805579,0.8914970531191431,0.7156160691384984,0.924590402277774,0.7385475169407943,0.8732185432436005,0.7786206817825299,0.9432079382312141,0.8632499409614995,0.7749179273744355,0.9115671035163442,0.6562299257752736,0.8104924668042107,0.8019383946408696,0.8732205458124696,0.9688334035424443,0.8188308111186031,0.722625332154951,0.8084107589089148,0.8144162710731209,0.8560144226531876,0.8561253922411375,0.9239695266147695,0.8271713007013335,0.8100665687498638,0.602685159406607,0.9365964031113779,0.653302499638764,0.869580486696643,0.7681105764347146,0.8813394700850146,0.9529525800868678,0.835865272136612,0.8942046226348436,0.7039706759366982,0.7671712626770096,0.6354506667179163,0.6803158717761694,0.8899136322118097,0.8394035120706109
0.916928440731784,0.847985706618389,0.8348496607326154,0.7481451423972288,0.8476173866151405,0.8887859615817703,0.7873597376011979,0.8857796774338373,0.0,0.8000699586542278,0.7765961624584952,0.8743950346365026,0.8934654115625317,0.7077243779704115,0.8404158791959524,0.853751779887349,0.8023716368499512,0.8130850500795157,0.7838781184910327,0.8665141656691905,0.8293767204206632,0.8615841014362096,0.7827019537502679,0.8073532406756597,0.8649344048726468,0.7717806771031802,0.8884004014417012,0.8141376508619845,0.661993482827342,0.9515493624055262,0.9113917972617782,0.8328366069721979,0.805260078447008,0.796259422350181,0.7901910513260776,0.7088250498414166,0.893243465427459,0.7864584037143793,0.7760404637042504,0.7949937930340295,0.7281595421472117,0.879358544145593,0.7465740137029444,0.7472027501839802,0.8810753666449077,0.8464731482164398,0.8274011424332202,0.7417202913496873,0.8055095605451611,0.7669494809491657,0.7831644094218858,0.7981901792915425,0.6431625369140569,0.753949820926967,0.7004257212165048,0.8875520229130391,0.8013770240855691,0.8710086953196085,0.6754420873868129,0.7731434056191976,0.7804293566156786,0.6952415582104711,0.7251051020747638,0.6303614395505827,0.6747288462281102,0.7100909092352488,0.8516833052540211,0.8839240026656779,0.7784131524889842,0.8299834896057745,0.8747867817897967,0.6784734082765815,0.73096019972011,0.8375009678934504,0.8329813317397408,0.7534159579776246,0.7613908980438031,0.8341925570138128,0.7727822016102794,0.6564259550110213,0.7108984487391369,0.9077212050530777,0.9422874349678577,0.7630943344188723,0.7232837933558466,0.9314331918071104,0.8022989549652121,0.7897584986222334,0.870708588869023,0.938962800438922,0.8551496958079801,0.8419474233070648,0.7289814467373313,0.713474167590161,0.744451775068327,0.887945411939347,0.7227825365158007,0.8261953818993357,0.6186342611719485,0.843636845899415,0.6948953467389983,0.7155692307845022,0.7018367746005848,0.7593474635937099,0.7478353823537046,0.8899662977594466,0.7377891437702992,0.8515472080760703,0.7931638143802974,0.8245778035528151,0.7663977743624982,0.7162601492412005,0.8096806226848423,0.824161794649815,0.7273250998000363,0.9131022205919386,0.7304560570393399,0.7401801693098341,0.6557406250642187,0.754607915912694,0.7560727733239958,0.7595028933100983,0.71496341562293,0.8819298566226348,0.6728126126633449,0.8022186773147534,0.7154189359750784,0.8701437513216009,0.7014484194547975,0.7860256799179294,0.9315018656383224,0.835357113763293,0.7615535586067709,0.784208872270459,0.7669710004472821,0.6335517269688374,0.8880532456869727,0.7923813990239182,0.8011262202467275,0.8540396736364987,0.7114137497107764,0.7205314280461803,0.890933221005768,0.7174542582986717,0.7842894679054754,0.9060125740526971,0.9691591965322549,0.8041541657703303,0.83183742609905,0.6164793267341685,0.8053533637282361,0.654636916382931,0.8184332153030361,0.862764221400964,0.8450471747860848,0.8660877111053172,0.8349113515698922,0.9269534120405364,0.6886988961067942,0.7095250584153898,0.6355179188624671,0.7407662685680831,0.9301677074683441,0.8731145232498191
0.8148318630865414,0.9118988796277073,0.911862424502345,0.7242831000269795,0.8557974330875077,0.8459403504791906,0.8661309590299858,0.7650843727840543,0.8000699586542278,0.0,0.7799018527523329,0.8919672833878914,0.8145864413831799,0.6636049874857068,0.843678744493131,0.8080229205037547,0.8172783221623928,0.7972318688290957,0.8580371952536456,0.8181726829376017,0.8703092107955783,0.8995234006050947,0.8337771712177667,0.8888016266229325,0.9347462201413482,0.6612292541662363,0.7965047162293714,0.8077145379495159,0.8195311339745072,0.8497549262599914,0.8208527097304745,0.8051549781419619,0.783278928680649,0.747879514750333,0.7528614526886902,0.6798810001931371,0.7970595169868266,0.7041981305557702,0.7469410878904679,0.8331545629335888,0.770442630951762,0.848703596730952,0.7120409063202962,0.7724463049442107,0.7875792076716435,0.77789669839465,0.8162418312503096,0.763697991665332,0.8808159829306597,0.7053536563394226,0.7325527891547187,0.7456732225453223,0.6637281349096001,0.7928124712032033,0.720814142035344,0.8071718886716225,0.741848257672084,0.7879099005002386,0.8310353879859833,0.7058981736903742,0.716344992470957,0.6058729906109322,0.6665291696273009,0.6280125428268001,0.6718257131054366,0.6605372958147442,0.7330195929507562,0.8012054714343484,0.7582300090267438,0.735259193135457,0.7381550306848218,0.6507150817388205,0.6352274612443439,0.7908147385706411,0.7770373214457553,0.7437125032116327,0.6861880032103514,0.8409271080576021,0.68517309258846,0.6427091330311222,0.7751939543688275,0.7500616448859352,0.8998859622042,0.6976478773869029,0.6429451249428295,0.8200770088851365,0.6766810737579297,0.7023680541728019,0.7874209393358953,0.7783256616273179,0.7391062689863827,0.7739459875043418,0.7648598319957047,0.6863383570990739,0.6854353445717486,0.8995122513425385,0.6481505371700197,0.8159788962397709,0.5655013072868211,0.7580725860426771,0.6586935972539549,0.6473795864644405,0.648164455310292,0.912943391885432,0.6539553644234418,0.7774906450778507,0.7079479125076759,0.905393816703427,0.8194050094392513,0.9254414881291356,0.8124001710729598,0.6188454734555994,0.7145392788702045,0.709941867025029,0.662375118384793,0.8070964857062017,0.7787851905233025,0.867519535090612,0.7729577781600172,0.6496097703595948,0.6781135560301499,0.6336140310951,0.6849478358449504,0.8534208916103236,0.6361986767242542,0.8618458742378667,0.6181860795402209,0.7481412635518377,0.7603113607071638,0.7542517289313606,0.8420414383860135,0.7459313997240057,0.6356229592739178,0.6573088804479105,0.780024077989182,0.6822611405896907,0.878512114079405,0.7676639273780285,0.8554409748512136,0.792869989814183,0.7502928160502579,0.686843074494007,0.8203711315476477,0.6764074902526179,0.7713893501240345,0.7900248680949018,0.8323993139648714,0.864161250606194,0.9599766418162164,0.5965255843232293,0.6947903742353486,0.763488468110992,0.8066618305518573,0.9039601969096787,0.8916431193078243,0.7660435870443654,0.81705225061871,0.8816032997916735,0.7110848166086383,0.6455265282127498,0.7658940847694656,0.7194058944598645,0.8769925423887586,0.770026324530803
0.8342570695371115,0.7475678720618569,0.8819594299507775,0.896628298352207,0.8271327270887737,0.8493810214251702,0.7403249349910874,0.8828617144421818,0.7765961624584952,0.7799018527523329,0.0,0.8588135420420268,0.8908818810712678,0.694237857994841,0.8325191549544312,0.9198418437734894,0.8420739858770997,0.794225514070614,0.8757563362037319,0.8276922925796028,0.9210158102177943,0.8820550069584615,0.7360317780747345,0.773316511270726,0.8628904585263931,0.8549030564039773,0.8571949840371915,0.8794662969427142,0.736342924610244,0.7852288473967185,0.856059057040459,0.8571023157205039,0.8382469340450351,0.7843200696735709,0.7740835215409344,0.7653589096316719,0.9177619908402894,0.8406387205401672,0.9098453812075872,0.7894214116240028,0.7615635898867739,0.710743242765685,0.8596107426663483,0.8686755754876981,0.8677885317249789,0.7830341923179884,0.6414552854251638,0.9509627390115205,0.8498306072700968,0.8030819701304514,0.8847308083967902,0.769394273386125,0.6127384428777772,0.9196428664302304,0.8882975468834073,0.6607911044367358,0.8385525861228916,0.9259679767985969,0.7492870916099449,0.7440690044647105,0.9083829779474669,0.6711687078886319,0.8261260125353315,0.6451226549777415,0.6810040610832735,0.7572711196545856,0.8783329835649083,0.8153591780148431,0.8931352836096282,0.9010164060203505,0.8409233890054493,0.6828585082068324,0.8109175050041607,0.9336925034731908,0.8722470034670916,0.6900612267619392,0.9172666605999201,0.8042332281367571,0.8054075524266473,0.6516976667765734,0.7118875263030569,0.8412885024313007,0.7642659265578241,0.8201206781050779,0.7846705991423145,0.813143553401965,0.8948181873579468,0.8426628147497421,0.7930450283670504,0.733195298691364,0.8879955512485375,0.7147651767342237,0.8258832480316233,0.7197852566058689,0.7985273906949892,0.8452994461915648,0.7778789182496596,0.7158361980930578,0.5881021575167524,0.7764418119805236,0.7420289795295302,0.8520024904981363,0.820325786315521,0.773470439606715,0.7830824287349362,0.7984025901079269,0.8299519738333291,0.7637236768940011,0.7337662143122093,0.7592366256272752,0.9083565175764885,0.7872976940886591,0.8576708754384422,0.8863032073567392,0.7457567680971674,0.7623389415309242,0.6729645887238704,0.8848386172499818,0.8145659410332363,0.6952888773876392,0.7560134804431446,0.8317776216340269,0.6765575432753262,0.8335495294326926,0.653734781262663,0.8878093459681519,0.6714577350040208,0.8270379184147384,0.7660034319222284,0.8119018054731846,0.7107434932634918,0.8863484030688047,0.8419778760821196,0.7631678040693067,0.9325087970521951,0.6495472175785171,0.7471209114111733,0.7882920920853689,0.8997068346565851,0.8885302819505111,0.8249178360701128,0.727676938609393,0.7621673211075022,0.827418048241381,0.8846460732828715,0.7919685219220906,0.8092433552092305,0.7625679492056996,0.8065112815696991,0.6099380100465713,0.9032189061053417,0.6778149187073196,0.9312332108264516,0.7032356588241675,0.8623332376167446,0.8682446985798599,0.866928288372989,0.8320636119458718,0.7756422679424547,0.799923283130973,0.6269563007495315,0.6917446667300147,0.79479912847691,0.8882269136958977
0.8491825049647542,0.8817921836366092,0.8898846492050997,0.8233010273887347,0.8946346837097482,0.9077237317055693,0.8657949557381428,0.8764272177998961,0.8743950346365026,0.8919672833878914,0.8588135420420268,0.0,0.8714034945857312,0.6981276091857718,0.8541706405737038,0.8934071567193378,0.8326655086538421,0.7543780187634705,0.88236274335472,0.8459352150368787,0.9071637427987475,0.8765329134171843,0.8513058899684613,0.85873829891159,0.9452839172556418,0.7988448321016167,0.8913372063293994,0.8449319983689858,0.7735555341916421,0.9058392734175433,0.9363382603482904,0.868997322579673,0.852729766373387,0.8791112824152555,0.811482380708059,0.7711183229477495,0.9034077071779304,0.7893580598461425,0.8736455339156635,0.8232667823372078,0.7921978952020912,0.838738687223655,0.7671010219866468,0.8528361417493254,0.90273331506966,0.8103869638186105,0.7891672680745883,0.8391122076356932,0.8918961777895632,0.7629016607721997,0.8105493700077688,0.7951395800147256,0.6122945160653356,0.8588711157759867,0.8100054074324207,0.8285543470383344,0.7859559730649172,0.923335662168657,0.7123757442859968,0.770640374377109,0.7968120912504056,0.6738143025879446,0.7156573329129409,0.6649641496526888,0.6281271587882938,0.6772254677375619,0.8452359924938643,0.8204776208865312,0.7705030626758639,0.8169245657925377,0.8097994775254984,0.6813222438555474,0.7201283431156035,0.8571930488980105,0.8202094099490282,0.7300290286045757,0.8005854115234272,0.9207697142698279,0.7653642344900238,0.6600729533876862,0.7059577128829627,0.8454309284151422,0.8974783156524413,0.7618908690025421,0.7384952284670152,0.8932114346686382,0.8022712176615763,0.7779286998605042,0.8469593972207579,0.8763832096915665,0.8532351472148991,0.864489861856252,0.7979088383983249,0.6960193541485479,0.7237258316924018,0.96220014100563,0.7134130923193337,0.8786482111957371,0.6204754216107964,0.8327910690109971,0.7314500750084022,0.7416560540063446,0.775764338469827,0.8797744188789198,0.735543412992971,0.8522145578292473,0.7678688805726327,0.8896971513183147,0.7984687605632823,0.8839236343908856,0.9195913037503582,0.7407284770191173,0.7978289914585142,0.8320931695844925,0.7148943606071446,0.8545717358913122,0.737293116862699,0.849906791363387,0.7745315426574957,0.7383692225584482,0.7467671654359732,0.7580724788095734,0.7243313837916353,0.8931182973703603,0.6537345704503646,0.9111117477638377,0.6936424015877732,0.8856233970233965,0.8018345928993964,0.7713430822356795,0.8596336048111736,0.8134222695878158,0.7441040775972082,0.7726743590010416,0.8393731797573334,0.6124548710329302,0.8751322470458299,0.8249767356236329,0.8776995380452991,0.8850760499123731,0.7498574419975403,0.7489298132679671,0.8665896859289886,0.7657777219486765,0.8755314313279173,0.9178919817643738,0.9260854206220555,0.8072727177314476,0.9184062503529533,0.6419856769761004,0.822581326545571,0.6879723666135283,0.8576129431070243,0.8650050956968752,0.9509058048258179,0.8405756042525713,0.827583580868467,0.9457812983855902,0.7370573543914385,0.7297544697524716,0.6369446004406628,0.7369741325273796,0.9275337314230965,0.8477351861696752
