0,1,2,3,4,5,6,7,8,9,10,11,12,13,14,15,16,17,18,19,20,21,22,23,24,25,26,27,28,29,30,31,32,33,34,35,36,37,38,39,40,41,42,43,44,45,46,47,48,49,50,51,52,53,54,55,56,57,58,59,60,61,62,63,64,65,66,67,68,69,70,71,72,73,74,75,76,77,78,79,80,81,82,83,84,85,86,87,88,89,90,91,92,93,94,95,96,97,98,99,100,101,102,103,104,105,106,107,108,109,110,111,112,113,114,115,116,117,118,119,120,121,122,123,124,125,126,127,128,129,130,131,132,133,134,135,136,137,138,139,140,141,142,143,144,145,146,147,148,149,150,151,152,153,154,155,156,157,158,159,160,161,162,163
0.0,0.618662825049183,0.5744906991548075,0.5702269153876975,0.5897201146102719,0.6460632956780413,0.5712176914795537,0.643279323770896,0.6675383360051472,0.5656880203990868,0.5970463850089909,0.5470883290555515,0.6858245179984258,0.6396313528311242,0.5851102393338654,0.6601315577960919,0.6921712520393973,0.7261916026773014,0.5998697531938655,0.7736331976360059,0.6635198581469035,0.6146182853071133,0.5837694314514328,0.5599308239166992,0.665415094839114,0.5629033512042059,0.5017772822241837,0.6653322244658175,0.5028766658498102,0.5820231555478194,0.6365570506113079,0.6677216030869649,0.5454762884365932,0.6030936496286783,0.7497154713239851,0.5986956992773265,0.678824733728239,0.665720505601548,0.5352672543321072,0.5460578055741107,0.5621832222082718,0.6375633898930239,0.6738655960946996,0.6416409576900541,0.6290567553311284,0.6367357306766237,0.624364303889542,0.5995106966027912,0.6631995682595622,0.6807327632217812,0.6787570125763809,0.7158283136436135,0.6043183556712483,0.5969081202144817,0.5789596208139204,0.6748313171933036,0.7351049675872492,0.5979324026201559,0.6201753343295697,0.655431246892593,0.6438304959545929,0.6182195333556378,0.700742085135829,0.5945203097283986,0.6599971584839542,0.6534906611928382,0.5884347784600361,0.6902996005919092,0.6075257456250079,0.6960525672399465,0.748207413505556,0.6866679633378718,0.6303880431314275,0.6643187326200459,0.6595678747138243,0.653701397155949,0.5958257139383856,0.5762798408849882,0.6110718411494239,0.5831813792783369,0.6316254676123112,0.6860037811385715,0.6466408476748788,0.6449097002494371,0.6497146405218881,0.6667639694905185,0.6427658747875449,0.6352119364631046,0.6873537957579573,0.573651735520159,0.6541184635020513,0.6210602427227782,0.6420494060000682,0.6829464178187132,0.6903023852074626,0.5881559491392999,0.5963958116568998,0.6270799680647035,0.6056600689401673,0.6366396199657622,0.6121202361880134,0.5991622658381277,0.5622070522650744,0.5549044387501268,0.7153426148314765,0.6776659099887545,0.620225449295293,0.6502740899026314,0.5856405844423306,0.6095041523692175,0.6023241318163352,0.6174372005359091,0.6869165807478727,0.5865160356455659,0.6562847236566609,0.6439477178043949,0.6827274003514323,0.5934056755984801,0.6041354601682415,0.639710179221565,0.6526917608389723,0.6047217286263739,0.6873529574128968,0.6720739159345127,0.6658892141193705,0.552070410232927,0.5974335330018532,0.5734300589138586,0.5972648333106623,0.6054597814035599,0.6262029225009363,0.6553764208981503,0.6213678738489722,0.6123298440314269,0.5972948170417621,0.6444473778470783,0.623473539395731,0.5722684504649487,0.5359531115089324,0.6024158889728334,0.5813023984077981,0.6511746445501412,0.6928971050699814,0.6017034530474127,0.6128939616533011,0.5654582236668673,0.6370032188329207,0.5697623683478018,0.6212016524225193,0.5215342011145506,0.6737169239509948,0.6118364168912908,0.6069804515152853,0.5192599657635208,0.6013123581505111,0.6678288414324799,0.5868913436925522,0.6297112664526842,0.5615085797739255,0.6810892933693792,0.5854293756762342,0.6969098413023022,0.5642988551886708,0.6634850600654738
0.618662825049183,0.0,0.6946569186162032,0.6321551717524995,0.5747960693403245,0.6319111730219201,0.5902239873417692,0.7425821034261486,0.5727663533325479,0.6973100088244532,0.6521093004431607,0.633235332272039,0.6791028388356924,0.606241556608291,0.6851433007142717,0.6823549319543408,0.6645214764673157,0.6318855673374215,0.6081460849472752,0.663584672539292,0.6582644723259711,0.7366005865194067,0.6096239063566771,0.6756776065555221,0.6771910214362574,0.5581861749840017,0.5510182364423221,0.6554721075483405,0.655690358146197,0.5428735459786809,0.651790255096454,0.5898080272034694,0.6643816601855842,0.5861344893081193,0.6486696201623118,0.6331187247513713,0.6510395109875227,0.6500555837419162,0.6278878006185179,0.6017967595127314,0.680935642257656,0.5613400585245603,0.598840584682929,0.6359041256562308,0.6959683107272754,0.6263541643597584,0.5585845857688828,0.625372871860003,0.6455047918000366,0.6003540852671515,0.609226418877536,0.6260901829673962,0.5645961833482728,0.716715584302463,0.659040074324996,0.6038884431459814,0.6298101913141332,0.6029112179060881,0.5825559348034458,0.6566439970481577,0.725363558829107,0.5263300963950678,0.5909405705244599,0.5661560097952385,0.5474564246209707,0.5580496581112303,0.5865032234345486,0.6040387558691351,0.557900576510832,0.6790032202772771,0.6203902309040826,0.6231368115616369,0.5118552835885284,0.6544712838919022,0.6457200014435591,0.5596299900527654,0.5936947177175361,0.6315738044392005,0.6097389761569885,0.5304537330244938,0.5929843600576847,0.5893178963037954,0.7172393117489985,0.6711799068557516,0.5519055174148364,0.7294639901420361,0.5672252471001021,0.5321479141164714,0.6361619784509592,0.6116410182028335,0.5707492853687007,0.5709258172921459,0.6728235904084154,0.5885070907295717,0.5980119970407752,0.6953951384369977,0.5760938062887432,0.6021983042747857,0.5136928127983684,0.6074950135240867,0.6463383793862632,0.5878164827113049,0.5044275279455128,0.6481922427165843,0.5839885437659564,0.6465680118949068,0.6078249500793526,0.6846053300764244,0.6315194735939724,0.6758361902688412,0.5924298178637849,0.544832080950955,0.5642855221171946,0.5692139078370272,0.6169298837976698,0.6583890259514896,0.5928058547843215,0.6103869233822077,0.6060262507123442,0.5722433165539239,0.6128281139256105,0.5839823705426477,0.5668705595435314,0.6865418030984873,0.5515335736815347,0.7276884016101604,0.5132802700436818,0.6713465281098011,0.7107821512347311,0.6386585609574468,0.5878243710875334,0.6012008200100479,0.5925546393830543,0.5710115113798226,0.662244718470963,0.5859208246304153,0.6582848829582008,0.6181573676537551,0.6462898687731979,0.6202463718644289,0.6496436877976662,0.5923022906081892,0.6310663358791724,0.568050564323561,0.636751912971272,0.49138403006153836,0.6560810709746843,0.6516721692820974,0.6825081332292223,0.5267478748687255,0.5994370294004929,0.6153587796440302,0.6271553964518519,0.59039706541715,0.6647708592412728,0.6749533711025171,0.649596128021395,0.6979612504142293,0.6024786029642583,0.5569532697359786,0.6143772276577049,0.5801890499761522,0.5442247416523742,0.6054106076621707
0.5744906991548075,0.6946569186162032,0.0,0.5850917908978904,0.5970464637605172,0.6007028053952427,0.5796565506586125,0.6451609756654338,0.5268766477220491,0.7382435893921235,0.659830761175636,0.599524324630926,0.6578054597571246,0.5982395696772382,0.5846947456528202,0.7135335433165385,0.6806670742257338,0.5957204127493732,0.558723478624771,0.6005724503169588,0.6364828281201731,0.7494851742815002,0.5914390290496596,0.5869081167402206,0.6410396073420598,0.5436345435097667,0.5437454134338706,0.6228338702168046,0.6495520016795764,0.5305159543678986,0.5646634624720706,0.6131292989258311,0.5719672670207222,0.5572788310282832,0.5945102177353982,0.6343930796644026,0.6073528057401629,0.5978668376956965,0.56187049141455,0.5702888977584831,0.5798872715796671,0.5731047347652551,0.5860527804120946,0.587326924883843,0.6404945960603019,0.5622924192511276,0.560048282297627,0.6146969678351021,0.6298602278693297,0.5960275989438916,0.593319597228592,0.5799720989125908,0.5183716141356037,0.6684737146790666,0.6655441346205215,0.5565125877746306,0.5735014343384279,0.6043502752728366,0.5971751427441577,0.6058172773662518,0.6387288029167517,0.5184271349822397,0.5694048403219178,0.5940075405381515,0.5139138262621079,0.5198888770543819,0.5549403267603241,0.5876129439631843,0.6155261253531104,0.6239109996055067,0.5731656376087281,0.5684743487438213,0.5234634798313857,0.6593460848074777,0.6159766901126293,0.5030177668381678,0.6132041840293263,0.62053870314528,0.5258081568346128,0.4815129974333086,0.5411429822323538,0.5473265420672618,0.609151155070049,0.586318081228591,0.5318999937835879,0.6059199863520289,0.539866052775767,0.5357407322804131,0.5711424862109148,0.5258138702967865,0.5810281407081005,0.5391554011786864,0.6595362460971211,0.5218068827516376,0.5726584695697762,0.6205611337231558,0.5272899488854828,0.5697267775985253,0.5047860322740353,0.5718623305527181,0.5609873973197996,0.5923982586564659,0.5000356258927406,0.5983707847516693,0.5585198529258454,0.6048122725690287,0.5932296913061049,0.6464814885157825,0.5817918426711779,0.6233953555345707,0.5828159386140476,0.5307050360216746,0.5523846572923903,0.5479940689715191,0.5458137806128344,0.5913596845150078,0.538665911675613,0.6528282628236628,0.6566386201540423,0.5485916835132454,0.5736276829004903,0.538415265336102,0.5369470042181467,0.5886097676820481,0.5032548140968788,0.6279561123570745,0.5253064072656302,0.6274611497923374,0.7005460695794317,0.5830102607139837,0.5602757698719036,0.597079000281317,0.5248441562393018,0.5151372563201665,0.5995245403754963,0.5264018031290519,0.55750791660908,0.5605826925221197,0.616682603005765,0.5521836481967125,0.5559512849959207,0.6105398358465247,0.5899569048061651,0.5766583378359882,0.5909397202873294,0.5046292827329253,0.5870403484192542,0.5698162045987751,0.6733873586573548,0.5313272259123191,0.5321132031852678,0.5434014802413498,0.6245636014422872,0.6173407216240224,0.5963687098604414,0.5802905507637808,0.5677484052378371,0.6174900429186089,0.5309565144490278,0.5502950958411028,0.5606522770531178,0.5197448537374953,0.5020681265068391,0.5530287525099951
0.5702269153876975,0.6321551717524995,0.5850917908978904,0.0,0.5971864000576386,0.5310726033030478,0.6746885096798764,0.6232920954127057,0.5237337268797331,0.5711625734734187,0.6268706986832343,0.5661645628459934,0.6156738938492062,0.6340609922526572,0.6441622686673536,0.5990843314079332,0.6236516115664124,0.599793562873339,0.5328484983102295,0.5632547371025901,0.6198862846070738,0.6295731458250129,0.689395283307205,0.652234171165861,0.5902704227634942,0.6690151613008224,0.6010948817322875,0.6299492409594301,0.55654773684855,0.49123109490998823,0.5707317035289351,0.5359934902798029,0.6986906651862348,0.6147059444458723,0.6301386918047832,0.6504564484605168,0.6186811586423084,0.6101382224325861,0.5790711527198424,0.6855707410616666,0.6594125473849807,0.5428250709607143,0.5595578642362058,0.6199717838676171,0.6765317264792969,0.5911109837725832,0.5212001322295227,0.5725267843364888,0.6671699535382443,0.5827709766531447,0.6285863667805972,0.619518776837739,0.5129654368989722,0.7006633208521806,0.6435466776889462,0.5540815469958481,0.5897638760905318,0.5678652251706726,0.5921514515408641,0.644944715886807,0.6266093798529461,0.5169641583197011,0.5498451319219557,0.5756211810249825,0.519402347175931,0.5238572924179209,0.6557806974498724,0.5720927336824754,0.5494959938110476,0.6108794181519187,0.5945523090431067,0.6164185823207118,0.5424842294982394,0.6841117466872837,0.5560453488562704,0.5048308016985839,0.6510618245221659,0.6700448437351813,0.5754589627017935,0.49729889002516053,0.5165325449190127,0.5974972112770224,0.584195747558921,0.5820894135791632,0.5710517252710029,0.6341791899458769,0.5418846268549183,0.5455360911842878,0.5758106160281233,0.583584752828741,0.6232980286184034,0.5783261578885446,0.6176226279557111,0.537412727433753,0.650261422125935,0.5926190832722816,0.5136856627142365,0.581475313270186,0.5365602863934235,0.6446366458845398,0.6222840977839885,0.5706922423973844,0.5617909367459839,0.5675885035460463,0.5714236067146701,0.6117066676016956,0.5747866216724223,0.6183824188741038,0.6221895274041808,0.5875800284009756,0.6196460923342519,0.5907708823435549,0.5699204118296595,0.5672295587162294,0.5995035303170736,0.649112770227902,0.527069883926245,0.5402990466500684,0.6124351178590465,0.6129649007871663,0.6293473600173295,0.6152174181463212,0.5516898574023356,0.6302370220025739,0.525185949965053,0.5920753103310392,0.5472113103015918,0.6444304197426336,0.6378611854116841,0.6242439341979388,0.5115123654315281,0.5444040329406687,0.58122993693075,0.5790224695458339,0.5814748717473678,0.5144863089755665,0.5208834504278125,0.6816185536344626,0.6573116920619355,0.5711470928413143,0.5929904620555622,0.5540407072626397,0.6504919443100965,0.5759346076731523,0.617841644561507,0.5254119272278112,0.5863799714557106,0.5582090635292046,0.5534374808360097,0.49253772796804424,0.5923067683617204,0.5312828265418966,0.6100495408722864,0.5818266226535451,0.6156193793049034,0.6167015492034125,0.5958601068807156,0.6446716609925159,0.6829904175433026,0.5897558717397052,0.5584068134363809,0.5402779527821445,0.5407590643204584,0.616587345903831
0.5897201146102719,0.5747960693403245,0.5970464637605172,0.5971864000576386,0.0,0.5352891739518125,0.6239164084066903,0.5872998363521815,0.5822262762182004,0.551776270259784,0.6352944284606775,0.593046608205568,0.568251483508821,0.5881039864539359,0.5725933357339352,0.6511518241432086,0.64179353714683,0.5912121493956606,0.545532635931364,0.5779824621272918,0.6425464904531835,0.638025626443519,0.6602913067042339,0.5622467165875299,0.6006109091253006,0.5963163552724112,0.5563498042956999,0.583482047191418,0.5223250424154604,0.5877909428175427,0.5784672650294984,0.5712869892598527,0.5398987127377307,0.5832372799135688,0.6340350612711261,0.6529452757247606,0.6030580859949601,0.6339730444163785,0.5771184656491216,0.5558048013664716,0.5671158012498914,0.6257018392726302,0.6005991169878682,0.6158419283304746,0.5936845475604126,0.5429652351169851,0.5636913563484325,0.578141404321435,0.6641117429555414,0.6249097156238579,0.625745419636556,0.5915278983521306,0.4961179469521377,0.5998563263068338,0.6159405465982026,0.56934143441857,0.5968510425422339,0.650920052369548,0.5650314394034716,0.6024816064882133,0.5402923511271,0.5402047467348403,0.5565572304359493,0.6350287397639235,0.5283445788520684,0.5011281213536503,0.5569914146139678,0.5782053143284365,0.5888787662245821,0.6138494038262672,0.5977383013772956,0.5962449835404813,0.5598815902910207,0.6289896657652192,0.5606563925763567,0.48838994762917315,0.6277798250813855,0.6858619648555591,0.528479588637647,0.4927509272259494,0.5063412768308154,0.6146350077334936,0.5947715075987591,0.5325573121088288,0.5946937782553157,0.5984381613314157,0.5548413000521163,0.5701027097107273,0.5444383594761035,0.547167698956064,0.7381419460590078,0.5934746662237337,0.654592241652968,0.5111239788521081,0.6379655107691002,0.5767753076953028,0.5011418648639113,0.5779055770957656,0.6003356921499053,0.5505319211728825,0.5687109078571475,0.5838891870051331,0.565821527526999,0.5528190146936857,0.5890945841260656,0.5962498503053486,0.5564593319980781,0.6163660143142976,0.5505938351847436,0.5613216536471489,0.6144834386071752,0.6442271579327509,0.5443178510310673,0.6005432369245569,0.5389760560054578,0.5947605733039362,0.5198912419789775,0.614674480140171,0.5836347970290467,0.6234133564584887,0.7013012533068878,0.5914735267045723,0.5579791293299189,0.5922542293946582,0.5466301582720471,0.5369399915846114,0.5666482396209772,0.624390178137593,0.5877430670479822,0.5652939890256525,0.5587496055347525,0.5917877683758364,0.5398838468996487,0.5876078819232807,0.5615366569024585,0.5160897811576323,0.5264495617561314,0.5855187663526373,0.5642619689557458,0.5921024604985398,0.5011334504307176,0.6231269265955576,0.6329361341540622,0.6338951951390541,0.6183383514472438,0.5627602984115883,0.6467531777197316,0.5163732633243001,0.5791518147622081,0.5438437118699159,0.5793806609509333,0.5192157271455661,0.6606653691936976,0.5628294741495412,0.5963441026260978,0.5764055907749828,0.5236589553230844,0.5996695785558804,0.5318631422916638,0.5981772913612651,0.4968649651139339,0.5489008879476617,0.549832123403982,0.6445050891030307
0.6460632956780413,0.6319111730219201,0.6007028053952427,0.5310726033030478,0.5352891739518125,0.0,0.512010507348508,0.6657151312739409,0.6089175725313271,0.6036424710982427,0.5810935990840856,0.6180595387312697,0.6027756962927366,0.5291188452984019,0.5314953372151074,0.6632372308918717,0.6373367753091046,0.5681037544942085,0.6849171507973681,0.6737949842881735,0.679092782887917,0.5842074902399477,0.5180086204533324,0.5284332676321897,0.7076462009206677,0.503417893411085,0.45135316660265445,0.5978943259517828,0.5269794243226634,0.5790579915085652,0.6439320423509479,0.6662468023252338,0.5168813381860641,0.5840351396746892,0.6083760036280371,0.5726846008605886,0.6199899799490745,0.6113940027892205,0.5616083211113209,0.4814970653680055,0.5453185447131599,0.6196480356574359,0.6172160756191785,0.634885550648747,0.5756747618562809,0.5652009996548201,0.5673668021222561,0.6165059882693126,0.5731692448160631,0.5825241997035878,0.6003609413016259,0.6508982103982511,0.5526229118070706,0.6006823838443845,0.5785752767847043,0.6722864168773984,0.64061112381539,0.6423375821179166,0.5327256070174178,0.5683089272967223,0.6616911794525908,0.5654637313579385,0.6576191577798424,0.535628548878751,0.5733218687689953,0.5944444248636607,0.5231622242614018,0.594815026896233,0.5230762992522604,0.6665021601142458,0.6256097455424774,0.5641398170619694,0.550968122001131,0.5877159889711397,0.6695025677334149,0.597181396603642,0.5504422061947777,0.5500211324796291,0.577318421579234,0.6086279463360805,0.7020458648547314,0.6070075281910519,0.6466025000639062,0.6336480412460465,0.6012378308005326,0.6272679373469874,0.6625383231425438,0.5352412050100946,0.6293409133810253,0.5589259347854082,0.5585131065155855,0.5914151715404145,0.6002307306999919,0.6172732744121711,0.5808667693457945,0.634454907688115,0.6275615179145984,0.6571060675409741,0.5401736598307036,0.5532926585776319,0.5688917892857646,0.6087271723454949,0.5210200167440872,0.6112278562193983,0.6171164801559494,0.607001962148505,0.6199928876968627,0.6515822770228757,0.5243559859880054,0.6383269292279148,0.604804020876654,0.5513915207358139,0.6215293530579229,0.5731798113589578,0.5663233053997038,0.5673857934729896,0.6840926716586735,0.5886900086063821,0.6222181398660348,0.5707960100378741,0.5553646266598459,0.5825785570298818,0.6420877785361487,0.6403319904191206,0.6042413384415444,0.5932827023706123,0.5349926109464759,0.5564690332685731,0.6375667281903633,0.5233232063489467,0.639765267564257,0.7060634423203611,0.5715064617806248,0.5840054142521477,0.6170683472484566,0.5819295571031482,0.6323927255016317,0.49513293630791316,0.49156959238325487,0.6004219156309822,0.5588862863895369,0.6444160588048966,0.6025688218847134,0.5846545405155857,0.6076923628525824,0.5014492344223656,0.6341373409614051,0.5803751065192471,0.6881063877499303,0.5603886491617137,0.6241907764958279,0.6308625159692951,0.5607643335500303,0.4853461497963235,0.6568415952357954,0.6245974067239376,0.5398118793308001,0.6484332684408045,0.4952096478655499,0.5879304759157219,0.555366596773527,0.6582779308468472,0.567605414331311,0.5847333047196679
0.5712176914795537,0.5902239873417692,0.5796565506586125,0.6746885096798764,0.6239164084066903,0.512010507348508,0.0,0.5737897648056298,0.5080583531698281,0.5837246099365344,0.578245407541469,0.5524241952413798,0.6148780506887503,0.6329497831257919,0.6375287588807493,0.5834491654450977,0.5869243031882244,0.5849516874863651,0.5009636025018326,0.5495982835587571,0.6012876650962746,0.6036157154502334,0.7134098058083078,0.6277169265253801,0.5957038530527898,0.7012814413431795,0.5635141282896752,0.5617090119851778,0.5276933644693332,0.48282627631853275,0.571741746181325,0.5683883315184406,0.6070069889802859,0.6476284105324716,0.6245963589938066,0.6548733680104889,0.6486903210263919,0.5574015574596903,0.5476967364161277,0.6641034700573257,0.5731831595031616,0.547035897856692,0.589674497335312,0.6229126152055873,0.7086315488230244,0.5904127156666391,0.5821006352157218,0.5860982646912001,0.7461771725207167,0.5962684887902432,0.6538379179714252,0.5870632832899589,0.4867211642327977,0.6466130438321928,0.6517088077725803,0.564850793640874,0.5615146515606604,0.5363442264226899,0.6547880990333793,0.6279885007280246,0.568928532021872,0.5340400518273546,0.5258167388891967,0.6066367621306709,0.527677029126826,0.5225490591775013,0.6864309353631952,0.6384470265507239,0.5660746046966134,0.5636537258927566,0.6112832198608548,0.6167804362489147,0.5520833004338341,0.6973508854886559,0.5060208401415975,0.5118087984251917,0.7071891513818561,0.704679359700646,0.5322777457807667,0.47742329501260106,0.49262436264418985,0.5937876362216733,0.5680298606270906,0.5202114076488483,0.5577328573022482,0.5713204200413889,0.5319191004530892,0.6041305029650188,0.5679326362459431,0.5633206782482688,0.6268617883045298,0.6156404081402503,0.6100678234696955,0.5172333537125957,0.6265974823554277,0.593617552406481,0.4912420320952812,0.5890022685902087,0.5532676841199154,0.6731993198384243,0.5999686194212567,0.5948210403095213,0.6039983943832599,0.5541423941404554,0.559465550773864,0.6191804410658064,0.5699601963590538,0.5770481168237361,0.6340317169106466,0.60132315219466,0.6468815698472,0.5917607611546971,0.5805863702226702,0.5229593663179143,0.5563590762549121,0.5775089903169925,0.5100102105269347,0.5829771276639444,0.6105099751564771,0.5747264765545715,0.6130542558416522,0.565097431815367,0.5458733791411701,0.6129894400578957,0.5092704767752455,0.5640966689608793,0.5736451575638688,0.6792527292698634,0.6081576734010193,0.6269716687493031,0.49308134105494567,0.5189323706484089,0.5271507785710099,0.5230908612263481,0.5624241377796049,0.5124020566440559,0.5125506133069175,0.6829007491314425,0.6243462897765883,0.5472615306057835,0.543474745401741,0.567298117910669,0.6518372699079744,0.5691910354934975,0.610174470505848,0.619177309693673,0.5691811645086593,0.5296312618313916,0.557303289017979,0.46029593860282775,0.5661372831476105,0.4963492347089544,0.5627139510355577,0.6747401371662772,0.5792448976789535,0.6042188405310313,0.5494239354027451,0.6189974712883956,0.6074343405540947,0.6084706561179379,0.5428299300282392,0.5165901156113546,0.5183832489585256,0.566028902845085
0.643279323770896,0.7425821034261486,0.6451609756654338,0.6232920954127057,0.5872998363521815,0.6657151312739409,0.5737897648056298,0.0,0.6420501847509449,0.6573353722503242,0.6268488855210788,0.6680049894325881,0.6470303187469465,0.5892349244111981,0.6309375703532982,0.7157130361643029,0.690708896925843,0.6386936548004933,0.664323180269712,0.6918852529628042,0.7101853481676164,0.6593978696437954,0.6239253735905451,0.6054381173133991,0.7218452618369261,0.5636491390794204,0.5428724581275174,0.6702581097157895,0.5763386046366098,0.6040062427674853,0.708765343716917,0.6234074096488664,0.6109373977329655,0.6264242790660927,0.6524648218803754,0.6520770616055487,0.6553350297667588,0.718007029070844,0.6418866430362836,0.5610158205682054,0.6587791547973105,0.6091943947979483,0.6414221766313126,0.6395102240749059,0.6842939460031096,0.6466709935855425,0.578090173849416,0.5998655228806299,0.6460938440755568,0.6293072508881707,0.6405828379683782,0.6597438430083604,0.5758838437061311,0.6690997371929444,0.6389821147624463,0.6640775209904523,0.6858587865759759,0.680364198359207,0.5712476718266273,0.6743416176541659,0.708415199496759,0.5730852388980527,0.6312868576779235,0.5827944902758846,0.5743640047975122,0.5865866310279809,0.5810971741460259,0.6073231717733423,0.5643055771367157,0.7779337979283425,0.6515648629869242,0.6389542759721385,0.538741913730091,0.6570184611747534,0.697443719476621,0.5832387753573579,0.6071637673683143,0.6348932807810168,0.6643062907912084,0.5626455458997879,0.6304720090911203,0.6487948051774163,0.7439759258816985,0.6929702450634685,0.619323925799052,0.7926840562277594,0.6293776730680707,0.5614697373168862,0.6995916137618859,0.6430782342514968,0.6118854537321795,0.6219617303419871,0.6773206222098325,0.6103836193758391,0.6375608714265409,0.682106050851626,0.6179772507523148,0.6650720815960687,0.5567478053971227,0.6129204183827398,0.6419304831027242,0.6502162540851454,0.5448821050392024,0.6725666673331492,0.6435238005651015,0.6939113342226689,0.6578990655172426,0.7411846602953454,0.609505825459881,0.640236376342412,0.6112971036220352,0.5982137519294615,0.5845298479076111,0.6483194297188815,0.6313697955337134,0.6642331255944326,0.6458653638493859,0.6139818174482939,0.5981589788634094,0.6312596497710334,0.632936892738823,0.680953401263046,0.599303275839734,0.7137205010707326,0.5840518971738298,0.6656513809578676,0.5517103960213562,0.6720632996005895,0.6950637631020161,0.6138941138959276,0.6625468125041851,0.6755288369885893,0.6293272760718643,0.6210890761130844,0.6466939994138786,0.5807348895298308,0.6635660046615428,0.5828983748657084,0.5929655237078736,0.708430488860884,0.6086421197252679,0.6327909484272595,0.678241154607461,0.6202976629549098,0.6636962430533095,0.513864597719718,0.7152755067099896,0.6635616639358188,0.7084142431708652,0.5749285342686049,0.6557397018518593,0.6487112605139627,0.6439220241760798,0.5605724287267703,0.7445247137064724,0.7056844769581778,0.5943356754597713,0.7344922007660026,0.5584981732058725,0.596422587230961,0.6015278655177777,0.6336332916054143,0.6228955688841149,0.6329334378017213
0.6675383360051472,0.5727663533325479,0.5268766477220491,0.5237337268797331,0.5822262762182004,0.6089175725313271,0.5080583531698281,0.6420501847509449,0.0,0.5227168746651707,0.565189367751028,0.5789790800736665,0.5525533592258668,0.539593651731055,0.5240847240436056,0.6148501914493311,0.6122676489844824,0.5950013778014006,0.6203958014202835,0.6701785313321463,0.6221639765037522,0.5673277705525825,0.5537198637342218,0.5064580886942165,0.6300978216563667,0.5022917212482616,0.4892771230270205,0.6005531555482536,0.4720528279947017,0.6935701789689154,0.6401941853875069,0.579792802229511,0.49354938877441756,0.5621500649193473,0.6392127364898134,0.5605788598494277,0.5866845931823769,0.6713304334943069,0.5504436484527188,0.47816930520806833,0.5299608849844939,0.680238465297836,0.5851571193448647,0.5760586292333426,0.5504728578662735,0.5449667085948624,0.5409820215758225,0.5327749198864419,0.574236915602487,0.5913616694015336,0.5759825046283857,0.6005913444827324,0.5365452239133107,0.5345762049093157,0.526184185686379,0.6746262172174038,0.6524806504478636,0.6591986334747244,0.5118369268794066,0.5727559264161852,0.5610132553820526,0.557498884981044,0.5933383542582099,0.557355621511252,0.56781975860665,0.5430934324408405,0.5160766062381389,0.5577827738867938,0.5331632195602365,0.6950451552999255,0.6145995159719458,0.5867342572725894,0.5640769389054885,0.5578943823054708,0.6404286364882144,0.5516115257842557,0.5301011631846844,0.5452931949938109,0.5700159312563007,0.5554891895937314,0.5762425048147951,0.6623019891522771,0.6356717507723072,0.5842803660850203,0.6334473335241783,0.6567459855234872,0.6432617778346666,0.5457396385977775,0.6006550441973849,0.5948061073351949,0.6189307049750223,0.6052718307510878,0.5804778202687464,0.5748414841952301,0.6187791325250583,0.5682387030059348,0.5664714520440791,0.6136039958873599,0.6057727666220916,0.5277558910902695,0.5620335150964959,0.5642364393466659,0.5289352411139107,0.5507636383962353,0.6388700503924744,0.5859039372671866,0.5539321822990478,0.6503734930039856,0.5029668703130542,0.5502119755440233,0.556896438803246,0.6134002484704184,0.5655238503302092,0.6624519532361929,0.5531085631134256,0.5949224795885538,0.6145850749150447,0.5559918512716393,0.5238121908298197,0.6550606266041143,0.615952758287973,0.6199844295753871,0.6188383566070377,0.5986063257239121,0.6588244747934355,0.5128139982436948,0.5457889335166448,0.5451561914978951,0.5449486550668312,0.5201890319022966,0.7446017240095064,0.6604291424581601,0.6020517117257516,0.6809721054750552,0.5644839935114734,0.5492323192612996,0.5916244637332316,0.5049093796458637,0.490620600667894,0.6377616769652278,0.5054689955459062,0.6218197825350424,0.6292616352456892,0.6113570143233933,0.5896155624116262,0.5141668487489311,0.6930526604523405,0.5283349388085053,0.598820055509618,0.5829071442675376,0.6538344610576762,0.5849750330080675,0.6097789555449413,0.47272864707208867,0.6111598781136386,0.6147096717292846,0.5225692079905541,0.5922846798133845,0.49314574230939595,0.58008162622788,0.4990806061101855,0.6859506489399928,0.6140430208581288,0.6680190049041187
0.5656880203990868,0.6973100088244532,0.7382435893921235,0.5711625734734187,0.551776270259784,0.6036424710982427,0.5837246099365344,0.6573353722503242,0.5227168746651707,0.0,0.6089681528129087,0.6093603965021251,0.6415244197871338,0.5831588853746101,0.5875732737516306,0.6713448274901692,0.6268214757247943,0.5813324508288814,0.5618235682457347,0.5922570120870645,0.6112416837993055,0.6550546048482461,0.5930248194949961,0.5687602542123794,0.6845822128048468,0.5334468155925546,0.5299510418576988,0.5970911579550277,0.6691622501363705,0.5231778906718483,0.5968536985547415,0.6261779296742788,0.5722824079755838,0.574521422522715,0.5909326820943935,0.6276445909195806,0.620831215001742,0.588152036745772,0.5630275046795441,0.5514205295677032,0.5740402200976475,0.5519008525050748,0.595170414925846,0.5923962889935739,0.6540115953340302,0.5709350663173309,0.566778245031421,0.6125244939803994,0.6364540201501073,0.5733725997945371,0.5834410057182157,0.5609971304506544,0.5124129977668375,0.6422623835645747,0.678174125270632,0.5731234714968384,0.5604397884465417,0.5842634560947059,0.596653650204781,0.5941341781096963,0.6348634544930708,0.5228165478885668,0.5528101474686132,0.5826742139578583,0.5123365017304599,0.5248288152030776,0.5554251979247218,0.5943363309768388,0.5891768896943267,0.6255284245760385,0.5671554153665778,0.5792412870063977,0.5082480323635779,0.6272953863948699,0.5904601942606892,0.5321213033776541,0.5939622538861958,0.6158714005277434,0.538536739304825,0.49132480581762794,0.5542100093371486,0.5390650629684168,0.6179830752027815,0.5924879986575028,0.5288990089643882,0.5995171687116467,0.5508838918229425,0.5453594964282354,0.6036733387908741,0.5346392783309507,0.5528349647685231,0.5589955175571834,0.6459263889417279,0.5240509489670078,0.5580553891105104,0.6745707122533924,0.528810209438579,0.5958731233572837,0.5045257421555669,0.5796687087912131,0.5840925106500039,0.6084213789265382,0.5129587524738818,0.6653240928755043,0.5558191661495718,0.6010098236063663,0.5947158511080511,0.6469880933939068,0.5875068656240416,0.6264248682666466,0.5795062148126146,0.5233469151066275,0.5518953505596174,0.5468383272285908,0.5465049414746863,0.5598669892596985,0.5592387581892195,0.672904068540558,0.6322221525583954,0.5465234608478483,0.5461012066510273,0.5510570537820711,0.5329379524438255,0.5995002374899592,0.506441943813727,0.6783449972855154,0.5136804719528644,0.6272168012253263,0.7234546794784223,0.5886289872728585,0.5637809593645168,0.5702107805458811,0.528950888233215,0.5036269952701001,0.5947952074727542,0.5305711125874712,0.5798876700019917,0.5567926087570747,0.606206703766203,0.5685208430338031,0.5866457259077507,0.6071606114196179,0.5826954667430339,0.5651288399432207,0.6028966258066535,0.5099014581159647,0.5710450056658526,0.5966190271204528,0.7301739434922094,0.519658639318047,0.5386224989374627,0.5682714241803679,0.5675155243884217,0.6108396471088273,0.6205646832787057,0.5955361689404836,0.5514246810525724,0.6284239201445065,0.5338230651092202,0.5507850104971874,0.5914387548622815,0.5332916795348696,0.5190446901275615,0.5283684541710003
0.5970463850089909,0.6521093004431607,0.659830761175636,0.6268706986832343,0.6352944284606775,0.5810935990840856,0.578245407541469,0.6268488855210788,0.565189367751028,0.6089681528129087,0.0,0.6084704970463192,0.6360783687828574,0.6162514479919866,0.5678317130996657,0.7151958259160351,0.6733686373023026,0.5887432164170465,0.5613675052105584,0.6190543915045612,0.6331840513777485,0.7384372468986742,0.622315959596362,0.6080477509841472,0.6486789895321768,0.5757922895452334,0.5801951120382766,0.6749522843074308,0.6235139931746385,0.548456536305846,0.5744223611242276,0.5673755412457706,0.5620273074512493,0.576919046516011,0.6567556449176779,0.6184757277517015,0.6543100128851591,0.6552981326267799,0.5953452906131733,0.5733474848217387,0.5731579452637088,0.606615830465702,0.5562967471608077,0.6250046171373487,0.6150422533065789,0.5259517012640954,0.49879331038029917,0.660531992599131,0.6541004881934058,0.5676814805106283,0.5745854209808177,0.5732990800845484,0.48884115865970995,0.6447089660404671,0.6561040065958577,0.5660376362810238,0.585783533352482,0.6345891046221591,0.555225244062872,0.5796556513000487,0.6380945995328475,0.4924954723292713,0.547717091746303,0.6022498535288668,0.49738982595404213,0.4981982914198603,0.5858705697202835,0.5629521201930388,0.5799352409593347,0.6730258998915032,0.5725839776406938,0.5869744178057368,0.558499060279736,0.6302286136990068,0.6098903838491366,0.4912278194131801,0.6214861051596956,0.6456781170543101,0.5269855255906837,0.5154890937478519,0.5258448688569164,0.5620941843824482,0.6063051578135061,0.6054177313357486,0.558271456878551,0.6319643822245692,0.5939238733090427,0.5169722076733557,0.5441662337633404,0.5678832329419867,0.6133359307982197,0.536715506250836,0.629774829761013,0.522894156659932,0.609458561021825,0.6240825676946437,0.507329004875513,0.5668231737021833,0.5375353485078741,0.5455061188555019,0.620700440910824,0.570087480533761,0.5063463742429914,0.5627979942686387,0.5586624066733393,0.5686949913675244,0.5431719252114374,0.6959384020167307,0.5337542058526084,0.6336805653412948,0.6094954556072533,0.5723392427800064,0.5717403045785122,0.6164385700898504,0.5409428512170537,0.621044755048219,0.525808513426269,0.6196021162986279,0.6340088268699222,0.6110822893109867,0.6362726392523734,0.5621503913320223,0.5864357451327176,0.5928248141593869,0.566644698773303,0.5969106081154559,0.5111067356702854,0.6127250447099082,0.6524646166101278,0.5639068563702384,0.5674982989118225,0.5961554139115186,0.6164589403267119,0.6012013936770003,0.6407913073070368,0.5186476238988629,0.5529904491176729,0.5775181153545205,0.6264625383764949,0.5660431853235227,0.5475621052870333,0.6272756105085892,0.5901204515784755,0.592466551985907,0.6538434490185553,0.5016119583137033,0.6079505002925903,0.5267098221646116,0.6210364826455467,0.5676360848259839,0.5903411640506565,0.5345387061762419,0.6741224085400794,0.5348704530821788,0.6092247197319658,0.617105557671149,0.636964616935162,0.6228485874369605,0.5895932127650292,0.5746784587411269,0.512464333701055,0.5649684253650623,0.5255249306601122,0.6747533156726822
0.5470883290555515,0.633235332272039,0.599524324630926,0.5661645628459934,0.593046608205568,0.6180595387312697,0.5524241952413798,0.6680049894325881,0.5789790800736665,0.6093603965021251,0.6084704970463192,0.0,0.5362697412248645,0.5036645519726226,0.5557495591379841,0.6386458765742135,0.5871854933398739,0.5171768091521399,0.6616782947296204,0.5886397235127597,0.674819776506009,0.6001203118987521,0.5792890544460287,0.5664642320165103,0.6932075287774414,0.5248279362890821,0.488031786017353,0.5583259881893378,0.5586124438221352,0.5794569196514093,0.6781512614086863,0.5750193303554686,0.5339269954379905,0.6265910944047431,0.584653010830944,0.6270255107444113,0.5970653170252097,0.6054198968700308,0.706312901849639,0.494146664754957,0.5762135674136055,0.5993263235677925,0.5780429952564469,0.6406049171021785,0.5939000842288313,0.5277734936933971,0.5189003243092036,0.6099492593144134,0.5946021543121258,0.552640637229803,0.5724785548538339,0.5673198391613073,0.48018629562395204,0.6307147550034002,0.6346762795526204,0.6063715276142201,0.5787504440471561,0.6998939093910829,0.5071077022358791,0.5555981481372735,0.5871446047336493,0.5055843642600752,0.5366588732106804,0.5571533702572726,0.5055889578424053,0.49976753982860495,0.5268222550987034,0.5330863159964753,0.49411079247119727,0.6282352998275377,0.5611747586219811,0.5418340943069392,0.5036836040240007,0.5684418778982996,0.5714163470637561,0.49868523419002053,0.5711747423896859,0.6203141358280809,0.5485237831696487,0.5225229506461267,0.5464821992989208,0.5916458518646505,0.6304111481630408,0.5505761598784346,0.5740563241546098,0.6195222768809708,0.6053627344939129,0.5044683346484704,0.5548163131950083,0.6004811690418596,0.5635117537884784,0.6089307275463285,0.6062472148419865,0.5184204099079348,0.5597125944170327,0.6886582782601233,0.5509020758943282,0.6568991957592394,0.5383346315127377,0.5202429655350225,0.5825536142673945,0.624803697875908,0.5348297526736632,0.6831902418349242,0.5533260246694564,0.5681691014962484,0.5738897671376524,0.6542936040561612,0.5144683913570258,0.6333999216042555,0.6495049178842545,0.5751376590054431,0.528219223762823,0.6008461014106886,0.5106832888937373,0.5447167996942782,0.5509895507677298,0.6249093216933004,0.5819963706287072,0.5625368927953438,0.5757643187409947,0.5949007382506554,0.564423703080775,0.6112292814476633,0.5464958178786838,0.6221837122300581,0.5055480347206975,0.6376515711156653,0.6573184501918069,0.5146672856494846,0.585200596246784,0.6095359419345389,0.5436111191684324,0.5965744391398163,0.6482747379755192,0.507501097644855,0.5810412355253164,0.5186852988942002,0.5328752041632667,0.6534469900679986,0.5153078076705169,0.6097441015771544,0.5926095712633094,0.6113765601616002,0.6583620693728529,0.5028795215009251,0.6923687128513626,0.5472304137635601,0.6788699147025661,0.5804617290522522,0.6133660286853448,0.5560094819684045,0.5992948015874358,0.5186132169982028,0.7457961292435842,0.6130926716028565,0.5203047205982184,0.6525980503773985,0.49680991036839384,0.5377385123610448,0.4946686998954358,0.5701633230785107,0.591994560992458,0.5888820098220577
