0,1,2,3,4,5,6,7,8,9,10,11,12,13,14,15,16,17,18,19,20,21,22,23,24,25,26,27,28,29,30,31,32,33,34,35,36,37,38,39,40,41,42,43,44,45,46,47,48,49,50,51,52,53,54,55,56,57,58,59,60,61,62,63,64,65,66,67,68,69,70,71,72,73,74,75,76,77,78,79,80,81,82,83,84,85,86,87,88,89,90,91,92,93,94,95,96,97,98,99,100,101,102,103,104,105,106,107,108,109,110,111,112,113,114,115,116,117,118,119,120,121,122,123,124,125,126,127,128,129,130,131,132,133,134,135,136,137,138,139,140,141,142,143,144,145,146,147,148,149,150,151,152,153,154,155,156,157,158,159,160,161,162,163
0.0,0.5977673223346724,0.503640162785919,0.5464409939983788,0.45827314166382704,0.5501210669159599,0.5601488683583354,0.5632910970642823,0.5815734233021288,0.5186687015198462,0.5450395779776545,0.5150920851164579,0.6335599472155066,0.5744321963750395,0.6076871951363285,0.5521752284199596,0.5896926827701612,0.7544682434204097,0.5931712321757211,0.7032648535191924,0.5967900937751849,0.587097513697661,0.5751509363829914,0.5525760971792459,0.624777470969064,0.5073657028644392,0.5215271932700845,0.5652684074743441,0.4839145143971774,0.5225012617464826,0.6145245148675822,0.6115597707072298,0.5824247667267115,0.539854140099464,0.645501607536334,0.5679139952855876,0.6470995901867315,0.6088789521148298,0.5040689995759756,0.595701535661807,0.5691022698099506,0.561400118230864,0.6271148155198488,0.5641748480327792,0.6234972940438267,0.6547824637466291,0.5384858416550878,0.5182455806341908,0.6493337892497406,0.6543957559665128,0.6267333445328922,0.6007073946362507,0.5393479867007825,0.5701284929171999,0.5298052988584695,0.5534930234083405,0.6872287837331573,0.5456541259947822,0.5597720651386081,0.6826906732744487,0.5513508783652857,0.5548500054195407,0.5697210031704713,0.5158973205502062,0.6025859604453184,0.5823996418335442,0.5548392126724309,0.593696253120714,0.5819592713956274,0.6152260361092816,0.676543367632818,0.5991297393180245,0.5239381582540152,0.614775758001175,0.5833981868223429,0.6112062828019533,0.5141542051397407,0.49956120959983114,0.5731086941175184,0.46825663504829357,0.5280930103171684,0.6670913517960919,0.5387386985944789,0.5489514788031409,0.5711941877957062,0.6384108253447743,0.5682182101464732,0.5892715538508309,0.609042800359719,0.5052683290869876,0.6180727000641137,0.6054854327447204,0.5987081581769673,0.6145170043306126,0.5788150448214525,0.5549543577727195,0.5266007908610956,0.5678855931725669,0.5279968191730553,0.592493656747292,0.5513894970801959,0.5330119762867299,0.5246005536166856,0.54259863410036,0.6217670430296522,0.5995054535043705,0.5532640353791888,0.5525294981704371,0.6285312647254379,0.5645146043885374,0.5590549544569408,0.5622049868232424,0.5800803190737622,0.5081445296007496,0.6057900713731451,0.5878801255139083,0.602914383822239,0.5667874009183652,0.5002293711494887,0.5445546788054771,0.5608971430059908,0.5338122397462972,0.6080106650106544,0.6152888607703777,0.5525132004454573,0.5403470142490334,0.5270265443036016,0.5368384471654982,0.5376727016776931,0.6291277114157096,0.5306225674560365,0.5429815198966673,0.5324170038106427,0.545596519712662,0.5663531606781815,0.5339364384797123,0.5544426032551272,0.6186955291760242,0.5601972854784195,0.6166573023673134,0.535930045514464,0.5796533866372007,0.6591441126390012,0.528068413167089,0.5681067367026953,0.5389911298505451,0.5603132254477252,0.5218319974590682,0.5874749613359599,0.4541396755415336,0.6168791805345862,0.541217401975505,0.6147958076580474,0.5015235064128915,0.5731204249369636,0.6438938788087816,0.5982720141001316,0.5270661945133456,0.5481347943950571,0.5457466617695368,0.5236081355200617,0.6250336092629163,0.5103979855219324,0.6044975359756589
0.5977673223346724,0.0,0.560619812107183,0.549455388790295,0.4364611362262446,0.6051582178692485,0.5469595177997927,0.6185750532648197,0.568407744815754,0.6534108509387003,0.5458662618598451,0.5931996231801809,0.6056127139278923,0.5287541970178082,0.6010080111749557,0.5502147159634169,0.5544229283497095,0.5836695741039315,0.5937065006310785,0.5907348399315263,0.5731292073140419,0.6463503546071212,0.5537749849654108,0.5720697289840444,0.6693169311728215,0.4643242080409326,0.5466197744206324,0.5386105822260512,0.5828934789787255,0.5269486694223413,0.6220348173848241,0.5639410394695519,0.631367927971332,0.5083096395158475,0.54981876232163,0.544512091604715,0.6066513382302134,0.5673606847943712,0.5328482083108494,0.5734986555021853,0.5878640121482408,0.5688960708625973,0.5167750574043863,0.5270857437569322,0.607481930343304,0.5758796165834088,0.4985497606673713,0.5009101725291545,0.5765845330567181,0.5288370611244,0.5341582943199468,0.5287345644441593,0.49754842570084223,0.5910752862156862,0.5283206565473632,0.5994759033953041,0.5609719705768845,0.5592037366708367,0.5030026596301258,0.5972997209361833,0.5735680286064797,0.4864406705884637,0.4914675805584659,0.47614644819103485,0.4931506118959715,0.4945747732893704,0.5344452402950473,0.5430968206716625,0.5072322967971501,0.6098113113145706,0.5625122798840374,0.5175864109870735,0.45728473309890677,0.5653036210722022,0.5855606106309164,0.5339471412632885,0.48920208480013927,0.5160884804572172,0.5183249011748727,0.4560821121771962,0.5283011312609499,0.5722747565010059,0.6050153787960224,0.5436799022389616,0.4996099845247618,0.6681875462677122,0.5353549973028451,0.4856088435742959,0.5801574012914217,0.5664780401159919,0.5236489049334723,0.5804374905360136,0.558713873666286,0.5229289502092236,0.5189325990392792,0.6807766827162856,0.5063934801695272,0.5795115610802143,0.4675599565389271,0.5466865540455678,0.5381649398571208,0.5061825150685598,0.4622794590841217,0.6313521966746839,0.5175347826481723,0.5500848185485344,0.5212201288799863,0.5931201135444109,0.5921085171398901,0.6266650224777357,0.5328054016004207,0.4861902943373514,0.5206654805204212,0.516184570422383,0.5174172817899445,0.5859179537809739,0.5564935337966304,0.5467085781200856,0.49110695296988055,0.5262262607140219,0.4964810780027081,0.5137528148316972,0.5275877579886739,0.6068911706400331,0.49654054215841337,0.6390659571742867,0.47310367558947836,0.5715733152188198,0.5697285267467013,0.5667051018261701,0.5910658364939558,0.5324172235958547,0.5092460521363936,0.5237559860224805,0.5703183529317203,0.47733028698115454,0.5652592520849374,0.5532453381837458,0.5691648920588589,0.6081236500990004,0.5426324563128113,0.5567989760407264,0.610831154572062,0.5069465442724457,0.5652693648414386,0.4645536738259586,0.5830154477559923,0.5786125172257257,0.6586867167502528,0.4720531915569508,0.5335225886898514,0.54831379849302,0.5759668384306947,0.5486216940451785,0.6326271704972362,0.6381750787388772,0.6185696807663591,0.5746876363340073,0.5255945150155402,0.47741193721039094,0.5308179534933692,0.5612646068879498,0.5196327163181678,0.5439897138400843
0.503640162785919,0.560619812107183,0.0,0.49211177570004266,0.49447627027325786,0.6198328152437541,0.5118266884206248,0.5149185287517386,0.4388973336438275,0.5761891544583256,0.5750367193420095,0.5515501631293126,0.6042787144057957,0.4626747907603202,0.4936112430526535,0.6682324545127469,0.5968081237282662,0.49625598997371484,0.4943527748188729,0.48114204762387447,0.608091716686185,0.6280515550321685,0.4852278423010917,0.5433290877771614,0.5490281395708594,0.5133309243554556,0.4652491769379605,0.4750407251257036,0.5603947417245225,0.5089078878237278,0.4672878907229503,0.5707653460101402,0.519687084843017,0.46439287776699406,0.4482068655827417,0.5036097964238244,0.5765086319084589,0.4970210965300122,0.4806517148031072,0.5430714391546997,0.5130419599936955,0.5457581658696428,0.5256191925622162,0.5191881543664406,0.5218611136213489,0.5132955890751946,0.5393507935768733,0.5583858376969381,0.5161288615411084,0.5021372037918697,0.534246838049761,0.547152532288087,0.4284315540360187,0.5650664836334884,0.519225402067461,0.502676750712905,0.5010324751539945,0.6045123301894654,0.4552369755987023,0.5106011364774377,0.512450259612157,0.47635695978044124,0.5146031052393282,0.4401614015970747,0.4339829783738038,0.4571481698469074,0.4754264848758791,0.5736423732065814,0.5062170048435494,0.5205901430550858,0.5315264499396777,0.4366087416807316,0.4356704822059787,0.5861022430724,0.5268525027987819,0.4377490949889386,0.5398602763280314,0.5874395416906621,0.45807295404776194,0.46347472899100445,0.5148022360160723,0.4773161917689293,0.5538338711012153,0.4888261406975998,0.4658529864226118,0.5222097293468131,0.4848502017170802,0.44186813123989793,0.4756967044210613,0.45475196910457916,0.5427609904600325,0.4630962262054912,0.5388881025517731,0.4492954677162385,0.46488124481366483,0.5608534246050432,0.4404049023424208,0.49422791962993523,0.41870425658492505,0.4815863016331226,0.44294304516198574,0.5147619467661598,0.43199906256387555,0.5044303938578166,0.45687639273942193,0.5773677761385057,0.5277022660094152,0.5254109665170762,0.5472260880109787,0.6132548672002301,0.5326648242843529,0.4531757352194234,0.4944318948047819,0.45293695398758893,0.46549975903898355,0.5493296045063659,0.46345626141515195,0.5284269527848526,0.5596166001699728,0.4556822129616865,0.48816650810079026,0.4645884679465263,0.4855039468362807,0.560085036029572,0.41155171302530424,0.5830284093016785,0.46481684955957364,0.585927833131852,0.5523323698328817,0.49658047319163573,0.4801542213763517,0.593657238837208,0.4380047551487806,0.43733701650111695,0.49333678106965495,0.4309015256044416,0.49586439061961357,0.4829781736119135,0.4958246640478889,0.49409757769239676,0.44348527111360514,0.5488529323617364,0.4937565311279667,0.4637905775193203,0.5291994965610158,0.4507640508389675,0.5265382664176393,0.5357778027386856,0.5598471624773447,0.461466108399333,0.4425592639914389,0.4468898407677806,0.5159389927878206,0.5817011698780546,0.5556969214920945,0.5067961811298286,0.5262280967215894,0.5999001423800427,0.427798382828877,0.4780660135629161,0.48013770832438896,0.44771064183562753,0.4429113304871681,0.4966264418802489
0.5464409939983788,0.549455388790295,0.49211177570004266,0.0,0.42466667851416273,0.5220046281029158,0.5556554946238292,0.55161649137508,0.4782417752957161,0.5225235853324423,0.5809145164097499,0.5037041278347231,0.5723581120203383,0.5951742596978213,0.5156246439302691,0.5280312740611585,0.5682416123367087,0.5580355520311224,0.5461863538962533,0.5251830955749957,0.5809988865000925,0.5343535634334957,0.5669546440555504,0.5031329086355458,0.5815752211178791,0.5498240651197916,0.5649292479019276,0.5729894938984263,0.5197259861638617,0.4381679749974213,0.5244703746204521,0.5508328246953772,0.6393284709311199,0.5525581194525582,0.5565943744146297,0.6192001629811237,0.5895598265186204,0.5990328833249099,0.5155096910825698,0.6199333556982608,0.5792810103683534,0.520296825093931,0.5185348769255328,0.5522417422948707,0.5869245218963923,0.5389247763054535,0.43286093052415375,0.508966164686298,0.5992914773818034,0.5459700051177684,0.5987853736203064,0.5478569524745468,0.47691503528218115,0.6527845580326818,0.5975367318943987,0.4981842475956623,0.5722709081925479,0.5466235377435418,0.5442765916985272,0.6070534636716269,0.6245418932709054,0.5258500133730243,0.516981404891413,0.5200719372582361,0.49464929605724084,0.5186476261801959,0.6477299783051684,0.5008540275503072,0.5379123664648289,0.6012014494172487,0.5517743559324261,0.5545830877058343,0.5673251265644901,0.6346258998817617,0.5618825997769084,0.49921198122045396,0.5772060306634654,0.5140190549495327,0.5291621860374195,0.4682883627019446,0.505950136177313,0.5917492634333669,0.46691232003650207,0.5607418178036901,0.6089166266448912,0.5610245980366528,0.6022526095277755,0.5395229050082732,0.5443325303564351,0.4832801482155377,0.5911340852400143,0.5765635400110174,0.5562383135041652,0.5243059026393981,0.6382481796947845,0.5362919776292615,0.512495649373615,0.5627309197782351,0.5321271784349503,0.5960457739408674,0.5844578919699911,0.5724636979955363,0.5903447737364073,0.5355749868847522,0.5786762204944331,0.5189355526402858,0.5655215017929397,0.5413422667220452,0.5573989391831099,0.5224019847847722,0.6082693454823311,0.5888770753556047,0.6302040063568359,0.5873112689092868,0.549251460284358,0.5328864533181235,0.5255243217931779,0.5028225698342208,0.5697700383890824,0.6219441163973732,0.5096104289851114,0.6340346406146005,0.5681829489495684,0.5564778876609437,0.5177301085655834,0.5475210553037597,0.5587519939644748,0.5131189849397273,0.5984595598850764,0.564679966539105,0.4682235453165616,0.5328301445997369,0.5928130929997598,0.5761418122551851,0.5548225578211009,0.4487160204469891,0.43530507650149924,0.568229431752541,0.5676895862996937,0.568233116802856,0.555307433095213,0.5821166550044866,0.6342688507739059,0.5920754736177731,0.6074537249521289,0.490892816967747,0.48176673970866946,0.505351757522354,0.5267141037703884,0.4905888644197462,0.5889122401848312,0.5168424616915345,0.5829347838739141,0.4630042737940154,0.5989390707699471,0.5922637079271538,0.5583357557250789,0.5192431705023501,0.6277892294124697,0.5841070859582221,0.516488041782282,0.5682599595048524,0.566009231512721,0.562275983158092
0.45827314166382704,0.4364611362262446,0.49447627027325786,0.42466667851416273,0.0,0.44939840024320254,0.5038992431848837,0.3931849109496558,0.4051903042187747,0.39994394318479803,0.5290702263605682,0.47888961076105435,0.4465154311717527,0.40323091829644486,0.47676846585312205,0.5101873752649904,0.47139792346436915,0.4299274216132729,0.4251997860299022,0.4202531712179937,0.5212493424598277,0.5306608764735027,0.43529576574751977,0.5381766904909893,0.43518714666228575,0.5044097292965165,0.39400559494885934,0.3866409280448671,0.44619354865567795,0.48478429638176285,0.42594934391531764,0.44326526039927305,0.4444323155561043,0.4052140416817259,0.42841935166715267,0.44562971961981573,0.5013018004090335,0.44072426781652085,0.48091344744256176,0.47325590999644707,0.46145588674083443,0.47108576324941587,0.48418057308061524,0.5480264247721298,0.41976437973886127,0.42371724730219656,0.4874139466336287,0.5654659907594178,0.47351434579643353,0.46510392952289614,0.4897125030576434,0.48648277252310135,0.3776674390405652,0.47651734132548385,0.4594253229666754,0.4205648703493531,0.45604775657937074,0.5113507423347893,0.3933405871867854,0.4342492128487756,0.39358661910146614,0.41549876811484643,0.44645000098714693,0.4043218384606028,0.4116082716709459,0.38968701830901603,0.41135631398655287,0.5097220660958481,0.4135226474800292,0.4191991775319567,0.49784506744621015,0.4065203486030263,0.3911520087213254,0.46863018117032457,0.40584195501934744,0.3810232715239357,0.47411726401283744,0.6001591629749272,0.39849506236756166,0.4491737013149731,0.4205585722024259,0.4478830066984803,0.490275737656908,0.39022103398493396,0.4216582681005088,0.43419433011788877,0.4121084158282951,0.399769498913376,0.3791635486493873,0.40796082763393565,0.5478233748190384,0.41978285116848063,0.501945125256212,0.40451431546980293,0.4271707955909405,0.46815438147254373,0.37622924346680725,0.40488004988438087,0.41549771347252934,0.39103218128732353,0.41584959747435596,0.42025242515136685,0.3993176718577491,0.40511298858318584,0.40407038829663733,0.46340137505508533,0.4138840603522261,0.4129705711725294,0.4543941640784573,0.5042099025666154,0.5029804219508427,0.44693324897833503,0.4134469779964713,0.3895368131024009,0.4090174651534542,0.460937723947925,0.38483327902744796,0.4779179363300749,0.44670527575086066,0.39935076539419856,0.5773874730336701,0.40005086073386265,0.43928508993463256,0.5060711257499355,0.4086428786684662,0.45792223264616516,0.4029193692467309,0.5100958937457051,0.42296756237819805,0.4416337432672548,0.3872956067110138,0.4763030551681945,0.3901283359497105,0.4315019322270952,0.4465192386624406,0.432070189586071,0.44702655188786705,0.482020199996422,0.41591761168083996,0.44999981905597375,0.37658600652804336,0.4717742589834521,0.432076781314338,0.4173068334062989,0.4929227734114285,0.4242087677672957,0.5301671502323878,0.41846303001955887,0.4241626900377555,0.39477491113451896,0.42076646934097844,0.38745141570818487,0.47444352201451734,0.459732528984828,0.4524398560646181,0.4387512024085865,0.4564158556760283,0.48331638726445525,0.4050766659493322,0.43873522694888195,0.3784500188115541,0.41244266532620955,0.39260204339937266,0.5382723797506027
0.5501210669159599,0.6051582178692485,0.6198328152437541,0.5220046281029158,0.44939840024320254,0.0,0.49931354516821885,0.584799096160549,0.49104904382642206,0.5817560560847809,0.5431036356960384,0.5694323891679925,0.6213082351628623,0.47190156587610504,0.501508355387647,0.6313364631795778,0.6027255312367161,0.5238542641872127,0.5706352346811993,0.5121203627963272,0.621047918631828,0.5701094510347617,0.4876493989578345,0.5178232740044107,0.5979585071378303,0.48681855445718564,0.4660206463481323,0.5135058067670994,0.527721829263272,0.552697351130623,0.5162123318006671,0.6086399930570533,0.556530605757606,0.4875637995672204,0.46606092568417773,0.5003544087864259,0.5941856955693025,0.5314145428515985,0.4919609088461646,0.5220358294618349,0.5384662418183289,0.5748907067229775,0.5295187386399939,0.5247801840071624,0.5305307459557668,0.5629239890735784,0.5275898634759059,0.5171121979913451,0.5149897891155775,0.5065329267164881,0.5569916028755264,0.5927094806543708,0.4772358682246729,0.5688684605864375,0.5069725810464776,0.5784486333767466,0.5525558983236651,0.6431262150946484,0.4550916287441357,0.5448185069920349,0.5753676493748273,0.5218392113083454,0.5582232461017257,0.4291743307252627,0.46626560090992697,0.507144315463653,0.4904579849689754,0.5717126023565576,0.4846289296711779,0.5892074654414355,0.5653069082973952,0.457503917730288,0.4520073841552003,0.5844883977203593,0.6081630962616831,0.5068127764266055,0.5227762698645616,0.5454300340734811,0.5105260720907239,0.5309483911999883,0.6155158945275898,0.5252251751520557,0.6082244001342966,0.5496412692523751,0.5080726241357321,0.5802096970555164,0.5464153063649216,0.45963430814441314,0.5569377811971458,0.4993883182136839,0.5402031873461913,0.5101443453031607,0.5394156799873787,0.5117910936837934,0.49371270942489404,0.5938180392578326,0.49421606686745073,0.5434715127767842,0.43778990952276475,0.5200367434697454,0.4701380335754519,0.5354499532869615,0.45175647908929684,0.5407438215166815,0.498917554443407,0.6001200273168195,0.5684350146154642,0.5586169644455788,0.5576077801190065,0.6023836130899513,0.5395227830580978,0.4676971951317231,0.541212023849591,0.4988165425967772,0.5108312322354687,0.5954607372595708,0.5477273883339628,0.4995868288245124,0.5341107444016796,0.50138542541461,0.4794412483646487,0.529303326007213,0.5194640700685961,0.6372654675831114,0.4475896052598294,0.6122446479315825,0.48859284641962697,0.5615251953351751,0.5544283487527997,0.49998672829801966,0.5513875660276194,0.6549642503336923,0.4902975471731714,0.48298244931087425,0.4989731178207261,0.44968330991186933,0.530627643256199,0.47441489897087374,0.47084070739160444,0.5537716205424825,0.48927428847587684,0.5630341304619065,0.5435707018673895,0.48058869028615897,0.5400120984477639,0.44423866000773216,0.5500109886609957,0.6263577252891324,0.575412004864406,0.48150500256142653,0.48828810419914065,0.5170250801816281,0.5143421099002852,0.5073818457107436,0.6265469206232496,0.5580916638501457,0.5564848586608636,0.6633027688400674,0.44961432820785496,0.5143208834430149,0.5250929039186467,0.5174060917334455,0.5015239036639229,0.5206206651066341
0.5601488683583354,0.5469595177997927,0.5118266884206248,0.5556554946238292,0.5038992431848837,0.49931354516821885,0.0,0.47701974223484006,0.4746888670307012,0.5177183902336656,0.5485769008446141,0.5306947925113897,0.5607505531929513,0.5230566424592398,0.5679310617579608,0.5216898052707223,0.5222463936280198,0.5275958203302432,0.48735314789648543,0.497565077303989,0.559781142571081,0.581075032363345,0.5935546168961935,0.5843741475530827,0.5643395069314199,0.5445896698688476,0.5110773657023746,0.47571792806144564,0.49460135058555277,0.477361080426867,0.523844317110489,0.5568802854261965,0.5511643969416604,0.5313911920705157,0.5314261262688725,0.541234210933469,0.6385744907413563,0.4897585353208536,0.49889025203767157,0.6287189469739712,0.5025818460881305,0.5580862443524552,0.5240063054373788,0.5672664775514877,0.5631706817701295,0.5191739041819967,0.5181912878007566,0.5361743652575913,0.6674802933842432,0.530287041686132,0.5904949891021649,0.5175442830115078,0.4305319493592399,0.5746660003367742,0.5479306245560156,0.5244664556464023,0.5182192712820919,0.5147329614931522,0.5271987123571316,0.5512607200306398,0.4835896178647656,0.48127777444894665,0.46174167851331455,0.48296262491984143,0.4774406629994541,0.46096682046053034,0.5777074478520975,0.5937994077664591,0.49680446494349795,0.49957611624347004,0.5689685919097631,0.4968788681167885,0.4854486621031555,0.6009718352781156,0.4599175596800056,0.4749982470150102,0.5761204798331299,0.5931472480826548,0.4469277976923204,0.442334290898275,0.45034911576221687,0.5604919694965097,0.5154249767630207,0.4401459622734866,0.4970374466986437,0.5044275954785774,0.49684790184715144,0.5234606879686451,0.48572074273548793,0.4935831101589077,0.5980714208082503,0.581766152977003,0.5495839611401465,0.4743122663621695,0.5277426336545797,0.5640895108234613,0.43116171527045377,0.5192322349272144,0.49045916291885044,0.5424353095660275,0.5076307779491467,0.5065802337287184,0.514035870563386,0.4929352596767086,0.4832267381621444,0.5214455429182165,0.48706578419639157,0.4950699194364092,0.5670926159037157,0.6027511976373496,0.6363322492618908,0.515917657797478,0.5362001245249646,0.4580575957598177,0.46852233369089286,0.5196657517131764,0.4642576242667734,0.559119427993567,0.5120576605872333,0.4934708656776906,0.5302388983368481,0.46958946393621875,0.5171697984121267,0.5779152267921117,0.466431291210693,0.521765680533019,0.5050518383246567,0.5800667388997436,0.5049454592381891,0.5330275827421079,0.45311889140901646,0.481491800048273,0.4590885008551415,0.4826148739477956,0.5132827375246265,0.44709676074278637,0.4650596977256927,0.5902620920339495,0.5189980919970273,0.5159791051689674,0.45729616211166335,0.5492388997912938,0.5949231057882993,0.49567238207733827,0.5606213373076088,0.564248186508897,0.5263634787447864,0.47130814671548354,0.511018642777273,0.4126558982688656,0.507444773001922,0.4447066129779008,0.536371133123276,0.5780155729062101,0.5324354677993837,0.5542200785170704,0.55402545477267,0.5376483056911793,0.5221421721547312,0.5339062678810691,0.454742132519899,0.49018403444392633,0.46350947294006967,0.5508811156960913
0.5632910970642823,0.6185750532648197,0.5149185287517386,0.55161649137508,0.3931849109496558,0.584799096160549,0.47701974223484006,0.0,0.5676000954224828,0.5847824718924977,0.5141957430567221,0.5530276784563173,0.6027485455045765,0.5004680520828466,0.5149806471737863,0.5384829810589923,0.5336166329480275,0.5536900881901329,0.5734959056371443,0.5732886755684096,0.5380020906986044,0.5406541861547602,0.5309012612962559,0.4929742069596512,0.6477965175310954,0.46479046980628336,0.564615261861368,0.5677156349648421,0.4854729229187166,0.502652423055096,0.592349652315489,0.5500073811896338,0.5652330358724241,0.5297833587312043,0.5074363578730516,0.519421458653735,0.5908689974801932,0.5698085299675001,0.49598893049530896,0.5179057933510735,0.5237161123796722,0.5402113200565377,0.5064598531395954,0.47504701154993967,0.64091301388663,0.5716326395581635,0.44968482469266247,0.46307880379079536,0.52591148042693,0.4992862272543617,0.5085896389616797,0.5058599175710047,0.4606790066064578,0.5357077280268513,0.49690832256907524,0.5724765120134739,0.5420061925011894,0.5659966074936059,0.4715002580433568,0.5694940797753707,0.6365827362552902,0.48700113420991004,0.4933915476746309,0.4558340838302763,0.462911770139448,0.5048457586564632,0.5439574935751307,0.5051666664029862,0.5097926933992183,0.7478649601691162,0.5335149514182713,0.48962105911164205,0.4688319004114895,0.5543767291087893,0.6155589577809738,0.5126849849372982,0.4922258484652084,0.46602442139624967,0.5558997017761979,0.4359339604087426,0.5048280851245881,0.5591928204472538,0.5313262464436156,0.5859188640231168,0.5129996525200605,0.6745472859863206,0.6354065156090927,0.48284649737826507,0.6271529788111523,0.5681718326165133,0.5011377507993235,0.5461714267056059,0.4949905976264308,0.5016900826688625,0.5014772049322871,0.587144309053952,0.5215073730221592,0.590274492725503,0.44934573076373874,0.5591320742638615,0.5064486474375304,0.5683564513416023,0.47600233465132075,0.5916462326402725,0.5305085546826918,0.5554261238397097,0.5394796038142051,0.6055652324095311,0.5298564398952512,0.5405171884479001,0.5006361226339644,0.4844173567953143,0.5335726270162472,0.5612031152834667,0.516117375573709,0.5649425495545415,0.5458569896986603,0.4938781584146386,0.4712927397902963,0.547235504972124,0.45132236429850464,0.5930008929475223,0.5180618636076468,0.5453339388661014,0.46624237908195754,0.5660273864077133,0.47800032449645263,0.5540775017565693,0.5477287853858378,0.5229076677764501,0.6043024498809875,0.5361256789764254,0.5594187193764268,0.5125496896756747,0.5401462638603864,0.42688116466943304,0.5136148422329073,0.4927445195714184,0.5537175186546915,0.5968321203465646,0.5205202156332432,0.5239911980769552,0.5695795875315801,0.49985771978760063,0.5322316081433746,0.46222028660488274,0.5260381197077769,0.538749214447716,0.6114847966186894,0.4749115571096494,0.5528148797114395,0.5037624880641822,0.5391780525415302,0.4882152849202303,0.6284305468156882,0.6569656359112769,0.5712076448416615,0.5525948011827367,0.4823293511406067,0.47456695168605395,0.5019471304464509,0.5356272272467818,0.5324159962572014,0.5068884510971697
0.5815734233021288,0.568407744815754,0.4388973336438275,0.4782417752957161,0.4051903042187747,0.49104904382642206,0.4746888670307012,0.5676000954224828,0.0,0.48128999847760673,0.4687104967088632,0.5030811089149537,0.4945910414067968,0.48541640213539367,0.5239959777776705,0.4572902302360381,0.4606058376512795,0.5345441955336683,0.5134085046720188,0.5586483645159691,0.4800397279152317,0.528934362105402,0.4980343300024111,0.47084775495303227,0.5560141062685554,0.4176007834956239,0.5173864292222915,0.47824114624894,0.4309816525300315,0.5196647807886627,0.6230286197853664,0.47565104569825967,0.4993896694651647,0.46209543246365925,0.543008709768304,0.4784338716059086,0.5322117799765589,0.5297898947375396,0.47843008675558835,0.4671822961236106,0.47725694692195875,0.5563021464142406,0.46201651598793403,0.45955998729550857,0.5260121734773451,0.4899325621084822,0.43669517537533237,0.4279760430895268,0.5016786522253732,0.48206744233418025,0.46728726068490223,0.4567387076315259,0.44781320125666346,0.47014109101488577,0.44100914178804207,0.5836658670696839,0.5075948822449705,0.4977713302071035,0.44802540249090944,0.5115163694963284,0.48532709422057985,0.4493362761805689,0.43669970859373886,0.45025760491861455,0.47299809510950647,0.44794177038019795,0.49603414099412974,0.4841293331558533,0.46328292096839446,0.5859457059402089,0.5226641480291212,0.4884226084258422,0.4506644583924588,0.47444837686701113,0.507940816080892,0.4850973917922916,0.4298048198374986,0.4370517132505973,0.4729404158586656,0.40579537817026073,0.44544676395014937,0.6014230435345657,0.5248152004796972,0.47323485469421733,0.4752741623828355,0.6018423100215524,0.5410638240344482,0.4698659116634074,0.5156946954718458,0.6015948320642465,0.4911159187039589,0.5787061813627505,0.46602665506495083,0.47121090382882436,0.4939038425422604,0.5495643672685898,0.4747799215844114,0.5258370613206111,0.4782247185461628,0.480462137945133,0.4958686975538929,0.45930044312238727,0.4477970499610191,0.5135961284516265,0.5003556731564935,0.4711830829095978,0.4401889898007739,0.5164954432586096,0.46990244744381726,0.4937829252955182,0.4615312626833838,0.4801614504547464,0.4779927733300922,0.5135022640838907,0.4592110354146769,0.5111387186441629,0.48947800626714394,0.46982415822341445,0.40698311748502686,0.5326218908304349,0.4654416608739081,0.5018326890276884,0.4915678426085217,0.5017310921070655,0.5219760649932403,0.46941347871947897,0.44650549400507145,0.49343053223001454,0.44908355166642744,0.49208651080333643,0.6130105822909778,0.4689092624897207,0.5029161056431235,0.5580880648124039,0.5105110339948067,0.43939128289841256,0.49518727702241705,0.48964898609285595,0.484342288056715,0.5656730393594886,0.4672564097586697,0.4913383233258646,0.5686801790482839,0.48758825455782867,0.4956705816036893,0.4595066552695847,0.5726072580663821,0.45598909239309615,0.5237445781278922,0.43156555637029714,0.5475061847114296,0.47636281454249974,0.5274595898030056,0.4537382559439697,0.5230924105919507,0.6067353710165277,0.516169703149209,0.4771305260679213,0.47885137480148376,0.4335942732574036,0.4335923668404493,0.5530198598124998,0.5088921876854943,0.5354736369257846
0.5186687015198462,0.6534108509387003,0.5761891544583256,0.5225235853324423,0.39994394318479803,0.5817560560847809,0.5177183902336656,0.5847824718924977,0.48128999847760673,0.0,0.5093257445518008,0.5429628686225492,0.6007407519566804,0.5099973557216043,0.49138274821394695,0.540709973574309,0.5434228099278797,0.5253734491766484,0.5300727394387651,0.5189511960837953,0.5302259789887872,0.5539775138458105,0.5393497338895706,0.4894711796605082,0.6569024948015432,0.44844820566561416,0.5354157743587885,0.5370485878290151,0.5686971233264226,0.47589690384515637,0.5192397847486553,0.5925455115784918,0.5336066120055425,0.5122887421867958,0.48473491961723825,0.5173309290834748,0.5590337736502474,0.5058135008619096,0.46224668501419014,0.533123918929303,0.49688244851659696,0.5465596039588075,0.48445933630398264,0.4719560209354167,0.5835652142482617,0.5290079889921978,0.4765547377155827,0.4700603590676047,0.5483094459322476,0.4845021903878258,0.502051328612224,0.48438710994924467,0.4507315258563984,0.5431262376413594,0.5168754564275222,0.5564511803397523,0.49620422972797606,0.5246648860192153,0.5087555949365484,0.5408563954662582,0.5613520292435492,0.47245439235219655,0.46198489936444503,0.46759210058021095,0.44460956681180686,0.47261353415468704,0.5224622861949959,0.5095841435764422,0.5233929927658297,0.5648089220582018,0.4942403431925878,0.4724233994387061,0.4602633984336647,0.5593985732626803,0.553948482425673,0.4965142198472191,0.49603626185858973,0.4889638583967349,0.46859316464858813,0.4263579321177495,0.4974223640237441,0.4962272007741516,0.5145020535390975,0.5125232547871876,0.4796583621068475,0.5496751659632425,0.5180830747309342,0.4794502807679017,0.5687450965702905,0.49150490179076806,0.48663745017587173,0.5315675318691497,0.5083734154836625,0.46976838912046504,0.48577727844689567,0.591699010033364,0.46497043281102685,0.5745734729460371,0.438429310279239,0.5509304290863696,0.48128539561512884,0.5192450435783215,0.4621823492301608,0.6023756771368828,0.48440759180216253,0.5229945817610454,0.5269238461671911,0.5914251693239978,0.543783672885485,0.5762558231902843,0.5135538063354235,0.4545220280769189,0.524399559111413,0.5024227261236167,0.4708504429613472,0.5206517402455046,0.5279168523478975,0.5348761936794159,0.51795473355923,0.5046457576460232,0.4339459887384873,0.4874611469924438,0.49632341991131607,0.5249592440893925,0.4373532485173112,0.5808659025617979,0.4797996948786945,0.5226802318455558,0.5869678663834957,0.5057943271277818,0.5549352355509188,0.5074276883711232,0.4711730742300276,0.4506660501193176,0.5037200739092924,0.4186626834230246,0.48404818448224607,0.4793494023410837,0.5409920609976082,0.517178340657819,0.49704487315089535,0.5452114677722673,0.5522153589846418,0.48845637400098146,0.5165794252873716,0.4677917165808718,0.47893890950860785,0.5393081433095508,0.6607885401173026,0.46662267601843765,0.4711409265377668,0.49501750215553164,0.5100720834553932,0.5542204326128211,0.5809744835544228,0.5471759913248407,0.5346196639251429,0.5401554294448062,0.468653098034989,0.4758126315331759,0.5274980263581329,0.49360114223715834,0.4887237015118388,0.46326015497035933
0.5450395779776545,0.5458662618598451,0.5750367193420095,0.5809145164097499,0.5290702263605682,0.5431036356960384,0.5485769008446141,0.5141957430567221,0.4687104967088632,0.5093257445518008,0.0,0.5838650371524282,0.5665480690745233,0.5096070026772866,0.5287934288963276,0.6602706650592967,0.6165204803797082,0.5291361561263872,0.5664328277309414,0.5318941776326351,0.6554025365876545,0.6371027773715948,0.5489057842532824,0.5738971525229731,0.5769657633513859,0.5607552981673504,0.5189733804089716,0.5285373363222928,0.5919139477124922,0.5114319937871121,0.5174167362640905,0.5593211334403685,0.5559822376696044,0.5130074390308214,0.5297820499367824,0.5877701562558635,0.6311751880269081,0.5995989304785346,0.6012380125724336,0.5813071637977753,0.5713628459523327,0.5399944895693036,0.5636297811787767,0.6227254978976955,0.5391595554397473,0.5039159749108546,0.45580444695562056,0.6542918512685238,0.607127252642628,0.5543473875177252,0.5873702310034512,0.5468129199725883,0.4411561446384161,0.646569233982669,0.6410605015265025,0.47259571653461746,0.5755967560334085,0.6695106983980808,0.47999549128501595,0.5556881231520817,0.5432783220042224,0.482499931602501,0.5255304983939879,0.5010464259893569,0.46638580890896075,0.4690211483594216,0.5218213927967473,0.5193909053115362,0.5237174076149317,0.5738374631300077,0.5532974244978699,0.5036054137053203,0.4878244597591958,0.6043396703764798,0.5459263208210404,0.4535525135088477,0.5981794839001019,0.6069075131495113,0.49358449403760085,0.49244016274598185,0.4948441762062626,0.5325049610668242,0.5117852606442878,0.5181151160383801,0.5393605622899031,0.5462405249963674,0.5568669192631209,0.4794184323288655,0.476386364533683,0.4639032064869766,0.6391361860057077,0.49765575680036683,0.6356815286469654,0.49167988490724357,0.5368913288942881,0.5606767655733326,0.4673223907655163,0.4994489340518922,0.488933608279753,0.4820693862788686,0.5420130425305112,0.5600387256976015,0.48646187790322376,0.5114956360128393,0.5114989684579597,0.5290220559894961,0.5280136473345884,0.5329583060593662,0.5289017181495006,0.5825293915891457,0.6383307122660777,0.5539196882911281,0.5214224951931914,0.5312009561874538,0.5009301078189112,0.5392982895665561,0.47722916473051524,0.6056234019998086,0.5628085242998588,0.5112831512787213,0.5977718093084096,0.5227288658398552,0.5462619032187374,0.5825595878895685,0.49026571374112665,0.5959622855574029,0.478342886815906,0.575992487098929,0.5791126066363878,0.533326758181818,0.4600393912149937,0.5856671975920577,0.5306812130732355,0.5410510690576081,0.5922327404992964,0.46284546487833755,0.48275014615118833,0.5601290318045213,0.5550209971647038,0.5815583055823959,0.47503145220949916,0.6199065587959325,0.5360321205857842,0.5395950091897385,0.65932139629505,0.4645617949321138,0.5403742105090985,0.4958507236784215,0.5479434420021424,0.5158381207161884,0.5444246952437827,0.4825048380549681,0.6688869480355657,0.47842740394769206,0.5935220619800236,0.5593601320092627,0.59771119875897,0.5456703156421856,0.5144445945614876,0.544595040315639,0.4545582059424461,0.5186084751133583,0.49186661446835284,0.6443575476837996
0.5150920851164579,0.5931996231801809,0.5515501631293126,0.5037041278347231,0.47888961076105435,0.5694323891679925,0.5306947925113897,0.5530276784563173,0.5030811089149537,0.5429628686225492,0.5838650371524282,0.0,0.5219978799287983,0.43577910703798545,0.5243067025221616,0.5770413521643479,0.5217986540393591,0.4744218477812677,0.5757669591164769,0.5134202030477746,0.581735240814226,0.5865061918709763,0.548018731761047,0.5968223622342885,0.6300615989596351,0.48277678170098004,0.4920914768514036,0.4850499287952704,0.5300669409584041,0.5748924516593412,0.5680634773008403,0.5170751329861103,0.5203277693159075,0.530586707626022,0.48439790521017373,0.504016603905146,0.6043977928586166,0.5100199948441,0.5744559525206236,0.506123826956249,0.5174285808031112,0.5687513999815415,0.5008799164297619,0.5400466040836029,0.5452218768694634,0.48895698003719307,0.46855979656308705,0.5430565456125175,0.5453414454158626,0.4719018115413965,0.49749809811395534,0.498634752415153,0.4017258694163377,0.5453971266578655,0.5168929170971648,0.5387401931036999,0.5046134258888852,0.6479349228781799,0.42581159078935066,0.49677650644967053,0.4928287265542359,0.4280272551490845,0.4529576460842873,0.4371144725906883,0.422500598544183,0.427352204015586,0.4781918941065936,0.4998998213692735,0.4437453487434713,0.5509833441539266,0.5051246353444071,0.4414815904777746,0.4213871659840419,0.5161435500283454,0.49518490516726943,0.44041693024042344,0.49674275069639595,0.5623153570012989,0.4716047231908163,0.452054185061659,0.46403881655958057,0.50848576533627,0.5810743852207197,0.4676653335205282,0.47067623631132316,0.5690338814871829,0.5284649705639441,0.4271923520705536,0.47780710091005923,0.5451063584020734,0.5176024300617719,0.5135222170929529,0.513923330830703,0.44835763144836877,0.45465528273253814,0.6617707394895384,0.4345599029375979,0.5456042896216893,0.432041375377496,0.46159739268720384,0.4778483066772036,0.5064245175292346,0.4439314547907825,0.5766202111847323,0.4500397317255445,0.5197644862847995,0.4744995188187113,0.5698261664280352,0.49194949975261887,0.6644193386087441,0.5755210480410118,0.4721844107780025,0.4634728698173704,0.48300343908976723,0.445027248529081,0.5373551797987585,0.46813908331281434,0.5517545609307739,0.48102804125525483,0.4688192649652064,0.49084601325027577,0.47798676960566305,0.5050623099117632,0.5692931649454033,0.44280807953573065,0.6014655667980868,0.4259825110038532,0.6257185983362046,0.5315296103912701,0.4677991879915592,0.5159213031387044,0.5171565673750703,0.4666901489424907,0.4943282730760413,0.5506686181206916,0.41615095295744375,0.5512794068691649,0.4960221249372039,0.5154572656975364,0.5728236728749956,0.4393116715450303,0.5216698937679884,0.5080676205966107,0.465822125732653,0.5709367558748568,0.4604428517712898,0.6041156968790556,0.4881996974814928,0.5935135326229032,0.46701876078651405,0.5103807573845855,0.4508318590345073,0.5462900027560416,0.5116698185671478,0.6559445112714563,0.5647102744432559,0.5618646010598543,0.6024144090198994,0.448092809703755,0.45319745626769187,0.42501689874030407,0.48712870824819526,0.47424849201902675,0.5542241778612179
