0,1,2,3,4,5,6,7,8,9,10,11,12,13,14,15,16,17,18,19,20,21,22,23,24,25,26,27,28,29,30,31,32,33,34,35,36,37,38,39,40,41,42,43,44,45,46,47,48,49,50,51,52,53,54,55,56,57,58,59,60,61,62,63,64,65,66,67,68,69,70,71,72,73,74,75,76,77,78,79,80,81,82,83,84,85,86,87,88,89,90,91,92,93,94,95,96,97,98,99,100,101,102,103,104,105,106,107,108,109,110,111,112,113,114,115,116,117,118,119,120,121,122,123,124,125,126,127,128,129,130,131,132,133,134,135,136,137,138,139,140,141,142,143,144,145,146,147,148,149,150,151,152,153,154,155,156,157,158,159,160,161,162,163
0.0,0.5854346802060112,0.595391122528112,0.5520134964785146,0.4994847597287867,0.5946426891953835,0.5278790638225117,0.5552403271875902,0.600544549524576,0.6092433003948452,0.6261568700565299,0.5181323726232009,0.7473188544880686,0.5787210516104994,0.5498840255954178,0.6382835255216757,0.625394732858689,0.7033234381325196,0.4712121657472413,0.6698855951178051,0.5281183017384897,0.5911805912014865,0.5831274945091376,0.4751428554090007,0.6553787230155528,0.5000590301319405,0.5039267248927164,0.601812874643851,0.5475416392287407,0.4678739730180528,0.5283158581352185,0.6657292468306787,0.5379082097151442,0.525398669797178,0.7008316395707654,0.5574531676127953,0.5626209937858395,0.5779801226485397,0.45172486675626283,0.6261135018707028,0.49389743367863814,0.6345045675522031,0.5464697062399241,0.5446291455566216,0.5750757140514907,0.5527202026248437,0.4801171763998853,0.5415525662685713,0.6301924202829626,0.5813481700570112,0.5579811835165739,0.5430084232943889,0.5044393278915469,0.46674688069312986,0.5750201722788398,0.5859010010756117,0.590376780400868,0.5726350701128635,0.5328266131116987,0.5755369078161205,0.512585377881377,0.5104773918138036,0.5856672956481432,0.5367757484937793,0.5219339201139933,0.5169890423596084,0.5489048587715414,0.5125011651198386,0.487610491732291,0.5828637580925395,0.6126258773120505,0.5324111142048228,0.5620766598318077,0.5975853485710374,0.5619639204856106,0.49935337463253654,0.5446489670355081,0.48991368378057826,0.48529474005034334,0.4285758476157673,0.5419738250477493,0.5440378545814415,0.5306723838064531,0.5537975150256226,0.6043837570023542,0.6076317767338666,0.5691537465334435,0.5038645254144356,0.5755103452454102,0.4921051900448253,0.6082312771025244,0.5290886633185333,0.6145717016839634,0.5214743910230792,0.63123105004871,0.5046135958714392,0.40966285369837235,0.5633742222228443,0.5194368078455851,0.5467168560084582,0.48427864858297376,0.49183379834861557,0.4676242658724935,0.49019080218134464,0.6236353548264616,0.5872861895396074,0.4994831249437576,0.6553280750236297,0.541269504601609,0.5191833668534234,0.505891990613725,0.5930984763969175,0.6132227223146287,0.528378218071174,0.5925890589441976,0.6162861107957549,0.6091426410156062,0.6137899992663638,0.5559976663038829,0.5362621117547445,0.5968404549742605,0.47465666956252445,0.6179542489375255,0.5451314846581056,0.5742974039636416,0.5034453377732346,0.502628227588014,0.502650330027493,0.5975918509079629,0.539292537076608,0.5322450217608362,0.5738096599895635,0.5086257641686331,0.5370257964699907,0.4897725951380965,0.5435800694115266,0.48801166600976353,0.570644105197796,0.6620947385595415,0.5059206856253685,0.5082496392763818,0.6257473880732363,0.5668506131385767,0.5768559127682257,0.5415507136515868,0.47095491649539667,0.5410305912571589,0.4850741986079935,0.6474272321658769,0.4609599633135236,0.5633132346429964,0.5123835704087993,0.4556775370918227,0.503698437122934,0.5386688329843843,0.5575939742231529,0.5953024371141162,0.5431657955452603,0.5788532790017802,0.5877182132867639,0.4931160176757784,0.5617000201831811,0.4607532388866958,0.6318376606335473
0.5854346802060112,0.0,0.5569863438176245,0.5984834125009361,0.4426283818958607,0.6653363105504931,0.48101211809554756,0.567336311631241,0.5502482343910934,0.5129953582451706,0.5289074435030771,0.6513720349067246,0.5386117512605241,0.4583918095100288,0.583865362319423,0.5177216277745177,0.5727688763238303,0.5117232659899942,0.5952184593829158,0.6817677363860488,0.6089247169567044,0.5910676620393567,0.4964905323645125,0.5820834231329455,0.5511198654038577,0.44007718870638063,0.41900461690714214,0.5559819539026801,0.49576569078580157,0.41749347135849807,0.5389040021576659,0.5226312729902608,0.6173312573084184,0.5543942067878836,0.5674730291344935,0.5456114661982241,0.4614228995046865,0.4988981286558277,0.5411412005647878,0.5953152708128397,0.6041847747808604,0.5625760697502988,0.461945544621888,0.5293691056837849,0.5546772457656739,0.5645932413056538,0.4303455508415139,0.4775710916550759,0.504692441034534,0.5496066548810835,0.5378435558657303,0.611462461358748,0.5860530450703264,0.5506496833807676,0.52067971164754,0.5635964360418381,0.6532019876162766,0.5349671992911886,0.46587138240998377,0.6115043861405254,0.5607425351246929,0.4552142888633422,0.5457595706008194,0.45562708213542125,0.5510767642340392,0.5342363882820768,0.5131810733989848,0.4236223182191575,0.3772452490833251,0.4784736505598796,0.5588416795321549,0.45843483333930485,0.4726481739538186,0.5590666284704705,0.5626732412989837,0.45340138563119986,0.48912645001812766,0.440566956493712,0.4977903473127065,0.4169556718407686,0.5500743814257911,0.6132903760158365,0.5165991239536345,0.4962527699744171,0.5772346837981167,0.678017749248035,0.47962661600664325,0.41134380209108595,0.5126388038108929,0.566233958932364,0.47800808290760616,0.5387839021580197,0.5412501453048105,0.6160027387925515,0.5714499719681039,0.4684223414605188,0.48176918319862616,0.5888789513219884,0.4527171313757427,0.5358941727141209,0.45292467681297777,0.4531275154620277,0.41798958406763453,0.47470970649580535,0.5434714757031788,0.5494784187549064,0.540786318985538,0.573292577016736,0.5281137427443544,0.5945586493770412,0.5513858058486136,0.527042152663015,0.5199802988508471,0.46226251600063567,0.5536845063743076,0.6483878553306501,0.6124756994301659,0.47564732149468186,0.5251334398457953,0.44803569931365816,0.5472876362526267,0.43123268150340327,0.6108874270704565,0.5639080733215183,0.5221772706863165,0.5030505138623939,0.4802507574278868,0.5030973791277725,0.6210790551545784,0.46364257901774264,0.4801022268423661,0.5876289857974204,0.451597068669745,0.6380625771455232,0.5751903629941548,0.5263203630700712,0.4789398658325181,0.5123306001740814,0.5574467611373762,0.5116221721957863,0.4642038490393148,0.5016615437160036,0.6371318125838991,0.5515046439672181,0.49939964040961504,0.3970087625209343,0.6502212983824193,0.4925759540296378,0.5564270491571456,0.45577392020071084,0.5802575698966662,0.5019525217533245,0.49485512855192115,0.47299609925574987,0.5802053931753017,0.5391267276959851,0.6196411440356772,0.54689263673421,0.5152118246838118,0.46632890827332774,0.4499315023583512,0.5122274949460679,0.45703577559456515,0.6088329115037111
0.595391122528112,0.5569863438176245,0.0,0.5482471004052254,0.555309039817312,0.6105083559648795,0.48946981634283465,0.5096265421844369,0.49644440524040306,0.4895314817321028,0.6255032103092144,0.543400014513771,0.5912368139633407,0.4598811601396504,0.5204040732766042,0.6118688852981874,0.6833617302507528,0.5395401562861558,0.49511647386178903,0.5650622386626838,0.6077280556117084,0.7319143710904418,0.48750902019515563,0.516037098850987,0.5045430618176766,0.46534398357734924,0.4286115533635238,0.5474000524867377,0.4665446078514615,0.44249063482492956,0.4482674873224472,0.5668762962031745,0.5141396818555214,0.4774080399173655,0.5099477144827302,0.5191868256209833,0.46503003958565614,0.477014594894812,0.4621133198284494,0.592205116831841,0.4909218159571946,0.6319029394933645,0.49224409516032863,0.5016948265412121,0.5066266882389753,0.5092776856920813,0.45528885455253043,0.5016684683227642,0.5093468961334747,0.5931753764791223,0.5751973346871307,0.601496548717897,0.5019763220518242,0.5163037214097403,0.5208126743614798,0.4808129504865633,0.5889845665778236,0.5989588475237051,0.47399871581577907,0.5512879157036237,0.504547928334272,0.4569111476742426,0.6244958064996828,0.45484504820361227,0.5067062117269858,0.4893179889102624,0.4770989181878665,0.454493501964529,0.42821846443885747,0.48257513496390825,0.5612038156494921,0.4235818810190304,0.5034949713556756,0.6418817396753954,0.5547097093832986,0.4019400000143666,0.5649227660801671,0.45842254959738316,0.4310787290673058,0.38659001797448034,0.48418365397831625,0.5484870405700195,0.48572593882085646,0.45201586719016196,0.5323063523990856,0.5316977568824077,0.4635377737665271,0.42710057961916115,0.4563511336335451,0.44215711882387426,0.5759482408475389,0.4609845217413013,0.5684393881465817,0.49550396485194614,0.546757568397585,0.42915120600882645,0.4193248742085541,0.479628462798706,0.43015567222725976,0.4908399386649102,0.397796639431485,0.47028284053500014,0.41075714990767775,0.41873328838537693,0.5214587169280352,0.5536303147543943,0.5185153914370005,0.5230984412487144,0.4974215373557085,0.5215291941203994,0.5341992918225161,0.5122930190787628,0.5172257950564775,0.4395847127840384,0.49820271817588263,0.6351808287550899,0.48824347780235755,0.5144931223213731,0.5819103439293699,0.42923598225999343,0.5663453799254485,0.41243682588940633,0.5237799117342687,0.507134757597325,0.443889872270093,0.4499681834770541,0.500414502674997,0.4941005672050119,0.5351958238062869,0.44765148206057315,0.45020232751425404,0.6641457165198477,0.41289664027029,0.49953790872767834,0.48770004091322133,0.47179482669597544,0.42642599183790664,0.4803300546304487,0.5261459225103376,0.45054174673983216,0.4139797334961827,0.5131568342389266,0.5484656862208677,0.5379811255752758,0.4603376230403258,0.4171341627885873,0.5781952338730121,0.44156758301983867,0.5049585836560501,0.42711345900230224,0.4846974082097479,0.4287819938915133,0.5161733533312346,0.5017506960230962,0.489343038611782,0.47260949719769524,0.5595057912289576,0.5141468123552473,0.4495313777750965,0.49442342332031486,0.4139639996090805,0.4361843028498053,0.39697746852072796,0.6011830958493946
0.5520134964785146,0.5984834125009361,0.5482471004052254,0.0,0.4369426771671165,0.5787958502085256,0.5008900587000837,0.5622280154254807,0.4811177298620531,0.48239239963689823,0.5280773353841628,0.581256134539763,0.525480823958509,0.4608675982385089,0.5906862806963505,0.496589158331739,0.5599043455754242,0.5071144228468049,0.5857953866178146,0.5961231113909481,0.6419090530711395,0.5626546452048315,0.48883170913208285,0.5355674510614108,0.5212885451955144,0.4702067645672029,0.40981970702463283,0.5399761287952554,0.45554316405993334,0.38059114889769635,0.5136512644281243,0.5398220905556828,0.6671454504938863,0.5815266737891313,0.5535645599420487,0.624975592749711,0.4545638880133772,0.4831515042339661,0.5451865215262759,0.6127187280520944,0.594210871346149,0.5114439582723302,0.4963517600394412,0.5458170464637736,0.5815421108715854,0.5715765577604469,0.41460065741647756,0.48593537039193385,0.5135345712190116,0.6202789091373245,0.6415599251090434,0.635875719667794,0.5753983919101832,0.6404486542146728,0.5942486286855002,0.47795830487472446,0.6641238556194377,0.5259671770117693,0.5119422744634388,0.6368376949718009,0.6139905037168627,0.47991013135505434,0.6175096130128236,0.4703622104283127,0.6155941621972243,0.5940004837678191,0.5560179912903884,0.4236748988059554,0.3912526730324826,0.47797906762408665,0.5806898074454676,0.4575570024559179,0.5244723564146206,0.6507540799568426,0.5354609773970539,0.43464265108568506,0.565925992241025,0.428133916958629,0.4985962824358831,0.3882018406292904,0.5093037286982315,0.713202066851261,0.44741087216797065,0.47313981267933686,0.6434506061927627,0.5631810485251533,0.49694310194272373,0.44704377590532557,0.495842558813023,0.4790008250431518,0.5037453943444201,0.554705829421053,0.5572433248924437,0.602399435283081,0.6335936909323757,0.4406286428298701,0.517661493757515,0.5641486095951678,0.45847201300742735,0.5816973604948835,0.4430116800238737,0.5247468854990167,0.4747391109933219,0.4639482322655308,0.6040463038184205,0.5356926774118551,0.6276952376322725,0.5009019695599304,0.5319510271926665,0.5250128026278251,0.6337205400012623,0.583447982682728,0.5645867973891637,0.4508312978585164,0.5646939947739693,0.5413683957906145,0.5525901821109316,0.4817547399121305,0.5946146300691034,0.43705783925763014,0.5279646639194264,0.4569368093377134,0.564810042372176,0.5315471261605508,0.48589485152775447,0.48131932597393884,0.5397050444633593,0.49358541776014303,0.6339436075366922,0.4697191973820491,0.4159423206226829,0.578313557945018,0.43858364114689996,0.5895377009192232,0.5916182030698933,0.5039940272525075,0.4127616572242359,0.5176085316452927,0.5616471933423728,0.49938300455488244,0.4747045315200682,0.4902996699116626,0.6739654126526993,0.6439294177740925,0.49001245993157194,0.41853358780361133,0.5580812655909767,0.4606412683750132,0.5071492522208457,0.4185908349023102,0.6220800225802973,0.47104444327958056,0.5043021549283012,0.4603471032324343,0.5557448575959693,0.5256407605884443,0.5362418565920766,0.5014215766931497,0.5248139502846123,0.49788257950183723,0.44200741346304695,0.4711858938578902,0.44575477220371684,0.5579925999839949
0.4994847597287867,0.4426283818958607,0.555309039817312,0.4369426771671165,0.0,0.46462363616037544,0.4856613228790208,0.41838652591144926,0.4433767319737963,0.4740036930177779,0.5263471403020596,0.45774660567087566,0.4961008387641731,0.44079907425340253,0.45877174271898263,0.5924130705481714,0.5356667238646288,0.5042062793174985,0.39499473860787976,0.43938113530898465,0.46734757593352894,0.4964392438846877,0.5032016838441408,0.42511527686395933,0.47022750929923496,0.4766560245429402,0.43862170530272815,0.4400319384017092,0.4911448640183096,0.5008516897228616,0.4136397129726863,0.4997933027620618,0.4411381627450054,0.41331328526863476,0.4578041406780101,0.4560798583487548,0.4597045714708406,0.4730572229900864,0.4033801414943601,0.5081968697842513,0.44003039814691436,0.5205066796075059,0.48986798828732747,0.4791540694631498,0.4256401344484945,0.4482830741211433,0.502538685055081,0.48030703644859435,0.503330116217415,0.48071462980547824,0.4817283094096104,0.47359593637657543,0.4124227320268736,0.40066785198131927,0.4751414394145312,0.45345097348338764,0.46440828307163284,0.55147022114047,0.4196946213297168,0.4539085523399785,0.3838787093677345,0.44719298363691257,0.4910514236442957,0.44049554724879986,0.41641336938021145,0.40057011906711876,0.40764198544718677,0.4681192469052682,0.43866469962982146,0.4484477620759041,0.4826414781052861,0.42680199099426736,0.418137021779708,0.48085943954568017,0.44051474630069604,0.3969680354785794,0.47860857955767006,0.5478516202645641,0.40554081876595205,0.41014151750564176,0.4556904835288365,0.42601829749586767,0.4998290642773816,0.4257081039898608,0.467416355351489,0.4566147520620717,0.4158500744503355,0.42120544855408326,0.43115146162686274,0.395400858150543,0.6151579535562139,0.4210545742387617,0.5602740351978986,0.40292265298028623,0.47101279880443037,0.43491354591536474,0.3382284951166094,0.4287557743231059,0.4380320832050067,0.4128891435615115,0.39399877728120253,0.41316515571132656,0.40371427489823325,0.41885448282640997,0.45134108624974084,0.509732115307103,0.42071692869123234,0.4876848436528316,0.4744647349886043,0.4308641695698238,0.4350815436365525,0.48465292408249533,0.4281059508658713,0.4377581541113145,0.4586092039608449,0.5145105948074572,0.44221606752971615,0.5270490582474626,0.4684506923774596,0.43932105813912636,0.5830295686194413,0.41141649952020437,0.4417496925809523,0.4805441182252653,0.4207770153128633,0.44031616700514714,0.42506046574831857,0.45852440055565985,0.4607413115721004,0.45209270876148233,0.4403538102436124,0.5028519946722075,0.39569713605243384,0.4202843723496286,0.38490108948727136,0.447796900754071,0.43488985776953976,0.48102634378617454,0.4712582536968926,0.4401924283365742,0.39667115783784085,0.507593416132792,0.43776057508675964,0.45340285716707435,0.46059601675809103,0.41592256934473415,0.4825989639812533,0.44498670680676083,0.478315394839079,0.42222277420618565,0.4124594109092161,0.4265845199067272,0.4043964204896181,0.48534418229552767,0.4546734746785963,0.418472652650998,0.4398522546272625,0.4952436515863876,0.4258209977797314,0.4987347117600402,0.41855913801999084,0.42874007564477556,0.4016332476640923,0.5176719752708918
0.5946426891953835,0.6653363105504931,0.6105083559648795,0.5787958502085256,0.46462363616037544,0.0,0.4658539911759905,0.5710242622728673,0.5178310945205729,0.48699149184306845,0.585054255126587,0.6374789083068761,0.5774499326153547,0.4428465964168507,0.5613410967366896,0.5671869019369616,0.5845109499298274,0.4968434050327976,0.5617007477997554,0.6249133204904851,0.6235296254894988,0.6109737032508257,0.46085334675377776,0.5740686145711301,0.5358043617824607,0.46332236408868605,0.4033170566542703,0.5337165624258975,0.487934375929001,0.4231622473117559,0.5155685157995488,0.5389004802930132,0.5962694221513613,0.5235284329237809,0.5322702000535907,0.5218404236568899,0.48602188505586047,0.49271067600615476,0.5385501757153377,0.5627010623480934,0.558054481536618,0.5499073484386711,0.48079147919844467,0.5579945862130311,0.539450088100264,0.5421934464817028,0.43032531104240984,0.5351425264518993,0.48820060826606204,0.5388030433508897,0.5515651155607626,0.650412977450441,0.5247691938521185,0.5527253560567673,0.5332017761261377,0.5312137113463177,0.6318134477208499,0.5782101369168478,0.43982880566973803,0.5609960622231389,0.5927606106984135,0.45723601062782504,0.6188410785325897,0.43028971214878237,0.5181905861286205,0.5317539177386253,0.5021964395078967,0.4442096513052016,0.3789688870281166,0.4944816472575487,0.5908495052275312,0.43616983993265235,0.47037606100848234,0.5750987836470973,0.5642727817258264,0.438786500937732,0.522218397509619,0.4506403950837488,0.4905536955464892,0.4344544524179028,0.5635973290770873,0.5760254677571619,0.524250582599731,0.5077978122348221,0.5507486385954674,0.6227061758655849,0.5117444392026657,0.404766596455137,0.489669961717061,0.5292496770718996,0.4907490007366542,0.49036265243923155,0.5396811329132161,0.5860275763922921,0.5350895368617382,0.4715175810924981,0.4723959322495005,0.533318054149075,0.4309918584354722,0.5077749069143513,0.44061402530654437,0.4753641922042126,0.4084706800205062,0.4492664591672205,0.5290541437016165,0.563708745483264,0.537109381699248,0.5372577673088043,0.5031466340941022,0.5998239177334848,0.5586445366023263,0.5066772146789065,0.5405130722863611,0.4470451219694434,0.5492074965136752,0.6436134644300732,0.5520894728778631,0.47496648941969655,0.5497250374537719,0.43433181647452246,0.5524559001388599,0.4360686909965885,0.5946821886869227,0.5754411548413745,0.4954467001304518,0.5132514206801586,0.4649637370800586,0.5257572533743435,0.5906046559854088,0.4532527279141858,0.4568537295875866,0.6576466805336402,0.4597889568640095,0.593850416476864,0.5697302418744539,0.5184774250331087,0.4788785384792716,0.4923419839366195,0.5189050639291221,0.4912570263250712,0.45880957483692164,0.5050309225774099,0.556150540320061,0.5193728347180085,0.5011072086852334,0.39290876525576146,0.6591268090842358,0.48277817550187413,0.5266173615308875,0.4406825827419381,0.5731390951678114,0.4713795799512077,0.4772402061956726,0.45444947331407615,0.5591586178217819,0.5391640630020335,0.6556405966972362,0.5751589060314211,0.4909605738616904,0.48021450376747105,0.4325677515587534,0.48805902593222317,0.42742654977924116,0.6334622062497398
0.5278790638225117,0.48101211809554756,0.48946981634283465,0.5008900587000837,0.4856613228790208,0.4658539911759905,0.0,0.4447892064755413,0.42986369783430595,0.5801394102793269,0.44637058574002203,0.4761836978695759,0.540443500047698,0.4913820584734111,0.5617588835572043,0.4888578550780136,0.471143322004054,0.5083548117923298,0.401649795110188,0.46956203427048804,0.4851658017878945,0.45257703272691224,0.5906878730846357,0.46952761404889454,0.564415418676651,0.5914375647980965,0.4205897634233776,0.4223776942118865,0.4781632030940268,0.38985433278495085,0.5009836076618465,0.6020988510452526,0.5137843750133392,0.5768881647448929,0.5273098821760347,0.5437735366811663,0.5405006500280052,0.4469785797847337,0.42604809882006967,0.6417436217374614,0.4646264558888873,0.48363719816341244,0.5705615766500607,0.5698838064798294,0.5678895450195728,0.572017441971411,0.6100462543521665,0.5218709633622016,0.6692290944713163,0.5187429612377256,0.5816555956243323,0.4978094518011564,0.4286821542727824,0.44377254862785404,0.5707338781944803,0.5508251033685962,0.47939102330274097,0.4485753434777892,0.5700265319599944,0.5164329757356677,0.4232970467219063,0.529433102172207,0.47169535902238013,0.5029166125023152,0.5027083274697354,0.49451756216013065,0.5753655614190171,0.5743407955873981,0.42230353988164193,0.43692960475922077,0.5864618494247843,0.5094171363136238,0.47119371468122384,0.5533849442580843,0.4007134917642328,0.5054185716077026,0.5662326554804075,0.5529950034444657,0.4556431970923624,0.41619467998554777,0.4853958361441535,0.4954825883137392,0.48070127484296504,0.42730029944990655,0.5385402886824766,0.4676081680478283,0.46299984205165257,0.5482700136721578,0.5275151881627408,0.46029851720354864,0.5262007701958441,0.6114396784601438,0.5403020135959931,0.45641584299885174,0.5420819003066512,0.5051107483239943,0.373033747550404,0.5855102669876131,0.5069163734594441,0.5893290668886461,0.4669000588160024,0.4940448655053694,0.5788787179771998,0.5007414666809575,0.5039627791572632,0.5902005943514992,0.49336297038936916,0.486218399801967,0.6476454138193412,0.5110118381840353,0.5349928281417935,0.5635604838396308,0.5450612364781464,0.419496393889755,0.5105743494598698,0.4591380833408628,0.5127394733211046,0.5775963978056435,0.529441048278133,0.45068168790478236,0.522493614356963,0.44349697210839145,0.5130841237531538,0.5497373303341239,0.4620737277361777,0.4937770403300839,0.5082975870943927,0.5227199560901326,0.5472050706387356,0.5537605482062848,0.40851529192766767,0.4472948834452421,0.40967788531380744,0.4206270126592653,0.4340246200168529,0.5095986660234126,0.4453951391545905,0.6271202579201179,0.5503011504939883,0.47184617421982034,0.46679859186394895,0.5266737386966586,0.5299339452948159,0.49760559773880214,0.5346823720860514,0.5978292083968864,0.46913775427046633,0.4835667105048367,0.54504943795956,0.3726748227630471,0.4817265678427234,0.4463190518040436,0.37426049652075316,0.6736155383151983,0.5164828566251424,0.5059040928890677,0.44379506327081586,0.538060158482802,0.5175428092263561,0.5807082524403286,0.5213467149836908,0.4674705100476772,0.4596831086711525,0.46101524751747064
0.5552403271875902,0.567336311631241,0.5096265421844369,0.5622280154254807,0.41838652591144926,0.5710242622728673,0.4447892064755413,0.0,0.5836909086064501,0.5051054638887288,0.5173602725354755,0.5888007542867962,0.5443013079780316,0.44515043071164107,0.580135036674418,0.5289900764018372,0.49934711597870646,0.5148826751495933,0.5150757965897966,0.5846451135786767,0.5108285777607195,0.5172751050406256,0.48452031577069443,0.4709667261455428,0.5577326104802005,0.45573851673122473,0.4534735902550847,0.515026743480262,0.4660276471223988,0.4341573439348773,0.6047056186805748,0.5154420984355051,0.5960843953708342,0.5144266571693842,0.5251313318984966,0.5298665152356358,0.49566022948463345,0.5390588664455552,0.5407648773501607,0.5096061079507203,0.5321799556570012,0.48563362101059193,0.5072638762706668,0.49494079769892635,0.5907575137897179,0.5622964135076917,0.40838957031502787,0.4755045984705466,0.48690118325632814,0.5131974614909917,0.5109847680267348,0.5026794260601163,0.4812597977662283,0.4796843513960378,0.5359794359678878,0.5119476601047958,0.5653414921929139,0.5732580459376695,0.4311757636786109,0.5538926463418535,0.5777817807782806,0.4699609138718642,0.549195670530215,0.4362130906275915,0.4875946206726945,0.510179341561639,0.5055985850303396,0.4385523245953152,0.39750286091801434,0.5991699535148716,0.5573778269956184,0.46111623854170963,0.44197665972581407,0.5227058311743694,0.5447904877895959,0.45508469617121783,0.5021630726761447,0.43423537174663784,0.5605963884749643,0.40057355455512283,0.5062330354032032,0.5622302034182629,0.5137041749984067,0.549627602487917,0.5407520350821061,0.6659798492403086,0.5925218395212486,0.43355922469018404,0.5596964083908887,0.5594567418945603,0.48011353958045244,0.5076407809058505,0.5218416858788433,0.511725430938546,0.5144363724407028,0.4939595957787858,0.4665816208891336,0.5315917402822362,0.43671426365177246,0.5025273811410372,0.4674553884429461,0.548448910510709,0.43552306258897117,0.4993657209630953,0.5654655908789795,0.5526979848300623,0.5177529882624302,0.5346729075261122,0.4961706859712331,0.477139191417104,0.475642691508724,0.5212670822471817,0.49165615406053653,0.5081856807101082,0.5658388152780763,0.5443500128769162,0.536777036290264,0.48947974316917037,0.4505081675184659,0.46337665752515356,0.502864756110378,0.532585099892875,0.49249770459831316,0.5345515570508439,0.48330426060895,0.5284880918557151,0.4424712853716544,0.5506612925414845,0.5439373209510054,0.4874304318968183,0.483496139665489,0.5506602762882856,0.5155357652085513,0.5566977338465019,0.5242256714613774,0.48082409328801773,0.47825998119729013,0.5009861033463834,0.5769399309256983,0.5742914614892008,0.5030831533651119,0.485328335667811,0.5246570831756425,0.5295054537818509,0.5039431477790592,0.39887285943547757,0.5940367196545184,0.5010282464821089,0.5490320392284554,0.4312152528757488,0.6297968973559959,0.4896709463393249,0.4434254793799743,0.4448098989291746,0.5807012746014181,0.6006638693042283,0.5445555405260758,0.5352001275811875,0.4947068642623707,0.4671879993179734,0.4431196973064483,0.4921486034368825,0.4709344748071953,0.5394276259599288
0.600544549524576,0.5502482343910934,0.49644440524040306,0.4811177298620531,0.4433767319737963,0.5178310945205729,0.42986369783430595,0.5836909086064501,0.0,0.5360036317851351,0.5434370049761913,0.5047864748998634,0.5349974076114491,0.48772000627150086,0.4858118878985183,0.5458970647590835,0.5247620828134192,0.5872198780208209,0.4607665930368399,0.5794298661981678,0.45364915884035695,0.5249820526619327,0.5281671313736498,0.4197161238674613,0.5657074004456532,0.412317504487989,0.5477110257485759,0.5767880542949763,0.5051262403850657,0.5276865383557229,0.51354775426064,0.4948674916818339,0.48493623054879575,0.44560622280763773,0.5645289653882251,0.4751673178511397,0.4740082639958931,0.5899521395303586,0.43624298603140554,0.484379020589724,0.4664494673739228,0.5698262054577067,0.4540783882646725,0.4461032649955236,0.48606074036485136,0.4725549076232043,0.40855622195580293,0.43452341754807056,0.49568956566407896,0.4756743338479705,0.44552201497181454,0.4511527355452226,0.46319119443900647,0.4090564408962741,0.4679911175852898,0.5381914258099039,0.5113640277345934,0.5781101087788686,0.424308886274783,0.4972712004577704,0.45903272185390576,0.4357557853601809,0.48199191874228475,0.46259398348691677,0.4368489932604675,0.4283343187973148,0.4453366166984232,0.4234401040854136,0.4426650050205532,0.6190037718267976,0.4829150734934728,0.4720100249369287,0.4492710668917935,0.46696120280149445,0.5748161904315302,0.4428721175318464,0.434143118336178,0.43442280268183314,0.4653184770861945,0.394152486893267,0.47616998064279364,0.4816236540986976,0.5274114325917703,0.5442255338779263,0.503962658581711,0.635867120472079,0.5184300863241599,0.42446283983679123,0.5303930008160092,0.4998329508734551,0.5132627388959115,0.46665238031308126,0.5158378528797013,0.4508615400695803,0.509581290668081,0.4771397965596197,0.38591056455729605,0.49483689626493516,0.46077653215994246,0.44537888665177794,0.4475041758270125,0.4305106776442602,0.4018856569670442,0.4821988795603023,0.5291043820173625,0.48946641656587325,0.42747155051550695,0.6594194357916809,0.4518156854290125,0.4377065139254901,0.4173055391002168,0.4998010567931411,0.4584120862746376,0.5920913707528734,0.5083245094719929,0.5900635229072153,0.5388504818792803,0.5046547498305993,0.42802889046510806,0.5368150627592341,0.508422148454328,0.47403617222561606,0.4873189285867621,0.4753966764759856,0.5229762276628394,0.4655894510539294,0.4194485369675699,0.45628401935579993,0.49467680202077113,0.4669104190310277,0.6789847981254958,0.5136123766435812,0.5101366682526381,0.544085227262807,0.43911581433827157,0.4556105613107566,0.48323207322858636,0.4779024847348005,0.568998047771328,0.5124207302273431,0.4690067156287546,0.5142885554951289,0.489064900628857,0.5063433134167934,0.47514173645486873,0.3941825008747064,0.5315763326239159,0.46163290809435603,0.5816936858001192,0.4913800491995744,0.509572086379998,0.5098730544267606,0.44491096824776477,0.4309894045130767,0.510319551960497,0.5048996805029572,0.5273155067646096,0.4881386354265577,0.4960489966101693,0.4597384033202884,0.43503861557413676,0.5347818976310736,0.4602055151390473,0.5770020447832518
0.6092433003948452,0.5129953582451706,0.4895314817321028,0.48239239963689823,0.4740036930177779,0.48699149184306845,0.5801394102793269,0.5051054638887288,0.5360036317851351,0.0,0.491699363237192,0.4806798918920969,0.604108202163244,0.5637947774384712,0.5418103345453327,0.5556264275434452,0.49353628463728955,0.627855420340224,0.40804968483484017,0.5183679750286581,0.4524011874958028,0.4651409094879345,0.6997069082592658,0.42994949401664423,0.7512582570048763,0.5263586968810209,0.529747095867386,0.4765575624373638,0.5990453931875241,0.46724664460011256,0.5634650752892831,0.6065210863832562,0.509333803136691,0.5157567382725454,0.6131213042525683,0.5230353313127917,0.6113675349599089,0.5622071649468253,0.42249751680018804,0.5748036484914395,0.46890306665126624,0.520946969884904,0.5703339532276134,0.5335118950651853,0.5569028120593851,0.5499172911184121,0.540285881645262,0.5152020666098437,0.7052731498778799,0.4908267490886898,0.499289467651343,0.45958430765671726,0.435473553637273,0.40634167927845655,0.5559768721713491,0.6533074937063703,0.48521049686610207,0.49990229528696223,0.5165045847531484,0.5067532799635351,0.43136303502363915,0.5215078003190499,0.4739681619456819,0.5370676575845514,0.46304953756643874,0.4645865177243546,0.5309250427286802,0.5676826406990828,0.4839803046656582,0.5543381972390198,0.555121324951917,0.6016679368725312,0.4668855894614929,0.5005580483096717,0.45120950202050997,0.5837164091080871,0.4927592042774133,0.5609061931816959,0.4998941295275034,0.4498399914590457,0.5340745372394632,0.4687571341944053,0.563589240939022,0.5346862601096504,0.5462157928737851,0.5483372420743512,0.5413759051569087,0.5472907979828743,0.6634919704169924,0.499447113798127,0.5540366347393336,0.5659042044192663,0.5725717065761643,0.4498270843782006,0.5503266777421004,0.6026189841173436,0.3642573387718165,0.5983476370988058,0.5484043293076972,0.5233793070516908,0.5360373374193814,0.47890374830751464,0.5217807466202463,0.6073441087244624,0.5445562393913247,0.5809853735552964,0.4530531859967331,0.6387654219696891,0.5823902640265316,0.4754251046164612,0.4531424149143929,0.5727064366720641,0.5268726010396771,0.5375047007743281,0.5623776304159903,0.5011959172671303,0.600680529946934,0.6723073313422269,0.47546689727243535,0.5729781000210831,0.5411207618497839,0.514880833980716,0.5224822879418767,0.5503636862130544,0.5526757519896275,0.5486164113557358,0.4532347808646337,0.5053429920950476,0.5609354342426641,0.6294177806290413,0.5321242027668537,0.46477765532476184,0.5041112490945157,0.4551763694976013,0.4267978482339344,0.5308468480713364,0.5299181319936883,0.6374722709117482,0.6714989839947099,0.5393983176718119,0.5588333034370635,0.6036436772160317,0.49899619082335267,0.5076249561269609,0.5928729184086636,0.5182965309765928,0.4807048076496049,0.5417933701668068,0.771793140258555,0.43155421073117806,0.5095933750604723,0.5484635466384673,0.37844582877818583,0.5518201198512066,0.5630510093620894,0.5586735162496578,0.4797608413721803,0.5622977407880461,0.5977775324864746,0.5869314384412965,0.6016825433461379,0.5909380925789995,0.5338596956476358,0.5044518359216806
0.6261568700565299,0.5289074435030771,0.6255032103092144,0.5280773353841628,0.5263471403020596,0.585054255126587,0.44637058574002203,0.5173602725354755,0.5434370049761913,0.491699363237192,0.0,0.5084486269526779,0.5954751162711984,0.4882909687782508,0.48470370531468965,0.6690503575020652,0.6612724001180439,0.5745169661682985,0.48042208202424297,0.5800653944099134,0.5261462283870506,0.6374652896682045,0.49045506173818265,0.45909443768886554,0.5269208841172769,0.45369537904019214,0.4716305974238288,0.6119971883482762,0.5221382294426219,0.4786014571038834,0.4558569852453272,0.537613206872655,0.49523766719249884,0.4486088955738607,0.5514544467851632,0.4985494563752378,0.4852834473073378,0.5564586942012878,0.4548379690167825,0.534064396250941,0.47926886168417066,0.5960335090181729,0.48237430755297006,0.4999733807494584,0.4764436699862611,0.46844025792751276,0.4117678242029803,0.5188014400992857,0.5087617296979641,0.5296672779031876,0.5057299260175664,0.5235123134420098,0.4774077386930737,0.4627896397328488,0.5246772946187449,0.4730641387811959,0.5664174023341182,0.6513671959913998,0.44347067369202353,0.5090205259311583,0.5004625291157164,0.4438347990884224,0.5980245476253082,0.4648692978996313,0.46167413485784115,0.4560130607477398,0.4589797686720126,0.4399351100734798,0.4523348728498832,0.5579879767535112,0.5221592487910893,0.44943308328019604,0.5039043416788642,0.5436106940423694,0.6131114161376904,0.41413882047845635,0.5094289892564532,0.4570065312611075,0.44384426415998024,0.41317525193188537,0.4990352017590299,0.4939343560147065,0.49185690590298864,0.5245335209074778,0.5341590500659616,0.5552095613405851,0.5144012915469758,0.4220938591770658,0.46657594277995484,0.43776370395909625,0.5847598440853413,0.43573725198506497,0.5777584624205924,0.4799872746730664,0.5469968751438018,0.445314390217845,0.3987355128528391,0.4611696266604753,0.44883333389718516,0.44840173195043054,0.4296800047970434,0.45358628909137216,0.40230877390277864,0.4294068826043406,0.5359793395657549,0.5053060329601995,0.46357391448281826,0.5736530586150455,0.4575931970463202,0.47378646829737764,0.47484530548575493,0.5213797865979546,0.5093413936794835,0.5124792124806354,0.517973720978551,0.6228245354103925,0.5031515231676331,0.528570968339431,0.5279818711373696,0.47918713022100523,0.5849686577553798,0.4422033330021616,0.5315957677019008,0.4924942638784017,0.5031367555720484,0.4646624771657845,0.447604969640321,0.46106313330031456,0.5282844122455876,0.45665137378535386,0.4905731368631644,0.6356300825489658,0.4839410542215793,0.5476561970184198,0.47408910048922437,0.47957678751157257,0.44349888073504856,0.48043376994513026,0.5476475633168354,0.4686598355895429,0.44752238297353475,0.547917121057183,0.4924463659592592,0.5335147556474399,0.48641272498068067,0.3942847675592696,0.531576321846237,0.4430161525169753,0.5244084854243858,0.48253049336069026,0.5083858895906125,0.46860672883605764,0.4943840297476801,0.42858974579380493,0.49189799086255415,0.4828839732718279,0.5993385557600273,0.4979635699490808,0.4953011104125799,0.5114067286230991,0.41973315669566635,0.4890576399186938,0.41532985201474143,0.7087515214871387
0.5181323726232009,0.6513720349067246,0.543400014513771,0.581256134539763,0.45774660567087566,0.6374789083068761,0.4761836978695759,0.5888007542867962,0.5047864748998634,0.4806798918920969,0.5084486269526779,0.0,0.4986587779244155,0.40766477484137886,0.6251745425044769,0.5153436899385964,0.5175934375306941,0.46468206190590955,0.5892515531503645,0.5578471433056534,0.6190612842432202,0.545221258199525,0.476283986947988,0.6096984639682119,0.5279494765839106,0.45871363169227,0.3978304964811505,0.48149116165158684,0.4686310319015856,0.42182621856938407,0.5593194857925463,0.4928984088501467,0.6416619659181206,0.5466794382729234,0.4919707857484536,0.5219683635653738,0.4641438581631519,0.4772611411169798,0.6338252413879423,0.5476046851253309,0.6266323573360617,0.5050712545922599,0.4802739052407506,0.5483918764496465,0.5433500362191634,0.5687865966320305,0.42916305786275416,0.4921211029949437,0.47951450099368476,0.5131660176364409,0.5402627340416886,0.5970386572983715,0.5025499473221775,0.5480178989516623,0.5231509221126489,0.5246191480335813,0.6025879132535604,0.5682357888071113,0.42064477966817315,0.5556935419015475,0.5363949771335129,0.4433729735763729,0.5421062084589445,0.412891309948712,0.5083570339976294,0.5089189387055955,0.4848575767792176,0.42637127973904976,0.35597421995003264,0.47570719758725866,0.5597552152755798,0.42709743925198,0.4195817605441465,0.5348256290977814,0.5040820011363266,0.4319929700728387,0.5020544857058106,0.4591944619541796,0.523954744130801,0.4232113355124595,0.5367929386783388,0.5899595164541429,0.5416145283154143,0.4723988154465383,0.5393245024208567,0.6339486376451468,0.48160979705731977,0.3948237836146646,0.4903814119533314,0.5825566984847911,0.4673610078868332,0.5172397675824908,0.5260104226921531,0.5510909064012218,0.5063544410111055,0.4824524928651076,0.4727186853655213,0.55338543602672,0.4188051574279565,0.4943207366916249,0.4385005627650569,0.4844757259993062,0.41716072283934164,0.48458712413426813,0.49924296050101497,0.5668060492436414,0.5428830569168094,0.5180304667491515,0.5201770000683451,0.5783509336840968,0.5590126704730056,0.5072101036955101,0.4715951979659496,0.4420213480344253,0.5278705212390546,0.5841990178305295,0.5361806662737297,0.46562773065082297,0.4865399271491422,0.4169091643847535,0.5372418720630703,0.45032449497231947,0.5219378175870032,0.6045665090740981,0.46331771637936214,0.5362802166889228,0.44281457864134366,0.5616428199092042,0.5693822748321193,0.45129115164743683,0.4430959352650868,0.5808852890891226,0.438160013286955,0.5741832911659489,0.5619649981690847,0.4966404265213319,0.48898576950700057,0.49934029452567696,0.5180692639495228,0.5482084555327587,0.4506911400152098,0.46506356455093056,0.5574173085266247,0.5068247183031661,0.5040110679194899,0.3867486675992028,0.7650062261238243,0.5135065471880814,0.5208555325020437,0.4221018342181009,0.5800950795878667,0.47423731488858223,0.46084270574728786,0.46924958844135894,0.6351933202157569,0.5473338551808803,0.5621143521989856,0.6024810756760157,0.4694952668028971,0.449511154609694,0.4298435142961733,0.4702129123614407,0.45778841212312404,0.5755055103541187
