0,1,2,3,4,5,6,7,8,9,10,11,12,13,14,15,16,17,18,19,20,21,22,23,24,25,26,27,28,29,30,31,32,33,34,35,36,37,38,39,40,41,42,43,44,45,46,47,48,49,50,51,52,53,54,55,56,57,58,59,60,61,62,63,64,65,66,67,68,69,70,71,72,73,74,75,76,77,78,79,80,81,82,83,84,85,86,87,88,89,90,91,92,93,94,95,96,97,98,99,100,101,102,103,104,105,106,107,108,109,110,111,112,113,114,115,116,117,118,119,120,121,122,123,124,125,126,127,128,129,130,131,132,133,134,135,136,137,138,139,140,141,142,143,144,145,146,147,148,149,150,151,152,153,154,155,156,157,158,159,160,161,162,163
0.0,0.3186405031949159,0.265157091617827,0.25566182177149055,0.24652112643402077,0.29613520732194704,0.24861216177401207,0.2938670570523649,0.3236088120067629,0.30137160688062914,0.2806186529797403,0.24313811286000986,0.4136543040358139,0.2953519252655117,0.33065314228580184,0.30402261932566416,0.3425867500916917,0.4647510427313969,0.2918372986448825,0.41305378616889826,0.31263982694630976,0.3017977894201535,0.2770194693861677,0.27220969391044103,0.35945311003701264,0.23998683271641055,0.24276137572195844,0.3072982847596336,0.2449873864017599,0.25379259585553804,0.32252316665239145,0.35713072820486885,0.2713364050783665,0.28412498486651305,0.3801373647750364,0.3023094111240884,0.35182860724304565,0.33438974710612646,0.2331618365464596,0.33066947543728836,0.27038922143641897,0.30253176601344056,0.3449845307729719,0.2901302433052711,0.31971232867092875,0.37407607765644657,0.2621702925819033,0.27108189014882184,0.340929751547353,0.3859666332070835,0.3604109098108001,0.3224652368804019,0.27182563613714006,0.2710329803618114,0.282698969052544,0.31997352056447514,0.43392624268385166,0.2675647644130008,0.3006724162510697,0.3958933416310267,0.29135274903009034,0.29731836812198287,0.3056188614856342,0.24299338935723125,0.3171807730212758,0.32836277372414036,0.28681075288839125,0.3115557803978411,0.27908667871479986,0.333561894406039,0.3951154471367124,0.32882724590255974,0.2985643582208385,0.3383875924461141,0.34391048377842226,0.3121015132700293,0.23358395598051088,0.24631632448122984,0.3186531485129655,0.24247781795525913,0.28038143003553817,0.35384296146821737,0.29883945201770745,0.3170637270555566,0.3385580448573127,0.3642341472968838,0.2884448451790206,0.3354882379368409,0.3627498733405488,0.27346263569260926,0.3370353502647974,0.29481944271749394,0.3615736625396411,0.3400722583175923,0.32994380874857615,0.2562431065701324,0.2294242605405545,0.26915721138512966,0.260342307639364,0.3768500393460342,0.28675942027436063,0.2633728214808442,0.24643521367882276,0.23869201339179708,0.4050994533279925,0.34134983113251127,0.318834507893143,0.3102850822121682,0.330405336849074,0.2851137776831358,0.2668833735156289,0.33263156102739905,0.3472247189341997,0.2567154211273285,0.368367418364918,0.344515762374358,0.33163881615405133,0.2960563299127581,0.2410082215927789,0.2744904563078919,0.2874334756517977,0.24789970894023308,0.3397497809542875,0.35634607553547953,0.28494626969525133,0.27079288230225956,0.27361906286480614,0.24972474819654214,0.2865596965664179,0.3338077564577001,0.2766722950878433,0.2672946180513758,0.26094529210176787,0.29379513261366474,0.2734278346442655,0.2743879654283668,0.30202774431547963,0.33603097224422723,0.28807331078329323,0.3378281673456637,0.23614196112790253,0.3065811003240705,0.3648100801500399,0.27230233102840284,0.2956140676616725,0.286774376047282,0.27974421725466647,0.25978305722204753,0.3336776679865749,0.2105312589880519,0.34529653590564846,0.27993332705335383,0.3018937691338931,0.2223345323432094,0.29801015833657896,0.33921224120271276,0.28719940544223427,0.28070514500741045,0.27222296320589506,0.3265391374110776,0.2555035697092925,0.3496397735331575,0.22887276925516184,0.365015608414129
0.3186405031949159,0.0,0.29924019737720065,0.2804730812283524,0.22780436894638925,0.3501768834534846,0.26342029640601955,0.35976135223693373,0.27316514059456254,0.4180780722430175,0.28826385872923344,0.29186633545625057,0.3084333666660418,0.29377552873221635,0.34327367985527396,0.2687340246646608,0.3089025163561639,0.2997946902235835,0.33470594631655304,0.31894592161412927,0.31733011157296953,0.3689555540010916,0.2799459061887181,0.30662435290069295,0.36706550436230745,0.21608832466820335,0.22480180562778834,0.29892869399228394,0.3363295065271323,0.22687554766149665,0.3344757892205066,0.29341218383048173,0.32696555930184534,0.2521538194434121,0.31342841382404185,0.3184141873939887,0.2833386206624111,0.2958368454239469,0.2698733733251681,0.3108289792601792,0.3424405042407922,0.2976102718119881,0.24900793295174523,0.269409780606994,0.3323849241563059,0.27625471305799054,0.23528922642998928,0.26009192435089035,0.30269945098079376,0.28722222845854367,0.30544158191455006,0.278815780510387,0.27898234924946846,0.3537455245919091,0.2967449888849201,0.3221246785343387,0.3158616037823963,0.2665711454037471,0.3104538474241166,0.3355652727397031,0.34368888130725317,0.2273475070362081,0.2547121305496091,0.22646129817229357,0.2600104763241967,0.25286369428648414,0.26479351150072883,0.26256730168095255,0.25018603725864363,0.3288257018892698,0.28499905190682556,0.29228762159570215,0.23281022369839,0.3233459257701433,0.3323561585140087,0.2421860935633352,0.22516492966403862,0.27151503288275486,0.26880434819560695,0.22247989901140416,0.2759279736615921,0.30619777625132855,0.35322173429743714,0.28752825246948466,0.2803828463492375,0.3882767726489177,0.25888950667290456,0.24353199999939626,0.2686599772097913,0.28517157766012463,0.25104357076185174,0.2808268248186739,0.3219916995633462,0.2769122130573951,0.3040696209095875,0.3274558954091394,0.2395644529848458,0.2821961322260925,0.22478897113778482,0.31594617457803986,0.28331761990890064,0.23621339076100795,0.20669671329513345,0.2896739592608683,0.27920132347416304,0.2666435781940629,0.27309255469743604,0.37731115646467794,0.2999546605476578,0.3506117046515932,0.2588033424786592,0.24990096096601677,0.2935856918031586,0.23597627349806244,0.3103018824579421,0.36956742318431735,0.3023140242818637,0.2457799693489731,0.2779280641733729,0.24777890444645528,0.2545224477962642,0.2430947071659628,0.2915831583053609,0.34375977244373235,0.2637265753483538,0.3449293765868783,0.2558002580348498,0.27375626199709174,0.36674519005023565,0.28193596146312583,0.29738351561412735,0.270221953536465,0.2317992162238529,0.29073912894149273,0.30914919088088055,0.24944596264042054,0.27225846056061676,0.3082812590905184,0.3023188472204275,0.2934329853995217,0.26522641748619424,0.29238308035879523,0.35852117219898394,0.2606707161114654,0.2914296898642755,0.23940401561888483,0.3028393555514218,0.28341822106423753,0.39060905587673495,0.2303942007124777,0.2767163272661981,0.3077715745971167,0.27333525795159663,0.2746266871307468,0.31953365995997285,0.3244358544999645,0.29482036976126597,0.316721704695251,0.2649065598080892,0.2420956659415368,0.28032807981918323,0.33080648608565816,0.23650568605832298,0.28910182786376903
0.265157091617827,0.29924019737720065,0.0,0.229236442728931,0.2524902452758818,0.30898347190139286,0.21741792113841615,0.28121964724138165,0.23433473865604248,0.31614643034319306,0.29504651603309506,0.25729677806683054,0.31671485996608423,0.2477161927763751,0.25816115828151964,0.3727627747107497,0.341137490902001,0.2587077662733551,0.22225995544081278,0.23975941935385986,0.3292011373087686,0.40987450549464294,0.21561362805644815,0.2719317272329648,0.26007838890274365,0.2659454559688984,0.21388505708402858,0.2497586703171325,0.26155088596367376,0.24643571743047848,0.23440503780855582,0.2866028173995003,0.23537025659921842,0.21524887713610416,0.23661556001622855,0.2795310015875899,0.28111430865945103,0.27194128821977676,0.24002187221199286,0.2778992996286887,0.256586970809307,0.27920326197430506,0.25631159747981946,0.2561288239046863,0.28887709604050366,0.24889531284804517,0.25702872497854673,0.29420895550006787,0.2475680779901412,0.2706324950636683,0.28650700516287253,0.28793301266323135,0.1943631941778525,0.29673887454958614,0.27557508236800565,0.24925067293907618,0.24896491425987136,0.2907448395503789,0.23016256926061895,0.26312235646441545,0.2600917271952536,0.2293237837005573,0.27391920547624204,0.21779261033275515,0.20867616322616242,0.22138975330920874,0.23402642147855188,0.3006007048324851,0.25635653082793364,0.2684694718720462,0.3000805005668529,0.21914432361786948,0.23373531811497145,0.3580687956638765,0.2889048603306038,0.18389951614199834,0.2578259823838367,0.2725690781664632,0.22065403469205366,0.2077648355709621,0.24745707987577556,0.2613502194618037,0.29641410193764234,0.25782680066726715,0.24253635423861053,0.31619664602899145,0.21743822032978288,0.20897010517369988,0.23014384673009802,0.22187014250151374,0.2800329056690285,0.21398686385123422,0.28914736539224467,0.19901499086031602,0.25756565961686434,0.25631821251706716,0.2031699101253038,0.23884290495694294,0.20186629063302408,0.2561009703498678,0.20942584512406237,0.23186322959811284,0.1871523189379338,0.23696090205489012,0.25395866545732027,0.3166484567935387,0.2638671059779767,0.2597931154773893,0.2588706389967961,0.306197830132905,0.23657613982443926,0.22820784374915729,0.2560221852612364,0.21316559659554413,0.23258563978708893,0.32000447612328337,0.20294745232422048,0.2685214734950138,0.28230888872030796,0.22979881395576413,0.2661219779327549,0.21153490398860947,0.2374479876715865,0.2819054257467645,0.19717073808622562,0.28803999220972315,0.2416877286410825,0.28589244280120035,0.30361138640556656,0.24828650437591504,0.24968441588763837,0.36191136945790764,0.1948574450806942,0.2161193496024456,0.2500570241045441,0.20506351393179165,0.22335393658977767,0.24652692128485543,0.2556459663430992,0.23732125101475662,0.19137707333540688,0.2712889630533699,0.2621109387764316,0.2574071808361863,0.2534666504480295,0.2013041861545563,0.3153210547929317,0.24584693687792628,0.31197265032994925,0.21553246522353395,0.20891796877025423,0.19082484520673781,0.24250883250806143,0.2886337541089613,0.25749317979751385,0.24950217420323667,0.2601275471135631,0.31119793885316077,0.18583358518097945,0.2438158587800762,0.2302652327839765,0.20417647309858608,0.1996847104105143,0.26055434275978473
0.25566182177149055,0.2804730812283524,0.229236442728931,0.0,0.2172694133787828,0.2536452736949671,0.28829130928812613,0.2656479344033671,0.2285658881215809,0.26008441550938316,0.27401700763924347,0.266874346626912,0.26084901224440304,0.26116181603910965,0.2981607795150086,0.23976616830289038,0.2673219976369995,0.2640989645664598,0.2601584818743323,0.2456177479850027,0.2875752509119033,0.26096432079289406,0.27915492037676193,0.24932437522106035,0.29761527160709533,0.25950112414885695,0.2643179487801573,0.26640205779020876,0.2455866484441121,0.19023674945452387,0.27113453832064055,0.24089829717579145,0.37691846598393397,0.28970956744973614,0.28840136340307215,0.32442643850652225,0.2755866549872924,0.27405743139652294,0.2566863823568141,0.30168020108514215,0.28250755934356214,0.2580609944364877,0.23067838252425188,0.29004018702291545,0.2959325109993532,0.26001936747722176,0.17839250181568309,0.24781188966588114,0.2747711516555287,0.25779429941218956,0.30925136502925793,0.2738547330301288,0.22924512897690266,0.353237361443322,0.30345768811171625,0.2494745112812163,0.27663723812596686,0.2725775188172105,0.25508905261388604,0.3094850970091698,0.2966590459959754,0.22578023479774673,0.2465604199595068,0.21805676382479702,0.23908993594853634,0.2474477027352781,0.3251760878364921,0.21464998543624464,0.2291528048481525,0.27347597185328926,0.24478049205461372,0.2507650599745186,0.26357665792406754,0.3358246657796747,0.2647518670137608,0.20839090315510664,0.27300910360597364,0.26498909473214927,0.2417827721687383,0.18672842035784348,0.21107115038420335,0.32320927521517384,0.2239420884746633,0.24783954909184946,0.31610745514624805,0.27479128413376236,0.2885742982998832,0.25448714595827265,0.25738203121031267,0.25544716520376537,0.2844986794901899,0.2973512275666137,0.2541379777169601,0.23273054696746323,0.3024873563807013,0.2643063553795066,0.20879362979456456,0.2892743829020947,0.23598604347891808,0.29767232094475066,0.27144620229983785,0.2555173616166991,0.2946168497762601,0.25645918198471995,0.2749899138089147,0.24093878152025935,0.26375464049446135,0.26579377119474623,0.25614583396569046,0.2527102014187215,0.300010838015978,0.28204182079357176,0.31576227712212074,0.26936733508467803,0.2719078710804949,0.2622201962259363,0.2503751942840266,0.2145866519273942,0.2803142885407966,0.2817162480050753,0.24668828532161285,0.28989953110884437,0.2718239980967749,0.26159033968930634,0.22593150788100627,0.2559075743813816,0.2672409858485522,0.2629981119560488,0.3086719005734523,0.2665465031069688,0.21500327286105486,0.24112989673206545,0.25878453997045,0.29165849272239125,0.27556871269698474,0.19342536102527272,0.18384707344100376,0.29559672917018953,0.28845755416784147,0.26776633699652097,0.28781653475675073,0.2582737874850369,0.33239859271101674,0.28052349536983745,0.26868912305489495,0.25303386813390844,0.25439169694196523,0.2161508693680016,0.23954683920191033,0.19956178785593048,0.3023852664417713,0.24268642470025462,0.2737512266203354,0.21369978642548498,0.30336343729188364,0.2855165761235961,0.2513311654025009,0.268473249821708,0.3430054343297817,0.2531002044642318,0.23166673686779216,0.2544149860928218,0.24525131829466607,0.2733148650476526
0.24652112643402077,0.22780436894638925,0.2524902452758818,0.2172694133787828,0.0,0.2140701714325485,0.2649696256352773,0.20536722008909247,0.21952341539677642,0.22702334603994698,0.28267143625949936,0.23044417154343874,0.2274446936285327,0.22889856926674226,0.2423313329190537,0.27213146858674847,0.2675980403959021,0.24228541849065138,0.19013136205918613,0.2128039742007822,0.2741420609331108,0.2672621695345495,0.26270696447276287,0.25296526683994214,0.23512778084113556,0.26306838546271494,0.22255931904376397,0.2053197974023193,0.2153665537646072,0.241841997409515,0.23173539458163203,0.2141736138888718,0.20511136522110462,0.2276552325716733,0.2848125871975001,0.26697003737901787,0.26434085724994544,0.24237315628205144,0.23684443457681525,0.2459026394676285,0.2273705095545789,0.3002985210995841,0.23773513924495715,0.2885372267267765,0.2186588403108933,0.20807701258218972,0.24284971766161567,0.29603752383045523,0.2670755653779625,0.24092523569901897,0.2536403821357194,0.23295375411167188,0.18828728707453807,0.22942346948818262,0.242460980975884,0.22917117828602632,0.21477651817232885,0.2888362394979059,0.2079330145376454,0.22303098100470467,0.18599287330244968,0.1975124192758543,0.21717347829672382,0.232084715119407,0.20203199362985544,0.1775838316983623,0.2204763698001473,0.23941180660556108,0.20422115702399835,0.2384979922451722,0.2417952317637485,0.22539022902908712,0.21689391818795578,0.24495680847558335,0.20779362819804534,0.17954964580329794,0.2346755546805356,0.3882274264617332,0.19438337112902804,0.20633638025223547,0.21246336307437755,0.23974434900643413,0.263270617069618,0.19353709609215972,0.23464466719947605,0.2267315892039383,0.2239866919265074,0.20321179881754245,0.19687119685595159,0.21710598435888107,0.3498393693293292,0.25027670352192155,0.2779226579695908,0.17838776106877602,0.24876498123680568,0.22325099677227117,0.15976614916318027,0.22165619856244342,0.237090421660618,0.2070011373299049,0.2181380021804271,0.19897334185688542,0.21288677933659012,0.19190165712901217,0.21962549934683048,0.24034873809251436,0.20183411109404745,0.2635959393048755,0.24495406239227593,0.25397412442554324,0.2525154934926913,0.268576929598693,0.2207361770811257,0.2366640888120036,0.20912438093195473,0.24898207136781125,0.19740709737156623,0.22752397108193007,0.22406290115937444,0.2512696674526698,0.32028822841815685,0.2035984835795384,0.22751604172478007,0.26969401577278324,0.21608952936212195,0.21043674926642117,0.2079555853146932,0.25776280823343123,0.2302696461407621,0.21762476630425076,0.2142841974422477,0.22978876872581935,0.18608873792040756,0.24248020552545013,0.21594048508672561,0.20828667725683148,0.2073257277647368,0.28075015929940955,0.23068885417188187,0.23658729242602203,0.1713503114257147,0.2658253053013248,0.25209246981741973,0.24459698113633208,0.2787360645620803,0.23474423517040213,0.2725921872641216,0.21153736432346415,0.2261880350102542,0.2050069684499831,0.21621990454687628,0.19586162929125045,0.2433789628921213,0.2321832752370542,0.24651206893881802,0.2325010293823141,0.198648025910092,0.2783450206003643,0.20415273864541386,0.221653484405608,0.18956954197040918,0.21648060214805598,0.20636299070270148,0.3132820212702155
0.29613520732194704,0.3501768834534846,0.30898347190139286,0.2536452736949671,0.2140701714325485,0.0,0.232137132536183,0.3012148767679432,0.249289202425972,0.2786097902869997,0.29108536925532735,0.31629765706585505,0.320119527947103,0.21264012176670596,0.31501011851813093,0.3021337390537624,0.3043375979745366,0.2345994923707446,0.31648657950471,0.28014204630629574,0.33892930528523435,0.324446942590318,0.19954498296689474,0.25555983616317535,0.31403516265824366,0.21674703562109188,0.1885890590142751,0.24632753181009887,0.25893219729565686,0.24032649779504148,0.28748349872837625,0.32905956450226675,0.3115255332040363,0.22426473786935305,0.2476755291521937,0.2588275388586904,0.28070473426695464,0.24959608632086497,0.24784427405481563,0.24066047371542773,0.29707813477104855,0.2831720936004968,0.27946576693235686,0.31216291465192586,0.2515245491688034,0.24871931226963387,0.22971724588083114,0.2732487721119462,0.22301976656418396,0.27923261247314274,0.30686218754160816,0.34783139266159374,0.21979187005034317,0.32749901580962293,0.25295552687989503,0.2811127716522248,0.2941487421638832,0.3518289013633448,0.2210254935529966,0.2579823514371801,0.3110137399364488,0.25128420944032837,0.32862530442176224,0.18415861249861917,0.2338866693748827,0.24370634976838682,0.22469933049798912,0.2921130602139882,0.21818342072918043,0.28279766563203435,0.30396431696833864,0.21347091016140912,0.2251066706487779,0.30085310636451257,0.33204007846426037,0.2116273350204718,0.2351175580719668,0.2371444935473458,0.2394112336116396,0.24838586978697708,0.3248081383617795,0.278755030966626,0.311882989489036,0.27693939892651354,0.25603367789302856,0.28986082141339725,0.26576529436297314,0.2232121588702762,0.2572615392883226,0.23026752043586451,0.2728901134281005,0.2652379243397508,0.2976033915579364,0.23696928110833498,0.2362334838654901,0.315372702521063,0.2373542196918167,0.2731606644288789,0.19558970983880677,0.25966946891751147,0.2206268217487509,0.23070800082730186,0.2122323402351877,0.2492209091017492,0.27542229488405284,0.3118813408519915,0.29545319543860926,0.28280387064524787,0.24862546309392813,0.30908223876384616,0.27921988108001367,0.21832672838505404,0.30014211930508283,0.2245128498177659,0.25643121604625113,0.3157034950934853,0.2727825942754933,0.22439287179908976,0.3200023035726324,0.22559086087777228,0.23658018093516395,0.24489143723994844,0.25847024620653464,0.3306391250704348,0.2319806468869568,0.3257347214180038,0.2421559596501131,0.25082265349786437,0.29173127810620564,0.22876462986537263,0.2613037009614064,0.36367959952664425,0.2118033759074784,0.24959170061784927,0.2690645143969912,0.23291403619601828,0.26619966206084145,0.2313441468987657,0.2285780265829756,0.25740124582814056,0.24980900306148984,0.27711291058036314,0.25892548982958125,0.23871554614399337,0.26534716233011507,0.22007959701371482,0.31957635284446545,0.2824322832757241,0.29344513281265466,0.21085960570319648,0.25258733318987425,0.2558800743848074,0.22319222256586965,0.234071538948818,0.3387942896385408,0.2729242707952,0.2655518125103843,0.3492162493075203,0.21732772800808628,0.24847887401099214,0.22465754785502068,0.2729060741263251,0.21047803710434576,0.27316433515124017
0.24861216177401207,0.26342029640601955,0.21741792113841615,0.28829130928812613,0.2649696256352773,0.232137132536183,0.0,0.21120228707962724,0.20828517479869857,0.2523757096215195,0.27161989789609975,0.2958040004469857,0.26222181751898815,0.2537341958315081,0.30832813368590345,0.2326115840776529,0.2490922795971606,0.23976384022640618,0.23826948451878183,0.20873542538139842,0.2589331496274949,0.2641554720048309,0.35683685676861093,0.29337557956625404,0.27963804759678307,0.2697998867822234,0.24185416314344385,0.2294857248105335,0.2640057465236107,0.2310752183433032,0.25863030724255887,0.26168246823559066,0.2713725401554212,0.3027441313972858,0.2642765310010131,0.2681191010059259,0.3160601589595152,0.22565471821750982,0.2578885409093681,0.321747156165112,0.2798798005679984,0.27571976674623977,0.24903244477041234,0.30769189380243767,0.2726206343179207,0.2405262497274886,0.2457122705755209,0.25661724264335284,0.38065947873786293,0.23245759986072373,0.30593749762167327,0.24079550588192333,0.1930411865826264,0.2940260820604079,0.3193598333677354,0.25987861220545844,0.23286469130876047,0.2584328895471182,0.2619404299224813,0.24918378213219694,0.20471649895093186,0.21413511119468728,0.20537411295709082,0.2357515654102066,0.20753357502916753,0.19028504663932191,0.28051784102263666,0.26454556582315686,0.21142951097848484,0.22573259178982671,0.25772335733937835,0.2309252114971149,0.2228722311009811,0.29525012681919466,0.19123413499329822,0.21919783776940663,0.317310570614458,0.31974207213627237,0.20479093204538523,0.20559253465357247,0.22063157250864165,0.24950327035146724,0.2555282203245121,0.1917263552888614,0.23731275718724862,0.23775881350893532,0.2277492142142902,0.24098692717270165,0.23008302824102442,0.2367261684904998,0.3065217870055367,0.33261005178877634,0.2848859485731508,0.21491630844487716,0.2547492401461022,0.28727356444154273,0.16939562241615502,0.2834941814550121,0.2382503801919716,0.27133114949563114,0.2567681802104945,0.23444209802288749,0.272170362601025,0.22729205042262457,0.2133959765773703,0.24499359611333255,0.21493201554335675,0.26003812701203277,0.295138627116249,0.28693825587945787,0.3651149162533907,0.25060743869555874,0.24757216281644306,0.21022070869444157,0.22457974284815027,0.25653485640762413,0.2251255973781974,0.26080133149347046,0.2687284030673159,0.2337439971255616,0.2559232056345265,0.21920052899723574,0.23820496774751249,0.3056794322227439,0.21306740328872806,0.2799999271165939,0.22559158560651726,0.29440293403180223,0.25247863518052244,0.24241973898492797,0.20324464331048273,0.2006032727213139,0.20483629260805605,0.22649469302044847,0.21739681189984944,0.21470493311701247,0.22352886959517507,0.3082090156892028,0.24799108594799335,0.26062193147917534,0.2146196502743582,0.2566199520722459,0.28078810557449485,0.23124145196379164,0.2832083017393618,0.29560025867363277,0.25713664555061166,0.23904351769475782,0.23129971583372028,0.1854245404685834,0.24553130254709854,0.22812337372677596,0.23929365447735013,0.28808747716120237,0.30290317305496145,0.259384289581031,0.2562451267022114,0.2989384847715477,0.2756632905492183,0.2867256595534358,0.21711925683009442,0.2331714129658194,0.22370464666772416,0.27733626929903316
0.2938670570523649,0.35976135223693373,0.28121964724138165,0.2656479344033671,0.20536722008909247,0.3012148767679432,0.21120228707962724,0.0,0.3160871487337382,0.32226092025865855,0.2574672062391729,0.26212315008100223,0.3076641897090375,0.26502353591425265,0.28826636380860854,0.29140191791906556,0.295429603252733,0.27684688777769584,0.28355561993863315,0.30691248781982816,0.3092553794478473,0.28138989770224926,0.24061191179519678,0.24279225508544336,0.33036156118292526,0.22179796155371856,0.25148304730305215,0.30244324568653663,0.23140928222432505,0.23348128828603965,0.38660384774481316,0.2897073473929806,0.2797294214759384,0.25894250208631153,0.29892823157066317,0.32552554627733,0.29851219349110364,0.3418848465127581,0.2617305457942232,0.2683704307745058,0.27575322083551423,0.26917406068913746,0.2740016268958273,0.24592913535275743,0.38622020168403315,0.2719406496973469,0.21608537119742474,0.2442837579325473,0.2678472351184885,0.27904726175219013,0.2823684315794783,0.2472204838979686,0.23540548489878385,0.2735113973887055,0.2676842339186157,0.29087861811733434,0.2837426682792868,0.3081497258145053,0.27835266921840734,0.29400321480629704,0.4054743821596512,0.23633015770195434,0.2683671185776549,0.2353433624684236,0.2349650202099803,0.24900421871011277,0.2753561186144945,0.2553862298819036,0.2780166682302145,0.4738486985050918,0.28063984601143366,0.27537378834146103,0.2529008850427562,0.32392722707336247,0.36671470633565434,0.22979981911087777,0.2514168919962186,0.2307298177215517,0.3132627618733162,0.20135712926135224,0.25528258354398153,0.30883262530177946,0.3049557154744489,0.3426354589270924,0.30339049679951896,0.41553305169402205,0.3733139122730844,0.2640774007088123,0.32185942723059435,0.28596464853625797,0.24804048707704623,0.274381460281788,0.2792258051731286,0.23500597036900203,0.3006181944009453,0.27756791627336264,0.2711755654095999,0.2954894521155417,0.224925756821591,0.32142946329775196,0.27101030710381735,0.3080161679606092,0.2298897635890818,0.28749408772187623,0.334308516002215,0.2937248202256605,0.2871410309952886,0.3458068106985384,0.2543849346026413,0.27249470194501246,0.226867617930522,0.2599055616654226,0.3112053218923277,0.28221759414234565,0.28462276486564864,0.3109652346392651,0.2862937553391787,0.23345333061983709,0.23650618692860756,0.26386407310991056,0.2400741046418492,0.3488601496541872,0.2639031520935393,0.2877049562465944,0.25310650441257965,0.27266208426078536,0.25668920887559105,0.2982130755015855,0.3167665424560436,0.25945728090118625,0.33847478473841364,0.29127048419203316,0.2868264403816533,0.26824460986954235,0.3012502663484418,0.2125110981821394,0.24710817457399759,0.26432738408501066,0.30252703700491973,0.3192530149367038,0.2527500933678367,0.26595797396920345,0.32487258747145137,0.2797702131088737,0.28380773526190023,0.24061285997392842,0.3081712989536561,0.26272595594705417,0.35218555223138825,0.22591288869958026,0.32168908476685026,0.2715737712277614,0.25780312099461017,0.23845751497225232,0.33960906671096636,0.358925324646139,0.2643190607612473,0.3046636579649189,0.22679186645084368,0.2452807686873083,0.248040736631889,0.2992227277756442,0.2565835929802069,0.26617504621731514
0.3236088120067629,0.27316514059456254,0.23433473865604248,0.2285658881215809,0.21952341539677642,0.249289202425972,0.20828517479869857,0.3160871487337382,0.0,0.24351669919862207,0.23150359928636682,0.2318169537444454,0.2502983565072454,0.31179679802644356,0.24841183960234714,0.25895022516933647,0.25563035607844325,0.3041865296537655,0.24242153683601622,0.30471056048968087,0.26202958036660384,0.30686555750579875,0.22372222250871568,0.22031330258361737,0.2828870647536555,0.2106736740762084,0.2641880798314222,0.2622537214825042,0.20987524412345585,0.2910102232980175,0.34533685627168725,0.2616001191125105,0.23150693400300723,0.22718441850532228,0.3267293671254762,0.2722556258240253,0.2541550242706655,0.38272410207481616,0.23415126248125454,0.24011980905273164,0.23103236706581085,0.31179866293916475,0.24381922237670575,0.23790170081080184,0.29123175916374133,0.2429307344095426,0.20963131104908164,0.21462933672769946,0.24842572006660424,0.2723834484412333,0.2459805690645979,0.2277887123787621,0.23981291228462118,0.23164213906940065,0.2274478781949848,0.3372598035871072,0.280149287517171,0.2651546041497775,0.2502820630565098,0.2550862346690356,0.24717555039027697,0.2630852870368474,0.23219903358791213,0.2569479753511807,0.2651925696059202,0.23942042964080687,0.27834211733429265,0.25495037925039604,0.2565143489509734,0.33128039481044197,0.3043066261986958,0.2918973598820517,0.31118555466920755,0.25570967055740196,0.31289313529249696,0.240240332981539,0.20466295745973456,0.20494217721326763,0.274792511742863,0.2154595768991573,0.2398384757445737,0.37595283580746097,0.2915080600272863,0.26970469870082203,0.3235355823767267,0.35990756121098216,0.29284199052857646,0.29074437626674543,0.2807348385500466,0.35092256932559335,0.284255441605429,0.32273007763785777,0.24810365228811015,0.23670045361737255,0.3447131727983263,0.2661593330223823,0.262061402241224,0.2777100333164692,0.314943858000585,0.26159685546729783,0.2969950639010597,0.22854123817578248,0.2554444965162645,0.24269685659316426,0.35103354613145593,0.2561791773247885,0.22431720742242037,0.29445485940565846,0.22666542652894256,0.22720819049854304,0.20380001228807534,0.3161675260294865,0.297420162719826,0.3435519874481534,0.25849456258442943,0.2846719526470974,0.2611521518205893,0.2382294718046012,0.197535120940167,0.3161747644235285,0.27262526486121114,0.285509711496854,0.2858422145401942,0.2591603493529137,0.396921381612249,0.22060662075471035,0.28611214934474216,0.23765000738397946,0.2432166384818984,0.2587926115011539,0.4261413850053448,0.28291571032997,0.2838809820202154,0.3461976684268876,0.26589115281073733,0.23029922671723024,0.23944065451519253,0.25715554049820905,0.28113174913309424,0.3242188934417071,0.22725151694358445,0.28731203081580775,0.3192308827526033,0.32055604839016644,0.269470970434253,0.2584104944898512,0.33461321790678994,0.22463442586668703,0.29528821105634306,0.24242033505055632,0.3293541037954798,0.24497730621333935,0.2633177124067724,0.22638799069469048,0.27596153373606475,0.34072909660694395,0.2455690972966008,0.25918919702147863,0.25409995950080644,0.25284536583693124,0.2086866274682128,0.33768491988863664,0.31542306780860396,0.300591495189019
0.30137160688062914,0.4180780722430175,0.31614643034319306,0.26008441550938316,0.22702334603994698,0.2786097902869997,0.2523757096215195,0.32226092025865855,0.24351669919862207,0.0,0.24801513504545136,0.2479539648402144,0.3121953776323732,0.2944670838829182,0.28107792858166664,0.27614407544871855,0.3028474306916736,0.3165172333990531,0.25945226143270333,0.2709069517858506,0.2673462103585899,0.2796646460101655,0.30244150257355146,0.2421655845191445,0.39174651626075896,0.22042829905268205,0.24664677210866584,0.28673863277323525,0.3473817939110555,0.2216449671207496,0.3161175163968362,0.30571353776083576,0.24530997103000599,0.26141518868446223,0.31283692798597196,0.301864904401903,0.3028437080184578,0.27844702015940376,0.21918787967473477,0.29152164484565407,0.24986269565791888,0.27622611420557175,0.2553791455280114,0.24573722263837658,0.3185708803639865,0.26372987898391914,0.23399108322654263,0.2562921178910603,0.32428255153066016,0.24952405743529743,0.27753466720292863,0.24025821235736147,0.22666377798219026,0.2875447057751785,0.31180887840564797,0.30840341503690777,0.2565738866617452,0.24014859909031322,0.3003402883048156,0.2960266031409001,0.2998861850747426,0.22977257295583597,0.22245361615878595,0.2331506082053512,0.2320825718680502,0.2294559047452352,0.2540089624502306,0.259498971664706,0.2719692209882647,0.3264548118809916,0.2538737025896397,0.3094351997802033,0.22618297090817957,0.3075536091519143,0.2767698672156777,0.2509460373775274,0.22661307879911358,0.282379827271996,0.23895388887866248,0.21929365963557776,0.25081984639369576,0.2699883258120392,0.30414203038394566,0.28591793470491883,0.27455282414185167,0.31617815982848446,0.2602886559913987,0.2665531314924708,0.30655407663676676,0.2404791015556184,0.2513784303182342,0.27410760262473216,0.30560138390682456,0.22433783528830334,0.29183862971327956,0.2969984125707467,0.19642025508128183,0.2888015439805302,0.23618480301665576,0.3235617628708365,0.2747255666699507,0.24571589931847426,0.2207980243844809,0.3073919606598366,0.26965493869740464,0.2673368449256399,0.2606625712462293,0.36429983280033484,0.28240344512980337,0.29133232523105185,0.23395952667830675,0.24757532525488335,0.29797017806010684,0.2499657832494939,0.26670718588609,0.302911179792646,0.28599188871563674,0.2954983810933087,0.2633366891867265,0.2717337422836956,0.23276403420056388,0.24697555232829826,0.2552506692467831,0.2946410894943442,0.23663736576058086,0.3248336647108286,0.25193274180976444,0.2543635949657696,0.36549020492465245,0.2773585681660591,0.3117840159171061,0.23640446120881256,0.23811184570628843,0.2308251449445862,0.24597920930343478,0.21375511463092087,0.24977911666365307,0.30352799916959733,0.29678275005312676,0.2729800033408713,0.23675110417269582,0.2964553914439378,0.33022479222310297,0.2441908531569434,0.2713218503428909,0.2537093611403733,0.23431333715581049,0.279525464832713,0.4435569923638084,0.218789400975014,0.2431889076010692,0.28636355664297825,0.23435412328216615,0.2667606254928976,0.2852595446595869,0.2889041033121965,0.2356379623845939,0.30292875019219506,0.2560688190282458,0.27517249882426553,0.297092747064992,0.31057924255495606,0.23813710550398745,0.24270586411096307
0.2806186529797403,0.28826385872923344,0.29504651603309506,0.27401700763924347,0.28267143625949936,0.29108536925532735,0.27161989789609975,0.2574672062391729,0.23150359928636682,0.24801513504545136,0.0,0.34372196228959934,0.30339816770344813,0.23498128786195258,0.27701198385995474,0.3651359797585081,0.33049301142494514,0.25940228812392024,0.26177387411106295,0.25058210775257495,0.3237353966447934,0.35660497973417354,0.2727187021863721,0.30564400886320914,0.30965471995561417,0.2918777455698535,0.2707830120546167,0.2865177377503789,0.2888282988931941,0.2608285177611547,0.26587954690824656,0.28461482476013733,0.24806327537745218,0.26723486261808066,0.2702386281857416,0.31057542704546437,0.3422496109575919,0.2801164873709518,0.341547259438491,0.28131671470552805,0.2576802151654567,0.30096132079186544,0.2625462865192699,0.31653657878335795,0.2745302195199856,0.23797739227504427,0.19129695792527604,0.36767065050935555,0.29834773832322203,0.24431987940441882,0.3078137721194835,0.24581163005669635,0.1966488061157465,0.32837992052084647,0.36745211572001835,0.22838330153026895,0.27801607974485987,0.37907359284474007,0.23162905532509812,0.26523710574101395,0.27765493117561496,0.19770577724088928,0.26585780288619365,0.22565837244059267,0.19209070190759675,0.20659453448684972,0.2709191682980032,0.24546055650674461,0.24136433649608335,0.2873340258137296,0.26549336996074696,0.21836710146092772,0.24808124551895652,0.3196778560433491,0.2784991419043433,0.20349614794946327,0.3316851731084288,0.3106418648094613,0.22344302635583183,0.21259191025769306,0.23364923065436535,0.24414922873002565,0.26588801900964193,0.2502290992994174,0.24991842201754075,0.26501951385051814,0.2763972617085841,0.217592843327798,0.22861135693639834,0.25082052971628754,0.3476030830791053,0.21996953531706204,0.345955549253162,0.22885676866407986,0.24885352220394874,0.27450524722351294,0.19033788082285538,0.22154521910777464,0.2115877364115133,0.23827638558739,0.2693272726824229,0.2597245833974116,0.2138777078542673,0.2073474602603711,0.2442265527619261,0.2478820024392425,0.2375681394250217,0.2888578387848202,0.23969153698549495,0.3319751575353224,0.3414842116902458,0.2590234458634384,0.25902892542721945,0.2629606647633576,0.2527242034487774,0.29935391861661703,0.22636069424043354,0.272704043879616,0.2745088636103841,0.24999701779616187,0.2896283088842746,0.22166251812810076,0.254263880923607,0.31834769389468676,0.21729766250647162,0.31168334989612634,0.20445793261839046,0.32194660314400425,0.28559400407626173,0.2251604841606499,0.21875669190164027,0.28385478686082316,0.25484233122871247,0.2726546864024586,0.3094301673509957,0.20735740821255097,0.24106284673417466,0.2612148636359513,0.2775067687706897,0.2707448490516693,0.21505451065249906,0.28790078968933963,0.24377126385769224,0.2609806208327663,0.3511403837935482,0.22358269035389558,0.2828956912741468,0.23594302822707994,0.25428651928497065,0.23885419254600773,0.3035901902585794,0.21787923231395606,0.3334500409849561,0.23590446950820737,0.28481498043423004,0.2810138879616414,0.28389955968167296,0.30003122881029115,0.23498810214032595,0.25719127823964555,0.2016574191109419,0.24380968266838654,0.20269590382622996,0.39554128086397533
0.24313811286000986,0.29186633545625057,0.25729677806683054,0.266874346626912,0.23044417154343874,0.31629765706585505,0.2958040004469857,0.26212315008100223,0.2318169537444454,0.2479539648402144,0.34372196228959934,0.0,0.23056971898521064,0.1812063930355716,0.26930509932363467,0.27152847711352823,0.2621124744396923,0.20780087814777273,0.3219393516516083,0.23221491235045627,0.32020954326874407,0.28440961401693543,0.2506070586221911,0.28641680545803444,0.32952456633281946,0.2349310130914396,0.2264224458133135,0.22443000378173852,0.2585836822903287,0.26015414637666856,0.2896909732445115,0.2611367307210939,0.25493741191572455,0.2873463290645578,0.23044995776760646,0.27628762845401605,0.2884791397999616,0.2463618387798997,0.3530762138643859,0.24809636279392655,0.2776989900912522,0.27750022513603173,0.25021089594576706,0.30052281735215847,0.2509242371148484,0.22958844395800648,0.20964205445855358,0.2868054038892929,0.2609700189849495,0.2315862574582301,0.2954892139435958,0.26164297709788564,0.1854117651974441,0.31856069446232227,0.33167164010078115,0.23878261058768188,0.27000272334024694,0.36320264967912513,0.19840714867077894,0.23941273132230265,0.22635321156310742,0.19229525196801303,0.2394006694497437,0.2002007359220117,0.19473423408323387,0.20289376691757632,0.22149995580279,0.21803978735033475,0.18864456075023764,0.24542401521746227,0.23792431361011268,0.19335582029656498,0.206627613247741,0.2673816859059643,0.2423884985230687,0.19397690655791355,0.26090607053621995,0.2776619397286756,0.21712848090018327,0.2002061570820284,0.2275927338467398,0.256841148361854,0.2730984232958636,0.2062612126291429,0.2439236155307907,0.26674496453069774,0.23789938940957703,0.20379367335176435,0.2349445655547227,0.2628224514195702,0.2760431732805962,0.25940072932355795,0.2803536129338757,0.22298376828997324,0.21882709587433988,0.3355670288018797,0.18918830660856664,0.26723713686026784,0.19753899751957474,0.22290673126269542,0.22491477723958392,0.2443419667791261,0.23786424456372,0.27481276561055573,0.21844294336943842,0.24111931815680362,0.24035556969499955,0.2653379660118603,0.2230006694539743,0.32664960090857553,0.4108413420125258,0.25237211749416133,0.2286299830305845,0.24228731018317312,0.22246373318098467,0.26942304593612004,0.22514069177485102,0.2739061537946511,0.2758002912829769,0.2176852114807539,0.23211965328138362,0.22955836931291712,0.23248581496924764,0.2919825397301878,0.19519515993740225,0.3434688314157765,0.20107515033215387,0.2978441238012411,0.2927115583821685,0.19887838448381515,0.2198269797946817,0.2440449786039952,0.20932360557242657,0.26895711768163316,0.2724335906841287,0.18787108235521285,0.2547039949934657,0.2348468611689728,0.23759449206715486,0.2858965091199317,0.19982130891324104,0.24378547579773413,0.2484772687358281,0.2418621048248474,0.29771038879387657,0.25717352855136943,0.33582119240379676,0.23348449675080124,0.27792811725607464,0.22348820099837055,0.280708683133729,0.22945554299661167,0.2639653212467601,0.23268107308412478,0.3849083703204923,0.24718791903207527,0.25232593587661656,0.3160808579058784,0.20841686229912737,0.23303889864773977,0.17817054596542456,0.2279732183627231,0.21109025972152942,0.31046075152711433
