0,1,2,3,4,5,6,7,8,9,10,11,12,13,14,15,16,17,18,19,20,21,22,23,24,25,26,27,28,29,30,31,32,33,34,35,36,37,38,39,40,41,42,43,44,45,46,47,48,49,50,51,52,53,54,55,56,57,58,59,60,61,62,63,64,65,66,67,68,69,70,71,72,73,74,75,76,77,78,79,80,81,82,83,84,85,86,87,88,89,90,91,92,93,94,95,96,97,98,99,100,101,102,103,104,105,106,107,108,109,110,111,112,113,114,115,116,117,118,119,120,121,122,123,124,125,126,127,128,129,130,131,132,133,134,135,136,137,138,139,140,141,142,143,144,145,146,147,148,149,150,151,152,153,154,155,156,157,158,159,160,161,162,163
0.0,0.6276624782678337,0.5359382278621031,0.5564638521707096,0.4539443474968154,0.61171100785147,0.5641666519919638,0.553967597013635,0.6399595616905613,0.5712813062978591,0.6294760200013232,0.5581193643989405,0.6980758180081245,0.622011081819688,0.5960662432406174,0.5920371627035299,0.6389432559009878,0.7077620598055954,0.5948817070023481,0.69836555882147,0.6192790504100385,0.6189474206502665,0.5627439576655864,0.5742497073325602,0.6948367846565187,0.5690785960290468,0.5318032447674375,0.648895121222003,0.5199808003657648,0.5287121267591204,0.627991637307481,0.6697357215041686,0.5373862761919201,0.6245659510509531,0.7005477122422756,0.5733734213397816,0.6777619599090126,0.6519941314988776,0.5489888308126707,0.6059261018568699,0.545514547219833,0.6643484232942191,0.5883676018048002,0.6046762398668158,0.6308479349161699,0.6174759328106955,0.5103243636290321,0.552289307817535,0.6758710113501822,0.5999891612418045,0.6146618205902942,0.6054223494741567,0.5678213936180694,0.590038519541251,0.5832439391806551,0.6534628194864726,0.682665505443571,0.5539054510961329,0.588075040942327,0.5992582622093615,0.5852319563475822,0.5548724987390227,0.6053743169146678,0.5460071157775344,0.6202125379874945,0.650072522278579,0.6463618714936302,0.6122052057060559,0.5855883610614174,0.6122778530070527,0.6743308940324219,0.6130783935500271,0.6577713259643866,0.659494110169279,0.6561971901106747,0.6618194521919105,0.5663090655033677,0.5190781457607919,0.5919644550405156,0.5168462615195153,0.6228060081975075,0.6376107251279344,0.5902364017486496,0.6544686877694273,0.6403575043423518,0.68848615616804,0.5848794327493703,0.5817583481682349,0.6418346333820307,0.6341927600993329,0.5903120185986204,0.570019195777095,0.5774923160243112,0.6854090760541823,0.6399494239431176,0.5890397386368694,0.5365945383821031,0.5980024233154773,0.5686601941059511,0.648193194336474,0.6295870600513526,0.49893703047078464,0.5364009515532883,0.5070260286564103,0.6248614399923023,0.598707121650922,0.5720469566736445,0.6566693265726902,0.5768975739127589,0.5973855742919902,0.6263942459707466,0.6165555338994898,0.6890817807327495,0.5863600832539577,0.6641259821808061,0.6488000173351518,0.6426278658294922,0.5838665715402792,0.5774565457661922,0.6133520120974936,0.5796276449730295,0.5135046381277079,0.6566680825220517,0.6307976572456515,0.6119488541524416,0.5682851383126282,0.5643838673103734,0.5339479129437961,0.6006312570084503,0.6103358491355885,0.6127930687933723,0.5882021399387538,0.5962481275973193,0.6675399674534528,0.6245690151774705,0.6154920599515722,0.6121807139911962,0.6196557582841998,0.5871135620197071,0.5779203249191633,0.5501166071610117,0.6549200362273399,0.621997225629348,0.5666794149853551,0.6750183052030739,0.6181658897039383,0.5922535733533404,0.560772298317646,0.6219896486643571,0.5257322655027301,0.6704817748986502,0.5810990869624271,0.5864249099728498,0.5061768508102505,0.6138240687617128,0.6687412763611973,0.6086190288744713,0.5944028007902178,0.5671213499369933,0.6577172299316268,0.5878596691930804,0.6594359896498968,0.5405065083494301,0.7211559186072715
0.6276624782678337,0.0,0.5699962068171992,0.5734539176332408,0.45396160771489374,0.5958260546352957,0.6038688582337973,0.5301664986297419,0.5819499166619528,0.7088126764909644,0.5859472190043242,0.6113430580505869,0.597538387556062,0.6036448100153968,0.629895077906594,0.5536720241672078,0.6175566977307565,0.6276504772901371,0.6162741445999956,0.6091124089129484,0.6166429718427318,0.6585006795552505,0.5821145213851927,0.6021750375810919,0.6901337251716202,0.5122263761910656,0.5385613279526585,0.6023472609718135,0.6369871842089253,0.5094787522659842,0.6145683635710875,0.6081976873235475,0.5843729605032983,0.5863268780906894,0.6450177706811826,0.6025428307981655,0.5702225672331347,0.6048533204680547,0.5716740851737333,0.6332699053795088,0.6165084984266382,0.6440021297252699,0.5273035104820649,0.5877521353907753,0.5965740052846199,0.5862582402355265,0.5145362892746526,0.5142615381343121,0.6526906649418597,0.568636578388512,0.5758450306509572,0.5727155028977345,0.5995623157363829,0.6425762451350222,0.5988428768977202,0.6513214125250313,0.6078069842069849,0.5384606618715372,0.6002094586090704,0.5975441423399446,0.5448689475373548,0.5172325796668424,0.5339083437594534,0.554638440132227,0.5786362827715146,0.5591204846814041,0.5850552077753801,0.5429937826412604,0.5392575230471635,0.5427484606586804,0.5769589043108557,0.5864763060331379,0.5513860201519992,0.6140511135418664,0.6244477262132306,0.5948751167891356,0.5193638038780551,0.5357150445225343,0.5426009371141953,0.4828149189068587,0.6149659809657932,0.5931379814454405,0.6065059315526937,0.5875949703965194,0.5789413261281884,0.672263646636653,0.49378792327535664,0.5283731027263489,0.6008543958728415,0.6222443928262048,0.5475747125672294,0.5951420567990422,0.599620468178464,0.6037931344054567,0.6131390639554878,0.6345077865629237,0.5195272699916704,0.624225149231353,0.5467108549777824,0.6180147074032399,0.6086741307489065,0.46045299582328253,0.5104339153454458,0.5710289065121782,0.5616275326466457,0.554408283497594,0.5566165903632204,0.6781147528019635,0.6112927700461457,0.6137123648061218,0.6178144298432762,0.5654164683446412,0.5708954873795454,0.5620462291367474,0.5942705402035546,0.6236041987461598,0.634646519244352,0.5844011922495901,0.5905538926227133,0.5825989092170254,0.5497255209074876,0.48212877044582136,0.5728505683912413,0.6169290232766126,0.559712105365678,0.6233757968732142,0.5397063766240172,0.523495351527178,0.6793160812168425,0.5988085837637406,0.6222899566625929,0.5490501458378199,0.507604115151489,0.6216704356039613,0.603516240039348,0.5900720738372466,0.5900133665889038,0.6284163568987086,0.6104855664900986,0.574103806237233,0.5626258792954902,0.6238312700354877,0.6431678866430038,0.5750597250303399,0.6471621197298317,0.5488749377251894,0.5945648261568709,0.6122321020058985,0.6840627647171816,0.5499936310755172,0.5641022339299403,0.6421161110059873,0.5917105407378431,0.5614488445026085,0.6549052054197894,0.5881922577067986,0.5573055207947571,0.5936758793470003,0.574820091252567,0.5589502476623335,0.646257248909778,0.6069776762262894,0.5539660642748898,0.6124909455587711
0.5359382278621031,0.5699962068171992,0.0,0.4948979339108372,0.5459848300050284,0.6041324741462838,0.5296890979411025,0.5087988235410149,0.4809795279653759,0.5600510577860364,0.6374633818502909,0.6052823666267206,0.5930341399306708,0.48315631071102183,0.5713095541150124,0.6964584121784194,0.63088972479155,0.5322152554706003,0.5245815292857199,0.5066590122620355,0.6532834059041158,0.7134954445000172,0.48776877186170253,0.5867889493492765,0.5469072683743212,0.5715405255686552,0.47057509133961717,0.49460335586314114,0.5670153911392571,0.5475978135490106,0.5093588287258385,0.5959870504161855,0.5190514074029258,0.49242701008643897,0.4864477013516769,0.545341086777121,0.5645973025492483,0.5442185146688602,0.5777437575653982,0.5589040354532451,0.5511087503160633,0.5684631120588455,0.582802300031861,0.5753136126351931,0.534787749671487,0.5458949426585749,0.5556856530505232,0.5832062467799536,0.5425039306520707,0.5584867220235731,0.5841946442499245,0.5784503266230754,0.48802506348802166,0.6057523071408222,0.5888053488411836,0.5135721945324324,0.5517732516462753,0.623023737852203,0.482255726362641,0.5280350115431854,0.5077854345977793,0.5126348636810606,0.5971261586217192,0.47345468516007,0.49619714815611204,0.5075725027588661,0.4920465349312609,0.5947493797500251,0.529336701052584,0.5186830839756648,0.5827757538259388,0.4711025179876406,0.46964258548568993,0.6232743563704307,0.568879557593786,0.46599866145564317,0.5845459185932979,0.6047680141263506,0.503775178421575,0.4753687230162512,0.5670585085291646,0.5118932200905075,0.6223624955578401,0.5277810119814715,0.5040881283277432,0.5602397905417049,0.47157833564191604,0.47318564724862544,0.4945499093764688,0.5060206148624957,0.5749710808468046,0.46889406529787836,0.6024246142401244,0.49757722629534,0.5010001930071615,0.5638245354077782,0.4761107221716789,0.48865656311145433,0.45476055193736215,0.500295074628548,0.48256628473432994,0.4931012624845275,0.450914537926252,0.47970146081755927,0.4941378255117958,0.6039315739561825,0.5613218484882857,0.5348184266050472,0.5640027282471364,0.5680529825934796,0.5726552503507509,0.5059559205222193,0.49624684262789087,0.4826253573432299,0.528539319376334,0.5855192036455603,0.4822135587535279,0.5819025431391601,0.5756161146803255,0.4716834527651981,0.5695816731863997,0.4651470092332321,0.4808757607067172,0.5960236796605046,0.4394267641997443,0.6091883855633025,0.4933701069209296,0.6096354298730731,0.5739358111894926,0.5396732636650671,0.5056607758075328,0.6413199330725232,0.4523576564493169,0.49340124356384774,0.536733083571018,0.5250902753456161,0.5615296640624051,0.5391386643141935,0.5228552297875751,0.525222799475024,0.46066642878487296,0.5802517351865126,0.5027550970557938,0.5039759250086933,0.5849382498511637,0.4965029556147123,0.6268657382591158,0.5872477306644687,0.5614879544235574,0.5042617079678506,0.4797090645592401,0.4866097791146492,0.5526541933752857,0.5890359395745653,0.5706587408585208,0.5188194601040845,0.5069921797712073,0.6272520548184959,0.4418478662121983,0.5276327204847364,0.5137408413328787,0.46146135818324074,0.4580727055530134,0.5632148392745125
0.5564638521707096,0.5734539176332408,0.4948979339108372,0.0,0.4314944173435124,0.5358166073064632,0.5868619084421967,0.5529290742008395,0.5215525152389546,0.5414949656937399,0.5406338322806302,0.5671171403196765,0.5281216728051643,0.5352199505933903,0.6276948615933976,0.49229977971086536,0.5364570812333005,0.5706521537358823,0.591794664855789,0.5003150882162215,0.5504672872756322,0.539921248038133,0.553310504374382,0.5064271652265229,0.5789758593942688,0.5303304972756753,0.5355793488922961,0.5680559562396247,0.5068819086581198,0.46232299445648806,0.5894270441233643,0.5361570289435538,0.7594914115242214,0.5717793567189117,0.5824402142447465,0.6156126059438759,0.5244174616131454,0.5587639730517497,0.5390189616043312,0.5699610388146314,0.6209954095646465,0.5211565029161269,0.5264921810239159,0.5667695492403313,0.5777278458403722,0.5526095866245816,0.4578287291273897,0.47125908735242356,0.5700631001175984,0.5400310020614093,0.5995248415224512,0.5721915808502969,0.5350490371928924,0.6614660109970761,0.6086827235828789,0.5114649474861808,0.5520066566372656,0.5521596564873276,0.5309997182666266,0.5606851295854742,0.5382894305996083,0.5102748201935705,0.5648409293713959,0.48624169061979194,0.5284611063426886,0.5246034007854736,0.5468380293655447,0.49412245338807237,0.5218315755707954,0.5676669386253411,0.5401192030711971,0.524492532514792,0.53136017596143,0.5934066877727024,0.5659878620276207,0.5175348830751055,0.5149934013044073,0.4896991537514381,0.5608423967820511,0.4244418135897851,0.5170211635085158,0.6091150531351338,0.5041768119102813,0.5526230764883382,0.5606271858033394,0.5804238761068344,0.5016022574248529,0.5431415994210879,0.5742678433526796,0.5180016221060766,0.5761447224317923,0.6009765659030266,0.5590158178477312,0.528931662786807,0.5734117035864615,0.5746892520807801,0.5045836960756781,0.5792382054693767,0.5066413715689694,0.6216967089580867,0.5333641814248197,0.4807617607014172,0.6089990973954048,0.5833034383186982,0.583215941513148,0.5108382587084626,0.5348434895262559,0.545186797544149,0.5546098152056468,0.4758972979024012,0.6043214717544193,0.5592661603322795,0.5437009381103738,0.5289946067079965,0.6175198642646902,0.5569997480774004,0.5498979324063802,0.49568209769415655,0.5643027810184648,0.5816128164512216,0.4862353381266534,0.5747231056418058,0.48378597532269396,0.5573011358817661,0.4784011010221085,0.5753615713741879,0.5303031887961588,0.5015166739474619,0.5957511011658936,0.545075448481724,0.5019656160622282,0.49261907273845246,0.48456189607959155,0.5891929018986287,0.5137612737609892,0.4823531033814909,0.47027192369256665,0.6017791946596341,0.5501676534080472,0.5495559852512323,0.6430537474938675,0.5105927542331627,0.5907904330642941,0.557300118672991,0.5448877412766375,0.5562746153502338,0.5327161426433104,0.528438281137464,0.5280988751209897,0.4604124455786612,0.5891382497860603,0.5702337378659881,0.5332322031812206,0.4754642714508009,0.627379052201395,0.5333833849339364,0.4756776186897507,0.5435121569409989,0.6102721131786049,0.5544469929837433,0.5479765290396328,0.5299289660111992,0.5027626525038427,0.5484295929349638
0.4539443474968154,0.45396160771489374,0.5459848300050284,0.4314944173435124,0.0,0.4732177231672698,0.5164070614606561,0.40044987098148577,0.4140889121820628,0.4362881115681394,0.4943004479001812,0.5044620270180727,0.45307407522054993,0.41119271527713547,0.49369400547139125,0.5426154100593524,0.5326209083679558,0.4575687202664687,0.4475267778589242,0.4128610015986712,0.5489181663766006,0.514755122603753,0.4566529926441374,0.5169978562394082,0.43931083423728345,0.5219596133850726,0.4078893333920592,0.41304691986952263,0.4648313816829183,0.562441666638225,0.42464847591499333,0.4759647680717766,0.4536757066446888,0.42474926907147037,0.4178165808369986,0.45872373717327247,0.4557476792271682,0.4564291780993519,0.48115852365231726,0.49672989645724647,0.503033229462002,0.4964912478444583,0.503306380423764,0.5183823263205007,0.42063513099018385,0.47281864209605434,0.6076145064324784,0.477105098563241,0.47728836868899843,0.48994441440672054,0.5261254672815057,0.5403575496039015,0.4439330954142387,0.48145635250744057,0.47134791614094496,0.4459469086496069,0.4826768078070534,0.5409886299507308,0.4136160459404493,0.46021000087580105,0.3888544417386064,0.4664969334369021,0.5067013577815835,0.41156506771133666,0.444580361131422,0.42458178344899716,0.40246123361762187,0.5072369454875258,0.4352466679963155,0.41468486690879025,0.493541920656743,0.4167545102168734,0.39872946738269627,0.49838645742477994,0.44552029561404116,0.4107453579264056,0.48713016594600606,0.6614139413176674,0.4343633612518916,0.469861271441458,0.4863061235459917,0.4468516554698346,0.5583636824782038,0.41646068239967043,0.4512785099319717,0.4553498168704714,0.38139734493978483,0.41860036588865873,0.4181098532600359,0.42242122445195246,0.5728111516956232,0.4242327364290017,0.5477261659486691,0.4336308314587679,0.44512248331357596,0.45765161163655227,0.387778824198576,0.42009453306461164,0.424903873888537,0.4222760763133356,0.4082300244352168,0.4039533851992536,0.4132426559974579,0.4145449572072777,0.42430754016375327,0.5235379318977202,0.46302023838699397,0.4437787220321894,0.5122614156500913,0.4646715957527952,0.49939578628352804,0.46258408031231263,0.40824242010220324,0.41274354934243057,0.461312873650237,0.5230102068572058,0.42530445584138316,0.47771764661241045,0.47634125907093816,0.41770187773368933,0.5771877481078314,0.4083663173816361,0.4178393999392481,0.5432060855230972,0.3903876598947747,0.479431308260743,0.4455717672511401,0.5010174490709177,0.4533708741264088,0.4577588668681643,0.42932503519526233,0.5198463965457698,0.37826944907793086,0.43252561285459007,0.4124398432873282,0.46926232553553493,0.48595387809635093,0.487923939325087,0.41904919531942614,0.4642258581296606,0.388002452679053,0.47968796637965655,0.44591602559095067,0.43072153490613757,0.4825869114185588,0.4472828051938176,0.5482684226504553,0.513525528550075,0.4405905438380333,0.43994759237793857,0.4064879004362202,0.4357936819422001,0.4695803227939765,0.5198415767491791,0.4806599675475886,0.416007882234249,0.41855957856578196,0.54494292591199,0.39187950198015875,0.48561546003603107,0.4416249060632425,0.4121979080143552,0.41690793561653616,0.5116833821902369
0.61171100785147,0.5958260546352957,0.6041324741462838,0.5358166073064632,0.4732177231672698,0.0,0.5307670691239894,0.526278691314534,0.5235536163477064,0.5541448874227316,0.6560579949328397,0.6218475936980006,0.616445863632408,0.49077931978566597,0.5606950423821178,0.6039999299340163,0.582573669361361,0.5296162193914015,0.5798637104803795,0.5348739338866114,0.629042907271297,0.6265532856197643,0.47444479433502046,0.5709622233513932,0.6239301730432155,0.5496616185750273,0.4466087515070499,0.5237325188920445,0.5442117508131403,0.5175039790798945,0.5653585713664704,0.6109884889836114,0.5443439966655125,0.532675872181058,0.5389292366161079,0.5235758327930305,0.6389177896896673,0.5423524715979307,0.5588862747469328,0.5233619587362058,0.5311148098403368,0.6062591899126892,0.5513396455338313,0.6628939223219044,0.5391133022570134,0.525458220065125,0.5010445448865488,0.6310112044212164,0.5461740322708586,0.515703684323487,0.5763459400818957,0.6181902377457452,0.4885915613576395,0.6236966360973342,0.5791042980415383,0.5880524212708902,0.5609085366630047,0.6039314506359904,0.4776873419428855,0.5015105628454114,0.5649194154829611,0.49830446006136303,0.6185259006559313,0.45333217798438813,0.5094015256845814,0.5372915474447536,0.5280313891274432,0.607897436769917,0.48886288000431766,0.5614919087676098,0.6103911041155319,0.4792103308042597,0.5193843304348287,0.5934291438328635,0.5852115015262012,0.5247035790175543,0.5444060914624329,0.5392741590712835,0.517658207917311,0.5357983936889811,0.6498106563862797,0.5496121815296329,0.6195412473007246,0.5778902398939307,0.5286697682716225,0.579958542462143,0.5518208095592073,0.47608714740309765,0.5237133002465643,0.559321817999748,0.5467192583088019,0.50884750242031,0.5454739806890241,0.5502990708607384,0.5193634922480341,0.6575517953400787,0.4996052253971078,0.5463635164952999,0.4705401012193358,0.5280370993282082,0.521804589644723,0.48372196927495376,0.478679048804635,0.5085802958657362,0.5157522954267642,0.5497997978851189,0.5296836048543564,0.5655422461538616,0.514568307575497,0.6232381305813227,0.6451649512283338,0.5081471462571963,0.600728049685388,0.493678333146446,0.5486085513877087,0.583065531276603,0.5394056072830012,0.53395377599693,0.6297662634697824,0.509242200770351,0.5191420445718661,0.48635040572510596,0.550684143237601,0.6323015440831432,0.5017020266603425,0.631836460670749,0.4862342691832329,0.5412631311846401,0.584637165197866,0.5086706705574118,0.5309785575432326,0.6051011075605478,0.5007859469294098,0.5673568649970775,0.5787206179036034,0.53992005884421,0.580177925551137,0.5229438943158733,0.49090755912196393,0.5198508347140672,0.5277447537463907,0.5812378158223453,0.5197719053747847,0.5029238076572019,0.6159055758818259,0.5158736151669189,0.6140133478372225,0.5521064502665023,0.5705639872302191,0.4835838533862388,0.557444032582734,0.5279656164875244,0.5095042085154032,0.4813475151391527,0.6223949629994443,0.5740925164733885,0.5501450102404217,0.6704340003743554,0.49700508172116986,0.563537905739365,0.5223364917905841,0.5399371122838706,0.4724332548561916,0.6240983139199332
0.5641666519919638,0.6038688582337973,0.5296890979411025,0.5868619084421967,0.5164070614606561,0.5307670691239894,0.0,0.47061377828295803,0.49835751244591997,0.5803602432332686,0.5391908335887763,0.5882549243438192,0.5351005266364117,0.5351941487260732,0.6431444474691536,0.5298475882405476,0.5843713396916781,0.5779694964121513,0.5526782965279233,0.49704627140254276,0.5950853276235555,0.5669487685830658,0.6282327168584029,0.5887620935005016,0.5819866952475933,0.5555803585218176,0.5115061740503413,0.5261601120643322,0.5587517853333998,0.5220255476814707,0.5475290042126901,0.5751328427930775,0.5999672298384429,0.5732621135839174,0.5591382540359324,0.5762450052561198,0.5380279322157503,0.5309832708411342,0.5345728061427122,0.6610588313137836,0.6106651607101473,0.5822511286994311,0.53955054658529,0.6085786487053803,0.5357209299504628,0.5776457399229414,0.5805934946383592,0.49463400090451637,0.6710425315971765,0.5562533250117584,0.630761285625048,0.594893380837581,0.547456899303501,0.6066361111441975,0.5889044912038406,0.5647691387015842,0.5665110580443223,0.5388366480191862,0.5597296464911926,0.573504988665832,0.46582497302432485,0.5227375862313173,0.5268416687772282,0.5013324863143904,0.5448508224397696,0.510471238359628,0.5256992456485913,0.5507104667463548,0.5062259282825249,0.48677966780050885,0.5569881787625084,0.5368327760695325,0.4988115677306785,0.6063614173676705,0.515372498736805,0.5471067379841793,0.5357457187045497,0.619434559038934,0.5099342080074196,0.4782621470279334,0.5483970339346358,0.5609807509234628,0.5887153298395518,0.4915324006973119,0.5530552621616784,0.552167428838334,0.44409476180921326,0.5357020009034421,0.5503854107856111,0.5236832194529148,0.6148984773130798,0.5938465601560705,0.6268419159878703,0.5406780665928942,0.5724826055325961,0.5775455994990263,0.44988598067752944,0.5622356743154074,0.5271299826170766,0.5921046300701972,0.5284737753604115,0.4459482363156946,0.5452503798534364,0.5379019441504741,0.5216573304083345,0.554703155426164,0.5306742684398862,0.5590692443801676,0.6527254766020246,0.5406157385325143,0.6548954756353543,0.5587297170747907,0.514376965787302,0.495316660663679,0.5725799941347367,0.5978885871054498,0.5605960560454165,0.555782223817968,0.5732882501953404,0.5361478401337053,0.5614138612128935,0.4753751614165087,0.5025239491233309,0.6454262806640059,0.4802780308313305,0.5817862914037983,0.5406154180787552,0.524791227458713,0.5813669404291829,0.5631637204439812,0.5125600411561868,0.5052895743601737,0.44705149090339946,0.5332982385377518,0.48973021762429164,0.5324936519155449,0.5305653124524315,0.6594684400130562,0.5300474954619082,0.5471328691392722,0.5145939857886208,0.5558480704894891,0.60711691296384,0.5232875318642876,0.5810335897957245,0.5933214015005467,0.5640145071661653,0.5924131473294365,0.5477756084004637,0.4721657524467875,0.512052866804407,0.5705027532137251,0.531748065826913,0.5838241364964682,0.6103484301676458,0.50873930216246,0.4905701207041136,0.606550060018624,0.5464480849267761,0.6032011971381879,0.5838438928313482,0.5303552439054433,0.5097042106441246,0.5772494995945716
0.553967597013635,0.5301664986297419,0.5087988235410149,0.5529290742008395,0.40044987098148577,0.526278691314534,0.47061377828295803,0.0,0.589884069332579,0.5273414779120765,0.5331278608284798,0.5505401095571516,0.5694495190155008,0.5075857993700678,0.5764471588646726,0.5297552416336128,0.5137205298646562,0.5639219905184437,0.5592649654858605,0.5504497316821134,0.5268099599469417,0.5435338298585982,0.49239775650608064,0.4676813393536672,0.5725084923376096,0.5072831806101179,0.5518012180010594,0.5475910013661949,0.45619242697664586,0.4832867080261457,0.6586001857239963,0.5692821622817323,0.5447337935856595,0.5435668008730332,0.5267331268998298,0.5814569806820866,0.5585570401121916,0.6034201107296252,0.5847108545274808,0.49509944372156806,0.5146845404199063,0.49803907289278854,0.5801567557926371,0.48983740688050037,0.681028080347479,0.5803265024993344,0.4342301433750801,0.4706450716563841,0.5218987029450446,0.5539995310435215,0.5538691224004711,0.4926677816481297,0.49318656913964826,0.561995880301416,0.5824642468537519,0.49752702530906245,0.5569573158547159,0.56586870543781,0.49533855867226184,0.5654232827544262,0.6434729883960802,0.5382851832455654,0.5690506341443965,0.48391506013007646,0.5197988891813009,0.5683340419319456,0.5624743733546455,0.5093873602969771,0.5660866611234638,0.7571894410981077,0.5660325954640891,0.511733938969048,0.5113757480997299,0.5867029458402955,0.6282633190350675,0.5073414067986792,0.555289582794838,0.44984246785493576,0.621356115172578,0.40403158292071756,0.491627466625022,0.5996200066163238,0.5045839748760912,0.6150112244407224,0.5391049037640727,0.6204194457052735,0.6256429185056157,0.5607392183933353,0.6205594338905474,0.567556737500371,0.5185202272948316,0.5241573036317144,0.5226500118113357,0.5177576154753595,0.5206180481485946,0.5439447622079102,0.6062732284232137,0.5201419100352372,0.4739643670648611,0.5732033707221496,0.5357362600866422,0.6387613682002127,0.5250919050321572,0.5131022312488499,0.6089705088317398,0.5446325798612567,0.5837537924056907,0.5229803587506243,0.5114194484485388,0.46101664256331937,0.5131685298074486,0.5396477789529667,0.524980862939997,0.5858283238667134,0.5801732028356185,0.5159362920120883,0.5037867886772219,0.5294626950413167,0.4708711898697219,0.5351076269710908,0.4721574884780856,0.6484050775849877,0.4606961164188535,0.5189445859289868,0.4595150281445526,0.5545663018438919,0.5117892509922912,0.5793582054678725,0.537967307851526,0.5590185554308496,0.5376715416340269,0.5378867021291294,0.5606834687267714,0.5471318536136986,0.5723469819795917,0.4732535286116658,0.493204919487801,0.5212553091980323,0.5695202187728391,0.607802057676616,0.538296331305821,0.5234694574629692,0.5358648601136881,0.5588223660237001,0.5435431803354959,0.5198698752442964,0.5515299971696324,0.5260750829253293,0.5489219189892244,0.47211341032458387,0.6239663265966171,0.502106719374546,0.5463353123440605,0.4732251001229576,0.5735660938474528,0.6298338771254127,0.4864576046936085,0.5145789891619853,0.4731946510506234,0.5152963203621828,0.49581345819933753,0.4880837910322657,0.5033931614788877,0.5099656890999289
0.6399595616905613,0.5819499166619528,0.4809795279653759,0.5215525152389546,0.4140889121820628,0.5235536163477064,0.49835751244591997,0.589884069332579,0.0,0.5443543978136247,0.5154346206364893,0.5194056535854047,0.5551447663885322,0.590891510892919,0.5537717850226207,0.5089981351156158,0.5397160125328155,0.6446431050103785,0.5612914378341928,0.6192677348495296,0.5336083891989328,0.5530908275886599,0.5291792277398629,0.4745741237153885,0.6028272558898785,0.4770561890507871,0.5610862042901704,0.5772675534968411,0.46625366565079335,0.5190634205849639,0.6469582954673776,0.5753320393062407,0.5054614289811808,0.5407526694505401,0.6183966948399133,0.5649594806356091,0.5430167767404628,0.6476055132256933,0.5285585633112313,0.5153902228637208,0.5143496808466069,0.6056699396869251,0.5281827388520957,0.49570920275632163,0.587272591326607,0.5690476452130149,0.46318513685620144,0.4505650209589633,0.565646202186966,0.5730246834550138,0.5430133889805578,0.5051053874993822,0.5732224182130136,0.5233937552219708,0.5224477683149505,0.610120233656199,0.600099174202312,0.5250404501711275,0.5528944499325456,0.5851820475326434,0.5445358716693238,0.5572821477168962,0.5278693795987475,0.5474847381831822,0.5969988244084248,0.576865469987397,0.5787200252104148,0.5164611679795506,0.5730184588549209,0.6208729245131248,0.580200769536553,0.592143704062317,0.5882684629518934,0.562892768626224,0.6451816061469843,0.5839909561491058,0.5020262517104354,0.4593061372633563,0.5630756089955604,0.43678680432499667,0.5332757045025904,0.6634445037688477,0.5355979296518174,0.5894242697275693,0.6036031904752632,0.6634359326644005,0.5582339207312589,0.589295895767919,0.6426474413834881,0.6380841376358558,0.5410237354379643,0.5943425854394638,0.5304436378484239,0.5748067934774641,0.6178675263577593,0.5368563204437765,0.5669503786701349,0.5677974920218757,0.5817339468866356,0.5893515471815164,0.5809367072990426,0.4951067410153012,0.5275545144186463,0.5041584542853079,0.642302998066107,0.5300266789015426,0.5401709408974036,0.585150841318307,0.5235963478329512,0.4852978672513154,0.515080909777772,0.5987019687821956,0.5610179648388784,0.6682847030860106,0.579576934446883,0.5555660713993584,0.5847454381158615,0.5309935498471443,0.4741734623391266,0.6489526309455189,0.5149289529562358,0.5476701326807348,0.5268572468475793,0.5335489017166437,0.5749327501075385,0.5034056267450097,0.5666984294675486,0.5020747478505307,0.5293162661960367,0.5735286639856763,0.7044379569540283,0.5416044270988556,0.566936758751179,0.6674008790055325,0.5558559784780172,0.5358802341978843,0.5195391932146864,0.5425850365511592,0.5469072321779511,0.6040142326387857,0.5191576736455138,0.5878059290009482,0.6297608731707399,0.6115749696565645,0.5690891487868409,0.5535934570661766,0.5715340175555864,0.5314891117418105,0.5794800717589573,0.5299817639648439,0.6186419745054934,0.5740984193231502,0.5767823980980581,0.4819499542125269,0.5651989208962466,0.6183263528147244,0.49972322712482514,0.5086963496833102,0.5076109557665638,0.5454516534284465,0.5397336274799487,0.600836266596715,0.5901958582444474,0.5747208448173071
0.5712813062978591,0.7088126764909644,0.5600510577860364,0.5414949656937399,0.4362881115681394,0.5541448874227316,0.5803602432332686,0.5273414779120765,0.5443543978136247,0.0,0.5530367011734416,0.5908846232587864,0.5703789098066646,0.5851283813615008,0.5782071549148786,0.5430753991129146,0.5803224475436507,0.5971072924977746,0.5778072460834601,0.5653377693625795,0.5649104870101354,0.5940498650065318,0.5858865974651571,0.5279433339061441,0.6975901924494986,0.49103076304490717,0.5504005671336412,0.5771846488445816,0.6537276951643114,0.5004717396084944,0.5958982269870358,0.6193526205254875,0.5454699935985543,0.5740546473582632,0.5974832710192318,0.6021346084725517,0.5493752034878085,0.5833119572747092,0.538865846497452,0.5766839163655125,0.5630668123879318,0.5913698784913285,0.5270659501842699,0.5449566283387348,0.5876879325695105,0.5581966140058386,0.5041178497332562,0.49470047333766803,0.6409865667842527,0.5458367098949528,0.5476789189296866,0.5175702075698663,0.5468128098893332,0.5859398300630704,0.6105360839961309,0.5943640808761964,0.5539932336266907,0.5280961120357377,0.6011994251565815,0.568255547792968,0.5205299292569776,0.512142587891626,0.5065993461288782,0.5655417936771147,0.534490076513438,0.5267223771225071,0.5516421363350629,0.5221004218961172,0.5682125938958648,0.5400534077132133,0.5318039165867091,0.5711234783734588,0.5278410359135292,0.5814622670551867,0.5901471529309901,0.5742523532042888,0.5097182618282778,0.5201302144838207,0.5207469190318669,0.45083694769546595,0.5646191853273473,0.542949666528186,0.5591359764103985,0.5643536484505945,0.5513895526371485,0.6024675911890582,0.4873036974956301,0.5426036935397178,0.6034886014895792,0.5536441976091143,0.5285290268162389,0.5797788836261767,0.5888062700231987,0.5391816707061592,0.567765753878527,0.6255157945389899,0.4928816698174138,0.6099624721711251,0.5321536984658413,0.5899895524229437,0.5816425331353084,0.4697938509825529,0.5189227785931652,0.6034935606536145,0.5474677609049071,0.5315422923420892,0.5460170155726698,0.6533875824314372,0.5831282152636075,0.5537543795740669,0.5739135576231741,0.5436017998562133,0.5378091939155514,0.5639244964036105,0.5546377256861572,0.5500285261961748,0.6026927161972825,0.6231009623591056,0.5689956372318262,0.5684380811356524,0.5057766114854585,0.4833832849321884,0.5236505474844495,0.5616396488444924,0.5147674759391219,0.6179841166672496,0.5244813979091644,0.5110206172366669,0.6813689753769054,0.5813845046263642,0.6079583938734964,0.5181070939624177,0.48737666968023297,0.5419825421686031,0.5555480812906403,0.5349253904816655,0.5519208042759498,0.582286961720094,0.6102221705232026,0.5623700948287851,0.55177385564231,0.6163371772031195,0.5898678620872642,0.5684478441364043,0.6112634549005014,0.5561515834233791,0.5363277538115298,0.5908653204423967,0.7345237054778168,0.5460877120527233,0.5287438994988362,0.619758798787501,0.5490458981891473,0.5622618729137133,0.6281081559464357,0.5528843000653576,0.5048182520693938,0.5538602247595602,0.5339350099961083,0.5440090533789522,0.6367556024988775,0.562762930947042,0.5434230758661973,0.5341400808981832
0.6294760200013232,0.5859472190043242,0.6374633818502909,0.5406338322806302,0.4943004479001812,0.6560579949328397,0.5391908335887763,0.5331278608284798,0.5154346206364893,0.5530367011734416,0.0,0.5959744804594087,0.6879244243379,0.5228044258208637,0.5865815911726942,0.690344004473,0.6392400561031537,0.5765810087845594,0.5666579769302806,0.5618968405274973,0.6277303048483946,0.6984187641485642,0.505262262004425,0.6029833011811578,0.6071814101105987,0.5861324973959813,0.4952674628594568,0.5716478693534898,0.5779595640723495,0.5355141049662943,0.5509468062850229,0.6279000885698494,0.5431198552643902,0.535346485287354,0.5522114006260113,0.5407851507781266,0.6714637126970293,0.583451043645261,0.5891854453864662,0.5758584822611046,0.5390590346324393,0.5761483366925622,0.5851964439405024,0.6317099667120846,0.566002134122992,0.5474021231796872,0.4890015746111368,0.6620770551753636,0.5923231342333911,0.5484447933575041,0.5952144796745003,0.5860539621629154,0.4950693925554993,0.6295635812755532,0.6359149281295736,0.5286199959185576,0.593142723022529,0.6113643330400644,0.49910071015668583,0.5347681431749276,0.5817979545309755,0.5003727640325416,0.6257808522064086,0.4761217717014617,0.5118967781484404,0.5432319037921476,0.546042559357354,0.6048159364945185,0.5419734859302614,0.5866978701733587,0.610624741136474,0.5047796247696916,0.523888161535009,0.6453767589710508,0.6145886172933507,0.5186175609742685,0.6074744803190542,0.5606027700476024,0.5313831368027605,0.5155064775558423,0.5858941555874374,0.5339567297881906,0.6042276663232761,0.604467873799042,0.5309704514729043,0.5888268240808978,0.5453652560267659,0.4949447496840045,0.52959790448143,0.5353343523982135,0.5763508459368603,0.48020553686619866,0.5965024298964706,0.5607198631915657,0.5299735004312526,0.5971381095020571,0.4913570661169129,0.5025785519808731,0.4707039530918532,0.5314998123563286,0.5484103494754773,0.5056281095333615,0.46869912801332925,0.48257245370603524,0.5262169646725446,0.5710774174221779,0.5447078646358854,0.5683218967246891,0.5392060488732834,0.5974353047384303,0.6232414384850872,0.5240617374821531,0.5727039042984507,0.5154036283527178,0.5775213774144646,0.6121415454039052,0.5196267285251965,0.5960023950592147,0.6002758712383537,0.5071445836713009,0.5667232008803867,0.48653284106158706,0.5351123714966423,0.626271244282187,0.49378743423170773,0.6427485672290314,0.4859807512947882,0.5736821779244425,0.5862759874214959,0.5504635918509736,0.5156411173671588,0.6103976416953575,0.5359765832657667,0.5543696262976643,0.5989359445208186,0.5512950934787546,0.587441754181542,0.5662758334146651,0.549498485458347,0.5357683426355166,0.519298878691145,0.6006600844401825,0.517101728282119,0.5076968423557754,0.63667381140376,0.5099867034017298,0.5894598984785916,0.5573278403036381,0.5676547469129937,0.49686881007008077,0.5608042964852772,0.5182727562853308,0.5660217354130255,0.49886469569256725,0.5851326182070049,0.5834550626121985,0.6191552814934855,0.6277897100035449,0.5117385757812896,0.5966810467436361,0.518610713272655,0.521265281303193,0.4628714299640142,0.6670450211157617
0.5581193643989405,0.6113430580505869,0.6052823666267206,0.5671171403196765,0.5044620270180727,0.6218475936980006,0.5882549243438192,0.5505401095571516,0.5194056535854047,0.5908846232587864,0.5959744804594087,0.0,0.5471693204827217,0.47671724146929234,0.6359347274555149,0.5995687671065821,0.5982802109659621,0.5430247599107509,0.6755983150229558,0.5209754168350379,0.6571087239589696,0.6085523008133862,0.5529101088836703,0.5808158967259545,0.6270522203327711,0.5409428346363407,0.4898756995227333,0.5352607453567813,0.5603408162964707,0.5767990614147861,0.6095827713601527,0.6070910071787307,0.5913791380981595,0.5836062978655584,0.529506594970142,0.5914153566847412,0.5590262134252871,0.5576212246407831,0.6425481418347533,0.5495590850078302,0.6138442733266282,0.5753204316241977,0.5951557837048164,0.6190396528199963,0.5673388807049845,0.5737210781224156,0.5350314646542117,0.537228758383338,0.5882952122699087,0.5582692155164046,0.6178247090497068,0.6004104504758615,0.5106280032015863,0.6582851558243269,0.6385532158411727,0.5412550020803101,0.5813175675991679,0.6835847784343664,0.49144296937565807,0.5545010514525645,0.5125629727842711,0.5121187581547955,0.5899379011344646,0.47559476884767066,0.5175490590963725,0.5167694408831924,0.4948956985976501,0.5365504976112824,0.5027978571959465,0.5501257020102154,0.5629884646655865,0.49055992356317385,0.4750175020966898,0.6043538080875342,0.5771816822361079,0.5095172229683889,0.5500572998079837,0.5753408109470544,0.5536129288266927,0.4665471113008246,0.5631533078014507,0.5648817733353109,0.6179069921221919,0.5306436228699196,0.5424606018711545,0.5955979224012389,0.4918205862656768,0.500235346180664,0.5529331006271061,0.5358607438610324,0.5880361196663776,0.551057786178591,0.6281621233702803,0.529272484075743,0.5158069877954518,0.6345910090926299,0.49367802346774636,0.5685385894555712,0.47840754675194785,0.5395213878583455,0.507867613903354,0.5032962286520897,0.5156167886135566,0.5861023131275739,0.530211823714612,0.5786794886894906,0.5713657986077647,0.5768216361311622,0.5724567764885532,0.551937599621476,0.6659227744040314,0.538114702864116,0.4999330768307501,0.5101092556892116,0.5632857586484852,0.5856611311808219,0.5473122499226177,0.5955305819184895,0.5740951934937294,0.50402452228882,0.5333933500233302,0.5108667372565717,0.49141074033916937,0.6382997472219307,0.45721033998569727,0.6820512459649178,0.4993682301918401,0.5896473273072363,0.6239260815541308,0.5270705719745021,0.5357346645070885,0.5691422381933989,0.45980375651722977,0.5395137522399315,0.5428319976467013,0.507674768447071,0.5795545552268476,0.5641655551608735,0.5317786573476097,0.6004775093349172,0.5112406393043422,0.5576042573920214,0.5504771261434455,0.5286429553570435,0.5937230210134508,0.5392252173304194,0.6469572873693074,0.5976275254455922,0.6047443205887352,0.5020088359886786,0.545661304519978,0.5532360129823496,0.5629087868639777,0.5382055054166115,0.7165595729111852,0.5363279417383239,0.4936482825477929,0.6516971172708056,0.4799471723468743,0.5479787062114563,0.5218496234312896,0.5076644383644292,0.4949693626382659,0.5737676333556916
