0,1,2,3,4,5,6,7,8,9,10,11,12,13,14,15,16,17,18,19,20,21,22,23,24,25,26,27,28,29,30,31,32,33,34,35,36,37,38,39,40,41,42,43,44,45,46,47,48,49,50,51,52,53,54,55,56,57,58,59,60,61,62,63,64,65,66,67,68,69,70,71,72,73,74,75,76,77,78,79,80,81,82,83,84,85,86,87,88,89,90,91,92,93,94,95,96,97,98,99,100,101,102,103,104,105,106,107,108,109,110,111,112,113,114,115,116,117,118,119,120,121,122,123,124,125,126,127,128,129,130,131,132,133,134,135,136,137,138,139,140,141,142,143,144,145,146,147,148,149,150,151,152,153,154,155,156,157,158,159,160,161,162,163
0.0,0.3499398515582353,0.3940604290901438,0.2533896776293358,0.319033440697065,0.3531882140225364,0.29343377355377526,0.36707501565609657,0.3024075722384959,0.3773317883813094,0.35555059526288196,0.33841903992384115,0.4847784562895612,0.26741711449464023,0.34649957051273605,0.3776781180966391,0.35868962615494127,0.4567352403967963,0.35940333147989395,0.4198192490517808,0.4094669040569956,0.3639704470266001,0.3238605034472476,0.35537550147298325,0.48947387324215236,0.28924325968915804,0.30975218197911314,0.357886328416459,0.273319399335345,0.28991718436413305,0.39142528082651,0.40379545888724094,0.2645078102171808,0.34529348450042846,0.40730943361714655,0.3123042049875238,0.48554109578169713,0.3500950444747108,0.2916453960834199,0.3742433913666543,0.29149430777830515,0.3432149535606574,0.33614707029003815,0.3249627197551985,0.38285134339134524,0.41504636435789244,0.32783432088941894,0.34439767777998564,0.43854544700404136,0.3508334478563615,0.347132011638835,0.3418607988220142,0.2558013317893332,0.29142812632592174,0.2851270372116222,0.3115861606535929,0.4063241978958031,0.3632797540305756,0.294728674463324,0.3540534936985731,0.31113999251402374,0.24374274802969845,0.3147285499626597,0.252068177478242,0.2912035134013361,0.3370365980339134,0.3320618663460401,0.36005508565200606,0.31953709265233077,0.41654346273480525,0.41075639467038383,0.29462191516471953,0.32517476916829285,0.3749972169746237,0.39751848991292865,0.39119225820963804,0.2682153652931807,0.32697308279663,0.30904583318714507,0.2574428360281712,0.3257634195255362,0.3847181271481721,0.2998860219409342,0.3357333283026368,0.32321615221486255,0.4498420006722824,0.3549830884700522,0.3158643406172191,0.4954709342867783,0.2709421755554461,0.3629356940439083,0.3294538153579355,0.3259759270054955,0.3572147594751434,0.2936933978763683,0.31231754660587613,0.23439334788974842,0.33287111417670473,0.24318957388004572,0.44139972431394175,0.2765124291175389,0.2835266327121287,0.27319150995627794,0.3234822752110461,0.3377273914977014,0.3753916109236995,0.32176476018432587,0.3591010730402311,0.3729378949604441,0.39609074085053464,0.35697443198152173,0.32938601939722245,0.34977883106695346,0.29188582539429414,0.3240166630825348,0.37431220403135657,0.3591656292233338,0.4032247458888525,0.2749645505454515,0.3062839860170195,0.2884200708212799,0.26065089131271174,0.3274836743474929,0.429190351680098,0.2706413775141128,0.3474668297909735,0.2663996697260168,0.27983534979708025,0.30355879060624463,0.32408317766478695,0.28720719502410386,0.30221603939031816,0.2636842413070148,0.3118422928315433,0.3652862529147585,0.2731259031766319,0.31735770507858807,0.3618500904918141,0.3129331946084672,0.3837264079985132,0.2415227468067473,0.2976417385406548,0.3813579673343644,0.26530872909322023,0.3693456363358089,0.3609374712618061,0.32986301205805035,0.31214572832841775,0.46612103533322446,0.22132060541346,0.40542480559908634,0.2763429618821151,0.36461406261618784,0.244666129740841,0.4257206851948684,0.4137693155070017,0.34964753791416925,0.3526683099777227,0.24194941597036884,0.3122716656845964,0.3024864689944665,0.35041804185393394,0.25899294144979795,0.437280857974539
0.3499398515582353,0.0,0.3562357014837456,0.2676850076314545,0.30377981567415524,0.3722717505980565,0.3676255250426445,0.38336375863436845,0.3286435138655853,0.546358532224334,0.29791969753015746,0.32758628734307976,0.3391406801677132,0.3037187587843227,0.39631949741938094,0.2725855676512229,0.27735394330165214,0.31168628743014554,0.2756347988598012,0.27114369933149435,0.28393537201856556,0.4160319499981474,0.3280345470375517,0.35253814824705987,0.3640435680630724,0.24587503299883637,0.30990112951135984,0.2928341625837768,0.355411220254112,0.27401624546058373,0.41816893334920785,0.2966908988517535,0.30544130059846525,0.26647202510690915,0.31603905894605694,0.2739824322746899,0.3411064657014077,0.27248184741713877,0.2886149824347591,0.31130377880308996,0.29525769423790243,0.39676058899330163,0.2229393816747641,0.26458786697176456,0.3436986388034428,0.291768329163904,0.3102620553494488,0.2497519415019537,0.3246886800075893,0.24912472782094783,0.29036982738120587,0.26792244679580685,0.2707277679723906,0.3213451131578457,0.2811198780579618,0.3934693011816556,0.2667923204360346,0.28408758779051624,0.2812214041094631,0.2967782638227443,0.30813587375206797,0.21893987867488812,0.2320086134645355,0.2120721275401119,0.2527123543835163,0.23242104746907083,0.3205536968970664,0.3417564545461878,0.24317039797716927,0.3444956620875899,0.32637820486089986,0.2640486466187502,0.24148770320019147,0.3106885872144111,0.3063165098394466,0.30219610667890573,0.2568152467477391,0.3799868007786729,0.2403136019146455,0.2485675338656651,0.28941234808107624,0.3354279719860971,0.3807674960219273,0.261117594310232,0.2416172916799717,0.4076090176420528,0.2686519757218835,0.2541637705844377,0.3211990590167405,0.33946920408501746,0.27963212655420167,0.3447598968500149,0.2931032096547623,0.270993320400226,0.2865786637005824,0.4111065511810888,0.2282501868773681,0.3097605504780538,0.23577099723550812,0.3640191803226394,0.2807151894485338,0.22418160142302515,0.20777560508447485,0.27868060327461125,0.2506525657716352,0.27872747189939057,0.22993814879484176,0.37976143439071924,0.315426218386388,0.3880479080973773,0.27381948879011486,0.23609078800276828,0.30336655647377103,0.26509644392924336,0.2722493255235097,0.45528493816096016,0.29142207590218855,0.25524653634527994,0.23008942389329637,0.31504077261080515,0.2634098371358589,0.25981329892415317,0.25079331378572545,0.4135589931955463,0.26272962500305574,0.37064900840580073,0.2587593936502272,0.3422164602100319,0.2792764247920971,0.2831315791707925,0.3363501202358287,0.260823034549728,0.24736431500160183,0.3213380950144821,0.2700754265098746,0.25312416094505946,0.2849749418526564,0.3170283968554292,0.25453299365971277,0.29164527982392807,0.25565235803708036,0.2793119720899256,0.38403743693552467,0.24436293844888685,0.2962904117986673,0.2893080794389214,0.3842187351486097,0.325506526385816,0.35269181416131273,0.19657136448683907,0.27570870612779513,0.2893753398306525,0.2701694144964412,0.29436121526862463,0.30895127255109245,0.35995073061734806,0.3246493027745563,0.40838055895388675,0.26220615860761975,0.26312294192509006,0.3120566642292526,0.31795255716417287,0.2591517533629583,0.33156351566653924
0.3940604290901438,0.3562357014837456,0.0,0.26673771176256567,0.35648347974420086,0.34970872510125733,0.3236200728794708,0.3655423478197142,0.2828992679322254,0.4130101697115909,0.3697597501539445,0.31407548183187506,0.4424565392773051,0.2659651528664619,0.3812887735927384,0.39875446082068844,0.3458075675768849,0.3772171866316425,0.2792263743338112,0.28100100638830877,0.3803159642271517,0.4942012550615087,0.30142190407188885,0.3670848465672818,0.35248178055560625,0.31851034765141056,0.32869199205211935,0.3059663573343164,0.27741811915057796,0.31086591530726715,0.3421631969487237,0.3655972912451845,0.26958630759029956,0.2700036382600365,0.2873351486417483,0.2880625612637163,0.4571945704953416,0.30670028652703724,0.30773546049066064,0.3587660997210159,0.28369247919841084,0.34218730219889665,0.295393654162038,0.2937926127463529,0.38927092155451887,0.36408574244536973,0.3220699005618499,0.3189122729267898,0.36524297890164037,0.2901802652893748,0.33804959997464296,0.3087186280687131,0.23154281049083192,0.32191352219190844,0.2909930317706841,0.2720492300377642,0.30245836253135866,0.35726193581385285,0.2936561072196919,0.32126917884854034,0.30245908650596715,0.2327207694864854,0.28480964898245875,0.22075864358782368,0.25699639990205425,0.27226803483317064,0.32640874913778667,0.4185704004568506,0.3101759448203415,0.38504428155765585,0.3898082887347819,0.2616551371194305,0.2672623183075439,0.4689150551271054,0.35945271155315467,0.2901540744580371,0.32037194692056953,0.39204411911103165,0.2676256720395583,0.24527424057312575,0.2924521177908522,0.34663883449496424,0.3398521017827807,0.2878573117600538,0.26382568187158073,0.4292710138207295,0.2884143505253852,0.2720817281081288,0.37010604915314727,0.2653614891095636,0.35069616529333913,0.28043823288963204,0.3120763992787955,0.26438802041627185,0.2774563739783728,0.3057606790770957,0.22331041631880988,0.2836740430626983,0.22085833928853915,0.38130839901538915,0.2487439692353144,0.2780652455222653,0.2266290007037354,0.28749322955544254,0.28384390684564653,0.39335464956282706,0.2805944775084333,0.3035607788838624,0.35512615809346043,0.38851750064286306,0.3085244128641875,0.260819850447845,0.28893665897605714,0.2717851772607058,0.2771549842803652,0.391368112621869,0.2594582897957691,0.33517762063332557,0.24998476967033334,0.2805180042039111,0.3139617808751337,0.2457696721187772,0.24819544209169908,0.4236805492568833,0.22336501824214772,0.37919220957317,0.2550033794889137,0.3589167391694449,0.274429990038555,0.31709022238169216,0.28117868810043467,0.3543104482284349,0.24315819869701505,0.25975540470507524,0.3161283128889574,0.23899650003777162,0.26577842620865333,0.3108269935681748,0.2954080923601845,0.3390956651006937,0.22991071685263206,0.2743893535981539,0.3376301496244528,0.2511729105868205,0.33190440229106766,0.28148156860338314,0.3656627719913944,0.3475149858071408,0.36778600264430494,0.20130113042192502,0.2819342223799109,0.22998192868312864,0.31807194999870725,0.30430838346956895,0.3446389505112708,0.38660627798666697,0.39080885039988,0.4269667482476837,0.21225808006388913,0.28629316726182735,0.3161156968218543,0.25972438597576886,0.24985107948610646,0.3848819651335279
0.2533896776293358,0.2676850076314545,0.26673771176256567,0.0,0.2609550928064885,0.2644074176084309,0.304903258684737,0.24367736220298775,0.21010336347703235,0.277679155953025,0.33689941420496294,0.2501535074143433,0.25638893499438464,0.2986389313000224,0.32321599077209046,0.24641407943461394,0.27251692947704503,0.28633475931785624,0.28853482458076957,0.218974244180229,0.29356593407654075,0.2714428012122037,0.24142878632548181,0.22873324192579403,0.2602445719745055,0.2986632259196214,0.25336104521997804,0.26680051881953454,0.34614329166839264,0.189638371175666,0.2717291898808265,0.26520147381653536,0.45492579966015373,0.23116522272192333,0.2927768961310916,0.32526330018821176,0.26250242649299715,0.3032419769754945,0.3115388004662524,0.29053861495383787,0.3593748602111726,0.23039952370576405,0.26035254021908805,0.3521617406943014,0.24987117133852643,0.25968618463164395,0.1863088794215741,0.2922654323206515,0.2823205238681763,0.2749599373126652,0.3684627322290645,0.296933642176976,0.26355409242780437,0.4551688874719647,0.3508054597264737,0.20647450501380366,0.294979460280672,0.2794639706502827,0.29874185081075016,0.2960387246475334,0.3268791763196213,0.242455822108275,0.2782228592250826,0.22213769700466632,0.2838998782043346,0.2686736738763912,0.3261986995947725,0.23010149388984327,0.293892896122885,0.2790636849987461,0.2851943727140216,0.26413326161123074,0.2692776619634842,0.3477483924288894,0.305949266886552,0.25329084626386633,0.3196779945639613,0.29448741832741904,0.2652817738475345,0.22745916439077918,0.2835110479808447,0.3204374275566795,0.21220736725505526,0.2778332765255376,0.27975699831620243,0.2473513725303377,0.27304482186101225,0.313496879119007,0.2578794920914046,0.20634899594798864,0.3343253671209614,0.27942428031599564,0.3118140653207357,0.2654306192079438,0.31218135574488026,0.2770994624611205,0.2399369641190495,0.24381713131260305,0.24764226565455344,0.29642413042783955,0.2850161212756904,0.2806115147069961,0.32732172929125514,0.2838680660526549,0.29143374452247145,0.2238989901886131,0.271818591044627,0.22117422525873387,0.2847362599683421,0.2204316864258414,0.3386931790755016,0.27230583787429746,0.34764048080628596,0.3168243190422277,0.2943524322565301,0.23906640717492053,0.2564341899146756,0.25239329139329725,0.2984806524217887,0.3224696851420269,0.27779817698469866,0.34670710335005506,0.23088358534907813,0.2959154177168293,0.24360165168947226,0.33373966662764865,0.28217160066322344,0.23322059761624891,0.3090789531508278,0.34171991719933614,0.19733056489765824,0.28296721737643105,0.2813493612146588,0.3219065909871534,0.2932420248169097,0.23649699175836023,0.17260404900894838,0.3170856835818011,0.2550434785414516,0.2916935873621518,0.44681102469017925,0.280718695808034,0.302075265184083,0.2812578152114093,0.30864534824917705,0.2309763781033732,0.23810501252336105,0.2679712005747938,0.22927783623548992,0.19841561691452353,0.3134891327851514,0.3067614335384349,0.2968750108906112,0.20291143591061742,0.29454897633663263,0.2710399827861975,0.2466278159397156,0.258928828011491,0.39295818492456425,0.2908223629707055,0.329061945895336,0.2870712262523437,0.28384746828920465,0.29287048458171866
0.319033440697065,0.30377981567415524,0.35648347974420086,0.2609550928064885,0.0,0.27662257811406527,0.3387632766614547,0.26226971358336476,0.23912208274683228,0.34384209459457993,0.329137994660892,0.272792016142079,0.28057394791611484,0.2543903668692279,0.33055475394502254,0.31127150034171597,0.30222902821543174,0.3219951526091332,0.2699956666896037,0.2513908797618588,0.33884084729858155,0.3291440558153797,0.3008397149039879,0.2913167843999821,0.29678135212862783,0.27933695859551827,0.26439634455463235,0.26136463649955616,0.2846246154937529,0.2661886842586019,0.3112688994527503,0.2880227193287074,0.2612129514236256,0.25957269349689494,0.32014600192248216,0.30298560573208183,0.3271238710935179,0.2695504950441255,0.3149806503042979,0.31071427225120035,0.28906217235190307,0.32277334543921704,0.26893816704738566,0.30922635473354476,0.25452865187990004,0.29414913576871476,0.2888999137705826,0.3150638342689318,0.3545285514271415,0.27256325611167065,0.34005055327178985,0.28735614600942255,0.24824135653023258,0.29544699329794255,0.2888169394775218,0.24886680574823983,0.267031455710464,0.349183212098226,0.2725624726004978,0.2834814551151876,0.2485569679730733,0.22655756183925385,0.25309444382187923,0.22929548736911726,0.2671941871713662,0.22409172953062628,0.2841799174338666,0.30750579262857974,0.25786878026419446,0.32418276348662034,0.33835064468288756,0.25398165859055005,0.24262162822913377,0.32313731400020795,0.2762989888880545,0.27423929427660604,0.28387409294268384,0.5078181901933929,0.23636175416143504,0.25239818541229997,0.294812608991087,0.35594050364474716,0.2870855608305202,0.2285465178921625,0.2520154659338643,0.2786658926323201,0.2713796839762437,0.2735969696903398,0.2829827883998977,0.22569512996449922,0.4011132778232469,0.31836287120285367,0.34354388028007093,0.23984775434430367,0.28700437999658396,0.27419865844618135,0.20081602929430817,0.25225631530282927,0.2486557227707294,0.30929119516654335,0.24422237582128978,0.24957957973906572,0.24493002812645526,0.25983731003385324,0.25306408324671986,0.27911940562223136,0.24139862245515809,0.27553220900277803,0.3341478984721951,0.30036833304436955,0.31619924945791905,0.2713994704031958,0.2804564731946334,0.28024190224453466,0.24497756321446215,0.2849197900249312,0.2613278232118149,0.305015329393435,0.2420280309135956,0.31961706724975336,0.3241909686462117,0.26419074857872465,0.23526728900864682,0.42583332308992156,0.23893273110664268,0.3199281000132493,0.25945000452954936,0.2768451947416781,0.2605889231179216,0.27444377709579093,0.23844178723544315,0.28465369432538795,0.22559745852649996,0.2914106544756341,0.2728511435064187,0.2502661286923138,0.22408323541739333,0.32479656935845064,0.2543183738957061,0.33680380082903444,0.2187628711078071,0.27875864453735544,0.37134474655553745,0.26104151841730483,0.31635620411126686,0.2681390130115505,0.3086392528868446,0.3288792794364615,0.2842074618087239,0.20003737174902236,0.2740682606632415,0.2615292124701468,0.3089863759755924,0.25756572419330354,0.32300468050868103,0.30868040746383035,0.2574328969921877,0.32717586541186233,0.23007286841450864,0.27100056156907737,0.283161448187915,0.27719060930303724,0.2740315544368173,0.40718115374900077
0.3531882140225364,0.3722717505980565,0.34970872510125733,0.2644074176084309,0.27662257811406527,0.0,0.32715053894879104,0.3050161244190153,0.29974389214050795,0.330212142668501,0.30235983029973285,0.35808398928236956,0.3400943105300312,0.2318937753752414,0.36862764154043126,0.293031088051709,0.2637001022935224,0.25369630722744074,0.3108500682418012,0.26478332532665144,0.29863182727168786,0.3626490428606946,0.23330192323659196,0.2704939855516505,0.35648213346991325,0.23649859696187434,0.24548211339869927,0.2497262821447572,0.2930021250897118,0.2723397937072875,0.3915377691623867,0.34255724399997595,0.30994861442088023,0.25637767833747865,0.2801170416221416,0.24783741739638523,0.36040925508167,0.2524364774549929,0.2845709741775329,0.24643311463436454,0.27047771514839564,0.33695214014053165,0.24586962167828064,0.3194479229924864,0.28167398667190835,0.2642796272030074,0.2634740814953183,0.27661241298699885,0.2542014470363303,0.24709061765345053,0.3011818867332415,0.3182151328261469,0.22829308237376145,0.3274809892255771,0.2657065649694904,0.32544953637336604,0.2616347012588659,0.38977066775332525,0.21942838752332972,0.24814485352081184,0.30275258755356105,0.2460258500312825,0.2764349993347274,0.18553780967377198,0.24384484347568267,0.23769885907450683,0.2872900108539863,0.3607119024130387,0.22153948874508894,0.32464978800984085,0.3500448941806897,0.21429737923933675,0.2515930209149831,0.290715374749641,0.31240295180355215,0.281016353424353,0.2584409513482063,0.30906489072910875,0.225561560146895,0.2824480911467951,0.3249207635022217,0.3449095207201526,0.3018838546770312,0.25549206674639824,0.241122695576289,0.3165872767290781,0.3143105100597394,0.2530649709488676,0.31488314356348984,0.26512082793165304,0.3068613332757992,0.38737263332475563,0.2733796151981664,0.2529309751088417,0.24276912584947963,0.40152083574509995,0.24439652035672293,0.33297797724435535,0.22213846970397566,0.2992215539252443,0.24174281691189942,0.23399242108409218,0.2374641105015398,0.2812288060121113,0.2622534382624203,0.29521347918620044,0.24437654962437075,0.2765087959954401,0.25673462871410696,0.30981610366924683,0.3206364748371135,0.22603699820762635,0.33891749360062323,0.2668846860732421,0.23924334042800166,0.3153757504923002,0.28222478884583474,0.25229297415267915,0.2600269581420639,0.29823305934128924,0.2390568297069873,0.28501711534523205,0.25106097059303134,0.38972796603209536,0.2620830172964164,0.37936212172409767,0.257874416067237,0.27557598137227296,0.2554130612591914,0.23703425244546544,0.28236314556039815,0.3269711518311328,0.24367204259769362,0.3069566275272589,0.27103961542945004,0.23949072590053097,0.25204892736007295,0.24939342553669663,0.2131134514151978,0.28792256625204515,0.2596792545873929,0.28204520641766745,0.3084037383245186,0.24572430262037373,0.2824231102774722,0.2868921758758761,0.36248579735810993,0.2991478773873377,0.310164578315903,0.19178532069187848,0.28727212215893805,0.269553485797382,0.23768192514551098,0.22269038084305062,0.3568305796359454,0.3411513425230988,0.3037762715394191,0.3785440479948514,0.24242621566954017,0.2735421569194924,0.24200348540543673,0.31203305447117785,0.24655327218822615,0.3209238839222077
0.29343377355377526,0.3676255250426445,0.3236200728794708,0.304903258684737,0.3387632766614547,0.32715053894879104,0.0,0.26072675748371743,0.25216807037547345,0.3692430261570406,0.2837842844978814,0.32450347490338977,0.29355091073803313,0.2690119696816146,0.4441795386858565,0.2444107344792469,0.2512819305865424,0.2833544937032014,0.26958804858023466,0.217459260212355,0.271043690563888,0.39699941518390874,0.35071911610024,0.312349984751922,0.32222853646333466,0.25271288051922247,0.28224909182341984,0.24292334797448023,0.32267032526689454,0.24291868263795208,0.3169108164331567,0.26451544281942757,0.3310920693402166,0.2540533201691959,0.27055847435010866,0.24838497971449117,0.32754003644063306,0.22901373917939868,0.2875641426498395,0.31466863835476633,0.3007810330793854,0.3216471561996397,0.23125263768463933,0.2898583249729217,0.28513759836064567,0.2699782089180979,0.2720940276415579,0.24276746143375152,0.33778525716012264,0.2265909296986892,0.2957021772745405,0.26800890351549383,0.23562380071992933,0.3285172391855165,0.2782925792320896,0.27582704823606174,0.2358830683461185,0.3018416322913662,0.27071397368055355,0.2518889679719168,0.2386937468740193,0.2127764707052521,0.2186360037986941,0.2080069754755743,0.23427362791944822,0.20119187011534712,0.30426722387313015,0.33784679802589473,0.2359139963591051,0.2821713055533822,0.2986021933373127,0.22570607454241923,0.2181450156132865,0.30281411770127203,0.23274978410327396,0.25177686680709793,0.2814376936726691,0.3880031298098618,0.2093788828519684,0.2191645812101164,0.2540121752495442,0.3276868292664246,0.2975424020383787,0.20457509439574922,0.21955107514618621,0.2854142390309702,0.2344267679280202,0.24783862368441967,0.2721020732738882,0.24930949108511122,0.3160646456156847,0.40893866826180103,0.27705301308239644,0.22103078764589373,0.27091663593841614,0.3747741497792852,0.1935992694629076,0.3066745848172184,0.22820021044612973,0.30512205330977127,0.24387944657869345,0.2266845805484157,0.24758929293038723,0.2940123457274692,0.21787351778282835,0.26036488529890917,0.2103507624895649,0.2784530448605877,0.31330508264262347,0.30512323237221134,0.33074763992381445,0.2255351555120539,0.25867764895721407,0.23845104308495474,0.22583998273902162,0.30980205851001313,0.24282226337285,0.2685621900519165,0.24928966849950035,0.28556036964918313,0.2510868770377448,0.2501740472024685,0.21296572078350345,0.3666992739241282,0.2269035167655782,0.34872739558470545,0.23737796010626036,0.29280860117672053,0.24473671276068576,0.26134321321993054,0.2333143716105694,0.22961098696798532,0.2091217502686882,0.2674021572107608,0.23230358453928285,0.23307759521489418,0.2213271561346561,0.29995816281022775,0.24258848266854552,0.2750557468108235,0.2659747290261689,0.24495365813398703,0.35000889115915884,0.23516287077178302,0.2657364776351062,0.3032818561201754,0.3142718320872214,0.32432672205081825,0.27883062614466725,0.17768416609290083,0.24426050614801167,0.2781822311675318,0.2576804256162333,0.2828871457943849,0.3447741448797969,0.304103222047989,0.2994915178776944,0.3396769293451979,0.28424159693214307,0.25502215048233207,0.27647959180716636,0.2530987097457014,0.2582121365824875,0.3134648172826458
0.36707501565609657,0.38336375863436845,0.3655423478197142,0.24367736220298775,0.26226971358336476,0.3050161244190153,0.26072675748371743,0.0,0.3313620665714761,0.4014753021458653,0.28879613259941794,0.35257358777439357,0.3577795314799856,0.23650983215564184,0.3162825274586319,0.3151210276188119,0.29108959632702486,0.31776978602407835,0.28284726463515036,0.28696688133316794,0.3083844285814096,0.315096504606933,0.289351438682199,0.3024583512763529,0.3627381807741515,0.25458887469921704,0.35234167674241207,0.30043564622830343,0.23524600310597882,0.29618612340279116,0.4407670074480659,0.31041300223940965,0.2523518983885169,0.27379923693408714,0.29938214396689955,0.28876453431594074,0.38598115798404703,0.31582414071844417,0.2948306263227986,0.2867917099844971,0.26249527158414027,0.3250645620767393,0.2710511793625219,0.24867935940751323,0.3984665730599567,0.318396300522075,0.3003800520496226,0.26484503255213304,0.31138940560618666,0.2697415054840165,0.2858947177251972,0.26072906547556285,0.23040326075975182,0.2615685728427253,0.263502993160462,0.2970121628748436,0.2845823876569485,0.35316168523204367,0.2598533732216345,0.29412412083850203,0.33199239794124624,0.21364296033282296,0.2661921593469858,0.21939003327302062,0.2338913767927213,0.25371643734262667,0.2886268128075934,0.31474424173975096,0.28377927590571944,0.4714662967631622,0.30750524352904557,0.25959464284135675,0.2583284457267556,0.3315039482782899,0.35925758994404394,0.2868105526579831,0.26846504495604695,0.2861860674015944,0.2949207281665722,0.20818982879804615,0.25297996256907923,0.3207156293780187,0.31427238134972785,0.29634936619579155,0.26645372748250773,0.44595299845480785,0.3651838002696412,0.2715077356105645,0.4045704777876635,0.29024183876378956,0.28865818370286533,0.2884767817623944,0.27025702136778174,0.2606944827614827,0.25993712928744783,0.32898747816156076,0.2414213730504525,0.3066008594688423,0.21423344866833996,0.3700116937145936,0.2384833696044885,0.2951209968843186,0.23224023467961513,0.2987764920085714,0.29943645990314754,0.322768669448164,0.26843800548787866,0.35275661553772947,0.2950220882677544,0.3481746425426803,0.26374603279388975,0.25625713454026133,0.2784823988350994,0.2821660174839438,0.2697429250574939,0.3873536249953383,0.28339030234005685,0.2809080682321498,0.21752407919223354,0.2809384913209626,0.2522800959793024,0.30968312456548897,0.2364297011917381,0.33347872407593937,0.22392444764000607,0.3108620172847216,0.23805167536043312,0.369671851511581,0.26286426025160553,0.27023911435892234,0.33217542857156435,0.2753476376996486,0.2656114221333112,0.26255637592616743,0.3040629180049886,0.2101232070607547,0.2785665529169287,0.2833423651545825,0.2687969380905056,0.32547923709867255,0.2219166369128742,0.23946127868395503,0.33179218120473997,0.2397266504925025,0.29508328145250656,0.3071673270948618,0.3702842242400264,0.2805948349958206,0.3645252085110614,0.19943937902048228,0.3262326529505012,0.2444031938841888,0.2894828417589084,0.2614258713511231,0.33946304606170236,0.3770427392156994,0.2993557237829341,0.38126630334827033,0.20518655975493802,0.2485681293833628,0.2642654742880846,0.277199672137109,0.24532941839504138,0.3140149464272803
0.3024075722384959,0.3286435138655853,0.2828992679322254,0.21010336347703235,0.23912208274683228,0.29974389214050795,0.25216807037547345,0.3313620665714761,0.0,0.31403291194505817,0.22642963603369917,0.2997521366491786,0.2656336188566325,0.2502864336192224,0.28375442141187374,0.2518998059899187,0.23288037575858106,0.26751664679938414,0.24258491889892211,0.25709778876311673,0.2494714245859952,0.34237944316493524,0.22518041900803062,0.24068173710888366,0.28987541704915276,0.19957864228745303,0.28607605964663596,0.2314999667340931,0.21682748433668028,0.3845621095261292,0.37978830282699944,0.2916944893777964,0.2290785571929596,0.22233172952760147,0.24963337409433164,0.22577490505534534,0.2805285215391532,0.26776942121004754,0.2738881850887489,0.22801947098640885,0.20598905784629898,0.38124517388461016,0.2258861450115523,0.22003044737269192,0.28000885417068966,0.25147715554812644,0.2689797971850848,0.21049662843633224,0.24860779025680232,0.23412393833391412,0.2427859038569348,0.21205061543176026,0.24338715711195413,0.2363132553496373,0.21890659608573962,0.40987404701468977,0.24868211956262584,0.2659565215948568,0.2321266345036124,0.2352920404077044,0.25528832678732777,0.24030162166762642,0.21046665584451135,0.20144248518304003,0.2501903268230379,0.22486550359913748,0.2864056430171197,0.32647936784755105,0.22981471173871132,0.2963761110573743,0.3114273587573337,0.2285871433838651,0.24448741815185504,0.25734754308236735,0.2904930050588634,0.27086471641881654,0.22979411535097455,0.24807639647979035,0.22086147139519283,0.2226813651965898,0.2460646417089514,0.3556659839307824,0.42386789589382173,0.22256104729387408,0.24411809345092775,0.3260996109963101,0.27571828953392286,0.27509696785400994,0.3030559049087702,0.4128433936688826,0.24655382748940874,0.32800605395482235,0.23474160469827604,0.23297867231498384,0.275349433443999,0.33556986759156576,0.26362865983358713,0.26397683233840175,0.24678295514577908,0.2625300115875929,0.2538987927322984,0.22880130832411788,0.2115302378226082,0.23598069991911017,0.2577594222282274,0.2494209611018868,0.21751432172239302,0.26515416298332706,0.23690412363815722,0.27334045586941763,0.22230620286636893,0.24052904398340183,0.26366842961137243,0.2982525901979065,0.21129745763686122,0.28233138884744685,0.24445435869175897,0.2540498508655591,0.17975893858734365,0.27215961902183566,0.2273799948315734,0.24315293062633908,0.2198064285362095,0.292347527357103,0.28560448958031254,0.24841768508310913,0.2532234342142298,0.2908345384909549,0.2049233313795914,0.24323091972085994,0.46678697932182295,0.2774466259298818,0.23644917624105918,0.29636454462055034,0.25173145203994185,0.2258237173979608,0.2863330639986997,0.22527241867452227,0.23041228707251082,0.30454011904905237,0.21552833244702477,0.26200359220068803,0.32623360771168836,0.2852731192257315,0.2601456650099493,0.2620805055621374,0.4455870269054987,0.2806130186522296,0.2943358850196612,0.19081039198467425,0.2657008248686178,0.24536467963966435,0.24553123277470235,0.27891182111232,0.2611783662959394,0.33129365383626413,0.2600709213023214,0.30530448218960465,0.2090036553273973,0.2396136083593355,0.22285550609360377,0.2676685027659752,0.2887451383655506,0.26856788130855364
0.3773317883813094,0.546358532224334,0.4130101697115909,0.277679155953025,0.34384209459457993,0.330212142668501,0.3692430261570406,0.4014753021458653,0.31403291194505817,0.0,0.3013504726769645,0.3189503510626983,0.34922850038834036,0.2869305939449383,0.3787932016954176,0.28856141286933085,0.299211965425918,0.36359785128112115,0.28396410956940366,0.2717816518514046,0.30445063560149627,0.37788381437935437,0.37227835505555573,0.34428979930907605,0.42727331637327276,0.25450576832869887,0.3349053846595497,0.31235961299995807,0.3142508736544909,0.28484431485490413,0.43882279042095,0.31524417731115423,0.2675732804057407,0.28601017207425766,0.3268714863659828,0.2844730101687672,0.3825599700923616,0.27722912803886884,0.2690963727502698,0.3285727452741095,0.2725433868804439,0.4196171226571834,0.24800995204931836,0.26946873019807077,0.348865397745815,0.3139047176080464,0.3126843670558887,0.2652833282570673,0.38483712070513715,0.2510253566425185,0.31463257733140226,0.2725220590973713,0.2515466214197727,0.30619231191651963,0.295495114977573,0.35523815048339996,0.2724074777227122,0.2932022552218462,0.31338535375987014,0.29786003147503964,0.3003401793527228,0.21903408049212758,0.24150157494931973,0.22098918254577896,0.2670820081296766,0.24634980337688892,0.3117672227443356,0.35844310276390756,0.28139968771085977,0.3939830667393281,0.32316857015616846,0.28233606099974673,0.2513989852643767,0.34794642963329936,0.3101514219228887,0.3189106108943476,0.2709644133110531,0.3839258707966528,0.24530553470377056,0.2391448578774795,0.30193220735944687,0.3505008150335726,0.3637321803213347,0.26778323497404055,0.25845816168828206,0.40387029855607154,0.28994022686950494,0.2807416199253352,0.3620406276008319,0.29711747106495623,0.306678000218912,0.3411312630672128,0.3030122637933117,0.26018374752014145,0.29843422109717105,0.37169118453565947,0.2126868899575146,0.33054360636393876,0.2389840529070077,0.38865095617977163,0.2666386040197602,0.25217923928250763,0.23275844360281167,0.31521119115243995,0.26100566226486005,0.29816405365267395,0.24491816348155973,0.41611178301998486,0.3249035107861499,0.3936694638093509,0.29033627693131075,0.25007338567923365,0.3132648024298395,0.27992853323896677,0.26621194730071823,0.4126809592135899,0.30301449960870425,0.2985124777637067,0.24284424335574412,0.32883055403590333,0.26563363051124184,0.26305192104695907,0.24449013188502067,0.4188438959994218,0.244268067430225,0.3552169913758764,0.26016005371080303,0.32641630408263683,0.2904058075784845,0.2962244865794924,0.3531573463438913,0.2726439371698637,0.24899330085898105,0.28438849368875974,0.2756800834868079,0.24197043228116535,0.2765614545903531,0.32260713257164836,0.2763228865623137,0.31742411149133315,0.24706402023515117,0.27845565962797225,0.38860643159646796,0.24395235464330894,0.30072460740450585,0.3221824118842941,0.34083486545501973,0.33848873400350465,0.402903164479453,0.19814903416337806,0.28409382456794946,0.2879401327963494,0.28382065280362917,0.30649588283105744,0.3377024779374277,0.3798887525488979,0.3171804649337497,0.4356376378452289,0.25085063911745004,0.2829827398772115,0.3537729222188796,0.3153422566024801,0.27404036355950007,0.3418954838484696
0.35555059526288196,0.29791969753015746,0.3697597501539445,0.33689941420496294,0.329137994660892,0.30235983029973285,0.2837842844978814,0.28879613259941794,0.22642963603369917,0.3013504726769645,0.0,0.29567773556119753,0.3717071896270897,0.29186877182662135,0.3133579932866657,0.3710728163003055,0.3777673896900362,0.35473488888032256,0.32159327228763146,0.27905458354111473,0.4185824193696456,0.3377783851113438,0.27475693634228043,0.31027073830529583,0.32108059229870733,0.4143926231413487,0.27776665450724947,0.3438186622442873,0.37022337199229827,0.2427742628646558,0.30236547032641725,0.3506528530365644,0.287239629698495,0.266355073881614,0.36959467834075566,0.3693907267329426,0.40767324441201996,0.36040669846708523,0.3954985378070661,0.3458979139508693,0.35652949296310593,0.27337021696886044,0.34128757536569904,0.4082805714828944,0.29801494200723677,0.3102947362428825,0.22818763740910047,0.4964773289854786,0.3756356012121602,0.31699806076884046,0.4212488835276391,0.3428354080892367,0.2534057029144381,0.41270638973441165,0.4007886162417721,0.22886266745964448,0.3647434609204739,0.36638617776290844,0.3186360192057357,0.34934984589263396,0.38502845743627734,0.23844688925447138,0.3575593311753441,0.2457042678616447,0.2668162848264894,0.30470446696215825,0.35714928445047883,0.30029236363871853,0.3446414850950934,0.35218017196287216,0.3665265472770059,0.29311310879434527,0.3288456891524387,0.4648967648465589,0.3944375932313898,0.31920248770766235,0.3949017044299693,0.3481140599518172,0.3118711086932214,0.27926898602537636,0.3531171213255508,0.31614288157883225,0.25578150094577146,0.3596813088492043,0.2973122118700835,0.30523263640077425,0.35201833746603517,0.3040928232877656,0.2970023642300071,0.23268532302051145,0.4538768696994701,0.24473592005660738,0.3774423780705742,0.3337277327655504,0.29963524734710323,0.2781004712808862,0.24194794460288832,0.2384001826604694,0.24152796499714377,0.342211666984434,0.316518865844457,0.31596928825390547,0.2804041386319492,0.24060918642597545,0.3243827045613752,0.2796499934557411,0.3064716587082111,0.27427980006733244,0.3289479014376896,0.32291186093503493,0.4399683916024703,0.3057163877639968,0.3748785446182634,0.32092628662363853,0.34622989519626807,0.308034517944393,0.3056087510809537,0.33902405535973185,0.31256923989871016,0.3190177014709257,0.3593031180456613,0.2982938897827263,0.2985371820108337,0.3897929292541708,0.2683389093698996,0.41270290054871916,0.25879647796367505,0.2842006058285811,0.33227145862710533,0.339851751618028,0.2157703539306133,0.3687663150638855,0.3208024144447263,0.3492941876725027,0.443758307619121,0.2759067122968685,0.2362172922353447,0.36495160842514784,0.28247597687808373,0.34722149535170443,0.29661475145892874,0.3103153756203002,0.2941287548717536,0.27440929569621886,0.4597119852750358,0.25229937623393317,0.27791507775522856,0.3082000386950058,0.2811658026095594,0.22557134637110277,0.44886471690206264,0.28115391813380464,0.3961555765801088,0.22585065044321623,0.31889790227490855,0.3332638064923176,0.3179218300043199,0.3311408060733306,0.282980388265844,0.321299949499299,0.3328354344612838,0.35958907823662034,0.27030859760126846,0.4917214923491866
0.33841903992384115,0.32758628734307976,0.31407548183187506,0.2501535074143433,0.272792016142079,0.35808398928236956,0.32450347490338977,0.35257358777439357,0.2997521366491786,0.3189503510626983,0.29567773556119753,0.0,0.2851949986343528,0.19223304002836417,0.3088558708694932,0.2976652630185824,0.2781799400044881,0.2694521813629706,0.3459862050679673,0.26006866755283503,0.33121018083888065,0.2932960264766811,0.29437338110622613,0.3195119894724133,0.40413210667277355,0.2546343648405271,0.2907467229996805,0.25785996666485805,0.24362948654214367,0.33906129344282526,0.36797472560456795,0.2865169965063851,0.25961295906844034,0.2918333997157991,0.2788977258419598,0.2592564145012883,0.32520136434569125,0.26821315656714156,0.2813287807227792,0.270925120673567,0.2872874817020538,0.35058888766625074,0.26432228334982755,0.2981120441259976,0.296738257353355,0.29211560009248505,0.3466529233079259,0.27002080982693855,0.2973886093472227,0.25320256159399246,0.2857281816945013,0.3193312655973116,0.20006328823783867,0.284133384060937,0.25851287240149656,0.2863088298562794,0.2876824262908813,0.41582419440905205,0.21148854857074495,0.25242974640969484,0.22271127343279457,0.19516423158440852,0.272244211905488,0.20476098002583162,0.21219300203530914,0.23438727178565438,0.23418414433518744,0.270783239238995,0.23457736340298388,0.2961312205215701,0.271304419239019,0.2095806272015844,0.22674464122879084,0.2799968678146329,0.2831488382806909,0.24949868232016556,0.23488256207189684,0.2941114658516508,0.24316475258280507,0.20502581049326524,0.24375120638264786,0.29247320422303474,0.30800886532199684,0.2324197890949534,0.25341515458854125,0.3584367889424219,0.2524076888884438,0.23379370861864027,0.32552127033039,0.2710628792341702,0.3208646607585426,0.31328347081765057,0.2563435509822747,0.2432226786532608,0.21772412206012612,0.3959104597918744,0.19341099997493072,0.3482629330229473,0.19782983800022527,0.28805225251150884,0.20414818081017735,0.23227353374605297,0.27116752525698806,0.336213533436284,0.24478687224429646,0.2982306892605047,0.25452174953610307,0.3207540170438739,0.2707141079407486,0.36846147141733754,0.3725637564816054,0.2596901805223772,0.2490784978436653,0.2527552176835081,0.245982304741099,0.38028287622491896,0.27162635642720057,0.2959237133000753,0.25955069054201974,0.2560792957833224,0.2378691955803161,0.24767499614129165,0.23101076093102338,0.3211259834869251,0.19761110358827014,0.3426679148606709,0.21261926817208032,0.32610921872199106,0.2656549354269537,0.22653007611492595,0.28699564501936664,0.25327609605402984,0.20354017187405676,0.26098775783603795,0.25976059944604335,0.19583800530266465,0.30789318355783535,0.27387456037837243,0.23622761281000423,0.29694029286656504,0.20939950695721682,0.22749737301765474,0.2752853020158957,0.22018614610717235,0.278764941338544,0.35785583292027917,0.4152004277663993,0.2553665894682246,0.3324263788844442,0.20066907971010553,0.3022030971571866,0.23981131517901058,0.2767834978953719,0.2617847066476437,0.44531229745130757,0.2742120068918581,0.27167922454000376,0.4297811485753606,0.2044050007297249,0.23784093274550308,0.21333283463020056,0.2533321982548733,0.21898602126956696,0.316095630135211
