0,1,2,3,4,5,6,7,8,9,10,11,12,13,14,15,16,17,18,19,20,21,22,23,24,25,26,27,28,29,30,31,32,33,34,35,36,37,38,39,40,41,42,43,44,45,46,47,48,49,50,51,52,53,54,55,56,57,58,59,60,61,62,63,64,65,66,67,68,69,70,71,72,73,74,75,76,77,78,79,80,81,82,83,84,85,86,87,88,89,90,91,92,93,94,95,96,97,98,99,100,101,102,103,104,105,106,107,108,109,110,111,112,113,114,115,116,117,118,119,120,121,122,123,124,125,126,127,128,129,130,131,132,133,134,135,136,137,138,139,140,141,142,143,144,145,146,147,148,149,150,151,152,153,154,155,156,157,158,159,160,161,162,163
0.0,0.8992083446961749,0.8586163757735112,0.7684979242093801,0.7714698222799679,0.8700911123148701,0.8063721498454798,0.8183177523133639,0.8807290707469999,0.837680719687409,0.8855572092614526,0.8089957694612467,0.922674603244023,0.8436549402750085,0.8622607638361272,0.8802542904153524,0.8711382233866132,0.9391740186581864,0.8670271362716395,0.9505287870592366,0.9088066141514191,0.9050099941806626,0.7689012142852664,0.9000661895170416,0.9275180060170977,0.8158988392365595,0.7543499643987248,0.8649832245364819,0.8209821754978714,0.7965020766476099,0.8913561237016044,0.8996580760062841,0.8133042218391833,0.8027405952460596,0.925897957344842,0.7657986832086731,0.9271101862490968,0.8835679804108577,0.7725910313042447,0.8898512049054799,0.793422922592887,0.8397368266107226,0.8636952775292281,0.8845082208563387,0.8910144463459546,0.8580691020357374,0.8172100008249943,0.8893202754563442,0.915308448533364,0.8362398778003057,0.8695667671638054,0.8894807167492098,0.7589168106809863,0.8548470172493973,0.8214636027888955,0.8366092734906012,0.9295142115892826,0.79924468415073,0.8589980242752334,0.8165174573705027,0.8415995782190036,0.7052145437259726,0.8632697015223353,0.7420133419520023,0.8444685229960046,0.8640280469581442,0.8557827245155121,0.9130589299119919,0.8450631139329454,0.8696210836651919,0.9425984350087168,0.8590384708550299,0.8472699758028429,0.8917153084020976,0.8677150341980266,0.899727595045952,0.7762761655349372,0.804420040716852,0.8255190579504668,0.7776885628267984,0.8411355921654933,0.8822003717740384,0.8754131909190088,0.8534089427909727,0.8572754626389595,0.9192909669843465,0.8411812538687503,0.8321464858348679,0.8591537542665851,0.8070862073297294,0.8321663673471231,0.8047337714022347,0.8304682679590415,0.902257387882345,0.884664010949947,0.8672969347857831,0.7870721656992439,0.8270622249544015,0.7164167858647581,0.862787856895332,0.8323567301373205,0.7320063069705393,0.7322877514972705,0.784873720303539,0.8596158707597561,0.849504714581182,0.768591866134003,0.8372535696008979,0.8409270734542477,0.8866733873917312,0.8519281689876793,0.7978013716565306,0.8691917676410265,0.7608838540429224,0.8628094251390171,0.8803862813026978,0.8755588024496471,0.8680745058667338,0.8050865430362929,0.768167633106535,0.8382767770733826,0.7034375002476321,0.8669901699300214,0.9327433102535628,0.8499841016611258,0.8774080989871085,0.7032351271588702,0.7889075494940009,0.8204225604701415,0.8841286797637503,0.813744187379152,0.8478071004713107,0.8136080338450814,0.8338358151174474,0.882593009135676,0.8417535706135536,0.9135578671168377,0.8782579158140227,0.8649853879137651,0.8222943414006023,0.8461115171286453,0.8315609225737242,0.876456383637187,0.7549059027996655,0.8889686645767396,0.8352089161462756,0.8535529474618857,0.76723198837209,0.9136216119956534,0.6180952155046242,0.9136204961421907,0.8115509100147662,0.824511960886113,0.7512510638169957,0.8425232512096755,0.9119612421575988,0.8977865055729224,0.851688827121109,0.8552482356524083,0.8324939743325118,0.7853115774158844,0.9203056071803991,0.9126777056958928,0.9204552901815857
0.8992083446961749,0.0,0.8687253855979122,0.775999757863812,0.7535018449092392,0.8994530884481131,0.8299810973783187,0.8078975783518038,0.8746020779612457,0.9052896842743192,0.8211870833463961,0.8572236535465094,0.8704689245956253,0.8354334751019312,0.842014959676769,0.8347844660381147,0.833722988839317,0.8369600041251369,0.8387128881145914,0.8557033696245316,0.856348046480686,0.8927570247073178,0.7609841609618546,0.8804966459058158,0.8926947420698782,0.7450216323509743,0.7730433950806586,0.816755826032195,0.898749806483918,0.8103551813735104,0.8791221561024166,0.8573782153311217,0.8578866219907416,0.7805380194779512,0.8711147860610892,0.7703488806505142,0.8537181153062114,0.8202169421539734,0.7675489627957025,0.8775868470198781,0.8243895855042535,0.8541379280546934,0.7435449924786052,0.8374867658409624,0.85572992798545,0.8120536411765471,0.8326165471420066,0.8046675745073665,0.8480567989767034,0.7689580051447902,0.8045044129503723,0.8545607724442338,0.7596527504790561,0.8583932777955328,0.7946990248417786,0.9059771516587964,0.8326795462319215,0.7963364639682805,0.7882660490865209,0.8166922850316011,0.8002620216642539,0.7006501229716533,0.7710633362562113,0.7151191949951841,0.7518357831968302,0.7571925607058212,0.8112527878292695,0.8424949241514342,0.743971595572658,0.7961349304002279,0.8539748373157097,0.7980393633176975,0.7571588112256044,0.832451364161863,0.8432994290055964,0.8465715555634472,0.7213838779107486,0.8538913640901055,0.750696517863987,0.7562987394264213,0.8181760129383222,0.8334379559675822,0.9262302109198224,0.8071228248432645,0.767919505196414,0.9169241554205401,0.7561335070103037,0.7441779933281363,0.8474450172894905,0.8641172101250344,0.7806798067127305,0.8557603282718664,0.8107226215244063,0.8297644335193974,0.8253841693093759,0.9089393929215996,0.751790662804022,0.8554144020440526,0.7124269900168452,0.8611365216020641,0.8091322314537702,0.6589194297566365,0.6744946392230384,0.8074874981639485,0.7883802488944447,0.8107322388435443,0.7254091630008042,0.8363518179539517,0.8425588728633147,0.8814546211354806,0.8195623171971452,0.7166568423015315,0.8085319393949396,0.7464030170424135,0.8044858820819307,0.9064171141332558,0.851038662815151,0.7863231704717512,0.779950511130194,0.8023353982810129,0.7793963272582635,0.6786917293449025,0.8036350672676396,0.9247759975511967,0.7891648744483625,0.9046018313545701,0.7100769063368291,0.8143107634146426,0.8376126337169333,0.8172819592408767,0.8804917751590912,0.801265462808808,0.7460104448919932,0.8309614438327884,0.8041694021664614,0.7679996940209941,0.8877676992479167,0.8434981694318435,0.8053273271447381,0.7842887901745917,0.8187897205941043,0.8257153173010373,0.9082187036213176,0.7361140184765838,0.8386389495678345,0.774846459018704,0.8766960921936617,0.8131393416914195,0.8987329504552074,0.655682880093018,0.8078071828872588,0.8228527895388524,0.7804031639821372,0.8092422832078698,0.8493500462171609,0.837453069877465,0.8452061093191313,0.8857376118565459,0.8362303923541502,0.7648036880944378,0.7788451647373174,0.8756290656069095,0.9422023192054536,0.8424747067748253
0.8586163757735112,0.8687253855979122,0.0,0.7903606420468285,0.7601764618360333,0.8778051721665383,0.7785318354677262,0.8753538754905349,0.8047916483244462,0.9117139254398403,0.8583121848898482,0.8355721501893977,0.905777995961784,0.7647078047051585,0.798363281241883,0.9171096255646807,0.8862316816016863,0.8519888838373469,0.8183847272663167,0.8202436607902257,0.9154602299064892,0.9098797647065658,0.7582812839007278,0.8372321011496555,0.8876026688483863,0.8115531921949375,0.797968442223092,0.8402813216974794,0.8031729478143962,0.8053593760691545,0.7985747461740431,0.8833324937579065,0.8015960373846519,0.7660858381943159,0.7704596456621011,0.7490193396331221,0.8609818477555097,0.8130158387388113,0.7374218869941347,0.8659963582960177,0.7617425155640521,0.8597388392166792,0.8138486497206082,0.7810172798997156,0.875298780102733,0.8294145608229428,0.8031516019268612,0.8121128152528799,0.8279738200815216,0.7787467164063296,0.840345445694148,0.8477448523444681,0.693105404205353,0.8536465148874354,0.7984130485579081,0.8079154709843985,0.8257841410223258,0.8666604094978454,0.7923483477990708,0.7801485098336696,0.8440411665006615,0.6892025960621808,0.8365071399527195,0.6840178980055199,0.7248925136875121,0.7870581611126833,0.8159439712870231,0.8743566466183408,0.8550559506489945,0.8795459011713583,0.8558412160569082,0.7140477734903719,0.7795702003553631,0.9272924970508392,0.8815141282606661,0.7522816705673968,0.8283242456984722,0.8341320258813112,0.7689138010687638,0.6871800108208577,0.7950358410266172,0.8187004852676444,0.8629655541127095,0.8090637971755718,0.7893219640909044,0.8773859414277909,0.8063950300484809,0.7654525797223325,0.827773668652207,0.7786184389699458,0.8247810649902557,0.7489837743838015,0.7821173898006396,0.7603201256299349,0.7982718095259578,0.8385358379562929,0.746836387728342,0.8054733138683342,0.6269171367888251,0.8432507587719208,0.7021679427167754,0.7834878225940198,0.7080087484180503,0.787194361288427,0.7827759703074223,0.8655654822290911,0.8127306012486795,0.8430902941210687,0.8196697119539679,0.8400150751063592,0.8156969628910289,0.7222373594882957,0.8106625275153194,0.7894543748734681,0.7770526225617063,0.8805601700629593,0.7795227143999831,0.816220298868574,0.8194765745358021,0.7394412541262121,0.7317977295918762,0.7350233198189661,0.7524559534578318,0.8680539128153324,0.6739631635636396,0.8620373423574066,0.7230118409435929,0.8202605623389458,0.8207732613586601,0.8001136667255855,0.8252723137065507,0.9112766755412388,0.7327719039610021,0.7264788904511181,0.7962872249374583,0.6946373631307132,0.8113822081462315,0.7713882191947198,0.8424479269970506,0.777989010624782,0.7716370297053851,0.7840545436030958,0.8315019588033377,0.7509594051056152,0.8040433696357758,0.7918311873129936,0.82811646074202,0.8027991305803776,0.8909427073410976,0.6220420589563805,0.7823497475850627,0.7202941035108833,0.8084419215953179,0.8362331920762627,0.8607059306789366,0.8404343271235634,0.8226664143302468,0.8952219311018805,0.7306204152796482,0.7754926718992053,0.7635641049040541,0.7433308154698013,0.8726196577118398,0.8035920541332319
0.7684979242093801,0.775999757863812,0.7903606420468285,0.0,0.7359687757007851,0.8052643411683831,0.8309885898690297,0.7911179299766693,0.7097414310619132,0.7698361038895081,0.825860345821576,0.8286624504336085,0.760382478558229,0.721349502861892,0.7870934875499115,0.755540016694105,0.7652567998426533,0.7426628559267507,0.8251702990798738,0.6913014084807566,0.8276317127665481,0.7797947477176695,0.7511714935084517,0.7595438759708542,0.8112041519185235,0.8162355914025643,0.7539386970832291,0.7854634908445123,0.7734631595948818,0.6879816335488185,0.7816582095147765,0.7636743173208109,0.9205119698618633,0.7719622824812589,0.7752417658323125,0.7909065112363285,0.7808031658250141,0.7516678547315038,0.7449642628330061,0.8113747031437959,0.8158387594771571,0.7377189986248293,0.7436918381508929,0.8372864620035756,0.7920852286770566,0.7179112400482397,0.678826097529331,0.7713934023074942,0.7884993813257613,0.7153926343951996,0.8491799935162253,0.8402692463731053,0.647611058693399,0.9147288575091087,0.8530761853494911,0.698694570127519,0.7456418685046867,0.8559972813773803,0.7225936423469744,0.7226671125062963,0.7831964082734543,0.651692093388571,0.7996609980869803,0.6430231646417922,0.6680857087657645,0.6899162922053378,0.7673548918634203,0.7391828752194495,0.7341507199700457,0.8151047038462332,0.7622883518139514,0.6826647410576964,0.7655316610465845,0.8393740628418411,0.763128165705144,0.685675920859253,0.773535638864105,0.8019489091588216,0.7308285951957157,0.6415336075646071,0.703057956032243,0.8192231898962641,0.7261883899367234,0.7394211791905627,0.791715517822459,0.7668837918505885,0.7706107322719336,0.74329449479519,0.7435261565421564,0.6893835269753609,0.8544871871689208,0.8123992062290186,0.7692321225732538,0.6999606491040101,0.8060926029938464,0.8265694186249465,0.6916517048207704,0.8020190478180365,0.6517301891772354,0.8091221289405256,0.7033866964765444,0.727939101338955,0.8585232828314647,0.833249626140848,0.7752834149507415,0.7145612559911215,0.7181682980408545,0.7403864953861223,0.7369126043096027,0.7201218602056348,0.8845790915057032,0.7532128230859146,0.7813805385645545,0.7381424016113977,0.7624159158729409,0.779699244464335,0.7265933580185182,0.7092510845289759,0.8453356396535482,0.7788968875976274,0.6768893998499861,0.8236549949585882,0.6955276605679133,0.8134010744843455,0.6592266565097054,0.8432328685196323,0.6996427370238332,0.7403327971772371,0.8103966096341703,0.7141335460500867,0.6739909703968112,0.7291754178094711,0.6911771999116798,0.7810330407708377,0.7250320625307181,0.6263444661001106,0.6735448976639679,0.7822448703880002,0.755875619536765,0.7374421393762016,0.8448885900288324,0.6988681712274875,0.8097786713597792,0.7742809995789229,0.763235522984551,0.7779096335424617,0.7504677317653211,0.6845497884167979,0.7445607009699624,0.579672399153468,0.8139731622306311,0.7280671648071326,0.7362689858422798,0.671455403892995,0.8691029084941209,0.7423520004578916,0.7175762311857915,0.817455003702556,0.8466573540988135,0.7913793890005916,0.6814088583414457,0.7386690143706796,0.7841969349636557,0.7814186625922125
0.7714698222799679,0.7535018449092392,0.7601764618360333,0.7359687757007851,0.0,0.6648807137610842,0.8619266563989247,0.6818393312632669,0.7871571509476935,0.7022586567149511,0.7754423634232341,0.8136593304258659,0.6773987868637232,0.7012135755429548,0.8479471107233515,0.7294306056651008,0.7229934255621757,0.772964569373096,0.7620353758612968,0.7258913290906621,0.80688840573583,0.8392127219978713,0.79597481780113,0.79942927068708,0.7490731587595567,0.7376818016010469,0.7523031881819038,0.6735919331458586,0.7340326435661894,0.8017149019842794,0.8003847400624451,0.710326024656556,0.7644025119345624,0.6927358951566011,0.8031436616623587,0.7872535678040252,0.7293417084672769,0.762903008954262,0.8023078939888508,0.7863666576453162,0.7885368054336379,0.7659497294587412,0.7777953244031257,0.8052914350853622,0.736707028275515,0.6966919060358158,0.7690312780775534,0.7404257271943496,0.8350032954428334,0.7973090421366141,0.8030924806314115,0.7386888276103833,0.650084296996108,0.7838983730254935,0.7808105438835962,0.6763229200482932,0.7576853629234431,0.7964957429278975,0.7405508141265578,0.7300131608899815,0.6196495073445426,0.6301702830703875,0.7007279950720765,0.7383884994584976,0.7315508330344989,0.6261166810797084,0.6733370973130764,0.7387845513915505,0.751955042749344,0.7106917421721004,0.76962101843431,0.7347610325644817,0.6743122096486855,0.7493565096746964,0.6689358827528393,0.6452390135764619,0.6982685106228561,0.8560679570627674,0.6654403348042713,0.5738042925567727,0.6078387839563242,0.8355177352367323,0.7646445720670023,0.6166804846034922,0.7261288604884054,0.7483455300902403,0.6499161158106326,0.7614363212117551,0.6533169200703717,0.684772352149964,0.8992831700348228,0.8053757785492002,0.836907368250176,0.6585334899534293,0.7814702137455524,0.7694146798359488,0.6323912564537828,0.7107557872593046,0.7238608580188337,0.6776425088531528,0.6921677105385413,0.6514598566397644,0.7491020053781129,0.7613973227111714,0.7310324595988352,0.6982507782676176,0.6350113452925938,0.6882466970356592,0.7463863630909743,0.7036869262601124,0.7937217660518121,0.8228211063088527,0.6357057126076165,0.6749977608098363,0.684211117198235,0.7289934501461196,0.6524677439189625,0.8384661328928634,0.6799444458171097,0.6858642105440641,0.8592141598301717,0.6591155248374299,0.6579868141476035,0.7707919082564215,0.6926891126332317,0.7390388956406497,0.6530211732806548,0.7520219526469579,0.6944758756975274,0.7642697690514109,0.6838395415417575,0.6822265177149963,0.601834591218441,0.7586255239908327,0.7292499697654004,0.7024832058232963,0.7225932498159746,0.851911868638752,0.7735916932520798,0.8103660644638756,0.6808898616610372,0.7133821033583135,0.8074988978776206,0.796491769527799,0.7642256585087064,0.802199503573854,0.8580552695056977,0.6298611569313944,0.7508418678898997,0.5810237488697172,0.7539394079860082,0.6773865748259844,0.8432149053995709,0.769458400354283,0.7584261819664933,0.7092983207015142,0.6717450147037007,0.7120782441602724,0.734883832456143,0.679893942336916,0.5980000584789386,0.7020502022190818,0.7890595005463931,0.8235384836245249
0.8700911123148701,0.8994530884481131,0.8778051721665383,0.8052643411683831,0.6648807137610842,0.0,0.7415045879573114,0.8511043202606404,0.8026248651045416,0.8761472516634445,0.8411043099258497,0.8131593827251706,0.9159599637770615,0.7883374621369549,0.7482875270602436,0.8673966373626355,0.8355094182334604,0.7806500556950822,0.8168618798964741,0.803088839658518,0.8487100196244983,0.8270100979253258,0.6771042678647377,0.7946279252900681,0.8889349008281718,0.7771815098035716,0.7107835855441212,0.8334410396274468,0.8365399223835297,0.7521993867134901,0.814880208610864,0.8854321261277261,0.8310681925451755,0.7728381612932927,0.7930289886669369,0.7195920943907115,0.8848300078090602,0.7936219769021698,0.712485136260128,0.7980406495291833,0.7463629522570931,0.8294258506950893,0.7341611984869715,0.8215528123128897,0.8344050626169078,0.7792986443839268,0.7519692557894809,0.8316959189066572,0.7710205168542246,0.7068648083190672,0.7978370869150077,0.8740934403278277,0.7027619417281279,0.8515306047616893,0.7860496137692154,0.8844404808178198,0.7977592107391502,0.826201763651864,0.7214821222238863,0.7485105827653227,0.9002449261214265,0.7089015406524312,0.8322036105686027,0.6382541010863688,0.6940996868685162,0.7911296466000771,0.8336703770650963,0.8558129460118707,0.7313949344054781,0.8578513647566877,0.8472516608227952,0.7169171996214521,0.8050656529493557,0.8533747068704366,0.8888247337614339,0.8303629728793808,0.7692026286714851,0.7969805867432849,0.7592592589324717,0.8342078457944118,0.8936889178823098,0.7884058350977624,0.8680892618055626,0.8809480673913079,0.7857147913124604,0.8696295275669654,0.860273471736207,0.7141063760739298,0.8564455928386088,0.8231304697178569,0.7510261561479724,0.7767546422760423,0.7370901405977782,0.8174432614956667,0.7906239919233661,0.8904544941048693,0.7735699771830334,0.8419581469497686,0.6512483405758053,0.8654695095054437,0.7679896008381882,0.7187875089167735,0.6830113197974506,0.768506340574148,0.7836131957592106,0.8071318398653046,0.7614045308360238,0.8259866104137381,0.7607408209742262,0.860715269838367,0.8212663137914105,0.6747190840142072,0.9065202021835628,0.7790143770533922,0.8023559698296112,0.88021240303735,0.8435825112595874,0.7153888972132012,0.8431044440780499,0.8120939193216048,0.6851534375663618,0.7475023502667285,0.8122610094035431,0.9037455518525725,0.7474802023937528,0.9024640844280407,0.7136987571481741,0.7850569005021452,0.8394835511281404,0.7437016309494208,0.8406714934765452,0.8829047240749205,0.8139163906487754,0.8016837461597529,0.7823021027165324,0.7051340046283933,0.8205906519654665,0.7354993914610637,0.733466122426364,0.7218327073821806,0.8429540140235233,0.8145056424874428,0.8163906808966386,0.7044761622552125,0.8219278509409265,0.738314008374698,0.7952747436383303,0.8086163253201941,0.8478193139956066,0.6462021722950616,0.8124347585795929,0.7846172394197135,0.6993289544225488,0.7050957669624898,0.8552309269169642,0.8454518803133498,0.848365732624879,0.9276419984800051,0.8003663484504058,0.8249135532961788,0.7824574832009716,0.8539590185865993,0.8754126584483789,0.8059428324895243
0.8063721498454798,0.8299810973783187,0.7785318354677262,0.8309885898690297,0.8619266563989247,0.7415045879573114,0.0,0.7075914499208936,0.7737486422801694,0.8198429278573572,0.7790103435305363,0.842164368933614,0.7434761129601529,0.7430426849271072,0.8596658114285395,0.7281433702823036,0.7368520429880054,0.7814003905287074,0.7814576268102925,0.7224598536118426,0.8135761969603561,0.8316189477138171,0.8453849787145128,0.8438479170405477,0.8346619941330085,0.765066754362455,0.7685043985442718,0.724893210279802,0.7854733232244306,0.7602286914577019,0.8213112210853777,0.7723029880536504,0.835787593613548,0.7669663139235775,0.8172101691027518,0.7637053775966156,0.7921017110375572,0.7075593085134325,0.748568664199721,0.8688671869123055,0.7744549547511085,0.8176497908558907,0.744558981008549,0.8360313440962511,0.7853255168333414,0.7322608340781952,0.7953920412534303,0.7594332743582379,0.8993582230230781,0.7398452385363802,0.8351420236577743,0.778443893132438,0.6576246634174951,0.8379235782336901,0.8037955044731481,0.7729983533483781,0.7453589722782825,0.7681137024279896,0.8089530787708985,0.7364171709828685,0.6768087049358992,0.6324110208665882,0.6968694198263865,0.6918535987052172,0.7210199429762721,0.6612601088198664,0.7712753715598766,0.8016395356029956,0.7270298990971541,0.7279695241590549,0.7856118692143914,0.7303933860282894,0.7232631439182224,0.809915372105502,0.675746072202713,0.7241015173923674,0.7419948128437512,0.8998403088809896,0.6613768339949668,0.6289676389399731,0.6610373991464209,0.844037080170938,0.8088058167630867,0.6394779331898143,0.7347987722565898,0.7558691238690338,0.6860217117648728,0.7851779520194285,0.7267174018311467,0.7447178482545781,0.8537499203838512,0.8923022873648065,0.7980945690869231,0.699870293031029,0.81433146289411,0.8490885375575132,0.6289998199237643,0.7987415375262711,0.6978528199752801,0.7925399626222127,0.7194826653597403,0.6578225821560574,0.8034864085837381,0.8172265817883775,0.7206481434436018,0.7162310105813862,0.656440671478848,0.7413377434912309,0.7949176417782728,0.78612685268311,0.8832098634444373,0.7571436066453525,0.7278931422742031,0.661925803861531,0.7012523738265922,0.7732919745642766,0.7205330736787693,0.8112954460338163,0.7577080611512553,0.7265478589794486,0.7535227126455252,0.6651437957454093,0.6999613252970743,0.8489636745807269,0.699089879342672,0.8041685688249054,0.687503577899637,0.7590877636641566,0.743811556615286,0.7573545370335533,0.7140785083747151,0.6647403592321078,0.6276095724459343,0.7455630292835207,0.7278533139896295,0.6831131849537562,0.7363369918993383,0.8529259471063376,0.7740449191638361,0.7599017390219887,0.7570547968490359,0.7205046331891416,0.8893734587992254,0.7478162670597684,0.779901011616404,0.8613591562785149,0.8144770309052864,0.6860403921017663,0.7849652260060992,0.5479909358137672,0.7724169641973198,0.7167467131923987,0.7575063627393532,0.8169379634820876,0.8194075219063119,0.7540518920340556,0.7335865795020193,0.8070828034502338,0.8257610705562443,0.7566289474105177,0.676956934685346,0.7515003755715264,0.8340679395927559,0.8064815697412451
0.8183177523133639,0.8078975783518038,0.8753538754905349,0.7911179299766693,0.6818393312632669,0.8511043202606404,0.7075914499208936,0.0,0.8331916956629222,0.810118339359508,0.8029965548062218,0.8490194094932814,0.867714036117325,0.7148612282543761,0.7915622603134741,0.8827815730782276,0.7997437440260363,0.7957114204267418,0.817230612704941,0.791728910672836,0.830213574898978,0.8155528076532417,0.7230773387156251,0.7625693759325017,0.8396446241361222,0.8029270862594496,0.8232272721134131,0.8116431785010864,0.7131893590530027,0.8174713698124809,0.8574463138288985,0.8477479051886763,0.8191900670814511,0.7805920983337483,0.7379906910465548,0.7569258208772099,0.8481467685474058,0.8333836964418802,0.7824104585378513,0.7728225667355829,0.7510857338633771,0.7548249955860424,0.8200591940981821,0.7370993285949599,0.9140959399184395,0.845607557770881,0.7371354941659446,0.7596106759818778,0.7576984725994582,0.759812633680845,0.8169242876730085,0.7996991542045087,0.6608226574693912,0.8147397526900435,0.7939903005213286,0.7664602625707375,0.807106551996816,0.9037389072342848,0.6862048979532411,0.7969963822059815,0.8748391247754287,0.7218714969937783,0.8343965021750609,0.6405736791606228,0.6839719164815096,0.7765757493695222,0.793136797909571,0.8147212001507538,0.7950874067413318,0.9460805382904341,0.8378411857925855,0.6946551336778223,0.7166314995203332,0.8712410235766934,0.8786704112686136,0.7390128638032554,0.8271793743701349,0.7639179988857536,0.8443773504857036,0.6452454095157075,0.7280452765505885,0.8251898289826205,0.8339633054904425,0.8361013592478669,0.7705097901684527,0.898182807619378,0.8686070941628096,0.7651111727444129,0.8771137370322141,0.8130715168297766,0.7901376363847283,0.7539284883888303,0.7505558172106277,0.7409796497715027,0.72018599002419,0.8261005117249828,0.7996940180619648,0.7828121697846685,0.612462596066205,0.8383726711734596,0.709945957652567,0.8726445984224548,0.7164206105855145,0.77404076395873,0.8135463776943622,0.870725813845691,0.8231991172094673,0.7810617320779809,0.7761978424537476,0.7467049118075306,0.7591131737705603,0.7141398950242032,0.7636650075825759,0.8457208329440297,0.7989587697433895,0.8477955458045223,0.7430529937998712,0.7556032699369784,0.7129932397318183,0.7519060134416345,0.6892674775814087,0.8762744424670735,0.6923948387285661,0.8413636401065557,0.6338813394856864,0.8653167875918633,0.7042108020594018,0.8935987274862003,0.7771846446995929,0.7770887346028927,0.8165458367511954,0.8728652835140889,0.7885388217251255,0.7366718348046772,0.7695827064327092,0.6439574847061517,0.7980048868443695,0.7443373838510927,0.8060498593871026,0.8502441920408076,0.7691220019194233,0.737257303288468,0.78961303780699,0.7287730206462395,0.76817349262074,0.7590030797284804,0.8358696562759221,0.7895773600536269,0.825091119543187,0.618409215015431,0.8275833990423032,0.6900898092892505,0.7678333682458163,0.7575075697680269,0.8554458946020733,0.8595480658089074,0.778112436105131,0.8700118874781165,0.6960071218718179,0.750149854240361,0.6878244160611435,0.711987983820964,0.8774537495225337,0.7531032719204793
0.8807290707469999,0.8746020779612457,0.8047916483244462,0.7097414310619132,0.7871571509476935,0.8026248651045416,0.7737486422801694,0.8331916956629222,0.0,0.7829492971578366,0.7970044251885975,0.8292082761759525,0.8051982693160911,0.7609870755419108,0.8513030695118304,0.7907148597601128,0.7378553995260487,0.8214555795502657,0.7829514143266202,0.8294158662345358,0.7881181716350262,0.8986052914585442,0.7224985998355454,0.8101030156399782,0.8318980263144253,0.7066534577686009,0.7903428131836847,0.7360283885995987,0.7388177187610627,0.8776820252299475,0.909028410501285,0.7880047943725318,0.7769918475651079,0.7061604036257753,0.8312271707296441,0.7294220066503282,0.8390443015736373,0.8181353921249248,0.7963473832282573,0.7631075248437484,0.7321186790653605,0.8483270145824717,0.7568147944436522,0.7719130325765501,0.8234186234059541,0.7585352874875162,0.7678617672192626,0.7614125520256096,0.7958749072959984,0.7628607373837144,0.7662825506952756,0.7476558098086349,0.6874172270141943,0.7696994117297579,0.7394675664717365,0.8443009684427415,0.7956030183882948,0.8096017675403844,0.7147950464958814,0.7608759446133069,0.7531846557786814,0.6711300941143333,0.7325434459170242,0.6835935591088775,0.7410966812451962,0.7033111447073266,0.7730794196223826,0.8404702429277028,0.7501635526670415,0.8438377069719004,0.8625345619976457,0.7496032637576918,0.7144229398838202,0.7769619444857001,0.78967392601463,0.7543802471268857,0.7138361010521914,0.7822491109038188,0.7171967119396505,0.6506651497793605,0.6972058803400807,0.887101348817302,0.9124366778015304,0.7327001362118686,0.7137606232910059,0.8850874542200902,0.7859983069675307,0.7552438940278968,0.7776354788138689,0.8828188586659399,0.7951676877434259,0.8222631273376083,0.7647291144678111,0.7424827127179748,0.7756988686089301,0.8639787466974739,0.7403082317714746,0.7566077579316043,0.6941204774709702,0.7544178418976129,0.7602080748077754,0.6983022483290061,0.6555935484837212,0.7446723235458856,0.7716389106359366,0.7608871166656963,0.6619449287173349,0.7550494272691491,0.7419571516613886,0.7872647486001373,0.7450855252997192,0.726532094521848,0.7342473657397087,0.7802088038685586,0.7266376964410011,0.8253936593815315,0.7245377572796282,0.7947464865080169,0.6539358209790892,0.7601319823013845,0.7876690488158478,0.7092790207755167,0.7152074090758076,0.8438149534838923,0.7662617822531702,0.7995540658223931,0.6618965430858567,0.830361731349352,0.6972948050111724,0.7898549790000934,0.8758731435802707,0.7802509745857928,0.7436370360914125,0.834949621582672,0.7962047599728064,0.7342248370729052,0.8385840215938678,0.7966115990819952,0.7683435837996394,0.8372467460277792,0.740898795280499,0.768175319733255,0.8531108888181236,0.7496588149583895,0.7913550055218259,0.7664105732108639,0.9441738236301145,0.7160172843118356,0.8197023072423882,0.6009597998962605,0.8245437353321624,0.7193798043577145,0.8029589815753062,0.7735154970750493,0.7813920853143274,0.8647489046118212,0.7980274263115597,0.8051010807757398,0.7486849020825718,0.6953349518604268,0.6474955993492296,0.7951766150468236,0.9139639262738933,0.8539153365555325
0.837680719687409,0.9052896842743192,0.9117139254398403,0.7698361038895081,0.7022586567149511,0.8761472516634445,0.8198429278573572,0.810118339359508,0.7829492971578366,0.0,0.7889786013731739,0.8240479455596659,0.8745064855629235,0.7603179376358034,0.7722236589840217,0.8395590690277456,0.8371892564075506,0.8227585108085455,0.7980982571621228,0.7808387152533693,0.828541811352844,0.8388025802850804,0.7888619650707613,0.8158659672780031,0.91314353748467,0.7371993334233682,0.7865320325947213,0.8334901012928252,0.8436321985890258,0.7968850956103977,0.785649512712501,0.8657475416334416,0.7953102245678179,0.7728807337790754,0.7629491087402394,0.7007334885973098,0.832060558268748,0.7401804597293813,0.6705698399452843,0.8551977413841365,0.7341198209700098,0.8620267145639655,0.736872108148842,0.756706488344333,0.8306826562610722,0.8005962138346926,0.820234201256246,0.7585472516528039,0.8363173454829158,0.7045825534724603,0.7779650138281584,0.809235697351862,0.6888861132863644,0.7975497336749767,0.7530129876832451,0.8680667319390949,0.7634941838105201,0.7910563437613243,0.7903760914458199,0.7464022423511416,0.7822371729807924,0.6547938787370502,0.7516222312928025,0.6529166105808871,0.6853501970680369,0.7375614072971567,0.7849382906459746,0.8427815521861745,0.7828118945828842,0.8105557566574505,0.7847799509770338,0.7033246329050122,0.7356283022193669,0.8505848817377031,0.8188694825780463,0.8006467607762783,0.7420567165563967,0.830355500193086,0.7172027311092388,0.7067585124843777,0.7992995308922829,0.7553892037523285,0.8781077515651651,0.7700206563368571,0.7303482823838943,0.8380120951250953,0.7450078965382727,0.7338073420355302,0.8532340803400388,0.7825584848654452,0.7581181845112871,0.779500295779877,0.7452954570978818,0.7477605739967672,0.7524322322347473,0.8632039904036409,0.6710229959569395,0.8424808589955357,0.6165516535232614,0.8557153460104261,0.6957817802450764,0.6875472982948656,0.6887122264765216,0.8257747516678792,0.7250840944662642,0.8121352144332938,0.7391308071318121,0.869379033521853,0.8182857688906378,0.8501704618814852,0.7948925242348056,0.6543009534468207,0.7946480027697244,0.7350593741991429,0.7461514028874776,0.8692640874027693,0.8287308321982841,0.7825516327898572,0.8048861277838733,0.7459209633122882,0.6654917085300485,0.6738863101988074,0.7458591313956906,0.8675287875315426,0.6701029285407957,0.8653773254572464,0.6874244316221491,0.7621885519137149,0.8147044309890319,0.7552022762690024,0.8625269574389212,0.7844219566566825,0.6926037069660863,0.686687319106979,0.7275121514631917,0.6712424846036242,0.8218940902793683,0.751016811667123,0.7960730644643027,0.7279635589822429,0.78608312962106,0.7559125460681076,0.8313253509733581,0.6751884825907056,0.7640267515641171,0.7845438740959283,0.7704631631384904,0.8247580108211768,0.9033695943061927,0.603473698316348,0.7334972548843058,0.7630091348061183,0.717993515871178,0.8397619800221258,0.8576545194418267,0.7942095620058438,0.8082415047650547,0.9052127260211859,0.7541464397457799,0.7630365407226168,0.8120575589721248,0.7736933202266345,0.877764889950465,0.7523798718953192
0.8855572092614526,0.8211870833463961,0.8583121848898482,0.825860345821576,0.7754423634232341,0.8411043099258497,0.7790103435305363,0.8029965548062218,0.7970044251885975,0.7889786013731739,0.0,0.8321718662110459,0.8743271484356017,0.7917129026986017,0.7888187627129952,0.8909018394092046,0.8353170469346413,0.809711896500226,0.8298704162481132,0.8496285128599381,0.8900024531589812,0.8992813653412407,0.7432790268312652,0.8636832954524958,0.8945201466218062,0.855248124830332,0.771865543444231,0.8484180993396071,0.8400191688210159,0.7432178633387492,0.8259825551329736,0.8341897345013034,0.7872468971686989,0.7907653646990491,0.8642437977060311,0.7629273478726235,0.9252468821025386,0.8601580723934868,0.8182738053524186,0.8398270234975561,0.7419582255112186,0.8177247727540741,0.7963340108575381,0.8880284748336201,0.84538316351731,0.7259349961459516,0.6719142379165416,0.9413893105444469,0.8728249100419663,0.7517308465257071,0.8187878625209384,0.8109401373574228,0.6338139999741237,0.8799331224480972,0.8762839072945355,0.7496553849443353,0.8314468355561339,0.8468056484892248,0.7624897183643486,0.7294225349102633,0.8615545771360242,0.6339892037263842,0.8033585040803274,0.7160772919579742,0.7082789483243457,0.7467041725524435,0.8688996244051136,0.8289565945486332,0.799091024410204,0.8828851933113113,0.8498742269300619,0.7617432326073011,0.859341296439118,0.8711977665327874,0.823046569006102,0.7402432101872011,0.8423960254171627,0.8260099097192342,0.7441772522304461,0.7506103691562198,0.747414771846682,0.815282643512743,0.7903924283757319,0.8197505456531612,0.8239401940638813,0.8380460851872864,0.8942857042075233,0.745558011425486,0.7410123100539536,0.772278211274215,0.8268263124153726,0.7325616698605689,0.7863280403877112,0.7788683074350669,0.8449636618424854,0.855064035128911,0.7281289149106135,0.7707875140131168,0.6830664350427907,0.7727026976755901,0.8221447399681433,0.7673306034152169,0.728753172543145,0.7454814401158403,0.7836806464889056,0.7531338452393955,0.7155420459649339,0.810059448858796,0.7145628411330563,0.8602897245661526,0.8978042447796324,0.7973971560479806,0.8580982261173866,0.8344260151079368,0.7624818527002781,0.8129994134470936,0.7387130868449802,0.8483414236946856,0.8388057880143829,0.7656247199887408,0.8023538871334479,0.7254849624413977,0.8279386357324898,0.8499391595323537,0.8031166163443533,0.8645954101781614,0.6575081285367987,0.7856364750943454,0.8163730512615364,0.778679969748681,0.7289237334130524,0.8384156466846576,0.8529409269885677,0.8598225405521267,0.9035844197524472,0.7255545921015562,0.7907727738594892,0.8133341825056503,0.8539491225775504,0.7712579048888252,0.7984279110314563,0.8222283162405385,0.7825771552812568,0.78074257677157,0.9271629606856162,0.78056174894586,0.805024483952055,0.6699275438816135,0.8402954793474212,0.6340746106008804,0.9083529636133842,0.709310355101874,0.8329431219612785,0.6786349106619627,0.837250040479458,0.8820525863483786,0.8949254835521585,0.8293062448848731,0.851896574770825,0.8263273320442396,0.6644324828066029,0.8322095271525126,0.8038253474999905,0.9419469333096302
0.8089957694612467,0.8572236535465094,0.8355721501893977,0.8286624504336085,0.8136593304258659,0.8131593827251706,0.842164368933614,0.8490194094932814,0.8292082761759525,0.8240479455596659,0.8321718662110459,0.0,0.7738429467876798,0.690629909602931,0.8254777963303195,0.8285805320072738,0.7859875479601277,0.7516532740229844,0.8813383489407897,0.7786240892597498,0.8718572453119603,0.8336080357398513,0.8459121214668857,0.858308467190499,0.8925052271999664,0.7990765040147705,0.8133890356461582,0.7913320469926806,0.7866744223037073,0.8553080507094024,0.8895312031317548,0.7913305346192645,0.8372251482984112,0.8541580059389084,0.8053337175959077,0.7932814297978231,0.8251837768903132,0.7894778634219008,0.8359525103105411,0.8082025471637684,0.8071840502624984,0.8292120277869767,0.7723795578656134,0.8266755796347783,0.8658968879494079,0.7596412038566053,0.762392697389174,0.7859388419060835,0.8442034649061998,0.7351995970046218,0.7982375407816057,0.8111305251075519,0.6180836133631452,0.8465652689087857,0.8191928525833091,0.7962367982915357,0.778513331902648,0.9219577467668005,0.686497518241183,0.7562762873192111,0.7378209982556247,0.6329178265200773,0.7366062930303859,0.6822023370766772,0.6590647082760073,0.6659100376635175,0.7486099404860335,0.7571754410755346,0.7160533774962367,0.824072808452241,0.7773676843987184,0.6958745129277897,0.6996316396873583,0.807247436162311,0.762286410602465,0.698470444705948,0.7515251012806161,0.8810029622587636,0.7578188960455045,0.638757896545172,0.6725935743705529,0.8311300976285815,0.8462312115569304,0.721293337360885,0.7692197906024298,0.8731127527391233,0.7728181621672495,0.7131352725928934,0.7749956967847961,0.8242551062646655,0.8365671286886145,0.8523288732973056,0.7802419142747327,0.6997263187419152,0.7234452478627272,0.8917200852895927,0.6776685378174506,0.8724553927642957,0.6649708229561208,0.7837809247130003,0.7190774135724112,0.7280655118140315,0.7668827374786796,0.8757779166738151,0.7457491261030483,0.7900376007585709,0.7070131194466621,0.8342082216364789,0.7568158728399081,0.8097526639202373,0.8796817200533221,0.7672832768990571,0.7140428351983487,0.7702246936027178,0.7316967419519067,0.8436298143958082,0.7403828629104754,0.8061314525228653,0.7563953005496646,0.7558236365486748,0.7422433783418659,0.7491044916326034,0.7320409758346113,0.8541689625198432,0.6710370753673259,0.8748249788344965,0.6589612278751431,0.8594733937974961,0.8172789356350504,0.7224850794164352,0.8013322934625404,0.7513659402282887,0.6888524337995323,0.7958958191226435,0.7807058284092018,0.635907788556537,0.8169862914762266,0.8103680322179093,0.8261435072593666,0.8462814131850926,0.7362790390482972,0.7379220438092856,0.8264171956125468,0.7408470454015257,0.8205169456471928,0.8311835238678295,0.8906324364208653,0.6983336062993483,0.8677677289596198,0.6334919873849651,0.8346145292014683,0.6940290415202857,0.8060976748114124,0.7832576997929805,0.9411905298104236,0.7988272752781289,0.7564758179681519,0.8824725730007267,0.7510695465122086,0.7166157034373075,0.6286536252036871,0.7532250222814886,0.8910597879393978,0.8276404854275978
