0,1,2,3,4,5,6,7,8,9,10,11,12,13,14,15,16,17,18,19,20,21,22,23,24,25,26,27,28,29,30,31,32,33,34,35,36,37,38,39,40,41,42,43,44,45,46,47,48,49,50,51,52,53,54,55,56,57,58,59,60,61,62,63,64,65,66,67,68,69,70,71,72,73,74,75,76,77,78,79,80,81,82,83,84,85,86,87,88,89,90,91,92,93,94,95,96,97,98,99,100,101,102,103,104,105,106,107,108,109,110,111,112,113,114,115,116,117,118,119,120,121,122,123,124,125,126,127,128,129,130,131,132,133,134,135,136,137,138,139,140,141,142,143,144,145,146,147,148,149,150,151,152,153,154,155,156,157,158,159,160,161,162,163
0.0,0.5736349890630694,0.5460917846641568,0.5481510405583448,0.4789431746885836,0.5975851658726248,0.5003887075690554,0.5592952630055813,0.5811190092435675,0.5569999614098338,0.5186830030165744,0.470200991951052,0.6944169422421256,0.5364740659102858,0.5675622783706857,0.5905784064598568,0.6740055687312729,0.7046166681767029,0.5503387791902894,0.7132832979044493,0.6019611956115622,0.5780492147014374,0.5392567813150423,0.5123337907221198,0.6059669805979313,0.48530638474668203,0.4855637763629378,0.6449100130492833,0.4689370539265389,0.5137837983540828,0.5501710163303545,0.6191542693948576,0.5424551161971278,0.4966301882415629,0.63311644687485,0.5104395594727207,0.6054101823492369,0.5791414176788376,0.44746130165913117,0.5682411926629106,0.521676763034796,0.5500201877142841,0.6147262243748086,0.5566259468812016,0.5666963811167318,0.6068507947911672,0.530366202726266,0.5211703557807755,0.6003932228995748,0.665010403205296,0.6376533129881574,0.6656861989393689,0.5245266786761549,0.5750111195965671,0.524599254703164,0.595145108796905,0.7101132541916766,0.5192303863449019,0.5330734038227946,0.5938574137499629,0.596980784130528,0.4930386118288831,0.6435804896110539,0.4762107424036598,0.6070893705237537,0.5895328766788751,0.5159302228412354,0.5920460349379484,0.5572665239125485,0.5845469108759177,0.6755803746195613,0.6051527099749097,0.5285831627779352,0.637468129396971,0.6024485001288702,0.5598342445697297,0.5132267524909067,0.4930429714628212,0.5276619673513673,0.48038476098902905,0.5560735840158203,0.6378423605952444,0.5580802557173569,0.5481106738106462,0.6076721891827197,0.5816150797991381,0.5407259577787069,0.5598995760593138,0.6308871052662949,0.46983125155813943,0.5949088790674971,0.5351045805204356,0.6224745014767821,0.6046693100346966,0.6339768535838154,0.526100691648007,0.5307476904209104,0.5472412933339549,0.4612437857955739,0.571871693226982,0.5003273754004691,0.5090799602708513,0.487643811712185,0.5074483574597123,0.6497842629774656,0.6375553209672792,0.6102185107826193,0.5802031255872937,0.5790846100000793,0.535827334445514,0.5139864602863435,0.5410515560773551,0.6204208571363957,0.49711527004863176,0.5827635405727862,0.6125855679157316,0.6098404983034312,0.5519545279750198,0.5512378392426843,0.5035172702995975,0.5676140366520013,0.5309887457993513,0.5859407612847852,0.5922298695306814,0.5683456189669367,0.5003302112216785,0.5009793967633418,0.4697447973091898,0.5326411888575262,0.6219810887437032,0.553105979796724,0.6154498864332864,0.5086630548918945,0.4850727345619677,0.5253606992147906,0.5701746336322064,0.5205176096734533,0.5724341764147618,0.5366649614542855,0.5283741367701736,0.5381125704997031,0.5318013655712366,0.6491790382492311,0.5425925352686808,0.5190082934868757,0.45234499243669835,0.545876147695899,0.5128447318728272,0.5895349955968237,0.37287157697685963,0.5689836048902001,0.5225204484885155,0.570605299354194,0.49427311624399883,0.5208321215912644,0.5689696923700571,0.5724509203388873,0.5564723334488844,0.5595998053637379,0.6218672858703089,0.5399503094589639,0.5925176353605455,0.4864053363331807,0.5440042373786314
0.5736349890630694,0.0,0.5493033055048281,0.5514231712324082,0.45693195455684,0.6405210316910669,0.47291402284010386,0.6041536336911097,0.5554453305081828,0.6244053890703452,0.529531432024459,0.5597824047017327,0.587600814823021,0.5116579058881716,0.5809661439494754,0.5982713849983333,0.603990518895423,0.5306186544844559,0.5886632711408364,0.6490168629436017,0.577786423927183,0.5730782775075437,0.525558506483145,0.5533990475962272,0.6112165309535578,0.4625564940328343,0.5033432941577861,0.5910831904949125,0.6478794256873476,0.5133113990545366,0.6318556413771221,0.538702213652083,0.6432881214045655,0.506036191272878,0.6106389106883053,0.5499971162117998,0.5677129126696492,0.6291859502030753,0.5351993950844487,0.5503686167521344,0.6573601398224457,0.4933813314953575,0.5129367772887445,0.5798181200745246,0.575637108403877,0.5530828888965079,0.47517972074832815,0.5330131997821885,0.5432398344053915,0.5518642458165516,0.52890234106454,0.5802743290044402,0.4964125646863995,0.6275772921216634,0.573934213863552,0.6126793808299393,0.6070510870522441,0.5421640555212437,0.4547747041851694,0.5972046815304752,0.6142053745968259,0.4625638917115886,0.5210850027302873,0.47546520209695786,0.48770051934312686,0.4892386898027089,0.48747781356660713,0.48583992528901676,0.4539694310496538,0.5481496116343754,0.5504237658271395,0.5970380121214593,0.4412424361979371,0.5345572938769966,0.6012932853683465,0.5187695810487225,0.47057606534096125,0.5312013751741826,0.5493848797801724,0.5107107508860204,0.5580721784336974,0.5393264194668689,0.6279585009377487,0.6162245335924967,0.5416915026092625,0.6847095735227392,0.5091260655700347,0.4543090593001938,0.6021859459827922,0.5398014422061211,0.5027365765225379,0.5331412661830001,0.649065069604945,0.5558117655891358,0.544997587285826,0.6544599380604753,0.5440138658355044,0.5761301689701493,0.4560544913602081,0.5169163029204378,0.5952984715970892,0.4709781218160906,0.43607421887288444,0.5908238675100409,0.5567732507423411,0.5836223179091429,0.5641092983857386,0.620804713827177,0.5668513247441788,0.5728102039772579,0.49855526053041044,0.5041654923007732,0.5076124787784105,0.5230748921342298,0.5628767256667198,0.619157209922495,0.5829966534219366,0.5276019310878185,0.5147490626176847,0.5138256704338863,0.5692846600641646,0.5374800438478181,0.5517023552077801,0.6128050679113388,0.5671485760162407,0.6586460759184365,0.4448894132146392,0.5272167856985,0.6511152575056808,0.5995545775109796,0.5905940482107006,0.5769182054215418,0.5402263130540298,0.5247118011141609,0.5716178934185118,0.5407348661869779,0.6068741161406266,0.597710578175307,0.5745846491672263,0.5791967381335811,0.5644610040242465,0.5447332591216176,0.5841042168282342,0.5277369833191307,0.576700663780619,0.3967937984055551,0.6009575827639984,0.5736541351225513,0.6739084017026202,0.4222350053000626,0.5498392052276663,0.5733192091499186,0.5555847973723641,0.4908108279948857,0.5851546445006192,0.5644143421933997,0.5834552157026632,0.603735666536359,0.5943393873801229,0.5133498946746868,0.5250349885680543,0.6072180323011608,0.5149301726185971,0.524375478323364
0.5460917846641568,0.5493033055048281,0.0,0.5255839875918107,0.5569742956735086,0.5509516370836612,0.5140837329235592,0.5164846224971882,0.4738251353053344,0.6368080128832507,0.595860095895431,0.5158886051624333,0.5999387430922299,0.4635881724624945,0.5467422134352828,0.6505418401537114,0.623410407985107,0.5351248886822769,0.5063345022945753,0.5334204246557588,0.6115771059765887,0.7248501326751952,0.5271394384418531,0.542762961813455,0.5870945436101181,0.4859888271316719,0.48070133885009547,0.5332999405102428,0.5378091522941308,0.499341957458231,0.48878203560939415,0.5581130496769283,0.5082089801590822,0.4576518568996579,0.5078607136937108,0.497806566834709,0.5783653084043314,0.5087605247093588,0.46869468772820067,0.5491951892333685,0.49298680908681963,0.5382548490595247,0.5681879587538365,0.5496534556686995,0.5243318492344378,0.49220057339738976,0.48765451563322365,0.5974006604612687,0.5747409795476435,0.5487539016254775,0.5615048040232983,0.5350802965530699,0.422177459381486,0.6063460778672569,0.5697624141609767,0.4976733134145061,0.5322731685849926,0.5510730346159646,0.4864728452413758,0.4922939957653294,0.5349098703255307,0.41828730874783393,0.5262497869680302,0.45362243550762926,0.46876695967748333,0.4579935739542542,0.4754941644292726,0.5569500570844422,0.5377669465065349,0.536635509287878,0.544156907198502,0.4774358540744687,0.45675596699355436,0.6100821233066138,0.5161072779182105,0.42763425483391765,0.5431135215932424,0.5475401110680781,0.44276499736747166,0.4264917432749656,0.47823707995300097,0.515472598016808,0.541839762825671,0.4667191482961441,0.49476501802695527,0.5031838402875405,0.4879387436749385,0.47066652310295043,0.4770579688696009,0.43385373092879886,0.5623015552118901,0.46322047224549534,0.607312442625983,0.4527306587422225,0.5170090361597894,0.5509853722794944,0.4465421204280151,0.48687633627031185,0.40587660941080506,0.46976586183562963,0.44854948970725417,0.5175645491903713,0.4451126034929641,0.5181337066620544,0.48727702231951486,0.5455024497626596,0.5372726006881572,0.5516879963395027,0.5152970104612288,0.5681774641679531,0.5281989908754346,0.4823550053582217,0.5027841308250623,0.4604704104091077,0.45553276851522345,0.5240987269281541,0.4617328332663415,0.6593854648726635,0.5956345651832535,0.435705236091005,0.5296845125253888,0.46732047714119634,0.48181619858291397,0.5320711281481808,0.4520410284522868,0.5266095562695083,0.43633251132256556,0.48915305896297606,0.5370467130792643,0.535301012468774,0.4788429930348271,0.5834223467211089,0.43691006988425585,0.42947809626967,0.5329882582818438,0.47185633609608485,0.4728867914827157,0.5224805087368638,0.5643563686277019,0.4883530038908276,0.4680835063689651,0.5051145951437646,0.5207005580038863,0.5138567048046694,0.5174343296451811,0.4276902289386039,0.5353246911494227,0.47782005297363733,0.6009485953803826,0.3634770434641309,0.47610686465324226,0.44615941088164107,0.5730906747495704,0.5595899653650401,0.5182986301244399,0.5118435083579996,0.5381994704221221,0.559384955057369,0.48156355750181745,0.5120452055674567,0.46683171538733303,0.4578269841920312,0.43774712664890125,0.5053837697550837
0.5481510405583448,0.5514231712324082,0.5255839875918107,0.0,0.5058631576033504,0.5040410236103673,0.5787891969469422,0.562363922440986,0.521472000895215,0.5469316346012706,0.582863433884605,0.5431316779523823,0.5549563173601483,0.5010024785668733,0.5859120599152227,0.5499039239300378,0.5592888662038942,0.5209655232067056,0.5177693729941938,0.5424336794876823,0.6090546272655603,0.5823029900499094,0.6526645602621458,0.5797467728681723,0.617967772997706,0.5795775732992415,0.5632682018211315,0.5652433926890162,0.492970657851623,0.46156453099863737,0.5643051252939851,0.5052695564107561,0.5997113608327033,0.5583295763710794,0.5949765475556533,0.5583125973890715,0.6382049159915321,0.5643015810654318,0.5267691682026131,0.629696753119576,0.547907517609682,0.5395629994461216,0.53029903378093,0.6117667966875019,0.603913693322028,0.5060651865403523,0.4359497818787343,0.5624782380790808,0.6428678837315509,0.5376493452019931,0.5839377559455482,0.5472738055495775,0.41272876964359084,0.6700156669790689,0.6061951509673603,0.5513175965056909,0.5586232183520231,0.5440875045575051,0.4905240147775337,0.5269249385586785,0.5771022417733934,0.42683826430890054,0.48607297413859574,0.48665813577928235,0.4745606287604214,0.46434484755700717,0.611262855016064,0.5155662389318809,0.48078635687678783,0.5734402021375979,0.5674014020057487,0.5475595392306617,0.510076991628873,0.6173546126905721,0.49179585414267174,0.44039841749284137,0.581491064367542,0.5751459013026675,0.4931350668255908,0.4461501871392707,0.46090386469197486,0.6331383524484738,0.5192004956735073,0.488134891724092,0.6006327912445046,0.5616998370953564,0.5731866258885889,0.49498196714352816,0.506354036914546,0.5317597088035108,0.5957378819393612,0.5610248614393237,0.5632000102107736,0.4715721249201729,0.6418822200153774,0.5927127812919623,0.46963133847709315,0.5766703189431219,0.46431801355413543,0.5299290406640391,0.5430366815323678,0.5456869418664733,0.5516231582159445,0.5504671105731317,0.532241988258644,0.5406641274329159,0.5376723080958469,0.5935076025845953,0.5209599247276622,0.5659659785674466,0.6102013865795162,0.6109057250074568,0.5601966683389878,0.5449814214898,0.4847612202602479,0.5499946354951887,0.47234459021904,0.5437509987446059,0.5675690860234329,0.5227354640356141,0.5791545279353718,0.5949280077913758,0.5468307333702592,0.5637565170037426,0.5333922184854242,0.5233107108713999,0.46992663398584317,0.5210552950372771,0.5592467022385483,0.571900541311791,0.4788610249902485,0.533926240504338,0.5294851840790404,0.5301214602484993,0.5963673369758076,0.4562140714625672,0.45292830362627245,0.6444604344558937,0.6570843031458345,0.5516083974111304,0.5048685446956531,0.5077138145280533,0.6257907930639101,0.5972552041707785,0.6162877505814598,0.46183752442781073,0.5639895808609252,0.4646591687309982,0.5533910361918473,0.3741784752144842,0.6172233251967085,0.45303194638741673,0.5875416409826243,0.5124303996286507,0.5958396026509376,0.6106132830265542,0.5683946993284754,0.5907802720575968,0.6696729173211581,0.564413311162128,0.45910010802991913,0.523810347440018,0.536293440587077,0.5843059586107981
0.4789431746885836,0.45693195455684,0.5569742956735086,0.5058631576033504,0.0,0.46556682676128436,0.5232949201060211,0.43685390562993065,0.45326681100913774,0.46776304873557545,0.576147491144519,0.5005841009085672,0.48068869952009985,0.42481771791348916,0.4652934803587989,0.5678465574302697,0.5508798043997276,0.45487503980900107,0.447816552273448,0.45347732423939324,0.5755916018393566,0.5682959210330856,0.5401772579217718,0.5205560754920968,0.5011342209178322,0.5230642389108536,0.46558097511672975,0.46932481828186656,0.44757236296687175,0.5078384288528218,0.43637843764097795,0.4670706690067406,0.4429376148217117,0.45210263047809784,0.466478401338362,0.46113938595272425,0.5256097997154068,0.4731566704039669,0.4537653266611478,0.51418364877187,0.44801214808462037,0.5825370364654177,0.48023705575736547,0.531380368344543,0.45252849803523454,0.4247391104916175,0.44549261730607714,0.5389642076847341,0.5384717615801436,0.480365745973392,0.5113657726353602,0.498945412112132,0.36785143686927424,0.5115992630500947,0.4923061250873894,0.48123386332146106,0.48131029473793124,0.5529489751566095,0.4240532400275636,0.43943021934335386,0.4343141744866992,0.3887484284350273,0.44813479143875157,0.43591651652304986,0.4142144000551045,0.39550441014322396,0.456430851229964,0.49002979298947436,0.4521855802632541,0.4662291876564378,0.49085526286591524,0.4335759440311553,0.4530251551448583,0.5304993988756762,0.43748043498453076,0.37363535246846186,0.5359949819495001,0.6230217079458451,0.3993162562506901,0.42977135747117295,0.41911865914035606,0.49470291815294803,0.4958506450520731,0.40369023304502266,0.49723389403713003,0.45734514581043473,0.45603009030552316,0.42437236913008874,0.4083835688333849,0.43466753507113987,0.6189121427503569,0.44698592675814774,0.513876119590245,0.40141227249954,0.5087140977371286,0.4819430489154003,0.38408815588757483,0.4599267906731154,0.41875354438668194,0.4206925844127136,0.4197195820979668,0.4559838219946205,0.4460462269690126,0.43853395932756073,0.4358670697364881,0.4868656459285668,0.4549863128718816,0.513427817186466,0.4445121994690592,0.5217713348622848,0.542909667536733,0.5139928444709266,0.4615684759987924,0.462162282378629,0.40358869524333896,0.5059394000424754,0.4041726142492248,0.5238476187941625,0.5323781992061041,0.44183713666474933,0.577702127419033,0.44487195132164814,0.4780964519127227,0.49197833228347154,0.4417044822916641,0.43831300879752344,0.429566937338127,0.4680391450614007,0.4614137708359642,0.45162568984868323,0.4419732744625936,0.5345873227359752,0.4185343747550248,0.4471525887852527,0.46915142747644495,0.4085719662471478,0.4175438055036178,0.48831783897700537,0.48137244743866336,0.45671749929576083,0.3863588652590416,0.4812287272974932,0.49120592767563703,0.49716881753710856,0.5131976226665266,0.4319970943922675,0.5310774980037334,0.4110459166671137,0.47609509741092293,0.36512215094120687,0.4540781178070952,0.38936529899187783,0.5469384077028175,0.49723904054456175,0.4887821598410379,0.46154216308664553,0.48079126638411795,0.5359042133683606,0.4455943390409028,0.5052288699960034,0.3899360090588664,0.4338498661704626,0.4407711687743904,0.5582534386339276
0.5975851658726248,0.6405210316910669,0.5509516370836612,0.5040410236103673,0.46556682676128436,0.0,0.446294837476345,0.5973204279282719,0.5513202527711593,0.5511308100491166,0.5213293527456384,0.5479109434837064,0.5886638860471619,0.4735202853766654,0.5351574282894117,0.6377831409048347,0.6032387991689142,0.5119922903456543,0.6025327296909121,0.6291852493858421,0.5932877832493779,0.5437731443656508,0.4694195026496541,0.5059989067479777,0.5870577728045953,0.458561111600767,0.44152594033085535,0.5462856527531882,0.5449462130653204,0.5441023244324066,0.6145292128059501,0.5797932605022449,0.5644430550553803,0.48776938898824307,0.5643764359572115,0.521900739869016,0.5773543775120783,0.5982376031513258,0.5158478463333148,0.48684762121713965,0.5728428529939821,0.4945630093607265,0.5523673002079713,0.5988427328593635,0.5364714810215092,0.5430517507329589,0.4962976875279551,0.5635386801839893,0.5077160550823767,0.5616200043051295,0.5482286664639747,0.6294456985149514,0.49104085037038353,0.5928456481690721,0.5526932048134171,0.5997837377767956,0.6221231632391301,0.580374532451661,0.43211277527559694,0.5587315539875711,0.6134841746949594,0.4892820877196544,0.599886799500786,0.4471339682240163,0.49808882847387054,0.5109983638367593,0.4581238922964612,0.5093883844372725,0.4484370048121564,0.555990443521297,0.5852611781301773,0.5419518429255292,0.4429182362459578,0.528507731946947,0.6165438244614568,0.5258128149650856,0.4737664912913468,0.5129279629578768,0.5465368233063769,0.5528583619695623,0.604652810718416,0.5416191534245903,0.6270505907281085,0.6097027374119398,0.5450305945585674,0.6163792141048362,0.543607168814638,0.4562716776829684,0.5891874298521828,0.49952385370789587,0.5118289930069246,0.5148632171366117,0.6351350054542828,0.5705702082669522,0.5178432115484563,0.6183584173373387,0.5737405902813703,0.5514105993639313,0.44763343657477733,0.493481922066596,0.5354549822496206,0.49294208034643655,0.4331171561516947,0.5420384229717152,0.5736188169063677,0.601803514507447,0.5835803516599792,0.5591831169239839,0.5252393631692672,0.5504808201263763,0.49873645796978394,0.49392061571411155,0.524598408309556,0.49583012963438966,0.5600863183604551,0.5816267644431558,0.5872527007420696,0.519542878703872,0.5184557401153699,0.49002472397098445,0.5544294597837494,0.5462652707045031,0.5537715031767222,0.6193555207096424,0.5506696513874452,0.6148756969502887,0.4478957840575906,0.5200939507664154,0.5912979295526731,0.5431562056133475,0.5733176065934121,0.6615377414686247,0.5240511780206353,0.5081147764551834,0.5452550633079174,0.5512473917298519,0.6129488537636694,0.5224958731538542,0.48589933873458124,0.5614490734353951,0.5300091212121161,0.5541023946001812,0.5451086607204744,0.5128399794513977,0.5510535037010342,0.3969134911373339,0.6152468192413503,0.5543693610358279,0.6220684565962002,0.4147489847515642,0.5512356119260851,0.5531480252120775,0.5209715327663802,0.4537596984613731,0.5619893020802479,0.5462226143661073,0.5369164146291,0.6069814148772212,0.5058494555415659,0.533913533914304,0.4951681072572916,0.5972823236751107,0.48637046145595186,0.5169233143425637
0.5003887075690554,0.47291402284010386,0.5140837329235592,0.5787891969469422,0.5232949201060211,0.446294837476345,0.0,0.4406714429047879,0.428557676694412,0.5277355398370321,0.4859845755247322,0.4664996774363184,0.5232471306103884,0.4809121999264101,0.518445864491756,0.48943666345876635,0.5061343358039991,0.47714962687857176,0.4304134700696542,0.46769815187671016,0.555177452358709,0.5206397694259569,0.6229902888812572,0.54337077823867,0.5411153430837877,0.6019820972964607,0.46708835663954684,0.4625402820092527,0.436541344311815,0.40565241054254325,0.4666217502085899,0.519637089144605,0.48287080610224203,0.5483427780479757,0.5161596789554644,0.5134621834670153,0.5827901544566341,0.4429380629581034,0.43405587397655204,0.6343668479564367,0.44761968183354695,0.5253710311038768,0.5168521503379586,0.5599555260982924,0.5531992125228017,0.4764675181289041,0.491815395889517,0.5377051561254192,0.6922391352305429,0.5207753713456463,0.5961625674453022,0.5066141335998067,0.38042783906888916,0.5729003210625849,0.5496713232771908,0.5145483977657032,0.48063421016669766,0.45042058158690634,0.5622907321784746,0.4809127215098221,0.465017168760655,0.41986013859215077,0.43901692073166826,0.48691567437346295,0.4663519278827287,0.44559058797433704,0.6171872148156173,0.5724602385313367,0.4792235346429757,0.44586102982253456,0.5403812428307512,0.4913319020823872,0.5215329502872528,0.6324495495449999,0.4082521546872047,0.41725940689578617,0.6287101230960307,0.5778388697864728,0.4105377192552315,0.4027765674453154,0.41503820767441424,0.5517797810925901,0.45486548955315054,0.3971630474259396,0.5271717384846999,0.44505755532241603,0.46701271902951713,0.5331440529336539,0.4506327110263934,0.4479498977466433,0.5663539292017814,0.5500688776583065,0.5079608517485007,0.42701571408387134,0.5739732070263612,0.5035774476207168,0.4066543505999178,0.5337876162043284,0.44898805518833035,0.541660341236064,0.45660150605668287,0.5076178985943938,0.5928420051611868,0.4691772917179471,0.46800618144914047,0.5144673632950387,0.5071942126702265,0.4913478882551112,0.5204914568193713,0.5701956783399195,0.6527020717948521,0.5482968490315892,0.5638854286321566,0.42917619428641374,0.4241601683421523,0.4648159435113319,0.4255730157496424,0.5538488004283348,0.6152477300516855,0.44577094258209915,0.5142499665239972,0.4502311876149285,0.5101420878940593,0.5028488670092739,0.45085079059111755,0.4472057669610759,0.5008235809398709,0.4837636301808734,0.4993657260845397,0.5216749083853579,0.4094696097385649,0.46292077564819395,0.41229272103131037,0.42115028317949266,0.4963124295724255,0.4277474838204145,0.40275009708879905,0.5826094620879494,0.5433652469967111,0.44615428447721917,0.4237390983932714,0.48402028716249457,0.5853014199774067,0.5266069162206674,0.525928125134053,0.5723585252503146,0.47432714245364177,0.41507950921862613,0.4959846246361131,0.3341064445292166,0.48098781893719417,0.39017496400459506,0.4862144940964906,0.6536271598453217,0.4867060946298899,0.5020906031065981,0.47270099569675794,0.5190213000800776,0.5195381872629348,0.5679984155532969,0.43731491112223914,0.43908119857431577,0.44935222564740496,0.4768800372033087
0.5592952630055813,0.6041536336911097,0.5164846224971882,0.562363922440986,0.43685390562993065,0.5973204279282719,0.4406714429047879,0.0,0.6047481970030038,0.540021752553276,0.5327843636575519,0.5622677558442735,0.558368340349955,0.46160518863366784,0.5716681163370254,0.5802725485826412,0.5467779012255716,0.5176270747772895,0.6095726142515732,0.6222912830260774,0.5650037235641394,0.5491261637255392,0.4987951943536109,0.508948649537378,0.6006018445346589,0.46350332388826554,0.5023787988261752,0.5740229811973954,0.5025587584140015,0.5196807767180363,0.6875677980795575,0.5121513772494324,0.5940229052422871,0.49451263411318297,0.5528548625577804,0.5205155692360803,0.5812179458915485,0.6425254303159051,0.5670519001316148,0.4934022634653421,0.5777542115198464,0.4804485643651452,0.5406362531041946,0.54194514252221,0.5826226488997958,0.5386999411027372,0.4270928890716269,0.5201353005882272,0.5096229405150968,0.531297073791716,0.5239231409791487,0.5368212513653445,0.4545531767445619,0.5912017485622407,0.5526101455327695,0.5490029245344644,0.6015166575960678,0.5846807994356212,0.4276515039690332,0.5454313819923284,0.7070608260839739,0.4462671869909099,0.5387305203582998,0.44062707751346597,0.4785011504471454,0.4930348990005489,0.4879383729818607,0.4794723735368686,0.45253947577318343,0.6897790703035195,0.5587062182459943,0.5349705610950999,0.4378222827784946,0.5282388003055063,0.606325901684391,0.4818555742203807,0.48531295901586197,0.4853333538112499,0.5930300058634601,0.47058471181510025,0.5175382733448038,0.5780049238941062,0.5831517415964234,0.6153590625328891,0.5455856533821901,0.6795345688998243,0.6194447138598821,0.4550847966966896,0.5864345522650811,0.5491897224537409,0.500964448354736,0.5087334695749207,0.57063934647792,0.5219268154890191,0.5252844835216033,0.6136458095237762,0.586646004140629,0.5389476447403836,0.4301565697468463,0.488139766864204,0.5503413585742034,0.5526863145658252,0.44798212127846715,0.5747258011461615,0.5663455208616602,0.5632494427128752,0.5663717851610047,0.5765619636233734,0.5023260789744468,0.5143431152419059,0.4872144412545987,0.5110009434411554,0.4981693487701321,0.5610367113039858,0.5355091136588755,0.5607949472752601,0.5264802983039294,0.5143751965465978,0.4714415953013904,0.49671331344928343,0.5282935524726301,0.676911729973168,0.5060744712136034,0.5757091454928045,0.5319751977607183,0.597571359966729,0.4282311687513351,0.5319590172547589,0.5523425512508107,0.5577749029602407,0.5629589951517553,0.5986748771598748,0.6001036223111968,0.5338725517347837,0.6014916183803515,0.4910222450134347,0.5478963049812066,0.5330609195809867,0.5562641509915656,0.6453458056936194,0.5513794286326817,0.4993174695099898,0.5475160745870002,0.5335243892561533,0.5586604500577449,0.3922351090729432,0.6181181802600125,0.5313521918316706,0.6008593886438642,0.3979166833907885,0.633839062300417,0.5207512841956063,0.5597049760775571,0.44658487466247704,0.599505558414249,0.6333802449507562,0.5669094897734948,0.5811878253965664,0.5325759444268544,0.4970143803994854,0.4714590505271381,0.560349527841349,0.5284857178164551,0.5296752634063048
0.5811190092435675,0.5554453305081828,0.4738251353053344,0.521472000895215,0.45326681100913774,0.5513202527711593,0.428557676694412,0.6047481970030038,0.0,0.49129632512393356,0.5286313797784676,0.5179284802788439,0.5099403105054024,0.46640248078729535,0.489581794260877,0.548248930168969,0.5594411027013476,0.5240277646516449,0.5808302736621344,0.619998318857683,0.5398755770543817,0.5327084390592371,0.5113994883531776,0.46908486003106104,0.5715313164545316,0.4330288473125804,0.5168525878212388,0.6123206678142931,0.45972538373885713,0.6007196237858257,0.5745367728243314,0.48307273347583346,0.4938513510239436,0.4689837288375582,0.5710655849360075,0.48095135654984167,0.5266723162453287,0.6566052605710889,0.49288827381914496,0.46777850841007973,0.5099000706448672,0.5587873732460698,0.47918390243906267,0.49941369938318597,0.49504639109744547,0.47674357036049086,0.41312787521211075,0.4656062551818553,0.500621385367146,0.507720517986883,0.48675298204507633,0.5155032877681042,0.4474359911191403,0.5049735660790201,0.4770714906200266,0.5886800755938995,0.5914936129536458,0.5866586163865493,0.41725763780622904,0.5067126655452219,0.5429468322328654,0.42701762281945044,0.4966676362720703,0.4485842723005103,0.466050648434954,0.45288407952105164,0.46120116625410923,0.44887850731379386,0.45308145863517035,0.6357383743257514,0.51778816825713,0.5218984554225685,0.46541710509316114,0.4917741747999469,0.6128534200496931,0.4564866920963921,0.44871511351963017,0.4683801514693356,0.5060013561462662,0.4719667002806517,0.4923688320140588,0.5813704082071812,0.5574131618093334,0.5472839920399444,0.5730950261888176,0.6433875040789707,0.5748383670674344,0.44069687698501625,0.5298051906453588,0.5380617835228493,0.5291292062263184,0.5020062497285798,0.5279201999872493,0.49709027034717507,0.5571850388033132,0.5293454321882485,0.5007421925824116,0.5285511054017611,0.458298260816471,0.4540628351678553,0.5064366496457295,0.466040204837946,0.43613183664253563,0.5060853340801688,0.5516698167184546,0.5066800103392696,0.49119695084671905,0.6293272739759944,0.45214541888171395,0.48547067453545034,0.46768777404530165,0.5337823301592708,0.49029786786743046,0.6476993728621002,0.48813793456192034,0.5892937038520649,0.5245129232771986,0.48409895899295036,0.45387006950407965,0.5516970643155703,0.5455980750169099,0.5807396418683871,0.5385659733348209,0.5230860091292917,0.6134940321335206,0.479367425232798,0.43375519321013273,0.4591665638991952,0.49365729630952393,0.4922733483895121,0.7091408943147458,0.5987185911870134,0.5874714712776622,0.6067011294755241,0.5260914617372903,0.46451967556669504,0.5045879484721761,0.48932180493081984,0.5007714069820646,0.5825438377138754,0.4724833981990149,0.5074392458966254,0.5593036140126081,0.5488817338507385,0.5271234876078854,0.391550449804737,0.6040173157370049,0.4693620753545138,0.5553215024637176,0.42050319147167453,0.5949934454609728,0.5073943539100547,0.6052200422075644,0.41711532362168446,0.5493035744301983,0.5559998035985455,0.5414944226459567,0.5303140416607389,0.5099683742648091,0.4970563514583542,0.4348284907052783,0.6242615378521169,0.5528283403179015,0.5989392128110622
0.5569999614098338,0.6244053890703452,0.6368080128832507,0.5469316346012706,0.46776304873557545,0.5511308100491166,0.5277355398370321,0.540021752553276,0.49129632512393356,0.0,0.5288823533478137,0.5239215819418477,0.585508901156233,0.48704568816796523,0.577128689510153,0.5631967966045871,0.5792218670491615,0.5481160798091853,0.5447942670798895,0.5803389324211755,0.5905685860748261,0.6234616965620408,0.5543155176654743,0.5383704693110447,0.669947240379219,0.4612909736257785,0.483577045632229,0.5529202624976471,0.5677673160868094,0.4640091511206273,0.5451911932522793,0.5741663050890774,0.5401915264802577,0.4936018319828762,0.5554539339006532,0.5245661526259908,0.5707747967857542,0.517414655325467,0.47729380832845836,0.5555403505448403,0.51946930821299,0.5196323962923944,0.5565812453971363,0.5533376767152461,0.5687166701098394,0.5225295835745596,0.48335530389976455,0.551044892422439,0.6083761436056843,0.5531670619923124,0.5574837759632673,0.5256304543081642,0.4501298944091236,0.6343176139253581,0.5899483800022842,0.5385830965291617,0.5463067895796264,0.5043923780611627,0.534196710433196,0.5205467089800644,0.5688484205185035,0.42832258943360585,0.5029593116048456,0.4786239347213961,0.5033294056073961,0.487970044036572,0.5041876736186793,0.5322886150057382,0.5178972572209128,0.5343303902456221,0.5411196034398833,0.5281079032650504,0.4658516612840474,0.5906321711910105,0.5201867938085761,0.47611146845225605,0.5087722863415043,0.5100381425615833,0.46742481934849317,0.4278219045534052,0.4998211111011953,0.5422525876854006,0.5325690961529689,0.4855773998817657,0.5178030378642466,0.5267413989436465,0.49703925692564954,0.49799370501268225,0.531476162678639,0.45749205837511486,0.5123595588320836,0.5193387973607071,0.6035644969160463,0.48702571581132914,0.543987562217073,0.5971281165117786,0.48449772758906917,0.5519929202586523,0.4243313681687038,0.5128048326275334,0.49043011073738396,0.5168590130148869,0.47379188363436886,0.6160325433143999,0.5159310450548507,0.5378632184368856,0.5668087340387455,0.5836892622446608,0.5478001225424737,0.589620718731412,0.536549390559116,0.49323792670622657,0.525607253603709,0.47378418441277675,0.4754085502502374,0.5054411847560469,0.517486136070443,0.6689958983379307,0.5871959054635407,0.4516419591423156,0.5008212348528464,0.48030419737311664,0.5071885033603369,0.5424619520606533,0.49013863197852603,0.5603220919140437,0.44695001687770686,0.47682325152411603,0.592938014908363,0.5736872844901583,0.4999147880599825,0.5360220500443118,0.4502829373478415,0.4417883221425056,0.5726226223897544,0.4995250385677731,0.4897310033445325,0.5480502860884123,0.6073294491074748,0.5161158352837264,0.5255898029086142,0.511032477882662,0.5733355876104392,0.5406952437793981,0.5346424682247283,0.43666177852954596,0.5190673359326898,0.503701934930436,0.7225409814559934,0.36692490306298664,0.5075976906113133,0.4932892768544697,0.5497801924522864,0.5592199696320099,0.551996985012615,0.545423806344091,0.5338268340837288,0.5471057415155294,0.5317066729490059,0.5106958846003469,0.5211285597026963,0.5014693741525694,0.47644735659512233,0.48266336039528973
0.5186830030165744,0.529531432024459,0.595860095895431,0.582863433884605,0.576147491144519,0.5213293527456384,0.4859845755247322,0.5327843636575519,0.5286313797784676,0.5288823533478137,0.0,0.5749151240142839,0.5318293409533732,0.4590114136778238,0.495582294849073,0.6543243029749465,0.5972666511055242,0.4864278416690259,0.5171403180067815,0.52759830902915,0.5952077375519856,0.6770972801751932,0.5661007144815956,0.5402046988811774,0.588586921389025,0.5032843137911777,0.5583199081698222,0.5768384194028848,0.528967220091612,0.5413159025467328,0.5001420223558768,0.4855161233466832,0.4920190517358496,0.47865589086492055,0.5318986166665164,0.4999599602670457,0.5901312693385624,0.5730162576502981,0.5245191481408964,0.5232285056554499,0.4906563456852974,0.5926289262768148,0.48745632067334427,0.5560480895748295,0.5035224837471621,0.4377495930533822,0.40586180314648546,0.5953981411222188,0.5590964993093723,0.4909244190654133,0.5022770734350415,0.4968588351282814,0.3843910371185671,0.574353595824778,0.5604634970413341,0.5074244086291049,0.5210478180234054,0.6538931565659445,0.42818069484283144,0.46727453205458214,0.5301709051918837,0.3908494458931362,0.46850834783718176,0.46150347420901616,0.41886790784102,0.41061052163842177,0.49018972715828946,0.47154624031903863,0.4785941324535604,0.5883917064305707,0.4997952066973542,0.47189706614913635,0.4736510720683109,0.544181584551399,0.5185273351539081,0.39323016503933306,0.5375528161570423,0.5726841713556826,0.4385107499008322,0.4441584589923261,0.4431433933147025,0.5215465701362773,0.5293639471453884,0.4775380496558508,0.5263270682040159,0.5367625695644097,0.5563220874856966,0.4276669680915989,0.44564754269615436,0.48758945457777975,0.587319442693745,0.46089600679974085,0.5506155688604698,0.42841234319336496,0.5387452226047779,0.5599387873934153,0.42718343053909097,0.4940309719018176,0.43009452189936975,0.4351106622447573,0.4836347341561111,0.4980903475280846,0.4437762199707754,0.49651685726334605,0.47510009850396934,0.490441248570016,0.475694248430396,0.6278157670554351,0.4453019656700204,0.5537991194142404,0.5449263753746868,0.5345741412842874,0.4905355357020134,0.5717785581057999,0.43280877329120754,0.55161137681279,0.4347128939236691,0.571489526796595,0.5437640976267298,0.49364964923387833,0.5813482242687807,0.5109950683908682,0.5154837372385561,0.5104013412070271,0.5035493024095302,0.5020284365315308,0.4205736791214209,0.49602558516781065,0.524288517023155,0.48234136702211056,0.5093644588069398,0.5879028019491099,0.5163862573273236,0.5218727646781858,0.5728678954365221,0.42484136661721206,0.45412618796582427,0.5134868516746226,0.5812070836235292,0.5151321533601334,0.4389424058396656,0.5192662145997534,0.513120544357006,0.5531383601189923,0.5832326891562014,0.4100604123093165,0.5763265583216128,0.4347177858982781,0.5550857093158361,0.4024930791756249,0.5310337954675733,0.429726022326792,0.6770755130996023,0.4654031832132344,0.5527626820912724,0.5341898600157654,0.5890191905873504,0.5636408093192884,0.5163519820128549,0.5073468544440087,0.4065702061584029,0.4895180396494853,0.47918997907879374,0.64163466856673
0.470200991951052,0.5597824047017327,0.5158886051624333,0.5431316779523823,0.5005841009085672,0.5479109434837064,0.4664996774363184,0.5622677558442735,0.5179284802788439,0.5239215819418477,0.5749151240142839,0.0,0.47210474878548847,0.41656025891958204,0.5030694864865405,0.5750105609796661,0.5116195681448118,0.4293886756744169,0.5697543985174179,0.5090941261306239,0.595375421396558,0.5356549076319067,0.5238536355953206,0.550501088455319,0.6034173425040014,0.48362027488370823,0.4718324365277915,0.4896147062866422,0.5360207441688677,0.5229276922921154,0.5992321898101794,0.4687738180257673,0.5111638910782679,0.5242941437307707,0.5044332849586048,0.5145847267943008,0.5626366425487956,0.5540589521946363,0.6824391107104176,0.4731747395807807,0.5371773766511537,0.5167090051739918,0.477446818604342,0.598831041621321,0.5128848665077227,0.44559732189821155,0.4076004153877799,0.5790898483557855,0.5120281476979464,0.4631233336621107,0.48213907233339315,0.49209196045578313,0.3795646717171911,0.581532442262121,0.565055891295665,0.5525249014545144,0.5080029604783809,0.6451414463487368,0.39443358573641074,0.4653271104104321,0.5196807224908718,0.39677020119523776,0.4437044020080076,0.4399071935151177,0.4112991918079297,0.40863868711096935,0.46967897535945297,0.44343634135175064,0.39947967769114356,0.5338438602190835,0.48766000454605546,0.4659483468049669,0.41878699371386213,0.4856839394541938,0.482068273062606,0.4062743985190346,0.49000890213001363,0.5838687078697492,0.4752648004289128,0.4837947736126007,0.4628920139121793,0.519112953897185,0.5669451407433871,0.47851643950256323,0.5250892444920842,0.5651265597018374,0.5574253655038252,0.4036115809181504,0.4592880087211948,0.5769175520567579,0.49607663821411474,0.5046250858329328,0.5285795351277285,0.435368698383132,0.4919773145223045,0.6875927269335427,0.4592189696280631,0.5610401631768278,0.43348124499912505,0.42955486527138903,0.5246643581669674,0.5032294088680659,0.44644848483022065,0.5805269387685841,0.46251756482107365,0.4957010483721199,0.4885109043765158,0.5951282061052596,0.44629161903931225,0.5869894903184875,0.5582841579819098,0.5239429846403085,0.4568096027010589,0.5524584836974002,0.4322810741647124,0.5073322145492826,0.45059177771484704,0.526585295188482,0.493497507875139,0.4779241002016367,0.5466283450157221,0.5464875477860227,0.5131768798631989,0.5470490658045966,0.5071785177988277,0.5795051115782813,0.40548946897936766,0.5500263721315733,0.5612302548343007,0.46622315515668095,0.5087703024802417,0.5578374274095148,0.5117265460801003,0.5473456227077866,0.6140921314545852,0.4275176274812117,0.5020739382206411,0.5013581080370961,0.5216464942288749,0.5955455354330034,0.44120744372688475,0.5076222355140679,0.5057199112028569,0.5334830279455799,0.6522903309998012,0.39451449662934773,0.6620870707169488,0.4652142497855191,0.5868940754378378,0.41911856573662154,0.5635587160823495,0.4497125837487601,0.5425350926549296,0.45156821415666076,0.6793369277330145,0.5560196282143276,0.515587189794604,0.625292135669818,0.48466364975457693,0.47002190071537836,0.4064121233516306,0.5115452826394302,0.546725950117466,0.5578968872537667
