0,1,2,3,4,5,6,7,8,9,10,11,12,13,14,15,16,17,18,19,20,21,22,23,24,25,26,27,28,29,30,31,32,33,34,35,36,37,38,39,40,41,42,43,44,45,46,47,48,49,50,51,52,53,54,55,56,57,58,59,60,61,62,63,64,65,66,67,68,69,70,71,72,73,74,75,76,77,78,79,80,81,82,83,84,85,86,87,88,89,90,91,92,93,94,95,96,97,98,99,100,101,102,103,104,105,106,107,108,109,110,111,112,113,114,115,116,117,118,119,120,121,122,123,124,125,126,127,128,129,130,131,132,133,134,135,136,137,138,139,140,141,142,143,144,145,146,147,148,149,150,151,152,153,154,155,156,157,158,159,160,161,162,163
0.0,0.9344611698423506,0.8998710700090591,0.8313419579177642,0.9249527015820168,0.9384589563652165,0.875241925850415,0.9335304765019183,0.9106683001178778,0.9311112474571426,0.8836947110911981,0.8882185979645242,0.9834573783634715,0.8506589793118297,0.9050979687499751,0.9701264609868037,0.926125076960188,0.9652825525868289,0.8669556895180585,0.9661715239990265,0.8470445817489198,0.9199659143624922,0.883783767144479,0.8626479519569923,0.945040787776186,0.7738175533398418,0.8671348502333939,0.9211371670509673,0.8744904577980136,0.9042488538505524,0.8936597948764314,0.9502928988511214,0.8696392678620739,0.8350493743186116,0.9641712979103783,0.8006520276115495,0.8948866418985653,0.8668196484777976,0.7889397179966355,0.9101584625214377,0.7916064212941308,0.9063657359476489,0.9073628963407011,0.8572519360382123,0.9108823382261229,0.9059040846069979,0.8395876080179507,0.8897273082612779,0.8912054439418076,0.8566485688116912,0.8636607107910811,0.8395615012470147,0.8014624570401193,0.7769530661835278,0.7809191644270316,0.8289819386509698,0.8863479838264355,0.9464508153188719,0.8742025229684777,0.9145859316486286,0.8482844152488372,0.7639119417009504,0.7978373263966727,0.7336522634641146,0.7841515927676237,0.773014344558885,0.8541231433034726,0.8464295265195099,0.7987004191369943,0.9564850671922233,0.902125645134452,0.8026674357317523,0.775967316343396,0.9133726033539087,0.9035739176682592,0.8047863924012908,0.8314933252355522,0.8516677005305242,0.8273658901808992,0.7326024988260279,0.7957455401196619,0.8596349518497735,0.8888897692760093,0.8310545051192573,0.8090451697135659,0.9091081564699476,0.9451278014816242,0.8600314238222964,0.9244305433000063,0.7915598359798947,0.9217322287259686,0.8847204090840717,0.8787233821859803,0.813553774746863,0.8151947955089269,0.8089806083329025,0.6797426733201685,0.8422548574746009,0.7069826510455419,0.9107513867949415,0.7359830898917266,0.8397257475537334,0.7404497524818081,0.8396398508721898,0.8476479220964805,0.9299167855150734,0.7865690721731295,0.9372790382872375,0.8913245569804955,0.8760436286119445,0.8067593995235104,0.7858214845817463,0.8944330241705736,0.8456918820032779,0.8360554843149531,0.9622597616235646,0.9331746895178725,0.8819399595200267,0.769786586768353,0.8004346557828534,0.8968610454411046,0.8470432665461549,0.8882192344813573,0.9124389304484662,0.8628547280602151,0.8754352660848072,0.798613057355171,0.862933216806616,0.8662301217714623,0.811178305714929,0.8746216983747623,0.848842480098928,0.8207155105773655,0.8105689181113416,0.7861589302652003,0.7324412751829127,0.8720217312152213,0.8828422567598284,0.9202877201856767,0.9291022359176401,0.7820096949514257,0.8973697024338201,0.9185929507885789,0.73146841925593,0.8951689067845807,0.8466209335281889,0.8551798837382637,0.8655437828013212,0.9482565448770522,0.6954907670731855,0.8783393227592888,0.8331019811708217,0.8561638577635919,0.8425550395111954,0.9054723735960833,0.902879530527686,0.9218561957402512,0.8915854472102239,0.8193279895514872,0.7695247841347226,0.715434842917972,0.9470501260176181,0.8922985677562834,0.9286145071998143
0.9344611698423506,0.0,0.9395000317394636,0.8584452894742481,0.8749044666041796,0.9753461532796615,0.859838857943757,0.9792968203014905,0.9108197626109116,0.8973812649665833,0.8176740751090734,0.9398817788532934,0.9340534879448837,0.7638671421312986,0.95082125278293,0.8855013456372807,0.872247235604916,0.8619946366890091,0.8660415208716358,0.952800671021489,0.900524420295307,0.9528743507617489,0.8205684394838515,0.9477889670789669,0.9073190052675929,0.8017580498368532,0.7910501909283422,0.8447233009306399,0.7871786536955355,0.8254173529757586,0.917049244989642,0.8599531607602507,0.9374845865074951,0.8455462499050803,0.901905023470396,0.817365707383366,0.8510937474122509,0.7784120310275616,0.8421070369334372,0.9187541092440308,0.863845812743917,0.9166154719902843,0.8131870956609062,0.8664954058476797,0.9632919690640681,0.9182679236780145,0.8469692680811323,0.8512801368115066,0.8102191694443107,0.8350189749937914,0.84299767474188,0.8936419715355355,0.7843698609411269,0.8323637582494972,0.7257959376999731,0.8812514047183364,0.8611786011252854,0.9100375960804055,0.8189379414474768,0.9004954020468612,0.8787794295208102,0.7133813936597726,0.7701361559910587,0.6844898420924381,0.7889756284174172,0.7771514923039153,0.9115944120171648,0.8345720625230673,0.6866169851285365,0.8790581817465362,0.9466133291862131,0.6978788271411214,0.7407113630871672,0.911439486767625,0.8651855324222902,0.7279310803933654,0.7991582984529672,0.816433372757901,0.8428071395294847,0.660335974680145,0.7987736087498166,0.9338578475430823,0.9025900867547696,0.7712192822101281,0.7801896302756213,0.9712797646789447,0.8930233621247846,0.7338586204885109,0.8598616770811985,0.8889341552458335,0.8309660252147753,0.9436725041921531,0.7832385079961355,0.7950379837290784,0.7951464726360404,0.8347982251226753,0.7366989564962529,0.9304130711847215,0.6465375473547278,0.9376665580516598,0.6758580689450296,0.8111966524457502,0.7019788453608379,0.861232891496388,0.7904499704533613,0.9605208403633987,0.8062395765855092,0.920328923762035,0.9009631693834206,0.961487680237154,0.8301306917293,0.7542490011992157,0.8855652540517762,0.7444879715708307,0.7862003077863852,0.9766845370379968,0.8688766489241194,0.7697419495263685,0.7800193377307799,0.7365400157078837,0.8550223491387868,0.782595120706602,0.9130402404569928,0.915034813850969,0.7883182637016276,0.8633033579662667,0.810804359872157,0.9217603660760189,0.8905376048890575,0.771862637575898,0.8565805473367619,0.8634783087521418,0.7206527695368333,0.8542380535169035,0.8658533846188965,0.7099218800772924,0.8623985585603058,0.8726774712481188,0.9120580683144285,0.8931654638661337,0.7294325166809482,0.798569696983168,0.9552907026466919,0.733987055229753,0.8810529606176115,0.8311626993677144,0.9504046760150153,0.851174700278764,0.9277207556667235,0.6598453225212144,0.8724519308611904,0.735565315566903,0.8493472415671817,0.9059067443103087,0.9699062061294864,0.9510868368044886,0.8990861626981268,0.9377029237859466,0.7610464166073388,0.6677020856393469,0.6870907031911222,0.8331635012803406,0.9356172623255534,0.90654679368599
0.8998710700090591,0.9395000317394636,0.0,0.8340809984286642,0.9004737387031914,0.9414669743076348,0.7590758520829696,0.9356017287054976,0.9074565526360969,0.8388920518879964,0.8180353965750645,0.8413478712679607,0.89370824994663,0.8081586756641252,0.851809759849831,0.8689082998116866,0.8863484468138986,0.8638696173384176,0.7986962072391187,0.9201135456593297,0.8904204397761991,0.9842928913489315,0.7427298933054005,0.850633967142426,0.8275916811393181,0.7850450198788794,0.7712951414684512,0.8135739855785512,0.7524435611789467,0.7816764184318307,0.7995298693967381,0.7982599532727085,0.8768197314412342,0.7334157966444327,0.8911799168090417,0.8446891277227694,0.7704829362700963,0.8372079886051869,0.7514830471437872,0.8607420737623332,0.850388718397596,0.9383635544728149,0.7661575646701189,0.7979367429085563,0.8790054600348404,0.8216396792271159,0.8149494574762994,0.7986203370368256,0.7319470785117113,0.8591516288367496,0.7963085758695067,0.9053594356835731,0.7816026823148519,0.8083723412146218,0.6751492373145345,0.8380552809521883,0.8216625005453153,0.9150929312570211,0.807735142050306,0.8427119204001823,0.843483979162954,0.7274516971426346,0.8130874339806986,0.7702292081194517,0.7768342076877294,0.7425683091973792,0.8435171878508247,0.8010776550098552,0.7640643838810073,0.8765453471491481,0.9293001240064042,0.6766676228185031,0.8146504091775092,0.8844385510853049,0.9062242435675595,0.636402219898565,0.7380685037819995,0.7451134259468817,0.7717059389777577,0.5771562589935734,0.8021390349331086,0.9250237221438776,0.8289925861979741,0.8092791319549997,0.7914401550061586,0.9607050373405018,0.8563331075600937,0.7043636329912486,0.7653132295710156,0.8136531612646328,0.8782890190663465,0.8566115892536494,0.7490020151404307,0.7271694020003902,0.8454232695273247,0.769003607083745,0.741009422137378,0.8890389606951077,0.7057107504644562,0.8550766909340561,0.60027497172226,0.7394613997174352,0.6813985069475432,0.8051717570345278,0.8245496839874996,0.9040616991751034,0.7741328784898128,0.9062024775195751,0.8192783246088857,0.8680009006839875,0.758181892342757,0.7998995400118415,0.8942375236045759,0.7684145287429648,0.7601366055081603,0.9527635697216558,0.795889458697405,0.7076303610676852,0.8342593572340159,0.7984626269748505,0.8685463358976793,0.8005144068248966,0.9115643148760951,0.793981292331145,0.8192316370553191,0.745298237037809,0.8576020912981668,0.8228284425312623,0.8817468942063175,0.7625923812894231,0.8595133065582394,0.9287862756326086,0.6717188087005767,0.8838433938584411,0.8350000518686429,0.7017425412612874,0.7657527942032113,0.8100575066993606,0.8902723508500057,0.7819696248030618,0.6967471042034572,0.8220467818521545,0.9072363394174224,0.8150999977020759,0.8075928106337915,0.8009816781420281,0.9329045418695258,0.7544228593322134,0.8936941102314292,0.7350384736873504,0.7871040557878148,0.6923528903923939,0.8596566247884785,0.8634101302985849,0.8808579854611183,0.8543051209269803,0.8091973939569442,0.8446044899346639,0.7112401002287722,0.6232085329210868,0.6756621191695233,0.781361366241123,0.8827328024572203,0.8982341996686971
0.8313419579177642,0.8584452894742481,0.8340809984286642,0.0,0.8102421228523984,0.8484261782804781,0.8107778850203736,0.8106459495574114,0.7192692977558285,0.7300342625653072,0.8997691506279285,0.8399825340705747,0.8351045895520969,0.7768087731585093,0.83923863330018,0.8365404905692062,0.9140350892167178,0.7976782307623551,0.9246177233510184,0.896012542782205,0.9425879121385995,0.8805446896302206,0.77189850878098,0.8949648509878747,0.7687165305266538,0.7975938294110306,0.7241269711235626,0.8961512907248468,0.7833702543963869,0.6882768358098166,0.7521863701201857,0.8367313348479876,0.9042769765784398,0.8485175979318772,0.8760433802185194,0.921090248134083,0.7259294520377754,0.7599981477390197,0.9208578557092454,0.9316851772649688,0.8921304119386244,0.7790028404568852,0.7833310514353894,0.9311088758121414,0.8426349026859722,0.8269517437089933,0.6407143368510109,0.916650607798928,0.8071162098991564,0.9046143998210885,0.9417525365514324,0.8910087953550363,0.8418932838625873,0.9592231235783363,0.8799449370966481,0.6603666066228205,0.9340881750389667,0.8425345413139962,0.9026625445329847,0.9352334759761831,0.9592445511937834,0.7073510726814035,0.8284533542053738,0.7404340871255032,0.8485307055701995,0.8351796132746518,0.9075538267419151,0.6500229568138537,0.6615188117635992,0.7615288004553321,0.8288248230207371,0.7224171223290853,0.857856303394313,0.9654360806806304,0.8678374882507915,0.6685479242293041,0.9169286516532066,0.7190509901972053,0.7762159352504909,0.6673593777412483,0.729837509295924,0.8929624378919144,0.6935110230429432,0.7279047962111784,0.9188642198620662,0.788569594610526,0.8109637076373429,0.747790680034567,0.7433138076009361,0.6906989386922575,0.8256773097549581,0.7974579455075995,0.8647403172094823,0.8787520988040365,0.917726590261025,0.6389617751417169,0.802027578843773,0.7450354760065911,0.6815507610334801,0.8904530348298376,0.7249847254458872,0.8797206988607038,0.7869186839909682,0.6587801957073809,0.8488321150033986,0.7897603210101536,0.9029024444087947,0.7644182196900478,0.8180294379884566,0.8437293360994528,0.9363032575308075,0.8918708180003854,0.9243135564649884,0.7397736733367914,0.8128633456130998,0.850776676889639,0.814291462450151,0.7672222344515506,0.9136848301396223,0.656899963852329,0.910726078305719,0.7085947267644052,0.9155400290855269,0.8288679883014438,0.8143072715479861,0.7789894138284094,0.8805588840809531,0.7709951304274485,0.9455267819341028,0.696091097217125,0.6611208649068274,0.8613043599796288,0.7626257047805015,0.9023456233426509,0.9305287396536952,0.7172954338357848,0.6676923330641176,0.8237285286905607,0.8572455214345236,0.8131739019115394,0.7047631531751984,0.7990628142403087,0.9375497405623302,0.8428312716003591,0.8554431675742841,0.6912581505711201,0.7676907835157452,0.7256594862922153,0.73634728703435,0.6902999087816184,0.9264496034391937,0.7346625186701615,0.9471773926749005,0.7109060808604939,0.8212536247227781,0.796546605340344,0.8924056861882477,0.7562269772709654,0.8534021315740596,0.7637062208924299,0.6088168140233674,0.7721095044431223,0.716532848359658,0.9122969399959692
0.9249527015820168,0.8749044666041796,0.9004737387031914,0.8102421228523984,0.0,0.8591423133766148,0.8356981029756761,0.8774164755176592,0.9117095767001195,0.8799257027768731,0.9122962986574378,0.8538416150698733,0.9129489681353148,0.857506410571022,0.8156025552887656,0.9467207571133497,0.8937884447621568,0.9008023253460293,0.7843997159322664,0.887497078863929,0.8020457177085643,0.9277644613874152,0.8695783474516265,0.809681715747089,0.8921904697380941,0.7916773443489393,0.9118459090267962,0.8796504210172655,0.8520581479945922,0.8935640825678074,0.8077111449171515,0.8502777020968835,0.7924624228610968,0.773525256726815,0.9372366478603759,0.787850842734781,0.8531984733236286,0.8778200153002176,0.7394101719761937,0.8654897029557493,0.728043643279831,0.9430053521165409,0.7820422954904171,0.7878970482785774,0.8448176539225041,0.7697612616352485,0.7715020460147424,0.8457938353212768,0.8457778471094834,0.7951241183985855,0.7759482852585643,0.7715133809775773,0.7011360887946542,0.7302036929475907,0.7344635885932242,0.8070979370398662,0.7968509257712934,0.9612333955150574,0.8015399139735895,0.8208461412378364,0.7688356387427944,0.6697512177995549,0.7212660650250834,0.7907307096021495,0.6849155944601957,0.6560872860690411,0.8207438488600366,0.7911759304244376,0.8286134328210606,0.9377797992496572,0.8164926284284035,0.733905995024606,0.7990059740357676,0.8550158640734112,0.8586384205207113,0.6705405077688089,0.7917664942635523,0.8589214107050985,0.6898986566860077,0.6293761704792766,0.6759091793040439,0.814490150731783,0.8393543187014052,0.7642727142963356,0.768028828711774,0.8748330919340872,0.9142293786420106,0.7769783113591208,0.7962395098492348,0.776029598429928,0.9640578044191546,0.8227339487415521,0.8099604366023085,0.6984057040367185,0.8052280621030689,0.7856825613456982,0.6150051110749755,0.8075826622513672,0.7524023137084834,0.8084648521965789,0.6772398486123815,0.7547516488497737,0.7073212363995839,0.7862650790687967,0.7793052292819171,0.836269589997414,0.6923144863372088,0.946688697904517,0.7725561395276397,0.8246097900742534,0.7640442175298512,0.8130894092493933,0.8340789121922912,0.903631733825013,0.7190459481106556,0.9331109277946791,0.7854730497330411,0.8359951984295981,0.7613667263043394,0.8748330451616929,0.9020721375616103,0.8078340368616405,0.8527632918791324,0.8001575595863863,0.8401143892347398,0.7693762961229483,0.7717475446703983,0.8251492998379454,0.8132870063201839,0.7376052765727792,0.8785461008416037,0.8217834460992003,0.7834696892840503,0.8292165105356871,0.7470760029167156,0.6271114917646172,0.7853382921818802,0.8359071026288281,0.9240840855012343,0.8263634460671689,0.6739965986437992,0.9028568009735511,0.8574241621211076,0.75625090758041,0.8823051374536245,0.8503047876132637,0.8427720212270143,0.7270037591734125,0.9006013927554869,0.7519060536889252,0.8002021337496767,0.7094966965828756,0.852980463632214,0.8257321399675815,0.847401530893019,0.8311727783059089,0.8604702534420722,0.8371717115335652,0.7797703047057174,0.7152954370676011,0.6149591967832273,0.8508110345331278,0.829789305677348,0.9465010376204117
0.9384589563652165,0.9753461532796615,0.9414669743076348,0.8484261782804781,0.8591423133766148,0.0,0.814342042571039,0.9670306207102736,0.9046626184393728,0.8649565185853186,0.8150273481546827,0.9147762716187804,0.9188414695553608,0.7615079160779928,0.906620863502479,0.8861073556509567,0.8916945995877648,0.8625682618574598,0.8863891643743437,0.9647196963621898,0.9191776242285526,0.9447053564442457,0.7828846475337197,0.903706254067269,0.8839354571670969,0.7537039894474048,0.7553405231680064,0.8495325171467197,0.7598804999151053,0.8149082066395003,0.8875922316610355,0.8748848571386588,0.906752530527716,0.82364738316005,0.8990285975482601,0.8304778715382218,0.8138608267458106,0.7917154938947079,0.8265528384762146,0.8749742505545762,0.8585006016204546,0.9162517144744301,0.8259672499395753,0.860817487298842,0.9252206722803107,0.9038748435716341,0.8334201814862189,0.8384752456411274,0.7839794325050479,0.8668320903444416,0.8578143278429996,0.9225280588173094,0.819262092890791,0.8400629513590328,0.7224242985762702,0.8566131916032346,0.8834729954636422,0.9227664816679797,0.8231702113327987,0.902124948603865,0.8934485295379687,0.7553249633884148,0.8202991772559463,0.6971047472705848,0.823269234689413,0.8078982479991705,0.8690326632005315,0.8087926341395284,0.6979207038686679,0.875735771237292,0.9516754188407168,0.6932418167703637,0.775267380439688,0.9130696807800057,0.9024667491438605,0.7244244561577154,0.7894057054564793,0.7667941483272414,0.8427291472788955,0.6629694987643217,0.8408132901106868,0.9485802843224229,0.8671812109093644,0.7898257649541875,0.8175936260202571,0.9531473020950656,0.903324239880565,0.7422610517558089,0.8490187871533765,0.8421005124912317,0.840172611214493,0.9268484926121829,0.7912692922277959,0.8143395371316994,0.8170837893607877,0.7925489752805175,0.7731274557226698,0.9175867904144408,0.6686435224406475,0.9213670104802323,0.6510713292376161,0.8185249985955093,0.7084780345073006,0.8305071635472584,0.8346921019717989,0.9441583115820671,0.8343622713654026,0.8991991844013828,0.8704675661769943,0.9273508570530772,0.8272619463923006,0.774470959364982,0.9143012430062286,0.7490819505904429,0.8001741345861678,0.9587367122592676,0.8919121659787204,0.7588522218785815,0.8081796274484165,0.7367070942955545,0.8498938026739148,0.7920780797436276,0.9358067651757828,0.889056710389649,0.8184544038330822,0.82619995450156,0.8482026733451812,0.872982513515602,0.8985585989723818,0.7443966946730591,0.8496052251707807,0.9108575633694354,0.7109348215010759,0.8723946637392993,0.866506832197177,0.7305269275338695,0.8307903427117026,0.8163898408839377,0.8580460283263135,0.8747509459457328,0.7225333863337703,0.8202999542712311,0.9557074065527474,0.7684356931012881,0.8394470807707061,0.8070412296500137,0.9350993991654144,0.8307169722661859,0.9129312254591428,0.6885376827403733,0.8736226461744288,0.7541888272682638,0.8632428195086695,0.8549687711924272,0.9423344630662148,0.9112883311748726,0.8702785046211221,0.8977831358643464,0.7295102842281573,0.6744809365213348,0.6831249565255677,0.8472882751160246,0.916971305524339,0.9006284775228299
0.875241925850415,0.859838857943757,0.7590758520829696,0.8107778850203736,0.8356981029756761,0.814342042571039,0.0,0.8459438242446259,0.7923222925858685,0.9017166471427646,0.8173089579715056,0.9161720172863043,0.8983699626571581,0.7262834065642789,0.9081066910106639,0.8652429331038075,0.7900505984161981,0.8151412277952278,0.8169408113558292,0.8366405545497493,0.7679963877830368,0.796500018143767,0.959164130089378,0.8970879957162834,0.9422027802554853,0.8385821029323517,0.8497620517714695,0.8433497785014237,0.8301218351220764,0.8463674903851803,0.9174635170556593,0.8975762503957075,0.8273325694877857,0.944817740881608,0.847038296137997,0.7160632443819388,0.9467641522177314,0.6904904704528954,0.8304521291890455,0.9132209698831208,0.7049267352722144,0.8034695838048337,0.8377888635840678,0.8598377770887654,0.9179956814482527,0.8745264784109991,0.7730193992206208,0.9008663504642698,0.9578274780666773,0.7219797562713511,0.8244513532132491,0.719034115645474,0.6691300816609328,0.738854612737353,0.8133852330348987,0.792916267045377,0.7951777464520827,0.8253005534894987,0.8094398255192449,0.8469360294460648,0.7794326987563047,0.637668990456076,0.6413778060269043,0.620535382537019,0.6855740730960139,0.698994193290487,0.9142155383832197,0.8139529680889656,0.6518553501208224,0.8315872305062472,0.7959326608238553,0.7369226505005128,0.6618322175582607,0.853801632076675,0.7197365360432776,0.818046065894335,0.8909332362039868,0.9395804901831357,0.7537148029120206,0.7649575582947467,0.6443978917674197,0.7729900901311098,0.8597651903831253,0.6545939980707062,0.7155640422272931,0.790270148587731,0.8868593344482549,0.8209816118731076,0.8986182159227889,0.8144355738528888,0.7899729068180598,0.8896863621662149,0.8089951807789807,0.7684612064609084,0.699957008406491,0.8270275789556331,0.5989651091942165,0.8022801266550906,0.6060016897320399,0.9004076824944335,0.8103250718789499,0.8781464630635571,0.7927308556166288,0.8092898860992189,0.687919677594638,0.8556427814322719,0.7264331039113281,0.8490329742308959,0.8682004219214263,0.8991573707089973,0.8565259894029174,0.7022763095984789,0.7944729884709573,0.7438824205385209,0.7233282471993461,0.8537332818912389,0.8292025737140649,0.9077649836654815,0.6775741487312332,0.6794331411335841,0.7885886395722355,0.7298550432855709,0.7849214040263601,0.9427301603068592,0.6972395706007332,0.9252566730893304,0.6909474642045487,0.9185347867836544,0.7786908463974754,0.7365202946359498,0.7596337614602121,0.6838145832266014,0.8119632420281394,0.7035087111843283,0.7509585111763935,0.6228940298958785,0.8582139017897193,0.8968756483234441,0.8875150820645121,0.9334715560208776,0.7088288367398764,0.7702061377542474,0.8578597106800592,0.6184536589203867,0.9494553376645294,0.8715289887988467,0.7765238309192517,0.8340869597466338,0.8525541515471659,0.5652783983418886,0.8799973126753853,0.7235601597690765,0.7606164721478191,0.8422687574995723,0.8977189737779726,0.9161697236051787,0.9364298930230806,0.908592696023044,0.8371157259095231,0.7904667037304768,0.6360099657791474,0.8291129907034707,0.822204129456537,0.8401753754319156
0.9335304765019183,0.9792968203014905,0.9356017287054976,0.8106459495574114,0.8774164755176592,0.9670306207102736,0.8459438242446259,0.0,0.9463247146944959,0.9200200699773906,0.7988710337186162,0.9328602834885604,0.93579643356365,0.7503257797294233,0.9310257781279151,0.8892231859819537,0.8431742806965816,0.8601190867117362,0.825383271479428,0.927931574786654,0.855507961231461,0.9368906204472793,0.8216801292067443,0.9092635908468653,0.9255402343300141,0.7964664513456741,0.8099128367381742,0.821452401221557,0.7716312861561508,0.8589725821719902,0.9300321161072409,0.848865687850547,0.8972426664094336,0.8219346724639299,0.8809158234002228,0.7748915312598733,0.8768396796527427,0.7809768244135453,0.7987681761331437,0.8780512469252358,0.8101160254829423,0.9316954904493446,0.8101378253489451,0.8207827252595098,0.9575546700082901,0.8962325294376889,0.8740473935404114,0.8253944677004155,0.7986984561800515,0.7945912791949836,0.7989805801434864,0.8512839541430066,0.7385615921386305,0.7771071023010929,0.6921524450968104,0.9168556328453954,0.8176236163298916,0.920209823482675,0.7763533555114591,0.8566658694915086,0.8363116233604969,0.6989419754919183,0.7421494416867153,0.6671663736400287,0.7425527662714451,0.7359935140767284,0.8817976630067078,0.8713714733993839,0.7012794192420055,0.9145590201092866,0.9337649984878834,0.6801081589081849,0.7135153724193095,0.8728966966024009,0.8453341040818796,0.7227815538584786,0.7696731661216061,0.8295103938783813,0.8265163683517006,0.645868154681301,0.7776951227336328,0.9025956230364864,0.934699382940565,0.7722063830176643,0.7400592709560474,0.9801763385253471,0.9263702328982867,0.7281906712195315,0.8675393766356736,0.9125190921001207,0.830423712817333,0.9361969940625339,0.7527368529003753,0.7479202176742257,0.7525758612093864,0.8752006147861269,0.6965359940331756,0.939842034028954,0.6345904235561272,0.9052017243951745,0.6561749205956197,0.7976171840877547,0.6866733408843463,0.8965515203208949,0.7638564645556135,0.9660296167738163,0.759939308078604,0.9429009068602225,0.8725701096077869,0.940774758083004,0.785994406921604,0.7226248939982179,0.8537056678380027,0.7575620337821318,0.7557998440775969,0.9714190844420745,0.8456094306714061,0.7672232704557651,0.7367834389966842,0.7611066520839593,0.8190114066431827,0.8244669072768085,0.8736497586134603,0.8968956583136167,0.7600603295913348,0.855925323994688,0.7729283478280531,0.934314609911514,0.8436615280250873,0.7680046038744759,0.900312204631112,0.8423420992552262,0.7188947353859364,0.8190134113730905,0.8184145246272219,0.6757167984389997,0.8893910342688559,0.8494850876413688,0.9027854455919532,0.889923682815654,0.7182492171381988,0.7916323212530947,0.9137653277759367,0.7037154846651713,0.8682872025272116,0.8596595008964081,0.9596564465769145,0.8463827616134207,0.954942635624277,0.651784525406007,0.8410585207398223,0.7150142260484946,0.8101187400470761,0.9243643620353104,0.971352548817541,0.9604038678889579,0.8747489350671923,0.9552872958355976,0.7265836615715127,0.6499296945542509,0.6818462455780251,0.8258863835034906,0.9616926425521694,0.8852024471278894
0.9106683001178778,0.9108197626109116,0.9074565526360969,0.7192692977558285,0.9117095767001195,0.9046626184393728,0.7923222925858685,0.9463247146944959,0.0,0.9183210881585978,0.7776439634801459,0.8726623473399362,0.8916670399384338,0.7519342868101165,0.8338442433265605,0.8788410799046197,0.8037045732926196,0.8513784346360082,0.7434733965311567,0.8680462698343532,0.7670161849754884,0.9044165467229096,0.8094360148518972,0.8051599106784991,0.9113587889494774,0.7256737054539759,0.845577833967613,0.783579210782254,0.7560327589285832,0.9167803618158665,0.8740958582633738,0.8008967826524409,0.781759630080562,0.7406265417928525,0.8577333725078349,0.7059997252536004,0.8596249130486986,0.8018819514914924,0.697974245030438,0.7906718984639447,0.7083732703357051,0.9680296799724362,0.7478521461790314,0.7227517852493529,0.8662236101648794,0.7896157770692399,0.8770463954857842,0.7459685304171275,0.7644545782154993,0.7288167054238204,0.705810639790219,0.7625702419122388,0.6680625449229143,0.6767736816158194,0.6259447881940392,0.9387976056840059,0.7367748882438879,0.9248903700991341,0.7082921797664509,0.7655523966923634,0.7278563835583571,0.6539516201765471,0.682003879329959,0.6801324677190224,0.6590315793072349,0.6382305441802046,0.7799484407944487,0.869619430512667,0.7503796202293631,0.936555081599551,0.8501078947745352,0.654555726630014,0.6922661613257045,0.7835583372292941,0.8136547555455539,0.676151398095812,0.6927783303391873,0.8264929883925248,0.7177813886775767,0.6021802610770067,0.7118925188555665,0.8214807190644168,0.9378041102319497,0.7487195507252515,0.6801354205642381,0.9489424644485559,0.9046296837364988,0.7003751021001581,0.8191899061362885,0.8876779872809405,0.8497757352511902,0.8737219466895653,0.7059052358866181,0.6572365561013511,0.7041107220382812,0.8860948052852962,0.6125663218577759,0.901194128498229,0.6614459921927461,0.797122352698031,0.6078923980094972,0.701869169371522,0.6282233852857873,0.8925310509371143,0.7165578764032523,0.8934935754919646,0.6565254243471221,0.9723662688412426,0.7734176743971092,0.8560115774874781,0.6977963696896347,0.6891336740309916,0.7770499151392852,0.804935641685833,0.679980233236397,0.9397236475954908,0.7819298844450151,0.753159246196559,0.6757695438269912,0.841237642654997,0.7831780601676942,0.8068992782800289,0.8121377777678381,0.8067742825170799,0.7591250232233291,0.7730614648030074,0.7150229798222327,0.8706937353148224,0.7536338970542684,0.7245740886533896,0.9807019919090059,0.8000387120021419,0.6951664820993736,0.7786431256262767,0.7181685885029198,0.6147420802384332,0.8772245347971617,0.7817256556494128,0.857722509152723,0.8249755743912247,0.6594640171204621,0.8038317878836486,0.8293553331054038,0.6760935592649697,0.8092608464020157,0.8738871762641763,0.9329454561860937,0.7697424628617551,0.9661631065094328,0.6849204780147995,0.7500915204871121,0.6774389972270309,0.7613040073365374,0.9025882014312494,0.8985034042458,0.8834719999213713,0.8056372832505119,0.9070426409953458,0.6698913056584825,0.6165802640538166,0.6408030092283576,0.8185133599571295,0.9427307346960265,0.860862607985871
0.9311112474571426,0.8973812649665833,0.8388920518879964,0.7300342625653072,0.8799257027768731,0.8649565185853186,0.9017166471427646,0.9200200699773906,0.9183210881585978,0.0,0.7799610863203467,0.8732248881747066,0.9515269942911324,0.7760176534508689,0.896200736153358,0.9022581246099644,0.7941915654612175,0.8941344330007642,0.7465592719601841,0.852470133426764,0.7316942968969623,0.841266553774691,0.9095002840916152,0.8301236248758552,0.9749874351654739,0.7945559394290838,0.9014737782155244,0.8123258442305443,0.8445639817421495,0.9373083095908987,0.9267717825420481,0.8717703542062828,0.8155542327391943,0.8086499223647656,0.8639971316187339,0.6840562585845436,0.9668505240516744,0.7722118713561267,0.7098940988890136,0.8592719466708362,0.6979860915842918,0.8805915157271794,0.8375163704378923,0.7650174111706275,0.9114051435175374,0.8696574625113808,0.9115930942995892,0.8080877590433474,0.8737768361370506,0.7129473746360493,0.744172679212659,0.7275876669032552,0.6691191125294075,0.6679478283238516,0.6911499761415941,0.9097997437374247,0.7478282680893146,0.8701690189122039,0.7629182446048096,0.8021375007875942,0.7309137837000769,0.6737730183921198,0.6612220495886675,0.6435141126568805,0.659732533800775,0.6640077865778992,0.828323265948798,0.9393601936462711,0.7511840404010799,0.9397020289182155,0.8408773476618631,0.7395468859293808,0.6487711530114513,0.8048728669869355,0.7659853411859158,0.8058501599810681,0.7550749254673562,0.9355118896837482,0.7746684659127477,0.7064020468880778,0.7111508392564747,0.7657101231465614,0.9700788064006424,0.753272270379512,0.6662433322313792,0.8910944449250381,0.9063090621434488,0.8007430277126931,0.9355523552480882,0.8660277853692149,0.8324939511287258,0.8847242693745617,0.7624988914170765,0.6968567527976239,0.6800808422682703,0.9296872096783669,0.5783883029878879,0.8614261376578594,0.6252291360936048,0.8619197285536119,0.7140296092058364,0.7639624338597738,0.6924050796430316,0.9332491723674042,0.7025467021034425,0.9287897000938944,0.6706583105222033,0.9512061408935791,0.8724465159958291,0.8668568096556803,0.7217877417772398,0.659104968229192,0.7769817561965592,0.7879131599266437,0.7339760321289064,0.9193801268914665,0.8425819830290991,0.8488382329565378,0.6502681369565053,0.7955118038727866,0.7733822629994995,0.8331352605446196,0.7702136927567899,0.897826583180136,0.7195962416351025,0.8968249733271003,0.6785920306441029,0.9145029844757765,0.755907452145286,0.8134318368487827,0.9198761670966458,0.7198112080408889,0.770805337299141,0.6923076140511799,0.6877581673893829,0.6389813659330058,0.9526316369592207,0.8821877162435298,0.907335526142093,0.8998930690956036,0.7518791834695059,0.7979381701616189,0.8224495598277327,0.6102816171709802,0.8788125874863464,0.917037551621076,0.8451113738301119,0.883246406627357,0.9754414515153407,0.6062601500395924,0.7788223183007558,0.7450306154412822,0.7226571688255086,0.9254731316647897,0.909773185489222,0.9265150642068045,0.8684320171481421,0.9533062525370192,0.7631913177918718,0.6990873008075538,0.72278140814198,0.8687432900623797,0.9336379237231904,0.8268287566237024
0.8836947110911981,0.8176740751090734,0.8180353965750645,0.8997691506279285,0.9122962986574378,0.8150273481546827,0.8173089579715056,0.7988710337186162,0.7776439634801459,0.7799610863203467,0.0,0.8207232852162762,0.8734622315236252,0.8604286644393155,0.7778928137516007,0.9412396430834112,0.9536604349624017,0.878963305497667,0.8732950065359923,0.8902664431899174,0.8360688672561277,0.8728107831493961,0.8595872621570846,0.8017504647057087,0.8213971984273952,0.7457249347259405,0.8600252942024544,0.9734298813722111,0.8833182552468176,0.8101440785822638,0.7426482205711422,0.8825169740882206,0.7924142695787669,0.8111089074367602,0.9282248082161771,0.8361976393333852,0.7795995795384468,0.8723616646335942,0.8165934826518675,0.8880976807053296,0.7556802461184128,0.828128753304285,0.7946431843032146,0.8346307189829671,0.791457870958244,0.7638986837847788,0.6434399090380472,0.897708986227198,0.8779658831480692,0.8506317233508536,0.8622847974015591,0.7787972124367302,0.7728995587213916,0.8066967928068433,0.8724593921093198,0.6679047530107801,0.8892508227509205,0.9244648047324874,0.866064922188599,0.8859377281053065,0.8473426518062664,0.6831248213673421,0.7758158291372602,0.7938856645724895,0.7393621938419254,0.7193635270672273,0.8154231932108128,0.6644686112904462,0.7847620893347201,0.8643518486134089,0.7569608030557371,0.7800049699174856,0.8613474332669314,0.9058387834676289,0.8945926642328168,0.687429939213937,0.8978103383676009,0.7863121802142788,0.6992757399676476,0.6975465056404143,0.66887529752876,0.7939096559851168,0.7233457585012779,0.7639351193356285,0.8731431165774102,0.7746074470123426,0.8738461178874298,0.8101512281373555,0.7751599968795553,0.6660577887858606,0.9410417472317432,0.7466405838753013,0.9185821570784113,0.8007655085665922,0.8776480923357889,0.6574836696610064,0.6623401443014987,0.6982689219087108,0.7476568813236536,0.8092854939974585,0.7525302680918883,0.8325677575101691,0.7311698471722502,0.6634378267601009,0.8381123641034972,0.759004533078748,0.7726622133933247,0.8365412861145277,0.7559516605661447,0.7762584065654885,0.8446314259646984,0.8863151457971231,0.8589541865489251,0.9188318784930344,0.7774296468745634,0.8711412259830833,0.8157751022864781,0.8759834007690211,0.8227195763600408,0.772922934796693,0.945947758990134,0.7576588040432917,0.8604871976936219,0.7979062524208945,0.8723124875511951,0.7665329087631645,0.8028652486395255,0.749388123222565,0.8562753523365715,0.6922752662822665,0.7357162642971027,0.8295986671660407,0.8817217645509162,0.8597411735467239,0.7891098904263919,0.6550082233141743,0.6971868971184506,0.806764690223164,0.882081620273579,0.8341582406449333,0.687504135746584,0.9111678740741718,0.8674503171370046,0.8039203080354709,0.8678920336418388,0.719111779500574,0.733416722178994,0.7069544473664491,0.7809143649538743,0.7769932899297062,0.8757907957273648,0.7726326162936303,0.9393813436007622,0.6951338449410654,0.7826217167695223,0.7643623120650901,0.9101642838069572,0.7476034115376201,0.8686219465214107,0.8365405279689478,0.5857546593596146,0.8609528662736466,0.7091218261554402,0.964850853520239
0.8882185979645242,0.9398817788532934,0.8413478712679607,0.8399825340705747,0.8538416150698733,0.9147762716187804,0.9161720172863043,0.9328602834885604,0.8726623473399362,0.8732248881747066,0.8207232852162762,0.0,0.8827007004049462,0.6865576604628405,0.9148907289074383,0.8645445637966193,0.8203289912650091,0.7884226589736372,0.8788128983759196,0.8981932656281156,0.8602814580257566,0.8795367990701498,0.8777091110268583,0.9538307041659305,0.9324954570824231,0.7816705723979043,0.7958741246631472,0.8399789017694586,0.753613697215223,0.8457677409157742,0.9403291075276603,0.8601471907658377,0.8563335972285251,0.9311500311196528,0.8501692567971245,0.7542735050251268,0.8801551238750712,0.7008389417246094,0.8881792298066046,0.8826443046606394,0.763452390299793,0.8934238753375727,0.7776277734984175,0.856901679985739,0.9436430454682012,0.8677379788745317,0.7781610953448551,0.8583226326111333,0.8556922740782225,0.7563210574561225,0.8218628000755756,0.7996019611486405,0.697136008633164,0.7992870684345534,0.7474868583141899,0.8572070634560919,0.8278715048032312,0.8982397973166503,0.7645556299623552,0.8561426703876067,0.8347956472825917,0.6284425654022168,0.6794407981610414,0.6229480576129591,0.7186174502275094,0.7168403790886742,0.912657710249389,0.7847673677475563,0.6214307726837623,0.8443392622466181,0.8506458906904838,0.6483035077236426,0.6954525885232749,0.8749097566620553,0.7818088373476623,0.725157025218589,0.8448620876380728,0.8529772612668138,0.7634464580571325,0.6823058641972807,0.6828938190026874,0.8806671196276707,0.8849807899229956,0.6615474792991715,0.7502459606334022,0.8835828044234536,0.9194142663840865,0.7157063542109521,0.844519458670206,0.8980346521487608,0.7898753303715791,0.9438133673724535,0.7611056668534764,0.7736831709853632,0.7276499232420335,0.8309900192061671,0.673568378003944,0.8972045850530456,0.6041349758606087,0.8987952273008091,0.6940829807877495,0.85407715920134,0.716743226790795,0.8240301412416839,0.709802586094238,0.8881079526085883,0.7621567947808794,0.8946028188307296,0.828063819724838,0.9744251719787641,0.8837636690466296,0.7261588613044803,0.8242974706655115,0.7412367022755675,0.7003320630917115,0.917135265993811,0.824318931601091,0.8137197653901691,0.7200810931999926,0.6849045349109756,0.8004586056128195,0.7172468397188302,0.8671704932968237,0.923851323377178,0.7215879877076232,0.8653950557498004,0.742436179693125,0.9452957155744666,0.8197487401119535,0.6720909199350288,0.8146636411554787,0.779699345122181,0.740123983703867,0.8134633569163032,0.8446635808822837,0.6176798932526892,0.8531009986227966,0.8209055691442545,0.865122916339964,0.9208663710524643,0.6486024467141693,0.7635866378073484,0.9224832171165149,0.6790033641860681,0.9042934166459823,0.8433972197022261,0.9009675465214353,0.7961163938502646,0.8820335282337454,0.6150200760766482,0.9069481690868119,0.6830328920976388,0.8262784113055516,0.8657661353224658,0.9735927644067759,0.9490035688691855,0.9242476361000858,0.9421722754775141,0.7402585887827791,0.6957410447079009,0.5907952684104427,0.8036160807943562,0.8811826802977764,0.8969956713965288
