0,1,2,3,4,5,6,7,8,9,10,11,12,13,14,15,16,17,18,19,20,21,22,23,24,25,26,27,28,29,30,31,32,33,34,35,36,37,38,39,40,41,42,43,44,45,46,47,48,49,50,51,52,53,54,55,56,57,58,59,60,61,62,63,64,65,66,67,68,69,70,71,72,73,74,75,76,77,78,79,80,81,82,83,84,85,86,87,88,89,90,91,92,93,94,95,96,97,98,99,100,101,102,103,104,105,106,107,108,109,110,111,112,113,114,115,116,117,118,119,120,121,122,123,124,125,126,127,128,129,130,131,132,133,134,135,136,137,138,139,140,141,142,143,144,145,146,147,148,149,150,151,152,153,154,155,156,157,158,159,160,161,162,163
0.0,0.9163571652626941,0.8489821025686448,0.7895513659452759,0.783463195597847,0.9015317842910976,0.8615966377135741,0.8990340705007499,0.8655234466951315,0.8949424231525644,0.911007343055833,0.8942935813283839,0.9283136642288256,0.7872573685666502,0.8529253917088475,0.8911089385007558,0.891529977225287,0.9093329397422054,0.8416683552058226,0.9318121325448313,0.8521103559182416,0.8960702627008761,0.835313489955746,0.8768855383595995,0.9531501538324842,0.7712800440901706,0.7603692682303331,0.8898161544569849,0.8234993479054208,0.8225588584794913,0.9099428361074997,0.9198508246712341,0.7867783363591607,0.8773122856564333,0.9221566933620746,0.7797629130154203,0.9221570476468351,0.8652831328335782,0.8367298895502262,0.8109372901226616,0.760168730447148,0.9013987725187869,0.855115377932399,0.8432661536433682,0.8850876879961189,0.8608346851274311,0.7848954639343337,0.8526001558776817,0.8979724616510656,0.8143981530042051,0.852420619496729,0.8373769962012259,0.7788223959491947,0.8196397908631873,0.8210684460362985,0.8571946602408844,0.8837153854444888,0.8658053709172054,0.8304284182223283,0.8279008992033667,0.8658484365504531,0.7001154788123954,0.8097131453896314,0.7179494103321801,0.7925462421713175,0.8180004170021677,0.8455181871017463,0.8535147373729882,0.7832420384624662,0.9479374392142327,0.900808783046292,0.776286731710258,0.8162401323347752,0.8846103696972266,0.894604678561309,0.8577119409522317,0.8298260230417166,0.7962166503979382,0.8400855286566908,0.7569418057203693,0.8182451731483361,0.857057995725812,0.8800125329416488,0.8309906776730761,0.8274454634398545,0.8978260869649803,0.9079580074082618,0.8331111446914532,0.8873803662463429,0.848119581365152,0.8483744555016631,0.8265241755346983,0.8281348405216806,0.8516837754240645,0.8394236041261297,0.8559996608000785,0.6774379784005272,0.8304870232261882,0.7099388214093295,0.8719720050158759,0.7835475510547523,0.84204239989164,0.6989473453685316,0.7663641214294066,0.8356178607242651,0.8529114803069103,0.7725161945552754,0.9341397385972694,0.800221258130725,0.9243884362933976,0.8700504580927699,0.820561014576603,0.8916635262894512,0.8408609961731526,0.8315270494207776,0.9083075531750663,0.9166802909535074,0.8669090415210643,0.8102737195668797,0.7924901090380883,0.8038021322973191,0.740781862985243,0.892617054696716,0.9018003279290839,0.8156672662367165,0.8643388838902641,0.7518252506537144,0.8410112803949988,0.8509975550642261,0.7401495622599537,0.8282147093836316,0.7939191697647453,0.8164330127825582,0.8647178554034823,0.8573444104643285,0.7892345391866034,0.8977523400940188,0.7918757646566583,0.7865745999331433,0.8774032122247022,0.7535645495760978,0.8759849933720456,0.8853293348973343,0.729300312024197,0.8839154816540461,0.8773324717700165,0.8546352161913513,0.8126913725833783,0.9479021804246539,0.6714159366275051,0.9128960511512143,0.845121725409172,0.8238552759541423,0.7743499217641021,0.885948519934082,0.9251653415496052,0.9018079932962136,0.8831859462560475,0.775263468192259,0.8097136771089221,0.7447484141731517,0.90155088435778,0.8980857659619,0.9481003359317685
0.9163571652626941,0.0,0.9005954144637233,0.8685807078778837,0.7700676021329637,0.8594640696002701,0.8930515599127914,0.966122235231367,0.8347320186477312,0.9252450341062252,0.8750844295309402,0.8948146406988746,0.9275035654148919,0.8263428817623276,0.9350906354798298,0.8422292786013653,0.877435445542057,0.9062343774962306,0.8006732323410627,0.8830587966791769,0.857183032172052,0.9503225803424977,0.8496419182411417,0.9395153383230656,0.8889477555904404,0.8108954521750968,0.8171057274428887,0.8693895653713493,0.8500662211196742,0.7484609205016518,0.8935019004127779,0.8168744890037265,0.8927073532692801,0.8566219269640666,0.8944413126264589,0.8496555661641505,0.8700892992335171,0.8543230035874468,0.8670012197048442,0.8976665592334591,0.8642672414153658,0.8584166787272925,0.7820854851799659,0.8119709850600739,0.9645795784249649,0.9199836667432806,0.785642250549385,0.7929646898095304,0.8638054642102496,0.8274029101528245,0.8499931977477244,0.8571695367651089,0.8170569959476729,0.8862010939747488,0.8187378880226734,0.8495766744732444,0.8521840449281841,0.8286236078674293,0.8635600134074619,0.8892003197976155,0.900518459226943,0.6845216004601269,0.7791097116448641,0.7329021509806988,0.7767508673555549,0.7978107696423465,0.9142525486666948,0.8318079129493764,0.7666339439207112,0.9090324355079549,0.9007480718735702,0.7729751059070537,0.7618313693953949,0.9243727911608842,0.8859550774722601,0.7642999020667037,0.8269092489658888,0.8075902664555132,0.8876007747956821,0.6687785114177579,0.7745197619481129,0.8916837247934482,0.8839815886263525,0.8376869396772275,0.774068874777658,0.973192306482821,0.7907830065014059,0.7711193497550022,0.8732297396726381,0.9148342296823337,0.8284340280233187,0.8482682524574667,0.8124660519148152,0.8097931776922065,0.8702996451829983,0.8642704295299856,0.7070969056106852,0.8460993265369243,0.6608035843233783,0.9522500598384954,0.7748419859114077,0.7999951014485722,0.6892536905645743,0.7934756253814791,0.808570863030711,0.8878298885307478,0.7989987805242339,0.9273874360229826,0.889094555847252,0.9235146934899845,0.8455682631785048,0.7975220888153642,0.84242664610586,0.7928695240951174,0.8645229459238355,0.9632866445484031,0.8343017290328372,0.7716964425746664,0.8095455671855318,0.7989237542858622,0.8025623649839553,0.7748687623997357,0.816581021146705,0.8970021508309245,0.7175193080935687,0.8896800488939924,0.7874399182277683,0.9020846238870637,0.8975084512528262,0.807499386362193,0.8033475320579829,0.7653395214925609,0.7647479704439012,0.8690052575464037,0.8709843687672268,0.754561660831033,0.8524291444626686,0.8650139284268131,0.8708967764833498,0.8600856375654073,0.787673155652564,0.7804962483391805,0.9431785471526543,0.7473427408544505,0.8548762478245104,0.8394702912593641,0.8908539447382795,0.8645996734506588,0.9099145798708502,0.643767096382846,0.8536582325000063,0.797806496445971,0.8461656390653683,0.8745482612085361,0.9046869758184232,0.9337773925147352,0.8977646802662251,0.9012836803428769,0.8149278646046025,0.7244419752736109,0.807796256530582,0.782082875727236,0.9198925754948543,0.9069150984151461
0.8489821025686448,0.9005954144637233,0.0,0.7951356429451722,0.8888624953102533,0.8578750658067811,0.8254435194023422,0.8613582161189002,0.7559952138891742,0.8357273480594417,0.8788576905072811,0.8438349511583243,0.8921337590823184,0.7586008941141819,0.8695148885828913,0.9065830262795379,0.913915496593992,0.852511345224103,0.7342881120503918,0.8019396509650862,0.9111435901840806,0.9664948938481477,0.7603331100233488,0.914923240536728,0.7939390400129492,0.8737923247587526,0.7367974612503927,0.7722098281956308,0.8238311366966432,0.758307339241988,0.7603333544287142,0.7851937040794876,0.8292731847473479,0.7406038617885405,0.7787839748908647,0.8170832750904818,0.8323914029576679,0.8576611723904572,0.8336613598043331,0.8634445055856708,0.8609232013341038,0.8627766166518385,0.8319529205913571,0.8244339805105252,0.8504375447898672,0.8701006276434052,0.8605509517926561,0.8361891675514531,0.7858612314706506,0.8524799897127494,0.8542721605551135,0.9070692094487948,0.7783505153513444,0.8564949269422694,0.7755087887256484,0.8003451221976621,0.8305925218723221,0.8737564428345598,0.7733667624010011,0.8210825688962725,0.817353412262488,0.7368746265089019,0.856047736453411,0.7107467179318375,0.7549891480706885,0.7693745196146183,0.8114373538145954,0.8789686544979516,0.7843402185663624,0.8387229335466071,0.9395435963286002,0.6952148664798361,0.7248231987291143,0.9150762331470402,0.8668432727358616,0.6586462003409608,0.8309486462216098,0.8633730007515683,0.844311106107178,0.7101961698483078,0.8453219861241448,0.8350021124689322,0.8904681583749223,0.8126595164965463,0.7665072945767702,0.9187848972644126,0.7256600270528523,0.6859763506219693,0.7428712199835567,0.8236874252591686,0.8876267008421928,0.7297437399543819,0.8170376175360565,0.7416265797888413,0.8409808649078089,0.8115084163473552,0.6794440733077105,0.7639508962259729,0.6368365906863431,0.8237160030475218,0.6811927852345682,0.7765507899726084,0.6362414232247311,0.7227322048734582,0.7542434935553284,0.9387985135259963,0.8130017895780456,0.8638428263710148,0.8718154401134761,0.8971831605939901,0.807579167585232,0.810665697444044,0.7916502345598334,0.7280246391977884,0.8268294571261252,0.9484697712592198,0.736499749141387,0.740336209978684,0.8414391817511742,0.7363522633123055,0.8850476479353837,0.7421916820124039,0.7891032300442953,0.8809073343045526,0.6592512184051657,0.8419408932029807,0.7943041298506055,0.8929101106241827,0.8572916744869403,0.7950126438014526,0.755038221983086,0.8813256977989097,0.6864193940962452,0.8083385121589937,0.8180717091112558,0.7883523045519677,0.8261794082968165,0.8211286867095255,0.8024927151820587,0.799669816976617,0.7032832782453668,0.806217870930615,0.8388000540616813,0.7421969247063315,0.8584533093767054,0.7820878134104925,0.9207269069047531,0.8725604177843532,0.8461665672384114,0.6887622610823915,0.7384634307923349,0.7174335243679382,0.8231112020322976,0.8852302488857753,0.8631218266406695,0.8401224490509522,0.8251521398669519,0.9097567109110688,0.7173228461614151,0.7041226617700667,0.7910928358124252,0.6939923247943152,0.8459638540504397,0.9087749138152286
0.7895513659452759,0.8685807078778837,0.7951356429451722,0.0,0.7278388715762232,0.7641674833040991,0.8798040371854622,0.820904508734742,0.6594749784268513,0.8142383718233058,0.8573032121192905,0.808492620269132,0.8058457912518528,0.8054141761713269,0.8873085340179284,0.7445430183742823,0.8264274697818282,0.8330828073918656,0.7911231087581695,0.7341939228714824,0.8060372518973938,0.8353499576839566,0.8196001769374205,0.8506848915199363,0.7873468788792198,0.8121547668668316,0.7776418192379634,0.8519586918671557,0.8659584276287817,0.6332989432599775,0.7736510372784088,0.7257084540028824,0.964877078260893,0.8121210518384151,0.8609248002803744,0.9065806072490459,0.76067909090649,0.8070843049031466,0.8284647348295677,0.8830871445589692,0.9278483070407224,0.7085880025776973,0.7407302897719861,0.8372805566401795,0.8469837511111193,0.8177681764447398,0.6615987975048383,0.7625140858223929,0.8259328995695278,0.788408995954533,0.8672826888455099,0.848572568427562,0.8162628488894765,0.9349153495043276,0.8956067332085982,0.6688251781890522,0.7989517683212976,0.7803958828904217,0.8636357764820692,0.8383543853809831,0.8603386239205534,0.6425460099547756,0.7973378603194211,0.7070748961736305,0.7371331627348883,0.7457166641163375,0.839091224799827,0.7022281863928551,0.7373652662145076,0.818599811873099,0.7752866360869262,0.7653443696266079,0.7585406512651018,0.8840096870306824,0.8138131202464187,0.6958512675499193,0.7968254972354107,0.7625126285329877,0.8644444440294837,0.6325373987451708,0.7243204755186873,0.8156413532712212,0.7262864026911294,0.8082612128060136,0.7892306811952056,0.8177085346356578,0.7025423492051978,0.7666115905077677,0.7750783748207337,0.7139329601813227,0.8312485319041228,0.7960020383383724,0.8337643531984096,0.7709849994454537,0.8968656521425721,0.7810234996707947,0.6723671077290793,0.7709590115833778,0.6522297000103389,0.902685733130987,0.7655112353693081,0.7468488846273217,0.8213260232239272,0.8065496199757368,0.8213420445244095,0.7496534163621695,0.7749138590154777,0.8009198863602848,0.8468657759361493,0.7761803030664709,0.8581018529871225,0.8254340241965474,0.802258058287015,0.735031029722551,0.9015967564573247,0.8483396536161831,0.7871478990477051,0.703212920869976,0.8754669640346859,0.779426080593555,0.7452744837794908,0.861207223008879,0.730151183678865,0.8233933440419992,0.666695678518326,0.8720744460623373,0.7556046992233932,0.7629250805030267,0.9295633000991457,0.7723483736306987,0.6325185220904566,0.6755978539212067,0.7156064290492634,0.8367733376849955,0.7866728526025347,0.6965807836149916,0.685698579023491,0.8688948352024637,0.8358511162911765,0.7782749557054909,0.8884167691299513,0.6861518510343799,0.8681168615330525,0.771147688025189,0.7934818773222506,0.7506663478771577,0.737225917463247,0.786952928517252,0.754741049981888,0.5979022077888012,0.8326948142999506,0.8568152418582397,0.8017882001989418,0.7327850298755297,0.8625692064773001,0.7747618781879712,0.8026144298248626,0.7975363435343502,0.9105255806017409,0.7498239277297504,0.8128709386761309,0.7414421669588634,0.7614595621785493,0.8365375572915059
0.783463195597847,0.7700676021329637,0.8888624953102533,0.7278388715762232,0.0,0.7881746960760804,0.8293829048356597,0.7313236504723312,0.6835914486166893,0.756501203575903,0.8447858205090885,0.8260970098088866,0.7889665806850115,0.6708354464302758,0.8164890952390057,0.9015800675393475,0.8547586328638783,0.7817529275979571,0.70938560176928,0.6945142779350809,0.851842011662361,0.8460015217229447,0.755806850251294,0.8299833909088483,0.7478223781440916,0.8564054681502021,0.6890484852415562,0.7009579562472305,0.8003375933930992,0.821990291271572,0.7256605492989858,0.7801245408562735,0.7620050907435516,0.7040093028619756,0.7132177750220738,0.7643050426597677,0.7998443967174798,0.8037132152357466,0.8179667331227278,0.7838862406617796,0.8000887567226718,0.7907155196677559,0.9043414546345934,0.8444322160854885,0.732452019088234,0.794010296179328,0.8884993329695541,0.8389755039492355,0.7850242487669231,0.8072115136620674,0.8535772867076937,0.8442545533475605,0.6998806971633955,0.7739344949272547,0.7852449080547477,0.7170164131973978,0.7835494578347825,0.9015336635903072,0.6831599672043376,0.7519893577070448,0.6816540543436167,0.7571063444390312,0.8290139734107648,0.647668428827913,0.6945962293020679,0.6752361752397279,0.6832980990852444,0.8503428855298404,0.7376647764827239,0.7659838333818667,0.8582307497086855,0.6639543088532477,0.631200525718238,0.8256538628235289,0.7493946481866096,0.6503032609544883,0.8156872060045641,0.927787517412356,0.7729732888627895,0.7590928823536931,0.7911099113891028,0.7399151604205509,0.8665868269275524,0.7044382257046008,0.7324584428895327,0.7771285782274406,0.6665506260301766,0.699965806717474,0.6925213719480501,0.7071514931882134,0.9390371016637873,0.6935235871906904,0.8680575382317594,0.6873901714604445,0.7432871038636837,0.7803409051473581,0.5818807966942282,0.683643290574935,0.6473991669487726,0.7102807852006636,0.6532337782849934,0.7597697199211516,0.655440357463013,0.7018718544901733,0.6963015782844463,0.8717855271750742,0.7421405404071555,0.7648512430160855,0.8167768326852485,0.7970623020764309,0.7916016247597485,0.8068062946871406,0.6867193101973148,0.685180757798751,0.7710247493032897,0.8453369787803477,0.693730310040728,0.789740108939404,0.7761658048731528,0.680706290234977,0.9073577122782692,0.7385783652534638,0.6977743900993574,0.8749724755556387,0.6121607111113628,0.8245482130454703,0.7081950364456348,0.8523789213389573,0.7669614153037763,0.7359960929512647,0.6861764805586313,0.8193889719640991,0.63403936680993,0.7180926234354209,0.6971635831606473,0.7590474483399188,0.8054924702696508,0.782578661866877,0.7058918760300739,0.8272513839471609,0.6546227951583551,0.7994343011726813,0.7411822939927705,0.6756034597515231,0.8371338545725479,0.7668559527081535,0.8568637032560784,0.8462245201162794,0.7670206821006299,0.6604590515270962,0.691142446769289,0.7223709499956802,0.7502544852765128,0.8051920221500112,0.8201457715786122,0.7306246476728651,0.7424780931289648,0.8715878754184254,0.6692915966638299,0.7521522423990874,0.7077940929761972,0.6722450455926903,0.7698837276596249,0.8652368589803566
0.9015317842910976,0.8594640696002701,0.8578750658067811,0.7641674833040991,0.7881746960760804,0.0,0.7892502205179779,0.8455511602355034,0.8093541108210617,0.805495114857598,0.8387625263394145,0.9083712862985233,0.8281319809429388,0.669599277546311,0.7748145227578057,0.8454585818142342,0.8500435119078676,0.7593085449615277,0.8475133162545457,0.8213060569489821,0.8996163087894512,0.8449554831059858,0.7123195384150072,0.8214080947402037,0.8825902990978616,0.7489025928263909,0.6322910456071887,0.7746524766802375,0.7456115408755133,0.78262065973365,0.843707899574116,0.8738950979587559,0.7598129209271579,0.8192920684242897,0.8110071119382709,0.7581073718682729,0.8369911222000934,0.7637160780640874,0.8043679611552439,0.7215278863045315,0.750604499897456,0.9219041643081537,0.8110425929905859,0.8726348971148417,0.7860654049235565,0.7776147862206919,0.8068784423457023,0.8450964187018425,0.7636509245306818,0.771759733056455,0.8414736815290585,0.9123435248867467,0.7412923613041356,0.8262329290820833,0.7578012489791123,0.8728180032368732,0.8296450694833835,0.9106774955766993,0.7032474369331109,0.7386748759060775,0.8198914335329693,0.7315348368584901,0.871568879908023,0.6269288739200225,0.7687969259559408,0.7911135669196883,0.7485940654911578,0.8238937953368927,0.6616755228608521,0.8478124205180452,0.8958298699591642,0.635856994194182,0.7970494149671927,0.8306091003696792,0.8608064332133606,0.7465468387344638,0.7672639273204945,0.7685216219734667,0.7807596974796631,0.7836800456487083,0.9157204740283218,0.8748080493929477,0.8491745789685731,0.7681283374156777,0.8418030431937553,0.842368607510763,0.8855212961552859,0.6928203459223248,0.7727241780587266,0.8053729361767411,0.8283933657983295,0.8385883196465245,0.7603069111271759,0.7947059142739614,0.7861926496264238,0.8436187897281446,0.7133745479558511,0.8809144357031435,0.6898732284295694,0.7961424124543165,0.6656503415705192,0.7911961862961525,0.7122492818786983,0.7673332648829975,0.7963745177836404,0.8237979761819242,0.7789010618009213,0.8630420709281378,0.7271774717640431,0.9071865386468063,0.888397853070276,0.7874381425387804,0.8974851506516915,0.7172167388596891,0.7616790322893187,0.8550958665914652,0.8800901348005836,0.7384654525587111,0.8720184365030694,0.7465370305043997,0.7484474095770449,0.7415977603694854,0.9002655994110657,0.8714874680940227,0.7624304212037577,0.814705333716161,0.7834741630092102,0.7934571164484611,0.8437589066961523,0.6395707371422682,0.7923556171203691,0.8684411698728177,0.6871649755490198,0.8756272255256085,0.815735674503322,0.7418382666928384,0.824343181646946,0.6972862020774203,0.6644980506539784,0.7886017796811465,0.7016339879075683,0.843966340884688,0.8378999243759149,0.7444842095008214,0.8300922972172479,0.8360285669733106,0.8893294761340584,0.7658895945617842,0.8785452331049313,0.6896090779755275,0.8468788146040179,0.7863482661394384,0.7570627778217048,0.7194198575108576,0.9114870607068993,0.825946209289961,0.7823720346044083,0.8926120721262553,0.687696231063436,0.7506921268979948,0.688088612703443,0.8463467448776957,0.8821563231051094,0.8938110828732266
0.8615966377135741,0.8930515599127914,0.8254435194023422,0.8798040371854622,0.8293829048356597,0.7892502205179779,0.0,0.8527443259738825,0.7262291266684586,0.9175178205890103,0.8847950609879991,0.8974792494459631,0.8810081783604626,0.7751129522537288,0.9508641377005154,0.8498542594124127,0.844981541500935,0.8856520659193995,0.7837941320661063,0.7614252359079895,0.8066183887216093,0.8577054122439948,0.9411381162153173,0.9136973452420075,0.8862993654553116,0.8542372899607265,0.8399135739813908,0.8477054484113977,0.8994403518302769,0.7874965747514394,0.874513471806653,0.8276747953978482,0.8998981652491682,0.876197137064849,0.8414441346310734,0.8140388741082608,0.8925080000887635,0.8059272037840237,0.8723246016251228,0.9057458747263261,0.8488555388013599,0.7726794607653109,0.8528831754416356,0.8529027705222338,0.8937355307946346,0.90489302226375,0.7924409055999817,0.81654482038516,0.9504690149938176,0.7728199971807588,0.8869379930539855,0.8088546454919129,0.741831058017762,0.8472096415443969,0.900105982820688,0.7595963017548927,0.8147588907330223,0.8389650400882082,0.8316259870502781,0.8547603287132504,0.7976130785419473,0.6639801514201213,0.7476697893398212,0.6585496284278798,0.7050831622737732,0.721193097555535,0.8432482451843348,0.8331335171980121,0.750974827775263,0.8752914506440296,0.8300719754687524,0.780194036438324,0.6673635546054746,0.8973197936628078,0.7696746815928699,0.8077210108509958,0.8758881316885961,0.9062955871344749,0.8678521025768137,0.7156055758366047,0.725800012805659,0.7849938175490379,0.8802687220917158,0.7631936436486987,0.7363977701531537,0.8425431999348405,0.7375990838888906,0.8423654748697469,0.8812584746874498,0.8039674488984155,0.8778568812185185,0.8197239548205021,0.8901338117493224,0.7734933149717129,0.798123801572517,0.8735016940965366,0.5900795892277447,0.7682835998654496,0.6258560427012997,0.8995535232490351,0.7995850678401191,0.8284891478558943,0.7590113355137723,0.8179914416181711,0.7388656984603418,0.8532768658069054,0.7536431689435829,0.8608528887663194,0.9125150292499761,0.85570460538566,0.8707556493591126,0.7809766217521544,0.7604992833148609,0.7646616870731009,0.8632392923356303,0.9018285644945188,0.810932724527199,0.8549483767437988,0.7814996206648264,0.7537355954319425,0.8076177307815813,0.819084722863901,0.7188195755111522,0.9464633495645022,0.6457189051156217,0.9568829467268227,0.6951153530360891,0.8984046681576734,0.8521664355660645,0.8062387592100145,0.7128267463683556,0.6845320209965188,0.7526445092908656,0.7547374577463892,0.7555367750658228,0.715232201681803,0.8447317846497185,0.9001285492805476,0.8431661047031793,0.9200517816972104,0.8114089881378206,0.7460486937921461,0.8613620995647154,0.6594059669367737,0.8688561242281413,0.8531529915792814,0.8050261047750047,0.9107405971443576,0.8424072372950838,0.5716972395771837,0.8290708512779311,0.8483189042114555,0.7787669688662172,0.8438240635601864,0.9073507982217028,0.858259861688271,0.8748556427248905,0.914788673466278,0.8483567865350587,0.8224388524364261,0.8068782240691683,0.7643493340810451,0.842745620924297,0.8786811225775203
0.8990340705007499,0.966122235231367,0.8613582161189002,0.820904508734742,0.7313236504723312,0.8455511602355034,0.8527443259738825,0.0,0.886627566754669,0.925573263427865,0.8146852589870438,0.8964144002257334,0.8856625992193884,0.7739833838717569,0.8841658840961367,0.8089263938300479,0.8353475599231508,0.8781196363397091,0.7957582532314447,0.8683455699315752,0.8136295006769836,0.899753548522937,0.8459534572074353,0.8756413287616913,0.8980745481705806,0.7495866679259553,0.8133512420133122,0.8536707738827375,0.7816728229567965,0.7757442280631953,0.9061820265867488,0.8065227475818256,0.838727360479257,0.8542907319919395,0.8571773205208761,0.8010178916497924,0.836406345279148,0.8134883764277387,0.8089728074137355,0.8320835763586764,0.8006228976002628,0.8787515136673574,0.7525224224638771,0.7498319206659004,0.9461262248203062,0.8892567804041902,0.7832516294274061,0.727627048270866,0.8292913224866192,0.7838346836590137,0.797779273050725,0.8111952154252132,0.769166776986954,0.8195261916157122,0.7562749732251567,0.8777271992844496,0.8108469806580257,0.8280972308023514,0.8100594481356963,0.8491751411955787,0.8488211188237906,0.6615440776149172,0.7377647555205084,0.7005557174349302,0.7354533085003104,0.7544664827129834,0.8568074235866089,0.7997788534424115,0.7555463395232375,0.9216343930128326,0.8483806068577848,0.7211764191792527,0.7349362484308831,0.8693286524118182,0.8695509413296387,0.7497591718581519,0.7739569673749205,0.7619749259270066,0.8514365520390245,0.624453452184656,0.7278547405897915,0.8814362717845745,0.8724960219732755,0.7915852087141806,0.7463647875719968,0.9625183686979606,0.7953950392060156,0.7613448389266643,0.8924689386365681,0.9235970542504357,0.7991272023727609,0.8683193390058999,0.7588470373485413,0.7627682566053987,0.8033911429037301,0.85129706519692,0.6839408982680202,0.8745758609799429,0.6401652754367735,0.9227002512602908,0.71348001935262,0.7871341723379753,0.6863609330783548,0.8102702440276223,0.7891362569943003,0.8656118864383866,0.7630743402028276,0.9423108328642341,0.8337692903400233,0.8795644779516216,0.8025350564977873,0.7546742872137903,0.7995735229322612,0.8057251825881654,0.8038941532036513,0.9343595017197645,0.8344043314611538,0.7530995213523826,0.7557199748639868,0.8013478967383216,0.7347783633565234,0.7756438565241734,0.7825924882579335,0.8479076328747878,0.6787313888254951,0.8364891595129119,0.7683418475457158,0.8754265470875723,0.8443934142763633,0.749604251500161,0.8645735381665652,0.7397322195273385,0.7261438016639944,0.8287836267806242,0.8138121511128298,0.6789923455931326,0.8451532335573764,0.8011040225046687,0.8316970647561651,0.8527873648296633,0.7445174425161818,0.74523365105956,0.9223191878728159,0.7233680878518906,0.7868852440946548,0.8646407161661837,0.8820366744941317,0.8201428796955977,0.927631491211916,0.6359336309013233,0.8287568489402993,0.7617259512152716,0.8154379827997787,0.8605858560362466,0.896134159146574,0.9052118474162248,0.8453523288707611,0.8770233129856572,0.7547173343034401,0.6868857893264837,0.7543481878812008,0.763441550775348,0.9413642151872131,0.8519002532847335
0.8655234466951315,0.8347320186477312,0.7559952138891742,0.6594749784268513,0.6835914486166893,0.8093541108210617,0.7262291266684586,0.886627566754669,0.0,0.8219434202998085,0.7141648830962446,0.8228740861963131,0.7702137284137516,0.6724748594749422,0.7379976565651664,0.7362262611366146,0.7281335165517009,0.7763112130402992,0.7397990451788083,0.8322355849811968,0.7200817974288377,0.7958456073964544,0.7339349017224699,0.7305700416836215,0.8553030891608782,0.6204906691829429,0.7063026802253066,0.7424948209687382,0.6575027138323122,0.8219379054069454,0.8729782852831466,0.7730021173074393,0.6719808062487095,0.7481704304567671,0.7885727663050803,0.6696867365164634,0.7677023965042343,0.7315114067521122,0.6950348909769841,0.6667078146474597,0.6428289067726404,0.918342122146784,0.6880004598037873,0.6661966540155548,0.7888443585512853,0.7337144949062009,0.758330604573494,0.6573013208909352,0.7277737210153915,0.6958037411086057,0.68019967575586,0.7035461672503117,0.6678810894161527,0.6716593271085146,0.630649460498922,0.9134230005300447,0.7215156296587764,0.7849391120326504,0.6812663745672934,0.7067722982729935,0.7114756893475092,0.6241584944708427,0.6601801060589272,0.6517663613282093,0.683015468787934,0.6613272058406615,0.7124190941856433,0.754428337270647,0.699732043697833,0.8602246717341976,0.7722018736377075,0.6347154935923001,0.7026986692086188,0.7190315601178817,0.7906046477457085,0.7124547022717042,0.6548951092139149,0.6687571277988018,0.6864306330415404,0.5951717471885567,0.674664132104596,0.8222456026666638,0.8261230725614245,0.6806871247858473,0.6817663937738981,0.8512612003817156,0.8081541694752823,0.7055942891615251,0.7993888404576851,0.8736483514524858,0.7256432635202205,0.8338640077540704,0.6586283917879192,0.6784284885220948,0.6911432714768915,0.793764796923564,0.6347401480423769,0.8343352903455242,0.6657200594983923,0.748769961892773,0.6248712290406044,0.6937164270047886,0.616910914696796,0.742708873571857,0.7239284993731265,0.7514866253758125,0.6416526746743226,0.8701491856868823,0.6713876390414283,0.7927540019700332,0.7035301095500217,0.6802203204139522,0.7319463456499756,0.7813296728241641,0.6529900360514214,0.802922551630224,0.7837263669535558,0.7224005009331007,0.6499418277477574,0.7641388217114178,0.6576645155707904,0.6699283018656527,0.7518269993099974,0.7361302952373242,0.7100847628782277,0.6980167880899847,0.6938215439374499,0.7601262334854731,0.6916775972701705,0.6285678866894143,0.9599814277611245,0.7116078799329025,0.6596315648627489,0.7768001577012266,0.7251134825873058,0.6299841280319276,0.8156010883410814,0.6582212520085672,0.6822853461923415,0.7753596382056727,0.6295373720472901,0.7408281044952638,0.8088978920273169,0.6818682544612745,0.6963317884810849,0.8444386004368818,0.8522448277110886,0.6845134425013655,0.8986371607238882,0.641128174301528,0.7591440823203917,0.6854477592682096,0.7271501510755197,0.7504662017303798,0.7871234648737723,0.818463510452678,0.7329617497044487,0.7740973484033157,0.629370992539695,0.6208951178085419,0.6187533430000576,0.7686476071631075,0.9105829617447773,0.7778051248299208
0.8949424231525644,0.9252450341062252,0.8357273480594417,0.8142383718233058,0.756501203575903,0.805495114857598,0.9175178205890103,0.925573263427865,0.8219434202998085,0.0,0.8432168063662457,0.8603146217097696,0.9225164387645312,0.808982452014359,0.8973309405385219,0.8363125535198842,0.8155170876389681,0.9121245918061979,0.7302605495326931,0.800118531230255,0.7506199390489946,0.8636000658098236,0.912817258239174,0.8673471210890183,0.933955137978486,0.7997636808170454,0.8794238092056827,0.8492281908291017,0.8710658168403093,0.803794307617579,0.8891828809649103,0.8115704678507414,0.8472945870087917,0.837083534633132,0.8541534676164405,0.7516664224486399,0.9151599329053287,0.8233910384339899,0.7674535696874248,0.8643364088047414,0.7775205105886049,0.8279240331781053,0.7774509639804933,0.7711529437609425,0.9230338734620169,0.876075548469359,0.8004961517209974,0.7681198536552348,0.8993892072748014,0.7158980394060444,0.7782710065791834,0.7622697277978462,0.6979262323469437,0.7687778929808078,0.789806955687044,0.8594947863192309,0.7575082161055042,0.8078311894204447,0.8083280196511512,0.8067664701474302,0.7963951244078499,0.630454071384173,0.6983981072291785,0.6717825559586164,0.6558827918214488,0.691953902382752,0.8593821361950282,0.8631165740157329,0.8059706382871737,0.950683444948799,0.818431133401363,0.7696642792636829,0.6817888405180229,0.8473834827928943,0.7946234232153289,0.8144172595071961,0.7901637810326222,0.8426968104582779,0.8375495489939083,0.6771176556226817,0.7231957285623288,0.765742688462337,0.9114408133297383,0.8160912274828052,0.6851998280970539,0.9072335523607129,0.7905399502235094,0.8024835094429407,0.9276850826721019,0.8868571762702316,0.8173012244009724,0.814817968389763,0.7844696896762848,0.7231245968369244,0.7616238449566735,0.913849495480386,0.5752253008295865,0.8181269067861587,0.6171500167130212,0.9000012893807887,0.7752083745270287,0.7617077596449467,0.6939593057968083,0.8395029599328772,0.7201047227711767,0.8562157543975201,0.6924837091321809,0.9535027894628186,0.8631687930729469,0.8643789836533318,0.7783069728159122,0.7093004382630287,0.7813132959806989,0.8226082337688095,0.8165089835380938,0.9211080192376675,0.818591851634079,0.8085004021589999,0.741231394989106,0.8292679826408891,0.7401659914541574,0.8006730294522743,0.7397565539371712,0.8815507732618006,0.6684498676265709,0.9071450705668829,0.6712443690139566,0.8802603346510012,0.825942463985024,0.8024763769623355,0.8392593382683617,0.6759069380561835,0.777883749697364,0.7436091956606674,0.7417390218636666,0.678795137633811,0.8893124427384599,0.8531412150151629,0.8625635922678521,0.8535646171788385,0.8041511865952466,0.7503595522570679,0.8373624183200774,0.6332798455905458,0.8354899141725717,0.884382326174916,0.8120441825365803,0.8791502478677893,0.9333635893728972,0.5909828922718888,0.793113799680653,0.8049562753613608,0.7385184693875542,0.8724057644365913,0.8892072356491968,0.905491482352878,0.87265315115239,0.9119340056235476,0.8160888616745189,0.7410827077098981,0.832633754021476,0.7880170045590941,0.9074288445909839,0.845945047013921
0.911007343055833,0.8750844295309402,0.8788576905072811,0.8573032121192905,0.8447858205090885,0.8387625263394145,0.8847950609879991,0.8146852589870438,0.7141648830962446,0.8432168063662457,0.0,0.8421237355394033,0.9298211324685414,0.8308525341697377,0.8677694479021092,0.9317563962109878,0.9496111675317271,0.9087766968257213,0.8049393356172272,0.8446874916666831,0.8778270427894712,0.9121285325880574,0.8383362987485448,0.9083501641952073,0.8536992763080391,0.8666847764047559,0.7817148806052479,0.898938360241161,0.9180801652394878,0.7559416657131033,0.789359002617695,0.8707369472542763,0.8389210044408096,0.8297474247873823,0.879909108603322,0.8326566226522643,0.896005230390092,0.9099681027734847,0.883682866746647,0.8914528404250047,0.8353712982359358,0.8014147853220134,0.8728843869852491,0.8908018628422736,0.8486781340474382,0.8567738808856594,0.7372946874775944,0.9153465042462099,0.9145827050328285,0.8487625393372942,0.9122273684666157,0.8628609641423107,0.8047307279755819,0.8858068265003588,0.92460485749614,0.7243252065481377,0.8999768799855391,0.8602555223315974,0.8620980720762284,0.8579106636044853,0.884136231006851,0.7091705672213205,0.857827112494008,0.7401432429961319,0.7733741906604493,0.8114832237451783,0.8579797531329942,0.8250663348941532,0.8139753318099513,0.8871323840879445,0.8806874819145856,0.8113730959264536,0.8039053729566057,0.9426107099247595,0.8852303047766836,0.7810352997593408,0.9200318475572682,0.8635609941169268,0.8551528881780659,0.7966431160009709,0.8210473066126105,0.7924325179450897,0.8287551256606857,0.8647997538223565,0.841528011149452,0.8427142425956555,0.807689979893033,0.8094514787650156,0.8060233795493066,0.750364733318061,0.9027152685907006,0.7247244304777495,0.9194084418191533,0.8521271935463384,0.9017318254857002,0.7998345840056527,0.6577947736918373,0.7230814199538732,0.6872462034369942,0.8547128644371093,0.8256853334063371,0.8515720392882239,0.6947547322583303,0.7124486218084102,0.8179670831459029,0.8459173152501471,0.8127749945122275,0.8605509770533378,0.8523812158319383,0.8844149198531214,0.891581539090782,0.8706483983015915,0.8643697511500554,0.8309070426908575,0.8991082324531904,0.9100171135926017,0.8254558373197395,0.862949463234919,0.8755686851033951,0.763673276375929,0.8950295757515054,0.7600757399196906,0.8373097954142366,0.9162478119077506,0.7596144309288055,0.9048240908994294,0.7541157357650377,0.8385066531443551,0.8963530515702962,0.7970642378158046,0.6939333866226252,0.8048556622011994,0.8419588159450547,0.8445736443604094,0.8490215213945101,0.8224468810626225,0.8155967009157296,0.8559759416018413,0.8279851732673825,0.8483361859493536,0.7832682896278759,0.8727303656015225,0.8459351513169655,0.7430868940264774,0.9317709675566266,0.772591464407538,0.793630905551823,0.8513535858486534,0.8318210782822328,0.6864273832329162,0.8616954675242955,0.8522898924409223,0.8565699688353628,0.7637429662764715,0.8501987618179151,0.8573341556499613,0.9238924667631736,0.8685964782950033,0.8372068338702491,0.8773635006588744,0.7873574507201385,0.8181302338813066,0.7786502867509827,0.9743213469958224
0.8942935813283839,0.8948146406988746,0.8438349511583243,0.808492620269132,0.8260970098088866,0.9083712862985233,0.8974792494459631,0.8964144002257334,0.8228740861963131,0.8603146217097696,0.8421237355394033,0.0,0.8276616401867734,0.6695065812957331,0.8624843975116603,0.8530771006597486,0.8588271323215743,0.805045827127091,0.895390164452308,0.8171548832140114,0.890875524401833,0.8559988242770836,0.8426284063674068,0.8768705534075298,0.9155972063519723,0.7588769559891122,0.7154203949746032,0.8228775368547482,0.7681086859832582,0.8540024132115023,0.9202519189038333,0.8855685374444041,0.8071479976202703,0.9102161856734712,0.8156177988164359,0.7931540017475319,0.8420209273225278,0.7589783038437892,0.8840723698277941,0.7807518064658248,0.7907506254069538,0.8986188331603017,0.8503697829464338,0.8460704347965877,0.8511414170043293,0.8602443128069727,0.8308999204043086,0.7933180624005439,0.8553238554053533,0.7981639307772572,0.8871853516143806,0.8691132439371403,0.7515816457443631,0.8432463833229623,0.8095333963564265,0.845689971769919,0.8574990050177279,0.9354809410423552,0.7432426945405195,0.8163774238358108,0.7939218304323491,0.6977352661806743,0.8015899157986024,0.6277908121470182,0.7606370893940414,0.7567625591876306,0.7632455576958854,0.8020599650493234,0.6710932970201963,0.8641048961613754,0.8572545304549135,0.6620512297798193,0.7096294481586914,0.8671230999882359,0.8284247343198449,0.7698467954573672,0.8212282382885456,0.8227281413391164,0.8219922959114163,0.7154474683421826,0.7782355999987014,0.8892634020747681,0.8887082917668635,0.7084265273456333,0.8147894596404284,0.8603405291427041,0.8034508822926651,0.764003263844889,0.8488883322610884,0.8355735285423618,0.8653359494257172,0.9001798413999409,0.8267951336905622,0.7978135236966378,0.7699944617737975,0.8536641468272478,0.6673454152249673,0.8703029180179559,0.6516248691321556,0.8490960315424974,0.6823672886774158,0.855884356380401,0.7486033765093287,0.8150542776735682,0.7775309956130979,0.8589402340533234,0.7984802061990546,0.8838648989241419,0.799922335052425,0.8962813769012672,0.9210925920378704,0.8018468749267039,0.787307312818643,0.7460825255061166,0.777659991110132,0.8920141319259092,0.878399934603139,0.8221112902196189,0.799609823499612,0.724863626190157,0.7676775749286068,0.7668623703646866,0.7961691550879006,0.9213904753539084,0.6691316495893788,0.8632358888723569,0.7649071393948188,0.8725530482995275,0.8365671508843864,0.6701225043182929,0.7961213498114089,0.7873343725611166,0.6770501662683127,0.826387873603647,0.7911595677218549,0.689649523648532,0.8581996289704503,0.7565469364878927,0.7235510289873234,0.9228927850682962,0.7007506981136418,0.783266451394258,0.9018777768974017,0.719698237287475,0.8163339015241594,0.8870704131259584,0.9049988701748088,0.8227087363542125,0.892357007593687,0.6345585372778455,0.8662662461714729,0.8016532115128142,0.8108263690466674,0.7935037915218167,0.9562076367844247,0.8401236972859578,0.8138337776938255,0.9199282765097824,0.7105757948597589,0.7723876283794472,0.6796744019741818,0.7916727103412797,0.910608381711086,0.8909832652404928
