0,1,2,3,4,5,6,7,8,9,10,11,12,13,14,15,16,17,18,19,20,21,22,23,24,25,26,27,28,29,30,31,32,33,34,35,36,37,38,39,40,41,42,43,44,45,46,47,48,49,50,51,52,53,54,55,56,57,58,59,60,61,62,63,64,65,66,67,68,69,70,71,72,73,74,75,76,77,78,79,80,81,82,83,84,85,86,87,88,89,90,91,92,93,94,95,96,97,98,99,100,101,102,103,104,105,106,107,108,109,110,111,112,113,114,115,116,117,118,119,120,121,122,123,124,125,126,127,128,129,130,131,132,133,134,135,136,137,138,139,140,141,142,143,144,145,146,147,148,149,150,151,152,153,154,155,156,157,158,159,160,161,162,163
0.0,0.29730303788902945,0.2501228863034628,0.2808486609426705,0.30224338909128134,0.2698863846689455,0.296175491153973,0.28517769945488786,0.34619884250188,0.2597658536468326,0.31552824354328113,0.2552255359664884,0.40643928031760196,0.2842063260980481,0.32196651668122045,0.30931959228904315,0.31268390745711294,0.46348704388503575,0.2728401010776946,0.42560492448174536,0.2950641135439358,0.3147558308379686,0.29794047230465676,0.3183349895035384,0.34399017182675967,0.26528416184567444,0.2729768667716428,0.2771205782754325,0.2400426355411237,0.25380741411005464,0.32168762590177097,0.3055278710423833,0.28610172142129,0.2662570912988659,0.36964747432595524,0.2616421811794984,0.39486222275495614,0.30827640381145965,0.2424736798503066,0.39284337852396006,0.26478375773351376,0.30275910215207225,0.31947668689054914,0.2983056688126923,0.3292536426293757,0.38173295470434826,0.2597108405650001,0.2888968561542181,0.3510814333050581,0.3272537578831672,0.33974655020837974,0.29541995159949824,0.28150421169287393,0.26397764571906335,0.2596977395449444,0.2726784048875899,0.39465054741383515,0.3016495835445065,0.3056508719539311,0.33204343516243884,0.2698483297782826,0.2341537744714534,0.2941251897172908,0.23618164861356594,0.29269841266784186,0.3066986099851701,0.3288753463770648,0.30849638444244243,0.25617933839545226,0.34228210266383474,0.3951558050897046,0.30356149737326255,0.2951585352825668,0.33194647070613914,0.283197659476929,0.3124542495975178,0.24936062749614452,0.2894080303791134,0.29416783561212523,0.23475566760025657,0.2548365190822176,0.35414345544374937,0.29418097813678223,0.26270524714843124,0.3085765024433692,0.3454519462050721,0.3228993877444078,0.3343818711137861,0.3252953982168326,0.26753425883359594,0.368152131400187,0.3219006589252391,0.3165847481993787,0.3126724280699038,0.3148171121903736,0.25701069038772045,0.2136126314362964,0.2653187801952417,0.2482066616512854,0.3421317793246728,0.27391660676636864,0.25745145880072795,0.2596225258103835,0.233111558009556,0.3365135306047798,0.31876051812051803,0.254268750995229,0.30413221174367117,0.3362648132829579,0.2942302348298907,0.2803556373924337,0.32730872707622966,0.30442392565133536,0.26278768485894644,0.3222272969678976,0.3409902397486637,0.3333822227362755,0.26628637479168676,0.2268510827477889,0.2512919026614793,0.3122350614763038,0.23723473871093795,0.3228979864202059,0.37145209767422077,0.2870575236046866,0.26696257860100114,0.23281897986829803,0.2643533581141001,0.23701977571605673,0.31455454967135626,0.24004535816603328,0.2592978513530927,0.26963741127606244,0.31002135664254155,0.2678563187250359,0.25656251151784226,0.30772812847409314,0.34164841084125663,0.332429595928674,0.3455201831881173,0.25404017980929017,0.27372638792701215,0.3675053583005797,0.2572024419933182,0.2986599494701897,0.33059205120390656,0.28035925720405663,0.25640676467872653,0.30542773307955456,0.17935638321658154,0.3955170057411743,0.2811243919264949,0.31212775411599863,0.2277017611156506,0.2929041027860894,0.37110123656611255,0.30034186558460224,0.28487079676468824,0.3250895582126891,0.26711613856542843,0.2323515218775236,0.36920045601259677,0.2295260028703944,0.4534336839369393
0.29730303788902945,0.0,0.29627560346796694,0.27719530300269934,0.24283027461951553,0.4082203288619234,0.2644128240166934,0.3999290591482536,0.2791758487604467,0.35283755282394896,0.29121676686912124,0.36385373890304923,0.30580849335749816,0.27011531492329127,0.2954871446215609,0.29482887017798115,0.2828521808911971,0.2686097485226916,0.3080663363984272,0.31954007971807236,0.32221222897642926,0.36748767696372764,0.25987624880069765,0.30510912532554446,0.3773869498501287,0.22685998732304458,0.24883159194532103,0.24596520545091471,0.30931878923779627,0.23778839473875787,0.3431530688699363,0.31134093895077963,0.3431054620040967,0.25390259993748515,0.2854614670846235,0.2913542423309243,0.3049622459574761,0.27863782959524214,0.281472949400071,0.30697904722058084,0.2993875486964966,0.317988024851658,0.2444785153087752,0.27023590782624834,0.37461573229488937,0.2745722318185468,0.2808911833649247,0.2715109416408026,0.27265563813479,0.2750862831065833,0.28550563560435566,0.2752359861237219,0.29033270137005807,0.3446954146986362,0.2843631788179286,0.30704448968221204,0.2899916157809188,0.3178131565605636,0.28716011455323,0.3038230524071756,0.31708427561089836,0.21191562353222507,0.26206503583104596,0.22090557484309933,0.23729511071546525,0.25485693483571625,0.2785434170105267,0.2744879379259142,0.2334295540655732,0.32226335281901164,0.27576082212596914,0.25255671436412186,0.23733321922551556,0.3033423916233457,0.31850746685998094,0.251047994762421,0.23424003248132574,0.308182714988657,0.25271886757221756,0.21010061895472826,0.25639135752304587,0.284651192663897,0.36115845697481797,0.2563700287050719,0.26509886531012106,0.3821666699005938,0.29302879152711286,0.24045636537920392,0.2712258891572682,0.29406078881767916,0.25635617632422764,0.3111428507125024,0.28868642365194336,0.26273584831906965,0.27489356327126474,0.36737666255369866,0.2528027164716171,0.30978532431958916,0.20893880381608437,0.28760689769627196,0.24597605408417564,0.2479027023752173,0.21427347639496347,0.28677504163655126,0.27073681154651236,0.2765871758992413,0.2605722305442094,0.35154547231201255,0.30344385190828527,0.38910758607584434,0.27945143542935247,0.24391717757192968,0.2747293633023645,0.24740044774988115,0.28278381364606014,0.34591971176391684,0.2999373642137804,0.22822852309308678,0.2714468762057604,0.22869987268747496,0.24630772836842352,0.23433286227656094,0.2899067432357823,0.3217414005932324,0.24177570907211043,0.3383668776698349,0.2351329744568383,0.32879062221148697,0.3214543440760348,0.2547460979125426,0.28418381237086887,0.272891638116557,0.22799265510435412,0.2880479033588011,0.293506764537825,0.2214260298049477,0.29242162613950967,0.2770700221878119,0.32720137980162045,0.27782867261983635,0.2675491922251967,0.30599760919750835,0.35528187640242476,0.2712897462664015,0.30363525760232096,0.27142559621208545,0.32102480223230945,0.27468878376393635,0.394994793356429,0.20496045434479465,0.2611573695099419,0.307326134422703,0.2520273399054584,0.29577629975159764,0.32421508787975367,0.3234744957537514,0.2749154144526403,0.3248722271091119,0.2469982208245754,0.21913687021239617,0.2404338183121598,0.31254219106214537,0.22176876425341568,0.2727278196127236
0.2501228863034628,0.29627560346796694,0.0,0.24090879682526328,0.24654594290179035,0.32363201589350155,0.21553340142305727,0.3109090217964708,0.2284471729392059,0.33980083286124346,0.26919620099148667,0.2648752785953238,0.301341652697764,0.2216796140057549,0.23352590785916363,0.332412929066456,0.3014402129567922,0.24955609298091255,0.23030134500354502,0.23787252062920594,0.3107762999458293,0.3705597055891821,0.21822274138541758,0.24137097064381163,0.28328699458001394,0.23909379667954195,0.22693120805959607,0.23203367122798457,0.24174855023678854,0.21421260824470126,0.22068982427479097,0.2772348167050871,0.23711947774217232,0.21243234700139252,0.21001963900536305,0.2406510130573652,0.25615097389133873,0.24676851507094177,0.21737954198044604,0.2674182535319055,0.2398889231653869,0.31876020990569587,0.23051104214246637,0.221783432526811,0.27234087736707374,0.24252054352233393,0.2492872632091886,0.24607490370281418,0.22771612987445097,0.2351055333982671,0.24271065207201203,0.2704508311048807,0.2028426470693054,0.25818448301994573,0.2298841741468025,0.24674315142028252,0.2289608804091114,0.31391247948339407,0.23256475939254692,0.22584106409019244,0.25674309257742284,0.20624882413330897,0.274287482239928,0.21204617687579508,0.20351622226172475,0.22764080992498847,0.23580948563110984,0.2713605601363891,0.2553882132732963,0.29572011726924496,0.2659921100990328,0.1899711800491281,0.24154284237687818,0.31593054808331317,0.3020849930392003,0.18665202940745615,0.24280835290965327,0.25724145243102425,0.21289621152255603,0.184177895611741,0.2699654640084354,0.2526560491315007,0.258379050631216,0.2504063170115122,0.2327853172806063,0.3036025435550258,0.24223484659447314,0.19651212160195572,0.23295448827225312,0.20959520603153234,0.2504668352331172,0.21995746085825227,0.23043691001770564,0.18963262126160324,0.2416741030120242,0.25427081540918967,0.2113342106165432,0.27922011933960694,0.186268796564194,0.24264136890603102,0.17691570287420402,0.24711887537025903,0.19517360259620445,0.27785470144025887,0.23048230453244908,0.29301133316079586,0.2480488146514655,0.28959360642779175,0.24808035665309763,0.29240710332489783,0.23366712238071558,0.2131585823068301,0.24482787218509136,0.23064489395385263,0.20815967828113827,0.28705400841658396,0.2273336403928511,0.243701880620708,0.28822369707436785,0.23498919534762805,0.2151803763238913,0.21921852849177856,0.22957870415285014,0.2520989605909227,0.1854953286231328,0.26730190180315,0.22707546688439065,0.2432330719028907,0.2905867792000122,0.23015111346585052,0.2534063193518614,0.3577508626945801,0.1854992481638897,0.2141885064936045,0.24320788807203908,0.19263311649730422,0.204340296683529,0.21058553579825928,0.27374401234112633,0.22498909181466148,0.20678151318916752,0.2523661495380086,0.2505470900483706,0.2588692442343023,0.23830440218736146,0.2144080185476912,0.2781539124113493,0.2517516819234451,0.34560236164277514,0.21536981849507972,0.1998214684156457,0.20597375930368145,0.22681079177722951,0.2835396997500138,0.2912796312382353,0.24929656318005214,0.2425694431988062,0.2828377588842416,0.17744762044403328,0.20285295520803703,0.2571891404378415,0.20052410741870208,0.22735504714722038,0.2442443407378558
0.2808486609426705,0.27719530300269934,0.24090879682526328,0.0,0.24259993885090186,0.27970128155071494,0.2801623534221468,0.29206873793259824,0.22474483512964,0.25726750768064915,0.29020056626712787,0.2616080834399126,0.2930322333337113,0.274490379895986,0.2781280478516451,0.276567745626364,0.33330258393701584,0.2995248170723186,0.29573389018127844,0.27763515184048565,0.3590929748269405,0.24626344213678725,0.26871829551799525,0.24888832348529547,0.30094294654758014,0.28620053099864173,0.26051761220845604,0.279863628968375,0.2452385934287137,0.2045220221460172,0.2605883757773037,0.29011445701153654,0.37141699660328753,0.2844167490654271,0.2808297819217405,0.28594088119866384,0.28872927960577804,0.290609488423305,0.26660128632858027,0.3772544747639592,0.3029007742417266,0.2859357588578761,0.2854623820911034,0.30175608972024964,0.28896158766314944,0.32536595565962234,0.21085342526524603,0.26253572991314833,0.2839601809805272,0.29933463143056077,0.4121701011819194,0.34156423064047226,0.31087932554514464,0.36883872675506957,0.2799695358690743,0.24617139293843443,0.36701398196136614,0.30924675682933345,0.3307273366644942,0.3479484284668459,0.3630589596383751,0.25711740275365624,0.33757778231291347,0.2147784885926146,0.2918518334567699,0.3423185828964873,0.34738183990692817,0.24008151185533047,0.2571138109305764,0.30446546272491715,0.2796557569381392,0.2675485450633965,0.29798283027021816,0.443633320539554,0.317117766335855,0.25498106250207164,0.3426132294330406,0.30582778208612726,0.29026741535759487,0.23428412544631652,0.28702229684716346,0.32798956293897774,0.25254220679254863,0.27206433138692904,0.37156908831657304,0.2799939429935781,0.34844858648467936,0.3165557581165572,0.2975712024326742,0.2310118264245447,0.31316199684730905,0.29668971304186575,0.2746509798490358,0.2893156961561962,0.3378075251057367,0.23355647812746927,0.2473696544886828,0.2868689819099775,0.22974003812479354,0.3276948293566673,0.25626990822281287,0.3320091912498073,0.32125682785037873,0.24041645028128897,0.30973991705024695,0.2820328614251683,0.3351771547550002,0.2661177981366493,0.3104222702353444,0.2677422182580917,0.3468764688388235,0.29414547011901376,0.3654699843051049,0.3268750753466256,0.3103534930209221,0.27445952546124486,0.35445366035505915,0.21304086323421953,0.302677870723081,0.27018693032847546,0.2672347288672265,0.324628713702657,0.30390808256039115,0.31985426531220024,0.23787126298549374,0.2611674227336129,0.29408448578934054,0.24931168791343897,0.30822050551042884,0.28890749661070914,0.21703385531423527,0.3146125224240459,0.2882361988859988,0.29735489585444863,0.2686951410925402,0.22629935985956234,0.20047126791953152,0.28820131397681376,0.2869056204304321,0.3057727048002431,0.3153946260966357,0.2815640681745623,0.3906809225767713,0.2932418391252194,0.29245938413382894,0.25909298571886863,0.2502498766481728,0.2766356512123534,0.2473103709718901,0.19543636332325465,0.32797888109419665,0.32538511354117067,0.28698528155339736,0.22098682073486908,0.32436786560959957,0.2939978273839555,0.2562309860725409,0.2903425193449503,0.3354901523885408,0.2798995346208535,0.28263134853778643,0.3050547189957667,0.297167420672439,0.2938841959062919
0.30224338909128134,0.24283027461951553,0.24654594290179035,0.24259993885090186,0.0,0.22426488935579977,0.2907334618924145,0.23244704846657024,0.2647070586704779,0.2264748630617434,0.27723934578120263,0.22070732826564932,0.2541965980882459,0.2507013374023924,0.3194871732498964,0.26988488748215383,0.26424762456911516,0.3192771318378934,0.2224828316711682,0.27488187485924304,0.2898661927767257,0.30241066328686295,0.26696237845608817,0.26558220597463883,0.2542176799509764,0.24250154013002237,0.24341247526099907,0.21395852626189393,0.2133557092939122,0.24418751657486448,0.28457164446668914,0.23210565036734118,0.2617611321673689,0.21262352079546853,0.33809610309746246,0.2564047539571383,0.27734965434201836,0.27008992274650345,0.2516901767890962,0.2802637309272377,0.25788143452200313,0.29700966307851284,0.2975816548534044,0.30732272266172755,0.24501055201975513,0.24889100669881872,0.256297521794418,0.28411863554083405,0.29040825799999576,0.2901478572208814,0.2733136759628419,0.23639921486367851,0.23311571141062645,0.23960704793356882,0.22933299671287807,0.2162931393702795,0.24480979435084702,0.3139326865927472,0.25756435768377045,0.24350261118309446,0.20381155973838574,0.20388298806065341,0.24757615935763091,0.23887972588332196,0.26129752664556893,0.20979404843550103,0.24120387115482597,0.26214855483791105,0.24431905724871245,0.2995466208819475,0.2831613035040168,0.25314297560909177,0.22250653538973694,0.26981795948655446,0.2386807654146569,0.20867232375990455,0.22963507481582204,0.3307675895438125,0.22394003431062187,0.19164307382823825,0.23252134406697494,0.29348741648766996,0.2695744007576249,0.20780011617057595,0.23954496619926272,0.2514916390535878,0.2657598730804374,0.24958420125685224,0.2210986297504893,0.2040317638498708,0.37144803076029265,0.2891465127609875,0.28803189557119185,0.19691741259855178,0.2554325730023128,0.2286112789592082,0.1871749348792431,0.22907856396928072,0.23378433190748826,0.2238515341361342,0.22726622844776156,0.22497712131083125,0.23665321140671877,0.22108386313847087,0.25131370770346406,0.25208733024360336,0.21516727978931643,0.26669619201050676,0.29676444172405175,0.23906908655476514,0.24720305066236434,0.2705486033574569,0.2276753228336372,0.25807703360285505,0.23195901004110941,0.24573434023318683,0.2356464551289219,0.24985597173538732,0.2083176070067363,0.2332077606267847,0.335006125234903,0.2191039321204136,0.23021995754371657,0.2884355730584133,0.2520669137106035,0.22581747429669033,0.20450551240188353,0.2458158738038056,0.21272175788482664,0.2724172568336709,0.22091912855356308,0.24696184794432344,0.19292730021811821,0.25122271272933094,0.24968194552123715,0.25429910795225874,0.22464037741642207,0.34364075050595616,0.29620169553951364,0.3021454037033956,0.2236917591809688,0.2610307693187962,0.2805589845939348,0.25535552785500404,0.2770135876046355,0.26037201820202344,0.291303236315174,0.2444609358806976,0.246505373137398,0.18064327182923165,0.2540829917829184,0.2397356886164433,0.2731637126273706,0.23659675449724626,0.27419623105405105,0.2821818105284867,0.21918831283391604,0.26302204870400064,0.24260449771555714,0.20377280434739056,0.21885450589861383,0.2518047573632765,0.2250272028537106,0.3380575403037667
0.2698863846689455,0.4082203288619234,0.32363201589350155,0.27970128155071494,0.22426488935579977,0.0,0.2387238333720124,0.37039182822409716,0.23370081488122194,0.3059149246479541,0.2834270052851526,0.30051225719134794,0.3650089363052053,0.23016205464579506,0.2682024612886185,0.3313663398443737,0.3073895355599657,0.2285329104544065,0.26849343270511306,0.2798685617408008,0.31557598368900364,0.3208609804424202,0.21716159540917915,0.2562996017102381,0.3262956463793207,0.23323722673771763,0.23087677696289943,0.25614409468595717,0.2575428955044293,0.21271647293368223,0.276896821649338,0.32984514478621274,0.32634825873714995,0.24443713985180707,0.2464445919491198,0.2541446881836758,0.2925992953287505,0.24793622534846285,0.24122079708172672,0.26780519505870476,0.27487418350011067,0.29761484873280725,0.23195545876659387,0.27332526536295354,0.30700440677379753,0.25872699428714707,0.24097446642697784,0.2574988849338601,0.22421940310659985,0.2550731378773907,0.26104162444128826,0.30363429102076095,0.23795809310714655,0.3077385323708119,0.2416267065832958,0.2951160494345288,0.2543140259959136,0.35994143968185577,0.23041595838070372,0.2547359456440377,0.3559060897971287,0.22030273669973657,0.2818048738792587,0.19389847083692385,0.21001288098827836,0.24026774612542928,0.2714526902818921,0.2719391678307388,0.21649588033886008,0.29743600065015957,0.2645567127739106,0.20912557049461483,0.2426487148111102,0.30912324392930424,0.35140211937858795,0.21922365354334655,0.2537794122024511,0.2832699168779493,0.2324372624463504,0.2431366437455021,0.30344106650131125,0.2524914870449806,0.2906315576851216,0.2900633742450777,0.2530298902126083,0.3147310986509308,0.30005123119625543,0.21228153655329857,0.28826953302518055,0.2516182744469492,0.25150616128941655,0.2821164004321829,0.2598842172515508,0.22584542883052414,0.2380803597417794,0.31002259859303316,0.23112535176852153,0.3163466517255768,0.18652112750344751,0.29443987403992317,0.214943512457202,0.24351272132056911,0.20699735622354637,0.24607644387006145,0.2508219784594851,0.32315891538218644,0.29134894545705864,0.3379111274835704,0.2660032402890514,0.3304911933444899,0.2648024404509012,0.21493484670277885,0.31812982109546584,0.25951342792362303,0.24895442452577773,0.33656362792554056,0.2834902885172905,0.19928646139925382,0.33822843516308293,0.23747893469985837,0.2302895082444269,0.24998583581369918,0.2737191536363046,0.2943185449022028,0.2211500186355948,0.3004564945329705,0.25322170056750354,0.2750838604021639,0.30521756466661226,0.22480182002894547,0.27442949954347323,0.3398202399025583,0.23288624999062815,0.252868174190337,0.26404522838871614,0.20637461462218,0.25223059338627435,0.2330359472340393,0.2692843851243657,0.23885339845484754,0.2581766045489015,0.28484428612799606,0.2793653364778986,0.24253235343765664,0.27560338999519446,0.2392869082057266,0.28199592266064605,0.3096843459498058,0.30968404974672586,0.21227710498425062,0.2316179046694402,0.2548719406090216,0.217488358307598,0.26006792317724947,0.34640992100885315,0.2846605626363937,0.26844365924925495,0.36446274520311295,0.2248560313129916,0.23180052266822473,0.24936459207155137,0.262525364489595,0.21685408692145217,0.2523977082419445
0.296175491153973,0.2644128240166934,0.21553340142305727,0.2801623534221468,0.2907334618924145,0.2387238333720124,0.0,0.23884741466483778,0.2343928820624164,0.2480601418227316,0.2704255834678839,0.30654764536102075,0.2743629927805139,0.2329560347953058,0.34596648655410256,0.24056007078893749,0.2401030648071349,0.28254862342776776,0.2933355452798616,0.24868028231380052,0.2697467003688985,0.2664189379750144,0.37084149943028377,0.32215982161827983,0.31552302135605154,0.243139291113344,0.26921025041697094,0.23811614105696463,0.22709523828813843,0.2685917776878604,0.3061229817698295,0.2829225147463618,0.30513365677267085,0.30600083407679285,0.25498173886026093,0.23768592862813204,0.346663312996799,0.23323140240486476,0.26131809090618596,0.3302130459553682,0.2698109008544045,0.26974965067714485,0.2940802234763918,0.2887816558123107,0.29781370443825517,0.28456718023455785,0.2734781418257786,0.2539069608932555,0.4238881076131279,0.2423943972758899,0.3269640096966737,0.23563662044415967,0.22473242034139077,0.2742658601803309,0.2929697352910439,0.24029911080610894,0.2673151993554856,0.2663953734202617,0.2927160691901467,0.2620395445575843,0.21795747551812228,0.20720660666878427,0.22436811951484192,0.2107364376519133,0.2376787523318481,0.22103327092838954,0.2755213081639595,0.30618647674900407,0.2209419555475333,0.264603887151123,0.288092280886617,0.23263391547368945,0.20560804701680205,0.2977897493361519,0.20346142546211654,0.2789932409212626,0.3221719980710509,0.3239670500011312,0.22955121488421418,0.21038089496704712,0.23522904023778696,0.2837705684871938,0.28657282992467353,0.19279390162467355,0.2310916067488936,0.25814725948475203,0.25879057440134723,0.28585830520242644,0.2769782949577251,0.22904492119914127,0.2900378673893457,0.36503695509618583,0.2852722245104852,0.2548050704283755,0.2449208228942163,0.28330492311651434,0.1946599074101411,0.27852956555988745,0.21257394039120184,0.27037103689436054,0.24939876154629392,0.27084456811600777,0.26761850969999335,0.2545003458613158,0.22970015123973322,0.2641907698039519,0.22337379391505285,0.2525600592358947,0.31986722525869427,0.2860790070919739,0.36576050122478626,0.2468532847609713,0.23521642589557348,0.22183894418445527,0.23203358922045206,0.2382127355518838,0.26792330195099673,0.2745288794871029,0.21636227978402964,0.20502105495850437,0.2395024366439798,0.22036426363882983,0.22586046596752954,0.3661809352212115,0.21225631039688397,0.2801879173509436,0.20135358810057996,0.28995068900547716,0.21567462901108042,0.2642831381766837,0.20437377967586298,0.21074847917586229,0.21216684754768,0.2242012586725278,0.22542620372283262,0.2274186085483944,0.2590321465198841,0.2918486954367692,0.2794223304046671,0.33490759014647714,0.25353781567560024,0.23486355007168438,0.30171238087386365,0.22914818086235145,0.2794159492535869,0.31967933811207844,0.26795075077361286,0.2691752785441995,0.2501595809910779,0.15911407512610828,0.28181971619471335,0.27070714585001165,0.25374186994662806,0.26461301909688967,0.3148761407715103,0.32351067978929765,0.2946822629670498,0.30470841289761313,0.28352160254872066,0.26104343472846697,0.22822509764461305,0.256555446238666,0.23303606308453062,0.2802345744010793
0.28517769945488786,0.3999290591482536,0.3109090217964708,0.29206873793259824,0.23244704846657024,0.37039182822409716,0.23884741466483778,0.0,0.3000885415148344,0.33403198200625195,0.26175145089475665,0.3050804096214675,0.35927351755815695,0.24940105443275176,0.2788637691989374,0.32890818253688225,0.3157153174721123,0.2695838513821841,0.2721995078588073,0.2996813401180398,0.33460933557836997,0.2880014008076033,0.2602471582084738,0.26483475250570604,0.3478728255294894,0.2513171217345196,0.2955411205523925,0.2723511009929261,0.2272235650681588,0.2466286181311722,0.3434433572676976,0.3209286286305336,0.3176487908368904,0.26839650198671167,0.26111668758245493,0.28400141489763275,0.3074129788603485,0.29873093011552737,0.2458636579958344,0.31291049541167165,0.2822381314571045,0.3384198660335053,0.26184173856944637,0.2544732176658719,0.39646451411057065,0.30541133795181835,0.27091225506399774,0.24066591669861637,0.2635701236095426,0.2702164766024458,0.27071205274865195,0.2745184298870588,0.2500904476577629,0.2738425711335006,0.24196791135079687,0.31632739405567706,0.2731788572374754,0.3846510761798117,0.2803790319725967,0.27907321425824516,0.3645364264242121,0.22836365344496182,0.28517926821956513,0.22514063388276673,0.22612374357679013,0.25866732802842746,0.3015877645155592,0.2702966436195016,0.2654535460602779,0.39979178892748973,0.2730405208068228,0.24153190749742304,0.26133217122539515,0.3402779441980297,0.37965947831924146,0.2362259033088554,0.2760065664992656,0.2945240634677328,0.29512740871445103,0.20847528670873214,0.2831908853550599,0.2801256092193552,0.3310376032865765,0.31296905645315776,0.3127950346105102,0.41231128744622436,0.3731860040154361,0.24987567923383067,0.33261870991082293,0.2882319077697221,0.26061038893971394,0.29492804809073697,0.25660690179532664,0.22984381976614587,0.28186048438994155,0.3007735783424108,0.25136222074596765,0.3551683022440406,0.20511118665762632,0.3258277121746355,0.2254260340686581,0.30633064635162066,0.23601373469518824,0.2772595298953318,0.2955847015627792,0.35185566155451464,0.3020966000146732,0.3998844652385263,0.3040407684946819,0.314633465105955,0.2487452554521956,0.2568779401070046,0.3143151654216214,0.3014028977543072,0.27499627484156886,0.3578438358511566,0.3285028622849941,0.2129780629871697,0.2622341002208571,0.2556745191428551,0.24183760204709176,0.3077388788451156,0.27551548285422106,0.29569135501140065,0.22704080200922383,0.27475364935167484,0.2500849237906162,0.3323059348447663,0.31013583792777877,0.26325085973428647,0.3415330926890418,0.319828253205642,0.252191083371496,0.25161513857218315,0.2655735345357705,0.20627425802770488,0.2700833804518506,0.2611691590924535,0.32446878200097623,0.29107693329744766,0.26467152473359484,0.27964029557046294,0.3237121812037933,0.27692747212079233,0.30036431665948204,0.2860422663556898,0.32134320146738093,0.30988357441216086,0.3614796218762873,0.21626477659808882,0.27129008703963803,0.287600317790172,0.24316360590539426,0.2973843460125331,0.3938867342497791,0.32430326524787434,0.2625009637927775,0.36508711064359767,0.22369015518109153,0.23200092147986956,0.2701933540361111,0.2788183497562504,0.26313194731622896,0.2556601112592412
0.34619884250188,0.2791758487604467,0.2284471729392059,0.22474483512964,0.2647070586704779,0.23370081488122194,0.2343928820624164,0.3000885415148344,0.0,0.2228956457466899,0.23040867966001397,0.23550012081484684,0.253174720469242,0.2817301968783211,0.2585451301994453,0.240013095003862,0.23871277683184397,0.3146538539580738,0.20863384454511907,0.29557464187946697,0.23892202283132236,0.318674514353623,0.2262635383973472,0.24042532258423574,0.2474249649700943,0.2317846153816779,0.2624996920732009,0.22166792346543338,0.19622106481060844,0.2831698221111993,0.3082396865258435,0.22650956382665585,0.2565108892984522,0.2022622678084309,0.2888731782931839,0.2355242192708076,0.25599611638702247,0.3124519261282308,0.22061739624302296,0.2553505079887839,0.2391880006033908,0.3295626895092925,0.23925307643445495,0.2420178162765227,0.2745170084332019,0.2548445209609999,0.25371823971416135,0.2159390113032389,0.2391096758096554,0.2689508500820682,0.23632912500884284,0.24169229341435894,0.25254858500930755,0.21962305204747287,0.20435984265174426,0.3174372620933759,0.2633103122457838,0.2638178742385682,0.23885715940325458,0.23446883883986164,0.2180322480588258,0.22333592142546152,0.24025001723171313,0.23308410687584669,0.25676565581486016,0.22855455019814824,0.2739282760107195,0.2797096447658235,0.24051388811235902,0.29451013754786914,0.3254890748317319,0.26621148927323374,0.2683057424567243,0.23813621194097379,0.26746919129868485,0.23039775423981804,0.20080381597584598,0.2271091835393524,0.26803462483102153,0.19340237970245477,0.22422550118646237,0.3407215891309599,0.3300877684294316,0.23246636641823618,0.26363765753609136,0.3462172273759155,0.2657208064395844,0.2673182885956608,0.24708701368894434,0.3581120399412681,0.30458152956382417,0.3061637654198514,0.2367123741427735,0.22384511905890014,0.3062334412494651,0.2795500685695198,0.22637460126003928,0.2546909315928525,0.2630381835212022,0.24343450456508903,0.2403146720099066,0.20184419283700447,0.23465666351846529,0.22468871782873692,0.29603390771122207,0.2677384185571657,0.19977398420195966,0.2767467542114892,0.24935323291014136,0.22884725967749844,0.19996163783267887,0.2947970826684383,0.2543501715169678,0.27956265342177217,0.2528841865866107,0.30619208857769026,0.24499500808383193,0.20594271503210065,0.18736336757098865,0.2655911009668381,0.28742765951120014,0.2482674895583673,0.255810356581418,0.264593840193412,0.31344449381224443,0.21292743608190093,0.22869562159494702,0.2530476409467227,0.20682771646590858,0.28097043390158527,0.35362639904150545,0.25133364439785827,0.2346219863320879,0.3235004607426504,0.23395393503757678,0.23436700058644253,0.27366319261196154,0.26883770960511444,0.2768051633116965,0.27724778996881294,0.23526220309621296,0.24216478834270186,0.2965204860371515,0.26514738447009445,0.25846664724628676,0.29189224993256313,0.36921139025656546,0.22358294422236155,0.26691263465859,0.1853477707752322,0.28818924726406475,0.2377328759573325,0.24508961578829747,0.2582744827615441,0.25213686885181613,0.31125782909257566,0.22999825559188036,0.26117189793133366,0.26119248160872693,0.209389208596975,0.20675037440584598,0.2932049962666019,0.2517771004117599,0.3168280986082727
0.2597658536468326,0.35283755282394896,0.33980083286124346,0.25726750768064915,0.2264748630617434,0.3059149246479541,0.2480601418227316,0.33403198200625195,0.2228956457466899,0.0,0.24299266468213432,0.274989159469405,0.30978482730800244,0.2277080135489922,0.24953557639253038,0.29082518118369693,0.27155740160592917,0.2680441526809096,0.24099066377673412,0.2402719081093535,0.25853696453527564,0.2644928656266531,0.27799813980827703,0.23776515337466486,0.38732751838648516,0.21675132771793107,0.2613329231920306,0.24025033540201238,0.31187095768840634,0.221730228219466,0.27890380661024977,0.2957990204000454,0.23240824593287732,0.2328183258550582,0.23155300959310013,0.22600783891750148,0.29254866111000843,0.2292092601409371,0.20857396830925795,0.27816177636699796,0.21044122287803854,0.2897691044059695,0.24021986457586075,0.2198939252481495,0.2891728204565635,0.25349278110778795,0.23755071621042015,0.24446724383194757,0.27266680750705924,0.20759433120520704,0.2407446487721184,0.21885951748021057,0.20802964553470743,0.25316002718673747,0.2543399370157355,0.2722419075638905,0.22715849127017324,0.2713239105718249,0.2622657671755556,0.23251981137912645,0.27812950306444056,0.19661852988267936,0.21762697963167427,0.19381762886450177,0.19845270210503724,0.22076403646132745,0.2464931067717507,0.25550366544904607,0.23813805194695187,0.3197745672238164,0.22563473189804756,0.22377029242677693,0.20532314126544987,0.29169657210066197,0.2623512205075347,0.2289214525185033,0.2349233740737036,0.2968756366784795,0.2132822541908603,0.2112760810510923,0.2537372316561475,0.22893915456387934,0.3005655641056573,0.24477255233413414,0.2351730778752116,0.2708344992697916,0.2752951821990198,0.2350969688209088,0.29774147803171197,0.215727318087373,0.23048506112848424,0.24234588897913883,0.2416732701729644,0.1960195141170787,0.23290021341544215,0.2936613348329759,0.18168647564728618,0.2755854809421726,0.18804418014775584,0.2781762905132931,0.21137165087471735,0.25975946388428633,0.21086177134278963,0.30026302990747616,0.21844294749281895,0.261270331970282,0.24799234306751713,0.37083814722629294,0.26362496511159267,0.3009799921680578,0.23108895036215837,0.20857595791314865,0.25523481866725656,0.26164104112652503,0.2217660910031818,0.28375434711345643,0.27886485605569156,0.26808443545834604,0.25530818827021007,0.22943387290861797,0.1993027412978529,0.2280055386848516,0.21935381000712378,0.2726595656281122,0.19423210040767758,0.31334108222380846,0.2133363539656632,0.25952697801220737,0.2913806113791454,0.23295178407178113,0.27992979383606664,0.24458053053239218,0.21814569367636516,0.19741413545036707,0.22208161430812207,0.18585215093307117,0.24368241587473927,0.23720240372543608,0.2984341873698301,0.2552336869339254,0.23588963361081894,0.25974856745809244,0.27331853834574305,0.21371499580083028,0.2499508218834105,0.25010708169788975,0.22223820775270559,0.3100185158208492,0.4091739588737221,0.1946695433744943,0.21618020201602628,0.27105275808561413,0.20949370185248836,0.2734769422729927,0.2984603753934237,0.2687765081599696,0.22665539904186577,0.3371416601906282,0.21804689835254965,0.23310932503129372,0.2829977069385045,0.25539156462218227,0.2329262438119491,0.2260449754609713
0.31552824354328113,0.29121676686912124,0.26919620099148667,0.29020056626712787,0.27723934578120263,0.2834270052851526,0.2704255834678839,0.26175145089475665,0.23040867966001397,0.24299266468213432,0.0,0.3162002333692012,0.3061462429105501,0.25305227671730346,0.2624346524042494,0.36336813320419975,0.34659404697432133,0.3044406260273761,0.330763321567622,0.29388755099698316,0.3304161952479229,0.3279245862906478,0.2606637182336086,0.29257702467443597,0.33569101644354327,0.254742203840767,0.26750733462988424,0.2951220272256674,0.2983599558600122,0.25774871253699966,0.2605515114149365,0.3322116427955554,0.2778802349824001,0.2443429677395465,0.2774385559936171,0.28634563646193606,0.32725735383994187,0.2920165213727814,0.32088260439434624,0.3171163824500968,0.2707262313356402,0.2775908239551939,0.2916943633843008,0.31114386127471,0.2727158882155688,0.25698938659126663,0.20167593068485168,0.35667407828384684,0.32066040952199887,0.2623598589310189,0.3367689219987421,0.2515829515618388,0.2434191226681559,0.3411770376795639,0.3427971319473786,0.20418071585654615,0.3326115006363919,0.3631316172331239,0.29758003377032194,0.2861103409874858,0.3082079617236494,0.19432258563403337,0.2895106833117712,0.22735612992753154,0.2190808861072539,0.24563694920280849,0.2705803757478298,0.24229937012970765,0.27943625943765904,0.30570146462575837,0.27051285323614027,0.2282304000545171,0.25949425774327584,0.33045540138796087,0.3149168280194038,0.25272856948363803,0.3183832840954266,0.2872769358269274,0.23984286961870735,0.22258432898260594,0.25937974616969134,0.24516899846349113,0.25864250109143355,0.2513449392047338,0.2540467974226146,0.25569945357670204,0.30026205750894963,0.25946477979639054,0.24484479264775305,0.20862391418541387,0.3442270396700822,0.22845891271050625,0.3689203155076936,0.27635051357408286,0.26098271699545456,0.25605677924425835,0.21689801415228147,0.2202087975087652,0.19920650225433056,0.23837970958850788,0.25770304330776356,0.3095411272589377,0.2282484353515206,0.22405579008730284,0.26759238690586007,0.23097490546500526,0.24973020695924703,0.2749725213882213,0.2663829089072258,0.314218295686096,0.37422324833910786,0.2503023200112754,0.26560916675140056,0.2723827187150232,0.25705904463720325,0.2596100092823354,0.28223527422082156,0.2839725570217633,0.27635206461230694,0.22410231864909774,0.2642634694086525,0.218195965040436,0.26590468605508216,0.32591532088970077,0.2256627530917785,0.3143247578157917,0.19972677624855356,0.26780438900489234,0.2736675711095564,0.2478387656463088,0.2113963300724717,0.29377533291309216,0.26143145246789184,0.2626224537695867,0.31718019422569377,0.22305688074468988,0.2471676046332341,0.2559618466190014,0.3238298906702232,0.3034161639650245,0.272026312790225,0.2974308281975279,0.26176089390127905,0.2711477065592817,0.33953663383536303,0.22417893169113004,0.23864929931203613,0.25149515457132127,0.2713034475806766,0.2141010040905636,0.33397085401143595,0.28509538926862354,0.3717397496419776,0.2272073594145191,0.28303938573356135,0.28715072541217984,0.285607134632117,0.262257777566563,0.2707602781024758,0.24405711042284783,0.2248865243378734,0.2915624304613711,0.2121868939586063,0.3617167455607692
0.2552255359664884,0.36385373890304923,0.2648752785953238,0.2616080834399126,0.22070732826564932,0.30051225719134794,0.30654764536102075,0.3050804096214675,0.23550012081484684,0.274989159469405,0.3162002333692012,0.0,0.2555221631128166,0.18770142477690582,0.2750636962538446,0.2751773470412858,0.25756119492372626,0.22828575526514835,0.3367123267557143,0.2560878838608621,0.2909914070462571,0.2815130240293575,0.2613724760326411,0.3139459829455437,0.3401721839053377,0.21720634786062598,0.2516007291197698,0.2274229138870673,0.25963507674589603,0.26970773075942356,0.297821108516115,0.2807602353474854,0.2901087879079568,0.26375543405501656,0.21992229329495042,0.24594249128583495,0.3012583618137404,0.23103736070203917,0.3206544624446412,0.2827427186442736,0.274842671350375,0.25970326804721,0.24542589344367452,0.2604337858873877,0.29477400072046733,0.2655306748300456,0.2515868823329031,0.2676520884249103,0.2719390520223554,0.22956440135932119,0.29325778888200954,0.24814822253207452,0.21421437111181957,0.3154603979600187,0.32316394199170995,0.22898364229746443,0.2795366299946212,0.32890221789255786,0.23005879335747986,0.262074994939281,0.24603293633372486,0.17946937794808257,0.2344551734656521,0.18892581465149338,0.1985378134993442,0.2149639221944021,0.22917711189551795,0.23080047939632084,0.19871094621085308,0.24727354057265286,0.2325821620166881,0.19638566862569404,0.19315402243600135,0.2706756399225597,0.24162313144658493,0.22406033338882342,0.25420019233896995,0.291402466871582,0.22628088291578427,0.19099089128300173,0.2142824789377625,0.24223806392476502,0.2966138303646908,0.19922932921406214,0.22821828789328402,0.28136735105817995,0.23889784886176407,0.22093693246390722,0.26466936977044986,0.2431558232777867,0.2459890207045736,0.2626581192415674,0.2787603767960046,0.2448494759543817,0.2113056892807604,0.3437892509738191,0.201569927113955,0.26373581319105216,0.17316864105602733,0.24072658014860598,0.21092814525378628,0.2560131246303064,0.21702892037186938,0.2961661573859218,0.21818338092303996,0.25112917938844187,0.24109849455673685,0.2607091724384197,0.2629173941526416,0.3525112676472356,0.34778141476739977,0.22161972169035163,0.21186017114201808,0.217031619248883,0.22735222958686085,0.2732669002349583,0.25681309822929566,0.2615981911536923,0.24158412495755552,0.1851836562072697,0.21219617501930424,0.20845154444014885,0.2204869834646548,0.30783411262245863,0.1815509536480699,0.36947181495802683,0.18383555167427,0.32936256658233476,0.2740981126255245,0.21601133187357277,0.21868142647520755,0.22850329973697453,0.20396267957187444,0.2229477638658854,0.2530916085427942,0.18274609288653865,0.2943420758397222,0.23655932239442287,0.2708289084206884,0.28269372006981514,0.22373600101669658,0.22481018642087258,0.2718599223820139,0.22660446707784246,0.26727018839457106,0.2631737337457697,0.3079853012349474,0.2485320211375973,0.30877415894256843,0.17966645820190957,0.2647710592376182,0.2562352193717457,0.258414565748591,0.2707390674494085,0.33025206587416134,0.2573873370380858,0.26301019340473275,0.3067950539754573,0.2214948927375891,0.2043807301851151,0.1897542516659118,0.23082394901955533,0.19409987833247955,0.25518439068448007
