0,1,2,3,4,5,6,7,8,9,10,11,12,13,14,15,16,17,18,19,20,21,22,23,24,25,26,27,28,29,30,31,32,33,34,35,36,37,38,39,40,41,42,43,44,45,46,47,48,49,50,51,52,53,54,55,56,57,58,59,60,61,62,63,64,65,66,67,68,69,70,71,72,73,74,75,76,77,78,79,80,81,82,83,84,85,86,87,88,89,90,91,92,93,94,95,96,97,98,99,100,101,102,103,104,105,106,107,108,109,110,111,112,113,114,115,116,117,118,119,120,121,122,123,124,125,126,127,128,129,130,131,132,133,134,135,136,137,138,139,140,141,142,143,144,145,146,147,148,149,150,151,152,153,154,155,156,157,158,159,160,161,162,163
0.0,0.4289071184382066,0.41481229996887253,0.3683598796689301,0.36641087759349206,0.4321169871885959,0.35997288815708905,0.43984255299140546,0.43006488305901835,0.44826855639159474,0.4263892720637246,0.3804384700977538,0.5658351956021089,0.36480610438077404,0.4126875432415503,0.45637988417398057,0.4658659109419639,0.5344050534179888,0.4096262740985968,0.5510340603821022,0.433337021716258,0.41270587792969116,0.3926477417238084,0.367800537965724,0.5177716015729724,0.34344005137479144,0.3380376844969284,0.43624848341150024,0.35535528414851036,0.35661799845531006,0.43647566313797515,0.4827984585014598,0.36396731567569596,0.3847388428891215,0.4976848100566756,0.3722699359592573,0.4943235779245372,0.44348122328797185,0.3442672010913435,0.44174154908153357,0.3629007105311634,0.42750881638526134,0.4308174019768864,0.42338337092581285,0.4251750935315795,0.48108193627817,0.36654934252218546,0.4066031234563015,0.47186019621235853,0.4684292430201854,0.4562379102498727,0.43658323929373294,0.36524572100763747,0.3774323846501014,0.3824732854701627,0.4250552886947284,0.5389518932018507,0.4188388197103957,0.4073752891969645,0.4330670840051344,0.4172284154490628,0.335754995177665,0.4388679008352965,0.33755906053948354,0.3972653386468687,0.44464867945272346,0.4101403474662526,0.41766525631515017,0.38785604373593635,0.48311806968602905,0.5154482191860861,0.39557633514305923,0.4272250510241172,0.45943679550907845,0.47449405692279123,0.42466073518263864,0.36340011158309754,0.3545981795186365,0.4070935286566722,0.3355248426161103,0.4169304031267261,0.4437198089556558,0.40840952671320446,0.42659534071083177,0.4389647253591696,0.48706765355913456,0.4343103505090027,0.42730438514088526,0.4764432732393457,0.36827921378234174,0.45675849174392735,0.3867438674298201,0.44057936441536066,0.4484701074659712,0.4425009529805406,0.38542191878621657,0.3144456133318804,0.3951139856869126,0.3191485832887247,0.4557165605748776,0.3521184824317126,0.3882881686327171,0.35219868045481256,0.3685982813947296,0.45925938167007446,0.451251403800472,0.42775869684002626,0.475177508566665,0.42412901584474516,0.41519602207112344,0.4028435874109142,0.43047106848266503,0.46358849026752574,0.379926527084241,0.4251795390253559,0.45039479565874746,0.46074853338378735,0.44035075721489747,0.39364159990377934,0.36280651261010044,0.39655617238220614,0.3538784544543696,0.4313224523301014,0.4788062096515694,0.38695549173205157,0.3915248164359637,0.3508444435998108,0.3335739770635039,0.38969223429409044,0.4182501526928194,0.3801783629949123,0.4103913235963127,0.36696372926279597,0.3936224446922736,0.40646740779497675,0.4058566906881372,0.4095145168352754,0.41493220623142424,0.3948002348236226,0.4461331198908496,0.34753475437094705,0.39641248515360383,0.4604798513266132,0.3704137774461644,0.4195907705144263,0.40830692602814445,0.39929181704884137,0.37569822024319316,0.503637845528702,0.2799815600436683,0.48290035357567923,0.3997161922003739,0.4128699015681119,0.33044787819214505,0.44685102798607257,0.46718217976499954,0.4042955749278844,0.4206318578302521,0.3691011812214511,0.42614220964341515,0.364043980379196,0.45514604530836833,0.3312178977280414,0.5034701105364002
0.4289071184382066,0.0,0.4194942789827785,0.4059529782010403,0.32549459214526316,0.492875240695291,0.38295374171297264,0.5058685208629384,0.39161702607775206,0.5262657501994668,0.38152447718240895,0.4153382303497729,0.45018553862511484,0.3928046017308641,0.43985855012303754,0.3877340271683927,0.4102040379309081,0.3881582903826472,0.39766068008413086,0.43212332877487364,0.39471842621948766,0.4666083716874142,0.37621978753086355,0.3962722754497961,0.4415818531748814,0.32912640748766525,0.33494624382418825,0.4069834195077782,0.45160783668075927,0.3135454751687952,0.46742310138276305,0.42111607430399295,0.4557201331444489,0.36008815024711244,0.4359451985231737,0.39756102680050287,0.3960422744916101,0.40448759956082425,0.3933682270023234,0.41255001557051474,0.44337961503900947,0.39894844543314134,0.32473578388972457,0.37773366697957106,0.4746048158614444,0.3927491573444109,0.3521995130193838,0.3456295146708892,0.4085499233940677,0.404107241588347,0.4005687233687337,0.39993503291091353,0.3957805926337091,0.45561047278878636,0.41774201710290837,0.45860867459809534,0.4190195449637714,0.3690090202346355,0.4019652735749485,0.4438187252840348,0.46725684355034847,0.3057131909185638,0.3525173444935934,0.313575865856852,0.35419311880395665,0.3558521507300155,0.4005723940406997,0.3653262767154385,0.32587834773450275,0.4153497276047142,0.41309905710394557,0.3982305472532944,0.3428179748863562,0.44402074763627103,0.44478746144539166,0.3581620169120104,0.354924735301257,0.4006078320432,0.3629336868816739,0.3231110637241157,0.36976258332409734,0.4103291890489412,0.45404273663825795,0.39596363789977723,0.37841402660974865,0.5380446797335913,0.363492792553814,0.34968583613050014,0.40294166666125564,0.42958717010958414,0.34882977455768843,0.3984370569694943,0.426084636569032,0.40010426824987405,0.4097882678695819,0.45587911248481006,0.3455502826830983,0.40414820939190277,0.30809940495121474,0.46158200849438846,0.3802166335899929,0.329265355402548,0.2897213573291516,0.3661044970890268,0.38044826191780223,0.3955686814890227,0.3718389422896779,0.46156359667405183,0.4041057030167227,0.43441805596636424,0.3624603094277434,0.3555629831747775,0.4120245127221009,0.34729782146912097,0.4158515964414731,0.5279619788030784,0.4070397650606006,0.338933247669233,0.37940151860443155,0.3483458200090116,0.3903658372766349,0.3580231840587499,0.387837508002695,0.4512740030754215,0.37767570363886105,0.46978628503302455,0.36545691609905684,0.3972940624004184,0.44805109277548905,0.39497177213542134,0.40508434084866984,0.3821927599708988,0.3576801709636719,0.42815297895765714,0.39524329348357723,0.3591546844858968,0.38371745358997705,0.4237520010548251,0.3797364409097345,0.3803891605345986,0.36735254457040956,0.38139348162190007,0.48241454237232634,0.3614712538355231,0.4001777500464768,0.3527410571666983,0.4468949408767096,0.3898087841378568,0.4665566174727647,0.27756741576875554,0.38348836196382596,0.39626107431114294,0.3620516824433537,0.3753393979663859,0.400343496327157,0.4263003430200738,0.3989421185699582,0.4456458648270059,0.3810768292073441,0.37016736064164474,0.3772142766703325,0.43426101915502874,0.32252034867598517,0.397164729983794
0.41481229996887253,0.4194942789827785,0.0,0.3646113989879424,0.41447107432614283,0.40601183202960256,0.3665596534460297,0.40915994215175305,0.35394083689753486,0.4599759368344656,0.4459552333004518,0.37902989363751427,0.4421238921571979,0.3339061301959033,0.40347628629059773,0.47952083377082505,0.45992886308393033,0.4186027874134163,0.34828829588818805,0.36260780435502016,0.46335930515814716,0.5670719516030264,0.3491534168507121,0.40372588341411003,0.39262756598073034,0.3716854261203817,0.31518918898201853,0.37921467992019864,0.35585355451891637,0.35106683546073525,0.349211578990305,0.3877386127006667,0.34718633613137445,0.3086080942424025,0.35112971563457274,0.3517530804305306,0.408833433881917,0.3775930804737693,0.3557436324516259,0.4087746666592502,0.36708740610497165,0.42093507764449317,0.3703957369772854,0.3743980143323875,0.3988080534078299,0.3777988295422224,0.3542182122618734,0.3962256427752461,0.3992592844667082,0.38178283225888987,0.4135218837425485,0.4098374662791391,0.30196238256808045,0.41519777574645245,0.37271354955370023,0.3355387121685464,0.38253710117499246,0.419355459384947,0.372298748475331,0.3634026356934951,0.3676272999604297,0.28438646032108533,0.4034177033303344,0.3017659110662611,0.3316659555593332,0.34059801461688183,0.3492260926992177,0.4240330176101035,0.3759125224434602,0.42352531990465786,0.4352975054408068,0.3190286699571535,0.3412748906577278,0.5192023439892833,0.4072481067972033,0.28572989156802975,0.39655166110108436,0.3916699470889917,0.32005351601694965,0.2889414203077305,0.3578514570220228,0.40102884364212676,0.4217546784455811,0.34215219778761247,0.34194947255949765,0.4442568021198992,0.3246367919810395,0.31543413004657145,0.3385598727954965,0.31680334566204954,0.4170426971411157,0.31315125154642387,0.39273311139486344,0.3095424345778327,0.3805915183966164,0.3630954280883554,0.28798236123503457,0.33910918105558663,0.2736413590901645,0.3728462112042053,0.28980009037954874,0.3519303896348111,0.2885603530619892,0.35684508121308184,0.3458465168553274,0.4236574231539997,0.36041551457970394,0.3929499312307707,0.37203927829929534,0.43091093723745233,0.37061024361579475,0.33072120360099183,0.3506038884423853,0.3208791332417926,0.33269636146164605,0.4583791928823546,0.31170018691961027,0.40183006985252573,0.3943343110240549,0.31768877720731115,0.40090785415674446,0.30680041959030036,0.3206087584502492,0.42571330768360344,0.2905938561115798,0.3976058938220809,0.32094550075053796,0.37310288990463725,0.3740425984928639,0.36449625070848274,0.34041318314995356,0.4826186702102308,0.2905741262081622,0.32501305099960875,0.3760114434063535,0.32284514244003426,0.3228785905310106,0.3561529593971324,0.3761110267440022,0.35987324084677474,0.30516550726811087,0.344672931109138,0.3847062117504603,0.3487184237558139,0.3605987510304411,0.31510986962530463,0.44346126615552567,0.3700865637954202,0.42207396865245084,0.2627619430719227,0.33201878491891396,0.29915606512593645,0.37957171641658016,0.3930849343338232,0.3934715391432724,0.3870501085077725,0.40722412309098155,0.45386006593582934,0.2890736180449372,0.34458673245771504,0.35718972033219976,0.30652053329041307,0.30286149076471364,0.4399082296373387
0.3683598796689301,0.4059529782010403,0.3646113989879424,0.0,0.3381270937035042,0.3464177652579954,0.4256011470529378,0.38998474329759586,0.32610649684609594,0.40093402923811167,0.408528477898444,0.3793651446886309,0.3696792754583152,0.35950372893372384,0.4430776967886755,0.344190515655142,0.38639758863506196,0.3909540998296627,0.3892042551818125,0.35582455849616584,0.4234238697147658,0.3905066620531483,0.391738564180439,0.3609916203965814,0.39760364769720846,0.3770435654147098,0.3485042096015378,0.37879132374840313,0.3758326682131275,0.27451423752736936,0.37666408024941467,0.34947739419334656,0.4957235705947388,0.3549982174072185,0.38842579297582036,0.4185491778008839,0.37938058897837373,0.3877388037388017,0.409306336041986,0.44734693391002384,0.4290135208580602,0.3511825574166572,0.354366752335782,0.4082216278804665,0.3959702963418611,0.387345843710231,0.2708297950859241,0.3689373031174115,0.41772107656572227,0.3876609847729351,0.46642065661243065,0.3933322878544838,0.36350403326728287,0.5107275015619774,0.43648407192302197,0.32890105529356073,0.4304674870204555,0.37130203588780364,0.4169208168141624,0.41861926069688904,0.4418403873563458,0.3026350162691175,0.37536583717697103,0.3146603500864152,0.3906155643083941,0.38276791326407944,0.4507625441096638,0.317017037479796,0.35338321515609133,0.3816221402886449,0.38422622090789893,0.36595961949836187,0.3642154917919279,0.4997880264066706,0.38462664269912333,0.3134745912221231,0.43906272009026354,0.38605732522392294,0.3602189811802287,0.27830082864406314,0.34070988230863963,0.46746890795122725,0.33747762795941005,0.3469541637322983,0.4310118465796006,0.3839370967907937,0.3914060820111385,0.39103269556312803,0.3604885746977387,0.3375334329614832,0.4026607229846278,0.37771862948206736,0.3859474348330274,0.35972757155036716,0.45425569988576014,0.3623744263274818,0.31889887220832364,0.3616726932748368,0.3192749829008077,0.40655713031972995,0.3603832721143949,0.395740361325393,0.40037727241587795,0.3625705016357376,0.38091411709447404,0.3473803511265171,0.39351984978679694,0.36482678888990305,0.3907616176795031,0.35753421927314416,0.4343368159742681,0.40262515573583235,0.4250537037664114,0.38688230586253164,0.3848089621948051,0.3648658143877824,0.3608387573387756,0.34525791044138915,0.40290602554259086,0.35626967211465876,0.3873696482504482,0.4051568934545186,0.3545371798675863,0.39083062533384855,0.33332372474318084,0.3786524540588104,0.3712798296275692,0.351939602287402,0.40721026080421263,0.4310173847663521,0.29531403383465865,0.37654297409849746,0.3631314132772327,0.4053115998269981,0.4160332182519756,0.3267666489683946,0.27311883982275437,0.42662013215909317,0.4199949978517484,0.4010116645215096,0.4312525571630865,0.34785211971707936,0.46919439308854183,0.3989041160653449,0.389936982155535,0.35141005418253074,0.37926481574926313,0.3534176603670837,0.355256426923192,0.26065586037390404,0.4315491396666282,0.3830599143665947,0.4131992228655739,0.3355119460372063,0.4112805157910657,0.3994603602865183,0.3694453413865299,0.3793506337286497,0.46045679222031255,0.36731857612767577,0.3788493441604583,0.36055543864524714,0.3696636730099382,0.4008811252338019
0.36641087759349206,0.32549459214526316,0.41447107432614283,0.3381270937035042,0.0,0.3140314220836649,0.3962418637160182,0.32543062960696595,0.3248052863753574,0.36949976770311893,0.40539205507226217,0.3394234459633164,0.34121133792558206,0.31042174652993854,0.35469717806228535,0.4060632133427048,0.38860487444835806,0.38492746172767117,0.3047546803077877,0.3125184471531222,0.39483382661286365,0.39225820438784276,0.3891876572900188,0.3355702622375127,0.3562666654208538,0.35247265674026496,0.32483612768569653,0.3151019659294831,0.3161614555741079,0.3546956891417277,0.32991289669494883,0.3259253502005319,0.30752118583601007,0.30408685542529357,0.36465511858804384,0.34777935810661753,0.3709426358080513,0.3499136942268229,0.34502817995554247,0.35397194248882874,0.3285293878841419,0.4178045010801667,0.35406960015018324,0.3784215789217731,0.31029258589111536,0.3309994323501941,0.34555280617756345,0.3880080738065736,0.39720836329421894,0.3475421728670628,0.37943821236351793,0.3385442191383005,0.29577831596954823,0.3345391409149781,0.3448307102047277,0.3144081261008728,0.3289559770756155,0.43274510666111743,0.33184916989703883,0.3209525341552911,0.28990987401236173,0.27812923292255354,0.33040654255509533,0.31460240332133843,0.31046375038352214,0.28134131400602413,0.32364157992940806,0.35688474004679543,0.33048478574701623,0.3824557815043322,0.367098912496982,0.3105014520584485,0.3130523298720846,0.3779357966070831,0.3234065941427428,0.2759362836958295,0.36432830111427766,0.4818680401449053,0.2987496699359818,0.2920630158729854,0.3274519790254862,0.3655135177456647,0.3785402797830115,0.2856712594386533,0.33262862457956116,0.3330879913573964,0.32849007640650274,0.32053772600507147,0.30671521003074853,0.29830086734754896,0.5000956535620608,0.3403542035388362,0.4008942728901095,0.272583757678551,0.36609223744583647,0.3276721187443238,0.24214983067743243,0.3100586021381625,0.3011034750628598,0.3082934153930816,0.2854835764851559,0.3277747557836637,0.32339768416070297,0.3161870449434322,0.3149951229405626,0.35599101114466974,0.3094539561454706,0.3824877715752364,0.3591582490772347,0.3547203346067374,0.360571666417045,0.365900564819334,0.31714364509028453,0.36189533688547154,0.30066771363326034,0.35404340662518635,0.29991931416849066,0.3632268722994679,0.3314477874600571,0.34314883208650315,0.4207899984163645,0.3201649634934483,0.29930109584017434,0.4027179882295794,0.29746550611925626,0.3239363558385986,0.3029882549663451,0.34012158741066184,0.31742379607712956,0.32274113203503224,0.3097691756543767,0.3571883032914758,0.28252468780604606,0.32691656860995605,0.3205807508827062,0.3138772334590157,0.29335293585555644,0.357353562945163,0.34013141767590843,0.37512464161696774,0.27555416254399306,0.3439920569215781,0.3719186411858063,0.3449526962808432,0.3716758091292637,0.3321768738023384,0.3740396854973139,0.3475181258984042,0.3414375444533109,0.2661017540487705,0.31735865289270965,0.30858785131022676,0.3727237760294041,0.3497142356821364,0.3802204222266082,0.35548433342262775,0.3060749073261256,0.4019129857785429,0.2915528551373818,0.32898947362319686,0.30825947947164556,0.30834102735214114,0.3272983186160131,0.4526558976702378
0.4321169871885959,0.492875240695291,0.40601183202960256,0.3464177652579954,0.3140314220836649,0.0,0.33525643088377083,0.4149189397542303,0.3772341053137496,0.37890056348707996,0.3867221392802259,0.43359670722580973,0.4469463168738075,0.3093002839864789,0.3914822968690923,0.4110617106051554,0.3976372031710776,0.3221261157770402,0.40054779403178026,0.41887674202940145,0.41971308687686604,0.415375821541878,0.28916634131650937,0.34335651154816305,0.4114242509165581,0.31349937470908146,0.27759074747922224,0.33801806601260787,0.3754492067441832,0.3363768560284026,0.42528471815010815,0.4763553636703812,0.40621799615859117,0.33228495639427347,0.38013435023225384,0.3472010547249636,0.4061029255460745,0.3626346195420937,0.3705243295390844,0.3356257459684668,0.3823842372254264,0.3959940024712608,0.35696356505437676,0.42387367969562895,0.3708665783087706,0.34798787384582663,0.3483952728700884,0.3747803377927903,0.3268053900596859,0.40050195111179754,0.4041319930459437,0.45115819583349814,0.33845307210723935,0.4081522160627702,0.3673985444397904,0.4305434477510782,0.4086291167250858,0.4502287633053885,0.315363041955837,0.3611271288122055,0.4283311042014226,0.3351775935720841,0.42389666307937063,0.2776437766867592,0.3418300745882386,0.3481584139740876,0.3448514845354036,0.3943479248270828,0.29084526625309753,0.3746572195899147,0.434721647068699,0.3194445364580149,0.35456188146118134,0.39794749805584334,0.43305123778785565,0.34046783894158866,0.3485707962786237,0.35021236703440256,0.3279393002981234,0.3781246669749096,0.4300508007982439,0.3963512422169601,0.4054314253686266,0.377817521461917,0.36996795606952637,0.4222785180390761,0.40072838128252947,0.33351773758084624,0.37899680882649583,0.35720210085818394,0.37066825708350676,0.39990722737909407,0.40480102879177304,0.3706784721855715,0.3492756017810548,0.42941677081008334,0.3587273091840118,0.4026596046677557,0.29725850151339545,0.3734037298117483,0.32224177773774904,0.32725326892893164,0.29892383368481934,0.3340666603429767,0.39207110423851294,0.4180761770139411,0.38123303385295,0.37031930455199974,0.34261897287171533,0.41056223661363106,0.38491658123506894,0.3332703875230037,0.4354292636607679,0.3343024478329419,0.3526589942998457,0.42817334160909354,0.3942004455887967,0.3290408538464924,0.41321755500973056,0.32466949515879523,0.36863125400441604,0.350179960076511,0.39802952917686035,0.43567497145249806,0.3855684056923432,0.4250574660388797,0.35807033697950297,0.35141196140288916,0.3786960535068865,0.32560635147672584,0.37607224467987166,0.4768712548407825,0.34012377884458544,0.4004254450143489,0.3774082284713472,0.354989705008936,0.3815920068589256,0.3356891157740334,0.3071909106717968,0.35608798957362603,0.3349515502830777,0.3915347523542676,0.3904203252802248,0.35660973621462244,0.3817812411007148,0.33689614918371474,0.4593668416806263,0.36480895413759606,0.4080228368138474,0.2718921952957454,0.37400908972090263,0.35972277475836373,0.3140815632381247,0.3178743309489701,0.4060628330090525,0.38762534998159454,0.3732002024310276,0.42884460268874824,0.32631037931579565,0.37784184146561917,0.3048694595717662,0.423053723955121,0.307583185801369,0.39563317844520035
0.35997288815708905,0.38295374171297264,0.3665596534460297,0.4256011470529378,0.3962418637160182,0.33525643088377083,0.0,0.3399767773172778,0.3148582116288013,0.41517028292094726,0.37830605902375697,0.41021239041943,0.3842463277018731,0.33334638986697435,0.49120343634516794,0.3414154231813144,0.34747723352190674,0.36628655865697685,0.34598169816499563,0.3027567553421182,0.37956425724678194,0.40699480145153266,0.47613327139251255,0.406438388325937,0.4077773706505867,0.3837337297945171,0.33792800232291353,0.3245270578681433,0.36650561461547004,0.3200589804623012,0.3821494720458302,0.3629909768858746,0.4031524715206152,0.36663477227453145,0.3458489291450243,0.3408600932213959,0.43400872896586734,0.32008828104704073,0.38998965804981484,0.44025802917564716,0.3892779307506561,0.3835060748545543,0.37259147376361706,0.4032447234875241,0.39243161890010875,0.3814243163538035,0.35036572974458235,0.3631426006968595,0.49516640116555394,0.3276612710210508,0.42923180433925284,0.340826125919819,0.29505266528730406,0.41329089162082394,0.4165314177711765,0.3579321298456145,0.34178028769019747,0.36599493182135556,0.391567059522996,0.33996707984245905,0.3197902195700703,0.29296602779279335,0.30930432100740923,0.3063926451568938,0.3296977106469292,0.30209911078961166,0.4160996243990068,0.4092580633951894,0.3241007413042582,0.35224905482195873,0.39921145453547086,0.3221450267124369,0.30332087850212147,0.4336856061648904,0.2906057507377998,0.3199454388631613,0.45929898916037226,0.45171602780131476,0.3172456437364956,0.2939263991843469,0.3444179533768057,0.3919237797940948,0.3902683826768863,0.2819174636391228,0.33495771648921957,0.3546941969110622,0.3322779020297246,0.3509382597375999,0.3482170936259878,0.3433319000776829,0.40793525640314987,0.4204609153464481,0.3848279254954885,0.3127269130807923,0.37271248920307337,0.41436432478736984,0.2612996200815006,0.3761603973180817,0.30079389117349786,0.38753774934784346,0.3356545995399768,0.3759178180765309,0.3720889383193888,0.3666476986972435,0.3025976327646013,0.37659336126539916,0.32580397344789686,0.3716724871267609,0.43051364596312325,0.40509375594079444,0.45386193891257065,0.3453651116311393,0.343608149858172,0.3173051423713209,0.32434976167807295,0.3681896238615821,0.3256768105187515,0.39012599930487446,0.36069722022850886,0.31331980005172333,0.3680257996078962,0.3325006154319067,0.3066118921748309,0.4532368251793269,0.30261101394539247,0.4136010540929033,0.31038997550938896,0.4036481075923845,0.3385437137723865,0.37466619719994104,0.2927491753535935,0.31167332294771544,0.2989394392615728,0.31473115062202517,0.33641575696091963,0.3415704085082422,0.32167734223681976,0.41879012155045986,0.3687326299454152,0.39739853868775893,0.3486755687764138,0.32855098054595205,0.4040161218605543,0.32490149709562777,0.3878364863043639,0.3988659755335371,0.3848082332227179,0.40648351754448614,0.3534854182029108,0.24008853930797813,0.35514647231368934,0.34497608752929126,0.34273030611714156,0.43198476921191475,0.44968923232353875,0.4055158212764419,0.37825716189471587,0.4468916980945976,0.3730834348925204,0.378866877457006,0.36072845649350677,0.31895201245025395,0.35538851158753243,0.3965602996847253
0.43984255299140546,0.5058685208629384,0.40915994215175305,0.38998474329759586,0.32543062960696595,0.4149189397542303,0.3399767773172778,0.0,0.4529678800457011,0.4751523134118316,0.3690849031006712,0.4325629683515875,0.4386980519047406,0.3468660814112094,0.4068842144826809,0.4185434525221852,0.42554571016877096,0.3990146005594895,0.4005012754382639,0.4488920042218567,0.4194523502520188,0.3859100461734919,0.3660049285221273,0.3466395575439142,0.4546669480543185,0.3354259024888943,0.3646258524651338,0.4169006718540757,0.33967956519186143,0.34546723672205093,0.531809689826745,0.41579571657908965,0.4027443581207835,0.37105525717519666,0.43459533555710417,0.42490437858994606,0.42696404818085165,0.46285611334441346,0.40216982975373755,0.39694961954083247,0.39992499546849525,0.3827216799533718,0.37542522231708114,0.377818874560294,0.5041163885648458,0.41684475605768706,0.3479213915994579,0.35743788643448693,0.40840773788523077,0.4145792067709564,0.4103524122621737,0.3856297311018522,0.3624387519805846,0.3932075535920088,0.39452065654589724,0.40528073948725823,0.42896116694932473,0.44441464266248804,0.4068679555173007,0.41054565645835944,0.48556501862459656,0.3088606667043576,0.3885834562361239,0.3377987234099887,0.34989665734666237,0.36387112917322584,0.39936892554109776,0.3645698892708754,0.3740586248346252,0.529587631263543,0.4175615600889493,0.3974604716152578,0.36830191809816964,0.4518361024919363,0.477336731835819,0.3546534969706317,0.3805471138610432,0.3585671678903232,0.4351957576505686,0.2916190501818452,0.35924574715122515,0.4334122055753168,0.4295676424412737,0.42076621741629416,0.43560310266689983,0.5777653753735741,0.46218818990358,0.39867016231136465,0.4696574200291102,0.40316161729973293,0.3803101800508551,0.4009416612467447,0.4044558838350568,0.36610321303324356,0.43793470878243956,0.4267737602083044,0.3625197769516133,0.4284742606770321,0.31330039129597503,0.4549738612716403,0.351698428192494,0.4089145896992074,0.34025225690408495,0.41804118142967434,0.4458414463289756,0.43707928058467904,0.4071804508841837,0.4707862444987771,0.38765120457697694,0.39367882445410113,0.35063696138100425,0.39665096570139796,0.42303608472152215,0.40307492113659077,0.3975923357326962,0.44936604845197237,0.42397983108975174,0.36510962866566105,0.3571478310364594,0.3596685850692913,0.3869173693000203,0.4493254194550497,0.3645960279959383,0.42328732958655146,0.3635056010812015,0.40260923879190064,0.3543556085574264,0.40450281627321627,0.42062627282130377,0.3921718475175458,0.4369373483270834,0.4056592417850116,0.3875147763180583,0.38697304622791795,0.4115240304951844,0.33201823848103423,0.37426624725968916,0.39357935437318814,0.40655772495884596,0.4363910646630622,0.3534981741940914,0.35165484868771585,0.48232477372549126,0.3930885051317231,0.4114008959498873,0.394335901879129,0.4751363346567199,0.37754774913108685,0.49384040219536224,0.2826596920063785,0.45392345330816963,0.40070139858235565,0.37554739584865615,0.35952675205138823,0.46127573420606943,0.4637552977667237,0.36829575899653716,0.44632026161825206,0.3419735850079939,0.3634239079030105,0.3530731303109663,0.41918013236732093,0.3561758662968725,0.39857023864261615
0.43006488305901835,0.39161702607775206,0.35394083689753486,0.32610649684609594,0.3248052863753574,0.3772341053137496,0.3148582116288013,0.4529678800457011,0.0,0.3806069651368308,0.3335767005277295,0.36442273873795406,0.36003589040894207,0.37164569806252284,0.3380713881993873,0.3768519438959107,0.3673162151488336,0.38848917037467534,0.3441686827665782,0.3999741708548103,0.3505105784489526,0.40233092193159314,0.3199644430488657,0.29294888339549585,0.3945553063377765,0.2942317323371677,0.3566971625184162,0.3711186870868632,0.3088126669721683,0.42603903578945945,0.4613265745950408,0.38711474664718803,0.3270409429572941,0.3157397119875807,0.4060502511876385,0.33219373382733286,0.35346223474408567,0.4378576601045568,0.3365961903735507,0.3279327500287394,0.3110759516235067,0.46015202795648136,0.32330603438476874,0.33902680120038703,0.37682930938278414,0.33902512013326414,0.31561011090530405,0.3020184984931829,0.3484234482326212,0.3540388705056364,0.340960893026568,0.326897693792155,0.339874178504578,0.3311531741425861,0.32395136320693496,0.46550787361876383,0.37458203658315786,0.4052319151556169,0.34262114490001283,0.3243428721502092,0.35115604571429976,0.32392203814718595,0.33707953608269575,0.32745330282989765,0.3477318719450071,0.328681450105026,0.37401118342042394,0.3466510187104688,0.34258364841616945,0.4376596509276565,0.40047313491872844,0.3530089829568234,0.40792720892967976,0.3528983295752542,0.4295513341423204,0.3400022380387861,0.31457733867602555,0.3085295877836679,0.3486263412769089,0.30129859009808085,0.3500276503799443,0.44776971684331335,0.4254877814947635,0.3437539660393758,0.4095348384381067,0.44999952766116696,0.4065914787400976,0.3903320745816323,0.38436481031512737,0.43578270445580564,0.3915890491521944,0.4249113308346366,0.34372511733900696,0.3281895668311775,0.4356613133240404,0.3931738965306076,0.3544578064176693,0.396120881390665,0.3577649959408001,0.35163792855910125,0.34134537802118964,0.33311076199057843,0.33982935126724834,0.34390239344848667,0.4138690455239679,0.3523108267601396,0.3209767394858859,0.417703780570361,0.31790309334319417,0.32085369962177174,0.30589955646443845,0.3920571871630583,0.39133490498595286,0.46268170310223944,0.32854478011526816,0.3945806158377047,0.385579352202692,0.34289208579542846,0.2996585073784561,0.3954616884099266,0.3601530622467277,0.3799998836135452,0.3527696110947322,0.3700965325183638,0.4534195008935494,0.3261676706780824,0.35912095916866577,0.32618887664618895,0.3274228882153709,0.344507447553697,0.5631311618960433,0.4123389480462399,0.35835162182387964,0.4256153452885226,0.3400446662102755,0.33131750138767474,0.34143519615983625,0.3316311135295239,0.35293880542249045,0.40267873963586925,0.3213330852887413,0.37678539048229664,0.4267625512653477,0.4225161578362926,0.36031916773795414,0.3707064937496941,0.4680010293850466,0.33240704427794354,0.4204537247152103,0.29958609301964456,0.40924637678941456,0.3680852731712051,0.3503733550358941,0.33520420556129443,0.3792619229110235,0.41165416031866003,0.3253430523081134,0.37959591198985115,0.3381466532443031,0.3560257673697678,0.3031406654364463,0.42373550986249453,0.40215421288451025,0.387628342341619
0.44826855639159474,0.5262657501994668,0.4599759368344656,0.40093402923811167,0.36949976770311893,0.37890056348707996,0.41517028292094726,0.4751523134118316,0.3806069651368308,0.0,0.3743062407510237,0.37287026190234684,0.4376098108092939,0.37759198555305773,0.42826736064753,0.39085880697877945,0.3993046722122086,0.47118787437747994,0.37816591958222917,0.388027618832801,0.3908952316756893,0.41626396859043746,0.4574172784371323,0.3622544541722814,0.5380839285136895,0.3374080591057168,0.35692555075453974,0.392358245735433,0.42786349066377966,0.3343177176605007,0.4607302603582881,0.41487866789245603,0.3604699710105904,0.35033767676567146,0.42303981800673934,0.3744536280883388,0.45589617487612943,0.39527923395840714,0.3375083074129439,0.4175079084688564,0.3537888457696263,0.4114506642382777,0.3800415379541869,0.36722953154073945,0.4367394918411709,0.3989949043490543,0.3535516396625829,0.36921921422378123,0.5085613640618484,0.35886169364317455,0.40633720542258955,0.3558117951163921,0.3363841664056925,0.4048740281669219,0.4174277107183675,0.4154444831460725,0.38775509767008887,0.35513863982772126,0.45095298656692173,0.388284543108245,0.4097755536138863,0.30056726862743677,0.3414617849502721,0.3206132101699753,0.35882038091194374,0.3517292359510073,0.3832437680801388,0.4132487789654468,0.4014435905659204,0.48753610483707926,0.40565998132249115,0.41948355498889883,0.3262234234100086,0.4625899469968687,0.38101671868300546,0.3709603325566276,0.36816575475926616,0.4136303864456369,0.35259618811571247,0.3076522168389811,0.37153368556216915,0.4154029766011454,0.4672316405441976,0.3835555877423531,0.37703333499399994,0.4684911544030948,0.3890312038494918,0.4019893206004296,0.43075732438337194,0.35899011025921473,0.38000590361894104,0.38001030859934665,0.4127737069972199,0.3352725438171006,0.42553830753477473,0.44353229268271344,0.2888433124673949,0.3953361672377323,0.3193947585461787,0.42770505497760103,0.36503975767414476,0.3732462723443779,0.3395483309757421,0.4448471362846372,0.3663235562818156,0.3902127742589002,0.3544937518441443,0.4952089577294204,0.3974729411566349,0.41911400316102954,0.36060313607191435,0.3618235865098548,0.39768806499559195,0.36884743131153686,0.37055349732217935,0.4200605942070095,0.3979803505052838,0.4402924171126053,0.36633450607759493,0.3632547493714289,0.36549049892030994,0.3659666689233825,0.3379807008714783,0.4498312342664925,0.34694842713803065,0.44491564171911674,0.3332671516548196,0.36312578941532475,0.41799305666289593,0.41889679317406303,0.4092182252131454,0.3573877129761698,0.35676613660929374,0.34081704010367564,0.37198317255627333,0.34586196313737416,0.36922103311752624,0.4182770419714909,0.4291687498950171,0.42019946149476295,0.3783472503388972,0.3756768732720172,0.45223932894354535,0.3442164934108495,0.39768103223802637,0.39531446387193736,0.3772466614523386,0.4202869534019699,0.559024257849806,0.2627795768533556,0.37504798159116093,0.41634030324706484,0.35572322505517845,0.39103168100336155,0.42514745358783373,0.4528157942138859,0.36675905573065104,0.46280944617040104,0.37422362086148325,0.3941839171613328,0.44282314546746626,0.42160624725667784,0.3645710840634575,0.3909015735718161
0.4263892720637246,0.38152447718240895,0.4459552333004518,0.408528477898444,0.40539205507226217,0.3867221392802259,0.37830605902375697,0.3690849031006712,0.3335767005277295,0.3743062407510237,0.0,0.4085070911098539,0.4423064017850496,0.33459484403244044,0.37574741166524583,0.4717657015507639,0.4705518358416258,0.40049624522359073,0.36178073969673136,0.3717208890809484,0.43694599673809353,0.46709980264640183,0.37400547647612525,0.39424866414725473,0.4094684902758368,0.3999655319598075,0.353581136072505,0.4280335716001525,0.39817181210975944,0.3449559469188369,0.3481135806289647,0.387674988007413,0.3457493260788509,0.33500624360467945,0.392373782372638,0.3728680058489972,0.45137003404700005,0.3896797421081459,0.4268958130562773,0.40547568240130805,0.36603969010573767,0.41517353168862475,0.3685243177438323,0.4421829407240386,0.363809225486363,0.3568303712962554,0.2785529887416742,0.47896141708754664,0.42950126003721917,0.35625386707174894,0.4251438135302509,0.36839163938765185,0.3012431493962015,0.43080473353759213,0.43733333306514527,0.3174360960978493,0.40662472882256906,0.46911512340728273,0.3647363408225771,0.3607412797331234,0.41112681882903473,0.2669535439187129,0.39620606306891704,0.31094826900063205,0.30258056304617637,0.33268706892119493,0.40194925728636477,0.3543550142364872,0.3713859000075083,0.4117148582961551,0.4000956579726882,0.32140022018288283,0.38032516039018127,0.4749390496579358,0.41415062798954766,0.312320992513948,0.4744301673029729,0.3965183438621311,0.3284663611368193,0.31133798713129957,0.3716295849110248,0.35114953416177686,0.367516658936603,0.36631152843613474,0.35750406927431627,0.37546316541782315,0.3944496715983631,0.32423757407983,0.32688425876597815,0.33429158587890717,0.4784571937958635,0.29889715917737314,0.43403180678056374,0.3482215228315493,0.3758791552289968,0.3665437644472494,0.2744456734708584,0.3097941616387431,0.2819334636969495,0.34802498103484275,0.34887033663523237,0.3743240989995679,0.3167634930674448,0.3051734915272904,0.3414373743874199,0.35239054076142007,0.34349606474303573,0.4070564979626317,0.35002503052920586,0.4317515699941741,0.4605985518661491,0.3600445964387803,0.38309800886269063,0.3798654289500007,0.3545985615990481,0.4152445970179822,0.33946053626503964,0.3938346427812116,0.41414570751272645,0.3386442871861538,0.4219945571553468,0.32210844537790023,0.3553625530229091,0.43360574645384786,0.3262804239883867,0.4143716778116586,0.29374618293248295,0.3663066433752384,0.377482371165092,0.344966650615134,0.309081886127232,0.4217564879658444,0.36776325668725235,0.3750047614819492,0.44084823980888016,0.34027296609240276,0.3321170259523359,0.3653210329150325,0.3778466973564349,0.37776956199865136,0.34002644385175523,0.3653398381736747,0.3482622057050876,0.34930051858550637,0.453407337666874,0.3153448902970665,0.37500512368967304,0.35637484028706956,0.3615978158236681,0.29070685874215296,0.4358805726572913,0.32679410393594055,0.46737908909631,0.3300694076166578,0.38930476059246016,0.3981819290460356,0.40582191528589606,0.4199687430529196,0.35347958214967373,0.3660534410175052,0.327468678349669,0.35930730591700455,0.3074914308204319,0.5617894977906301
0.3804384700977538,0.4153382303497729,0.37902989363751427,0.3793651446886309,0.3394234459633164,0.43359670722580973,0.41021239041943,0.4325629683515875,0.36442273873795406,0.37287026190234684,0.4085070911098539,0.0,0.35577011588141455,0.26180280482486157,0.3824447020596515,0.39763171804696107,0.3976587518316251,0.3169271538829554,0.4298233703584655,0.36901823576663395,0.4548571871945505,0.3751813348648162,0.3619429295568445,0.3884887667683648,0.4463934116271197,0.3500055298437517,0.3254083439354326,0.3398263398038812,0.3375211283397887,0.3786249633035049,0.43551481290960764,0.3866435877516047,0.36941344091701295,0.3983376421034806,0.34464826461420256,0.36592354382995584,0.40988898759799963,0.35945412099326013,0.47988259943996625,0.37163779162492416,0.39784860394434673,0.4015564355638544,0.3746351931419863,0.42283728834889667,0.37848590777079044,0.3762054127312937,0.3605904044363671,0.384995178110473,0.38370456553641646,0.3676371292321307,0.4315723678863516,0.40995136808864774,0.30007416390252606,0.41811157292190737,0.4178487745862682,0.37100515444701454,0.4204852630354682,0.49768748162518833,0.30691773321394195,0.3504704808848806,0.34532929827077724,0.2806493934927668,0.3746689827547346,0.2960639145979021,0.315346784377664,0.33246985287047065,0.3368698789200762,0.32686897183830116,0.2870648594641063,0.3544662287800809,0.37674571080783525,0.2992161251910853,0.3195826982971361,0.39782848838023704,0.37244421339896877,0.31275149912620775,0.39225351917550727,0.4000052238700719,0.34432830394513864,0.2990986858527484,0.34858153831401667,0.39476523371839,0.39750166112763313,0.3057154790159938,0.38549335669335083,0.41337761622072766,0.35484519858969876,0.3294935757080277,0.38010937491461266,0.3751158351102175,0.39608907100264845,0.3797814939417343,0.3871337722667438,0.356233300095092,0.3381544428548466,0.45041757332749327,0.2933673385283983,0.4048042903015818,0.28255242796254326,0.3526083031927383,0.3020547372983613,0.36908239999019177,0.3494242989218643,0.3922903061175809,0.334539461093408,0.39621321296564943,0.3923664492060101,0.3897224702149994,0.35515965862162796,0.44815665984028796,0.510095050432695,0.3883143677847122,0.3489042981083508,0.3626830752565749,0.33308161772707673,0.4135787444549845,0.3630511817698289,0.39161617514364544,0.3938125646901612,0.3084166501389295,0.36245351336135234,0.3521331029268341,0.34091571963939016,0.42011625871889524,0.2977411786459356,0.434873083563274,0.3097974916608714,0.40751186446228066,0.38612709385388017,0.3189169901434079,0.3377433799140826,0.37863505216999793,0.3042093983827374,0.37758505235157197,0.3804376557681238,0.30493364778345683,0.38991195822905406,0.3576294893579819,0.3318133066519686,0.41412577026232505,0.2916351530221043,0.32969040751762724,0.3957882238422536,0.3521058788306385,0.4133008150096622,0.4135636311473689,0.5265228385821404,0.3568285259601499,0.4135345823976476,0.2828848712728036,0.41662086923218766,0.34785421632590713,0.37208325632540123,0.3597289237478178,0.5052013974486314,0.3586011594405689,0.34910395129814226,0.4610076974145985,0.3025347319838873,0.35222559184840346,0.2822708288353547,0.33880705641494496,0.32190299444855913,0.41866536191306786
