0,1,2,3,4,5,6,7,8,9,10,11,12,13,14,15,16,17,18,19,20,21,22,23,24,25,26,27,28,29,30,31,32,33,34,35,36,37,38,39,40,41,42,43,44,45,46,47,48,49,50,51,52,53,54,55,56,57,58,59,60,61,62,63,64,65,66,67,68,69,70,71,72,73,74,75,76,77,78,79,80,81,82,83,84,85,86,87,88,89,90,91,92,93,94,95,96,97,98,99,100,101,102,103,104,105,106,107,108,109,110,111,112,113,114,115,116,117,118,119,120,121,122,123,124,125,126,127,128,129,130,131,132,133,134,135,136,137,138,139,140,141,142,143,144,145,146,147,148,149,150,151,152,153,154,155,156,157,158,159,160,161,162,163
0.0,0.31606447920799385,0.37537042760172595,0.26812643424900323,0.33644723853611846,0.3557534909173576,0.24639310704592002,0.32758105153992445,0.2724468976627918,0.37282106862288567,0.2970357644568361,0.2738421420426169,0.5632964910043876,0.25763044599316653,0.30614249739242455,0.42510052867624687,0.36766865986699887,0.4504559001628412,0.30798869832443304,0.4592505181618099,0.31106516989378163,0.3275989193003906,0.2844243025696596,0.26449119861863024,0.3948804527022207,0.2117413787515618,0.26526355884516156,0.28189410251683794,0.29402797259013314,0.24171371381818424,0.29548216411674344,0.3660880626938907,0.2628338887699863,0.22324916534473963,0.37811149450063253,0.23846620428560375,0.3698333680317111,0.30640182231378493,0.22016861421643705,0.35231743881321276,0.24414599684426594,0.2724745928749671,0.3003155261024643,0.25747649283376667,0.3006034060967549,0.3380884066484521,0.25836006497267683,0.28197788461090784,0.31712209081647375,0.3370856151221569,0.30351083146458907,0.3027561259347936,0.23937855609968814,0.2569154107377821,0.23634975469284217,0.22735006513415676,0.38343569819882195,0.3771319112269519,0.29633625386878376,0.34207006265857787,0.2877630112923095,0.20657250206314692,0.2902819531548873,0.2309149769124271,0.23952652960728982,0.2516240982082876,0.24995296881316903,0.27810209153038723,0.2576265481656376,0.40592459125865604,0.3086924822405679,0.2700502540233632,0.2611840501170884,0.3546046769317161,0.33088110795743675,0.2504300294563527,0.23436603656120858,0.2935925383974673,0.2296790477480745,0.2175225104040039,0.23404352878105755,0.2921890114022839,0.27673895217673344,0.2726717574318119,0.2671707607544924,0.3348513635753059,0.29254530371436077,0.3060120740730097,0.37721075211281446,0.18735332122920723,0.33949059228473205,0.26596647270465196,0.327960395208286,0.253154089855889,0.2637428848768274,0.24472602057902915,0.1897509965459073,0.2538142835638399,0.2010910864860593,0.336321790655358,0.21328208875061688,0.24612936099208416,0.21443624219996898,0.2805401473896039,0.30931188490202594,0.3381663710266911,0.2790928900614955,0.34113812863737325,0.3088777649768827,0.2917839841815723,0.25472227843322726,0.2519816217893731,0.27730598822949126,0.27161660898922896,0.257169803072484,0.3703631067853979,0.3231697993943518,0.3388463609276758,0.2543362369500175,0.24964916301458603,0.28386861124874646,0.22171202356859482,0.2603684777237959,0.3299061879118149,0.23640323804048577,0.2894979484685429,0.22936892652989668,0.23594685968697823,0.2485922596260373,0.27221958817644776,0.23827829964784839,0.31087177183521625,0.24749836525783836,0.24469312131114268,0.2546523686892816,0.21566211470822047,0.2702360863995772,0.2875844355195034,0.31358598800257353,0.3093591567112442,0.22708331125529027,0.2775175050323005,0.3398414595820965,0.2317685709795812,0.24589319272766944,0.2645637942630025,0.252747327103595,0.26341480344132656,0.3832119564948711,0.17512164594509663,0.29847946985926704,0.2666179464844423,0.30743120756392367,0.22624752623244654,0.3042278758860192,0.294559116616643,0.31060854318806536,0.2915569502402808,0.25257165970006634,0.2446777625505009,0.21368982108708895,0.30904268085851977,0.19911190564288989,0.3800053806257157
0.31606447920799385,0.0,0.30660959867737225,0.28693580934065177,0.27086234859211844,0.48768733402032244,0.27395864623967314,0.4746143532662009,0.29467274545236544,0.4903729795058502,0.22146872763712278,0.30895639423729127,0.34908056536341053,0.2579717519079176,0.33865134342304637,0.2723169131490171,0.2542534831730611,0.2586428010401164,0.26862796718987086,0.31644540703156365,0.2899357699399729,0.32249165401448066,0.24839303638562155,0.29291851293240245,0.3390535145967157,0.21060627988299918,0.23562807515403994,0.21354669613698793,0.3237670251675027,0.21761016170685574,0.3619137708826176,0.2983847532856518,0.34281270907845446,0.20444365568592937,0.3095968535748082,0.24822993972215138,0.3179195797252849,0.2545712788584823,0.23979997922517846,0.3067314740209109,0.2811541797135247,0.2798155617403276,0.23207611039110573,0.2550247193679688,0.3325462133202867,0.26715186573089195,0.29770751003510204,0.24470176830191329,0.26430437087816033,0.2804115604518707,0.27664753614472826,0.2856320083435194,0.2599927805345626,0.29540691531996355,0.24013141616262695,0.3414216418791273,0.28856542219409376,0.2788953072363848,0.2830971625903112,0.31536957073691235,0.32801022494952203,0.21500488227559666,0.2268870975208792,0.19462369866201684,0.23675518281118457,0.21570650427769572,0.2799700652845727,0.31656796912056623,0.1930442287226919,0.3081157159554115,0.30579686079133495,0.28849449050567677,0.2126883653161731,0.3190063332811756,0.2639901959665756,0.2279486413033366,0.23208106763026684,0.3344687497973351,0.21918195298870574,0.24112565725013563,0.24025411700319552,0.31253540491107523,0.4149866737889306,0.24830914729962927,0.254462069122834,0.4087783735118396,0.29071515931568187,0.2685589014789541,0.30425487533551093,0.2709012966981206,0.24873582534528454,0.31879126051774387,0.28201311101129944,0.23269186280904536,0.26906407242604397,0.36460446455443535,0.21548384197712456,0.2815612994995466,0.21370980518525753,0.3172144468600638,0.23790709123377574,0.21376862505804992,0.1926833369733624,0.2833290048498929,0.263806780769779,0.31584830503021566,0.24013189207488866,0.3168604575421899,0.2887450382508426,0.33767827547838697,0.22145967166363767,0.23361396243388294,0.30145750056363085,0.24440928217600494,0.2595025242658902,0.42210039111277603,0.27626104970640486,0.22894771000169897,0.23562550735024218,0.23855350407849146,0.294547456426333,0.2588868300354964,0.266263346551453,0.33130220556177964,0.2815538913483242,0.31412145188150853,0.2622992548776612,0.316834491070409,0.26452196233403685,0.2645622756041945,0.27125724010135194,0.273854919804088,0.26198419443928445,0.2753486036602797,0.2521087406986132,0.22299129692373126,0.2857967337824739,0.2985420819336345,0.27595987276750134,0.2785338163042253,0.24891945782209818,0.2625183268150823,0.3933945126753136,0.2275001950635945,0.2569056623634221,0.2656005607001455,0.37719079095860303,0.2801166433563684,0.36744193859129903,0.1589351986877319,0.2507604798870849,0.26880949217931555,0.21873601426798092,0.29039373106436545,0.2851382558547235,0.33241944707214893,0.2974550843466908,0.3840524133915094,0.27773895373248403,0.23505572474604358,0.2216786342781724,0.35098662794585306,0.22275280386670876,0.2772908330593818
0.37537042760172595,0.30660959867737225,0.0,0.259225415307918,0.3643125320426976,0.3315547681136021,0.23594332355015352,0.3360213837418645,0.29878853313233494,0.35112048973247917,0.27787416930351344,0.23022818415759497,0.3688911866545036,0.2795303538096623,0.27514558001239,0.34239617169292674,0.3033501548014603,0.338028340229088,0.23819355823926672,0.2949799537197022,0.30219559611272573,0.46630935048092653,0.2506124044045283,0.2426272771310312,0.30587540978169003,0.22561488494852447,0.2520371333267237,0.24425539078837996,0.2520404093237576,0.22201429124366787,0.2523124810931059,0.2691309860975715,0.25161577200628266,0.18538102640388093,0.29603834023461384,0.24988545256261638,0.31026673271166644,0.3135386966874322,0.19838806605503653,0.28590407344469493,0.25120117104512896,0.32705046408638544,0.23389912703385998,0.23400307063614623,0.28211764543523676,0.24437918212576104,0.2516159788416591,0.2414853270689884,0.2573595732268787,0.2791024627937245,0.25324092153890715,0.2830692742642846,0.20419854665639467,0.2522088768992493,0.20983712304471094,0.25132471545709084,0.2537307828261256,0.34179486815228743,0.25761855896769653,0.25667345623812043,0.251502538191594,0.20342434298408218,0.2653093020670846,0.24046506667039125,0.22069644990841206,0.20996990831490858,0.24467653192962036,0.3102473537122,0.27557728240608836,0.4205735414561311,0.31524646322570693,0.22983801345483068,0.28000829104211206,0.34236915661090445,0.2980077093528499,0.18863380619013492,0.22009403612863,0.26221063228073266,0.20255147057753792,0.18177490494266843,0.23898620798540132,0.32946963084703074,0.2568823069964603,0.2603543227871865,0.23843001274877415,0.38478521653267284,0.2644671903303278,0.2317941962847732,0.2501185579130243,0.2009252256954616,0.33706440605555615,0.2513307494806624,0.24988177161246297,0.19048946477487888,0.27586820934012135,0.2595015930771893,0.19568216857807982,0.2732939504802451,0.21503846132567236,0.26180906304870055,0.18565595072099972,0.22238163725654508,0.20451328258685098,0.3052713667587709,0.2694710324965058,0.30191779311120404,0.22319699563532466,0.32870898832534096,0.24655132734606441,0.26682219939520896,0.21726300483779554,0.2362957698876577,0.27467120207214907,0.2595245719117871,0.21259618807278854,0.35830612249113,0.2180826376441369,0.262924503975793,0.2642726174119861,0.2969034020023407,0.27774356393781086,0.2419853665348578,0.24112566964002163,0.25803658493128545,0.23284192034385698,0.24128494958479485,0.2528997905562356,0.2292744110797143,0.24207159180953278,0.267509143512513,0.26902367279298434,0.3861852319310964,0.2156485539389777,0.2531477579912165,0.2548744886752311,0.202675382072142,0.19869191271685419,0.25501305295518745,0.2870768348892051,0.25646867154549613,0.2144974733809871,0.26033163018697236,0.2986154762184609,0.26395274811538694,0.23404406612465425,0.2443249396182687,0.3137403454430599,0.22593893662912892,0.3489673329419957,0.18879674225813262,0.22855321215859353,0.20038246902921306,0.26771605234792833,0.2650927171892407,0.28110096362709946,0.2966104236754848,0.30847572500398124,0.28874836859242126,0.21446766715568885,0.20901898750520226,0.23493059729166216,0.2485706737251029,0.22679677697046763,0.34682719605321327
0.26812643424900323,0.28693580934065177,0.259225415307918,0.0,0.2912549343265427,0.27760546070103376,0.2847144035089282,0.2679449117869955,0.20224242850697738,0.30875628897691904,0.3308596095378913,0.2637757648952761,0.28574424083301314,0.2776994548238208,0.297006120200357,0.2861096418565845,0.2895025296274442,0.265529454149195,0.2868689194105562,0.2696088940495433,0.38897877356630123,0.2665685384157822,0.24038604044046893,0.25719369665442676,0.31328903322860335,0.30210454244513757,0.21975490831154568,0.22189078072533122,0.37055828630778226,0.17189852106598516,0.2685216839241587,0.2909482351226999,0.33204236693189415,0.21564309648963287,0.31556766006625253,0.3466942205161619,0.33083881210475313,0.28776885620780446,0.33767263153985183,0.382153882656439,0.3149436538110653,0.22433172517156325,0.3079871200788571,0.36982214714586353,0.26796197208892036,0.26648067522894014,0.18848117475470866,0.41131077473658645,0.3176604540526111,0.31138001268594084,0.42614102211259325,0.30924037297103596,0.2627682637321372,0.47589391457675284,0.3698492100566361,0.21973994420984225,0.37122358699556196,0.2869121063014942,0.3773101885916768,0.3442608712163561,0.43015550313164075,0.24131567875054818,0.27302912975084576,0.23427649328238545,0.2962819312215133,0.27768499962617954,0.36800369926205584,0.23951136894998684,0.22777440284021072,0.2730151052285171,0.3048597225094867,0.31548528870856785,0.28053289690251315,0.4477532454832217,0.258262452382366,0.22817359083606173,0.4128600406390885,0.37211661148297187,0.24250138609908528,0.26098898865307396,0.27684549109281903,0.3474558695195406,0.24806103153516054,0.2586609756888171,0.3637720428569433,0.24776482113653678,0.3858291291007965,0.3762749941710332,0.25732506898161883,0.20100716777958874,0.325468655279986,0.2660973413804285,0.3343544513670721,0.27053779390891325,0.35670607627852874,0.2551423958169473,0.2285481250674867,0.23254629201521132,0.2593073888395206,0.2899233287515813,0.30771989619182694,0.35140176994907607,0.2998131864916725,0.24067809768534398,0.2926998438956888,0.2471813857255144,0.3105999930793805,0.23402726780333863,0.2832075529460084,0.27876526761477877,0.34746067368265765,0.329831879366241,0.41272058475525925,0.3258945030504584,0.2870269212020553,0.2343077867935598,0.28287214157891005,0.2797978006206242,0.32158897942697157,0.26634791735828345,0.37115107906048556,0.3435780601695045,0.31359419342734585,0.29783695210143724,0.3033567138909435,0.29766848090786585,0.30823915088301806,0.2629641809323757,0.33332345152289655,0.3329891467369181,0.1735308985388837,0.31743122182421357,0.36285809353264825,0.3265003918006099,0.36557143022474325,0.24592510570256354,0.19167277817425596,0.3334400163702254,0.32291972076828535,0.3390276395065419,0.32311377213433573,0.32687122777913846,0.3894708558926784,0.30412913034289424,0.3593649902995213,0.24038017465950862,0.26223823517772565,0.26670781441724223,0.26249929177864356,0.17861930309517887,0.3731793853277221,0.31579874971262034,0.29996627061030656,0.22635094575893128,0.2919740137746439,0.29758366060431307,0.25988560625682405,0.2813762642673721,0.42467427725704004,0.30048435233680665,0.2664989154987884,0.3455224289240622,0.3086241426518142,0.3425866940058318
0.33644723853611846,0.27086234859211844,0.3643125320426976,0.2912549343265427,0.0,0.2722748684196448,0.2637178079770127,0.2622154819183712,0.2819060470575163,0.3200849837878546,0.3536678213156579,0.23857225156585898,0.2976237462447769,0.29195724271054785,0.24988415502093742,0.3525665721560644,0.3118495595548313,0.3646916084469116,0.23303634924152644,0.28805285448957896,0.30371771246520196,0.39035832276155513,0.2749585739194953,0.2273559476724906,0.2920663378711504,0.2349216678054492,0.278007463386554,0.2405413868177651,0.27744671997468107,0.218441925407237,0.24395450575611977,0.2586217441098749,0.2448397672484909,0.2037554935886453,0.3422715734484692,0.251153683767998,0.2959449548037602,0.28852724526748136,0.2384967678067587,0.28677985226263797,0.21933329977500843,0.3848278057875658,0.23579890185890434,0.2657822408354877,0.23812264862914806,0.23004557037463272,0.20300108692828003,0.27935601376831,0.2950581470602727,0.2622326035837768,0.2536894934773276,0.23946003219292575,0.2146858832921671,0.25594734052100515,0.234417173459951,0.22160275344619867,0.24521763214869005,0.43175382636204956,0.26045668796383165,0.24341000865996115,0.2398940053288864,0.18887580502943277,0.22596063493489615,0.2511952575967842,0.2274076758178859,0.19668107012022532,0.284921748288164,0.24920496632174327,0.25253249474869344,0.39660931317938075,0.27723627322418687,0.2407206413332622,0.29577782156091353,0.300232982501659,0.28543282467345593,0.19422593941691418,0.2511263092904547,0.36056621561578034,0.19143723977769114,0.19314151126958062,0.21625464807660663,0.31653569680331906,0.24230975544341016,0.21629216113901356,0.25523196682492083,0.25668316523387424,0.3173783326842971,0.2453953317036605,0.22829988935703505,0.20163075358168067,0.46063110926070183,0.2720204591031873,0.2736924810856599,0.18736380204332914,0.2927960284113005,0.2464028037317409,0.1702573463330932,0.23099230905902518,0.24141648805368515,0.24274745689818378,0.20838998496787212,0.23474642853916416,0.22924163004728912,0.24442815004525137,0.24705419749333596,0.2441740536358464,0.2094875980834485,0.3365263119739825,0.24825197856687461,0.25639235749821815,0.25630807416276563,0.27333910312011656,0.27094343547033123,0.3772613098474354,0.20699417196139686,0.29653602444805316,0.22279419481029283,0.28944140213256014,0.2506622724473443,0.3491604337481648,0.326991373256351,0.23634286678120414,0.24977606787503664,0.2674103571203913,0.25401773994633353,0.23848629575879182,0.23894203989315704,0.2311354033042566,0.23675537997478283,0.2378169746127044,0.23789389213498793,0.2969048243818261,0.24090919403689973,0.29507472341007035,0.2702991983175256,0.2019313132275818,0.18615453497233939,0.27509006662739877,0.31822880947361043,0.27447819406255447,0.21226037801008008,0.31586152433701686,0.3288435326959264,0.2704249216138441,0.2835337095241743,0.2579433120141602,0.25150736024843323,0.23460151283928612,0.29011986608440077,0.20360525877933966,0.24591426107465203,0.22001087473573291,0.3199829624981702,0.22547235419781284,0.2933998804629995,0.29106574528256685,0.24818604546627016,0.2635775956895211,0.2411574520432523,0.22184027139092186,0.20669327618206954,0.2666888559784245,0.2395036432498504,0.47007871795529155
0.3557534909173576,0.48768733402032244,0.3315547681136021,0.27760546070103376,0.2722748684196448,0.0,0.24760064414903032,0.4082857460984125,0.2939807314552405,0.3786426422479137,0.22461108184828266,0.27907776558483743,0.38300154966341654,0.25089812437035536,0.3388381771349553,0.2933963347992222,0.25767107752421675,0.25996846703680954,0.28198072410599495,0.3465506881836431,0.30816625141115095,0.3303178127805898,0.22347843630245912,0.2423796353296695,0.3325372488074887,0.21153985505422657,0.21953607615106374,0.21237224502869778,0.2984087083562467,0.21022605681649809,0.3462673145575752,0.3600766925904289,0.3590434505902724,0.20618447776594226,0.30739178274614465,0.2530363386613869,0.3184127125972493,0.2722313158816596,0.23788453197277548,0.27205596784352193,0.27133900851557824,0.26967269222961054,0.25294503592811385,0.26313774284663083,0.31034051164814935,0.2692727312534726,0.27369753878928743,0.24968373782708916,0.24154002071830022,0.32531870091693477,0.28152375123884715,0.31857764119269966,0.26355391334484246,0.285043630513489,0.23585134440748873,0.31055878112943014,0.3128232136164585,0.3204424401906141,0.2594068569372871,0.3084400622461954,0.33269655662626674,0.2510572716545648,0.2716554220568474,0.19773906618087114,0.25709265323889285,0.23164193129407032,0.26961895936537134,0.3328422447794809,0.20307108892589337,0.324198351426615,0.3394897500450706,0.2653897776089042,0.23573589861509944,0.3142761826489552,0.3082095628108003,0.23353872695810876,0.23144366337838573,0.29925215803719585,0.23133592645989018,0.2509826825850782,0.2685924525943581,0.34581890747604843,0.3254572169799133,0.2805459256392792,0.27316399747627035,0.39592420854064553,0.32499137920410504,0.28337582974386705,0.3314085332113968,0.24010032486627514,0.2673424643699409,0.3475783463808195,0.2867014833934554,0.23788369989255514,0.27557228803175565,0.32532060726570766,0.24548635912572445,0.29611148571670287,0.22882086615892333,0.310899125380949,0.2263560469263009,0.22403565231717343,0.20799875548265695,0.2885437120605866,0.32086245625506565,0.3575705052837315,0.26323284222535465,0.28411709762279397,0.2717590403292237,0.27140284297914863,0.22515546272628167,0.24332334726149785,0.3393841683100824,0.26269890956686215,0.26127608273298775,0.3312092641314037,0.29313411658561034,0.2392839861743222,0.2547759507933116,0.25607300299862945,0.299244932625174,0.2810498397018871,0.2817010574497885,0.3229845945392874,0.303955289312866,0.30145298960030054,0.2960020694613491,0.26250028574323697,0.26488036738927945,0.26674839959727764,0.26307895075408233,0.3374028384366316,0.2723336360461114,0.3011642616195186,0.26396900936390183,0.23170757166612085,0.2526484105871556,0.2705610974678129,0.26600020146828474,0.28389386523004734,0.25971739970272806,0.2924013245007645,0.36283503142802637,0.2525837616409938,0.2619456358063589,0.27136813463430776,0.3452638632396339,0.2791505662029906,0.388776432259273,0.16918482646818014,0.2596052181792755,0.2701101112404797,0.21749689758650348,0.2402064016080061,0.3046563550156605,0.3302178047254212,0.29375296260506195,0.3224901588658185,0.25470626307846306,0.24773054779362566,0.2184379673425419,0.34957710250312035,0.23149059308821157,0.27887312608694675
0.24639310704592002,0.27395864623967314,0.23594332355015352,0.2847144035089282,0.2637178079770127,0.24760064414903032,0.0,0.23718586096720964,0.1999924872631365,0.31128099556271216,0.23002279604433132,0.30552984134148536,0.2600593016196739,0.20304081082220024,0.3519784228632144,0.222482361244387,0.19705918818183996,0.21586622474060238,0.2518221278921578,0.21174659396107642,0.24951310222217904,0.2611506574316028,0.3283791990767576,0.32842086430017164,0.3243699293121843,0.2368841151222317,0.23408259723422106,0.19726160089740086,0.23867151218413926,0.1977417540702484,0.3060072103521094,0.26117193788366544,0.276093375405256,0.2764880044785256,0.22472091294917632,0.2142845207468375,0.3583492781844902,0.1835058742452371,0.28011760480740083,0.2999359254730344,0.22548570773086604,0.22696347639257441,0.23207648421937624,0.2596777517490716,0.3062149943501853,0.2573271684137528,0.23105114988387984,0.2694365901260378,0.35553542081294387,0.19634277989568774,0.2767944733613851,0.20745783614974964,0.1799619768848989,0.2763037443471064,0.27708785006854736,0.2400168503596695,0.2216264779278611,0.23075028750443768,0.25413820588533154,0.23444015087609524,0.24056267216362026,0.18811201800687735,0.17074843047598293,0.17965632675466192,0.22044952265153198,0.19792633750907732,0.33774562891655857,0.3184823483326415,0.17040236190473257,0.2324830656455465,0.2724801923200968,0.209667984708868,0.19082100734833782,0.2763881336537362,0.17204069084955143,0.2484197988727825,0.351363323313698,0.3563503105919142,0.1872895656420576,0.22396182928602312,0.2097496462322139,0.2896648385656229,0.2561017577886951,0.16788688352142772,0.21054481662326785,0.22863865346751314,0.25603389404447,0.2462964712815762,0.2698319567146113,0.23027562249358208,0.22750600614625868,0.3380550958514333,0.23123874991029328,0.2319548743972741,0.22751130877103068,0.31175858681924234,0.17505102236364234,0.26977045133828026,0.19039547365113832,0.2956521596795409,0.2470754597440163,0.2765518903352756,0.23968222095230293,0.2748463576284587,0.1840902937973528,0.25199741104657736,0.21242908137967406,0.23021106585884188,0.26867160253508504,0.3312826263863278,0.3368067236062789,0.20926178246960045,0.24428327891815893,0.2018933023803435,0.18959440370537375,0.21872060089542056,0.22043225550342566,0.28128840002377975,0.20692049453240324,0.19673779980800493,0.22444480756813281,0.22074197099040058,0.21010972871669809,0.34239400204166454,0.20920472549223962,0.2888624392734388,0.2056769720559243,0.2986002510646127,0.21141263800028207,0.2338661615946474,0.16956108385356883,0.19282895391472227,0.22654104656416033,0.20848455820593623,0.2580290261699071,0.2046986635994252,0.2208485413832153,0.2723600437507879,0.24633713091749995,0.30437538445501466,0.2334677919088912,0.21134045586685957,0.3100971785939398,0.19934168561313598,0.26204827861047575,0.2869342644893403,0.24867606351151691,0.2671575733653523,0.252256211630556,0.13585646232655446,0.27903009807891005,0.2155327597087157,0.21357535466949115,0.2764117129118208,0.308535277731144,0.33452187577285863,0.29827481319132065,0.3260181771359198,0.2701907794612896,0.24504888925585933,0.21220876698117885,0.22419180138809294,0.24979892447779709,0.2541537745614721
0.32758105153992445,0.4746143532662009,0.3360213837418645,0.2679449117869955,0.2622154819183712,0.4082857460984125,0.23718586096720964,0.0,0.30759673184028025,0.4286342654576302,0.23071354379831516,0.336948824324833,0.3591652545726357,0.22757756714025335,0.2938722400396252,0.30101075414529777,0.2621167839032283,0.2575106031374368,0.27397546454612265,0.317178663110053,0.32165569136832417,0.29736254075278007,0.24496426077220113,0.2796985409143891,0.3675204112321138,0.2303380748293765,0.24344134714487245,0.21831528799576908,0.2588390652452152,0.22972215207787658,0.3631631856806812,0.2922622758372496,0.2979962406420141,0.20684348616520473,0.30285982165355163,0.26601422003068026,0.35261339588321666,0.28494166359663414,0.2368377053031508,0.30382406885151325,0.2742439434595542,0.2754412420375322,0.2545505549442147,0.26366977966857635,0.346453820178977,0.27585218272425166,0.2919107811772801,0.2695764175195588,0.2679815609033556,0.29177420726891135,0.2673753787826725,0.29388099969887477,0.21930731637394613,0.2648546136266682,0.22999919061005603,0.30364928503244726,0.2910291896867868,0.333743992005977,0.26032021827210633,0.28997970831377595,0.3162800787067181,0.20601945785792208,0.25546123038330765,0.200239431416333,0.22323700354071,0.22235913147364103,0.2625617393190437,0.3105484882848349,0.20978682955009792,0.3741249666478895,0.303477231032003,0.2667148168043294,0.22812939271339402,0.3325089298923389,0.28152498668554266,0.21461796098589767,0.23499496922443922,0.28556173700286275,0.25107125721233015,0.21078343350936105,0.23616306711919627,0.31259052732773485,0.356975500080341,0.27004830480703,0.2831372963742888,0.4784888940243263,0.3507260629719581,0.2624498369112191,0.3126953910095766,0.25689327509813603,0.2676924942002854,0.2875151689197628,0.2538454337830631,0.2226721520669844,0.26255567318031203,0.36029877808444416,0.20834957063318857,0.29473503039007826,0.20079889065376455,0.2992890004724256,0.21049733682743496,0.2459976406738067,0.21559902889527116,0.3248165819097205,0.2833996736560917,0.35176069590794595,0.2543680715886038,0.33935653736630794,0.2759825488476894,0.3311512648242498,0.2257490268053106,0.2568632515132418,0.30835363259654625,0.24600034170333268,0.2508706410305727,0.38147887166620753,0.27307100892868397,0.24648693190128962,0.25095665402312034,0.22858837236961965,0.2946524857291747,0.29194231054424635,0.2700101383598621,0.2959532178446322,0.25732433228489204,0.28990032205983907,0.24450351972037074,0.3121193419028714,0.27558179158764373,0.2642969680843084,0.27436918137441757,0.2956035302375265,0.2628264414064755,0.25303221959404876,0.2872534304010624,0.2069359023588861,0.2814827621694884,0.28795804154270793,0.289289848302395,0.3001832224295686,0.23485054176364223,0.242796422896222,0.33897068706957406,0.22432520191222033,0.27640049943991185,0.30160758668913806,0.3859671774527511,0.2526610241717667,0.42753586257550635,0.16530136612054414,0.2831210131078741,0.23962043532543195,0.226437046759831,0.2907397266450139,0.33567388514206986,0.3431040812241039,0.2932966303687299,0.40099745852248436,0.24034385536100034,0.2237833188320122,0.21198580988764973,0.3208224099235159,0.2230449518743769,0.2854329996302737
0.2724468976627918,0.29467274545236544,0.29878853313233494,0.20224242850697738,0.2819060470575163,0.2939807314552405,0.1999924872631365,0.30759673184028025,0.0,0.2738971137594657,0.22863369140601542,0.24856768709285232,0.24749603401892872,0.2396854767252105,0.2195547549898859,0.26622782347773777,0.23995134346856203,0.24119062823838372,0.19776577638007387,0.23936685930700297,0.22252978087070818,0.3850305413253138,0.19641606318099858,0.1997493947915482,0.24931175258204405,0.1741090835217576,0.24238672568804875,0.20408262717113032,0.22312037424061648,0.32446514224824635,0.2576159359681775,0.2177066651229253,0.21885919469773749,0.15798806919771624,0.24192303972157278,0.1975701407495015,0.2340375515511933,0.2659271455768768,0.19087567153524493,0.20605928058205358,0.1931534833087043,0.3907686838994133,0.18225094402999137,0.20130046260864182,0.21911462084887087,0.18737041635866514,0.22368839317134878,0.1948596231671575,0.195834641899837,0.21388655373016724,0.1944821528155455,0.2021179914761919,0.19230901460604125,0.20660203568550914,0.1787749050285068,0.3277965527901163,0.20433438517241015,0.3144472305561662,0.18834008364683186,0.19189114942364818,0.20985087398218671,0.18302930640052892,0.19826162781347115,0.18881263278098226,0.18265229249793957,0.1643037128817788,0.20894616236439362,0.24922799686124236,0.20861178358486607,0.30392651803670667,0.2361155694651172,0.18810730682226728,0.23255293801329396,0.21716357941213996,0.26525340936070585,0.16614145455150178,0.18037192587150574,0.21733390301627226,0.17706426149659427,0.17493287863867507,0.1953443527754679,0.2752636409782413,0.3490059613358553,0.20196358793113955,0.2074708538231653,0.2883485083685321,0.23864213231446063,0.20319363059222287,0.20451223188236606,0.2718353582011971,0.2814170317505215,0.24715712188588523,0.20788960565653125,0.1643466695339594,0.2427931229388908,0.3064839406382347,0.18038158228285384,0.22272777478912426,0.19303072325399617,0.19269940207425165,0.18121404870780464,0.1804266143053155,0.17535488526065085,0.22678519693623367,0.21963454417839826,0.22160320859040977,0.17583517606886634,0.2960656004099012,0.18816099828952412,0.22510684148973234,0.17282169044263695,0.20389067027939148,0.23310815399275917,0.2790719916788604,0.17549515370750954,0.3155721581903471,0.19445964474846825,0.20680273953596592,0.19420692511983245,0.25528147165488446,0.22980695124918946,0.2207150597810527,0.20600062579734563,0.21640725114070017,0.24816462882269802,0.20234320558489688,0.2154513203513626,0.22580638465055067,0.19540580213542522,0.20121157370670084,0.4313213669903537,0.2759199147419237,0.20379790308377294,0.25444792319340664,0.203412047651297,0.18058436455186966,0.22871261914737429,0.2015959105475674,0.2170387628181457,0.22603105197248205,0.19072069218696566,0.2381487192226917,0.25750869149920114,0.23112670154093448,0.20474911128513576,0.22082857864232514,0.36945282768010856,0.20279589502703374,0.27439300288226387,0.17912465905416947,0.2037996011735186,0.19879202814483266,0.22887137945634517,0.2723698213474299,0.23138376095921187,0.24755277103124976,0.22425977823956367,0.273434390189574,0.20094784153938253,0.1833750449963851,0.167061318311424,0.2323531869723974,0.20688211558350372,0.26437878582166835
0.37282106862288567,0.4903729795058502,0.35112048973247917,0.30875628897691904,0.3200849837878546,0.3786426422479137,0.31128099556271216,0.4286342654576302,0.2738971137594657,0.0,0.24102682450009502,0.2919279318299761,0.38995538240795213,0.2501812894524173,0.35205740857371665,0.29589342733116175,0.27586811866213634,0.31854651847610976,0.2781588425539141,0.31588870236513755,0.30450731430559336,0.3217243155780532,0.31032228442353404,0.3083172128830418,0.43813548582702977,0.21765329613809678,0.2568845013177799,0.22594946836189025,0.3060431612806448,0.23312598762763437,0.3606474457018537,0.3196581866466156,0.27697212873355853,0.20928425068394285,0.31341588165577605,0.23959749127085056,0.39641573319682516,0.2455530835298064,0.22322808769853697,0.34757905000037403,0.24152820682914866,0.3064154159519482,0.27070564711932443,0.25768813631251075,0.32270544465603196,0.28900912205293855,0.2860011454125955,0.2711531129399409,0.3317819515703044,0.26709527897264185,0.3070932997894774,0.2678571254525253,0.22947669651098607,0.2861936375979426,0.2491239984189314,0.30343762216032427,0.2980213779827237,0.28223259083339025,0.33038504837453875,0.303348707861564,0.31041803263577455,0.20678261862213443,0.2314620466691217,0.19740574762563817,0.24311860104774805,0.22534704118802457,0.27751153673652623,0.3548637230844057,0.22028693304335167,0.35533531752472863,0.30835147279876507,0.28735766715972083,0.2147457967326639,0.3843630809694703,0.24206527160681435,0.23710355365103675,0.25296479321731863,0.3584060615550604,0.21078666818264064,0.23239763164091892,0.24367530275652965,0.3204312444550167,0.4017455593462643,0.2387569600837861,0.2569277481577464,0.37010949870037163,0.30833048944044716,0.30442303427145007,0.3214890349878321,0.22973471580313407,0.27605018502918804,0.2957366172004174,0.2923579043282089,0.21960505661182314,0.28009780166463755,0.33231160243127716,0.18444908806029078,0.275170038486674,0.21419925800923878,0.31721212853337594,0.22931539727336134,0.25197499750446095,0.21500148083564521,0.31232409053311067,0.257340760709815,0.3137160983181054,0.24509689525705042,0.3465652721182274,0.2954998748180184,0.37144768025451624,0.2439801009652912,0.23810613480279358,0.2980718304568734,0.24889890045966148,0.23646337803784012,0.3673606503473009,0.2773942256643562,0.2899767082962624,0.2503863615638085,0.2376868169856883,0.2836242963821196,0.24673717199811898,0.24923759332902753,0.3437878397840611,0.2550710311116414,0.30437252258121095,0.24787480144761392,0.3054768887779803,0.2534765391484162,0.2762873525960713,0.2608405272233745,0.2738133808073599,0.26641011665073805,0.23440499850983557,0.2523148578596533,0.21593280020256667,0.2782113280976463,0.29836087154575647,0.31485023263899586,0.3167766999039072,0.2456674588743996,0.26303465869168724,0.39558531738375463,0.22150895168711096,0.2563331466837059,0.28917339952895865,0.31377835411693117,0.296883176620117,0.4167872900037567,0.15418227485724945,0.2614856216190347,0.27096424553866555,0.23601676863335327,0.3067098615798432,0.3034024620225739,0.35130973560073314,0.31865754103577504,0.4160184833293734,0.28054649835881945,0.25909423843380786,0.2441715105600045,0.3393981511140576,0.2330716856153951,0.30728874154467756
0.2970357644568361,0.22146872763712278,0.27787416930351344,0.3308596095378913,0.3536678213156579,0.22461108184828266,0.23002279604433132,0.23071354379831516,0.22863369140601542,0.24102682450009502,0.0,0.25178889958280737,0.2851420465728776,0.26521968232654,0.2145565723692098,0.35638469188375216,0.3815008409417146,0.3209316270531948,0.2679065711107739,0.2642320976889775,0.2875675069037209,0.28823500516576184,0.25870965187485107,0.22402557338006618,0.26420119892185095,0.24336582343706908,0.32097361670376773,0.3266105985781319,0.3075896738583638,0.23465177626444755,0.21281940586170103,0.28304320762570867,0.22303950520183718,0.2029196685843659,0.30583542585114903,0.2502193298925972,0.274940310690694,0.3038462642792477,0.2794632836885285,0.28645297641351386,0.22859912793363674,0.2788620501429319,0.2400539415640085,0.2621526128288216,0.21642498698146886,0.21692052572727946,0.16299592796821039,0.30077222751904975,0.297584689107413,0.25920949208147026,0.2839298080717824,0.23360586870022,0.21049402997221228,0.27086476203926374,0.2846201545988787,0.17487255422757145,0.3152217127099901,0.36550550462206555,0.2657241789924546,0.2844562356768971,0.27974013079202303,0.1772223776327642,0.24124838538787047,0.23386579129633345,0.2018424345982465,0.20812455123996018,0.2564514196249367,0.1915896268665711,0.27937568915511707,0.30808498806501544,0.22895316562109821,0.2344787821362403,0.30148250117022113,0.3356436703019022,0.34200273399788317,0.20853180664133378,0.31631689478157743,0.2718602619672193,0.200677926472021,0.21089381187407383,0.20685242160387748,0.23572927614125277,0.19793842527037503,0.23638735003139832,0.25521553504720057,0.2241247211596344,0.2922045405645114,0.25818536696362854,0.23139280534300424,0.17155481265095895,0.4236413879572927,0.19697597956967894,0.3178703769127179,0.23451088262067096,0.26247282765152585,0.19897938302896562,0.172935232271445,0.18779063224894238,0.21130744048146116,0.2274277998105636,0.23083426422977932,0.26934027327317267,0.22391579791492425,0.19689047651851085,0.2525695936227971,0.20270709425348052,0.22362057280773665,0.26154892853677014,0.21836018729182155,0.22611249643115797,0.3143277756497261,0.2598082321645112,0.26148037446104694,0.38243628317063144,0.22406502092971647,0.26690954607992035,0.2424013361449301,0.30198269749971063,0.24889597928396295,0.2883640449033553,0.3139235016996568,0.23120973327258654,0.2471565063442537,0.24928786393189392,0.23480793488923477,0.24600259079547848,0.21858795535447886,0.20738910338219071,0.23978127556381879,0.23063563674594662,0.2031888264702906,0.305228683811481,0.306538864816917,0.2844386791070361,0.28774644146946116,0.18949349399076493,0.17614525728965794,0.24817507409703113,0.26776230522017036,0.2730020756731105,0.2163461887396737,0.2777189528273323,0.25166647858838664,0.24937415690387402,0.28991823812617873,0.2036644483711649,0.20262416165238736,0.2054465124565953,0.23019430271770083,0.2192130883332712,0.32508049711252834,0.2260846780370333,0.5106419224297108,0.17875813218825962,0.23436455591770042,0.2320369359373864,0.2642481043596938,0.22774553009822762,0.26764173517639395,0.24952589083517437,0.19509691550517452,0.2780472010462886,0.21713511016391174,0.4313706198142819
0.2738421420426169,0.30895639423729127,0.23022818415759497,0.2637757648952761,0.23857225156585898,0.27907776558483743,0.30552984134148536,0.336948824324833,0.24856768709285232,0.2919279318299761,0.25178889958280737,0.0,0.2654636565021664,0.1703476741172653,0.26678895337718217,0.26207766319537285,0.2231401497735096,0.21028999366378562,0.2824818860099509,0.2612778998891755,0.28923761555548033,0.22675042581756658,0.2819420079967355,0.3429864202207145,0.37604820334140227,0.23601193323265837,0.2617067771351403,0.20553257712335418,0.22136998994000245,0.2447251959687612,0.3373039849112754,0.26397215128967716,0.2438728241459664,0.27657748134192545,0.24176247446678795,0.22701362282466447,0.365118884557757,0.2154471107023228,0.2923684549426625,0.28664365204220843,0.23561917874146313,0.26375074062119946,0.23521965758657012,0.2568463497718363,0.30447852179792884,0.26533364286189653,0.2754484399533547,0.2742172260404937,0.28567070979404524,0.21783039048148706,0.2680967350006062,0.24513211670105248,0.17699992228809674,0.25464564158872904,0.26196397200058247,0.2788143976431447,0.2731230317457688,0.2944712567066564,0.20915586360358351,0.25434054977066517,0.24817961775292713,0.17649440997523796,0.19740035015854077,0.18130447468937827,0.19631490158202944,0.208102162553114,0.26197671401355127,0.2431725651549098,0.1633252551775726,0.24348184618741223,0.24232247677130447,0.20994660480056732,0.19704907599827529,0.2632690574961864,0.20636423859782985,0.22500391275770537,0.2703040199351885,0.3327982886607052,0.2083963503333507,0.21532761591677535,0.20248390819102902,0.26839081746545845,0.2964774763549477,0.19406148878655516,0.24604162198530954,0.2979593621269529,0.2810384584302559,0.22929163130101676,0.3252946308584339,0.2764429655849474,0.22827000804265238,0.2709863591386432,0.22966495557953867,0.24128491489661855,0.20375903592238567,0.3344956528232462,0.1755938948257717,0.28920258253900577,0.1806635175709609,0.2708746098668936,0.2166970636717674,0.24872911075882312,0.22862158715203107,0.2820915440669714,0.20306491651476408,0.27880982562608225,0.23745953339068332,0.27510499793727516,0.24270140664216827,0.3857872256608314,0.3327156685104061,0.24782323444647864,0.2372981721086666,0.23226802883092293,0.21285890101334531,0.28947461403322167,0.25951506001964925,0.2564320456072025,0.2153616645278232,0.1962603210985884,0.23251777449248048,0.23309599577173856,0.23895776149753575,0.30124654169674414,0.2031600007330749,0.2869204253430441,0.19363532149523122,0.33471488365799906,0.23607402573794076,0.21481524221328832,0.21233503836172424,0.2147827763941547,0.240438184924683,0.23553343425159862,0.268674180741975,0.17886871483884617,0.3143345584161637,0.26117158300540844,0.2445048170225217,0.3088544682241037,0.19567659109075694,0.20439494434038166,0.28409895835330123,0.19995820036443893,0.2769106229374242,0.32887235195262265,0.3497998118387726,0.2261494152408819,0.29049141099621295,0.15820517391499114,0.326326194137319,0.2105201287841774,0.2357306896861295,0.26643416561237976,0.3396696910783928,0.28543940351528924,0.27220077701307066,0.3908353359269192,0.23074299714938543,0.21401369479443133,0.17602384765586454,0.24612088200358817,0.21528114056027034,0.27525493134957385
