0,1,2,3,4,5,6,7,8,9,10,11,12,13,14,15,16,17,18,19,20,21,22,23,24,25,26,27,28,29,30,31,32,33,34,35,36,37,38,39,40,41,42,43,44,45,46,47,48,49,50,51,52,53,54,55,56,57,58,59,60,61,62,63,64,65,66,67,68,69,70,71,72,73,74,75,76,77,78,79,80,81,82,83,84,85,86,87,88,89,90,91,92,93,94,95,96,97,98,99,100,101,102,103,104,105,106,107,108,109,110,111,112,113,114,115,116,117,118,119,120,121,122,123,124,125,126,127,128,129,130,131,132,133,134,135,136,137,138,139,140,141,142,143,144,145,146,147,148,149,150,151,152,153,154,155,156,157,158,159,160,161,162,163
0.0,0.8835393747488375,0.8237177859781152,0.7619782420628088,0.8291859826860642,0.8098521826800723,0.8457298139685365,0.8469609709466921,0.8815338381119657,0.790137224671638,0.8794521940731199,0.8637658772705377,0.8663704592133632,0.7901478333890614,0.8813161311594315,0.8338425993450381,0.8409467615820772,0.936452206790243,0.8635868130080409,0.9188231591924281,0.8656627017709155,0.8846517781163602,0.8449369671440737,0.8720417597285555,0.9055481381582215,0.7942608917087649,0.7536677456881196,0.8236731857747536,0.7853717719814277,0.8343986207016932,0.9044390869580164,0.8724875151906758,0.8111564799694541,0.8125119091060062,0.9189124901507056,0.8364718605407423,0.9081077847049557,0.8939528277949815,0.8253357315222837,0.8231917609272764,0.8477429834773685,0.8428816121552316,0.8888370243067347,0.8654668068416735,0.8841872162199162,0.8730378015203609,0.8581706793844082,0.865166593446917,0.9290853540139931,0.8886425545185983,0.8880634983830372,0.8640606661701483,0.8004406153171292,0.8274428572259545,0.8317107857821908,0.8109258657082623,0.9156514867174391,0.8471628785168432,0.852313117274131,0.8509885063954358,0.7859958744406221,0.709471572230161,0.8593226267485039,0.7768857088287785,0.8400506023710226,0.8194414683650952,0.8066301219759127,0.8559761334983038,0.8413483185157092,0.8870678121668206,0.9310028156737646,0.8233750164059374,0.8162056587488021,0.8589784624203507,0.8401252756890151,0.8697271085161792,0.764144500266834,0.7806562248356052,0.847336116040372,0.6878925881281354,0.7925050925128612,0.8928219333331818,0.848717373355771,0.8060434919690559,0.8449329032193149,0.9266999765846704,0.8486899018362933,0.8711240941807021,0.8337354560373063,0.8036673848896043,0.8956635437850942,0.8427187422668964,0.8791994074353332,0.8692691120618607,0.8640555162321694,0.8402375240614559,0.7403804658412747,0.822355853918683,0.7446113554334941,0.8237600638678481,0.7801989357714672,0.7688296905731905,0.7694432015805367,0.801876962313096,0.879168214572274,0.834671243885317,0.7548482660058017,0.8243750636547651,0.8520014206920219,0.8739014733622306,0.8489003212700728,0.8640526952978427,0.8346276219312908,0.7549100043473778,0.8616723003551164,0.8563905050905982,0.8628970706933217,0.8733835847869322,0.7716042751413058,0.750334483327844,0.8427045538381309,0.7501752215553046,0.8653428178023724,0.8907348559248106,0.8272671130315165,0.8423639420793783,0.7244092954984425,0.819889838821208,0.8086353645846128,0.83583966803244,0.793685043513516,0.7769792246425706,0.7612454691236102,0.8484221001818809,0.8617700843429831,0.8157709527377441,0.8943209687997482,0.8677764609414693,0.8265149959855076,0.9155088295561669,0.7789212937459686,0.8024047060438758,0.8840540262617794,0.7994539045030107,0.8794298279736743,0.8805034452493936,0.8965233882977531,0.7442007774208717,0.9001120476911074,0.6376825924098838,0.9151742686170748,0.8263647509700544,0.850696964555155,0.7880784854576672,0.8487718608027602,0.9070809758670515,0.8549685981576438,0.8039458466868703,0.7915434007845883,0.7936491784673233,0.7366644480680749,0.9015662522843779,0.9279089888044973,0.9277024404475777
0.8835393747488375,0.0,0.8784201833203619,0.8306620789363602,0.7778064684413734,0.8604023776643076,0.8803577393094094,0.8900688799730329,0.8362433894003216,0.8813216101963364,0.8616320172743395,0.8959374689063149,0.8841600190584399,0.8195034906914804,0.8787586825391966,0.8139444757748242,0.8337691225336684,0.8458734850638375,0.8329481703972222,0.8234349267047772,0.8472424500523383,0.9140523322719334,0.8296345543276195,0.890464584844135,0.8704186578082272,0.7710966690174029,0.8054189796365687,0.8229962466541433,0.8687743936794763,0.7834437083088536,0.8664528570721985,0.8411638521703442,0.8923698972904722,0.7981424703402203,0.8458684979307588,0.8466130571365204,0.8612409929356448,0.8265681438962171,0.8362196361341563,0.8765735214368324,0.888373659465282,0.8422535332402529,0.7488583262115616,0.8186644864695809,0.8969202441985341,0.8560828605959571,0.8185907475765376,0.8011589782717746,0.8671156336292765,0.8133867687137187,0.855078819577659,0.8455187000328931,0.8131982108533655,0.890800574412605,0.8424254378655855,0.8610609692374601,0.8370544349414849,0.8343261275431267,0.8247317517017025,0.8774771134234213,0.8566220948697008,0.70184911408845,0.7862456183012876,0.7295682223280578,0.7482702638033102,0.7523964348369148,0.8698018342806697,0.811450512170403,0.7510170708589596,0.8404825215908058,0.8634903154687591,0.75915996618141,0.7594024791681772,0.8827116745486613,0.8566594533016675,0.7956812384588217,0.7902594793451867,0.8152761738960935,0.777755747716115,0.6731352515664817,0.7878757181030744,0.8594063141796646,0.8811277594481057,0.8026247258964517,0.7662061835956813,0.9356313671381592,0.7748181001568135,0.7635763597741416,0.8404948911357455,0.8853435739516987,0.8288638378942319,0.8597501855953611,0.8496713826663477,0.8225751856969938,0.855642691621311,0.8730960571232362,0.7492942326731911,0.8282263436396177,0.6975831484939006,0.8871867537004868,0.7773918528353977,0.7276209348867837,0.7048606584756386,0.7968969317131842,0.8022017475274198,0.8137178802868358,0.763108568409702,0.8239727474818542,0.8829900765639369,0.9031534398709768,0.8451382470128198,0.7598775186398312,0.8351567007376343,0.7658556850504551,0.8224552187005124,0.90423804218928,0.8156978149401877,0.7733966208899647,0.7864930921023646,0.7794356813114978,0.7768914636369395,0.7496025379925046,0.7905059448804915,0.9041262192774236,0.7363933844702486,0.8969801619845603,0.758311071222032,0.8724480692963726,0.8473973910241819,0.8057784670161754,0.8175131636474969,0.7692859973600414,0.7460798872969746,0.8467819266380578,0.8265938604489854,0.7315638459193491,0.8287423978159698,0.8465480983710041,0.8182641695918075,0.8469522549106013,0.7927271260808412,0.7869671505035625,0.9397963205681605,0.7920457260211576,0.841971749493396,0.7845348398837251,0.8928926958260599,0.8259442089071455,0.8609660718196669,0.6544765321943553,0.8167708968359549,0.8178865627215876,0.8332961034907527,0.8627069502720992,0.8578519432058387,0.8783406729956956,0.8842331769629264,0.8580481620958639,0.8158714852822279,0.7571851561934724,0.7726370862346251,0.8134802062700688,0.9295589918909085,0.8575711543983364
0.8237177859781152,0.8784201833203619,0.0,0.7833533125002851,0.8252577158992533,0.8631260679911922,0.8240496456200223,0.8562390704673976,0.7264658940727977,0.8702286815010593,0.9020145791073707,0.865631664671187,0.9136595715621346,0.7202115973669179,0.7995638216162951,0.9238473857521259,0.9135741752241351,0.823644821957278,0.7987152756845495,0.768839204411341,0.9106152934812503,0.9117876897923851,0.805399432519848,0.8820687716855113,0.839619047876341,0.825691642300859,0.7627404837312507,0.8214531215478851,0.8234702466628484,0.8117914163000771,0.736193032651609,0.863158218658554,0.7996635257863857,0.7589636605471728,0.7207966349305811,0.7640879828831579,0.8554370692807287,0.7850266221019049,0.782029549842388,0.8683080587989177,0.82088747279182,0.8636049783120098,0.7888295527700568,0.7803567491535344,0.834972569843692,0.8514837239733825,0.8334479661857355,0.830544770583091,0.8346000898265182,0.7868292752746411,0.8650047975772474,0.8586747370487064,0.7361419469131933,0.8528372240261582,0.8055762235725236,0.7864550965608245,0.8283021908615334,0.8864140371446612,0.7755231746535491,0.8061300843504343,0.8405403975458883,0.6723618276835981,0.837723469200286,0.665704152146262,0.6998601823866958,0.7616361265653407,0.8052746778903934,0.8477982424394082,0.7901352624261461,0.8431970764891737,0.8435775169558554,0.6623704521069507,0.7327834657028163,0.9410506241421939,0.867095994573544,0.6994047786822121,0.8928790293849191,0.859495282253275,0.7594117674781414,0.7192367423994461,0.8355525618939713,0.7763965147143133,0.8717139950180313,0.7822300222520454,0.7635273236390172,0.8644781645373136,0.761509815536349,0.703723197388462,0.7762699870736963,0.7771709244965914,0.8499338710047608,0.7122739530915325,0.8228893037257806,0.7629947762404561,0.7909314544349763,0.7936845591427977,0.6891078436875278,0.7558817460257503,0.602666569736519,0.812789416147277,0.6597080990812252,0.8109210708149991,0.6654755645718372,0.7375177758224059,0.7282348657476982,0.873992707237332,0.82908691612557,0.8338649085291138,0.8616216933146809,0.9118687603631354,0.838279372935589,0.7246219176132931,0.8069562016258678,0.7490357590031945,0.7737348358827395,0.9063322859017975,0.7568895521037144,0.7882136868357178,0.8331729935436724,0.6867203031462092,0.7655744877617766,0.7180721789070345,0.7593743246309637,0.8940714067999017,0.6239329846343183,0.8578473601597663,0.7352894693061351,0.8514862002999785,0.8195433258991889,0.75609811207929,0.7644181252006285,0.8899402751780601,0.6967199695997065,0.7239397299503012,0.7807000212465208,0.6817785270951122,0.8001522243855768,0.7645224237088223,0.793630923081172,0.7967369472043886,0.7037820293764703,0.7627372524278201,0.8236502719734816,0.7308056011336799,0.8161370121597408,0.7473353288876017,0.8404749416564761,0.8630583955837433,0.8367581583616609,0.6435541287790322,0.7301495816619078,0.7209576210745293,0.825300981050617,0.8823569237657445,0.8511830693862813,0.8222082895242634,0.8815290255678851,0.9040483386079787,0.6991634432287831,0.7877632923590491,0.7702080941016827,0.69456465915687,0.823593808103108,0.8381094826016603
0.7619782420628088,0.8306620789363602,0.7833533125002851,0.0,0.7174993282731734,0.7981524677586997,0.8631115213249101,0.7966744262598082,0.668227100971266,0.7807687568868755,0.8388054939190571,0.8173463898569411,0.7681470016939884,0.7326232925428922,0.8038115511558238,0.7104142971813526,0.7710554784397283,0.755575992522874,0.8067352665951256,0.6714680091422289,0.7975783609306236,0.7904176874062648,0.7905181982688342,0.7942945912266631,0.798192000100064,0.7926971067929965,0.7444937995449284,0.8070961927000799,0.8094195367668902,0.6425298867042457,0.7426949510124258,0.7178758909410775,0.9492747884297799,0.7656968028508144,0.7732680285674827,0.8086438565058018,0.764150988145239,0.7348660127735951,0.7429125600767434,0.8355166881484686,0.8856388388503348,0.7316392783306364,0.6941736766229385,0.8225126942957669,0.7857852663721349,0.738249958987923,0.676968561026257,0.7597415508095204,0.7921675536066478,0.7123802789569297,0.8432457509232908,0.8509800887859407,0.719865797097175,0.9133624007036932,0.8438842711045663,0.6967985305318728,0.740690339897247,0.8101943843537205,0.7624883014888404,0.7480168423214775,0.8244822956269257,0.6190556852214023,0.7971174977194563,0.6389649064565758,0.6665476981446801,0.6840334919477431,0.8043169730761649,0.7033825181587042,0.7027745995207729,0.8082141579931521,0.7462737640655807,0.6672418991157757,0.7720940445542245,0.8446116186504536,0.7730324438134671,0.6731131372815573,0.7548516036403025,0.754581041416589,0.7415162599230001,0.6265881156067701,0.741911581013288,0.7966604418372926,0.717074816461116,0.7597109472106415,0.7626485706324116,0.7880127466018544,0.7443991904054102,0.7053107672931619,0.7334040284347858,0.6990961029867533,0.8289070922560164,0.8000973920089274,0.7744240320565368,0.7203169428776881,0.8388857465841134,0.8073658842733015,0.6673520767321599,0.7986011327529694,0.6316753541451341,0.8407202873046097,0.6885808617090653,0.6930567378848018,0.8293654603197245,0.8245123003802457,0.7558205007300354,0.6991926697603364,0.7128128045870664,0.7597846176070752,0.7839118708708042,0.761714625094066,0.8740105647556692,0.736177399493509,0.8416109961091433,0.7007867625512433,0.7953823233205154,0.8090340152314628,0.7543258267553052,0.6573643086714496,0.8802134743944952,0.7654167192896854,0.6704787832693095,0.8411924324451616,0.7172463252597048,0.813408035770232,0.650156971376351,0.8459525178390191,0.7075629661384554,0.7204480850890483,0.8378651745815577,0.7076123929991667,0.647448369382975,0.6796018539221436,0.6729189152373852,0.7976583055926396,0.7269626500266914,0.625499931764407,0.6561628356675296,0.7902606187130689,0.7576247599878432,0.7253509356785686,0.8743249019278755,0.6553748183490085,0.8327623642304456,0.7588615598178499,0.7549918555231782,0.744257581276391,0.7401048145209266,0.7203310840917495,0.7266430535679808,0.5798856801965934,0.7926334318419822,0.790096258779768,0.7408056100454876,0.7010474942209941,0.8633433774412459,0.7417170152007877,0.7635466849187253,0.8043778965059502,0.8848428239287737,0.7718318627599579,0.754226968589808,0.7457154353073204,0.7708504019819513,0.7960580336004015
0.8291859826860642,0.7778064684413734,0.8252577158992533,0.7174993282731734,0.0,0.7359602967885025,0.8656738034622762,0.6959642881957881,0.7477213013308694,0.7071303240256492,0.8789237315682098,0.8279062707625956,0.7507442122620179,0.6912025350781441,0.8539692210776336,0.8150773884266304,0.7742507754638525,0.795271450082118,0.7499199018640862,0.7335035465751839,0.8436567132925653,0.872912754373566,0.7700246453159872,0.8546158563775796,0.7707876286297372,0.8148672683014415,0.6841260082674976,0.6696597314246381,0.7897356342841626,0.8319265592049785,0.7854699696716178,0.7585406636139982,0.7688631615623917,0.6836682709427432,0.7824544964379967,0.7746750841721389,0.8419753249067796,0.7956303342026345,0.845433247079086,0.7868878834879504,0.8178346415125085,0.7892250429394609,0.845913042364412,0.88107636925536,0.7341308393246647,0.7454425775285273,0.8422253540114488,0.8938632174333702,0.8547687200160611,0.8112976218425741,0.8607644104601091,0.8018883158355925,0.6942043117680252,0.7947911725287845,0.8170387200801641,0.7102534400502357,0.8004920883580066,0.8439276692586403,0.7273685027909137,0.7378552702032939,0.660191009079646,0.6577922675135247,0.7894804782022683,0.6963267285368593,0.7454465497297389,0.667131266648949,0.7026584055008328,0.8575877106134951,0.7407945323846251,0.754791256228957,0.8741137252033456,0.7175887052036205,0.6734713911609015,0.7956279877776853,0.6999325058023762,0.682801213768904,0.7823879526606624,0.8973012490944098,0.7108203276616154,0.7211471677680473,0.7347295685176172,0.798313363563849,0.8517898290956704,0.667351251594585,0.7305290291547032,0.7783987944102995,0.7023310491779244,0.7448522037772685,0.6510372714879373,0.7164708826928634,0.9200139566622516,0.7429829415680559,0.8846559389594331,0.7158098090263838,0.7875777169302142,0.8076678881893541,0.6310188005498436,0.6878803905560166,0.6939582622758609,0.6730479312251998,0.7142238121377896,0.7072370355491158,0.7016339819765954,0.7258608165601844,0.7223860324218003,0.758988722269331,0.6703389382162769,0.7028740788519687,0.7951588512176214,0.81693909160514,0.8259188722455046,0.810700871264672,0.6958355650915905,0.6559436135683652,0.7347373361776681,0.7755753863735556,0.6757004401384294,0.8511191740918483,0.7337846963134573,0.6604654437587665,0.8976441857226585,0.6882193044573631,0.7200669371290562,0.8782774587081971,0.7293271692317143,0.8112797927697147,0.6486294599823951,0.8087490465872773,0.7164252493341463,0.7801828633864045,0.6679818386273064,0.7607508730281519,0.6424167399630348,0.7720578509705276,0.7723142101479183,0.7869315756537597,0.7991733552148704,0.8318592180918761,0.7320419490564772,0.8552999234662024,0.6931154898863792,0.7603422455632126,0.7668150873025775,0.7462143265125282,0.8732706764187464,0.7756495989800192,0.89108022496908,0.7291628358520047,0.758892318441493,0.5958725959157419,0.7686516218805732,0.7298354875741818,0.7891285655783385,0.7829880492667644,0.7856834322158978,0.7825552999831117,0.7690965645201138,0.7943022051781031,0.7293711212112189,0.7584901579373533,0.6545027313394021,0.7439515520724163,0.7979400554706035,0.914708185034576
0.8098521826800723,0.8604023776643076,0.8631260679911922,0.7981524677586997,0.7359602967885025,0.0,0.7794716512042861,0.8540057502729629,0.7474620858726398,0.8242387704477048,0.8112504095078449,0.8852379946509045,0.8327777332021549,0.6864214621165717,0.7290659512247123,0.8285227215372775,0.8341416898920578,0.7219401199552691,0.8412226078934069,0.7181591896327238,0.8531499546697253,0.7906033427060656,0.7189887559528344,0.7642190211390424,0.8461525878641178,0.7446800505257047,0.6642625387822377,0.7854859740556224,0.7732244675583738,0.7931916287961112,0.7671469173931855,0.8851335875916261,0.8077691653002765,0.7829542692466056,0.7259094536353135,0.7600226079781114,0.8103863921246055,0.7361557486505489,0.7328391334877635,0.7346854978461519,0.7851536332881792,0.8669608069034366,0.7198966046660052,0.7976261270590633,0.7764114237363762,0.768537934318469,0.8046315470106181,0.7797939214239757,0.7450928970013607,0.7242366797471053,0.8353318582548451,0.888548696635331,0.7323780612282232,0.83582752027477,0.7764462058237638,0.8671803438206162,0.7765727318909953,0.9113404030388242,0.6797850376522409,0.7557164242704603,0.8347255567853659,0.7240451896035721,0.8489942061069706,0.62102630296166,0.6692813980512988,0.7345187169213642,0.737164941323121,0.7783702034776885,0.6757270179622772,0.82052647993975,0.8003892864288863,0.6268012353595306,0.7650001733989397,0.8361521368113108,0.8655679593259552,0.7469050590494831,0.772756977006563,0.7844751188427764,0.7309933844379076,0.7806628090925148,0.9021407588421332,0.788639142461624,0.8309704512273128,0.7870766270071072,0.7903290552933159,0.8244991146495486,0.8335394475285344,0.6823770156803315,0.8095886094506723,0.7740188449397752,0.8126098776147025,0.807695531445184,0.7659983906299093,0.7681131267196374,0.758790118012514,0.8307939029997642,0.7176893369568249,0.8478342037241834,0.6446313839814232,0.8218467068468104,0.6499672175785772,0.7444229730203791,0.7167850958800981,0.7727936892176642,0.7624750501772771,0.7928116630587203,0.7829082787102598,0.8044818956203106,0.7568187555686091,0.8468850309731591,0.8562030211959153,0.6977127804452062,0.8962920104932328,0.736138963719312,0.7643124312932968,0.8557065234441754,0.8397915762285845,0.6819713926043142,0.8572102023058469,0.7665626282527126,0.6743333479873633,0.7903690455239126,0.7880990087993808,0.8707132051297507,0.655158942004799,0.8429307312563978,0.777451427755956,0.7890746866017117,0.829935546062234,0.6504272588685224,0.8071012348790898,0.854691921863303,0.6824482533688411,0.7817066032612031,0.7137889049884031,0.6370178748402022,0.7560889682780453,0.6893912913486313,0.659223038443604,0.745781548192378,0.7348805482025651,0.7758024023098264,0.8290848903173396,0.7363367844349231,0.7641899991352691,0.7498031468064601,0.8186338747153797,0.7979857777498435,0.8026127914887194,0.6716880109194744,0.7532961590400066,0.7816682609079995,0.7211469154123529,0.732732584016824,0.873835581172941,0.7577227913400131,0.7613439195405969,0.8987076696466121,0.6971348473381448,0.8194372332184767,0.7238388830761031,0.7833721004444908,0.8557210347411005,0.7830970259921378
0.8457298139685365,0.8803577393094094,0.8240496456200223,0.8631115213249101,0.8656738034622762,0.7794716512042861,0.0,0.7776529655966247,0.7643055805366505,0.8338813499274028,0.8639016777741152,0.8705187146576197,0.8040719959374029,0.7532261221669657,0.9218516567764424,0.7582465629877387,0.757353479798977,0.8242449255770111,0.7729735686203867,0.7190449989183314,0.813166583809581,0.8778137972036612,0.8604737462330011,0.8872627972096985,0.857966279665894,0.8295866509822973,0.7747794419590832,0.7329168827511402,0.851469750137737,0.7628178991358626,0.8428656765529579,0.762348096082353,0.9115153931905975,0.753147959621167,0.8264800564628548,0.8056669346588298,0.8836483276706506,0.7636163712223234,0.8127044784659722,0.8739121697032232,0.8740826612428908,0.8017571278109021,0.7797539152665967,0.8852819765779257,0.8199839024893568,0.7862197629464828,0.8186916234000406,0.8440702415105179,0.9097182404303945,0.7596731414112184,0.8708776436368469,0.8207467494435732,0.7081946155857011,0.8646351225118785,0.8549463187446583,0.7874099755988198,0.7635925938674919,0.8194032924329959,0.8034108885065362,0.7658513912307681,0.7354563563152376,0.635230631225158,0.7582853034885559,0.6772293881927924,0.7176935403693707,0.6711937668927722,0.8261460629966182,0.8644137056812481,0.7389810971924097,0.8143237213810293,0.8523080617190508,0.7293674672887143,0.7063577438918581,0.8429731119214058,0.7112729746181554,0.7430878119463628,0.7825315642822658,0.8874599366880941,0.7314826479160501,0.667332557110078,0.7347359396291171,0.837086292066269,0.8670491088781402,0.7041938949867963,0.718382748247767,0.8262021919237689,0.7370030367348378,0.7796678704765352,0.7418865958046783,0.7973787861933909,0.8898690886353808,0.8551946628480247,0.8459880175489999,0.7215713943941806,0.8290175875960379,0.9119368641945866,0.6313328526358757,0.7858555282985029,0.674300418772505,0.8048337805642273,0.7492513658656224,0.7002900493647294,0.792313226084364,0.8395300573021952,0.7333970475425559,0.7520737186601248,0.6704137486339692,0.7649065097872703,0.8583812603883516,0.8546665854700792,0.87568652864507,0.7669431684676937,0.783331578853673,0.6720803989376517,0.7714762099448453,0.8245232849884621,0.7329806317648951,0.7900146284723667,0.7883968539485028,0.7361446142797569,0.7795683910063098,0.7650715320040806,0.7208759205083478,0.9153446427387122,0.711259540554152,0.8944827996069111,0.6707724864346106,0.8215808735242713,0.779717268003441,0.8035204292406946,0.7033484023914347,0.6803921773235889,0.66586684585182,0.7880072902346477,0.7668645972338446,0.7209236756169126,0.7790384047495759,0.8855019549491061,0.7939244552988869,0.832132824197478,0.8295121100277945,0.711150216532463,0.8583528685953671,0.7418343249134379,0.854296522523616,0.8370392587073596,0.8624444496230378,0.77582324248667,0.7949589125281494,0.5565219283219772,0.8061732526236883,0.7900094807594485,0.75393242429084,0.8382429623789546,0.8676457645693736,0.8415036726909597,0.8178684291485759,0.8608052726237007,0.869485477840076,0.7698886542895887,0.7549753157267804,0.7813199985312295,0.8692091034855234,0.8742730119080452
0.8469609709466921,0.8900688799730329,0.8562390704673976,0.7966744262598082,0.6959642881957881,0.8540057502729629,0.7776529655966247,0.0,0.8140535982726541,0.8637071176452176,0.8148384360145771,0.8740558376412955,0.8959450487620636,0.7399453978391102,0.7889339378512038,0.8316751312785853,0.8254779697517187,0.8161611456273378,0.8183937644085453,0.807164949552427,0.8115073149337791,0.8244000121130701,0.819062901708961,0.8069710378277832,0.8814098822777349,0.7683108581423495,0.8133363644227019,0.859881727688959,0.7573070886364901,0.7898955020136409,0.8271315505523749,0.8506659655252249,0.8174847390741706,0.8332270457566983,0.7679859253799296,0.7862369418210188,0.8522669556262152,0.8056033571718821,0.759935614836029,0.8029663611204859,0.7964581545433058,0.8204686141113131,0.7564592924243403,0.7365298436860606,0.9207633681728338,0.8642921592601693,0.7750375414797883,0.7464131935545768,0.8079549009746283,0.761419714791556,0.8040875390653519,0.8138968312449896,0.7202622737488901,0.8097295188009492,0.779884004976665,0.836724444848513,0.8023121380837266,0.8576547506690037,0.7476370075198232,0.8296291972908711,0.8813390334345662,0.687487547413522,0.7925823879951742,0.6778969375323409,0.6808693379693641,0.7635063134879528,0.8349574083723856,0.7768177622038261,0.7731908390753465,0.924929350176494,0.8089084536142587,0.6904991635947344,0.7519582512278852,0.8675035825816066,0.8817685052724409,0.7618126460857677,0.7930061808291423,0.745052068568454,0.8231467706342949,0.6302013935092761,0.7528160359800092,0.8057949410133639,0.8241523848096083,0.8371959967877108,0.769489993393261,0.9275656197010104,0.871702426337168,0.7459759703466408,0.9006251303045208,0.8574125305373866,0.7898686763896882,0.7926502088164944,0.7595797863667333,0.7669437211128585,0.757093676579343,0.8191695928288573,0.7302741817758854,0.841168882219704,0.6308754322200277,0.886966863124566,0.6936695561228,0.8311067647518909,0.7146051021282614,0.7890778622375443,0.792624035544591,0.8484381250613601,0.7971226433541962,0.8606051540110928,0.816331578533379,0.8377057301931214,0.7918424218947193,0.7249358746914522,0.8260546085764139,0.8242462637861367,0.8042346821608016,0.886609448556156,0.8110520578225396,0.7353262884986009,0.7610974033125983,0.7662513101494812,0.6882144034501597,0.8222570088807357,0.7674600171215239,0.8329811427423242,0.6437833187246483,0.8439660840335645,0.7409483827201641,0.8571951027108952,0.8258085195740934,0.7412030621692707,0.8457580628427855,0.7811443584446404,0.7712747534691882,0.7617944992532869,0.7728654557786944,0.6357785614321108,0.8076400076666954,0.7571906305863256,0.8053560630514096,0.824828898508745,0.7458848684947296,0.7338967162468014,0.8483799091817827,0.7324337752332745,0.7745060519888577,0.7937481958377718,0.823289474573314,0.7902521438791671,0.8649758104625875,0.6505649674229966,0.8048813438229468,0.7314390593074578,0.7827971724847276,0.8146279143258959,0.864834103237515,0.8689858212009106,0.835979069935762,0.8547861662067281,0.72073803399061,0.7396257132725111,0.7337937356420713,0.7475484799171315,0.8936754735800574,0.7812467175475148
0.8815338381119657,0.8362433894003216,0.7264658940727977,0.668227100971266,0.7477213013308694,0.7474620858726398,0.7643055805366505,0.8140535982726541,0.0,0.735837182866121,0.7503483063779128,0.8078920718984168,0.7466152135526722,0.7229992497982989,0.8080450786063867,0.7115846093079771,0.6919770226262534,0.7993588519502074,0.7625682223207316,0.8147230298741355,0.7265598533480183,0.8281109019437011,0.7353504307421874,0.7508085938635397,0.8086954708095423,0.6429130552341266,0.7240321210293961,0.697374964088448,0.688194183234644,0.844252053228051,0.8958733697889742,0.7638949594221687,0.7209954693418351,0.6948691127621164,0.8252740355135688,0.7384810903869559,0.8016982123186629,0.7789439136447036,0.7749306384368587,0.68905549518848,0.7145664707675582,0.8395990796346596,0.7301040918520393,0.7323995153016718,0.7812879863226994,0.731494363156031,0.7616546057569041,0.7168821583134058,0.7821307354954791,0.7667956817592475,0.7397078240313146,0.7042767562664202,0.7171667609990112,0.7167289067403038,0.7080626469907251,0.8382309417747225,0.7655052684838476,0.7694967309047593,0.7204670343414706,0.7507565788202488,0.7020013896144066,0.6585187600210003,0.6943990027180572,0.7019409956675849,0.7485452058608086,0.6708675334438857,0.7324418902674317,0.7783198813182557,0.7199245817086133,0.8234059005561535,0.8263180648229405,0.7235444753355113,0.7079735222489781,0.7201983277711407,0.7485149909713381,0.7551346069093311,0.6634347773351342,0.6928134448860741,0.6856563416396694,0.5857109650782818,0.6572126099680675,0.8632488921841316,0.8310537320951207,0.6743329940764822,0.6933940831325983,0.8396032048794451,0.796400045147707,0.7779285270698257,0.7492268023982085,0.8593302521897543,0.7734923806370988,0.840007327195589,0.7525616228995394,0.728835655671165,0.7558445347225079,0.806064839060141,0.7049796984645561,0.743464711890736,0.7198665098080577,0.7156498183549106,0.7197266646000321,0.6873167092236778,0.6595802496704469,0.7249543339158642,0.7688882195320604,0.704657608425342,0.6282756209737662,0.7269326781622372,0.7094653426787497,0.7706962096385349,0.7224778024043683,0.7377702900830629,0.718318281041266,0.7498203954724042,0.6930569288640555,0.7569132805400329,0.7241192648882132,0.778981531124246,0.6246354799379339,0.7276808407317947,0.7413296634824085,0.6922472581466936,0.7183549647452342,0.7724002642135264,0.7924904044187978,0.729216991406859,0.6688481176505973,0.7806188008929686,0.6683612560340475,0.7232697729549277,0.8548542783959306,0.6958278129554746,0.7004865661132482,0.8248238053030391,0.7737063329734696,0.722314336765119,0.8005268195197855,0.7445054691971899,0.7057038794499795,0.8486972329234472,0.6839695544445563,0.7431964509572655,0.839784703479359,0.7636421477643165,0.7523490693555659,0.7806022661214266,0.8948490399211332,0.6626469953222188,0.797662847624149,0.6020354659385093,0.8128255662717342,0.7287474397738998,0.775487290764666,0.7450206654084405,0.7391712885235763,0.8547304760923196,0.7573081433473847,0.7199101279621354,0.6977207889419369,0.6523988338758915,0.6073378916406282,0.8076282403213809,0.8976547736650515,0.8206980120923913
0.790137224671638,0.8813216101963364,0.8702286815010593,0.7807687568868755,0.7071303240256492,0.8242387704477048,0.8338813499274028,0.8637071176452176,0.735837182866121,0.0,0.79585976521328,0.8309780759868474,0.8740980495520342,0.7338747152188503,0.772109115358959,0.8037228209013098,0.790990619451447,0.7999475136938207,0.7383272000818475,0.7128616376652739,0.7527767946884375,0.8068115867781654,0.844632739010286,0.7863415543213262,0.8978693286240073,0.747098455191126,0.8242552375765101,0.8082995804012777,0.8478477549313802,0.7792532142805617,0.7597645026546261,0.8130752254988289,0.8103913812655411,0.7603293635430937,0.7260320656813066,0.7233364563600304,0.8430248682515732,0.7357326562121042,0.6828153298802548,0.8154440965281622,0.7659664195969164,0.8150658754536645,0.7089995448511625,0.7266322670446245,0.831653985052963,0.7942690340686354,0.7979629650457528,0.7384268884186956,0.8243097127605872,0.6789971450058482,0.7497348062747012,0.7612463287815081,0.6700619326961,0.7629363540511666,0.7594332739175991,0.8426008782144705,0.7049058843330778,0.8040731320703179,0.7550467360600724,0.7403601006930676,0.7749639444600523,0.6247331702807298,0.7184629024387865,0.641089211578232,0.6185173298992037,0.667005462777609,0.7853133139923002,0.8063190540205979,0.7782362374826884,0.8587008045127213,0.7410190809491036,0.6626307662977358,0.6804968098045233,0.8185926913409574,0.7877589388230747,0.753774777218619,0.7432300569586081,0.8023702641984226,0.7244956245254955,0.649914091353716,0.7654364597940686,0.7083324363346698,0.8493868189818908,0.77927066256506,0.6746544302747004,0.8375463091160611,0.752509130358727,0.7074219202538109,0.851436768486225,0.7919747233212204,0.767936908811116,0.7557758286837484,0.7436054866220114,0.678678548414405,0.712234429618857,0.8624618030832464,0.6050126777329696,0.8116288127572753,0.5915403737720966,0.8328501872237833,0.6675551899999073,0.7091279346329222,0.6919264370250211,0.832715064992349,0.6885892982583127,0.7886148873111313,0.7025479114076945,0.8723169296592658,0.8205345068264175,0.8351956776897169,0.7573737514342025,0.6476545916338009,0.7805305312256653,0.7558302772226196,0.7399587128240934,0.8485220857904964,0.7844754849663776,0.7420131158861213,0.7769502600958914,0.7482855467692038,0.6484480070707074,0.7427423916550743,0.7049612889030289,0.825933975871156,0.608134821316119,0.8709981339835636,0.6632804685932354,0.7890635814101504,0.8082231790425065,0.7332638065944665,0.8308850436376225,0.7023489885305791,0.6832197836802008,0.669225592117166,0.6886621580595409,0.6155277781025899,0.7885248222457517,0.7483414782051617,0.7904532686262646,0.7474787465838697,0.7747877675748789,0.7056916998252345,0.7809177944573277,0.6596414048716691,0.7566162648589402,0.7742610175985394,0.7557240176905239,0.8400117939853922,0.8745894523075074,0.6055559025694692,0.6976045531648323,0.7591307043754434,0.6949873148716352,0.8581639709178724,0.8546440515240143,0.7948901247658261,0.8081124800977063,0.8783063718997032,0.7422025775572079,0.7275748372987422,0.8318742485770751,0.7240174790110309,0.8564083533104568,0.7335780870294779
0.8794521940731199,0.8616320172743395,0.9020145791073707,0.8388054939190571,0.8789237315682098,0.8112504095078449,0.8639016777741152,0.8148384360145771,0.7503483063779128,0.79585976521328,0.0,0.8711099588770365,0.8689111603610182,0.7800084105182551,0.8545903958896733,0.886528506333061,0.8822348383053582,0.8607001076103512,0.8311949898380263,0.8079908371828434,0.9000266389387762,0.9228338743958034,0.8340924319263848,0.894145605778163,0.8547054269053633,0.8671443224632204,0.7799329846614833,0.8301568085288853,0.8743471490483803,0.7817971309615681,0.7992266099166566,0.8290202631077427,0.8482167285007509,0.7770946134311897,0.8392067831586157,0.8469727423169544,0.8953459049119691,0.8790331985796649,0.8598460974996666,0.8759159138216426,0.8798782486197567,0.8144806895827196,0.8381382175301789,0.8868752006895884,0.8406603877781443,0.8035582101964347,0.7741168184453027,0.9264637971259699,0.9077557471205295,0.8378688015538025,0.9010391784646282,0.8642963722659575,0.7398709223661499,0.8968143868016863,0.9088786740695012,0.7253407037210566,0.8642851523383903,0.8950159989619488,0.8120820078809906,0.8144158637247245,0.8257408640442085,0.6662344535152608,0.8601760160200123,0.7431608166219665,0.7415042226622433,0.7443309632718351,0.8237436976339184,0.821183242600646,0.827178796902569,0.8726249979456354,0.8707055588615984,0.7537470500827528,0.8017985859921504,0.9097555952140598,0.8387710104398617,0.7180087565159002,0.8674932053787016,0.860146259193357,0.7888340949629619,0.7152654974928098,0.7838957337267574,0.8211421441203149,0.819135634373179,0.8076372672400914,0.8185125372250743,0.8664739092568333,0.8182971113404769,0.7703439944574385,0.7381420446344779,0.7457845432400753,0.9254948385979113,0.7548331046500119,0.9014332289641881,0.7900778423160817,0.8736347084006492,0.8280955664992016,0.6968356861534323,0.7578527658477338,0.6887073258558402,0.7854495529099498,0.7639628473644692,0.7937812924708622,0.7459608437079094,0.7720455703935865,0.8011023484938035,0.8017230458959155,0.7629040862925297,0.8064273724344846,0.8356738537601297,0.8737552942207482,0.8931029154943048,0.8409556566495081,0.8279678197265963,0.7860886105789301,0.8236390994740812,0.8606477858394356,0.75562322223297,0.8484595664140171,0.8515731393820368,0.7372055392450366,0.8497816150797691,0.768270277083643,0.807014311372547,0.8881597824025321,0.7406801536929467,0.884758130701577,0.7085794011240447,0.8292388234272412,0.8442296419039441,0.8080895962617913,0.7052822470986353,0.8144011466499668,0.7712054960665127,0.8327709168301527,0.8530475303454195,0.7480524369959733,0.7949771750543871,0.8577965253049725,0.840381030108246,0.8513025974466768,0.7775691855315469,0.7981225129454443,0.8300368991037768,0.8102045797344302,0.9140555175395078,0.7890852155214855,0.8520988446330886,0.7577878692784782,0.8317625271139392,0.6534814039410645,0.8454087400349642,0.7775502520783095,0.8700772458354742,0.7836723703902828,0.8565295856945556,0.8479436249403499,0.8849804732435671,0.8339197194662201,0.8154590648568654,0.8321481760763488,0.7234735522841154,0.7920141521604074,0.8231506637277676,0.9437654620923974
0.8637658772705377,0.8959374689063149,0.865631664671187,0.8173463898569411,0.8279062707625956,0.8852379946509045,0.8705187146576197,0.8740558376412955,0.8078920718984168,0.8309780759868474,0.8711099588770365,0.0,0.8086673914670375,0.6840885681929412,0.8346070741609048,0.8323331264529645,0.8240387178019639,0.7764598244534399,0.9012181110981273,0.7920273500403433,0.8997882468967144,0.856386846896977,0.8425893323021949,0.8739318953387297,0.925308796114198,0.7993583003969579,0.721821300118874,0.7928396977230038,0.7990718532802922,0.8389053711102289,0.8753253050715561,0.8406102408627089,0.8392656839239381,0.8592784103127045,0.8143176035500435,0.8261919250789911,0.8670953400234123,0.7901976735360992,0.8443592480483283,0.7899176221684516,0.8541559873527002,0.8816929995050091,0.8020374202565684,0.8704161023408507,0.8565203565156403,0.8024184606066568,0.8323423100081322,0.846953592311959,0.8599433548806057,0.7805971451368818,0.8611229278412087,0.8804512301214887,0.6973969671441025,0.8677320496325471,0.8349657589185728,0.8445500160301416,0.8201756206769379,0.939485160008456,0.7256125364837858,0.782478848587169,0.7770802439823402,0.6554965499001293,0.8128476248366275,0.6869829709332732,0.7074403185442906,0.7097031201594924,0.763130350498424,0.7923893102151406,0.7100542700370226,0.8510998019239999,0.8362602945591794,0.6808658217439243,0.7398658575584413,0.8431193716433376,0.8025859002262958,0.7310997115331708,0.7733578752291296,0.8309458091973266,0.7865312531384299,0.6856383640543972,0.7788058475194825,0.8551896488016532,0.8614815925002711,0.7445818968172139,0.8038050611795509,0.8925660428179397,0.8307899021393295,0.7225154003104302,0.7827907731167427,0.8294117613628954,0.8701713874760713,0.867441679599629,0.821575463086479,0.7583360078932573,0.7704859845161036,0.8931630844007707,0.6945346970323218,0.8935701626684867,0.6750012803248808,0.8039968820105546,0.6969405343860702,0.7692374321449759,0.7826156056980177,0.8641703624544917,0.7729616323198366,0.8117081994344126,0.7497196897339238,0.8518077455570063,0.7983560928666984,0.9094043732345304,0.9257313659072266,0.7925304177002769,0.8003509520715111,0.72825022195616,0.7710998910069188,0.8594955177612544,0.8125065562897377,0.7964065503881812,0.8297564842835649,0.737109112025921,0.753696992380097,0.7744291831307185,0.8157066761469811,0.8973835554689622,0.6968144376556314,0.8849002757806059,0.7070609584750699,0.8507774509293045,0.8510468785455856,0.7108082957814258,0.7903448634096104,0.7834514867137976,0.6670995712116783,0.8261507182770289,0.8126095040780261,0.6764755963120741,0.8370089526056943,0.7915266388267954,0.7675036412924701,0.8701509513943803,0.7423170352844637,0.7573174534129328,0.8582619340216366,0.7702788984156856,0.8549967984582765,0.8539363395633311,0.9115042573633834,0.7457886697219142,0.8890516205645951,0.6472145788578987,0.8515861743367837,0.7637639660877332,0.8023770538151077,0.7977433323401651,0.9539308859633584,0.8358365639393951,0.7964224679983233,0.8940460350543279,0.7424563562453456,0.7505637263104952,0.6774452464092695,0.8037983654855956,0.9210526276398842,0.8737367555836354
