0,1,2,3,4,5,6,7,8,9,10,11,12,13,14,15,16,17,18,19,20,21,22,23,24,25,26,27,28,29,30,31,32,33,34,35,36,37,38,39,40,41,42,43,44,45,46,47,48,49,50,51,52,53,54,55,56,57,58,59,60,61,62,63,64,65,66,67,68,69,70,71,72,73,74,75,76,77,78,79,80,81,82,83,84,85,86,87,88,89,90,91,92,93,94,95,96,97,98,99,100,101,102,103,104,105,106,107,108,109,110,111,112,113,114,115,116,117,118,119,120,121,122,123,124,125,126,127,128,129,130,131,132,133,134,135,136,137,138,139,140,141,142,143,144,145,146,147,148,149,150,151,152,153,154,155,156,157,158,159,160,161,162,163
0.0,0.37613979970463574,0.32229657439744835,0.3269677746430013,0.31692322473408874,0.3563918366883881,0.34891325418641117,0.3616917836789863,0.3958081059463599,0.3438726647428011,0.38208304094140416,0.35631249086948735,0.4480346397406545,0.3346665170355217,0.3662955001003656,0.37306628689781385,0.37951468042342634,0.50398406751898,0.3749932517378734,0.5344852598917925,0.3998537897748837,0.3763351204814245,0.3444888863728986,0.36026569410300285,0.47573480979325683,0.3207255840445482,0.295786506676674,0.36030900729320764,0.29408007014670035,0.3170470666336316,0.4259312000583477,0.40337721545183447,0.33770471145791664,0.3878310304344323,0.4594781299051736,0.36540103643652205,0.47535985113793006,0.41183158518485397,0.32460851237360405,0.3706206280990014,0.33788701318760644,0.37963111980750264,0.4108042957665139,0.42082913560270796,0.39931214002014975,0.4508280163430077,0.34361216141761064,0.3717734260276881,0.45096338687285964,0.4405667067441283,0.4170662739442892,0.4048965009977985,0.3441877275759862,0.3493685266844722,0.3512899745968979,0.38673677756506536,0.5086523932697758,0.3540948448231809,0.358173172236852,0.410794871667565,0.3477825299318715,0.32269573172073424,0.37915994202499054,0.32332976229414767,0.3938699267543872,0.4452411889886105,0.3872590807517133,0.4076710734810954,0.35301428173144617,0.42251663470752654,0.52470184653103,0.3896879917749889,0.3790228476467723,0.3875722967721038,0.40337255802878574,0.45039114139796727,0.3144168007419756,0.3188632225598267,0.3865919539215951,0.2978411802342093,0.35534466535861137,0.45327448407842397,0.3510207224944942,0.3647947481614341,0.3890608665891846,0.4449559909115672,0.3849662652378477,0.39854506319366023,0.42967130705397955,0.3708317920343364,0.42261795192186147,0.39978131176025433,0.3801315871247161,0.47176902736653475,0.3910348278467243,0.38073605604656413,0.30691648785182957,0.3719585007131598,0.32147459768033687,0.41004687883314545,0.36579372880547284,0.35145775341613106,0.34729757572635545,0.3563682310784986,0.41910543779721654,0.39699651101573413,0.3700409700124898,0.3783965277890244,0.3803918930458465,0.388339605796798,0.4087658779822927,0.42674251453108114,0.4075547406711897,0.32906020714848544,0.4022490847582978,0.3703735558566286,0.3983090929585482,0.4002998695376335,0.3285069290748289,0.34397151228717854,0.3636298997892156,0.3231481701048776,0.4134121928122323,0.4425913383559853,0.35415974852064414,0.35324259789151063,0.31402331980175635,0.3229678891652481,0.34344018615484073,0.39660727098752063,0.3269329467393816,0.3288744060887486,0.33992111922586554,0.40291302101421256,0.40515362740124866,0.3727507387079047,0.4022268059106451,0.38276599342941175,0.33792648284409643,0.4409534126190619,0.3268720766218786,0.3676985112038631,0.42993909649764595,0.32929670824540075,0.4274300057970732,0.4200235322820293,0.3712446144600892,0.3181925551489543,0.42465608104169306,0.2634939577078226,0.4956980866715653,0.35449334984323294,0.4137986464219233,0.2744032803535786,0.42461370098522694,0.4904386414724389,0.35434330503126177,0.3585283180123992,0.3427955557720066,0.37343892144944923,0.3205681587994801,0.44240754616966627,0.30621166341963774,0.4914866553675185
0.37613979970463574,0.0,0.38775361972880723,0.36766138652815844,0.2856781875504315,0.38895410936052305,0.3790857771169408,0.4285889779301046,0.3435917264771372,0.4692045656468848,0.388977965414099,0.3911584355071987,0.3972865021668376,0.3893640076556667,0.3902268935520679,0.3508016452136619,0.3570582478145207,0.3879339287450095,0.35918663174921933,0.36616805531901353,0.3560624455304832,0.48543711402495554,0.362966535976895,0.37379850144983673,0.428056893187965,0.2979733698714769,0.3198827746474792,0.36483330058623,0.4170715623986971,0.2994491489400996,0.40492455080320966,0.3572629187780383,0.4181938374948686,0.3270438523724165,0.35331958761157367,0.35605243615787435,0.3802877500226028,0.37143052795726805,0.35527958828686107,0.35760945008322365,0.386457556722538,0.38291544872863026,0.28863383225949246,0.33409943765534356,0.4562628015337288,0.36992426175778764,0.31567319447565245,0.30631225148657276,0.38607581059884233,0.3269955598837444,0.34934261559980095,0.3326032756091272,0.3554591264973203,0.44986244660240443,0.3783165578171533,0.38308272900175644,0.3573209416745505,0.3356495782787793,0.3723804893993273,0.40208134608747026,0.3986223168011604,0.27350900185459714,0.30448544304686836,0.2889468249658287,0.30643241027168283,0.3276953619859562,0.37712703245180584,0.35640975624602883,0.33803184586826224,0.404919188912372,0.3653502773679343,0.33943383923983755,0.29154055753551816,0.38592769870857746,0.3972765640096018,0.34314342137157217,0.3215518620675281,0.3779216806203872,0.333160198104482,0.26392374720069506,0.32336580663903675,0.34904622632789395,0.4237904542045814,0.3450263286954543,0.30897002101022525,0.48345591511972513,0.31588647567087147,0.2984386073040868,0.34396762630651695,0.41560744828774604,0.3192634525336666,0.35582173362874325,0.3623097401949591,0.36046307233372193,0.3623697078334677,0.4750419726087874,0.3161707238184399,0.35882002444818917,0.2704461962062898,0.38811944856289593,0.36208589425324095,0.3100620048564816,0.2684249230860645,0.3722998282419536,0.31737349724480607,0.3360289876424301,0.3143688031836092,0.4259757996872481,0.3792248405804844,0.4319455812067879,0.3535557902599405,0.29943376211780176,0.3280178535461109,0.3122499615952217,0.37250950126447435,0.4383964661757602,0.3418259486344988,0.31020185845525194,0.32518514360071604,0.32310580321345334,0.31730647956366487,0.30456478359633,0.32067167065629526,0.4292967364452327,0.29300939225918715,0.4735492446162137,0.2950002619667924,0.4115557302080738,0.39922068877261496,0.361619414485705,0.36382222827140237,0.3214929194333522,0.31278707145120477,0.3583666848291138,0.36907194569471985,0.3095286337820422,0.34750868012577063,0.344082330599279,0.35085066710387325,0.349569811852585,0.37091585990403403,0.3688353273949954,0.41530941164706403,0.31647002875882435,0.38609380970872903,0.31685384045643206,0.3691131597779104,0.36973885620529406,0.43247434492586023,0.27567379795738134,0.3257147484648648,0.3682521674416397,0.3596163906484705,0.3534181690280374,0.38715778997571165,0.42987143351231016,0.3719972330777045,0.40131162813219085,0.3231193282872438,0.30077279379235794,0.3700775152554809,0.3534959913745425,0.2943976719230846,0.3566839368793641
0.32229657439744835,0.38775361972880723,0.0,0.3332624541502405,0.31666992293765045,0.37786524861478377,0.33161703571476275,0.3766409517210073,0.27100850635969703,0.4447054194499485,0.39442362999131136,0.361685506643761,0.4152886054108783,0.2917700487047241,0.3330493265063757,0.4605921200875857,0.40796429448508403,0.3467201287311664,0.29565625165627735,0.2910403724819993,0.4040198493679321,0.4548714915894244,0.3056622762578746,0.35098859106742225,0.35388315470367143,0.36316868901634103,0.2917171736147981,0.3317297554291019,0.33042201909184227,0.30743814696676475,0.3030268154090655,0.36737838973611286,0.31857632938955044,0.3060308991411836,0.27995459864404815,0.3190468957417237,0.37638480546551933,0.3185288350089573,0.3165947969059403,0.3473280578819029,0.3251469337562754,0.35926065333323626,0.3124268744345108,0.33194855511604643,0.38048886253461994,0.3653343766301734,0.3304224357089257,0.3498686160583768,0.3451566810260948,0.30710954087267167,0.3526735596382308,0.3764750793614013,0.26226611188188126,0.39525162455307367,0.35412289219838616,0.3050745742254473,0.31523590467703466,0.37976829169008786,0.31504639160267994,0.3352191251671162,0.33833842027862987,0.271772471615132,0.3437839094042398,0.26079473690307725,0.2665734351724798,0.30910511229991017,0.32562549559177273,0.3856791415036813,0.3376426985695571,0.35982946166649804,0.36307744645880685,0.27736228810105573,0.27839728013681475,0.46645283523493153,0.371343913787613,0.2698116403621534,0.3880351024509099,0.3974308132751406,0.2926133208656778,0.2656516010972076,0.3283903834459508,0.31172605220419963,0.3779980901943458,0.32111053500812525,0.2903124665420481,0.3890289432637862,0.2837242344847785,0.2637574182530663,0.3263822406850762,0.29726316782625756,0.3456895329406244,0.28047725888460295,0.3330436085754623,0.2757545061559565,0.3084448515018547,0.35406078122120155,0.2627123722488255,0.3282819556554175,0.23398654335845415,0.3621152861800018,0.26744710516251674,0.3286366723489847,0.25577004972226053,0.3403875391972517,0.28689513087227964,0.4230049792358542,0.3362862307389675,0.33913084142161093,0.35235038168475574,0.3992507910613424,0.346369427414622,0.2733392468583386,0.30468467581646236,0.28484298503066163,0.30935064058304096,0.40119879738025194,0.28499299136777084,0.34085831818137596,0.36015200890924176,0.2977039784645483,0.3272836672880505,0.2817172002263809,0.27180279378696703,0.4032028489525023,0.22573960789884587,0.4241529472371034,0.28050010276529946,0.3905966803801004,0.3813084997251829,0.31949387086455006,0.30424603964861074,0.4078640418286794,0.26478280801917925,0.2666534091874589,0.31607434283783314,0.2643783522034689,0.29327854098992895,0.2955213137351233,0.3110688754651096,0.3049712953487892,0.28032405264513655,0.31952849845893627,0.32506543213971395,0.2845109561611344,0.33682371856459503,0.27635243977990964,0.35435868452254254,0.37399833527154364,0.3794141462748509,0.2605080520214536,0.27033725018410537,0.2669240814242201,0.32013405352241636,0.36661968332696454,0.37822682966306975,0.34088462366320055,0.3372862818478107,0.44954369342845674,0.23998647839206438,0.3102827159360521,0.34986068260813413,0.25687432933326576,0.2724590013384541,0.3337788670321744
0.3269677746430013,0.36766138652815844,0.3332624541502405,0.0,0.2843501046475501,0.2990598423968527,0.3794844846804389,0.36168754288653376,0.2874115717653441,0.3535627888116807,0.3722024372236088,0.30968219262903673,0.36698040759627415,0.3996077938432856,0.38768178379043217,0.3316305301089626,0.3842302869836726,0.40444411673914776,0.3319211037021161,0.31469820501005463,0.3725862690285501,0.3483877339357288,0.3727768609295601,0.3137102131205114,0.34479206997311046,0.3751848124741339,0.37964566860713544,0.3809217617999065,0.3485328909328834,0.25909423470181786,0.32593940089869167,0.33493905693329784,0.4713510208942496,0.3526062986881127,0.3381578477358997,0.3801195684228985,0.34083833256013873,0.3944226802662688,0.3437862078662772,0.4140690356888327,0.4003352051185889,0.33384481723154846,0.3167607001538507,0.3392658928155548,0.38639404721145215,0.40288406349550976,0.2528954937798256,0.2965770402618754,0.3712710805658148,0.35251940396055814,0.4261200728354777,0.35931130357188346,0.36405504941470623,0.4601822651112179,0.38459642072910405,0.3022973094963636,0.3900589734846533,0.33863730104330003,0.390774882678214,0.4361829023086364,0.4148014055836439,0.31890274788150647,0.35119354221185745,0.2968158442169061,0.3482640424911876,0.3830027267006693,0.4615800267331501,0.29850737332380517,0.3845802793229562,0.37917792091223246,0.3423388595111359,0.34852245311507535,0.3424840014958592,0.4843098895610459,0.4006790784668073,0.31927682367372007,0.41963229921123624,0.3691877834464732,0.36679437325127384,0.25902257817998325,0.3183764535804146,0.38943457542323867,0.29837357823348143,0.3602152690025757,0.3940574899320826,0.3681544151842004,0.3482527772710372,0.36042855876684193,0.3665298270624434,0.3257546970417153,0.3725145061601247,0.3425997177382403,0.3494869622488012,0.34505079052951104,0.41949162193638884,0.3128955542670358,0.312075891880939,0.3354253272108745,0.29822567935876665,0.41596541675211113,0.35298295817956954,0.38465780921300297,0.35769667393534404,0.31479608690705746,0.3655569714242126,0.3434254885884702,0.3774321431278549,0.3291582770750311,0.41150795931450573,0.3074416485988602,0.37407994324131066,0.3511286464085774,0.389341623212546,0.4010148698468595,0.3931392601491319,0.35916311018396463,0.3467091199071073,0.2926807613910824,0.33389312882064925,0.3805622093733335,0.33842493530253454,0.39537675834678726,0.31332871817974195,0.37416850408229896,0.27684176893415063,0.3574770053818717,0.3581576928110534,0.3449175487230968,0.3874015690357207,0.44041432777532,0.29343958138476306,0.3493334546310244,0.3668422097657003,0.35689917545093086,0.3416962666997167,0.2843543085690221,0.2430357613698694,0.38474942515179517,0.3667504936488246,0.3585337582691285,0.4080335657134194,0.34608610163799863,0.4253811391977179,0.35476147888122,0.36179836920220515,0.30606714371114674,0.30609408468355465,0.3514925431439381,0.3083894500118316,0.2730294222487018,0.35603702849224306,0.35763954824033767,0.3919875987993019,0.3086410886126182,0.37656695248806477,0.3778642413800506,0.34884141326674345,0.33774616496809357,0.39089017178264895,0.35094882670801475,0.4080477375322144,0.3228368160548634,0.35966292560250096,0.3415328281681012
0.31692322473408874,0.2856781875504315,0.31666992293765045,0.2843501046475501,0.0,0.2621114223403998,0.3610199909827105,0.2721524733678549,0.2717682382897543,0.2815627072725224,0.32233384052223213,0.29616894125030035,0.2824612380250679,0.27041356440438735,0.35071106858901285,0.32802308201695923,0.32036673912793734,0.3283827633904528,0.2657159862848522,0.2875022139412677,0.34316854888710535,0.3325730076484655,0.31316540232420575,0.31578161430704643,0.28747593055836734,0.30218148940154516,0.2652164692245761,0.2560233503075264,0.2613798315493973,0.3106610057881432,0.32317363213962536,0.277654700158366,0.29218069580661704,0.2725955714219021,0.3450571629057573,0.3324319793318606,0.33206930014999353,0.3094823470925426,0.3497483226542008,0.2959522612194922,0.31868197242971985,0.31484913623461946,0.3351295891118458,0.3758023537340259,0.28067329406779806,0.31113378874569136,0.3399480508013358,0.3470970423949549,0.35068626562605276,0.3399308433515292,0.3498417521636364,0.3078389254550141,0.282060529547757,0.30805049280945257,0.30960648303003585,0.2611072146027424,0.2976354391349528,0.340547186072407,0.29217303467587846,0.31101720901359187,0.24653231079422472,0.262819769077075,0.2871466411726423,0.2881839961270268,0.3046117610243106,0.2549170018655563,0.275494381440331,0.3325738783479587,0.2870071780380595,0.3044716083546204,0.34759919246261245,0.30335915471986635,0.2442419754592997,0.32109408228118036,0.2718595861199774,0.2629065378583821,0.3116211119291369,0.4375300987233435,0.27571498868849675,0.2544435432014293,0.27946006056177575,0.3292118226348771,0.3354972053697192,0.2453034893387967,0.2736136537309299,0.29545682863715916,0.26540031880089415,0.2924319881623449,0.2728957028850415,0.26494463257706086,0.41097488436019314,0.32598397266328083,0.38019347545452775,0.25727572192691234,0.3059756020726236,0.30116898219685134,0.23339730903627828,0.26929495726387614,0.27933043303567884,0.27234528475785685,0.28324167515640897,0.27942716547673124,0.28075837862328595,0.2835279979002384,0.2807190234257373,0.32161991992379263,0.27634560733515157,0.28283869645840054,0.34069940422028877,0.30949849430844034,0.3256427705591273,0.3167520331117649,0.2584444536332673,0.28189214138636715,0.27400971735660046,0.28190439353155633,0.2573185306531876,0.3222258398357338,0.2672858692897009,0.28237276293615354,0.41731852817048865,0.2750295627480831,0.25355918114484505,0.3800494270298425,0.2653647322718187,0.2952700653253254,0.26127557167723914,0.32967910687275215,0.27321755902973927,0.3121649911812272,0.2537617072276422,0.2930850017078832,0.24094248992630107,0.2873239419750102,0.29909937139411397,0.31154433533266923,0.28219433805383876,0.3463227067679871,0.27510532900078166,0.35273768871646927,0.25117364976378825,0.29936487711994436,0.3344686574286218,0.29378320747171843,0.340128878690489,0.2898365176800136,0.3611510631750696,0.31199982629876344,0.27917501626787933,0.2296968171342929,0.28507650388542727,0.2753314727705812,0.34388796839824026,0.2976485589235299,0.3214461240898831,0.323841348625361,0.25660566115201466,0.33621781851198823,0.2585221933498584,0.27351177859517256,0.2695362009628983,0.26798267497938355,0.2741742607983024,0.3759110825124342
0.3563918366883881,0.38895410936052305,0.37786524861478377,0.2990598423968527,0.2621114223403998,0.0,0.29341459589519014,0.3636259161592795,0.3193860059352085,0.3444428421667881,0.36541035044097375,0.37856007315758833,0.4050537317751776,0.2678656594700196,0.3104332348212487,0.3976370990945359,0.371142135373532,0.2818803874624922,0.3492607125155565,0.33588929974897375,0.3858185088588048,0.3730265458865578,0.25297620854072406,0.2990331494326686,0.39032384249669166,0.2776062317687329,0.2533627870904839,0.3152594151957331,0.30214697484545355,0.32375720521799667,0.3520102934207471,0.43408021401459085,0.3225854387660798,0.3083745150474045,0.2871748041441288,0.2892651616184613,0.3752610050295104,0.30606688502775853,0.31523585605339594,0.27821601525461276,0.2968720241825929,0.40885575690648185,0.31127415816582904,0.3567786487913572,0.31656305254724504,0.3114774442096652,0.2998501295632821,0.3220859391114087,0.28175754441595224,0.30341259992509045,0.3404212871967285,0.36689981395056476,0.2800878613384088,0.35159232074921304,0.3006856144279104,0.39821164324707986,0.32956663045926404,0.4340625004028663,0.2648978223553059,0.2938150639435539,0.3944203731717094,0.314254035445456,0.36322553980835903,0.23947683619628932,0.2861807797079658,0.32289150068269384,0.31482534474007073,0.369201111795248,0.27399959738512997,0.35572813637756817,0.3680795045837454,0.2542925139306576,0.3147660265383431,0.35006146316690834,0.4131938757610484,0.3145606230396635,0.3319193772407691,0.31530366597841286,0.2826978012339076,0.3641570714605935,0.4436324240209495,0.32804691641282374,0.35541321199196135,0.33546793240334205,0.3175448115719436,0.34215449012518473,0.3757274780147447,0.27416250679137455,0.34464173550037475,0.3192751284445237,0.32192498227475,0.3370923937897902,0.32144417453862506,0.3175553313091386,0.28968231372254233,0.3889708097069233,0.3194143825370287,0.36988705410011863,0.2536353860393713,0.3224511579963819,0.28083282622434785,0.3247301009658577,0.26794805656486137,0.3045058248476146,0.3089010219123152,0.37316177834000386,0.3587534773020337,0.3603312181923153,0.29514650511233587,0.398784390201355,0.35924885072564844,0.2734337145260782,0.38751788801726417,0.32599260962643156,0.2873913175079244,0.3668408450655635,0.35173190035539337,0.2853954189185772,0.380133731315521,0.30676917653389535,0.2825070311066809,0.307971267717086,0.3362215405456918,0.3955821987870774,0.29698382742634216,0.36883841004817064,0.3174161544126678,0.32513750690248333,0.3285046653320816,0.2673842299640899,0.36803773446985516,0.47466057610202406,0.2976216783103625,0.3179030153615372,0.3331432748269711,0.29338673265386905,0.3296463701294158,0.25571046828120697,0.25547858309900606,0.31467291750700555,0.2934780760092824,0.37800981849519893,0.3216461416768264,0.30234376071328284,0.34935142013695325,0.2891716386909753,0.36713278021611706,0.37054290553222974,0.3559362563363682,0.29547096400031164,0.30947410091746425,0.31045324717278994,0.28429910566229893,0.28453061878755925,0.39448498164748036,0.36203120475274103,0.3273219981973944,0.42331115821111925,0.2532517868266081,0.3335817332958366,0.3002027037859355,0.34243072537754443,0.3011229382181189,0.3380779569170536
0.34891325418641117,0.3790857771169408,0.33161703571476275,0.3794844846804389,0.3610199909827105,0.29341459589519014,0.0,0.3036341758653457,0.2986118506861856,0.3423055165518484,0.3670049133797825,0.3583285494026586,0.36762483853647315,0.3582546507686288,0.44988013394227766,0.31401951045221765,0.3356644418635404,0.3834804216893821,0.31030647924553134,0.2941945246061801,0.33981671432646693,0.4325299720707594,0.44585976109446995,0.37927567188732725,0.34187360306138015,0.339628725068497,0.33607963862934037,0.3060432910834659,0.3426966756376819,0.3162598817080778,0.3389654108826736,0.3289503780570326,0.39868901116619326,0.32644114305282446,0.3188454406549782,0.3296666194351877,0.40133296012449965,0.3236707423100223,0.35345221263410614,0.40115268813370286,0.3829534933437445,0.3561924267098651,0.3393525534347581,0.34768248775292027,0.3713646382237527,0.3635311722863506,0.33894525342046505,0.2994908206386748,0.47606901906444665,0.3274239755604148,0.40045747850381636,0.3096066952764389,0.3051966154485979,0.3868255864487771,0.3820495872842553,0.30714094091738614,0.330124209174705,0.33176462315375993,0.3751196049215631,0.35226400442461786,0.2809912072346853,0.2807138570098034,0.2893954709617307,0.30394038722166783,0.2987240619295397,0.27232726232402193,0.36923245154418005,0.3872454939381348,0.3343092800327415,0.32646328006704706,0.3754332497566859,0.314212172140227,0.26948791358404595,0.40463670526173506,0.2812131931424618,0.30272945227005243,0.4026476116649868,0.42620804218874325,0.29184643842635777,0.24772168006512596,0.2915783464767141,0.3545079562360915,0.36415886802973607,0.2630523405412645,0.2877959603880608,0.34865886917918093,0.27935004726794566,0.33465430722776557,0.3160161924400747,0.31598089491978365,0.3979353862681292,0.39804890873796467,0.38172664094928416,0.2937231096104127,0.34296658481167713,0.3766962653428239,0.25330047974388675,0.31757789020298527,0.29151949352690704,0.348569851356487,0.3253600617345412,0.3139913820480052,0.30900237904120054,0.31941459909913694,0.29227473258411757,0.3442920293231276,0.28615380407771823,0.3198466596560138,0.42825738613945374,0.349637418585505,0.3957547222875808,0.3163790050956144,0.28991402804007843,0.2925369226551539,0.31236362954425656,0.3612983154244189,0.28727708651587736,0.347687517929756,0.30142512893118406,0.29975042105228006,0.3477116896578446,0.2838206376670022,0.27077263539739804,0.41880242960922637,0.26269961977768846,0.3790268913027602,0.28323608643508064,0.40776350576068765,0.2957803587569042,0.373047370972143,0.27791044428678513,0.28339771851983087,0.270446769017383,0.3002756683129302,0.28707106706908314,0.30302697661973577,0.3039136353987896,0.37818551966604147,0.3337466026817702,0.3594897687908998,0.32598709261694025,0.3205268574617547,0.38545121108649644,0.304640302876571,0.3571030872103844,0.35926870065069993,0.3627578078709414,0.3699152287958956,0.3105132786635101,0.23515419698814122,0.2986791679350347,0.3223545605857125,0.3604811194070158,0.38196998169895924,0.36483647671301567,0.3728985821954842,0.36253124924693253,0.3609648786991325,0.3329715941559551,0.3310505850087801,0.3242880872629374,0.2921498162372485,0.2940993598579814,0.3715149887013632
0.3616917836789863,0.4285889779301046,0.3766409517210073,0.36168754288653376,0.2721524733678549,0.3636259161592795,0.3036341758653457,0.0,0.3707444344094579,0.42415003295075343,0.33396907210098514,0.38261487263123645,0.3992909550261512,0.31599890566611977,0.33328916825224214,0.40040538472789194,0.40009171110047304,0.3713733228648287,0.3521310438110151,0.3691793643360267,0.3760168664249239,0.3380453929367039,0.334967030632476,0.29890187701130205,0.42089761429684763,0.2963030887523145,0.36377610033702357,0.39593878489648043,0.28222029797611736,0.31829969258000856,0.4499960180662169,0.37726593585921026,0.34938849861246,0.3689170927177771,0.34837749822335384,0.3742406477104971,0.3776736275728029,0.4209832748962874,0.33927328251392214,0.3250288817677698,0.3358741219278842,0.37178572021036077,0.32294453897597136,0.3142270900119752,0.46451844413540405,0.38984121629898466,0.30921708425420574,0.29213499800108916,0.3533072508920775,0.3359706305963283,0.3473152027864396,0.33566329979782655,0.3228694722848736,0.34627323670704435,0.33484332153915525,0.3618524221604123,0.3571206766451598,0.41848880415678286,0.3534954345784944,0.36853677829072473,0.44360603163830353,0.2901390590015882,0.3398206123204659,0.31012331030260215,0.295229383014958,0.3437010777055118,0.36131946369974643,0.3303652478173891,0.3836517946568445,0.5418937261578191,0.3432517311587553,0.33537360534556443,0.3243055812046406,0.40608206300436833,0.489873218044148,0.33434382151598185,0.35539976939709605,0.32409038446133515,0.39444843172436056,0.2525957526679579,0.32557147135629266,0.35598983575410986,0.37133408793290523,0.40067990835452133,0.3607621908988462,0.4894408339904191,0.40415436178689546,0.3277750989318379,0.46485271817265195,0.37442388374946683,0.33351708260201784,0.35532306790651574,0.3318994689080166,0.3231781694792746,0.36587843857464136,0.3844892282610908,0.3386108900110235,0.42119361540481826,0.2709115913033672,0.42676868925449507,0.3159693065879793,0.4031425543641032,0.3116136417706374,0.40051536182576125,0.3728941849104581,0.40655586870129784,0.37779808725286784,0.4623708468866609,0.34267412785367385,0.3648672482334016,0.32858250375826725,0.31997532158399333,0.35478782730145225,0.39348745040764865,0.35029367016280877,0.4035727026378254,0.3826993886982808,0.30856689810187066,0.3165996358207638,0.370028137892091,0.3033643440283556,0.4191252787371089,0.30192928025065713,0.38003215900707094,0.2734395330898248,0.3581841498626535,0.3140906910827549,0.39448811899609043,0.388624758885993,0.3296154282380721,0.4377284254702134,0.36234291631705284,0.3537852811800487,0.3233200046467072,0.3551931674149138,0.26917119261705763,0.32554802598771243,0.3061534300349941,0.33993227446894875,0.3787670573021019,0.32645808132486476,0.3300809404392804,0.4053237907504924,0.33349775244554036,0.3690366467643541,0.3398946615204714,0.37040163655398073,0.36808424406557383,0.4129688491002218,0.2963035606720854,0.36641284975154514,0.3588403184779587,0.3591563912979373,0.31548459301090775,0.46806986322473787,0.42919304221266985,0.31974385649805964,0.4185378821502603,0.26950887642239335,0.31468800788877893,0.34849529506212445,0.33649688062555727,0.34212266840743427,0.3347820184324092
0.3958081059463599,0.3435917264771372,0.27100850635969703,0.2874115717653441,0.2717682382897543,0.3193860059352085,0.2986118506861856,0.3707444344094579,0.0,0.3027237207632405,0.2738471277602909,0.3337504917793076,0.28424154795517714,0.322813261581999,0.31492196060635363,0.2878068569099492,0.28066367327255815,0.3473926265044548,0.32459588456049787,0.3708951486436448,0.3108019329523137,0.3416917853684672,0.2760535861193278,0.2753846607388948,0.34843877892479,0.2587806796484788,0.2903618534011505,0.29209647853285187,0.24952545470047718,0.36614357264998604,0.468833750768965,0.328590479028315,0.30244023018208915,0.2994573653107186,0.3597075533669248,0.3083929090282939,0.3136638898065994,0.37334376288124177,0.3106011754608828,0.27120108145611016,0.28222784562141967,0.3958415199517565,0.30918939053588484,0.3134882971237494,0.335830365495784,0.3097289047543532,0.29403805961175355,0.2648971156336765,0.31423629836379224,0.3258796734550211,0.31139188900288595,0.2961036019165007,0.32299484447450777,0.2969801389181488,0.2853700123261341,0.4183363558251665,0.34563227514889644,0.3233262993441064,0.307560264833731,0.299033482027763,0.2898881031043138,0.3180617129573098,0.29895835753386296,0.3029333358758095,0.3635713870453877,0.320718477916265,0.3316244247149304,0.3287786798102115,0.2941372604117715,0.3698967806488538,0.3888298464447702,0.34562412131163717,0.3399524478131164,0.29475417045194496,0.34449905086238547,0.3463356628554371,0.26687952583974606,0.2678070569931805,0.3225251217501801,0.2641486851854492,0.3062328976222774,0.4695865486328479,0.38071618118851014,0.28725322842350076,0.353970849440085,0.39288749240123,0.3554703662707468,0.36710710601706315,0.347713381719614,0.43036379142616155,0.3282674426132267,0.4561408247372307,0.29813379911728316,0.32194965166782896,0.37644195327294155,0.37054417308792564,0.37236206146255774,0.3704621357108188,0.37293091583296045,0.31733615992974834,0.3421247746438419,0.2958741391933176,0.33532756755572957,0.3271330355917279,0.3874289902969586,0.3017225797864972,0.2755986477165652,0.3220275210647581,0.27848347636537946,0.2839336615083556,0.2918736081553791,0.36234023975996277,0.3296890441401219,0.37068842012697706,0.3034724553073285,0.3135190223660175,0.3488288038170691,0.3027599434626871,0.24103503126671555,0.35505339794569035,0.31473611062986406,0.3370164842218891,0.3144681244479048,0.3416308547023433,0.4174581064526239,0.28846596547578274,0.31389189463909173,0.3038880136160035,0.2750351238092981,0.3207003104157693,0.4630025211625121,0.33169869164457866,0.31473335755015847,0.43185110712368774,0.31798530017226423,0.3045800218237848,0.3254271052902029,0.29434414447209956,0.2936063316897095,0.38297653763780304,0.3094353202526451,0.33542589750889795,0.3895499088950288,0.37564941139695185,0.330185751463948,0.36255876308373447,0.44309144771701886,0.28741969688585955,0.35032062166977523,0.26346851944459426,0.41499878551510144,0.3408695577182738,0.31411849725140617,0.2735996302276253,0.341598235349407,0.39641954314465583,0.27502288251499507,0.3181266635500033,0.3091754074664138,0.30246735551078124,0.27100755441986896,0.41107845467662957,0.38248332585302264,0.3555838000486551
0.3438726647428011,0.4692045656468848,0.4447054194499485,0.3535627888116807,0.2815627072725224,0.3444428421667881,0.3423055165518484,0.42415003295075343,0.3027237207632405,0.0,0.32676899242751517,0.336173035319296,0.3908924178400746,0.33516880003858385,0.3262386715921929,0.36018101732528995,0.3724013766110381,0.3942095899148358,0.30917890300545187,0.31275579395645864,0.32696566277388717,0.36040970693379903,0.37141592052609823,0.29953757968910116,0.4436632769669219,0.28847908769082947,0.3330040416261593,0.3773245902501973,0.37115321578171623,0.28445040748109496,0.36889084315119985,0.3648710170150006,0.31164281573977654,0.33804860498547645,0.32374440756664347,0.32674953421153763,0.3709194565638404,0.3347067769362394,0.29029137932907234,0.33277684715537825,0.2963005975592448,0.3755693978936597,0.2917114072561167,0.2967469037319061,0.3978970617071815,0.36010678079833885,0.2964339271903615,0.2904527324363837,0.3961589525814425,0.28686682728486285,0.32376590322586773,0.3044523263381787,0.2935970899433321,0.3612551007869782,0.36620934755596785,0.3628041658629667,0.307860227833934,0.31606622341664176,0.36425205751319495,0.3460920189971783,0.38085076197834694,0.2711931735784543,0.28178791412604864,0.2800287906080702,0.28538635525283756,0.31192907188445385,0.3445222768188112,0.33658818681113817,0.36365286441555483,0.41498056803447564,0.3194193048740294,0.3339184326189939,0.2826546683492376,0.39254069100259664,0.3779969858550369,0.32878805021992974,0.33702218241051946,0.3587628156572248,0.3039685101760769,0.2639634132364995,0.3264226856898893,0.31895368825912873,0.36768142821522964,0.3503817226394717,0.3103322448723827,0.3981292084839245,0.3172990500261752,0.30622455282519667,0.3990652869363354,0.33242140207710286,0.3096337957024103,0.3256816201146118,0.33035509405312524,0.2919325067863389,0.3422380031516062,0.39548907438258446,0.2619222754415332,0.3711214476059602,0.26254192266169374,0.4077908085501448,0.3167366106595102,0.3343006862766168,0.28015040191921636,0.3959021764827334,0.2969687719413304,0.3502994296190091,0.3307146474924153,0.4596158395197526,0.34373876608549264,0.3716049777675231,0.3178299922999567,0.2862056292290322,0.33804227089409017,0.34213388078482343,0.31774720349385605,0.3814683415195687,0.34185613053197444,0.34924608368692583,0.3331136766436452,0.3476973482610741,0.2832348508534043,0.313604805868676,0.280488297757734,0.3769990090622692,0.2544704966771528,0.40863118147331157,0.3025300999497878,0.3439931805927538,0.4089080944515137,0.3337936673883738,0.3912890111237406,0.3174069208996045,0.3068925223952896,0.28208082139666396,0.31102744529928156,0.2671241456897268,0.3029747102164982,0.310567998642463,0.33315489034375917,0.32909152764580396,0.3172439598342809,0.3419527077082897,0.37497247426839225,0.28788449712334485,0.3399951695654108,0.31783706932887157,0.2958201778847483,0.3969507047502329,0.4611043492392688,0.27817340915593153,0.28977378971820106,0.3394955078247884,0.3173390535999106,0.3374262966811012,0.38062660537070697,0.38177686213163137,0.3033173898240875,0.4204321656702454,0.2839238421596891,0.32970624580668734,0.4261719044531439,0.31579275208422247,0.3135934949194018,0.3061621480585937
0.38208304094140416,0.388977965414099,0.39442362999131136,0.3722024372236088,0.32233384052223213,0.36541035044097375,0.3670049133797825,0.33396907210098514,0.2738471277602909,0.32676899242751517,0.0,0.39615433340616774,0.4231290605203451,0.3275757579025705,0.3504699716367134,0.4387351070906655,0.41044299493131414,0.38280694679183686,0.3541632541682454,0.3501458550078308,0.4315034671290242,0.44062722281923866,0.3243438910622434,0.39516315020939713,0.3895656914159194,0.3920259882166354,0.2980502828034375,0.35877730129614555,0.39185888785807066,0.3030605955117899,0.33077433298414516,0.37359504733005444,0.3621981623323532,0.31549274685277306,0.35217770566928575,0.37937973066057645,0.4711967853477945,0.38264165889671314,0.4242000543541532,0.3662059849750801,0.38178013893763635,0.3277501775459433,0.3678888472171937,0.45578775086096635,0.37287966081852564,0.36072186724807637,0.27588692854541746,0.4769653453657862,0.41719901601678555,0.3375464181217246,0.41878236033115307,0.3616067321679848,0.29918877192006366,0.4888935658616707,0.45377479875433313,0.2851312482568717,0.3972719668799259,0.40178074550784654,0.36221215640325527,0.3791847919514197,0.4063952714607323,0.2649269777820918,0.3742631237859479,0.2940044809467152,0.2836193511441253,0.3298570879212354,0.3856877942743992,0.37242652398560544,0.3610394541368699,0.3684989267035197,0.3962352899759255,0.3190330230708295,0.3179632485558162,0.4483874571515509,0.3709618189833528,0.33025008077566675,0.44653939771139295,0.38871804121285686,0.3328484727018316,0.29158578658679435,0.3543794987669639,0.3150885007150657,0.35442214689691437,0.3632536646542432,0.3105870248558441,0.36234837215429294,0.35279602554201445,0.3056827486719204,0.3091767876993639,0.3252525318731148,0.42453172341444295,0.28547708477199074,0.42935375914970525,0.36650314767442704,0.3334491872081878,0.38997035488677645,0.28803473211985586,0.2884332314368683,0.25963695818922655,0.33229466329589624,0.3749765698225026,0.36077776926511623,0.2931450745875023,0.308007644991113,0.32526609171209997,0.3413597402281661,0.33004538045517257,0.33317436724471466,0.36114983520040245,0.4477014015972624,0.47582906613086,0.3229804999952314,0.3385359315689437,0.3151318884515496,0.36733590020484136,0.3547056398052449,0.3126903242006355,0.3620126855361558,0.3838576503619944,0.2997109738192949,0.38608758060346277,0.29346252594336836,0.3290206425997373,0.44547709769951804,0.28358304160600895,0.47014138145309137,0.2618288277916729,0.40630464899826546,0.3729004384383503,0.35166891975491243,0.2636049597668966,0.37282661117786675,0.35029397717558103,0.3366564759830967,0.45015755129988455,0.324259966128631,0.34495873511945957,0.3398128834641004,0.34858062889774244,0.36416456418672094,0.3681264636629886,0.3651273718208112,0.3225736474116682,0.31578217399897834,0.49808405502740605,0.28888878868373113,0.3376901757076965,0.3573271742723433,0.3363937447723987,0.27136510375960127,0.3940142471461638,0.3209043474149221,0.42528346313834403,0.31416457588736096,0.3745683383474188,0.41618154133016605,0.3816180750086162,0.3875403780163944,0.32960284677526247,0.3282951116221914,0.32931864144776163,0.34567650519119547,0.27638441872003405,0.47639072062718313
0.35631249086948735,0.3911584355071987,0.361685506643761,0.30968219262903673,0.29616894125030035,0.37856007315758833,0.3583285494026586,0.38261487263123645,0.3337504917793076,0.336173035319296,0.39615433340616774,0.0,0.3178146713169199,0.2487118897648474,0.3278880772794615,0.3821161861648876,0.36762673205744917,0.31700834450605336,0.42149508699011484,0.3379008402007276,0.43133073679849154,0.3716182357780923,0.32377669864821207,0.3422451387980274,0.42960049576353054,0.29250351677321657,0.29652787282202087,0.29995073675103706,0.31211965688206555,0.39817493979637597,0.3887989141274301,0.3650880804096595,0.3269069083515606,0.3487706607442785,0.2959083295705934,0.33605476142682245,0.3707321448937611,0.3565950588373929,0.41132190807148966,0.3122216276207749,0.3442445056271247,0.38055503299888743,0.359497632826044,0.3573771244937739,0.34454193050892895,0.34764542813950633,0.3580150842993046,0.33212502243038716,0.35289826568471966,0.3366530146221282,0.38918195025153257,0.3536492079522916,0.28620888730418004,0.37535527520004697,0.37536765980284786,0.3165644301145657,0.39622430950039395,0.47296324310764165,0.28413701133655794,0.32972743800411175,0.28626708957407,0.2639424864650841,0.35391907093366526,0.283264623813188,0.28048561726451815,0.30914942252916866,0.2771818224442538,0.3148443730519097,0.3006868132585492,0.3449023222773155,0.339123940530123,0.2678273125070717,0.27443125214969716,0.3482159434301068,0.36024753180794644,0.3015101531026652,0.32562379170032435,0.3453685341596236,0.31726641790887733,0.2544366591014997,0.3102138323028114,0.34134680827539265,0.3768622979930036,0.279199849070846,0.3230910100787275,0.38631711645651573,0.30000397390644234,0.2981608606207382,0.34022941581677235,0.3301931522955213,0.37804981737585724,0.3385176128200456,0.364312329102579,0.3295724497560933,0.2968688747704235,0.42997172606752526,0.28161131322006916,0.35207719763279266,0.2568005913081696,0.2978045987429902,0.271175212125931,0.343473570653347,0.3087389104375494,0.4094501027882628,0.3160547154439978,0.3531937280178544,0.3454136619736647,0.34895042977060825,0.32523288240928805,0.4178142384246095,0.4624369398880355,0.3338236330039466,0.28519311161689087,0.3268057594291605,0.30476291187823823,0.36703415655523,0.3173808971854318,0.39354703655940443,0.3339470769623522,0.28538688732194095,0.31080337550829856,0.29385909059201615,0.29274307051650766,0.38880524393138766,0.2460613073886212,0.42140238957338627,0.2687265025018252,0.4101077855321283,0.3467603217935596,0.2821410993685211,0.32905631279710357,0.34149214989772336,0.2643944653700387,0.32336551815318487,0.3360024158541906,0.2651925616905812,0.3724532043123796,0.2922707389020838,0.2973492597403669,0.3874436448238707,0.2665821463579718,0.3289546759955061,0.34431028988280515,0.316073352261041,0.37642278494072257,0.35762900651167456,0.45497314665489874,0.3301295354363931,0.4133392261611387,0.29134374231661964,0.3429001307988911,0.33156494161878275,0.37158363701050245,0.32299339241694475,0.4693336834812532,0.3345428378818998,0.31436688319913725,0.38765040639225806,0.24183006998806758,0.305444771794455,0.25643211623215645,0.30144834786243957,0.28230157196158606,0.371877882572043
