0,1,2,3,4,5,6,7,8,9,10,11,12,13,14,15,16,17,18,19,20,21,22,23,24,25,26,27,28,29,30,31,32,33,34,35,36,37,38,39,40,41,42,43,44,45,46,47,48,49,50,51,52,53,54,55,56,57,58,59,60,61,62,63,64,65,66,67,68,69,70,71,72,73,74,75,76,77,78,79,80,81,82,83,84,85,86,87,88,89,90,91,92,93,94,95,96,97,98,99,100,101,102,103,104,105,106,107,108,109,110,111,112,113,114,115,116,117,118,119,120,121,122,123,124,125,126,127,128,129,130,131,132,133,134,135,136,137,138,139,140,141,142,143,144,145,146,147,148,149,150,151,152,153,154,155,156,157,158,159,160,161,162,163
0.0,0.5412257095572219,0.5376115452030362,0.6245359648819727,0.5397478715540375,0.5599151642812813,0.5696589980976033,0.4907289404300123,0.6524816338776596,0.5247560715348569,0.6265362692200379,0.5818362546783952,0.6681431746435083,0.47209684749979985,0.5874421497850356,0.5980015677474207,0.6508327452302187,0.6886701138580955,0.578979149206918,0.6633546224001647,0.6180448620174083,0.5497179021745885,0.5839272375304593,0.5498145184956279,0.6450245045836605,0.5868427527128535,0.5919446378369746,0.6457022550045924,0.4433904786651712,0.6261928671265398,0.5941892636636711,0.6168671928031381,0.5763637593145116,0.5139448046976811,0.5973082371966119,0.4964541891188853,0.6208962080966256,0.6388513942858077,0.5318516454609761,0.6635306149831443,0.6147431894424842,0.606405720053701,0.5671751371302928,0.6507172911666124,0.5639296254944121,0.7118135571118538,0.5286180072061548,0.5773199104174216,0.6723275838384435,0.6665412830836299,0.684505325083844,0.6238600853838576,0.5383288726744456,0.5502502625616164,0.5451529171965087,0.5620340471190746,0.7443008533628924,0.5955620766299615,0.5946447007243878,0.5287981763326434,0.4953190478010297,0.4136383645183385,0.6170478930087626,0.46143493506947514,0.6054275107314288,0.6719044493427178,0.6454272107823198,0.5541718566155577,0.6048948913804705,0.5110801081424765,0.6594601074926806,0.5363201026377903,0.6890414156535186,0.6784950241066224,0.6362387771783674,0.5925889346747496,0.5570488563895586,0.5424466640529372,0.5837407232252344,0.5051020581487853,0.6304360823334044,0.6065151716664993,0.6052813039382153,0.547881553263558,0.7256704368589387,0.6969511627717061,0.493984002146071,0.6488159234884641,0.6164049589132603,0.5881404610482037,0.736389711320634,0.545286072055466,0.6152806586995628,0.6412223456053261,0.6424872674519481,0.5504198781353642,0.4651240658662484,0.5659330164322992,0.4070570489496619,0.6001670994034393,0.4787032414096916,0.42496461115690515,0.6560378480227917,0.526401189502772,0.5994399714638268,0.625936506245975,0.6172318682451272,0.5949689220191973,0.6511515138723636,0.5762226536656031,0.6292474222635623,0.7228624863160115,0.6825087291199203,0.6290223213066263,0.5885346728137845,0.6440294707035504,0.5991859551127799,0.5542010764067242,0.5907563432974929,0.45878005417595213,0.6216185056204243,0.4793336188999601,0.53982146482134,0.6666204262454775,0.5505785767569921,0.5438588784776969,0.49059646963366565,0.4408656164165566,0.500971290095485,0.6568334057020879,0.5819031649248708,0.6263748594564852,0.5187035200248954,0.5596876270000339,0.5692757548955221,0.6088166887387546,0.5781676562926421,0.6381426016095145,0.5955601787726493,0.6629881377875686,0.5699202941967962,0.48081046751719014,0.6020207654470481,0.60426452086916,0.6504227410998997,0.6508087743500998,0.6219809395874606,0.58641018790035,0.5772135939355804,0.32860755094631294,0.6533248935494924,0.5632868167521468,0.5839974360660374,0.5852972809731994,0.6500136648616107,0.5932090096304213,0.64960741766875,0.6589545686433291,0.594955895426291,0.6411427248029757,0.5448171559669578,0.5802603620901635,0.5614621737434211,0.7143139423363062
0.5412257095572219,0.0,0.5052737945389103,0.5296949289919992,0.4817194730621876,0.6017977353795245,0.5458988130486611,0.4174192928689367,0.5335255238171797,0.5483895764157034,0.5089039322938639,0.579845810171885,0.5297967374046264,0.5410730875222122,0.4860657782086595,0.5123463921693986,0.5897712187103843,0.4799365148590114,0.5203405977137856,0.5528449024244131,0.5315856550962788,0.5086456590951386,0.4872529553417995,0.495646010214927,0.5175364887460969,0.4523320417500083,0.5029412279225431,0.523110846729433,0.5784678748482988,0.5023917645145438,0.5339206043382642,0.5924477425885377,0.581448166092305,0.48864877392682404,0.614371990922503,0.5679729361649853,0.47235089561485843,0.5462306821261129,0.5243375247581317,0.588032381800914,0.6832968719490291,0.5465074456763379,0.418805847063648,0.5972047925243261,0.4918611489722925,0.5216760874954172,0.5344979955139068,0.4890139002421135,0.5387655484699853,0.5945790701195114,0.5384842491304603,0.5545283597852079,0.6592907537076309,0.578882276590145,0.5555803541041224,0.6262502970661294,0.5577433691645278,0.4956290189381831,0.5503397891750894,0.5776175667503751,0.4494634016809029,0.4400937784335837,0.46602796939222246,0.5321765424540633,0.5094849561938717,0.49591324858383246,0.5411889894343872,0.4370003992071167,0.45074398700561863,0.39516502554870153,0.5021303755473254,0.5495415886921332,0.5792483639312849,0.5254320425076064,0.5759530734325488,0.5484816667306952,0.4615810773098279,0.545690186120717,0.4438773967122953,0.5114639409641664,0.5824831684855346,0.49868089776389857,0.5436113443552347,0.4926825781148551,0.574980427266219,0.5823685460591594,0.39819756590055283,0.5031956443154297,0.5332799111759166,0.580674628103606,0.5263464709319836,0.6356792263223732,0.6571041858426668,0.6098137787448148,0.5952593209268208,0.539641402116802,0.4702619828294098,0.5857212028059334,0.4631786231058326,0.5858105913811046,0.525862938706996,0.3565800536401851,0.48081463253290563,0.4739254756653027,0.5359826367620674,0.4990533218535629,0.5361165474991489,0.5159556580483088,0.611802528977916,0.573465322766926,0.5725749764902771,0.563418167442766,0.5779156567622872,0.5352954867831858,0.5155795117723584,0.5808081069153076,0.5843929481223353,0.473293857882389,0.5977452854132599,0.4850058012577551,0.5868887192836869,0.401514354163204,0.538874663365914,0.5622962155309302,0.5851256822613337,0.5465770909651009,0.5543653865084978,0.43659249737424083,0.586925104158919,0.5364788768105906,0.6039205672669055,0.532580492339873,0.44637583902375666,0.6048170756474444,0.5020189873892048,0.5849070912519032,0.5111150789730861,0.5805437771754017,0.47779980252579796,0.5046036791374824,0.4891485604286761,0.5654518087154757,0.6569195647832597,0.6389739467771077,0.5890882013323885,0.49149139424848975,0.5676553965482463,0.554021900720487,0.5452854258627898,0.3781635708540862,0.47450921763199927,0.606538555374226,0.5341103253514452,0.6007260580380027,0.5213514616059135,0.45314536981144876,0.5053043516798948,0.5368294042855903,0.5876946640599179,0.5485138385004525,0.5088621216039677,0.5785561950385553,0.5042624296514145,0.519350289457513
0.5376115452030362,0.5052737945389103,0.0,0.5542585817044072,0.544179427974683,0.5556076997521695,0.5048736230063092,0.48092087385787896,0.4932620056604624,0.5459091420558853,0.6979485443602947,0.6319494143544273,0.5613614234411695,0.38945907966154614,0.5864644294412353,0.5762204342034598,0.5527267170036012,0.5255395420765788,0.5818199520695654,0.5100703054783596,0.6335452894097372,0.6911184841542538,0.46431653394131495,0.5545434971143803,0.5708668686623806,0.4829737446986871,0.46824938101353747,0.5043305441015707,0.4453826525050708,0.533684401110054,0.5035507318132287,0.538378250225369,0.523341168270937,0.42117636490540583,0.44788139521443104,0.4423039940684536,0.534735653338593,0.49076730469659463,0.5699804349205205,0.527008645950331,0.5302785148203132,0.5357882986319948,0.542653248539413,0.5648698871664223,0.4871002431856441,0.5304266269201212,0.4492376764629204,0.6292644525531838,0.5262535111099079,0.5353725592358479,0.5911325072801252,0.5094890213769983,0.45507895157993683,0.601776283501749,0.5410579450616162,0.4459893938580642,0.5499749094308731,0.6032720307380165,0.5060124959720321,0.43824476426400233,0.5048912503317216,0.3607495532277328,0.5752934379517386,0.39034717484325676,0.5098751197663927,0.5320255783264023,0.5075443317326641,0.5254050990289805,0.5293113826152547,0.49590360330881633,0.5509390042913581,0.4115301105277814,0.4830782463900938,0.6328787331155453,0.562624231120098,0.43566329989938424,0.5638571418239466,0.4927113358158383,0.46458080058505635,0.4197426374373992,0.5471806472295848,0.5230334092693966,0.5625418436821082,0.4546246774708687,0.4930638637207023,0.5204192271266553,0.457289169729845,0.48474278333136145,0.4617400285297693,0.4699990886752205,0.5467180111071794,0.43847532576835624,0.5509066832703268,0.4834824884541094,0.49028996855901935,0.5291594642389372,0.4504969947663419,0.4522556529442362,0.3400141331845162,0.45789316176570277,0.4005305100327629,0.44752941521022754,0.4840793448061089,0.5137086883312603,0.46199545944856474,0.5049829108705822,0.5703007991164865,0.4912128968643424,0.5167289385653357,0.5762302376832219,0.5973473235197576,0.4886561131006865,0.5118020064941423,0.4861753674490866,0.44520499947728576,0.49237853633557904,0.45506841368155787,0.5978413681103211,0.5789208122315632,0.37132697834533124,0.48825056785541815,0.4257221022141138,0.42241191845860854,0.5615584966679816,0.4211231489986762,0.5567690918035172,0.40745550626306015,0.42422058258153605,0.4582476465946119,0.511555135878827,0.46178690097856,0.637962229514355,0.4218979801775682,0.44548630043540377,0.6139383645113078,0.5079319764447897,0.480859342925345,0.4782535561242106,0.5296736903209753,0.5614823862446346,0.5073283802974581,0.4215612559800078,0.4844998832818717,0.5260821410483246,0.5322102996906969,0.4667761390604186,0.5916278391139479,0.5493041477297642,0.5370023654036986,0.30135799176377454,0.5081262692293735,0.4739223514297833,0.5761055536748302,0.578290824377903,0.593781378859059,0.5361912079542327,0.5948459462933554,0.5981683732860982,0.45480937615702305,0.4755125411016621,0.4706735366872548,0.42944995822724785,0.45500605859320775,0.5490361337884025
0.6245359648819727,0.5296949289919992,0.5542585817044072,0.0,0.4910915558894441,0.5749303710981971,0.5483428455920757,0.5230134888081707,0.6043222687901479,0.49893778765341923,0.6164506081717593,0.5917803131290522,0.5915688220833831,0.4296416219780092,0.6572079473305343,0.5215272558221975,0.5417049514139449,0.5684180664560897,0.6038176174336153,0.5415202069197684,0.6074495588822091,0.6017049397429796,0.4842544214648173,0.5353668796436143,0.5662533938934112,0.515759706196953,0.5186438146264049,0.5493172828748663,0.4175158486448689,0.5138388652137073,0.5842463747307427,0.5507649685289062,0.6661613823899989,0.4569628354418087,0.5073861648946659,0.47666873003188703,0.5624775929471394,0.532614332569335,0.5915080381156277,0.5760059291927432,0.5850634240592543,0.5493592752082999,0.524643293240065,0.5954022352294428,0.5362002159647937,0.6016523058701666,0.44440546261088243,0.5464872516406287,0.5474718695973999,0.5910407064127237,0.7111254598272183,0.5608801377846031,0.5208012735186809,0.6650234216886262,0.5517653652827484,0.49313484623809606,0.6285194423389644,0.5847646301255767,0.5458468172120663,0.4907036968488578,0.5683335091589151,0.3924035315205558,0.6151819160694112,0.4063742427613578,0.5951501053870805,0.6338574318753729,0.6566325750509836,0.5308637744847298,0.5169302682077425,0.5248493777353094,0.6450176338278445,0.4553831726826139,0.5905386573924873,0.7107880626116079,0.6087522125385567,0.4915098169207286,0.596639764621727,0.4825936646071134,0.5145565792275252,0.4372086788782005,0.559888017202365,0.7053238549238094,0.5590137888756079,0.48968051724771366,0.5791124248023017,0.5864238808146651,0.5043477193680693,0.5735099026003929,0.5300645776048439,0.5662137494160916,0.605347507826368,0.5227277514894952,0.5555467115288365,0.5734469723840264,0.594763257503726,0.5381694368433498,0.5167860761850893,0.4943683902802613,0.3709130012246943,0.5559754066601308,0.4421660894842756,0.4541017937322104,0.591850360136822,0.5012168489150992,0.5466349520152951,0.5217784755956361,0.6113692742294345,0.48851271461216367,0.554753859017404,0.5375585491598717,0.6503992768821399,0.569006609885711,0.6458137427493492,0.5510940928549753,0.507570142934276,0.5429166192842414,0.4963515730023557,0.505161967017627,0.5528029465902471,0.4167535929531984,0.513316006891923,0.49044735347265805,0.45170004494673216,0.6176067127032283,0.47882128375779154,0.5361102191448324,0.46609254240052783,0.4380985631756397,0.4597200348122391,0.5587814497032111,0.49141785358904255,0.6179244500991089,0.4845664987398238,0.5448946475413082,0.6172048626202646,0.5327436354374585,0.465186998097027,0.5333925861566838,0.5222134007913805,0.6199128645953846,0.6017279050445584,0.43445092689716236,0.5947953436722659,0.6136103054432878,0.5529283908496744,0.5157180439098833,0.6449353717622391,0.5562688579779959,0.49609479058063616,0.3052285502429964,0.6494891115016452,0.5128444748512693,0.592771610782595,0.533893465672107,0.6075693172279563,0.612138453749714,0.6365690299552696,0.6091243690494901,0.5622667836150534,0.5458906610555739,0.48725968114040036,0.4846831248136534,0.5075870289959671,0.6167326072737584
0.5397478715540375,0.4817194730621876,0.544179427974683,0.4910915558894441,0.0,0.48298839470069777,0.6019795823462164,0.38953548005981586,0.4843676940852834,0.5054224574295136,0.5447131938348581,0.506443241031724,0.4942489715573075,0.40103484138035816,0.5350031770877951,0.5103987801463084,0.539595349146001,0.5407966002274086,0.4809972809991536,0.4638221975381703,0.5645403181123226,0.546672108882127,0.5057825814396474,0.5478142531631499,0.5256468811145362,0.4827952006618144,0.4539483257594434,0.4618565954313923,0.4445457189975308,0.6004446919005454,0.45277220805196633,0.48789903872906104,0.4771136401787403,0.40174944682457914,0.45396772007347647,0.41033325608222887,0.4990684181354498,0.47439181788849666,0.4630097980881099,0.5704695650149378,0.5223357149895168,0.5974688736075818,0.4819690888085339,0.5801325286973562,0.4186515017461127,0.5028185258840391,0.5335644625688957,0.5306354155594358,0.564613186095136,0.4959514310989131,0.5504271112185761,0.5172453199476088,0.47154508169799186,0.48100078580907046,0.45896683917259423,0.49334590458417377,0.5263663539980429,0.5053873407467716,0.5123961615985075,0.4224621194133847,0.3988983658877144,0.36085142804600945,0.488665155107191,0.3933758670304559,0.5144104917524309,0.4775500102946728,0.4726597648008439,0.5453488411546652,0.4832954862020956,0.4225325006781085,0.5280186257906128,0.434039254020849,0.4713975400384753,0.5335438450433475,0.4721802648570557,0.46856470093866004,0.4773805926855711,0.5952632964939077,0.4298495000249053,0.5099883664196289,0.6003068610148485,0.4875976358208237,0.6389535210725067,0.41735256389832714,0.5035773221033778,0.48600827030628363,0.39354256720530956,0.47543510255830534,0.44475221569984114,0.46261337973545263,0.5995757070007596,0.45043709396510306,0.5439261751606141,0.4789435431957386,0.5269952809893256,0.500813432584992,0.3792090964743121,0.4495443030838879,0.36202935342532894,0.4406996382797109,0.4026554861792801,0.3686256789184955,0.48183670989758726,0.4774846249298722,0.4335103953667463,0.48805551280347004,0.4721669808892966,0.49674388968423017,0.5504580346600555,0.5619011396273504,0.5475756895053742,0.5067779471420203,0.48565975366059766,0.47398095649720173,0.43886498331274726,0.5157365794622081,0.47924859494314354,0.5260931641876601,0.5337952344270511,0.3876752858609269,0.5636586853122675,0.39134927745647635,0.440729932246312,0.6086496652949464,0.4645070695665323,0.48400479341120106,0.4098447795899287,0.385314855247987,0.4238136999560752,0.51517796897358,0.4765009863081429,0.5380298733235405,0.39966202914810117,0.44742459085576514,0.4629383495122096,0.5751037240055838,0.4976469131365388,0.5108572247874305,0.4656039998953055,0.5217567033473091,0.46775206052468,0.42530926637136235,0.4945060052311189,0.48354768178577034,0.5365391910509827,0.4828723735006336,0.5494600089751763,0.5761374443159804,0.4913506637851462,0.3020820796593747,0.45261812260136686,0.5150110287897651,0.4892388393818334,0.5986570825632866,0.5460050480995501,0.47222387097545365,0.5344028085112952,0.6105620976325186,0.4846980819612613,0.5103130130080783,0.5208315527635805,0.47496786476454683,0.5040094660890464,0.6107982596833297
0.5599151642812813,0.6017977353795245,0.5556076997521695,0.5749303710981971,0.48298839470069777,0.0,0.4875589836817949,0.5121830140579232,0.5627445087404619,0.4884868040550701,0.589413744049459,0.6517469017760218,0.6330628063933672,0.49067264055044824,0.5128276978223124,0.6098820940189279,0.5657005032747447,0.4686438641629603,0.5230084701829448,0.5374786596023792,0.5409408999425567,0.5293741541619461,0.4374321251838942,0.4709556196250252,0.50717673064425,0.5186136517693654,0.5090499545479027,0.5084792530514807,0.4888452331176367,0.5387372316826547,0.6164369987738424,0.6860988699479386,0.6728777727744064,0.48568158778161835,0.5447713652685477,0.594045312766959,0.551742944973288,0.5843952851842781,0.6486581306882011,0.5201442454995883,0.6088468007692268,0.4959644038578346,0.47258148239095277,0.6303741947727289,0.5652891400873254,0.5516491676618956,0.4907751324853139,0.5801084029905678,0.4940872707105832,0.6387388138500778,0.6126783164323305,0.5710176046541067,0.5271930346739274,0.646933473364679,0.6733199912674711,0.5364249217992105,0.568970439387391,0.6375764959339962,0.4692391219555324,0.5787000680901186,0.5567322807453049,0.47617813510193935,0.5761865896109598,0.46212611957789856,0.48387571205752855,0.5344697547190651,0.578475584975133,0.4801615741568629,0.4729286475870278,0.4569631288061439,0.5849023542281193,0.4912831026428802,0.5671752392512655,0.5877545733759928,0.6655705178569954,0.5024741948731573,0.5704175775468798,0.5353229327789095,0.4916442369842322,0.486584477398093,0.5472141529066125,0.5315806330348313,0.5592209008159725,0.562090899242494,0.55545589971941,0.6095007728918298,0.48434602403564553,0.5343588164316722,0.5595012217420819,0.6147779426329378,0.5712157621437759,0.5627594062523832,0.657340506124394,0.574283458011772,0.5304812651656782,0.5811473911487005,0.5565004114855433,0.5175414498361992,0.42313337467885503,0.5861280826827119,0.5148734033853268,0.42341044755106644,0.4950176959102711,0.4523454889170113,0.5994562764422687,0.5528488840293454,0.6154795840639254,0.46519010367750757,0.5529646608117859,0.5179876859998035,0.5779506975527233,0.5543054146533328,0.645032353711397,0.5516319611091042,0.5520661024123414,0.5711313950793915,0.49342028170487495,0.4744014976185969,0.555853574362873,0.47104316246511513,0.5621235793014896,0.48211000001992743,0.47788000913794,0.5856193653236104,0.49199976133412704,0.6224821782469778,0.542916552246014,0.5395754738931281,0.5434740243721892,0.5409287664933836,0.5450511730411944,0.6508086647009826,0.5162453268989328,0.5983470069548555,0.5412845541397145,0.5194566136012749,0.5026809864337946,0.5419847618130383,0.4674052605317659,0.5447752084600543,0.5144898623422837,0.5500320698383411,0.560679556443338,0.6314245149686729,0.5936586281910508,0.49254389800751314,0.6800634426628513,0.5446992528757041,0.5018428002750042,0.3598629662397221,0.5400694928078857,0.5034122281685408,0.5281237702159384,0.5340608859143798,0.5268534329482748,0.5053263879931517,0.5260180949399855,0.5892752383965638,0.518385751558688,0.5870278198474516,0.4470120936304914,0.4977007147438396,0.45658758497434226,0.5215312865920062
0.5696589980976033,0.5458988130486611,0.5048736230063092,0.5483428455920757,0.6019795823462164,0.4875589836817949,0.0,0.3931558321401234,0.5257303420630738,0.587248631047907,0.5170255001234534,0.513121839356527,0.4974393514605539,0.4357935257085386,0.5834732092508714,0.4739377142794037,0.5292237764533392,0.5819716676135152,0.5077559506121381,0.4859347510852813,0.5617159906394897,0.5426655132992361,0.5620132581821341,0.560924168065033,0.5851333537115438,0.4663823988174172,0.48222506810277,0.48438888428804655,0.47437691074910304,0.5410065001409241,0.49140230487004993,0.5044700053268196,0.5215155886168168,0.4227792915185487,0.5022144326565268,0.42936960646135497,0.5045660968292124,0.4873754330719573,0.4729900615929668,0.6493390315915883,0.5681182556908483,0.6492413506263816,0.46504964240483593,0.6110214799124773,0.43433617710620964,0.5295462719890577,0.5312491850927619,0.5032146989579614,0.6558134807072655,0.5066083444951458,0.5716551416861044,0.5144243372065286,0.5402267926791602,0.508876745280603,0.47701485128110804,0.5681456057021754,0.5473329127845953,0.4733139546757449,0.6511960340113139,0.4443559063697616,0.4116913500161058,0.3696636802435612,0.46554008577419037,0.4184824349182673,0.5922941404281884,0.5095895418254333,0.538738223139192,0.5428604541270513,0.4829353111534342,0.4230475294218535,0.5385948900687136,0.48214661779091067,0.518091977763065,0.5470075354559017,0.47948892464281395,0.5504193280013736,0.47205297684333786,0.5874863317468668,0.4369816688609492,0.5297574228258947,0.6818405199237114,0.5344438112971692,0.6539863009628532,0.42594254335165577,0.5498165027793386,0.5073190488140896,0.3981460018851353,0.527227045828228,0.4845606427646006,0.5118921375507092,0.5770566945184651,0.5291643213786615,0.562303762541097,0.5301803586475445,0.6376662895793032,0.5445503158497652,0.3965752310851062,0.5008275439349267,0.3863669224521326,0.4891561899234297,0.44092005128524936,0.3656944839748749,0.547539002118976,0.5361047786585217,0.4565362742598167,0.47569076253251036,0.48512254020833445,0.5281437756980025,0.6180571830820648,0.6095491543486565,0.5953517545892425,0.5455618042888163,0.5378940491181567,0.5139226520437824,0.4539548967640628,0.515803979391205,0.5500560779097848,0.5372655244995347,0.5566036804146057,0.4138440602212135,0.5548106839753045,0.39985675270689497,0.4671213310104538,0.6632522350702885,0.545638419717633,0.5040176772844865,0.4361023146988373,0.37967611002611634,0.4447900909094179,0.5649736686641692,0.5127659073556049,0.5089192566071974,0.4158700790181195,0.48593903469420074,0.4861731501039985,0.6765268654855493,0.49584892956720916,0.5609380264916479,0.4892065087618666,0.5588096979518989,0.5413369594146676,0.44076394120437123,0.5893543895476011,0.5385317282769345,0.5797006364336579,0.5153878990371988,0.5426877088225264,0.6556011220929939,0.5264093234844736,0.30525637026863245,0.48164707991314787,0.6515321764065989,0.49486929758122034,0.6530217231854653,0.5928901300571812,0.5035276523861247,0.559934151449922,0.6129558043712899,0.6113633519155055,0.5440584995983068,0.6554336622826387,0.5529981978703602,0.6296708869382822,0.6170923388441633
0.4907289404300123,0.4174192928689367,0.48092087385787896,0.5230134888081707,0.38953548005981586,0.5121830140579232,0.3931558321401234,0.0,0.5030832004181486,0.41212165903217834,0.538880728235059,0.5100659790529483,0.5789631490702506,0.3909146560453934,0.489457134533675,0.5289372594816486,0.4424301487697164,0.44546763477783125,0.46369218064064377,0.4761667798383049,0.45327982327208655,0.46094263786626205,0.3903751891433348,0.401980626540746,0.4630691095335589,0.5087040478964672,0.49372227180610695,0.4624820666514,0.36887478685676733,0.4560399849740991,0.5809134579136342,0.5212825129532616,0.5267286188098721,0.4317011534578126,0.43226932966579235,0.4668830527631213,0.5618412661433955,0.5135474657322431,0.5742887575589625,0.4218740707706795,0.44831326828191076,0.3989484742000058,0.5371138681882461,0.46724492752285557,0.6055361114620926,0.5146690457901094,0.37790311946974164,0.5252105211305472,0.42680618865158687,0.511531377147622,0.5235700542166907,0.4418426820855421,0.3936531576509798,0.5028856356065527,0.5580695492984097,0.3979957681843346,0.4837154928206648,0.5948213663702617,0.4030204639897955,0.4551667467794327,0.690978153795767,0.40433166661332925,0.598551953997177,0.3761389004686931,0.4253330540873257,0.5235365504405003,0.5304461724525588,0.4641980788690852,0.4998109639279404,0.6072601304736663,0.5381312517974316,0.40688068043894754,0.4689523904538619,0.5373053554990161,0.5545363661820922,0.41766658379820415,0.608109272642483,0.40670585138549303,0.5427746463943481,0.36903428584723696,0.4232700120202789,0.4928930559190234,0.4445618936270744,0.538919807599969,0.46015972465876864,0.5154117565742197,0.7142765791418525,0.5213152769766641,0.5088927734869447,0.48894569768291885,0.4837904781428088,0.42462219380865496,0.46993941852378046,0.4477368558006749,0.4255806992421018,0.48261753808171365,0.5467185755731921,0.416244643151889,0.34166614646268056,0.47915884990179347,0.42388651880619366,0.618092002541362,0.4862161565715589,0.4221283739010072,0.535353165104871,0.5009746679409204,0.5609459831409341,0.4037766245280556,0.4379210407166295,0.4076669779272231,0.4590989746349399,0.4693147775859777,0.5157887082999398,0.5016742991684129,0.48560295200983356,0.44007823314596445,0.3973646376287195,0.45020266356501043,0.4255280471787038,0.3907784545677002,0.42469323551716986,0.6214825118692059,0.3827040984520976,0.46345018932520615,0.3856672892082325,0.5163392890462905,0.4147903961625852,0.5216406488833651,0.42402864754054087,0.48948179895186866,0.4266465839481289,0.5339370750533984,0.5525239322269466,0.4464055402265242,0.5317250313744436,0.40944548208835363,0.42705766832565417,0.44376578753359347,0.47182650096452733,0.5362445494089819,0.5039497781621777,0.41022860930234945,0.42715097145689157,0.49024230771756233,0.47502460297022125,0.45261485169343046,0.5149216845539213,0.44468882216339606,0.4348545072839615,0.30226246588219585,0.6011967869087108,0.3967232191305755,0.46062483253228054,0.4229026063919367,0.4734117725920532,0.5604530250654365,0.48143813885549475,0.4811135285033113,0.4218600602707834,0.46826796657923436,0.38226056151084836,0.3945954239002417,0.39802026773668414,0.4427702225862555
0.6524816338776596,0.5335255238171797,0.4932620056604624,0.6043222687901479,0.4843676940852834,0.5627445087404619,0.5257303420630738,0.5030832004181486,0.0,0.4988650189896858,0.5619565694236349,0.5202430545122978,0.6064025531395226,0.5009717669041825,0.5599166456014892,0.5290507881212807,0.5272410162470939,0.5731325950092871,0.5016604073623236,0.5422381759402182,0.5167772363212483,0.5346282793850686,0.4771063645020676,0.45658285451848707,0.5429654241728061,0.5038421640195531,0.5970324704465311,0.523820887257619,0.436701543445969,0.577161533730177,0.6240106157439099,0.5906914972507924,0.5946913190204766,0.4450351996871298,0.560405309858274,0.5013529514828523,0.5796988942607995,0.6211030368976382,0.5444321343201978,0.5405539175897677,0.5468012023849649,0.5514437430642287,0.49425825728157524,0.5665547645421055,0.5232422282909193,0.5709774490942968,0.46796507630016226,0.5117175718971803,0.5443828304203516,0.6054152674689114,0.6192618944699494,0.5122439376938377,0.5485242139544765,0.5349226367108073,0.5474699845365684,0.5610910754059913,0.591989335659897,0.5611607775010659,0.537905477079386,0.5219623078874889,0.5203073901814422,0.4421703114470892,0.5502249467701761,0.44924126850105833,0.562390725153167,0.5759252866010413,0.6760884097378118,0.5390614752680442,0.5496536001991691,0.5150076273934078,0.6450618189197327,0.5280214427473175,0.6496234658535932,0.5947630421052169,0.622950437102165,0.5590350837891921,0.5544148467791076,0.5091892867955253,0.5007882264133231,0.47849691988902193,0.5659799615207172,0.6251433098165263,0.588267633321248,0.5337112141071572,0.6052820039994197,0.6054933281121379,0.5142072248477172,0.6863084963305869,0.5922755251741985,0.6416675415445205,0.6381033696408451,0.5770253439684873,0.5893490279990368,0.5706999358331647,0.6543033180396937,0.5605611185384519,0.5045527125105389,0.49716271355293856,0.42243871800654587,0.5689815425017326,0.5094476160750028,0.42915479593094896,0.5765523686189128,0.4699574474707859,0.6164171859211377,0.5189370760053843,0.5516595073935698,0.4835983366593679,0.5537856591339319,0.48614355832049105,0.5328274949885782,0.6220311005180956,0.693967686547293,0.7192758887827471,0.5339231326153213,0.5460578553644978,0.5124762544437168,0.4951997348274934,0.4912014787352095,0.4897877160339981,0.5627242997127296,0.5228307434873041,0.46316687606985574,0.5962991304006595,0.5699910757006657,0.5238235851202915,0.5149012957610851,0.4519894117209385,0.45716962918495063,0.6232882385647097,0.5962171141210576,0.598564231227394,0.5681526294724382,0.6145734357000233,0.5245019801689979,0.5729503568248118,0.4800148505229155,0.5581862947648564,0.49021809250631343,0.6301676626483282,0.590385413621347,0.497077393120233,0.613874603415388,0.6940049678552306,0.5941175310969075,0.5293077013343115,0.6270754149111994,0.5733050670403609,0.49636450763255163,0.3285496800994794,0.6031507222075364,0.5609279273997665,0.5295475752742458,0.5246206367078855,0.5384705738462067,0.5872176150486836,0.5624502369192524,0.5661100447958127,0.6003163377535353,0.6273118909654515,0.5002542707950287,0.556039650559632,0.5626645528781096,0.5933063560558931
0.5247560715348569,0.5483895764157034,0.5459091420558853,0.49893778765341923,0.5054224574295136,0.4884868040550701,0.587248631047907,0.41212165903217834,0.4988650189896858,0.0,0.5322456594254213,0.538308136433989,0.5055831883512838,0.43254787756840857,0.5297124040486292,0.49849030566772873,0.5169472885861721,0.5459172622687242,0.5038826670545471,0.49477719985419777,0.5179066291262068,0.5321441745914081,0.5409628970467945,0.4942066568373423,0.6532851219849175,0.44247607127973715,0.5064772661362645,0.4909755350152895,0.5457586881500035,0.5294894761237684,0.5045381441182923,0.5276334101942105,0.4927146966281478,0.4238144860747329,0.49497025085903446,0.44230961006235026,0.5065980376355147,0.5021136144106574,0.47425044519521914,0.546784850924679,0.52989154017481,0.557908810390807,0.4724111975405874,0.557653409048135,0.45123567161314454,0.49883186751015,0.49187199530701353,0.5236553008772348,0.6158478341465539,0.4879703041947831,0.507550262381935,0.46002865477724564,0.47774337790768484,0.4903475494616721,0.5117117402809257,0.5172857904859754,0.49827341028600947,0.48465165618566697,0.6043891205139,0.4327906484113734,0.4202247890925347,0.36373976311772177,0.4508070469605208,0.43679695447223926,0.498479313500162,0.47600735266993627,0.5001875741554028,0.5012102282070179,0.5329463050342224,0.44000324903830396,0.4856979857115837,0.47593243728706897,0.48579175939804653,0.5130549313979631,0.49480526218522797,0.5212350667113074,0.45638760985117793,0.5369134577014247,0.436806432906365,0.46358023404247367,0.5992267355952101,0.4693927107161749,0.5795264532980273,0.4487518676217767,0.5034483075736451,0.5040506768380736,0.409974007888407,0.515342355722676,0.49256026196790265,0.4761040075846243,0.5157940280251001,0.49170814728972695,0.5626694085186761,0.4746389865670074,0.528810201142633,0.593438737155,0.3942327825088448,0.5053694963386978,0.37560017163364473,0.4647881099721244,0.44507038949642963,0.3781128908140101,0.516681805709876,0.6417929643143836,0.4520927992697298,0.4638289405422372,0.4823970973432337,0.5562417411236,0.5570303708228928,0.567988560856177,0.531751864880755,0.5039534657333408,0.5013520680450501,0.5304553090021319,0.440463772625329,0.4695018910908606,0.5300734814102506,0.6371019084258397,0.5574250912824268,0.408206177809252,0.4889043203059621,0.4020200017601415,0.4462095615136018,0.5508810246909811,0.49609837270414786,0.5581661899038614,0.4099579924658191,0.3850127690867986,0.4801048380824962,0.5572057840029523,0.5325252393908727,0.4922493896331725,0.41732538116967555,0.44477125514407223,0.49892529130238933,0.5680747361825285,0.5114468435446363,0.5207525636333377,0.5375658436662208,0.5521545665222705,0.5596402534675176,0.4522412504400706,0.5059604917800782,0.5320429709536435,0.5818411706300229,0.4984936408823357,0.4975621617710752,0.6129812839795505,0.6483113945442642,0.31569850847967823,0.46390434078544823,0.6280668916984871,0.47785870757509635,0.635651701080011,0.5968349177023448,0.4925585848544462,0.5155430654799077,0.5564705028447624,0.5382825029281916,0.4933792102718964,0.6251960316903449,0.5148931610905999,0.5612164589180736,0.5106165473026268
0.6265362692200379,0.5089039322938639,0.6979485443602947,0.6164506081717593,0.5447131938348581,0.589413744049459,0.5170255001234534,0.538880728235059,0.5619565694236349,0.5322456594254213,0.0,0.6500785865332968,0.6662509724631661,0.417568614488604,0.6179161031214745,0.6500173081961151,0.5837152252817872,0.57845084441945,0.5877522157246146,0.557048052143155,0.6191044055316948,0.6499991022821372,0.49271228065297046,0.5381874058443402,0.6103460281921752,0.54579721511544,0.5395259379945169,0.5611072996439154,0.44356253510110993,0.6043694968750234,0.5695326742471095,0.5960983933924446,0.5724462926806233,0.4532742027020362,0.4907469400357931,0.47091016098145844,0.631297997995166,0.5594077579417888,0.6026838852918017,0.5538228258898865,0.5492519469116313,0.5430411109478595,0.6008778501221482,0.6078629562454076,0.5457948845506249,0.5887726349813578,0.4603309342032278,0.6895604092056835,0.566005840037849,0.5870503098729636,0.6576830037638765,0.5381208415114374,0.4655405867999817,0.6005805795290277,0.5920826105006688,0.46965797242549756,0.6054936883068794,0.7092902730425142,0.5133493599354528,0.4723974235000528,0.5511201480515678,0.38518632661760627,0.6591606268546554,0.40878471804568683,0.5228249786367691,0.5811518205577247,0.5697701295393857,0.56429600608395,0.5982800742662152,0.5662152932743487,0.6209050658872427,0.4456486779945551,0.5376250010075146,0.7055145782827249,0.6322678584998742,0.47418231216117007,0.6378348380705045,0.514470735668114,0.522133472588526,0.4416430201534257,0.5551644594814292,0.5620540056672046,0.5926064582357391,0.5124707332670717,0.5414154485823098,0.5836803784665519,0.5241336744797109,0.5534836925649783,0.5205968278178015,0.5162826853817959,0.6325223125673342,0.46631464475347795,0.5924268803807966,0.5203852307490616,0.521990642438556,0.5661606418896281,0.4718540663337755,0.4749722595877251,0.35888358756593264,0.5019800186417618,0.4339498998258089,0.479796800444085,0.5392067341014285,0.5176424195773744,0.5209803590423191,0.5567031981876897,0.6073060389054444,0.5135453964155889,0.5430150912489653,0.5535466997316677,0.6121261176192717,0.5441848236745569,0.5778856090978366,0.5534142163007291,0.49808444833175086,0.53837276269442,0.4788844964959346,0.6076569653320871,0.5695434160422741,0.40319057368969424,0.5260008624598818,0.48193122348570194,0.44504231781206205,0.6058882107483382,0.4496287310620837,0.5925079060708883,0.4320284809143191,0.4581323860229216,0.4724958419917594,0.5671775938090452,0.49879647246417963,0.683100120712476,0.48626927344580057,0.4854684104911774,0.625601293559457,0.5214893243881387,0.5144970057297008,0.5244566708742221,0.5685709509708488,0.6340322172522699,0.5601613354560234,0.44634684194171714,0.5082267998806671,0.5598982015184562,0.5816891876770568,0.5175274204063884,0.6357198212552817,0.5627386080629192,0.5472079468953657,0.31045393165195956,0.5960554069173122,0.491252984914683,0.5910497375643575,0.5609570087408414,0.6221211685127143,0.6028411274794836,0.6666055540224665,0.6483037788352285,0.49897718890112097,0.5396499624136625,0.4761298094644374,0.4632610404147315,0.47408999603742247,0.608035913423006
0.5818362546783952,0.579845810171885,0.6319494143544273,0.5917803131290522,0.506443241031724,0.6517469017760218,0.513121839356527,0.5100659790529483,0.5202430545122978,0.538308136433989,0.6500785865332968,0.0,0.616864061301938,0.437742294787044,0.555175001925741,0.6376029001405735,0.6190157070867885,0.510051019016729,0.6326141562813052,0.5954388866427872,0.6303743423567123,0.5615368410039869,0.4971412011957157,0.5483615441438102,0.5926850658550283,0.5352366148847051,0.5077269892003922,0.567733004235736,0.48508448195356507,0.5469276345258539,0.5962671467173718,0.6440342551388843,0.6070615381577036,0.5234172973599104,0.5322121315225551,0.5399725132753999,0.5605571877603271,0.5634971777454806,0.6418609671632622,0.5632221755525736,0.643015513315514,0.5179520450607838,0.533140825412514,0.6613138366096509,0.5855662797660645,0.6023294138334718,0.49644047022759136,0.6441046227955354,0.5567355521864834,0.6313433766235709,0.6285953273809632,0.5935990120644163,0.49496459136125737,0.661641705371011,0.6490467550431425,0.4986771112439529,0.6139429422863041,0.6549258093716067,0.5086505243473496,0.5266487761419385,0.5273843265322358,0.4091209265095251,0.5957236282429638,0.4505387565735811,0.5078428334245365,0.5685685825725052,0.5510649212297984,0.484962403184672,0.5100414468766836,0.4738498293015107,0.5638699868581855,0.47219981137937805,0.5420167707220914,0.6328654166001573,0.6328528578434263,0.4950504336357489,0.5615909610204983,0.52629518915956,0.5328010633854705,0.4576590907451767,0.5607801983674987,0.5300928142279328,0.5536801811680393,0.5290657740515967,0.5712706900704306,0.6227922400888307,0.4736847670367005,0.5240914287666215,0.5452816825709561,0.5393732947876494,0.5733168795767231,0.5156190994085262,0.6396462962779706,0.5660840381362324,0.5148329263336764,0.5732361443463206,0.49757065539786777,0.5497082260046992,0.38549627048619595,0.5523344739576114,0.46282626940908034,0.4363137294295063,0.5347154424643149,0.5313295331922795,0.5456273773545898,0.5840192047405649,0.66874725782381,0.530463053009081,0.5839896672557967,0.5941678022497264,0.6731191875597636,0.5649294788861999,0.5745618405422848,0.5262632981944794,0.5325244020853478,0.5623911194971575,0.523429271249391,0.5568342902104403,0.6455333737784975,0.420373709845942,0.5422853494382889,0.4532193360635791,0.4921372372636988,0.5967317845887284,0.46362562829559306,0.6467556810995244,0.46866524757027567,0.4823448052963066,0.5678889577502026,0.547563675951885,0.513498499106607,0.6290419382313209,0.46612547223375916,0.5132372078060564,0.6220441323702307,0.5228348881341158,0.5531815124281351,0.5549623070337626,0.557790494566541,0.5895377667131194,0.52247303237235,0.4838306947280002,0.5353997539396207,0.5798121836454356,0.6079020038207263,0.5324010494890902,0.6306463842356904,0.5517179675674699,0.5901561680810046,0.3387693291422165,0.5673952253560112,0.5068201364611536,0.5814805608113351,0.5823467146028126,0.6321422545169663,0.5263060304172001,0.5674718650564283,0.6270527657111303,0.5021934556201704,0.5363837742730772,0.472864821604194,0.4852989424968635,0.4676101806227764,0.547214282006607
