0,1,2,3,4,5,6,7,8,9,10,11,12,13,14,15,16,17,18,19,20,21,22,23,24,25,26,27,28,29,30,31,32,33,34,35,36,37,38,39,40,41,42,43,44,45,46,47,48,49,50,51,52,53,54,55,56,57,58,59,60,61,62,63,64,65,66,67,68,69,70,71,72,73,74,75,76,77,78,79,80,81,82,83,84,85,86,87,88,89,90,91,92,93,94,95,96,97,98,99,100,101,102,103,104,105,106,107,108,109,110,111,112,113,114,115,116,117,118,119,120,121,122,123,124,125,126,127,128,129,130,131,132,133,134,135,136,137,138,139,140,141,142,143,144,145,146,147,148,149,150,151,152,153,154,155,156,157,158,159,160,161,162,163
0.0,0.9562575435178582,0.9699961136897047,0.8621975916245814,0.7047825962974152,0.9779932210101556,0.7739146089815392,0.9438457735893789,0.8647372007246097,0.968535183194352,0.7342875027071818,0.6766231085775506,0.9921928156167531,0.8525984744880736,0.97586325867069,0.9546900935961724,0.9745360395503931,0.9710069071591144,0.9692916492114941,0.9914984663382813,0.9866591508024162,0.9272462202023976,0.725155234495909,0.8764081745494587,0.9183307230226759,0.6585342152564031,0.695484265573836,0.9873102511224116,0.9041988435480999,0.851732444078943,0.9350974853283609,0.9666457707833804,0.9670737367078205,0.7014552734556079,0.9161504528728039,0.7361546142437246,0.8930939018974234,0.9013671709023893,0.7275540882373357,0.9491950547031257,0.9211100441242874,0.7063948018161338,0.9511109634929658,0.9202682054350244,0.9167081007989184,0.9779770965075327,0.984367741853762,0.8578845480562353,0.8994114446724494,0.9234050786281914,0.9434696606757214,0.9723580108135061,0.891322720842268,0.9486051852131587,0.7860349294970551,0.8445088282043004,0.9583126220201729,0.8166642697685125,0.9074219669680729,0.9282090221144598,0.9675456156079468,0.8579948056213805,0.9058408838995025,0.6445051437340656,0.9093504689858662,0.9157341286344405,0.7518940282422002,0.9766973337822484,0.9362911346482715,0.9691834181626962,0.9941684821949175,0.883785916139708,0.7013407039217637,0.9610525427930672,0.9548512247764243,0.9545463578515383,0.7339557615501469,0.7018364294520053,0.9308340905356892,0.8830042316367948,0.9216113144175544,0.9707640694106905,0.9225442608706003,0.904599591183154,0.8474071326191513,0.9419704114979313,0.8296505334903779,0.9140673833821564,0.9799273451878575,0.6779762349390405,0.8705276456179035,0.8520948529088992,0.9178553740978703,0.9208558002036203,0.8776298211420032,0.8603752449510433,0.8935884506367766,0.8433591942291018,0.6084448237882044,0.9623360361650998,0.7694820000265657,0.9267771605810469,0.6854998386302069,0.9577955924710748,0.8997364479991474,0.9862391865415981,0.9253438728301696,0.8444691143167561,0.9727700390709801,0.8412631574345515,0.6856597304537079,0.6193833548796769,0.9105728524120308,0.6484170334353277,0.906035772242142,0.9443968832597112,0.95558075420724,0.9434507895003519,0.8271545212614169,0.690266339166907,0.861039066387911,0.9120988706213327,0.8454572492445249,0.9926297177551324,0.8630366278774928,0.9713320244665755,0.7986774348720564,0.7502137621327165,0.8657210011889097,0.9556387657472577,0.8798232275497141,0.9842386566749443,0.8017844124095755,0.6325581787314535,0.9171408479219816,0.8952395128595357,0.9600619110700003,0.9376585404003834,0.892689131374455,0.9658942149760708,0.9171436746429413,0.7663438540356361,0.9564416540796765,0.6798913202334154,0.7171557240577036,0.7124959457528427,0.8343256087713712,0.9489131164083134,0.9743585766236477,0.546452620817394,0.9688231442315269,0.8931600644093212,0.9335726367741162,0.850771707098228,0.8958338083656924,0.9377467745929163,0.940532709863638,0.8968237057710643,0.9061164173899775,0.8505025462952018,0.9225853985575782,0.946876554333913,0.9638651811124804,0.7965439965569717
0.9562575435178582,0.0,0.9537067096561853,0.8551451761298866,0.7489279376527549,0.9837672191705658,0.7972162006731628,0.9926498466913559,0.9447345996207057,0.9661927032119906,0.7677198563708515,0.7735369495909762,0.9639252036461584,0.8372468177990693,0.9418911336233876,0.9726702307649848,0.9271348283255249,0.8878174023067654,0.9231615795817301,0.9607745087648236,0.9343875701903195,0.9349557424152527,0.7792603138843635,0.9114833630124758,0.938498699256773,0.6795453690574306,0.7849456154568784,0.9561508846029356,0.9165536726921258,0.9324170111944026,0.9936050556930103,0.9213583815644892,0.9523198028015232,0.7654944423075207,0.919908967525755,0.7508779358089323,0.9254497668583591,0.898681140296103,0.8420890383218725,0.9262808886864166,0.8895480790726246,0.7631535998580753,0.8509519471229203,0.8873469235506751,0.9552412571761751,0.9199340893547902,0.9610118359816595,0.8232914089517056,0.8824265285963243,0.8521121394137273,0.8564323315327552,0.9136012502939979,0.8138846273245525,0.8957413514776817,0.7613463999121651,0.928709676116619,0.8850970433056757,0.9110002243322599,0.8026034335594961,0.9085930509132273,0.9122513138971939,0.8208232675346258,0.8126277350068333,0.6534269992128517,0.8049368632843772,0.8170959226556251,0.7751126454168009,0.9270958738645042,0.8407296478747385,0.9593779214413002,0.9358515113235547,0.8361947310195506,0.6662818750076727,0.8963604441980718,0.9100761564215137,0.8862014472059497,0.7238086493309716,0.7799657533438745,0.8771791651344871,0.8477268309512611,0.8415348531845053,0.9476560989166868,0.9703113349693587,0.8672288467007861,0.7939527426364384,0.995255792038861,0.8693830668326964,0.829017690688599,0.9500911054651056,0.7813943615820078,0.8620539516299098,0.908752550398686,0.860018605895311,0.8451393583264322,0.8045257115064898,0.9426041308975616,0.8285803088689728,0.9119300599176787,0.632861916191327,0.937396626052667,0.7903719446968328,0.8526968998923639,0.6438661922817684,0.9560566582207525,0.83990825772141,0.9708663537133665,0.8428329264622325,0.9130066367775502,0.9153422733182142,0.8880349104833724,0.6980340122406625,0.6212489476599351,0.8549303909958281,0.7375548598522648,0.8444040483823517,0.9963764578350937,0.891549113361438,0.8852724233529644,0.7546591854312423,0.7606037882868727,0.8734530208084197,0.9171115652620497,0.8563385964740238,0.9710306502377563,0.8388646533833605,0.970065055965372,0.7819167635754046,0.8511305646984128,0.8661223298811042,0.8848807723444646,0.9643678395642244,0.9355138343777505,0.8355776165539789,0.7164085725533973,0.9046167195249939,0.804989545950162,0.9803564465808977,0.9319764469346942,0.9061158447234063,0.9672520501188224,0.8339494369198731,0.7908820136254265,0.9561612535503704,0.6692354710204725,0.7700264396374521,0.7336701812799495,0.926576820429017,0.896776006520119,0.9826210859120696,0.5955337990040385,0.9576276671805368,0.8227121871131734,0.9410237745817792,0.8938858043822141,0.9463195799607853,0.9515218935252804,0.9473053559805358,0.9572330381045348,0.8630026413345716,0.7886616108185124,0.8315943067716942,0.920876931674837,0.994751457478021,0.8551851758583598
0.9699961136897047,0.9537067096561853,0.0,0.9009254383734882,0.8002678228955636,0.9407041065624816,0.8673745405219605,0.9569761898960408,0.9116629047968655,0.9969206774006475,0.7884657214426455,0.7459054204987222,0.9702237430347819,0.8112122677610346,0.9706623159102531,0.9472182767511647,0.9271288677968111,0.9235189964721552,0.9125263742133709,0.9447425111838074,0.9833804694763948,0.9837625252969129,0.8198487772558349,0.9448793670422646,0.9719829331068696,0.7024037325240698,0.7718390106798948,0.9506966647928563,0.8499826650099191,0.8985892986090275,0.9441247358874444,0.9266895333495857,0.9196815846042161,0.7488268705527357,0.8895551931725731,0.7157381636005599,0.9449073768015961,0.8329587972165329,0.7497302804481798,0.9688928463392997,0.8446611952790504,0.7956556886087285,0.8949347946753808,0.8849508864941049,0.9460945765046174,0.9234359586056404,0.969179914468832,0.8514750372523611,0.9540704089953199,0.8577333026495744,0.8951301348894627,0.9067783574617096,0.8017420301245047,0.9073170023423932,0.7520683935211786,0.8988775170429638,0.8821768813192328,0.8678368042178696,0.8734544771194925,0.8708409045183424,0.8978575884313652,0.784739733444365,0.8185491766702392,0.6383197738699223,0.8334809849772388,0.8325758097058833,0.8115873079873172,0.9884946148715982,0.9046534930714079,0.977346859937305,0.9575804132949681,0.8090209115724254,0.7008646220489607,0.9576448098999305,0.8763425833631345,0.8734912583742933,0.7833560348617221,0.7705987879179071,0.8472645527651822,0.7875520988554231,0.8324813179385464,0.9941039814384299,0.9474902505061624,0.8135506440960454,0.7956369889507509,0.9363347411262739,0.8647339746764557,0.8724664928125565,0.9250093964527053,0.7410933264942882,0.9074213503989422,0.8889593850942086,0.8450335557221315,0.8295310374142091,0.8382141056406747,0.9131045843596773,0.7992094131477494,0.8892535137025014,0.5965918433207787,0.9381262821496444,0.719604051338496,0.9344706720986053,0.71056437680835,0.9732018491194445,0.8206846618583229,0.9611481793197897,0.8498047100177198,0.9087841509398126,0.9212639691816096,0.9118251091379169,0.7502261374649047,0.6275635710691885,0.8806032036216487,0.6747198444415834,0.8168428811332626,0.9536367482003256,0.8750522518197427,0.9745036389520982,0.805269527977308,0.6978637125535561,0.8335310292467148,0.8603276511473018,0.8297715600230562,0.962217820484806,0.7893466985431536,0.9219080540960958,0.7766393662029917,0.7997528177847831,0.8208229230526314,0.8915795869678286,0.9108104316860083,0.9226782119584029,0.7485225683940542,0.6350669726985269,0.9313214630216016,0.8043733278532215,0.935075931382065,0.9229407163291947,0.9524954323277965,0.9384828507132962,0.8329638047661887,0.7455267154301579,0.9661500490983652,0.6752831335543801,0.7419730941847245,0.7870944947090702,0.8911710142174777,0.8813389636269643,0.9833099490031346,0.5289046234811137,0.9461588510252703,0.8012546419898491,0.9689135855679754,0.9354141498540508,0.9468408690692045,0.9746960784211398,0.956895218170202,0.9484071666931011,0.8518372865496542,0.7981090311200097,0.8448053614947121,0.8684050153198396,0.9668114785718347,0.8634953555591008
0.8621975916245814,0.8551451761298866,0.9009254383734882,0.0,0.8266690170846993,0.838500330203936,0.8929604044106905,0.8366988685333568,0.7921192407313646,0.8814904690417135,0.8721211806561892,0.7121340018620804,0.9028444360998582,0.8898897764893546,0.8322257113320226,0.9125265295332016,0.8836898087285902,0.8109708646158286,0.7675918053347207,0.850732909033634,0.9022979215820516,0.8760491405382332,0.8258636838110317,0.8434526478490961,0.8639530085668214,0.863296809386862,0.8102802997683906,0.8777484571439496,0.8549144296463991,0.7667518210270694,0.8457245594101791,0.8952823458037372,0.8518768213827488,0.831156565107238,0.9180283165991463,0.8340234118449885,0.9149800792906428,0.8200524377179634,0.7679763268433631,0.9661473622300276,0.7810363537381232,0.7576149821634891,0.8099029559757299,0.9218636487506288,0.9360176788051223,0.8185362921610615,0.8759586347249169,0.918459192774788,0.9624553472021861,0.8392743769164578,0.8655572576809352,0.8398173871113357,0.7256076861276385,0.9148060960546854,0.8731595787945251,0.8278972658130934,0.7994982466191629,0.8228066010159178,0.8615276716275562,0.8543693799736212,0.8377313616149564,0.7971603725272692,0.7472925059542901,0.7833538144298348,0.7517903541456019,0.7576707469970293,0.9252159453313136,0.8805413154092389,0.8778588687378114,0.8271624867278253,0.8722674884613217,0.8247969509511297,0.8459110196955663,0.933932094968531,0.7860095774739367,0.7823713986199204,0.9283043514657212,0.8397404871469741,0.7554301967365951,0.7386965584830634,0.7321362926225927,0.8986657105667158,0.7971758229196823,0.7620477690252164,0.8586136048993223,0.8309374673031457,0.8708915058392724,0.8734386468410134,0.8297446843754915,0.7084852273706069,0.9664527925270804,0.9030144614180738,0.8231636363233533,0.7568579857350033,0.8981553166131667,0.8378336518449876,0.743970422337019,0.8784395011466791,0.7161656260104431,0.9223463902313319,0.7946350677458067,0.9244846433234931,0.8403492072524998,0.8169782469219312,0.8086086786840524,0.8759296117655001,0.8060391706333944,0.8267019658149469,0.8453918807645426,0.8448610146076888,0.8565733908502088,0.7818593717205458,0.9204944279270452,0.7431700700305957,0.7670266358656476,0.8599639370839091,0.7752735704772948,0.9148537039200062,0.9004925572428175,0.7919167467991077,0.9059798948213286,0.8475722339846357,0.8880812201846319,0.8411956716999429,0.8049590061568961,0.832754479256668,0.8764970480486443,0.8260651926172827,0.8739252682090102,0.8389352876457927,0.798580304866519,0.835501748507051,0.7805875114200357,0.6955729492269899,0.9008752714983024,0.7292846173819668,0.7932537852398527,0.9441826685062791,0.9454440644533724,0.7963526688818066,0.7464119147820308,0.8442200811223753,0.9318401629059007,0.8208081262132387,0.8537759456730741,0.8617173917441305,0.7931550946867916,0.7576041917006138,0.8718244643453608,0.5972802768524129,0.8945625021685693,0.7098448980104937,0.9479425855777822,0.8863205747830029,0.8204038135498005,0.8521324596644728,0.8372087935806481,0.8369693044380564,0.8865311236794673,0.8643180883368314,0.7523843482255257,0.8050748399452026,0.8565837210272027,0.8242125162456638
0.7047825962974152,0.7489279376527549,0.8002678228955636,0.8266690170846993,0.0,0.6977416665190186,0.9734903661824102,0.7685031106360257,0.8246593564610397,0.7959908241148104,0.8572484294891102,0.8846519620850312,0.7268978863247404,0.6628547894432709,0.7093933053034369,0.76367443848425,0.6801511672117931,0.6418441562662027,0.6315621590266185,0.6818885296874008,0.7496645540429853,0.8344965698144899,0.9847927000425206,0.8502963706408485,0.8482684933185645,0.8312719692173053,0.9349694081963069,0.6968907300990507,0.6471503571919304,0.811695284071086,0.7737054522159903,0.6998630709179826,0.6631216273638804,0.8736462411092575,0.7245963722767802,0.6647331863092035,0.8705049834520276,0.6212178687137332,0.7581218498221666,0.7890969756238488,0.5909019305343359,0.9547631712010751,0.6265504443251634,0.7001750687511565,0.8350545150927853,0.6451812592086386,0.733573460762792,0.7301347500477956,0.8716261589912935,0.6231156131693986,0.6532466307817778,0.6409558287836769,0.5454606628613153,0.6806275659386417,0.6455414434882276,0.867912717165572,0.607595117600916,0.8670452859565275,0.6531597867385806,0.6502694828904129,0.6293993580505206,0.5907075332640692,0.5579455905698271,0.6571180696604482,0.5705625474836824,0.567622123979318,0.8968187675857092,0.758485673471259,0.6737198572919867,0.7405065964473342,0.6920891912872613,0.5975599622497328,0.6923612819110285,0.7446007619176588,0.6057484351140484,0.5975234782610704,0.852431968924937,0.9327248467626518,0.5788317248031534,0.552613314239459,0.5591070687617566,0.7960002126155197,0.7652563884745861,0.5675246514962018,0.6364843972716588,0.7369250313722985,0.8388907778691244,0.6603057972406424,0.6591583669098936,0.8565479884619758,0.8471515431349402,0.8583988284937335,0.6073071609251828,0.5648723253418008,0.6582358138612165,0.8543198358286849,0.5516620637410443,0.8766259796909964,0.6188168053779062,0.7268525143462977,0.6032117654170799,0.7579859004564882,0.7443598349400035,0.7491743067609961,0.5942073740726701,0.7184717473657899,0.5982934478056001,0.8752940464085062,0.6532503766567174,0.8882612435086431,0.9096805060327461,0.6890298446848175,0.7033981785870798,0.7680121889872356,0.5662156427435424,0.770033143249733,0.5985777346736291,0.7999345203616413,0.6778719587867257,0.7322788293131944,0.7006310587074814,0.6569749377221914,0.73216727034035,0.6943054634661777,0.5997368290208331,0.6641290125810065,0.6880243384196081,0.8671548168010212,0.6651336206833919,0.626111169360814,0.7992086916967046,0.6537179636269466,0.6068690006955727,0.6717036109546675,0.7727189118659019,0.5437250105179197,0.691677872668953,0.7360208454223873,0.8631665070123082,0.6828520424406276,0.5608461892170042,0.6885163418168814,0.791317236099102,0.6762533119354219,0.7938812024271087,0.9537362158550264,0.8487366626576262,0.6006157037308189,0.7755425927127023,0.5449327103074488,0.7308380962725213,0.5401682824648176,0.8333375582526746,0.9309504718423353,0.8265688061786153,0.7988131899060007,0.7482164371432499,0.8369990183189651,0.6362060550959545,0.6300649837583837,0.5716097117403184,0.6183604026876736,0.7634282701961083,0.8749932737855922
0.9779932210101556,0.9837672191705658,0.9407041065624816,0.838500330203936,0.6977416665190186,0.0,0.7538549743597772,0.9664663489088963,0.8976631163764947,0.9494252089639188,0.7399387538752671,0.7120411095242134,0.979042872380156,0.8645352849197657,0.942364285627851,0.9710076875597897,0.9574241226181447,0.9209787498999231,0.953055369430109,0.9872455093063802,0.9466280589011516,0.9046687254593624,0.7215818757270887,0.8658458010958534,0.9087636141454165,0.6591887546205759,0.7210857867901428,0.9752425201676338,0.9379543509872853,0.8820241275786447,0.9702685947062057,0.9530423895491899,0.969560724435266,0.7299856951116478,0.9352813808004935,0.7610272357022637,0.8971423586593256,0.9317043494485414,0.7960540165147164,0.9177666683917987,0.9245861933675216,0.7117611319276247,0.8942168744243846,0.9174829378465976,0.930223682961909,0.9508511150755993,0.9695984847448296,0.8439057733361645,0.8649340749077391,0.8972717436610844,0.8966336655440175,0.9546717460193848,0.8682779802365873,0.9262079176770035,0.7878681197479284,0.8805244266356821,0.9326778472872251,0.8589694926420647,0.8403122425570282,0.937784734804392,0.9568450931726811,0.8672909942508046,0.8701677350067606,0.6599798039167718,0.8583827269686862,0.8736471999854403,0.7494285749463039,0.932928056871062,0.8744666093055212,0.9520044355774288,0.9646161348575611,0.8834021985255301,0.6852448821009015,0.9123982838256683,0.9535094328190907,0.9364083556184648,0.7121364282742546,0.7279412223332803,0.9216059415747754,0.9066639971969414,0.8973753249038722,0.9424209621166185,0.9383518368057582,0.9181678725921463,0.8358834122360014,0.9762929148440467,0.8534059494101736,0.8681557646954912,0.9777944456579685,0.7207481509560968,0.8507458149695987,0.8797158787402187,0.9047840280823102,0.9023578508881047,0.842773955160033,0.8938464239958435,0.8875524855422983,0.8741647220749531,0.6393799137413859,0.9536277731368791,0.8155158734529911,0.8701952172064581,0.6497225064602452,0.9399964674373192,0.8917290621286679,0.9806252434270412,0.893431181348618,0.8616441651783973,0.9449280817347995,0.8456402522115398,0.6750651989828954,0.6233293489920558,0.8904720548112574,0.7025514261221404,0.8968772613459097,0.9708053647058903,0.9397142600227039,0.8869921290260268,0.787751613560527,0.7428148044096025,0.8850305804876606,0.9389308519639051,0.8705050233845615,0.9839935956363904,0.8906043906899584,0.9873609965871898,0.8024348540647519,0.7985419105585393,0.8898837276524485,0.9248281890556818,0.922148990552023,0.9752393368998538,0.8596212360041043,0.6972391122291608,0.9055345673243876,0.8638255014672999,0.9790850309592687,0.9355886440613085,0.8696465276308153,0.9691139701768999,0.8857071700445777,0.8035130727312233,0.9512249313585865,0.6817770591349309,0.7509973122955631,0.7023650207686852,0.8701699043008554,0.9313146764763682,0.9726744623617862,0.5953715555249626,0.9735942223449159,0.8766743799471175,0.918879950815546,0.8423774663347945,0.9033013858089282,0.9289055477516404,0.9328587965114434,0.9125820002068877,0.8974614853939289,0.8328551219426009,0.8809209148206086,0.9670383891558684,0.9809783629917173,0.8104018394497505
0.7739146089815392,0.7972162006731628,0.8673745405219605,0.8929604044106905,0.9734903661824102,0.7538549743597772,0.0,0.8095595072040929,0.8405298621126149,0.8592939613199645,0.8699415748196742,0.8334318199061916,0.7974720553546764,0.718413482521364,0.7760618279522328,0.8165149227354088,0.7455149752401867,0.7110303071276689,0.6868812722261652,0.7438904229226874,0.8237791893067835,0.8914220559486268,0.959103471908192,0.8886906467391767,0.8953876777181276,0.838528842476683,0.8929582094541775,0.7589410493807739,0.6976116664131418,0.8198009548394608,0.8142388387382329,0.7697283171666122,0.7241103172414693,0.8563954487797437,0.7807311791712731,0.6949959533161455,0.919211093322669,0.6674582418963304,0.7472645093655242,0.8636731338022154,0.6429607468475577,0.9243220507617784,0.6972546393617094,0.7688223650023139,0.8832451598852972,0.7101531281167179,0.7989751681104453,0.7978453944076449,0.9393120263976098,0.6879308565640823,0.7284853251099367,0.7059705920630899,0.6006601462134291,0.7546768217128245,0.6973822633745993,0.8814573050707801,0.6703197704845691,0.8603467600909749,0.7336864241826078,0.7066711334778027,0.6963879996160364,0.6427519497226387,0.6176104175006527,0.6741893274788606,0.6354560732410406,0.6311884041202688,0.9315830226965247,0.8370101947383657,0.7504724111748603,0.7973090204717288,0.7667781289191301,0.6548325586463211,0.739142441828371,0.8265063685129383,0.6614326058667949,0.6597090508365238,0.8987329933968922,0.9072025718609291,0.6322435538514152,0.6022472690249606,0.6170866065504448,0.8669958953677812,0.8039587722461895,0.617923790962098,0.6939546529643686,0.7765068492911902,0.8706688321108512,0.7353812558039068,0.719611966248679,0.8149758708560655,0.9025223544979571,0.8897168567219614,0.6675423192044424,0.6235461739303275,0.7315990351318863,0.875569137025854,0.6064688387145813,0.8938532215261387,0.6260260069654757,0.7961908829403448,0.6392239820626102,0.8412212749956107,0.7908267612480471,0.801675941642584,0.6522840273055641,0.7802638315865142,0.6625528817606631,0.884818095579919,0.7210080904989754,0.9162676051887731,0.9207623329235792,0.7010509496145922,0.7794796896064063,0.735428822335054,0.6214707205662832,0.8115074571091203,0.6577330144486563,0.8778098282751554,0.7486625358262128,0.7296247005406752,0.7474761982166426,0.7063825941862579,0.7763280981620987,0.7583125324040195,0.6519884177143834,0.7207094671167029,0.737750285338406,0.8535950117480126,0.7130147282234791,0.6946581069958042,0.8172437990314518,0.7170194071519163,0.6406871870506251,0.656138950249145,0.8379212022041521,0.6026194295120144,0.7381941565848448,0.800158454025981,0.9133253518334927,0.7330647784240829,0.6214754836779498,0.7200710995423005,0.8568063313805409,0.7084231660914819,0.8039364703236018,0.956772732616726,0.8543927631523058,0.6583069883858279,0.8307723203151788,0.5332476582061605,0.793620368977253,0.5927982817266857,0.8845387487570595,0.9611417781531105,0.8562187815734617,0.8551942497957875,0.8046414311610323,0.869221719654351,0.7039003241053634,0.6943050527764841,0.6343751322440424,0.6735315184505752,0.8139518913133135,0.8834153130407231
0.9438457735893789,0.9926498466913559,0.9569761898960408,0.8366988685333568,0.7685031106360257,0.9664663489088963,0.8095595072040929,0.0,0.9665850752144866,0.9716834920314976,0.7613232518159533,0.8004524890098114,0.9449524232120464,0.7963241926463559,0.9429670616146228,0.9557251467124576,0.902056200837896,0.8758885380787389,0.9172931407860898,0.942857361378049,0.9274807982571314,0.9472710012136769,0.8038464651034388,0.9326425242755643,0.9551487412801788,0.6688862552592777,0.7984804754544608,0.9381417601645368,0.8755727071366611,0.9616310337964957,0.9938058112475907,0.8953262078307314,0.9267992241966773,0.764462820765693,0.887452661023654,0.7189106061948459,0.9259571924168588,0.8622969114523727,0.834946482346011,0.9116609737990543,0.8610128162865589,0.7905921116720449,0.8358017644554334,0.8521320785652214,0.9477578026693522,0.9043176949463414,0.9520769273037926,0.795762396815714,0.8807899478197371,0.8222051795405384,0.8319193430521205,0.8878295797647149,0.7878051675051602,0.8627275534267412,0.7238764384120205,0.9425064124420431,0.8611594481788475,0.9263210230795956,0.7815681094387954,0.8760591004078111,0.8803587261200707,0.7831712097310163,0.7876490599694966,0.6281634346030309,0.784482546555669,0.7931785023529374,0.7654665586438872,0.9251079691265376,0.8221586544259489,0.9684153506558147,0.9173856363265894,0.7967145239408352,0.6421617164377089,0.8802186684105048,0.884639220469047,0.8608304026823852,0.7119480140572988,0.7837488812747115,0.8551296479341457,0.8090046006569017,0.8181822892336315,0.948446395534713,0.986566025432317,0.8322699422130448,0.7602916721191096,0.9930162652103194,0.8635140601147564,0.8036406155170022,0.9305027396378996,0.8025586470082897,0.8514297292126722,0.9018929263775379,0.826709112866612,0.8160624655091505,0.7706201464266489,0.9544800150080857,0.7960018228695156,0.9156603838517297,0.6073181995506371,0.9122589499563745,0.746913553110566,0.8426545772597593,0.6332823014364076,0.9722646222683365,0.8049908460521307,0.9583723284071071,0.815273400599547,0.9363733662174266,0.8943275287283056,0.9045496846195277,0.6978118653418507,0.6028690467964137,0.822152177188547,0.729372415969181,0.8125394761696418,0.995152651118921,0.8691953965126523,0.8861761778989153,0.72642451055826,0.7386037448830105,0.8371842510225013,0.8857286937842984,0.8278523518501331,0.9601201435807452,0.7945498867878291,0.9478058877781949,0.7504072424446073,0.853083332361126,0.8292013788204519,0.8570607898536754,0.9795701771619034,0.9122278739418328,0.7942476179164286,0.6978148182000272,0.8929884666754989,0.7781353456035497,0.9801243166397718,0.9041698968313903,0.9106732940719493,0.9677606262549525,0.8089088050558856,0.7566716448318026,0.9423825079528807,0.6433367956954441,0.7510502122119072,0.7410033752329126,0.9497173281277748,0.8812559680855526,0.9851187550548813,0.5757602346489991,0.9387253871614057,0.7982568738372054,0.938279319904401,0.9130275501255245,0.971298474243907,0.9617599948968472,0.9492318725289474,0.975315620818949,0.8206049799984518,0.7518048941284983,0.8104907368116653,0.8873522770297151,0.9938223653739048,0.8684246588993935
0.8647372007246097,0.9447345996207057,0.9116629047968655,0.7921192407313646,0.8246593564610397,0.8976631163764947,0.8405298621126149,0.9665850752144866,0.0,0.9320023820038578,0.7833090816276793,0.8905647388792857,0.8673582367065907,0.7212465825797421,0.8722177690225589,0.8953502074505539,0.8064203075822146,0.7823056925894527,0.8283437476853467,0.8556533564438806,0.8565072907524228,0.9366158192741875,0.8578700058064657,0.9453730477025828,0.9565870940992244,0.6718284354942579,0.8552039362052148,0.849159142602546,0.7898912264333828,0.9932397195397431,0.9649860462576828,0.810442942299639,0.8296714626824213,0.7915072257729265,0.8195054056762733,0.6687855416644044,0.9285586977782015,0.768749812057638,0.8555461713807512,0.8455034974373964,0.7539965238469332,0.8771454650496397,0.7393758539865731,0.7776873854994534,0.914533859252315,0.80479972924604,0.876410364075962,0.7510606778321877,0.8533653570789018,0.7223541543256848,0.7377646623582281,0.7861579384512308,0.686535694781559,0.7708015312583462,0.6569859699873302,0.9831835350403635,0.7570911939222006,0.9604371564423397,0.6980408058355135,0.7793760712818606,0.7827464987569287,0.691940849909004,0.6864262382644921,0.5994292041704624,0.6883201804529083,0.6932304402874812,0.7776710317308898,0.8702844656177617,0.7345249656176717,0.9227236650770623,0.8310020283507366,0.6997191856755156,0.6116272546971356,0.8047395211829925,0.7827786060337399,0.7588435900305182,0.7022150693855357,0.8311314689660375,0.7487911179924561,0.7179140089678995,0.7191972728458973,0.9020647718086422,0.9748967377623129,0.7303236479249804,0.6802717553148523,0.9463291238268975,0.8807764304009876,0.7165710649824253,0.8351513630062707,0.8935007746031142,0.8136837163231653,0.8961045854607544,0.7239572146636674,0.7128778480963751,0.6906632861870267,0.9854514263460249,0.6945875537057512,0.9288637442961611,0.5871454826491184,0.8301261011872434,0.6854642060937343,0.7784141960028069,0.6075588037386033,0.9267630396047489,0.7056265791173971,0.8751595237948135,0.7119775221906474,0.9723607802560404,0.7929601967349474,0.9441026535529713,0.7230707218572844,0.5842933046011136,0.7545975787911972,0.7609514083418457,0.706741576630566,0.9545813630496344,0.7670211490275854,0.8375198676814369,0.6632326028962259,0.7364374453902959,0.7676897464891778,0.795553922463383,0.7872595824185449,0.8803731484740187,0.7198595781999803,0.858345590438536,0.6917718068878126,0.8888452891823907,0.7508559094505692,0.752870517644466,0.9930681856792122,0.8183610748146487,0.7365235391859623,0.715122178577584,0.8603233735824319,0.6790808934783624,0.9194145300194703,0.8232527293514245,0.8824344463823668,0.8924389553471674,0.7080062111076857,0.7162931467522833,0.8859011088229212,0.6100667118834583,0.7569768475868519,0.7711392856415358,0.9946039711724602,0.7835133727098643,0.9378697452517823,0.5661053474856043,0.8736851120538679,0.6982151548751434,0.8924819388670127,0.9332912162513418,0.979555560952705,0.9478170969159143,0.9183742915488413,0.9879628092474737,0.7307450302884191,0.6719488713441425,0.7102658539751117,0.7948244285348317,0.9478865797331448,0.9172314603620786
0.968535183194352,0.9661927032119906,0.9969206774006475,0.8814904690417135,0.7959908241148104,0.9494252089639188,0.8592939613199645,0.9716834920314976,0.9320023820038578,0.0,0.7773055679354021,0.7607421926117545,0.966239904009608,0.800696929270025,0.9734902539901334,0.9466132642352946,0.9189368962804331,0.9172233798092251,0.9185027176568564,0.9453247531617758,0.9737654913748867,0.9849367853414362,0.8190753556410708,0.950630533333054,0.9766235877567735,0.6879833349148778,0.7765432034695918,0.946548035853369,0.8496825627881956,0.920483550586599,0.95933520423453,0.9190011596441942,0.9215140313700493,0.7476217020390954,0.8836285414498922,0.7076563550041065,0.9439656770926033,0.8326185457226958,0.7630184375785465,0.9555038553406581,0.8460014569237981,0.8016027969831866,0.8836354176396497,0.8724809766762095,0.9458911144445136,0.9223897292666682,0.9700171550110428,0.8334480920929891,0.9387758420405617,0.8468209773076453,0.8803562667181837,0.9018682076473794,0.7992004147430559,0.8940805269055339,0.7369921980464965,0.9144614133430061,0.8776745026458107,0.8807134186999123,0.8522166125486855,0.8682132483083974,0.8932919797430363,0.7795704922435854,0.8114116916856807,0.6275523151410914,0.8247716907176206,0.8246333352913354,0.7990188455871154,0.9829094352824771,0.8847992140929613,0.9837270259612722,0.9521842798344611,0.8005784619457714,0.680488390647382,0.9407367917409881,0.8779507561978596,0.8724768349202984,0.7628370493303945,0.7719756887892557,0.8485000302853333,0.7893576357429869,0.8314881451546943,0.9916287743472721,0.9663643403434192,0.8139000332993596,0.7801171719467669,0.9508594386158052,0.8637986483162808,0.855371735352185,0.9281884287235,0.7577988724878175,0.8915665402497782,0.8924733336233575,0.8375662392838964,0.8262785488228658,0.8179228051638413,0.9280707244606647,0.7970815885004033,0.8953330178960092,0.5915195281143215,0.9312386629308762,0.7171560970740415,0.9140778654134255,0.6881055293720422,0.9826903151028014,0.8129923629975162,0.9622631545623563,0.840438715982079,0.9193369728811548,0.9168005218204859,0.9174064252948747,0.7363602317402347,0.6138987438974658,0.86403777597515,0.6797011514385968,0.8132343625377039,0.9651881436313225,0.8753157602827503,0.9587491392806449,0.7803879173812897,0.699402084832085,0.8257995869474903,0.8609490819042774,0.8223664219278598,0.9673753877772262,0.7849275293273358,0.9284259986335822,0.76441133398029,0.8095224626881459,0.8143237729517736,0.8833421624179593,0.9315046444505733,0.921029397704836,0.7502224686323856,0.6417930142365987,0.9229777698285017,0.799274609468349,0.9502356181892696,0.9144585552874458,0.9421664292754373,0.9505582862745044,0.8291178037615136,0.7401895367840964,0.9632241846200261,0.6607666030307715,0.7371240590257335,0.7767616098471407,0.9109374648798865,0.8859578088967607,0.9887415447109985,0.5314893308975578,0.9433697683470609,0.8018080795571549,0.9601225692552766,0.9380498359815914,0.9601483834410153,0.9812664271127448,0.9621002318200863,0.9624754161185547,0.8393727102106662,0.7814913716592483,0.8396446454498664,0.8707213505716058,0.9783869319430639,0.8670846025760653
0.7342875027071818,0.7677198563708515,0.7884657214426455,0.8721211806561892,0.8572484294891102,0.7399387538752671,0.8699415748196742,0.7613232518159533,0.7833090816276793,0.7773055679354021,0.0,0.804317690825691,0.7712324077812063,0.7432435729745884,0.6995278614538918,0.8124584353932826,0.7261042984746285,0.657398098329647,0.6496733556931502,0.7296332609501414,0.7670350013706035,0.8126918656185679,0.8583221352910858,0.8318504055490407,0.8314408695202308,0.890509807972238,0.8635405287006794,0.7481460082647325,0.7365081358962245,0.7477319608117801,0.7770249489755757,0.7360329618964493,0.6975541385069994,0.8855938521188098,0.8060891655209519,0.7234795254932903,0.9056841115461627,0.6939381155254699,0.805752759777491,0.8134844478208603,0.6309542298141423,0.8450324004324471,0.6441832049801867,0.8024183122720379,0.8497867583791321,0.6612974752713279,0.7245401584701278,0.884219235665815,0.863893579299644,0.6571720693411172,0.678374006231489,0.6835043958940086,0.576859741356031,0.7408909857290937,0.7318424350213352,0.8392828085425368,0.6462757721847043,0.8314121438603773,0.6761953094563872,0.6892002309381045,0.7003711938775049,0.63671538585691,0.5961008816495046,0.722745104089878,0.5948440200864207,0.6044854166582547,0.9486105334602585,0.7564016062997799,0.6930277728172342,0.7447959823909592,0.7212208866509981,0.6637155449946972,0.7838011265761747,0.7636746599568481,0.6489454608302025,0.6360934496351416,0.8702345488905211,0.8944836344306688,0.6173267609865347,0.641861931463542,0.6006677768532734,0.7724310383367354,0.7422271798803883,0.6371214749056612,0.7053308785145171,0.7574149247106805,0.936551306827127,0.6806719847736274,0.6837142570588588,0.8100712502611521,0.8306531681610946,0.8322496652026163,0.6483006486982335,0.6130157537924005,0.7195629828050076,0.8453179899151816,0.599074416099622,0.8679295491648071,0.6831390824521091,0.7590804076495403,0.7178331500652322,0.7595865718359237,0.7328115642638134,0.7204449314643386,0.6439616489326372,0.7333018706368408,0.6325463410612614,0.8534518492320249,0.6724297140907463,0.8881166393340052,0.9139251025109897,0.7421898389722792,0.7943668203540055,0.8200889689700286,0.6150621833934644,0.7823641525632056,0.6340743149569926,0.7842940539363661,0.7673716463582573,0.7960590593983633,0.7823076957926763,0.6974293179977312,0.8624935510361005,0.7152441768683353,0.7225265053085775,0.7105281276133479,0.7254333089370913,0.8475291103703242,0.7493142993025522,0.6645693805084374,0.7732426458054045,0.6967740039581132,0.7480238334548899,0.7720517595250465,0.8872040886447548,0.5873844218189767,0.7104706610631611,0.7853944095895798,0.8740712061381195,0.678831982640016,0.6041678760743983,0.7747417550523662,0.7886353547489837,0.7225217844513153,0.9246266052733322,0.8728746529503744,0.7966100315910566,0.6189820178929948,0.7818133132892632,0.6107661323887388,0.8136684115624376,0.5756058391594339,0.8323362801691702,0.8297877560820899,0.7958079992028012,0.8091881491555296,0.798252089241297,0.813052947506882,0.7434058903809864,0.7008651358089778,0.6011033163087096,0.6919068690305972,0.7591487606650165,0.924534463587399
0.6766231085775506,0.7735369495909762,0.7459054204987222,0.7121340018620804,0.8846519620850312,0.7120411095242134,0.8334318199061916,0.8004524890098114,0.8905647388792857,0.7607421926117545,0.804317690825691,0.0,0.692762107390254,0.6172188758263158,0.6809271938053695,0.7504417174339221,0.6417803940458173,0.600280333874281,0.6341378491141042,0.6730386468237634,0.6888542826972349,0.7904957705437763,0.9159722520932886,0.8427318982426967,0.8285328420142203,0.7223850529666996,0.9457441869088443,0.6753852111095967,0.6513168251163578,0.8852773465570015,0.8110329367986043,0.6511791765528848,0.6521522364061564,0.8619026619470694,0.6970872435471155,0.6246164206649069,0.8375451227884995,0.6269755963109236,0.8721197853738006,0.7082353136082638,0.5897097077269988,0.939736003911493,0.5730468396967126,0.6523471304188174,0.8064667283340388,0.6201181746493044,0.697950567023383,0.663764678896949,0.7560530954653575,0.5738511920861081,0.5839103274448422,0.6137563975445618,0.5274350765247439,0.6223961847803867,0.5827275967448935,0.919066992657984,0.5833284419391537,0.928048964700636,0.5602819919136871,0.628838872085081,0.6096175187830735,0.5647047724736242,0.5289315137239522,0.5985930206443585,0.5288943335722027,0.5335883754068578,0.7848357452318121,0.6952208725859275,0.5867273382045075,0.7350394896152492,0.649054897927651,0.5673957388771421,0.5823119951899765,0.6542250179809185,0.6029997678369357,0.5814342631732291,0.6918937447196871,0.9117660283584111,0.577958639698479,0.567650188254145,0.5477593589631227,0.7346307031868994,0.805673786736714,0.5738518973739417,0.5770010740437299,0.7816555774116566,0.8351603414485287,0.5779522605668715,0.6498140355719374,0.9908617842156903,0.7293181342900352,0.8294007161483378,0.572877224005246,0.5489535906689643,0.572575017706438,0.9042865111287101,0.5395199387028718,0.8851711519757884,0.5963130691315305,0.6774673274705935,0.6102771708676843,0.6463076643995244,0.5874192622861469,0.7453173598049024,0.5627340663566649,0.6982637743292921,0.5573307964810982,0.9147051058502683,0.6168747723037462,0.8867592607307522,0.7707483694345337,0.6027036166666905,0.6310639238570775,0.8390331916685716,0.5516754810363749,0.7972450327691192,0.58780999449516,0.6956872150244209,0.5762819197468211,0.7547202944447622,0.6704817679195735,0.6506796431251185,0.7137815070648734,0.6859237957009332,0.5964017719677387,0.6755542576213486,0.6156688143581581,0.9196272604723472,0.6457223841811162,0.5862489455432409,0.8718062929550257,0.635170362708472,0.6449151733943362,0.7628673844406021,0.7405151195314048,0.5213679496868148,0.7300216932652058,0.6888945158394415,0.792550249556392,0.6981575747187397,0.5410584903515129,0.6655632883503247,0.7365076966550532,0.5859149469217494,0.7841208681940983,0.8125941101977109,0.9230366602688463,0.5956539569821236,0.768087006990412,0.5963947626232919,0.7185271632711165,0.5337572122842555,0.7673372696319315,0.865992667771531,0.857512889866619,0.7923453871824293,0.7539890530420659,0.8671786699280721,0.5966225930661295,0.5629857990679107,0.5427133939433251,0.6260204212977168,0.7741207659498757,0.89773977331599
