0,1,2,3,4,5,6,7,8,9,10,11,12,13,14,15,16,17,18,19,20,21,22,23,24,25,26,27,28,29,30,31,32,33,34,35,36,37,38,39,40,41,42,43,44,45,46,47,48,49,50,51,52,53,54,55,56,57,58,59,60,61,62,63,64,65,66,67,68,69,70,71,72,73,74,75,76,77,78,79,80,81,82,83,84,85,86,87,88,89,90,91,92,93,94,95,96,97,98,99,100,101,102,103,104,105,106,107,108,109,110,111,112,113,114,115,116,117,118,119,120,121,122,123,124,125,126,127,128,129,130,131,132,133,134,135,136,137,138,139,140,141,142,143,144,145,146,147,148,149,150,151,152,153,154,155,156,157,158,159,160,161,162,163
0.0,0.598757945232057,0.5779111707909019,0.5096806404911648,0.4665530863320776,0.6058083140909054,0.4998038331270876,0.5049231066116312,0.5843912831764984,0.6051158515438655,0.6039962404625487,0.5289343561101175,0.6641224530381801,0.5230709058502397,0.5236253751868961,0.6138534136768022,0.5986134498068211,0.6331616191870552,0.5451123420655888,0.7180017484928828,0.574716964464154,0.6091099630980149,0.4836949058571008,0.5261370770169628,0.6836662275663776,0.5025671536282534,0.4587549531457629,0.5888660473331965,0.5376977846482641,0.47769869317464336,0.5608091470199563,0.6303922375651365,0.4954416120381546,0.5105327584213614,0.6370262434692386,0.4740630529627218,0.6147908654019818,0.5633391238081861,0.4839290071406171,0.5375073369213955,0.47596921944464193,0.569645996509007,0.5297065096173299,0.5731452556870801,0.5582318798270727,0.5371492726366969,0.47204150201491324,0.5540429416755115,0.598948660771801,0.5264627346918461,0.5468748010437218,0.574466809811531,0.48096673003917223,0.5409689535685078,0.5318389753163625,0.5466648526161744,0.6142503934393413,0.520465524095627,0.5404439568726359,0.5024218451280994,0.5340076413083154,0.43090640625852406,0.5490736194826954,0.46242370591627796,0.5299100893067362,0.5544718093147765,0.5580171945071644,0.5764708156704108,0.5193700828252144,0.5563652506502132,0.6185647898970491,0.5306274554969799,0.5701675111457603,0.5967002127255723,0.5909497016916638,0.5599562232586759,0.5084480719994885,0.5004752496665228,0.5034950078901882,0.47381509093426305,0.5517569669005957,0.5576218690918918,0.5721847200379382,0.5536693999048371,0.5417561841989428,0.6062424837356518,0.5185141807809105,0.5188036924562891,0.5666352777587879,0.5074899419298807,0.5315882336697637,0.4967039467703539,0.527923263057368,0.5804084639658592,0.5591790390115661,0.5695309627655583,0.4629654967752034,0.5307297756866656,0.4390581117643505,0.5537951344890071,0.5094057778160634,0.43899968440055387,0.46060693247931217,0.49814183586324595,0.5396709017006045,0.5513733983971176,0.49750356042427035,0.6020332723394207,0.5033449317317085,0.5563774112138155,0.5538548517251289,0.5108516161820071,0.5970057020549465,0.515173365287593,0.5452726180727338,0.5885967762349057,0.5794866243041233,0.587784767941075,0.5535550650173183,0.49455301267983737,0.5397369384487789,0.44088317225626295,0.557259294988039,0.5911334947711018,0.5422522103902979,0.559698863788144,0.45944578073004194,0.45954870933643027,0.5460967963604899,0.5370697430180299,0.5271610791505287,0.5629203183304884,0.5217577534340233,0.5511671636562239,0.5664162950002621,0.536968348236593,0.5728871824558616,0.5305318701728563,0.5505960378136908,0.5037681356534369,0.5300434493572913,0.5465916234017342,0.5540318092511815,0.49142466463250684,0.5767422370864767,0.5262294219997766,0.5402498831799677,0.500277840050671,0.6598120755732043,0.3834716916933122,0.5935821961351146,0.5231846632698923,0.5136221303087717,0.4567188831234204,0.5509164822926683,0.5858346088572182,0.5430015387966113,0.569264891868379,0.5305927657637162,0.5553929638812406,0.49643213350270604,0.5935938527229863,0.4597921702370378,0.6509765811814369
0.598757945232057,0.0,0.5501635955658756,0.5293200629956768,0.4652883131686819,0.5689551460294986,0.5329196414666755,0.4809566151706305,0.5559141436884635,0.6260718234532404,0.5071096437034543,0.5618314173799969,0.5566586823203821,0.5399810084862027,0.5368780504125243,0.5399073508293566,0.5750132958675548,0.5486486148064713,0.5253019173839328,0.5970912010836817,0.5625710332563182,0.5717399523067721,0.5031566911609435,0.5626898850923315,0.5867100847415434,0.48650332173784544,0.47095715576073294,0.5361952417808565,0.6009558432579025,0.46096479613884705,0.5547238902049256,0.5463094701364128,0.5593761063260542,0.5238184209470753,0.6081293036966895,0.5035982150123964,0.5141027717003925,0.5405245150838256,0.4976167438364555,0.5969825380702329,0.5523570804430424,0.5497783036574875,0.4592564748016101,0.5470471682530408,0.5526631860751532,0.5494514682726853,0.5045494340141544,0.47112449227746717,0.5604329999061128,0.5144153595495756,0.5214082019439342,0.5915397615962135,0.5193875023909574,0.5632795976129654,0.5103048479564328,0.6126771302457248,0.5737927806216297,0.4931871732035156,0.5207163611689922,0.5499779645919137,0.4832406290059734,0.44098955712267857,0.4795604658706081,0.47750950071310394,0.503335932918163,0.49952517015928344,0.541697826476816,0.4990152052687779,0.44865227392911844,0.4685964669302244,0.5532934347333328,0.5403864786245007,0.4983118546130326,0.5541916716922746,0.5474478481867716,0.5317898053472299,0.46755184165405267,0.5403559271365898,0.494482628618714,0.46515589846447614,0.5363859965617715,0.5472460971403037,0.6050162732408609,0.5162562530471793,0.528481605778389,0.6625396864079777,0.43472269546475045,0.4729631137099179,0.5639875838587658,0.5784127008035351,0.5048703692220842,0.5553013954863351,0.5298755480190174,0.5591035116622068,0.5635366205564428,0.5755494662604798,0.45833621516745937,0.584106421764859,0.4624686934995434,0.5975438369445639,0.5201992563925807,0.39534278416918306,0.4461132543141402,0.5139417960792487,0.5112960659406881,0.5565082053206349,0.4921396473901568,0.601706154030058,0.561536375105819,0.5566623437215393,0.5372358690277936,0.5045166731669911,0.5163085142254075,0.5004971219917067,0.5468090258879275,0.67235927425134,0.5831458425446941,0.4966836048902028,0.5251798651772299,0.5219720088022479,0.5543656267678447,0.42755902978381416,0.5322295835682628,0.6067824782860651,0.5152084053543327,0.5741448026202424,0.48439324183021604,0.48058697433406333,0.5938990183492826,0.5380113830158749,0.5508560082098451,0.5186226968470451,0.46825634006482086,0.583795202621926,0.513350961776084,0.5120510614962699,0.5664936255184149,0.5780909973018493,0.5442863495641326,0.5010301793367056,0.5023862861336161,0.5360324126485058,0.6270996079116963,0.49278856549198524,0.560769851920882,0.4937762063664233,0.5754741962875266,0.5421959325659927,0.6215790459818694,0.40948784543284533,0.5160135922163013,0.5417447846589081,0.5055670893869655,0.513635618751701,0.5656622962305247,0.5214111812414276,0.49211721524066987,0.5915061390111241,0.5447810172028235,0.5035392634124187,0.5159964748078459,0.572844298258411,0.48436267961214835,0.5780917821042222
0.5779111707909019,0.5501635955658756,0.0,0.5410950852824197,0.5398022427575572,0.5462304875864736,0.49589681810129477,0.5248182455315871,0.5320391771167228,0.5688863424019688,0.5692773436432391,0.53396709410927,0.5803973031481001,0.473462799537898,0.5384237777902319,0.6274718029435657,0.6129710619818414,0.5896454959636704,0.5027180166603233,0.5363561238156156,0.6278124042309113,0.7026131635386286,0.475280024515776,0.5243088213505184,0.5540607416114048,0.5421365352380921,0.4726639405614186,0.5154484245985074,0.49224539939176487,0.4822839190276143,0.49480186084448863,0.5429164884172577,0.5202831429263235,0.4575464645353086,0.49966335061756195,0.48188434571761274,0.5261973217607201,0.5437387008927183,0.48856391302617885,0.5601021903004968,0.507850229058485,0.5712957284615148,0.5332041501521009,0.5191006864227742,0.5362377215376756,0.5420511936299968,0.49167562847777657,0.4948781368422876,0.5269516170038355,0.541159571204651,0.5673848090407425,0.5979828254952064,0.4655148009300079,0.5650668038038165,0.5075412101008641,0.4954169916326246,0.569160123232814,0.5800566522096473,0.5040888990323951,0.4973055980592601,0.5000578470072051,0.4305742008748727,0.5739632425807977,0.442107955833194,0.5000339354560085,0.5082597388896609,0.5162717251349326,0.5671252621821211,0.5363736090268131,0.5469200196487594,0.6069528006023692,0.4654714217094884,0.5034587031985287,0.6527219601956572,0.5792963956438348,0.44203889773215027,0.5354810116572642,0.5357219779147652,0.4957208582003031,0.41770276127100414,0.5139095378696686,0.5736114080481008,0.5757241475194683,0.5005419187395351,0.5216041798520823,0.5976457828906732,0.46494220069888903,0.48776490392070343,0.5030354454346846,0.4837151639853323,0.5915434516983208,0.4702320981539569,0.5233432075748302,0.47863283544267005,0.5479596093419999,0.5215979484086246,0.4542468389597142,0.4936095366908832,0.41084389594245924,0.5201830938726506,0.4349603129328255,0.4538552511363368,0.4592649154347567,0.49074965587370234,0.509245468326537,0.5963822747543103,0.5231910039676527,0.554427675191144,0.524085476297242,0.4981374989720649,0.523076054783054,0.5101635632544534,0.5029652558315842,0.5052949543622013,0.5108299664521692,0.6182956489613384,0.48152101718172663,0.524763925875894,0.5435847689225024,0.4700409095735784,0.5473256060010311,0.46320886583670196,0.461639201834479,0.562161546822067,0.43763952951222757,0.5244833681353397,0.4744312219868722,0.4844698116160817,0.5177298877924058,0.5334767706261758,0.4979969184760365,0.6359706305989161,0.44786277765065274,0.5053642735941062,0.5086013794665495,0.4713844536629996,0.4858141140466764,0.5159162828139634,0.5529892377337033,0.5040764925158814,0.4739227109137885,0.49434631334572116,0.5438392203759543,0.5068455728387149,0.5260066161626167,0.5008665221274206,0.596511994321131,0.5189591530326654,0.5682505351240121,0.37535608445122604,0.5008770849753532,0.4663914980217314,0.5428506552804971,0.5244088711693332,0.5583945498331545,0.5283795570627792,0.4694759515924995,0.5948319477603942,0.456782946831978,0.49554565656751026,0.4815199731179314,0.465566775066904,0.46042142930696894,0.590578161491255
0.5096806404911648,0.5293200629956768,0.5410950852824197,0.0,0.4696773529655967,0.48696490019754335,0.5415206624576047,0.516473978257171,0.4707329034303118,0.5391508974763459,0.5338333914688149,0.5509308460215305,0.5036338442225954,0.47662584746686526,0.5706818750925314,0.5186828203460143,0.5379326474268337,0.5335470360341708,0.5454079691209779,0.489813797268133,0.5787888718249443,0.5413238079242557,0.5070080674791311,0.501265185464817,0.5378212301394311,0.5437906083544346,0.48606948128717903,0.5225634134597705,0.506738938060246,0.4217471536126127,0.5252359082378414,0.5149481121874732,0.6541557576116088,0.5084090815268646,0.5167865456292221,0.5393764518514621,0.49179319399980603,0.5321359958759865,0.5463489134178022,0.5783365092503147,0.5717489121902468,0.47071151796068933,0.5151993023969865,0.5460323455393967,0.5532983267927762,0.5387868100289406,0.42909625801811874,0.4696887130802057,0.5505070411295545,0.5314563772620156,0.6103693324947091,0.5605698132077482,0.4729768671774368,0.6830522750782537,0.6105119290448957,0.44376442212696493,0.5606375204270418,0.5396683109259935,0.5239890106358713,0.525853989016463,0.5152250560188911,0.43288168814616235,0.5319768227165214,0.44814137938210974,0.49949812088286644,0.5036123213938959,0.5423096450376171,0.47352087300860907,0.4806153051445799,0.5186277574712213,0.53733534117341,0.49143995147037683,0.4961444392012358,0.6309973014895665,0.5249156571690937,0.4511987697548006,0.5526844611592304,0.5162576825300021,0.5229290379693193,0.4026703630534739,0.4738119353752199,0.5878442021311312,0.48434209325804506,0.48735034649492326,0.5504303588903979,0.543565759502638,0.4584106246254895,0.5185825769855733,0.5189496288765892,0.4581986648546813,0.5617798795109852,0.5193167362022263,0.5507140227562576,0.4926495319205445,0.5747558725346854,0.5151218109957452,0.47163976598386315,0.5060243870143757,0.42545802149170253,0.5663573208934977,0.4752526291885415,0.4720703438777011,0.5438514173245333,0.5369962415754206,0.5350260989395026,0.51894612176586,0.5414571036597429,0.5012470493753635,0.5339161934164435,0.45298658958403304,0.5869119060675776,0.5443767128400018,0.491927315378428,0.5160448983148638,0.5406120392006055,0.5258528644224417,0.48754961832742144,0.5094777648670537,0.542915740231427,0.4805780878726652,0.5112279025117,0.513825423043803,0.43976772338092274,0.55620050631911,0.43541414287973307,0.5663846877486892,0.4823272976553392,0.4740379008051218,0.5577261085473229,0.5338604512562292,0.4313836736090716,0.5122953110967061,0.45881902719978285,0.5302533077268222,0.5078918149232462,0.4485561762981557,0.43217748600247036,0.560776151875337,0.5690307491583303,0.5356829213335151,0.5455019468387122,0.4707813247031012,0.578547421099758,0.5395949318325375,0.5324367872198772,0.49378858785879015,0.5119369893335198,0.5093176566897113,0.5180683907854564,0.3683893538948602,0.5567380077402323,0.4989161992368813,0.5299208435184943,0.4646829761391254,0.588569437078725,0.5108869995948739,0.4445174839583264,0.5366725302065223,0.5419138434100933,0.5267154041325227,0.47893643286010956,0.472646444825613,0.4808845057242327,0.5374764095998615
0.4665530863320776,0.4652883131686819,0.5398022427575572,0.4696773529655967,0.0,0.42639093643403586,0.5216128532831743,0.4123377004478737,0.46040663975777385,0.4861781100576646,0.47693453246134715,0.5044721372577514,0.4316538625785691,0.42629493949558095,0.48970876182061784,0.5134733060998782,0.5273680933624127,0.5032014843202429,0.46223330816766217,0.4388912113068152,0.5356619869316533,0.5241563219599036,0.5048428831211491,0.46268810203463584,0.4699768209354144,0.47233064555445886,0.45048820021198255,0.4382718829170034,0.47137311712398317,0.5123018409612138,0.4430752671868761,0.4672363833187534,0.4567990660603502,0.4213673142495324,0.4537369521464972,0.4651892647945794,0.4303992822170512,0.48665592733997043,0.46393483997092855,0.5014060136097158,0.4919247407567593,0.5095594902521565,0.4842450655929194,0.4815875144313549,0.43286588469158677,0.4647616217645376,0.5018983820610645,0.4241136341815393,0.5137879348198712,0.5071184878996322,0.5172048691677721,0.4979937793893175,0.43737867716513534,0.47587547806544267,0.4724366591936997,0.43159291491963125,0.4978260208823065,0.533974798849749,0.46199030860889223,0.46181100941018743,0.3809630488515974,0.40874980367171304,0.4614135836570934,0.4410607209873626,0.45720887695855494,0.41375209138744046,0.41591042016925844,0.45740409751747846,0.47292061931902013,0.43311130360277217,0.47790217879377744,0.44495142697171103,0.4246187405894887,0.5046223664406204,0.4558140666403209,0.39973842057882736,0.4620084475691869,0.5822332533399183,0.4280043961580636,0.38955425845610564,0.43559539110084095,0.4914040436933549,0.5070874595753834,0.40161131819763934,0.4841578129501094,0.47503841520466655,0.3779384364280311,0.4612180518891649,0.43358853067688,0.40833026345418527,0.6206006614560987,0.459887971506951,0.547236493389404,0.41647172350891354,0.4995951876489766,0.4537226348544551,0.380716648726038,0.4428580776013516,0.4217107518205385,0.4335784882142836,0.40183884961993943,0.3935494611961026,0.4512059095042058,0.4683747320420327,0.4517160082502968,0.4908596224189092,0.44985773491299297,0.47565090387166775,0.49186908895319503,0.4210377260547508,0.4835534781993949,0.5085120557075608,0.4003527801229849,0.4672030828463356,0.44349741157565714,0.5019738799342428,0.4363809100889548,0.5245366505268148,0.4603317036124971,0.4385294444777797,0.5737742391485529,0.4170412461000868,0.40336118063205306,0.5000772907353948,0.4042245634179027,0.45725127852686465,0.4443177216088229,0.43357889795482596,0.4566323776736422,0.473564375913862,0.44410733539100095,0.49489370714553865,0.377591880340436,0.4541632702430395,0.4145956201374004,0.43431941126452567,0.4335081757902393,0.49764060456080045,0.4707381972363563,0.49201163080546734,0.4023976752943187,0.46106999556693756,0.49990870762833745,0.48332305930716496,0.4755418463001848,0.4741663011209063,0.5255294330222544,0.47056755703456105,0.4877541956198922,0.373452312027689,0.4279901336420506,0.4520057190668401,0.5116889482717564,0.5018874689597962,0.4979186124137684,0.4206228795945764,0.3879861046487307,0.4907143259095036,0.41506123354604013,0.465469808970329,0.42720560282174885,0.42958893739483744,0.4533062883313444,0.5199452788416145
0.6058083140909054,0.5689551460294986,0.5462304875864736,0.48696490019754335,0.42639093643403586,0.0,0.44376382403048914,0.5082657130761498,0.5261549776551846,0.5206678991256607,0.5352964214850229,0.5303619029216389,0.5983113300822789,0.4700383272115844,0.46635586869807566,0.572675827389057,0.5302677813452648,0.48391151970983315,0.5084334128558543,0.5645544537952829,0.5425548873830999,0.5271795655491613,0.4135565598282125,0.4827779543119642,0.5683050437796714,0.48891008720262347,0.4041362001979022,0.49778926844385674,0.49756659936937087,0.442562382124069,0.5342858061404122,0.5766176905044644,0.49179335140331704,0.4902720214463687,0.5303639347400407,0.4580563416107911,0.5700661132435629,0.509742252931438,0.4778314639030514,0.4683090747922113,0.4597392892689791,0.5168768761386088,0.4711908013928089,0.5581025892081687,0.5230385613821131,0.49078616433302813,0.44918890790937643,0.5415222224602735,0.4798762780289531,0.4723734447986615,0.5044898098415604,0.5860691132648422,0.44584667767332875,0.5342051662723329,0.49843870315951494,0.5607335949762795,0.5347245016292629,0.5187523021575493,0.44403246525601586,0.4697312031040286,0.5555488822228851,0.43812035906053665,0.5392984535455968,0.4179483961422498,0.46433389168963773,0.5160113242962961,0.5201537280447018,0.5298527991962326,0.43115000626838557,0.5097680145414373,0.580895575843412,0.4623912895513152,0.5150370843363852,0.5327071976695386,0.559723667882765,0.5042316181276126,0.48232702695842933,0.47833581046778384,0.48402005119340913,0.5012967411068797,0.5642999879338205,0.5175808583977666,0.5511510367436714,0.5581481957877991,0.5026102266585266,0.5732440702342491,0.5289597354267158,0.4479640526569383,0.5235291409249296,0.5302400351183912,0.47562101965807174,0.4811444536566841,0.4723028115007819,0.53742878504618,0.49454404600348,0.5731228626392714,0.48295751547028815,0.5272332449155035,0.4213155037887983,0.5247358693708124,0.4839327994576169,0.42761641195283895,0.42849408142532786,0.461282542343177,0.5025355062956711,0.5292967407308072,0.4848033866142797,0.5245075234562049,0.45831830629581016,0.5408454869344835,0.5279616505916929,0.4642555162021878,0.6012893564261171,0.47410393113348703,0.5137917556378547,0.5566762741587249,0.5257088197230629,0.465382049187741,0.5401865705941844,0.48294228405722806,0.4831536747337766,0.4434755721673908,0.5381627667931207,0.5650626255615375,0.49610429862355826,0.5571670150250466,0.45258350901158984,0.4747636397862746,0.5371561168457125,0.4674769612081241,0.5017039547716265,0.5756941269728576,0.5091093179021389,0.5543271376794537,0.5287238971116025,0.47875895675738245,0.5325012236412286,0.4648570731994878,0.45474897936075376,0.4629858838922855,0.4940793084602295,0.5282501959763721,0.5040306019399639,0.4609606734793015,0.5412316998653657,0.46566356019244065,0.5431760168665526,0.48280380059634,0.5527027217223719,0.39054394683765575,0.5450023240988489,0.47711006775765474,0.44934879615753387,0.42063685949779306,0.5303620621527146,0.541208672039385,0.49017006902630916,0.5897978868861694,0.47234523530433115,0.5104784006343738,0.45340350609363206,0.5405049335103433,0.4350716834211066,0.554348211799756
0.4998038331270876,0.5329196414666755,0.49589681810129477,0.5415206624576047,0.5216128532831743,0.44376382403048914,0.0,0.42508138183269395,0.4529405928162648,0.5952915067852148,0.46769837104232737,0.5391890738584104,0.4708116680093041,0.4582234307287392,0.5664561642845587,0.48240443809358996,0.5044789752659238,0.5203341068473406,0.4889896949381629,0.4650576370383611,0.5346608043634378,0.503643433645467,0.6087034778515598,0.543624078067036,0.5493413423096897,0.500450180481753,0.46575786439871864,0.46938036522730725,0.5132544669266473,0.4458620614690518,0.4998581263650429,0.5089561447206271,0.5196386986133167,0.5153228107835855,0.49902871222518125,0.4743210817060551,0.48106415284517356,0.4614719551307475,0.48050031078552885,0.6174048120888715,0.5050095961257188,0.49746070561722466,0.48315642261924097,0.5274356494056012,0.49781706306844375,0.5272781544127576,0.5065836742776816,0.4449384463836839,0.6591029859714993,0.48789701655439754,0.5569948650994521,0.5054139877522381,0.45030565393465266,0.5275811792652556,0.5210851004555898,0.48259615046964355,0.5125506697191103,0.46591608049014277,0.5577564750405526,0.49412475179572907,0.41408885947855484,0.40786194926705255,0.4370211676024868,0.4417470695000295,0.488112654139623,0.45569063642536445,0.5047030247256289,0.49558311166833874,0.44321805897284144,0.43352252425932886,0.500716521839145,0.4888408849635306,0.44668742558816066,0.5528551110913277,0.43651713948885823,0.4793274814175294,0.5009635007199823,0.6042867291585036,0.44950639669664616,0.4150608154822847,0.4537895910416887,0.5187227548771067,0.5274139272285332,0.41063189474090206,0.49952942982358295,0.48738870435433707,0.39570799915623966,0.5093092200563465,0.5000705276485622,0.4612754532606979,0.528886351548284,0.5441969802715801,0.5346118120745041,0.47070940474900425,0.5296736511221098,0.5150622654149641,0.39251997683195766,0.5074411366283135,0.4253896000925964,0.5387476779079194,0.4563233831687386,0.40782450748904,0.5080745899657386,0.5266454536589771,0.45576208501822624,0.5060130825687261,0.47328890094266257,0.5050649404140267,0.5744958081453928,0.48939204105922524,0.5822740187936499,0.5030366863555257,0.4486093229822704,0.4555969239709159,0.4697163702062952,0.5066477594163549,0.49274833653410205,0.5591332191186259,0.4925389155576732,0.44429187932343006,0.5168003711062338,0.4162213580980029,0.43614654858158264,0.5830899771246438,0.42873226841120166,0.5239672331847404,0.45577721801897386,0.4523941843455579,0.49939149365012503,0.5140462246202433,0.4354089737449113,0.44713378290845385,0.40204595423955336,0.456940118347516,0.4493440454870944,0.45426417489332394,0.4643709222426623,0.5774103753821226,0.5247318093341031,0.5056227139973756,0.4613006438466111,0.46123648747979934,0.5818030708529306,0.46917463410691845,0.5167957083227396,0.5496892656826826,0.49272219139443474,0.515797292711851,0.5286322292661048,0.3485611721836558,0.47454706848171474,0.4873621357640499,0.4727457616628638,0.5602011335073926,0.5496358372450242,0.47327436684685553,0.4356803666272372,0.5476845058318743,0.5051572725618988,0.5182835280325115,0.4887058446761152,0.4705591499147845,0.47820383028784563,0.5100770027823988
0.5049231066116312,0.4809566151706305,0.5248182455315871,0.516473978257171,0.4123377004478737,0.5082657130761498,0.42508138183269395,0.0,0.5407382773632334,0.48730546863746704,0.48533680568583637,0.5371037587044525,0.5273754005334685,0.429824114654012,0.5141279947129874,0.5403448218790843,0.47591048998367097,0.4916459796296722,0.4923496238604058,0.49881369208957343,0.49808913967023616,0.5026427794034375,0.43020460820300094,0.43499850654662997,0.5105770991906109,0.49612168722403616,0.4717319024805448,0.47430294839902404,0.4227380761645753,0.4540215276958265,0.5839273395490187,0.5159085943907119,0.5216774348704921,0.4707301162025041,0.46053189690023527,0.48238026872853484,0.5151456622446096,0.5294078997275485,0.530491357091229,0.45190557077068494,0.4653354256659079,0.44286267126107687,0.5309037412261903,0.4597074840870966,0.6113826089661376,0.5373491585099224,0.41537296940505675,0.44676554322504575,0.45872602775279303,0.4951786033976898,0.5152295351924648,0.4845491179044596,0.4194730877691412,0.5126427263165374,0.5134766178761359,0.4468596162775633,0.5123468568697117,0.5717248419836,0.42672010657839626,0.49423311282684745,0.5612833785393063,0.44425982206977366,0.5341544604255015,0.40571994206923917,0.44743469629635707,0.49510358126917253,0.4995414221086976,0.4864543496643213,0.4711475393046193,0.6458411964517136,0.5488399444824733,0.44261064894997126,0.443006467286864,0.5448571329361801,0.5460709184230953,0.43550929932003823,0.5254712781363424,0.44823507285123293,0.5609941783809409,0.3770395378796648,0.441152230738662,0.5492830860590121,0.5005947657413337,0.5213471779598866,0.48028867195820846,0.5793203856814455,0.547375443134996,0.4900976377726244,0.5529998844224985,0.5050880416019426,0.49101205771190326,0.4685294893224546,0.4730990331281923,0.45346980652620145,0.46268814011327414,0.5134605376645948,0.5105459336627608,0.46847854336168954,0.39019817669619805,0.5127778405951529,0.4441776299396508,0.5591190203657037,0.4592410421485992,0.4800252442505844,0.5278007739874871,0.5530648145747765,0.5223255127199576,0.467825850312803,0.46479536435663754,0.42014498899869895,0.46362002629925414,0.47373380877431737,0.4622814684565585,0.5121696167611693,0.5102916257461348,0.5000267051756198,0.44389171699039626,0.4746782715795855,0.4292551406722003,0.45667960207227526,0.45320911342388176,0.584823544099219,0.405777702498592,0.5043419225080147,0.3997184518473222,0.5353236484928934,0.4429314347303244,0.5577438747089525,0.4765318569270619,0.4957984204410738,0.4687601717202935,0.5326144959155082,0.49574200605151847,0.48388424267888924,0.49234182230281875,0.4117304251535094,0.4605646712732928,0.46610790680974623,0.5052139669091361,0.5425702231109827,0.48047912766472733,0.45151166198152903,0.48679209041983174,0.47717291248067634,0.4836279560777743,0.4630754565210359,0.5496632868256239,0.4843340089728102,0.5051923490428977,0.36154763440921445,0.5554357045719189,0.4335177639016243,0.4722211215660984,0.4401146162528162,0.5281379788183084,0.5577499634998839,0.4290342580849759,0.5217533783763617,0.422220844291653,0.4608375935999748,0.41931381766275383,0.4319733171612444,0.4402494755301827,0.47439041609225063
0.5843912831764984,0.5559141436884635,0.5320391771167228,0.4707329034303118,0.46040663975777385,0.5261549776551846,0.4529405928162648,0.5407382773632334,0.0,0.5510745704190729,0.49922317631014956,0.5403540415697995,0.5106019092945377,0.47370408613037435,0.49063003815167816,0.5367435983068117,0.5148294210012774,0.5448757059433293,0.5065796545789212,0.5620930320673282,0.5094883161844751,0.5619229749113217,0.4643538880987666,0.4458755234127771,0.5687445634082441,0.44108154525177584,0.4840061590378125,0.5009942429456257,0.4674343972505156,0.5387962689425065,0.5682804836885822,0.5260278942441592,0.46742631757870284,0.4546817817009693,0.5357377993989549,0.46927178099899586,0.4995705493997905,0.5577367497803375,0.4784220844961927,0.45968128037212685,0.45847897608149646,0.5793231344512549,0.47586893352559856,0.47130158921524984,0.5119800162093265,0.4867353019442577,0.4539817523400915,0.43794637485518567,0.4979013709513854,0.4980343811034826,0.4842857968260426,0.4881762986213488,0.4523113285708058,0.4760460995310845,0.4692770666779955,0.545621055371663,0.5267676398457555,0.5542617244358918,0.4599012569956528,0.4819288771792015,0.46466597565142925,0.42821106726788666,0.48010903580940634,0.45092225139019754,0.47187716671001706,0.45927570095528564,0.47669050895623805,0.4893149038931479,0.49239728364899016,0.5564954508838742,0.5325687469502197,0.4775134745886026,0.48417767693915165,0.5067800940618444,0.5685525433574533,0.46100494927734686,0.4529811375168351,0.47024947245017007,0.4705401139883049,0.40102860131577567,0.46944971433342225,0.5632439961084349,0.5678631321260017,0.48953545790744,0.5012884791214143,0.6116993984053226,0.4816522151220794,0.4841690162384427,0.528396045287027,0.5334149366518985,0.5229593797656766,0.5108925647756376,0.4894108351093563,0.464127240977995,0.5118801770770723,0.5390581406757503,0.4513100376705724,0.5118966508245825,0.4399429663224798,0.48476728349114123,0.45400674099746563,0.42614039892116623,0.44106182539611133,0.49906899224163837,0.5179642436402913,0.5072868210959629,0.45886478420772986,0.555509556677785,0.45754972858858417,0.4555514966058409,0.4666732562993192,0.4961779140938205,0.47151484626849843,0.5599736401605643,0.47466636524412464,0.5476279095464771,0.49582179435907303,0.5121641172390208,0.44527284075500023,0.5158490633072762,0.4984963721808473,0.4643617842916389,0.4547206324610212,0.5067515880553833,0.4772106500411875,0.4896511611522429,0.4540233375064004,0.4657770451408536,0.47996515725079697,0.4852111881253684,0.6454967286989782,0.538693787524546,0.46786183196133485,0.5534864461654934,0.4825582638064693,0.44962690147105555,0.5036566425152882,0.4728581009009563,0.4939584061890456,0.5224355557676228,0.45595301746557587,0.5079138171049107,0.5398066431675093,0.5083474575151553,0.5032290149194252,0.4877262978946641,0.6033487456163616,0.47369428069719466,0.5916042682386272,0.3967022181220989,0.5184789563311707,0.48384238030908133,0.5103091840914674,0.45852283998921645,0.5284921780922008,0.5224387654147463,0.4390638769224104,0.5159697511418792,0.4421490009271267,0.46373160406147784,0.4355376712687172,0.512142997695632,0.4774014043441788,0.5503923870326396
0.6051158515438655,0.6260718234532404,0.5688863424019688,0.5391508974763459,0.4861781100576646,0.5206678991256607,0.5952915067852148,0.48730546863746704,0.5510745704190729,0.0,0.5079768560847041,0.5435588448035845,0.5628268159883627,0.5158547602800503,0.5495719599914896,0.5540725322189822,0.5761032854410317,0.6316892960227194,0.5151293880849651,0.5537551207217333,0.5644506273505219,0.5602205387460153,0.5785873999885781,0.5277605860039091,0.6854170362695067,0.5076660215943279,0.5063647798251474,0.5446891848710421,0.5625454877152319,0.49004969935754455,0.5434896227533819,0.5726803810465525,0.5254205811518832,0.5165999633132872,0.5579399304415885,0.48100177209422024,0.5411269608470277,0.5400416475089843,0.4697907289826201,0.6098162849557794,0.5131946777362898,0.5855435355061552,0.5064436441439158,0.5304114230492072,0.5462372921135283,0.574501274945963,0.5278274575606364,0.4679684957190311,0.6489896510574231,0.5081497509718894,0.5463126266053925,0.5498679923686075,0.48788232311790997,0.5222606693978236,0.512321500151319,0.5913960620965291,0.5627799739128209,0.507236606152518,0.5810916383533603,0.5142323506351307,0.4649498103572529,0.4324434673427817,0.4850361911973632,0.4681797618350063,0.5129036911992786,0.508383103352946,0.5488374905966716,0.5583963882237059,0.5102006157709951,0.5116476717237873,0.5586045978674185,0.5360012821714806,0.5034637061260079,0.5889998200493466,0.5274754398951078,0.5494110510051483,0.4951537944203419,0.5742662075853838,0.5015609438790191,0.4535065537588939,0.5410261608743749,0.5512938747476727,0.6214537823619435,0.4962162189756743,0.5463132391836095,0.6009688127082073,0.44867726183342294,0.5309101469919675,0.60209337983933,0.5243329016907308,0.5474890163606123,0.5500635370374265,0.5341265511848305,0.5137189463897389,0.5821127572817776,0.5867297306820779,0.4257330590778638,0.5795415026910238,0.4445613289273722,0.5892696257556771,0.488182591227097,0.422769053470864,0.4988371536367037,0.5828581985695156,0.5076109232316152,0.573065172649595,0.5017275447316188,0.6584209912726712,0.5826018874927186,0.5282777283064493,0.5400033390325812,0.5218826500895685,0.5141991260505195,0.5365726668213643,0.5251321778031411,0.6016891219565692,0.5906620369911294,0.5703274478693736,0.5286390313644596,0.5146739468395787,0.5278626326258291,0.4516376208926604,0.49320247061001893,0.6181950444610507,0.484980742249185,0.5659490699901173,0.47633262364667767,0.4601308464479979,0.551559374362158,0.5674398122740877,0.5546410327778484,0.5162826503133159,0.46095945916682796,0.5065413692044469,0.48454762815086655,0.49359498198858187,0.5421385993479491,0.5670577525389843,0.5823599031251347,0.5346757888751538,0.5216402950030415,0.5156662809186892,0.6121017743472936,0.49846613368844167,0.5653780989232648,0.5581229705322246,0.5328307358850711,0.5833933381475312,0.6928350638954668,0.3801914363764581,0.5139317108148411,0.5573615515607511,0.4904367165845095,0.5541518708884863,0.614595157050477,0.5418095807888846,0.4773943170822204,0.622746051238774,0.5274480394369037,0.5393335515513368,0.5790179105855295,0.5568267296886554,0.5325636224546146,0.5643846270530125
0.6039962404625487,0.5071096437034543,0.5692773436432391,0.5338333914688149,0.47693453246134715,0.5352964214850229,0.46769837104232737,0.48533680568583637,0.49922317631014956,0.5079768560847041,0.0,0.5061955894701655,0.601201946595071,0.4806254309101446,0.48473279175466766,0.6262832662476319,0.5718975865899106,0.5432732379997579,0.5041393309652722,0.5557662865901258,0.5429809834383882,0.6120346589491317,0.4590948150353186,0.5055262343387671,0.561007545590074,0.5162722215193468,0.4687795367572486,0.577429943760951,0.5200667108515405,0.4547368340503577,0.48502912663093495,0.5346608297925852,0.4793205440921689,0.4665291406342488,0.5358348065225544,0.4520821574881082,0.5809008102433505,0.5390873130147733,0.49386928738573244,0.5173969866906427,0.4517551076543803,0.5129738971216745,0.4913111020685649,0.5408677331215768,0.504752553471653,0.4668138343889811,0.4012677454862831,0.5756629358315639,0.5424572433761169,0.48060906361385275,0.5157672227969575,0.5137778770748979,0.4224437855961187,0.5393090984309391,0.543159182942768,0.4503836939753434,0.5482396531264354,0.5390019296918455,0.47204948176256784,0.4599642539880289,0.5391187846326422,0.39522249894954803,0.5230449314395303,0.42773973511873115,0.453179629864712,0.4773852499379366,0.529709872652575,0.5072105493969772,0.49809095754305366,0.5623830163053971,0.5383158195248917,0.46679614731407987,0.534109318031187,0.578574639497002,0.5563143195543774,0.447819044584365,0.5463510897997305,0.494244386605086,0.4612742948828626,0.44740150294883313,0.4765450621172019,0.5006587746686508,0.5033887394658599,0.5210337852043126,0.4986985408257521,0.5285438448975979,0.5197598390759743,0.4624473292599439,0.47400053458486147,0.4572913551510413,0.5298247246688574,0.42992955881764383,0.5043372575757314,0.4940908230892749,0.5180911685125899,0.5071119531237471,0.4285362674349632,0.4490938564274944,0.4039088808334246,0.47820173209616257,0.4778773654332742,0.44560398889022995,0.4312681786751869,0.4415136220681181,0.48585044803361294,0.488329847303266,0.46311177258611275,0.529387527146715,0.4480140556311849,0.49925918553249266,0.5392837770459444,0.48648005973703967,0.5370384946902538,0.514456410677402,0.48958354373576324,0.5463415416646809,0.46527280633745377,0.5458288051085759,0.5356252011219703,0.4639929823344814,0.5252128542655411,0.4394915297472998,0.48748849772023495,0.5289874942579506,0.4774617738233277,0.5264619647889394,0.42360995931389156,0.45080931479802383,0.49977678335748493,0.48415821586404156,0.4521334122018956,0.5483673473691898,0.5399024748871563,0.5335072360440175,0.5468321152451321,0.4589782616765902,0.4725351630820102,0.4922271232279024,0.5352800164382367,0.4721218187076222,0.48646554044855433,0.5015153541760339,0.4850908367107626,0.47141170070012056,0.5476850847255958,0.4566172846773116,0.49644344863037526,0.4512486322939185,0.5216808613056988,0.37400153329346875,0.5579394704898383,0.45601244494785326,0.5284773623587838,0.41530966333602265,0.5064480197015124,0.5367876380556186,0.5626814880780058,0.5279980009665345,0.5157108526647254,0.5372396196835698,0.42916397407832757,0.4959289936231302,0.422815524936902,0.6873380740369154
0.5289343561101175,0.5618314173799969,0.53396709410927,0.5509308460215305,0.5044721372577514,0.5303619029216389,0.5391890738584104,0.5371037587044525,0.5403540415697995,0.5435588448035845,0.5061955894701655,0.0,0.4936311584009157,0.4337413687891435,0.553809096415614,0.5571051837717523,0.5316700793040178,0.496551576661951,0.5989882558870904,0.5176768741110236,0.5963327367221851,0.5265973935548005,0.5283784166524971,0.5307893499546603,0.5846505395378082,0.5104527810344173,0.46499734815997235,0.4991935193889335,0.4809932145335574,0.5187915134277241,0.6125092562437722,0.5424125767352105,0.539478704302935,0.5732790979443692,0.5053070704146563,0.5060740602356676,0.5110245416514487,0.5166467945719646,0.5934597223680345,0.5140018031471653,0.5270655365961544,0.5223563216456882,0.5154016931522516,0.5415963239723295,0.561245660679713,0.5498073884293905,0.48008760131945144,0.466554613989295,0.5502462582338354,0.5109078869844228,0.5638452912653057,0.5557010653244238,0.44423073653407125,0.5651045425536174,0.5407893475302754,0.5131936857791607,0.5666001563447925,0.6091662992109719,0.458046252623862,0.5208567847092306,0.4688076746156624,0.43151939379201215,0.49219065303443127,0.43172182807194226,0.47448767743493214,0.4755149250415499,0.4934929101428767,0.4812995046792465,0.432532759746609,0.5050034604558925,0.5385825822374647,0.4657991871274082,0.45019717282750954,0.5597182704181802,0.5081828126646095,0.4647350161848809,0.52008446736471,0.5590013871743563,0.5200071576490636,0.42357910117121367,0.47016046926524424,0.5836677592214211,0.5832334675876228,0.46021863470215907,0.5329362119834143,0.590504273426588,0.46104611363730186,0.48042370051996897,0.5426059590713302,0.5420280181551186,0.5427835239698097,0.5587427999844339,0.5332898420471831,0.49122410777925957,0.5027608506063508,0.5631850155363544,0.45307059012577566,0.5558861293056372,0.4263059760248102,0.5310554984689235,0.46183049942026344,0.46056421615926907,0.4916305082705885,0.5472723650792024,0.5009086057645716,0.5692317631229779,0.5185117106762624,0.5396781886071443,0.5141211527930099,0.4945394019244081,0.5958676893380378,0.5238119051132049,0.4586127082770649,0.5082303577987255,0.49954576107353743,0.5662423028928403,0.5051047044637451,0.5351643837070189,0.48036129795835913,0.46980362815422855,0.5245235580350154,0.4800859200052491,0.4544988918770414,0.6100881371621918,0.4326605572174431,0.5768338813291747,0.46290129327547164,0.54019201924981,0.5316466326179281,0.4834973815236641,0.49511584611624126,0.5280971423943843,0.4456243634043179,0.5345320639831972,0.49945644866000355,0.4368643046123954,0.5201596880808926,0.519359619073281,0.5101954308586851,0.5865135184409297,0.4544295196409006,0.48514404083906343,0.5738152218710418,0.4950785318663229,0.5411466480970097,0.5182285831232892,0.6369134626369408,0.5169669529690809,0.5689382493602348,0.38334031225693577,0.5578690734104692,0.4797816093069046,0.518138161593211,0.49362418576016254,0.6511728011704104,0.5219981704091885,0.4455337667742379,0.6240719536507205,0.4530849438728015,0.5022670823659814,0.4351650413633759,0.48487262243031576,0.4859711181721366,0.5537612621895109
