0,1,2,3,4,5,6,7,8,9,10,11,12,13,14,15,16,17,18,19,20,21,22,23,24,25,26,27,28,29,30,31,32,33,34,35,36,37,38,39,40,41,42,43,44,45,46,47,48,49,50,51,52,53,54,55,56,57,58,59,60,61,62,63,64,65,66,67,68,69,70,71,72,73,74,75,76,77,78,79,80,81,82,83,84,85,86,87,88,89,90,91,92,93,94,95,96,97,98,99,100,101,102,103,104,105,106,107,108,109,110,111,112,113,114,115,116,117,118,119,120,121,122,123,124,125,126,127,128,129,130,131,132,133,134,135,136,137,138,139,140,141,142,143,144,145,146,147,148,149,150,151,152,153,154,155,156,157,158,159,160,161,162,163
0.0,0.9235157297156139,0.8156444281064248,0.8220586015327978,0.7175170343986307,0.9395943696247048,0.877645784376063,0.8691926607553327,0.8721099629386866,0.8602844550102626,0.872841335487197,0.8589161007563345,0.9769029383797823,0.8763942822122721,0.8953762398498284,0.8647054249931643,0.8619795953647152,0.9666187535098392,0.8470391882960269,0.9654662283078865,0.8411329659309349,0.9085140523723307,0.8115641771306799,0.9400605453115789,0.9489840716056377,0.8044760396423544,0.794793736150117,0.8909843199164857,0.7853916643488186,0.8285888198659842,0.9165785484946758,0.9080144163677509,0.8529571510645796,0.9135181306901665,0.935166825104904,0.6695394531229483,0.9788831608546207,0.8889720745141316,0.8011520143621735,0.9191615053799956,0.7154878535023803,0.9226765252955811,0.8016012051752612,0.8280258984335255,0.9311104238897348,0.8903708438968923,0.790029504927684,0.8219538182449593,0.908542239391451,0.7430298739254237,0.7879294770382426,0.8339967319131248,0.7208083456046583,0.8117584709199014,0.7118426916317327,0.9117595778745934,0.8838390617068568,0.8128405761389683,0.8235523195914897,0.8196909085379195,0.883158397802588,0.6558460728850485,0.734856857722463,0.6300723598089708,0.8396909873834858,0.8543262979894303,0.9517335049295141,0.9303350842896209,0.8313819980587371,0.9508360622983002,0.9242346731128095,0.8074423012234774,0.7741291333679841,0.9047028394068679,0.9222160972710405,0.9309414492455196,0.8126125380789178,0.8039610115417246,0.9083395131069251,0.79580625126051,0.8225128885848072,0.9196429465737215,0.9030614143053661,0.8442148037171306,0.8057374915831406,0.9199577008282163,0.9272947879620903,0.7843644822228212,0.9006308663913055,0.9041789303917542,0.7720937093223315,0.8385945750969591,0.7024231686901645,0.8560251880007871,0.8520588572136051,0.9181290404385724,0.7139432569772315,0.8799639629504504,0.7395488640500816,0.9488418171594872,0.8172216518483546,0.7910045978852129,0.6626284191664417,0.7727455876145967,0.8092594909273209,0.865991309750359,0.7321660573132382,0.9374751641964525,0.8335237559390857,0.9592203203749134,0.8773184347670597,0.741491762690216,0.8797346646644322,0.8695971641876609,0.8424421637109658,0.9257097534273107,0.9420124650121753,0.8156067481018322,0.7557240937126461,0.8979310153682674,0.7580363633043948,0.7190608519530232,0.9020992267761306,0.9185656390523527,0.7878773418976616,0.8749922993947804,0.7755368956464044,0.8594859041624098,0.7965313576157016,0.8832676517786017,0.8523344156019965,0.8036474769353318,0.837082830023424,0.9317168860774713,0.8790957038493409,0.7664480115264668,0.9515202359529504,0.911812568336507,0.8909366404312089,0.8140285134694857,0.795536973224629,0.8617717017949275,0.9072131309626462,0.6158978711155024,0.884240449927645,0.9102240414168853,0.8514909249372463,0.8371405003768423,0.8837193548147267,0.6401650967660546,0.9284756469940467,0.7845172700311338,0.8161424473749564,0.7867145909979094,0.894168308818982,0.9776548601051955,0.9643061550152675,0.9144877240267082,0.8160853791619845,0.754880960841391,0.8478184901515416,0.9224081790184069,0.8847379055457152,0.9456814631916468
0.9235157297156139,0.0,0.8873675813832583,0.8037873849759241,0.7287626122205374,0.9332593697063087,0.8944758491535546,0.953352348001152,0.914733978381949,0.9759189845233806,0.819576531959468,0.9409156533895265,0.9277547590745281,0.8062917339256334,0.9401137581684162,0.8578482700060222,0.8399743018990964,0.9335211838303725,0.86217597581748,0.9225647439611611,0.8382613072172065,0.9543412888274692,0.8519989682264255,0.9268019614437499,0.9797392173083896,0.7440990233971524,0.8620539836697715,0.8433602688457765,0.8237264202154534,0.8736652911042438,0.9688169542395079,0.8934268715977848,0.8941360942567497,0.8968133632457788,0.875923071480673,0.7393992758286801,0.918997143807786,0.8656671386591747,0.8233378396162191,0.892294105636899,0.763693602163852,0.9583183692997245,0.7861203383838249,0.7724853066349837,0.9775251441909026,0.8979005027954093,0.843705034190498,0.7622837900565076,0.8821290002629616,0.7436477556635156,0.7486493267108677,0.7898829117480708,0.6915751568739568,0.8133490962620249,0.7049779934967156,0.9444607149159157,0.8037556265566398,0.8601548677891585,0.8053155800733571,0.8328901373257068,0.8229647957262652,0.635570634219548,0.6808179419790458,0.6770838230375769,0.7449412103913193,0.7346770829557826,0.8703456922712787,0.9012617908002816,0.883353560545313,0.9585402035508349,0.865694218507545,0.7216999644942765,0.6663871296823102,0.8761560399025241,0.9277018272743338,0.8356863660387824,0.762154707816655,0.8156036315041634,0.8641279960984385,0.6895484808073958,0.769956061978281,0.9254696356850476,0.9402763353055145,0.7812932930447881,0.7005334823885424,0.9680757049296168,0.8480558395282303,0.7520438084172256,0.9146307301831192,0.9349951587281671,0.7637380217864943,0.9162699988792234,0.7078527621567676,0.7342862364893192,0.7393188499087701,0.9792489941233933,0.6956484158145214,0.9581529914159836,0.661170723570967,0.9303703807660012,0.7329947140658903,0.791675300327741,0.6563268262879984,0.909857932567526,0.7469277568677966,0.8814385201417291,0.7341575275301657,0.9892932430083551,0.8689979490812263,0.9437309884446089,0.8340412016805818,0.674330265878449,0.7707802345042944,0.8834100805925387,0.7446956942362696,0.9233356098429877,0.8987070977435199,0.8433763190733495,0.727102893630435,0.8868616374881585,0.7077399637739358,0.7389650217848098,0.7955940729230436,0.8842404748274044,0.6831583394473776,0.9074784878205187,0.762556210048001,0.9132679436458717,0.8410581434951115,0.8767810493983791,0.9355158941402009,0.7883579176253137,0.7135498208336881,0.8339306097688515,0.8448064344002816,0.6877972002979789,0.9625385053651184,0.8926070675587022,0.9618864494671283,0.8631038049791324,0.762844108951709,0.8341627451441536,0.9342741210345901,0.668177191634809,0.8378205905627248,0.9386802751610981,0.9091121024743388,0.8790337861864429,0.9833826838477335,0.6889823856368298,0.8230545774632352,0.7735431885115133,0.8404049449098983,0.893220487090784,0.9611467305852647,0.9406035846652967,0.8760374267804231,0.9281599890243256,0.7246667818016186,0.6572083103637429,0.8529199979729108,0.8140755991406208,0.9749852738012823,0.8495123813075719
0.8156444281064248,0.8873675813832583,0.0,0.753859402102314,0.8721070542090547,0.9263659485645874,0.8423857832890189,0.8295315299746412,0.7607944116056425,0.8734373481368322,0.8505383403100615,0.9051460183905073,0.8696624608856793,0.7044249701384158,0.8941324402391895,0.9389487349722822,0.9049428048390497,0.8241631784082284,0.7917351809211901,0.789969733259223,0.9472234508307588,0.9675938261244716,0.7427840519167651,0.915833728178721,0.8495418856799317,0.8605105624758227,0.7179222108970797,0.7100883926374908,0.8632018747887998,0.8497678633302772,0.8194383752006468,0.8655960390108858,0.8769857775858997,0.7629027393959221,0.73847918605328,0.8161028238868173,0.8653583015584829,0.8970219936778028,0.87546549584758,0.874950056767501,0.883157867452202,0.8879137501521629,0.8889299114637427,0.8484682726637671,0.8426748500738088,0.8547500864053079,0.9097617116456539,0.8361277747456439,0.7995079315479051,0.847141868068005,0.8202489473408131,0.8873967917424427,0.6897476163638935,0.8725246916664088,0.747220573247099,0.831978811402498,0.8026281752332941,0.9374449286222563,0.7022687121397503,0.7866633414440719,0.7559514362730154,0.7757447493847177,0.8085486621604209,0.6768190239675593,0.7412127044247122,0.7195033476870843,0.7494521931385774,0.9224745909044965,0.8852912257157494,0.8434797797910334,0.9007827028520919,0.6453753097307443,0.61351394415727,0.898296744928845,0.8894573221069676,0.7052104951781186,0.8115462157929951,0.9209448522863248,0.8597135231625691,0.7454721465032728,0.8536099179410513,0.8326578223834964,0.9203928625137308,0.7657186930631714,0.725148566373939,0.8762747238681474,0.7582173704597139,0.6649416802376209,0.752868274873307,0.8047458186701825,0.8596610020056925,0.7679697013955084,0.7887576545402414,0.6822386276618729,0.728140945350425,0.9169371871447577,0.6952585860510533,0.8265275650219175,0.6499525972175266,0.773800566248586,0.6676036508205846,0.8128723810880865,0.625091375136635,0.8297152501016866,0.7047081604009227,0.9290576726824725,0.8309430641879835,0.8634891556389497,0.902703614184684,0.9018363198379408,0.839215234643845,0.7512094218322821,0.7177527705666864,0.7481531417098856,0.7595891106149553,0.8816759931871075,0.7646584006021604,0.8281854889572029,0.8101309581381269,0.74678175520557,0.8325507723403801,0.7541480627571436,0.7472430379149004,0.8951543437979779,0.6207420841843675,0.921072669378273,0.8242638890989267,0.9272670109722827,0.87113952431242,0.9061766147342821,0.8017307766525867,0.9374602325392336,0.636968572770201,0.7592238626548669,0.8046130727251063,0.7504610888708607,0.9037748801163114,0.8813014567711257,0.842496700897945,0.8316729205230377,0.6890128905535413,0.8847210537768022,0.796604188036302,0.7262376119098161,0.8777010106735186,0.8312589911961145,0.9231188762746778,0.9331882456325447,0.8948214054349545,0.8202209582662383,0.7070944816738775,0.7269214499285052,0.8245252377920506,0.8895355651878318,0.9318664472186923,0.8230702037258405,0.7856143927292121,0.9336343854696172,0.6340442975525546,0.6671853215493689,0.8596300800095106,0.7037033216364065,0.8768703032625508,0.8425355828149415
0.8220586015327978,0.8037873849759241,0.753859402102314,0.0,0.7140761761539344,0.8260190022454089,0.8668639008649788,0.7698315429723462,0.7025626553630351,0.7911426025315315,0.8522950351821119,0.8275158540458363,0.8186097008318105,0.7774221691334725,0.8435897568984627,0.8038557577895223,0.8354907782295129,0.8428379535603923,0.8972394367687611,0.7775425818853697,0.8118402390676454,0.7987441524961479,0.8036957963942155,0.8253824447059381,0.8389477797889572,0.769795638227179,0.7562163972567111,0.8631129057785323,0.8179382770264377,0.7510384371964829,0.8137902741767511,0.8521731965244604,0.9259438551475531,0.8702857128101531,0.8343298319887144,0.8021340940363993,0.8258169393597952,0.8356798744043413,0.8346281433803953,0.8641690423122536,0.8081868529384624,0.762191002309997,0.8085094827340806,0.832438550627306,0.809089513145192,0.8022671466313863,0.7025872089956087,0.7773955882558837,0.8746195228838137,0.770643709630541,0.8486786167210747,0.8003123439095771,0.7709224793170844,0.8927092295728406,0.8320398641724968,0.7225450790877722,0.8433554830832459,0.819350004046891,0.8147788391809613,0.821360009304516,0.8112159684834358,0.6756407385798056,0.7628946483248745,0.636711851001807,0.7803652638539669,0.765165230538382,0.7876641615644037,0.7666841123426168,0.8031813493605154,0.840749677734788,0.7744988256871286,0.7699067444470253,0.7051961529471322,0.8700446867640906,0.8511697139188961,0.8116209520025325,0.8210551476684189,0.7823536692352407,0.8614684957364962,0.7283233943693177,0.743785587922928,0.8076762056538546,0.7674300520265189,0.7595292900949614,0.8458339013399497,0.7603278957134028,0.7904514311612449,0.8265768659531574,0.808931215850803,0.7140447500953829,0.802951964697735,0.7886681320583869,0.7961938627846659,0.7969266400746404,0.8353782799887612,0.8145984074182175,0.6815650060224338,0.7737582622872048,0.7271684576274141,0.8499909878941277,0.7739136928059464,0.8183559184388429,0.8782162919796161,0.7869918712911026,0.8634690200328187,0.7536648779757381,0.782707647705036,0.7961439689150963,0.8041992068179419,0.7964231278484594,0.9050958747151485,0.8110935985744586,0.7636259547923253,0.8253527445349961,0.8632297799990817,0.79478176208915,0.8647086610571901,0.8138203504410811,0.7927253610813563,0.793528192090086,0.7192122352699809,0.8324716371249804,0.7452332941844474,0.8446491757377936,0.6727725052334659,0.8748019947710787,0.7789754855657495,0.7735476720786248,0.8404257075575978,0.7931143315817456,0.6980453090368338,0.7308073439765854,0.7351841139396111,0.8192344948612444,0.7718898829934447,0.6886733722702665,0.7800274099867082,0.8779237184841023,0.8178727704602186,0.8094188420648285,0.8390068995192858,0.7891188787602765,0.829780523275591,0.7165658117634262,0.8088396143620288,0.7937131233316812,0.7342225780077606,0.7953596722929138,0.7785328220975353,0.6488191453689951,0.8585176593512411,0.8711913548082606,0.8285116463969718,0.6958643418792562,0.8553958548382357,0.7864526582916098,0.8170516792766898,0.8086743690702022,0.8379958966875451,0.798039883807407,0.7861307026558788,0.8030014822683179,0.7623656462634927,0.8279743386810179
0.7175170343986307,0.7287626122205374,0.8721070542090547,0.7140761761539344,0.0,0.7860155207573697,0.8347331709189548,0.6856837270806037,0.6535833217652102,0.7035700419098975,0.7805196306353457,0.824513088552717,0.7426837836525172,0.5839794717585439,0.8303892782755664,0.8879104896001305,0.8804817672074525,0.7415197351563554,0.7360030332756013,0.6523121511020719,0.9187485773975932,0.8280351459004505,0.7293386357962784,0.8482016052032899,0.7040875201286984,0.8897402545908533,0.6553479660017706,0.6372429205159873,0.7422192901765423,0.8496156435534806,0.6970332132893569,0.7789818571775875,0.8059373528380164,0.6975206041622475,0.6217348885089039,0.754428390306101,0.7532231476683375,0.7783616673075859,0.8478424804292344,0.8433792876864892,0.8986393762815236,0.7780502540406,0.9053124253413867,0.8152683678310544,0.6995990730029985,0.8225050405384021,0.90716513472635,0.7630294127832273,0.7552016837911107,0.89149422935831,0.8889529334333995,0.8926124825065014,0.699541115886109,0.801222853465172,0.7176363820977691,0.7052765440262208,0.8055918980406012,0.923192476047757,0.6026464929138924,0.782488095631381,0.6194218173262361,0.8705354944644605,0.8265637209087546,0.5574322732760799,0.7239878678226573,0.6568612143132528,0.6268208413474058,0.8289599152100383,0.7298697969219061,0.69988589955569,0.8274179612720378,0.5806051169385393,0.5338472794520089,0.8492175219662961,0.7373920247364912,0.631500759113125,0.8298128186353522,0.9670625674005809,0.8003781707364952,0.7490435395948073,0.763941553474631,0.7533722673210678,0.8434871445001509,0.6257317440485038,0.739651789645993,0.736382807324038,0.6245190254182671,0.6436638400041598,0.6639434785761626,0.6854202004536525,0.966450604349996,0.6816687051234597,0.8464798788654408,0.6521406427234949,0.6836277414822344,0.7567286626113096,0.5659990424067471,0.6757105690502248,0.6215140508397066,0.6758498967165024,0.5844182500231462,0.753848500915057,0.6312952552524758,0.687439488769556,0.638157514515058,0.8961533260809748,0.8264442406035579,0.7151423097662123,0.9005481473671956,0.7679928652766111,0.8108246381223665,0.8284927039063413,0.6109180611884323,0.6366330261712695,0.7529366126462791,0.8284492226988063,0.6678762489261557,0.7655931295546412,0.7288162097512022,0.6273309832335755,0.930359576288406,0.726043992694381,0.6437709400346506,0.8753040391803937,0.537985793639362,0.807423313992823,0.8614942440779377,0.8684916089970045,0.7202535947322395,0.7958584368717782,0.676744638922864,0.8903242879964033,0.5639618598864263,0.6666214462276752,0.6519372310407973,0.7030407776923852,0.7968325926350263,0.8456569094546034,0.683859317141005,0.815606052521469,0.5740790110272687,0.7751657273826332,0.7289999125386594,0.6328857067337528,0.7756500686222986,0.7472637115965034,0.8505364021712276,0.893246091289497,0.7094073532591666,0.7163433222360089,0.6286184023364848,0.6607495547735504,0.8033960426378018,0.8157516832430696,0.8167748714486762,0.6829626176652918,0.6979293343130272,0.862288255386054,0.5684138107343485,0.7104339752061076,0.7058070223233068,0.6108270657976776,0.734786070667817,0.8085073319362994
0.9395943696247048,0.9332593697063087,0.9263659485645874,0.8260190022454089,0.7860155207573697,0.0,0.8659122745098956,0.8603773042256929,0.8163796227447128,0.8902254919142458,0.9143746633376741,0.8942581925368452,0.9684055500259189,0.8226811686108829,0.8988307403510563,0.9309310350280698,0.9138726582295772,0.9035047481671877,0.8420556214792614,0.905520673886727,0.926444481543257,0.9669902647963513,0.7636582256940967,0.9562503989769133,0.9372387959499261,0.8674368402089294,0.7377315767446823,0.8170380224232303,0.8673108400160666,0.8290088211943933,0.8811768857807695,0.9197696263649202,0.8953492634528128,0.8526119883662309,0.8724643268245688,0.7462272265787573,0.9702163078803963,0.9352817587091006,0.8494353906423228,0.9136159640424828,0.8040062210123478,0.929148662749229,0.8582087648779066,0.8975616889066352,0.9021905108307152,0.8681231335811096,0.8418686096046677,0.8904365000504848,0.8666412512843259,0.7859183204998696,0.819487532553156,0.9060810042291029,0.7083432729487805,0.8875798079545549,0.7558944500558,0.8956179899761497,0.8628583001037403,0.8866200531103622,0.7784416776333252,0.7887439615289711,0.8752829648188292,0.7107920407326003,0.8122241991089902,0.6618398074129711,0.8067708181084499,0.8258716589324079,0.8845451023727899,0.9647113867952488,0.8724006076499979,0.9313911769448586,0.952607158872266,0.7404494607368438,0.7381912954664376,0.9303605564170891,0.9541855502894049,0.8371419717134164,0.8300072887749157,0.8704952733639439,0.9122833490948059,0.8224977840851729,0.9088492268663363,0.8877958138538096,0.9255692756746718,0.8733682405659857,0.8048609269955443,0.9187757798999178,0.8984977962147827,0.7151066093618429,0.8288232236486436,0.8661678591181783,0.8180262458441189,0.8070837303660247,0.7468832156405392,0.7947944846701496,0.8326564137816139,0.9620447926198106,0.7426128111526445,0.8876043197423039,0.722037000240345,0.8752206442791934,0.7774201037432882,0.8154841480509691,0.6616711709426526,0.8203174622146149,0.7844969688720923,0.9030649187282038,0.7912127017033539,0.932807758708406,0.8617161967080909,0.9814472327819573,0.9027831517318287,0.7621402004182242,0.8617391007578007,0.8218291185046008,0.8360779766806736,0.9197346570710898,0.8892932004576926,0.8309327018018259,0.8516600785418601,0.8570086757969992,0.8024766617953303,0.7518825759467082,0.8860745802799542,0.9355797647980583,0.7455924313306281,0.9408097080967305,0.7987738130325928,0.8917930317818422,0.8897047592289032,0.9115894263892221,0.8320065175806172,0.904065278949416,0.7664990273920447,0.8982387618298338,0.8975200608198898,0.800198445174898,0.9515376470406708,0.9121231727096113,0.8801738829524443,0.8118072361161892,0.7974964513838674,0.9247781835859754,0.8508088700368702,0.6839140381620978,0.940395663819559,0.8812849487295664,0.8928539723611901,0.8928416662153491,0.9211444911156598,0.7496319880408882,0.8480948183630055,0.7929377865759375,0.8136948483482154,0.820119550684889,0.9481324603553025,0.934430275887139,0.9069365305916511,0.9554641702582211,0.7613562828223588,0.7341685782792549,0.9121608442557829,0.8591624771809518,0.8962661386804075,0.9363997627240642
0.877645784376063,0.8944758491535546,0.8423857832890189,0.8668639008649788,0.8347331709189548,0.8659122745098956,0.0,0.8543477340743464,0.8161512091237376,0.8726889756473514,0.834719156460298,0.9593249329337478,0.869712388428629,0.7166706675462394,0.9631324532933869,0.8926230821950023,0.9021736130130759,0.9260624470208898,0.9201199403183071,0.8172848678390839,0.8780316557909208,0.8913841257917092,0.9491967100197388,0.9380913159977636,0.8978070577597785,0.7962096339090825,0.8743943189754987,0.8576475034580597,0.7956903743214191,0.9477882415869575,0.9003592341790068,0.9149322733005784,0.9144311835007954,0.9350120566936188,0.7915909371364898,0.756173392898599,0.8753193953983288,0.8234439221571548,0.8908328995867956,0.9571770808731239,0.8200670209014984,0.8972189188607385,0.8660524040254837,0.7963565630045072,0.89005936858244,0.9537820083356052,0.8711099979584518,0.7488534602200865,0.9522426546677616,0.829786990516308,0.8808045959916216,0.8268312967027294,0.7563197215436102,0.8367044487295535,0.7614584142782218,0.8370272230666848,0.8892078050147861,0.926223149196374,0.7725725415668823,0.9370833200507566,0.740302613852785,0.7143560614434884,0.720474152339623,0.5953234672579708,0.7729527194777596,0.7221263765821367,0.7824647016689791,0.8620470426437833,0.8146549453508932,0.874097628503648,0.8390805438867438,0.7028826885248547,0.6081221962991894,0.9295489431392279,0.8579762863754635,0.823412223525259,0.8670694744852867,0.910887066642492,0.8784919169309452,0.7226378001642525,0.7277971173387713,0.894102643479833,0.9260576412650762,0.6833445877496742,0.7742903909557196,0.8615733749636082,0.7518695679251114,0.8295625956744266,0.8979434996297045,0.8315766223255143,0.8946180559888542,0.8801094940953188,0.826518808509608,0.7671018337202877,0.7454210738547906,0.879751693799696,0.601702065779077,0.831945613811124,0.6505956722021816,0.9005216144743604,0.6975904750177464,0.8386642281278541,0.7327199643739744,0.8223505764986094,0.7426183273800918,0.906334480860981,0.8065635205801054,0.8879704184437786,0.9483508067007611,0.8730320548844059,0.9078574910158576,0.7733340193595276,0.6972828444646474,0.8463384018649202,0.7985622885539446,0.9338711286192504,0.8713166143947993,0.8895967877343388,0.7078785448036692,0.783617957975644,0.7934727384447725,0.7732271327224348,0.7207401425322083,0.9497547754400966,0.6085024363584299,0.9011331888036699,0.850292474953084,0.9346519442865052,0.7816921491618609,0.8345334646696623,0.827710323693244,0.7881728466806218,0.6773307678895985,0.7705904672701639,0.7400857180881044,0.664590190902278,0.9173420607595488,0.9391839079816241,0.8638432242011886,0.9490085921670992,0.688046533583122,0.8055236936956428,0.9476029479622691,0.6320549343116512,0.8081860537732203,0.9118130412296676,0.8792806840509821,0.9276804893511175,0.8522857598073684,0.6460551713346739,0.8016763609067984,0.7884311483964892,0.9237908285730371,0.8728692375838155,0.9360350665015665,0.8373003228325225,0.8556680988633811,0.9323925869462013,0.7034405840238939,0.7660208557370837,0.7606894666285173,0.7539062836388767,0.8751642630368628,0.87359114163692
0.8691926607553327,0.953352348001152,0.8295315299746412,0.7698315429723462,0.6856837270806037,0.8603773042256929,0.8543477340743464,0.0,0.9504553888791907,0.9412148473130167,0.736305273719952,0.9162758196532985,0.862870877254377,0.7400153812849044,0.9157861315582554,0.7902712636612778,0.764417778360743,0.8976885137016457,0.8204543907377342,0.8669494388562258,0.765585885076942,0.8906311229887853,0.8554102166755271,0.852967921806725,0.9324734686164066,0.6869373159774714,0.908134396177884,0.8056235607366653,0.7305679975967357,0.8727355643458713,0.9719227407315438,0.8309850961103284,0.8604410729806593,0.8694002155329005,0.8123072820016596,0.7074897550103992,0.8531225102310644,0.8006687816932049,0.7726622953010076,0.8247550097166986,0.7150436347823266,0.9260707886845856,0.7401249058426874,0.6869725953425107,0.9764990126130559,0.8872708275113255,0.8202066411488139,0.6767659260033116,0.8253594458134793,0.704958362955889,0.7006161436642747,0.7242515327447901,0.6452524473802199,0.738959101672054,0.6484780821372242,0.9280193024247159,0.7439126205952918,0.8324957203651362,0.7440910887036613,0.821093250404365,0.7688658389346321,0.616453182728994,0.6279909758492883,0.6277112277741181,0.6853987760104326,0.6774756614245624,0.8229888837095606,0.8438937674241096,0.854075600040898,0.9547068327451044,0.8085808449959919,0.6616009397509981,0.6155829189673655,0.8174091519717722,0.8729621572782367,0.7823765068648048,0.7129485807346343,0.7581068408915353,0.8418000057533789,0.6123399857425219,0.6840305563609346,0.9336393523221679,0.9069679716643833,0.7174291228738795,0.6421509198702422,0.9572362182090652,0.8096891128910696,0.7562631473930014,0.9284696445215415,0.9407799830213639,0.7316533024080393,0.9434700495370189,0.6578695448368858,0.6708569840913884,0.6665265116695545,0.9309442934641988,0.6694738866001071,0.9469826873660772,0.5993533617981524,0.9191343948596417,0.6662430924815305,0.7830897869586273,0.6624006819972427,0.9100078653049873,0.7258009754438901,0.8543047750862595,0.6947182306494883,0.9513320847305283,0.8301613936277225,0.8593402606376745,0.7577912106068495,0.6285746675135364,0.7046491786582408,0.8864497467973521,0.689892212840828,0.8907950536308155,0.836254297923408,0.7879245189145202,0.6427577601152658,0.8807032239968793,0.6449951853161064,0.7936111373470023,0.7129139381441306,0.8210173851486283,0.6196874641369936,0.8343554894531295,0.7517073389867122,0.9020019178584516,0.7576924292138539,0.8151087263594371,0.9600021615228901,0.7266096402894051,0.6700891643682637,0.7728594371655446,0.7678618656077234,0.607293564013941,0.9096212633882163,0.827585731289241,0.9290152315822969,0.8651767014635581,0.711694547663361,0.7432619754329562,0.9300871599806578,0.642466788922482,0.7467861661104119,0.9404261274006958,0.8947878016513495,0.8320817969116053,0.9374865460265344,0.6217649262151013,0.7835061646835557,0.704432910820676,0.805425178463064,0.8970324853402553,0.9207861204901754,0.9037123433697958,0.8073407143847514,0.8800130501442134,0.6643375976828368,0.606114299701911,0.7655149695276133,0.7415194445836284,0.9743542997262867,0.7742009972779786
0.8721099629386866,0.914733978381949,0.7607944116056425,0.7025626553630351,0.6535833217652102,0.8163796227447128,0.8161512091237376,0.9504553888791907,0.0,0.8678016436372941,0.6798457726777745,0.8500544420163163,0.8301146601640916,0.72200846489803,0.8673454342195205,0.7282876839243718,0.706243956028929,0.8757228168401818,0.7456590510923208,0.855814638572239,0.7091539069699813,0.8394502599675551,0.8258130823495122,0.8240153128959561,0.8893160194192714,0.657594396209023,0.8800737206533116,0.7651127069728347,0.6512415733113983,0.8500877871589885,0.939192261090079,0.7621215831611647,0.7880423381304964,0.8320001035090016,0.8038581428536848,0.6128789925312411,0.8275574484102275,0.7348503183787399,0.6902017761100078,0.7860741849307403,0.6472989558994512,0.9333586676397845,0.6722773592813726,0.644030420616588,0.9336498847379766,0.8489488904980572,0.8062851554440724,0.6332538674290873,0.780016951252147,0.6419825703256774,0.6438566025485921,0.6967270889604059,0.6005663597032115,0.658382941099405,0.5713357202038589,0.964063303405487,0.703196280056603,0.7619754462501628,0.6922655568642677,0.760688031441437,0.7143984600449348,0.5692880239592853,0.5811208686963324,0.5768432629172372,0.6615405818417305,0.6479318662453308,0.8191544156512012,0.8305288490542412,0.761114865782718,0.9037367408100266,0.7943297416433094,0.6374919657326601,0.6140401895653371,0.7539743388038981,0.7954693102056477,0.7714628886022001,0.6526930025203399,0.7128916566527522,0.7848301224651771,0.5966727622286033,0.6515256252356435,0.9365047374202728,0.8907246269684496,0.6777615689640529,0.6061241464912202,0.9540882464577011,0.7851222752962163,0.7036411322829816,0.8986492817534881,0.9807930239409678,0.6921823051860087,0.9385366159722734,0.5896223098189193,0.6494612543522955,0.6450979572542964,0.8876436655330161,0.6113776107548926,0.9406891301294616,0.6024713601598051,0.9000754325914256,0.6350262605485879,0.6839674561725462,0.6128867536707234,0.8378934540695402,0.6675074537658051,0.8248170594946924,0.6113004439491202,0.9337200134996348,0.7764431080131955,0.8367099942087491,0.7019957524895669,0.5929610775460059,0.6959629383873037,0.8201470818565441,0.6488931804871417,0.8877034161380392,0.8066556248127358,0.7095828679871307,0.59192467911497,0.9020249850928989,0.6210788982610351,0.713089151830389,0.7187482510341714,0.7834827321192979,0.6333130196192104,0.7483238829428936,0.7113001273140733,0.8511949420290942,0.6715073714946612,0.761267897878765,0.983497753771887,0.6786255378880955,0.6587894332265334,0.7795327878745207,0.7239257429701978,0.5872681205657309,0.89468002601302,0.7894157090737982,0.8608077825776475,0.795849370474613,0.6634427180306304,0.6874549382193372,0.9155945499556575,0.564065241979552,0.7006330964942691,0.9498976805580547,0.8832625782594485,0.7635547594136943,0.8767165285599642,0.5577975376621603,0.7635146762729853,0.6399593229065722,0.7355127002324368,0.8709433043215994,0.8568604153856082,0.8951158270903473,0.7895922033098496,0.8489310958854862,0.6474940973670404,0.5729937539373786,0.7133385285736843,0.7448859613334236,0.9516819150978687,0.7659176005374381
0.8602844550102626,0.9759189845233806,0.8734373481368322,0.7911426025315315,0.7035700419098975,0.8902254919142458,0.8726889756473514,0.9412148473130167,0.8678016436372941,0.0,0.7977212185454812,0.938236678148857,0.8807589116253034,0.7770081117851192,0.9080073992354083,0.8367869986136547,0.8173111831448703,0.8889105673300957,0.8734998171817412,0.8806012415081864,0.8081151251942728,0.9185151333215293,0.8539329835400454,0.8751217706203076,0.9624589422985624,0.6968976655398005,0.8706685600886948,0.8361661705323703,0.8453397714162686,0.8526580653056335,0.948595394502095,0.8888841881845332,0.8705743721830339,0.8837218230218473,0.835157772690921,0.7716976427004704,0.8677166827371023,0.83740620782634,0.8275702627928921,0.8502511313534828,0.7533496285531001,0.905253071809271,0.7721892912512722,0.7393245875715283,0.9533440584094225,0.8641798457910721,0.8074504889382024,0.7344955003518256,0.8696538100450992,0.7331327454155347,0.7306207799624611,0.7363220479645093,0.6839065993011938,0.8081998814677297,0.7279445125857957,0.8859272561518732,0.7700173053664086,0.8482180710002506,0.8165515627968579,0.8295141220844147,0.8041675537184132,0.6219526550626479,0.6533434121916811,0.7073766481461916,0.7039218411015254,0.6980401527858701,0.8198080682165102,0.8389544819905671,0.8983562509401548,0.9293111714762593,0.7978246815687797,0.7055099691086036,0.6336292838762951,0.8477102558432765,0.9117810898087619,0.8054188715959747,0.7505815603220056,0.7905948875297371,0.8177037456372922,0.650863990519708,0.7301615519886145,0.8627724259818357,0.893441413130523,0.7503599983811986,0.6710989859461447,0.9132329212501085,0.8091265969231611,0.7615113348490329,0.9034659040182478,0.8771289979031573,0.7338290349182564,0.8983671864840481,0.7206083581928096,0.7032673275450375,0.6945068246359519,0.9490794375017717,0.6892999683491913,0.9269160945274796,0.6258431015977193,0.8930747155740915,0.7186950451832599,0.8108605212012414,0.6610294818964827,0.9361640491722628,0.7316226494983268,0.8357691494497369,0.7441628735171243,0.9561774064658568,0.8465903338304139,0.8939807681814548,0.8138236068815939,0.6449219544203029,0.7251021394948007,0.898160070364658,0.7061789621371327,0.8625887293851587,0.8748006461319583,0.8695669528122227,0.7128216947714674,0.834333057767591,0.6693071750958001,0.7318593198973319,0.7396266525351121,0.8405571667829094,0.6431903290232448,0.9080593619036589,0.7314180929514478,0.8876019859638719,0.858071137582255,0.8398079358856724,0.9055405320342088,0.7547022468260914,0.6833634924491919,0.7651908435112498,0.8193753678798719,0.6518033545012251,0.9134826239673712,0.8456543522072427,0.9632708967798765,0.8672864965926518,0.7532567163539983,0.8192044666502654,0.902167285291763,0.6987276557020442,0.8055213215881153,0.8921706650834137,0.8595339643388096,0.8676588000525057,0.9877952137998645,0.7134177073811413,0.7841898378706701,0.7880957154117072,0.8433461343418955,0.8780339961632823,0.9413017683467074,0.8863755663390697,0.8316110110180552,0.8806983928872212,0.698061605117229,0.6428957905846994,0.8312684590567273,0.7681917694559733,0.9466179948774492,0.7846315358946462
0.872841335487197,0.819576531959468,0.8505383403100615,0.8522950351821119,0.7805196306353457,0.9143746633376741,0.834719156460298,0.736305273719952,0.6798457726777745,0.7977212185454812,0.0,0.8213495067062947,0.9195615202147035,0.8371713179990494,0.8257173331369086,0.941722367578948,0.9485821506619179,0.8496506596938337,0.8664792412358387,0.8548850058295654,0.9255351718828524,0.8838414349351326,0.7314034748924914,0.9083379214461776,0.8564046185025064,0.8835060283769329,0.6795453795501442,0.8432662057739042,0.9279560799599718,0.7538644092734385,0.7832774859641095,0.9390475597758281,0.8377536437632268,0.8360494432576852,0.8469501014359995,0.7815895420870572,0.926671094341194,0.9500220713755924,0.9112403926449026,0.9072810116803116,0.7970922514833657,0.7925554184976881,0.9016201187828451,0.9593006739283335,0.8035033662304658,0.8057904760117052,0.7336174858770346,0.9657982815950155,0.8945749828990144,0.83371274829024,0.8918121063839165,0.8718514465637187,0.7665135488734545,0.9535150118450383,0.8953829167297086,0.7399348644361092,0.9295743311056156,0.8414162996551275,0.8317637016551236,0.7971489358829003,0.9013005428592886,0.7386159946387556,0.8699730052258732,0.7008659336508112,0.8610794772715853,0.8897995566079603,0.8475071776803139,0.8689268080264174,0.8482296081482789,0.8420040657333198,0.8829434733238073,0.8277298032389968,0.7758315822782147,0.9451257973021153,0.9194979576437249,0.8440234215911627,0.9311257850269763,0.8605506651535593,0.874062208157547,0.9065281639379904,0.903131503028779,0.7678798374567433,0.8105300482959391,0.8748830352799383,0.9181647421079078,0.7729233927410365,0.8666644871271421,0.7574608983391451,0.7590103205637715,0.7235993503281929,0.8127018340726742,0.6918710706246091,0.846513301022267,0.8868793523408288,0.9079428494158459,0.8410868977067519,0.7601429428954194,0.7361855033663826,0.7690409184075392,0.7987263267722772,0.8742774906207276,0.8784434630364871,0.6767519049079094,0.7114934872436902,0.8274451207614606,0.8127907926595724,0.8669093243810575,0.80888340453616,0.8197772859717306,0.9092057794739097,0.9672352395785601,0.8618138921262735,0.8617792583938406,0.8132507013275003,0.9005444090577658,0.8150725990658174,0.8594159931639974,0.8896897007669999,0.9126188595633886,0.7356925995611378,0.8607769708649502,0.7042989512401224,0.8726073772835302,0.9136212817296002,0.7684322398175446,0.9427705515862802,0.7656124127079567,0.811582150211705,0.9107012640276563,0.8896064095770648,0.6851151768932435,0.8903094178445159,0.8300301407230561,0.8620106698136597,0.9114183479459539,0.8708634655432861,0.8509855309137097,0.8974061216637286,0.8273236490626986,0.7896945383545462,0.8077447376281583,0.9759500723555061,0.7698764968508202,0.723323676142389,0.9798474176807501,0.7566837901167818,0.7631782056314985,0.8522664459305983,0.8160979112986733,0.7972334396667567,0.8691126274450074,0.8596809146862272,0.8533766502752044,0.7045053887088194,0.8504853113930061,0.8483392595949375,0.9161330853356418,0.8585873697120461,0.8195757032401965,0.8723749372135685,0.8617344685309261,0.855246857278275,0.7523763363578797,0.9340735557785372
0.8589161007563345,0.9409156533895265,0.9051460183905073,0.8275158540458363,0.824513088552717,0.8942581925368452,0.9593249329337478,0.9162758196532985,0.8500544420163163,0.938236678148857,0.8213495067062947,0.0,0.8696262084266353,0.7023471343807605,0.9703169640028487,0.8993737280468804,0.8832046810796785,0.899346440710088,0.9093509096431105,0.8262621382097889,0.8846609673422386,0.9357036038392014,0.9141989178074789,0.9290302702923378,0.9254131124743373,0.7710638334342541,0.8763573022536363,0.8183899137587269,0.82162639448414,0.9528085474973798,0.9339954003373871,0.9097713837725573,0.918140147821738,0.9026764119389519,0.7812048198229473,0.7954154261526079,0.8713761070598346,0.8407209371322216,0.9009731161451948,0.911079076539255,0.8320505478988358,0.9279573174413924,0.857703507515234,0.7801646252591616,0.9237389228376389,0.9346833433993379,0.8949284615180944,0.7467850155154897,0.9058541640280294,0.8178445293720696,0.8303528943290842,0.8098104608235482,0.7110190919457958,0.8401050536254506,0.7498286148395082,0.8707096720398474,0.8345310046850702,0.9543899040684086,0.7522305392563923,0.8992557142227967,0.7476693323540393,0.7004345179979281,0.7073244064447858,0.6310419413812857,0.7299925049525513,0.6911609626591642,0.7719337084106233,0.8723383971626626,0.8575632520781538,0.9048913230835269,0.8386531178101186,0.6651037428279374,0.5907862046701984,0.9078665546726884,0.8880363854858458,0.7791017074472253,0.8250997046292559,0.8993177753267397,0.866367888426689,0.683995958917391,0.7340482519675682,0.9041723825586058,0.9500742153788925,0.6960385095714161,0.7184806208852385,0.9051383162808747,0.7625309035095797,0.7791139877463474,0.8900939914049494,0.8634209983057908,0.8613053136227402,0.9048287813320881,0.8000601482723222,0.7101327806553382,0.6998725899803426,0.932160526587353,0.6346180657455478,0.8841726991880421,0.6227662391380049,0.878556399888306,0.6751325582383639,0.8513954365411582,0.7003008413310128,0.8996280012640631,0.7244665796618919,0.917129432784017,0.8040310623090519,0.9246618804340484,0.9336962976116359,0.8891920579130574,0.8724045113590067,0.7253762324599299,0.6854569478628313,0.8603112131136414,0.7440220600435578,0.9250866599221937,0.8467041387007943,0.8942712631256337,0.7120453882208464,0.7929187961821285,0.7589542411991471,0.7914725598191499,0.709188723058908,0.9201339653049232,0.5956856320615063,0.9246974574974215,0.8210126149249559,0.9665003262044225,0.8207210160206868,0.8420645801193698,0.8802740819436509,0.8107368092982228,0.6494059774769325,0.7582369367411339,0.7645784753865701,0.6517062183097374,0.9355514649874149,0.9042517503511158,0.9014386524453806,0.9544775266897176,0.6886335400318612,0.8179800648622025,0.9329912903315882,0.6783289159286882,0.8120701437468287,0.9211260621263674,0.9248203742602021,0.939070865331544,0.924046049840961,0.6987867683378038,0.7704826795771169,0.7692042071802252,0.9123807178186342,0.9261072103402355,0.9780430210565205,0.8524350496180771,0.8252600972202209,0.944293670130045,0.6625283533059254,0.6925114058870251,0.7766920986568855,0.7282721145964794,0.9350799896994723,0.836499024718873
