0,1,2,3,4,5,6,7,8,9,10,11,12,13,14,15,16,17,18,19,20,21,22,23,24,25,26,27,28,29,30,31,32,33,34,35,36,37,38,39,40,41,42,43,44,45,46,47,48,49,50,51,52,53,54,55,56,57,58,59,60,61,62,63,64,65,66,67,68,69,70,71,72,73,74,75,76,77,78,79,80,81,82,83,84,85,86,87,88,89,90,91,92,93,94,95,96,97,98,99,100,101,102,103,104,105,106,107,108,109,110,111,112,113,114,115,116,117,118,119,120,121,122,123,124,125,126,127,128,129,130,131,132,133,134,135,136,137,138,139,140,141,142,143,144,145,146,147,148,149,150,151,152,153,154,155,156,157,158,159,160,161,162,163
0.0,0.29757313521378254,0.27536105312903786,0.24378439839401067,0.27698649849682894,0.29891469714822816,0.2370944032105555,0.32485575239485553,0.30539650789838485,0.3020696141104148,0.3145038587812024,0.2594131787141177,0.4141242419994361,0.25854754706175836,0.28332970681660774,0.33604195442531726,0.3546879259665649,0.4016945286047624,0.2756275609196235,0.4224020522459072,0.34546110108368344,0.2831996794838874,0.24693632138069335,0.3044778874976232,0.3780216517082905,0.25903880617413827,0.22889047417026753,0.3042761721174181,0.2380538814046769,0.2624165846340382,0.3321832741309394,0.32402793341235264,0.22893756441967592,0.25614905843579816,0.38512741215426305,0.2453271358979211,0.41966659619311214,0.30366198477432005,0.24554491054773853,0.32318279398612515,0.24519276534665155,0.30551534437256733,0.34781694147683084,0.3254181383498347,0.3071202287337709,0.3464101810063179,0.2877798015815939,0.327433704527683,0.3279491440161926,0.33253335483383195,0.3678105402357107,0.34274643148700085,0.2623206697200156,0.27741726755614043,0.25818562891020813,0.30912256389783993,0.43704803103385675,0.2831680363740017,0.3053141319132283,0.30163120124749293,0.33516833375360505,0.22026850551181712,0.3428505225743001,0.2231694866573174,0.29572204887451997,0.3600999048894206,0.2999837755145064,0.3398660641191536,0.2766636686143649,0.362636271824812,0.407909969033819,0.3184767373478529,0.32596590002820297,0.34568439960267006,0.34649404238194137,0.35165502874474824,0.2520580709557116,0.2749339621760093,0.2971507294975798,0.2842900043154594,0.3050790540296626,0.32554438997310886,0.32091226375069853,0.306905099538694,0.3171254634648947,0.32208743148026814,0.33948739647171383,0.3381409612562766,0.3653343749426613,0.2592009420215798,0.32932316776324205,0.26384583011138724,0.30792426571176906,0.361040299474007,0.31706165296574995,0.26250539904929504,0.2352514906181683,0.2596594072190316,0.22203252771265614,0.3554279337961386,0.273225088013276,0.27664120131229875,0.250761967976658,0.23388651163049384,0.3473986895318103,0.3187772369991577,0.3204705882010102,0.31673205747016925,0.3052598036487634,0.33667647420869184,0.3022923498645523,0.29929313030010046,0.3326771517832685,0.2616817088736411,0.30239944074335295,0.3364338813786973,0.35002192333134796,0.2791895405636864,0.27089027341113026,0.24979838496947107,0.28602318601299087,0.2525157906723159,0.30977916580899795,0.38296158222265525,0.28812773519584073,0.2780888844055838,0.22835500621583402,0.24117482657977093,0.2504737826389543,0.29026913049381864,0.26835138300881317,0.2813881335072715,0.27242744191395213,0.27496445179646745,0.303991493976473,0.29414278575583436,0.33749964233760704,0.29833249432382314,0.25146284561240545,0.3162901475055532,0.243414403483718,0.26195939325062956,0.35433798549665935,0.2399658376665803,0.3149825042980159,0.2815420558818423,0.286443300744179,0.25992062109468983,0.3423929464596628,0.17104102989595218,0.4250541696528489,0.29451224825869693,0.2971452967210145,0.21447644803137658,0.29208227416300564,0.35510035095906783,0.2537452856562801,0.32059679939769536,0.2684853778938178,0.3062464669717423,0.2595247938233633,0.3884307650539294,0.22878367904145056,0.39929586596679395
0.29757313521378254,0.0,0.3289495224768342,0.27187380781683856,0.2673947333918565,0.3722679498266957,0.26032591104421726,0.4086360873505233,0.28720095582671223,0.411634584170006,0.3150817364178946,0.2829971564643799,0.34022775744346334,0.32101156975115,0.3346277824834825,0.32007302944579874,0.3039072766044744,0.2834815105855478,0.26180934703142855,0.28724039669790824,0.2989013014645114,0.39354127191175126,0.23661994107587217,0.2916263992077742,0.32380321323236494,0.26006225715800635,0.2425553212346483,0.2843704370610314,0.38148636833347016,0.2363729035410887,0.38573287777380943,0.30360196206396906,0.3288306084428774,0.22914766613197557,0.3323635714252674,0.2860178992675938,0.31344396947900016,0.30693495586999714,0.2994207809638473,0.2805780115510218,0.31660456020727074,0.282016081379794,0.24642814011984426,0.3019395015052974,0.3787317539619361,0.26907977686929807,0.2587086694372622,0.2904225674823264,0.2756326571034742,0.27132960950260626,0.3012757723870971,0.28111801724021435,0.26905161316708465,0.40557382646046825,0.3344898462187434,0.32261760357112396,0.2776609319897677,0.28843245070724316,0.2969150396520646,0.28913260970199944,0.3900733662510209,0.20547991459331602,0.2615886338234475,0.2152934408542705,0.2325420190848205,0.24435027517852767,0.2996008265517115,0.2946074697769171,0.25758382071188246,0.3651608822787903,0.3138304002694782,0.3117780441103186,0.238968227592563,0.32349482434798843,0.33983528970841753,0.2551621527779161,0.2561398907406001,0.35886003536507693,0.2618595599976622,0.2514249321494801,0.27091065219949306,0.27896262018780366,0.41139606644049564,0.3002648277111403,0.25221409287232743,0.37426290853548694,0.27831129724794335,0.256862500636056,0.2896845498126542,0.3126740871600025,0.26507132544880563,0.2799683678604217,0.334097267442313,0.2589195133209214,0.2865240081007567,0.3797005784408654,0.2654120244518457,0.26655599505129296,0.2091045094840048,0.34260575117535524,0.3102299669691321,0.2429342322286462,0.20202909842265937,0.25413467514297017,0.2793133920071504,0.283484988359621,0.2609019773031974,0.3359709838741629,0.2982360938637024,0.3117575787387144,0.25518078101253727,0.23304188846476045,0.2885481946778704,0.2658382096749868,0.31031947126828824,0.40309051103747967,0.2830166334831454,0.22744008786597292,0.2598850635447191,0.26006419091320776,0.28601559014639927,0.2740213453142068,0.2413999997117864,0.38503837077277053,0.2634906923296484,0.4409026225211386,0.2265417623598628,0.3315545057392809,0.3235699209032444,0.290329906703209,0.3098895107868285,0.2779414527728143,0.26216878208098454,0.2943549076515374,0.288807585325744,0.2519091185549328,0.28658104726488687,0.3187834747804705,0.27298112807631697,0.26952448167119536,0.2985223047115873,0.2912042287683224,0.3307755813435402,0.24830424713419652,0.32380963832622733,0.23372241402731353,0.31837745712378734,0.30643663743850263,0.34210213425785646,0.18247594770441927,0.2799971612972404,0.30160714678560585,0.25667451536935254,0.26846350154722476,0.2901240668659022,0.33139790064716074,0.24552987671188267,0.3831285649624213,0.27057214707218824,0.26111944229194406,0.286547156270755,0.33319165550531765,0.22180105408622322,0.28932782704294197
0.27536105312903786,0.3289495224768342,0.0,0.24750960763090507,0.291005069335638,0.2555410269291732,0.24139714915453156,0.35428633005994226,0.26081790198109256,0.4403185204748086,0.29697297348899104,0.24514288513236962,0.30978849893490995,0.2659221283505576,0.27442797265547736,0.32440163902644925,0.3214894204045381,0.3145287589423899,0.2345410332678232,0.24072897235050478,0.34573281888497354,0.4159019059427955,0.2344821425347422,0.2691461984169245,0.29717978040618903,0.2706568060103721,0.22884219839252629,0.26112491754044,0.2675009022217404,0.23112674138598271,0.267574182888687,0.2748257258721439,0.23200868077885772,0.2064606703211267,0.26046179406223385,0.2705422534408082,0.30125363376049147,0.2953058867773174,0.2476966958566132,0.2915469051713179,0.26614875372786223,0.3072531165247467,0.2700175239050271,0.2615005298534079,0.32293576053733863,0.26358386011522944,0.2630699705820212,0.2762141046449643,0.29507357716953264,0.25920732215406855,0.28034044550795617,0.2802147904879963,0.21148219303871066,0.32616696868503675,0.28276497116503047,0.26565000031225217,0.25644284980369597,0.2699421460818214,0.30741091234707324,0.24929109625271084,0.29387397923638237,0.19916503864937668,0.27886587890104186,0.23617484208982156,0.23684609486027353,0.24346224199483663,0.25893505367417086,0.3135444186499169,0.325627812697668,0.34884832627674556,0.32029907881960457,0.26200054459948835,0.2508416440038261,0.3928166693638982,0.30986963671728585,0.21020126957756682,0.26785602122495805,0.2926646278806223,0.24209852879669125,0.19871425266518275,0.27231083231384356,0.29101069432967513,0.3111914436249778,0.27410882119945607,0.2535388760793094,0.3569731017987468,0.24824810636511893,0.23316476316012602,0.253425875296959,0.237487562149213,0.2777417485050291,0.2264437336511213,0.27394333219557504,0.20889891613496656,0.2991287821653171,0.2803961318787751,0.2322013881461745,0.2657128822407096,0.20820765344899703,0.28602728364898616,0.22425755622587704,0.2784235486598439,0.21245129200442014,0.2895929244540911,0.2626986995356882,0.29233996964143044,0.2608807763053183,0.2948980954733359,0.2756187024289982,0.3080339746024979,0.24833721425705746,0.242842282155001,0.250177200775042,0.23893074078877738,0.24105734303662346,0.3058830105929027,0.2266530272834236,0.2835933569936787,0.28097931667203374,0.25062078299678653,0.2702206490390966,0.24456042150912166,0.22235987628062384,0.29766557728504517,0.2149383589586988,0.3075046138051064,0.22577537855047466,0.27126215146001614,0.3052276710393236,0.29717294299133756,0.28576079680764993,0.33634471868799287,0.20740207817458897,0.22348034545394263,0.28908370580627224,0.2326374634919219,0.22182688272746492,0.2655986565518226,0.28506762417807224,0.26043012733771265,0.2307912613947589,0.254834926379605,0.28440318238276746,0.2647096781238075,0.28545246926864976,0.2222743663366254,0.3026194235525823,0.2750478368695699,0.36756503658418704,0.19201434797172443,0.23467313520522265,0.22425881292787792,0.26981562899580924,0.3036102070974057,0.2933818444807879,0.2969430912931315,0.23626679152459787,0.3276283405130005,0.20145103531181663,0.2387786476895907,0.3367660789159273,0.22925732324691644,0.24610789042130826,0.27841132376832456
0.24378439839401067,0.27187380781683856,0.24750960763090507,0.0,0.2895210105094901,0.227396808709554,0.35129532744718756,0.271702230908717,0.22183149135399471,0.2832462291226374,0.28876448624262824,0.2612902637711624,0.25307102901189077,0.25681666566117123,0.3329276162767239,0.24726433287924385,0.2757288550444026,0.27251368702483064,0.24139226367322528,0.21396486805397852,0.29127062608077237,0.26698848727237784,0.274603570135539,0.2656256243682587,0.2687497484777575,0.2814587213542158,0.2673964213924474,0.24486671333662297,0.2743798443048871,0.20799254329382152,0.2676255742691945,0.22238189073042935,0.37480154767722323,0.22628618215258486,0.2680134479545071,0.25665579812711237,0.2788775974292448,0.25671025706446704,0.2689980987409451,0.3252851202505274,0.29031165450815544,0.26144394513907737,0.24261860210069938,0.30701849074887316,0.2681221618896906,0.2624348646026611,0.1970146755708235,0.2548683196368974,0.28437173088311074,0.23666392807992725,0.3283493808358716,0.2680327064921963,0.22920146719652418,0.3789823722401368,0.29822207874200996,0.22984185204059093,0.2663863609037983,0.28558689538663407,0.2856343451844984,0.25985397775077806,0.28122026379972254,0.1880200794292966,0.2542865070450857,0.20360020754239078,0.23502643658325767,0.22842929191924605,0.3052212047056859,0.22723955510661112,0.24176810794719994,0.2825577736759147,0.25105700352443955,0.2545889617259938,0.23472523181524163,0.34794416585581056,0.2434725503977782,0.20717174644432285,0.3036649133819611,0.35760400496541767,0.23221563144579943,0.20132558588202792,0.22421026083066356,0.2883317511030354,0.26022900340050714,0.21548661836584604,0.27584588596167625,0.24720270618660917,0.2661847293299281,0.262022336038594,0.24800971642470326,0.2279249414795407,0.31064153927292787,0.27807630948049505,0.2655027393143122,0.212554569121141,0.30034812621797313,0.2677652274884354,0.20031163836674934,0.2509197490898613,0.21234962490390613,0.28188849678478917,0.25073264231382536,0.2742433810920023,0.28960579873410874,0.25625448555557384,0.2447391229224948,0.23849679923356032,0.245017689727795,0.25539885936966106,0.2882262388878633,0.24985582603092327,0.30288015653167083,0.2525103266130424,0.2569294283737312,0.2814738280533471,0.2503294871738508,0.27332821198762897,0.24006223494995535,0.2146422091015146,0.26846228198968214,0.2644748910562596,0.27564360644533237,0.2909957252913115,0.21263928246032296,0.30479139532609756,0.21074769042746214,0.27713117606108123,0.21986765838739222,0.2789604860350458,0.25848457463922664,0.2914111558581973,0.21244206166327695,0.24138364975276533,0.23954619893842738,0.24645465146397694,0.24169923730236192,0.20758677997246067,0.18724255272116577,0.31431360713600914,0.2727992555686327,0.26713537509425905,0.3202301165852442,0.23263561337829847,0.3163960230915018,0.24715632456850478,0.2687427250107935,0.24087060627454826,0.2574568055030024,0.25819732571222365,0.22569662396473167,0.16433407024371346,0.28002454025918694,0.2702904206997463,0.2834429824274404,0.24104019585173275,0.3015080916353307,0.2702650356936131,0.22504726145313889,0.31050998752174347,0.3520697679435006,0.24778142004118092,0.2625299390145789,0.2455024545210631,0.25246936322725205,0.2858286277076136
0.27698649849682894,0.2673947333918565,0.291005069335638,0.2895210105094901,0.0,0.2249312753132349,0.3102322739541407,0.2967073531933397,0.26441313577599823,0.29639337332365573,0.3078128844166156,0.2644194622337931,0.2439541627289358,0.2413842351435531,0.30945656494495033,0.2744155398250944,0.2906501709033265,0.2986669334569927,0.23458991568718845,0.23666038817572047,0.3406752113579741,0.30908124819918903,0.3136048941099545,0.25685872954346434,0.2791447026168177,0.27170552477246973,0.2746648710037162,0.2346978830466263,0.22079310613318093,0.26692433404032945,0.3000023832841858,0.23044012556675864,0.2427582569240317,0.23519734063059128,0.3145579099519227,0.32414878409088493,0.30770035521370426,0.2874039745196628,0.30702178710766537,0.26583632604779367,0.26866531959958456,0.35689719513579116,0.29381941652719035,0.30649122478883833,0.2619821286818605,0.2585901253037801,0.2579446294226097,0.29484645017391364,0.3099089068622984,0.30032995253938694,0.33938703083799127,0.24988184364415877,0.24585396342471044,0.29889048305486327,0.28455387720749864,0.2443263375627691,0.2565744587896456,0.34014202845229335,0.28444427289386437,0.2610903281254813,0.24327068587078587,0.20845917699590544,0.2595775104165243,0.2510377511222439,0.26511432281378206,0.22384187733266195,0.27066309283994466,0.27649191900478864,0.2777243791348657,0.3470006228618751,0.29134481831986875,0.26792897247529357,0.24902862923055438,0.32047322823816954,0.26206627846174974,0.20551300461417538,0.2863799363231099,0.3962685561274775,0.23954777618657927,0.19701991620389542,0.23514504315966536,0.345176909195179,0.29799983417554365,0.214156141821552,0.27593705317891876,0.26394345553425724,0.28303190273213674,0.2805284472935822,0.2430375366593306,0.24716143835588017,0.4391970640085518,0.30685198639256683,0.32393083523291094,0.20180973356571263,0.31637919940927284,0.26168553827326674,0.20319905196006624,0.24226220131085321,0.24859576989672424,0.25200375437397127,0.23868720331438734,0.2832878435143632,0.29172765657942223,0.24513783562535088,0.26920672110154714,0.26401697804101026,0.25984248526488457,0.30074833351346125,0.28489035603828305,0.2742050293295833,0.2940727059986121,0.31688788178350175,0.25236617121792315,0.3172134745375557,0.23452901495901807,0.2578241292293229,0.22744187302454807,0.2571599539525554,0.23796977952854614,0.28176326427115844,0.32737077304943407,0.29485687290307594,0.22011961410755504,0.3189846579923198,0.2317362826900356,0.23943248486938554,0.24084146325521016,0.27988249326901027,0.24376070960501034,0.2657154128807415,0.24509427081513385,0.26303791915120556,0.2162465932546495,0.27386034201274545,0.2803248507313666,0.23422440747625614,0.20825842279038073,0.30429348268510736,0.26162048854333303,0.3347670497535468,0.21714636958611774,0.25940781386973855,0.34072882290818773,0.30817845421328327,0.3184758986141975,0.27460731848580217,0.3205496917427716,0.26355465106066756,0.2573416715111868,0.1855817762144956,0.27519906700892105,0.24890535424449062,0.33847445760284683,0.26444438027783673,0.313255437430456,0.31391238171041025,0.20481492749274582,0.3177137978287362,0.21909042588119942,0.2389595067296865,0.24892649857052312,0.24672957450204455,0.27896606756520015,0.36384650114547834
0.29891469714822816,0.3722679498266957,0.2555410269291732,0.227396808709554,0.2249312753132349,0.0,0.2144088975656629,0.31860262803839084,0.2792121962661417,0.2822054895019718,0.26114895027235113,0.2695712769548417,0.30757384097358254,0.23316709331767646,0.25548035909184824,0.2818613889901812,0.2612338705832902,0.21908476751645234,0.2765956367234176,0.2817768854876949,0.28314026755743016,0.2695921592549098,0.1798056741501967,0.22153908028929714,0.3118584861886497,0.20779099360913378,0.1871460993143629,0.22789493947333797,0.26987843540416395,0.2309264963754195,0.33181790504074116,0.32811047199227655,0.27502320056570284,0.21398000184891894,0.28884397832800346,0.23764057651723905,0.2865394626746481,0.2573837949081206,0.23688990049706038,0.20843335531169732,0.2562821376288217,0.2898892435226036,0.24064936170134513,0.3205955194410099,0.25579332291340834,0.2181062833298164,0.24206292194297563,0.27261954262785343,0.21051855847841627,0.25286479454328065,0.2573810110432146,0.304770396361224,0.23083936152810575,0.30501646911181474,0.2501419245737482,0.35040367495393165,0.2551410702722326,0.3202907030848497,0.22361589676291058,0.22392883944224046,0.35625254859798927,0.2240420508022259,0.28176420969137533,0.19202342631422953,0.2336078306680669,0.23623239626272452,0.24385198568989286,0.28025946778586786,0.21264978828348857,0.29851523265779517,0.2869945880614472,0.23664298716141416,0.26517004700694224,0.2484998678098708,0.32921328747621054,0.254382104667477,0.21404247696560716,0.25368615274797485,0.22588005592710622,0.3098632262780546,0.32820078934714714,0.26585472350609896,0.2947950353691997,0.28543416934808546,0.259813798344875,0.2740904733606902,0.3350930086966024,0.23524475580577334,0.2691258283376851,0.25601650278728744,0.24613557067273198,0.31615250705083164,0.2665181776557887,0.2466109534425236,0.24329366246226364,0.3434180566616102,0.28079063481569433,0.30995813530170147,0.21071492535054942,0.26166475205964146,0.24638857332017317,0.2348414831982292,0.21916535691356182,0.23911387359419156,0.2848305121424958,0.258918105297229,0.2589282685503999,0.27944377005189425,0.22487541421685303,0.27881053901440167,0.2588673011999235,0.2211391118277557,0.3360494669703972,0.25300267245293756,0.23880461603034742,0.2743551086214097,0.30068162912395885,0.20190362006512982,0.29073488911152684,0.25056849544774984,0.2338038367216784,0.2753203288115686,0.2789850985624099,0.29923591069895955,0.30579550052369936,0.3071234838603954,0.23457642170180307,0.23244687557177024,0.27542704283207226,0.22233757646734292,0.31675708101197836,0.3156239821512927,0.24545430642196298,0.2784234499991263,0.274957243043114,0.24677329090147887,0.26095900382399917,0.22604557801714792,0.2013769609183444,0.2386884736586669,0.2676895253840844,0.29614767264786224,0.2668979686572507,0.24616929478809918,0.2843212702159318,0.2318803458528891,0.28028825356728887,0.2525174829943376,0.297207252906547,0.18972018657443904,0.26810130324656356,0.2872727191657516,0.2073929670425994,0.20298777029653767,0.3024649140394989,0.2869705618712012,0.21099152382599262,0.3208114689971404,0.2412280524227283,0.2499475236257161,0.23145148698333992,0.3649566423355648,0.2275865770374379,0.2538618487146105
0.2370944032105555,0.26032591104421726,0.24139714915453156,0.35129532744718756,0.3102322739541407,0.2144088975656629,0.0,0.24312867380778877,0.21978146340792573,0.2722557730260553,0.28255982458204104,0.2895139142777092,0.2470712390338648,0.241537400686322,0.35016228501788776,0.22667073340693816,0.2372713611295717,0.25594145704204296,0.2628847125052091,0.19861971633268566,0.2598868464344336,0.28539510780909216,0.35038153614770945,0.2853356664458365,0.27135009984527547,0.2563531243672173,0.27030465506494744,0.24588960550485625,0.23871536155947415,0.2433218534736232,0.267298987422462,0.2377064240094763,0.28371915931223246,0.2572239694375346,0.24093805343368777,0.2359633114234308,0.28988220114445373,0.22099895253863594,0.2807587547712454,0.2907692160088014,0.2590429228209277,0.2573062249586122,0.24442125408130355,0.27097791940874855,0.2691971312365927,0.24408697317886263,0.220601459316039,0.2360516634689013,0.37125709209479496,0.22077353895813634,0.3141833398547424,0.2251964335211454,0.2047763676409744,0.32177423538984673,0.312487350590889,0.2195827227299646,0.23471657253846784,0.2625572871150665,0.28709329315768434,0.23799288935995663,0.23158367688028442,0.18092849767460736,0.2108909425982018,0.203902150268886,0.21838216301979135,0.1967169744729078,0.29314609035652406,0.2653316918832392,0.2399092868547348,0.2606920253330006,0.24544249368215626,0.22358046295232384,0.21251475309399775,0.31796841046721386,0.2028860697733845,0.21612754189318953,0.3609848357581194,0.3515922308702264,0.20334873031119155,0.18952710806466536,0.1994341725924275,0.2843788529939129,0.26797614758350663,0.18267419653181347,0.22309491444208854,0.2286149469075342,0.22963576022623447,0.26227327753547586,0.24093841146318076,0.22575095177765409,0.2912102014329957,0.30640941630971164,0.26711085896374925,0.21044975772985194,0.2636895112862121,0.27337663997443706,0.18423914752067042,0.23790467568359688,0.20282734219988915,0.272614779899147,0.2430976519168049,0.271665709276434,0.2694377096410822,0.2295300486930505,0.2127507845396057,0.22520610233228938,0.2148758022123255,0.23724556601935426,0.26875527695762336,0.2515246985825915,0.34419113418328817,0.22721397253249015,0.22624321205124168,0.2333487276909035,0.21145110796149322,0.24651131823181952,0.21292678075553087,0.25851836700375463,0.2308192089597087,0.22425492524631413,0.24073503903096002,0.24095179948980716,0.1857606951989344,0.3119411741202582,0.19375025530657447,0.27514944183653456,0.20481641062146028,0.2849225914642227,0.2160796301983031,0.2496315897509953,0.19872332465184592,0.20436067984550293,0.21025767923284458,0.21954615217104415,0.22271606266914423,0.19903187019024027,0.19622447949399274,0.27529214780615185,0.24363858381629447,0.26815500201499015,0.2492108657501867,0.21121365023556574,0.3006246737140361,0.23177207579390163,0.24669470540125554,0.26429589989902524,0.2627738019611613,0.255578671429068,0.21495723666153627,0.1486667896335821,0.2557670349242582,0.24546664914428554,0.27352793552534405,0.2589741326808076,0.29094139544149095,0.26885318612423226,0.24604407149858457,0.29919803535977685,0.2742160268910902,0.2636230071430453,0.23256944067319887,0.21353322845295927,0.23131780781496972,0.26958437042103617
0.32485575239485553,0.4086360873505233,0.35428633005994226,0.271702230908717,0.2967073531933397,0.31860262803839084,0.24312867380778877,0.0,0.33751651082033707,0.37477640444106636,0.28655053921202267,0.32403071139670026,0.3341712020999831,0.27106250821419,0.3000008179768387,0.37640365642230056,0.4022086926490978,0.3105747649928947,0.29577275782587265,0.3111273693293856,0.41128290982873283,0.31524054136920193,0.25049932534475944,0.28036181710526076,0.34045850288981266,0.2725634380903503,0.27102592346677834,0.30729994083258655,0.261225561782754,0.29465024786125765,0.41714018556703525,0.31655087661806575,0.29148690317148723,0.25064118288563264,0.3337334062440121,0.3286509864115171,0.34238986614015327,0.4146791655473765,0.31810727510409825,0.30534361952191424,0.32719529893931193,0.31562599567229693,0.30467848692983013,0.31857737110293677,0.3769383268871581,0.3124933824670105,0.3026316568114567,0.2911508299287833,0.3102094038838905,0.3292056837711932,0.33610087130190586,0.3207568847753099,0.27498295861213734,0.3367138470220115,0.29805579091718926,0.32085436804406364,0.3353990568998911,0.3857610154522372,0.31665444691295147,0.2967542045494324,0.36936491742748373,0.2201551428912328,0.31590282564607025,0.2575128648399684,0.25995053781468863,0.26935082464243587,0.27530905342036377,0.29482154119616266,0.319891250138204,0.4445158807310989,0.318587027431226,0.32930718897013683,0.2782545533419465,0.3804791176075962,0.4471267492249126,0.2568337024875787,0.27728527670875625,0.3370399904690594,0.3513835375570066,0.24083329213258012,0.2946229948751511,0.3219189270548753,0.4035915437362937,0.32913764670692475,0.34440363414069886,0.46131625515344704,0.3258254402694029,0.2927981674824277,0.36513092643130574,0.29676364855061915,0.3221066137472319,0.29230316623014696,0.33769361721358887,0.2646093031143053,0.34174672276696705,0.33749517513369953,0.27533388514990187,0.3130431432745742,0.226211661001774,0.3458808101059295,0.26569495346130517,0.30786940398432233,0.2490679863920471,0.3040133081271486,0.34531819403838754,0.3691186732208511,0.33987869953569827,0.399054645378631,0.3205990419422837,0.3269405950268975,0.2727915514650406,0.2971371187344466,0.3026698989930052,0.3292183639483026,0.3101128609881547,0.38831522725378914,0.31664975763559466,0.2608273737691474,0.28104232002754526,0.2844326037254014,0.3295727622389889,0.3342433370622727,0.2605050702564949,0.3669508355953705,0.2597478316944134,0.32411239025654204,0.2529725057093254,0.3243987371782883,0.334542441323359,0.3114512267358621,0.39138712639684764,0.34790053538793364,0.26157517507442796,0.2751228070225428,0.3199760213035731,0.24960964066320857,0.30271727443485374,0.32119566459641924,0.2871239629568934,0.3395496313740003,0.25657121753892453,0.2840493903900142,0.38048076242854084,0.2862670949262993,0.374096103899525,0.29194880117459004,0.39612192345221736,0.32522464595998185,0.402611220619557,0.2114123852579747,0.31117612412816426,0.32000193391780757,0.31374539409839,0.2865372001748818,0.40544914838171264,0.34331208135512753,0.23795997372970787,0.41097322341872017,0.22907716694171976,0.27506752849068145,0.2971365737671581,0.3228358541730714,0.27376991041170595,0.3140930432410954
0.30539650789838485,0.28720095582671223,0.26081790198109256,0.22183149135399471,0.26441313577599823,0.2792121962661417,0.21978146340792573,0.33751651082033707,0.0,0.2544477171464172,0.22794181345524675,0.2502220866137561,0.24209651607196853,0.2735442790918061,0.24321934674245996,0.27731784404801135,0.27544326094693067,0.27254882064681857,0.24022759458510026,0.2754370515337067,0.3017109243802169,0.31972405032340445,0.19949386180108553,0.22531916657827683,0.264949546455601,0.23485698894788887,0.22252964929723884,0.23140356858063513,0.2146339832706441,0.33106123102185137,0.3524942217281879,0.27202393388103374,0.2299018234905492,0.20745309155496403,0.2808298442140471,0.23742330064712833,0.26655384631456247,0.3455472263793506,0.2712205480427342,0.24153959615860449,0.23222522696500233,0.37124129209577833,0.25778396800904263,0.26737596070561886,0.2699882465006879,0.24164062841999775,0.2542724118467589,0.2272577292259572,0.244364063467811,0.2723865972202212,0.2684622824154706,0.26745431398825714,0.2674830905492316,0.26391506194776143,0.2265581809386277,0.3842300287483416,0.29655601437782503,0.2972456481375433,0.24541520545327955,0.22585497295913953,0.26424622215179266,0.25087832953957423,0.2759643573675005,0.2256833758484648,0.2909631754156423,0.25388879722625557,0.2712711891251616,0.29677847408224667,0.24489814212912087,0.32633647155695383,0.35730062670177043,0.27598791933466493,0.3068764241745549,0.27056348852038103,0.3267307298291515,0.25075050677496247,0.23496661822922535,0.2509594756769724,0.26910794741993466,0.2637071996750197,0.2795744552488118,0.4040659482409408,0.3665958410011548,0.24126721302544626,0.3392224461426707,0.33676494044842475,0.31270440967368607,0.2912468467135756,0.25973426855407433,0.34854572140288553,0.2973199740381625,0.3221154683636798,0.24751946997457522,0.24806209008281144,0.38233536527773604,0.29748269456636417,0.3087688856145527,0.2768547117121734,0.28959904442027773,0.2476805936604988,0.261720488155497,0.2542562211107977,0.24603226623113558,0.22595117122679795,0.3177901956948728,0.2652451124984518,0.2430091455120405,0.277986674115863,0.23502918680931445,0.24045314035128623,0.22700123117574028,0.3137460160397897,0.2903599330150769,0.3337093421540073,0.23641098883467174,0.2929613884773862,0.2724960637304546,0.22991018513543157,0.21482107339172013,0.2882875611743878,0.30242249152162165,0.30740426116782493,0.27149641083463133,0.2970773331400178,0.3945389213975418,0.23204363502698577,0.2812867136378077,0.24753083881725077,0.23119486890107435,0.26637760450802866,0.4504916632756158,0.3620989785820362,0.2527538885912041,0.3554801984450216,0.2603323332481668,0.26610962794636733,0.2513941764186408,0.2504597461120236,0.22898217283795044,0.3097975790548975,0.2195102695379691,0.29536867212330276,0.34926623384478395,0.3266125161194638,0.2976339869559649,0.2729389830139972,0.42396928694960034,0.2565701519505573,0.3009883259409479,0.20277771612677098,0.31293948943646477,0.2737958447316525,0.2579480041170504,0.23913721231592242,0.27479494398542126,0.3190840523828063,0.2074923375896066,0.29393155102061347,0.22947201011850302,0.2706103585293924,0.2288624842715405,0.3397873824567075,0.338546566421712,0.3039188431901754
0.3020696141104148,0.411634584170006,0.4403185204748086,0.2832462291226374,0.29639337332365573,0.2822054895019718,0.2722557730260553,0.37477640444106636,0.2544477171464172,0.0,0.30273373868109416,0.2749761007302009,0.3168823720474264,0.25560710449077617,0.3196415854714869,0.31406842591432027,0.32545207583713126,0.3235085444280473,0.2642779228904696,0.25619060970413954,0.31659709550564874,0.339572878150822,0.2636534320557166,0.2736010289128814,0.359835804519892,0.24352007413174614,0.23574704060923254,0.28588382634628784,0.3257773240579785,0.23530585208027657,0.34078489128852163,0.29488843826379774,0.24709450690804938,0.22875381994128996,0.2873174210270901,0.26135533670379674,0.3298737508722214,0.26136760500994405,0.2625316868931453,0.29416452603541493,0.24691134078244248,0.3037703096010384,0.2761852696473817,0.27329730134827196,0.3247596904479053,0.2794396993430707,0.2371510002787544,0.2946302710071445,0.3268137036526495,0.24636183289912586,0.3282830217487123,0.26106357308628875,0.2274252279803465,0.36551630052915063,0.3380015606346881,0.2689982024820548,0.2719956005137881,0.2737911755983338,0.33935880718749967,0.2624226756542859,0.345918887238658,0.19107034953823057,0.2606629179231354,0.20457001832929672,0.24083633189677164,0.2495165467739364,0.2674478156969772,0.2940387870014145,0.2890122492947784,0.3779230442831805,0.2914300190113292,0.2839830787236266,0.22538625182266567,0.38659381407254084,0.29808788766962235,0.2339525925018709,0.28264530204181976,0.3322890229955765,0.23656544937898127,0.2207274192814619,0.2612839746269585,0.287751987114449,0.3661810726019679,0.2529064083069018,0.25031538766227174,0.3103268498758471,0.2677148085217848,0.2683179740863174,0.2874455954787165,0.23864858867506686,0.274794457577506,0.24873959672826185,0.3098768100005937,0.22319014484538385,0.28773747198486216,0.30955502009944635,0.2132451250150571,0.25378174795832054,0.19544945420246265,0.3257692566299586,0.25104485146080097,0.29019524771353017,0.21829403414231913,0.2816735711182681,0.2536673696026304,0.27447058518604406,0.27246744217300983,0.33517438389206067,0.27869929120196607,0.32731387038479687,0.27072093518556134,0.2268551520021648,0.2707395658008844,0.25450556176309935,0.25470458813021213,0.32558921842856087,0.2690632035035041,0.29069377098026417,0.2666429318751026,0.24162851001016028,0.2523063852725975,0.24726292302977487,0.2122635309747869,0.3664278235077985,0.21295475987392412,0.3678072961726973,0.21468479220597633,0.2862049822508996,0.31286636927273737,0.2726909764894569,0.27983141735931444,0.27699577678606235,0.23103702884379845,0.2244600868774562,0.27236224536832254,0.22543677818819965,0.2453137282218826,0.2807218191585361,0.28174092178777965,0.2842645194337729,0.2541353612101245,0.25709356980583403,0.3235721838688824,0.23142951146859883,0.27853610713805815,0.23618943419377836,0.2695420795860515,0.3123840311209861,0.372532743935392,0.17073213130415943,0.2657737974721316,0.2819838315246273,0.26888650888398163,0.2706947083613693,0.3021917344170878,0.31483918224802315,0.2313971010249447,0.38852955174947085,0.23405443168273538,0.26675080561171505,0.3120444442239108,0.2748756274039222,0.22871654308824924,0.28569765810677566
0.3145038587812024,0.3150817364178946,0.29697297348899104,0.28876448624262824,0.3078128844166156,0.26114895027235113,0.28255982458204104,0.28655053921202267,0.22794181345524675,0.30273373868109416,0.0,0.311797356728009,0.3221387888324203,0.24170345985020508,0.2652819908788214,0.3319432605337741,0.3091465319114647,0.2854157077060527,0.2722535282725832,0.2681496946661779,0.31417555236616646,0.3277832700893311,0.28571916759216676,0.3382638950587391,0.3588628787265144,0.28115961631510017,0.2740150115731337,0.3150941625514173,0.2955837208949793,0.24533385548378125,0.2782952516367004,0.2762729635954745,0.22698613825794928,0.2486814164690515,0.30431392310706235,0.26867567155416067,0.38721506542688744,0.27065764128466024,0.3242124217482811,0.28790214250236495,0.24846888282296964,0.2904122775873221,0.24863984615289275,0.3271591326273152,0.28076405717568814,0.2440992097793646,0.19403588441821992,0.3888540463060448,0.34804744967370926,0.22885809694628972,0.2980959023226768,0.23853881690966175,0.2068706666064784,0.34926476000705564,0.34767488977546585,0.2368962089864807,0.28623693625447766,0.3085050870099138,0.28209223820621204,0.2542436728649668,0.3462631326087622,0.16486757891117093,0.25094001962837725,0.21793747836068034,0.20367264911750563,0.22998155758058475,0.3116546746535966,0.25362291903153883,0.26030882143085954,0.3302552006854028,0.2577015229239795,0.24652667357396105,0.2750126903090033,0.3437589652958016,0.2806520004184009,0.24682444185825048,0.3239500597422914,0.34060513930454844,0.2223246019832145,0.23385090049893748,0.2501858646873955,0.24466264060029383,0.28003925508566396,0.26020781618395694,0.2437126555821685,0.2619846707103571,0.3208498945738354,0.23359867734790538,0.25023683053157486,0.2555047808553561,0.30321115847923136,0.21551064932178748,0.3125479503844502,0.26050559044303695,0.2605712077754646,0.28723088725747975,0.19643073506146166,0.2226622837543036,0.19485629372760815,0.26384056491571967,0.2982466606176678,0.287248768092555,0.22642693490487736,0.21914738315573512,0.2320781332523631,0.22315564866590323,0.23228111955987496,0.3177047989235839,0.24389808094148538,0.36659057384242905,0.37611114836776993,0.24643759843155089,0.2651532145904317,0.2684916577472805,0.2461912992221716,0.2808079810341543,0.25396968722629826,0.2719868996222785,0.2871428319183595,0.23977251191684568,0.2768404373223744,0.22710567307577764,0.24430952907136463,0.3383239254623884,0.23581919191891004,0.3248258107675998,0.1861270381960408,0.2776451201840441,0.2683121785976533,0.24047585121678108,0.2220793329289581,0.2542426192873271,0.2869634733747227,0.2636940529793121,0.3623972645193968,0.22793946971527151,0.24969714484066968,0.2653132014337815,0.2798840472793811,0.2752370536260197,0.2562616623729437,0.25376614043321455,0.2585035470448652,0.23802399683474454,0.3735334554483486,0.22730283424363737,0.2483844189302544,0.24914752897609602,0.27299687777311277,0.1863151138626486,0.35431646323336174,0.24812660946247028,0.3633798784357251,0.2264282906571002,0.2861752986029555,0.3215963212961581,0.27583385317817716,0.3315268742397394,0.27643124365140165,0.2517870224714169,0.24523398994850035,0.2881806014887031,0.2166752855010724,0.4083424579282539
0.2594131787141177,0.2829971564643799,0.24514288513236962,0.2612902637711624,0.2644194622337931,0.2695712769548417,0.2895139142777092,0.32403071139670026,0.2502220866137561,0.2749761007302009,0.311797356728009,0.0,0.22890797906147628,0.18306290496397318,0.2475769986992039,0.29394241612245614,0.27446977918275,0.2250067187482618,0.34444215422796026,0.24403749021046736,0.3161843561920837,0.23688183830037515,0.26321319191041176,0.25988233254470544,0.35907714290445675,0.23575355933811226,0.25247610979236323,0.24093341401809737,0.24782900802901933,0.2928170340928402,0.3381727764228758,0.26983452215733217,0.23701670360997987,0.28116604265465533,0.2567433856972622,0.25752443075566733,0.27925086886102246,0.2652131570823621,0.352628958999535,0.24351134847590444,0.2634861154332031,0.26958343962959724,0.259372544468644,0.303124718766756,0.26227129076316413,0.2416867533578912,0.24384808805230676,0.2780988773323891,0.2835956471150456,0.23679088730175124,0.28730260061851004,0.2670249428958089,0.2033045134125661,0.3067076884671845,0.33255039231414685,0.23952848096743978,0.2901568606130187,0.40894583302972126,0.22094006810662736,0.23230839397337283,0.23704783941081062,0.17338249652688997,0.25096803567385445,0.2194234972742199,0.20192121963796278,0.21441235069792305,0.21805717214845152,0.20409987557335416,0.21577248642989438,0.2760900215845485,0.22475617417389887,0.21720273017628747,0.2215790402848255,0.2581802516177791,0.26529130772353987,0.22622701045932012,0.2563252444121328,0.31690720714197307,0.23646176848791572,0.20962067775104073,0.2169898304354444,0.25739751293203605,0.26942789372661,0.20796085951667698,0.2730002183379421,0.2688527875042752,0.2579559996266929,0.24359076427010284,0.28134412365293515,0.2389808961143719,0.28555205809653106,0.28187902032205225,0.28222746697643947,0.23785840938198885,0.2328280254024331,0.320906875506176,0.20289213911326867,0.29368609646739685,0.20096087846212585,0.23823710710550627,0.2190257671308939,0.28536709722082704,0.2690469922707958,0.3050004424803687,0.24005045010591364,0.2402278366022107,0.26248384162645183,0.28605858760065317,0.23266035469159946,0.28905133296035407,0.3982055472570038,0.2776013080043541,0.22224727497161317,0.28829444050138603,0.22178661694656243,0.2616536360022952,0.2697132076650493,0.2892519807645069,0.26339224393524213,0.23121987096270008,0.24171404678440683,0.2629803474361716,0.21739000473339,0.2912538043414561,0.20212048874824867,0.33098926512701504,0.19469445674793312,0.28251008096870145,0.2805168170670786,0.20865190535573155,0.250088864890315,0.2368639393851046,0.21627117391520292,0.2564214679807079,0.2587627142232053,0.18793856021364724,0.2559325808951284,0.24388467190456323,0.2298860133813376,0.30064635254043237,0.20335127331976835,0.23062984335791,0.2760824817965816,0.24624664318854558,0.29537598636132045,0.2965825448589136,0.3143766051471263,0.23258293485702491,0.31380902087387275,0.20359173561032784,0.31549759093997315,0.2795718343037688,0.2916230449603256,0.22249761082504524,0.392936978911782,0.23892736333611012,0.2011543877664926,0.3147317789665807,0.21381684765420836,0.24037846518548364,0.1924685871971526,0.25419255133607677,0.22711700954903094,0.27756955781723647
