0,1,2,3,4,5,6,7,8,9,10,11,12,13,14,15,16,17,18,19,20,21,22,23,24,25,26,27,28,29,30,31,32,33,34,35,36,37,38,39,40,41,42,43,44,45,46,47,48,49,50,51,52,53,54,55,56,57,58,59,60,61,62,63,64,65,66,67,68,69,70,71,72,73,74,75,76,77,78,79,80,81,82,83,84,85,86,87,88,89,90,91,92,93,94,95,96,97,98,99,100,101,102,103,104,105,106,107,108,109,110,111,112,113,114,115,116,117,118,119,120,121,122,123,124,125,126,127,128,129,130,131,132,133,134,135,136,137,138,139,140,141,142,143,144,145,146,147,148,149,150,151,152,153,154,155,156,157,158,159,160,161,162,163
0.0,0.27681731988512276,0.24988311140285258,0.2463024660467658,0.28760849886221823,0.2522017853160066,0.26334326421334203,0.2904972791830638,0.3685486138114931,0.23951347734103168,0.2944238618615341,0.24773378834921478,0.353517489167869,0.2842951749423242,0.2738878182384185,0.28601788346303014,0.3074168879429174,0.45370822578228864,0.2874990776542545,0.3793621992689883,0.3191370271141052,0.2892009279147877,0.30725976641538,0.27521419448871665,0.3195079461253985,0.263734316079834,0.2558052587388332,0.2951313658190026,0.20783693468518838,0.2812079284045804,0.29367729379159885,0.30742944913580467,0.2399269954703333,0.26438212398952354,0.37102308024309905,0.2900825295373752,0.35077565158556906,0.36738914828696734,0.23027416245490587,0.33841417841818827,0.273664967017122,0.31117955477534875,0.3136861032690344,0.2787657223993117,0.2885632722978221,0.3395459949130407,0.2892497136870025,0.2729820474751939,0.3731956365530789,0.37947402830085886,0.35390738462753735,0.3184064195273469,0.2965847075893342,0.24625013894222184,0.253869178932385,0.3027683585241594,0.4368414352766491,0.2851156951126928,0.2958251246148586,0.3340201087139825,0.2528239060435743,0.2588065061604325,0.3364333521698086,0.2608284125586441,0.3064602266151549,0.3150491086187254,0.28907198667360856,0.30251659253039254,0.2708797598921184,0.3357888613229738,0.40117254524036694,0.3123341870581479,0.34855611830643807,0.32440528311968214,0.30901724023375915,0.3186331554752356,0.24360555581446716,0.25599165567948845,0.3091279065002396,0.2366872944478206,0.27789469107361253,0.37002963158053276,0.29667031945595645,0.3007671818513061,0.3462980915741704,0.3886296665475672,0.30511261151655056,0.3552857275051749,0.3368391305047975,0.2793575899361555,0.39983498078278507,0.28555445874555413,0.33540654152248595,0.3460909606677832,0.35067842077384176,0.23610545537838434,0.2200418776019006,0.2529035374161887,0.277067846314147,0.3340274419713673,0.2580594374912882,0.23516277691651835,0.2741339536455724,0.21757737426689192,0.39910410207358904,0.3037378695443893,0.2658469303601743,0.30084519441936336,0.30820797346976353,0.2719244341632214,0.27664157579303045,0.38843319442280216,0.3374805372695717,0.27600629254678494,0.3477643738769254,0.34545932280192343,0.3172903539816343,0.27955962943921403,0.23232672045319047,0.28282838879540007,0.3177646374987367,0.2604678468213594,0.332801554943537,0.34030210177598297,0.3044274293840323,0.23061589525170142,0.26817517852816053,0.23065009681515242,0.2353277644375987,0.3138366808926072,0.26603221708316194,0.27575422209686634,0.26904909875492283,0.3449967816018467,0.2629252252555574,0.2645779082621169,0.28722229047487136,0.32331886017844125,0.2759302125490898,0.3407096933217429,0.22448690955063494,0.2740110876511241,0.3614257766722136,0.29101351734890096,0.30339801357537666,0.34183952384242716,0.31793264171767077,0.23837043016138812,0.29843106854214274,0.1910033022019952,0.3866990375143368,0.2775715197201574,0.3178641769772357,0.22249884454866067,0.2842601776523624,0.32192629947390283,0.30792475661612834,0.2714778497616313,0.26551660303535024,0.3295279220554893,0.24498118753738088,0.3650770322317601,0.2443627506273801,0.448953151879026
0.27681731988512276,0.0,0.29418894409888335,0.26636011039590096,0.239941003572844,0.35155381126339913,0.28801576604699625,0.3461473046725286,0.24382796709880558,0.37071626069584457,0.3098009640083136,0.3231260740803678,0.29898087832618214,0.2801152273369056,0.2897673199175023,0.26853021316481057,0.2706088293170112,0.25943516598784333,0.3243168337789907,0.2703110107868142,0.3046480275907086,0.35242557100069855,0.29239410767960583,0.2803115642366913,0.3611325136818527,0.22149854315803713,0.23258189950248387,0.25676090990872896,0.3213416825352721,0.23080025370473056,0.3119333125670247,0.31801731119612203,0.29659906910397943,0.2479747292900624,0.2822051263942602,0.33825344578726163,0.2980150339016803,0.27871249779246504,0.2899263430983767,0.2965537688036111,0.323499481874061,0.28185284952841183,0.2302952374073401,0.25719369432977107,0.3245066255848504,0.2517230324176202,0.2700329560774732,0.2795586870412116,0.3175197388229,0.2710284480830133,0.3005770186707999,0.2592196228080466,0.2880084325852153,0.36718745819249815,0.33932167032633603,0.3122448104868868,0.27722370106363936,0.272106760012808,0.3156570951504021,0.3133709964723618,0.3252524939742766,0.21498781041444537,0.25439561049827547,0.23508528226638079,0.23102883905475807,0.22510160231175969,0.26385759413336435,0.2632270935458178,0.23569796879304247,0.2890749014165485,0.26431727176412445,0.25909868665369046,0.23504160977303393,0.31279237269889243,0.2887884906499221,0.2532802027456151,0.2498709978508305,0.326286009038782,0.2342863586909889,0.21476552969182827,0.2730974999429665,0.27518612297124256,0.34370240205035557,0.27356329489026526,0.25433384473626897,0.3620890887009058,0.26111352720094005,0.2525849415041132,0.26565081609262486,0.2786181192736241,0.24637220621169242,0.27902378398881145,0.34159605639537716,0.2644136358314112,0.28919987999208163,0.33548533052460244,0.24119551194522346,0.2752095721453487,0.2224959580803138,0.28926662973826445,0.26358273052851683,0.23447688056074323,0.20570836859183628,0.2581115474913834,0.26734991794887786,0.24300260048582875,0.2466133714865651,0.3108261455008267,0.29130388515527605,0.3543165206557088,0.27914235040233754,0.2470930390190775,0.28985490438224193,0.23298484611930406,0.2800411285705905,0.29783799055308174,0.28584062038719504,0.24442422828718266,0.2848099936629592,0.23780595872135926,0.2399910110033705,0.2396813626134148,0.2689301397094767,0.3199813111571165,0.2470081398850886,0.3385032365861542,0.24636293250638666,0.2904822420126245,0.33377393064668426,0.2655533681155527,0.2690070842330201,0.25322714280917336,0.2324584039161127,0.28456165677759715,0.28372283875597754,0.23042411855337283,0.26774727368610607,0.27588379717427125,0.2856218339963345,0.27441675346434813,0.2600409094942383,0.2955428456543934,0.3475377617354654,0.29044087994372586,0.2978787474478356,0.24784344892153293,0.3129654093244276,0.2756579820007543,0.35659643131896757,0.20597277241688822,0.24756179795624894,0.33523630312744934,0.2514200169678853,0.30473425043865554,0.29065528378075156,0.28253698940994104,0.28997749790730926,0.29022935342288025,0.2500580688599828,0.2525415864138241,0.27565594804348137,0.3043190786101985,0.22481191208424964,0.25966293657867334
0.24988311140285258,0.29418894409888335,0.0,0.22242821625665857,0.24662956545789727,0.289047932557413,0.21579531624089715,0.29120485803978596,0.21468229091415506,0.34985617628587706,0.3255558850495367,0.2749688981448804,0.31664749031926037,0.2219082163654197,0.2260977538597918,0.36009682924581715,0.3107541374687708,0.25548692933061046,0.24073887439060457,0.2237668459364162,0.30076453284916527,0.37274651964738276,0.23046727464067945,0.2437671594006803,0.27459467470863974,0.22233922100529646,0.23265988332518844,0.25218829165491663,0.25775123123529353,0.24915447467244836,0.21450348156366256,0.2987852429180464,0.20662961578017872,0.20206083128709823,0.20888549967230013,0.2469584734071741,0.2697671129345887,0.2540159601368644,0.23722308803508216,0.25568229331043435,0.22887516922385806,0.2777823545978552,0.2303505535239761,0.21888740688437755,0.25581946836491926,0.23303836151694052,0.2312747867057883,0.27276011710414455,0.25498065237181355,0.23732454222224447,0.25648459594777406,0.23210223134827235,0.20140359843253677,0.26832111232334704,0.27003840508461047,0.2220002340685565,0.23374870971752676,0.30239582427125106,0.2440816958691528,0.23787179664462418,0.26811143307126784,0.19260215418312016,0.25513602184896095,0.2042509036627788,0.19019234453317277,0.2101220848130371,0.2242349231616759,0.25694580226289987,0.2544506841032808,0.28727946253696274,0.2396110026866185,0.19405700945267268,0.23577992132970868,0.34467893317500753,0.30124620372142524,0.19120825276760017,0.2645963582003894,0.26428764520167314,0.20134035725714802,0.19247674863631412,0.24534416464858372,0.22249422077533831,0.27592655355225343,0.2561861750716494,0.22069696239695494,0.28099187811072757,0.22605406939369607,0.20764478888046475,0.23578514363873215,0.20399668826864498,0.25305268981058254,0.18801982137681802,0.2776828801251023,0.19810070308906969,0.2295957611909185,0.2393082743315845,0.18844032014349427,0.21225252274524314,0.17498955591712895,0.23628303502687042,0.1909718849339561,0.2375636518099781,0.17872281856613084,0.2314860270727046,0.2279965599263136,0.25824549893435195,0.24253951253019185,0.2686506072916352,0.24019276018936192,0.30086624809701723,0.2351918065155938,0.20565985544309995,0.2351472534336331,0.23064331905388813,0.21137649463774355,0.2809108055328272,0.21085081707760864,0.28954102079508687,0.26661490735652815,0.21131175954093964,0.22093580805865695,0.1989289453803433,0.20759080252060783,0.255797339715707,0.17852571700878253,0.2900419906003206,0.21106512219520213,0.24853550386666587,0.2745626773085744,0.22004731754556525,0.24218264324007432,0.31682776279929403,0.19712570312122343,0.19915592800612236,0.24727308250605604,0.18541588219395536,0.21414084774874892,0.2037602243041151,0.25104920420058763,0.23626923668415825,0.19389545321014445,0.24689975328321367,0.23652183515571917,0.24238103322501456,0.24449501841546226,0.1924588493703252,0.26149161962686723,0.25489564677050996,0.31553289598108014,0.2000195380227481,0.1979412497186619,0.2070052171962353,0.24768880546754848,0.2769014008531715,0.25608126157210426,0.23484943429789726,0.28119332423045196,0.28336418748178877,0.17153333428745932,0.2321746959094344,0.23868226950459073,0.19545164034779627,0.197661824603572,0.25597586913578757
0.2463024660467658,0.26636011039590096,0.22242821625665857,0.0,0.21981633750377316,0.2628313593660476,0.3034083616998084,0.2666894114894552,0.214251054062793,0.2356762874535787,0.25507364886675643,0.24683906650362403,0.26479724887294254,0.25137712603431545,0.2738727888925901,0.22085999958324376,0.245687523789815,0.25158116674792,0.2648728972243617,0.22235288115616964,0.2835988600997684,0.23048890517479942,0.27595860715121123,0.23241401403283302,0.271533143260844,0.2603658942662485,0.24415611453967917,0.25278820929686,0.21718397393156458,0.19602732986393712,0.2421801867102881,0.24512065201000055,0.3880708793301886,0.25610596306012584,0.2561592544154859,0.2725957413890348,0.27307135238412444,0.25869920454298145,0.22664722416363914,0.3098632524325211,0.2982862558934307,0.25465879394093366,0.2258601066972199,0.27323462341588145,0.2582780384245657,0.2607171176124965,0.20277806663240772,0.2293197426688963,0.2740127049387894,0.2516342275013212,0.33636925553075786,0.2974635585749844,0.25128595951497656,0.3252357947539823,0.26278845655652283,0.25228714959402687,0.2750164227036699,0.25899444866598126,0.2710058453351768,0.2921813199290298,0.2941607754218669,0.2276626827221963,0.28439820569833246,0.1927858105430286,0.23829910331136828,0.2566711419601911,0.3135318467150528,0.23998700748938723,0.22204197175434587,0.2708577318252478,0.25681291513898913,0.23550632100884245,0.25748808115166494,0.35478395635080723,0.25507653256486984,0.2256818262725743,0.2930328075325552,0.27083596581772285,0.24141874212373052,0.20134068459592167,0.2562809535597957,0.29662570551938433,0.2465876537782607,0.2596729416394428,0.28716012430582366,0.2810074330661064,0.29235563767373635,0.27473421630922984,0.26813103493094675,0.24163643187521075,0.2730171541732971,0.2776717732043328,0.2422685486198803,0.2436668640845545,0.2891066995989457,0.2488127241533721,0.21317690144794021,0.2689090308819298,0.2115696043329395,0.2895344346030437,0.23522941339355313,0.23988197496823097,0.29794403158215965,0.24075405836668476,0.26682171940462013,0.2414549729693618,0.25235346808893677,0.23770729513941935,0.2701157396356922,0.23253418347299207,0.3033152405373911,0.2570854031064745,0.33763594580082856,0.26249662827464026,0.27100926104406997,0.24932956205043896,0.2762248451962978,0.1912326915170928,0.2816657579913226,0.25582540727087527,0.22525929711474063,0.3085875830380259,0.24777282752750351,0.29020327475002444,0.21669944518054035,0.24523553220344974,0.2561808188041243,0.22382496161837287,0.25944805497331236,0.27279017872411265,0.20841439097755532,0.25351008718382445,0.2573723131153358,0.2700939875153914,0.23368052151115531,0.20580495220648495,0.18541894763098554,0.2671087864788222,0.24100190676394614,0.26509272807899037,0.33900100174907766,0.22840498851658714,0.3174949665234299,0.26145390021397097,0.2529983092208101,0.2492207034563415,0.2595535880764829,0.23565512740735836,0.21620279814331728,0.16661442724321926,0.27855447353705726,0.27362817543549467,0.23539106096861023,0.22095952696611065,0.2921887910266307,0.2734693325705457,0.27550998603612814,0.281689596932019,0.3427893384372895,0.26802027217064944,0.26257228269584315,0.2591524165005667,0.2513646818532358,0.25323425249680614
0.28760849886221823,0.239941003572844,0.24662956545789727,0.21981633750377316,0.0,0.2145408529066658,0.2901564134992623,0.2195435468342938,0.2514330908456324,0.22218721882765893,0.29884468598157604,0.21758985108062112,0.24398434764969512,0.24435810554405568,0.27723632488823086,0.2576714955236704,0.2695210575702854,0.2870140333661582,0.2204628799206977,0.24010256197268004,0.2751086220133738,0.2869790322264629,0.27791254151765243,0.2604716997165451,0.24408243261150614,0.2274963304085258,0.2298833178356604,0.22977086468959157,0.20459014981720902,0.270494170200183,0.2605123952852444,0.22571662976349766,0.21312284723371747,0.210860935868573,0.31866225773145707,0.2556520656915757,0.27793205859523445,0.27052256941682273,0.2410964956876626,0.2519485690141288,0.24707901565234927,0.3066222960786343,0.2534171805898392,0.28222778475839566,0.2142641043428629,0.21508174438233293,0.2570878560973176,0.2779802268966814,0.3061318943376079,0.26528806235727537,0.2791009517431714,0.2299406414205027,0.22402861529736512,0.22906831245854503,0.2357972577244848,0.2275108669244982,0.2368526387929864,0.2847144176347489,0.2502197531809463,0.22967680969697948,0.19967382374385534,0.19043268113907624,0.24643542926620693,0.2331579319420449,0.23177304616919986,0.18841484603758496,0.21612142503640222,0.2599712480849723,0.22829704346442506,0.28281929889273866,0.2591239576795508,0.2365837053788973,0.2298331588387675,0.26675272397920213,0.22925887574851816,0.2065168348907817,0.23821443907650877,0.33300019496975514,0.20075253063086457,0.2021830998095105,0.2456820318525496,0.2604540168441729,0.28570315536798824,0.21436702565549456,0.22154314127454972,0.2508969873958682,0.23741895691317566,0.23822951906095946,0.21383576846469596,0.20815814852345435,0.3464972615790932,0.24512880423738007,0.3052398026522897,0.20142155986396865,0.25454665127679216,0.2178333335205613,0.17689491971503846,0.20994139071542797,0.22838811109081256,0.21169507816819236,0.226695060122045,0.1989783206195067,0.20885324428027968,0.1904650145282587,0.2350532891619888,0.22280350378024238,0.19754406880630948,0.2616566571270643,0.2529078679831179,0.2431504072373682,0.2517481761768938,0.25163929237966515,0.23141064164934014,0.2486916568334979,0.2162951846940133,0.24904275415615626,0.2233558663742037,0.24000105581372871,0.21205444925082756,0.24437280013791846,0.3095333724270664,0.20943987936380992,0.21442734098927121,0.29527842336289706,0.24114484337767764,0.20955146732267543,0.2019430594980834,0.22547788847248268,0.20354631132095935,0.24320040571207785,0.23174805643737106,0.24487941002568767,0.19651848178626607,0.2551108945009441,0.22712195970597646,0.24657362647769054,0.22420341332042198,0.2859464276395219,0.2283350211351009,0.2714141797245295,0.1970058817663425,0.2451640312379277,0.2619062017914359,0.25279231064752905,0.2667752973353366,0.23637341789997862,0.3093129564972582,0.2247223479683793,0.22162730859670032,0.17724511828414957,0.23991719428070532,0.2372478059938553,0.27104843090950703,0.22426500907532426,0.24138289951982822,0.2537095490479072,0.23951343458641933,0.2694318422379047,0.22242918265983821,0.22955229443200692,0.2184688674629553,0.24238715402631644,0.21181802444792916,0.35056223827731553
0.2522017853160066,0.35155381126339913,0.289047932557413,0.2628313593660476,0.2145408529066658,0.0,0.24981357021330175,0.31369598639243074,0.2268882974830731,0.28082636301531105,0.28414846742552,0.3286105999519933,0.30849493573532155,0.2093028662324053,0.25614140485230663,0.3023549244696884,0.27723000044724244,0.2082955289019415,0.3246522874928912,0.24023355968587976,0.302003769570787,0.28106833380772517,0.2148034348425934,0.22332620049262122,0.32381688265506736,0.21219017696882966,0.20438283995573847,0.24073235482303457,0.2446996458897917,0.23493632815258453,0.2765180756224515,0.373720963623186,0.2780262862339807,0.23668580290146304,0.23591076396298247,0.27214671305423244,0.2745020723383546,0.24113726017751635,0.24852519946956964,0.23226213273513543,0.2765770605865612,0.27749602385460664,0.2350039437552058,0.27983539153429404,0.25173756605282144,0.22602902730408228,0.23817127877894284,0.25947626261678797,0.23331089029330532,0.25117625587053516,0.28397980924252253,0.30037569205524894,0.2267963619205723,0.3305736697085385,0.27183800851053375,0.29311550054422025,0.25132630857544175,0.3646569424838421,0.22509002406045459,0.24260665642432452,0.31812897573780735,0.2338955190021639,0.2972851903091476,0.19345146375682268,0.2060242452513658,0.22003020324877168,0.23066799180631023,0.25687354654010675,0.20678449344411762,0.26879006033011443,0.25673506287592185,0.19891935999409086,0.23566055028584182,0.2980694053443656,0.30991615435790504,0.2181621228105459,0.26117193428670216,0.2685986071529385,0.2085783432454028,0.24591049791181968,0.3176619684256751,0.2518160655008965,0.2868029305294992,0.27636606278156906,0.24462462072314411,0.28075223628361134,0.2747238935437639,0.22914681918543223,0.27255637155174073,0.22852337117161775,0.2529794493484902,0.2749850368943091,0.2969199021087515,0.22450578506066896,0.23227655868542127,0.30359665217001836,0.23390776814225145,0.2954687851538003,0.19775833030190373,0.26061244195351174,0.21049955426793096,0.23902020728581813,0.21599634934334008,0.22725853930047724,0.25784935227837924,0.26531602716756897,0.27697785075445175,0.2750669933361205,0.23296659514712728,0.29037551059321653,0.29703525351039745,0.21663809629421246,0.3149037625712351,0.24550706652967355,0.23123097894567343,0.27195349254918133,0.27447775956118486,0.21553189892009753,0.3455058206918368,0.23600853940263344,0.21229062366140936,0.261352988152889,0.2427384754477801,0.28768454850197295,0.2202217031721869,0.29960554015644086,0.25870413108800694,0.24731722923773328,0.28451714338420614,0.21146149503247746,0.2655370494606072,0.336123000430524,0.22238504122770353,0.2520226470946038,0.2385901534626697,0.20361872890348062,0.2385023767306485,0.21116374948355657,0.22288565906135596,0.24547373547116336,0.24254447272610866,0.2827350101574598,0.26181500925734097,0.26626082534831036,0.2585577636464671,0.22998010300024702,0.3004051696052224,0.2808868209090766,0.27154172338151494,0.20702371841550754,0.2305987822658556,0.2800612962412259,0.2109357423703435,0.24293596029497638,0.32561199060804896,0.2409015953920739,0.2561997767634756,0.334344193405049,0.21299289493830498,0.27259069527989116,0.23617519914020202,0.261514652002886,0.21507871610136928,0.23706414634544357
0.26334326421334203,0.28801576604699625,0.21579531624089715,0.3034083616998084,0.2901564134992623,0.24981357021330175,0.0,0.23076648761070026,0.22618661872138984,0.24306137807415515,0.26051731733492195,0.28785481792876516,0.26062703163029377,0.2506456747879401,0.36422999260056216,0.21397418341990532,0.23014786956396666,0.2581715360376038,0.260005782317813,0.2212807805977631,0.27846244913274726,0.2728786977103807,0.33265556510297484,0.3156033411898257,0.28599978902928413,0.26211374294586176,0.22701413492068048,0.21905886267985802,0.23928183256014918,0.23014784444338612,0.28787491803649284,0.239672870406113,0.33418287463780705,0.2620936945522924,0.265956165977895,0.2625340895590215,0.33678430517913893,0.24154845755435447,0.25736865022849154,0.31304498030955874,0.3556449116390083,0.2737084221542325,0.2696330936239258,0.33391390648634106,0.2763666052884314,0.25921988981728217,0.2818388703675462,0.26502353813465124,0.36556608818814057,0.24195754652798465,0.32902917722553293,0.26395116630018983,0.23527530934362537,0.323756022609139,0.29043557178413126,0.27725374672545106,0.246161650899095,0.2515633209588306,0.2930397365578007,0.2506739999367619,0.22664418314007564,0.2149611970244733,0.23705519379351092,0.2138024245836053,0.24002872445291465,0.21243911255356426,0.28747180645985165,0.320423483508053,0.20953573557134855,0.25060257653537976,0.30171509381458406,0.2412262273562042,0.21060825441433398,0.29774686329861605,0.19970117944452112,0.24864168117259805,0.28963565176848793,0.3391424389979357,0.2262077005635114,0.21896226376363942,0.2791101285178677,0.2903746116022839,0.31050765737513064,0.21157746094746638,0.23064925445585419,0.26940188195345444,0.24930845853747893,0.2622238370350147,0.24597063590773638,0.2595001162886732,0.2904567623836448,0.37882372409282206,0.27882423369800274,0.2382075720119636,0.26671213080182715,0.3257115440347884,0.20404521444850146,0.2958190580518902,0.2250490709016092,0.2685739531062195,0.271521686826963,0.23074311863620142,0.27915126874243645,0.24895147459430475,0.2283144048706623,0.24762462736048058,0.22061971447902998,0.24698722809712728,0.32896890008561236,0.2935071383773643,0.36487254529132496,0.2513312846977757,0.2563974668770456,0.21571930603552086,0.24207938273354557,0.24294368185279233,0.2534161479360089,0.22520940562420452,0.2463182579020224,0.22423985139318858,0.24494026831295845,0.24862938351780514,0.22964200898100465,0.35964328352260794,0.23099211873417766,0.289348433254911,0.21122134934750444,0.2753532795743706,0.23264375987573763,0.2884473727078698,0.20900919640114568,0.21380802172160707,0.20665183136730353,0.24812172760845477,0.232379906031543,0.2610366093099894,0.24911709813901137,0.3124916998092412,0.24533801141231812,0.3124183209235013,0.2944807204128415,0.23216455511185302,0.30047300443290265,0.24781030588372305,0.3043983722689322,0.3014225651467406,0.304616193333728,0.28090662412304856,0.2302064818825445,0.15995230324496923,0.26931970796533466,0.29235450376460076,0.23145401843526167,0.2809197037614353,0.33298129210198835,0.3118527548906823,0.28118980649713937,0.33661330573125375,0.3105846683031148,0.25289406380382284,0.2741791677419226,0.2636003053110462,0.2552021458235562,0.2811646095219973
0.2904972791830638,0.3461473046725286,0.29120485803978596,0.2666894114894552,0.2195435468342938,0.31369598639243074,0.23076648761070026,0.0,0.2627081442696305,0.30809339254300455,0.2806412470647456,0.28242787525784996,0.3628070877225059,0.24103338350938128,0.25690780901788285,0.32106462304142996,0.30880363241015446,0.2634870866735036,0.2918971193886507,0.2849772667675837,0.3288721149748139,0.26096448870743616,0.270131928610816,0.24822025811531498,0.3453257440507466,0.2405783466757203,0.2753003322739699,0.2947089604349111,0.21140790785990932,0.24817881330867655,0.33505969626406423,0.34945263608696175,0.2546010419688105,0.2707916481927512,0.272102429967916,0.32653059063384615,0.34020799043313615,0.31173564505021484,0.26175356962123963,0.28794928543733744,0.27533122535383836,0.28222180046632867,0.27279208388970255,0.2489866780185687,0.3754958191228543,0.28143656661464217,0.2568333390947807,0.2617467504798304,0.3070285710452857,0.27859155641274663,0.2953557371416237,0.25702574744000545,0.24765756522397656,0.274184353738904,0.2748423839761383,0.29854698656587364,0.282196185082779,0.33941140512896,0.2998431338819184,0.29597137351917646,0.42672229290180147,0.22757970890969612,0.2928778443379259,0.24036337640769015,0.21768679367900765,0.25210892535248103,0.2829668686808124,0.26469710515039485,0.274465231250293,0.4145283067090084,0.26956740879538,0.25337008690215124,0.2708619255540229,0.36553990617075205,0.3636002516668057,0.25109176373867365,0.3056289984012454,0.2786621484515012,0.2830060054941348,0.2079794914245858,0.28333933059144323,0.2707332619947714,0.3159140002823682,0.35463975130044906,0.29927138777284357,0.394282797335249,0.3980994678901039,0.2789046754023062,0.3515024341147523,0.26849295352410774,0.25232145914037524,0.2519566983229048,0.29725886761408743,0.2492481592274014,0.28266404287436786,0.26515444691722956,0.2580212792174495,0.2988032943545839,0.2109842804171948,0.3255266589788766,0.24295496588566454,0.3245049610472334,0.22898102804784784,0.24114855650074282,0.31330345227953865,0.2988231616045224,0.3075639937539846,0.3397211811961025,0.2790421481771665,0.30249916135975025,0.2634183325156977,0.2645236200006851,0.32271171674519167,0.28388039223129286,0.2732679371520968,0.2946025927303353,0.31138711293544885,0.23339840839095563,0.2623784309279994,0.2489110078342133,0.2298992517784695,0.3260164001792393,0.25922083554917025,0.2913606517464223,0.22789442051877637,0.2620011496076987,0.2527799134131584,0.3090796667248985,0.29387444265076035,0.2587615521921148,0.30645271356824905,0.29960510854158495,0.2808314839078192,0.24682287481988224,0.27729324132591654,0.20706120370249825,0.26387429294111037,0.2469640408765177,0.2857647946530855,0.3052800090210026,0.24439603925658046,0.2677754777747997,0.3199235989940445,0.2967958588908024,0.305659512838797,0.257208120366868,0.3123041526637842,0.2834924289416896,0.32449467235114104,0.20563649885274227,0.2904084087326709,0.2934770941601386,0.25683545065742364,0.2677494852268025,0.3325823828213389,0.31369910300341297,0.28225249826052207,0.32290400262418056,0.2140652182987176,0.2743078256054007,0.27627482653582514,0.2763483222322873,0.24704689837319602,0.254589254557929
0.3685486138114931,0.24382796709880558,0.21468229091415506,0.214251054062793,0.2514330908456324,0.2268882974830731,0.22618661872138984,0.2627081442696305,0.0,0.2054395303479296,0.23773036664364353,0.2140559353243123,0.2539245754487,0.2997829493679554,0.23251398289475747,0.23991039753923438,0.25076628287751407,0.32774831230301454,0.22418897915019356,0.28915370447334043,0.23669890666865928,0.29348342325707505,0.2306736642197548,0.2113093915927994,0.239734213653718,0.2105388814558402,0.26740695776383183,0.2456345622608219,0.18128417369728034,0.315671360239878,0.2885884931384654,0.25910522004855757,0.21294013650593155,0.20613372726443482,0.2885421189343114,0.237145578169867,0.2564087261423207,0.3263407565758112,0.22715298142178234,0.23863576500203337,0.21368680864775538,0.31790731633445857,0.24134782863831405,0.22380861343977004,0.24711121328340743,0.2455672903988571,0.23153039063657246,0.20848658436935044,0.25519540216324244,0.2842521974159906,0.2597809652487388,0.22574969781725016,0.2816519481852288,0.2133187125777596,0.21219769975749364,0.3057891319187175,0.29113181327683996,0.2537705477259501,0.2524855123315021,0.24979788277752416,0.22959084828575338,0.25754112485678154,0.2421003251810398,0.2413295237621201,0.280354096546738,0.24100867951649352,0.2801280088484502,0.2731542940510345,0.24351027131543324,0.2859392169397399,0.32791715009458405,0.2764445751779023,0.323181693648307,0.2521628678990164,0.28291398976170884,0.2637397230200168,0.2187258168086196,0.21530541015180293,0.24570801340807308,0.22000313726735832,0.23129320930848132,0.3589637025614942,0.292537391266373,0.23730925263452535,0.2964069552967635,0.31117997162384864,0.2758806349048387,0.33199440217417836,0.26746271291186086,0.32020113399136807,0.3189377283427504,0.2925066963910541,0.2583192636413142,0.2578085775804526,0.3419048494716833,0.2295196614422958,0.24596698906965192,0.2260206885321786,0.31311081334069857,0.24608421837377067,0.26198139355584105,0.2078487131583468,0.23930518219771305,0.18713809193353861,0.3328284373595876,0.2387795345730951,0.20875081573922802,0.2448318930417504,0.23170652261414218,0.2122576815371579,0.2060346850484296,0.3205005243423521,0.2851922387363006,0.3249304669867567,0.2476942947660399,0.27497629648157174,0.2499589024906706,0.22444672091705758,0.1793129403861193,0.2895510796995309,0.27790119986004086,0.25542436623719933,0.2600731290123929,0.25884067469520317,0.3701342546352538,0.19273919358088312,0.26969395592960793,0.22099496902002158,0.18853562301962531,0.26198238141302005,0.34701558966872703,0.2673152642213825,0.26836654628074036,0.34618879869639335,0.22833546636728405,0.23532959742139886,0.2384683109636726,0.24075630152537172,0.23717980841958328,0.2974236871920563,0.2103455439394919,0.2601384735203921,0.32519681202933837,0.32514694094285024,0.25405441158180286,0.27142400315054555,0.3377734292001305,0.2185180062194777,0.23717368275761588,0.19216394685453722,0.3075168743857361,0.24887104138333752,0.2664411395627921,0.21451917608672025,0.22063159532016907,0.29481776199046367,0.25239040714073224,0.2298772084721585,0.24956487713772876,0.2691163706729768,0.20077394048858827,0.3163023491097075,0.278164243373746,0.3237384403998038
0.23951347734103168,0.37071626069584457,0.34985617628587706,0.2356762874535787,0.22218721882765893,0.28082636301531105,0.24306137807415515,0.30809339254300455,0.2054395303479296,0.0,0.2534405569464327,0.26346700476794593,0.2775290507778139,0.22874259492875415,0.2316936679095881,0.2549955480184769,0.2524230177699289,0.24537760158831026,0.25434585139470745,0.2168741756818913,0.25483640564149007,0.25881317934003634,0.28181753540830445,0.2210333338589543,0.3514477517301472,0.20337190303036531,0.2259684817187951,0.24781519450270023,0.3230574114313285,0.2119213236609252,0.25652531523682476,0.28627107691611253,0.21082992657443936,0.22230998043852818,0.23493332069117176,0.26022133168787664,0.2714349688146502,0.23509082382144672,0.21474500110668937,0.25206417543005405,0.22780071125892873,0.26065751493723094,0.2179325424470381,0.21569385552475812,0.25258393621745884,0.22490339978879426,0.22686891840517046,0.24965818306330764,0.29630392925288357,0.2115211303580066,0.24695279523520297,0.21326014013338537,0.2131489965084978,0.2607514705878907,0.29301491737343044,0.27082104817334185,0.2220884135654512,0.23983425795826732,0.27376709182647074,0.2349281106197009,0.27987944782413043,0.19352664801476444,0.21743055238975667,0.20507982099539343,0.19729800056907942,0.20154699950425942,0.22748882273937832,0.23860027610594625,0.2359346210128683,0.29035546081382946,0.2184791150089324,0.22736722888092425,0.20939228500869447,0.2860072919435848,0.251571086287989,0.22523593056417698,0.23542321071686395,0.2805568298501581,0.20341813073922918,0.20436330189961308,0.26978630183575947,0.22698281970352108,0.28504925883713095,0.26392016352452446,0.22892546285041326,0.27440430346340006,0.24954120463970522,0.23366388756775489,0.27112170394010543,0.2154680732222926,0.22164884198843915,0.22295670661215175,0.2713537553164388,0.20177566561331814,0.2447650985818062,0.27920506646721055,0.1828000117457905,0.24683418854968506,0.19574038368262112,0.2622953049800096,0.2186911479052478,0.2322031857362298,0.19981457290834054,0.28033929588913625,0.22109338077300475,0.22731030671149183,0.23070267172739783,0.3244390496905356,0.24289089526172097,0.2810619474055097,0.22998070689167588,0.21236422078185768,0.266894960477242,0.23889267286576762,0.22189245154020068,0.24818849852311056,0.2590916783566907,0.28268592711734886,0.2701160019494364,0.23185199032490544,0.19982427939337102,0.22864329034169786,0.21222607349425476,0.2647369172090622,0.20188566870087044,0.30825169939725006,0.2221296225215773,0.22634168148723696,0.3104515974241139,0.23128822507207852,0.2670869168102866,0.23471611829831496,0.21754992239975102,0.20761775788306824,0.2296358736074638,0.19319142315353033,0.22495096684132357,0.22862878315607538,0.25808086371188216,0.24645777144744258,0.22532089596935231,0.24970643572924603,0.2642129475174541,0.22979034126291803,0.2505808264219105,0.2264892452109554,0.2282109991419804,0.28187983495912966,0.3909765171128078,0.19541397926532209,0.21041844962514497,0.27817359943688263,0.2110831236525091,0.27052990567035473,0.27207055020383164,0.24703428755755488,0.2357264102741733,0.294773554292291,0.20951411535083334,0.2510115247848068,0.30041072058179347,0.2509334063440056,0.2284990457603011,0.2206915154680207
0.2944238618615341,0.3098009640083136,0.3255558850495367,0.25507364886675643,0.29884468598157604,0.28414846742552,0.26051731733492195,0.2806412470647456,0.23773036664364353,0.2534405569464327,0.0,0.30442826833261144,0.31111143826205323,0.24738251608041315,0.25932015998757135,0.3529846860234992,0.32819410589504633,0.29580295783900373,0.30004595683792745,0.2512953844876474,0.3242080258880995,0.3781903389635667,0.2736578083125129,0.26875309220967114,0.31907378288125027,0.2581668033153365,0.26502868872193086,0.2913009744587672,0.26368871653623854,0.2766397315258278,0.25701403835785347,0.30177146540527144,0.24531009276425272,0.22563129273455837,0.2670710088077392,0.32656555028342443,0.32852384757655706,0.30457371489882673,0.2940396355159796,0.27547688367023576,0.28043765736575105,0.29723008309993937,0.26956651682041405,0.28717093441520264,0.27037723727636265,0.23660725456683687,0.21689623182222945,0.3619726591815968,0.3160311785677406,0.2620632567476041,0.31521530972952794,0.24282201970903713,0.2228163154113998,0.3417861486622659,0.34035489330553087,0.21422646107075863,0.2767743703844413,0.3851271824493192,0.277138697680016,0.2623967279007904,0.28069298735202874,0.19125378478870236,0.2997524622055052,0.23774277632864188,0.20024153972146919,0.21683670169648817,0.24634111811304613,0.25410475789627646,0.30196619197219177,0.3175015515120611,0.2644307228194222,0.22016710315471752,0.26070397754229624,0.33152055476988146,0.32231087885310644,0.21486865101159736,0.2956720057044709,0.29197308045364395,0.22445658294328413,0.19377243851115694,0.25498115490997325,0.24219642458865592,0.27589826651310034,0.2696080230695945,0.23600300693706497,0.2803060699290887,0.26854219465917206,0.23989577663507688,0.22789229297579283,0.21893779244029596,0.36278243506800967,0.2126783179764855,0.35886833825315656,0.2324163648301173,0.25136092877353317,0.26389845419787294,0.20492572841222975,0.2144251799979297,0.1979654072372651,0.23500106143048327,0.2348722246555517,0.2555462852950679,0.21644570994070275,0.21562522817080318,0.2660769480503356,0.23081008226969293,0.23796523775901818,0.28686331379686986,0.2528580977617338,0.3171324400472904,0.32114106037829776,0.24691581491072906,0.2585193598243699,0.26007475569782995,0.2518443377343134,0.27597740263274767,0.2367629211683027,0.27240371956794657,0.28239474680008986,0.23422174593083359,0.25580856918694966,0.21843625944544512,0.23293776706989883,0.29535286043045383,0.2080392553566817,0.2961298532844792,0.19913400608820978,0.275587411450496,0.26778381646733357,0.24320945357433071,0.23336410581134148,0.2897489581427005,0.22925063279681768,0.25444453433810343,0.302591262967259,0.20993328857902394,0.2398663421146356,0.24805673942390202,0.2917133422512244,0.2788431910312822,0.2441383301850055,0.27846434729666825,0.24388224585064555,0.2798735184883945,0.3233651638674413,0.22643948956972124,0.27470617330884745,0.24528862095898685,0.26633164604628456,0.22073887402160583,0.2777401743557037,0.2570233042105565,0.34556529643269107,0.2569426327709729,0.27934424812187497,0.2664982108227612,0.2901676349070647,0.2770006572727305,0.21898428544748882,0.24120210895486627,0.23033144969734493,0.25139104219087044,0.19904083036140194,0.3466753988377287
0.24773378834921478,0.3231260740803678,0.2749688981448804,0.24683906650362403,0.21758985108062112,0.3286105999519933,0.28785481792876516,0.28242787525784996,0.2140559353243123,0.26346700476794593,0.30442826833261144,0.0,0.24046178287358372,0.18175603275763255,0.25333986297803696,0.2638536094907271,0.2450422754123437,0.21164120790261282,0.35114386431416483,0.2363923734623569,0.3259921374514916,0.2688899588053981,0.24180952213037546,0.2666802835519575,0.35684258487300174,0.22849608398128013,0.20610079465431305,0.21330264259320597,0.2481319981784671,0.24079908825062504,0.2882384791741139,0.27761760673549224,0.2639274726750118,0.25846517756135373,0.23224738969506845,0.2929828425987499,0.29952443792897687,0.24279527622501437,0.3018390103963347,0.24769662413765473,0.30649223074598997,0.24400029325026953,0.2604188790382192,0.30557600396953216,0.2698817416270937,0.23903570994287535,0.26198506594988646,0.3197443677166679,0.2708706490650835,0.24276897351367094,0.30192966403759725,0.283602651921151,0.2023096614769007,0.35244762405526087,0.35361922175033395,0.23881137532163987,0.2647518106554778,0.33827123412901394,0.22312261697812655,0.23841275940318904,0.24076264875847703,0.19151471118416802,0.266053848895183,0.20456876559122897,0.19953687795108388,0.2179192504101769,0.2169779376526719,0.23548971176473546,0.2031111262010884,0.2392938705746751,0.2434741024119114,0.1981202112083659,0.20817316453197468,0.2635582260394264,0.23996759523708086,0.21542467045245534,0.24403646689183192,0.2753738174672572,0.22145969852613312,0.18864045138110536,0.24267545927746043,0.24850006890647164,0.27482509037013136,0.21810492403407558,0.23856274719572224,0.2794247165263751,0.241154098928206,0.22363518703770613,0.24827620835692446,0.23355338244881438,0.2604061706448554,0.26545924602947235,0.27762109842769567,0.23730826152499956,0.21442860490533328,0.3770757599065202,0.2058428229509549,0.2879299622178557,0.18300804290869185,0.23156649360504733,0.20764175813339228,0.23989358291463123,0.2514826080021589,0.3197962331053312,0.2312927912612417,0.24250926964179162,0.2539979262428411,0.24850421775609258,0.24595988240599628,0.33796539150012367,0.39572641534483954,0.24522999652621338,0.23974577188161603,0.21245257925154026,0.23275826654653514,0.238808851439927,0.24666816600610703,0.27815660002499126,0.30235581806982453,0.19645988496438135,0.20836989825384816,0.2309970162299646,0.22780239269793753,0.2795427347965181,0.1878701081981688,0.3708298353993858,0.19358210203337775,0.2761311463398182,0.32253391035424217,0.21785979611852804,0.21065652042527663,0.23476216584763818,0.18986266059532064,0.23435715209851818,0.27503909558281714,0.1935107478721446,0.2705599557600493,0.23584981667008728,0.24185171538562292,0.2769659504330794,0.22832577208093185,0.23235031585248136,0.2505667001383277,0.248180353340746,0.2942732706085755,0.2833706178958376,0.31521100077697695,0.2325234677673123,0.32505222908696285,0.18872048713185713,0.2669769836160354,0.2623596741974398,0.23538481281586066,0.26250284149746667,0.3778782386753023,0.24084437272993373,0.24083064007220778,0.3046460313064948,0.20742960186798734,0.22139092003739735,0.20053659583264968,0.23230633872567544,0.1981628958375636,0.24746563298495577
