0,1,2,3,4,5,6,7,8,9,10,11,12,13,14,15,16,17,18,19,20,21,22,23,24,25,26,27,28,29,30,31,32,33,34,35,36,37,38,39,40,41,42,43,44,45,46,47,48,49,50,51,52,53,54,55,56,57,58,59,60,61,62,63,64,65,66,67,68,69,70,71,72,73,74,75,76,77,78,79,80,81,82,83,84,85,86,87,88,89,90,91,92,93,94,95,96,97,98,99,100,101,102,103,104,105,106,107,108,109,110,111,112,113,114,115,116,117,118,119,120,121,122,123,124,125,126,127,128,129,130,131,132,133,134,135,136,137,138,139,140,141,142,143,144,145,146,147,148,149,150,151,152,153,154,155,156,157,158,159,160,161,162,163
0.0,0.6175913315264718,0.5371405675420229,0.5284568185382509,0.5287120493363656,0.5755973571382721,0.5782165040028585,0.6201191744175674,0.6801313485950158,0.5372652053755396,0.5956289380059023,0.528289642903147,0.673621939173329,0.6115696507604897,0.6141168010774719,0.5988087071138627,0.6316683028948397,0.7333163509872299,0.5621663912272281,0.6845108835985892,0.5969663466145357,0.5977550144646646,0.5858795428864215,0.5624968168322027,0.6298693213994299,0.5519544832266224,0.52957054441043,0.6128419318668017,0.5066000015272948,0.5701785181098976,0.6259616391523651,0.64175353617316,0.5476925233677957,0.5591972318010376,0.6811764354359684,0.5718497884010502,0.636558036821131,0.6477563501692188,0.5321735012959253,0.6401009265995955,0.5845696073439565,0.6076686620158823,0.6420739178394934,0.5873774407322846,0.6319458425330571,0.6287778420054745,0.5758643557767246,0.5690022859926576,0.6599598529663327,0.6465950532955974,0.6610771238253612,0.6017231016353037,0.5665660371126914,0.540395449384747,0.5712930464176441,0.6178015539579809,0.6851270703686962,0.579890907786631,0.6437060591241541,0.6173803731042221,0.5821403274870276,0.5461036775500477,0.6422329370704928,0.5421172828564839,0.6074413773958771,0.5942953249922995,0.5920169699280526,0.6162777366592901,0.5833341080329728,0.6582756742406969,0.7018931281633171,0.6116031659835152,0.6107731901924809,0.6428025020966738,0.617393064555606,0.5943585652721758,0.5634211495459428,0.5339031293093118,0.6225168323630325,0.5336032664163491,0.5998496824978045,0.6327673075688856,0.6326453325091472,0.6119946299788548,0.634711521163671,0.6890652234447682,0.6198004739475044,0.6358551089288439,0.6161323470442983,0.5681925075148838,0.6376940884201132,0.589038959148818,0.6401424375964581,0.6194376600758764,0.6636791484264418,0.5380152116223714,0.5125567391196547,0.5699109931517894,0.5433833547841613,0.6154870273721809,0.5655136365436086,0.5606909103763821,0.5360456314716245,0.49428119600030973,0.6800393727725403,0.6181696442365333,0.5587893243069746,0.6128558184598732,0.622398514679614,0.5773082825375219,0.5511140612313132,0.6092816521917216,0.6456636211951482,0.550790907853377,0.6539420321220005,0.6415037771606124,0.6593465446305518,0.5575831880526696,0.5343431130516063,0.5427411856515375,0.6070332829691957,0.556209580923015,0.6482090752118905,0.6559372826903175,0.6409779731073555,0.5500497062707068,0.5533432744693061,0.546146084550993,0.5583373278380453,0.6106909086363799,0.5925825461266226,0.5838106198362191,0.5762857042394943,0.5965784701168494,0.5527898798125865,0.5918285424595036,0.6101293999699966,0.6275808911209662,0.6013064009813213,0.6248650576212649,0.5358351743844623,0.5855131719003388,0.6484384513368607,0.5823864442982426,0.5904122573218263,0.5872445869578994,0.6138463669825769,0.556471737943839,0.600400294793331,0.4566619305576522,0.6635823721459042,0.6144076135078177,0.5393555922567991,0.5425196166267275,0.5802537939831485,0.6507258844835632,0.6143966067759324,0.5808303294127691,0.5775058071403957,0.6185102956740166,0.5455618120624381,0.6814806550512738,0.5384920602349034,0.6643886681448931
0.6175913315264718,0.0,0.6236195109584081,0.5679791866372353,0.4966692706703666,0.660415399108963,0.56877416438622,0.6866436915556171,0.5791579324496533,0.5986872551603768,0.604197388839431,0.632880532990632,0.6312936985309471,0.5630336719491622,0.6090938371658209,0.5951523399611813,0.6368186716275182,0.5710373611044736,0.6311216075316104,0.6317590196219401,0.6464928928894567,0.6556237125083189,0.5520641364072699,0.6102582550128999,0.6299143357234538,0.5182201314221252,0.5069201629406299,0.6033163583625315,0.5773770725592816,0.5123996235812132,0.622472281299859,0.6300652749535862,0.6096615283873633,0.5892977053429141,0.6084422273891468,0.6369115972479166,0.5696384545595595,0.5852389854854912,0.5989547995038639,0.6366748451449229,0.6633952021648939,0.5883754729329231,0.5578331726201221,0.585312219650656,0.6773775300849544,0.5904312007137251,0.5354782786837866,0.5685729124555365,0.592170222104298,0.6086729352462195,0.6288823190304695,0.6064876086861152,0.556086297076925,0.6573292341187501,0.6306531841031868,0.6005546227946548,0.6217425150237139,0.6043801062526206,0.6022339184472165,0.6279094008646554,0.66287211439351,0.5144245773774231,0.5953619346182835,0.5333626736552747,0.5445099643669089,0.5504213774789215,0.5784251317077135,0.5310000745244536,0.5121494456303358,0.5889545438244875,0.6013311131246738,0.5352906923250548,0.555776739560924,0.6521277470107928,0.6425161893427146,0.5159194453041889,0.5617646527144792,0.5276293257526891,0.5734694808661885,0.4881822699413071,0.5830086329895321,0.6042986429793278,0.605968319997039,0.5884755833321125,0.5826429884236601,0.6958047857944916,0.5666669613229026,0.5328996160138395,0.5726189118601895,0.5831181637247573,0.5568474957862185,0.599716818004054,0.6333005529566204,0.579508754780443,0.5982148852963628,0.5648497569746942,0.5560561991766575,0.6148615412850797,0.5009170250475917,0.6231208700196438,0.5407081518876529,0.5597455206553891,0.5032409213027875,0.526090579346287,0.6054441355988209,0.5865893569177736,0.5957640520371796,0.6192547253145226,0.6111970877474204,0.6490980018997241,0.59655508838548,0.5504341625442101,0.6025479652783053,0.5205852873177983,0.5842256745801488,0.6272144808314265,0.6140952375977129,0.5387188715803201,0.5965081319417785,0.5084682969922834,0.5420143014379887,0.5237519191816471,0.6057513776188954,0.6256369422383867,0.5431570942246332,0.6185859849159348,0.5495363443662027,0.5896712110297695,0.6844359561460799,0.548706944185762,0.568909477519748,0.5923977150148967,0.513567920356918,0.5875708918472541,0.6067027770312734,0.5244559396048615,0.5669526718281986,0.5794191393622224,0.6149832532840774,0.5887018650116209,0.5257382852520243,0.5755948266849263,0.6588911265227672,0.6014283044538707,0.5770836775404101,0.5242199635177514,0.6385073214184033,0.5619312198318313,0.6426073892879619,0.4841199748496664,0.5973307298465299,0.5864454373168031,0.564404485214739,0.5835967109774411,0.6249379666467402,0.5999740049721267,0.592356019191266,0.5994319792354786,0.5460455729820162,0.5374320687358286,0.5233842986613779,0.5740098146445378,0.5099261704534854,0.5777007739520765
0.5371405675420229,0.6236195109584081,0.0,0.5036550428008212,0.5285443904205939,0.6092460229057084,0.5162649599468887,0.5955974594034957,0.5057840052590088,0.5886946672947156,0.6169818980235608,0.5772126202974696,0.6001074609312395,0.4969407800532453,0.5262404662355641,0.6448178824417957,0.647729657110914,0.530626641827937,0.545039363298146,0.5420272996192993,0.6414038163450153,0.6840348511092817,0.508328879051154,0.5626604682832567,0.5700834075139968,0.5077982534173152,0.4802034350560071,0.5440127226625412,0.5529802987121264,0.5167225309544261,0.5050332364877689,0.5917289334855059,0.509141733081466,0.5003947983934579,0.49717678753581884,0.5459127781528874,0.5341690684020052,0.536673869041975,0.5358419761634042,0.5769128433360434,0.5549881595152996,0.5942273726378869,0.5434784879187207,0.5258053923351739,0.5628690415606851,0.5279815624515363,0.5237046627721348,0.5652204697434037,0.5385765552893533,0.5540457104865595,0.5736341658329108,0.5526972606317714,0.48679310478298704,0.5792882530238629,0.5672076403598266,0.5301233798930421,0.551914537695208,0.6171372189156042,0.544205126152031,0.5312584348778182,0.5796014020680313,0.47332817012590506,0.5739357499081782,0.4910767931399876,0.48764383914823184,0.5005722453322163,0.514227704001463,0.5302067529478967,0.5258722942011617,0.5590816108030466,0.5505280767558455,0.46693477099857195,0.511439363073587,0.6306712512565872,0.6022126644782878,0.4479988451331769,0.5714515101782242,0.532928263068816,0.5020419217427385,0.4672562933228207,0.5561624117231775,0.523290570469883,0.5788944702182945,0.5294091794233886,0.527452455427726,0.5795788884031192,0.521468893339888,0.483902805721974,0.4965783919933124,0.5007989190773476,0.5455257808440575,0.48990464596128214,0.5800967064093865,0.4914137675903686,0.5360268310391365,0.5132187648654563,0.4885324397311276,0.5215850532730006,0.44518626537943956,0.5184049657846725,0.46287308518521425,0.5579061783803818,0.458266816566923,0.4826031069232278,0.5180396137615015,0.5667567588055367,0.5695929451314914,0.5854682223430535,0.5488003502390429,0.6106760595390286,0.5444728507485037,0.5038544587525501,0.5367232810089831,0.49720121854613436,0.5003492533783412,0.5745810521648973,0.5161360378505269,0.5401838103230818,0.5975456073282388,0.4596472864130399,0.5161767252946937,0.4812351839526189,0.527859976690609,0.5597372842720005,0.46665515105986566,0.556370437084483,0.506633461063304,0.5495278468645319,0.5950351282966556,0.5035312702796565,0.5295547911729389,0.6408187288227972,0.4646013798240567,0.49530751160447617,0.5460430890289648,0.47759864014923464,0.5143442305047343,0.5005671404075028,0.566021348533932,0.5289582994115463,0.4584976407621632,0.545434227778086,0.545258240125551,0.552240966600567,0.5365699809027548,0.48336613293713676,0.5807935151338453,0.5395207866310551,0.6001427105692334,0.46827851577181034,0.49736024994579253,0.5045813270720066,0.5449870969490703,0.6050870044008231,0.5695593684641038,0.5343461410873379,0.5453416691198962,0.5817215571318496,0.45704586899883687,0.5025024291841002,0.49345400305269715,0.4843618477399516,0.4769055223542515,0.5370189183432519
0.5284568185382509,0.5679791866372353,0.5036550428008212,0.0,0.4755588800325901,0.5623259083820441,0.5997584220668335,0.5652378671813649,0.4958830838445149,0.4991564058859687,0.5551169552696397,0.5832003173055679,0.5102550604393782,0.48546567558816217,0.543683233930672,0.48972798071509743,0.5370251972725741,0.4979014690701537,0.5801738763164578,0.48305920024883153,0.5725279430450709,0.5262719206907422,0.5486545555938486,0.5367274504531488,0.5607412235969728,0.5279277885824748,0.47770653663217094,0.5571765106595947,0.4826603292624821,0.4510777695680207,0.5297638368601102,0.5055198199731323,0.6706272625527084,0.578068956779953,0.5438236431409287,0.5606970482459457,0.5100536599466119,0.5012220936866767,0.512182046830569,0.5792616279317444,0.6082105757008535,0.5444709498823702,0.48935800864461715,0.5777186694456845,0.550034699687394,0.49538703954190483,0.4556854756999049,0.5045174344590152,0.5393876789456743,0.5002739759417774,0.5896485300718056,0.6006957404875158,0.46511909823390335,0.6299648559214195,0.5625650182610861,0.5185024081310653,0.5233415945759693,0.5805109283976733,0.5175167530673452,0.5074982039335505,0.5510709484814951,0.44628738181734984,0.5433733629670217,0.45597068472725155,0.47226097135245165,0.47288020915188844,0.5370303333539701,0.4706539744712682,0.4558739615046832,0.5448222961651363,0.516199978582211,0.4623830624221255,0.5468906940692179,0.5794171634871546,0.5193422185176901,0.4471486940353856,0.5174121479191647,0.49690515165559235,0.512122754403388,0.4469932304330203,0.5011367244037352,0.5821578036465345,0.49889976215599563,0.4977018840935666,0.5568706831999544,0.5515316461415015,0.5324385497196344,0.4863050661226203,0.49379369632904835,0.5031765144577139,0.5664674635384515,0.5928441819879189,0.5231354718556404,0.48660920425705667,0.5658935668084248,0.5239991141043069,0.4624135369759252,0.6063416433983817,0.4644695982468431,0.5721793263035266,0.46900748062663694,0.4996196320229513,0.5808653951504318,0.5311558005956785,0.5339001194553175,0.4913554415120633,0.5032915651730645,0.5560130481779285,0.5121109878931577,0.527549709063245,0.6423324066423484,0.531979386545571,0.5765361845734233,0.4828157248369409,0.5203068990899237,0.5595300032525478,0.5306010030353207,0.45085700707696547,0.6357464654297589,0.5041221638016482,0.4707777400939808,0.5461080129536353,0.5362099839382324,0.5529872982137809,0.48224774948875737,0.5284029598214799,0.5082073715590216,0.48754870954252877,0.5797268233289632,0.465256262793673,0.4726573946006335,0.4952093318606816,0.46213822711810665,0.5730517277803073,0.5000606129386107,0.43118994953427153,0.4461421308431082,0.5304845869512992,0.5226400296354008,0.5101292569585891,0.5304954312438167,0.4740593205793572,0.5901584422725635,0.5464959496208014,0.5110364458303229,0.5303402477071667,0.5336728863000515,0.47112965108783544,0.5041995041046727,0.4174695964565902,0.5816496457456647,0.5140070890282952,0.49419505329245916,0.4745895637301197,0.6231733649201355,0.5142302306689395,0.49958858596086153,0.5657280155908806,0.5961727070668055,0.5202255481260594,0.4655628533241582,0.5239254699706556,0.47986272112239464,0.5574752575449192
0.5287120493363656,0.4966692706703666,0.5285443904205939,0.4755588800325901,0.0,0.48134234308773743,0.5683237691215038,0.4819734277013518,0.5092237591402772,0.4695802016697234,0.5855260104975061,0.5307854172428433,0.5001858418193877,0.47414845423268764,0.5370296794193687,0.5580131495403925,0.5308504118387293,0.5095338446099668,0.47242116333116446,0.4814013551713765,0.5457811229662299,0.5611749974708928,0.5343785372473578,0.5328231335332828,0.5162954366170783,0.5525975962788889,0.4770112438757218,0.46466454769766385,0.4894602527371272,0.5670003939321884,0.5052833064745538,0.5035169021191578,0.48227937557551015,0.472899123424041,0.513877378388314,0.5154594519386573,0.5404913868404755,0.5286958593098307,0.5242307901076413,0.5405459060258346,0.5214096310873961,0.550526640522214,0.5512683835823291,0.569127817949456,0.4934664013177202,0.4753398580362021,0.529596358909888,0.5700930831173642,0.5580525794179421,0.5223532663041528,0.5495117289038524,0.5099321335291825,0.428518755977032,0.4900177851690982,0.5319217453855218,0.49518695386467265,0.5099528958596166,0.5906109679454783,0.48338118485826453,0.48073947320678556,0.4458547540717251,0.45236686034359014,0.5071864970604023,0.48130019983591193,0.46185515152049644,0.4357855355780717,0.4751667941121002,0.536202392800677,0.4932888681071402,0.5142317309096908,0.5414317380960649,0.47631522202938287,0.47553693566290545,0.5272919746919157,0.4717436760991079,0.42995022445136394,0.5245520878596278,0.6070330895175756,0.4749386595709551,0.4729186590580786,0.4756333268051925,0.5088124807540924,0.5693858042234649,0.46082763609261873,0.5075143595834678,0.5185574399801195,0.4898849035857793,0.48850657784631424,0.44807774039574955,0.4807682014785548,0.6368514484525107,0.4927632651062967,0.5751976015236663,0.4442477439610108,0.5183859454521849,0.5076840757798865,0.41028123550962264,0.47748168593922485,0.48000641119193665,0.4565896807325746,0.47034694479585937,0.4878482705667527,0.48127381876582276,0.4583475544194363,0.4890887563213071,0.5118980202350718,0.45952316924773323,0.5098551747894583,0.5059496332831963,0.5140643255932359,0.5231599832079806,0.5421249805893597,0.4760275481021702,0.4775550483389711,0.47568109812361337,0.5229725670515578,0.4590750395144615,0.5310112487034766,0.4940094673426235,0.4662004492787342,0.6038204890946238,0.4819365653693841,0.4946898027878794,0.5493935240868392,0.4875705674462018,0.5002371780544393,0.4609741677361717,0.5311970372463718,0.4861995905393216,0.49812448094717793,0.47628312294408326,0.5143994298663772,0.4522633758929452,0.5048010781191833,0.47778681687442565,0.4758367952976771,0.5034672695124767,0.5513361331487707,0.5130249081613374,0.5338976377650151,0.43382452554346745,0.5149496541479597,0.5004812318496766,0.5116236967340754,0.5473950777060197,0.5243099795912851,0.5938192254659099,0.47004884693615084,0.5040831205630427,0.42909824822691917,0.5025939237074423,0.47040400132933674,0.49134777107535194,0.5277192238974576,0.5257583761784508,0.5020911248301743,0.4851961019545452,0.5388913217307563,0.4742816372315363,0.508494492165907,0.43504958103052616,0.490958270351429,0.46932029516000967,0.6011916382179735
0.5755973571382721,0.660415399108963,0.6092460229057084,0.5623259083820441,0.48134234308773743,0.0,0.5299678612963274,0.6256602179481131,0.520158827338368,0.5603608468687126,0.5752116138087295,0.6008408205003272,0.6065873584459969,0.5050378985721818,0.5262280894465027,0.5866226476059948,0.6206367010152671,0.5191825049385506,0.5992617807139795,0.5398540643011341,0.6216370446350418,0.5690047734530033,0.5014499773147898,0.5430638269759815,0.5963126708428181,0.5138957326825091,0.45775937242808523,0.572182871761842,0.5355333445776411,0.5035464728096416,0.5452960355311777,0.612557877315602,0.5826951868285937,0.5578616094144088,0.53320902699724,0.5564042490076667,0.5495491917933638,0.5322972577415626,0.5193067639191733,0.5594145751729047,0.5913123000946138,0.5800691654691601,0.5274133049978168,0.5763088387476597,0.5752594884951632,0.5428005600158551,0.5294468091410633,0.5576716244709446,0.5304482396743472,0.5350970293816021,0.600038908718355,0.6540775949186716,0.5122981874315978,0.6090071634508999,0.5696774415153244,0.5925235715250865,0.5653738637638391,0.6280922337756638,0.5203355226527749,0.5439038338592573,0.6256461196353742,0.5020972017343365,0.6323816702286424,0.467744549205236,0.49371359678462645,0.5256687337259114,0.523682888344345,0.5234421985893776,0.4788632243730535,0.5678287496058706,0.5646974910866452,0.4759209957055339,0.5380748230306394,0.6097233635151198,0.6185487002326612,0.49519386890521633,0.5364171666170315,0.5177809122407888,0.5410209608030913,0.5186950664573289,0.6233564118844367,0.5497468135631375,0.582528893362965,0.5776680972532338,0.5579138070172847,0.6057763691105015,0.5635788238027875,0.4900118632273622,0.5464220020863104,0.5268023917093047,0.5455399965792228,0.5529520104673669,0.5643655091606632,0.5409757423241024,0.5456573640028146,0.550434805155272,0.5108727877560059,0.6062058880755317,0.465171828749909,0.5838626125568802,0.48291714252536344,0.5290854691701721,0.49373594537928855,0.5120263559915691,0.5583288122345043,0.5669093241791278,0.5680189440505049,0.5953398515076805,0.5495638901850426,0.6068474033927296,0.5870690232510798,0.506282881758909,0.622245948789237,0.4905273156619893,0.5582061604232524,0.6157218469106658,0.6054294065841351,0.4820998626385247,0.6585339507635963,0.49768773058453164,0.4902777225349554,0.5223255729736661,0.5870611782160449,0.6088904545504794,0.49608332020471674,0.5912789300776704,0.5296866405214453,0.5367364581319432,0.6440381378136137,0.4865290188406794,0.5449430351547075,0.6000746502546042,0.4859654468525662,0.5427233855447908,0.5218237972593095,0.4767650095459813,0.5286331751185078,0.5061511415452513,0.5104566845228915,0.5248923666564481,0.5150053411725435,0.541339429372628,0.5766694875344136,0.5371055214149251,0.5337413200853774,0.5024083062559247,0.5763029658853263,0.5452318061793859,0.5778087376794364,0.46715377184045037,0.546546533801559,0.5579122866570735,0.4953104262870173,0.5143722555980742,0.6169469024101051,0.5384842664734231,0.5396584001104376,0.636402852281132,0.5064611441501113,0.5422001358469823,0.5103983394137848,0.5494079418105801,0.48095049493219677,0.5439762035905522
0.5782165040028585,0.56877416438622,0.5162649599468887,0.5997584220668335,0.5683237691215038,0.5299678612963274,0.0,0.5527138035950558,0.5280791042506701,0.5499525330672848,0.5841909178326633,0.6030975936433977,0.5524926857618997,0.5178562063798231,0.629042034170739,0.5424066453694112,0.5400341062563159,0.5456411917163573,0.5316981492142864,0.5078429964888171,0.5711442979423913,0.5454913885073077,0.6680061778218532,0.5839198318313925,0.6372402219207102,0.6087061346351021,0.5201536788586121,0.5234080033919845,0.5295184766628949,0.5210468825540823,0.6076832024966731,0.561012513277093,0.5979722389760828,0.6038276331471959,0.5846345762969816,0.5728475662081614,0.6247830252759708,0.5394313977350834,0.5527415254236012,0.6410521325404013,0.5860363528011631,0.5622491797030041,0.5808435827295245,0.6564966026054633,0.5953783596236939,0.5384552659220816,0.5402646618518916,0.5903264751116427,0.6908008372753914,0.5291299925549191,0.6311580365756849,0.5535422873550101,0.4545533975281831,0.5593987115045413,0.6270304105669483,0.5687688907570103,0.5398460182487795,0.587055799310874,0.5650266451403237,0.5267585316684956,0.5096967075332632,0.47508007242751255,0.524862069571019,0.4943567812836686,0.49245607647537143,0.4814737433694466,0.5743055583599075,0.5725565271727199,0.497480556455795,0.5723616956605759,0.5757963286379335,0.5231785547473012,0.5235148697807661,0.5941292064189571,0.48965266278026554,0.5018857534418796,0.5752080756373418,0.6244808223262974,0.5379858621035792,0.4988778633378948,0.5155113071193629,0.5692030630469174,0.5949572915704667,0.5017560448122622,0.563601596112101,0.565269553755462,0.5610063222429553,0.5618369133134397,0.5305162144062633,0.5469547456473672,0.6276331165580512,0.6288735033197402,0.5971810825012063,0.4927976534357539,0.5754838560539502,0.6051841583913682,0.43826049717989873,0.593226605400095,0.5032519485146101,0.5687913650734961,0.5351821909966863,0.5464051647198302,0.6140570526174859,0.5541351859086212,0.5378512715587489,0.5424931908016473,0.503223833666337,0.5756817544764334,0.5811525683106575,0.5780546871298705,0.6389731561171575,0.5768170724574,0.5640590970003198,0.5050848161955213,0.5337626671159625,0.5522370007647491,0.5393536149875829,0.5480516817399299,0.5618484025539859,0.512188769188522,0.5420320695130157,0.556368578763947,0.5459704571425971,0.646686048170526,0.5215546596595995,0.5936050928769752,0.4985258018906476,0.5639580221678507,0.5643514629858912,0.5384615408319744,0.4967895608284424,0.4966085862076736,0.49473863921200356,0.5378476735554834,0.5121452800991495,0.4816773913475802,0.5266349490117624,0.6402810243373638,0.581349303495697,0.5903244681167108,0.528975878337082,0.524535708236592,0.5858898655346156,0.5429693106238783,0.6013869401549833,0.6428611849556441,0.5762971138643666,0.5200916379316661,0.5618421667565325,0.418136947728456,0.6028111093101023,0.539515362946677,0.48172202938613307,0.5635105432467111,0.647401021075223,0.580733543797288,0.5330459972820883,0.6291593134695608,0.6086873783673034,0.5845840172382553,0.49842039080046324,0.5651709623513294,0.5219231086251346,0.5950183876974066
0.6201191744175674,0.6866436915556171,0.5955974594034957,0.5652378671813649,0.4819734277013518,0.6256602179481131,0.5527138035950558,0.0,0.617746601334075,0.6127511468270179,0.5842375484713481,0.5944146523223349,0.6620068034779181,0.5757439523852272,0.5732335514272789,0.619385565096047,0.6374585153210909,0.5994922208659107,0.5890472438007384,0.6199581490538854,0.622697736034661,0.5949231369009009,0.5821460225640404,0.5493485316399729,0.6620185730565273,0.5468612962209067,0.5513295468873809,0.624797738829342,0.5349697816479199,0.5384501691765484,0.6277194445669732,0.6541953711891167,0.5724194801419782,0.6060902582758773,0.5830538943753995,0.6193190277210786,0.6002558230198921,0.6331879796298248,0.5666048577875294,0.6238960524997583,0.6103452993759961,0.6062551454331742,0.5868004356195513,0.5508014618584353,0.7210705873892819,0.623760542710709,0.5358923426782118,0.5426770320770781,0.6029098061151904,0.5988101454800309,0.628871397026302,0.58093227487491,0.5334698950279231,0.5825252565254626,0.6063723955906871,0.638039583851088,0.6224529207155156,0.6301800017435307,0.6057912917238838,0.626705731467313,0.678044280300818,0.5449036795109548,0.6018346303481523,0.5400676109559328,0.5362403465872491,0.5709547358631288,0.616382957603982,0.5548402112408624,0.5522990371240807,0.6891851311058401,0.615407364652936,0.5523465037850335,0.5829362230060616,0.6698930444009276,0.6672955785322662,0.5344681299494924,0.5943449012744564,0.5354131871810701,0.6312692901408085,0.5011145581042328,0.5974699333460897,0.61095353726931,0.6142449516914297,0.64139673417109,0.6345910986103758,0.7407424831743704,0.6518939567984722,0.5762600245858092,0.6399308746088913,0.6149425083198606,0.5796234149395758,0.6046815749404384,0.6049799535413819,0.5624598428151991,0.6266420074997348,0.5611742633362338,0.5480851817938801,0.6367867272433569,0.5144347721886744,0.6542547683655503,0.5481149796909682,0.6415333056353751,0.5409928778282941,0.5316707276173586,0.6445854108884618,0.6329246307813631,0.6267683623514179,0.6713129105923056,0.6143418539524791,0.593866514348315,0.5648799109132316,0.5850547320043752,0.6315837192796601,0.5934519368809482,0.6018882056244317,0.6314328594349368,0.6324426817705442,0.5388687661486291,0.5656887646170817,0.550578630025235,0.535001980418634,0.6079450533699609,0.6019558229335812,0.6252387995408009,0.543487149135306,0.5964308893384367,0.5780879669831118,0.600259519696461,0.6481507320733715,0.569853866996712,0.6253470133879538,0.6200669006227669,0.5673571705460941,0.5815043853836985,0.5698689331052649,0.5037118614993454,0.5619441831597101,0.5658206323281341,0.6341294471603515,0.6396478514149793,0.5261352330587119,0.5895606727361307,0.6583283587964319,0.6249148270714837,0.5955325687569889,0.553757497534788,0.6096874667663844,0.5924916888773696,0.6580710803309714,0.49442991462683344,0.6184935092705478,0.589800884391713,0.5412101804457696,0.5868024879254905,0.6556328500977286,0.6497578602126289,0.575525287610206,0.6230133949150876,0.5297699008274132,0.573767687808307,0.5489944985956178,0.5924554124705859,0.5732309133139555,0.5714512518423812
0.6801313485950158,0.5791579324496533,0.5057840052590088,0.4958830838445149,0.5092237591402772,0.520158827338368,0.5280791042506701,0.617746601334075,0.0,0.5140960686670328,0.5572280930357792,0.5162605276309122,0.5811085281176684,0.5964512265894762,0.5511378122743009,0.5590064586479592,0.5702560092146844,0.634642078229303,0.5200691273990565,0.6384740392700129,0.5478568126025098,0.5708441336130219,0.5704140332061312,0.5080596577216708,0.5905318834528727,0.5138672015358495,0.5594589457105226,0.565087836316123,0.4788232038502021,0.5803417397734512,0.6127520617494011,0.5707718286646024,0.49846172762818003,0.5284651831261487,0.6433028903294619,0.5625820984599575,0.5795041914290882,0.6601772297145644,0.5236837378132333,0.563822434389498,0.536443833357787,0.6242470139816948,0.5630649472290392,0.5246516452953672,0.5956764110333855,0.5518618703922197,0.5202326787448566,0.509809994682379,0.5958709530588102,0.5957045313780313,0.5665054734406197,0.5227173799134421,0.5112487436166769,0.49557609070497005,0.5278452340431601,0.6196237476808023,0.6014627265304383,0.5696640193225455,0.5763077775956957,0.5754432811154064,0.5330401394331773,0.5226648292203284,0.5413881853080509,0.5672160260708764,0.5447427026752145,0.5199232211125759,0.5689083334486507,0.5474844825041549,0.5684427778920758,0.645012013825126,0.6119089509202038,0.5880648876131178,0.5932592660379499,0.5688351623549182,0.585478266102343,0.5211770253988057,0.5250094588952212,0.5093170455571788,0.563921728916818,0.48146271770548427,0.5256686325103085,0.6155423117982307,0.5897143012539813,0.5669374009001154,0.6099380221391827,0.6784205547369158,0.612503570881653,0.5925629572993076,0.5659456140447046,0.6017828451601251,0.6061457305134018,0.5836199369630998,0.5739486050945681,0.5316324647651578,0.6383513018841389,0.5184853387103846,0.49390773832965285,0.5566910401200204,0.571448255784757,0.5521657708214462,0.5515577548150657,0.5378269257526569,0.5174172719295135,0.47846013148187816,0.6369048913956058,0.5607276594879071,0.5135307186842712,0.6046018661376612,0.544109047078488,0.5268351495210454,0.505779964646688,0.6204607207431981,0.5722145923955421,0.6019498208103938,0.5584710494943939,0.5893263491598285,0.5696046799384773,0.5324842331025061,0.48248776598429627,0.571600623816565,0.5872656016630208,0.5577693564837144,0.596194719252386,0.5636734614675415,0.641777927811315,0.5007544089733985,0.5435556216331996,0.5366495529942106,0.5218414087804315,0.5671563844418221,0.6526856904845567,0.5587558479696798,0.5743284773043409,0.6242021730209989,0.5336206679293723,0.5256893035228144,0.55380475179717,0.5738059845432804,0.5851578395099137,0.6188391295723631,0.48233134572500447,0.5827051527236464,0.6209282798000267,0.6103367607650124,0.5738160853969709,0.5678217403293442,0.6183826677037161,0.5072752903761638,0.5813635630856776,0.48190015024602895,0.6201350082730517,0.5525223340384702,0.5400715223961111,0.5276254798826959,0.5521506853932142,0.6214793653191325,0.545788567806364,0.5322005421262437,0.5249892642835068,0.548701133314532,0.48998866791006057,0.6338496931522375,0.5639966569705072,0.630531834677252
0.5372652053755396,0.5986872551603768,0.5886946672947156,0.4991564058859687,0.4695802016697234,0.5603608468687126,0.5499525330672848,0.6127511468270179,0.5140960686670328,0.0,0.5553151863026264,0.5515748955138208,0.6028312970706344,0.5336417957871994,0.5240530655340142,0.5949696147352385,0.5568098936373084,0.5501206689782627,0.506066499380796,0.5179158013751601,0.5271949066339665,0.5379641319522408,0.574825868296113,0.4908719658368242,0.6947706857999469,0.5070908546609696,0.5397389771589933,0.5416732070227717,0.6451376947948199,0.5269942581972908,0.560792843390681,0.6207039561606579,0.5171384018876503,0.5277611310961883,0.5236381192909473,0.5428972081464148,0.5904241834924737,0.5613047713279216,0.49655289733378605,0.554629340898501,0.5284304458420791,0.5417329655032018,0.5583817528158959,0.5252303162324667,0.5881816675379606,0.531488082565842,0.5306193111903338,0.5485129893937503,0.5967653482976358,0.502627669906447,0.5346193845475405,0.4900521495602021,0.4594854741275561,0.5047284039495843,0.5987677805961639,0.5739702940625672,0.5056212265285954,0.5681741496204626,0.5678162076719859,0.5120595289297732,0.5404292307433397,0.4838791111936083,0.5119972765227904,0.5079978143516364,0.4607403603471474,0.4826653990266562,0.5284676524137584,0.5540151833340785,0.566586768270141,0.6216168519259853,0.5207483061313996,0.5169076311969915,0.4959257387094581,0.5596780006732549,0.54649951450152,0.5186950757689248,0.5313246764053934,0.5540178302441657,0.5297815046730657,0.48805428053255506,0.5624508132498763,0.4861796080179374,0.5942017555898169,0.5776917561321985,0.5221519903239406,0.5695741641491407,0.5677369883064155,0.5412107126770686,0.5821366100738116,0.5110467622138365,0.5271004310196251,0.5317313467493758,0.5757295103362332,0.47206006473753426,0.5243815306064908,0.6090230047837689,0.44487834793374653,0.5729081955382714,0.4684851209112761,0.5410809787589563,0.5220418754972687,0.5655296359530173,0.5103163538468185,0.5868631021092705,0.5260650010001385,0.5460838622004118,0.5228129225363162,0.6465508013826814,0.5643344604600173,0.5520058979671777,0.5085573201639899,0.5032743324380105,0.5431975756504859,0.545086679270681,0.5169191901020035,0.5215127003603995,0.5701820600660862,0.5867608917995173,0.5478928613399074,0.5090727040981086,0.47716990995276837,0.5410173067134817,0.5125240071806347,0.5646589319400757,0.4892391969626127,0.6453707403843583,0.4792516966825072,0.5338015929406419,0.6194646974918748,0.5446022022508149,0.5800804267231009,0.5205330790107505,0.5062880864021355,0.4709943715316154,0.49449069128557643,0.47125386888691523,0.553311840559657,0.5267716773755254,0.6069233136502619,0.5675572187555104,0.5366333524761548,0.5615836930218078,0.5237030786654427,0.5302867893237615,0.5727352962904478,0.5293948724756433,0.5081437342378333,0.5902131349437477,0.7358118063855615,0.46199455229936415,0.5095515623864643,0.5862121214262863,0.4588193158715609,0.5875626405823388,0.6135622208364282,0.5605963227847078,0.5133474543391657,0.5910412091256028,0.5080475180580265,0.5358151567870199,0.5771549923873177,0.5438175654002626,0.5313661166459493,0.4933331525220836
0.5956289380059023,0.604197388839431,0.6169818980235608,0.5551169552696397,0.5855260104975061,0.5752116138087295,0.5841909178326633,0.5842375484713481,0.5572280930357792,0.5553151863026264,0.0,0.6149234699488642,0.6027504443630495,0.5386692607206587,0.5498823954217372,0.6524959638254993,0.6400776050481888,0.5565817356076026,0.5635218109505322,0.5662511034978791,0.6199242105133276,0.6733339645878897,0.5890895920286079,0.5827091296448473,0.625216858421053,0.553122031895035,0.5417500943988067,0.6005851955652504,0.5738520775049175,0.5600309454548374,0.5514186493411959,0.5900152916433069,0.5277420440235827,0.5524249089352337,0.5823338546920681,0.5760450224361389,0.6056307633285913,0.590271242976451,0.5792057247540019,0.6106493773697471,0.5566936771989397,0.6378813430423333,0.5546474695085922,0.5942897139057023,0.5782116257761246,0.5067508155746021,0.489095581356319,0.6392296292088082,0.6308185305281848,0.5540740296790986,0.5929593843551643,0.544363642731605,0.4637405142475262,0.5784836473376728,0.6372346715661366,0.5417468181717509,0.5717655897500084,0.677752597269868,0.5524622133530107,0.5341120920355538,0.5674314231947033,0.4650002511522779,0.5516920435438086,0.5251044293838432,0.48342624448041227,0.4802554311508184,0.5561871711819782,0.5320409480963139,0.5409281427111674,0.618247336274904,0.5607065677859329,0.5064000580136897,0.5695606150347815,0.6249788329912711,0.5784098380540976,0.46215004402897225,0.605954287208375,0.5771642938554309,0.5079321155512779,0.4936105954136501,0.5202673089993819,0.5502083749742811,0.5811872403341689,0.5391806253760835,0.5682314571017943,0.5940650579694001,0.5946518113164473,0.5155949127896969,0.5011363954956644,0.5293065194149567,0.6268039991613888,0.5259617014017859,0.6204463323828538,0.4992913386506265,0.5841931601448024,0.5480716450101769,0.4610171009762797,0.5390111219116136,0.4936322017989417,0.5218173418334415,0.5210540097673949,0.5594696293920356,0.5017376905673997,0.4928461805689878,0.5448919323821527,0.5351657984870771,0.5181584488063704,0.6269785038776388,0.5261171561354578,0.6104998633288692,0.6080418614277667,0.5686235450671209,0.5731406923615524,0.5523282998595302,0.5134736186449382,0.5918091782156036,0.521657117642296,0.5851582810961738,0.5969545730507276,0.5105918354431626,0.5724977229325043,0.5151729451620531,0.5821080983676044,0.5831062408210304,0.5365335485844734,0.5659256237137109,0.5022907204691813,0.5584304824804686,0.590461288288121,0.5135727485610305,0.5366312332887582,0.5825512123455766,0.5287206117786616,0.5761390446581551,0.5704995429013631,0.4807360977766825,0.522220885709356,0.5573809588419312,0.6121645329060427,0.5651713204876074,0.480402934915474,0.582214933940396,0.5677475698941284,0.5864304547262035,0.6036107434604252,0.5323570628091019,0.595607609965848,0.4987539034422317,0.592262892482215,0.47992727568549254,0.5807027554871186,0.5198163982900391,0.5744956085589819,0.5363893194781613,0.5954674020458314,0.5727945411589944,0.6104268867050702,0.5856951257715002,0.5370434214699233,0.5644633769373855,0.46612984511881017,0.5487129810864999,0.4959994978157763,0.6708270841727267
0.528289642903147,0.632880532990632,0.5772126202974696,0.5832003173055679,0.5307854172428433,0.6008408205003272,0.6030975936433977,0.5944146523223349,0.5162605276309122,0.5515748955138208,0.6149234699488642,0.0,0.5258344657370545,0.4733545333260884,0.5650802834161188,0.5577815608251621,0.5569007261086346,0.48552219823635684,0.6232290772288975,0.5176898489826319,0.6252603378792582,0.5880441763759605,0.5592034017861501,0.5969857975445749,0.6161792414957149,0.5224819039129458,0.4769558468302598,0.5301140225863005,0.5478706216974961,0.5095553914939729,0.5908975321122943,0.5556258005840776,0.5744586681820151,0.6070963073962191,0.5411315076625126,0.5940280390359455,0.5483160255725811,0.5192286548760449,0.6322529746071471,0.5583602943305752,0.5956096911893075,0.5755099667606315,0.5254569020333741,0.6136168639714151,0.5842881228404373,0.5009905104641639,0.48881856770426224,0.5847523088502593,0.5709525474690591,0.5204784127205538,0.5837742608544897,0.5553091311246847,0.45020241890704976,0.6363135293658571,0.6372254054537086,0.5440855073323712,0.5347735943014141,0.6622157094894771,0.5077293623083413,0.5193290470096049,0.5488837747155851,0.4518552412965876,0.5222250962400873,0.4822564254907133,0.46832621444855305,0.46470982745747336,0.5233348644588584,0.49073964475587967,0.4570728278495998,0.5468529122436786,0.5286092017346871,0.4667304934435495,0.5026902751406904,0.5780489803591135,0.5241285656668465,0.4483175705689543,0.553397564365823,0.5532283573233423,0.5059580790283701,0.46413785774884586,0.5048665886051179,0.5582948107973436,0.5627300157150037,0.4928755522158028,0.5395410632676136,0.5728349575024936,0.5478622372733197,0.48038174370176073,0.4918075399227592,0.5440867345259628,0.5530196079179611,0.5838754217518061,0.5758211600578398,0.4839557531419387,0.528303506405764,0.5820723885004517,0.47243534933634845,0.6027550793466363,0.4687484962391116,0.5264173736150579,0.49271490075855573,0.5474539531189173,0.5189163027321799,0.5463489129705292,0.5155312385221635,0.5173214521992818,0.5212502638596341,0.5793005978307915,0.519125896581697,0.6232250960757865,0.6832412057215189,0.5318652758030813,0.5313136764993042,0.4923463388491428,0.4912218938633558,0.5456504220905966,0.5178904076675148,0.5306864952519129,0.5984083737928375,0.4763253728410067,0.5066464959429139,0.5101658790670526,0.5423023998201958,0.5847207971017446,0.48567646085142874,0.6020427186872778,0.48860282309403696,0.5782286651522989,0.6246579615434884,0.4741867200360158,0.5017940876479092,0.5328670059676646,0.46501037708100734,0.5552945932739938,0.5638092775083898,0.4504284933023175,0.5084796772900907,0.5314377464997652,0.5495180053022561,0.5619186180886774,0.4789734223905023,0.5239195635011711,0.5699257944251824,0.5599523894818877,0.5670771183819711,0.5274692625091296,0.6208883996150687,0.49392622662543983,0.5821458091570644,0.45371960849633014,0.5734538487513737,0.5086756474826227,0.524889595984038,0.5346970747760269,0.6675518511634533,0.543066788877238,0.5234914826070469,0.6058355136558466,0.5095024642653482,0.5084307240800585,0.44983245736977,0.5151301652638948,0.48597693687227295,0.5655106352581459
