0,1,2,3,4,5,6,7,8,9,10,11,12,13,14,15,16,17,18,19,20,21,22,23,24,25,26,27,28,29,30,31,32,33,34,35,36,37,38,39,40,41,42,43,44,45,46,47,48,49,50,51,52,53,54,55,56,57,58,59,60,61,62,63,64,65,66,67,68,69,70,71,72,73,74,75,76,77,78,79,80,81,82,83,84,85,86,87,88,89,90,91,92,93,94,95,96,97,98,99,100,101,102,103,104,105,106,107,108,109,110,111,112,113,114,115,116,117,118,119,120,121,122,123,124,125,126,127,128,129,130,131,132,133,134,135,136,137,138,139,140,141,142,143,144,145,146,147,148,149,150,151,152,153,154,155,156,157,158,159,160,161,162,163
0.0,0.6259206536890453,0.5473317129514573,0.5299822908663139,0.506387747528601,0.5991634580162615,0.562979159309384,0.6055595599247597,0.6293754070558519,0.5620727149725424,0.6292778680345414,0.5491623666315829,0.6689831667963579,0.5885382934525213,0.5761836229990586,0.6195190604611446,0.6120902704713782,0.6709875467950369,0.553510154262405,0.7246068451889052,0.5983043844659404,0.6048582067115702,0.5233697828402986,0.5791509314314541,0.6786285766214551,0.56222845399087,0.4834824467448193,0.5973844133728964,0.5312164075184489,0.5174139269477062,0.6485023101877723,0.6389366206331534,0.531311722883394,0.5805236814424671,0.6968144907499865,0.5241348210323765,0.6793440525700576,0.6019299561306575,0.5455775165524361,0.5688879990228835,0.5217270467455204,0.6192468082719069,0.6048265921356256,0.638699746115323,0.6408546585726631,0.5973431448479718,0.5342511614220492,0.5965426288148257,0.6409795924904321,0.5620357250900574,0.5989338877894568,0.6018470283148724,0.5302426049300022,0.5554660471777467,0.5672372555227649,0.6101860837215372,0.6449805266461599,0.5585762127806128,0.6060613948564469,0.5528421008163793,0.6030300617876004,0.49629856001251216,0.6024001196995209,0.5219319506822013,0.5836564231992539,0.6222800674048105,0.6229029424084713,0.6369483196720026,0.5587383358149091,0.6713406438871706,0.7033579270807957,0.59208714563477,0.6040790824232023,0.6179774961927358,0.6091973192391185,0.6437059716597329,0.5671139756074326,0.5379791068237026,0.589469765696752,0.5418720444554537,0.5975832360011776,0.5988479162777413,0.6134506750536611,0.5961922815462477,0.5814990464928194,0.6441549098793738,0.6523166130910641,0.5656654582058877,0.6013020244558973,0.5853275653975104,0.5683117091640884,0.569695318349525,0.5576148094401091,0.6393305491263453,0.6053108831170025,0.589286953993888,0.5185160024707924,0.5893625178208136,0.5175453184180129,0.6079884969317342,0.5888469714180554,0.5720538121393373,0.514078897186621,0.5163671572767593,0.5931051302298919,0.5931140473819279,0.5334925830679801,0.6232322118244092,0.5586190308475557,0.6183457732362462,0.5990678376195901,0.5564542781788375,0.6285967858738912,0.5401517835587604,0.6061091301433452,0.6080983159568079,0.6557946024499094,0.5698012890474712,0.5569664681434425,0.5419395547795793,0.5849265629523955,0.5127064711547781,0.6420524899661186,0.6727487760315796,0.6170788593427698,0.5896750282247765,0.5027633678069482,0.553405072370366,0.5717874641571743,0.5694745693903399,0.5660966908989981,0.5709225470364947,0.5890302666201358,0.603863507043793,0.6030179681683764,0.601727358922739,0.6335972953456509,0.5738287073638605,0.5582312797866887,0.5611065710661588,0.5635464436579737,0.5988029003621037,0.600077834249437,0.522378079069273,0.6350066333165109,0.5842148544242776,0.5801222328799973,0.540406900140661,0.628721395150678,0.45815916634651405,0.7054019072119341,0.5848330696747936,0.5294832363944514,0.4894906545909055,0.5967160860299779,0.7136883459322941,0.5598800750424616,0.6037627480845543,0.5643524007292136,0.582492229941219,0.5458069752086615,0.6864282781805665,0.5131390875887498,0.699390008380907
0.6259206536890453,0.0,0.643452077942563,0.5880477348763931,0.5031168718065188,0.6190813847603196,0.5742997152410984,0.7087663568873203,0.5920519811332766,0.6248836591404181,0.6155149727433401,0.624381624569444,0.6384824058955186,0.5766393744308121,0.6163102537171741,0.615162868423649,0.6259008026942195,0.6007953938138181,0.5682414876306291,0.6268725739504717,0.6204206803542982,0.6978877015825056,0.5266813043721201,0.6256492912805461,0.6287504988704036,0.5434793917350041,0.5155960950229131,0.5929467601240964,0.5917525107287341,0.5024229083272752,0.6330338532219806,0.5943997870129449,0.6248336683967719,0.5706632527036264,0.6077909553344629,0.5660539393183436,0.5835838980892541,0.5814933640595217,0.5978659375185105,0.6146997144242872,0.591644418237252,0.6029223339211148,0.542797378443428,0.5874276237368515,0.703422916655461,0.6049736884746516,0.5264083600237216,0.5394074278713463,0.5860676167641277,0.5587156643777219,0.5880423339223902,0.6033097342241541,0.5455252695664073,0.6452830900577577,0.5912215048627207,0.5947982428743064,0.602470078940676,0.5871089214874874,0.5823661021373226,0.5920009725252966,0.6450619155166356,0.48829311859526064,0.5693158528174893,0.5166423602894276,0.5351713327756997,0.5613608053249487,0.6105436888356511,0.559861335053105,0.5290903380884965,0.6293109264598161,0.6220835407581364,0.5412422314789431,0.5358194744327462,0.6455244030015288,0.6464672983241873,0.5350580586675604,0.5698564707906458,0.5526782812617321,0.5708095501845015,0.4758655580775232,0.5606245228730042,0.5949875217225552,0.6315573075581872,0.5790920564149783,0.543022415222745,0.7040225383232965,0.5571956262417321,0.5143109666280911,0.5840292895250089,0.6268868000679253,0.5484680725653008,0.5797870858657616,0.5672569801963911,0.5728273264699104,0.581180511589654,0.6077549172783232,0.5429044640652047,0.6016855620087632,0.4867403496678309,0.6370156137405253,0.5506849982166294,0.5632585847424565,0.48777455627251826,0.544309368288575,0.561797737040368,0.5988157351415261,0.5573899820548351,0.6276467460201302,0.5956360279543615,0.6186396970945547,0.594276088823845,0.5245880250433143,0.5561668719746354,0.5328093208933098,0.5822094521655741,0.6667067861016569,0.5898082872868661,0.5336280694407932,0.5668058817277746,0.5322483425854664,0.5546883659404974,0.5148688388054812,0.548862036916583,0.6520488237301179,0.5146949079756452,0.6518847261276244,0.5126383537023259,0.631150643707381,0.6366481130928353,0.560500216351612,0.5761115226027156,0.5760661993375085,0.5255900384231255,0.5928437591723374,0.6007705799243481,0.5279877076889788,0.5786792929326138,0.5772840878584526,0.598417097799603,0.5575996442317882,0.5558775642861723,0.5684298647025218,0.6348462264171705,0.535919384061759,0.593030787195299,0.5263686538257435,0.6276450637867963,0.5767256782733995,0.6328473047396838,0.47727978288443296,0.595459713040779,0.565122622340717,0.5678175791857352,0.5562130428527171,0.6284375904452668,0.6412345605087729,0.5398476813570033,0.6352021621013446,0.5463221407315577,0.5177121912405788,0.5427497111020787,0.55998513139404,0.5019763934442303,0.608265907197725
0.5473317129514573,0.643452077942563,0.0,0.5459920163390568,0.5379186723921021,0.5839692858559046,0.5356770359958364,0.6266837038581728,0.5194323651382822,0.6143817069936506,0.5863622586989402,0.5778047454907492,0.5909425561339707,0.5226940535192408,0.5506812704712319,0.6411429694781702,0.6435033711062422,0.5650062433753463,0.5201885654615748,0.5463298399771394,0.6524054401178574,0.6858389364741949,0.4984144055038573,0.573107690769717,0.5756692654982767,0.5605815042768874,0.4837311431592414,0.5319448730900395,0.5592917457423003,0.4913536245014605,0.5298590440861574,0.5690778764783497,0.5542158824906536,0.5112055622686609,0.5166601153063631,0.5444744469476807,0.5383170744761746,0.5552919155578395,0.5450246905381432,0.5826326917454923,0.5672482835433454,0.6064891636677308,0.5519290534708045,0.5524054828222378,0.6034637520549991,0.571990926541146,0.5509370484613889,0.5286926549398406,0.5404213523794102,0.5495867552402374,0.5771355042966547,0.6026492244982249,0.509411139061982,0.6050123741889917,0.554383758972797,0.5466578858861131,0.5602929253053448,0.6043513603949501,0.5588986861091559,0.5395077520835857,0.5713662396278759,0.48322559230796563,0.5854144477097623,0.5046624528244876,0.5106770581145648,0.5371935169479422,0.5493592495352322,0.5649353429492845,0.552405417015951,0.5874538084283474,0.5949917434294266,0.49365461736231964,0.5154782000850892,0.646503472308924,0.6145229357955976,0.47378597905758624,0.5727955906814338,0.5684807644720545,0.5394876005380091,0.4607392449379416,0.5686083532165198,0.5529067280194307,0.5939906396292436,0.541672714457925,0.5334716812066214,0.6178383815532352,0.5164694240275954,0.49245556133418344,0.5241440252824262,0.5340757483142936,0.5602301675473517,0.5197123329309037,0.5472546298557457,0.5036796422636081,0.559163880561836,0.5541212537176798,0.5094290961523162,0.562899485635583,0.46163829988126326,0.5630564576130717,0.4806893421210243,0.570597046765036,0.4825166059861676,0.5293811767733906,0.5267703972325365,0.6146735179300866,0.5734760948023863,0.602679690992165,0.5803492052227835,0.5777652214166467,0.5610354493870953,0.5165237713549335,0.5222570769174715,0.5159777729384497,0.5341781484113485,0.6110383749086736,0.5331160529705151,0.5209085751789411,0.600683816031177,0.49928793594731363,0.5424040266142099,0.5047263370326456,0.5112632891046426,0.5950213488932892,0.46362356752451983,0.5887049903337216,0.5139805765877066,0.5875554461485459,0.6145446088434728,0.538975115623554,0.5389091181938173,0.6295042775587384,0.47036452727968986,0.5202922662800159,0.5471437296950967,0.49878912458418145,0.5221804422405842,0.5266518111200361,0.5661095368675897,0.5277933808941838,0.4986372165929633,0.5509657892723183,0.570055216506743,0.5348811215940817,0.5663242909678071,0.5136696863435026,0.5953929121986632,0.5761756825512095,0.6115118225639669,0.47585192299296625,0.5135779637958607,0.5178847977413421,0.5453200144739019,0.5924564830286523,0.6126104823869862,0.5650714554981449,0.480616851291487,0.6265549311194671,0.47184624082510335,0.495567665025827,0.5463411639152678,0.49566653013326756,0.5005942107356348,0.5573454880373986
0.5299822908663139,0.5880477348763931,0.5459920163390568,0.0,0.5020680801477984,0.5139649346156575,0.6069023477718336,0.5879010475113189,0.49376510598556145,0.5376433788885298,0.5694411128218198,0.5615939299371787,0.5287710875373048,0.5389092415708885,0.5741834461323716,0.536436729299141,0.5950403300086949,0.5632656562287813,0.55427833390188,0.5070964402124718,0.5948447718998265,0.5638695444853997,0.554556629455112,0.5466028643656833,0.5469618826789403,0.5637965051979051,0.5213542889346436,0.583791965255233,0.5293641641433312,0.45618953340719626,0.5349534021816665,0.5270094064887333,0.6944843616739138,0.5610975106842933,0.5478176952432666,0.5788669623725843,0.5041919565933756,0.5464713375520385,0.5553651196100382,0.6304603857658376,0.6272039323567221,0.5316194761327416,0.5217007704058979,0.5635605047199883,0.5898035686675669,0.5626896215554876,0.4743288256190419,0.48147730034548786,0.5708535961850894,0.542515065718736,0.6217841452891839,0.6007825077718709,0.5294221343618457,0.6696960730874106,0.6010779610400065,0.48889137031777996,0.5701727270439753,0.5751120783160686,0.5801343605844319,0.5703636827638162,0.5628594969619722,0.4753618052585295,0.562825007037721,0.49735596415326133,0.5137072204279811,0.5239162605278798,0.5667353799427329,0.4871915004125654,0.5169603200361922,0.5704733377656838,0.5437365783055585,0.5149586437718269,0.5335378122758334,0.642379560107969,0.5722331921980347,0.4796023762439775,0.5773749370869252,0.5410329242257645,0.5542592236183419,0.44124628018121176,0.5074213583360934,0.5818314860251955,0.5100208391291746,0.5178379138754154,0.5661462578428731,0.5711671945467713,0.5005094168029338,0.5202428600468698,0.5353263424411138,0.4972875885571527,0.5896333753516565,0.5689272083445812,0.5637811640394935,0.5224730696950235,0.6089640885641796,0.5171824738913703,0.4967120529600125,0.5598664525882794,0.4809060389269514,0.6205732675088786,0.5026826563373576,0.5518876881702399,0.5589988198208065,0.5380639080529754,0.5563681591708461,0.5378768912058898,0.5549096866672922,0.5550959773906343,0.5787960052060618,0.4983642400504647,0.6174534417888573,0.5508731335547465,0.5183436373938723,0.5295168192366096,0.5751774296030188,0.5899885538010264,0.5445231008184561,0.48828407908848476,0.5882250905706546,0.53083402713779,0.5255104656639976,0.5546677800244258,0.4909917517623864,0.5868564263293659,0.46614819382170886,0.5684911968589763,0.5290311841726065,0.5322934572601588,0.6033136953930156,0.525463995095089,0.47798791344546654,0.5230378281832543,0.4824566217273919,0.5646529199601088,0.5106366679265273,0.4667276854636204,0.4577768751154458,0.5696345953629122,0.5650355331291501,0.5376558760549405,0.555564466714336,0.5061023836798189,0.6259557442187025,0.5505372793202737,0.5403716515123101,0.5181813456870914,0.5250893142093547,0.5334704955759183,0.5224189490063738,0.4491216616771563,0.5660081779420751,0.548484824813793,0.5585679522998979,0.4989384625305243,0.6119804090090534,0.5322387829991995,0.47116613749495545,0.5642565935944599,0.5728364341120065,0.537054370480109,0.5231020545490065,0.5126201558580311,0.5051303648537012,0.5661918549504078
0.506387747528601,0.5031168718065188,0.5379186723921021,0.5020680801477984,0.0,0.4582485670688062,0.5818275854571161,0.5083227269932113,0.507722248273522,0.4888547789083001,0.5228048574911135,0.5504750752481969,0.4730045949879279,0.4779881758779005,0.5768720119820906,0.5521043789584129,0.5370007232439531,0.5386514315108257,0.4860499233544291,0.47792267237806585,0.5615277558430538,0.5509285610276473,0.5294389072678528,0.5103505759235635,0.5041276637000429,0.55170892506136,0.48194568538543253,0.45850687281176333,0.4905422804340647,0.5490271734586875,0.5347691678330084,0.5067397493613763,0.5186947472898992,0.47843698280725305,0.5055638588536978,0.5447549363584703,0.49262232435556896,0.5428635146497952,0.5682099311866596,0.527507432381885,0.555472103305075,0.524596648139274,0.5928243376592819,0.5542668354404565,0.5143048520987978,0.5277278672200428,0.5700511344644852,0.4846455267190165,0.5515386889236124,0.561865069415585,0.5829781183059759,0.5279137009851419,0.47498842499247673,0.5165505876615963,0.545120257026074,0.47141900826662775,0.5332965020486866,0.6019104868591175,0.5065782358460144,0.5199849514825422,0.4405918581133627,0.48442639320116077,0.5256034134959324,0.5021149219021329,0.5032790139891422,0.4656183446517082,0.4690139585286398,0.5203144680552443,0.5235753364642548,0.5214767942333258,0.5533830438296868,0.5021686885640011,0.4545340742040928,0.5421723450947503,0.4907326543553551,0.4492322836585828,0.5336341982492345,0.6257711558515597,0.5134776284317601,0.4317025945227485,0.4717300737439775,0.5414899216018552,0.5555495307743434,0.4531089679847745,0.5164035527207997,0.5261509817146481,0.4575896151181066,0.5209157041599588,0.47873988737315654,0.47068626300122013,0.6587955479598213,0.5321820201363061,0.5994494258213384,0.4576267051703229,0.5302184616396984,0.5092799436279353,0.4422961609325113,0.4910333809667334,0.49355167167574665,0.48209358016605447,0.47046521119798207,0.5312384416265328,0.5144279290581111,0.5071922248389326,0.5132302956966749,0.54601475673347,0.4968393674698144,0.49465445603693714,0.5536862720849712,0.46323076236493427,0.5275954611574286,0.5583336655505909,0.4371757223828555,0.4963718267138985,0.5056332077302128,0.5193702602681031,0.47561167201697324,0.5448232734699815,0.4758280926950008,0.4817396221210843,0.6274851146623828,0.5145329159488913,0.44409021319240705,0.5671842732452359,0.4486573792694807,0.5233174356140609,0.4827757890088594,0.5716397084942628,0.4992219299670988,0.5313679517192145,0.47576867632135744,0.5179361315687045,0.43237977717621695,0.5010494557912836,0.46760373623275925,0.48996110159847134,0.48979733450780516,0.562971150411728,0.5071396325326246,0.5757920772563787,0.453957643712776,0.5129032666989517,0.5340577370404738,0.5230140412110051,0.5387927201007238,0.5341148252053618,0.596768113408561,0.5159830813112083,0.5128650451848747,0.44200959307578824,0.5010712217577366,0.4996582907482409,0.5246165022278897,0.5391451238539813,0.5516251784613387,0.4963254703785355,0.4177511009075758,0.5327513812525801,0.45443567446986155,0.49490221028461706,0.4665028767773214,0.4744858463988013,0.4968018910989342,0.55231410871092
0.5991634580162615,0.6190813847603196,0.5839692858559046,0.5139649346156575,0.4582485670688062,0.0,0.4905088881410015,0.5903852080437677,0.5362607210821245,0.5562703498435577,0.5764585719642232,0.5600004695061654,0.606833535323255,0.5051452293864951,0.4844511520950968,0.5947493159811048,0.5870785563953775,0.5153728883444126,0.5430305206206953,0.5697716134137404,0.5923858205359369,0.5613622496828409,0.45155391388580846,0.5231347301920569,0.6088993832799692,0.5082645516901472,0.4271250011298592,0.5447963591164422,0.5203486654642192,0.4772821099089213,0.5446101740326321,0.6004230877407368,0.5077307506130303,0.5373715229129596,0.5375879805531605,0.4900590063145019,0.5740017746136259,0.5218599579241535,0.503807495897909,0.4973926229482107,0.4926222848178088,0.6179510195676527,0.5049108021204732,0.5780883482126524,0.5553749863207796,0.5181860762201194,0.4965525072069655,0.5583197621315193,0.511119688759411,0.4907631500088294,0.536630747409567,0.6106091316871366,0.48943735887144985,0.558788317534701,0.519959235689029,0.6211763213627545,0.5498576064155879,0.566755361513055,0.5022647235944927,0.49396568157664106,0.6278628329491336,0.4734243571117977,0.5824638304655941,0.460163443596647,0.49388777860215693,0.5537446157306968,0.5466831040581386,0.5515456141123383,0.4756043957262207,0.5828735210405113,0.5837783161781106,0.47744156485335254,0.5572790345692283,0.5683490662041255,0.6148544560221932,0.5287282545674096,0.5250620853324568,0.5035920907556092,0.51562609305712,0.5476919960121949,0.6380072969795519,0.5344861177380974,0.5724731285280668,0.5728831753240682,0.5328984615417818,0.5819307371252217,0.6110508770925217,0.46827499190590105,0.536460707599609,0.5558669438626049,0.5028046436531237,0.5239500374510725,0.49341009721360646,0.556298761716176,0.5308668754388011,0.5712947832762261,0.5186285863554879,0.5972787337603326,0.4631355217682589,0.5570017301061789,0.4974317152359577,0.5273101698803765,0.4656496800972706,0.49702765588712144,0.5220983504223713,0.5466022188502107,0.5251652423699282,0.5963893788081209,0.49346165967223377,0.6283767675737257,0.581447399530144,0.4849745023260396,0.6286793149084396,0.49993405742509595,0.524477516823182,0.5792824041240754,0.5996052165094701,0.4798214890357302,0.6173494931499948,0.5102415617621753,0.4887847881041505,0.4846775212763693,0.6057797824382146,0.5974916518244687,0.518894045763933,0.5704336537720919,0.49160855321857627,0.5203142425215732,0.5877403453102156,0.47216603028339166,0.5560938510848698,0.6062445342020454,0.5161990736413883,0.5606342304274884,0.5501446067736255,0.49649302591184835,0.5432522554180063,0.46985527104113994,0.4730225037511539,0.4889980393948784,0.511882416712416,0.5654576556570916,0.542317020953391,0.4937738449285664,0.5597635409175981,0.4969882363698127,0.5482592758274218,0.5213203957255061,0.5835861719060347,0.4738065201585017,0.5601605453408393,0.5312010644974156,0.4812065173521813,0.4591114914052517,0.5881347644072613,0.579062108475196,0.5067208305995201,0.6268724754356763,0.48216477043683587,0.5221921776544953,0.5094011039171444,0.5754641756190892,0.4790570840410766,0.5701005194256052
0.562979159309384,0.5742997152410984,0.5356770359958364,0.6069023477718336,0.5818275854571161,0.4905088881410015,0.0,0.5679351731234824,0.5235017939980251,0.5770671769624965,0.5741495660748624,0.5947054846667571,0.5468990168413386,0.5343392891247938,0.6486201226195003,0.5687490397871886,0.565602218081614,0.5986791083606905,0.523737748893307,0.5108502403187534,0.5580162370763493,0.5688636762763442,0.6620760870863,0.5693091154144978,0.5896885603965502,0.5771237676593626,0.5690771784624575,0.5468963508592765,0.5437375868574651,0.5350929614097801,0.5939920768399094,0.5665598287763949,0.6014870513766682,0.5765301053972743,0.5581516622420472,0.5483447948029204,0.5638811472913644,0.5391201834489393,0.570577223327985,0.636678749868312,0.5538384718890779,0.5455823609072027,0.5776565192146819,0.5751273920070044,0.6101286905255002,0.5854951701615573,0.5368936167468683,0.5033618177126606,0.7008419619518685,0.5402410727510139,0.6267388409504031,0.5337413692410536,0.48907088593166365,0.5657846480035263,0.6211869825880888,0.5108842699701625,0.5572467317336056,0.5781227561805382,0.5889007511003297,0.5657454044537843,0.5022163094630935,0.475294091371761,0.5155800245180143,0.4972265039532633,0.5061030993609195,0.49832721975894834,0.5594035669260571,0.5513256861099887,0.5404947575564835,0.5826028681109844,0.5620672509000703,0.5368767382946785,0.49044594851826945,0.6200271505196644,0.5145134124392325,0.5176969185198657,0.6176144430872061,0.6421325513976542,0.5331564157691348,0.45023129574203885,0.4808598437571702,0.5566417376990099,0.5847074242124024,0.48262590218848683,0.5290275918870676,0.552550712482816,0.5014189988668418,0.5740966738054097,0.5620892523197191,0.5198049188611206,0.6236849448869447,0.5880656004425939,0.6077139992459033,0.5054942182171489,0.5602024975337488,0.5641257497040983,0.4464216961133487,0.535099212042285,0.48378787766372655,0.5907431945328314,0.5245003267410987,0.5775640289896543,0.5515931635734731,0.5453767515983842,0.5276436644089472,0.5598544912846979,0.5163695773075655,0.5517863978472409,0.6121409681830084,0.5134624440138452,0.6061795666248919,0.5417825890374951,0.48917719775365226,0.5217203535412148,0.5437900347736515,0.5724556097345294,0.5304875644466359,0.5868893425651468,0.5106436767452196,0.5120596134896628,0.5597662871283773,0.5304852247352767,0.47081381692269014,0.6470539511012124,0.46384619617127093,0.603449576555339,0.49392306465604635,0.6090041247209544,0.5421538388077084,0.5564507163639818,0.4974553552170404,0.49366592372406115,0.4831579457468677,0.5114999012612702,0.49222238483619885,0.4797838924916353,0.5146163407264283,0.621305808382782,0.5782760769069613,0.5835937730896574,0.5245224958785039,0.5216349691724439,0.6015381535101778,0.5113281161979975,0.5635780746083757,0.5891440804807107,0.5483770897213192,0.5537570109962687,0.5486961697096979,0.4238361248614362,0.5613061901695652,0.5387939679875097,0.5309336818221473,0.5679988829321431,0.5979142008234112,0.5602620949759981,0.4864371476621474,0.5962857782144785,0.5511560842804182,0.5674469622937958,0.5096102937705432,0.5143956068215695,0.49885104515851597,0.5738183757763946
0.6055595599247597,0.7087663568873203,0.6266837038581728,0.5879010475113189,0.5083227269932113,0.5903852080437677,0.5679351731234824,0.0,0.6343635585733906,0.6616049589461692,0.5638720540342305,0.6316015148424466,0.6045941342097093,0.5716660713022613,0.5789891244351506,0.6380645919563344,0.6589235226640271,0.634484928724074,0.5783302657670669,0.6068532486016198,0.637066962429369,0.6094671414632815,0.5725402707222009,0.5484054022023533,0.6579851550358952,0.5578775133733033,0.5516440935958852,0.6075373697045874,0.547900008039828,0.5501136283872711,0.6436712147960679,0.6230100025680204,0.5903277572122524,0.6006812865577423,0.5790732551163996,0.590747240739363,0.5630400714409158,0.6343414999396824,0.5755083358140377,0.5933939821473813,0.5983041587282575,0.647684708879311,0.5811074614383066,0.5535702285893374,0.7142837898529789,0.6637563957040625,0.5669091157852186,0.4956450226362483,0.596660020962302,0.583075398144179,0.6103774261017859,0.6083950668596976,0.5577250411609526,0.5890909409053706,0.5764688424802741,0.6292497303017699,0.6230948983055443,0.6539043715868046,0.5964425880422756,0.6203497562136384,0.5955883977412462,0.5325061025163835,0.5895438753826299,0.5449096302813766,0.5461996764791301,0.5804898492868847,0.5912492257387322,0.5560478064368659,0.5778727571580144,0.7015875755752028,0.6178590786976363,0.5598227629336754,0.548186725570004,0.6573522228987375,0.69584559720687,0.5488006813223426,0.5792821964859247,0.5710175872226421,0.6395166182786082,0.474630860480928,0.5806279030616784,0.6231845655368119,0.6359417715657015,0.5939378296784921,0.6088681138369851,0.7617742216992872,0.5734590200241154,0.5596155452115759,0.6678421227535035,0.6212400908436971,0.5964310859730254,0.6327084985105393,0.5783123612188509,0.5551654996314174,0.6169803029562584,0.5896594695373166,0.545355077248451,0.6798468609236205,0.5174563697281915,0.6688466956309117,0.5334016782882723,0.6278686970229491,0.5437906042162283,0.5946478884902298,0.612316268447184,0.6710780921712324,0.6131019316314728,0.707134660891748,0.6253127245264177,0.5540003453593635,0.5759365902880542,0.5755011828501178,0.5436783270884522,0.6197097845507783,0.6051875986025125,0.6742858000275829,0.6466806447076022,0.5420126986338917,0.5539508417162458,0.5894726684348445,0.5549605261928279,0.5952529645477819,0.5393466247376291,0.6493356440540535,0.5037364116864553,0.617215790299242,0.563181895343608,0.6302981730857422,0.6486314269871623,0.5729219966106672,0.668673395220859,0.6170269005797384,0.5270179997492879,0.5874659458166678,0.5451037299423855,0.5050955775553673,0.5672940450274585,0.5612613437771542,0.598744496842565,0.6260712247956015,0.5379489290821484,0.5894761105193475,0.6802905570399379,0.5811408445205741,0.5986802899940145,0.5709466677476048,0.6246154508752466,0.6312790396044625,0.6871216812121312,0.5155757753905449,0.5940589683097606,0.6006247596011145,0.5677751598116416,0.5806039757398208,0.7143251866628448,0.6292075396661476,0.4868571348324889,0.656787100646815,0.5059376844189017,0.5418367603506611,0.5802372366676571,0.5749572532753767,0.5870624540346303,0.5822239586317678
0.6293754070558519,0.5920519811332766,0.5194323651382822,0.49376510598556145,0.507722248273522,0.5362607210821245,0.5235017939980251,0.6343635585733906,0.0,0.5406306077209064,0.5201023003116396,0.5572318246967269,0.5348777758927603,0.5355937328674922,0.549628242157421,0.5495795189096293,0.5405652469825218,0.5922008872309712,0.5229308218548205,0.6010173899936634,0.5541021274909521,0.5662686493078546,0.5092963903081782,0.5003766149209142,0.6022069756745232,0.5012086586023343,0.49125181028245396,0.5119470199492568,0.47911390314962127,0.561196458797169,0.675361190354469,0.5590504598952328,0.5029051188627268,0.5220033063831312,0.5986111976104214,0.527608155213672,0.5532015965262779,0.595420709051159,0.5398054677426287,0.5016396948896407,0.5115117199802017,0.6468467833516384,0.5534559650148875,0.538332154634245,0.5859009447790522,0.554152164534293,0.5408849122175882,0.48394603483408893,0.5526428380564982,0.5471914785471969,0.5438912619465811,0.5337012526286702,0.5095750318282897,0.5039176204470215,0.5077918572192828,0.6413048449877627,0.571470468736663,0.5753641697257524,0.5360851090756843,0.5342966168866893,0.5122864424072155,0.5037172716178465,0.5305100673486308,0.5254949564252992,0.5475548149746591,0.528626899157083,0.5408585616582862,0.5591272468982847,0.5333367056366906,0.6385168853788279,0.6196589233673775,0.5489877884660158,0.5320276762471957,0.542743687084837,0.5739065694685319,0.5375775649160071,0.5044984298266099,0.517257671102038,0.5537181069064842,0.46297488256043945,0.5304076895129256,0.6286620577989492,0.6152372347671643,0.5254998654220258,0.5597279997043195,0.6506468496579523,0.5777698295417186,0.5464055000070763,0.5694456430616454,0.6300366644415082,0.5641234454342781,0.6246885525572381,0.5257929431585611,0.5212040861177967,0.5768690897520767,0.5720450020426621,0.5121761339393368,0.598330135438501,0.5398485467408635,0.5445242529902863,0.5256157048548904,0.5463255622675379,0.5125076563257283,0.5325407753244776,0.5783657948381568,0.5609080017206975,0.5054856952801836,0.5881367580776602,0.5236101001320336,0.5189923717308849,0.5212058862911384,0.5612417687899512,0.5179714569325635,0.5720712537365794,0.531006955905826,0.5629262653713646,0.5740296420173536,0.525186910227809,0.4773655809800521,0.5654175339392543,0.5553908400464616,0.54068047560568,0.5302575313392678,0.5813648421217879,0.5580317121690691,0.5248354388679191,0.510596415255708,0.5573966757138443,0.5198075538211941,0.5348475098053204,0.6693908648078528,0.554588271684257,0.513854487935121,0.6078469723102624,0.529989994582618,0.5247152622513872,0.5651449014058033,0.5268219251012976,0.5150621121878431,0.5933533611992504,0.4952427169448224,0.567964178378833,0.6067854411891456,0.5521113401709951,0.5717610788341283,0.5710075837531593,0.6531471755662988,0.5236427617816115,0.6056890736506406,0.4754708053277921,0.6012354248640251,0.5527385731925056,0.520634360917254,0.5063135955308044,0.5892946123786768,0.622986887359066,0.4610738553921622,0.5586300399124335,0.48109612815478836,0.5018589732038902,0.49942067855179884,0.5992944595606471,0.5614782552402601,0.5954586857136902
0.5620727149725424,0.6248836591404181,0.6143817069936506,0.5376433788885298,0.4888547789083001,0.5562703498435577,0.5770671769624965,0.6616049589461692,0.5406306077209064,0.0,0.5662846228092682,0.5738916596154585,0.6145365009544812,0.554425493153399,0.5453032959106849,0.6298222110824616,0.5867659719487189,0.5966762776369163,0.5084869091200477,0.5369578873583433,0.5491016482346924,0.5685259613572775,0.5657492756354897,0.5141713263098097,0.686608112420641,0.5417141765479441,0.553852499990273,0.5633544335040809,0.6202158708560896,0.5298190231170797,0.5851542042035973,0.6166529494086814,0.5457886107177129,0.5484771563620279,0.5380675125576059,0.5286540501865535,0.5930462086132723,0.5714652636001013,0.5169279283981544,0.5658577636744059,0.522603102410426,0.5774043976345958,0.5611209543256771,0.5376099790332507,0.632389941732263,0.5782412779610133,0.5429203730107379,0.5144165629258456,0.6082978813402193,0.5082494865593494,0.5494564434754449,0.5210194626938581,0.48363206394370406,0.5293934783175742,0.5814840749891873,0.5813147962305634,0.5312045618635065,0.5829472882863467,0.577725184007854,0.5321026100893004,0.5514931954088423,0.4856989173785832,0.5249088099172746,0.5079199361568603,0.4818387281280438,0.5168097727636084,0.5641264699595248,0.5812291409284818,0.5926382610897715,0.6741664267455459,0.5544066443903898,0.5334661244893447,0.5033865581448602,0.5949684583537181,0.5805358754324945,0.5489527309582589,0.5646261920505138,0.5899741655584338,0.5519862355281682,0.47676765951862765,0.55288875737801,0.5145379104775595,0.6213157652772542,0.5679449585560029,0.5261506756000547,0.599152492733201,0.5582690194375122,0.5429635393364173,0.625052223096575,0.5470535595378684,0.5473165424728833,0.551572545887821,0.553024953853758,0.49632865973028256,0.5421407888299703,0.632770995714872,0.46350108258634914,0.5904375593886837,0.47357896075859507,0.5899299927157696,0.5294961101465806,0.5958334349705989,0.5142864660005996,0.6065109383996777,0.529521335783366,0.5879693934622274,0.5347512101719507,0.6656699183037839,0.5830388275412036,0.5436236301047561,0.5366956203800063,0.508649651058697,0.5246239548885466,0.5717968855299863,0.5416097208372105,0.5712716573363215,0.5831932974775191,0.577593859569622,0.542488300567737,0.5449786649282518,0.5035009052171181,0.5460840635472888,0.49667118515833353,0.6090501032626963,0.4752223434023227,0.6669215948109884,0.48859720160371223,0.5821903985358756,0.609087565792102,0.5601008765513069,0.5988601766295217,0.536565906067174,0.5163534754188387,0.4952715925798543,0.5030840929328366,0.4814653116459015,0.5608645049257251,0.537742591100695,0.5908520848752777,0.5629754290640175,0.5576057534619984,0.5677314806415975,0.5564078871591178,0.5120173785876133,0.5878792191582998,0.5517711611779768,0.527556294384158,0.622583680650497,0.6999687833920417,0.4686050718768307,0.5303393678533411,0.5781888712956276,0.48894167326380517,0.5735387693388705,0.6409234072390281,0.595023747013469,0.4859551293909348,0.6401521365740197,0.5089381389315255,0.5377748692144386,0.6009576053859302,0.5422921687773208,0.5346410243970211,0.5265737845545874
0.6292778680345414,0.6155149727433401,0.5863622586989402,0.5694411128218198,0.5228048574911135,0.5764585719642232,0.5741495660748624,0.5638720540342305,0.5201023003116396,0.5662846228092682,0.0,0.5725768689294457,0.6410051380432569,0.5606076014067475,0.5542500237604844,0.6531771464843067,0.6268116501416003,0.5804069827965175,0.5456461952553123,0.6035691267863114,0.6064676042908587,0.6429498274316444,0.5250605727181045,0.6240237910604752,0.6338329367048612,0.5811875187136525,0.49400005719140855,0.6083611930523839,0.6155229866665717,0.48652997750983645,0.5634106512036046,0.5910277681572474,0.5421289912027627,0.566542830610978,0.6086823283773327,0.5234037989488227,0.6475335936297605,0.5718217047389565,0.5846182176238545,0.6000393842909992,0.5269331794323951,0.5760408197571608,0.5514179672480806,0.6533070359034601,0.599363294854171,0.5344537632660403,0.47325895267398554,0.6654605997682724,0.6355239947134147,0.5227992362377383,0.5783647956733972,0.5652819276002429,0.4839562978027766,0.60546404988971,0.6325463441327863,0.525657323647658,0.5901970447201362,0.5697948715444949,0.5696498410642491,0.5254840828684831,0.6216872030081337,0.4537857320052638,0.5573383828974309,0.5040635272790636,0.5070768838707923,0.5392280592583774,0.6151769296322039,0.562680095757112,0.5287364769812503,0.6189513659942067,0.5932273348970769,0.536876233988966,0.5656196736520195,0.628360416163665,0.5821827137445659,0.5273121627173757,0.6210497288576721,0.5720912664026695,0.5306661285671074,0.5326750777093676,0.5498794912825001,0.5348170005991588,0.5684928523625563,0.5665193675062415,0.5442807234878833,0.5803536145076647,0.5987221523325564,0.5047807120232443,0.5252735068659519,0.5352328411744883,0.55279199937111,0.5093728145303913,0.5643967065229414,0.5663056893859986,0.5747679767489542,0.5746331808813757,0.482749624235169,0.5335449098098045,0.4779230574237351,0.5553985285909205,0.5788146252856624,0.5667919754477064,0.485621590722213,0.49853610620324934,0.5273145125718429,0.5420486977515044,0.5188412068418714,0.6022758088791799,0.5318204801138322,0.6391226534041825,0.6481989849698521,0.5296166186784605,0.5836948461793341,0.5320316254705398,0.5484760712357004,0.5863416129745401,0.5539528988150766,0.5780337370721973,0.6078585893338075,0.5089695308859421,0.5758444256035751,0.4891082038935068,0.5844488503698271,0.6372872132427763,0.5452695446471695,0.6308694207498602,0.47327556761017325,0.5554683836687236,0.599749386120953,0.5337952545858274,0.49853504318047087,0.5584410045650361,0.5774667910320332,0.5770577069469095,0.621252116679275,0.5316660423095622,0.5515754142116868,0.5618680327861301,0.5825132927625817,0.5298389892037819,0.5420499697547528,0.5803346729056098,0.5533386900899254,0.5118209431611496,0.6508465516375358,0.5152619123058487,0.5395694152902153,0.5223992609197912,0.5863995676265773,0.4624247866128087,0.623914110665397,0.5403870353151741,0.5487885327909262,0.4815436019405854,0.5895371959864545,0.6307869490135836,0.5985025321266907,0.6022471488368217,0.5823277965736618,0.5727732322173111,0.5087647425001626,0.5781794179639924,0.48319162640351315,0.7023613394083824
0.5491623666315829,0.624381624569444,0.5778047454907492,0.5615939299371787,0.5504750752481969,0.5600004695061654,0.5947054846667571,0.6316015148424466,0.5572318246967269,0.5738916596154585,0.5725768689294457,0.0,0.5202858396309983,0.4802180725009385,0.5676684699634665,0.5943601977991716,0.5914514120632653,0.5324957423537786,0.6358482367778578,0.5436223502167168,0.6258484651089371,0.583972331184037,0.5676454065186102,0.5648021326322153,0.6142180468533697,0.5128942056754968,0.49388107950696414,0.5534058042122549,0.5278647540884908,0.5699270058512348,0.6226783394868515,0.5793462295836349,0.5518142882956976,0.6107768673443756,0.5385570532611601,0.5560510914246563,0.5261801052775297,0.5373753434261632,0.6328921524905834,0.5341880561022767,0.5566699182590672,0.6040662476169371,0.5515670620229788,0.5679725811309301,0.5965519778167939,0.5549773359754429,0.5227774134389266,0.5005092179487692,0.5843466016073741,0.5383956463254247,0.5892617550940852,0.5635477555915911,0.4900746407774274,0.5938242131126696,0.5866971736842843,0.5388003512461575,0.5753274234545541,0.6888669555574107,0.5187985337834803,0.5514794067645058,0.5214089540707313,0.4679994982278379,0.5327968722616057,0.4892633808299127,0.4993540523165165,0.4980598835806465,0.509107285757257,0.4983804148525539,0.48990167853497746,0.5792734401946142,0.5434545759513264,0.48796574080139654,0.4868438599039113,0.5865351107451884,0.566290353963721,0.4864576960606254,0.5617318492272636,0.5686589071550213,0.5337379216538263,0.4488958333316964,0.5002401438066423,0.5763019047859395,0.589447788109266,0.48624747178194305,0.5425253207627095,0.5895832096588175,0.5179460947867262,0.5022203677862191,0.5430231035610336,0.5443554814197479,0.572567741315864,0.5969778956590869,0.5751032858802565,0.512082161962751,0.5295077517368836,0.5662287090569753,0.4881442712054319,0.5959827498845744,0.47500667076929587,0.5481695426628139,0.48793659542085027,0.5814906682752292,0.5124477863398599,0.5699557109108586,0.5283385669595719,0.5603317246801995,0.5426122920767588,0.5929534044958453,0.5398059044457594,0.5476355769822596,0.6430512111161805,0.5315984797816726,0.48238532367556275,0.5263145484279065,0.5136269045960641,0.5798058977609941,0.5551205686973963,0.5637450363046441,0.5307917000866498,0.4972471180426519,0.5315462651262143,0.5129946006973632,0.4961633387407882,0.6154674804742224,0.46239314726040215,0.5976668699718379,0.49493088459844753,0.6120360418032055,0.5849408391029165,0.4874018664042319,0.54604950232093,0.5487498737238259,0.4641040435975145,0.5479778157093306,0.5292344164044241,0.463196392002485,0.53620628935934,0.5203360129849428,0.5278652374856371,0.5918646799610499,0.4779057711301867,0.5351204493945052,0.6000319041241107,0.5307491814222327,0.5545125602384657,0.5401176292131561,0.6212088172023266,0.5330180309686547,0.6010336109876774,0.4724304024637225,0.571015076004677,0.5325981695102513,0.5729200310822525,0.5275229071533583,0.6695187924516083,0.5470292107402852,0.46952817513055495,0.6104045950071516,0.47192700379588964,0.5120562728695849,0.46943270661969194,0.5160725364450985,0.5013233376758746,0.5719515255911883
