0,1,2,3,4,5,6,7,8,9,10,11,12,13,14,15,16,17,18,19,20,21,22,23,24,25,26,27,28,29,30,31,32,33,34,35,36,37,38,39,40,41,42,43,44,45,46,47,48,49,50,51,52,53,54,55,56,57,58,59,60,61,62,63,64,65,66,67,68,69,70,71,72,73,74,75,76,77,78,79,80,81,82,83,84,85,86,87,88,89,90,91,92,93,94,95,96,97,98,99,100,101,102,103,104,105,106,107,108,109,110,111,112,113,114,115,116,117,118,119,120,121,122,123,124,125,126,127,128,129,130,131,132,133,134,135,136,137,138,139,140,141,142,143,144,145,146,147,148,149,150,151,152,153,154,155,156,157,158,159,160,161,162,163
0.0,0.30994538351161444,0.30484921137256166,0.3147954884176048,0.2900837574577955,0.3495846541951438,0.27327068354320766,0.2844467428415205,0.340393800922352,0.31654859559610155,0.3371047435783942,0.2739109322632897,0.4752194933583212,0.2828036993957415,0.3179365687059421,0.35764264417078806,0.36377959053461095,0.4293994303543895,0.3015046248098991,0.485156438800474,0.331314403029911,0.3317771055387891,0.28858758159927395,0.311068176954593,0.4108275547476145,0.27978607937624533,0.27566202413961505,0.3556068386657992,0.24998519646624032,0.26459193514657836,0.31840657088171137,0.34890293892919066,0.2843332877758964,0.30260056663531765,0.3936453002423332,0.24453220675635418,0.41353051682430914,0.3151718651847847,0.24424904042369724,0.36666328243492846,0.24971687790408928,0.33215474482173235,0.2934830700918831,0.33930106529073556,0.3167681503935549,0.3854943662718785,0.25037922578493954,0.2966876728763302,0.3438028817254366,0.32056783981564113,0.3382015401119026,0.35302449152454124,0.26963034415804804,0.29678410529343124,0.2561749768658407,0.3158161026367016,0.4220748780608788,0.30174980704770266,0.28793887052402983,0.3161977174139797,0.31106475981390497,0.2321703993333604,0.3165700798842995,0.2247033000218755,0.30264400175102113,0.3582313426151871,0.3713414908220213,0.3479549748934908,0.27376029165168025,0.3414276248741074,0.40350589626249533,0.29536704018305426,0.3520410138798253,0.36532952933571394,0.337951389257947,0.3468822024922344,0.27403386468307817,0.29469652681461944,0.288521043767189,0.25862227441191515,0.31172229820435693,0.3468071537952434,0.3217385981401964,0.3085781941219214,0.32649166949828756,0.3624589155193889,0.3214882878348724,0.31355657931225694,0.37189948018410485,0.2940516085101395,0.35602906811727963,0.2894927199192318,0.29481705519975804,0.3526984883838581,0.33164630597297023,0.3034378860431324,0.22696556099629442,0.2948849959035427,0.22263061170453954,0.3727315206374961,0.28369473148461927,0.24435771489784014,0.2666718451534441,0.2568019802504242,0.31592084234279927,0.35669363489851097,0.29829892255221924,0.36757920929969906,0.31242673774073204,0.3114757007920685,0.32443833973038794,0.30728768397235556,0.36306769348746765,0.303196769057875,0.313404345554403,0.3719716283539415,0.3444750568360365,0.300429359873528,0.3006560294653935,0.2799969480929603,0.3086093805332486,0.24015913212870782,0.32339008169473943,0.3955744440011596,0.29225133383328095,0.28895077987691864,0.2488195939805571,0.23557960014360765,0.26713864299417633,0.3249189813185215,0.2712690917495839,0.3217655852906143,0.28725231088250097,0.31183533163506627,0.3045324097356569,0.3084550969747684,0.3232827501026346,0.3268329090065625,0.32853375842422106,0.3075954333945668,0.28691312215980297,0.2937786821691936,0.36051731010102755,0.26805266076971523,0.32845855005668473,0.32664604414557924,0.29384309692089533,0.29153565899576306,0.35219998047079093,0.18150954596291563,0.38248472455912824,0.28180469511341283,0.31777190764842966,0.23209338975005336,0.3292962700858027,0.37233851732405665,0.320983664629392,0.35659766702723283,0.3312902484262559,0.3244227288542607,0.26592519392851877,0.3626400855514829,0.245149306453577,0.4431145742467593
0.30994538351161444,0.0,0.30386502889848166,0.2810545934220058,0.2586535326894502,0.403606990875501,0.2843550946031821,0.3468661281637831,0.2983355033763402,0.42739123867723033,0.27380890400060653,0.3308462438839839,0.3212141849550587,0.2963058979364696,0.3101533472564302,0.3234430634137795,0.31900693299051586,0.2798055894286961,0.29724340930088466,0.3492640728633931,0.3061264229025029,0.3650723740056749,0.2738370529110454,0.32731110947023495,0.37556735070362046,0.24167023418247877,0.2586355863799148,0.2963726801055875,0.35283502744409456,0.2362979359927951,0.36774286831018127,0.3321517634674744,0.33334754521143806,0.27722467287171837,0.3550074095773212,0.271237517921657,0.2845820418818671,0.2972529528896974,0.2823206009844608,0.3191092010975189,0.31050513862975543,0.32900980731664237,0.23506170603784945,0.3065168259758694,0.3515171066114066,0.27847659817922776,0.28560290188166804,0.25711231879877616,0.30744968228823316,0.27899065013598645,0.2602737440233396,0.3044626194360198,0.2943311915055033,0.33540937021132333,0.28853438544072274,0.3661077891191992,0.2969374730119156,0.28301351686219905,0.2924014207674413,0.2903129883410035,0.2999717856228278,0.20622393979587103,0.24408411224953303,0.24315476517567086,0.2526149695978381,0.25649913963002874,0.28027648083010226,0.26674771560709354,0.23082244157074802,0.2907919753463224,0.2879518596083339,0.31187256414839115,0.24509542257444714,0.29969316592289585,0.32927592496247493,0.2874943898100191,0.23943978292189919,0.3383796796965644,0.25068814462212424,0.2431196505193074,0.2916164870219269,0.2745535617808476,0.37256919927668963,0.2822040838105634,0.27686651431148124,0.39893886678642787,0.25177769815018225,0.240473083327627,0.3110121030298823,0.3109527815077025,0.2460538500404886,0.3124899225936953,0.30617673817480867,0.29023427115500017,0.286959459922859,0.3976222061441633,0.251583232740248,0.3617354034760987,0.22341282404391224,0.32088272715404526,0.28663706609057316,0.21535532933594115,0.20685617651664365,0.29773818034384836,0.2612499572299151,0.3036176455947499,0.2633206348662295,0.43404031616538563,0.3050882280164215,0.34901662423852575,0.2802836306022234,0.2550828494763796,0.2723903106720804,0.27075951556680533,0.289880075195182,0.41523516573885466,0.3397530081584181,0.2550462744309061,0.30540529331541677,0.25997672163367413,0.30745655825674784,0.23028287156927849,0.28862811597345234,0.3348426293371693,0.2862573340086394,0.3584487391873983,0.24154831880511596,0.28496961690548794,0.3576358816167252,0.2890447688741733,0.33908733626052545,0.28661762845533834,0.24013492028343913,0.3137167595470337,0.2932668144625246,0.2859022782576982,0.3420663080332848,0.3307895052479188,0.3214541106863658,0.2648442623043723,0.2849308389755766,0.3166725310484031,0.3444432874980975,0.2581704079929387,0.33009759391374777,0.27625529253931935,0.33043738258405814,0.30734767852381595,0.4179540966631511,0.21287468299708315,0.26848581222037393,0.31245322479877535,0.26399054275348577,0.2932898003194386,0.32205655836857205,0.297964866022509,0.26029872976060103,0.3769883900411256,0.29476440792838093,0.2600347469993725,0.28938529798041157,0.34505541629803005,0.24513578467220892,0.2913102294984787
0.30484921137256166,0.30386502889848166,0.0,0.282249304132941,0.31100285502757585,0.3136976637661,0.26102307104479605,0.2881917287325809,0.28505631838364315,0.38712332917265696,0.3164206696007491,0.2991188081841625,0.31265861090511204,0.23880261798173263,0.3218883058747176,0.36668910768075685,0.31677134255422357,0.3176321507509572,0.2758449020755127,0.27812310308287735,0.3487676049746987,0.47814506976977594,0.24700571322900983,0.28152534993906914,0.32383800535473245,0.2728379962141439,0.24549812783088384,0.2667353659853148,0.25591487813978947,0.2405568488733483,0.2805237007999712,0.2993764147065406,0.27600134229900836,0.23261968538363922,0.25795092271188935,0.2573937588740077,0.2917029375771639,0.28967078407226904,0.25917038550027943,0.2877754657723257,0.25374662690354544,0.3123953400933382,0.2810846326380035,0.274835690595663,0.3060799767907294,0.2767618391706698,0.24753390879857246,0.2840752617536971,0.28970893444132245,0.272033517928628,0.28561391602048014,0.29880427456500486,0.2126228087102947,0.3320548305141581,0.27893116607283425,0.2356159622342452,0.2725642994462048,0.3148956606578385,0.26374766153937046,0.24240642635406168,0.24877461522168634,0.2049536021980363,0.2966755177399451,0.22623228372032558,0.24817580365981476,0.2586028387201945,0.25626360909425583,0.3217884934292697,0.3060971379905047,0.317084694835174,0.3271722121800333,0.2309211944005155,0.23902058384133232,0.3611638197582159,0.31432503305290665,0.20694128010084226,0.2681372513014421,0.2858587643450611,0.2344579048680882,0.182594997985049,0.26204179315532006,0.31874184511257336,0.30532612694917227,0.24965711844433644,0.24243449909728673,0.34015905186395706,0.23001574718388207,0.23455483114070302,0.26080156081951855,0.22552900456512082,0.2949289261951574,0.2384874789421162,0.2695289900550811,0.2121398579241067,0.2686818611953067,0.3103362873182021,0.22911502627254232,0.27809241664511536,0.19526552383958745,0.2631925603961705,0.20819675128667176,0.2427061990379272,0.22252412356126916,0.3219194905864133,0.2555243796609365,0.3209869596609857,0.2642496970159077,0.30635779977551836,0.2611853963330026,0.28187566278241677,0.27745920187697054,0.24021953280414526,0.24324774079666853,0.25257796538185856,0.23996147043808244,0.3031989806562499,0.2308457436809409,0.33789950183971285,0.2892767250081066,0.2410857963883136,0.26995278085475427,0.21556179778308324,0.2147735033425048,0.30108819797893727,0.20270091489299888,0.3181083936693589,0.21603082631367207,0.25421317346686506,0.289665130769703,0.2927249097335147,0.25498130969257005,0.37679589345894604,0.19567194619060022,0.23822431348437573,0.29396837801981746,0.2389917459550273,0.2361703840328831,0.2651706683750978,0.34021914057853125,0.2655044047243353,0.2576403997060967,0.26347324847016806,0.2676790053283958,0.2709318271431386,0.2713495187817164,0.25059291246271725,0.3396777570599938,0.27499585557699835,0.3733672240472005,0.1900526849050173,0.2408246216162266,0.22466982165504495,0.2838775089015043,0.2784017555871505,0.3213899385877959,0.28614598694671356,0.261796343744287,0.3277354692557582,0.2115716219413445,0.23312950151247455,0.2780972658320413,0.2146836213606546,0.22732363244023066,0.2977654944066036
0.3147954884176048,0.2810545934220058,0.282249304132941,0.0,0.297040282015539,0.26929260317130577,0.3246588521270571,0.2957937580318707,0.2739518470213724,0.2952623130486624,0.3273314560741798,0.2986666073419637,0.3026845251935771,0.28435888351290256,0.4012203921547147,0.30830150988299027,0.3466398574382393,0.3587053909824168,0.3378632919826511,0.31021115007869293,0.39085663176638136,0.3015949790701422,0.3005933082642379,0.27891609700824493,0.31892344551624496,0.32971685070930806,0.2951852873695113,0.30832508218948895,0.2587612653477127,0.2295788957328488,0.3239116577979144,0.30281855182246553,0.4232512897305696,0.2866793197514283,0.3219574309680127,0.3237246575806459,0.31377283174789844,0.3574570170990275,0.3404217693384517,0.3922751219992124,0.3316966054988295,0.2709778761893243,0.3547906568466493,0.34722521395544015,0.3213151814984062,0.37283968355855285,0.22235642766155045,0.3001584310312364,0.3487369421059664,0.35640516412972734,0.47253916771307247,0.33969174910812266,0.31111168403323425,0.45061888283095153,0.347778538473567,0.24111093625509653,0.42391345318916257,0.31168224020397267,0.3550061041749977,0.36065002047700717,0.3311400302050867,0.25870454584135094,0.35052164723404844,0.24644671482937727,0.3573964418679858,0.36327602906676504,0.36372186359169084,0.27315818999369224,0.3234611897258215,0.30264699066620776,0.3416990179456962,0.32608570213481464,0.27938915212398746,0.4816342072710514,0.33574457174978806,0.2663044154526533,0.37952014765331016,0.3442446492224679,0.33466149452750754,0.2189083780498294,0.28613683308202537,0.42710066822722087,0.2862834685808367,0.2819425933917087,0.38689681252839725,0.3162653746649025,0.30356549579124076,0.38801453585639195,0.34398701618518335,0.24767685906027145,0.3590978674207433,0.3058920071388385,0.3291883353276669,0.2980177916136929,0.3761747095209955,0.27326655534075206,0.2756993110594929,0.27870893136036934,0.24921021280052175,0.337722488230656,0.2940893221465913,0.31713177272520765,0.351283073968652,0.2752588128276742,0.35493421489174,0.33302840523749305,0.3719483517046903,0.2835260695041218,0.33792644052638765,0.2549633793307737,0.362392973322021,0.35130482322251044,0.33215864989679883,0.37652429438105334,0.35157807344227016,0.28497168080279284,0.31568651734074116,0.2920680673121515,0.29210362285347036,0.28295977436460634,0.35487340020374647,0.3184939786502065,0.26608407238693804,0.34881465656526695,0.2551301607493226,0.30131641888575,0.2850504704986037,0.2754622502857239,0.30889946478666,0.4210042383735801,0.229706956692188,0.35055421483915505,0.27986736754537506,0.3142342668192152,0.328802133852529,0.2834560982631729,0.22535534615084787,0.38784526110215595,0.38110459286369175,0.3750532989517983,0.3684765503322995,0.28600740222619514,0.3925860642929095,0.33222076775450404,0.33610881953866645,0.300172708487528,0.32554084490894336,0.32142494950994727,0.28077938492525256,0.19321750935954624,0.37714903149718004,0.334859586986922,0.37117250712309446,0.2462381659229766,0.34443485049949757,0.32217936749076587,0.2655470416673596,0.3218761577452607,0.35908582314151327,0.3082047243682319,0.31722342852653446,0.29252489076648064,0.3147489566291803,0.3261129725311195
0.2900837574577955,0.2586535326894502,0.31100285502757585,0.297040282015539,0.0,0.2394840464839987,0.32773459911739994,0.24262301784837287,0.2572079988683087,0.2945318014113735,0.2767713766510986,0.2532839392989003,0.2611741388278422,0.2563487994828328,0.2982630352513235,0.3044531746034017,0.34632149164401654,0.3494602691721912,0.2630931103866179,0.2718571051370556,0.3506091877695149,0.3120186759513784,0.350105578379115,0.2748396331568808,0.2843958719922616,0.2556871602311463,0.29152482942607716,0.2666475350628883,0.22441538764027513,0.2875815570724967,0.2490037154529216,0.2543930156612927,0.2708981728628073,0.24675978657167455,0.29795943299769595,0.27031183180550666,0.26586934418287506,0.2824386263308615,0.24749208489216148,0.3196159642030635,0.28908717272459405,0.3546253101430844,0.2902458106029244,0.28547299491260925,0.2458674815688256,0.2933834737324058,0.2874775592219159,0.2457477493178705,0.3350129760766462,0.3081280028159997,0.3067606449996248,0.28375211455885313,0.2702594696415328,0.2690374033932956,0.2374216532300949,0.23598261032942744,0.2787568384623632,0.3473826081959831,0.2870714207082555,0.281205077127375,0.2123540501818759,0.2218410448073571,0.2612671444915983,0.2503972477826047,0.2780893607507066,0.23475775156580472,0.25009937462245513,0.2656983786373403,0.2820592966032827,0.2902474772987142,0.2789923062668946,0.26110506313507925,0.2421807208626866,0.31888701418411564,0.2718136558138314,0.22704183753714827,0.26561872861074254,0.40747026235303263,0.23636451324073526,0.2045500022878932,0.2635888254555935,0.3161704452820209,0.2937461650838919,0.213834053796114,0.2849842174580725,0.2679873092677095,0.23423915383176502,0.26622704211534637,0.25926229870272405,0.21285798486565224,0.4223298809379763,0.30998930751061654,0.3161334852191334,0.21788699555448474,0.3079523034800599,0.23898095173423556,0.19538435537506924,0.2665258474619714,0.23114116151511835,0.2562125223783905,0.21557356624296556,0.2382298114019835,0.277187416423827,0.27383522908368535,0.2578902055673676,0.2989221414009481,0.2705808548932077,0.322281590682846,0.3456599581941196,0.2601910452766098,0.2894130574619513,0.300925912989256,0.2334045520855396,0.31507078951638834,0.23842121679691355,0.2921145240646233,0.25757591251463285,0.2759841868065242,0.2609995630613461,0.27552126170130364,0.33572232970516824,0.24326402037733433,0.230035409255559,0.3146641774946408,0.2192113755420548,0.23450151934889432,0.25475844617967547,0.23831858177402943,0.24918113093446867,0.28067398013708333,0.2591728469844104,0.29387641015635285,0.19505249776283795,0.24917993246556702,0.23883850440331292,0.2512791111126496,0.2262849040784536,0.31041971745734037,0.3061084906764857,0.3213267253971541,0.2267505909990501,0.2739143069103753,0.34730831047124844,0.2961262752080985,0.282157437864037,0.2740030740079652,0.287164694854682,0.3124635703590982,0.28131232863666344,0.20130999438527114,0.23541311394988934,0.25975118542738873,0.3398016694523294,0.29491277113567094,0.3250899280743006,0.264257777071578,0.22601265413364638,0.3063500191955876,0.23666541820701023,0.24030664724938314,0.2678638901487601,0.2408762609523868,0.29127084753581,0.33867830472564675
0.3495846541951438,0.403606990875501,0.3136976637661,0.26929260317130577,0.2394840464839987,0.0,0.23661353469180457,0.31721279838251887,0.2957101947723437,0.28515103400265396,0.32829795631571007,0.320691885507563,0.4063319844211006,0.24384528621146867,0.3104936604968396,0.36139293334592487,0.29227006256098575,0.24864261332400617,0.29421626881496316,0.3725840820268112,0.31622353735334197,0.35495620557073543,0.21321591561801,0.28345682704263747,0.3544163977668509,0.2513221118368093,0.23542922736537417,0.2603826580418428,0.27787401865324995,0.23786795280175776,0.36008243385565647,0.37888695594911354,0.3394934533993419,0.2587463229519457,0.3159335623839006,0.2641053181076283,0.3571858509276081,0.29862800912919674,0.280659945522198,0.25506091274397746,0.27049776255830593,0.27958533866091984,0.26113092882741457,0.3414680758164833,0.3262580724820522,0.27021345549117326,0.24846022738944765,0.31641164667427885,0.24852476057925832,0.29266118110634376,0.2769269992892599,0.3145226292584701,0.2433217934732729,0.3298048262497712,0.2782073053620152,0.3167313734289982,0.2937391794977534,0.3350480212845679,0.22991394820721567,0.26201902961619467,0.3494177670783615,0.22869742679969218,0.290091455126958,0.211056627370706,0.2392538981240609,0.26585688733558704,0.2997055200638716,0.3248521527091473,0.23150576405494136,0.2900815930179161,0.3244002150002654,0.24976792123745628,0.2673097987366864,0.29985649918575924,0.3487318667268464,0.2676599403050743,0.24843683750800863,0.28456636924077944,0.2519267905699651,0.2638765834172273,0.30790448413040844,0.28982209332841125,0.31832107868536436,0.3240956379137587,0.2629103134001481,0.3562357953845754,0.3178376204203005,0.2460110112422214,0.3110848700014124,0.2970274187715192,0.2626112459481241,0.2906984174269155,0.29380725431948873,0.2750357489465079,0.24691230907642156,0.39276432118662846,0.2753067765851223,0.3139339915914767,0.2045169718214689,0.28423726421579404,0.27488990917470246,0.22285667328377995,0.2161486994081207,0.2611025964521035,0.28888864982393053,0.3387269806209676,0.2788456237347788,0.30925809375761587,0.2572164009083978,0.325350787489941,0.2811713285922243,0.24318884371346963,0.3351511825886528,0.2693199884832187,0.27805958752207466,0.3216570854455818,0.2885518604870017,0.24777281448891728,0.3094584373849401,0.24110807118608596,0.28301353701052245,0.23814138323658776,0.3008846727416366,0.3231682676766833,0.2959545572762077,0.34669423634045676,0.23300069114956343,0.27287306083604485,0.293018236394859,0.26736172091645716,0.2832328827376467,0.3518488502149956,0.27665499333245047,0.30170713233129387,0.34891530973041746,0.2731711500383805,0.3302017956555317,0.2726357169798701,0.28664617989784824,0.2677525247160432,0.30340945005261544,0.3101652659980692,0.2770068768838053,0.2614123945423933,0.3332487709146194,0.2636596117503457,0.34588930937858964,0.2805599706564503,0.3410685625883158,0.1921194554264578,0.288514713053501,0.2597595560089651,0.24526268509710392,0.23603295533288635,0.3213987714884138,0.3347667272085568,0.29521262014439664,0.34669131816393317,0.2710085182935917,0.2618910486226316,0.2310845348552933,0.3219557635697938,0.21646925259457692,0.300286996019924
0.27327068354320766,0.2843550946031821,0.26102307104479605,0.3246588521270571,0.32773459911739994,0.23661353469180457,0.0,0.2400581455689568,0.23226564134188415,0.3153743239463628,0.2506642414161293,0.3039635191109004,0.27241845311231894,0.24415386228869457,0.3833852391661188,0.25131548579981583,0.2850765868842164,0.2939914909249777,0.29790892996541823,0.24701839217406596,0.31064723167872393,0.28418895272359096,0.42914192287463165,0.3367634535221031,0.31699914131348644,0.26259647350942966,0.2775644920292595,0.2683246612338223,0.2374269097159569,0.25844149434386027,0.28563536088868385,0.28435856548631355,0.3015140500157013,0.3152958793367422,0.2622301494587,0.23454044235337757,0.29927918965272043,0.23619878792394247,0.2743397874025803,0.3789958515186538,0.278551947698044,0.3131076067418792,0.2900452887362792,0.2816624800652316,0.29213866921875126,0.31487758169754726,0.30080434456226407,0.231341552021557,0.43308122761459067,0.25578436385477044,0.3351923535632877,0.2629264716963197,0.24622801880348857,0.2916621982813493,0.27265922360537564,0.2622399923722999,0.27982596947561783,0.2609441516605741,0.3404026326848561,0.2675828822003214,0.21805616563359598,0.20886031556350854,0.22788129162989507,0.23612736590667677,0.28041156698858616,0.23974968701058177,0.28909442215811754,0.29982962578359545,0.25302477865527473,0.2474498585239424,0.2795857728313774,0.2558144308527167,0.22148945632446237,0.34334995516293093,0.22188935475477733,0.2717900114446452,0.342908302117323,0.37854661280276375,0.23568703881097014,0.21734959834666023,0.26113766470086813,0.30782372922921947,0.2945198211521186,0.19550827150882963,0.2644718586016295,0.26660451521825207,0.22204252355608162,0.27794281882750516,0.2978196482222914,0.2303424195614584,0.28830504667950646,0.3388417157313733,0.2805187897224035,0.254090482298295,0.2834867294465625,0.26965073206815554,0.1975736300966995,0.30949237033413235,0.22439839109986753,0.3107864682190649,0.2390169857781666,0.26451995275110973,0.28012333165225495,0.28637939120983613,0.22765824544094415,0.3033405765075968,0.2606811784444519,0.2998663650373667,0.35425048506859796,0.30101935440128846,0.3659386860254633,0.25654233086750844,0.2378547581773729,0.25020145921521847,0.2355038426590593,0.27640276969871325,0.2819735409847095,0.3034922945913153,0.26003556147338447,0.2276554305499907,0.2786492229369616,0.21835257117192075,0.2271996240661802,0.3566865200375567,0.2153737650186978,0.26915135059969186,0.23355710788779624,0.2691926575759655,0.24199848951218855,0.2920829801528162,0.22923555996256315,0.2385742577090709,0.1996430084016434,0.22226826586640216,0.236975449008577,0.26340533017517787,0.2505361784131151,0.3283411159353927,0.2903069383758372,0.3046607367399366,0.246965161059456,0.2393043276976832,0.34575088836213497,0.24121407302129386,0.27498367864322437,0.32337167208807044,0.2844948389848685,0.3290102097164952,0.27413749932864473,0.1749084416109429,0.25740803879277546,0.2798485082078812,0.2819146644013091,0.32469009813767086,0.34397422308383435,0.2839627996459655,0.2721126360606842,0.33251921396315964,0.2713325328884827,0.2811177134256113,0.29465569070986936,0.24184342559837022,0.28682192668530493,0.28177954521617954
0.2844467428415205,0.3468661281637831,0.2881917287325809,0.2957937580318707,0.24262301784837287,0.31721279838251887,0.2400581455689568,0.0,0.335212129947428,0.30551294161492576,0.25818785682445955,0.33528296300589955,0.3099012914153856,0.2282618527500567,0.3201092029963384,0.31822815548205596,0.2939418286399001,0.27332982103509784,0.2950788606857722,0.31302509158633185,0.3124558244583531,0.2914453747508608,0.24325541309444781,0.2537468395052022,0.31317391298854563,0.25509121160392145,0.27531415851922403,0.26850466089573677,0.22082572837825035,0.25273586183918356,0.4269305677577412,0.2934067440391233,0.3337810482431018,0.2528891020646146,0.27702155104517834,0.27493656299925656,0.30619706061994756,0.3301695572715572,0.3129322627675046,0.27250320879002393,0.27894106900692917,0.2633632728761848,0.29665565920896986,0.27357042834361106,0.38559631863894006,0.2986502782794791,0.24732153003500232,0.24827045115868554,0.27066612879500274,0.2881180312500376,0.280250648002773,0.27481474829668934,0.2465102044616615,0.302620571975168,0.2756834685818957,0.2598493334242769,0.298225106465337,0.3708633981475023,0.25951404758267194,0.2675206141950802,0.35954408461534715,0.21213111910649912,0.29914952897575414,0.22510784089665817,0.2448967582268602,0.25361140165967583,0.26981777063322765,0.2683578351589492,0.2727188916805302,0.4159777205353475,0.2947690948255969,0.2624101871623543,0.2296856234335658,0.319180658154646,0.35303976775785434,0.232827355885917,0.2868149544980938,0.28154730608892825,0.3240803447817964,0.18853344803217534,0.2442854684692626,0.31046579946924685,0.3232109730579207,0.28822516993410435,0.28610145335304793,0.3987405573949657,0.3530592867701758,0.27400625034899156,0.3330952143178458,0.2733266116977906,0.2650014619650137,0.2805001235681999,0.2716655586753652,0.2367717896443401,0.27449097732882644,0.33180349731643066,0.2961555120980404,0.30122769630102986,0.20268584632358946,0.2906179625336201,0.23732544779384895,0.3088652386751225,0.2357033708351606,0.2946015528548767,0.2987865604799435,0.3355747093515485,0.30065137331172676,0.32981833371493885,0.27374369201561766,0.2552915367471301,0.25009089456230693,0.26499151184199954,0.26012593586646277,0.3017382298767459,0.2788428294602539,0.31161443200611805,0.2797039712515916,0.2516351958858596,0.23886203232967804,0.2416788640862719,0.2764648213871772,0.3418053018220662,0.22473493482691442,0.2950805230468728,0.2276767187191111,0.29482027253528315,0.22431863354876533,0.34690549351538236,0.2722718619552736,0.30026412517747586,0.3020960297546876,0.3156092185760685,0.2584331531780432,0.26087828287277315,0.2889220888693271,0.22971342744155732,0.27958302991725403,0.2888546159405904,0.31996383061080363,0.310311554240954,0.27912283344855504,0.25060069272307983,0.3109445971128928,0.27340210034172086,0.2982953001041158,0.29709101379114755,0.3857449842306235,0.2908925139719043,0.33566178800243274,0.187607542635928,0.3066282686813032,0.28214650125782675,0.27162062040771023,0.25455109793973796,0.3555740753612378,0.3279469760587069,0.239248523768608,0.3364476802497196,0.23365138039878905,0.23374088373518132,0.24244025421832036,0.2620539255872608,0.23925866846941307,0.25971137284251405
0.340393800922352,0.2983355033763402,0.28505631838364315,0.2739518470213724,0.2572079988683087,0.2957101947723437,0.23226564134188415,0.335212129947428,0.0,0.2748347471953274,0.24918578492285096,0.2946504421890938,0.27808529475852056,0.26908354969962706,0.27439271163171225,0.29994005271482516,0.29466176511991193,0.31510964842883477,0.2588784923605291,0.3115095261152023,0.28028471263389476,0.32494730699919444,0.2372375732349335,0.23583943797128257,0.28930650089751664,0.2553945822982874,0.2946051492554623,0.29317186938457057,0.2119331732113309,0.33446515699470086,0.34685651584363486,0.2801272063165937,0.27860281031496154,0.2457452882478445,0.2925500405248609,0.23341612207139031,0.2658969743319017,0.350419921714353,0.24275060232308546,0.2664015247297891,0.24109917574862594,0.366343949582795,0.2368393401020467,0.2582404662619506,0.29190283447582566,0.28657598779330246,0.24648240320524933,0.213612091466535,0.25571919940352733,0.2701119831891807,0.26188151953623673,0.2920798322037375,0.2533856463430053,0.2670839957474183,0.22368195410673467,0.34428274726083924,0.30411083642850734,0.3153763362229447,0.23749153037918477,0.2433333366954589,0.2444294936241509,0.23112114953595098,0.2758102471708667,0.21924237827330195,0.26325087565755245,0.26681115405247635,0.2911655825251909,0.2778300276789419,0.26231298108790263,0.3204918535051623,0.3210210520476707,0.26192574958325304,0.2964915747966193,0.2830574901885633,0.3556847492197555,0.24992403211991587,0.23387711399380914,0.2498172697125855,0.28752342811063036,0.2115204245181253,0.258548970833815,0.3542946813124625,0.3694303021657801,0.26211337809636015,0.30388715816182776,0.3983136293281446,0.26982728884122203,0.27940132059666806,0.3101557779208401,0.3661864566788254,0.3179125746945095,0.2968322745440273,0.23877072828794843,0.24962012401104935,0.3190940604927406,0.3212979585150627,0.25831508347553694,0.30340063277661433,0.23398839287331766,0.28597992710190706,0.23805439200103662,0.21167065731225299,0.25710790710067505,0.25605117429094704,0.30532661830413216,0.31152565628525547,0.2460138774582941,0.33463670952044716,0.24702766182718694,0.23129053580153433,0.23580115704167295,0.2886436870213121,0.28421880736832983,0.36719115346494624,0.273974835792722,0.3716885442837391,0.28619435081686334,0.23522957785925586,0.22474902050904663,0.30639471626295256,0.2887228439387893,0.2702408948048616,0.24832371541391363,0.30023305277604984,0.2878098034450338,0.252460725643729,0.2500538150137552,0.24278906992751598,0.24126071362006857,0.28621284457061125,0.44403867791053914,0.34267244404235914,0.25147893870025906,0.3303967157205862,0.24619037945173736,0.2456789880819839,0.27875862377421934,0.270114730672033,0.2876064180343241,0.28568695695426183,0.2571325199116049,0.2635033488254181,0.3157324165120978,0.28483043628839017,0.27509541512696484,0.3094778942978424,0.4133562600908389,0.26177121351167887,0.30996951561535996,0.1986070799177252,0.300502980448561,0.2605343539603674,0.27147897391778564,0.2547187113384024,0.3023922843996833,0.29786955373207136,0.24304893236479932,0.33257330164296567,0.2530381524308637,0.2618743607999856,0.2349012440394099,0.2967588296576609,0.2811110816103051,0.3097215438019485
0.31654859559610155,0.42739123867723033,0.38712332917265696,0.2952623130486624,0.2945318014113735,0.28515103400265396,0.3153743239463628,0.30551294161492576,0.2748347471953274,0.0,0.2684194092142658,0.3110581201238471,0.29577338039376994,0.25893905531817385,0.323595101902847,0.2985578896890757,0.31211711586431656,0.3381371942149675,0.2998058090491962,0.30328552430016986,0.3180585548212538,0.34264430503881,0.3207290505503964,0.31034343216720606,0.4229583221179865,0.23257519784177474,0.2550874713630659,0.27608327598089,0.3242718718264078,0.23609460723845085,0.32956551641471143,0.3068248466607412,0.2668207332239304,0.2623248243901453,0.30715651161195856,0.24898540097362523,0.2991858243759085,0.2598161317768708,0.2494092255947903,0.33689642989560553,0.25235226818126005,0.33135114412277633,0.26964088708907685,0.2774762360832843,0.3153431383969139,0.28519527992403665,0.25811263272494395,0.2619324899161407,0.37769811215375865,0.2526245783234151,0.27753611786589244,0.27330618682832475,0.24774693241544624,0.3191949564762755,0.28822779600922477,0.2811008117779671,0.2888712946832886,0.2618568939186543,0.3332886243909285,0.26275262395119,0.2617635373908395,0.19329522818433117,0.2429288972421248,0.2289226462136277,0.2704605098535553,0.25680456872838237,0.26106340633438563,0.28334850239498455,0.26803320086464794,0.3026140796056517,0.2791802458174474,0.2938214148211995,0.22393352096461117,0.3335993652318239,0.2744373244238729,0.26444494418169406,0.25286441786565234,0.32916347593166595,0.23040443052290802,0.203924882178465,0.2701448896420375,0.29316309458410456,0.3549391706361987,0.23506329924553593,0.26702078051438916,0.3264269208342442,0.2416704690832445,0.25919493132020044,0.2939259764059689,0.23860449500709852,0.25921797448378114,0.28412808510832066,0.2869618050949721,0.24113779979853492,0.3002689875600701,0.33691986907204247,0.2090307121976115,0.31809279464826107,0.21205783608019502,0.2934803819870406,0.24410174783545482,0.24282704871453636,0.2302285547501233,0.3583582632143105,0.24313803438294443,0.28172714965278,0.255293790296551,0.39079255427735304,0.2975399794454534,0.3398744669620774,0.2918861170762225,0.24946743297139307,0.24718839755198405,0.2552828274631111,0.24669721852002574,0.3169238446164006,0.3006756907398082,0.3497116057989486,0.28887446203568695,0.24220989460350079,0.2702433802633465,0.21257700168969615,0.23583969423520212,0.3275193598345028,0.23164521446869835,0.3284929551670098,0.2193968939907427,0.2549495527517803,0.3259184370477673,0.2923866331790165,0.2903632954450818,0.2670869838301679,0.2117792577143802,0.23957985193285128,0.2754378312662887,0.25859283611048506,0.28580097589135794,0.3060034618114623,0.3663258518524083,0.2816938696113517,0.27194898020187325,0.2809948225679916,0.3383250547219756,0.24692377738677135,0.28660775779745473,0.28739617059890016,0.2815184395656045,0.31281327330789793,0.48922384588251544,0.18552426577496775,0.25426365926181627,0.30288312453548555,0.2731955702095206,0.30242492960179357,0.33072749827320336,0.2942129631621851,0.24726306968962788,0.34794028031979884,0.2699975630918282,0.25398941077798803,0.3133818603464352,0.27973261768704144,0.2527182875848169,0.28487580973808024
0.3371047435783942,0.27380890400060653,0.3164206696007491,0.3273314560741798,0.2767713766510986,0.32829795631571007,0.2506642414161293,0.25818785682445955,0.24918578492285096,0.2684194092142658,0.0,0.29369312580147694,0.3649249739396049,0.24465190384264318,0.2832362383352636,0.40817100179703886,0.35479847933145164,0.29808822333448487,0.3026515388336225,0.3201071737133715,0.32797856995926683,0.3617339548561515,0.24610843685823636,0.30025128682360797,0.34245691958621766,0.2852725847114641,0.2695210758196068,0.3435893580845016,0.2807981935125762,0.2455394331930298,0.27590903894208174,0.32260432308456655,0.27063511951028835,0.24399046460043516,0.2962028547314346,0.25128735640117844,0.35464144680517223,0.2901911473524145,0.3293438324762885,0.28766667335964574,0.2468575059718481,0.2813746007178223,0.2872545571042279,0.34190257767201826,0.27109138004514044,0.2621909455406863,0.1865098886115115,0.3864981445639403,0.3074606803661051,0.25696782211692065,0.30826457112734035,0.2667850997525861,0.2210549594123581,0.3499676049611222,0.32302180535137714,0.22056494953069147,0.31696731749524454,0.34220987529915214,0.26151967046505437,0.2549861414706002,0.3539744768021322,0.19046973608191975,0.29605898229057587,0.21437375101238274,0.227611990467614,0.27376001460765187,0.3146033353171161,0.2764793975724263,0.2977636231301771,0.3114530561515831,0.30149204701628035,0.23304357769126213,0.27982086680703194,0.36333390667677656,0.3468374369358339,0.2522803584912088,0.3416748440386218,0.27875879479072607,0.24709852551081993,0.23056967929427943,0.28790579337955113,0.2593744422465928,0.26881984085612654,0.29929857161679607,0.24983282803158907,0.2630452908378393,0.30603507615029424,0.25073035692946627,0.25973626277255574,0.23066096435789624,0.3134759600434689,0.20845671885493236,0.31585145215313176,0.27501908374008743,0.25650012729446764,0.2893539582175653,0.22120717447155583,0.22316563263605937,0.18732510735058083,0.24688054590165856,0.2774232010622981,0.27232600870893636,0.22813832203455622,0.22645164726961248,0.25013274130479674,0.2540363723377562,0.2715618102820222,0.30449432670376697,0.24331361189755882,0.3048591255405173,0.3587162924917654,0.24167481771384355,0.2871508098967804,0.30145401937994887,0.25661414788310993,0.27673645411182707,0.26400897580330746,0.3029301759102463,0.3178263231662117,0.2368854360661125,0.2818099975996085,0.22321958853462204,0.251391789011434,0.31883944746066645,0.24034293844161872,0.32379859663955135,0.199293751297994,0.24403439017159587,0.2705020019142719,0.26626567035192017,0.22280433531602653,0.34834547539198035,0.291413160706592,0.26811670130208576,0.40057468497219356,0.26532086330815324,0.2600005377289477,0.26123368562748583,0.31822243367135733,0.28882802911608996,0.31271313902911,0.27958803088136625,0.2447703296386753,0.2505400005686746,0.3478362622338689,0.22105148491595528,0.25969157846920143,0.271366384473488,0.2756370824880068,0.19876250504843554,0.3558505306780828,0.2520310609949806,0.3772027612994289,0.21789745979340902,0.2893169371587887,0.31748024461893515,0.3002975247990682,0.30895205657699204,0.2924311181202622,0.26450516714490085,0.2458617802209455,0.2748250773445353,0.22014337573596837,0.3876108208057322
0.2739109322632897,0.3308462438839839,0.2991188081841625,0.2986666073419637,0.2532839392989003,0.320691885507563,0.3039635191109004,0.33528296300589955,0.2946504421890938,0.3110581201238471,0.29369312580147694,0.0,0.27137991625503277,0.19224637430160083,0.3278188852670573,0.32317491566958734,0.29624121036756107,0.24531477585494618,0.35352017156295923,0.2831074218807006,0.3252280313052617,0.29757696387332166,0.2692115958790074,0.29661147773306945,0.34880556229467463,0.2480088587351168,0.28699982678182706,0.2610593455051584,0.24858277395571854,0.3096208232912137,0.36648523375657754,0.31653414047687967,0.31216016812096675,0.29369109647806996,0.24364164196730623,0.26392866279500415,0.29632270721062004,0.27790108401144176,0.3912328726312509,0.28141663199415623,0.28462752410497355,0.2733357796119984,0.28048132275717763,0.29509518926920936,0.29903434249434974,0.3126464935527866,0.2654979918994193,0.2705274637086711,0.2862166236853551,0.2678057822368165,0.314897572003358,0.2782962976280277,0.22566147095554945,0.33545055697839377,0.3353016388699898,0.2558078738309385,0.31309826632046917,0.3707919195496055,0.2290695705811772,0.26671927419191827,0.2533517253569327,0.2026380129838503,0.2531406453504344,0.21030238612725144,0.23311245660103896,0.24057944295580358,0.24951310641002356,0.24333940226766715,0.22637422450783928,0.2576493661480181,0.26500854837140353,0.22609158280948533,0.20994713893678046,0.30042737747240916,0.29058516076628044,0.23788196251127994,0.285275812301777,0.3342161041553069,0.2676970858100551,0.20618392703923855,0.24504123024037353,0.29316529703682326,0.32901920103492655,0.22459098131454064,0.2732219821809079,0.3220687663366454,0.23803390429138158,0.25815655899147927,0.3364821878143223,0.2736246040992825,0.27480867866304104,0.2774769015229552,0.3050622832315506,0.25478564115769253,0.23583239403110773,0.38652821119237635,0.22563350042542188,0.2913464129466921,0.1921674467809066,0.2705074193865923,0.23207311248788798,0.2615796460285596,0.24389429948279429,0.3276599247223293,0.24543683743141267,0.3242011598060118,0.3004602510351817,0.2965952891800031,0.2774111603601609,0.30070005442325226,0.3393449369033035,0.263720014061748,0.234488694989831,0.29716062085142886,0.25482653737805866,0.3053518153247013,0.27453645859190307,0.31951758914189515,0.2575632923714456,0.21887492698486544,0.26458890657183665,0.24154728161493902,0.21467593805678473,0.3297696633924583,0.20122732179850167,0.3756510000216671,0.20988589580903594,0.3206387527170396,0.28932815917160054,0.26633809638672595,0.26422953963973683,0.2838800040989825,0.21805780513770703,0.2504594811996428,0.2779852937974774,0.22020702564344788,0.3207743740696652,0.27879168616865235,0.2908939856573705,0.3284883335399591,0.23868990475648377,0.2405369908482217,0.2950029779285084,0.2562879209921853,0.3009489768576955,0.30445818658369506,0.4146152235820027,0.3108154755014983,0.33641137608205285,0.19697371362778818,0.2883802551134268,0.2723866033497467,0.29793023407586633,0.2839409214788232,0.3857536308910184,0.2622269608156775,0.25054657885275594,0.3719484186682483,0.22882254544792702,0.24900191870885358,0.2165463187649204,0.2361648209177303,0.23600624200406584,0.2745627867062079
