0,1,2,3,4,5,6,7,8,9,10,11,12,13,14,15,16,17,18,19,20,21,22,23,24,25,26,27,28,29,30,31,32,33,34,35,36,37,38,39,40,41,42,43,44,45,46,47,48,49,50,51,52,53,54,55,56,57,58,59,60,61,62,63,64,65,66,67,68,69,70,71,72,73,74,75,76,77,78,79,80,81,82,83,84,85,86,87,88,89,90,91,92,93,94,95,96,97,98,99,100,101,102,103,104,105,106,107,108,109,110,111,112,113,114,115,116,117,118,119,120,121,122,123,124,125,126,127,128,129,130,131,132,133,134,135,136,137,138,139,140,141,142,143,144,145,146,147,148,149,150,151,152,153,154,155,156,157,158,159,160,161,162,163
0.0,0.8720109558394196,0.7224733506965508,0.8212473012743129,0.759573898832646,0.7827352494998642,0.8513915048243182,0.7204119711375195,0.942779882731044,0.6707466684598227,0.9298597207372689,0.7934985832267649,0.8452146603442607,0.8983213790349629,0.8517466440430137,0.7997706846307238,0.7948580622892877,0.951710259065882,0.845055692149349,0.9816800562116816,0.8956498286345446,0.9113452622075643,0.7235467497574988,0.9502583191931855,0.8936789982435119,0.8791647036286488,0.6903294950760905,0.7821900786170455,0.7720177555400028,0.7561745018575693,0.9015755785776132,0.8220341371290931,0.8483307071598006,0.8390281324247645,0.9473511838870484,0.7473096633698809,0.9485046529914182,0.8985586021399508,0.8310897223213514,0.9064510827743255,0.766265405416891,0.8861772031422523,0.8431982152804623,0.9622941227498433,0.8791619085834658,0.840590609060408,0.7472576756567922,0.9527589984109923,0.9241131962715818,0.8012840525537922,0.859037258342157,0.9191767522615771,0.80481837532542,0.8782983040270115,0.8343920800769654,0.8316678675275254,0.9504145293565908,0.7269477912668012,0.8903565033171917,0.7578034599579777,0.8000366878489653,0.6573884937844047,0.8681928942573319,0.7848790141586505,0.8807851693003611,0.933319827597154,0.9109063759035502,0.9506526045832531,0.8224013020978005,0.8280502174858878,0.9679206789639183,0.8999494197958819,0.9040195566336489,0.8426148934233293,0.7811106005193987,0.9537781790879358,0.7691172717029956,0.8110597853109716,0.8517847730764964,0.779220329181697,0.8005311727248097,0.8888724774702174,0.9317195705547036,0.8143021251948859,0.9170544302019268,0.9326262896658356,0.8593480907833778,0.8241620767401595,0.7561969488419741,0.9401331898546299,0.804079067853765,0.8207839312283086,0.7798378102814582,0.9733564452220046,0.9683524922082243,0.9114293503012341,0.8566411467589718,0.8340681874630829,0.7872482958623211,0.7879804872808883,0.9513532359110769,0.6971615080156681,0.7730153474836008,0.7352649894486,0.8557441608309574,0.7860813057837112,0.6530697615807952,0.768912895616258,0.7967207072820714,0.887881645890448,0.9337435636340339,0.8447827750692142,0.8392505748647894,0.7336674257373765,0.897867367504466,0.8258922024475803,0.8649772624281606,0.8287937388721665,0.764518821507291,0.7616677921965219,0.8696647481554161,0.6377565146352859,0.8944758127675801,0.9533012231525994,0.9508526081689288,0.8398608532041035,0.6024802386370476,0.7867883344924056,0.7540686870180083,0.8998276182524718,0.7760380238346256,0.7719183493673655,0.8705549897006177,0.9543518646253857,0.9533736944574203,0.9288719267559378,0.9583724662265038,0.8795478305437657,0.8832647479641704,0.7730155522728549,0.939898994604083,0.8601324704707843,0.8864375852178075,0.7844769354991845,0.9567485173232185,0.914506493596395,0.8778672267687979,0.6664998342462812,0.8287942476576059,0.5831409949660282,0.9698160590979139,0.8624883672582151,0.8196257667431597,0.6669484480101882,0.8341817343159756,0.9583108876141944,0.908614055244577,0.782020013931334,0.9711158612405021,0.8198799869512583,0.7318913322538272,0.9551927068029454,0.8945853177450221,0.9848453628761137
0.8720109558394196,0.0,0.8436722549059985,0.8062538744183843,0.7322559843078865,0.8368002388505205,0.8411508761149084,0.7275021640500576,0.8251063653867533,0.8420914632321548,0.9221422955898895,0.8911000035061218,0.8369052562119225,0.9105552244604266,0.7932400753315592,0.8647634222044843,0.8889258336049924,0.841885629116408,0.8800449693454836,0.9223849102913999,0.9143623797612058,0.9182200572676663,0.7571067841905118,0.9099294061956315,0.9363195242943483,0.7921547771305357,0.7332805118785799,0.811289683692949,0.9638041987081052,0.7633149376382914,0.860174329686214,0.8886019303634799,0.8606478652978861,0.87186527477101,0.8868849147091716,0.8066312151313768,0.8772222061217024,0.8797848363942398,0.8315563231977281,0.9030856849485384,0.8119765516715923,0.891938768807824,0.7791329650601473,0.9182259806227708,0.878112098779903,0.7949345766841225,0.7942671937771906,0.9254495286507175,0.9017588450201361,0.7712491945115975,0.7999690453923192,0.8669620962817709,0.8124378460434422,0.9268678405268098,0.8988255098953154,0.8475629347650765,0.856701016279014,0.7695539699500857,0.8981723798931277,0.7807769084311775,0.7958848039582905,0.6683823384898517,0.7975586924230269,0.8457823367056233,0.7692912342572397,0.8200233155825298,0.8359999435196449,0.8470678209180642,0.8272793894868472,0.7717670404777932,0.8360569981502259,0.8569321543300142,0.8221654013036936,0.8304417006482241,0.8419858680984256,0.8900994800108395,0.7517733407298736,0.8943498039887448,0.7727519442455039,0.7576024706257134,0.8322440756240668,0.7635409701586519,0.9323252210840751,0.8285237593093999,0.8404863817619079,0.9135692316886523,0.7844997147707319,0.7522843482977966,0.7799264998362168,0.8758318974870114,0.739346759570787,0.818889945968893,0.8224353139845502,0.8793742994423024,0.8683005974318787,0.9601596459651507,0.8303764799562453,0.940235039943452,0.7690703607908193,0.7905973723219063,0.9259694411056563,0.6788691157580851,0.7040882633850637,0.8477853838573308,0.7986604293118853,0.783244930544301,0.7091898438473464,0.8678738647872335,0.843058903272504,0.9115226058792746,0.9281461428606337,0.7650359360095876,0.7899844581507799,0.7738888265273722,0.8309627970545731,0.815492966174112,0.9149392876345145,0.8653830041579899,0.8611302761735261,0.7739172167605396,0.799448429128974,0.6046732101803929,0.8535587458714127,0.9044420908097548,0.8555492109451025,0.9430876910037368,0.6249902797690491,0.8088910586704805,0.9314657377364703,0.8518648954998654,0.8897708706642052,0.7941579285729748,0.7901021804952445,0.8559248096144527,0.9141421565507131,0.8512005129641452,0.9479496139484628,0.8271198851475711,0.9147911571713261,0.7469715579657821,0.9111586367363355,0.9465906506024315,0.8606460543256705,0.8141276779161877,0.9517062731415699,0.8260583389565015,0.8281283604878078,0.7850703710363488,0.9661784782803718,0.7241547734872993,0.8323112843616589,0.9451132079887904,0.8150347993262457,0.7920719644449828,0.90832096653467,0.8536776726793477,0.8466269535422403,0.8119722577824721,0.8927641759517899,0.7730443505170349,0.8366409902150457,0.8877623024867282,0.9277746002044736,0.8460588664669376
0.7224733506965508,0.8436722549059985,0.0,0.8206511357334473,0.6449040994400049,0.863794451507961,0.7029199834591623,0.8344988650198603,0.6845579307437889,0.9214482376058931,0.8675942887776945,0.867101295528578,0.8372825398436794,0.722721553700929,0.6937071638577742,0.9259205729938,0.8892462914850964,0.7223245947738858,0.80886045510001,0.753815414298102,0.8875916380847705,0.8459095481767316,0.6576747623441673,0.7663730979982549,0.8802683921463804,0.77785568869454,0.7290174476157515,0.7903329518101113,0.8663553206150004,0.7247690149233591,0.7365648899816144,0.8870424635714412,0.7870906596001938,0.777146748260915,0.6842654993831786,0.7225997725480182,0.8150140027968193,0.7683452366991,0.7537349822232672,0.7712534740154264,0.702438586981245,0.8155721445143824,0.7546178790850936,0.7646852144523708,0.8400178164194774,0.7654589835483646,0.6890248800838388,0.8386936043181116,0.7488678764863673,0.6750864272011216,0.7556466644984414,0.7745775091654697,0.6396042688483349,0.8771213755184966,0.8478275184818255,0.7363136292482727,0.7278525066303085,0.8580002061126712,0.7513166054355606,0.6821045449905432,0.8503687128399943,0.6395291609677772,0.8208467571109741,0.6765100641989569,0.6358956278640124,0.7765408323631697,0.7735633964796622,0.8065011297071476,0.8491199843299783,0.8343489428492791,0.7441301036291327,0.6580193075924455,0.7251096192879631,0.8802355035072403,0.8943606719869762,0.711421709129535,0.8413460627482371,0.8280793436817536,0.7399567449767189,0.6814941742038585,0.8164308971685664,0.6694989005802188,0.8451168902293813,0.8191630772187758,0.7291240012935067,0.8025989371556825,0.7993836291153282,0.6748233817846552,0.7756730080375468,0.7557436413642377,0.678283314817091,0.6604896121736662,0.7242856682338116,0.7092270941075204,0.7006519439394246,0.8722212747598583,0.7921492988680977,0.8226264562483364,0.5882978848228484,0.7488408910980554,0.7326212783663919,0.8063134995276691,0.6643876500377345,0.8295777137287168,0.7027631539420593,0.8226292501415313,0.8461352382727968,0.844227590500778,0.74839849416482,0.8154299847906383,0.8302738731478869,0.6398838171158032,0.7493816737210357,0.8136671451083136,0.7152891521077527,0.7477750594180889,0.7505559949181163,0.7912621958624076,0.8803729582721695,0.6662859142828756,0.6430946976838462,0.6783349016748478,0.7001551829771423,0.803327380474409,0.6531645090504485,0.9205928324432218,0.6090173166583814,0.8062805224256442,0.8965929041970766,0.7296697010110538,0.8254559826351918,0.9056986720669965,0.7344491711568274,0.6747557432906996,0.8051641888331144,0.6751229432678498,0.779763715152597,0.6635704380127551,0.829995661624382,0.6966544254536127,0.8205740849095855,0.8163479735726149,0.6966170932483231,0.742648973766283,0.8169026037204412,0.7037158799297967,0.7261257052646595,0.9139124369969779,0.903854572152739,0.6717571629309208,0.7161607014606184,0.7581017446807005,0.7231023184930296,0.8179642198098519,0.9365734630851549,0.7910030386641117,0.7671641290221267,0.8738132630008518,0.6972722291602323,0.7258969339675915,0.8384374468493117,0.6810899688285994,0.8157780421310868,0.6958522611559274
0.8212473012743129,0.8062538744183843,0.8206511357334473,0.0,0.6898897836710841,0.8050567821767719,0.7835095160061517,0.8983926040111045,0.8006381660156976,0.7378594980875671,0.8904865633580602,0.8544414148825973,0.855962217469323,0.7940494038607249,0.7847341028772425,0.8858442227844084,0.8544898032584514,0.8385704481633308,0.8508411406591897,0.8136275084820517,0.8806437905285027,0.8439327615857483,0.7490095697459065,0.8047424956647932,0.8507464222373099,0.9045394936272444,0.8678137069261912,0.8430562111831159,0.7531163941873535,0.7950694365917159,0.8319509366014155,0.880053110801554,0.9132639716042884,0.8750884401962215,0.7663571290782855,0.7770667032297196,0.8752084975259645,0.8590522615170569,0.8193010820921212,0.8600023704928924,0.7572031769110025,0.7769191434669915,0.8429812131658497,0.8170667118521884,0.9375766256413942,0.9222762394337839,0.6928674819347138,0.8434380066974114,0.8229552350156715,0.7670676545769745,0.8941101350769323,0.8579259357542521,0.7194768635050285,0.9103947096727747,0.8856659043596488,0.7222233477885927,0.855126031544611,0.887308938533052,0.785375059650217,0.8031526263790173,0.8736874809257464,0.7269212727906879,0.9222367154713581,0.7012749745170045,0.7265034429854889,0.8826103106645681,0.8595261535679354,0.8539487457553357,0.89102163157036,0.920697201785887,0.8505736916784051,0.7497149840162503,0.7953696166636326,0.9545834043336792,0.8881119760502382,0.792551700307327,0.9260565719289577,0.8286207690069154,0.9021655987865994,0.6760521058773328,0.7377094732284496,0.8053738550828411,0.8587150404999242,0.8369744277385253,0.873591828916948,0.8816530091382352,0.8695116160480855,0.8194942611467122,0.8798923701246189,0.8357811348431005,0.8135209562266126,0.7574439854622996,0.7757772993977949,0.8135539826219247,0.8170921670537677,0.8580628479151439,0.8741190177557792,0.7990006851972152,0.6627494542462515,0.8656183224187274,0.8115150345817267,0.8715602008607932,0.8236993188191033,0.7681680688972137,0.8455125440051832,0.8958219617133314,0.848860651284964,0.7576198232735852,0.8211829951924666,0.766209072406875,0.8816884738202726,0.7615753270438331,0.7792755664807878,0.881481021678262,0.8767329906129817,0.8327749310157833,0.7654649367849521,0.7902200489794567,0.7712273943134794,0.7573695275070053,0.7265787079219104,0.8119962277952357,0.7181829397104631,0.886556454277572,0.7090108533895746,0.886646786775524,0.6844781659295155,0.8907119132401032,0.8018116179136267,0.8185436607006282,0.7753612326302816,0.8543876675861548,0.8340731153706135,0.7857726512046787,0.8309281542539778,0.7205518765114387,0.8021315401753295,0.7636809543315165,0.8684657486322391,0.7904315771657184,0.8893708948519463,0.8038703887579146,0.8242354233810374,0.7919046939703976,0.8404941642030217,0.8243887769423147,0.7968752790172914,0.8156235372876665,0.797749036802472,0.6097312740426382,0.8558610548934731,0.7691481617398936,0.8006542147687519,0.7408329857781678,0.9028632544070696,0.8721445834643566,0.8109995433730113,0.845941175732687,0.799724681635941,0.8462874736899996,0.7236523406203704,0.7408658188828473,0.8506100330007925,0.7909841615165804
0.759573898832646,0.7322559843078865,0.6449040994400049,0.6898897836710841,0.0,0.5604872290695253,0.9042263238701949,0.6086948188256602,0.8307502911299869,0.5796964152880916,0.7246371130112086,0.8044407709626005,0.5858373525484967,0.7019057787179604,0.9373999878411141,0.6455323770003799,0.6366236009607753,0.8467333982384236,0.8151689989154696,0.7721113037634056,0.7995790520889386,0.8269596132005302,0.8290194139729318,0.8152540743961715,0.681974210128972,0.6931002956781787,0.6842418931611081,0.5560233868097894,0.6974762016058424,0.8579267167826384,0.864756231278876,0.6526193220275793,0.8295105524080024,0.649303849613641,0.8302646004341563,0.8454645330439842,0.6788002532124201,0.8149636109388879,0.8964463749464612,0.7665942063291499,0.9245764237985886,0.6532936725047908,0.879058693394275,0.8401784395801205,0.7228550647760027,0.7744175528651924,0.8868930451587597,0.7397646340992152,0.8430629489923016,0.9259363919428906,0.8601869987751855,0.7237671535603325,0.881292123819165,0.800799239601233,0.8069172766627632,0.5748298689682101,0.8437132804274284,0.7241402894300587,0.8175989850528345,0.7972336694797929,0.5665708292745841,0.6584032103214479,0.7278243140816048,0.8424953951285751,0.9108323758440549,0.6660513583862467,0.617487689977379,0.7178334032555775,0.7830272718661637,0.6486091239325141,0.7971304100868369,0.848006330666537,0.6044040561318,0.6781766493340492,0.6000369435491788,0.6836623370303461,0.6331876223078888,0.8147965274304326,0.7513001844174793,0.5353256001620758,0.563808600357088,0.8776020997401678,0.7829381854159921,0.5717025804750769,0.7392727009355023,0.7524324780333207,0.6012135590569703,0.8561036374169979,0.5849639279901683,0.6656821329108346,0.9168174650725192,0.8766364167178549,0.920847577166888,0.7173588563643559,0.8057034230593557,0.7547690056090466,0.7406028771066104,0.6475160847744086,0.8090611918356724,0.5802855687091014,0.7693775178037393,0.6340424041013731,0.8339678238805556,0.8010093140596771,0.8017950770757015,0.6639039449117898,0.5986907669284125,0.5581316681266789,0.8745575940218147,0.6445610191986005,0.7749951771338539,0.906683106536777,0.5513473525311391,0.5886523119920561,0.75111662953177,0.6092551354966905,0.6300230278381275,0.8702692456009461,0.5736024025135674,0.5888826968709169,0.9342381600486631,0.6084270797766019,0.6134352825933295,0.7745352159206877,0.7461380875340343,0.7294414870543563,0.5685266127469579,0.756245887140128,0.6408506554059874,0.8867018285788651,0.5872090540375271,0.6075433381720832,0.5842342889948599,0.7835685021064912,0.7755620713553788,0.8639052852022373,0.7830908250156562,0.9202127062307525,0.8161013147512737,0.8982931932449169,0.7313831908027092,0.7042122239692049,0.8521784091989907,0.8623817129615265,0.7690602546085642,0.8456080905593498,0.916614200303656,0.6063875576002404,0.7199911387746127,0.5455367344300602,0.7816232915565033,0.8135700254594133,0.9202146645159601,0.7925966440205469,0.7269362842543301,0.7070821796423593,0.6222572248974256,0.5825064769454841,0.7562955068819338,0.6041703487874142,0.5558905516063091,0.705268522573595,0.8260870464313358,0.7953000617914542
0.7827352494998642,0.8368002388505205,0.863794451507961,0.8050567821767719,0.5604872290695253,0.0,0.6461562897987839,0.8038955533189038,0.6928633694089096,0.8384933005064821,0.877984282014207,0.7545934636387133,0.9650218847946946,0.7962781364830064,0.618282961840583,0.9314834807567804,0.9271233305968827,0.7001446204931551,0.7352249741327116,0.7885567642452784,0.8226199509722557,0.7695750159185071,0.5888269420870046,0.7567307591266986,0.8955395323504273,0.8308666873468561,0.667601086887389,0.9173013724585376,0.8100198260630629,0.6510030388027142,0.6976371136586569,0.9144976139039063,0.7257250511700402,0.864798401252732,0.7010196564494765,0.6393190760316126,0.8954854684718756,0.7498029698623332,0.6659355661499938,0.7765284278680072,0.6122856127390826,0.8958959649980994,0.6673359104807003,0.7615956624858387,0.8312184961033195,0.7345421037304509,0.6247595957278377,0.8603041907077884,0.7218169585944372,0.6059792776371573,0.6977329014339225,0.8509049507961081,0.6081354208832029,0.8010576493012344,0.7604275413218422,0.9118770266375906,0.7288942195492122,0.7577002060200716,0.7015792894055005,0.6484641505037952,0.947016934196076,0.6444005778948612,0.8147699963752486,0.6305707505268154,0.603420620198452,0.8594575450376231,0.8977187218872421,0.843209155889383,0.7358950729726443,0.8342557878901548,0.7612379353374455,0.6619530205519598,0.8798511893552843,0.8685392728176604,0.9411107171714145,0.8247494342327769,0.8361969210734802,0.7661829526310002,0.735415082698095,0.8796356188113051,0.9577569138072357,0.6390154193752567,0.8388993643613928,0.9584425498592776,0.7935547001467432,0.8282981602651648,0.9032236307753919,0.6263572074866891,0.8582864236677852,0.8731981487109702,0.6182359324354221,0.6298812941193168,0.62970629517705,0.8055290378096918,0.7312861277240931,0.8513296635614881,0.7728835508626887,0.8948702190461175,0.6006478655181555,0.8696353656508937,0.7769413365943298,0.73239125985361,0.6066746082179992,0.6759968587187296,0.6938022352280894,0.8401512691147455,0.7795079075184329,0.9491935244072256,0.6664764056268903,0.8967712996471542,0.8287862901771037,0.6110642195455667,0.9343996143579144,0.8530727133280986,0.7616439967034375,0.8875336755958123,0.8761586835361737,0.6808993349681967,0.9522295705854624,0.7948458270748077,0.6179381217335919,0.6509626619730756,0.8557686923575475,0.8309309409502255,0.7194227462212375,0.8597529687838785,0.6442274181749343,0.7526836216906229,0.8806065322630438,0.6781655045461644,0.9337800403291948,0.9348114036364739,0.8954037714742048,0.7307388685447197,0.7941602129781352,0.6670209694788098,0.807201150444706,0.6297253779100408,0.7436707484677338,0.605683293915391,0.8293087355263277,0.860244029645864,0.6842014765152249,0.6500873046261496,0.8359450921968175,0.693791428766281,0.6692335106808001,0.8313266451315223,0.8346704899391437,0.7052679110202035,0.7454735635592238,0.7264038352753903,0.632136541495092,0.6435576537660047,0.858629017035248,0.8348948600014032,0.8846827549768237,0.9663166691043875,0.7520124095509753,0.8591528097889388,0.88482693549072,0.7833852817558292,0.7672494227002803,0.7376139838961927
0.8513915048243182,0.8411508761149084,0.7029199834591623,0.7835095160061517,0.9042263238701949,0.6461562897987839,0.0,0.6449631330096603,0.8512074033507575,0.6758427038772383,0.8258421100812311,0.8544460546507594,0.6873645822772698,0.8033331941794412,0.9186431802180706,0.7260682196862303,0.7475953839125471,0.9202095058471825,0.8889771176574482,0.8602926008965563,0.8690405401250194,0.8860400316721194,0.9293335363796025,0.9112591447880356,0.8037150294453781,0.7510284731880963,0.7496177387324269,0.6838592009961247,0.7941703485530041,0.8545982113499203,0.886781565015255,0.75834909151442,0.86686216881537,0.7776966880455092,0.8935237054877131,0.8250123236907335,0.7776130841589276,0.8401940343196834,0.8819879160925893,0.9051219083327858,0.8787931126611155,0.7697911426852287,0.8628854080997957,0.9035165093205588,0.7990748744541644,0.829181992466115,0.8637791250370874,0.8256395734612759,0.9673258390554721,0.8776791249415687,0.891452471777238,0.7962333696666252,0.8953081765603633,0.8734502950013191,0.8683531400412035,0.6725030514856823,0.904915296833913,0.7356372866782275,0.9397059465774928,0.8203072929994705,0.6486408221098923,0.6483252512703852,0.7594056770610709,0.8501808251740629,0.8983417647166532,0.7530030146854563,0.7247383651597508,0.7948317976478706,0.8258056311657477,0.7048986607484127,0.8362993424777657,0.891684782078314,0.7067358617624194,0.7740237728596665,0.6759462024981192,0.8128525097123878,0.7095147737788747,0.8833094877010328,0.7650859605883013,0.6231275074782485,0.6487091340601921,0.8632186670442809,0.8638222609943623,0.6466070237670563,0.8168575015816486,0.8123452867628809,0.6721982302675455,0.8692277674490986,0.6785348495091523,0.7497839672748883,0.8792209490616374,0.8901184931005813,0.9127179815216127,0.8305026047380007,0.8884811012269058,0.8365951788292979,0.7593936709548177,0.7495217457366576,0.8030914229739629,0.6873195237230946,0.854848386240632,0.657472792801497,0.8273013885474197,0.8252959785418222,0.8137591760392279,0.7138875297599828,0.6407760171498521,0.6719494815873053,0.9174739242826635,0.759916379382112,0.8979636032370985,0.8742332821401265,0.6468307772485251,0.6559396478385575,0.8058257840501188,0.7068616219939738,0.7661349356603865,0.9196222554016323,0.6760685317642343,0.6528945958432156,0.904830419106562,0.5964977643310185,0.714334565156479,0.8764379485324155,0.815174825041908,0.8143940906473376,0.5937332199791626,0.7748526080668652,0.7297131633641373,0.9000534171902626,0.6746520216400272,0.6568760695949977,0.669621378400177,0.8277383976893117,0.8456888753545043,0.8869026292813497,0.8683367236716972,0.9282066618072383,0.8938361595878491,0.8535125722441718,0.8241714853081022,0.7892552636523985,0.9324366240632439,0.8397760216111005,0.8540456761435804,0.9034127330749734,0.879267404093948,0.6746395652409212,0.8105906268557621,0.5746263165981959,0.8420048105852282,0.9043272873850269,0.9216295516761287,0.8120087233657456,0.8073368084658928,0.7868383725200965,0.7415138696978891,0.6733945164200605,0.8689201447220796,0.7178460268317011,0.6610644048781401,0.8059715765699297,0.8714223446131569,0.8645809574261027
0.7204119711375195,0.7275021640500576,0.8344988650198603,0.8983926040111045,0.6086948188256602,0.8038955533189038,0.6449631330096603,0.0,0.7328184786860282,0.7294103324429407,0.8146392867047382,0.8118084759784207,0.8253039702025924,0.7081763442835511,0.6959750137343492,0.8871445011057024,0.7961827164471922,0.7239804684047084,0.7770922262783057,0.730711039634352,0.8006808155478804,0.7646334971222005,0.6299806625147027,0.6858059842707479,0.784508986769015,0.8386060738512987,0.8348175121744215,0.7859821959246597,0.6971456866599964,0.7507867092284547,0.7677886303297069,0.8578056231287411,0.8225801334558617,0.7987233857128941,0.6674625059940621,0.7406414807669882,0.8102959851349909,0.8109638313063845,0.7682824466897261,0.7098405360192181,0.6812337190331357,0.6941646162454106,0.7952192900978556,0.7153832657371971,0.9041378569083204,0.8568781503338906,0.6204444233697055,0.771094327436139,0.696928145821223,0.7052757213093822,0.8040494347418264,0.7577219519536822,0.6279648450655027,0.8317122754553053,0.8321578848080782,0.6703240307747117,0.7538343642811448,0.921158266829651,0.6695340748827325,0.7472261477918882,0.8956936764693767,0.7504233162687473,0.9013337110928827,0.6413536877847879,0.6370829043320035,0.8278914771875183,0.792639658688027,0.7818902404032615,0.8612878174643347,0.9445208866626115,0.7736453348267206,0.658469860010619,0.7269560262364976,0.8985028236362043,0.9217729323385397,0.6966895553007537,0.9244268122961647,0.7345511713600363,0.8831728567862605,0.6269350961402814,0.7056048440163547,0.7255335475822475,0.7763299096547852,0.8492531839082578,0.7874630787662049,0.8244796629450984,0.8813308014921633,0.7512362447068633,0.8831061974578364,0.7784339558366086,0.7274673688249184,0.6744090802699867,0.7048162863122043,0.7106728505354637,0.6962708520183677,0.7962913545094913,0.8864678444103286,0.7419750672021465,0.5969804593491101,0.810444027221338,0.7275834348540173,0.9620331845732616,0.7514868098090512,0.7274092173911483,0.8012193843888736,0.8937299459258884,0.9233030778388253,0.7129777632629272,0.7187103134661322,0.6906245102818552,0.765412063175011,0.682429437940254,0.7382661979385485,0.9440977433054984,0.7986592166176971,0.7520683417821848,0.6794936471741283,0.7226350550404473,0.7237096927554405,0.7266288328530965,0.6367110770522625,0.9073984376471272,0.6446941594657625,0.7766460983846799,0.622620382765864,0.8457613073615836,0.687204888601951,0.8953369925481717,0.7769828126509815,0.7356515344387592,0.7767682264468085,0.9013840546351441,0.8116521165530558,0.6999782018467426,0.7627361367411422,0.6324926601923982,0.7197880359774196,0.659162473804863,0.7845299745380125,0.7507860318428669,0.8055276098019123,0.7599739921748302,0.7053938572992489,0.7571258945594209,0.7617363729550775,0.7200175188572586,0.7333082708129389,0.8280088337968352,0.7574968317171636,0.6329201411623405,0.7735232922274194,0.6765796842331491,0.7216528433144723,0.6959628749290823,0.855478041950886,0.8140402951751581,0.729946202159213,0.8156655816473919,0.6740533101158916,0.7722802454712002,0.6715472950241332,0.6482319832327418,0.7944952661049165,0.6815559628535878
0.942779882731044,0.8251063653867533,0.6845579307437889,0.8006381660156976,0.8307502911299869,0.6928633694089096,0.8512074033507575,0.7328184786860282,0.0,0.6168976881620137,0.8618096712796379,0.8172925865567584,0.7440278444297937,0.8552073537024676,0.9270307870469545,0.7451209018927405,0.7144624227876859,0.9499167753841398,0.858378512731384,0.9459818595330146,0.861935884303206,0.9002852439296799,0.7399989932566299,0.8923555478307607,0.8125048881225544,0.8352522454004644,0.7234246895133692,0.6848456764897822,0.7294442277388746,0.8093279480863511,0.9700318723813255,0.765739129299313,0.8950119100585222,0.7808975971143474,0.9565616063819518,0.8336448579225324,0.862569693448108,0.9466439704655328,0.9101823518636973,0.8341828858372933,0.8484650125267861,0.7689680662953412,0.9089107303463726,0.9430660661122382,0.879308390631689,0.8602074608500927,0.7801481756798269,0.8841692220307996,0.8951759654487167,0.9000679311476483,0.8965106480550054,0.8540602657635346,0.8597506747680023,0.8767415242539967,0.8587829585939967,0.7221457474362223,0.9582044039540691,0.759347210214544,0.8615439493866621,0.8207236493065352,0.7293342750987385,0.7084952916592624,0.864463877638065,0.8450397148465534,0.9396230603997041,0.8609610498655664,0.811346411971993,0.8742942139201464,0.8504335276826034,0.8104683366515825,0.9620634871142224,0.9379438236342745,0.7976375939284223,0.7893525528965349,0.7368373476100349,0.8590023279999327,0.7310355773467596,0.7895930343499965,0.9011378549757316,0.6554945772644627,0.6855184125823558,0.9678696242551362,0.883043935609122,0.744735526741057,0.8968654864938751,0.9281448390041018,0.7985908853278089,0.9036029205371565,0.7199014975689199,0.8764695570290769,0.8812503601450021,0.9001900696089736,0.8484223254877556,0.8942565802930893,0.9443272900679184,0.8796623479107888,0.9052742840540533,0.7757750520992472,0.848737779724993,0.7231830197437724,0.9340066468936267,0.717083496919352,0.855899611479582,0.7722467862911353,0.9305020386401424,0.764237609280676,0.6500048849977244,0.663751414643283,0.8271591865243716,0.7684614694514627,0.8714604252747852,0.936505109270615,0.7226081112874057,0.7221143850097981,0.9076484354266594,0.7373593371332073,0.7605191172462578,0.8546213493245562,0.6628536550190951,0.7375319505591152,0.9298893280662407,0.6910977591559313,0.7765063202821336,0.8914195380225917,0.9063100894382075,0.8144034428178557,0.6138763771360944,0.8320120625806673,0.71390516040321,0.9546334073899181,0.7204955294918697,0.7215587293745982,0.7894496642086322,0.9642376030527153,0.9274054431187423,0.9375676041839798,0.9114394293994106,0.9383632491297964,0.892159871444937,0.8733402193747466,0.9005457501549595,0.8220296645787586,0.9144709655087884,0.8747892924285576,0.9112066601761077,0.9383593181590769,0.9569001625597501,0.6296867173334444,0.7936833334254364,0.5795415815811618,0.9742974788530583,0.8543267069332924,0.891000590825274,0.6889269068312565,0.8051848410385556,0.9056458103838246,0.7844372881289301,0.6889579230613998,0.9130012392889783,0.7322951053790272,0.6303018864853871,0.8775418964296157,0.92776005791279,0.9385873537996846
0.6707466684598227,0.8420914632321548,0.9214482376058931,0.7378594980875671,0.5796964152880916,0.8384933005064821,0.6758427038772383,0.7294103324429407,0.6168976881620137,0.0,0.802277490655434,0.8069919991164451,0.7946875404291435,0.7049413172409014,0.6228353326482892,0.8508463355348014,0.8637940745304482,0.6591039275772353,0.7647667532635041,0.7099771580157157,0.7919303584125886,0.7659956663699036,0.6605752462160206,0.719760690450821,0.8646319748328876,0.6702400216843181,0.6888020753895204,0.8117374803819368,0.9043033433527313,0.6571734491110542,0.668250505145073,0.8528475213495993,0.7002494875565055,0.7700780995420085,0.6496853520540808,0.6610433487753524,0.7503553661797506,0.6852524490477554,0.6736491464883078,0.7356173070930504,0.6395146920363342,0.7993484412650392,0.6513738209500796,0.7041830205733336,0.755104785830013,0.6726245827300747,0.6381713264115203,0.7732381470195968,0.7235357674384056,0.6017723888962041,0.6603304207836114,0.6931204994087172,0.6097164592485859,0.7946211031392321,0.7818412483861645,0.742659088406445,0.6576708795386539,0.74114049199474,0.7379341922168291,0.6309996188191467,0.7905260807524016,0.5772640043153917,0.6919964987037351,0.6520621524973986,0.5796641228757441,0.6987991699513911,0.7268092825895303,0.7171150051020684,0.7489500338769488,0.7296596634317313,0.6499193261644376,0.6245436897390443,0.6954372765463377,0.7852858117146988,0.8309094859942086,0.7070430893458761,0.7481898348812376,0.7691194369075258,0.634438630925036,0.6903600224278154,0.8042038162119908,0.5866968323435799,0.7716202694251713,0.7693334678613482,0.6623326261213376,0.7208361797187373,0.722120704608244,0.6076332987850838,0.7488496375351436,0.7006504501990861,0.5895465164927014,0.6215979501860521,0.6708738320699957,0.6794169947035176,0.6475981884324087,0.8152431230322251,0.6899711683251867,0.8244659349120688,0.5624837732582715,0.7237824839142544,0.6986810326041898,0.6949807198033943,0.5885244224698003,0.7969048007684655,0.624233735308784,0.7135991883967623,0.760253691533323,0.8918912029711015,0.6898533059143827,0.8130499629839268,0.7833442786808054,0.5729184609296256,0.7270144944929349,0.761863036353768,0.6426562214837596,0.7068573780591927,0.7882304407320071,0.7488967869627153,0.8928501459792221,0.6440863275782346,0.5841316781598997,0.5793209077980934,0.6983892152953538,0.7362927949040546,0.6311414406516742,0.867428320150342,0.5740341982489628,0.7023470547661347,0.906568395701941,0.6532023788390683,0.8346139828337866,0.7909551264764856,0.6897323432048988,0.6212370319262036,0.7406261501572728,0.6297504061480836,0.7391042114115536,0.6110444458491696,0.7697044104669254,0.6195473949805851,0.7625025131808751,0.7901097029221236,0.6549393968559026,0.6676432944929213,0.7603134204842056,0.6405702143276305,0.6343237311460419,0.8772784136247155,0.8977807645126615,0.6993505286582845,0.6463233989350908,0.7603988916440616,0.6582139434029524,0.7690027928772576,0.8623050641725702,0.7134634676675359,0.7472776935041436,0.8220057245106048,0.6744252007846736,0.699518959908114,0.884271321797196,0.6720998873492461,0.7451305908916659,0.6394573484625076
0.9298597207372689,0.9221422955898895,0.8675942887776945,0.8904865633580602,0.7246371130112086,0.877984282014207,0.8258421100812311,0.8146392867047382,0.8618096712796379,0.802277490655434,0.0,0.8843853774425665,0.9161048426528204,0.85913361470854,0.8171029358943444,0.9222408342031977,0.89601472348939,0.8978989804376605,0.9013996037409753,0.9409494695077804,0.9642299873777213,0.9509186770504225,0.7287243096908111,0.9354336264669291,0.9762173540306817,0.8911889539363054,0.745096516187747,0.8614444224500802,0.8636337483771855,0.785074402873019,0.8782649256324503,0.917385960125421,0.871908827289921,0.8795638699010556,0.8630118662567846,0.7573138614019018,0.9753888798175219,0.8933607357332114,0.8482836289357264,0.9071972043094881,0.7604532938798263,0.9177005759221418,0.8501011667653352,0.9330347041117374,0.9290554274173586,0.8563908689719154,0.7228192822783974,0.9865118289035175,0.9093076874173677,0.7645974966899339,0.8620380306372042,0.9031166907533037,0.744103543189926,0.9483529040974716,0.9043337177628737,0.832156113093209,0.9062058059227318,0.8252881797366495,0.8722583832378734,0.7494209864782222,0.8950823593195655,0.654102512922581,0.9067114172542851,0.7510087056964756,0.78693127755887,0.9311314981872079,0.9211486619777075,0.9545407972904271,0.8792377331936393,0.9059738361468569,0.9173706561272864,0.8151086277309196,0.8745441687025219,0.9308692359854718,0.8904160871416732,0.903110580285525,0.8658396718640115,0.8692583462898832,0.852329041098897,0.7855584474544497,0.8626078518220729,0.8174135203638315,0.9713871998643052,0.8796814196362,0.8799728229843525,0.9369131645749629,0.909531639227312,0.7848168891383355,0.8167650967817253,0.921188830275524,0.7724289586684189,0.7659345933526779,0.7891932094112014,0.9133672492652566,0.8825050377895595,0.9701622416011925,0.8785259711274054,0.8727386591899736,0.6988469646271572,0.8151964968499624,0.9107872682214114,0.786876009998213,0.7449570032903163,0.8080163340192277,0.8192003604694659,0.8437445032133898,0.7557585821376895,0.8599334141379686,0.8041560557901677,0.9300023630628252,0.9721828462840325,0.7694545482962569,0.8576192998118405,0.8247705820072033,0.859532363130609,0.8447354268142007,0.8726568471472311,0.869399829448472,0.86280165222043,0.7431530870185155,0.7874179429958252,0.6762205469138227,0.8535642184732513,0.967499337592899,0.8453470849415293,0.9511210308833572,0.6019978588702667,0.8413036006924388,0.8559612621804594,0.8612912129410168,0.8405927234675626,0.8806262429174669,0.8835021425116827,0.8638378092432477,0.9624923935010895,0.8430177745306024,0.9467627549183986,0.8075191954850319,0.9262729864224132,0.776458761757824,0.96613872972717,0.8945235303787916,0.8331394408287891,0.791640908090769,0.9700960004068888,0.8465318832318166,0.8458211637033506,0.7988078709094447,0.920325080219736,0.6247994725050378,0.9161454762925854,0.8702741794192033,0.8196384284138523,0.7337785749740031,0.9524675462202413,0.9643313721716896,0.9327584633607809,0.8872999761256573,0.8992748987884976,0.8411599724974517,0.8112596858928747,0.8752603811297417,0.9112922034907529,0.9057425598003426
0.7934985832267649,0.8911000035061218,0.867101295528578,0.8544414148825973,0.8044407709626005,0.7545934636387133,0.8544460546507594,0.8118084759784207,0.8172925865567584,0.8069919991164451,0.8843853774425665,0.0,0.7546792970099733,0.7801537254070755,0.854648727206781,0.8714860503498708,0.8386825328130927,0.8318755323994703,0.964191067029147,0.8387082180113618,0.9309448978271746,0.9115338491785042,0.8254416147242113,0.8399148553772117,0.8704771093630018,0.775935180617173,0.8285395635138731,0.7457580482521359,0.8827053161549485,0.9100077897911252,0.902108238986075,0.8789033707027163,0.9171227944576025,0.832442569749471,0.8117993311446714,0.8880474822656154,0.8096668636972096,0.8938738931028538,0.9344966260229094,0.8241481099477731,0.8752377114220605,0.7696611431728663,0.8884150436731746,0.867986729311851,0.8950006889632938,0.8638438069842524,0.8047512065883021,0.8566271923665898,0.8802335460418497,0.8491006947463204,0.8931849738741575,0.7955456699576059,0.8067073525280551,0.9606406965341555,0.9765472966831612,0.685428569761817,0.8645870089831611,0.921299497074568,0.8426253300586647,0.8431434452148527,0.7608063891973613,0.7159663333599176,0.845112983592557,0.8216323820944421,0.7760537570646682,0.7753619844614261,0.7393568592100426,0.7935653170770917,0.9033953551111564,0.8190263312532291,0.8143181202232463,0.8036766906285399,0.6994611615683182,0.8548626445026408,0.8332890693955463,0.768216442086401,0.8149877685922521,0.9126889992870438,0.8327370889187466,0.6247051002530678,0.7023532040646747,0.807069176561439,0.896639559805145,0.7476835363826911,0.8167711644444088,0.8682426920645132,0.757306791343651,0.832984709244247,0.781688627735736,0.7729843879290584,0.8350766031006219,0.8407593091195525,0.9194129461339182,0.7821047409449505,0.7935494453369463,0.913705373516276,0.8714844014280256,0.817740143718814,0.7258910941826558,0.7295211216920929,0.8392706043822188,0.804841976516848,0.8049122558191066,0.9301559075520512,0.8413024798463737,0.81008051797037,0.805981608322822,0.738975305450321,0.8856925665660019,0.7692469757720097,0.9035493839448091,0.8025292507497677,0.6733831313740154,0.8128477675559937,0.8127171669764416,0.726285203930936,0.7684530257668752,0.9392624048155128,0.7484639312912471,0.6892336990072235,0.7967275523862638,0.7107365941214167,0.6866156435603056,0.8728279896972451,0.7290597560847333,0.9558890087089261,0.6329764535151503,0.9032605963125924,0.8679113327093388,0.8595991903812286,0.7877526611856651,0.8005773897412155,0.716282168115214,0.7852794219937579,0.8665855856893248,0.78662527968065,0.8618304376589374,0.8201358555799875,0.9218021251738066,0.8858986752901572,0.8596062564162307,0.8613357905463109,0.8544895879756429,0.898848059211904,0.8761578791906318,0.8227474837606175,0.8751297090014185,0.8313359700702246,0.9172550704032318,0.6775568151616689,0.8225910292345588,0.8980387884471962,0.9094222075120989,0.866828947785056,0.9478540407640478,0.8115693746854422,0.7402343313224758,0.7641553088378272,0.7789317689790483,0.7337812383634532,0.6980962227119497,0.7448983310522344,0.9357560386046619,0.7793265864429278
