0,1,2,3,4,5,6,7,8,9,10,11,12,13,14,15,16,17,18,19,20,21,22,23,24,25,26,27,28,29,30,31,32,33,34,35,36,37,38,39,40,41,42,43,44,45,46,47,48,49,50,51,52,53,54,55,56,57,58,59,60,61,62,63,64,65,66,67,68,69,70,71,72,73,74,75,76,77,78,79,80,81,82,83,84,85,86,87,88,89,90,91,92,93,94,95,96,97,98,99,100,101,102,103,104,105,106,107,108,109,110,111,112,113,114,115,116,117,118,119,120,121,122,123,124,125,126,127,128,129,130,131,132,133,134,135,136,137,138,139,140,141,142,143,144,145,146,147,148,149,150,151,152,153,154,155,156,157,158,159,160,161,162,163
0.0,0.3365022529161303,0.33046243653194207,0.2544256308927144,0.32690050015453376,0.30419490959439416,0.28408960339912065,0.321779391612032,0.35934153809544045,0.32878452235978073,0.35099068123595223,0.2734809840002079,0.42674400687222547,0.2829495411024022,0.3227853554642588,0.3448248080301954,0.3420767683430648,0.4287559546112143,0.2948551253688089,0.43677357351490215,0.32535260344874045,0.3685682679025452,0.3131556307998701,0.31824402106147914,0.37621109036021816,0.26646653012352867,0.2659808009120156,0.32114018515322096,0.28284250408135164,0.27136520516588974,0.3304321726068946,0.344131623840182,0.26550722285568495,0.27666451391825436,0.37234767009453135,0.27543372791008297,0.4064470897778479,0.31838893091861614,0.25865758934502225,0.37292699932464,0.2668283349562198,0.3220072065621812,0.3353300417077227,0.3027750316725036,0.33389786749312006,0.3490659403040587,0.2774284323569406,0.3296994301800573,0.37340161984172054,0.330454749471937,0.3525496742611932,0.3032967908890456,0.2758702980574485,0.2813166465384444,0.28980897998468313,0.2924714726007726,0.386904157407703,0.3172599664756703,0.3136417979522073,0.3084088916786094,0.3011090391767292,0.22489719243336717,0.3184820045944132,0.2426602870377775,0.28105540670026513,0.2865508062339866,0.31287120147221437,0.33151181448144607,0.27365497900666774,0.364589672151564,0.41346867539977594,0.288531100580064,0.31205858016101923,0.34418211013382194,0.31446346574968,0.30513809399190633,0.2609279151166253,0.3012596141919003,0.29791017488713295,0.2394609633715276,0.29342754011571254,0.3625898116380233,0.3360734467006605,0.2912418593120322,0.3100405532068455,0.3672029599182757,0.3373772928669496,0.3312862701413126,0.33166621285583553,0.25999699292704037,0.3594230431046823,0.29998986447016057,0.3677079818923035,0.3020645068180709,0.33895823665572306,0.27751906412132255,0.22284927071482172,0.27212098636868903,0.2395572922192328,0.3269834798829233,0.2649204528329091,0.25987884287331975,0.23937536973044102,0.2451430008650529,0.3504608750530125,0.32698566204560814,0.26606633429308646,0.3507490539077833,0.32800098336297795,0.31534250016802984,0.2822477662999832,0.31916590917683235,0.320013954600242,0.26770592757727985,0.31266837413175147,0.34527533395688786,0.3389592825046906,0.313847657417952,0.25323414166441793,0.2547711426754634,0.2960700893739605,0.23885118236714345,0.32235832232553174,0.3917507677629842,0.29647839794533215,0.29355067562134046,0.2340071985978536,0.25560730410290255,0.2664366472315442,0.316212883992492,0.2592518941570717,0.2918148156413824,0.25536678756121733,0.30957236132486804,0.28463808049979095,0.2705687760117021,0.32366476706637337,0.32282983762963074,0.36083500710439426,0.33671932965905277,0.2525062834046789,0.2837872491794898,0.37120411800736447,0.29118650681609415,0.31155937143515794,0.3087699526818955,0.31883134403550445,0.2741785577883935,0.39809670495891836,0.17909792294457103,0.36995998132953967,0.2985140278756298,0.3032195253093281,0.24533068698849966,0.2990751131619974,0.3559103927619594,0.30985159899308273,0.3013004143030613,0.2906607829323966,0.29194667276336544,0.25255623844114544,0.3534581406348591,0.23089361773549033,0.44011900539841387
0.3365022529161303,0.0,0.3204686864499463,0.271332433518709,0.25987234077873606,0.4005343197013093,0.27470736666967527,0.417190989341899,0.30234982782455966,0.39030509627346094,0.29472127164953127,0.3561790181088101,0.3253098590336237,0.2807148639602763,0.30373512071732445,0.3007055212019374,0.3108783456622839,0.28034237645891075,0.3175481468449772,0.3361533797414274,0.3341933777748366,0.3425121456525498,0.30171056804836516,0.32747180159595446,0.36751513356510607,0.2653601800744919,0.2554138854608169,0.2991003188262223,0.35209967985290175,0.2484174843177215,0.359514574472383,0.3225372199083974,0.32374798656873904,0.2955863921575938,0.32729497450515005,0.29926164283519363,0.31699946048409827,0.2978413775718654,0.2731264459513193,0.3424641214308621,0.3293939518582786,0.3165663464018974,0.2486465599234857,0.27340256194984025,0.3900240167842196,0.2913180192147154,0.3120460603194343,0.2742747955181264,0.3047858562831066,0.2927146419388444,0.31922866430657054,0.33102571478080584,0.3014502353650114,0.32838386465029146,0.30344511477856484,0.35264063816987395,0.32603176299512127,0.30584388871867163,0.29172341007388913,0.3242183162794452,0.324944315859007,0.21498917423068317,0.29062777518814015,0.22066507846353997,0.24261182110795423,0.25706617121158953,0.28519507788225634,0.28476454128376244,0.2276806394084567,0.3220224299984467,0.30486653616444104,0.2776534421594465,0.264783632212314,0.32757502671158734,0.32052773360310044,0.2757220551077133,0.24289695604119657,0.33376943857531144,0.284505460062437,0.2409557218030011,0.27658115397098887,0.3201042266154087,0.38579973006516044,0.2851154698430385,0.2987492625446259,0.45358969802396953,0.2945352857813161,0.2579214671164024,0.3079274050987233,0.31217544381842244,0.27540587854347054,0.31624786139626987,0.31361711745086335,0.2965510219225331,0.30883655336280036,0.33346667214201636,0.2531941748309799,0.33010114795564993,0.2222916200179499,0.3445406363009833,0.25407955934301696,0.22877124460270068,0.21736111430393,0.2660248687478525,0.30439370923434106,0.3108763128017668,0.26134291684903793,0.38015258804321217,0.31535045543133616,0.36910848324444445,0.28182828633815665,0.27194219794757085,0.3108021940421055,0.2462958322213267,0.3327049398490713,0.4490431448680959,0.34664159934624666,0.23487306081714499,0.27240324090723594,0.25306373793141385,0.27603822350808743,0.25782782913723695,0.33482979476364527,0.36847263185952644,0.27869088733846586,0.3545147690165895,0.2550262409383833,0.3051546596029073,0.34195636589175954,0.26492718286794775,0.2957647354755501,0.28171399877019043,0.24691655795661238,0.33915173928538495,0.27139320076047696,0.2298260434592022,0.31169007424486395,0.32055041874003093,0.3161791397002003,0.27623028203969807,0.2495085585601581,0.2793373217694357,0.401198955099415,0.28014086814533024,0.30372738824018425,0.2927210389503364,0.3618720381871562,0.27086620607275685,0.4138085989669075,0.18732013369486028,0.3000923094234153,0.3099370513854548,0.2471848996445295,0.2774731387776907,0.30853596194190247,0.30912272512145295,0.2960087919083352,0.3494596332059133,0.2658574477797436,0.26523408071252697,0.25088842634332365,0.37065431895407147,0.22974619453119846,0.3086619718481048
0.33046243653194207,0.3204686864499463,0.0,0.26424659257835925,0.2987319399600586,0.31605651853440825,0.24911204510204496,0.3526694938755154,0.2910861698902637,0.37205080001622687,0.30954297914004075,0.26531683025377645,0.3571299804990984,0.2589931931895367,0.271486077190999,0.3746740216015376,0.3774986507143119,0.327070079989016,0.26393108665482096,0.28279915325230015,0.36682911728326256,0.44575317570009426,0.28074627095063176,0.2833730583028293,0.3190155892418233,0.27426395583899116,0.2643139678128598,0.31316608874729623,0.25209588336593997,0.25113685942460484,0.24819818176929093,0.3099956933524061,0.24021652661283333,0.2505788968081699,0.24884161061330365,0.2513481338758318,0.30238179340949944,0.28758245529927945,0.23880118889576718,0.3376009333260954,0.25003110979878096,0.37666353120152407,0.2708684246796217,0.2320677266449224,0.3216059271063813,0.2886638203416971,0.26546453412762894,0.26018155663572584,0.2941304655032567,0.2721889362365316,0.29975786980038,0.3021637225607087,0.233555176734104,0.279513021836588,0.2485533828925497,0.2758210943804323,0.28729164238429106,0.3240816528247806,0.27893775290253586,0.2621337305624044,0.29732856106327143,0.21590362395995083,0.3119360231169132,0.22072838813614185,0.24081511181036022,0.2638591944988812,0.2798592571859357,0.31830867560866166,0.2911357309352471,0.35723118449087915,0.32581420383048953,0.22071293322730637,0.2971714355575896,0.4148098633197294,0.3433852346760346,0.21588907149853795,0.28579412587829756,0.2842030624504129,0.2544854590453334,0.2094857394458604,0.28477811094955063,0.32632690865383573,0.30818355814869636,0.27774304705044356,0.2859471581897332,0.3717635130415754,0.27270982222407386,0.23879177267037238,0.2790602537264056,0.23671418413436085,0.2990913353664463,0.23739398029499162,0.26936083007785794,0.22508080495638433,0.31386842911015045,0.24692186242916656,0.21935340355614474,0.2811144959919169,0.20632580993285274,0.29346638923410884,0.19918780612226286,0.26719217295888714,0.21333511755242787,0.254152548164106,0.27683870975832636,0.3376921851376878,0.2723545228844237,0.3471035786490511,0.28063329086200767,0.3262815545464933,0.25710715308648785,0.2544739959070886,0.2873758526361273,0.2639600143417773,0.2469774580139186,0.37256893737146357,0.25998083757196233,0.27456843940283443,0.28435667680839144,0.2612699539129431,0.24909582901388302,0.2397561018407763,0.27227454368269327,0.30396235231475327,0.21994134349654504,0.2636922682723365,0.25770255470652337,0.25043816207344016,0.2884755742036629,0.2568850553686773,0.2809423174857836,0.39325921969810806,0.2156621272043962,0.2505856634350632,0.2648031039885053,0.21171798569580982,0.2269894027540055,0.2469291973407936,0.32663367838378227,0.26442412158541406,0.21287963416085218,0.2618526760977988,0.3223532073543084,0.2951620979257173,0.25885316049764756,0.24424829467670067,0.3211152805435309,0.2755985831570035,0.37301133442105455,0.1972620714028417,0.24484633636004965,0.22542348502663628,0.2680643761661502,0.28408517810022893,0.303357226090145,0.29493141921614496,0.3079894468292789,0.31259282569507196,0.20114731086084145,0.2607251273582307,0.27940751979682665,0.23226482782470018,0.2529126593243376,0.3185298551067225
0.2544256308927144,0.271332433518709,0.26424659257835925,0.0,0.24053412626738535,0.27558799804182504,0.2913246490544045,0.2747400856849818,0.21144774813502992,0.2727509778036259,0.29338077980784927,0.2951656520908153,0.25392754673160045,0.22780559136430842,0.2711934523493442,0.25596954969089847,0.2901555892712397,0.2538672990473647,0.3062384024106438,0.23974349343919726,0.33918210417381,0.25088562915233475,0.2707421847057947,0.24658573354148824,0.30157067562136725,0.286009054491924,0.2311206131233978,0.2680821895904814,0.26557122880517187,0.19103233171048173,0.24392181092996937,0.25820895189267973,0.38331608669076717,0.2707850459508184,0.25907483746465304,0.2783826356052274,0.26563725838434915,0.2529611004376565,0.2617429739982847,0.3311948380876746,0.30355835888570337,0.2519623029123353,0.25899382763637335,0.3090638051722776,0.2652836721798021,0.2718991676981204,0.19730594856349376,0.2770335740566831,0.28036511279586596,0.25558901919757476,0.35347848544398414,0.34580677574856045,0.24846975864672496,0.3806365650540109,0.2966607006136007,0.22681258078385513,0.3108977790636927,0.30260734403082734,0.27998544169201267,0.2737826243110075,0.31043353377237753,0.21090703991519943,0.30638863365237606,0.19961852331922839,0.24786216112305803,0.27329547934723686,0.2939346073278238,0.2202382447644866,0.23179222768355792,0.2680115192492818,0.2600527879842705,0.2309481552562055,0.267460131111851,0.3725059988463066,0.26721785262230185,0.2177720086632567,0.30432126183575536,0.28832163466322264,0.262325893547539,0.20654319649335337,0.2578669303372756,0.3186983631941572,0.24176170866177246,0.24114028554514372,0.32815470492550175,0.2584264642712596,0.29561872099886777,0.265896198129304,0.25396480927653714,0.21114873511882304,0.2984613518291549,0.27214281499805704,0.2619191629081043,0.24775026269725792,0.30954899544047887,0.25792719657371466,0.21454127942340537,0.28926304216119786,0.2069878357232831,0.28261798624282003,0.2216030201157302,0.2800661520067346,0.3223049692058292,0.28208199005859663,0.26898805682408,0.2529003066267632,0.2802934435667331,0.26336666108124235,0.2656701681294226,0.26027716350826047,0.352881810067933,0.27525174408318637,0.3140054997688031,0.2609724502576839,0.27872208821508904,0.25813625263066775,0.2931942827661765,0.22308395931316305,0.34515424400829614,0.24932157469648186,0.24527177440849682,0.30060127156543354,0.2741474791086557,0.28441476678205857,0.2205156615262253,0.2746393599228917,0.2503390238565621,0.22723688912650622,0.322880818066802,0.25547088773972554,0.19370823065983223,0.2752681174453978,0.2398392244474007,0.2787693030010347,0.261082680204188,0.2021054881490565,0.1897530768454243,0.27173563683397156,0.2903294658442073,0.26657991028819,0.33207724081085144,0.2373778676966391,0.3328586716143692,0.2758418685868481,0.26742072328460115,0.2554038888538045,0.25373362219405277,0.2449943125608383,0.2586432528503507,0.17234532839101538,0.30849441881459294,0.2884292180391215,0.2584397596085908,0.217877278010377,0.3307869411543362,0.2497723617636249,0.23828435091795913,0.2849492054170186,0.33860999217915694,0.2607466234511089,0.25278042857459493,0.2660312977773328,0.2584106881028695,0.27785786508387117
0.32690050015453376,0.25987234077873606,0.2987319399600586,0.24053412626738535,0.0,0.2232158748263441,0.30389634261401105,0.2469887710956983,0.28350067182058303,0.28330669450370527,0.32668348404693337,0.2484400495275142,0.2534404215598937,0.24720000310730272,0.30699250926703125,0.28853060906282946,0.2839659793691261,0.3391402834164217,0.24762701087589417,0.26531946686838837,0.30348939580666345,0.3311171608888473,0.33706012336056046,0.26884063382168394,0.29424558033585024,0.2641831216765537,0.2598352571616685,0.24815412254226027,0.24621202551833904,0.2530575498719398,0.28318349068232973,0.24213166797456726,0.23237109855783564,0.2383039175637937,0.343534100027162,0.2762886220734284,0.2818657066776036,0.2729611034973672,0.26302293574120716,0.29131150551368656,0.25391949458146124,0.32475699309186284,0.2921395696161173,0.2864774996733639,0.24799275060613662,0.24850578388221825,0.2491130404714883,0.3084965321684376,0.3307604951649946,0.27402777505410636,0.286009549492162,0.24552846826373623,0.22848301588806844,0.24846350894512204,0.2609823563486193,0.2294423120737227,0.25346723019560713,0.33553143473809316,0.26247290049060273,0.23759411612918932,0.21092534221320514,0.19565905383647664,0.25465591763519113,0.2478655733355465,0.25176139353851423,0.2069067206274826,0.24528450100330526,0.2589759416526268,0.2580507494713819,0.32024112382853265,0.28423968166057934,0.24599725963785604,0.24848010761075032,0.27707796316792105,0.2421343868900827,0.211442025159961,0.23770245823520522,0.341097847275413,0.23413761875824782,0.1923192905417032,0.23516816186723324,0.3257782361946767,0.27352863438987596,0.21240352266293716,0.2599419686157775,0.26155409210761343,0.2670139396542757,0.25462252568265503,0.2298206218117396,0.21053965112036738,0.4138488122174917,0.2806270583723497,0.31080608000791005,0.20126245952082014,0.2872040320433644,0.23808194808614896,0.17961666503654466,0.23913357607490485,0.24038243557866423,0.23503778325772126,0.21817132168514886,0.23258001995278416,0.24981258564098885,0.2387596978629467,0.25846200584822054,0.25175730870650964,0.21348485572126089,0.3176420827385391,0.2803880102065987,0.25690337155442683,0.2631796493050017,0.29916772931523705,0.2410460996743222,0.26905529104551923,0.23974389829063478,0.2703340690972755,0.2465554119831412,0.2952694350250995,0.22697336413394603,0.26290857721102506,0.31926388121837823,0.23379412957211637,0.24334130380216412,0.2968398736118067,0.2585053078704428,0.23966988677817666,0.21273308868325655,0.23385187766109214,0.23919323545853027,0.2551317985369669,0.22712751123727498,0.2442348121109634,0.1986554286033301,0.27514231552537827,0.257316789569612,0.23527616802233037,0.22268040170673298,0.33609853476922025,0.32670268502177735,0.29880664941927904,0.21227451421529833,0.253854938887639,0.3017233325850085,0.28015251674158553,0.2793242224334345,0.2811815775073097,0.29366808339268136,0.24241900277263764,0.29106131597520624,0.18420003586035372,0.2756157444856631,0.2468116363829593,0.28885516080375817,0.24396516115241212,0.2900139806790936,0.2726678678763269,0.22734166306456738,0.2683372005344341,0.23952376172250203,0.22798910296283512,0.2256682984781708,0.26053184570591204,0.2415523734048482,0.3917857053468051
0.30419490959439416,0.4005343197013093,0.31605651853440825,0.27558799804182504,0.2232158748263441,0.0,0.24485635593889912,0.3518773842353682,0.2520678771459855,0.31410063784456677,0.2708137230109757,0.32761810772827865,0.3525497226426551,0.22447833642166695,0.2686024811490079,0.3048253809704918,0.2995749578446553,0.2310030556160589,0.2965798280726875,0.2947133596489405,0.2992274470393579,0.28299612308964306,0.23223082016612043,0.25046194852263975,0.3276027210934554,0.24472640321975198,0.22389611239192544,0.28373592328670927,0.2868720781429633,0.21786709155365228,0.2922257808008483,0.3334861669248316,0.31487050664765975,0.27497007540139573,0.2787099950152398,0.25098329346172316,0.2899309562284788,0.2558921054495947,0.23202874108096097,0.2666414226880311,0.29320108133974215,0.2792272427885602,0.23138826608175667,0.2824016048004155,0.30176428376514913,0.2587428993908873,0.25016115793932303,0.25851476479574187,0.23425675408475846,0.26345686678047114,0.27595604055611106,0.3698558825635701,0.24136833560834425,0.30226998624973994,0.25917077695119284,0.31595989943665603,0.2785726580505171,0.3477453260129108,0.22459859330383572,0.26111721907446866,0.3355163798874652,0.2189675191307509,0.30493746301856445,0.18847370677386227,0.21285651535923905,0.2405130389244888,0.26164483300172775,0.26542470343740737,0.20449362192721757,0.28748402728100797,0.275911580707361,0.21881983311490208,0.26371770343078843,0.3005957379086945,0.3317027640380448,0.23780609259009278,0.23789983845670495,0.2709548788153865,0.25020575141874446,0.26167184255671705,0.2991756350749031,0.27624187680577644,0.2849534860558462,0.30314273047440227,0.27349301388957814,0.33963257300320276,0.30167627745893244,0.2265637383627043,0.3110246257216927,0.2544696876416696,0.26237382381005386,0.30689696979795217,0.26459564807155334,0.2502137835275331,0.25161294934556006,0.309571804321586,0.23364243717323127,0.35125061990963796,0.19562136163389687,0.31922369116064714,0.21500965076845097,0.21967452357196493,0.2215017874799343,0.2475663648836458,0.2820402338210604,0.3223002742530279,0.2744541119753135,0.32678209799791774,0.2548116330528949,0.2927971010423905,0.27721884583316597,0.23211061322169435,0.34347472473915674,0.24673806913562316,0.27612342044933774,0.3631644705094919,0.31888302526590495,0.20700494464026176,0.33309645776708974,0.2531584181624574,0.2353234108597244,0.27383181096800513,0.3062521933294331,0.3053685990644534,0.2500148257212738,0.3228920568720712,0.2591779346994835,0.2423381276516859,0.32265908448865016,0.22235661578952365,0.27165842110432437,0.31855916256951544,0.24433201331628282,0.2887239469196986,0.2471470953459979,0.20518340492747944,0.256284110465162,0.24601575665646205,0.2511162541297378,0.23639278711921688,0.248614912595182,0.25430041045110097,0.2955910709157225,0.2478885320746491,0.2605147966650646,0.2612835454038279,0.2947954257999588,0.2669248627522309,0.32296940356569437,0.18709057688248326,0.26535613950832415,0.2639088573065351,0.20865455981814848,0.2235148288326578,0.3326001169456967,0.26886398986992444,0.2706551013168808,0.35719609228155585,0.24689559200536662,0.26430063575555846,0.23334121291444662,0.30828297925823783,0.21412324624750836,0.26770190409565614
0.28408960339912065,0.27470736666967527,0.24911204510204496,0.2913246490544045,0.30389634261401105,0.24485635593889912,0.0,0.24516962261777225,0.23043695952973944,0.29592113104537193,0.2719614750366509,0.343957986940377,0.254302982122714,0.2208936179674845,0.3471591362129431,0.2357203349418389,0.23240797789110887,0.2704916892465647,0.29850170642240004,0.22824064376101744,0.280482856762097,0.27154280463510844,0.38720985797571195,0.31965572783339335,0.3463197654851296,0.2771084101486333,0.2416982345444614,0.2333339102917747,0.2571337075745352,0.23238479880730872,0.3023889032595793,0.26067202994577565,0.2943317145582471,0.3046917505675991,0.2607338774623483,0.2506410442224676,0.32305487629104296,0.22344122745183417,0.25749856240693625,0.32519685529551573,0.2916092014910481,0.2656439435764355,0.2867505526516789,0.3118885452784872,0.3002347948291169,0.27226341373447405,0.27320657751219785,0.2835689569136563,0.4024171299867447,0.2265233668581379,0.31732263350073553,0.2635187154227655,0.20744062959014758,0.30227114349879936,0.3123695043096979,0.24770779110761532,0.250277870639372,0.27701537395702236,0.2881588268381268,0.23470456616403462,0.21620328268619018,0.1937217375688952,0.22734953222519144,0.21313899159351585,0.23451253851109646,0.21516954459386936,0.28042951422937007,0.2987971776948382,0.22323940168853804,0.26009978750617885,0.2864126029411777,0.22602527006661277,0.21741832831112595,0.2882999015621732,0.1960111726331485,0.24902820798960737,0.29010247145380674,0.3312599208027978,0.23943731881488853,0.20493455276219477,0.23864987861274992,0.3047128937472472,0.2783932348172428,0.1924244702890072,0.24415481898822997,0.2583826614184654,0.25245624771048353,0.26937287567732277,0.2591975661913209,0.2285185126330989,0.30406328880520556,0.3748562264457504,0.27010152945766186,0.2322307021065848,0.2585826200026562,0.3180012935972854,0.1839999777183857,0.32155784621668154,0.21299970254100556,0.2805553351707512,0.22953930579039572,0.2622076751949863,0.31280168872737124,0.30156458334928077,0.22703915516032097,0.263279579739823,0.21754753883881586,0.277026870780969,0.3022783290273263,0.3011182900810901,0.37922508403687777,0.25942831123855814,0.24517391071200034,0.2109068282368091,0.23784071838466528,0.24463289726869172,0.26177774825553746,0.28037925953359777,0.25209089716811783,0.216831016424441,0.23755073975057728,0.23866784550316428,0.2341045999695216,0.34406995667220364,0.21545630518455872,0.30878726767610754,0.20267308443036847,0.271766889726776,0.2502345544222078,0.25585758090289923,0.1976035840251025,0.20373028631221501,0.19939180354453384,0.2304843739568458,0.23859281604725577,0.21685334347388666,0.24508474345358883,0.30578914861993917,0.30202397888721577,0.3071278160154606,0.26126034586723734,0.21918093648274697,0.29865325271204357,0.23335199153201558,0.27876473653293116,0.35895789831277813,0.2681445948963868,0.25872514996751433,0.2835442234393265,0.15479963310035058,0.2929509770482198,0.2668687232590662,0.23465300160281516,0.2819007108539693,0.3714081885392215,0.3025018715343605,0.25983484180215105,0.3276727104147266,0.28743289725324894,0.2544484870790184,0.24122156023445768,0.2561682151725348,0.245188582577411,0.2870977172140068
0.321779391612032,0.417190989341899,0.3526694938755154,0.2747400856849818,0.2469887710956983,0.3518773842353682,0.24516962261777225,0.0,0.3341330755982868,0.37837066298001865,0.27222638122582565,0.3277678314864991,0.35723154507603505,0.24621961350328322,0.2857378402645305,0.34072045921482713,0.33613522845084015,0.27621420273719194,0.2856030605014167,0.3062870387804981,0.34114362004913196,0.296989655391593,0.28322446464355144,0.275260933315919,0.3451065848036734,0.2787731157039649,0.28442269571280354,0.30951525574166605,0.258771031107353,0.26510237631198186,0.3540275407241828,0.3277761498548755,0.28900855223850774,0.28723437831233534,0.2742642033197845,0.28284812632052936,0.3296109729207533,0.31111193071204324,0.2745505361761172,0.337075092374711,0.28165156326159574,0.32412923534570653,0.27333862527539704,0.253079823324945,0.3904592998098309,0.31856933681099525,0.284172164539951,0.26029583832901027,0.29211686814445964,0.27805660834135665,0.3066317633745488,0.3007628569630019,0.2598630522431258,0.28095737680197547,0.27278831784733165,0.3394539459693418,0.30708036635057484,0.36581935883282135,0.2782416089354893,0.28383977403037186,0.37697623726585094,0.2274970234880868,0.30430940932866146,0.2148264816748124,0.2320541052302581,0.25650253125340017,0.30508400501642585,0.2867559509709108,0.25017853113578414,0.39531963701639794,0.30974118065599676,0.2508483373451019,0.27508996787946854,0.3620696933890172,0.35643820945458593,0.24867252222299258,0.29429232654010024,0.30862847724418585,0.3351033737792667,0.23116123875743752,0.2926213466698133,0.31766606358392707,0.3669460218100401,0.31884285399923135,0.34484119108072797,0.465925009937809,0.3826404706312886,0.27528835761674025,0.3539392622714498,0.2994406633931293,0.2774172273102496,0.2848741821378387,0.2873014521243596,0.250595426986606,0.3202884166280936,0.3027701371178865,0.24981022862932675,0.3253167685099935,0.2135858676741366,0.3438054024402392,0.2292911542493778,0.29427229067422,0.22950249984403392,0.26523848753412793,0.31708672802366034,0.3720808166156551,0.29572625971892486,0.3868465583543995,0.3050493323329062,0.3122897771535686,0.24559281257080232,0.2827368321245404,0.3356717545623067,0.29690436185121205,0.3020854153490177,0.40396045411949655,0.3402161314009955,0.2387174926387546,0.2581919919427697,0.2621656473589989,0.2626463029336647,0.3354919634717007,0.2953604248251592,0.33544348517835965,0.2527802684783719,0.2985936608834524,0.26110215831713174,0.3135035274592542,0.3199331468606462,0.26885996554395564,0.32681392410036825,0.3258748241027101,0.2704304181257968,0.276004622749916,0.2629476655467283,0.21424260924243815,0.28193847699274294,0.2804659855849424,0.32078324431992833,0.30354265654398366,0.2364424324854417,0.2574027460177667,0.37232785763460224,0.28765880460817006,0.2969991202794657,0.29706290532936935,0.38124942240949505,0.30146539231602604,0.40864502981143536,0.19514818784676333,0.30498885386665553,0.2870410958445897,0.24131657779627455,0.2842539220054729,0.3498642370748377,0.3254109277680385,0.2799576904933157,0.36845160323449727,0.23158027126082495,0.27852313415175967,0.26290601906333294,0.30203804814462604,0.2659452503273863,0.2888047237561315
0.35934153809544045,0.30234982782455966,0.2910861698902637,0.21144774813502992,0.28350067182058303,0.2520678771459855,0.23043695952973944,0.3341330755982868,0.0,0.2675089063022375,0.26961002640006776,0.2750330262333364,0.28399698489311687,0.27322969516220935,0.2538500128761936,0.30452063053863554,0.29251448131519675,0.3224164354300371,0.23822614488938554,0.3213739676086504,0.26694646406195854,0.3623081203345345,0.2487507341472808,0.25448213630548766,0.2812148635440948,0.23438882606962264,0.2853927549041808,0.2658368978317509,0.23317775501422758,0.35528803081135424,0.3267231081936873,0.27418285486571925,0.23133551136309397,0.22165602866805387,0.2929110598865338,0.24411204613625567,0.2773752566510563,0.34701637364794574,0.2538768013930377,0.26992594882212934,0.23830231427252507,0.3448054890331349,0.261959164392986,0.24820120182227534,0.30060225386843603,0.26095217598202836,0.26231985170893185,0.24477474379413044,0.2714937160270368,0.27830520016123284,0.248677290324691,0.24025658984761797,0.24522100866678262,0.23529053606932643,0.23509235854960692,0.3199551096371622,0.2863379975930481,0.30637550162148564,0.24863800662540445,0.23830320617158363,0.24141154127667327,0.2110370271554727,0.24998484108306626,0.24241879680109138,0.2418707883023315,0.2245386298860299,0.2668175830470196,0.27550097318649325,0.2594582679772607,0.31607523820529754,0.3219952407689397,0.25915293332306405,0.2795051505385773,0.2646734321001702,0.31299821092661356,0.23720355443591976,0.22180767455908326,0.24458946490891553,0.2734684688968516,0.2091417483884997,0.24025219294557176,0.32104590507989855,0.35810811426868994,0.24997179284210802,0.28689473133794147,0.37707959489256754,0.280061566021618,0.2776671685055501,0.26539681850336005,0.3278342678453648,0.3108474252477842,0.27532357695101717,0.27452429447506127,0.2331565425493315,0.3108872012690406,0.2849466569860916,0.2275852496884534,0.2604732420150796,0.2512843983002312,0.2411503931516731,0.24329718873490794,0.22214747631408108,0.21706873284439326,0.2300298196014224,0.29687440678633203,0.28163077454625096,0.21881566331618624,0.32226075385438957,0.2584580772298317,0.25609066232612077,0.2122540875140777,0.3037982181190819,0.25558114569188795,0.30596846581118076,0.2503863983298078,0.3282841953119941,0.26250898788792604,0.2595238222567806,0.20358449296493494,0.25606499448780934,0.2899853286654579,0.24106247839150016,0.2661717176702584,0.280365048285806,0.31427655899271284,0.24086531918998186,0.23028550516959678,0.26374047550046975,0.23224730432819285,0.276577537507799,0.40297574790582247,0.29104129636378934,0.23752258819696112,0.3028696250239788,0.2550922482489441,0.23275257682461448,0.30871405672471836,0.26612691484173895,0.3165811372094227,0.305558229720389,0.21380570420531333,0.2627180191063703,0.2999877582597694,0.2919183284395528,0.28229544034549364,0.28124242940709415,0.4022884616622929,0.2394554696620799,0.33500359338668106,0.1990789355563674,0.29278276176911416,0.24640341708328514,0.2744675511974535,0.27625600424148544,0.2657119691529669,0.3100946289349871,0.25547687492631843,0.280248982873875,0.23653380205594055,0.23688755276001058,0.20974020527662302,0.29043082700920025,0.2511668830483466,0.3269741771014742
0.32878452235978073,0.39030509627346094,0.37205080001622687,0.2727509778036259,0.28330669450370527,0.31410063784456677,0.29592113104537193,0.37837066298001865,0.2675089063022375,0.0,0.2740338880339892,0.27945997062484507,0.3440870328741268,0.2555433835485887,0.2900453696939551,0.31183269309823974,0.3147426675095314,0.32166689712700186,0.276578340547114,0.2673846392996145,0.3100793420883082,0.2938373569860356,0.37854521221372234,0.28055217303398605,0.445564065572938,0.2738977609429313,0.2787999549718885,0.30235929142595913,0.31523742885511996,0.25363919732131013,0.3110056472808611,0.31966500639588175,0.2413382510681546,0.2760042725884594,0.28078642845053986,0.2493100511810159,0.34866145230802326,0.2625112338106771,0.21956235475053315,0.3440695238859129,0.2405448135230997,0.33543941424900986,0.28143296975111587,0.2456158853018279,0.32048904272151363,0.29145100320315226,0.2853705658571487,0.27623318878773634,0.36171043724975244,0.23605789751061634,0.29865402719686757,0.27394101431327045,0.23024612122106594,0.2738067407206566,0.2751303522642442,0.3303302073714428,0.27477940524807587,0.2851640970655548,0.30194680345761543,0.2573281456859503,0.29661008329505345,0.2116970331087736,0.265593469662763,0.20715035656802888,0.2283673401546657,0.24597199302815814,0.27491026141733155,0.3165303604065796,0.26635082862777726,0.3743692444517791,0.282672720650262,0.26341368532311915,0.2406164075217822,0.3536767143662776,0.2753695384710932,0.2639120242167458,0.26536582919228574,0.3501225796299865,0.2574001941389258,0.2454150076944132,0.2999653418638593,0.2957453892016411,0.378930757042919,0.27941771631676027,0.2849025055834845,0.3394101335137961,0.30761244344776856,0.27700499118434924,0.34644765126633253,0.2419353858673727,0.2815351566247403,0.2697683023027672,0.2783499358202473,0.22586334458914017,0.29713370950285944,0.3016091079336777,0.19245921185604253,0.30902690693442636,0.21497427765148863,0.33181716300242703,0.22917986967319498,0.264489087092383,0.24157269299650486,0.2959106828643517,0.25955234318862286,0.31233424791876846,0.2612526842573239,0.45588321790836456,0.2997258221707245,0.33137773818789584,0.26046670464374455,0.25231822238292373,0.30666663029358576,0.2750463346227069,0.2703188140772643,0.3596738973243937,0.3321711554394528,0.2897266801646713,0.2774484995085956,0.26909095013294054,0.23681407535867952,0.26712638274144596,0.2623904046854862,0.3483347904844697,0.2348878567469683,0.3154766910561751,0.23967489152280752,0.25907137359728993,0.30993269394727835,0.2692101417693917,0.3036954929260234,0.2720820726350717,0.24289263658546204,0.2363500508865854,0.23479245300082002,0.21314681306491878,0.2755764157245573,0.29604846290717013,0.3420007643716344,0.2879354655681341,0.24922009551606092,0.2631908588342057,0.33487358815364066,0.24257617630059505,0.2777662610679608,0.3051580124734827,0.2725281937158514,0.3329067635146439,0.46032252874364826,0.18286957713820762,0.2652132064912992,0.30368158901076703,0.2277545220746056,0.29038746381573016,0.3284084132729931,0.3013081757738258,0.2655486930927844,0.4027487588374271,0.2501999663047345,0.2989447468109373,0.3288350735795595,0.3147288290669392,0.27074910612626096,0.28291224005429116
0.35099068123595223,0.29472127164953127,0.30954297914004075,0.29338077980784927,0.32668348404693337,0.2708137230109757,0.2719614750366509,0.27222638122582565,0.26961002640006776,0.2740338880339892,0.0,0.2999048336865089,0.30478564020001264,0.2617211372424897,0.2678789567749786,0.3420988545569274,0.3530975117575774,0.3215017760086086,0.3044328234310124,0.2929579694144142,0.33305478891582896,0.34635353494641685,0.30202458896481926,0.29020966460657704,0.32834477133931644,0.2962589345441456,0.27704895442722605,0.35003914067585457,0.31445908970884273,0.2598318676127171,0.2633653574038669,0.2910577554181542,0.2561866748298132,0.2634941578080545,0.30238371319632473,0.28297934974378147,0.33272764745880457,0.3035928186733397,0.3000498293852505,0.3225201284918167,0.2651443671071141,0.32028844399586187,0.27947713993064255,0.29896017526541285,0.2741726678155768,0.25646893272443133,0.20366331765437024,0.36611896814441225,0.3354936353990315,0.2586119066171706,0.3437757889318246,0.2694596255878435,0.24151184907108753,0.3209032986642896,0.3348992605634955,0.22727861467475807,0.32883852119867346,0.35942343906034696,0.28676033779191223,0.2649064285316991,0.30757638877554383,0.19086040442617208,0.3095410982911152,0.2251506475999359,0.2233275031912931,0.24536397447887073,0.29764614769665815,0.25625151869239066,0.2849516331684471,0.33300511104731456,0.2962009323745367,0.22955198402138657,0.3047893739171902,0.34029773677307146,0.3165069511925862,0.24367127299826474,0.31592304284801026,0.2979496544500109,0.2580894615454079,0.2249315292998859,0.27140826722638006,0.28694735760475787,0.27145393491825465,0.26624406813638946,0.28017970287549343,0.2811683272818134,0.32397625300875965,0.26146085331135227,0.2435213823623763,0.23051584969952058,0.3897123380230721,0.23283564353487762,0.3311717275187576,0.26746976957527735,0.3040082511680347,0.2556737847410724,0.20982537078633004,0.22878987992609584,0.21231773501918563,0.2524792872416705,0.25139122732776603,0.27225270787415307,0.24163363300861862,0.2191520209585041,0.28132261770077527,0.2389242595597144,0.2371601828268417,0.3198805899939521,0.2551530689644861,0.2996809051514325,0.34691953405995124,0.279227608914451,0.3018170854371457,0.29338646408059826,0.27632621278753294,0.2974498604284649,0.2855841469861545,0.28227603763895043,0.27496744780746574,0.26108339078158954,0.2774024743529044,0.24122129530229813,0.291496541644944,0.3330593163557321,0.25343461208065826,0.2965265461458027,0.21128884457251854,0.24492722126327165,0.2814165018748314,0.24775430206927732,0.2242371767305099,0.3006126712041805,0.2681519293280085,0.3124565288531997,0.3108896579628043,0.22652345270323007,0.23449158871759093,0.27174196068917034,0.327172038510971,0.29250051414380573,0.25722879876962684,0.2722586555261062,0.2826270455009259,0.292529223188543,0.3347695726196824,0.24719735413181193,0.26594253999134754,0.24186335329336708,0.2924711125366906,0.20074057396257833,0.37500794914229824,0.27272670271027605,0.35998867286877767,0.2166473544683374,0.2807843531521514,0.2981282209917672,0.2929275759892422,0.2789322673758429,0.2743596654590928,0.2654540518036674,0.23165983727141157,0.30948379095276196,0.2299515720077985,0.44205227950633086
0.2734809840002079,0.3561790181088101,0.26531683025377645,0.2951656520908153,0.2484400495275142,0.32761810772827865,0.343957986940377,0.3277678314864991,0.2750330262333364,0.27945997062484507,0.2999048336865089,0.0,0.24883933776077907,0.19261974565807918,0.2921320465586576,0.2625403424529212,0.26066393473250965,0.2282019130274805,0.34779697353635675,0.2607486874647215,0.30918679745465666,0.270313032368965,0.28762387063667977,0.3040937713055143,0.34346114762714447,0.2574662848559181,0.24970083667024043,0.24840183083475612,0.26574615998850226,0.2694106552463909,0.33002339857288127,0.26540670780853426,0.30993008456949633,0.30721124519421267,0.24519458769027225,0.26184825709105686,0.31076937967051943,0.2463578779179627,0.32294377400648117,0.2890478762691593,0.3125185590691834,0.28100176484682915,0.2486839043052818,0.30017912754015963,0.29867116737772176,0.2713131957981636,0.26594644290551306,0.27402089355088494,0.2801646021691198,0.23934784101011827,0.3234681928263288,0.31098510842967036,0.22440199921856008,0.3434154382831934,0.3174349772333679,0.2684286890716329,0.291899804870766,0.3621238349579532,0.22811445967373645,0.2550182589289864,0.2563341356989935,0.1889421634858551,0.2599905262971193,0.19220824472617506,0.21449176550818427,0.22269757497527817,0.2554561020239789,0.24423967564167176,0.19469137685944723,0.2593711924248096,0.2632199010293122,0.20706401035139185,0.22305358104037706,0.27957546792195936,0.24810288445351414,0.23147197312921558,0.26388099685320404,0.321499783470032,0.2578550365576585,0.20724960270248036,0.23525605855650536,0.3011330942804217,0.31472123914607686,0.21049256144180453,0.2672728234976944,0.3133552786112755,0.2654170036880264,0.2398388088653016,0.2764326910113326,0.2798791257832359,0.2843217581804156,0.3199365707151247,0.26987710152076294,0.25671578859745003,0.24826594671981642,0.3707914373272994,0.2110915124145304,0.3190556591342392,0.19380595564253347,0.2641318523965821,0.2165948161577443,0.24400868001222364,0.2600529220323373,0.29404427415514195,0.24207013007891254,0.2711802981985518,0.24634458390984076,0.28491150694491285,0.26286960154706307,0.3282492511040584,0.3885481849788472,0.26256023089908953,0.250996574936181,0.24120833920014972,0.25157755958208966,0.29867512593729273,0.2791923147599817,0.24341298318477517,0.26130224738141794,0.21900733876913922,0.23158025188939607,0.2621017443732523,0.24989749190258015,0.3298806592536177,0.21020305160736927,0.3550118146715176,0.20590631333873768,0.3030844167029121,0.28529198859278443,0.2278256016304844,0.23054925924677683,0.24284326403470774,0.21446049394132838,0.28063505988786747,0.25263424377231813,0.193169025508414,0.2843311238109551,0.26115496701145513,0.26745857983636073,0.2938095418591827,0.23368724217249334,0.21956313244470302,0.3169242874839316,0.25892235219663307,0.28684937532751426,0.3291075376529808,0.3821643170892995,0.24672199519981314,0.3081410522763361,0.17191693453526524,0.31192717749710497,0.27680294769894553,0.24634690478698584,0.256926204367319,0.3800312367029742,0.26776459282330983,0.2591416831951996,0.3517577763531091,0.24997710676088206,0.23288685925787592,0.19878663213671907,0.26343099711830065,0.22258803955929987,0.2896907272838507
