0,1,2,3,4,5,6,7,8,9,10,11,12,13,14,15,16,17,18,19,20,21,22,23,24,25,26,27,28,29,30,31,32,33,34,35,36,37,38,39,40,41,42,43,44,45,46,47,48,49,50,51,52,53,54,55,56,57,58,59,60,61,62,63,64,65,66,67,68,69,70,71,72,73,74,75,76,77,78,79,80,81,82,83,84,85,86,87,88,89,90,91,92,93,94,95,96,97,98,99,100,101,102,103,104,105,106,107,108,109,110,111,112,113,114,115,116,117,118,119,120,121,122,123,124,125,126,127,128,129,130,131,132,133,134,135,136,137,138,139,140,141,142,143,144,145,146,147,148,149,150,151,152,153,154,155,156,157,158,159,160,161,162,163
0.0,0.6086277766218738,0.5973345871021758,0.5744590155212702,0.652221166099221,0.630883383727723,0.5829836197760937,0.6061188121574843,0.6378328856730815,0.570956921486214,0.6447387466434649,0.5818675510590068,0.7313010530421878,0.6165269061519972,0.5971434978732394,0.6764716698507048,0.6972138100826439,0.7737404243084707,0.6217857122807797,0.6895476850617791,0.6796542953136572,0.6148547181388062,0.6459521645103066,0.5919291731418269,0.6822542252193368,0.5978053780474195,0.6065352910620826,0.6645399617383453,0.5056772479542985,0.6084994803527422,0.61585198282089,0.6847232235965357,0.5408180096356141,0.5728448673448502,0.7439685310383277,0.6157738392164867,0.6834423396543057,0.6850724879173606,0.5435763467642578,0.6357937232522768,0.5888849277217569,0.6757825574340107,0.6254862677455207,0.5994556410546371,0.6274580742250759,0.6481889525083194,0.6210888802030079,0.5957618279354042,0.7112042246093928,0.6766052575809824,0.6562275230481376,0.6675037933892701,0.5908535405123765,0.572028556699358,0.5640274225721094,0.6192518747255426,0.7119114036381917,0.6544784505693058,0.6154829833876072,0.6766089897085805,0.5818120971314277,0.5719943116281446,0.6507410824887683,0.5862664119223687,0.6114485058294532,0.6062766533327727,0.6114228773407977,0.6228665940069619,0.6086126831823085,0.6510536602964867,0.6659553455813229,0.6274835286161013,0.6637628404174678,0.7031077558075147,0.6767407662410376,0.6332436099556029,0.5954562848562556,0.6216394484161103,0.5726912257026167,0.553895797264882,0.6186898811922901,0.6566204679923173,0.6061612913797568,0.65074221714397,0.6612621920680065,0.7278512960889443,0.6115223978710811,0.6385113735389337,0.7222900633568771,0.5605135266093585,0.7237967309168603,0.5962366060226383,0.6382425143567504,0.6397212202249184,0.6322895183438745,0.5533452952651601,0.5228566545324799,0.6105673438645141,0.5865947333943281,0.6699710616510424,0.5687199731034017,0.5215819089377928,0.5714596329216004,0.5284519756928189,0.6820374944642245,0.6594599025414062,0.5997709024639115,0.6528392854243973,0.6249087045244832,0.6084859644486131,0.6194077473258653,0.6614172910515507,0.6784880190951601,0.6480240760628706,0.6510066927946636,0.7184007887784338,0.6694779152315388,0.6036618336637726,0.5792114728539552,0.6627576526710721,0.6580525634757846,0.5660703243748963,0.6406348024706456,0.6442928089916595,0.6073294828034428,0.5497397188374684,0.6152943196749241,0.5636154439703523,0.5799139595986536,0.6182371084080095,0.6208330902047212,0.656399690224695,0.6003604943501475,0.6380976710001082,0.5928662835543942,0.5748646221813454,0.5911972654425738,0.6344448648733666,0.5873913398544189,0.6351158415804851,0.5351914460207227,0.6290570795800804,0.6658168259770378,0.599349920885852,0.6333481988199515,0.6241148039550964,0.639498889566759,0.5759604278155035,0.6156796173782166,0.524083625007569,0.6600754835104394,0.5802525106093787,0.6377247276329384,0.551108097534418,0.6247843193967192,0.6275854161322789,0.6609609646074527,0.6461311739928804,0.5557083091156086,0.6503611638528758,0.5865033636214338,0.663112041088809,0.569234978095146,0.7578133953293967
0.6086277766218738,0.0,0.6464685739761508,0.5714419660461406,0.6101546239185627,0.6688014919534541,0.6352802284276889,0.5705921241236457,0.5826415021184648,0.7109724500750109,0.595497923262454,0.6490353801458032,0.622090233523784,0.5776514203238439,0.6598651951760806,0.5862179355574445,0.5814748128894006,0.5885221204161329,0.6003486690341283,0.5683567118237739,0.6266090468558847,0.6797191908742696,0.5746358223784653,0.6302847468356443,0.6582997937097108,0.5124759017034054,0.560171038897479,0.5440367455128562,0.6195117563597816,0.5497548566606703,0.6352205090884927,0.6120024684426908,0.5963978041897746,0.5130481919645594,0.6279701328699338,0.6046184607725843,0.608242018573844,0.5760495196036883,0.5938500155264017,0.6164956933706667,0.6268794485326652,0.6220118716508347,0.5253874739796904,0.596022127027501,0.5797204972431481,0.5721423737954371,0.588847598931129,0.5775273593389069,0.6289708203656941,0.5694144016141396,0.5858565604259527,0.5701033372533115,0.5852261083651105,0.6269344216452936,0.5821149096993712,0.646532821034639,0.5769588285074223,0.5878806413251131,0.5835772960430199,0.6115069691908227,0.5715502060016326,0.5181760272580216,0.5310578693045303,0.5347067878696578,0.5510668077230905,0.5209408249094334,0.5841037408535666,0.5863223752605586,0.5047654313680029,0.5584078908091675,0.5881602785644114,0.5617373479205895,0.5247459453659163,0.6161007226481666,0.5915162348724934,0.5795108899481403,0.5481949736807908,0.6630859361398679,0.49651083556755915,0.5298810352690156,0.6114404467983235,0.5982878197190993,0.6823516472151165,0.5635114690407651,0.5387078965483125,0.6475866104098608,0.5234615070235387,0.5389863272412678,0.6168168608273285,0.6000337655039957,0.5684372817271581,0.6209294595982693,0.6297099930101064,0.566597775146792,0.5735322488525728,0.6497793982274767,0.5165351448189837,0.5871567843870302,0.5300587836504389,0.6055194444231404,0.5790228183679065,0.4806105857969342,0.5021135821065645,0.5703048072582316,0.5519209674597676,0.5552582038659544,0.5471207242412311,0.5859877006980629,0.6223306588535124,0.6780689653857846,0.6064960047799764,0.5393140733039637,0.5819212185760999,0.5686462198366201,0.5430440244659209,0.6128312942215983,0.5919752602155117,0.5877364367132699,0.5568161628012043,0.5773311934750947,0.5754288568908494,0.5098217074048779,0.5342502292028394,0.6551892135383116,0.5614914120164943,0.6339012557353421,0.5421291099448126,0.5794554243739717,0.5893993301774224,0.5863818947939327,0.5984854634987127,0.5801044021736921,0.5216510096484438,0.5944952589260204,0.5985818969405706,0.5661880254260491,0.5692524451620948,0.6056142601436252,0.5522851590480172,0.6052185386688478,0.5598085157589252,0.5963152527921101,0.657806364469608,0.5760428054862825,0.6178185140266224,0.5166882773874164,0.6745741172956872,0.6464913776179406,0.6217487415447418,0.4975004596318042,0.5556090618046138,0.6135254043998031,0.5750261944772366,0.6212977816482066,0.6293308908789084,0.5979174589952492,0.6342336202594903,0.6703148130349935,0.5685343896174042,0.5430614116362104,0.6081685386958838,0.5912722336898366,0.5575711735302491,0.6083539018400733
0.5973345871021758,0.6464685739761508,0.0,0.5363126111405251,0.6298917246957163,0.6322533557177615,0.5473511296207814,0.6016840999458198,0.5435201296058636,0.6708800458251474,0.688843913419964,0.6207886299059975,0.6655566770621408,0.551395917466177,0.5900570732012992,0.6871420717714425,0.6240111741005927,0.5993578515396867,0.5867990787226572,0.5812621539287866,0.6303488053288339,0.7459497575880275,0.5513574670592069,0.5738130739829621,0.6348361312604942,0.5193680187420677,0.5749202707496108,0.5681770308324804,0.5930292257436591,0.5594549708373352,0.5718967033890193,0.6464627171242642,0.5334592383608004,0.496856038455084,0.5837700768652547,0.6050583025545208,0.6079716918282331,0.590709621885008,0.5742078280101068,0.5741114497004132,0.5623896080693976,0.5920892145812727,0.56953537307827,0.5570993952327288,0.5879284863315501,0.5509139577158512,0.5509938546923122,0.6200738251167598,0.6063774671183335,0.5955662652743001,0.5787519862766843,0.5467524991599386,0.528482714484587,0.6039532846263832,0.6062544547255293,0.5327508943916143,0.5706812126738355,0.647605149731455,0.5680085247015146,0.5864048906753737,0.5902525966586358,0.505175693733853,0.5702751193642881,0.5454534512476409,0.5212223684439308,0.5154332330152288,0.5440682318446313,0.5729053918834969,0.5861746840060406,0.6048629391673414,0.5681862940926165,0.5275387115733636,0.5312100763118672,0.6444560222652426,0.6378182240484673,0.5123519449264305,0.5841522270281092,0.6034704329686489,0.4918679538573791,0.4758116461547644,0.554838414845364,0.552026316747206,0.5878985029897171,0.5767512144937359,0.5242449864991506,0.608520761417974,0.5463323738286306,0.5417377889711567,0.5744066478455258,0.5092346071763967,0.5869159947123903,0.5227565524418003,0.6400638880984824,0.5235597521716362,0.5346278109850587,0.5755242224445188,0.5080604931282489,0.53063123021618,0.4907228939992663,0.5530414235285144,0.5234042779086249,0.5253207819601728,0.4862417435903935,0.5359810131224813,0.5550005396120272,0.5627219802494,0.564361294847891,0.5772491458095897,0.5691465033926992,0.6031809332752442,0.5740878524857639,0.5307469416919726,0.5573503554856786,0.5666057152578723,0.5283823993279352,0.578952104841085,0.5358293526284872,0.6723648102538298,0.5718163431273919,0.5318087364079148,0.5610699850671342,0.5068546253388081,0.5102956134856896,0.5716007758797559,0.5017707144412495,0.599760455929742,0.5226160040309082,0.581863919699161,0.5885892236471505,0.5686667804690445,0.5604294459342035,0.6233268756058776,0.514232925102132,0.530614028983042,0.6084610800178413,0.5240697967417695,0.5406414376188907,0.5574043763379114,0.5852704733260292,0.575370466363394,0.5168150269886863,0.5968465040728738,0.5655062185132876,0.5721926447784311,0.5851699146538356,0.5129696771962015,0.6111269802651397,0.5681721511791504,0.6354243498627824,0.505486242451126,0.5363233037829074,0.5356336296843441,0.6255509664688209,0.592363586067748,0.5823496420170393,0.5682863033545877,0.6104301767463464,0.5972979833052934,0.49991879752503326,0.5310884023232672,0.5413035315236419,0.5196899137337728,0.4962650139337186,0.5801994549511
0.5744590155212702,0.5714419660461406,0.5363126111405251,0.0,0.565926675527061,0.5966288013931647,0.6160066576920352,0.5488711975446211,0.5017283140795807,0.5302521365223233,0.5918658678274028,0.558456969407016,0.5649458518152036,0.547402521684206,0.6440771278113874,0.5254862179037119,0.5388801894109381,0.5607350074998836,0.5811548897781931,0.5011510314211404,0.5925656347001452,0.5591800863493374,0.532500068116992,0.5499567584911788,0.5719846003613434,0.5702497166734422,0.5170705012260076,0.5306380333208202,0.5238090748313974,0.46571787497258504,0.5810935200023575,0.549286948873294,0.7571349693929516,0.5070486330308539,0.6163567472031681,0.6215450205152356,0.5806379255598829,0.557590059886537,0.5613971780807969,0.5913292475642397,0.660391241292317,0.5154393197116739,0.5409167764050182,0.6606080549493162,0.5506583566335188,0.5429222287391726,0.4996013606600991,0.5821069878698466,0.5808702079401882,0.5574424712515854,0.6452362492412027,0.621035779422644,0.549651166371617,0.6929518605164936,0.6177129543446056,0.5097362631734982,0.5608892373617266,0.5819882370294864,0.5515101824570716,0.5682044436095952,0.5890494781850107,0.5175958332043352,0.6040774650293874,0.49199925265176947,0.5441964009903854,0.5283230931138851,0.5793213344730385,0.5467977363781032,0.4960815478544314,0.5709063337286271,0.582619622495664,0.540945133123337,0.5540672878471831,0.6199482469879175,0.5508284042079069,0.5376575042218511,0.559572720624245,0.5845074938924162,0.5197905225626283,0.5057358389106442,0.5711179026178524,0.6167381621566383,0.5276194593349012,0.5684583548541031,0.5577214295050612,0.5656026718025663,0.5501054463396455,0.559687187055469,0.5689127939621359,0.49669613234183957,0.6134981764959853,0.5990813572162279,0.6007659143821035,0.5510135319016655,0.5864929163536309,0.578686556181969,0.5148387792321257,0.5510651611452189,0.518071512808222,0.6109960535735388,0.5563413642599538,0.4975968735834331,0.6034337122865824,0.5565134288855632,0.5885213974223179,0.5154966691302717,0.5394198198322808,0.5091012785277989,0.572984095383857,0.5285546479907218,0.6471431572102647,0.5642163996584938,0.6236039747417769,0.5341270749738958,0.5934238212821018,0.552409684202478,0.5505824852938499,0.5061592483415295,0.6023492781672,0.5809330606405597,0.5393420437818002,0.6025404848946646,0.507574159086384,0.6105227039549488,0.5327806165278847,0.592470158640019,0.5406924658777453,0.5199165699893106,0.5648759639245037,0.5624776219274003,0.47195705597868753,0.5342890346670021,0.5266130406622237,0.6077064041603304,0.5511397181942284,0.5237757406325498,0.4702015103252114,0.618211800165051,0.5171842896777277,0.5640930646891639,0.6972071523549956,0.5230623162593767,0.6002740646324624,0.5721201100227362,0.5764782807605641,0.5212510463124443,0.5617964430999759,0.5505843585010132,0.509225153086986,0.44174989475550286,0.6141971722813254,0.583295143089541,0.5269086860244188,0.4828760097821149,0.6071813614432007,0.5569340145877936,0.5490968922865466,0.5963309872262548,0.7023136331867847,0.5831225744356058,0.5677757715222564,0.567178347941217,0.5185000877538174,0.5992771116549104
0.652221166099221,0.6101546239185627,0.6298917246957163,0.565926675527061,0.0,0.6103007799852116,0.6113450483267457,0.5319209016282958,0.5784605494287832,0.5858551796720936,0.6465807917414427,0.5644594280749639,0.6245100252816456,0.601088082646487,0.5851855690918716,0.6338234723882439,0.6481997799534241,0.6545624725097964,0.5679755117544187,0.558420829330457,0.6369507136011392,0.6527957480303928,0.5904679500741505,0.5625161781620595,0.6073206736611048,0.5458154788056649,0.5807923620550087,0.5709341580650374,0.5521582866618413,0.6040859538149433,0.5547000879631377,0.6227106482387875,0.5433749338593049,0.49423570241231973,0.6324808873540352,0.5926930119200985,0.6005300262706128,0.617079703103809,0.535325584018561,0.6127544395980239,0.5845382310265984,0.6692249316977961,0.55674513793757,0.5913346117168466,0.5357881312482146,0.5558454097949745,0.6032061045059324,0.5768454787763008,0.6473076549131692,0.612748818453051,0.621901478816721,0.6012560148546234,0.5827919919351912,0.5746666219136254,0.5648861243967088,0.5793826318785273,0.6062468293259117,0.6396887251178534,0.5884460686664302,0.6022744566352473,0.5306517483405212,0.5434208109698031,0.5862075265854835,0.5560664552013838,0.5618562070820292,0.522465303572428,0.5531760962773761,0.5990670150046652,0.5749670701268366,0.5762031510784111,0.6006580794564575,0.5721517868819753,0.5829769773280575,0.6425974098032324,0.6158842490228702,0.5525962842359652,0.5717961960635024,0.6912054997825766,0.4931789318995817,0.5436314356101749,0.6000777362655675,0.5961749147668085,0.6155736861778508,0.564235435548175,0.5803308029272852,0.6059275999902498,0.5276249217606721,0.5786037427802861,0.5862568599302238,0.5156742369756,0.7220455474878269,0.5684822468494056,0.6686209522976847,0.5556930821315603,0.6159380337588378,0.5555588286301899,0.4848192233152194,0.5429609628640728,0.5658525722852228,0.5731620079977158,0.5407155686546165,0.4810613391956821,0.5250990213360669,0.5150203073384988,0.5872702971079246,0.5643787445071453,0.5430583400998534,0.5800598267435833,0.5937738504838592,0.5739327961808585,0.5923568942539713,0.5919128516445946,0.595973905751133,0.6078436019751728,0.5611631093482796,0.6385193969546772,0.5784576611463487,0.5919767922881037,0.5751966629036024,0.6239690485993148,0.6469198874809228,0.5261648369513694,0.5444559277510671,0.6199427194655276,0.569553727658851,0.5477313778029862,0.5804726657984909,0.5338682035716636,0.5511038144017372,0.581305669787314,0.5825320530365776,0.6273172050910664,0.5291866195378236,0.5994976211963677,0.5387727347931679,0.5602968048525594,0.5269516482464184,0.5971288976944803,0.5330474560818479,0.5848867914013891,0.5233979886876406,0.6231106605985788,0.6301109750351991,0.5976049843189508,0.6005726284924204,0.5425102145308144,0.6226479724806675,0.5821206011020815,0.5688667359673557,0.5137684063343815,0.5499393309524455,0.5873811062982317,0.6096886488766846,0.5594730171099,0.5817447817319406,0.5526567790115449,0.5935424139870246,0.6192926168091272,0.5504770221919002,0.6129765107460041,0.5745241552898787,0.5960176807226907,0.5477908226732392,0.6898249229049479
0.630883383727723,0.6688014919534541,0.6322533557177615,0.5966288013931647,0.6103007799852116,0.0,0.5855818894453438,0.6226976612230651,0.5992240094622246,0.6168651083479305,0.6256245832275313,0.6838889686074837,0.6179454149457775,0.5390038015542092,0.6292510845379532,0.6030304945587034,0.5700820179197181,0.5673391413543966,0.6513869992199732,0.5551662752062733,0.6455616546424521,0.6405181538698715,0.5257788430337194,0.560208392528519,0.666964454202316,0.5243700923598368,0.5149079099345337,0.5349457400080084,0.553686750162371,0.5630369171155379,0.683590416571213,0.6515262886747135,0.6009329525592723,0.513744236986905,0.6201925202833775,0.6161830094468321,0.643084227167659,0.5849275912169691,0.6138696510174554,0.5417413442013401,0.5955533188101992,0.6147586818471041,0.5649803943102931,0.6455317323316555,0.5728169958801301,0.5538210916129569,0.5599216062452013,0.6291370952628969,0.5887374396305447,0.5767277232149607,0.625418596459703,0.6013279657850762,0.5563960772016132,0.6507803406641143,0.6104387774698257,0.6110759562320857,0.5842665491313898,0.6915457612166461,0.5391165282726902,0.5790252835893119,0.6185194900158044,0.5442674975749711,0.6058036430862598,0.5070451457960885,0.5540348047395056,0.536191786501109,0.5648954606691914,0.6047460412121406,0.5076184678362844,0.6257594060517152,0.6231231503577571,0.5331710558009557,0.5487753458948733,0.6218105349313862,0.619264046915559,0.5694316256721139,0.5702706198730516,0.6186855717072719,0.5097935247459076,0.5382245871364673,0.6318403790495765,0.6434423099557328,0.641678678182911,0.5856037971287991,0.5575228809741766,0.6234443791063548,0.6132374953618542,0.5580960110189132,0.6154434672748592,0.5646107297409851,0.6043207984990466,0.6341509168770277,0.6263162826051059,0.5648504825990794,0.5648515224100529,0.6755752322816213,0.5523489347513085,0.5905101917264853,0.5293856960115102,0.5855240186392027,0.5594695124966876,0.5271678944080571,0.5381187162181917,0.5786688758347054,0.5931654093872643,0.5493088997051923,0.561154762062221,0.5543295967641676,0.5597970678378167,0.6113424737450066,0.6456568232706593,0.5525359993764013,0.633616861609254,0.5767468693259052,0.5514980721824908,0.5772159951459719,0.5860523618966582,0.5776181773595811,0.5787630963912515,0.586947219196473,0.5535172769426544,0.5754791316931827,0.5316260038176503,0.6532003601228626,0.5605719766420479,0.6369874253889168,0.5493827873768254,0.584001861269792,0.5779161164578409,0.5494213196889723,0.5759576366613086,0.6287241133344863,0.5402439909727089,0.6262926359085121,0.6047790999374556,0.5479688889580187,0.5412937275727463,0.5573243707289915,0.5066878540426641,0.6200279750416218,0.5858126820263557,0.600882601767499,0.6227760198566831,0.5994509457368221,0.6142936680219501,0.5291915456464866,0.7069962269706673,0.5976816112278625,0.5943684631891665,0.48764552604094924,0.6131875843640127,0.6035971529144943,0.5580010809419791,0.5271967734736105,0.6531609349268178,0.6100901327945524,0.5833299774937928,0.6775536243166921,0.5465589754158111,0.5712343543138008,0.554113660727591,0.5992304318594942,0.5434444713987293,0.6200868618639205
0.5829836197760937,0.6352802284276889,0.5473511296207814,0.6160066576920352,0.6113450483267457,0.5855818894453438,0.0,0.5119783219298295,0.5219959207397822,0.6063957942850651,0.5369774845627688,0.5677972775971204,0.5762122127475973,0.5646042305776486,0.6770478283125919,0.5217493014524771,0.5293511092678698,0.5649418809529667,0.5362518210226229,0.5043235594082607,0.5872951651389966,0.5707658724762519,0.5775713718113302,0.600524974611547,0.6057333989492941,0.5532406383775138,0.5196260737290161,0.49737245643334743,0.5407580683398071,0.4916827930012494,0.5974926336359719,0.5775063704640075,0.6264939764577593,0.5155084841560342,0.6050548114019443,0.5817876157741184,0.6071061673017221,0.5247711625754014,0.5400735635568968,0.6382179912700957,0.6017870426473193,0.5692439956113504,0.5261673596335478,0.6322013080276603,0.5544156765284041,0.5670454335789318,0.6109602870114559,0.5619769555521935,0.6453727699826849,0.546412612266139,0.623658461690185,0.5793805442432818,0.5507229809067059,0.6085197250954217,0.5698277022486826,0.6156792456243825,0.5450867290230269,0.5324850257518238,0.6044624280355967,0.5750753981112688,0.5256061555074313,0.5248623942965952,0.5198367346663397,0.5059876517991866,0.5589361935740161,0.5199432806921771,0.6151780714070044,0.6290333903601816,0.48303116433826976,0.5181978480358297,0.5997652828890999,0.5586952572002883,0.5302123975019508,0.6120865775442268,0.5072354405094638,0.594946888566018,0.5572477315700405,0.7003072149804019,0.48616133970868003,0.5363847500940305,0.5845264294109472,0.6086385467022102,0.6093815858015018,0.5119970049886009,0.5401777146468186,0.5627117391468404,0.5059047169229416,0.5763456238858058,0.5925355521161986,0.5584124957557289,0.5844225202708268,0.6838608639883117,0.5920485074675436,0.548520023864879,0.5879586694818013,0.6246218409686024,0.48125248113187846,0.5813350470962052,0.5390145036212842,0.6465775913656996,0.5672210765956066,0.47256726380106007,0.5713263273400067,0.5551300733655031,0.5394887360996242,0.5372445827795672,0.5265966582309698,0.525897366130495,0.6432509576168548,0.6121835450745954,0.6435712875165955,0.5483333241081851,0.6099858320066676,0.5180814357256202,0.5414502028310935,0.5603708886525566,0.5660886653291711,0.5377978132653504,0.5611953889453709,0.5691682079220334,0.5559432500428273,0.5194972762056165,0.5176213789816699,0.6718910548979999,0.5456847044153681,0.587073066786344,0.5582389982775111,0.5453732945559611,0.5448603623045519,0.5866477938017451,0.5084942519535429,0.5194969582534602,0.49488777906055464,0.5586756679378213,0.5343557407958568,0.5530500057476968,0.5095531224512561,0.6427121129264564,0.5129905269108912,0.5666846944852869,0.5833907797832568,0.5480678650294096,0.6612197871631053,0.550611322109877,0.5975201828665812,0.5688975088530795,0.5937189443637989,0.6072950045360445,0.539418556836608,0.43484207855718854,0.5523708573960684,0.5807675920889097,0.5032443330884107,0.5981473558590727,0.6024390124744825,0.573948154022164,0.5630110100718099,0.6580777983066348,0.6272509094038596,0.5818741469552586,0.6270948694943088,0.5774219209658692,0.5541516694742048,0.5791866433639998
0.6061188121574843,0.5705921241236457,0.6016840999458198,0.5488711975446211,0.5319209016282958,0.6226976612230651,0.5119783219298295,0.0,0.5822500446512805,0.552789282892002,0.5989545351423038,0.6224878600257056,0.6576733533485544,0.5070553238383629,0.6176823764194735,0.62371566639956,0.5463106808121659,0.5719056019121086,0.5854675656579139,0.5778808556488295,0.59075014904002,0.5921327542679006,0.5248947148709874,0.548739488054871,0.617474380479256,0.5533584794326257,0.5577465114516997,0.5420258860862015,0.48359058545324096,0.546967704771314,0.6782920162693271,0.6071776401044189,0.5534324324615159,0.525074160585474,0.5633933330709237,0.5809218271061704,0.6721167962141656,0.5941734180775858,0.611676581157358,0.5325302493338778,0.5490485006628194,0.5314304344537331,0.6112453464665709,0.5478018363971959,0.6685447400921767,0.5979074129879649,0.5162604685726775,0.5918390215477417,0.5619847743391018,0.5726976327331732,0.5842078157159347,0.5464655075382421,0.4967180678706065,0.5735288000516334,0.5761108199889479,0.5350251440532702,0.5771231308658485,0.6566099757691409,0.5064330103960826,0.586607795023555,0.6658272571463808,0.523882590615621,0.5968696362818844,0.4894761510858735,0.5192635881727821,0.5501027999038972,0.5747125461127375,0.5877421195403542,0.5286890207783224,0.7365050156825387,0.613337445007673,0.5182319163121817,0.5122741040684919,0.6217631036491459,0.6067833627285865,0.5337362920526103,0.5999214665467731,0.551338423100724,0.5667444477691274,0.474883185905925,0.5369002450945309,0.5970638583515593,0.5853405890676641,0.6188112479380169,0.531561328136023,0.6571618819149988,0.6901648164093879,0.5548251507309391,0.643720868540623,0.5730815326784318,0.5619424528697617,0.5387098005047427,0.5652261423791304,0.5365696220725431,0.5127362138556415,0.5837355061739334,0.5553422315418027,0.5386100291053995,0.4760146826408236,0.5809289559580529,0.5355654945293502,0.6189760849354071,0.5139804326565206,0.5300157052191391,0.5844978648964642,0.5988326129133307,0.5798514307428937,0.5398396889185232,0.551076964926528,0.554395322769997,0.5566927598704774,0.5371733375757347,0.5670048630159161,0.5722914710851659,0.5634570149047229,0.567594885570603,0.5275672793255727,0.5698193335721796,0.5013833322427146,0.5337061215078719,0.5312192261599796,0.61665507444279,0.4983026948023084,0.5899713232260683,0.49155887016985483,0.5983094812327904,0.5104355240907735,0.6752621786756893,0.5386274304992285,0.5680086660917553,0.5426072888694535,0.6005102755845833,0.5843512556839605,0.5490393158096415,0.6177948478052342,0.5010609033436505,0.5563179990998102,0.5511825388268691,0.5584386696383282,0.6409174207510133,0.5362606600467106,0.5382366981577765,0.552018405694451,0.5411589518088653,0.5790765680345858,0.5242062792894759,0.64779181541483,0.56292149961579,0.5716770911388765,0.4608756717065173,0.634408301026547,0.5091263072933548,0.5550825681385687,0.5271597215632585,0.6050356158818965,0.6679650712313482,0.6018047029488408,0.6228796318296554,0.49246211014661817,0.5287074394993916,0.5100361091005376,0.5198722129201316,0.5083682540349165,0.5699054949311687
0.6378328856730815,0.5826415021184648,0.5435201296058636,0.5017283140795807,0.5784605494287832,0.5992240094622246,0.5219959207397822,0.5822500446512805,0.0,0.5348902044934015,0.5506293678825707,0.5330502838652689,0.5908734939854797,0.5489997850037627,0.5489997255664762,0.559426236433097,0.539890268243916,0.5958630451832349,0.5280891194277393,0.5466058621702726,0.5435341117263468,0.6050010156396138,0.5148016577533493,0.49838309668616654,0.5661525702426483,0.4746593605605224,0.5711813924836899,0.5243581530700696,0.46652775203452373,0.6653786312769012,0.5834731434369886,0.5719427786500972,0.4945229200019515,0.4585759755605857,0.5672942171109029,0.5151708470648938,0.5796757607010072,0.5754729187351755,0.5141502831365707,0.5124856944793893,0.4983327882569671,0.6792361000469785,0.5028363171270565,0.4998251402379864,0.5195620995915367,0.5260198811980114,0.5302923220396079,0.49368110207853516,0.5448387665895771,0.5439659014069252,0.5408614263371184,0.5132311860337503,0.5429268476641613,0.5023289469526581,0.4884914006890213,0.6376525945148833,0.5577070850439948,0.5927411631586781,0.5092923397438193,0.5571883318583435,0.5348256992083772,0.5262266848597112,0.5230190968651811,0.4893943327520571,0.5303118523710892,0.4996589973983172,0.5417732781385002,0.581456356869492,0.516753611642136,0.6147111127232212,0.5875428913573189,0.5199998284457021,0.5368172134601799,0.5617851837195215,0.6031692573775496,0.5372808569577979,0.5264526000011743,0.5506579545841576,0.4704355331324317,0.49722468685090637,0.5398880992135473,0.616474094068239,0.6464631797114192,0.5350001175249077,0.5261766600244435,0.6090053885609874,0.5644286216586432,0.5446139302532856,0.5916065378241416,0.5994121862117106,0.5873056380013166,0.5591462104907843,0.5436762270107186,0.5260593036102905,0.5580660209598278,0.5377848956775305,0.4989107557373606,0.5076434052496831,0.5255635902210538,0.5375462030488533,0.5137028730076539,0.4805207827716578,0.47165879747930317,0.4698783644481059,0.5578200102821953,0.5261071988372447,0.49811998459377393,0.5341649487068176,0.5141515356005971,0.5252880585862919,0.5066082866486882,0.5281893462108969,0.5622640926032947,0.6273542706369366,0.5057788547655648,0.5989655431820154,0.5309402579685883,0.5217002399279969,0.46319093185447086,0.6124988084703091,0.5520330556348276,0.5322741443964434,0.4953858909088192,0.5689378795773389,0.5570622362472196,0.4951595102745677,0.5431399657532726,0.5372811984736616,0.4709613782979007,0.5266599247524797,0.7144367699909403,0.5989291839254827,0.55730230266381,0.6095760604897192,0.5146609570840056,0.5107526258797643,0.5155607215287578,0.5100507520421518,0.47780187305401844,0.5796768057080633,0.48404477643243626,0.5662077073073984,0.6091597614649021,0.556261722227097,0.5352077774723402,0.49785266486711244,0.6714378152313356,0.546754580956415,0.5227482631133601,0.4765526106041199,0.5462455519961059,0.5334874517614241,0.5603673139464402,0.5179690067384323,0.530041241723832,0.5850795489906687,0.5833324178586284,0.576477571235314,0.4888042224824364,0.5377288563759512,0.5015996086520765,0.5677789769277418,0.5416240442136099,0.6233432781637291
0.570956921486214,0.7109724500750109,0.6708800458251474,0.5302521365223233,0.5858551796720936,0.6168651083479305,0.6063957942850651,0.552789282892002,0.5348902044934015,0.0,0.5869508401843573,0.6338033676418282,0.6023308493961649,0.5495402220399772,0.6065612907768788,0.5896978581483516,0.5604233329882476,0.5678359562426984,0.5693918917883859,0.5463085772094926,0.5881751153307725,0.6371425214739008,0.5712589596599017,0.5726085614238213,0.6849690961590148,0.4992024177999549,0.549675031243132,0.5254731301046792,0.6590839920506212,0.5368530322447026,0.6055217546034692,0.6223778187078748,0.5464027289032253,0.5036972156088921,0.5924686851842585,0.5904326965594351,0.6008536713779744,0.5550024044570151,0.5588808554151763,0.5699216152449218,0.5692111560254335,0.5831674165969167,0.5362621795561257,0.5739205400838253,0.5685541923431011,0.5413068472437713,0.5808368700935724,0.5908336897920383,0.6290963279139202,0.5455202504584652,0.5546754790779327,0.5250210811989702,0.5241287228991732,0.5814193485244256,0.594497239484109,0.5849168554438167,0.535022438781801,0.575496143771716,0.5812541968424967,0.5606109192461678,0.5399041360423684,0.49567282820168646,0.5113462439254812,0.5392691373156511,0.514809134759803,0.4964169384272574,0.5454603894040949,0.5760252928646128,0.527836170913844,0.552855311480258,0.5470889064350992,0.5416327204873143,0.5042191069517072,0.5849923604090019,0.5585734412722455,0.5544172590547491,0.534826245066858,0.638606107036663,0.4794765907301882,0.49471616733253043,0.5730496225023556,0.5392403891246322,0.618681648918576,0.5440319920405503,0.5121555776569306,0.5866433501226551,0.5162580584708321,0.5390956535618948,0.5905768594158237,0.5323713967557065,0.5465323841472413,0.5759343157350519,0.6170933301246037,0.5157301878299786,0.5303455422975023,0.6564864023094292,0.48270182889883345,0.5717948038338536,0.5045745588740445,0.5611350795728333,0.5511253127608849,0.4871680310250128,0.5007608421130701,0.6052172389732945,0.5272903830734539,0.5350047998395735,0.5305019221834837,0.5816348103088888,0.5871552778839557,0.6359144866809918,0.5787091057831761,0.5170233762233022,0.5489712911860469,0.5476387392536536,0.511691238751839,0.5451374589041895,0.5634966728060011,0.6585586689166663,0.5597217727648718,0.5398976788487215,0.5333630986477528,0.4936540215361368,0.5083077448001997,0.5922827676875441,0.5205627628273358,0.642582232022275,0.507226198478571,0.5565324321371282,0.5966162182896461,0.5701529433433782,0.5698867544224068,0.5475421370385714,0.49359246737207724,0.5210543369702337,0.5748932387568497,0.5344937622906786,0.5578554004154285,0.5715914127723399,0.561591404867205,0.5788894974691052,0.5475113885214883,0.5882683086948979,0.5778980867814222,0.5541393823547079,0.6021511279419827,0.5241360454151738,0.5912182968649022,0.605450649915072,0.6758475836760272,0.4869864632744532,0.5236375794101175,0.5829274310538245,0.538704506800873,0.62318957498399,0.6119631938713048,0.5651620605007127,0.5714009619035963,0.6180959439556983,0.5288283907013439,0.5231634818022581,0.596287670598567,0.5507771388117338,0.5286150740312873,0.547133703207591
0.6447387466434649,0.595497923262454,0.688843913419964,0.5918658678274028,0.6465807917414427,0.6256245832275313,0.5369774845627688,0.5989545351423038,0.5506293678825707,0.5869508401843573,0.0,0.5806311544984564,0.6802713095068543,0.5937204677496674,0.5752520476993274,0.7171831662666542,0.6805725882622656,0.6550772811910008,0.6146796293935243,0.5973114868764099,0.6395423455650234,0.6839496386900875,0.5643731121095116,0.5493047170113455,0.6240622649370376,0.5497918465517169,0.6104386228548198,0.6457878693738712,0.5811798970709899,0.5611294311900342,0.5635611913311054,0.6423077673013954,0.5535395427998652,0.5038343526267736,0.6439635613861048,0.6320657933980434,0.6204699932757753,0.6768773526938221,0.5719218313652881,0.5876719934486432,0.5881879216599539,0.58249991248887,0.5896738665921084,0.5874366410738373,0.5736324632096772,0.5503995629788718,0.5137545213198276,0.6429760427386558,0.6257141670023517,0.6273065967758724,0.6121619452157294,0.5829486019662908,0.5552781028189739,0.6160289830479133,0.637795834990879,0.5100104430320335,0.6190641638073258,0.7078448370200051,0.5726718207270003,0.6072599247208635,0.6203801194679831,0.5246893667103965,0.6478051035450431,0.5645783095665171,0.5379360947409272,0.5357574506136925,0.5534593438216041,0.5546734231306726,0.6356277244907336,0.670060699473356,0.5803290319308327,0.5652690070316155,0.5942172036227336,0.6690384137740057,0.7278256619689832,0.5281646300756807,0.6020074159675676,0.5966521372507404,0.5199764751372438,0.5049948671680963,0.5748277988713243,0.5693904526240159,0.5541487807709439,0.6586537612760842,0.573402478651593,0.6214562148491894,0.5906632347017502,0.5704261384900411,0.5897250966128664,0.48828177521736493,0.6681909429992663,0.5196743099520593,0.6900990730415706,0.557337542214188,0.5803545020506439,0.549580717866627,0.5167456546419179,0.5254214384725231,0.524045742920094,0.561628809193067,0.553634973055861,0.5307011432973994,0.5166066686609442,0.5237569727016366,0.6197683865185031,0.5576630406974941,0.5715109957674761,0.5850248695951931,0.5596135428113099,0.5543527325512778,0.5892297258181332,0.5817337888028841,0.601034737517883,0.6378595619870823,0.5861029317882736,0.6067187005732039,0.5621728536652075,0.6372956126930384,0.6031915135218373,0.5928466775057,0.602990503132075,0.5566264053387433,0.5383041299495069,0.5774757761194926,0.5446235734979467,0.5854947037248323,0.5424699229577838,0.5454375635966122,0.5969569906390587,0.5825105555841436,0.5471863968130972,0.6534367579659041,0.5813479735736289,0.5916459938923359,0.6025714502659613,0.5382563685672346,0.5202449710930852,0.5816779462615475,0.589484702098217,0.5914514229378616,0.5561814224913522,0.6181498075321178,0.5730521334157329,0.6074231450390775,0.6065106950757039,0.5130407925614656,0.5817813771563535,0.5535312600028077,0.593220153362966,0.5353484391127424,0.5894053896213975,0.571884539091883,0.6750193303134737,0.5100757912781644,0.5855357800433948,0.5686687150835645,0.6371424431461049,0.5813681465265715,0.5530188191366849,0.5943393693351532,0.5457310293600219,0.5675939886092656,0.510574841820703,0.6627667906360354
0.5818675510590068,0.6490353801458032,0.6207886299059975,0.558456969407016,0.5644594280749639,0.6838889686074837,0.5677972775971204,0.6224878600257056,0.5330502838652689,0.6338033676418282,0.5806311544984564,0.0,0.5847715601448346,0.4844308334625695,0.6158105553326148,0.5944110997800349,0.557727807249104,0.5380238914367941,0.6789446131804169,0.562673373557398,0.636063754353559,0.579611153901444,0.5695249226743571,0.6144615971027659,0.7148287939845834,0.5298328172418056,0.5077520148068845,0.5384955815184247,0.5447478849049947,0.5439138830683452,0.6719485169131207,0.6002171406350514,0.5725642798129998,0.5727215286246271,0.5829373475889865,0.5891002545516972,0.6146199860073316,0.547933475377016,0.5986283580271692,0.5433438282542318,0.6007172220102146,0.5614831380242713,0.5695932220851886,0.611410284689566,0.6126961116856832,0.5690727132569174,0.5699107959877772,0.6121125191745124,0.5941123000561208,0.5412034529327087,0.5697012910740087,0.5876562987387508,0.49527520183020884,0.6053453948637082,0.5813455571815882,0.5751229170343314,0.5579147520173022,0.6499676930605877,0.5119222493633664,0.5564021926349414,0.55910391101051,0.4842154862428404,0.5530406449442419,0.4933765485120465,0.5064535743535532,0.5129214069734989,0.5272872536251734,0.5485910117491959,0.4842619825508574,0.5787510697901972,0.5569286490468024,0.5057893265587146,0.49184816018975236,0.5829003506944012,0.5603895737242371,0.5420423085914563,0.5299361542700741,0.5973510192519647,0.5348314826019843,0.49547997293954443,0.5692781800225968,0.5641797595796669,0.6059553255456214,0.5592217958334041,0.5279969250260705,0.6346484227339805,0.5567903677837183,0.5098563321431243,0.6070380603725757,0.5538679804939899,0.5467448265716062,0.5854998256236085,0.5767205280458985,0.530792019601107,0.5006294335503931,0.6615503991397057,0.500918605666766,0.6416826869982873,0.47825238739935844,0.5714195245049293,0.5195049240689559,0.5122154344925658,0.5266192034475271,0.6613193474928384,0.536688843989773,0.5736599143706805,0.5537679690184857,0.5988382151231404,0.5667052610032283,0.6537736091743522,0.6385450107884684,0.5247835346885311,0.5446764619565082,0.5222812834509772,0.5377675379224004,0.5698426135185987,0.5830198846322835,0.5869729276091563,0.5694668572044319,0.5182007377631023,0.5182775669365491,0.5252134076082824,0.5310848045926165,0.6165747575971422,0.494349835723449,0.6651766819231233,0.4913850542486786,0.5928734726315569,0.6160712292920079,0.5279501775305433,0.5466035857153456,0.5562247931980191,0.4926494284364263,0.5374337359618936,0.6022478868262737,0.5006606956058652,0.6036798594558378,0.5599763862000638,0.5506689536422743,0.6072091797647906,0.5412316393066474,0.5355666799665229,0.5594057950612086,0.524574456559278,0.5927410238144791,0.5443995991596812,0.6441102888169724,0.5702158301344903,0.6585639453154688,0.47416645614788233,0.5867383887542126,0.5461686907610472,0.5344452804571076,0.5517319762874572,0.7284535642778736,0.5814921114400501,0.5628555060521144,0.6920371886639017,0.5055948930651344,0.5104084834652051,0.5345678681238107,0.5462801457705474,0.5114801343313953,0.5631451323395906
