0,1,2,3,4,5,6,7,8,9,10,11,12,13,14,15,16,17,18,19,20,21,22,23,24,25,26,27,28,29,30,31,32,33,34,35,36,37,38,39,40,41,42,43,44,45,46,47,48,49,50,51,52,53,54,55,56,57,58,59,60,61,62,63,64,65,66,67,68,69,70,71,72,73,74,75,76,77,78,79,80,81,82,83,84,85,86,87,88,89,90,91,92,93,94,95,96,97,98,99,100,101,102,103,104,105,106,107,108,109,110,111,112,113,114,115,116,117,118,119,120,121,122,123,124,125,126,127,128,129,130,131,132,133,134,135,136,137,138,139,140,141,142,143,144,145,146,147,148,149,150,151,152,153,154,155,156,157,158,159,160,161,162,163
0.0,0.3436760715314674,0.2910275228221538,0.2806180121287085,0.29861421710358077,0.30538502561244574,0.350649296548632,0.3285914478956208,0.38902059990170695,0.2981063437194484,0.3498051737916914,0.3205494593609864,0.39095880249054465,0.31122734623604403,0.3463545809503593,0.32623032120623313,0.32342868966846333,0.4732493118854397,0.32306439726169484,0.4750160633199712,0.34150899300891674,0.35777138342100706,0.34653935243061396,0.31109869705759247,0.42260260623718393,0.28978881280245455,0.2654563605227897,0.32147270280961515,0.26070850838716625,0.27694038739959354,0.39796954521622807,0.37233564450374956,0.3167368411359378,0.39909386841544753,0.42337458028698605,0.3776653254665646,0.412667418081631,0.38271544150207926,0.2958332842371782,0.33270830050518907,0.31411116428420083,0.3558998420942194,0.37518884131474517,0.37780292398401033,0.38661699726943954,0.42017438689086606,0.31220797992102883,0.3322446436863943,0.44428331786091857,0.40317089585753985,0.36985169204200635,0.3413063764835291,0.3139891708180152,0.29174336572230053,0.3443960529074543,0.35742019695296323,0.42646337715396604,0.33026867513218466,0.3212422396751002,0.3814020626560416,0.2842132005906976,0.3161807615495346,0.3289637735059904,0.3187707252523172,0.3521112778300338,0.36768378835167004,0.35558306473730233,0.35916412091951866,0.30665546476076083,0.3833602340818089,0.52690461681744,0.3374769866330299,0.3284011687688098,0.3306089461604355,0.34250421578935925,0.3932463110395383,0.28424230933744526,0.28121032175584776,0.36855456860787134,0.24280027317708605,0.3186049810969774,0.44281681651739035,0.3060142156640563,0.31834671339588816,0.3549355396639631,0.4416491776535425,0.34818464974012964,0.34801301489915976,0.3755594290861453,0.35578737482923206,0.40265079601843345,0.42513858193334847,0.3724547333621333,0.40010963937145816,0.3712197537295633,0.33997744965263427,0.2621674963703952,0.3668696986497766,0.32292699916359263,0.3565496664985827,0.3242602568318225,0.3288045436303641,0.30878375427194404,0.32496403154413156,0.40465707341021073,0.3721824601276609,0.30292338099467975,0.3466686981881635,0.35597536218716525,0.33544467734792816,0.35227241560816347,0.4339737615442873,0.3704675384478296,0.2879409994247804,0.38739902836540635,0.32082901149158105,0.35980221384081307,0.37787443686756755,0.272310977932117,0.3209402765228124,0.3382021686177113,0.2910091314544686,0.4066810857837117,0.4088669408880454,0.32848768596489314,0.31056278905484974,0.29086925493752624,0.31420572537089564,0.32622195658715775,0.359629815543019,0.2872127098552105,0.2823583548210586,0.29141848841675944,0.3957126216812508,0.3453323996894176,0.3339603809826055,0.3432196499523023,0.35183765819183443,0.3314882328303987,0.4251034255248421,0.28172521982327364,0.35023321456938866,0.39654198907674204,0.32596887129446134,0.3903853663511651,0.4005824593248621,0.3553839766465228,0.2802309293104785,0.39763830376410164,0.2617958941549789,0.44005578753091207,0.3135570740176043,0.3505427147433424,0.2513853206344237,0.4052360125165556,0.47787156737508557,0.33556887237057115,0.30459426177287646,0.30045676972103597,0.33397233206197646,0.2820665301664581,0.38137824276241017,0.2782003882806915,0.4601141899834388
0.3436760715314674,0.0,0.3622838071048654,0.33485255123998703,0.24096116578113447,0.3426045036739681,0.34889561697091886,0.3942247921300997,0.29759217447282793,0.3833485414001401,0.367881206440143,0.40272183132341816,0.3420875340359363,0.31302031136211605,0.3453333465900664,0.2936094102346144,0.32142952077391507,0.3470182218227412,0.3477893507029451,0.34082665199830414,0.3290012958632386,0.45077567387268097,0.37110909157669886,0.35881486198318335,0.3924948840681777,0.2555442491059282,0.27762077446906835,0.35599542222951047,0.33197510297878635,0.2600872639231151,0.33762286797132623,0.3053787514736166,0.3690645303148118,0.3355493389329838,0.2914928903640401,0.33290696596861746,0.32854512775442923,0.3121146333666135,0.319824400693551,0.3307119715059504,0.35786111105300294,0.3598311595660266,0.2482180764994749,0.27308891550770376,0.42123913882759306,0.34851262187822724,0.2750175905027516,0.2612054532786053,0.35586208642171324,0.2926966129323922,0.3215744865332869,0.30333638985415046,0.32567698841061776,0.372812923650615,0.3263711051441237,0.32340856764758963,0.33986265259356135,0.3024068937626862,0.3233321792031442,0.3951151631270988,0.34319027309411304,0.23970109150158098,0.28390338053652475,0.251235115159899,0.2737847227004934,0.30172186456033495,0.3282700124843732,0.2983989675794161,0.28233697422030785,0.34619280136424496,0.31538981539693034,0.26127706805132556,0.26005643606964074,0.3568349010951459,0.3562772814744086,0.29346476160264695,0.2865241711962187,0.30268663154739656,0.3052580813876185,0.20796806547969698,0.27917637313136145,0.3289587473071275,0.3453965564228784,0.2920129575434178,0.27657587547932616,0.46911377448270797,0.2751748361228215,0.2443292190621332,0.2938297497218273,0.3720020777447342,0.2785367333554047,0.31385369260026036,0.306502962968821,0.34205581017320347,0.3250283598523279,0.38014300130818635,0.2673471895137498,0.33057944403022615,0.23169709203296104,0.3431901617972628,0.28589034557841025,0.2782625362468703,0.23411254636589449,0.3288825788992991,0.27883865459710727,0.29497360722736937,0.2780811979226845,0.3887276449013599,0.33565680453227076,0.4477717936065705,0.3378425412005615,0.2683484726616289,0.2873844227346221,0.25121416578085304,0.3351608862051542,0.40144810477990983,0.3087921260193583,0.27261211967492127,0.2920972739343106,0.2691893492497486,0.25883034979340197,0.25219373863100275,0.31223763012986055,0.3760238722190381,0.24168400570858006,0.383080716932096,0.2685945939994244,0.37177125604774314,0.36449559371428675,0.2922583310417017,0.2944880377522413,0.28451626234683786,0.25689287211763795,0.3319110492084256,0.333184213885982,0.25365818642140797,0.29431925104783885,0.28150834369454003,0.32014257480804287,0.30941792726987194,0.29695293018171925,0.3030433336907827,0.39253036458809504,0.2938313371946655,0.31837981264645415,0.282692788002035,0.3465812427679512,0.30485225856224524,0.3880695627530102,0.256860336662296,0.2973492432391407,0.3113572732001409,0.3231193371880021,0.30890125874518654,0.35568931247093766,0.38246638833357754,0.4001080646240299,0.3338608572457105,0.26255721819473565,0.2491573341595379,0.3053225870678442,0.28836023272758204,0.24997440602529913,0.32891503999781024
0.2910275228221538,0.3622838071048654,0.0,0.29939591284275663,0.2681701872957002,0.37945084998010514,0.3002277448985159,0.33808940933726894,0.22645480371063725,0.3608454928016661,0.37059750085640875,0.35124160256466647,0.4003601764661545,0.2473735525454719,0.2892831044636654,0.44052337536115327,0.4087613555079396,0.296726309548231,0.26107232250995666,0.2695047652446002,0.36070845361256043,0.41121339575275406,0.28941746602078017,0.3269701463543122,0.30659565329066285,0.3179653802503458,0.2590284908137654,0.33269009274218564,0.28158723308503025,0.2690474440446742,0.25127416970813654,0.34303541396200943,0.28370003988939585,0.3215836611746104,0.23586471993560348,0.28212062831430806,0.3268338069199612,0.25924689994689665,0.28951961525217995,0.32300803281145857,0.28565211464593737,0.3347330033427961,0.26499940089245483,0.27665963801324644,0.3512663418005351,0.35029322888048264,0.28784567724888727,0.30431378199955583,0.30169731505374225,0.27602809790915095,0.32668616009630247,0.3450666652700396,0.24153743078190262,0.327629015057047,0.31117432883768614,0.26530818227996483,0.2889208967902288,0.3598686481444899,0.26477785572489515,0.32875596167846755,0.3131329617932773,0.24652846532131917,0.3139296880070574,0.21796661287655497,0.22903077998125676,0.2819633581972543,0.299248622618661,0.32229634161554704,0.26408012012585286,0.2979592064954921,0.3131856402251714,0.22101290933098966,0.25082106982498403,0.44141340888220904,0.3434905206812536,0.23691397831921782,0.38466060291969045,0.34983236628936343,0.25876726929542293,0.23660284750639624,0.2858420293250647,0.26815733855911233,0.3222368614011291,0.27733559417596415,0.2606668424241332,0.34108939006561995,0.24879815240097047,0.21887165061953556,0.29616457746418146,0.2641454735476104,0.29953944332350735,0.24923806519989491,0.2981879231776657,0.25710337844431286,0.2690379201679383,0.28171396196681125,0.2167067030100694,0.2920347262642845,0.19776344273298832,0.34147849198368574,0.22370595192119655,0.2924835097982041,0.21044155900560121,0.2653508618567042,0.24913908637625537,0.4095683131724561,0.31093936701602165,0.3042058106417967,0.3224338267169059,0.3997586137696144,0.32058395629412456,0.2356112028912995,0.27902789865264127,0.24216887989889954,0.278066887122485,0.3978460946465744,0.26279678151131153,0.2870616559669399,0.32599215853334224,0.2516221507896816,0.2755688978858088,0.23341757953041045,0.26271155864921036,0.3695527822912719,0.18905472999096953,0.3586292419427363,0.2617767495448302,0.3699517857256571,0.3510159074947691,0.24927794825921232,0.2507758142496603,0.3659745546827564,0.23135723988857906,0.23920082346274846,0.264471659544334,0.21739162767077713,0.2570188230258733,0.24350889226926697,0.26891961391322,0.2578407151667464,0.22357520190804298,0.28069283479618806,0.3044117766736246,0.2530610438905091,0.27982854844333593,0.23476772374790236,0.3143190394084175,0.3343693312929536,0.3204479847253655,0.23985330930575405,0.23616501323670566,0.22661236992424533,0.2723238202322314,0.3129375555800301,0.32951953142474727,0.29337450014192046,0.34847748038545884,0.3921749208581038,0.20093471187334336,0.2808496766291014,0.2764482868163717,0.2146168861123761,0.22415507958675449,0.30072459066600915
0.2806180121287085,0.33485255123998703,0.29939591284275663,0.0,0.22019707569968824,0.27911639831181384,0.3048178405848924,0.31688315796955924,0.23379247816926504,0.28173337446226243,0.3244922142157123,0.272311971374231,0.31829821380275525,0.3417278152439023,0.3080689856885901,0.27900400251731333,0.35127361566956367,0.3374601059845807,0.30380176038007944,0.2868696766959065,0.33394453690531517,0.302801681019106,0.3243099869156344,0.26876814678848415,0.29321669955158525,0.3204255060713941,0.3015876467057825,0.3797699186598961,0.28940666939295895,0.2046920423752139,0.2577800122149878,0.29851847350660193,0.4359838918964897,0.35771777793863435,0.2884612171505122,0.35350944723378597,0.2705128620953983,0.3300920886874253,0.2906956684074603,0.3569912605964072,0.38078946455227436,0.2886142524895796,0.2615935126170764,0.2846887282223228,0.34167171775233435,0.3572388915222081,0.21224265596666225,0.24776220696159068,0.307394525013149,0.3193367388440153,0.3700227456431009,0.35769783321882165,0.34519545601018026,0.3895261390869051,0.32387724497859666,0.2578036566818938,0.36031566840285073,0.28857100550018655,0.3279765328034579,0.42330783572063446,0.39062941887128144,0.29515846320344524,0.33343022471606937,0.2552239039785077,0.30925776868798277,0.36935129701802744,0.3996894552627061,0.24113194973312824,0.313629307674202,0.3137086765286316,0.2923979413230803,0.27734364162873815,0.3189568609757061,0.4318702016603252,0.38380672002431016,0.2777399305295505,0.3604701129176033,0.2753788968737131,0.33545857071388135,0.21480658656903892,0.28616860475994427,0.3446978105628304,0.23402831343658562,0.337137035684244,0.3565293637647716,0.3326453597472763,0.2988493486628273,0.28331106747685786,0.3109314466410812,0.27737735759597293,0.3041597257084009,0.2936811962502512,0.2946080791182051,0.3375665863635356,0.3680380032406935,0.25110778883063944,0.27774457453776086,0.3144721026548298,0.2518866859313522,0.3780067291501366,0.2823959117903793,0.3298905436824652,0.3004211076606291,0.268922030968373,0.3289797658276715,0.30005097488499155,0.35061209290675555,0.28285509566111033,0.3522362814819763,0.2737757549645335,0.34315690382186376,0.30326858520471245,0.3704199827513285,0.31232777238402665,0.36529261769517224,0.31886583103299737,0.32445605932813437,0.2388785554336762,0.3236031067545756,0.3227979758947056,0.2689611721292146,0.3354846048364716,0.3125128232822439,0.3072574778699629,0.2351163146821398,0.29613399962424025,0.3477029451623563,0.2762842181379639,0.3898695307809561,0.3452047618620258,0.2397989579828313,0.31617300581312796,0.3073030776408597,0.3384134226374168,0.3004022015015082,0.2373205660734919,0.2003219739551018,0.3058763785142374,0.3094533093788146,0.2857054037809023,0.34806652679917993,0.2952532654086602,0.3839056259476815,0.32278832010791253,0.2965821524291011,0.2513874708337288,0.2562178525898113,0.2823819671799259,0.2661432238578105,0.25760409100962156,0.30911022491312523,0.2990975936880693,0.31772896170398424,0.2501261465342649,0.32602916174029106,0.31092849202363143,0.3333375451297838,0.2700128198328425,0.3277215953522922,0.29844178488804596,0.34951409555708124,0.27381836233324397,0.2950971688569614,0.2860217848496538
0.29861421710358077,0.24096116578113447,0.2681701872957002,0.22019707569968824,0.0,0.22396731696931205,0.3245761005396169,0.2252350888347606,0.23690367338089235,0.2327058928491932,0.2886569647944201,0.24851103546012251,0.25751740580498245,0.23776940303930222,0.3131942573271535,0.30374081039709366,0.2726496980151884,0.29831315966887595,0.22092255541205574,0.25864136237279767,0.2737291638216951,0.2818787742977158,0.27804390237483867,0.27433898074881624,0.2527569129954093,0.270053883521331,0.21735711595986754,0.22552537783745905,0.23303941497641842,0.26412289507758746,0.29368231743754986,0.2529528980237599,0.24742700741285095,0.25031384617738445,0.3267201213427524,0.28729703114819927,0.29438541441080784,0.2686706324154003,0.2951117053643111,0.2574980162090601,0.27072410934455515,0.2529960840924974,0.30332689575014815,0.3414128995453951,0.2472711943866696,0.27521790323074813,0.3094058083990045,0.33659822997767047,0.3231245399067193,0.2854023743795889,0.291083475145182,0.26504171232793033,0.2320210859142994,0.24079462495419798,0.2774550794401393,0.22687881396647777,0.2527300588920482,0.28978075838966516,0.24203107766446197,0.26688626930282383,0.20188910335534907,0.23463849996689887,0.2490618532660305,0.2575871776432106,0.2509997171996954,0.21230373799313276,0.23136626388953782,0.29394643421797784,0.23770583737275566,0.2585613288134303,0.3165029642354051,0.2599150623599486,0.2025961807780243,0.260830675419747,0.2231784406402007,0.23844763136298794,0.26036499216103753,0.3680293221195799,0.25064652024870265,0.224225032804932,0.24865343185478442,0.2690953819190005,0.29002191474279615,0.22000837725784095,0.22632734967046803,0.26165601639285563,0.22926192063713183,0.24397755479187955,0.24003676470054564,0.22351831218943632,0.3541449892193785,0.2792362876667263,0.3487015444672233,0.22436588464599377,0.25218061354874455,0.25608933487208807,0.18911545655416304,0.23647817438226235,0.24624114053589738,0.233541362240674,0.24967148867492042,0.23247313663191055,0.22650688987431536,0.23713416286619185,0.24404723872587475,0.29048439234051543,0.2199170089736649,0.2458176700246299,0.3039386146718219,0.26404962649378383,0.26859999419099534,0.27167022915333583,0.221763823406603,0.22234511282346522,0.25182300015715126,0.24160413983600298,0.2332360358842403,0.2993087380682866,0.22106285636797174,0.23787236453195518,0.37805846692307954,0.22278699419468545,0.22992617056186612,0.3485835391337631,0.2437853727633959,0.2672342142499808,0.2111579696911118,0.2929302014634766,0.24005940664966594,0.26969735908519815,0.21043247645803725,0.23939123594638367,0.20636519009836998,0.24491397276688243,0.24582527589256717,0.2882832190073148,0.26356862365308803,0.3205639288858837,0.24809609674432823,0.3008143285396322,0.21401855446670806,0.2621696919257417,0.27058437498165266,0.241356433812583,0.2914085248056452,0.24958135392705258,0.3115282634322737,0.26521182421359735,0.24829797499330777,0.20519310747470743,0.2521951767824863,0.23851042249050083,0.2632334837335396,0.24709164090051952,0.2710807287575394,0.28080399644315446,0.23149256320994308,0.28734790848707875,0.23056708331663564,0.24079836562135828,0.2252324563976872,0.23658318850241647,0.2179770674165632,0.32868488703494003
0.30538502561244574,0.3426045036739681,0.37945084998010514,0.27911639831181384,0.22396731696931205,0.0,0.27484448055259186,0.3311180332925735,0.26200950870684325,0.2985958231615591,0.33924734265161766,0.39322179643998245,0.351377951661725,0.215939245739105,0.2730999976522817,0.35667828936210066,0.3655397484881711,0.24485624040502404,0.3294142255730599,0.2940132950097248,0.3622049334667761,0.34069446515023755,0.24524830968875722,0.27830193747570825,0.3503001175351709,0.24483112599701806,0.2223993846529222,0.32095578773362166,0.24945434275138176,0.2801403508331277,0.2858564831711508,0.3788460708401001,0.281499651646393,0.31900202137896944,0.2338518262591994,0.25816897273139755,0.31157053002063556,0.2503587451499714,0.28207658405143426,0.2596894210930464,0.2724209677330514,0.3905898822981749,0.2662128485320185,0.29459136194015606,0.28256075453868834,0.29164249666460457,0.25604757503515846,0.268467464545072,0.253375783887868,0.26277521897218675,0.3147022855645548,0.34969017112508205,0.24636646318535554,0.298580209256284,0.25938272961833125,0.3289501220049153,0.3026158053953972,0.4258906820897532,0.22648410581612113,0.2717544306231463,0.3362297612979568,0.27278630468233633,0.3467371910301966,0.2033942182676713,0.24380797723547235,0.2918708797548375,0.2692595926605824,0.29687517911169503,0.22554873298609968,0.3055219033958405,0.3125378916471536,0.1987390523019098,0.27294875480104275,0.33748009026013237,0.37564990900211886,0.2582928225523685,0.31842591763079425,0.26581841930308825,0.24919820780999843,0.2877336882049118,0.3966022769480213,0.29314034588314486,0.2936172479615677,0.2802145772050357,0.28268609790849397,0.3104581743056785,0.3117719099606665,0.22007609357086058,0.30291507286220637,0.26802213720989426,0.2853370215482122,0.29072615608150065,0.2749637692400365,0.28297300520697877,0.2522106914587413,0.30639338022546264,0.2552072250448087,0.34923962585569507,0.21124140432882882,0.2950218358505146,0.21917479073070317,0.296114069614337,0.230555378416576,0.2651800356007922,0.2587055976339124,0.34544330902103026,0.3328719230031812,0.3391350956942399,0.2625710712185851,0.39036583132561253,0.351784290559467,0.23695402569775056,0.33240423254967494,0.27064716555300755,0.2510570131349852,0.35807209588721367,0.3216536914728813,0.2494912352794888,0.36997687913633776,0.261307578526472,0.23367476599471124,0.2598352179862004,0.30679387682882153,0.35553755820369676,0.22946581439496638,0.3128609529257015,0.29622386758537955,0.2916198622392861,0.3050586441621507,0.21414258104426925,0.29899267526399687,0.4581478965939807,0.2390977761483427,0.27954296980175575,0.27689023304267296,0.23358399547099393,0.2708117683394468,0.2115122271576363,0.22719332729257163,0.27159411519598353,0.2318513761825707,0.3059143368896231,0.2919385088193041,0.26948616977133155,0.282451382440785,0.2503051826208894,0.33715485022591385,0.3317936042965122,0.30923526393240697,0.28566649074283124,0.2719220626094324,0.25818210473897546,0.24933707863522897,0.2529372474980046,0.3763912344384184,0.30324301818579896,0.33222902000622745,0.3904669405887109,0.20477270611366094,0.2894125799254203,0.25842062796845927,0.2671009781859256,0.25750106949473817,0.3083007902290182
0.350649296548632,0.34889561697091886,0.3002277448985159,0.3048178405848924,0.3245761005396169,0.27484448055259186,0.0,0.2757111779895887,0.27444858600284927,0.30357155531274305,0.334894938171027,0.3220494885905405,0.36568275759837965,0.3391686768289858,0.41028645834965266,0.2949910267379695,0.29788731414201747,0.37611126797870964,0.25726344413090435,0.2761692533939096,0.2928668580776485,0.39024072302058704,0.41947862107225165,0.3329352512057849,0.3254421510212442,0.33149376432184996,0.2852095089512184,0.2653673007330483,0.32188563304094053,0.2687389729043909,0.3209479198167271,0.3082929168557806,0.3716239106919225,0.3078779133003712,0.3081094725254141,0.3207547618098783,0.38764428394825334,0.3056294327311137,0.2904463352520264,0.3684545812336509,0.3778380828005435,0.3179643270974645,0.32725645857327457,0.33678843976236783,0.3688333689441161,0.34827296033844446,0.3456191117211986,0.2914882411954177,0.44175300026181297,0.3009790229289007,0.3537820563945644,0.29134852827772756,0.26611884665011154,0.3209440969620357,0.35315301643152386,0.29156436346144576,0.2898400768879601,0.3076741167041339,0.33107475443532514,0.3214030731429162,0.23721109652852537,0.27529431908329627,0.2699667882379779,0.2940704589159159,0.2564905560829187,0.24230123568087636,0.33220999363289,0.37624637955342993,0.3007614678610667,0.3004947600766684,0.376340483299787,0.2829538566329461,0.23969250812927,0.3451347136549731,0.24676497048928187,0.2756917599058025,0.32549507346158,0.36562004901570105,0.29062207055892303,0.21571669877701516,0.2816962503208304,0.30445832690869473,0.33135499170198784,0.25400096560835844,0.2564091718895183,0.3493573323338306,0.25973070122070346,0.297794330932008,0.2877088764036385,0.2916039129043015,0.392597957981369,0.3953039464453053,0.3597989139771717,0.25652084880871623,0.29992914049597824,0.36247933666107657,0.21470548340321813,0.32092377569034886,0.27351845608199205,0.3189428028225009,0.2872280248945539,0.2708051628708732,0.2854093741071194,0.3058912924972742,0.27594625728655114,0.3463897551414059,0.24535974876230626,0.30756728210374773,0.43991495000702513,0.3214524462530904,0.33974815339623693,0.30356214655442215,0.2693380300883888,0.2451565005314574,0.3158844228704166,0.3342458403425135,0.27272412188878514,0.3080014447667996,0.27476498664691995,0.2714991951265073,0.31626858218096504,0.25305879950475246,0.26636640163912023,0.3945558906918087,0.24275992430069376,0.3708069152737345,0.24919283322394115,0.3960190011111836,0.2862430907589756,0.3477966399473843,0.24935442234104052,0.24537370883743623,0.23482326956646632,0.2709451618985631,0.2467022025689317,0.2840712844561347,0.2989810386870366,0.3637903027482661,0.32924738393070435,0.33251314510385327,0.300334333170951,0.30392901463327043,0.3264621173010711,0.27077498729552374,0.3427237592053403,0.361065277963668,0.3259691917739109,0.3302197291714768,0.3079192534450203,0.22627384689712585,0.26868470650333104,0.2903274739177728,0.28151385856877065,0.3656348414111885,0.35189965307505,0.3637458625876933,0.3322530942185283,0.3370150861846405,0.30186007047984886,0.2892796958685583,0.2925380329833253,0.27624573738184965,0.24974898268916287,0.33948600437896537
0.3285914478956208,0.3942247921300997,0.33808940933726894,0.31688315796955924,0.2252350888347606,0.3311180332925735,0.2757111779895887,0.0,0.32606745875546556,0.3772276746218305,0.3082250826959362,0.34358404488188704,0.36764931454788924,0.27245606359271035,0.29473234990649205,0.34938774211535595,0.35054961959137504,0.3251653206300457,0.3032187357604402,0.33159756166256665,0.3103060526890428,0.29385912314051366,0.3285524121506992,0.2631270063136446,0.3898549565467211,0.2521146743016542,0.32650909816847123,0.3935178736142782,0.24176620994698297,0.2690727117589562,0.38103138991739455,0.34470212221777347,0.3014064847579607,0.39851920364080007,0.2942355888108787,0.336615440899032,0.3240230883033099,0.3388822783333277,0.2858378177909912,0.2955069216914774,0.2842130658537126,0.3575889246071674,0.2673142729828197,0.25488801994055243,0.4395180592173018,0.36494893256360994,0.2631335682434682,0.24560620640873995,0.3147495197254748,0.27556079651421,0.3007769719192334,0.2840046527439172,0.2844595067098861,0.2736586721513351,0.2900571544434615,0.336433101980253,0.3050630569244728,0.3698447356527048,0.31007926491643684,0.336457487262156,0.39757567540287686,0.2646738011540021,0.29229124694515746,0.26567493438487316,0.24721532827893397,0.3033500024208183,0.34439983474540004,0.2827457069998665,0.3081288241572327,0.47667084175601815,0.3021804969287229,0.2628910130955951,0.28978869591012313,0.35516561177296163,0.42384684089332575,0.2997323884443136,0.3330951071817788,0.26833514117846347,0.34774286526366427,0.21638978608256246,0.2993788103177443,0.3068214536433412,0.3166826033289982,0.36388673086571716,0.3198439444817068,0.4622299356286349,0.3693424874916354,0.2696519240682545,0.4252753626592108,0.3561444004706028,0.27726627606632903,0.31979072047530915,0.2848198152791121,0.2870565719299482,0.3285159400199935,0.3155440486097762,0.277037335201056,0.4097222876487508,0.23622889740830377,0.4036261433086748,0.26939145451723384,0.3661044934969769,0.26054269064120267,0.3366012148392524,0.3241073184583899,0.36300164320220935,0.3156730665122569,0.44434827595925314,0.29781810010508514,0.3408492194714856,0.2846113581045355,0.2745346844802678,0.33388861990637997,0.3343380483933616,0.3118921117717216,0.3734561162483261,0.36771048195385225,0.2619018429581588,0.2720443582849025,0.329871149264621,0.24300844185182024,0.3576072340683821,0.28944126814916316,0.34192781163524794,0.23606219665874634,0.30316386657211164,0.2853379794059885,0.3553564421051267,0.36425673666417396,0.26089548828528536,0.37718312964360107,0.30820465839392475,0.31812476725513783,0.2907242165261168,0.2920786077613842,0.2266136596174424,0.2790631912796202,0.2458363934451125,0.3063331952583914,0.3258053485747701,0.2726650341464175,0.2852309291512174,0.36113754123626807,0.30290965878442067,0.3008808673946839,0.2850863189268883,0.32040368101049704,0.3243661832220815,0.36327966341024326,0.2831489963195776,0.3328003529448314,0.30934726175187455,0.2879772512556922,0.27314954574301503,0.41744338142970316,0.3935918076448366,0.32031669132671553,0.36543604157381704,0.23003762907076256,0.2793010384367337,0.30287421004266474,0.2860073177487662,0.3051224208023564,0.30253908316564015
0.38902059990170695,0.29759217447282793,0.22645480371063725,0.23379247816926504,0.23690367338089235,0.26200950870684325,0.27444858600284927,0.32606745875546556,0.0,0.2592470728900247,0.2490534767454717,0.30067079029186633,0.25938792879407085,0.28006994731727813,0.2818316102526079,0.2512423472055325,0.23870082011609303,0.33084020537445347,0.28145954226018954,0.3513988016329148,0.25132705730612864,0.28620621589003326,0.27119416340339964,0.24623408296476249,0.3212179065050424,0.21833387142353805,0.26599507045725307,0.26574872392607196,0.21445589482434532,0.3301333496808495,0.4332465906242054,0.2983914825409053,0.25399859921735296,0.28881311273062193,0.3341662424099956,0.278872000734273,0.27572157228288374,0.3228113471802478,0.2649114125608317,0.2375160175756367,0.24432017393201447,0.3395039044381571,0.28339678163661325,0.2695057716001514,0.3113884984746319,0.2853455924903306,0.2624720653670219,0.23770921364378655,0.2944355842599221,0.2836855199596252,0.2636302771430997,0.2391730066599012,0.27381582628779877,0.22869434180199102,0.25742602838232753,0.36178097077255467,0.29924520534611576,0.2815780906380874,0.2754857849959429,0.27318204089494813,0.23849757984118924,0.27737196681297677,0.24800659898224608,0.28565689760635815,0.3055628327965303,0.27204417645959666,0.2885045014169408,0.27537247069084125,0.25131069729057304,0.32471088396209086,0.33856447902352677,0.30127029817157264,0.2832589888107794,0.24541015660174278,0.2858175357613367,0.3206616576594168,0.22679933127133342,0.22220781188488523,0.29524086395577037,0.21789623594322266,0.26452803406788544,0.37610668478580783,0.32532482754027603,0.25488470916064904,0.2998565000822008,0.3597509183872679,0.3144181422930214,0.31950958181966516,0.31979190677527236,0.39086173558174525,0.2842484831454283,0.4141423016923653,0.2769591422045952,0.2853460179540716,0.30630325190269464,0.3024566575726546,0.2870894941517628,0.3361708398866989,0.3415610470263662,0.27707041017931133,0.30405808243751253,0.26192549455388436,0.28510864382317697,0.28895383010694076,0.3484386440718014,0.269545350099262,0.22630968353549671,0.2945609931541175,0.25394616072873466,0.25462038922980756,0.24693136595416307,0.3307203065339069,0.2749638854270544,0.30821397464366296,0.2804259435621201,0.2706874424103523,0.3265275603345855,0.2818184219134179,0.1952475542954671,0.29742476989316047,0.2723442330574684,0.27165489553601335,0.2864059180628342,0.303562806519366,0.36532631555281353,0.25112886852568805,0.2558378242382458,0.2858075840249817,0.23827391473218013,0.27279827057501393,0.3982028409158016,0.2581775515727277,0.27549862523342694,0.3626597560093464,0.2716470292071399,0.26231727327154697,0.31470764561499126,0.2568455343516101,0.28077233673296087,0.35644024423806514,0.26150050720483997,0.28722616449713123,0.32037283144287676,0.3195989485381177,0.2841302784135694,0.32060674692949037,0.37440389246099365,0.24368738033836285,0.31526408809105366,0.2478798671355706,0.3866079918092469,0.2940275986936532,0.26495605666082384,0.24181909267929375,0.30469009565701977,0.3710398798246822,0.2615471722999791,0.2696790227492693,0.27106234618287306,0.25543212522499575,0.22706796470659482,0.3634747222458596,0.3155552563523553,0.32456985191812915
0.2981063437194484,0.3833485414001401,0.3608454928016661,0.28173337446226243,0.2327058928491932,0.2985958231615591,0.30357155531274305,0.3772276746218305,0.2592470728900247,0.0,0.27538487255119865,0.2835713226128777,0.3596845003824842,0.30431669012486584,0.2629573967190954,0.3181280267595367,0.3093193018046937,0.3457690885497208,0.24694411998693525,0.2597477671627364,0.2579968745260908,0.2837943407056368,0.3969485595524132,0.24076917358842925,0.42239168298149776,0.2699559125212598,0.32628995361517144,0.34321356232927597,0.3290124171726495,0.2554494131412728,0.31213596337796407,0.32668702609763306,0.2582184155636274,0.3351476516667585,0.27621299978687536,0.29030519119886483,0.3417923005503959,0.3041394451756553,0.2298030224670801,0.28064819781918426,0.2465611763061628,0.32471841251113626,0.25359496232089723,0.2421505903428904,0.3539853680260412,0.3193360582778562,0.2824709235978067,0.24829236137634356,0.3626394424064455,0.2345165971869626,0.25864564026668085,0.25197007449321895,0.2426038744592273,0.26331498567197453,0.3096425602527799,0.3537315152752331,0.2473648456590162,0.274958611919842,0.28697963229368034,0.29840741268983934,0.3071383731663453,0.2602653548744472,0.23596854087895258,0.25506823207538437,0.22479206553134096,0.25641076809163793,0.301835319329866,0.30396219830444154,0.3226336185088141,0.37987304702990565,0.26708103789492527,0.28414133933506897,0.24299462826281687,0.3100640897201869,0.3144766259516862,0.31107161374722525,0.28602865270760747,0.31810836831751604,0.28258203007308025,0.23652434451016074,0.2944718093363849,0.2587782035343838,0.3149543157549086,0.3512652532683853,0.27050901153018914,0.3586663850187938,0.2962704519802095,0.26563583649269346,0.40596148924724135,0.3002423168916285,0.2702927663437538,0.2897474465530038,0.27748904299873056,0.24302326016487316,0.2874982274168421,0.35554715524713043,0.20723791061586203,0.3579315202124441,0.2458911347232552,0.35826038047010805,0.2789841357259322,0.286432986084397,0.25347790903788814,0.3646350007698309,0.2577105749741407,0.32590910678280544,0.2727863531548639,0.46956157529163506,0.30480952391471583,0.30897066848666,0.2556987779658221,0.2551473138733213,0.3056129921989664,0.3173781515256439,0.29000051605236016,0.327893078779612,0.31471535151290886,0.31161897846893577,0.28009086405760075,0.34406482914626685,0.23166561781819095,0.2973952276979493,0.25940704427462985,0.3159356507548415,0.22335830775763862,0.35482330047263905,0.26914863178591214,0.3036232175763806,0.37048111822179897,0.2915365246025938,0.3705589585438717,0.257227135194,0.2852330460080038,0.2394407974310628,0.24245486121131912,0.22064848250225097,0.27569726189373156,0.2714321360509064,0.29770998100128854,0.28331541101412516,0.27566043616880226,0.3108073577242061,0.3053903610663381,0.24926007753671675,0.30498592310673933,0.30571821145147143,0.2445998326045985,0.36580822582845757,0.4422083303572541,0.2769901847963382,0.24185375104102433,0.30132405504175447,0.24021505094227788,0.29433377884457307,0.33789823764084964,0.33159739672934563,0.2687403773946109,0.36819459243818514,0.24389853737231212,0.3056891259590846,0.40576106666177536,0.2821256866197118,0.2928028168583978,0.2492329460939275
0.3498051737916914,0.367881206440143,0.37059750085640875,0.3244922142157123,0.2886569647944201,0.33924734265161766,0.334894938171027,0.3082250826959362,0.2490534767454717,0.27538487255119865,0.0,0.3535008986175255,0.3736313594034696,0.3095121500128823,0.3334263416376235,0.39912393564959914,0.39787973819033073,0.3631527315524544,0.3169015661021645,0.32262355085524835,0.40654292159572986,0.416663127277149,0.29516747000140037,0.3363340757879123,0.3311783668804927,0.36873881908275447,0.24653632744673085,0.33340496620312654,0.3643468275859019,0.2615007951079559,0.2910650710187231,0.34148007709690414,0.36846521515610536,0.3043862530247542,0.31935767218045585,0.3985002124636763,0.3897873155273417,0.36557782391984567,0.38073778000043124,0.3482047723940454,0.3980370781619353,0.29850798914270044,0.3530882630043742,0.4181257706979881,0.35703943409860533,0.3542967233135531,0.26116076303473046,0.43076261179226605,0.3729537938586924,0.3289870547485092,0.4151368674893659,0.35813696908104253,0.2953072243835445,0.43458683627946093,0.4299748905218014,0.25354657486777243,0.37670088255113376,0.387935261574208,0.3412396270628602,0.37616724821756425,0.3517128052023816,0.2667411761441811,0.3841719214647153,0.2764884637738915,0.2624690241571215,0.3015105719975899,0.34485734413813357,0.3351379637261215,0.3249607506072781,0.3242091465808355,0.40228914755185036,0.27825922758391103,0.2831035621645856,0.4040488836774669,0.34568784954235315,0.29090123648796157,0.4157746695321203,0.3335465786107208,0.33679134648539855,0.24877053812896469,0.3440151033482158,0.29423021877755556,0.31566800876288836,0.3380443569327148,0.2966813817894102,0.36138941978243894,0.30749048435111465,0.2711425202466579,0.2688627208691763,0.2926286541279157,0.42523565831481797,0.27359221767720565,0.4244439270501018,0.33642593191487724,0.3267395316036643,0.33439580068161595,0.2645640721182796,0.2709884307355585,0.24385622826056283,0.30627216614425856,0.3196373873563147,0.3263316997368654,0.25948081826935215,0.27655629511609,0.3270663325053896,0.3352767412027382,0.29989440107355836,0.29513426440843726,0.3568831640266243,0.395919852105149,0.41051722551973135,0.3081147379186547,0.3245492188006676,0.2712868266836074,0.3816312653476703,0.33443595261345527,0.2960476974049586,0.31826023904258727,0.3440634915485468,0.2742174351137178,0.36392705383401586,0.2680142354613666,0.3323161521397992,0.4236882269327479,0.25600459425603245,0.4272961749318248,0.25025292556579953,0.39090512506228253,0.3840888435463469,0.3211199339788372,0.22937310218973442,0.3555419450999862,0.2913211802283033,0.32444841244923317,0.3746657417039889,0.3004001005556853,0.30275887334996304,0.3113923047798751,0.32557668382397414,0.3301387261243181,0.3268700250289526,0.34714326583086,0.300902916570713,0.3147605562502304,0.4476717453384514,0.2575230776375826,0.32293463091531843,0.3286829209933823,0.3080779049703584,0.26887589920899213,0.3568260515071699,0.2992529588669913,0.35011148207921267,0.28676869780157815,0.3461425155643311,0.3734691907846038,0.3564397164419148,0.33032874189981715,0.2821569110117465,0.2941323447973273,0.29792400157338317,0.31080008925171604,0.2469690193147139,0.44513902711926817
0.3205494593609864,0.40272183132341816,0.35124160256466647,0.272311971374231,0.24851103546012251,0.39322179643998245,0.3220494885905405,0.34358404488188704,0.30067079029186633,0.2835713226128777,0.3535008986175255,0.0,0.2796314438105735,0.2186728265119126,0.301871980430628,0.31447326124124464,0.32576189402747274,0.2759505464567286,0.37462349595350525,0.3120824086897898,0.3919035860089018,0.3729786436906326,0.280546250619349,0.3152117376904754,0.3672737604748775,0.24759102711629608,0.2333102498436474,0.27038494459756424,0.2730025573475836,0.3264729772250217,0.3302914654924355,0.30975607334322786,0.31321791051740777,0.3221655289794123,0.25168439855972263,0.3062508173721263,0.3187222677614457,0.298490258049105,0.35159340175926107,0.27607607208359564,0.33412203866183293,0.3666826009649965,0.3059984830326165,0.3105858324061294,0.31184355271213715,0.3101036130422023,0.3240583447605508,0.2849870057393677,0.2941901267933026,0.30410667243853334,0.3613937694777983,0.3407590243900691,0.2680231251748212,0.33334905468879256,0.3144635892462914,0.2891027516080593,0.35382757621196975,0.4139502180272541,0.24785809144880763,0.3044620416638675,0.25565676890336986,0.24201504983028027,0.3401995509068417,0.2361510587809257,0.25467756416168935,0.28207908065118414,0.24451781383246748,0.2921704373056275,0.24533886405542904,0.2995241129913263,0.32508170418815346,0.21719020800550892,0.24186571368811313,0.3149701185735195,0.32648535059519446,0.25609313929622385,0.2798757723848856,0.2752940623346227,0.2827990239240509,0.21186206702052093,0.2918208035734226,0.3204982804022662,0.34381758320576217,0.24452912914487016,0.2726720880687145,0.3682288508212692,0.2588985300525637,0.23998642302839435,0.27441188704400016,0.3080952969599629,0.3293531835373182,0.3122444349361657,0.31010424159073535,0.30180049483543847,0.2667376637378406,0.38502848330737965,0.2517615621125327,0.3240060057973167,0.21975183991528346,0.2626522257553922,0.22503478827049686,0.28567161509810163,0.25398231243737796,0.3544628330334792,0.28034688660454904,0.3162561844488654,0.29426576959851003,0.3065458153721737,0.2884885790801161,0.4216356897611844,0.41554804584942495,0.27778071666962056,0.2603128113231611,0.2531895120351432,0.27536418614478814,0.34810408028950135,0.2765559263487604,0.3129578674034702,0.306849628720389,0.24182145778767603,0.25948049467673173,0.248179812729561,0.28152066317554597,0.35310236929479927,0.21432779452644138,0.3697497812277233,0.24678157077755666,0.37697580654060053,0.31772207025968113,0.2357056974445123,0.27989628301756764,0.31561202629161267,0.217898792205862,0.30721167866080856,0.2962377391526976,0.23624973171868252,0.32910418671058883,0.24224010007748403,0.2599016197769942,0.32683014802336935,0.23584848036533868,0.2863009247242985,0.31590668265352845,0.2888342070679584,0.31452656019682873,0.299703353090191,0.46583971120972073,0.2874606715774352,0.3623924840797744,0.2565760126647589,0.29517385458748674,0.2858873461761398,0.2959793677434729,0.2897772763273437,0.42122566496428243,0.30899796218539305,0.32078091443345114,0.3429787626688892,0.20599662268861824,0.2531670857996671,0.22132593938149744,0.2602053024166138,0.2367263526485012,0.34508478443567603
