0,1,2,3,4,5,6,7,8,9,10,11,12,13,14,15,16,17,18,19,20,21,22,23,24,25,26,27,28,29,30,31,32,33,34,35,36,37,38,39,40,41,42,43,44,45,46,47,48,49,50,51,52,53,54,55,56,57,58,59,60,61,62,63,64,65,66,67,68,69,70,71,72,73,74,75,76,77,78,79,80,81,82,83,84,85,86,87,88,89,90,91,92,93,94,95,96,97,98,99,100,101,102,103,104,105,106,107,108,109,110,111,112,113,114,115,116,117,118,119,120,121,122,123,124,125,126,127,128,129,130,131,132,133,134,135,136,137,138,139,140,141,142,143,144,145,146,147,148,149,150,151,152,153,154,155,156,157,158,159,160,161,162,163
0.0,0.8585396199059826,0.815289658489891,0.7762716412165419,0.7566689360417579,0.8610103620563005,0.8227253419011791,0.8470059299292881,0.8374016535915226,0.8210488794082769,0.8765112782519279,0.7886679879985341,0.93727783078065,0.8337145620795432,0.8427362328954046,0.8664868897551837,0.8921836119490432,0.9322554745656157,0.8124994637219207,0.9059424127567709,0.885424224232295,0.845639374279735,0.8065255216696292,0.8845683776508073,0.9161094267809122,0.8465633512400921,0.7457886413978135,0.8850130600759982,0.7683746981727847,0.7569616812162162,0.8814795168614594,0.8936707823853706,0.7720319696815041,0.8580710024920943,0.938014529534573,0.7866527154191991,0.9422073297961501,0.8713887616934244,0.7358257228500547,0.8603429635018198,0.7593182924195935,0.8797067077030053,0.876870711032996,0.8800480161836317,0.9020017075225698,0.8736661647140397,0.8279906630428723,0.8871939382120289,0.9067077862740657,0.8329256322294852,0.8744765597131368,0.8870130084097212,0.7630325830272846,0.835629654191157,0.8241194623385805,0.8774554263326477,0.9171647444502469,0.7896196616257634,0.8349243131828173,0.826073209721962,0.8695004533021404,0.7233729397881584,0.883924000622912,0.7498074768059828,0.8508615970344269,0.892349416632468,0.8611898840606593,0.8860785942569166,0.8279519966216752,0.9005812070996553,0.9296315396081192,0.870445573221096,0.8628575450404372,0.8955720735580907,0.8760365304399107,0.9230622824317114,0.8072499564156946,0.7937682303015434,0.8130195313175732,0.7859354292404919,0.8470477151025718,0.8680576745216053,0.8224098366690344,0.8482978741680154,0.8828074211397657,0.8763195880249979,0.8907058534744535,0.8098670130353894,0.8983348126594172,0.797706806234035,0.8354935179475673,0.8038164182405825,0.8196217191121083,0.9095197475613347,0.8679025989261127,0.8182664944254672,0.7498775386489277,0.8472047053658732,0.7524597509956126,0.8994361072991977,0.8328476886300065,0.8001929031377898,0.7674973737367795,0.7476648566761779,0.8810241853468185,0.8587409828686887,0.8133277291951673,0.8646429054720863,0.8442572954328013,0.9089032859767825,0.8760941397122298,0.8294964955112023,0.903645333233645,0.797014028417365,0.8819989873240978,0.8867652608738384,0.9054515446953095,0.8202396207544693,0.8527966573624465,0.8013880451570229,0.8208544859037555,0.7324188668989449,0.9037012811736894,0.9058155053404277,0.843411720783667,0.8239163640287871,0.7373465480890259,0.8044290245858373,0.8375156471518949,0.838047626376507,0.8186203396511472,0.8192597237975369,0.7930836709594955,0.7980563902812604,0.8608928189115462,0.835474540643099,0.8587055617984783,0.8679180010733515,0.8149746897536734,0.7936044548582387,0.7966971388552915,0.8354302167361308,0.8645728614171946,0.7404292544145706,0.8913935527239564,0.8415073065177981,0.8061331274299444,0.7540610338543796,0.8635336592953378,0.6302995273122136,0.9285313257345228,0.7762943715684287,0.8042582366522304,0.7521285313103414,0.8237827376230078,0.919802372551733,0.8599144642145521,0.8684017058432,0.822685186844477,0.8657618643674738,0.8339009589820982,0.9098867111236967,0.8926853768841243,0.9055327784889925
0.8585396199059826,0.0,0.8848853893358153,0.8245586444941693,0.7565623167458263,0.9003304293316532,0.826949750533847,0.9053448545251581,0.8335911120473326,0.9180662395314417,0.8862965200196425,0.86926548875332,0.8748118926357701,0.8063253068937494,0.9033483035221492,0.836158265249241,0.8364022512925882,0.8294227155155854,0.823569718354968,0.7971503879684481,0.8527843686714386,0.9279534424520758,0.7668001200117975,0.8894356043942628,0.8890351101398472,0.7616615525200252,0.7877046337581288,0.824571514100152,0.9172076274260922,0.7606089121013723,0.9134341007082204,0.8200600899618047,0.8740676696606454,0.7703513871036277,0.8665328057890243,0.8148019844679847,0.8671944369557998,0.8503458833102742,0.8443347144496602,0.8463862369393763,0.8501717864130753,0.8408031873967743,0.7626432164288218,0.8616944584350708,0.8615801477662671,0.7990351106528172,0.7678150684356403,0.8475420357237968,0.8283839866778833,0.7581950718444916,0.8123491813339943,0.8235198592613079,0.773151547435936,0.9112128503664731,0.8646531026041864,0.8668824859276404,0.808755496742021,0.8295106625845278,0.7632838143749447,0.8043905558476144,0.8935876488714372,0.6735103769119434,0.8027412526852806,0.6994829085762243,0.7370382805721858,0.7475068959555659,0.8059391210371776,0.8120068187723158,0.7460446269047548,0.8908211051263989,0.8349343460823394,0.7833911747295801,0.7273099567966874,0.843836809887149,0.897535967849289,0.8061994621205001,0.7617598278012777,0.832625144392268,0.7451453428501774,0.7297326932853683,0.8329935274276956,0.8233241228364654,0.8999865481466384,0.8351153621771438,0.7413698506851408,0.8926347206740016,0.8009615365307919,0.7063561770305111,0.839587817296306,0.8518791075832014,0.7774430542883835,0.8098913372768797,0.8459331078350254,0.8010154553432487,0.8030073526734502,0.9132584100516777,0.7640080122102935,0.8170475879604624,0.6835124143298306,0.834998487137647,0.840990236791972,0.7440333388022549,0.6911424940361356,0.811279984055286,0.7852910290466567,0.7759026119798409,0.7603597536021525,0.8375244170593432,0.8337964322998825,0.8908987135888516,0.8382990483220113,0.7135589404364706,0.8023472096074723,0.826681663271301,0.8093337717548809,0.8774836267682569,0.8236885789167903,0.785461954675729,0.8249704884271033,0.7962644760078292,0.7621830548842942,0.7547855651704566,0.764212881890886,0.9068748277687049,0.7605423428862832,0.935083080198671,0.675973627548318,0.8550166054063661,0.8650189313569877,0.8126288826520682,0.8622202195210237,0.7958797718008022,0.740969903845461,0.8211111743162632,0.8507695756715423,0.7759260950611272,0.8229965924030261,0.8501671807430097,0.8071958231860836,0.8226122170365124,0.8509495854636748,0.8035501537059466,0.8545266018776776,0.7578154546733468,0.8704275703649905,0.7211781622105662,0.8769498000144752,0.8522715013090958,0.8655289460305514,0.6602473155902122,0.8263473707771182,0.8423313989834514,0.80711186116396,0.7872088122410801,0.8613393242594154,0.8764470827310368,0.8382906167376004,0.9005777819541821,0.8457990310491418,0.7526872114441707,0.839189945533773,0.8292926973348237,0.9340993330565951,0.8430880497102674
0.815289658489891,0.8848853893358153,0.0,0.7624829740506992,0.8362272662819649,0.846025237240737,0.8107149810121983,0.8552932338318024,0.7209408031394848,0.911102698182933,0.875856811904958,0.8312769613614513,0.8797321746691084,0.7758662854860465,0.8430965534882624,0.9082338413385779,0.8877410416104087,0.8253515103288114,0.7607361233730618,0.7787622933395676,0.9195766643401033,0.9397312323395515,0.7615190114239686,0.8726590701516402,0.8548377660531302,0.8298402329270131,0.7515032778633474,0.7763385838161719,0.8608979181870196,0.7465425074897074,0.7993577252145957,0.8562586423341525,0.7830596917574452,0.7595412696492815,0.7893429373076076,0.8323348914273133,0.8538833977046378,0.8293417621287181,0.7981046579845362,0.8520565038328237,0.800898850344054,0.8581900320708404,0.8455458495643462,0.8359302697842531,0.8638083298827731,0.8169111218032358,0.8465894203606142,0.8734958469792821,0.8307977027807629,0.8198305276410008,0.84701428663722,0.830796043589121,0.7174456216089878,0.8839209353831226,0.8618654507155428,0.8034366404429444,0.8033693190327643,0.843471303633109,0.8000222738537808,0.7944694554310849,0.8352012476313833,0.710542187531154,0.8385620414137703,0.7516565247364044,0.7484696254503008,0.7709315965297385,0.7926494766409276,0.861418574953746,0.836184385960214,0.8408013318195485,0.858442487383362,0.7507860443686567,0.7456073619385712,0.8994049296102734,0.8585864580146056,0.7286665077461525,0.8325929455057799,0.8755505198731135,0.7309416805482031,0.690694921426667,0.8157011068977729,0.7916644820424492,0.844386535811693,0.7822699691603433,0.7699029379964367,0.8318212257857802,0.7688173132546966,0.7359052779342146,0.7815790601462412,0.7474161964875636,0.8224301299140394,0.7483456997898142,0.8538857609077324,0.7388761875152742,0.7971508838088637,0.8355845481313525,0.7361822402181698,0.7918213370748962,0.6740772240804422,0.8123571276019271,0.7387428551635036,0.834611264354406,0.7111564203179312,0.7709948416397371,0.774240641136505,0.8470264237825628,0.8433025929474051,0.8216402834595811,0.8595498540804678,0.8859952435418442,0.8372284199178179,0.7587381603686332,0.7863655302108575,0.7696073230014376,0.7721994359285259,0.834113903591419,0.7585245038385725,0.840624969571347,0.8645959659443131,0.7229473700456571,0.8028715862241462,0.7185077118147826,0.7557379604132256,0.8564225843474361,0.6698715810946066,0.8686430653599545,0.7255981381616599,0.878713904102186,0.8681599363222889,0.8329753024874866,0.7830739659837175,0.8932715632830498,0.6608361659093166,0.6953279630365541,0.8367099115855775,0.7603210687227685,0.7850047198392431,0.8237215950941104,0.824771955846273,0.7829478692206675,0.7440455571273474,0.8363150957853904,0.8084303400447387,0.7940331815044062,0.8737038805571615,0.7670588925083014,0.848866969411256,0.8269359254160461,0.8800800009674037,0.6703140315857938,0.7452925292932627,0.7231692353842195,0.8239539985669967,0.8795084696272782,0.8312581169423655,0.8250407610449191,0.7705239805371998,0.880446823326275,0.7263332206597489,0.7559632606966958,0.8322305822555153,0.7126218170888042,0.8776709624336259,0.7906759754345043
0.7762716412165419,0.8245586444941693,0.7624829740506992,0.0,0.7634004965492014,0.8027701046660436,0.8900496999685034,0.8002303688619644,0.6939774303008275,0.7967500387622822,0.8259457976211083,0.8254740998034652,0.7521411871522695,0.7454596348051614,0.8646050146014255,0.7144336402411052,0.7677199629129147,0.7680405349467498,0.7983442107179879,0.6557989426344006,0.8021640287051139,0.7879963344393415,0.7987229338208561,0.7933085239935743,0.8194368386839624,0.800751670080054,0.7709662261913865,0.7920581311909031,0.802327790432676,0.6648333288895858,0.8148158894887844,0.7298463558147251,0.9554027708758713,0.7759587398979588,0.8341094521417004,0.8295295100841101,0.777207928896586,0.7484730440439928,0.7406904858073843,0.8273930763757524,0.869434308096425,0.7722553305618668,0.7281527506999114,0.8776068352555801,0.784154185835536,0.7216953158745597,0.7060717667562119,0.7680133392861701,0.8056859590606772,0.7094985079266499,0.8438588784221799,0.8489893795025563,0.693007646800396,0.9215820299982485,0.8579060919445536,0.7381185782162049,0.7296539621014995,0.8345329830949549,0.7363547128615562,0.7326861421186359,0.7776515702541293,0.6365304398842713,0.799734181080518,0.6514736862295645,0.679836123824857,0.6695689992476215,0.757850184972279,0.7280760568240829,0.7166371312043635,0.8338732747470826,0.7504180694361334,0.711050772258766,0.744031764372179,0.81705243827301,0.7593154919470115,0.7045986498593686,0.7333118755673672,0.8079783379829987,0.7115814591623915,0.6417839934667633,0.7233945408613925,0.8416267218094706,0.7361757677768779,0.7283859132505618,0.7686972836771717,0.7633533253868126,0.7435759456124563,0.7194881099350336,0.7592084323609349,0.6907698367941361,0.8646691718539893,0.8642484584575143,0.800842958095275,0.6989361078096319,0.8255331973349073,0.8512157774416844,0.6410650681858318,0.8290401160816347,0.6890981034049476,0.830288903088113,0.7271365416780438,0.6989463370589795,0.8485248823052485,0.8516385153467729,0.7816243592268382,0.6932444175689556,0.6991377086242705,0.7700864187894916,0.7783253078060252,0.7446560751980947,0.8845715585806684,0.7612134658678552,0.7822545550437792,0.7404084296998895,0.7916106661703122,0.8089874942159675,0.7660262624531671,0.6862168922499372,0.8681800099955895,0.8451015382772628,0.6810471864916938,0.8880550357794349,0.7018307562955233,0.8310900876938118,0.6717405649701607,0.8436879352071787,0.6907677091583939,0.7345650842081402,0.8286975702912245,0.7225402428132638,0.6802018202463846,0.6643291743671647,0.6399238613919865,0.8081100968918673,0.7069528117375022,0.6361589198774725,0.6556018769386313,0.8460339379739762,0.7461095258491848,0.7348356851324931,0.8906557862453826,0.683080145804713,0.8406320799413514,0.7683131583319424,0.7708663385971456,0.7659859328249424,0.757620044259352,0.710419387047623,0.7342891481966045,0.5671234918340387,0.8215665324016553,0.7923703081531804,0.7301746047883456,0.6954501497913813,0.8695748511443819,0.7326439880341804,0.7047264864822665,0.8420227060276081,0.9175011253480798,0.775472817881213,0.7679838165171756,0.7723559802841177,0.8137373832384373,0.8041340116778577
0.7566689360417579,0.7565623167458263,0.8362272662819649,0.7634004965492014,0.0,0.7424667022339013,0.8631264749603553,0.716445238980131,0.6847557280516265,0.7487780391054432,0.8081677865678625,0.810015752796473,0.7445141697619003,0.6962583287823534,0.839353093404443,0.8089991046102903,0.8021326655191601,0.7591564341961756,0.7220610110647562,0.6664541523716204,0.8581129226274001,0.8302389798755891,0.7776708562235147,0.8213954126986515,0.7553536736256211,0.831772270739695,0.7178785304417961,0.6927166224917495,0.7534539064009855,0.7976847725636047,0.7570651863184473,0.7640657881709362,0.7728545531820755,0.7249142244043751,0.7461023567441661,0.7980941319963573,0.777239889563813,0.7476639125198239,0.7860985258587498,0.8089412964924013,0.78963743353297,0.8096966987731048,0.8178375868505834,0.8393844928590329,0.7513247045504451,0.7494832055869961,0.8465453622941399,0.7969230991730931,0.8106146366206843,0.7909557421389988,0.8616275537571999,0.8115294713625935,0.6657634583231,0.820897043257943,0.8146023783321645,0.7239299547615262,0.7592277952657084,0.8516110037161836,0.7201045495621394,0.7486038797290178,0.6715412168997743,0.694344929113699,0.7860970787403203,0.6890629047553146,0.7134464887579555,0.6678933778755204,0.7014715338273771,0.8026708679321009,0.7422866899264283,0.7365838265552197,0.807989893022661,0.6999989825514478,0.6820298483099021,0.8228526706300364,0.7043296490893786,0.6619826990880555,0.7982263490190158,0.9336272687078861,0.6760001886101081,0.6662360262771881,0.7012560917846619,0.7962008637416984,0.8072623020611663,0.64608636724207,0.7491659513728746,0.7291447696594886,0.6712847259649561,0.7259174882958929,0.6937769085307117,0.67672760283019,0.9122600279780055,0.7667929527587742,0.8590585507968398,0.6722797305869014,0.7697119475956746,0.7744258234487494,0.6123829016031398,0.7281920643781202,0.7013041328186415,0.7376478418757535,0.6744663227486979,0.7430119435512115,0.7448821026942848,0.7259761922878326,0.726752332770631,0.7772073969360632,0.7348203143510227,0.7179133716848928,0.8112752597229631,0.765240020955566,0.8347365222375012,0.7946069795171589,0.6957965005510335,0.6786946514726098,0.725456687626986,0.7890809811580654,0.6825721657811695,0.7796710979602476,0.7831399965474775,0.7040924717966658,0.856110491339622,0.7266279370399987,0.6783302714182942,0.8438906593623812,0.6256265655250274,0.7806440797174818,0.7075750978780199,0.8367514900484809,0.7510409838080012,0.7540541572871761,0.6757859398978269,0.7710615624987909,0.5850342451450438,0.6945303112343917,0.6990602831975533,0.6971019945098058,0.7093938493511741,0.826008413778089,0.72001327284954,0.7851054427268838,0.6824130656052035,0.7493691515392779,0.7866320317634707,0.7519212864801419,0.798165575166164,0.7716984071238764,0.8537405799360013,0.7369912051848446,0.7318289099821287,0.5992744850820694,0.7156788610097836,0.6767459487368473,0.7798032691760607,0.8114355331801103,0.7843556418811688,0.7104016980768945,0.681617760216852,0.8337236629313307,0.7088958131587346,0.7657828371051785,0.6987310722773868,0.671476239254418,0.7877714606636022,0.8058250092067861
0.8610103620563005,0.9003304293316532,0.846025237240737,0.8027701046660436,0.7424667022339013,0.0,0.7782176571089678,0.8537727913783135,0.8085796594368905,0.848064912946884,0.8712473076978684,0.8554195822359931,0.8426139958880353,0.7329376924384547,0.8025475994317932,0.823669722487096,0.8123074926454359,0.7602314483728764,0.8336061782183533,0.7562217685164023,0.8613979368401753,0.8474972200186761,0.6920452841868479,0.8130922973654815,0.889328401078181,0.7536835023654492,0.6570022135498355,0.7824074646842981,0.8410790845524252,0.7547214924776764,0.8745890876801736,0.8289578390939729,0.8224216395399891,0.7558986778481174,0.8312391279973406,0.7593133154843299,0.8711880815023342,0.7954142960186346,0.7742072788791354,0.7464965383081847,0.7813064352775418,0.8737198981723814,0.7580501250708528,0.9035619228113445,0.7837691292698129,0.7338440308074705,0.7569529623644071,0.8805337514978725,0.7701584174184868,0.7097463577408468,0.8062182088965433,0.8653300909949659,0.7199607341309319,0.8774083918167896,0.8216367380698152,0.8970672282009535,0.7827378042715886,0.8663261529724047,0.6994338162131913,0.712295417230077,0.8786367137029377,0.678375213540179,0.8596201041057416,0.6401164251982051,0.7167486921037531,0.7491038414727088,0.7562285411982227,0.8228153596502152,0.6963328008039121,0.8896849627619741,0.8413427214991678,0.7067162680521397,0.7571449665985328,0.8039344063302805,0.8813214078761284,0.8043329294747528,0.733462239310344,0.8000614836525985,0.7211886308014164,0.8234029705237437,0.9240942763400544,0.8180962143887365,0.8710309422686865,0.8318258213000049,0.7671672294051403,0.8277348935079977,0.8792128049131299,0.6784221780793024,0.7983003106019039,0.79586845061849,0.7777455952930614,0.8041072693201978,0.7847265459173951,0.7919490184734941,0.7749691115081543,0.9172523908304189,0.756479203022845,0.8393511190430444,0.6804121142314881,0.7883241350465149,0.7750893240923221,0.7345243924881455,0.710917779746606,0.8015506807791841,0.7795751008478649,0.7452037687042804,0.736978911609735,0.8154366291785781,0.7410261174496631,0.8812558267555713,0.8621397268742845,0.7010621277172879,0.8605928686577339,0.7727575794593053,0.7798128458577829,0.830181456653773,0.8451357945658016,0.7312522459337529,0.8690655478460386,0.8006425653803173,0.707746139644606,0.7791313387662778,0.8021588947222484,0.8996512067922234,0.7906857365518384,0.8943620896721152,0.6708512367408994,0.7770888414677264,0.8402077469765791,0.7095646148419598,0.8413755335093597,0.8490095456550664,0.7290715546287567,0.8433440594436595,0.8108569475686547,0.7530725527891111,0.79349944566601,0.7516793627501324,0.6943564331516817,0.7538486823767682,0.8412637878759897,0.8068769357605989,0.7953878456464616,0.7358310198853939,0.8563466816838212,0.7215929637439624,0.8544618610312344,0.7899747231654232,0.8307278232908375,0.6516584278181264,0.8412869600105204,0.8362605603540914,0.7129983598344589,0.6865078504783015,0.8728247979709883,0.8388495809952317,0.78475008096336,0.919151628789548,0.8007635584886742,0.7794005063741052,0.7951978202596457,0.8802990994854679,0.9024504844876338,0.8487672336743548
0.8227253419011791,0.826949750533847,0.8107149810121983,0.8900496999685034,0.8631264749603553,0.7782176571089678,0.0,0.7678821562047572,0.7284097828427021,0.8494793822275508,0.8347287495017908,0.8136472315498108,0.8121933355204958,0.8096976358099625,0.8957236754597646,0.772869760626524,0.8032851770505239,0.8274782264704704,0.7514634059655765,0.6865724054624307,0.826923199921077,0.8437298619539644,0.8593280828869043,0.8266730929464892,0.8378169460962093,0.8332880711643164,0.8187368221670754,0.7766912014458638,0.7967817457752521,0.7368807037158176,0.8250563082108223,0.8300002944957947,0.8579270341349233,0.7960904020274192,0.8381373541840803,0.8399804862964316,0.8405772471414499,0.7347291625781459,0.750930637298462,0.8850251001533893,0.7812783778249948,0.8507015162788214,0.7948965528482371,0.863141588247016,0.8247981721028113,0.7771244320043897,0.8126630247951562,0.7964122854905424,0.9102348034089446,0.7851389494610043,0.9180933532008168,0.8107520222459367,0.7063396561205275,0.8899911839315023,0.890086143479675,0.7884627704263145,0.7648953201332399,0.8089835628157817,0.839682669433191,0.7958627501651317,0.7568254474302629,0.707304582444445,0.7733223590295613,0.7158604949719701,0.7483084034262896,0.7078723957942424,0.8275514670016475,0.8381387065113991,0.7930151423072762,0.8035196429517123,0.8227344852787644,0.769462867884621,0.7798250282304922,0.8953152533384349,0.7282483714394485,0.7553489280752385,0.8539367722771847,0.9063921412452771,0.6661689094992516,0.6535666465338014,0.6999566543535127,0.8707147673686135,0.7906729033176202,0.6702394598474128,0.7849529669358452,0.7331392738483681,0.7382938000077303,0.8355754623466976,0.7924945892879911,0.7177794763809515,0.9212003395925464,0.8941305792694637,0.8684496886988241,0.7228850225423663,0.8792476700425232,0.8347353637277738,0.630076142971006,0.7945106540879165,0.7483272569572668,0.8747622273754843,0.754879686697682,0.7797682787531997,0.8455678509190931,0.7760372848313292,0.7884142923532235,0.7485440606975498,0.7444579169364376,0.7546713820173975,0.8494299146769424,0.7946338934399227,0.9121742501432742,0.8040354091338929,0.804728827470389,0.74668864122717,0.7597943835559571,0.8057972796844436,0.7483368975774606,0.8030022139660707,0.840680199910126,0.8090259199702364,0.7637854694113394,0.7834835600212589,0.7073217414742281,0.8742765972130179,0.676851711030562,0.8194528334955418,0.7704643365426708,0.8209306814000992,0.7927951807212219,0.78891024860826,0.7054923324831615,0.6977998511985504,0.6389691320148336,0.7305927809203823,0.717961499932623,0.6843215477325839,0.681619335111645,0.8798090916564525,0.7624888515805399,0.7646932457722472,0.7903085010009052,0.7710398431213484,0.9186212864737096,0.8055511176908704,0.8088277132011363,0.8489602571251473,0.7842102418888202,0.7419424675301812,0.7572083752595196,0.5551757007128436,0.7895779248297634,0.7393901751697927,0.7754816772442719,0.8255499883556312,0.8076170807436954,0.7733786471163303,0.7385730319396595,0.8509106420061768,0.8505070859855856,0.8667141807149484,0.7731726135929126,0.7431875516780994,0.8377855967155114,0.8073354499007895
0.8470059299292881,0.9053448545251581,0.8552932338318024,0.8002303688619644,0.716445238980131,0.8537727913783135,0.7678821562047572,0.0,0.8247322779088521,0.8720637721967874,0.8412634371534988,0.8777290921690937,0.8562542792523216,0.7434380524169885,0.8511235397806934,0.8504708042258409,0.8477283519482356,0.8356793124624221,0.8470024134529878,0.8203810415261283,0.8495055916113377,0.8447979081861986,0.7980964872767499,0.8461776041954492,0.8927771230598476,0.7759809889836564,0.8073654135145936,0.8613559918313567,0.8128235009308373,0.787152352796393,0.9080808493697087,0.8134404765812862,0.8269962208903094,0.8210610198258075,0.8332740703050892,0.8105882884845654,0.8410435285339292,0.8760893276734163,0.804575887716617,0.8102424521678852,0.828211786182858,0.8082215599192802,0.8099156173485506,0.8055171822070536,0.9036690410689979,0.8412165748683605,0.7666420463358321,0.7989871254142437,0.8124807751725909,0.769070267138913,0.7972245577304807,0.8273378829875323,0.7227011736343171,0.8493981261023318,0.8250041608494553,0.8183178549906376,0.8244633515210159,0.8660217993694546,0.731584546750898,0.8113289477604193,0.8652554276045935,0.6710706856437436,0.8270520243528346,0.6984521617930838,0.7129718800965674,0.7653124415338419,0.7633186009706242,0.7662138089950581,0.7750782705201046,0.9440076776073746,0.8019778704409252,0.7578552570563977,0.7153794453552007,0.8336204004237151,0.9177920515958194,0.782572445522234,0.7468774145794637,0.7757299602761437,0.8322750518606288,0.6694287152614493,0.7817019756104597,0.8060128197353326,0.8359364924039899,0.8542376314461066,0.7751484002687417,0.9270863638947732,0.8253958447056446,0.7115162696999863,0.8853422086149654,0.8140524906506611,0.7795737177235574,0.7822307524872618,0.8060785554299871,0.7773496493294484,0.7428076467488491,0.8512568613427258,0.7553116242903996,0.8468379766919356,0.6529600336958078,0.8369644903737492,0.7614929440065684,0.8052858542083765,0.7194581864892372,0.8300048105104666,0.8144573170898622,0.8296839138670097,0.8028213104602567,0.8768813606854705,0.8201342341928662,0.8331358469100612,0.8094030230461675,0.7387660004387816,0.7621217972004412,0.8663215010193502,0.8344848027972831,0.8800993632662905,0.838194070463303,0.7774912355511879,0.7995490313113675,0.777898784469078,0.722689048635323,0.8163896764578545,0.7616877799341393,0.851836808996492,0.6828137458356347,0.8875550178224147,0.6712091201301115,0.8569670628758898,0.8674211328446515,0.7860189437886145,0.8785739193823787,0.7945368755842068,0.7274232162506707,0.7616026061337244,0.8187915753219487,0.6994138720137764,0.8372524301632406,0.8184908349909849,0.8368619588530158,0.864215987301801,0.8009104316744247,0.7541377325108969,0.8080066178464469,0.7294041222038824,0.8231173547199775,0.7491900761080218,0.842202231099819,0.8056624321054643,0.8873744542292115,0.6761619014619888,0.8458155796341815,0.779969341919284,0.8117303242451356,0.7681169906232239,0.8864099522920001,0.8549974178845628,0.7870596836476269,0.8780443735702709,0.7660680308833593,0.7284989573113397,0.7942680989369474,0.7851587353427124,0.924279825738783,0.7980697989553613
0.8374016535915226,0.8335911120473326,0.7209408031394848,0.6939774303008275,0.6847557280516265,0.8085796594368905,0.7284097828427021,0.8247322779088521,0.0,0.7460746794500406,0.7428105890177472,0.7592166506047042,0.7710621231132206,0.7153952802537005,0.792816960002674,0.7143709572102723,0.7003083179056553,0.7560678124236704,0.7313348336146898,0.7583549501382969,0.7285876565009789,0.7989672867998471,0.6753058203413596,0.7550267435056915,0.7913096630626689,0.6651191379395274,0.6880524876236356,0.712232546089334,0.6945668285199021,0.7703624620171745,0.8843541671946946,0.7395860266562925,0.7271841126812864,0.6944151006484717,0.7994996049191196,0.686276328793265,0.8005367717105386,0.7445933304754355,0.7279771645262746,0.6967882474817696,0.6835712463009652,0.8302411884231968,0.694670087965065,0.7477989198486109,0.7599902275905464,0.7142507776508806,0.7155239182792723,0.7309115859280583,0.7270550787565532,0.6897090077554097,0.7174880151844923,0.7245150567873107,0.6935394236901918,0.7345044691686204,0.6976887040755902,0.8827979941861865,0.7376136334655331,0.7365552620626503,0.6729090719382461,0.7048052061202503,0.7683307185806958,0.6467927641398286,0.7132057802922517,0.6288372625392645,0.7197249723784799,0.6971483774167284,0.7385063342466887,0.7777189710916697,0.6656904423142184,0.8292572028485594,0.8070305784856551,0.7067068298930533,0.6961609586715963,0.7227107139179479,0.7722831324659007,0.7677974459977766,0.6703699303338647,0.699522967257753,0.6708016195100415,0.6759457969698172,0.7278038419686468,0.8341298636460845,0.8420481727866427,0.716731339280959,0.6836459239648988,0.8091774900434047,0.7999891766810341,0.6797958231922693,0.7682443094361923,0.8836717124413989,0.70974509595456,0.7848868899111376,0.7006409954086134,0.7403485780452191,0.7277774788041347,0.8090169203361164,0.7244651828976741,0.7457582502295482,0.6777175188554682,0.7403235304242846,0.7432383765288828,0.6804979969508212,0.6435048560274609,0.6996339067700089,0.7353398021417845,0.6995135074549019,0.649326307123749,0.7347442094680657,0.6955012319575213,0.7832050521682876,0.7288253760811468,0.6686012231968508,0.7510461183261076,0.7536622979422561,0.7037313784437954,0.7763432043730043,0.7435430271102367,0.6935685489876644,0.679198941040399,0.7522319939247747,0.6951273817354141,0.7006045217464851,0.7186682075406905,0.7958471385997329,0.7797061555280528,0.7452605628775387,0.6419949564039,0.7632417597595029,0.6878303346484441,0.7026910126872885,0.8895045397270913,0.7215520419005955,0.7139652287856426,0.8118367297480643,0.7579213654859415,0.7243117634941857,0.7691974885666369,0.7248442079689933,0.6727478990302866,0.7574949745335494,0.726939166843358,0.7246943286645897,0.7928925676839904,0.6875530233451825,0.7473507729104075,0.6998044103836941,0.8657168322602268,0.7009700882491029,0.7474512571979541,0.5828971147386126,0.801477362172696,0.7218763190753389,0.7083819583482434,0.6897993533065011,0.7387819336981961,0.8458739846933931,0.7542960409749699,0.7833553690975888,0.7278181085658804,0.6832730955893473,0.682965487477908,0.8016008058832581,0.8673103142740007,0.7968181143943528
0.8210488794082769,0.9180662395314417,0.911102698182933,0.7967500387622822,0.7487780391054432,0.848064912946884,0.8494793822275508,0.8720637721967874,0.7460746794500406,0.0,0.8562584070006893,0.8472233610426388,0.8676192827589995,0.79732512700454,0.8489238050867026,0.8442840667798476,0.8357248815145448,0.8292681906353436,0.7888037938204587,0.7634568533254323,0.8355539821552571,0.8848428060266438,0.8034192686738458,0.8254081790683467,0.915711368321293,0.7639698759638768,0.8014645682021018,0.8136116366399669,0.9069134522251269,0.7441622372111295,0.8577843910917682,0.8698466047025615,0.8108188280518954,0.7853765364384948,0.824672778785428,0.8231881209887947,0.8573980900659457,0.7976658287406341,0.7680091188430758,0.8309686058340655,0.7769515953461272,0.8403548743593613,0.8005336121467029,0.8241813776528941,0.8664726614652393,0.7901723217927666,0.7955586204735684,0.8336082815845591,0.8648360700046265,0.7606344017881435,0.8191915244200803,0.7785260981190789,0.7129681753853263,0.8707646775364413,0.8877021689320818,0.8235948278589746,0.7629794304157175,0.8156153531326643,0.8203494888954161,0.7801244009516702,0.8409634778852695,0.6793373309566453,0.7783203766269826,0.7354198369758798,0.7170905366396267,0.7372312342917505,0.7969740324540348,0.8231044212341497,0.8254014154583104,0.8741550728886531,0.7932458127853522,0.7685831505693831,0.7415261692045634,0.8612356663452511,0.8413018939434693,0.7892296833722642,0.7939195387806796,0.8357840533872616,0.7070476300329337,0.6692498532618847,0.7841701127724049,0.7732282374089898,0.828623904820065,0.7772160924843627,0.7420965603471028,0.8055876058509698,0.786723039735463,0.7638265807050019,0.8440357624739294,0.747033863839215,0.7871157320549252,0.8056291242477841,0.8466329721747717,0.7367130301760112,0.7817300359202792,0.8863783049594915,0.6962914638888221,0.823886807819529,0.6755263525549202,0.8393350670745137,0.7792302480644189,0.809026067868035,0.739777948464925,0.8355744432965672,0.7732430662276975,0.775155577707658,0.7859023204476745,0.8405746091800292,0.8344354865573893,0.8592996806222549,0.840999015371714,0.7180608013175211,0.7951372682475647,0.8178775280917827,0.7609991427552569,0.80020754189338,0.8055508886682795,0.8588555047237352,0.850324383253575,0.7651650731396424,0.7057558094827018,0.7388377491459968,0.7350604918663618,0.8460449922547735,0.6852377695837617,0.9047616683262,0.6972563666245161,0.8275541718653616,0.8760352359335133,0.8046938544138597,0.8239314816592218,0.7641899155530018,0.6771213839969067,0.6897022598007426,0.8006166944516918,0.7169872250559749,0.7726375014574796,0.815685838059667,0.8216990568228577,0.7886372663075822,0.8132535599147583,0.816409843479863,0.827293946017622,0.7764241700737389,0.8460232434223599,0.775446220580086,0.7790083485197437,0.8216150095566059,0.9071845755352748,0.6385205671033984,0.7684628556910562,0.7946426581218082,0.7731848781048407,0.8350961743732905,0.8478321233981283,0.8246195377704747,0.7732559174633054,0.8630372028399665,0.7875537132088554,0.772649601847995,0.8559623576210094,0.7623248848596241,0.9069185538761134,0.7533651507156708
0.8765112782519279,0.8862965200196425,0.875856811904958,0.8259457976211083,0.8081677865678625,0.8712473076978684,0.8347287495017908,0.8412634371534988,0.7428105890177472,0.8562584070006893,0.0,0.8708724404079671,0.8952178534059114,0.7809080234083332,0.8503617612577891,0.9054061293669797,0.8813587450781226,0.8224129521347044,0.8287995689511689,0.8156674771103459,0.9034442617787188,0.9062212498963155,0.8004875643787518,0.9290206242476946,0.912561643365131,0.8517745615793014,0.7725488763290023,0.8640572073639472,0.8941885252726013,0.7536509974597272,0.8562836124051144,0.8389835268194539,0.8100802176314198,0.8248152039550667,0.8740650786581311,0.7996309396022048,0.9358583174370554,0.8658108007241523,0.8628884079499343,0.8634127017508156,0.7993016733611087,0.8468723227284478,0.8162828222149842,0.9205564065360891,0.858861775594703,0.7749608473558753,0.7330822968581389,0.9594468935694108,0.8880554668275961,0.7569133931820824,0.8383675847899925,0.8363365456441496,0.6773114946683286,0.9056134294174406,0.9093114314006974,0.7974970853198955,0.8401931910047631,0.8579507710123965,0.7630429146707186,0.7669294431076621,0.892583186981506,0.6381008357086821,0.8246110126507331,0.7116541657735073,0.7158216378490432,0.7573078780870892,0.8339775841576006,0.8230094617325446,0.7653740474107299,0.9040224126807912,0.8395786796530983,0.7801128519376266,0.7807755227279861,0.8765651384138643,0.8549402068684596,0.7817997916703057,0.8416488755991628,0.8753756157365555,0.7517690870253518,0.7956601709532679,0.8119502195705938,0.7873752493833958,0.8378464944842403,0.8312858631792848,0.8003827836048972,0.8416534695075545,0.8742325499994378,0.7096055035850081,0.7878382456289891,0.7860279212804286,0.8180317545088102,0.7470044438045219,0.8486185929765938,0.8063331808070093,0.8103876677636028,0.8728258573930218,0.6972564710825764,0.7978168796475811,0.6818602353375953,0.8066040492220026,0.8553393226202166,0.8068788465914174,0.7215679436871236,0.7711230495764834,0.7701101421691184,0.7846814057275193,0.7686495462624512,0.8573769451448776,0.7941197315565454,0.9329926487411643,0.9148465410464356,0.7783469611833184,0.8373379967566955,0.8547946918806868,0.7997948933616111,0.8593527902527398,0.7978888804975482,0.8440888428490668,0.8797910188785476,0.7640374213103139,0.8208544428714833,0.7361244057830005,0.8296916116712326,0.9093230987273596,0.7797821179865414,0.9148533972307445,0.6597967602055441,0.8427572594772729,0.8728005528488713,0.787951845322099,0.7498850819364543,0.8222834272329692,0.7992879466204352,0.8158892096959284,0.9032221525824244,0.7615641471313493,0.8181501954078325,0.8545326373405634,0.8332863242562218,0.8075340204739639,0.8033437026571877,0.828188793537554,0.7953133488567532,0.7442023782605008,0.9588644113001303,0.7529789746407127,0.8181831224573978,0.766571227628895,0.8545362497541545,0.662464314853049,0.8878270641780728,0.7656210679862828,0.8342847371485237,0.7402633924234414,0.8682617316108672,0.8926900296596416,0.8896586955553921,0.9060087332832684,0.8457528571566089,0.8263160664192515,0.7720515607659495,0.8340230479377562,0.8393454861422305,0.9324105467820014
0.7886679879985341,0.86926548875332,0.8312769613614513,0.8254740998034652,0.810015752796473,0.8554195822359931,0.8136472315498108,0.8777290921690937,0.7592166506047042,0.8472233610426388,0.8708724404079671,0.0,0.7606990650179001,0.6599718148385693,0.8317822484561317,0.8341157667794383,0.8258870356702055,0.743664088536586,0.9169578768967035,0.7400881649539541,0.8785284538869207,0.8180659537634473,0.8257731133493379,0.8505969929955354,0.9015821645130572,0.7610565040356069,0.7484791708220949,0.8195150717270929,0.8415588762523845,0.8499144728670539,0.8988500828617654,0.7823410268796425,0.8257188676669955,0.835828900492043,0.807670912630652,0.8096605966594966,0.8042304052803957,0.8042594237524537,0.868834172463866,0.766065471229997,0.8421202810067123,0.832264080992345,0.78492691424615,0.8683066987577889,0.8116016651072483,0.7448552822149054,0.7478234289201052,0.8191625797109815,0.8186550211386174,0.7193707685267026,0.7960889803136252,0.8274903128092401,0.6503981395278192,0.8691362075676465,0.8558093198196604,0.7807446700972194,0.7812069283856158,0.9621418422842509,0.673967519283578,0.7375534390509815,0.761859309731442,0.6113552651300269,0.7873909417536962,0.6617570233745775,0.6524435227938701,0.664260752968995,0.6854926745447992,0.7116177280240287,0.6946528137617476,0.8647597423582941,0.7336855865939135,0.6817522715710619,0.6730209855352365,0.7852917232051433,0.820448902728221,0.7103609187442442,0.7274243764887028,0.8410880112189666,0.7553618178969228,0.6831548846705975,0.744927457932818,0.7794732685711895,0.8304409577279129,0.7451480000410833,0.7633693110763644,0.837724162717311,0.7729378072990117,0.6610348595467751,0.7807254603624225,0.7497306703085437,0.8151315821626335,0.805697500939054,0.8309397803358826,0.7138199249473799,0.700763596311622,0.8817128305697303,0.6535162892532388,0.8587512189408478,0.6482927760481384,0.7535279048514064,0.7158498760857327,0.7517255982687783,0.7443489321576997,0.884480701291454,0.7413369001310913,0.7562722638728425,0.7372610223054527,0.8647817411037413,0.7557428526104096,0.8295180313034857,0.8877338378594338,0.744173567046739,0.7099160099317223,0.8102703079032695,0.7537242125439302,0.833432423817144,0.8043783376876101,0.7962289364868583,0.8268869073834676,0.7451301482187567,0.7214056463382277,0.7837267343014522,0.7381709952417245,0.860133967163904,0.6574367977966465,0.9051270522061988,0.6289664503855714,0.8232429249811972,0.8688698038471336,0.6844262500513075,0.808481394459574,0.7562212710829125,0.6460976838268356,0.7782518188414373,0.7800779362733439,0.6436670631495635,0.8027383445405506,0.7874959371353191,0.7703042939558168,0.8770586221461704,0.765285667246669,0.7357413928113562,0.7759215624916806,0.7254343711554617,0.832180888921766,0.7440710636378515,0.8622731470093316,0.7488369501836261,0.8660403506397348,0.6816494240873583,0.8326191660665994,0.7807626780082347,0.8061979509283788,0.7233692105241338,0.9524873779174857,0.7637648270238008,0.7360364328937046,0.8991931160246619,0.7547949521233716,0.7267603340370374,0.7001305728788056,0.7765735362164438,0.8831577743278108,0.8274441914223821
