0,1,2,3,4,5,6,7,8,9,10,11,12,13,14,15,16,17,18,19,20,21,22,23,24,25,26,27,28,29,30,31,32,33,34,35,36,37,38,39,40,41,42,43,44,45,46,47,48,49,50,51,52,53,54,55,56,57,58,59,60,61,62,63,64,65,66,67,68,69,70,71,72,73,74,75,76,77,78,79,80,81,82,83,84,85,86,87,88,89,90,91,92,93,94,95,96,97,98,99,100,101,102,103,104,105,106,107,108,109,110,111,112,113,114,115,116,117,118,119,120,121,122,123,124,125,126,127,128,129,130,131,132,133,134,135,136,137,138,139,140,141,142,143,144,145,146,147,148,149,150,151,152,153,154,155,156,157,158,159,160,161,162,163
0.0,0.8685176581967395,0.8256624098665397,0.7914433012186916,0.7753484790584674,0.8972563983416997,0.7995031566623442,0.8651872055414004,0.905847452021921,0.7608824316114718,0.9201005544111412,0.7927694094304585,0.9393377831998392,0.8768786849712065,0.7995013892805739,0.8501828311013065,0.8933768296965656,0.9317052060558363,0.8176461431256083,0.8922131448118147,0.8314919812873133,0.8905153424474661,0.82424908529078,0.8233380575999134,0.8700643269752643,0.7768837211545262,0.7584331933612182,0.9166845071292167,0.7600600895868111,0.7994771514853959,0.8018864255237865,0.8799795006251641,0.7656484759350095,0.8064674566157717,0.9354121962374881,0.7668776571782765,0.8739838360491698,0.8926364873146322,0.7240805764849848,0.8730385442916094,0.7600739472363257,0.9448252432638202,0.7953426578845254,0.8071389804003323,0.8382828732872635,0.7881876720982922,0.7426797253944819,0.8137345022642432,0.9125516774761177,0.8077223534786405,0.8241807378186424,0.854185067886804,0.7899954960297324,0.7880985544007691,0.7671249263441868,0.9010892274183997,0.8755190849130258,0.8475207845686056,0.8423634946435118,0.8007801135437171,0.8447000060995051,0.7510570441986014,0.8796736918434002,0.7540582612758656,0.7819221045602677,0.7766788416154254,0.8369384402027842,0.8214902972688563,0.7834303566447048,0.9283938729532019,0.8914066684256958,0.8425534062069371,0.9101656856150933,0.8829201804992551,0.8902563745595443,0.8127761948344128,0.8073165911835688,0.74236051145477,0.7968579379733738,0.7425361635526233,0.855663328111899,0.8371062823820588,0.84262776657878,0.9114381896041343,0.8845176454688833,0.9423778855106869,0.9150706368527654,0.8529813617630988,0.8810542675871416,0.813136310716055,0.8479872634335922,0.749546144520907,0.7988772298881385,0.8360726791121957,0.9062120744696737,0.7677505895824771,0.6849731296256861,0.8025762435462367,0.8549696290605089,0.8492796782210532,0.7647933012861742,0.7292868704225608,0.6674820352713495,0.683660825956546,0.884666497653232,0.8093684658848042,0.7149366135866686,0.9260902597556063,0.7627737007311841,0.838856907998042,0.8174588123559148,0.8746428199819716,0.9180439180785843,0.8075918902581921,0.8909176727231638,0.9351442740410785,0.9140103117937864,0.7519984564257258,0.8508499151945254,0.8400485056978638,0.8135800074624437,0.7342257466370795,0.9266012702475945,0.8297238104426847,0.8928826232494593,0.7445119779490262,0.787055941453339,0.7458163424011717,0.7977578908488383,0.7898108916910962,0.8623651887038661,0.840022365113047,0.835204446346906,0.9141093307113137,0.7893971163889716,0.8017158568091503,0.8199260984728622,0.8317573339025154,0.8183796675023991,0.7820670133663332,0.7438691386091986,0.8549950248756911,0.8453945714855549,0.7862947451582787,0.8268504926036433,0.847853436300823,0.856248745707026,0.7211030709497303,0.8075121975065138,0.7570704943495483,0.8860693700177088,0.8151451064594398,0.8020820061591694,0.7083740780430414,0.7978199040386893,0.8635775467499024,0.9134234473957706,0.8305342766722692,0.8100644409586167,0.8975102234684292,0.7672877042310978,0.9184910783990313,0.8487207543947074,0.9645888567429928
0.8685176581967395,0.0,0.9182333094846351,0.8461363654202272,0.7506308040318882,0.9394767064449099,0.8581732940575533,0.9778784444365544,0.8136401575622412,0.8891982196676903,0.9021515006678693,0.9344007763318312,0.8919004082572329,0.7950807489218616,0.9110334900532853,0.8397293822052793,0.872708451236367,0.8244666773128656,0.9234864531135282,0.869006203066002,0.9024965972594161,0.9453625168350979,0.8281953174474258,0.8946396229259316,0.9206238005605774,0.7398205659079751,0.7254901087345694,0.8688861944016482,0.8586215572850265,0.7372807243238255,0.9133772828308744,0.9213792979999025,0.8561708731876408,0.8839835871240327,0.8816870079173017,0.9056926493193613,0.8265147301595491,0.8270770180617456,0.8874897152321314,0.8954111520254124,0.8731188343146489,0.8860551433988646,0.8221306590138266,0.8398341550967103,0.9582659173182093,0.847857776533852,0.7499493093734009,0.8346898521603647,0.9133911352760286,0.8396526439929084,0.8700600916327782,0.8485303473036567,0.8258128129541307,0.9235100239167843,0.899669961916685,0.8655854297294402,0.858590014215929,0.869139818728647,0.9138125470650394,0.8655733785810726,0.9285738587734343,0.7397596152045665,0.8574779476201602,0.7766411557513154,0.8027390018087378,0.789033992079747,0.8481631258206576,0.7713941780669161,0.7252083367130401,0.8804348171718626,0.8557112214209714,0.7683763647843542,0.8017408137717229,0.9276650186242865,0.8863552719843019,0.7540236722565788,0.8532834688674081,0.7576797655260709,0.8226973653068331,0.664584697630173,0.8604805697866715,0.8666326921704817,0.8482029306215004,0.8576353259812617,0.8354230932237233,0.9516027276034298,0.851892891145723,0.8064842580723557,0.8931079853293988,0.8365267689968677,0.7769863009871176,0.835281285341443,0.8618159427953478,0.8246244597181693,0.8505665927199604,0.8395198947724448,0.7920598290902586,0.8786898752865169,0.7422641092933596,0.9013880002080794,0.778896562053257,0.8791404976259688,0.6919302709104239,0.7877139794898965,0.8530563104361664,0.8119700345737707,0.8332359899023066,0.9064593637294603,0.8543636890170604,0.9048122970770949,0.9004034580794729,0.8162628044329165,0.8514479493883459,0.7446860832253988,0.8389735544785422,0.8653866885059202,0.9070208738579413,0.8244845211882025,0.904764489700706,0.73152180427872,0.7501822895487297,0.7359864645594679,0.8376191836311202,0.8567553742693558,0.7612441349227664,0.8679508040441443,0.7892647977218382,0.8486324530369851,0.9324470598166118,0.808766080090171,0.8064994412239621,0.8399746283782811,0.7031214416510175,0.8611454112688206,0.8946548426606362,0.7875522624511583,0.8123655363056655,0.8467985415990242,0.896801388935314,0.8977162867807742,0.7814698506146291,0.8409193349142016,0.90082635278518,0.86586087866301,0.858507479057213,0.8047560221987745,0.9076311320714493,0.8261610728892943,0.9058950161392207,0.7587249352255572,0.869921414665563,0.8629027811287774,0.8336976147960387,0.822809242303259,0.8996493358134212,0.8805627746360086,0.867931706436918,0.8602357365383764,0.7853145144312326,0.7785550464659144,0.8255887933479211,0.801635256356461,0.9494549096171833,0.8482353840737531
0.8256624098665397,0.9182333094846351,0.0,0.7535634317935308,0.8643062618617752,0.9031237086058823,0.8149350689402185,0.8897062987584635,0.7621949928659482,0.8714105507944132,0.9365332699781974,0.9031318905961415,0.8943100421452764,0.76878563789056,0.8467466571574165,0.9548536206603777,0.9363633916644138,0.8279418808820058,0.8563524985290495,0.827843498328154,0.9218732387067398,0.968873264565594,0.8105909349416295,0.8673851809833982,0.8562277528578538,0.7681832454571922,0.729989881374967,0.8264189718498908,0.8853142723217333,0.8261832605679527,0.7935581264589726,0.9589447006751599,0.7697271084723717,0.7750922777724946,0.7870982377341814,0.8762582795728995,0.8133642972861158,0.8701457609735053,0.8835670182113373,0.8798303790397997,0.8373327468140491,0.8899070419198373,0.9044809247926697,0.8140330507966741,0.8558844032763473,0.8310977228746496,0.827091613833431,0.8605576103179209,0.9010114746809835,0.8834726033009451,0.8722955554379901,0.8262357902012445,0.7981907824812627,0.8636210576728542,0.896770294800536,0.795330194920527,0.8602016023594722,0.9217326703062977,0.8503691344366647,0.8553891929988803,0.8384237947167013,0.825607744344829,0.881024407412722,0.8030882803457834,0.7601297340589088,0.7432554640999967,0.740535902596716,0.8047737319548435,0.7834953754590933,0.8497482551685611,0.8499154707868193,0.7375396475079252,0.7458680709930428,0.9308182486179404,0.8914742860479419,0.6744028810697521,0.9217144234923338,0.8445096099132386,0.7675410790597447,0.699718676068982,0.8676235665773882,0.7764268717399021,0.8865285524503608,0.8322714493930058,0.811038299906276,0.8937263066447737,0.7787023773088094,0.7803206714902015,0.800017045781676,0.7398793864495744,0.8281556334590189,0.7125709834281451,0.9416644790031493,0.7639855237468995,0.8083027148962523,0.7893523646535135,0.7275907497045274,0.7622518014126961,0.7243182934195028,0.7698338595871531,0.715579899049484,0.9134150172123275,0.6221069788026202,0.7243711420629658,0.8021984428767123,0.8758986349400438,0.853192211170633,0.876057038820088,0.8697453928777347,0.8704854112347712,0.8442455342534096,0.8202778313102975,0.7667420293410846,0.7668161101630981,0.7983833680027922,0.8650268288965342,0.8133551292178587,0.9085406785420236,0.8771100764833005,0.6932969833938758,0.8500264910430486,0.6941360917850834,0.7800657175706832,0.8522782597956554,0.6940894507516546,0.8501100834816616,0.7806997535776389,0.891870578686743,0.8902163410820113,0.8357534503633708,0.8022789987342607,0.9290474323533477,0.6738789765604744,0.7772298485408561,0.8304559382604514,0.8093180842755308,0.8344914566931262,0.8104239674427709,0.8657967554557623,0.9168597281245163,0.6870394038627298,0.9177792444473535,0.8114087624032859,0.8487452652721873,0.8718543524730428,0.7461076780200715,0.9113666179330918,0.8878108740860535,0.8940204136290909,0.8434317262970166,0.7454630317296278,0.8120228550512607,0.8530268927857183,0.8840077466490723,0.8434018899914667,0.7953440274230505,0.8364347287502115,0.8592693276044037,0.6828053770843744,0.8099381724999781,0.7942834977523663,0.7234048436106254,0.8747653744964288,0.846259525090912
0.7914433012186916,0.8461363654202272,0.7535634317935308,0.0,0.7183842395722299,0.8528030795647291,0.893849341683689,0.8386909946418244,0.717740479512395,0.7375760807913743,0.7989826774281817,0.8560528027413704,0.7325813561738712,0.7149168999543084,0.8769439353089262,0.6910701172054461,0.7735664904108709,0.7517274989201127,0.8926108081269437,0.6955520946258048,0.8197443838346714,0.7846356104922709,0.8172231762096709,0.7897809332635113,0.8144250691964413,0.7519725881324679,0.6712117599730559,0.8121651849708365,0.7473492598415622,0.6542983426901596,0.8315936928416549,0.7478595650341374,0.9691333869689066,0.8642633638587403,0.8608266182100103,0.8803085512492977,0.716811169658262,0.7338601873216448,0.7650666677939626,0.8380730596651187,0.9268262296987749,0.7832799155028932,0.7348804719507951,0.8577020685135387,0.8049413283403688,0.7472139643333943,0.6809173090340707,0.7326758639596421,0.8170315731411566,0.7499846403044077,0.8761278724649229,0.8954373294778648,0.7870286158580667,0.9041985978042192,0.8343638769020963,0.753506185212931,0.7760568302550892,0.8325592262508271,0.7891390197976739,0.7678265816975559,0.798092349804387,0.6816451726247496,0.8601379815752381,0.6525832352414074,0.7458755245379018,0.7010743323246311,0.7442079714084597,0.6699951219012201,0.647361505272163,0.8029914307267461,0.763687563352791,0.6854795224956554,0.7820066601350141,0.8326086470988893,0.776964682378054,0.685537281367654,0.7235849870344354,0.7074347818533283,0.8305639652565949,0.622306012430677,0.7841748559567119,0.8801225959389589,0.7218150042137763,0.7646879581477467,0.8515152138513409,0.8278097141761197,0.758412690723954,0.7788101618211711,0.8009663431567369,0.6987833680493796,0.8132442381114082,0.9189866637569154,0.7890776024341083,0.7507204520618704,0.8504501904849557,0.7905102527365252,0.7004775754185695,0.9004291303657377,0.7576939859666846,0.8982089409260792,0.6763157988918705,0.7001827123313954,0.8867134772443251,0.8245722957899861,0.8590969027838151,0.6951051876537696,0.7259513437245545,0.8027688396986803,0.7825359961396797,0.7433479876720207,0.9031193521400555,0.8430084388415987,0.8164979254305206,0.6637514423631459,0.8872685630524927,0.8139696632734095,0.8863483676416786,0.6472859375578972,0.9068334177558494,0.7777361293915288,0.666854007941807,0.8874444584162429,0.7621034335849172,0.8061178465587728,0.7059822124063265,0.7909008951721423,0.7736774839960863,0.693745231409191,0.8630907355448603,0.6801697962136266,0.6823778016109929,0.7067084983244472,0.6112550104270725,0.8795009208043211,0.7289961546523698,0.6577839057886442,0.653739826476923,0.851930321717692,0.7493636510191155,0.7787682056563413,0.8666727191360776,0.6772735573096853,0.873869926979685,0.8108223656627894,0.7330411417127359,0.8354370145440303,0.8012222959083896,0.702200307814409,0.732865768590858,0.6389329137260037,0.8827595298528923,0.8768099333247428,0.7348264843592301,0.6573546716474274,0.897144377336447,0.7180343726587335,0.7153408558120918,0.8054125910277815,0.8914176299830592,0.782009620635727,0.7716571014046875,0.8033390845838627,0.8341890505256129,0.8089267798793691
0.7753484790584674,0.7506308040318882,0.8643062618617752,0.7183842395722299,0.0,0.8002292916852052,0.828153250689123,0.7322478453293291,0.7092274001762878,0.714640780029187,0.8474863589905424,0.8057598489766525,0.7830081538815706,0.6856904627541559,0.7971797180605353,0.8923682274148731,0.864534186172204,0.7894829243066149,0.7387600976825194,0.6768466640904282,0.8354783755524324,0.8350192299916043,0.8057895203692251,0.7861187559495488,0.7361557542344161,0.8407223550893321,0.7006163815602197,0.7243682182136288,0.764420421689626,0.895272579719867,0.6937208134089002,0.8181834215240718,0.7405600962578505,0.6828366505893468,0.7082007879327948,0.7663440332743614,0.764037438453166,0.8114794703435187,0.7595684176082693,0.8287498837272763,0.7990642686019109,0.830799465856499,0.9025716558929224,0.7980427383052214,0.6990513039265851,0.7717145553657562,0.9150021439241505,0.7885489791138507,0.8326072238991729,0.812826080419151,0.8585076752112833,0.8283892162347944,0.7133358252965809,0.7491531666413653,0.7787098775645642,0.7347596583812375,0.788180907442974,0.915807748908688,0.6815291139643137,0.7597066384180378,0.6625741584450757,0.8681255242480289,0.8654983251408274,0.6743606274078281,0.6814897757629022,0.6389913198977147,0.6237217962737319,0.8172826725477583,0.7380698660116611,0.7708620097396998,0.821264314909844,0.668639462577839,0.6661061225762015,0.8312743011942281,0.7644214105747879,0.6182439038241074,0.8437087340402475,0.9280273893033236,0.7354713410517134,0.7352169174919512,0.7979433592570055,0.7211346591002652,0.8837577514136561,0.7232259802082694,0.7686309198871657,0.7872260176153014,0.675495973955291,0.7487787446617666,0.7050317622210543,0.6568450226363782,0.926887933844991,0.6717813341672629,0.9034139783742969,0.6699299619141945,0.7503190829097142,0.7312724889078759,0.5891703759131113,0.6811955803642249,0.731769287512939,0.6779626213829952,0.6156108096363798,0.7395469084073432,0.6408962335905493,0.6694072664514851,0.7334615763668177,0.8675149450215587,0.7228736191302784,0.7726181145380602,0.8392064500664472,0.738745492610614,0.7724798351132793,0.8289718045233827,0.6785695904741219,0.6999971172525924,0.7920446464278886,0.8565880066068413,0.7194189128326425,0.7780664186115974,0.7861797606814459,0.6998283415405405,0.9073190035677642,0.7379872293304587,0.6919445429430012,0.8501916218127835,0.6271063265979157,0.758932750890777,0.7339545085804015,0.8333034460096572,0.7411244972657038,0.7735517791928623,0.7337383084765083,0.847149082585897,0.6068015193916257,0.7217041725590305,0.6525440813248727,0.7351472957377758,0.7811633448648259,0.8147651890653955,0.7110539852000259,0.8530422292295253,0.6374894719286598,0.8051308003885742,0.7251542417231833,0.7245915828798081,0.7840572276187082,0.7612521037232439,0.8749132206923238,0.8350069342184442,0.7284714264283598,0.7400716082732619,0.669607815573683,0.7416116261251067,0.748816406549301,0.8084280143575968,0.7782155486978433,0.6713124535443457,0.7223812150633228,0.851811518492184,0.6517532730614162,0.8543848330121943,0.7101984498494717,0.6822939658403037,0.7679202847339343,0.8441958644449182
0.8972563983416997,0.9394767064449099,0.9031237086058823,0.8528030795647291,0.8002292916852052,0.0,0.8812360673257534,0.9029639435294972,0.7847468987039498,0.8414724340629623,0.9249411187224732,0.9285921860668924,0.8981714130947934,0.7593473298794667,0.884730016023794,0.861317640648549,0.8762088989070205,0.8017528718842197,0.9057454347413711,0.8211759355013314,0.9210589813689682,0.9104170227962549,0.7927081996077051,0.8936388181607615,0.9264807305012301,0.8141252066037583,0.6659735066548772,0.8363560966837266,0.8478170556351905,0.756410157189316,0.8880813758230662,0.9306787665774726,0.8604414761712476,0.8784599881718654,0.8766852270203658,0.8580886571069966,0.8820676226849133,0.8161311966020472,0.8525817037430244,0.8714513219765346,0.8650392062529424,0.9027039356773395,0.8635213379480516,0.9234372917407602,0.8804712942127226,0.8153148692189646,0.7951521296439809,0.9049657674223494,0.9073715777349431,0.8037603954180066,0.9026140145011415,0.9147561819297999,0.7809425637393377,0.9105495414089,0.8912358978227088,0.9009341378317793,0.8534979060357023,0.903577496093242,0.824863163582213,0.7923644316970968,0.8935322994994672,0.7692648015428635,0.9214171381630578,0.7073505850795809,0.7822655159906218,0.7870478414545534,0.8204152587864519,0.8388193039790208,0.6991938635099001,0.8797405904278641,0.906375902909583,0.7331188654336511,0.8152887157308004,0.9163558037731186,0.8560518267362673,0.7911093706413935,0.8593698734910554,0.812377863842951,0.8361252761903593,0.7712622068432332,0.9562064825960218,0.8540207101532601,0.8834825866829067,0.8752334799964337,0.865708870334732,0.9161664189247505,0.9008412008924742,0.7752568788565294,0.8559755504707582,0.8131054256599998,0.8203806227893421,0.8300743359212818,0.8568490343133711,0.8284704322304458,0.8464054052226598,0.8723082893643139,0.7417776323997644,0.8911389437212623,0.7607849769647629,0.8679369441288863,0.7709298352304471,0.8407501956844483,0.7268044389746187,0.785959978922062,0.838340638178108,0.828215773994127,0.7999532432964279,0.8977100487709744,0.8287565614999327,0.9227720570785243,0.9413901984975174,0.8331423863085505,0.9089936147141783,0.7137234530682022,0.8691406877647536,0.8776059997084124,0.9315522315020203,0.79080065917728,0.9581614324228251,0.7498501413096355,0.7751034549353807,0.7719415233909735,0.8881742484785672,0.9188284563013338,0.7962062677631789,0.8824744899091158,0.7712794490725288,0.8298508085292123,0.917348362992867,0.7677434825987238,0.781288030471721,0.8627482388198746,0.7143795679713548,0.8774843024434957,0.8524702843524067,0.8159459211569905,0.8368152934500072,0.8424412811423236,0.7990228569251531,0.8577539888381531,0.8016811927637266,0.8537509257898231,0.8528802491867767,0.8153233587001794,0.9023389164628292,0.8426328128328631,0.916217547952491,0.8298583692269265,0.869191836842158,0.7365894997382945,0.8902101559613118,0.8778791526942251,0.7744520812797168,0.7627262839037033,0.9276381292224203,0.8684319107117534,0.8603449932401596,0.9257906694726118,0.8041792475541708,0.8662928427143329,0.837240068689238,0.8610027017536654,0.9296525847317022,0.8980196651772052
0.7995031566623442,0.8581732940575533,0.8149350689402185,0.893849341683689,0.828153250689123,0.8812360673257534,0.0,0.8346348388118896,0.7114780423223388,0.8015339370752825,0.8233986068582516,0.9168568480512906,0.7858344724603092,0.6854134902266051,0.9585567340042659,0.7713625463276506,0.7781483292615095,0.7514289470227699,0.8289306423176177,0.6781702761191919,0.8356962953990108,0.8111000088450208,0.8675461729821766,0.8590331149837129,0.8638460057152666,0.8663515797309276,0.6796181920200617,0.7436668974469626,0.8120143084694181,0.7449732589138238,0.8897846375620277,0.8034897362011013,0.9469792756827664,0.8580998138776395,0.8106449922074264,0.8412496684851865,0.8285081124146843,0.7395308894132877,0.8112287411619246,0.8785429960340895,0.9164555026938234,0.8001448692417026,0.8546266984085755,0.9224362184865534,0.8341884347282063,0.8137484507735633,0.8454910843765064,0.8237004878582866,0.893979532992318,0.7337275719339303,0.891147545779946,0.8867285218372108,0.7045446108580818,0.8624761442843382,0.8658539008125681,0.8345227217695232,0.753360091847984,0.8758553535449016,0.7374087729897749,0.7468241988055342,0.7491190343409504,0.725812374627369,0.8448209501456874,0.6268692555985272,0.6945283119628455,0.6714243754547619,0.738464544461736,0.8171649722383255,0.6516608133908468,0.813210163759891,0.833260567870788,0.6887888876750724,0.6859632882203126,0.8395063706814876,0.7289672767956767,0.7438566649414322,0.789004376086212,0.8744648900652474,0.85998109830711,0.7137557390781759,0.8395588268395121,0.8087588552767834,0.877330250806515,0.7613867993159487,0.7726555400084645,0.8428445183164234,0.7639473257372584,0.7767216445447048,0.8347575717231447,0.7681751724621718,0.8413959951475715,0.8864223784190235,0.8404045005885009,0.7108580093470206,0.7629947417805897,0.8976066995594966,0.6316232580161989,0.8811059274906666,0.7087569380956448,0.8485366701816378,0.7144722686742473,0.7537599815506041,0.8260081166425182,0.8512613596678473,0.7590350357990638,0.8028320719333889,0.7170655417076418,0.821174691208389,0.8907353942171549,0.8140011395072678,0.9022587921812234,0.7952482718177473,0.776539576205904,0.64082878621871,0.8648490490052492,0.8366973144459697,0.8433589999342834,0.7270401560619303,0.879591832839203,0.7371149696441026,0.7345577141160925,0.8725863926229253,0.7408653552133749,0.9284325265524388,0.6706847725582096,0.8958286191450497,0.7000815318484601,0.8375813029646153,0.8538724995489859,0.7771686165189742,0.7084419432926381,0.7286660949129595,0.6134911097479246,0.7845388548771081,0.717348111051062,0.7119562460314989,0.7923652845667778,0.9361944065668115,0.7663443612553169,0.8798901980276718,0.8363044936074864,0.7214890067838732,0.8042657095701073,0.724957249561477,0.8321902966416556,0.9021752156683106,0.8803569030355146,0.8487760180926588,0.7871492378428715,0.6268138150583278,0.81999029914372,0.857053480884098,0.6881988683194317,0.7857638704884209,0.9485996576791433,0.7742928815234554,0.7439948988475119,0.9402611639637843,0.833945222180974,0.8194464907877518,0.84398286499087,0.7809181818636677,0.9069835591256844,0.82036226919563
0.8651872055414004,0.9778784444365544,0.8897062987584635,0.8386909946418244,0.7322478453293291,0.9029639435294972,0.8346348388118896,0.0,0.8549979933497559,0.8865775103307183,0.8719727802320592,0.9170991911472427,0.8647164495189232,0.7983425660147911,0.8743049783791627,0.8179076664416447,0.8662482104096649,0.8459503940172765,0.9164831562948241,0.8637901893102911,0.8632004318625895,0.919510437432952,0.8690246044425358,0.8411112175966527,0.915173023175026,0.7001927409782724,0.7715418026679459,0.895827465144785,0.8248164670007507,0.7601259712191876,0.8990234846669368,0.8966218577064167,0.8352458094012665,0.8764423617411229,0.8824524828971126,0.8923991308766048,0.7870204200779936,0.833826716299997,0.828204095544961,0.8648908382576929,0.8453249302235035,0.8991689834008966,0.7890517091553582,0.7863502916306858,0.9440622244887213,0.8273199853035841,0.7371719439126967,0.7698337628718391,0.8992950465733694,0.8290596543843616,0.8332537495018041,0.8213327107629691,0.8183955494550785,0.8769474919907991,0.8526368865667852,0.8610643310882892,0.8386171434632005,0.8712978729437347,0.9020380993726228,0.8636138231959772,0.882759892182065,0.7189303678157144,0.8300876674189511,0.7903838755051019,0.7726775547115945,0.7482580983846561,0.8036718188909658,0.7297021160386157,0.7523641722575853,0.8988669188318029,0.8048430064012846,0.7588733596431412,0.8018643173860928,0.8963388375323647,0.8971146757008854,0.7286830668823979,0.8003634778809138,0.7247168782935474,0.8041654486107825,0.6166788789372858,0.8026621290522894,0.8600061595168922,0.822654740015868,0.8395949140325699,0.8292762431910508,0.9572942876757286,0.8290255674240076,0.8300476602714639,0.9248178618890845,0.817353126794308,0.78425550848938,0.8434840440144573,0.8384425137876008,0.7845076143767103,0.8381623606695041,0.8130612895220415,0.7592178462130319,0.8868050063308329,0.7523143759413574,0.8944807860835053,0.7268369283639813,0.8340112655409584,0.6983810208587146,0.7950621023242664,0.8675978025591294,0.7917708752051639,0.800122796981398,0.9319801527946633,0.8214142151617083,0.8467461028876875,0.8554855737573218,0.8140915611093246,0.8153854897912167,0.779489587724647,0.8216159820133244,0.8699798580097076,0.9119366843093919,0.8072980640532216,0.8681016655686352,0.7624225810642179,0.7180973700201215,0.7492769134055158,0.8087042437671302,0.8066500080408644,0.7360706358183188,0.821625757381871,0.7941500199072112,0.8099182801795811,0.9051121390080903,0.772247959709803,0.8553293260295114,0.8114903710735126,0.6836281509619748,0.8494471070700422,0.8384072959014226,0.718801491035943,0.7867824414961015,0.8172817536608318,0.901242661027046,0.8867258575328593,0.7637543125126613,0.8150674482420348,0.9038349571922101,0.8672984078078545,0.7977281794874473,0.823750080012696,0.8836257151591023,0.7817485237042984,0.9060319131619909,0.7710301806344967,0.8468969489278891,0.8525848103741239,0.8403113956134662,0.8114963982541308,0.8825224589708878,0.8354105003956771,0.8284237692390481,0.8256233112634506,0.7665821224656285,0.7505430926421199,0.7896324766693926,0.7931193340047828,0.947152935298508,0.826747597190604
0.905847452021921,0.8136401575622412,0.7621949928659482,0.717740479512395,0.7092274001762878,0.7847468987039498,0.7114780423223388,0.8549979933497559,0.0,0.7341935434954984,0.8129059446081205,0.7314882723118351,0.827772351548309,0.8541817445649912,0.7160731161594944,0.7682372942072718,0.8218979234845392,0.9104477641829556,0.7600987919166761,0.8446976106942051,0.7303020455665431,0.8373009774963203,0.8112708129110904,0.7038176208455493,0.7929981093514887,0.6303064210475106,0.8313789225661379,0.8884450323866216,0.6875431857603485,0.8214395414922433,0.7467343878620039,0.7961637910766272,0.6852314298929548,0.7088557249462558,0.8593053719716063,0.7171445429448849,0.7382239108951993,0.852442068984035,0.649980442981472,0.7603973626350516,0.6755032522471358,0.9276656560983214,0.6807282667684776,0.6642625305828426,0.7663737911750806,0.7028748570650432,0.6765796467637355,0.6640439524772822,0.8097501464952095,0.7669482139388613,0.7154386088303052,0.7278718333826762,0.7659184051137603,0.6963006450523379,0.6731339178091483,0.8422075938032743,0.7896452835262661,0.7962461640475851,0.7947629776937276,0.7734966411604282,0.7505247741331533,0.6919036953474756,0.7551763549059286,0.7680971646832837,0.7151014762545245,0.6687207244134505,0.729988443055777,0.7010655385180413,0.8084446020412744,0.8949533391568094,0.7533250932946314,0.7697522014622928,0.846694879544995,0.7842361177354936,0.8729889396151078,0.6916003481946801,0.7004704937748479,0.6501881050014858,0.6665273985204692,0.5972843165771217,0.6994549361386204,0.796089582680749,0.7674215574913663,0.7925312936060892,0.7876473199522014,0.8847594407842129,0.8026335926888601,0.8415264547029282,0.8427504081400219,0.7681937609386721,0.7966625564620314,0.7214953871318041,0.7320865248718131,0.7212470619198301,0.8372540224421728,0.6885314939990459,0.6477008697828518,0.737152485135382,0.8360179744545939,0.7653026376216194,0.6546493039646785,0.6586474933091468,0.6105320477984628,0.6466391437298671,0.8459346363838115,0.7145327497391731,0.6474118185257361,0.8799124428730335,0.6711240374252149,0.7159495637528314,0.6985097286450538,0.7936829871313811,0.7764560753898125,0.8686035079775016,0.7494006671148726,0.8674228813524557,0.8147234110021639,0.7143303023768858,0.7229593364505171,0.8467538197675694,0.7223530628483702,0.69048249319205,0.78014324772398,0.696526444777713,0.7945290096940522,0.6464689676982566,0.7736215787926669,0.6790827569494645,0.7054590009701783,0.6972180743496575,0.9473463373462836,0.7686145358408979,0.7498057519873711,0.8459765116857663,0.6995662402218603,0.6645383283312408,0.7220610488811555,0.7148413650776348,0.7750763312739521,0.7390499200764207,0.6600675637190652,0.7891408242368468,0.8244788964579175,0.7865844621463525,0.6861028077929102,0.7782400505114058,0.797903532044877,0.6390415232759018,0.7656640571512108,0.7655894384135383,0.7691618460720665,0.7443179429835864,0.8078820270652409,0.6911915504359839,0.7080647285712138,0.7568176693544636,0.7992228204577326,0.7137170641718813,0.7094933584384064,0.7491923950048619,0.6527374491351935,0.8094946817136363,0.802519789092145,0.8480710756691652
0.7608824316114718,0.8891982196676903,0.8714105507944132,0.7375760807913743,0.714640780029187,0.8414724340629623,0.8015339370752825,0.8865775103307183,0.7341935434954984,0.0,0.843490436550914,0.8685772177626218,0.8230816640980757,0.7607208663153474,0.8065117131555628,0.8201258294155899,0.7735854338207396,0.7640848991968926,0.7854184435927533,0.7448979034372933,0.7525328554254141,0.8376477749937626,0.8217702953341753,0.7450892119231697,0.9367607984147178,0.6817894385439947,0.7583610637978784,0.773630568630423,0.9528431736947229,0.749354639152881,0.8707053918510503,0.8824915850230876,0.7727422403061355,0.7645574629264731,0.8035772739577058,0.8327069597216429,0.8159287034086609,0.8078383023863449,0.7741701669111883,0.7621613457724685,0.7642855698588618,0.7875944355157928,0.8034906116014339,0.7782836007237558,0.8499558019473834,0.7059065442104253,0.7356036967822042,0.8120253676108216,0.8825389485237946,0.7039102675484087,0.7262559423670136,0.7020689928901813,0.6620446750952353,0.7759951220219931,0.8923721091538562,0.79562508697604,0.6881172103320256,0.8271707566472308,0.8093300202143777,0.7101794286314823,0.7778779715714355,0.6577634353423272,0.7338380975584184,0.7756196570870456,0.6212288034175898,0.6238206711251455,0.7074243440653506,0.753410770116846,0.7742734711218707,0.8753763702023183,0.7113533530649409,0.7564304996308837,0.6801386496723432,0.7731072726589376,0.7853724789561044,0.7358628915933875,0.7395267568877274,0.7716958920218369,0.7148342292541211,0.6321532197951785,0.7848712837864219,0.6760217736588952,0.8197611636283938,0.8369956809506529,0.6802767329611331,0.8208377955134044,0.8058146019877223,0.7957709512624985,0.8647330004638565,0.715943380834864,0.7237058387229529,0.7523813324379942,0.8320890362109238,0.64530696617869,0.6938440349795443,0.8949959300132553,0.6321531465208282,0.8169565311807054,0.6875615058251568,0.7379232544588564,0.7835644857602491,0.8164008375222872,0.6696585443071179,0.860194125438285,0.7314872933346741,0.7194801674239755,0.6945207377291963,0.886166584470145,0.7670974196864467,0.7950459462734696,0.7651143658384042,0.6883920024375332,0.7317590656456119,0.7582012792648336,0.7222950586780392,0.7363728973599194,0.8144791317082971,0.9019924471023255,0.8235569986189302,0.7273927807178543,0.6589196779269892,0.7396614274834492,0.7073803360359134,0.7604238909561021,0.6841024454437733,0.9054445339753386,0.6299166771567356,0.7907473075366168,0.898840474466837,0.8065656450534496,0.8111644087198859,0.7245920726519448,0.6663599277593772,0.6941455027785122,0.7587556028305934,0.6958218464117212,0.812636810605139,0.7836334271504086,0.8851541847475197,0.851638472584125,0.7958904161283871,0.8357987038075573,0.7137175762477456,0.76293648812755,0.8431828998797685,0.7769732063619803,0.7712763608519303,0.8231468906819933,0.9748219381914737,0.7566376155359277,0.7230586035061548,0.875237935513483,0.700544871394347,0.8036842162092126,0.8564757595084523,0.7783755068078774,0.7456240734312612,0.8026100404283188,0.7394586074332665,0.7141401721692578,0.8708960285664514,0.7550864057479599,0.9129855900550753,0.7182689240188598
0.9201005544111412,0.9021515006678693,0.9365332699781974,0.7989826774281817,0.8474863589905424,0.9249411187224732,0.8233986068582516,0.8719727802320592,0.8129059446081205,0.843490436550914,0.0,0.8542681474141044,0.9442557206783765,0.8680725915639587,0.8242514897176099,0.943208158593403,0.9509589386827352,0.9021490308842605,0.848956420700502,0.859316316885911,0.8868866218847504,0.9554080373782698,0.8330142393542828,0.8418643500091146,0.8922933182965302,0.7973377951182423,0.7668695799720937,0.901620638191709,0.8872404150515699,0.8222656019702982,0.794794555478052,0.9517348548844141,0.787725544799603,0.7852747961875124,0.892492853537666,0.8531323918022757,0.8719007770317322,0.9398983235328391,0.8084425647495244,0.8942989068655282,0.8170250107213293,0.9247608713295896,0.8747344440500966,0.8509609024985609,0.8382568559914048,0.7784762087107963,0.7704947090119845,0.889862641059865,0.9486023129373831,0.8533076811221865,0.8646548895206783,0.8509566639912349,0.7951816063793032,0.8472115934716965,0.8888750153898703,0.824598340947497,0.8720579128221374,0.920386544665787,0.8728834106369294,0.8204116286061365,0.8613076175338443,0.7929136260910047,0.9156535919475683,0.8191796005304337,0.7569497237818055,0.7468159772183285,0.7865089577975977,0.8230741061950132,0.8312496842141153,0.9281619215452921,0.8679943413729128,0.8317626974204625,0.8523529012851255,0.924158827526459,0.9218031728584166,0.7414458012535761,0.8861257703408026,0.8219490864484671,0.7770856094976775,0.748396472033556,0.8952786152424668,0.788975393413114,0.8644422439972946,0.9289219363250198,0.8668181730975385,0.9128000122410183,0.8750806001339467,0.8450281914952729,0.8311776979611792,0.7370039949819209,0.8755319947655238,0.7228293419250306,0.9187749639496083,0.7951927996478847,0.8849607414782318,0.8048105634188215,0.6949720203671957,0.7821492665554197,0.8263948644629631,0.7952038203935445,0.7848638483486788,0.8233366588664293,0.6603664527421031,0.7240557558210592,0.8674150429005288,0.8239526942720999,0.7746580257712112,0.926855326861996,0.8096002218008661,0.857815843129559,0.8516264031355347,0.87790811712671,0.8640142686537085,0.8297431968959246,0.8690950201975647,0.9016276027280196,0.876341519501662,0.8672502102780252,0.917850361260036,0.7957091680366976,0.8562184724894936,0.7426374038956343,0.864166134918693,0.8493295324884825,0.8165751498666078,0.830957021941954,0.7774975919817854,0.802975598128919,0.8857849684037139,0.8409392685639904,0.8295669686031363,0.9010488905262213,0.7817301653901053,0.8598297689036526,0.820709741941631,0.8291793347935508,0.8242149186415089,0.8483978644483273,0.871399812423558,0.8475966584407342,0.7531596268614369,0.9437086665901303,0.8149853578296141,0.8497466911798769,0.8979438540609002,0.7935523108265373,0.8692845369579081,0.8044722840948041,0.8763416973052255,0.8447130660509691,0.821707311790989,0.8674992190726667,0.8383537737447115,0.7672836290568175,0.8373333091152538,0.8225721453853343,0.8899243941178309,0.8531972712483058,0.7840155239775713,0.911551174180951,0.8151823189349962,0.8464317817457518,0.858267189068005,0.9326114136803945
0.7927694094304585,0.9344007763318312,0.9031318905961415,0.8560528027413704,0.8057598489766525,0.9285921860668924,0.9168568480512906,0.9170991911472427,0.7314882723118351,0.8685772177626218,0.8542681474141044,0.0,0.8022379608738227,0.6809681661379512,0.9339282646249105,0.8212074462306413,0.8323382778748731,0.7452550595228851,0.9282682583107995,0.7541953624346653,0.9129517326800088,0.8794183659000021,0.8382702169920389,0.8827356499651261,0.9005707327992583,0.7772468714550295,0.667985854823004,0.7811523699503333,0.850495202764293,0.7518463961799907,0.9193415703212827,0.8876555164774301,0.8909314904122112,0.8972755397141566,0.8063840081200562,0.9190296724323235,0.7955206565219166,0.7639059170722351,0.9115748728955696,0.85097870849894,0.9224119059910494,0.8390554713645263,0.8791610117059296,0.8896432962463964,0.8932180913441269,0.8361099375158163,0.8222943638043855,0.8369623013970091,0.8876733085502526,0.806488093729342,0.902639018336225,0.8751347919883061,0.7606751099258232,0.9254941240422092,0.9214693584629887,0.8260969846482008,0.807859166615583,0.9127088644014981,0.80013256581321,0.8091810249307309,0.8221624918124933,0.7475436923393677,0.8636707770758623,0.6997210655600047,0.7489629752002329,0.7227642970378226,0.7380956920042884,0.7663304932438645,0.6710122815024493,0.8203596986087561,0.825348228504863,0.6743200894704956,0.7075836246461661,0.8853887383575402,0.8032022617975041,0.7054432190584764,0.832041307013801,0.8230369990575922,0.8416655561134908,0.6705757095736339,0.8563164880552149,0.8375127444479068,0.8609272311356077,0.7718997306014277,0.807803274019289,0.8796542434485707,0.7797567903085775,0.7609772997828816,0.8375171124366515,0.7721233800528341,0.8012190118389756,0.8753325782111023,0.8840250544403235,0.7511413558974483,0.7706065689469006,0.8732437607785616,0.7298829577510412,0.9037733269297482,0.6993109391870425,0.843394379432478,0.7033266374308825,0.8787860384731757,0.7591803780704133,0.8542821665018351,0.7943753756969602,0.8211429954551748,0.8255064060009073,0.8556801699652259,0.8777087176601192,0.868581424328771,0.9362109280305685,0.8056646651939708,0.7728827969728598,0.6726999905722437,0.8146902819523615,0.8241725116529117,0.8724829881245615,0.8117814002055312,0.9129411906767755,0.6900705594357043,0.7345396998844885,0.7854793577617432,0.7655911596243201,0.8923014048200678,0.6673100217928875,0.9112546049711789,0.7481011141875138,0.8752837708712967,0.9347595641935955,0.7502694406346684,0.7438191582704125,0.8070307419822097,0.601931633478234,0.795091477847258,0.8139712010502653,0.7330847481259286,0.8048258998418437,0.8461528518180292,0.8122990831307192,0.9473380006266101,0.7752978797063794,0.7854098509320828,0.847347479756678,0.8184076487883789,0.8469898778967825,0.8391393293767033,0.9218969928131575,0.8622662049694633,0.8797277621137096,0.712760175414039,0.8225760377863527,0.860169316805477,0.7704282596134503,0.8327328861557015,0.9672485854902928,0.7925191144237953,0.76160205343383,0.9057881196246612,0.7462453930641139,0.7673817178104395,0.8048468348409799,0.7486502733453964,0.9516081915644584,0.8027333301689623
