0,1,2,3,4,5,6,7,8,9,10,11,12,13,14,15,16,17,18,19,20,21,22,23,24,25,26,27,28,29,30,31,32,33,34,35,36,37,38,39,40,41,42,43,44,45,46,47,48,49,50,51,52,53,54,55,56,57,58,59,60,61,62,63,64,65,66,67,68,69,70,71,72,73,74,75,76,77,78,79,80,81,82,83,84,85,86,87,88,89,90,91,92,93,94,95,96,97,98,99,100,101,102,103,104,105,106,107,108,109,110,111,112,113,114,115,116,117,118,119,120,121,122,123,124,125,126,127,128,129,130,131,132,133,134,135,136,137,138,139,140,141,142,143,144,145,146,147,148,149,150,151,152,153,154,155,156,157,158,159,160,161,162,163
0.0,0.5678364830113093,0.45666802418914937,0.5716587606610684,0.40913275673531896,0.5227240415118665,0.5480482384629066,0.5637540272360732,0.5986573671156354,0.49085195285135014,0.5606987530590263,0.49744537151871077,0.6307944664398122,0.5905682479620772,0.5608286539181982,0.5199041535081151,0.5948733678783655,0.7528784459662828,0.5315177234073816,0.6634016724780635,0.566603831183503,0.5604742669832325,0.6472572367299311,0.49261111961762355,0.6083639683544676,0.5026027455032703,0.5209488928103849,0.5663617718094315,0.45061534558231653,0.4872575865488394,0.556070044743096,0.5914621000452402,0.5319359989970099,0.5660594878216448,0.661781937837923,0.608277871314264,0.6326577604214934,0.6297325154183584,0.4797395656394263,0.5843036064490079,0.5266287371600863,0.652752039460717,0.6015200527481486,0.5367351402515292,0.5910705014830153,0.6050906877979689,0.48021195533710564,0.48551420419929114,0.6677255862889266,0.6889697109040723,0.620428682695979,0.558437549611263,0.6543195668655946,0.546936181629022,0.5536074486502142,0.6254341338135434,0.6959884688995731,0.5309010919831832,0.5326861222187971,0.6727231873552064,0.5585991425091299,0.59650082145312,0.6144445999639057,0.5550867451350343,0.6320845128365135,0.5958497212377042,0.5603943107234781,0.5331205512550726,0.539357818280185,0.6240566146028866,0.6325231637047832,0.6164224794894149,0.5674271693597186,0.6159232319769542,0.5685112849515646,0.5826438207500795,0.5378733109148507,0.46667305382753516,0.5398190094427228,0.43037204836374976,0.5233392335056029,0.6655613128002039,0.5109987214010905,0.5542608332662327,0.6695137487779175,0.6020998937430627,0.6315599142275823,0.5594252065759648,0.584633539915657,0.5431176143147219,0.6381733152843683,0.5733676628798918,0.6100008390833427,0.6251203512952536,0.7007827149423466,0.5165294098355127,0.5072776441768179,0.5575212841438869,0.6256951869906419,0.5520006659253452,0.5560660227754302,0.5613827473715014,0.5237459485235104,0.47179882981981014,0.6778228893573119,0.5622265001658826,0.55546772587973,0.5967822306485278,0.5742839227433378,0.5271823070747716,0.5624487910631607,0.7147365466833006,0.6129446401042125,0.5385321121443424,0.6621099435022963,0.5772174436772123,0.6118708439755767,0.5330278207883435,0.5151519040151477,0.5841059712728528,0.5668180199220361,0.5618622374552016,0.7034212389013085,0.5423458170213836,0.5994750063950173,0.4710661266855213,0.5478086383578226,0.5188002129533285,0.5395207661495051,0.6015989753383464,0.5462764479599448,0.5303438202167845,0.5466632098013297,0.5898413433257775,0.5410417774712761,0.5724033137922239,0.5059859846578828,0.6009466680355484,0.5579183976108774,0.5611676002436944,0.5079003209060775,0.6380355953316997,0.6698021358795241,0.6162372894238662,0.5922733042699034,0.5128258260264574,0.5449816386189329,0.4884409689214603,0.5482607941882314,0.4859156756633865,0.6098202620177693,0.5462253104880948,0.5990761110227372,0.4831699816376861,0.5393770824567512,0.6065356072491742,0.5707522979553933,0.4944828331150248,0.5520216190936824,0.6130566434995192,0.5399155536532817,0.6117927403884608,0.5062356750619763,0.6317573966305029
0.5678364830113093,0.0,0.504854409898366,0.6001502430338866,0.38176180870876997,0.5842263163834318,0.49765401903614503,0.7030275544128507,0.5281914441639233,0.6041274913546727,0.5828719734317734,0.6229937284805296,0.584527865642296,0.5070496334993504,0.5989553359893953,0.5255144954543779,0.5615641291791665,0.5655548982947576,0.6300768680023991,0.6188752668286921,0.5822594435323916,0.6077597432677981,0.571814378942327,0.530859436825551,0.6771175046926471,0.45650208560130967,0.5045028130578378,0.5497477694593894,0.5810505023335748,0.4586334862325434,0.6074624438269054,0.5446146564149741,0.6303716318813223,0.5463870658285761,0.560542139752377,0.635796365449255,0.5783123960626307,0.6174024630468125,0.5831326842155179,0.5533096475113676,0.6417421092702451,0.5469483375485771,0.5387518085234682,0.5363555385929178,0.6147191506205418,0.5751804653412362,0.4335598733080291,0.5027119648471459,0.5693002459120011,0.5591294668902415,0.5373168026990842,0.5161481209297553,0.618879691811838,0.6609436777890338,0.6313645796215709,0.582156321802705,0.6010552239128796,0.5526479968160364,0.47959089664422233,0.6148584238548019,0.6948205980722697,0.49859185851770677,0.5533788367018926,0.5026755353137538,0.5234748872359811,0.5362459613081098,0.5183929439926824,0.47084752916675604,0.46697536156477526,0.6384438117521647,0.5354823671079622,0.536497346008815,0.45629162738964496,0.56206662299308,0.6115089824992822,0.5285893063117365,0.4995570742566947,0.4624851481039083,0.5643886653124535,0.42334233296906876,0.5619488316778567,0.5594652724258796,0.5394784613049346,0.6242605409165913,0.5510455762755184,0.6681866336902809,0.5956042501975787,0.45664909923123037,0.5682761221906824,0.5834905148395717,0.4972724148462043,0.5308386370991824,0.6094018340115784,0.5723915227841867,0.555163999133362,0.6257945396005664,0.5627214184770379,0.5766880762295923,0.4895284970092186,0.5065900218335849,0.5807261164461397,0.5745352825409152,0.45908249426289016,0.5837152900119856,0.5562233131301797,0.5271092719251084,0.5772398501121888,0.6484151606786293,0.5672935194573437,0.5871073309082067,0.5520138138517772,0.5449690143646788,0.51754866480629,0.5350396681487839,0.5954755062924848,0.5420684787650311,0.6014425114913132,0.5408801526296069,0.5250313509779783,0.5090443352230732,0.495662824752705,0.5566725240371864,0.5712988894640969,0.5475546117205741,0.5214869159526292,0.6063178346222999,0.4573339663599158,0.5546557913307092,0.6962086095032533,0.5726973513875184,0.5457088363299973,0.5303458172340962,0.5309080931269576,0.5614343875733343,0.6608302462046606,0.5402250165869472,0.5468348859738997,0.5557354591972994,0.6320705573105855,0.6116710400884602,0.581575523025125,0.5813974526093519,0.5798371701298025,0.5844402745517293,0.6280254397325535,0.42215945645290937,0.5610217332265546,0.5682914953781318,0.6717901563919553,0.530397486809947,0.5684427149230461,0.6262013793456438,0.5882018501033102,0.49054537522149194,0.6555851979498452,0.6276508919555288,0.5962570278335678,0.5239109846750295,0.5403934630200278,0.4883269941789368,0.5853255531909387,0.5563131917496927,0.5180979853249493,0.5418293820337716
0.45666802418914937,0.504854409898366,0.0,0.4404682331081529,0.480324001700002,0.571827523601527,0.4707985862408689,0.4475810074553291,0.38928868338735395,0.5001786082273602,0.5962812798913268,0.5254488621024378,0.5455980552081507,0.41220629252314983,0.46048285779366377,0.6462621101786222,0.5893708103588129,0.4488142771337165,0.44278573644955166,0.43494209316272553,0.5775929068488498,0.6247897686123283,0.4491070263481376,0.5053054623690849,0.47791829756029797,0.4793750733266323,0.4005319957090978,0.42303409390696073,0.5403770441897194,0.47149313241061097,0.4073426149178901,0.5233022939610957,0.45672055861015975,0.4219382910281583,0.40744935030375695,0.4807219604148797,0.509716386075653,0.4515337564017375,0.45497092012208024,0.4955918839258175,0.47396784148284654,0.5251749493482133,0.5114660250331113,0.5017202921950452,0.4493639778715256,0.45936970658089155,0.512052279785643,0.5683710668982959,0.47337331142209443,0.4898660236824916,0.5049618138991308,0.5121441791769032,0.4379820560385848,0.5338254749992176,0.5254318147835007,0.46038689033528135,0.46847358509440307,0.5694802380092975,0.405671388831017,0.4615655196607855,0.4593233355280093,0.45210356873287,0.5453752699757339,0.41594988490452134,0.41394002161708005,0.4259307326723684,0.40887271557528265,0.5073222232086367,0.44349560695178236,0.45110821764735726,0.48245206861831685,0.3969013409442875,0.3941079633670476,0.5363794620165273,0.47360898283837627,0.3921230394479807,0.527248941509808,0.5486473227680546,0.4087870842024331,0.4201259788285213,0.4963410684604544,0.42139054228321887,0.5218330385894647,0.44337525551419,0.4333692934199231,0.4529509828379692,0.43127923950975783,0.38854398330536694,0.4105568110936508,0.4117743993866009,0.5113172620254892,0.3972755718709718,0.5608675472628926,0.4217251299574399,0.43212202422001567,0.4900850799157528,0.39976919467978916,0.42601662843548366,0.39414962663362063,0.4079190672866881,0.3997216922621636,0.480696133534005,0.37950197126126745,0.42107280590989693,0.4172040034466234,0.5235550859878376,0.49657181103796993,0.48151685235354924,0.4969078266679754,0.564991113344161,0.5059598152658952,0.43375276113181244,0.4382527460066493,0.3993399113558638,0.4437449529538218,0.499077042156202,0.422374565750045,0.5095460375907418,0.5831316835310784,0.3958576615330567,0.4874802498320698,0.4089419550928998,0.45408410128349935,0.49310236447930833,0.37917585832823697,0.5037884473911787,0.4189129254867323,0.5493774590561609,0.5237947845270275,0.4508178707266608,0.4271355712020516,0.5679447446626024,0.38408905794112363,0.39902991689245326,0.4527965845850946,0.4468719260591536,0.4707935327169729,0.44698412228337603,0.44982892958586607,0.43111931142973925,0.3953184897063398,0.5323360768581383,0.4318400598506638,0.4427640208225471,0.4965562071563681,0.3948502258767542,0.5045296816679391,0.48832668477547503,0.4951134165033096,0.4553519610246218,0.39186554741589197,0.41830877738701777,0.47974364597054914,0.556410748452259,0.47910413502217347,0.4328186563396579,0.47479882169916326,0.5289709661214451,0.38408727210189025,0.45718503863458904,0.45291725622481843,0.3944642825407085,0.3822635481195817,0.46824967684853713
0.5716587606610684,0.6001502430338866,0.4404682331081529,0.0,0.36455537619338346,0.5181090151956804,0.5415574901916548,0.5939597125019369,0.49318632127162115,0.5164200571182529,0.5046758225921344,0.5049235450261084,0.5649561075243514,0.5333961268924734,0.5539765790751996,0.46129126502068135,0.5249041384876751,0.572152372573954,0.5354801578250674,0.5353783043465372,0.5267199937266863,0.5042346073973006,0.6127126603143396,0.48643730534921775,0.5913413338294211,0.4811056384683088,0.5093638041110086,0.5582295458032286,0.4636475094349419,0.4127256028824932,0.5350287040800099,0.5161442992586892,0.6801833689803459,0.592746332682665,0.5651209646721708,0.5957646109225583,0.5491512034054953,0.537580414646864,0.46895210806606535,0.5917970479717592,0.5710658266950949,0.5271189626911161,0.5030570265802773,0.5094503769955852,0.6058343828647195,0.5769582115742236,0.4274622307949554,0.44797771311596934,0.5734971418437046,0.535911723178104,0.560029003811358,0.537758057443964,0.591839774326152,0.6057255759166558,0.5548550900504055,0.5692580791203273,0.563570387744456,0.4893531891144593,0.5064446466674679,0.6063544044643786,0.6161459239767785,0.5097150461670263,0.5403669980833697,0.4832112697660008,0.5252786402022652,0.5492009195475355,0.570309022369639,0.4665339071459897,0.46453621782585097,0.5764169581700487,0.5270115179420859,0.5336128137904049,0.5051395174968355,0.5795551464431987,0.5312897745663457,0.53667781553818,0.4994135836123579,0.4397887335722201,0.5420643025771038,0.40403096316267584,0.5071998819998068,0.5891104400255777,0.47003760613993784,0.5525115390214433,0.5802386363230704,0.5750877928874581,0.5688850493260039,0.4907556990066001,0.5836136856163181,0.5371842063680555,0.5161947541716937,0.577765527915129,0.5285617074190917,0.5621232480537927,0.6031958016970522,0.5313967998516209,0.5046709178673655,0.6028290889299375,0.5068260414406224,0.5963217342173637,0.5310528682619462,0.530717685150873,0.5343518132865649,0.5255787373881838,0.5769185907122097,0.5100455214604623,0.5483273136413146,0.5821410182561403,0.5678508588392622,0.5099602927935355,0.5620663569321115,0.5641423901127322,0.5835058600413012,0.500255306690321,0.6301111377678021,0.5400886757427286,0.5964134647566866,0.4588617115440704,0.5381409255230815,0.5499373609373015,0.4595330835235762,0.5847275006049549,0.5766338795986702,0.518459737604567,0.49953220550588434,0.4989616187580792,0.5039884617613635,0.49121077337147184,0.5924262193780502,0.5452620625983714,0.4879615954155689,0.46943759419184644,0.5075380901623915,0.5421552687708042,0.5188808646901626,0.47709564002680327,0.4549156365315937,0.5663831029751534,0.5670907162067333,0.5192663248981798,0.6004636978178894,0.514301899825293,0.6313696330619314,0.5556773833129753,0.539876541295141,0.4660490012853339,0.48404017416749745,0.49688860136573315,0.5242069828413433,0.44541343544841755,0.5705519691804257,0.5487365001258508,0.5139731899988766,0.46570775060455916,0.5772775129737449,0.5673820700463246,0.5339265500902721,0.49741265896558945,0.6291334225981476,0.5294737778101706,0.5824093030833029,0.545318147591621,0.4960339706102191,0.515454606398003
0.40913275673531896,0.38176180870876997,0.480324001700002,0.36455537619338346,0.0,0.43429996505931395,0.4291115347040566,0.3497906375303854,0.34601688941715714,0.35423085208237814,0.47935770650469944,0.4221979560475059,0.4218434660681753,0.3440287766919386,0.41868734178000183,0.5035551306945951,0.45648979521464755,0.3871301792387956,0.36739044741799015,0.3632577027600698,0.47131959644082305,0.4696412116125439,0.3813163768232753,0.4710434261109656,0.37437253746228544,0.46876619340786224,0.3337492272679639,0.3435676247267212,0.39568514296995677,0.47533742733516576,0.3533654427145443,0.40730993528933834,0.3873683521279753,0.3529681290088128,0.3561769670993767,0.38141924805975147,0.44044885655521954,0.3828086068534895,0.40119350186084124,0.42147387792449004,0.4080103587958778,0.42941829738272874,0.4627773019289763,0.4772407809873074,0.35953618842964596,0.394380593539679,0.5181766176775509,0.5177281716083609,0.4043458274885458,0.4223295724416277,0.44926802858999787,0.47476429970064876,0.3705178302255013,0.41266322543742134,0.40806376124966115,0.38445731160611735,0.41324787379866107,0.4770651080406329,0.33484714305597596,0.38399368666739736,0.3506907537916851,0.39420559399128574,0.4776761127005203,0.34190559322759523,0.37256164275566306,0.36330512548771854,0.3423396624321103,0.48247527495352904,0.3621945058625078,0.3685594343390322,0.4476829438033059,0.3474082162646391,0.33505920573726394,0.42617541042520996,0.36980522258472986,0.34510248688125367,0.4415314101469932,0.5582910150374413,0.3611993872799803,0.4315093248655565,0.4154936264059573,0.37300620291219294,0.4862405432906421,0.35865531315537597,0.37285248222576806,0.37847765397529015,0.357552677812926,0.3411418713695708,0.3402872533264363,0.3573648875041906,0.4948545778091164,0.34264981238907405,0.47257940165374684,0.3726852482625551,0.3699153387020089,0.4003014614755388,0.32962396548751255,0.3451243303359848,0.3529929577012337,0.3395998142793175,0.34611296230383126,0.37958054791928814,0.33399080549958265,0.33877453352949843,0.35564407975691886,0.45453587535191836,0.38660692533241114,0.37292887124078244,0.42177935796048366,0.44597891793884215,0.43028099009466253,0.38658953253056416,0.3630216308273743,0.33213577136788125,0.39103151242605266,0.44277897982329956,0.35206603771796807,0.41256926054487475,0.42244686729194697,0.3387235319083073,0.5238627957127023,0.351966356493412,0.38728632485825437,0.4603239229280791,0.3427450205684885,0.40353296302759695,0.3552943953084697,0.46889772535415014,0.3773557821467522,0.38854601480928264,0.3496594126183905,0.46055203787443355,0.3349205465816811,0.35859413216835073,0.3673217007665551,0.4233146122845041,0.43684284862709954,0.4111806466055682,0.3554053695351568,0.3787373998954712,0.33190778478855204,0.4181524642851641,0.36340255827097195,0.35684246901764516,0.41910153851578263,0.3572864123276556,0.4776733082670401,0.40473200407004967,0.3691087296296142,0.3585967578799106,0.3494601785743812,0.3528125798008086,0.39671106951655294,0.4330276700760019,0.39015038788532275,0.36780814595033673,0.40705569023938987,0.46371663885685604,0.3394165804273875,0.41319651774128807,0.36093440485541184,0.3498373453062615,0.3292021815741803,0.46209309535953913
0.5227240415118665,0.5842263163834318,0.571827523601527,0.5181090151956804,0.43429996505931395,0.0,0.48446020317125,0.5434963418344564,0.4557814830739038,0.5183491786452747,0.5989912996104179,0.6532435006639707,0.5667633191803729,0.42892360875963564,0.5013607673827815,0.621410494140221,0.6176075896307034,0.4859476480678289,0.5679470394331909,0.49456146121575717,0.6801717753200167,0.5691769811447148,0.49246619615809284,0.5279080959214927,0.5744621964432844,0.4918690761094148,0.4173767986784205,0.478828869885165,0.5231285166798718,0.5182070731217673,0.487359218159935,0.5584140911232954,0.529873308075232,0.49751692613863674,0.4548201792866302,0.5196022441122593,0.5726803135477039,0.5239746960055596,0.5224873574128788,0.5039424411279061,0.5595464032478261,0.5969204210339975,0.548643871977438,0.5736701074412545,0.4926594160497978,0.5272423142764071,0.49131513205255695,0.5576439582698983,0.5057872100267143,0.5124005017260939,0.5567357899839441,0.6117631696229554,0.5145753572242151,0.5964816153149781,0.5513801543100176,0.579993557729105,0.562370387123605,0.6955463695048983,0.41419186256049834,0.5132995393090467,0.5473509681920461,0.5034023536799004,0.6557641108506651,0.42425943466393057,0.46679050631999197,0.4967840400306888,0.447446592832434,0.5085563662956648,0.42632382915124456,0.5413197381683224,0.5404258820252787,0.438843708275355,0.42660966045386994,0.5574162116141422,0.5567192647542967,0.4681894595434489,0.5255019794647782,0.5342751636797765,0.5020465731718604,0.5047794146390611,0.6680452730708297,0.4975065140067637,0.6058781856923087,0.5361431487498428,0.5248292972044049,0.549249452062035,0.53736822905416,0.4117009721647274,0.4889860750678345,0.5030146323405628,0.5344539001218536,0.46495157773491047,0.5827733546288103,0.514615776995658,0.4908005820603594,0.5768936650718578,0.47265017703941503,0.5198586277910078,0.4405896002108343,0.4527439982261834,0.4584016020997023,0.539199254496144,0.4278947937913507,0.49296914590010743,0.4814292346397817,0.5742417124784099,0.5698081011442111,0.5779865569288024,0.5261068651699091,0.6281717513588854,0.5848105378699281,0.4973517554392348,0.5013459307824318,0.4675556106243507,0.5296105167953267,0.5712851221154593,0.5367634820526923,0.49384828898678157,0.5915443997001949,0.4585861346148804,0.5056927905937006,0.5066700094242715,0.5525944322688633,0.5980593736167205,0.44640773434409653,0.5727232797505122,0.4485612283359196,0.5652434771758686,0.5934813096178544,0.47470913290572897,0.5025687877253073,0.6593000774344956,0.4566822711770118,0.4915618972851836,0.5104640333979721,0.49296796988554376,0.5488730630168915,0.47265894666932756,0.46225498621460454,0.5265166341099919,0.46178579921496793,0.5738771352960826,0.49853900968710363,0.4950809301668099,0.5833926908162047,0.4094747841040751,0.5872814880284937,0.5823991491888129,0.5528388469794929,0.516519755080583,0.4782346285374713,0.521323981629759,0.5058511971197996,0.480811308042174,0.6361718122987229,0.5144307883892612,0.5317011607016349,0.6434631779765484,0.4336242825782324,0.514575495224842,0.5166233708547275,0.49004090747290396,0.46589067284869007,0.5488282672300824
0.5480482384629066,0.49765401903614503,0.4707985862408689,0.5415574901916548,0.4291115347040566,0.48446020317125,0.0,0.45817387048744207,0.4149890978305824,0.484208165456726,0.5016948341386284,0.4851731026493447,0.5845362072791493,0.48856693785484023,0.5769222198196274,0.49094504439966646,0.5119945059814685,0.5203534296609539,0.44656254179204935,0.4710286076088279,0.5410677389878519,0.5077769409468629,0.5832936154059505,0.5336057338374495,0.5276102685445331,0.5935438383835322,0.43413466638177955,0.44172907559503716,0.45028894617739446,0.4148910456766465,0.47974713443317174,0.5794651069702715,0.5394614980080459,0.5638859142691603,0.4986207647296713,0.5602399065395798,0.632493359285141,0.4567241141023208,0.4553403516159578,0.6376032522952823,0.489736072117255,0.5023935511560499,0.6119792812941217,0.5803116853342799,0.5650494929843614,0.5738512216964795,0.5575950472887886,0.5373743439432123,0.6623807354075718,0.5693898171047559,0.678001720936777,0.5424974736011012,0.48160867735335305,0.5717395596639778,0.600957218627466,0.5142876533241378,0.5189304183095739,0.46733489630730307,0.519787999500487,0.556242346577324,0.4820575069892321,0.5415663048599215,0.5342997912166448,0.4690587412549726,0.518820926518624,0.5206174941544082,0.5415331208231227,0.6127742771649218,0.4634633810826559,0.46387467505983154,0.586212504677131,0.4933923213342682,0.465609572463708,0.6339589193059246,0.4291168267283729,0.5040836863743022,0.6274727458967395,0.5300899088313096,0.4598487359415896,0.4156572042176017,0.4696222275553783,0.517790952761136,0.4812522324865998,0.43861472423740744,0.5079428627165677,0.46265846189702214,0.484261604553361,0.5238092727990086,0.48943766102234615,0.4601073764810376,0.5644280862300162,0.5241497471304043,0.5761544955240494,0.5024484356641985,0.5217823867421705,0.5151164237400742,0.4257414199763562,0.4988558993222267,0.48207386804423075,0.5474273926758679,0.48096283521149297,0.5557008336919161,0.5236167358046605,0.44790377643114554,0.492334394076762,0.5569232560831372,0.5349159791425673,0.4697118124644181,0.6439374867757062,0.5604747726729099,0.6518253304425887,0.5330731108171091,0.5485323339237955,0.40650947870550935,0.5330024712979066,0.48439100586940254,0.4784987976499896,0.5273240202207646,0.563213811622166,0.44195873370943833,0.5059427682479449,0.46398949900044995,0.5237875378322701,0.5504262704093281,0.43421121392233875,0.48965070557941226,0.5036793832753256,0.5738755950153202,0.520505203100976,0.5556025924035702,0.4070275811317901,0.4563705942042232,0.4215502410812259,0.42987284619897004,0.4760788588530928,0.502047959146832,0.4599939927859124,0.6112135942395042,0.4996444209519445,0.4674620042647263,0.46387923421110305,0.5309167375344347,0.5401257485081172,0.4825204924402892,0.5436098120408581,0.5572510855742406,0.480566034970416,0.4744909323652089,0.48066234274651265,0.384623707103802,0.47830581818657164,0.4432125906665144,0.45912607660956417,0.5903393013460173,0.4954964786462004,0.5085080137685553,0.49572439341817487,0.512243271497075,0.49629110011635696,0.5963474431085753,0.5144946884033869,0.4505862073980845,0.41879220984029514,0.48614247583636927
0.5637540272360732,0.7030275544128507,0.4475810074553291,0.5939597125019369,0.3497906375303854,0.5434963418344564,0.45817387048744207,0.0,0.5828794437359266,0.5805644094919716,0.5094742527828069,0.540973018047165,0.5564836897480866,0.5254172058647468,0.5228152100156647,0.48406471377703314,0.5306927512678096,0.5778327874088189,0.6100381226464273,0.63931930828877,0.5277258466431898,0.5133704962789876,0.574488230664926,0.4621577420189931,0.6827321992700185,0.43411221727915067,0.5321002974643636,0.5915019279658704,0.5000865811150713,0.44425709969827837,0.6115757371497649,0.5262885911033709,0.5675002619466771,0.5632980204448929,0.5640846422157654,0.5974302069498795,0.542452059977015,0.6598510893260192,0.5149536089576892,0.5130803684659699,0.5751383406246959,0.5430163701071208,0.5028671187936387,0.47883466519509266,0.6121709872973654,0.5765014549108065,0.40790284004985317,0.441470495022338,0.5408664972299186,0.530401229475428,0.5036951336135396,0.48742952275496276,0.6473209395691583,0.5552636875504028,0.5464993778867281,0.6285599225108702,0.5941423096284997,0.5158899616088576,0.48166082626074264,0.6136443337773272,0.7294751043322967,0.5138512624632449,0.5239141766331669,0.5118197077237171,0.5253970177590735,0.5626291342483617,0.5366379717664188,0.44364849265084544,0.4697969267612687,0.7230262878342123,0.5108425526250435,0.5669736486743766,0.4821131076860817,0.5295294165100419,0.6534405378937654,0.5742777681354687,0.46952621366877273,0.42390622725752325,0.611630630533241,0.4165974071389496,0.5600173918325616,0.5739430705852278,0.4976838115675681,0.7187791222016812,0.6047577705811704,0.7149204756336998,0.6835843267198425,0.47120439176039314,0.6665153469300354,0.6253384767933624,0.47537350016572655,0.5560937603967238,0.5329724912997305,0.587378890653243,0.5886456102912282,0.5634653428667556,0.5987147694341639,0.6319137012649095,0.519450168342445,0.5304938160436182,0.5975561881704031,0.5728838614815703,0.4816395351637912,0.5817846442973376,0.6077049577765445,0.5103815671683106,0.5766469606547366,0.7201498177191934,0.5312856945859633,0.5149905776968954,0.5023162025836311,0.5678753203268107,0.5387158833073508,0.6430816885655993,0.6158420017644235,0.5272134466942641,0.7073756632600569,0.4889697450893715,0.48465402292996607,0.5832869830227548,0.459272646501941,0.6492584320455419,0.5945213315934064,0.5094792530584972,0.5612810769605452,0.5303602102030172,0.4756484471075377,0.49572784226949856,0.6388381529223042,0.5558869656695701,0.6254956935215792,0.5118466441622869,0.6103024302813937,0.6002917462273641,0.5936185729081782,0.5030533635736791,0.509295938614958,0.5136916050463892,0.6062712953737579,0.6284891083119221,0.5976971090582732,0.5656805817559644,0.6066260054080606,0.6157971796233525,0.5898099451113841,0.4223613694581843,0.5084495635315146,0.552546622636574,0.653839986827483,0.5657220532742249,0.6051968277636803,0.6871005312670823,0.5501180462502194,0.4490599296168157,0.6442425506954091,0.6521738952813574,0.5500552875585708,0.4919496341435886,0.5409480715134066,0.49049141582957817,0.6211780090631771,0.6275479078552938,0.6133449679053223,0.5143512591126109
0.5986573671156354,0.5281914441639233,0.38928868338735395,0.49318632127162115,0.34601688941715714,0.4557814830739038,0.4149890978305824,0.5828794437359266,0.0,0.4478610412248375,0.46809294025499537,0.4480905084844652,0.4808687170327526,0.5214555683619689,0.47241516428744246,0.43356261331544316,0.4787050780279474,0.6009944492771874,0.5236689538910155,0.6433900308685523,0.4594822653528008,0.471947425374536,0.5156449004329527,0.4085431475126454,0.5379486207212117,0.39487623400372396,0.5158795981254214,0.5471927594360205,0.4144013130316723,0.45330321355898273,0.5524799558560514,0.46188244050613325,0.4685268057915309,0.469542774913414,0.6057497900921592,0.5125596936187038,0.4808145332260556,0.6589775350666504,0.4499662467848753,0.4492522690914971,0.48368297324913123,0.5324929092212103,0.463381498916919,0.43459550092485894,0.4979791977463797,0.4900458018054368,0.3817513348907787,0.39669985237543676,0.49263404550141565,0.5176017915586697,0.4571312894596475,0.44513217767459407,0.619629380877193,0.45317860730205056,0.4532727064003262,0.5490949233819269,0.56628017383685,0.4710306724893475,0.44958938441452134,0.5411523553060774,0.5195214615109114,0.48192813736365864,0.48523673345225415,0.5078636400577642,0.5311658099636734,0.5000928857688335,0.4721030712714811,0.41289453461442305,0.4713349694572753,0.6460721781042266,0.485277734955734,0.572001805318169,0.49265765306837656,0.4604642772192231,0.58757043554853,0.5255624703696342,0.4128168552366955,0.38268071047164465,0.5264645420654526,0.38593296578577335,0.4725617797780717,0.5768117673319317,0.45050951347062285,0.5755117349930531,0.5705119231307819,0.61447374897753,0.6010656671640938,0.4683660807852814,0.5495689066375522,0.540877903610848,0.4778439844924501,0.5153444489030585,0.4842458237486789,0.5419417409889414,0.5811497802485632,0.46577509145241613,0.522497315152862,0.5141847719870972,0.5706801967323625,0.4608034216013634,0.5379825692379385,0.46814354547928944,0.4515325744262046,0.46827308608566603,0.6209072984900361,0.4482576005771158,0.4635171029631195,0.5717814078507586,0.45173301561458096,0.43040954592054537,0.4354517395953224,0.5761834149347965,0.4886383215524201,0.6362008529436706,0.5544074910163167,0.49203940955273234,0.590904712520913,0.44713676689584697,0.4124418462785932,0.6102785005765053,0.46350306247324075,0.5671368484366535,0.5578448521335959,0.4478517386258158,0.6829936998347101,0.4240670586322977,0.45340804751917513,0.4251663751918485,0.47374786687310133,0.5052913147847308,0.6402249249754274,0.46578228431055474,0.5943893403648536,0.6808794359685377,0.506489865163854,0.4966687917779259,0.46317587144584543,0.4802093112282071,0.508618687796404,0.5585876449765376,0.5033717989160365,0.517372880777295,0.5592402215479034,0.58300475529103,0.502428671041959,0.41165941064373057,0.48665485295680233,0.4440283998887458,0.5160149928395292,0.5255307445181683,0.5977046239952372,0.5872165581046117,0.5504670419580587,0.39027154244257345,0.49727684435150893,0.5566586935226107,0.4894341999382778,0.41894707015273874,0.511538544792191,0.45906177812390014,0.48198388224107563,0.6680980094319146,0.5488828149029544,0.537509539938864
0.49085195285135014,0.6041274913546727,0.5001786082273602,0.5164200571182529,0.35423085208237814,0.5183491786452747,0.484208165456726,0.5805644094919716,0.4478610412248375,0.0,0.5087813614940165,0.5214181029015197,0.5634073861817844,0.50512650508629,0.481966194286765,0.4956128789703886,0.5102864863826184,0.5082592976556347,0.4978104373217434,0.5116136087592145,0.49289265724024767,0.5138924081588099,0.5483877126521634,0.4384074607038111,0.6579441585189362,0.42931689226031633,0.496570549575384,0.5068564013243942,0.5847345804900104,0.41547417969691275,0.5079795977719687,0.5784672345694418,0.5043055116153596,0.523818056258758,0.49463963660335525,0.5857232931100423,0.5356056419717883,0.5122563625526443,0.46038430544889825,0.49674013303398323,0.48260932519996613,0.5036754440232383,0.5007439577515045,0.4668603632314831,0.5780615321737756,0.5015673648634249,0.4251213309925176,0.46686354538401503,0.5510471491070152,0.495756589080353,0.48730607189174935,0.4428941240698597,0.49031096194840385,0.539458264239909,0.6179088446022794,0.5241072330035159,0.48147190494980946,0.48563293282968806,0.5030417538801376,0.5256251999365557,0.579626308741345,0.48155324986604553,0.47615646747110446,0.5145519255518379,0.4531564558382926,0.48020838342997463,0.49747945594561715,0.45646368988597485,0.5042486529188888,0.5551427601994186,0.4642422515347289,0.4931487176433019,0.4537209479571574,0.5284197315147466,0.5210041538145452,0.49353174040692743,0.49024668811196326,0.43782550226858835,0.4641200584781011,0.38165714473875145,0.4872195745385846,0.466300154160291,0.4594928453320835,0.5304328693972177,0.4910562018535048,0.5062105702705332,0.5438757686570259,0.47172432769958333,0.5442270160079438,0.4691219585703172,0.4575317588786446,0.4979359399175527,0.5361338477553935,0.46631334347100417,0.49426049939752037,0.5699354619347091,0.4684552856426143,0.5514208642859505,0.4612250668718907,0.49820395297871123,0.5076701093428949,0.5781941737831342,0.46390464814217713,0.572810625595514,0.5019233836267898,0.4786747895561208,0.5368664853601791,0.5891835169693146,0.5144067899452336,0.5151003088818394,0.5022320298186105,0.48244737739427745,0.5080884599548035,0.4952994605743111,0.49157787228152333,0.4534225420593941,0.5313296411301193,0.5659052691814241,0.5385730708087669,0.48246711047944296,0.42008576635196515,0.49695610431803466,0.4971705331167321,0.4650391433554061,0.4451473906170142,0.544417187670784,0.45457231610312004,0.4954934815200467,0.687147093963978,0.5165246143214249,0.5028842813524949,0.4661455804363385,0.46215863968487914,0.43877299366960376,0.517646116151989,0.4491487972719288,0.45910461284537496,0.47988089424899044,0.5848868119269076,0.49436616764474406,0.5238505264135388,0.573915589353625,0.5083758129526772,0.541588441840916,0.5391114267819651,0.43951461958109345,0.4448411691363559,0.5015503305581461,0.6989197971513906,0.48968020175915383,0.4674481436307852,0.5236824913045383,0.480057219144722,0.5059077587912421,0.5443456165933892,0.5179670846116824,0.48155819353732127,0.4686462483155088,0.47376203337288747,0.47770937128583846,0.5763829051398971,0.4761499464796278,0.46593470406512816,0.4344573778949135
0.5606987530590263,0.5828719734317734,0.5962812798913268,0.5046758225921344,0.47935770650469944,0.5989912996104179,0.5016948341386284,0.5094742527828069,0.46809294025499537,0.5087813614940165,0.0,0.5842821301338043,0.6008260255098707,0.46115655139913975,0.5295031615422137,0.6831277355211858,0.6815511503351325,0.5437646351550139,0.5306942831935495,0.5178181568146086,0.605343223526414,0.7205202887840779,0.5356618078834423,0.5452720246355865,0.5477844237780405,0.4809094837356682,0.4714382597162788,0.5136650100004752,0.5777666729771329,0.5745226054176485,0.4707419948452194,0.5458504557425485,0.5186727548946526,0.46269454793109593,0.48460275921493734,0.5217724053387758,0.5765414880806025,0.5526701426503904,0.5148974761286952,0.5450830409234403,0.5415792004857969,0.5933691536624915,0.5513010447885107,0.548397223116633,0.4862465084150264,0.5039375653265155,0.4758012722474204,0.5686201424076937,0.5493347018746192,0.5444492245117537,0.5442860508336845,0.5442990325076418,0.517362078611393,0.5687066900087173,0.5756778501479496,0.5041496544218819,0.5680271308724917,0.6752125514562112,0.42824929179161547,0.53008787276499,0.5115841025912171,0.4717487548175701,0.608813915151506,0.4481638239197204,0.4612743881681043,0.4609008914835529,0.4386057606861022,0.5022818406422819,0.47672705836416285,0.5511801698152329,0.5235498284393888,0.4571897057295021,0.4273424347358893,0.5633370891416444,0.5658528622109444,0.4480497859135784,0.5305343361539568,0.5414761620971971,0.46562390996006636,0.4516654727421826,0.529219416497279,0.4776055871135743,0.589308352238861,0.517501708715316,0.4900495022899374,0.5368030806253511,0.4958708415226886,0.4205580487892089,0.4654185617156469,0.4639184450131837,0.5895126796807272,0.43540412419187047,0.6926707614721491,0.4957825465297962,0.49200381249257613,0.53475196493116,0.4327723231827259,0.45643983592331144,0.4421667149023797,0.43447231341690906,0.4644456729122277,0.5001259091888964,0.4044025858195386,0.45662607614253653,0.47818212027943047,0.5363574695487348,0.5054979569583837,0.5658415975191432,0.5243032978541735,0.5693902436507695,0.5383569321070115,0.49483860809096597,0.46879610767564656,0.4685732318172628,0.5240452614864343,0.6003188732487938,0.49116013497772026,0.5611346101030423,0.5418612035913506,0.45518406115526233,0.5664362494020756,0.46500500270297235,0.5150158528632942,0.5528314145546631,0.4490771577293428,0.5424760973359994,0.4301873662866451,0.5563153460758002,0.5464369507102105,0.500025992395112,0.49729443679422713,0.5885416093179907,0.45974252902060014,0.4828485251658166,0.5040769753468644,0.5063891297778444,0.5459292655392575,0.5122508048142728,0.5094511220148079,0.5098473808874491,0.45271231068748596,0.5839488669560958,0.4871316608959733,0.48885744627807687,0.5587521704808319,0.406350493642474,0.5703862516161317,0.5208524610840832,0.5377663745129433,0.5096571506940474,0.46518227690583963,0.5017973391068137,0.5964761117697008,0.4931870077689178,0.5347898882382632,0.49467631307070714,0.6046585074572314,0.5480136473488088,0.45614366747695806,0.5124815529118882,0.4789512287644688,0.47385591637302193,0.42382395827309866,0.608079101916982
0.49744537151871077,0.6229937284805296,0.5254488621024378,0.5049235450261084,0.4221979560475059,0.6532435006639707,0.4851731026493447,0.540973018047165,0.4480905084844652,0.5214181029015197,0.5842821301338043,0.0,0.5124313721622586,0.4102256606469217,0.5613420385244596,0.5584155799358606,0.5354247660032728,0.4669517298527252,0.631671002213902,0.4997749805764158,0.6231878120198466,0.5637476942769125,0.4933500249693371,0.5683729755029269,0.5815296046242594,0.45808729333569315,0.4109217885168728,0.4574451263428936,0.5771940634534941,0.4964239150024335,0.5397362746510278,0.5175504666655264,0.5587831181811291,0.4974641741998745,0.4615156373506686,0.527108277046014,0.5541408797682673,0.5137784040269179,0.6454003097592643,0.4883611540917071,0.6096670519419664,0.5077126566344817,0.5492148515736797,0.5990642825929576,0.4974881303912954,0.5171331043960415,0.45605257856683706,0.5746663541283998,0.5092037814442861,0.49747687965309845,0.5273859916547762,0.5345485495554348,0.5028246615037606,0.6244658757885821,0.5986461675579695,0.5199928753534294,0.5473271243667865,0.6206873885875827,0.4057805330050483,0.5061211681044563,0.5343278950197028,0.45873052977156376,0.5608588768484153,0.41773366661053296,0.4637569331063266,0.4739406442038402,0.4326516228315016,0.4719614700889866,0.40147231218453727,0.522347859857732,0.5111184872322432,0.44260761821526695,0.39204105334640166,0.510554088536019,0.5128021943536574,0.4699387926770783,0.49101869695754047,0.5139354050643699,0.5117777226587594,0.4721977891918756,0.584001617417358,0.4853809014646039,0.6011756242819443,0.5115518877557653,0.4854953437476866,0.5435501682193117,0.5103143581938683,0.40079915627661195,0.4763734940457105,0.506656474985664,0.48337172305684123,0.4652891060216347,0.6089702933389733,0.5131054425712726,0.4604201185356862,0.6345750659290319,0.4792628421889236,0.5014744846698067,0.4240467043024533,0.4314600045213224,0.4861375674902022,0.5327017030913822,0.4153251602938195,0.5391515110054687,0.46230591320069475,0.5210745684999776,0.5334992977675836,0.5369230829981503,0.5204987388899813,0.6301869218245039,0.5797102823031349,0.47749454209463266,0.45093139706857177,0.4480426196176322,0.5130334398762197,0.5093743048109101,0.519504926613888,0.5306071201707537,0.5171095030989181,0.4252592164307931,0.49879560766212533,0.48622986566363996,0.5048388896904182,0.5977853362745561,0.44637294042860404,0.6832166892043992,0.40616123223738787,0.5827516518726265,0.5939791578003011,0.4803435656608335,0.4679907886564513,0.5466054206351568,0.44893375053607554,0.48573144416402275,0.5630574950780679,0.515538210163473,0.6033917776389965,0.4912555682423068,0.4812787138493067,0.5751492543557558,0.48304653837494643,0.527720704232576,0.4806245610096133,0.47838417225940993,0.5985741814587734,0.39102501667091905,0.6008698831462814,0.5834584822558276,0.5718378643597934,0.48176894027711964,0.49576962352035275,0.5466089540678525,0.5062853466104571,0.4667388411916834,0.663363876936273,0.526463034456716,0.5372790510268612,0.5871149623879099,0.4457993030551963,0.46774935188978534,0.49457146633306426,0.48478348119952186,0.45795306440421124,0.5284507176387409
