0,1,2,3,4,5,6,7,8,9,10,11,12,13,14,15,16,17,18,19,20,21,22,23,24,25,26,27,28,29,30,31,32,33,34,35,36,37,38,39,40,41,42,43,44,45,46,47,48,49,50,51,52,53,54,55,56,57,58,59,60,61,62,63,64,65,66,67,68,69,70,71,72,73,74,75,76,77,78,79,80,81,82,83,84,85,86,87,88,89,90,91,92,93,94,95,96,97,98,99,100,101,102,103,104,105,106,107,108,109,110,111,112,113,114,115,116,117,118,119,120,121,122,123,124,125,126,127,128,129,130,131,132,133,134,135,136,137,138,139,140,141,142,143,144,145,146,147,148,149,150,151,152,153,154,155,156,157,158,159,160,161,162,163
0.0,0.2852773119086033,0.25242845255589075,0.2777956008631724,0.23460327867428923,0.27032007333827224,0.25617718307156795,0.34574265824848327,0.3108652597150123,0.28260374958989254,0.30857380403549406,0.27886969482522966,0.43627672124209,0.2547155203834484,0.2995234785740841,0.30928011861802324,0.334995504131767,0.4633977183023646,0.2915465289260561,0.3565814465153103,0.31709312257603783,0.24234932446769664,0.2715344585600743,0.2576596130624459,0.3713993028122258,0.25683490506646617,0.24974600504029704,0.29601627655608886,0.2213679269788314,0.2733203732368631,0.3230849412581653,0.36542343547515727,0.26952791898819106,0.24817308828312193,0.4003936491342068,0.2982353132743295,0.35143584462535427,0.37030632497836596,0.23780768464349103,0.3833703801249133,0.30976407870684497,0.3120874291860148,0.33213780055082204,0.335981582461438,0.31779413815229046,0.42224850271119474,0.2795877526759799,0.30398047866940536,0.37716547277111484,0.41478573752387987,0.36417046515542467,0.32497875603316756,0.2564426331686232,0.2534708445770402,0.2904309971779244,0.3303160659861058,0.48098504164095934,0.30757827082728956,0.3264563081848219,0.3630980400832403,0.2832853274174206,0.2610372965253385,0.3683589988712101,0.25471039800719514,0.3151733951993142,0.42329034287294515,0.30550003159532013,0.26636161764013183,0.30354852666484183,0.3421660443431118,0.39442141999182695,0.323596394691648,0.3421478080341243,0.3517947142670117,0.3711224993167255,0.32859650751571695,0.26555301451271834,0.22431634608783066,0.3257015193911969,0.24615010572832902,0.32078513018603716,0.29855845678139453,0.2720824297091005,0.3356906442832193,0.4091773152112509,0.3965201404360675,0.32740757079013444,0.3305010560127567,0.37453812019265387,0.29645987933333423,0.36740748034917986,0.2763931357298176,0.32738614351818085,0.39095831465618835,0.3317236768181108,0.24854994155517104,0.21577348642078736,0.29150669536548635,0.2372316857637967,0.3881926824018329,0.24861411065971625,0.32868672117893044,0.31543876341646476,0.2556481897491382,0.40626395688265515,0.3274866137979345,0.3710558410508277,0.3085146930499511,0.3744125894624393,0.31294276838257457,0.3044299703474832,0.4071142506300654,0.3654907050071238,0.26691068108603355,0.3732037363592968,0.3496523842989159,0.37303262050771097,0.30851573112277086,0.28579583987501694,0.24380911063365715,0.3215541811508445,0.2701515182753491,0.3196223498178316,0.3508282816961621,0.28384244853177737,0.2725765734630552,0.2635188429522973,0.24762820381979717,0.2788724863890113,0.33642905282864116,0.2960606596407273,0.2831253523012933,0.2729413135928246,0.2677116569780797,0.3020995734295178,0.3198127146402854,0.2771792576124432,0.361261986082873,0.25231050326708776,0.3652381011584056,0.24180655367013884,0.27354155824198695,0.31045453173918824,0.25361611093586767,0.32155523455530677,0.2996897644018382,0.27119165308375776,0.25514264846742185,0.31685307733058904,0.21643932198088567,0.4449905268067623,0.28609258469811305,0.3123609637285571,0.2599258714098501,0.35612408235810006,0.35037192796836897,0.2964893635538463,0.31714596999168365,0.2722889637361409,0.3328020612929417,0.2767050896953486,0.359638585655092,0.2466206136089704,0.369235808848143
0.2852773119086033,0.0,0.29883330389051704,0.3440059327994977,0.21831063458739267,0.4107435827991782,0.27359845260958876,0.35233067180506006,0.2767424942602163,0.34511905402924586,0.2971393621410167,0.2873773519406721,0.31228595770085127,0.2991982789852255,0.34565593593678373,0.25563170053650996,0.2843743710273482,0.2616403610059779,0.28178851663279,0.2748706149218908,0.27292055510837393,0.37246650312791735,0.21553273390299235,0.24416967763944303,0.2823170638938649,0.20002571018988516,0.22482620297924763,0.26215627285304444,0.32585327716908186,0.2191303566837359,0.3492884918314928,0.32276210007214007,0.39663519816753434,0.21221721305492847,0.2909970980224709,0.3293104577998913,0.2628579580905612,0.29381749764773163,0.36264754418994594,0.27933400387032536,0.3559329480691127,0.2991097585197805,0.21565167678462435,0.2853552271777169,0.3045404935776834,0.2594123542490918,0.21233957779572582,0.2495077340780583,0.2651313148373034,0.3225163866617562,0.32685941039452326,0.251047478372162,0.31304438178076405,0.4102729479346166,0.3657375466584492,0.3384553512602808,0.29702032603458645,0.2665175844805921,0.31470608086644675,0.3407498355101164,0.4338123394991187,0.2362274237603062,0.255527333285039,0.22355989572450213,0.29474269886289145,0.2720246977433575,0.3151408811712022,0.2381800603777325,0.2365296366237183,0.29509626726360094,0.3138681885389646,0.27279414556558595,0.26348199584727905,0.34186406248029283,0.3861227394307231,0.24263766242318283,0.289225764494764,0.26164271887612983,0.22611275579889975,0.23289934092957953,0.2838521330613096,0.30757566006032633,0.2973729695362783,0.2702679245356525,0.2698092361618968,0.334132146496095,0.26554917322372623,0.26215551665082215,0.25479745021088274,0.33302482150644147,0.24817435938674604,0.29718758941846135,0.35842307916754346,0.30295801865132743,0.3230677510700787,0.32476119724880814,0.2812161118932162,0.24947072189380354,0.22909380614898164,0.3219666219926998,0.2929771757945929,0.27903084294810465,0.2047658711300247,0.23386937625383125,0.28608756194328006,0.23131239007845977,0.29744221345620553,0.2551989651105771,0.28377821482556653,0.30404802339091747,0.27074479033981136,0.2509511424359298,0.3425555415196072,0.26417794954156776,0.26850066915463516,0.3105970843216388,0.2569917802772766,0.23260028318395706,0.2849283642487987,0.24310343980766058,0.2692228889341525,0.27305585897921897,0.2434488010300816,0.32459383142537995,0.2784838789564457,0.3468504863564491,0.310317419630226,0.2863256850155734,0.3077641526217144,0.29439551642887657,0.30580107201378154,0.3084680734108091,0.2622475669230164,0.32914395544134506,0.32212637376478587,0.2880209627228786,0.21745872967093294,0.28287072613474334,0.22794980383500527,0.29236044982337933,0.28087560538164413,0.3107981921611636,0.36927452479211886,0.30732481548429924,0.29220787864988984,0.20635345074391506,0.32669324271854194,0.28473173428447945,0.27237568485957575,0.20912001354667595,0.26822163044371583,0.30823467953115563,0.2746593742535059,0.2854394476837023,0.2729392800190817,0.3231867048911991,0.2940652492369965,0.2837028701513981,0.2841296083889669,0.27692527739545286,0.27864635736485677,0.29518095715891757,0.23693173820435803,0.2741749775522193
0.25242845255589075,0.29883330389051704,0.0,0.25576642177208736,0.26643560501851465,0.2966514014929438,0.24265153572620804,0.2865250707073995,0.21127422581211563,0.30898734812653056,0.3555993203304629,0.3026192882960793,0.2902249158444696,0.20474107902720307,0.2730272817839845,0.31807432125130464,0.307354428712423,0.24925928616427662,0.23762752975165943,0.22018274144685665,0.34327967552981936,0.367505520402907,0.1972497674827271,0.2905415014610815,0.25262579063139295,0.23782126083592348,0.19686004427445059,0.22564469210947496,0.25108399577088997,0.26645680048959774,0.23589056983725393,0.28090423817820576,0.24376635633107943,0.17923502417464698,0.2235347754142655,0.26752603257894986,0.2746584643334015,0.2453439868241977,0.27676404930171133,0.28158575020483967,0.29561176629806285,0.2921315101550719,0.247571290174214,0.31001216058853126,0.24439325116120214,0.24159740316925937,0.24244427014496173,0.3282792371411369,0.2531541275300622,0.28107900738822483,0.3172745680347626,0.27324847364179417,0.19743258392926202,0.30489912662974594,0.29589718227860873,0.22525291362506095,0.2626452639843759,0.3069665805588529,0.26932786968070443,0.25611691196356967,0.25953853394909304,0.1893065569141639,0.2997849677509832,0.19894157703955342,0.2327347365684245,0.24293249380859028,0.22673247824153706,0.262460339963438,0.240327089472125,0.26882075132137534,0.2899450093691977,0.21034552472155676,0.23546895837076967,0.3949279786112657,0.2951581166214367,0.19004513073740567,0.2930889273867006,0.25668463591099194,0.1939741799654693,0.2085259397030509,0.26951590166289235,0.24563915821860963,0.28515384690535783,0.22071200730143395,0.23267567951310972,0.27152345657877397,0.22209127469236017,0.205019533958796,0.20612305966404962,0.2160775097028561,0.28946956826376397,0.19950328449864294,0.29742124600870634,0.22214838232940848,0.24343880618305486,0.24653214726009812,0.19433175070585595,0.2098172486175745,0.1770261912391259,0.24489489898609237,0.19198062942047345,0.2794056965679101,0.1959171727598381,0.2368903523706741,0.23534300631621846,0.2515861722841452,0.27139541622145646,0.2202604136901043,0.2629452371385359,0.3529785529784822,0.28619223120108866,0.22178546708697816,0.24170738548577533,0.20093535207779623,0.21023905393153142,0.2888625701722873,0.1989137972641714,0.28371030764483296,0.30828342046298385,0.18578231906901072,0.29802089432343565,0.20030524888418458,0.20071727630101846,0.29713996880788707,0.18857673151300153,0.3123956543248666,0.21914558359368058,0.2843994301650245,0.2581437070872896,0.24783708143165134,0.23311836295525817,0.3715989100616661,0.18854292154092736,0.20759568907210907,0.2897794089175329,0.2336713501034391,0.20755539164738995,0.23631052861323198,0.2145370276608227,0.25663262584998914,0.20198265750063205,0.23459947815220117,0.23954225589318165,0.2348562748232978,0.2666044285594126,0.18369887108842953,0.31791993400276536,0.24796442590411996,0.2575467046410676,0.184487308910271,0.2272911405980954,0.2009150682724435,0.2589201896536355,0.33232417773387085,0.27098356487888514,0.25503149925557744,0.2995690197859583,0.35282682727778186,0.18975371248691236,0.23259716320349555,0.2442508563702128,0.20640771924449292,0.1971438757656934,0.30557520161824225
0.2777956008631724,0.3440059327994977,0.25576642177208736,0.0,0.2412374840258199,0.26922135286091053,0.3326419098958048,0.3067776157936278,0.2730087070814933,0.2876096255263702,0.29075940695087144,0.26920820118532773,0.2741671956402134,0.26846251565489654,0.352889705821886,0.2203397308269351,0.25878578735624597,0.28258026298711375,0.25780188485390954,0.2469206523864588,0.2834907880989908,0.30503759269549613,0.2588841304867477,0.2591523575095926,0.27188606093271867,0.2216021165236767,0.2661284721498741,0.26032789306744825,0.2361070427882978,0.21624727176132935,0.307690370128252,0.24757855967377743,0.3778530865554388,0.22731065901417552,0.27563377869555233,0.29964882037440443,0.2771083914875436,0.27224350665098446,0.3128979244411416,0.32106002653014326,0.30434693673252183,0.33107549413069226,0.21567165725395787,0.2831804487848995,0.27773446927861895,0.2684003867125644,0.18634193447950284,0.2320783355600797,0.283002967851297,0.2879058090429444,0.3613239673597018,0.2474441270253146,0.28082543700832024,0.3591278969112107,0.30506663177636334,0.2830318691977413,0.30155890699505256,0.26678898867746975,0.3121148926857551,0.317165602577893,0.3526882932535261,0.21538469200006252,0.2626876911132047,0.21249389555547948,0.3269963204623116,0.28888238676719724,0.38069242212994414,0.22811596005346874,0.23630235671888783,0.300552039452348,0.2955836734966561,0.24889239244054137,0.2906315128590127,0.38419770712843243,0.3071473388189729,0.2247780313447035,0.33282715621314746,0.25879947183437546,0.21841997046182587,0.19728594104170472,0.25355532071239295,0.37683714129999707,0.24924376712925342,0.23137860179161993,0.30256679371054185,0.28732085360187604,0.30668667732952487,0.2836779103493395,0.2500987685072852,0.3095178076852199,0.28809798538274156,0.30743172300776156,0.27262696699445743,0.27200651564316136,0.35609588993172414,0.25909401598140824,0.23606525175244325,0.24917306816813817,0.23677222864426983,0.30810887346543825,0.26361257857469944,0.29806896565309227,0.27408198887942015,0.22701549682795666,0.2763879341993205,0.22029558834763624,0.2823614104804295,0.24419195025405357,0.2783323207005405,0.2776431433860682,0.3169249835036027,0.2799163341259104,0.3501691574015429,0.2962356004497902,0.23961569496817908,0.27026658604029297,0.2426022661946068,0.2182648410001733,0.264252540186352,0.25582301335873336,0.26517896478553327,0.2930241268664254,0.23062170749985025,0.3097253862889076,0.24844610317364682,0.2531346235919896,0.3017892921359464,0.2708556881161717,0.2392221384095238,0.2997669465501271,0.2562656858769327,0.2914938931995683,0.2727276386713666,0.3187343602044446,0.3103176272054446,0.25019074593115664,0.177783723963709,0.28540524583843085,0.24389499553876903,0.3083808051824441,0.2856095344765635,0.25431738876907306,0.3923128573144094,0.30974180614043056,0.2693134188549139,0.23108288093071266,0.31173223564827046,0.24665313514604598,0.22298190182515512,0.1803079025687268,0.31595132241109786,0.2684421042680306,0.3084497327080957,0.26534135148503535,0.28301444336771325,0.3594546675128517,0.3157122513848345,0.2866430857302688,0.3286334173658012,0.26966155402777947,0.2668313289224203,0.25830027834065383,0.2728095874331413,0.3088758472726625
0.23460327867428923,0.21831063458739267,0.26643560501851465,0.2412374840258199,0.0,0.22242856173119907,0.30689020337613065,0.22126995650363895,0.22048938935833087,0.23971622662214312,0.2862399420404169,0.2276172757087457,0.24023199556750033,0.20929842968564105,0.2599832981643496,0.26455988774888994,0.2360551162497521,0.23754542809111387,0.18371017191878236,0.18370566273031866,0.2597054931986099,0.24926053184195238,0.22510179405875907,0.23071300319236818,0.22967907355290693,0.242054478631497,0.21395793021956433,0.181888376310315,0.2089008262331583,0.28114960096607394,0.2485063660717527,0.22715685297712856,0.2176562350105389,0.17598923824915122,0.23380478707208982,0.23426696998045027,0.2754562904112031,0.2375143311187358,0.24600238373712688,0.238137405773103,0.22991114871462393,0.3166323279190272,0.23960247734520673,0.30948041379309144,0.19933952848149245,0.21159525905439747,0.2511903407072939,0.3006155264339126,0.2591546695206723,0.2328032540141726,0.2860706406560235,0.21261983490416123,0.1892604148412867,0.22806561838747585,0.2573876424510351,0.24263665812666765,0.21264042003778907,0.28843829978131996,0.234866582856124,0.20936893317181365,0.19921361004010574,0.19861962081379458,0.22915967336544196,0.20237869647194792,0.2164518249944993,0.19182628974159258,0.23127153797450065,0.266050678631743,0.2098543227077767,0.26001129364020714,0.2688545846425236,0.20970238314763023,0.20838263360585463,0.2653321899178678,0.2116170471399585,0.18795625115925935,0.2886903478157812,0.3705754591674037,0.1872638438430418,0.2378183611282013,0.26594393100828795,0.22680466269212374,0.299381797228438,0.19255260226429535,0.22039298540117014,0.2179114966771361,0.24477814061206796,0.22656133814774848,0.1983152226826988,0.23196646992887832,0.3468897731454757,0.23157369299914352,0.29654927307653883,0.1848099816818586,0.24465934309710222,0.23241172211534453,0.16364287710273018,0.19710435330619963,0.21035541120039095,0.1991263383475226,0.2078957114819822,0.24837832979557564,0.2223164732200854,0.192440528066129,0.2123988728800411,0.22738510832535147,0.2091074469563731,0.22208791633816094,0.2526151259589893,0.25316357518297733,0.2527662783965792,0.24743617553211678,0.23124725150011735,0.24787453437815138,0.19622188462730997,0.22369327746004322,0.19181290101533055,0.22624386431185922,0.217012600331334,0.21498560623006274,0.31767566222585136,0.2246632249871103,0.18346997306395044,0.3164622718099765,0.21097784571865474,0.2309444396930254,0.20320305683804535,0.2774768973640881,0.19145148034438592,0.23339873718005213,0.22961417535551776,0.26561487158740593,0.20436502120368105,0.21220075351762674,0.21411287142336938,0.24856149649342563,0.19535582124023157,0.2423601665676359,0.1941575194749052,0.2777540074704837,0.19456951875264883,0.24888244140454632,0.22832391290690193,0.22939963746146855,0.2816061840574575,0.2046638322884553,0.2843023916660003,0.24537666206706474,0.19916444567750613,0.17505362905445274,0.21468274935981393,0.2148608456645506,0.22576632859068688,0.2800016843641534,0.2552904273682183,0.2774612775201047,0.2235114717719181,0.34248883402258157,0.20830263011065242,0.24949481035679244,0.22264089671003004,0.21393717583038824,0.2292526158420648,0.30611792531037635
0.27032007333827224,0.4107435827991782,0.2966514014929438,0.26922135286091053,0.22242856173119907,0.0,0.25143477720811774,0.2895927797524015,0.2624463844895735,0.25036964063631945,0.30893449650429633,0.3138959953343777,0.30268713980290074,0.2280966408403599,0.3090032691469298,0.2816706141743705,0.29130395285710253,0.21331021869227226,0.2651883560196937,0.25095113203520375,0.30706255981586394,0.33604358812231044,0.1723265947462766,0.23323066354901117,0.25156887004238293,0.20065912757681625,0.18528649531007815,0.21435286396031722,0.27239355335173976,0.2535416317771084,0.3036470250882269,0.357775105790149,0.33592921129549874,0.1924052610270844,0.2440963990838801,0.27001892355504753,0.2674119287716386,0.24999159763800385,0.33578269016706896,0.23830348074075536,0.31087921386498796,0.3157195531156172,0.2431017973519431,0.336968428937047,0.23543341099576065,0.23088946162620239,0.23275141868329652,0.26960207178119167,0.21496735519846177,0.3116619740247849,0.34252311176266814,0.2943275730029605,0.2564334223468881,0.35120450890623056,0.3002543018689053,0.322816858018073,0.28468324910947945,0.33608656524555747,0.2390069256546813,0.2661094454165669,0.3518052398770388,0.2559510359130653,0.32148439027849524,0.1932964419508562,0.27089774322766064,0.25187561266341363,0.2532617405982379,0.27061939282347314,0.20263615602530372,0.2519949124257681,0.3430331702020865,0.21710163593438636,0.25392120945714075,0.3081380205502826,0.3450721301965062,0.22338746080390431,0.30157512244052626,0.24876006910751858,0.20071299224238612,0.28477986504393804,0.35277798184230985,0.27890835391433905,0.30380036285922535,0.24348933260516822,0.2526020460165271,0.26184268675647265,0.2673701750655798,0.23800862555732394,0.23258146274056093,0.27263449787219585,0.27465337655101174,0.2835817912041568,0.35524600973126347,0.2664024917459097,0.2627518909112485,0.30547916663745517,0.2771055434408709,0.24000063249586187,0.21311537293507415,0.25487758079003486,0.23644177348600656,0.26516556732766006,0.2004660143124082,0.20329691518110266,0.2766438746489746,0.25584736074720915,0.2988937124214717,0.2147196508508358,0.2521372477355719,0.31869631086984124,0.2940761492839606,0.22668709677253585,0.3294299795966285,0.2404504544529485,0.22643496779691394,0.2905583051253909,0.24280858776284597,0.21901907989757974,0.3097300700572534,0.21827350334133777,0.2718252753621408,0.25299853019484153,0.23670636179164176,0.33955684422042964,0.2667649870802764,0.31413095084913684,0.28661932251525235,0.2812709128520877,0.24802100654244838,0.23535752251879602,0.2828337869726384,0.41324039683324204,0.23185413517107384,0.2890056095714541,0.27375313669131673,0.2933908592681792,0.23610263298279263,0.22878783608398018,0.18465462942682662,0.2602901281602513,0.24241889534906183,0.31488036098612315,0.2859427758592521,0.28459924435457484,0.28007227750215224,0.19305801667233197,0.3835755672897722,0.285967822404145,0.2297662512739877,0.19663856703024601,0.246197644864555,0.27093361824328493,0.2284218085113676,0.26805839154082745,0.27108464714319225,0.2720941130904196,0.2697794841228467,0.305654704333275,0.23139225311737543,0.2847592508641843,0.22229274167053897,0.2722016373599861,0.22054963457251603,0.28219095868128063
0.25617718307156795,0.27359845260958876,0.24265153572620804,0.3326419098958048,0.30689020337613065,0.25143477720811774,0.0,0.23768110289641056,0.25979678269406775,0.27538859649913444,0.30614375374610614,0.26290013749744207,0.29295039356859576,0.2758179076449158,0.3886578567262962,0.24271094483479294,0.24404066832218782,0.2643227774267885,0.2174598630701925,0.1945839953093516,0.2578122762339574,0.3160296904459925,0.2810120236411686,0.25162383395692933,0.26412280434735935,0.24769039376275698,0.2459841666753948,0.2107267470254819,0.2734807123546748,0.26568842317320723,0.28314692378965606,0.2742656466852277,0.3222276060855008,0.205646053787768,0.2479111267312068,0.2476980912934633,0.32838704008011577,0.2483638090008158,0.3149298901089143,0.3113637203230628,0.28004239952785603,0.3278338714920587,0.2579079648633317,0.3225384868493157,0.23829434107485886,0.24758893050579128,0.22798909479656498,0.2651949754052353,0.34512882847345344,0.24427884018112725,0.34417109165449833,0.21519214716192378,0.2238967955757017,0.301600008234066,0.33186138595115877,0.30113161212235023,0.2394022855755672,0.2745076921551465,0.29192992407015045,0.23998411413471307,0.2432314583293416,0.24081978028328221,0.23051370967789417,0.21571158681379052,0.24245174257935254,0.2109554625254182,0.3273365533730997,0.31319731668977235,0.23159735666167278,0.2730300676328665,0.3238529197377408,0.22990817315615855,0.226564263796702,0.33142280164844956,0.21784495973424683,0.22268575662388185,0.4073808572032414,0.3196779441186357,0.2026568057913452,0.23134697016098013,0.29106348662436854,0.2834997747450964,0.3308097865807915,0.2058248449820526,0.23765330454696104,0.2396851947636969,0.26661119612504863,0.26785710234902493,0.22841027578318177,0.29395860111664956,0.3371906776300836,0.3145165104328499,0.3278768665527639,0.2174906349532918,0.3089808304008826,0.3165334184984483,0.19329055581506932,0.2257943297049213,0.23391313925610255,0.24714626035945214,0.27624368588743603,0.2970067403896493,0.25821505822447893,0.21437439426166222,0.22432169520438253,0.2338106460775611,0.22766001927798732,0.2340157500626343,0.3147220664046335,0.2716687007135635,0.31769467583333855,0.25375958288252176,0.27463277878511694,0.2602782560060504,0.22094350708848493,0.24998013472700042,0.2175385990590855,0.2662135128747575,0.2468882321455137,0.23420938711127573,0.28984622374582525,0.26286249889679925,0.19738529040494757,0.3660491497380129,0.2537700061255421,0.29789154315914823,0.23725869919603598,0.30798371810755776,0.21048659168447628,0.28131899158049983,0.23796009650016497,0.2493827754152315,0.23922979793676377,0.24549875257193451,0.23037377819287058,0.309626552674495,0.20538395903868056,0.29118329601724763,0.2222710192687297,0.3139512688181349,0.273848181824588,0.2769400536865978,0.29459676770813875,0.26713681885912827,0.30374554246438595,0.23305696492772382,0.3184227692805993,0.3302423374905632,0.21150281562330417,0.17553441894686317,0.2471046147539149,0.2827208272028117,0.2441721485730611,0.3333075970194755,0.2986965779992091,0.3252253189828597,0.29455074644840545,0.33947353364975963,0.31289343609110654,0.324120894046573,0.2652887832455918,0.23687748277009749,0.28619903735848623,0.3131141348091883
0.34574265824848327,0.35233067180506006,0.2865250707073995,0.3067776157936278,0.22126995650363895,0.2895927797524015,0.23768110289641056,0.0,0.31760714751761365,0.31501394605685723,0.318105673403544,0.3033360388617396,0.3599594741901857,0.27054180690271845,0.29782774310635124,0.30499074329948717,0.3308181647496078,0.3172992546448814,0.2950287895792586,0.3371184043039565,0.31484268259229875,0.2602759570134405,0.24312458452236205,0.23877188671458832,0.3396220358208324,0.2265852653152434,0.287974626448231,0.3190473193230645,0.2317868918481742,0.25943302973047633,0.4251682713807679,0.3460137808069495,0.31080668011279766,0.2482319172571569,0.3740508350897245,0.41286185080636545,0.31297653000446146,0.3976209400942875,0.2940151444175237,0.3188221719359939,0.36006407595004575,0.2910982974900304,0.27093856256859483,0.3232869468695312,0.39593373680350796,0.3127212056237148,0.23509338543776118,0.2795648434036998,0.3118687943393109,0.3609901809479032,0.3236425879184815,0.2633309879179888,0.2628648347131789,0.2907922099435814,0.3190920174749867,0.2922537511115916,0.32862764089345786,0.3632443823738024,0.3744395165554635,0.3492157358834525,0.3918578011103073,0.22410055754406427,0.3038104336225592,0.2884490390676498,0.27188903269565073,0.3060804029608305,0.31950759691320363,0.22784464913010177,0.31934667287883634,0.42266773505165023,0.30055626094307525,0.334356924207318,0.33898469269678033,0.363461364281123,0.4589085202320515,0.2797335853518713,0.2872344412814274,0.23414700819639347,0.2944161933083363,0.20688575520943894,0.28123390254534175,0.2919228509066963,0.2711183211331369,0.3387708290209952,0.3743586514490471,0.4325270800045348,0.37162771895390256,0.30914672689673184,0.35196719813852545,0.3006834671965188,0.29682592578685724,0.300761956697974,0.33056409117980057,0.3049978838334488,0.3437367485704001,0.2763619175375373,0.2685125290411963,0.326425311408634,0.2365216637260068,0.39550298666706996,0.27425078309085005,0.3625259865477867,0.2844623456982162,0.2999065607532153,0.41449158854811896,0.2802186067477961,0.3514282685623216,0.31488274681391687,0.31815720753061016,0.30048378899244677,0.28850399661879317,0.326497884617153,0.35606859806009417,0.3112822370943287,0.29206716633087654,0.3091192799150025,0.3338726184383047,0.2663923812711965,0.284533805842795,0.25368463542190134,0.29510046222980496,0.3239801197397193,0.2628204075460376,0.30016636052501494,0.27529236499905657,0.2951424456908787,0.27063454009833154,0.29124326703340186,0.3212312605405884,0.31130585462661053,0.3714547182932274,0.31132048298355647,0.28953108548902207,0.27770358790968647,0.35417754236143223,0.2587477143812801,0.24141047644481192,0.30721168724473036,0.28071796388951975,0.35413956235423705,0.2732361863600388,0.27688739783566735,0.34104530698671,0.3248734507724173,0.3431799488059007,0.25683897954855783,0.30415292268104366,0.26167832786239176,0.3241647282064296,0.22939714244160828,0.39972946241904056,0.3113076882293335,0.30825964926434773,0.2845512888700705,0.36463762950247136,0.35529272038793197,0.2841394967313689,0.31957224179692983,0.26409461423797376,0.2699832283874835,0.2811514941431978,0.338471098301797,0.2642026257846485,0.30311367773125797
0.3108652597150123,0.2767424942602163,0.21127422581211563,0.2730087070814933,0.22048938935833087,0.2624463844895735,0.25979678269406775,0.31760714751761365,0.0,0.2536575861311097,0.22772941967569374,0.21710793135775633,0.25524931105062765,0.335728183006999,0.269194009630277,0.2299625703980975,0.22742639160864664,0.2782760160011065,0.21682595885596795,0.2515068054712909,0.22924602237497851,0.27069715198728983,0.20431845976723653,0.18458003959268102,0.25816706950421225,0.20322171055255514,0.24904664014064276,0.23471685222476352,0.2154137204019346,0.26216724434455557,0.37172606031074285,0.27923180162668276,0.2764974454974099,0.19663246212520824,0.32099711253059493,0.2582422705900439,0.2532791460900265,0.32047718674712167,0.2598688532300928,0.24179557342768124,0.23363025825278172,0.3130476167954308,0.21836739325014912,0.2689151167581217,0.2553166506583132,0.24295753680024235,0.20098507781118993,0.21289649217030143,0.24546347644523897,0.2624981583248128,0.27542979955346525,0.2163903729499737,0.2974786654302044,0.24751246289717718,0.2584358489512367,0.38160662728312833,0.2654814855693234,0.26082448493923127,0.2904565645483413,0.24496518607199608,0.2869301682842994,0.29970151888951624,0.23754288125552514,0.24157907762120548,0.3018073783941025,0.25770437679513764,0.36319849860710657,0.2651274662232556,0.23768830476254416,0.31865145248509363,0.3439940654330649,0.29155196270675837,0.3442086817621602,0.25753752660297563,0.29376885868035596,0.27260596737382264,0.25289773845362024,0.21625276881985445,0.2418126823650287,0.24381679813404367,0.2857964708638732,0.3973449705590015,0.30144192792425295,0.24544569440146125,0.3302209935808217,0.2967107231220614,0.3415079330862836,0.35735159700467456,0.27914070486346887,0.39370551751542376,0.2962827856942813,0.42561284549950124,0.2669241340839788,0.2546730279630712,0.45586943422191123,0.28390567435070646,0.3076037270582944,0.26816866420505725,0.3282148543091567,0.278252503045073,0.3112428146197506,0.2731693255103667,0.29117217394680833,0.2230737762673042,0.35613596660355823,0.22639325745057506,0.23251306438137012,0.23891896727922732,0.24157769484727112,0.2091862040849989,0.2168682080001496,0.32448556070158496,0.3710474856610616,0.3840483874526581,0.24280652702867284,0.2422874392912576,0.2798879943865572,0.22013092128085296,0.20326406884336928,0.32248477528123254,0.2824329406634789,0.35743064579871653,0.24051728456727392,0.29542798207354437,0.5081275223929221,0.22955322368115424,0.3205098454660472,0.23204891248139947,0.21466696756316525,0.27470575059775887,0.38318460965517354,0.2896980129085145,0.3221361511307757,0.38347776495548064,0.2410302235806696,0.3006286679422544,0.1923751285008889,0.2513761605532788,0.21908420629867065,0.3239560120706044,0.2842087824662731,0.29349522694370056,0.38802672467252214,0.4088716990866069,0.27283194653346643,0.2435686443609523,0.3278907298831674,0.26531835288385597,0.24502349168689355,0.20422056427006816,0.3389675461368618,0.3284902101787991,0.22917531166173064,0.23638593516019246,0.2614887035223761,0.3568563948631908,0.23216165945712333,0.26184632504549,0.33978452483200994,0.30476206335074885,0.23825728767690002,0.3664257000898284,0.39893730013922074,0.27979862888237667
0.28260374958989254,0.34511905402924586,0.30898734812653056,0.2876096255263702,0.23971622662214312,0.25036964063631945,0.27538859649913444,0.31501394605685723,0.2536575861311097,0.0,0.27368625758918175,0.24200768308251835,0.2937477378768257,0.28078473675053045,0.29123527284582085,0.25379566114200747,0.24433702396395812,0.31860460193141743,0.23884441632119718,0.22912693910246495,0.23886408133622605,0.26739488265417927,0.26299897185164306,0.2066825030609005,0.3602751445395077,0.20935695141150115,0.25205143749905523,0.23320889408899223,0.3574280526615388,0.2466335377154554,0.35277601112257245,0.3005134969974761,0.25559107951749616,0.19442467325801235,0.27842586206818415,0.2820913047381491,0.31766938759193136,0.30050924369457455,0.24646969809179445,0.2605492840922019,0.2491377493531478,0.2777248000336374,0.25508792479140474,0.26993852514892547,0.26723459098415464,0.24692618527335053,0.22032858109104317,0.26990633174107714,0.3302618167365346,0.2443557446898595,0.289299158228358,0.2016168668068359,0.2223814463182936,0.28134222572236256,0.3586901793659799,0.2928727013530924,0.2410906027020682,0.24369040981563056,0.3364342959126842,0.25863711256456917,0.29907719858948123,0.21902577880030563,0.22148990488820322,0.22992387843362078,0.2544615045231523,0.2396584198852791,0.26992138490240203,0.26413612561862004,0.31216288039290324,0.38022753981137153,0.27198419621047387,0.303589053295445,0.22888958626063416,0.3018720319186343,0.2783632929440007,0.26831518875011906,0.2576199852855839,0.27038270216201377,0.22124346890947122,0.22351998208990023,0.28017492351222967,0.2581849248996364,0.30279369170989895,0.27829594960370463,0.25181842810281285,0.2769422878854488,0.3012012468455678,0.31781276903247785,0.28447373355266936,0.2535624501382658,0.26544564062699466,0.25517734182474067,0.3263174522791677,0.2251657081801419,0.28784206159810016,0.3278513077065648,0.1994356929798031,0.23700270285326716,0.23687200561766394,0.27224428317885735,0.2861140811486724,0.30613304549492004,0.25129905660127977,0.32666632174602966,0.25865233512019326,0.22049647559896818,0.24390450801482014,0.27760707614089203,0.26995663735447495,0.26186065694045957,0.23769244149633553,0.24765390417812597,0.29352398236858296,0.29059869767211755,0.23637864773606423,0.234271604363148,0.2506815137392747,0.33963868374528383,0.2406319988614197,0.25353228668588385,0.24294170961388548,0.2831973669863002,0.2001867874672339,0.3025058109449417,0.2498312340809916,0.3756524250836322,0.2300361466484175,0.25431292217932383,0.273964892818341,0.328534389239948,0.33324422150086325,0.2507649440266851,0.2744644121327506,0.22178801132567308,0.27035446527770773,0.258624569245438,0.2233593706230569,0.28371180474742286,0.2546795279645709,0.33577878912694786,0.30105597841149584,0.2928964900119728,0.2773562765047917,0.24610289163974516,0.3078880675829552,0.23572061853756807,0.23447199243373634,0.30222559018752043,0.358788274580264,0.1938153569195107,0.253053534531506,0.3269048518344152,0.23778945599698506,0.29312798927430045,0.28414698766140906,0.34346521390336426,0.24544178951392634,0.2998253935567371,0.2754967680165572,0.29220116313674344,0.35979409294913484,0.3148172832657644,0.2759844516102463,0.2524483383858605
0.30857380403549406,0.2971393621410167,0.3555993203304629,0.29075940695087144,0.2862399420404169,0.30893449650429633,0.30614375374610614,0.318105673403544,0.22772941967569374,0.27368625758918175,0.0,0.37933249094403376,0.35411958459025156,0.21288352828272797,0.3030189530198581,0.352579034468768,0.325140393027475,0.27163983436338535,0.260012191864669,0.24183543415358932,0.3423880484289753,0.3417354723687979,0.253845888513256,0.31559344021062413,0.32070666497724976,0.269344598687433,0.25902166837795637,0.2552924721940705,0.26034937927861695,0.2908133681138457,0.2746070529448764,0.3197013167732512,0.25872473103725374,0.22121452397737407,0.26858412951687183,0.3168957720283779,0.36915886042213164,0.27427067105690184,0.3411287778165477,0.33037078242373064,0.30508224067614637,0.33838345980632367,0.2679748581603506,0.38919674989408626,0.2762416475576369,0.26952173366648274,0.2184054452392582,0.3961521128198056,0.32243607666884067,0.2737401552984879,0.33611174575229646,0.25226191211116866,0.19717886128257953,0.3178824077148812,0.35789705665408944,0.24428803508842434,0.28764051849036076,0.421604173367598,0.2816245673433015,0.2706987839884786,0.27838578230844657,0.18648867424368498,0.3036524337715593,0.22402575117914222,0.2149342441092787,0.24419514198466025,0.2842827859346787,0.25039319008306377,0.24959271996447266,0.29937127396773694,0.2982512909297889,0.22849864771766196,0.2717696945774395,0.38197565318638715,0.30191301506724677,0.21806378741261756,0.38930098408302427,0.2912931815382715,0.20988925703198066,0.2186667711454719,0.2864946344582819,0.23363716431070122,0.28486605336148546,0.24408909502863935,0.26702538417887806,0.2856113209556853,0.28749901650775167,0.22160015461746482,0.23348285254690312,0.26626774628693184,0.36085405586950287,0.22018759519640965,0.3564093630199167,0.25229519167264136,0.2567055177752365,0.2783396647748086,0.18503259390379903,0.23034479373375197,0.1932895958548409,0.26334105660485657,0.2347448813973797,0.32402574768012427,0.23385028422674076,0.22393913267642504,0.25204932873699654,0.2574461239463132,0.26828362901072067,0.27132003958418077,0.28710632309856066,0.4301564052432184,0.3965294015954969,0.26824582673222613,0.2704185660583477,0.24445466022491388,0.23702995977316965,0.31154984553988296,0.23211297914523876,0.2927500718965329,0.32837460128605267,0.20764851399421577,0.32953992671130733,0.21699150706080786,0.22980215059318276,0.34793078696297,0.2136216489531805,0.33271696172954573,0.20449640295608626,0.34078747309724366,0.26710505492005654,0.24915984283269782,0.23871370833573322,0.31384604717816733,0.23800872890642488,0.23616598244841364,0.34200082401067544,0.2527863818848405,0.24702162776997186,0.2695871575654886,0.24861275054772608,0.29900822610298783,0.2263831944361025,0.2652929608296788,0.23689047436375837,0.2473875175761097,0.3663124799245259,0.21853540252064008,0.30615164543246387,0.2669391269912934,0.25079504674924635,0.2131306741673862,0.31346155610687015,0.2262768884859654,0.32384988561214134,0.3365155630513092,0.32686689659887486,0.30195644612032446,0.33303900251529445,0.3795302025792375,0.23153227457649797,0.2622716587852159,0.2350105556545718,0.24241411011415573,0.21007632257994407,0.4319679672799083
0.27886969482522966,0.2873773519406721,0.3026192882960793,0.26920820118532773,0.2276172757087457,0.3138959953343777,0.26290013749744207,0.3033360388617396,0.21710793135775633,0.24200768308251835,0.37933249094403376,0.0,0.2738273753628406,0.17841808052785949,0.2503566845893231,0.3186575493167934,0.3401154768865636,0.2310619556390188,0.3217272441785609,0.26121777002841307,0.38062383640993314,0.27617350903547744,0.2318893066758674,0.2870802266542904,0.31833443212462215,0.24475901885968213,0.22407099909137512,0.24562797769387076,0.23904752262783202,0.2676231610310429,0.27380394095171323,0.29817907113943665,0.24959921659651468,0.24608690552821388,0.25725500636520576,0.29365860557609397,0.2830003826543512,0.2710031945826114,0.38161383318980036,0.2935644546016614,0.3301832549892808,0.28900134107440234,0.2744269655551036,0.33631823092029994,0.2636673324599679,0.26625424731627617,0.2366742297934472,0.3259646080304071,0.2868917473521966,0.3096193014067353,0.3245254373175625,0.2956395422625985,0.2013237210783569,0.3056787235713785,0.34005618329476744,0.2308952829607067,0.3377444684995295,0.41611219114433223,0.22696518182475778,0.26604634536897226,0.24701918535951403,0.1853590620419917,0.3232736740750313,0.2306042877781392,0.21844204476177254,0.26443447624195726,0.22633160857481688,0.1985290529796911,0.2202482026467743,0.24402239658177097,0.254069036289469,0.2078310531554417,0.25221589040570347,0.3170801157925783,0.3047061564889253,0.20579326206966328,0.29489437784194944,0.24822915119409497,0.22070602534778067,0.20080297522885987,0.2532894251568279,0.23877583973505306,0.23761902128485085,0.226513987620021,0.2988735274552343,0.28923959123316856,0.24734067471980178,0.21574551626854666,0.24579912619825448,0.23814762567029368,0.299418062125203,0.23108345011351006,0.30952764366338237,0.26617879809449135,0.22960096135162097,0.27560850871546966,0.19533092887691397,0.26542484743769973,0.18933721202442036,0.24919375631722296,0.20039066095362762,0.29103504202566577,0.2553948940187888,0.2664529276281822,0.24472227363135507,0.25794196164922034,0.33720508673010274,0.252187834886925,0.2703262932436118,0.38797173343174707,0.4465171707294858,0.30180962619957563,0.24387852083193937,0.2401017261057501,0.23103643395261228,0.30774075216503843,0.2508507663346723,0.31672170006906253,0.37541732847640386,0.1937305555366799,0.2707319197833858,0.2193243213899717,0.2402059189423969,0.27781682523258716,0.19697479582877508,0.32502132638272524,0.2181847650775493,0.28086409820297475,0.30131146552708965,0.2183565764586563,0.23016348848335033,0.2970387699172248,0.20296305170552478,0.24924791508439426,0.31455628058595636,0.21794249874997224,0.24560046051447312,0.2628736306411521,0.22182763946549539,0.2820972523601465,0.18925208604415517,0.24355521673531813,0.24974992657501816,0.25235165604495596,0.3143124028951398,0.24802067485166585,0.3269644478505355,0.2325234837917355,0.2846560736527752,0.2324915721704134,0.30736513307052576,0.2264270087261502,0.30446375700106165,0.2706825855529585,0.3749917868944373,0.23613328946711973,0.2656606507458671,0.29934657668651354,0.19855813083048313,0.24747705541737167,0.19407752544926427,0.22690107674083312,0.20292843024631185,0.3211145470147441
