0,1,2,3,4,5,6,7,8,9,10,11,12,13,14,15,16,17,18,19,20,21,22,23,24,25,26,27,28,29,30,31,32,33,34,35,36,37,38,39,40,41,42,43,44,45,46,47,48,49,50,51,52,53,54,55,56,57,58,59,60,61,62,63,64,65,66,67,68,69,70,71,72,73,74,75,76,77,78,79,80,81,82,83,84,85,86,87,88,89,90,91,92,93,94,95,96,97,98,99,100,101,102,103,104,105,106,107,108,109,110,111,112,113,114,115,116,117,118,119,120,121,122,123,124,125,126,127,128,129,130,131,132,133,134,135,136,137,138,139,140,141,142,143,144,145,146,147,148,149,150,151,152,153,154,155,156,157,158,159,160,161,162,163
0.0,0.8283553372318165,0.798547921575414,0.835836197994,0.7210764075918529,0.8620114274460626,0.8078406926065177,0.8025676368105471,0.8130191286479229,0.8061501007489715,0.896757825617068,0.8264612994154646,0.9579450081894821,0.788627410370291,0.8282509133468131,0.8883579572433045,0.906365011228658,0.9302938492994502,0.8302743136524896,0.9311361780282612,0.8653003766569903,0.8220327583828588,0.8044511798072512,0.8628413803701629,0.9260524181295846,0.8450295457098576,0.7604290819095088,0.8878518313840149,0.7513332106354071,0.7817849678894662,0.8654355376612461,0.9149712214728735,0.787895694006794,0.8675844817916543,0.9107443816273103,0.7831453921301051,0.9361510324767168,0.862850231978756,0.7746857029077514,0.8505147478035882,0.7580128781779482,0.863295165174606,0.8719308741764732,0.8873892933965639,0.8908304492820411,0.9054453684717325,0.7698456605596252,0.8800846187752419,0.8993182639290436,0.8676759141818535,0.8811064339744418,0.8668474939131444,0.7598868986796541,0.8454163625036074,0.8480974096133861,0.8417159779639107,0.9366087453564362,0.8110437731931381,0.8159998736311012,0.8535939040568571,0.8520041065624963,0.7340787888291259,0.8679782071256583,0.7334081323719783,0.8710333641702488,0.9393970887990223,0.8650480776626677,0.8398535868009505,0.8348698394966467,0.8420416079014897,0.8816377943967428,0.8501745227740185,0.8584903964066155,0.9133076617713596,0.8891547240202999,0.8938350635087119,0.8597873206166021,0.7698077803735889,0.8201033361304595,0.7777911730813742,0.8143318511795697,0.836661448402624,0.7987410164271755,0.8439840544855316,0.9030310448474783,0.8627749240049145,0.836401400574238,0.8169068820992642,0.8914120286910043,0.8154821018854929,0.8446102275742581,0.7820722094547016,0.8320208058796945,0.9266001661774315,0.8574191848000959,0.8187589741660622,0.7245997488511028,0.8191867929691291,0.6855726167273352,0.8935061260586263,0.8176375212217293,0.8003298213566258,0.786196344562665,0.7483616357332219,0.8535048233969772,0.8768729518459872,0.8723507435487547,0.8611035059214225,0.8404736876240821,0.8933980964766258,0.9017650466264326,0.8569347565372425,0.9065896580766183,0.803085745372438,0.8900046060202811,0.8875105592547858,0.879576861326134,0.8533561896404298,0.8690082315154876,0.7470499857435268,0.8276015083943681,0.7029141870056427,0.8736255365202943,0.8748535977030031,0.7845194509763758,0.8355480083148954,0.7505360373548228,0.8186584421011693,0.8362219031492362,0.8340343736805806,0.8210709089801298,0.8136738651092611,0.830986758354144,0.7937379822835312,0.8763068023815072,0.8446036370815269,0.8719455379996602,0.8499011768105438,0.8130111905248378,0.8147829708206958,0.7915479957520372,0.8416380364422028,0.8424282160465166,0.7214169455907148,0.8945462444214966,0.8395014792559776,0.7718124692113523,0.7729531298598128,0.8450812140773332,0.6597375458240184,0.9091513378281039,0.7740390663928143,0.8509685510406352,0.7622551778529227,0.8668208308026787,0.8962838170375774,0.8937861381215214,0.862777423745463,0.8005129143715393,0.8858916207712324,0.78792350554023,0.8814381074308425,0.8802242769461768,0.9041791107878275
0.8283553372318165,0.0,0.8399471526743524,0.8458478273905918,0.7129318146972938,0.8528549918602696,0.810938007638315,0.7609742151317203,0.7590775015935737,0.9005192718968792,0.8617972314165415,0.8376719693013153,0.8783320146086888,0.8238939235434843,0.8596521017804191,0.8269354509167859,0.8449140008823228,0.8137292620201906,0.7755817237516337,0.8145248292846602,0.8120384644468968,0.8892113394413886,0.7454391434008554,0.8643961419854734,0.8370119073072348,0.7489908357222842,0.7764672323924307,0.7974506793453136,0.9208339939828829,0.7267236817470237,0.8289817329220236,0.8220189090606301,0.8848931737360041,0.7519909572596187,0.846781004953589,0.8145658212011925,0.8247362730598062,0.8184232677564646,0.8239131192949821,0.8598650642542361,0.8515827856809274,0.8050471143404205,0.7275031531900107,0.8425585520707056,0.8250628448006887,0.8107519170886631,0.7324132741444289,0.8191144446957945,0.8157276256136257,0.7974856645134042,0.7957740621550268,0.7859656448225133,0.8243470512362,0.9034839245610481,0.8587592907626896,0.8366705308329792,0.8156752646525005,0.7640456589510649,0.7821427837359466,0.845899317656301,0.8283048047375424,0.6993895841420357,0.7500099514122458,0.7333435823217022,0.7611939373803854,0.7725079066974132,0.8181940243275492,0.7630617127763637,0.7397996953713023,0.7421961183012306,0.7882598235975443,0.811420712588977,0.7220367958962108,0.8430771035722548,0.8637360091642418,0.781389809619394,0.789354893300879,0.7925901298494784,0.7113524383009119,0.7311498831890938,0.7947501264499409,0.757485768158441,0.8329812278184635,0.8010622118700169,0.7416430923056226,0.846092293195169,0.7007059779245589,0.7001196894887105,0.7966382472577732,0.8548275866626563,0.7538227058196715,0.7820433143106389,0.849902203466876,0.8254469743923712,0.8250044636470851,0.880484960236002,0.7256810186473059,0.7592295504805814,0.6693904621703393,0.8284212780139585,0.8512745974543914,0.6985392528118117,0.6435923410485839,0.7704872870978459,0.7456889000269852,0.7804027572711804,0.7957074788505852,0.8009672677560836,0.8501308515891667,0.880326745548142,0.8261165270836911,0.7260087383151203,0.7897286375953583,0.7683857555582316,0.8016546503835157,0.8599969969024475,0.7810930226631608,0.7958096241131342,0.8283018223183863,0.7410240166474016,0.8026919359000597,0.6439661716986823,0.753211472436916,0.844426144919268,0.7429084308162899,0.896985736511789,0.7113043433752169,0.8251752338509095,0.8610752297786438,0.8342717155955429,0.8363042733038079,0.7678478177952898,0.751921406954946,0.8073187990409321,0.8505681796921527,0.8374987689827871,0.8132547295930287,0.8513049363913502,0.7985751538412408,0.7691472743782051,0.8217683506252608,0.8377551881051596,0.8507695227951877,0.7441359451302413,0.8647714825793986,0.6887498811288572,0.7956086260648711,0.8469488211733996,0.8245003930988135,0.7075332269893836,0.7513655072072458,0.8525547885766156,0.8404334422566616,0.8250167610735308,0.8262258763776521,0.8118428469564234,0.8567646580032883,0.8376137029026381,0.8396270465206769,0.7635524718013378,0.8284505489047861,0.7897620421358459,0.8869580459421469,0.8167335230395797
0.798547921575414,0.8399471526743524,0.0,0.8027233565536743,0.8675691328330536,0.879385895229736,0.7856411896435589,0.772156922451731,0.6949197920940238,0.8367580624538318,0.8893005108361344,0.8580893780670774,0.8670653031499864,0.6997419058583237,0.8694095083031271,0.9119329557654839,0.876036791697814,0.7967528443385028,0.7348448827049902,0.7499312915722341,0.9298459046598706,0.9525854745506267,0.6945373727387267,0.8708097797019492,0.8063555384706511,0.8678544679541991,0.6878610138120261,0.7014181055219899,0.8292063122994094,0.7726919170941909,0.7634853123362242,0.81903700292107,0.8418373576033428,0.6977977804360427,0.7281980522592859,0.814116294443492,0.8494741795887377,0.8256106104032884,0.8334835336755471,0.8236784623221727,0.8652560284054317,0.8593095023774685,0.8602105552153128,0.9131416634052445,0.7989719982742797,0.819430437899958,0.8450470238593504,0.9114575969009103,0.7692467817242135,0.8540592486348607,0.8625619255506101,0.8767796007690108,0.7086931085491552,0.9091294657408048,0.8447201227861998,0.7818875021460342,0.8084599499767159,0.8875798059787051,0.7216151913609383,0.7674610751374891,0.78050997043281,0.7293924644923772,0.884649606504101,0.6948152831559928,0.771014454344629,0.7827088416113674,0.7525833470249998,0.8857059870461489,0.8077554422991711,0.7780777279398188,0.8907380811963157,0.6961732414078391,0.6980404954768248,0.8902527206251244,0.8366620535194995,0.6604583807397308,0.8401639467713393,0.8741204592971882,0.7414537617355728,0.7319482138856241,0.8648619387380047,0.7935768317557869,0.8794136928655724,0.7737337743504542,0.7606992409364819,0.8291719295205143,0.7218342684981488,0.6923737874673209,0.7059989836973527,0.7638854103249685,0.8767903939967887,0.698070713794219,0.8568149358399854,0.7206134355975468,0.783909283654472,0.8917595721802322,0.7115014650583079,0.7368021553213878,0.616443347371869,0.7437859319946143,0.6959295411441326,0.7775780540143996,0.6944168564032326,0.795078140370947,0.7323251037597082,0.873335495854503,0.8555924155871687,0.7720259987754632,0.8543612444329617,0.8752576510028296,0.8415353700998088,0.7807355110642745,0.7643488516616981,0.6989844949835287,0.7766453346581245,0.8440927947724002,0.6853514836346257,0.8111730029361618,0.9013740596148413,0.6582010031151518,0.8737890179187956,0.7041396572538747,0.719906240235614,0.8620389724015013,0.6233047208808793,0.8817848675449692,0.7152325329464181,0.8752334243053795,0.8335809296243397,0.8457954425486908,0.7489250004343805,0.9204289368480005,0.6641851084643096,0.7116395076364486,0.8398745022656686,0.8459065143631811,0.8063319913789654,0.8212677659233087,0.770048464591177,0.7883448734086224,0.736525981836041,0.8215323628037925,0.7490035888593765,0.7684072073452791,0.8949341648817939,0.7358166152409524,0.9136876954884489,0.8609698348565629,0.8216635246414267,0.6685710824060246,0.7108249517068101,0.7022699486198729,0.8181057913921799,0.8989827982416371,0.8915028970370813,0.8019523429182157,0.7652139773287318,0.9162358163458522,0.6786721889911521,0.7409462139310065,0.8042109978649035,0.6573252576599566,0.8812691528777049,0.8371111928494868
0.835836197994,0.8458478273905918,0.8027233565536743,0.0,0.7052544652910694,0.7622549418136484,0.8462014577280291,0.8414302818862024,0.7487322036434837,0.8071943444539964,0.8772743891245842,0.8038726750914145,0.897015267817851,0.8108690070881859,0.9278619349953221,0.8165540058650261,0.8287127623934507,0.8808689929818776,0.7698077357048263,0.7897953621447616,0.8049175410677982,0.8680345213161631,0.7965487213522159,0.845970800438548,0.8071406128078893,0.819646965489076,0.8806225795929736,0.8350584947019692,0.7732135699572404,0.7060459898242814,0.8373550342543623,0.8167890760525227,0.9348322991726087,0.7815469663639117,0.8163922144045744,0.8333559376215419,0.8506010185775531,0.8254801593997267,0.8453026296043098,0.9037334353956543,0.8234074872088144,0.7423364274838118,0.7963568713702556,0.8038981302254155,0.8949588903104413,0.8758546208290258,0.6805247399201937,0.7930889030059703,0.8517676876100321,0.8486162652884246,0.8797214570340632,0.771317919693582,0.773367790761249,0.9280839190121447,0.8989630183230464,0.6998815601195216,0.8502257869762043,0.7820704011256033,0.82353766999793,0.8900531544635927,0.8881870331243186,0.7114507010017738,0.7924284578690144,0.7050803134601578,0.8011655368603423,0.8312557754983971,0.9080355447481441,0.7777062356358629,0.8176333155691022,0.8367432506989919,0.8241008290600634,0.8060704984445626,0.7625225737034245,0.9327713911783991,0.8485606226129635,0.7453225211691469,0.9025116772169867,0.766753145211328,0.7657943328422228,0.6487090810300516,0.6848802937258213,0.8566074550576473,0.7609807530686177,0.78056151164864,0.7862091016023585,0.8198917051006676,0.7628445122707335,0.8087970675983924,0.8304096408239579,0.8086707050875284,0.8242249880022757,0.7713283563579241,0.8475749246087263,0.8147553039623511,0.8789435643336783,0.7934825103759859,0.7472566364310754,0.7012157848550863,0.6304458450143109,0.8939774605261328,0.8175606695491487,0.8282891336263997,0.7597970481696706,0.7227611107559748,0.8090007442059491,0.8019542822410572,0.8558717981278766,0.7453768654435802,0.8655580531529082,0.7880054992438907,0.8486497630069092,0.7997288446304257,0.8014947350901752,0.8257080756665779,0.8392611014353117,0.8438574035016914,0.7119320866732883,0.8047495878783048,0.7867434429769732,0.7251923342090335,0.7906789924895605,0.7658733756889514,0.6906338889678635,0.8312954988037847,0.6444386672656534,0.8472855816766249,0.7487811492182429,0.8612786307024868,0.7921016411483196,0.881359399140799,0.6979872663026332,0.7503549065176276,0.8030355892279707,0.7726731546850729,0.845124843705222,0.7403356795397986,0.7267130304664124,0.8876526089190591,0.8513450532496891,0.8287028536653794,0.8416697738579015,0.7551564276062714,0.8825455629462382,0.7788307610688222,0.8230437876480614,0.7407344602419542,0.7610362577447719,0.7984443120930265,0.7382465474279213,0.6032651071804666,0.8366357805400509,0.7278173834102554,0.8994162881510973,0.812869020329123,0.8086924712989783,0.870634759237972,0.8669678875631612,0.8103215459456667,0.8627557585390736,0.8181946301286942,0.7593814683461161,0.6914510531392984,0.8166257783227502,0.8221702785045426
0.7210764075918529,0.7129318146972938,0.8675691328330536,0.7052544652910694,0.0,0.7770967939770443,0.8126885480430392,0.6261427036729815,0.6009901984141494,0.6956067262657595,0.8086754602046744,0.799200525038567,0.7530873978889231,0.615255925067591,0.7896550342535482,0.8590981659394529,0.8298374182989209,0.7130849187824655,0.6752240991068201,0.6377319619162383,0.8729841185962265,0.825761986109855,0.6906310061040386,0.8338195948684394,0.6916792448417983,0.8342192952065007,0.6278808105647867,0.6329946619508718,0.7438848275742035,0.8453376179377029,0.6504408666910565,0.7525667799649973,0.737136450930373,0.6510175382648842,0.6287590315510861,0.7005526591015442,0.7644281657177691,0.7075833672560821,0.7705045019063901,0.7844340034873969,0.7893428352461889,0.8228308286588161,0.796798234086157,0.867282904014151,0.6659199914744177,0.7543347725546131,0.8841964137673148,0.8266720143049613,0.7420241141998718,0.7795123017988401,0.8404673264424628,0.8404897072447253,0.6631180582441198,0.7855326195178737,0.7542418579311586,0.7155428744092617,0.7645380325326074,0.8485524108957326,0.6357103002821065,0.7119128234422859,0.6317453166748751,0.7022499188481642,0.7995858283232549,0.6069674102333479,0.7021538023495865,0.6788267313979928,0.6441233748522961,0.8345788916139607,0.6821005121700667,0.6477247433255342,0.810706717654791,0.6239608180722814,0.6064415773014391,0.8066720082153808,0.6929117865595492,0.6200795521849544,0.807957897308728,0.9515292039766801,0.6555693983291988,0.7926783992882921,0.7907851437258341,0.699870395719371,0.882511993708309,0.6336935770268757,0.7098614980751333,0.696440746920909,0.607250303120014,0.636817622227382,0.6287224633819553,0.668742405672342,0.9029482038633686,0.6362642212790226,0.843815907408298,0.6764692733894804,0.7108845658841465,0.7570323639556417,0.5767742108629963,0.6285169954872123,0.5976648438141543,0.6559042972270885,0.6182295030695835,0.6809879878510945,0.6328982257711283,0.6439861610515211,0.6302204364153114,0.8227784568442768,0.7571656790704321,0.6781470115351745,0.8139339387795645,0.7964666724407456,0.8090728340160168,0.7350495886272134,0.6563050344380403,0.6086734282610687,0.7024039657306635,0.8152730170333167,0.6286086339011047,0.756157666135635,0.7894784966068917,0.5910875178854549,0.9236669662049749,0.6193621540127802,0.6549163947358296,0.8706126293298958,0.5593599987873996,0.7778669536623495,0.6778696041968661,0.8154439332901493,0.7008637687797064,0.7312477231715432,0.6476552791092178,0.8499393835078665,0.5890998821488828,0.6382070705036527,0.6703616145981237,0.7784576831476866,0.7615720716858196,0.7643257675027143,0.6476239010829518,0.7403877032190211,0.593098206343619,0.7565638388968404,0.6945208226868348,0.6451417921271352,0.802933861848903,0.6860834650735005,0.8635918805651385,0.8330320357197929,0.6779071952068745,0.6231759469392292,0.6216682367967881,0.6446771994613546,0.7478112690188685,0.8458407024457006,0.7832152070761274,0.6699179014149144,0.7077760272282878,0.8918719506412679,0.6080492705144188,0.7610165241319239,0.6895606836915962,0.6051668464523801,0.7284843971918286,0.8295624261218442
0.8620114274460626,0.8528549918602696,0.879385895229736,0.7622549418136484,0.7770967939770443,0.0,0.7406331135222924,0.7878950312979802,0.8073861491590171,0.7873703864055945,0.894047760888372,0.8652322257607052,0.8864954445530439,0.7100075453640927,0.8029708026788595,0.9017282633558382,0.8450111106494244,0.7555055175294305,0.7867848547537836,0.7959495527208793,0.8837235143218077,0.881357861765168,0.6498499010112085,0.8187217580559606,0.8298087199496603,0.7943573886245858,0.6447045262981879,0.7237361021669113,0.8011888622386849,0.8038116969842168,0.8466694769770349,0.8775673684954923,0.7921576563602012,0.7220239860737594,0.770597390371631,0.772220167562387,0.8922200385245124,0.8271269020496889,0.8578515473472316,0.7440620654729388,0.7704856882984583,0.8705275227695316,0.8156613911322069,0.9277112705482378,0.7813274850853487,0.787745677582795,0.7739045525612567,0.9255431368053358,0.7525133486276623,0.8122486509043848,0.8456413355414198,0.8521467816808684,0.7387290847359477,0.8810552819398207,0.8427992757696012,0.8738997118074038,0.8412637090467499,0.880026522081966,0.6772007843006835,0.7685764087615877,0.850161742985413,0.7701526376653954,0.8808069536046399,0.658298341979323,0.7863641345644796,0.8245388171614683,0.7692449860468713,0.8638895871141676,0.7187128656720765,0.8019053284985803,0.9029458529658987,0.7114634576251903,0.7398958376758037,0.8471195977749048,0.8867377822911907,0.7588478461003741,0.8359162777163086,0.8141365987888053,0.7291713463778859,0.842956179383945,0.9201625787781125,0.8149883763837594,0.890446502416757,0.8154162884691928,0.7864480014739957,0.8202150061320131,0.8200725675455549,0.6941735445701673,0.7561590667842285,0.8441047893011905,0.8101137340494681,0.7422134024434951,0.8330453143928002,0.8211667804120989,0.7795495471119533,0.9104453646503994,0.7898638472266215,0.7393474378705848,0.659584438710101,0.7507234708545328,0.7790749161886709,0.7850069483544649,0.6566108418329323,0.7130419152855455,0.7707580046252419,0.8231316603561232,0.8341513572977316,0.7478362737162155,0.7664766464854182,0.891033468482529,0.8583884534341605,0.7527776010701617,0.8502280819925123,0.7550335715782259,0.7819101190217982,0.8275739496598167,0.7496668399530584,0.7923236314240026,0.848935999719464,0.7045081698707425,0.835654378430213,0.7122459282758251,0.7760284696259706,0.8897793129201638,0.7550639565366752,0.8824692657979081,0.720512971322584,0.864691837760458,0.8023922784155636,0.7626233974851006,0.8280668933589078,0.936856512074267,0.771756141662611,0.8405349962689334,0.8694321276823117,0.8810513060854651,0.8369496523290334,0.7476883278680558,0.684138712369393,0.797937574655629,0.7488659812439723,0.8925753860273483,0.7680351407578843,0.7546916949877279,0.9090263145703821,0.6995789448033967,0.9038990628744904,0.8342711534519778,0.794219893436662,0.7026948951922448,0.794126318715248,0.7722142059187443,0.7867364177598551,0.7487591738497409,0.8527133640095387,0.851844524662369,0.8164800760753399,0.904934476888848,0.6956480221084661,0.8043668327996223,0.7294626396426118,0.7904175952614155,0.9006111276099287,0.8708653085797466
0.8078406926065177,0.810938007638315,0.7856411896435589,0.8462014577280291,0.8126885480430392,0.7406331135222924,0.0,0.6626474505649997,0.6543719938804167,0.8318751448953262,0.8371460373819133,0.7939389596747418,0.8380162943017576,0.7664195842665069,0.8716842689787364,0.8109091523784905,0.832370713696104,0.8337570751958283,0.7294595789741796,0.7097312225383796,0.8019175847818628,0.8291212348920033,0.8418818080905474,0.8568230041762482,0.792592796953332,0.787253651759035,0.789676837403559,0.765241009571171,0.8042499503616994,0.7787619587894968,0.7394099280606605,0.8456297205430001,0.8070360984023125,0.7580642822847985,0.7561387312797523,0.7474384399709978,0.823409757315397,0.7029269828464809,0.7718329055452708,0.9065991522130828,0.7469483391115324,0.8164398214870732,0.7691448995244033,0.8283329048369318,0.7642992543327987,0.819726593006211,0.7822423075886572,0.7894166111232589,0.9185920586806808,0.8014036417728317,0.8893600992557275,0.7549003784974755,0.7543212100229025,0.8445852209657708,0.8585342276659325,0.7423624812388456,0.8088678824340583,0.7467049541288012,0.8413800288230918,0.8276667890509095,0.7179431550419375,0.6963459864403917,0.7203342453285472,0.6773337748950352,0.7847609569919207,0.746017373219863,0.8084652899656538,0.8131003886575809,0.7515347309754283,0.6883537687926933,0.7825769985455313,0.7654941924960778,0.7077429212398457,0.8909033320251605,0.7155543554873526,0.774507942519659,0.8925868866657938,0.8787089828118707,0.6449398095609602,0.7266204561240542,0.696144183817412,0.7541888744965023,0.8135267578662516,0.6428876940494103,0.7461713635091974,0.6922848811811596,0.646027904845495,0.7970595075412603,0.7645778855634172,0.7189059960884888,0.8541402755129136,0.7801636751980371,0.889408468819754,0.7884295354636933,0.8448899065603825,0.772586625793805,0.597201321391338,0.6661338790822843,0.6471871438258746,0.823207467484402,0.7563361544104363,0.7245434616216057,0.7223571754006521,0.6718481213608389,0.6921084589517942,0.7730363600095322,0.7821757288521253,0.7176333207641528,0.8823963616747306,0.8250291708107519,0.8900564475957157,0.7532667003786941,0.7513017366576379,0.6973877192918922,0.7402926564331361,0.8137126954773841,0.7162617295375519,0.8624347882979382,0.7902730942085591,0.6580629245328021,0.8303499940945999,0.6160286365802293,0.6797181651304035,0.8796169046446574,0.6294035743455367,0.8102180241916915,0.741064579337511,0.8065609311506954,0.7365291411514402,0.8021811938587851,0.6710997952208932,0.7151581907345465,0.678511340301882,0.6583519003769416,0.719398937205773,0.7633183926840833,0.7345660578198875,0.8535069304313684,0.7413599778039692,0.7652200876069418,0.7047878497870601,0.7843478198581817,0.8767861901043448,0.6940366478547708,0.8071514985998914,0.7622011676850854,0.7293200212552151,0.8236559135171538,0.7142187722440785,0.5781707802486294,0.7095924596914422,0.7434276743218453,0.8210104752792843,0.8757736361046438,0.7608601241497382,0.7487644201211351,0.8314850170183729,0.8329219155567393,0.7963208550645983,0.8887328126135895,0.7617081505591404,0.691018252530137,0.7598838017751971,0.8148105950631209
0.8025676368105471,0.7609742151317203,0.772156922451731,0.8414302818862024,0.6261427036729815,0.7878950312979802,0.6626474505649997,0.0,0.8471339616900503,0.7510761710615367,0.8129400215328995,0.8087006544915164,0.8467845174172384,0.7046024842392163,0.8157499767721027,0.8078992503344763,0.7591138990937538,0.7962303859976588,0.7789258623761998,0.8130078959312933,0.7593722608215329,0.7816224982367586,0.6886274250956225,0.7246736528027374,0.8098171811396091,0.7659167500509575,0.7864502780420496,0.7813229647446505,0.6893708415990821,0.7083608429719088,0.9261409107511718,0.7940721767540431,0.8287874881341287,0.7569099694494452,0.7697748888166094,0.8180345143794662,0.8293902367859901,0.8875280707719255,0.8366883745623304,0.7197342555932076,0.7555235424163355,0.6828408479517015,0.82846230797286,0.7467305014925548,0.9062393247572035,0.8306469975099152,0.6383494955576843,0.7720388925576599,0.7275336296005721,0.8083121780403348,0.7849296186901222,0.7323741327053969,0.6733425732270123,0.8242555158372442,0.8355610685587672,0.6816445983681485,0.8022648233696535,0.8302993505723932,0.683532566337248,0.805750235977187,0.9160300039809974,0.7241019272083445,0.8304265375677587,0.6777310429712277,0.7283496467231048,0.8291613427386068,0.7971456710533446,0.7325264793802205,0.810387821121051,0.95758609074119,0.8023869145852353,0.7373465206797558,0.7198814078500759,0.8237711670056878,0.9065786411348252,0.7086263642231246,0.8057865260987644,0.6669647452144033,0.8534572041277467,0.6067100468198765,0.6842928209342177,0.8296257402260899,0.7189518255143242,0.8715367462074755,0.7681357051476705,0.8690010542921193,0.8927697670880428,0.7624036644734422,0.8458439714474232,0.8106455352275225,0.7486668601721105,0.7257304539603945,0.7576239778466715,0.7484357402779483,0.720388645339403,0.8070722585219379,0.8525393186520687,0.7333440549379425,0.6028026670187008,0.79868284590361,0.765024645935301,0.9090310047275864,0.747853516593623,0.7879153042483853,0.8625258741336312,0.7978592688464938,0.8530489816635484,0.7397549232322311,0.7400017470016409,0.7143304145072396,0.7474273023702023,0.7705094572652194,0.7625086366377345,0.8908925844940528,0.8251358121196738,0.7616575438536614,0.701394777359209,0.7602436343469333,0.720409479361535,0.7228370239275558,0.6981544516572153,0.9087449500575634,0.6745414946355706,0.7451033594291587,0.6228428688044049,0.8280609371357601,0.6859018449749926,0.8568464977713975,0.7820577492815725,0.8051338586726349,0.7773053945050523,0.7800288181926418,0.8341249846542927,0.7657538976672373,0.8626318506218144,0.680863447075671,0.7460107821612295,0.7562251118895694,0.8022817986834726,0.8729236396425506,0.8255818563027119,0.7330991333038459,0.7356922609222688,0.774174461210885,0.7910704759398236,0.7129001313713117,0.775384467100723,0.7362413142687562,0.7805805433851113,0.644884237689367,0.883965408920912,0.6860053807377345,0.8079584423593513,0.7005059946280904,0.8327685177030124,0.8944963539160196,0.7604744128324517,0.7639224301626798,0.7030273209319992,0.717535174298491,0.6774576076742299,0.6806327194610124,0.8743349991360219,0.7379897734323142
0.8130191286479229,0.7590775015935737,0.6949197920940238,0.7487322036434837,0.6009901984141494,0.8073861491590171,0.6543719938804167,0.8471339616900503,0.0,0.7020340196811079,0.7520906250981392,0.7269901502677502,0.8009022883607619,0.7253798837679005,0.7378421274651046,0.7271813807315086,0.6949871245070264,0.7378335724437239,0.7158014208429129,0.7666612309281825,0.6915870769567408,0.7505768064738104,0.6219808071142433,0.6696177003899145,0.7560529597417693,0.6702720375589181,0.7022474130561098,0.7189488765916677,0.6488806546608492,0.6982601108137177,0.8741354245060249,0.7712485066423443,0.7400832807815899,0.6856095748830509,0.7689232197673901,0.7162240780847666,0.7934340459205441,0.7753040627899406,0.7443670444980711,0.6590757489182627,0.6461763587189555,0.7414224885760582,0.7050624606508024,0.7103527365822828,0.7791623748290504,0.7235945698207105,0.6172799424690304,0.7188809984679226,0.683769371624803,0.7292896176294331,0.7291227686438376,0.6826352346031204,0.6953430182359037,0.7494222636206022,0.7396468320445102,0.783647664217872,0.7453662546979115,0.7391736753039637,0.6612306063771242,0.7386145275669604,0.8529994842658056,0.7183930211444347,0.7416353365558891,0.6343354330736608,0.7328114383240897,0.7685937903308057,0.785950100957905,0.7304272077490261,0.7077889450818992,0.845308701320495,0.7858566193411599,0.7071746697449784,0.7489831501881686,0.7500644068049698,0.8354707143296799,0.7354561462596123,0.7422430551487633,0.6330538359839504,0.6936068792484319,0.6389158266957451,0.6848610487771517,0.8402986232553377,0.72335083028891,0.7722353865477433,0.7160062260696329,0.7764534403311463,0.8561717268578726,0.7316726851409072,0.7854768192468592,0.8590037567904167,0.6976551761663878,0.7711256138745847,0.695017662250178,0.7527345435313689,0.7456726637863574,0.779433400674053,0.8161569107396579,0.6891203759523776,0.6503266172562093,0.7570478971939311,0.763096222316846,0.771533893353097,0.661563915190895,0.6523008129009553,0.8007172788706826,0.6989584620306136,0.7279567867868881,0.67586323127735,0.6605651094034553,0.7049360225929991,0.7109558752484517,0.6963166769964967,0.8059590518295845,0.8352646929843619,0.7265097220133546,0.7234354898779359,0.6899230982432045,0.6913596191587025,0.6670425518468427,0.7617911404080616,0.6655187478825083,0.7719684228526448,0.6781199041413368,0.7218936831110392,0.7404042204155256,0.7314436197715246,0.6983271366856321,0.7665665182297944,0.681177003519731,0.7089920999511308,0.8499009214099689,0.7409849533407293,0.8226833860881395,0.8444405451047078,0.7865048904176951,0.6972573563941625,0.696249000386388,0.6769297877174454,0.6641566598844443,0.7498991614240004,0.7621864145166594,0.7495978400269097,0.7673003804056896,0.7495149681030692,0.7335024614383685,0.6728391778856828,0.7594569411600107,0.6802064104628587,0.6973362712791707,0.6174816610965328,0.8254329442118179,0.692587135310165,0.7325172813187176,0.6427487900658864,0.7126513624694432,0.849654532768083,0.751208691041963,0.7188029333173827,0.7041498860554785,0.7189016459283852,0.6294547833014067,0.7500899838893572,0.8339815157079206,0.7388904463448722
0.8061501007489715,0.9005192718968792,0.8367580624538318,0.8071943444539964,0.6956067262657595,0.7873703864055945,0.8318751448953262,0.7510761710615367,0.7020340196811079,0.0,0.8415689139288544,0.823945551734902,0.8590395390482879,0.7859374721841415,0.8343402059344659,0.8161936451843105,0.8178742799229338,0.833642854288691,0.7655564688242626,0.7916938823582681,0.7823864302187385,0.8494203475672586,0.7886404330825935,0.8087395392753901,0.8959077379641877,0.7316324341294141,0.7920668094589448,0.7939001576253572,0.9040908199132233,0.720604354271467,0.8163954456707038,0.8520606201705297,0.8043053910563619,0.7609672803858987,0.8155566042968974,0.796855145226994,0.8258466860138998,0.7756528516441898,0.7716016262277194,0.8255305113910074,0.7621972620536225,0.7886724440004648,0.7696096671849083,0.8052708047313168,0.8267159974816582,0.7947302519992046,0.7300387657404703,0.8106262266869815,0.8620492004036352,0.7805158521350951,0.7881195345559632,0.7220572671293235,0.7306378568474411,0.847207535641928,0.877586674184113,0.7668231430290341,0.7716155753175624,0.7488580728705636,0.8454049292947018,0.7938421841979385,0.7870620342734914,0.6654562792873884,0.7229481780735819,0.7490903408390155,0.7424294513156848,0.7562004192860542,0.7958285740249798,0.7690779832892222,0.8214642849750857,0.7610492540726793,0.7463466000987787,0.7944796694271475,0.7187941400845494,0.8381472667225127,0.8050429517590031,0.7808606069687272,0.7959901644868846,0.7713005951473885,0.6882510823159445,0.6664596032603345,0.7368189245479508,0.714043389434913,0.7770637926935757,0.7483878296324775,0.7243112103020115,0.7678256276903318,0.7063703121559852,0.7625978711777064,0.8039868731284038,0.7383177870984521,0.7488072431763517,0.7693579598184239,0.8418982692736993,0.7580518150880184,0.7754054285593908,0.8725220214816842,0.6633367730238179,0.7599457786262599,0.6342667587293762,0.8079124349590757,0.7958482434170655,0.7419740277314917,0.7073421438353993,0.8588959919599382,0.7277670818999485,0.7575266433403646,0.7913663215233497,0.8094325985069062,0.828802717572269,0.8427218510828502,0.8222062759313092,0.7177842424699014,0.7654104597078716,0.7634735737985227,0.7473561673487447,0.7679699727581681,0.7704878144031976,0.8919654261157789,0.8305254214624255,0.6862979259440525,0.7320889173560703,0.638159993508883,0.7121245583820449,0.79368214834629,0.6715011171957186,0.8802008129737023,0.6822563974271918,0.7835238120113837,0.8501647206861721,0.8256645966834584,0.7910833156467121,0.7191820310895114,0.7045043089430874,0.6615960357089631,0.8194898245011936,0.7709704187553018,0.7806239649816723,0.8154297886382137,0.8265325268126289,0.7709738133264841,0.8162376393194739,0.8122277666805523,0.7986841781555682,0.7409681503810768,0.8390012893459339,0.7432331068856991,0.7153094595873357,0.8085430843093644,0.883219708397817,0.6491110874933558,0.7319576186501712,0.8218981005542854,0.803688732582371,0.842953583347774,0.8282724819667591,0.7942976686876184,0.8061035979848398,0.7956441788697659,0.7888987550974673,0.7642718263919168,0.8423109590435812,0.7359942923278726,0.8669075653834054,0.7436348643070922
0.896757825617068,0.8617972314165415,0.8893005108361344,0.8772743891245842,0.8086754602046744,0.894047760888372,0.8371460373819133,0.8129400215328995,0.7520906250981392,0.8415689139288544,0.0,0.9136528742698623,0.942399404084622,0.7338711309103965,0.8940143943478668,0.9515955843460938,0.9097912241171018,0.8570378878447601,0.8355716579680783,0.8332506852579386,0.9076199640037765,0.9192700529167243,0.7825479998732422,0.9205813260638207,0.8993638122886888,0.8645419025123913,0.7746797463488171,0.8335669434929882,0.8532598482106073,0.8350722685838335,0.8555222880878792,0.8845145297716963,0.8509572639161296,0.7967444738481934,0.8097190592252281,0.786836011659267,0.9499152101926772,0.8663575542733836,0.9067060990802077,0.8653072628039563,0.817599590378665,0.8484042069869572,0.868561632759403,0.940089681399667,0.849635068474312,0.8568789509903562,0.7459688404692894,0.9534055451056919,0.8781749331962454,0.8315260628923229,0.8922550539007112,0.8416232851058866,0.7132922636343444,0.9225267665351166,0.9225704947242617,0.7758382614890046,0.8982057012371945,0.8977572142083556,0.7432203413567178,0.82049407290144,0.8695687022096664,0.6956283587527571,0.8621512233690962,0.6748880583077493,0.7722755034557894,0.8313189603714164,0.8298504102483064,0.8547228430048771,0.789349975751597,0.860100297475074,0.8725260266582948,0.7611882801267871,0.740539017220328,0.9260364309742904,0.8848570983264704,0.776010264365107,0.9214205986028988,0.8673163350327079,0.7787875077177348,0.8080874636308164,0.8230372028778798,0.7947683672117484,0.8853880847582448,0.8216850458150281,0.8098389120391882,0.8435573750548815,0.8151125373891802,0.7349044380229375,0.801462268294031,0.8228993603274881,0.8655323371353281,0.7075802792308585,0.8961012035020915,0.8447150115434385,0.8054073435928037,0.896529052222677,0.7062324574621432,0.7262051968239007,0.6151078668023584,0.798350323577433,0.8177034927570287,0.8317619618420163,0.7035974686006375,0.7593668067254229,0.7611465145921095,0.8559135917624631,0.8594704738194117,0.8192830164178269,0.8387430961823171,0.9192276979008057,0.9261276324230012,0.7976285537984749,0.8219036007172672,0.8198740719288498,0.8271028225108913,0.8878627861738733,0.7610113059476296,0.8937160117766,0.8682171937968276,0.685974737223717,0.8773867636647416,0.721054145952604,0.7706483718044852,0.9322098643149875,0.6994408105248219,0.93961446238235,0.6835692904808405,0.8927908895705469,0.8330138967048177,0.8305749624709422,0.7632688648152631,0.8689745174937575,0.8219615969264287,0.7889160014998364,0.9038501640381661,0.8301244435375493,0.8656998883622002,0.8503043563813867,0.8097420620064255,0.8731145042519448,0.7931801713595203,0.8411597689220598,0.7893461667198245,0.7225975382699321,0.95197985095413,0.7362392609734206,0.8452380119756755,0.8585750105857834,0.8229721124908312,0.661012989166216,0.8527376220924844,0.774668337775116,0.8882097909515428,0.7988019739111376,0.9141040113847945,0.8988117418304459,0.9279454141825466,0.9370314104833696,0.7893770432947731,0.8621140702180045,0.7547444125340171,0.7717880145257682,0.8554646511580497,0.9449052862192212
0.8264612994154646,0.8376719693013153,0.8580893780670774,0.8038726750914145,0.799200525038567,0.8652322257607052,0.7939389596747418,0.8087006544915164,0.7269901502677502,0.823945551734902,0.9136528742698623,0.0,0.8470504136435174,0.6577025967970473,0.8354929531872813,0.9366875615599454,0.902697638753163,0.7875212707960898,0.9097916516517291,0.8197933532687544,0.9098858816862251,0.8403408307488014,0.7997426070142034,0.8746191128147933,0.8839158317931881,0.7995561065055166,0.74056759863234,0.8198115652952536,0.8188864244560472,0.8945237666610171,0.8660134043339787,0.8790279113599372,0.7932088443381498,0.832658752450652,0.7611190086425866,0.8034211580316485,0.8508156121857557,0.8357411649875294,0.926256999770124,0.7954628627283012,0.823823008454046,0.820350443773893,0.8636456848862415,0.8823538874476666,0.8273359799087099,0.8510286832064955,0.7630338262502081,0.8711512711635131,0.8456864866560885,0.8341809118638281,0.86229099035346,0.8261888762167824,0.7034489835668261,0.8804646673571866,0.8969019554536888,0.7420646552802507,0.8924341120337363,0.9391654520214711,0.6913360291375136,0.82958470248369,0.7902211792740798,0.6949956898420407,0.8312536498031863,0.6765011320528204,0.7357715569420921,0.7852475147091832,0.7197584814286114,0.7554828602826573,0.7372997392300655,0.8002803225661069,0.7897029842712289,0.7151064452990596,0.6723925999137379,0.8642501722746506,0.870123527070809,0.7427716395174707,0.8607981162955558,0.8398874944644137,0.7868970206525412,0.7547110965362609,0.7717455991901009,0.7576861422282092,0.8501400027201419,0.7648769159069942,0.8123294258633341,0.828888051477325,0.751742266874912,0.7033403880402468,0.8029604749253176,0.7688463487034753,0.8369307928625962,0.7278265332051811,0.9027137696360582,0.8144457260400951,0.7136004752883447,0.8430901523475332,0.6985744535661437,0.7594274267591685,0.6104983020680365,0.7596495247440637,0.7444791250789303,0.8179241175519573,0.6985028312780253,0.8097229177581933,0.7499031173214679,0.8566388399464951,0.8816660779170097,0.8235949553867504,0.8154727152896122,0.8667975357458146,0.9118630868663952,0.7914831747344856,0.7194074791620554,0.7978528771209512,0.7958824949358957,0.854764388505403,0.7831028548121166,0.9021741551111209,0.8237780968837232,0.6457561222855023,0.8371169253357864,0.6993835695723876,0.7408261753316765,0.8884292808637597,0.6217748516091591,0.9158816102620915,0.6760348468081648,0.8877341624166974,0.8491985667712428,0.7487563472051938,0.7913704831229221,0.8507539643499648,0.7301559904981386,0.7376022423230262,0.8446071079254672,0.7445826898903358,0.8782757845274596,0.7899076700304783,0.7751271294489919,0.9219420167696706,0.6945728441596138,0.8182315300400017,0.7693916590742739,0.7137217190368574,0.8843055866923789,0.7267952599111303,0.8449441409285465,0.8371399832935017,0.8505735111200944,0.7169781480210631,0.8125884113009564,0.7688348948267915,0.9026476369929264,0.7860293345973879,0.9469289278126835,0.8001004774344375,0.8257101505560528,0.8997116887088061,0.6779547097438423,0.8094552495474451,0.6843290531663321,0.7280328319925393,0.8655322851860512,0.8559246351255371
