0,1,2,3,4,5,6,7,8,9,10,11,12,13,14,15,16,17,18,19,20,21,22,23,24,25,26,27,28,29,30,31,32,33,34,35,36,37,38,39,40,41,42,43,44,45,46,47,48,49,50,51,52,53,54,55,56,57,58,59,60,61,62,63,64,65,66,67,68,69,70,71,72,73,74,75,76,77,78,79,80,81,82,83,84,85,86,87,88,89,90,91,92,93,94,95,96,97,98,99,100,101,102,103,104,105,106,107,108,109,110,111,112,113,114,115,116,117,118,119,120,121,122,123,124,125,126,127,128,129,130,131,132,133,134,135,136,137,138,139,140,141,142,143,144,145,146,147,148,149,150,151,152,153,154,155,156,157,158,159,160,161,162,163
0.0,0.8161164284603212,0.8225762667017481,0.7899742342795965,0.8291273834833333,0.7888173135334552,0.8110752442051008,0.8032000511192294,0.8638668154154683,0.745506469753789,0.8716409430089254,0.7620967007993921,0.8801147752603629,0.8430105695519498,0.8059927146746706,0.8495172065543962,0.8929023549191344,0.9391060466702376,0.7930658887792394,0.9372583802288456,0.8451256400542329,0.880881268662049,0.8352879732164737,0.7769567187925378,0.8558409322259806,0.7716658119415418,0.7609441927454593,0.8473160116043839,0.746770827055439,0.8095016006632225,0.794788485670875,0.8547823993939003,0.7672964184679641,0.7665970036560059,0.9138366555271817,0.855693018741662,0.8645489118995912,0.9127942323824082,0.7372213366687788,0.7882786204354532,0.7874902035776075,0.8556065309250037,0.8709377681513104,0.8237287661081366,0.8101195222467812,0.831847456980221,0.8204575975387771,0.8087779861824737,0.8946952362973227,0.9589371571769925,0.893200106715408,0.8689815211284421,0.8776940619406671,0.8152541476045935,0.8180342919655742,0.8683873315368784,0.9519904677770976,0.8226799114320348,0.8385148606619903,0.888862991551748,0.7880807943717193,0.8199659989291916,0.9037022440508754,0.8468555275627501,0.8727455448078799,0.8369472071250145,0.7585190936825514,0.8408416706241054,0.8934037595386449,0.8689329263892117,0.8988980122602456,0.8625101665658621,0.8471321474703969,0.8763445688941655,0.8607361737633681,0.8085952460505847,0.8151594340906171,0.7638430912568271,0.779322253490449,0.6561691878419985,0.765639945074532,0.8988860294205401,0.8101151432482657,0.821999282507884,0.9062926369257092,0.8769094386179772,0.7989728156406561,0.8639392994856872,0.8331290543320735,0.7472795603609746,0.9294426942704064,0.7959529038264376,0.9025306725965508,0.8830399947376171,0.926020492603224,0.7701157069782323,0.7289150543854344,0.7822689475629651,0.8104473004751879,0.7885405173883575,0.7645123251685891,0.7558085900820349,0.7567483760414605,0.7241067325749542,0.9302517639412162,0.8399019484664683,0.8026489592932431,0.8340917715195595,0.7993324911947728,0.7880856862624027,0.8132138371269462,0.9248378609738572,0.870081160852062,0.7792374397294454,0.8720263855660652,0.8514987433154736,0.8480425331663152,0.8464508100134127,0.8283486859528003,0.8173158328812953,0.8834701182179299,0.7936560692700737,0.8866172516530073,0.8070006466666781,0.8397170736009001,0.7349071944762435,0.8163930619139514,0.778905512801479,0.7886386926756804,0.8202650429352198,0.8018269305694455,0.8157196948729492,0.7952563625580582,0.8529550988992008,0.7970848072101687,0.8504972737309481,0.8075561824975954,0.8068882061374804,0.7761894721773694,0.8375812199601359,0.7550495506180241,0.8613955182220485,0.8992820603175772,0.8526904110980299,0.8190097341965493,0.8187348387193025,0.8495565805663757,0.7213598329729684,0.8058464377942341,0.707723196631213,0.8615594680457774,0.8147971036714727,0.9012100370243447,0.7845841512606435,0.785582123972106,0.8321364361836069,0.8259093171844072,0.7593759302422608,0.7603821558997551,0.8799459139850137,0.7381893580385975,0.9024396963195344,0.8828792600695268,0.9035354139473925
0.8161164284603212,0.0,0.9001466220943721,0.9011361569433227,0.7635391282157437,0.7826788563869508,0.8561119222119485,0.8766878518510866,0.7046412649921793,0.9038054306122161,0.8980601703275845,0.8456665269546353,0.903555608605547,0.8551229835737153,0.8947332674544861,0.839854171315761,0.863269000222999,0.8604766231745958,0.7820351962464782,0.854808175438737,0.8306463790426243,0.941099144970744,0.8703482969891885,0.8856626391345588,0.8770994369362278,0.7774893542179155,0.8323306815726783,0.848272787031747,0.943069594755888,0.6963939874067319,0.8094994294319738,0.7783868604774712,0.9226989814712903,0.7737930493514169,0.8432794333444155,0.9071839691872787,0.8528489599562996,0.8773674579654891,0.8476732823500341,0.8852119821532903,0.9351859454165662,0.7305127236158423,0.7678296040456731,0.8188334405533915,0.8943483660721844,0.8571755970507319,0.7439165296088457,0.8270369396659241,0.8892366312834387,0.8482053820058814,0.826332754736466,0.8028544161868568,0.8554827869163156,0.9428970493800666,0.9209266478585517,0.8025233651454239,0.8445989604396857,0.7713076340424548,0.8412213650916754,0.9205599939825792,0.9042862253295745,0.697880412544278,0.779985302332438,0.8108182704729042,0.734468133331276,0.7541414732684386,0.8243433012526105,0.7822169669020135,0.810618870866215,0.8289971884350447,0.8024034396531647,0.8414114966587737,0.6884092709085626,0.887527475579959,0.8401303005403019,0.7394903582899728,0.8287506404516155,0.8134732939265716,0.799354250838727,0.6290799964801421,0.7609468936442413,0.7665337019274446,0.8508005810259094,0.8867825322303151,0.7243247580200006,0.9352437930077471,0.688276797497916,0.7239226915597625,0.8334676549312988,0.8633330915878488,0.7866055942261404,0.7387133953049457,0.9135581546286591,0.8185652443067435,0.8426690909953582,0.8924501387012701,0.7347902918980128,0.7769322933380798,0.6579688292062998,0.8249746556685892,0.8688849455191682,0.7408429295322169,0.6478877167167443,0.8560675987289844,0.770845322067767,0.8221222818710109,0.8217374415051876,0.8681354427090615,0.8879929830824314,0.8800080339137806,0.8101353402296395,0.7565047917945634,0.770311195846474,0.7486677963663376,0.8627548457744316,0.8632580896465265,0.7685223492678459,0.8351875164524972,0.8527661081348944,0.7437063800292758,0.8231244199278939,0.7608552715352022,0.7499631066915599,0.8408526489030922,0.6938020320260895,0.9100366203497927,0.703647240825598,0.8646842028621698,0.9310030786656907,0.8868441558214417,0.7333997150885333,0.7465575485664175,0.804622274812442,0.7772886190855594,0.8828948740858348,0.8067497167298298,0.8292103845235943,0.8729679525061775,0.9047465803217084,0.852190923241018,0.8846120250450689,0.7936405586644244,0.8684507201178051,0.7888350610809512,0.876195231727217,0.6774605680373615,0.8227747302803861,0.8596369999126973,0.8643942184268706,0.7059011393053425,0.7629325949075821,0.8690910802750403,0.8834440763470027,0.8946724153978821,0.8848022794528223,0.8789835988162376,0.9220973017802517,0.8230290590325046,0.8576066710389447,0.7489365863783064,0.8574491722532139,0.7423697836295549,0.9007066036203188,0.812250965028244
0.8225762667017481,0.9001466220943721,0.0,0.8329717041620113,0.8705807541768614,0.8964108190737624,0.8515910956384757,0.8473406609921383,0.6831867055624709,0.8975741665794383,0.9514323317949758,0.906914799527383,0.9242465720567804,0.7734239272170579,0.8170356063274847,0.9654633232716552,0.9428417701280192,0.82639632673864,0.7980085451181168,0.8021095584204972,0.9301598794301862,0.9492643676921049,0.836725637985424,0.8584137136769989,0.9087107386328168,0.8258008075852177,0.7639856699291133,0.81757762587447,0.9039600542968366,0.8077691564429912,0.7393488330990516,0.8750763093980599,0.8235321489976816,0.7669419908776351,0.754633360144886,0.8615296015959745,0.9011371898963519,0.8552338655420108,0.8235522511906918,0.8330213980011463,0.8525145814920713,0.8384859839263903,0.8475338915712946,0.8625714574458163,0.8245841056530897,0.8291544564521238,0.837468134014122,0.908033155442828,0.8797116356580411,0.8569755819539787,0.8858482832695056,0.8720203586375217,0.7767028314980992,0.9149552782489275,0.915336194491212,0.8603771090851534,0.8580926623405064,0.9046456344783967,0.782868795106705,0.8490076603947349,0.8553016152344862,0.7481561010046124,0.8744835035530849,0.7638394820429885,0.7102652690386558,0.7532003403983857,0.7581690244027773,0.8653413902675329,0.8319423944659137,0.8495634629551028,0.8414456471614654,0.7352828053030999,0.707920150546863,0.9269745754506971,0.8584351718375648,0.6878092379590278,0.9140043039373315,0.8988728470054654,0.7509761326704969,0.7220371955289112,0.8538355425067133,0.7515259798562032,0.9126057221572141,0.8418352148306407,0.7787394137181483,0.8670818142082269,0.7463286513385805,0.718493075348235,0.784152045692419,0.7744124836365667,0.874388606218136,0.694071100316007,0.9358009137453465,0.7698621824134048,0.8122827847052634,0.8906328273297296,0.686527442852052,0.7758871691197582,0.6435665134049238,0.764283625192681,0.7403879515265049,0.8212741432365523,0.6639538814285278,0.8139385246412398,0.7501436758301928,0.890278142148905,0.879220856400754,0.8891407210529105,0.8464387777091256,0.9222886242341855,0.8797783783046764,0.776400537080119,0.8066399798595005,0.7546879367642321,0.804012574630841,0.8724117206012721,0.7549552527231493,0.8872550702189845,0.9492984290784786,0.7193698525881085,0.8482612540520048,0.773494793169048,0.7789676941509461,0.8824502718734982,0.6357582863477554,0.8913783545294466,0.7407717225648665,0.8879814430929507,0.9128264827385867,0.8070834891267236,0.7601623979742632,0.8873232103677885,0.7402654803209541,0.7226802556438652,0.8235570744429889,0.7706098881660525,0.8408762643431418,0.7886795785055267,0.8082946531226892,0.8400882600373392,0.7583152361264082,0.8697467166275316,0.8129758745027016,0.7923065127039479,0.8999812002691374,0.7162019560264002,0.8656229688435431,0.8715023785026573,0.8785178335026814,0.7433837051636835,0.7107957296226038,0.795485139139223,0.8687818454070676,0.902746328356086,0.9360450892191645,0.8245413676948775,0.8730121001649797,0.9168692386114454,0.7252247691719769,0.8420671401785973,0.8037842541178517,0.7003511102403831,0.879488781059455,0.8416043167785914
0.7899742342795965,0.9011361569433227,0.8329717041620113,0.0,0.7278401432697288,0.6874698558204198,0.8870697600707416,0.8604079596237987,0.659790785489315,0.8122290557543979,0.8588883199587471,0.736071439797415,0.9175643177088227,0.8879920622019766,0.8880955163628071,0.7828101108003499,0.8270150219323111,0.8713861728683356,0.6703475598115406,0.7824923992701491,0.7747223221340919,0.8885878878186637,0.9146015693724697,0.884148013173672,0.7820273939381257,0.8515025420544173,0.90009443704382,0.8577048311968802,0.8314578826307447,0.6288274243073826,0.72242615053988,0.711189146063342,0.9501169560130431,0.7866645957355046,0.8071927302302544,0.8584239749588677,0.8504296800969569,0.8268963797034907,0.7674977835218525,0.9593978008377576,0.8970702646425208,0.6899882131940644,0.7250405706417479,0.7564214458013389,0.9266948488688841,0.8807648035018849,0.6972393096329862,0.7618932542059372,0.8873048323461539,0.8115216198704992,0.8260473358046572,0.78676601095119,0.79193739245386,0.9075381137253455,0.8606807609031558,0.7381388712263561,0.8066462671538677,0.7054430156322681,0.8589422691014731,0.9260917814693058,0.9071709916384169,0.6753528361294285,0.7417646556246323,0.7707610248940836,0.7017025016696283,0.754099027826881,0.9402158342066107,0.7825649854425055,0.8104955944953973,0.8163323611823271,0.7980720839084355,0.8328286376030457,0.7184937456289977,0.9236520105017763,0.7746766430936943,0.6874049828635955,0.8761501075538046,0.7963630130882852,0.8043909644811548,0.5866768455975081,0.6673481057548678,0.7718887428229078,0.7799945538433235,0.8509656715303441,0.720661086522698,0.9026079137852759,0.6755007311151926,0.7417397096676829,0.8237681150853389,0.890074030573755,0.7921453040772507,0.7034566898481467,0.8281709832179055,0.7770623726622264,0.8834203043290239,0.7913527018800474,0.6743767053787656,0.7150823174704953,0.6315330289000101,0.9058903154440955,0.8396101703509484,0.7383074871212171,0.6906509781298564,0.7337017081573127,0.7491068270221136,0.8266583913638663,0.7957550596145079,0.8194742056812281,0.905736960168077,0.8148928008721499,0.7814415987617341,0.7672760179045458,0.8004399059091575,0.7334182376702837,0.880017578269176,0.887457989514136,0.6748305875380524,0.7362923965775551,0.812399241917176,0.7670835090226849,0.8009207188206428,0.8123516778748222,0.7131700223376874,0.8094001277257014,0.6317721343865401,0.8215155869122677,0.7330408548686541,0.8555107047386532,0.84305370613289,0.9083567447835347,0.6550974718796186,0.6876950930709301,0.8549647349733357,0.7488515478272072,0.8100623243355678,0.7219801078790266,0.7234700353678502,0.9086472704475955,0.9371349185923432,0.7657881387503402,0.8695357793223173,0.7085685553319928,0.882003910121652,0.739456062468954,0.8170079853470864,0.7040637451217588,0.7515882957540799,0.8040389457031617,0.7327567539226348,0.6150668447757793,0.7572675710131171,0.7193893742896061,0.8472441874269722,0.901522104917292,0.8004565520683699,0.890357385722686,0.947893901242928,0.8036553684790998,0.9179040146961549,0.7712247784072332,0.8420937795974985,0.6557603174491144,0.7876983304819283,0.8037143873529098
0.8291273834833333,0.7635391282157437,0.8705807541768614,0.7278401432697288,0.0,0.8099989632009391,0.8369310701423336,0.6883517476775441,0.6963199730456165,0.7072483903692623,0.8903207517364986,0.8366452768723355,0.8100879369306667,0.7001404416324135,0.7895336604953059,0.9050658456214133,0.8656343178193285,0.7773943692019406,0.7260797435964399,0.7429510147176912,0.9022943092333787,0.8729516658486645,0.7732698638421266,0.8353640457162733,0.77722801911328,0.8380167131776515,0.6771481021809924,0.697700237359142,0.7735940058277987,0.8716190247478851,0.7072902224357585,0.7907675517689283,0.7396455748861809,0.6906296713281785,0.735097344552525,0.7737418574146997,0.8708114494822888,0.8079718868367616,0.7995062838302602,0.7706000292364962,0.7939563396071538,0.8369719786786911,0.860538844917165,0.909138607701171,0.7095702289910047,0.7625747639870271,0.8869625181275325,0.9067341273728494,0.8339281163064658,0.842092229442965,0.8769887513215978,0.8836744089978408,0.7179247658744484,0.8044624701275908,0.8075625677455114,0.830092759588324,0.850997199042134,0.8849676248396922,0.691182674424883,0.7684082966279586,0.6846989100396779,0.7451961856221797,0.8592142799142838,0.7078046281811748,0.7272707735782078,0.6951047205989404,0.6776313712167429,0.8864039650342184,0.747362032591029,0.7456376006150994,0.8784711025918412,0.7068222721818476,0.6707196186953986,0.8320963716972466,0.7368280966259412,0.6533656348713259,0.8484482274262036,0.9252338804011907,0.7041112699570868,0.8086134844465801,0.8094332716910607,0.7639775536361475,0.9219282449092728,0.7138209657986065,0.7767013438707193,0.7860854078716467,0.6850883274963677,0.690048619808553,0.660246850221303,0.734873487191502,0.9286679156854506,0.6748324566905863,0.9002965944095757,0.7411623590453646,0.7821223606471654,0.8110990469634167,0.6094580796734765,0.6766328603856251,0.6908560038601052,0.6647732531356635,0.6949237686133891,0.71998245473057,0.6505333243908492,0.6821553678449057,0.7089907940391327,0.8542980568224375,0.7532802951919546,0.7605339410385992,0.7828170949004506,0.8562238136550581,0.8550337025001725,0.8260343581419507,0.7307220540419445,0.6702611259043099,0.7575477443858506,0.8322889053048041,0.6752285714867857,0.8285046369807962,0.829433515372838,0.678525321782177,0.9519685067867473,0.7047048162609232,0.7813622453211321,0.8912752586746279,0.6866696009299609,0.7784341030955695,0.7028857006487517,0.8425263007176054,0.7476901153930261,0.7561286192480103,0.6921600052125375,0.861318133672152,0.6775111945915702,0.7540714616195014,0.7439522911770944,0.8173583503636319,0.846372635750096,0.7749386257856324,0.7020411132073848,0.8234163870440155,0.652597740144774,0.8317668969828944,0.7531389593992839,0.7282336835880459,0.8801301690463532,0.7277620006593527,0.9257648060399822,0.7737261458345442,0.7403096775098024,0.6855972633448002,0.7079161901251088,0.7120599972244931,0.8099086401977605,0.8143751590271872,0.8291685198926524,0.7577169057387089,0.7951454464356773,0.8769335616112123,0.6754942385892363,0.8462029514135326,0.682998900880441,0.7208730715809805,0.7956208002802714,0.9213802392149367
0.7888173135334552,0.7826788563869508,0.8964108190737624,0.6874698558204198,0.8099989632009391,0.0,0.7085428816899871,0.7846789027972493,0.695669921929815,0.769741627177948,0.8345207397509553,0.8858753248053827,0.8077761736007468,0.6588246481899368,0.6924490526912963,0.9136515054426344,0.8752244706588054,0.716083148908684,0.8594826528684826,0.7718971582397444,0.9129598210647902,0.8212320853975853,0.6754494551421146,0.7307683684349312,0.8367815006893956,0.7124150840943793,0.6197603871033037,0.7280527580050352,0.7611511552912529,0.8436062824931368,0.7182245840187966,0.9062557450827519,0.6886833278986164,0.7212503583533397,0.680701050169396,0.7713803820490025,0.7999273393517997,0.7744828836190069,0.7710051243980282,0.6759920633761831,0.7316738249002844,0.8463732687851881,0.8264704422110176,0.817134996481989,0.7074047858572229,0.7436808118756871,0.8246818550162072,0.8477505956330645,0.7392449931901645,0.8149307565376219,0.8378590178496156,0.8633091042500358,0.7565660993459484,0.8118160353645651,0.8021282730507797,0.882975631841295,0.8430362661005347,0.9250070729746341,0.6708573501212229,0.7556210839700805,0.7856405682965085,0.8057969786783734,0.9119886172131701,0.6841845258380314,0.7182960797423196,0.7676392585988949,0.6374662556073938,0.7955030575989755,0.7269769076123485,0.7786967463445069,0.8088160646430355,0.6411600492153807,0.6932622171479833,0.812770310975948,0.849118837774837,0.690235735706482,0.8136630519762478,0.7866210559920058,0.6985834902144684,0.7851615556077758,0.9266411057453717,0.7427241460138754,0.8469676908118944,0.7676922971140773,0.8072815647360703,0.7695756966947213,0.7905161777998512,0.6719864296317802,0.7354588921522671,0.6871545096846953,0.8071158009169027,0.6864892057342388,0.848042099284217,0.7847496767467921,0.7232835637713919,0.7938954665720431,0.7508411899318129,0.772667151621153,0.6476508363281069,0.6734926933261816,0.6423218895371061,0.811645224228126,0.6272211189380336,0.725245179805153,0.7520990384836933,0.8277232673943888,0.8746507809074107,0.7844571536147709,0.7162862626261834,0.8419358467655051,0.8419820015865671,0.7327679808747181,0.7898054591585749,0.7046404952114086,0.7262831901930642,0.7724119517107589,0.8029692892351421,0.8138481669003401,0.8783620369187204,0.662208447185386,0.769694720591566,0.72688369633471,0.7991674969184206,0.8201734938511068,0.6432694820332784,0.7845374762448628,0.7456672920851535,0.7935521493813403,0.8160702169813135,0.6694843053132828,0.7771955943761929,0.9644663751096593,0.6666515901193798,0.7161034697007902,0.7586485403698625,0.7427127074513282,0.8077461014539513,0.6499583539227062,0.6460394021656393,0.7958641732803705,0.6449870649270052,0.8794255152357753,0.7441853219822446,0.7713281487162484,0.8008819255218279,0.6720179502118998,0.8521428275538829,0.7863921201495776,0.8210343598622128,0.7836661663150399,0.695248095105152,0.7716286662804691,0.7875916272082627,0.742885783096561,0.8644380828030901,0.7272779825580845,0.7363913780816056,0.843008485318075,0.5938199175770171,0.817613962066314,0.6856410422879772,0.7271319369231503,0.8435919886031273,0.7742130116683215
0.8110752442051008,0.8561119222119485,0.8515910956384757,0.8870697600707416,0.8369310701423336,0.7085428816899871,0.0,0.7436297825597137,0.6309797269088799,0.8077328601282575,0.8464733378634669,0.7716431103272122,0.8931356449081124,0.8386594146166969,0.9142850343530087,0.8099133732428446,0.8166966804921405,0.8384499105346972,0.6556571282688831,0.7565561233291008,0.8297708249178144,0.8815744039620849,0.9011223553620952,0.9175077713928571,0.8084220895467938,0.9202954735879451,0.7855256127764416,0.7384285664102611,0.832222927631904,0.6622422705369705,0.7531093563883453,0.7718613362278097,0.8914493751886553,0.8072358592510209,0.8074958832937895,0.8723101857769555,0.9224357887354168,0.7808863254080949,0.7930026136045158,0.9348194901866539,0.873155955717073,0.7201878618482882,0.8236730470779614,0.8785194347274515,0.8861948282751209,0.8869562252854694,0.8426419924426186,0.8652944348341982,0.9527645934164108,0.854029894674858,0.9057070630722208,0.833080543153991,0.755248101187555,0.9000992189378089,0.8969414888447684,0.8128555058366463,0.8113023298086891,0.719357209642636,0.8741255254577359,0.8856824891144948,0.7880158988802586,0.7398219749386648,0.7651614370767268,0.7884478720237662,0.7585298733890927,0.7676897664103526,0.900323474988744,0.9117663611566162,0.7907732166256776,0.7368502504754506,0.8846186063926333,0.8418235304513588,0.706343449276283,0.9250291442450483,0.6919266722356947,0.7409932006319145,0.9192260525663234,0.9036774197081272,0.7644535569117116,0.6653471107687161,0.718128544724891,0.7887862595914528,0.8410960560290837,0.7501020584615812,0.7435972249988452,0.8222914909263821,0.6586612059975179,0.7959171878925887,0.7707886586207608,0.8476747869790571,0.8457458016295762,0.7766884374790982,0.8837065308550994,0.775871739378875,0.8707123925866338,0.857332505458696,0.6381841110799533,0.7471450478722755,0.689459453928875,0.8636203966294332,0.8405344369363008,0.7577807889398811,0.767035055632247,0.750689798115688,0.7311454615193766,0.8725807107192064,0.8040190359257654,0.7658723860588244,0.9404637636379592,0.8936683175805188,0.8738404094651805,0.8228660550672756,0.8151266718166441,0.643548188179724,0.8418132889592485,0.8318359323203988,0.6743596646929202,0.8162982751238134,0.8557669897783253,0.707657979837676,0.8794666087572928,0.7401450072122088,0.7553430400236731,0.888381834549313,0.6600834228735556,0.8426153538654605,0.7546659568833328,0.9008047408453579,0.8323232414470226,0.9198623942394326,0.6172915123675662,0.7060574308162486,0.7317002055202266,0.7000289354906869,0.8066222788490934,0.8161107410040255,0.7838317030706877,0.9325683199183284,0.8600774670635563,0.7897633810910957,0.804456815224484,0.7689503338035958,0.8690256012820947,0.7388663677698154,0.9044168592079989,0.8107947291388748,0.8078358159155458,0.818759442318038,0.7546726384782453,0.5903417231660557,0.7417788662878779,0.7093380485958238,0.78914260126924,0.9684906976033337,0.8242561269625526,0.8773185371053451,0.8749215174339857,0.8551097791927963,0.8524683712618795,0.8416371655408454,0.8407360884557661,0.6741305018535121,0.8305778081822551,0.8173431370777748
0.8032000511192294,0.8766878518510866,0.8473406609921383,0.8604079596237987,0.6883517476775441,0.7846789027972493,0.7436297825597137,0.0,0.7385171994770859,0.8426827735069613,0.8564902547226858,0.8052912805007221,0.8849610123703092,0.8011056173385882,0.8015975998681276,0.8244590332998583,0.8269597839686721,0.83115289554927,0.7884589719179229,0.8480435345063002,0.7819213555780232,0.8606949310200048,0.8014460981014684,0.7681591663837983,0.8652804073042276,0.737930949579012,0.815722587880414,0.8653642930487453,0.8176057201915264,0.6958616651252112,0.8049517489833846,0.7886749482430737,0.8388721055356733,0.7741262776998359,0.7909674568793919,0.8602052558443788,0.829489140499994,0.8760516514583658,0.7896448857178139,0.7865037556732888,0.8192158367490157,0.7127892504270873,0.7717575472225318,0.7361912200388072,0.8896790388737398,0.8230417748587955,0.6776308091907834,0.7691511377400647,0.8089500027670704,0.8164770764523802,0.7905070681181381,0.7568185956665535,0.7865622836027653,0.8629381778874917,0.866597132664227,0.7492628192677177,0.8198357198833696,0.7927061406666501,0.7790536752277504,0.8691918752526624,0.9581390421368432,0.7122403430086687,0.8027490760283257,0.7656803287501945,0.699790706725037,0.7738581397059556,0.7932066498209188,0.7404766354896073,0.8274429509977537,0.9337113704971393,0.7717264588581783,0.7759826507792081,0.7153016879132906,0.855927256678881,0.8813188550257484,0.7125681353374227,0.8165663680037193,0.7212548202041359,0.8245458572970852,0.5829543329024733,0.7182970134267936,0.765884297887783,0.7705639954760668,0.9217244882665816,0.7442401118143972,0.9055824725805285,0.8310418075112618,0.7405227871348797,0.8797071651168944,0.8092418920710877,0.761941726037814,0.7049467983159451,0.8311705427691367,0.7787799616756312,0.7904418986654055,0.8198809932134725,0.7825515542122666,0.7679035805311941,0.6306510100040571,0.8047025969487321,0.790265037827879,0.8418147025487591,0.6717683548679437,0.816309873421938,0.8175337560641931,0.7992401503553067,0.8373750998994456,0.8458457882430171,0.78965893393269,0.7739794307809775,0.7536605415459802,0.743365695525775,0.7884806939440878,0.8161205843656489,0.8363000335935462,0.8109992482828156,0.7570757391212916,0.793617539935579,0.7991204884904308,0.7583050664845918,0.7340253799182996,0.9039663847365726,0.7172390039503463,0.7612684484881412,0.6495410887732471,0.8343730031218805,0.708523334026169,0.8264261620034467,0.8694838871422071,0.8101699120744059,0.759768395357764,0.759701471897386,0.8700639219321595,0.7549638117539087,0.8408448908110935,0.7086306038149667,0.7613084554539452,0.7717981849736575,0.8478635457566426,0.8419878570181397,0.8433006607758562,0.7658177285705923,0.809180555019262,0.7932019430870814,0.7976488593165058,0.674685150705425,0.7688392913495944,0.7836432704332283,0.8351785714760831,0.7045869140110929,0.8056410741628292,0.7937928828216179,0.8490706148112167,0.7906657062466569,0.8481689367955133,0.87716275156229,0.8516253722144567,0.7690683013896853,0.7680889731933399,0.7413298155898973,0.7724673262699198,0.7110383961457598,0.8660959449026739,0.7565986882026099
0.8638668154154683,0.7046412649921793,0.6831867055624709,0.659790785489315,0.6963199730456165,0.695669921929815,0.6309797269088799,0.7385171994770859,0.0,0.6426767586700867,0.7602150558591605,0.6740871686790944,0.7030689152699415,0.7404290823212232,0.6617973360894233,0.7114242401089534,0.744058932101583,0.8014396805049439,0.7654310612231756,0.8557008455306438,0.6865304225500538,0.7620836275686725,0.6847157949749074,0.6141316563457719,0.7377206874257036,0.5885545821036037,0.6976709097579538,0.7739587517046282,0.6469519127622794,0.7885078370635437,0.7387296688776547,0.7228605537806201,0.6328870220100613,0.6141549698276964,0.839297544191746,0.733024109436295,0.6840809975747741,0.8451291192033092,0.6564950770166614,0.6221990057455894,0.6467073159079243,0.8021401303924173,0.6987503465187072,0.661518415339022,0.6591749281432837,0.6339526077807066,0.6319719340097892,0.654686975557546,0.7115339704008408,0.8012625503197485,0.6958590718798322,0.6767083649091202,0.7759210699431816,0.6688712017775719,0.6815646355598297,0.7222922951481984,0.7948499340208605,0.7595383865046991,0.6919919112115618,0.7273033882921949,0.6852750496489071,0.690786827343238,0.7501983466613289,0.7762024524346522,0.7491981648779191,0.6618368538376934,0.6162616498566061,0.6475863625906784,0.7993598041781113,0.828613194624843,0.7110549573170888,0.74003024007602,0.7901821330828783,0.6876971194239712,0.8310213230894093,0.6599714055224272,0.6415071183083177,0.6054149365112662,0.6316234506385807,0.5452808638425911,0.626854931124475,0.8080446866741021,0.6718519096888285,0.721326149307031,0.776110197278678,0.7589052074930419,0.7797479136355732,0.7440013168274184,0.6952696823852353,0.6414104464727064,0.7857992457398637,0.7114352521421594,0.7541665314717549,0.7244842182386328,0.7896616060433673,0.6548987723139676,0.7009625026937787,0.6631590950248131,0.7952449686125256,0.6250277599691421,0.6674600892956123,0.6461003658706406,0.6320518645517412,0.643947295759473,0.8633894266137078,0.6376566850415742,0.6357585349613681,0.7337071325723498,0.610885270117505,0.6203963222346034,0.6508017748440064,0.797009074612969,0.7121681861769432,0.8367409872834165,0.6953237811955246,0.7065926744632899,0.7396642407985397,0.7412808797186148,0.6596602777861671,0.8032177843525694,0.7301288799550548,0.7186029562396739,0.7395863860334111,0.6286361066355941,0.8827231954733706,0.6081288133349739,0.6993811445034087,0.6297457179085354,0.6535474743426987,0.6596916276845529,0.8588257717289197,0.725592428966299,0.7447075197912827,0.8889498765577962,0.7044042612357816,0.7084863229772799,0.667389412631749,0.6498620294128133,0.6580562916880066,0.7440029300543907,0.6534011241697014,0.7745462020360582,0.7639250519783122,0.8402814295557405,0.665166306821028,0.6704237176847933,0.7495052343295648,0.57849848486441,0.7178302053791802,0.7385002294569123,0.7953401295134507,0.7593472833317401,0.8438548270436883,0.6110815587973096,0.6462038143508145,0.6927430546070752,0.6859173625788298,0.5977712385755369,0.655966265946179,0.6980236817726887,0.5789932015474202,0.8881226244092082,0.7601044272111501,0.7961966657334986
0.745506469753789,0.9038054306122161,0.8975741665794383,0.8122290557543979,0.7072483903692623,0.769741627177948,0.8077328601282575,0.8426827735069613,0.6426767586700867,0.0,0.8427212943796186,0.8055377519859436,0.8722351531916411,0.8129263542887729,0.7811780124089786,0.8272576438596624,0.8239293614487182,0.801207342091161,0.7261904286593912,0.7756366879896315,0.770734439615087,0.8621089650094099,0.8369281739616804,0.7693655739138259,0.9192745792960573,0.727403780445458,0.8008819596952612,0.8104139541446274,0.9333184333478238,0.6758175094491969,0.74089019147543,0.8195075707282738,0.8079535550336987,0.7545259392539305,0.7623887193074135,0.8570570404768568,0.8214678801052885,0.8032350363008863,0.7431059953920137,0.8019018249054396,0.7964343247225455,0.7236921334132523,0.7512552184118227,0.7483393939212708,0.8476239775075044,0.7785023615413224,0.729817787204939,0.7941393159337373,0.857308642688748,0.775250025268463,0.7666302959893759,0.7173460076212492,0.7422019648496243,0.8495143369480012,0.8998931937094976,0.7765664740088265,0.7370882994029683,0.7506637639895876,0.8393553900548877,0.816230533395249,0.8491181592325746,0.6825849921936108,0.7288388962261448,0.8063568052026567,0.6585556371214252,0.7021856340316305,0.7738279619588703,0.7631416103860953,0.8432153049516752,0.814998439340139,0.7219456861904586,0.7705949332923512,0.6858984048091317,0.8416216690299139,0.8005776523052945,0.7121324743175079,0.8064555001705946,0.7764501718924042,0.7058482252205381,0.5918887820137837,0.7341100025768573,0.6713707277200418,0.7775255914137374,0.8333217470891305,0.6845747184753824,0.8104454551602529,0.7017914409518785,0.7364437358294639,0.8263498099232499,0.7264165143989991,0.7409590704519298,0.7050859161153583,0.851299506240012,0.6996073086529795,0.7635610876138527,0.8773015152629434,0.6641581521181199,0.7941043966670249,0.6273066364889897,0.7845633317071827,0.780996201139848,0.7729039384835467,0.669576791694605,0.9028310914274258,0.7244515446644817,0.7717816773239432,0.8032625829060309,0.8708286019366193,0.8153164036811029,0.8250313506814809,0.767355669589657,0.6952456978179996,0.7641669562222703,0.7514984021184434,0.7575887182527684,0.7625250155730794,0.7481413027293514,0.8676885204626343,0.8693612584567464,0.7212931627554602,0.7129158415169318,0.7313784792179132,0.6970920556886164,0.7534648577811828,0.6164598361453555,0.8740816047256417,0.6915314855307281,0.7983865267026944,0.9318366660867456,0.8133218545412477,0.7392395560845321,0.7187663820443092,0.725777932262541,0.6398525696788796,0.794339562234016,0.7075721266873205,0.7561649651392446,0.771527910964796,0.8552216286044084,0.7652278704444266,0.8302779393236728,0.8052682737754188,0.7773426844385951,0.7726827707762299,0.8230340025452387,0.6969965871487227,0.713805965537241,0.8163463167199191,0.9198790752885537,0.7052131844791524,0.6663335285990194,0.8156974559409037,0.7869960932459327,0.8757702434530676,0.850426598982895,0.7932936536933466,0.809398040207397,0.7785527528428438,0.7604426722586929,0.7390464802085538,0.856273724117482,0.6749023211504217,0.8594907992672887,0.6977879824699514
0.8716409430089254,0.8980601703275845,0.9514323317949758,0.8588883199587471,0.8903207517364986,0.8345207397509553,0.8464733378634669,0.8564902547226858,0.7602150558591605,0.8427212943796186,0.0,0.8800729284230612,0.9200179603944972,0.8168191708021865,0.8378298157524556,0.9505362663936741,0.9408978568048506,0.8763318768165713,0.7902873463753155,0.846107908639199,0.8929111986972856,0.9766284347975356,0.876314590239007,0.8613567202680619,0.8912893783783223,0.8250043388840312,0.8262850505606909,0.8614641405230234,0.8933417408643672,0.8373588749333108,0.7613149122174444,0.8222872550119013,0.8356926808351649,0.7476849262083722,0.8230497114308538,0.8703539717357162,0.9089233051842741,0.9325922256208651,0.8345194085692718,0.8468978891971247,0.8632566437709802,0.8499156171200937,0.8287771728354748,0.8555921897674051,0.8262205660670604,0.8051522864663346,0.7836768482897555,0.8910136513761386,0.900968173752755,0.8720554861977783,0.8625730023820738,0.8488058923534619,0.7796798561692441,0.8930919229807238,0.9030594673315907,0.827225074146029,0.8811501929087606,0.9105166764070426,0.7787754404541559,0.8630610189096828,0.8422991038937864,0.7166630616788178,0.8569655933620214,0.7985070051543668,0.711228931559798,0.7179676251314353,0.7683505240053419,0.8364417659173262,0.8649552543120519,0.9036005313311528,0.8412429430422399,0.7823202297446963,0.7338543930804692,0.9083807143101157,0.8780850649579912,0.6695376216569794,0.8860281809386298,0.8797096592778503,0.7593743941927172,0.6891652369221365,0.7790846242693027,0.7803972556681222,0.9025593860260716,0.8664310458123601,0.7881917604345857,0.9150807939658372,0.7680254024696392,0.7267020043273907,0.7679178734420739,0.8064763756617195,0.9162431051079238,0.6895913562617263,0.943983384544818,0.7681685804223872,0.8540657037437925,0.872974341062042,0.6684600408724561,0.737289396771659,0.6835935545968373,0.7478885595724396,0.7822879533448501,0.7778563597978947,0.6570665699369191,0.7845027062237241,0.7807141594450437,0.8547870353224815,0.8029906580177879,0.9077557552362179,0.8236882755593864,0.8742565947683507,0.8449484880268351,0.8283093098059551,0.7894244356966575,0.8234155280265171,0.8248491396544663,0.9054663561178276,0.7291308418625279,0.8815673194598029,0.8889487563279588,0.7822805064458132,0.9007554621800452,0.8043934817466001,0.7912252018592338,0.8566409243630303,0.70332401216684,0.856475466793201,0.7212920414322471,0.874191126790027,0.87141471133294,0.8282407465911744,0.790053700921834,0.8558591993750033,0.8212299015539959,0.816452737229019,0.8375414357804754,0.7793717966835931,0.8392412194521102,0.8270302421253322,0.8447898078859629,0.8660038483607327,0.7728502398292578,0.863483336325483,0.825666113164393,0.8142401843957023,0.9064282287726754,0.7147071082831123,0.889101663259628,0.8101447537737348,0.8496475457480138,0.760327797766644,0.7682135933894969,0.7960840484319551,0.9312402032836167,0.8629207649545219,0.8951506928225313,0.8487735274657056,0.9144345628632512,0.8695292522680653,0.7785151306738899,0.8320872261106194,0.7560394500877378,0.7548566665545479,0.8643069481177196,0.9263007296529185
0.7620967007993921,0.8456665269546353,0.906914799527383,0.736071439797415,0.8366452768723355,0.8858753248053827,0.7716431103272122,0.8052912805007221,0.6740871686790944,0.8055377519859436,0.8800729284230612,0.0,0.7925589799684201,0.6650762449395906,0.7861292417081551,0.891587407597229,0.8328343479751977,0.7132954124334386,0.8768767304333874,0.7963174122074892,0.9238824824851987,0.8723129899770256,0.7379337802090072,0.8280010004422319,0.8834326849180127,0.7536121835386813,0.6552967869361229,0.7130023918355233,0.8416406758796583,0.7847575608184432,0.8176128502204003,0.8290467448050771,0.7559486314903441,0.7765231834487848,0.7298150481282747,0.8451273097696924,0.8403683899408868,0.7975332013929667,0.9207786222428537,0.7244688673619885,0.8194375096431692,0.7746288746724146,0.8471251674281487,0.8953152462649158,0.7748688094688575,0.7568972472574338,0.7877234578795811,0.9245068684209282,0.7998396784820299,0.8184375377450949,0.8303659598182809,0.8222278628932418,0.7098491191064109,0.8860546407210257,0.8937038888030858,0.8011949800249449,0.8277318955730689,0.8950204984633713,0.6911717713690729,0.773520119368655,0.7926528183483398,0.7047876172787897,0.826227822835856,0.725741214753563,0.7057332482731387,0.7163247603803775,0.6774308901578667,0.7832261288180131,0.7113034970641773,0.7735820419046915,0.8048352968958107,0.682515072446166,0.6404657250912817,0.8129869336211368,0.7801679250935056,0.6546032842102674,0.8240980167756718,0.8312385348971904,0.740443041249222,0.7164304931952199,0.8185164024613286,0.749765656162008,0.8635669913178188,0.7569925175021679,0.7493650919853723,0.8143638882108709,0.7584406034628124,0.6575524168622923,0.6982348219964404,0.7657204594798281,0.7854138453902931,0.7139197591114609,0.8875325160378376,0.7522732236588449,0.7139960531807386,0.8966171753741048,0.737805191450576,0.7936655650174842,0.6384882758288445,0.6720373999912778,0.728875976942947,0.8248386202837831,0.6453108768956096,0.8389936034368035,0.7143600230615463,0.8136022701516513,0.8378816618931493,0.7952600714806682,0.7555777633936198,0.9141861912552409,0.8974480890891288,0.7608038153340948,0.7173510456373805,0.6820513302338869,0.7278670618394327,0.7585811400455333,0.7236951287855806,0.8868727434315578,0.8650544147025151,0.6290787552756676,0.8165949235054905,0.7181592309453153,0.7726718194779191,0.8446544805868442,0.654817516453949,0.8786812256024672,0.6659489502894671,0.8696362530235819,0.8774387013445389,0.7270037632720994,0.7008044520598751,0.8550643397673648,0.674951625573878,0.7401478901788775,0.8865488873893608,0.7770423027471423,0.864497185757661,0.7301828474107774,0.7333392422715397,0.8943745561170061,0.6934152429668806,0.8370245166710472,0.7442131454723149,0.777729190750481,0.9061149738905973,0.6800024961021105,0.9068960830351402,0.7899532780462474,0.8753984829874744,0.7438689416094629,0.75766592167368,0.762997651180464,0.8237889527707184,0.7989005988882398,0.9596115121243513,0.8022861854970051,0.780390475025842,0.8526811774797189,0.6529318899305221,0.7383279556518201,0.6850119503637766,0.7001288551363586,0.884816504766531,0.8018280366553875
