0,1,2,3,4,5,6,7,8,9,10,11,12,13,14,15,16,17,18,19,20,21,22,23,24,25,26,27,28,29,30,31,32,33,34,35,36,37,38,39,40,41,42,43,44,45,46,47,48,49,50,51,52,53,54,55,56,57,58,59,60,61,62,63,64,65,66,67,68,69,70,71,72,73,74,75,76,77,78,79,80,81,82,83,84,85,86,87,88,89,90,91,92,93,94,95,96,97,98,99,100,101,102,103,104,105,106,107,108,109,110,111,112,113,114,115,116,117,118,119,120,121,122,123,124,125,126,127,128,129,130,131,132,133,134,135,136,137,138,139,140,141,142,143,144,145,146,147,148,149,150,151,152,153,154,155,156,157,158,159,160,161,162,163
0.0,0.3767039501977361,0.3848359441493418,0.27193790614140073,0.34475336813940666,0.3421402645344143,0.3053650381586859,0.38300064346109425,0.33022183911283226,0.36850330543768783,0.3953496055446026,0.3467172048407951,0.47971955539589467,0.3175115489511773,0.35630336455175077,0.3932587867610049,0.37005161760714267,0.5196265021341391,0.3649323187853317,0.46361367327647424,0.4187308366218948,0.38478887176116083,0.30747420464618996,0.417882218937801,0.46091367150870716,0.30311498337055004,0.3073493200291833,0.3236684788871622,0.3287520771041946,0.31479807257439835,0.4014019861510639,0.40312708411455783,0.29847996302646174,0.293445399996689,0.46686261710050303,0.3616879693657508,0.48208581646855814,0.38313706668236636,0.29457969601346845,0.40904348185759887,0.3438337052061872,0.33684379039039575,0.42863746729801183,0.37930061706168605,0.4038333096525981,0.39906788500265195,0.37339122393918656,0.42628811221946405,0.43974926605824716,0.4183684057876791,0.38703924426709635,0.3731249414554086,0.27983180201468333,0.32733827327724946,0.3440134150429122,0.3171828931071523,0.45658431559312274,0.3588583058975974,0.3621878394776955,0.40833125377347795,0.33698983132216376,0.27039343447996794,0.3727057916234504,0.3081294386492169,0.32874958503036605,0.3696777685851672,0.3211846843189867,0.38143618835208337,0.3466412664409589,0.4182279162103584,0.45133237944202637,0.39246826331729906,0.3389254205710281,0.3778057259809381,0.38069249775472364,0.399261084793554,0.27568283233456997,0.33575358777564573,0.3167717227514063,0.2859028877137927,0.320360150290761,0.3826738001866224,0.3314017107893277,0.3549202161782881,0.34880455547705136,0.4151875472401212,0.369531832116595,0.3628637170922912,0.434869299508093,0.27913364484253383,0.3784936977085813,0.34377835449366423,0.4013296829862341,0.393462852458453,0.3190256575237133,0.3246860189184528,0.27715144488977544,0.3250605163646889,0.2934049865860922,0.41463029266485046,0.3268818531010318,0.3248075830595217,0.29417390821119593,0.33670286820726314,0.42818035641971486,0.36526637485854735,0.3445369622711601,0.31915089826571086,0.40826124193060687,0.4279557119217748,0.3628016588073338,0.3681104701445562,0.3305294049110012,0.27516907546419656,0.3582869078071534,0.3779637781474181,0.37535490630600243,0.41706696616108857,0.2915369517201057,0.2975355711456811,0.3355379696089836,0.2716609503802198,0.3401602240808662,0.4220413782366769,0.30848732624207165,0.37849274248308945,0.26292402766640127,0.33589636332002104,0.31983073375761717,0.38004216273715147,0.30103892083564243,0.30804913031416936,0.290510905482838,0.3185190633120784,0.38471743591906565,0.29356819854021643,0.3740987053462077,0.39955297919983707,0.3338826350298959,0.3894031005191315,0.286650140211908,0.32896660187301463,0.37232662818556267,0.28498749744337115,0.381177244724084,0.323210841798498,0.3309486810266799,0.2844794265486716,0.43296710298328456,0.23782608222657584,0.46273922915907895,0.3074468565046263,0.3859743305367636,0.2756222501334244,0.3678408752714959,0.42167005068232266,0.34352915454357014,0.3413654069883692,0.30510785321971773,0.3129978529126821,0.2989043428102903,0.422009735472622,0.25398466406016745,0.4495382635302473
0.3767039501977361,0.0,0.4106917335863628,0.33597302607641316,0.333109096718253,0.43844677746349947,0.35945674028853075,0.45449658357873324,0.3846378298893189,0.4941556755009746,0.364833554814911,0.35847436963760887,0.3672594082684893,0.3949971484323257,0.41844683776611075,0.3232399736453485,0.31328389827733377,0.3545151313416597,0.32979880945066775,0.30742384124139704,0.36042330386361565,0.4726051772101442,0.2960312818653324,0.3675700724458654,0.3876505479461102,0.28372997836675906,0.3142142935371223,0.30198402983624656,0.4735310500903211,0.3333538928642082,0.4427045226532654,0.34182122284430017,0.40512889474425756,0.2554977020589406,0.3323036360691588,0.32188563090860617,0.3980976739134015,0.3383763286383436,0.3269810187253824,0.35591186484657833,0.35236123728083546,0.4040805816398225,0.27772344207382466,0.32173482397348485,0.3821214996463027,0.31960035419604765,0.32648481316902217,0.3059784918037728,0.33023917113358053,0.2979917673263458,0.3943772457027236,0.32393102812209734,0.3226228672387864,0.4323250304265803,0.3489681358290658,0.4092832596332564,0.3409757720072179,0.3455296383580024,0.3504619471368143,0.3630350246730741,0.4133426926126903,0.2798370481043795,0.31096133417030325,0.23975333632550783,0.3009596952265228,0.2916932552882421,0.36959535723555376,0.420863553345258,0.2921418776177757,0.4563676985136591,0.42362181477554794,0.3240223919231324,0.28762554389345774,0.373957499994643,0.3616444688155286,0.33224826519291634,0.31161187679792335,0.42131561639760917,0.2835691626512289,0.311980710774519,0.3359522014640862,0.3956928917849304,0.5088631256128321,0.30462398104056077,0.29473337027854984,0.43539596079521986,0.35035876247417064,0.3191889017821631,0.33186713268362794,0.38936722665858414,0.3395005778572208,0.3750813807616667,0.35930084752221636,0.32584204112030024,0.36709270069694055,0.451367526153278,0.31720593165092736,0.303974322682511,0.28452502231572013,0.37541323318532255,0.3463927272422618,0.29712967997819506,0.2541632710280592,0.32231564243016003,0.3355003806159755,0.305173751220546,0.2775420747221472,0.33560828678492466,0.3540363687973522,0.40204207291569244,0.3218297521503063,0.2743822834383477,0.3518651169701218,0.3114211367072834,0.33100836903614556,0.4486545789331628,0.3192293291617348,0.2786215724073555,0.260878603499299,0.35318046992940844,0.30729889489512796,0.3390022766703747,0.2782333467707585,0.5447894286841899,0.31275696689621024,0.48100629414581025,0.29787415652350946,0.4245502913114209,0.3094685102833132,0.33047375949191254,0.3675378463881684,0.344583253289581,0.31941570433983196,0.36931374831292785,0.31334854698126324,0.2819209128737569,0.2947615363380027,0.32829833554769505,0.2868393454410016,0.3492014961206462,0.34208705471486206,0.35663507903642727,0.44713290180208304,0.30469872654588775,0.3539785937249873,0.2749240801367418,0.4195821312577761,0.3465885969059834,0.38015509961636823,0.22324079940393757,0.3377855708008441,0.3607150519284968,0.30470561032800436,0.3275092499998807,0.34323186669649663,0.45905281674654524,0.3768295534428236,0.44196065488358643,0.32369785790460415,0.3130011420969468,0.3228906758240423,0.404655445566422,0.3005851229027391,0.3780293977919075
0.3848359441493418,0.4106917335863628,0.0,0.33519733330936546,0.33498739425853485,0.3753922172773329,0.30890351986329007,0.5040648319784594,0.3171846916385319,0.5015666327537599,0.3621972489848746,0.3133753555004357,0.4816580440335594,0.35853938441222016,0.3226075625175394,0.43601225479627015,0.4187812978495672,0.3962777131241716,0.298092803158249,0.2971355298353928,0.42528989199431744,0.43049395470961016,0.30889800757030894,0.3364233150420525,0.3844620865998448,0.344421441040745,0.3706591529517162,0.34443037805008175,0.3364174936900592,0.33211834797474027,0.34302407055504375,0.4325569465590443,0.304749915000714,0.29103659528959025,0.3246492682070096,0.35203276286132434,0.43809933757843894,0.36776454413144916,0.2836645668985508,0.4291613126872975,0.3279803757874897,0.4301553784351972,0.30762172463188725,0.3170044932526261,0.42856888306206503,0.3685115970726126,0.3475740544199474,0.3156897272302763,0.36668796821721467,0.3283310523038826,0.3774899480130554,0.36865110256331046,0.2658951471308086,0.36424002589816484,0.33556777545423755,0.3769179785480836,0.3389820925652077,0.3853194640307608,0.3627311878316973,0.3834267580842156,0.38591256486304987,0.2999232512480309,0.34646838034393734,0.27899126472922575,0.2883071849638468,0.33023398021522593,0.36896647656514375,0.38607485833065214,0.35539612060279474,0.47811632034112267,0.40371208565977285,0.3310377012909019,0.3655569165245329,0.5564533526446638,0.4395156597162913,0.3221835479097368,0.36354777122381104,0.3970186403548705,0.2911789446425812,0.29292202429282926,0.34777261888327543,0.36484667247040686,0.3528605869723584,0.3573896633246443,0.3581312248246177,0.46249002725705407,0.3668463010940654,0.3072459557978144,0.4025914312888548,0.3085079353609336,0.3829028070260858,0.3226485328844356,0.33736901042926426,0.30197003404654754,0.366178264390611,0.3177078728389326,0.28060959830711457,0.36606783936226023,0.2877634761584887,0.4611228976537819,0.2820754513113832,0.3793350266427432,0.27572030697628486,0.32433946961186194,0.3706602178378145,0.4094263801426099,0.3489006093321575,0.3413980934566664,0.39086883257167554,0.402169014877727,0.3324743928782498,0.3130647825155751,0.3710988868904998,0.32712287931259476,0.3145645587616705,0.4597245777471679,0.31960592883039396,0.32279759061544355,0.3205834410909395,0.38630922472019424,0.33169723444872,0.33575785439215444,0.3048540041222245,0.4113934135055634,0.2657221165745987,0.3844076448026633,0.3439768906996056,0.3906693894339482,0.36395274761496554,0.35733423173590856,0.39837876942645895,0.44917931920098286,0.30420927502801576,0.29127210182797053,0.3191418105677252,0.2475144539196123,0.2574003364974276,0.33285243129342484,0.311171668691428,0.3429004682858109,0.2611095695170064,0.35552821438261034,0.4034781982496705,0.3151501324061807,0.3609439153017223,0.2811790992197108,0.345846138512114,0.33701958164245943,0.4072135742960251,0.2700724885606252,0.308739372394557,0.26943085323746596,0.32725609996669686,0.37739527316653704,0.37462241674197166,0.3937085509236358,0.3796112117212852,0.45021157314580224,0.25705194066344145,0.3626176585643109,0.3871439192168201,0.3284005979230203,0.32142222539897636,0.36450353138931374
0.27193790614140073,0.33597302607641316,0.33519733330936546,0.0,0.3140271931746591,0.31823772117665533,0.3575769602823487,0.3167725364198517,0.24957957430498617,0.3479113216176203,0.3601269180127135,0.3104241618700875,0.29806787443326954,0.3359196407285115,0.31871206040082184,0.3064440267568333,0.3193282631431563,0.2965398269683011,0.2960900687523441,0.23460563365687628,0.3553837251090218,0.3149807398455324,0.27752285165848434,0.27396123379909776,0.3156145172510631,0.32700005894538825,0.3203565400665101,0.27638664616580066,0.4054224861200654,0.2458049740880029,0.2996139115823852,0.31087394225274273,0.4347752711620484,0.26425362175864475,0.2963334243961485,0.3468774743645865,0.31656656746619577,0.31213527670601987,0.3223825931816486,0.3524721826092171,0.34300724058125487,0.3297280295127771,0.2680454564874949,0.36358716124212104,0.29228204069344044,0.28789956161486313,0.2290361790890663,0.3134942299660656,0.30619762153356944,0.27904059623856486,0.3909688537240604,0.3342086673479241,0.27651423141315856,0.47413179006183415,0.3938332428234895,0.28733832724174746,0.30970056412869534,0.3652766300675351,0.32621533262587127,0.3278688460195931,0.37171192358744676,0.2816996528921178,0.30649938755732214,0.2537994733949036,0.28568607557322323,0.2824682145485472,0.3775208248359997,0.26617574598682264,0.28397782350316286,0.3418139625720779,0.3071960137614957,0.2900497103450501,0.32416993266813093,0.40176744878349724,0.32088599262029055,0.2701229365694306,0.3885341968919224,0.4183043934873237,0.25836267900942117,0.279400211626651,0.3028677476469025,0.34030610790686294,0.27368625984758127,0.2779520368548722,0.3472661168237082,0.27812391167512973,0.3506574306175803,0.31439055550369943,0.29046800412276563,0.2670362487683632,0.37317747219014624,0.3371884796757112,0.3365279833167295,0.2765076184383451,0.3664844846467838,0.3223721080188608,0.264571450237233,0.30739844424099483,0.29976763669114626,0.3329256159432739,0.30937097835029587,0.37171336708295855,0.34070682896669324,0.3069548686773136,0.31473427673336385,0.26460325173465465,0.2993636454174024,0.26221776548137543,0.3164922632083458,0.29579790918938,0.37455309148109156,0.30094785073977065,0.3658030256752337,0.36239006008166136,0.2954340767572104,0.30094886904671225,0.2879980795752469,0.26687212001410554,0.33375057189832946,0.4051159999596022,0.31118282043739004,0.40009754471504305,0.26920463087553415,0.35456752613337,0.2651448003899908,0.3613270743218365,0.32577116547958185,0.33814420762320335,0.3519271902703322,0.3194795465666457,0.260630207856563,0.3339955838635469,0.3390897792434191,0.33003480973432237,0.2926194349976104,0.23208445602246716,0.19743586207476338,0.3136884560322754,0.27547412832823326,0.306673452251451,0.3672327111218325,0.3549688203169408,0.37203211178921103,0.32403907368921847,0.3383619881050863,0.2505905183432397,0.28281968506325905,0.29253866516542854,0.26747151897574706,0.24306624616546302,0.31733349405244526,0.32054100656029333,0.31514394379491645,0.27428160221595527,0.3536125973219413,0.3161557644072819,0.282056576386644,0.33317010961201593,0.38884632139429587,0.344510352074122,0.3242858936810567,0.31691228227596563,0.3381717504722486,0.3277098026015586
0.34475336813940666,0.333109096718253,0.33498739425853485,0.3140271931746591,0.0,0.27176107936221044,0.36632785643964827,0.304210602120166,0.31714153389528676,0.34217062189171327,0.3694860250566133,0.3139083503304532,0.28171908803106704,0.3091659768037133,0.3910975205026449,0.30238508985537815,0.2830961981232313,0.3396735514874105,0.27383855916554245,0.2751865200219275,0.3376215592152171,0.3761900011931929,0.3152402814102449,0.30592186973997776,0.3123218530548248,0.30027361640330624,0.3209619005275714,0.24436430586493207,0.32109876443991686,0.2942755773976876,0.41763162788107827,0.2924167393831193,0.3015094194058528,0.2592628806592001,0.41342373705333174,0.4059642127826026,0.35959290304303193,0.3196673713113744,0.4042180253652171,0.31696676966169285,0.31530275143828074,0.36779980107623067,0.3108628964751967,0.3809942172605005,0.29665548451912155,0.28351105820714473,0.2849430179784159,0.37199616987269113,0.35834735721178806,0.3358530571933953,0.37125430273170906,0.2739286627299969,0.26849425655874176,0.346533811449623,0.3809415050738996,0.2836210145427983,0.2884337683981942,0.36836734668203036,0.31028934726167534,0.319375982448164,0.2735543027296259,0.2644424175110698,0.2714847706817386,0.311208796058348,0.328245832582547,0.24437154865035296,0.32620593948980725,0.3094839123149392,0.2822351594346034,0.36124095189735506,0.3715239931508372,0.33293291779461703,0.28810536518288415,0.32546473500947526,0.2813005147487696,0.2709954286237239,0.3089627404766076,0.461372591692039,0.2466245630479461,0.2424526025591044,0.266510425187827,0.415558212110191,0.29938164604763084,0.2392882396087823,0.2965643300427231,0.2942049160300311,0.33509950532527055,0.33455211716064936,0.2765737479709209,0.2829317421012353,0.4608241406797493,0.39216875047622884,0.40750871822162255,0.2525768705792064,0.3407613371611405,0.32225075264351133,0.24392092787851152,0.27260843955493835,0.3692478523370958,0.29811325423434726,0.3193013843791265,0.31143813161645956,0.30567156886566643,0.284712047416373,0.32335460699394936,0.2691520644262982,0.2579442138481398,0.27124623222360594,0.3255690808659858,0.30605798672813533,0.33845883436612323,0.36263911904858587,0.29767571547053506,0.3276439966699488,0.26727678002107547,0.2789530234717038,0.2550193127976532,0.35447543029256634,0.24610370715272467,0.36286049338957604,0.4159160310206779,0.3187680954979362,0.25780197292065904,0.37522795797406516,0.3239518130865469,0.32623319695214587,0.28571690100049396,0.3631070839664703,0.276029945092413,0.33204129793541604,0.270788903125721,0.2903944894229898,0.27086554060549006,0.36149580369329787,0.3445462922633019,0.28097874718712135,0.23369347123454373,0.4098206610094773,0.2939059575388657,0.38321305417050905,0.25568032174110633,0.3408740819557998,0.38733239516789325,0.3460385961324828,0.37454138128979947,0.29779035066855464,0.3746376515973498,0.276130248893464,0.2953085814967858,0.23558694647857029,0.3438846707792299,0.2798919774244431,0.35964106446063404,0.29417760216943506,0.31963349145533265,0.3648545752787334,0.2629762825999105,0.31266593403691945,0.2955252782774011,0.29023786774239324,0.2672524977519008,0.32170297131761677,0.2994004764142756,0.4394010271661734
0.3421402645344143,0.43844677746349947,0.3753922172773329,0.31823772117665533,0.27176107936221044,0.0,0.2979322465416066,0.3831642633312698,0.3141337049773488,0.41557728889344375,0.30371819597160943,0.3136751862156321,0.3820579877722955,0.29173388512952914,0.3337523684586837,0.3137837021376772,0.3040162718781958,0.2790264236617271,0.3107806381512281,0.27872047794547794,0.3222258579287261,0.3434459091404546,0.23368184012851145,0.2731794782549774,0.3568559633894438,0.24674897158560885,0.2623089631124254,0.2903435426205823,0.35035788245423305,0.2816432515879767,0.34942190546809143,0.3586834716971756,0.3504829296434379,0.24597462993732555,0.2827857018492658,0.2642231379949041,0.34221121480527106,0.2771071282317062,0.2674039816660846,0.2794768745116483,0.295072810747194,0.3763236675265501,0.2548746644964881,0.31265997019398145,0.2873932973080402,0.27891251340956164,0.27074739660340025,0.27872436442153053,0.25611361251857634,0.2650606176647125,0.32119388626776835,0.3445809989675766,0.26950562562460195,0.35162009528547644,0.2808746900975409,0.4106914934225383,0.2954223676400347,0.3686625247113517,0.270169054045783,0.28622601546151305,0.4395830223191486,0.29366329522768053,0.31183367126668554,0.20683874691981297,0.2731914318835538,0.2797799358525431,0.3265818021623986,0.3630599397784772,0.24764056794505204,0.38557112657880926,0.35784354396826257,0.25462934447173713,0.29760787606520595,0.32776458621619,0.3829511606203923,0.3019801030983454,0.2924981822989761,0.3246241709417987,0.2487025565339416,0.3783314912493683,0.40521697476034574,0.33884633387061897,0.34719729334149935,0.3167068348126912,0.28901335677744844,0.3219131371870567,0.3775510853460964,0.2771562656721907,0.34614754794151836,0.30334803933749704,0.2988998386793504,0.36645957363450743,0.28978483912938546,0.2877792425600745,0.299447244770069,0.38183973026551665,0.29550735757815294,0.3334460984746283,0.25472169671317446,0.35110481984166264,0.27868292575870796,0.289353822002779,0.25380912317123666,0.29375772935780264,0.3066817179073153,0.3070347130037021,0.30222078671528135,0.31454472149408375,0.2832083873980096,0.32548262554933877,0.3039714487354978,0.2422041375089017,0.4112589794424389,0.32079356604669595,0.27027738592107564,0.3586607249345886,0.3316069015155864,0.24164558490847027,0.3084120836264475,0.3572902528148457,0.2522599170046779,0.35966988984437814,0.2768033970633715,0.4101211763879888,0.29934942729408215,0.37860328589724757,0.32228294096308824,0.29251506700826696,0.2975416223915714,0.26420410008199485,0.36069400130283236,0.39644736784029877,0.3061673097803073,0.3150380759640077,0.2828148765573612,0.25690707749189096,0.2490259672573997,0.2513607660081658,0.22708276372681052,0.2908540701917177,0.312469043884788,0.3256085868222399,0.34547648386369406,0.2733229298253977,0.29731493854571833,0.2500152449768752,0.3245545596405033,0.3473243159045054,0.32211458256639053,0.2385585148123467,0.2976809704497092,0.32002495253827096,0.24697797244116662,0.2563270256558555,0.3581647981581057,0.37201924228944794,0.31762132823100786,0.43373741250145137,0.2892372883087835,0.31824697072037844,0.31349842949404366,0.3662854819584494,0.30413981995953476,0.3117858319825095
0.3053650381586859,0.35945674028853075,0.30890351986329007,0.3575769602823487,0.36632785643964827,0.2979322465416066,0.0,0.2854880419034975,0.3040782751127828,0.3387990572886695,0.3299504982755989,0.3516287842678783,0.2874611064093419,0.3358903634645093,0.3952076272980093,0.2646233378113042,0.25023853541304214,0.3016012984994207,0.28960430163953743,0.23491114039181393,0.28904351671,0.3969204795604965,0.3329255270989013,0.31490588027467115,0.3241382245181348,0.2845874079151379,0.3148526223681358,0.24061076319502175,0.3491160627101466,0.2830846019734574,0.3502379879418159,0.2980482148378501,0.3723144762400962,0.2675906895552609,0.2929994950482251,0.3220917347540676,0.3553104825030957,0.2700764139863272,0.3361818076892413,0.3255005121772983,0.30832155109986875,0.31994904052975764,0.2671438946230284,0.3272454453010325,0.3151315412313667,0.2680406705549005,0.2824988288340037,0.2947509894740997,0.3851760843866868,0.26460966917303264,0.3536051943112288,0.2637674553126553,0.2562931020735117,0.38405619794822765,0.3927055761603198,0.2938283974759499,0.2669868998633429,0.3242962260871106,0.32145293600123653,0.2902525770582598,0.2724222511437612,0.2605979438113674,0.24089882583724165,0.2655434149246086,0.2653806269017385,0.2250017230206199,0.36343874532424525,0.3621257651739932,0.2684878456045417,0.31007804491251295,0.33641476545807847,0.27246743702446796,0.26986275125789627,0.3237908188372529,0.24066180417521185,0.2699723521375223,0.35870126483675535,0.41867787121059097,0.223359661087955,0.238053151585577,0.24075414193128727,0.38269019838943663,0.3210496156384078,0.21557777404657433,0.25967371279884705,0.2812377248296077,0.28965979371757156,0.33075880537373714,0.27432821541695784,0.29767982764058093,0.3693593218595887,0.4964970847923428,0.32843312247150525,0.2506222246350872,0.33369026604866325,0.4099987483630595,0.24301288608949495,0.29473040000636036,0.3078053067876382,0.3144902476856677,0.3163429748452842,0.29969408531976316,0.314156686770632,0.2959752876513987,0.2749900407744406,0.25250200182111826,0.23074780571989376,0.2522248457409277,0.3062262349189323,0.3034529161834231,0.37173946356146953,0.2853514978291736,0.29218856839075225,0.2741936358969987,0.24676952464958482,0.27859334623278337,0.24187280164631886,0.3111047449721237,0.25645549279664354,0.3207135833865498,0.28801303196140726,0.3004906718774517,0.23076946351647465,0.3711909856255205,0.2684337430747058,0.3551922961313414,0.2783842546933183,0.3801163741841018,0.2589141117970723,0.2956626868644026,0.24912451947641642,0.24765247662845072,0.26190800447456253,0.31818278021311625,0.26543924661185364,0.23563445550530582,0.22632211798573953,0.3142748961642606,0.2747177539957475,0.321382422417573,0.30512625420667633,0.3027014294527401,0.3934270337764534,0.311756305937947,0.3110485218525703,0.323761033630797,0.3420115076516761,0.28658244247637404,0.2755883225877041,0.2001523738281907,0.29806837024235566,0.3016073999853778,0.2995723856003155,0.3146607028997563,0.3244941445439642,0.3487092630467639,0.2954340466609609,0.3225982932379654,0.3505355927866157,0.3064508767963253,0.2535940937838734,0.28950490121900546,0.2866626011729243,0.33097945175054594
0.38300064346109425,0.45449658357873324,0.5040648319784594,0.3167725364198517,0.304210602120166,0.3831642633312698,0.2854880419034975,0.0,0.3504036271208294,0.48565767703558066,0.3432248058958305,0.3905875959370657,0.4277728405049923,0.3066691841985785,0.3196130332272332,0.4216190179326795,0.40076409790784934,0.36556266791106207,0.34233969677912085,0.3079241893194438,0.42910197130972566,0.3461649242439304,0.30834552067286836,0.34524589244007375,0.41832901201255507,0.30952563459457105,0.38853842313168796,0.3477600786554816,0.3276990306565009,0.3722237716083533,0.4043452356679621,0.39278339810128055,0.3129905938424523,0.2928994200781768,0.3300051150951784,0.34965270011070715,0.40249748919548195,0.40830690693384086,0.29821648260824224,0.38953459907327437,0.34753190083045804,0.41003766882680626,0.3077042781125611,0.3062113778043131,0.4087933649633695,0.36766016079747593,0.35381488886386314,0.3106558401797937,0.34632780999595014,0.32289098801676985,0.3572078884384543,0.3505137708995258,0.2723958420757745,0.325818843210829,0.31502111319646514,0.39192021456132187,0.36076317670536306,0.4539782051152897,0.32922527310528904,0.3708994396726497,0.383143121615079,0.27800047165007663,0.3439736555951405,0.2645573819000528,0.27159529461345655,0.31631093681131217,0.3244841449188544,0.3395588316497889,0.3287909134515827,0.5320243519874197,0.3451481681373444,0.3317484089485721,0.3325099496651571,0.44334495300605314,0.4771738429542462,0.31860519651545205,0.321665209936376,0.3636097283050816,0.33516005067712773,0.29887647425984265,0.3440349368497487,0.34404998747945315,0.3969941546147092,0.37690996877573313,0.37691916152353905,0.513721331874476,0.3959309201173598,0.30103990643259315,0.4517916976732347,0.33686871804213775,0.35493465238489486,0.32191193145157304,0.3297834780612803,0.3173193674950888,0.3352169601485231,0.34942133435060496,0.28020892373769707,0.36867436838133094,0.26441333067087497,0.44850635686313756,0.2796004785316806,0.3673166529406492,0.28281808471504394,0.3611021517648769,0.38065694938482014,0.404897736743176,0.34892410369063626,0.4026148078863202,0.371495072002664,0.41433116927397756,0.31695432305023674,0.3109067974136905,0.3499098216601363,0.35207133993158635,0.33830833662220156,0.53015176084356,0.3643356814705895,0.30930836752966717,0.29520311629366586,0.3641849221898972,0.3213475289189654,0.3760398293957251,0.2979290816783884,0.41771020137113346,0.26819541365832006,0.389383308825065,0.309273262119946,0.4022307193631625,0.36595507190013965,0.3163743698221706,0.45733652774853584,0.39410945192328356,0.3226340406353038,0.296895133021052,0.33127990037657756,0.23797096087483663,0.29927900330361173,0.32998178369797726,0.2995496473020941,0.37207470203080983,0.26472529542004924,0.31792076337998904,0.3838868407595978,0.2815251995472697,0.35997096961649405,0.30049817016399905,0.37956859987326347,0.3434937783750865,0.4314979543319959,0.2802034873157528,0.3514764150308782,0.30246318743006406,0.3303943094915932,0.3448080612067967,0.4503088729741613,0.39698721730658176,0.3553913517158341,0.5005724337616978,0.2504582499242294,0.330482571387631,0.3350622886115342,0.3664596710549499,0.32757305279235815,0.36803248080782686
0.33022183911283226,0.3846378298893189,0.3171846916385319,0.24957957430498617,0.31714153389528676,0.3141337049773488,0.3040782751127828,0.3504036271208294,0.0,0.31896203220975045,0.2801194104514125,0.3122013178580623,0.27208035197480746,0.32327662840941784,0.33061484801035634,0.28796176886332986,0.2592299396805577,0.3015185751231204,0.27198991244186843,0.285570504930579,0.30329999355507203,0.46597852728773753,0.23175771679992904,0.2987358101509109,0.3044554922309089,0.23232500137049544,0.276088348648396,0.23033613449942203,0.30294011803898757,0.3906218306602406,0.42780420868688884,0.29681862417834814,0.2954594289922682,0.21597307359164608,0.3000616809638185,0.2881529820681235,0.31386975536194667,0.34121610486321835,0.3424110899086315,0.2726594454585425,0.27106003612405477,0.3832351588673042,0.2780075055257284,0.2964163468131487,0.29954035155526265,0.2538866125821352,0.28479475058370624,0.27711979908753026,0.2869177515794166,0.28782503481609484,0.2913173568579771,0.24719935253350506,0.2917974685809926,0.30597950746832364,0.2877267837956662,0.4093570305766809,0.2905877837601593,0.309298334518401,0.27800044329237433,0.2684454638753053,0.28995112306933485,0.28395361166004207,0.2546040244429322,0.2579160841207424,0.3023531294199718,0.2425546092691062,0.30065869649534216,0.37186664110993073,0.25584744148222915,0.35338118528882995,0.3870915246026618,0.2979482592851578,0.2702824422422134,0.2865549243501421,0.30862914358205457,0.275186654153099,0.2645285980787568,0.3012265593257905,0.24559144870458935,0.2714788757771206,0.2824246288485024,0.44579155662356706,0.4835698273315151,0.24859706607191623,0.28300818667437666,0.348757329784518,0.31396101350323335,0.3049302579542106,0.2738093163887802,0.4236600749983446,0.3023301534640238,0.3874141300373084,0.3117322397827437,0.26219359167008216,0.36012578429111225,0.40165396945426485,0.32997156619551177,0.2714424645952441,0.33593410905306853,0.2605582522637796,0.34632185131410376,0.28050700578372434,0.23800470053693398,0.2746057006529572,0.3081271305378094,0.257066395973355,0.23413565040635995,0.2658348474026624,0.2668053822995248,0.29987645435245697,0.25538543020042453,0.2936435778108172,0.28476926403371644,0.31546332108262654,0.24397574962012564,0.29970009137378145,0.2560843707060415,0.2995923238612105,0.21226621771504203,0.3091869901036039,0.31246709840362474,0.30180295866916973,0.2509444021767366,0.34785653940839134,0.3895757560166814,0.302479758453819,0.28480090030645866,0.3501819720969127,0.24515521490461864,0.3036715775758191,0.43312451407351427,0.32587185035409943,0.2816111373026526,0.39177413488440455,0.3066920515403896,0.28121069370132434,0.2955096847130384,0.2818877747708202,0.2619380593091991,0.3681192335950159,0.2710781453616983,0.33338506451221867,0.37334697521740756,0.3495650849518491,0.3213447529433643,0.26051931293111635,0.5283661489582,0.30167594213176624,0.31547696356728866,0.23021365679873346,0.32415795364623057,0.30221596360727265,0.29758840089500543,0.308880809483588,0.295055813826243,0.3976160215234292,0.2852587296997863,0.324031271396145,0.28869188560227765,0.2739438479905299,0.24564823284459034,0.33750642889968535,0.3322661127988629,0.35149404105039067
0.36850330543768783,0.4941556755009746,0.5015666327537599,0.3479113216176203,0.34217062189171327,0.41557728889344375,0.3387990572886695,0.48565767703558066,0.31896203220975045,0.0,0.3293978008158486,0.31549580777031583,0.43200971950767203,0.3490225787911743,0.3488332101940706,0.37306085923338755,0.37505042567883773,0.37070746812061417,0.2943067167829229,0.2765596330250283,0.3533011406736826,0.36694849513105776,0.32456563991060994,0.3180595992335779,0.4159290375445566,0.3046822265874042,0.3612958409696316,0.34341475931719606,0.3807275424571136,0.32528811281113207,0.40860267963089625,0.3986876013600846,0.3111632357111929,0.2850586606482346,0.32290923596930704,0.31598017060466016,0.41952098263363874,0.31661073330737305,0.2735173687913045,0.3760126981309591,0.29339426858691997,0.44520173807730784,0.289882543281589,0.3031387214065318,0.3761610644184183,0.3399246007196571,0.3263587210026679,0.30351582234958785,0.3572235617908192,0.2834075257987696,0.3919003732776968,0.32334842123669,0.2673745463941648,0.3668999982024492,0.35846933410025034,0.4190264869572652,0.30965082238625774,0.34954158609304226,0.35537699290010066,0.3468977680439145,0.4087336974018573,0.288548030040772,0.30390448666683917,0.24358334066232745,0.28070018192509905,0.29565470873779076,0.3556205525986037,0.3858359660129501,0.3134832973538749,0.47506417742551976,0.36605494745519684,0.3290700191321709,0.3018743981187162,0.4412636982218088,0.37937942964728405,0.32850285571111687,0.35052066192146736,0.4391466382806411,0.2681840532114244,0.3326587224082756,0.36095561092642536,0.34951107999818104,0.40873232772963247,0.32591480118401983,0.31815892752567837,0.3875482241573299,0.36617830439537785,0.3314735353401735,0.4229813737895323,0.31475877018578513,0.3502644389180182,0.3428916893443906,0.35256577690649593,0.2833686860782091,0.3438237987702815,0.36272741399912767,0.2572266288674076,0.34235196247320454,0.2784645356477682,0.4668897835481943,0.2993362514731246,0.35105456542331115,0.26867992832230975,0.31313956946179206,0.32758298012441495,0.35410161338142515,0.3292591198587317,0.38740508966167275,0.3573941939551826,0.3807773358099866,0.313370833486412,0.27691329149161026,0.39314977536088236,0.3512126342957842,0.3049489795763246,0.46643240785289525,0.3372344449160522,0.30328031085209817,0.29936598657461194,0.3963114292202476,0.2912365811050598,0.34796697567683044,0.26985449326617594,0.4656258789427473,0.26398200153040874,0.4156130311374998,0.3300314803129848,0.3982607017833403,0.34077750134286183,0.3298418039462106,0.42875400306267986,0.38045505937882884,0.3224833780141185,0.2856939908920709,0.27584500778978954,0.24308634315393343,0.2690639977656272,0.3278060846875122,0.2845178788056534,0.3370115059111543,0.28252702753744324,0.35182295235130284,0.4083473838234584,0.27928625984112154,0.3294030270819188,0.286637899449491,0.32554363115289314,0.382997212280443,0.3842231333393103,0.24477741350861873,0.3031508063413272,0.3153224485110068,0.2871729944272593,0.34826952679991174,0.35543945059263304,0.394890457527311,0.33120022725716186,0.5299964131391622,0.28572562761385534,0.3918263481247257,0.4064210398417939,0.36520692203159816,0.31335289841030994,0.33480131766690324
0.3953496055446026,0.364833554814911,0.3621972489848746,0.3601269180127135,0.3694860250566133,0.30371819597160943,0.3299504982755989,0.3432248058958305,0.2801194104514125,0.3293978008158486,0.0,0.3802015539780758,0.3665605490681813,0.3411074041343093,0.30499375333557416,0.3740789042589038,0.3547940780229927,0.38092817944750407,0.3485416989666533,0.31591991249229967,0.41598619180612806,0.3579131831989883,0.3246737496750506,0.37674305677307984,0.3902906330634316,0.3807930749746864,0.3564972017386204,0.3361018070937996,0.4231629413257227,0.30663344952868293,0.336954919053827,0.35514264023434217,0.31344939375693975,0.2953224772373542,0.39651445839538874,0.41371832560712524,0.4649466650936605,0.40281796033941436,0.3713205801021984,0.3866154753802187,0.3600362879472802,0.34639179707066386,0.3174328489972677,0.417699076418234,0.3429758345980746,0.30728902997579866,0.2603144772923205,0.4719384843071987,0.4187061869988857,0.31937476409651644,0.4033062856155016,0.3267831942226594,0.27428807870784117,0.4134177578507495,0.44362517181395517,0.28715124210741827,0.39664130352661764,0.400937344928705,0.36339324329735884,0.3831381632318287,0.37712024937844274,0.24594160617908492,0.3379851487559119,0.3006987200901694,0.27233560131009993,0.3030917719270104,0.3858821821350081,0.30813542454212783,0.3248560973090843,0.40740206354029346,0.34919637735170883,0.3434663563451948,0.39035121330226646,0.411536966005333,0.36634118488260486,0.3496850278470229,0.37178247190885355,0.40681641474354524,0.29015311453672094,0.29896027909069317,0.31264787956876133,0.3309273603902031,0.298067025903735,0.3317025591529259,0.3455735815488142,0.3440921385495814,0.43171715648811015,0.3173324624756225,0.31360616004531255,0.3061992603272782,0.46353445705559226,0.301728096358304,0.38597348086845246,0.3767200178219138,0.34582322186244363,0.33042689510155343,0.2704630751498528,0.284567313775536,0.3059125663858386,0.3456837184341605,0.3724089230429156,0.36193422017419846,0.31977508704533397,0.28872073840492235,0.3718759907676369,0.27278411668043806,0.28930850072318637,0.3074862102348884,0.33523072772087437,0.3953527347507962,0.48509991204197367,0.3676621452964337,0.35405967813220024,0.34421104201897323,0.3447582011295642,0.3375521496987483,0.3243336042622425,0.3492543772820867,0.3127983320200155,0.36170900341859047,0.38296875789148244,0.3140933882490805,0.33861794248641486,0.4073281778568826,0.3126705980200538,0.4152068817888385,0.2681067829648139,0.3683002914029837,0.34470011195366657,0.33212481902434493,0.26961103980114265,0.33547845806501264,0.3717202808686355,0.388339553688023,0.436317808732609,0.2636868506984627,0.26397495704492313,0.36081858955955526,0.3214254737986664,0.36556223453499975,0.30810995545513264,0.3604425191375058,0.3380515589314635,0.32791331928436285,0.5321225291068759,0.28842158441691895,0.3003701258027006,0.2716257776757875,0.32785180737605363,0.26984953069307743,0.48474291465928604,0.30440415061396814,0.4368237664878858,0.26627415957701456,0.34717931392400847,0.40414280196870966,0.3613207914008407,0.3568995811587417,0.34345746033239266,0.32803388844262926,0.29987106536468777,0.4406789441437429,0.2934604318749895,0.5416160670464317
0.3467172048407951,0.35847436963760887,0.3133753555004357,0.3104241618700875,0.3139083503304532,0.3136751862156321,0.3516287842678783,0.3905875959370657,0.3122013178580623,0.31549580777031583,0.3802015539780758,0.0,0.2888296065506012,0.24012825286229497,0.2955452813519597,0.3297682458764811,0.30284581942173167,0.31371642243298636,0.4173958226068195,0.2877803020397242,0.3931755714892096,0.2967508900888803,0.34357678376890805,0.36834147944179424,0.4390238879865912,0.30259914682563177,0.3438600489909375,0.2792423531465643,0.30602637647563125,0.3720098057790126,0.3691675946199685,0.30069327459930006,0.2989123045642047,0.3173726663763338,0.3184920819374039,0.3217570037998331,0.36071814091295096,0.3417411982887699,0.3243910791854119,0.3330988054560043,0.3420264504960273,0.360879690687314,0.2947763148144732,0.3287636965422456,0.34477529960314013,0.3068774361841888,0.33844939361717463,0.3177966255623383,0.3609087958728862,0.2846511529942935,0.33055838139113125,0.33624618961087444,0.23558367372206954,0.33137459356902066,0.32892824631750683,0.29790321620519833,0.35646835588742565,0.4630150527726232,0.2683306737622012,0.31354527862792175,0.25848348016790845,0.22015028807889656,0.31105269886506837,0.26902411410241284,0.23904425050541372,0.2706419363007486,0.27170730435817,0.2712563307461751,0.2700041810361286,0.3520889034116096,0.28198745999019703,0.2648163859443796,0.2778344545793918,0.30986988983772534,0.30588783617409876,0.2811381540059025,0.2773730591834172,0.35760400923928964,0.2787600490336258,0.2411569568040319,0.2535321147576877,0.3165053979246885,0.3237335172772255,0.2643230869773939,0.32726064321101256,0.3884008493378024,0.31690105408298647,0.26859128514423425,0.334808121553777,0.31670888399762465,0.3628695770172382,0.34809184511459185,0.2951588928216666,0.2979622955389203,0.273786934776485,0.3685028059336195,0.23768763469407828,0.36874705835231836,0.25957997797781013,0.3078353287037364,0.25706021134409984,0.3038501332654666,0.34381042794190664,0.39068322894255936,0.3061170289829491,0.2917941527548369,0.2819269149524367,0.3265762967134264,0.30213220558035464,0.40536495800349553,0.45802928150665373,0.3437945392334465,0.26127877959333135,0.3037061212350532,0.28989952186892537,0.37252829743627847,0.3099906418123608,0.32478173124381404,0.28468872369384307,0.3012076436826657,0.28623932617769904,0.2973552480099748,0.2799652748781143,0.3511206162102849,0.2385062875123341,0.37565407700854503,0.23955487289753458,0.39319534531207295,0.3106124217193909,0.2551912764825529,0.3075000600989332,0.27564566302095794,0.26394116623029995,0.3188848566917569,0.30723399283291003,0.2067373520919053,0.29979492661096163,0.31007794530064803,0.2849906075899251,0.34782052699593635,0.24499234673231618,0.27762960161521705,0.32110778005743523,0.2769291143051464,0.34664716140452106,0.3585778344350664,0.3730720842937468,0.25259813326339836,0.3577166280080765,0.26494658997109827,0.3843065384182143,0.28713608265189844,0.34663073262830296,0.2821839185569492,0.4814668790132435,0.32217679152810064,0.3017889745879504,0.3888315428315258,0.25462161509869297,0.2652550417035046,0.2304480492909415,0.3243734465826198,0.2694097827999303,0.37144461691656055
