0,1,2,3,4,5,6,7,8,9,10,11,12,13,14,15,16,17,18,19,20,21,22,23,24,25,26,27,28,29,30,31,32,33,34,35,36,37,38,39,40,41,42,43,44,45,46,47,48,49,50,51,52,53,54,55,56,57,58,59,60,61,62,63,64,65,66,67,68,69,70,71,72,73,74,75,76,77,78,79,80,81,82,83,84,85,86,87,88,89,90,91,92,93,94,95,96,97,98,99,100,101,102,103,104,105,106,107,108,109,110,111,112,113,114,115,116,117,118,119,120,121,122,123,124,125,126,127,128,129,130,131,132,133,134,135,136,137,138,139,140,141,142,143,144,145,146,147,148,149,150,151,152,153,154,155,156,157,158,159,160,161,162,163
0.0,0.3155641374733071,0.2808686734493724,0.3222198975632046,0.2763925851018807,0.31879611564037086,0.30007123510669076,0.3046737083050984,0.33086878516668483,0.30549881560659775,0.3273073855478303,0.2849162139663789,0.4614969601600289,0.29735556876315034,0.3360051397692883,0.33820289475498755,0.34630490846338113,0.48560925032931807,0.2992162540329042,0.4447371406636854,0.3248833222246073,0.3176198938424363,0.32613039995023796,0.2944436630653698,0.4205783525077173,0.2787199363734168,0.2857721440433943,0.32459320123990937,0.2465491763977464,0.25127115671538186,0.3402037505211398,0.3632632404669563,0.3067489436733222,0.3434280172925976,0.43071076291762606,0.3034509574132134,0.40913513141390784,0.34670510169105284,0.2518228409680761,0.36987619359762985,0.27187404297378476,0.35683607942737205,0.3160094518575013,0.340935016562412,0.35549814080779013,0.43270991875664855,0.2618292048869548,0.29046732674970804,0.3872489549050601,0.36149550024139043,0.33640092677394434,0.3384327532989306,0.29012946724418986,0.28414910710013175,0.2892350183679096,0.34337943133543253,0.41791939865912126,0.3167440805904724,0.288787473430754,0.3824842781552748,0.29189272600322763,0.2859931459941452,0.3176692406431056,0.26531392392970166,0.329888658647378,0.3839285116353319,0.36300553542170805,0.3174770526567513,0.27911867899207876,0.3662267021761331,0.4184396415252326,0.32214187821156726,0.32963799563369534,0.3531008926946523,0.3392004592212164,0.3675700343737399,0.2760452532628465,0.2780041807382326,0.3082941364725312,0.23753043509618482,0.29673428652186173,0.3723992341791292,0.27646998546612045,0.3124447781389451,0.36092532882523276,0.39144025403731714,0.3393072443427074,0.3062815092635007,0.39528717544740954,0.3155073859243647,0.37566518352344735,0.3449644606557919,0.31286238897059293,0.37617265938342104,0.34025929726723303,0.29847640331217973,0.23039697304307663,0.3404817788904704,0.27359439032399313,0.38381609894797636,0.2943285608735045,0.30018502960108506,0.28862349177363034,0.28012793037391714,0.35864666524583566,0.36937591270069736,0.3150161223309571,0.35547864558564174,0.34672068467579764,0.317287294932018,0.33345424114726496,0.3753930010963964,0.3676870679464562,0.2960874992654632,0.3631533635361223,0.3561834899623631,0.3600408911464329,0.3281135031282092,0.2808556290233872,0.31405661071422786,0.3279902337087579,0.26724821588428105,0.3777843890547274,0.36666760691506234,0.29779099403144127,0.28268363500726706,0.27947912604311737,0.27876759470832146,0.3024207651363744,0.34041299781317014,0.27748456038729347,0.29168022417284384,0.2939979552515919,0.32883103733803737,0.31556968382900974,0.3112377876974361,0.29301636433021133,0.3654493960790169,0.32024671792143455,0.34550869875898527,0.2697389620636836,0.33690945577337766,0.37317983107069724,0.2815933277920412,0.34393286733285877,0.3408516698188964,0.2883267831819325,0.2752612207280212,0.34581358596960443,0.23593609278169167,0.3979891359189554,0.2779799798052603,0.3365840059587494,0.2352631501054962,0.3690069848038465,0.4119611755845629,0.3306804369349607,0.3187770665782517,0.3142667212621294,0.3262573581879259,0.2812406972815474,0.3600040421167509,0.2565317247369907,0.4299997459227988
0.3155641374733071,0.0,0.3110290950295269,0.3257110061455499,0.23571687924834225,0.3925197498599133,0.2983078635502717,0.38255216158074196,0.2959271710708367,0.4047516949621257,0.3047051763993361,0.35961433303127827,0.31953595361712855,0.2812361319801173,0.3534932351790078,0.2894351320626705,0.2961933715175067,0.3026695811054325,0.32016752051867714,0.3345159016426641,0.3050758347622967,0.4142886749497295,0.28997227597021796,0.325441861498855,0.387281348573346,0.21940246698476354,0.26099965241595185,0.29277008727010495,0.321728753089455,0.23269720435647281,0.3636013184723798,0.3048439119663266,0.36600253957820933,0.2724410533571134,0.30438145289873697,0.2990159331263154,0.29361619007642986,0.2940653009743252,0.31328315670537316,0.30334200047959514,0.31588979363528624,0.3498543222613595,0.23631781424216863,0.28350662529459725,0.34838423899898613,0.29902049357509597,0.24320132977854006,0.25074394201578576,0.3085864683148357,0.2790717093429193,0.26988104282320224,0.27206686856363393,0.3123409899029065,0.35159710612533074,0.29493478188267325,0.33971597072476056,0.3079704215011037,0.2931831573982169,0.2852953398864215,0.3280032524218755,0.33693345694207777,0.22608555637461214,0.25106220364412407,0.23786569586735223,0.27636051966380654,0.27790407221671765,0.2953285490044206,0.2637498092218343,0.23816074746236848,0.3284365441797862,0.29154243049350187,0.2699412179671987,0.23315022031635407,0.3151864191518066,0.3513379901186281,0.2727377768788645,0.2567710134204808,0.2891040743228271,0.2558463824352362,0.2091974881429035,0.2857815398869492,0.30311470296083737,0.33193524531955304,0.2787450425894091,0.2684169017649222,0.39736713467560775,0.27426924353735804,0.22929210687392587,0.29105845514101814,0.33326373825921896,0.24577770918190386,0.3044254065979456,0.29415958730543634,0.30392877311902244,0.29032946397138243,0.40495057360620057,0.2596744852357536,0.32244983804708877,0.2289291646813603,0.3006447261765473,0.28950497041571466,0.2583034305261997,0.20960043302785455,0.3188893844719451,0.2560685326610206,0.2746717848432912,0.27336623924210895,0.40010778382602924,0.2998085996311624,0.3798716467145924,0.2918459739581203,0.25416558152295976,0.2736419205503925,0.26694148487523217,0.2912028843325106,0.36681146147678756,0.3096073734468222,0.2645722804824022,0.2863955749539974,0.2604544300997539,0.2705560951815128,0.2450270199502198,0.2800658154710308,0.3294373257581201,0.262031913605132,0.3442436643900575,0.2538495048907012,0.321663735597041,0.3455482475909754,0.29009669696508716,0.31127666482437505,0.29071655617820213,0.246427256121031,0.3145027317239799,0.3441212358062508,0.2830907982543162,0.2872691553422687,0.290337381857607,0.31166792074838523,0.2965657187796843,0.3013538452343576,0.31677035836587636,0.347605850765667,0.26998194762902633,0.3190890521243951,0.2520163394612628,0.3386493510273264,0.31287722900420917,0.38077451502654014,0.2528066540141424,0.27961896920587664,0.3078620747852267,0.2981687836750152,0.28867681009813434,0.3481043507833625,0.358299336743829,0.3207244536795837,0.34638558796765406,0.2743334353118831,0.23679514386521874,0.3035976231207626,0.2963613950725898,0.2509915005813534,0.30415922178703925
0.2808686734493724,0.3110290950295269,0.0,0.2679377979785556,0.2869687653698879,0.34894916123795106,0.2621732891807487,0.2768361107641885,0.2258673654476267,0.33602711067345253,0.33140939952100046,0.3190552513410401,0.3286449396353187,0.22658814519365414,0.29659515828594574,0.3813191478564288,0.3259118744597734,0.2789353107976028,0.2421214326676586,0.2547392235679122,0.33159053037672,0.42556423471481897,0.2377535558430824,0.29404062354381955,0.28495884399798743,0.2764367350564043,0.22985174384787088,0.24685837538175784,0.26410340465144544,0.24134964819828617,0.25010342183139195,0.3012776924350968,0.2735022700640188,0.23839389650509774,0.24131276130035248,0.2731678823111322,0.29595278010384085,0.2533682594241486,0.2641192402376921,0.28207802418520683,0.2639835081271918,0.306668749431514,0.26246508515831896,0.2881213240860105,0.29299766414198464,0.2796961384351953,0.2672490565237423,0.30658197030672424,0.26539410906639604,0.2722961602214021,0.28416191363899784,0.31029973317480086,0.21476568333651552,0.31197505710465606,0.2898217477498288,0.23457088913632554,0.25801164268770527,0.3352104355958923,0.23394123069860123,0.27022938018331694,0.24918417580728883,0.22142485025096806,0.2977380254276501,0.22032186703440867,0.2303086761925856,0.24813817829787024,0.2443886267555965,0.301535770442458,0.24913060889579952,0.27445851782233854,0.3065281113386658,0.2164209821240627,0.22189953969521217,0.34560962054069055,0.2958145481925091,0.20733694067400585,0.2887323896458091,0.30652465241933496,0.21437011612214277,0.19525681939742207,0.2597597423029756,0.26421532581502366,0.2846100236152816,0.23813746437632283,0.23001318966685755,0.2982377856402703,0.22492681299953468,0.20397794543803496,0.2476143928370893,0.2210887949246871,0.2937507073045311,0.23563996919265254,0.28160162623970697,0.2184217407616182,0.24216903398176146,0.2879726510077472,0.21023344926229676,0.267292843899225,0.19704440668096201,0.262042625772274,0.20350313868881614,0.25195136372644567,0.1990253923018211,0.2755496218262122,0.23934891821658605,0.3314729089321515,0.27062785374409926,0.26775987513303573,0.2788424457721225,0.3202827002452275,0.2892266866800265,0.22848538167994345,0.2373832593783958,0.22171871794124118,0.23695836465402356,0.31153710417510555,0.22340601103790866,0.30464268071609624,0.30020121543171957,0.23128560834386055,0.2835061825983237,0.2063028756421574,0.22368085075336971,0.303485959367136,0.1870048505600965,0.32347008395882054,0.2226807978054277,0.3151425750799405,0.29991965883910643,0.2612767412004623,0.23119409219265843,0.35701841690817737,0.19239818018131405,0.22447411997999064,0.2670106958486631,0.22999866098935962,0.23278108512412435,0.25093096217806304,0.2669508223624189,0.2386365599511269,0.22201908388962768,0.276395473077192,0.2571620557178424,0.24859777078088832,0.26733173457928217,0.21864712850995718,0.3196500756436581,0.27311672259477776,0.3113518935737742,0.2179385323067119,0.21880465268461471,0.20770347511316037,0.26081218215534546,0.2891236696162789,0.29404111922007775,0.2620307581187847,0.27438095098737014,0.3378859598694975,0.19613052953869037,0.22975491647499302,0.25549955825144743,0.20205769194880546,0.20025459711221583,0.284834654648596
0.3222198975632046,0.3257110061455499,0.2679377979785556,0.0,0.24731125677571872,0.2810345296922841,0.3003678971635806,0.3130596620031987,0.26135171286032244,0.294364584875988,0.31544328318087944,0.26694057162197005,0.32356097144372126,0.3430029450089337,0.3804058584792612,0.28362146590246223,0.3517548848039599,0.38804604169090257,0.3153822375556246,0.3306538432339479,0.35697419087812143,0.30709845774605216,0.3020785491899021,0.2700706103499519,0.31082985716259964,0.2938650660841792,0.3010077045636128,0.3336044587270944,0.27214558245271553,0.2088004043173309,0.3146111597659078,0.31192874930166625,0.4338060103479021,0.31085784231208374,0.34393129245255094,0.37603474378065693,0.29888456147181214,0.3673941676351049,0.32413246939702806,0.3795546899660325,0.35596415361610073,0.2893016860725478,0.3126407510624934,0.3199583852542914,0.34216041717446644,0.3844838467352432,0.21361850491190185,0.2675382598614812,0.32906086577078997,0.38250596627942657,0.43097658431390096,0.3360065402415035,0.3919551337739753,0.4241134626738804,0.34453987555070564,0.26599895793882,0.4261463488460385,0.2819049864926543,0.35961383000060687,0.47702826500384643,0.40532848735710697,0.31079142369301405,0.3471645362764544,0.2663046399077603,0.4087072036974661,0.4083223176035951,0.39635303205715944,0.25525242116566316,0.3120878534322125,0.3215968520511522,0.3346629174938263,0.34597368924098976,0.2991029242711691,0.45438682932981783,0.38502894138288524,0.3049799441545538,0.36587358640939477,0.29627101907326053,0.32992637530504193,0.21957313408571189,0.29595155203370105,0.42239996627881166,0.24811542518971083,0.32399399712041144,0.39761768691537874,0.33085060708729136,0.3286381202773616,0.35183897725300195,0.35497570648286497,0.27167616882308687,0.3227011954207298,0.3215831272248977,0.33681266524319425,0.36139201989836905,0.39830452691718954,0.2547368473273245,0.3057146905091311,0.2916848141131433,0.2870231514089818,0.37569001402507585,0.3291921050987129,0.34691658955200205,0.30648756857296805,0.25686162051684497,0.383297353965072,0.3110565506555768,0.39195655504288945,0.2753619122547952,0.36098793611583424,0.26425618938290146,0.342088219857421,0.35419812956136404,0.3859420951191199,0.36304796819202373,0.38336127517832747,0.2939263333108083,0.3438465888177871,0.26795000953473774,0.28426678959288715,0.31994972681527867,0.32923064816110165,0.34041178788100424,0.3080122478079606,0.3284281849396675,0.27385383076915687,0.28667595411027175,0.3509473543327639,0.28951618821530484,0.34623847647747713,0.4304687101402524,0.24476859042653384,0.3408834078956362,0.31598434426331057,0.3561652942406522,0.3432992672673613,0.29734671534965185,0.2103938898990359,0.374040617398447,0.3370602064265586,0.34502049090527376,0.3528572094626932,0.3264939263390418,0.43343546193334276,0.35043430990300056,0.33202512912340465,0.2606442712796949,0.28767644403219983,0.3016241147154614,0.2726108129424593,0.23984902684385476,0.36269585079563743,0.335076326442665,0.3615214495601349,0.23775451232907246,0.31314654504784617,0.3552014410898275,0.3042303710053689,0.27920577099421406,0.3670067609042706,0.31108634916273814,0.36884100987653157,0.3111238518019794,0.3121418360735369,0.31230115723429397
0.2763925851018807,0.23571687924834225,0.2869687653698879,0.24731125677571872,0.0,0.24434875166004671,0.2943532815768954,0.22224978480068958,0.22192912583163624,0.2432506364306561,0.2657101078762934,0.2294431998966581,0.2699408902507418,0.24102425014634396,0.2835133605538871,0.31336460473389577,0.3011691639195716,0.30124304755018766,0.2131853822497987,0.24434873796944534,0.29242361287353164,0.2799656925684648,0.2646974452989276,0.2562405659856167,0.24312210578727403,0.2533594880291023,0.23492158479497852,0.22261169599654992,0.22038047007121828,0.26525279203644275,0.24439391614122802,0.25462218035967527,0.25860505315455623,0.22383583903451454,0.2804232589828418,0.2576960881917511,0.27577267885522233,0.2580515660350224,0.23874790226767562,0.27604735725597,0.2587205535831607,0.29034911923014733,0.28028459483771606,0.30280172311631315,0.23352793593651872,0.27490145992881604,0.29895073275635653,0.2743198835539431,0.2877500057701771,0.282166378644939,0.2851300086472491,0.27065260347832043,0.23858211717506306,0.24342098633841744,0.24125492677060328,0.22828871405688314,0.24821480117952394,0.3127265128561636,0.23546550556553364,0.2715782444473537,0.20396752061007598,0.237293691141766,0.2546714892833251,0.2303701086177453,0.24592415289231997,0.21814966884682496,0.22935912702131775,0.27570976825927224,0.23339252701470364,0.25923978524756464,0.29014298220640894,0.24422237989947612,0.2051018048201166,0.2805824939397545,0.24104247714176114,0.2239877100855572,0.2623046454032097,0.4000611879226063,0.21965631394744994,0.22256169364937753,0.25759566776855214,0.25815260813283347,0.28038991473491615,0.21204484795029235,0.23776710846117374,0.24461006911483069,0.22818245607447654,0.23160724115456982,0.2420469774891995,0.20449046463869708,0.3660449193464266,0.27143545772760813,0.3150541188225584,0.21137527807532652,0.2532487624409035,0.23251207569125543,0.18474769837663035,0.23581367728970967,0.22697275387519916,0.2339617323371681,0.21806702237025166,0.23118282954588198,0.22118646304297115,0.22464777463360786,0.24070798746116065,0.2986491080172841,0.2432302482918414,0.25163114673843523,0.3219883272623853,0.25045459429601885,0.26036889891668574,0.2584664693240154,0.2230376475810393,0.24735609983004767,0.23500747603054234,0.26028638064521864,0.2319934336645871,0.25556607960134714,0.23118580496150568,0.24555873023183022,0.34231866852233733,0.22098194957646783,0.22002379594211038,0.3203765219787894,0.21099427074883179,0.2408001675523678,0.22534219015076562,0.27577197125614317,0.2303945700089829,0.2666946890582855,0.22561499893394843,0.27662321764133924,0.19472104342261215,0.22144440555519146,0.21766085477554978,0.2605625301578753,0.22641452484633334,0.2912240923303813,0.24296456566167748,0.27865167624564663,0.2092467827007152,0.27843173905723334,0.278390572810559,0.24260496533698075,0.27096198466962357,0.22461060824335907,0.2761054303667572,0.283406290439999,0.23629659524027072,0.20441265008478718,0.21613602785657285,0.22856658985270914,0.26407174729074273,0.2600918550169188,0.26986545947570434,0.25780050246315145,0.22371840881563185,0.3018164223908843,0.21896405824802115,0.23691798308930748,0.24050629138638643,0.2231614240018504,0.22438952654491626,0.2973390130546999
0.31879611564037086,0.3925197498599133,0.34894916123795106,0.2810345296922841,0.24434875166004671,0.0,0.2658051704003505,0.3225151188545129,0.27464285679422373,0.2845553356273307,0.36590664822385416,0.3631891392530523,0.3636681943251093,0.22658698547433362,0.3333485607942687,0.358489440881645,0.32063784419767966,0.2504939900961542,0.30183162029976757,0.3212336132677404,0.3633127968018705,0.4146246383100257,0.22316370332204502,0.3073940060810739,0.34686663775684706,0.23783207087958863,0.22390327528533097,0.2573605388045676,0.2702583265379697,0.2573850099436762,0.32568489496679637,0.3544125168680206,0.329359070774488,0.25235240048924024,0.2627549538358626,0.2679806560779122,0.3438355595188058,0.2686800483851684,0.31445753885587757,0.26500086615411084,0.27814778450079575,0.3424847397564214,0.2749705525839208,0.3363538588520546,0.28886334182224077,0.2793918539515507,0.24286206651243536,0.30197738369352695,0.25198190265396725,0.2820426727096457,0.2997730960455283,0.31101837045765857,0.2553185530188904,0.3290834078167283,0.26903726528513644,0.3104838172492625,0.30266184112681355,0.39057336528016706,0.22494552252801903,0.26972425259444227,0.3410689886417276,0.2505910655815149,0.3211480092279743,0.20719286030229225,0.2560035652621702,0.2717270848364373,0.27617372973497434,0.31855585413288406,0.2197271849346385,0.30431350270834373,0.3363868095393616,0.22010910430465408,0.24275022698806212,0.3218845931425384,0.34735638546419834,0.25016584643602996,0.292460244943252,0.28316553843683695,0.23544558017305092,0.2562077384492151,0.35375203341369243,0.297586988240183,0.32057067224424957,0.2780598418095405,0.2606555348384658,0.3212856697319254,0.3130940350483067,0.2207780928850113,0.27993012785327603,0.27914344687069587,0.2810519045995075,0.28027846541198537,0.303736456793375,0.27399055082531437,0.24882177262691224,0.36272729398873077,0.2617951089256744,0.2944593505421768,0.21288131699233834,0.25965368111291426,0.25284454709260257,0.2658182485952924,0.20849966079688745,0.26441648741847246,0.258218169892243,0.3310335566671059,0.2948895771233582,0.30873434336301664,0.26812638389245314,0.39188514387316564,0.3152183584770545,0.23790789149827798,0.30426233133116887,0.26276776277163527,0.25609972131458086,0.3341525273673273,0.28310156500438366,0.25986705293675794,0.322042933740713,0.24184394348266228,0.280811433805712,0.24138544917567134,0.2830595360798632,0.35948848124628413,0.2597150560512823,0.3288870254958316,0.2500974734073391,0.31643400324023907,0.2825107871416113,0.2461989884983792,0.2744511021585891,0.4232206441825868,0.24731944101333933,0.2872331474314913,0.33901986838089065,0.28529182293766053,0.2973137290637811,0.2458015927539403,0.2579127251816881,0.2817908947854664,0.269195536715396,0.3282338338618791,0.2817286936729505,0.26429923056288523,0.32600325207494585,0.23387120785424573,0.38329127936107593,0.32448603350850835,0.3151502044921647,0.2381936411889303,0.2750987828804991,0.25776521066254926,0.26314526178882763,0.26165590798475585,0.35106442833810586,0.343101366949267,0.3382135178398626,0.3697754177513871,0.2334658859495142,0.25700731482048317,0.24676778706065786,0.2762723088128806,0.23389127579556165,0.33268074036126255
0.30007123510669076,0.2983078635502717,0.2621732891807487,0.3003678971635806,0.2943532815768954,0.2658051704003505,0.0,0.2481747417431456,0.23722710010843356,0.2930316595539818,0.27043056310964386,0.2867279542450786,0.33939464948551334,0.2896740414630371,0.40650392065682917,0.26914426598682123,0.2896000227204369,0.3109876118652495,0.2488489228052374,0.24924889275409237,0.28471401511336963,0.3168209263395471,0.3712493545902248,0.3074032540893184,0.29659065429100695,0.2780827750541265,0.2750115200469555,0.24942818702085698,0.26079559628111265,0.25508822464401515,0.29569625084704815,0.3265114168804108,0.3317878299190105,0.29946951778236264,0.27295292098903745,0.2632045583552855,0.35029806959754006,0.2523800572917283,0.2804195801446771,0.37390773606074995,0.29140402925977127,0.3154822012293059,0.3059930129438537,0.29615828017714135,0.3162591010844926,0.33245199750789356,0.32240456533230644,0.2455570283783568,0.4091399529777557,0.2836509374658006,0.3541522839467934,0.2600163086839147,0.2545522822158059,0.29194982030157096,0.3011295116877408,0.28283980318667784,0.2756688208114199,0.26837874007096696,0.3155498119349542,0.302618679370137,0.23152826789875305,0.26989758642632705,0.24331848805578335,0.25241362046384486,0.2702750808328323,0.24279092463920104,0.3139035530305309,0.35018648654079715,0.2595463389973746,0.2607436601243503,0.3303474246935584,0.26178786005707827,0.22399442634052874,0.3584968740521885,0.2309881007268064,0.27887413984901305,0.3729993127319446,0.35226441060461083,0.23897343517343525,0.218430149248819,0.2773640624499305,0.288106450769799,0.2986316916582789,0.21741094894768032,0.2495230208114103,0.28147307381460923,0.2403515184525761,0.2853175824015813,0.29912968513857846,0.2525806739603803,0.3180024997664053,0.3510443848001991,0.3208146072188108,0.2568962147466532,0.2777372164639021,0.29361303588813825,0.2049123405718595,0.29005970073243986,0.2486418767926803,0.323080412498409,0.26331316847966335,0.27866548377267614,0.26148783995475705,0.2571983769828166,0.24302453095454318,0.32827019297671955,0.26337703104240173,0.2736478875052721,0.40729697980369933,0.2978286525977036,0.3444099486217725,0.2616776218038438,0.26380134610076483,0.24139357457663768,0.26119457544087116,0.2927000440825332,0.2686080192028945,0.30166725341909767,0.26051762262408534,0.24084401783081788,0.29054105376303074,0.22854654120791337,0.2366657045753812,0.3722490059960409,0.22364831710800023,0.2988062668440057,0.2565346710000231,0.33467525001957765,0.24682168318430697,0.3144648790189796,0.2339152621421443,0.2461987630911144,0.21638814515932872,0.22992998827549868,0.22922400436364646,0.29286993966418734,0.25904272981506443,0.3398114397355561,0.2692348193998897,0.30320618043784275,0.25400640203891306,0.28599513348327366,0.3285649516640526,0.24498116491333913,0.2977909930807515,0.3042721262446021,0.29514438014740974,0.3425879206987421,0.26265171822202626,0.19965574785656987,0.24566737131754376,0.26785908824264226,0.2629586898441279,0.3510150298068316,0.3120277849202358,0.31248386700742026,0.30425722233709035,0.3255752447237242,0.27321027417207777,0.30893444610436815,0.2890258121907656,0.24274140997329954,0.2504274692277895,0.2864402764157243
0.3046737083050984,0.38255216158074196,0.2768361107641885,0.3130596620031987,0.22224978480068958,0.3225151188545129,0.2481747417431456,0.0,0.33518397800499034,0.3269037043546423,0.27758675985095665,0.33492723165856586,0.32069274260139313,0.24877461278305282,0.3254875158095094,0.29949547184967307,0.28820301197862846,0.30551686171731135,0.3052448399370996,0.33802202982500357,0.2996532061510928,0.2885915314451808,0.27236420755481233,0.25882195013025777,0.3591696526739831,0.22621456117461958,0.3015534925835925,0.29807724820610065,0.22706932765353802,0.24453445671146484,0.44081087454257295,0.2996795993332412,0.33220309818044286,0.2880703268680055,0.3057739341088333,0.32046151450160787,0.30175586773318475,0.34259965230675343,0.2891399841050447,0.27396322810209717,0.29150630057253685,0.2987992130102001,0.2717251277120626,0.2659893412192648,0.4041378583334059,0.31517762151461426,0.23600890913382935,0.23860819619732618,0.28397067798654435,0.28404201813406066,0.26709145694175107,0.2577071602453656,0.2709260462526,0.2764151501752772,0.2702330827086756,0.2850575744436038,0.29680431244610894,0.359882040370184,0.2814235500048053,0.30976996469966694,0.36489370139372984,0.23246965742825998,0.27975465756793194,0.2553266384661159,0.25760951373280044,0.2762071678933458,0.2936355329600053,0.2529846894645656,0.2786872884517141,0.456820402758711,0.2820777894583458,0.27567591744852826,0.2455937047758935,0.30954781341021187,0.39084803064633,0.2677007700376619,0.2731180747732066,0.2514796282108721,0.3101855627717215,0.188196103269789,0.26474195637935904,0.3060865930542683,0.2959877770184837,0.3232696761360134,0.2936442746394633,0.42566840755334706,0.36565468889591385,0.2577780271772305,0.36962805419989164,0.3109668707659445,0.2565794116547934,0.30922215758278,0.2691164101413644,0.26324047122086447,0.28709770043512095,0.32267002022449437,0.29019331800320514,0.35497753859913683,0.22932028970928617,0.3259891066839366,0.26812549357438764,0.3254415667043781,0.2467472772099553,0.34198505682027197,0.3170833176572984,0.310841244193265,0.2951171981146034,0.37876233019021216,0.278520037994038,0.28899958687297445,0.26226644506372765,0.27075792517701897,0.278072554435499,0.31696595583435816,0.2914286474597588,0.317939039391762,0.323586019922609,0.2542748548215295,0.2419704741964121,0.2777419123327242,0.2596831849645922,0.3344628879839842,0.2508768112872212,0.2941845252153099,0.24438947043292303,0.28825414236391184,0.24273384721887295,0.34637506652755307,0.30361713383185235,0.28335712944613917,0.34388156136805914,0.29379468433073513,0.2843972022817024,0.2844014020910088,0.31805870553011933,0.23963877159676047,0.2710696397262496,0.2709427799275377,0.32343523875148206,0.32681000408095967,0.2997060133619654,0.2727968878606962,0.3180568725920027,0.28616442989735713,0.3038503559690809,0.2705248674222777,0.33625512842519145,0.29667773381427587,0.3411910534527336,0.24535197229713315,0.33561777473079646,0.3042097847096881,0.28818944701271904,0.25168970617710507,0.3985460676721038,0.3753532600895147,0.28072570868438956,0.33332921463093623,0.24132820985814504,0.22867171637497838,0.2750286793234332,0.2892801277149156,0.2697827728696546,0.28346560111423696
0.33086878516668483,0.2959271710708367,0.2258673654476267,0.26135171286032244,0.22192912583163624,0.27464285679422373,0.23722710010843356,0.33518397800499034,0.0,0.2592397001406883,0.23016850041291775,0.26723884343325827,0.25456780090401393,0.2816736740570148,0.2767233636532382,0.24178047406475153,0.2380948213935289,0.31163887896270814,0.2483854884675553,0.29963995567161106,0.23805284370844756,0.28073802794542796,0.23867187886835362,0.21741953011996426,0.285704223872228,0.21202492960439806,0.2810010012457732,0.26374489008873586,0.20526273972489348,0.28802638601171954,0.3681341241629914,0.25799000897585966,0.27357200813195603,0.2414520523355728,0.30679210962577674,0.24236651068513912,0.24801184429306825,0.31912135021000027,0.23170164692572903,0.2342407869405438,0.23363324021990203,0.3458663010623189,0.2259359768167204,0.23852066482650786,0.2763784386796858,0.26785220837199986,0.22520740523945845,0.19822715599323654,0.24409223971120136,0.25044727271874667,0.23827347008662267,0.24197561827910083,0.2720271516550942,0.22742264865641673,0.21839492773114222,0.35912746723947403,0.273925082434798,0.27740996785721195,0.24100215499962518,0.2525625175879683,0.24248716682503138,0.2578420542713888,0.24274450112380946,0.2352376294484192,0.2756392383909887,0.25872712098749817,0.28651129339815756,0.2557289146924601,0.2367377191595083,0.33130922975634497,0.29848675443258177,0.2725938348910019,0.27628423759226817,0.24134214810912757,0.3113555786831872,0.27363986974413124,0.21346672783831688,0.21606270649239986,0.2721614360861632,0.20378010125325785,0.2587498535801222,0.3482523909045174,0.3231667392805369,0.2608642639367829,0.28084274401769455,0.3562170856558608,0.2906688676784688,0.2715992232960636,0.31446392029872855,0.398093443120599,0.27421532961227085,0.35013359914765696,0.23230394977377244,0.2538069959840419,0.30480053304523663,0.2978099214846138,0.2728833861729734,0.30821815611118797,0.2789050276451711,0.27782443375290555,0.26617176961043376,0.22386342822442715,0.2596453293178901,0.26818689591895756,0.31617186111259665,0.26319257926201334,0.2209242952253551,0.30287392121936413,0.23491057037355054,0.22266145819508695,0.21891341312624524,0.2828943604669716,0.2744264710826799,0.35159477619699786,0.2698456510405101,0.3032903296029017,0.299851498969859,0.2228106162036416,0.19431171572686493,0.3308825248987697,0.2602901641447549,0.2858536480430948,0.2497246457195919,0.27982790360796944,0.32982829432577887,0.2355587781029908,0.25101740584715004,0.2493068815254255,0.22660364211477316,0.2612423197488536,0.436666751379428,0.2728846350972443,0.2760286206705799,0.3530117683742576,0.24275678149296467,0.25212398937158037,0.2561415011562162,0.24803010393011587,0.2598192479705642,0.2936911070746553,0.27638623084351355,0.26415294044740195,0.30990898518986043,0.2887579538497431,0.25627975705201367,0.27097261561870334,0.3507931495680813,0.25224564679578343,0.27935094435594726,0.23000382520980675,0.31859035590147405,0.27874727748857386,0.24690390845518437,0.2286890381377365,0.2937779292926076,0.32717532851312,0.24577007466600778,0.2818052141441505,0.2700240673569196,0.23789002057942726,0.2363119922111357,0.3296595897609957,0.3124709545001158,0.297868260726989
0.30549881560659775,0.4047516949621257,0.33602711067345253,0.294364584875988,0.2432506364306561,0.2845553356273307,0.2930316595539818,0.3269037043546423,0.2592397001406883,0.0,0.2594738597856222,0.2911496399353047,0.3172157356779492,0.2798601398835245,0.29837374881757334,0.28539035072855645,0.27770909156965123,0.34231480187196484,0.25658565188262655,0.28042536851430905,0.2614276098638738,0.3040665605682253,0.3285484588675168,0.252451169712762,0.4183785444448268,0.22564311716066512,0.2874946723939325,0.26456433498607507,0.3322708953784465,0.22709000612132754,0.3397394195866437,0.3130947303410344,0.2694238766506671,0.2740738540901212,0.3012703971248937,0.2856421866509244,0.318436721179693,0.27754689288795054,0.24021209349362588,0.28757095396231686,0.2394549340367042,0.31469755218875517,0.2561852947457702,0.258012661347377,0.3338993915537207,0.2893626320096518,0.249458504021648,0.25056295598804323,0.3449912614968713,0.2474187611356307,0.25361375345405285,0.23680655552608976,0.24848223670066613,0.2852654587570727,0.3116041131714031,0.3034123226171344,0.2548107691257849,0.2570352132993123,0.2919627622240685,0.2924608316392273,0.2788737998860401,0.2289473984360215,0.22472123451357584,0.24869030592873737,0.2547940680800035,0.2529904266248437,0.27575003843699625,0.2719336888054443,0.2753450102792216,0.3290734196153725,0.26474102212213946,0.29709289354989077,0.22074389577378348,0.29619380748422836,0.2817178426314747,0.28724554662805873,0.2511628107590477,0.3003141131842318,0.23389238746008023,0.19839710724461937,0.255715428069712,0.27121868700622803,0.2938590222197991,0.2704670910006908,0.2610455548046509,0.318323046147673,0.274093625326281,0.2595586165479774,0.3298144969756414,0.2607442118400792,0.25297770548435106,0.295655543103193,0.28492583643118086,0.2386839206260471,0.2813892796775819,0.3541609333530034,0.20872987314271646,0.32518097095847154,0.24307977577331474,0.30005660457344585,0.2722273959901663,0.27037493847317523,0.23279688909751037,0.36504680750816065,0.2540465705434116,0.2758903835124315,0.2565306523413091,0.37066754451140793,0.293632213172288,0.3051430537208604,0.2608260570464326,0.2556005291482254,0.26518384863152883,0.2748656381471568,0.2575192685648518,0.28211014906669873,0.29018110878048364,0.34415476499278747,0.2598743051238421,0.2790619552257739,0.2459034990244844,0.24328371168851343,0.24117406952957737,0.2883774711342586,0.23083259329364184,0.3351404771826087,0.23714294402762437,0.29190426162064526,0.336818555950215,0.30437370171010136,0.31159139197733254,0.24366072069972333,0.24265872354474208,0.2361570571564941,0.2675497839260154,0.2424546061102539,0.2618349173544532,0.2930457609670233,0.32180098155134496,0.2808663223502568,0.2756547906425987,0.315962308460219,0.3139103007369345,0.25108384718702925,0.2954256819786222,0.27699389004000996,0.25011544338067904,0.30495030145834734,0.4522360588923069,0.22991691747335904,0.2430008212621481,0.295225688110947,0.2525441755730703,0.2841158636342446,0.31060213767236766,0.3195303730561587,0.2483357683657959,0.3126957445565774,0.26215487540120264,0.2585579609768898,0.3376928882993278,0.27747532202879316,0.2530597573994819,0.2508533276731961
0.3273073855478303,0.3047051763993361,0.33140939952100046,0.31544328318087944,0.2657101078762934,0.36590664822385416,0.27043056310964386,0.27758675985095665,0.23016850041291775,0.2594738597856222,0.0,0.3203851643753468,0.3762434129097167,0.25906271044914786,0.31396744464088616,0.4318376709295213,0.3999120257938356,0.31562151837705077,0.3004288214042812,0.3115063253920883,0.3676227530706181,0.3814839287672836,0.24471161450698106,0.3151238534468036,0.3237681968491927,0.2901830301470245,0.25327534915103345,0.31699743551356807,0.3188239443320669,0.2538025912164066,0.27554386423277805,0.350941200037744,0.3154600180395274,0.24867647790153552,0.30007111907788114,0.30720431865767445,0.35269684060298834,0.3130457368944273,0.3539578261712897,0.3130391127065699,0.3087321800029546,0.28442599579230604,0.3196817363203671,0.3931434668567698,0.2862036297003409,0.29881228993028797,0.2127365427435139,0.3900731805981426,0.31138022096461837,0.29439887426627365,0.3392867504160003,0.30521995586366674,0.2530113922863287,0.3709465685971311,0.3575593427971194,0.23002694106090332,0.3449562035189813,0.3859980579953391,0.27166571118480637,0.31643385668627766,0.3480550129153757,0.22934228160586548,0.3406766678839139,0.2360151820531367,0.24205785474126343,0.27844268058495025,0.28931121881526517,0.27715508593321236,0.28378763470065865,0.30606555869644403,0.3257916994575552,0.25168598327810343,0.25559856358788785,0.3722005997996146,0.36115577477010086,0.26766042098717335,0.37140486129291056,0.2906148846161482,0.2614649499272899,0.24055271521472313,0.3203146374615808,0.2516837831419555,0.2739873214789122,0.3091509532147286,0.26350891506838126,0.2855177936313361,0.2946607689467419,0.2398048519448771,0.26725169022216083,0.2357495758543146,0.35167629657290783,0.2246280347196727,0.39374516282836736,0.30538051090935986,0.2618548359453126,0.29510507277331505,0.2322713832215652,0.23583974157699542,0.20845744846942638,0.2620297548381128,0.2890231328293442,0.30769835155061,0.22005490344647374,0.23952309577620384,0.2739758974096116,0.29258065954199786,0.29597132961103034,0.282178689976087,0.2958883658203477,0.3461816275773363,0.3723802099237296,0.25675376462893884,0.2838258969040727,0.27610204352612683,0.3007120353446984,0.31027623429201934,0.2800872918199969,0.3133212094683839,0.3301147176317228,0.24633316408516612,0.33839450412648864,0.23490849443038495,0.27323697748196824,0.35788635363857857,0.23821603630322505,0.36824991278827873,0.21887625597625085,0.3150912202635888,0.31575395596759287,0.2866325760725559,0.22582057935607497,0.37543687815100846,0.27869892342140457,0.26845900332611167,0.37612466363934977,0.29576747838993556,0.2770000209295779,0.2843205374101948,0.29316525504350943,0.2983431566625186,0.2974591085300666,0.3250366499857782,0.25199774359753896,0.25731601406534244,0.38432490624553856,0.20933128068949608,0.279675893756219,0.30615412310576473,0.27372855894132,0.25160103353982777,0.32837764192396607,0.26367369056854484,0.3667148288247794,0.24923822777614804,0.30977257981794537,0.31587337084290273,0.32643843618938084,0.3194442310905874,0.27513219144360124,0.2740488685942529,0.2704742234286327,0.2777374330829527,0.21957582213560073,0.4001701668907493
0.2849162139663789,0.35961433303127827,0.3190552513410401,0.26694057162197005,0.2294431998966581,0.3631891392530523,0.2867279542450786,0.33492723165856586,0.26723884343325827,0.2911496399353047,0.3203851643753468,0.0,0.2820842865141514,0.19131158737045054,0.3230678671546722,0.32229441809875886,0.31212817217059474,0.25372946636444854,0.35168683660753064,0.28640964587716106,0.3524161921042872,0.3339002310780804,0.2541570703917117,0.3222422548816162,0.3469168201096201,0.2264112438689447,0.2443430366059822,0.25031047439570064,0.26023302003637,0.30460832006430427,0.3305751413469667,0.31051122605090775,0.29974920255110277,0.2730073891346545,0.23801939511144982,0.269629650546027,0.2998629362476502,0.274510638180434,0.37277361854979474,0.27921037557397466,0.305135532382668,0.30124085199917583,0.29457265188865933,0.2889787812512053,0.28859635379901566,0.30820826294610065,0.27362663337224113,0.2743479012276002,0.27726334338526254,0.27723538440950746,0.31261868502413803,0.28478880747029994,0.23420756402049528,0.3083514913644946,0.3113713186882827,0.25937360823805417,0.32653949759809175,0.37704318127297065,0.22065274745327554,0.2851429079612957,0.2520108796319098,0.21665015845531171,0.284515460680868,0.21054117284845664,0.23681062769236036,0.25561630609830194,0.22478162248728617,0.24912610607407884,0.21807916966423038,0.2712685883745431,0.2780386213416064,0.21432248058375872,0.20063693949441644,0.30171172392415097,0.3069848027580381,0.2370459339475919,0.2742647098106687,0.2758972797344794,0.2551074167440681,0.20704058332238612,0.27622961031184484,0.2725138223264688,0.32298461768309494,0.23621918598895175,0.2537401758290472,0.3295885056675432,0.23732417622571805,0.21931247986352886,0.2981001214604232,0.2699332889133787,0.26964679171828393,0.25541230540153853,0.30992200191469466,0.2716176498160462,0.2227940302376976,0.35851382260533277,0.22463467510502294,0.27801333674512285,0.1922796609692095,0.25332145282659746,0.22366197650624536,0.27447443514929526,0.21655524274613214,0.32863806667089185,0.2401088616625624,0.3152249178539319,0.2994041558153112,0.2906792217943379,0.28279664330073373,0.37188948226232504,0.34566574461539934,0.24630927901038543,0.2257272095616444,0.2510910454594772,0.2567329707504623,0.33772160911899013,0.26964994860338654,0.3233331728641397,0.2731364720376818,0.21009422825805163,0.2600328228560407,0.22584396553805008,0.2314949651878819,0.33130446976646555,0.19777744922964627,0.38026311434862137,0.2122697793199407,0.3549484466513581,0.2972607196578069,0.24077816073454963,0.26438648548083193,0.29923822524268634,0.2131517392678864,0.24853443275942244,0.29399854320018526,0.23574630804759597,0.3355498892663446,0.25761886730241634,0.25917382391221455,0.31995896807081825,0.22615143076240216,0.25669312296469976,0.2694130052954893,0.23651983976414614,0.29449015173738863,0.24941502564570817,0.41321792931146517,0.31486586921512777,0.3304011242443075,0.23733356686329687,0.2774080026285812,0.258224313171593,0.294283700840185,0.2853968429749523,0.3948134320900385,0.2759624923377509,0.29746236492076644,0.3550041924877621,0.2039512053611606,0.2352204446153835,0.21974140289167748,0.2346285669913245,0.22163790587330917,0.30556808114508727
