0,1,2,3,4,5,6,7,8,9,10,11,12,13,14,15,16,17,18,19,20,21,22,23,24,25,26,27,28,29,30,31,32,33,34,35,36,37,38,39,40,41,42,43,44,45,46,47,48,49,50,51,52,53,54,55,56,57,58,59,60,61,62,63,64,65,66,67,68,69,70,71,72,73,74,75,76,77,78,79,80,81,82,83,84,85,86,87,88,89,90,91,92,93,94,95,96,97,98,99,100,101,102,103,104,105,106,107,108,109,110,111,112,113,114,115,116,117,118,119,120,121,122,123,124,125,126,127,128,129,130,131,132,133,134,135,136,137,138,139,140,141,142,143,144,145,146,147,148,149,150,151,152,153,154,155,156,157,158,159,160,161,162,163
0.0,0.8588601940775081,0.8410291436308835,0.7672799794909434,0.6584565020221852,0.8986456715349572,0.7662657815066871,0.870826858994568,0.8680356693122468,0.8034391288607294,0.728383806327497,0.6980712978999324,0.9723281357886564,0.8564542572852901,0.9058849349154777,0.8746548108869614,0.9256475267390586,0.9716110203298944,0.8929049447174554,0.9518727319536179,0.8528541021548575,0.7837931506223672,0.6991187678932249,0.8300295215213755,0.86555610061508,0.7126679598208278,0.6847854951528232,0.914120935232287,0.7216441364483787,0.8809697462401552,0.894203829376434,0.9433190701021081,0.892580957674723,0.7262724202912685,0.9237472562426146,0.7898547232352898,0.834441071957764,0.9181642578517857,0.6769396694124289,0.9283400077063512,0.9321103576058344,0.713258202385015,0.9313563831326014,0.8806611677779189,0.8830179503519091,0.9785085938918963,0.9087927800128605,0.7899125961420991,0.8721284887124635,0.9539163163094592,0.9306147036980815,0.9555787035812661,0.8635009623087042,0.7949694908831267,0.7748266083889719,0.8866788580026913,0.968503130206962,0.7719693236979136,0.9363592416125707,0.9385066253884736,0.8608252197633859,0.8520909496564816,0.9768828766967518,0.718710366844522,0.9179343331482814,0.9789457079405651,0.7479061486303831,0.859577845488704,0.9058670088178955,0.8545266741216013,0.9389437701815755,0.9201544235517736,0.8080461813460995,0.9148819054218462,0.9559006762282173,0.905418054676879,0.7168699849502279,0.633727791023432,0.9457214235061381,0.8539469077487344,0.9292377123690596,0.8127835777767817,0.8694675456786868,0.9569737278483011,0.8845087286458077,0.9550180703549408,0.7348444533467626,0.9182714572798963,0.9530498161952878,0.6881050158318865,0.8651041958950246,0.8140314971113899,0.90737618752522,0.9634118711716363,0.8552248091778059,0.7407776687661994,0.8579074739570242,0.8144444211759845,0.6409981579524667,0.9676921882467523,0.777015016881505,0.7620797260664864,0.7693231396667434,0.8256623619593021,0.9611709184953937,0.9525740810871149,0.9460610175510894,0.7887022068276431,0.9550119066242353,0.8057849619025518,0.7104642115077061,0.7379379747131622,0.9133485914735324,0.6700244339839724,0.9734447010010192,0.9466818565773049,0.9533584480869209,0.8018714027520086,0.8287335453572325,0.6803392666683833,0.8680822804812093,0.748350908280126,0.811469810355983,0.9487937368547935,0.8463436399007043,0.8673655630872786,0.8167759461202447,0.7320903702413928,0.8352583266060626,0.9350832387390057,0.9269857178770442,0.8954265938348152,0.7877567698366339,0.6620028322761067,0.7824470055821557,0.899936757340946,0.9289980996761761,0.9356562396782986,0.7933231774384818,0.9131431951281513,0.8753279252597688,0.7765018778390479,0.8271534901652657,0.6797667765142255,0.7319517561848314,0.7294029365390018,0.8008176951108718,0.8617055759939919,0.851930511342645,0.6499004803050851,0.8724861451612628,0.856195974364138,0.7670556441443037,0.8503349163877553,0.8441701387006868,0.8794218256290616,0.9146407146558788,0.9134235720909821,0.9034548647845688,0.937807100395644,0.8718794953072658,0.9417686324060637,0.9397285817486468,0.7835476826905518
0.8588601940775081,0.0,0.9126340519470645,0.8165016308911226,0.6866301077863819,0.9599715761848656,0.8944400595690354,0.8170266029058092,0.8600968145140527,0.8695793961884278,0.7500998300937256,0.7575824527031966,0.8743764831290113,0.8729969751491417,0.9015304536070965,0.8089856121344438,0.8700468994425338,0.8236054912409831,0.9044031783317615,0.8542970886477275,0.8657564169421504,0.9088945963323207,0.6173439184642487,0.8288559695066122,0.8005709839003693,0.6043759035750755,0.6246791328986007,0.8169851072644995,0.8431120825478983,0.7827821267794437,0.8710119287042155,0.9170742466069867,0.9332176565469148,0.6623616520474337,0.8569059318570507,0.8460246308530682,0.7290095313759684,0.8088942910044038,0.7810805559435673,0.8735699074946044,0.9351082443167108,0.7907067448985222,0.7761185559040679,0.8769860929925667,0.8000055414197624,0.8438931912199766,0.810585176161775,0.7674285283349478,0.7822816510886476,0.9086592511950512,0.9052126779348252,0.8704199701244272,0.8811969879027433,0.9180464504899573,0.8441589701861572,0.9152633457216933,0.8870417939330203,0.7635652163867969,0.9326845061634769,0.9128641898393203,0.8912641866073049,0.8218319826510542,0.8693237490944903,0.7215816762680612,0.8858305252543159,0.8706449935219787,0.7640291284676187,0.7724803705866247,0.763915261317972,0.7474544879028808,0.8683893162053132,0.8090606107612978,0.7817605544689116,0.8963638815617467,0.936581666505394,0.7954373179083294,0.7384225516636435,0.659338429248867,0.764357990497323,0.7791756529111049,0.8865470833837755,0.8467456047864945,0.8720723375031693,0.825256299484411,0.7945743492779048,0.8594509042930407,0.6669642974257661,0.8031501000175568,0.8231846894112356,0.7375675533141016,0.770197529071418,0.9292062978541811,0.9339457133506798,0.9045320804964511,0.9158785607837128,0.7864447613797426,0.915814989343616,0.763630953545712,0.6695740156123757,0.8925403153432659,0.7936869000894677,0.7212464565262552,0.6468808963762593,0.7761095514189927,0.8701100017969451,0.8008242522555702,0.9044867707904014,0.7071316920241032,0.8738007103513294,0.8514552182158238,0.7627339532255389,0.6709208675807037,0.8872444681744992,0.6617635437683999,0.8233957861753852,0.8561699782744483,0.8505968301424871,0.7869345821809752,0.8478944042733279,0.6532067653785611,0.8239706921039771,0.6624346469519521,0.7350742656093845,0.9080207862015481,0.8611676868010028,0.8784645837246643,0.8731976835629823,0.7444708947401457,0.8359875590571213,0.8232763260873307,0.8941698472346206,0.9150152648491024,0.6918192833119555,0.7399457132368257,0.8308276070658644,0.867114406067911,0.7888883150658548,0.816481336619583,0.7084395417521431,0.8403786419651045,0.8233252234169238,0.8543468585818829,0.9262729340264214,0.8227899107499687,0.7217977797745311,0.6123806607954215,0.876530623814502,0.8458019585950137,0.8045475789926408,0.6851295585982985,0.7740537276934076,0.8507820802656418,0.8251986871563264,0.908972127016099,0.7959546709231754,0.8112157367413759,0.8858829486161861,0.8588763885084514,0.8940572091543963,0.8333695491706636,0.8015013646570465,0.8405101874863996,0.921830520039327,0.7482270330956375
0.8410291436308835,0.9126340519470645,0.0,0.8638894200402901,0.8009811564023281,0.9276272564174382,0.9245425170707108,0.89089948141129,0.8194973248351785,0.8831017928118747,0.8809542306898239,0.8709906562329806,0.8904425200249005,0.7619509775786268,0.8976409263991937,0.909613031445482,0.8947444567096867,0.8057549364956472,0.9279149421085879,0.8617737209176,0.9262030197214761,0.9456373321420483,0.6849241158813805,0.8848562843340803,0.8884712671662489,0.699849599925222,0.7084248581173089,0.8451033111366493,0.8315382793166516,0.8540285755221779,0.8977894424083631,0.9178274785957807,0.8898891677007525,0.7206473729617385,0.833415179600388,0.8789143626156583,0.8233391510761706,0.8491817345940914,0.8647983672398054,0.880822134302762,0.9077771595614856,0.8345561569150792,0.849100903629287,0.9407732716236493,0.8683576972026369,0.8290052345422779,0.7759155391888045,0.893734900378307,0.8540316490847446,0.8927990661735148,0.9087443807077025,0.8579783328055586,0.7605331656202308,0.9276495588810852,0.9310503325905822,0.8163911220245836,0.8733254730182087,0.8977317488502418,0.8707222101809802,0.8581972463821276,0.9001023108801846,0.7458035759549501,0.8723322045109044,0.7377998984819489,0.8064447809371836,0.8325596829326888,0.7950214190028695,0.7841489803421088,0.8210363447806125,0.8412489145499187,0.8564574707426607,0.7520660866255063,0.7890728623099471,0.9394726072047787,0.9131394609127917,0.7230204999378784,0.8465402312694743,0.7455614206611184,0.7932257065753608,0.7205925654409863,0.8188466126339131,0.8283698943146434,0.8512465134306987,0.8262730740650482,0.8182520006714947,0.8787640977172774,0.7623224012185749,0.7861221210087925,0.7902273587961213,0.7473983731861016,0.8572324845443583,0.833698475934267,0.9181138138684738,0.8224219754483513,0.8305065933838777,0.844119993023359,0.8552521275269607,0.7952694950573715,0.6060387483017833,0.8433637066318342,0.7524385815614992,0.8441298838605231,0.7363644150714617,0.8476750322200549,0.8400928932505731,0.834323090305594,0.9160395534607358,0.7684855318098335,0.8314592231332725,0.9000464014868961,0.840307763575773,0.7347152334498215,0.8555954536614516,0.7413235460564757,0.7917135216234905,0.8465800990569958,0.7912832743343667,0.9069000174055158,0.9060416549353246,0.6237056090296285,0.8468125142900691,0.7200643453480315,0.7452688848930148,0.8854910529088666,0.7348483876497499,0.9180658379950056,0.7910811372397075,0.8309191876343566,0.8744983261339231,0.8041299838396249,0.8438399068649699,0.9466396886772359,0.7193574330109169,0.7127399765649028,0.9095662348364556,0.7786355249902138,0.801869928447238,0.829934658192788,0.7999237546786848,0.9092629487101933,0.7785516804841269,0.8400622923419684,0.8307364048756112,0.8339808033072742,0.8221107055068038,0.683777143896894,0.912272943564534,0.7896659939806707,0.8619064661955772,0.6918874642812328,0.838235240524616,0.7572401252149279,0.8688942305979034,0.9567745960122281,0.9064547663461336,0.8772415946539854,0.9088293113698547,0.9378762677273025,0.7983547154557756,0.8193674699853302,0.7368924598059285,0.7605247685118062,0.9044881403177322,0.8092637036395771
0.7672799794909434,0.8165016308911226,0.8638894200402901,0.0,0.7433414856601295,0.8430243919776004,0.8413901649177269,0.8749184173076672,0.841780088677361,0.6740913230875847,0.8765055433003077,0.8662744073304912,0.7913186014376096,0.696744873062727,0.8064685109630583,0.7983719503775631,0.8190108840975049,0.7005048177300376,0.888658248891661,0.8027498271256449,0.9134605921525881,0.9079481149502231,0.6445512296813932,0.8700066948002885,0.7526218676580986,0.713863272636201,0.6933810535363353,0.8090620751465746,0.6409334596560881,0.7076910397881825,0.8214705426337717,0.7878678402947636,0.8372190542653006,0.739412874055398,0.7805564583117106,0.8674273445215451,0.745843140415318,0.7661956634890073,0.9276401154851914,0.8289634273772385,0.8225985445193796,0.8795312010775477,0.7331887727176449,0.8463613845253375,0.8421021653834662,0.7440215719675862,0.6373656454552382,0.7935358257674656,0.7449336211043852,0.8401128741194963,0.8747305800538654,0.8192629406535078,0.6935167269215077,0.9548417482645477,0.8489702863118866,0.7382294179690112,0.8359727947258528,0.8804227225399733,0.7600259546525463,0.8200850910242545,0.91123864231441,0.6878334039160123,0.7975169750847175,0.695407157080735,0.7527602860462976,0.7710348245756693,0.928616097744522,0.6678936900635666,0.6877141141714193,0.7852361619761683,0.813019333045194,0.653011568352901,0.9008783215768217,0.9260009890380742,0.8430305436377054,0.6150734029183853,0.9265027639051726,0.6411795743468678,0.7245311476098724,0.6138287468919839,0.6873236294963379,0.9342866906398678,0.7049714381672303,0.7248226006470241,0.842979102267635,0.8279284336348469,0.797390071444398,0.7004505167521313,0.6896225473077805,0.8802259507381831,0.8427288004070155,0.846048410747265,0.7721220249693367,0.7698182822029761,0.8819205677084128,0.688973536703591,0.8677026150319744,0.752918647739735,0.6250382637188692,0.8151275760859686,0.6844503616635077,0.8501811418423579,0.7482393671519163,0.6740545945157942,0.8002383089892118,0.7536710535057637,0.8601490569887413,0.6960058857334978,0.7111328436266766,0.8427772847370806,0.9122329342308333,0.8005793973146046,0.8657587638107287,0.7705486097693753,0.7136469244869195,0.8203297624850889,0.6827728347942645,0.7221354700162028,0.8405233712601411,0.6372036142557762,0.8236841843640663,0.722338195409201,0.7392613145401766,0.7796647362190788,0.7022705582169864,0.741490427085318,0.863887385197697,0.840307182235896,0.7792140365986784,0.6778268681530216,0.7151659357272755,0.9151046870962316,0.7364915286255403,0.8889747979640531,0.9454746778341709,0.6631993858696055,0.6634005367285525,0.7409316972030155,0.7353164527697374,0.8099492967558247,0.6589693717805856,0.7496028392147769,0.877703204780417,0.9261657469009439,0.7576662417565595,0.6685716937304255,0.9470202153462786,0.651859158924049,0.703670962950453,0.6698077544688447,0.8996377236767835,0.6265130504876587,0.9509968632938401,0.7855391494205052,0.8195891352654757,0.8578446199178869,0.8875506798017293,0.8276923044954901,0.7408603523820771,0.7622036489190239,0.6015972820788861,0.6658094174633002,0.7743041996874244,0.8955268344798328
0.6584565020221852,0.6866301077863819,0.8009811564023281,0.7433414856601295,0.0,0.7073558370543146,0.8538517268201427,0.6895481624474085,0.6296005801087257,0.6529596299219912,0.8313345226309702,0.8308012698020092,0.687977191048152,0.5965559418805577,0.6732674240310258,0.7945331357439656,0.7569234761682444,0.6209346364445435,0.7310493536100696,0.6871756647369122,0.8057643421336702,0.7603056505074985,0.6924244918691078,0.8049005298248771,0.7172032126201597,0.7532417384402406,0.6695609771216479,0.698720149267855,0.6730562224213534,0.7589361746672856,0.674383960195132,0.6972461710520014,0.6725623839628764,0.7075373165560516,0.6767057051440263,0.7514974589580428,0.7112706773420987,0.6967095036390593,0.7821331792729969,0.7532544513196231,0.7206227445825524,0.8176079811821328,0.6880976024630852,0.8152613559695405,0.7162762104173264,0.64910069679304,0.6502734287148335,0.8053507289266499,0.7445918781329578,0.7042596484026589,0.7224739692188286,0.7219214705189483,0.5798368700927921,0.7501367770082725,0.7636491004682171,0.6661470085913453,0.6982056429233212,0.8379404827045971,0.639031491267734,0.6769721346965906,0.6735183947420061,0.5974803801874045,0.6782887745665608,0.6858980740229913,0.6119588421703757,0.6315511670819235,0.6873737283967629,0.6285828228829279,0.6474581838640121,0.6605012709864334,0.6732755345328304,0.5968790553117207,0.6992516036134685,0.7550572159399489,0.6827325270356277,0.5564271137428553,0.7898146898817668,0.8642809409002065,0.6495142489502469,0.6345897171407765,0.6229165033863312,0.6750300691144601,0.6767236095793719,0.639842632615542,0.7255314861155574,0.7106620526455074,0.6609588507093752,0.5965441580372035,0.6025254137110524,0.6970427517984805,0.8221296969972083,0.6622237220159983,0.7133789582624295,0.6317777514896674,0.6712310391842692,0.6807136088260115,0.6376530801801865,0.7060985556658412,0.5989984212746114,0.6557953244070074,0.6096464914963019,0.702425266354253,0.6861464617655605,0.6676439384308472,0.6463610734963189,0.7060277394077507,0.7109458823239192,0.7053420583177704,0.6520629471904679,0.7962949125148433,0.8185651046177027,0.7463912850052131,0.6693474528310583,0.6793878650344823,0.6286111766791048,0.7317657463850981,0.6138707165184706,0.7404936000950557,0.7936868896112449,0.5881953330046745,0.8273004388425182,0.6107862524609803,0.6972658151933188,0.7007748152300155,0.5887992211096565,0.7000423796580618,0.6739787224889708,0.7738104584353308,0.737943183662975,0.6165563444360938,0.647356553519928,0.7675890217633415,0.6098542323159098,0.6796929099771314,0.7566287452519537,0.5935306559907726,0.6616598320886333,0.706442936838621,0.7077297014280046,0.7078899984357176,0.5662706072326451,0.7231186350630535,0.6651874534180088,0.7123053301937452,0.7885274056500079,0.6851445580225884,0.7936054168631925,0.6010082970285321,0.6944540476595064,0.6952921615418767,0.7012275954582451,0.5659823148962989,0.7712834439555728,0.7950260034593433,0.7809443505644857,0.680138720281085,0.7269756207098091,0.8049442234755056,0.6043435085860464,0.6867038938250097,0.5619867035909591,0.6004945811361516,0.6729928181769458,0.8066790108554999
0.8986456715349572,0.9599715761848656,0.9276272564174382,0.8430243919776004,0.7073558370543146,0.0,0.8821545782592672,0.8874118678537101,0.9320581415116926,0.8510108218862038,0.7860015772416984,0.755362880994655,0.9347660377537982,0.8820556483262152,0.9484308232228404,0.8516484612924494,0.865141681567286,0.8495577076549916,0.8913880066552436,0.8569573256876412,0.865736905231164,0.9245062331709105,0.6045861050406862,0.8177170144556735,0.8137711433186237,0.646621695804736,0.6517110421088389,0.8145939181153473,0.8099081759582488,0.8386750319021523,0.933758081296958,0.9541703831492732,0.972497697309127,0.6582566321393978,0.8547633106892073,0.8454257308630004,0.8135376862366279,0.8528367470992542,0.8095762696451556,0.8662459998685711,0.9219182059470551,0.7746617958205498,0.8304287951018624,0.913950051313361,0.8341001817795806,0.8717997237604797,0.8160187682387796,0.8201846840557859,0.7848884531261899,0.9256418736693078,0.9530542156484665,0.880891640995126,0.8692100963414429,0.9199663144264366,0.8787362177997755,0.9238694299737598,0.9035015932379409,0.811969884169907,0.9049264124676949,0.9193909570402666,0.9536331326579585,0.8695508761419226,0.9221886098369642,0.689736388352909,0.8947342878672757,0.902988976178039,0.8208109377291398,0.8604615482925666,0.8023040715963802,0.8364067802359988,0.9482287130309528,0.8190824209238275,0.7959576793003886,0.9361182924820369,0.9610445817363228,0.8154570597367629,0.8093345622199455,0.6864247524156486,0.8006216994813449,0.8201179585304664,0.9056071150962577,0.883923760986244,0.9290829764546947,0.8730715641784046,0.8043600942654326,0.8826951637671071,0.7525533642254939,0.8624737456070765,0.856858930985708,0.7852737204580823,0.8271432988643255,0.9186525119550233,0.9482080536884365,0.9131800436011007,0.9217614318356576,0.8377635019361371,0.9475425546069948,0.7437476471857057,0.6564450699208543,0.910899460602502,0.835276224593159,0.8026773090734838,0.6780303103140818,0.7700141215014144,0.9107496367813543,0.8343209357710948,0.9263836428425152,0.6936140161616448,0.8803064961890534,0.8341133026441125,0.7587367516280202,0.6844362598370283,0.9494568060938231,0.7081324158982943,0.8536681144687767,0.8686364306888648,0.8394192169125877,0.8001574214664324,0.8275773118138184,0.680638002455386,0.8482026269020569,0.7543055326351857,0.7220287087793237,0.9596021280672442,0.8636976004323413,0.9168198284809059,0.8761907590876191,0.8091403130986625,0.8130019041277728,0.8666820174317693,0.9025328442722531,0.9653855266581145,0.7820658446990172,0.7511127253585508,0.8436014808754435,0.8813967051434325,0.8057141049144554,0.8348630211541197,0.7094086715414966,0.899752007658227,0.8670836374497586,0.8680154632632504,0.9074470261156258,0.8227197101711268,0.7528236035350775,0.6275507901520161,0.924264916263905,0.8725214767969124,0.7931017175868259,0.6559415785777153,0.8305255812067285,0.8465271248309911,0.8081337554961722,0.8920753656529391,0.8082442769137056,0.9020355977511387,0.9290580052306185,0.9190783904505594,0.9191697286476869,0.9097848075074433,0.8050572523711188,0.8471787956505831,0.9509614479870513,0.7793528255221617
0.7662657815066871,0.8944400595690354,0.9245425170707108,0.8413901649177269,0.8538517268201427,0.8821545782592672,0.0,0.7682422408636534,0.7656757671887158,0.7894302933391225,0.8350103443381337,0.8309279483900825,0.7984488428640841,0.7364925618837685,0.8274364268025837,0.8146468668129891,0.83391994015589,0.7202169173976183,0.8550327123172383,0.7786151684940064,0.8890082371265398,0.929577138753031,0.6360305088626963,0.8744291519472391,0.7744492598258061,0.6560218547009684,0.6298387909910467,0.7644028801163671,0.7968261676925722,0.7673340086917168,0.7896346233343967,0.8248967190275138,0.839485875049318,0.6756739594931573,0.7732410146337954,0.8228422038429842,0.7336518269456382,0.7468656617192712,0.8469168756385513,0.8495915995962983,0.8544096459476709,0.8772649011054863,0.7299955984218911,0.8995045415963447,0.7656288890003746,0.7458378349220609,0.7267674383842853,0.822838323881724,0.7753858661133838,0.8224867947040707,0.8525747264350728,0.8157322155521723,0.7371559930745308,0.9152630905887037,0.8494179295078517,0.8208473703182414,0.8106910948416106,0.8175698772624743,0.8064802213410127,0.8041611417586739,0.826657246506433,0.7043565628278016,0.7854197996440747,0.6982760151204173,0.7647499599645375,0.7577793306523201,0.7790437905106999,0.7224838876538233,0.6960810939458563,0.7119426572623163,0.7995646762544664,0.6873398178284247,0.7688145629413032,0.8735941159891232,0.82769424013888,0.6642191446201675,0.8117030428884245,0.7676402146047446,0.6937695959037536,0.7217663231162335,0.7675685664497016,0.8116006378249706,0.8115117497348319,0.724944678227575,0.7663605330633128,0.7931866946912202,0.6731256284891414,0.692385189113357,0.699551143608486,0.7661479771200911,0.802281041151706,0.8277840213883867,0.8494833238463828,0.7789520296282234,0.8446241586706863,0.7701266143469719,0.8069264467706304,0.7362120616669369,0.6281952872817055,0.7818629759410634,0.7127638583686148,0.7300419938168141,0.6496275830405336,0.7238163232334989,0.755294678476154,0.7496886812487962,0.828622026331101,0.7014148640902568,0.7677141710360049,0.8945036159107871,0.8471556636311076,0.6988207100772117,0.8167246422945549,0.6683380501951625,0.7160053237432185,0.8106916849917796,0.7248307335789297,0.7849139329838158,0.8664260431572756,0.6077457627750517,0.8514161654699771,0.6300847303185393,0.7214707581293693,0.8403328714017871,0.7433423790276972,0.8167487216818079,0.8002557902552677,0.7799888065037558,0.8018174084512557,0.7175410655644658,0.7657909830892851,0.8933780395186397,0.6528310887378765,0.7574728179127345,0.8552228210102993,0.7403774825508922,0.7188521139880382,0.7648132962662649,0.7055371232118575,0.7860738386353975,0.6974220744842496,0.8170071658146116,0.8445992513233814,0.8289913672436467,0.7732260120553044,0.6257108317225887,0.9068052012037692,0.7336125887879973,0.7545342130865247,0.6817651366161124,0.7540142832410783,0.7066590448367508,0.8503021668876604,0.9052722939329885,0.8080198805097394,0.7803071284409622,0.8664488466123593,0.8739050798174381,0.7744905154714778,0.7724424441041498,0.6776052158609854,0.7139318097625452,0.8104844513496988,0.8196437669629789
0.870826858994568,0.8170266029058092,0.89089948141129,0.8749184173076672,0.6895481624474085,0.8874118678537101,0.7682422408636534,0.0,0.8957968905415925,0.7865093937595549,0.8422608307110524,0.8066664728837589,0.9256242282846825,0.7846511112052802,0.8877519507315077,0.9059798624880425,0.8529032797324374,0.8273904776914996,0.8777436784139484,0.8685437065949678,0.8548427702854033,0.8432928598204236,0.6760522703412734,0.7975628659407716,0.8608822583027728,0.7598396467098978,0.7971314304871703,0.8539731438690251,0.7149106022229528,0.8576911968608623,0.968491584928739,0.9165745197032079,0.8976685825136591,0.7393249036467905,0.8482041196077507,0.8843860554495308,0.8926081260489424,0.9188305953164455,0.8363860548715694,0.8357836024186617,0.8649441203829522,0.7252328537834283,0.9016454418345137,0.8837766215807451,0.9380590211757901,0.8630175472090893,0.7501891286945608,0.8601148536063817,0.8229324919681227,0.9036608963305217,0.9149141752890017,0.8448321131935603,0.7386684969050478,0.8605442100938261,0.9150084689083858,0.7766345512292031,0.877714931832349,0.910540994325428,0.818474954070612,0.8805633300781479,0.9410352317677856,0.8049933635452412,0.9071886360863883,0.7241974442610489,0.7961674856879123,0.8628611587973292,0.8553412048887797,0.8074679255216566,0.8718408256631777,0.9614795222240331,0.8982635143161732,0.7904887880614361,0.8195992147827214,0.9351094535974043,0.9197057970091291,0.7442289238949804,0.8828118389492343,0.6751323857211793,0.8688120440315925,0.6949965364870535,0.7836162982652111,0.8491159949776912,0.8081777435659758,0.8936831225154144,0.8474071745172062,0.911535834794823,0.8960726274285603,0.8762221811591333,0.8498352239669369,0.7873461428785022,0.8959581050895634,0.8328343319328503,0.8751141721190124,0.8225372145122949,0.8112198096211348,0.8164173469439734,0.878552823682597,0.7823841957081865,0.6283025543963889,0.8866802608411222,0.7998854077794054,0.9552305455241878,0.8315899063797415,0.8115529668898311,0.9178547617878279,0.8719988033935748,0.9251971344400428,0.7421221859494461,0.8194663485458923,0.7827338480022491,0.7733232251168841,0.7789228773078546,0.8914892181692652,0.8380228222383415,0.8447449795916588,0.8442218604141595,0.78113179624215,0.8442592930862666,0.8135217949258681,0.7032591278610425,0.8214838799272668,0.8924278031964352,0.7305533625667137,0.8631143201266819,0.7225078169721545,0.8895402390954921,0.8106055756893601,0.8937864427599991,0.8299164387166783,0.843373138441292,0.8422829992778477,0.9216596602732579,0.8671187822409948,0.7222624981176363,0.8712580240902237,0.7522433647599607,0.7998102793097901,0.8516726279112888,0.8079170080118862,0.9648572532679305,0.8060395537103046,0.8097321099727591,0.7970661273335311,0.8090303544285548,0.8059403184235296,0.7294158668304289,0.8806904667259136,0.7687652755406272,0.8162912661315749,0.6694993330043644,0.9365874126401232,0.7299601960706993,0.817581240617422,0.8392458674594306,0.8747789802009059,0.957628007483819,0.8830538914796703,0.9060010622043709,0.8095711081795794,0.8786425708048592,0.7193696697552739,0.7670295524960425,0.9072460390835112,0.7875708168116629
0.8680356693122468,0.8600968145140527,0.8194973248351785,0.841780088677361,0.6296005801087257,0.9320581415116926,0.7656757671887158,0.8957968905415925,0.0,0.7375494298281843,0.730101975976099,0.6818875450814974,0.8920141042915583,0.8652246145510152,0.9146352144370018,0.7758324762051684,0.783006246570153,0.8188658172998889,0.8188794769108082,0.7995348360674049,0.7860885103281797,0.8565528839690784,0.5564334440744234,0.7307137026300522,0.7281835172892712,0.6276567223806866,0.6496330242440208,0.7638521923654389,0.6884330185440061,0.7800017403685837,0.9125771778590589,0.8836107414647383,0.9497886785090806,0.6178063044157758,0.8009701989859976,0.7912196022303223,0.7871806796552663,0.8194654496132004,0.7760750839442765,0.7883268351190472,0.8405804021120065,0.7054815059905494,0.7906210268094412,0.8143138778838855,0.7996262958229812,0.8368246559075757,0.7415148429004392,0.7396361998528591,0.7028913233430523,0.8834907460665776,0.9234212579289117,0.8230164577793085,0.846150009805301,0.8629212787332158,0.8111504080009705,0.8488365045026619,0.8614034416791564,0.7682390226489987,0.8311312959695333,0.8855122042131341,0.9590536217563941,0.8849936428314235,0.8969736886206993,0.629652801411432,0.8751387911379971,0.8825212396447997,0.8473178053727408,0.8458901973839258,0.7664881622820975,0.8564611057671082,0.9504263522299973,0.7833710827734843,0.7913764653686731,0.8936383902291382,0.9201949454974685,0.7880797010906356,0.8099731596314043,0.6054970036152674,0.7767476627481381,0.7567827297727302,0.8392916609310455,0.9158761488788677,0.8633679408919018,0.8425790026978969,0.7706360742271606,0.8357403581140488,0.788757595851509,0.8790842329978371,0.8356689170151883,0.803310051366895,0.8027691563615411,0.892905806140328,0.863852926011128,0.8795520262699003,0.9183876501907414,0.7646904988125032,0.9587913351539671,0.6747105165004128,0.6473790559754506,0.8870200444247569,0.8147017250664966,0.8201117333710575,0.6691219102483928,0.6819359812179394,0.9119139294833267,0.7859283587136968,0.8754192197944718,0.6249186790953523,0.8160958734909894,0.7241084220386569,0.6970250115797707,0.6660555649959975,0.946157100538841,0.7245095626968653,0.8302788006876749,0.8184805553195218,0.7779903056875951,0.7045323671198176,0.7248570516335024,0.7042127826961877,0.7855865645939322,0.8266733855013706,0.6649064170224681,0.8984490780430802,0.8379821011939563,0.8252380254530612,0.8821303182086169,0.7935185532397657,0.718610612595565,0.8353367929335438,0.8411365215919968,0.9163124895409687,0.8417948848010658,0.7734169342352082,0.7883612257198706,0.8343586942693224,0.7318191532222695,0.7759895320419482,0.6535017282108665,0.8673633465268472,0.8527571484927812,0.7913060944963818,0.8888284070996215,0.8103016543460256,0.6828821297269857,0.5988843047668716,0.8912202033024836,0.8237978528171858,0.6971020257572962,0.5995065677138331,0.8398056209562076,0.7967666696090568,0.7646360021122526,0.7666683331682401,0.7260895244783667,0.9107842360392905,0.8798912351052753,0.832422697014133,0.9007094414229185,0.8999890785696506,0.7536815460264114,0.7988035919185883,0.8859439858305116,0.7503595219444854
0.8034391288607294,0.8695793961884278,0.8831017928118747,0.6740913230875847,0.6529596299219912,0.8510108218862038,0.7894302933391225,0.7865093937595549,0.7375494298281843,0.0,0.7211135107988393,0.7166335210482514,0.8515591430785936,0.7984483525817819,0.8394214334661222,0.8264805666490993,0.8012787924793708,0.8198786553805261,0.8011124671644485,0.7986733521770405,0.7546279485725537,0.7944375769935201,0.6452799994168947,0.7298834218680067,0.8671256356545083,0.6047529618137722,0.6702287311745595,0.7650187143154178,0.9446802594278699,0.8309639881269218,0.8522521355168681,0.897410462728433,0.8205425406665977,0.6356512427246768,0.7954940006140773,0.7703862213172015,0.7730670166395066,0.8151830307542856,0.691041573384958,0.7782749737446834,0.8345358342788628,0.6638474857922714,0.8225046515449596,0.8256235439966039,0.7747081192169286,0.805653717874654,0.8248867817571057,0.7983925522486909,0.8101956914892168,0.805961459892835,0.7874125201309148,0.7590833993969497,0.7701334357946736,0.7595831511320756,0.8391597439400664,0.8029322006008195,0.7781312302456515,0.7372015466909163,0.869782057010832,0.7922982113469055,0.7817843902561804,0.7560922068983792,0.80892740875181,0.7133316186063987,0.7715641969567891,0.7936080149096667,0.6477128068408351,0.8013987787773516,0.8549642267301846,0.7818621979268031,0.7769482168143292,0.8143584047541196,0.6491777566305017,0.7855965789714767,0.8437458652045612,0.8065651204200467,0.6660734787694501,0.6987260516818955,0.7670952225930855,0.755531404261814,0.8548880832961926,0.6724688123632687,0.8619513287324776,0.8403169194701953,0.6988546201202229,0.7981859721074577,0.6674418163727224,0.8106357269889268,0.8290810995075959,0.6110480123290438,0.714748558726246,0.7568818737753578,0.9024025373493904,0.7841055270041571,0.7108928137768917,0.887194384068222,0.7616992686890872,0.7368362456764123,0.5907034539422885,0.7834405170918591,0.788745089999919,0.7222783424225989,0.6539767124394799,0.9104517853095346,0.7920597467497493,0.7828858788846514,0.8166463654449042,0.7319062329061625,0.8441545233777148,0.7725143565900643,0.6593091256504812,0.6125318172957107,0.7578200804145,0.6635929317996072,0.7900709976152034,0.7460725290210297,0.8257208954129471,0.9129667975686994,0.7878119353049058,0.6156568930439675,0.7180551095486709,0.6720437130038682,0.6725619229943849,0.8348104336358604,0.7368828777636719,0.9458070256244754,0.6775027804346653,0.7073811814620196,0.8258272223664238,0.8566217325821128,0.8866665632001476,0.7926286105945628,0.6741243501268713,0.5704907525332478,0.7409289483886681,0.8261097796872622,0.8413188136504466,0.8019611531682818,0.748456139453892,0.8453500820369566,0.8568690111142642,0.8175558840347564,0.7151968736180223,0.6841145681182177,0.7442677772045599,0.6314334357318335,0.7296416661774319,0.8551255699558337,0.8912815569267037,0.6570211745445349,0.7008040383904782,0.8542591772306488,0.6867345823564449,0.9052692325227297,0.8030547284865017,0.7754952010771754,0.7805076957513177,0.8299984097037427,0.8081015658181003,0.7707499035359319,0.8427382993964307,0.8075316902656888,0.9040455731065348,0.633334074894366
0.728383806327497,0.7500998300937256,0.8809542306898239,0.8765055433003077,0.8313345226309702,0.7860015772416984,0.8350103443381337,0.8422608307110524,0.730101975976099,0.7211135107988393,0.0,0.9504707469208111,0.7849103252933785,0.6569829445982011,0.7249271480993389,0.8849398662994891,0.8108948224699332,0.6631279720746897,0.8221473463602117,0.7878140343317033,0.875092116577047,0.844826371567686,0.7318725235972973,0.8660263111186707,0.8507810403826349,0.8221782661223844,0.7960282244572612,0.802803393931229,0.7123850437806467,0.7569511170247265,0.804396411913179,0.7771214404574281,0.7343322355348839,0.8059900166521543,0.7848462685276865,0.864030718879003,0.8500927009884031,0.7966022315412009,0.904325053679215,0.7980510848134381,0.7563682034608724,0.8791837775820137,0.7521731659997598,0.9020698734803461,0.8643058032418033,0.6912018134757334,0.6295371854053199,0.9465463594777619,0.826646961570757,0.7586285810420044,0.7729732040159515,0.7566916218065658,0.5896304227053889,0.8446403829531094,0.9040848757151008,0.7164573907620391,0.7558130347739971,0.9481543915938353,0.697023356211953,0.7296773560840873,0.8143612686219203,0.6181077968081048,0.7325337101544922,0.7677199023411367,0.6403584926481407,0.6884781924866245,0.8748178777569512,0.6602221201975035,0.7249387927241384,0.8035743855012619,0.7316325354921631,0.6443204106682723,0.8505105039375264,0.8494910081295828,0.7677117307400442,0.5835615511190357,0.9172568959779047,0.7863190624958571,0.7161693826955535,0.6228959201056297,0.6440096116235416,0.7517400756135785,0.685011576732213,0.7296341577210889,0.8082893586515896,0.8084775399762136,0.8591413805182273,0.6559270224200219,0.6583610665006272,0.8400562569224558,0.8502294672292665,0.7333718630846214,0.742819203985793,0.6757954998881414,0.7279783760078504,0.7812899907297038,0.7196693163807371,0.8036296616079005,0.6227312093220758,0.7329149059118893,0.712221939982653,0.8582994175700227,0.8006791039975985,0.7480640018330118,0.7255123415434545,0.7525534107422595,0.7855448673592947,0.7880370814944081,0.6674705003300938,0.8935542262820648,0.9237435627464653,0.8334911064774904,0.7974279875140748,0.8571934321115813,0.6721099046852389,0.7723636366682207,0.6496425182097378,0.8370649666183616,0.8892571544787078,0.658192023456248,0.8220052334138551,0.7063784923710064,0.7769924817270624,0.727508087153082,0.6623971030671102,0.7813317618773791,0.7146445965222155,0.8819644825716401,0.8382372259967341,0.6600666470395314,0.7123290621518877,0.8399983273510524,0.7576887854461491,0.7741076008116743,0.94231086956389,0.6081325187922869,0.7014836575596896,0.7581981420626871,0.8285474943418041,0.7926421110723006,0.6232807662626323,0.8015412835442219,0.7118640534023992,0.8260951501401976,0.9277737726775146,0.7620881132266024,0.85571361077521,0.608282007956711,0.7860545516238672,0.743877296001422,0.8710272300764227,0.5819037772147251,0.8624447891862506,0.805361541789038,0.8947896817462372,0.840108684659729,0.8521356212567456,0.8662823561362074,0.6944596548076782,0.7356116271508828,0.5751657058305784,0.6529678996870167,0.7502559403114146,0.8895028385510868
0.6980712978999324,0.7575824527031966,0.8709906562329806,0.8662744073304912,0.8308012698020092,0.755362880994655,0.8309279483900825,0.8066664728837589,0.6818875450814974,0.7166335210482514,0.9504707469208111,0.0,0.7405114937017646,0.6389779147672651,0.6962811042579283,0.8641764231225648,0.8272881077851311,0.643569009585551,0.8461827384246939,0.7903607453889163,0.8938805006969845,0.8168677615997786,0.7756037940819686,0.880353942431965,0.8366640883979137,0.797378987992199,0.7865516376431598,0.8142532104692902,0.7161540990970426,0.7320218208010193,0.7722638080691792,0.758739237001966,0.7152927673616847,0.8517252588846808,0.7844515090575069,0.9081214364529299,0.76311663664884,0.7778385905862011,0.9031546113243188,0.8056569103527808,0.7776847036200463,0.8830541797717367,0.7277111589954561,0.8722321300165163,0.8595057326669983,0.6839561124042742,0.6312563522139947,0.8813121389431369,0.8295910694174176,0.764585928607292,0.7554719846246459,0.7609250224361186,0.587835378758773,0.8492363210333035,0.8917134511819517,0.6920269836298149,0.7538881797396594,0.9372360421536936,0.69890032353593,0.7412939633251814,0.7694027386180312,0.6043617832499364,0.7090293665298185,0.8299023586644554,0.6309316037277994,0.671604680585797,0.8076573317157405,0.5993698131530953,0.7009299067199842,0.7340419033961626,0.6855374488146564,0.6376215350030372,0.8361990272739274,0.8298584033849867,0.7557524758317488,0.5660542947567031,0.8608642912666694,0.7701149068067425,0.7079197581623994,0.5851851121198727,0.6232222467572105,0.7328749115946779,0.6443410598446903,0.7010541078869845,0.8273015001745341,0.8044902681362892,0.768569702541175,0.6288195022237998,0.6440382169945683,0.7909790840390308,0.8289969210237931,0.7515596144378764,0.7419678268927132,0.6671922530075658,0.7141137421025905,0.7278067041494094,0.706617957452524,0.8490376085363324,0.6469194736513676,0.7294137115541338,0.6747421368515368,0.8047854561476264,0.8084666188865617,0.7624340687078515,0.7142852436973901,0.7479889376252639,0.7911468203302396,0.8139867235360708,0.6675216802109755,0.8950795892986071,0.9524088615382535,0.8637798947558518,0.7404694038885495,0.8204407402472489,0.6618330155115856,0.7720040451187073,0.6529031179200319,0.8297666262285641,0.9155455919501678,0.642582763002584,0.8202069433638385,0.6553686106999601,0.7951811982667492,0.6961651924199155,0.6282131358081219,0.7558873905804456,0.7313584668927932,0.8550199872316513,0.8815096179351604,0.6347404544521037,0.7019388273835213,0.8144520610638175,0.6769776384035814,0.7668040327951857,0.9306411883817872,0.5884200587492568,0.6916518796133642,0.7548594458134802,0.8473081813000045,0.7728319439098867,0.5894814302753314,0.7936031691281541,0.7215560763385324,0.8446422215327878,0.896219701888877,0.7739109725869565,0.8332448637274146,0.5901403946355945,0.801152882046641,0.8109637115658557,0.8321603810985495,0.572478798426243,0.9026718450513429,0.8293697112765531,0.9078422713353382,0.7606872227749828,0.7934771647365417,0.8233982210747786,0.6496302085100032,0.6919984113701165,0.5625175707780171,0.6347959708880047,0.7364232035339116,0.8491248346465918
