0,1,2,3,4,5,6,7,8,9,10,11,12,13,14,15,16,17,18,19,20,21,22,23,24,25,26,27,28,29,30,31,32,33,34,35,36,37,38,39,40,41,42,43,44,45,46,47,48,49,50,51,52,53,54,55,56,57,58,59,60,61,62,63,64,65,66,67,68,69,70,71,72,73,74,75,76,77,78,79,80,81,82,83,84,85,86,87,88,89,90,91,92,93,94,95,96,97,98,99,100,101,102,103,104,105,106,107,108,109,110,111,112,113,114,115,116,117,118,119,120,121,122,123,124,125,126,127,128,129,130,131,132,133,134,135,136,137,138,139,140,141,142,143,144,145,146,147,148,149,150,151,152,153,154,155,156,157,158,159,160,161,162,163
0.0,0.8815164061512055,0.8694817562869366,0.8574812652179855,0.7524264237041743,0.8836849925614683,0.8352147246452925,0.8902132563071209,0.8145171224317919,0.9052620147394658,0.8974444304593098,0.8313747654012866,0.9801292632451799,0.8174379818314669,0.8768506970004175,0.9039719613554332,0.9200241090664564,0.9530390765343795,0.8166147515182139,0.9371026702672506,0.8668210535699656,0.8594143646474629,0.8369481728839052,0.8814648588657442,0.9502984864677148,0.8332185565469483,0.8001885212644781,0.8985423671758243,0.824405475334625,0.767076324708213,0.8910069665289546,0.9332725296842195,0.8552961671022156,0.8613132736570687,0.9336992059295067,0.8018297336605308,0.9197526719709647,0.8618323036781002,0.740340004049858,0.9427718940217098,0.7865605778313891,0.8940592881710696,0.878568891771613,0.890252818739301,0.9245341114423712,0.9161684795955932,0.8313101202840606,0.8726850750723587,0.9159947161705964,0.8710444530396511,0.8737486832491479,0.884851187574577,0.7694971465363327,0.8255632882862444,0.8567081471984028,0.8617081833560105,0.9092560572912832,0.8374856228341211,0.8494597375334917,0.8653370634402592,0.8661897555980864,0.7377957392945622,0.879793712014748,0.7802302901249694,0.8459134200608758,0.9034668608197144,0.8748553125192912,0.8314894256665664,0.8324403476837788,0.9420683876369459,0.9109416449712004,0.8438516938307673,0.8569812980937616,0.9152187356501252,0.8781918910305232,0.874885418618056,0.8492238904958073,0.7708518051646358,0.7934165615532434,0.7356266910880271,0.834987798221971,0.8310344957005645,0.7883162569450586,0.8256424550195041,0.88548598858541,0.8750490252518206,0.9253663802669065,0.8007939829799202,0.8961947614201707,0.7760083612347137,0.8595231348709235,0.8171124289011615,0.8513512230139749,0.8904279071606614,0.8489635914042271,0.8226278144133504,0.7251517884921893,0.8762374128547429,0.7236604187607799,0.9066560251285735,0.7700863221156312,0.8831315014622092,0.7732225173174785,0.8117520298403134,0.86926194972416,0.8943014714473985,0.8593733529394297,0.8846371735735846,0.8964503059885333,0.9168150097482805,0.8804211596807331,0.841767124869802,0.8963433770246148,0.79517179306885,0.8759339441199844,0.9120100700459545,0.9215856699906995,0.8838492806813387,0.8867392737224931,0.7493322082859042,0.850422620050841,0.7885712126197185,0.9067863749298261,0.8832964992123363,0.8213270660839996,0.8597553876753261,0.7775955881590509,0.8292015136550661,0.8715037824569299,0.886951946487922,0.8136830454613593,0.8417332164795784,0.7860722314926373,0.7535934407810279,0.859651819630666,0.8436137069449353,0.8333557161642274,0.9163392484534216,0.8782826683914182,0.8275061828937138,0.8226896480096325,0.8466065701134671,0.8499516784054502,0.7506906330838846,0.8867148461130073,0.8317540519990225,0.7889206058560366,0.7689044536606647,0.9147291205082733,0.6759674703113656,0.9187211542009909,0.7744595360281344,0.8211016716424339,0.8269394611786336,0.8768156577715506,0.9319572417802762,0.8936785469642016,0.8693626161758016,0.8737132341977254,0.8518217786557798,0.8322729571731378,0.8992341142711017,0.9106218475491705,0.8902104129623163
0.8815164061512055,0.0,0.8606781736423901,0.8725445158119053,0.7161343282500253,0.9552753133935672,0.7705192552747174,0.9417436936859408,0.8968454193279594,0.8336794109242942,0.8396419150800113,0.885905765510033,0.8757164532868107,0.7620596166075844,0.8880589607525553,0.8240893982559475,0.8480178947269972,0.7966465360514008,0.8465689850885014,0.8647671384662516,0.8540786792666368,0.9038846807289307,0.713612992359431,0.8686178880009917,0.8259901575641936,0.7105632516594469,0.7290604022936996,0.8148816223308597,0.8173822098887467,0.7529101782445232,0.9244125956657345,0.8434587576597201,0.9510166451084378,0.7755601943413658,0.8428047020741427,0.7969315884853255,0.797308997764914,0.7995748021344089,0.857829314068611,0.8514220675148623,0.8439277550524499,0.8804651352932469,0.7259105359817547,0.8269549781510248,0.8516803318932228,0.8379392281295895,0.7520648541469822,0.7762333372916688,0.7668070551833815,0.8240142936750597,0.8232243043577414,0.8514878324258552,0.8347683229353724,0.8877669126437647,0.8084403140263078,0.8864291125022268,0.871447619750423,0.8458391791621573,0.7400902250220881,0.8689233177466106,0.9200451680840385,0.7312184855987692,0.8190542387624915,0.7019972791137679,0.8143345798193651,0.8254302777764199,0.823339499120675,0.7385086514657208,0.6721760533506981,0.8467893301116639,0.8691503333651801,0.7319819474628105,0.766960664470648,0.8529759435199744,0.9147115555400291,0.7660412038691,0.7938472392428186,0.7268089348096719,0.7196896015130715,0.7058303638333557,0.8188326504820872,0.8839869405030848,0.8275306810743694,0.7723716742086993,0.799767407520262,0.8936820193875922,0.8345330802844004,0.6848247080867256,0.8153918890374533,0.8915715350007074,0.7667392235633244,0.8443992577841389,0.8142871288454341,0.8778120374095635,0.8194589859916701,0.823146414191916,0.8401118840903111,0.8189720629993092,0.6950466974023305,0.8478590745063167,0.7489455322739368,0.7979348307707708,0.6464458905285804,0.7291995242513893,0.8150733916259395,0.808122840311866,0.8295950840485041,0.7859178444479212,0.82131849942455,0.8912432739933374,0.8412480068168384,0.746293428655631,0.823308444448882,0.7787210584237598,0.7941690159828731,0.9113602617085482,0.834070048828437,0.7449388718363877,0.7969778510142175,0.728330332302114,0.8101127346105575,0.7652618881522437,0.8114509875696244,0.8736782755272551,0.7958557400072735,0.8548559959633719,0.7732809541064377,0.8657730229576588,0.8199151895564599,0.7631170094752311,0.8487649512430101,0.8769345705571113,0.7495341024598572,0.8799697167277928,0.8742451816893603,0.80088670013585,0.7733810734000608,0.8034659711242732,0.747662487587582,0.8291177941138187,0.7608881867013391,0.8104666518505769,0.8952516715449316,0.7819839749856848,0.804768910952022,0.6934209087215595,0.9036126324805878,0.7979732575969629,0.8069254890981465,0.7046591263766441,0.860379535260023,0.7828384128164754,0.8511787931221829,0.7908384709661445,0.8403570314675454,0.8927533767662619,0.8696596477805708,0.8550843233432355,0.8035064577636188,0.7442688859205513,0.7165781392383166,0.8248278646507097,0.9249344884833045,0.8629270379500512
0.8694817562869366,0.8606781736423901,0.0,0.8541068938089292,0.882954186682088,0.9003404431837297,0.823873530444273,0.8328893057650495,0.7557597820866384,0.8374883170388856,0.8820897695319875,0.8525346279161182,0.8852009431377376,0.7233629629246229,0.8893872601374041,0.8977778394637914,0.9069483109729123,0.8381550435941022,0.7814578502132696,0.811448933226413,0.9403267253120106,0.9477991529707628,0.7400297436378029,0.8995328835754463,0.8247310845155879,0.8397936099507542,0.6921109859200141,0.7662558691332699,0.78860304089951,0.7603335299094682,0.7771178027307408,0.8560472007027228,0.8737692247088833,0.7528295001546734,0.7839739317933981,0.796949016748017,0.8254481497416254,0.7838568939951092,0.7854137126665217,0.9092006196517401,0.8386980651387281,0.931889370732916,0.8475887272656972,0.896154215194181,0.8264932992888532,0.8502120277615997,0.8628141548797996,0.8646546242096428,0.8051983058779444,0.8725379044566262,0.8930532545349256,0.9205784996740436,0.7563743765648723,0.8796268587315822,0.8168861556750537,0.8219188244779452,0.8608830712361416,0.9047699667529098,0.7796629244115454,0.8097294259176139,0.8118715439171266,0.7300056128017962,0.9069045599436869,0.721666535253967,0.8296348308121481,0.8304129876667011,0.7975442213911021,0.843086411256938,0.7689500656630199,0.8278365909292899,0.9329577103241412,0.6985578950057718,0.7868944533082656,0.9209771553995018,0.8429470278443855,0.6928636924462314,0.8593915740305039,0.8269047516020335,0.7158948295899129,0.7044773519716594,0.8511915818487433,0.8632425765818992,0.8212868161643355,0.7198321475016723,0.8314772888692958,0.8284809291474117,0.7882627513071878,0.7151276969795288,0.7358788604142193,0.7485886371535769,0.898770401618986,0.7732628514707955,0.8451536507361357,0.7886181009341238,0.8361124659612245,0.7968928107631323,0.7363542413106572,0.8049206272104329,0.6737427334979649,0.810273995999356,0.6425240186206304,0.8590845663485687,0.7198782183200035,0.7546150961755491,0.7865208470173225,0.8814198340586004,0.8642915759889211,0.7953429236064329,0.875128983941785,0.9061331063520964,0.8803695107849203,0.8121231168761104,0.8197150406138933,0.6917689165072469,0.7760486793293028,0.8947567916713247,0.7716967949943346,0.8083582310204961,0.9038880675232588,0.6718201838360575,0.8921752181822543,0.7476562929450354,0.8093152197515001,0.8791249154258748,0.6966498072135395,0.8177879064790817,0.7873026174276263,0.8523801552736607,0.822498664708128,0.8160054831587135,0.7499990334019053,0.9510295422212187,0.6336425639612585,0.7417393865910222,0.8352665910167473,0.8166532352647975,0.7526796895538108,0.8401029272563355,0.7798055482340324,0.7847876461107791,0.6899991384441329,0.8077291473672287,0.8337415507023368,0.7882752220515528,0.8416434352630827,0.7687144509326822,0.8969336743782402,0.7887383771438784,0.8234965972520892,0.6585996084045054,0.7783696579768039,0.6802043404848342,0.837651935730014,0.8903023749721726,0.8703096276235136,0.8355816817812658,0.7999539404844906,0.9015593340638969,0.7123619929737761,0.7680691835208409,0.7647666988198506,0.7190315353704841,0.8657276671850087,0.8826844445049624
0.8574812652179855,0.8725445158119053,0.8541068938089292,0.0,0.7364332843046407,0.8430753302768079,0.83736785283618,0.8353407496531923,0.7440157819427721,0.7814120858521557,0.8605129602423022,0.8376791688010526,0.8463801865512225,0.7684713130488139,0.8602712426959029,0.8013469896449307,0.8870508893574044,0.8173231133332816,0.8696547697425087,0.8457869143650858,0.9125809411550213,0.8905371784676454,0.7622353769111501,0.8665349240496679,0.7969547286404168,0.751534137451161,0.718971013793497,0.8501797276688999,0.7281194805955926,0.6674806022622449,0.7965132322470521,0.871925268607566,0.8932608941411078,0.8216885393599951,0.8365881252545712,0.8521507667670999,0.7570420960660847,0.7411003318593684,0.8361170847197933,0.9173367326924307,0.812017179931245,0.8703670810709474,0.7707715334264059,0.8323702329528593,0.8538435122083479,0.840388653150834,0.723814939835833,0.7743540231030734,0.8310457669834701,0.905819346931985,0.9291681935397507,0.867767480419828,0.8378579479118825,0.9656840041522253,0.8818857824657422,0.7450036755325704,0.9149252681139659,0.8136325948850577,0.8606108730122232,0.8969737495560606,0.914961466694108,0.7307662041467927,0.8497450308977574,0.7557743588625718,0.9033258289252528,0.8847255464275556,0.8788003119804977,0.7128608195499497,0.7256537595840943,0.774790890861423,0.8573152148123852,0.73369238030929,0.8748075358270798,0.9525388947303293,0.8669693019067095,0.7139381838248264,0.9062318004572484,0.7068843221970192,0.6865847123843252,0.6337018614048935,0.7339868156108915,0.9433341315543292,0.6856184478611721,0.679143574300394,0.8990235713020457,0.7766118513567523,0.794946565298417,0.7648796297833486,0.7619860276476501,0.7230212694944265,0.8318193017024802,0.8462535567594812,0.8482865216260642,0.8891613534928109,0.9298093347139403,0.6822365900296026,0.8411664941067726,0.795260103625572,0.7122327109915909,0.8918311613346034,0.6918281463379461,0.9124141738266032,0.7613513321167127,0.6725553353394117,0.8568780645204526,0.7884436994006253,0.9171599470553946,0.7446302081779616,0.8323770348453268,0.8574645732793063,0.9532654591117167,0.8497164034199632,0.8621755995614432,0.738695129402599,0.7752025695359327,0.8399408740670401,0.7991303890722614,0.7974180063393971,0.8860561158660525,0.6759331197896691,0.8175122981681788,0.7123737884747909,0.8163580710226682,0.8180769235340105,0.7349855664998534,0.7484544486407014,0.8635992032079729,0.7958805538716301,0.8282449319715126,0.7490825618141673,0.6825839008344091,0.8641440530253022,0.6765265379060972,0.8208837764364477,0.8937419035123902,0.7580828636133865,0.6573921452761751,0.8106344514216566,0.7755672957794462,0.7736802901180785,0.6891386972895163,0.7949261208559041,0.9571031437724076,0.8882230248766455,0.7771423238724897,0.7511801752839197,0.7923005863632548,0.6920190904241128,0.7548526129389149,0.6544015335280333,0.880650274902403,0.6917746508022836,0.9432441205856215,0.7888359448169123,0.7974129191084933,0.8200627157630553,0.8321229815813095,0.7706245104276223,0.8026614620321026,0.8162825038585624,0.680872324383465,0.7344453717795624,0.7977769221728921,0.8511800036412521
0.7524264237041743,0.7161343282500253,0.882954186682088,0.7364332843046407,0.0,0.7706089726623487,0.8275183171797159,0.6847821148690775,0.6564173458253642,0.7382949725411633,0.8247248325070896,0.7906967978148827,0.7757226718408359,0.652744919586686,0.811105206292579,0.8650749534429786,0.8129529339306623,0.740647312371648,0.6779547097114605,0.6723223654088194,0.8273509241881385,0.8242375046426061,0.7254612775757258,0.8055991813753501,0.7251259789358184,0.8327240316608882,0.675209938859336,0.6656532892695491,0.7609567491121068,0.815825814194886,0.6878987846345194,0.7837808605172498,0.7619076859335889,0.681278737225099,0.6760812952008811,0.7188515370606703,0.7814414188814224,0.713979119810212,0.7477383828691938,0.8239960281750194,0.746530787531116,0.8225954564934095,0.8153186787892632,0.8479703806473037,0.7072941125307458,0.7535028657739443,0.8505341654427007,0.8226871836261546,0.7717689758623523,0.777038487871872,0.8324786503152974,0.8027175439715849,0.6494280964388938,0.754707277930705,0.78062230405677,0.7224708652613798,0.753602021554364,0.8831841856811655,0.6816216339245439,0.7241166142396437,0.6562785451231749,0.7025779044123829,0.7948424643621615,0.6551539220501723,0.7024725334830412,0.6887892449776489,0.6866983425086204,0.8190345762439429,0.7119876468163712,0.7201719991298172,0.8270468445494048,0.643766655057081,0.6698113564456902,0.8147010457439989,0.6972722842068898,0.6330828180206898,0.8390141265139346,0.9310064815531257,0.640757329953347,0.7239663526495624,0.7400309179596867,0.7260981135933748,0.8164969033601944,0.6215949819689143,0.7314004177651978,0.6977450848374235,0.677050750047769,0.6803313313298371,0.6572824315890522,0.6606342889115616,0.9106696706601234,0.6903133193759634,0.8411438086761835,0.6759477690528269,0.7267679328545243,0.7509956351030886,0.5992594493325862,0.6773958019289568,0.6450986762065073,0.6940374105438312,0.6081032491057753,0.7869841597093414,0.6769299019187495,0.6658439014109376,0.6777879996098446,0.8101840874418794,0.7474222230685059,0.695150631685096,0.8087714712700361,0.7837647640625692,0.8006596653619881,0.7541362747904367,0.6935290514740755,0.6474564447754569,0.6919623517323675,0.7981627966936478,0.658246818056256,0.7971686851413736,0.7794536632647648,0.6281375488234635,0.9027399394838873,0.7193199202697962,0.687811899700931,0.8479338450194507,0.6032529932368877,0.7753995171851475,0.7081562351438772,0.8370461264996166,0.7081872016592516,0.7511080615917011,0.6649858194238971,0.8391014888554211,0.5863346129874134,0.6425909635830388,0.6798164801990815,0.7283631950109282,0.7099327559112063,0.7934532461708386,0.6822543254853087,0.7638869566779657,0.5888989633119786,0.7629648510098558,0.7189328113833595,0.6888598941530278,0.7983989880979104,0.7224288635902645,0.8227226495152588,0.7702986436225336,0.7099103914638666,0.6200135091804346,0.6655148696017402,0.6199736269757922,0.7342922025132462,0.8441148349698512,0.7727014579231375,0.7082721975494006,0.7124778487203102,0.8622718934370903,0.635643040297669,0.7706086530315021,0.6693258905857282,0.6343248645965519,0.7438798303577457,0.8164829931149921
0.8836849925614683,0.9552753133935672,0.9003404431837297,0.8430753302768079,0.7706089726623487,0.0,0.7688613604437282,0.874747625238032,0.8292769715038796,0.8146630262356995,0.8854626507061589,0.8609524762016547,0.9021456909736454,0.7535457456266716,0.8718971097650403,0.8713977094022977,0.8640050265619384,0.7861482817257665,0.8067538353489884,0.8360991532558639,0.8762799464837872,0.9164290571355715,0.6831465104300787,0.8840900213551061,0.8148861273817611,0.7599080815824645,0.6793525588220758,0.7807070432490677,0.8611572439721276,0.75874594729444,0.8644550613242454,0.850399774745179,0.9324554803026894,0.7460222046166447,0.816405514357247,0.7726129794589223,0.8411576164865204,0.8081519550794682,0.8506437693642019,0.855677378606484,0.8414139466921594,0.8797695342262313,0.7516631560497605,0.8952779981163204,0.8148345540224154,0.8232977606239503,0.7783287717268889,0.8580545501924034,0.7609081146408759,0.8127884750565401,0.8369243771117861,0.8842186364510093,0.8064698290037658,0.8843356706896999,0.8185677877276999,0.8839160848197973,0.8653708427099721,0.8671392321777593,0.7194980779968105,0.8279338397212009,0.9108919314675837,0.7421337278033082,0.8639154061592356,0.6826069280625487,0.8012871645366002,0.8285943045902091,0.8156324816533392,0.7954802969690636,0.6726252730725626,0.8399257536817021,0.9146674576851843,0.7219004291241358,0.7635159618856535,0.8594142962328032,0.8961236724904499,0.764826777527002,0.8184622796636013,0.7845884530297798,0.7173221115829947,0.8043416294061372,0.9080852519286786,0.8437249229896858,0.8667756405450197,0.7982929295008256,0.7961085759222731,0.8678960031264683,0.8549018967029013,0.6695232050198989,0.7778406815017678,0.8589622749271026,0.7911209111961061,0.7851987022025522,0.8280630449444363,0.870667769987893,0.8160165405094992,0.8522029060406491,0.8073410514964764,0.7860805729066432,0.6870664322853188,0.8131163907888032,0.7559884981650774,0.7963979587063091,0.6343480982226475,0.6988664908421564,0.7893093246009433,0.8265800282526407,0.823483798379817,0.772330984014793,0.8239195184185295,0.9217445349961858,0.8488331983925137,0.7428466020875844,0.8486068776464154,0.7446445700093267,0.8012679825621702,0.9139707006594908,0.8135228495963075,0.7464916672794046,0.8334725032878061,0.7158010182574136,0.8629737980311059,0.7632966200733703,0.8276108822421572,0.920250947670838,0.8149244805185101,0.8919626927582138,0.7568256367128046,0.8720841884352686,0.8165705927842435,0.7800623603158402,0.8055832242439144,0.9341516854510569,0.7678760147519964,0.8611571066013067,0.867964706715511,0.862079375544652,0.7921447198001031,0.8076434457574804,0.7215013824252824,0.8001228877397428,0.7705624013306315,0.8386247599172764,0.8405385683513822,0.7537466454475314,0.8604740358451403,0.6845224523865285,0.9102757255623467,0.8373328136652327,0.7923583542320447,0.7029012839039842,0.8340139716891753,0.7805084285087713,0.8100121359690267,0.7829449936082401,0.84016455674408,0.8950941181263181,0.8849190243070502,0.9067422632382077,0.801734233857354,0.7743532343535513,0.746941471910161,0.8331666578495641,0.8912119962619075,0.90300587409139
0.8352147246452925,0.7705192552747174,0.823873530444273,0.83736785283618,0.8275183171797159,0.7688613604437282,0.0,0.7348468040384284,0.7131439036264136,0.876993386029159,0.8075219378373842,0.7769806276817496,0.8593364502973401,0.775570697709859,0.8764175202175092,0.8080658571305234,0.7966797666262797,0.8208497545627222,0.6989212957955654,0.7236001299912352,0.7922647619029588,0.8222279769704559,0.8173266690425789,0.7961059546058622,0.8210119282557241,0.8056356847778112,0.7798050269311806,0.7322118050521447,0.7550170222180753,0.7436453738147089,0.7926398742024602,0.9093668949893676,0.8013171257939972,0.771652103908588,0.7756131895226267,0.7709839881482602,0.8583106194865522,0.6780261970487141,0.7221838174319017,0.9018585123757153,0.6750259144108589,0.8590996405633199,0.82116498671217,0.8298783512839656,0.813364568578886,0.8111437344225565,0.8339380821756018,0.7975552368837284,0.9110977371821927,0.8166859948165005,0.9062437327193621,0.7588977703402973,0.6923239195918622,0.7969601750677072,0.8769907996306259,0.7896229759917418,0.7749669404973298,0.7742800634184389,0.8603255431833802,0.8021457945962353,0.7423744292135849,0.7506422499218989,0.7486031354055854,0.7234486659092394,0.790693265050226,0.7691796657883806,0.868915483589579,0.8694537331407735,0.780857877956333,0.7674238434214609,0.8614079241785366,0.7429611690880539,0.7875340666283001,0.9024381377879235,0.6963593377474586,0.7615651239150157,0.94968938737765,0.8555553506514393,0.6180095675700541,0.6629899182614544,0.6855721005826351,0.8133409827920637,0.7618638836220564,0.6079493824434065,0.778978904845711,0.6788046722799369,0.7738484668261406,0.8634480613788053,0.7758376251640084,0.7060278203786909,0.8870429552211884,0.8579624257754827,0.853599970770783,0.7462254536500276,0.8345812490956978,0.7827010573774137,0.6392377033197412,0.7403850096634466,0.714042974289506,0.8510244114088877,0.7014689594318907,0.9247068756114541,0.8085401669611245,0.6901323684115545,0.7543979902426744,0.7877443291207943,0.7907391902249368,0.7048565028691116,0.8618847754646607,0.8176594386056164,0.8823388896950002,0.7896062848584599,0.8220697367073827,0.6947400037480698,0.7042618950337117,0.7664881773136905,0.7219106357585388,0.9003009216025143,0.8024113620472185,0.6844295755060916,0.8030683261219692,0.7372154703715105,0.7200265309655172,0.8513387788539539,0.6677169544019951,0.7736861493731666,0.8076685581027025,0.8449583579267929,0.7301348285396149,0.8163370732492851,0.6831143327164462,0.7504785366178635,0.644799837138081,0.6453797129822704,0.7215665443576554,0.7287366895446702,0.6741824418221162,0.8477820966825114,0.7340969675139952,0.7613501607602791,0.6811581477792182,0.8128890035524168,0.8572459984507224,0.7632928658500286,0.8007272476792275,0.841959885383872,0.7453750889135523,0.739649219921269,0.7467163381186522,0.5697625397043607,0.7539347632976595,0.6519666401107316,0.7496291796860581,0.9067174364258883,0.7480808577772453,0.8104159764110607,0.7738219174631786,0.8177994114515811,0.7825254119825983,0.8930936200593392,0.7257223220993797,0.6949073711473919,0.8053116559638287,0.773131985064225
0.8902132563071209,0.9417436936859408,0.8328893057650495,0.8353407496531923,0.6847821148690775,0.874747625238032,0.7348468040384284,0.0,0.8798847152601457,0.8412928951771358,0.805614174855155,0.8999447180662761,0.8640175162882868,0.7279602199761608,0.8444831941233605,0.8329825480181366,0.8695159268392365,0.8380557946471533,0.8691439977104122,0.9212983047384344,0.8429636140153979,0.8324854499547908,0.7905531136644168,0.8618662861176646,0.8753858471233407,0.7260747221876435,0.7874433405805873,0.8790711276307818,0.761251782215948,0.7715818629224139,0.9231292722847788,0.8250891504519342,0.8779332880528862,0.8432648242132206,0.8580083641196973,0.7925195351305948,0.7819123840449455,0.8372612708400416,0.7875834578942197,0.8522773606559023,0.8448988034995749,0.8582957248078774,0.7626116604372596,0.7779210990019659,0.9062946738895111,0.8843913539004944,0.7647350119409537,0.7391917334688248,0.7894566189328639,0.8226305355304312,0.7851633637017885,0.8541033194746352,0.7781029385410284,0.8163064099687672,0.7662536435285163,0.8563767511906156,0.8787211436336622,0.8532173525762956,0.7355163521761081,0.8691639151082836,0.8504578070424264,0.6918515644897512,0.8113331723070643,0.7290857242208404,0.7786481301669848,0.8251725219799323,0.7777304008042502,0.6970920897028943,0.7131781385963185,0.8872898115871236,0.8104952938997123,0.7451087156067666,0.7538367955980082,0.8304166932052667,0.9143425555354058,0.7675124605281147,0.7443925502119024,0.6926600785127237,0.8081604716643705,0.6500599374782872,0.7675057827304969,0.8325125798845121,0.7797762072368598,0.8035299266324174,0.8251111568762304,0.9551834680293789,0.8226366691214189,0.6848951856344389,0.8677697286343629,0.8527205566063308,0.7632006924308912,0.8145056733447248,0.7798960720919644,0.8488181175709532,0.7607939528650853,0.7813710645636298,0.774939049965891,0.893778007947401,0.6735803411417701,0.8559336769325337,0.6990062163436985,0.7937049417328725,0.6808916683424208,0.8335344303230657,0.8254935204779441,0.8586212786620899,0.8372323003142053,0.8837128726561143,0.8327191323758871,0.8641881232851029,0.8113851656915424,0.7722107489038457,0.7715420592598748,0.7985919010087127,0.8306064030890388,0.9338018365886124,0.8898812987214494,0.7606955369450306,0.7894316090992706,0.7241985055433497,0.7756085304354251,0.777715941313535,0.8405488954280549,0.8194610025696998,0.7301537908362168,0.8249279594457746,0.7404923634167233,0.8364613985911257,0.8579200001485046,0.7648788663458034,0.8887461418861781,0.8244604316028408,0.7224705274025206,0.8022344768247663,0.8471224877853966,0.7300170323816959,0.8261847899844237,0.8208192330639023,0.8419680843109407,0.8596468584204617,0.7261528709475611,0.7618205150661681,0.8454057238987553,0.7326733074422294,0.7812867237442019,0.7367708854515223,0.8474901147757978,0.7516502151462174,0.8882344191718289,0.7254547472210577,0.8773599417367378,0.7459804880279828,0.8508983745328061,0.7936906657397361,0.9002126643060838,0.8649323172838894,0.8317381265992324,0.8366466346863575,0.7472270893307015,0.7089729962603579,0.7200761479378736,0.8183972427783553,0.9335081443469799,0.8292029824039401
0.8145171224317919,0.8968454193279594,0.7557597820866384,0.7440157819427721,0.6564173458253642,0.8292769715038796,0.7131439036264136,0.8798847152601457,0.0,0.8040696760556935,0.7380293518481276,0.7789663914759374,0.7898320939106374,0.7243269516605484,0.7975801167328491,0.7234127630693423,0.7256606053671713,0.7540823392249989,0.7219925714668001,0.7707137079933655,0.7094821711890718,0.8222136400584047,0.6793284829321665,0.7420055113706843,0.7761130836224799,0.624790162970747,0.7645958828527375,0.735473856530441,0.7241793432668975,0.7626266736605105,0.870529287455738,0.7422245835170862,0.805732549908344,0.6815423042795915,0.775584903258298,0.6854500954442122,0.7456031970181093,0.7311098581275488,0.7129103002605672,0.736192989446262,0.6942718253033014,0.8520715860161566,0.6391748005011189,0.6922003340003511,0.761405326129363,0.7248481949199272,0.6939799771800732,0.6672379573389662,0.7011272052576167,0.7036567537684163,0.6943940052671131,0.7089776262267682,0.7201043048453256,0.723983462225548,0.6779431950099463,0.8893900125907137,0.7309521638089489,0.755300922446658,0.6725282506209758,0.7444401608769377,0.7793779704849949,0.6538320400766755,0.6842816980799166,0.6457730913807264,0.699645044163726,0.6902148886357863,0.7487526711362327,0.7070121036283274,0.6547051198872417,0.8458355708334079,0.764758852944761,0.6730752725881323,0.695716653013749,0.731140934117479,0.8036843250343308,0.7085218798556018,0.6835806587364317,0.6637723523028366,0.6323799508605836,0.6230833936665934,0.6982074501667312,0.7947095455555615,0.8100393208450293,0.6975002056442554,0.6792535698498704,0.8232195424315366,0.7832702885870676,0.6484895820139938,0.7617910742382072,0.8974936591317884,0.7009282891360199,0.7918293891863135,0.6962033040472375,0.7284003411794092,0.7263931265612688,0.8098875376527225,0.7059615370350197,0.7468203274277905,0.6538276362642371,0.7497376587472168,0.6852514568973082,0.683714015012236,0.5937375279283461,0.7007897568812527,0.71800703129515,0.7086213668182852,0.6758367034166568,0.7474828055734614,0.7089905192578038,0.7747535510020119,0.7032679120938549,0.6549525910736722,0.7348510584060427,0.7893239198171873,0.6814808062712843,0.8209985563817805,0.7355972394939305,0.6823182617753528,0.6693805420660954,0.7397723762573897,0.6972820709554821,0.7219536924647507,0.7085283319430435,0.7557136892108186,0.751949570797467,0.7361129752641952,0.6863627317258612,0.7721263943012727,0.6897165713470277,0.6956133656872625,0.9259929466583019,0.7416805672579899,0.712926100375072,0.7949720711985513,0.7386157016694196,0.6883084267709072,0.7247748111879241,0.7135985211100099,0.6890612164596042,0.7458462019020523,0.7118867177392396,0.7270745898764335,0.8005685605705185,0.6985521748052793,0.7012657552468431,0.6615981645132026,0.8350500456199137,0.7110457106672327,0.7503569320558547,0.6407093577781247,0.7533274487165933,0.7116505407279179,0.741821479726935,0.7453751097786471,0.7393392623759248,0.833675386571986,0.7851139132201691,0.7696924498987167,0.741745731251381,0.6581674605909654,0.6537715136109455,0.7713314046981016,0.8749002704848087,0.7754610137714475
0.9052620147394658,0.8336794109242942,0.8374883170388856,0.7814120858521557,0.7382949725411633,0.8146630262356995,0.876993386029159,0.8412928951771358,0.8040696760556935,0.0,0.8057879918873322,0.7859689952482617,0.9243701270495115,0.8024044297156083,0.8557400855530501,0.8379823895167648,0.8145896545843394,0.8949088370333,0.7161346451022126,0.8093181284369224,0.7670582383036584,0.8160326236276711,0.829646712803049,0.788691427669793,0.9258747629222112,0.7773779490497129,0.8394117067840354,0.7930649879619446,0.818746974217942,0.7771818403058367,0.871796003180383,0.9113173259136575,0.7999566886067626,0.7902674181595821,0.8418661639528345,0.7538228240807855,0.9017601095255477,0.7625430117193019,0.6755711569502054,0.8742658956108851,0.6893390368670747,0.8697553042013585,0.8285992750722576,0.8025261964577082,0.8721219597903842,0.8458309584722955,0.8455427641300665,0.7984421607196606,0.8966836153883402,0.7909267569796313,0.816438386799693,0.7646101506369842,0.6957449305758708,0.7459988405181354,0.8202596589496743,0.874889889639955,0.7782853333710792,0.7804679645907282,0.8367040694584725,0.795334323635288,0.7714807986076945,0.7257380831430271,0.7615196187268719,0.7447146258825786,0.7617911126379059,0.7888849302872966,0.8447873738319789,0.8655436332377346,0.8378913622822693,0.9021314817663253,0.8471279546666631,0.793777759637578,0.7812695554142953,0.8537172223573744,0.7669792569506865,0.8443515839754308,0.8246927173230691,0.789743280690896,0.6910871349791975,0.671975220308011,0.7464609828151726,0.7700664000986543,0.8020349195895585,0.7228110119848659,0.7693465027180696,0.7788454200929306,0.8551721171881351,0.8278114299099649,0.8768130499974632,0.7623557660818097,0.8248519977341273,0.83434805970829,0.8085326605432868,0.7604536574130536,0.7813402760488641,0.8721102449583532,0.6438322700230488,0.8227720280439955,0.7000484744715315,0.8631511909657881,0.7330631643438253,0.8623198353045017,0.7667780208693398,0.8299909029155075,0.7824650873805652,0.827653747015892,0.7731976316955443,0.8185951486167822,0.863171172642803,0.8428398193636478,0.8048229215442764,0.7556111023190552,0.831066030521019,0.7658156793753494,0.7614396037974815,0.8155073453280299,0.8193391911414137,0.8951076123975357,0.7982555316250299,0.7412379832930684,0.7566667528894777,0.7812773727953142,0.7750217401388129,0.8325514472121299,0.7229937641285413,0.8339691531050204,0.7482779532336488,0.8247852316031787,0.7854513565615087,0.8680383422917062,0.8261356323218895,0.7480306031352896,0.7093643104405242,0.6510800584466196,0.7445253818949614,0.7525262242266719,0.7783449191696367,0.8578401847899731,0.8163636639152403,0.7848330458573662,0.7946359692097621,0.8177841360980419,0.8106716421149246,0.714879021580156,0.8198472111024542,0.841756493668098,0.7467372290458912,0.7739544223381103,0.8833397194080266,0.614353740328458,0.785496580565721,0.7295411554007649,0.7259628190174505,0.8875154216482269,0.8092769685686032,0.8788522719378156,0.8038316585986631,0.8414048804555158,0.8091978620946224,0.8187529396281537,0.8291621356559962,0.796073344857182,0.9082501893002767,0.7684224640434193
0.8974444304593098,0.8396419150800113,0.8820897695319875,0.8605129602423022,0.8247248325070896,0.8854626507061589,0.8075219378373842,0.805614174855155,0.7380293518481276,0.8057879918873322,0.0,0.8732605983788225,0.9013838975781975,0.7284037122621585,0.8292538319504011,0.9306028761322996,0.9176017488550932,0.828393484355141,0.8327922535437334,0.8536049141977694,0.8979350296060655,0.885466259692029,0.784211037778053,0.910690761057411,0.8708894263025473,0.8219407715434334,0.7368257913594574,0.8579264424114881,0.8611861234539012,0.7846381079194672,0.7979763741898577,0.8648899631713806,0.8185481876991207,0.8063680857792717,0.8317620998236454,0.7592343534985445,0.8783080367797166,0.8243930586866508,0.8331517661097959,0.899277716448184,0.7871618053926848,0.8805281270634505,0.8180049383979944,0.9230954707486528,0.8144182141158344,0.8081031815740699,0.7468814894601455,0.924732824471945,0.8613070060272692,0.8122380064366902,0.8535154894051532,0.8626454891610318,0.714722700863164,0.8527238424528413,0.8726245107770232,0.7728893381003528,0.8886569384307625,0.901157176128624,0.7485976413893036,0.7984931178676041,0.8478231883197896,0.6722428982125053,0.8543811681626453,0.7080616141675278,0.7679079169649878,0.8077823682353709,0.8058077046453732,0.7724435989547257,0.7319900168329335,0.872593101040857,0.8529478040191923,0.7311180960475464,0.7940134450080616,0.8851051198595993,0.8519725934236501,0.7430208577532641,0.8786572770825029,0.8165265380190571,0.7235536829727072,0.7950773719449337,0.8153007427095675,0.7842334480484775,0.7902505423777781,0.764537926204136,0.8428278192513835,0.8098656193769109,0.8764941893399897,0.6931211759659484,0.7532183819905741,0.7395257704967314,0.8530170945208192,0.718463557692215,0.8582701049354594,0.8452631782337914,0.8074340488518543,0.784479271935097,0.6952645200165618,0.7692054212686856,0.6688232682431091,0.7840775897623219,0.7370089979686706,0.854183486074068,0.6876438892122376,0.7111279006769482,0.7681620897170875,0.8238716469124203,0.8174449927307711,0.8264336058219064,0.8024935753278762,0.9218443314851464,0.9125886551659421,0.8065536888732474,0.8277373299862787,0.7922028268037284,0.7862983112250284,0.8896800352425948,0.8067323700955074,0.8630952839708262,0.8808068706293829,0.6812270767332866,0.8976882363584829,0.7102848273319137,0.8583555763502692,0.8915643455406039,0.7791083578157425,0.8638543846630977,0.718784995349624,0.8210729823414068,0.828620638970865,0.7624319713224637,0.7284892610818385,0.8888981151409248,0.7808811509107226,0.7886152918497857,0.8721605161514042,0.7944420341325014,0.7864738657800474,0.8344364962035858,0.7998969589724418,0.8165826320653655,0.7110085998944983,0.8260920127720733,0.7897979330954576,0.7326326529605867,0.9074727440541516,0.7291237090982388,0.8066533354296496,0.7454378799653956,0.8181173596416033,0.6903720540413979,0.8779269326479168,0.7225295480347953,0.8547569693678946,0.7564483406921853,0.8657166196203284,0.8645742206768604,0.9233085024429055,0.8806510345339723,0.8148567390966723,0.8379948541489637,0.6978211005506747,0.8199017397436034,0.7926298897568408,0.9698092104971969
0.8313747654012866,0.885905765510033,0.8525346279161182,0.8376791688010526,0.7906967978148827,0.8609524762016547,0.7769806276817496,0.8999447180662761,0.7789663914759374,0.7859689952482617,0.8732605983788225,0.0,0.821610460978288,0.6503423762656692,0.8579635418480136,0.8843822568669448,0.8826643646078053,0.7685917969231406,0.8946610388037607,0.8467987081596964,0.8945066265404558,0.8436221000316272,0.8144687654282827,0.9371982633180914,0.8476291143262416,0.7666631786313397,0.7511219544691649,0.8420658101665821,0.7833300856064815,0.8390223557308479,0.869615144827912,0.8061990824158636,0.8534064291353087,0.8457434713311726,0.7774130804299244,0.7635138836190826,0.7893388876182296,0.7894986568368417,0.9019135392740582,0.8645245738536009,0.8591369914513136,0.8549862706362595,0.7773049939582343,0.8340209754464033,0.8434802418259442,0.8487357654263242,0.7585726612352892,0.7940656784182262,0.8067505720480139,0.7949111357321338,0.8098867198040766,0.8568559328818488,0.7112357240787456,0.8374322543329197,0.8023450980140675,0.7916558042321714,0.8805561318228716,0.939539028613161,0.680359136706748,0.8308369487180909,0.795698236587431,0.6508281927702009,0.7969429309156348,0.6729728299311551,0.7288827627544996,0.7640131568910361,0.7343813426198232,0.6922025970752708,0.6534354223081928,0.8224249407918642,0.7913064216725342,0.6750082219809955,0.6937276469053159,0.8341686863748289,0.8412106354849084,0.7006079204189432,0.8031943108624953,0.7868467186657958,0.7720591636928097,0.7055571321599571,0.744798366282939,0.7945261552382109,0.8199233507296739,0.7211565644034857,0.8058546274414969,0.8830211546262534,0.7733499971530583,0.6379937564926962,0.7765552229847733,0.8212749759165692,0.79647705186193,0.7536965883766161,0.8193918331051872,0.8166772366152415,0.7194490878119508,0.7745404601022439,0.708279346412226,0.8174997052763278,0.6298133482198934,0.7801900096820181,0.6712487509372606,0.8162606832514344,0.656043975427455,0.7789688222439364,0.7375969801603388,0.8547808148133794,0.8263038299682556,0.8467012445329646,0.8160741360083699,0.8967486463826883,0.8764231570678049,0.7695501515362972,0.714576359394328,0.7558899492290349,0.7728398090560157,0.9316222807725937,0.8077252586030439,0.7991332705591628,0.789028936215092,0.6483292348124213,0.8449037886907389,0.7173918184879563,0.8030210959910994,0.8820989917565494,0.6629214530933148,0.8657582222847845,0.6970942697683276,0.8870351559641143,0.826520112116286,0.7059218682332623,0.7848436660194911,0.850275143186322,0.6907686754284806,0.7815385650334103,0.8393151398187167,0.6989990498540382,0.8303513727317259,0.8107398487806774,0.8014569488175696,0.9184085848521247,0.6299674940803313,0.7458284083542245,0.8020306420541675,0.6947793748994309,0.8215685151315716,0.7068565176107781,0.8850287696902287,0.7681341686801447,0.828931418337481,0.7091979670496624,0.8534555949084994,0.6911732591867822,0.8739030168554119,0.792910435845746,0.9412240421429201,0.8260150976037642,0.857023263855142,0.9022455912643766,0.6969183628369948,0.7305164226891524,0.6393336830451353,0.7463819375530866,0.8482375609190445,0.8939302929433905
