0,1,2,3,4,5,6,7,8,9,10,11,12,13,14,15,16,17,18,19,20,21,22,23,24,25,26,27,28,29,30,31,32,33,34,35,36,37,38,39,40,41,42,43,44,45,46,47,48,49,50,51,52,53,54,55,56,57,58,59,60,61,62,63,64,65,66,67,68,69,70,71,72,73,74,75,76,77,78,79,80,81,82,83,84,85,86,87,88,89,90,91,92,93,94,95,96,97,98,99,100,101,102,103,104,105,106,107,108,109,110,111,112,113,114,115,116,117,118,119,120,121,122,123,124,125,126,127,128,129,130,131,132,133,134,135,136,137,138,139,140,141,142,143,144,145,146,147,148,149,150,151,152,153,154,155,156,157,158,159,160,161,162,163
0.0,0.6472687705629762,0.585234208815121,0.5095857086725701,0.48226748695185817,0.6252829227090307,0.5676317741263078,0.6208173186937914,0.5608505351530677,0.6175147224415987,0.5352623179059582,0.541052326042634,0.6635792654168838,0.5391209315568363,0.6141641552792402,0.6043199619240539,0.5949687276453233,0.701471295914046,0.6202532272040147,0.7652900995146654,0.5888514346079082,0.62151873711651,0.5505012059879327,0.5389884536253029,0.6782245831748338,0.4860732982580885,0.4801374989819955,0.5889091717265253,0.5424959856899939,0.5027658420285345,0.6710536446370531,0.6644418032817436,0.5716237124139779,0.5612808112103014,0.6323024109885025,0.5227455541171878,0.647380460292994,0.5677501890295602,0.5294083588663216,0.537819834279234,0.5445294011016335,0.5386987125501744,0.605652374476079,0.5483778617464792,0.6428875638666606,0.6575603677424602,0.5589256601303247,0.524798081841823,0.6340419614002641,0.5762138422974747,0.5796890264917144,0.6004974309476182,0.4824490373927696,0.5410020963529852,0.5005423511875083,0.5208317606214946,0.6192896802915995,0.5794718571123982,0.5532426412765007,0.6326019567851666,0.5676578286731639,0.5142490286330742,0.514306919090094,0.4809304480200133,0.5358659694501395,0.5283609072696875,0.5463298321440747,0.6378849761543719,0.5746426911446109,0.6799879305796153,0.7014335751055933,0.5268545551082333,0.4829851508425871,0.6058739787517156,0.6112064696277525,0.5969914225473465,0.5106601977669493,0.5087899665817216,0.5839977840792892,0.47783535434790625,0.5336363863600879,0.6550542602381252,0.5403529460375274,0.5448198596914499,0.500782876399292,0.6776331497482023,0.5731672330161807,0.5663650573213566,0.6444084882521844,0.46632034584311477,0.5817076128243636,0.6258281801798246,0.556892132862281,0.5541251152568462,0.5170914813884899,0.6016329601011299,0.49138742612420905,0.5978269628797421,0.47249507326527773,0.6230978550260053,0.5095403406622436,0.5522036925260871,0.4849488564707533,0.6543732979867316,0.5443788969203837,0.64358320216077,0.5260194816752479,0.5882270477557827,0.6012661438162046,0.5860812690881678,0.540000502224914,0.4845507195363082,0.5708151732703093,0.5007913942988114,0.5376349742202702,0.5879448141252804,0.6151380356338855,0.640270119516292,0.4922668156085005,0.5378925390938748,0.5288850869356436,0.5242524293125801,0.5853120974456539,0.6674113208006257,0.5155411814709964,0.6313791603640962,0.5168541485686171,0.5437838396334461,0.557827018979673,0.563083183625859,0.5096009459124958,0.5552331601862084,0.5198459027966427,0.5303617542390708,0.5703471386570347,0.49635085311263,0.5773489262573824,0.5560261981671135,0.5380212854991058,0.6459679025270703,0.5211407552262759,0.558375253748641,0.6607284503475093,0.4759364761234191,0.5388843396383312,0.5723479232449807,0.5654299624423013,0.570073197647773,0.7130068374582812,0.4514461684425207,0.5963398921244845,0.5321167963899914,0.5647914612372626,0.47886026947915356,0.6242835130186551,0.6817478423379401,0.5845031693912764,0.554675887715696,0.49124529908991327,0.4978279545641455,0.5069556331192823,0.6080942999075775,0.506943150208423,0.5939508444075791
0.6472687705629762,0.0,0.6219712045353666,0.5101368408287266,0.46298124455136547,0.595595000575797,0.6016074199166107,0.6987821135678948,0.5812792675122422,0.6913081035827743,0.5039291396152005,0.584668884528425,0.6603220674867702,0.49539456187577285,0.6467640199210003,0.5551109019019773,0.5372035695129094,0.593388532410562,0.5364172609662315,0.6070420697101412,0.5343626160661684,0.6864597463195543,0.5829023760376209,0.6178472127437008,0.6437930849533403,0.468640745141226,0.5374609591481956,0.5583270757973137,0.5233187197357139,0.5113187559642522,0.6279985766306171,0.5422835025220373,0.6024307417991905,0.5437156266949518,0.5375014216086088,0.4723748176639624,0.6178036594766918,0.4968393062851794,0.5029454845357342,0.5702694866368287,0.5193190914345287,0.5628215512690959,0.48909741962288766,0.48002182655703235,0.6921860751657746,0.6125457299300875,0.5401702194852311,0.4661930350165981,0.5750946751106297,0.4850083601674736,0.5010660897801104,0.5324102736466351,0.43111198887249186,0.5131195789664026,0.45148190686166373,0.574797378468693,0.5186295788558837,0.5460829114693905,0.4897362210280347,0.5725450184680116,0.5363477437305018,0.439709085252331,0.4397359204580467,0.4300713703679183,0.4504808142498939,0.45340304616345967,0.5547500154589687,0.6045523609192284,0.4946567488944458,0.6266665093761812,0.5871499375815473,0.45736911010456466,0.42951715152100084,0.5694599112588654,0.5419598022709856,0.4977780141058391,0.48464413010034774,0.5146370426796185,0.5123350988398745,0.42586634537166257,0.46709054894965807,0.5885983867082019,0.6103514863738211,0.48836969829045157,0.43980799577508695,0.7562886289944957,0.5079137870515075,0.4715787404454317,0.5925830672778895,0.553372379467357,0.5154635699657639,0.5866479080875896,0.4807528508648256,0.47259948157329357,0.4651346610351814,0.6493236759001363,0.43646481046539826,0.5884177518571194,0.41550603152476706,0.6188695714238294,0.460540865501064,0.4883803230867204,0.430971668029851,0.6311585246737146,0.4591904400119905,0.6235012695588332,0.46911623407297787,0.629351339135047,0.5842787029595963,0.6513621185517754,0.5001112359218534,0.43148564316437243,0.5019368785097402,0.4688058872155702,0.47203797768782585,0.703496684925534,0.5149320110801034,0.5306804521544665,0.4492984279687001,0.5055306161281176,0.4749778189001533,0.47754303587162206,0.5061535923006268,0.6292015190970989,0.442035131951236,0.6107211928199138,0.4656409969803107,0.616153484164805,0.5114279385500871,0.514240313413087,0.5510928016050499,0.4961382692739306,0.4752308072693137,0.4907250020938896,0.5232637620668285,0.42451193553156086,0.5860170552686857,0.5362836571812549,0.5622161887154449,0.5655811347133409,0.4752384157497386,0.48163726029601794,0.6288633255495821,0.4296154114668035,0.4917980573377384,0.5334968063607894,0.6096200902107217,0.5570706701433773,0.6473518789457061,0.4140855858132623,0.5132493787752126,0.4591526132258526,0.5314842191860677,0.5733239360198907,0.6144039063945423,0.6791716395960735,0.654664878233412,0.6203873132184771,0.470153267063555,0.43519876425529064,0.470141830155241,0.5020877904185103,0.4682741402329121,0.551980527392154
0.585234208815121,0.6219712045353666,0.0,0.5239871502055927,0.5429732079936094,0.6339683709023521,0.5868869017194633,0.5859085548475413,0.48393921220009173,0.6023619622431345,0.5606391536839767,0.5629240412436067,0.6743050353963258,0.4913951876958911,0.5598950062000114,0.6834284679739281,0.6213232914102804,0.5573175469920781,0.5172469018271961,0.543520148244565,0.6122214500010623,0.6882288428367546,0.5415298754832109,0.6043997562388802,0.5807481478561454,0.5463588467888199,0.4913230374080217,0.5383621844872606,0.5503796767757074,0.5001860542878881,0.5212724131783487,0.570424333298888,0.5765347897289895,0.5271789453443732,0.49975659481389645,0.4912810596321621,0.6227874532654512,0.5122921993514102,0.5114681859501938,0.5900277460619361,0.5373555204626163,0.5599819136815558,0.5233399165645775,0.5212525463346978,0.5982747107806409,0.5855709051183928,0.5663316700257005,0.5255193125381125,0.5648830636697216,0.5073018474313655,0.546680743355777,0.6133602881932703,0.424896336902913,0.5459841817385966,0.47830649079990295,0.5149916768829818,0.5331926296872501,0.6258782355886068,0.48237975942091194,0.5617765650843097,0.5354714758314358,0.46934833879572035,0.4827848721956047,0.439017448579914,0.4462229459721868,0.46083374149390793,0.5399649145986637,0.6438383939111594,0.5157121651933481,0.5885707133321095,0.6163199417245944,0.44949959698174724,0.44753486546017474,0.6353060457370598,0.5536231154499737,0.46230856981835167,0.5518587983239658,0.6058584332876017,0.5119051760062764,0.4750206211646392,0.5020965747924061,0.5546267152588787,0.5700373055485044,0.5010204567301314,0.4642587112505836,0.6317569389185151,0.509006398165084,0.4679727859597992,0.5285492728412964,0.4766099878009856,0.5882076180179598,0.5237907534000628,0.5120770765035932,0.46653236543425297,0.48192913739826343,0.5829431674192868,0.4334479754313846,0.5473032551697808,0.42461760951297955,0.5744688921174234,0.45154061473941115,0.5198697372707488,0.44377164566595395,0.5540465889407752,0.46351733234171527,0.7027259465289835,0.5060281326146713,0.5904908717336479,0.5907887485988176,0.6424045297741859,0.5392349814922562,0.4533353624292744,0.5255512886051502,0.4743492009054713,0.481685951479238,0.6973369371816774,0.4924537763724394,0.5349389080233569,0.5142386143846568,0.5063520289740977,0.5220091819242308,0.4939897923389065,0.5259485328687841,0.6590984100626704,0.43272836331630576,0.6173701676995437,0.4996724969140009,0.6250242677618671,0.5449501419601944,0.5111988443381539,0.4840666559486774,0.5804851564226359,0.47365612936680945,0.4871903826328194,0.5128998921461343,0.42868862917825135,0.5247340436952729,0.5270239625186682,0.5280305432503584,0.5440126731786717,0.4528568175391595,0.5204418741016877,0.5787777519098418,0.44449791911369985,0.5225380629216084,0.5244019176878341,0.5804992740708478,0.5701682947767086,0.5897240896094439,0.44654511385345697,0.49045440591158473,0.44890778896951017,0.5396418738024887,0.5495873213315255,0.6177264882572927,0.5882179054297632,0.592657804223166,0.6695203546569184,0.450980187422499,0.4723988580118186,0.4728360063356261,0.4836072677014325,0.47069231296021946,0.5810973037731799
0.5095857086725701,0.5101368408287266,0.5239871502055927,0.0,0.4580393359222964,0.4761643915168165,0.5444507683191249,0.5051821030248904,0.41610191018170356,0.5063503497636974,0.6390171376711284,0.4656394272268044,0.5476077976488732,0.6461386423050708,0.505678576317174,0.5587715418015462,0.6086568817174178,0.5477638761441177,0.5293407742842872,0.5330481244966397,0.5938663639452464,0.5409553152052626,0.5395260249838627,0.49779799103865907,0.5199263889176928,0.6031283913952437,0.5134127643867159,0.6102848590675817,0.6332277158920451,0.38405550882476747,0.4853540022878889,0.5338956962496931,0.6218526455233052,0.5582817048708204,0.5777233963956204,0.658138350057342,0.5385702855388507,0.618798169805178,0.5888528093862347,0.6412759356599069,0.6227212541898584,0.44850789402446445,0.5204691892559432,0.5684909230308162,0.5687414391599339,0.5235726614179234,0.4052304735576519,0.5470349009316323,0.6147596380668842,0.5640407318758088,0.604534258533782,0.5521226130934744,0.45323066183273536,0.6974160906979151,0.6472664020815232,0.4084473071703156,0.5783495099981051,0.5299956318419438,0.6082990101670271,0.6334194808743062,0.6492085422735504,0.5049670815719008,0.4913830867550173,0.5702004945526564,0.48462000052619086,0.49844515391205685,0.6949001704179651,0.4725013779253441,0.5701358727824953,0.5621365044184368,0.5498165061228083,0.5653231225814153,0.5713225243175339,0.678230737295875,0.5631063534136193,0.45999478733485116,0.6582339720368331,0.524243028432412,0.5522354225521656,0.4757862132915446,0.48483584774530947,0.5642017234378096,0.4129610303093319,0.5651426207319572,0.5756313286555396,0.5323309705955832,0.5481878277266519,0.5459542781413542,0.4971887008507151,0.40358272973166076,0.6010236034777777,0.5217926063101919,0.5786663871066202,0.5091293279635106,0.6529632304099054,0.47880791138778367,0.49402485858990836,0.5063838445942609,0.5219927267576376,0.5967903203099301,0.6049013640247314,0.6057570697227613,0.5637109255984278,0.5172696442134657,0.5503345846679745,0.5146207758986717,0.5686018546995257,0.5084011328859214,0.5546461303567255,0.4895862501935935,0.6072365515752098,0.5790407039274116,0.606121250438709,0.5898819220650344,0.5379369712921053,0.4985284843152139,0.49133489412795217,0.5462065942011443,0.6071655320144432,0.5980537889424634,0.5714477051737148,0.6037095672813853,0.5706790626116178,0.5433137229303225,0.5157530786783613,0.5792687625010119,0.5909317977132659,0.4858044786098665,0.682602895582767,0.574396279633679,0.3929321392834179,0.5382395361905697,0.6294051313050046,0.5977336396315727,0.6101981689655616,0.45206865974462074,0.40276619409101805,0.5981466769151523,0.6169869101449315,0.5692039708053899,0.5268114861876266,0.5802706725978171,0.615349121526299,0.5722959098846726,0.6177748063944881,0.48489861476499835,0.4440990384227768,0.501243483918595,0.5136235783973392,0.5258654323471091,0.5883327445284859,0.49605420259254346,0.6379821528585676,0.41772612089065236,0.5688847674567898,0.5587272607624219,0.5402781865060301,0.47377084738650055,0.6258629682978805,0.5676831076227693,0.4911953493020006,0.537383476392855,0.5575845930250323,0.5907974024485675
0.48226748695185817,0.46298124455136547,0.5429732079936094,0.4580393359222964,0.0,0.4687538444196146,0.5481895118601116,0.437095536285616,0.42419368010740294,0.44632299922998786,0.5598804182766965,0.5149367446965015,0.4734270575357784,0.43316689567829203,0.493821533177144,0.5627376539159602,0.5013402392187121,0.45447352652261014,0.4541308105942315,0.4569826887142512,0.5419515963592502,0.5543581948378455,0.4821006171901,0.5301976230839289,0.4780100018633026,0.5416983573376031,0.4245499056245899,0.4295647377557404,0.4981601004221821,0.46328030117454727,0.46757837619215836,0.4740791192056706,0.468780310069839,0.462633510924045,0.4698283905005411,0.4731463234591187,0.5361019916373615,0.4744170261433679,0.5414604455189685,0.4876832984741715,0.4792502854974797,0.4808424539423176,0.49696629630576306,0.5529539618868139,0.46644356253324193,0.4473913581300587,0.4730964939390998,0.56857709130965,0.5217669810248521,0.4720138457478281,0.500107194225474,0.4999160844266362,0.3704979896779946,0.48844932569491367,0.4764728417683079,0.42258678569984015,0.4719017114915911,0.5691257695768719,0.42413356328715524,0.46351320981114197,0.42540003745238963,0.42346331256576564,0.4303810819602431,0.4343458019595894,0.4107405427938544,0.3946743686311755,0.4591300402167581,0.5204188561969918,0.44783233740002154,0.47109607801023,0.5251575623000501,0.4247374629219938,0.41584499207323844,0.5029021049536138,0.43576284872251136,0.394336564627789,0.5163470914061729,0.637403669518809,0.4345052759494059,0.4563398547549168,0.4248503903217553,0.48816382536446373,0.47382352920832993,0.4161381499240803,0.43803561950430786,0.4773323729998308,0.45595981688533976,0.4310675063504801,0.41060867771210907,0.41185102043217187,0.5876771507870492,0.4657969570670786,0.5007794604488354,0.40802201997814025,0.4486325108875018,0.5029158463647195,0.38404064621698875,0.44997146680905153,0.4344795916854727,0.43250514196724477,0.44060732234806205,0.4689470497317808,0.43157150249723597,0.4625502193945434,0.4204458240724033,0.4994298550972455,0.4291580690468706,0.4602300552618328,0.4680538955454114,0.5173504242214461,0.5318233179882736,0.46329862745552436,0.4438005286591607,0.4360909478751956,0.4166854685940502,0.4835573892804544,0.4066457981708534,0.5379096894958781,0.4637659811426948,0.4496346690661844,0.5859494376538852,0.4438411963058786,0.47311706333421477,0.5360867465542328,0.42898584531288175,0.5088875934143546,0.43815693500489966,0.54042380151259,0.46604064819490454,0.4547692985391737,0.39617921962390906,0.4960839524903288,0.43044102363112224,0.47562360411376126,0.4840796617993254,0.4150356667677654,0.44706630484019266,0.5027384049074787,0.45656766859441805,0.5023454014211514,0.3923652446474911,0.4980288707056579,0.4756367695277439,0.43393832539827787,0.5261008742955567,0.4859398067299588,0.5323704374565483,0.44207807482993505,0.47454083564521776,0.42948645577040045,0.46352922010349545,0.40051435151663917,0.5026481293924518,0.4483710508406823,0.5110495905957905,0.48566143380435234,0.4730372919850497,0.5069854434637333,0.42172094053939646,0.44909871154590536,0.38727663072513574,0.44248841839014436,0.435261313470025,0.5903228202374978
0.6252829227090307,0.595595000575797,0.6339683709023521,0.4761643915168165,0.4687538444196146,0.0,0.511409835110177,0.6096395223922092,0.5210839731327472,0.5959174016014784,0.5008077391451237,0.5564555300154912,0.621911715045104,0.4627555467018373,0.5063905044954754,0.6229945445549653,0.5870196594197682,0.5446368509097747,0.5838608398560765,0.5774196059732276,0.5967596336046723,0.5679507566555144,0.4910909747038664,0.5078645834105777,0.6182790989437927,0.4684431723032764,0.4354030558610847,0.5361373505337047,0.49084580365248803,0.5239585399419471,0.5536657030859352,0.6393873817556199,0.5075492625938346,0.5303636682377006,0.49284655662330584,0.46687837247464237,0.588533519388776,0.5017456171257831,0.48766900086693726,0.48640394734970993,0.49130646244313164,0.5782503539567676,0.5292228061881373,0.5013506926218702,0.5542077942670948,0.586551785138367,0.5659985403879739,0.4921288033540789,0.5272221325218888,0.49975104839176515,0.5365443520754178,0.6062519068554141,0.4450283354804794,0.507509742366892,0.45391009331864635,0.5557489990976306,0.5525475080170971,0.6185211173201123,0.47029990473677985,0.541273448604533,0.5467780775499942,0.49407850593680985,0.5008890816452732,0.42301792381936026,0.47101450991197746,0.4951985252488602,0.4999799897990849,0.6133802381430988,0.48831484411298826,0.6088373942530279,0.6156822134626749,0.44330430209757077,0.4535651113176285,0.5746575667112473,0.5951241094094821,0.5189099533339788,0.504060734596015,0.5102932871598964,0.5221255119675386,0.5051264699180389,0.5566456114032937,0.5773672002177316,0.5629753132302967,0.5078972400364455,0.4786541198141212,0.611174015610355,0.5527834304147079,0.47822844212872806,0.58518349503987,0.4709974076171836,0.535827408245839,0.5546794380439432,0.49147524748524285,0.5031831753325596,0.47339991810380505,0.5678421296293689,0.4673530295167679,0.5873850377461375,0.42790266217817646,0.564362084881708,0.44193612473853716,0.5339667116844415,0.44559651793233035,0.5693965095121707,0.4828826013137035,0.6559503966685833,0.5232444329088206,0.5835873515067995,0.5334219102413492,0.6069006830615309,0.5246937532692202,0.44474826401347806,0.5516675081778553,0.4805582508419012,0.47886596937828335,0.6008038086997743,0.568742658274491,0.5266985768830255,0.49229088426565765,0.5022334385890669,0.47489447595574374,0.49947496159553373,0.5504684645766506,0.6483632196261797,0.4516818396039722,0.5770554761608563,0.507283720003026,0.5382806368384602,0.5235536327229074,0.4722312329621803,0.5278239456647406,0.6169050089807498,0.476787162175943,0.4901993252164376,0.5031383880362446,0.43691497322151307,0.545396005093721,0.4606016252393787,0.4579845827923631,0.5625467319944768,0.4521808120955235,0.5286513269867287,0.5860293484502126,0.44535795931088695,0.4994595930615201,0.5119799819412848,0.5628018419045688,0.5806472861274047,0.6242759740140907,0.45143427011532467,0.5103286778519904,0.4814195186989521,0.5049525805703229,0.47420559056714096,0.6253536878138939,0.5913649062769354,0.539468142427239,0.6250854390288317,0.4205494006358995,0.4784095668238288,0.47665404359907765,0.5293681574370391,0.49306597027191673,0.5405571844853648
0.5676317741263078,0.6016074199166107,0.5868869017194633,0.5444507683191249,0.5481895118601116,0.511409835110177,0.0,0.5506378713516075,0.49721568205354233,0.594161855939669,0.5703969566031528,0.5934565876659005,0.5926929284084074,0.5081799013805167,0.6073138427986985,0.5803575710849433,0.5335156409648839,0.536367620871309,0.4954803257426927,0.5311413486109979,0.5467705948778908,0.6468175405727868,0.6804511154053485,0.6362700472296698,0.607445562475631,0.5547823037974497,0.5661035690803147,0.5219395609757882,0.5555667169076395,0.4874011265236278,0.5740934791683797,0.5351519563893788,0.5708314581947048,0.5876980595252744,0.543856901403814,0.5062788590375757,0.6803939438835415,0.5021584847032811,0.5532688979810756,0.6183170996557412,0.5098031404368045,0.5447055459183547,0.5018860040829869,0.5298578872590824,0.64328396251157,0.5346565145201561,0.5024858378736564,0.5245904714180186,0.68124167749258,0.4871948323839449,0.5262074807106732,0.5084391999147346,0.3935122066935708,0.53015998575488,0.5028139666338466,0.5055236320060246,0.5018277716947799,0.5662813166376292,0.4975172375654715,0.5490861616935689,0.49659930925262136,0.43739921311759417,0.4233939590245446,0.46173070477846706,0.43025192809726975,0.4251445632093013,0.6060278359817576,0.5943845659114786,0.49889418330552815,0.5690666627301839,0.5688868931985661,0.4686293343864647,0.44723270276053917,0.5902232178210711,0.4784904848920554,0.45332204834360645,0.5684316208486736,0.6433899249475694,0.47768485287021095,0.4383973069683963,0.4342174619556917,0.5610386963826762,0.5380408386325634,0.4550479896473106,0.4555158041001666,0.5857575111019723,0.5139668775962962,0.48856107386867353,0.5074717790859389,0.5066492156377841,0.5830366023280076,0.5802616319911115,0.5076009450804584,0.44196539989222056,0.4845817514260911,0.6277461445968296,0.40542510277395144,0.5477338842351235,0.44600791007959095,0.5669289219003416,0.4924186561332085,0.518379637492346,0.46970501838241707,0.5678247339164717,0.4498010942493827,0.5717081643484933,0.45893974574353597,0.5709803253967108,0.5566670818412206,0.632451014748854,0.5722616808293264,0.4704335493122114,0.5029996011514949,0.48537960309648004,0.45007353429962715,0.5864216839653227,0.4580484899082822,0.598210370729587,0.4734007241678223,0.5203048268664193,0.5314443769096271,0.48676551235381893,0.5103632834963551,0.6161423553381804,0.4476914684456564,0.6016851154071476,0.4774729538719484,0.6785413877754521,0.5191307181325998,0.5157176102048129,0.4630327311936113,0.4830312675526322,0.488026889202923,0.5020789242615273,0.5311915812384054,0.41314569055756967,0.5005297250239272,0.5918378612017421,0.5853466684868954,0.5653766188828035,0.4461504282356437,0.5144242000601674,0.5983833682176867,0.4500243601856219,0.5521262156639215,0.5998335714441416,0.5648002316535746,0.49911981013258916,0.5739557399042527,0.4249497422330881,0.5222041707163743,0.43049318373178963,0.5440775227710848,0.5610110747312923,0.6023370467652681,0.6284367654614628,0.6132072881866711,0.5955446952426369,0.4948429701060747,0.4722956631229979,0.4342457332351541,0.48637598187125547,0.47665203268289047,0.6035917491082329
0.6208173186937914,0.6987821135678948,0.5859085548475413,0.5051821030248904,0.437095536285616,0.6096395223922092,0.5506378713516075,0.0,0.6069435142055664,0.7086556577910201,0.4901745214682848,0.5895945944125724,0.6337038933544125,0.48648160329201373,0.5539942445630959,0.5575212627034805,0.5327104002766699,0.5684269127194027,0.5447679801820879,0.5996818704288569,0.5285450479035313,0.5917139316835383,0.5814052025047702,0.5305433360055489,0.6934797803825264,0.4643289317473335,0.5398433509736427,0.5728256044142184,0.492075342628316,0.519291187765603,0.6359496575978877,0.5606191026380639,0.5473070743851084,0.5779906091517825,0.5234766590861151,0.4736765367754734,0.6119531988822982,0.5060385564181874,0.48887520302097287,0.5201773827527659,0.49090321885628063,0.585493659158994,0.4889444123332281,0.4647726621830594,0.6987565502936568,0.5921233551231274,0.5157836192867177,0.4519675757822335,0.558132804957862,0.47563345421763387,0.4924651460925623,0.5178846311009155,0.41844929522075897,0.491541717780671,0.44672551155816825,0.6010978326005442,0.5116855331755655,0.5727163533846646,0.47988521283018015,0.5550105099300703,0.5451302255666796,0.45003797289889136,0.4390585057506221,0.4347602777261619,0.4407489388016189,0.45556134190259434,0.5559601243701524,0.5728784552415431,0.502743755631725,0.7038517909957438,0.5651400186374439,0.45278612075029995,0.44392001246646035,0.5579922299613204,0.5590756795292904,0.4978988730736722,0.4858653203815544,0.4956642887650946,0.5228127575091874,0.4254960414078337,0.4689649034270657,0.591958285458332,0.5707697564676021,0.4999218537212138,0.4560957175277564,0.7509160035384725,0.5599854773951382,0.48116711844394144,0.6346081590186339,0.5572771899102456,0.5137365299441842,0.6124349538728792,0.46461168759155574,0.46251854536187464,0.46683510397921285,0.6351801915845449,0.44219517517809,0.6556772129657255,0.424256321214157,0.6237344585862463,0.455662688357575,0.5214067424461509,0.45083775461093323,0.6712940515721153,0.47067564920453947,0.6215667007237461,0.4797130022654798,0.6867463995805069,0.5400121131189677,0.5992422487961714,0.4970901179730898,0.44089607826831817,0.5177528635023689,0.5049385195093166,0.46460940634006725,0.6438811960657042,0.5296363379935547,0.5229950898511944,0.4501785168557054,0.5404093519795024,0.453774799297401,0.5139906622762467,0.5172823470752089,0.5888663384010935,0.44258998766916635,0.577837097691367,0.4824917056566659,0.5928897240650756,0.5176495579466381,0.49070576913275793,0.59775223635715,0.5091213850029684,0.4927983668485704,0.49588246929226215,0.5112987147230077,0.405503044842412,0.5523562890539462,0.49463036760713286,0.5394468217989249,0.5804957645753156,0.46416183463563454,0.4928381330181559,0.6240279225709828,0.44127305081921664,0.4935486607730952,0.5580274197253959,0.5768786938462696,0.5415778160639038,0.6889002817518931,0.4337874738854302,0.5257371895457554,0.45747212093911094,0.5157341002416795,0.5317300399661494,0.6519451653120106,0.6863043934274335,0.5775564765421407,0.6117738436051747,0.44786042254553554,0.4420111941324085,0.46362775028266084,0.5134309764667764,0.4988797489313956,0.5301681492741824
0.5608505351530677,0.5812792675122422,0.48393921220009173,0.41610191018170356,0.42419368010740294,0.5210839731327472,0.49721568205354233,0.6069435142055664,0.0,0.5571701312071804,0.430372614273453,0.5757762078744854,0.4928059521356067,0.4187535074513072,0.4991179770174412,0.46634577810317224,0.4385366118228566,0.48004235110266097,0.4812381546428912,0.5313469888014478,0.4534093191252347,0.5290920354367753,0.5080888682182424,0.4719496907327863,0.6013850472653981,0.39748757013507235,0.4700435420554382,0.4574357450408761,0.4184265255004812,0.5674362210828395,0.641242411506802,0.4783321781932938,0.4447712272479697,0.4924918415073415,0.48533991193283393,0.41617610370209857,0.5323117235582159,0.44003680301004544,0.44509396809384427,0.42603733351908535,0.4141747136170237,0.6090402879004284,0.4324476816978358,0.4210612320333453,0.5406711503626025,0.4703524466736022,0.4905257616964856,0.4077284193934826,0.4860136457145526,0.42054942292310327,0.42240744449272133,0.435261055860013,0.37032344162097414,0.4158641246966028,0.3902108222440259,0.6426820014915365,0.4400558493381005,0.5088620337618299,0.4139301672139785,0.4535269383058593,0.4338756290026555,0.394380771719082,0.3814828645925968,0.39799999901104743,0.4012519288756775,0.3902409010375277,0.46138801770294735,0.5148197398583294,0.43232679306921057,0.5602199267215932,0.4931243157272975,0.4032532475402173,0.3977919471182743,0.4491342611074862,0.45759072731574996,0.43986400000942205,0.4102338020449136,0.44197548375571716,0.43011730106732093,0.37709352391661094,0.4038325821973381,0.5403214050507442,0.5621070247020296,0.41147244345310535,0.4021861109676649,0.5888690482141319,0.4978574818914942,0.42893785653662264,0.5040937042633981,0.5910296184347538,0.45671884391703416,0.589459707040803,0.4091689221251997,0.4017955040321562,0.4094508656310333,0.6083012380803617,0.3914443013089074,0.5786097731289037,0.4010031361266172,0.47771643649536233,0.40677816520277355,0.43870596612876156,0.4046571285225295,0.5778468968315235,0.41502251064315104,0.492562704018316,0.39768806353969666,0.5684591716996442,0.43934415594104714,0.5387693961393077,0.44133239230062193,0.4015184614639971,0.4392089320031261,0.44456899715325154,0.3915300612274756,0.5199576928858035,0.454339753466405,0.4835866317532083,0.38461985672908444,0.47422201897378385,0.4141512628946317,0.4342455246442698,0.4588381287592478,0.4934481420045766,0.422431665535128,0.4702121481508011,0.4160646869302245,0.5274640130533257,0.4264289104744749,0.42000600206435607,0.6648571868015546,0.43822487182302794,0.4210453750003261,0.4604494758465439,0.45883935862420977,0.37454803970314565,0.5422072316989018,0.4334210844341006,0.4507736505546207,0.5101303091039403,0.3972938519013967,0.44233574906120626,0.5268184440355533,0.4026215971559803,0.4390766349115007,0.5431616172711201,0.6120905772535659,0.4389222853906512,0.5919071490233618,0.39012929742832536,0.474341568339884,0.4040431156258407,0.4566959891850939,0.4934446936856961,0.5357337110905755,0.5756232296867562,0.48136429674800124,0.5186181422979842,0.39216344206062526,0.3843932681568546,0.38725723578431936,0.4681899367822964,0.44379268895093954,0.48654611722770347
0.6175147224415987,0.6913081035827743,0.6023619622431345,0.5063503497636974,0.44632299922998786,0.5959174016014784,0.594161855939669,0.7086556577910201,0.5571701312071804,0.0,0.49509389207048615,0.5571832905931036,0.6908704240377631,0.5094060224546443,0.5549019228645015,0.5761720903463489,0.5445504148275383,0.5893205355568427,0.5115667156589832,0.5699470483659597,0.5186143606417465,0.5851545907291178,0.617344600082891,0.5324456521979777,0.6998841687266957,0.48034241664925226,0.5677218866580006,0.57586593985911,0.5271985678045656,0.5183707025109671,0.5944258742180935,0.5786534089442769,0.5558665276162453,0.569204413366704,0.5203859840373595,0.47117287739435776,0.6442782406450308,0.5047149552663105,0.4713596556133259,0.5532171905045503,0.49034852424250613,0.573086726326751,0.49239184802367847,0.46884920897097737,0.6837645656750897,0.6049340903475778,0.5456135676654839,0.45965576692359966,0.5902682177004531,0.47213590202567984,0.4971483464817937,0.5158935863620504,0.4185943470402042,0.4856909969554296,0.4538991608957094,0.600323882777201,0.5031452668593505,0.5548289249931585,0.49681944765034547,0.5582674300151651,0.531029846333605,0.45669199849482706,0.4367574561552479,0.4382138694113108,0.435274886706567,0.4533260014036145,0.5680447667905174,0.6182823926231567,0.5252141340780964,0.6698897834395946,0.5628720977521177,0.4630640402939806,0.4427920248510149,0.5707919697720556,0.5440323580614186,0.5165248445110525,0.49819609710272333,0.5293904980369739,0.514391333260571,0.44050334961451665,0.47667119454807655,0.5512475451883591,0.5850270372055024,0.5049822514843834,0.4523107647761773,0.6874746215583122,0.5373118053320066,0.4931056014212171,0.658934799715264,0.5336897663706257,0.5237419968450229,0.5934049390400384,0.47496029247770305,0.4598612633735979,0.46962719513810347,0.6528107566788081,0.42267354289277026,0.6279007891712526,0.42542309524546307,0.6515666489943578,0.4638960646132487,0.5108590334538285,0.4524458530483343,0.6653541765760318,0.464497044245642,0.6419073390645539,0.4774286733334439,0.6956599763952301,0.5754904679913766,0.6039098192322473,0.4940303177969556,0.43760286080673033,0.5249028887168787,0.5019797414736942,0.4714231087482022,0.6578230113708705,0.5331783748615425,0.5377105006620997,0.45935211523860453,0.5502111601223907,0.4583573304932214,0.5075752639162716,0.5122158370306517,0.6103408811440162,0.4388899381460989,0.605507412377565,0.48435949139979667,0.5928502962210804,0.5247039988946568,0.5106211773579068,0.581404155235582,0.49956490238468326,0.4950487417755907,0.474044754627123,0.4879791113705993,0.40906894798925236,0.5577310763649717,0.5125444327979385,0.5521422641087782,0.5632722152164965,0.47564275351207413,0.5026526369484626,0.6101506020669691,0.43386124708460955,0.5001721444035485,0.5705295597421233,0.5410430206543669,0.5748796667658481,0.6920959254422847,0.43056032263635086,0.5021084851152195,0.46472387838784734,0.4949337372053897,0.5650705810534297,0.6329409834980362,0.6568412562912338,0.5930462545344134,0.637718059038477,0.46234132243014453,0.45850098568362796,0.49156875234389574,0.5141516465698014,0.4965332680474415,0.522059196108087
0.5352623179059582,0.5039291396152005,0.5606391536839767,0.6390171376711284,0.5598804182766965,0.5008077391451237,0.5703969566031528,0.4901745214682848,0.430372614273453,0.49509389207048615,0.0,0.5077579862467159,0.5507915654845954,0.5653908666923372,0.5100659183024449,0.6507172566152987,0.6334809150859523,0.532528809250758,0.5385525337703119,0.5404981209733355,0.6442088216840421,0.5856596708964523,0.5457253636508101,0.5328207112325345,0.5403671331541148,0.6510175194878783,0.4907769903921703,0.567156563887876,0.6484838785639047,0.422452424355717,0.49850672430837345,0.5513446449613308,0.55657644439194,0.5570286970763882,0.5810088119316787,0.6101097261460067,0.597321166969145,0.6181629506620893,0.6511844420019655,0.5936212345557977,0.5781300376848176,0.48184136659342003,0.5520770029444065,0.6527660212652238,0.5420642652014503,0.49958965628146296,0.42666546840320213,0.6775888080252139,0.6489376090914829,0.5578546363480065,0.606328682121311,0.5663851719716795,0.423313848873754,0.6423152720275328,0.6434090996326223,0.4199931591919154,0.5804060267639406,0.6105381246152203,0.5331559780071548,0.5729012352789196,0.5652538989304493,0.48642640497781214,0.49405601661590204,0.545175916832025,0.46796372844058803,0.4675491510498812,0.6025903961701521,0.5058092010303008,0.5502692253103474,0.5682173709487327,0.5764203003432792,0.5288224844883969,0.5410854039926474,0.645918984871979,0.5401137970294492,0.44717899669613365,0.6902908881765712,0.6076073298532443,0.5207580493366228,0.5186110963752328,0.4834302737947175,0.5577763682650188,0.44042131120615996,0.5275793848611188,0.5562431147471807,0.5316428152388323,0.5689639563127239,0.5166447126656227,0.47047379964808955,0.4112987050451651,0.6928338862775905,0.5118418646359268,0.6040517478898915,0.48922849655834005,0.5901184529331588,0.5081273812124454,0.4567295276961666,0.5002931462541821,0.5205327957459742,0.5228284863150111,0.5772560516105057,0.595136310973932,0.5290878860568058,0.5101564716261834,0.5174166266158311,0.5270248230339835,0.5250150301856444,0.5194026741571813,0.5232652146039024,0.5310746281529455,0.6704781305458958,0.5814274662042619,0.5752780595303265,0.5680085228524435,0.5021068154310948,0.5121385042108351,0.4738998225552749,0.6215861710262426,0.6023474552767536,0.5675104882855897,0.6730719757924378,0.5570887272160189,0.5992034062415192,0.5786007975427361,0.5251705191558855,0.5951516094018495,0.5373319479793207,0.5201260075950204,0.6236455510507389,0.5378172844615591,0.4016928084263988,0.5743770071411627,0.5992653935038952,0.6108985671975363,0.6253337125236529,0.45726014597311715,0.4298031555570544,0.5882652486200521,0.5681646508573518,0.5855039008074245,0.476246927044525,0.6257345895758608,0.5714432666396646,0.5435174174885672,0.685508549404697,0.5047474144891466,0.4831493631971652,0.48620642342525705,0.5280193360790499,0.5371413782449187,0.5928321275422435,0.4736875929586035,0.6576536562479603,0.42305394319369766,0.5874220661864838,0.564661476997249,0.5627690439132059,0.5039692462633775,0.5520587123940002,0.573559067106554,0.44869747514964475,0.5418598123863936,0.5281718617774237,0.7402018679633923
0.541052326042634,0.584668884528425,0.5629240412436067,0.4656394272268044,0.5149367446965015,0.5564555300154912,0.5934565876659005,0.5895945944125724,0.5757762078744854,0.5571832905931036,0.5077579862467159,0.0,0.5222822960723498,0.4232877797393819,0.5151931764348388,0.5528088619304788,0.49318764998362896,0.468520460860125,0.5166802211296104,0.5201250156411703,0.5331285451948655,0.590614326934104,0.5882752358162637,0.5807215532876597,0.6315154723203634,0.471018862497639,0.4904165994316856,0.48550153015925945,0.4594643609014125,0.5860760639282164,0.5937607697206736,0.506384587214229,0.4739432305196094,0.5918346236225117,0.4835477502096863,0.44898752411146653,0.6059247071151971,0.4591088536569178,0.523936242597185,0.48055973639370136,0.4486645082425818,0.6748849316687631,0.45899860872401665,0.47619469494774813,0.5756339791386,0.48426668472452306,0.49811400325354555,0.4712493154042166,0.545990481320352,0.43916091207306357,0.4654851449735806,0.4818292425038724,0.36357142213605836,0.4685661793718795,0.4332962413228145,0.589485247159851,0.46877715935769537,0.6269728227684752,0.42095898444631774,0.4775219591185843,0.45747275730303544,0.402530582539872,0.39865304464403095,0.413189259200593,0.39826482589863327,0.39562322402466227,0.5050974647646794,0.5365146353725715,0.43211615135771947,0.558295999778877,0.5187008043225602,0.4063486549193384,0.4159124489281705,0.5073481141719897,0.46443253228904086,0.41955137173034013,0.4885219047607061,0.5529275199054811,0.4448219421307337,0.4179842979844838,0.4164147507595469,0.552763491485495,0.5828826027861752,0.41870571901146547,0.43192658629259884,0.595284398681724,0.5223804033712128,0.42703311919428266,0.48136369735567647,0.5898248821766416,0.5176655811141028,0.5764257202041299,0.4420524501883445,0.41098026401238935,0.4314813878764098,0.6369996013626377,0.39144321198912996,0.597560259945281,0.41283462260345277,0.49355401623924605,0.425174462124872,0.48710007976489583,0.4294599247857635,0.5645065891993353,0.41643736222590133,0.5463641081485644,0.4286615027628717,0.6166120752140674,0.4649934132043492,0.6888789613530215,0.5391216625928503,0.4353088351133398,0.46161379394330976,0.46815156710113726,0.4012152961205238,0.5815407015964501,0.444476683367436,0.5306908331410852,0.4326901821858626,0.4837248535917259,0.4668689269547039,0.4535780882902077,0.5006191704755991,0.5618894869471615,0.42047520301541225,0.5229426733397633,0.4408764358944741,0.6713535067457532,0.4704321314787479,0.4278945534428487,0.5372405067542316,0.4862537501825142,0.4429059968739987,0.4923960946059478,0.502906013839817,0.37485346091839805,0.5327986493607626,0.46579770219948347,0.4840471277351706,0.5439207396888713,0.389829150803584,0.47798400884333847,0.5499473419322178,0.4225467188082983,0.4983597749644062,0.576724727707279,0.6814182398397096,0.45695787165854634,0.5886063100750635,0.42275576414806526,0.49950939382178805,0.3981677258943221,0.511984349575736,0.5318674159741306,0.6318439312922307,0.597145980615139,0.5431385284121703,0.6352483120791278,0.4067749045982072,0.42057883876059154,0.385317000386699,0.46361971356308473,0.4624577925899599,0.5719378448050985
