0,1,2,3,4,5,6,7,8,9,10,11,12,13,14,15,16,17,18,19,20,21,22,23,24,25,26,27,28,29,30,31,32,33,34,35,36,37,38,39,40,41,42,43,44,45,46,47,48,49,50,51,52,53,54,55,56,57,58,59,60,61,62,63,64,65,66,67,68,69,70,71,72,73,74,75,76,77,78,79,80,81,82,83,84,85,86,87,88,89,90,91,92,93,94,95,96,97,98,99,100,101,102,103,104,105,106,107,108,109,110,111,112,113,114,115,116,117,118,119,120,121,122,123,124,125,126,127,128,129,130,131,132,133,134,135,136,137,138,139,140,141,142,143,144,145,146,147,148,149,150,151,152,153,154,155,156,157,158,159,160,161,162,163
0.0,0.5572456125330152,0.5453620175841393,0.4985846355573191,0.5509247358502255,0.5499166294925176,0.501990550410487,0.5754396392520552,0.6173990428180133,0.5206692323907123,0.5515290191872693,0.5039103740776779,0.6085119440078357,0.5257439400438582,0.5011955074411217,0.6051619708975112,0.5971290148794607,0.6630402513520925,0.5254261836912375,0.700216079964183,0.5609632300855757,0.542434456437379,0.5144008212574654,0.46855057771996955,0.6008423572253805,0.47297809179183264,0.43186503440008234,0.5509219609961684,0.47378949417342947,0.5309616881792273,0.5459818395046006,0.6064832458485135,0.487051344891454,0.4669267611777348,0.6481988619439837,0.5216944799490337,0.567267590660268,0.6171167454156378,0.4628668472814217,0.4921831817498711,0.51765682456548,0.5399471425721605,0.5925681344110856,0.5643180023134979,0.5380403534381039,0.5444724687092513,0.5541608492762912,0.5555960904746267,0.6009184354075129,0.6430620761458683,0.6068634657688224,0.59625910795647,0.5089546293151499,0.49222370284319017,0.5365702622681086,0.549902840041217,0.6647217051935231,0.558879725149838,0.5984248987834074,0.5551432639953183,0.5212593040903137,0.47396722210683817,0.6431093955063926,0.5190262681331552,0.5512660451690538,0.537929845368464,0.4926757275453175,0.554458460652078,0.5326525623179758,0.6060759265821569,0.6391714413686034,0.5715316804838152,0.5678377652379708,0.5799012922638428,0.5718114614716936,0.5160393666307387,0.513025220457078,0.48906634902050977,0.5191506266801688,0.4771970586422758,0.5422327425440211,0.5614875221935778,0.5882235405388769,0.5556907005792235,0.5814061557111698,0.6259451197206184,0.5450128904707052,0.5904896720891577,0.5577163051341164,0.48036092133197483,0.6141832824776366,0.5185524086129393,0.6306154110541387,0.5645411536122571,0.617502659759403,0.5079915385760404,0.4591404300288798,0.5234158424082309,0.4725523048584711,0.522178073666086,0.480615177637683,0.5054717346552677,0.49199207991768285,0.512119792877052,0.6567902178575505,0.5706201602082064,0.515152593545873,0.5537359678474333,0.5158004139554229,0.5206958928547128,0.5022704470356294,0.5621691933430057,0.582266715310923,0.5042122676771086,0.5674861432938884,0.5616229747786933,0.59261446843749,0.5719123164329171,0.5419209870863491,0.48476676271593766,0.6025314339325287,0.5051765259854814,0.565360871866384,0.5739926302988879,0.5837187244612793,0.5000677692937501,0.4925602493729643,0.47167030525257747,0.5212019720862888,0.5307540040513148,0.540776800501267,0.5757986230898777,0.5288284895185049,0.5241714265153721,0.5042380170255201,0.5463959239689169,0.5514988896472294,0.5003594380112094,0.4878604979961622,0.5552363397560612,0.5149101857633906,0.5356390415788215,0.5777199477396043,0.5447194504431991,0.5236617057607134,0.5074498647742236,0.5739219807502494,0.47880693838343946,0.5957288791785814,0.3907975763490637,0.5888293243281021,0.5649214726558991,0.4968576357406865,0.483592027484772,0.5310331665396177,0.5588444514579393,0.535709576506799,0.5340614353129282,0.5055088577302541,0.578276652226123,0.47161616968650505,0.6168509966222341,0.47202925757142405,0.6039591823424246
0.5572456125330152,0.0,0.6066556820609748,0.5956781328905209,0.494550116608761,0.57926047919062,0.5270824935680737,0.6181993941824658,0.5085328753810354,0.5470663736320323,0.5445070642623113,0.5648817201409269,0.5988990095014246,0.5321790924049918,0.5393018324887952,0.5653732668591754,0.5729178822654416,0.5181920229340121,0.524722881137707,0.5816095621683038,0.5791462970597747,0.5867474392722157,0.4910613492056742,0.5455276576762292,0.5346189772837916,0.4773947498639149,0.43833651750392416,0.5258928736953548,0.555958104373663,0.4440721626293883,0.5372217869674961,0.5439858823816914,0.6325397650467138,0.48144204651643824,0.5637721251080994,0.5827280537565664,0.5207983538348822,0.5502224398234709,0.5412541147477625,0.5647156766751935,0.6553658365324235,0.4833467310510588,0.48307935432768045,0.5584337562750862,0.5957240824505453,0.552613397261636,0.4938648808874452,0.5358131477153887,0.5426497722705793,0.5860986990327702,0.593820723313193,0.5979032921316034,0.5254473739692711,0.6345254161993314,0.6055803545316717,0.5359907454018329,0.6001855162321093,0.5241505453920898,0.5627355861737412,0.6425638360619192,0.6332498988853124,0.4628355491442719,0.5421322004251841,0.495358149647532,0.4956552586176642,0.5071574707889815,0.5451812741008157,0.4881245690122089,0.43822797243867473,0.512725274434962,0.5767358217023866,0.5261575317058134,0.49543862420347573,0.6168000466917761,0.5560559589583163,0.46364948954452856,0.5506568489735574,0.5135115093808271,0.5009706422490584,0.4596486477446813,0.516885438328169,0.543228928593235,0.5895342592199335,0.5455010098539677,0.5236243929901628,0.6617996995421411,0.48087197295577055,0.4861184763915067,0.5282865016735869,0.5511268755397591,0.5127015493987813,0.5254682238367263,0.6229510720379332,0.5634908480956147,0.5912776527949802,0.5250472876733862,0.5056668396984814,0.5194750635071809,0.44289328145905466,0.5810246290884924,0.508429213007652,0.49109901355656205,0.44628968612750997,0.49581600228305556,0.5585399101706214,0.557977323864631,0.551459533169583,0.514166661154697,0.5662477101761483,0.5848875070762278,0.531285158689574,0.5051874467769805,0.5486352648321984,0.4735394862966954,0.5530873143145084,0.6015549375219016,0.5213786602732567,0.490792857821629,0.5628950002754113,0.46370877430467894,0.5698367484824683,0.48496133815031606,0.5145855206907772,0.6028584935952097,0.4994521519487139,0.5800383663386649,0.503038396175479,0.5556116575189324,0.6042800300277099,0.5262092314067828,0.4835110701558128,0.5523831875905185,0.5131127483717951,0.5428929249559165,0.5488176950211916,0.4983550778903857,0.504826791308157,0.5240165482347944,0.5105764316306198,0.5288276090717836,0.5209949858865395,0.5118484213917379,0.6329279757733722,0.540252471683242,0.5254852665801985,0.43713872890535316,0.6028507830168446,0.5179889096146374,0.5417024811678811,0.39939597213521727,0.5353900585842521,0.5299873744356097,0.5115942967235523,0.5524789028186686,0.5403403665139105,0.5505184099876094,0.5927457962787844,0.5738648668683605,0.546698765149954,0.5151482800415575,0.4697833243097245,0.5142077983464769,0.4563093620423718,0.540585291320322
0.5453620175841393,0.6066556820609748,0.0,0.5866757356056025,0.5123309274007083,0.5432194693807328,0.5040760125183907,0.6111140128911653,0.4946764148713775,0.5939479578846759,0.6130696242872075,0.532861197701551,0.6086109972513419,0.49057447984985164,0.47855336356848494,0.6139298458339166,0.6448589444385657,0.5529149740350507,0.516487471482278,0.5455618725609447,0.5851997254039474,0.6464746818031496,0.5185676105842256,0.4959658140987138,0.5575204904644304,0.46043066997804943,0.46355890915958897,0.6000609923632101,0.51064170259921,0.4669055963202918,0.46132220795005024,0.5420771646782822,0.5097136430422837,0.4514392021490045,0.5001732584975481,0.5076476385838851,0.5027737820876367,0.5260573740222838,0.4637855219137011,0.5382833495442872,0.5186072809714869,0.5452006993897545,0.4840470536727922,0.4886626042187462,0.5344984328005989,0.4990450906591333,0.4601234757588941,0.5081638981936479,0.5477125619475377,0.5426177083771456,0.5603592383055619,0.5430874041276176,0.4649862918570299,0.559018313213686,0.5462608674336648,0.48870036813518486,0.5570548628254786,0.5670581499256493,0.5823942229272417,0.5274115700157473,0.587398852235752,0.4142948064347099,0.5446813610047208,0.47271899361048825,0.46012922057424044,0.47439636552224895,0.5059379167494031,0.4819000093400307,0.5083810209106999,0.5704222715312891,0.5178334279400638,0.4605134052639955,0.5255805171607054,0.6639730276824864,0.5898585927430462,0.4157530178227236,0.5711014485875664,0.486452178744277,0.4532040234297945,0.413201990724284,0.48386886048146893,0.5101468947864969,0.5335746556708014,0.5045200034989175,0.5114528072607131,0.5736653034793067,0.4853251433185054,0.479446409585645,0.48842636938416845,0.4640187533904419,0.5472983993504984,0.45920109013737814,0.5624209015308401,0.47798388474901815,0.5701734026686015,0.47700023953054277,0.4404960466958359,0.48662893154108333,0.40278637609023604,0.5154692627374502,0.4267960995898309,0.5109561562320624,0.4445205740725937,0.49090771258551996,0.5152162568603106,0.5244330719448768,0.528933612188772,0.5686252330780058,0.4984260315212759,0.5418923992791013,0.5143823413938192,0.48707865341009754,0.533569029926234,0.4941831414230182,0.47914754400673715,0.5826795939925393,0.4871389597860466,0.5243682728714979,0.6264416439954842,0.445587779251791,0.5029862323869183,0.46700852094541834,0.4819404513048128,0.5192448816777413,0.44452353398753386,0.4998630221696939,0.47879150834384504,0.4736999926553905,0.5486959557622799,0.4757674814346117,0.49451615015944883,0.5838901261048913,0.4725089812123497,0.47571104255573315,0.5047768483671583,0.43242671600565386,0.44931471525633826,0.45846259098055814,0.5262485222291272,0.48986076231153447,0.47293042527459306,0.4829953863712135,0.562399140206471,0.5351579422892201,0.48206758511397535,0.44258943499455605,0.523610000423124,0.4734544337421532,0.555131771601921,0.38416470588691304,0.48851629985171957,0.47956557035384795,0.5492409643769879,0.546321869281293,0.5287675315590281,0.5113047118771147,0.5776346051248534,0.5452439595851688,0.4763408793409079,0.5045243440027286,0.4509910903974288,0.4642124559054572,0.43912265197048417,0.5370725906513389
0.4985846355573191,0.5956781328905209,0.5866757356056025,0.0,0.5078923519688516,0.4891410216872752,0.58570375582529,0.5844195042736903,0.46461891831573465,0.510020297109723,0.5626090656518136,0.5456431307310579,0.5545173716087921,0.4871919949745264,0.5251618119385835,0.5284539994734052,0.5428772726938437,0.4935457335848163,0.4830934557061879,0.4986715757432695,0.5878438275874359,0.5763733510103475,0.5383252595172767,0.5830439571843388,0.515106297097763,0.5393819991181549,0.46340856484480447,0.5172858452348621,0.480011856487716,0.4148675681299109,0.47880977286791604,0.48313185483556365,0.6033879146318831,0.48978718176397484,0.49719978299908285,0.5352920526047806,0.5166500437237255,0.5036998650443841,0.5252690028922782,0.6425866039634487,0.5853825838955309,0.49145984360893796,0.4638964216960872,0.525830160623764,0.5835544621498553,0.5169763754988744,0.4399916991403045,0.5137061087853297,0.5572137693348499,0.5216865948380969,0.5919035296590419,0.551519522546983,0.4413582588097862,0.6359595574662537,0.5724870670297441,0.4913844606889875,0.5450223663512368,0.5126701729599292,0.560943218733323,0.5507751848549708,0.5988928075084854,0.4137442544905746,0.49024917685925606,0.46254849960348376,0.4569343691949081,0.4714334506071652,0.6324101855406569,0.47915988427919665,0.4314450194444007,0.5119473350348476,0.5412086130319814,0.4716270344374922,0.5071502291023248,0.6888983348943973,0.48898231787339563,0.4082553041466835,0.667026748647026,0.5315580431523911,0.47236734385780466,0.4248138031598044,0.45801804519476835,0.5494282177020282,0.524925725324892,0.4765954933689664,0.5249944937146149,0.5789259106723627,0.4803450490613766,0.4692172484269532,0.4726121321549539,0.5471610647134801,0.5288049368260931,0.49365532702914217,0.5312180242609753,0.48149450942632294,0.6139581727401361,0.48580711635497775,0.4476288867712051,0.49621411105454744,0.41366672213558403,0.566513203557374,0.46360904594392083,0.5210893823102333,0.4773285293296064,0.47168159345324195,0.49540194754918543,0.5291402573493084,0.5295695449408586,0.5104644129042991,0.5319040669561728,0.5738956831042497,0.5742680485279407,0.5214671699713849,0.5379978692797369,0.4786895803795499,0.48560360979722317,0.5759880954987915,0.4519040463370009,0.4678688275088481,0.5764352895305256,0.44778827763430923,0.5403068969797512,0.49376950120759067,0.48329507342194916,0.5630894405307415,0.44869349015509163,0.511313532534885,0.49197506203729147,0.5351453749781592,0.5377655087624374,0.49667687637779173,0.43349346152988216,0.5202655346804903,0.4969588452049964,0.5171631278114747,0.5363989252888066,0.4283344216862867,0.43171833141996774,0.5150316046727564,0.5442803856326567,0.5066043008931527,0.47465246707652403,0.4588470211693704,0.6156916796115971,0.534332540793949,0.519022319122108,0.4509514642550173,0.549543390516799,0.47429666004361004,0.48411115088767154,0.36624542527669657,0.5278192987439115,0.44948645261712195,0.5173433455721577,0.5787864569558242,0.549234983777453,0.5568036984135731,0.6064205978723537,0.5846326318727915,0.5454034733756213,0.5099090030451555,0.440005266403704,0.45568700372394966,0.46496970184261877,0.5593999732365443
0.5509247358502255,0.494550116608761,0.5123309274007083,0.5078923519688516,0.0,0.43749751710102686,0.553658347702643,0.4955488066833346,0.5847594210138856,0.4906785964774702,0.6003966756831649,0.5127904203461582,0.4850930597451311,0.49796631942619335,0.48817426880945464,0.535415689378675,0.5063980334377376,0.538619267271425,0.4548414471390014,0.5115649695176445,0.5056291200997787,0.5644356693792523,0.5719625414279296,0.455247483354207,0.5425603234892086,0.47395543453073935,0.48584515881378304,0.4767697377706226,0.47784634192621905,0.5258696001230803,0.5031490954255896,0.48348728625006604,0.4577283691746619,0.43292893685907746,0.58704921593767,0.520883057642644,0.5240679613769729,0.5751109104074326,0.4830727224931839,0.4825325989376973,0.4793561951146186,0.5499354079022925,0.5013047885149015,0.5308373347619959,0.48355045979839106,0.4382569465210859,0.4554186512211808,0.5253043329003216,0.6132469027202018,0.5336477313470411,0.5211013242326908,0.4626551899601219,0.40687694994678375,0.46568727473091936,0.5413126836690816,0.4815817502558049,0.5089860658661377,0.5604474707355268,0.5339291647623179,0.4748977169462359,0.43816860724307616,0.40676140291255986,0.46187200265791634,0.5457840418728537,0.4488913056751978,0.4100680905644843,0.4808368408038574,0.48730784744671674,0.5166725303161478,0.5535616607029415,0.5162296862150969,0.5130315571879585,0.5169637804598273,0.516161998556359,0.46444909757672026,0.4039577890028452,0.512497877705843,0.5347390653864446,0.4279861045654212,0.40572526006895965,0.42253757706039236,0.5226293258589915,0.5263947041953152,0.44454402089807704,0.5142972343377317,0.5265712333007434,0.49321995771225496,0.5261785742797288,0.4408874445288363,0.4695762801341419,0.6801193265047043,0.4975312079911743,0.5817360823069673,0.42322381116486985,0.59173493861476,0.5023134342307136,0.3885916300788898,0.468502122253542,0.478826298850693,0.4401222673050337,0.46640300047342365,0.4738256440349264,0.4939664122033503,0.49387927660183467,0.5123510795034093,0.46231162978996476,0.4293469041584739,0.5150345904234741,0.45060534344590075,0.4724014604103954,0.4935702478423276,0.5911507713846096,0.47405278171890625,0.5343287509264443,0.4410375661444594,0.4868651541297219,0.4373423527988827,0.6057855493223718,0.4841011273165441,0.48568330668659754,0.6382095666271488,0.4854505048111277,0.46931158837101256,0.49141073831417836,0.5305456268470929,0.4576012023666991,0.44707433497508625,0.46721513161847045,0.4671994618223933,0.4894245092086798,0.4859837865226603,0.48680765883794236,0.48233277645897743,0.5266509529041838,0.4809149974533968,0.4467847645536129,0.44587460943873614,0.5050092823102837,0.508327744545199,0.5350461877370003,0.4436319759794779,0.5058533934342354,0.5285392108018999,0.580891955168277,0.5317361190663561,0.5052544139094839,0.5668720792415382,0.4154740084985592,0.5227466660054014,0.383007561794307,0.5251713822158358,0.4627338483369401,0.5153813728052036,0.4947556374876801,0.5031698779543479,0.5101999247766295,0.4809697729013378,0.48315709493461,0.5045933947392642,0.504094206292416,0.3999764395582684,0.5044171233696031,0.47153116315196103,0.6380717235210069
0.5499166294925176,0.57926047919062,0.5432194693807328,0.4891410216872752,0.43749751710102686,0.0,0.4417045212973384,0.6155305946753826,0.5249304107074673,0.5129060047989554,0.48507589479742025,0.5375949747710146,0.5513302005696556,0.466294330300778,0.42877793374953305,0.567843155660279,0.5635512973514194,0.47175684240639804,0.5591967491204836,0.5616575065107747,0.5734589562932575,0.4815355050579459,0.4311690275369508,0.43143463460085163,0.5430045717997346,0.4300496827937302,0.38197718741363723,0.5084691037163181,0.4548949435363375,0.4670944084719178,0.5084698435564722,0.6376494020836343,0.4681835339979508,0.47883529991197005,0.4968450650340943,0.5115404641316394,0.4938611677969977,0.5199433413383786,0.46936866611301353,0.4366350081992909,0.490368464492125,0.521427827545864,0.4793028713670409,0.5089693476983342,0.5079186967154088,0.5053720865278989,0.4886656882785348,0.4951715464518354,0.4776237448808467,0.5398133403101258,0.562439226409691,0.5970398075641637,0.5059082615761734,0.5209396056682307,0.515799075154228,0.5915384480444839,0.5877075275083049,0.5599824850469102,0.49440050848341616,0.5398379687744069,0.6190733144329178,0.5037762106752788,0.5984105173319044,0.4591260531224841,0.4904071825532511,0.5403727063727712,0.48000465686166505,0.47215171972744097,0.42281949473743435,0.5203728459278487,0.5509228644537227,0.46928023650105677,0.5397049356341478,0.552098965941292,0.6074881200061811,0.4812082703325875,0.5154871394837709,0.45451003966031456,0.48089979293323354,0.5092281570169849,0.5955516284638244,0.5325016565776958,0.5370420998401972,0.5428842236341408,0.5751716451779255,0.5689853549527435,0.5494686735080944,0.48327961485625853,0.5488777072763658,0.4998220964493502,0.48978354675402674,0.523564262716252,0.5309164392434346,0.5726450809122745,0.5527057776959974,0.48451931069306486,0.5436894746914277,0.5537819137351224,0.4476507183079597,0.5325635912739415,0.45170303458727984,0.5215749534259523,0.45267447132949185,0.4713166057929792,0.5892803290191312,0.5386813138239289,0.5890475316554835,0.5101099818141848,0.4677123221801121,0.5315395095736074,0.5153662529633649,0.4938998874329579,0.6242180913836999,0.49316883048640187,0.5051064661442491,0.5234237257019319,0.5917304848723803,0.46385153035430005,0.5708097148763557,0.46950897994158314,0.4801459423803169,0.49894501068986025,0.5534152274662437,0.5483098613378137,0.5033464284874813,0.49715522408911983,0.5459993392174208,0.47820748000504293,0.55691011089653,0.43940268503231295,0.5354620122673001,0.685936491651252,0.5060959645176568,0.5265812604229858,0.49196498227887303,0.45986428208362135,0.47737694532590824,0.41468578726622946,0.41182227878807853,0.5056744427890166,0.4586908522511087,0.5450281674898517,0.5800795837353548,0.5484531447768043,0.4905830782666574,0.4350895227024726,0.542637111436652,0.4903847982656693,0.5420055130787198,0.4236112692409399,0.5260137026929882,0.5316698169895121,0.4607034257347404,0.44638527989635396,0.532069249557445,0.5105318347401152,0.48382144419541534,0.5502109119816724,0.43004990455419095,0.5506351970202037,0.4458412563191774,0.5471576662905577,0.4753319094125987,0.4922877834720963
0.501990550410487,0.5270824935680737,0.5040760125183907,0.58570375582529,0.553658347702643,0.4417045212973384,0.0,0.5065225985638526,0.46329852542942074,0.5407612915526622,0.5038531304668736,0.5096959176174276,0.5206264177120908,0.49691968030878325,0.5730808175311786,0.494568075805423,0.46712142364567066,0.4981582510279552,0.43062338870587674,0.4721188153539053,0.5149430060701818,0.509017296884838,0.5764920114234939,0.5337545545495721,0.5497937349956787,0.5851459178505366,0.452360960610473,0.43678124781554256,0.4937846891953783,0.41755252745902627,0.5298878127476738,0.4897948877268626,0.5505541231063424,0.48026734473185556,0.5253675812779125,0.5315187896145369,0.5929486307297505,0.4984181283013721,0.5093859693150612,0.5906633386766684,0.530860867476395,0.4656502454877878,0.5146537923465742,0.5902854304744082,0.5733637571706496,0.5102105762174836,0.495617897807714,0.5683830009622977,0.666010604219478,0.5057956892878739,0.5809267048151827,0.48484957080380664,0.4092960796159444,0.520344868739418,0.6032251464383473,0.5143839578954079,0.49472986094192195,0.4691149843811692,0.6162524686870421,0.5026209262563757,0.48228972482784155,0.4246462762476393,0.4497618088188704,0.4899844795016293,0.4637675521620044,0.4536737518610374,0.6473395272279963,0.5763774739985777,0.4443017734309053,0.4973805210224353,0.57318306881899,0.5323767441516241,0.47734092850653675,0.5769746390729207,0.41960617479260887,0.4451215948880031,0.615603454197971,0.6253892663972953,0.4674000792242676,0.4414362569356309,0.4522129799363683,0.5250166295852997,0.5560746350105437,0.44905043961247254,0.5058584041129562,0.5216376866731067,0.48606560269713633,0.5486164248031014,0.479322399938484,0.5452059646118823,0.5356022149581053,0.5478866322590983,0.5462148637769417,0.44968814961947606,0.5917843133112979,0.5665918474900238,0.4061619669316778,0.5039212731521218,0.44612319256265376,0.5349075579680876,0.5203763985797584,0.5268404472724629,0.5560887622837765,0.5270044566211223,0.4848419821553161,0.5151617875343031,0.475837040350235,0.4808880677528812,0.5570717590362427,0.5537521299232544,0.5483467694560162,0.5479495973724433,0.520679991858756,0.4644555349652745,0.47053583641245056,0.4757355948766308,0.4458562919940092,0.5377976762741405,0.5108865179624477,0.4507995399015513,0.5662628200022709,0.5061325550152187,0.4668234829651801,0.5870469092868795,0.482938511263628,0.5377590401586692,0.4617795407922502,0.5434698913214727,0.5014453466252665,0.5721240080623431,0.4216842233749986,0.45506818622923745,0.4879434521623314,0.47128233730296054,0.5043974298421156,0.4674608283968139,0.4580881582176296,0.5914118158366253,0.5406477708184833,0.5413874823987488,0.5068442603930167,0.47259743738356663,0.5632856476385419,0.5175195171064042,0.5859931329010244,0.5334990174758705,0.5310537238020477,0.4817784065412707,0.5084957777300321,0.34521386016100897,0.5306582769839944,0.46367577809774063,0.43413815221446617,0.6604718585035472,0.5474116439003315,0.5979225073879184,0.5130415028357053,0.5722299695114592,0.5906148671262499,0.5316566658995896,0.4673569552130385,0.4813696164060972,0.5028768204173328,0.5226168579056493
0.5754396392520552,0.6181993941824658,0.6111140128911653,0.5844195042736903,0.4955488066833346,0.6155305946753826,0.5065225985638526,0.0,0.5372870223738196,0.5728735719361839,0.5516716298487632,0.5994291788543926,0.6268495589012312,0.4974685285856022,0.4985468637189631,0.657937854824855,0.6023618566205557,0.5344352019815525,0.5453855647590102,0.5833417010355559,0.6090637271026444,0.5308810856868322,0.5216267608992832,0.493404733151121,0.6091050073977853,0.5149190483545194,0.4485784340168833,0.5540140603143563,0.5029207854378773,0.4940856890198944,0.5577026573936297,0.601940618502057,0.551688521968698,0.5183233879286382,0.5328827762002999,0.5642796435926142,0.5710348695726015,0.6022196548043246,0.5230808943735412,0.5194582970175012,0.5791604918486841,0.5155192176928701,0.5447403120799242,0.5537946503746448,0.6207167855658292,0.5815913805934212,0.5109446845620129,0.5491360013902153,0.5609354026262591,0.5746938340712253,0.6189321242182311,0.6101575127990925,0.4791962679497134,0.557552211731566,0.5980437911457669,0.5737030682372322,0.6217889957481065,0.6223356392124801,0.5387726507235949,0.5943244298704087,0.644617531105583,0.48347943409670874,0.600999934095259,0.48899640844173703,0.4847552494436468,0.533682358608756,0.5445137040990948,0.5189508555268444,0.4686277063802935,0.6242613228041194,0.5981252945602734,0.5182129297551734,0.5214581823672062,0.6413679511822014,0.5899646452185373,0.47991437123549857,0.6032932724521622,0.5322660415060622,0.5644118996978836,0.4915716073396904,0.556052293754065,0.5523724091234946,0.6160358762079133,0.6014598800274198,0.5950711261821815,0.7055859438581461,0.5804601197905621,0.5223189167671237,0.5959088087939061,0.5573262560274381,0.5561050577577823,0.5322233895346165,0.5978720787704782,0.5405309187017341,0.5937139919329402,0.5433705306219639,0.4949524367821773,0.5723672775806515,0.44610397875110736,0.5802606274202071,0.4920370650202193,0.6032073323598975,0.4997057973017256,0.5448348804650543,0.6018970313353088,0.6402350816349417,0.6092727397630021,0.5785066726444447,0.5436527806192808,0.5610847799138126,0.5400805706486713,0.5483964162290773,0.5843280633676795,0.5412819804072492,0.563773494552171,0.5972019872550873,0.5602722813635888,0.5180984327936136,0.5791075161548433,0.491922553267404,0.5467813671803705,0.5912562182770478,0.5341001602656028,0.623935375469593,0.491964303293575,0.5815120108612091,0.5162155409604384,0.5651318946549397,0.6088439276060208,0.5164975072672758,0.5300484094319684,0.633713088877276,0.5689385626800011,0.5303271244457454,0.5263010250236503,0.46715644092261815,0.5251218107432983,0.48912476288102114,0.50725092761091,0.5962406706730953,0.514319014678178,0.5300169915059944,0.5998824636401043,0.560049620726095,0.555702193323602,0.4735361503533403,0.5944904044861314,0.5411530029200435,0.5986549834045445,0.41041737494835784,0.5816608790910867,0.5373960602794391,0.49034271329792944,0.5304588298340569,0.627506335256597,0.596381379318471,0.5508109870234814,0.6582210329437428,0.49154592688162646,0.5730380849351506,0.48024700019813893,0.5405752853073826,0.5117585198376275,0.546671831814996
0.6173990428180133,0.5085328753810354,0.4946764148713775,0.46461891831573465,0.5847594210138856,0.5249304107074673,0.46329852542942074,0.5372870223738196,0.0,0.4754002945985069,0.5425762722641979,0.509613229833636,0.4975021510769011,0.48917619914352817,0.4472083675152482,0.5577280122715903,0.5243640430818904,0.5288994483590657,0.4976758089533766,0.555181547089049,0.5114414189207076,0.5198302626219855,0.4716259720135679,0.4142679867894068,0.5431176144465314,0.4269716334342429,0.42803224876153884,0.48753975377604997,0.4505138672219866,0.6238229185210737,0.5304639356486572,0.5379367151843988,0.4388949457142323,0.42515835162716814,0.5764656595237125,0.4999073088124028,0.5111621669754812,0.6100576931109403,0.4693953215535859,0.42620280185098264,0.4634759287121266,0.5892367411928036,0.49708885159318644,0.5152927600931004,0.4621545682572672,0.446823116794745,0.47125497501209657,0.49739849813212184,0.5197061447270097,0.5473036151917432,0.5231304111411333,0.4945473584124577,0.4535805649665654,0.45265279969634953,0.4999793993172641,0.5476941731099985,0.5550967018557883,0.618605057309531,0.4848595241157661,0.48829889875140436,0.4684228226217481,0.4563971309677196,0.5236462347971325,0.5036035845910533,0.4774672611626924,0.44364977803629146,0.45055947969469046,0.48516180008930077,0.48246751743111194,0.5915605228237595,0.5457388625883403,0.5064951829547605,0.5410219881290941,0.49659791993191127,0.5425957319105372,0.44412504321952406,0.4797224481186522,0.4799963821515823,0.44411309827764966,0.45802472989838106,0.48225689792725324,0.5486370982286767,0.5664997488097638,0.4895258710641329,0.551297703493642,0.5566959357988545,0.552514070662597,0.5220014558355369,0.4820691708973307,0.4842070851246156,0.6179259063809499,0.5169963485983576,0.572318924404058,0.47251027830272496,0.5883980885894036,0.49671371578083046,0.4358936356887881,0.4855944721486495,0.5028007264085314,0.44394431921523697,0.4639374145273725,0.476996261834768,0.463179712912597,0.4726751715218607,0.5854516822434537,0.4749227925710475,0.4515884090697429,0.5113412542399982,0.43293646274618947,0.46289441817980065,0.47202817252769425,0.5595090535965425,0.5153500415146338,0.5711556234686556,0.46501421072280763,0.5033697698036903,0.49855838056400226,0.5315532491567682,0.47229605456669843,0.5181043635706246,0.5814543353579675,0.5144076829876115,0.5023506275154861,0.5085803261217513,0.6123598592332629,0.4537078295828147,0.4779213266589462,0.45476741537730353,0.464153861028053,0.45662271851016883,0.5990798116342967,0.5756245438814405,0.5244683254183047,0.5925616246863358,0.46800985291707214,0.4723440283035211,0.474227946500244,0.44152289630043834,0.4269462245809606,0.5495136520946872,0.44619872808046435,0.557182510929538,0.5452415494907156,0.5948788972739004,0.507883651764715,0.46207182357071874,0.6092050100297349,0.43546553577929914,0.528655926446594,0.41707676792242565,0.5477531708334945,0.5231020418263939,0.49492679634498926,0.4332305748722537,0.5004256865480151,0.510525128106351,0.46913252542461714,0.49157665199442335,0.45544927199584156,0.534791255383658,0.4054418971624616,0.596644907565608,0.48956182978043383,0.6158744056748591
0.5206692323907123,0.5470663736320323,0.5939479578846759,0.510020297109723,0.4906785964774702,0.5129060047989554,0.5407612915526622,0.5728735719361839,0.4754002945985069,0.0,0.5172788342216017,0.5004425614722966,0.6069660122627922,0.5045981516507498,0.4779189760245869,0.6026819986048151,0.5294136108155574,0.5411677559061031,0.44646076845074745,0.4883086309071763,0.5020596162994524,0.4965403966778728,0.5467159995409346,0.4505559661195411,0.6343961865630088,0.49831997729660316,0.46868447658293166,0.49321823284085414,0.5837915312642958,0.4810356464160054,0.49818178112705414,0.5689010628096377,0.4997292074975115,0.45419222361698103,0.4915699215067225,0.49305410084692636,0.5870637669759313,0.5454005156514373,0.44407900157441776,0.5138477653602713,0.49846362846734904,0.48809463794840047,0.5253040601422071,0.5142013001173937,0.5359777354696593,0.5187751046226402,0.5291590610583028,0.538637278816724,0.5952007730881024,0.48660352668629975,0.5299786454451058,0.4874778079319719,0.42906129344044863,0.47035481732354123,0.5653590534710409,0.5498981305116357,0.4955467499304936,0.5216629651044448,0.5682841393849963,0.4929528915786235,0.5074146449798371,0.4444950115176757,0.494318540439637,0.47535874646569476,0.4366356063733861,0.46467140557108294,0.5151399405805867,0.5744890747084579,0.5123576149925793,0.586712798634984,0.5245067054790956,0.5159902004173077,0.4709252421952921,0.5584086275493529,0.49256171584505964,0.4858412038819398,0.5460140964198386,0.5814541141861077,0.4858150640109803,0.4846232531952294,0.5351817902250755,0.45984944517067405,0.6212234607114359,0.5453472566533526,0.502710987612006,0.5490558171208634,0.5137877407992857,0.533378354564358,0.5649758803710396,0.48496235417809364,0.525252714279763,0.4854866663604131,0.5636073664308024,0.45315375647209155,0.537072851639218,0.5853888181928685,0.40239174038892844,0.5154324434458857,0.42332491891140744,0.5178580427795545,0.4829327497904783,0.5283749520754688,0.48982530582896017,0.5967542268097772,0.5017403955643006,0.5533651179606571,0.49955225375278456,0.5723018689127429,0.5408506270438034,0.5206501946752408,0.47475299757736794,0.4875596722523896,0.5304667513848218,0.5201410953154977,0.4958927612712481,0.5067939058562224,0.5167605265485192,0.5669079785845363,0.544645340232956,0.47833208721619336,0.49218690207001314,0.5331991208995991,0.4672037186474625,0.5702323249300995,0.46277134882076243,0.5938015732349877,0.45209166936567413,0.4945457234404616,0.5494711615770002,0.5420847169390829,0.512327550732172,0.5091890015238488,0.5169982815023386,0.4364687328281753,0.452384320389105,0.4537607548823324,0.5085885535822231,0.48517215245480766,0.5159549224290866,0.5354544382918808,0.5474743347454274,0.5104791801138822,0.5077112180693916,0.4935948637309836,0.5449102863677284,0.47700357963176104,0.4843617298813154,0.5675092876708652,0.6315826357473213,0.37924817450550735,0.4783238180592479,0.5450156418910284,0.420202620181808,0.5869319418758248,0.5705159984769882,0.5465060951913142,0.5066754795208878,0.620991528629433,0.5018051144337252,0.5580925043411371,0.5513139377870281,0.5128335964681257,0.5091680314705778,0.4810867455922354
0.5515290191872693,0.5445070642623113,0.6130696242872075,0.5626090656518136,0.6003966756831649,0.48507589479742025,0.5038531304668736,0.5516716298487632,0.5425762722641979,0.5172788342216017,0.0,0.5345909103043767,0.5548359170264207,0.5097470046875383,0.4614324136383577,0.6156663372776954,0.5855970429101747,0.5313356373891109,0.4766692635486058,0.5413928125064329,0.5327426919534471,0.642222558740694,0.5515185524674903,0.4825822292954093,0.5533843760792617,0.47792659952521166,0.5132223247774514,0.5793104728530772,0.5161060543933658,0.5001798308898314,0.4682158715512578,0.4943416844349291,0.47468174396407525,0.4473662317860514,0.5561343538093307,0.5100031746391568,0.5306482004722967,0.5770174006640322,0.47733265426140903,0.5138837855818104,0.4862801406407593,0.571540936203783,0.46438448598634924,0.5062497783073739,0.5084538636708796,0.4405951422450539,0.4226374150383678,0.543770264863192,0.5726111172980134,0.5106939523079277,0.5076151262287683,0.48743615949591446,0.4093051868467578,0.5027113668792236,0.548894671853037,0.480858845167197,0.520891998967222,0.5994740429181591,0.5160125252471263,0.4864798280285615,0.5093905007848493,0.39328736338027803,0.4813354659854035,0.5115696931569128,0.4227891563146006,0.41747001737975203,0.5041397160620791,0.4633587348778443,0.5134100179465502,0.5936766153504419,0.4962434381864507,0.4755121799281188,0.5484873714495591,0.5639800342866845,0.5317372718875668,0.39240317925302926,0.5468440539547184,0.5114213396613113,0.4303240644135227,0.41215838517737946,0.43402564292143914,0.4947562634211271,0.5193817877522892,0.49055905944394795,0.5075976440461678,0.5677720463948669,0.5150649150274931,0.46639747649523994,0.44652243108785844,0.4802337631189423,0.6033353643858324,0.45304289115520413,0.5501870316901281,0.4360798600687497,0.5731136841820254,0.4886636134916788,0.3994570368991644,0.4703808998067819,0.4334799465112574,0.45931503297983,0.45340392659855816,0.4770901472660743,0.4450360480185642,0.4699641436895154,0.4997578298105458,0.47558036554307975,0.44852877166290267,0.5824827176862589,0.4459014312885768,0.5150364268787528,0.5049675572135219,0.5283724464893018,0.5091142245281514,0.5483198790049367,0.4503194221897194,0.5614789961642453,0.4433143532531528,0.5434162305260922,0.5536097183558067,0.4848418646922293,0.5673421090468924,0.4709584245374167,0.4974554603014409,0.48843743138626206,0.49176170737742947,0.47409863850189204,0.4476982566612385,0.4750121167487103,0.5113463291651354,0.4650292458799625,0.5021119894318823,0.5320518747483446,0.5226119077430805,0.5350312240035273,0.5087170550110295,0.4186344204625451,0.4446903801650374,0.47668834164983354,0.5459168607611028,0.49084505949539653,0.44642813953788707,0.5050902218872603,0.5215962462673474,0.5491155803331315,0.5180041104084587,0.45530115121487175,0.5394686346682234,0.41947236585415615,0.5326020472183278,0.4039490813647236,0.5147737322679173,0.4495414425887733,0.5662892008190679,0.4875187991734621,0.5102523780713145,0.513110442199832,0.5859682127775789,0.5115807332440769,0.5102186878653742,0.5018134439477214,0.4010603734178736,0.4855519746104753,0.4401328713980869,0.6628399179405465
0.5039103740776779,0.5648817201409269,0.532861197701551,0.5456431307310579,0.5127904203461582,0.5375949747710146,0.5096959176174276,0.5994291788543926,0.509613229833636,0.5004425614722966,0.5345909103043767,0.0,0.4862278674734225,0.4375621543284918,0.4745074421331915,0.5489584323459346,0.5177022146358805,0.4476050163133888,0.5788790642600343,0.5525250163864847,0.6455277316063186,0.5079675651087873,0.5063449797398049,0.5129880985085274,0.5871902910230462,0.4911977013172956,0.40366718584956696,0.4769805267857666,0.46628680283358404,0.45517935520312924,0.5733752220535205,0.5269874584705703,0.4860283614952402,0.5668621945651191,0.5268840880612857,0.5835622021837489,0.5215930934169994,0.527666587060985,0.6292286656536977,0.46861849819098755,0.5399706885859462,0.5209647689991336,0.501192513398436,0.5962863504429228,0.56580365850255,0.48395260720626004,0.45674541054265494,0.5710938204349684,0.5429857879031994,0.5339628886888534,0.565000844804719,0.5442396963920477,0.4181036897118249,0.5726332253348506,0.5980060151065021,0.5391878658829308,0.5624756379197599,0.5969064821724875,0.4925962745888836,0.5162394365038668,0.5342678709537478,0.4301356247359975,0.49167948247090254,0.5013833357629612,0.46344956820006744,0.46723928724306485,0.5199564204095557,0.4554122447120803,0.4072235110878284,0.5098602303480624,0.5358068526360306,0.4736133537522072,0.5071490846699168,0.5506245912808763,0.4850790247364553,0.4209604714708733,0.5630438535233543,0.5144290548312294,0.4885532039014219,0.4521899849158426,0.47508663014114866,0.5702367943217056,0.5258759337490989,0.4701335700378566,0.5899258705870831,0.5867997408165383,0.5507832583746118,0.46903431869674433,0.47420177418804466,0.5701492614170595,0.5142273748997349,0.5672691729790739,0.5394412897694563,0.48600144765871256,0.5545274560614318,0.5303176763273277,0.4805606935523438,0.6089587730926176,0.458799510527304,0.49550338556385365,0.479271242072477,0.5691268642559616,0.5151900721536906,0.5384035726276599,0.5254870406628579,0.5211711103712138,0.539306106995196,0.5331410719856744,0.4664991767162065,0.6109710413801015,0.6539803927943415,0.5875243747401564,0.5221278083693306,0.5014730788576233,0.46011288391260624,0.4928549064378986,0.48722107971525647,0.5252903033345797,0.5671556742771802,0.4516592898117189,0.5463981512644891,0.5048468778803383,0.5556595070370656,0.5514772199126787,0.501982066636574,0.5223499208671246,0.48623263760193575,0.5478861598615947,0.5884674643043156,0.45013578056460246,0.4672212259136414,0.5599042429734953,0.489013551917056,0.5741538345478457,0.6118151498026358,0.4382095088357462,0.47827565087482377,0.464520442921144,0.4772768881943088,0.5812431644110587,0.43460631434075,0.5137417697309792,0.5804127219246864,0.5997302892792609,0.5833225330083027,0.48447771138537915,0.6441502423258041,0.4469147237580882,0.571540531414592,0.41102545384770167,0.6166389050684865,0.4653399676001697,0.5035209385604611,0.49011740422958966,0.6468144052210251,0.5598389254327253,0.4885127021128351,0.5689022062699713,0.452910125087747,0.4995018760531103,0.40392689428466544,0.5092942403366179,0.5106944531501082,0.5552022299525089
