0,1,2,3,4,5,6,7,8,9,10,11,12,13,14,15,16,17,18,19,20,21,22,23,24,25,26,27,28,29,30,31,32,33,34,35,36,37,38,39,40,41,42,43,44,45,46,47,48,49,50,51,52,53,54,55,56,57,58,59,60,61,62,63,64,65,66,67,68,69,70,71,72,73,74,75,76,77,78,79,80,81,82,83,84,85,86,87,88,89,90,91,92,93,94,95,96,97,98,99,100,101,102,103,104,105,106,107,108,109,110,111,112,113,114,115,116,117,118,119,120,121,122,123,124,125,126,127,128,129,130,131,132,133,134,135,136,137,138,139,140,141,142,143,144,145,146,147,148,149,150,151,152,153,154,155,156,157,158,159,160,161,162,163
0.0,0.8651120995756276,0.7768844310164926,0.8377728373007235,0.7780885367247142,0.840074670501026,0.8652196908493869,0.8897227221745077,0.7574454340742439,0.9161023227474819,0.9340745870149184,0.9618490575085679,0.9583318694471284,0.7535704580989544,0.8613936026633902,0.9342575095647743,0.9501830025775498,0.9621096093299963,0.9270594205850506,0.9180268122253512,0.8945363545986961,0.7889215712409775,0.9434059364787026,0.9258275445476974,0.9766896071015371,0.8217997952499854,0.8653660898681085,0.9388049198291278,0.826593486034887,0.8933644008183946,0.9265102332294726,0.9442075329404237,0.771616063454144,0.9425216261022352,0.9331606919439505,0.8476880526146668,0.9463114675066477,0.871195949196616,0.8571300574236047,0.9011575219684455,0.7983905120012641,0.866035832714994,0.9171948005421047,0.8716555623489393,0.9312246484101704,0.9635198094904381,0.7881272649891775,0.8817674871679921,0.9467211920560091,0.9065788215923274,0.917242751517008,0.8330912671373185,0.7834528492371077,0.8411275020482988,0.8930879231782645,0.7628238629510719,0.955032141571925,0.9166064570034299,0.872666882056902,0.9383808483328239,0.8476563921229691,0.7020541016006526,0.8317598592942999,0.728403395580983,0.8584601803424197,0.9122964208966791,0.8429633001587683,0.7449749938638246,0.8309045682432555,0.9194026899702261,0.8056099097922818,0.8672055411988038,0.8328650744048658,0.9419426335667219,0.932663516679194,0.8915226036561256,0.8684003994173,0.8239975952387136,0.8398113629079325,0.7843497284397074,0.744767675886757,0.7952483939489574,0.7982716131148134,0.8044846425370877,0.9085552595923563,0.8445133008133825,0.8907657788004494,0.8750707680846174,0.9483406746257471,0.764194731104731,0.9106808242897398,0.8150159384553192,0.9035643374225804,0.9108774343194996,0.8013010305323116,0.780989879328583,0.617865064630342,0.8020359674302494,0.6875930489612977,0.9425419155529807,0.8050712224195555,0.8868329629921627,0.8325957601088977,0.800057334331679,0.8824827236473003,0.8838482697843743,0.9169263643163015,0.9000881451043358,0.9120246046030331,0.9412279697761504,0.9414834562703083,0.8792737781119837,0.8864290147031807,0.8910020457303202,0.9042345858356832,0.9374445799383324,0.937379762901275,0.9224665587024664,0.8292018908607331,0.7264802997103739,0.841245269469127,0.7270619594309643,0.8537378476509525,0.8994449237471869,0.8194427791365888,0.9056282732222892,0.7634753263128689,0.8802560460757995,0.8706299921838323,0.7814197785660725,0.8121173572076071,0.7545881436462285,0.8321720641428029,0.7619498004402084,0.8922698944514992,0.7556012731535052,0.9184078453052952,0.8798915388768367,0.850932617528974,0.9478162635001375,0.7184271199519391,0.868591147445314,0.8655463692278512,0.6631001380707868,0.919845277547776,0.88333570932556,0.7294241481217961,0.8173739886400809,0.8982824893937955,0.7051956934863631,0.9443305853839254,0.8250008764035919,0.9242472354409446,0.7930179656700311,0.9264991391503595,0.9142212576851243,0.8969447548108627,0.8964478339200691,0.7704314677059355,0.8608107221596879,0.7521316188044161,0.9236933556178026,0.874830345746946,0.9404476893358903
0.8651120995756276,0.0,0.8101658815770182,0.8904307477296856,0.7719345641813418,0.8631877794744583,0.8792504924762634,0.8538723039147651,0.820426711526986,0.9189625287152877,0.8651336644791117,0.8846468844244666,0.8886320303372761,0.815911530378357,0.9414868888715024,0.8047557982555462,0.8218337939091627,0.8486194069984884,0.802419728670327,0.7635060382168869,0.8186893152591099,0.9098649853145393,0.8047877274108194,0.900654731908646,0.8294192612307604,0.7424386789048179,0.838042285259958,0.7964101506182721,0.8736457972074124,0.7955107804031375,0.8781849362368526,0.806083436869337,0.8993253564185075,0.7664436090716633,0.836829327146066,0.816042152634461,0.8531203670246764,0.7669397204664652,0.8641735379655026,0.8932740391694411,0.8373114709089012,0.8653814564722542,0.7332832685039349,0.8215074178539393,0.8348184233777121,0.8431171777770227,0.7371665470174367,0.7901370869472737,0.817459811036556,0.8056220939205944,0.8532334512702763,0.7740910986047406,0.8603602690625103,0.9044765255900046,0.8312012751669483,0.8308585063363615,0.8179775851630573,0.826901385096585,0.8163041260200564,0.8745790646446863,0.8713789963675,0.6885065433452576,0.7388855769869376,0.6440112020591069,0.8084704360495588,0.7680599265010736,0.8933131275275107,0.7713545020749348,0.7067512458350663,0.8318532116909667,0.8240054200186121,0.7628577150962944,0.7328902072154585,0.890897257903523,0.8663305826661362,0.7642686320955089,0.8155064035975746,0.8225857744743506,0.7011304029747577,0.7208579955801188,0.7375151536036371,0.8659476196145621,0.8621310664689682,0.7245489043300121,0.7384191750493012,0.8152032863785197,0.7572077770199235,0.7544476900197299,0.8154610502208204,0.8969832639782489,0.8339001197791148,0.8598713728497053,0.8401385501676848,0.8060380694003643,0.8683639593033274,0.8531060186004645,0.665941127441947,0.7176486844227005,0.6531994903506609,0.8906706896903113,0.794807596356747,0.7558067655347371,0.6950784849065869,0.7370068514700496,0.7611429683550415,0.7687583640573075,0.7887792447626158,0.7697107252609596,0.8820486226588891,0.8986344964458454,0.8497822126251652,0.7301249893958358,0.8573559735759088,0.7995952394830127,0.7879580663517638,0.9085564630169563,0.77044780387456,0.77006668007523,0.7600271976003025,0.7588818426053442,0.7982371087860085,0.7135518873330843,0.7090982529229375,0.8798885798816588,0.8174328355936494,0.8863732150152241,0.7721105751436927,0.8842367725082311,0.7733354403594592,0.7876108359151163,0.808854665475637,0.7317188417370216,0.7597144701978034,0.8668001028817336,0.842542326512573,0.7757555428338387,0.7826643634763388,0.8557653582945947,0.7639359570226087,0.8357230312144143,0.7809849645461235,0.7969167578292323,0.9284372217567674,0.717344092739077,0.8313438925806576,0.7292194526268048,0.8158090798410264,0.8688778312913857,0.7577966584164456,0.6227752386072789,0.8022945726283249,0.8125163915228304,0.8596703881271672,0.8553401245155363,0.8306192553187541,0.9000327715181314,0.8641032754694156,0.8840876082628205,0.8294170189169006,0.7574762552561517,0.7776154283568588,0.7953944821391138,0.8838966318633424,0.8892661132435953
0.7768844310164926,0.8101658815770182,0.0,0.7400251718419257,0.8957295901327877,0.8525633755879746,0.7150390577778882,0.7848924429355862,0.6842059694325768,0.7558796935699301,0.8011763095438998,0.7872959759592817,0.827727501031649,0.683819996322356,0.8152554155402972,0.8396326500340159,0.8229290683125527,0.7681068415456741,0.6778894498833317,0.7182686823030888,0.8969122589976105,0.915491201715053,0.6782956566899351,0.857814527044337,0.7267882379958864,0.8869987882330493,0.6664992770677454,0.6651785920482112,0.7571218857144768,0.7201309272454562,0.7052759571881487,0.7112351650435731,0.7916373997593112,0.6754552511012168,0.7203169062002841,0.8213013404184557,0.7983168684124992,0.8139865276225366,0.7520448302060885,0.811037720136203,0.882530229111839,0.8557527194426139,0.8018309920206872,0.8563448369938352,0.7764850464549499,0.7973380549906147,0.8969229242905954,0.8754804633456007,0.6890516127324601,0.8458077675331512,0.7943379125903065,0.8977239514892454,0.697127727612589,0.8220370894439789,0.713474064873922,0.7983243843820264,0.7528989886254209,0.858138789791886,0.6840315757779843,0.741021804023009,0.7315467544080748,0.7532331001025028,0.8812391793761684,0.6824883280303924,0.7612807533632535,0.7555505118953486,0.7403384278767376,0.8824822768281134,0.7677210667089106,0.759511505650193,0.955338494474445,0.6665208832892888,0.7112880401636108,0.8354284956209377,0.8124166982776687,0.6080551930622508,0.7297313996430492,0.8344953191711558,0.7458180865396543,0.7119881646940913,0.9183402588581744,0.7992477195226527,0.8265328359010775,0.7786928961983713,0.7393785840649264,0.8523229139205489,0.7093095153033062,0.6354475496387572,0.6640858201557188,0.781881918966251,0.8833803254134844,0.6810238821856089,0.7472760577463605,0.6699647392021015,0.7780804075745501,0.807747266929553,0.6609222292916715,0.7327321997114394,0.6456280049308613,0.7418564300419969,0.620400546280033,0.7094368441363573,0.6829868703183981,0.727140789870471,0.7307564500465539,0.8702476429214107,0.7968246285964629,0.7549682920642593,0.8517748138690676,0.8704668722488363,0.7523151241168549,0.7845834494212298,0.7955637378844541,0.6444912052905772,0.7787748355586167,0.8768597082110997,0.6695621441860925,0.6749077489831082,0.85224385357489,0.6929763105109996,0.8893781100813757,0.7249445975446334,0.7456321430449419,0.7902275095335337,0.6568094596748119,0.7891027882227855,0.7724024793077332,0.8613504054742261,0.7902087395681217,0.8303155060180333,0.7340060595363639,0.9162722214186801,0.6157907471804922,0.7558144113796885,0.821223095568106,0.8898353836457615,0.7797356386728496,0.8186995628237836,0.740572818338152,0.7224098532114436,0.6579096253911055,0.7837564068343442,0.7188912913085699,0.7210036336722367,0.8631525638618969,0.750178922159507,0.9224974693983504,0.7935082858309912,0.765482841643454,0.6927697324971347,0.6812419025596255,0.6258227336221472,0.7542103417758731,0.9087254941791771,0.8274758610774291,0.7922665015994013,0.7003520096928451,0.8877209724344284,0.63873780736585,0.6443892662139737,0.8190248765869212,0.6532782494726177,0.8506462478837367,0.8444502892002053
0.8377728373007235,0.8904307477296856,0.7400251718419257,0.0,0.725282301000012,0.8098666983050846,0.876593092112463,0.8204384946585366,0.7027207580657886,0.861666652689491,0.880357101590055,0.8436274611562403,0.8474691337767921,0.8180930318353676,0.9203657339376784,0.7664196675984235,0.799787867552101,0.8419851636824324,0.8198168680789033,0.7303373722677863,0.7909446691300607,0.8254678672696683,0.8034388328196751,0.8446153863523743,0.8182056652887539,0.7475778616016197,0.8259244582913048,0.8147171524506128,0.8725745376262328,0.7247557012406444,0.8512013298845541,0.7912050716992325,0.9495577488911963,0.7728140527064217,0.8596793492114245,0.8474583289572653,0.8299999422837342,0.765001963313894,0.8509523123869208,0.8768513325614438,0.8473559924616203,0.7524788348028454,0.7450308387874849,0.8533155988226371,0.8125930837988905,0.810219944711031,0.6570494081444874,0.7982625598319489,0.8242738063413895,0.7926512071981439,0.8789116779607168,0.7662389990890339,0.8490061011930864,0.9422018022280744,0.8946990653706043,0.6859784131921713,0.8108397940765184,0.8085932231510281,0.8448203420194911,0.8506032957599952,0.9017510028498641,0.6674152636732079,0.7666829842344985,0.6381624788967397,0.8091882283813198,0.7787033448342184,0.8863093607345905,0.7100867607319292,0.7220147011765239,0.8501120565723714,0.7714841347375592,0.7847264044685827,0.7793924950182645,0.8863565624136307,0.8442504115877949,0.7685218324005,0.8206547934387204,0.7775118883920452,0.7128483354976772,0.7014411971578167,0.7088422340322212,0.8416121965173164,0.749443967679475,0.7393883440286928,0.7644046740610927,0.749273981923107,0.788645347336009,0.8014894897958168,0.8061504680338978,0.7371623287770928,0.8409793391490773,0.844120700793675,0.8537544135353983,0.8113976407989955,0.9063110096342982,0.8120163295263588,0.6633711956231407,0.6999965072535547,0.6536125387393454,0.8907051962840484,0.8248191119840156,0.7838178760902715,0.7896108835733215,0.7610583427440967,0.8079670319666483,0.7164944711166401,0.7879068993456333,0.7354197423993464,0.8446872927814846,0.8111513347824917,0.8755190443477832,0.7559336781521994,0.8971616795809078,0.804732802223038,0.8195608233343269,0.8339763682671673,0.7757445254375912,0.7654758474181415,0.7986016010799506,0.7641209436479376,0.7502706917689138,0.7973490587423492,0.6928574851114876,0.846126028078046,0.8281122461599778,0.8912112527771443,0.7487883794507257,0.7998683905562746,0.787998350742775,0.7738687091658917,0.670879348795698,0.677040890226472,0.7849362127858793,0.8611364960528046,0.8258925160461607,0.7373678184195143,0.7130218175420059,0.8598947226903408,0.7624103077979818,0.8212196016205179,0.9134698582636311,0.748589229497517,0.8887695327271479,0.747456357635957,0.8166582046171877,0.7227691392541684,0.7076578734189242,0.8072364232819194,0.7186323831024337,0.5875641144250867,0.8515462862490379,0.8690650864858513,0.8371597048502045,0.7307452000938516,0.8247372087763767,0.8499758661420592,0.836385462658407,0.819857472555947,0.9324152741250107,0.7933919741602692,0.7828252199409943,0.815588261428082,0.7922366667824453,0.86348977756154
0.7780885367247142,0.7719345641813418,0.8957295901327877,0.725282301000012,0.0,0.86950095927568,0.7976547784744052,0.6902172598836945,0.6430511793637547,0.7594816749153357,0.8497881453254303,0.8135089791790447,0.8167439666797877,0.6503829404631563,0.8186694633068514,0.8708151939177221,0.8181658047698708,0.7459068267859177,0.7022357563698376,0.6656934485572006,0.8649466940783519,0.8623241493837109,0.7030881264060713,0.8496050232914363,0.7323961031212157,0.8346897334704447,0.6633185198441269,0.6687334385587916,0.8207715956211751,0.8199442945733155,0.7098476660981121,0.7714038777341276,0.7589913197769041,0.6755666065886231,0.6829682139707933,0.7320824967987407,0.8393079323736407,0.7406358183606768,0.8021264316642308,0.7983166810041152,0.7948337032132504,0.8415017176151344,0.8034510455833582,0.9068904136279102,0.6993423207837833,0.7695694252760126,0.8772049153523034,0.921006774571717,0.7387745623265148,0.7880811614131443,0.8479864029241674,0.8280902511564039,0.703669668442864,0.804058676689662,0.7706307710795943,0.7568534208531009,0.7647056615050859,0.8822461345077784,0.6663155456601506,0.7344288005247346,0.6967158451606714,0.7595552738698518,0.8292643616187323,0.5940526448321853,0.7364306054094449,0.7136493814686087,0.7003237471991891,0.9102745718408558,0.686897924891955,0.7275695179188735,0.899408363443665,0.6553011829456028,0.6430943608707345,0.8300093521970461,0.7502669850708837,0.6680853714561558,0.8009968079761574,0.952141549727834,0.6748603926434281,0.8806667729129675,0.9112576528946491,0.7286736145551115,0.8987358265129644,0.6823225527781759,0.7139480734111481,0.7219639497898748,0.6904919375247222,0.6648630299255605,0.6747377124918505,0.7160696547798405,0.9159816859814374,0.6742247897407979,0.8326691820726925,0.7071519033881344,0.7470167167926379,0.8133467932526209,0.571165764737612,0.64519919657245,0.6233364766389433,0.7044445289372595,0.6647178211777317,0.7247491215470331,0.6514770910790574,0.6649320721686357,0.667885210213646,0.8069011027004188,0.7609976964160219,0.6993387790390795,0.8322149718760581,0.8659577501781222,0.803995120980474,0.7299495892377925,0.7629731740682253,0.6566202187888145,0.73679433982883,0.8397520494277648,0.6780482849214894,0.7425253369243398,0.7941972268011888,0.6365359534317088,0.9234810355513587,0.6767337183814444,0.6895328427139839,0.8826878099771347,0.664560888142033,0.8389456658620619,0.7112540641869158,0.8640840806895803,0.7190370252991157,0.7507962989751821,0.6814815417747427,0.872281215761871,0.6484986611134007,0.7080708275361098,0.7287622997094613,0.9115629903662418,0.7842855888647404,0.7834879744897024,0.6615972265098278,0.7666202070827494,0.6412538045487023,0.8397062991761914,0.7184000636163991,0.6366726713894387,0.8781007277874634,0.7018199174941385,0.8549737139411353,0.8771081092247962,0.7027832856917574,0.6363600114399163,0.6798366183230132,0.7012628817609355,0.7387936784404369,0.8326405776332708,0.7925469899078784,0.7566976321553331,0.7466722241391203,0.9240791780858845,0.6581410080604826,0.7453061202248981,0.747198019385541,0.69134605047315,0.770670466906976,0.8837576608666556
0.840074670501026,0.8631877794744583,0.8525633755879746,0.8098666983050846,0.86950095927568,0.0,0.8129353328206641,0.809247088282407,0.7935102728175286,0.8057210581808101,0.8537245229271687,0.9046495065593998,0.825322886377051,0.6657586518545282,0.8504916944270279,0.8358891015964407,0.8135290598230663,0.7556478831857965,0.8021837636510745,0.7140907449579974,0.8810008292369328,0.8746204937426515,0.7183093185416213,0.8350870567941255,0.7991268109775711,0.7607284854062987,0.6817158454885704,0.7176436584453999,0.7893248771518819,0.8354763497577972,0.844502203922552,0.8222002154860409,0.8201635047078998,0.7273555078039693,0.757454992460112,0.7960633605108136,0.844191976238823,0.7474890361397785,0.8617459053902562,0.7680795497250684,0.8012219136596155,0.9216776092229542,0.785706039182738,0.9086673658273585,0.7507135709449749,0.783038313495874,0.8047770365156134,0.8669650441229471,0.7498181803190632,0.8112921309787229,0.8815785719294519,0.841141647861854,0.7809982962780019,0.8844265598584671,0.8051298960208367,0.8440647891837872,0.8038295701425114,0.9387276085795551,0.6926113109619271,0.7796791648339838,0.8048150799887159,0.7834313741647246,0.8483553889271249,0.5979981593797606,0.811095662122594,0.7606422291298051,0.7484341153349431,0.8323675210079149,0.6671206265414861,0.814869655544892,0.9010372346307557,0.6598638504727626,0.7247414847537959,0.8523196404646078,0.8489169340783679,0.7117747909194367,0.8014373641118782,0.8478374529477538,0.6886063092489706,0.8040614356431626,0.8793846619438681,0.8913586971504434,0.88162692234155,0.6995621399449361,0.7637721524539023,0.7661960510503032,0.8130702162986533,0.7127502464253164,0.7406542575880709,0.8036459674811874,0.8983127803990268,0.8414666635674444,0.8302120192009618,0.7640475509671342,0.801570621632596,0.8740165021376477,0.6921306439650022,0.7212788086895952,0.6758791706246962,0.7767763145153688,0.6915775884189498,0.7818500291181574,0.7162482560416409,0.7299050359885582,0.7648218169323256,0.7774964500807546,0.7976733899897567,0.7259900358443546,0.7943014597322872,0.8790990617866657,0.868245038219276,0.7500733188770574,0.8757444043240812,0.7297919098336348,0.7498031819563653,0.8513580750420753,0.7453183027035527,0.7466780307422337,0.8070901382499724,0.7149845356844423,0.8178555326735995,0.7649257283713177,0.7166937160184969,0.8864541008152809,0.7963562628455788,0.8580290233082075,0.791516252119921,0.8718684645195101,0.7511593686693756,0.6904335215721534,0.7805915029186837,0.8677940555472404,0.6858146562026568,0.8769851900918674,0.8035810975571263,0.8112825004819494,0.7725629345760306,0.7534461290533727,0.6573192031231427,0.8196884535938004,0.7047156698143493,0.8520071107488097,0.832694875102624,0.7517010951631766,0.8446401159697405,0.7332107753466558,0.9047469375953717,0.8343046418185742,0.7373035852776811,0.6467940221739097,0.780385634985435,0.7724122453726932,0.7941640368653862,0.7760041603568247,0.8523632891927944,0.8264381269414732,0.7645452781897917,0.9192103430144246,0.6957275976389871,0.7572338164434664,0.6897519340868901,0.7795230046947469,0.8848672682173003,0.8961046881332794
0.8652196908493869,0.8792504924762634,0.7150390577778882,0.876593092112463,0.7976547784744052,0.8129353328206641,0.0,0.7461738456073498,0.7209969741108445,0.9263987116338483,0.9094549726054887,0.8755802513389213,0.8809573087987974,0.788611523286262,0.9309879551310508,0.8161853853934463,0.803914466406912,0.8469080130658257,0.8219657407420166,0.7095450931767058,0.768093224591404,0.8174311504559524,0.8569521127580834,0.8630149198792268,0.8454427450611599,0.7139826813035979,0.8557500927895318,0.8144414242525367,0.9200355086997183,0.865498450338986,0.873390260995595,0.8881062421804642,0.8361854010130839,0.7795214306206156,0.7975807844181043,0.7328903367439251,0.9062277241945151,0.7007750120368982,0.8893476860968299,0.8808232717808645,0.7301164826612176,0.7990536913056916,0.7559687607228067,0.842200115947178,0.7664620952199583,0.819537645728988,0.6972552090971854,0.818731912115405,0.9095589726667406,0.7572106665699365,0.9146870707593124,0.699492550073878,0.8291430327571333,0.8615371108266248,0.9249755115168625,0.7270901245166711,0.8241603382231818,0.812205001238566,0.8469165530021454,0.8613566077814593,0.8312560704543293,0.6810220393315387,0.6970300826639445,0.5824705529564466,0.7891518658842465,0.746528850975622,0.8705147209592654,0.783600277162886,0.6805123681323737,0.8142554197421401,0.7650046395880203,0.7784266871638689,0.6907751480582035,0.8934369801000843,0.7753219213415363,0.8747105380747204,0.9176693043047306,0.8898506115264789,0.6482323624731281,0.8303789254588894,0.6875793000204867,0.767646690170853,0.8615393822848522,0.6441585502627882,0.7220466877498278,0.6771097553944919,0.7614669273219631,0.861960709430619,0.8475159441542748,0.7562163432591891,0.8513962115335693,0.8307419014351711,0.9319933958130248,0.851811102825639,0.8351853389559262,0.822143309416067,0.5668142821281834,0.6311807810641936,0.6234403521588385,0.8585958925482884,0.8778183482863714,0.8131593612855353,0.7072273924066351,0.6793123762953415,0.7124844227193653,0.7127868392775348,0.7621763023535632,0.7093731918442766,0.8587129734670673,0.8563833672888664,0.9070438871741539,0.6974118561847442,0.838225392502179,0.8263211537409845,0.7524873190272918,0.8278951012199096,0.7792664877414797,0.8804647679779207,0.7138581171269054,0.6818658662270075,0.7894951097068017,0.6847154255764679,0.6547236343759435,0.9488367366463977,0.7919124401191027,0.9250628272858888,0.7086830283787372,0.8550949452464867,0.7057833545866761,0.7390482019987272,0.6983372045414498,0.6673618105638857,0.8263900481646422,0.7416292875471164,0.7477198787805227,0.7606627623164076,0.7619417828951424,0.8257367865575775,0.7054331777003976,0.8854388234658649,0.7821242006041859,0.8247394162100724,0.9047741596403269,0.6367665595615932,0.8345373056626172,0.710852071657186,0.7004014725044164,0.9161444519081196,0.6996103821758702,0.5513367277363826,0.8178592394079354,0.9117381964663248,0.8273587956610912,0.7717304627964605,0.7808223804436655,0.8641368154165614,0.9234799531099355,0.8709741702468126,0.8798524398199308,0.9117881261818903,0.7285511390973298,0.8333772811022545,0.7692360692186347,0.8897562002043341
0.8897227221745077,0.8538723039147651,0.7848924429355862,0.8204384946585366,0.6902172598836945,0.809247088282407,0.7461738456073498,0.0,0.826511135802172,0.8495598620576664,0.8265869540239784,0.8697742269676657,0.8888707634750304,0.7389964214017015,0.8389626040355829,0.8246382389607217,0.8269736500604723,0.8722293948224361,0.8109791676724861,0.8554500225001717,0.8168916198527364,0.7962945728340668,0.8065501819772997,0.8382020708533321,0.8735347567376797,0.7882109205282429,0.8248789268293165,0.8252857960953948,0.7397342837330277,0.7666227699048492,0.9068405218281611,0.7979763934108417,0.7991303580455643,0.8251107564878825,0.8687241733960729,0.8505631420488047,0.8605243640321617,0.8684858189376679,0.7983298676668394,0.818185645639312,0.8031490473077791,0.8046583594336524,0.8233951449535177,0.7791899782238878,0.9326403770946118,0.8828682680114734,0.7276784397643986,0.7897136036595798,0.7918989065159431,0.83915348131096,0.8010994972223796,0.7921657530889741,0.7190811049914096,0.8097521409049829,0.7878206575470416,0.774169697800907,0.8294244026929537,0.8523632346162793,0.7735171380586673,0.8489900542347271,0.8710135843974424,0.6824637504732257,0.8016062681960058,0.7123520243022775,0.7775159101192307,0.8395597563983969,0.8429101101897711,0.7251282111807063,0.8140529871135646,0.9525044841024143,0.8099329765784121,0.7823151786178081,0.7920131706648904,0.85660601175101,0.9152737157057794,0.7485740063913942,0.7634172825767647,0.7220435453732196,0.8344099946716951,0.6460968136645284,0.7060338961776736,0.8341221351177708,0.754574889713562,0.8478422469700709,0.8073603547033938,0.9009826765513682,0.9138423252157879,0.773263190948598,0.8587968376435919,0.8424409060758513,0.8138506046265271,0.7953327093473429,0.7658099621885018,0.7763637870467422,0.7593098468811845,0.798681278082198,0.6992253790281543,0.806583269968018,0.6474397975353949,0.8878478457476034,0.7371534825480196,0.8400827789643925,0.786413033066469,0.8143614162923215,0.8691911986585112,0.8381636349563106,0.8407104460117863,0.8452895193742355,0.8320330969322438,0.8426387960729104,0.8019308927883915,0.8117514986762279,0.8476408951498294,0.8453685227639517,0.8505186992399663,0.8784285445530916,0.8048143192464311,0.7660298007487498,0.7688480446887875,0.7718824053744314,0.7464113662314871,0.8296692480249234,0.7792737267453016,0.7861124525914956,0.7431284351985564,0.8338055532400889,0.7385823222362075,0.8612079950577631,0.8292165730575055,0.7939381946542347,0.8387825943977903,0.7392828604035203,0.7830624732496043,0.7971208972145659,0.8990908284995306,0.6874572613411365,0.8272949743116446,0.8302654782311607,0.8404070814657012,0.8542321437009378,0.7505951880508872,0.7564156978173807,0.8051441568084144,0.7052942202842436,0.8333214859928768,0.8211029325449456,0.7699843988348305,0.7494082891599422,0.8538877195898023,0.680351118337377,0.8766371652207918,0.7156559346694548,0.8359792361041735,0.7852648555891284,0.8812403859520531,0.9346292829707044,0.7936386477623796,0.8311483577650385,0.7294474795872712,0.7082261426690626,0.7387661568746545,0.7923016014992312,0.914438562125581,0.8326747805991136
0.7574454340742439,0.820426711526986,0.6842059694325768,0.7027207580657886,0.6430511793637547,0.7935102728175286,0.7209969741108445,0.826511135802172,0.0,0.7891673105272542,0.6930505805070348,0.770626625705389,0.7371943302214305,0.6627272614810414,0.7600238340915648,0.675465803459326,0.6605312730105249,0.7022757569713904,0.7018712193562745,0.6748604626743284,0.6710803846057968,0.7620865938651774,0.6740130872843674,0.6962536113859539,0.7407357127416135,0.6001828007727937,0.7154857026749891,0.6727491910489728,0.6558935509075703,0.7566335656952409,0.8422805715468453,0.7181738700846234,0.7084096359248716,0.6628824293446038,0.7014296854690142,0.6597434543492418,0.7396266589977077,0.6466437459832416,0.7201412972039509,0.6670061541106334,0.6310816929460528,0.834773874364134,0.6352620181058949,0.655058334457069,0.7175410702300047,0.6938915569344853,0.6551105517501031,0.6402397714638572,0.677972770033258,0.662717232235355,0.6951012904233528,0.6358862460707609,0.6874976419504023,0.7035715806790779,0.6678782982372318,0.8684253822403449,0.6772763159406996,0.7351188334787749,0.657490453041766,0.7055065418288122,0.7508106571985993,0.6414444968215767,0.6287611793803186,0.5580715776852827,0.68489889876395,0.6512036815364329,0.7432550138687412,0.7089678317812813,0.6213621593716847,0.793911820008451,0.7259186730811098,0.6169648029640322,0.6520766708240935,0.713468579329586,0.7464562679160867,0.6808646981672632,0.6849657591047584,0.6648131331343293,0.6034819207495064,0.6052057065395319,0.6230282831120338,0.8261996111587417,0.7833282673737801,0.616319111235509,0.6296508275996093,0.7153494502252002,0.7742937624504582,0.6875277910049841,0.7335368787094732,0.9009338268585014,0.6912580422497635,0.8368439596709318,0.6691904398096582,0.6707537564909747,0.687408033472939,0.7875306171941496,0.6548159307219839,0.6673404622906496,0.6018022391417865,0.734708003664485,0.6553886797773885,0.7025199106672305,0.6205437041945938,0.6677162121585772,0.6771692482353877,0.6552304552724584,0.6538953902192715,0.6730867726051298,0.6715867281076506,0.7348553422048081,0.6972722959074588,0.6146776279921187,0.7453897549346895,0.7498192512522167,0.6278418408079321,0.734322587041273,0.6695788820734256,0.6711377008031155,0.6074702375182052,0.7168561502454518,0.6253010530897675,0.6933900984666084,0.6124594344327298,0.7236543214140219,0.7254278139814953,0.7099917484553799,0.6873039371678137,0.7649949204943313,0.6234103440827098,0.6225789263267361,0.8975324948036669,0.6619484214422784,0.6775342489803462,0.7711001530417064,0.7027319689935295,0.6009823434747328,0.6853743794407473,0.649314777857421,0.624435201684509,0.7372218015109667,0.6550740364541784,0.6941999948061602,0.8003476209272321,0.6708362002587248,0.6646806403166543,0.6707250758176662,0.778857043532949,0.7066062483683971,0.6805525604206972,0.557623157727081,0.7136929704194391,0.6780422556093239,0.7064740673896481,0.7235603520168254,0.7090861741510648,0.8184046890995533,0.7133009496030143,0.7458614444318766,0.6507193637077456,0.6471724002632128,0.5964084535518057,0.7018036222361766,0.8483989214991724,0.7205122050662953
0.9161023227474819,0.9189625287152877,0.7558796935699301,0.861666652689491,0.7594816749153357,0.8057210581808101,0.9263987116338483,0.8495598620576664,0.7891673105272542,0.0,0.8858842228632261,0.8989473046752092,0.9259205378310851,0.8156940038539984,0.921663964564348,0.839678907020447,0.8356771535014187,0.9163229752461086,0.8203049928607078,0.7907329844609442,0.7843608373216316,0.8195504532122635,0.9020612369432679,0.8851045423106382,0.9194685203100432,0.7610435815024985,0.9175195317241395,0.8538916292796728,0.893764750009968,0.856424893734841,0.9211229927437858,0.8678259481862293,0.8364833235848731,0.8319694054247704,0.8775411953847934,0.7866213105975697,0.9287670169140319,0.7833355200598132,0.8260699354274085,0.9030672530223803,0.7715082056992302,0.8377446093476956,0.7947641099473343,0.8210829459181301,0.8694593799522405,0.8776675588427622,0.7494891979549153,0.8120718958223306,0.9099034733064549,0.7873764957788245,0.8561988780891429,0.7379340420269878,0.7656259138398885,0.8232211001164642,0.8698033879162512,0.801534853322676,0.8279531294949072,0.8309576045565501,0.8625630765108712,0.8759408127138144,0.8228283628760229,0.6593701290569854,0.7171842569344951,0.660246628181209,0.7626473955555856,0.7721440856815507,0.8849673951750182,0.7813190494708988,0.7775967866342879,0.8906191083517102,0.7737966913562538,0.8304070596437009,0.7318218367438444,0.8884087471016562,0.8273099485267535,0.8607207215452352,0.8398577368209907,0.8448060854646215,0.7297277566590754,0.741516956957435,0.6903938241961476,0.7720252219159678,0.8487567781277083,0.7332234166364457,0.7561333599956556,0.7884373284150314,0.8083060987691362,0.8511102016769487,0.9034224276394871,0.8268642403631653,0.8537292164598634,0.8501302467591674,0.8685211242087223,0.8169243684830125,0.7986124011398288,0.8645710665010595,0.5678400147359428,0.7325767538315044,0.6464872011500133,0.9142106072612962,0.839497152042539,0.8030618142880431,0.7603110196565871,0.7867925005119228,0.7663253927544491,0.7859362626734503,0.7822448358688783,0.8196136163852757,0.8971684564836885,0.8889938107256095,0.8661583021259617,0.7476151328937072,0.8420418691135414,0.8605464531440375,0.8105325029499851,0.8894695191978544,0.82873832147705,0.8660963097014565,0.7484232334657515,0.7615778155798123,0.7767914523779476,0.7236125321078422,0.7230000660540407,0.8914556871109104,0.7832892592608669,0.9205660605054362,0.7070706279739377,0.8745980642483601,0.7825398197772914,0.803704206233665,0.819347682973436,0.6689157643167727,0.8124797261679744,0.7357263948383674,0.7952591213897259,0.721394472170099,0.8393241379168425,0.8827273873048872,0.8087084066539233,0.8881977400499982,0.7977324841526633,0.8083694598008594,0.8763386289011966,0.636385464531021,0.8613593682359196,0.8057546974246369,0.7254607454534511,0.8644747859055224,0.8158293071675357,0.6066517120719368,0.843561034750847,0.8476194386120293,0.8318676415917506,0.8399207250521896,0.8546082673678627,0.9163261135237131,0.8909274057351816,0.8876900065456362,0.8513390868030851,0.8215783989144226,0.7984771131770622,0.8592686505383098,0.8753387477445521,0.8767031615009478
0.9340745870149184,0.8651336644791117,0.8011763095438998,0.880357101590055,0.8497881453254303,0.8537245229271687,0.9094549726054887,0.8265869540239784,0.6930505805070348,0.8858842228632261,0.0,0.9371027111495117,0.9533684439350543,0.764230986557876,0.9163411324583571,0.944130087421316,0.9330002590056824,0.9189092681954304,0.8927051859458777,0.8187181594035006,0.8941419077540939,0.8450281857889945,0.8907059868315554,0.9419932569897224,0.8934169555090662,0.8276851153382491,0.8513162660953376,0.8866079900916213,0.913393027385206,0.887814176690962,0.8742985341963851,0.926087840381567,0.8282454113131494,0.855297459121178,0.8537713553856364,0.8276253526733446,0.9511695705048533,0.8422810872653089,0.9416375282602016,0.9284849122902838,0.8256163032677273,0.814945219367847,0.8888005250804594,0.918854186770407,0.8526922749265754,0.9193668695843012,0.7520211502081912,0.9359059209012721,0.9297561061573363,0.8854504294274887,0.9686539233066648,0.8137981104092511,0.8313603898587195,0.9074577663647084,0.9596183961571427,0.6981240561718016,0.9389555040201758,0.923302585678995,0.8447731505810782,0.9277703482827963,0.883536720752875,0.7227413809304539,0.8399041313535637,0.6588835238071646,0.8507660765727273,0.8684911409104263,0.8526720972139739,0.7817761404656162,0.7741945286469194,0.8887778252235644,0.8324092456103892,0.8313598233178734,0.7613737505397555,0.9684018572166142,0.9056175369522801,0.8565361183716979,0.9427565100076677,0.90254725396505,0.7773594232203235,0.8658178074157418,0.7763846749887691,0.7810455116143146,0.8407204958827013,0.770773014947513,0.8444898470351174,0.7770697230356848,0.8406105721651614,0.846018777421101,0.8761973592886112,0.7338753763897159,0.9356835411398463,0.7581016569008618,0.9767282862080141,0.9096269367743983,0.8424075038737191,0.7914191376325947,0.6210749015012834,0.692261264058999,0.6425694696098555,0.8853937737432072,0.8521294816278432,0.8970963623677194,0.7589783399304212,0.7249583203903335,0.8169285108934972,0.8350520267699293,0.8974506418802322,0.7992903388139304,0.9227393013731763,0.9224720150690344,0.9535280481594841,0.8237715888728532,0.868254523389227,0.8715506228271676,0.8774439173451272,0.9173634559345041,0.8458544123786941,0.9183436952262747,0.8150768945652309,0.6832855939251248,0.902511847252046,0.7390369437140213,0.7625555429101148,0.9612221173430702,0.788630862875975,0.9629670062660707,0.741743728937535,0.9094541970839212,0.817566314402157,0.8013365243283568,0.70864491220009,0.7830995107046833,0.8615875613449673,0.778724798035975,0.8712942901025238,0.8374115176771134,0.8564265353903326,0.8876999855888034,0.7969161409003802,0.9510385932857365,0.7527078750866649,0.8826712711299795,0.8593178972034373,0.6693667994120117,0.9434344906812164,0.7676438136529538,0.740578638543118,0.9081087927599487,0.7902555927484269,0.6579555657529153,0.8952581003192283,0.8682451815262998,0.9245087500501721,0.7838146923879814,0.8751689825492289,0.9009627656409263,0.9365849930784718,0.9182143327960064,0.8179402312127222,0.9071855135604547,0.7579239637595356,0.8591861564941209,0.7992887708924579,0.9785241391292043
0.9618490575085679,0.8846468844244666,0.7872959759592817,0.8436274611562403,0.8135089791790447,0.9046495065593998,0.8755802513389213,0.8697742269676657,0.770626625705389,0.8989473046752092,0.9371027111495117,0.0,0.9172318475482171,0.696507628313998,0.8776096740764652,0.9206410134644274,0.9188434814455958,0.8906557191674815,0.9384133578361317,0.855383774000757,0.9053485207045607,0.8106359117439457,0.89363590124023,0.9274817153140786,0.9499112067590499,0.7929855060394931,0.8102441017707349,0.8876145375678381,0.8401135777528138,0.920657001786326,0.9366012849296111,0.9242093478507415,0.793852933721572,0.8949571423096058,0.8751526155080244,0.814184012862633,0.9318190427482921,0.822114338412005,0.9016916707500655,0.8644236494478612,0.8064664378233406,0.8887407072243966,0.8803811558978043,0.9042957044325287,0.8683250712525968,0.9141756714763106,0.7836283295978117,0.8929589567746526,0.9064967663545815,0.8603259637134321,0.921526744989822,0.8362870061723844,0.7871510342196384,0.8674917205968911,0.8885196786615157,0.785760132179499,0.9300423388971321,0.9524265923785481,0.796835931019886,0.8946247412350059,0.8424797471398803,0.6919717631856968,0.8305465587154631,0.6556565017367023,0.835482440733419,0.8588667156514016,0.8006184714530117,0.7556744107647193,0.740753545354838,0.8972353686902584,0.8144067864546126,0.7845921529325731,0.7648446363579612,0.9177104812559249,0.9127172629598759,0.8604435831521392,0.8631892765124084,0.850916246141308,0.7946568422384306,0.828835208801767,0.7845991323935234,0.8148832304616364,0.8483807424588359,0.7612925538799477,0.8625752873563367,0.8188674823945374,0.8729098493815627,0.8088355734566928,0.8981497302933394,0.7853988640509411,0.9057298559794768,0.8292247056970601,0.906321107436299,0.8939697034814519,0.7787403048583758,0.8230688142874694,0.6254315974006542,0.7763197915866125,0.6508315247208322,0.8852331280997154,0.7829697843216586,0.863684680070974,0.7856803625861568,0.7928949201611337,0.8242777071608813,0.84772346852594,0.8821589934924471,0.854739347110363,0.8768781398338096,0.9518412159648582,0.956602588305307,0.8234415440301527,0.8618514248258502,0.8497542777042146,0.8541438010797734,0.9262750359163985,0.9022778359663198,0.893423294927369,0.8177326558427193,0.6983504049150493,0.8366725423968961,0.727816210757156,0.8094504846574736,0.9354019206789822,0.8061490389545912,0.9304588295694184,0.7331628259114339,0.8893120024436755,0.8347268852724964,0.7292555038236215,0.807658843759404,0.7793625851714947,0.8008788684140823,0.8009168064253642,0.8737748821968584,0.7614659210749126,0.902473444422475,0.8378205530576248,0.7809910750429931,0.9523991482141057,0.7189372795655744,0.8556720490783682,0.8644578408985456,0.6574294386687362,0.9101499300267469,0.8191136119012926,0.7780243411731201,0.8504220846356559,0.8528733045399239,0.6813237382357478,0.9203337463774861,0.8506141787567778,0.9013395466944326,0.7750441750693167,0.9366898041670987,0.899395144245819,0.8890568587384631,0.9339415151066524,0.7588797945167068,0.8508362450317218,0.7161570404429656,0.9100174002671217,0.880865694748167,0.9587155061595614
