0,1,2,3,4,5,6,7,8,9,10,11,12,13,14,15,16,17,18,19,20,21,22,23,24,25,26,27,28,29,30,31,32,33,34,35,36,37,38,39,40,41,42,43,44,45,46,47,48,49,50,51,52,53,54,55,56,57,58,59,60,61,62,63,64,65,66,67,68,69,70,71,72,73,74,75,76,77,78,79,80,81,82,83,84,85,86,87,88,89,90,91,92,93,94,95,96,97,98,99,100,101,102,103,104,105,106,107,108,109,110,111,112,113,114,115,116,117,118,119,120,121,122,123,124,125,126,127,128,129,130,131,132,133,134,135,136,137,138,139,140,141,142,143,144,145,146,147,148,149,150,151,152,153,154,155,156,157,158,159,160,161,162,163
0.0,0.5966163274448747,0.5760212060781684,0.5243281059046643,0.527562076230496,0.5956154342321928,0.5319783389190809,0.5775843939106515,0.5327838583378821,0.5977323692252058,0.5603620828170918,0.4998803699128375,0.7255154630011494,0.5077765615430077,0.613852423058542,0.627591080438972,0.6074505221144947,0.6763031479211402,0.5116356444297795,0.695994111207625,0.5727110486661476,0.6021819183185435,0.5199813845254894,0.5847575699506915,0.6565024319213335,0.5140141118416889,0.513964973507076,0.5808876211939173,0.5187622144184415,0.4677559818544831,0.5998102494559215,0.6120342829690504,0.5663480113638512,0.5189045820242394,0.6265985726374182,0.4674749703080469,0.657220086586733,0.5134595393410061,0.47421439104588353,0.65158523877055,0.48847942823581064,0.5547034056320306,0.5776852191625326,0.5659249755890782,0.6372122808425268,0.628859804507788,0.5112155608992032,0.5541718655916615,0.6000886852112906,0.5279122750334532,0.5599827341513632,0.5810307492332598,0.4658070279153056,0.5268792102686333,0.496741784383903,0.5195934997051093,0.5899887744262312,0.542647179568524,0.5109337211373903,0.5410191234089988,0.5728336761749537,0.4316980997267509,0.5246456171466591,0.4379210904571984,0.52024250178567,0.5397301244624343,0.5743116018295005,0.590219406572182,0.5132522459430283,0.6143672888302689,0.6614507098883203,0.5153528468486152,0.4800972938277399,0.6036936113938988,0.5591042852491866,0.5802424691164945,0.513634692144277,0.5407894472083283,0.5138241575418686,0.46744834046556094,0.5151654916021097,0.5832862927082825,0.5242455261945373,0.49395553029953126,0.5117134117114842,0.5649046521974604,0.5982705415834098,0.5005805115531505,0.6096181687189455,0.4542559300067839,0.5550517721065636,0.5566911862879824,0.5292526496845128,0.5388293112519046,0.5197814945768904,0.5456407314723463,0.45489335522522634,0.5636505912459532,0.425092596501186,0.5917408314405029,0.4820858110994937,0.5443617968364861,0.4590951072238466,0.518348665896558,0.5246924404071874,0.6194825726547807,0.513453746712755,0.5807493235961818,0.6059045072574286,0.5953371900804529,0.5363550109700553,0.48076295201348684,0.5578108842642817,0.48094975809490326,0.5234200594130685,0.6007909791109758,0.615357428377404,0.5557680225389668,0.4904766601224602,0.47840871345850483,0.5341441085800547,0.47694727775033485,0.5685075945481998,0.6540756766947352,0.5110074253836571,0.5711943555984962,0.44280611733767006,0.5156877769375282,0.5217694593752054,0.5656651944881415,0.48399326578320545,0.5444897636200121,0.4854661452888928,0.4769747349451277,0.5403291223746498,0.5010691506216857,0.5159984176881083,0.6033459333062653,0.6086557448179735,0.5223946713764794,0.5194758691623231,0.5118020449109605,0.6033284893596139,0.4617458985319085,0.5369301664740926,0.46793006044912716,0.513411190623869,0.5221042557600657,0.6341191165806747,0.3639328706817623,0.5953385292807273,0.48589772230528394,0.5122246822132411,0.47097882431751975,0.5524315802927334,0.6410012780461884,0.5537750054275675,0.5828051340722791,0.5504319270583772,0.49256803627748347,0.5101590687770008,0.575134959083963,0.4621558510664606,0.579341522287346
0.5966163274448747,0.0,0.5811624649839081,0.5008421105079375,0.4923889207542432,0.7096648153846891,0.47163905206984597,0.7275564122604117,0.6218200859212988,0.5814243389429825,0.5099147403130349,0.6016655066748096,0.5798455402774144,0.45542588965482633,0.5881442553236522,0.5817538093062715,0.5427657915893116,0.5172517672975713,0.5246461919871869,0.6073308407366215,0.5436269968677664,0.6111523531828094,0.47397347453020233,0.5876000801044441,0.5895779749077602,0.4526918835028662,0.5102207417851429,0.5212407778595154,0.524096054884754,0.5057645823539003,0.671801701630122,0.5150298436295028,0.6092833076975139,0.4907226655446082,0.5411108065319244,0.4579876840514329,0.5488990276378899,0.5002206807699362,0.5164865021021644,0.5452967422812043,0.5151217527107842,0.5620010459527196,0.4687252662065669,0.5061743057314882,0.6057231473106004,0.5591138798652041,0.4808314195515177,0.4767648722529948,0.48587419623529404,0.47166955782112285,0.4802874512956553,0.5433637642615688,0.44817510176017333,0.5172716076963828,0.4548785377604371,0.5887347150735622,0.5274421495271989,0.5926338743240743,0.4197916371315746,0.5251185437068949,0.5561618276236618,0.4126027016078456,0.4660634716937146,0.40667571284711285,0.4476831936143538,0.45794065605319434,0.5029208589203912,0.490537132132814,0.4231966757057094,0.5790425960366874,0.5605382662156337,0.45382886028623226,0.41498928890519426,0.5121519721938245,0.5757026313448166,0.4874314598248892,0.4512855815876274,0.5247313411526023,0.4965475180784115,0.4440434668597186,0.49082954787814814,0.5623840979091956,0.6039488133165224,0.48597296494967973,0.4631421891684856,0.6744389258340272,0.5410465619235166,0.415913388821729,0.5686810701024718,0.5522730341062199,0.48771182088891085,0.5659191188837576,0.4837383049513633,0.48418951763401846,0.4640036353088176,0.5999428063766634,0.46725083073242685,0.5889648286648437,0.4058590939705049,0.5263918649836853,0.4595779948503652,0.47873996529277163,0.40280512646924355,0.5313264969935843,0.4757891376236533,0.5821395642546097,0.4755606082623695,0.5917974480886832,0.5375507316099368,0.5935293089993452,0.485272574742771,0.4391942852985475,0.4716758146461292,0.4827295726052695,0.47778403370188355,0.6964444150619822,0.550469951266519,0.4648016019697834,0.4359897441423421,0.4810665730021589,0.4960748139857088,0.4741096540601934,0.5060815778137379,0.6225325364857462,0.4701691342535265,0.5987590926127103,0.41779095750975664,0.5940091033802765,0.5129174356922014,0.48896755233989514,0.5753081648838538,0.5462057116279506,0.46426583996485427,0.5130111096269577,0.5226491390030192,0.4433616181124771,0.5497340479919751,0.5264105741174402,0.5366101269907417,0.5302834766857613,0.4713161316913314,0.4835738800300141,0.5820181746340448,0.44445254478607366,0.5047201270216921,0.4093549047938456,0.639974853189941,0.5353958435377117,0.6155141630983031,0.38791467223281084,0.5365958921975589,0.46888990265219777,0.5058100401224546,0.47486654517285565,0.5827189951444102,0.6012461863712334,0.5197965833418431,0.6414394529545447,0.4803283354353057,0.4198458578669387,0.4527648945801744,0.5293247552444469,0.4619745671184662,0.5451023462362404
0.5760212060781684,0.5811624649839081,0.0,0.5276846293445913,0.558113124729985,0.5761978582074155,0.4994341144236971,0.5900531142819443,0.5124544407881836,0.6136399119263534,0.5197827660897506,0.5059332218179815,0.5839350612866832,0.466163502790503,0.5641097277340607,0.5831106583622296,0.5801697830156113,0.5639424982403495,0.47691906359686903,0.557423906645488,0.6205052924703297,0.6949561150233068,0.47670963621252677,0.5547222883836753,0.5841114135611629,0.5110886296720804,0.48464013019203145,0.4932902372106175,0.48583979546639733,0.4391018695832078,0.5235027215387443,0.5305721809588243,0.5477234025282455,0.46523876471588504,0.5177899615250966,0.4742097265014356,0.541900293756914,0.4885187575926273,0.4629752158743586,0.596654346795279,0.4937947364494277,0.6195705078969653,0.5292546304500083,0.5183102783318969,0.5893582943531372,0.5518774400240252,0.5135203603449033,0.5053558105997902,0.5092662447476436,0.513478498003657,0.5292803241566972,0.5771206001351352,0.43672756344892016,0.5421099172389409,0.46419704342447016,0.5181552583347723,0.5194821889115265,0.56747932872089,0.48959721364504794,0.4931030812999706,0.5345990325497805,0.41742696711032234,0.50723975780417,0.437361528216589,0.48832320076156455,0.48898212613679504,0.5439027429367412,0.5622020343152124,0.510705847687424,0.573159720594415,0.6177631523448172,0.45188181889171947,0.4698963279101018,0.5990604945943873,0.5417853483502139,0.4453503640251912,0.49420451776060575,0.5317308976091001,0.4731511755388111,0.4100230356265275,0.49858544869923654,0.6102297293188521,0.5043273030685181,0.45638027503357537,0.4969884786698641,0.5575846517791504,0.5375083051505997,0.45754844613803547,0.5033967143088767,0.45232502945511943,0.5538945720238394,0.5435197305529319,0.4835934981272926,0.4485611439765627,0.515577215114045,0.5311627617248347,0.457078760010098,0.5868812503751483,0.4104720852962626,0.5348430169910188,0.42191593337532324,0.5381734477895278,0.45907577748404305,0.5394204198179614,0.4896613452014632,0.5996122862331288,0.5166812996186442,0.5755045299467358,0.5613764140563607,0.5751695380440642,0.5157868853695029,0.47717481092732794,0.5161055861703662,0.4720383949867015,0.45973214264934537,0.5646948886863316,0.5070192498967264,0.4959259399857581,0.5156203783166066,0.46488523823620226,0.5019822409236594,0.47607992385242376,0.5110995725848266,0.5540530916799871,0.45258064612970494,0.5140162040363729,0.45563116044619845,0.5079652804474909,0.521291479912573,0.5230104715616508,0.48309273331848496,0.597161132868187,0.42051452933155076,0.4635676810119232,0.5318134651189506,0.4502318933600653,0.44815330848793006,0.529617825084661,0.5896619029276828,0.4917929263497446,0.46369428778117416,0.4866092216894533,0.5898746599207741,0.49213406926448144,0.5102421116160273,0.4618144051094248,0.552075913848826,0.49816246048226953,0.6259504706706129,0.36583184647023087,0.5035297007329887,0.43868237448043895,0.516915982865963,0.5280538154471494,0.5703500289027758,0.573899486718025,0.461123462516247,0.5777964438456157,0.46233101564026896,0.4313346534097634,0.49073004334992953,0.4784079808380898,0.47470612224174663,0.5277130183248159
0.5243281059046643,0.5008421105079375,0.5276846293445913,0.0,0.5477079240778447,0.5073545715077862,0.5150172666542239,0.5080335094821333,0.439809749627491,0.4959004616098567,0.6059951426649632,0.4920148594710446,0.5071270346339318,0.49260001692849864,0.5298569300657624,0.5599424380100789,0.6136208121299626,0.5312499496526655,0.5483049296907766,0.5222044571233885,0.6644119803757919,0.5394789550654965,0.4973761635446292,0.5117886859322958,0.5332096910917609,0.5514511657884904,0.48393350834873244,0.5531913015577654,0.5233340781618617,0.4016025238053995,0.5069356768300219,0.5302409603788365,0.6133087787005009,0.5114876144367808,0.5615864758250823,0.546372583041155,0.5064109266531357,0.5344542412226394,0.5488447720934099,0.6287725628481402,0.5579532256874202,0.49373338778532616,0.5413522267437277,0.6224915774654652,0.5295299878999503,0.5191733373578614,0.4133976148753277,0.540162998791565,0.5533462637820079,0.5515750728424325,0.6364450788029729,0.5908612285751391,0.46776834847915444,0.6952222950459559,0.5957434529280246,0.4233706706227005,0.5980765664040623,0.5854240174553134,0.5132758416698013,0.5363733864316239,0.5861493711441504,0.43868668203764954,0.544243864179028,0.46855639904660046,0.5198967944414419,0.5146431781003427,0.5670762878229542,0.4549170757443786,0.48200228641201814,0.543780869838951,0.5575882416542172,0.5068126448932196,0.5279579693732779,0.6301707246771316,0.5495837842290662,0.45696723583039833,0.5804340702457235,0.5433635739996137,0.5006942272717997,0.45501645256063883,0.4952275692091479,0.6196621198363857,0.42570438664206733,0.4714008070681387,0.6339760421436698,0.49219591147163894,0.5643445988125382,0.49199846341296916,0.4907100244587339,0.3979114991945432,0.6193222909526908,0.5523405848759433,0.5742795616390093,0.5077468040286323,0.6370124213988402,0.4694823972558271,0.49322695760991797,0.5275288070522963,0.4607075353535891,0.533332395471718,0.4901072155875737,0.6183448020048337,0.5503622699172348,0.5012291922783559,0.5589717573102467,0.5075285696220069,0.5771756276066614,0.5016142842449824,0.5382565716725322,0.4868746340629216,0.6604566979276505,0.5869069008883031,0.5421768390276184,0.5429826441425956,0.5065850615930889,0.4987946722969919,0.529638841244697,0.5118056201208228,0.5775631553988327,0.4963794660441812,0.5673703069148309,0.5515861210186022,0.5320571091155318,0.5657554355446047,0.5086509031616055,0.5313997684576505,0.48758878715165516,0.4638810083714556,0.5759790602815438,0.5184501905523567,0.40242933592566,0.5817214717672472,0.4805686702633912,0.5450368070913569,0.561246201306604,0.46312002191904555,0.39385613486859433,0.5711319497508855,0.5651291969433329,0.5365742552404761,0.5066035853065503,0.5186511467996634,0.6305761078994784,0.5894888559529086,0.5715893671118208,0.4295546245297423,0.46622482218223193,0.4820028357660686,0.5127378923513161,0.39176088695596345,0.6240808220022642,0.49126027419624624,0.5939111684805857,0.40906434766491423,0.5724899229927988,0.5274814166480183,0.46043585061019976,0.5019457042545051,0.5904602027451862,0.5287587113242658,0.47260448624264745,0.5350819393282206,0.5234140590627593,0.5856776935443806
0.527562076230496,0.4923889207542432,0.558113124729985,0.5477079240778447,0.0,0.46613666650953917,0.5626489657545094,0.5088548231795098,0.4907226456990215,0.5248569487287511,0.5447328828070608,0.5100357966575815,0.49619776147276956,0.4648819499757073,0.5688714973064292,0.5617462720155055,0.5380126605007378,0.5397261876756486,0.46570874338674795,0.4981077291175615,0.5724454485390462,0.5774212868649335,0.5438876556311233,0.5165686287513273,0.5497435285502245,0.5489365584125102,0.5387806347296118,0.472959235394403,0.487261276806122,0.4601921627550617,0.5317353995440381,0.5041202935977585,0.5272002193056625,0.47530468745723414,0.5327829996546836,0.4991193580488552,0.5335907544117989,0.5084719591661873,0.506046384635337,0.5898376990264446,0.49181268335116524,0.5533811912094915,0.5530150888130826,0.5501617296957424,0.5347948676340761,0.5040190952210577,0.47192981506004256,0.5082669763396419,0.5680104022490593,0.5171399234419141,0.5478483964342679,0.506454942842787,0.4096063460200777,0.515144523308783,0.5066417632372886,0.4573185115474895,0.5113972557125426,0.5976636016223629,0.4802301637325452,0.489418979255078,0.4618874881613555,0.41627744421485036,0.4668749127617676,0.46137531468291615,0.4694701059372036,0.44130299518277133,0.5224265048208458,0.5099247064987211,0.5083435917429161,0.5492473672164067,0.5602749647546658,0.4780461627795916,0.4594362392268991,0.5577046163305615,0.47651515097254155,0.42955654360508355,0.527358769980243,0.6305530155752943,0.45994492963534794,0.4096369836616056,0.4412399574422204,0.5891335488482349,0.4732657374078939,0.4233807250376489,0.5189093522213808,0.49895078393760073,0.5210602318516351,0.4887314596698847,0.47293394488117474,0.4251787244699918,0.6721299052222666,0.5638909070877332,0.5304639762834455,0.42597869274441735,0.534402169864708,0.5104167413091197,0.4150360085594167,0.5231995622810565,0.44658702137061385,0.4852305623668814,0.4486210923179373,0.5598779606096563,0.513450490863722,0.5243304232242122,0.4896444995512768,0.5279216910609598,0.4800916701605777,0.5179285640773919,0.5327207555776513,0.4890634351517648,0.5418690117873762,0.5436514755306225,0.4662868572087107,0.5127810951139136,0.4466299595820531,0.5011389920422175,0.46577971700664067,0.5560337258128191,0.4728773228382501,0.4831088311926746,0.5770930534862116,0.5104668469398745,0.4730500222938459,0.5453694062320315,0.4637795488483078,0.5011746203157554,0.4479695511347058,0.5110352819695182,0.4892257039834324,0.5263353130304357,0.438744402433999,0.5230372613515538,0.4310107903741592,0.4789501165594462,0.4967092466745818,0.43729943108659547,0.4202283581718046,0.5893732982568,0.5876827341889412,0.5414404454404832,0.4440368032142929,0.49720036642448534,0.5729221667826748,0.5214519144878778,0.5475707727973654,0.4777769338481611,0.523376883625298,0.46628937341611054,0.5448811436456734,0.36952769634882354,0.5284768625077343,0.43733674408198603,0.5339496314199222,0.48313887333716116,0.5566285704941321,0.5345938569037577,0.43503824432267024,0.5241621480981992,0.4891870011518171,0.4632762095922745,0.44166189430601765,0.4826863843452726,0.5047392406135255,0.5645697697239087
0.5956154342321928,0.7096648153846891,0.5761978582074155,0.5073545715077862,0.46613666650953917,0.0,0.45045466628696645,0.6321372573133006,0.5380275827412752,0.557056897588214,0.5207850032488238,0.5287598475191135,0.6096550907907666,0.4688265524643326,0.5300568638611252,0.5878581044594399,0.5578964967913171,0.5100936912832404,0.5074956411633679,0.5929147143769868,0.5454959855194333,0.5716890919717736,0.44230007489570144,0.5452797198273562,0.5696002020709258,0.46420366480065484,0.46823632624385025,0.5254222501504445,0.5368458488641071,0.45611322912682906,0.5811280190873221,0.5256896927187835,0.5977610272849546,0.4786551716688614,0.539759105088537,0.45525314348824536,0.5537496045975527,0.5020085271361013,0.48572728140036614,0.5365164672172534,0.5075660927738193,0.5324481172946949,0.4675455234019304,0.525404866858596,0.5694998914152369,0.5407539062138795,0.46418148897970846,0.5043071744097519,0.47275283422779774,0.4681362079703866,0.48451334182068945,0.5778668190547466,0.45550164923846714,0.5265059662312678,0.4602494998314761,0.5574968270958269,0.5279428929113771,0.5624086700930224,0.42382176813730593,0.5094449989983665,0.6064212494022575,0.42237020671104447,0.49528957182600714,0.4067216112670197,0.45111280694437794,0.48058289746441074,0.5119503799401759,0.4950497204691262,0.42672988998512085,0.5668099934201732,0.5685248675599028,0.45827687541626544,0.4357124882079829,0.5181056523520272,0.5979723429189857,0.5013305965965047,0.45445084306438055,0.5081739118673566,0.49888129517072133,0.48269206264815434,0.5371043806562643,0.5356274542084379,0.5448177600936369,0.5228917354991324,0.4748138680358201,0.6161731998065947,0.568224206135556,0.4154724218375837,0.5570161984278424,0.49921050857304083,0.48134857101987055,0.5289809558458368,0.4784526688739763,0.5036269401389571,0.47473169039119356,0.569662476907081,0.4800611610600127,0.5746822236794291,0.4088395702861445,0.5317852268008529,0.4674870276509325,0.4764231940204471,0.40565762869119826,0.5044838434645775,0.4860528559789636,0.5682159843320477,0.4865183975698934,0.5695145816384143,0.5245650860736548,0.58664502438794,0.48784555030333093,0.4389560054117657,0.5158503906685705,0.47729489284949833,0.49664401601466446,0.6450785820714231,0.572379053738308,0.44748800675047956,0.4688180016964209,0.48771832423487804,0.4879763013236811,0.47640997927205053,0.543167538767592,0.6085082791990304,0.48922697022564077,0.5951414249569656,0.42481858306871306,0.5312458569238571,0.5343521710020654,0.48767185679179365,0.5230237675430703,0.5712347590288934,0.48314705185469187,0.5131382085050172,0.5231466639057044,0.4573510538833378,0.5145080680325552,0.5095313658415525,0.5101127087493741,0.49420287324943996,0.49685284070860836,0.49732081864689487,0.5527313019892102,0.445143564672811,0.5119253269868257,0.4015317479724291,0.5518405746087633,0.5308097566936897,0.585342856628063,0.39302701047206606,0.5341941748355894,0.47883190015836125,0.4792716896704552,0.438287188557547,0.5595196103134176,0.5802160285197085,0.5189393731844791,0.6162879907349984,0.4985328480241511,0.4358105645603766,0.47501829243255667,0.55227885971284,0.456592107599388,0.5382090150947582
0.5319783389190809,0.47163905206984597,0.4994341144236971,0.5150172666542239,0.5626489657545094,0.45045466628696645,0.0,0.46936551213450034,0.446592062555074,0.5541836085302441,0.49233389857004245,0.48467446279877,0.5267248417182553,0.45340608632928403,0.5365307698516573,0.5084569840641503,0.49306069201379243,0.5129380455317257,0.43813200227238247,0.4673138134017642,0.49474394765703567,0.5112599340140804,0.6085484681457456,0.507092105163888,0.5587017072679508,0.5031483910160144,0.5326669654894454,0.4784528467487591,0.44419354850473663,0.4378908706703498,0.501337278814481,0.5571553657647568,0.4802493265029454,0.5297910575017717,0.49807344102489326,0.44641391888143606,0.5583314176833659,0.4204975783776671,0.43625497446089495,0.6022852153746832,0.411572175043234,0.5315354212340506,0.50726782174022,0.4903203982020721,0.5548328490613416,0.4989951702803409,0.47892555063295295,0.473438984046466,0.6585309481689462,0.4680398327384586,0.5411668575932239,0.4564672910189121,0.38260108299993273,0.47965252197978925,0.4905702580285958,0.45601293107893187,0.4665342187651896,0.4879363111403811,0.5147473980473363,0.4748508072195842,0.44802172290444375,0.395709005814196,0.41793049331753657,0.4195412928559894,0.440795477630492,0.4305066046208432,0.5585030003572581,0.5318190175148815,0.4797762716827025,0.48760944443438214,0.5104798777544005,0.44142449038562337,0.45293121941520725,0.5732902472647535,0.4227371720740114,0.45019883350238354,0.5793968989790971,0.5693941249356497,0.40432691984108304,0.3830842492643376,0.39531891587789925,0.5220232945133771,0.44817823417781893,0.3784621907557541,0.45891175947036844,0.43408395041914277,0.48820598159041034,0.5220816170699287,0.4887685064020681,0.4107918548465192,0.5568029768324172,0.5683784138757015,0.48272779108993114,0.4201745913780594,0.47466704493034945,0.48199230706204055,0.37584195229316164,0.4970498994613528,0.40566324236491386,0.5431286108614501,0.4203769306141748,0.5519111078418428,0.49994138027432994,0.46555580055606793,0.4433553941156243,0.4962202500684294,0.4538021226098166,0.47885283826798625,0.5199351972916083,0.5043885446300859,0.5742733341162507,0.45985491623049163,0.48086188741138164,0.43518162494795315,0.4121058871719386,0.47001901201700047,0.45090525108694074,0.584526764303812,0.4554781248436503,0.4325121348705293,0.46317043058540935,0.4319744662152448,0.44610689313400365,0.5242374302839892,0.4102409369567068,0.46938598777966833,0.4416515367911858,0.5026512073038177,0.4482377675371638,0.46980561144892,0.4117430759630113,0.4385054791160206,0.40185867586446666,0.40620146403334706,0.445192791334467,0.3931103671034302,0.4029783563197121,0.5297829330259866,0.5261813651685193,0.46134726464618475,0.4166702741277978,0.4596950244296242,0.567606137114213,0.4433366779967941,0.4723122714500959,0.5478831031748601,0.4464889779242269,0.43077573282144077,0.4999044481296998,0.32568260032270796,0.486576300311102,0.39682220885077,0.4683220931699552,0.5171613609718594,0.4824508313539216,0.5046875589040873,0.4539548157769509,0.5056864223460189,0.47436086069807476,0.4899586726374855,0.4160280099779499,0.4384127943668345,0.4200418958290365,0.47842302241919304
0.5775843939106515,0.7275564122604117,0.5900531142819443,0.5080335094821333,0.5088548231795098,0.6321372573133006,0.46936551213450034,0.0,0.6475950825412563,0.6067311733855576,0.5051147727627864,0.6163535762654587,0.5591835530786124,0.44391680185554433,0.5883821773812411,0.5995332837199219,0.5521234019410147,0.5371962528195289,0.5277779232127251,0.590658351450361,0.5566651094035513,0.5918495545667186,0.5037827035806541,0.5730792037851234,0.6201562105734799,0.46691517914959674,0.5485597066786697,0.5278656143771091,0.5120249378077222,0.5401953692564782,0.6698251300695113,0.501426547346776,0.5972247164215294,0.4917629275222235,0.5213182296770045,0.4561003991556612,0.545993842693981,0.5245318905259103,0.5146091639148821,0.5498672547237135,0.5306158818578677,0.582087098798317,0.48680731678489736,0.4966041265900926,0.6046864141823101,0.5811508133114375,0.4872811655373912,0.4645060712151592,0.4919237823378165,0.46964850998002405,0.479132488253394,0.541605318709992,0.43961377543241165,0.49786281825206413,0.44784338366466675,0.592259012414859,0.5307915949914325,0.6502974829030675,0.4182288342232837,0.5153952347835499,0.530536000566425,0.4096494820210657,0.46933940660824197,0.4080452023741866,0.4447233333132685,0.4563641271264383,0.49519362381668514,0.49237715260873166,0.43772219161715364,0.6431368025938861,0.5553528441871068,0.45523597655471654,0.4105775658772894,0.5122782726201783,0.5838996861144378,0.47997354508099904,0.45021966349396114,0.5456491386387152,0.5334560788840974,0.44314236071409924,0.5005036982388198,0.5681168866288642,0.6285266072343242,0.4952493378285603,0.4787203276520039,0.7506677484960856,0.5520836153328829,0.4189203696609893,0.5882567018955199,0.5558925973278306,0.5070399382038461,0.5620148037816874,0.482023776154194,0.46591509400758524,0.4696590920529928,0.6058428970949741,0.45406543692722834,0.6207213591968118,0.4045755871352256,0.5148278822630394,0.45027604789699316,0.4966696293353479,0.4175851503244471,0.5928462280503604,0.4779219721231266,0.6225251314088335,0.48382785084866226,0.6727616286101158,0.5499938273732878,0.5643840274039593,0.4765807479405929,0.45419266037160955,0.4569043037919624,0.5212719432330725,0.48104131480951423,0.7238414117346009,0.5607690181843603,0.4709305906275229,0.43240442477070906,0.4945188132894219,0.500896016472444,0.5123862968999361,0.4964094669578591,0.6283846712368609,0.461631620342005,0.5976255259813827,0.41471148274680925,0.5827176170566103,0.5128426280799786,0.5012185751235471,0.618433917883235,0.5640379528098487,0.4669334089713509,0.5080212873039897,0.5087905738564128,0.4348458287001501,0.5589410827135666,0.5297487585536138,0.5738557812611117,0.5794805482715001,0.47257643072592564,0.47498925536041253,0.574473883971355,0.4512591320966922,0.5163120403185807,0.41511311603074275,0.6516081725672521,0.5695366902984623,0.666948113463303,0.3921860741819757,0.5398378151461632,0.47821076888415265,0.5078406408455136,0.4862387793238172,0.6616795270539104,0.6195130600648966,0.49804590359199863,0.6956904570495904,0.4685472088298594,0.41813498952371375,0.4700494107427189,0.5322553193472808,0.5077098505589057,0.5531716617753059
0.5327838583378821,0.6218200859212988,0.5124544407881836,0.439809749627491,0.4907226456990215,0.5380275827412752,0.446592062555074,0.6475950825412563,0.0,0.5345878919197173,0.4571061001260594,0.5557514814549444,0.4958187242107392,0.4098403488283462,0.5475851098561008,0.5040962315458215,0.4601197836914105,0.4834286412782404,0.45080814312240697,0.5142184408115136,0.4705772109337983,0.5609584077586782,0.46360694989420975,0.5230591519358408,0.5505774100563188,0.4203292916026208,0.5210506986746546,0.44992173994480217,0.45067772264753486,0.5654023932143627,0.6214104959682223,0.44030631888705074,0.5032431734372863,0.430860247360095,0.47854975112941056,0.405301441046453,0.515872050979005,0.46513816620058035,0.4626287422735578,0.47564345041374334,0.4514716980989355,0.5844122706314001,0.43060470651741306,0.4449573608002318,0.5192674011113727,0.48422522770813586,0.46134783676965757,0.4244882690640819,0.4486580873612815,0.4158758356026243,0.4203304090715367,0.4558648919314245,0.3900602815145051,0.4291768728914802,0.3962381458851067,0.626753872668405,0.45362432686093035,0.5478659354131409,0.38082968885621526,0.44333798834595184,0.4512069641306759,0.37156255117503567,0.40649282561108585,0.37590521380487013,0.4019644642335777,0.39734358233008504,0.45450585874493266,0.4818042555910138,0.4028493139193462,0.5720522827951723,0.5040736195569028,0.412742951424126,0.3771632633684833,0.44495109245027387,0.48366920730375046,0.4321156883017963,0.4041075606789587,0.499447612151975,0.4491879646288073,0.40290036768654824,0.43590540165863073,0.517123206999841,0.6734535850722431,0.4321946113087985,0.4166489394472778,0.6284882183079781,0.5011328751676333,0.3861606326529974,0.4975835573010373,0.6242332108775304,0.4604238740731853,0.5161123191069513,0.4240630312945335,0.4076611128180712,0.42283023347026016,0.6014220978895184,0.3996293859446869,0.5312757315930108,0.37995783354345486,0.4472638488776606,0.41508029726747053,0.43105949185773623,0.37924073786557416,0.5206167109331254,0.4200983878734179,0.5146010182731173,0.40571647175461745,0.5766587813128314,0.46780317122110765,0.5239322034937072,0.4234955732728269,0.41035237007129555,0.4145533954390309,0.46982746406346726,0.4150489095508999,0.6074335859308538,0.4663367348413416,0.4335850544938101,0.3802245584767999,0.46019225955452064,0.4577309739268871,0.4526532756326824,0.4423324285144237,0.5374052326613734,0.43757408950192084,0.5028408343020145,0.3756168091365155,0.5432164621354989,0.4293995981273925,0.4513891831922468,0.673072734140283,0.4788500562020332,0.4298632079202284,0.4732095440743549,0.45840877855820333,0.4020277080883202,0.5444571854232362,0.4772981333562962,0.496978940234125,0.5101814703191271,0.42416371825281746,0.4307548906045001,0.5037987036770164,0.40842648866806075,0.46499908159359354,0.3996725007144129,0.6895273021971788,0.48500437255310663,0.5607223018224529,0.3593991347606263,0.4797539858687241,0.4235763317996805,0.45149216130883874,0.4769260659209668,0.5450706854469198,0.5771087474485488,0.47069068967849803,0.6044217014282073,0.4295696485746461,0.37692681586906585,0.4136833242779974,0.4803829611483602,0.4593861899845221,0.5198169732766461
0.5977323692252058,0.5814243389429825,0.6136399119263534,0.4959004616098567,0.5248569487287511,0.557056897588214,0.5541836085302441,0.6067311733855576,0.5345878919197173,0.0,0.5064009155938404,0.5272857013834281,0.6222039333273961,0.4620442969815215,0.5798058117237633,0.5941450764079494,0.5348391214785501,0.5788978146460044,0.4669200083490009,0.5340142882849058,0.5212485024714448,0.5765392061171862,0.5488343478789839,0.5321038811271046,0.7007906445795842,0.48838494516894,0.5638698406580154,0.5104110554262121,0.514583570451491,0.5030658015450749,0.5824541010917755,0.5649839550763892,0.5318795808944154,0.49143299964949144,0.5133907116340323,0.442611151627737,0.6221317404700633,0.4755813798302002,0.4499314439422967,0.5835346706589847,0.4553299893185113,0.5883128547955337,0.5267737154423082,0.4972383238524063,0.6058163376253021,0.5660471533526742,0.5303305772925165,0.4903514313227065,0.5673796464955327,0.4644725854512627,0.5012051113612948,0.4951556780438925,0.41202748647677495,0.4763413997609474,0.46616285381697303,0.5578285718476182,0.4908147601820978,0.5545784828014478,0.472858290198851,0.4842621078326567,0.4993907796408697,0.4071989731380135,0.4545790849126553,0.41370742533681415,0.44580328172361017,0.4571044984046499,0.5327481363984005,0.5977921244373599,0.5005202830209358,0.619758105158062,0.5589144170218389,0.45834887824016585,0.4297352680706818,0.5497965101125731,0.5011978259466542,0.5041634048374212,0.4925217473391733,0.5817283896277564,0.46734216589791827,0.4255464377286945,0.47357504339141865,0.5278713855685921,0.5673662903836544,0.4500215444009629,0.4631381241894092,0.5385700841647757,0.5521914232895159,0.47285943821015264,0.5873768129220478,0.4726789472831063,0.5284381405966688,0.5576085214903177,0.4851739226463491,0.44104578668061084,0.47085519362697215,0.6081321383925702,0.40607603982348217,0.5751542584413294,0.39866258893344253,0.5414737638201488,0.4392426005530409,0.5371104471386567,0.4507602592852725,0.5851507629100595,0.4624442408790876,0.5895081564697578,0.47309694920783263,0.6115207895989526,0.5690786544764826,0.5660179091540888,0.4940929132698675,0.4456904977367996,0.4880827618073456,0.4827182969077793,0.4523037751887772,0.5608450046417226,0.530451952681309,0.5504115212439895,0.4552674076041125,0.4700153625832324,0.4700650901801883,0.4786440887568079,0.47490964900290666,0.598821481256412,0.43968627976031155,0.5694548310705492,0.41979819096418874,0.537442904072394,0.491061653633529,0.5203171339653506,0.5267921827642253,0.503546284218271,0.44024415007074813,0.43089436190596336,0.473490793954422,0.4283891653352013,0.5001506676338815,0.5343993136499222,0.5876726247709066,0.5164657736076962,0.4795254528279914,0.479971950598542,0.5547272206700096,0.44132608847962407,0.5075126251026401,0.4740704705014548,0.5136280115608494,0.5359131016966038,0.6827182753183745,0.3527184920399446,0.5012374451150664,0.45425100553215,0.46248581870858024,0.5434845712649838,0.57716323126372,0.6003519633499256,0.4894708721082298,0.6405459035012028,0.47781288532392846,0.45086065729370695,0.4970464441927009,0.4973970349927709,0.4717512518326537,0.5028606465833071
0.5603620828170918,0.5099147403130349,0.5197827660897506,0.6059951426649632,0.5447328828070608,0.5207850032488238,0.49233389857004245,0.5051147727627864,0.4571061001260594,0.5064009155938404,0.0,0.5092700164192548,0.5416503025708084,0.4816715401134566,0.5132520042335423,0.6309966316729043,0.6076091925091958,0.529651581478374,0.5454692777995171,0.5736276956864627,0.6080004249933892,0.5597566545496273,0.5043997490446015,0.5490566296439122,0.5836885073339471,0.5306571152308895,0.5012965776253007,0.5966520378731247,0.5804956129351131,0.4282012359014339,0.5228000426827314,0.5295766552200801,0.5292742243456936,0.5127415480285487,0.5827981955128173,0.4862168759701375,0.576446547673819,0.547407102288775,0.567458235493708,0.5931047477185709,0.5001299271538805,0.5056504483156508,0.5241101855679995,0.6313524014791078,0.5219382203853398,0.48920427267588784,0.39565226572865436,0.6469284384842184,0.5810911648620302,0.4949399154486634,0.5439953027663124,0.524113500771457,0.42790317578301884,0.5803817128447069,0.578002287586493,0.4324922616356084,0.5827749465282859,0.5872036764221574,0.47278671313147086,0.49461183007919346,0.5938522226506148,0.40272679620235485,0.49790477702214847,0.44942959229591983,0.4715132948081611,0.4817893975136829,0.5610674918878016,0.46193347379671723,0.4681463351574421,0.585065694843859,0.5378143784918884,0.5015496569370343,0.5001513896212795,0.5693102177767584,0.5459364808420076,0.46961176295532875,0.5643668019459254,0.5571036728510252,0.4861696943562914,0.5062356696760537,0.49014619309684776,0.5365037285316103,0.44836801666735054,0.48904628985589843,0.5629229979521079,0.5015333976716013,0.649357800241141,0.45481860439411725,0.4839043739820191,0.41473944490030185,0.557833188544457,0.49110692772216247,0.5489691956931524,0.507639511619939,0.5561567707413418,0.49425765774926933,0.4506641346481974,0.49868208585046697,0.4376228163598796,0.48399261533477683,0.5257346790954885,0.5796213131950069,0.4697806582710719,0.48272951501448863,0.50400816523549,0.49216358336258376,0.5041727596674724,0.5408224119091884,0.49204872209873046,0.5401235280870441,0.6203360346214094,0.5335773158237654,0.531802415626257,0.5636332381984506,0.48098213268338363,0.5081671089388339,0.5223166310471585,0.5651639667921154,0.5280182208144572,0.4820114921103278,0.5808958628275984,0.49849755229700204,0.5723279410951241,0.5794418704309241,0.55365125963356,0.5639909361559328,0.42580575944935767,0.46930475972245445,0.5467106828474229,0.5011954824028557,0.4172116699781989,0.5657884676881082,0.5545636614323591,0.5479997514971336,0.620139230106902,0.4674619795748521,0.4309473991743727,0.5529339997215283,0.594857234765742,0.538471891957378,0.49204465042315493,0.531194453989352,0.5440577415658258,0.5116688987224397,0.6289122802505333,0.4119214908166267,0.46700096039941713,0.47238580357534593,0.5431621386433036,0.3962723690097989,0.6721077757388877,0.4834436636852344,0.5809848124949853,0.39527634141744133,0.5657112688325989,0.5766450199521507,0.5504685651954752,0.51890319690889,0.603618171784654,0.5212508505025216,0.44789837801619886,0.5784437319482723,0.4993464203855435,0.6984901957555353
0.4998803699128375,0.6016655066748096,0.5059332218179815,0.4920148594710446,0.5100357966575815,0.5287598475191135,0.48467446279877,0.6163535762654587,0.5557514814549444,0.5272857013834281,0.5092700164192548,0.0,0.48067961949887517,0.3956588466955039,0.5370190843313732,0.5377433483575476,0.4925521093203736,0.45580565154935776,0.5335068641621835,0.5105126087252067,0.5127553687443867,0.5393291995528201,0.5355536894473627,0.6010664982553842,0.577635236993836,0.4364917661707455,0.5393148070039584,0.5058233653086386,0.47640015563997057,0.5513774040614982,0.6083956984678898,0.45833290488465245,0.5184770866788382,0.5186472597658649,0.4760961426569744,0.42545279392308033,0.508945586685635,0.4554216274163408,0.5403476925169592,0.5054076815579271,0.46830061878328233,0.5514976927888781,0.43675310437926257,0.4709257048059454,0.5389141322959375,0.482602169199043,0.42270090694946544,0.44601433899311166,0.4890301854130254,0.4208171248422853,0.4447049461774294,0.46527446267179895,0.38109020569553753,0.4749611078569564,0.43875382134229113,0.5120025845187036,0.4774237221966867,0.6242751650582001,0.3844502711782252,0.4633775189729867,0.46861348579788037,0.36192115722663004,0.4051972753167461,0.3789460537262854,0.3937078739847389,0.39571317490747515,0.45961840419784655,0.4299518798295473,0.3869377309872923,0.5381958286650038,0.46669630149244107,0.4058270515438318,0.3811350367313409,0.4698693984869686,0.479945422290966,0.41918457202506604,0.4458248877958852,0.5345965328989759,0.4499721820221794,0.40712290518906724,0.4145246645015756,0.5059529343896024,0.5550988801081046,0.4155655541310033,0.4363557618954488,0.5625606525305318,0.49881854815320736,0.3843811255534428,0.4884222280524702,0.5370941105465983,0.4706650179597999,0.5175222137566918,0.45059659990848927,0.4219815042590802,0.4228804538724747,0.5515524363691302,0.39719355044952454,0.5398267969839329,0.3762856016023253,0.45635676806092756,0.42179018735723756,0.46692181227952095,0.3953657356793273,0.5249712551559361,0.41735578576385973,0.5028753715516582,0.42967457323041874,0.5901127526052308,0.46576678382700715,0.5565233940022627,0.498202245614244,0.42553803762689685,0.4106913202747209,0.47760132169438513,0.4130983907363713,0.5927055574670458,0.4699608393502261,0.47113871409591934,0.40412648608289686,0.43875014790743283,0.46359269196920966,0.44664646114871337,0.45264962089384003,0.5582492679167443,0.4166737472406927,0.5413212291987604,0.3786684882203908,0.5737401531193859,0.4645089747195839,0.42438975619397307,0.5171776959648758,0.4750642170726361,0.4320733159043018,0.47869620004271884,0.48567983992421493,0.3793224860797386,0.5028600301886542,0.4807758459176876,0.5239124938374882,0.5341579941673176,0.40864375638869194,0.4336508350937778,0.5179195253792205,0.41628869846962396,0.48170120468278355,0.40072510647211046,0.5898985631240092,0.4668487782807076,0.5516018915184833,0.3697012552184812,0.5165097501849203,0.4183075335382637,0.5081442522574101,0.45356870544566635,0.6015327751198408,0.5397080063530003,0.5013975427535893,0.6158283755246862,0.43925339726419577,0.39945648086361846,0.38812585277815104,0.46638743711912906,0.44785643382472723,0.5407090964073805
