0,1,2,3,4,5,6,7,8,9,10,11,12,13,14,15,16,17,18,19,20,21,22,23,24,25,26,27,28,29,30,31,32,33,34,35,36,37,38,39,40,41,42,43,44,45,46,47,48,49,50,51,52,53,54,55,56,57,58,59,60,61,62,63,64,65,66,67,68,69,70,71,72,73,74,75,76,77,78,79,80,81,82,83,84,85,86,87,88,89,90,91,92,93,94,95,96,97,98,99,100,101,102,103,104,105,106,107,108,109,110,111,112,113,114,115,116,117,118,119,120,121,122,123,124,125,126,127,128,129,130,131,132,133,134,135,136,137,138,139,140,141,142,143,144,145,146,147,148,149,150,151,152,153,154,155,156,157,158,159,160,161,162,163
0.0,0.7953245829550567,0.8110275665277502,0.7949759284562193,0.715997484655344,0.8071471238482955,0.742645389568598,0.899120931562022,0.7405540360328903,0.736945472160895,0.8515419628960412,0.84703378504474,0.9481470825456143,0.7136907940989489,0.7973795028908645,0.8924277455263079,0.9553738441382413,0.9517891031975876,0.8923298860776441,0.9367490225494876,0.8957600775563836,0.7360656099660399,0.8549466715371925,0.8947584078511813,0.8901456307007596,0.8564531293714915,0.7430090247440012,0.9234678228197535,0.6975318699194448,0.8062416869568989,0.8610790777663007,0.9027550285794257,0.7708434633323247,0.8778222347208068,0.9105601702503071,0.838126440532829,0.8686600210690238,0.9137190904770092,0.7397334138601177,0.9083250009041693,0.9047831109427688,0.8291089694935839,0.917347156852359,0.8682976623380999,0.9151323010048775,0.9713149262713058,0.8648840364157029,0.8384092845527331,0.9164024671530198,0.9449156774518792,0.8867582967651958,0.9493428408785269,0.7460970013037355,0.7821544946004947,0.8025542809950609,0.8294833958453355,0.9666038407069871,0.858359295359179,0.8666300651565327,0.9079722597161536,0.7912606665825546,0.7111681049800004,0.951600180279406,0.8069412403126363,0.8383859697044714,0.9531880436994645,0.7758412527657923,0.7082159931309379,0.8630408721803304,0.9083727980788561,0.856556435708959,0.8464288095176441,0.8681652830595549,0.911354391283906,0.9176546432193327,0.8547574288083998,0.7876472776042098,0.7025783737209448,0.9169312043611724,0.737983437673666,0.8543610859743175,0.7469145849798327,0.7161111462222584,0.9083558258124113,0.9390778045165782,0.9485977877872748,0.8822339622299904,0.8478359090601492,0.903493308400864,0.7403551867546512,0.8788181783618434,0.7296379841524895,0.8487892034710486,0.9355577502746285,0.7845238839382249,0.6871651229374984,0.7043798215385697,0.8795719729924022,0.6771594039578268,0.9208928705875096,0.6883088708770997,0.8622219652913993,0.8505136778987514,0.7962483499016972,0.9152156058516775,0.9415432226896634,0.937944742256193,0.8840563278996013,0.9281417112691508,0.8892334748161068,0.8664178357699891,0.9050451179812894,0.8770269265463276,0.7647264860542212,0.9525036683713014,0.9480729673228001,0.9445748051179007,0.8190912218816414,0.9118020857443413,0.6726383541561575,0.8560214153526702,0.7761539169746657,0.919161948922901,0.8412218006136114,0.7587969129135677,0.8038167708454799,0.7682365001104712,0.7928564369498364,0.8892872304742289,0.8537725848869789,0.8629361598709167,0.8338651866541726,0.7816799163344171,0.710467558648032,0.8470631509285242,0.8165221108189977,0.9072741745944963,0.8986901961529926,0.8469089588390227,0.915507288565418,0.700346522626071,0.7640201646282518,0.7619229927486502,0.67675042782686,0.8482479378492259,0.858291340952681,0.7648235657360124,0.7311913656520096,0.8584535892054829,0.7762608028893975,0.9329446339029587,0.7497652200725605,0.8536895014870891,0.8106596680908159,0.9049809297046553,0.8989874458627777,0.879981013686117,0.8516017070372056,0.7175735284902923,0.8546277233232203,0.8097564943912453,0.9100179316105979,0.8915383503569967,0.8807386953821243
0.7953245829550567,0.0,0.8793805685681445,0.893505917497467,0.7001817269226802,0.9151518290533741,0.814223328036094,0.8872791848062119,0.8483025415511612,0.8329343416987611,0.8542082616583454,0.8555299548627251,0.8587321937456519,0.8027039539067933,0.8931778479348231,0.7869669643894707,0.8178460948829557,0.7526040899603288,0.8379501667465865,0.7651781699926835,0.8377807310279816,0.906324986085295,0.667944861330385,0.8273846290012344,0.7598353886897058,0.6843752166610365,0.698341889703189,0.7550513808052509,0.8428735623206034,0.7053077886230806,0.9043863194428419,0.867138048461254,0.9364093473639162,0.6977937718743639,0.7977991830845435,0.8897893075650587,0.75985122814739,0.7833795374977707,0.9181319992157027,0.8307523481650442,0.903415146381278,0.8321187852800302,0.7129007387533504,0.8342850226622996,0.7960690031921576,0.7844490176590744,0.7246180261442654,0.7897575569881713,0.7573487078692197,0.8685954020988069,0.8755629227934454,0.8012758396756909,0.8559199392214509,0.9536685165750179,0.9176474287547354,0.860738903735931,0.8238768936831724,0.8148410503881357,0.8575586802609007,0.8844453199105828,0.9563490104636174,0.7537497050370046,0.8175829330676802,0.7344334962959926,0.8236707623888229,0.8009834789863056,0.8687382359124652,0.6956823694289064,0.6986496184189209,0.8013364314581206,0.8404570819949384,0.7301143147640933,0.7782853230128072,0.8919320078215124,0.9175152118432988,0.7080072303795871,0.847658133452214,0.7087193986381946,0.6869054413693814,0.6779643716568906,0.8274551816560263,0.8345685058701228,0.7752169858575241,0.770594982999795,0.7527532545536887,0.8162321866369633,0.7834462961427793,0.7508535328518515,0.7497838644681405,0.8774834625481592,0.7629422453002879,0.8669949012371112,0.8981098990941772,0.8494313450353868,0.8917782707838506,0.7992059246280988,0.8639750425324071,0.7304522861666769,0.6823244940712403,0.8420733196872388,0.7809523041747769,0.8448800599206657,0.65391718228093,0.7112278400310958,0.8161064212992893,0.7395502041625368,0.862873573971288,0.698876203468148,0.8341753182674546,0.8584457176868985,0.8492898294041532,0.7275421355949261,0.8884329517019933,0.7827045071992497,0.7591090734967914,0.8146114949397855,0.7500782405827928,0.758544957472347,0.8396845861556846,0.6711866864972408,0.7828031113952936,0.7525573402776778,0.717558903871975,0.8340325235453465,0.7977405995476277,0.8667086585585961,0.8339391465209718,0.8478161848954601,0.8174706979117309,0.7877582505788271,0.8253634037066517,0.855911639209227,0.7353438787673987,0.8326507838752334,0.8859234316995898,0.8371989502341373,0.711111374404698,0.781019032127898,0.7090689317827767,0.8434063277111085,0.778022511354362,0.8345571948307716,0.9004296718518717,0.8905090423549143,0.7984918196545479,0.639254269195066,0.8647848088648729,0.8097815219848796,0.7421242015833486,0.7401243898456097,0.7779776505975425,0.8328544387877133,0.8695225616987554,0.8496621907018003,0.7855575928485632,0.8898517091727435,0.8668860018857587,0.8001342686220309,0.7996107921637584,0.7696671768113283,0.7521001812357703,0.7539320507657634,0.9085913542650169,0.7902167177226382
0.8110275665277502,0.8793805685681445,0.0,0.813235082779813,0.8628119550643365,0.9091052287632774,0.85981125322642,0.8357384269672284,0.6961652006666349,0.8437080670486741,0.9497469211020758,0.9212876905024809,0.8859992948546421,0.6606177373627049,0.8971745915382634,0.9051993028292754,0.8824398904278004,0.7785024330658964,0.8323971402228397,0.7595223333172204,0.9270595061692101,0.9324913141460796,0.7182033074644233,0.9119218368401888,0.8172280314343798,0.7932157182238243,0.6670748491338848,0.7431657164077347,0.8464949835701765,0.8335869891435019,0.8179993863122261,0.8820576929735715,0.838014707374983,0.712157216857391,0.7362893304881233,0.8268982940116018,0.8573743478268337,0.796791789820449,0.9082093765403404,0.8616209783505987,0.9032283470120965,0.9122035044342104,0.831854719687221,0.9333110584410477,0.7838507477891161,0.8090758183709704,0.8368599043094659,0.9333536109694304,0.8190641320547579,0.8656602645605174,0.9105923975338233,0.8581901903365723,0.7221092479156581,0.8990746013553165,0.9079063221583515,0.8259530571325746,0.8367298352415967,0.9306320748296314,0.789732065081873,0.8003929007750353,0.8219065004813031,0.6876080424950212,0.8828303093191096,0.7044908259858752,0.7717789362668714,0.7845004765683434,0.7567843428779772,0.8106241013399175,0.7546722796942678,0.842129040435879,0.8855296037923068,0.6732033220623529,0.7162484657558289,0.9243793361903808,0.8593381459844502,0.6635760038692124,0.9088630299210749,0.8334625852669937,0.7209861987310715,0.7591710852596114,0.8912143665557632,0.7575283560682602,0.8645842484309411,0.7583137934817296,0.7651802722279678,0.8171726682673351,0.7870598620285888,0.695635079408503,0.7036517261086216,0.773239728628499,0.8737408223616822,0.7073015938988293,0.9269682145449254,0.7816847384254706,0.7794341418396681,0.8384192348421688,0.7177312370144237,0.735678820638625,0.6016371024616768,0.7538463918166448,0.6655005209511748,0.912450843867469,0.6816545851721141,0.76081592358438,0.7382030233531224,0.8211231499807737,0.8739362356609593,0.7528705954718738,0.8666953299320063,0.9456398661110944,0.9003172007735908,0.7598861351848043,0.8054674895147148,0.7093369082914154,0.7512946424049823,0.8473271696638701,0.7346961737432016,0.8647275314044891,0.9130051779216923,0.5869911109822799,0.8720456783175686,0.7178806231984296,0.7409021673701702,0.9049086370032492,0.6569449381577852,0.9092628567371351,0.7274210682551797,0.8842276262588356,0.8259096117283696,0.7992541681024122,0.7767746795158224,0.9353925377331377,0.6511708790395403,0.7055133923170358,0.8733335916993746,0.8419168380947174,0.7935220873868134,0.8045774258730347,0.7410600501613118,0.897774110238175,0.6878461292058079,0.8166233617478247,0.7591261451127282,0.7650985502427301,0.8876103880146777,0.6956206760023522,0.9135053982243758,0.8425467759580555,0.7947322788439071,0.7211123440894874,0.7503192774673451,0.7430476437007897,0.8509008271883592,0.9497847600318523,0.876199505021391,0.8869018453600578,0.8703654688333502,0.9287477088613129,0.670002467238732,0.7886479121346857,0.7621796262749869,0.699906459932275,0.8805790095653712,0.8694997623278946
0.7949759284562193,0.893505917497467,0.813235082779813,0.0,0.6916350964050065,0.8112899045452479,0.8346478845363455,0.8543367370664766,0.7930113122871716,0.7200832433567165,0.8440066304215628,0.8306275770944535,0.8145232019691043,0.7281522654247478,0.878243768733825,0.7426972401200926,0.810784866512298,0.7606555260214296,0.8407024626858471,0.7601245505974428,0.8449393239123302,0.8637750505450407,0.7099074125083077,0.8648241029944912,0.7377116937245998,0.7147778703718336,0.7180709060166226,0.786844563128464,0.7120154832755695,0.6599051756576512,0.8095927902214679,0.7696712685779921,0.9138716977837822,0.7259231378293836,0.7870529723422235,0.8308884612977194,0.730305735283074,0.7394929223794194,0.8593060106051053,0.8739015457796926,0.8843400628715147,0.8416197310974506,0.6970118650261323,0.8019981391761135,0.7965665045953012,0.7810517014436514,0.6742762482396485,0.744773613191845,0.7693352033168446,0.8394541957160441,0.8717105312074771,0.8171228344509411,0.7848444870328006,0.9341415002878287,0.8290484608494942,0.7687550594831749,0.8331049382948562,0.7872024918158144,0.846803556125603,0.850056122067485,0.9059487611337527,0.6521284389417669,0.7976251372134262,0.6967186694538094,0.8113541222416383,0.7935309666036124,0.9162924982354406,0.6492105900588953,0.6761681250948889,0.7859592654367555,0.8083734020667924,0.6830010750406373,0.822351806805145,0.9070536407005543,0.854967112514624,0.6425994687408652,0.8448153466340907,0.6726120413702265,0.6954979954347261,0.6238226341167925,0.7339461148036316,0.8817025810869638,0.7003647578377009,0.7172624301931958,0.7797229922121804,0.809084098539277,0.7598111817146589,0.7075984383908349,0.7061388847317173,0.8571822379242262,0.7819414489958821,0.8162785647612296,0.803356682069196,0.8298996128883127,0.9160284985671072,0.6935038721303237,0.7951507317901997,0.7322429640698958,0.6304409429634076,0.8530382859294972,0.6821198345443703,0.8119403154710537,0.706405451882974,0.6818632347873088,0.7834734943559257,0.7322926004783599,0.8358199232664133,0.7096651386296939,0.8031922681066682,0.8413875401017721,0.8827955934067696,0.7633217269707784,0.8694903150076599,0.7332974239992189,0.7476055620351946,0.8370820058202632,0.7227535781694197,0.7004022102375992,0.8360267304695135,0.6389929930989645,0.7681230403539793,0.7237812797896309,0.7320465778171169,0.796013177889885,0.7216949690331139,0.7617369492498489,0.8086993658967903,0.7829609205415071,0.7769942835846819,0.7319197894777789,0.7147640781967632,0.8009432526345787,0.7013828487139497,0.8465201582932519,0.8763363391711038,0.7293561796735492,0.6725992896461538,0.7884698404525834,0.7305492778479028,0.7949738273775937,0.7123439382451707,0.7077206583330271,0.9075757640574869,0.8296558908578588,0.7497538119313772,0.6679904068387088,0.8238606704976132,0.7028244607464383,0.6937654718125371,0.6714481378698025,0.8272715352077992,0.7007803146353746,0.9040493648722454,0.8002719190597627,0.7875524341817882,0.877837841150062,0.8883940873352014,0.7791910330793226,0.823578240480273,0.7442243986440322,0.6783321850732641,0.7057179669404233,0.7998309410743843,0.8459213218546753
0.715997484655344,0.7001817269226802,0.8628119550643365,0.6916350964050065,0.0,0.8006968250550779,0.8669104484724756,0.6532109131563085,0.5966364113880411,0.6700520365134991,0.8577395837241303,0.7953461961231759,0.7735997905284862,0.5806555828201313,0.7903461215600018,0.8487173827972092,0.7786052354464404,0.6738109511645537,0.6758016565453548,0.6280881735874776,0.8178866141361953,0.8056642839723925,0.65840497594302,0.822497714384783,0.6822323142919103,0.8144365147339877,0.5973369979923441,0.6236194437387964,0.73831970433376,0.8969696479726356,0.6648105701122397,0.7605602172349666,0.7276546243344546,0.630114961631752,0.618726784399358,0.6849356011717946,0.8333169975257101,0.697926419374226,0.7960246635674925,0.7780391433049706,0.7705664482490602,0.8386823887252494,0.7678482994089275,0.8944924836246807,0.6505876785576041,0.7094113712765168,0.8468264654086463,0.8885327078405079,0.7366946110610101,0.7378455809240189,0.8376350752204716,0.788661042532551,0.6129438777702733,0.7462540376392417,0.7703044471778928,0.7709052226557247,0.7278084303461182,0.8745410027917718,0.6161483187785264,0.6811275556001894,0.6447596717807236,0.6709331027492218,0.7899564066515044,0.5955329304295169,0.6523660526801136,0.6576701927172046,0.647234732070378,0.8803038897268121,0.647571505723736,0.6965577205907056,0.8481894551645756,0.5925250401903909,0.6064637687801102,0.800351540948299,0.685138554407473,0.595216434798952,0.8797143602205023,0.9486241772242251,0.6421803862666301,0.8745760342726965,0.8106579498357843,0.6598283575593901,0.909075561363543,0.6467245675145492,0.6785637739823299,0.6917160639258843,0.6686378318063744,0.6078939776717934,0.6024136227258265,0.7083736395120276,0.9043731457386558,0.6072440891456193,0.837470665649528,0.6671774261524553,0.6821066777498261,0.7731230476544789,0.5793577100156174,0.6235065849672536,0.5792181016902446,0.633469521987889,0.6013415198290782,0.7570885108177523,0.6138365990957817,0.6265363458878535,0.6178881352394321,0.7662337693364656,0.7238194451465378,0.6540420299737345,0.7758596075025579,0.8241143338232507,0.8013713826557517,0.6982844071796448,0.6901017674955467,0.6051176346594294,0.6710472717569571,0.7866399387766224,0.6208679548347884,0.7486126770302008,0.7763788213474825,0.5613694890880458,0.9046007059828196,0.6747554097438296,0.6594562784812281,0.9011168459777058,0.5785616203944984,0.7943095190740408,0.6546355599850688,0.8532718941887614,0.6805371221120593,0.7112613632456445,0.6532525099757689,0.8566245470059688,0.6006221505530372,0.6384598596403337,0.684035329538641,0.7635878418502561,0.7367685010839863,0.7430233580930261,0.6251546471289384,0.7797668004671094,0.571851595642324,0.7527171679814278,0.6460591353060519,0.6236850692482432,0.8278390772028635,0.651979321391349,0.8752866196892232,0.7975107521993058,0.6544253187999212,0.642195614172369,0.636428179747553,0.6251352053318718,0.7030804774189667,0.8604242615050645,0.7559103164364817,0.7336205336216177,0.7666644456640181,0.9283746887836554,0.5945060102097997,0.8166454383302683,0.6552343622082815,0.6208677691140517,0.7202135582687041,0.858069693780715
0.8071471238482955,0.9151518290533741,0.9091052287632774,0.8112899045452479,0.8006968250550779,0.0,0.8231778722232374,0.819194319419764,0.8256267839573558,0.7723138876629582,0.8711320210364261,0.8701547150785178,0.8528292180740457,0.7118698214249458,0.8623205087773441,0.8351825270054746,0.8298879879209776,0.7232206679055493,0.8218420899344456,0.7312102695401496,0.8763763066622975,0.8998183871279857,0.6375975046191454,0.8272576525625153,0.7439904487395798,0.7162823086742882,0.6082371128224414,0.7048435658071336,0.8080056032323581,0.8041391493320996,0.8608979636974293,0.9019460481378192,0.8691625288112516,0.6761557065689194,0.7397973455300486,0.8321737117181168,0.8012249070826861,0.7653943537715259,0.9177256994357489,0.7870001434090774,0.8707574711260229,0.8996636361161138,0.7520138661617238,0.9085755930441596,0.7380351743113656,0.7730246062699476,0.8018251665236015,0.8560195952814151,0.7382134518877971,0.864030156530572,0.9234591156223576,0.8449204376788447,0.8193709465688277,0.9185218140164106,0.8867720189730115,0.9267477269195343,0.8299772611968571,0.8872104466891091,0.7545257219946981,0.829278671016742,0.8757910024573539,0.8021685089509925,0.8772440426178896,0.6780062217057885,0.8215810752074465,0.7951637372356628,0.7709718207908248,0.7874500891725774,0.66891261775747,0.7799523541606024,0.9197834619142692,0.6761514547201238,0.7443333344237285,0.8860302599807568,0.8838356078559444,0.7039539944965664,0.8848747235642446,0.7821497816337428,0.6772314617149071,0.8017450136226091,0.9226191007946392,0.8272818878192142,0.8658346563952354,0.7438383989849126,0.7583613531141292,0.7841412150494957,0.8014649050296866,0.7176606978368133,0.7128707326708336,0.843271100353388,0.8311486330699086,0.8224737900927456,0.9207474913258076,0.8382634191793079,0.8476896531532513,0.8224681924186348,0.8191768814925358,0.708646656423265,0.6778532908612943,0.7734475335679588,0.7173859772364195,0.8545204760656755,0.6417898359722529,0.6791378834613331,0.7839695699226007,0.765753997178403,0.8568674334162483,0.6790892965205251,0.8176817465418997,0.8807729901084266,0.8735592008269373,0.728957279840901,0.8929553480721197,0.715595193111973,0.7451708710961931,0.8220038285668607,0.7370314272217888,0.7606989142667427,0.8508215857713898,0.6422273000816721,0.8435081327826013,0.7574985374586091,0.7206572156015999,0.9112957856103754,0.7834796565057893,0.8659596744278295,0.8273932739199062,0.8757333313353374,0.7797937723885724,0.745385484187728,0.8149914899019501,0.9505580089534836,0.6946561863367503,0.814089473674533,0.8333477470439578,0.8874371078637001,0.7370613387508957,0.7443867692373208,0.6468812276827879,0.8511717887541065,0.7034639890083109,0.8740405482761694,0.8412340843838955,0.8333848295799313,0.8253346369219661,0.6430572201708842,0.9453702591678415,0.8465244574293906,0.719300831957028,0.7320067365310902,0.7507141671542142,0.8097248686821569,0.8216606334004395,0.8369478072818491,0.7926923627848087,0.855500267342576,0.8353925900417131,0.8761587393087095,0.6912849524024876,0.8376035824291262,0.7246347755756115,0.7557516199306372,0.8969893907204586,0.8393686520664431
0.742645389568598,0.814223328036094,0.85981125322642,0.8346478845363455,0.8669104484724756,0.8231778722232374,0.0,0.718928895846815,0.6752365701863676,0.7572767297106663,0.8823495695219297,0.8070499376741362,0.8211126804171771,0.6875463649935232,0.9092535336178835,0.79987017219846,0.7724630732154047,0.7168890183951593,0.715225277624659,0.6494424102975397,0.8022939619665982,0.8776854127954863,0.6798195613316835,0.8405657049389219,0.7101321960747172,0.7569280936541191,0.6853861163197404,0.668580445901621,0.8087407556556894,0.7953712761499184,0.7508831716603717,0.7933347571012771,0.8673424357143625,0.6429346056284565,0.6783746611675462,0.7417492707138703,0.8338662699283452,0.7023282358000789,0.8564758574516783,0.8472705031405782,0.8134180494742819,0.8300285638308974,0.7250086075069461,0.8758072242278396,0.6978895003277237,0.7306659337167574,0.7655929286306677,0.8438473563835805,0.780681475212939,0.7620376678394083,0.8793523821771895,0.7649155057500957,0.6945719501914445,0.8439936820923434,0.8627583096436752,0.7938693253771237,0.7458020276064484,0.8222928174244885,0.7347569124038784,0.749818016429173,0.7604403456056796,0.6815526490684253,0.7680581933363766,0.6209993485115557,0.7085089421691962,0.690335929495112,0.7967059824420671,0.8394411918726806,0.664823188320567,0.7489433895932626,0.8501394354957095,0.6439180030042237,0.6592469287327442,0.8618764550635195,0.7345996668425604,0.6439617841632408,0.9358101598005221,0.8742621411338233,0.6329055902081756,0.7768463635837242,0.7843884695644467,0.7339638132015668,0.8808453408034622,0.6645885831200635,0.6791651291308238,0.7096399119457156,0.7012075870748469,0.697390798432048,0.6533468484391634,0.7924791539154672,0.8545287409148594,0.7134039292880944,0.880984845730757,0.7233900941866951,0.794594990010095,0.8200531941343163,0.6462342693700605,0.634633848889115,0.5998955079939502,0.7210534595504227,0.6976919945387131,0.798637463026094,0.6350674531346392,0.6499175510906179,0.6626406823697226,0.7267498530273852,0.748017860806709,0.6514121659474554,0.8159086110558965,0.8358031697990723,0.8377922057280203,0.6879495780454512,0.7769208829699122,0.6699059646175909,0.6894615160800706,0.7920744243276642,0.6449533628133279,0.764627017974651,0.7862498643222753,0.6039295805638891,0.8419339413860029,0.7191126535336588,0.648724169621202,0.9106824252828065,0.6445735240844633,0.8458260138752303,0.708202055779885,0.8609538456004961,0.7054573447520567,0.7658452493317814,0.6750440528484207,0.8100395555011817,0.6728718971292631,0.7006218221379266,0.7409645409008507,0.7847449037668927,0.6971541407100903,0.7878328715575897,0.6582564146371037,0.8037872037878243,0.6932329690818857,0.7621129755512527,0.7616349196817259,0.7059978806354096,0.8129358873099178,0.6398520829480382,0.8544698389917298,0.8330942541257592,0.6606164519382767,0.6245928626405404,0.6854151746232869,0.7108740152701406,0.7575212441256882,0.8916545524226513,0.752445450915635,0.8284731419289452,0.8635067956369005,0.886908418042176,0.7665880138373486,0.8499896528811692,0.7076180340685594,0.656253750955398,0.7688419659826282,0.8431044012866652
0.899120931562022,0.8872791848062119,0.8357384269672284,0.8543367370664766,0.6532109131563085,0.819194319419764,0.718928895846815,0.0,0.7773748660088391,0.8201427631043373,0.8527404168997726,0.8907709950017765,0.9069176353232171,0.7564963537756183,0.8051894365099793,0.8471802586209896,0.9098030968846664,0.871056246814798,0.924342229674793,0.9269488147169749,0.872273707929823,0.7765498977223078,0.8150234018613549,0.8586627439065714,0.8948361694151603,0.7696078874000437,0.7848149177815811,0.917442696158583,0.7611086792110664,0.7220970082983476,0.9394877241850205,0.8937927070484706,0.8220576678904358,0.8617456817148935,0.9237608193589402,0.9307067060930005,0.8008532075387031,0.9066026590861282,0.8099584563021941,0.8703247318547209,0.9246222713219436,0.8023295474744159,0.8330903012593986,0.8235571381266467,0.948145754667122,0.9011729275618173,0.7621255054731663,0.8017854512716107,0.8664827559304155,0.9308403898189583,0.8431342160028874,0.8700316595162608,0.7616005631366763,0.8502687883225243,0.8765220173097631,0.7974698301290329,0.9103560943144015,0.8451811370632591,0.9080377652493109,0.9276250734817899,0.8855933700975662,0.6964536848373278,0.876914300313344,0.8617263270250514,0.808161819345574,0.8967061620595733,0.8217179464400688,0.6335852590914702,0.8423871924129424,0.9206314812016535,0.78655685887036,0.8317262414607307,0.8709812668785389,0.8976082511824122,0.963939561836568,0.7767430159574693,0.7773481751303363,0.6578447507312051,0.8569710496692816,0.6362385768915915,0.7908917658985161,0.7665645671502429,0.6744812384899014,0.9012358513633603,0.8892786307128435,0.945554983472844,0.8994313080793588,0.8203220052842843,0.8805442895954164,0.7794033603791787,0.7899189415638498,0.7993495923670437,0.8497871438872647,0.8897286968350337,0.7965835400095725,0.7232223537907829,0.7856850791710662,0.892322875793794,0.6872114017818564,0.9270980211891743,0.7356575006537357,0.9077464264231705,0.8190586095704424,0.8428324395450814,0.9252522171429721,0.8554253214096909,0.9440169848693848,0.8627398576038462,0.8772478672574374,0.8729549670484766,0.8630542236291302,0.8619710326645638,0.8631778961411538,0.855421495319713,0.8834782601518447,0.8769596100211138,0.8957510114859756,0.8263203244923525,0.9101708551361506,0.6900807874391361,0.7774661248145598,0.7968042848373854,0.8620410974432944,0.7733257066689158,0.7528245427544294,0.8382462136041995,0.7868284015952998,0.8066181776666336,0.940000514734645,0.8269710138760705,0.8901093520317526,0.8125464782918164,0.7761351945332544,0.7519117414190519,0.9264304750297933,0.7599247571040189,0.8265750749138928,0.8568260735217824,0.8683771427173139,0.912816952508998,0.7433486915107456,0.7863538079096746,0.8056759416557248,0.7875406643669772,0.8348144485734295,0.7917241887825841,0.7637438121678277,0.7127617275219797,0.8858818238118858,0.8208453553544771,0.9218985051703562,0.7700643780012083,0.9013390462852636,0.8172004421289567,0.9006068048585839,0.9067069309577,0.8515310713411286,0.7892241793578867,0.744924854315258,0.7573019921041673,0.7761087006087217,0.8464358042934992,0.9351657255718018,0.7999166642867241
0.7405540360328903,0.8483025415511612,0.6961652006666349,0.7930113122871716,0.5966364113880411,0.8256267839573558,0.6752365701863676,0.7773748660088391,0.0,0.6468416938723573,0.6924412546488156,0.696198424222509,0.7308697024045172,0.7808804567729251,0.7466766936471625,0.6503970290671198,0.6991651244472287,0.673320075956141,0.7484914550714128,0.6957818047438198,0.7141988673909945,0.7610337210424002,0.5696735257143549,0.6795923347352952,0.6315939893980289,0.583491661385099,0.5997821244791287,0.6788436760824692,0.6534892409758227,0.619345533583386,0.8030094155046279,0.7568492629282947,0.8111267824226059,0.623840244195848,0.7354432963939291,0.7658109144176418,0.636922113217727,0.6843766152638544,0.7687273131666089,0.6872149875674792,0.7485551362994461,0.7465704856178932,0.6094081025919823,0.6949786816055256,0.6854841099955573,0.6931061139900737,0.6270257597094943,0.6383702265969389,0.6296356127739033,0.7830841093181978,0.7813252714882981,0.7187572690408981,0.8927491232093696,0.8230800579474679,0.7343564706647441,0.8101401995007236,0.7546352484044935,0.6866842750007404,0.753100740241723,0.8113387779727858,0.8877863051135659,0.7802300137793757,0.7405337181036218,0.6521765733546838,0.8331861451635266,0.7638332982421229,0.8014782932413469,0.6158893199478587,0.599888831621216,0.6929354408768866,0.7789568886618325,0.675894401543095,0.7870865740024281,0.76358898670712,0.8372000087072552,0.6894855540154904,0.7229537467786215,0.5852332490327695,0.6169085207402626,0.6244951053325314,0.7339962797271254,0.8695937440932938,0.6663684632481435,0.6841741169438612,0.7051760121446368,0.715062761556035,0.733680382823269,0.7323121574730619,0.6978700848431205,0.8267176931022927,0.6705326828835263,0.8841257335747431,0.7452069683459656,0.8303584769015442,0.8964344446935866,0.6458447880323874,0.9098228181427681,0.6503620354503546,0.7155894704872688,0.7859131528862687,0.7182995462786458,0.7121089767849585,0.5980872637755144,0.5804743917182075,0.8080630993134669,0.6412163912618225,0.7560792343275692,0.5982878320829336,0.6960883458012987,0.6999735803822736,0.7263274166943418,0.664285437230155,0.8806509712767344,0.7212503214352394,0.6958447668987378,0.7199326784158226,0.6959885697861192,0.606228441121291,0.6946559719195133,0.688795415372541,0.6813862982905393,0.718519460323721,0.658766336843862,0.7192317445002815,0.8941368096364414,0.6781611447835019,0.8737833637473067,0.7071600228722745,0.6780717708773183,0.6619030625218105,0.7670569961885313,0.7649280955263212,0.7274014332664869,0.890945756196158,0.7545549630630101,0.7683076969390157,0.606444484177072,0.6535346665298095,0.5895182010393474,0.7051666591454143,0.7033029110391817,0.7443372432272148,0.908319042341213,0.8647993197938441,0.6460741098083509,0.5756217185801613,0.7719030800596575,0.6858565319382036,0.613849126818446,0.6675470827265128,0.7370877813077567,0.7709065782356953,0.7737297408936556,0.6568334227865055,0.6429034610404559,0.7678496454811756,0.7447577209375096,0.6601632531939867,0.7377417983195793,0.7219590846396241,0.6407827491654501,0.7415134849460058,0.7791766553915834,0.708241664832576
0.736945472160895,0.8329343416987611,0.8437080670486741,0.7200832433567165,0.6700520365134991,0.7723138876629582,0.7572767297106663,0.8201427631043373,0.6468416938723573,0.0,0.816610281982596,0.8103013474480193,0.8229070049003249,0.7119308317525133,0.7953271621081862,0.7976540484218057,0.7638692211894879,0.7592622711341098,0.7513843141273414,0.7286806670859524,0.7400102906755995,0.7746441464956328,0.7193598703156225,0.7463585395562764,0.8490222787868168,0.6826838114155435,0.7466579563555642,0.7284822801476304,0.9270951762103676,0.7277132167326366,0.8557891628839734,0.8418552626212233,0.7706584169925581,0.6887746166499021,0.7500566325005318,0.7950950352597242,0.8025460964990633,0.78044249763764,0.766183255170463,0.7575952625127226,0.7884166060815924,0.7129190007992253,0.7663536004533084,0.7845399543706824,0.7751000550681683,0.7405686985197883,0.7329367667956828,0.8135887577888301,0.8032373610795615,0.7485670522918342,0.7366554328412231,0.6988001393342145,0.6617226360800788,0.7598432326839147,0.8962963620580192,0.7325794887775866,0.7133337473046366,0.7751041947590936,0.8140780234615902,0.7377272018611376,0.7633061991101657,0.6401193559189242,0.7345187254494048,0.7386185645299058,0.6639964085148303,0.7026817367974254,0.7011530479983829,0.7034648650679292,0.8116837967981122,0.8594245954728625,0.7030526935232578,0.7345716949563629,0.6519961682906328,0.7695180912330154,0.7870176134885011,0.7261870625662751,0.7383253139902904,0.7162925749979837,0.693930248902828,0.6434680580059657,0.7685821184153645,0.617768858073929,0.7373292315490708,0.7787937912352931,0.6741783405372705,0.7519886858309784,0.7717889476224203,0.7612703936761016,0.7581197777631646,0.6658466077799279,0.7094138882686465,0.6928580813393399,0.8463700599681072,0.6956051231580093,0.6615534322932601,0.8799256919579584,0.6488803782635502,0.7251894617059084,0.5966696910848204,0.7245607685107249,0.7472413078092403,0.8353774875554576,0.6799512100455978,0.8582082409866278,0.7123433316135818,0.7231084415170429,0.7635802059573145,0.7439088417721204,0.7942539483740475,0.7936010834614531,0.7420897454626485,0.6708010033896102,0.7165549479361065,0.7721967680440632,0.715465228894642,0.7105076211817777,0.7380808175583583,0.8977652728407253,0.7996041948247701,0.6170942291690925,0.6925985888012018,0.7235115209435962,0.6750461177994145,0.7469441780124998,0.6467879549340059,0.9208714206962557,0.6250341682890358,0.767299002284575,0.819232137715792,0.8158653962292964,0.807509516673343,0.7208753095111414,0.6803360047812669,0.5957817781953944,0.7797142007907244,0.7487082703483164,0.7633071348551838,0.765705095447716,0.7656287781229116,0.8378102252981492,0.8173678003244091,0.779521407438353,0.6630068966244693,0.7005460634296394,0.8161407738838098,0.6761213088256827,0.6980725918223543,0.7915927386114142,0.8439398587974858,0.7058305644763689,0.6965652132904492,0.8248270473352177,0.7190427053085746,0.8420260948882001,0.8047268809991036,0.8133584356115843,0.7597351172824579,0.7661723026775563,0.721893174620546,0.7038008709182519,0.8276017241533575,0.7204556703944438,0.869663941041195,0.675468319182019
0.8515419628960412,0.8542082616583454,0.9497469211020758,0.8440066304215628,0.8577395837241303,0.8711320210364261,0.8823495695219297,0.8527404168997726,0.6924412546488156,0.816610281982596,0.0,0.9553311440517607,0.9158960653009092,0.6762057732802259,0.865418055671747,0.9387668367327561,0.9183915038735144,0.8015146596263206,0.8518345173289911,0.8004047547809312,0.9328205519004147,0.8824994265213855,0.7964398770941669,0.9489643802232597,0.8643315797164346,0.856918477026178,0.736826793110154,0.8057352973092438,0.8302840619383042,0.8586821909777714,0.8375836833353107,0.8886600482801601,0.8205130974770305,0.7839392149729757,0.7925758665049106,0.8463899740623428,0.9153914333735854,0.8397820792012515,0.8995661331197804,0.9092384158510833,0.9027403602950297,0.9225492497857524,0.851182084810278,0.9546603388889332,0.8346850072144226,0.8299614150085703,0.8256730175342244,0.9581369356137638,0.8932918713673748,0.8678147051085402,0.9037900405325167,0.8769087187762313,0.676069203831912,0.8750679105681173,0.9237654591859431,0.8288128978842604,0.8637981309263841,0.9540452074694133,0.7898641889056229,0.8228102845911889,0.8087746245711923,0.6640833342956483,0.8710155885820888,0.7441866149011531,0.7348601234585417,0.7840049931057049,0.799212196488731,0.7724627780089106,0.7765449246898757,0.8759050433681239,0.8572292659520085,0.7104276446972654,0.7635109776389022,0.9360915171534647,0.8540835270476264,0.6779864199064006,0.9306902896265171,0.8471597444497845,0.7600235952248794,0.7699750032759981,0.8332593295941894,0.7384213510153066,0.8259700457569227,0.7880240165805349,0.8151649240946106,0.8544822867728906,0.8520287829090083,0.7092307891802938,0.7331138941459239,0.8046946155139807,0.9115956407996506,0.709806338432138,0.9156763977995697,0.7954352651687079,0.7761125495209295,0.8202831821988805,0.6765430717179929,0.7803599972865847,0.6289237088391796,0.7888355022711582,0.6982479132648153,0.9205781235109581,0.7373889593581779,0.7734889105690133,0.7560176510538129,0.8536304429775156,0.8732586967565515,0.8108422810901947,0.8701461989388407,0.9710886295878652,0.9441612906675343,0.8241936574037156,0.824429748415409,0.7752581430402096,0.7835267338441883,0.8938094785185369,0.760179785083024,0.8876521761329338,0.9373866479840322,0.6252039371524913,0.9029136665956214,0.7371171420162091,0.800534452976335,0.9000869174816702,0.6795625540396294,0.9022476709307641,0.7241196567704569,0.9046449154321234,0.8606966505427098,0.7983612898895606,0.7880616100855883,0.896832424981301,0.722015574355355,0.727247020970986,0.8874339242274698,0.7809393407250108,0.8299988242331827,0.8578695973247114,0.7946883699172932,0.9168498414887388,0.6658604619094923,0.8231004279970461,0.75210559424287,0.7368774493388409,0.9397584072201429,0.7569942268963414,0.8772928114576853,0.7793313661109518,0.8186426846388029,0.7570150543861386,0.816958949483,0.7024239394207159,0.8742080178863907,0.9244588401733912,0.9143010103094006,0.9120315354828057,0.9224910045818714,0.9444882648208106,0.7095088935265048,0.8393517654262866,0.724479442513972,0.7454852729163781,0.864908051287273,0.9292277831505796
0.84703378504474,0.8555299548627251,0.9212876905024809,0.8306275770944535,0.7953461961231759,0.8701547150785178,0.8070499376741362,0.8907709950017765,0.696198424222509,0.8103013474480193,0.9553311440517607,0.0,0.8777651957285775,0.6573444216448934,0.8076028140415865,0.9255111454995519,0.9308507621478158,0.7819056817874424,0.9155691803053917,0.8439364285425882,0.9470803698336089,0.8334040375289664,0.8092317871358127,0.9215770444574425,0.8918606258318396,0.8266573089293623,0.7146591557090344,0.838776320230855,0.8009333368665528,0.8311885234596473,0.874576656755902,0.9058565815506897,0.7878746164886747,0.8379520115464836,0.8237590919267378,0.8964228984134903,0.8548653500075333,0.8538429003664045,0.8999589439044908,0.8639246521908156,0.9094670972121557,0.9117443317264853,0.8543718669205673,0.9294486720008474,0.8662068329917683,0.835932613097828,0.8102975622864821,0.917812237125913,0.8821553881881276,0.8936523307898762,0.8841295100278882,0.8887575936563388,0.6789161009774453,0.8758016694097533,0.9219795898522966,0.8154983925965646,0.8841847274006097,0.9653422628527495,0.7920952727548252,0.8453266334400927,0.8100265603945821,0.6672305740306526,0.8746950175501511,0.7938625346184409,0.7420430758914396,0.8031097811812439,0.7600706409970801,0.6892200850677572,0.7721194198053354,0.8574364659348429,0.8092326426040508,0.717773384310224,0.7961011600921262,0.9134694335168116,0.8845207349604169,0.6786189267499858,0.8722495038018081,0.779730203289809,0.7877097633701324,0.7185333874351058,0.8104602396232299,0.7451975870322012,0.7545053326432866,0.8004673718334496,0.8628808170077455,0.8782857814457976,0.8694010961853464,0.7088992808571656,0.7554479665166752,0.7776280383851449,0.8747310063321517,0.7508598275612561,0.8967156835635524,0.8125714833402455,0.7550857371489442,0.782542307512528,0.7088608483170088,0.8470347585568158,0.6561421816352994,0.8066812435789857,0.6823295910516887,0.9351665471754042,0.7815767957608867,0.8153776351658186,0.7993334435113243,0.8584148205785812,0.9127761812772283,0.8432610493579314,0.845484831259326,0.9584343681999026,0.962073097412495,0.8618875423315453,0.8131828746191564,0.7952032290122859,0.7939822269244403,0.8779508348481612,0.8037311481138353,0.888981557303799,0.9605614461015651,0.6310828944690108,0.8595741147826288,0.7306859327702253,0.8410959514935654,0.8434731054690784,0.6803869168616185,0.8777316531378389,0.7483990818953192,0.8784078150522501,0.9132149580522666,0.7532172596306905,0.8189714889485148,0.8894648169388518,0.6925266060829279,0.7413497208774344,0.9180549857664151,0.7413814143952232,0.8340607382628902,0.828122340560712,0.8081307896189435,0.928917657706124,0.6393321959453897,0.8289583351831973,0.7608508346325293,0.7720952144775204,0.9186952769622196,0.7845077796878701,0.8540239302382128,0.7277472351592549,0.8624050118007939,0.818366961749755,0.8553462454805102,0.7001134869158507,0.9027861939547017,0.8742162980240091,0.9463017629035305,0.8648993284859133,0.8582571685643454,0.8926558103729494,0.6628317454830821,0.7989616026065928,0.693816896910424,0.7663006367402352,0.8904744415526035,0.8833027645732051
