0,1,2,3,4,5,6,7,8,9,10,11,12,13,14,15,16,17,18,19,20,21,22,23,24,25,26,27,28,29,30,31,32,33,34,35,36,37,38,39,40,41,42,43,44,45,46,47,48,49,50,51,52,53,54,55,56,57,58,59,60,61,62,63,64,65,66,67,68,69,70,71,72,73,74,75,76,77,78,79,80,81,82,83,84,85,86,87,88,89,90,91,92,93,94,95,96,97,98,99,100,101,102,103,104,105,106,107,108,109,110,111,112,113,114,115,116,117,118,119,120,121,122,123,124,125,126,127,128,129,130,131,132,133,134,135,136,137,138,139,140,141,142,143,144,145,146,147,148,149,150,151,152,153,154,155,156,157,158,159,160,161,162,163
0.0,0.3275790605637147,0.33250035596745137,0.2947051880107991,0.2935051356856468,0.32724232306623546,0.25872037672729875,0.3164503717666433,0.32791557142004707,0.36877775240168503,0.33096501304576104,0.2948658953925656,0.45612410692633126,0.26846347418441807,0.35875686425434383,0.3567099313213643,0.40103886277471756,0.47398894807643555,0.3308220508728428,0.44682552080821375,0.3795931807265675,0.3207837602814821,0.2687934204225553,0.32880224293789356,0.4066603484920458,0.2725455936684726,0.27616393444400944,0.3432814910647984,0.27072667315486415,0.31801480020050443,0.3518513552263498,0.3771594062723222,0.3016133573351997,0.25903239976557874,0.38463462553377875,0.2901845606954104,0.4145253313356912,0.3291476260365225,0.2582005645398906,0.39765826523537023,0.3155772639373382,0.3016808453381813,0.40248220873874013,0.37703563906147786,0.33535561321250945,0.4385748881024036,0.30083830992546806,0.38467567299700434,0.3541270624910528,0.42165849872232763,0.4364994547551475,0.3896682407580317,0.2623931035013701,0.34361669031168185,0.31227275680623695,0.3020594025545943,0.526915614883623,0.2984092763983849,0.3387466488449089,0.3832595583250869,0.33428127899504995,0.24735365845298504,0.370124514769044,0.2310904751761312,0.3379689084263229,0.4042618855597545,0.31192961050383605,0.33895116513590773,0.33450607624741135,0.3162006429433637,0.4467706347807612,0.359382173295068,0.31338779311376436,0.3863576101068865,0.3760807689855518,0.3403492729183655,0.26362889090320407,0.29067898109849466,0.32233675025324315,0.28231987747311077,0.3192663436603287,0.352541895289094,0.35742186732284886,0.3072302966093787,0.37072717052565024,0.35143627641171454,0.30440566026046134,0.37640633376524624,0.39173922781469417,0.2667650302774135,0.37600269592533153,0.2908749389724209,0.4022561813599386,0.37097286677157254,0.34419064784560094,0.29920865797756785,0.2562080238529834,0.2836901871275152,0.2194562420262645,0.39951888992557805,0.2862859138789402,0.2823672699810223,0.29514648232705565,0.28764876471523043,0.40901455812146753,0.38070073284445194,0.4169304744739217,0.3073227789789449,0.4041971592445243,0.36600723893347,0.3266087465545357,0.3429324629678389,0.3480624923403464,0.26768908624618504,0.3416736805998465,0.3597360320826823,0.35281062186466,0.338316076210681,0.2965092077568232,0.23980272714096426,0.31021180678605165,0.2492760347081441,0.30005876898089623,0.4411040628570906,0.28215372272100603,0.34151067567545446,0.24127752569297975,0.25514229013970463,0.2905748179550988,0.41137728937518986,0.2901743355565553,0.31561328329761096,0.25540085819032193,0.2572211067140444,0.32454220119212623,0.3139739344499138,0.34627058942474287,0.3731968612979094,0.31932492386122907,0.3578365772952887,0.2907151403698063,0.27495202440704114,0.3641708728889315,0.28364244084466816,0.33281672142854,0.27606983973383126,0.30032033568695216,0.30188775024565684,0.38950881088333,0.1734437200134471,0.4052795516801033,0.30487211924642044,0.3541766450480788,0.27967184777700754,0.3262200226307859,0.34370265194433947,0.298608871715766,0.3638312915700598,0.3164796368808532,0.32872756785833535,0.28152638713108646,0.35723621877580525,0.2431559152323427,0.35728096110813473
0.3275790605637147,0.0,0.31265885349571143,0.292553258364684,0.2792810302624169,0.4298287675239381,0.2650177308453644,0.34300946326661985,0.33455152065528176,0.39999589208132563,0.29426169613631814,0.2916596739054203,0.32755899372348996,0.3460871300481117,0.3346481289833545,0.3169350191759765,0.3555275372226777,0.29131121680922795,0.29648726747144805,0.335684676780804,0.31888544465737395,0.34515973504550745,0.24285163758158668,0.3030634325036304,0.31200685018767105,0.24525988561438,0.26662294423958605,0.3120302665156751,0.45471421420354424,0.2869441928048397,0.3953264957821364,0.3231608983551839,0.4058524529006571,0.23734809499946832,0.3652039273424901,0.29536407885520355,0.2936581548136617,0.35219245378837616,0.29377573811108226,0.32544824261826305,0.4044453036680348,0.30633139877454885,0.2459291643464013,0.334811145369062,0.3318367398902892,0.28587405926968545,0.2822454629474369,0.28274049526841977,0.2760134934045831,0.32553884379225145,0.3364883227672629,0.3308135469305929,0.32272189001254215,0.39059247766936533,0.3285535960384198,0.3988705337932958,0.33687984488984707,0.2989888895303055,0.30946904837758116,0.3328402072038588,0.37052093073498854,0.23393132172569647,0.27018432096400563,0.23437436437460038,0.274369783076375,0.26436736761674917,0.2970239081139039,0.27639179664246927,0.259704685090842,0.31092358467782094,0.331785366106125,0.37205700826142263,0.27509639116268747,0.31141415764468605,0.3836194993062904,0.29669946069436853,0.23953318346667168,0.3490024541561427,0.27798616971738355,0.3505197005131863,0.3164122757114452,0.30844492775517596,0.4146950508880978,0.2983427280070976,0.3153837198924585,0.3887169779291905,0.2684708561003454,0.2809678721979479,0.30523949782795257,0.33966768768750916,0.2944405898119114,0.34174851894522884,0.40062064056690955,0.3211688780481951,0.34621171027217507,0.3666095792792443,0.30147486870592066,0.3086852099800172,0.23968837780530605,0.3517091116261238,0.3350866437594026,0.2271010315941854,0.22603219045634776,0.2880863138047832,0.33029712320908494,0.3027345056405455,0.2987632459882618,0.33304160893793067,0.341916547623002,0.33751029047582765,0.2638968534905528,0.2738703150690619,0.33054291567082644,0.29722541567192773,0.32466082142859576,0.46927621425174076,0.3249575757931143,0.23579616439571308,0.27895886066625997,0.2861999103679586,0.345161458458607,0.2908641408120588,0.2990616796971128,0.42881900019995633,0.35764996092716195,0.4309971306085945,0.27290888506108735,0.2836685254263627,0.34210086945611384,0.31801312827056116,0.40109836060802456,0.32795486437570487,0.27887722068298054,0.331326226872246,0.2915803496658259,0.297989574852355,0.29805656698131994,0.3636930114732468,0.26852502604679424,0.30070733534988686,0.2998065696380978,0.31756553575208263,0.404174419772042,0.2925226423803264,0.33711108038512455,0.22921428961090357,0.3349390907644299,0.31473524443341605,0.3584780225263854,0.20022196048219038,0.2962820288823201,0.3360285140892511,0.2864859287845931,0.293527984510531,0.30057448629402495,0.32439150674741946,0.2845710600714679,0.3643363819518713,0.34498915880757,0.30080267554873075,0.28212798266638167,0.4456216027911167,0.27647835471592364,0.3116083858072814
0.33250035596745137,0.31265885349571143,0.0,0.3223470512530304,0.31601156085619164,0.30963537252870993,0.2603088624194852,0.341300087280537,0.3068905043477403,0.42015426618155943,0.329901927263358,0.27302114115637505,0.3540103180451523,0.2702636847412216,0.3281544576533651,0.3518720730492431,0.35629391435667274,0.33447296320916164,0.2786962795806205,0.27671754973997403,0.4205792512557635,0.43589565293038507,0.25056444120119553,0.3082073915369909,0.34256508834975613,0.3034800603820992,0.2682210292738383,0.2938467778139253,0.2632778672651096,0.2876984407626156,0.29958353866378223,0.31848486368045653,0.2876520776413185,0.2249532714782616,0.28357661714796606,0.3047894229222162,0.35430162076814153,0.3221236368531558,0.25755050247059985,0.3511106435476154,0.30170932144165785,0.3487186919590124,0.3198789877212191,0.323372847856552,0.3343067530365699,0.3085562298791405,0.2664450826244846,0.3414148794658121,0.308494573546009,0.32146416613696366,0.3812272786441071,0.3293454929235213,0.21476198775167107,0.38305486211304285,0.3113357701966852,0.3010903690611003,0.31103793799629675,0.30038775586293803,0.31515837825276094,0.2857926291732778,0.31420168231765333,0.23568145590105297,0.3240508449645148,0.23008866046416912,0.28902286321027343,0.317033448587592,0.31296369314601635,0.3662870438021744,0.3649796959645958,0.34679516103416774,0.4105449018879596,0.27872426690545365,0.29872886751884475,0.4904753190185604,0.3380854104412021,0.2289867669888912,0.29261117207585413,0.29139157555846495,0.26217233936686696,0.23450838942051222,0.3027000648025058,0.39623665095798494,0.3329279374289785,0.2765343127649336,0.3208672277829915,0.3631132562204137,0.27803328553775813,0.28060099260681015,0.2755910919947643,0.26578601111313394,0.3498831755018096,0.2621502408650826,0.30916134343164825,0.24163078859741974,0.350723523648928,0.3083182788129569,0.2520744287012378,0.2875967271207834,0.21694017003001828,0.3125984526332107,0.238875992453934,0.3108316992374719,0.276462964927048,0.32086457432388926,0.32418154359443674,0.34364638287488053,0.33976838302061113,0.28709395178270264,0.3115404007215298,0.359497316488464,0.29739465826952016,0.292983787257035,0.3368105360630219,0.2618469463170826,0.25874272196956694,0.3289253820140371,0.23710574144050897,0.31657207770908774,0.32246357717961677,0.25332436588873125,0.2976540080652215,0.2713552655969751,0.2573579981571038,0.34261914281699063,0.24505831663421834,0.3238714213777729,0.26419153456969424,0.2708397972847461,0.3059369474013874,0.3497858728531333,0.307152328973795,0.43326156136300165,0.23077132511486723,0.2395529178428903,0.34555296865714563,0.2539984700948073,0.2286016841937733,0.3106316475976171,0.31999182581720237,0.32418082797529796,0.2649015073964571,0.2715619854375926,0.3299853482405259,0.3173897665279739,0.30879982282701757,0.23552200207264237,0.35155972814890973,0.2784465859669766,0.36245079626033333,0.1829826066808507,0.28751009177727554,0.2254146246465691,0.30949455994044645,0.3546103941983391,0.3347690930400888,0.3492104731274924,0.3165493795840875,0.39055897673780166,0.24804698333178773,0.29202571787635356,0.31416875505521047,0.2594914356701625,0.28474230329379374,0.316782110034544
0.2947051880107991,0.292553258364684,0.3223470512530304,0.0,0.32374073499363754,0.28696775426605053,0.33678257961915925,0.2847195656999175,0.28803049353425103,0.33117739576756794,0.37706135723087,0.32780984395075186,0.2911197316871604,0.2474094661309754,0.34778482408864564,0.3034990043709454,0.30381476867312657,0.28073693774396674,0.27192323708066335,0.2529331322042113,0.3441258421076382,0.34131302428201715,0.2880736620230905,0.29861350977681383,0.33832977681944904,0.2963297221570816,0.3336896070124364,0.2781845736352733,0.2780830437475441,0.26302503144916295,0.31595735549531406,0.2611552547033966,0.37062973794238463,0.25395732737279525,0.2813642233129597,0.2911309423198284,0.34999700232650977,0.2808842076808676,0.31229677620889124,0.33571509303284003,0.27684335521786485,0.3354703983941015,0.25575668211571395,0.36014332801841636,0.29497953051501935,0.28613415438505313,0.19695562190437574,0.34087824560287033,0.3028586442743083,0.26369426217250863,0.3696665536819224,0.2822912709756856,0.21974482411074991,0.4424966762119581,0.349855548576554,0.27583874298827343,0.2973017918237521,0.3553230789690511,0.2695481476968337,0.2683417047400795,0.3125829044370727,0.20588499559527856,0.2729751813190288,0.21378777341101016,0.25538968547023966,0.2728553579347765,0.38407460379201025,0.2580427643238758,0.26666684262704476,0.304991892686518,0.3042183040100842,0.25019732009138995,0.29499021927567914,0.3944756471781341,0.28410730467000467,0.21907808082379718,0.33639044624129594,0.35961332894656134,0.2347659837509597,0.2229314850891813,0.24258798544376006,0.37080213161133874,0.2896939966411614,0.2242561936427715,0.3330986622079152,0.2699573299357293,0.32475599121888504,0.282769740449709,0.2600924174427916,0.28689284248195596,0.37361744549899834,0.30766556702122305,0.2941017362499512,0.23378158797791618,0.34251625896872495,0.3353414943742912,0.22084503036504483,0.2862228651621663,0.2220610475542195,0.28426869974034163,0.2721825194460422,0.29932548313625945,0.3449726420688782,0.28362073973838253,0.27517372899433146,0.26306173540409783,0.29086111898889183,0.29353462864476154,0.2754626606799752,0.33445004807695194,0.3634823715775644,0.29753564804067123,0.3182487259298127,0.32590795802678096,0.2444212406597364,0.2906918987520458,0.2361719923502018,0.2618355221459321,0.3046136869289013,0.28361798542341554,0.29397153737035653,0.2980862014513881,0.2481605041133543,0.33596821732763343,0.24354057794612305,0.31079205807422927,0.24367478683358287,0.30581832333235254,0.27846080553510516,0.2902941623616342,0.2495106728361399,0.30949786233380217,0.27396713837213366,0.27822016023401086,0.32925681571072823,0.22098470992447447,0.20128965934327428,0.303664296666864,0.3248794399468199,0.32280910366435384,0.3125935122381242,0.27000037007737027,0.3455547381717007,0.315311742488771,0.3157981612741259,0.25538983433465823,0.31603877798378766,0.2597877838875564,0.2715458424909821,0.17376595341768405,0.3424476682440658,0.24813941419898317,0.35585402203116895,0.2777291969676423,0.34932160179725646,0.336220729084083,0.284437848162275,0.3704779762432391,0.3536329475746277,0.28348475491264574,0.2427810264969443,0.25866434751516487,0.29187459388947734,0.3457943651235069
0.2935051356856468,0.2792810302624169,0.31601156085619164,0.32374073499363754,0.0,0.23612536910535123,0.3578599396397752,0.24626852177570796,0.2815068957017616,0.3495672404713558,0.3466857050129003,0.29270094376938066,0.24849401510956162,0.2517185026204086,0.3114243638222043,0.27156106506685324,0.2868483540191576,0.29445658201190744,0.24144912267502167,0.2429499212706752,0.3598467238684016,0.3349285508304431,0.33414779540056944,0.3155300340362277,0.32527940582068937,0.2977041084681809,0.2937609443662822,0.2345970913089344,0.2537237866085491,0.27515817297194844,0.295676000028053,0.23796303538721983,0.2486541010350295,0.246795034220779,0.3321954001259997,0.3034893763519985,0.32575233604170944,0.2679227621875614,0.2999014595482343,0.31347204615371266,0.2680422074096181,0.4501116115331427,0.2783515574456064,0.3685926742585498,0.25590405173041464,0.246968662035553,0.24097159959825623,0.35879583449107944,0.344720826074101,0.2771104758085101,0.32292477892774535,0.256869458776818,0.21771473221929732,0.31540785877587535,0.30651662515454475,0.28507432919819503,0.2612502253345758,0.3099788445989503,0.2878324692293069,0.24457401010267424,0.2317439071115371,0.19933749704133416,0.23968557515358763,0.25834151861234783,0.2879631189887413,0.23425773673494887,0.3136060120783123,0.279059427617385,0.2614516730671704,0.28734913046703897,0.3035553364924642,0.28062734420600066,0.28285869377425343,0.30783180788821035,0.23778945894421163,0.21841126192904334,0.2881915621309345,0.4440982114863518,0.2161212759508202,0.22699358312257636,0.2554721207376505,0.3524614908906896,0.30472258856413054,0.1993016378768892,0.3177127801436301,0.2512480541613747,0.2877900996325578,0.2632508364981163,0.22471083106875325,0.28378172183778827,0.4202152272206211,0.3324875571325122,0.3159036678632218,0.21521199736839036,0.3607510442317775,0.29463138710745196,0.19440111487676182,0.2739417048911121,0.2684806281735656,0.24283627226816137,0.2578568563493292,0.2713814847324395,0.3230713605866826,0.2721164306187625,0.2594106695859128,0.25273037644234814,0.2514400836210646,0.31049432012424855,0.2918505055158382,0.35130717225605806,0.35312088272306885,0.3712182240784805,0.27784306368072464,0.3104878990083786,0.22123308667908206,0.2636172648105627,0.2238946199318694,0.29666425247296185,0.279323435785227,0.2834292286908403,0.36812454822700424,0.25282101403767226,0.2556687899381499,0.32154998132907037,0.2768781249854384,0.25175912133416783,0.23839089112533832,0.2728301440456902,0.2607716855509075,0.2819995871859834,0.2613031660764465,0.2686426583328359,0.22219683964308762,0.2905235552654499,0.3199695319901225,0.25692722958763164,0.21636412387996215,0.34449212939300267,0.3047502793582379,0.31223438683878435,0.22964291406532344,0.2925734904339749,0.3400474685296078,0.33519132177183814,0.368913854252545,0.28278318415711257,0.31561617092360367,0.2509098807752605,0.291230648471983,0.189467371219311,0.2890211806842463,0.23730856286149565,0.3302371884292849,0.31519343815065604,0.33368500600859824,0.32498210696869945,0.24155815065790587,0.33823340671163055,0.2815693818538152,0.2622101956564661,0.2503232520501899,0.2664579711766879,0.3176902190186087,0.41256256275575537
0.32724232306623546,0.4298287675239381,0.30963537252870993,0.28696775426605053,0.23612536910535123,0.0,0.22016309229414185,0.331891601872519,0.32785882361861385,0.3038231433200475,0.28317648597594375,0.295546897171992,0.35750447755609677,0.2630554937505064,0.3262433560130524,0.3264634466639334,0.3118129707534807,0.2525962041285134,0.2880409055947697,0.3174004661265152,0.303931751065682,0.3042668575607395,0.1908119597028814,0.24266119238386047,0.29060602785029943,0.23797047113088463,0.24116810795659596,0.2757527153318431,0.3177160339019296,0.2763076338149891,0.3702964677835383,0.36378905773364106,0.41959562283719243,0.22516989879608068,0.2979027062865573,0.2720618579683397,0.2912401077283831,0.32288527063113687,0.27112266251284767,0.24836101643229375,0.3344444020482887,0.27496273376024694,0.26197374595794837,0.33763365785030397,0.29071706363827815,0.27675459093939275,0.25420798248606213,0.28656616147811365,0.2188665291928704,0.3301434076798952,0.3243468095873912,0.36009253603075125,0.2621403488087506,0.36507689318540937,0.3021069950511658,0.357037784877865,0.32170791806107346,0.3358314331586611,0.2384223516321803,0.29456793236985596,0.3880464393710425,0.2693134262065729,0.31394905113399324,0.1980985295632909,0.26096581163893445,0.27869470497431376,0.280959994402066,0.29745153556778803,0.24898051918861125,0.2926865775622406,0.3467000788510141,0.2784656917903947,0.27502636935929076,0.29586819065371867,0.4317987968288994,0.2672094391810381,0.23816601536051418,0.27321615831354135,0.27667268168707726,0.3425108989593838,0.3314172943160344,0.30827546330133004,0.33632184099420814,0.3279392011786884,0.29727587408996337,0.3271694304400492,0.2949992607950606,0.2789952889912509,0.3280499505070374,0.30871205128129325,0.2885160520160124,0.3241358777011504,0.33996743430939286,0.2916304498342995,0.27709182197156884,0.37083808315044137,0.33301013194700907,0.29726512675815614,0.21180735079428742,0.3257665878391204,0.28319669740064585,0.2313064069076236,0.23787757311965188,0.2604793824121319,0.3654576143167137,0.3383254717244936,0.3390485517884324,0.271786829996075,0.2791712801312101,0.27788116096412946,0.2572159648485411,0.25039269585629964,0.37145594298627205,0.29444551843494604,0.30591082120275703,0.36144672749922796,0.2996591460177991,0.21892068656975777,0.281337573621402,0.2692172519528628,0.2832467569281849,0.3119083255956214,0.27413389160943624,0.36879869102017426,0.3093950755008724,0.3957044096993901,0.269475684052145,0.2600796159642806,0.30163934159380984,0.288203042713969,0.35959153675617783,0.39225656174585843,0.27775884964493935,0.298338634425201,0.29070323493084393,0.26847718416152816,0.2742796686869065,0.2766504684854389,0.22863319159531878,0.28315400512488936,0.31356545260744906,0.29455736864757365,0.30413039734471176,0.2794405287976235,0.30373081136158536,0.22020520029546067,0.3330545541875349,0.29782204463860895,0.29809096869271545,0.18796698180944146,0.2905226292102753,0.2858292908150819,0.24680731625111538,0.2392141296939751,0.3060975561838329,0.3079392167244763,0.2623418392971593,0.36502000665792755,0.28554816719669324,0.296996052427862,0.24458431473808934,0.35507828186262974,0.24577284412622677,0.27140871103299286
0.25872037672729875,0.2650177308453644,0.2603088624194852,0.33678257961915925,0.3578599396397752,0.22016309229414185,0.0,0.21096783608537412,0.24585366086909782,0.31023850823661314,0.30835843015077163,0.2823212197435838,0.2451848644737663,0.26435195868324785,0.2942054163284041,0.23712603430374485,0.25187770226505213,0.26052212923557,0.2592044670888337,0.21146246491378992,0.27931157355064173,0.3012565605580376,0.368155358597856,0.2968926579696714,0.3025297166934085,0.2565879072428297,0.2764584808644236,0.24511585035175026,0.27001922741689055,0.26581056778899287,0.25189909477584216,0.2589572524461963,0.25419675646369455,0.25373957737120434,0.2610347338814473,0.24812653819050404,0.29476076189430356,0.2237984371906748,0.26443541424467853,0.32825636304884775,0.24264825448407762,0.33488158616625546,0.2383475870899754,0.29996509177264224,0.24261388917029605,0.22644607742318087,0.23214409211309514,0.27417113786824876,0.4152868553033701,0.2328458403539833,0.3148150860976436,0.2265914745639813,0.20537299160450428,0.30650638993349616,0.3174829035986635,0.2626163485897156,0.24268090215731844,0.26300945921812385,0.32549175119842305,0.22773500806124172,0.2186603139110269,0.19007381522261435,0.20476839496382124,0.2434231536928456,0.2375862873243932,0.20619771505411838,0.3208239446937296,0.27537888566484475,0.2582897253472202,0.24031946310137034,0.2584533984535684,0.23605415040099204,0.27489169668097224,0.31262606695744133,0.2020815236657108,0.22309232636756846,0.35242413723758276,0.33927346606932896,0.18735383407938241,0.2198149138993656,0.21787993358737134,0.2987053722452654,0.27137836629635786,0.17579893666025417,0.2587143880181486,0.21773662128140453,0.23946473153998346,0.2779101579997485,0.21752394103533493,0.24133706171846908,0.33613688129214087,0.3302633686022655,0.2821576396980524,0.21746434335360504,0.32070674781174136,0.2866146048760595,0.1789154896330777,0.25645032109881855,0.23817399783755402,0.2576008580220331,0.24952102926924763,0.2601784791173464,0.32240207858391046,0.2427208041914933,0.21764925436148583,0.21404974364601304,0.21618570237244134,0.2668378017490609,0.2634897800773307,0.3104848822440724,0.37575318149850084,0.26651641246999863,0.2675979559312657,0.2449006619202971,0.19683590255851682,0.24140837963522707,0.2180434225671212,0.305369377339538,0.28553095199025963,0.23971716020007552,0.2687186902265571,0.22288200441909947,0.2252254305221324,0.30130422791589284,0.243216397691222,0.25559303270291733,0.23514944558300158,0.24847392379016403,0.22815012121447345,0.2436124169741245,0.22150526438252915,0.22041005560901256,0.2160842338729198,0.23755105913394783,0.24869111161725713,0.2213522211678782,0.1972291790893639,0.2782334700620282,0.2677990154326784,0.2674483081171186,0.2344841727873765,0.25120575025791464,0.322457696930986,0.2750482850300048,0.2733682563142705,0.27713474109574904,0.26084945512000834,0.2375903439995241,0.24273307079586504,0.16310973994613592,0.26072085147808327,0.2450961335419692,0.29469977182634094,0.31912333790913033,0.2915391121794057,0.27158593925074076,0.2640036908583255,0.29116510983314375,0.3160958092511142,0.30168634949878625,0.22947853066699758,0.24335155666074318,0.28063224997689257,0.31386308607427726
0.3164503717666433,0.34300946326661985,0.341300087280537,0.2847195656999175,0.24626852177570796,0.331891601872519,0.21096783608537412,0.0,0.3566449159270639,0.31567206918735097,0.302153087091281,0.31039940994153636,0.3477683560948415,0.25143034286243393,0.28901663537823985,0.36465422956942384,0.3532659091616091,0.2761075846300295,0.2872101168271275,0.3109409462353572,0.339134686004429,0.29203759828024933,0.22023457737814864,0.2601048160208027,0.30596862496787014,0.27392670076115566,0.28505996504504033,0.3142684033225104,0.26863905684650574,0.31222795149695487,0.40609145587754525,0.3005862044856457,0.3246183264921155,0.22695635620086374,0.2973060397587353,0.291769274684036,0.33774756787769034,0.3928048199830833,0.3095411309133277,0.2948037362602131,0.33164996715304895,0.26917894105962714,0.2933513415793869,0.3150011782559566,0.35984798343303015,0.30083409313336756,0.23772845938788897,0.30743217992838834,0.2575939471811072,0.31470452685060263,0.3222041095290334,0.30087808647791536,0.23487638811987582,0.32701698371335813,0.2976654149636519,0.2938770590905352,0.3247504514088916,0.41138528821543885,0.25689294747203983,0.2822657569626618,0.4372111454210642,0.21953689858785258,0.3237465934047414,0.21529876464715586,0.23892794898773134,0.2755359196860042,0.2868087081604594,0.2655689354019136,0.2956857223348573,0.4736169630435147,0.32236923378601473,0.289813882637851,0.28127625155171865,0.34590519576920964,0.43616826147690485,0.24172317345585687,0.27669024258606423,0.27107703444324305,0.3548038275911781,0.25610647163544414,0.2794164310043874,0.3076267289384795,0.33739455639153926,0.33184856068200125,0.34430697937401333,0.4174270878516105,0.4006428875362522,0.28285093941812944,0.31579415773201736,0.2971193257282693,0.3093392348768978,0.2666251675267523,0.3111494096224783,0.26718091915723424,0.3042355249770377,0.32634495943233943,0.2982159205023946,0.2777541281346013,0.20071383502976337,0.3132975557368104,0.26040844236370714,0.3270251010213872,0.25341529419544545,0.2977709422134266,0.34788968570573475,0.33431437036682854,0.34652364023837223,0.3118308620773542,0.297109061864367,0.28759659923261066,0.24958062067479256,0.2855895173455573,0.3255126580965223,0.32062917310983996,0.290970731467726,0.37243710425960985,0.28336244891993717,0.24633984482948082,0.26204923722040063,0.2501163503527275,0.29996904060938195,0.4160707592465028,0.2537948938272577,0.3394798825113409,0.2681011414243238,0.3553001606797971,0.2393786017036181,0.30795413026269264,0.30082000861281105,0.30407972885546897,0.3666460741526358,0.37917807189774067,0.30475073937162905,0.2634958280458344,0.3282066149692421,0.23441321916779395,0.26495153257772325,0.3056840820867582,0.2764148171356969,0.34614997296429817,0.2688434441464262,0.25446653946465514,0.32169836362582893,0.2772126874400435,0.3316046099519032,0.24094491750073396,0.35106175296854764,0.2810469178611307,0.35063632120385413,0.19236291545112255,0.3579541917628188,0.2641306164531424,0.29397671162921096,0.26805495745684343,0.3486440053293589,0.357028978712235,0.2780094727019547,0.3714638856515677,0.25762958808232483,0.27313547336984184,0.24295998272806035,0.3237188355772878,0.2651101933151308,0.2987256580272434
0.32791557142004707,0.33455152065528176,0.3068905043477403,0.28803049353425103,0.2815068957017616,0.32785882361861385,0.24585366086909782,0.3566449159270639,0.0,0.29151780602790767,0.283152182285752,0.3095161945392464,0.28192262700839693,0.28996117841517444,0.3063919270475113,0.32470801214050266,0.2935314317834953,0.2769487979319518,0.2768825414046553,0.3119567033210329,0.33294538960108294,0.3925192575910106,0.21685828412741223,0.2675260013264919,0.30836303705939194,0.261087359615617,0.27704737521974254,0.2694125581788822,0.28124512807114027,0.3748159857427065,0.4304235540143536,0.2914454772612235,0.32364239253763866,0.2177269567774808,0.3166422073103189,0.2901699560631562,0.3182155100668199,0.4339135094667211,0.3383109213299992,0.28570245415648593,0.3048900888361513,0.3153693865713342,0.26745625015343866,0.35209935254404706,0.30487016739388867,0.27740812721914204,0.23380749401677228,0.30115798874326394,0.26652352675694563,0.30946169296770376,0.31453274531616077,0.2800337016388842,0.26490961980488037,0.3578645145066075,0.29370610653957013,0.37547976562035373,0.3252262259503033,0.3408410767697754,0.2552629862582788,0.2568923630460673,0.31374876832652276,0.25609837232494004,0.27567463052831676,0.23319228008007786,0.283746984610237,0.26537723927347157,0.3370874571486524,0.3104645849538029,0.2705543950075762,0.3359423861170065,0.388790142423265,0.29616301111490234,0.3105196728048583,0.30611804455273495,0.35877376978610065,0.2512102280585637,0.25714778654405573,0.2820430421929654,0.3027118790233394,0.2901912902094322,0.3036897250322316,0.4564881390866206,0.4126044540606173,0.27623048262333866,0.36575877099844023,0.3912108723265361,0.3271507643823534,0.31954980434955704,0.2785349956759884,0.4177130776951263,0.34091083727196086,0.3518323769468659,0.31013245671310663,0.2653850552673315,0.41824152176921897,0.4192561428960053,0.3229802396221551,0.285388545904653,0.26500321829901713,0.26582561439183655,0.33563896116372727,0.26103801182830266,0.28191604333627407,0.2864338911341111,0.3391844344802074,0.29305764738064033,0.28219310464377634,0.29241465076930057,0.2711068940637101,0.27891765489242343,0.2519325465493252,0.34106582962647186,0.3544611634384426,0.38438688400481746,0.26587521008903753,0.311844660589757,0.26580787467547173,0.27081850216330394,0.2500398953423709,0.28555395142903106,0.34495888972261285,0.35320869326350235,0.27635650177863835,0.3562049907210653,0.4414847507244181,0.3221312450374658,0.2849920568330968,0.268912501409595,0.2733452214569579,0.33375890022080534,0.4176830052795721,0.4004698162540046,0.3051502315804857,0.3793638204643564,0.33358251567727704,0.29234197505072,0.26744301913748875,0.3089042329488666,0.28957014177229917,0.402173714639532,0.2908397767873813,0.3036007919198802,0.379897504567899,0.38351153252543474,0.35834865231599566,0.25957866826602455,0.5168547477372639,0.30214189014252024,0.33815008456695045,0.20062767999924364,0.36949437376880406,0.2962106406142512,0.30662652998534873,0.2891842636791138,0.337269124332831,0.3922487602366049,0.2801877124049248,0.36530938596255885,0.32495260257554176,0.2995720956042779,0.235064608689821,0.3623720072455565,0.36878706320982535,0.3415135625668153
0.36877775240168503,0.39999589208132563,0.42015426618155943,0.33117739576756794,0.3495672404713558,0.3038231433200475,0.31023850823661314,0.31567206918735097,0.29151780602790767,0.0,0.30760686645440694,0.2634898170893985,0.34577912774479735,0.30591551140726425,0.34502852966995395,0.31977304953115326,0.38786985512773386,0.37797490849849097,0.2938420578344128,0.2937301345834099,0.3553866598373524,0.343542058397052,0.3082849388883995,0.30936172201325723,0.40399728508663013,0.2565334176225618,0.2769002816960345,0.32543345411201596,0.3467602396404906,0.29252239976584016,0.3391623176338368,0.3208996152155677,0.285437141215162,0.23792475120044698,0.3343649767418559,0.2729228942825289,0.3566855293113756,0.28910473077671967,0.24556965685316798,0.3833043572014606,0.29158671104617534,0.3708976073690249,0.3054455460235868,0.3257191812704797,0.3070977419320536,0.309639594538243,0.26338265802809396,0.320811101221305,0.3713190875672127,0.28715733469628063,0.38944820320521084,0.3003952399490595,0.24629873611857342,0.3700242247831099,0.32633351879406175,0.33443070289649013,0.31767409797326684,0.27888373352155865,0.3807773938044939,0.2951942068134599,0.33204058760965705,0.22095301611122037,0.2735247784154373,0.2246264666187974,0.30194948943540484,0.29388127667797986,0.30159688951033586,0.3219756773826601,0.32952038425515784,0.35231898580561755,0.3422479245350995,0.348659780063324,0.2713101167401446,0.4037504970704564,0.3096269281600943,0.2841108044792931,0.276145391041496,0.35795606793978313,0.24801687523150917,0.29224428276050973,0.325177416485709,0.3395548774964078,0.39328152176901776,0.25591595527984484,0.32351418368318324,0.3068580083187302,0.28185723763589143,0.3169495327162805,0.3068926152454066,0.25455189974781295,0.3339873235536002,0.3037151129515619,0.36261064446665037,0.26240912358210783,0.37260105395145626,0.31758712589931887,0.22161567587512754,0.29370819513224566,0.22670278578637254,0.3440182284362044,0.27586306726235227,0.29152535889821074,0.27373586937600314,0.3284508287697643,0.29699350202497643,0.30130502392277164,0.31945662664442365,0.3556249460140267,0.34852343738134284,0.3842038523227015,0.3019794869966156,0.2776961577198891,0.33541774022749987,0.2869697606170662,0.26343717923470833,0.36108681178927376,0.29843818238700237,0.31942350909120065,0.31200588726075734,0.271567227950156,0.2940906901178327,0.26397550641564993,0.25938493635700993,0.41416338038567413,0.2692441219974613,0.3573412803666229,0.25499100169386624,0.259767536946943,0.31896083810214243,0.33728757862442377,0.3518429830893903,0.3216359420745335,0.24826035651322773,0.2382680212610335,0.2883284666848116,0.2733396129865221,0.26027384735669407,0.35038591606980735,0.3158119394439994,0.33231109689749827,0.2870675808188217,0.2966509173705674,0.39838175221961475,0.27390138899977284,0.30884799852805145,0.24886132577313075,0.27399813211703583,0.33844673505815365,0.40626396324295977,0.18040154310228193,0.2900138054153931,0.30766033736908505,0.3020211202192568,0.3418138941416182,0.32817264573338584,0.340804796681051,0.2839935774923234,0.40930694671127804,0.32207092428652007,0.3254775399426629,0.3518588228944886,0.35092812629020237,0.3011364669845389,0.3211651947099646
0.33096501304576104,0.29426169613631814,0.329901927263358,0.37706135723087,0.3466857050129003,0.28317648597594375,0.30835843015077163,0.302153087091281,0.283152182285752,0.30760686645440694,0.0,0.42387958221509675,0.3248152763341497,0.2249796830655783,0.3128747075058387,0.36285482170130284,0.3044392409742021,0.2825964380052057,0.2996554093543178,0.28188277742723283,0.35996843119883226,0.3420915813647017,0.3176686709778939,0.368476578803609,0.3865450399166903,0.33232717929459454,0.3596367708930413,0.3093904190131516,0.28257370437736407,0.31116009757016033,0.33225757599853917,0.288175256506665,0.2764492144005992,0.27809150207847005,0.2900698074297971,0.2962532784226205,0.43915446186200535,0.3002818106747493,0.38014665032511447,0.3263804905581292,0.26940592812131786,0.33701974102991955,0.2763422960593634,0.36905536217867024,0.305444134134168,0.27648221453725813,0.20056038097406145,0.4570327603012183,0.3517126996664641,0.25756173113449843,0.3491241090975976,0.25672954762587213,0.2040255933816786,0.36962555419936577,0.39354653717560517,0.26192907345598904,0.329698050474243,0.39439295857770035,0.2631816185664073,0.26630377995667764,0.3176371885571121,0.18468990606282443,0.2787656682317273,0.22213451174069368,0.2239171621956715,0.2630232370545315,0.3587247323961669,0.2704705917258649,0.2696638658271945,0.3319026032433364,0.30832900067488284,0.24813787600793155,0.29818134712634514,0.37464063102129597,0.2909055412517617,0.24067231537962916,0.36536257315782744,0.3603878759664126,0.24571882242818882,0.24169042683969638,0.2518500429452456,0.30834801142948537,0.30420345994327946,0.2481526148675372,0.304519881400273,0.28818599660453514,0.3638281399254733,0.26066368574466514,0.2679735699688795,0.3148670596193222,0.36830344027323925,0.25254561965026906,0.32231446317420764,0.26984630234686746,0.2943219600557861,0.33124985888215425,0.2167795221179387,0.2531767570911188,0.2116462239935953,0.26630611831292794,0.2935327377796008,0.3087980079119915,0.30025672952737237,0.26024017949927075,0.2712821615153827,0.2565670956324087,0.27458732990627993,0.31998879078362524,0.26087306089158574,0.3979626532373232,0.44105761584503805,0.3166714057308187,0.29003053608963814,0.31666482703650484,0.2544774505418469,0.29867618470750484,0.24797508265798832,0.30904781004464943,0.2845780926094031,0.25366119015466193,0.31705725172894833,0.2602620453146374,0.2585900723099065,0.3749613953550749,0.2530292368504807,0.3480248165911376,0.2051187186074756,0.3153689623190181,0.2695092200299689,0.2646617489886274,0.24397780380675468,0.3103087178375673,0.3022046212587219,0.28963781958509627,0.42740257091437306,0.2327389588865115,0.24424319435644568,0.28986346545028324,0.3270416204591118,0.35252729120722404,0.2678861174212024,0.2606139558565037,0.2822067042762566,0.2938998192783472,0.4281890839564805,0.2583579024411332,0.3138346548461479,0.25251734345252275,0.2982470342598563,0.18890429963832453,0.4411236177796887,0.2349433095375197,0.42184890347516063,0.26552034237150685,0.34489312854136533,0.3783729141524043,0.33359295364867925,0.3931567688491934,0.2969458419039516,0.2777427023172869,0.22577881501940752,0.28231321340909393,0.2622564893346179,0.46159704335993157
0.2948658953925656,0.2916596739054203,0.27302114115637505,0.32780984395075186,0.29270094376938066,0.295546897171992,0.2823212197435838,0.31039940994153636,0.3095161945392464,0.2634898170893985,0.42387958221509675,0.0,0.2654783462245823,0.20211743486917014,0.26311414035935315,0.3363241359804278,0.3111194626502447,0.24383063209794176,0.352640453443792,0.2834020739394525,0.3407095590498462,0.275242932140706,0.2862714815847013,0.30552926536798514,0.3563585882762827,0.295764159361731,0.34487579603927304,0.29124739129553945,0.2764645691065889,0.35382396742020183,0.3410307145122797,0.2802757815974869,0.2806518593424521,0.3002735063591848,0.2811197550342902,0.28516226614847684,0.32087963715197504,0.32835329624571125,0.4018490974262823,0.2891244175563624,0.3081737333504144,0.2971371859276705,0.2487658289316598,0.35528627685677133,0.2814819842981208,0.270153214514324,0.21746703763479155,0.33338634955522267,0.29986362767576435,0.2696604337967068,0.30935408075727755,0.2873825121438874,0.20557026176404952,0.3435335385012256,0.34774121319694595,0.25452161433962706,0.33523813728906576,0.4674768378238255,0.21971622739628385,0.25966242347098417,0.25964393938395475,0.18250796522174634,0.26313891847174953,0.22851729862192335,0.20859533021515517,0.2386853584532676,0.2824024264721893,0.21347616451537801,0.23236965324166164,0.2786039514799025,0.2508742401433203,0.23234610622833166,0.2765170666954192,0.29060251568352335,0.3058902114322458,0.22860565262359736,0.2842726766118257,0.33828211090774307,0.26010570435107155,0.2408326838908041,0.23286854822511818,0.28019465645672254,0.28827350639165433,0.23672079439859306,0.329613489745665,0.3215869184305484,0.2913501645013079,0.2513467391986058,0.2806971366077752,0.32043567216038255,0.3461509351000551,0.28016153909297525,0.30504828626607317,0.26546590059971814,0.2661311772467527,0.35261132520894234,0.21531740371155209,0.293729405163908,0.21176313802837465,0.2551396887554615,0.25775690915360433,0.26038077192432113,0.3138255843188482,0.2959110282358555,0.262382286182776,0.2612091464123678,0.28754313730172226,0.303389812606769,0.25442027056617667,0.3293804252687677,0.43653084169422945,0.34751728086615136,0.26431920964076794,0.36686357900880684,0.24791920213166393,0.3151101066392943,0.2637727854981976,0.29397022123545063,0.28784951408460996,0.252035969125149,0.2915584221167579,0.27378855191085766,0.2537955293580848,0.32257110171547937,0.24136383140612597,0.3660568352378762,0.21084683879953284,0.28455873739862897,0.2826687887961028,0.24095275330997099,0.2727293200597887,0.2866222732789883,0.26848148948421957,0.32033303430071264,0.3170422831162304,0.20160785834707373,0.26226732694082194,0.2820605809472369,0.27812086441443634,0.33405642426494475,0.22699236423409022,0.2496700494677291,0.2902810485706316,0.2989559966756504,0.37206839353064636,0.2924288245687972,0.3602141731473804,0.24021425077983244,0.30504703572647546,0.21606516441603157,0.3764112026747815,0.25435350604608165,0.3635557489087263,0.24105665245007682,0.4106486106706558,0.27520915022663844,0.2768161908547555,0.352227591795365,0.26691506942908494,0.2693861730208216,0.19065358947588232,0.28426922725293235,0.25967013907457714,0.3707987999134923
