0,1,2,3,4,5,6,7,8,9,10,11,12,13,14,15,16,17,18,19,20,21,22,23,24,25,26,27,28,29,30,31,32,33,34,35,36,37,38,39,40,41,42,43,44,45,46,47,48,49,50,51,52,53,54,55,56,57,58,59,60,61,62,63,64,65,66,67,68,69,70,71,72,73,74,75,76,77,78,79,80,81,82,83,84,85,86,87,88,89,90,91,92,93,94,95,96,97,98,99,100,101,102,103,104,105,106,107,108,109,110,111,112,113,114,115,116,117,118,119,120,121,122,123,124,125,126,127,128,129,130,131,132,133,134,135,136,137,138,139,140,141,142,143,144,145,146,147,148,149,150,151,152,153,154,155,156,157,158,159,160,161,162,163
0.0,0.3205833326205735,0.3411525093798869,0.2901244092076217,0.29719964975111607,0.3237397368764131,0.2746019275482705,0.30097024624363383,0.3464451608169642,0.3460913086147836,0.34928549490808647,0.266165984051997,0.47609989549020315,0.2987885091207695,0.3216994745616296,0.3626997564711532,0.35240111792985485,0.4510512975425662,0.27027432437064813,0.4291390092661864,0.29875257078638323,0.34286791974395997,0.32427979524412953,0.2617811140990085,0.3963237774553827,0.25587933649682143,0.26187449802916024,0.33364816826280147,0.27723525361656054,0.24050410723909088,0.30076666332993734,0.38426423069764265,0.2869869116034318,0.30103657720917626,0.430736510001032,0.3040948054757412,0.35163930173246166,0.33096431048607394,0.22726242630782523,0.36053479765637964,0.2551264393481703,0.35183136317527036,0.3023734324992592,0.32730939372087287,0.3331411112726359,0.36386259049750175,0.24125293736345987,0.30633762212073673,0.3639807302701174,0.34256008407640814,0.31758341195300943,0.306981627732011,0.2634883436377714,0.26530846339681063,0.31871747800101774,0.3295426484221504,0.36690739416371004,0.31455191096141816,0.2885795085008122,0.3411236681474138,0.27862663708527624,0.26032963443321483,0.3238949260245415,0.2676932236799305,0.2872045449180967,0.30787094303484985,0.3232453077935561,0.28908683775632643,0.25559628967252146,0.3371539009463343,0.4026785501291385,0.2907854870334203,0.32243297105836793,0.3319031479762074,0.3141352271678421,0.2906362821574037,0.26984605053723254,0.2621877173652603,0.2738668112893739,0.21106244488883075,0.30227924330126205,0.32761760394599876,0.2892102496528956,0.3082190338829445,0.35117320865964113,0.3742452793993054,0.31495279138804966,0.2767200830422404,0.3336030923272543,0.28274457680219645,0.3591543080188127,0.30561029700575976,0.3708198394127258,0.3026387259214368,0.36275615314942816,0.27695382645465655,0.20503357654784454,0.3210524788379386,0.25531833421655387,0.3205498984966348,0.258369236842221,0.276213867492994,0.2408282778952164,0.2525775364621748,0.38099270604918734,0.3564182219562619,0.28235807345380853,0.37663091868796034,0.32362264247654954,0.28889275233169615,0.2808453795290111,0.3600070118292139,0.3487390907894061,0.2730901911922548,0.34139484989962643,0.34338153977717145,0.34264891304996037,0.3461636240144014,0.2876895061253791,0.28135198021698965,0.322455775588327,0.23221698900103194,0.34922508911533895,0.34637222847752897,0.29635254101996267,0.2730010688354975,0.2529875349895436,0.26043859381357415,0.32107515259666336,0.3236632962570678,0.2687837756958752,0.3080497392200685,0.25583256692604894,0.29737070476937183,0.2722454377783309,0.303580413184408,0.2699914301247057,0.3311348671822788,0.37365072348090617,0.29370689603899425,0.2588919456851516,0.3435940612852523,0.3305303972327414,0.3181824981814778,0.3071662032891402,0.269948846663312,0.286171386712671,0.25600208972942007,0.3819670913026901,0.21889247855610208,0.33310387141004827,0.26835469623887914,0.2742336665451978,0.2501916977395076,0.31959005128054396,0.34567584069572627,0.3249876544990393,0.3059465586244275,0.3086179820392697,0.324065224745481,0.2596400756789261,0.31620238856426974,0.22428805464289778,0.3975392633320286
0.3205833326205735,0.0,0.3088445561854584,0.3287131042655024,0.2259488371303037,0.42258587053594593,0.2595937168597897,0.37495282758361537,0.29432494024250644,0.35119071381156314,0.2808349988553915,0.367423260174887,0.29468467130159537,0.2538438295740417,0.3166868644024233,0.2758783124749091,0.3181708705914601,0.2722748878625067,0.33901051167560337,0.38138696143129625,0.3295089513512681,0.34528809193138704,0.28071909350919066,0.32778083422790655,0.34521555646242374,0.21918745876921683,0.22162670713536403,0.3262662536049637,0.3215420950223023,0.21318299737701776,0.32443966611392705,0.3003050558621231,0.35510328815838954,0.29224457076607624,0.3181521481213325,0.2978550914298712,0.25668708555490066,0.2855987623653958,0.2864504126824208,0.33623087830311615,0.3469852177198472,0.3213067969542234,0.22622254513401677,0.27443316984042854,0.32046971311108086,0.28927410181617674,0.23439083103635025,0.23823822093287816,0.29741572318400744,0.30756925972087684,0.29292596616107136,0.3358584662625752,0.33793162563727275,0.30873702780024187,0.2869323713984214,0.3474226588586384,0.382325827180189,0.2776718622062062,0.2769366702245759,0.35572825684592474,0.33034255760735964,0.21874007651253996,0.2905499926361676,0.22472413355254492,0.2862116097073007,0.28775457981438,0.2669779185198022,0.2278316455236477,0.19296614456671604,0.28130311744403874,0.295726506132993,0.26873283997250197,0.25211756561569526,0.3315568998992075,0.34503458765334344,0.2566460130291388,0.24691246415417464,0.2602733313177943,0.26041812771297446,0.21534905517176023,0.2946804716854957,0.3282072999407774,0.31922474101238835,0.2767918475306819,0.31887768887030515,0.43215300359642966,0.26299150707522806,0.219993623769667,0.2863972675851821,0.31441843787452334,0.23632320796406614,0.2879039709883265,0.30053105360517374,0.35389271299716135,0.3242789495875042,0.30124507277018897,0.254319733992383,0.3277440326283644,0.22910498443913163,0.3091640945982752,0.25720767858275834,0.22607802928731646,0.1975929805124538,0.2706430730531777,0.2869615230170917,0.28526134793869473,0.27922977438533425,0.37506395895225497,0.2819687971995854,0.3563003404470656,0.28796896789459453,0.28096914535228557,0.29009417637958157,0.23896614388081575,0.32013583684335273,0.42685638655512637,0.358567504478074,0.2442255168103121,0.3053923727673737,0.24160831881115677,0.2963832652058558,0.23725230198018946,0.34305358860435836,0.33120738135459254,0.2998764628531508,0.30153019119909413,0.27678773554294356,0.2646754093413452,0.3654724117159591,0.26012005716679215,0.2809167818552787,0.3236282341960747,0.2404837587001633,0.3762501832201539,0.30761499002998305,0.2782280251137417,0.2714774394260755,0.29153859286024225,0.30252392070223943,0.269564176669296,0.25653517994960756,0.2774355159948994,0.3896880167966453,0.2911061201415928,0.2881855639119284,0.23015527928803675,0.3775076451509528,0.26264271695812746,0.3733246873994411,0.2207613113568409,0.3137130221057833,0.29554357477610477,0.25939546029776833,0.2527335422048533,0.3132202097931432,0.3026417439059901,0.34567525256202986,0.3241592803622348,0.28536206700573147,0.25757667466189815,0.25566444730016286,0.33181855727069587,0.2368714525517342,0.32597378694773027
0.3411525093798869,0.3088445561854584,0.0,0.29978841466915895,0.3089008504195067,0.3467966691406295,0.25000958140071966,0.28162062055330017,0.26980109410494096,0.3063368811572557,0.34224296807195964,0.2990792144515736,0.34148859614163396,0.24342417761282514,0.2936579044369963,0.3906279842133883,0.4039779754568677,0.31766070473576496,0.2547613353071398,0.30438875689815464,0.3547521017301307,0.46612048235506714,0.2620916937055895,0.2879972279148948,0.28162611416306405,0.2617842299880663,0.23088548878184487,0.3117943493310259,0.24146650127566602,0.23664258450246106,0.23628270036901533,0.31059784196765716,0.2685800852482996,0.25930422289976973,0.2661621527375746,0.27354380244273957,0.2719010366150519,0.2646923527470466,0.2465912140097519,0.3287917748093477,0.2539363277796609,0.3627973764704186,0.26685250208505057,0.2646297437492851,0.2970733554958731,0.2853440075885156,0.2351835033483495,0.27740654390566066,0.2798528273651289,0.31987194353732723,0.3301793954607162,0.3333430499069915,0.23528367969148364,0.2944014860562514,0.28164653061977235,0.24001551107040753,0.31161883726165734,0.330912438857404,0.24862273533646884,0.2997425574520848,0.25927532461920866,0.22076681229786804,0.35229157331415434,0.22108620078762353,0.2624566935252229,0.28112154635721337,0.25582494054092136,0.2718512934814731,0.23588916291750375,0.2823322754751079,0.33191867433830563,0.21776194203937047,0.27581648137362064,0.41025697788797005,0.3236852049969719,0.19816232253506683,0.30314221019246945,0.26276622353350226,0.21597994462000394,0.1852616515665918,0.24664013570168375,0.3174481772259597,0.2758584832009059,0.23279094684596605,0.2775021217914494,0.31238295950502326,0.22804755190279086,0.21419308616702765,0.2476084835299298,0.2199589122412138,0.3204161621157941,0.23471732115202162,0.2981701489249964,0.23823586648516978,0.30443514440404057,0.2319476008924939,0.20172520758850881,0.2592164929051606,0.20476295725723676,0.2750204304596029,0.19166335756972364,0.24846522674633761,0.19835914316958816,0.22326839862827327,0.28400116893327604,0.3302739751923209,0.2881017559589195,0.2904486042862568,0.267734612828694,0.31096808507265195,0.29050981806478915,0.25905473298135434,0.2671438719135096,0.2303802743282161,0.24985747472839692,0.3795736777278895,0.2372803406906879,0.29736139623558466,0.30949053721926445,0.23379355586166709,0.2915106241642191,0.19894376858497453,0.2604680034542782,0.2928237871446933,0.20449984873380941,0.2516370085895008,0.2517802047525915,0.2658701514174941,0.29005211451158713,0.24716823793128834,0.23278129429362024,0.4172829973312615,0.19508525231122212,0.2551833286789302,0.25660634950345734,0.2246058666343629,0.21199506297670323,0.25339044823723833,0.2985330153950254,0.23400410614536468,0.20515781369793648,0.2768612633865461,0.3063951484388879,0.3017038406673018,0.240293240509809,0.2102469801884557,0.34236699167842644,0.23523928288484197,0.29535466115943615,0.1977393957060701,0.24448007207390984,0.20320845368418536,0.2679518799918125,0.26089931147970596,0.26865133325710533,0.2551995470011892,0.32447386981057463,0.30177392111404694,0.2095877022966445,0.2625517045419917,0.225578587751864,0.2079797451351943,0.19479523925106196,0.3379111611063027
0.2901244092076217,0.3287131042655024,0.29978841466915895,0.0,0.23128998264200262,0.3059331858518098,0.2727352786599422,0.3047127994719212,0.2436094800507003,0.28577980918531126,0.2938929159381727,0.3239521472291621,0.2743511019135094,0.23934134745542252,0.3333859169121083,0.2643540218972242,0.31818370589577977,0.2878658894901108,0.32964617787957085,0.31215452059291965,0.38403784830274507,0.3115976321085202,0.27774680484871267,0.2706390822800914,0.31539124857863404,0.2602212085572429,0.23500629796108882,0.3051620092328215,0.24420369357083385,0.18504520055124604,0.2741293805666328,0.28442659953743865,0.4024005714613612,0.3069794389139678,0.2930134481493437,0.35812245687446764,0.2621212651692845,0.27831660291451915,0.3069998246821283,0.3520025505939292,0.32161156537812846,0.27085226955843633,0.27360216345144306,0.30413304843048267,0.31084241308251,0.32339039976286643,0.19494188847283075,0.2707109472849133,0.29753408082723604,0.33674045177174117,0.38870829036593035,0.37466577398633133,0.311448476679206,0.40277607281778616,0.3403237650190884,0.25352064468816304,0.4054941876017296,0.2771504155831191,0.2912579433278113,0.3828935241398506,0.35541521184051766,0.24991168388823273,0.3461291013447951,0.22878898191648464,0.3518191640748366,0.35322533746494966,0.31764200597665626,0.21931227087938224,0.22482588404831835,0.25887530393646374,0.30947158426549504,0.2667674333565901,0.27538292569616846,0.4188059510080484,0.31503028228164065,0.23309045831648814,0.326852102282644,0.25938578676001706,0.2710725416861405,0.18382182232516817,0.25737354153012315,0.45123734461781656,0.2382336337122653,0.2552888130473154,0.40272761655765354,0.30429371380414494,0.2907070643810043,0.26954477112904845,0.2915739436591895,0.2462179250875593,0.2802741439668686,0.2887679413881458,0.30179622896310004,0.3188328340743185,0.3668085279396322,0.24609863172359345,0.25572662848625366,0.30181771035021077,0.2396049813983746,0.3132754289316537,0.2422130074084572,0.2935795825632401,0.2743976518326859,0.2592647064381312,0.3363195039493334,0.29335287141155464,0.3612411378777499,0.2636964200318635,0.28190947252067927,0.28287535987625034,0.35568357152696134,0.33743812019228425,0.33727648062184257,0.26002530759710707,0.3244661359608766,0.2772402353298669,0.30174061852899803,0.26028013765193314,0.32589151489099893,0.2520904197902136,0.28955765954775353,0.2745840620836128,0.31390422491854786,0.2830669937149991,0.24443761374594514,0.25865698281396304,0.30812080052785246,0.2604487612316194,0.36524410063248575,0.30114216629855994,0.20633602375258714,0.3310783030877816,0.2415002884824383,0.33236095951980166,0.330910022597263,0.24587153059772243,0.19388794430034037,0.30271184875840157,0.339531210384834,0.283130610068739,0.29135017509279937,0.26377186385140516,0.41806375294071385,0.35016788388281356,0.2764590077709818,0.23809274582718237,0.31931429872101136,0.24117507833758933,0.28301813133893566,0.19792812657338807,0.3428736637539411,0.2714467413973093,0.2918552254221736,0.23023594827949898,0.309068862798991,0.2859150821895641,0.2878651949103756,0.27047561704670403,0.32115134963702013,0.27414840542133645,0.2636252923481633,0.25732320085235566,0.24943757942094155,0.28917045356877363
0.29719964975111607,0.2259488371303037,0.3089008504195067,0.23128998264200262,0.0,0.22012976441665197,0.28646336003055406,0.21255183813452944,0.2485510075011572,0.2756391139023728,0.28773270076369695,0.22663041834756723,0.2642666454965491,0.24844152571929903,0.2540191919332746,0.32828190807965363,0.3001856801837254,0.33297607126392,0.20322919401288547,0.23364993100343748,0.26075113870445016,0.28310244041658555,0.31892500444251476,0.22709996696735313,0.2656515296200529,0.24840867433341984,0.24659384860026376,0.2338281504381031,0.2385171570094779,0.2558960250693916,0.22856780138093155,0.2543095472560774,0.22096825101010126,0.222588168274574,0.2959758221181662,0.2556168167918934,0.249556705619481,0.2562837944044372,0.20694710382546946,0.2785238789909848,0.22892366776993636,0.3128208142680531,0.2651576298321011,0.2707149889337435,0.2230533024162656,0.24600989773198206,0.25713317804977615,0.27596305595767934,0.3025284787919552,0.2567379953367411,0.2570403308406964,0.24354866752968235,0.21288434515319946,0.21287456104211852,0.25544884130194406,0.23545257244660384,0.23523922089936644,0.3170499780511622,0.22745570166001403,0.24455822694470516,0.1833421364500621,0.22051949837015122,0.24363694980866077,0.2502423441532978,0.22291687219445494,0.19781152182788717,0.21613678773847986,0.23564424324785319,0.22579880980999484,0.25733802950196255,0.2642238888452694,0.23349541122696232,0.2218890410328368,0.25236442067188214,0.22190138053679495,0.20305103575394004,0.2384554143827354,0.3389998008807929,0.20860381620769464,0.19361767608771124,0.23746745890611393,0.246281359839437,0.26051263684704257,0.2040184752924591,0.2545782353043753,0.23538332003929038,0.22269273919403754,0.22054345442608436,0.22821328374843217,0.1960752623326381,0.40722550199555413,0.2548925479102418,0.3267330642840796,0.19218691344723865,0.2736665105939841,0.21532619466378985,0.15705108025352554,0.23859597037678468,0.23715654113910958,0.21415447312566416,0.19672517564101305,0.22019615980146476,0.2209076848223877,0.22206750771710632,0.24959636028981916,0.2756372428687034,0.2139900531350011,0.2941408797232137,0.28765672113950636,0.2315377270907749,0.2356139585570696,0.2913911302988525,0.2172238625869354,0.2521001137846121,0.2341772432805749,0.2699622473485402,0.2324068160040176,0.2872838150261011,0.23104549377663636,0.25984276215758656,0.3300138221409321,0.20811424527277922,0.2265265351418508,0.2759958388922344,0.22344015606903264,0.2220207224456746,0.21289694225290084,0.24240054508902573,0.24019243039291394,0.24255656910726445,0.23049853555671457,0.25072702110712247,0.18639813001767494,0.2201280779976705,0.19646165799446824,0.23544745988707,0.20755759352585787,0.2882796119770351,0.2872714269619606,0.25205620115773114,0.1935666765912703,0.28115072289365045,0.2600974524340139,0.26339228648541274,0.2501587250670523,0.22189376685615084,0.24854606608013557,0.2387419724399905,0.2662842257274887,0.21027226084860726,0.21404473264754315,0.22099033037164287,0.2382961520819026,0.26322000574598126,0.25721037448085704,0.23150466210615467,0.21648649101167425,0.2735691667821323,0.2289524672525334,0.24779952815009493,0.2178059738904995,0.22206356242804032,0.2178770925094713,0.30691931028144215
0.3237397368764131,0.42258587053594593,0.3467966691406295,0.3059331858518098,0.22012976441665197,0.0,0.234039905242681,0.3224687859916387,0.26743958144029767,0.27007077096315857,0.3299231694131805,0.37821704440282605,0.34654903861644487,0.21130904979894408,0.3121130355983693,0.31781718967372646,0.320629644766736,0.23783350769409975,0.30483500186232104,0.3619191972059335,0.339496018786131,0.3469751258010714,0.22226399678569853,0.2956197949119883,0.3098599930938795,0.23011085204806156,0.20380849586051686,0.2896297463834752,0.2776173519286444,0.21802746870279785,0.2898920405540566,0.3274830820632051,0.34633750950648123,0.2635171295553499,0.2759620611732887,0.2657129134623401,0.28588876473730185,0.2620183902755024,0.27939029239937613,0.27981259500347994,0.3033035029893752,0.287104866850972,0.24479077929728066,0.30574749079097435,0.28137236669469956,0.27498837048554675,0.21762260932298388,0.27682664776576943,0.24087693614153693,0.3051862420263502,0.30719957302859885,0.36694256346312604,0.26778937757095433,0.3038233731057334,0.27396996494327325,0.2953693447445204,0.3568555674791047,0.3351966275083288,0.21936918300619337,0.29859441774913237,0.3410171763861331,0.2288269699060533,0.3556596873980432,0.19291224752411645,0.24881556959571619,0.2749900428160322,0.2604339647273348,0.2562200866796534,0.18478406558614335,0.26461608819764243,0.31756471393352204,0.2178419306725685,0.2518114120246417,0.33434447356031,0.33715274649942706,0.22781804240190615,0.2673903313196532,0.24246019730460155,0.24038190416081748,0.23180149234863764,0.3117284044512104,0.30421835441854334,0.29229355096974274,0.2863083051213684,0.2827696263704886,0.35317994608534004,0.28396104751066237,0.20982387170589323,0.27649009566987154,0.27290022132078007,0.25646463607276926,0.2574292337271175,0.29752184403868837,0.30202299539766436,0.2664142265139431,0.2969807794130187,0.24402800742243894,0.28663006602180846,0.20170291557288966,0.27419345219988356,0.2309008271688221,0.22368598808587112,0.19493610296410768,0.2356659965005743,0.28650848602317597,0.32436275488857536,0.28912221951591205,0.29111035715767525,0.24962743409925994,0.33712024388036554,0.29303289344426625,0.24775385865984154,0.31136699849827515,0.23096398191337883,0.28851887695341594,0.378712891346815,0.2995892692565232,0.23837435548715624,0.33484223806218805,0.22351870341096838,0.2867913206828754,0.23251051531150219,0.31377620487111824,0.33185273535808874,0.2715708214105673,0.3053036753870566,0.2568438234504816,0.26261610127763885,0.3057088594004474,0.23039367019912643,0.2405145055128762,0.4098632504507721,0.24771073963344775,0.3209885116694638,0.307073083829583,0.2594607261311027,0.26611051495591587,0.2451386836657414,0.2629853027407409,0.24983497257414997,0.24942867584202563,0.26470569355328066,0.2941453159606941,0.2714871780541968,0.2764729692111107,0.21059889867528098,0.39009908035978275,0.25877328404699973,0.3033703736773169,0.19902803223540547,0.2990773496967673,0.24218099213330413,0.23302853838562881,0.22602558559794084,0.30637220434135287,0.29548040494021754,0.37209584401647267,0.33776582056190124,0.25322575292532756,0.2642960105964808,0.21426772567955563,0.28163158376773845,0.20459762493554012,0.33312425372947135
0.2746019275482705,0.2595937168597897,0.25000958140071966,0.2727352786599422,0.28646336003055406,0.234039905242681,0.0,0.2279202181417853,0.2207166435642238,0.30898581128266595,0.23760155977377098,0.283493056004292,0.28542272500309,0.2549317605463939,0.3438057710149972,0.2505522561909242,0.2457034838800825,0.2766076074124021,0.2241586995714128,0.222248427843993,0.2675276614276643,0.24977964968526248,0.35515194284265794,0.27057557660004644,0.3124126997471946,0.30582986833528314,0.2188962074340172,0.21244946008268287,0.2549657232390546,0.20568798906759228,0.2840488928253433,0.3111974755272465,0.29080234096332164,0.30064483749400717,0.27032090051051105,0.2711823895941078,0.30574751867526534,0.22614950511370727,0.2402925537052163,0.3615176653373093,0.27503060633252785,0.27548600665768597,0.31427546362011344,0.31703994732173657,0.3079988540398781,0.30356745658415735,0.3314163480953564,0.27958238847832595,0.39893345363706956,0.25343129628587796,0.33295357920482005,0.25700832049425154,0.2113080620791628,0.26397326065232973,0.3223885076055747,0.2920314120096913,0.24500156621466473,0.24547611538418362,0.31549708191678316,0.25339328785696646,0.2029433394403447,0.26083792226107333,0.22787750804151222,0.26723905779662477,0.2625830132146971,0.23381278026679514,0.30746329321044297,0.3200256249792701,0.23066351507666313,0.22775535909337266,0.3211026603666219,0.2513486586970657,0.22981818092307396,0.3071443099620889,0.1911962122574821,0.24975478586258676,0.32810911334523496,0.32038067974827833,0.24307440473433867,0.2065174935666296,0.27805726419065524,0.2755744832073042,0.27028806084357937,0.19960361760715373,0.270420381995614,0.2514874948557893,0.23571766425474244,0.2782057573097763,0.27110964554051525,0.23887494401301185,0.3092174008177991,0.3637148782520514,0.2936904330565078,0.23052082429701456,0.2819120791656465,0.2858783343323939,0.1778113744214687,0.33355419309627315,0.2551700627479992,0.3172326099105463,0.23451118984099192,0.27956727101552614,0.3206000055026667,0.281208832170023,0.24069017108083574,0.32263759939548525,0.2461332018561381,0.27597531088448785,0.3757327844950039,0.2892956957775113,0.3313517465722377,0.2914619453812486,0.27127200678247315,0.21034533952785742,0.2619954432116509,0.2440740902449468,0.2683510990260436,0.3036855738665912,0.28220101779565704,0.22195104857140557,0.2787331801760016,0.2238817438793408,0.24844440784294491,0.33358983505040735,0.2292600916490477,0.2859082411372077,0.24529639144316717,0.29819283107212546,0.27350890707569964,0.2898903430672983,0.2060188699864529,0.21475923747520628,0.19298422096617568,0.21036704863526454,0.22151801184102515,0.280558390914386,0.24083137644594022,0.350415603642801,0.29749918295405087,0.2859638197025783,0.24307585234269616,0.26495295286738935,0.293926202645249,0.243211190810659,0.29536326742993,0.3336220910730959,0.25881946954094703,0.28723930049084295,0.2849441170262724,0.183974378541594,0.25393544992940065,0.2512742581930318,0.20225746839983463,0.39959119191696096,0.3393768938285778,0.28926875295397997,0.23757276333095018,0.3305167445440594,0.2760046372596141,0.30371207145286666,0.27353719376759095,0.23954164871324615,0.25574911587957205,0.25640361040486703
0.30097024624363383,0.37495282758361537,0.28162062055330017,0.3047127994719212,0.21255183813452944,0.3224687859916387,0.2279202181417853,0.0,0.34292888910941827,0.3084489464143884,0.2741682287950351,0.3369479214149258,0.3012260959222463,0.2248092638190585,0.3160454744061059,0.29077217701018226,0.2808093948430631,0.2701262230492563,0.2962089430313325,0.32997024133444125,0.2861008864236913,0.26631590809790456,0.2573474775491562,0.24177668534637037,0.32128618912646795,0.22776102083459576,0.24595525751780134,0.29626662754994126,0.24330862199173434,0.22612850000926304,0.3801940114104909,0.292449167243344,0.32764259075823254,0.2790217353858371,0.2850002273272951,0.30411378701116626,0.27087267830103534,0.3172740734372897,0.28433495674360726,0.29923423598982973,0.2887883240421503,0.2672329494933488,0.26083050698601373,0.2523655229592583,0.36622712834597226,0.3058719460035454,0.21261069538673216,0.23880286052860894,0.2706722143384414,0.276510546873722,0.2798616263429207,0.26729169087326415,0.2613416160872051,0.2564904017013165,0.28754149889921393,0.2827479060074798,0.32016686611378864,0.34720359031557546,0.2636671666680509,0.30058942197734545,0.3554750533315967,0.2258681169674868,0.30122478656772456,0.2201689731305853,0.24460517034615878,0.25815070290495007,0.28067769252071895,0.22682019718770907,0.21444520203485515,0.38706654519328193,0.29762475164448676,0.25214870436458725,0.23915649246323825,0.3095560344182186,0.3339782242429226,0.23463513458201,0.2854407732423349,0.23532711878771578,0.31735873738880727,0.19154636543324025,0.2695393388070404,0.3086950724431942,0.3002779502597933,0.3086416592165206,0.33501966704493075,0.45401669283005214,0.3642268302897013,0.2465892527958164,0.3289139299490814,0.3032829130882421,0.2427460812053517,0.27592752910310203,0.27982018174825546,0.261677681620244,0.31580538101634553,0.2768993980033088,0.2617965573874704,0.3100354586376091,0.21993542196298646,0.3041816779418714,0.24093769290842795,0.3020248668566979,0.2182263385821032,0.28475312575862594,0.33259165845833405,0.31052853958305143,0.2743756738129005,0.32612725971077194,0.2607681490705559,0.2548738859875591,0.23321471912659777,0.2869089059282344,0.29200744771834425,0.2827229454146167,0.3103711642564273,0.32987904894366665,0.3304515834892505,0.2477930301449548,0.2354963155536589,0.2432185972432866,0.2732003037770143,0.3367527621712731,0.26961304525147484,0.2999640627992936,0.2648066308379841,0.28395064567523093,0.2408217962089589,0.30477839181939104,0.3152466335864823,0.2603615956944435,0.288746539687415,0.3064094305221593,0.28535278202117864,0.29521904261578485,0.27546114159600704,0.23516675844668447,0.24821524116928265,0.2646224084238127,0.32375431120524445,0.30759946518320197,0.26054495601684974,0.24320562656877523,0.318582575148442,0.295177390811412,0.2690088427795909,0.2349088601409904,0.3707320077246721,0.2654913684076697,0.34119583375697465,0.21284065611917397,0.365947352836693,0.2864458058344488,0.23333856809152237,0.23484331938682096,0.3432388028833615,0.3342854593076043,0.29577844792104696,0.3112423050366853,0.25155180551626993,0.24898793707895142,0.2330513822354854,0.29470085490259273,0.25039690026590916,0.2964218931345282
0.3464451608169642,0.29432494024250644,0.26980109410494096,0.2436094800507003,0.2485510075011572,0.26743958144029767,0.2207166435642238,0.34292888910941827,0.0,0.2762065808285325,0.284478722621377,0.28163778832206554,0.2831541888468117,0.27722738169044925,0.26279845853024447,0.3120176509181501,0.28517193706055344,0.3335744635625223,0.2484179487515157,0.31558795847273685,0.23798583220351527,0.3071989379608576,0.25269216933149397,0.21358700835280675,0.29820158276408665,0.2096912198789526,0.2950551618560201,0.3113473582969048,0.24627026246878475,0.31165770083128175,0.34136388994469874,0.28278559533742476,0.25688135496871733,0.23396081140189512,0.3206534195807863,0.24670534049140103,0.24134109707846782,0.37465367155436935,0.23257065493975315,0.24995588981436825,0.23763137252081742,0.3222491840827395,0.22947680394402156,0.24681096249645507,0.2788464303159372,0.25923909579117443,0.20493053351229348,0.2203388975370299,0.2587583686322094,0.25044422692745677,0.23162387982815053,0.22877582058540774,0.2419843306149823,0.2189030823832618,0.24951084800066278,0.30582479221660186,0.27899373825984336,0.33365070777986555,0.2355535377465156,0.2447490184341282,0.23578354613234379,0.22216964792498545,0.2475154087705333,0.24541995109932369,0.22826038760186285,0.22575451343549877,0.25692395433803566,0.22135260166876244,0.23664344108051216,0.3486572212783792,0.2779388253328441,0.25366422564903607,0.2685204688673189,0.24565712999434805,0.34811607387999766,0.23384078648395878,0.21680586090567944,0.21551787704919453,0.27275887636130985,0.1947110866478683,0.2629996852284527,0.2817459015460728,0.31999283451758576,0.28249591976311705,0.28707978898342956,0.3878864030596774,0.2771070239805069,0.24677404269905603,0.2943788646675312,0.32916642002920116,0.29849255404482794,0.2760460006656285,0.27610539128754547,0.23432032957991095,0.2983638449725666,0.27246226709210547,0.2204554525097228,0.28357811431652924,0.24559380908155062,0.24528233355061507,0.2485657404159502,0.2206670596394873,0.2190887129387873,0.25646630734569154,0.3123241598985728,0.2723031157472252,0.2144405519728146,0.35881382957766245,0.23723006367045224,0.21784713206871484,0.2047962410162399,0.291184888865276,0.2539710216737315,0.3760507628645993,0.28125202980324715,0.33493558783340355,0.303332728374742,0.25779569063484986,0.20335320579004057,0.2976018845730998,0.2854403050204889,0.25421078685224874,0.2448382192577176,0.2836566801338727,0.315438161289601,0.25649087495785045,0.22111700058962028,0.24550154354053727,0.2513718662394969,0.25159094935514903,0.4301617068552926,0.29460884730539205,0.26751929378861716,0.3128353953562805,0.23459549604726665,0.2437836726349053,0.25787212195614134,0.2496781887908848,0.31956922010150496,0.298563250723771,0.2504512992654579,0.2712191785216284,0.2696601562771813,0.2911498913559118,0.2601099683154223,0.22974373572106122,0.3404972811857296,0.24542078109570262,0.31892120392554174,0.25273570118953587,0.30357737445196703,0.2715763394337853,0.2521001990840822,0.23268055580584138,0.30440294298326337,0.3047825463917814,0.2713515351015383,0.28841219269767593,0.2643382934621082,0.24706431159880612,0.21521432044019354,0.3060350987234525,0.26331149813007376,0.32418426609080336
0.3460913086147836,0.35119071381156314,0.3063368811572557,0.28577980918531126,0.2756391139023728,0.27007077096315857,0.30898581128266595,0.3084489464143884,0.2762065808285325,0.0,0.2493602426791995,0.2551577702582482,0.32959880974858646,0.3069849525990853,0.29121999594548936,0.2952524036527442,0.2842998828161718,0.3758389459933978,0.2477223621143217,0.2841008663732245,0.27023581389687507,0.26974021367660483,0.43332863881460476,0.242615394173492,0.47062827457385226,0.2707699623778417,0.2831890769532227,0.27024537806439564,0.3410934378251252,0.23865537035630793,0.3185198346753912,0.33403950007526567,0.2561122781601392,0.28246392113027335,0.3445258518274497,0.28388258605893035,0.3516722523933362,0.3028527282502979,0.2067730399595215,0.3390213749236059,0.2385941166653355,0.31203493134778265,0.3016608956934022,0.2702714614807316,0.3180737061668688,0.2928764017733567,0.286307466890805,0.2703094502781158,0.4375003739251301,0.2579623832746255,0.2725552558445848,0.26287838503023914,0.2405570412260769,0.25029173233109675,0.3084568450185398,0.35866335155525675,0.2785273573452007,0.24671681256871741,0.30148541672525525,0.2908913258749564,0.24861130327806222,0.2518574010504772,0.25142677045228934,0.26122805934962506,0.26016129810647,0.2538585852290427,0.270600763471266,0.30258589513025685,0.2683495836032854,0.3378496996057526,0.2970763738895337,0.358961599687797,0.23229416712831114,0.3060797145724866,0.24626997159419545,0.31207067522812487,0.25261509333866444,0.336221569605426,0.2523528405201807,0.22297534891544096,0.2831016386188383,0.2888395525701068,0.34417919812599784,0.294917882222028,0.3136217177900099,0.3329179571300927,0.2999312795690533,0.2997397054575904,0.37262510899876955,0.24966793914374524,0.2842002097243197,0.2993416824811822,0.3105812101361471,0.23888475729705153,0.33911114419443494,0.32375870505752136,0.18704714847252,0.34254990617491593,0.2929208829090775,0.29648944844116737,0.2748009437872134,0.2582536113225499,0.26292538204088806,0.3447680647242967,0.293478292209255,0.3103772444143911,0.24742708386804307,0.39927501204144294,0.3132610456992525,0.2786005827731343,0.2511104542873295,0.31168256469441047,0.2886622191687631,0.2824739666358908,0.29412474859065396,0.29159549273224705,0.33148153481571907,0.3801521267940218,0.2685176913978056,0.306980944204025,0.28093627636737506,0.26858091875594,0.27827311971499036,0.3094773448332528,0.28241855114827447,0.3065850086368482,0.24404785782246702,0.2595605913557584,0.33516113229811995,0.35073619140461904,0.31616027559132737,0.24754690368708387,0.2631300334356889,0.24151559393892053,0.2310332547582645,0.26278715781859563,0.2803403306573943,0.3637245213570223,0.3863130560998944,0.28919159828350427,0.2883331091187035,0.33431013292407175,0.3257913717981839,0.27115505303822635,0.3155515566662419,0.31016382111049134,0.25627538334242633,0.30356233872379484,0.5210249007958914,0.2067493063721318,0.2597362804199338,0.32708117784966745,0.2142791635913147,0.29058731532638693,0.3064382370942701,0.30485093188991136,0.2534862286042645,0.32521702000068586,0.3184302245243171,0.34099175835525697,0.3621854406121464,0.34659190081888447,0.28621902966313234,0.26359210135729866
0.34928549490808647,0.2808349988553915,0.34224296807195964,0.2938929159381727,0.28773270076369695,0.3299231694131805,0.23760155977377098,0.2741682287950351,0.284478722621377,0.2493602426791995,0.0,0.292517217952378,0.33316253981950833,0.24418695721865202,0.29059353428968443,0.39033806313401787,0.38387353199844565,0.30577658194504825,0.2545678952208745,0.3134781341245381,0.31205492130447693,0.37607140494366914,0.2508194900476282,0.2708930048023707,0.29565560522432105,0.26349377126577816,0.2536160058009738,0.3534886018319367,0.2867831321991934,0.24937856252165824,0.2514053875398488,0.2884525763757518,0.2803014669488516,0.24475878560417985,0.29326371663610645,0.27600356483581884,0.2919121373779494,0.29582855521044465,0.2738708329505069,0.30012182063542614,0.2586191969938074,0.341557296301743,0.26328331251903836,0.3167568926126767,0.26353002445556106,0.26487002825797407,0.18838284782902148,0.3287708871154982,0.27496043934217024,0.2668041289018668,0.3001521313647732,0.27824130720324647,0.23296861821175982,0.27725410781201576,0.30827268633745947,0.2383462164597519,0.3190392399688387,0.39549050310517625,0.23879753521654387,0.2644851218462283,0.28967529654896035,0.20550353893821374,0.335695926774985,0.22019965339791334,0.22137323223655359,0.24701171879855496,0.27705633207505237,0.24042881075498881,0.24441641720893953,0.30142974273337114,0.3153273374972121,0.21761373630451578,0.28072027266963306,0.31760792356035633,0.3418860983709469,0.21787808433714975,0.31472678618225586,0.24811743511437603,0.23872344512545812,0.2044046364685479,0.28293609383757284,0.25982329687444855,0.2597137204275465,0.27614049430131177,0.28315280822944844,0.2932666319655104,0.2889257628390131,0.21342508706326294,0.23683231651188275,0.24248492926255963,0.3568470099259652,0.21650529988674813,0.3265910069098173,0.26138079945327375,0.2875830950533588,0.2527412862664299,0.198915578905027,0.2322124800343047,0.20465387403790714,0.23630055379901843,0.23575585868379237,0.24930413962782538,0.20446553694985292,0.2119377958598292,0.281413021989582,0.2696964288495245,0.24525025176807244,0.31085516015601816,0.24363675562896842,0.28650128114834517,0.29006457487111104,0.26713262127513226,0.28667136368463886,0.27828517102932604,0.28293901855175735,0.34084932400343987,0.26613581956805027,0.27576540821533496,0.2865825418633461,0.25345210286697534,0.3192851427923078,0.2202135076698157,0.28187479906515295,0.31153569987533763,0.2488668551494385,0.27841382301414624,0.20988515783915063,0.2586167196934261,0.2937761635156912,0.23781687477099264,0.2369092440156737,0.3631042756323064,0.25059561446251305,0.28637179404659246,0.3003297213301366,0.26182447382189267,0.23083451219363046,0.2522308951136625,0.29539372029627936,0.257841187732124,0.24716495494058785,0.2804653433501274,0.24496979962512777,0.2770318834378501,0.3084625380690957,0.19956732849502754,0.2896946933786934,0.23770392808278762,0.27351659378315457,0.2342850919860605,0.33381609636170234,0.2298142847430004,0.31659725417094753,0.21895522587369148,0.2764284717058653,0.29339394243060185,0.32017727634469834,0.2924601258796462,0.2625947848694642,0.2584622800843842,0.21739102565193932,0.2595762475474963,0.20577940069995315,0.4479525632563726
0.266165984051997,0.367423260174887,0.2990792144515736,0.3239521472291621,0.22663041834756723,0.37821704440282605,0.283493056004292,0.3369479214149258,0.28163778832206554,0.2551577702582482,0.292517217952378,0.0,0.25188730447774993,0.18356726618863575,0.33450847385635635,0.27379764516941996,0.2930582138664933,0.2271407102981294,0.3432723655079448,0.29192982046557314,0.3549668027070352,0.30296003214135825,0.2465122435260134,0.31580778318623187,0.3017279965039442,0.24205322600368395,0.21583931628461622,0.2592000259826112,0.24990635457156565,0.24760858749285,0.3196186852551792,0.2683276292029835,0.35362873030552217,0.29487705736338354,0.23728592235809012,0.28302896503106645,0.2733707752347599,0.26585459895772556,0.38571541680475296,0.2959312655698529,0.36586200592560497,0.27964032409068906,0.2645211809613421,0.3022596799194935,0.2863482698341765,0.30392544186536924,0.2355498249982286,0.2652031676593602,0.2564948579654346,0.28180455678424055,0.3455073218875835,0.332660858497961,0.2455055493958685,0.3256760108445453,0.3101045588056413,0.27090171466632024,0.3460203127772174,0.3540323194441184,0.21540090374946916,0.2919319643431868,0.2703117694898618,0.21696668409764214,0.29964628782725167,0.19557723890111306,0.25602092415738026,0.2630155338479311,0.2478633161345301,0.2277974279461981,0.1785325077891309,0.245150230901772,0.2966792450345805,0.2108736076243093,0.21536234859575473,0.31074955980266983,0.2937630807393823,0.2154600468706737,0.2867850769467172,0.2734115130499711,0.27474086987109564,0.20520026828041216,0.28736662149992226,0.3266490200850477,0.31522640026827753,0.2305396432082872,0.2938107062153451,0.35135565535442975,0.24420846886283304,0.21082678750877543,0.27831486740268463,0.30813001649570704,0.2599335858048144,0.2734415370677823,0.28438257159555846,0.2907202603099385,0.2555054825861438,0.3202534243790907,0.23015372805064607,0.2941018246525222,0.19686809619784784,0.2651815697344636,0.22155613543163824,0.2486319622320109,0.22340316504872576,0.2844198107571118,0.25322594137253335,0.31788431387505806,0.2984365974690181,0.27297474972251207,0.26961690863342586,0.3382189716096333,0.3511468744384497,0.27391119204924824,0.24956624840309577,0.2473644478453754,0.2814884554437028,0.3406811811683517,0.2778184677844658,0.25448943439612365,0.2783402131280394,0.2081328386208488,0.2733745825573145,0.24968612384886676,0.25873987023970363,0.3347421693459,0.2192102685003937,0.33903618021681703,0.22848452562710825,0.3096341029192074,0.3063176483643893,0.24105589977269196,0.23417329319994043,0.31608538043148326,0.2156493896592783,0.3095939919415479,0.2923564181656962,0.23858307275388807,0.2858819802180132,0.2665812277515779,0.2644908223210488,0.3108962492497424,0.2328964835266602,0.22903430153397933,0.3062891429532773,0.27138398013490017,0.2910889057399147,0.24508854584483555,0.5104017716518345,0.286021932302369,0.2873562171327182,0.20617935667337087,0.31944062292775427,0.25610491891808324,0.25074434077879065,0.26100566217524723,0.3995206994349351,0.27498209825821207,0.31433867381922875,0.3574533009304664,0.23140011969629634,0.23741071783758058,0.2066651270998543,0.24543568185560827,0.23516230564912968,0.3276557873277476
