0,1,2,3,4,5,6,7,8,9,10,11,12,13,14,15,16,17,18,19,20,21,22,23,24,25,26,27,28,29,30,31,32,33,34,35,36,37,38,39,40,41,42,43,44,45,46,47,48,49,50,51,52,53,54,55,56,57,58,59,60,61,62,63,64,65,66,67,68,69,70,71,72,73,74,75,76,77,78,79,80,81,82,83,84,85,86,87,88,89,90,91,92,93,94,95,96,97,98,99,100,101,102,103,104,105,106,107,108,109,110,111,112,113,114,115,116,117,118,119,120,121,122,123,124,125,126,127,128,129,130,131,132,133,134,135,136,137,138,139,140,141,142,143,144,145,146,147,148,149,150,151,152,153,154,155,156,157,158,159,160,161,162,163
0.0,0.5871997780957028,0.5589713893897365,0.49510751736697206,0.5593467001641298,0.5458884471188563,0.5023623181452372,0.5313015830799233,0.5520629575893151,0.5555438082205527,0.6275499531275869,0.5340889072517097,0.6183643987103579,0.5258077840447701,0.5016524493647875,0.6124070302353618,0.56706794095531,0.6584176671192273,0.5362498599181512,0.6909095468817235,0.582051350830315,0.6175125003333507,0.5163706455592412,0.5305268609420601,0.6552921968806042,0.4949530266471581,0.48102461032271737,0.519446897242401,0.536198630379236,0.4719762178849539,0.5344195682108381,0.5846271319937638,0.4742273116168305,0.47896412833026947,0.6518181735297387,0.48774941954322043,0.6376608895785908,0.548542707654809,0.4703210119318279,0.5425862019737543,0.4632943240387616,0.5730190664110059,0.5401913170467854,0.5311405616181093,0.5545923324577603,0.516881357142481,0.4930565509890422,0.5613654761274716,0.6103362611167333,0.5327418967662988,0.536094980760419,0.5513360215461633,0.5037185908894063,0.5267932290643205,0.5118910343139825,0.5001751084791751,0.5993010061455718,0.5539941867928175,0.5234691556851588,0.525629042327366,0.5230139421674693,0.42950061658664035,0.5384630691956658,0.4776878870464326,0.50737222209559,0.500521706246604,0.5228459833848945,0.5530698687023089,0.49641155533772263,0.6031170775546595,0.5785516527044472,0.5286927265658242,0.5273480701032688,0.5752499564677641,0.5375598704190249,0.53692920171679,0.4998039804964645,0.5527704008945484,0.46537166785689177,0.44137596284941,0.4814597013757771,0.5634925338220549,0.5331067633933777,0.5023809331033849,0.5156713899267059,0.5698212960990128,0.5747352508887645,0.5132140043897664,0.5422174476015175,0.4580922020981745,0.5688322636324947,0.5007378638634538,0.5362735418420241,0.5376374584754354,0.5342904523149693,0.5262213099053589,0.44627756169679006,0.5038066664779123,0.4653074119034618,0.511074570705024,0.4869325384582347,0.47105947108002594,0.4471611529908002,0.4789659922470404,0.5381318553179626,0.52411286386557,0.462439002625032,0.5601938447101246,0.5003269973724962,0.5503412922484969,0.5467256909389128,0.5173099670499296,0.5313465971824293,0.5062342177445386,0.5245137876922414,0.5618099935030696,0.5660324511878898,0.5846283986191074,0.4922721515957584,0.5089850019925379,0.552594252143213,0.4530205012595886,0.5628829133131522,0.5505040194072623,0.5260735443120821,0.5133992233842126,0.4457110886447933,0.48948712651316245,0.5123804917313501,0.5155395824309699,0.48003941498380853,0.5239689182142281,0.5091879437402277,0.5457803651092843,0.5445808230471574,0.47636994406931127,0.5258364058727651,0.5251759967439539,0.5579649977060357,0.5034009099733546,0.4872021100217949,0.5533915607860294,0.5740176050798289,0.4878238249281682,0.5563159938198384,0.5071033030918242,0.5273256087491612,0.4590251393485402,0.630919542103516,0.39182290257171537,0.5802524277453243,0.5037460134674836,0.5496101005966748,0.44529790675816605,0.5167846051644801,0.5613984480081038,0.526226203580718,0.5164875197465802,0.5063269135383773,0.4957586104105364,0.463863763457366,0.5929778775224208,0.43986730875853,0.6935600740409782
0.5871997780957028,0.0,0.5709112956601792,0.5210024580004415,0.5115102713799604,0.5930332488941401,0.5150575018547362,0.5954740378248184,0.554282574032431,0.6282615689535683,0.5179461440901577,0.6049838729462055,0.5737178654058033,0.49837415042258587,0.5383648479834318,0.5544061644653446,0.5134820574009432,0.5424866580539559,0.5122500170080458,0.5525586765097682,0.5655054013667073,0.5914966288636807,0.4983676773566503,0.5697408314393156,0.6153296641999517,0.4905567119037148,0.48537537976837,0.46541196496759113,0.5848512924069167,0.4624921727811848,0.5751046585087636,0.521258553750657,0.5594533579658205,0.47144759409410564,0.5441429289727007,0.48910897307160783,0.5870486778269628,0.5223946576648948,0.5001500069486231,0.5645785421456027,0.5201779039602964,0.5445459052974828,0.4761270560293672,0.5118638328243855,0.5771293240206614,0.5466445163073917,0.519171670737256,0.49464405452015076,0.5300958797032792,0.482354586914072,0.5067423502276799,0.5524760961517157,0.5120634062293798,0.5496116792742319,0.48908110608622374,0.5918658124843479,0.5375780182777616,0.5443218940101665,0.4703495055132722,0.5388125124194351,0.5306154578704039,0.43587954398572026,0.4861752783145009,0.43871474917572534,0.46776995492471923,0.47337728683922714,0.5347366568832552,0.5418374737276043,0.4237437362231034,0.558138433639852,0.5625255785995831,0.4973890836579275,0.4465570317056164,0.5429037332997007,0.5153871591293393,0.526064214226639,0.47509260487126387,0.630636367003645,0.48132743916262466,0.45389898624328684,0.5068361969561664,0.5620302439589023,0.6701989316176441,0.5072958550907851,0.4834735246443599,0.658989029529511,0.5181498859096739,0.4565510246688815,0.5767115275447048,0.5735890813894744,0.5050221070940667,0.5482239013583927,0.5044390005191891,0.5076741430743273,0.5089037767649229,0.6280552643936864,0.4606390242020231,0.5464018955167156,0.44613645120335294,0.5400408178614424,0.494949766833257,0.4498859265347842,0.42866402221418903,0.5243680600950402,0.49353248173189257,0.5507394979299077,0.46503989311292043,0.5590866576138656,0.5492043912576826,0.5807382911468699,0.5164472170587092,0.4770912697899343,0.4913411855471482,0.5010523899306811,0.519914822515317,0.6192755002728935,0.5544883022484146,0.4809583018856533,0.4604601751330165,0.5245496721695087,0.5150242324233241,0.4787840559495297,0.5011778716734869,0.6165856568756466,0.47988875883668314,0.5932823672968186,0.442426474094117,0.5700670680470596,0.5281408138545834,0.5216014709420101,0.514964616064341,0.512717628693273,0.49127302901452075,0.5565775339014056,0.5140037029396239,0.45365353826660704,0.5558671643208621,0.5325698467698291,0.5349986363153395,0.5265103234435254,0.5083431429596458,0.5156630323507982,0.6093806643584049,0.47021927762375565,0.5575367834198679,0.45834121391755595,0.6055696701655269,0.5458384670915959,0.6162499654462879,0.39503303435488707,0.5247232437819287,0.5235981531121389,0.4870560041012836,0.5014895056579319,0.5753522064435953,0.5814707004289849,0.50327530637313,0.6232640072995549,0.5043069409174521,0.45186659336518165,0.5033875541634215,0.5572612007773247,0.4777718553252144,0.5792847066817745
0.5589713893897365,0.5709112956601792,0.0,0.5126571951162806,0.5238535596414148,0.547901580088436,0.45856227163510094,0.5864812247598731,0.5124496574789831,0.6233442543578005,0.5306042076295162,0.48791117800060546,0.6001286019743138,0.5167320009193483,0.4570331060003738,0.6056228470479657,0.585537431784965,0.6016522719072201,0.4621219551061771,0.5219620573319399,0.5813448888368116,0.6277174748012591,0.47674648125146685,0.4690670874101346,0.5609157904219282,0.5056081890383837,0.5054574951092351,0.4841445796424652,0.5083658915467243,0.44541957564879736,0.45540713573914027,0.5268263410072852,0.48137190942555663,0.4273983839687799,0.49242856733881585,0.48402906528416834,0.5255078936393209,0.5376938127011351,0.42233897247388463,0.5453241071940915,0.47162109647995737,0.6134574333370798,0.4883396460912196,0.4550411011352815,0.5329550872515192,0.5118623713141057,0.5131507719580324,0.4643133537338677,0.49606876093418273,0.5055281787319231,0.505246540114316,0.5602459345491464,0.4945887279273549,0.5119339077983773,0.4602360604451617,0.5137093197958889,0.5174105645204045,0.576056310695777,0.5028423105566203,0.5043942729646324,0.5196219110815578,0.44327763700122896,0.5446359369565884,0.46517574203451423,0.4600295363824751,0.47728689142254777,0.5110635119772227,0.5446950879013828,0.5378231752871351,0.6100778045802508,0.5426249832486527,0.46687122456507707,0.5122179739524825,0.5994982110498323,0.579582566943535,0.446045325001643,0.488087608531597,0.5519921301062686,0.4560086225592319,0.40465885805298396,0.49922701944595405,0.539312965236225,0.5232088951914302,0.5156245063235092,0.5046954083187404,0.5888422328882044,0.5170147855806775,0.4751969921428428,0.5230910741049762,0.4532946000785356,0.5716483392425996,0.4737364016867587,0.4825636226317115,0.4492246555245772,0.5396231941723126,0.4973073956952803,0.44429695743750863,0.5119605403964284,0.4371782323076211,0.5175614584404663,0.4211510667696983,0.46804207586131735,0.4418929708893878,0.48469220902037136,0.5141336128288013,0.5623849477038464,0.48604693836818463,0.5878775375258009,0.5129118134597223,0.4921177052149815,0.47387759995331813,0.49307732381094577,0.5115864449477721,0.5351321226080377,0.4975058948017677,0.6017278372916628,0.5078117553051593,0.4694647295569517,0.5149275528311591,0.5457630591480355,0.48922037697778853,0.48989135855495347,0.48619647685573053,0.4993181881113918,0.4374864605929763,0.4787942369920465,0.485305594919626,0.48223642254674354,0.5204087187289272,0.5090794352851485,0.516575035088262,0.5965751849955728,0.4553203563738168,0.49308277641942105,0.4688887071869611,0.419076611654763,0.4477031483555275,0.4731645762245933,0.5489593800476995,0.4685058154806768,0.4639123026784478,0.520901986143736,0.5613245432310192,0.5082511495803584,0.502647874441296,0.4766137930120034,0.5157827712733151,0.4913426348314991,0.6021351226895227,0.4065631740664359,0.46317614267952245,0.46896491370902654,0.5118555116396106,0.507187333783721,0.5222244076647163,0.5081829365577942,0.44606904948392306,0.538877985544162,0.4410289308392523,0.4504283075223463,0.5137201064798267,0.48369394014491246,0.4649199338295477,0.5367736396169999
0.49510751736697206,0.5210024580004415,0.5126571951162806,0.0,0.4844839999200943,0.5037604604071195,0.5251670553884213,0.5098333115419974,0.4153954782279996,0.5342322634339615,0.5190558263184724,0.5010827520647315,0.5061015763527429,0.48826625280243685,0.49957152642435365,0.5094054646626673,0.5182065759167499,0.5228937626333152,0.5197646813020715,0.4582874271364748,0.5768699082801492,0.4899022673377274,0.4897468037921985,0.4795917588805294,0.5293631154268817,0.5447505595434163,0.45386147017870776,0.47138588420348126,0.5595521446192946,0.38794169809944434,0.47572993110961326,0.5102019493071452,0.6488616281013527,0.4674924506078688,0.4970992947882,0.5305938215927111,0.5057092577661614,0.5051950619030835,0.47978187901504615,0.5824931800307837,0.5615063508762639,0.44674479225595526,0.5080874337232792,0.5397746519981496,0.5135738825326785,0.527099552723922,0.44484484876411606,0.491119380441971,0.5295345532335661,0.4976713838439475,0.6021713998053478,0.5913788915464964,0.5337897917888562,0.6727797840292916,0.5831474394180471,0.42946983910686587,0.5380579112630214,0.5289958942803127,0.51406518626157,0.5299986216258489,0.5478986302202293,0.452366977613496,0.5664669844287756,0.4355875977594954,0.48266221195383896,0.5043242453455009,0.5213653150773908,0.4773598739612081,0.4416450312500682,0.5278108193197534,0.5153429527781573,0.4959069217253298,0.4772176981433851,0.6005292857598166,0.4960232557981976,0.4922401883827321,0.5308534130595949,0.5843911124916106,0.4955371323744856,0.440538077229145,0.5052864389595195,0.5366358800044743,0.4601901365731527,0.49900111930922914,0.5357520831313198,0.4970596987033575,0.4962801953580148,0.5015905233975093,0.5331124194520563,0.40865939536794077,0.5476638629143243,0.5110906904477844,0.5450841837016359,0.5056696911971635,0.5598911611143189,0.4979464695614198,0.46432165381922613,0.49437911801772827,0.44159947234662866,0.5537949829348315,0.4762223695564106,0.4978463292401976,0.5278207096965744,0.5231386581534846,0.5312929072803082,0.49729457922964343,0.5190888981052213,0.47492197175474743,0.5540991671924823,0.4579303795642567,0.5800290513421322,0.5159231141209388,0.5088892922880213,0.49400955474886166,0.5735780214272965,0.49685769343091346,0.5386313252597457,0.46528191105917854,0.550195057347609,0.5038270677726961,0.48291039484235965,0.5569393895009175,0.45868047716190957,0.56147917318577,0.4389350713794531,0.5708966916331403,0.4711513759996285,0.4659527678488893,0.5652154285475466,0.5161450051393872,0.3959758621078454,0.49293059824065205,0.46991691609164304,0.5052439567518129,0.4709628906805712,0.4330476603813132,0.41243051124429936,0.5254635696311318,0.5112494609751749,0.5030828805046902,0.6107685703577533,0.48138216247849713,0.5735618806025371,0.5064821507140719,0.5300931381496216,0.44800017777265505,0.4520536120144306,0.524340590673014,0.5003059185377061,0.37513431825859417,0.524523805196835,0.5551661645264515,0.4734934236772563,0.4244476918150262,0.5593700236548296,0.4891047351626024,0.43686360467084906,0.5228376644464175,0.5701389968146743,0.5205832680238105,0.5449609678167441,0.5085719096572887,0.47650908842500994,0.5134975730213029
0.5593467001641298,0.5115102713799604,0.5238535596414148,0.4844839999200943,0.0,0.4379225960252563,0.4971929682834388,0.47100283430016765,0.5244634694597695,0.48997049154166805,0.5156677577307195,0.4859340390336816,0.4641109782234406,0.495261750737081,0.5221738081315094,0.5058869071894531,0.5075931007530515,0.6266820590334989,0.4879617360676536,0.5115601606458642,0.5315331418251321,0.5991889087406487,0.4999212381267824,0.45928355569421503,0.5005600319721328,0.44948629821771935,0.4861127856574041,0.44167179422432695,0.4973337124308031,0.4677821690993637,0.48940997658503693,0.4837580299708427,0.4799804861898132,0.40568060317937693,0.5630846697238542,0.516178783113369,0.46965130405427924,0.5376234506121838,0.46596890204867963,0.5050331882649133,0.4935197588984946,0.5083236976641237,0.5243413898898179,0.48246753061112324,0.47159755169698886,0.475656314145293,0.49346517763814235,0.45197796892467346,0.5344850221678027,0.577654209110167,0.5275785675918786,0.4970340967121759,0.5354223443011692,0.5031311453906882,0.4899728972792877,0.42688114803269367,0.5377054667030241,0.5431123069004552,0.511103507886121,0.515994609019126,0.4270527532937445,0.43164893039002755,0.5066262301558301,0.4965592464026973,0.5168097669545147,0.437816212620985,0.43898910136616814,0.4771271385997594,0.5167776459077875,0.5170478300289204,0.5177475643935319,0.5121740498430039,0.45834171725644657,0.5146448860513287,0.4887114367548586,0.44098456229009525,0.45010535140617947,0.5349255586302526,0.43338517413436234,0.372687269220864,0.427541512257943,0.5713219641912584,0.482245877508898,0.43099797291073083,0.48541497664020067,0.5059242312645843,0.44213900618426816,0.522218925436787,0.46496792007331067,0.4009420192909225,0.6565381160041682,0.4994014082391036,0.5855348267427579,0.45011533357551914,0.535461485843576,0.4665056283589564,0.42596531369603896,0.4460544707355069,0.4806724659055168,0.447326649827638,0.4367863011361365,0.4352144014805044,0.4529637621153396,0.47884544331954837,0.5311899062685832,0.4684073559512298,0.4365459983744769,0.46641136105274156,0.49668031971559357,0.4265355309967062,0.4746174749914509,0.5346369889921915,0.42577884541096234,0.48739422190288517,0.4845864344207427,0.48886392792866884,0.47434222842938834,0.550160820842961,0.43689146182528726,0.48716739224963856,0.5842935098689281,0.45698752000559467,0.43299579397025345,0.48339381270974735,0.46465513665434743,0.4572200274058457,0.44578849135844,0.4526405562814679,0.45970019147843105,0.5212048463675546,0.4426735794664166,0.4817341977775538,0.4152088663784322,0.5112306996475742,0.4600898631840919,0.46275965017265996,0.43420387695506524,0.5331944082818338,0.5174633896433503,0.5116026057193159,0.4553626421934949,0.4959466867485545,0.5621387717992856,0.5309212807570456,0.4852322083866569,0.47137918532554746,0.5314326456061733,0.44076080262081846,0.5227991046387045,0.3820680747943485,0.4844822817661186,0.498151101231444,0.5867258969591526,0.45183176774184636,0.47354711159561247,0.46104446063794113,0.40972474856299146,0.44310332396605323,0.46500504203326976,0.4415719896999111,0.43896703957967725,0.4893546743599609,0.4394228050122925,0.5710408671184252
0.5458884471188563,0.5930332488941401,0.547901580088436,0.5037604604071195,0.4379225960252563,0.0,0.4432572523398948,0.5822075187125987,0.4977064058295395,0.578149754765827,0.505739794083115,0.5344504126144435,0.5741886226453877,0.46615529523572885,0.43376894123003584,0.5555925516358337,0.509743919728929,0.48181091582405566,0.4972118967647533,0.5038967305692883,0.5461418111307926,0.5013815627923376,0.43356561547776673,0.46225167139364826,0.6002593587778305,0.47450383892215425,0.42510308239277883,0.46572164531543386,0.5140126026110967,0.4317771882305985,0.4959711192915638,0.5403547807320364,0.4856677009086927,0.46106068116535226,0.48473948824343754,0.4526959177643379,0.568927150693565,0.4935689998265247,0.4397462105861659,0.47267426116326106,0.4528766009237117,0.5487364713910252,0.45064792027375866,0.48904026515326676,0.511007884966841,0.48501709299409385,0.46335464938744947,0.49343874569818835,0.4685628833077185,0.44076129903436817,0.4821295640825551,0.560090879866131,0.466899028286567,0.5124442254153257,0.4626494627003655,0.589436972015126,0.5004852490658852,0.5537178691655196,0.43523969272826324,0.47166089855860316,0.5797638353578988,0.4384963184683809,0.5137479842224246,0.40929146666938226,0.43335485913074895,0.47940267327207214,0.5117655045181904,0.5160903322902012,0.4121024681473999,0.5722858854403193,0.5243360212123123,0.44625614441996275,0.48119060809936687,0.5214318846536723,0.5389389694972135,0.5073652155891814,0.4689895603787502,0.5320602178289212,0.45941591881384514,0.4968695953408,0.5606216841487857,0.5117840905025589,0.5469504570474384,0.5408329209395023,0.49447453120175955,0.5618546138372634,0.6159535179386222,0.4338961026879761,0.5564588198976379,0.5035287010536111,0.4767566102915462,0.4986477128085815,0.4514410887501429,0.49035836604901034,0.4898569896077054,0.5662443547655855,0.4625629591542503,0.5552924102609634,0.42904081083478895,0.5175597286535889,0.4548487339663602,0.45888373222827145,0.42880986587731174,0.4870578686951955,0.4870727644631735,0.5147206017396687,0.4686459161659243,0.5532957132971855,0.46485231772621777,0.5434137233210572,0.5080462354370365,0.4543872121726399,0.567402235988466,0.5090110504793889,0.4917797255327625,0.5528184580710016,0.5677546317181038,0.43397511113407994,0.5047558362586283,0.539489592674904,0.44485181678727004,0.494006320390084,0.530661506855294,0.5484091564658276,0.4677281140893924,0.5346871178772157,0.44938234530181714,0.4859934033408042,0.5278846720094197,0.44812677292720543,0.5059555364093531,0.556373225787058,0.5095133117634605,0.5334247334781039,0.47795881953816766,0.41461407378155146,0.4800434287917605,0.4362024103255107,0.44961818376681345,0.46681805032374,0.49246313561296645,0.522216493521165,0.5323508035236175,0.46010332130929443,0.5253996283952044,0.4389098152199159,0.5032059199844363,0.5034797630782523,0.5687783687100343,0.4056389684866132,0.5051707777794321,0.4998176418306806,0.4362053016248345,0.4217004010336615,0.5566902082958647,0.5347190517821961,0.4680287750271719,0.6101456718294272,0.4560466746390803,0.46914146581747185,0.48903784331456246,0.560115357949983,0.4687068931314623,0.524890636998096
0.5023623181452372,0.5150575018547362,0.45856227163510094,0.5251670553884213,0.4971929682834388,0.4432572523398948,0.0,0.45482046026991346,0.42036272576901335,0.5410319714744176,0.4500821252809805,0.5151131676084745,0.48381946407692045,0.44715200480568673,0.5644416938917481,0.4554790355059245,0.44509379150923334,0.49762757845489414,0.4721060064172496,0.4500302739564455,0.5014152579891111,0.47494748520809144,0.547655296456168,0.531241761028464,0.5338564364152313,0.4844081625494494,0.43933180967423074,0.41955129637848904,0.477633810716206,0.39930090164566445,0.511293762349192,0.5150149005800545,0.5202359836331283,0.49154163870196454,0.48394944310613697,0.4661000071470243,0.5262630809585117,0.4212894640070168,0.46431766143663294,0.5739218034025164,0.45626686546572764,0.4447038870731372,0.49720290362629666,0.4996406369357385,0.5288493478363494,0.5321705192588189,0.5046737910399192,0.4628872500652919,0.6177207030599047,0.46936811579871407,0.5642039449625017,0.47733324059304066,0.4604903037167544,0.5345863491609465,0.5202348493079377,0.44726416059387686,0.4871840246466121,0.4463006658459062,0.5360511850483527,0.507049046242775,0.44947441481132977,0.4143037404842622,0.4373656611416616,0.4105918410209355,0.479006167895186,0.46051705877330934,0.5219301985210987,0.5227297668980323,0.4049108241971942,0.45138245002817234,0.5048305738679565,0.47006005849754284,0.42060077431167187,0.5462049176545478,0.4047313039797695,0.5213276789282281,0.5220941595387965,0.5948427431669282,0.4261084713511941,0.39696939762255357,0.4191518645870817,0.52130939212363,0.48524842458907497,0.39395617324872334,0.451258834049452,0.4478898612242276,0.4389547443346562,0.5276428512980543,0.5167927721353283,0.43068678892497564,0.48691465435247594,0.5574525730265086,0.5049979930213638,0.47729877038558943,0.4759248461904868,0.5030143858376033,0.4041759779801923,0.4695603305167456,0.41455322364543035,0.5515548236971194,0.4533593036411096,0.46902339239579643,0.48622008612243567,0.4816656775860341,0.4513121544612132,0.47809385434936646,0.45342695531586574,0.43518502777320817,0.5650069537766309,0.493456188886068,0.5855843949830548,0.4574434093789774,0.45369162277797587,0.4125056873903016,0.46352400343643385,0.4534544329073729,0.4821455350654906,0.5253380083694394,0.44026452567195556,0.42200926818894396,0.4590589866242714,0.43019577827079886,0.4233601397650299,0.5672253777575045,0.40896719049900027,0.5183142046568411,0.43259949647132817,0.500973178577792,0.45910312856252233,0.49219425411796636,0.3846371070894666,0.4123839662031568,0.40750080217898554,0.4272327395666504,0.44922721672403815,0.4223493690247525,0.4370462900479354,0.5362197205162332,0.4849887142792009,0.48311043968677875,0.47435277931511866,0.44304428734563545,0.5798819093625607,0.4346346224066624,0.483900673788983,0.5170421836990566,0.45680815936042574,0.47671159117903134,0.48471580855423435,0.3238531963706156,0.48901675586452525,0.4608732801718609,0.438220174845108,0.499993090310191,0.49103852721387087,0.4930805801539355,0.44323082972748246,0.5033578084679065,0.49885126631845905,0.48259979063233727,0.4641504929675941,0.45612999156286044,0.4226544501757361,0.46896320259665086
0.5313015830799233,0.5954740378248184,0.5864812247598731,0.5098333115419974,0.47100283430016765,0.5822075187125987,0.45482046026991346,0.0,0.5296870283645035,0.5887266424737277,0.49026459346779516,0.5966738523358648,0.5601086260905647,0.4498972210614136,0.4860864450799235,0.5856743617450046,0.5162918081227176,0.5218045591925978,0.5122073803664208,0.5192239074990691,0.5671615300144184,0.5259388940737666,0.4830667877080532,0.4930586565205737,0.5910205990311407,0.5007132984805337,0.4859480643866911,0.46799562505286235,0.48767763407946246,0.47248539537518364,0.539238698946626,0.5203182648363625,0.515219945705104,0.47299103817363275,0.47076661734095787,0.47604715284263355,0.5534961668493817,0.5266086109374046,0.48096795534174375,0.5076891192390681,0.493981846126218,0.521063069874316,0.4990819025218332,0.4634796011928035,0.5892910654081353,0.5703525394138932,0.49776703279985907,0.45982170048131327,0.4860334263868599,0.474397084412578,0.5012346316628518,0.5443963973800802,0.4751861266203837,0.5123273232609159,0.46885843576900593,0.5398758459439832,0.5285972715141493,0.6133567849212601,0.43919484789439295,0.5224151770854357,0.5494973104051559,0.44476099998945884,0.5174859995563273,0.4175615091119006,0.4448570794661245,0.4846800235136317,0.5030500261162624,0.5164800112919139,0.43435765642936447,0.6470187989522711,0.5394999305079641,0.45666508352028906,0.43558169888966874,0.5483287522456115,0.5436916187428878,0.48492647004161005,0.48869171550112134,0.5660632594622914,0.5248821493090642,0.4297499379516199,0.5005183935762985,0.544644938732166,0.5973943462443055,0.5280763641860542,0.49450952952053284,0.6614846177807521,0.5652924754032023,0.45285509794831846,0.6134499815128053,0.5340644777664078,0.503470213127628,0.5037012319545913,0.4753884630181485,0.4741819633041192,0.4805625560743541,0.5531449926294105,0.471845277542305,0.5415937352121422,0.4168228213821898,0.528083986579155,0.44448570472282045,0.5131717620267481,0.4386457253876241,0.5257987267341752,0.5004050631056863,0.6090902570556956,0.502718896575682,0.5650697778742525,0.5219968047903351,0.5051377481441631,0.48533491672535234,0.4747737422841438,0.4725765383950891,0.5329357960911194,0.5182585423566753,0.5963011747046282,0.5348862833131901,0.4605526881707813,0.44811058173181456,0.511299183777228,0.47046141703740435,0.5512120554518993,0.46649857681003287,0.5653693384814982,0.4239909045864277,0.5554487642735867,0.4459522773839197,0.5823596950847639,0.5157808790164646,0.49286076915647686,0.519730345148799,0.5566635899137515,0.49059765127787835,0.5041221485407082,0.4813889224731566,0.41005188595368114,0.5167416883052565,0.4717579577266175,0.519973420969222,0.545011159254387,0.4746762783382731,0.4867467274856366,0.5511066532022397,0.46643624989711574,0.5198834576201539,0.45178158321091805,0.5665736273028676,0.5551349052596894,0.6014121137547641,0.3978457580168651,0.512550358517138,0.48606424661686887,0.47460370341279445,0.4828696814799686,0.6030928923518506,0.5667057409136255,0.45802666114058826,0.6315813295557853,0.43196158183668965,0.4444349470520713,0.48874357327048085,0.49600029608863755,0.49080446414121415,0.5168245442795201
0.5520629575893151,0.554282574032431,0.5124496574789831,0.4153954782279996,0.5244634694597695,0.4977064058295395,0.42036272576901335,0.5296870283645035,0.0,0.4917615864166431,0.47381099899977175,0.5046816278000653,0.4722731164983087,0.4375834887018225,0.4583588266492846,0.4951355070432037,0.45828665677784947,0.513620461844701,0.45726783984286357,0.5095886059128646,0.4723732862916358,0.5824216136958985,0.4320644585885448,0.43869322272464956,0.5074039451810974,0.39671669981745616,0.4604832791761484,0.42228920377443097,0.4490310900494612,0.546056637647072,0.5022684376647102,0.45321545727607654,0.4286640931067669,0.38389950217830526,0.48676683633333145,0.4229455089359202,0.47858745940672515,0.49155966654849986,0.4325777101846358,0.42826337919762114,0.4232930805231398,0.5842689397924009,0.433150162921475,0.42299651581688014,0.45346414970391635,0.4374478568141304,0.46224255766978206,0.41830743348260985,0.44502130358359165,0.4480958710692514,0.4294299849348388,0.44873475455043677,0.4513921857524368,0.43032479661584083,0.405753675453934,0.5173221019102168,0.47021139448348054,0.5395172947295677,0.40652045107889073,0.4469536533058186,0.4308231599744295,0.3941259820312762,0.44214042575175516,0.4096554502900989,0.42775234442533566,0.40116696911011895,0.4195930174156553,0.47467418517349413,0.4294601968453958,0.551200114478296,0.4878640388281478,0.4290155176707835,0.4130521510823449,0.447251827051846,0.4969827986681389,0.42551213814973116,0.4018600555914359,0.47542055300973163,0.4071203116470468,0.3789869126345675,0.4266754483445486,0.5164395063664533,0.5864143210304195,0.4351693713790319,0.42517264099536317,0.5555569840420042,0.472289996712046,0.41821107240457445,0.4632883103894239,0.48837938591446706,0.48962065854068576,0.4638491358386236,0.44800224858766363,0.418744845102583,0.44781079884520036,0.5014036448390229,0.41157790826664414,0.4474368735700438,0.4180175871063194,0.41596834331449634,0.40743778770718697,0.4018952097343201,0.3760570713249719,0.44795767005674353,0.45289545253569435,0.454521080115978,0.3931432962802595,0.4946587713363136,0.4253598195410755,0.4491828776691186,0.41602679907748674,0.4334933846440302,0.4149177492231976,0.4840155895575203,0.42490466178963404,0.5233777582841166,0.4546349882756179,0.4532109232520303,0.3860472797921907,0.4815901526346616,0.47200451262942084,0.43032115777194446,0.4267964743760747,0.4668143834296553,0.4501774944959368,0.4399861175412866,0.39777707684042724,0.4648770606409849,0.4156885361367562,0.43864340544993624,0.593742434664853,0.48706283195836236,0.4287772480523371,0.5126586958986733,0.44196720968770264,0.411676417685987,0.48721357367276086,0.43143582758964466,0.4451116744142144,0.47447878211787303,0.4131055357452246,0.46646874946495376,0.4983573307222195,0.4452221663052436,0.45097982280336785,0.4165692536475283,0.6197283484578079,0.4335444175195298,0.5257993313967326,0.38272646610191285,0.4547649091652669,0.45010224694970513,0.4864999344748352,0.43506089473153986,0.4637135111106738,0.4849003236424697,0.4288850537675244,0.4732040123244171,0.4038039971745422,0.39037254036423363,0.40167441713894614,0.48233142999234835,0.4245461654374935,0.5436084296829705
0.5555438082205527,0.6282615689535683,0.6233442543578005,0.5342322634339615,0.48997049154166805,0.578149754765827,0.5410319714744176,0.5887266424737277,0.4917615864166431,0.0,0.5045245490461209,0.558253847806143,0.6155582932004238,0.48580364646909213,0.48342718942770146,0.5834925807269618,0.5466782207082272,0.5595829000208555,0.4950927550477096,0.505083612710547,0.5718090851151469,0.5441536266688425,0.5449604619464093,0.5139861218625319,0.662653159035046,0.5066699631670182,0.5058901589325572,0.4920565902281638,0.5349439555515357,0.46115993832216406,0.49715440087534657,0.5744819255779358,0.50563831670903,0.48896467787621806,0.4819294414812158,0.465856220893749,0.5821134228319981,0.4885926458126161,0.4416937046517635,0.5836172483976318,0.46856393966305887,0.5835743115512878,0.48708488723251414,0.4717339277682525,0.5692131671169243,0.563893916970534,0.5390640253396383,0.4685892951647958,0.5587152011224087,0.46917700181595995,0.5252957584479332,0.541529382995274,0.4832844126641711,0.5214238533061419,0.48164443604127816,0.5749527402461436,0.5190966330686833,0.5478466550502887,0.5066739724789466,0.5191909499028521,0.526747767730544,0.43651186991865304,0.4903541068252998,0.4280333299020536,0.45312346660487357,0.4861125614011719,0.5490053106650845,0.5684097507563624,0.4567049623920982,0.5742281261247285,0.5305071679355318,0.4668606272268197,0.4677421736988961,0.6069714834942962,0.5136021071928938,0.5209441352103354,0.5235078029615269,0.64749725134472,0.46364428124799845,0.4432182834324748,0.5070413791172668,0.5281490202984963,0.5930918733110129,0.4850735433660533,0.4975639227329841,0.5634742306800847,0.5201971276945416,0.48416362064338103,0.6246468054933112,0.4981892115687858,0.5215915645848573,0.522459473811896,0.4872204595847993,0.4812736894023755,0.5111932682278544,0.5547648964097516,0.4284424235906971,0.5527928076942279,0.4221642142346558,0.5856251259263819,0.4442951875939952,0.48594082874526245,0.45637396914409545,0.522661881951413,0.48194989573449787,0.579836879533014,0.4959110183118184,0.6009404490764975,0.5590812340845863,0.5577616765314163,0.5296662927677648,0.4702906444402917,0.5156228980765994,0.5142703246028285,0.4955185373208305,0.5986272085380403,0.5667356438949601,0.4954242051919501,0.4957387692525246,0.5145467127196269,0.46388806454453285,0.48377025609640667,0.4838703934262009,0.5873554240277169,0.42848460802104715,0.5458220884705147,0.46724061398289574,0.5232323380910731,0.526002173805028,0.49687005431378306,0.5077172327153052,0.5229492184615341,0.4667453262674774,0.4705948691526461,0.46269434448785357,0.41184089201753654,0.48939974378566964,0.48265769797432756,0.5296350769696205,0.49876431052173426,0.4818292276301548,0.5053869838941898,0.6040485191957661,0.4650366663056447,0.5213364319456542,0.4938537628029067,0.5027279525893852,0.5621224407350417,0.6248167722202821,0.38045826800976495,0.4836645813420069,0.4972063618386899,0.46929570611652605,0.5387051310949712,0.579411721226858,0.5438732729835882,0.48422562715536555,0.658342226015537,0.4630507762623165,0.487722574215503,0.542792883585367,0.5068653299084188,0.48354734994457155,0.5173454418293915
0.6275499531275869,0.5179461440901577,0.5306042076295162,0.5190558263184724,0.5156677577307195,0.505739794083115,0.4500821252809805,0.49026459346779516,0.47381099899977175,0.5045245490461209,0.0,0.4723755275867629,0.577208291427145,0.5264791024377319,0.45184259233811475,0.6166802596864114,0.5981022003782871,0.6285851298496625,0.5274389807314293,0.5723373468130468,0.5342800764797184,0.5804940095728539,0.48313349809506184,0.4702875376000648,0.5462574508062157,0.46103660221481835,0.4998408842490318,0.5854830479443577,0.5855822595752794,0.4468693535935734,0.45435466338090347,0.5309961966514082,0.46485968105959324,0.43063403700956243,0.5654625635876991,0.46464767039723076,0.5382581323076753,0.5608450552525797,0.4528030863037458,0.522975076676702,0.45485448025201286,0.49793825290532284,0.488127751489417,0.48953232913352024,0.4761694734199465,0.46327723964443873,0.40746560069045173,0.5286021938146624,0.5497165816896716,0.4979087781481639,0.5074066576344699,0.5065701899586202,0.5096079124928019,0.521212876099023,0.5238167155806478,0.41918830532356394,0.576667609594314,0.5507597228591747,0.49113202395367234,0.4994705081972897,0.5421035574398998,0.4076868049336653,0.547691729587409,0.4520225087321374,0.46241503557245134,0.4687963483705912,0.47665820504775,0.4637082368151536,0.5074919869246411,0.6058676397310248,0.49356399670471673,0.5005273083561511,0.5182683769901745,0.5524367899101048,0.5893226771897201,0.47982678215603985,0.49824782131019973,0.5064705720759154,0.44178135847045036,0.4396197689491608,0.4662610908775478,0.48641117601168227,0.46480534033354426,0.5259584441413243,0.4974860511663788,0.5058191655376473,0.5344755406234866,0.47247328185139437,0.4931725915630469,0.3964302798058523,0.5544170445529948,0.42727423400994,0.5483873784482438,0.5197546468994354,0.5273374579029043,0.45687575023106286,0.42828817816071574,0.43042908177209027,0.43385337860598916,0.4616137188254235,0.4735558681843997,0.4531214822585205,0.41492090330368625,0.43333898157185047,0.518055128442173,0.461202726735447,0.4479380742965857,0.5166130443284478,0.45767178610830245,0.46597424136160687,0.501832930167738,0.4870270081104767,0.49997573555621666,0.5383430392919719,0.5191971585789887,0.5344089326001709,0.5216756627089304,0.5409047497837767,0.49342305728048663,0.4984321507742506,0.5241268761122759,0.4501484045288053,0.498185599535162,0.4987835724659232,0.4950542654329592,0.4933635188747965,0.4220740662797604,0.4321615461692576,0.4958688515975976,0.4803251906545916,0.43698769122351094,0.5203697299125041,0.5492511707245361,0.532296803080733,0.49789575781007817,0.446017951009836,0.44632710307190127,0.4803323994234878,0.5317190621489188,0.47163385934739394,0.49651474529826134,0.5256965248086768,0.507884188814825,0.4778616610191083,0.5118522953860485,0.41773973317649854,0.44886826464114954,0.44503199098502944,0.5233402772887704,0.4030641447866911,0.5301325842313289,0.5178829695317294,0.5858689231175287,0.38852489486892766,0.47207101994909106,0.48893195867436656,0.5417783853332581,0.4647413223083094,0.5290995256987268,0.5115722814316952,0.4479722126986624,0.5496546507117002,0.4175000873037853,0.6757929204920137
0.5340889072517097,0.6049838729462055,0.48791117800060546,0.5010827520647315,0.4859340390336816,0.5344504126144435,0.5151131676084745,0.5966738523358648,0.5046816278000653,0.558253847806143,0.4723755275867629,0.0,0.49197681638878676,0.4139519428214797,0.535748227065897,0.5165211684254941,0.4766016080843879,0.4941209478684512,0.6056863646086427,0.5149100818377574,0.5504829499040408,0.4887863440324082,0.5360883571894384,0.5526400723460431,0.6288956051367852,0.4631034797772572,0.44968473116407487,0.45645378026134625,0.4895646038686303,0.48650032695446177,0.6242579360130218,0.5078270918321214,0.5236128277115024,0.5269657687234974,0.4892621120883783,0.4626162428053018,0.5391840764333804,0.47327843344277326,0.5219498035933283,0.4978161526618471,0.49896227865546694,0.4873889178431183,0.4999643162400202,0.4965590560984783,0.5591145382291975,0.5591756505166707,0.5001082013676724,0.4629298188584424,0.5307784945115633,0.45876910080696776,0.5055513019663286,0.5233069131880815,0.4640752683956241,0.5162255509423029,0.48166062228259615,0.5134524023049437,0.531001509716602,0.562410684874918,0.43223231522041916,0.5112054781661222,0.4793247693676151,0.40940268998938395,0.46878275025337307,0.39840092751594425,0.4501779887931604,0.4595824225958317,0.4654809767030554,0.4798341669130443,0.3902082436952642,0.5345877741083329,0.5038489712647785,0.4519204155933676,0.4012674186503011,0.5039266621529582,0.4677298442839614,0.5236685832629951,0.4622733026323263,0.5729521555691425,0.5031605008022108,0.4287318003396672,0.46205139487009206,0.5363195183687002,0.6022771600720738,0.4512944522880942,0.47063475818314093,0.5733230670870917,0.4971140437150342,0.4456823001004479,0.589939759901695,0.5158402398813546,0.4797956680047506,0.5483997189056085,0.4911343935005135,0.496128914822913,0.44906692490346034,0.5783355268718032,0.4362854000300419,0.5470853237649894,0.4072586320071445,0.5061211095184599,0.4503774986167029,0.47244909616714936,0.4428145749016621,0.5773780247320403,0.4671995251961096,0.5372849317480924,0.4657557568013601,0.52728499624176,0.5188290202734872,0.5293029485973018,0.5417157464072991,0.4594936196948937,0.4347746526962179,0.4638242096146996,0.4941158420048476,0.5376837942800524,0.5618790336599464,0.49651674793651535,0.4272003034043101,0.4517327484838009,0.4652220111540068,0.4769002174922209,0.45732869218470606,0.6167081396708807,0.4233428967426638,0.5943206624174578,0.4080366625595057,0.5588433371937416,0.49630866909984817,0.4623688867107658,0.46867346655042796,0.4659274411555203,0.4457139115609602,0.4878301527023359,0.48071447229467285,0.41404574701586555,0.5756281627282612,0.4901232390054145,0.4947305130359663,0.5755842640402454,0.47114939980157117,0.45309180727014015,0.5522045083642566,0.4330009834595845,0.5091833375238016,0.46083131693579266,0.562962080714652,0.5228130516544942,0.5881934430799621,0.3665691535597641,0.5469419507608356,0.5035704077960635,0.46593867482704754,0.46104390943540147,0.6286747841629815,0.5386360581766672,0.46222424388199324,0.6097641179742193,0.4483414030197526,0.4408504143644376,0.4505148512821426,0.5112300015890294,0.4605200225458093,0.5197773030058467
