0,1,2,3,4,5,6,7,8,9,10,11,12,13,14,15,16,17,18,19,20,21,22,23,24,25,26,27,28,29,30,31,32,33,34,35,36,37,38,39,40,41,42,43,44,45,46,47,48,49,50,51,52,53,54,55,56,57,58,59,60,61,62,63,64,65,66,67,68,69,70,71,72,73,74,75,76,77,78,79,80,81,82,83,84,85,86,87,88,89,90,91,92,93,94,95,96,97,98,99,100,101,102,103,104,105,106,107,108,109,110,111,112,113,114,115,116,117,118,119,120,121,122,123,124,125,126,127,128,129,130,131,132,133,134,135,136,137,138,139,140,141,142,143,144,145,146,147,148,149,150,151,152,153,154,155,156,157,158,159,160,161,162,163
0.0,0.8634475886335358,0.7754462325578402,0.7495179489386272,0.8050159445550481,0.7977891844136301,0.7931027724413904,0.8276307131586449,0.8909340953581107,0.7843465300939623,0.8053009980929756,0.8009850309563865,0.8509449487795877,0.7977782535967338,0.8917605386352804,0.8516122994838216,0.861624216984264,0.9350878504758797,0.879133517948489,0.9645524570256601,0.8891432650401987,0.8283153065557468,0.7600986430414804,0.8218572593797357,0.9001854896941102,0.719404776028326,0.6999173300886754,0.8227832776226374,0.7783442559274824,0.8657817854430843,0.9289358623649367,0.8712335724131015,0.8260798149702276,0.7598336437672369,0.9082292421091421,0.8238202286151566,0.8746562739668362,0.8949203456068012,0.8298383917627892,0.7677254386775053,0.8633305963027298,0.7544261839841158,0.9498779135566673,0.9030624413313405,0.8583411191411647,0.9194985253759459,0.8815615277861079,0.8770430161466904,0.8639991349266867,0.9600077566892313,0.9619577886646676,0.8882437012319471,0.8870917855422275,0.8544106275973573,0.8584386063008645,0.792681593513336,0.9746176402554402,0.8097963734851705,0.9122252647966563,0.9020728925808652,0.8227932161765962,0.7710322015693543,0.8991173943646598,0.7552811341001227,0.9195726396558369,0.904985441443635,0.7486618393585452,0.8855436476536886,0.8758585649431602,0.8546411573146374,0.9382810381121104,0.9055082661052265,0.8140799423978763,0.8549106212187624,0.8689020722668611,0.9036155079850341,0.7506134649658369,0.7390178341589715,0.9149229982151343,0.7915124631303972,0.7945226477417897,0.8855296970049553,0.9169252055352084,0.8221451923195957,0.8721400183749853,0.8795237869055746,0.7446657486595006,0.9669202754649947,0.872176105528371,0.7523891652084057,0.9067759001348611,0.8518245660432386,0.950621211771893,0.9444571933555553,0.8887571296275931,0.8312909781401902,0.8298716967282634,0.7598100583392513,0.6860050145812252,0.8412106848267169,0.8353414588305568,0.7736301398108074,0.8232890948616597,0.8440759973559603,0.927841309242686,0.8646163245643251,0.8514657274445427,0.7622284577746593,0.8698125100464495,0.8493810225412676,0.7999175929636855,0.8178492023669879,0.8560403560305268,0.7161473419244444,0.9153811450869161,0.8157249800004571,0.8690411598025366,0.8692761556615548,0.7581047735513219,0.6724677262755469,0.8605510516048646,0.7559856880605448,0.809798079503616,0.9408012213102555,0.8265643775629934,0.8779432354825178,0.7314781261315108,0.7861957692129539,0.7998102089772166,0.8561459934282577,0.806054478413232,0.7864764252223929,0.7973298921970444,0.7707422253858874,0.8515836392508996,0.9044707610569978,0.9562852280104821,0.8349409751584007,0.7690904949883274,0.9569049091763535,0.8703591371140059,0.7748608866999444,0.9048742595988815,0.7709087388438055,0.8214137852711408,0.8231781788083312,0.8513115565184064,0.8162088257900496,0.8970827454101943,0.5766084975150322,0.9141647968445172,0.9072757154831618,0.8582319975173784,0.7479546095460428,0.8572551405819779,0.8958019968331387,0.8177668649618013,0.8060480733374324,0.8082889474185435,0.8186193688579184,0.7653484510040514,0.9186082762375827,0.936104300729284,0.8577926626676526
0.8634475886335358,0.0,0.8980245889468678,0.8745942998933997,0.7984184582075868,0.7860797341282741,0.8612322031503278,0.83800335861489,0.7642926470721711,0.8948164287456556,0.854728061193209,0.7937952745561431,0.9138688528657961,0.9306634007530552,0.9003060169835537,0.8683171383816845,0.9070857373126076,0.8875862338400542,0.7567913791752429,0.8542938154511103,0.8650455515521652,0.9105961749044653,0.7995386043852838,0.8980221768998378,0.8299060922619844,0.8054655427009548,0.8204724094740997,0.8478493999424322,0.9367857631026916,0.7228402561393527,0.8208363124242705,0.7882430570800802,0.9508955652321682,0.7493504278880593,0.8731034268968202,0.8872372217844188,0.8581499404758851,0.8930490467897295,0.8242488648943602,0.9040204908153101,0.9645308110065851,0.7461426235130427,0.7732197362360681,0.8606113440811957,0.9144245902539236,0.8979773261286468,0.8303269460849774,0.8450448739061097,0.8517605908919771,0.8846022346959057,0.9012320813102496,0.8812341570888473,0.8579314331663556,0.9478643523372563,0.8956523533640803,0.8449603291636046,0.8666182361747544,0.7683619288131965,0.9376725253179534,0.9474873594691948,0.8774148251602335,0.7411171392794094,0.7947925514581053,0.7980678588065405,0.7762000752611916,0.7973646701404473,0.8762672169951164,0.8445564088789969,0.8622089715416227,0.7950971536125288,0.8631923149102416,0.8968317361372051,0.8008316276808249,0.9179214080635079,0.868012888013318,0.7880168890532138,0.7981794580808431,0.862274229064468,0.8484018380792123,0.7471181587300828,0.7532889607984338,0.7995306007454702,0.9380817172168175,0.8637132127202477,0.7797540061168617,0.9339433100228489,0.6506101257288271,0.8306308288071519,0.834595174413829,0.8725910524156929,0.8816717751948547,0.8148014075934049,0.9281984440784858,0.8483996661253063,0.9563300235329927,0.8774000834912198,0.7701540904461959,0.7638212821637255,0.672751028972979,0.9279482054650942,0.8791409547549017,0.6947898127955007,0.7258216854229788,0.8169248969811708,0.8304327916395686,0.8730193439592322,0.8310134512608265,0.8252146794196029,0.9469997357726455,0.9211903764944172,0.7852076081335194,0.7638154512701136,0.8718927593622121,0.7613848769952682,0.9073195840293496,0.9307911220769826,0.771433292748054,0.7624963448594603,0.858121201924815,0.7663086415410595,0.8654737379506947,0.7465765561033758,0.7683730628738201,0.9288746340493924,0.7356614252508988,0.9418826219018148,0.7850090255847734,0.8663986073000911,0.9067784351330268,0.9044080376531309,0.7984829378415251,0.7518912574647263,0.8174386153456402,0.7846774764800667,0.8285146728367629,0.8091064119515208,0.859253514034603,0.9067117841352845,0.8622639217071866,0.8305496744016497,0.8956109315278217,0.7831816763440554,0.9480372149397747,0.77660936488934,0.8553131993638767,0.7384692230885276,0.8270825874752135,0.866667069024992,0.8525747938941381,0.6256932747253069,0.7808613826528517,0.8399725252163223,0.8679436355241942,0.9108287370220121,0.8555622497562753,0.8640068228340257,0.8757200406067293,0.8950282281454156,0.9104774939538224,0.7797182043501412,0.8189939954691914,0.7942821671774084,0.8894855444669335,0.8343082086476783
0.7754462325578402,0.8980245889468678,0.0,0.867972559294177,0.7218274286575557,0.7631744493494664,0.7617226199833506,0.8931258552575164,0.6816952089081252,0.8901144790184764,0.8247987316175521,0.7392538107438517,0.9013238094343367,0.8130531120863473,0.8445767967025094,0.8514322365419561,0.8684320751766789,0.8445264889087872,0.7025305877271485,0.7785871697942885,0.8598938841854504,0.9025249053941053,0.7339266929674729,0.8545365638071419,0.7912750224288513,0.8227599821931765,0.7891520528858537,0.8058644874591744,0.8426406439799572,0.6395856878821723,0.7275930342456627,0.7188558964116759,0.9055708992320135,0.6833336794077447,0.7425521467796697,0.7992547777462464,0.8174048547934925,0.8278105211180706,0.752761453268505,0.8648817229830164,0.9033435070771794,0.709365350321585,0.7602281093888962,0.7646332618707716,0.8917796488527275,0.8638894385972533,0.7545484126947384,0.8065167396913605,0.7573679772911082,0.8030456488223175,0.832901186156346,0.8487359148382949,0.7686023637048484,0.9078201848937063,0.8124079972768792,0.7369810994829671,0.7880872268578217,0.7632756685813126,0.8617994864789468,0.8350398358252353,0.9057499832718685,0.6693213351349742,0.8045439926546062,0.6996421914901605,0.7138354564518246,0.7822825130038225,0.8546751160728056,0.845783425173476,0.8890853674094576,0.8462400283205722,0.8254155029311377,0.7616566867827198,0.7443322487255125,0.9192708076109263,0.8585231577222556,0.6884279135407767,0.7895575348007617,0.7821909145447395,0.8445194163413815,0.6404132215192011,0.7479851921277559,0.7535644836528447,0.862087787370988,0.8630638994978262,0.7135578049256203,0.904412557409886,0.6701828034777215,0.7407767794633606,0.774344147432778,0.8071237973393522,0.8087886211425217,0.6803566953210783,0.8031095745519148,0.747143952654382,0.8513972425129017,0.8204761663621879,0.7492391595814998,0.7219436046236801,0.561453777750967,0.866884143535364,0.741130522976822,0.7416738584859388,0.6959883060776153,0.8173437016522369,0.756503799922508,0.8736211301050272,0.8406699928947298,0.8292582770289522,0.8874407072830192,0.8703867472033536,0.7202676037815319,0.6882742829295883,0.8355529034600151,0.7239006861985745,0.8410931640870769,0.8848416600010861,0.697206944266333,0.6979327566052028,0.8837054590999932,0.6822329388020804,0.7513672318703722,0.7761731157259422,0.6858499204053016,0.8379407147781374,0.6121630075110499,0.8854213611911997,0.7128800221751874,0.8173680237398703,0.862638723543618,0.8597786854202827,0.7288854952636279,0.7927190310370485,0.7578224203725602,0.6815265921441387,0.8079072597512224,0.7245393423445992,0.7736114618759077,0.8198346778381741,0.8679220860021533,0.7622407146869379,0.8657931353691102,0.6705127159685255,0.8185902031383925,0.7212836445058148,0.7792052828555192,0.6825540688395149,0.7733811922507091,0.8463612197878211,0.823893789009626,0.5712820011650794,0.7174025632653844,0.7384929903653954,0.8077223562638449,0.9097448103947878,0.8679942773515399,0.857409884173323,0.8287743901870995,0.9012552645322857,0.810282706324887,0.6834813131531764,0.8228037257621228,0.6583334666200147,0.8155593316041421,0.7555447953281995
0.7495179489386272,0.8745942998933997,0.867972559294177,0.0,0.7799971113541408,0.692862322756846,0.898245765582576,0.8335966279815179,0.6624791388397486,0.8377727726059363,0.918588155023915,0.8016470074341573,0.8690491604605732,0.8255600414940255,0.8522491764226579,0.8257117893803815,0.8356795646861039,0.7970677436066018,0.6950369936031321,0.721720823707632,0.812864498878474,0.8827369537497601,0.8533779918020313,0.9088929448544603,0.797296240537585,0.8916300582602461,0.9002257060377232,0.8489215134140822,0.8602402082220143,0.6570505646980621,0.7287621535163447,0.6841252782349712,0.9346459679230588,0.7592980784369819,0.7633788360422624,0.7995394227922813,0.864640267563028,0.789295154741707,0.8024877352701263,0.9270667614887742,0.8745470695955438,0.7345662665420363,0.6950055845067759,0.7938839854908183,0.8899617260550658,0.7972828308165956,0.6564195393124698,0.8173120197401715,0.8397035964188939,0.7393431548586421,0.8323082694789349,0.7804400914049106,0.6868129020069107,0.9268009387836891,0.8709998124606209,0.6989895183378054,0.7557159020720652,0.778527359081273,0.8315241623445939,0.8246041809147687,0.865670249122396,0.6065841534472819,0.6975629873397775,0.6857695655869235,0.6425606412035313,0.6822214858643566,0.9478709556591108,0.7741067178718453,0.7948973808046962,0.8206592043909084,0.7566942177406275,0.7512303366626123,0.7614518331725507,0.9238704068628305,0.758328372488799,0.6516354321194153,0.881596963018224,0.8927811892708052,0.7644225751516468,0.6410675546462393,0.6233160062118335,0.7393540410622335,0.8340360405638534,0.7707702424075564,0.7048037052933648,0.8433300895892184,0.6732894339215589,0.7249114326279675,0.7353099650952905,0.8752268222881494,0.8685650851618086,0.7086410975524277,0.8037838234390653,0.7122220691422073,0.87236909847139,0.8316431841981955,0.6472808195820565,0.6937829646295605,0.5751192602296766,0.8697434777183702,0.7911592221438962,0.7240694839976284,0.7510237459086878,0.7639874448114605,0.698671967826713,0.7873049872921394,0.7442666194386022,0.8276713485685507,0.8451942685466253,0.885029669563374,0.8193223608423337,0.7221078749722221,0.8152513535593121,0.7948055526277694,0.7867978044325835,0.901944349932219,0.6409096359609279,0.7080986733003686,0.8547736726744533,0.7279651930168856,0.774516889719681,0.7711278496933147,0.6720256180083943,0.8528936031127279,0.60979848109633,0.8807562257898206,0.6846631186595079,0.8567077832523556,0.8258000832544727,0.8098029851884005,0.6511534457730767,0.6684983144129744,0.8213797314410983,0.7353591430661105,0.7879158704312995,0.6483456471875878,0.7164292361200001,0.8607401111772485,0.8901697429638973,0.7585926380693591,0.8276248474660318,0.656352019158186,0.8474002431070525,0.7024604521903315,0.8225409465172322,0.7201813478452292,0.7464602593594986,0.7666495424157886,0.7270782835442763,0.5538537623140953,0.7566896303206461,0.684331413371171,0.8406534075346973,0.8821827988630933,0.8694560657654457,0.8528964878364038,0.9035342550717,0.9286599212237229,0.9120673876681742,0.750296081187922,0.7166319568346093,0.653091776187,0.74078645020263,0.843509112814555
0.8050159445550481,0.7984184582075868,0.7218274286575557,0.7799971113541408,0.0,0.599115537321277,0.8795919451525932,0.6927537813986075,0.8096429003624145,0.6914661326966236,0.8761378444885812,0.8188091743743982,0.7099850722443056,0.7657300007237874,0.8989771416816851,0.7231321091563095,0.702393449126049,0.7787015839642347,0.7109885814843381,0.7942763636516248,0.7884055419561244,0.8826950023868976,0.7929685500935528,0.8809182503223985,0.789086068426415,0.7788391578117184,0.7509973419739225,0.6892791420369306,0.7926690781180024,0.7097707350424407,0.8594436739722218,0.6476228751457113,0.8039592721022911,0.7018332844710249,0.9067171320924935,0.8324972720132162,0.8430912300025001,0.817093709875239,0.9133128899595295,0.7827664422602405,0.8276743274195241,0.7420096885240961,0.772440375478109,0.9325936669053199,0.7988687714523137,0.7091390481790063,0.6810880661621339,0.9245829448945188,0.8633078446524873,0.8086919890473192,0.8005098025229723,0.7057978728158488,0.6635067709365676,0.835929725016013,0.8588037162187513,0.6516046266465753,0.7650204701071474,0.7352203112312893,0.8124271285079706,0.7569997080060452,0.6856862416649273,0.5880383536830758,0.6584730306365842,0.8064655126060847,0.730114728619748,0.639792036195195,0.7908169839872293,0.7705660300093087,0.7599989733578617,0.7364725596304028,0.803873012576843,0.8269142576478844,0.728195242442551,0.7566901038743437,0.6454791194256648,0.6496194213913001,0.7303801199624762,0.8250677785090642,0.7139371954405692,0.589670397602517,0.5687806978374541,0.828248799848193,0.8026475251653962,0.6547418938023691,0.7015624643345262,0.7860694531035599,0.6606126745856006,0.778763970946444,0.6350972825420906,0.8166237676343284,0.9028851774119887,0.8030646831234658,0.8461230719417187,0.6965106337370202,0.8538309828670919,0.8647603300062419,0.6479741987564896,0.6691126674601727,0.703121919298112,0.6937462707343325,0.8512713676109552,0.6664851108091268,0.8055942011475743,0.7880909175208092,0.7208283933463441,0.681032306777423,0.6292739518377901,0.6940262349132789,0.7516957469792702,0.8434652358319015,0.8201011685585338,0.8745295710848205,0.6770050331647378,0.6849245900348703,0.7179876646569886,0.7206967530482944,0.6108602650912531,0.8415009153215764,0.6937690338539848,0.6567547478420234,0.9322610962822027,0.6647365581172758,0.7087580440271306,0.7935019456435491,0.8184832437870693,0.796769077563493,0.5999838935277735,0.7954787813232383,0.7224743815585372,0.8093268560292843,0.6060847867954562,0.6006839137379737,0.7248890486538982,0.8377550444343277,0.9043791484345425,0.7737966467418242,0.7710090430950224,0.8945738383579215,0.8278827529445587,0.8472116959150144,0.7579202026628595,0.6984374234964719,0.8054611597334314,0.8003311005023115,0.9153609439591767,0.8368728804987667,0.8846888332382955,0.6378272286517149,0.7591375766939226,0.542344673740612,0.8556772824331912,0.6858491613850092,0.8688134615888465,0.7719347929706804,0.790993787077274,0.855230810959684,0.7827118564784991,0.7161936334304828,0.8647155535403607,0.6650893786376155,0.6125282352529662,0.7415850672856578,0.7830929411077686,0.9556387046622611
0.7977891844136301,0.7860797341282741,0.7631744493494664,0.692862322756846,0.599115537321277,0.0,0.6324597256178343,0.846112711975243,0.7471537968012537,0.7592841001491075,0.6756873630528804,0.7420751356149504,0.7951402086627687,0.7098000206796249,0.6811157377853838,0.8148552753089677,0.8282846453278043,0.732776565844812,0.8210314487158562,0.7836310070028941,0.8096829063115725,0.6837066720844258,0.6133401448090398,0.6464944963117245,0.7772575216764359,0.6263088506002086,0.6065044472376059,0.7683059480365653,0.6951478264732055,0.7634700716082178,0.7619833718918645,0.902241265022006,0.7362853663109171,0.718484438700425,0.7083436571305567,0.7518205114931463,0.7195436526667515,0.7601838165871505,0.6860457292038601,0.6451493591456486,0.7393653839391557,0.7486502960007002,0.7593459622835332,0.7249851058328031,0.7554703761040829,0.8093996790029193,0.8005970223498283,0.7033366192469891,0.6639138892883021,0.8020874760173119,0.834657811501191,0.86884211355244,0.8327595343019301,0.7803421941122666,0.7465410574202355,0.8784144583264657,0.8238020281522063,0.8335877724347263,0.7262060998708294,0.8139794989399477,0.8520178535663058,0.8578270693944356,0.8919217851937269,0.6463975898016677,0.7557498279562811,0.8592998568445497,0.6611048043484495,0.7313347325266366,0.7268210319776088,0.7744722329162882,0.7835562324732606,0.7126980460278,0.8165749275827623,0.7799955878927493,0.935802204647694,0.8117348240384465,0.6998341482771117,0.6360983349187741,0.804611897338957,0.8248607204885289,0.8654277589101003,0.7539092144337458,0.7782422833991024,0.8292608887682227,0.8462497824712568,0.7788998699861631,0.7593518695004565,0.7887064595004258,0.8655301870334701,0.6806983072087951,0.7368480270123554,0.7870192434458496,0.7819541019932787,0.8489706642049256,0.749654518739421,0.7269679840927645,0.8761218225619627,0.8065389835252393,0.6364127948129739,0.8218231683353246,0.6879638615925349,0.7596874333896666,0.7144393417706408,0.7360109855684405,0.8723916445583028,0.8163069836771837,0.9098493735153123,0.7159826208192842,0.7433982752030993,0.7260233827527868,0.714132760673168,0.6638005773157549,0.9335893566639243,0.7241994940396131,0.821171247773068,0.7611642023655254,0.8641865169533686,0.6661893615040236,0.804608209360231,0.7044115336513462,0.6488361719158433,0.7860460373510421,0.755813719519137,0.8015951903193295,0.6603735316558873,0.7848629255006793,0.8645543215862417,0.7214017163372813,0.8068516676195451,0.6814129921836921,0.9116482952473018,0.9223451649898468,0.7269183531075588,0.6945545256834995,0.6869812855245409,0.7087420154016704,0.7685810330428635,0.6435862564597469,0.617526991469978,0.7543306387013963,0.7569443640432991,0.78692042973812,0.8105360789026755,0.7380569874811594,0.6692540917637072,0.6682468890146882,0.7192956971539499,0.7934164364262379,0.7957518132172929,0.6670635757599237,0.7354826378376467,0.8257423521468004,0.7046159798330335,0.648253900317013,0.7879081010859472,0.7179341272303057,0.68028353312908,0.7892510963010455,0.6501280842520304,0.7904936437940345,0.7263472838391822,0.7920467940774385,0.8471220842847382,0.6490825895222034
0.7931027724413904,0.8612322031503278,0.7617226199833506,0.898245765582576,0.8795919451525932,0.6324597256178343,0.0,0.728654460245783,0.7009746797455895,0.8212131044163377,0.9305651115014317,0.8221502455212111,0.8125426999126446,0.8191093692201873,0.8954428211438858,0.7918340282616769,0.7916503570068814,0.8225727243408465,0.7235512574733615,0.7531500490053973,0.7765442395309192,0.8717085865701875,0.9284149160145979,0.9334642704956282,0.8366652490377345,0.8108005370591187,0.885515104611808,0.8264588437436489,0.8885818153383841,0.7380803254943992,0.7853022158372912,0.6971342307688402,0.8735352838233225,0.766019833471906,0.8294492087362672,0.7799932608694686,0.8856808575298296,0.7795977994206045,0.8515936237898399,0.9050934588885382,0.8390609227459999,0.7286498614616892,0.7227975049649565,0.8471090959808529,0.8374885460745287,0.7751855207322337,0.6684174049706869,0.8550979052591522,0.9515854559072112,0.7527610447232764,0.8368391490316354,0.7142219631976594,0.6919478534035851,0.8730713544847228,0.9018105184214582,0.6708104842890158,0.7779878108152157,0.7308361416892384,0.8748328921794217,0.8173599720874077,0.7630515012107041,0.5841474803652903,0.6500527976339644,0.713997261370534,0.6782998810031963,0.6597739896506662,0.8832278335728122,0.7738423123044879,0.7729848372724112,0.7666287396653401,0.747565924150194,0.8121411655120075,0.7053934686944592,0.85681863931935,0.6912535812932089,0.7010400398964187,0.8487799140560313,0.9283297553044287,0.7222130935602803,0.6718984611180631,0.5908797170777139,0.7369023070066872,0.8621738911593217,0.6944745434956631,0.6874228985754725,0.7841263211534992,0.6338219571046458,0.7793242134919375,0.7216746814228319,0.8284420412486952,0.8802767093370766,0.7457171317334839,0.8704971002132822,0.7393050102129773,0.8636952517452716,0.8446734716214258,0.6072408326230752,0.647485888362618,0.6124713638197844,0.8025253048802298,0.8588211386638118,0.6846973557042294,0.7460859260717417,0.764361213768828,0.6854827249368295,0.7254851086603404,0.679403565039984,0.7790101358342175,0.8331548520286687,0.8984148334401277,0.8528762222635383,0.7487055906205897,0.7291060585548892,0.7584309297822729,0.758221541506865,0.8281382437539779,0.6541687021015065,0.8303561761457455,0.7463884699483122,0.6781492059535552,0.843837596284583,0.6748125264796202,0.6711828955118201,0.882083133962158,0.6877215244108817,0.87792586924696,0.61998668537746,0.8213067309471331,0.7629250149443885,0.8163719657435746,0.6287485034097213,0.5941028487204122,0.8067979396533728,0.7384406361399238,0.8014732336773961,0.7033464387904678,0.7693568969167305,0.8985202577967292,0.8744172085824268,0.8222753172792442,0.8086272271671048,0.6766036593525897,0.8550078113406753,0.6867220478496333,0.8634804322123788,0.7531917004389229,0.749478701426234,0.7411788012164798,0.7418136179081912,0.5304472193928482,0.796192865818004,0.7268277097764717,0.865342215768993,0.8466207209143393,0.8216375032363991,0.8514511011151524,0.9276355755827066,0.843622285594721,0.9493759944343347,0.7848950788382859,0.6843745578698252,0.7187114396399591,0.7412221193288937,0.9087665770419163
0.8276307131586449,0.83800335861489,0.8931258552575164,0.8335966279815179,0.6927537813986075,0.846112711975243,0.728654460245783,0.0,0.7570964915032008,0.8231436307494376,0.8307575444841303,0.7906370747857623,0.9233834604053589,0.7963112626126273,0.8044651355624715,0.9259931830851482,0.8725393660275785,0.8249960849312151,0.7608931931243522,0.8174790232504897,0.853522747264739,0.8181689860398149,0.7224934805649441,0.7776401285575033,0.8343354650800433,0.8179216510239375,0.7699222046657677,0.8365119376175005,0.7757360048706646,0.7424087344085978,0.807132165812082,0.828576821317677,0.8584706266841381,0.758804242836198,0.7610792319499524,0.8261181744082672,0.8857014872707156,0.8749996848498695,0.7898391357210649,0.7839413967134354,0.8336528735072216,0.7120876327619244,0.8300084266190063,0.7822733065122964,0.9247879837764262,0.8829317484562519,0.7542831736560582,0.8324736903076398,0.7628702753989196,0.8375732902455781,0.8874396502865656,0.8544465547180646,0.7619069812926909,0.8761585571210184,0.8575091818233421,0.7742405453553423,0.8389361746131762,0.8866361513475405,0.801112194521294,0.8706622167205368,0.9648661983597364,0.7648748682700989,0.8703512226247515,0.6982674763699633,0.7241413424084011,0.8334181682730604,0.8398148099073264,0.8479835904186049,0.8801070711549687,0.9478157199069686,0.8606173358798775,0.7765894648643311,0.8249829081266657,0.9168554003402307,0.9157153056270826,0.7478897505137847,0.8532045030964139,0.7600808756347454,0.9014340006778536,0.7130137516527121,0.7491084737206143,0.788870775267469,0.8554420620904848,0.9070968756997819,0.8099549021633557,0.8979159680875043,0.8447847004659814,0.830723159720595,0.8594897416731327,0.8225846306877342,0.8533703941545522,0.7381410941576417,0.8297512271327268,0.7987148222179998,0.8246090720695226,0.8252300611280808,0.8160482064467947,0.7550192727770882,0.6051178138973864,0.8901805132805422,0.7767428337184161,0.8895089070075608,0.7801018790455958,0.7854441315255639,0.8530092689111278,0.9094896984599469,0.9062340856955351,0.7984299710734,0.8364704194356485,0.811272155981887,0.7546056259196167,0.7391923484222463,0.9294458789725766,0.8412122178070492,0.8748548998820396,0.8604632820856927,0.7408142413904586,0.7308416106360415,0.8274299438411016,0.736191541477425,0.7450830714539598,0.9233016194399534,0.7222773279229483,0.8625323208536284,0.637834111993845,0.8920681873994389,0.7824781434902881,0.8802617149415741,0.852288248083275,0.81540255318219,0.8001507015178447,0.8679286352449477,0.8745860062118554,0.7220278895699743,0.8011270859740394,0.7096758549185451,0.8040873758875833,0.7762706360448701,0.7940474915728261,0.8367762091631968,0.840456601635199,0.7472631622545813,0.8265506822115545,0.7562748730856512,0.7971662674073081,0.7432984581518641,0.7861481909541892,0.824261107678225,0.8240025247938508,0.611728836348193,0.8113108181860038,0.750365985419127,0.8003100150509466,0.7918864690620675,0.8784687388623419,0.8935686356214594,0.8131367878664029,0.9049739743609067,0.7658321656232657,0.788662321835512,0.7500259640207082,0.7168523348776477,0.8557332820024914,0.7574123041366702
0.8909340953581107,0.7642926470721711,0.6816952089081252,0.6624791388397486,0.8096429003624145,0.7471537968012537,0.7009746797455895,0.7570964915032008,0.0,0.6425048185848429,0.7347410497623833,0.7742893967219104,0.7073051464426175,0.7284001633457964,0.8132755557931617,0.7304422908828205,0.7008109958906599,0.7709749406486562,0.7979514081933844,0.8731206061283073,0.7999417569773285,0.7767456375303834,0.6321385956939749,0.7117667563140511,0.768996745939256,0.6505820513776802,0.6105353852340049,0.6582228634211985,0.6828939546024945,0.7992632191831321,0.956427143102025,0.7779803711441263,0.7356809341661426,0.6723466973993273,0.8880876929332837,0.8309739230534579,0.7896044654636101,0.8444215851899552,0.8590925267194753,0.643324021164038,0.7677235116504607,0.7393449824327509,0.8669463725664891,0.893692861883429,0.7608924540447843,0.7495634236671401,0.7793157068418319,0.8490306366886585,0.7356923500541821,0.9131746640539479,0.8537190067417038,0.7742340733001084,0.7809084233767447,0.7864943017240736,0.8011460138523827,0.7592583765305922,0.8496826683030964,0.7931152900283067,0.7603476243690507,0.7895766745309787,0.7322100752847521,0.7731523400337058,0.8110672829618382,0.7729114524536737,0.8752759157859487,0.7771816831441527,0.680006402420644,0.7996892742931069,0.7474525119722829,0.7726734657955963,0.9107917623865398,0.8305665508604625,0.8040070767135412,0.721277246410294,0.7564533883951645,0.767024612189807,0.6735228579717677,0.6646985681977966,0.7777705229209027,0.6795620759188451,0.6928626289290639,0.9345596420068615,0.8034947032859021,0.7142884744978111,0.812520202488544,0.7877110652662715,0.7828841431994769,0.892133868834805,0.721075190599754,0.749772764837139,0.8503292184185239,0.9093782035964987,0.856467859267881,0.8117389422758406,0.8264701482360831,0.8124607332078938,0.861130466038897,0.7164357186331498,0.7822918922479152,0.7026290513030627,0.809467634491983,0.7426206240705499,0.8068136676623613,0.7528935760838579,0.9023971384403685,0.7207841620732511,0.7272753030568331,0.617796864540143,0.7166367281290557,0.7339964544269373,0.7496249209322703,0.8562562031747192,0.7784035110472399,0.6802828366777434,0.7753114239464912,0.6765582297549125,0.724907397849957,0.7992467400368332,0.6528387764623972,0.6702182874415029,0.8471143061666744,0.7465094358680796,0.7554469353697809,0.7968919335110872,0.9202972877046116,0.7607321885254408,0.7189834806428096,0.7603825070707442,0.7027037936415883,0.760809000985615,0.7463880401578276,0.7569184750925507,0.7308955757396944,0.8668464421988635,0.8572423964505459,0.8710833958275662,0.8181811249219082,0.7547836934158764,0.6630045474199013,0.898524887414539,0.7559764654263429,0.8023827985418769,0.8280171427082473,0.8876143573099906,0.803105825422968,0.8005947151521776,0.9332426610218109,0.6682566657885124,0.7827220362443429,0.5930792517928921,0.906447098162002,0.7850635270632667,0.7971089272133343,0.647996197592648,0.7441004288267952,0.8324060984056826,0.6832911241031012,0.6711336852152465,0.7184119288375257,0.7068364547564862,0.624070873144167,0.8699668430651426,0.902101898867131,0.8198519639791575
0.7843465300939623,0.8948164287456556,0.8901144790184764,0.8377727726059363,0.6914661326966236,0.7592841001491075,0.8212131044163377,0.8231436307494376,0.6425048185848429,0.0,0.8124622803904751,0.7376014059974908,0.9210000351186948,0.8233485067756814,0.8192688829851418,0.8713469808653265,0.8853580158249382,0.8635779749629514,0.7200272791611046,0.7556298898247619,0.7797275416082511,0.814730128998305,0.8132233206660856,0.8252484165344193,0.8514623518532938,0.7630889218417474,0.8267733078479703,0.8734837980984692,0.9150834299245857,0.7191003424012335,0.7224702193149634,0.7824687400678685,0.8764470653035975,0.7213097588050917,0.7333373740996001,0.7430979941944581,0.8351143143704289,0.7885414598542284,0.7125751424514754,0.8715266426523968,0.8485506234365969,0.6696416583723102,0.7461164211661487,0.7434041660166899,0.8501532665070144,0.8779341471816184,0.7718894199964385,0.7727612452500079,0.8296345824042843,0.753172524002239,0.8267539865538593,0.7894073001463303,0.7808531312207535,0.8396760794430177,0.8328509865373896,0.7483580060315629,0.784427254348916,0.7317759968390853,0.884251952446312,0.8452188047647544,0.8549341965091406,0.6670421144293722,0.7539531610642959,0.6637232886564324,0.6865325516195024,0.7661121563959703,0.8118903269671321,0.8250371063587808,0.8673392691331981,0.8167092598569458,0.7522654786310314,0.7846999863042522,0.6762467457648037,0.891471112799801,0.8342379664424977,0.783115547505054,0.7976933522894459,0.831149415169255,0.8131818002421141,0.7522542850113083,0.7558459405466157,0.6669785472965877,0.8995429294963692,0.8446094178321104,0.6894040923650394,0.8293607873595944,0.6331153899754808,0.7763829182310665,0.8576915488685924,0.7426642075831889,0.7808616230254756,0.6779959477427837,0.8435053785945515,0.7824918162153035,0.7971176573398705,0.8211058335811909,0.6668529275573679,0.6953626893995944,0.5515069676548748,0.8880719090076665,0.7702318902318758,0.7104608688328473,0.6739231230307523,0.823907148076512,0.7256470721089727,0.8488846309524863,0.814717454739204,0.859279228464046,0.909876730368149,0.8545847703329204,0.7225884917647583,0.6334509271680738,0.8059273925276175,0.7471553437461566,0.8470163791651055,0.8818215555124428,0.7670729272431075,0.7521500136407737,0.8350009881184524,0.6823581483235326,0.7148164645436731,0.7270611218521419,0.6628028078332558,0.8891297734048144,0.6010036729369953,0.9347314829957345,0.6740806208446939,0.7834507380349017,0.8502223065642006,0.8364187363047858,0.7628704117165419,0.7017853234489752,0.7862150647504939,0.6181359645658431,0.7128984144056458,0.7094763724313684,0.8185112083839147,0.8065136258632044,0.8357225775930301,0.7726205856800985,0.8845261882794474,0.6844569944928522,0.8075121021643074,0.6310277631305026,0.757459282129407,0.6675366062539759,0.6756267144426336,0.9198156579307959,0.8388411623115871,0.5646633794037047,0.6935610142700794,0.8200637840189612,0.7557131247093991,0.8798450107887186,0.8484658362371819,0.8057064641530698,0.870058958806951,0.9288996722152061,0.8379606869457955,0.785324100974003,0.8682824006150585,0.7079551157558306,0.791490778415333,0.7203304500914812
0.8053009980929756,0.854728061193209,0.8247987316175521,0.918588155023915,0.8761378444885812,0.6756873630528804,0.9305651115014317,0.8307575444841303,0.7347410497623833,0.8124622803904751,0.0,0.9067537529855207,0.8467948401745533,0.8055288060827213,0.8814694041822988,0.8762783318873084,0.8301686590510814,0.808377581393584,0.7617007211580203,0.7982376884050304,0.8496515025094649,0.8997681558027769,0.9058450891835672,0.9316782282964012,0.879600228693782,0.8746566410847563,0.888572748487795,0.8526480809140691,0.8598680501493181,0.757355654857106,0.82623827646739,0.7361574769766939,0.8689211144788085,0.8274398008489402,0.8358696157066617,0.8422870345239978,0.9423835569221879,0.8366620426313662,0.9246015095464345,0.8800243250915979,0.8424130570797043,0.776619784798572,0.773588150099234,0.8702574980178139,0.9147426431940289,0.7904470082176891,0.6593905450377407,0.9308601956533322,0.9320554487351818,0.7927497484127567,0.8691652105595088,0.7447854194429498,0.6713290885598194,0.9201305776120784,0.9563387931315234,0.6759781242430415,0.808238401382241,0.8453244590995428,0.8462814938718851,0.8383620851497078,0.8387018892573437,0.6090516350334998,0.6945633196582657,0.749763085974294,0.6768656717489778,0.6865756539424009,0.9235487047182107,0.7805674687500953,0.8125847798351613,0.8523682233385991,0.7835132211056316,0.799126361916211,0.7864379833059716,0.9059577420844174,0.7422754853000689,0.6768198597753742,0.9263383186776442,0.9134297036468131,0.7714764562387253,0.6507701325873212,0.592344445981977,0.7805031210068539,0.8455722190154545,0.7379328530163879,0.7522741667057804,0.8346014787027085,0.7462362485231411,0.7940074422544047,0.7338639431925196,0.8804040026448376,0.9233203250613515,0.7553996702342314,0.8727676971370358,0.739849114386552,0.8635741194103727,0.8658834365280108,0.6605078566886677,0.6961650825924464,0.6229540186559949,0.8181964016738702,0.8598321477747881,0.8017495630429846,0.8093875044445734,0.7819553211429924,0.7310761988340106,0.7748876755300429,0.7412057198914497,0.8182193234608526,0.813662187039099,0.9292806686547206,0.904933648039211,0.8168382636711706,0.7829446365749851,0.8507011448584837,0.7710852701907412,0.8390199743121566,0.6479308223723644,0.8540295698664667,0.7978473542062338,0.6990650792690501,0.8542675181978779,0.7551577511574488,0.7145667596442196,0.871630697480193,0.6782303559127515,0.8978253639310774,0.6595947922339215,0.9038397053676175,0.8166008280664333,0.8104923797589255,0.6533451863870887,0.6704847165715917,0.8663276381279746,0.78193120391734,0.8870873189637963,0.6846627161655482,0.7777165886048889,0.880457783349432,0.9028253677580099,0.8668099483063774,0.7889054523187008,0.7193075917810198,0.8544385109419915,0.7598081475012364,0.9232629543459961,0.80872241175944,0.8029727157687891,0.7223148048123157,0.7891048428291142,0.5700265842762704,0.8641906003379071,0.6908267076601309,0.9254517675466758,0.8428068283615188,0.8919324869320787,0.9147009068596043,0.923894921458118,0.875083762928392,0.891338051225164,0.789640168516885,0.6533338617520847,0.7031300459126011,0.7730218102663358,0.9300453530811859
0.8009850309563865,0.7937952745561431,0.7392538107438517,0.8016470074341573,0.8188091743743982,0.7420751356149504,0.8221502455212111,0.7906370747857623,0.7742893967219104,0.7376014059974908,0.9067537529855207,0.0,0.7544242623021079,0.7170210400103563,0.768970139815092,0.8492171958929176,0.8064185586550091,0.7213726803863197,0.8612561069024007,0.8176567570118728,0.8727825534857186,0.7869840405442476,0.8178076386531855,0.8096263240096156,0.9020196241523933,0.7493723537054698,0.735749009622484,0.8163360877075407,0.767186804918789,0.8273922202655791,0.8566413026600783,0.7986000375812492,0.7556822535487759,0.8961880290186711,0.8319660595517336,0.8417212979610634,0.8539266737140434,0.7932392450750667,0.9113885218884454,0.7310589752881937,0.7597400263809677,0.895464389205357,0.7694581301883369,0.8773084847863639,0.8339843133649629,0.7287740070843843,0.6600825394521943,0.8953926363664853,0.86054007157664,0.7916911557793729,0.8483216906820812,0.751505645107953,0.6586614608161321,0.8624363322363178,0.9140420609572919,0.7213314060190971,0.8167322666065185,0.9322253777499362,0.7585279913655307,0.7970571761074295,0.7810853113198774,0.6385965350788176,0.7044403305164665,0.7558134332625673,0.683613494264864,0.6837407612858319,0.7766201710825573,0.6879753203684724,0.7166072861089635,0.7877440760815312,0.7429009479267288,0.7480441304088032,0.8594436818856332,0.8113770640305615,0.7453229874647014,0.6835240722575384,0.8374683927904245,0.7970886177390518,0.7327735344591266,0.6821020082657497,0.5992976439439367,0.7959454846750136,0.7659608991518763,0.690805526955287,0.8463993873210733,0.7742485695604426,0.8027515676256937,0.780296080476145,0.7204603109078794,0.7986591221320981,0.8804585518139978,0.8373951978588702,0.8436673781199175,0.7541833899171551,0.794114751353485,0.8166609814623047,0.6959057989875803,0.7904385965189749,0.6834844213937882,0.7583287663455832,0.800648133045432,0.8022540840265664,0.8661943466476404,0.7757863431215438,0.7644255892790085,0.7281716556522196,0.7482052934444314,0.7910605666915409,0.7130546112222009,0.8857404183281384,0.9712012032701104,0.8531961387737481,0.7930427351338585,0.8367675187640428,0.7237874220380548,0.7543616788767994,0.6917501417656561,0.8560522588660383,0.8059864645959991,0.6927221303201928,0.7937421390405669,0.720469167130065,0.8027067424787732,0.8130194626017042,0.7200752902051394,0.8204316039494618,0.7014845280393238,0.8321887539923971,0.8162369342127948,0.6915022125896445,0.703203180826243,0.7120237135076866,0.7899486684868339,0.8258443772744226,0.8648207453381177,0.661121466434301,0.7660189098678793,0.7586788604928321,0.7540565834860141,0.8568704249385246,0.7003406113685949,0.7882800726600885,0.8389065081050534,0.8178289586075702,0.8746104224854373,0.8552796939949008,0.8040223579303524,0.6499545651736454,0.814571902250867,0.638960871870197,0.9004361645281019,0.6904235856236028,0.8958697232523831,0.7019986173681323,0.8948140030377836,0.8132142403743419,0.7954358210273039,0.7957743477057411,0.7594603007166308,0.8005525800224529,0.5829985409406722,0.763026668523716,0.7856147925677884,0.8750326008659426
