0,1,2,3,4,5,6,7,8,9,10,11,12,13,14,15,16,17,18,19,20,21,22,23,24,25,26,27,28,29,30,31,32,33,34,35,36,37,38,39,40,41,42,43,44,45,46,47,48,49,50,51,52,53,54,55,56,57,58,59,60,61,62,63,64,65,66,67,68,69,70,71,72,73,74,75,76,77,78,79,80,81,82,83,84,85,86,87,88,89,90,91,92,93,94,95,96,97,98,99,100,101,102,103,104,105,106,107,108,109,110,111,112,113,114,115,116,117,118,119,120,121,122,123,124,125,126,127,128,129,130,131,132,133,134,135,136,137,138,139,140,141,142,143,144,145,146,147,148,149,150,151,152,153,154,155,156,157,158,159,160,161,162,163
0.0,0.8406947013020716,0.7571244105027907,0.7698878773459369,0.8238165559416233,0.7483963877683631,0.8472082120728507,0.8059412421505903,0.8526574439007141,0.71552979840562,0.8668378014033246,0.868514464711298,0.8468802664136785,0.7831318312599768,0.8804838494657564,0.8176786081290938,0.8035247765244877,0.9549568425690621,0.8868449605895377,0.9464260513548531,0.8785448071924351,0.8442978293555655,0.8460504151660421,0.9208130299217535,0.8929431387901603,0.8183778580113917,0.7783295048183925,0.7805976875995916,0.7254099804094901,0.8496269770695771,0.9188680060706212,0.8382893839428693,0.8146213553650538,0.8150531973357916,0.9231897428746545,0.8236869448771553,0.9316187684382242,0.9018841104550668,0.8312504982411562,0.8378146206676842,0.8561959078917153,0.8131063598096148,0.9018529890941054,0.890520771368539,0.8997294971070506,0.8990762356300415,0.8655807185018195,0.8692092276364931,0.9336986011584625,0.8971460426766418,0.8869906102798363,0.8619839231882325,0.7660262398328287,0.8187577793883686,0.7940036892611272,0.7660570224261591,0.9399098728827759,0.8297358571448813,0.8585674290878775,0.8813963730389964,0.7342632741104583,0.6904564099816656,0.8311149424039914,0.7979429938275511,0.854255605819415,0.8657633545162826,0.8255047497128246,0.8542236665772039,0.8592074643823535,0.8604299694359091,0.9210746431464569,0.8609196557784793,0.8231518282041028,0.8500616972317316,0.8114740813811698,0.9232499807592172,0.7446851808638121,0.7881772650394828,0.8493957576132932,0.6792321189935621,0.7441483215203966,0.8869706247204863,0.8205566399573399,0.7822809016149382,0.82881491401535,0.9253968794901759,0.8243811760727388,0.8830150805858638,0.8239301322645765,0.8100317765334799,0.9059950517218899,0.8570397606222021,0.8406405893425298,0.9105347683716364,0.8382472491029518,0.843471217310861,0.7458791709078921,0.8249801979491035,0.7494810854504258,0.8188386243198029,0.8112432705008222,0.7516449200746451,0.8374818368669729,0.8399735487435351,0.8716035427537847,0.8353409286342687,0.745067372025754,0.7847349590202266,0.873698403277366,0.8839284318383751,0.8939577239612809,0.8648364158728847,0.8002862013495197,0.7584998394733478,0.8593910258079985,0.8312836569383942,0.8407092116582483,0.8721019807799627,0.7230243267864092,0.7496215219320285,0.8685920407971895,0.7168586877729545,0.8474664621782314,0.8960977364943814,0.7995645890505672,0.8339739074871116,0.6847156494893374,0.846815034276313,0.7664885453187814,0.8791469486467779,0.7628902973100575,0.7503011285148619,0.7851448732896397,0.8446916089229404,0.8961984913203072,0.8133508553321008,0.9437454022474351,0.9014482890681282,0.8507047252949235,0.9221897637409242,0.7914629800691126,0.8027986076011553,0.8827588101936004,0.7405086807709168,0.9021742358669268,0.9196937366706408,0.875277087398903,0.7048903592942969,0.8540009745377997,0.6348330713988275,0.9397737224311197,0.7951210532438096,0.9055162718350126,0.7889581268499719,0.8663181458747163,0.9253604161623713,0.8735720555849172,0.7856291295427194,0.79571034615655,0.7443469996881025,0.7101634815831475,0.9290035412965885,0.9117992961506534,0.9444773197155889
0.8406947013020716,0.0,0.8640202149645171,0.8055963503556377,0.780022733066541,0.8364989727310962,0.8961610233078464,0.829265548389282,0.8305517928543643,0.8919489484196659,0.8431680137996372,0.8964097564783012,0.8591172885484469,0.8263738201976978,0.8648260706032949,0.8012732119364573,0.761443361905768,0.827955972051233,0.7991080351475081,0.7969852952648576,0.8092196937184034,0.9220816548417525,0.78533092945451,0.8772492253186449,0.8710444881542034,0.7176096015193539,0.8389582792393602,0.7235329721874039,0.8772147987403971,0.8362991631829769,0.8726296951966245,0.8373809127089522,0.8895822556174517,0.7202616790640842,0.8030463599435206,0.8013789502532891,0.8781827694974299,0.7980503955537134,0.8241327096545533,0.8375767217412763,0.835038142737894,0.8551952150106934,0.7411200144018403,0.8031726714677746,0.8521417475617772,0.8074685357769325,0.834734371494855,0.8002053653058079,0.8470033190585147,0.7712108271868247,0.7997248265069659,0.7504035588242016,0.7634449505495159,0.867257010694134,0.8060067491983294,0.848030261411831,0.7726367332257534,0.8157386904939221,0.8245039132858321,0.8416986534612281,0.7851469396512687,0.6765012391928543,0.703378312788432,0.7302479714168275,0.7139570112305202,0.7061483135160945,0.8511641895667353,0.8518432747938615,0.7792275830336964,0.8207860069789428,0.8246129412177562,0.7532543907879196,0.6845863007809141,0.8381024410674909,0.8221762303414204,0.8144462594194871,0.7578455036730477,0.8542633307724997,0.6985454514971019,0.6522528146898693,0.7550507577279025,0.8018720261157087,0.9072368151721936,0.7400497200863451,0.6646516322010358,0.8746641288000887,0.7413029361289578,0.7612629984283777,0.8025778055460622,0.8817415923389657,0.7938140640307012,0.8696530839544688,0.8198625068650055,0.7628809480928264,0.7837050438004943,0.9467703722337286,0.7225614924786419,0.7852032499975068,0.6752002687255921,0.8157211681547556,0.7924854492462684,0.709104549591824,0.6734576057972043,0.8490499542700107,0.7307037365342981,0.7624835574555547,0.704948789196454,0.7627027919569546,0.8667307720839509,0.9056881355328196,0.8276532361203307,0.6907305587371885,0.7692236762573018,0.7957595474128883,0.729376176254354,0.82239151823749,0.7485990463049308,0.8236453457755136,0.7154488065790595,0.7809731726796563,0.7582207328943755,0.6851324388614195,0.7056139145061593,0.8900255848109906,0.7014203696581323,0.9169516589570257,0.6928919873480116,0.8949174161453015,0.7722123590036737,0.8276328946329569,0.8455858797139674,0.7484938384983832,0.7245429535724641,0.7768814291510332,0.8220470727800435,0.7279397855639418,0.8558769136409948,0.8191850436708914,0.7971496298586722,0.8383029801060624,0.8138300920593504,0.8322716350980001,0.9192915412658835,0.7468900799227663,0.8471556860524401,0.7696393295891677,0.8737356693653635,0.8402605305726218,0.8459238740369979,0.6468494456561593,0.7550457260458183,0.8249623965379487,0.8316921884109252,0.9153131782833848,0.8436580801304473,0.877296672943018,0.871083151131434,0.8409078078057483,0.7842824032470852,0.6805974310509618,0.7802793717693871,0.7907369884340207,0.9380100243643725,0.8081423655864002
0.7571244105027907,0.8640202149645171,0.0,0.7885798557330366,0.7712721007908308,0.8862681675564102,0.785855138080633,0.8468639539929897,0.6811173668370865,0.8998184125754299,0.8697661563862804,0.8905345491536791,0.8908435343426331,0.6876386924979293,0.7571245140064258,0.9144669044151151,0.8484103848649964,0.768656140643125,0.7878361203093037,0.7421661172495324,0.8871953579092571,0.8634557492719189,0.7582344347370197,0.8457144246316703,0.8580756362472622,0.793362931629006,0.7728635209693259,0.7441045499491554,0.8457478577516596,0.8146113364648446,0.742765642969407,0.8662784050517679,0.8044838992957699,0.7291774573915235,0.6807543624545612,0.7525393594252581,0.8583771964040102,0.7688588881363371,0.7634459501910889,0.8159518228147666,0.7995965720573571,0.8289434039759552,0.7760855026294642,0.7690610385543353,0.8285998108265338,0.815105781003308,0.8345792686353531,0.8294131832597825,0.7885221747001274,0.7329249055648563,0.8020916130868662,0.8034165742710676,0.653129032949529,0.8501428929899207,0.7918322258042325,0.7629862095905456,0.7533346635528586,0.9045749156752187,0.7371090974948287,0.7709428256148744,0.8132388929592964,0.6581874444167003,0.785918400762625,0.6687742573258091,0.6342462826110384,0.7304644320536516,0.7718095878668075,0.8387311665711363,0.8123520347407348,0.8374030043478214,0.7760771245400692,0.6482692888084767,0.6628675202353014,0.9008896491482955,0.8730651598591787,0.7049496766413353,0.8396444965516257,0.8818056915148977,0.7283181101524253,0.6979919487698768,0.8517823981455895,0.6944278399240776,0.8508516885781225,0.7845796858523898,0.6865949580539971,0.831700575599598,0.7568675484385478,0.6762615360455617,0.7746110408959149,0.7586267697585177,0.793693560062645,0.6966004262245354,0.7764420953673512,0.6991815928232656,0.6805014170817978,0.8606769093636621,0.6761507846459296,0.7733302613399953,0.5691127156815288,0.7776567581646037,0.664763795202787,0.8002719624695822,0.6693330842034972,0.8336416719145565,0.6805907171273716,0.8353660633676856,0.8195473943939541,0.7993573975878768,0.8458200554308815,0.9019343730389914,0.8340881807002684,0.6626865740475527,0.764658810723651,0.7829322463978188,0.720811050330954,0.8281430325607859,0.7280585086966952,0.7980673293855199,0.8338249195307271,0.6790987877409653,0.7067096407992186,0.7139912516454048,0.7003056646104643,0.8600495730179124,0.5776107591568069,0.918272628750953,0.6799392830070079,0.876170392512162,0.8219406598830991,0.7563690092829434,0.7764278563704082,0.897852519512621,0.6809748610580552,0.6448692884539471,0.7739013636882125,0.6469054180435839,0.822565604819284,0.7304296590467143,0.7870290332855627,0.7805506928955327,0.7280800915339979,0.7938589556222863,0.7502698986533526,0.6806707787187007,0.8243640338930952,0.7388648516816982,0.7918015284433032,0.8893037462015989,0.8520355633608524,0.6770361810195936,0.6873667931783723,0.7140705144345958,0.7852095055859748,0.9015214516426131,0.8954289623487166,0.8029404692289038,0.8226158883453977,0.9115017235625112,0.6505405727956162,0.700662019552831,0.8150680065826414,0.6666754873173955,0.8357722839100722,0.7464838047085531
0.7698878773459369,0.8055963503556377,0.7885798557330366,0.0,0.7176509464766795,0.7329127850611674,0.8228822185358647,0.8070579897641929,0.6720944362849982,0.7493463725573931,0.8635689307881007,0.7811839106213062,0.8472739858806565,0.801807538671807,0.8034372007412371,0.7835592709525405,0.774724799553883,0.8123586094087908,0.7572137257483922,0.7314984359555662,0.7864012779421178,0.8076239515108619,0.7757773817607586,0.8238002668664062,0.772251339072727,0.8133477527881213,0.8574963808811072,0.7733574188402833,0.7872325652290193,0.6977554125188595,0.7515222551884916,0.7649426669426143,0.9250143686468664,0.727465022318707,0.7438274187186229,0.7896852414711648,0.8318835460957272,0.7951200644385292,0.7758427995753677,0.8833694304548798,0.8424445094381267,0.6884936288329713,0.7483552030937474,0.7742940333757731,0.8352556579789504,0.8104861699171906,0.6988735872757321,0.7815577121323599,0.8138069065703619,0.7547884484335436,0.8419108952945858,0.7710736726885337,0.713904624185341,0.8881253937758493,0.8318043985977743,0.6583436032742799,0.7765338174294908,0.78662976272798,0.8034587642987704,0.8337887334629546,0.8516898568516688,0.6631485583627051,0.7678050661534572,0.6856917337388511,0.6755484069927943,0.7518935711249302,0.8878690778846726,0.7623216199446141,0.8042137215161315,0.8326945251279715,0.7744028209443321,0.7318561191758105,0.7398830252519448,0.8993420729771692,0.8116630271814304,0.7338593164334319,0.8525073997429532,0.7954576952970793,0.7511666040408648,0.6369915633400977,0.7002018835730369,0.7417560094122504,0.7402892035363353,0.7894509684613957,0.7129488794274205,0.8007017061876557,0.7556985586755006,0.7638604171946396,0.7727859340571089,0.7271921842847525,0.8130338798385961,0.7209221592002123,0.7892417016267652,0.7595661746874605,0.8114575628745007,0.7841796373080234,0.7024725735014218,0.7039378035280365,0.6174866737964876,0.8432242248623616,0.7592777204261583,0.7763875232060049,0.7527901030350092,0.7582619293210727,0.7506524153685131,0.753952455145464,0.7615803409024965,0.7130303412193582,0.8489602447905796,0.7733271420943517,0.8247711768495282,0.7163749170412249,0.7976975723090343,0.8092549663240917,0.7975689627158694,0.7975127546810008,0.6975387564352766,0.7419990936760171,0.7576817493261397,0.7525519483503001,0.7286052811529916,0.8055255710822883,0.6772491834253394,0.8268899733227864,0.6262861464792585,0.8590352846173068,0.7054456815784057,0.8225111755499466,0.7663664907313072,0.817834909300426,0.6568044770885952,0.7217053655959108,0.8030867322060126,0.7280494381005208,0.7719909016717049,0.6626911350694442,0.7336604275924137,0.8133552763938974,0.8134082402986701,0.7793358014390024,0.8535679564072766,0.720945984333788,0.8086923795343421,0.7110005072871307,0.7994942963723978,0.7254846424854787,0.7298109206762657,0.7768715126518975,0.7268152230098717,0.6056282048169406,0.7682513086518089,0.7376989920230554,0.8107465790259191,0.77166990053446,0.7975893226549036,0.8132327237093132,0.8563423025139343,0.7828920562891397,0.8324199029170875,0.7717373264626581,0.7708665564102747,0.7032646032863692,0.7601169154536087,0.7810892511811914
0.8238165559416233,0.780022733066541,0.7712721007908308,0.7176509464766795,0.0,0.6974570326991127,0.8834332556920887,0.6675024765879203,0.7555810674553582,0.6606311865815,0.847784667414271,0.8194085863497177,0.7190030939826608,0.7042138934416189,0.8864681461646245,0.7654389819527939,0.7205167271047386,0.8010331335273404,0.764176683002063,0.7529567491974797,0.8492345842931412,0.8796954199401217,0.7258251759078785,0.8779706517767625,0.7422072358197453,0.7721784235658781,0.6753121473354483,0.6163859992472053,0.7563118537261044,0.8223990743563511,0.8188122103148405,0.7375916075353616,0.8035159033081376,0.6545905622405521,0.7951919741501082,0.7883892577087137,0.825767869488402,0.7950864357857593,0.879977900113421,0.7815249776252213,0.8511265786803734,0.7589625388010999,0.8323497092740423,0.9144963927373053,0.730939258506502,0.750868047024437,0.8458056415786755,0.8729093085646125,0.8301660216389093,0.8463531367324318,0.8836984664841561,0.7820659677320242,0.7366128425631404,0.8334484909477483,0.7983546463151575,0.6802216613418833,0.8155717226755477,0.8085969947226347,0.7549499615679951,0.7705801021316725,0.6321728976773257,0.6765341146911682,0.7660853366761529,0.7224454821356733,0.8105285080009944,0.6929071741840693,0.7064695749464726,0.8598163557746722,0.7363369784594026,0.7187969291747403,0.8908107277015838,0.7592687805104813,0.6452145117940327,0.780102791121452,0.6771447595671486,0.7206145739456467,0.7492007761783308,0.8932201099878123,0.6928635305665669,0.6933760294611738,0.7116945665512242,0.83548970302691,0.8354772475219798,0.637526083156947,0.6959954018500208,0.7667806937858895,0.6716715803719154,0.7734295563496816,0.6374730645589155,0.7233976803290575,0.9241732281169661,0.7845998101911118,0.8837217274260848,0.7518472387124231,0.8120222743230376,0.8228609516795322,0.6801924408631378,0.6658284796695633,0.7254223006998143,0.650705017126775,0.760195455260965,0.6856882273896796,0.7147071177901314,0.7423320224793453,0.7294172320324166,0.7273861911215825,0.6594465074718531,0.6458838217871754,0.8160514834667391,0.8088909610350384,0.8534004790914005,0.7941643299107143,0.6546963622322927,0.6340145406855054,0.7206679587166671,0.72853720899916,0.654201157709511,0.8408966814578149,0.675818026356091,0.6354957947057049,0.9273590262968354,0.6501722206134859,0.6850963478040761,0.8875777867252532,0.7445000970434685,0.8090585545820334,0.6293332788394874,0.8259539954954048,0.675524927699376,0.8315391103353119,0.647255007858028,0.7494964145106976,0.6415909839229471,0.8004662151557042,0.8138601657590369,0.8381615762593047,0.8118872522691201,0.8562790655315087,0.7258112764351727,0.8658963225609256,0.7161592664437014,0.7839448791633378,0.8030836547901854,0.7581458326483549,0.8711143837335301,0.762921013675986,0.9033451837853451,0.7171956524018738,0.7268342752139404,0.5862193787583809,0.7762291134789631,0.7547889604132704,0.847714372969364,0.7870230991874727,0.7672655607315835,0.7968277589144329,0.764481278335231,0.7502361682795824,0.7427589573722773,0.6974412442439228,0.6399961248058322,0.7604416183876307,0.8080678917390823,0.9118841961811487
0.7483963877683631,0.8364989727310962,0.8862681675564102,0.7329127850611674,0.6974570326991127,0.0,0.735699662008273,0.8416398321166796,0.716716518527647,0.8460641845445026,0.7904364901450234,0.8493888282503762,0.871787931027062,0.6707163701574629,0.6911156619295722,0.8565425364263733,0.782898601776598,0.6977987288464882,0.7575165511028207,0.7016849409545789,0.8044052445533199,0.784214118581609,0.6827103700254968,0.7498840901944102,0.8219227555969556,0.714353640721641,0.7058756647075728,0.7114795539753868,0.7614236045967386,0.8300640168577854,0.7368418801033989,0.8948407459612694,0.74959733100256,0.7072407270553067,0.6505961177123071,0.6900359750526248,0.8403237268965533,0.7092455403833471,0.7101544329965594,0.7130599280762207,0.6984440734083108,0.860520307839553,0.7018156171972618,0.7224172804103322,0.7710735129728826,0.7574482122106514,0.7983645995774944,0.7632404088750868,0.7163868021762894,0.6723310564303967,0.7587484147753225,0.7682887446699541,0.6467717329844853,0.7782242072888889,0.72644740151913,0.8491791283185453,0.7122146845151114,0.8779636290528552,0.6534915312832849,0.7319398987989337,0.8309322092197456,0.7154601350154183,0.7518852335860967,0.6071573470147784,0.6063417636144931,0.7127523689476033,0.7577693289278153,0.8258178693455769,0.7031191709143837,0.818827931505128,0.7596906422340642,0.6078270626615941,0.6801815141539239,0.8281003612643192,0.8702472123497296,0.7424492978924371,0.8052345780488456,0.8156641868512519,0.6729120800677204,0.7724962251284458,0.8802161625916932,0.692354813915448,0.854643359769549,0.7618313029357462,0.6681361824397262,0.7856660570709382,0.8095575437728342,0.6560554994151576,0.8007880724103758,0.797495349191048,0.7366930938524897,0.7268892762200702,0.709869932357048,0.706170961548993,0.6539173824698731,0.8463602056562142,0.694620389189819,0.7649509672318364,0.5778530148493302,0.7799122486286375,0.6504027901200153,0.7696157102907651,0.6284020367702947,0.7493681373485727,0.6716226265686518,0.7840012881081234,0.7696743427879663,0.7523065094074091,0.7486720676897837,0.8565738997961966,0.792200026435389,0.61391915631671,0.8538222368956997,0.8024245545753244,0.6808725288622163,0.8054101308977454,0.7372783689859543,0.7153844466898269,0.766122414246535,0.7411036973459155,0.6467577244524604,0.7292519702346106,0.690854425618737,0.8453546668359424,0.5873085299631591,0.8498376070345248,0.7412452341355692,0.8470284793601311,0.75026745858506,0.6677198788261101,0.8398212108270472,0.9037060357895899,0.7169976828140554,0.6659488697665447,0.7070714604398805,0.6111908858637081,0.7819112864185082,0.650622018435574,0.6686762993785385,0.7281539962204384,0.691941596156929,0.812874476148514,0.7593090614794606,0.6521906269819284,0.7596213047349629,0.7035187305284915,0.7738958994618512,0.8600821739048723,0.7815958441251235,0.6753927940700019,0.6735015176848954,0.7064338129933241,0.6986044191375912,0.8015277238728203,0.8278728463629036,0.7820840059773393,0.7916372864472367,0.907582991178662,0.6163722978282894,0.7438388820077677,0.7375844511468602,0.6949463142290377,0.82793952055185,0.7095523963856619
0.8472082120728507,0.8961610233078464,0.785855138080633,0.8228822185358647,0.8834332556920887,0.735699662008273,0.0,0.7351463810646455,0.8148827206141871,0.7698150221700973,0.8543227190730592,0.8516446970192074,0.792508714025779,0.7870962384578504,0.9260762435833827,0.7560719865467759,0.7219296074833215,0.8444925635207979,0.7733891543534035,0.7562179141977433,0.7989247049366311,0.9201619927343049,0.7972851011653392,0.9056043077340616,0.8049755968508026,0.7371038787618345,0.8117517485020906,0.6783281377438194,0.8104064269018164,0.8437237463242256,0.8571210552691615,0.7705145746159422,0.8914262392979192,0.6843172951870142,0.805380376750894,0.7682295457874552,0.8708891171518266,0.767818993124055,0.8535619983450726,0.8591075183678266,0.8327953739368961,0.8161483575636925,0.7611232539218037,0.8444598164737576,0.7876647568015669,0.7837813054932742,0.8166275984812674,0.8100304095907379,0.8838781733386131,0.7848815582064343,0.8574900248311657,0.7378616959055683,0.7586967421432449,0.8578463466899331,0.8045902036785371,0.7634072603904656,0.7879643248938919,0.786355590563641,0.8255928161661563,0.8144848972373101,0.7031195163802845,0.6439573327782433,0.695137609238674,0.6954747619185638,0.7612366165941037,0.6813763336685469,0.8294016985635885,0.8775021716164843,0.7448403021713015,0.7764000039138823,0.8559507992067289,0.760327079063838,0.6552854350755299,0.8283164991730224,0.7134596937525748,0.7882924406721973,0.7849560478589271,0.8975756033457377,0.6731614349735773,0.6603893300232002,0.6861445848463349,0.8442503034422012,0.8983421352247462,0.6530280246534413,0.6566726282770854,0.8034382220994551,0.6939407052453906,0.7969303501572927,0.7230872585838319,0.8266881219034938,0.8666133589102809,0.8545516844649541,0.8534880258899088,0.7640644889597351,0.8348363775877893,0.8910616081784477,0.6641107972193787,0.6971672605160613,0.6827861020979781,0.7509637207755405,0.7937082497480844,0.6887099011902623,0.6962924018228228,0.7783625762071475,0.7082172101848663,0.723095614995608,0.6514118095333352,0.6900802584933947,0.8600726487132144,0.8549602950202229,0.8564976572702437,0.7221171342337249,0.7098870177929478,0.7126849627160351,0.7138629364165789,0.7877218885433823,0.6857251180371594,0.8359442899343102,0.6648611058785939,0.7069706117771792,0.8290246573705803,0.6647248940206112,0.6669985964189885,0.9259459466156478,0.7213487157762228,0.8595074069360311,0.6457249639122502,0.8625993564864007,0.6854742187756134,0.8406922000381624,0.7289233640806123,0.695536471033144,0.6995530375395321,0.7942922832768112,0.8001444555409609,0.7670512820031165,0.8166919192306713,0.8640403967186874,0.7655736434307947,0.8612347486494073,0.7927633886060079,0.766907843518176,0.9222188731820936,0.7297294537879453,0.8407238717753859,0.7681541147961797,0.884327843809087,0.7888623124762539,0.750888007028656,0.5623665921576996,0.7759639362991818,0.7987097960204931,0.8489871143088666,0.8692765758340995,0.7908619911994158,0.8626098862561666,0.8762755275186721,0.8043680235680912,0.8338031338618387,0.7208653553994048,0.7038444856334538,0.7763470594936774,0.8598417069645103,0.8844165730237775
0.8059412421505903,0.829265548389282,0.8468639539929897,0.8070579897641929,0.6675024765879203,0.8416398321166796,0.7351463810646455,0.0,0.7705886500352158,0.8349304863504029,0.802425910248174,0.8722767242367147,0.9076200753720164,0.7051422076678655,0.7472286079670906,0.8536829197507003,0.7949471999248252,0.8018734810190686,0.8043351600030165,0.7936458237502522,0.8016864152514906,0.7857938312666437,0.7882378928529236,0.786786356347666,0.8811579072606507,0.7730656465756119,0.8609694807644706,0.80658958955916,0.7132065210442502,0.8196488484466722,0.809747732192453,0.862311793371306,0.7942412996317649,0.7969701832609714,0.7148380010747307,0.751861599723386,0.8765012181532965,0.798756461589947,0.7365293668007693,0.7729318748634592,0.7463537713432817,0.8032609815505234,0.7757340897642401,0.706416106041778,0.9210710096790631,0.8632953006969255,0.7729289738897368,0.7462635301252187,0.78230189160507,0.7328510933553776,0.7716078381285311,0.768221764689788,0.6341987116615183,0.777837142648891,0.7480084736599826,0.7903043638291067,0.7687365031707162,0.8831981778409213,0.7197861942442043,0.8145197280112799,0.8718871328966914,0.6811418661586158,0.7699594434656817,0.6716388428739671,0.6357803107721437,0.7768631293546809,0.836406827697669,0.7919823768820164,0.8346214970702324,0.9599041126419005,0.7746985787641836,0.6727568545144652,0.724324273476663,0.8736396277507219,0.9120402748729314,0.7627946775351463,0.8061688172242436,0.7487968477467631,0.7973742347470901,0.6074873002526894,0.7247937100272729,0.7455067505722122,0.8011267248613871,0.8340762171139212,0.7215441259107194,0.8948026567426658,0.8901987365808287,0.7460484290362146,0.9054848970068223,0.8323255484829777,0.7685378875407283,0.7536936413295282,0.7142100007877236,0.7245369968492523,0.6693681217629225,0.8316411114517039,0.7255924810169295,0.8275042745438617,0.5864670101064223,0.8737191530808983,0.6789580429853753,0.8715811178582775,0.7367620023501538,0.8326096900536258,0.7581923909512353,0.8487715057884727,0.815863593244246,0.819318819970672,0.8038275428469072,0.8224300760856953,0.7825334766889508,0.685502835818956,0.8046554240714229,0.9206414451173305,0.7614401378573951,0.8398629143755724,0.7642967140709038,0.7573108639108795,0.7267848779201795,0.7769241827877799,0.6602655732406626,0.8509844326053397,0.7132514674586027,0.8057838784185434,0.5861878563900691,0.8485645496518904,0.7176236097706167,0.8916002007413895,0.7850402568578762,0.7482639127458054,0.8501412164763763,0.8082670256541697,0.7895602656823644,0.6797964411148311,0.7680250661818027,0.6045540915603944,0.8254354224402206,0.7241478278153397,0.8073016570749535,0.8153095919377039,0.7411990998791154,0.7435507434023907,0.7871855116395187,0.6751938095776342,0.7735921205594123,0.8018964949054775,0.7782497185390476,0.7874352303947143,0.8427332381975561,0.6592815755816137,0.7710296477513039,0.6759032442771222,0.7794128394506301,0.8308258716546514,0.8838658245240133,0.8707490317415121,0.8208108376741904,0.8575152536982084,0.6563080002675612,0.6946467979864338,0.7302887511010095,0.7005383286897539,0.8738565145418473,0.7291150441109617
0.8526574439007141,0.8305517928543643,0.6811173668370865,0.6720944362849982,0.7555810674553582,0.716716518527647,0.8148827206141871,0.7705886500352158,0.0,0.6876556382585521,0.7161102114935884,0.7960001113185292,0.7164176836646556,0.7195433835456778,0.8588486101113804,0.6624068155616447,0.6148175251470605,0.7793887197129808,0.7296308823185694,0.7645426433397307,0.7000867813721918,0.8329149665199367,0.690117880760821,0.7695623623870382,0.769093548747595,0.6345842490643044,0.7207713290682799,0.6080396305757009,0.6522909230074293,0.8316371783167922,0.9267547567415358,0.7166769159966738,0.7672572568244287,0.6437813084722412,0.8014600660276896,0.7138260838018512,0.8186771069587151,0.7347347029113523,0.7941421071671511,0.6801283834768083,0.7084390633107815,0.8203279617412514,0.717438779025694,0.750672288279201,0.7621837059866926,0.7209711219752476,0.766061396076413,0.7139909875769159,0.7560051857090567,0.7439513319918,0.7395276767630753,0.6628315170592451,0.7042208103463847,0.7227272570337181,0.6841896540057103,0.8276749894244069,0.7289934073910219,0.731771278095279,0.7123100364558068,0.7390997508553494,0.6694817814168269,0.6538822401228144,0.6468668735234984,0.6679315363178794,0.7681118616039928,0.659686140588749,0.7704052683640119,0.8383665327039882,0.6843630783180913,0.7932315913161271,0.8557334061313829,0.7228689172123334,0.6506618302653712,0.6976520592990219,0.6801939822209847,0.7750783522539861,0.6520215372259115,0.7116153131822676,0.6502811513570241,0.569031751552724,0.619612860954938,0.9227238556413182,0.8553565760836773,0.6203383237539102,0.6224587771555226,0.8019097255188115,0.7608632846146487,0.7923614776081389,0.7134631442721063,0.9070524554320909,0.7619544610295732,0.931342112271526,0.7227631390302777,0.713173764638439,0.7482123155851823,0.8672429399307384,0.7308870705588046,0.7065399926504506,0.7132006140855196,0.6955583223769821,0.74943268212694,0.6719101054628058,0.670945410245838,0.7428861576882833,0.7290285233988638,0.67146507912089,0.586493934775667,0.6472648855102053,0.7159612152312156,0.7657873983387778,0.7273865416600629,0.6942037346307722,0.69097843896961,0.7022918192919182,0.6538114201980932,0.7079439894329475,0.6576099805196914,0.7521485780831844,0.5569412635822304,0.7286675030927006,0.742014142295323,0.6859844032717194,0.647744167961904,0.7991542452843732,0.7692487189909681,0.7353947724913681,0.6293017357253065,0.8157754130079664,0.6057159986419566,0.7596523509517127,0.809241364671343,0.6541906011080528,0.6897319166679418,0.842946945101881,0.7801859122719291,0.7393180936372804,0.7917189738848462,0.7618584922007184,0.6822980034418442,0.841026233201654,0.7257426232549082,0.7221814282869135,0.8912319746806228,0.7339168067836673,0.7525647397912961,0.7715490416329226,0.9215985346894758,0.6637548076749794,0.7235448523464056,0.5389223877640856,0.8007747563529811,0.7185902676382416,0.7623832895256228,0.7683903407865269,0.7260438953872713,0.8890512500353912,0.7552192468138397,0.7151209926800519,0.7206090235768231,0.6007077188110723,0.5888071178318441,0.7934991792135886,0.9071455273988762,0.8116475691553788
0.71552979840562,0.8919489484196659,0.8998184125754299,0.7493463725573931,0.6606311865815,0.8460641845445026,0.7698150221700973,0.8349304863504029,0.6876556382585521,0.0,0.7773997082325244,0.8575558605592036,0.8461948652648223,0.6882096908204932,0.7124054348109157,0.8127048636317058,0.7706002270127126,0.7304045385403622,0.7595745085304789,0.7118866438229745,0.7623922452839151,0.7995223865125867,0.7653417910952086,0.7738287008112229,0.8715304213031381,0.6734664362743196,0.8111726408358685,0.7529583469181033,0.8464008433141804,0.7816707826177884,0.7317585673561513,0.8350787135806547,0.7604264999213952,0.7202703972953184,0.6602718132575858,0.6968403171414526,0.7962690290878037,0.6977018506085744,0.6957517337735585,0.7646691425374011,0.7175408164107785,0.8176397282975171,0.6802207199830548,0.6788324589039088,0.8020690770939567,0.758010862175844,0.7612425169904588,0.7209257070068293,0.7652123265741286,0.6521762821398654,0.696934339960052,0.6918657362108247,0.6280374411687891,0.7685301590114713,0.7361432498814563,0.7959786052143265,0.6772087446353869,0.7996991245194078,0.7361133400744925,0.7307739209380693,0.7837386986525214,0.5951757049351654,0.6578329416963752,0.6423491386270659,0.5834555761258404,0.6585815402136728,0.7558629943238706,0.753453353214531,0.7580788905159356,0.8007574139424406,0.6784967218451506,0.6241514845131031,0.6223522522317321,0.806506906960592,0.8271203554473833,0.7206436315869374,0.7429045456153451,0.7845771552001165,0.6627916706736057,0.6221626954305911,0.7546044112470285,0.6451902219153787,0.8147165608951286,0.7336415916194675,0.6188368610560437,0.7888860575161373,0.713404358014876,0.6501833437660336,0.8067262538974505,0.769845581588725,0.6829868153318174,0.7114462939116085,0.7078182849121176,0.6564845099664576,0.6251332532139056,0.8512699320046221,0.6245185748318351,0.7810095801252157,0.5443547851617981,0.7842314602025133,0.649307192704753,0.7245440151872716,0.6238062150108007,0.8468431218678326,0.6296881994859527,0.7503905098782074,0.7341986224327107,0.8089280640379402,0.7839621291024149,0.8589442279017796,0.7588773551221162,0.591683900088192,0.7243982296515902,0.8010693949804966,0.6558861992960905,0.7799423537586672,0.7379789615677292,0.7659016246307657,0.7551007636429523,0.6897681289163313,0.6147110444299068,0.6507412918297169,0.6580878307314614,0.7816066905214357,0.5589277497810384,0.8746890406470648,0.631472459741998,0.803202931664146,0.789823551768484,0.6959111790916,0.8391281639153875,0.744617873517523,0.6564452620742127,0.6023366972684475,0.7155453146709081,0.5902859262041943,0.7821624620591614,0.6770954522270197,0.7617596843435686,0.7283241948917745,0.7227047911445363,0.742712614722048,0.7500360530896679,0.6354665500291252,0.7414403062630001,0.705229114625726,0.7208187153106789,0.8566337290035996,0.8552796480186681,0.6537142626111002,0.6446967867586308,0.7251019309965677,0.7226063808403889,0.8817536891930973,0.8472183095496016,0.7656541776077137,0.7991488170597519,0.8498115476789825,0.6458039244190614,0.6456183816296248,0.8142424000683878,0.6590980743061143,0.8270003089830487,0.6653093367214945
0.8668378014033246,0.8431680137996372,0.8697661563862804,0.8635689307881007,0.847784667414271,0.7904364901450234,0.8543227190730592,0.802425910248174,0.7161102114935884,0.7773997082325244,0.0,0.8916157483317525,0.876958713358344,0.7826948804224542,0.8566043357985177,0.8992986112736533,0.8467821778461573,0.8651924204116551,0.8722486279360498,0.8446925115446341,0.9252906317498831,0.8947999119670627,0.8050164868267833,0.9194485111954688,0.8714799512850906,0.861739081540806,0.7863471592113019,0.7760931688360507,0.8655898918206285,0.7923655662266926,0.8387598654232439,0.8742614501532713,0.8642500176007569,0.77545116955762,0.8295462718186625,0.8628084779653521,0.9368414878911846,0.893978264220687,0.8989292865795474,0.8699109034448165,0.8885752100395055,0.7570802295454429,0.8888512416937329,0.9234310353967022,0.8707040230219147,0.8409586960319296,0.7893072617134738,0.9677856794095598,0.9148115876044833,0.8615075669406604,0.9251200419427961,0.8359359183533845,0.7249450266560674,0.9442802202690438,0.9315678230747269,0.6828155003645179,0.8848914718951328,0.8890739020509667,0.8510185803599827,0.8552870116016362,0.8308796522268712,0.6856331877426538,0.8558628578676379,0.7764915353876167,0.7625687671131778,0.8165044974488618,0.8448660335949072,0.8425397934287429,0.8724494630689574,0.8653347922400977,0.8689462373886717,0.7988249054051687,0.7825085471362434,0.9269052084628455,0.8481822028606534,0.7996817105780941,0.8879570605074881,0.8792932381564418,0.7979590616358802,0.7263681835865842,0.7904139417418466,0.7877316792474339,0.8023311319036395,0.8132054983935205,0.7886090234264636,0.8488798559027798,0.8271599403541593,0.8165163961433967,0.7619085918946676,0.7349108411755523,0.8985162768708473,0.7526202148255845,0.9067738582695952,0.8398606291497118,0.8282332461696329,0.8629287717258712,0.7508084077604489,0.7507369363673957,0.6812589397258034,0.77939194491722,0.8267270921592199,0.842702473011987,0.7891280579433095,0.8298565012442446,0.8061364096831071,0.8070606712166367,0.8086482519091411,0.756006669534637,0.8724327039296742,0.8955546950184433,0.9554614687264589,0.8132858323232482,0.8127806894219314,0.8102500905714489,0.8208504842037949,0.7941333572070443,0.7549263812755596,0.9118990843546392,0.8273016090552097,0.7021994748636529,0.8525577222002753,0.7490973672521153,0.7742651872390244,0.9077030375565815,0.7164907362365911,0.9467973158391572,0.672525552413603,0.8808671562721745,0.8323475720300213,0.8712500583774166,0.6803893627828274,0.8300019989156672,0.8099590778298499,0.7829028008001936,0.9169917699019938,0.776511655995889,0.8574328577570096,0.8684521435194857,0.8580299312227029,0.8917511890240498,0.8283778804894087,0.8584745932320518,0.8067114737418365,0.7824772810012567,0.9622220142934125,0.7997935744999082,0.8216953308368986,0.7781844027555267,0.8402483452932282,0.6686184007936863,0.8578263116696841,0.8005137442708069,0.9160817638292172,0.7977345152243519,0.8798870424738325,0.8840221139689799,0.9008614483370461,0.8165438975773629,0.8028927923862322,0.8066614859048771,0.746692526068687,0.8014195978511243,0.8356433146962583,0.8968743057150181
0.868514464711298,0.8964097564783012,0.8905345491536791,0.7811839106213062,0.8194085863497177,0.8493888282503762,0.8516446970192074,0.8722767242367147,0.7960001113185292,0.8575558605592036,0.8916157483317525,0.0,0.8612573942803489,0.7075165184574709,0.8197270501691212,0.9007056677470777,0.8444724165036235,0.8357305051620558,0.9143291149512316,0.854068802706551,0.9148583730413672,0.8688099054610922,0.8582188410169242,0.8971516917993018,0.9508802257394318,0.7887533915218855,0.8098684337778301,0.7880066179620612,0.8106053287991427,0.9222231030188347,0.8766162853422576,0.9078437473591164,0.8048144821937921,0.8279144298478643,0.7986666246499784,0.8207051439092998,0.9097753103686247,0.8381152594254049,0.8390688491650983,0.8100981697493937,0.8285964427602208,0.8888842608628951,0.8463857539985704,0.8369949594749988,0.8963295006259769,0.8541380349864032,0.8777079251532784,0.8554855847572925,0.8950299080719,0.8105251010788712,0.8442067041328519,0.8239286836129442,0.6741076425768746,0.8482244300476169,0.8250362544559513,0.8058360733286013,0.841153481419114,0.950924781972382,0.7802945333484371,0.8379716171292921,0.7602895813680235,0.6636889854516901,0.7828915546345538,0.7491204841066023,0.7054226889021719,0.7525730372020203,0.7752565300671846,0.8244093458227195,0.83105638649844,0.8744708537149286,0.8181575905714329,0.7287672946638155,0.7179536555245963,0.8732076585605671,0.8591827523521891,0.7966366366599645,0.7978673140282916,0.8651859292315893,0.7804638498336494,0.6663951716923736,0.7596369220126338,0.7902895590363331,0.8675006181770392,0.7627507385628136,0.7625058176141036,0.9016997554678138,0.8117690060448535,0.7695755327032816,0.8281563645635688,0.817958686775974,0.8649966096938859,0.8308968313076535,0.8316189736247825,0.7732795715785327,0.7166156557230344,0.9063275485992887,0.6994331607613885,0.8648478849856606,0.6591592389262375,0.800074114402398,0.7291545691111444,0.805330955520356,0.7714385231023636,0.9151396019591207,0.7648663326212116,0.8456431163450144,0.7897898529590992,0.8409708447888523,0.8494011132125425,0.9327097727559103,0.9234242955611724,0.7629280082123929,0.7507616596909257,0.8319303854641336,0.7581489581385765,0.8407815197910088,0.8064974094068742,0.8957070889958931,0.783967876998154,0.7301783875868088,0.7724202795048095,0.7203268135621852,0.7760086408039227,0.8904564367966169,0.6606412022993612,0.9147261454541874,0.6829399997494244,0.9108110936600484,0.8314663462934541,0.7804451673013589,0.837170697598192,0.8240851006828512,0.708936634897687,0.7416029336566848,0.8472004604688745,0.6902433375168011,0.9193875126837979,0.8000446941007129,0.8321992590417043,0.8996933191095163,0.7300267682496142,0.8371216742392361,0.841079832438757,0.7347328211538012,0.884068871460434,0.8661679735425037,0.8707073367743251,0.7818724998193918,0.9234124519828688,0.6983380438023279,0.8125722047802455,0.7595367328052117,0.8832290906398221,0.8787919889252304,0.9545708091978334,0.8647903895561837,0.8411500925288137,0.8776184117877075,0.6918247215826354,0.7180308429120803,0.7075406385079175,0.7880805892707061,0.9322531673814772,0.8374292366115206
