0,1,2,3,4,5,6,7,8,9,10,11,12,13,14,15,16,17,18,19,20,21,22,23,24,25,26,27,28,29,30,31,32,33,34,35,36,37,38,39,40,41,42,43,44,45,46,47,48,49,50,51,52,53,54,55,56,57,58,59,60,61,62,63,64,65,66,67,68,69,70,71,72,73,74,75,76,77,78,79,80,81,82,83,84,85,86,87,88,89,90,91,92,93,94,95,96,97,98,99,100,101,102,103,104,105,106,107,108,109,110,111,112,113,114,115,116,117,118,119,120,121,122,123,124,125,126,127,128,129,130,131,132,133,134,135,136,137,138,139,140,141,142,143,144,145,146,147,148,149,150,151,152,153,154,155,156,157,158,159,160,161,162,163
0.0,0.5793191681143777,0.49548709659395485,0.5678061365455748,0.4796399033311877,0.5957861188603698,0.5799758818578994,0.5755686579031457,0.6441375098955673,0.5248328991148403,0.5826267898352144,0.5410627361222025,0.6838733820037958,0.5576275693099794,0.600198990458854,0.5923495290505171,0.6442699802077343,0.7007824157239333,0.5467561247870807,0.7056212166424816,0.584748327337168,0.5568276627647774,0.5627163691870776,0.5253435245773308,0.6489968252998763,0.5427629641207362,0.5042244035799012,0.6224340906983341,0.4587425255395346,0.5367717792990583,0.64378458975486,0.64416616488315,0.5505799931484953,0.6080021432258356,0.6662350874315782,0.5403394852985205,0.6407394250782982,0.6214462721460678,0.5466905404196606,0.5657147678764577,0.5497711864870615,0.6307388701295812,0.5998725348766756,0.6051466066079303,0.6176150126975037,0.6750592736694179,0.5221295979053471,0.5353821821730134,0.6367345452407075,0.616358261817418,0.6403905439336356,0.5891698804304099,0.558529944262772,0.5288559620878942,0.5374849791999781,0.6082561790698834,0.6769771518923252,0.583286145990619,0.6016849010427531,0.5999270048638412,0.5618603658895828,0.5236337530785525,0.5843106924173478,0.5102315453404435,0.6010144659463675,0.6321010081828285,0.636458493703415,0.5874995372738243,0.5668655172482139,0.6194548710728035,0.6724696868982187,0.5709294649498021,0.6076090277615442,0.6512043500167171,0.6441896066705463,0.6124813572943839,0.5727272857402761,0.5137950420973748,0.6308860228123823,0.5226618759659513,0.6025046828421021,0.6220937322267728,0.5940651849765867,0.5934620135893803,0.6274811055157147,0.6685585737560449,0.5873598048396426,0.613614397564075,0.6544924657517475,0.5965641538511242,0.631911459345161,0.6065149804482237,0.582088997716535,0.6208625448589745,0.6279195625565464,0.5512632454649903,0.4851632096840677,0.5944389783318781,0.5012228335226412,0.6540932169766132,0.5554507853956309,0.5237778044454409,0.5627205933517653,0.510726258107565,0.6095903388346924,0.6395563501906397,0.5847149744266069,0.662426251794464,0.5967386658963516,0.5759283219887251,0.5866246246461987,0.603165576718922,0.692996639983595,0.5999429254364326,0.6260032714387335,0.6352328902478147,0.6643707381145044,0.531983756975624,0.549581368204103,0.5431045712046723,0.5901780499005548,0.5315641034337258,0.6331207235254744,0.6649174253026966,0.5891678796687565,0.5393332793160546,0.5597717911382284,0.5213354717695371,0.5470958921892993,0.56921527544659,0.5870342999848019,0.5770264448099588,0.5830857996960888,0.6109898949072324,0.5594310492971543,0.6015932360365734,0.5999833791965323,0.5805286482557165,0.5427445968120385,0.6420543365284568,0.5443595307283339,0.5776928619796808,0.6474663333597019,0.5486995002303866,0.6162504514736025,0.6465238532480808,0.5830083199975626,0.5962707342843473,0.5733048093765037,0.4472917510781852,0.6726867918549829,0.5949829772955986,0.5418361561322125,0.5039159734556601,0.6384988027594125,0.6790401900700024,0.5620975048167655,0.6135295922670446,0.545758543848285,0.6061650635087099,0.5445135470066502,0.6384933306965977,0.551518423992115,0.6970906819470272
0.5793191681143777,0.0,0.5667456688393371,0.5674760527068337,0.456976544667198,0.5961497176196269,0.5650088734023739,0.5546128731801365,0.5339299707296857,0.5985087350879668,0.5613817919510163,0.6030100125471638,0.6061354900130593,0.5396208252514829,0.6058889093231562,0.5528252300721834,0.6182778375669927,0.5562862713076289,0.544025666495928,0.6294281424494106,0.5768088195946182,0.6345920309452102,0.5278058198022201,0.5747235852637376,0.5941836626508256,0.48114600048958406,0.493435523594119,0.5733664040680696,0.5366718206810699,0.46739348499730465,0.5843821477350234,0.5704658666285545,0.6058172710001508,0.569806577953653,0.6015814324555462,0.5805000888800076,0.5280346300815626,0.5426267247940767,0.5755052541415767,0.584526974458257,0.6132612662571372,0.5731086002238214,0.49652803598426276,0.558881215415778,0.6272678478351277,0.5838455396313678,0.4991254046167392,0.5085337369473081,0.5620211229530265,0.5721190721081514,0.5525072606646074,0.5489971990823179,0.5486297635749361,0.6022217608419276,0.5522173953492362,0.5607948048055634,0.5636853310385426,0.5397979883124107,0.5837407595826166,0.5980480837168188,0.5558410314982679,0.46774577160977776,0.5021058516836585,0.5213427493099203,0.5180249214865794,0.521244646597684,0.5734242450681619,0.49376696863969727,0.5044428475113187,0.5099272828298422,0.5437857876828411,0.5099799035835443,0.5119436773590549,0.605075578761817,0.6142309476084534,0.49422366274573976,0.5141842631379954,0.4972247974894451,0.5244600044988331,0.4403969586653658,0.5344309678249053,0.5435027490391617,0.5570754525629062,0.5359052796076057,0.5167750764999628,0.6480809167690712,0.47380438233307,0.49389758474435913,0.5470027431092189,0.5785451958582597,0.5213550546716856,0.5739040327407563,0.5694807440109417,0.5347556839355583,0.5445774956644572,0.5620211517969408,0.484540932638626,0.5954820223116952,0.4584916191505454,0.6138483076160393,0.5168059744615894,0.4645262483354258,0.47508556846001704,0.5351296300808849,0.5204333550263507,0.5643426444028273,0.5599961118688861,0.6423183767516081,0.5997250978757974,0.6334233605316296,0.5695518334906668,0.5089654915901352,0.5533993732311107,0.5094601213809304,0.5363769504530336,0.6066861383562997,0.5647282352124986,0.5107645155731938,0.5845436634477175,0.485520508133689,0.5273314544937945,0.4528431380617702,0.5526633093458814,0.5723456056921555,0.4964438190216728,0.5788997595392537,0.52001944958588,0.5351437984835093,0.6468307721539027,0.5305920282258325,0.5507297558740243,0.5286411904058171,0.4712718437518941,0.5490864139065105,0.5899296162279417,0.5331124856381413,0.5552003821426588,0.5659868910504907,0.5863564534492138,0.544395205707815,0.5152700293618827,0.5449462662436457,0.61839528390138,0.5335465654787291,0.5601690608195546,0.5273995220685628,0.5796995922520712,0.5710716073712521,0.6083349277414876,0.46685931823276766,0.5253744027421592,0.5445614039775346,0.5661883245550108,0.5848270085400169,0.6105510798554319,0.5594544647561432,0.5313485977894167,0.571322629848421,0.519773601820419,0.47845558842434777,0.5209248292832016,0.5148317725918652,0.48063088548977445,0.5523669790973837
0.49548709659395485,0.5667456688393371,0.0,0.492293091182329,0.5311191885895507,0.5833242387849233,0.4912740374122641,0.5132254501855702,0.45644809272760944,0.5293117840324071,0.5844887010379067,0.5734202980649116,0.5492418238166679,0.439253971892774,0.561837035415481,0.5969589098194767,0.5744765579481786,0.48961758890905743,0.4824775548340493,0.5027567329043264,0.6004205102672227,0.7164815294507477,0.4423386717952952,0.5514705109811533,0.5155302165981414,0.49703530064210755,0.4232214146093054,0.4589317949371856,0.5049292793182288,0.4617418878793008,0.4902809545693015,0.5143281494620261,0.5281679370263422,0.4506094159359986,0.46770774730707443,0.5094989019370039,0.5070148449492056,0.4954123732610085,0.5651354830186532,0.5053666738668985,0.5556182019941517,0.5273209338677912,0.525432804962434,0.5550792717693318,0.5176749231307832,0.5092358989809688,0.5014067127993044,0.5756396697659437,0.48015635237430476,0.5275537038635504,0.528808683164299,0.5340896148386249,0.45711142659994863,0.5710720704640756,0.5210038116584415,0.47109471539052417,0.49971174615468594,0.5865985679793481,0.4777241577458758,0.4804206354969093,0.5053511641345009,0.4331192660736339,0.5346368257249138,0.4462244144262443,0.4659111300084394,0.4718565277278879,0.4765201163312661,0.5238089573914555,0.4927101037284989,0.49490181532654254,0.53822072836075,0.4272153456719046,0.44284607543506826,0.5708524778991473,0.5439993691716649,0.4112291142254454,0.5169540970338996,0.5138052248439416,0.48059749631946075,0.4257433816168145,0.528392184984611,0.4870084545393252,0.5555713301001538,0.48645681369970956,0.45860158291939424,0.5409753177564096,0.45283419388208995,0.4363804149450288,0.446457736359685,0.47651897715317576,0.5181554894610232,0.4557172529564385,0.5359037877669499,0.44525145598829613,0.47056673566425344,0.5361567355227912,0.4488368417489843,0.4818129733026198,0.39697208412606716,0.4688463551795116,0.4323094552497455,0.47984736030195474,0.4313080078369205,0.49559537914273133,0.45550220766839145,0.5513849428480135,0.5304964930588767,0.5259628469630011,0.5261852160595067,0.5846257878974263,0.5227613867597916,0.4618105336645582,0.4806765554488607,0.4488534621016071,0.4679382486744462,0.5237017220666514,0.4530191950143334,0.5010311213298924,0.5862612590578417,0.4148218484695727,0.5155878584929532,0.4361110123855961,0.46452009085429635,0.5353009559185303,0.42127745325643295,0.5616200692980698,0.45030723263273004,0.5334768579809567,0.548132489137293,0.489950146092947,0.46519999931113915,0.584905203525541,0.41572029504835034,0.4623177832400624,0.5524732188021843,0.5031413503592804,0.5111853421897714,0.4903931033719521,0.5112843950704646,0.5010749878422345,0.45823036829741026,0.49314015871007727,0.4815499650269167,0.4854444773416863,0.5270187590769324,0.4656705678500708,0.6011844409571644,0.5458858634364149,0.5425965090034035,0.42182590133283127,0.4561808231433141,0.46149506605865226,0.512827453430742,0.5778087615776203,0.5683669240731606,0.5076862765500838,0.47089535005510624,0.5767329892453159,0.42513445899040125,0.4332590703916072,0.47218797533421347,0.42839585062843316,0.43333071436202175,0.5171839174812158
0.5678061365455748,0.5674760527068337,0.492293091182329,0.0,0.4475344619291617,0.5117991762592206,0.5669344678849483,0.5551850382641946,0.4982587263705853,0.4872075498117923,0.5762727350943038,0.5237833488124682,0.569068390219249,0.5261947766760807,0.6367248651589399,0.5116539207014704,0.5852216528384045,0.5815675075417398,0.5418355186435858,0.5650507275181249,0.5686876494980821,0.5662963206315237,0.5312615886132278,0.543461577938589,0.5340930719969179,0.5269834185443895,0.5056022897230499,0.6016510256800244,0.45914075985324393,0.43012902302985556,0.5479917181333043,0.5206333182268268,0.6958352000950921,0.561807854743076,0.5821834128268836,0.5744824469120993,0.5184693397858674,0.5489091101856559,0.5831050654099448,0.6155973015064902,0.6318667044481272,0.5060697931950091,0.5200652273374459,0.5615244700564289,0.6063288886792148,0.5957308142002788,0.4362565924956448,0.49366978675419654,0.5614595478178447,0.5888532342876251,0.6232901551048446,0.5610816656243695,0.5469602973460156,0.6422184076097346,0.5693818716191007,0.47013444800428256,0.5986104325962406,0.5315510556723813,0.5946624204690749,0.5975664015382006,0.5989534708602643,0.4644457673511317,0.5465310413275215,0.48674386348277066,0.5495405069304832,0.5616072951642769,0.6294231182088947,0.4781726597158898,0.5136717878253029,0.5435317658609693,0.5581905591081644,0.5119403278234377,0.5509417039550714,0.6678940650310953,0.5899758156014524,0.4765950557125223,0.5714517054575732,0.4719108729908705,0.5753342324428022,0.4274064742077812,0.5012714944800639,0.5963633522904958,0.4847761365966117,0.5333226360063064,0.5573411349484398,0.5868829835738755,0.49905086397806536,0.5310644273290761,0.5310041303560494,0.5103594115581082,0.5643198792029016,0.5443495908982833,0.5597164747149875,0.5515225023448859,0.6013469279642712,0.49249870244775673,0.49699843401762916,0.5242474587697774,0.44978660176258545,0.6357268255849194,0.5127487505685523,0.5086899030103857,0.5429054114375413,0.49304311921112454,0.5567068467622525,0.5369450864994565,0.5822353257860795,0.5450251241925432,0.5798867845918951,0.5150654539015351,0.5951233759441574,0.5558928778156114,0.5755379032754734,0.5248880614310926,0.5849513010625751,0.5707965835107932,0.5263208510537001,0.4769198069372259,0.5677177714238151,0.48392738668557755,0.5309287608218186,0.511344852778299,0.5155929355716315,0.5621750001635966,0.48682591940181347,0.5266763809149945,0.5305815765428822,0.4977400333537108,0.5596939479261543,0.5402718390324596,0.4586077739567477,0.5126440149552899,0.5072260281326082,0.5788727054187536,0.575592017259717,0.511370049138398,0.4637129613934627,0.5906532809991439,0.5866940542962101,0.5601258209308199,0.5600254966972166,0.48840914127965235,0.6215446939165297,0.5507650940608021,0.5406270527766187,0.5215371429900337,0.5227082385915272,0.5296200807349782,0.4957283442852565,0.41597941565399554,0.6037797066094778,0.5252122533617741,0.5884616869070751,0.4845912280803625,0.5852803824809706,0.5711067705385124,0.5317079173934111,0.5288158483815876,0.5931030486156708,0.5164154282159445,0.5006681777806914,0.5001893400945846,0.48538101884811125,0.5899100199214431
0.4796399033311877,0.456976544667198,0.5311191885895507,0.4475344619291617,0.0,0.4913520077421878,0.5253707565735869,0.42225121946373,0.4276775068026764,0.44395906727209544,0.52326465123071,0.4960331546870441,0.4899807126411895,0.41594379388191294,0.5007817770744732,0.5757204607853518,0.5465492706094407,0.4734574919123912,0.42985518887240287,0.43859806827462705,0.5390890460261016,0.512966822138945,0.46147325257140626,0.5095675545297051,0.46542267743035903,0.543306247357584,0.40916759876694114,0.4252030180531403,0.44687216964823234,0.5294641592977344,0.4417398248702423,0.48187387314036756,0.4638913987644551,0.4348741458918473,0.4363712245305286,0.4483427872878388,0.496018024725316,0.4705491836589073,0.48533699469034863,0.49567902871292274,0.49920722006815105,0.5114760015154063,0.5194601734730889,0.5548342210854493,0.4402771384792099,0.48796739578910997,0.5710186321205972,0.530102029570993,0.48834984735193065,0.48701481199970764,0.5255174851741212,0.5284263568661274,0.4258627359176431,0.4613163148695104,0.4651156134549774,0.4598866433289608,0.4837311760819734,0.5601991478508053,0.4339060042404471,0.451136848451031,0.4083973993029377,0.43693487156244365,0.49923543422912864,0.4136065162635598,0.4398444746223697,0.43490466890743734,0.4339149975187745,0.5396067713817162,0.4524076694731378,0.443726288663269,0.5167662363042977,0.42163889711603875,0.4162990800009507,0.5127123209986341,0.4568600219873564,0.41515574038243586,0.5064403943711026,0.6417780901845098,0.45789257316344995,0.5039938461751945,0.5079228426689845,0.44784344249327684,0.5760828682510162,0.4354929528110117,0.45867165713558444,0.4747998353278431,0.41392771868107114,0.4315365632435638,0.4282457042283287,0.4404980314953361,0.5860281929173128,0.4351267740982843,0.5292062873704133,0.4289726517915065,0.4576556301493353,0.4778111845802576,0.3769989328636788,0.43891194842616693,0.4054141053895234,0.4343477093238795,0.41617144920202953,0.4286943164574108,0.43192706477299997,0.43326928422737165,0.42678415474905956,0.5516899460862511,0.46825991326097394,0.4822449702981828,0.5166895636673657,0.5054262779872947,0.49862508924914406,0.4692272369229507,0.44362585911684205,0.4350184176829644,0.45871929821062907,0.5249029981772577,0.438787791115954,0.4705655171617882,0.5007847453741291,0.41454041182550294,0.5864232825805844,0.4239379866430672,0.4491120088234769,0.5675791122457804,0.4130428576486669,0.48839328848074226,0.4372524749818199,0.49435591938309204,0.4570772524397474,0.46465496123521527,0.43680618655488196,0.5278866090839588,0.4046248728988395,0.43825721320557226,0.43131341387731525,0.4859828780225267,0.5093450846351308,0.48886651083217714,0.4365643285805937,0.48811997959474007,0.40929521922620743,0.47604221346572256,0.4517039608702789,0.43361430648179855,0.5115008115442727,0.47421734274126515,0.5404859218792875,0.5347703477158988,0.4569737169096048,0.4024869525334369,0.42824119099351826,0.44555580491317365,0.44944800012124636,0.5186870072867534,0.5152637655162813,0.45349853706405324,0.44043167514793985,0.5931696418837192,0.41035188009846485,0.4764604156604237,0.44798818094676746,0.43093661104362935,0.43551702978754414,0.5437177980714373
0.5957861188603698,0.5961497176196269,0.5833242387849233,0.5117991762592206,0.4913520077421878,0.0,0.503534778627389,0.5560184615802451,0.5320140294517084,0.5115392701736206,0.5828106704739051,0.6306412617472492,0.5935033232720294,0.4716208749818959,0.5401904793547617,0.616434518186278,0.6146271523898735,0.5093331009636736,0.5611330114589789,0.5944295327244058,0.6337438677815875,0.5931733742671692,0.45609558110237036,0.5214534305227292,0.5753774141505329,0.4991443566865533,0.4199331069407157,0.5092026358695011,0.47445011874468973,0.5021222963417562,0.581841479373549,0.6271012989256507,0.5291191027557799,0.5405187221815664,0.5437028273807188,0.5476670251927483,0.5577746797828097,0.5348842242279122,0.5933811323087078,0.48676925596129467,0.5433466158106979,0.5934718858599751,0.5525603547083657,0.6295201644886641,0.558744643535608,0.5491491488422942,0.520908988940737,0.5895927407225229,0.5107285899161149,0.5779777101635125,0.5883438626203857,0.6096792789646303,0.504958100855779,0.581102802470674,0.5444182922116385,0.5546079964032861,0.5766672740114496,0.647590819116166,0.4946876566835069,0.5327037667880092,0.5601195889267446,0.49960268968772703,0.5989208534167705,0.4730645846535749,0.5210928912272692,0.5437795293766854,0.5160287979023036,0.534318518158972,0.4825092842082978,0.5290938471113805,0.6039069518019836,0.46635058977792854,0.5178468413695914,0.5921570287019329,0.622941324960293,0.4820474906970428,0.5385235581247241,0.5004708720138832,0.5284011232793918,0.4896220520058771,0.5957734875007141,0.5562295355523954,0.5708310267221417,0.5355755920677794,0.5329117834536962,0.5910036407788023,0.5343588625013339,0.4851914402221068,0.5149284482148911,0.5358491055043217,0.5504115525701074,0.5433319252808693,0.5596624194370842,0.5334808913358396,0.5146268747404696,0.5620298492625091,0.509145979710583,0.5690366539434292,0.45295464155677845,0.5342853892387336,0.4806060806949876,0.5091756502722156,0.4785532624485188,0.49909604115250383,0.5309383511508913,0.587718024323387,0.5833571139060665,0.5640835746848726,0.5215301541237521,0.6203892985677723,0.6034739117811506,0.513542612364432,0.5912372131484382,0.49226642540390286,0.5223393892200493,0.5603484371010006,0.5451333245475461,0.5051863790991472,0.6140387935765022,0.4661137766708534,0.5356589320329025,0.4732980720359453,0.570948914794193,0.5942328064409071,0.49381032829794075,0.5619398230952501,0.5202022513206711,0.5492426627619726,0.5848493929957759,0.4825204611108735,0.5273738789802805,0.6444954210149652,0.4707828554789003,0.5535517045095285,0.5857952486501208,0.5425905077043968,0.5634032948079695,0.4921306637349063,0.47426912964689355,0.5449608962611117,0.47819073113869265,0.5724487292188027,0.5488719904686176,0.528371041342099,0.5687695559422645,0.5290507148964904,0.6473117332643006,0.5431348652143729,0.5675596243643636,0.4661538874922996,0.546150958653918,0.5130940004835917,0.5242477400365897,0.4956508175192942,0.6143036914278749,0.5557535953102061,0.49189973036751317,0.6073809045809285,0.44966857088177264,0.5005268468995937,0.4708002362115697,0.5118641650668739,0.4666918032942116,0.5738764515984688
0.5799758818578994,0.5650088734023739,0.4912740374122641,0.5669344678849483,0.5253707565735869,0.503534778627389,0.0,0.48646034126637083,0.49108118059258604,0.5498297112550661,0.5752897368990704,0.5625958439062234,0.5835646609566988,0.49881307960197313,0.6438224415830122,0.5619882879879672,0.589181916715173,0.5909017606754546,0.5049472596038204,0.5259354849012298,0.5393563724416407,0.539919245379949,0.6967383201369451,0.5897829041494151,0.5931887712477587,0.5351098497188894,0.5318065445052067,0.5629647003178039,0.5067070970271137,0.5323637794998963,0.5491945954295488,0.555588313272243,0.5672702353171523,0.5774961408619489,0.5457432378868489,0.49906195217577154,0.5796535800862163,0.5184690923996559,0.5430176543611254,0.6492275206569819,0.5532035390461579,0.5427450851500005,0.535723982393703,0.5809448656323887,0.5495639977017833,0.6003298492422425,0.515928749598032,0.517652376388005,0.7164723346289925,0.5218153417263366,0.5865859007534721,0.5173591870819594,0.48659457949433255,0.5167800046564294,0.5489826695301057,0.5177459511927155,0.5554599775782075,0.5371395813195317,0.5604884846528125,0.5480719099526733,0.4753198611004016,0.4465236037196419,0.48093141416103813,0.46118650304988745,0.4921808286417005,0.49217210602039274,0.5529609363177977,0.5375526671747806,0.49984930957818496,0.5106404789517904,0.5337906514737029,0.5098473851066136,0.4703638501699861,0.59871281946409,0.5064596121898068,0.5288849633458301,0.5705467936046369,0.6028199878431431,0.5220592296278066,0.49405948864302496,0.508226734085042,0.5031790207533879,0.6035685516044526,0.4841843456940595,0.5104790804661374,0.5460283475342731,0.46119225742548464,0.5238652036911704,0.5526972197184251,0.5237456522076558,0.5840684856975588,0.5326868634513444,0.5986639159331418,0.5162532357630794,0.5289553163561108,0.5445984469930635,0.4040992741815384,0.5130236410472888,0.439353697278272,0.5674120245063063,0.5146261621243915,0.46876035633787566,0.5040545465258053,0.5104140507108439,0.4799470906248622,0.5670680201464952,0.5109657790284113,0.5978979883300041,0.6359394349579186,0.5737426611611115,0.5882997238871017,0.5135625819692065,0.5109252168178168,0.5093425871571806,0.5307908656496215,0.5954223500337974,0.5433052219171798,0.5565487913181273,0.5191490222840535,0.4687581615059943,0.5624096523837393,0.46120665107892916,0.5002862481485255,0.6766574294906402,0.47136195573876793,0.5766641516092244,0.47110934347427347,0.5218946190657013,0.5213582621981951,0.5376598510149059,0.49186347840386324,0.4820887956975512,0.48368086669745247,0.49024498578046605,0.4887326435156212,0.5137216093918335,0.5726786075941731,0.6151818688392242,0.5576578326242636,0.5854121732475991,0.5063750040841718,0.5039062709973352,0.5632321342451436,0.4712211666268285,0.5709399831296339,0.5608415879690347,0.5214938604111113,0.6179624816663226,0.5293825838387924,0.40621261167187217,0.5243789317088832,0.5451079616944681,0.5075970463335674,0.5658933914088065,0.6062530774325481,0.5507900823487065,0.5659043475875081,0.6327951315662367,0.5525805732681532,0.5626770548242304,0.5218094974325657,0.5155420592407591,0.49041863789742113,0.6002832644665004
0.5755686579031457,0.5546128731801365,0.5132254501855702,0.5551850382641946,0.42225121946373,0.5560184615802451,0.48646034126637083,0.0,0.5933433668011054,0.5207271492486082,0.5351319667157218,0.5517671620190651,0.6030783210012508,0.49898784990441103,0.5856414757143632,0.5420137652821266,0.5294287609528753,0.5533983550481277,0.51268594702566,0.593188631779982,0.5239297863804835,0.5531728988568935,0.4822610588306677,0.47109780792248956,0.5762902734531149,0.49554937129263393,0.5034306166191754,0.532020781475949,0.4412703720482963,0.46924760406169813,0.6719481789458628,0.5650900613592235,0.5654879907993399,0.5391203273925335,0.5518388493994354,0.5636148252263197,0.5643522855282453,0.5722325365091435,0.5777633931562813,0.4910490901502489,0.5242055741627226,0.5145193389161157,0.5602657070353977,0.5141447197590339,0.7101074838518994,0.587190318639034,0.45262994554698954,0.4948998583811627,0.5132687974990265,0.5654646987571464,0.5517525786062827,0.49943203907346356,0.48183467450906015,0.5355582233043163,0.5438601645027724,0.5109370851708781,0.5423546824786016,0.5786872757270973,0.518877520817891,0.5552184695103075,0.629364216265495,0.49233510706223627,0.5399936165182072,0.4838831563180702,0.5060495957907141,0.5453048664712815,0.5866754941460818,0.5142188724991281,0.551099666903806,0.6775508412282327,0.5781333575398075,0.4926492931108112,0.514271613011249,0.589174853365542,0.6201746211917187,0.4812359235946543,0.5443688260192219,0.45254098285887284,0.5989362820331547,0.4084205429362882,0.4939879041986705,0.5799070417767843,0.5173455727451158,0.5753986300621176,0.5184953425260685,0.6369419037852028,0.6140804742280772,0.5492678075685864,0.5825524248141379,0.5759778134186078,0.527714473628466,0.5539135268188812,0.5204531855716937,0.49400815493836653,0.5176938607511765,0.5517761308857444,0.5259536734406611,0.5482882371595053,0.4438362692324036,0.5841770221132506,0.5042097286533297,0.6096870297972412,0.5199127972171698,0.5253171787342837,0.5716128195363314,0.5675997146167514,0.5723210081999244,0.5540917046245759,0.5239014235203053,0.4984783519595627,0.5111040922677264,0.5213021367303798,0.5602066109387751,0.5555809387854361,0.5406628435128166,0.524552674908561,0.5088419460528332,0.49871715538362504,0.49406278965909883,0.4921987827332856,0.4843280616606187,0.5738463217466444,0.48786542089630086,0.5292377678073545,0.4707032696047157,0.5435246493294519,0.5079286437310871,0.5711403844932063,0.5388400288152854,0.533367565674252,0.5360300554174978,0.5354307351587547,0.5298463975418922,0.5340436793290235,0.5779904025646021,0.48599721133776574,0.5081810423485387,0.5156618285551817,0.5572725583751074,0.6003633011196545,0.5339908619608879,0.511669726392836,0.5518748575413067,0.5447602647525899,0.5391264862775729,0.5510174967589845,0.5706108804407592,0.5295916244315914,0.5560294907141926,0.42811694836985553,0.6014089367176547,0.4970240349273099,0.5182889790149966,0.4989439708045618,0.5920441405138146,0.6507084170628511,0.4851111682759686,0.5353636954672996,0.4756567010468986,0.4770249917626686,0.4767000233785903,0.4878858681905815,0.48765069431230385,0.5176342075994721
0.6441375098955673,0.5339299707296857,0.45644809272760944,0.4982587263705853,0.4276775068026764,0.5320140294517084,0.49108118059258604,0.5933433668011054,0.0,0.49915945070212603,0.48071009997988906,0.5019653483309047,0.5507483813206925,0.5191030805939082,0.5183239599789047,0.502651547184695,0.5235247271092182,0.584444549083666,0.48871323914955056,0.6147946841906314,0.5058109759514958,0.501032446819997,0.5027904141971544,0.44640565003183863,0.5871800483086019,0.4723193989301994,0.48880281394590336,0.522907408334554,0.41276839936678555,0.5083724916323479,0.6342549644420284,0.5473206735982906,0.48890454790797033,0.5351265483972337,0.5975816660013759,0.5141166373489209,0.5412611372041963,0.57802909530934,0.4853220151972477,0.4743886145607185,0.4884380587492969,0.6204673860799507,0.518036225199837,0.49867009575212257,0.5764620612014345,0.5612992460895888,0.48950072815695883,0.45098463140694633,0.5222428134442023,0.5453837425949327,0.5210942273562318,0.5038915468366312,0.49687833514934177,0.46365290917861196,0.4653066034414333,0.6465769519429415,0.5460516092121377,0.535778323381935,0.5277096627948855,0.5295578842162615,0.501559662883638,0.5045250905543591,0.501774387692821,0.5064698361382821,0.5329565865310494,0.5347165380343396,0.5635409744959995,0.5202453829190433,0.5385601744577915,0.5961005741229353,0.5776987076602152,0.5228412775613119,0.5675569379831377,0.5318243803019925,0.5805318224735974,0.5264061976674587,0.4778222202906645,0.4509662755192115,0.5610971043904184,0.4372019523423856,0.5187185741274299,0.6084120390398452,0.5343908354746226,0.5388996240290482,0.5667251857604176,0.6460317669114792,0.5724801173884906,0.5679168602326655,0.6000289634718518,0.6330937762055184,0.5492403590039587,0.6330412353434415,0.4892358997235492,0.5026315875980322,0.5631905607604601,0.527437291798054,0.4760560850448245,0.620255905470274,0.5053267711591234,0.5752007753928008,0.49829756296199795,0.48882280700247477,0.5455001302129365,0.5107029824547428,0.581008694489081,0.5557525737099794,0.5133532547636713,0.6172338545790206,0.5071921353496753,0.49394340443888435,0.48982025097148385,0.563765934823134,0.5853133990516187,0.602855466518099,0.526161112534851,0.5435675369628734,0.5736558783554438,0.4710719529144655,0.47321932295017977,0.5638959035643554,0.50027093937613,0.5353276539417573,0.5540774615586849,0.5249746717048357,0.5539957622332021,0.47008609953912717,0.5446295618526763,0.48717946407048757,0.49634261356732856,0.5130586894004037,0.6970041675616675,0.5226011400294451,0.5212492279944336,0.5859198909958399,0.5060574877782433,0.5045944793630434,0.525987945846958,0.5022593341084299,0.49789682514280814,0.583618416265028,0.49012694826979336,0.5324956251384205,0.5963638543519285,0.5488525785305399,0.5359947320219186,0.6427795866546002,0.5699632928132652,0.5100557547812586,0.55646618900101,0.4468315128497116,0.5870892119891579,0.5238137350644416,0.4896629103496286,0.4829168320583904,0.5779206622778066,0.6106504089042591,0.45961959152843307,0.5264311612976003,0.4716206589204822,0.49110486749529253,0.4902233467981802,0.577067120642622,0.5626815756006146,0.5524251185802398
0.5248328991148403,0.5985087350879668,0.5293117840324071,0.4872075498117923,0.44395906727209544,0.5115392701736206,0.5498297112550661,0.5207271492486082,0.49915945070212603,0.0,0.5334471672323454,0.5519231521467374,0.5566210767439207,0.5024559566469328,0.5571027262834981,0.5418955390617398,0.5243870444412445,0.5465003824326586,0.48072956283531026,0.5327341602657885,0.4911498824766584,0.54017703867776,0.5458374363110401,0.47831161442338055,0.673055927502925,0.4580090908692534,0.5125048577180383,0.5084877894843229,0.6040314906019467,0.48658799968478617,0.5807804309916359,0.5599820729095364,0.5139030636073677,0.5047979716966647,0.5423524131321115,0.5170058920032773,0.5490353480941628,0.5329054744261179,0.5131757292712363,0.5053908956241658,0.5117402753941,0.5163389258505273,0.5187459230336614,0.5251981738898766,0.5557998102424294,0.5193766057867396,0.4866748979360949,0.5132599105296829,0.5825215620584826,0.49179822782890564,0.4914120977759139,0.4513146599935484,0.4561764013183616,0.48564558821499476,0.5540781358420779,0.5194747816991501,0.48202483926296624,0.5171760963961167,0.5563150630336582,0.4919586982499645,0.4804732778511975,0.43667329828578244,0.45351175117509795,0.5028797268678592,0.4577848608491684,0.4615045859318923,0.5080014927818011,0.5100800985087712,0.5591673424542029,0.5379696341802921,0.4893311596371495,0.505976825531653,0.4546300606388314,0.5174903733884115,0.5217168451646482,0.505202500052516,0.4809834299511832,0.5080952527489457,0.49568748003411667,0.4316786575786147,0.5099610207996899,0.4635281640186476,0.5534011069594666,0.5180929711729074,0.4702622316194945,0.5444730592286254,0.4788195399916933,0.5101811239359665,0.544442598369327,0.49962078676801025,0.49524512064875,0.5214767338024072,0.5522616486034949,0.4523340816953212,0.4848338465403542,0.644722272062117,0.41413172851815594,0.5442778121009303,0.4355203569031635,0.5078755917339112,0.5177310479197538,0.47314392451505616,0.48215287054201283,0.6620357232994913,0.47594897250615176,0.5086454541869695,0.4883412736231499,0.6379638486799012,0.5441159864504191,0.5387524452159644,0.49487730441170025,0.475488326328948,0.4908741294751056,0.5258802586084401,0.4815848278487709,0.4863174131755216,0.5308781653874284,0.612931408996262,0.5151430446898947,0.4704581475707786,0.4747039722003695,0.46027874701024923,0.47412993846529095,0.5289548833603938,0.47133934254578347,0.6282812470410551,0.44060419401166123,0.4923382008176843,0.5794079787578541,0.5381796863855787,0.5476583823675317,0.4694611004666781,0.46446274499636664,0.45664047506645183,0.509236837100697,0.502757443582082,0.5690284213838616,0.5295086006970986,0.5934994817238081,0.5600961663986417,0.5474006895068699,0.5296444970560359,0.50054792638149,0.49108083939185965,0.5686377459021703,0.5294235057790448,0.4937731113681521,0.5878621372587153,0.7303654258279794,0.4356165051336313,0.48443869098568293,0.5702517179290053,0.46571384145107586,0.5622957450657156,0.6063267130027657,0.5433144108037944,0.4756629960640113,0.5407704919436094,0.49578095455465254,0.4670621677861542,0.5554318204136904,0.5047270915051829,0.496044186188227,0.4854449789284903
0.5826267898352144,0.5613817919510163,0.5844887010379067,0.5762727350943038,0.52326465123071,0.5828106704739051,0.5752897368990704,0.5351319667157218,0.48071009997988906,0.5334471672323454,0.0,0.5922576098126432,0.657559211884032,0.4936760930195638,0.599088441856871,0.6883748466252602,0.6587613435725538,0.5599155869653244,0.539465503068274,0.5644075501284306,0.602064188808009,0.6366023471912239,0.5244032593114464,0.5743780425145508,0.5844130617849741,0.5491335330905301,0.4871295339766646,0.5783232760553153,0.530015487858537,0.5014017797776974,0.542907553162978,0.6063728876925899,0.5607484342632734,0.5423561236167521,0.5401534547813669,0.534584674277245,0.6112967547282434,0.551764262421763,0.6399189969261111,0.5730110791838571,0.5513622494257555,0.5343727864983185,0.5811343072989805,0.6319698570391892,0.569862955992614,0.5596709435039423,0.4676500505791188,0.6612980469927766,0.60249497021186,0.5620537744674533,0.6176499273136776,0.5398055968183713,0.4820553627297133,0.5987012798527122,0.6457504888069708,0.4747934487995084,0.5824867258567233,0.6243107504570465,0.5360175406454661,0.5414959920066512,0.5773585065756082,0.4568346838253104,0.5609628678068062,0.470018782188374,0.4957073552864849,0.5218809819285735,0.5572562101288796,0.5382725805819926,0.5334584551319466,0.5647196764756008,0.5660388725101586,0.48541016065209047,0.5035689656086394,0.6703317604554765,0.5904386718196303,0.47877533454163684,0.6737885434538694,0.5521274083770963,0.5279705665529661,0.4878100656469239,0.5321303657695979,0.5108591578377156,0.555641409661634,0.5370443764808291,0.5172236151547881,0.5518721087926034,0.5242808423440771,0.5061435594575284,0.5123364661306096,0.49154664573915,0.5848493405854459,0.48524062383511174,0.632461251964173,0.5241094900217154,0.5253628228372654,0.5428404598504201,0.45165280025237636,0.4891512850335102,0.4284384928060516,0.5308832119825313,0.5135282841249058,0.545259229676588,0.48056789042814096,0.4870830498046369,0.5045613577859159,0.5650679520378887,0.5662372349206141,0.5661829607098986,0.5555484613591413,0.5957388731538824,0.6273992032392416,0.5154916509970275,0.5566592253411029,0.5185812011898588,0.5323677286317879,0.5644832331549339,0.5081077941808846,0.5889017634146387,0.6031323318083298,0.45393577249414746,0.5702513081416013,0.47714724225686633,0.5147797060690587,0.6211202617731741,0.4722220010628352,0.6196114475385905,0.47612281289195635,0.55253275177159,0.5688082528598998,0.5236796565633995,0.47003004665847803,0.5694363630290157,0.5163002343546701,0.5125408667962739,0.5861254173249135,0.5289953214594718,0.5376216560166533,0.5497129802506259,0.5593207812791451,0.5693367030455887,0.5105735739140873,0.5438290108750391,0.5274216915483597,0.5068964298460406,0.6018796349803917,0.5080284601150759,0.5430818772528605,0.569801087505405,0.541759160616024,0.43204646100558386,0.5533886049715023,0.516069442874941,0.5657408702390991,0.5071757695789814,0.5970718002089705,0.5749488889249251,0.5961654740748552,0.6034830065279183,0.5110988438631285,0.5537694321954258,0.48410012707635774,0.491100585131264,0.4586323502720099,0.6251517996846473
0.5410627361222025,0.6030100125471638,0.5734202980649116,0.5237833488124682,0.4960331546870441,0.6306412617472492,0.5625958439062234,0.5517671620190651,0.5019653483309047,0.5519231521467374,0.5922576098126432,0.0,0.5554191306965164,0.4447678362902912,0.5691423531306631,0.6013698097558089,0.5896093137573681,0.49658153270012995,0.6006450439206568,0.5498139835364322,0.6008467807919675,0.5921676306343425,0.5136445037228398,0.5518591467917375,0.5976540979078968,0.47409673671352853,0.45019251493883805,0.528764327739719,0.49171573980208033,0.5321733106406386,0.5853423339917672,0.6086025359768326,0.527490853335726,0.5818112638549878,0.5092759900707162,0.5301884940742216,0.5375429862832511,0.4972707293220141,0.6540886786474903,0.5011266893728105,0.5283328100597424,0.5675687440571243,0.5336708451090625,0.5715709974496527,0.5639219643511229,0.540641929565618,0.49065533079228835,0.5438650935448708,0.5508113558451722,0.5368970813251575,0.5721253803615647,0.5241887390220761,0.46964343634244876,0.5804266512975239,0.5742088531236135,0.5088088091570911,0.5469840490095509,0.6485166634871449,0.49461510272919446,0.5294974423255051,0.5248475803453672,0.44767903213012455,0.5088279603170368,0.4530442676727677,0.4798996178387682,0.4883626913563884,0.49922672894539893,0.4923501470469574,0.46740029277298634,0.5158644661987808,0.5238344378520188,0.4457365093726399,0.4640725808390937,0.5874932500256316,0.5589962888285156,0.4614834979179292,0.5644837177416513,0.5162950580658126,0.4938334971320528,0.44354273956936496,0.5013152329745093,0.5205716764314943,0.5676509168652348,0.4742584593344677,0.49489325765114045,0.546964201706307,0.49037885203741916,0.4758158901871516,0.5097746831360531,0.5191935323095817,0.5302787975057006,0.5320275458465124,0.5753638923845746,0.4974155230922063,0.4808521246271647,0.5561213898220868,0.4573284461135221,0.5365998871949409,0.42010676536604336,0.519323424087888,0.4645632646004181,0.5201091753506645,0.46854321759189155,0.5193937582376701,0.4827909455170104,0.548327905006532,0.5573248589114274,0.5669094403387421,0.5226179680731796,0.6140238543517896,0.6400686113999671,0.48561214856530605,0.5040078545578748,0.4851081755796075,0.47872615989675077,0.5390337905091498,0.5132167805329672,0.5658725811135897,0.5535286038366033,0.4353684147453399,0.503438738938786,0.451114989601054,0.4944090708691964,0.5868465548472337,0.4415626940445175,0.5888674191674824,0.4757590465218605,0.5698096874229347,0.5644233391847169,0.46371307517252,0.5045564348087904,0.5464405051056689,0.44588720081945554,0.49628782300026275,0.5582294639762282,0.4755807876632374,0.5487752071214974,0.48979334258657276,0.4985543872670611,0.5670479015016079,0.4570899624241471,0.521480139133281,0.5423894444239691,0.49899266061774156,0.5402139191951193,0.5172284425057435,0.5953396682021701,0.5417496190360565,0.5706345854162875,0.43497582084048164,0.523231910051056,0.4949735006907884,0.5508691119047733,0.5321089748758399,0.6294284871368442,0.5337715650536716,0.5071251876078086,0.6027236219432176,0.4433343132524117,0.48874937546535785,0.4461280352152565,0.4699098167920704,0.45140445608586344,0.5406994462538991
