0,1,2,3,4,5,6,7,8,9,10,11,12,13,14,15,16,17,18,19,20,21,22,23,24,25,26,27,28,29,30,31,32,33,34,35,36,37,38,39,40,41,42,43,44,45,46,47,48,49,50,51,52,53,54,55,56,57,58,59,60,61,62,63,64,65,66,67,68,69,70,71,72,73,74,75,76,77,78,79,80,81,82,83,84,85,86,87,88,89,90,91,92,93,94,95,96,97,98,99,100,101,102,103,104,105,106,107,108,109,110,111,112,113,114,115,116,117,118,119,120,121,122,123,124,125,126,127,128,129,130,131,132,133,134,135,136,137,138,139,140,141,142,143,144,145,146,147,148,149,150,151,152,153,154,155,156,157,158,159,160,161,162,163
0.0,0.8347608361500944,0.7703173301943017,0.7606740632249223,0.803822460802071,0.7718469691400947,0.8482991555492662,0.7767271147694387,0.8706964652520478,0.7254701111392304,0.8599297735545975,0.8038927740552971,0.8448502860249624,0.8016186410916795,0.8717476786805335,0.8011612340220386,0.8104584288448212,0.9055980559651897,0.8088095095319215,0.9421767467800405,0.8496319759034165,0.8726107730517795,0.7916291676590118,0.8499016208549779,0.8708406693501649,0.8051347032215931,0.707221252043738,0.7814174104539959,0.7473770728174249,0.77425495323852,0.890673141884398,0.8223577212989381,0.797251363637882,0.8349294509174315,0.9115055300807925,0.819809957681887,0.9218380346982951,0.8842259512844375,0.8263851585347161,0.7728559333536333,0.7978078854727378,0.8199280168882378,0.8827456718113368,0.8983662770367409,0.8533335250327041,0.8549296767426926,0.8185502439649673,0.8748576559702312,0.9014964040536507,0.8922649786757483,0.8879282298357354,0.8574447624837565,0.8281443903575001,0.8441052294437925,0.8274430742898433,0.8184414301967774,0.9421241662183397,0.7752967168450375,0.817224478227439,0.8350332961201369,0.784300193280025,0.7418153862872525,0.8486141427406168,0.7829815035478185,0.8821263257885856,0.8826175877686971,0.8150763513964676,0.9024120011779077,0.8317264089593132,0.8424793440778533,0.9496733671827653,0.8539982675667737,0.8091677137381347,0.837511805757993,0.8064942772869694,0.9096421041088483,0.7896690501073602,0.78030049091393,0.8492539576785851,0.7009868592403194,0.7671298058086208,0.9262790460105079,0.847171299916302,0.7858578141312034,0.8634417758180432,0.8806422597546089,0.7984256452955186,0.8530949018967733,0.8062263906242876,0.8410570758425433,0.871250999775836,0.8445553456595275,0.8529286896717082,0.9265476159336291,0.8925008817039802,0.8650139858135281,0.7829001252564934,0.7998488740488513,0.7583120703460058,0.7911282109581181,0.8454591784617584,0.7483076362621418,0.7804466243440911,0.7639308405723235,0.870808572857993,0.8217595023308212,0.7562058949266177,0.7855861705094551,0.8070089611968229,0.8610157081250052,0.8737970241293961,0.8774669323321127,0.8406723833610652,0.7371339236375352,0.8550731057833718,0.7980824138416823,0.8308687528344145,0.8408625625367938,0.7664277647487251,0.7636104119284609,0.8613389581576826,0.7355289010232221,0.874621348542443,0.8800155903775018,0.834215323227276,0.8092621168167563,0.7142003568877049,0.8255475065376376,0.7696043429621349,0.8411678141234096,0.7493930787289081,0.7485908130097868,0.7888707448830983,0.8780058045078686,0.8809785553361019,0.8849434503038422,0.8920608397258327,0.8442211450756095,0.775647542575927,0.8596398980248956,0.8074130298508234,0.8196674322120289,0.8998146277491599,0.7992199782187248,0.8910925332600763,0.868918245746931,0.8840372669811561,0.7333268806691978,0.817744060306781,0.5949729757843266,0.915532683638799,0.8141808884404849,0.8633336090438803,0.7667437374125052,0.8229993696487375,0.9175202579670965,0.8358975879855044,0.7830960930576059,0.7993594904481591,0.8154723547851928,0.7327613575270329,0.8881025610451156,0.9063523981419573,0.9205636041140461
0.8347608361500944,0.0,0.877995637967233,0.8585004736953983,0.7588576821199999,0.7726253436914701,0.8860320431374032,0.8392866852252997,0.7380921076435304,0.9067453121586591,0.8962694589076757,0.8578723540757129,0.8941149353457916,0.8636500266643289,0.8930034500387802,0.8362357486112464,0.8657553039971981,0.8781354271066013,0.77332806572888,0.8505689828870254,0.8266061421206972,0.9339721431936424,0.8837170634166187,0.9104703938411529,0.8894606029245383,0.8062630645476287,0.8443286303259818,0.8745508392480498,0.9401085745800712,0.721063312945933,0.8252656888587355,0.7794928317467391,0.9135471519868038,0.8360821437839738,0.8396610132165732,0.8642626690946084,0.8763687556745131,0.8870189185501242,0.8435776792369234,0.877684060345193,0.9085531033784711,0.7604929623685142,0.761607388758376,0.8301612252257277,0.9159437355784035,0.8746206365144459,0.7758547185023819,0.8327573293152531,0.9051005624735939,0.8064175093756756,0.8139867404039345,0.805792976115386,0.828027427461513,0.9242102729965677,0.8893035206443457,0.7995036330466688,0.8301673701066649,0.7676080430833804,0.8379183515080415,0.887690470418509,0.8481690256641388,0.6701673703306625,0.7462872675590362,0.7911007820896566,0.7102367744649155,0.7529772289676363,0.8506118151873916,0.8220138309349692,0.8397829693128044,0.8270372733593601,0.8125949984803711,0.8299382376895589,0.6856421668631358,0.8701860800792863,0.8667798083295586,0.8011104123932065,0.8016033130589966,0.8443937963397791,0.831416631981764,0.6551172809644134,0.7535800920098179,0.7644497325772619,0.8798361378341094,0.861816579233326,0.7134760436511863,0.9446935038867642,0.6859306062315855,0.7327381803068086,0.84518362926083,0.882465713921714,0.7923783214395683,0.7745712526122678,0.8735310047288875,0.8114102240774893,0.8386278826416782,0.9289406096609738,0.7177087588390475,0.8104760442544147,0.6558739982011182,0.8470502961855189,0.8695276607133615,0.7058121027880354,0.6732386949404492,0.8613809047378875,0.7505572245632126,0.8311155336934779,0.7798737565873146,0.9086733594269389,0.8985366613503264,0.9013726672637804,0.8291215688022516,0.7390267445469012,0.7581834619807385,0.8073165766854038,0.8537992238277615,0.8722705829567982,0.7887135656327854,0.8213553941827976,0.8178237529416589,0.7876607167254234,0.800399943617965,0.7200178139164727,0.7554253174741776,0.8760164455979708,0.6885823659981907,0.9414172833538976,0.6717629354153387,0.8822198674643547,0.9163843480784108,0.8846594159477786,0.7866927669007308,0.7114391536537366,0.7775030844319553,0.780403981361987,0.857146713979367,0.7782065850652414,0.8787234510327726,0.883058701312168,0.9029660111930639,0.8239157941592403,0.8797724975250762,0.7932954310798921,0.888256979799177,0.758198858163662,0.8916598751264488,0.7377323559855206,0.8258423726029133,0.8678921938733993,0.8927352387357014,0.6636341390544392,0.7583711880474636,0.86202639778946,0.8818315211474343,0.8944068841400911,0.8912189336332811,0.8733690109448616,0.8953224123782738,0.8434678453139036,0.8597326853162989,0.735324340571641,0.8646442642427663,0.7529832341082249,0.9036580415964913,0.8219123799342385
0.7703173301943017,0.877995637967233,0.0,0.8052564815969803,0.8255132045496482,0.8474785464057023,0.8474532022116575,0.8213278563737184,0.6449216814827395,0.8974024736589329,0.9210029021003027,0.8800989656416704,0.9026912386580835,0.7416927858189044,0.8123979744191101,0.9556447508743734,0.9431742607662552,0.8029210062914607,0.7599683490017688,0.7484044838862075,0.9248664624640959,0.9221670689325093,0.8095016430688822,0.8755646241983623,0.8617715399742504,0.857043837282793,0.754882419006524,0.8076002333655575,0.8900673318324333,0.7822903976637056,0.7251016635738745,0.8463188447398049,0.8270909374913008,0.7880002524450584,0.6982833063303711,0.8015789858089207,0.8794640330643316,0.816843723949557,0.8166127936746852,0.8294186345918958,0.8359425770199964,0.8139311685931641,0.8194010310334863,0.8263599110520116,0.8400712225332887,0.8553593849561053,0.8352532227651078,0.8798330904217887,0.847211887813129,0.7872201746746679,0.8620185482767071,0.854322490056717,0.7321756046399808,0.9093063890084478,0.8772471661291285,0.7651828188825515,0.8122777049535579,0.8767718617303778,0.7623334242902833,0.8075090960480832,0.8345554140671432,0.6973813369855234,0.8334778102673468,0.6991576528188634,0.6663601874541438,0.7616849684978874,0.7814219003782369,0.8823186842882079,0.8396486949807273,0.8251660558868397,0.8213729362011077,0.6953394128190016,0.6619524866886829,0.9216448234705495,0.8756842939076941,0.7013703534708546,0.9049340096488743,0.9152174760489675,0.7864684499671599,0.7217197823269323,0.8388628891257176,0.7146330137568236,0.9014131112528497,0.8146415288639227,0.7293542608718429,0.8449383327023676,0.7015234211988338,0.693900397730019,0.7765573355810254,0.7758030351676989,0.8378629974995415,0.6774882680705321,0.8651501754132986,0.7395911123548061,0.768690606830607,0.881598423840252,0.6828989652120874,0.7513817818343671,0.5837456619800597,0.77858213975562,0.7288757896363615,0.8029440648625441,0.6607700062941565,0.7996870879869497,0.6927382609263201,0.9019504501544846,0.8857958025759913,0.8767302195484871,0.8644409314325849,0.9138534939477218,0.868164237360467,0.7084295346354412,0.7589641780557452,0.768163496445717,0.7842888938427623,0.8548449972061885,0.7207931208218495,0.833013128228426,0.9015440349128159,0.6883534334738738,0.7832667273277297,0.730591940351071,0.7144253626793586,0.8984964138476446,0.5869038829927558,0.9264333567399957,0.69294677717751,0.8991489652272429,0.8913598097694163,0.8037596036509485,0.7365723999607667,0.8627245665375681,0.7055789497410478,0.6698841999914433,0.7954656961982901,0.7203649353915519,0.8367377226278355,0.780306310341853,0.8076284419828885,0.7916857594323509,0.7634582047670769,0.8097927934045946,0.7872960217335369,0.7297139540550437,0.8750381158666267,0.7216971819530531,0.8188655714871014,0.9192614873844787,0.8626554093488548,0.6636491418213717,0.6795386495931666,0.7542179876298277,0.8364259987867463,0.9082039182149295,0.9181711275208791,0.812126347226289,0.840856197097622,0.9265479598371102,0.7158242908727634,0.7932372166341505,0.8330585957901927,0.6413176246311116,0.8320697346468904,0.7910914203795926
0.7606740632249223,0.8585004736953983,0.8052564815969803,0.0,0.7106100351403207,0.6824191633638897,0.8834133098247784,0.8202957712706478,0.6379094923151478,0.8010408997163263,0.8557138685884531,0.7404755028940468,0.8711745192669389,0.8571719040221619,0.861476660741562,0.7658543538861731,0.8214419606586237,0.86510144103216,0.6742592803152965,0.720465119289445,0.7601318537516246,0.8492369117842047,0.8951422768031511,0.8589533338203026,0.7724972633189354,0.8723444447812545,0.9005918248966449,0.8936502320089822,0.8329516046109854,0.6216457020316949,0.7183917489464994,0.6914180719058195,0.9631185607976648,0.8033450641195254,0.7662823159457747,0.8179917693010921,0.8270185030313831,0.822834285958257,0.7570113439708245,0.9230423514667725,0.8908558477933003,0.6651603226688749,0.7179648509025038,0.7661890976206946,0.8940776360447306,0.8653629059383899,0.6869685451858013,0.7570591228599299,0.8599548651050826,0.7523597357301258,0.8182784181142235,0.7936782095565865,0.7608149310075186,0.9049814580421386,0.8494311349480652,0.6750519908753682,0.7707133318879755,0.7164506457304022,0.8239069079984381,0.8602032739450568,0.854508401750593,0.6416340215584458,0.7395480010794715,0.711309460858617,0.6567283061069021,0.7350831626802444,0.8992110652905991,0.7787887604447142,0.8410851756333051,0.8257652691437336,0.7691616950755169,0.7804083105694604,0.7005720345685796,0.8985908019098288,0.7959262333932035,0.7055640575625245,0.8386079963121775,0.808131876001044,0.8410866287125129,0.6029431009323686,0.6699672572810029,0.73867884767067,0.767897456705336,0.8401172851253574,0.7061704966107575,0.8632206397663387,0.6651262463605992,0.7336325900714106,0.8121581675269649,0.7931500155373135,0.805275814669074,0.7057565464894221,0.7992161061541797,0.7410774262022619,0.8622816061132533,0.8117216346530464,0.6529878477500081,0.7195236076141933,0.6007443075203329,0.8959824609447669,0.8016348022816124,0.7123430361174026,0.7380515275857805,0.7733560699922442,0.7287512890303617,0.8016300011759572,0.7651922735489035,0.8178895570776209,0.8914231663494476,0.7756604446104337,0.7907385815745903,0.729469076549099,0.7618446609039413,0.7883163268537311,0.8777070082283318,0.8680401169212175,0.6804984821381121,0.7048572060371961,0.8045584437685502,0.8012944015536355,0.7448418410071438,0.8137762410705717,0.6686735602976345,0.8213673137191663,0.6034462565361506,0.858449491771517,0.6863028080925225,0.82775809253829,0.8383352693872943,0.8717503594597629,0.6384626923495097,0.6503750875920187,0.7902143151590226,0.7263856343547572,0.7558103094568064,0.6786788475855289,0.718291576340474,0.8816706504073116,0.9043628964030347,0.7413585502174915,0.9050819829491928,0.6741080199305023,0.8497672427838705,0.7069082690043451,0.7997195696529166,0.7205255331596809,0.720643221834391,0.8160157101364804,0.7243654117525293,0.5651480845367791,0.7331547194817394,0.744447036437165,0.8185337925635654,0.8400416204265965,0.8212931630817429,0.821086644311622,0.8671227211567387,0.8084456093961325,0.9093677932913619,0.7636712835750553,0.8580231466287812,0.6527687541403109,0.7612159759989734,0.7815517638454558
0.803822460802071,0.7588576821199999,0.8255132045496482,0.7106100351403207,0.0,0.7297058894920042,0.8587902525859477,0.6608184116485233,0.6900731743804797,0.6802198770239243,0.8525531863752476,0.8336497075880448,0.7482779156159468,0.6771828226134378,0.8361956680940607,0.845691105879194,0.8293270172769531,0.7790401566590226,0.7434422094136138,0.7349062779647505,0.912450919840159,0.8634887907719009,0.7641351148668654,0.8657664007191714,0.7443284035620852,0.8387169952312707,0.6535183713730701,0.6528546777297319,0.7589708153624959,0.8527605114946778,0.7464657540952961,0.7494046696828579,0.7608486049954205,0.7095765464888113,0.736374030111395,0.7755656558030708,0.8223272538341067,0.7970468461573251,0.8500615056391588,0.7626812378113922,0.8237870319511346,0.7932762075071648,0.8740659708097934,0.9063436535011161,0.7244338112930171,0.7876606927777932,0.8961438204141903,0.8774545701222933,0.8341411360578351,0.8481659827864126,0.8904063482873465,0.8717699491478544,0.7336260632459564,0.8245372775953698,0.8057138991094501,0.7079268052757531,0.8597370151368984,0.8463632483572312,0.6994196559889426,0.7625533072253536,0.6507709322701549,0.7048922650781426,0.828886523601773,0.6980693093976671,0.7638723054435358,0.7097062934664478,0.6807058492003965,0.872588378278607,0.7382361392521167,0.7058586152513031,0.8755625642020474,0.7174909022439199,0.6261395943506962,0.8061060861976939,0.7021272102352385,0.682191757521809,0.8046101534714288,0.9162569857512882,0.7490372983231344,0.7453327126393836,0.7579521818861961,0.7902852309575585,0.8847453132810961,0.6646069039023841,0.7614014213103414,0.772690914176424,0.6320267152753212,0.7074505800621113,0.6426103972453708,0.722013073794356,0.9329182434721027,0.7135115240463569,0.8931817153417426,0.7494694790223709,0.7778832303933975,0.8084624489208383,0.6393355990398781,0.6705569495909193,0.6744959810288291,0.6621360396909095,0.715798001967669,0.6972184947315871,0.6861175276861349,0.7115957121113478,0.7006576923265964,0.830115720048153,0.7368463402663662,0.7061187547441443,0.8070035286179847,0.8285461048878756,0.8693811870842696,0.8241805178421715,0.6636356008333963,0.6281669101937946,0.7560031171185426,0.7832290633163786,0.6589679925113976,0.8256624320902661,0.7632162432344232,0.6348433134026634,0.9323818061781762,0.6654366729148518,0.7173039196008337,0.9009401810186719,0.6657561283214033,0.8008630826898798,0.6585909547196506,0.8398570909851784,0.7273186433290848,0.77870525287231,0.6385653542128834,0.7990268194374127,0.6281225801027783,0.7449659447258978,0.7631328932231755,0.8243733704222461,0.8454101394403978,0.806352391388629,0.7098455718861418,0.8368054370389931,0.6772428994735769,0.7771759110120096,0.7709646787475162,0.726231645069503,0.8650822001896143,0.7577491284245094,0.9110435125091559,0.7728684604978275,0.7335853291806375,0.60380261644853,0.7191990469501673,0.7227299329116882,0.8367543742310928,0.8054375286888852,0.8159283804874604,0.753136252203066,0.7477255474395622,0.8236838512937856,0.6908538839971042,0.7745580332609584,0.6787563934757809,0.6866682501545094,0.7887020794621026,0.895977662990326
0.7718469691400947,0.7726253436914701,0.8474785464057023,0.6824191633638897,0.7297058894920042,0.0,0.7067035318088233,0.781445106822275,0.6865001117227644,0.7766193248785902,0.8087796756369846,0.8630316201390125,0.8086705988722742,0.6438190152167743,0.677177736625712,0.8864132132648016,0.8428880412323018,0.6791853776868113,0.8158631008870099,0.7336057923497521,0.8667675915407487,0.7681449754070383,0.6554685395885456,0.7264713301110994,0.8534489093923042,0.7334187330512161,0.6049303925514115,0.7302518589104128,0.7466616943487403,0.8175133485635167,0.7278184726984663,0.8967609360341016,0.695774608001387,0.7913165470027698,0.6659764636529796,0.7135185426079744,0.8288526616907266,0.7390712842600199,0.7349642911683194,0.6570216832465775,0.6939403216397145,0.8648305941200384,0.7684416564418939,0.7993297050515056,0.7311695894339593,0.7346052528475573,0.7965820297309724,0.8347549104337044,0.7191197151798739,0.7107234548136927,0.7861716051428138,0.8462782278975232,0.6728898546735764,0.7846904192025796,0.7660052154513044,0.8597147561836623,0.772900515143031,0.8974200435655996,0.6354050358642577,0.697534066150792,0.7893225888021129,0.7399382543069317,0.8523415810441981,0.6255200741335979,0.6444200071389377,0.7637192651709722,0.6772324335851481,0.8137194104171945,0.695624863414758,0.7889640547934549,0.7837458483702617,0.6195021446436211,0.6982717716643537,0.7805813584168486,0.8692700063946317,0.7463007524224697,0.7808267843842855,0.7797734627555677,0.7237027506944319,0.8206506000189058,0.9249197226223348,0.7039361162739773,0.8348459054394767,0.7809288741343278,0.7803404368780309,0.7641274657136328,0.8076833953650551,0.6487910107887469,0.7641519847770519,0.742400543049554,0.7574927444043072,0.7028841024276008,0.7514736610900566,0.756114721717708,0.6803140181959689,0.8377277892803252,0.7255103626238909,0.8247644629650805,0.6086871471827491,0.7023571604143561,0.6665148171671905,0.7729281724846626,0.651400762308051,0.7429856967091345,0.7058293884487323,0.8124820498697338,0.82441886210862,0.8152674664017195,0.6960476299106538,0.854954548819458,0.844019260843811,0.6693028477079044,0.820678128554606,0.7374870796502443,0.7110740921500084,0.7581882630325957,0.8223517500810442,0.7434024362397036,0.859248729608975,0.6959616360369996,0.687852081335424,0.7182483633083884,0.7998887393914964,0.8286162077138556,0.6272273937743751,0.8152520120526642,0.699673835565566,0.7911444564599202,0.8110836414395842,0.6513539013376396,0.8191387407859512,0.9143803729551554,0.6918500176261345,0.699198258307354,0.7347468469015676,0.6764467048924321,0.8146243044280603,0.6424973834744613,0.6345970295223877,0.7275447457092334,0.6818364853611196,0.8426414554145903,0.7176093066537068,0.6981382872877341,0.8001640006242571,0.70737026053688,0.7888963936304129,0.7826767427669956,0.823464634716368,0.7213152913731434,0.6992548870344323,0.7410848672937022,0.7030987489720077,0.7109232273876663,0.8738720064171248,0.7496524087100246,0.7295764076474303,0.8697418285094934,0.617892598360238,0.8014317064883302,0.6962564351251074,0.727700184006746,0.8227642364491168,0.7405801544194277
0.8482991555492662,0.8860320431374032,0.8474532022116575,0.8834133098247784,0.8587902525859477,0.7067035318088233,0.0,0.7470603977075619,0.7003488080759717,0.8116160496599395,0.8857544197833082,0.8120068508382999,0.8632714181035223,0.8428815000685815,0.9238090432825905,0.8161022397604245,0.8607768361115885,0.9082215706311291,0.7177890343587597,0.7833218040795078,0.8517349180641964,0.9192017300042921,0.9445762608830203,0.9358602019128366,0.8280482509765906,0.8931449957888239,0.8275323455286764,0.8089369825200489,0.8489255140302607,0.727515326964544,0.7786910386227469,0.7601537340484203,0.9047387428672499,0.8280618070438859,0.8266731423275552,0.8480029391889402,0.8833825164119357,0.8331738103537364,0.8158875730130123,0.9213796626964795,0.8950576936242615,0.776605320973083,0.8128707205645437,0.8673551438589548,0.875904393426307,0.8902769912129057,0.8392155958717105,0.838746694159841,0.9665999110491739,0.8455540693290983,0.9006298531428909,0.8494463229358894,0.7957084996410507,0.9111975968969914,0.8745569064381123,0.7541674923082801,0.8472303095747284,0.7598063860687464,0.8745519953666465,0.875935204886409,0.7568053467165293,0.6819927463803999,0.766204967653853,0.7756964581368637,0.7546434272914789,0.7536655514300762,0.8600571418738185,0.8857067612154588,0.8582705600856895,0.7760958156180465,0.8613488387900258,0.8255469168382439,0.7095549522976853,0.9124291832596146,0.7490551937461509,0.7648413115619976,0.858613143994596,0.9076527909710188,0.8008762842725492,0.6559841655354712,0.7087239760852214,0.8125819338792668,0.865551024226156,0.7478751565861769,0.7562589852726048,0.861790692495494,0.6478623654462348,0.7971639338725068,0.7758803607375357,0.8169979166076006,0.9058342690558664,0.7885884490961952,0.8915552913247419,0.7872644106210075,0.9028567756932466,0.8684156196081151,0.6426983942559158,0.7559948527517188,0.6761948957984716,0.847288291740092,0.8161000048965759,0.706339741096881,0.7677932325000856,0.7944305291045641,0.7425077026878073,0.8509733313283513,0.7642274976414845,0.8218877588496286,0.9326252388063967,0.8706542097846433,0.8854809343578443,0.8169543146220033,0.7546900051618594,0.7119778786189598,0.8475550990325852,0.8682201279817412,0.7161661901705305,0.8228471720965005,0.8215862490156797,0.7538694812278074,0.8653332069184014,0.7149721465460678,0.7353581224881186,0.9060124591859725,0.6685004447922064,0.8673786750028879,0.7128549811783899,0.872495647100237,0.8249084752355811,0.8992512285462464,0.6744703155120697,0.6937013131696953,0.7119375997609116,0.7517569491024172,0.7992877182179029,0.786005437783836,0.8200548795926214,0.928218092983546,0.8741800761848797,0.8102031067202127,0.8261532801824937,0.7564767962930494,0.9172513404128494,0.7512178446755708,0.8796948316782407,0.8336011576442933,0.8297144914643317,0.8231551569935793,0.788379049157455,0.5725736428836716,0.7544736477506456,0.7722152084229149,0.8772639229254422,0.9235860739548126,0.8511920122248422,0.841166012073805,0.8621727286123462,0.8453829975855148,0.8636214445915583,0.8080365363549914,0.8276159411029805,0.7098309702168781,0.8385629158675442,0.870612403547584
0.7767271147694387,0.8392866852252997,0.8213278563737184,0.8202957712706478,0.6608184116485233,0.781445106822275,0.7470603977075619,0.0,0.7474807207758589,0.8254811943878605,0.8223914110359146,0.8171110834450699,0.8679969122054517,0.755090070251524,0.7921474630718807,0.814437010251569,0.7888037759223689,0.7969977962359724,0.7584456293278311,0.7853972675683908,0.7630596992830909,0.8228951240712173,0.7715207652804079,0.7649494776878234,0.8466731104197146,0.7663948167970687,0.8064930757046301,0.8500545208774409,0.7709522357776247,0.7109209323266892,0.8090248928105753,0.7861353326731623,0.8285728028541458,0.8206315810235157,0.7294419407168768,0.7969012013078496,0.847668296413003,0.8399881579898022,0.7885485967490184,0.7546155865856944,0.7742818094371202,0.7096989683239622,0.7642455939926072,0.7263412676789188,0.9112430392909391,0.8419942615659329,0.6869331803010628,0.7590813169652028,0.7781603991316945,0.7488719028508101,0.7771962447475199,0.7409013663234892,0.7105269360538023,0.8361914013993984,0.8258670868016161,0.7417261567585903,0.773688969150075,0.8029791481351503,0.7277709422633607,0.8171479473550225,0.9223742073453908,0.693434974569788,0.7730833416280458,0.6870460867691587,0.6513788322789216,0.7760399730307004,0.8159440086274437,0.7795638936476333,0.8260359691961638,0.9556529673070109,0.7785798107575431,0.7157263854633439,0.6840179990250422,0.8400003933633999,0.9071573014989252,0.7353418756999199,0.8174577480163517,0.7338560894296243,0.8628541158070425,0.597305413078212,0.6995683899587953,0.7578052404260135,0.7928065818151123,0.8768506388020675,0.7108268478704405,0.8870147093994329,0.8236567126861132,0.7369949466928458,0.8956855703301799,0.8435548708393765,0.7437259310884639,0.7235184728269273,0.7641274613874761,0.7375828427095792,0.7375414516614844,0.8479578986179829,0.7829912675638687,0.7734029833988987,0.5897654453308795,0.8226569960227541,0.7622415027414003,0.8604853599647753,0.6957659024118193,0.8020379876217429,0.7743097255097944,0.8161539484047656,0.8258484834802085,0.8297409745177957,0.7797612652396334,0.7718836506331599,0.7560134704100977,0.6936006608132868,0.7646405907445769,0.9086512749693569,0.8032394204710492,0.7946768981108855,0.7231950611269193,0.7497020789405457,0.7400143285758892,0.7672619895917854,0.6829333456614969,0.8907158081619861,0.6701245272291092,0.7876752682802758,0.6014452343519935,0.8582438460210449,0.6774692661865428,0.8693379456594299,0.8213147790321936,0.7841106394454314,0.7907281398864985,0.7385698033379965,0.8242456818347681,0.7179778603927885,0.7952119974368796,0.6568354133862198,0.7760422103174117,0.7495163189687363,0.8112334502091001,0.8147272761865276,0.8195039518695931,0.7295512956123165,0.793226992964104,0.7386286292867131,0.7871386211562258,0.7143541772409828,0.7689670659291407,0.8013714235740835,0.81714376594328,0.6268250327046957,0.7746112858144105,0.732848895094621,0.7965066540941783,0.7848316429276835,0.8547414067620256,0.875021228993337,0.8080939258986499,0.8029492723679396,0.7343734344761988,0.7200539300226381,0.7520816290517689,0.6643170157868635,0.8550796164883989,0.7250710216556636
0.8706964652520478,0.7380921076435304,0.6449216814827395,0.6379094923151478,0.6900731743804797,0.6865001117227644,0.7003488080759717,0.7474807207758589,0.0,0.6393813248027937,0.7096024419441828,0.7579329192202384,0.684394603339995,0.680776760589758,0.7666929680134084,0.6654557532688897,0.6448346867648503,0.7567168200696098,0.7797667157942555,0.8698014549119883,0.7014429409277505,0.747959340777498,0.6767861783576367,0.7004242738787929,0.781832225134026,0.6376197373465722,0.6359048626499124,0.6569314791343825,0.6347025688716518,0.7579573680031546,0.9143681630498164,0.7104897594895789,0.6802354180138293,0.7246363303267948,0.8396802321892747,0.7336047856545234,0.7679824241787536,0.7836439505389782,0.7696860441361125,0.6244239469656279,0.6785919658260277,0.7510466437166703,0.7621353281263166,0.7527960380072596,0.7471632146053607,0.7042255351697291,0.6970009326878143,0.7219565292877403,0.7412796818447632,0.7760664008699164,0.7195081982359698,0.6850175211158164,0.7127299234938852,0.7003693466048192,0.7018650411710348,0.7700001419881682,0.7883522011613527,0.709862231092565,0.6786063024166101,0.7150900530081863,0.6758938864102693,0.6660341799019992,0.7010149740351383,0.718832254950477,0.797073916608081,0.7179856085626867,0.6803975653437486,0.7371748538019923,0.7017199350193453,0.7807208149823779,0.8012336146108253,0.7504012609518382,0.6959663984991793,0.6675183986135584,0.7103632056057614,0.7861163604661898,0.6378768183373205,0.6390605938636676,0.7324993687115674,0.5790545856191136,0.6283440175362457,0.8885694656269829,0.7443444322521265,0.6685332401231553,0.7274804608347513,0.791155602477642,0.7740585116970021,0.7654779413906686,0.718516298031901,0.8079064451480571,0.7280314580225022,0.8495099376550703,0.722583741963954,0.7662965275938524,0.7274797057614106,0.7839631847638521,0.7744604297728618,0.7542425703743216,0.7452028527493398,0.6601651702487773,0.7509899996382066,0.6831105740680178,0.7032480773925261,0.7288666040911091,0.8066865706590031,0.6738592841870708,0.6254754028786891,0.6821216852082138,0.6543799944047463,0.7133181690337893,0.7212478312216832,0.7786347755939822,0.6889775876167978,0.7088319103191235,0.6990956479454304,0.6643074487750811,0.7305698968374742,0.7566718793817924,0.6053728916486364,0.7045897487649414,0.7301693869540082,0.6920362976989307,0.7386883850332773,0.7190423346773794,0.8177614478844133,0.6902540504236445,0.6232812619355526,0.7282422723840539,0.6485171528420898,0.7063468308652336,0.7896909547213077,0.6495074696111885,0.7006390314299767,0.8585135923848872,0.7995698473649602,0.7695744190087203,0.7981771134208621,0.7134661591461016,0.669591055784233,0.8275520913586185,0.69832701937112,0.7227734110657937,0.7902574475503563,0.7649442523776853,0.7474307615667829,0.7782951130386047,0.8431439004085985,0.6101282766308377,0.754217749642149,0.5777649092169638,0.876783060477431,0.7285247181986626,0.7681210792606041,0.6524240973587181,0.7240022789451339,0.8205686194366978,0.6891540197512245,0.6533064500733506,0.6799198895439869,0.6389197795803904,0.5859222266796834,0.8355503276577511,0.8672686115004155,0.7842874628893421
0.7254701111392304,0.9067453121586591,0.8974024736589329,0.8010408997163263,0.6802198770239243,0.7766193248785902,0.8116160496599395,0.8254811943878605,0.6393813248027937,0.0,0.8284296633811552,0.8207363837633039,0.8597630117522137,0.7746840578964027,0.7695055194451069,0.8211112354032581,0.8365832376177427,0.7826086605310872,0.7322608230696305,0.741005945739142,0.7782941506714792,0.8487615442910555,0.82869094723837,0.7961588310168918,0.8938178411922436,0.7393101703402024,0.7983379790749902,0.8513062522272897,0.906879890596586,0.6796625207784684,0.7236950067296226,0.8011886356905857,0.8096607691349197,0.8008388382696335,0.7105884516580606,0.783479325091942,0.8086632167360458,0.7647110940254276,0.7364113625493147,0.7981485067305274,0.7813365542050119,0.7500919473575509,0.7122446644172835,0.731510924041814,0.8501512411278581,0.7948567128468853,0.7303992953447525,0.7699224455369877,0.8290675807013873,0.7101448835895534,0.7473033472307116,0.7248248952742744,0.7112921616793585,0.8487506252879446,0.8405856429663068,0.7589123894311248,0.7150222815269506,0.7488082312487369,0.8058629290902447,0.7792566182264141,0.8313278595841345,0.6304764315370011,0.6984053064380478,0.7221600604955517,0.6201574428760813,0.701776994112357,0.7890889532662935,0.7704775094284286,0.8368358918004446,0.8019642622909954,0.710818780807515,0.7056840854438465,0.6604194606908392,0.8383504589632844,0.841947943977132,0.7228628865760591,0.7900586060090907,0.788042663106577,0.7254641150426014,0.6136202407557667,0.738699381095083,0.6617308094457491,0.7974259408024668,0.8036365739691007,0.65624888563584,0.813534002469524,0.674674989064422,0.6919063206835792,0.8248382591595725,0.7616518317825126,0.7152322680312985,0.6997377001036835,0.7852992654040192,0.6924633700888381,0.7323072712863201,0.8681500096423004,0.6555941549023877,0.8011622889470355,0.57348904289783,0.8066478935383179,0.7389106543960281,0.7340137725673397,0.656663196777602,0.8665464181974495,0.6711126679958607,0.7807925632545594,0.7956972352320154,0.9164459181037902,0.8169770497743878,0.8489667383551621,0.7826270233133884,0.6409709197550295,0.7408082332042404,0.7962457437038296,0.7359633280257979,0.7816413274084127,0.7545143802595407,0.8008626408324551,0.8464976215572753,0.7163719630327364,0.6686007512609827,0.6869376636880025,0.6795865849438266,0.7820154995674251,0.5822321020326297,0.8919222819902913,0.6563538308814154,0.803716132896307,0.9104173082213759,0.7758692155132264,0.7763141159073196,0.7037234270504058,0.6938509976749107,0.6299430896841377,0.7648294709607589,0.6582155957163723,0.7706088618151941,0.7496794771284393,0.8358629643105001,0.7276299894589279,0.806798802188623,0.756412105553153,0.7828671220809841,0.7129776396166871,0.7967347040412334,0.7043894746175101,0.7102670792462968,0.84835022153551,0.9077204336496728,0.6508188623557303,0.6539569104591565,0.7817451791529216,0.7738056853334568,0.8710746175160298,0.8667216869658891,0.7809167960765245,0.8045361496464766,0.8167575426984094,0.7432014305711112,0.7080568713912083,0.8643559300714021,0.6468872188263313,0.8260806877174747,0.6885192334158259
0.8599297735545975,0.8962694589076757,0.9210029021003027,0.8557138685884531,0.8525531863752476,0.8087796756369846,0.8857544197833082,0.8223914110359146,0.7096024419441828,0.8284296633811552,0.0,0.879784483022574,0.9116228081142939,0.801560748023468,0.8897021775411513,0.9246633094159755,0.9119841697439116,0.8671414634347915,0.7946706080971976,0.8342423221590971,0.9198695617218269,0.9620825021777476,0.8385698306755381,0.9314864120136389,0.8814507543555347,0.894936120616067,0.7825893415799907,0.8379608518729332,0.9009589529984334,0.7666037533074919,0.8061150128700035,0.8166102286195984,0.8792982756288926,0.8191233350831807,0.8090191479638953,0.850883907974997,0.9494361261361665,0.9104693606227114,0.9007637042090945,0.8593722721087199,0.8858700024128212,0.7859990621996602,0.860032006222997,0.9149812030108921,0.8795085216909736,0.8612359186076466,0.7859081018704818,0.9531298084066527,0.9158493747801759,0.8398160142460884,0.8965450282211774,0.8662723341025348,0.7650574274393414,0.9544203129361836,0.9352769087128316,0.7450213167873982,0.8881412320959614,0.8583768310912049,0.7959585049636034,0.8429236231892092,0.8665258707029782,0.6881994755023139,0.8519221596981604,0.7512186257463981,0.7311467057133483,0.7939230696236053,0.8413571890624749,0.8981375121476997,0.8555227627228992,0.8759392507622689,0.887037479524462,0.789086304199041,0.7158055019093879,0.9210765999908352,0.8659374449224518,0.7574455782141019,0.905335902518241,0.9056860811641565,0.8501048576738297,0.7336481263276229,0.802882281811773,0.7902011046603714,0.8980159835854794,0.8564522427001361,0.7781104317583802,0.8966178298509949,0.7604933801703918,0.7427541932328603,0.7717787059359784,0.8239618793651421,0.8805620350957982,0.718713512072504,0.9121706559554695,0.8219280793792101,0.85187575331248,0.9201502431627303,0.7240324266639937,0.7434687008450536,0.6448213364486887,0.7862274456419401,0.845896804330937,0.7995979688316457,0.7041980404009504,0.8027501287202341,0.7587419600564217,0.8659407185629591,0.8236926286016969,0.8529763899072815,0.8665875391787762,0.9256068418717981,0.9141223251056302,0.7993052356224046,0.7966683984844583,0.8053718029381491,0.8507173862618322,0.8593972574408074,0.7292637702534785,0.8693169475924329,0.8723660107532442,0.7336664158791305,0.8689112508460868,0.7663466751750204,0.779115003356401,0.9307273720479076,0.6915684700082304,0.9463750505320697,0.6689776897649874,0.9109936558088488,0.8805298957524647,0.8691028178606465,0.6998183025232892,0.8120944513833481,0.8104320218028106,0.7953974029085175,0.8961848824583082,0.8080338822295141,0.8764996345786314,0.8667183166777014,0.8592765400475931,0.8579430872659034,0.8409171087082128,0.8258840817128962,0.8291242133197175,0.7755265318805128,0.9623927280527169,0.7513631403920519,0.8646085702950347,0.8546016159114113,0.847617312993776,0.6435659547246058,0.8046597838120595,0.8028759207888764,0.9078314374896065,0.850651977741738,0.9140056457671996,0.901881560705043,0.915024583972457,0.8871508558778425,0.8208564698785451,0.8231575973535898,0.8000935745873765,0.7373833540803991,0.853063465609683,0.9103383709271194
0.8038927740552971,0.8578723540757129,0.8800989656416704,0.7404755028940468,0.8336497075880448,0.8630316201390125,0.8120068508382999,0.8171110834450699,0.7579329192202384,0.8207363837633039,0.879784483022574,0.0,0.7876657076273705,0.6773887627692177,0.8115207057375013,0.8821246912167444,0.8344867660478613,0.7485065272428133,0.9024960944468031,0.7977896995107311,0.9087448011154132,0.8762551666363114,0.7704856598492239,0.8258270096124215,0.9083044140960931,0.7601971838243516,0.6818832100131531,0.7374647562643447,0.8297821880524003,0.8732693809655203,0.853925707054983,0.8442523137262697,0.78063620709047,0.8247727971014165,0.755833764190981,0.8251280730157557,0.8541978019234524,0.8242563384165587,0.8957363789990644,0.7174785471989261,0.8072601503920495,0.8420112237079921,0.8450559735329197,0.8765731475520456,0.8034745736725563,0.7774155568595321,0.8173264379437948,0.8806093630392987,0.8248773537655121,0.798974018997032,0.8351628369331144,0.8205244665523017,0.7075998982194662,0.8724068540891784,0.8698972851138159,0.7938671480360088,0.8258685161933733,0.9365828243293158,0.6958022014716013,0.7666177139522018,0.7615612784652467,0.6901815062410476,0.8114178243609015,0.71237821131515,0.7005845021118863,0.7134172965188444,0.6986313540109699,0.8176246785742132,0.7512420262439905,0.8234261576322699,0.8150647178422874,0.6949559088782306,0.6448893094441731,0.8039823739189281,0.8293248869219259,0.7216666806718872,0.7938783811288143,0.8434300586431811,0.7735622259527404,0.6950148200890947,0.7846537992161471,0.786078147890492,0.8911301408241832,0.7455008894303733,0.7546845180850053,0.8382203577262356,0.7514157158189525,0.7003538608799403,0.7458420580303367,0.79370240311534,0.8283213874491697,0.7861153799533114,0.8687198012702148,0.7462152455231232,0.7222968435403815,0.9326232566203316,0.731302069209732,0.8278267944273164,0.6484868489900616,0.6996163714483381,0.7424150468411241,0.7899136061553252,0.7012491178162044,0.8770493120308562,0.7343095339869772,0.8100702232223383,0.7930240246794696,0.8310302495043429,0.7634553237948234,0.8796097457654117,0.9028944889033461,0.7560187031002255,0.7104377372341357,0.759736884931135,0.7359793412138375,0.7695563437718868,0.7607587739870697,0.8791131176833633,0.8137223364238071,0.6846274970326917,0.7830775598132274,0.7347166822606084,0.7404856017173891,0.8693991618231002,0.6586067864224399,0.8989847925306588,0.649596919649257,0.8753380014296657,0.8488238523498592,0.7371084961124171,0.7923590110746476,0.8217788428617334,0.6753265496933103,0.7628471572826532,0.8365116761023951,0.7421819834055844,0.8845225078091123,0.7491955528939668,0.737600883508468,0.8858287743437163,0.7358760901085897,0.830707143167658,0.7884944508919484,0.7843787128139911,0.8817111140271084,0.7561299554602151,0.9065515020705149,0.7943662321891418,0.9038886170204288,0.6917699415668153,0.7706237718310105,0.7978861023386548,0.8441970471830406,0.7961123944934877,0.958519560407345,0.8103509138137451,0.761686035916453,0.855630282373129,0.6850489064036135,0.7356709281492627,0.6892106321989971,0.7290613391501766,0.914342654586217,0.8150747399249447
