0,1,2,3,4,5,6,7,8,9,10,11,12,13,14,15,16,17,18,19,20,21,22,23,24,25,26,27,28,29,30,31,32,33,34,35,36,37,38,39,40,41,42,43,44,45,46,47,48,49,50,51,52,53,54,55,56,57,58,59,60,61,62,63,64,65,66,67,68,69,70,71,72,73,74,75,76,77,78,79,80,81,82,83,84,85,86,87,88,89,90,91,92,93,94,95,96,97,98,99,100,101,102,103,104,105,106,107,108,109,110,111,112,113,114,115,116,117,118,119,120,121,122,123,124,125,126,127,128,129,130,131,132,133,134,135,136,137,138,139,140,141,142,143,144,145,146,147,148,149,150,151,152,153,154,155,156,157,158,159,160,161,162,163
0.0,0.5727324653712781,0.47343184310001946,0.5700398205423186,0.5286134642769125,0.5774507465351479,0.5235298878514455,0.5440931919037603,0.5731579996454929,0.5317238603596883,0.5712698478126355,0.5362125031882127,0.6967110743201376,0.5521406318004584,0.5956110508824538,0.6167274748880215,0.6675882615768359,0.7517358271633738,0.5525797631016428,0.6849582612065906,0.6057412222259112,0.5393408059706748,0.5038074168229888,0.5564336806301966,0.6426473696057413,0.5072965857980977,0.5390833683248313,0.531572027177443,0.47084910257602336,0.5480422462946797,0.6127629514700885,0.6256791688108827,0.5342279890182039,0.4932203296265527,0.6649079584235266,0.5282939407514117,0.6426798884736272,0.5840873092119528,0.523115303179064,0.608058427092123,0.5276110634110752,0.5677460359055347,0.6081626998139713,0.574885354009575,0.5970129293983921,0.664748328758176,0.5067200936073964,0.5460821428199522,0.5706950380741094,0.6392687564317029,0.6636750380827846,0.5552680475011511,0.5535691080167026,0.5543687767440103,0.52543141350941,0.5185373132147159,0.7241081673275981,0.5952089255406481,0.6155150178799121,0.6630732102239024,0.5533708280494617,0.5009336466904778,0.5539459108876036,0.4748080071599737,0.5858508249294926,0.6029309434966417,0.5773828357760687,0.5417996035992254,0.5480358754326312,0.5937765518224695,0.5600675874631595,0.6011843111751347,0.5683395065133676,0.6829657292699858,0.635373651492396,0.5645080639547749,0.5193652343568195,0.5489375356355665,0.5511424240835006,0.5360078890566792,0.5082132066783542,0.5705330091665287,0.5895017734666474,0.5388709335075244,0.615832884682115,0.5733182579805445,0.5441116927480437,0.659897470145868,0.6678486447918861,0.5133479661615477,0.6510938578135193,0.5626294551068272,0.6102289066282982,0.5876156649425801,0.5627421423863923,0.5090175870380164,0.4581926042807468,0.5047894263478588,0.472522587916047,0.6654618012883843,0.5534578126800708,0.48939579553450213,0.541359444335338,0.48345419081628666,0.6051590713747732,0.5982732504022472,0.6012246541167034,0.5900251644529274,0.6172092274431167,0.5743724799778489,0.5578575502269655,0.5634318286399247,0.6162530670468678,0.5928952198710074,0.6232975702452378,0.6735266569642586,0.6412219991854381,0.5011860055160122,0.512138815656072,0.5025771319971859,0.591903258190468,0.4883346364290009,0.5610832228356119,0.6342964568977881,0.5316381125817464,0.5374788123988978,0.5340104282946502,0.5212314522486216,0.5211115507270182,0.5443073675872897,0.5497938932318251,0.5312932978811474,0.5720139133796676,0.5380459784835008,0.5457683658433681,0.515903249667214,0.5946947617592852,0.601982006599615,0.5449869023932535,0.6583904232036359,0.5181605372854,0.5640542320441875,0.6464664930521041,0.4889444013867929,0.5700802925064039,0.5870191033759401,0.5095721909824489,0.5727004070115534,0.5484755254315107,0.4265268821885611,0.6379522461789834,0.5789575141790557,0.6071266391214846,0.5001014674041175,0.5894412884197024,0.6031024217999763,0.49979291887307337,0.6097552230459921,0.5503141734386563,0.5365385812747454,0.48883976402429685,0.6400105444009694,0.4875291283377664,0.6792281781906505
0.5727324653712781,0.0,0.5450737513404575,0.5536937659095469,0.5210056050728479,0.6260174868223015,0.5134326719637762,0.5187727534015433,0.5436092573710163,0.6683251549253618,0.522025211338312,0.5487333895935259,0.5899448909807758,0.5747065267839525,0.608212175664213,0.5450890273890792,0.5702613642313962,0.5628664307340225,0.48980827451407005,0.5622832392159899,0.5930619592673363,0.6245310820753746,0.4436898413406565,0.5551476692846912,0.599805384643793,0.4707566648827147,0.48977445909536965,0.4437538163627586,0.5849411725654756,0.4649335684385926,0.5913872316105367,0.5438771155643697,0.5956944372153619,0.4333594160839247,0.6114975555050143,0.5770257815222402,0.5528328170808852,0.5493490644647961,0.5337603061736501,0.5822034104635534,0.5938570648129124,0.5757938080802663,0.5009831041178324,0.5817862444281781,0.5605670333044385,0.546289890248365,0.5256872816869946,0.53994866151377,0.49542808758301415,0.5731239644712574,0.5557824415094779,0.5262363127741909,0.5491338285076595,0.6182739886494885,0.52019218587927,0.573871908725438,0.5417174690069665,0.5449365935600406,0.6023524857989492,0.5785638367648913,0.5325690431719513,0.4882425083872981,0.4895602423349478,0.5018712002720757,0.5327988227942058,0.5063604814205874,0.5633562414664381,0.5328181813843422,0.5015172570006369,0.5113269134493079,0.5338587616142465,0.558017049602682,0.5122500375187204,0.5896127865407164,0.5845126101089533,0.4816570223303314,0.4609146757782833,0.5705967725109415,0.4780856348658532,0.4875553151592919,0.5345272374086739,0.5470292333193447,0.628180919424327,0.5189187930343894,0.5270665944529828,0.5787922511140078,0.47663735019548464,0.5278534220332164,0.5380746719264746,0.5553544064825765,0.5473362885241504,0.6057547777656093,0.572113566096195,0.48724073899484965,0.5534992002305777,0.6068924562747218,0.47232119134747225,0.5354920541290141,0.4800921028227874,0.5900807698324748,0.5521655818137864,0.436999052587573,0.491770332325681,0.542754477118773,0.5317770831840505,0.5318454826619711,0.5468849729407871,0.5681792052713476,0.6173002140508168,0.638088779156725,0.5180613630987488,0.5113610850657371,0.5719927378882806,0.5401132464196202,0.5225722414841607,0.5840105148858766,0.5481844195432909,0.46450356936603876,0.5496235321851144,0.5056436829080712,0.5507955592917859,0.458706032571906,0.5182022425105232,0.5744020181816288,0.5289851974415823,0.5853397079195948,0.5276223319973633,0.5258535912758432,0.5828965633490107,0.55436164451575,0.5733846795622072,0.524612897435689,0.4754592571563748,0.5395194166680184,0.5722537205381976,0.5307031374772934,0.5407849576099184,0.5918519355098575,0.5369000328209562,0.5676916758817316,0.5410797274550334,0.5890249343927794,0.6376977870539627,0.5222174049661753,0.5871072306237208,0.5153581707834958,0.5535107920770203,0.6113032370744449,0.5996453457229968,0.45267840720887903,0.5052288473335134,0.5873104048123288,0.5397408670216455,0.6110791431970364,0.6021211834934375,0.5606205600765708,0.444527555598039,0.6085540966295299,0.5428214136579463,0.44510373101436795,0.5318992150044741,0.5694370841986187,0.5034771474160451,0.5552744294999827
0.47343184310001946,0.5450737513404575,0.0,0.46612540418942033,0.5288793269275515,0.5770347066290364,0.39755697758349207,0.5227909846737929,0.4876812412137472,0.5280161192099474,0.4785634738213294,0.4638765808928385,0.5130332867088546,0.4769595697080267,0.4996809532895036,0.5243678544841287,0.5035703662909187,0.48233147562707485,0.404896219233659,0.4817062707155305,0.5746481838220443,0.667712287029346,0.36363730471433897,0.4615237107799017,0.4877299035912628,0.49243273842460167,0.4102558585150118,0.37266543562291743,0.4830835080097429,0.4037752773687048,0.47599794632127707,0.4487502937773257,0.5088118917723082,0.36248904437630736,0.482972191267846,0.5485946888621638,0.4864140988977993,0.543888082597166,0.46321509486572565,0.4637025010307644,0.5552372948257598,0.5272862342281395,0.5004777806888929,0.521069321568395,0.49974016803286403,0.4620993131809336,0.516002950739313,0.5498479330636806,0.39709616090553995,0.5355830188321661,0.4726200688310027,0.5231568696835703,0.44237184656922157,0.534830861522079,0.4446988408032549,0.4960366302851131,0.45272751758196694,0.553557322179249,0.47114686384911536,0.45062783807613727,0.48694813769566364,0.4644215163972554,0.5332221086418854,0.48630651665759156,0.46597099195174335,0.45749438539499165,0.4734199070592009,0.547938154763472,0.5473708801580477,0.5093500623125621,0.5382953204547641,0.45389413329769135,0.477547104712046,0.5128932439885013,0.551894904710626,0.3761137281083473,0.40983855159660465,0.49043853121906705,0.4653226036381921,0.4082502974855784,0.5337010190587133,0.50350012271561,0.5265452685435499,0.5342930170005261,0.4712529949561519,0.567525063337017,0.47110390857163226,0.441648112497605,0.42452420515549605,0.480039701883246,0.5207151554192581,0.4674253148133685,0.4644651499053362,0.38850249870608455,0.4861111520742159,0.5608953384626518,0.4764364550143324,0.4955722321811408,0.43366675127107085,0.454514639318454,0.43203375672644967,0.4287692466537078,0.45480371371738465,0.5277181062179807,0.49167644223902274,0.5249797466845383,0.5041105759263037,0.5065304913370143,0.4977692965440031,0.515681907012983,0.4268980797117207,0.48326680419181867,0.5073515131509432,0.4771726784780862,0.4636038224296825,0.4941995291467167,0.4283002437561825,0.40235934735327056,0.5694142011863165,0.4649075686647117,0.5061108513054827,0.47136310260835146,0.4656647612398236,0.45615822581470217,0.45287666678337785,0.49185225902493596,0.47984793499360484,0.48952741148102313,0.5423816649876678,0.530391983984013,0.5132359679781572,0.6080770229504989,0.40943928392911577,0.4802633568864508,0.5539498229392563,0.49097794265116235,0.4617773459503889,0.49189668051714436,0.5040423723489739,0.4745777457317465,0.479101886647576,0.5188696466514573,0.4691555077654509,0.524121411818548,0.5336853504065072,0.47349245998965706,0.5926120101169718,0.49878162885247257,0.5651521169636317,0.4528000111090253,0.4315438052985562,0.4486004605466605,0.46550079113951137,0.5859429700397704,0.5465772500572312,0.5037084673146893,0.3687266594090824,0.5312399478798144,0.41654624426195036,0.36977994464574676,0.49312096391790644,0.4454533316572454,0.46566675394888074,0.48148077840180653
0.5700398205423186,0.5536937659095469,0.46612540418942033,0.0,0.4993601499880167,0.5474225090931079,0.5389451216693484,0.5305237638954248,0.4960577983524963,0.5111042861416673,0.5751326064220902,0.5314719271728743,0.5762252640245988,0.5272273573327119,0.6202703731986918,0.5241176304594195,0.540913770074706,0.5536386948720367,0.508976834583945,0.5144246403780056,0.5673544456587752,0.5386124565541472,0.46084163629376584,0.5373221473940064,0.565591142679078,0.5173906038163216,0.5140146014982563,0.47050972897002813,0.4857186970276884,0.4445895805916497,0.5794037606199586,0.5243355854175545,0.6588082478119753,0.4593954204165156,0.5879524260259854,0.5515656833421861,0.5886066073690405,0.5310541139426169,0.563442692079616,0.5920567659664305,0.5530286165081953,0.5021314200538843,0.5243809148548306,0.6058226557356128,0.563193622063736,0.5378332019540164,0.4346226827052519,0.5539729844450504,0.5152913347611556,0.5475623348816937,0.6313989492365832,0.5179004254763514,0.49090652552060926,0.6645005268208476,0.5696005403196085,0.47048208886105114,0.5603428728544948,0.5643220620359085,0.5623296657662841,0.5642419154254588,0.5885528469534376,0.46446625858314095,0.511277571185752,0.448395007282725,0.5135966843972529,0.5157327620013045,0.6191866784159051,0.5036526295327146,0.485300364421794,0.5624494469391897,0.5251147721641555,0.5299535130319948,0.5378742678469732,0.6441535132939937,0.545019093149778,0.4702601628442239,0.5267172542656199,0.542656340792109,0.49731037517953,0.4796663551697825,0.47349170844009064,0.5665831811595263,0.521545575349495,0.5035379768189913,0.5509013996307571,0.5182727390685214,0.5368255717603198,0.5688008228722337,0.5328979928419719,0.4997023777344894,0.5931168642124409,0.5638450423680319,0.5620368516383856,0.49839287377358527,0.5574697259291591,0.5332977135563453,0.4587738809933816,0.48266253326973835,0.4520707202678084,0.6091671855263507,0.5576363175495658,0.49114845262949197,0.5686568391357364,0.49193460650974913,0.5453122414472705,0.49960214709727213,0.54654880009827,0.5052890264764706,0.5527700134441725,0.5323622946622466,0.5822189800742428,0.534735149254974,0.6055039844710866,0.5527480759246597,0.5435762910470266,0.5502741589891339,0.5069618619497616,0.45516749782616184,0.5328035179086118,0.4922487589354299,0.5282970745597642,0.5174030225729788,0.4873237797249442,0.5805020344500715,0.49532334297778186,0.5590733085210191,0.5073974550225056,0.5162346657302878,0.5197040209827106,0.5181858662534766,0.4603295914293185,0.48988522701725334,0.5406699370489103,0.5521259051467768,0.5563861540809988,0.4687658476016937,0.46455887796863155,0.5941024500726035,0.5243491718110893,0.5847986679914655,0.5784368166813755,0.512777694238218,0.605558210666947,0.5037222495805024,0.5654252326057339,0.5203984470717803,0.4928605672403261,0.5289185303703287,0.4868186049297384,0.3986497700081431,0.6098908915428773,0.5320006268363139,0.5475274227937579,0.47336299393043396,0.5852704175932979,0.5792557109257147,0.4683233633935217,0.5794373606635113,0.6504063122918716,0.4971699822259457,0.46558518581539604,0.542769997697708,0.47516686180072343,0.6042538814186669
0.5286134642769125,0.5210056050728479,0.5288793269275515,0.4993601499880167,0.0,0.5390444476980234,0.4856293462731554,0.45013457252894185,0.49060704324471455,0.4902714220451539,0.5392938131875239,0.49481136727331954,0.5239290170243832,0.48774269129024417,0.518467216271886,0.5601967586725286,0.5573210705217436,0.5154189193658226,0.4372053453806407,0.4818440032665936,0.5894336025751221,0.5780718288100909,0.4231552006901968,0.5235509801731374,0.5101887936899212,0.516581818356868,0.4482199886289854,0.40940517748605154,0.48291588949402475,0.4853881776239478,0.4812504787650934,0.4849737431738579,0.4933902453952305,0.3996974104576537,0.5143800787085212,0.4989391967783877,0.5342636564880802,0.5207710620210421,0.48732867147892617,0.5314442916720516,0.5178828040766822,0.5871045505863799,0.5023026245546539,0.5819212118754604,0.46991717999710764,0.4788340034436986,0.5201500118164537,0.5648658964560145,0.46617512420399493,0.5295333287933688,0.5361862915247554,0.5281890138174384,0.45434832084827237,0.5212165104855152,0.46955933789910526,0.5030591540741937,0.5067032009746032,0.5768826664066365,0.49142432906902866,0.4838817690947109,0.45080567398525384,0.4556361681085688,0.49353648045841503,0.45684561689477127,0.47838406805891,0.4535711993056973,0.49187798933189336,0.545841443238801,0.4871898047968813,0.48296328714712955,0.5248820352526457,0.48206573269052233,0.49243284728224707,0.5486264397542496,0.5065100827174431,0.4164391553351485,0.4620674003671734,0.6436953920148459,0.4442484815976783,0.5109397314987735,0.4993234881335527,0.5053462352219471,0.5871683890381258,0.4647464868016007,0.5113282863630937,0.5072045522720836,0.4569133021694101,0.47644104456648906,0.4474514735527606,0.4809698630194944,0.6356903249069309,0.4917497195938229,0.5274248971415031,0.4324908548688124,0.5208877287077702,0.516095682833429,0.40912678893703586,0.4645404978460215,0.4580969712343509,0.47549591847679196,0.4680624673496243,0.4193953576296647,0.4731747407595631,0.4580920469576601,0.478365498311837,0.5157875629370564,0.4851695559761585,0.5128927006999217,0.52107430100438,0.5544195128612572,0.498552232443576,0.5179807882350238,0.5167137390296693,0.5055729671234628,0.4731208067932433,0.5601414254844026,0.46070567971080806,0.4394498710803275,0.5310059048636446,0.4749756022611689,0.6200961374792282,0.44425866781854995,0.4934397712293711,0.5394114876642242,0.4862339350978658,0.489066502440639,0.4881012919437613,0.49101369533007116,0.4856615049602521,0.495417907821646,0.493370639217719,0.5430192441850373,0.4452157408717667,0.5092828578120321,0.4934557174495776,0.4878594797197559,0.48796580844758386,0.5350106288233952,0.4713582897869626,0.5128927153789261,0.4471320513390923,0.5423001802770766,0.5194552255271262,0.48351687396978155,0.5620694379700448,0.5041194134078082,0.5461744451467547,0.5122299849976842,0.49388791181324515,0.4304410027384855,0.4664924710842362,0.4775341336141349,0.5075602842584135,0.5309446164866748,0.540195561611349,0.4979660782054403,0.41862357708768055,0.5930385612812863,0.4683782893028261,0.4432853726039971,0.4550693283861183,0.5017392085434057,0.47143619141939686,0.6187498383820674
0.5774507465351479,0.6260174868223015,0.5770347066290364,0.5474225090931079,0.5390444476980234,0.0,0.4655748683026481,0.5796671777043951,0.5608289373949442,0.5639046657424454,0.5283555271485879,0.5509646954877261,0.5940719672886897,0.5180270218819641,0.5775665596548004,0.5785786885901995,0.5570798882532623,0.5342903816199285,0.4890582824261638,0.5386237981610461,0.6304081422408457,0.6111542900301411,0.4050039368825121,0.49934946745074626,0.5746211477568605,0.49670592439780553,0.4440136218071311,0.4215902942596688,0.5041300552662487,0.4727730027922546,0.6103500741584283,0.5602182841646357,0.5892081524122862,0.4186956502818238,0.5628999745299248,0.5863437775497844,0.5789099625130304,0.5677036286739905,0.5454508363506337,0.5026202641052067,0.5708519813931409,0.5696765214470606,0.5571112360199781,0.6224078925499157,0.5542749257927028,0.5373019293650644,0.5323939629112882,0.5944904226786161,0.45642845859879777,0.5972706711389629,0.5900753132211867,0.5710576811933833,0.5179498370133407,0.6287246470396731,0.5203901063865028,0.5569976496664363,0.5425981295548832,0.6533122987769954,0.5209004644270548,0.5411180868041405,0.5749287479585663,0.5377679551385859,0.5841668306614206,0.4722670327332865,0.5368491757975553,0.5316807329919826,0.5360611521341353,0.5841325017924232,0.511020483681389,0.5708484765734716,0.5952704452345279,0.5117366172062395,0.5254906122369927,0.5980483762181881,0.6283068583649096,0.46017320735037415,0.4733631042273411,0.5493445102711975,0.5036100722205759,0.49578295663845523,0.5728932469523179,0.5876904175151959,0.6237387399246063,0.5528945466815984,0.5426249120369161,0.5795041418548312,0.5505953466707529,0.5343187442272577,0.5249672903554847,0.5359109598087579,0.589186729324168,0.588007690408562,0.5549255081010986,0.47324404729018854,0.5370898538808233,0.6274879525343464,0.5206611725936505,0.5303732453190068,0.4736778345105443,0.5532817717203355,0.512222786651854,0.483665135132685,0.5166149241140886,0.5357644364898567,0.5746556538013585,0.5580283201358485,0.5832462004579212,0.5241875037977932,0.5541274989530031,0.5724474012887477,0.5148028514560726,0.5228031119326185,0.6202512568402611,0.5392122353602521,0.5336946295966043,0.5556221170667859,0.520008195007196,0.4470482754386903,0.5665261399503131,0.5065895900576812,0.5416047069800768,0.5223563655902534,0.5073158277988731,0.570934157370734,0.5112272268747475,0.5787541237777326,0.5448478828222102,0.5557190062158761,0.559970889108225,0.5321705169248869,0.5581462677549388,0.6150993354053462,0.48289207669214645,0.5534156198541536,0.5772902297774639,0.5243167182537544,0.5200929448552684,0.5315468480605386,0.4821975369322014,0.578220516509516,0.5448282448486108,0.5964755182154187,0.5781663184437518,0.5417809600839163,0.5848884251380632,0.5221493469414726,0.6119579947162714,0.5865274642458495,0.5671220386118407,0.4488928116641926,0.5283285645469344,0.5476180803583094,0.5119511894704044,0.5326092715178276,0.6199024545002608,0.5784786875721595,0.4182012992540833,0.6380195481144183,0.48376058072871375,0.44663984835755544,0.4990444172701169,0.545798753469305,0.4956670083898026,0.554108756880826
0.5235298878514455,0.5134326719637762,0.39755697758349207,0.5389451216693484,0.4856293462731554,0.4655748683026481,0.0,0.4199119946532914,0.4306889346436235,0.5100967750188199,0.5356049039780569,0.5514937972880848,0.5160049613403367,0.4499517490935311,0.5537086205450792,0.49241405357826956,0.5004878026039412,0.4968741013793974,0.5306182666697746,0.46563475332773363,0.47950182401511376,0.4571914228080839,0.5694536275173095,0.5795846855110875,0.5544821503390293,0.4236449888500603,0.5149258522269072,0.4939270991933956,0.4934416649210995,0.5145360453736791,0.5186105781333344,0.5448963389934808,0.4840678800413599,0.49801206075070786,0.496473678988745,0.43183549034171553,0.5485003565806774,0.42567426064503394,0.5273194753421742,0.5831227183594611,0.43915055516785295,0.46346108043972545,0.456909231915928,0.5119093001561948,0.470967245716529,0.4990101371330416,0.4128466467513121,0.4857304228793791,0.6514809925852812,0.45118410421900007,0.5576366914510876,0.4229763257663535,0.4475049562574752,0.5095898387582282,0.5426934110213687,0.4341568717962955,0.5225014600713144,0.47187298338803896,0.5247587355467415,0.527613961500995,0.45995962457593115,0.3948102019839592,0.40193106795512856,0.38621664152251695,0.44832298670075366,0.44215379170550106,0.5069903367871903,0.44541794519398,0.4015247983738013,0.44607468966841085,0.4300675809555681,0.4739635326277241,0.42656204888082433,0.5424940224722374,0.44047208996643983,0.5301345939145303,0.542809147661234,0.5822507342461045,0.4086111146998652,0.526272600867185,0.40801802852055824,0.44554777682265817,0.5268248739099748,0.39653171239920426,0.45869018931319455,0.4212877882776913,0.42858930038905646,0.513321320451772,0.5263766595939068,0.4478492260655869,0.48813326146604885,0.4936757723992142,0.572745480365101,0.5221413028679238,0.45557879993985484,0.46531857929029885,0.3678495480570207,0.41192705233344273,0.39458324303096387,0.5304740332264004,0.5268562223029556,0.4326383505964009,0.4474860406283825,0.4209344525604619,0.4269241303391521,0.4380198665238625,0.46203361324324427,0.46303377129059764,0.5164425292073292,0.5516409317798142,0.6253896853273045,0.4360921423971152,0.46856169536768005,0.4685056410088327,0.44797319218830445,0.49985591731676743,0.5022665646656332,0.5314848654740381,0.4327958595932607,0.40472233424736387,0.4757458501243104,0.39247517043780455,0.4318032686029001,0.6283161036955826,0.43279071343579506,0.5371845009982068,0.419835072436965,0.4745860026084718,0.43708641820105887,0.4322240320992645,0.42020503917506086,0.40448144559001176,0.48506782897304773,0.43529447957331396,0.45203033985716334,0.4200181785188143,0.4870633844937395,0.5118969993059904,0.4526762391887986,0.5429536578766334,0.44804760072877625,0.46227345868430564,0.5472127772985126,0.40178355693668577,0.4875799355425378,0.4589177208322186,0.41657304273569185,0.5167420092647396,0.4415432020544706,0.3537226238814898,0.5124954823279315,0.5118052434755512,0.5076643903616601,0.45182652441109566,0.4911728173081911,0.48632223215514225,0.5676523605750217,0.5429137638190422,0.5745390966047119,0.5678582606654485,0.4104525700699105,0.5018839382530799,0.4138508682224044,0.5402036084762597
0.5440931919037603,0.5187727534015433,0.5227909846737929,0.5305237638954248,0.45013457252894185,0.5796671777043951,0.4199119946532914,0.0,0.5522504469634388,0.5006081600669787,0.5061599099993362,0.5045576030210358,0.6016131668283918,0.48525584097548224,0.5560387348302437,0.5468576964760404,0.4983441078330604,0.5238135299374631,0.45427268230935963,0.5404981466611927,0.5395497812306576,0.5478396914640914,0.396856811918058,0.4647122839498715,0.5402626575131113,0.5126008449546943,0.47207616764597243,0.4202781596166523,0.43286733964025287,0.4369362728397514,0.6156497467382256,0.5094546172865997,0.547737118455848,0.4190743773296544,0.5223467681131568,0.5523716534128499,0.5916970800352745,0.56679498762947,0.5283114260863928,0.4754310250236524,0.5070568298882364,0.4851774985065229,0.5779437007461781,0.5152000931419335,0.6546147570476818,0.541165356049156,0.45173457277777446,0.5434202663872146,0.4351466038735526,0.5584173807419471,0.5328154791164935,0.49673720822303735,0.4458211078520011,0.5486212122913967,0.49661813335472227,0.48219809384929674,0.509193984964737,0.59764042156658,0.48252559435280107,0.5182045119900213,0.6454113746534104,0.4953175514079285,0.5566327173140285,0.4517473660702133,0.4870675003369097,0.5285957303487531,0.5606693225969814,0.5454496250091498,0.5388158039815679,0.711239063663682,0.5678395006888219,0.4876252561921425,0.5032266381615856,0.5757466325586549,0.5923823825178514,0.4294439158099503,0.47788774885438967,0.46905747573111234,0.5529452154292066,0.41707127183718723,0.47504778391049973,0.560420051395999,0.5223571415956761,0.5808649540415305,0.507133155736342,0.5875402272579977,0.6728780534306004,0.534135831833298,0.5263478828711955,0.5379990830309272,0.5307818265439751,0.510343418033504,0.4850156369526303,0.43988897138665545,0.48660525206223587,0.5536161776540112,0.5273511649006702,0.4914219921882582,0.429675317858062,0.5433300415981691,0.4908201381937779,0.5675246291696141,0.5133966669592375,0.5026961899913518,0.5703566473423679,0.5591792681827145,0.5691384930680414,0.49808718264497115,0.5066765205711072,0.4940047484042203,0.4629274009142028,0.5051492819620879,0.5667057791152809,0.5405701161277914,0.5268092089330104,0.5119042450955171,0.4610572150217168,0.43098628449366155,0.48127452189984754,0.4791822543074264,0.4843120014158056,0.5928101058701151,0.4641498027818237,0.49865268088094494,0.4551081619714031,0.5301971901328908,0.49215960711337664,0.5920656010453796,0.5089426421412584,0.5353352121626669,0.508599669611182,0.5476095094225496,0.5230259040198776,0.5042369295966028,0.5946485547764256,0.45729830763289026,0.48884604115655544,0.5118784275400193,0.5290475912886856,0.5718789867367142,0.5271842437727112,0.5068981113744774,0.5082288259888365,0.5039249743509088,0.5377367957714,0.5202067007833053,0.5487606584816825,0.5069581655651899,0.5285960281393889,0.4114157784229467,0.5600272449234877,0.4599721496725204,0.49308729179827054,0.4946112999383123,0.5660873645328458,0.6450563488893605,0.4142567522329043,0.5514569214615097,0.45463296107552076,0.4181072537563249,0.45197343434140813,0.47628177289228524,0.4631249778124873,0.5039450716558581
0.5731579996454929,0.5436092573710163,0.4876812412137472,0.4960577983524963,0.49060704324471455,0.5608289373949442,0.4306889346436235,0.5522504469634388,0.0,0.48975396216461875,0.4654769691265369,0.4553329587133958,0.5335588222979507,0.5508018870776348,0.5150512343089849,0.49071653721626707,0.4943655931771781,0.5495404981327366,0.4246662265993114,0.5241427180563413,0.5244132623416451,0.561039097764935,0.393487017946682,0.4418112848163311,0.5136952623407518,0.46680064028269563,0.4655135781058718,0.40304001280580565,0.42266165663113553,0.459000191763037,0.5562891810154081,0.4788234020542715,0.5014544249428158,0.3870123420348799,0.5621865608994887,0.5208295251693208,0.5266845983377454,0.5794128704143953,0.4627014073818091,0.47184375800388506,0.4956708594366938,0.6254636007782622,0.4859157696762828,0.4987480572700438,0.5120287954680559,0.4928428595348029,0.48996298577966024,0.469366222616621,0.42885540201654443,0.5522544947573373,0.5052940261983415,0.4997706830975045,0.4922994679327406,0.4913375679504363,0.4343535974483391,0.6123033849269145,0.5013063743589765,0.5411100920555284,0.5051961999624817,0.500535666239798,0.5023948913337588,0.5198454617887369,0.5024730110343011,0.48435917568533626,0.528005166907371,0.4931710303421928,0.5506150000639068,0.5624017931345663,0.5298019385828612,0.5735071543905312,0.5831322931338945,0.5188734242013199,0.5687581321563762,0.5259861689396271,0.5774461244670893,0.43435231374064787,0.4292932734148874,0.48017977337624945,0.4737596997990178,0.4425315579110383,0.5072455709349251,0.6355322484830632,0.5677892847344878,0.521694286497423,0.537264476506802,0.5932544851895247,0.5446858711299446,0.5339186782987646,0.49600403521332276,0.6033227442769118,0.5765288435294519,0.5835984474575769,0.4700576665154547,0.435609874137821,0.5753716673142416,0.5354208982227392,0.4906476059715518,0.5090517986683234,0.5118539016730216,0.5206400238586745,0.4874006999335701,0.4394577350591414,0.5049935935478473,0.4732062380785432,0.5725489337071632,0.5118792588679411,0.49221185917918614,0.5128437010329076,0.4947510403999786,0.48773394467043896,0.4404441389818459,0.5418148678193558,0.597077814483522,0.6001792611517974,0.49169854069531116,0.5411111118969072,0.47748253293542675,0.40363920125712355,0.466366521508043,0.5814511104471868,0.5292596496809733,0.530086014626973,0.49567070411686737,0.49212575714729906,0.5638630997808577,0.4528640349088571,0.564861119658502,0.48740192927759396,0.4658602491370864,0.5278179755477501,0.6717387723410999,0.5603916333390742,0.4932886123074027,0.6080642807278178,0.5137008478377285,0.4955336566365985,0.46576164984749663,0.5050464933025928,0.4657752333006253,0.5364088553529368,0.4886255998561131,0.5509589777538724,0.5844512415298841,0.5580650200959879,0.5317721463410858,0.5305542290097508,0.6033645384348081,0.5004937377567115,0.506719705003193,0.4389932104812941,0.5074086093419954,0.4927703627259387,0.4900878630145316,0.5066544515789517,0.5286030955500615,0.5813616359542976,0.39657163098698744,0.5307536189637021,0.4673022327187113,0.4175646909247439,0.4728313092920967,0.5502928754951101,0.540728528457468,0.5574259636118712
0.5317238603596883,0.6683251549253618,0.5280161192099474,0.5111042861416673,0.4902714220451539,0.5639046657424454,0.5100967750188199,0.5006081600669787,0.48975396216461875,0.0,0.5308426804957076,0.5620455393782551,0.5646018458348011,0.5093975227988194,0.5636629715203177,0.5483945672380799,0.5399726727422154,0.5372315003234321,0.49532392907584577,0.5294712522732367,0.5412365021756979,0.5690938632653967,0.4577117091360576,0.5207489349639676,0.6481513132640646,0.4416560877566252,0.4942064424721949,0.4481414229946392,0.6351698183997123,0.4734460860779926,0.5684263296283306,0.5554555585711449,0.5232476244228254,0.434177769443066,0.5485700751650693,0.522477095610223,0.5508532932290117,0.5094016620265303,0.5195254696934563,0.5330423301549285,0.5144441031971657,0.5264138270627546,0.504128845601883,0.541077945383616,0.5337802444549999,0.510472641173133,0.48124548964987585,0.5442276831441303,0.5120885128243966,0.5129506760983679,0.5197986632481502,0.4633161282064713,0.4804289807684783,0.5564279669887413,0.5386732175778655,0.5039620322932297,0.503951926159314,0.5321603114500613,0.5786402473971948,0.5201642873962222,0.5070782395636679,0.44023530931004834,0.45575640928109484,0.4701416489162596,0.4795936221993567,0.47096431925713006,0.5123239462023452,0.502591699555979,0.5030458994478975,0.5123316207586439,0.47778683082491435,0.5149443705054036,0.466951824907124,0.5512437682610852,0.5375430894229168,0.47675449669769776,0.46110475358341385,0.5504061712728546,0.45237872236067117,0.4629650318509202,0.4903251392152596,0.48019346128098744,0.5781889962225196,0.48524407201847336,0.4844081239569471,0.5102871600744814,0.4700787225403671,0.5166098515655364,0.5280080544391309,0.4856355417341837,0.5057538902203439,0.5317886310564615,0.5659211131186,0.4586460011147695,0.4895020977738478,0.5965010119595026,0.4282556617580508,0.4959025627044884,0.43324578074837206,0.5267538400658927,0.524295291689184,0.44837037004497704,0.47350231980085283,0.5660648331935341,0.48394521728788903,0.4911419743258967,0.5157288482491283,0.5602231635320284,0.5553031443396053,0.6011571623662358,0.5095264002578044,0.46994397861161313,0.5124670610706737,0.5228625858990512,0.47617847798093943,0.5086338751572148,0.5265100003674716,0.5177479364589291,0.5214923493225306,0.45664735620458236,0.4894224727208874,0.4364770338421133,0.47175038932397384,0.5405651255379326,0.4747190006945385,0.616174391863392,0.45880533079018215,0.49778191385689047,0.5591358349055807,0.5111857676429378,0.5287725713404513,0.48038617756027174,0.4609475662642769,0.4645411126370369,0.5409527926479195,0.4807119142941285,0.535897588827133,0.5314732693319274,0.5400226323214778,0.5599680708900818,0.5241597120898386,0.5483062194522349,0.5422044555421567,0.47918999748482644,0.5573795768858606,0.49404196629940805,0.4848405670256249,0.5829573546234184,0.632624222062053,0.4249497168646914,0.4847960346963086,0.5693241131722774,0.5110631304894586,0.5649681789440023,0.5849297731731656,0.5318080829662238,0.44500300196459813,0.5684973331507688,0.5066046178894891,0.44174456279565166,0.5037690445399423,0.5242592366036892,0.47126766025583616,0.5048574751431887
0.5712698478126355,0.522025211338312,0.4785634738213294,0.5751326064220902,0.5392938131875239,0.5283555271485879,0.5356049039780569,0.5061599099993362,0.4654769691265369,0.5308426804957076,0.0,0.6017207957284932,0.6193840034655711,0.4818217306492119,0.5466139576734371,0.6749148570624021,0.6152312115965923,0.5495487154223418,0.564039942315153,0.5368472284675962,0.552293349729541,0.5459476929259162,0.5094682689334459,0.5485706391097986,0.596774870971088,0.4720896181455935,0.5719552285105426,0.5410878441670067,0.5262294936011943,0.5475710091646947,0.5388066505190758,0.6104799645687281,0.5006828916936844,0.48278187412387785,0.5354300171112473,0.49833085126709453,0.6149187633912789,0.5086932564613601,0.5971433007758749,0.5619151722553752,0.4707365760192353,0.4969780822671659,0.5425566199542499,0.5447236020889622,0.5357785182617663,0.5126195776173172,0.4167918015743043,0.6011399578827993,0.5818664942714386,0.5275258582922061,0.5994259766407097,0.45978171980091004,0.44946624395817864,0.5778649926035722,0.641776721194776,0.4261027282113386,0.5765092287106861,0.633651356145498,0.5265135540838318,0.560215385271611,0.5551946135008136,0.42570910602888545,0.47971823320536217,0.43171489893370796,0.4591161573756151,0.4740636002292189,0.5195441880810896,0.4687479757279044,0.49864004421061925,0.5610847102020864,0.4673004165017666,0.48967471621751246,0.4835945861410134,0.6425850283764886,0.5550217202557747,0.4638691619405544,0.6093962149258009,0.5682442424805435,0.4537076828137933,0.48083939674316506,0.43006926171792237,0.47301847263314317,0.5208267509914206,0.46777236778277786,0.5023810736919359,0.47241367944568613,0.5167590398983053,0.5412043783933659,0.5262161536815344,0.44380054030405564,0.576179305958809,0.4688459556806698,0.649904070834795,0.49768244497012315,0.47863934423573085,0.4870847296794512,0.41026027968405604,0.428469435065765,0.4103959801059283,0.5207202968141056,0.5241030660264334,0.5213100018156654,0.46866022585389205,0.4464006665780221,0.4893300728466989,0.4870342939025638,0.5319176736628641,0.5140196919065614,0.5075742846716633,0.5437480926843576,0.6021074673662051,0.48402257002973015,0.5101752620232443,0.5524959442702316,0.4895790298471189,0.541033106702906,0.49010811957115846,0.5833666004701434,0.4955811377832541,0.4353814332387636,0.5243147722807026,0.44579973463437195,0.46047276199810383,0.5671724036211723,0.44296372914863896,0.5774459834354629,0.44901009767109695,0.5344786218081728,0.49875207765107044,0.4658436899722428,0.4546319091786172,0.4842230887667897,0.548791335499109,0.4713345877765402,0.5340636462505896,0.4323745511808612,0.4990108876199031,0.5211203294228434,0.5295515563727243,0.5880023729371985,0.46796113362021474,0.5278521736388746,0.5247279456192394,0.4543007628043297,0.5372756973291913,0.4800878175405578,0.4555462847312864,0.5051781699290631,0.49864361404484986,0.40624955161730814,0.5617699017093997,0.4966185867099338,0.6588220330091554,0.4601775608145674,0.5325149532186845,0.5266656210936881,0.540850397545344,0.5540212840560549,0.518240893728821,0.5380199227906444,0.4124480296020746,0.4947088779864191,0.41937447804590144,0.6031221428167473
0.5362125031882127,0.5487333895935259,0.4638765808928385,0.5314719271728743,0.49481136727331954,0.5509646954877261,0.5514937972880848,0.5045576030210358,0.4553329587133958,0.5620455393782551,0.6017207957284932,0.0,0.5580862073318441,0.43641157024113036,0.5454724082418558,0.5917058111244753,0.5454023033781896,0.48786655062461787,0.603499965205761,0.5263173833865317,0.5481966453608696,0.5024912076802376,0.5117596004185698,0.5844729260088815,0.6581867961263366,0.4527802179147589,0.49434160647131614,0.49579864893554976,0.5127332295235135,0.5324944669887951,0.592632445422736,0.5992543458899241,0.4928098575097405,0.5367370990797262,0.514749086411636,0.48639736230209346,0.596682902124617,0.4640840171194093,0.6094172887405259,0.5210168442305724,0.4658381603454631,0.49187375370786823,0.5203384264886597,0.551120302975333,0.5539394578246127,0.5134509213846161,0.43394122120113937,0.5784761591552698,0.5649566508125665,0.48789006938329704,0.5558729067102434,0.4566544606939704,0.4247320230985253,0.5642488226199912,0.5942871452429731,0.4503026343609757,0.5345231333656565,0.5930266885592248,0.4923871328108626,0.5294233907888317,0.5155436431857658,0.40948352979554165,0.445693758427091,0.4143778858723164,0.4421921449056398,0.4591085427935099,0.4972528417033643,0.45709622840757635,0.4355665369301867,0.507214884868907,0.4517140485045547,0.4602381967901532,0.4435094223256119,0.5705812167403004,0.49701261854212164,0.47123608236406095,0.5378280827708325,0.5575878187707684,0.45103909765482264,0.4724918127832975,0.4261101683034981,0.4643263223358265,0.5371533932449896,0.4395526450765566,0.4795692918398394,0.4707065389194389,0.4946239233393187,0.4967643211882086,0.5318100498932987,0.470856224707967,0.5046303077696135,0.5012260659463218,0.5704961941465152,0.48475216028191914,0.4417068430352227,0.5241712752943498,0.40378597170699,0.46440983254532964,0.3977404917299132,0.5241582998650762,0.5012330040542431,0.4984367598983453,0.4686174315027398,0.4858837225357723,0.4579399353400744,0.48814335245167456,0.5197439877570644,0.5251591045269111,0.502766799545141,0.6222803667695791,0.6516239325451177,0.4580573224699559,0.4852928449314549,0.48975780970542415,0.46210420208378056,0.5141740593075973,0.5044642875254038,0.5658694367955865,0.48733460361874426,0.413737208998877,0.47596497095718354,0.42374195282993155,0.4648632830187678,0.5772599077264803,0.4250132416874204,0.6182957342389958,0.42973043276115924,0.5567217227786438,0.5139968756335923,0.43872874878401713,0.4578098564163093,0.4543813032703328,0.48061579485979317,0.44975335185860843,0.5351239149508848,0.4161900542970093,0.5494176470036874,0.4992880435378653,0.5036293143487811,0.5822347976179866,0.450666688372298,0.49845112874559216,0.516579796966429,0.4302244338434957,0.5283476991167123,0.5005943118299285,0.46450999420122935,0.5020368263522995,0.5304001327506878,0.3944111543351502,0.5502513739717984,0.48229850558501747,0.5492552128106838,0.47831990459910734,0.5793308723139461,0.5215070982649928,0.5023551515611165,0.593908283590843,0.47795904384365195,0.4872669070710496,0.4054082033929436,0.48660749569404776,0.4164443026903547,0.5328072485501523
