0,1,2,3,4,5,6,7,8,9,10,11,12,13,14,15,16,17,18,19,20,21,22,23,24,25,26,27,28,29,30,31,32,33,34,35,36,37,38,39,40,41,42,43,44,45,46,47,48,49,50,51,52,53,54,55,56,57,58,59,60,61,62,63,64,65,66,67,68,69,70,71,72,73,74,75,76,77,78,79,80,81,82,83,84,85,86,87,88,89,90,91,92,93,94,95,96,97,98,99,100,101,102,103,104,105,106,107,108,109,110,111,112,113,114,115,116,117,118,119,120,121,122,123,124,125,126,127,128,129,130,131,132,133,134,135,136,137,138,139,140,141,142,143,144,145,146,147,148,149,150,151,152,153,154,155,156,157,158,159,160,161,162,163
0.0,0.6008808551956,0.6153727112771967,0.512047813626674,0.6287545456567938,0.6582660801230491,0.5634717189198024,0.6728520210611346,0.5572058179690129,0.6455960059267827,0.5773582437372422,0.5851148015547505,0.6998320738176155,0.5004972263882289,0.5540718691767268,0.7167458399186252,0.628848977973207,0.6747418502382211,0.5565223301999946,0.7329742900324803,0.5805316020057377,0.585848254308702,0.5726831641531834,0.4975947369942424,0.7108814097254406,0.49181893574603913,0.47839533963924674,0.5862850531601572,0.5140211798976381,0.4987049295169963,0.6211087676028222,0.6743377311460639,0.5101289800442795,0.5458530192896264,0.6487690439847498,0.5007871978050468,0.6369062528945154,0.5528804104618565,0.5299760527482749,0.5097427187855291,0.5026568058753191,0.5832545785344698,0.5702950052046037,0.5362255291937013,0.6014536152308119,0.619593314365558,0.5583179327042759,0.5454656944452502,0.6273694884178183,0.55337998238731,0.5599923653843247,0.5734714015962197,0.48785988126091717,0.4889886776876239,0.48570648364885155,0.5066317519589982,0.5907434074685012,0.7170440624934052,0.5496047369758265,0.5813655338054677,0.550064180418311,0.46110064062517947,0.5087624124579785,0.4742092029703591,0.49842395223566077,0.49872991545341855,0.5514132425629084,0.5776716251451444,0.5274538744717291,0.7308809696157378,0.6247647295467113,0.49015573345514174,0.49918723139039894,0.616287244300618,0.6195362004314926,0.5487980687900541,0.5440616165355449,0.5621327151321579,0.5325739107222823,0.47719682134999225,0.5269619157247145,0.5970719151252046,0.5388614917025035,0.528110513171076,0.5018771417217042,0.6561030253624665,0.6189233243263051,0.5555293944436576,0.668716325906193,0.45467775743105066,0.6351269814061873,0.5941864079053678,0.5476713346843787,0.5118837335619613,0.5114239390799464,0.551361634544989,0.428214464528073,0.5875493794959431,0.4470121922935251,0.6057195302926767,0.46343483391216256,0.5517373426058928,0.4811297227561893,0.5941359462940323,0.522839933749973,0.651291262723624,0.508852601624361,0.6795233079649357,0.5552272532425369,0.5796221380890889,0.5438065103035035,0.49651875952428504,0.5831338658657998,0.567278797503651,0.5113192765794068,0.6077569015501064,0.6424505982610147,0.6239251279586358,0.5032909274439472,0.5343974415192466,0.5541519321530174,0.518258040732511,0.577482250478874,0.6327818774638485,0.5063897326513248,0.5717809791993355,0.5105223387399622,0.5276958836010209,0.5385788694530668,0.5002771314270887,0.5022194672597744,0.572957245874924,0.5251869681826148,0.5451248245188832,0.5359729655914928,0.47855971724344604,0.5469646501337233,0.5117991736472779,0.5179065432395079,0.6392147755711163,0.48631110012042306,0.54065472224216,0.6482641629448708,0.4769171909179706,0.5398830051729719,0.6128110380265172,0.5638298643343093,0.5752407709853119,0.7052959748104468,0.42316109840329347,0.5925589696729573,0.5296464659581477,0.5286700632861192,0.4664622866258195,0.6473042650902466,0.6273164460648141,0.5417867438734616,0.5997877303413574,0.46274744357080005,0.4887843894826368,0.48620808476013705,0.5854266917806776,0.5002219817447716,0.6777884727262639
0.6008808551956,0.0,0.6381965570278877,0.5077531470583538,0.5351465376058967,0.6043368976322989,0.5860746209086783,0.7235526247396207,0.5373910988063422,0.6167542300200115,0.4946033193758072,0.611428240236655,0.6543276807136854,0.4618866083543046,0.6329102211713009,0.546323745054702,0.5150054578839257,0.5336585988811927,0.4777894041326854,0.5771000025905462,0.5162578808299667,0.6458385254212392,0.5275669108794416,0.5978833259930904,0.5661005117304558,0.46537609991237044,0.48395122439121163,0.497909051749579,0.4810390621687212,0.44830996202311535,0.5885933570846067,0.5109916877799451,0.5750456319602852,0.5088530114350582,0.535204889394903,0.46076015570629664,0.5647201679804282,0.4586442035160533,0.5143938839952746,0.5449563432041074,0.5008490837659977,0.5392509783543432,0.4534272981566876,0.47053108625993445,0.6679265273923127,0.5947755736654453,0.5422836493655055,0.4688040176168789,0.5225838800412445,0.47572030053740655,0.4861474869809767,0.5230717033555063,0.44425667486542564,0.4907622505214193,0.43453707105552564,0.5347574124837166,0.49171195471932727,0.5458341545802627,0.4790841563096893,0.5543048067006758,0.5307537168952369,0.4081780736400034,0.42926358930050096,0.415238157042246,0.43619635728006717,0.4381828628672272,0.5699747833695872,0.5435750849036984,0.43057769891123643,0.5500495655428991,0.5617720132858897,0.42728429819560776,0.4218525698491109,0.565621383400731,0.5108289067104591,0.4588953774882962,0.49293281394101435,0.532780702867677,0.47062938547783995,0.4055610849803278,0.4480529929433299,0.5595542546586242,0.58226695428632,0.4583757799303494,0.42013980780281324,0.6963454889387432,0.48714408345125504,0.4471678810499594,0.5613375630227163,0.5510597554756413,0.49892128354249965,0.5651834827896027,0.4624696508203666,0.45332567894394554,0.4485175342226103,0.5631785650452138,0.4080143985004536,0.5506529182751075,0.3904812753909633,0.6321183727748424,0.4251560180455063,0.4636765949288611,0.4095799185177396,0.5275521247397731,0.4381810299473332,0.6137990741729669,0.45431944557338083,0.58453410404433,0.5627947805065112,0.6597428434970152,0.4933176938099774,0.4214627402663693,0.4959287657129364,0.45394426423210305,0.45550956062674186,0.7074870806515109,0.4927355151327998,0.47530487211165035,0.44374024739668877,0.46547233359351087,0.4838450668499873,0.4457134637974975,0.48327167173511343,0.5906413148534166,0.4241654409185785,0.5514098490190211,0.45973275266385916,0.6383823821922137,0.48833247195804447,0.47083959829431743,0.48703912264634763,0.48149868094425957,0.4490921012100543,0.49363915242690004,0.5113873924547035,0.4218105769150603,0.5361957942606003,0.5116985683246817,0.5203421428057049,0.5195691547224696,0.44704636247236745,0.44954764510622475,0.6253074768680655,0.41846099868119896,0.4714384364457408,0.5262599024900889,0.6414085841101036,0.5418000895957092,0.5639779698210767,0.37449967553166996,0.49428115369956305,0.43615791353115285,0.48838846297927063,0.5754870292045022,0.5688998569196925,0.606556627896748,0.5745726128566802,0.6420648779035054,0.44620937051774157,0.40675982929613674,0.44357542366620595,0.46023434669870183,0.43048220999517617,0.5561836981923931
0.6153727112771967,0.6381965570278877,0.0,0.53008720769696,0.6364358464986306,0.5860593707263003,0.5257370799230564,0.6390245398519077,0.5161607050511768,0.5788561664979581,0.5511770076840756,0.5347390087653653,0.6348619459846921,0.4804405575928163,0.5772078753420116,0.5915746107207562,0.5774113347005458,0.5936091214519177,0.48062017857395256,0.5927140104924838,0.5700349817787118,0.7689832647120071,0.49950039664795376,0.5422081916218283,0.552763143589774,0.49234675977528275,0.4699749801697168,0.5112739351868416,0.49223857434131285,0.4345872531723879,0.5183048365903571,0.5071386081326427,0.5499277767561643,0.46216969042239425,0.5537647658280075,0.4818327968717493,0.5428742518543732,0.5047058937112353,0.5021222496686923,0.5411597093289625,0.5281657573685221,0.5637618326621816,0.48757349996454613,0.493907808575789,0.5773606548016508,0.5575980361692077,0.5192412192134551,0.5036883095502307,0.5162803331828871,0.5177957357351141,0.5088159883646649,0.5735448033498405,0.46436443344548395,0.5072424433213489,0.4445724454551878,0.4815279217871261,0.5185825047114064,0.6014143166223058,0.5113937100226882,0.5314007697497227,0.5376964181038197,0.41738615395500456,0.481156781585028,0.4468382393147449,0.46422494580904683,0.4565053338530804,0.5478554026037777,0.549887373894063,0.49577147518645626,0.6011841839820501,0.5955012934793644,0.4406323014397042,0.46519800438100034,0.6035589331108632,0.5716693293980063,0.4362053462959435,0.4995572399170084,0.5272242994287253,0.4854118989998856,0.4126051535172752,0.4850477326757004,0.5840741824045974,0.5213360374648559,0.49200722674862457,0.4508620219937381,0.6787903507718429,0.5065240530127575,0.4626367419043213,0.5108079930497953,0.4629059588076055,0.5722771969112751,0.5159610788858381,0.4849624914461103,0.4503042179055033,0.4917631113329761,0.5197029749401504,0.4199288140013907,0.5306793681238596,0.40668689027058774,0.5584487626596784,0.4196779797359992,0.47802699414698896,0.431785928740112,0.5351894615944581,0.46751739601246595,0.6027296563663395,0.47356027954499,0.6050742604512248,0.5444244727761254,0.5806051656463866,0.49451943959801603,0.4571804762615836,0.5245834181221312,0.4885688247625737,0.47225869875268855,0.6527877436203067,0.4954002426387403,0.48913421123209233,0.49936893126212767,0.4864645500156317,0.5303545553659524,0.4712111865592767,0.51031287800323,0.5520715425256588,0.4503518648873332,0.5195247086609003,0.481320915071315,0.5206972460209263,0.5098892734307628,0.49245958204562656,0.4678037019080186,0.5515819709703849,0.45537816123573777,0.5234142432486161,0.5370212630188987,0.45011520215641826,0.4820295460102077,0.5115024599565766,0.5419032363745298,0.5213889234655047,0.4634788687645212,0.47058466597402376,0.5981112003605067,0.4582156580951422,0.49190910049313447,0.5208565472499815,0.6054715921496705,0.526330626121984,0.5771878356152265,0.3956438938602718,0.5001976760564548,0.45398789384851634,0.5331289344482446,0.5111009402810297,0.5780331783619808,0.5772843399743254,0.5252598143814149,0.5763968274932694,0.4509510492851365,0.41622063076639537,0.4673992786037462,0.47425459959705396,0.4532026630509424,0.6309820241327252
0.512047813626674,0.5077531470583538,0.53008720769696,0.0,0.5243824462803959,0.47288725269453524,0.5273927885591786,0.48946970862805267,0.3899160436724545,0.47653249649834084,0.6256664896420787,0.45015677151269534,0.5541843796595523,0.5526988025627987,0.5535103954664795,0.5404641408406887,0.5913270110160136,0.556087211278291,0.5007433273529784,0.5401170384929199,0.5905132208591274,0.5390189186047463,0.47973891820497805,0.5125193954196369,0.4762491355964336,0.5667205325257673,0.43914833525429786,0.53970577539846,0.5743054568505543,0.3513070944877688,0.4669410451596903,0.5062712073060612,0.6488937185432092,0.4837495923222152,0.5840241383394368,0.5877123204932581,0.4987161755434562,0.5411042825795518,0.6353544851338823,0.6443650386129153,0.676981249834225,0.4136271339315752,0.5174427014671665,0.5845839224021321,0.5356519172742302,0.5611787907382788,0.4062329703940011,0.5887703327468791,0.5607393555056113,0.5981989184861293,0.6381105120437097,0.5762970197234977,0.5522630746772287,0.7037755705479983,0.6110100293269998,0.3770656164208603,0.6024802389640506,0.4993132799126262,0.6816197219555857,0.637403240317666,0.709507107912236,0.4548935778346552,0.5290205905950462,0.5035899268879778,0.5359539826635743,0.5421709852534727,0.667102319199329,0.4570228431360965,0.4817371049882543,0.5088928937082389,0.5611348113279946,0.5305148992236629,0.5267701418484787,0.7258854872400052,0.547390884518163,0.4623414427065721,0.6743338886118744,0.5152284338786484,0.5397155113140543,0.4642397214448099,0.5028385138548522,0.5450132275696108,0.4047941736411791,0.5379048876912932,0.5237727283558531,0.5085281915241725,0.4958502684265451,0.524975035782201,0.488126110362235,0.37935902184868436,0.5576255622756101,0.47895995062118396,0.6003795290412046,0.5554403292256221,0.6150230620248812,0.4363697951225439,0.47899030325851844,0.45293080211772296,0.44398689733863733,0.5998359998098918,0.5255293048586944,0.5562593732942477,0.4971928433517701,0.46517541987130234,0.5278509295021929,0.5115972515826006,0.5793305332609319,0.4644606617439385,0.5951650716281502,0.4866134318746703,0.5862287097153183,0.5347134549525971,0.5862499472741165,0.5112547297065761,0.5743997274409371,0.4875918549113335,0.5026035529367916,0.5064387696090599,0.599142371375672,0.4728373752730817,0.62595669392069,0.5135512672977378,0.5216941937232816,0.5525586766936238,0.49825828873654876,0.5599517424448199,0.5337035637994683,0.4588228500922951,0.599354127062028,0.5615134199574368,0.3564650182954284,0.5227756158973293,0.5533716800294767,0.5672090928277097,0.6367703541801707,0.5257605298279228,0.3970163657086435,0.5989031730396441,0.5697745487933186,0.5409676808428395,0.559547295858772,0.493184105609203,0.6012399683958467,0.5227697336688638,0.5580938294644949,0.44732872061363815,0.439399088864981,0.5364066458251237,0.4718123556871677,0.4085904144351762,0.5780600471316614,0.5196003888547054,0.5733341664356396,0.404552898955039,0.5242348958159466,0.5308897666017253,0.532232620437452,0.4667592796096309,0.6227046093854324,0.5075631840460544,0.5131257659334181,0.4962658718763626,0.4793665540294609,0.6085584179811651
0.6287545456567938,0.5351465376058967,0.6364358464986306,0.5243824462803959,0.0,0.553924113120854,0.5528869317155424,0.5599643842042579,0.49513787524337705,0.5822281077091742,0.6266442760095683,0.5165280261944092,0.6217742774678244,0.5116577515060867,0.5306240493744016,0.6927210091214047,0.6020209985347054,0.6214226988209329,0.48061558297820084,0.5672537652785289,0.5579191982660217,0.5998007092127957,0.5370807490884213,0.4808658262983446,0.5879793075091594,0.5278041182515419,0.48623926498911274,0.5246434681725871,0.5439267071276479,0.4615668454594625,0.5246895615455975,0.563938832654679,0.5083451405336062,0.47436466656873477,0.5910550971261532,0.5004378235867787,0.6014540898948175,0.5632815557004957,0.518470556405896,0.5209354992119558,0.5065589069408875,0.5441848911508455,0.5418457873020034,0.5419088488338776,0.5325109065347339,0.5336842490043852,0.507170558597195,0.5707313438805303,0.5885745508654704,0.5296622243676655,0.5396614742300611,0.5394201142534658,0.45603199128779165,0.4845184783309901,0.49127182318195606,0.4608239871077127,0.5353726501755762,0.677517662419988,0.5328935900180978,0.5273506372959414,0.5140916993851568,0.4464067720473155,0.49420644333062713,0.4815525709839094,0.4664727426302998,0.45826894149395553,0.5447480460619564,0.5685270536038721,0.5495740753807092,0.6609258040929467,0.5910041502988084,0.48400067317044015,0.49508498497737835,0.5964070489362969,0.5632333405382075,0.4731033686917702,0.5532518334936231,0.6177238740941796,0.494377274996988,0.4734944471660551,0.5075990204749528,0.5451594386417189,0.5059138061147623,0.5168160696114363,0.48852846278660483,0.5804859570974518,0.5675576494159635,0.525059922562083,0.5329707732441079,0.4265971374435058,0.6973337940183462,0.5212182188979059,0.5466136834646813,0.4588661394363978,0.5245728419019611,0.5286925722289533,0.4045231221989247,0.5119320128925852,0.44833797306694834,0.5287032708188258,0.4625053213298245,0.523078265691892,0.47595763070323494,0.5428827308828841,0.49520303229484186,0.5750518379203684,0.47784505239664393,0.5954737117381351,0.5314829287947005,0.5266790463871787,0.516914922220255,0.504738900685699,0.5524335907060424,0.5781381211835195,0.4881960850339623,0.5604609862668366,0.5212287109712794,0.5822503643205502,0.5142695168159054,0.5412554534512866,0.5972447942571217,0.5241509807446268,0.5276673294345479,0.5781395519790199,0.4979556465802657,0.5476022618827849,0.4932407408954693,0.5023748815517786,0.5202408436394641,0.5120998547105825,0.45531117759287676,0.5638938500577795,0.5200025371177674,0.5380133244240636,0.5128237503655462,0.47180994903421947,0.476487111327939,0.5239463197182894,0.5233185466072869,0.5804381188451048,0.4823606135675908,0.5362980179389037,0.5705343387113414,0.48532643340471826,0.5560935005634149,0.5504777795322252,0.5292308586971924,0.5456383716243342,0.5888572725559872,0.4238678748201505,0.5326677014785666,0.5009589149994174,0.5145523088709008,0.45740744343230566,0.5894369249820862,0.5711053254405939,0.5103841773610496,0.5614750706237989,0.47661261168536784,0.4821045764014583,0.4814664110906036,0.5352474767440156,0.499931604127549,0.704536928229474
0.6582660801230491,0.6043368976322989,0.5860593707263003,0.47288725269453524,0.553924113120854,0.0,0.5024406258263172,0.6514199416848585,0.5702501664817358,0.5493436171537165,0.49346871890638416,0.6134103032646011,0.570477238258951,0.45131246003172776,0.5112099017972114,0.5826191321689783,0.5459317926734665,0.5195129470665822,0.5563937246217889,0.6444347143643152,0.587832761961197,0.5537619030229063,0.4675094020138755,0.4772838275822161,0.5955599350624252,0.4508715827092375,0.4077498534450071,0.48603512979487973,0.4514150904744422,0.46675406293853,0.6237532335305923,0.6160445303276197,0.4826487077274209,0.5207940858589539,0.5634510106075198,0.49009734290847257,0.5473511300528019,0.4927916061834447,0.5356328822602445,0.45099279756745286,0.4815657770617928,0.5955263546768043,0.5082698858556478,0.5156975303544159,0.557916585356923,0.5600541339861479,0.5608196290925532,0.5026506703275998,0.5071068358551275,0.5313254991751083,0.532183377449754,0.5842867615979767,0.48060986976558917,0.49116909057499164,0.44922221115223093,0.5414879791364179,0.5516742404369509,0.6592084736365623,0.4852909513899882,0.5441691822799497,0.5379833635904633,0.46859662997883855,0.49259920703458276,0.44602135590822783,0.4981443025568415,0.48984654387827026,0.5161901007014508,0.5364403391452568,0.44168553373369385,0.571226540487849,0.6245217400669639,0.4428684005346975,0.48005122132908584,0.5557240682840818,0.5743054075377358,0.49716722703650224,0.4982402479121562,0.5028424518490854,0.490450187054862,0.45824358096535317,0.5225265095609682,0.657127401722588,0.5250012692027956,0.4772421421426959,0.48547059919846597,0.6197771657861167,0.5842288858620067,0.4920922701881342,0.5719614959989568,0.47840360998790815,0.5429648506583148,0.6548878544666252,0.4897736000180306,0.4987524841108643,0.4844461491083954,0.532815853501289,0.46417106173563155,0.6214992628540489,0.442645072486968,0.5683026336021664,0.4319202123509482,0.5219349894330865,0.45492585199556046,0.537379594674824,0.502112286427644,0.6009834440664635,0.5059972382366761,0.5630740380623749,0.5003557769451782,0.592132967659875,0.5395156137933453,0.4721822363405625,0.5695811859704415,0.499742760251506,0.4660365349595163,0.5527196579810485,0.582423260108646,0.5086293692245611,0.4828728584062525,0.49600388973438037,0.5079616451381982,0.48537559765837957,0.5695278386917789,0.586176351476088,0.4897355775935562,0.5159551902831294,0.5331156569911817,0.5320158819463916,0.5104329502917369,0.4473653778699504,0.4987234160476597,0.5977205602575262,0.4644313871588117,0.5655797670651456,0.5403560547814436,0.46126107021186746,0.5102061552177247,0.45431984371341755,0.44095991983041105,0.5726808721678557,0.4366266765186538,0.5221446269875374,0.6612234338218134,0.47744483105989866,0.5020841669265492,0.5619204835288345,0.6475289458460205,0.5247770277650161,0.608406681262692,0.4211087564161052,0.5564168787504155,0.4819100403913129,0.49840066605191485,0.45294032825869446,0.606787104684079,0.5828650800955653,0.4745812511100295,0.5760479944722207,0.4118035205868715,0.44427488669392823,0.4406621042828412,0.5368249400731735,0.48443513777497027,0.5830235450885565
0.5634717189198024,0.5860746209086783,0.5257370799230564,0.5273927885591786,0.5528869317155424,0.5024406258263172,0.0,0.573649277826728,0.4605221323960033,0.6440076786892677,0.5206906618681698,0.5644049457211706,0.6303312596003154,0.460498114231852,0.6856874695967589,0.5502537987237622,0.4916928048812082,0.5456018615378574,0.4645720860206095,0.5168301336020186,0.4929148277385573,0.5371255603155097,0.6407153646401862,0.5902674034902687,0.6009957020719041,0.5103223958598007,0.5100346935631619,0.49516390923732173,0.5247932656802641,0.43896606802349974,0.5884278943603808,0.5229199206397986,0.5639652350706887,0.5351523183602506,0.5227183551853458,0.45026472573964904,0.6672631026095271,0.46026771528408555,0.5446311166599379,0.5883214387257726,0.48769788661584323,0.47063144699178777,0.49224449777413326,0.5038050602208856,0.6189721356737841,0.6049786404628896,0.49699290592025464,0.5172561539326641,0.6542710179839919,0.4565703754039084,0.5100035039704349,0.4738073237245531,0.42053869759665513,0.4764237348325867,0.4796422670028588,0.47051186936239975,0.4884263827167448,0.5139071939706625,0.5090894820347417,0.529344736810202,0.5099023861648092,0.4016585340616803,0.4163707985554692,0.4097053359803188,0.43203999178662317,0.43982408805933965,0.6190028182067991,0.5772679779209001,0.435899572900419,0.5598820431750199,0.5417902103026091,0.45439197364205275,0.4113583709292802,0.5701015110571178,0.45726348077146517,0.5103124606266789,0.5704710850870597,0.6452001175071235,0.4845782316166709,0.4488069314395734,0.44644857074032296,0.5046788861647682,0.5545767534009629,0.45233291026437866,0.42608735718243584,0.5511097766423008,0.5036438252553372,0.4887336993967276,0.58527159242266,0.4858655006534552,0.5067643385836577,0.5347857076966386,0.4934120451696188,0.4582604163789414,0.4533704420285375,0.57645132801551,0.3796929635241521,0.49586637129439715,0.3892495815292524,0.602232930420359,0.4706581253135306,0.5130615649724307,0.4424365618315647,0.5450109066641771,0.42809416323433386,0.5704736456619087,0.4520444124756497,0.5416314245846789,0.5980943306235968,0.6067280908041919,0.5236886737378192,0.43299958048487847,0.4901715805874532,0.47196238250823996,0.4615532868008805,0.5509042946631085,0.4919839237045321,0.5618343315067498,0.43738248054767714,0.45233835116652865,0.4981493028013312,0.46827241591719865,0.46035068401198576,0.6802519026481744,0.42952181508350334,0.6448664171293941,0.42974692452746555,0.6000388214334053,0.4769076481109058,0.505118912914803,0.4243165460620272,0.44493910570867273,0.4965384564278671,0.4580803645391043,0.49683146097370845,0.4333334359542346,0.5257539941146766,0.5614052479050479,0.5489033475703021,0.580680592202179,0.4856594748848056,0.4484167416373645,0.5648743480638824,0.4090937968967287,0.516711547618399,0.5343851935186954,0.5077197757975939,0.6059082865193054,0.5408131540579315,0.3540341312945604,0.5221196790605535,0.46218575320873356,0.4532738710477582,0.5246338918887257,0.5853884887200598,0.6513263854473524,0.6353623426652416,0.6464771357755714,0.5007294698620045,0.45464565813678753,0.47240654352563766,0.4762854798254667,0.457176947726856,0.5585298083155228
0.6728520210611346,0.7235526247396207,0.6390245398519077,0.48946970862805267,0.5599643842042579,0.6514199416848585,0.573649277826728,0.0,0.5999377694998663,0.67385366174045,0.4973351187669081,0.6531041487545051,0.6609834629232597,0.45942178098333175,0.6013680382314542,0.5838596832705368,0.5248562151941559,0.5607049208928496,0.49485882296890993,0.6267965445677226,0.5354136310205062,0.6075303138279585,0.5467669472309535,0.5477832147293794,0.6636066255553621,0.47889478749119796,0.47637643730017615,0.49958482433394685,0.47329199006954853,0.48311674715875164,0.6699303090876535,0.5501825123142257,0.5301545905204855,0.5350960262652568,0.5633687226146531,0.4683760824936872,0.6218569966221783,0.48450086427732025,0.5126265350749527,0.5082274560644284,0.4900130558007405,0.5950462811544383,0.49367213161282125,0.4898760568210112,0.6876740920704005,0.612379815499009,0.6034867092874944,0.49036216964109647,0.5455758712630457,0.48777428113691695,0.49557415243908515,0.5363718341806207,0.4378853004735991,0.471604442836257,0.4373949014035275,0.5890216047019007,0.5056972824286237,0.6071237597678053,0.4858982634019487,0.5380196713061618,0.5194958485297828,0.42359307646292854,0.4459427942447978,0.4312775002595813,0.4495798377406534,0.4525575947569933,0.5633951345544751,0.5972265386662542,0.455496810100143,0.6264782719066374,0.6016362251942565,0.4408538118344294,0.4393661967709674,0.5611301356924184,0.525951279595669,0.4876538881316913,0.4921959239000803,0.5479986636189138,0.5004610513824601,0.42407950076513995,0.47516360469481034,0.5911660709512028,0.6128575554129362,0.47750072673024774,0.44303664879064125,0.7772646557186014,0.5505724747914315,0.4758850984136401,0.6137826898305048,0.5584630632105292,0.5300083707745062,0.6220892791146402,0.46819876001748173,0.45505420049064604,0.4583381563779227,0.6203171650949509,0.41152400801636696,0.6390072140997388,0.4088255199710779,0.6180875948491742,0.43156056323328507,0.49651160409750006,0.4399941475735241,0.611272963546386,0.4592092646391198,0.6770611711632951,0.46522289928433463,0.6751687360989399,0.5518117523766947,0.6698208643796991,0.5030842017065782,0.44477424159725487,0.5205832359310766,0.4870831652879147,0.4625972262789675,0.6584443966946727,0.5345992686495383,0.5115738923669212,0.45404211087684265,0.49403739078851433,0.4932262779470386,0.47883949419156246,0.5193187419657734,0.6089926330737984,0.4484043690935235,0.5595083950568479,0.4702478190753365,0.6234827950468,0.5008083628401279,0.47852621626933395,0.533212791655028,0.5086911164440414,0.46458315779404524,0.5066487426323876,0.52080346878388,0.4335104524734377,0.5893613233512129,0.5043299576844351,0.518467650467938,0.5703343611520848,0.45411186015336413,0.47399255412381097,0.6251386926250462,0.4341268753699838,0.4995048954264539,0.6196368771185288,0.6882077560371035,0.5543683347038814,0.6730951454200461,0.38768643550407117,0.5284510481374372,0.4547593342508205,0.47845606146876446,0.5571451542784048,0.6484463216003252,0.6707277206419116,0.5324071893180577,0.6940552766065959,0.4350934107857182,0.418934387244488,0.45761071906770734,0.4985914221767983,0.46724151082598187,0.5789795513463691
0.5572058179690129,0.5373910988063422,0.5161607050511768,0.3899160436724545,0.49513787524337705,0.5702501664817358,0.4605221323960033,0.5999377694998663,0.0,0.557144582755189,0.4223391191656838,0.5504978476375659,0.5015621029758913,0.3945935244612151,0.45273287763499137,0.4869227665053446,0.4385460608874669,0.46763394245351375,0.4268842760566828,0.49682023105986667,0.4354073664275117,0.5082988662215207,0.4593788254492368,0.42240213647395514,0.557386621398242,0.3841084978894648,0.4308995934414389,0.42584783549798055,0.39506068691726715,0.5817556150578842,0.5423024611955809,0.47541093012251134,0.4059117934278247,0.4298894096988293,0.46051818458030974,0.3886081106277885,0.502769277059028,0.41823674168517944,0.40899918609265035,0.39564354525478007,0.3850628472708191,0.7123867316772184,0.4138401983708478,0.40205691179140685,0.4808114203512867,0.449650401339246,0.5472649656954529,0.40233055569670223,0.44478964480436106,0.4063931153911685,0.4050655682446866,0.42832796531328415,0.37449613488847483,0.3796753480401767,0.3648002551973576,0.649598656637541,0.41667791143267857,0.547185836630964,0.3974915139508872,0.4220022943093562,0.4111009468102691,0.37668047406794475,0.38350977813326675,0.3778858880270801,0.38362340871536543,0.3753897927644448,0.43077483586629073,0.514824196981728,0.4139346860071154,0.5440192134020698,0.4760308830500504,0.3744957283207594,0.39145839496889573,0.4363555278380527,0.4577125700887482,0.4182034525803113,0.4007443725084227,0.45408584937010804,0.3966641022582851,0.3735090074181219,0.40897224195389753,0.4895077510711207,0.5932253258168296,0.3996634364051649,0.38463102998468446,0.5516443236826026,0.48505786271285484,0.41191763146565424,0.4947451511039352,0.5284708328086918,0.4626257948098433,0.5244826231132313,0.3951044933976166,0.3784237746473955,0.3922665577957338,0.5409745807753705,0.3559913216615565,0.5296991280046399,0.3745189140102787,0.4522098709478975,0.3648855226984996,0.41243179826805915,0.3793278007464374,0.5035335711677628,0.3978035234815873,0.4947614943590551,0.38127363662866126,0.5777966598191695,0.4178715181492146,0.5092712648590156,0.4117220108070217,0.3848321886728555,0.4348044863574054,0.4445086313720106,0.376677785892942,0.5288743867755064,0.45144372105214486,0.4469743560020165,0.380581647307461,0.45452773401631075,0.40953321016049266,0.41257723502002924,0.4357163292620528,0.4699587877434067,0.4026663967510052,0.4327025674185832,0.4076822478446665,0.4910622084394797,0.4012838038557184,0.3891990639399529,0.7283682423258769,0.44939974390933735,0.3966092714065287,0.43833599995725636,0.4131955192763594,0.36915871255181354,0.5225679391358014,0.3959438922700953,0.406792101769064,0.4664023761759082,0.37586477174265726,0.4271153965227143,0.49167196633932553,0.38699874722462946,0.41409957185930446,0.535443599783908,0.6199532817008825,0.4412509076793046,0.5583991125086981,0.3632369147123606,0.4310745608162749,0.39597259674670854,0.4132892177629487,0.4849250703109614,0.5003652099413919,0.5064249440709381,0.43337054506417344,0.5426147829335148,0.3595453597410931,0.3684957992254668,0.3808664837861839,0.4414829294718689,0.4140817961137233,0.481772858820932
0.6455960059267827,0.6167542300200115,0.5788561664979581,0.47653249649834084,0.5822281077091742,0.5493436171537165,0.6440076786892677,0.67385366174045,0.557144582755189,0.0,0.5020089136762924,0.5671265068160255,0.6830609166635551,0.47189668690034897,0.6206176315504313,0.5869428297377766,0.4995119365147447,0.6014031038068423,0.4503778475173614,0.5519619720774072,0.4843204223161883,0.561033611069298,0.6152784457743723,0.5170028274449592,0.7032761744563697,0.4917702077097802,0.5313929773013119,0.4884201071411582,0.5135600961696017,0.5027868247432771,0.6425661417304787,0.5400437480056783,0.5218671828820559,0.4997722921972242,0.5499923157499997,0.4466496530204795,0.7264420100253259,0.48914134459940833,0.4834968411431646,0.5224988851466245,0.47026179155559095,0.5417709405315061,0.5053052420878202,0.48578303201933304,0.6256403435645801,0.5936959700020692,0.6024080629452314,0.49869701470557554,0.6019453823040919,0.4589046021314902,0.4801216656332086,0.4798702422187136,0.41675270213255255,0.43760635046175167,0.4431132347308456,0.5567926530275916,0.4759175726696929,0.5646135043463795,0.49199627962969406,0.5055759754074457,0.4806843474487728,0.4137553444042773,0.4250300828028681,0.4243296325769376,0.427609402696074,0.430983926158405,0.5584035123070838,0.6889008939317405,0.4829446224832478,0.6738575068859259,0.5682905524871177,0.4574043309961599,0.41901498037405993,0.5347144015293325,0.4855905137281555,0.5191476081822466,0.49427521769004684,0.6257222388352707,0.4921116148727718,0.4396285284774311,0.4673840133859536,0.5151532055681184,0.6584601723001162,0.479339170876079,0.4266647022007509,0.6452600053694787,0.5409498254867872,0.49792684058641773,0.6449525214050362,0.5222126915441525,0.5366037274743608,0.5676572845120618,0.4767297194214392,0.43286244368755483,0.4495710892792256,0.693896269334889,0.3752874221531704,0.5575471901868102,0.4031045438599279,0.574693643036849,0.44982889161267925,0.49009438917553017,0.4429588356155305,0.6537595736191484,0.4411995933155057,0.6279890750125515,0.43627417916447236,0.6633760521508264,0.5698243882929893,0.5913791764105358,0.47185962136717385,0.4352400531676337,0.4963139004604293,0.5020642931460743,0.45989828080711165,0.5966238547894434,0.5188841574044559,0.5589543488360554,0.4326708212397467,0.5015462923306593,0.49140609773534877,0.4905074790865506,0.47619714752420994,0.6260486186749387,0.4451265032578859,0.6034310846388125,0.4344417465221075,0.5935752108272991,0.4763879814471405,0.511832818462191,0.5192594269146166,0.466116095611724,0.48679972925965237,0.463379004962241,0.4733650966788928,0.4350126680822128,0.6164420680194791,0.5334414039958185,0.5432220774538419,0.5866062417611515,0.48503951938038486,0.46909817679604515,0.5541161366508814,0.41491264877872414,0.5128785564225055,0.620238832470518,0.5680034501272304,0.6072623489537643,0.6697119696053845,0.3713890163817378,0.5044516669444249,0.4717672182320151,0.4397933940895527,0.5669436884797446,0.6209497971115739,0.6778012344764326,0.5438883853738705,0.7060230127393823,0.46170327968523645,0.4331339138232702,0.4904139122808356,0.5056607264813316,0.4770520943783615,0.5600937374933496
0.5773582437372422,0.4946033193758072,0.5511770076840756,0.6256664896420787,0.6266442760095683,0.49346871890638416,0.5206906618681698,0.4973351187669081,0.4223391191656838,0.5020089136762924,0.0,0.4655788318821706,0.5921883000422052,0.565336593983054,0.5002955622406768,0.6621360887768802,0.7119842443320845,0.6330063352672128,0.5167137840502422,0.5766704502633746,0.5677574781927337,0.5556298642763094,0.5290826982887893,0.468990678563928,0.5159820878743482,0.5247376425697894,0.4846336915854824,0.6528631490628365,0.5930736452602144,0.40178729027708304,0.46829377216182994,0.5616778963100634,0.5244141927731201,0.48360387551089445,0.6262116524096423,0.5448814981221355,0.5257886295052416,0.5910633959658428,0.5515725365542458,0.5640845687576671,0.5416744933686459,0.4581195671650299,0.534755190138245,0.5519775160237669,0.507443127725379,0.5213254727825825,0.4194205057155973,0.5869620733516018,0.6168785063455066,0.5878585643608853,0.5951125361402536,0.5436468551904039,0.5121159626822588,0.5477968430685461,0.5797201510881642,0.38847432197760207,0.6077181112421439,0.5906570583769966,0.6180370683586744,0.5934057734494466,0.585528343316795,0.4504862009995807,0.5315766710873397,0.5193777641016952,0.494115786254865,0.49178555262396806,0.5555410674971261,0.4648487612660163,0.5684833635473722,0.5815939408991497,0.5345453446164263,0.5244089428928295,0.5549502732786303,0.6676836383131347,0.617458523120675,0.46912200528698733,0.6444634386745407,0.5381343865836065,0.5018737217533312,0.47437013144422846,0.4903209948320737,0.5168912296025153,0.4213342357584917,0.5446031034335869,0.527795417433862,0.5123522982616395,0.5310897372216038,0.5494840182444387,0.5071430751828878,0.373522650691375,0.6830288183566355,0.46993796667302007,0.6449839223316034,0.5194933962866397,0.5848060988945769,0.4422789877340725,0.4271195547821638,0.4532981965972358,0.45727431494590065,0.5380368712726863,0.49759095257002367,0.5431120546187775,0.48348269721132975,0.4696281332168847,0.5360127690832146,0.5112523828662526,0.5218640850782742,0.5180478512444179,0.5279513501475449,0.4735199879067419,0.5557473660293166,0.5385751186066614,0.5722038964420104,0.5965706752906003,0.5398629880562279,0.5171670000379532,0.5264669070427637,0.595246040327125,0.5760364340118445,0.5163354054287542,0.6451096317944972,0.5114877025277322,0.5355122964748604,0.5372843440455485,0.5120482801648899,0.5323238786924458,0.5180163893522017,0.44985755805678385,0.5635602479034606,0.5160541588403524,0.39011068731627696,0.5512015857719329,0.5845387964159002,0.5625275332509792,0.5441791967866859,0.48810464736313464,0.4156849046086864,0.5398110342476715,0.5491104261535158,0.5515548232621801,0.5071036331687271,0.5409540268364462,0.5705197142677655,0.5174638683432795,0.5479196297703169,0.472412115237013,0.44315403741542536,0.5085878823672101,0.5075382698531321,0.443161468627462,0.5658562667035054,0.5307610998766971,0.621694247454222,0.3982658835852211,0.5220673967375802,0.5110060283800638,0.5434230821128148,0.47206373857606465,0.5498218819324073,0.5487517912722242,0.47528128064531233,0.5320814723034993,0.47096812583161163,0.720493726908983
0.5851148015547505,0.611428240236655,0.5347390087653653,0.45015677151269534,0.5165280261944092,0.6134103032646011,0.5644049457211706,0.6531041487545051,0.5504978476375659,0.5671265068160255,0.4655788318821706,0.0,0.5507434972900604,0.4013361262706278,0.5326709046094273,0.5311932540514697,0.4830153499516603,0.47703442165274196,0.5199748065335664,0.5672456312230523,0.5150426238481794,0.5282559982015668,0.5364603090714815,0.5499034090741888,0.623195511354733,0.4347347889217777,0.4296268820145782,0.47693124261608993,0.42302969068779434,0.4949208377890756,0.6314141638867266,0.5312429649565457,0.46203510962885996,0.5849843170743679,0.49386533775180197,0.4271184748483772,0.562503178325719,0.4265409214575877,0.5105847794298742,0.45887915181997263,0.43596037623186024,0.5823950411108424,0.45778997320954185,0.46096728329233266,0.592438099467481,0.5444235747808178,0.5366056336065955,0.4601439321335903,0.5225791774905726,0.44534296433544696,0.4707335928429287,0.48975198178085555,0.40137434690267426,0.4484682217645627,0.4157446778267926,0.560663838407528,0.481668408564821,0.5700151549533835,0.43902463849567686,0.4916287938717922,0.477335711608034,0.3897386008187728,0.40933142290771735,0.39058161791266094,0.42200283630645574,0.425311020739845,0.5049057534214515,0.5145952345472844,0.395844291689597,0.5275540193001836,0.521533671596392,0.39738516454696227,0.40855052756459853,0.5132710270654174,0.4680284388411902,0.4604205358876229,0.4816323990636711,0.506572753891553,0.4492733696770549,0.41042973909856173,0.43027264582365354,0.5473605937473631,0.5712575763426808,0.41373452163801744,0.420269429895249,0.5839807880816744,0.5114603752492661,0.43551547466545343,0.5474797588587051,0.5503597260479145,0.4747741971134381,0.5855588393672203,0.43557955166680334,0.44327928037923137,0.41715716092190835,0.5465838192940463,0.39063902074980095,0.5874998261570679,0.37990032357630144,0.5466599589911635,0.40000239880662714,0.4814522065160075,0.4140769814989249,0.5279995555571364,0.4179667702912079,0.5753022416342087,0.44266483222484304,0.5866003904308188,0.4821251458930465,0.7174091275708661,0.5258348793210833,0.41502592823836465,0.4732487087297422,0.44210462918909904,0.4137283553921658,0.5712235039169554,0.4995632614036528,0.5009483777948524,0.4225752181069665,0.4312246322169786,0.44846363022506924,0.4252627936710002,0.4908428767673991,0.5766782815112879,0.4123591083220306,0.5070518478519382,0.43558804068016754,0.5957453878788889,0.4552469437100724,0.4127923879177694,0.493744800692667,0.4698628136752709,0.426355088423238,0.468195909028677,0.4954876793575182,0.3938939044016012,0.565499377150917,0.4436064894745092,0.4528530522852534,0.533105898003424,0.3972732703891473,0.4386159414990508,0.5757240421388085,0.40226606424421035,0.46010108654715176,0.5743697791428624,0.6312902372569462,0.48808760195929324,0.5762539101347632,0.3640244055245588,0.5107364536964223,0.41493226068258576,0.4632106137951621,0.5076230152072644,0.5963983262764609,0.5866623976173866,0.5246177709936871,0.6474188731550079,0.39330538661535686,0.40602230700570646,0.3978833841755663,0.4587989019936732,0.4300882569652037,0.5355086858416145
