0,1,2,3,4,5,6,7,8,9,10,11,12,13,14,15,16,17,18,19,20,21,22,23,24,25,26,27,28,29,30,31,32,33,34,35,36,37,38,39,40,41,42,43,44,45,46,47,48,49,50,51,52,53,54,55,56,57,58,59,60,61,62,63,64,65,66,67,68,69,70,71,72,73,74,75,76,77,78,79,80,81,82,83,84,85,86,87,88,89,90,91,92,93,94,95,96,97,98,99,100,101,102,103,104,105,106,107,108,109,110,111,112,113,114,115,116,117,118,119,120,121,122,123,124,125,126,127,128,129,130,131,132,133,134,135,136,137,138,139,140,141,142,143,144,145,146,147,148,149,150,151,152,153,154,155,156,157,158,159,160,161,162,163
0.0,0.2865474563525781,0.24406750241346153,0.23598862225347725,0.2318916473382711,0.2422565545975962,0.24037574922318733,0.26435186653792586,0.3259334838463769,0.24679063080494046,0.3006837171251004,0.23276288825481994,0.3420355129706113,0.2821069971490878,0.2612956678623476,0.26167921776836217,0.2857065889047639,0.4350646320645849,0.2771332636547064,0.3716336828958173,0.3012890182461755,0.29837785225785857,0.27778253727988084,0.28303782095350494,0.32235843263345365,0.24910345102493667,0.2363124669783433,0.2782852531695684,0.22297924993489038,0.24398887657157844,0.275051144778352,0.29800917018912204,0.23657242450137714,0.24908566092289464,0.3690104256647285,0.2920896266187024,0.34710553454414556,0.3428891595320635,0.21429488506691097,0.32529916352222105,0.25919959392148056,0.3046635601670763,0.30499192832301236,0.28145779618689115,0.285534588593113,0.3063484989774397,0.24967523172872197,0.2721445449941286,0.36931137946550147,0.3535182731698731,0.3171770948985267,0.29594887224596517,0.26921657451609227,0.2579375098656964,0.27257859548073166,0.31502874486350985,0.40066900838999314,0.24107685412480043,0.2708053970790791,0.3209642369082819,0.25616004952955534,0.24502046080373444,0.31960416238097156,0.25002969979490586,0.3012536886475372,0.31935273863515906,0.27717193827954073,0.2925306832694249,0.2593571918847087,0.30584693430546644,0.38824247047493116,0.3193952084828548,0.3274440422938863,0.2992984544528142,0.2883003545203973,0.32145187870013076,0.2238597296040823,0.2294958802604239,0.2781307841766553,0.2108581928486334,0.2673959056304357,0.3474287836452415,0.2695850208694366,0.30214762580956106,0.3308350266213118,0.35108507975654,0.29390874380245535,0.2978703458776736,0.296905123426771,0.27680637262184293,0.32737292001657553,0.25734900150343365,0.3216587141653911,0.3576985778573687,0.32999381209213857,0.24694557413624935,0.223944906356066,0.24441630220588942,0.27310020311744904,0.29762331405872017,0.2737550626639301,0.2319736409817818,0.24151464335923442,0.20876705390735364,0.38155671579696243,0.26968885397685377,0.25676858366193644,0.27677178505332695,0.2895061569932856,0.27016562230792884,0.2732675587331111,0.3691206150704908,0.3068699154767117,0.23357828417484136,0.34288125697904076,0.3072809872256503,0.29169932964869727,0.2855835235193522,0.2327059508609157,0.2600137162123618,0.28158910191582354,0.22901660962895015,0.33156898200262447,0.30172615549958665,0.29041567896717707,0.2322682935394685,0.23495188815766446,0.22524949062321364,0.24812168270058543,0.33468963141228697,0.2517146136044465,0.25063941452507665,0.24900260268605195,0.31856749179212934,0.27821035660341353,0.26468294809701487,0.28078219218776185,0.32933728813638286,0.27749926846452355,0.2928998698286044,0.23001098875252846,0.28459477867860494,0.3161372226823184,0.2770039534885928,0.31211631226115577,0.28295994121066365,0.28018335146558493,0.21016197910292042,0.2999067777164867,0.1883644213881124,0.36616551209750775,0.25224708941808605,0.3081549566676812,0.20805841428626473,0.25640584978029207,0.32043297703169454,0.2875260866891502,0.24534164464959268,0.2758639460731027,0.3112028014894927,0.2494338013153334,0.35670586238205393,0.21499489771246041,0.4003077205180218
0.2865474563525781,0.0,0.27209295593456007,0.27143784838579793,0.20610447815514985,0.3239405718625124,0.2620392919246234,0.32985909680205944,0.26015180430449064,0.36253679173489173,0.3091394534741487,0.30269458946699074,0.2747520369576719,0.2943333271589721,0.2820780514514536,0.25903378929093845,0.2644596284623849,0.27165419512190253,0.346060561140198,0.26993632038766396,0.30525122873282656,0.3397027844194954,0.27466852212725035,0.2712584302062553,0.37003458952241314,0.21915658361068385,0.22479084516614542,0.26861325201461295,0.37207714727440644,0.2306866710425964,0.3172706434634543,0.30996398183713747,0.30809609595693854,0.2450558634695462,0.2772426663127164,0.31894654528701477,0.2874570170650144,0.30484687281444967,0.2707939277080085,0.2981222441265685,0.31107387112589674,0.29158181754284884,0.22731197346852755,0.2568676045909203,0.3064147058183927,0.24786530316693112,0.2330794885666641,0.24976025316467645,0.3165477957362562,0.25615686409041805,0.2977460274006644,0.26197559745015825,0.29705083683964434,0.37261451308278043,0.34216358776375444,0.3356031110311,0.30129616868444986,0.2591927646108218,0.2915534302926378,0.3069909606809157,0.32627895653276534,0.22077754709684577,0.2679231981254842,0.2224970530085463,0.24167633561765087,0.24561475453594292,0.25516726484237245,0.2527014970794548,0.23272781000123585,0.32130905463639753,0.2801113248514502,0.26760648164155293,0.2341061312923249,0.29643744423498986,0.3046003206846515,0.27692190205352996,0.23768776694053836,0.2890258458751245,0.24839897777227027,0.21237753080936517,0.29030580197904016,0.28755715467477344,0.3451582600858624,0.2847993843163725,0.2724933503573678,0.3731298123670697,0.27095003671553436,0.241018246647634,0.2621711259903937,0.2993807143096244,0.23905459018716418,0.26466500897399625,0.32223418605043325,0.30393160746062614,0.3118597998119662,0.34091568430698443,0.2686985880416675,0.26929298525415096,0.23399036320730193,0.2723906495276829,0.2869205369805794,0.23868307828348828,0.2032745452983396,0.26099437171271045,0.27905399430691213,0.2282810229306038,0.2398159870410592,0.3161614519534469,0.27529084515231655,0.30464727420640664,0.28406213168323985,0.25552484009040216,0.2775234551792653,0.23642378415619061,0.3077529172791752,0.2965317399706069,0.30860560678866417,0.243627624841058,0.2604283679567881,0.254818852416844,0.23476623664422772,0.25289820588075074,0.26954405363346357,0.3449539131467952,0.25956969271828073,0.3576857973523793,0.23478190244538882,0.2682338670113998,0.34010040547218257,0.27760796498712725,0.28502784138422216,0.262870102244051,0.24018198626315598,0.3126053668792822,0.2846575483119974,0.2420252057661872,0.25255165773319527,0.27488671753674676,0.27908313299094084,0.2771682894267992,0.2785959991606108,0.3173085046378426,0.3377215535684028,0.2874859134659196,0.3200271389532445,0.2270259749445481,0.2967723982838254,0.26072465465463535,0.3733439354786753,0.21625478085652378,0.2728185780131983,0.3546044967089831,0.2572018278530913,0.2571455470535562,0.2932494208447553,0.301694164882194,0.28425472300721105,0.28462691203059826,0.2621779378888168,0.26832252522556016,0.29220111609487504,0.33879716063261933,0.23600868729018173,0.2730753456503517
0.24406750241346153,0.27209295593456007,0.0,0.22601187841654063,0.22823786460866938,0.2749117574197156,0.21166545726533048,0.2751376255984958,0.2093926407403488,0.3407399681192855,0.3078111266819652,0.26025294896970536,0.30983874941460965,0.22409363025726203,0.21543539516063837,0.3935960815176405,0.338194344084083,0.2559908881431216,0.22906013082817775,0.20669551861928798,0.32311571394680694,0.34216533276386646,0.22340840029165104,0.24666187535566855,0.2621482002882059,0.2504489669856025,0.22871695310083281,0.2464963895051665,0.25955361892816653,0.2624433927717369,0.2064835529069491,0.32088309860599346,0.20342563573304628,0.21120875890238067,0.20232578838556015,0.24064972055628556,0.26754012592233706,0.2494558595234337,0.22018477967716937,0.28122709063824425,0.21610433598734904,0.2984915033477559,0.24100034852187505,0.22703062932557658,0.2552081742014733,0.2357524445890026,0.23757874584912284,0.26375585473784807,0.25925227341309914,0.2337858719404243,0.27118857399629237,0.25823485186072753,0.19626326764374552,0.27827958587582113,0.28233727062071096,0.23548554201490257,0.24236906728444857,0.2940765223309681,0.22860207713995245,0.2389543714348992,0.25259668965521187,0.2058410789560384,0.2797507868347041,0.1948933296885797,0.1949426328993426,0.2246382299011874,0.2178708743125806,0.26055938583632116,0.24097702157845952,0.273875920714815,0.25342561642908734,0.20219071722151746,0.23116030252692768,0.3647230699986229,0.2963481422350882,0.1977097239143022,0.2866417970106854,0.2789964721860994,0.19832199850328552,0.20109475727652962,0.24852438339597402,0.22107661061245537,0.28766199805583553,0.2432163947293382,0.23966177044193793,0.26609446583522384,0.2197680371960109,0.20037665535495766,0.23814869588480436,0.20142635559143263,0.26260717352961954,0.18439780850378013,0.2790801173398578,0.20501188991751423,0.24201153402728134,0.2265694963698684,0.1903615503851081,0.21639182926171593,0.18292446507244245,0.24015191098463112,0.18857864168880917,0.2502177263930863,0.17632810101857796,0.20575259975364885,0.23673756395956372,0.27612978739996225,0.25515237424359777,0.25142577605487687,0.24907313392929398,0.2844485467206606,0.2494687319755379,0.21383576073970958,0.2290445405959252,0.2211091861490605,0.22059495871011914,0.3000456036141977,0.21549516647060715,0.28256804194802465,0.26389744974710116,0.21997247792040836,0.2325185353595695,0.19825484616324388,0.20684531172254403,0.2720502302974362,0.1706038193463393,0.2812284897934559,0.21134735172374255,0.2650429742653753,0.2819765423805357,0.22690003457888308,0.24833374862415405,0.3447974226153966,0.19045865760565311,0.19193521881485268,0.22082127389857623,0.18273296265792932,0.2068058553456769,0.213040148005166,0.24010850709318968,0.21962094849304367,0.18211247567089622,0.2689198928523362,0.2370882917639211,0.2364964143071833,0.24839347642931586,0.1828051563122265,0.25379951263181255,0.24501319760027995,0.2932298490005084,0.20028612228154208,0.1936240149245934,0.19886328080274296,0.23592587149338742,0.27351045309100075,0.24630317782044278,0.2200878406626987,0.2536906083375966,0.301890450140822,0.16963489345798638,0.27324773148211906,0.24672062603774467,0.19352846665537077,0.19354889385033472,0.2471743810310962
0.23598862225347725,0.27143784838579793,0.22601187841654063,0.0,0.196140262997805,0.2501033068361718,0.28882906703969535,0.2809969201688521,0.2216493117357379,0.2625412533260997,0.23367049061629686,0.2572592788172156,0.24322540051703861,0.2382939755622586,0.26321219446541183,0.21755853249325688,0.24089564558184146,0.25363076351379615,0.26834516794798147,0.20871000344483856,0.2761015641503146,0.22783196222224852,0.2797423297997688,0.21249724820955193,0.28776194361046414,0.23901198577892624,0.26119014131118795,0.24636500820356103,0.21846814706042433,0.1981176931845037,0.24772911981592136,0.2464681672697256,0.3823332718230334,0.2680260825528192,0.23893248898314798,0.2767082337741559,0.2534320580754913,0.25878500022478684,0.213492367843569,0.29314389774836386,0.264156757070045,0.27266566755665417,0.21539195046545284,0.2505604892630165,0.26166005325138003,0.25932719078229605,0.1930295734047558,0.20127730562775079,0.2665729280093733,0.23264597625818687,0.3040134759318279,0.2839232750987332,0.24275223301883223,0.32314821202927035,0.2755386921629199,0.2735142820202847,0.2606315863354229,0.25998693722323846,0.24354166214317158,0.28250256656465084,0.2704612883804997,0.23133580799142794,0.2729161974169832,0.19334600082446035,0.23712783801450363,0.24980110620573454,0.2844889475903181,0.2185986143522934,0.22052636325214034,0.2782368554410781,0.24302154709670454,0.23306941303647738,0.24312746602131305,0.32287242949875017,0.25427147302878844,0.22602278293428757,0.2681978834074498,0.2659280222380276,0.23325863060745194,0.17787168270267478,0.23299476810218828,0.3124896132549842,0.23458601311471533,0.2421045300638978,0.31452625690211006,0.275138107726345,0.2823023016710557,0.24980583855525432,0.2792651756413353,0.2478832483781914,0.26013388252298747,0.2870564978946267,0.23708498383511584,0.23265267908671322,0.2987236406940453,0.2570889317163789,0.21679054423627936,0.29874061303033095,0.2246708749237732,0.2792607954202777,0.22516024417947153,0.25146268431183344,0.2870512435307313,0.2610920931617983,0.27365276390961535,0.2403738972593984,0.24676746251494913,0.24279506211196936,0.2538688420736778,0.21896127296463114,0.2856650607816793,0.2632716861584693,0.29442516192087603,0.25970136587554804,0.26820976339521,0.2448572245348724,0.27107733427587943,0.19721999641617913,0.25779461271052617,0.28492397610568426,0.21243168772911436,0.3124009644081615,0.23236971526805297,0.2714228316357884,0.2005276573124846,0.24136590016793674,0.24988609278097462,0.2361231865017268,0.27663845345415494,0.26450924900457223,0.23018717586064477,0.24275579187814678,0.2359052461452441,0.255631435722198,0.21757036539291144,0.1873988473782216,0.1726768199752475,0.2572690151047971,0.24391605407832825,0.2485984700792391,0.30217573473188514,0.2366944070814747,0.3199163771450863,0.2683672762572074,0.24228330018502908,0.2414556802765062,0.2515945772224261,0.22239351711234626,0.23289630369062708,0.17832999512730782,0.2576350638093013,0.26642168966512847,0.23316272239010288,0.21728758330206266,0.3033339523115183,0.26341769078452765,0.23748542321117064,0.26658518841361256,0.3055164041520296,0.26907046161708087,0.2651032104654418,0.2433399663582079,0.25163497571199256,0.22905658691873526
0.2318916473382711,0.20610447815514985,0.22823786460866938,0.196140262997805,0.0,0.1815986268894159,0.25276536748347894,0.18415667438789302,0.21186101616866151,0.19698166577707157,0.2492903118606877,0.20586666874133724,0.19536672744362504,0.2017826505640135,0.2512873014319129,0.22021606121932805,0.22774200828379174,0.23482819510565664,0.1924424607424097,0.1908344941499197,0.2430826418964374,0.25234957081712633,0.24693477590230165,0.23473099244782383,0.20241773996588955,0.21112330848437655,0.20795676531833868,0.1840257849297918,0.1900297607023613,0.25474196554543743,0.22466336739014742,0.19527218369843974,0.19174350437402862,0.18357156952481213,0.2527553817151066,0.24492820811290783,0.22666308316467323,0.22265289993958037,0.22403309964163542,0.22361320338000143,0.22536497564485825,0.2606090905872802,0.23348026809669292,0.2505919502725402,0.18663756415939606,0.1913780523399746,0.2423379672741662,0.24272552991084148,0.2509973921220107,0.24387157417489458,0.2546057427825298,0.2081989196822972,0.19875732955902428,0.21454801896432407,0.2290697678143828,0.19748498951327476,0.20890789754769717,0.24781181395085985,0.20046133588800036,0.21255080231426732,0.16562387945708737,0.18374887164243767,0.22146794136943365,0.20789775954684814,0.2150018202104513,0.167719100475822,0.17804165494173915,0.21771949774082455,0.19282916851497414,0.21521351170079864,0.22830043704753353,0.21134172000813295,0.18663083617808446,0.2236814823479941,0.1875398817149328,0.17645933312376832,0.21046902531499567,0.31378203002498584,0.17239735237836942,0.174294060808154,0.19927228033754357,0.23389671300205087,0.24049608585591228,0.1707225272752603,0.20296491558733679,0.2032340013808016,0.18856028337344446,0.20553902197364352,0.18044843260165497,0.18010794114739717,0.31155464312195646,0.219344381405824,0.29218904816871755,0.1770828697903668,0.2237167922420789,0.19245315509743496,0.16148396556042233,0.18279636860887669,0.22006200383804184,0.17802386556686872,0.19502998401351457,0.18421025918730738,0.1892981246220635,0.17116301165057293,0.2136486358474469,0.199164919417232,0.18351667818963158,0.20170658614919781,0.22864406477656685,0.20551597664241877,0.22571369464353436,0.2392745094865353,0.18323542255227837,0.2007465046445212,0.1919262694622081,0.21381334690598672,0.18298508263401658,0.22517187333464,0.18246041413611133,0.20916977453691307,0.2894931158835897,0.18900921821537947,0.17978863782014526,0.24595616422206365,0.1988213309175358,0.18736531901095937,0.18358540924654815,0.22230904132782325,0.18346247083928036,0.221432804967429,0.19461718658546784,0.21296877858807514,0.16012473494810422,0.2139142192111146,0.192555394376002,0.21028317644926647,0.18965960880647562,0.2662131235951116,0.19696409281353083,0.23131095450418654,0.16491498937066187,0.21919081408712132,0.22687638470128768,0.23514831395018493,0.22720024745049522,0.1965156442729564,0.27878571076734704,0.19056905183369957,0.19112239372864845,0.1635566552163623,0.20216986751027372,0.19629345918351634,0.24175607244132669,0.21597684475753004,0.2012411893441189,0.2005847901941633,0.18934651407561895,0.22531436217394862,0.19036406693021085,0.20737567447753671,0.18626438894369782,0.19663912393515987,0.18452211065764118,0.2735146189196655
0.2422565545975962,0.3239405718625124,0.2749117574197156,0.2501033068361718,0.1815986268894159,0.0,0.22469700582251315,0.2743110878806026,0.20854317655920176,0.27072091226110007,0.29911536986560894,0.2926499679477133,0.30847914314714486,0.19934923395228862,0.23709172615283322,0.2859438583627848,0.2700665712850655,0.19826038518928768,0.2797626182842007,0.2204906225555654,0.2843308531891708,0.26819186763665115,0.19248040557621746,0.22660188665972741,0.29416654512067353,0.20965423218367082,0.18914794412840558,0.23809157673655962,0.26716041937810525,0.22066816746563053,0.2400332967350978,0.3160529201957577,0.26410561961779166,0.21220703997085333,0.21324462095733598,0.22831571541117046,0.2722736101107023,0.22524822168089012,0.2212947855114354,0.22670248384459357,0.25188649756682235,0.2665587129514981,0.21650786715815742,0.2753546634685841,0.2197160952586531,0.21134625882922048,0.203808751909013,0.247161813388678,0.21397971783177075,0.21445993702569238,0.2606825418052346,0.29581337362290067,0.20862019028946416,0.3131413460249648,0.2544023827526972,0.3000192854930166,0.24180521303994099,0.3146717076160793,0.19584491164977405,0.21755233615559846,0.329465825270063,0.21614545268886384,0.2929835249388036,0.1677884573055747,0.1892665221372945,0.21357780643826915,0.222184368575017,0.2526379503954257,0.18675559965672994,0.2574426868863992,0.2519446002848434,0.18689617961937427,0.2182152535931527,0.2745479156326504,0.28811060010381384,0.21484346833634752,0.25072318728664705,0.24371468714257633,0.19767432026082488,0.258076429778731,0.34357617499923054,0.22442977357739985,0.28239415145025376,0.2786931073686313,0.22746817156824808,0.2526764285679402,0.2675972410632816,0.19440345224279285,0.24722358168332578,0.230356800993719,0.23277800292313575,0.223819818930884,0.26598183148654264,0.22803087829561763,0.21869964682670928,0.30290063483355467,0.2193815172118148,0.25330676045982464,0.18124288226978902,0.2351800703103993,0.21314510349066612,0.21856583115807146,0.18782148312103605,0.20549095310034873,0.22836178774746638,0.24862441251955036,0.25274506535818186,0.26327143306790374,0.21681238439656914,0.2825458097577111,0.27797810740283474,0.19576920282495794,0.293923832517887,0.22436537505353854,0.22839898090117028,0.28250480815604,0.2586332755777405,0.19874490645717574,0.3317131734169731,0.22945758550829798,0.20218596394179633,0.2458033921029494,0.22999105897238234,0.29639546514750353,0.2130349857985299,0.3056397951353416,0.2222638399142803,0.2319267181266176,0.2687993029228464,0.2017840830451929,0.25136509856069483,0.33309899925128816,0.2255018849825444,0.23225172477274672,0.23145636456783342,0.2053332420551413,0.2322978460376159,0.19855859117920385,0.20063885368014686,0.21501825811976913,0.24110005831892675,0.26199902681650844,0.22758527673061876,0.2237865441064083,0.25586860990160537,0.18831740923368073,0.26996795432783693,0.27136719374636636,0.24588233248681007,0.19812750517449176,0.222020178316157,0.2514581708109216,0.1961009779810661,0.2180916283574433,0.2925138951623195,0.24018902490527505,0.2594952058653551,0.3472541973110528,0.21829565558195635,0.27340929645906276,0.23992375031314433,0.25429786121310893,0.20099191094912322,0.24279272254598072
0.24037574922318733,0.2620392919246234,0.21166545726533048,0.28882906703969535,0.25276536748347894,0.22469700582251315,0.0,0.2094756692318443,0.2148512677577064,0.23115711297008815,0.24311570808951338,0.2863105395364852,0.22905798597086577,0.24794270532020216,0.324533887223115,0.20120168200269833,0.22454494614525258,0.24525804712124447,0.24560512716876937,0.19665423906975932,0.27238309420722384,0.2654393023926592,0.2879619304693885,0.26823088317999405,0.25201942940604055,0.25781108492069094,0.2081844368049827,0.19338485736108804,0.24265264444725176,0.2166315702875541,0.25462564802608245,0.2421233128182041,0.31964648789369454,0.24171014244701505,0.23937499319910663,0.27641396475115,0.2905188207848721,0.23258751289111804,0.2516202688894556,0.3079847701131617,0.3245818071134042,0.26978816369439196,0.2749994372561792,0.3097895805795325,0.2514183176053871,0.24055783116116944,0.27768636991506224,0.23667400673590352,0.3451755318068913,0.24915797133179787,0.35044818011127166,0.25768614548640617,0.2276240715285761,0.3365184976859627,0.31586067885137586,0.2576065636042803,0.24133038517453628,0.24233206503372262,0.2803114522131979,0.24079346916079344,0.20041723836602082,0.22930976401857447,0.238769856797879,0.22785298422440925,0.24400168606487188,0.20481818640889138,0.2573834418467438,0.29479319376443036,0.2189715319534961,0.22241014241759086,0.29738637850092736,0.23457043396719837,0.2122328757514934,0.2934831927786105,0.1884931924083398,0.22156713701123187,0.28806067713888356,0.3100896287988227,0.2092337662075542,0.1870014328029938,0.24393364918918392,0.294298577227799,0.27125664400617644,0.1863476779595561,0.23685014047395422,0.23569432964748005,0.21811730224362166,0.26574511987627214,0.21827520502336026,0.23365522103171973,0.3059445517278936,0.3704783703655311,0.2842165084761315,0.22035801478984854,0.27473417701483993,0.3055255620693347,0.2023554833185707,0.2685808989206116,0.24951581879621865,0.2524048787207317,0.24382437972228202,0.23447166323677165,0.2894964725174034,0.23193241219692853,0.23514723616974903,0.2323596028443955,0.21782678250924062,0.21454054373891637,0.30771263470211657,0.2517893644007329,0.3662259289877236,0.2636653184087222,0.2376140081351205,0.20083163745082544,0.23328943853060505,0.22488645516862785,0.22288593847738788,0.2346443765795353,0.2518893005695449,0.22346633317262238,0.24147368343401004,0.23429003216848457,0.21111932470993544,0.3080378870846453,0.20771415383728234,0.2689308905843674,0.222340113967974,0.27427241661876506,0.2309387432425715,0.27894802838607907,0.19796083664917022,0.20724134513331038,0.18072888759006075,0.2361649995697749,0.20984899316521277,0.23572488823412063,0.2143118433042692,0.30273433976048214,0.23039566365304565,0.2705995170249889,0.2505487881042776,0.2432350272335758,0.2949141713499939,0.2584059776062101,0.2866142786669698,0.2927861812570183,0.28996087847779906,0.24661494811542511,0.21675341482165955,0.16337247047097167,0.23912637793303398,0.2651192242245684,0.2293779335168772,0.28895552623062226,0.29562852124506045,0.2577614359866045,0.22455948901280504,0.2761641726498284,0.2713536212197694,0.26507333824626494,0.24503967285768702,0.23592858043589549,0.23307742728036424,0.25797969620983113
0.26435186653792586,0.32985909680205944,0.2751376255984958,0.2809969201688521,0.18415667438789302,0.2743110878806026,0.2094756692318443,0.0,0.2705520546776139,0.3100735337450539,0.25825888245925616,0.27245489942251405,0.3073161593971317,0.24071507376921403,0.2417109998135039,0.29514749724090955,0.29902146823274495,0.2694118031475069,0.30943748863464526,0.2646691238309845,0.3159515528091536,0.23948167294002687,0.25783040242132854,0.22634577370509237,0.3257560817817587,0.22674109127567366,0.283209835022611,0.30982298855390555,0.22454889280705947,0.24250961607699115,0.3286317536450997,0.3230214927772365,0.2551616660630861,0.26616364487085314,0.25273678275698575,0.30595501493432375,0.28406540325158247,0.34089423252626183,0.24692458771494377,0.28488647748309387,0.26931145868229855,0.26848591037444647,0.2539509584236517,0.22285303016427968,0.34605382119601374,0.27323483476797283,0.21739071223915316,0.2183458041951376,0.28843822596250884,0.25458942698189513,0.2765098298389013,0.24726879873316382,0.2518086735671453,0.2698859233663292,0.2766564899751911,0.29370114748229925,0.29251920115487956,0.3187915143797716,0.2784728194424732,0.29199788986856645,0.4003401147100889,0.22839692164926126,0.2890900940170912,0.23027766556583212,0.2208210826015316,0.2568307537563511,0.26246505099517686,0.22308388222363634,0.2675788839154843,0.43446576560199446,0.2468466734236372,0.26302722625876446,0.25951036551299217,0.3430594239279457,0.39052882373210335,0.2570833547276919,0.278727772329895,0.250477313493002,0.29477413512367806,0.19749103584292915,0.27863626046429146,0.27287546645709276,0.287441793061023,0.36043336142523796,0.3237963224813195,0.38469414311306277,0.3736679256296056,0.25966264955916696,0.3689642431996521,0.2662359553459792,0.23342240398365452,0.23962875892432065,0.2751324523530029,0.2574184868170315,0.29350645310495244,0.24353373217277205,0.281304252285789,0.29642387393038216,0.22149029121144662,0.32399066238884916,0.2488908362646337,0.3232372285815225,0.2246297407083549,0.25254644083967515,0.3290141302511762,0.27695492721807735,0.2979647164725467,0.3201609144084639,0.2626583982670539,0.24957900035677438,0.24455164925834197,0.2649357188424022,0.28287056185698883,0.3054602378258519,0.2927585054184317,0.2959032435474478,0.33223718715685735,0.23041330413997202,0.2342986026605989,0.2751719984361352,0.2205214326364303,0.3569111380176211,0.23950005765266433,0.2790477253968424,0.22359881636895895,0.2648624314595488,0.24609271649395142,0.2788173907465351,0.30148947478179167,0.26155419150724335,0.3441614228301865,0.29929204025147343,0.284012739948705,0.2520860007878627,0.2587301311109115,0.19476552065325228,0.22922682910342537,0.24530979225645516,0.28606011966043476,0.29650835738479603,0.24276669184828048,0.2602876347106047,0.31226140853232404,0.290575656459097,0.2857922831559251,0.22652456321800857,0.28458607022260013,0.27311001012959957,0.3211902629258734,0.2271535084669214,0.29548670244168646,0.30648113952100026,0.25670964010790204,0.23544775614834065,0.3359029712484269,0.2936176981357854,0.2596474967499741,0.29136439040069356,0.21274308257059765,0.2791533265442959,0.29000610205496363,0.28901874734121663,0.2726376165467149,0.24313289773465752
0.3259334838463769,0.26015180430449064,0.2093926407403488,0.2216493117357379,0.21186101616866151,0.20854317655920176,0.2148512677577064,0.2705520546776139,0.0,0.2135469308878788,0.23593897032367636,0.21518288638248395,0.2268517771598401,0.31158106235404626,0.2378715355217864,0.22904157886602936,0.23928185138605462,0.3255846352731554,0.24045356486016436,0.2893765461489605,0.23538857713978908,0.30159465751312425,0.21841929473386065,0.21345868765380888,0.2398246619493159,0.19754364279282588,0.26593962109163694,0.2514910709213864,0.2035292879351708,0.27597058683454995,0.3166507088406896,0.24547369734104618,0.22535798193853007,0.20483017199003098,0.29188156745090205,0.24459324438321423,0.2360802465732781,0.35988063384868735,0.24368032413523932,0.2377859918606641,0.2225135476823832,0.27642626156329436,0.2351919545914373,0.2205861866405995,0.25324728983029277,0.2314377440448391,0.19372529021339838,0.19713379345115697,0.2597367138288365,0.2689342462939121,0.24577626365502628,0.21354998470399697,0.29067897832578266,0.23076783700941056,0.23087537188646623,0.2747382035525035,0.29680423217128105,0.2355952979570966,0.2548973239881778,0.24827681131700804,0.23696687920595327,0.23863669568628273,0.23366227881386425,0.24877046413823925,0.28336673332409035,0.23762320804051906,0.2646184953634621,0.23921126793996517,0.2370614621708667,0.30097447825454987,0.307218854064935,0.3094296080054084,0.28676998083275773,0.24330289392598342,0.29810430866835197,0.26622448335831095,0.2102146401358612,0.20328599199080202,0.24822134488480616,0.19949019211926364,0.22541059538938163,0.3628422076086496,0.28023890533671664,0.24299417052679922,0.2898978802993371,0.32064504892290413,0.2630954393653981,0.30817661604821844,0.2660535352553999,0.3144296146361762,0.27156064900724547,0.28339463548642246,0.2611964772124232,0.26657837669604717,0.3515866126896808,0.2344868560283991,0.28675647027031614,0.22336247484130028,0.33058847550121634,0.23859937977185228,0.30976631745760375,0.20927637149925732,0.22337509539414163,0.19890444458159925,0.3347902096204735,0.2142717035405224,0.20181211540544308,0.23610420929232567,0.22002907213052117,0.19629087179593932,0.2039513794348123,0.3080470796773627,0.2465195321080801,0.3320412031299657,0.2559166327199165,0.2587492955230783,0.25214646013679104,0.23496079425676872,0.16974816795641254,0.29800634542123783,0.2679686432276164,0.25898724102142795,0.2338683239940521,0.2571986592971038,0.3777513946538805,0.20922319981775012,0.242058853259381,0.21602176557523942,0.2001448348849489,0.2770632540875535,0.34293504094517285,0.25856190930114975,0.2761590429483003,0.3773322350156226,0.24290164450084148,0.2348430710269733,0.22409251522418494,0.24678172139393834,0.25856739685594743,0.30416883420015595,0.23265133943704477,0.2623412759135831,0.3165938739186186,0.33335830367439284,0.26259650187014866,0.2301667323760779,0.3251946467470671,0.2175017562142622,0.24530560417942424,0.20096046311511828,0.33043005358512073,0.2698790305213539,0.2796944422992524,0.19191872294559004,0.22514103921166945,0.2998518485832889,0.24224429364333203,0.21491128720774003,0.2725933437546281,0.26056297720208277,0.21093683861160975,0.33022254540289475,0.28814719901537966,0.318202314369567
0.24679063080494046,0.36253679173489173,0.3407399681192855,0.2625412533260997,0.19698166577707157,0.27072091226110007,0.23115711297008815,0.3100735337450539,0.2135469308878788,0.0,0.24157266822229037,0.2414994012403464,0.27634169944839776,0.24884540213164838,0.22542247297924392,0.254097278180973,0.27290187408605654,0.26596796820964924,0.2577131358350575,0.2159233537433008,0.26401785843664144,0.2519733408793712,0.2792477164000419,0.20962464187952407,0.34831199302460764,0.2123785136176454,0.23256436708679465,0.27366105972654686,0.31286815955933717,0.20270379845923764,0.2558690867955306,0.3073696477444508,0.2185976129973149,0.24729335192653995,0.24162507695887928,0.2742780170490474,0.25982430048735783,0.24751633337581438,0.20153530093010802,0.2741080967947832,0.2227124079615453,0.28711184808738816,0.21819298642923088,0.21366774748454004,0.2688366436107888,0.23271742745473054,0.20944214542631812,0.2226615782151753,0.30180682105412737,0.2167615217525075,0.2584650528360248,0.23067881415431093,0.22363256269707696,0.279867353227991,0.3106776327357522,0.2996205918874633,0.2365182110163638,0.2287079033684266,0.2704984706318766,0.25255056936494685,0.29271660211340433,0.21152951815600587,0.23591790544787558,0.20797494220120427,0.21700713517450604,0.22895875117086467,0.236395118232954,0.22506493726767565,0.2408956879769337,0.3030704461103061,0.23101213705516258,0.24776613010708984,0.2249569577681777,0.30209116019384197,0.278910984685084,0.24245253015929596,0.24377824913210358,0.2647451131670446,0.2092958817451496,0.1985730718692657,0.2763415600128447,0.24899079755543957,0.2640283367521408,0.27270094744695766,0.26654080130415064,0.27852709747032867,0.2560651791538816,0.23264952417473223,0.2914305999777211,0.22241635654511996,0.22335309973298806,0.23034920251368018,0.26766974262863863,0.2201564000440143,0.28163449448554456,0.2580856300933539,0.20121853621512542,0.2717863202780749,0.21603174791826524,0.29236838205895976,0.2242308558519562,0.25109126799346154,0.20456195552115305,0.25835747099109335,0.24888033848550442,0.2331256643352813,0.25385080247561453,0.32407997692954704,0.24778762957591538,0.25074903503281804,0.24052571828281005,0.23232659294349522,0.2845498150544061,0.24704383105670577,0.24226785969760473,0.2618344688378293,0.28327636239827186,0.2714889323032902,0.27204255336822075,0.2655546842731156,0.19825947448925468,0.24301185078040072,0.22217023883797063,0.26689921330151517,0.2019192979595679,0.29028561158159794,0.244803617043713,0.2231407479486394,0.34497518901078034,0.25066110002042524,0.29560915987435826,0.25312602020261615,0.2180293082695188,0.21905196505532265,0.22223007164503486,0.19193983318935884,0.20087877751724945,0.24245951459954768,0.2629891909616363,0.23391897362326092,0.22260240983311966,0.27645609085822015,0.2852607934875878,0.2474547454671463,0.25186875492803085,0.21708832048063567,0.2171073633103679,0.26306249706020834,0.3832931868694557,0.21095233936477076,0.21838617961086887,0.2766635560874312,0.21443447103719085,0.25058659171116393,0.2672907149912133,0.24638163772723268,0.22159683772114652,0.28280457926050784,0.2163588647832287,0.29282042328253505,0.3490745673146134,0.25869589342935284,0.2364136154258736,0.21472194221399374
0.3006837171251004,0.3091394534741487,0.3078111266819652,0.23367049061629686,0.2492903118606877,0.29911536986560894,0.24311570808951338,0.25825888245925616,0.23593897032367636,0.24157266822229037,0.0,0.3098535311314104,0.29933409381711285,0.22969607183213736,0.2469135918288035,0.33004509643758856,0.29671237016667823,0.2697357124755757,0.2728625413415068,0.2474027170231624,0.3228132599439454,0.3767144032505534,0.2469893406019283,0.2956241948117436,0.31640745427308253,0.2571241916722411,0.24336077851152946,0.26236044398714004,0.27867475702416955,0.2728082861307933,0.24805107449845476,0.2733629183235027,0.23756209741970885,0.21676561488355808,0.2508442357369436,0.28437298366426894,0.3479101204086527,0.28706318868419894,0.26190648647413217,0.26626894760274705,0.2556744190045708,0.30890636056627346,0.2514064127498252,0.2984086715790731,0.25324122576351665,0.22118398996419675,0.20712101126206903,0.3431355569202131,0.2885096785355344,0.23367877004107485,0.28815613777363586,0.24596664385845166,0.20870917283935195,0.32180113490861867,0.3179694006584521,0.23780623296926134,0.2721633949521501,0.35104105588713047,0.22911801160222597,0.23530644422750285,0.26541405869277424,0.18330979147898965,0.30306646792860603,0.21063016293659442,0.19046737612465095,0.21205617044498923,0.2372211362090568,0.2658653804244106,0.24691347154955162,0.30229357365939663,0.27078649399928256,0.21070666722893974,0.24889743136519632,0.29060689747162816,0.2835902163926172,0.2190034054824398,0.2655901686489324,0.27537471096665017,0.2095897252231502,0.19369789106077462,0.25918162998782873,0.2348475526643544,0.2825238294383615,0.25776841609260664,0.23056532301203916,0.27203164322609963,0.27507262909884117,0.20539797416533703,0.21351377071024027,0.2385563060653222,0.33122832327860724,0.20147916577194627,0.31310486921147923,0.24296408762600283,0.2378947198581706,0.2864784150848829,0.20364553734884502,0.21118874854804212,0.19544740300714844,0.21272013426724903,0.2376957248474572,0.23034870446647593,0.19633080057851449,0.20715602548090314,0.2501104169666803,0.22634665926367703,0.2161946715229383,0.2744158411880401,0.23580849142718777,0.33333546921164003,0.3149201261082321,0.23907713295024247,0.23890487808894453,0.22822822618539684,0.24907932015961973,0.2855843845637388,0.22596209049961224,0.25389292727090407,0.26771445107250136,0.22836795061051093,0.2525190549670806,0.2044872357368606,0.23500442752812536,0.30415745807569555,0.20952110214643724,0.29819841729494995,0.1797169061770183,0.28419093566770304,0.2535816053276269,0.22969145898349747,0.2312202889013267,0.2820169288730089,0.22153704799092136,0.25163206221994144,0.2954441949107525,0.2133026819316404,0.2520986686598724,0.23918996641293253,0.26523426135257244,0.2470944843234699,0.2318711107964275,0.2741292700208884,0.2257068751771168,0.2525489954952794,0.3462510541327142,0.2095619975234902,0.28109396120279956,0.22122994275588445,0.26668105189157193,0.20904211982553927,0.27290145012101835,0.22974475862818777,0.3027874232700432,0.23894760364190848,0.26573387627454326,0.28317670578245724,0.2913133863304027,0.284833285526189,0.22082715282228554,0.2379617538763213,0.21617751367818996,0.2591466308849137,0.18644127346648579,0.3685741800432941
0.23276288825481994,0.30269458946699074,0.26025294896970536,0.2572592788172156,0.20586666874133724,0.2926499679477133,0.2863105395364852,0.27245489942251405,0.21518288638248395,0.2414994012403464,0.3098535311314104,0.0,0.21984450295779234,0.18090039777611056,0.2577488448921848,0.25734258999103743,0.2505492840575948,0.21852710622904775,0.3733574597911337,0.21622156245599997,0.34192976783642187,0.26543264541711736,0.23960326927817865,0.2619708104810417,0.3171716245473053,0.2381835539635572,0.20719668437790206,0.2071831322169177,0.27294917701174654,0.25337066921310075,0.27223255334033875,0.2542278053769844,0.2851640410915898,0.24255326436552702,0.2191445496629472,0.28903014749703326,0.2775797692833882,0.2725751816794005,0.3088727232630749,0.25911456085588486,0.34000508557517023,0.23981200950300058,0.26894398088741667,0.29903150629640907,0.2528569187518475,0.24113880058966158,0.23904884518786645,0.27763300810674846,0.2679657880161982,0.23812488838950627,0.3092811510874202,0.2934527363454055,0.2073208018081663,0.3641994417268654,0.35398306934619445,0.2281934739027684,0.2808803095882333,0.3607699102563471,0.2084081828067095,0.23893730654293374,0.21900098848828348,0.19477388981057214,0.28590176345955043,0.20287536291798391,0.19998152894097362,0.21332926536676336,0.19992453538850272,0.21945185927946498,0.20375011814490934,0.24317577066351095,0.2426503273556895,0.20199166249610553,0.19459015260439533,0.2585387356720447,0.24272407968949664,0.20708421704556673,0.238493612941089,0.27815007935100905,0.2395654822852746,0.1827404409049336,0.2490565630146536,0.251119901267105,0.27722161440722537,0.2193836838723316,0.2544722214354489,0.28798304033441086,0.22700721743483393,0.20715106250710935,0.23677207918073187,0.2367587652037309,0.27694141041769754,0.2520673822007952,0.28428612303475764,0.23747168793646073,0.2216317217764577,0.34799198237245016,0.21296513966757735,0.27048418938874097,0.19372851954609652,0.21608182416128457,0.20838724689120686,0.23736700721627355,0.24778539743725106,0.3177898965375872,0.2396167664918893,0.2448271037277198,0.24670558227905953,0.23744544954241237,0.25167089927159286,0.29079676637318835,0.3885371231517674,0.2600322845058386,0.20900815939866327,0.22060443768415902,0.25439368021138287,0.2527972574686885,0.2402286316757996,0.26975499732623887,0.276957801348103,0.2066847853888937,0.2245364232939685,0.2418388345000221,0.21529599891293286,0.2882737201607168,0.1831423656068322,0.39073218065709503,0.18580563232598504,0.2858615147357727,0.31187396335197426,0.22560181774574717,0.2150226867797249,0.24258155992715233,0.1874292212363515,0.2428326450145155,0.25368772167091974,0.19151031172963404,0.2529186472683858,0.24847969990067428,0.24068632645467794,0.2783062849911156,0.22550348847722848,0.23517514802839987,0.242489852526345,0.2467805529912469,0.30501232988721305,0.25371296355189465,0.32150917433392917,0.24128614405890378,0.2978893491853204,0.20805277406733086,0.26131271435162823,0.2680417376269426,0.2474140017289659,0.24500813724918918,0.4053459361875739,0.23257807209114637,0.23177660116056947,0.29140749814493616,0.20374933517689262,0.22466552622881666,0.2024867332443293,0.23626846168476692,0.2083529103834377,0.2664196521934333
