0,1,2,3,4,5,6,7,8,9,10,11,12,13,14,15,16,17,18,19,20,21,22,23,24,25,26,27,28,29,30,31,32,33,34,35,36,37,38,39,40,41,42,43,44,45,46,47,48,49,50,51,52,53,54,55,56,57,58,59,60,61,62,63,64,65,66,67,68,69,70,71,72,73,74,75,76,77,78,79,80,81,82,83,84,85,86,87,88,89,90,91,92,93,94,95,96,97,98,99,100,101,102,103,104,105,106,107,108,109,110,111,112,113,114,115,116,117,118,119,120,121,122,123,124,125,126,127,128,129,130,131,132,133,134,135,136,137,138,139,140,141,142,143,144,145,146,147,148,149,150,151,152,153,154,155,156,157,158,159,160,161,162,163
0.0,0.6165402124579419,0.5137015564977374,0.4380151422240512,0.49436938092541316,0.5059759400977057,0.5014408121258348,0.5355967610828584,0.6587794487442271,0.4834244301916011,0.555939577382519,0.47186203912226643,0.5746858577301481,0.6469465115951147,0.529851967307333,0.5359296192799962,0.5423248662043293,0.6780047024528616,0.5725797207880209,0.6516627292171456,0.5753845056374748,0.6215018656155746,0.5001637376173861,0.5687012602356665,0.5743330275639874,0.49586662100736795,0.4612251617394048,0.5296554292602164,0.5127345866405476,0.5305827370502307,0.5597496188931578,0.5722290002685301,0.4644996630438478,0.4805441700380493,0.6434341762670313,0.5251591139998212,0.6019817458150982,0.6227317011279444,0.4766619099928935,0.5747848959451923,0.52226090135793,0.5235085449965897,0.591149596554233,0.5232433661354855,0.567111202622904,0.5125110198255852,0.5468931061304487,0.5429912817819994,0.6149238028597386,0.5739706038856989,0.5885733883771378,0.5652219574439197,0.5132572519581254,0.5369022962556517,0.5341573539999922,0.5457952967978725,0.6459422945157248,0.4945757983113486,0.6163875831088239,0.5494280016489244,0.5328562388730975,0.49944352898516975,0.6077282513569211,0.5111489296341678,0.5574754596595242,0.5175638594567218,0.5058339393195385,0.6443321469107912,0.5462966253111101,0.6066872860811032,0.6603405673034848,0.6158341174058077,0.5679893118804397,0.5653018614229115,0.5416898457609642,0.5545058109808816,0.4782429600871153,0.4983668785689422,0.5438439671848359,0.49111457556875887,0.5233749215294318,0.6006751674710671,0.6405986194794292,0.578335349918881,0.5428191703633845,0.652416065138011,0.5441305762484038,0.5937163594554004,0.5209880682212586,0.505610810214045,0.5427426614394404,0.5033121577795477,0.5835597016859128,0.5995023282586239,0.6016516865603784,0.5013273040323529,0.5290187005744819,0.4836750484290461,0.5437389603703856,0.5216259804487444,0.5686552934342248,0.4684410282394527,0.44934872922939956,0.43015508340663106,0.646985326483149,0.5155782574037893,0.4631791152255077,0.5123357808913008,0.523874366282473,0.5275529355085052,0.49537969740638943,0.52573794937161,0.5453674797321143,0.46357135476250044,0.6035585162683584,0.562305052970768,0.5637308275047405,0.5318785214985069,0.4644769949081782,0.5077748339127862,0.5421017935946562,0.47584713065954465,0.5887571263941842,0.5904958065410525,0.6233263792637335,0.5141456446226547,0.4792342067178431,0.4959312494590095,0.5078318326069268,0.5759170898306338,0.5274578847905561,0.5174199582043637,0.5304791864179973,0.5819754248851056,0.5289421295588732,0.5137100614414575,0.63066249395147,0.5665987007635528,0.5631911764574257,0.5332487532626373,0.4809175839933637,0.5598355106433656,0.5806143321625875,0.523435869540244,0.5390452021285462,0.5364848751885567,0.5887451614542042,0.4620719233504742,0.5768509292741854,0.4285881794856421,0.6065070132611359,0.5732929158527087,0.5213059122963226,0.4719484041560192,0.4889022880189464,0.5817919499264274,0.5782395469490212,0.4921333319176219,0.5236474818473522,0.5533576882820282,0.47476027890471423,0.710155221954601,0.4597033594903162,0.6239369558581117
0.6165402124579419,0.0,0.6361825265265323,0.4996039756754625,0.4895396561449128,0.5858843606762016,0.574255677346256,0.6361379401370817,0.5587714013662969,0.6382060806750539,0.5781064111554722,0.5759353284158568,0.5976608567767573,0.6170861730667813,0.5383045775567546,0.5878967063603906,0.58886014112776,0.5888313241994195,0.6832007766232069,0.5631840129292969,0.6917097753472508,0.639643604480193,0.5643746268050405,0.619858659664062,0.7176260096910633,0.5428151861644911,0.4892846172487744,0.5605395710996866,0.670985595098716,0.5260331966795079,0.5826610557253173,0.6500333139600981,0.5275004110777523,0.5611074572775181,0.5682998054312628,0.6064161666653939,0.6214641699545608,0.6115776242136547,0.514878545759649,0.6606696887491894,0.6075677097888079,0.5529266347507923,0.5899591522362387,0.5536676296800007,0.6617402331298373,0.5398326934612011,0.5850947055488944,0.5632820543369158,0.6680821189633962,0.5473883038197319,0.6505846106641733,0.6178126204236574,0.49697479290739927,0.6815395983076781,0.656225495233303,0.6104127641354983,0.6084059374663252,0.5617461062498592,0.6563073906709541,0.5747779978062364,0.6038084710992087,0.5147828311510358,0.6081510002134064,0.515018169590339,0.5050939027576796,0.5112623721891049,0.5411469694932999,0.6333695549666382,0.5318113472886489,0.6443678205956694,0.6066485895588033,0.5659168609984911,0.5545126291897475,0.652689643306264,0.5675527155699259,0.5377059681941904,0.5304474423030336,0.5896608098466448,0.5731146855786513,0.5071778568554515,0.5772081188388303,0.5950547821214086,0.7379051685568087,0.6142864920723525,0.5776570433936292,0.7078099068645934,0.5620490166735231,0.5792775883269619,0.5717051223408723,0.5396117799428541,0.5497918267527354,0.5631658608352083,0.6231720448819026,0.5563664483101907,0.6133211626275448,0.5914478292553466,0.5437413170525178,0.5807506628895422,0.5244317779712223,0.5984306445475147,0.5690924186632518,0.5230921361202355,0.49753482948097283,0.5081618390499646,0.6225214900515491,0.5565509722580645,0.5217078859209934,0.5918343005628545,0.5852231089494908,0.599845143259719,0.5771640680224426,0.5303787721524975,0.5716448979506024,0.49214852268978654,0.5974830175634216,0.5923971220306038,0.6110379363022443,0.5521628149623043,0.5540667635047577,0.5377844725259138,0.49754396121451466,0.5324383052145881,0.5760452267200388,0.6759818864846332,0.5206677721628967,0.6674820703672999,0.5152577003764773,0.5614195219013548,0.6804868383125912,0.5653147238217462,0.553186901695303,0.5509349192310964,0.5102250353805656,0.5590579199337654,0.5361101910537188,0.4568478612371395,0.6030551945274264,0.5634630890912811,0.6295934663879541,0.5704566912162813,0.5153530402232578,0.5920135207284809,0.6409308110016272,0.5695126918889599,0.5900874622536566,0.5667164487100854,0.596593995941211,0.5293301066063959,0.7467064778296476,0.46161671416011296,0.5800952022661289,0.6315090867965403,0.5145046651025605,0.5548242916205942,0.6057005114758071,0.5889599528471986,0.5542200480195658,0.5946154452908363,0.5301098627841034,0.5869427218408563,0.5327743122340154,0.6470582801860758,0.5081913125447459,0.5574603377618544
0.5137015564977374,0.6361825265265323,0.0,0.45725714340893014,0.4542824158185484,0.561621028028524,0.47735754235927813,0.6592984813236731,0.5089903580632663,0.695707634816413,0.5698920732801658,0.5202407729536015,0.6161207890512995,0.5863779812008162,0.43299693367835096,0.7195466950693945,0.6881623737634893,0.5396867715066609,0.5602521919744655,0.508521075763967,0.6238572040642122,0.5924230736909784,0.5427448120706635,0.49528507013164524,0.6082305044709211,0.5012983991269794,0.5442731752186113,0.621662086668327,0.611573932097218,0.5631910369503133,0.46442358354849783,0.6740095306842563,0.44221909099517825,0.5122664624206125,0.4609889536050725,0.5347993240684854,0.5374750024388792,0.5905231789398437,0.45427862280319986,0.5858646649535802,0.4940185908880465,0.5873621416115784,0.5083732638940544,0.444256382859642,0.577659868057813,0.4986088508157632,0.5161386247436038,0.47809020614757314,0.5625525429602943,0.5013988954323777,0.5496551969500539,0.5223522123793177,0.4569562059692028,0.5463964744233183,0.5588805200936761,0.5615479556197508,0.5447531970498257,0.5904509657816891,0.5727407467074187,0.5451659167608301,0.597589239741017,0.5069758627957808,0.5470470201286963,0.5021352515534385,0.43452841066911485,0.4720595630021508,0.5056118175715573,0.5353510070492927,0.5860930201807274,0.6438329609753769,0.5051566131586726,0.48630713301443124,0.5500498883763297,0.6557847341863118,0.6517058723556768,0.4589325794037134,0.5667127122204642,0.5612681329786441,0.49884682578800976,0.4755642310771536,0.5320817614390997,0.49427451276675854,0.6103674234305724,0.6076211397042556,0.5549826990438278,0.6137554900323499,0.5358391119208428,0.5164077780748985,0.5507503902197837,0.4906517889254468,0.524310376752382,0.4657375570260122,0.5494491199616602,0.48009411321385814,0.5603220040117203,0.4848928709571593,0.49173766690634063,0.5113471259267514,0.4732631956523876,0.5462616918811617,0.4770352669248543,0.5424246966941458,0.4411974377268034,0.4421566706226742,0.5494998252119014,0.5572946818719926,0.5419563159285906,0.6406206895002423,0.5182849695752073,0.5260403245129576,0.49575770662037727,0.48969073996423146,0.5294691862881916,0.5577345559716258,0.5092086280953337,0.6042866027582268,0.5352410344138395,0.5211142881661932,0.5331887098383,0.5415281890285487,0.45535885967909556,0.5114181205384677,0.5137433198891754,0.5415845870103622,0.4396072192777569,0.541638549228641,0.5423021761835947,0.5356074808986018,0.6287009799226144,0.49181748034148515,0.6307636517184015,0.6377077205070936,0.5083237077168687,0.4849440222787348,0.46642372311261093,0.3929485116693627,0.5009669980123812,0.4557250993176973,0.5824850452992698,0.5103397839768226,0.4258937759914421,0.6176159801451782,0.5615701450978037,0.5552707405144501,0.52218833968184,0.4890327497817732,0.5034378940662734,0.5222788500757836,0.6745265210693441,0.5513653872150689,0.47023173333518087,0.5202582836262557,0.5248091613335292,0.5679931409751376,0.5366268172459662,0.5095729988030122,0.5235723164526438,0.5611095111037058,0.4281109038691043,0.5785980834765115,0.4972383737579057,0.5123970591230164,0.4998070054318815,0.4919231467338167
0.4380151422240512,0.4996039756754625,0.45725714340893014,0.0,0.4380605779141394,0.5123097842429489,0.5924073244833289,0.5002246897340402,0.42613801370775173,0.4822655221245564,0.47586288032692714,0.5747494092217333,0.42641942857961146,0.4355425306391783,0.43719940321533984,0.4321085655623328,0.45192757630397157,0.4190938575826927,0.5420280470738376,0.38053312246212545,0.504551405524325,0.43951488846831427,0.5307242556368974,0.4570713562760583,0.5412559639081139,0.5194713030732463,0.44020412557083355,0.4716170462008739,0.4867055133011177,0.4286642193123652,0.45913683601111505,0.44394543763938754,0.6164810761622409,0.5402351110036474,0.4530368937440226,0.5053624364355596,0.4659429547898653,0.44374119873398415,0.41579252612132234,0.49670171386233214,0.5350928958244233,0.48110256212126634,0.426066401622301,0.5131326103887268,0.47321241657693847,0.40594058828750196,0.43376660936002254,0.4379592582465213,0.4861361702066678,0.399636398292757,0.5084736952017153,0.5703874207332242,0.373870372776077,0.5817480095725568,0.5186208693754664,0.49030172202165645,0.4251941997204795,0.5671665217337656,0.4317507989279572,0.4196911089256488,0.44796555237709995,0.40155436237556724,0.4751942475944032,0.3924056165411297,0.37197023416442193,0.3777149937499423,0.4395121300955292,0.43757809904589356,0.4048928910020807,0.5104895766014335,0.43037071235644786,0.4026559617373026,0.4694546449039137,0.48647513910782225,0.43012038089496396,0.3936937913529608,0.43417531040887347,0.5244842492733026,0.4472786215119418,0.41250539622972465,0.43812401931057154,0.48902418344084325,0.476178632234081,0.4490664729353936,0.48210233820441034,0.48249343620261387,0.4717943516625913,0.4339284898346291,0.4435203071501815,0.4385044401335657,0.5284225891875224,0.562877713579505,0.4500290816212607,0.3931982604002929,0.4784118901578348,0.5565104297183608,0.3874323532553279,0.6270316742725728,0.4362988427805375,0.5007574109677005,0.4162208503647649,0.41780960761765457,0.614756842599576,0.57847483579868,0.46351983029927774,0.42192064158586084,0.4077996115351654,0.5113323242823945,0.43453255977450267,0.4400787898771221,0.5925373908235259,0.45564520487184773,0.4840433645911388,0.42699812330467884,0.4576916344020205,0.4971507784106811,0.4668832600210661,0.38972401261135714,0.6095650323829379,0.5446955323255267,0.3834318837801865,0.5805932038765705,0.4474146762422686,0.5000806851824586,0.39715157054202976,0.5207670987035131,0.44203013513732575,0.4384317517966659,0.5612203545497815,0.39757862048044224,0.43561034147619687,0.41575948959749803,0.39853719060107856,0.49718555542663806,0.39176318519441156,0.3350774625852807,0.39644217935202336,0.4553957440325016,0.4474176474179619,0.43698495459449704,0.5018095041752506,0.4235722638496145,0.4979114228938511,0.4654961229607171,0.45416430716952144,0.5457302938716481,0.4617721584879953,0.40916686716987005,0.46749490020755735,0.38734658275153205,0.48210129242941807,0.4732284082819102,0.40039331636553543,0.4164603892140653,0.6284212957099672,0.4256209605896809,0.3992767016977432,0.5619116872630967,0.5414606290241377,0.4905131838187287,0.4176156402666544,0.4867681519488928,0.4343811105334292,0.4642296059373882
0.49436938092541316,0.4895396561449128,0.4542824158185484,0.4380605779141394,0.0,0.3946127933795978,0.546596324194448,0.452704291232327,0.5740144064206356,0.42055073719433267,0.525817140018482,0.5211534403402309,0.41085598545682633,0.4972884517764365,0.5144680187073237,0.45845007505915597,0.4546684382559875,0.4875905540541047,0.5085754074404399,0.4668437452479748,0.5137791993902694,0.5675508690144535,0.5567084040677103,0.5029245981604114,0.48190421160739855,0.4722244128874575,0.4896960246785497,0.43014526104340034,0.47245778032449776,0.540213263263221,0.5270257506565956,0.44534377840005485,0.44053260423725094,0.4515069716766533,0.5708708167180001,0.5993559006725846,0.4674659739204113,0.5498317654811516,0.5383182951929288,0.49624780632834764,0.5127624616561941,0.4916862990681988,0.5076697028387978,0.5001620714335239,0.47993436901275216,0.41136456329569054,0.46149484967806614,0.46774715524177035,0.5739209233498559,0.5291029755340667,0.5161837377544757,0.4523057649774899,0.40204167847889155,0.5025071971696202,0.5450578732025143,0.43633761428614765,0.49242458551665746,0.5248036623180415,0.49118731824437833,0.47676967541611465,0.3984077608591642,0.42329651513244587,0.4448044086759128,0.560973113702376,0.44652590358649114,0.3805188330915378,0.4287229278193417,0.45409021419213086,0.48249523047785203,0.4881260379954793,0.48489554924350864,0.5088622891822454,0.46661656477429886,0.47073570853500457,0.42566793989961604,0.3871807755144628,0.4442897825194512,0.5289754969579049,0.43471887555709793,0.37254435153543164,0.3835270046100431,0.5660734584353684,0.4971816526720075,0.40982428806690546,0.48775826465916505,0.508440535161751,0.43966586370835625,0.516271462336158,0.40393465504506354,0.44731433078888727,0.6211788721612403,0.5207138817711273,0.5820051852101106,0.40999712684767764,0.5285001957230728,0.4684775302936754,0.41710309767019027,0.4462362586792546,0.6067925749453278,0.4170233118359908,0.48668093298821585,0.4310661687896841,0.476115541901772,0.4341119159144904,0.51594438697501,0.4232066339106724,0.3965169451137158,0.4473619948784544,0.4421979652297926,0.4283489293226025,0.4941269832508695,0.5886057487490246,0.40536152517835206,0.45313385624491503,0.4402661198773581,0.4549373659108347,0.4120017186220164,0.5432983886004231,0.41379911348312354,0.4823085860020779,0.574639677354545,0.4590174821518647,0.4431453805495002,0.46916176855211666,0.4917732540616162,0.4465718270475664,0.43946746160777056,0.49382235012075704,0.4554042396798612,0.47725146004578606,0.4452761218631692,0.43188132689726455,0.41365844121384104,0.5813969696306693,0.46844390290794263,0.408617391900653,0.4465979333990117,0.5711939452583223,0.5390237413465668,0.533166262367958,0.39432959273393126,0.49434566088742243,0.5233126902001803,0.5831074533214908,0.504908758542388,0.5580296358249571,0.6303260294760511,0.38135419695606726,0.4867649165383278,0.42755004378786077,0.5209861652821447,0.4472032307323179,0.5732881414119841,0.4637852283458596,0.4671258440885942,0.4568488432547411,0.4160859585312097,0.4244397352546668,0.4648379179678511,0.45242001020184947,0.3676134753357882,0.4886081961271617,0.4403261514858136,0.5830517057228156
0.5059759400977057,0.5858843606762016,0.561621028028524,0.5123097842429489,0.3946127933795978,0.0,0.4754958494161417,0.5765044764684588,0.4477151180069017,0.6047659114536813,0.502925487503973,0.49819705377597706,0.5722772041064638,0.4897174923224199,0.41756613438263834,0.5216826425976608,0.5386059962910623,0.47262593064498326,0.5608376965776184,0.44357519471088563,0.5461454592645218,0.4770457559078186,0.467496045327251,0.47038135573943657,0.6231944639576826,0.4891381273665918,0.42667072635593367,0.5646711431827623,0.5440414181364188,0.45149213730507914,0.4516691322885931,0.5679562461635673,0.49414773744126045,0.5178729075384181,0.4480924548488138,0.46196866079446447,0.5363938346691677,0.4760712203281881,0.4005326060852264,0.5139431457271446,0.4820529714197014,0.5179757711369982,0.45618207885031725,0.4755459978130162,0.5126963951776153,0.4607437865908033,0.4793040652880854,0.48026613054104483,0.49192249597765336,0.4204517602304662,0.5168645569270872,0.6122881879724482,0.42680958834044286,0.5509115725704762,0.5012446091918347,0.5943730085133423,0.47723711686022174,0.5265665418975185,0.48218581174737996,0.45250540565956976,0.6088610749326945,0.4499051209465857,0.5728543225865388,0.3997161703045524,0.4050139287197687,0.46071833036797427,0.47914428915245794,0.5268746383864664,0.45097000640674256,0.5872473721322307,0.47985271449325534,0.4288220775162399,0.5234170281201292,0.5540250566182233,0.5424546599306682,0.4842639582982958,0.4696468320517842,0.4931664854523862,0.4889717584555125,0.5342749566064301,0.6157170155966714,0.4687228374409416,0.5567460716921656,0.6157026481068099,0.502024746072325,0.5386441085825265,0.5524578147903485,0.4533315727705169,0.5406027095783673,0.46455580493173304,0.4697029104528695,0.4748705487706394,0.4593763903889947,0.4757723096739532,0.49395588494738024,0.5338357122362127,0.45017678028361496,0.579542068253465,0.41883807619737773,0.5708244703312491,0.44161458047979946,0.45761797116407193,0.46111155929562464,0.4823458432253602,0.4967422553045179,0.49002196035841644,0.4735038709939178,0.591686841519064,0.4710437879759476,0.5277218237030394,0.519717002754431,0.42834369135253203,0.6387106417006991,0.44925152138294405,0.5165846235814515,0.5664806407403299,0.5989570098716381,0.4167397622279165,0.6650360007555411,0.5194153756928741,0.3877122854981325,0.5124619214308362,0.5302822544861093,0.5553553984644439,0.42689277069770665,0.570827815217432,0.46888983987367366,0.4481558765306215,0.6199740328120826,0.4293297418217571,0.5202882809697935,0.5080643154667555,0.46867993504480465,0.4663929582288753,0.4248275493660288,0.3728406295558935,0.47381911642565006,0.4261976305499125,0.4607059904396328,0.43907200331075313,0.5142634046928664,0.48523604741371584,0.503085020604672,0.45285030854451813,0.47364177218353815,0.4790370139863514,0.4511760763096903,0.49060171885547255,0.5570365950885976,0.42312558915397236,0.47559171239963766,0.5407746194241746,0.4080429275538736,0.4396990630324293,0.5704206814238428,0.48009559419019726,0.49256788934042633,0.6370074548589024,0.4775728507578606,0.559093501827393,0.5233665304894668,0.5489674463777321,0.4458516892576026,0.46168155397717187
0.5014408121258348,0.574255677346256,0.47735754235927813,0.5924073244833289,0.546596324194448,0.4754958494161417,0.0,0.5188979089367598,0.5011542399747657,0.493087153406497,0.5165666815380645,0.6707805183845482,0.4474974888932693,0.4934177670991934,0.5622609609644501,0.4642473092247604,0.4668109122116579,0.4716309123024508,0.6028107516684501,0.44638094130963557,0.590086125134113,0.5152830353308768,0.6164138562726158,0.5902088956598455,0.5989014353470978,0.5942277039658521,0.4623666701230029,0.45589083143058806,0.5346193519300918,0.47053848528788933,0.6066627510918677,0.48457214834709056,0.5980083334374097,0.5987849107610024,0.5607233567163116,0.650689954843703,0.5419546042651885,0.5174764974907551,0.5427461084188656,0.5789951340477215,0.6504559789887935,0.4999653253284969,0.5235236080107665,0.6459347762901346,0.5644262138653727,0.4564893962628115,0.5068041198514759,0.5221659741300911,0.6262140547336164,0.48086974981441316,0.6085448548759065,0.5700510787666415,0.4095551375667033,0.6781621015872941,0.655036345610669,0.526745237093079,0.49762457114018355,0.5581540547498132,0.5148897769503082,0.48669413678303114,0.4604449496930911,0.44631241361191576,0.49140885967361014,0.4771814326794153,0.44468579696551475,0.4166773449733342,0.4978896650345307,0.5128963699330038,0.4363542175065389,0.5284068252731899,0.5222709993699707,0.4991742208328059,0.49145413704148383,0.5297393675460185,0.43431556299556917,0.4400059151506872,0.48108962560556884,0.6389337783779683,0.5082919569425807,0.4365275960193473,0.45135659901695746,0.6205269742624981,0.5631142713767021,0.4593396172675768,0.5409650769640417,0.5575242933841552,0.5021081866284476,0.5234370913986442,0.46497330253771185,0.5176673692896719,0.5864458374674996,0.7462599212903173,0.5510980668324099,0.44517241101955235,0.5586164424534873,0.6378383953078657,0.44419860170701286,0.6232520225541054,0.5502196137594604,0.5190703793528268,0.5270732959859498,0.46915476269247,0.6686910400396812,0.5747197880491526,0.5325910151824237,0.465347524148714,0.43880185689678664,0.5046050749368787,0.5039021585976344,0.5052878760431044,0.6980034512045576,0.5687850141083263,0.48525377078266474,0.4496209629381488,0.5009911723042021,0.4971712135059809,0.48453121858595194,0.48091796901101785,0.521485268653871,0.5332071701878205,0.479664327174534,0.5696020945946093,0.4977073096957765,0.593147234931142,0.48186415059247906,0.5860697482515782,0.46954100743840765,0.5376829444741021,0.5793097974034462,0.4859509125460887,0.4484765400028947,0.4415911237585934,0.43536700701358777,0.597933057791166,0.4804040429367368,0.40043517442341836,0.47423230843647407,0.6148968342284304,0.5442509399785064,0.550726747372152,0.4954644097264425,0.48680221117485784,0.592104699990816,0.554907939326923,0.5688105804180109,0.7107428233770189,0.6069554852849144,0.4364731029064398,0.5380961985010431,0.40668547597124666,0.606411891360446,0.5159834619471593,0.4622554877809069,0.4901959598003697,0.6570085466698811,0.5104585343659512,0.4396590460621029,0.5536705253969084,0.5922638643624476,0.518216115626694,0.432343744672671,0.5640400728165712,0.4946328434168778,0.5518446829996952
0.5355967610828584,0.6361379401370817,0.6592984813236731,0.5002246897340402,0.452704291232327,0.5765044764684588,0.5188979089367598,0.0,0.5292977758597749,0.64405848384122,0.5305555082268625,0.5454119469587271,0.6197226763652816,0.5859592316126365,0.4652959032768383,0.653078050684088,0.6446580992995941,0.5571346261232822,0.6055405136374031,0.5111899061055153,0.6882195641391124,0.5472503229538775,0.582320861133074,0.5197397650942808,0.6442814584433584,0.5740182975732742,0.5369763694220253,0.6030837163434049,0.5424312464212178,0.5502736918838393,0.511361705906331,0.706364418608072,0.4847955153298223,0.5914812092166467,0.4748635033250713,0.5760611004362887,0.5772680008376866,0.6137491949882043,0.4791655271570715,0.6421148771841315,0.54480947242016,0.5689583554597415,0.5626031394628955,0.4716083036178752,0.6771859005643177,0.572740302566246,0.5643775877986583,0.48079796082255605,0.5968047218935386,0.5268020704585373,0.6464247915245166,0.5910800159023191,0.47828674038950114,0.5913561918402865,0.5870337043236946,0.6233842885559816,0.5946920953952208,0.6066509308256683,0.6016442477528363,0.601757435721771,0.6514517732808149,0.578356425782797,0.6065310478009105,0.49516558439399433,0.4670588158869888,0.5251649531557844,0.5598541877424216,0.5890974172720501,0.5495550226795693,0.7157730781387868,0.5639007645071801,0.5181693049206173,0.5695090716462445,0.758552811979271,0.6220351159953565,0.5059208570804756,0.6181438291083462,0.5984000339280902,0.6022475788131048,0.5094453200645325,0.5753553565443449,0.5634421752445457,0.663937507700378,0.6495866090728438,0.6456467497062426,0.6940150162891043,0.5933322029719732,0.5841322095397673,0.6528442232019631,0.546212141168529,0.5540559462878843,0.5289909123649041,0.5615163168901874,0.5228404100192003,0.6187286281010315,0.511633093521281,0.5458910179749291,0.5769052079910354,0.5029172961543118,0.6686280267694401,0.5082142976622281,0.6290435581942198,0.5076990697669279,0.4695306541869051,0.625481309350351,0.6413831784101687,0.6130607309428989,0.6279771764952852,0.5841182651688849,0.5323052750121547,0.5376673400584303,0.536389847928941,0.5751668344779457,0.5696381301542209,0.5836767932727259,0.6365553359266019,0.5935396828426154,0.5019345587192988,0.535043545556227,0.582876989974349,0.4664523189706997,0.637919045385361,0.5352641254162431,0.6300416488894495,0.4526468764766818,0.5797398289152798,0.6121580545460654,0.5946726941758131,0.6528997937968813,0.5287650420660671,0.6056473511241435,0.6396075835551516,0.5402431648465604,0.5170330652123288,0.47529300224287546,0.4040117383191041,0.5203888905180348,0.48973391947944206,0.5871214399220728,0.5754873489166529,0.4567756053982322,0.5964272802156553,0.6472061336107955,0.5833537963944706,0.5537679652747715,0.5493750495883818,0.5369359553857799,0.5767953995932987,0.6516449314629995,0.5052814340978565,0.5264904631450023,0.5581617884974849,0.5049854229219002,0.5856896611370938,0.6097400232442409,0.564519011914978,0.5170601447079266,0.6398375034742357,0.4530327971329112,0.6677233267324729,0.5395414680314595,0.5545816420243301,0.5709488322985032,0.5044814448143304
0.6587794487442271,0.5587714013662969,0.5089903580632663,0.42613801370775173,0.5740144064206356,0.4477151180069017,0.5011542399747657,0.5292977758597749,0.0,0.462760305380143,0.5702960768309978,0.4837697150913694,0.5136598335012956,0.6555558808890555,0.5036839936308021,0.5481800119102175,0.5428159847917366,0.6348095493469911,0.5412627911382888,0.6213490219090331,0.5747169254612604,0.6562116465302269,0.5470752739032326,0.5319027532783355,0.5388962543055188,0.49483767747478774,0.5250145084063785,0.5136422690334619,0.4844557180805693,0.6189003156991087,0.5457173124739372,0.5437066989398817,0.4289980045253793,0.47642422991126976,0.6158315207802283,0.565975799527007,0.5513238727933704,0.7066417030221399,0.5100680013181509,0.5583823993050606,0.4993739073857542,0.5672168812566067,0.5724365996717803,0.48427903595626093,0.5529115023115152,0.48089701794254863,0.5142377420138129,0.49737868393561324,0.6363880891081385,0.6173136772498797,0.5691306295507108,0.49756310764137923,0.47323397786905186,0.5069477578111187,0.5349575817859944,0.5182365274803066,0.6288961038579737,0.5261966064844554,0.6001566602435012,0.5639665586491991,0.4806199477149613,0.4997309563216822,0.5235339593982542,0.6108998571155596,0.5264559039314032,0.46410764619796024,0.499191742356828,0.5562255092647169,0.5896740669722077,0.596678506948384,0.598569923377799,0.6208114507726828,0.5793006343893217,0.5551758871573738,0.5255768766528032,0.4671786619765539,0.5012857775358396,0.5217616078434804,0.500354514528913,0.43837516130914256,0.4524137875569981,0.6289206813318798,0.5931665759072664,0.5059988598113131,0.5691952369083667,0.6339909190958052,0.52609584470923,0.6187152299324894,0.48161310704430527,0.5143307265898525,0.6071062865515773,0.50672684370577,0.6063733450717244,0.5098469201673239,0.6449143732672273,0.4675714585729975,0.5017983205719688,0.4648209484186304,0.6499223236286958,0.4814033958173526,0.5555301871513487,0.4862073058097402,0.45425207386043764,0.41138838081639845,0.6431444175034218,0.5002709594714285,0.45513738513253116,0.5086193731281721,0.4935951128770945,0.4852393497193171,0.4859026351041287,0.6120158617431326,0.48485941497478297,0.52139690263573,0.5189699614236538,0.5406491256492613,0.48734179101072056,0.5819328916956081,0.43203558941603887,0.5363213070029826,0.6259015533481466,0.483409410057592,0.5390634780250348,0.5301318998578438,0.5999256101159486,0.46527941389979677,0.5071728982448444,0.5251825325309041,0.4819892279280345,0.5583920459088485,0.5518734719459685,0.5287929214173513,0.5233656353820769,0.634487253746251,0.5227101589613399,0.46778114457076997,0.5386800489633301,0.5587787335538074,0.5959076406604004,0.5751991486373017,0.41422165704717406,0.6061590950895326,0.6048212467294017,0.6169889901092811,0.5505502762906395,0.5580414546701332,0.6453250665054311,0.4331744742975631,0.5574334976401953,0.47590549392170417,0.5803345224854116,0.5033536284792399,0.638326834589788,0.4973612503746109,0.47532045126913136,0.55392356138901,0.5198502029815375,0.4620996826625221,0.4693048596642487,0.5375103020931917,0.4215703951095364,0.5986307857857077,0.48824557603463986,0.6676457877287811
0.4834244301916011,0.6382060806750539,0.695707634816413,0.4822655221245564,0.42055073719433267,0.6047659114536813,0.493087153406497,0.64405848384122,0.462760305380143,0.0,0.5121153083455544,0.5336226752821102,0.5784007860513364,0.5317387775960867,0.4302050492120797,0.6020149188431889,0.5976224067191779,0.49656446574121343,0.565493959754454,0.4649797858292884,0.5948669545633197,0.5149653705090156,0.5327284414147505,0.48502464835101455,0.6412652571307761,0.5027566166898291,0.4926429609362021,0.5745048747588136,0.6344469362633679,0.49831182377509325,0.4661864058989404,0.6428231662989488,0.4697670442903976,0.5409848053378666,0.44414115919508057,0.5201281535005277,0.5287310377131766,0.5282081219073103,0.4383677950819287,0.5678883525398774,0.5070506369085797,0.5366164458080055,0.4903816648761232,0.45389681160452705,0.5700710718348697,0.4989761841064614,0.5201773962977704,0.46971884723483054,0.5412417216546402,0.46077204261085203,0.5422539031774621,0.5394259759047499,0.4442841422999527,0.559831494156094,0.5579926565288388,0.5847351968764485,0.5052263390168465,0.5591820015927144,0.5456728584142881,0.5119766296240368,0.5940720318473598,0.494622465970159,0.5342743268510449,0.4574941984810955,0.4191466444034853,0.46851991598264375,0.4996961249674892,0.5265378388190941,0.5070128139018326,0.5972060534334439,0.4849850629768973,0.4644902645413028,0.5116243335849653,0.6135677147120201,0.5757911485058761,0.4760106155156159,0.531050154795701,0.5604273152800499,0.5089625012604652,0.49445419165314064,0.5705437578242679,0.4774270605797909,0.595900934563307,0.6024351890397611,0.5377214587450468,0.5772828523430751,0.5249069474366744,0.49604805599039586,0.5779611360239766,0.48543210126709163,0.49009950426258697,0.48592424526166017,0.5153646802014415,0.47156727632573575,0.5270740961171119,0.5186013980626473,0.47600150920812495,0.5658077929100103,0.44954705238301607,0.5821382329619088,0.4683004816533404,0.5242250750503098,0.4652134592306451,0.4858499263830497,0.5208248004791745,0.543225473291611,0.5400946256299541,0.6359149824634505,0.5265229117217242,0.5301388372274999,0.511904371418776,0.46376045774848457,0.5419371753332451,0.5118984839038949,0.511928937238817,0.5659942689834313,0.5720618325749353,0.47881930751949403,0.5772348522594001,0.5312855011122581,0.41765111364180013,0.5310049146721221,0.5021585248269615,0.5602780238939516,0.42126513390765585,0.5990233483014782,0.5195478679418233,0.5126770462251962,0.7089857661742552,0.47249825528065187,0.5731305556360496,0.5597434557317827,0.4789931002932032,0.4609997780597371,0.4442542485601348,0.38068257727828364,0.49109580598160607,0.44716450947210545,0.536871455041489,0.4947537987917477,0.4581918636804808,0.5524406246574227,0.5454710197865297,0.5131150002055546,0.5115860242112251,0.49144219982858994,0.47400400194393655,0.5541475485478183,0.6721322188243379,0.4941918917277648,0.46323511847937826,0.5483148423231927,0.45423870976920505,0.545560769487608,0.5877974972923861,0.49641534775802965,0.4874463607317723,0.6164274445742759,0.4403309741155001,0.5722955395323756,0.5454602241886853,0.5151198417472518,0.5062796878956215,0.45553722866483126
0.555939577382519,0.5781064111554722,0.5698920732801658,0.47586288032692714,0.525817140018482,0.502925487503973,0.5165666815380645,0.5305555082268625,0.5702960768309978,0.5121153083455544,0.0,0.5458797398335212,0.5284694356119881,0.5826046205062688,0.4501101580564796,0.5734015915650671,0.544246721391879,0.5047187997756555,0.5354065173926427,0.513390460285274,0.5695300755230133,0.6666300712272255,0.5456813309211069,0.5367165944087958,0.6124483032673781,0.5220794926289059,0.5296693086337825,0.5505201656444946,0.5850343963193515,0.5324325379050445,0.4946125269454115,0.526060504308609,0.44273086595381184,0.5079096440624227,0.5632937511638063,0.5383571078026889,0.597000469332768,0.5826002109224737,0.4829832157351163,0.5465058489680082,0.47288703788174824,0.6269288965728718,0.47905592421853405,0.510201806907073,0.5359111305279411,0.41913337729030736,0.44137292902076736,0.5719934324451211,0.603214870716402,0.4730979536435734,0.5102504857379626,0.4926912152099748,0.3950952232793794,0.5470592234244526,0.5777816378480368,0.5295632207503331,0.5038526736022811,0.5821682028018847,0.5142517312483461,0.46815949287665326,0.5125163717805465,0.4230161750364559,0.48251211973969166,0.5224165036296536,0.41551906705946484,0.40902231692163643,0.5131977107472782,0.514205926910167,0.5247913712512575,0.6229244177248153,0.5020904603566215,0.487272417487675,0.6152406103614079,0.5471000001690501,0.5094094381264256,0.41519660750650556,0.5107391401386961,0.5554662429028614,0.44282460135226154,0.4466368193641375,0.44449441906310366,0.5199168442891925,0.5518073585104993,0.5117291839325868,0.5207748857481951,0.5716156319637918,0.5889051679600612,0.4847232626498125,0.4442601866998757,0.5080137581779574,0.5655002036312864,0.48093054993423046,0.5205047239503177,0.4399331014254904,0.5606792435194635,0.5275720715222798,0.4326224125405751,0.5002602239882437,0.5248688635560588,0.4681190708723693,0.5176424227470463,0.46764000008460843,0.4546269710842923,0.4367299325927842,0.515008740578548,0.4539703747249458,0.4242498288943787,0.585105495436022,0.43790850323694025,0.5426350620423167,0.548395478491923,0.5257030709584577,0.5308049108288383,0.5179736465452236,0.4573085807049185,0.540222108727392,0.4578609348072877,0.528693345817624,0.5249059153188775,0.5629804052304697,0.49313491197556814,0.4754007282547188,0.5669663277458046,0.5043276912259953,0.5241422509358981,0.5015201515579918,0.46126345713247896,0.5050760169678347,0.5467607080307743,0.46195597063586313,0.5299051629512864,0.5069410940227363,0.5195551797129101,0.6130376969484845,0.5179526019805719,0.39317851016758615,0.4785283162429112,0.49579473956589465,0.5901518307397429,0.48172890340373953,0.42579953491123107,0.5880873274547725,0.5265651268903553,0.5595129536364943,0.5688599734037558,0.5435863067168873,0.5500975271958719,0.4070313900439784,0.5787196523256677,0.48836081221272926,0.5434868753733592,0.4625398101363034,0.5427751094937644,0.4654461166655532,0.5144582968036745,0.5226250908028877,0.5497637478462226,0.505151703064052,0.5027958573253178,0.5285268606725194,0.40349694497285965,0.5581347102064794,0.4510678672107978,0.6531193922869905
0.47186203912226643,0.5759353284158568,0.5202407729536015,0.5747494092217333,0.5211534403402309,0.49819705377597706,0.6707805183845482,0.5454119469587271,0.4837697150913694,0.5336226752821102,0.5458797398335212,0.0,0.4490357622405708,0.4737223616593658,0.49874237467109395,0.4882948442966526,0.4778887864106816,0.4467557907034424,0.6230803408396391,0.43787218527907423,0.6029326380977152,0.5245177680074262,0.5952143841509155,0.5476171327648699,0.6337060700099959,0.5594209090565548,0.46739418443313957,0.4658253965127197,0.5742969634601268,0.4781512058670617,0.5638944169171359,0.49894440511387617,0.540314099200856,0.6090354440720157,0.5134504088471852,0.6469340834993043,0.5322728845895026,0.5096477128922834,0.5431777704844085,0.5350474034423065,0.5778527475143022,0.5215371423577961,0.5002448526812691,0.5868340674404002,0.5581396613573266,0.4345598526685329,0.4750862605267609,0.5276337141232027,0.5891128037897994,0.4605670377079772,0.5641648672718064,0.5322668217223087,0.38914307631574896,0.682781924632083,0.6945864860449484,0.5207786108414192,0.47570450853355206,0.619733425508272,0.4917760915745853,0.4672944012131568,0.4740968793814943,0.4320327202592894,0.4771576481108489,0.4758937914872624,0.41361815311030486,0.40182964479457456,0.4855485355495563,0.48527884079201183,0.439529481745383,0.5433375886747025,0.48534921417379945,0.4609982596964127,0.491222505028198,0.5295275800347463,0.44619097733803553,0.41327287303918125,0.49447558784793916,0.631831859602732,0.476771695048726,0.4251833462423957,0.44488113226321013,0.5590832774632001,0.5432389652517031,0.4594250913904923,0.5282704371275531,0.5410217395100632,0.5213673217555034,0.4891566043190449,0.45408225782685535,0.504130139914008,0.5582767837823608,0.6373939353113204,0.5325642723018273,0.42121494808063104,0.5257341439395731,0.6447077512453825,0.43834008255701823,0.6359411425738413,0.5123389179567605,0.49562587920977114,0.49564744626085594,0.49134749474550976,0.6059775437490488,0.5867471005096699,0.5060899447953903,0.45634497500843285,0.4437759199403095,0.5318561761202933,0.4698993915815283,0.5149341752002032,0.7151284426399183,0.5380632708382256,0.4813434604997376,0.46642156825606923,0.46196728115288055,0.4853205297819039,0.46825094800017364,0.4943007163229928,0.557424552051304,0.5265385976740454,0.450983757418856,0.5589591045938557,0.4886229020450125,0.5475798517162572,0.450839871335267,0.597997891670728,0.46489684270980675,0.5442889631898596,0.633644646708262,0.45195875268458346,0.4617563502497246,0.45745821768589207,0.4313638827023768,0.5607253618237878,0.4834154265531373,0.3756310716750826,0.45595677956398106,0.5228640248386823,0.5410006612326241,0.5299958639752411,0.4632579401578015,0.5022877731734979,0.5542847598885663,0.5693079327441347,0.5653055657249573,0.6331686239601962,0.5759617534845355,0.4296505601628873,0.5754304356670658,0.43403462801008946,0.5560259582495704,0.4891910685389673,0.4683821038490558,0.49106644609545597,0.6922823963661696,0.49468895825023246,0.43422255289874834,0.5603284908890779,0.5123840100587118,0.5040554759716145,0.41713854592213356,0.5206015536975551,0.4874625534376429,0.520189960379193
