0,1,2,3,4,5,6,7,8,9,10,11,12,13,14,15,16,17,18,19,20,21,22,23,24,25,26,27,28,29,30,31,32,33,34,35,36,37,38,39,40,41,42,43,44,45,46,47,48,49,50,51,52,53,54,55,56,57,58,59,60,61,62,63,64,65,66,67,68,69,70,71,72,73,74,75,76,77,78,79,80,81,82,83,84,85,86,87,88,89,90,91,92,93,94,95,96,97,98,99,100,101,102,103,104,105,106,107,108,109,110,111,112,113,114,115,116,117,118,119,120,121,122,123,124,125,126,127,128,129,130,131,132,133,134,135,136,137,138,139,140,141,142,143,144,145,146,147,148,149,150,151,152,153,154,155,156,157,158,159,160,161,162,163
0.0,0.8248794153150668,0.8645735243764805,0.8470408336101115,0.8262342472515318,0.877042094429162,0.7671085276985535,0.8234390300426006,0.9285132424280492,0.777525480777242,0.9132058105273919,0.7971787934990545,0.9422750307916423,0.8292345769053365,0.7930624088376518,0.9036527420108892,0.9238449170049483,0.9459274120960254,0.848446367968089,0.9304754403262243,0.8578240677984411,0.8952603672069901,0.8716239347809016,0.7418897508953833,0.8735962411171619,0.7848060817046427,0.8927789777755817,0.9291464639217422,0.7405605021301406,0.8928500277136711,0.7806176424487562,0.8962221306515789,0.8047256779557903,0.7472342204186417,0.8903626538276075,0.8049559619419128,0.8620268789318147,0.9085150304501461,0.7217661487448479,0.9083841002949669,0.7923331506519568,0.8800668480775763,0.8179535963094979,0.7864176893657844,0.8149100004001832,0.8216947386634528,0.7692575498745104,0.8020424055603002,0.9146336370568525,0.9201717623498676,0.8771388216808402,0.8727504261874054,0.8264740923962912,0.8139006749985324,0.8092306639386869,0.8091616706204969,0.9455714444224986,0.9024542646635269,0.8124883828394293,0.8388610965219035,0.8118099679545498,0.7551434171444277,0.9121525503897059,0.7716021067383353,0.8231192324039067,0.7905416182808342,0.7981699916103254,0.8150761907920924,0.9059686749366457,0.858834434669076,0.8670947190775404,0.7964488968998767,0.9119970539019298,0.9145671019232955,0.9248781512954609,0.7575078191447833,0.8163749196870458,0.7758643063694318,0.758288425224952,0.6607081320326589,0.8064758033242326,0.8825343674280681,0.8485509024004243,0.8615681743923733,0.9146944350221705,0.9185921135354251,0.810041794007508,0.87465556262754,0.8522475469659977,0.7408318827130921,0.9468001972454266,0.7470519212784933,0.8915732666943372,0.8354562352259722,0.930024663357322,0.7700381866346059,0.736940173963554,0.7604413375747233,0.7214705939480456,0.8116047440469953,0.7112441363863153,0.7163975019460288,0.7461184136612065,0.6998972212124183,0.8977367902932497,0.8499800272168506,0.7962597269183278,0.8771833322652847,0.8038257993634267,0.7435493553070225,0.7920604239927427,0.9007981941285339,0.900523000105738,0.8679950784969592,0.8571334795395211,0.9277076708096106,0.8337088532335946,0.8265323200682465,0.835453069311041,0.8147874079632001,0.8611592952077228,0.7741552321866745,0.8206509676486398,0.8091101873849698,0.8170355501922927,0.7430547453137727,0.8079595588941101,0.7552851855845506,0.7790983192478161,0.8683403230742771,0.8687116458793273,0.9007170790917276,0.8099365746257543,0.8541418931714595,0.7690479755702763,0.7765959701661316,0.7962676081024199,0.8522776204521443,0.8884359270968365,0.8178556080020555,0.7746855373991041,0.8218294810994965,0.8891760263661169,0.883573568345648,0.8069329521317413,0.8376827779232432,0.8750372252777662,0.7405575176011526,0.8347320958545918,0.7146975749736912,0.8290129653352868,0.7942316624912762,0.8980660602241815,0.7751841817335178,0.7841817885134987,0.7788138715975811,0.9171088482670154,0.8084879920961686,0.832703146615533,0.8963663809974443,0.7185142516434311,0.8388877251106738,0.8625829596489448,0.9277794328265592
0.8248794153150668,0.0,0.8322327968903759,0.7797810983978501,0.7505846564378192,0.915651576077913,0.7763307923264785,0.7446344042739466,0.7965627980395001,0.8673825651156761,0.8084714323097454,0.8805183662005343,0.8340795363113581,0.8365326421825431,0.7360804364343383,0.8386206167352648,0.8652538910069721,0.7418469309412735,0.8516438011298053,0.8679693875514033,0.8213098516435975,0.8148146300771923,0.8085864539094332,0.758575655093329,0.848032919473094,0.7005218559392621,0.784012374543131,0.82330552441683,0.9183983816209312,0.7922832788298039,0.800426329480451,0.8814454463665348,0.8342961938385354,0.8079995877037334,0.8926288715502771,0.8791278192203456,0.7602544905779747,0.8351491447410574,0.7645221038961549,0.8649312184994042,0.8991026315315644,0.7976561756236678,0.6887713258924476,0.820725167426301,0.7942988179887113,0.7584247478146453,0.8121136828579506,0.7771276912980144,0.8422060824493318,0.8473610361665997,0.7818832428309921,0.8434361841182478,0.8582852619598536,0.8531769718085666,0.8453830121039828,0.9031750436754141,0.8310754809730552,0.8227806345357033,0.7625650357803897,0.8655027167210362,0.7543213216989375,0.7719665829699787,0.7678713220953027,0.8339869029880367,0.7148167289124275,0.693448187752846,0.7330973006409133,0.6860354354285629,0.7343154171282296,0.6960647883924937,0.7442298970630983,0.8199224599144235,0.7879579748645273,0.792730767621364,0.8482953529869507,0.7888141507869518,0.7154096436720682,0.8184968754705316,0.6958643998848478,0.71796923196581,0.8433304819379759,0.7506789067949817,0.8357813792911335,0.8243512179852768,0.832154927922957,0.88851323217331,0.6900619044079578,0.7390574533755494,0.8275296882907837,0.7850193763416221,0.7879413890748441,0.8445533439994516,0.9065588674500886,0.8328257641794107,0.8249252364986361,0.8399060707320651,0.7432422934494584,0.8810084472745104,0.7821541048526601,0.8166123651300173,0.7952637169258407,0.627177492905551,0.6711986106668987,0.7618279506002144,0.8198477825206193,0.7914601592567371,0.7766038288258744,0.8595466422948205,0.8424468654807103,0.8299513521339207,0.8094091437385698,0.8063161162642263,0.8151256684140156,0.7771325503296288,0.8120910058714821,0.8630672097419345,0.9023639157137218,0.7771923302411587,0.8668614963547457,0.8102223599392749,0.816375996489128,0.6783721414648534,0.8613509216976077,0.8017557726665522,0.836574562283331,0.8302632901627949,0.8095731723706207,0.7731320042985702,0.9273478158610411,0.7968316262391247,0.8606307042040383,0.807712945196985,0.7167666429616525,0.8502927865500153,0.759456588985254,0.7859911230102782,0.8480266034332099,0.8555899820883134,0.8133722969492239,0.7561517842424211,0.7445518667842318,0.8833063224136664,0.8966401211573479,0.8619191237582466,0.8489064570625166,0.7523825347418094,0.8483717964700437,0.7942364012574378,0.907547470402306,0.8213927957781121,0.7203884402250881,0.8912824192879317,0.8059013454165128,0.8245096683833776,0.8024656376062104,0.6774317502870224,0.7868941721955204,0.7996668830258373,0.8302405731684976,0.7995510615785466,0.7614760217688704,0.8741411093652793,0.9160598778025507,0.7707904188829395
0.8645735243764805,0.8322327968903759,0.0,0.8121452802031005,0.8724875600617009,0.890523325996479,0.7843498737076483,0.8117219063604041,0.801876042201826,0.887781921024764,0.9501059371021561,0.8831613225315419,0.9006108720536747,0.7148463043766704,0.8265659955010494,0.9353024941654253,0.9016050506935332,0.8522762975287734,0.8902386370415988,0.8431447754609505,0.9394579413463824,0.968355915642756,0.8224531218219853,0.8193644218903909,0.9162560742165313,0.7604936117710622,0.8063524198938467,0.8416929109984299,0.8079997739505639,0.8728922304945405,0.7537573023577824,0.8874533070009587,0.779299046226356,0.6989500603878269,0.7576315061753508,0.7701022289273391,0.853303444954721,0.8262444394457525,0.7913764346886372,0.8710357179854218,0.7906601442311981,0.8620904907073792,0.848606124041131,0.8054122933001293,0.7810497065395045,0.7811534987771687,0.7538700030584025,0.8840209352359952,0.8961525416695455,0.8545947730845214,0.8671932152114753,0.8155964168148111,0.7389757724514477,0.8689853106326045,0.8503459982841782,0.7361678994478528,0.8731517576069453,0.9237435807227333,0.7868983592734877,0.7560525234711728,0.8150848989839019,0.6807999822705288,0.8814052313615364,0.7058717442502404,0.7646537112050139,0.7467001284370302,0.7431350679126294,0.8373025076493958,0.8606498369016058,0.8408252416483013,0.8272683078465386,0.6794822662772411,0.7782608553609341,0.9232190371402464,0.8770637769729688,0.65807097327942,0.8562445686622072,0.8273266304412984,0.7065075454906445,0.648598825794415,0.8458219633400601,0.8116776158689777,0.8952411924208479,0.7886778479622728,0.8003751909527297,0.838949293715211,0.7788908875975407,0.7760724786915151,0.756525000428731,0.6914033031054075,0.8740996993562665,0.6757028864713344,0.8979570318883814,0.7399271998005129,0.808759652864821,0.8156683897544369,0.7193909645858559,0.7136764183538913,0.6214281365861968,0.7171460081468884,0.654785898404921,0.760006390558667,0.6900619103088691,0.7633075505133204,0.7756931339462181,0.820888737270537,0.8238344783169351,0.8533466973543437,0.7901684155141008,0.8388789767665612,0.8412061529348271,0.7878869651660246,0.8050940374052659,0.7991965152975811,0.7401046849392724,0.8310845369913471,0.742397741190819,0.9435528927933782,0.8779858355236725,0.6887135286768308,0.8047185539526999,0.7245237120215262,0.7200605148319895,0.8311782033229729,0.6764804803319273,0.8163228314779089,0.7122203903424765,0.7622426311532311,0.7901337094119543,0.8173395473211589,0.7898017212765218,0.9357931514166371,0.7179762719431182,0.7354081069706719,0.8357622041597151,0.7570584603334642,0.7938336282537203,0.7691451624765102,0.8984950436674454,0.8440919744971142,0.7475128671013385,0.7832820004168335,0.7935885780710656,0.84919636157899,0.8327957990055167,0.7496262558529938,0.8838314498785672,0.8282446782557923,0.8971419155718195,0.6732736910587644,0.7555693922890864,0.7657104021627668,0.8882200521510929,0.8602285530886391,0.8563952612110324,0.7817149314988617,0.9168198804872494,0.8628818462785237,0.7129355614291613,0.8043076495697387,0.7364478079145347,0.7014010230886952,0.838744065608281,0.8610227247795116
0.8470408336101115,0.7797810983978501,0.8121452802031005,0.0,0.736088021363234,0.8809244507297568,0.7968444308852597,0.8515108841619927,0.7932579221062791,0.7504234135242611,0.852007898378591,0.8627087656798856,0.838671396589744,0.7092431022621601,0.852355408990839,0.7987609146144734,0.7850938202763422,0.776640185672281,0.891862493999636,0.7771899800464022,0.8525800487344163,0.8174829105015194,0.7723681563294086,0.7458752530181141,0.8658698269217275,0.8063999303937247,0.7673642010079393,0.8080280718023419,0.70355924515463,0.7409472345461544,0.8311763308805873,0.8217872812695393,0.9254856948975343,0.7797353496130707,0.8010939889718879,0.8088246401885955,0.8447261342416251,0.7934719518339016,0.7886637183472522,0.8182731029075805,0.8354133643703618,0.7553280235789547,0.8115395407843151,0.851779877398262,0.826616957521138,0.7848668858795184,0.6789002175866158,0.8228009833270562,0.8189237413798426,0.8161535656740289,0.8962161692905294,0.8626299608697384,0.714473470554781,0.9145329357623926,0.8567546743892693,0.7294770742536291,0.8347428934735648,0.8817969438575511,0.7282168125666084,0.7612546021539764,0.8571672009278634,0.7066800424185418,0.892409381551235,0.6690616972662355,0.7601810434095555,0.7731669454697191,0.8184955372205072,0.7769200016456935,0.7657726614231614,0.8451669812620838,0.8383861074441475,0.6878320451422999,0.8150040163283635,0.8851595877595395,0.818388025366439,0.6898134637432487,0.8230187802008928,0.738196181917386,0.7814199570679905,0.6147081151025482,0.7732883877349446,0.9177559749413382,0.7728574367560141,0.8023524341683538,0.8488388862629968,0.8365435685310184,0.8436042585763824,0.8129267043904882,0.7992030625755228,0.7365268266149223,0.8517771687821433,0.7961888306330484,0.8139202136544899,0.7634067911717737,0.8264122206188332,0.8369935758156599,0.7740086196717626,0.7986113787511651,0.6495674600929208,0.810560714537867,0.6911218480701729,0.7712268144435844,0.874335825660104,0.8031708579711274,0.8384022295358282,0.7777449474333845,0.8062791249116135,0.7658954669819459,0.7549578896941352,0.7321018901298901,0.8911799845971932,0.8322072900781363,0.8887233676845568,0.7644739954504636,0.8068684191894654,0.7939204757432718,0.7534522704226502,0.750629432307414,0.8614088637161488,0.7378336475220922,0.7189989862288231,0.8448048605762833,0.724746279475865,0.8200497701578946,0.6955697486623773,0.8052592396369807,0.744477201644451,0.7613762288777723,0.7867801034963406,0.7803777963604044,0.7170947619788317,0.8146695632575238,0.7529402439352564,0.8174122911517784,0.8066444053090811,0.6718972498034181,0.6968564490195913,0.8078902937606246,0.8169628113278955,0.8276307484761096,0.8845729248853943,0.7214829335663133,0.8366542328652645,0.8505740995856862,0.7966692193811381,0.813832376824946,0.8489995198630809,0.7248093564324571,0.7715198714941988,0.630670890381895,0.8926675569747962,0.7503962976563578,0.7854048645561161,0.7053165028504824,0.8876178901359354,0.8032918465415496,0.8083360429966056,0.8374307581329895,0.8674875650786193,0.8213788639515306,0.6808995978583414,0.743711576383314,0.8488291608633308,0.8178589757330695
0.8262342472515318,0.7505846564378192,0.8724875600617009,0.736088021363234,0.0,0.7902025606214278,0.8174796332499136,0.6642185471420794,0.751506308995054,0.7459524401188594,0.8703832348579772,0.7759418639606348,0.7898581809909655,0.6938505862832881,0.7403790899325391,0.8535820552455308,0.872572622511851,0.8128993970722228,0.7632442401661219,0.743258587494066,0.8648278692841511,0.8752027864423394,0.8336573712555432,0.7979198963425236,0.7820416265033128,0.741626130644559,0.7500386848041172,0.7706879233359083,0.7529109969730837,0.8881437674286916,0.6478541669763829,0.7765944376382165,0.7070553406024496,0.6383760190065404,0.7329424852218912,0.696643355701563,0.7602244578403557,0.7630921637881014,0.6804008558043925,0.8686280602298468,0.751084494821515,0.882189553790802,0.7479309387908383,0.785732897007506,0.658526359557611,0.691595513812739,0.8004373263456255,0.795935352419656,0.8609058813811811,0.7887037387319642,0.8003247836061966,0.8188261268317917,0.7121026131673327,0.7499362514442286,0.7301645412220895,0.7321623426952344,0.8101240413142141,0.8473156011192577,0.7170139574104568,0.6981056755493744,0.65522588414802,0.6460764091505315,0.7968099194519678,0.6796035037881241,0.7102863015222702,0.6401418948310749,0.6450307418783714,0.7875092333177858,0.7854236672603524,0.7176117770020982,0.7622209833029722,0.6577299432258371,0.7395273564952776,0.8136794276731433,0.7723865950560029,0.613813368715495,0.7493584491313307,0.877214106560139,0.6222661594160187,0.7059713737203813,0.7927044170844968,0.7364515026537857,0.8725179999084783,0.690003240136157,0.7649184610535485,0.7552731063374362,0.6569178336801443,0.6989237597807667,0.6584452338731865,0.632148929442858,0.9020486131029192,0.6431827460944874,0.8472251320150767,0.6834482119801645,0.7996729004034071,0.7242510503733455,0.5949410441896532,0.6627864831076947,0.6410635545464738,0.6481714795690071,0.6043641445653316,0.6253791421651926,0.642928190328774,0.6660974678817014,0.7014601095426635,0.7600380897991709,0.6881200339607748,0.8083833815916746,0.7504943113679533,0.7768668812791402,0.7831092791447428,0.7753194778233301,0.7246214487993857,0.7255282047394424,0.6945492234052023,0.8435878487189096,0.7042336463944593,0.8147520472849492,0.8247315342352136,0.6855819895966239,0.8691491622185136,0.638272031262558,0.7241893797073092,0.7995550220849582,0.6926508102777696,0.7006820360361848,0.6884299939988958,0.6820922231711359,0.7034949392630941,0.732627796751156,0.7550438844374735,0.8430578188683691,0.6383141060875187,0.7216134383048988,0.676833780373867,0.7448570772437753,0.7534144711074584,0.7652469599564021,0.7546165090485075,0.7227477137565477,0.6443781862371443,0.746060163859455,0.7523049735727438,0.7536143000954658,0.7628509896129901,0.7319302867025554,0.8336726776230979,0.7320085661251706,0.7624279061370604,0.6612918108975608,0.6600021627120127,0.721955056800004,0.8207547707559033,0.8042682345529572,0.7527376557991484,0.6542934451129172,0.8163540569971086,0.8150067897034815,0.7003088502804864,0.7913828079565198,0.6742751573849873,0.7095798310241245,0.7345759980495675,0.9053620584605865
0.877042094429162,0.915651576077913,0.890523325996479,0.8809244507297568,0.7902025606214278,0.0,0.7842709332718256,0.8630239516598223,0.824951518335052,0.8263780727965675,0.8888511345984236,0.935113912209084,0.9286554581327727,0.7938363194843132,0.8292623930482175,0.9214424310904369,0.8755734668564042,0.7738789464864181,0.8889822944929224,0.8617709099835144,0.8943334671382976,0.8555944249251997,0.7776431594420764,0.7925698221153403,0.8853734053559664,0.8320743479457849,0.8017418590718732,0.8304275270441948,0.8426132513179566,0.8308150575876279,0.874977934966564,0.9331739408754799,0.9267452110742515,0.8264521657421834,0.8516828462142556,0.8889791215027694,0.8932834608636262,0.8828495705287637,0.8557747845406211,0.8794913375798655,0.919153247038158,0.783267997237328,0.8117599111656223,0.8986760437437937,0.8734567557806572,0.8500515235536482,0.7995105756476535,0.8914190117978813,0.8478430069034472,0.8865831852360941,0.897789954702529,0.9139406667316964,0.799524442777282,0.9293164919962225,0.9214428621342179,0.8586000839911312,0.8954306994490985,0.9305484979758148,0.7194003154420653,0.8712582931565647,0.8745203136061138,0.812169130550062,0.904398580489332,0.7537750613574248,0.7440820943102371,0.7868854527673232,0.8188646037765738,0.8045556944737253,0.7710277739771146,0.8126040682278429,0.8726305924705496,0.7802233262265306,0.8045211435424838,0.896675689890209,0.8903528686919779,0.7882909156255982,0.847544816817902,0.8674943785500414,0.8108790400997913,0.7584356453715068,0.9047322341299865,0.8428882771835372,0.9091000271406214,0.9053131637171493,0.8797751366383825,0.938309418060723,0.8247572554683682,0.8018312945338177,0.8836097854704873,0.8364303464141558,0.86034305938759,0.8213261528823882,0.9290657262022256,0.856578043602573,0.8314175356175219,0.9070249530949674,0.8176403226986545,0.8432767633532174,0.7258962171406055,0.8511817899401223,0.799674994508723,0.7497811894335963,0.7488981651109152,0.7732901797711086,0.8761070551080745,0.8896223792473517,0.8709508577756007,0.824490170166819,0.8649060698960082,0.8289925725867967,0.8744373256351338,0.8519704564965376,0.9013616881018873,0.8143099174352862,0.884356026209379,0.8895573998152239,0.8379840623995486,0.8008589412004319,0.8832461380081411,0.8007168670575474,0.8382804233685973,0.8167909878155822,0.8146539157348923,0.9118757052183833,0.7687633969618852,0.9102177069119214,0.8099958511229934,0.8701126613189974,0.8976735005849164,0.8657224650081271,0.818904581876658,0.9093385457184627,0.8152924984921497,0.8671521306397028,0.8264862549513766,0.7830310016145653,0.8653672325273124,0.8787521593583779,0.8385041358222622,0.8699220938018347,0.8299640743907727,0.8618780886323889,0.8705727304878088,0.8764226207276921,0.9170886001009927,0.7881025992257723,0.9374568094369471,0.8743073366815849,0.8695592903227679,0.7548631967517837,0.8366478961456459,0.8347699550755577,0.8114891341615524,0.8104538251939468,0.8888449199133098,0.797064622041376,0.8686275483209341,0.9213282069010933,0.8356180722942491,0.8851615697494829,0.7474923191571013,0.8239434433139448,0.9494310240975634,0.8312073343726246
0.7671085276985535,0.7763307923264785,0.7843498737076483,0.7968444308852597,0.8174796332499136,0.7842709332718256,0.0,0.6498788762362117,0.6655785860138979,0.7896400086425189,0.7419357595231075,0.7979970899676596,0.7463664458465887,0.6781502067858801,0.800610685157291,0.730279779066569,0.747740083795862,0.7137462814192825,0.7498172625061154,0.6915491619159487,0.8266602706194602,0.765623773420917,0.8218368320425701,0.8308340202758211,0.8193378991932289,0.7653456799354436,0.6603739211263112,0.6849518272629233,0.7380902407242231,0.699536147354196,0.7101549007621348,0.7755211894429408,0.7905222250637647,0.7421849523723696,0.7482568316943403,0.7332139478478321,0.7645278583991865,0.6654084908344495,0.6806266525236817,0.8831004943344675,0.7830677450345083,0.7735735514716082,0.7332219810378063,0.8654645258704234,0.7131184363568072,0.7279515516042677,0.8447324612186611,0.7934945254200355,0.8830815498805252,0.7471364498788902,0.8260412711910425,0.8299052386564539,0.6828385753583173,0.8109966729540108,0.7636320153213575,0.7909430535789542,0.7330768981893558,0.7406021986221265,0.7936279624373692,0.6946263765570715,0.6586918044469908,0.6561719342182166,0.7361945316304428,0.6717728565930645,0.744879028215229,0.6765350228325112,0.7292312385564431,0.7998041683956396,0.6884655979505309,0.6520906131414452,0.7642799284390093,0.6702818691058001,0.7248182137855591,0.7965002287619519,0.6687126150815963,0.7010221741131067,0.7294863347836321,0.8436409438639179,0.6339896003425716,0.6735594778267049,0.7842187325268121,0.766545164494193,0.7925451509982764,0.6455749790458069,0.7499349883796632,0.709013870297711,0.646414425894904,0.7384764923709274,0.6903180355755086,0.6726532054399452,0.7896729842314966,0.7952473385910244,0.7835447573310168,0.6989074485186603,0.7721062285494429,0.8055974841018964,0.6173075075684957,0.8016837326797215,0.6517028339099532,0.7521144962615909,0.6405744809603424,0.6289232986836988,0.7966944099988466,0.7779698988144529,0.6900479931788489,0.7408259430559914,0.7079483745561228,0.7428207598568718,0.8280840971369098,0.8499492395962228,0.8984110231256588,0.7521084136876828,0.7832979822856392,0.6199448232264642,0.6939636873990924,0.7390506313461594,0.7452420961123466,0.7587576768321804,0.8804907501547887,0.6602924955773236,0.7349420406043743,0.6358267438139185,0.7418872203076328,0.827885129001487,0.6752487431498384,0.7485533720068425,0.7103832757901601,0.6911911351112489,0.7561411229357891,0.7417890027169161,0.6650339843289358,0.7094471498008769,0.5866242983896272,0.6786888322852849,0.6957050008087189,0.7374660405565434,0.7203701255966475,0.8258060992874477,0.7329398092302103,0.68912189743491,0.7262907537223182,0.7057549304167305,0.8064074813818992,0.7321306031447655,0.7768003756507297,0.8601733277972821,0.777687073668291,0.7288379163825107,0.7698666256923989,0.5985023075009374,0.685926761514541,0.719894146706595,0.6883613959684696,0.8609542665066144,0.8118254286250661,0.6721407104698166,0.7166448525078597,0.8289594156141729,0.7907416721602348,0.7698138044705306,0.779314538457716,0.7112530201067805,0.7906741954886104,0.7474272943042797
0.8234390300426006,0.7446344042739466,0.8117219063604041,0.8515108841619927,0.6642185471420794,0.8630239516598223,0.6498788762362117,0.0,0.8364754921934119,0.7290671443188845,0.8406906212003559,0.8444992165716418,0.899147332866619,0.7032500811023492,0.8366725144897785,0.85308343564301,0.7508876376946668,0.7590841248950492,0.8310230320915251,0.8284139353138211,0.7922918128120878,0.7989184635469934,0.686804231892443,0.6847268839551952,0.8328632038293002,0.8108178188103458,0.8066933881531702,0.7825485802799856,0.6729498633443772,0.7600285283633275,0.9122966750980471,0.8557833910764493,0.8515607056736524,0.7650942981846757,0.7489546923954981,0.8115663278568624,0.9107357273126195,0.854916221486153,0.8731269266044561,0.7311192508068968,0.7630155451335231,0.6782067253708862,0.876442257217754,0.759278574892659,0.9225342525060547,0.8542146283127611,0.6398774827298838,0.8315981986559224,0.7487414344824013,0.832960041693572,0.8524560263647579,0.7577815198890961,0.6745404810965276,0.8476940572492354,0.8763177464769458,0.6942501146382063,0.8395909190539343,0.8905289246101853,0.6601746355873165,0.7980789355105942,0.9697825632740986,0.7589388210508784,0.8962056878281601,0.6671854631151586,0.7214330201730522,0.8342357675062745,0.8619518057340216,0.7985045703662536,0.7850364722656997,0.9362355671599965,0.8770576872542809,0.7040363385516499,0.756159853281933,0.8756289518163041,0.8548526063571297,0.7063000585291197,0.8922133966443844,0.6979052518387481,0.8890779044766441,0.5958677457610598,0.7267055756708959,0.874451486814615,0.7868185711404484,0.8951571912415892,0.8036366676462086,0.8895832344437059,0.9715023860043308,0.840717828965109,0.8795188600168328,0.8212521453190498,0.7845537665751497,0.7219982192707075,0.798522510438888,0.7645981380060087,0.7375160489356839,0.8266083476921016,0.88633486066011,0.7179998259589203,0.627604453284485,0.796906952023861,0.7469291038695272,0.914175176822878,0.7689895943216808,0.7260690993021105,0.8705737961802087,0.8439361409779976,0.8784099034778233,0.7171611590527213,0.7367439317539978,0.6843158649638226,0.7629664390024431,0.8013549081034518,0.8460401253012438,0.8307286153040059,0.8288927379336605,0.7592056023194454,0.6863691272901389,0.7813630366252837,0.7186429547425732,0.7202353015838294,0.7124081310583117,0.9440831335468846,0.666154746359021,0.7935003592164847,0.6522639559773908,0.8389649769737726,0.724833863146097,0.872538008890597,0.756735182019848,0.857110604170928,0.7349484162544433,0.8621418118153329,0.8988445977478902,0.7815657287445309,0.873431719440237,0.6673635404145466,0.7540456870258802,0.7653032847113298,0.8595973435133104,0.9500758722724567,0.8352146393258253,0.7405705060175927,0.7567193061879408,0.8350194302030645,0.8226298612725573,0.7458010561238428,0.8676195372902749,0.7769402994801679,0.7788003625555799,0.6481641375707848,0.9373291776092878,0.6839362379316947,0.7753100861947017,0.7033591408049022,0.8282116960634135,0.9280681510641678,0.8434257046755614,0.8111143244922197,0.7236867057046795,0.7933327982126065,0.6280860211370826,0.6819776765312073,0.8730614614547119,0.7508525832409879
0.9285132424280492,0.7965627980395001,0.801876042201826,0.7932579221062791,0.751506308995054,0.824951518335052,0.6655785860138979,0.8364754921934119,0.0,0.7339996062251232,0.8766655866316719,0.7580926708089604,0.8805577388328816,0.822587301944204,0.7236443657121501,0.8558645493801598,0.8573993881552103,0.8895465078039417,0.7969812820238004,0.8913550191740084,0.7544254134338582,0.8578650507473674,0.8009889944734766,0.6455854554895766,0.8060146788057395,0.6958894859065454,0.9450511685592,0.9129031963072473,0.7108656527989762,0.9019655159101976,0.7666783127379267,0.8279664004145737,0.7541917107456827,0.6857408175745631,0.8554334664875652,0.7733539602979841,0.7970221847433158,0.9159874228573539,0.7034030538452438,0.7829404767468868,0.7254173298146126,0.8466909068171944,0.7312906981196899,0.6893312853264415,0.7747117336905177,0.7327880273426791,0.6695714424170495,0.7147858700078288,0.8022315138981289,0.850613980768569,0.7715109198504967,0.7578478335807319,0.7817335178965188,0.7428166967272565,0.7586412526093661,0.7733492490823686,0.8639376841354737,0.8817395915589604,0.7174701217926673,0.8075113237276209,0.7949757791617725,0.7294927170239766,0.8280921899247284,0.755062371734174,0.7170085425608681,0.7003501485998969,0.7467996602499516,0.7212160482966924,0.8789095703121569,0.8689926262971159,0.7830882559186803,0.7642352712449287,0.8642469358583659,0.8225374307487544,0.9316134213807477,0.6848042116351785,0.7568687684493105,0.7009070482598696,0.7101086514600223,0.596391961056919,0.6995168492691223,0.8321662241975887,0.8005945603340391,0.8524154474298503,0.8343596655932467,0.9053710888441932,0.8068580268441373,0.8136327535153717,0.8214761022777848,0.7521872571789747,0.8838305280403637,0.7093061612283309,0.8292946432181101,0.7533152941713704,0.8661493381766165,0.7304874972835886,0.7256696108853333,0.700978135230483,0.714785011523534,0.745997681266285,0.7029105380836717,0.6927643148919929,0.666480418394423,0.6528819427306544,0.8725134842461204,0.7652114044726767,0.7229896514657697,0.8387167054678778,0.6950393443039934,0.6512682479480801,0.6897436946259754,0.8374854102739479,0.8183910428515553,0.9351787985967813,0.7949048166894481,0.887814444700048,0.7548612443592938,0.7668729564969468,0.7238222551985892,0.8388044549479055,0.7997951714842848,0.7792275728463975,0.7406588855190561,0.7149601023054852,0.8031654746189134,0.6951567862973549,0.7692077888794773,0.7345667871936802,0.7235868385762517,0.7921050050108662,0.9168570263886476,0.856756168336985,0.843638249195054,0.8763192237325168,0.7250556859648671,0.676890696471402,0.735977730542405,0.763531205156082,0.837012900786594,0.796842293951994,0.7284236157578614,0.8009726145329409,0.8362307908971192,0.8731615004553612,0.7416123732320489,0.7397200778951741,0.8441200240490376,0.6768142841211194,0.7825724784369292,0.735525253524636,0.7956470440508447,0.7552090044139481,0.8915807074501892,0.6969694881651347,0.7153816418946336,0.7489091855494373,0.867535470221995,0.7287294993255471,0.779745579426681,0.8129525717097063,0.6134676936692405,0.8057836763890134,0.8224746065560893,0.8791402334398989
0.777525480777242,0.8673825651156761,0.887781921024764,0.7504234135242611,0.7459524401188594,0.8263780727965675,0.7896400086425189,0.7290671443188845,0.7339996062251232,0.0,0.8198781838867661,0.8380673830345828,0.8038746327860049,0.7239807849501934,0.748502816528001,0.8114272876269756,0.808887890534848,0.7716075714008953,0.8220528457660214,0.7835145605527261,0.7987489231080086,0.8460785288507993,0.8291494931206589,0.7314005761747776,0.9266073116822393,0.6602047047612459,0.767865273321789,0.787631320586162,0.883777354762483,0.77097161594914,0.7352637235298782,0.8375753705845187,0.7493564187127303,0.7008249393307018,0.7693423276433619,0.7598258639985062,0.7612320267409572,0.754143208666126,0.7033817314155012,0.8009774140119122,0.7591710707714708,0.7993390213134527,0.730063750815209,0.7588111207055207,0.7396023194597849,0.6998010116784323,0.7435988240029093,0.7868474603970155,0.8720277894277072,0.7589623161017487,0.7458969748399147,0.7274350087542621,0.7139499618027172,0.7968505204015531,0.8121414865624591,0.7615014995840196,0.7395496794006055,0.7982743356096365,0.8143590443034812,0.7132487134068359,0.7245788112697633,0.6470727998817384,0.738163606164351,0.734631244977594,0.6809410917496881,0.6561703489785253,0.6877149526927633,0.7304853743360157,0.7971710651779897,0.7366046190358395,0.7003399249642384,0.6952446715476587,0.7283942695830445,0.78821303643468,0.7890155196277897,0.6917185046941976,0.7146564174887996,0.7678335445255775,0.6364279210720265,0.6056646022240897,0.7914439009027515,0.7018944410782969,0.802502466025885,0.7376920066485231,0.7211268678587662,0.7700408934022224,0.6894012012917959,0.7356035286162675,0.7453700024975851,0.6544112584111513,0.7590843458915221,0.7172123549056065,0.8354023090118612,0.677721136474005,0.7424901789959155,0.8368426166867238,0.6534819832698503,0.7765098089879013,0.6375886311013835,0.7078422337401865,0.6666679006145698,0.6608237544231155,0.6808820808163691,0.8556970694496596,0.7204781180576335,0.7188641268134496,0.7280023315179324,0.8598516220615391,0.7623324576059424,0.8101178025570115,0.7784284390392764,0.7089901888517068,0.749822903841491,0.738582094578231,0.6868057165287274,0.7428927488928495,0.7867918552554753,0.8966573557742906,0.8623220318784185,0.6898252316265516,0.6944769361438871,0.6513042705998429,0.7100604819675724,0.7378477655732084,0.6853278491611198,0.8076772255314623,0.6778134683804274,0.6914384587812381,0.82676498974564,0.7624355488402066,0.7878402513352919,0.7652159326013093,0.6433019754286922,0.6776107437986846,0.7517402294787171,0.7094382530874872,0.7656658958489695,0.7456582770055906,0.8631416235507092,0.7405632442664838,0.7651124180749429,0.7674966120795373,0.7626863091303702,0.7973045869553627,0.7831980074623671,0.7430680996111276,0.7579799139945798,0.7763819184809806,0.9578746441924253,0.6800765327692061,0.6731358272200897,0.8268376936674041,0.7691660919033543,0.8468340686786806,0.8205706777890922,0.6887631708856463,0.7707345361882507,0.7726938944142107,0.7433434227902563,0.7242801182697755,0.8170732101258857,0.7277116713318792,0.8383866952572312,0.720464922061354
0.9132058105273919,0.8084714323097454,0.9501059371021561,0.852007898378591,0.8703832348579772,0.8888511345984236,0.7419357595231075,0.8406906212003559,0.8766655866316719,0.8198781838867661,0.0,0.858297767643588,0.915553081107785,0.7543401345488852,0.7968251597205432,0.9482767106677339,0.9179972518909743,0.8882990462982305,0.8854262922638686,0.8692209916077211,0.8977965836928263,0.961731919079742,0.8313937364194836,0.7564291786415923,0.8994975984898993,0.7713276315629884,0.8777426864892862,0.9008321845270394,0.785701774635334,0.9132049505298823,0.7635564120569114,0.8752569316677953,0.7898036777063465,0.6978240949852156,0.8086357503829177,0.785635151404898,0.8664949464819289,0.8967519424063423,0.7807882163474076,0.8484366664956424,0.7824409056717463,0.8782586132588541,0.833896174853019,0.796199549780744,0.7828954045907585,0.751620236782635,0.7039146191145607,0.8657901097265465,0.8830695552085843,0.8676715368744181,0.856425253337875,0.8182278891196949,0.7374874218787818,0.8461161500439455,0.8485625758947078,0.7296294594127396,0.8943447099370108,0.9686596857080131,0.7512955213976471,0.7687117043786144,0.8315233443962944,0.6945567087987804,0.9080843343002354,0.7266218960548724,0.7385205698099035,0.7274801218956028,0.7507308759315438,0.8048749854789132,0.9033224831792498,0.8990465578353137,0.8281990839399436,0.7074752157149512,0.8384853858352926,0.9128970236213919,0.9276996576764664,0.6476785304783172,0.8497243469095237,0.8001539766611099,0.7225711910093824,0.6416813079521906,0.7984178529024003,0.8360069736786601,0.8645850348171534,0.8401224709583921,0.8429633723563301,0.8766820763311084,0.829633268545135,0.7968946359453798,0.7696546099974452,0.699813215838936,0.9318642543059138,0.6776384082618824,0.9002849829158497,0.7398595847211055,0.8531782133941176,0.8004238933479657,0.7215689571156765,0.7067852358266709,0.6546874026611836,0.7169682876085636,0.6770706087301951,0.7570208741783587,0.7050122732738572,0.7333935775515353,0.8275691079501047,0.8036760575829335,0.788891985190126,0.872007012625285,0.7368509614697293,0.760403494496084,0.8107768378718019,0.8431595121981306,0.8340739744837652,0.8838982769214385,0.7732705222778684,0.8696085469864038,0.7393815536592461,0.89945962969895,0.8558293187134535,0.7529843408979082,0.8321076522568482,0.7770705600798193,0.7401206227007409,0.7973191620424881,0.7328756114788615,0.785337221663353,0.7285421092511244,0.7585031452505845,0.7779557411326724,0.8126756949643583,0.8301312664271373,0.9465476642094491,0.7907864421685129,0.8132227069595405,0.8171040559752554,0.7226626432195863,0.7680133620665306,0.7806821538827724,0.9050144766244244,0.8496631139702137,0.7659229171047603,0.8023916491318482,0.7986069920588784,0.8877568216519677,0.8310246827094894,0.7547222352758955,0.8889858445413171,0.7535501385304211,0.859362853097045,0.7036346422158339,0.8058339403507059,0.7677797768639378,0.9257494598125388,0.7647992104727752,0.8304440664998932,0.785581946291071,0.9339771940971276,0.829974990767654,0.7661653331574979,0.8394007634495707,0.6681882654554678,0.7500868704817261,0.8281371695994839,0.9319825962258095
0.7971787934990545,0.8805183662005343,0.8831613225315419,0.8627087656798856,0.7759418639606348,0.935113912209084,0.7979970899676596,0.8444992165716418,0.7580926708089604,0.8380673830345828,0.858297767643588,0.0,0.8472403653606864,0.6983157066774989,0.8646901896311358,0.8678035506923254,0.8040457717234557,0.7136428494696146,0.9080905825290619,0.8061632640782519,0.9003753112330772,0.8389955815771949,0.7731556580138619,0.8467930920567467,0.9046006703279122,0.8127877787139569,0.742765676378578,0.7632740655571527,0.8252557598798183,0.7802986289679532,0.8834512169871919,0.8630968001157617,0.9056383362432545,0.8255646477762089,0.7853076533372934,0.8496144702745234,0.8683258575500755,0.805462872429683,0.9019374480694762,0.8307945327152154,0.9092441353994263,0.7429421517313856,0.8162913514723774,0.9073234299486886,0.858828920656563,0.8116757920156589,0.7590938500887565,0.9080595518524603,0.8315046955079526,0.8176837911163131,0.8584240336459327,0.8533083502449234,0.7010501468799322,0.9355893830025908,0.9137108520832867,0.7918068682997875,0.8262064508694957,0.9006039175652062,0.6862218582806424,0.7904243470528479,0.8366463141325297,0.7235229880920244,0.8403370250619974,0.7018854993613332,0.7033241132515078,0.7383557260584501,0.779819054554794,0.7794567730188603,0.7173837998786511,0.7862355370099079,0.8241722176921178,0.7031466340935116,0.7193384547450504,0.8534587134111009,0.806548229922648,0.709995634551742,0.8224342838030392,0.8502967331899524,0.7928992695316968,0.6933331868554938,0.8377471458126775,0.8148491418247711,0.8828345423934177,0.8173356462183706,0.8005465001212027,0.8801508871520567,0.7979751404707464,0.7389549970218818,0.8036425615115687,0.8164812279760013,0.7962342523439883,0.7946196687262427,0.8722535364030259,0.7679176222758938,0.7410788346621229,0.9357831846448662,0.7807140147749008,0.8396104874434142,0.6573046304081825,0.7824549538751148,0.7489336099530927,0.7608217351615906,0.7540013662775126,0.8488740540608155,0.7878336290544115,0.8403670447626852,0.8407169490729162,0.7985617952711687,0.8245699383366479,0.8679770845157857,0.9074039069017709,0.795446424908948,0.8086900014731255,0.7441056516254398,0.7928731983963475,0.8020381306664891,0.765241712093585,0.8236599731114537,0.8629058529734468,0.7101620656299771,0.7737374569239789,0.7806976065529108,0.7506457575152556,0.891220065165059,0.6855093442462576,0.9351975166973024,0.7190005553205043,0.8550753780414057,0.8778698726465599,0.8102979419797792,0.74472833191614,0.844314153932826,0.736329478945856,0.7893084980869848,0.8689207804761169,0.7318774111443911,0.8533431546327443,0.8426657972463227,0.8522055663521757,0.8869743177838303,0.8094414130366971,0.7820209264057306,0.7996245391838006,0.8219369873555985,0.9117184177383099,0.7705132582980859,0.9269467667097406,0.846078268988159,0.8832477662924757,0.6934348744183256,0.8250239124336098,0.7721138987646528,0.776660123996381,0.8220115372891321,0.9553854059236719,0.8027372242112952,0.8241473582092349,0.9221883425793738,0.7753320104799741,0.7798316188252185,0.7048691601032386,0.7370249555049134,0.9245830602291513,0.7845012893909811
