0,1,2,3,4,5,6,7,8,9,10,11,12,13,14,15,16,17,18,19,20,21,22,23,24,25,26,27,28,29,30,31,32,33,34,35,36,37,38,39,40,41,42,43,44,45,46,47,48,49,50,51,52,53,54,55,56,57,58,59,60,61,62,63,64,65,66,67,68,69,70,71,72,73,74,75,76,77,78,79,80,81,82,83,84,85,86,87,88,89,90,91,92,93,94,95,96,97,98,99,100,101,102,103,104,105,106,107,108,109,110,111,112,113,114,115,116,117,118,119,120,121,122,123,124,125,126,127,128,129,130,131,132,133,134,135,136,137,138,139,140,141,142,143,144,145,146,147,148,149,150,151,152,153,154,155,156,157,158,159,160,161,162,163
0.0,0.8625076825797654,0.749954158299179,0.7655814318484222,0.8873129921351514,0.7206873153866166,0.8759518478086555,0.79424934599389,0.9250942397310603,0.6509016948333203,0.9194181063529595,0.8587048063745898,0.8155461209287549,0.9298244291518483,0.9166005249386135,0.7833183902147228,0.7797848771243593,0.976349926499977,0.8708503779585307,0.9345619197958653,0.8527927816538389,0.8873434759887819,0.8409007068572035,0.9235615058083335,0.8655946407723202,0.8309577144257712,0.761787323069287,0.7534320978891825,0.7589936219085968,0.8460204671235309,0.9181993125272983,0.8369325562671959,0.8393920285601345,0.7900939085074274,0.9639148211919591,0.9203159772834394,0.897634714459484,0.9514595711743533,0.8784645855701944,0.9104253852680894,0.9133603385082086,0.824960482463496,0.9210102518972028,0.9276804029930104,0.9029319807874496,0.8676653219003393,0.8639529930912194,0.9162950241747144,0.9520607368267487,0.9335416603038729,0.9111052348596813,0.8457864571563939,0.8328910996316101,0.8338746194836156,0.8870653611084007,0.8180091938049937,0.9242503613123256,0.8268627755197139,0.9332013388467925,0.8911264201709194,0.728321490774279,0.8420129914391868,0.8936157644796501,0.8917221325542288,0.9066821812675652,0.8371701667156971,0.8527223505946132,0.8477936845703677,0.8292721780875291,0.868732913489567,0.9480221789872304,0.8964496722637402,0.8628583746761022,0.8198806967103236,0.7692318376323047,0.8850907375758109,0.7501622158045698,0.7735883432856957,0.8642357000202517,0.6496747710763909,0.7544374187467638,0.8923487792199448,0.8673589493489775,0.7908473414185826,0.8819199622591622,0.9457299276926351,0.860495414256756,0.9136280227023813,0.7646618644033442,0.8886929832881995,0.926969546857015,0.87871273985953,0.9227680361114408,0.8960119925106281,0.9069359554298084,0.7952215540810647,0.7864276884561123,0.7966386584778682,0.899952822539494,0.7754783791270456,0.8609852860354538,0.7716134795895409,0.8311655196840907,0.7775354773194987,0.9676256408210556,0.7789136069286224,0.7058169585202905,0.7299438827100599,0.9120376048583332,0.8600286560391193,0.8685662101646477,0.9583414613000105,0.7859285746858896,0.7207711652735866,0.9344964569200538,0.7992779571644948,0.8395763397685957,0.8617878028364562,0.7430061425693208,0.7403250039281549,0.9164209695177296,0.7122635536590447,0.8854292203407176,0.9114870975019516,0.9056608241732148,0.8178163033708253,0.6999126369460043,0.870323521936312,0.7879267539006118,0.8895189844206728,0.7640525378151989,0.7298495503646213,0.8149103524466046,0.9108328847316915,0.9066467554669895,0.8853976284544144,0.8880566749480112,0.9333241033234341,0.8886233172027543,0.9248817995663452,0.804385539153493,0.8832358980107492,0.8490270481161162,0.8641211574996575,0.9196079144343714,0.8922914658487682,0.9180410729663968,0.6460840926845045,0.8368667151505177,0.6774857775739666,0.9692492298805535,0.8594855163402999,0.8649170537859543,0.8029414670324112,0.8216562168609312,0.9412142606705848,0.8813510523013612,0.7228248871071559,0.8774255723800013,0.8180255221220454,0.663448439251137,0.947166666296955,0.9348472369007678,0.9717329753083076
0.8625076825797654,0.0,0.8984933650730688,0.8696166750307514,0.8009318258431509,0.872393828303807,0.8686069529906568,0.877656508859387,0.8326808816192725,0.7661118812948726,0.9311528593825078,0.9434986036717228,0.8333867334240099,0.8478004432947495,0.8626254394327345,0.7910697717269153,0.8316540361354674,0.8255040499355827,0.9529255856540795,0.8476225368343183,0.9327815784550826,0.9592823262361977,0.7454811102734336,0.9235161070368763,0.8516359021855893,0.721049458877191,0.6900821663573506,0.7854474909362748,0.8230878992514,0.7457447961184558,0.8376368007958639,0.9015429985763903,0.9038163778418681,0.7748789635853388,0.8326623611658267,0.9280151401539215,0.7810705122932201,0.811257205636437,0.9019200410567778,0.9114910437237531,0.9337269447559958,0.9162536068059207,0.7798462108352753,0.8695606442586422,0.8719138684419355,0.8236692873871709,0.7611908187829579,0.8526688838370294,0.8340898681907287,0.8784091213776961,0.9388154168747016,0.8727385534197494,0.9051629318068429,0.9744066658819092,0.9204512936144332,0.8754714754707618,0.891995708780765,0.8797125115338389,0.9324114589328896,0.9013425702890827,0.8790533026575574,0.8233302567945109,0.9011279248180508,0.7841727585344989,0.8619831683145184,0.84283717341122,0.8999113783070898,0.7504719135411438,0.7145641843809399,0.8256780937169801,0.8718133667559942,0.7237895392699331,0.8760461173019927,0.9160283238264344,0.8765259463772309,0.7356715464901722,0.8513130315368743,0.7461885686126056,0.7455520610154653,0.62456184722097,0.8480233301656136,0.905801152986378,0.8573666705364329,0.7558091615330319,0.8570398161026541,0.899575702167797,0.8168279961900721,0.7642644511504213,0.7386588945414961,0.9052370687564387,0.8336806123746222,0.8836499934169394,0.8896820500245688,0.8937878988353827,0.925658112798916,0.7863822497957437,0.891228483874598,0.8176919656735799,0.754253368348858,0.8433317324786321,0.7486775190437824,0.8275717496452234,0.7547864343279947,0.7704161046274985,0.890962487789328,0.7357963181877794,0.8069014446220651,0.7295636009817029,0.8790193006335711,0.934488434061852,0.9471233979979355,0.8218295097776649,0.8614725751753223,0.7305067906671673,0.8185579656772423,0.8241508353810127,0.8314728179444257,0.7853972302926948,0.8498641788032676,0.6878875242312453,0.7833456919423095,0.6859555240869576,0.8221322950832524,0.9139742076275275,0.7770346437421758,0.8580250187699101,0.8112324551920002,0.8708528323932011,0.8624360848617165,0.7437469331784433,0.787228116666886,0.8423594928862553,0.6931660363027019,0.9032922838283228,0.9177771285630244,0.7788631839725648,0.7411492195407273,0.7850088233993885,0.7991734714159696,0.8345733705914653,0.7873603450087123,0.8780099595699318,0.9384505488420333,0.9415253097740364,0.8297667731839452,0.7383576323334814,0.9073621106600083,0.7597198204955177,0.8175405516135712,0.7217175770395646,0.8676131696121497,0.8643241258806754,0.9064914321685467,0.8734211437722286,0.8630840022155555,0.8721287045817856,0.9024141483676449,0.7929267333832568,0.8100456861437153,0.7893607233675668,0.6920443095594006,0.807121618383776,0.9131479191818879,0.8788516607944014
0.749954158299179,0.8984933650730688,0.0,0.8047719548833939,0.7172685111289427,0.910114922375229,0.7358725742099316,0.9088687313638573,0.6887257653705937,0.8327808181666942,0.8872957211594383,0.8965960968743507,0.9010612990199707,0.7273229963550685,0.7128480316905924,0.9091441981146944,0.9134685338245194,0.7402994195174508,0.8810050664402153,0.7727587153597262,0.9134872068157498,0.8595989197076594,0.7255621575361436,0.8342620105423919,0.8220524469603657,0.7321113844323307,0.7027575226268745,0.8365522881370834,0.7960613428173227,0.7463405836800907,0.6969133906442588,0.9484203523082362,0.7829335437274241,0.7837086597810756,0.6927240990519833,0.8179254476422639,0.7306060160198999,0.7485320989423205,0.7781753499658776,0.8640023402874819,0.8220071368179207,0.9056785010174088,0.7248596803590125,0.7470696231215642,0.8346963550891237,0.8114508514857738,0.7404183354695848,0.7829967919086792,0.7483444587620307,0.7797077869929672,0.8448879527217895,0.8472480331311536,0.7859974323611885,0.8819623563236826,0.8310676514941814,0.8354861514876603,0.8179371255831434,0.9088001546509622,0.8072451694984976,0.8339793012069242,0.8904274412225582,0.7861545003130971,0.8787164276651483,0.7047635407072986,0.718810403878004,0.8098554346623785,0.810893484778768,0.6893537867319413,0.7195378623997741,0.8071880890268451,0.7521743788162649,0.6182335904029268,0.8200385388471136,0.9291753433008932,0.9288374887274728,0.6453348100711132,0.9145109653936564,0.7453474673716602,0.7260624743952209,0.6624222978977095,0.887564192756569,0.7549963288351563,0.7938435859814771,0.8073069059532191,0.8243527035015175,0.844084706433621,0.7866982764624881,0.6520854542394134,0.7717595245498389,0.782931957037904,0.7623041373483643,0.718131426897529,0.7887603747888703,0.797748354159579,0.784856568173481,0.7036452739273427,0.8018698193479286,0.7971816334464977,0.6217759921122579,0.834576411391366,0.6272064283331976,0.8753565593436498,0.6740872145900406,0.7173424556117098,0.7791967741393185,0.8103170244884813,0.8835275689015343,0.7982993203132532,0.8277934940003172,0.9046786233524776,0.8680074875614108,0.7205013433459001,0.8328394060517221,0.7961387235390911,0.7616349888752343,0.8598431656740557,0.8092486789132006,0.724919198041316,0.8939572738413033,0.6502506917026497,0.6856653353368388,0.6652442757029943,0.7885122588607733,0.8284980677409776,0.628900313914202,0.818545674919992,0.8187355219610544,0.8436434105194964,0.8949045296171584,0.6514876887839359,0.8412058197114015,0.9307096128052029,0.6655296200305376,0.7454069471470084,0.8047600263630119,0.6512167647369469,0.7031922455971565,0.6674852071510605,0.7650022758228285,0.7308390820002252,0.6768772057475367,0.8462516358686433,0.8098378551504555,0.8147567200813235,0.7512717617017761,0.6747038304791556,0.7785678361701274,0.84637802648738,0.8168114510363635,0.844759078269767,0.7316954362905214,0.7394950904937941,0.8349417718035936,0.9055491450581872,0.8507531884109285,0.7577177426981172,0.8571019680916491,0.8604768342421893,0.6598155575967799,0.8029763600703865,0.7248247462629309,0.6787058756460022,0.798135889616125,0.7595795440795454
0.7655814318484222,0.8696166750307514,0.8047719548833939,0.0,0.7049322043966877,0.9038126966358554,0.8345915969254927,0.8649438714634654,0.7191272850106348,0.7196934243689634,0.8276705426819584,0.8878262084183808,0.7683296856852703,0.7141920855087067,0.7508385885803677,0.7121277654628222,0.7949471730844284,0.7218319713320436,0.8948465760983141,0.7042828287758249,0.8566284778043857,0.7957173849319442,0.7355150628095376,0.8050094561998771,0.8040733664736703,0.7391598338266033,0.669490726145512,0.8037326682110235,0.7166672817289937,0.6737504003959902,0.7310922100143702,0.7918207205662187,0.9382556409100774,0.7921098724580812,0.7351751422538149,0.820090928713728,0.7063270217336322,0.7002054680110965,0.7484134707240966,0.8462338449695234,0.8735834584626698,0.8819768138168559,0.6799472421124761,0.8008211425816789,0.7870720072669317,0.7505286286533921,0.685894981703101,0.7330848142004799,0.7332190439936687,0.7357219970682869,0.8744434962056152,0.9055334262543159,0.7848619488472938,0.912416556709208,0.8066558948848243,0.8767364915162449,0.7807365291542299,0.8902390604306406,0.7660648729942413,0.780962855076692,0.8386766658457384,0.7235247569933302,0.8788057294819706,0.6401819610042546,0.7219763866236004,0.7538456364815157,0.8202012537214155,0.6604826298956168,0.6321661855661809,0.8085002747558284,0.7513654074195546,0.6102862979469728,0.8586803227362924,0.8680858882730567,0.8300086550809554,0.6550719668889979,0.7814421163934646,0.7050868399440766,0.7197903263264752,0.6244736348943245,0.8296111317171171,0.8305039346894689,0.7484858578636114,0.7393829125115504,0.8381255582026932,0.8169695866981366,0.7943944831982972,0.6681875163719989,0.7521419458053946,0.7990962615630375,0.817158495609859,0.8569466541656522,0.7489538274035684,0.7818388908428636,0.8404399915952877,0.7457307463073495,0.7679858031600232,0.8720742784302533,0.6588418450866956,0.895496520963113,0.62542900069136,0.7383754814029162,0.8270740277888783,0.7794943394652754,0.8090724716416574,0.6994075899270065,0.7616036213252605,0.7462294966039332,0.7776212375232127,0.8120216960395523,0.9219916337349637,0.7407954125605153,0.8987600652200748,0.7016559155901265,0.7917210538305559,0.8526681095844384,0.8290784376459577,0.6308364717608596,0.9042889341560676,0.7831412248437388,0.650956760272178,0.8031901603374004,0.7697864323761939,0.8477278280467566,0.6591586091825067,0.7896906336381128,0.8177610129911921,0.7412177597784134,0.8387300707596906,0.6174179367311963,0.7457409769271535,0.7706844532013893,0.6242467967224565,0.8342882868536587,0.7500085208907759,0.6274974201366057,0.6332409663618784,0.696013726377114,0.6954071745354465,0.7084067190318754,0.7977723910535942,0.701149467310701,0.8691601936196438,0.8126832980906791,0.7052330561179161,0.7265541284300896,0.7823175337379831,0.7068046001882953,0.7129312800237483,0.6535093732377689,0.7958801454312449,0.7927476160606253,0.7736709317402176,0.71293473324226,0.8926782394887054,0.7352006886121059,0.775197486322149,0.8614035904606667,0.7961937267317822,0.8307444764767563,0.688390540606445,0.7487079656580152,0.8070550500965143,0.791155513811357
0.8873129921351514,0.8009318258431509,0.7172685111289427,0.7049322043966877,0.0,0.6593065207751975,0.9141354747893702,0.6883047263084698,0.8887331489914768,0.6288055448924664,0.8705322478745674,0.8236862454841846,0.6971497639271609,0.8570009891409109,0.9309356768688783,0.7298151196392207,0.6864144387072055,0.8734335645512981,0.7763128239123177,0.8031480455343275,0.7782995381913904,0.8697250272725634,0.7739856813517436,0.8549624850401162,0.7808731494503132,0.7782436760539104,0.7179778677151856,0.6257909764643533,0.7899172747146089,0.8948045103239257,0.9043347464313292,0.7537926569393641,0.8131817070784001,0.6716414034465843,0.9015932485361838,0.8864015668782684,0.8539574137889672,0.8896838777064929,0.8906431651610713,0.8156574312991096,0.8723466191692484,0.7581217247859524,0.8907325247526886,0.9267937877417829,0.7767445716342705,0.7468121264078746,0.8808280743775899,0.9050132927721863,0.9016080421732429,0.8769805438353806,0.860255069438568,0.7491525080556467,0.763234533899576,0.7828786633004206,0.8847338103128009,0.7330607014164833,0.8142864013781307,0.7997379388950261,0.8344869635075982,0.7954287874070936,0.631006768366167,0.8178440152232673,0.7933349823768505,0.8489958857373441,0.846071709578095,0.6957428850173127,0.7309577478471502,0.8800819332683091,0.7749582703364345,0.7801628830326697,0.9058524301336216,0.8637191655897442,0.7139447283744086,0.7299789160492967,0.6649356534028136,0.7783020782875474,0.7082872764591828,0.8796970326119782,0.7403677580168497,0.628504530788797,0.6796296815403615,0.8374380235986799,0.916936280697975,0.662014743324869,0.7512498014835318,0.8180548437397687,0.7432351861017629,0.888807425304202,0.6348366469484292,0.809524893095376,0.930735717877105,0.8598917234984352,0.9495304560269773,0.7640629763527779,0.834079690740455,0.8280379027617963,0.7094776073896424,0.6945623306646799,0.9138402294423869,0.6451330320775831,0.8637825846663403,0.7099251445653633,0.7797935346860259,0.7585854934130649,0.8526024762702259,0.6857866336282987,0.620510186494816,0.631381480250015,0.8498916572864782,0.7741946155856056,0.80369110172735,0.8983659852196587,0.6633088224868404,0.6539327656030081,0.8013366612582439,0.6960557616090693,0.698036495722688,0.8806482088977069,0.667563009588519,0.6906232778980189,0.9410145498621882,0.6916671182046382,0.7335422968496276,0.8837009372941993,0.87397397267475,0.8151883986674204,0.6269461992747898,0.8792492158633509,0.702587839003524,0.88914551862716,0.6808705952085813,0.670397336772552,0.6909407128268219,0.8526916354575129,0.8297519305871092,0.8917605034750549,0.8345763376692946,0.9282575538576057,0.7945814213665192,0.9260880339435855,0.7735558884976832,0.8700134392988261,0.7787507656681247,0.8385733983480543,0.9098904916147967,0.826543100255429,0.9285301986331377,0.6443360849418188,0.7669093703167439,0.6182913991448116,0.8651576612169087,0.8392214599882009,0.796293062684612,0.8180488108115871,0.7570856817275466,0.8549662207785046,0.7616937216917955,0.6836554795371758,0.8448563951439816,0.7453643780168101,0.6043537829293624,0.8603945252780019,0.8934275614511993,0.9182040531994242
0.7206873153866166,0.872393828303807,0.910114922375229,0.9038126966358554,0.6593065207751975,0.0,0.7462126118689164,0.8884998272125929,0.6605446999693085,0.8045925169082324,0.8311879048627112,0.8596115326256446,0.8629988852505954,0.6868910244690719,0.6812892850603943,0.7965436413986677,0.8511597255740345,0.6830729761632464,0.8592956597536154,0.6902638933073805,0.8644842351181166,0.7933361218356868,0.6769573710097151,0.779214337633608,0.7979334863154219,0.7115107782771779,0.6399579309860316,0.8252508343829136,0.7451300418784865,0.6721271251662123,0.6656626563656256,0.873420954741534,0.8388049536392024,0.764430834246629,0.6618311715918999,0.7559958048890653,0.7038799700385631,0.6702982045098576,0.7115204858293329,0.8207398126464479,0.7974609998213502,0.90756538174263,0.6506381032275393,0.7378426340510863,0.7670293605567234,0.7480656137081751,0.6781348165754018,0.7299611303820579,0.6885102851852454,0.697776412432481,0.8275033183317914,0.8747355086997121,0.7636695712890301,0.8835910686900784,0.7771744479472132,0.9227102501104658,0.7575158608713741,0.8859618957162078,0.737887946921174,0.757639882139005,0.9147342000283849,0.737572398461866,0.8713532946587484,0.6073636505868757,0.6757867662735445,0.7736390791444286,0.8191823026710973,0.6696338649265909,0.6306403007847361,0.7980503765714461,0.719516014491146,0.5652979031674003,0.8368009782542416,0.8997058900298195,0.8971689707310274,0.6387027763274417,0.8559220801553258,0.7079983540617,0.6842230626475789,0.7144803125168138,0.9473522790478615,0.751444067775076,0.764805437888776,0.7908353376242673,0.8000522582770976,0.7899619896616075,0.8025548866522151,0.6094768710152993,0.7743684454833315,0.7792609890057534,0.7401121537863204,0.7416123411821203,0.714302868158897,0.7715408573366266,0.780597454314671,0.7127786070089152,0.7691289924619813,0.8254570989286248,0.5871828299449471,0.8855493440422482,0.5897080384649152,0.7849262900642401,0.7027624675363768,0.719641746674808,0.7437327365364841,0.7362108615486703,0.8256150925363885,0.7741056374037969,0.7589915475384732,0.8586708467273747,0.8769851983983056,0.6657992559476653,0.9394752442468423,0.7386296057672996,0.7426928581795376,0.8676394005145809,0.8228233865762989,0.6237515002586089,0.9393611546836882,0.7138980392302564,0.6139810879093845,0.726349310275695,0.7633320944475059,0.831058936992221,0.608409182037622,0.7956037592169142,0.8309646680360194,0.7472969368362906,0.8585073022193905,0.5864798128429671,0.8091100940351538,0.8731988019373901,0.6479973171833358,0.7517407418257326,0.733854806795873,0.6003114863492129,0.6308462686464409,0.6256504862598701,0.6702424366595187,0.6601697776734388,0.7282880927446627,0.742275491698959,0.8124129938796895,0.7651917707747719,0.6884948778755811,0.6514570620727933,0.734588437306265,0.8323455873826684,0.7289751711969005,0.7233462281227835,0.7163461184327093,0.7500972414957862,0.7511879153841003,0.755890667185382,0.8614856295515232,0.7176572606043472,0.8180434884447391,0.9248531364302959,0.6956919780869498,0.8549138074103962,0.7533744143230439,0.6867070143816044,0.7640507377458396,0.7338320620608247
0.8759518478086555,0.8686069529906568,0.7358725742099316,0.8345915969254927,0.9141354747893702,0.7462126118689164,0.0,0.741530876926889,0.8604819183040165,0.6933666707806833,0.8823460146379623,0.8888391333809171,0.7125877482689983,0.8447386822888006,0.9387683529425698,0.7001863876591438,0.6930634341222759,0.8328262126805392,0.8357141286469455,0.764409512309227,0.8008260342581316,0.8664674173822845,0.7831315343016407,0.8611081948711228,0.8423645125535717,0.7751519450614544,0.704289465061701,0.6616558498096863,0.8352564414477962,0.8084976951806091,0.9201337384434202,0.7723753381606069,0.9451815231721683,0.7141702108465932,0.9014140827546407,0.9093397851586995,0.8521578669736116,0.8294742907173414,0.8781028975956261,0.8395478484305936,0.9273970086151165,0.7946827489133638,0.8304926696379253,0.9706369562571373,0.7940310485932978,0.7393125591552969,0.8278820462125168,0.8948595909251403,0.8874984595856437,0.8260643678037933,0.8957926319904961,0.8051585628451038,0.780651772848026,0.8599605822483745,0.9279015290991675,0.8252133924012355,0.7963230762355076,0.8414132713850226,0.8411257102713227,0.7838750315340621,0.6895273988106745,0.77784516166706,0.8244019697867683,0.7756714193995886,0.8208755989817019,0.7012452079487203,0.781800051182408,0.8461428172998321,0.7162176819831857,0.819954878420904,0.8793051638769401,0.7985882496558853,0.7542998640225713,0.7632546016698039,0.6929114903389936,0.7951098501488104,0.7134200085768018,0.8667162770816508,0.7376186625867939,0.643483334447688,0.7442466178653901,0.8696576866767813,0.9129936791349055,0.6892109508492269,0.7698172431195768,0.8259422396742853,0.7910675755856044,0.8511509547236312,0.682247767454855,0.8427087120883301,0.9226474541641412,0.9632845628892458,0.9195434731154323,0.7755511607859268,0.8625018149187208,0.9090306372727133,0.7288327511268401,0.7832632200300818,0.860931469810515,0.7224160861717707,0.837643626311961,0.7098065963527802,0.8713102581961801,0.8505051779871404,0.8603237726685318,0.6621727510524787,0.6366550695818882,0.6628227294332074,0.8490222016836717,0.8060383842835064,0.8834689380411109,0.8557541804808853,0.7509515485224563,0.650723839821629,0.8182504377066635,0.7250273320461411,0.7605318582729366,0.8089638989623394,0.7503839063394177,0.7651205215727829,0.829834438109199,0.7763184432765059,0.7458765367947935,0.9327826866348591,0.8467045012964897,0.8889633577507777,0.6561911087901825,0.8433040726369914,0.7640448598840189,0.8136379587611401,0.6965878811798324,0.666813297224895,0.671247077201567,0.8893775017620319,0.8229381619650414,0.8226636359686205,0.7768605607915942,0.8982077143658035,0.7692413548093991,0.8823200025712518,0.898280592409247,0.8197638393989605,0.831423975038796,0.8559072069584792,0.8832435789243107,0.8342521095798523,0.9116477457081784,0.6817117115356576,0.774300079767485,0.5945634905097806,0.8914710498434449,0.9251387889042448,0.7744826609839978,0.779220208563262,0.8455033217881168,0.8520865455907046,0.7693163169775783,0.7597254003801218,0.9467092058452059,0.7926535563478228,0.6680304326597705,0.899518631437528,0.9361066731483704,0.9011630183573157
0.79424934599389,0.877656508859387,0.9088687313638573,0.8649438714634654,0.6883047263084698,0.8884998272125929,0.741530876926889,0.0,0.7205576696280268,0.7834503546817311,0.8764755105292469,0.9025384210283459,0.9077953105142664,0.7416350871238002,0.7338031428648983,0.8632958836268219,0.8962629817733718,0.782206964888932,0.9177759031614624,0.807058310422799,0.9041283095746182,0.8255915612597714,0.7723188512780252,0.8337844686543247,0.8580957102096438,0.7743131728083404,0.7477719337340165,0.8921188873350405,0.7380451747203667,0.7232237139752516,0.7372997696874545,0.9286406941854018,0.8264163114355296,0.8580536898570569,0.7340577590363765,0.8467895095537163,0.7550554834275817,0.7815255728310403,0.7755003402483638,0.8759727837680811,0.8477505476859724,0.8715688207395339,0.7579963553179784,0.7629312522913207,0.9085261164373255,0.8639030547778893,0.7203943311152596,0.7755644183936046,0.7722291899880461,0.7974719345986002,0.868148895538534,0.8829484126500702,0.7869791717590539,0.8865702372555267,0.8367023911587842,0.827332531708943,0.8470954198665762,0.915730090938643,0.8236057599139738,0.8618417497489658,0.9167681850744737,0.7939074213665044,0.923578461508983,0.7159671146155416,0.7396396252796429,0.8590153388894564,0.8576317710360293,0.6783697948053293,0.744554150276301,0.8882666467283835,0.770765667235441,0.6462875600330366,0.8789175456995263,0.9364453312856306,0.9374479839550466,0.690347668604678,0.8823978866546053,0.6900733307520842,0.8139271811734632,0.6169700178518345,0.8493667533223281,0.7939183051978459,0.7497520170833915,0.8699629380166768,0.8859251605976574,0.8971322931284827,0.8781840379073975,0.7006288588373605,0.866837147624445,0.8077577498669294,0.7866909357968661,0.7630832891294858,0.7770221751534381,0.8298371181096481,0.8048171589866845,0.7103487739270519,0.8218921800531265,0.8641588917550319,0.6423467007731188,0.9170940016316104,0.643642259857351,0.9212598590556843,0.7617298825436399,0.7583537541364619,0.852441628714026,0.8323803868388726,0.8900173490135518,0.8263949848931827,0.8379180573176264,0.8704026212800192,0.886706802789666,0.7660610204476307,0.8778945513351526,0.8239654247726692,0.839876783465628,0.8786833843226891,0.8684887542028453,0.7115304216185541,0.8942945850491549,0.7056593924196796,0.6785433401840485,0.7616916764709822,0.827348776819262,0.8268875780917245,0.6467151109656754,0.8144628074061517,0.826849711699478,0.8346390897073986,0.9116403087875443,0.6683201363079831,0.8340103978050409,0.8726660367763441,0.724273510779228,0.7780705013750964,0.8176131269453579,0.6481330640199375,0.7136790047683701,0.6972289998836226,0.8067660923912475,0.7591117880751304,0.7282798904906739,0.7906150888224149,0.8303692944746669,0.8206199875855157,0.7512454675416359,0.7376120423414447,0.7766742287236328,0.7673177239164024,0.8232886811241628,0.7918339330383778,0.804933431030909,0.7520927031144012,0.8357536476706227,0.8186137800031507,0.892450955567866,0.79833449201342,0.8539110340493535,0.8464205220831528,0.70424482163582,0.8251624599883987,0.7211916316146438,0.7214427240061152,0.8270605086015763,0.777252829292455
0.9250942397310603,0.8326808816192725,0.6887257653705937,0.7191272850106348,0.8887331489914768,0.6605446999693085,0.8604819183040165,0.7205576696280268,0.0,0.5986564001865734,0.8552927706784808,0.7863317990891582,0.7013154638282105,0.944566556566682,0.9396164676903583,0.6730726611222281,0.6704138050405462,0.8992570276803126,0.7975480074589947,0.8512319365781451,0.7697233500631842,0.9033681873032567,0.7139092666724044,0.8409348177709934,0.7520249182648681,0.6896886117327236,0.7098682593809943,0.6431619076659487,0.7279628211514111,0.7963101583160345,0.9258093290721031,0.7424224020799717,0.8128435912928156,0.6535629341402003,0.9356681042720962,0.8863450148142274,0.8129509979577403,0.8853413513070124,0.9049447917302671,0.7964945367314861,0.8492561658809721,0.7703436013572227,0.8343947009462512,0.8785134744366809,0.7878683367559236,0.7417045163327857,0.7525372265195805,0.8468312561257192,0.8603998433023563,0.9064002697788315,0.8610689600820223,0.7316375766425067,0.844250984405698,0.8068037854065658,0.8572882258286677,0.7349493046915779,0.848056765449289,0.7480548696599051,0.8964901419599801,0.8340227488917547,0.6897255422466516,0.8318980251949712,0.7905734029898267,0.8585650700084523,0.9233881163928309,0.7466871845364974,0.8135407717115383,0.8257832445216879,0.7587584111595412,0.7993753442433403,0.9352909472631097,0.8820299778498887,0.788544321109642,0.7429064065403902,0.703262976075595,0.7915767148412414,0.705247284789615,0.7165922109572042,0.7184960317513852,0.5641767796326481,0.6582065412688032,0.916197517959542,0.8455914549611081,0.6612276415870232,0.7655220030713743,0.832876277028354,0.7864733856722573,0.9244935708650228,0.6384105618093188,0.8780188849309736,0.8715503913351115,0.8879609559845754,0.9108316670447734,0.8274370100247501,0.9164602860111112,0.7766317444493879,0.8001360646093849,0.6748957103388312,0.9416602735243657,0.6731883637475643,0.8905571788094228,0.721593953166002,0.7478131649422859,0.7051486648999107,0.9142820349834246,0.6415177829150603,0.6284578357488242,0.6042248350416455,0.799632577593008,0.7630467535444548,0.7937610966045562,0.8982785812766094,0.7114900290800723,0.6875350951858759,0.7945095410787321,0.6873742394488238,0.6992930463231447,0.8392349137141292,0.6430316247008567,0.69826005370151,0.9157108255220062,0.6774500983403885,0.7419108301961036,0.838066588092521,0.9512683281567024,0.7519764523120741,0.6702603843268381,0.8288036225352681,0.6731220174281928,0.8778179275356218,0.6952884260714328,0.678342816306587,0.7676737815798695,0.9363864750971648,0.8842351395651044,0.9194430319076483,0.771800095453331,0.8950550036335457,0.7792097605139479,0.9105730670011511,0.7818372062511093,0.8548048165547198,0.8498720220005793,0.909404891733628,0.8560870160446555,0.7772851995023967,0.9379681362122858,0.5955843185465577,0.7289058337224813,0.5973871123519541,0.9181255561543538,0.8413332473566509,0.8478481231019359,0.743569331977511,0.7095039073458482,0.9157788811086914,0.8100859692375125,0.6230305661627267,0.8725915145227676,0.7134626160511288,0.5717416825760038,0.883750863119926,0.8893802882589289,0.9343617003407643
0.6509016948333203,0.7661118812948726,0.8327808181666942,0.7196934243689634,0.6288055448924664,0.8045925169082324,0.6933666707806833,0.7834503546817311,0.5986564001865734,0.0,0.7673672400166855,0.7879204250257016,0.782191652272047,0.6734566447216019,0.635836488609913,0.7930130397200279,0.7342254202818547,0.6575066100831817,0.7245510766369307,0.6391840480533701,0.7026037860520599,0.6958133812169922,0.7095042430892167,0.6664888831938399,0.8441901335398124,0.6643414213628461,0.7333171943629796,0.7269898042453857,0.8953437381699489,0.701885291016529,0.6574436233888451,0.8331507288664955,0.72512930783358,0.7000094592100254,0.6414310937988669,0.71425715724181,0.7186526089264841,0.6827649860836229,0.6467023564226354,0.6993347637140653,0.7060003678561785,0.7272064524899314,0.6631606607427114,0.6929124840639389,0.7207635343273775,0.6559907213189176,0.6888104368502874,0.728971884882642,0.7017715389583942,0.6224814094580883,0.6751266475407323,0.687890651894183,0.6153146856740627,0.7149647219897871,0.7789215994009747,0.7739041186944141,0.6318841055098784,0.8018089891974481,0.6866982343338909,0.6449687373146484,0.7170616185849316,0.6317179968334315,0.711963126512368,0.6403781910889546,0.5773249737462792,0.6223585823185871,0.6505484746247643,0.6583133299931059,0.7239685362595931,0.7905986939605284,0.6153174049349942,0.5908460230988839,0.6591085734135775,0.7129695564948663,0.7452888361356726,0.6586676372186356,0.6891392768754682,0.7454621653341027,0.6528685448519869,0.6495459933127179,0.8030552664656162,0.60261662277648,0.7306990947458024,0.8017529099806899,0.6563469969186133,0.704603171563767,0.7421777470673891,0.6178170147162944,0.7772016267264794,0.6311522293240168,0.6719047048972939,0.6646694029444988,0.7031912203689848,0.6192036144508807,0.6246757775719463,0.7761602461578813,0.6121578740595244,0.7733913488254616,0.5741358609351397,0.7013361498718466,0.6170268348853253,0.723433790165518,0.6789064069189684,0.8152848147897777,0.6581658513582116,0.6711692028755649,0.6798092082253936,0.7890735899058787,0.706400023277426,0.7411023489651456,0.7201436436129756,0.6089843556962281,0.7168815090204806,0.771544335025148,0.6722672680022741,0.6883761774042595,0.7569223669608596,0.6984780718735606,0.8152395909099018,0.7045545916192667,0.5731249700265391,0.7020765675166618,0.6637592863525154,0.710813333687294,0.5770630686522241,0.8600374489249606,0.6071321739153814,0.7002486514047732,0.8488194048649026,0.6144508690002838,0.8352035457606901,0.6860169281731769,0.6186243057774842,0.6106453241143308,0.6555745155233961,0.5774090446551821,0.6748418773290407,0.6219329810369403,0.7095521711080716,0.6532637868284245,0.7445570120307242,0.7581647471303599,0.6346928968478064,0.6669816997614497,0.706189452842697,0.6577826195155573,0.6355829121339271,0.8255590234283778,0.8342520819094521,0.7530698108145706,0.6340827333240551,0.766151685792494,0.6339517400425282,0.7598002267781404,0.8155166096184701,0.6535518495941143,0.6777390953347824,0.8059578957602047,0.6612018808263086,0.7233383451138317,0.8509470027789758,0.6658877968732496,0.7483204902348901,0.6256602327145251
0.9194181063529595,0.9311528593825078,0.8872957211594383,0.8276705426819584,0.8705322478745674,0.8311879048627112,0.8823460146379623,0.8764755105292469,0.8552927706784808,0.7673672400166855,0.0,0.9447245364224953,0.8865280146387959,0.8888661751832174,0.8669559354713184,0.8781350988315045,0.8492333638108724,0.8911990272071252,0.911059983891887,0.8775329321359793,0.9095289675901177,0.9388421153432402,0.8274290929805211,0.9238018992002996,0.9153334640139433,0.826640980504447,0.7925080744086522,0.8004908919815459,0.8544198313652984,0.8628667352053627,0.8651600368867974,0.9295567442314507,0.869724484276129,0.8052630055045563,0.8782728681261994,0.9334309480753991,0.8931683827384543,0.9071243276141131,0.8884495336229218,0.9261890247645409,0.915560850247369,0.9134361281616321,0.8635247553596036,0.9113012731429573,0.9076324583047319,0.8351219871521943,0.8291347967786225,0.9347743045482102,0.914833637792779,0.8852103608526866,0.9232131990598841,0.8655249165665149,0.8117450209333354,0.9010224137204151,0.9467777471404308,0.8771371747459296,0.8910383487273411,0.9325485112824512,0.9072485688711471,0.87699673256134,0.8131614048440579,0.8240492380401572,0.9148086039478466,0.838765969600743,0.82686465816025,0.8109833492774439,0.8768582775832472,0.8268998169739185,0.8198277591289321,0.9154238847721438,0.8922874870377064,0.7810899789925855,0.8763962752899729,0.8920240709026712,0.8485758164310885,0.7789884289696067,0.8543907091914268,0.8387155787802476,0.8032809828939179,0.6769322620613117,0.8259742299453414,0.8607073125298511,0.905104766515551,0.8251489442603819,0.8733464817327754,0.9346254353150553,0.9013750420528236,0.8182040433936482,0.772290879730355,0.8904088808046812,0.9147064809791952,0.8544202778808742,0.922685508279793,0.8536077529564079,0.8896226740867346,0.8308132799900658,0.7993140020172905,0.829254844004127,0.7995053496682486,0.8040458043524846,0.7954343180430519,0.8510403059555599,0.7995910487799409,0.8044054807268911,0.9094716086675845,0.7884140904240459,0.7640397161312764,0.7833765368307126,0.8920417195473074,0.9258734137697298,0.924982294073413,0.8803139128267803,0.8418404421464558,0.8125499849937431,0.8662557056675191,0.8401624691644866,0.8353218542421162,0.8558984130210794,0.8405712995673215,0.7535189641775728,0.8384918105281619,0.7371251828245279,0.8617817528258949,0.9292179608562079,0.8055222388324095,0.8926495284351388,0.742478659936842,0.9220032544776668,0.8712689321826002,0.802007413640002,0.8378830631503206,0.819628723986478,0.7883381633551972,0.8827833405688452,0.9039725114500193,0.7934186674179974,0.8287320750385248,0.8432758988836224,0.8707035112435427,0.8793064838232089,0.7987456992783012,0.9458165078029169,0.8577918181304492,0.8964606838414187,0.9150902229941691,0.8265456174042713,0.9069022228776569,0.7325117439557651,0.8780516684240082,0.7605198504308703,0.8991461954219002,0.8544054359935692,0.8803215840140813,0.8820094953836357,0.8883368460383336,0.9069154123410768,0.9134539732288834,0.8205252564913675,0.8308640774564966,0.863063298081831,0.6933561624272263,0.8617708156698694,0.9330502986168484,0.9279053442342082
0.8587048063745898,0.9434986036717228,0.8965960968743507,0.8878262084183808,0.8236862454841846,0.8596115326256446,0.8888391333809171,0.9025384210283459,0.7863317990891582,0.7879204250257016,0.9447245364224953,0.0,0.8353479176063541,0.7904260256898704,0.8494847934887994,0.8410874236504671,0.8546195553722515,0.826769352264583,0.9609305884688446,0.8388124700068139,0.9393383819897421,0.898789009133671,0.8383817484737096,0.9255923909220898,0.9179952870840961,0.817651167388563,0.7359155993256384,0.8129108726306927,0.8368631675294174,0.7915245500753695,0.8453984577205536,0.9121595201621793,0.9121170601012456,0.8588458277782249,0.8376375297074511,0.949923350559247,0.8202605708485778,0.8382330283316892,0.8803390345847089,0.9252106689652454,0.9562132090877763,0.8942000779009712,0.8337958060017978,0.9010229686752937,0.9167589882667775,0.8486616526421741,0.8180849187170062,0.8849729084296994,0.8787419572894567,0.8614115911058171,0.9355468500063621,0.9063101765557466,0.8103461287930934,0.943528836741543,0.9455126273921948,0.8597019602823401,0.8767120468270131,0.9511663535948369,0.8845094910076224,0.877131651296628,0.8244371793814348,0.7881704142784612,0.921499625821003,0.7952539224514905,0.8055365317011766,0.8125101937461623,0.8448017689596908,0.7480965471964047,0.7497422433467554,0.8652617516277912,0.8421736963137001,0.7247005277922249,0.8506042079142127,0.9053808565932748,0.8475024486294945,0.7369760106697018,0.840384384654792,0.8107586378525224,0.8168369043279466,0.63618257278219,0.8352301123972524,0.8599785949646271,0.8481060602627426,0.79600780294057,0.889145286743081,0.9224987024220224,0.8466570353163948,0.7680954494846491,0.7843431057324657,0.8552411797569027,0.8819530914581103,0.8836614165218232,0.892355979580579,0.843474727722818,0.8597964340603098,0.8200581376198997,0.810286053184871,0.8983884454757877,0.7482349620656403,0.851573508739271,0.7340487363848072,0.8539889517052766,0.8447583858488201,0.8524614284119135,0.889310213693791,0.793870060880847,0.8082152784691825,0.7989438717650269,0.9046905885686979,0.9273509398490204,0.971971655418435,0.8558642729176197,0.8310451822290316,0.7430809898994167,0.8608775880604461,0.8436751823325324,0.8666613136271808,0.8057776553008038,0.895792415163533,0.7197394081777262,0.7767918262577391,0.7507921342642805,0.8496734909459736,0.9216008735099863,0.7382387091057038,0.9065952946150252,0.7674862462434873,0.8993760977442047,0.9290832422317563,0.7439333340418709,0.7873539153362602,0.8109953290158147,0.6771677022546592,0.8578050277286333,0.8836086910504767,0.7385008467378181,0.7861869264263243,0.8112234364205714,0.8516016328952852,0.8561313644240314,0.7991411285443801,0.85820909141437,0.8737066970608324,0.8888216559533704,0.8639690819917685,0.8225637678552318,0.882935368210422,0.746779928853061,0.8765919034924627,0.7529514385322137,0.8803814741284038,0.84760721777771,0.8681463337674787,0.8843654129098191,0.9532814522048944,0.8479358192192582,0.8503899323498156,0.8530044078722069,0.8070377814209777,0.8198382452922482,0.7055638992436564,0.8138714343668181,0.927991273697922,0.8709437629474528
