0,1,2,3,4,5,6,7,8,9,10,11,12,13,14,15,16,17,18,19,20,21,22,23,24,25,26,27,28,29,30,31,32,33,34,35,36,37,38,39,40,41,42,43,44,45,46,47,48,49,50,51,52,53,54,55,56,57,58,59,60,61,62,63,64,65,66,67,68,69,70,71,72,73,74,75,76,77,78,79,80,81,82,83,84,85,86,87,88,89,90,91,92,93,94,95,96,97,98,99,100,101,102,103,104,105,106,107,108,109,110,111,112,113,114,115,116,117,118,119,120,121,122,123,124,125,126,127,128,129,130,131,132,133,134,135,136,137,138,139,140,141,142,143,144,145,146,147,148,149,150,151,152,153,154,155,156,157,158,159,160,161,162,163
0.0,0.890386818072218,0.9353233128438221,0.8635540839153375,0.8365049828772251,0.9117434264175428,0.8326262457293794,0.8586681444601574,0.8998981523836401,0.9088330973528381,0.9356996874540965,0.823700857517702,0.9746654906879555,0.8864192849641582,0.8458710450661996,0.9267684328793767,0.9370656249562846,0.9571054551450866,0.7991969002983518,0.9439202237944073,0.8534583192948433,0.9387312566413419,0.8816004286989296,0.8044693730905021,0.9552667361642516,0.7890779262077714,0.8154380582226943,0.9282479685223369,0.8441216014996575,0.7874477017951624,0.8234538871815097,0.941208028172703,0.8337284406887374,0.8251655552321735,0.9581662386686814,0.8578227141136712,0.8601908804732681,0.8846357787910457,0.7229807323814901,0.9161655830467497,0.7711751738489018,0.9485586557140492,0.8415142691322849,0.8393575387973858,0.8758680648471356,0.8488506718709231,0.7858804647193559,0.8450385353322546,0.9213690941967757,0.8971355238044194,0.8697510732129313,0.8709764828414449,0.8248619453395312,0.814289796025684,0.8726309525043238,0.8838567085590943,0.892113222151471,0.8830246399931287,0.8553241857442435,0.8803360322999063,0.8475473942648898,0.801352010948021,0.9006795286606394,0.8418420700076821,0.8321551513208745,0.8224284349249636,0.8522650122175052,0.8161839787097263,0.8407699363800474,0.8805099177294545,0.9054413344350732,0.8349502921393893,0.9151855714165142,0.9163862925817534,0.8956327447116466,0.7773732773097987,0.8680516648828674,0.7659784286585065,0.7519261638115198,0.6494303372408521,0.8428774892982472,0.8615823655867848,0.8223385374760497,0.8529564493653999,0.90344692954671,0.9038117913766283,0.8668194731667623,0.8033890794966457,0.8916929614958634,0.7714436947276921,0.9111468179774955,0.8201775580338145,0.9076246256782284,0.830030508343317,0.9190403469134825,0.7830308046487063,0.7339617210409408,0.8618161410351277,0.8073656561634542,0.8591414485652409,0.7521527034363404,0.7866662806240409,0.7318140295152981,0.7678823288132378,0.913552553735272,0.8842515893941738,0.807895334016333,0.9365951525547058,0.8351760673915567,0.8424437095071502,0.8351672269458832,0.8979480464103312,0.9178373617385865,0.8190014650555958,0.9000426927129366,0.9260580081015686,0.9257704395762817,0.9070035459150783,0.8974795129312434,0.8298057330939208,0.8931892159251953,0.7283928463810107,0.9116793868404631,0.8410464284049443,0.88662516536444,0.7821590596440957,0.8505973982595125,0.8018452248609625,0.8938734782278392,0.8451761955955466,0.8420921932709778,0.8925295745829585,0.7894008701545767,0.8406882266251847,0.8077423835147298,0.8427148981875238,0.7582511260189496,0.8787129650519216,0.9500068699014785,0.8111675492462617,0.7937199020872012,0.9151403211675596,0.8786653718885703,0.878203924833144,0.8633238556319809,0.7966590729433265,0.851742633719572,0.7539740429075712,0.9572533699598994,0.7587935472328339,0.861098634389335,0.8265841746019029,0.8560995591012049,0.8237875050211058,0.8442854323492017,0.857757355893282,0.9116723395328475,0.8377714475392153,0.8866110191086696,0.8847583170645228,0.7724745052783035,0.8958719473978966,0.9160636478598773,0.9221120485165188
0.890386818072218,0.0,0.9057707454984216,0.9032403093453577,0.7601156037498933,0.9520837446827497,0.7752506842469251,0.8715049083409239,0.8573349356374285,0.7997747812350171,0.8596945792041614,0.9343642652008791,0.8536641190337899,0.7489489133477664,0.8834646513062883,0.8252728705048835,0.9010516817975658,0.808577431672948,0.922263275273106,0.9497603506877554,0.9208113598555102,0.9375730529817382,0.7769078349717361,0.9129529475022747,0.8534171480355054,0.6988488973063531,0.6911126881014974,0.8933131653746685,0.7728419493792893,0.7099672978484387,0.8440900201295636,0.8299593437121918,0.9107947235518074,0.8580122258714665,0.8676201782259322,0.8471828447934706,0.7273172521153806,0.7771976552023921,0.8444536049154427,0.894912639384277,0.9029513735805693,0.8997149305603673,0.7219622050767092,0.8229928122807277,0.8579140290618482,0.8646890339514253,0.7117855305476861,0.7670806646158618,0.7899366258694461,0.8704172969973274,0.8510464930906635,0.9246020098266773,0.9030752234216282,0.9060472508106152,0.813039572087801,0.8634227571863883,0.9345930378069784,0.8484204925791375,0.7748813068953015,0.9091992710014959,0.894132898131208,0.7220554291336876,0.8670354140877312,0.736940559398299,0.8633450362349783,0.8429121556297153,0.8137697361794008,0.6864683016062483,0.6645312676604976,0.7578284377517371,0.8597801142337429,0.6992786092952961,0.8210192118672128,0.8865555541518515,0.8960527856759181,0.6878198581765342,0.8073149287595942,0.6864614890069307,0.7833897144359804,0.6291272242026558,0.8585910264252795,0.9176635964570145,0.806443595249091,0.773202817708802,0.8794604892697633,0.9556323442145752,0.7557967822885672,0.6611773427432598,0.8018846960372918,0.8659094026169845,0.781296162041665,0.8348422628703186,0.8385581815120521,0.9143170134976262,0.8714927033442349,0.7232398414697615,0.8422985580492705,0.8918071406222517,0.7065615004505529,0.8491487860795603,0.6842495545011925,0.7317008045065637,0.6455550036256118,0.7371621644846089,0.8427532595244869,0.8482039316790566,0.8551753262178131,0.8730515800151065,0.8209075224956512,0.9099059210598234,0.8817856890700855,0.8200717835232274,0.837951740333864,0.7138806017453081,0.8574496876610396,0.9438840417613227,0.9331443611964494,0.7491553871831461,0.8684917403088009,0.7013328507482285,0.8452270848849258,0.640131848640269,0.9076928223525426,0.8674470763731855,0.8162175580199764,0.7855795302492681,0.8236868253462919,0.8039209299069762,0.9153507746952623,0.7103794951825376,0.7797466774662409,0.9034770663115541,0.693400746351438,0.9252932631955458,0.8953451105056084,0.821171659105872,0.746411532620072,0.7993533127590823,0.8579834258850575,0.83150445262942,0.7110696585209553,0.7906810534785179,0.9293725458600474,0.8555925063818827,0.786861155307489,0.6785185059569616,0.9351100400385443,0.7763366409959636,0.8637495697837999,0.7523863028512332,0.881778197535819,0.8082920035408541,0.9051691652686654,0.7854347821764021,0.9104848163270095,0.8370096769353018,0.9275678490469087,0.8445927604079267,0.803433313689477,0.7382302011847053,0.6769420130900469,0.8116712440716753,0.9031332014163896,0.9076607517597224
0.9353233128438221,0.9057707454984216,0.0,0.8972374152024639,0.9032316417166474,0.9368397404947844,0.8373820302177727,0.8620808522300043,0.8458845752157078,0.8542882641211771,0.9439765217865294,0.8944257167559636,0.9285418628727627,0.7993461233614532,0.8876522053664199,0.9450579953281195,0.9665976359832515,0.8966423354591705,0.851004977904512,0.9121461563327031,0.9354215116407404,0.9795194827692331,0.8462685131873593,0.8711565170290935,0.8894171587100319,0.8052716531635562,0.7554154856609089,0.8973918036589308,0.8185247315144502,0.7851945196599562,0.794747182947279,0.9144893722164549,0.8742944423870199,0.8220780721238349,0.8684390836912491,0.8755426208895098,0.806220489920352,0.8441042545536976,0.8003629515007533,0.9391575814284666,0.8499943332745884,0.9468113801633918,0.8529162181295263,0.8661715720214411,0.8595861663741535,0.8779014524446381,0.7951318231322332,0.8526383106406498,0.8757557388936833,0.9277668208766864,0.918314177320956,0.9316831066230113,0.8535325902231788,0.878332899427895,0.8869014095632309,0.8344761618748507,0.932576312279246,0.9342310103092435,0.8218190878425913,0.9021594196705517,0.8596387315849644,0.7923817100393771,0.9452354290208667,0.7904111105001923,0.857123164859319,0.8371464761656134,0.8215320631252455,0.790453597288818,0.7799896358208658,0.8312978992452628,0.9212438036419982,0.7396335896317147,0.8664168186407744,0.9515835436077082,0.9021630890347608,0.6828940691283045,0.9085481761777869,0.7968915729950121,0.768183768341358,0.6497241535048003,0.8685585761295502,0.8962960852177532,0.8414890643868359,0.7923101528327114,0.9147139286559737,0.9064679305374126,0.803996601278303,0.7467643614869417,0.8131520957356883,0.7678746083354923,0.9182768843677136,0.8017481297069885,0.9383973959509729,0.8445522994213573,0.9106512398810304,0.7467161018880151,0.772570340655384,0.8373236917120058,0.7456492059676049,0.839297944329321,0.6731091617606895,0.812265347741288,0.7078564697988144,0.7405323268928544,0.8816043071663328,0.9215708162709714,0.8693573761990374,0.8895606337932277,0.865236706147084,0.8729147439281005,0.8852830007964514,0.8990242728316051,0.8681628186390068,0.7675461573239439,0.8808194957818977,0.9491277384495244,0.8739049421175956,0.8780626271272557,0.921390930973814,0.7440899939827927,0.9393002744639297,0.7106245971248212,0.8768852066016068,0.8880513267029735,0.7823041325129417,0.7994638055735098,0.860667678124913,0.8431186332594228,0.9056723660138745,0.7990666641397784,0.7854142053013745,0.9623963209048007,0.7091988412588266,0.8499494828534278,0.8383031810502255,0.838050745064975,0.7383921533520698,0.854905342423623,0.9089878405380156,0.8547198949096004,0.7152224539623491,0.8722484208497596,0.8969766796371866,0.8929080657128028,0.8496792603157345,0.7506905858618732,0.9212736395384379,0.8064244973190476,0.8994821218609513,0.7536187726793407,0.8431880120208597,0.7810413504089366,0.9040510281195983,0.8532570541833452,0.8950246140271932,0.8319679601511286,0.9045774751279598,0.8818031334149138,0.7903810774538979,0.8482139131109866,0.7232759679338749,0.7812245591579244,0.8918710840200489,0.9396449754125288
0.8635540839153375,0.9032403093453577,0.8972374152024639,0.0,0.7534635177182949,0.9003921832546871,0.8055000821775848,0.8700426900191368,0.7792481312999473,0.7599919239405366,0.859723897258896,0.8894272921186712,0.8423062507815104,0.7564661578155542,0.8951879631857872,0.8029865758121089,0.8906649301184563,0.8072188104288438,0.9149309619406989,0.9017054444057505,0.9397521298191249,0.9148728220078837,0.7719946578369737,0.8737853153324099,0.8203192247550619,0.7532722264553873,0.6788917794321212,0.8789583376489636,0.7113989984940933,0.6452980922853033,0.8136126741462698,0.8514937894174236,0.9471405544284501,0.8865203694291516,0.8581867154904155,0.9192183104422097,0.7219496068214244,0.759050205342861,0.8524606991858295,0.910887712575809,0.8998380235693838,0.8514790221235012,0.7836228143230264,0.8494977011130265,0.8863513055012476,0.8783031315930241,0.6885959651480338,0.783120546703573,0.8085721365190672,0.9246903170851988,0.9323138119171152,0.9383574369837996,0.8955538552848598,0.9626385042853622,0.8979540192008773,0.75571626355375,0.9420852369113867,0.8414011120758492,0.8353198139619773,0.9274668108783961,0.9314691504208958,0.7661405467375292,0.923164866908663,0.7635097273818967,0.9164121889317366,0.8994174424670993,0.8641192838148889,0.6912230332519556,0.6942260954431088,0.7625541837730332,0.8847785425885761,0.7077448778441828,0.8797533064490832,0.946505494437903,0.8719742795873144,0.6565092295263403,0.8882417296404133,0.6700525932399367,0.7978563528204224,0.5757281883863493,0.8050633979278551,0.9655072317887843,0.7048060067746607,0.7421819315205573,0.9443810019206661,0.8691200202205648,0.7872743485044187,0.7277396570859727,0.7825216960141371,0.760189783733698,0.8173072922452785,0.8596460300279376,0.8618458469980875,0.9067095149559408,0.9263719604157671,0.6778683337242573,0.8816729507353877,0.8724021892755138,0.723288391274111,0.8927061704993018,0.6722759796395588,0.8326002507801625,0.7522220846405742,0.7245169518760126,0.9044929141531057,0.8377790665888621,0.9249674094648065,0.79228704446921,0.8329776225256504,0.8507148644578757,0.9392880143372321,0.8987520383381532,0.8828734424539304,0.7005916067271791,0.8797916593962265,0.8686144665665414,0.8704038115033932,0.7646134241855203,0.9251851581156147,0.6881422039767766,0.8278701378588177,0.7063831256988492,0.8732910483924962,0.8338286209020277,0.76389029876076,0.7557424167432915,0.8877969162225687,0.7955219620070136,0.9299387181797656,0.7331819644951632,0.6824636246323948,0.8971059281358553,0.6761938530904794,0.8940612707325781,0.9081851581328447,0.7947999967002817,0.6303455300479502,0.8168564311601907,0.8699094647498241,0.8181641350319461,0.7437301289863383,0.7801884649762227,0.9487650605977405,0.9309414682107,0.7797732591555696,0.719838714914511,0.8714845228416489,0.7153382329367286,0.7999002290133334,0.6956927817612385,0.9260894123313025,0.7459040064102986,0.9121074284717058,0.7703333255870399,0.8869105649586265,0.8262877647645269,0.863289669529958,0.7917563413153968,0.8269036832486614,0.7906217521653643,0.6696785936583425,0.7379377381428885,0.8448095480704374,0.8687768395231121
0.8365049828772251,0.7601156037498933,0.9032316417166474,0.7534635177182949,0.0,0.8021737746925293,0.8190893377921252,0.7151576487345732,0.759036757679413,0.8052570176667427,0.871336956530075,0.7820040184623832,0.8345178275211182,0.7586614322202885,0.7772689623606637,0.9217041681864481,0.8803105586200112,0.8418354682310228,0.7061248079447515,0.7553525798219181,0.8052569992983507,0.8565706430270693,0.848176888563182,0.7550475511398449,0.8028372267047182,0.8052724801946181,0.7587451623651439,0.7776585170448436,0.8368869560706941,0.8471204444473344,0.6850922794768729,0.8368626143601734,0.7482241566500486,0.7045263038631606,0.7762050318320638,0.7748506395787839,0.778906741294577,0.8097127967650587,0.686303606489563,0.8463179286806035,0.7440337631032848,0.8701216648511902,0.8280186607304836,0.8110909784587381,0.7259674949778122,0.7589631696443251,0.842424976662052,0.8113962576804417,0.8466585733071954,0.8192421560501958,0.8165456541518833,0.8145746140914057,0.7233394988923326,0.7311026095442549,0.8035633356474844,0.768168945194981,0.7904515647808873,0.8893418281710894,0.734674183725569,0.7756233094453213,0.6843887839271918,0.7592989177573753,0.8314891707366745,0.7542232318596033,0.7198585777744831,0.6881273936403571,0.6957231136364758,0.796253580629195,0.7879412290812997,0.7611025412543655,0.8137682542679112,0.7176628640983759,0.7578350010731871,0.8237506680661119,0.7761886115693734,0.6411997651023696,0.818171957125835,0.902278825807314,0.6631061779979914,0.6812173354213381,0.7800407956938485,0.7408686659373159,0.8416927091595826,0.7138304695489777,0.7933506691744263,0.773702770399252,0.7005070923655435,0.7222684232082497,0.7264941962386733,0.6588537550110858,0.9342991395701106,0.7079130720118958,0.911291243355752,0.6947427308078674,0.7968153497751086,0.7336120993706151,0.6200540463519288,0.7212713398088793,0.740273114760198,0.714685316862166,0.6296091323286642,0.7073673476046936,0.6744949618020833,0.7034071741635777,0.7659411708983086,0.8519791213767619,0.7288847412138357,0.8224204885791316,0.8054243115796103,0.753355473725774,0.764923820292158,0.8274784695479533,0.744623546822829,0.7390819917279882,0.781396012224317,0.8584607036845092,0.7502698836432407,0.8745102867401612,0.8172310203306434,0.7433306998973971,0.9354406152515689,0.679056555256946,0.7555886187363451,0.8190309115137826,0.7021527466249827,0.7478168148279578,0.7632518163255881,0.7816840473619063,0.7805544367375328,0.7777159917618478,0.7576528676972837,0.8450692694730739,0.6464064083027851,0.7193725702201457,0.6755296900080573,0.7613221560925193,0.7332300006430092,0.8276375424262037,0.800561659719531,0.7744395667723429,0.6406702719485001,0.8477347325936607,0.7559884872374917,0.7722471818639395,0.8113159231370778,0.7393273470075459,0.8169506495457083,0.7765198551184735,0.8220803947409084,0.73364471352251,0.6890780062989756,0.7313143499961756,0.776730938780049,0.8258843277183523,0.7837772837766729,0.6982937396402694,0.7678441431123199,0.8348546562183703,0.7137145309323877,0.836301340827542,0.7012790185123446,0.7261845687293774,0.7880480700606634,0.8568560251754355
0.9117434264175428,0.9520837446827497,0.9368397404947844,0.9003921832546871,0.8021737746925293,0.0,0.7765200065598861,0.8938655632090294,0.8423501727210981,0.7998561067283164,0.9111431958313154,0.9385052368506515,0.8999139373052678,0.7467446306504123,0.8922084320600464,0.8906827617628397,0.9117618792067624,0.8147745373218048,0.8983641841128115,0.9311375782604052,0.932379935977429,0.9407424891963978,0.7564539541221756,0.907310519110635,0.8783295751153181,0.7660723582294122,0.6856460921633961,0.8762547365404909,0.8026499847026213,0.735988022488679,0.8618795292968229,0.864993989499904,0.9200078972516942,0.8473954445715417,0.8575609521352598,0.8451489570059096,0.7977444961284954,0.8134935986301708,0.8635169495668003,0.8867262697235442,0.8912254826599924,0.8904260690919276,0.7893455656171442,0.8914466473941703,0.8644251730671857,0.8741401685735259,0.7325087536951302,0.8602057737065056,0.8007235397520024,0.870337978685694,0.8782338571869198,0.94635443153059,0.8584488016558838,0.9032122177742836,0.8603303648731119,0.8600531650735361,0.9359533123565683,0.9001349601667378,0.7533693523641047,0.8851772965962936,0.9185538113870229,0.7554258179164733,0.928601712473382,0.7206973726117702,0.8454132071360851,0.857944266150908,0.822899220279844,0.7452069779236569,0.68304398246128,0.81026978132253,0.9130159033178796,0.7046084733446673,0.8223894528969065,0.9036367883862251,0.8992465097624159,0.7109519615364518,0.8561553210495286,0.7397453738786908,0.8372941142651982,0.7050702427298184,0.9318660517460308,0.8997957749306993,0.8508559925372604,0.8358330586913414,0.8876450988963626,0.9509995174479862,0.833253030688761,0.6755837539566515,0.8151174838587301,0.8554233852555616,0.815470355232617,0.8040114364979579,0.8675134490670382,0.905566920775769,0.8607726264917761,0.7764937656661588,0.8319510357878462,0.8667250520758982,0.7031313768614067,0.8345241136366927,0.7193284447330431,0.7888234863820467,0.6615401452542067,0.7448422918837303,0.8536817486956204,0.8923545327223071,0.8654283150373473,0.8650147077336492,0.8243700755155199,0.9181534377777713,0.8923806764107385,0.8337652294379303,0.8706655482733899,0.7288451796784139,0.8982057217109211,0.9426493425002689,0.9129371533564725,0.7809289004832459,0.8921191067313327,0.7113152352165718,0.8827003480294817,0.704380237614723,0.9122235146988605,0.923181097889076,0.8231953291749414,0.858959918142082,0.8103978882735272,0.8508249985930335,0.9201966559884198,0.7433165304527043,0.7674034773147619,0.9482275209922717,0.7535005670554958,0.9117543975560704,0.8974658008958779,0.8588719732380823,0.786778314494297,0.8150364558670116,0.8477906559269789,0.8697259960326909,0.7569516741199602,0.8242849710002171,0.8825629518707356,0.842865755997802,0.8612656200521234,0.6888490504386666,0.9487511276047566,0.8280755179983722,0.8711609603533895,0.7488231487432252,0.9104294968994269,0.8139294054321049,0.8732683056641092,0.775143064683201,0.9437890705394667,0.8816083042004839,0.9479865036827548,0.907836125014239,0.8111362391406375,0.7898981451875318,0.698026555567188,0.8298940158760526,0.9090930170165307,0.9364700806715736
0.8326262457293794,0.7752506842469251,0.8373820302177727,0.8055000821775848,0.8190893377921252,0.7765200065598861,0.0,0.7105568175399934,0.6899176340238301,0.8757861932116805,0.7528431599252758,0.7669764362162708,0.8533922588676057,0.7919046227873376,0.8552174412313018,0.7856206633012718,0.7918722388086866,0.799510397091143,0.6860956208912762,0.7593648125105064,0.8021769269466932,0.7946734448161359,0.8848998634856683,0.7959609514148676,0.8612356880585349,0.8860514547552161,0.6894689215832478,0.7245153805110267,0.735181036418972,0.6555891349525287,0.7708524739570989,0.9011256696072303,0.8004562023964666,0.8756620327878051,0.8181075263787243,0.8407838699009471,0.8322221794513522,0.6743556113669175,0.6756115419396842,0.924516836091644,0.7200103953200979,0.8172963940820402,0.8644525383140956,0.8636958062037862,0.8669614441460838,0.8660072543629806,0.9138101681396439,0.8206354122183867,0.9440607483692326,0.8373879572724782,0.8892079659776737,0.8213651593318332,0.7147211411616194,0.7805755012676568,0.8647693501502015,0.8425315666568989,0.7686405465684809,0.732445663981783,0.8892929577685902,0.8180234720059083,0.7218272675605948,0.8217506974699198,0.7783692770105549,0.7997483420923039,0.8075316326691512,0.7922662618222672,0.8754690595663335,0.8781715810859797,0.7452649301824203,0.6833939248306667,0.8814970782029367,0.7873604243534846,0.8189033845905509,0.8813360032788441,0.6819369924953128,0.7810326437105604,0.8871279747991178,0.845238610512511,0.6784859736730566,0.6192350830746717,0.7431481725455524,0.8060024097388299,0.7468989190138073,0.6384580998726754,0.8270175111337442,0.7246569088848765,0.7227271210348621,0.8517527370221553,0.8153135315522488,0.717284300663585,0.837808515738758,0.9030465372283115,0.8315142329551158,0.7408151994363595,0.8355126442668559,0.7777364649794261,0.6625065312700725,0.8811263341180218,0.7856344844741173,0.8954396144430254,0.7034460976748368,0.7869545585023036,0.8728419251655107,0.7819626675137987,0.7887205232793149,0.8836643700586682,0.7982128262485901,0.7583340318053136,0.934439512817996,0.8323072681541179,0.8660019945883043,0.8594303789896324,0.8621830259314577,0.6212428052001603,0.7866731653131771,0.7665874213814512,0.7903380142690648,0.8717056619883511,0.8732538382242306,0.69890821289037,0.8086491834382016,0.6561285401657941,0.811379714931096,0.8417197236327899,0.6994937460637686,0.7580372119525502,0.857261289075989,0.8238854033404696,0.8389787218577437,0.8600516737959458,0.6593874381830231,0.7437957622509372,0.5998692497217816,0.6701688002875635,0.7246764957224325,0.7850344274398658,0.6787858502784593,0.9339566436472552,0.8417643130553998,0.717034350137189,0.7047883921403633,0.81747838321103,0.8414228833918592,0.7884254993457472,0.8415148535154938,0.9236128695076098,0.7609663483977533,0.7414130588776293,0.8383959580789325,0.598989729524985,0.7456642082460891,0.6523243302046581,0.7138391536320661,0.9546662332753891,0.7994632965327227,0.7796851151100657,0.742465813765705,0.8275253157734269,0.797490289701568,0.8754120655496243,0.8232903764240695,0.7049693464724418,0.8560656827361484,0.7434129708961915
0.8586681444601574,0.8715049083409239,0.8620808522300043,0.8700426900191368,0.7151576487345732,0.8938655632090294,0.7105568175399934,0.0,0.8826502323455135,0.7723704898644873,0.8460898384358394,0.889086652165329,0.8555158590064442,0.7195709904390037,0.8684487246968973,0.8319784152679612,0.827457537395182,0.8032181549316466,0.8524768764170998,0.887062190793998,0.8324621106066812,0.8782704007870654,0.7437709547859079,0.7966865087291408,0.8441312363709246,0.7133614941688068,0.7402589042263295,0.8538257167963746,0.7054097546456856,0.7320584468129326,0.9088486395052582,0.8149652755486496,0.8845410377080825,0.8049769770805335,0.8100586864365823,0.820585447719133,0.7675034501477404,0.8196569952669259,0.8362628968237498,0.7998227969299029,0.8131742761306628,0.8192094548440653,0.7786972233369314,0.7609850319064735,0.8841566117218622,0.8489457324043891,0.6641192212722128,0.7546725179652043,0.7495430939043244,0.8293977736925716,0.8159405218948134,0.8260335112155092,0.792081384077214,0.8319656987572633,0.8200419280648562,0.7859544021060653,0.8662921447968702,0.8810991719496698,0.7143676111801491,0.855974312500653,0.9099674487212144,0.7337708744766354,0.868247293200452,0.695077135093436,0.7846209016471233,0.808800567642358,0.7958308217664828,0.7022990925074185,0.6985133111218316,0.8876682347202837,0.8492159833874631,0.6821634954235273,0.7755163571504888,0.8503712192169087,0.8812954519493992,0.6682494214101913,0.8197157122753542,0.6601944912375596,0.8716670902265061,0.5784436080506326,0.7692145504280218,0.8767068347957877,0.7889193836244006,0.8335061481478743,0.8224448097938941,0.9374893382182262,0.8806583146146253,0.6903964901666334,0.8523176565498706,0.8474148837343441,0.7775627295042533,0.7799969141274407,0.8026476739772131,0.813735717807737,0.7962713790296857,0.7493946221253195,0.8234792899378433,0.8102752895119082,0.662694574991944,0.8055842857507735,0.6907423829245782,0.8479462941892214,0.6642650121012901,0.7630384541132136,0.8563829793131832,0.8407032128955415,0.8256026035882671,0.8185260754414345,0.7594884766201304,0.7874138148443264,0.7946457044188315,0.7942756174641551,0.7993067399712828,0.7740462343602583,0.854643382321044,0.8692943600496007,0.8174736614491761,0.7572952433341374,0.7730871728743048,0.7136170514734239,0.7754037813934878,0.8153796309212338,0.7806610397510201,0.8133566030516811,0.7291667282842922,0.8060840595670116,0.7680298102592813,0.8511979117327167,0.8291106595862718,0.7346452295596277,0.7770948204656222,0.8711885297864326,0.7852354747806988,0.8557012264816912,0.8459504479397235,0.7261166179587554,0.7288957947441603,0.7609903551362317,0.8650628627390037,0.9278918330834264,0.7640646666651166,0.7557223795536793,0.8333522834664651,0.8240868729369119,0.7681412626822065,0.6749320695608066,0.8962376445287605,0.7646884192872214,0.8341386476861969,0.7050843527666882,0.9133370457318885,0.7442147750941673,0.8419722650178403,0.7376675157246536,0.8863096971140002,0.8924623976076316,0.8689220293557747,0.8175224421182847,0.7511088649373021,0.7272284213163337,0.6339171137910194,0.7439490787626256,0.8967587515683018,0.8416748429355053
0.8998981523836401,0.8573349356374285,0.8458845752157078,0.7792481312999473,0.759036757679413,0.8423501727210981,0.6899176340238301,0.8826502323455135,0.0,0.8232994581334068,0.8735041923360609,0.8052447084470381,0.8476733584199574,0.7868669693946303,0.7563982549344337,0.8526642662901028,0.8570199644790325,0.8834285876989619,0.783503224689886,0.8843801955449145,0.7575478912908302,0.8846082053929012,0.8138754640864865,0.7183377120734342,0.8624216638659821,0.6418697787758361,0.8617234011478414,0.9113126089003597,0.7786233317629376,0.8590692465656019,0.7919459253537778,0.7922795474173645,0.7598256501759748,0.7089773197547586,0.8594872541755804,0.7518409664507119,0.7407676568247016,0.892011462066795,0.6933419244409229,0.7700476874316489,0.7227549746030623,0.906723902247734,0.7005460858634587,0.6870466134404131,0.770662711528861,0.7318830217931834,0.6688354940795893,0.6936243796087457,0.7695847220607858,0.7834988196240413,0.7268639494217565,0.7571808874391834,0.7689257888788602,0.7226029670992984,0.7292313985364753,0.8270777268269679,0.8108411309532151,0.8865351050702626,0.7061292909715424,0.7939047506861646,0.7782981587975121,0.6822189694393033,0.7924202953906244,0.7427856616739045,0.7113449674412764,0.6908225638766733,0.7111585060009671,0.6807956418327019,0.778280302957103,0.9073834428614075,0.760515822802243,0.7153134818655237,0.7875582069153169,0.7816389019697106,0.9066568555072639,0.6529252328692109,0.7241922252806166,0.6675767633705728,0.6995458006371252,0.5727581117994369,0.7256900347462669,0.7876996540456936,0.8136884625556936,0.8346800530857441,0.7787761504395263,0.9223265233483634,0.8043398784576145,0.6793921985057293,0.8193902437875231,0.7783137970862729,0.8229852154633936,0.7232274825024565,0.8005699764834061,0.7319141473569444,0.7951672009877012,0.7291643956769277,0.6882710284982954,0.7645123396718037,0.712846028282463,0.7267939820206255,0.6573230559144324,0.6886008614996953,0.606101139278417,0.7390159338591151,0.8206946500523558,0.7645488565912003,0.6985489615591098,0.9358932323427878,0.692537494736442,0.7305820647722977,0.7055135751027832,0.7697775833280112,0.7552283340107625,0.8925079930988961,0.7827397661929455,0.9084821709697481,0.8303693245695476,0.7853494459234293,0.7388383774745154,0.8262704873625968,0.789451765054013,0.719340604734602,0.777589895739547,0.729998475963247,0.8065281793461677,0.7042647588632709,0.7315425654794465,0.7328819806861097,0.7697342264055932,0.7052878375160014,0.9482427359823132,0.8332931187281195,0.7856218602424209,0.8458304654799526,0.7328590838464139,0.6884399212283681,0.7449878002136959,0.7301918558042445,0.8633498454486958,0.814481640645303,0.7088306334463036,0.8015965904128094,0.7922415159809278,0.7996824533518772,0.7210828449433706,0.6694191298101668,0.840067967454096,0.6906036414004765,0.8851075329531077,0.7989345186194783,0.7877840137866216,0.8085868217065988,0.8418145595183034,0.7182046826450014,0.7880740238968599,0.7777233593016905,0.8519369255516472,0.7584573017006018,0.7624676018299769,0.7210745758188567,0.6270224703646966,0.8394586973273986,0.85824583952148,0.8804317709225239
0.9088330973528381,0.7997747812350171,0.8542882641211771,0.7599919239405366,0.8052570176667427,0.7998561067283164,0.8757861932116805,0.7723704898644873,0.8232994581334068,0.0,0.8163933807014268,0.747204028881558,0.9194618116998337,0.8698904998163716,0.7908569433866736,0.8550970831701145,0.8236833190837703,0.9057150781154434,0.6756471776944541,0.8083706839573289,0.7389975306492061,0.8249462553083196,0.9339535380081121,0.7208594268792844,0.956885769394717,0.7879542848866437,0.8388645607246498,0.8091521276744592,0.8434309822162515,0.7782959394649573,0.7878523046405207,0.9063084704444925,0.7543325245172148,0.7837644559785243,0.8815904339364757,0.7872265836862087,0.8751248861393609,0.7933826169582322,0.623665366375187,0.86051268264581,0.6712907953030507,0.8793353106865517,0.8210134353483726,0.7738842199099787,0.8367434888388483,0.7949892600205314,0.8545026279892077,0.7884078583456197,0.9390732334738222,0.794393242439824,0.7882340801913842,0.7575781558939767,0.702505857131244,0.7057564741314897,0.8111203965442079,0.9036687950420327,0.7492275883053607,0.7899984408389786,0.8367152049470402,0.7846345961314423,0.7194216168085648,0.777069071184962,0.7673981867692633,0.8236799232639656,0.726745459967165,0.7200486505022309,0.8090820289772065,0.8653497489812464,0.855411103324637,0.8192606008916211,0.8243238527638893,0.8365566363140567,0.8245595551452651,0.8272208685314676,0.7581688465129802,0.8124877843668451,0.8036501206539929,0.8128497618370778,0.6691557955729166,0.618238734629981,0.7459278982037368,0.7510608385333576,0.8152764509899849,0.7581347034320567,0.7845508313891396,0.7940637477523028,0.7944772230928825,0.8365968086841008,0.9017274188330003,0.7315009237078403,0.8658894240656644,0.8172615890898148,0.8324515218688159,0.6993308350298851,0.8126818770216385,0.8418510018222126,0.6202546025393681,0.8471657691070668,0.7942771180421122,0.8234351539813686,0.7329028709677509,0.7350809572731176,0.7619447059924948,0.8507014109854727,0.8072634736899009,0.8441287887478105,0.7138493281000587,0.8970185783254822,0.8300452173330378,0.7763766017401259,0.7520673843448061,0.810690846371751,0.8414523772402517,0.7608398329810359,0.79455014935356,0.8217375510428414,0.8380323754175113,0.922904292110002,0.8151417481877088,0.8296693556098828,0.7901449260080822,0.7056762399264864,0.8016818331436036,0.7830754228551632,0.7744402394207921,0.7655947191139888,0.786994151059994,0.7791044981831896,0.8156160705824599,0.8691726483978023,0.8298586695509749,0.7544934617390868,0.7074752698747054,0.6923155518593265,0.6870772565511644,0.744820186571626,0.7579014320714249,0.878043357771612,0.9121344226535545,0.7369595985534525,0.7765393679317556,0.8729409723250634,0.7903071942857913,0.7736165576613632,0.825475210867915,0.867438235706282,0.7547444382589833,0.7432360439829182,0.9671326619730407,0.6797139262954182,0.73371693524122,0.7543087110142748,0.7240345659258189,0.8838655482217933,0.7841377910663601,0.7919248658366309,0.7867666679938871,0.8142550593717728,0.8370465362704304,0.8553484403917992,0.8405639630034766,0.8224956186902276,0.9007653404335916,0.782764842547061
0.9356996874540965,0.8596945792041614,0.9439765217865294,0.859723897258896,0.871336956530075,0.9111431958313154,0.7528431599252758,0.8460898384358394,0.8735041923360609,0.8163933807014268,0.0,0.8373838263316432,0.9157239560682019,0.8148401629134361,0.8031700383731509,0.956992904317322,0.952906300936849,0.9030913373771727,0.8230249877666612,0.9047560675971446,0.8636877544387006,0.9524952956116454,0.8127009072254576,0.7966151740848474,0.8761572109676335,0.7575129909602697,0.7965469002943507,0.9319417848284102,0.8653032844433286,0.8165481258543557,0.7589584408153396,0.8680938490257344,0.8180088568751299,0.7524754971816486,0.8848769667074227,0.8227507011881119,0.803937565532608,0.9203369552294425,0.762350045905571,0.8641403236759346,0.7950723612545334,0.9232772378897571,0.8000773541590888,0.8263636740806776,0.7937068425980778,0.7776051753412093,0.7064552293166501,0.8477721350651796,0.8383009662317498,0.8648061809964751,0.8362951997735654,0.8625628010806697,0.8093367479748979,0.815590217418485,0.8574111369510309,0.7851793358391246,0.894146858465366,0.9474908521346218,0.762883976335138,0.8375586136031932,0.8438370743938808,0.7402211961840767,0.9182506210972295,0.7800814993956894,0.7802088591116904,0.7691888236519298,0.7696653836442785,0.7438810510223147,0.8019219438186064,0.891004783536616,0.8517291203924617,0.7475686124612622,0.860425694421676,0.8810488616475514,0.9313880396660815,0.6629419810054225,0.8460937937562664,0.7586531812756168,0.739284993708411,0.6703205143937314,0.8421255019488235,0.8256329639635636,0.8141840100998926,0.8712524103637213,0.8760508815772685,0.8964993362597397,0.8439303155479198,0.7124383315719465,0.7814650980687524,0.7262017282948571,0.9083062349258686,0.7203178030554122,0.913894052978893,0.8039265456336055,0.8802881774473812,0.7352642780141206,0.7286809170012759,0.7651254407940214,0.7439902866443704,0.7617467928705189,0.7043589639279972,0.7627530693995705,0.6567201297473053,0.7049932717059533,0.8679396675991129,0.8318576394303241,0.7843875150065708,0.910647270044697,0.7587809765453467,0.8053361881111216,0.8116434136980629,0.8661387660992202,0.8431360601980339,0.8544779860279498,0.8642603567847515,0.9336425396422278,0.8476859680195089,0.8617577232805179,0.8749789210533645,0.7947953163852972,0.9223715289263394,0.7309227114937247,0.8616395892479053,0.8198910781881418,0.8488042756027576,0.7779268003371941,0.7898919202618364,0.7745356587786724,0.8624049907496956,0.7633357349482414,0.8174069736454341,0.9395880280692083,0.807894163059294,0.8775509249225824,0.8057109533050637,0.8029167533567201,0.7324174489660742,0.8045651537382723,0.8945305185517444,0.8251279843868262,0.7439195342705204,0.8810904796206314,0.8214467321351928,0.8635695644186656,0.8440071116842981,0.6953386800349298,0.8628869228003462,0.7407902744175993,0.8791987823960844,0.8110933948424676,0.8397351443581579,0.8250473830487655,0.8896976214059983,0.7407131716755195,0.8383637141542218,0.8049634956527599,0.9201190582725188,0.8229941403972926,0.8294620830463952,0.839209181699302,0.6770000668852741,0.8478054223643599,0.8280048583374771,0.9731855908705082
0.823700857517702,0.9343642652008791,0.8944257167559636,0.8894272921186712,0.7820040184623832,0.9385052368506515,0.7669764362162708,0.889086652165329,0.8052447084470381,0.747204028881558,0.8373838263316432,0.0,0.8078247004634924,0.6619324878636874,0.9166913339608523,0.8213994021706537,0.8497827353423667,0.7408702294357795,0.9185040633211103,0.8668146849960843,0.9273039936003497,0.9026139222905116,0.7429206863750983,0.9321799213288116,0.8187730626718441,0.728032256694782,0.6508317264544262,0.8141592892384694,0.7243904562605351,0.7163227951842984,0.8702503824988714,0.7924103438493446,0.9263994422654416,0.848842086572138,0.7750395792917267,0.8188209244199796,0.7296101564910016,0.7370547764628136,0.9211441738986657,0.8503856792784724,0.9193457084101612,0.843742286030944,0.749793451702214,0.8441105674516036,0.844875255083508,0.8670019557093801,0.7084173155162713,0.7858353935897816,0.7497868448362358,0.8323394442755357,0.8527020068264938,0.9151785588473901,0.8227058340945728,0.9043912122005763,0.8141564714036139,0.8146250857947464,0.9016119125005208,0.8793282784961945,0.7025354027885694,0.8623700831825518,0.872208098124957,0.7000582988102126,0.863074419820205,0.6623234208505645,0.8165232189699941,0.8129528408876008,0.7752378285947368,0.6896217516881139,0.6193658225498943,0.7516659795980211,0.859170441653508,0.6275714228292908,0.7410075084800997,0.8639858226328488,0.8383457228431228,0.6367706371470316,0.8225152082042357,0.7168799366043456,0.8309685171558246,0.6390795149757972,0.835638522506461,0.9011021602268153,0.8361497360979802,0.7298591713801924,0.8330395839356333,0.9251138127285864,0.7566964456791151,0.6278832945628523,0.7591396124081413,0.880158586857873,0.7651131326625875,0.8048579012523852,0.8181052680862408,0.861192833938445,0.7949214889340563,0.7455897309485517,0.8308789701065463,0.85048184955247,0.6410918288201346,0.8002055698039823,0.6450200632408102,0.7767986578839745,0.6415817944026454,0.7555376407613296,0.7860442698009631,0.8647629989104378,0.8565257934780227,0.8075861854041096,0.8075769845214036,0.8977035392091333,0.8884296424696458,0.7877088812482012,0.7767131620383637,0.6724822161810199,0.818936645678041,0.9039812202803326,0.8338206993573075,0.7309389409687923,0.8249343624549212,0.6413518945319816,0.8313661854592812,0.6782682513282797,0.8245343005798355,0.9082831578840054,0.7086956452858106,0.8369993718307687,0.770907770592723,0.8669170540081323,0.8672169861046355,0.6809129699010675,0.7228880897638535,0.8981811654091306,0.664253132791647,0.8772541581069565,0.8841878365492628,0.7701473232784665,0.7601798929864959,0.7747172555714072,0.8044295659633891,0.90832298136819,0.6784629187111876,0.7345061062061059,0.8702899858616657,0.8034572115313532,0.791714910604662,0.6577743302411313,0.9778966253719205,0.8166901764713416,0.8094189701532671,0.6963952553022567,0.8793361231653329,0.7338885967345288,0.8632532719593646,0.779344340476958,0.9716130020224687,0.8450433451941931,0.8857216201561018,0.8989982120248049,0.7226028080619251,0.7085013323633768,0.6234470944097686,0.7196335257399862,0.8860560363531588,0.8808923030843956
