0,1,2,3,4,5,6,7,8,9,10,11,12,13,14,15,16,17,18,19,20,21,22,23,24,25,26,27,28,29,30,31,32,33,34,35,36,37,38,39,40,41,42,43,44,45,46,47,48,49,50,51,52,53,54,55,56,57,58,59,60,61,62,63,64,65,66,67,68,69,70,71,72,73,74,75,76,77,78,79,80,81,82,83,84,85,86,87,88,89,90,91,92,93,94,95,96,97,98,99,100,101,102,103,104,105,106,107,108,109,110,111,112,113,114,115,116,117,118,119,120,121,122,123,124,125,126,127,128,129,130,131,132,133,134,135,136,137,138,139,140,141,142,143,144,145,146,147,148,149,150,151,152,153,154,155,156,157,158,159,160,161,162,163
0.0,0.9167045322420538,0.9043735383065218,0.7833327728301144,0.7979479612667187,0.9205825787781576,0.7978947395388913,0.9352702058815843,0.9089626492929685,0.9211842564160823,0.8446750842179999,0.8218786553262665,0.9525710491390578,0.7962315573083703,0.8226684759438188,0.9149865223316095,0.9330569025106225,0.9287748482819296,0.8602986605078929,0.9562305769927016,0.8395318809101595,0.891010346820403,0.8342100316550272,0.7732651300397615,0.925774383233906,0.6949337930149863,0.7986458689426111,0.9266083334370441,0.8213459111002321,0.8858517190099449,0.8423741363255609,0.9236345965693257,0.8128837625224585,0.747088229357991,0.8819971641409962,0.7482559434646374,0.8647836504668541,0.860580201376188,0.7431688384245989,0.8203215623282183,0.8085438224128907,0.8595952764188136,0.8669936653810278,0.7836773885557965,0.8376904118362541,0.8650169273434974,0.8510159116730105,0.788365245279518,0.890437859198951,0.8871525953255348,0.8737668135392601,0.8730238370885922,0.8519336395287644,0.7901459365539315,0.7756860448511066,0.8367691859419222,0.9147390503568951,0.8933128263905485,0.8712443438288593,0.8513676532217497,0.8644529882843932,0.7209614063175699,0.8684513227075823,0.7175550429981595,0.7949635010119137,0.7860755842537178,0.7634950393414478,0.8299008831094977,0.8478262190376802,0.9394449189935622,0.9055634177975374,0.7690663241459736,0.802841730202633,0.9016429648585524,0.938863492241773,0.7947745109381287,0.7983283832884392,0.7542592545843968,0.8138185602343201,0.7205438773544658,0.8341530562942203,0.8648684292544329,0.8870345638642274,0.8421855696937939,0.8267273766551759,0.924532411468838,0.9000514935635673,0.89339509335701,0.8857164704941999,0.7504790872635394,0.8898480305570987,0.785575668116562,0.8866199389575169,0.8340166357418498,0.8655735450219049,0.8028495575049782,0.7278370700508874,0.8001998381015414,0.661041405246391,0.8456604889834216,0.6809217922105721,0.8368628835459799,0.7048623237798358,0.8050360174048298,0.8439063427393467,0.8896108243581313,0.8104715943238321,0.927578985067674,0.8328134382062856,0.814982423296699,0.7525656420305853,0.7738973593014091,0.8970447781352935,0.8023727370062502,0.8282614144677055,0.9432188126699617,0.9092356365688127,0.8885853236751634,0.8203144068469455,0.7499807963940508,0.8265929324326368,0.8106357125637668,0.838482788555274,0.8655874820850015,0.8222209399190703,0.8194177455587935,0.7806920236409546,0.7625511174153295,0.8031411975950468,0.796392907248718,0.8933960199894228,0.8835451057285812,0.7872813717471375,0.7907542529034606,0.7700782886609461,0.7886264010679574,0.8735923684891728,0.7870790737309573,0.8026915374005563,0.9319942725935396,0.7719910993541531,0.7762665445111018,0.9039803627225691,0.7729984851600307,0.7661874046582945,0.8263065485817626,0.8691015458200824,0.8318239115039492,0.9619605950055151,0.6814034109388507,0.8683545175897551,0.8654881853217492,0.846484542675517,0.8124536068198097,0.854208890367416,0.8507462061490398,0.8764328162816492,0.8448038612261273,0.7623211679814279,0.8192472847901233,0.7557907282624299,0.8832471841296966,0.8985689667415117,0.8792387050378282
0.9167045322420538,0.0,0.8856210516134224,0.8560765631268946,0.7572042956117262,0.9220145488361925,0.8536180843176657,0.9840075708697424,0.8603350780654997,0.9005641242079176,0.8105316665128839,0.8897556373211545,0.951591567209318,0.8296934297219691,0.8697910834802017,0.8777698187694717,0.8871361831608058,0.8220065946505434,0.8246172824364669,0.937886119671475,0.8486349845942716,0.873464014041204,0.8387242052971605,0.8506555092789162,0.8824320107693642,0.7900904916282097,0.8087215950836318,0.8733426148262644,0.8565396127398555,0.7864450913580932,0.9188802611573392,0.8855148161788975,0.9193232560973772,0.8601866776121566,0.9112485838853038,0.8409655068331232,0.8866620257268881,0.8427211052454153,0.8589307824387535,0.8938997887665884,0.9030225315479065,0.8021229904610894,0.7819243074968714,0.8413657433094477,0.9686247968044478,0.9036016949342244,0.8523860565202964,0.812122209555245,0.8751847980441844,0.8860703725402137,0.8792105503714442,0.901445895306162,0.8238008176460351,0.8744349860298698,0.8391945092758101,0.8852438311647237,0.8846014859237105,0.8506136178438207,0.8460545418404116,0.9222433607354109,0.9250505409438602,0.7509607786612557,0.8002834797235928,0.7584563792812169,0.7537416714637499,0.7751418632302951,0.9077522259272202,0.7968102369955801,0.7358230304164877,0.8357012168190153,0.9241029433125918,0.7993085873747243,0.7842836127667242,0.9189284892033079,0.8767297793215123,0.7713906961918446,0.8456472037280739,0.8035985953102273,0.8639699158716452,0.7156643261524838,0.7829396086912945,0.891878510096824,0.8803456788222055,0.850323299832749,0.8285214117518258,0.9872157123487338,0.8773209221002538,0.8322585472568056,0.8908907671345017,0.8768978207207248,0.8294801912905174,0.8857410493096338,0.8657606220864974,0.8387273409546069,0.8682255332756542,0.8646652882716629,0.7792801085917404,0.8959512881251462,0.6981476167547743,0.9536516487934485,0.7628753529617045,0.845352195194378,0.7547650389580705,0.8060930719029185,0.8359822548582927,0.9378687390406504,0.8478819865762018,0.8977519067788765,0.8965981694846468,0.8887527788436885,0.8114161251329344,0.8102711517610005,0.9247459973574139,0.7628621116893297,0.8539981957772825,0.9673537107264478,0.8557741614210939,0.7788199540601632,0.8349585462700103,0.7750268865606678,0.8542025889501261,0.8466067544235726,0.8864935327172685,0.8978392336245479,0.8076674014633147,0.891580040319656,0.8367260641953785,0.8866495090355618,0.895491467604813,0.8337109346888655,0.8463077710108652,0.8335881153550888,0.813873538366182,0.8527805754015253,0.851468636456066,0.7588399794311872,0.8769396936258566,0.8832720240572708,0.8577307442115127,0.9248394099087883,0.7680746551733212,0.7884488693230282,0.9671778402271644,0.7897258991500378,0.8548199946491495,0.8675118905018957,0.9229533765976857,0.8344987680630167,0.9292226401296984,0.7065606325846502,0.9117169260601105,0.7896717832317656,0.8264052286159629,0.8926432962459014,0.8989327149032581,0.9050215103656156,0.882173482450875,0.8916008624746957,0.8215840034585209,0.7867404200216556,0.735485572015726,0.8427135220080562,0.9425020585336044,0.8447958201864729
0.9043735383065218,0.8856210516134224,0.0,0.8313357733870513,0.9042743304742789,0.86257810945827,0.8325547132941197,0.8790258232859419,0.8288133386217225,0.8691350985669302,0.8991814967583605,0.8340203544686923,0.9060987153087082,0.7310068091498787,0.8554502967694845,0.9020656858178359,0.921596057767241,0.8766440029469028,0.8154803008876037,0.8658575257197995,0.9138898341435615,0.9801989386976528,0.8219287248362644,0.8663555333500189,0.8608152660567181,0.7657020628407236,0.7784072985022605,0.8606458663425044,0.7958847503736995,0.8264026080486208,0.7479122209138119,0.8043705078144494,0.8184878653191514,0.6963031867773061,0.7916772259822064,0.7177454516775804,0.8422935885581032,0.7989645707408828,0.7801561838781079,0.8742970460631516,0.8296523184806494,0.8816982780424051,0.8305677771481935,0.8026825090551563,0.8028543621599616,0.8138234854425342,0.804497677443745,0.8473326072795478,0.8593754235422935,0.8432683871815708,0.8692827379426263,0.8793142863742056,0.7723658911585078,0.8367494127905758,0.7514716870151621,0.7793753932378887,0.8685414365484262,0.8958536139148706,0.8342024998681399,0.7847046168908187,0.8385147834713196,0.6412674079849524,0.8383747051335445,0.6713791318121446,0.7545480601068402,0.7293301860660908,0.7844773098272901,0.8446966008318699,0.8069764949984194,0.8910900340111785,0.9045432828884932,0.6777351709279079,0.7642571771882166,0.9402435332953356,0.8691796502709825,0.6551526685675385,0.8495546711429073,0.7974418501850371,0.7494105695452016,0.6728975649709474,0.786634114695246,0.875318469234312,0.8805801871080728,0.7583604154562227,0.7744991253672001,0.8926026180262939,0.8032150765829537,0.7446740425015785,0.7429478698175468,0.7470963733699629,0.9039566772358966,0.7082292409795047,0.8335473185850075,0.7491325597693561,0.8612856771459025,0.7783534220679469,0.6853585212679948,0.741915620435741,0.6010771800194356,0.7790987775428375,0.6198776839194166,0.8258598887561162,0.6593172835385539,0.7651995217580229,0.7405870441524006,0.8661157350070401,0.782342720861717,0.902289809471449,0.814655345341768,0.8724585612122869,0.7943323844018167,0.7635163728467023,0.831354928145827,0.7412285464337501,0.7499742704697004,0.9391136672314098,0.7595372994892403,0.8431191100642164,0.8700603794300868,0.6832069651730527,0.8579911226566268,0.735925129476415,0.7875594277082137,0.8543754514309068,0.7163352531577907,0.7874850913352235,0.7305054642474202,0.7601339583602048,0.7672031984692375,0.7726525080895663,0.7998616036217883,0.9042652747239162,0.7037360124710217,0.7714409848332876,0.8275725454905865,0.7424625504262862,0.7992206153937197,0.7900891443287528,0.8425404104295993,0.8623650275950769,0.7115463394511821,0.7103511387686064,0.8643342500302001,0.759821909116675,0.7775493674704504,0.7779533922424527,0.9097154634425523,0.7936976363161627,0.8754956141841908,0.6353894925948252,0.8006717690165241,0.7360894461838497,0.8807386871116942,0.8671429503626602,0.8792699312235372,0.8532795050072858,0.8983760762924371,0.8767307429226321,0.73857573678445,0.7345643218271027,0.7117520801534123,0.7335946551793404,0.818739667335784,0.9437108293343816
0.7833327728301144,0.8560765631268946,0.8313357733870513,0.0,0.7483000992883212,0.7664495890303592,0.8530613017455577,0.8144585728937197,0.69657860347469,0.7750060146962358,0.8611445204621733,0.798989214513821,0.820730897644005,0.7517217820210071,0.8377170599859439,0.7742890718561635,0.8356022073393736,0.7689777900323754,0.8018883812052373,0.7921273490980714,0.84140184538896,0.8592141754774111,0.8177450389249699,0.8574516608931917,0.7678522882401798,0.7904210773133288,0.7729402873859591,0.8538001035692787,0.8116145937438503,0.6581512785627762,0.7285185996936019,0.7296409370844877,0.9065528099179332,0.7677519543191564,0.8117597126881633,0.7813842771383015,0.7627325543357015,0.7531193202383984,0.8459671393168284,0.9150269772935693,0.8875079522255901,0.7246684394949515,0.7049506055341243,0.8251223187974659,0.8253354762655093,0.7700312212495725,0.6615902558540662,0.8048696063672415,0.8457401731568499,0.8006439063869902,0.8579304637445676,0.8325284901993474,0.7501887830369451,0.9295344706109161,0.8500466657969961,0.6767355651458558,0.8212476633350613,0.7776650432110991,0.8546642293178289,0.8053847786561193,0.8884704903853134,0.6240939079382777,0.7555668550839898,0.6911934635178744,0.7120507668535272,0.7074301119857388,0.8822342104102388,0.6794475733868185,0.7023167083517072,0.7669575474081903,0.787540583373616,0.7044956147448689,0.7772422673570465,0.9117567088671898,0.7903815267306832,0.6300399873217439,0.8692084339040578,0.7426563003686534,0.7464815890421376,0.6244967178834618,0.6836763299481863,0.8341558662514881,0.7213044197672805,0.7390567032623063,0.7837511190723864,0.8187234837557678,0.7420239984153079,0.7210877094200618,0.7097453954146307,0.712804072873425,0.8032636160000272,0.7292909140503444,0.8096446355865063,0.7576135063466231,0.8860552399899024,0.7239216837117314,0.7059037895834781,0.7331329127245447,0.6171624668784687,0.8274218128776648,0.6895113047712426,0.7988462189056474,0.801839057402296,0.7295624338328603,0.736304053109085,0.7597975345771271,0.7798437793776024,0.7927075816279048,0.7984810457326518,0.8059062896630971,0.8607388500234967,0.7926964730307354,0.8357345492800445,0.7074130688819771,0.7622045771387387,0.8516097945246788,0.7152212369374759,0.7305135124070234,0.8967351462326222,0.6814706227245485,0.798987398466588,0.7524958597415488,0.7716580911034889,0.794288256571939,0.707657358448531,0.7961155413531349,0.7378411301199057,0.7401547598123479,0.8228054029159745,0.7550169642841104,0.6667628339336695,0.7520811140006276,0.7347380198154865,0.8063939957810338,0.8689144783965759,0.680184184100157,0.6787410943049974,0.8423938776956852,0.8754544429126514,0.786733834797898,0.7615084248342145,0.6742612354979494,0.8708241378646675,0.7792517931173873,0.7843332799765206,0.7197324923055559,0.7751800034137495,0.7177400893388846,0.7465433810985583,0.6276861161893645,0.869709566639561,0.7101146967696091,0.8541017944647412,0.7657454336693762,0.8308434761229916,0.792994016111754,0.8703983707343174,0.7770257344648617,0.8875071797921811,0.7419337789700097,0.6747855180093676,0.7060313179729704,0.7305673209589806,0.8578468541933851
0.7979479612667187,0.7572042956117262,0.9042743304742789,0.7483000992883212,0.0,0.776509745400708,0.8098185946729185,0.7478254550924167,0.7520491918199348,0.7763874583453083,0.9082247854531122,0.802010950516666,0.8079862108125445,0.6796520430008193,0.7374029741568736,0.8960287481046769,0.8511360910466105,0.7666214180058711,0.7139241630995296,0.732591940529164,0.8207491378998766,0.8742900469742975,0.809707474785555,0.7792033201669955,0.7946324514877875,0.7873563451858065,0.7600814582153914,0.77502455020795,0.7737966997162657,0.8514696590074855,0.6704058378369875,0.74761287538169,0.714185184350259,0.6598647012533959,0.7206436349280124,0.6710371856037557,0.8260786837522437,0.7572493170227502,0.7324226659701055,0.7862873965114919,0.7219283757773685,0.8519795969597292,0.7665986275858729,0.7868580791982683,0.7008355018592044,0.6867024178690463,0.7508546591300126,0.871089032861394,0.8285761102698312,0.7383843477312358,0.7781580038883658,0.7741329367571927,0.6441488315451127,0.7298985549768328,0.7292918981864529,0.720571156879468,0.7525604044410703,0.9070605932967859,0.6927575441182998,0.6925749702266873,0.6961377981010917,0.6041040552653271,0.7395439023704086,0.6470900460495392,0.6220402729566015,0.6037134548174392,0.6931811335170385,0.7918028244980629,0.7631054375979733,0.8165558175856483,0.7809617201322782,0.625789203714716,0.7083327702267,0.8239770816906927,0.7595153441305819,0.5849770878805415,0.8347922902077091,0.8636906359405523,0.6415596871088394,0.6937923935502732,0.6876107157967684,0.7326431515834825,0.827399094091628,0.6814706666771259,0.7153185368389589,0.7714514888476234,0.7646340879239243,0.6732165456753569,0.6538868649577505,0.6855080443728702,0.9213839085199969,0.643799241640368,0.7906741396375404,0.639285177229005,0.7607161472918568,0.748885437310454,0.5723308504034198,0.669557944830784,0.600439117980038,0.6674144393908618,0.5971198743953836,0.7456547320456106,0.6356346316563792,0.6876578013445485,0.658623434577845,0.7749991462493748,0.6679996494471164,0.8392861879344627,0.7086008274923445,0.7893349666932641,0.7624054369228636,0.7501267426864463,0.7303727255583184,0.7438446280217136,0.6622010826633087,0.8485662101191634,0.6553932428252708,0.8441084710986152,0.8091283280753895,0.6760286950652948,0.8522391243252625,0.6993719368969854,0.7240665246140396,0.7832062419295738,0.6632947556722208,0.7309529414032858,0.6676009439859635,0.7337120315620566,0.7009155010363014,0.6830570379588384,0.7464876635081246,0.8295818713626042,0.6786726373711227,0.7201413527564938,0.7010657928174856,0.6408407633393288,0.7370578030492291,0.7302593211236865,0.7528646550080794,0.778710286038833,0.6162039603985691,0.7089807630939996,0.7365242791329725,0.7018308482098189,0.7875002937996932,0.7630383560955366,0.8304871872578737,0.699772410926366,0.7808947829431142,0.6391796320099318,0.7038632402713174,0.6493270269690343,0.7967645554981861,0.7876935061908238,0.8041231621379467,0.7324050237435924,0.8065486354406266,0.8351336553436194,0.6778274028546583,0.7427542494258266,0.6114532343912255,0.6800614253670518,0.7198767554751123,0.9220319788078537
0.9205825787781576,0.9220145488361925,0.86257810945827,0.7664495890303592,0.776509745400708,0.0,0.767365047676564,0.9163737090272237,0.8580147795886957,0.8230403776790501,0.783371043372665,0.8855402079842128,0.8906481616995489,0.7726793693624712,0.7753308556857404,0.8927342588543371,0.8935665128320908,0.7772763046012918,0.8675937016376833,0.9240761749980365,0.8766711034889408,0.820010637741817,0.7417960071238293,0.76699875224205,0.8572535459838279,0.7320713216811204,0.7023239246058626,0.8279246946167241,0.7960852817690413,0.8232238849671228,0.8922687904074929,0.9434675004778569,0.8224355634078891,0.8284746527257255,0.8764892281334972,0.8225245021220495,0.8365880236196634,0.8302736546471866,0.8248855357926691,0.769351178357048,0.8424915448867274,0.8219269187950564,0.8242597734289652,0.8733052316855762,0.8584886267241293,0.8510658526432004,0.8883955888860322,0.8297800501158809,0.8004326332306717,0.9037767304576657,0.8944910030059855,0.9442803753053457,0.8354190252213431,0.8361780928220173,0.8076279092494715,0.8840003250268249,0.9034877437732052,0.9033417811570637,0.7688574259777012,0.8783596872632875,0.8695488997030901,0.7987885229857381,0.8699990057471676,0.7414098459017221,0.7816128069162707,0.7939145208163987,0.7671024503303427,0.7819645594880782,0.711586454273899,0.8027631220098058,0.9310250856342611,0.7582477237166041,0.8045302397709235,0.8663592705037587,0.8933262688629571,0.7812156948910824,0.7998402011874134,0.7720489094845023,0.8332252927126683,0.7919467265294537,0.8567670308517286,0.8899366886101662,0.8569801915102526,0.8311690391646139,0.887763767428265,0.9210368993722192,0.9183681226715066,0.825204197280828,0.8620539424752642,0.7973192829230074,0.8453766315331565,0.885059816200742,0.8710236798314636,0.8568222704229084,0.8389541972374217,0.8233742383806721,0.8085102457424549,0.9001207091719898,0.7254390950485426,0.8729419137286532,0.7139978231320657,0.8455823480310035,0.7655663775608083,0.7699380112861083,0.8682271456453564,0.9175411217029537,0.8663235140301893,0.8502410088459421,0.8178511416450549,0.8471905904113239,0.819501992121496,0.8267228012323763,0.9433727065458293,0.745831441128759,0.8345312684258587,0.9119231929200663,0.9013425963730882,0.772099156504055,0.8604022180406694,0.763521663745766,0.8454594971234736,0.8340526777133783,0.9312935103301899,0.8804462134080439,0.8487622281181594,0.837654015427049,0.8647345810822846,0.8317188327114434,0.8735405434176798,0.742715596591494,0.8519693132850473,0.9131981596882247,0.7624497234021422,0.8591237801853135,0.8018973858378942,0.7816864372112651,0.8676717128295579,0.7713041057544561,0.7110027250481448,0.9027592689600422,0.7100942872311344,0.8297706693432717,0.9226561482221511,0.8117258880476749,0.8237667610854209,0.8521723735529345,0.9253218469110588,0.8010887126783965,0.9146713917924459,0.7385789959289153,0.8968539659910963,0.8129650794886855,0.7996304129220161,0.7878047005335017,0.8768892241052991,0.8102162484651881,0.7881829725580539,0.8621398687381607,0.7128164263059515,0.8196456354146818,0.6945471435432176,0.8900919581154523,0.9300677164567204,0.8301205129123764
0.7978947395388913,0.8536180843176657,0.8325547132941197,0.8530613017455577,0.8098185946729185,0.767365047676564,0.0,0.8351972523196799,0.732107517210455,0.8798941145146392,0.8131483922993678,0.877023089535299,0.8499846979966236,0.6832919198317823,0.9106684177785991,0.8009525649154428,0.7717683585861386,0.7629079508913,0.7419132655224003,0.7501615929198947,0.7907450981911713,0.8381109346782697,0.9247085077733823,0.9227435842271503,0.8810312368777597,0.8340864369240537,0.7945292168600804,0.7785289999969613,0.7990674310804116,0.758912773888915,0.8101913243739688,0.7432090045460671,0.857317337958326,0.7919443993526688,0.7459780369620438,0.6851436654327411,0.9203479244555367,0.6947305816719027,0.8239630027314653,0.9068140259063653,0.7973652599492128,0.7567556308699921,0.7611446965734487,0.8209299993625966,0.8516249379087184,0.8093520776071952,0.7640721905691227,0.8449206488897838,0.933449730524575,0.7084311597858315,0.8085737270779288,0.768166430140587,0.657140226184847,0.7978875709345603,0.7809503926615974,0.7746498769566831,0.7520757898855649,0.7831991126578814,0.7633756791993808,0.747558768821932,0.7763250743042863,0.593274662932417,0.6775655306296415,0.6094426035947137,0.6439413650236271,0.6538991358602481,0.8677046806758307,0.831689964003954,0.6681304035882542,0.7979513040897741,0.8114938758780519,0.6625175210596941,0.6367707664285385,0.8609653966319732,0.7020550796301566,0.6750514202297782,0.875114625253132,0.8712834058119849,0.7398314601313936,0.6770756203420388,0.6734449649129691,0.7734406159759625,0.8793955676008399,0.683548139095268,0.6706163788754842,0.8223186839220188,0.7628719868860905,0.7084020977506075,0.7516483944359734,0.8185555441253028,0.7808561470387642,0.7439008232297585,0.76634684573216,0.6964551908501844,0.7292638317835585,0.8681474852593408,0.600861149130889,0.751858459979539,0.5669734708213371,0.8030545127496703,0.6716973465273272,0.8318054776890306,0.7388944272570321,0.8241757347853867,0.6424161936400428,0.8241269907750003,0.7048811848858774,0.8380362589916001,0.8315424854578239,0.9040134732612166,0.8308557893554893,0.6839697157540188,0.7497641343544792,0.6663692488329017,0.7066445635871873,0.8603320536036794,0.6994023364744367,0.8235077114941606,0.7560018234113705,0.6457772703266716,0.7692809304320842,0.7261167871896449,0.7089138014506323,0.8982600618727451,0.6284990654876232,0.8725032814258322,0.6463921681457309,0.8237297293667906,0.7391900541232473,0.76320638437463,0.7136310666019858,0.698399995994447,0.707940408279814,0.6924876787658683,0.7764299913937018,0.6520201888704285,0.8154807494812142,0.8521595481571451,0.8655526674772817,0.8803893397474839,0.7266312927322603,0.6457137067244973,0.8089754735588728,0.6309831231659022,0.8219082786724649,0.829025128868878,0.8329380263554227,0.7969752633346091,0.8124927852469463,0.5703677950437244,0.813945859305664,0.6760759798481623,0.7402691047862613,0.9042725025418548,0.9224604553598849,0.907916575509774,0.911493163745028,0.9320956048554384,0.8070602222599289,0.7246541486731268,0.6867984820693487,0.6864293150502484,0.7980872169562839,0.8358719078659578
0.9352702058815843,0.9840075708697424,0.8790258232859419,0.8144585728937197,0.7478254550924167,0.9163737090272237,0.8351972523196799,0.0,0.9165426917962567,0.9261103084224381,0.792960946916383,0.8875635197410281,0.9370808319727745,0.8016505777524913,0.8510272867108906,0.8628935684462864,0.8688989001796382,0.8369539493579473,0.8249403414151186,0.9407779833323718,0.8233985323494967,0.8732525908429369,0.8472849542181988,0.8202048596387727,0.9193195514908629,0.7337718056820309,0.8140903114247823,0.874182674715564,0.8150048918247761,0.8250786656724768,0.923448000587206,0.8777536510912994,0.8671802145149656,0.831299692263446,0.8939044824955531,0.7923707421752043,0.8792702019334417,0.8251945908302563,0.8025352955720756,0.8485696627465198,0.841561517676018,0.8411663551739792,0.7721487509626186,0.7860655089711592,0.9392711484344579,0.8785741158452329,0.8524052500923216,0.7623112077583302,0.8659842802571243,0.8524329886464443,0.8371076842409843,0.8624743958346057,0.8010642956154994,0.819168987254331,0.7793306366130529,0.9139932133956153,0.8603968328427868,0.8555120242495377,0.827962430607152,0.8789708551199551,0.8837323689537275,0.7217520103725515,0.7787509278770894,0.733537033671713,0.7414582542281042,0.7510448703322871,0.8608732586944507,0.803687985813381,0.750878006779549,0.8721408700434278,0.8994296162405306,0.7658340976476699,0.7728862885873842,0.8861976578283898,0.8754243918965937,0.7660832860251366,0.7973090017264295,0.7716091776229328,0.8262623711424576,0.679877947099937,0.765743616412848,0.8930830486797376,0.8963325070961284,0.821801489671274,0.7982969179655939,0.9823672176130007,0.8968803965428008,0.8274668908856085,0.8925286258262987,0.8806118285019285,0.8229493717634033,0.8801480564061392,0.8273554493073133,0.8052764489228719,0.8350498806366676,0.8678359706502881,0.7476950243542598,0.9002232082824734,0.6780767429399392,0.9157027817928092,0.7181218810807914,0.8209824872802302,0.7296183556735483,0.8331302261160675,0.8153210884776333,0.9127990105741531,0.8039275154725091,0.9297581419541894,0.8539284529086365,0.873555590805173,0.7762954235430347,0.7735981808208895,0.8937827833964487,0.7728650222588009,0.8115310685911472,0.9567678743549382,0.8580594303225121,0.7919078454685952,0.7925235571179087,0.7691423236130315,0.8067195768863494,0.8235280445757571,0.8590276277761295,0.8685646844614426,0.7934114044502201,0.8485329932241779,0.8039652332262479,0.8512774870779887,0.8434756892100415,0.7972145525634998,0.8957963205030627,0.8221624570988605,0.7850268462694614,0.8268193506728512,0.8159063052853662,0.7283324677382328,0.8847659003540846,0.8312806395957247,0.8381778222999015,0.9218023751675378,0.7480094843638094,0.76751415483403,0.9502318571377865,0.7691294605776007,0.8030904703258075,0.8886403520378148,0.9263445068214502,0.8131226806525012,0.9612576967314657,0.688858458463824,0.8907344792665457,0.7812792199196836,0.8173188532335235,0.8885533120510136,0.8981127609358532,0.9083105767963763,0.8676912286802756,0.8828721586600997,0.7781820368585866,0.7536766531837867,0.7206437870006281,0.8418142992039527,0.958443514704608,0.8379017120538664
0.9089626492929685,0.8603350780654997,0.8288133386217225,0.69657860347469,0.7520491918199348,0.8580147795886957,0.732107517210455,0.9165426917962567,0.0,0.8709425445039914,0.7753670007183239,0.8276148401737295,0.8475006344578739,0.7477388807004236,0.7129724846807346,0.8395689634384156,0.8277355075342878,0.8086807030946946,0.7695646564333185,0.8829073906779219,0.7439490509101063,0.8311540748213154,0.8097917824888099,0.6949679033869304,0.9037221731486818,0.6305124899720003,0.8054557781109289,0.8445036949964724,0.7289564164902111,0.9133752406407641,0.8265588398051797,0.8336465254501291,0.7049374262329561,0.7316655145635107,0.8359039564235156,0.7051158676202286,0.8092714222693466,0.8030635402260026,0.6772864689365593,0.7134635022859033,0.687709643149027,0.9246488948526246,0.7037644149658915,0.6739454687382832,0.793971281831806,0.7318163907088431,0.7902720573885934,0.6748207922410406,0.7954980456957845,0.7694727830427593,0.7201941181275305,0.7517305750377932,0.7104351074265828,0.6839329100286574,0.6713327876573049,0.8992344224751985,0.773538355082982,0.879582244887166,0.7265514178714908,0.7602869939368578,0.7465595953106423,0.6671373815665391,0.7157281132715009,0.7143720825009735,0.6607033563726135,0.6451908461131179,0.7152925828701578,0.7471861862890887,0.7875113721765041,0.8994585031650391,0.7835488609751888,0.6883990378028416,0.7787425290647234,0.7743821639152567,0.8530693114506758,0.6852160825911019,0.699559697082106,0.7083162060655507,0.6825291370279652,0.6191904721604506,0.6878920723788543,0.8162524707983535,0.8471996531017231,0.7463229929228944,0.748936049519921,0.8904480111351933,0.9192737433808328,0.7737702413806163,0.8037965380655352,0.8042069264573464,0.83077461156804,0.7987997611532373,0.7485714527119646,0.6925585069771094,0.7653093729629784,0.7973565506650059,0.6515107924425403,0.8323687597962008,0.6719436217616895,0.7618877534600227,0.6302883774177142,0.7161108281366695,0.6461649628632425,0.7700760481113754,0.7624177139544825,0.7963195846885343,0.6810635581428467,0.9467966179079254,0.7005691587695916,0.7681939895322937,0.6859875234348486,0.7365498696619388,0.8040867626100252,0.8340412902940562,0.6957694293851041,0.8831011635393943,0.7886425358544055,0.7966838360904245,0.7137457253751006,0.7795922354413682,0.7399120915925405,0.7539753138253089,0.8031355051290444,0.7400367356955986,0.7820916535016049,0.7073174448243237,0.7458433577355665,0.7479441474542456,0.7309192261018004,0.6770428086742517,0.9787970413156156,0.8052003698972852,0.7334198921029483,0.7896862847311973,0.7004949113961556,0.633853357046337,0.8140950636606211,0.6945388410486708,0.7401687279074273,0.8228072844209834,0.6397792818595102,0.7605625954496104,0.8429479019210916,0.7543430982121578,0.7104183713571557,0.8780708968421183,0.8731916225448677,0.691932200509217,0.940642859123574,0.6987788245818289,0.7837029984570112,0.7146250793752685,0.793525569960337,0.7899982009449907,0.8016499285919148,0.7927841726042133,0.7753988270648752,0.7903568855180692,0.6624539767668086,0.703927740760447,0.6230196124307104,0.8178057125773002,0.8847389422882015,0.8239684418072253
0.9211842564160823,0.9005641242079176,0.8691350985669302,0.7750060146962358,0.7763874583453083,0.8230403776790501,0.8798941145146392,0.9261103084224381,0.8709425445039914,0.0,0.7942941983528646,0.8136472958987916,0.9330458394911894,0.7550233923349231,0.8860184541295033,0.8463613154125607,0.821459494882331,0.8989957042376014,0.7483731793855084,0.8475683661029926,0.7518353055899123,0.8638086584422008,0.9087623599170203,0.809563784540423,0.9571576627767897,0.7291330450810353,0.8527504371580242,0.8453863290770005,0.8229031543198346,0.8584688348295695,0.8546277387798692,0.8167871764452049,0.8320915040351656,0.7300455204709538,0.8171101967920605,0.6868950036684915,0.9276595441266845,0.7845368799605085,0.7085878261063422,0.8563611474671967,0.7787963064774045,0.8137014917307367,0.8149684899938946,0.7432316657782474,0.8608141696599854,0.8552683745348483,0.8476524931173449,0.7608090767331455,0.9187269628620266,0.760464800256708,0.7841136354454704,0.776724368994594,0.7357725670965958,0.7302464184806479,0.7295867419175844,0.8539122773588298,0.7870282496598529,0.8126442833761958,0.823326639378358,0.7812486394389833,0.7875439064208473,0.64498308406282,0.7374278139575805,0.6545635794804033,0.6920980094528979,0.6965596423159963,0.798978983840499,0.8939591017984456,0.8057256869695175,0.934702943038776,0.8522587903330573,0.7308768266108844,0.6793648738058118,0.8459156763428081,0.8049719749181221,0.7683397951479879,0.7651999000696048,0.7988816640826423,0.7890075185700598,0.6685634384499964,0.7473673368466309,0.7862446346036103,0.9412284536274936,0.7817350556572246,0.6889271552497711,0.906024253000197,0.8295498559811524,0.8231148782129413,0.8676110085453697,0.8094366405597081,0.819658141529572,0.7633605581590212,0.7983213215558501,0.7270340285834138,0.7595706485499159,0.8924735987756317,0.6258756125446054,0.7850540782996295,0.5997372540428468,0.8271248835670351,0.6729940792045156,0.7782334131885263,0.6869676798619917,0.8997124044263224,0.7225001981912437,0.870878820653547,0.709495996467962,0.9346437507490265,0.8516587478524438,0.8308781164242383,0.7036778837594438,0.6782887287768634,0.7902633974411523,0.7441450982499235,0.7673567749769173,0.9132605771814232,0.8089724193670175,0.8668004863594869,0.7279905708550924,0.7145361642908435,0.7594001913481925,0.7900393185545347,0.7314445481751114,0.8691244913180366,0.7062063587863047,0.8553607535134508,0.6762311736870315,0.7856474067524873,0.7454617202606894,0.8292183641342106,0.8661212722688263,0.7441369206293096,0.7516983649161308,0.6986035122734795,0.7178405130867429,0.7150063976732138,0.9042339874976953,0.8319942248965971,0.8742973116019942,0.9161861509542114,0.7980042474233761,0.6926025339295692,0.830449366783378,0.6574735058602269,0.7637939147479526,0.8616806915152906,0.8456946187844518,0.8529368042436607,0.9544457153520036,0.6073603303178942,0.7935400079749078,0.7870097220554891,0.748403857224536,0.9074771562835225,0.8830576004467131,0.9163549001321817,0.8884443836164465,0.8974525906751416,0.7927261922781708,0.7317706126900908,0.7793445056097213,0.7905030111081535,0.8986545318134777,0.821538595412083
0.8446750842179999,0.8105316665128839,0.8991814967583605,0.8611445204621733,0.9082247854531122,0.783371043372665,0.8131483922993678,0.792960946916383,0.7753670007183239,0.7942941983528646,0.0,0.7960864724731426,0.8567153614858104,0.7733276574518995,0.7466232069546885,0.9097802360234482,0.9297990316171175,0.82760153068228,0.7792890607508888,0.8142521634439864,0.8370401032956954,0.9160669401310325,0.8655455462172782,0.7828224217185048,0.806387714504525,0.7668074107133908,0.8464877191686185,0.9151385179350252,0.836246036603327,0.811041192374389,0.6833109124791413,0.7848695668878067,0.7674870414873178,0.7077227375611365,0.8188381990711394,0.7427345685845711,0.8059409347775888,0.8347039071372214,0.7717670142742978,0.8527201501978298,0.772098830776592,0.8468121951976751,0.7363129647123756,0.7817805380520013,0.7498035302104941,0.7058556977734868,0.6854644652190911,0.8434461874637237,0.8919877874583875,0.8099434960882917,0.8219135109149581,0.7935329223512491,0.7130995221782169,0.8062849031741105,0.816361164710104,0.6941182417332513,0.8262216318418311,0.9088150910198022,0.8035439250868123,0.7697065906418239,0.7977768881512546,0.626137630752133,0.7702879485646034,0.7288367737741981,0.6624648535199018,0.6428240742462785,0.7704204014249915,0.7116114883586632,0.8311317052471279,0.8620999155271467,0.7700442564860253,0.6962472997155265,0.8357320439207655,0.8955233491664161,0.8519692394568052,0.6056948624907599,0.8916991397522703,0.8030933663019424,0.666455809784383,0.6599195102514382,0.6750023036102893,0.7775187939943922,0.7650622911510054,0.7449606549279639,0.8018269234310733,0.8100507104645651,0.8123431702198418,0.743073702557202,0.6920740976045033,0.6773618555104153,0.9511167595182618,0.6682924102561325,0.8569190249469529,0.7037431653011234,0.8897017852618405,0.7104425167067524,0.6260012077065983,0.6822303915747395,0.6452199685330203,0.7312845412224905,0.6546186096587371,0.7785186492890793,0.6812256047340316,0.6712746008233887,0.7385399657910229,0.7585534502895741,0.7168863106541564,0.8775439421838702,0.7274505553325391,0.7721683798836558,0.8009522190407639,0.8367628207350972,0.8126466745166347,0.8441359258751253,0.718062098846302,0.891343724779776,0.7009027901331057,0.8692917998337508,0.8793310386730836,0.7335795110653243,0.8820181957640134,0.7377112016987925,0.7844726527946594,0.7638759689509339,0.74877472986659,0.738524659209957,0.7334377894130393,0.7247034863481906,0.7703831871745855,0.7160583579466097,0.7563593483336253,0.8431116924197521,0.7768563946676681,0.8114687400435969,0.7723844428653108,0.655247506103495,0.7004066201155432,0.7755758873536186,0.8411596895835459,0.7902570023618676,0.6664940825341783,0.7513032692403145,0.8180669707744784,0.8077177546214812,0.7984093404733565,0.7450730439375479,0.7937116925875864,0.6855919170022021,0.792828721610466,0.6887131172376159,0.7947139992980596,0.7007841051166719,0.9180463228534957,0.7534670588512308,0.7831271105897185,0.7429207993477808,0.8812174817454461,0.7764679382018781,0.7854055262204701,0.809841584013805,0.6224836409645513,0.737531344838455,0.7159303517838748,0.9750747137095316
0.8218786553262665,0.8897556373211545,0.8340203544686923,0.798989214513821,0.802010950516666,0.8855402079842128,0.877023089535299,0.8875635197410281,0.8276148401737295,0.8136472958987916,0.7960864724731426,0.0,0.8209534193400202,0.6852817501188216,0.7911811148506482,0.8306522373640419,0.8050017080621641,0.69678156954479,0.8258082660690128,0.8196442620381609,0.8565321963175136,0.826840903357444,0.8307264311568433,0.8523550053100917,0.8830374408359962,0.7641708892675206,0.7306479272921116,0.7823677804495612,0.7426351210534362,0.8090625508260919,0.8779927702529317,0.8170062532041904,0.7911928131623812,0.8888978386102234,0.7910191479952484,0.7519179315516292,0.8631881603615513,0.7181919525675129,0.8854090190909252,0.7880507985168766,0.7714362412305014,0.8550023011536801,0.7158307331700413,0.8347206164596062,0.8620572205660849,0.770259562996872,0.7896296834967337,0.816479883184489,0.83785157507338,0.7612960493041014,0.8159598641321907,0.8257463252683375,0.6743648691540998,0.8193039091915658,0.7712227749932785,0.880201035174666,0.7930724209336676,0.8806229190725258,0.6981230468724717,0.7844229820181813,0.7981816490726438,0.6547465971284931,0.7020546537626768,0.666490220919303,0.6590235330262971,0.6624139147438698,0.8263100796897092,0.75133941630333,0.6288792054252722,0.7677204280639067,0.828881082094244,0.6500381389493022,0.7226744144097758,0.8400554025340861,0.7575996338005901,0.6587396811032419,0.8491569172796599,0.8193229586372196,0.7132238765126057,0.6917488325364096,0.6833319205747682,0.8686157059216786,0.8595028470003688,0.6853376824995351,0.7719939780417183,0.8655635171769169,0.8832525613591166,0.6940895840594606,0.7554133076381536,0.8889322517930622,0.7980926332981106,0.8663821676196519,0.7622158603946936,0.727357759577759,0.7525470085868843,0.852344973032166,0.6832075496819242,0.8859368044799428,0.6472106087225182,0.8146392029886471,0.666238164583327,0.8488409670298382,0.755398151047632,0.768434826030996,0.7054655154236077,0.8377057519091654,0.7510334196580835,0.861001514365421,0.7516726461534303,0.933136096233308,0.902951503486305,0.7700827678529708,0.8230890499951337,0.7111535417974706,0.6919767903071687,0.8784432520590277,0.7383433347261406,0.7725408855351049,0.7938870752460656,0.7009264732982097,0.7871955949453181,0.7345248743691932,0.8407644446038364,0.8570495792063928,0.7074492894001491,0.8032997828864119,0.7542150379891112,0.867753246529297,0.7907932053204971,0.6626805382255501,0.7966883687314246,0.7948088698932613,0.7049563962537122,0.8178803091768739,0.8273676077962256,0.627753249794755,0.8129438028229151,0.7545631569743971,0.7413259512538445,0.8728323736961286,0.6225312819911357,0.7320481992449284,0.8874693206198542,0.7336837659359096,0.8306612761078024,0.9004385460691592,0.9448679504324918,0.7164023321577877,0.8509421701110225,0.661326337667453,0.8832968171358626,0.6546420172594382,0.790518981363975,0.8445133192730655,0.9356898117159937,0.8545422746061407,0.8262537638181593,0.9104021622352483,0.6935065517152338,0.7324656718784216,0.5922607713727103,0.743391549680102,0.864977380507767,0.8534945129098195
