0,1,2,3,4,5,6,7,8,9,10,11,12,13,14,15,16,17,18,19,20,21,22,23,24,25,26,27,28,29,30,31,32,33,34,35,36,37,38,39,40,41,42,43,44,45,46,47,48,49,50,51,52,53,54,55,56,57,58,59,60,61,62,63,64,65,66,67,68,69,70,71,72,73,74,75,76,77,78,79,80,81,82,83,84,85,86,87,88,89,90,91,92,93,94,95,96,97,98,99,100,101,102,103,104,105,106,107,108,109,110,111,112,113,114,115,116,117,118,119,120,121,122,123,124,125,126,127,128,129,130,131,132,133,134,135,136,137,138,139,140,141,142,143,144,145,146,147,148,149,150,151,152,153,154,155,156,157,158,159,160,161,162,163
0.0,0.30153536552186794,0.2997979342141371,0.2718804327390125,0.29059147751154596,0.3124828562705482,0.2749992547360958,0.2719619916240081,0.33559301093152016,0.2987378593688876,0.3181885099356139,0.2961567657245108,0.38410045443044716,0.2573390101404033,0.30220292339568644,0.32765865111122194,0.32890183202833295,0.41507910566178663,0.3214541608391069,0.4873759332811366,0.3443060432092602,0.33857500462555284,0.2806182177567477,0.29762619363921733,0.404021105882129,0.2578655697236739,0.2516534019035031,0.32044679639170026,0.23676424649362102,0.2754482982410422,0.33307962260441626,0.3331290230638015,0.2725532890338041,0.3048334185890971,0.3590386843831378,0.269269412985384,0.39907735753704293,0.32312487245721916,0.2554150080974071,0.3094754066541694,0.26396330671506857,0.2979683746310541,0.31621613286270633,0.3423846652982895,0.30655964872028907,0.3730282407731434,0.2697440395899458,0.31265986702787235,0.35615420652917784,0.35188254669987634,0.3509954443757493,0.3460871272996615,0.26637696681836304,0.29859479237809666,0.2660376142627417,0.2824248836706872,0.4369941965374717,0.29585035593208747,0.28169842209480306,0.3184332657289919,0.27431841070369417,0.2294161778456492,0.30356349500805735,0.2337082322808883,0.303515055659115,0.3371886424034773,0.3173471575322793,0.3447199710186296,0.2849636753906479,0.31985031134629555,0.4294212897160469,0.2921685096493658,0.31008491247655434,0.33039405032976205,0.32827359464951744,0.3417025214577734,0.2510848842301605,0.2825010686471971,0.29263192432169294,0.23622314430307503,0.2860335310117807,0.379856377904984,0.31451347308882815,0.27740947232507746,0.3048594561848902,0.3640400162210444,0.28727921303384685,0.33298021748955275,0.35800587887780727,0.27498595845113855,0.3692373738413434,0.3084789715559257,0.31929015673749633,0.3515674343095497,0.31867439032045786,0.318363384949091,0.2329250216385155,0.28573621994940746,0.22217825714630537,0.33496547864621923,0.2760508594570348,0.2360459211061064,0.27363885320895653,0.2908600692758489,0.321699553589422,0.34049224542473344,0.29391524967765337,0.319291728777825,0.30589702500156923,0.31299003713750045,0.334708379198792,0.3226187541718306,0.33151307534709795,0.2806548599288817,0.29971756516945697,0.3139648671222424,0.3089839628081093,0.33719408660972433,0.2715051250792673,0.2660001753377729,0.2910328300284981,0.23629655512265307,0.301233355509763,0.3971457642810274,0.27084136688737226,0.29361320143415487,0.2391784392900921,0.23203709519810634,0.2614493129821071,0.33065958440218907,0.25483092841679195,0.29176372460434985,0.25505408991384854,0.3158990648044755,0.3154476566224097,0.2867061700283567,0.3321542768039617,0.301764133562334,0.30572777460415984,0.34739725578017094,0.2707747476182161,0.27869609970399717,0.36241152026825096,0.2784386240709377,0.33876114063883905,0.3422958752173741,0.31675324229318036,0.2772325852019861,0.37590142155563855,0.17427085788898938,0.37511880156201033,0.28180504525389183,0.3493233895989688,0.22601286397347445,0.34331630346990905,0.3646320369149542,0.3024705093024169,0.3184071628529953,0.2798201828266897,0.30318622785415933,0.2453381875984217,0.3343669885518868,0.24004921025526882,0.4178412029366135
0.30153536552186794,0.0,0.29884489725000507,0.26425629639652937,0.25076887564279793,0.32897652686287243,0.30434007870019164,0.30959101444652676,0.276521226920972,0.40702711226310867,0.27550313903866863,0.31452539226566784,0.3130139073662325,0.30581154996188686,0.28570152495971135,0.2892657934068232,0.29966413471953957,0.2893122374399012,0.27716142539499933,0.30999256514780127,0.2852933265611846,0.3445161175990027,0.3048361111972066,0.31504681360194176,0.3424290370464977,0.2400139066261954,0.2619375345305743,0.29089484587923825,0.3576403941430826,0.24532835003433964,0.3224811805836033,0.29080436054293857,0.3175982179059781,0.2684297069810742,0.3117274108845746,0.2624699776243401,0.29259065782510907,0.2920565750830485,0.2544684409573118,0.30562801402299844,0.31843690968224947,0.3033409377294472,0.2160329521779334,0.27208046435995953,0.3497958103799777,0.28642165438614925,0.2996123600852752,0.24001303302998092,0.31302399628712385,0.2607740985367564,0.2634796227875857,0.29180468010024796,0.28867778523160886,0.3251541932770837,0.27793468241120833,0.33823683674514016,0.2835456366042036,0.2605726865459827,0.2923528530942084,0.3062671693843473,0.27383323454347896,0.19962811901189617,0.2262013992604382,0.23065111256957493,0.22972024635445878,0.23491621752801,0.28082299929940574,0.275827196404507,0.24079581890644755,0.27084825887985275,0.275986315130081,0.29431927081816056,0.2330627440924313,0.2862529911463844,0.2935695188680786,0.29227506931247005,0.2281979769546744,0.35348570294245146,0.25267615926078124,0.2360575766428464,0.26362063621305076,0.2631201770416089,0.3669113845126354,0.26381519466500664,0.2541491880604547,0.407600010526623,0.22681890872691277,0.23616359758953348,0.2929570176412609,0.3172442668798755,0.2540034496232954,0.30621690761690923,0.29922505358493023,0.2852725352926694,0.28877185775880587,0.37935941215806285,0.23192863113982237,0.3290251717389102,0.21090446974410884,0.3188951799061454,0.27617892918835024,0.19724742770970288,0.20629220156723063,0.29848465120547596,0.24981950167772393,0.29160708915211897,0.23734970870156977,0.37875364925005867,0.31956086831772323,0.3636699982004453,0.2692636880951453,0.24319845242855212,0.25895225082381346,0.24840822449651034,0.29153477563229724,0.4133947992852948,0.29894663500549146,0.2380149925041236,0.26495931708244086,0.25848518618080446,0.28265520765434354,0.22264973024874518,0.2780276191927471,0.34976068819703904,0.2563550380734861,0.3687228309519701,0.22966012319784282,0.28962792384592034,0.32345938636379784,0.28032566708164136,0.3121205780120421,0.24930059361369203,0.2365106004675384,0.28738130784784754,0.2598411249861438,0.24821488927111665,0.32023982767126746,0.30090390375183385,0.2839125671091519,0.2594436934451615,0.270106769060237,0.283841035311395,0.35520193105974424,0.24625037366990735,0.3088175231077396,0.26882293278742986,0.30272182194505587,0.2958598422691693,0.38326291599523804,0.19311075107557996,0.24439365253594872,0.2981228271913529,0.26492251171367,0.29423255159292067,0.29894838909351445,0.29464196473648435,0.2790708517950023,0.340738470466817,0.27487016732361547,0.2469763874583482,0.27962557954529843,0.32194704985569284,0.23886661027045536,0.28217160220163745
0.2997979342141371,0.29884489725000507,0.0,0.2917670203036964,0.2831027530612952,0.31044817287416027,0.2680182178830171,0.29791894936036817,0.25408621575773827,0.39030594113699324,0.3258355550105601,0.28696013402859705,0.35801003290643174,0.2345575997047157,0.2966498344540571,0.37961463519207633,0.3257570086285661,0.3185558402958457,0.26289310254963194,0.25963311071034256,0.3405372275970884,0.42648221675554476,0.2667779124601063,0.27722822011816134,0.3256106026550916,0.28674875328455546,0.26287237726487583,0.2921656522653035,0.24524667649568682,0.24855856858274164,0.2599299855839236,0.302619619019168,0.26469699758414433,0.24690918933557862,0.23518091313912665,0.24801872516371484,0.3235776748187937,0.2779104077915544,0.24462572647455458,0.2847424635300965,0.2482536675805674,0.2971809168849217,0.2628532874633803,0.2567676226338757,0.3185504066212694,0.312663178186092,0.24498334258301377,0.2789885430214886,0.29577933604583884,0.2553395347881225,0.2967775175248789,0.2959987417081944,0.20645388937442918,0.33060430252480416,0.2714136716976333,0.23784834947829747,0.2674908878960268,0.30845127346355294,0.2613292147050865,0.26002419901156715,0.268164359446205,0.2079651182820957,0.274571640742783,0.2025082220044078,0.22406710466076118,0.26261699923412923,0.2859939350146615,0.3423127076314434,0.3137500366937171,0.3163665592589172,0.31767003906938923,0.2214320344628372,0.23760150224494153,0.40878664409463095,0.3144228005026654,0.2159395771837531,0.29258920247626463,0.30627963378521206,0.24534533896844488,0.19605039515822295,0.258006487651753,0.3017371812354436,0.3095775521244693,0.262607914942269,0.24082000562830122,0.34631664395560413,0.23119881424477284,0.23595665754628653,0.2852406756332599,0.23809047154852658,0.29784518030061785,0.23083048353895189,0.2630883341819759,0.21684173194382286,0.26239059719968416,0.30087319160252685,0.21051067423031827,0.2671522254982338,0.178060324701927,0.2946934181005988,0.21047715641352555,0.24304146934227666,0.22382079305603772,0.3033007300073869,0.24441617837163535,0.36044692233491465,0.2723853734852133,0.300298863538289,0.2753917855937629,0.3058689005395665,0.2753801544074237,0.22871220526046476,0.26292724091551867,0.2545907642179537,0.24977882083986408,0.3223419504645252,0.22816929348054435,0.30007268165459455,0.27710729603385953,0.24355734162135315,0.25025190937039354,0.224929133455145,0.2153878426662708,0.3266677745174641,0.18652670076323516,0.33144530920955617,0.21940359599815004,0.26235969215180105,0.28414998538698566,0.27639552163648623,0.2469017678020345,0.34717885291477724,0.21430096931690593,0.2208398452150117,0.27654045999199556,0.20969018499600697,0.2323972770592866,0.24343591808602325,0.3010968441929908,0.2716819861095388,0.24961152294347466,0.24440928516344337,0.2763796715741673,0.24618315322158216,0.2685642128329952,0.24313206145554317,0.3023591066105594,0.3014862033809629,0.34200610064060805,0.17696671407313586,0.23320182626830485,0.214212690630098,0.28172983342821317,0.2796750982569857,0.3287869496272901,0.3032411988519265,0.299373027697423,0.3600356156970771,0.2017110386805928,0.24981443539132184,0.2789242646003172,0.20891916209110262,0.23230978504602193,0.29027861668020266
0.2718804327390125,0.26425629639652937,0.2917670203036964,0.0,0.2516930824242392,0.2498598264447522,0.29712962587122166,0.26512957991394054,0.23099914175762779,0.28165605641226676,0.33575281355687986,0.2657265687202981,0.299675506553951,0.27825046903179684,0.32296437388865024,0.29314538121155903,0.31207210058643853,0.31300186316349804,0.2853495682244882,0.25733930264550703,0.3332839547952955,0.2863152262799932,0.2899475407560946,0.2547817795537178,0.29139457122710577,0.34092504026839743,0.2981173115150426,0.301688641458022,0.2703462925793958,0.21046265254279592,0.26165846920889857,0.27713912714867067,0.3893869620955501,0.2698310759071435,0.2661004053373307,0.2943709794260058,0.296883009509466,0.3183442548954173,0.28644854237863876,0.3395992308759112,0.31544216500919875,0.2457597868323865,0.2803219707769361,0.3020292922834835,0.2975041994409758,0.3337856293836171,0.19762379942349242,0.2858590023173188,0.308787359192625,0.28900536888461276,0.38941378084001343,0.3089067298155306,0.2606635188321892,0.4222518584285541,0.32238529340004507,0.2198330774916131,0.33573110180155136,0.2888033044024989,0.3041009924679223,0.3186032090072359,0.31806876664723166,0.2387998637840516,0.2984502141152203,0.21807339799251405,0.26871024127740295,0.3195260028775118,0.3816655757800869,0.2560635585630661,0.3201647869751233,0.28259838601662857,0.2977460056180125,0.26787374448922463,0.27126308519801823,0.4374175206244556,0.3118037688675703,0.24338675536179552,0.355851090295429,0.31753765085175484,0.30351949505321446,0.20894007228248232,0.2625197821401621,0.3349079374399199,0.2538044191149573,0.28063340699447265,0.32202267929967626,0.2883752518171807,0.2751995327373938,0.31888145721317707,0.2948461220383236,0.23864637449918585,0.33018407193451627,0.25783111039824946,0.28965129527055267,0.2651213256974666,0.3300685717280759,0.2660407352096571,0.2384733542999106,0.2555980865194203,0.2108780533990186,0.3122836441020247,0.26863671727581123,0.28216552967990693,0.32137140588907603,0.26165411225662505,0.29553960770985316,0.29509074522610024,0.31768182657564104,0.26068045323243894,0.31763138319139955,0.24787567736750127,0.32759237774999433,0.29044729491823384,0.32348988673378376,0.3329179649276727,0.3164268432780011,0.2729040599880496,0.26676161625777906,0.25501498949218115,0.28390696996596543,0.276311518258623,0.2835913063575926,0.3031663339534335,0.24450814455930914,0.31541126321859675,0.218112792577942,0.30865158791031255,0.2585761439367778,0.25179412950248903,0.3039640017164844,0.36787818407041534,0.20854124613665553,0.3071988809077044,0.285018523582455,0.2758109065579973,0.29636431267142443,0.22773375533444343,0.19887509950191626,0.3128118200057794,0.33268189982728585,0.3146920322104018,0.3707087401169149,0.26107143881633454,0.32498130803505915,0.2894185985997283,0.30873855212027757,0.2546797307511341,0.2619097647750662,0.29284789012544804,0.25648858958269144,0.17997704683394994,0.3104843649889554,0.2794375752500019,0.32885336511972346,0.24128394286413152,0.3195586375488697,0.29451280620062303,0.2804544325101564,0.2960421173430374,0.3244492956924072,0.2880486201038641,0.3016195583928629,0.2532511538202791,0.2885521715189989,0.28921292499247314
0.29059147751154596,0.25076887564279793,0.2831027530612952,0.2516930824242392,0.0,0.21478690607341203,0.3181774952695199,0.21465941252079346,0.2399530680805528,0.27249051860037404,0.27841076295910344,0.24776948282553482,0.23424182554436826,0.2337541427437993,0.2899021766500727,0.2700038240739492,0.29507547704145254,0.31525348502570844,0.2484283884625996,0.26689245499431286,0.31672176029576476,0.3049300856789038,0.3075635986464078,0.280327570211062,0.2724164555189706,0.239481113590771,0.23693686322139212,0.2412866804136029,0.22044397813296315,0.25024448600457283,0.25562755073148064,0.22944881885801685,0.23810974142740662,0.23756817235942687,0.3164067440248434,0.26288380375442083,0.27049464573621373,0.2596548047142026,0.2684835685510586,0.2742883108783681,0.26866137295970494,0.2978269016964271,0.2670100480800643,0.30119731083950885,0.22858867724212115,0.26382782417069883,0.259179654645925,0.2719068511892044,0.3399880972068135,0.2813774160287929,0.28662005999219203,0.2651002981598472,0.24188868828593174,0.2612646115994218,0.23962177183865524,0.2167718901644458,0.26230940660489094,0.28431800014790004,0.26856508796797196,0.2535247635723705,0.19909210681573286,0.19270963024271998,0.22879033878388233,0.24095649978379025,0.27129657758770365,0.21502748710197944,0.2393548128727037,0.2663895047178359,0.25513418875781374,0.2565875515542488,0.2824432832944512,0.2587450346819115,0.2233718580809798,0.27909677837083363,0.23360517324359284,0.2266255845781017,0.241265887192872,0.3740132577959064,0.2219935015944733,0.19751438027221863,0.23813805908844465,0.3088453565702077,0.27673343395021394,0.19636604808015667,0.24606490837366993,0.2528022945669376,0.21363704480458265,0.24709164557008623,0.2306692072635285,0.21137635153333717,0.36530505523404966,0.28874790265614725,0.30808411388268964,0.2180510074408707,0.28819617828293337,0.24923286744721446,0.1830209462610852,0.2402603299891166,0.2212920001703539,0.2341267794842473,0.22477030830309958,0.21014195596276955,0.24786757193089992,0.2655690964522783,0.23075290627717787,0.2605713856307777,0.22649975407322637,0.2767754032310196,0.2953348526284753,0.2757275227548925,0.2901029948528942,0.2793262059244372,0.22161172012620067,0.2559347188558054,0.21971796423603088,0.2507221147961245,0.22694314126524998,0.29136628572587187,0.2415743856137601,0.2506023238298647,0.34384890516071676,0.21264748985651602,0.22287142005271315,0.31549766861935635,0.22875346464899335,0.23548162906732836,0.21850758507993337,0.2224913167105642,0.23674581311517107,0.2624831263521693,0.22014723161269162,0.24430254676103746,0.19107363839829347,0.25315659710634103,0.26266368644167626,0.25510631444272786,0.23108717969854217,0.3023519952142342,0.2684366718779394,0.2981897302373961,0.21455792301775953,0.24711724430184479,0.32359046717062456,0.26272715452131196,0.28676739949602464,0.26211184944631305,0.2867757279949614,0.2680136594039757,0.2689357436298415,0.17549160640219866,0.24179903510421435,0.23838080235473588,0.32811798185876917,0.25151416506451524,0.2945319110992483,0.2669333737842472,0.22391868336724338,0.2735887848494914,0.23221879672090928,0.22317812706853052,0.23553075661556458,0.23431284945496827,0.25476735314653676,0.3646353067280395
0.3124828562705482,0.32897652686287243,0.31044817287416027,0.2498598264447522,0.21478690607341203,0.0,0.22212094795180842,0.29705673977225283,0.2809359416476867,0.28388170086077835,0.2784887669546704,0.31330801879728604,0.35961880205118696,0.2170065729373738,0.25777114073748997,0.3438575172956747,0.2882495817071418,0.23034861570151183,0.29006048741922535,0.30539648211129106,0.29635981260256045,0.29103234938869593,0.2074694246659982,0.23173742118464355,0.3296048130288276,0.23468731571776605,0.2285263055618746,0.2655943037632877,0.24382297663358446,0.2555549629023972,0.3196816326151221,0.3877469048646743,0.2872751860211559,0.26578149886419017,0.2544841488840348,0.23985944893718356,0.31460008704927195,0.2754565862734091,0.245549128376897,0.22330196606362426,0.24301137112727167,0.28187234005607753,0.242479029781065,0.2836486764560817,0.28799045221492475,0.2670003338137896,0.24636829635058177,0.26444243136107876,0.2272060773110952,0.2633759602759171,0.27336458802952246,0.309382091991977,0.2241343691364387,0.29102375044453904,0.25223601474209406,0.3150179457707069,0.2757706808107039,0.3467555056664116,0.20731764338889216,0.24899560055284747,0.30885486865052963,0.2448087387789644,0.2783038598623028,0.18956292185862086,0.21955024397970843,0.25922268128786174,0.2701709849951484,0.29987065100266314,0.2255384669784063,0.27550009245311374,0.2990203060172344,0.21717757078378547,0.2603000041524186,0.2846341855923425,0.3533824914901504,0.26280157165154117,0.242504797477923,0.2654102243032008,0.24461817000580408,0.28133830145262073,0.3119949610451169,0.2809102157572871,0.2875457733920294,0.2971230647283443,0.26343369175888276,0.3220990994746637,0.29330517797493394,0.24273050929885573,0.3318246673684602,0.26972225857453636,0.26091974222474734,0.2904193150698417,0.2645839967247016,0.2588269795963875,0.2318742039228564,0.33981104673002716,0.2641065798365775,0.32272001969507746,0.19355964641940435,0.2877411429701307,0.23229616670616743,0.22065987774794169,0.22360473400895436,0.25586521924589223,0.2796363507844593,0.3419349820571641,0.2914644734537695,0.294196467126879,0.23940926346369906,0.28521642520882307,0.27017987820443995,0.23053247677376917,0.33591318260090564,0.2817199896264928,0.2554438672985827,0.30920036972575854,0.28899878014502156,0.23058733227523845,0.2836384596021755,0.25118197036261186,0.2351743765780726,0.24971859832705154,0.2769068324801188,0.3144101048631455,0.24844219384546043,0.3226772459980459,0.25004899885228987,0.24583716723709045,0.27294250831718575,0.23097934385974034,0.29926438904398756,0.3682758535944495,0.2551828344777751,0.2711974091255866,0.271162828092932,0.22058309465587284,0.27701330618896974,0.22216356408754245,0.22770836736963193,0.2629762089729132,0.2522256582574818,0.28715534430269124,0.2689731225364357,0.2519250040639446,0.2856298999144182,0.25650031484032354,0.3071074689236806,0.28378615589844736,0.3152717387070714,0.19625317081844854,0.26071105394658856,0.24437063880156218,0.22867524290547875,0.2156701932839542,0.31732799874490375,0.29195344341650364,0.2671032146123642,0.345952524222845,0.21639681531053262,0.2762150863271744,0.22373103458070576,0.2929957118136982,0.23052582466584937,0.261695177156903
0.2749992547360958,0.30434007870019164,0.2680182178830171,0.29712962587122166,0.3181774952695199,0.22212094795180842,0.0,0.21782044020342317,0.22562635252743077,0.30579970822787167,0.26651715913226764,0.28534136532019877,0.26274277883593755,0.25436277026395043,0.34041102953834085,0.23310157335051251,0.2595440494959159,0.2960301187050013,0.2664295349476918,0.23865649141477824,0.28440081279476886,0.32077606030619527,0.42245321716467193,0.3405807163038193,0.3009657937875532,0.25647813726313057,0.25754794878907883,0.24845742273563148,0.2581375951343929,0.23683282588897872,0.2576475844664264,0.24423849506216483,0.285623276358096,0.27070857645207236,0.25302124466384807,0.23539665079850378,0.2986590302406717,0.23028544906533452,0.25154062785179404,0.33894912163313773,0.29129910562105715,0.29302382971311136,0.25120034930204255,0.27145342842913134,0.27997028330977025,0.28190809612373935,0.27911844707819383,0.23548799411789473,0.41629471090194775,0.2388515834256516,0.2985221495486731,0.2507641517295822,0.23570301537873692,0.2944203897055913,0.26615941479553457,0.2440014468084973,0.2580837366330177,0.24245021783905976,0.32585083031806333,0.253947989926159,0.20547166952480017,0.188075581355581,0.20822177377157652,0.23078783093970368,0.24528830163415302,0.21420352888199568,0.28870610567094007,0.2989015660890701,0.24973956946234183,0.23383025744306227,0.2746970316571678,0.24445218283773373,0.2144628403466556,0.30624689963114404,0.206109666713996,0.24841447418790874,0.28513583952608024,0.3599992405944542,0.21764689740526819,0.20119127502768958,0.23311758255756101,0.2912589578041727,0.28377615721466876,0.1876258757316057,0.23218733803500172,0.26553737867715693,0.20393136730276692,0.25623773279316164,0.2487395702173112,0.23073680660390775,0.29117277898150146,0.3255753856263834,0.2705314822301038,0.23462781063795848,0.27613781024674744,0.28870667664113436,0.18338042022864817,0.28000128179756517,0.21298478496874423,0.27822704307774077,0.23591471856151552,0.2191665074022348,0.2574388367054772,0.28557961739749305,0.21184207547927048,0.26430508747820924,0.2184503870901558,0.2821853147427101,0.33074338981845575,0.3152330300356837,0.33316630902585764,0.24529212555598445,0.2256724727316729,0.22180879447875787,0.2243936063622931,0.2745485231167794,0.241503903686437,0.27949344389241243,0.24895200686917754,0.22298646388110868,0.2638393089891916,0.2011917111923105,0.22362978893446772,0.331598923995028,0.21031200379578294,0.27585613977047835,0.2120366223913343,0.2573844183755981,0.23346569612673546,0.28017494859971454,0.2110685965184594,0.21232112969686834,0.19358925169579877,0.22659855219743685,0.2348976085116098,0.2358297150626244,0.24256489495567216,0.29858010287997777,0.28368320217682913,0.2797594485622586,0.251930682574164,0.22703894813584735,0.3252725238048785,0.232310946876352,0.2724676114390861,0.3074702915553743,0.26912326412023824,0.2869348505861648,0.2708525978613559,0.16263220152262534,0.23807675437222814,0.2584889452491996,0.28261214338302765,0.3112850993584658,0.31084963318810827,0.283092217300959,0.28304835622301605,0.29493113747369604,0.27098466146198613,0.2435947163360993,0.27040293675177635,0.23855574673533728,0.2566287341196714,0.29560207634118174
0.2719619916240081,0.30959101444652676,0.29791894936036817,0.26512957991394054,0.21465941252079346,0.29705673977225283,0.21782044020342317,0.0,0.28892978328433017,0.3026277863130106,0.25108967470485916,0.30725929048738515,0.31764864389237624,0.2114412095615439,0.25496842269559306,0.3223451822528871,0.2881746150314102,0.2522745248974152,0.2597847081725527,0.27614380830839963,0.2797767195126879,0.2609355403690316,0.23584666390499964,0.22693687987337985,0.2999724711325031,0.2453733888651766,0.26899950715446674,0.27617646846453175,0.2065958687977807,0.2481891824609909,0.3490182542842084,0.28002037238405786,0.27092568397692723,0.25396894781388707,0.24161524468320691,0.24914923322335814,0.31408414667322937,0.29893000757645033,0.2748220137286882,0.23843608870918329,0.24253202285112155,0.25154149182538244,0.2579867932111814,0.2386314327840146,0.3539860618695382,0.2905105615428539,0.23350937174861788,0.2386527121377755,0.24935031980220201,0.2509455906181683,0.26565787618511216,0.2616457055951885,0.22213914226458154,0.27019546049004967,0.2523547457858881,0.25465726694913676,0.2677737611261052,0.3453871330493498,0.22991577479719905,0.25259429711518555,0.3701972046643365,0.20402461869784966,0.2724347652843264,0.19836806758127784,0.20658755080141622,0.24409610938091547,0.26717626986341236,0.2693160661143956,0.2644544755137479,0.42377284479516614,0.2756821655891115,0.22818469133190622,0.227066055313864,0.3073230473668075,0.33988561636962283,0.22922047841473706,0.28486361948472594,0.2577592568313445,0.31157811519392814,0.1904872781501647,0.2321033702268147,0.2735802766124108,0.2982930577751045,0.28950346732212695,0.2579538942835655,0.3702681393663595,0.34785140870307923,0.25241177216261035,0.3304005396015062,0.2688414067762947,0.2543311199096884,0.24746149835937148,0.24641430898258487,0.22846762915883045,0.25170288197343155,0.3139336658281865,0.2613400295250749,0.27961213849395494,0.17792069699075252,0.28780707121573523,0.21704005508946367,0.2980862839065892,0.22166162878700638,0.2756760276128788,0.266129142755438,0.32971313983870254,0.2842563366515973,0.31543527423245066,0.2502830899982394,0.2615187422279843,0.23525141612419123,0.23383412078097562,0.2650603913194362,0.28465450741590104,0.2540534010965408,0.3065227737379548,0.25753363297662973,0.22858585310861643,0.22828412551949534,0.24182796283068878,0.23013057772412027,0.3548824195807641,0.21446670141036162,0.2897533798927382,0.19855861297837926,0.2845530779978134,0.21630953860466134,0.3175473989748601,0.260538183872121,0.2504295243196599,0.2856487543595852,0.29023086727792974,0.2726515831764118,0.23299137141083448,0.26289679352557255,0.194389458998001,0.25626528778163055,0.23116823227669384,0.25665630869619016,0.2845917061417681,0.24155614007067505,0.2252490844125916,0.291988969742637,0.24022654118329542,0.271259197065852,0.26353495437882435,0.3174334880645703,0.2711351940943377,0.30948750097745037,0.17470199413637363,0.2787637729314447,0.24214630325761924,0.2535019885209489,0.23357642328279463,0.32297687915104467,0.3235554246284053,0.2436539130320203,0.3306003039583843,0.20157180598421523,0.23530887110342463,0.22561075318845558,0.23685262590962217,0.2304705814484442,0.24550166912041996
0.33559301093152016,0.276521226920972,0.25408621575773827,0.23099914175762779,0.2399530680805528,0.2809359416476867,0.22562635252743077,0.28892978328433017,0.0,0.24812217743201478,0.23677106308134663,0.3090146282050261,0.24597232419504061,0.23195119110892598,0.2527029316965123,0.26518334331971966,0.24849859444352126,0.27549281892033944,0.2673879424350471,0.3129119589621999,0.2645168759434128,0.3090950012814697,0.22106135220835027,0.23083047254092975,0.2859731558313504,0.21893495194977491,0.25277541192894093,0.25018377944854164,0.1986117259050385,0.35596079911717715,0.35980617482314176,0.2729263004127981,0.24510379251133815,0.2337060251259718,0.26876518569620766,0.23357542912771925,0.2659891413565871,0.31470377838782826,0.24922139019036157,0.22285303287109096,0.22621158948437448,0.32207469880183204,0.24144425917530424,0.2565225731925441,0.2674396025520896,0.2608263803642779,0.24223014880430815,0.22510457274065712,0.24717552544976046,0.268328104712055,0.25544063525844,0.25240334357909333,0.23392546441530473,0.2537630767254845,0.222353459568692,0.31901549916349187,0.2874211279131077,0.2908814626197825,0.22069888184315523,0.23014927140796773,0.2238611857467899,0.22252441011340837,0.24328942573515797,0.21324033792677352,0.2567813852119263,0.24580712516114359,0.26252972338560665,0.2724813886021253,0.24079811569178078,0.27926656432832514,0.3131591712024039,0.24421164919536045,0.26662474890017335,0.24988342392754842,0.2974493433995634,0.2492163771342704,0.2116284492963193,0.2294896686926353,0.2571209135033016,0.20547668585016057,0.23658434383792873,0.3659407479380798,0.3439222516779,0.2273426226935903,0.27681900909069984,0.344655634729577,0.25897244040088174,0.28401657262567565,0.2782747128472451,0.3394942866348818,0.2904924892151692,0.3085610558800247,0.24189952773808815,0.24405271962412145,0.2806835418652805,0.32925396544195923,0.2578383378237161,0.2784940210592668,0.2327335201487109,0.24461172251554114,0.24080847913510045,0.2044259895578903,0.2508547320616772,0.25694311379043877,0.2877774804006729,0.26794637979036956,0.2274482910062614,0.275235736205397,0.22426816841720482,0.23619122101377185,0.23448623420942138,0.27870603707741876,0.26564152789376,0.30898380484090787,0.23824195299677448,0.2838491670296891,0.25689330958664774,0.25039459066903996,0.2005306620822881,0.2580669613634219,0.25577197095726734,0.2428607250726791,0.23934985384116025,0.282003187690306,0.28518638363700316,0.24429276255145807,0.2306088384925053,0.23322224369719086,0.2165344813009196,0.2630519248718083,0.3781491162561068,0.2979405153176413,0.23170941488855548,0.31682706619568496,0.2551295276365677,0.22545307994437086,0.289012706600455,0.2366224029438685,0.2506936618045995,0.3053825142801719,0.23453990131216618,0.25076441924234416,0.29870185903489194,0.28740992476976684,0.2687592917635589,0.3004963014976391,0.4269474121829711,0.2337812103972162,0.29976752164691445,0.18047736489593383,0.30679051204623287,0.24542279020215116,0.26967033055832307,0.23432861834440774,0.27918300958237463,0.2960847043755838,0.23687017723833134,0.28816297533071805,0.23007977478806463,0.2401540528271172,0.19925373005882907,0.2902913967324491,0.26590718183026574,0.2958778725070402
0.2987378593688876,0.40702711226310867,0.39030594113699324,0.28165605641226676,0.27249051860037404,0.28388170086077835,0.30579970822787167,0.3026277863130106,0.24812217743201478,0.0,0.2612729451860685,0.2812269595293848,0.3081398553773443,0.2536239069354619,0.2741538152783861,0.2889743161095596,0.32476988389092726,0.3231725276051839,0.2705843453335265,0.2700378400237425,0.2988397061560756,0.3117114864963868,0.3352217442226405,0.2877831320400008,0.388768573483413,0.22960214640787666,0.25820675889757844,0.31158607284151363,0.2869276108874696,0.23575486817068522,0.2806720684755721,0.2844784350083229,0.24389978985746144,0.26650988638676537,0.2709638800428056,0.23616961424803387,0.29764745346595045,0.24788558038588895,0.22176948445710626,0.3087774042646208,0.2463557962507536,0.3312949975103946,0.23409829128955212,0.24766871361312073,0.29638971008592896,0.2940383936681583,0.2568607480561134,0.23963866228388675,0.3588211338059851,0.23203082168159078,0.27006924236575297,0.271974298278621,0.2369449047374644,0.29332420174849055,0.26087199570624753,0.29185719456818043,0.2665522995753103,0.2503904356208359,0.311924711518222,0.2640159092110156,0.2708394126219992,0.1914479530567556,0.22612182124720914,0.2105101726075618,0.2385363720902119,0.24609570184234886,0.2679620794946634,0.2857111867874781,0.272139948747105,0.29162068051036183,0.26458191018752386,0.26668832154895394,0.22636287023923568,0.3334699174902361,0.2773926379401888,0.26328541247272164,0.25560979023562,0.3257646926980349,0.23018385135145916,0.21752248379829828,0.28011887096892135,0.27297754557623577,0.3373231696615537,0.24433006216292463,0.2559810960400173,0.32723816701791664,0.22842600235414925,0.2411732697695255,0.30516576534230605,0.2473053159740861,0.2577795580373951,0.26962316068312325,0.26729283443484736,0.23659218718802633,0.29398333813800315,0.3140764029369724,0.19278154628589905,0.3117467153132442,0.19347150407558397,0.3171050974396679,0.23001959620170467,0.22642150805993924,0.2231524733647938,0.3307349637565126,0.22662727033404995,0.2940076371285596,0.25657029306421725,0.4166568532851983,0.2948485422568175,0.35734396009791036,0.2746518331514983,0.23157613491708592,0.263886736535195,0.25693656450003194,0.24060482937722502,0.34242489789267794,0.28412795594377094,0.28601154133602574,0.29180677565574664,0.25618764514638337,0.24406178737614395,0.21709838701366801,0.2337562704385313,0.33240066227240694,0.20913688112043283,0.3052451850295382,0.23079144266676554,0.24147771947052735,0.3140376107229156,0.26303538794881637,0.29907916795202383,0.2606050747173603,0.21715339815101478,0.22485209339739876,0.2476820309440984,0.22445175115564775,0.2635571386444584,0.2617899285016774,0.2946478011622134,0.2637511944161535,0.24722945750600375,0.2548978794281795,0.3377051157135223,0.22973984778966916,0.2677632836519926,0.2679244690209642,0.25589749841003107,0.33254560076909334,0.4160675502884495,0.18359703345514727,0.23082042592567714,0.27287360500688457,0.2650021132829896,0.29837813967493804,0.32250932477797656,0.28921152599153144,0.2603528807677241,0.37522551855520836,0.2404300334350036,0.25762220599163105,0.32739753798688415,0.25937997471657515,0.26015718113363007,0.2726428443894302
0.3181885099356139,0.27550313903866863,0.3258355550105601,0.33575281355687986,0.27841076295910344,0.2784887669546704,0.26651715913226764,0.25108967470485916,0.23677106308134663,0.2612729451860685,0.0,0.30128505785393733,0.3393338235847243,0.24924879886094006,0.275793823859789,0.36897814981644733,0.32667745465575404,0.3154362105511516,0.29829213153031775,0.29198575658211523,0.33915941540009104,0.3542352752582344,0.26223522080689815,0.28773059223951747,0.3160880324917153,0.3235749824864236,0.2611517489346974,0.32003228019172936,0.28386393452018405,0.24090426523142822,0.2683655428784865,0.2913708981726319,0.2848492239755862,0.24541840834355538,0.27861972434241883,0.276894087751139,0.3765968926234121,0.31494454089741236,0.33734737478946886,0.28031150322385906,0.2739815273616498,0.2538363384964907,0.29331614303724923,0.3339844816167026,0.2874288406822422,0.28246695876284483,0.194843740993652,0.4035843904249329,0.32924296073758674,0.2665043431612491,0.3417183858451012,0.27734760363152083,0.22778422020129033,0.39582202213546186,0.35274118836017976,0.20692480816278708,0.32851911857311694,0.3286169471839523,0.2763754393977809,0.27988505159026017,0.32921513463642155,0.1961502286716156,0.29700011672200505,0.21659227083550414,0.22425306732485442,0.27388004243198644,0.32721034804856053,0.2933931723249425,0.32482290625128446,0.3007321800582226,0.32316013449769726,0.23979559187507357,0.2669390172860261,0.38162694611597514,0.31937028524587774,0.2501681220205206,0.3495404274601269,0.2988670832287154,0.2749024597515252,0.21737488773467628,0.2656788487353933,0.2763826735254636,0.2707938069475249,0.2926707520169771,0.24937478189543227,0.2806023274903262,0.28660977568352697,0.2666235119860632,0.2510764617870602,0.24047001413247068,0.3562943035147555,0.21658033886588582,0.32029902740364385,0.27694941244205773,0.27071800586004274,0.2992151711880081,0.22762728202944926,0.217008442676517,0.18944778639244325,0.2543867542273415,0.2807451969495767,0.2616884150992904,0.25071325311062853,0.24188818588389477,0.26530997738704903,0.2614999334155799,0.2681709287528976,0.2726778062209525,0.2601385817177589,0.3056997344990134,0.3719559066329524,0.2596030663398647,0.2825719277760567,0.28842075758890545,0.2819103837366352,0.2664818490543538,0.2423379879587348,0.2973894220571301,0.28799030819752386,0.24110438135245202,0.2878184641825657,0.2360296883266596,0.24826442751878172,0.33571737123111217,0.2244715055934032,0.3523429996726843,0.2012952288922464,0.2622424431958446,0.2725392777600868,0.28388091617652167,0.20321461461280846,0.3209486147534682,0.29008990321996764,0.2760992919562119,0.3946224027774007,0.24100624906360482,0.24561064419807957,0.2621574129230348,0.3098599769368885,0.3111659989855444,0.32022014499160273,0.266049712709738,0.2579505476000884,0.2638963176955499,0.37585730752039015,0.23392338287451717,0.2639965251770895,0.27208626106704037,0.2714673094929331,0.18405434328571346,0.35205932087873976,0.2485564311159372,0.3898942398180473,0.22075941136636926,0.29207651496375403,0.33388325919154316,0.3039282845754173,0.2988837115391594,0.26990448817439255,0.25923768456169916,0.2457512833096105,0.2680861142320176,0.22673516362453525,0.38643588507633947
0.2961567657245108,0.31452539226566784,0.28696013402859705,0.2657265687202981,0.24776948282553482,0.31330801879728604,0.28534136532019877,0.30725929048738515,0.3090146282050261,0.2812269595293848,0.30128505785393733,0.0,0.2613774659351667,0.19181081006355238,0.2731559675150037,0.30877249760311754,0.27730335586535704,0.24593190548948718,0.3420152708223289,0.2867755798194514,0.32847452057040616,0.2899021021815352,0.26623151323650546,0.2734121135329048,0.36282293194786147,0.24698591145884777,0.2682557684233269,0.25037602907979,0.23615750952193434,0.33184170038933875,0.3486648261762415,0.2971328271193677,0.2788934978205457,0.29534124752105995,0.23857957629050117,0.26090726177624246,0.3152203610828373,0.2893005296517725,0.32936261777548953,0.24874653276416137,0.26863742799308066,0.2851975674872127,0.2663778653824369,0.2942626226779891,0.2874706497836197,0.2953619007025522,0.28108484200505324,0.27263301643492616,0.2801600570008191,0.2639537115348443,0.3121748073598153,0.28600902162987846,0.2193460243930251,0.31867105446035177,0.29775720885096635,0.25981310714212374,0.314358930458142,0.3748536652780609,0.21819470891594195,0.25628312388767704,0.23267259640416227,0.19984504484016574,0.2560017104450352,0.206530860857432,0.21799509581113982,0.241652087670736,0.24800054661468066,0.2613339614326297,0.23138580664066882,0.26063542856225935,0.27545737558536704,0.21324204368714583,0.22303698478993586,0.27780699012297777,0.2834956423113184,0.24580347710445008,0.2557935549977534,0.3069409515262739,0.2636008502042616,0.20387509846820215,0.23699716772158444,0.29671070017377155,0.3279248168261237,0.22035824031801118,0.2645498178985646,0.33507531902965465,0.24119168996880502,0.2605259242664753,0.30581002281876174,0.290554898530633,0.30431394820622015,0.28573125060739574,0.28102073593479465,0.26116239204578356,0.23893337415235502,0.40954818676043947,0.22136371513370987,0.2933744307301946,0.1899677916888504,0.25109829996492494,0.22211732080447177,0.23738300263667447,0.26223625269505857,0.33365404055208464,0.2514935857873037,0.30266833046140185,0.2747516706813118,0.2878936588291872,0.25813697023503346,0.316264496979511,0.35934204279778903,0.2737602721566288,0.24729029483893622,0.29109232649303957,0.24763832504165462,0.2922935187229641,0.2559332932684221,0.3022733665001669,0.24858749727330925,0.2273875735608814,0.24543525387593576,0.23962480165913883,0.2271744330471761,0.3270077013381345,0.20058422413558513,0.3515937073480019,0.207014906123987,0.3027855481238745,0.26547844972558793,0.24322283636927663,0.26261124409404624,0.27081807147940656,0.21752514651724142,0.266385679316332,0.2711623506315198,0.20371239965293617,0.31516846997198783,0.24268362833381993,0.25994577063754304,0.32867819074323507,0.22826545229346934,0.24182681667432362,0.2931233806599784,0.2634573679043392,0.3127457261371263,0.32877627963703693,0.41444507198161035,0.2676663280879983,0.34374567788695104,0.18701449690586372,0.2895563808682058,0.2623022505754936,0.2923965284692201,0.25771653128363914,0.3846876011515706,0.27431083066902995,0.25751400734201735,0.35250856184038715,0.2102649232118477,0.24765581355889044,0.1973865788239737,0.24456014071757579,0.2316017775918515,0.28888438008917217
