0,1,2,3,4,5,6,7,8,9,10,11,12,13,14,15,16,17,18,19,20,21,22,23,24,25,26,27,28,29,30,31,32,33,34,35,36,37,38,39,40,41,42,43,44,45,46,47,48,49,50,51,52,53,54,55,56,57,58,59,60,61,62,63,64,65,66,67,68,69,70,71,72,73,74,75,76,77,78,79,80,81,82,83,84,85,86,87,88,89,90,91,92,93,94,95,96,97,98,99,100,101,102,103,104,105,106,107,108,109,110,111,112,113,114,115,116,117,118,119,120,121,122,123,124,125,126,127,128,129,130,131,132,133,134,135,136,137,138,139,140,141,142,143,144,145,146,147,148,149,150,151,152,153,154,155,156,157,158,159,160,161,162,163
0.0,0.8241852823965644,0.7837620307066355,0.7947042547260728,0.8089352452875012,0.805489233197403,0.815395178211411,0.8177407070200038,0.8593604369878429,0.7941816428028377,0.812334651688522,0.8016541258136383,0.8584832380736591,0.8151165141466391,0.8171240483231522,0.8224850410385957,0.831994068788598,0.8999965885568454,0.8285870283487844,0.8944851649917634,0.8341221487565845,0.8337451776515739,0.8483937390680945,0.7888052316642814,0.8611200033169892,0.7790495004976935,0.7827988424713884,0.8180858921696161,0.7562402220198048,0.7895224041688177,0.8402656343573313,0.8396766073626883,0.7912958025182381,0.8460819011598366,0.8654137264991819,0.8327251022583534,0.8626954404292392,0.8663667548619729,0.7881754074031007,0.8197965638128568,0.7929929005712888,0.8390776083524054,0.8334931723075111,0.806556910457747,0.8281961088408367,0.8602184561539252,0.8039483658761633,0.7883848902602972,0.8708956135767415,0.8729751800776405,0.8510308333985102,0.8299487440404968,0.8446053077755366,0.7911767916645108,0.7961933487821979,0.8290984482989007,0.8899057476638201,0.8280027708252804,0.8105809497320942,0.8610096189700599,0.7908617177164393,0.8181843976117404,0.8221803627544413,0.8085501480351799,0.8353275122859676,0.8290464333762595,0.8187421608854981,0.8286737726733301,0.7995142419932529,0.8682071424533618,0.8775901049944571,0.8226378299514853,0.8324738122036434,0.8389306548551312,0.8399125069539894,0.8403563454915335,0.7809951956519949,0.7944445423332289,0.8360770145179592,0.7561666685804533,0.7932383156048903,0.8887675757730414,0.8101169205933275,0.8159380051837983,0.8393605902452785,0.8780884128486015,0.8277770708628508,0.8564502418911899,0.8584804567707603,0.8137858522255997,0.8796486688233937,0.8480265989146749,0.8440574154307027,0.8517919109404003,0.853407045501788,0.7999627324488566,0.7602832947133782,0.8097009098079441,0.8210372879756108,0.8421948847203149,0.8035789780709564,0.7908403266573959,0.8006932999399898,0.7898567047413617,0.8612461707504045,0.83761005398545,0.8021483783325203,0.8498936764870282,0.8179333776264331,0.8024643184050394,0.8186066370207346,0.869562656658874,0.8539177832075556,0.8254435711242502,0.8528016149986307,0.838843049535887,0.8365117322239766,0.833509287737691,0.7694881045883674,0.8415875053282688,0.8274314237167566,0.8091205490742672,0.8643910781585702,0.8459793891635412,0.8203082662631979,0.7766640050056939,0.8245771999748865,0.7808887599908052,0.7958403217005386,0.8219599434704185,0.7951760105070825,0.8001524182421257,0.8106294029277072,0.8770132850345466,0.8092090372362041,0.7968824864862512,0.8195065639873604,0.8242530788404532,0.8123219927154062,0.8751720565028541,0.761485828622416,0.8363006561783737,0.8858165953866215,0.82496951977311,0.8334834560683875,0.8805170391626227,0.8392943286295413,0.7897961234086509,0.8461461409565226,0.7583571993373835,0.8593711399009043,0.8209106608398746,0.8548961018670894,0.7416200460487243,0.8442819022222603,0.8597641561968288,0.827858204746892,0.7938044422919436,0.7850947410159825,0.8372607194600092,0.7768366599810829,0.8528319785962958,0.787871858409849,0.902842188830716
0.8241852823965644,0.0,0.8189158983988664,0.8113956524071794,0.7601009509328386,0.8298873363606486,0.8351141289114982,0.865693720106338,0.7746998340496332,0.8886225361673327,0.8233147631613476,0.849246968370348,0.8415146961668459,0.8023508701097316,0.8291956464612538,0.7938206388114403,0.8003821747568838,0.8265273373843538,0.8380625338946512,0.8215622048275463,0.8206299424586989,0.8651173014736298,0.8716208194763017,0.8260952976681991,0.8832403444925331,0.7601415413267978,0.7777292667878488,0.7991626694061877,0.8202220488557488,0.748491799252181,0.8244646562642828,0.8125851850669206,0.8211108431255959,0.8102478927497329,0.809271602817601,0.8420951820646927,0.8377144666512908,0.8067067958214881,0.8011484438097498,0.8208200617848319,0.8302722275472304,0.8142804178339078,0.7715461273406269,0.775082844155848,0.8690140517410656,0.8217214098502862,0.7990335950034653,0.7911629919978054,0.8567531470284533,0.7972527754769902,0.801628319638324,0.787734583773044,0.8168047206859766,0.8487210862210516,0.8211777986334624,0.8195578788076932,0.8089145118845767,0.7964836615130875,0.8308558325723192,0.8528305912484132,0.8265946562012244,0.7495551631444265,0.7695451294256904,0.773772286802036,0.7661872536592165,0.7691830509864249,0.8080482816188483,0.8058819017040442,0.7848320154216977,0.827722524970602,0.7866784909233094,0.7888484683915339,0.7497302871274849,0.8370280674834625,0.8084423453498317,0.7838094322542652,0.7758174186209799,0.8279437668815344,0.7954673475150754,0.711015600549249,0.778986812289942,0.808070081438543,0.8419250358148057,0.8092684302336869,0.7813925856379057,0.886881828933453,0.7900960946609278,0.7717606756925668,0.8071401832677841,0.818385022691384,0.779779777965221,0.8058982379036583,0.8172947399671603,0.7930367440274829,0.806249808165897,0.8617728961163503,0.7488316650101614,0.8191596680850006,0.7471408353944409,0.8240172643934879,0.7916198761629124,0.7703010898348175,0.7430048755974115,0.8292561479403932,0.7777499327185249,0.8009462016120572,0.7792270785333808,0.8768407614028446,0.8297726696358956,0.8783194688901992,0.8027830672396179,0.783018616003934,0.7999941744350566,0.7615967559256233,0.8276211702412566,0.8395927331247607,0.8110043638515474,0.7907655591968361,0.8060019000988332,0.7720710866009244,0.7693453094402243,0.7640753304792139,0.8162580405243879,0.8214471278971635,0.7571589470491423,0.8399347371787868,0.7738584595543456,0.8365017050034215,0.856640258776387,0.8050930481610836,0.7859308922199052,0.7605155163327391,0.7674567684455423,0.7991683158691348,0.8253937390035933,0.7575534914942985,0.8200605217481002,0.8064486281548209,0.8426976472790403,0.8139444690847929,0.7975767806002348,0.807327076955378,0.8522392353185478,0.7886589451815854,0.8176778829525856,0.8195867005273499,0.8214863618398238,0.8186012163813876,0.8815174653493756,0.7591768734132902,0.7769659642332057,0.828357319324251,0.805244613895273,0.8280546926262307,0.8417319159682392,0.8366523315870862,0.8342649335747182,0.8231190596716721,0.771248647136056,0.7553513166143732,0.8189389372420195,0.8033067666964351,0.756343834072385,0.8007528864162289
0.7837620307066355,0.8189158983988664,0.0,0.7516642461113905,0.785771903901233,0.8331363966044723,0.7649462506256982,0.7971677834120741,0.7293578294023693,0.8322930367594499,0.837030916943419,0.8040373189759599,0.8476503312416428,0.753821884958404,0.7679575750062786,0.876251369235623,0.8318147311392003,0.7881651088777405,0.7495326336038003,0.7619793631110712,0.8117417799759825,0.877369856436594,0.7763719697180008,0.786231624409862,0.7908153537487985,0.7844376396438053,0.7515751727659788,0.777007657128821,0.7903306800377311,0.764810727075327,0.7354651548342532,0.8003022696808135,0.7504188129389592,0.7513076443827456,0.737818893593227,0.7747046974956809,0.8088496731785676,0.7778588594054604,0.7683584737929424,0.7710791116493865,0.7656312541369922,0.7921317226117719,0.7600966610516506,0.7545612643922043,0.7950193762698231,0.7856941055431255,0.7887761791074324,0.8054711232680959,0.7777269184476282,0.7654719240133164,0.7749615541807839,0.7904229636774309,0.7352329799348652,0.7954355940929745,0.7826993595716554,0.7488028637519254,0.7556882237864267,0.8346287199687472,0.7465384719207866,0.7795842993504839,0.7826400427643848,0.7365733848935214,0.7820485421927974,0.7353364162756547,0.70228061340976,0.7273854081595845,0.7580649437125665,0.816948095464371,0.7755214957624155,0.7967547803387224,0.7796543266064981,0.7126625489556333,0.7398206098940883,0.8328095955564115,0.8022255168525052,0.7088813073099675,0.7972618117573977,0.8218684176106121,0.7422491092459774,0.7215221225511751,0.7708504969620491,0.7479370691994714,0.811089156557372,0.7920954566836786,0.7302366730363223,0.8167076477158249,0.7399042653114081,0.7179095425732717,0.7677383995552025,0.739748305041197,0.7934852714043807,0.7220659483109731,0.7964432851086388,0.7159854962432562,0.7466586363125964,0.7896524024663991,0.7026794435134155,0.754155227518107,0.694560063244226,0.7704375641484813,0.7184560584534215,0.7422652705707207,0.6895641336232525,0.77100204316238,0.7380435260590507,0.8318951959374316,0.7635534175453329,0.8091960548442104,0.7799424617476334,0.8242721419672105,0.7617635242870869,0.7261014022434984,0.7582477303845152,0.7510690870810869,0.7580212789138769,0.8267558998118167,0.733248018719329,0.7935009770101356,0.7993450468462988,0.756886519302141,0.7699943107055884,0.7274347409439907,0.7473040554092509,0.7975443863494645,0.6878696069362308,0.818567934628867,0.7423698477434416,0.8086363113571713,0.8073925583399074,0.7472929965780805,0.7481659854428482,0.8229418745832958,0.7259898292933809,0.7331186072774679,0.7618300105803393,0.713938452853556,0.7688747932972859,0.7332338960625874,0.7734390398869551,0.7514641773168759,0.721139196425012,0.7799102292960778,0.7649612920093705,0.7538377349474206,0.7715010721781853,0.7375108611231522,0.8022355066053084,0.8072736368337523,0.8219098322121903,0.7459347178145714,0.7075435622081268,0.7249834121079188,0.7725726574301772,0.7958606033323662,0.7904591400533162,0.7678869827416122,0.8005412847581385,0.8207599745285699,0.6823928229156122,0.746305677664419,0.762883889250531,0.7063800434027224,0.7114644118292622,0.7905725094613837
0.7947042547260728,0.8113956524071794,0.7516642461113905,0.0,0.7234585338503163,0.779408084081461,0.8081559004468151,0.8008428430608431,0.7295972356737396,0.7840203455004104,0.7986398308953898,0.7606576086127338,0.8260878016464653,0.8316027531324642,0.8144058273149549,0.7700754256442358,0.8048632114412047,0.8267718308863304,0.8020276870577668,0.7962212847872208,0.8112052906382202,0.7705990881970485,0.8275848368442716,0.7705020699417057,0.8111920732604744,0.819243730999747,0.7850640881546128,0.816839757807762,0.7899212191166368,0.6917827748270526,0.7733683688944105,0.7939138719504353,0.8781050415796258,0.8215854404603545,0.8147722228151796,0.8375439969687449,0.8065567655401236,0.8246253620926253,0.7713558511707145,0.841643429192218,0.8493283914590095,0.7544436951658936,0.7859501814834868,0.7969975831975643,0.8273711814939888,0.8301529887391017,0.7251659491946529,0.7723410493964279,0.8201259641093087,0.8144640461501306,0.8446626466342968,0.827653666651587,0.8272632223682161,0.8515832866425271,0.8088562683801134,0.7645728879133802,0.8317752609085574,0.7713945044502012,0.8306640743178124,0.8737101598468833,0.8568601898318778,0.7984122423320478,0.8096791655761681,0.7549619084105987,0.7925809336546142,0.8242999137472652,0.8591041396509574,0.7708069781096781,0.7963215978268473,0.8100779250248925,0.7896325309185537,0.8089203845175874,0.7930825320224597,0.8699837481723125,0.8155666830430215,0.7893889480107188,0.8231781717235318,0.7896617962554073,0.82862069992066,0.7325890876594968,0.7885569607881395,0.8192717950955457,0.7586245601695337,0.8493705300397791,0.8273740060127872,0.8276125631212897,0.8183995012082464,0.82255785847149,0.8229717498091876,0.7724077159684152,0.7976019053338853,0.7934344815153751,0.7935115098645926,0.8134419490253273,0.8273065424490986,0.7712804409139213,0.7655963082276697,0.7964729843782633,0.7595405125114667,0.8485195414223023,0.8109131695470533,0.7906845556363457,0.8138640117146745,0.7796055641616952,0.8170947562357901,0.7976156846593253,0.8148521039458749,0.788622932869164,0.8366683713574516,0.763726079479931,0.8142444253908531,0.8085439621252587,0.8664528793110124,0.8063409035287433,0.8598642068499751,0.7939127441330442,0.8327341544021645,0.740037238174867,0.8108180949194876,0.8024785833794097,0.7746568304981656,0.8390715010248304,0.8206844088142943,0.8020913844786749,0.7624787400281765,0.7967074777119123,0.8164151315918379,0.7624871909357893,0.8423645127635757,0.8492749061883734,0.7260475086976377,0.7775731492653939,0.8274727340429198,0.8191312572604863,0.7985463391921112,0.7555390694053622,0.7297524889031243,0.8287980799637957,0.8164052839129016,0.8069524803915262,0.8705279503012144,0.7871182564771693,0.8449765631760471,0.7951996305297734,0.8070307543867462,0.7897845884067406,0.7581243840310864,0.7905437383462788,0.7730588650354129,0.7285704763118871,0.8175472225103465,0.8236612084763761,0.7924359330965683,0.7463041246072812,0.8123690078649379,0.8146909041757882,0.8184396254282492,0.7821650520574727,0.8626248745901315,0.7994512797295469,0.8369088536969139,0.809008477510208,0.7893167343458465,0.7880630347434839
0.8089352452875012,0.7601009509328386,0.785771903901233,0.7234585338503163,0.0,0.756207449197808,0.783865829834414,0.7349869816601194,0.744814160071652,0.734887635416388,0.8036572020116884,0.7402570430870182,0.7819188550675201,0.7613838426878069,0.7806296510560043,0.8169928006791155,0.8140733272289319,0.8069036709269733,0.7361989373972816,0.7871298328090963,0.7974817701378553,0.8080811014947357,0.7735898928650531,0.7828073736399105,0.7573983579825198,0.7614376074039416,0.7170673926438837,0.7550992758418807,0.7340867213535898,0.7671897391572005,0.7585304936720401,0.7544090463797012,0.7393486262095774,0.7466067683998573,0.8212066837954297,0.7690210657504141,0.7995060973633049,0.7864633358372723,0.7643020442456053,0.7625133662076474,0.7644852301323173,0.7811845069947079,0.7825711387516812,0.8042595447426683,0.7426483417266999,0.7601221316819309,0.7993573304064129,0.8104404853568571,0.8048422211674698,0.7891746931111306,0.7831839104636154,0.7853949227440292,0.7550253684011381,0.7504267142181994,0.7445582319670346,0.7301200626183951,0.7654400405695561,0.808113503865441,0.7490381524954616,0.7647606807949937,0.7196364069520942,0.7194520908611685,0.7714228735211782,0.7519178565908082,0.7426454211345719,0.7100596244173668,0.7287729839205068,0.7999182683521424,0.748410691685064,0.7866005168236638,0.7893275028551743,0.7564321430962284,0.7294978499564634,0.7829062461618762,0.758843761628525,0.7310487155686004,0.7560631486109395,0.8433650221981789,0.7403957159982086,0.7382231410797341,0.7594495142364652,0.7664830211568405,0.802896570597326,0.7476450733831324,0.7286278584685518,0.7778051728947258,0.7393825561873363,0.7381703439858399,0.7425105282815437,0.7149697258048331,0.8370589534119709,0.7544523613118361,0.8099698891684405,0.7276713692285045,0.7579965285547527,0.7493764628029798,0.6836989062988656,0.7306623634751483,0.7316272477469502,0.7393747308892966,0.7429079091925365,0.7044489708850367,0.7048707876140874,0.7176368122728713,0.7432982311107202,0.7858251398139724,0.7230609481277379,0.7870095751488203,0.780743803912511,0.777373970037606,0.7673292121473555,0.7524968814214693,0.744393643454726,0.7473672895957998,0.7532710754837995,0.7844542007233525,0.7455927547368916,0.7680865523296975,0.7491774952622887,0.7613697584773538,0.8331956781404734,0.714517682005048,0.7536850971798533,0.8155515357252104,0.7431234889595365,0.745927011960526,0.719765505738794,0.7574178661524963,0.7456899409198683,0.754786816472395,0.7278909032741845,0.7687080117953063,0.7144036156517322,0.7646685142975368,0.7502697240523034,0.7716343949450807,0.7780062060489384,0.7901929051483471,0.7472241732290029,0.7722758308965252,0.7099167253001034,0.7725158865524294,0.7797126675736835,0.7407939463905404,0.7829996901955136,0.7582504857698265,0.8046913135206935,0.7660919839561113,0.75392968830402,0.7064795582179428,0.7428486164445134,0.7464942742292524,0.7872374085510564,0.7292837560059873,0.7667291836410655,0.7680797174858265,0.7543497141921744,0.7904792570772827,0.7221478828289507,0.7385633693010052,0.7289603436669675,0.7496064143845622,0.7050907953166363,0.841533205031127
0.805489233197403,0.8298873363606486,0.8331363966044723,0.779408084081461,0.756207449197808,0.0,0.7929876802578899,0.8326818836873645,0.7687530782491145,0.8127952989644509,0.8150713669831431,0.867537741340213,0.8332923001046123,0.7239371637343661,0.7903271861394052,0.846607633122935,0.8265509064770187,0.7576270167128999,0.8513131353755733,0.7966618607722877,0.8602931940677756,0.8303551418738491,0.7756119380797499,0.7739546850795078,0.8629056430836699,0.7599619575213091,0.7271760427881256,0.7725176227398798,0.7609478854873504,0.7866612156859892,0.8049116220460849,0.8727519831235077,0.7842195357728834,0.8014848820607386,0.7624532230743096,0.7961298529373847,0.8268684967332361,0.7757094796182523,0.7874112263749885,0.7663930400830051,0.7864804635085397,0.8376184413099839,0.8079073391601014,0.8094246579189435,0.7938426754611453,0.7879196951023473,0.7934393552695265,0.7969000371845867,0.7820542497948569,0.792314225761771,0.815053241730323,0.835945701620909,0.7617962227451445,0.8195728775018377,0.7779649806598521,0.8119900103387748,0.8015493986483427,0.8945509493300885,0.7466713306685626,0.77932676449228,0.8037516187750225,0.7925104043422545,0.8382181002739839,0.7298889452429927,0.7525580160532691,0.7710139760158113,0.7562844357188139,0.8150645401358935,0.7455705681338375,0.8136084025436398,0.8044162328249782,0.7205780219506279,0.7626700848909128,0.8300117573539196,0.8263104803363782,0.7556263020666342,0.80084969692945,0.7990558842279816,0.761446821258529,0.772123331760486,0.8446102648592849,0.8037173877486551,0.8175452908113958,0.7949577942513407,0.7933820073530767,0.8223146732328847,0.8153141974110816,0.7576255848205007,0.8092301842418818,0.7535904708265561,0.8107933543138351,0.8088529371812817,0.8084295968501877,0.7593992677736556,0.7611145510368641,0.8272402620890619,0.7577887800529669,0.8389262040625598,0.7375319314826337,0.7819564219476897,0.7270011609203991,0.7908497339742708,0.7606384636149353,0.7942347917095552,0.7820757761964977,0.841934663305267,0.8174212252682312,0.8378807069054808,0.7761604854306339,0.8432425052035281,0.8348231792456309,0.7662031100711952,0.8203337730125988,0.7821801406704022,0.7693586611878225,0.8154855284310141,0.8174411955621442,0.7826556645385996,0.8551974383131666,0.7697525471393405,0.7600693098232175,0.7810701457468247,0.8065263987287111,0.8228760863834198,0.7457832526246256,0.8129353285022546,0.7984702918957138,0.7986127553230333,0.8143483018386399,0.7368866280625123,0.7910025241057397,0.8684386842467227,0.7447593087748524,0.7836724875251864,0.7840855902728057,0.7414517520350747,0.8030363458028538,0.739077632508687,0.7684933597807587,0.8001983375701001,0.7511475442396652,0.8276412657900851,0.7963112733341154,0.7898295877616877,0.8022465180808338,0.8070238924659734,0.8397931418233658,0.8283788535448963,0.8393789482145358,0.7804838628132449,0.7696630100307018,0.7930419304168217,0.7615278517297486,0.7807358621169461,0.8712164699975656,0.7913275345108494,0.7981742239350317,0.8535725511201858,0.7075675099986247,0.7933221773820769,0.7649946291650035,0.7868604006979287,0.7639383307761479,0.7984911899873322
0.815395178211411,0.8351141289114982,0.7649462506256982,0.8081559004468151,0.783865829834414,0.7929876802578899,0.0,0.7703605083996544,0.7349157483940217,0.7881578722474771,0.8015399549725205,0.8259988069284113,0.8382801057362489,0.7864234852762992,0.8745298701425739,0.770365851169577,0.7896183636141573,0.8090753545837642,0.7893952553077628,0.7837599809662751,0.8054035119867726,0.8247217164948056,0.876676622415335,0.8620944444234993,0.8194542898242226,0.8122175852151217,0.7666680675946742,0.7735349320788635,0.7946719225790008,0.7538023107431198,0.8096393658519595,0.7908886593695489,0.8443874125156449,0.8312466827412514,0.7963244875390862,0.7929293159794197,0.8745791643446168,0.7739355308054312,0.7960034997555033,0.8460759625514315,0.8670308128324006,0.7863871423240714,0.8114149228217447,0.8284103802073471,0.8455466382403233,0.8353275376010046,0.8234496465656868,0.7935555514883104,0.8758248611311977,0.78608616798126,0.836255801930409,0.8063318204052192,0.7721843983005952,0.834782368216303,0.8148973701936909,0.7894005615879964,0.7937581090721495,0.7792643361918798,0.8056615324358194,0.818243888571658,0.7643383321309946,0.7562439085714467,0.7652889254589758,0.7462803080437498,0.7628118903986054,0.7530003512231861,0.8171243836975866,0.8465851889395235,0.7444748161537331,0.7790958910187527,0.8309401687548025,0.7792840877506897,0.7208802503890798,0.8341297401689877,0.7368823619332368,0.7997537899526583,0.820028106379832,0.8474419370651466,0.7838899429584423,0.7462006053443782,0.7970848489029297,0.7919948525916191,0.8204913215408427,0.7610461969561592,0.7496355044368483,0.8253724464075651,0.7629653060766344,0.77770112723601,0.8033180498623577,0.7852324370168118,0.8071015641532336,0.8398167896328018,0.8169758040628281,0.7922087986657251,0.769686464507072,0.8398687940180518,0.7208193959159309,0.8196338098289326,0.739297982150387,0.8244199444548087,0.8005098245284118,0.7574163505496847,0.7708877560349187,0.7948061386571199,0.7490204498564982,0.8290225606695659,0.7670036078903562,0.7992751327572449,0.8782094274212978,0.8433895759552101,0.8581835102845439,0.7707193157663897,0.776288253800379,0.729175362276656,0.8036598300210394,0.81915392951703,0.7917364695747477,0.7795489840180416,0.7825112018716732,0.7467378238637987,0.784919938464058,0.755621158038833,0.7833828533499688,0.8666191777678303,0.7375650829992739,0.8458759649745903,0.7398256881039342,0.8354584147738856,0.7878429088052612,0.8237746699577959,0.7261964718745556,0.7384645210314124,0.7449825651890609,0.7636295982361476,0.7706423334066919,0.7915760193077801,0.8294656607856461,0.8446673815508324,0.7939064084175266,0.8260302638783397,0.8048402677766725,0.7691899911355102,0.8151117691280205,0.7431943947805075,0.8296421196963077,0.8349967889680818,0.8095284852342701,0.8312373194258448,0.7872712353138045,0.692355505507708,0.7864438563132321,0.7906538423913632,0.7755153323342082,0.8179760795102234,0.8416385183047546,0.8355962816394699,0.8470417876031069,0.8435040582203926,0.8025604016740714,0.7827617173687077,0.8065147676989789,0.7803185453211987,0.7498583339522654,0.8140418934641056
0.8177407070200038,0.865693720106338,0.7971677834120741,0.8008428430608431,0.7349869816601194,0.8326818836873645,0.7703605083996544,0.0,0.803262265643119,0.8504664730315322,0.7830309173833827,0.8089432990569398,0.847136392640779,0.77903292618581,0.7911167039888476,0.8156235893311067,0.8056437442971235,0.803669183929663,0.8055562285653661,0.8322671759709237,0.8151819159144775,0.7984663715518387,0.8191194571725883,0.7688684400093726,0.866785353649116,0.753711135405937,0.795065008430475,0.8160955034757295,0.735919371579632,0.7466076588365956,0.8526041222712097,0.8259223699882573,0.7852176218425926,0.8296801439380681,0.8090085413556124,0.8342695148842053,0.8440932313370122,0.8191035815133889,0.7845341219031023,0.7776727151514685,0.7760496168517416,0.8112336917295335,0.788882217755375,0.760056428437146,0.8776809124426318,0.8148803802159394,0.7781625048326762,0.7695662259899367,0.8176152287926314,0.792897172540993,0.7935055907996797,0.7788660720390214,0.7967676333604408,0.7885079746142027,0.7815232450996502,0.8216692915460275,0.7946431011877472,0.8202138206728179,0.8114491860137131,0.8207718375174936,0.88418422631347,0.7706401824012019,0.787009479734406,0.7788983627118321,0.7561653655102506,0.7846326862437208,0.8213913157063771,0.8115469011507148,0.8021030283499001,0.8956107500796889,0.7957090889463438,0.7811708142006178,0.7811095655399232,0.8364211423529867,0.8444115492528937,0.7894341191924453,0.8052540560786953,0.7822854689566278,0.8196844803693496,0.71184362346641,0.7867727787430708,0.8137135595478927,0.8246201232627863,0.854762745754291,0.7971718441781215,0.8802835819571203,0.8721427574867554,0.7987974909633534,0.8648353305894317,0.8187992818569154,0.7716295157382214,0.8070251153264038,0.7904358774721224,0.7720863120931217,0.8085936116714915,0.8235582409095283,0.7871451573712882,0.8432465447411366,0.7503995043384936,0.8388741188438773,0.785883698210452,0.8222587994576933,0.7643546373352962,0.8137233015223132,0.8126249235188934,0.828919899971212,0.805616601429807,0.8822168632395097,0.785071709559016,0.8281640920280525,0.7783670955441772,0.7823400246484089,0.833558858820627,0.8120115863160945,0.8017594044970333,0.8109640936209361,0.828243042050165,0.7633784179362854,0.7826983163362786,0.8043817851000845,0.7459339315882559,0.8437669374545064,0.8002530200820711,0.8032368233075394,0.759919746616054,0.7809662532266648,0.7913020380350804,0.8285492032557551,0.8258487301799923,0.7743814855275559,0.8205283892213198,0.7878601719827883,0.8234665962650175,0.7954329132843486,0.8138486993198704,0.7374580668612725,0.8046387748788274,0.7573294598799126,0.8201886683558739,0.8200078552643446,0.7916643807408661,0.7953794066846398,0.8462623056306527,0.8072689298798043,0.8117096702885621,0.8130301544409528,0.8204460488370025,0.8111838358371757,0.8535596875954508,0.7502203252336541,0.8095404289639229,0.8165691281401664,0.7858039655821518,0.7756464813645496,0.8498226627631926,0.8592293838858615,0.8017369571891874,0.8284815877870964,0.7404219394082983,0.7728967165541433,0.8003382893099026,0.7978011215862725,0.7864797712461347,0.7854914693948517
0.8593604369878429,0.7746998340496332,0.7293578294023693,0.7295972356737396,0.744814160071652,0.7687530782491145,0.7349157483940217,0.803262265643119,0.0,0.7444804190141949,0.7454395779416073,0.7629396573975977,0.7694951981300712,0.7953048686065569,0.7468594215206528,0.7522440942297154,0.7616678273041856,0.8318885783126202,0.7718248212352232,0.8369370437386306,0.7550895009192974,0.7909398164301782,0.7730777236117732,0.7258126506812287,0.7941119113219557,0.7128630011171819,0.7838692771282629,0.7773883209230388,0.6845358983991707,0.8175491299961377,0.8190288074278311,0.7810493266315768,0.7245731476630259,0.7645458050754695,0.8165798607209588,0.7676312242274798,0.7712812693965416,0.8194118948141499,0.7285794558999565,0.7286795999520091,0.7255080096870684,0.847424391419334,0.7670461891487383,0.7312539035779156,0.7818861387448487,0.7707540113315713,0.7671206342812756,0.7155756525636552,0.7684844088768168,0.7952806824681445,0.75587516614602,0.7484517870538753,0.7873613045286777,0.7157294275746664,0.7145207145470027,0.8309320706561055,0.7951260691352379,0.7827233539374973,0.7660507967675464,0.7749421911908878,0.7417546394235411,0.7820507946246156,0.7585311932851837,0.7838965110354902,0.7979679132564204,0.7703695548519198,0.7774662225413772,0.7772151180562422,0.7740795827282004,0.8153076144136253,0.8027848551681156,0.7887236769304313,0.8268174738175834,0.7528933720495153,0.8026152149111845,0.7932461346730347,0.7094812265025541,0.7112729768471284,0.7777947445264202,0.7125198968212914,0.7465167359088607,0.8445088103311931,0.7907761069049253,0.7691455472810936,0.8013327769204959,0.8282498542617119,0.8046759985335045,0.8185353478066708,0.8085143224258315,0.826357101770292,0.8044016320099762,0.8296538915149533,0.7529325517008333,0.7732091845615824,0.8027057263276977,0.7661961177248685,0.7717076376323242,0.7963920982616222,0.825808592792658,0.7740825303170693,0.766924735324287,0.7288473448288864,0.7829936330694396,0.7547361155434129,0.8374197369666162,0.7690515836385118,0.7302915938141271,0.8053638946713423,0.7376664398669065,0.7441945748221848,0.7285468858736228,0.8168511299661371,0.7940099863046195,0.8281803546081683,0.7704381601465544,0.7908624800692158,0.7980136469245399,0.754051793650222,0.6976559301915867,0.8205964958706301,0.7620291781024628,0.7712449683503046,0.8063631958827019,0.7546486217489494,0.8384873086026953,0.7054628431534066,0.7874766206646134,0.7435323694115583,0.7231467396361667,0.7597258549004952,0.873073958573684,0.7704523332524819,0.7793869485471383,0.8383099443196209,0.7615102217847002,0.7400805114885908,0.7910717728780393,0.7426306029677633,0.7684140566890602,0.8043598693512242,0.7365311445731343,0.7835137278618928,0.8140866202389693,0.8132747433683273,0.7621753341998463,0.826874567318044,0.8237349107246624,0.7246497746722405,0.7941829320424924,0.7507318013944599,0.8202505301586249,0.7677761772056647,0.7851612221476969,0.7301017514704216,0.7657265250865531,0.8081496217795573,0.7599290029715351,0.747582962491361,0.7442166021448169,0.7513077466163443,0.7181917325426345,0.8311581642537195,0.7957927104897645,0.8129225934863908
0.7941816428028377,0.8886225361673327,0.8322930367594499,0.7840203455004104,0.734887635416388,0.8127952989644509,0.7881578722474771,0.8504664730315322,0.7444804190141949,0.0,0.7767190898282605,0.8084618575843581,0.8292645655382669,0.7741596385691148,0.774293503383818,0.791603978163204,0.7932825936957453,0.8077730576405079,0.7856817220916932,0.7879599088601014,0.7775800408951775,0.7975709207238547,0.8472683188882633,0.7636791903552749,0.8739433669408976,0.7365343692197787,0.7759780491581457,0.8016610632257202,0.8227365627371788,0.7259511774122523,0.7992094624284987,0.8078323234171625,0.7565884720826086,0.8046971883593161,0.7882534575082444,0.8075339669991861,0.8161749633144303,0.780566180141348,0.7515506991297818,0.7793831140019223,0.7619974923624869,0.7905434946219428,0.7498210236420055,0.7404275898576493,0.8266805865872306,0.7957421335543872,0.767644295631385,0.7653487657318234,0.8315413809178711,0.7552735311257099,0.7632466298096603,0.7535390364626694,0.7733460426682335,0.7891643816566682,0.8046008377708362,0.8065709455475244,0.7640661608156734,0.7726767753127601,0.8012213156896594,0.807023143477095,0.8205758156449225,0.7388792741517297,0.7361523380652176,0.7555345472320211,0.7323557399629635,0.7449977739616435,0.783062308555245,0.7808001095009397,0.7790199058250837,0.8220757855487116,0.7504189537592901,0.7740579702678837,0.73865823570929,0.8129554879655723,0.7935328992993812,0.7733378485690601,0.7678571227783928,0.8014186971270061,0.7643571823609623,0.7145967063434552,0.7731894387696752,0.770916358534981,0.8038686090439621,0.8190931039787553,0.7665053825736827,0.8408527819416323,0.7834343942990879,0.763126577635824,0.8291484095258674,0.7797299838232931,0.7535787015289225,0.7791301871399033,0.7872769063705645,0.7471219625147065,0.7817323919037281,0.8282838338330121,0.7098957514936621,0.8119765756521267,0.733639209904158,0.8206284888467461,0.7710029356372639,0.7607374543963205,0.7320417558371732,0.833505682704638,0.7548058224952282,0.7934472073283376,0.7716372295539106,0.8832582020869052,0.7879498880294856,0.8261004359671148,0.761381952608162,0.7556717830524409,0.8017100915467543,0.7776055266429854,0.7824811322680653,0.8042746347261334,0.8039808113270033,0.8047203505513199,0.7982926059786691,0.7840776949149874,0.73601869029105,0.7671185108680275,0.7758567322365697,0.7867398630871233,0.731946549323809,0.8194612444259454,0.7744349312843669,0.7840112868339185,0.852306249702324,0.7670126235929348,0.7950909077173153,0.7451070634241971,0.7708881279186104,0.7571555259278852,0.7769510805841247,0.720433727347433,0.7866529190745533,0.7655307559870212,0.8072835840196582,0.7816070899929335,0.7621535167914256,0.7874352915843684,0.8192863291446837,0.7595185782888203,0.7851729231624042,0.7991390579194828,0.7632626416979091,0.8200003796269789,0.8927029094370936,0.7545281315368683,0.7464901935696409,0.8038248166034163,0.7618317913753019,0.7894680114524417,0.815536401025878,0.8048515194207415,0.7788285140258446,0.819187890452795,0.7420851124295015,0.765276641085544,0.8195350178765222,0.7797111525139095,0.7576957293700625,0.760356068099338
0.812334651688522,0.8233147631613476,0.837030916943419,0.7986398308953898,0.8036572020116884,0.8150713669831431,0.8015399549725205,0.7830309173833827,0.7454395779416073,0.7767190898282605,0.0,0.8144336495024208,0.8413876806479152,0.8020964602156084,0.7985241338173634,0.8742113063580202,0.8787437185959593,0.8410509262286775,0.8175852785575718,0.7946537634222635,0.8462288125207994,0.8782442548036123,0.8001462731218514,0.7930878343195822,0.8093447724743252,0.8091059080782845,0.771467411312495,0.8293114827920255,0.8271608382627755,0.7814190853803442,0.769392935114488,0.8284747178890108,0.8004791231496002,0.7694712081962563,0.7984932446669876,0.8371409397664251,0.836019607339871,0.8345048591183363,0.8394035428014154,0.8022236466532694,0.8251862140108892,0.7888053333980164,0.8266700985965214,0.8202603010380585,0.8018258247639796,0.7996481075913996,0.7499254644871928,0.8518926473623027,0.8347812211768633,0.8128119699280689,0.8482977321270398,0.8074641954284579,0.7889949447124626,0.869298135228306,0.8568142039890655,0.7235440555558177,0.8263913048233111,0.8624113216254993,0.8068317291714664,0.8332594203847152,0.8202464051233336,0.7552061257462163,0.832028055360286,0.7749858245522943,0.7419147941229843,0.7577571088570831,0.7782033327523579,0.7985018142810005,0.837138894474756,0.8176522861741053,0.8087762144690472,0.7647280935121297,0.7649375800410955,0.858364806096703,0.8430599107876938,0.7566776022411431,0.8480283978449792,0.820162903593474,0.7905319691694849,0.7357692108223757,0.7909894751480685,0.7708700717813661,0.7987353548781653,0.8170747942500233,0.7609477333209342,0.8057519392486018,0.7737205551262124,0.7799249422008405,0.7689883476246425,0.73500928685408,0.8776436911924904,0.7393306195339109,0.8867696356434475,0.7809363849403118,0.7844593604415395,0.7921397136714611,0.7414500155351583,0.7339287070374221,0.7305298288151081,0.7767447419629802,0.7873766048313208,0.7890538186780209,0.7360136271409241,0.750001002305987,0.7906675196630609,0.7992524484256612,0.7877017946955579,0.8009782281106542,0.8060818786188357,0.8211915918074381,0.8356297916429206,0.7727655393139334,0.7887316516057857,0.7927614143739721,0.8206583980815613,0.8183915470065485,0.7753247092528209,0.8138099403469823,0.8166271063066284,0.778305900107773,0.8148469864818757,0.7589323896423936,0.7815682609868878,0.8327935303767089,0.7332212710826455,0.8430510828292096,0.7480607236625595,0.8177652023130411,0.8207449431504252,0.7919066172807412,0.7378241772228435,0.8265522435604368,0.7821953887102577,0.790758694261169,0.8160787658432578,0.7600061599042867,0.7906283754409472,0.7886147470764039,0.8088188383586841,0.807422369675331,0.7892032505368596,0.8245467126824307,0.7837691778517287,0.7915715339296203,0.8371537813688366,0.7525167090276084,0.7930251934451521,0.8156335785501937,0.7864537109072577,0.7757901469783649,0.7915710900075023,0.7965894605394132,0.8664517432206329,0.7726094842777627,0.7997482259358286,0.7894266402517737,0.8132305630973282,0.7921427864762522,0.7546901305268335,0.7860083796632007,0.7776468826125895,0.7764368247731814,0.7252703091530854,0.8542957774255123
0.8016541258136383,0.849246968370348,0.8040373189759599,0.7606576086127338,0.7402570430870182,0.867537741340213,0.8259988069284113,0.8089432990569398,0.7629396573975977,0.8084618575843581,0.8144336495024208,0.0,0.789803586449303,0.7065909570615829,0.8028328877269617,0.8020599012945968,0.785414445073929,0.7525282789676395,0.8427959243467757,0.7899829471773726,0.8429281664444462,0.8230834836211706,0.7791329140289539,0.8060737762520269,0.8676808072195645,0.746671503876371,0.7211141117442427,0.7396162584166214,0.7798287208250969,0.7896671634885155,0.8276967780546759,0.8225212874663322,0.7885054005734079,0.8088712611015917,0.7535994552319685,0.7982149253821751,0.8458279625427852,0.7663262070240864,0.8265698831223588,0.7665893261150313,0.799478813032382,0.8021679610760426,0.8160690468870794,0.8149422791689037,0.8007263056345253,0.7911830456449895,0.8224308558564437,0.8179364656794024,0.7971173867195702,0.7783769748328269,0.8344640145374282,0.8103454405887122,0.7499341069261198,0.8364059789480683,0.8316693030371219,0.7972435879834958,0.8052450651164692,0.837281045664888,0.7472841856025066,0.7830606648046965,0.772997098379664,0.7526820120033045,0.7924772759024575,0.7212555499996591,0.7457764782276392,0.7605403960440593,0.7463920542189627,0.8154138705041215,0.7251213283366221,0.7832076195367098,0.8074501293921953,0.7224598103513961,0.7191251785160067,0.7991538695621474,0.7742092227448522,0.7701183583148112,0.7851538905400554,0.7962784278758546,0.7628817006167584,0.7319485284564169,0.7953568777778383,0.7969811114509439,0.8379420781850732,0.74777422679233,0.7516363144662598,0.8117369106151839,0.7707898419977501,0.7608290702074343,0.7963741661987653,0.7824472470891286,0.7924885622392257,0.8002683501710742,0.8123379569202926,0.7853537310951201,0.7420177380267406,0.8870964427748247,0.7403093932263621,0.8083138639449838,0.7076383248844906,0.7634235655263649,0.7442520066945004,0.7815135207705074,0.7548646179374428,0.838927804389901,0.7549064541567214,0.8070802922133519,0.7867124158746265,0.7976306293015629,0.7808113373799914,0.8698003638474738,0.8695199323821219,0.758566553343893,0.7788524470730764,0.7403660957651085,0.7685818950874875,0.7904810797614907,0.7816355420833672,0.8198892800109686,0.8056576373735264,0.7286729504511474,0.74193825111257,0.7586832927951839,0.7748606501028595,0.8325607978636306,0.7146062089684047,0.863109978455834,0.7351476684424219,0.8338385638465566,0.8209968171036212,0.7438362136419464,0.7527461610875676,0.7756899440993291,0.7275936128762395,0.7698290929539241,0.7996627872448957,0.7460231147031912,0.8529208782648544,0.7509449884778582,0.7611912665090469,0.8246583760698487,0.7550235199706751,0.783270722838133,0.7928994123049404,0.760974339551927,0.8139074727513604,0.8182613444725408,0.8616319856207524,0.8008750746073845,0.8497058247701432,0.721294520766816,0.787404133884217,0.7955666021983715,0.7676772464143952,0.7987308839895031,0.8653364057952182,0.798880086778822,0.794493807182002,0.8419690182498188,0.717951771777597,0.7656697034512822,0.7328821807201422,0.7633158504662217,0.7301125547835434,0.7971479249305493
