0,1,2,3,4,5,6,7,8,9,10,11,12,13,14,15,16,17,18,19,20,21,22,23,24,25,26,27,28,29,30,31,32,33,34,35,36,37,38,39,40,41,42,43,44,45,46,47,48,49,50,51,52,53,54,55,56,57,58,59,60,61,62,63,64,65,66,67,68,69,70,71,72,73,74,75,76,77,78,79,80,81,82,83,84,85,86,87,88,89,90,91,92,93,94,95,96,97,98,99,100,101,102,103,104,105,106,107,108,109,110,111,112,113,114,115,116,117,118,119,120,121,122,123,124,125,126,127,128,129,130,131,132,133,134,135,136,137,138,139,140,141,142,143,144,145,146,147,148,149,150,151,152,153,154,155,156,157,158,159,160,161,162,163
0.0,0.3173018888178646,0.2745323542247375,0.2646320211990236,0.2514048711425492,0.2969833196627202,0.26138612986248355,0.2760656469821949,0.31698707574750534,0.2913235581049049,0.2692313709995414,0.24301007808545333,0.42389350726134833,0.27857006390495737,0.3466750719626619,0.29793005400882017,0.32043807232932653,0.47317190361672845,0.31844117210601575,0.44106274856398414,0.29351014064640996,0.3174799350442454,0.2736305749895544,0.2809665653111285,0.33724564528930034,0.22473888484011134,0.2534435838931095,0.2887595435048544,0.2515525335323306,0.25930246567574683,0.30725792450849193,0.34254185193452524,0.31516060260553236,0.24242547703291964,0.3395927695315655,0.2695417670170257,0.33866979000153724,0.31877453637251507,0.22260907828422577,0.35701630425233877,0.29345453557750917,0.2609857244807404,0.3358873150682997,0.2742266648557171,0.3075071464665519,0.37445465298032565,0.2562749716760592,0.26259025094649646,0.33129626940086276,0.38510071243805344,0.3438033959353682,0.31843350941447246,0.24820617050743093,0.2745464538324119,0.25786991140145243,0.2571978126566372,0.4365089895295403,0.2737994246441879,0.3075289434422332,0.3900306359499143,0.269602195754129,0.25685193121919264,0.2847459744394441,0.2253028617040361,0.29159824857568867,0.2893412182897883,0.2692942860999336,0.30683749487217515,0.2843934094693172,0.31572918091503693,0.38223952030629116,0.3098280456197849,0.2613593663209252,0.32967273607384345,0.31622919019137846,0.2770443910597202,0.22189974204242596,0.2466865223288724,0.2947325514089785,0.22460723584485928,0.24870471162389046,0.34324815886230603,0.2951647073900645,0.2804729752016729,0.29456357438022734,0.3601677827491063,0.2623111533421085,0.3447819839016945,0.3356804748962423,0.23214247740005955,0.33394673776745787,0.29220072022601173,0.3546558589520831,0.30128324718535665,0.293255396258191,0.2585569593954948,0.22196781337520982,0.25120835005408,0.22482321010872341,0.35512203904164213,0.25580860787925086,0.23545241082949442,0.24070860119409315,0.26099142459722785,0.3616266035975135,0.339966256706737,0.29223956254616035,0.2813984128387173,0.3449037742533308,0.26950558226725846,0.25243764004082736,0.29102713641159256,0.29845542359102184,0.23904138172711414,0.31848171604439657,0.33730442967532415,0.30517056049870717,0.29617723172687843,0.22718699376001952,0.23653059249619182,0.2785472722181561,0.2262674787311577,0.2869125921174303,0.3605035911131816,0.25778615588579645,0.28732306021722037,0.24320192424334605,0.23331725261479616,0.25215146739228267,0.36408241644727973,0.24926668705635516,0.26995255772658444,0.24181897184120318,0.26720227114552464,0.25811814442352665,0.2412110566174547,0.30080981474379437,0.3360423427495315,0.31844900384826114,0.3439929702904232,0.25123283776552674,0.2700031975439352,0.3450441589269465,0.25159558933218684,0.26593767342535973,0.2867199572271421,0.26733592187308547,0.2595816257440262,0.3289167076266183,0.17706726402689513,0.3203801516110843,0.26940831114681624,0.31708618356555174,0.2344912927633598,0.28789218457956456,0.32054520817729276,0.3167774512704901,0.2695785926442245,0.2915680453072398,0.27257409472284355,0.22631906292523263,0.3325931588139445,0.21566773042501206,0.34655116579592526
0.3173018888178646,0.0,0.28399060236011653,0.2661413346113829,0.22074614121465264,0.3864405633884756,0.2650128931271409,0.35373961970698437,0.28207752726469626,0.40376376653990353,0.2452181635903731,0.2993141282738609,0.308658434462089,0.2866706070031223,0.3048233631194452,0.2679571105132883,0.29127841883733635,0.2746732473691336,0.340980380584625,0.3308390237300533,0.3047732859651749,0.3241621470070373,0.2663931190459448,0.29138216042441284,0.3610566072413992,0.20320043116095093,0.2349703966887734,0.257811403595921,0.33324578739082333,0.24614650962076112,0.331050028744836,0.3166852686140474,0.3539933458855448,0.23586659518761208,0.29355223194884733,0.2797489292502021,0.28818782081493755,0.28806618637085957,0.24080805891690757,0.32332247231714206,0.32926862436894155,0.2878647827137188,0.23993712752218702,0.25720899411891157,0.32910185590355656,0.2672344902762765,0.2734389966339119,0.24090743167048287,0.2848502116190308,0.2908323385375056,0.2997629875627562,0.2849540471546044,0.26080421864545367,0.321047631329336,0.264909089873313,0.33327028536282066,0.31168293939092107,0.26853396550801806,0.3064078671413571,0.33329892870147,0.30758229616307525,0.22625066682709064,0.23475873915429898,0.21722103768997003,0.24182952883134926,0.23364314896745447,0.2549470963050805,0.279771104736462,0.2410406443086011,0.29594237046880595,0.2860190309909,0.288029333666596,0.22857450689153627,0.3000780486970494,0.30126629049545395,0.2457340484410193,0.21226785532752673,0.27387066470014026,0.2505145652440666,0.2384134726121245,0.25521369152457346,0.29623214878022747,0.37057556608533154,0.2580375301993295,0.2754874015060367,0.40162634125567087,0.2556954624564709,0.26163161097580634,0.2706999873637162,0.2713085117283999,0.25049802094732293,0.3127288117451933,0.31217740219936696,0.2646622511250142,0.2911098265751044,0.3410343894563924,0.23837217841189154,0.3030229421740817,0.21650693727278084,0.3020106211898177,0.2513425811260051,0.222699190851818,0.21025663980760323,0.312230995665542,0.28183316136998493,0.2812976801204039,0.26144456878879585,0.3336577577323769,0.30568260160678207,0.35347387700106875,0.24718797453706148,0.24215999908014219,0.2913993319289882,0.23067434112989965,0.27191858653964907,0.36526481307762837,0.2907456723313574,0.23925892607635793,0.26076773909239154,0.2326555220946249,0.2508598768900495,0.23619321572996377,0.2999049551368227,0.3383858956708587,0.2654577828576591,0.3373344926911574,0.25909489279964976,0.2699009572935639,0.31922349250779797,0.2751121654513459,0.30839544782921646,0.27141474658469344,0.2310312591761855,0.26774906380054464,0.2683385051950757,0.2226689257494325,0.2846032618527885,0.2958068071598386,0.295616944902862,0.2934298764276039,0.24852920059561673,0.2928334439785627,0.38168696106913524,0.25531459772295717,0.2720938470101695,0.25738443719199405,0.3025436538989875,0.2631831966297829,0.4098401451857222,0.19944095153906094,0.2503739519793489,0.29655836108928674,0.25161228370454325,0.2998378016631367,0.3043849586517214,0.3106488884376151,0.3033306213661239,0.3041302251258074,0.2720086954921825,0.23935185816123639,0.2334839486247015,0.3578694595465124,0.23629518237468444,0.25916291346112225
0.2745323542247375,0.28399060236011653,0.0,0.24748593755801557,0.24583968446770588,0.34355505386144575,0.2206376095123385,0.29491373011004807,0.24366597321114927,0.3265511937935496,0.27353706374944126,0.2539061920328248,0.3295148512847359,0.23673146177207227,0.25011741561282747,0.37505901259771296,0.32282932629609873,0.25110147234645325,0.24580796045479542,0.24690602422559407,0.32562172486412455,0.3868181172957542,0.2206335038313844,0.2577482004021361,0.2895020359493374,0.2423222750530101,0.23164560279627439,0.24891338787523887,0.2539058417779901,0.2552845695397841,0.2346193646920327,0.2957339064535093,0.2502007508876954,0.2065587579176298,0.22449129199255888,0.245070490146862,0.2846992939056136,0.2695941089708978,0.2117701374473143,0.2850634319271223,0.24671699378668546,0.28906608397423944,0.24172666291263845,0.24046398793322182,0.273829676369689,0.24158098612212445,0.24089580939682417,0.2664985002011981,0.23774259579167442,0.25350785286115984,0.2761305392218894,0.2817189045095744,0.17859127343049416,0.2770461658976403,0.2368227224731204,0.2507638901328368,0.2447115905110503,0.31847392084884857,0.22673516765042007,0.24240831668138388,0.25399219304879245,0.2178879090865543,0.25797634416242726,0.20058505638491564,0.19723124624996582,0.216096799009279,0.2360603113722556,0.30269043094839193,0.2631275220657034,0.3020917731482031,0.2888532940566483,0.2006584777879181,0.23999330337554545,0.35419809435009947,0.28931865830004194,0.17905080457440684,0.24301649415992366,0.25505959668096023,0.21036664658271761,0.2078172842203292,0.24642414017532746,0.27544043370784455,0.28110343536313703,0.247431116686836,0.24125915987711968,0.31880276849155215,0.23284115016592535,0.2150781697318592,0.23226472657656524,0.20659861469665464,0.28350097855330536,0.22244654267444477,0.25555269075146986,0.18882752082009616,0.24584329166551944,0.2624955924765345,0.1966582415461426,0.2557056462282581,0.18408827965639535,0.24937183424484177,0.18778686815830833,0.2352730275288025,0.19972815206663774,0.2783396287953066,0.2431819662959455,0.31751965871886006,0.2557503073698149,0.274107782318736,0.24565681649893711,0.29235467096558304,0.23128856123511773,0.21420341801401477,0.2747943181463609,0.225807050100527,0.20706928708138453,0.31949525664117107,0.2069903661636107,0.26360712504445466,0.2828145541464242,0.23148302911510463,0.23623873048860514,0.2238176937912643,0.2330250301523876,0.27668251237661706,0.1941600412318094,0.28037889955517675,0.24270113976347615,0.24451837091929154,0.27692597997640245,0.23876519777393676,0.26041698765126303,0.39914631718088955,0.20026078796560348,0.20891417553853178,0.24276326260752695,0.18338472607026646,0.20909610335371343,0.2320995698713941,0.26597690944909536,0.25219044674453817,0.1980130942698982,0.2571222180787977,0.26350492281500076,0.24541612216373687,0.2342277933644008,0.21299960983771155,0.2939309349501405,0.23721226588605104,0.3330149696718589,0.19620033516440213,0.2099861483676607,0.1891420654684126,0.24078791101737532,0.29311880353588954,0.2850224964946191,0.2624546868840862,0.297668316560295,0.31498840258481664,0.19366168681917229,0.23562504561533415,0.21455161071226406,0.2145722880831941,0.2179590322810051,0.2583034873065952
0.2646320211990236,0.2661413346113829,0.24748593755801557,0.0,0.231089813356622,0.26983286447630017,0.28164599577741656,0.2713088179342684,0.2359530003196603,0.26753601859003306,0.31023604946899086,0.2741774043042518,0.27788434688276126,0.26562558212967746,0.26003834806930104,0.27752767257635896,0.2888522072439881,0.25903726359502555,0.286299210210105,0.26268366990968195,0.3425888185770213,0.2592414907608394,0.27878025923682886,0.24607412615480048,0.32882499692779055,0.2892200368742586,0.27777994676666096,0.26704679131762404,0.2566497060934005,0.20500408242591442,0.26799654368796433,0.2820802842047957,0.33197271934251305,0.29213494889127645,0.2812048805581171,0.33080722025344395,0.31517241445353344,0.30217158251380366,0.27909135473631913,0.3382904294992262,0.2747327476975911,0.2777028314784616,0.2541521104457943,0.30936731037343274,0.2919861100586179,0.2666353976676242,0.18146270702269074,0.29716269844324944,0.29913082469957686,0.2763938633137593,0.3586251203366098,0.2868623340142393,0.22419392292156531,0.37860847494308086,0.3169584045975319,0.2559762081342886,0.31519578255792524,0.3146543757929256,0.2835493179214233,0.3131246004159526,0.33499147299283943,0.2452809370318059,0.25956035737171657,0.22861284383620656,0.24590012294527425,0.2768468794437923,0.38747836068022634,0.23281393276385107,0.2516785587713528,0.29287686726424844,0.27086573831124766,0.255049825959839,0.32203099616427644,0.40066791525299233,0.2830215361919341,0.21654924732675043,0.3430003536968672,0.2912086607178867,0.2535607762194625,0.22100437843466825,0.2403198734887376,0.3476914306959355,0.235902117033085,0.261273783448778,0.3825892186613822,0.27814711327893016,0.3730491811270259,0.3033615998561486,0.2592822907021486,0.25285548441160766,0.3242853849966201,0.29643803459338397,0.26518159046217,0.2465009761722438,0.34217532367168974,0.2658050742998012,0.22405575439108866,0.29396649207169867,0.24511025355490215,0.29250894395480476,0.28151284910991586,0.31399718668839605,0.3443250929530193,0.25110004356559934,0.28993777907006174,0.25457776934284054,0.29726072116620866,0.27541298328452424,0.2546293355925798,0.2775872426223194,0.3411687278228265,0.31706599695600424,0.3955250636498731,0.33222074600762025,0.26232412533170385,0.2505219567181067,0.2671720569707636,0.23990024651221775,0.3070429167303397,0.2926709775368203,0.2709632476125703,0.3319132421955342,0.3194641116906285,0.28172766260728654,0.2539782708167541,0.26397283502699637,0.305165617739761,0.25758976881397044,0.32021611894662294,0.27337843843090903,0.21533312070495328,0.30077130562119864,0.3243789752226835,0.3155058663573612,0.32093716458244725,0.19684616567724597,0.18589355358601722,0.2830163529655976,0.3145021767162609,0.3169591398879284,0.27442582619594785,0.3066551030465584,0.35967886828979706,0.322538525483392,0.3163214257800798,0.2718124450943246,0.2622475428344083,0.229063498718372,0.2602763230786705,0.20337631466930925,0.3456978618835588,0.25446775965685314,0.30830449092494605,0.22577470464917065,0.33359101419675036,0.3121118625210488,0.2745230956925948,0.28379261868255323,0.33562389811938675,0.2920439797490606,0.22922724044135534,0.289675127291044,0.3180102006599276,0.30401373741866144
0.2514048711425492,0.22074614121465264,0.24583968446770588,0.231089813356622,0.0,0.20706159551399286,0.2786521699349365,0.19075573480910582,0.2321360102330232,0.21704466482694332,0.2925555478596709,0.23121366439814134,0.2192751719095126,0.22650317088409783,0.24409586505722827,0.25607221359282933,0.24403972114974326,0.24357534341028717,0.20261560187299754,0.23004462113134289,0.2704706362346439,0.2884731370505003,0.2599759781774397,0.26564468600510405,0.24022956578678809,0.24459358302991477,0.23304304009465082,0.19754544658694997,0.21732739658657363,0.22848547868458322,0.23120497803281317,0.20766840597788314,0.21416824944688526,0.212917405055973,0.2890226379550285,0.23535190486133942,0.2586857624145656,0.2353865426468017,0.24283008804717873,0.2589241521591831,0.22006580580203716,0.3073168506026452,0.22552447501754821,0.287632723468449,0.20992536115604502,0.19464018955688164,0.20827211184618533,0.2851654284478266,0.27577219836048245,0.23108109182781536,0.2320775960808916,0.21551457970350962,0.17256233006233768,0.2258055238524118,0.22170505720911188,0.21018935436204608,0.21294785069171374,0.29115090906251,0.2127646468485933,0.2061411022037869,0.17917912829395502,0.17292540961487785,0.19471255825309636,0.23012835937022622,0.20493005801298916,0.16973081227520317,0.23353606865987173,0.22747950201986647,0.20292189107564398,0.23786876107187796,0.23875690346851813,0.217089259163771,0.22568366154773473,0.23738336063405902,0.19866913006238474,0.17254478017491465,0.2260135451189274,0.35944672933264726,0.17679104487260439,0.19268781598316065,0.19652922257206662,0.2545266005262149,0.23745450407874866,0.17672330778657375,0.22705101904797542,0.21919826605286746,0.23436362065352423,0.20314327080227113,0.17965525325747575,0.20667984650040902,0.3340690905295918,0.25335617563855867,0.24813129124254005,0.1721892886380874,0.24258219386150845,0.2243395381308728,0.15617164659943833,0.21760193583205592,0.23150024880216244,0.1939044198079206,0.21341217373159885,0.19415309692775326,0.2180390744192021,0.20327048117612026,0.20443698995020254,0.21269361909663903,0.18295610199779994,0.2513817757839158,0.2286886561115694,0.2510641730165333,0.2609269210016178,0.2649226466085205,0.21423212963183097,0.24519265012927155,0.1832584203199092,0.23223136608999892,0.18621844008248767,0.2467445477468456,0.21807908123958075,0.2396151901480023,0.3240673914499135,0.18971156948008544,0.22894324207627112,0.24880181368892693,0.23515162197063072,0.2060926736003356,0.19609167362801766,0.2294288068612406,0.20755175659005462,0.21924287261568368,0.20294324593039054,0.22915406683257772,0.18740303172774547,0.25632581455949277,0.2399064738410494,0.20001901487905863,0.19547170903767774,0.287500889530197,0.26150694450144285,0.24342603318266057,0.1767995777226616,0.25951578863824415,0.2508777276974309,0.24430048930874582,0.2778520260804016,0.24715337767908527,0.26623322327478477,0.19540050633468695,0.22892734316404942,0.18761834119332776,0.22570052149242192,0.18644524439044716,0.26138324628996706,0.22538268466534794,0.25085164026618767,0.23939590763285346,0.21829025025380538,0.2458285379033312,0.22723734736461162,0.20187249752535633,0.1733652360101653,0.22207297879766197,0.21494688005516407,0.3528602152990249
0.2969833196627202,0.3864405633884756,0.34355505386144575,0.26983286447630017,0.20706159551399286,0.0,0.23171420371522036,0.3330713275763324,0.24127137011889632,0.3172220489951094,0.25589516751624375,0.2801272688688167,0.39356988171367974,0.2292774061792107,0.3138512423919467,0.32574254502746264,0.31339980774089193,0.2425332990905284,0.29061901012299907,0.28968673985532156,0.311676902462368,0.3188988133914241,0.20929561398172095,0.24672066760856676,0.30185851150133003,0.221842915345962,0.2219332189991504,0.25715178230684427,0.26846853714676244,0.2336577449295215,0.27983448568524044,0.36641865724431255,0.36533797523680894,0.2212471283420008,0.2374212778590222,0.2472092690723541,0.2865327970601678,0.25986366172161934,0.22980353884546442,0.2709365900051794,0.2979787105743035,0.2550550970761732,0.2604475883531255,0.2636071674189101,0.28667515369457,0.27486507976120117,0.2448057973576207,0.24525141669211276,0.22461503793707635,0.2930814336164695,0.30038877327470415,0.3373685110947832,0.21580723518679623,0.3109665808521621,0.24416406480067726,0.2782783862811308,0.2945093065124618,0.3246933728516203,0.23515038001292027,0.2913687280326843,0.330817466315976,0.25352475978968564,0.2862705184946298,0.1808848286780923,0.21573964768340112,0.23690441009468635,0.24536268191920352,0.3104535815938922,0.23263084673631226,0.28225365444675576,0.30608616541301154,0.223355895418901,0.21925258871351466,0.3261494272024915,0.3536876468777694,0.21107252351460445,0.24347765358487528,0.2553900637629364,0.24663502500304166,0.2549922636022718,0.29392232705295646,0.2693678764616998,0.3171438246802544,0.2978056627542594,0.24913980371956648,0.33037304218695956,0.25321109326560537,0.24291568067121877,0.30200315872637973,0.23098763485720583,0.26200911329034354,0.2624508544076163,0.2972231699318451,0.2288378652515737,0.23599182358918047,0.302554893424468,0.23448384086266102,0.2724747760466902,0.18205745817521649,0.31115720362342125,0.21325936052106392,0.22388140869737408,0.20207955687413884,0.2565001364630369,0.2828149011213774,0.3831228673300424,0.3185450099591402,0.28415022049320676,0.27928907097435923,0.28753110866269693,0.2404465371557133,0.20936021160123836,0.3125645505249577,0.2383747294470949,0.25946271999335335,0.35634655948025623,0.2636147118321853,0.2181926433599516,0.2950940779900964,0.22615956926230218,0.23657016788663074,0.24965541777160452,0.24675478807217335,0.33363611727268455,0.2153005129536575,0.3392874742565521,0.26156864609675967,0.2572246049774206,0.2847977541414522,0.25375990330414583,0.2699427835290287,0.3643902222758789,0.22977720699325543,0.23187472891895652,0.24247889137830297,0.20577544615296858,0.2614308678882975,0.24296440940273542,0.2512848875322347,0.26056231360857435,0.25077510628127764,0.266625194567056,0.278651103884069,0.22857452610906467,0.24947231599872932,0.2234779261050279,0.296113541840946,0.31154408994088606,0.3065763807193739,0.19031960990274957,0.2271073997256725,0.24196342035467336,0.2200091366854589,0.2630417772092428,0.3139762018651917,0.2748441139246888,0.2966729479406571,0.35343441347620236,0.22360523412508246,0.25690669135651506,0.22822389513394767,0.2628238798201699,0.21087413883060263,0.2437482569400709
0.26138612986248355,0.2650128931271409,0.2206376095123385,0.28164599577741656,0.2786521699349365,0.23171420371522036,0.0,0.2097731235953826,0.2248757075019699,0.2550026991238811,0.2707940420631446,0.30930190717410555,0.24737068814523977,0.23045375739673507,0.29191698067014554,0.23121046858258096,0.23204118203607418,0.23369013138217454,0.2599641965885107,0.22686005653694644,0.275404702748645,0.2772515252990402,0.36551642053392974,0.33234013162198817,0.31213215736474276,0.24782338620115488,0.2501635868334953,0.21645889144600042,0.2507524175603736,0.24366398917924129,0.27170995433364475,0.2566087439250401,0.2674132690015382,0.2947396318515521,0.250567822520813,0.24993355731208386,0.34608116345061257,0.2223270909465871,0.2659836210971873,0.3308309646099181,0.258834153549637,0.2930308755843715,0.24575716499948408,0.29908909643123416,0.27203403349121114,0.2331426904663898,0.2401044199748786,0.2704790905763647,0.4054147497760157,0.2242732308057581,0.29275183709846475,0.22562811099889274,0.18485005319300357,0.28041597753503095,0.29264146062149726,0.26353462250307785,0.24065199214040645,0.2621506403420151,0.26458552724887835,0.23579747328519152,0.2027135379139237,0.1955990411464164,0.1895877047511427,0.22673054305488183,0.21152467461339733,0.19050218793730084,0.2904986979256355,0.2822249792314744,0.20055639199238653,0.23036364650130925,0.2711362090998956,0.22285597163925344,0.22513950459181972,0.2796734670983726,0.18411056719461058,0.22383325377832533,0.3089719020638671,0.32464823139807547,0.19541325083622244,0.21588826547649415,0.21702097761519748,0.2787152177609479,0.262750570866751,0.17670946496580595,0.2400850893577349,0.2428488834705494,0.25008634737812957,0.2470502324361886,0.2227414566372948,0.2421725282445413,0.2949882310670171,0.3592606359903469,0.2631033282703638,0.21986869066843526,0.25759381309167495,0.30746546167510974,0.17418208524398107,0.2928519519890821,0.23117666455849273,0.2472382341749589,0.2542687310702116,0.24226055653543135,0.2738308783881058,0.25476648988557593,0.20455658518868466,0.2377589677041744,0.20694508313049376,0.26428973047186366,0.2735747513698524,0.3340270156148139,0.3752158128502018,0.25589255976592323,0.2441657764309075,0.21500827976964335,0.19730966237264996,0.23523222817606762,0.22141832990594595,0.28003025530137465,0.24610637023755147,0.21991732587831392,0.2538466754357467,0.21173596937910655,0.2533051156663751,0.3160472324340864,0.22891389984508181,0.2646884104921018,0.2162752037127489,0.28214588366702514,0.22881586855680705,0.237095537171062,0.20038386808089537,0.20753141598586486,0.2126526532801374,0.23705257345628203,0.24578132019710805,0.20721455637993866,0.23184659777058106,0.28855487862118184,0.2727020584659116,0.2988486708986108,0.21084048660151963,0.25582910794778796,0.29869233316753,0.24030493078266038,0.30043372634477544,0.32327864919772775,0.27132056268920685,0.2297403891310877,0.2532619879200093,0.17064210163926266,0.26723118858955863,0.222309781354252,0.2573209333689651,0.28833508564739463,0.317748355988561,0.2998296458560951,0.2913949742857976,0.29452483154868686,0.28051473323545145,0.26185994460097173,0.19877886520672028,0.25006939445196563,0.25712609999278796,0.30287165241662184
0.2760656469821949,0.35373961970698437,0.29491373011004807,0.2713088179342684,0.19075573480910582,0.3330713275763324,0.2097731235953826,0.0,0.2938720320958217,0.32762185489983153,0.2338713186158614,0.2622706529902865,0.33839388418148664,0.24343163208672425,0.2607860034853478,0.295437247886726,0.2778655700153951,0.24405299807304814,0.2738934612570691,0.2913025839535573,0.2865657822137303,0.2660684208533362,0.2323345679330729,0.2382463695885488,0.3262994187669717,0.22081701712382767,0.26489012027526204,0.2740274301122205,0.22747086928310586,0.23694084238873983,0.3437477680045643,0.2982869242499529,0.2938578285118651,0.23484667582047125,0.2554671180613334,0.2628417882888026,0.3017404430453472,0.2908757205423829,0.2255559484938772,0.27970009743454133,0.26044664517768223,0.25860365848478056,0.24880644775965619,0.23110388467557574,0.37265383820702586,0.26160511497787464,0.21867057378215404,0.23004822054484358,0.24446141457746196,0.25658914968432733,0.26246285792704505,0.24852421340346592,0.19926058449100537,0.2629041476715394,0.2356539559109815,0.28621927074160763,0.26184502527952436,0.31557482227765693,0.2509485217483274,0.27164258915643524,0.39008580545772475,0.2196559979383919,0.24794533834505478,0.19972939139249593,0.20349031674518184,0.22971725967846937,0.2743000328703605,0.25897978178660414,0.2543402330170534,0.4261868563306006,0.2673681317679733,0.238661029823978,0.2403782517895577,0.3227189551706669,0.32361124812193354,0.21033838985094502,0.24829961436442777,0.2301968815190615,0.27214208514123583,0.20314389096711394,0.2337290874204109,0.2820825988177668,0.29191407368058964,0.30085728174315357,0.28249338279451286,0.3980643761712922,0.37734298671789085,0.2554580107674368,0.29628454541427857,0.2559896158361123,0.23768114038567564,0.26394368922419836,0.2435111209326297,0.213458997877615,0.25872237113645685,0.28546689394621966,0.24358589743134346,0.2968772499714013,0.19115193674716788,0.30576110316523314,0.22556859125164738,0.29424807181372237,0.2224418973787284,0.2868036594121798,0.2885796697041763,0.30407792925720856,0.27665034096673446,0.3166039390657916,0.2525709009685262,0.2697671321165128,0.21618293170276426,0.23156288992908786,0.31643338405472765,0.25947785089337566,0.2417133705476765,0.3244876536126596,0.26552729893788407,0.21760254523164915,0.23577721404810104,0.23339741935236685,0.21857637797013296,0.33871896976665133,0.2516117106773293,0.27146344350790197,0.226521373891232,0.2742061340362202,0.24644045753422653,0.28917224477840714,0.2818988638944301,0.24840201658761094,0.31652710911054893,0.3026048924746833,0.2768324661002831,0.2311892166589792,0.261560002302843,0.18139508274590996,0.23579791967334457,0.24945062902164486,0.2913594350312656,0.29438664623185745,0.23880620167058897,0.24561823541485706,0.30439983922966346,0.2453612444296102,0.2520857547779521,0.2462567460649204,0.28602038586457945,0.24451953020596617,0.3462297376395299,0.18777473706850864,0.28120592691057456,0.2342942401042778,0.2300336323652169,0.2605814134603052,0.3189449940479825,0.33009376963994647,0.28472062803989756,0.31516279715963197,0.22976457774730144,0.23570236349411836,0.21474749206784408,0.2825444874738335,0.23959548052717963,0.23155482729821805
0.31698707574750534,0.28207752726469626,0.24366597321114927,0.2359530003196603,0.2321360102330232,0.24127137011889632,0.2248757075019699,0.2938720320958217,0.0,0.24066121806498425,0.2339333431879356,0.24121147427790052,0.24981722693101224,0.28552895270222556,0.253212430839357,0.25257153941827754,0.23795001413828576,0.2772274957383661,0.2274253675781424,0.2946223593489523,0.24428148473087813,0.3487458455808249,0.22468054683926061,0.23882694440645003,0.2723048087162433,0.20504459615814297,0.2769957593683401,0.2413481902860162,0.21620216876564322,0.30209615816373914,0.32264012468254294,0.2316146257254587,0.2562012333906333,0.2004300670969804,0.30308858427159924,0.2510959613023044,0.26328671578253976,0.3357818305682318,0.2203122870677886,0.25070021693055694,0.23436186801379832,0.29090054661202736,0.21977098881274146,0.24021790066618884,0.28077176412391813,0.22656413269920705,0.20920903734810575,0.22007780919026484,0.24234352170241308,0.26029946890930256,0.23540276406671812,0.21854106965900053,0.20512814669074905,0.24175155340756507,0.21809046440938656,0.31122050551486535,0.2511628922037024,0.26169646696912263,0.23050310407450528,0.23583893370986872,0.22593308071567275,0.2122119396248966,0.20552189474304347,0.2298217076377133,0.22243967111993712,0.20146802054507482,0.26852101121799116,0.2577707435257706,0.2444400975609668,0.2997482411060531,0.28706722403332724,0.25603649531267164,0.26727796013898875,0.24571715766603786,0.26293291257175305,0.20159491451683673,0.19491309578708202,0.2102681105533218,0.23378298906972217,0.18809609796992632,0.199709500132838,0.3591464731405395,0.3054319515774971,0.2282459279855198,0.2614395952104701,0.3414380745365362,0.25575466351109294,0.26881360074834665,0.23745456509994592,0.32412925514702773,0.2950083594405333,0.30593526987673825,0.24066777962324945,0.20363834520884086,0.2996602390217551,0.3039384903694338,0.21643575296224785,0.25095558345754326,0.24564329759362466,0.2377908342084197,0.26060583739637844,0.2002766566581768,0.23311353288652586,0.24886519471618263,0.28341873749978136,0.24269600899518604,0.1996965214807059,0.2759645209488993,0.21964165732645433,0.23228737628923962,0.19682025922856733,0.26620081381746996,0.27468870244078636,0.28529115913543623,0.22138151814247367,0.28994164123154825,0.21397203740048887,0.23335582862702925,0.19556174425816203,0.26634160627768083,0.2622604070144336,0.2533940092971454,0.24700536434727832,0.24840087021465476,0.31661765187144003,0.2235705431436198,0.24414505377098952,0.236115107826736,0.22158453624611008,0.26163800440960716,0.35720078039880615,0.2552420041511343,0.2520644281064342,0.30214485060850627,0.25063183445864173,0.1986319293941367,0.24324201276768032,0.2648863428827779,0.28783937948239646,0.2981229188186353,0.22501373403759148,0.24756912391375777,0.3057834597158715,0.2745160461938775,0.2451446218744825,0.26228322834907913,0.3620416871837901,0.2039828649672708,0.27949198061097685,0.18523545924894583,0.29159854641511823,0.21452925629891645,0.26624630726744897,0.2622251264883239,0.2567370509337512,0.32025013338431396,0.2638760565924981,0.26497791924365166,0.27993384281530037,0.22113074568900093,0.17970536860155212,0.2865475919391215,0.2499283679434114,0.2934143369897977
0.2913235581049049,0.40376376653990353,0.3265511937935496,0.26753601859003306,0.21704466482694332,0.3172220489951094,0.2550026991238811,0.32762185489983153,0.24066121806498425,0.0,0.2247328315544427,0.2492753531061283,0.3224403194404458,0.26108224395817575,0.2640839573182601,0.2743188524460135,0.2981276881919621,0.2811086101736417,0.2756058865579748,0.27116716018396125,0.2706307121702165,0.2706427517882344,0.289593951355541,0.2514484329943848,0.3956494651980617,0.20195657754524596,0.2519207512784139,0.2717438124994534,0.3143661622235795,0.23270583391608426,0.2882514033612696,0.3098551019252258,0.2534617785162306,0.2332801804541424,0.2635733855214249,0.2416057066689651,0.2907773596294445,0.248474014497181,0.19772195825356242,0.3113991967462776,0.24087410182799765,0.28438558510896433,0.23755162896781062,0.22794790725516997,0.2900854860854762,0.2538699999000752,0.23582625436622545,0.2317680471705735,0.2942479483390774,0.23448243327546384,0.26773301789395804,0.24061040245337567,0.20469625866450156,0.26430161548739767,0.24776261552127296,0.3059866851569397,0.2551902019713566,0.2464658586464855,0.28945440898655567,0.2699946170571407,0.28921569701372635,0.2123532872693841,0.20908524356483013,0.20137118441008486,0.21618395370723067,0.21987429178206325,0.24833842026958747,0.2668449026893546,0.25065383777990524,0.30823411927692246,0.24788520887159032,0.26088166350007974,0.21911615007345683,0.311075580072891,0.2654916548249212,0.23185516986144544,0.2204414030005182,0.2704445231088452,0.21693351734149302,0.2344499913614201,0.25546617086221735,0.262892946558456,0.3102096631124048,0.2525468880790784,0.26350733700880924,0.30882656995972996,0.257158819700996,0.25933202473422595,0.29365197786041497,0.22023316158963901,0.2387251718113412,0.2678310442107868,0.2681641755181941,0.21162935967023735,0.2688713196636431,0.28896282712918414,0.1862929301530881,0.29036678552008394,0.20223984134907463,0.3065547691987253,0.22623180502007545,0.23935194613947325,0.21589802022667876,0.32456053830176124,0.24279254372358602,0.27245576035742614,0.2596326201956244,0.36382248176049775,0.2756726327652842,0.3080678914130987,0.22733088084930547,0.22199222249608003,0.2974645782149828,0.24564051360115774,0.2234668307338454,0.32009435514681,0.27454322378572826,0.2728004163587004,0.26922063424468995,0.24041183516602463,0.21533622149698528,0.234661474796764,0.2472480204248653,0.29100588428457275,0.2226536513709293,0.30241108071684575,0.2540172579335907,0.23470058929435597,0.30419990630790317,0.2546652494125189,0.3143528015193754,0.25985307108490197,0.22885751188394676,0.2091548483297788,0.22945760956976735,0.19201669926197823,0.24278427890857787,0.2663395350708184,0.2928940617047384,0.2755122340371248,0.22686122587617985,0.2681112468054033,0.32717841794080843,0.22401218763640043,0.24141009437208633,0.24988303562391037,0.23167997531844597,0.2812736594057481,0.4359107000360064,0.19280045981076613,0.22588107901162927,0.2613884832883554,0.22440770838579097,0.2938132713639499,0.29335414543164745,0.28281227435957357,0.26775752311716566,0.3249033650133586,0.2528300815845394,0.2603881387415269,0.2634701912677465,0.3027937883878613,0.24794279938845473,0.23234832232050937
0.2692313709995414,0.2452181635903731,0.27353706374944126,0.31023604946899086,0.2925555478596709,0.25589516751624375,0.2707940420631446,0.2338713186158614,0.2339333431879356,0.2247328315544427,0.0,0.3411578780132914,0.2724658827862805,0.23321110470270648,0.2406781996943653,0.35143629592867953,0.31479858320342624,0.25612153689803285,0.2859698821648542,0.2493978878731167,0.3269213413822369,0.3240528444545331,0.27264733632022686,0.27242595670479924,0.29717554677352687,0.28984083794131127,0.29774451286379355,0.2658630449515026,0.27873002013520315,0.2654236839401529,0.24530526306304687,0.283497708173538,0.25616598111520766,0.2490242668793779,0.2547546962372925,0.291563784660831,0.32686364887036184,0.2947685758343951,0.33889678316614497,0.29110017036541475,0.2496775660748881,0.2948658002056506,0.26287455941581905,0.3023502841136723,0.25345962135277644,0.2217967416376901,0.17948117330426347,0.35755791690162597,0.30273905693024683,0.2489123786459116,0.31157215514102543,0.2368551799332539,0.18738561137864718,0.3224457467062659,0.3402352704725877,0.2011072203236198,0.2916405123444364,0.4005855553009879,0.23950690031476413,0.2573297326387151,0.2553267969976842,0.19044849850658033,0.2497781415127763,0.23201289131926967,0.1910173951025821,0.20619587637367762,0.2755497402988976,0.229787818688827,0.260818741599637,0.2786362162097503,0.25974202247881367,0.21092200576945042,0.2661081136845122,0.3176294580203984,0.2751842123142635,0.19499591746526587,0.33886000477914807,0.2974255573377761,0.21645788764487212,0.20486881721996203,0.21397126483654624,0.2530999828647201,0.2369283150353301,0.22499433539431993,0.2589920592577189,0.2454680720504407,0.2908068581294526,0.24015645324129783,0.2112135566104866,0.22221814913783147,0.39485237074928575,0.22379998822959532,0.31872287082754924,0.22098170066712097,0.2562589299695629,0.2572300755684631,0.19206630002891162,0.21544820995870706,0.21407190274780374,0.21543301570889045,0.24459926907286492,0.2736734305075491,0.2477997879410808,0.21713650061012454,0.24904304320449946,0.22552379179672283,0.23359219073321927,0.26163423030105165,0.2283700315036032,0.2932478472271582,0.3776312240096766,0.2791353596150032,0.2558641660063834,0.2993697707753088,0.22159848896845197,0.25501159970190507,0.2144201969704255,0.2894216479307405,0.2655250500327872,0.24797812685010742,0.28346387431319625,0.22593333044484548,0.2561771655989412,0.28444485779143186,0.21755846676537122,0.2841818948970226,0.20845499379958038,0.2770782897367794,0.2558927886568524,0.22903392066800246,0.20507145870962665,0.3006494434574234,0.26198888403543547,0.28223439560295777,0.3169457892367099,0.18608033129019902,0.20876323877761452,0.25054955628768744,0.3037288877350498,0.29591564606487336,0.2174846034585128,0.294087399382975,0.24720799650842218,0.287715181831487,0.3560676921178966,0.23915232907220269,0.25820241500458463,0.21186540719593472,0.24798432037394827,0.2261588607876816,0.31500293516003874,0.21419658480849352,0.3892098751652087,0.22613917974280007,0.2809578955403092,0.2706913237033661,0.28357503346060087,0.25952701865671624,0.24420370784179526,0.24863217840214008,0.18142346297174747,0.24992911874385074,0.22194003792206893,0.39188027411384757
0.24301007808545333,0.2993141282738609,0.2539061920328248,0.2741774043042518,0.23121366439814134,0.2801272688688167,0.30930190717410555,0.2622706529902865,0.24121147427790052,0.2492753531061283,0.3411578780132914,0.0,0.24420591390461394,0.1840359250226884,0.2521790298693103,0.2697718017223024,0.24158033932470369,0.20514993276382978,0.29373644312110575,0.2366989568521224,0.2965554776254206,0.2824320970931402,0.27583884284723925,0.31362954386854314,0.32929335222170136,0.253466663193283,0.2720996259608784,0.21514793355115716,0.25029011208270113,0.2684589560235887,0.27906796429232344,0.2566498660809476,0.2633040420677787,0.28093328457265704,0.21972847759322442,0.25718174572294467,0.32872635083646545,0.2395429999440768,0.32658873215146816,0.2754389627268555,0.25694105926603217,0.27992969578809007,0.22734430819854387,0.27528171722093003,0.27684594694069975,0.23327585193401934,0.21674047696012144,0.28724487447975217,0.27450090473692756,0.22031444325194424,0.277411662854557,0.23704114499849263,0.16978742482715461,0.3053021821196995,0.3078299740989087,0.24052125849441006,0.25729009350219156,0.3336472425893359,0.20180955680907625,0.23948798522700962,0.22313566221665576,0.1780397028044731,0.20566702728525044,0.19506519729566235,0.17862230461746925,0.19154734733162662,0.25559160906524003,0.23131410040427916,0.1878838664308535,0.23302803048339443,0.23507450362299245,0.19051766015262284,0.20918192753471546,0.26461950722872424,0.21644874448133475,0.18981263734958434,0.26973923483457496,0.30786474718435314,0.20679431924114713,0.1929758319531384,0.1991438251684522,0.24955301208499592,0.27912657128376667,0.19291705670648365,0.2388835995312775,0.28080350525110187,0.250614638607779,0.20878633279603906,0.23076222685338052,0.28767290300700066,0.2693542705882761,0.2567092890108321,0.25408125525684183,0.21321765848137803,0.21466044776022902,0.3605795671254456,0.1805992652997631,0.263820642179476,0.18739897910549844,0.22494274166823167,0.22168102563595818,0.23243395705459338,0.24066837655017442,0.2737840444980032,0.20554640224711862,0.24462950801804537,0.22347057279873134,0.26112021478932224,0.23113649003254028,0.3597194336934194,0.38331920569704186,0.25414178196397624,0.22625757764701002,0.2397510954672211,0.20699109678256739,0.2692403214673051,0.20987459959120427,0.26355204299920354,0.24696737580450004,0.20359358619984644,0.22824084811081796,0.21412352118188535,0.23507961869383273,0.2861543474480796,0.19142690182950084,0.32650540190161276,0.19144140099289783,0.3257648895844884,0.2591990845127402,0.20908041542638545,0.21163895518650566,0.23077874476095556,0.21876827209180902,0.253072842755408,0.2718620510861741,0.16868960716054363,0.2612376247213645,0.2417394082561692,0.27007113796863286,0.28247962529910425,0.1968990811646905,0.23477501669152126,0.2550176291893402,0.24006730585804684,0.30976752098841204,0.2898809448642469,0.32946847967683784,0.21597477005411322,0.2798254969439381,0.1910331645945708,0.2718926547900799,0.2028066089544671,0.26527722825051564,0.26756788098769146,0.34035025465007535,0.2640856963681651,0.284522430907397,0.3186885713070052,0.22153719674104516,0.21725470543497338,0.1649729723924275,0.22363261445644775,0.2096773630115299,0.29690607419756315
