0,1,2,3,4,5,6,7,8,9,10,11,12,13,14,15,16,17,18,19,20,21,22,23,24,25,26,27,28,29,30,31,32,33,34,35,36,37,38,39,40,41,42,43,44,45,46,47,48,49,50,51,52,53,54,55,56,57,58,59,60,61,62,63,64,65,66,67,68,69,70,71,72,73,74,75,76,77,78,79,80,81,82,83,84,85,86,87,88,89,90,91,92,93,94,95,96,97,98,99,100,101,102,103,104,105,106,107,108,109,110,111,112,113,114,115,116,117,118,119,120,121,122,123,124,125,126,127,128,129,130,131,132,133,134,135,136,137,138,139,140,141,142,143,144,145,146,147,148,149,150,151,152,153,154,155,156,157,158,159,160,161,162,163
0.0,0.8945616621126635,0.8434611473800796,0.8341303129688697,0.8607982102840589,0.8104273429692562,0.9094379713487987,0.8529038429344716,0.8655612259692794,0.8511284379591245,0.9379274306116063,0.8718387249876284,0.9072925523477835,0.8586237841987141,0.9162526524264962,0.8670111255907405,0.868969805389405,0.9756430408139529,0.8210191368213419,0.9294277456373006,0.8707130111582418,0.9106662177200696,0.8835970694153453,0.9056498000449646,0.9429418721800473,0.845328182275746,0.8219839259659439,0.8299281714650582,0.8680924282709765,0.7760848487189992,0.9025987261619917,0.8981266484619878,0.852709103652467,0.8767161681401069,0.9478262590750619,0.9015314176318121,0.9215455836505948,0.8982155289961641,0.8172246777511645,0.9413535659246091,0.8202241401053424,0.8971859857831198,0.9194468669333541,0.9120895503561895,0.9413547647414942,0.9190231385063796,0.8355730761156704,0.9181216097573157,0.939845132955779,0.9157443746685483,0.9165051467240072,0.8556811687598055,0.8304265971752941,0.8589329059074533,0.9289092523421958,0.8367270734289607,0.9087550695938844,0.854281950789777,0.875256736620096,0.904697031000104,0.8102358204872129,0.7843201054116209,0.8767698653863337,0.8442062721648905,0.8898429948994191,0.8719911517287102,0.8852748393388333,0.8384331806648692,0.8204352518321314,0.9226588911576679,0.9321182263849696,0.8691434817290483,0.8534986339272986,0.8899520170074834,0.809053714832811,0.8731813096477383,0.847544774653553,0.8127270068500975,0.8187369025232261,0.6595883594173568,0.7769993131227292,0.8910574564167043,0.8084541820503123,0.7759030550848587,0.8990064215266638,0.8676707140371482,0.9459375228130583,0.8433731948866472,0.8469760177475828,0.8115907104465822,0.9209500051051219,0.9001968251221598,0.9269466157082126,0.877060445793826,0.8978569974357642,0.8277253353576026,0.7441513981669806,0.8543869825856564,0.833258572065932,0.8579039964666332,0.8338991431860348,0.882647644055196,0.8227440692094931,0.7842142074809653,0.9212270243482351,0.8547186855099804,0.8045247697623127,0.8326383963965226,0.9263384111439478,0.9146620715487023,0.914917942052778,0.9256045503041752,0.8548387199723286,0.7939294752865175,0.9216229401582811,0.851840849673191,0.897232761437945,0.9155748404286688,0.8288225844133447,0.769310861532225,0.8870265314607317,0.7646436496887514,0.9141033448798139,0.8984413570184185,0.8556028012389364,0.8611858222790761,0.7816346511845536,0.8962694555714283,0.8715421025186169,0.8838173982549613,0.762274816532605,0.7788856972604518,0.7651113576673162,0.8174657674177683,0.8769431624589274,0.8433936877441561,0.805762475485569,0.9324829852989304,0.9411619801318464,0.8641736044216483,0.7922109692558953,0.8950267467861676,0.8961960988467862,0.8543347974441855,0.9372220515322349,0.8575313189899241,0.8440883517352599,0.7411973712481337,0.9419288549081151,0.6569238856208024,0.9296438864374835,0.8135566584782576,0.8583548628348825,0.8409829366982289,0.8523143326352545,0.95640768551489,0.8652791043924246,0.8040665129303863,0.8768974382945124,0.8246301996580028,0.7809346457716466,0.9028012833256301,0.9377434313192355,0.9233036766498637
0.8945616621126635,0.0,0.8624874806261499,0.8880580004619808,0.780945342831812,0.9163020701329307,0.8094013410400297,0.9477602632918708,0.8851601668535993,0.7767725615697457,0.8948033719091723,0.9428410688040448,0.8297954421989926,0.7412421650875934,0.8801634702353069,0.805404471313377,0.8602171009836496,0.8254144540598899,0.9082869207228248,0.8874769832044911,0.9136452885951962,0.9391347355276446,0.7607509137039439,0.9315065563776409,0.8446029056714707,0.7301190313471103,0.7170089890720953,0.8298308626475467,0.7988121755940499,0.739108838386304,0.8615808073260379,0.804335511035025,0.9161002555037686,0.8261742511438123,0.8379876701910649,0.8514515793616999,0.7783729634663207,0.8084265230931008,0.8761243509440959,0.8759011181675583,0.8915914396174833,0.9096898772710498,0.7582138379805087,0.8433589408677419,0.8722868622903324,0.8692639746319886,0.7314454977420948,0.8057626056352837,0.7842296907371444,0.8518341147833156,0.8688453093882182,0.8944982162109978,0.9076796792637738,0.9323045296508748,0.8359325312156575,0.8494128749089225,0.9128696477871394,0.8894056175413669,0.7613276697640906,0.8923891236840936,0.906182568334433,0.7179127905882262,0.8750985505823988,0.7152169159836353,0.8548035607885301,0.8498861317681913,0.826019561200952,0.7155500495970286,0.6587083983975424,0.8600667249433437,0.8709372972870905,0.7081621294024426,0.7892357453191459,0.8633082242809165,0.9073858427829211,0.7351380658089478,0.7917434322094897,0.725410444604549,0.789120361489162,0.6444501905846051,0.8286103596297496,0.930930366487676,0.8189991769803252,0.7630315306801733,0.8565013968692701,0.9295735982392069,0.8612057237381036,0.690714129147203,0.7760540762731101,0.914535150921675,0.8136383035203649,0.8665717445632038,0.8373984608822197,0.9024247457271105,0.8591139271922339,0.7760849428715889,0.8558905078798105,0.8431897321400953,0.7200261385338675,0.8266435437176158,0.7245927183928289,0.8046167681611123,0.7047234810388775,0.7362594510358602,0.8527920961255272,0.8021403468370286,0.8258855445999269,0.8063870618604343,0.8392172293323961,0.9293777592348816,0.9062539083124068,0.8128741797226842,0.8120164008802733,0.7595536670240921,0.854020614441897,0.9172382730930364,0.8735145625720392,0.7468786970920884,0.8103901966714594,0.7090753335729141,0.8059949545915256,0.7295553749674737,0.8673257726219613,0.8896991700052815,0.7814299052875282,0.8355967746190591,0.768870976356157,0.8713625382225142,0.8573662402056754,0.7228740308952865,0.7931891616441571,0.8542995214165805,0.7104743601788543,0.9200175413994426,0.9032497675947831,0.763553314915197,0.7462644931492995,0.7957973136976851,0.8086269704609264,0.8301695318208564,0.7403316591045982,0.7882277490086567,0.9267009242574903,0.8451746019919381,0.8141871336005827,0.7120067738730257,0.9150860820485288,0.7764144000512119,0.8317643248663236,0.6944976814657552,0.8972433678800811,0.8038746242585584,0.9070698780049592,0.7730801269631131,0.8839630866871373,0.9065374330626206,0.8807245580872317,0.8296572698592242,0.7976622547578341,0.7205887618961939,0.678215546690636,0.8210472668402639,0.909773427606264,0.9174301634549684
0.8434611473800796,0.8624874806261499,0.0,0.8329207125767082,0.8347895626882882,0.9068899780133295,0.808990421700098,0.8494163324928629,0.7337951300978771,0.8097259908634723,0.8635713539058869,0.8310981230977732,0.8937480670487105,0.7517204904751753,0.7785903072310767,0.8899858960436235,0.9269565553746871,0.8203565578038103,0.7713191226436856,0.7979938216569736,0.9400995166154793,0.911038702557239,0.7432284541256329,0.8720655761315772,0.8036805691867925,0.8547407446469458,0.6872161731060156,0.7781439080232284,0.7474972052613039,0.7081850364993946,0.7044244558770415,0.8519115974985019,0.8119321119107569,0.7942425601338935,0.7438814523031312,0.8279795265854565,0.791154732402943,0.7547170944305625,0.7341288614635776,0.9118868489993788,0.8020901161738215,0.9583276455787944,0.8004784926234876,0.8108275646512505,0.8504060975640382,0.8818483856848791,0.8469903098715325,0.8250741930797197,0.7729325045866875,0.8575862947859659,0.8946793088345933,0.9385032749670018,0.8152080996628489,0.8775793392946291,0.7991796534153167,0.8534231631294301,0.851361813000451,0.8865027001458601,0.7922829655703577,0.845663143787824,0.8411935296376718,0.7963990706366316,0.9342657174104543,0.7336343254224988,0.8124902577837313,0.8685917262483573,0.8396722662337359,0.8111963680306107,0.7459704161680082,0.7971561999667132,0.8961219775153484,0.667492812618664,0.8388584254656911,0.9293482623695783,0.8610995431188265,0.6739360863959356,0.8643909838292223,0.8000573229694835,0.7355527325538601,0.6654551607017317,0.9012329608461759,0.8556283914689573,0.7853604074870592,0.7396354480228664,0.8798707424735722,0.8328625863380837,0.8159183823611458,0.7140954369807442,0.7411875830746063,0.7782620667519841,0.8780521987484573,0.7908814950112449,0.8040403874546314,0.8002126645828291,0.8649633281652663,0.7195466744939666,0.7671885758300606,0.832998372783706,0.7066264013902311,0.846035903183668,0.6228930973318184,0.8512521571392925,0.7385955129360362,0.6789761683797192,0.8185246423003341,0.9136523313552154,0.8882874669744626,0.8130736018876539,0.8888409306549645,0.9208443853894844,0.8843551762378575,0.820700968114634,0.8655725525931942,0.7001977296719204,0.8208293009018302,0.9138645543293732,0.7999623263812052,0.7327779561668208,0.9092712506674477,0.7072461088973567,0.7976378056250377,0.7146412673292779,0.8690024062557313,0.8515044301141553,0.6684008019486297,0.7583294843735973,0.8521653465504931,0.8665833955641821,0.867432682815101,0.7371163892266318,0.7446260307267498,0.9473060604036082,0.6138923713053713,0.7549056307907046,0.7984855004202489,0.715445686061408,0.6862365940462394,0.7580100483841312,0.7855197621650074,0.7043265020626416,0.6483203684997793,0.8314798906521763,0.8686044668990356,0.8304062666629786,0.8000771225423483,0.7710192875274199,0.8355519924433948,0.7981987579422353,0.8191171311440617,0.693146933230775,0.74990146750022,0.6574328781795937,0.8289858321834793,0.8846558848387139,0.8337699202669497,0.8110542947209497,0.7882143586057953,0.8740218252936457,0.6863958188873718,0.7652051989729469,0.7900027936377276,0.6926696557554288,0.8345012453442681,0.8334047461226199
0.8341303129688697,0.8880580004619808,0.8329207125767082,0.0,0.7348492939605071,0.894226402105648,0.8388464882975855,0.8680175983156148,0.7296707574013684,0.7991700151581237,0.8594447130938214,0.8734433618978319,0.8092568778591102,0.7428416039183136,0.8068361518612087,0.7635519849431082,0.8577776532377894,0.7978481558773087,0.8787800131886891,0.7809559672053027,0.8865184433552712,0.8431824931347879,0.7756900646669797,0.8381907465846868,0.8365625896091907,0.7554231732293942,0.7020461168414482,0.8484506856993183,0.7773877809901358,0.6545411925089311,0.7651998894362886,0.818517693637711,0.9398780019496035,0.8484954924545768,0.7975764932642904,0.8559153939619129,0.743967956556789,0.7276957236729177,0.7678347322030851,0.8768780033157006,0.8518964992840194,0.8642548826872086,0.7462661337878207,0.834022219918293,0.8366810822730387,0.8300954328865545,0.7087077057010877,0.7735035251816499,0.7876966666316447,0.8160798249447566,0.8974210021596837,0.907411744745225,0.8632050900326724,0.9420475346840634,0.8643118115686255,0.770100879213476,0.8522851989796452,0.8631023879889884,0.7966313960482603,0.8488840809877983,0.8933274021542955,0.7261929880057088,0.8963562682056679,0.7006167666862692,0.814538248932996,0.8444907874089581,0.8283591310565658,0.6938333503692793,0.6835539659641411,0.8244603035114174,0.8072990429412171,0.6785041222208713,0.8410290118066832,0.8872802237852679,0.8613595130078947,0.7196902746240342,0.8137345557919278,0.7119330207610977,0.7432405961238657,0.6196180129877256,0.8172003575557708,0.8845729132470872,0.7009356506769072,0.7289310869865026,0.8901224219435766,0.7949880295648338,0.8402868457896119,0.7222754525946724,0.7798228451471731,0.7317751929583274,0.8347971856450401,0.8726007134325655,0.81486370955305,0.8498516921499528,0.8779947214244105,0.7359230035731544,0.7925340042557792,0.8686678643797746,0.7069921028138941,0.8728310081857281,0.6686661716337927,0.823130416421479,0.8058895184344966,0.7676056958481555,0.8571994957542793,0.7618427844759372,0.846240169991758,0.786782205649095,0.826506394678462,0.8480006046388626,0.9413592758384952,0.8094330787858574,0.8672749121613692,0.727436185508987,0.8506073688465807,0.8496586197932516,0.888365148896995,0.7155964266797361,0.9082080810565485,0.7351184083674259,0.7155057783856434,0.8064983793623748,0.8360264819474356,0.8373769403476381,0.7022203532906313,0.8033377573690006,0.8107433744288081,0.7690789656578746,0.8973881577992316,0.6808633160962738,0.6830273328683549,0.7989115538553015,0.6445171162760018,0.824796511155526,0.8041774712493317,0.679080345194599,0.631467213007292,0.7594220172643241,0.7692511327307205,0.7320777494624502,0.7985641501833337,0.7559391132402458,0.9102625234199098,0.8497603861412109,0.7569834203906449,0.7427811714165369,0.7717236467216794,0.7282700159938149,0.7808074759033171,0.6394067113946624,0.8483553772230659,0.7986337808438277,0.835732354407393,0.7339718508615816,0.8809026999604191,0.7899144084712122,0.7902381796461347,0.8049905380421161,0.831191420592375,0.7803710243078917,0.7463753589610888,0.7761391721188848,0.8211061283445823,0.8243762682350322
0.8607982102840589,0.780945342831812,0.8347895626882882,0.7348492939605071,0.0,0.7531565330672672,0.8568509389222184,0.7118705002976068,0.7680504795993214,0.741231205901766,0.8750028903424641,0.8106209633373502,0.7888590629294523,0.7418308388141117,0.8886281066174327,0.8471932683550927,0.7883777225540467,0.8499030274009524,0.7189623866875287,0.7646448620492179,0.8224311979094048,0.8683859982701204,0.7661457303604393,0.8468256699823443,0.7940731746710589,0.8506923233816185,0.7010525496855813,0.6689822920947316,0.8601154190156642,0.8093405814371671,0.8083855817393042,0.7914938829762145,0.80539203823911,0.7165200317815682,0.8111539723461921,0.8188989520255666,0.8553076863660325,0.841240589639907,0.8007258616771695,0.8422947782930051,0.8114876650966588,0.8120230874718284,0.9077733185977529,0.9136481184629306,0.7758795625088277,0.8103322647110058,0.8758925682015144,0.9230048609696191,0.8291665302530373,0.8458085213978842,0.8593426972073258,0.8133903819203283,0.7455028352083933,0.7848978051089196,0.8544919853815571,0.7523747139432667,0.8066826862499155,0.8569274525825228,0.7466439907039328,0.7828807816391814,0.6747344415800066,0.7656698947174375,0.8470366860706724,0.7488543805622077,0.8050246112790566,0.7416932721949714,0.7344536367382415,0.8647448362173367,0.7525717909978314,0.7960135632554959,0.9045413391334269,0.7737290136571243,0.7121157778386513,0.7958121955281838,0.7014010608853537,0.7379060650648943,0.7866054223805881,0.908080919325046,0.7414797633866623,0.7083581478882763,0.7853220134721809,0.7996473023393342,0.8634129664813162,0.678211381600258,0.7760481672044773,0.7704963652226424,0.7705488815026613,0.7557285402635114,0.6911641595180312,0.722615582960465,0.9254504703344963,0.7897491745306819,0.9148640479091644,0.7449835095012123,0.7946943930218167,0.8247591043823496,0.6616966222885962,0.7217156313541501,0.7738916134177809,0.7097070859771304,0.7506624976817315,0.7821823719109344,0.7411194282585299,0.7334590361426738,0.7894296697179422,0.813596769765624,0.71808826835984,0.7048211053056344,0.8738430627186122,0.8200101539753942,0.8191457787497006,0.846696904916052,0.7250838172826871,0.6642356853667121,0.8196621104125963,0.7795754586484058,0.7287932261604504,0.852805507265017,0.7559552538579558,0.685005985218304,0.9342382840554615,0.7453543949093935,0.7628207764976869,0.8884591651640694,0.7651929604644687,0.8459203198101674,0.7012026812326371,0.8824236359767987,0.7555138040135057,0.8596890403945142,0.6744366672699876,0.7707742337756197,0.6402987978206304,0.7419313308369702,0.7669494147508904,0.8566564537366216,0.788673932734877,0.8901323963052536,0.786089470930854,0.836550085003708,0.7208807695387988,0.8346300506292375,0.7691487792284248,0.7707939728046327,0.9086485876105843,0.7720298721793574,0.8642563345814235,0.7879906047951764,0.8075881757167149,0.6170967271795771,0.7814431469824463,0.7593746699005296,0.7625272960784889,0.8201261131217309,0.791241320503634,0.8213678356356012,0.7450866485080636,0.8036929116346578,0.7659456223818565,0.7581422805384612,0.7317183121377834,0.7749003020895817,0.8497988013057504,0.8803603977947759
0.8104273429692562,0.9163020701329307,0.9068899780133295,0.894226402105648,0.7531565330672672,0.0,0.7764554962291006,0.9025203188492321,0.7403434302072254,0.7974570128997244,0.8710274880208582,0.8950836717678641,0.8498720089553756,0.6954252343545285,0.7618276555309356,0.8434962452528054,0.8867372214239191,0.7475836900620648,0.8387139549441803,0.7669427163779895,0.9009018401320253,0.8618266079060354,0.7218880971175635,0.8645122745819895,0.8131767811642718,0.7653320601412954,0.6753443118778714,0.8196335775739263,0.7935329321477448,0.7185471187361803,0.7276681291672092,0.8034753617964019,0.8804528879838154,0.8028183283866669,0.7256134334014602,0.7772357198964429,0.7629405416227553,0.7278643060299197,0.762620734966738,0.8532545675187571,0.829588640420547,0.9102970227823144,0.7095116523573688,0.8043000204853076,0.8055396014195496,0.8244884055877275,0.7349229182192031,0.7873179712824532,0.730527407956206,0.7643523284842334,0.8399234826176724,0.9226728232025445,0.8134715525571966,0.8927488686094889,0.787885309104513,0.8615467188355216,0.8321812548239452,0.9170499316177723,0.706246783387844,0.8122075457557719,0.8985987325231234,0.7149268481037729,0.8898275476188215,0.642939362279983,0.743458785470564,0.8094027488224695,0.7921159406145537,0.7183278555686057,0.637446652348421,0.8249031328714438,0.8117722060458631,0.6209141346801222,0.7732826434405812,0.8640930685183321,0.9009525555894219,0.6852806080117989,0.805757716171993,0.7602301471645261,0.7412224312557378,0.7271694664079258,0.940162602479904,0.8240104825788356,0.8070068666684334,0.7957505228097183,0.8310553278471513,0.8504879555827725,0.8399817765487042,0.6407395472595279,0.761341865061381,0.8308832009099856,0.7987862289143038,0.7832721711745714,0.7703481334944794,0.8242701267553197,0.8028549226420034,0.7527091324111923,0.7702596867915504,0.8367291571181228,0.6500902370678101,0.8209223586906577,0.6357227554521419,0.7823016179049539,0.6872943988903466,0.7060418492797527,0.7718035985933158,0.8226881128394843,0.8343534315644973,0.8279067408101703,0.8079769909223304,0.9120665462597992,0.8852424210208422,0.7377574491800715,0.8392810967022364,0.7365854487172832,0.8152236421887716,0.9438813969366184,0.8506263067780196,0.6739891628963253,0.8765721156482766,0.7170071444937037,0.7255793928442437,0.7545753455380825,0.8423159933436605,0.8793970050339452,0.6668598018485262,0.8278655507767902,0.7722140120034736,0.8306416025316786,0.8700095684675883,0.64938006065027,0.7752019667848785,0.8998780825535628,0.6755457929008811,0.8122423719681715,0.7837284337348117,0.6634138698800613,0.693840565998796,0.70903500173583,0.7223513515004065,0.7142536077283526,0.7066903491693296,0.7668760107920946,0.8482784295112825,0.766580130245812,0.7671126614406367,0.6862158173392066,0.8228100572461864,0.8452874421586335,0.7796593176020007,0.7087035709202625,0.7778695006042197,0.7405883774246085,0.8050795800008285,0.7581514411197455,0.8919248246775573,0.8004987700679314,0.8360190769279252,0.9188679449370846,0.7300007209072442,0.7466662473414825,0.7352667441027043,0.7433752348324636,0.8221934507774854,0.8405455363246317
0.9094379713487987,0.8094013410400297,0.808990421700098,0.8388464882975855,0.8568509389222184,0.7764554962291006,0.0,0.7649567796797567,0.7544182464155531,0.9030274394946364,0.8612295406510162,0.813647548991602,0.8835901682919224,0.8500893703219939,0.8748076737563107,0.8230359793765779,0.8097308113930622,0.9086794941399482,0.740753714378393,0.773695276289178,0.8056224125118763,0.8296730796253567,0.8933727654858885,0.8203451277688462,0.9076026081212549,0.8623403876242605,0.8201146984444705,0.7614560060319938,0.8531555464220091,0.7518520994841059,0.8327287076996274,0.923880249008283,0.840737297137614,0.8461403210516428,0.8542500330019698,0.8593142204421247,0.9209940442935601,0.7601376360759105,0.7398058280063802,0.9260451881261513,0.7420519475031506,0.8565870538456243,0.8967510419996482,0.882368886868368,0.8799389704615993,0.8759508741175418,0.869784215717271,0.872544619492505,0.9513087615711144,0.8493339156822777,0.9305260576273904,0.8016077065916053,0.7617045964118391,0.8190578327170308,0.9406489309657695,0.8191582975716554,0.8095952041402122,0.8091918244781182,0.8875749945496696,0.8496572734086458,0.7488708171799253,0.8215882374834057,0.8167637243392958,0.787430032064591,0.8245846099521353,0.8104120095461237,0.8854080292461497,0.8901616644317393,0.8196850493354016,0.8455258249355581,0.8863413793121658,0.8193835869290662,0.8247013377897017,0.8860901749682891,0.7087709024183199,0.8813450482393189,0.8927786341009118,0.8798168232846751,0.7049851061914343,0.6612090922934809,0.7332179416048314,0.8316272265405628,0.7868940673665604,0.6600331989133073,0.841164586271275,0.7274326098720922,0.8757252844040398,0.8996996876361703,0.851654630002593,0.729532023422521,0.9330532390104138,0.918516431332765,0.9099958198184618,0.7918387651985938,0.8687414894234569,0.8337778879888607,0.6638760065765749,0.8127125805656349,0.810987997234613,0.8726119187354902,0.7883109188988201,0.9028321695967816,0.884560715037409,0.7705107991787289,0.8521435488549574,0.8149584329361239,0.7769519815895458,0.7509257082309583,0.9346179882965998,0.8442514229135629,0.9065072640480974,0.8633993239503457,0.8582400330738597,0.7276265520189017,0.8378927792678522,0.777443280783842,0.828293341418049,0.9043978712326174,0.8241212243012269,0.7687890212888777,0.8050869879050405,0.8030254935032138,0.7977416997086777,0.8937336960526496,0.7451820803899469,0.8495220186848456,0.799677985825421,0.8774719010921173,0.8130919354741076,0.8527686995215213,0.6907520833891895,0.7144801632094625,0.6848221725834711,0.7077025920482174,0.7505344227999415,0.7604722887747414,0.7122263233057211,0.890550341841761,0.8296520646538363,0.7923068040031355,0.7942865618896571,0.8738931180053179,0.8712941679256666,0.811367938304832,0.8752897358856583,0.892877032770472,0.7589543504064167,0.7750060768534839,0.8467755424414125,0.5681853224437508,0.8245935041738607,0.7769207781240678,0.7567696948307642,0.8743721976705291,0.8037930843435205,0.8612827612754571,0.7848131717645872,0.8136974512531561,0.86474423446768,0.9007930205172632,0.8382410577998907,0.8091127208666549,0.877103208996093,0.8130654815279736
0.8529038429344716,0.9477602632918708,0.8494163324928629,0.8680175983156148,0.7118705002976068,0.9025203188492321,0.7649567796797567,0.0,0.8308145275215224,0.8051601464493592,0.8415610201683904,0.9204883480075605,0.8368516924914582,0.7084364845594302,0.7903303795702636,0.8096218685397442,0.8735539158749389,0.8041451937648748,0.8858024107196578,0.8633645920891151,0.8780052823703676,0.8580776233303021,0.7873536736438949,0.8769371386163072,0.8582624082208974,0.72277129110675,0.7519712714853929,0.8819492483319022,0.7429787087187067,0.7348564738308837,0.7959896827105546,0.7959019324827195,0.853563657086807,0.8646867896784655,0.7816282761078089,0.8011253268220876,0.7513592245133999,0.772358144472316,0.7792064833207607,0.8549090799161396,0.8299897146087788,0.904005104726647,0.7251787247880529,0.7639069433037088,0.8815766568961746,0.8736730462951123,0.7183926541307067,0.7391347754288428,0.7619631287294926,0.7953540869544443,0.8158489316087508,0.8763623907959498,0.8302233942284283,0.8651680049196688,0.7747643993347494,0.8573029390952704,0.8680777504262344,0.8812580182152542,0.7347141327142311,0.8621165825936542,0.8868563077820385,0.6859547783576571,0.8406305168135407,0.6894705030124985,0.7742134453778458,0.8281003261954194,0.7999490831184867,0.6781756330786208,0.6634830272186487,0.8735695380095093,0.7945793765783886,0.6642070302171171,0.7780839326292328,0.8470612321780331,0.920044429138213,0.7154488469492297,0.767240007436609,0.6924246962681776,0.8115789316219991,0.6176714203626276,0.7985569754131897,0.8556991058838331,0.7745662582832759,0.7960282481378808,0.8474485390963433,0.9319793309090798,0.8519921523604876,0.6655165976113832,0.8241563051101738,0.8862203831080765,0.7768557253575398,0.8179372121037443,0.7655492833534212,0.8503381892707005,0.7974595205505747,0.7333872719732205,0.7929808268724183,0.8845561368153562,0.6678188106766719,0.8437883374002434,0.6553726173890627,0.7928503295911197,0.6996230940378776,0.7467016247084362,0.8151032777309459,0.8288023828045687,0.8318911327100443,0.8913751086394074,0.81458813691724,0.8968822200853008,0.8634074563691793,0.7694308604148595,0.7967040756197116,0.7929125175448174,0.83782960167417,0.9434154619124537,0.9035897413440619,0.7082949666850477,0.8112475252651101,0.718303238565761,0.7231055900327742,0.7326200007117744,0.8650273206415541,0.831400208801807,0.6907761353138002,0.7930271063151646,0.7592541918986387,0.8314180040397039,0.8736483902397785,0.6725127552862874,0.8500555287998878,0.830664509105191,0.6933347840054193,0.8294814108593176,0.827633290944717,0.6643975803465422,0.7369007914748565,0.7380309322569607,0.8197166684328356,0.7738360975982277,0.6960896175013433,0.7443351053329308,0.8790984608283208,0.7806637219181131,0.7522024507299842,0.7145488496880888,0.8310382155974693,0.7601175269307809,0.854081564888428,0.7193711259166048,0.8402917601169833,0.7400178383671345,0.8606739277319782,0.7677187176076156,0.8987376393238661,0.8478580915821753,0.8489152029247953,0.8395327052465953,0.7331003901788685,0.7051090468557982,0.6896007636051616,0.7719018787022286,0.8731362477697159,0.8396398327183381
0.8655612259692794,0.8851601668535993,0.7337951300978771,0.7296707574013684,0.7680504795993214,0.7403434302072254,0.7544182464155531,0.8308145275215224,0.0,0.7188743576449063,0.8013375693497226,0.8220204118986296,0.7312927048908228,0.7319222500780485,0.8826433706765369,0.7076522809936302,0.7112315575779338,0.8223997591090019,0.7723511687548493,0.8464327677890862,0.7526493086958299,0.8711930933459856,0.7226600725037664,0.8160346867209823,0.7936694005396219,0.6547245063348645,0.7379734182450691,0.7048324898032285,0.764312306981233,0.7602833343622604,0.9102309687105661,0.70868089822258,0.8041785880232806,0.7029295407661237,0.8589587625137328,0.780236380110333,0.7598897758296297,0.8345413238316588,0.8204789396712586,0.755870094680461,0.7891961090977061,0.8095907549983286,0.737840651851655,0.7838850511390796,0.7905267321218372,0.754073268593993,0.7014329051024129,0.7549975265962537,0.7518004723036699,0.787504248237909,0.7460984757675045,0.7296152632051982,0.7882538085076319,0.7675981386166458,0.7544241651783613,0.7964248693701776,0.7931155130917363,0.7736720350409275,0.7104905530963153,0.7797194080652199,0.7284325477822892,0.6562945814055581,0.7322439474007314,0.7231374453137844,0.7991162094437005,0.7126039271932203,0.7341385616544781,0.7095662164699271,0.6702344428251491,0.8503102996573997,0.8175678231292621,0.7527876311419122,0.6976743454823905,0.7213257811895623,0.7569645331437289,0.7224989486096967,0.6712905360186087,0.6805803552515601,0.7218740565900236,0.572018057617123,0.6768723215090596,0.8498596852849791,0.8136425603924798,0.6914471758931395,0.7226043158338038,0.8706198010277085,0.8005266648850887,0.6898676865245527,0.7069448514536454,0.8905117926120993,0.7620990116807543,0.8231326676769607,0.7885628842090239,0.7660841081333039,0.7698977385934267,0.8024210529331911,0.7402768668108635,0.7421963329657832,0.7425141768779822,0.7000102653766686,0.7684400798880031,0.6977334630311133,0.6594829491839473,0.7396905208505795,0.790013256587563,0.6974890482610904,0.6598962372074345,0.7251383180575612,0.7476429328855673,0.7918944829067589,0.7517331719053083,0.7697136911786027,0.6928198327910463,0.7423504294104386,0.7567636708681273,0.7719855946428895,0.7487548846627671,0.7604701440417538,0.6599747881551014,0.7025600644685885,0.8016930347053461,0.6917078333544816,0.7517691012918534,0.7817983820845554,0.8508753331944088,0.7663217248268853,0.6573577097880166,0.8017807127333837,0.7119517168245538,0.7651493078239615,0.8168483359899693,0.7020078861730168,0.7025447804545836,0.861328513662832,0.8320668702949282,0.7999210302144505,0.7745799327597257,0.8104517922740773,0.794283762776101,0.8467468100133516,0.7400886219998428,0.7416706323978722,0.8068340127711514,0.7780277952660024,0.7888940596781842,0.6941372485012544,0.8916783016912989,0.6684804699103631,0.8107943938033059,0.6264105303308715,0.8489449926482082,0.7884719238565133,0.8064692558001191,0.7260855718038192,0.764375478919228,0.8910400633514353,0.7807136341813911,0.7051398485916025,0.7885547587649863,0.6349142833405095,0.6150200996082487,0.8349052245896823,0.9018107911454651,0.8639350938814255
0.8511284379591245,0.7767725615697457,0.8097259908634723,0.7991700151581237,0.741231205901766,0.7974570128997244,0.9030274394946364,0.8051601464493592,0.7188743576449063,0.0,0.7965687349844227,0.7692605998279,0.9261866437754137,0.8215807217707488,0.7377771745908238,0.8327195642218729,0.8146640605773451,0.8562592511753463,0.6884547790201262,0.7294186245997327,0.7498276304451196,0.7548216874570605,0.8935642683098743,0.7455610993565552,0.9255595359404946,0.8363717741287402,0.8825666374865229,0.8006182540597993,0.7943011071225639,0.7491410371228181,0.7359896482779266,0.9128248530319726,0.7613023262847408,0.8558828084194455,0.7655327506680937,0.7660484367303597,0.8944087471753298,0.7068403141278338,0.6263247710210853,0.8788636583834363,0.6584334762971352,0.8840180565942782,0.791951035489545,0.758883586132388,0.8682502833443347,0.84142646266198,0.8480004876656565,0.7726443050687006,0.8805352744882717,0.7466650503557575,0.825692465433145,0.7684255285792347,0.6768342880660096,0.7360349549586996,0.8154034937692117,0.9005986522454151,0.7330594753344614,0.7902686751586142,0.8252231252241792,0.7855464661724767,0.739688008404021,0.7745138370184178,0.7587760628615453,0.7312435450910614,0.7029441414867081,0.7608973184730123,0.8646901605802273,0.8510015377648689,0.8259044498906173,0.8726322944458579,0.7873149986838001,0.7273059138556169,0.8174067395303503,0.8533686596929054,0.7221195263463162,0.841877973735445,0.8455776962535771,0.8299590313940083,0.677917895670481,0.6530746553142751,0.7306683635201902,0.7393282167216526,0.7623149229779511,0.7098228358403837,0.7991889610419479,0.7244534026383175,0.8909999984744307,0.8256710648798231,0.9216877541353972,0.7373087465676689,0.8559142962446803,0.8394826417956978,0.7741327924722833,0.7189420804764098,0.7869169092705735,0.7982865681669671,0.6039012507356112,0.8558372623187489,0.7264201234114848,0.8929014498369899,0.6857800229817801,0.8468335167627832,0.834336696308176,0.7591030795491536,0.779048056244104,0.8350850522185971,0.7552068187497806,0.8541221107278706,0.8661627223583168,0.8197542520112382,0.8266458268164087,0.7642344811188467,0.8704997254543506,0.7910637413778365,0.7833450680931763,0.8102974014599587,0.8426040551253923,0.8016344218645992,0.8258336388890057,0.8311371762840839,0.6839790936923372,0.7977962321274025,0.793679212425463,0.8142644838442619,0.6492058252315234,0.7875219410822948,0.789262577886178,0.8226335529549755,0.814306342535629,0.7513330526525208,0.8034550414485655,0.7020854859936481,0.6872554133957839,0.6376180769114475,0.6667529646700497,0.6285952070393402,0.6936904705909817,0.7711923979155358,0.8036638300844774,0.6865541001093671,0.7317846829139892,0.8305801787876151,0.8083903063626484,0.7251505724570326,0.7822376279778674,0.8817107660832578,0.6827438599665293,0.7700528438974953,0.8674171572272525,0.5967750103564677,0.7314057904286844,0.6923305582051958,0.6889987531568542,0.8740208307842365,0.7966234035745996,0.7984288519154231,0.7597566466554544,0.8492380348877355,0.7681843094365628,0.8705519485869476,0.8942510718221338,0.7547115011856044,0.8373224145167766,0.7282085889818566
0.9379274306116063,0.8948033719091723,0.8635713539058869,0.8594447130938214,0.8750028903424641,0.8710274880208582,0.8612295406510162,0.8415610201683904,0.8013375693497226,0.7965687349844227,0.0,0.9133621210596943,0.8801856755698085,0.7661280671297324,0.878869310509822,0.9106628995551849,0.9115782497948476,0.8981178189690283,0.8791076349127255,0.8791719043318998,0.9102986779584287,0.9130286483358963,0.834754156650594,0.9307067170752857,0.8900322366491711,0.81477921564028,0.7617397261245981,0.8578974478512352,0.9019857754622137,0.8108058962890156,0.8353707075473179,0.8654302878636951,0.8675337387916955,0.843726499441313,0.8564372818957876,0.8420728773716605,0.8680287060572169,0.8716352706789424,0.8596435835495638,0.9193419714962064,0.8564608669818743,0.8815567243416872,0.8642973033398725,0.9111975771221354,0.8526449342860346,0.8850560019624191,0.7725807688161389,0.919956235152161,0.8779252651665393,0.8677325866467743,0.912328680243482,0.8879277766937139,0.8504360749304475,0.8896332042727932,0.917694525445827,0.7791604450998224,0.933879137674262,0.9279078084221852,0.7873961210166764,0.8791087150269936,0.8439346642739449,0.735552995273991,0.9181021807100468,0.7382315302296747,0.8432587533427435,0.850977611468606,0.811225590837757,0.7758545891601522,0.730728078016855,0.9050744931807206,0.8838137706839834,0.7664511310583318,0.7953773067651536,0.8844873470694357,0.8650317042813833,0.8084912516533536,0.8569168965779935,0.8272099165667026,0.8144375933757092,0.7503326523006142,0.8554738986505966,0.854082279026211,0.8346007637962434,0.7962799001608073,0.8829734274642388,0.8535275349881534,0.8969266851247207,0.7436175909957348,0.7962611552522447,0.7768617424242749,0.898099020412149,0.8105597717817662,0.9330618394933577,0.905335853355911,0.8572490904601601,0.78703739430139,0.7495798691326087,0.7892889066929301,0.7382895554270131,0.8022620113724681,0.7768596279318812,0.8564804026445162,0.7406662339972087,0.7366563559726207,0.8551188708378654,0.8353283777288284,0.8192785088457236,0.819713973153327,0.879048891618272,0.9204710713227489,0.9301936257330243,0.8570075828705354,0.8163800812363983,0.8015783512891038,0.9096911342190588,0.8980045363216521,0.8933091514438543,0.8587594033998798,0.8382641689623409,0.7090638388020147,0.8808588549632466,0.7477095116961036,0.8806397050517221,0.9455827347604177,0.7952554214286232,0.8995395800616778,0.7424541194678924,0.8725105192056772,0.8620075268080792,0.7807545981979378,0.7291053748865313,0.8453440216636283,0.7817382598022399,0.8381565286340047,0.8625266835547865,0.807205588126137,0.7960777007541101,0.8512197572408167,0.848549671581118,0.8672228899962292,0.7637272579892518,0.8493142530889835,0.8614284890728421,0.8078245509163482,0.9035374102870642,0.7474344855911589,0.8467023950798147,0.8193590133973985,0.8588231044875438,0.6879249264222584,0.9030728019405266,0.8531861093388818,0.882522394794308,0.767384545208626,0.8788897630113353,0.8930712208699682,0.9177599106915191,0.852289594247896,0.8378034664869254,0.8287305718217141,0.730785933602813,0.8686530761258101,0.8557188643472735,0.965166407233631
0.8718387249876284,0.9428410688040448,0.8310981230977732,0.8734433618978319,0.8106209633373502,0.8950836717678641,0.813647548991602,0.9204883480075605,0.8220204118986296,0.7692605998279,0.9133621210596943,0.0,0.8046315571427061,0.6730430068455625,0.8799082685101287,0.840772485280001,0.8629220267599711,0.8118529880939322,0.9383815784593854,0.8512351513610867,0.9027590417685027,0.8794193989325743,0.8109674662682526,0.9491595890304079,0.869418001999801,0.7469890082904919,0.7255173581704321,0.844452754734607,0.8350385307420269,0.815376184513092,0.8617705002321012,0.7871398233681767,0.9128740984957177,0.8493120547872067,0.8031752253263957,0.8043213448227317,0.7899784903779764,0.8081559629206587,0.8886775333172151,0.8653008570661722,0.9105581081765595,0.8584195562295005,0.7855995547519082,0.86176097343344,0.8399790501498735,0.8769662147674823,0.7342341817258695,0.8231532542072368,0.8011581193905776,0.8059487708025131,0.8532521071475125,0.8907128708825937,0.8370370498939259,0.890442524044366,0.8395156297173042,0.798877961737188,0.9061624570104282,0.9472020065372709,0.7076007187849525,0.8544615500562799,0.8366521251101198,0.669296075822151,0.8689620438820543,0.6637528134274134,0.7931602362402986,0.8020492070533366,0.7507784232442603,0.6988348343810066,0.6349458238357854,0.8772406967959497,0.8220287906347675,0.6850052578238507,0.7145841382271956,0.8293217277258466,0.8665051995767015,0.7502799274287629,0.777813634446288,0.7721497521223807,0.8559664337110486,0.7031811097413241,0.8329205774238579,0.85478691134233,0.8599947247077758,0.7687104690063029,0.8294521873616775,0.9144275190530363,0.8294099051567617,0.6621351805981922,0.7896158706900988,0.8593282348186922,0.8180362762911635,0.8146397546327209,0.8549889509745514,0.8814177090391884,0.779764097800782,0.7940265786967168,0.7646184327636322,0.8239597166825557,0.667022030379149,0.7806020041978717,0.710072176411645,0.7922705828617502,0.6966798148176051,0.7851651100708131,0.7967343013415372,0.8173205052303252,0.7997229006338105,0.8375148218951415,0.8404247735267831,0.9133554577004703,0.904780658744907,0.7855863517386502,0.7441076408709878,0.748173784933512,0.8722777576931983,0.9302521707431716,0.8987843468851415,0.7674252185432455,0.7894061694611412,0.6693292396945528,0.804650728717161,0.7502172185923502,0.8332417062705164,0.9388273018916984,0.7258257201800375,0.9122484103055506,0.6969666078752484,0.8724125584520793,0.8508273823065493,0.7003455889549657,0.7680611605599351,0.8187581267082971,0.7104979298840378,0.8580181201853202,0.8489493409188248,0.7341478900332452,0.8159522472909789,0.7986425030622771,0.8089991255268721,0.891701553726146,0.7452197837642959,0.7432029207440322,0.8515349711123497,0.7558460673871621,0.8237095125918467,0.6956704363099256,0.8897967203690599,0.8434123172781184,0.8406310124115366,0.6798431240122275,0.8944380719010683,0.8466206237303893,0.8701793084093132,0.7427003876878091,0.954208765442729,0.869057873788164,0.8885936234111392,0.8849320554228086,0.7870989142072011,0.7299255707712361,0.6710092182553484,0.8255203357324963,0.8795814530755934,0.92714365073216
