0,1,2,3,4,5,6,7,8,9,10,11,12,13,14,15,16,17,18,19,20,21,22,23,24,25,26,27,28,29,30,31,32,33,34,35,36,37,38,39,40,41,42,43,44,45,46,47,48,49,50,51,52,53,54,55,56,57,58,59,60,61,62,63,64,65,66,67,68,69,70,71,72,73,74,75,76,77,78,79,80,81,82,83,84,85,86,87,88,89,90,91,92,93,94,95,96,97,98,99,100,101,102,103,104,105,106,107,108,109,110,111,112,113,114,115,116,117,118,119,120,121,122,123,124,125,126,127,128,129,130,131,132,133,134,135,136,137,138,139,140,141,142,143,144,145,146,147,148,149,150,151,152,153,154,155,156,157,158,159,160,161,162,163
0.0,0.5675800322776333,0.5590370667350518,0.5672412832073134,0.6480073946537575,0.5724908581346676,0.5285621607792175,0.4993447996097006,0.5951593970687166,0.5875363490240298,0.6406667165615094,0.6078589742101768,0.6254689494783772,0.5220246162281524,0.563088600569443,0.6581322107103773,0.6539590623968813,0.7077975227134844,0.5397115288305484,0.7063803245951076,0.6454280629029571,0.579268471102047,0.5322400356354495,0.5351500503398832,0.7051969196296521,0.539799613679249,0.5037330168694851,0.554495603820986,0.5002159440923064,0.5593649043637829,0.6131248298361434,0.6268814830200422,0.5177559575120542,0.5337038069508673,0.668398379896768,0.576535398276369,0.6424758656045013,0.5986608594901335,0.5261069641470307,0.5272429506937911,0.5269365024422354,0.5910274909700828,0.6210509874265592,0.6823551680051458,0.5864803435767718,0.6610033931709222,0.5333415296764866,0.67016807027242,0.6135126649590289,0.6813517436013943,0.6912094438472978,0.6034767823328265,0.5651875012174525,0.5797464115067361,0.614197331891334,0.5427361302833625,0.7192526301656942,0.5992081620136461,0.5611191797666162,0.6094988559062768,0.5128276635798494,0.48750731507711864,0.6000673117846306,0.510628240883221,0.6204460665139846,0.6484768985656052,0.5799118686229526,0.5624055824587977,0.5563667320600094,0.5310329015588421,0.6239323197050726,0.6032105375776745,0.5888664530431672,0.6322689899527568,0.5929399622671041,0.593854421434844,0.5315731230279174,0.5884115098841964,0.5368918848112777,0.4971139266915482,0.5313875386870177,0.605708562308016,0.5924524338734074,0.5164264708658355,0.6638080938883886,0.5723495645769255,0.5087725151887493,0.6005938068292637,0.6275222395375996,0.542856749601079,0.7278459188147723,0.5914722882971365,0.693506343440709,0.6192981220132602,0.6252337784611983,0.5713831750210046,0.47310449387693687,0.550445234906008,0.47640101486092534,0.5814186563873035,0.5473121018287728,0.4603374994306439,0.585629643812765,0.5542075352351942,0.6493442460396999,0.6149530407121144,0.6055910585434926,0.5738678955346521,0.5899111179467206,0.6217831718962412,0.6301230888369252,0.6715332318324614,0.6115347562319969,0.5767631029818406,0.6159094215142834,0.584530875995939,0.5911783248346254,0.6075544784974525,0.5611210610224325,0.5107753524784514,0.6415403807023029,0.4746416909858197,0.5666498080928263,0.650900943124687,0.5464605489695548,0.5649623747320662,0.5001553654807925,0.5103607255664118,0.5697302154571214,0.5631942878475235,0.5403381462701802,0.5596284242074944,0.519415926780191,0.5414543599325774,0.5904988803402081,0.5671946256404112,0.5638181391768052,0.5566980539633194,0.5357343738400321,0.6041678450874484,0.5455310245471229,0.5743154419510996,0.6346870869842287,0.5802732592108207,0.6443248825326126,0.5228321429336793,0.5584767763602214,0.5373528471802411,0.6374792782287314,0.3977637789450651,0.6399034367894545,0.5464945206141689,0.6008155883337088,0.511047841096093,0.6037778805216728,0.6019553992994416,0.5092274379627518,0.6125779696192947,0.5321655474695266,0.5787815868136976,0.5013085448719482,0.5810974907748052,0.49956932596589326,0.6743715229217822
0.5675800322776333,0.0,0.5472096814455425,0.5774507348120302,0.5702894503018433,0.5611881299614753,0.5007658416096165,0.453426641387942,0.5369781066064061,0.5872816187567786,0.5486544747621664,0.567132282501761,0.5367016268276885,0.5508403648822039,0.5422324049527686,0.5427444500439899,0.6034666557798021,0.5572713109123195,0.4918424627347456,0.5736524171261749,0.5872388406323359,0.5846270565072967,0.4827392019740912,0.572829488180233,0.550383488889927,0.48109035135775724,0.49143496346978904,0.5036396639817117,0.626079173832576,0.47795966930690403,0.5310576554672195,0.49369699356073954,0.5951287459160054,0.4670542957842873,0.6038286194633481,0.5678166058786964,0.5046027804145156,0.5673115448923297,0.5208611667349552,0.5657420486017696,0.6715924472099043,0.5455041194228688,0.45328747187961593,0.6046592379297019,0.5133454420015688,0.5703988492187343,0.49936408199271376,0.5295941950782018,0.5104595635922049,0.5587727895089901,0.5419250402777422,0.5923960309371279,0.685679499935003,0.6080023301279289,0.535243047764721,0.5761380223722498,0.5909891668005938,0.5116607340400711,0.5059468738836171,0.611223586541991,0.4841394843939325,0.4612170208511284,0.4942785493200202,0.5000877304603284,0.5335432013651901,0.522848267458357,0.5427206691632663,0.47257040173247267,0.4488883618785574,0.4464607679684111,0.5301866566912887,0.5825238363355147,0.4967853203997951,0.5380426723694898,0.5731618179881696,0.521197086575099,0.4508250178889741,0.6028687141413805,0.4898683971726441,0.5178058846397249,0.5565471371784639,0.534668937950729,0.6193683760627405,0.5157652892950739,0.561294908630949,0.6059528819271917,0.4195651827956755,0.4582591806654916,0.5394835083100091,0.6179657700636376,0.5509731267127137,0.5675170347527618,0.6166238044330237,0.5804094057569599,0.6219059783574864,0.5643625138500769,0.46667563434632375,0.5376298696401826,0.4768424008289564,0.5507141930073371,0.5697587085400575,0.38201327664048323,0.4638276403141776,0.5266645564027909,0.5364549721600848,0.539744412820502,0.529522585922248,0.5596211551360708,0.6188274022047987,0.6406892822737382,0.5354335371319212,0.556028327828103,0.5257399367793945,0.5414465276390239,0.5846229216544692,0.6628855976194872,0.5611463379919459,0.46385236332195284,0.5372861383685797,0.5292303695178892,0.6427662811638072,0.4315065518304278,0.5405070477967199,0.6217393928162592,0.5555253222897703,0.5759190239899064,0.48332744115177495,0.48521248613576895,0.6086818250782083,0.5470806986827846,0.5513234045518326,0.5216321574440077,0.4814118680403079,0.601898450712018,0.5441328175821827,0.5704541822182491,0.5348296807839297,0.5704226746142718,0.5136304643241261,0.5298625436522636,0.5440909178415975,0.5453369043718577,0.6507359243093124,0.5492633891908334,0.6055537058343575,0.42223098769864886,0.5650796918314634,0.5948454663014654,0.5662714603088138,0.4348477854598634,0.5043056935141462,0.5924490618832029,0.564479118147733,0.5287274753221348,0.5708822581889864,0.5192995115465114,0.4975312673873178,0.6033188005353596,0.5915595171288757,0.48037414289474045,0.5404715229548338,0.5706215988957718,0.5131647911843237,0.6136062398574674
0.5590370667350518,0.5472096814455425,0.0,0.5925564228004722,0.5527907590912301,0.5555564115842487,0.45304023805198634,0.5256636363587314,0.5218502819732603,0.5662709562197813,0.5577058724166293,0.5045705369465685,0.5943998506668522,0.49856182167428353,0.5290899482711763,0.5692236558579739,0.5732887335338215,0.5833282321959653,0.4443711396089222,0.5369687212272269,0.6204499431850587,0.6665230055371298,0.4340537057481325,0.5002474028842145,0.5431239004243777,0.5641186750971017,0.47158524772233573,0.4644452244443973,0.4679834611062355,0.43557883865240316,0.49438083878793554,0.49515482472323197,0.5491521409695096,0.43088983603523956,0.5134170666334399,0.5557810368847855,0.5402918962373815,0.5532123761088182,0.47099238918338027,0.5157436192859848,0.5424278857364857,0.553562351240944,0.526798245466788,0.5512412587419594,0.5645787159001112,0.5719882231145278,0.49457469302495977,0.5743936785121676,0.46837472550838744,0.5886664338973002,0.5706713389660983,0.6016103114435518,0.5094914927776352,0.6019259605273457,0.5147081958724519,0.5116057649965063,0.5382013916379201,0.5494303313295883,0.5148280788151777,0.5177360845995238,0.540492147895804,0.46235505687533135,0.6104152470059252,0.4775852440406228,0.5336850473423475,0.5791319682283075,0.5903085184739068,0.5697331653392416,0.570978904808253,0.5234487950840165,0.6181013360087526,0.4917236306766157,0.5565255075008048,0.6255184023311954,0.5865924041353908,0.44042332910452153,0.4921578589619762,0.5199871794751415,0.5069356488800906,0.41973414021953925,0.531212915083895,0.5866450082705976,0.5354572111995526,0.5276695549115639,0.5514784248790636,0.5814758196579072,0.48175156704009164,0.4920683665540424,0.5021362873262893,0.5357894472372574,0.6059912464208578,0.5027000082413273,0.5193367573399006,0.47239906258802467,0.5958420875036622,0.5438456858872268,0.4945555846590168,0.5190393206818855,0.4252467731275334,0.5409790719547705,0.4579883683220658,0.4478522690294773,0.523506996471263,0.5322942424694683,0.5627155257598373,0.5962728773976756,0.5890618740624586,0.5285120760570832,0.5564987816049951,0.5580521425670066,0.5066570277823516,0.5631957978235997,0.5914365239709324,0.5205219310816849,0.5423449002885556,0.558965789305179,0.46885213368903056,0.457491872552403,0.6007114282258578,0.4895726326753646,0.5346978753744546,0.48744250759976276,0.48932649716052695,0.5273572837851841,0.46102179449635294,0.5120061388476644,0.49736491890769563,0.493248960902613,0.5537615471950454,0.5669837572345972,0.5007086247621544,0.603784186671507,0.457894647785463,0.5009911939810403,0.5748346925593271,0.5003322770007633,0.4561394945657149,0.5076699365378421,0.5429374919856486,0.4972410466521198,0.5431526066474797,0.4975096251330172,0.5531463225586006,0.5895557090358715,0.5577418697810925,0.4661334138634854,0.5639745923634729,0.5188135426994506,0.5605240288178417,0.381846900375023,0.5011537394013035,0.461482875887774,0.5313234300863627,0.5674488977130078,0.5634414631300246,0.569085375652818,0.44783641246034567,0.5860454082959996,0.4768945314128464,0.45074510829762937,0.5256031529283777,0.46015512272425874,0.480893109890753,0.5443241489612001
0.5672412832073134,0.5774507348120302,0.5925564228004722,0.0,0.5340400159501411,0.5379087526598189,0.5197879823054168,0.5245229604615219,0.49406342603481773,0.5561017151973554,0.635918705811414,0.5593771953258472,0.6246917756297424,0.4932197990577896,0.612290609144721,0.5666189572955033,0.5680776287622458,0.5806829183363019,0.484779279373149,0.5239852419054123,0.5794651870546083,0.6213512114931606,0.4854375736149803,0.5752036618106136,0.5510544633147494,0.5490454668946982,0.5350648504825858,0.5254114729396888,0.49825187829506173,0.45392140109942025,0.5254186417211529,0.5062397115577436,0.6713401726841776,0.47326164935159165,0.5190614405705939,0.5322159189958401,0.5741485686916739,0.5190566172817106,0.5319085470440716,0.5868209693126776,0.5561789004167839,0.49575778651729696,0.5058120695452093,0.5683910086681351,0.5882132724132628,0.615708382804471,0.444790755803336,0.5755723060627179,0.5205369247396826,0.5475609142685369,0.6226962245727165,0.5556239361173251,0.5205702699528231,0.7009082396883646,0.5974883420909671,0.4738298003085396,0.5720092225273543,0.5409727729874415,0.5081721115644081,0.5733792757447069,0.5916381678728239,0.4370008083229427,0.5458131737922234,0.4325318925416127,0.5089929472842227,0.5608672381545169,0.6409705049787455,0.519716933110026,0.4879109696284272,0.519973215776248,0.5616696985654364,0.49560329399953756,0.4989133092452407,0.6720703742349028,0.5565393454790095,0.4753861259932507,0.5614567801577676,0.5561701893781589,0.5043952198889464,0.43880883858993874,0.4810948454195339,0.5581098804136296,0.5541673495118947,0.5012585500215276,0.5223743730313785,0.5454836994200607,0.47258355656813544,0.4937311020985374,0.5439699000566116,0.5500683288130126,0.5786313910164312,0.5030390567637745,0.5728275005669402,0.5302077713045839,0.5629763631133683,0.5413061359754343,0.4682993919264608,0.47429666091518574,0.40308126757963664,0.5890888641369316,0.5015028022743488,0.4571211136913739,0.4993354228713686,0.5005243300060306,0.5285770563709957,0.5540750431077451,0.5739390179737265,0.5015619455825227,0.5887862273113948,0.5715892026708626,0.5716404780099907,0.5209028070206497,0.5562497020605462,0.513568278564435,0.5681940647456004,0.5970531929754185,0.4759096716839006,0.4812115535322238,0.5328057989433008,0.46482964817652445,0.5307046845118554,0.47811660836812153,0.4596546846890929,0.6098669340185082,0.4444485112514472,0.5864965131769647,0.46155830122841357,0.5319195232257625,0.530615494400533,0.5449619050719263,0.4592565690482191,0.5145976582559059,0.5045848690234807,0.5014075901626265,0.5648044358233728,0.47509133151387267,0.466339726372178,0.5451399456490852,0.5537457131339567,0.5275602103625613,0.5920496570265559,0.4711362044263845,0.5819018788399456,0.5140806825880824,0.5483196272465589,0.4374167958667977,0.5234188250803753,0.5498769355268043,0.503722502075371,0.36043515021769534,0.549040939589477,0.4801841766443483,0.5673202517108249,0.5246725105213946,0.5579276864144656,0.5871649655344364,0.5498353604581894,0.6256100009581187,0.5750943580847407,0.5019223230307219,0.48944049824242614,0.46347989602373674,0.45038765946514775,0.5782201672410788
0.6480073946537575,0.5702894503018433,0.5527907590912301,0.5340400159501411,0.0,0.49900031206893575,0.5474532383137285,0.4370518024549764,0.5653256462730111,0.5878603137963943,0.5640557726397947,0.5229928953657664,0.5296423580851124,0.5295198019363502,0.5719062880847239,0.5383127674728314,0.5655536270842196,0.664037813286993,0.4671718756186187,0.569462351376321,0.5851543185224984,0.611478481778999,0.5051229248947467,0.5309479411666399,0.5979730997409946,0.5054749612043129,0.48289495941758337,0.47175713336681246,0.5239578186908967,0.4997929917439223,0.5354819162856177,0.5107370737650486,0.5110574895742854,0.44777873551681957,0.6378352812920967,0.5419762296988092,0.5491414083014752,0.5566381941278008,0.483251259286599,0.534019606235006,0.538931521214808,0.6001588978585529,0.5285936184158923,0.6509374629895393,0.5014874594189966,0.5485734917495928,0.5443848961992845,0.5884060157458291,0.5691606495573904,0.599241644442945,0.5816260226427198,0.5505801300908498,0.554946275920739,0.5410357018396652,0.5338150199355106,0.541798185506358,0.5741360701052027,0.5141812130837995,0.5756196748043564,0.5274930541894394,0.44552996072416734,0.4495151764957709,0.5115853918633966,0.5204842986884125,0.6014996272819453,0.527679666522419,0.5407967127543467,0.559022250074281,0.5380132770413536,0.47174794364508715,0.5811509284303996,0.5922683238772224,0.5396645785841944,0.5521966575202063,0.5119194553515205,0.5161891020100116,0.4643624440702438,0.6067368586988827,0.46973913405294254,0.4686315130595711,0.5209691895829319,0.5741784626640127,0.5895998092995336,0.4666501138260312,0.5716362859719407,0.535136632853517,0.4388882642570559,0.5378295708247595,0.5092154147707001,0.5200379253263437,0.6777365072602225,0.5739604470493379,0.6230154691262786,0.5146990731959282,0.6551043371396156,0.5709117243860474,0.43084658164052964,0.5192785543350208,0.4830305135637118,0.5104499464364831,0.519605620196815,0.4021652714363436,0.5426484316074021,0.5590096742204965,0.5481827364564746,0.5270449344428411,0.5022152924148052,0.5407362294476331,0.5805563452019765,0.5918414126766275,0.5477569458742201,0.6245438593316011,0.539017220541046,0.5276186397249171,0.5293758631467712,0.5386593629172026,0.5228486328339571,0.5465048853235769,0.5404938475830132,0.5019495893476731,0.6721471980213396,0.4355063536480181,0.5209992204586738,0.5840785992108165,0.5707473523689615,0.5164339644433181,0.47277214030654713,0.4564451496340099,0.523717321068126,0.5814621699513514,0.518382188171452,0.5076717919923779,0.45285361568807003,0.5273287213570299,0.5401106028479221,0.6163778204876169,0.5098466560918666,0.580099283410692,0.5236971890789408,0.5396067237713582,0.5383649791110449,0.5367963453618723,0.607545279320778,0.5774341671112888,0.6158585844018323,0.4952615998443755,0.555511516010815,0.5205892323890852,0.5922101638724454,0.38394708724775556,0.5215555511975475,0.5439740516271849,0.5474135834098617,0.5481073443980456,0.5569007886763893,0.540820835340985,0.4641521111725473,0.5571914997065504,0.5563012311217301,0.4954604403919235,0.5285736245630526,0.5555644003067666,0.5129560847056964,0.6492056468465357
0.5724908581346676,0.5611881299614753,0.5555564115842487,0.5379087526598189,0.49900031206893575,0.0,0.4279285928829599,0.5519160959962073,0.6050726937666053,0.5243865352762997,0.5399355725611081,0.6023671165097952,0.5476231776008328,0.4739451513212497,0.4739577499482521,0.5997057458876667,0.5670500495175743,0.5048105793427093,0.5209271970787113,0.5608239903012703,0.6081070071804416,0.5243862775043983,0.41871760989555273,0.45131736315337173,0.5648333879898658,0.48167996784541484,0.43535605552826667,0.4794780256016043,0.46740485680998173,0.5098902473647582,0.5806819297332713,0.5615675623557885,0.5125320568742069,0.4700502566731017,0.5238087997263918,0.5642085017705256,0.5369480588830915,0.5828947287131054,0.5311572027315897,0.44061544811607906,0.5192945654286215,0.5565470637003823,0.5050254440982601,0.5779598331436266,0.5255451191663004,0.5516356248160685,0.47242024417487843,0.555912454629495,0.4546660225429154,0.5661926893173145,0.5720502213197042,0.5994893924918673,0.5532937666416475,0.5760100305780744,0.5384231427233115,0.5740332124961638,0.5921090971542523,0.6632127941102827,0.4471372971657609,0.5502084233774464,0.569205787559956,0.5313856431016862,0.62224029175389,0.4580923388305296,0.525244246794936,0.5934928658365629,0.5221820608268741,0.4943497028785179,0.4587978819753304,0.5253215008264152,0.5814800946950045,0.49754181121814806,0.5400501440568285,0.5447427429851363,0.6916562314775987,0.5036262959723488,0.484448036921187,0.5124917409015353,0.5241230427475959,0.5120527722087999,0.5891861579216557,0.5919507818774237,0.5710851249404404,0.5617753725863571,0.6227241750684367,0.5840568909465848,0.5415938309923072,0.48375470283990996,0.5765668072728705,0.5971629436728305,0.5656154373740488,0.5713436565154996,0.5508611461047942,0.55332155881601,0.564852201145794,0.566654067801208,0.5764351206587717,0.5534031347002445,0.4652901661026058,0.5277534174033536,0.5070303633457885,0.45828346864561886,0.5059076898594665,0.515267079477837,0.6355085456836781,0.5657512433735222,0.6242861517620587,0.5165487360564589,0.49523304962666065,0.5407247341336119,0.5357673599824541,0.5713152166831492,0.6088427753852438,0.6084745982250771,0.5618866976511562,0.5502042840404019,0.5434042324934127,0.4558550099542388,0.5302716270520503,0.5379865062036724,0.5268939639052254,0.52685345136998,0.5233848186503461,0.5771928819741885,0.5147896973412306,0.546849973658855,0.5186004057387169,0.5164655429106951,0.5643814343531143,0.4805968647552405,0.5861506870755748,0.6935711462502244,0.5264194806076291,0.6085699755401387,0.5543492271170422,0.49603288946638646,0.4942345265594081,0.4526672590921902,0.4393779154201525,0.5608996857745987,0.5141040311907862,0.575701302873763,0.578055022511667,0.6105652210304439,0.5813243602219209,0.4337141036294217,0.5975397763396666,0.545015403046271,0.5564202369100244,0.44002375583414016,0.5687710168783362,0.5285587952982256,0.5195504805006043,0.44714880940605295,0.5951996695879087,0.5585344572619506,0.44434617410239496,0.6122525652481277,0.4529212236886938,0.5022925662839502,0.46912894394997745,0.543502263825779,0.5193656718399818,0.5539069671419935
0.5285621607792175,0.5007658416096165,0.45304023805198634,0.5197879823054168,0.5474532383137285,0.4279285928829599,0.0,0.3824447076615118,0.42342514616178417,0.5656705658697532,0.49861849778489903,0.46624041023790985,0.5081468002961262,0.4973716764505764,0.5172695597511567,0.4692934568619298,0.501859793520789,0.5482708240732034,0.4296389347520591,0.46557768907205066,0.4783543400531539,0.48460218569127106,0.581137455294865,0.5234099172690245,0.5244362784466726,0.46098287204114596,0.48835112598641867,0.47719717869815464,0.49840980255620015,0.436081039079992,0.45396237475216583,0.507882034151354,0.47108846508862084,0.4742653695958532,0.5136519604395394,0.45966524074182186,0.5060331397152558,0.4281503579323624,0.42806119769872164,0.5888152365004844,0.4440489904158188,0.47894765946578377,0.4535613058900816,0.5198050769998521,0.4695784432505092,0.5154887959622967,0.47680837981852214,0.4933149500702339,0.6707309146655505,0.48696114037146776,0.5541388481741832,0.45482284978687954,0.48302306329123074,0.49771418339820495,0.5318696972246092,0.45461841502311545,0.4947178741714108,0.4208810268974227,0.630369946286423,0.5097146731391393,0.41498470670242177,0.40361317454463375,0.41746784220416483,0.44148236944246,0.4936374230172095,0.47209038222375194,0.5428092061999037,0.48951283447372534,0.4566360101575475,0.40227395842839037,0.4655622168483475,0.5133831396376047,0.472634328158168,0.540464996161528,0.4213846875561353,0.5287521898921659,0.4987268336074438,0.5791697316980108,0.3992225554462925,0.4360494704494604,0.42344483985297315,0.4596320823016561,0.4848740654440631,0.3909783440835495,0.47332637336719735,0.42289824782752333,0.38402517471655523,0.53123124988392,0.49334890017936595,0.43960952510196954,0.522882024222577,0.5061460830211124,0.5636757619815913,0.500716679140779,0.5258728035188142,0.4683435385220743,0.367870939783039,0.43979667173514453,0.41479993827971723,0.5408063497513188,0.4830209736672017,0.3829111639528439,0.48924501700055417,0.4481802382529431,0.44744720136769,0.45908691142377644,0.46045525727816183,0.45881792401258037,0.5732431559878066,0.5478766498422075,0.5684618161186181,0.479197502463105,0.4915768157120518,0.4358351490085374,0.46200012814769703,0.4763475837095948,0.4748883151650296,0.5482706606173591,0.48664981557400006,0.4227115677692931,0.4997783153114663,0.37451522004625964,0.44515377242118404,0.5462937252499274,0.4415669656695193,0.47979876169379965,0.4407540281265557,0.428220861290725,0.461877836973542,0.49103895058491703,0.4138808510726123,0.406031865430497,0.41469177322533923,0.415121360957217,0.44317072675838287,0.4679224948830685,0.43778802946848894,0.533270980681226,0.47894944853523513,0.4526889065949425,0.4708866665442521,0.4611596557538709,0.5600791270453711,0.4480822500345243,0.49266078101008076,0.47478815478737985,0.41840351755400457,0.4771750825059363,0.4706820937281578,0.33266682435697953,0.4522578715869735,0.46809078548784355,0.47501491102252574,0.5410290512250775,0.4586612243443768,0.4615640629818184,0.49398075532327396,0.4964260358527785,0.5751830502321545,0.550666371385674,0.4762798469750389,0.46040867922242973,0.41891156201307433,0.49575893509372476
0.4993447996097006,0.453426641387942,0.5256636363587314,0.5245229604615219,0.4370518024549764,0.5519160959962073,0.3824447076615118,0.0,0.5159353132383697,0.4476625702924145,0.5452715616495013,0.5249617029061607,0.5503902897042809,0.41417757304932684,0.4874171137877258,0.5740749403097973,0.47275765724925073,0.4750584013897218,0.45308280806637224,0.49330110917252246,0.5002169025477574,0.4965110677043231,0.3880437751261194,0.4272931409383632,0.49038699324561497,0.5113223245061661,0.4529682341531593,0.4461206810709398,0.40773165905326103,0.4552806131860307,0.5549956839550447,0.47373749257119985,0.5156583484703119,0.4256636444000741,0.4456440175996084,0.493625581076027,0.5584890155219605,0.546148774199468,0.542617199135335,0.41464901642008517,0.46939033513378436,0.4276366887076285,0.5391490411373202,0.4885849192562653,0.569188583924868,0.5325581994123977,0.3948948422887181,0.5529521948816777,0.4131118808894241,0.49675538610943315,0.5104353888660068,0.485232653271417,0.42720049959648154,0.5185950419587664,0.5221603824443837,0.4300588733158912,0.5056437175541408,0.6336608412013215,0.39239801523924994,0.48402046447388053,0.6799458200164459,0.45271852642413224,0.6213848785798849,0.39213755994966815,0.4407381101220199,0.5334363192856539,0.5024510133886614,0.4829144741297408,0.4628435997206108,0.6813420600417822,0.5475230128924385,0.4341111305825237,0.4430211286293057,0.5184752251746058,0.582945689320378,0.42453552103389713,0.5052921569972136,0.4483178726183076,0.5848985358368954,0.40872864773009404,0.4566716271863739,0.5125906567527821,0.4985180704043579,0.5831083992013842,0.4821009774976032,0.5465676930374176,0.655074522591213,0.45075197948687146,0.5195256711107948,0.5323636191800519,0.5006235560486167,0.4387359159757101,0.47673364411498076,0.45534887798498924,0.4527073814937336,0.5172673004061158,0.5421101253913293,0.4375966009559219,0.37693596890611397,0.4687123451901749,0.4595371326675925,0.5699880344076899,0.4580448494388433,0.4666173674843366,0.5441451604099622,0.5441026186424727,0.5567452985729736,0.4438905182378495,0.44965980595162874,0.4466398513602952,0.4515060641949077,0.4815992758155177,0.49553505984564494,0.5309339435341348,0.5356481334102309,0.48481605240382936,0.4229283148907413,0.4307399892510256,0.43451833089918546,0.4451897370957032,0.45866880963327555,0.6522470012858919,0.4146837252201845,0.49993827650801526,0.4081828053101428,0.543112347103038,0.4171653584834513,0.5873048166869733,0.46970383190150095,0.4791828631331422,0.45628096651468925,0.5626010715554042,0.5770937873315335,0.4812001401997178,0.5457583488502328,0.42393510859554867,0.4567707189459644,0.4357088254461577,0.4636141617328238,0.5448030066234725,0.5221921675291469,0.44698774796420265,0.4495407808831799,0.4836180290698778,0.5059938422539467,0.39753243301681385,0.5326609531666461,0.48553972081665714,0.47130815016142796,0.3667512213984506,0.5754258418746259,0.4246405876823007,0.47215235280473883,0.41253426309873953,0.522237487657734,0.6084739274786543,0.44515261204416606,0.5414544891016743,0.4207954015208991,0.43704899261469515,0.41161739512229173,0.4246391609732206,0.43031393662869816,0.4870761156990985
0.5951593970687166,0.5369781066064061,0.5218502819732603,0.49406342603481773,0.5653256462730111,0.6050726937666053,0.42342514616178417,0.5159353132383697,0.0,0.5022166543819409,0.5387570295346747,0.551571037823011,0.5024279719909153,0.47010903676541405,0.5060615882062631,0.5523492178202929,0.5148826843238534,0.537512054173122,0.4907633246745173,0.5636335392275809,0.5634949699461089,0.5527193393817398,0.41406623107355356,0.44580671814984063,0.5551290980801723,0.46241630229500374,0.43835912424774814,0.4436812711412886,0.4652443386972798,0.5486182596441938,0.6222717537268189,0.4998297358313679,0.49374596133695436,0.4195856221593497,0.5526904851433848,0.5320240052597142,0.5358320470112368,0.6439248314273986,0.5416646708098146,0.4274413715938663,0.520434343524362,0.5604838945094688,0.5189389935974197,0.5900111448796311,0.48509102551119776,0.5145224507041328,0.4668448550478952,0.5592178175227215,0.4537456334813137,0.5606539659458485,0.5326326932664015,0.5340180285130331,0.5429886627976075,0.5165959381213924,0.5053981309568357,0.5597418935333742,0.5726414364425725,0.6250822246032862,0.44123309858487836,0.5031474825400668,0.49696903732397196,0.49159608999888227,0.5765900241587353,0.46341278541798053,0.5527649624036163,0.5367750612745756,0.491605266961934,0.5144884588620947,0.4746327843116694,0.546144256675192,0.6055505773883331,0.523725250652153,0.5044036483686258,0.49619755498325274,0.6123649382834986,0.4942442714979417,0.4449777236659283,0.5109153213093799,0.5150895152073832,0.49722231054425614,0.5742326833503413,0.6160110130455467,0.6228391422958323,0.5387052552243972,0.5803737908077413,0.5923128890766001,0.5285450292702762,0.48498463402007225,0.5226756324474097,0.6022276923353704,0.5875955668877259,0.5548459139233158,0.5547550466073314,0.5118987665658945,0.5762682671057818,0.5992655582155424,0.5299492330006802,0.5080037898937716,0.47866593567468235,0.46291708502601936,0.5231087962180131,0.43460443853595454,0.49275625534022877,0.5350255352018177,0.6117290807554016,0.5177954022104994,0.517092567965717,0.5015598019434051,0.47828754692752423,0.507192394104302,0.48552668114834757,0.595080204163232,0.5326720509697233,0.6396609216468553,0.5325756147637927,0.5140328791108133,0.510728694570161,0.4718117590360489,0.4685057366026284,0.5362361090457215,0.5873361942946134,0.5265706488511235,0.4937965689701517,0.5620961182328952,0.5996279563579006,0.5240080804182907,0.46277271387739843,0.4829185485818217,0.49620420943048993,0.5114867780902338,0.61218359469387,0.627289694037713,0.5257047517504446,0.6618761850951079,0.5631994732664298,0.5720670040775816,0.5146438167219837,0.4700733323386685,0.444116233554471,0.6173293955595419,0.5344395568077714,0.5529662252367068,0.5465496215347191,0.6241782952953241,0.6071200314457113,0.4252548093106903,0.6887793531046452,0.5323822560841635,0.5571927174980399,0.42081034540003653,0.5796102816500012,0.5597957582491666,0.5176198368949121,0.43764895222225475,0.5766490759696097,0.5872687783019556,0.43488017203113777,0.5589263457881976,0.4653515706563529,0.465534435918358,0.4680934633125063,0.5805792015939726,0.5615774184480155,0.6200652061314333
0.5875363490240298,0.5872816187567786,0.5662709562197813,0.5561017151973554,0.5878603137963943,0.5243865352762997,0.5656705658697532,0.4476625702924145,0.5022166543819409,0.0,0.5521522219953484,0.5253662375009892,0.5861113324872069,0.5394695254019032,0.5201892380734343,0.5768685803702527,0.6026661671108534,0.6347260930434957,0.46051813459845214,0.5295987182377154,0.5619353068745001,0.5435062567716766,0.5477736263963676,0.5169573937647685,0.6561716082562069,0.5181792574189908,0.5251097985426155,0.5111766640988642,0.5854091979990913,0.5005366316183285,0.5063505795086031,0.5488692752208912,0.5152060291224332,0.4775236777295198,0.5518842835390846,0.5157752063790002,0.5708580668417547,0.5362658523826397,0.45677075124098737,0.5713795467473854,0.5200063080941594,0.5798460818928936,0.5037855812169516,0.5808214368638517,0.5168257095401235,0.5880380706316152,0.5445324406258428,0.5569137831714553,0.5932401129686093,0.5301557066542136,0.5679634573929413,0.5355805174055157,0.5359240628250769,0.5267411738888423,0.5457805801660175,0.5739015508689167,0.5486079841978975,0.5091361586542853,0.5814051827510789,0.5376745680372531,0.4645219276820309,0.4545494594155138,0.4919702504935253,0.48984331310293,0.5189711680897524,0.5350610694668794,0.5736385586196275,0.5563644641633674,0.5309676587518655,0.4761055855507971,0.5316520794932675,0.5724064876477692,0.5227080679606855,0.5775793182883652,0.5232880269679763,0.5679996122321761,0.49086391892640097,0.6882718630407942,0.47644794130287543,0.5169842268534066,0.5537808367311072,0.5051121623805459,0.6109069650982304,0.49191020573564476,0.5679409386564698,0.5264232547837694,0.4411098405948298,0.5299672212194833,0.5863005543233404,0.5265854525732221,0.6027438216776246,0.5499160307914288,0.5993109699110192,0.5187042677853942,0.6124676141153165,0.583212921152514,0.4133012313577352,0.5378261901589981,0.4538300412500537,0.5666452469375873,0.5251514815794256,0.4102910434288513,0.5368566462982465,0.5768305644414723,0.5192829853405962,0.5600643261967837,0.5346356765122866,0.6009438868496328,0.636726109531446,0.6223831717423676,0.5467915573608702,0.5573762210440181,0.5649452084767275,0.5612166488526463,0.54139076396078,0.5690658029015477,0.5668501155677125,0.5374910024142366,0.5721924562975237,0.5174163192846783,0.5560937053144471,0.44336187075699907,0.5141924332770647,0.621116148135419,0.5042785369310213,0.5660203414547039,0.47815444797182804,0.4641979454982342,0.5663591131783304,0.5670569746332442,0.5408932976151618,0.503312022837733,0.4754309162642632,0.4779285699810576,0.4919901521920344,0.5225243521215654,0.5169361040528303,0.5446074058404328,0.5327293316322479,0.528115550752484,0.5589060169883975,0.5425034489092267,0.5935435651546479,0.5262685126247718,0.6135804183606102,0.4825005398892694,0.4877081289471085,0.618192795597725,0.6243427062499665,0.3908971848879769,0.49027297435731776,0.568909852839342,0.49707588370721123,0.5885333196603699,0.5869281339716519,0.5349734162765722,0.4872067920042378,0.6467910705227644,0.5583177070601688,0.5437719297403801,0.6280827125710529,0.5483319243894833,0.5327586821513116,0.5589259597866576
0.6406667165615094,0.5486544747621664,0.5577058724166293,0.635918705811414,0.5640557726397947,0.5399355725611081,0.49861849778489903,0.5452715616495013,0.5387570295346747,0.5521522219953484,0.0,0.6256249640364901,0.6413609250830843,0.4761841226069938,0.5926858879385336,0.6683503070490513,0.5981505665309059,0.6278569757355946,0.538142960044643,0.589588707018417,0.5727987065575446,0.6061433861313666,0.5172580306461054,0.5532596763016053,0.6114308144735535,0.5168398963934205,0.5719743121630206,0.5928944152510355,0.5061869518174571,0.5495574712498164,0.5763772915762918,0.5452654973172276,0.5582981134651022,0.49396356711216105,0.5445700293699749,0.5159634467583324,0.6329623214091525,0.5624722597322022,0.5776014648188097,0.5305863241971718,0.5157683582823356,0.5024632126073441,0.556777380461345,0.574615829164858,0.5803547701766677,0.6083263481538472,0.43409511315947946,0.6350069844777287,0.5618003291536722,0.5570229710029404,0.6120365311203007,0.5195726090290769,0.5032203055366365,0.5996935480184102,0.6430387775940487,0.4616771532124315,0.631609014054104,0.6158920703676349,0.4857116793898782,0.5726357679514908,0.5786622809491444,0.43027775868147816,0.5571473565393726,0.43394026007382774,0.5041192612746591,0.5545011897043293,0.56304289723729,0.5075062299672274,0.510891367896084,0.583295545326963,0.5473067235535951,0.5102023506105309,0.48853507207912195,0.6251713930743389,0.5983362437815943,0.5067832893415218,0.5721349866944073,0.5545355334035722,0.5238575090195184,0.45754123675418346,0.4720322449167492,0.5363082235521301,0.5802740008355033,0.5169245961074691,0.5319701261725014,0.5502777887722586,0.5123987161598111,0.5095717201226247,0.5802118601013474,0.5302042950249667,0.6042522285722148,0.4847757969519955,0.6389932758219504,0.5594534696577337,0.5305999373696656,0.5446972345080404,0.4562731701582018,0.46055275660211104,0.40393438772821827,0.5299764444052378,0.5240751317521635,0.48290016400582597,0.48541720822383216,0.5045416485434431,0.5447289590663263,0.5513176252307529,0.5592735113294778,0.5247502167975668,0.5401014662864012,0.5588504413790891,0.5722839531857707,0.5320202135676978,0.5248071921607484,0.5672187381881657,0.5717469252641413,0.5873518871794111,0.4969911721867616,0.5717414986529883,0.4927893379476544,0.4611702215718039,0.5564353678505015,0.48271975298224584,0.4655565180674415,0.6256685949370435,0.4607209202075898,0.615799362346302,0.4335819214799023,0.5383865034920658,0.5159662693227004,0.527119029811143,0.48567091671886614,0.5250830573882372,0.56907918966898,0.5064671390060618,0.584860866485928,0.48138790532479264,0.5225265439134433,0.526282975053304,0.559497104544523,0.598862543518769,0.5618752284188985,0.4901993512246094,0.5454178666321703,0.5037045861091254,0.5703733703799407,0.4353954808148259,0.5261789358796987,0.5387636718392814,0.5373565485218819,0.3715448700576965,0.6222838535107568,0.5015537711624496,0.6311824058049798,0.474784977342833,0.5675187239315685,0.6138407026658462,0.6094064402431232,0.6080891826634715,0.5419645273158921,0.5338569708607593,0.4558555835044167,0.49112897394868454,0.4486670094678283,0.6475352150772292
0.6078589742101768,0.567132282501761,0.5045705369465685,0.5593771953258472,0.5229928953657664,0.6023671165097952,0.46624041023790985,0.5249617029061607,0.551571037823011,0.5253662375009892,0.6256249640364901,0.0,0.5404181622613375,0.4417824420600137,0.5293595971607338,0.6195345157942966,0.5861926426169911,0.5355718562035973,0.6670162951679056,0.6292330437198698,0.6154772985113731,0.5226314781794624,0.49198413415629655,0.5366631460798887,0.6324595004627471,0.47422714625162377,0.4687508471068834,0.5617757537857242,0.4914953697505263,0.5711115931094433,0.6354387054570929,0.5506493534605129,0.517978658293903,0.5434786542548138,0.5460967793125573,0.5224999973594256,0.5610216498426819,0.5560731939099117,0.6324061174945711,0.4735053903609083,0.5340585155667619,0.5109006741011811,0.5328397916934745,0.6084880022170426,0.5425120344441113,0.595413860638238,0.442228128315332,0.5949937716985878,0.5251960313387762,0.5472500643374942,0.5851821215610413,0.5532737131937026,0.5284484587567052,0.5879361783617438,0.5942058244531097,0.4940310199350268,0.6889205500023272,0.641513185527407,0.4523706825152754,0.570971101456087,0.5406946988340975,0.4414057325883414,0.5506701163899187,0.43408419619713645,0.5189662823405019,0.5709370382419818,0.5046712296985362,0.46075555477064156,0.4391702541990054,0.5208473282887103,0.5263385566462857,0.5041637065312828,0.4758297822070354,0.5475899300597031,0.6033029625072264,0.5416167355430703,0.5027717602760076,0.5297028976115484,0.5511464951046512,0.5115178483001595,0.5105718712706575,0.5454933225405629,0.5811753447415126,0.5122421108861122,0.5814667762526602,0.5659487749873849,0.5036887774807688,0.4742673757331916,0.5949653660268739,0.5589052667538484,0.5466808486425145,0.5257076617288227,0.6155470754372983,0.637866822975426,0.5165450733627646,0.5467258865461541,0.48981699504455106,0.5110700088021282,0.422222438526218,0.512522726440513,0.5287881875669663,0.4585530774933348,0.4868364619218914,0.534315352158223,0.5550945894497137,0.5486228820720837,0.5873162579553918,0.5405615565790164,0.5131077319761711,0.5926141165715518,0.6142884192310413,0.5488492222213991,0.51174040105734,0.565999493293921,0.568481942506408,0.5653767059028724,0.5698178014978283,0.5362269085807888,0.49310067698436183,0.4620516591826362,0.5481187174470283,0.4709892978834558,0.5110960157813575,0.6515770888717174,0.491503141744187,0.6156412655289059,0.438744597427812,0.5158485173094749,0.5495373704501916,0.47634081382401333,0.5123472429475665,0.5453741132162978,0.5393660366769264,0.5547204063856226,0.6020017462428471,0.4924529494030642,0.5772889728295149,0.48537259022982837,0.4865850852816687,0.6522658236536221,0.5142831353169879,0.5068019656847936,0.5587960611762279,0.5118437455894929,0.5878294798328825,0.42592480029459945,0.5530780268348254,0.5439693249414277,0.5688746473110363,0.4026201718572445,0.6725734419359432,0.5455893088039064,0.5988793522417635,0.4383170868223976,0.6362715198389538,0.5749653547645402,0.5309326757671358,0.6183535789502651,0.48893465700555205,0.5187789536797247,0.44533501032076406,0.5458194350103884,0.4814004403827168,0.6278677215289189
