0,1,2,3,4,5,6,7,8,9,10,11,12,13,14,15,16,17,18,19,20,21,22,23,24,25,26,27,28,29,30,31,32,33,34,35,36,37,38,39,40,41,42,43,44,45,46,47,48,49,50,51,52,53,54,55,56,57,58,59,60,61,62,63,64,65,66,67,68,69,70,71,72,73,74,75,76,77,78,79,80,81,82,83,84,85,86,87,88,89,90,91,92,93,94,95,96,97,98,99,100,101,102,103,104,105,106,107,108,109,110,111,112,113,114,115,116,117,118,119,120,121,122,123,124,125,126,127,128,129,130,131,132,133,134,135,136,137,138,139,140,141,142,143,144,145,146,147,148,149,150,151,152,153,154,155,156,157,158,159,160,161,162,163
0.0,0.39148990417752677,0.3356651425808554,0.3460333706455255,0.3307327860367624,0.32255189024031955,0.34253273543147106,0.3514949607493942,0.40417823331789127,0.3639850622526611,0.37641474395259183,0.3378076693499339,0.42018309460046427,0.36303833327515744,0.3508944255039759,0.3588728192752522,0.3838916964929248,0.5667872584570962,0.37576646345596343,0.5168316490887892,0.390919669667992,0.4247921787342099,0.42767773098521206,0.3278889527939687,0.44274268053879196,0.2983581971272343,0.31171762948619886,0.33789676163667715,0.3228849234394845,0.3022703441868059,0.37176960604887177,0.3884622072888174,0.34181489276728866,0.3615495338402628,0.47207261701773284,0.4456241935265726,0.45389054074192026,0.4483929929887212,0.3001164887735498,0.3741106679888733,0.33816248653427017,0.4067061961749317,0.4358999024872018,0.3672111883775313,0.38502363326828515,0.41536530164165775,0.32608308781819817,0.36414090888205825,0.48527608890134755,0.5167588424267187,0.41573958847630926,0.3818333700270897,0.4177015948492041,0.37427635185294955,0.40667570963618865,0.38770020508888353,0.5080680393091572,0.3463720207303891,0.34057443492500855,0.4727000252238725,0.33455875095995025,0.35743364314987985,0.4077044440547197,0.38389414098913927,0.41866140958294024,0.4000303913389499,0.3300647030406772,0.35402932149161337,0.3386655423444086,0.4206822590822069,0.49265708229760824,0.4282217475514975,0.35315854595513324,0.37881679211100217,0.36731244352592995,0.39469603124699026,0.30233398575256476,0.31689438769008604,0.34942730856910653,0.24863070551373787,0.30442187881164495,0.5147047732733607,0.3256254820957723,0.3405957382503319,0.42075336228799054,0.4151528888148493,0.3814582473729818,0.38993286278582073,0.38147204706730753,0.32655027830153266,0.4591540029958358,0.3954008750080917,0.4736613003647845,0.43148000641121864,0.4545110400048374,0.35682163651242615,0.3118043502957958,0.35272606402990136,0.4013836136961189,0.3380364502896449,0.3481439849882582,0.3626420139140595,0.32094971681969225,0.33500812323458556,0.49704610335902333,0.36794615644754,0.3622479943412611,0.3797323555369771,0.37443334019545294,0.35641686158732944,0.374012590966253,0.5181639135738189,0.3755938924358451,0.3199450734032472,0.4249149775310562,0.3550382825786626,0.3692697655394145,0.4485390071380754,0.3101932860863991,0.37216489233590516,0.37535039402516357,0.3339106609516159,0.46345097785309575,0.36058129167863173,0.36427432722819436,0.308008497318489,0.32457086792302103,0.3298655999520372,0.36694746772503023,0.4410431843925457,0.3144458299915186,0.3279009162856315,0.32168667323571376,0.4169990553977348,0.3742795280531019,0.3397063165525429,0.3443136023010729,0.40274147584517295,0.38789250870503506,0.41854218609968347,0.30868939435633597,0.4330301548321063,0.4638746511850997,0.4202839377836831,0.39799859127414505,0.3651844349990831,0.3675023045767722,0.27878879981213817,0.4366130856435319,0.27664210741408063,0.4203250372830613,0.3514624668526499,0.46706199946617327,0.27722033951324454,0.35522203697796934,0.413141014512002,0.3636509252548974,0.2939556928129825,0.3494806851992678,0.37584396362909805,0.32014248262673817,0.40697501905486694,0.28765660479894556,0.46935696291463697
0.39148990417752677,0.0,0.34088114224423965,0.40926852482775133,0.25835230496966133,0.3986964127053641,0.3395784149567042,0.49078388014068974,0.34131080922127194,0.45254252937845674,0.4016048492286156,0.43001666005615047,0.38581695313902425,0.35098327174905214,0.37353809635971036,0.33660876930528233,0.33698754682530146,0.3971756588431755,0.45472994185681126,0.3955593928358195,0.39327913625961136,0.4131869475224529,0.4343012164134457,0.35833387113059,0.48932079351722874,0.29304743074971856,0.31614720231502447,0.3483111780952753,0.4689510711136809,0.2994130687643461,0.3953916959993416,0.3502749896406435,0.45346064875466446,0.33306975342421324,0.34235985994429463,0.41349247187873195,0.41671001146439746,0.4325012291683063,0.33802698962884675,0.37348788531659183,0.42198698429056997,0.3423078360581073,0.31454189126537385,0.3192418662585796,0.4377962146828834,0.3906661760242234,0.30033975734598256,0.3224602194861621,0.41563248254187846,0.3488170134057449,0.3668046491058576,0.3516678856999659,0.44369519706741023,0.45767328151702824,0.409189472698486,0.40554946962330773,0.4376193535318319,0.35574785161174766,0.34679347689077145,0.4829849697443625,0.444910170430178,0.3086066444495801,0.35328645115567364,0.2915058932996574,0.31680867819638375,0.3378274891644486,0.34503940097724745,0.33257927202579174,0.3072839852711853,0.44879480473987,0.3530723585806025,0.35520416191930765,0.2784168809682407,0.38425803434452876,0.385274793269678,0.3622674038463392,0.3086988313641768,0.3641573640860528,0.3903664567231468,0.26138124078677766,0.34039526591812524,0.38675158332396997,0.43175361772776194,0.3990856416018238,0.36951339700510455,0.5552794481531221,0.3943381605235204,0.30514198204074916,0.36620191960948995,0.4267755655099678,0.3240765285571873,0.33894372130744216,0.39318957841878505,0.4218661317840868,0.4024243409412427,0.4753295231296095,0.3584218251340245,0.35264227436721474,0.30045072439195536,0.33975250679836877,0.3838615545934384,0.3362130766023823,0.281253178776854,0.42349935317556486,0.3652143960243468,0.3387743600834473,0.328138482360564,0.4396437110075422,0.38115870780123623,0.4178350403201841,0.3466353987994179,0.3639746539805217,0.34322532429410396,0.3204637485298188,0.48176473176506596,0.4111382879961789,0.39979260890862844,0.3257139708116993,0.3158188545435524,0.33350297701476755,0.32521447339055365,0.3807946057234206,0.40106240113006236,0.4243746049092029,0.34190962394492436,0.4560694724633353,0.2989173994751763,0.39940654849115154,0.4435136745052943,0.3847781126162962,0.3408013653637457,0.33174714987120574,0.36788433402918835,0.3836621346964467,0.4056022746154086,0.31021382406558906,0.35002708543232486,0.34806703203850814,0.40245551177360117,0.40256683203734756,0.40837206541997323,0.3750330145100249,0.4423690830970422,0.3618360922086901,0.41659424279658547,0.30081355495850787,0.3825841537340252,0.35753070390992225,0.5071774578967888,0.29602652512584604,0.36945807409683884,0.436158733716479,0.38020148841489215,0.32617246727266935,0.4172152318162045,0.4650411309198409,0.4582414654014147,0.3698066260244577,0.35004706995661,0.3143919510212077,0.3794139256169624,0.42234377049990124,0.3198494172185937,0.37209551016187903
0.3356651425808554,0.34088114224423965,0.0,0.3184792175782372,0.32323344459742104,0.3769487610934346,0.2953432360723091,0.3347639260866511,0.24973256996644164,0.4090672235728467,0.3994304561780914,0.3154203105967549,0.45752839437028653,0.30198601619960475,0.2722284373715932,0.530249427104549,0.4568080408817261,0.3493371122200248,0.26778013528455624,0.28082014478960926,0.3905684924625519,0.42715086385456463,0.3433777335770132,0.31839613099776937,0.33141965066608503,0.35961431341545813,0.2963230348091105,0.3210302095245976,0.3376424529803585,0.31313041148150916,0.24069622651599445,0.3648761344229618,0.2770521567168163,0.29325955900932865,0.2719467568893189,0.3122513783432218,0.376634034818712,0.3064275775040465,0.25626785605051167,0.3504270650010692,0.2821221015992619,0.3952348802190024,0.31324930022351416,0.2997141106174015,0.3285080664290579,0.3372309135255198,0.3362192289365471,0.3577226747317319,0.32661961131886147,0.3100850778914897,0.34093300743255633,0.38215993095588824,0.2781516978888995,0.350121727744888,0.3400766725322612,0.3201915373135989,0.3061090507283776,0.39514534541353613,0.2705022996932994,0.3413805401719103,0.3312528867158656,0.29619993610947853,0.37136863205152115,0.26344734271651943,0.2517944938157533,0.2940968474495294,0.29402225371205387,0.3652016268150071,0.29952143791033486,0.34166747812830645,0.33805786216960176,0.2648807139616707,0.2891002073361113,0.4323268312654187,0.33449041521027956,0.25854456807748555,0.3834990091306549,0.40550469143137785,0.2594343761320563,0.27374195747707725,0.31425934762016533,0.28486948519467176,0.35473001852091673,0.31702181003799346,0.30684045424822254,0.3241713772774949,0.2921235341353756,0.2454432869963289,0.3064412162438514,0.2632005362592977,0.3809635371246941,0.2551817932916757,0.35732663810096127,0.2660831942241822,0.3223650877244173,0.30052816408191263,0.23636873375597445,0.2995050395739956,0.24840434456461155,0.3069061660896992,0.24334924998936375,0.3215617482972598,0.23418173073230314,0.2730316641868677,0.2962958327543149,0.42510898354630544,0.33603901210270026,0.34918777263194833,0.3456165671534582,0.39144825022491764,0.32173132853287195,0.28729275798660747,0.31192878098339344,0.2807692892850822,0.30265335025320356,0.4169923661832919,0.2811976972106917,0.32817548968843274,0.372861975160015,0.3179097883746941,0.3231109197456416,0.27981649606503645,0.3091384713401047,0.3457818588718401,0.22541084108902612,0.3287528134669401,0.2850942084155048,0.36972764679873316,0.36791281680274457,0.29239398535173866,0.28887081851063734,0.41309796142884947,0.2663272154135257,0.24857551994992264,0.2670324164533982,0.2430439104333035,0.27392040492503256,0.27601226920408517,0.29812189969597047,0.2611466252311825,0.24481322743159983,0.3587765262298293,0.3225842994469995,0.30493870407650797,0.30623513478308834,0.23898511841218512,0.308969778454898,0.3248700794932967,0.3467844466676266,0.26836700002690794,0.23872608242144475,0.250099672602426,0.3060380552383673,0.3510337751369146,0.3109612244657527,0.28688733244057707,0.3433911911720982,0.38999158267117096,0.2346042157183578,0.3403269733592252,0.31784905485216275,0.24796639335032972,0.24984789687767164,0.3273005131201602
0.3460333706455255,0.40926852482775133,0.3184792175782372,0.0,0.24286211733219865,0.33095078227792823,0.34033921595274935,0.3963972346190671,0.27233924686707606,0.4141404481272989,0.3341973280389523,0.31318933961716544,0.39260882979400963,0.36339428949696717,0.33802873761536345,0.3226628851638766,0.3592895000665347,0.3871695178614614,0.33881826093865614,0.3355229248618587,0.3807700131940296,0.32487889036065426,0.43775083733272846,0.3041541351935925,0.43867923538586673,0.34596766251425437,0.3689216581189595,0.36495252048652194,0.3562018190905378,0.2372394249926809,0.30742299740092227,0.34839950724328733,0.44336521395550893,0.3949850726019461,0.341079326759897,0.406913804497391,0.3807004831516982,0.3580292809419812,0.2744471768563761,0.4211418248624282,0.3622679699454987,0.34177206653805214,0.30738649874792656,0.32422702943250487,0.40688632692088106,0.41081800070778074,0.2585212474859038,0.30267021586347576,0.37964161780024475,0.33260692358411037,0.3767586599883624,0.3991320287398708,0.38670923254688805,0.4405340400548753,0.38182656630958217,0.38374524936437765,0.379790971761778,0.31571848192862945,0.34282953756588347,0.4752422378380924,0.4687392013120434,0.34763222598909005,0.3663926793516251,0.28390065136712717,0.32948781413754724,0.3911826800500575,0.4326770244429374,0.2981052320819694,0.30941836472313256,0.388372820797612,0.3338044242171427,0.36228134660822653,0.3272423997762171,0.44028214543021155,0.3504918722651305,0.35663964756756283,0.3686511640926342,0.35870769905501126,0.34525316468182626,0.2527882559425043,0.3206677175702267,0.39923477398617147,0.30406769977595505,0.3884584068988797,0.4620314112366597,0.3811245039187616,0.43507453550899633,0.32514868029708704,0.4057845306906673,0.34101279219559616,0.3274584274579128,0.3440052808929256,0.3442601397307498,0.3683573038514308,0.427516107323783,0.3361387879736883,0.3091552005333587,0.40390241583788244,0.3093983528699619,0.3933363841771052,0.3440195917874824,0.3832503202994212,0.33838964419441514,0.3455512776733722,0.37524016237576924,0.3588038841415885,0.370897556247547,0.3622361750849919,0.39593155417451126,0.34525800203218515,0.3583460483765437,0.3818850345064159,0.43422603071257554,0.33673309203920243,0.4285891994279804,0.346959028973051,0.41141893508698574,0.28645812108608015,0.35243198045074997,0.3897375477232516,0.298047556643345,0.43292392997447754,0.4127695845929115,0.3448891549041896,0.2957233430213765,0.33538167081535186,0.3495836321879358,0.3388122671612048,0.47721532515665627,0.4085584640243474,0.29138535924126274,0.31724187534838133,0.3857818446733818,0.3374344804126461,0.3356744078200181,0.2738707224308016,0.25327245608947374,0.3609116892205734,0.3972997869228616,0.3281257430445459,0.4110026544200505,0.3543364020570559,0.4522256267853654,0.3646501012445539,0.35673793099723383,0.29364977967598527,0.28918508943249255,0.31510182508305334,0.37422784210547183,0.2659228492362696,0.34735576354827974,0.36028027517911193,0.3324776517349896,0.3083179511554547,0.3764363726273948,0.38632850963978443,0.3778027126955402,0.330935788057379,0.4317449268498863,0.3595450437793381,0.43589816232191997,0.3504966238211791,0.3418073580358298,0.3077407465407669
0.3307327860367624,0.25835230496966133,0.32323344459742104,0.24286211733219865,0.0,0.2502905692290396,0.28324966548258507,0.23207096117739945,0.2580841724723628,0.25026269436815307,0.33413797283071744,0.2578520851155888,0.2764603551186503,0.25676304713618264,0.29775561156620944,0.3224792159210553,0.30771925946107276,0.31729980393375734,0.2342661471068887,0.2784037722829904,0.30375852745074877,0.3533641915401997,0.28183509206062196,0.297535532110289,0.2602812973563967,0.27456947318851815,0.23136687123064953,0.23557444782165354,0.2572413913798072,0.27495775856204174,0.26463759559845246,0.2524631208026807,0.24391055600307085,0.2354232022680395,0.3390555242804322,0.2923829582443001,0.31861090449931156,0.27723533104813103,0.27638396946970045,0.2669209035922602,0.25588339641497077,0.3026113233484313,0.3115196551997902,0.33912659183804067,0.24787341712845437,0.25550574262338355,0.29662126195471866,0.37250684046055915,0.3035729406535351,0.3117153361189955,0.29770565083620176,0.2914136312830781,0.25567426219077305,0.27969870436873984,0.2909242569185342,0.24130243622225717,0.273878180737201,0.3052842732640866,0.2349773889394241,0.2741490541278803,0.22651640949557766,0.23331302217193756,0.2930319534311984,0.26504897431917374,0.2736223627878103,0.2300740172445204,0.22863480552032794,0.3024950724874818,0.24285635723679128,0.2710713423278271,0.31732031619595996,0.2776351697927729,0.2311583332778435,0.2766552883262566,0.23920119568511292,0.2314653032531825,0.2648996106764948,0.3652066904284974,0.22407394678161663,0.22994091558920526,0.23763643540630333,0.2879076339802702,0.2942116079034351,0.2260043966947334,0.2464713062638664,0.25417023906088787,0.2450694291046525,0.23768973819929817,0.22909098101810402,0.22357190084205722,0.3735680287724204,0.2546559747435975,0.3543616821886749,0.23770752929866387,0.27647635829605427,0.26451249352456835,0.20893099370925897,0.23107288626694536,0.2645601184437025,0.2197612811625304,0.25018600213739367,0.23802986442254015,0.2173346864480063,0.22539778715773634,0.26726620056011274,0.2812093199859561,0.23636577968515368,0.2577342828696345,0.27405562338223777,0.29025836923169945,0.28304606747196703,0.28718629253783157,0.23622838120885375,0.2319576749349681,0.25269133395259125,0.2737861422851777,0.22743102458983952,0.31505579344344414,0.250686345722724,0.25736418581238496,0.3903345379332417,0.22421334544215513,0.25985858295900366,0.2990955747252624,0.2614925692365993,0.2465768527751419,0.21608370988239453,0.29146029567046927,0.24960277731074848,0.2798580286671916,0.22193383952490403,0.2711134163139435,0.2183348681048352,0.2595335814235713,0.27090563935172385,0.28367221365490164,0.2634101669268804,0.3197079001591577,0.2581882223032588,0.2576806892713155,0.22046060946591212,0.2902449998996274,0.27606610895814687,0.27069094183832926,0.2875268710788358,0.23284217208480687,0.32386704133982114,0.2319208173921177,0.2561809167756724,0.20758710309888945,0.2543696891709222,0.23099067749522254,0.30546042699315845,0.24465953969309945,0.24466114640165967,0.2641331241674748,0.25658993599311114,0.2743986304598926,0.24575278551432217,0.253404379960359,0.2263765821221483,0.24325278729258787,0.20460940188196658,0.3555585993881245
0.32255189024031955,0.3986964127053641,0.3769487610934346,0.33095078227792823,0.2502905692290396,0.0,0.28728789183118714,0.40219592429780376,0.2893051992613681,0.3794613024422787,0.36493770312118745,0.4199541783920832,0.38428682422036586,0.24908084153080023,0.2954211309389029,0.41859822108247674,0.40489595006753454,0.2802376563187023,0.38069340567204324,0.3169044513704909,0.43755700830355293,0.346351977606914,0.29666669975006277,0.3025486961804744,0.39981022651611914,0.28700706725454583,0.2581149915678893,0.3247242961114404,0.3492356926119842,0.32648454032405216,0.3079455583674031,0.41276739288674963,0.3328947706509378,0.30590699662165965,0.2674534533009756,0.301072899990967,0.3586890581214927,0.3169927536786701,0.29245195500134874,0.3053054899990511,0.3235513005996454,0.39119857348955545,0.32525653141484534,0.33588659310479896,0.29351138336745364,0.322842472987717,0.29810009497556583,0.311552867974232,0.29341969959582154,0.3050595714880605,0.34605735187792497,0.41988776317603915,0.32358568295281526,0.3581249616493017,0.31100280818963183,0.4138713170770341,0.3736456147453975,0.4828828841519737,0.24796644725645461,0.31761014741233884,0.3950062277753736,0.33320307247623704,0.43541109370105247,0.23592649395037765,0.2703692356242505,0.306208569913925,0.270814129041809,0.32316358297046,0.2439126153399953,0.3658064403676775,0.33839101700358665,0.25659749484440636,0.273619792924067,0.36711699989770147,0.3877096244358619,0.29690376055462053,0.3471146794163381,0.33582290176047247,0.29450709276429854,0.3568542079445127,0.4802808583448726,0.31746939449908473,0.3809662489125915,0.358892697402249,0.3555061261907891,0.3574560404313919,0.3831719072478919,0.25484599463160323,0.3621410733396309,0.29904428298639396,0.3356966630118611,0.29936153740418286,0.3570358237425248,0.3240128268603765,0.30667935542980074,0.3751097219308972,0.30825897875064145,0.3612547470215705,0.26452167371518837,0.2979450241854919,0.26964193552316795,0.3328695273016749,0.25848957371920467,0.31785859337474004,0.314804412986268,0.40648765211433313,0.3812709409737041,0.4109725795222843,0.3089807156784211,0.3898237597693771,0.35290208998953476,0.2971770997948909,0.35378573386033385,0.330950960687398,0.3296636611532677,0.4234790440863259,0.4003927258948472,0.2915497540548627,0.41533556311436665,0.32380004810262486,0.30632809550416296,0.36551324403756774,0.35420410339144376,0.4068169292061714,0.2908858387371865,0.36658179217001396,0.3255100222730881,0.3357527382701346,0.3704316710907244,0.26744749842981397,0.3533281386655967,0.5402313869659309,0.30725929803895263,0.30855711429134486,0.30152956991072066,0.2806895855935383,0.3252668159369499,0.25837346177622533,0.27613149515076263,0.31574619778365637,0.28759259234580953,0.37045430222629666,0.32348978737628187,0.31184525896838594,0.3514005065153848,0.2575811008298929,0.37513517996921864,0.4079657802903026,0.3819343768516719,0.3256726833730739,0.2998910198633689,0.3316004842621157,0.28907535876741886,0.299274022334472,0.4187067086442699,0.32726645716632075,0.35950751667463077,0.47205059388724085,0.25438718066362076,0.36770105528663855,0.33166139342961565,0.3411160273841411,0.31643285480637523,0.3425246486556352
0.34253273543147106,0.3395784149567042,0.2953432360723091,0.34033921595274935,0.28324966548258507,0.28728789183118714,0.0,0.2700493495027224,0.24868028599624317,0.3069642536642225,0.33120647940104986,0.34763458933102537,0.3623669668074227,0.33404084720067195,0.38972827412419714,0.278201027012672,0.2950176892950304,0.33367993869124163,0.28640110817709896,0.28565874536564534,0.33952731693379584,0.3679343987006772,0.38897573879916497,0.37311304381440136,0.32898620783695937,0.38542142706273225,0.2601626940067794,0.25076137851948604,0.3262166621318629,0.2485713658095004,0.30518246629298984,0.343774474555791,0.38196777628259,0.3388939101086623,0.30080330052270254,0.36824361774852693,0.45442031882472583,0.2835262775925236,0.30925204430010067,0.4052885608149291,0.3878231995214155,0.3065331183574991,0.3896418992923201,0.37349292185848504,0.3915856758543752,0.3571066253976001,0.3881890353040713,0.35156153435305976,0.4685041758869223,0.3493955906432399,0.45100666109571036,0.33079386528929017,0.28859034106189757,0.4270963631366742,0.4273444224272316,0.30790142019568806,0.32243880900601773,0.28013056261530295,0.36056844064696275,0.3502612112303795,0.28309575785958185,0.3240143081252819,0.30420346213004096,0.30566868145319226,0.31553876055094426,0.29664278445983844,0.38304025983903506,0.4528771904283889,0.29844349621677235,0.27705140420174823,0.42996446451350806,0.3118395838988961,0.27752173153570586,0.40521524887587423,0.23524728604388612,0.3068444813197947,0.4133960756201415,0.3668504545630445,0.2805287989465311,0.23765474241587167,0.291531224657092,0.3469189390370688,0.31881256369965544,0.2500670953583516,0.2879791499483773,0.304566489766793,0.2877359143931005,0.35178141245858985,0.28850220247925046,0.2976818068656148,0.37399645965042655,0.39484169282759024,0.37039858381723706,0.3147168769222366,0.32455737427598697,0.39324842594824594,0.260897275642138,0.31894485622303925,0.2988748312176241,0.36170075801039053,0.31924878546383223,0.32690301628194207,0.35381690307011787,0.3041030061144077,0.2941613764181058,0.34417575129433503,0.3032976209514362,0.26978480809143207,0.43987135033294683,0.3786534394732852,0.46089831508494683,0.33545868214837,0.33029081465291543,0.22854537084195078,0.3244886819421612,0.2999359694802229,0.2740851500758682,0.34102548175263947,0.34540713600083356,0.2582614202529415,0.30789907546785567,0.2776230853957491,0.3090051935141496,0.3777306122610651,0.25466811891551216,0.3666319514478618,0.29164976919964203,0.3983938273625028,0.31312924139762294,0.383931643687395,0.22390748088807969,0.2557808676425653,0.25178736799808105,0.27279121017964597,0.3019721186672675,0.30684452282582686,0.3125629664139839,0.3874484430957321,0.3223001439371181,0.33204677901892937,0.3256764585251485,0.31941243454082763,0.355226595249836,0.300184704621254,0.38204471673940205,0.3773371803107392,0.3221806216625671,0.3069970484884073,0.2996595197484283,0.20406990493921837,0.3060853448049038,0.28044450208512445,0.2971568656427791,0.4268438811831378,0.3337470837402887,0.35936366175321405,0.33932008164633304,0.3282469751190208,0.32661809536216246,0.34705317305362804,0.3103827699722775,0.28354836106948655,0.2546938698741886,0.3262427622267631
0.3514949607493942,0.49078388014068974,0.3347639260866511,0.3963972346190671,0.23207096117739945,0.40219592429780376,0.2700493495027224,0.0,0.36590193781641017,0.45344832213663483,0.3231681503463513,0.37407899586794224,0.39360613339172223,0.31533779752446756,0.2971695871378268,0.3709442372422913,0.36652033791796984,0.3496561090664786,0.3971067251756281,0.397460914031021,0.37380546698301603,0.30971325269609523,0.37210500544236813,0.2901446890419787,0.4699767831616692,0.2757445836586757,0.35189758339745836,0.41119956186501083,0.3317229162029887,0.2918827707506558,0.40528403136458246,0.3667527092395835,0.3445183576069335,0.3728818035414953,0.340948823872981,0.3781212991195298,0.3723249922560997,0.43252592656291017,0.3028903685502662,0.3265396635268272,0.3433652926395813,0.3519543292577214,0.297239510151791,0.2863676282247966,0.41308487218370776,0.3695857324800258,0.2728585643185473,0.2843454413966879,0.3501850530797644,0.3164214643111102,0.3222676559487695,0.3396038141279098,0.3926544279567515,0.33750989332595127,0.32587145569588194,0.4282462565109473,0.38238777835085275,0.3893888541725498,0.3271090631440771,0.39604259509261025,0.5390128560090702,0.3139642841160877,0.3428914892888942,0.2979590365290687,0.2904872628172472,0.34646606086406745,0.3591589359360198,0.29776451498101736,0.30815204613866104,0.5582224553437484,0.3167776710667835,0.3449084620223736,0.32036260285912554,0.3856371490541058,0.47593088313556675,0.3669243708413098,0.3252154356647618,0.3095975870428348,0.401380087906308,0.27823293270160626,0.37898017002138873,0.3581862491390251,0.38394549011447876,0.5088419317396361,0.40648430238475164,0.5180689225769398,0.49248924969302443,0.3113306596720303,0.4900848866290862,0.40717345447461734,0.2950845588704649,0.33048645728141385,0.3320178567234234,0.36398844286629733,0.3933448910156131,0.37580886158113813,0.36350931561657546,0.4274669925988934,0.29844566935978234,0.38777528464341054,0.3548863709577973,0.37054460200018113,0.2946067123995571,0.42060503848734254,0.3865942145455318,0.37608043598605256,0.364087585214032,0.507526375112711,0.3225044453084119,0.3604586433704091,0.3048174904037523,0.34345592780567435,0.391019153810166,0.4251926159831219,0.39388974449311154,0.3977446136730534,0.4879740317129397,0.28981880858612485,0.32186331957011216,0.40479430149231954,0.2870597915304738,0.5185794724987552,0.37284190070988515,0.36365583930604495,0.33766707269109864,0.3532456760720223,0.3275254586062607,0.3322902951553904,0.4334497925366664,0.3162383892960252,0.44626550691619865,0.36497042340467867,0.463000606589449,0.36898513960160045,0.36395502095965854,0.2730610541832623,0.32606879457144217,0.2857586933968441,0.3701017330606445,0.3839616191520119,0.365588926269115,0.3402302503917575,0.427582380083664,0.3649555277286271,0.37282456767121736,0.2828291058007057,0.3531974605625841,0.3729315703393951,0.4643973026707274,0.3250037851849077,0.3870088704777133,0.4252933569196696,0.3344644769639606,0.2876701292937642,0.4597667184976978,0.4324910899944026,0.3890257700852025,0.39019740848697354,0.3080344815166335,0.33789192064957274,0.3829981610190757,0.4319985447085105,0.4105542407505666,0.3437415130185099
0.40417823331789127,0.34131080922127194,0.24973256996644164,0.27233924686707606,0.2580841724723628,0.2893051992613681,0.24868028599624317,0.36590193781641017,0.0,0.2753449497802461,0.30532587661631266,0.3126550800015198,0.27086280046031586,0.3318607439379864,0.278397963981469,0.2778829072259297,0.28452113311913846,0.3761609647929178,0.3470089526274387,0.42569145403129816,0.2843418371210919,0.34934880874878294,0.2935251149018655,0.26501682801126,0.33173067987967275,0.22045512318526544,0.31274520808262446,0.3174936031533166,0.2750874715800738,0.34873570463440484,0.40065535111618283,0.2807427586822032,0.28199509539943673,0.26411376634855427,0.375309896467369,0.3133688754771282,0.29008900810019955,0.43253927217459015,0.2886761337038172,0.25131363054320804,0.29286341665099913,0.34985100058035384,0.2936651191290465,0.2757611397294079,0.29645627581679823,0.2751434618723015,0.242529791094343,0.25920241644131337,0.2973003928703284,0.32733126109550903,0.2718039251500917,0.26326506634127783,0.36566675810992466,0.26989316409002345,0.2740037349431478,0.3405283878921244,0.3506169340783434,0.3327022553467049,0.2815346234459372,0.30514732485313284,0.2962886773089156,0.281090968826308,0.290139928074337,0.3342017470914397,0.3321302169396937,0.2827738512522368,0.27868306099181855,0.26250339008458085,0.2821901758318,0.4043616294342074,0.32097812963654476,0.3593343791307821,0.32823151438215864,0.25922193193413784,0.3673923310671218,0.32774476758228777,0.22733507272554834,0.23632364698767758,0.3136901893757238,0.24085171705566566,0.2856526403001903,0.40624785363433163,0.3212808055291126,0.3178409970997636,0.33517403302424637,0.3839678568277802,0.36129116647852705,0.32611919931393385,0.3207501765484344,0.360831474208001,0.3203321026616693,0.36314230784291124,0.31693693778769216,0.32700384341585276,0.3538208121988037,0.3197156878138902,0.36275335760470173,0.31017552702508366,0.39526621279343493,0.26080448964481245,0.3607241658373012,0.2650252834619209,0.28337699668047794,0.32495672752224414,0.39712911461370637,0.2575056138511805,0.2488778532823034,0.33813626541424846,0.2531451266219191,0.2629155894402709,0.2533017855502018,0.3621202526986851,0.28665799968643146,0.41207784672195924,0.3076655591134042,0.30919958015986615,0.34517531436958615,0.3010116546856043,0.2231967161116469,0.3701329332407765,0.30470313201214416,0.33791859949258146,0.328155234158332,0.2862025919373921,0.47957675943094025,0.2691774582272785,0.272160084479129,0.26326943223772203,0.26621058294350003,0.3052353778553226,0.44861050905118977,0.3042918090223408,0.3523074456943441,0.463454468469761,0.331187620121206,0.28503953971112267,0.31431489145059494,0.275276438119522,0.3169283430415569,0.3785906429035707,0.31631093242581293,0.32017622821248864,0.34889311712520343,0.38797982078876647,0.31296956974152157,0.2772057895191071,0.3839871736030027,0.2564984174856708,0.34593077072590894,0.30163976493300615,0.4215323018953453,0.35396329268296023,0.3683037171507607,0.22777507200435895,0.30805854739456534,0.3645544870100104,0.3096709196483003,0.2575389638994151,0.33036184431704196,0.26429594677774054,0.25139216581401336,0.4616930935302322,0.3567978807168516,0.4009813314075373
0.3639850622526611,0.45254252937845674,0.4090672235728467,0.4141404481272989,0.25026269436815307,0.3794613024422787,0.3069642536642225,0.45344832213663483,0.2753449497802461,0.0,0.31360299673735464,0.3154355248373758,0.4433493477806482,0.3330282520633927,0.2925692458135979,0.34875020653433025,0.3781310658495331,0.39597728474599136,0.32247242624670097,0.32973854438263656,0.34086955072937375,0.32662562234220616,0.448727204863942,0.27340233820552745,0.4806503644962684,0.2933978968507629,0.33511637452584997,0.388178903910602,0.3596348042908183,0.24961937783683708,0.3138543341410775,0.39222976550497607,0.3091859678101448,0.3784156367554188,0.33468340769634425,0.3891261565372927,0.3990538712450758,0.3331557623683271,0.2545861923464276,0.3549056668412509,0.28823889483118476,0.37325808253866655,0.3034315575755858,0.2787578332093363,0.40806086777652,0.3774678930033005,0.283003890990661,0.29939455854984093,0.39932500090626377,0.3159167141887104,0.3357885406839153,0.3279216514937164,0.3414296999149387,0.3673280646530731,0.3890442156935391,0.4169295634672528,0.33323372759358666,0.3050160088075485,0.3388721771800737,0.4225389229181066,0.46157003785450906,0.3237109921476402,0.3188267867640575,0.29059454850903804,0.3000706416571445,0.34753284773234616,0.3585164224867637,0.31547777698533175,0.32461125575682137,0.40361308903993365,0.32131955145819535,0.34756916815363753,0.3022172571358391,0.41867946041433407,0.36374603347606477,0.33981933399616127,0.3471685128121097,0.3430200938248731,0.30637101743930956,0.25917303573382394,0.3305778075847941,0.3533878919758606,0.32212160250968686,0.40362172992137224,0.3861072300450091,0.38936195676291757,0.38442995389894064,0.3085199200509652,0.44469943875411627,0.32431225483787335,0.31027671221220576,0.32478605159598806,0.34463247377216605,0.31543977186044164,0.3984508953205579,0.3500195166806573,0.27413846619690035,0.3958526311388647,0.30020340875392654,0.41346778449997923,0.30935354285502925,0.3707706593308258,0.28789526977665186,0.3574356998721124,0.35485294401575274,0.3771335148530619,0.3912844239126857,0.4705861375568564,0.35174226339245707,0.3636737387685792,0.3170190878316582,0.3459314179436738,0.4224921014018512,0.33779107177981277,0.3599354587838817,0.3580102468974377,0.3823786868466392,0.3415040733155075,0.3785150500973214,0.37551693612142206,0.2729236841078452,0.36683111734898405,0.3645596037220236,0.3268600215644057,0.27621100886091393,0.3389942623408912,0.36426182377886945,0.3278456853007548,0.4717857174975759,0.34594885732624675,0.3521727130825929,0.32096421344602843,0.34372777626056783,0.2908843886424614,0.3108567914861863,0.25373771222200137,0.2730034010377756,0.3142765542982273,0.3684308904588754,0.30880018753752236,0.3097553200156177,0.3699410264708442,0.42392478050042676,0.3458288744345047,0.32997421574020364,0.295280288355478,0.2770271326993099,0.35323138812243154,0.484815583573466,0.29270613571751697,0.29460698370797267,0.33937515791099493,0.30510833804731097,0.32100877978966846,0.3532068563660629,0.36565343001322465,0.3296589155174671,0.37070575838261405,0.301303765914182,0.37906826650256803,0.4544957696755101,0.3315496791265687,0.3137347939984781,0.2850643656967163
0.37641474395259183,0.4016048492286156,0.3994304561780914,0.3341973280389523,0.33413797283071744,0.36493770312118745,0.33120647940104986,0.3231681503463513,0.30532587661631266,0.31360299673735464,0.0,0.3995550648130422,0.3713985166751846,0.32142740430556777,0.3280297980489844,0.4506633192603887,0.4539004157008187,0.41029766720322225,0.3502203069675636,0.3453176857828014,0.4326034989950371,0.510291918813269,0.3560506176413601,0.36962046661016457,0.3644008674074016,0.33047996746517233,0.3215694982025061,0.36584763794831526,0.42465320633633086,0.3613680381931872,0.29342860652429187,0.3290703641297363,0.3553528816061102,0.2807452214198935,0.31775439289848456,0.3619781266235908,0.41433619330045196,0.4061571662958105,0.3384810588860959,0.3464201477022186,0.36798385193898697,0.3752177737620303,0.35298336738448605,0.3742695883888446,0.3226234087849753,0.3331639905510851,0.28378246728368794,0.39257591030840555,0.3764917900220769,0.33700327734012236,0.3860554518524581,0.3668072539568277,0.35239529199244235,0.4373656650735482,0.4049598687500686,0.29311216144773367,0.4173109825998825,0.4588400918874968,0.29683199009246564,0.3724060512142056,0.3469984718062289,0.27171980993090683,0.41846164591252955,0.28967525310707753,0.2674614533676052,0.2826704302277964,0.28462152056931067,0.33215068120412294,0.3292937182127709,0.37960269458400775,0.3582447316268479,0.2999170519446186,0.2809246718381645,0.37427370072269767,0.3699816296218894,0.2951463428453489,0.35820609858131913,0.3744919229682428,0.30366982897452577,0.25936481328340605,0.3213764108972159,0.31251740993308963,0.3693518433542608,0.32552990343869537,0.3099435957779767,0.3581456034182507,0.33123014771834686,0.2710088919620644,0.29095817864395285,0.29378264797080417,0.4985078839095537,0.27087904878743213,0.4726083661989889,0.34512711634449317,0.33408785544477254,0.36847776667925797,0.2823364283856996,0.2717653794838566,0.27157925142775075,0.26959599033378717,0.319087361213746,0.30905369450160153,0.2533802092879467,0.3030233669924234,0.3331981024724857,0.3397698229780397,0.296432195422292,0.35422583873836183,0.3423006582203166,0.4096855159537896,0.38141508973707966,0.3285494810550422,0.2858452476413584,0.3128314161065521,0.38465004096324773,0.4149992682793631,0.30771311693479614,0.346022941860387,0.3295799167866718,0.3253659601239361,0.39597188951533735,0.295734032896899,0.3298404546862728,0.4136133683380238,0.2785725612771131,0.3953047180069529,0.24906407302572148,0.4021831280064643,0.3504599379983677,0.3223404839827734,0.2921525146456908,0.38462414664500993,0.30643016976421716,0.3262686030934376,0.3462975401377956,0.2997052892335905,0.33428681651175207,0.3147523062023198,0.3469207998083658,0.3318465686578295,0.3171662711881541,0.3710228473203969,0.3204136323864133,0.3362172111516054,0.4334693746124986,0.2561928331142115,0.3576992526138821,0.32355184992216296,0.3532824252849797,0.2988649793835456,0.32478111555060546,0.3171933078208168,0.4783725628267422,0.3075381129101049,0.3368917510036383,0.3545800085150544,0.39623853513734075,0.3459974086822159,0.29872657502520344,0.3110635720460432,0.2974706436994331,0.32730439316370824,0.25615280583065647,0.4752788079297598
0.3378076693499339,0.43001666005615047,0.3154203105967549,0.31318933961716544,0.2578520851155888,0.4199541783920832,0.34763458933102537,0.37407899586794224,0.3126550800015198,0.3154355248373758,0.3995550648130422,0.0,0.30876830102700337,0.24262912614889565,0.3289632393448936,0.34422685796998015,0.3285581119467374,0.2938934131530547,0.45191694304879887,0.3312570560368054,0.4533700614423704,0.3570501569991739,0.3179500658120591,0.3662773993677094,0.42665699867520285,0.29774254769586794,0.2515920987633405,0.2682653880553247,0.3852658827129233,0.3543355237713706,0.37298236260480044,0.3287144876947778,0.36856261341840724,0.3230201764162853,0.2803528962054135,0.34131021357125446,0.43294865842257285,0.3669291394533743,0.40025238768976334,0.32105808552481074,0.4193051298162792,0.331249544761786,0.3777040343794237,0.38364813650903823,0.32968867728512585,0.3389128928112396,0.3373513524972192,0.3708069076822747,0.33900669724599813,0.31398497497306893,0.40625949120408816,0.39032515864765366,0.32267064554959873,0.42338908895477023,0.3974990921361151,0.3534108361135266,0.4109111162846861,0.4397931493713539,0.261114124603735,0.33524103028674934,0.32290067887445406,0.2910924492001641,0.380653196120355,0.25286291404990907,0.2841895551587421,0.30780358674386893,0.2704854391844583,0.3388949051099535,0.24221098226363816,0.35110639209556205,0.37297868318182836,0.27643413546539586,0.24471774063128007,0.32542440195297356,0.325001286928228,0.32246734793994103,0.3184868296128456,0.35046135663085887,0.3483673213655575,0.29544074102191803,0.3965012268875949,0.3455686515107632,0.4409921435808613,0.31086460377099745,0.323891496022447,0.40379194501833077,0.34161926789418867,0.27011784715017734,0.3228302767004809,0.36787400932440417,0.3486332302430785,0.32249307639145547,0.37643028435502585,0.38338182215765687,0.3018560529689432,0.4909388187501029,0.316845180317594,0.34019674126944827,0.26035677380427935,0.26798229626901837,0.30494071121980126,0.32979286673352415,0.2860513093189481,0.4290298620953615,0.3094498109976465,0.3526330851589321,0.32659138994106146,0.334004961464479,0.3347354733565142,0.45113512466543887,0.46071520468584637,0.3343626001431357,0.29162087233633643,0.2960901550030594,0.3537963860554737,0.35381820498775757,0.3432510144075482,0.34259295509067234,0.32938355172129086,0.27407134753793994,0.31265795694775256,0.34972591901056105,0.34282363513711683,0.4337226302757539,0.28256157761986195,0.5057352981497487,0.24927803025268438,0.40624872849180854,0.3716074336436619,0.2960791025192469,0.2984399414337784,0.34022147364093563,0.3014889987087429,0.34865565575354956,0.36030292551928167,0.30218926146526187,0.4352078361270329,0.2984578832596717,0.29878602275585114,0.42193115269409903,0.3183981397118644,0.3315234260691902,0.33553606010753867,0.31151260550581494,0.43296894336325986,0.302811359053479,0.47289563771695475,0.36258057304143315,0.4112487687802434,0.27881848738046966,0.3663437130146348,0.37859095261344905,0.3234619638531052,0.31302676542718316,0.5020808634537831,0.3734704098413684,0.3771895326376324,0.39781242844951364,0.2751958131837549,0.3054874256178093,0.2768072290339657,0.3619345539956691,0.30603326838802547,0.4066958192749335
