0,1,2,3,4,5,6,7,8,9,10,11,12,13,14,15,16,17,18,19,20,21,22,23,24,25,26,27,28,29,30,31,32,33,34,35,36,37,38,39,40,41,42,43,44,45,46,47,48,49,50,51,52,53,54,55,56,57,58,59,60,61,62,63,64,65,66,67,68,69,70,71,72,73,74,75,76,77,78,79,80,81,82,83,84,85,86,87,88,89,90,91,92,93,94,95,96,97,98,99,100,101,102,103,104,105,106,107,108,109,110,111,112,113,114,115,116,117,118,119,120,121,122,123,124,125,126,127,128,129,130,131,132,133,134,135,136,137,138,139,140,141,142,143,144,145,146,147,148,149,150,151,152,153,154,155,156,157,158,159,160,161,162,163
0.0,0.26928778080977167,0.27623770850558516,0.2280326346979851,0.28677476902236,0.2710316723814702,0.2511573890620362,0.2799402719917225,0.31394052064521916,0.25338465326137233,0.30011378587176185,0.2476389648536941,0.3607433671668079,0.2521978808562132,0.2622513755840206,0.2977100176201212,0.2971481726280778,0.39560002784729126,0.26760473592306194,0.3976092161081454,0.3199927348038312,0.29685930836673863,0.27482692810089837,0.2830542157091013,0.34552774434676403,0.2575981352730591,0.23344093103519054,0.2988594364870409,0.2051228415362302,0.24759889830507575,0.2958942914212344,0.30015464943575565,0.22542848853628245,0.2777511530767107,0.3686050845888802,0.2533438046809413,0.3787387104375219,0.30694573149940635,0.22201096456231692,0.3003643833002893,0.2390800358300001,0.30170905376698093,0.2969908096197125,0.3006770440000724,0.291589146932469,0.32365785124989976,0.276550414680242,0.28926704420529453,0.3509931276395361,0.3147751471225577,0.31391296854903117,0.3257851153045182,0.2474207806452547,0.24474978023133492,0.2402562095336836,0.2905367906630488,0.3780204219676602,0.2738393920831553,0.2597597407958031,0.28665827352239664,0.25708383114369476,0.2178197294397501,0.3106509890035943,0.23119076663475638,0.2762778588162232,0.3097225980469635,0.29252686854622073,0.32758021652622576,0.2538192097545732,0.3276227626804653,0.42626091037955505,0.2832338708575389,0.3118915153208935,0.29860050846183617,0.2958312444918057,0.3397061803095505,0.23814080358275141,0.2611712357486978,0.2729996234242075,0.22605561284281434,0.2814775893038398,0.35075238038872436,0.27653025482332666,0.27952112491166364,0.2955068271701142,0.3499218018648583,0.30397595272969696,0.291379836192288,0.34096167945246963,0.25630278706711845,0.3416724064245036,0.2806649032212329,0.28750629763629126,0.33304431540186913,0.30689908425567974,0.2554424660254643,0.21440719160013635,0.27188989945777353,0.23322444093609038,0.3131016916007519,0.2463267108369862,0.23140688922821182,0.24352681794707426,0.23254821708506868,0.33146130261092543,0.3129791654449263,0.2556079801591494,0.29511473393637944,0.28516632483573234,0.29072176877496064,0.29328378869710603,0.3177981986612863,0.31091030580432044,0.24829250584692353,0.2874002397359175,0.30632787222378516,0.3018630311171085,0.2890404316416287,0.2407176161693631,0.2670681907332662,0.2836850733833871,0.2346120538670255,0.3082944682472885,0.35321197913304964,0.2747446701750768,0.24202235224030974,0.223965388196792,0.2258148289505271,0.23419548017954564,0.29020251130342967,0.24193588875213015,0.26955719222524593,0.24419159078324024,0.29959388533850034,0.27769424178268826,0.26734429500140117,0.2830131170059639,0.28997361981927083,0.26153675492519035,0.2938367539067568,0.2266141374969998,0.2578055615407083,0.333254572892797,0.254493489055648,0.30718848796634296,0.2984026890516814,0.2989940915471992,0.23163053894150573,0.3237444007417296,0.17083296238720802,0.3762319379213237,0.24693998411848816,0.2863574786404145,0.20211027656401867,0.2908129116310926,0.34563113684615066,0.28380779607779627,0.28285133269802265,0.24902738474258032,0.2937448457935763,0.24187054762176455,0.33714546154989977,0.2247028791901544,0.40742569907012904
0.26928778080977167,0.0,0.3103106245284633,0.24487249203446534,0.23819584695469131,0.3331669190434125,0.2780407276797144,0.34449830617210764,0.25457003867314687,0.3655164149364997,0.2968997304164558,0.31323589544897423,0.29094177987789693,0.2654860524675647,0.28779691414952624,0.2766259388937579,0.26259458807508895,0.25313023387368566,0.27252201550833866,0.2624985470441589,0.2735147651092562,0.3668594698902036,0.2720778328579832,0.29820468351762597,0.3305422528363849,0.22253523752207688,0.2388310327963553,0.2756081048561758,0.31976390338157623,0.22977496695497118,0.3250636145795309,0.2809495997841671,0.28532921790443505,0.24334502117233034,0.26983334840512196,0.260375362345016,0.28533444878018266,0.26128817846282143,0.2681885400245813,0.26818978333682164,0.2852108763249329,0.2817597987685421,0.20574780127061285,0.2476898086454495,0.32448938294165686,0.24847432440611267,0.2582190034529717,0.24215680800133005,0.2894543402379844,0.2298086866356967,0.2583188563950769,0.2564081780987592,0.24964706384521532,0.32434689653696497,0.2888339220257781,0.30148530432421655,0.2562956529218676,0.25913674380316326,0.25933044510393605,0.27316965260105386,0.2959624542703475,0.184324451305159,0.229822727288899,0.2032700947309309,0.20586318086096167,0.21123410136764761,0.2548342536423676,0.2647945342782756,0.21590443971060921,0.28984138319067715,0.26896486852257856,0.24105852190922608,0.2084303891863975,0.2803404249544661,0.27837511167958734,0.2555495103021795,0.23727713705337417,0.3305784256930079,0.22311361517036835,0.20646023556204643,0.2541589952747245,0.254742078827281,0.3472129580639155,0.2527377155956798,0.21934121329272843,0.36891176626620786,0.23452651701678637,0.21452067159959248,0.2690075432805324,0.28453687684959317,0.22751526796628208,0.2612770733385793,0.28898090639306495,0.25484241065238666,0.2544254015526704,0.3582339983336207,0.22981916764876784,0.27471788089558213,0.19388588791278477,0.28374760983078157,0.2561042146124335,0.20884799159887604,0.1799043991389797,0.25339864470663814,0.23310073997268196,0.2489574827753734,0.21593173154935488,0.3205473657100589,0.2673707763735202,0.3321848027390716,0.260574970912675,0.212019485414705,0.24096102305255407,0.22393827980848904,0.25778904004397335,0.34715325839580174,0.26920732730789404,0.22721106537095873,0.2389083329481094,0.23854858317956254,0.23869573553045267,0.22379967022757527,0.230130889775282,0.34712273153276746,0.22650673433465157,0.3613713376478511,0.20479526847050336,0.3024325252635695,0.2886493111738003,0.24833403847615512,0.2706027987700938,0.2484510910944387,0.22237289923281725,0.27125151175323986,0.25533614669854127,0.2217104985507423,0.26881477159302986,0.25675741499908555,0.25465150365605665,0.24372843099299446,0.2542125155788075,0.25892851422585716,0.3084062975517914,0.2373428771782923,0.28338353633631896,0.22130722681032927,0.31704145145440327,0.2696607588562104,0.332958680323649,0.1793159993373755,0.24398966413845696,0.27587849255918373,0.2393404995879964,0.2596699279445052,0.2746248674359992,0.28617672983220027,0.28028842376969026,0.3297973054525875,0.2360527666595676,0.23323447659675642,0.2625142592224833,0.27699140348875423,0.20972081311801108,0.2635659247234069
0.27623770850558516,0.3103106245284633,0.0,0.24567460258988766,0.2650528852525931,0.27324886911491947,0.24936897093769328,0.3124737684054987,0.22316635044768324,0.4155059524353556,0.31711707544555134,0.27263986813983127,0.3368114561222894,0.22760387338089913,0.25962449517549196,0.3544809872150077,0.319966863112124,0.29817598059552475,0.2469644715030511,0.236814887599249,0.3104655484498869,0.3931731199732191,0.26305817829305966,0.26091174969657244,0.30543542578808397,0.23709721090050656,0.25182926019651614,0.2894245135860763,0.24809460726144658,0.23179415808282722,0.2442334332828224,0.30639471391197176,0.2205604276424247,0.2365053742758215,0.22755532458144884,0.23917112359400128,0.2997177920609965,0.24867010570626144,0.23889027171820132,0.28051475339765564,0.22277510090842326,0.2893137109701491,0.23941289498815338,0.227291513350907,0.3096246313806019,0.2709736943771893,0.2263941529219974,0.25414428671147726,0.30209479556737134,0.233166281774336,0.2672634821330705,0.24801301668997303,0.20007529622392342,0.2929194028966228,0.27889729854154394,0.2219011048023177,0.24738031461425647,0.284486177043021,0.26129338654257916,0.2543764429230322,0.2726000833688361,0.1831577437286198,0.24893466186968483,0.1969706226571996,0.2047174596965809,0.23050360912789022,0.24979412563193978,0.2736647746475513,0.26584966829075274,0.31403468198938955,0.2683145211546048,0.21356245392713955,0.2234184236836606,0.38521514911522403,0.30311448658378887,0.21462512066571823,0.28664571748555123,0.2919391884489844,0.21082835938655595,0.18074180606479118,0.23240214480464869,0.2514095630994793,0.2737155872215646,0.23970413814172684,0.224036022981052,0.3059375087256952,0.2283335059611475,0.21267544390370016,0.2742788891377665,0.2077113476555602,0.25711959950175095,0.21101506181950155,0.26557908286128035,0.21033937014579673,0.24431934560582266,0.25141324320077807,0.1920551132675593,0.24125659527184304,0.17330866116032143,0.28070853140595114,0.1997358301549633,0.2560260896882705,0.1855286272169375,0.2534171355079128,0.23059401728146345,0.28961333831304525,0.2474351433083288,0.2814693221241435,0.2610379568785647,0.3021532242078222,0.2602777629205102,0.2086180188368277,0.22932389240473774,0.2305594014195513,0.22301822510158925,0.298829023535248,0.22580707800192115,0.3089092177601659,0.24806097008402211,0.22348135883200757,0.22749735660071244,0.20109918620139478,0.20279141738401002,0.29469341555093953,0.17462897354202225,0.3094606953055979,0.20063559843411033,0.26394085473445517,0.27897768175310317,0.24148832287344213,0.23729802670835326,0.2980229462200787,0.19786970576945823,0.19990383841660103,0.2521422122745736,0.1886551566193754,0.20971858594776344,0.22485600357537092,0.27298918476968803,0.24267824197585203,0.2067115091579129,0.24085578304497968,0.2672694973545624,0.22982332479281503,0.2511809639345772,0.20489173534650804,0.2574215320464292,0.26826626282414523,0.33744385090172746,0.17606456048115085,0.21637979138662133,0.2066405119709508,0.26180586301594777,0.25621229149882885,0.27963543071343444,0.2688127505400081,0.2837908886880009,0.3076245629093551,0.18166317445324037,0.24196993839156042,0.26628080013106326,0.19954174068984495,0.20205551899545768,0.2644661858071518
0.2280326346979851,0.24487249203446534,0.24567460258988766,0.0,0.24042797484675213,0.22866496541094222,0.2971387944271532,0.2473147070909377,0.19789095688705607,0.23473750221535108,0.2730750858179553,0.23291533125412253,0.2438769298069252,0.2545222561020754,0.28217856721652973,0.23279015122367697,0.2658044568117145,0.25952325482788596,0.2522912857606071,0.20828180399109697,0.2940728091802392,0.24364946785944447,0.26359388615629836,0.22833747604799964,0.24311256943417509,0.2842562356678372,0.24628093559739817,0.26208718009483456,0.23589436157343982,0.18525088124202627,0.2268040850472918,0.23372358527195738,0.37954602554194433,0.2384949983785213,0.2467856804783962,0.26316576993042806,0.24729067908358357,0.2642392877576484,0.24190402409481282,0.30399205126581963,0.30435228156688626,0.23439664589841594,0.23555531892850776,0.2803163288779817,0.2466341575332006,0.2651661010253104,0.19049362906643086,0.23273574423757157,0.27424036918121686,0.24759352417118458,0.3375234413933295,0.3018770317471445,0.24307630397694976,0.3567943898085867,0.2782960597558216,0.21276044144185804,0.2812645294899782,0.25442581073121134,0.26638080863393465,0.2806458264405025,0.27753714425938986,0.21180211948703495,0.2850391612708128,0.19676384375998354,0.2416060087310585,0.25116855056259707,0.2950252419345959,0.22236080296199573,0.24244113138918427,0.25394268602947934,0.25983407776634193,0.23949169117226787,0.23489715902410255,0.3507532324584633,0.2566689399000065,0.2210248500509856,0.3143283823339096,0.2946128306823064,0.24566212253401803,0.1898691096985813,0.24837578782967462,0.2914910228219665,0.22266716144563023,0.23974160733371205,0.2775635242010191,0.2528300043170738,0.2516556887642159,0.25793046084023963,0.25714041349716454,0.20568057944520482,0.28515347572364813,0.2526295258512038,0.2583826842890966,0.23612431919728336,0.2948891567113546,0.23200745449644544,0.21449390780403219,0.2468997447371258,0.20674901990867323,0.2717609168770529,0.22910408293978832,0.2544139117265412,0.2758862233881532,0.23472507631110906,0.2622062698977409,0.2448672577559521,0.25543545243426496,0.22117960329633674,0.2802123049999172,0.21484366019782322,0.302086240100671,0.2508461591275381,0.2790602751879972,0.26990057760068725,0.26961470513318603,0.2426191810984807,0.2501234370994476,0.20713277035777203,0.2646982032377193,0.2667979691262152,0.25176369041076857,0.2953226770097325,0.21956347006069146,0.2882188374756747,0.20081147780650704,0.2532770836072506,0.2351183955261795,0.2292072267019937,0.2677604688647848,0.30632387098382324,0.18968291393005263,0.26606273924103424,0.2363187019149595,0.2532707027626396,0.23104942682667406,0.20736041444680328,0.16752474740626155,0.2814842241914312,0.25048389402854243,0.24935894702314765,0.3318811926244009,0.2296414519178571,0.2972421398570103,0.2576954774532404,0.2591311678399228,0.2160635647555436,0.24282822591598335,0.2437593768318401,0.2105973829270189,0.16548937880514283,0.2645514102096334,0.25859726269330774,0.25734226976156577,0.20939008210388685,0.2779694388484245,0.24815172055476237,0.24406430558576542,0.26299262718718114,0.31638272090704805,0.26135741743375,0.28689608253268173,0.23381181801549092,0.2538929324953738,0.24805926222621072
0.28677476902236,0.23819584695469131,0.2650528852525931,0.24042797484675213,0.0,0.20341910962127185,0.3139344873173041,0.23255146028720794,0.23787764131926534,0.251116315911651,0.2803606713653202,0.228930836325455,0.23674250231390065,0.23147558939512677,0.29668715646322386,0.2608085517439568,0.2745752069974381,0.3101788628997872,0.23439810090392615,0.24227530449886794,0.28644357922059793,0.2838526289428149,0.32154391090516815,0.24746911316928924,0.2563382216768001,0.22971310174079804,0.2512842597517583,0.2434573603831672,0.20355610241213087,0.2542122354612187,0.27449371002714895,0.2325693932111519,0.2263878380684015,0.23442821033634728,0.316475179256791,0.2799849140470367,0.2781591720400423,0.2646443765957036,0.26258651354692625,0.25903179029988443,0.25554584682609655,0.29185934523326806,0.26731450037065657,0.274421393359451,0.23004829510671312,0.25180279677274786,0.25505791299135505,0.2565934350156367,0.3389997163327986,0.2768075650253341,0.29921738626127675,0.2393104417166741,0.23403241002922262,0.24549897245558389,0.2523802704157904,0.21571315862952348,0.2464450218505906,0.2898844429127028,0.25735401565879223,0.25857420712003737,0.20390421773233247,0.1971984435818728,0.2370885990422243,0.23797493367866152,0.24829233796314815,0.19941938499117767,0.2277347851322629,0.2555524770122669,0.2458027936516419,0.287764220705285,0.28165624615907314,0.24720155534323607,0.2135051786975652,0.28036336325853883,0.23090613762312215,0.22220837694751686,0.2521235151599907,0.35609507634405996,0.21421920649365414,0.18124531852763093,0.23144326759804204,0.30607534335585507,0.258336663854178,0.20115176274061994,0.22949752707024415,0.2512798670522062,0.23114449231282563,0.2544051405562788,0.24100423248160474,0.20017743907458188,0.3689143148997869,0.2800668573027636,0.32572744759631295,0.20599850742892695,0.2708319908044524,0.22547262050235942,0.1837298743246155,0.2278018398413921,0.23049851016096998,0.23337836764221573,0.22194170992325618,0.22661380636447032,0.23165661003487592,0.22418843172145486,0.2442508876140863,0.24425100487468515,0.21740086214223306,0.2551409705764134,0.2820346434558591,0.23817337904776018,0.27022216889973666,0.26944471312451423,0.218736209378801,0.2561571402413464,0.21718538521026032,0.2345738517885272,0.2277661246113076,0.2737869504840338,0.20682241807108181,0.26005570934815603,0.3051637323042799,0.23347881391685085,0.2042183162954686,0.31682785923978113,0.22046573725215343,0.22438672425561454,0.21149402698407221,0.23504218444211522,0.21568748608639557,0.2603295885449983,0.2169402030770608,0.23988976298781953,0.1916221940384565,0.24499671338700216,0.23489133821060085,0.23700534005751195,0.2043043224937157,0.2944308004102254,0.2432560534162123,0.3061523942391448,0.20081362725835222,0.2375006846660743,0.3103745586636783,0.26999222371297493,0.2679745886811151,0.2366498977512467,0.2940243688141188,0.24683078989397758,0.23675506285478112,0.17147621384653958,0.24771089852443087,0.23609165743905297,0.30614811029261296,0.22759936849031737,0.2644304752634857,0.26653015770974403,0.2201582112562801,0.26296221104189005,0.215705778052988,0.23061705042987182,0.2358821090823557,0.23005309858297435,0.23709751159399542,0.3331107383541708
0.2710316723814702,0.3331669190434125,0.27324886911491947,0.22866496541094222,0.20341910962127185,0.0,0.2238106574848057,0.2921959156908221,0.2392188456615667,0.2665719263367684,0.269744828461064,0.2941817514738149,0.30424845704954856,0.19733405919028085,0.23974146969321414,0.28759307905554415,0.2511213745625434,0.20225477040942777,0.2897333467369546,0.25715164175782623,0.2641662753002905,0.26629388607581383,0.1983653294063131,0.2213175081144227,0.32281818152041947,0.19596364681438724,0.19850336300351398,0.24814119541315158,0.23297144398243322,0.224303597149157,0.2946844096371795,0.3352146376371859,0.24994905318572153,0.238826175124977,0.2369898029299386,0.2219247429029649,0.28058822933068023,0.22861780699259718,0.22830766820090365,0.2049122640371799,0.228998426449853,0.2717907166462951,0.2091904672267368,0.2632230915131606,0.24638934653600167,0.21701957343996223,0.21772281683637862,0.24096568765052626,0.21732235076478462,0.21605616360724994,0.2406827136632647,0.274544286672324,0.2074841495810082,0.27470901034393247,0.23565124850352356,0.3013453326690479,0.2387236974473703,0.32112014154970725,0.1959735136771143,0.21724540114679702,0.31620983361993,0.2047493187688594,0.2547608199336414,0.1747416179708098,0.195951560980179,0.2149497944681228,0.23216371768298433,0.2550940463425301,0.18884154677788367,0.27025225416018056,0.2560112000942688,0.1903949067617039,0.22964589755422168,0.2509328278114335,0.2976117697092715,0.24219890373771102,0.2275320924912607,0.2489359902163077,0.19929021153002893,0.25417227175622814,0.30419362099047687,0.24702439479837426,0.25903386457405075,0.2605425523967683,0.22477552101312245,0.2740447510279884,0.2908339514752907,0.20541395184872235,0.27934643995747016,0.23117088698979446,0.22112450947655063,0.2714995788301149,0.2449632680289033,0.23523170240374108,0.21254458853997243,0.3085788390689819,0.23768966801214422,0.30548779211600324,0.18456794957741868,0.24797658829398547,0.21441632458578827,0.21944536023142533,0.1929403111432711,0.2275219990250252,0.23656839616114764,0.2503852128002103,0.2387837897061176,0.27141826145521397,0.20755619366709893,0.27695432041975454,0.2685947775770125,0.19779321380208525,0.29328786665145495,0.23846709489925152,0.21287663351394795,0.26259095497868123,0.27961117591844115,0.20659002519500924,0.27339644401250957,0.23677030930708737,0.19958314975348407,0.2404343806878735,0.2444607055496763,0.2904900877705564,0.23496035595337286,0.28696580562010066,0.21962368803334442,0.22644836761700254,0.2504631023146775,0.1965835671314236,0.26667424024670694,0.3163255026179112,0.2274476515086887,0.2507846302494965,0.24472605912806245,0.20366913213703924,0.2332413480147536,0.19441343541316128,0.19924957926730838,0.2279330455250932,0.2325945743429463,0.25861625073061006,0.2479597448788247,0.2330224132902901,0.2511582380198311,0.21261272537799555,0.27718565971631787,0.24941179151547568,0.2754075079763719,0.1868349713415933,0.24421874188584816,0.2469327227285467,0.20187330246094465,0.19235008609248735,0.29465192711333765,0.26485764029210446,0.2531436663472815,0.31712164031038276,0.20946112893671054,0.24723751230574326,0.21857136301590677,0.2784011634177236,0.2107722811598269,0.23940965215560558
0.2511573890620362,0.2780407276797144,0.24936897093769328,0.2971387944271532,0.3139344873173041,0.2238106574848057,0.0,0.23297436382706255,0.22093415356636006,0.2646593533541202,0.24119962133781203,0.2612393251383152,0.25151909748716217,0.2534264933694032,0.3619402345683794,0.21345523728112006,0.22573487325371416,0.27011288278272744,0.23276277562963224,0.20812707326566776,0.26017621256882106,0.2959161543785839,0.3412390845035313,0.2839969018534475,0.2709600965790362,0.25855909327972754,0.23823028938113608,0.21774765793481105,0.22441946956316916,0.2097470631133385,0.26947342331700214,0.22886120957472927,0.30726897757724647,0.24564436131298495,0.2473098374735296,0.24311982783114855,0.29126994032878356,0.22608330590749126,0.23720980361425412,0.29581216925389736,0.2913282948314588,0.2657427037076266,0.24838801181511772,0.27269275562522305,0.2835079830907433,0.25872032467384815,0.27848258216324817,0.22599762955459196,0.35043182553981034,0.22894323164054597,0.2978284879336481,0.24449746128304906,0.21771061359018956,0.294111013089339,0.26244504294920307,0.23892625806386023,0.2263701704629022,0.2440187608578701,0.29320597197345705,0.2381815282133248,0.20765432394973787,0.1959567449371497,0.21493135986286188,0.21763525612419118,0.22885952903378887,0.1984364948316733,0.2860450490770175,0.3132704407975072,0.23728737375003764,0.24671513843176565,0.28021412635532283,0.2278933836997622,0.20359971076105274,0.2955203094945237,0.19630725197872329,0.22093827762584403,0.2798044950046245,0.3499326309335529,0.21104833535152795,0.17866738432333915,0.22667997784195937,0.2970598786894751,0.27224136429143553,0.18832094515832812,0.21527507377500238,0.2601079615004524,0.2169700573620458,0.25429188413800546,0.24203628692599974,0.22601774136901395,0.2871620486216852,0.36278588766263353,0.25029599153148224,0.20350253995771203,0.2620960756677971,0.2909090858562949,0.1887375959105279,0.28145524851248904,0.21470880992712849,0.2773828704972883,0.22928522032807602,0.22673617198794196,0.2638316996032907,0.2563600269457901,0.21809012877328038,0.25105178631529623,0.20599235904637497,0.2419289701522441,0.3101138000000597,0.25741407631162605,0.3061100277133731,0.23326397548405733,0.22801493443454768,0.21313073406455688,0.22045768119325646,0.24351031600489098,0.22337193931817792,0.23134105024215346,0.22699244872606214,0.22858079373589607,0.23820580499118282,0.2270474952476872,0.19732877389942632,0.31801150809782075,0.1984882942687269,0.2635340721352214,0.20754357775609453,0.2737007591595635,0.21847366004827987,0.2795947831002051,0.20018428348868703,0.20523357954862054,0.18277915157706662,0.22249163549493658,0.21197680466663468,0.22044687490606932,0.20732826744674634,0.2905250615351044,0.24995609304594027,0.26627123983003215,0.2612931189725824,0.21514442562083635,0.30750749263349675,0.23559021224153054,0.2567058429411607,0.2946181610626779,0.2829451503904595,0.26623076292473885,0.23438835072290398,0.15113053126935602,0.23302284636705278,0.24969972109628513,0.23496851637813104,0.2816769672338129,0.30269789537876246,0.2850242316536445,0.24387534411658132,0.2986219692811823,0.26053248440108284,0.228455759795476,0.2632883706629789,0.2219133064165479,0.2377653606555958,0.25631001481071924
0.2799402719917225,0.34449830617210764,0.3124737684054987,0.2473147070909377,0.23255146028720794,0.2921959156908221,0.23297436382706255,0.0,0.27390569247010454,0.314811912264812,0.2675310685686282,0.3216392842882897,0.3182017177042615,0.21098679259852146,0.26287328058737147,0.3331422205884423,0.31299457207514386,0.26094077409880706,0.2818144845077198,0.2666660194303117,0.31152884171564604,0.2637079889580911,0.26171664294439767,0.25392905461417525,0.32249370573063907,0.23206110474835495,0.2753169545995062,0.2952463384980687,0.21044961426418712,0.26735279698729375,0.35485445608913346,0.3043265534514535,0.24958118459255094,0.2650089033652728,0.2510872085708886,0.2683889592938435,0.31403974437230353,0.3076490054267153,0.272702130211411,0.2642937391411984,0.25887648525532453,0.27694008885574306,0.25253035748311464,0.24046841475445327,0.344438803732045,0.28724938833119384,0.25902922656332455,0.2364048960210126,0.2890590583324129,0.24710695601007399,0.27391769588705867,0.2612771291833564,0.22855256637792426,0.2612827556630567,0.2573122332258603,0.2746725500448953,0.27945182803283236,0.3548417706155659,0.2501580600388748,0.26680772368435585,0.3369723337186522,0.1967357327205062,0.2702193762725119,0.21107221112880623,0.2035215105309421,0.23062368766922645,0.2465308717434034,0.25798865534145543,0.25064428539281164,0.40029778538397276,0.266198206001656,0.23490121742278458,0.22359877717877277,0.32539492738072406,0.35418918313429676,0.24231233050699397,0.28419618660436907,0.28947131505194285,0.2828833428585271,0.19673765790537487,0.25900490092115497,0.26319389527600273,0.32486055987413565,0.29330422872403766,0.26291944811767753,0.40477915085167676,0.31123542374686697,0.23890482883403752,0.3576269524438904,0.2600134734584414,0.24901764175583005,0.24284026871469144,0.27422820180015267,0.23971473725739867,0.2563878297869099,0.2858625679236369,0.24029268417568433,0.29208678484954137,0.18716928361747664,0.299824098805243,0.21972710133822296,0.2911396566407512,0.20286017062916853,0.2579850946626472,0.26915551828694195,0.3156501183478979,0.27563977885950597,0.34293042057977663,0.26516516812734237,0.29246192013092953,0.25259205322546435,0.2352417127740141,0.2504863342411155,0.27660677279534285,0.2559088292417965,0.32925132286536546,0.2870434193522626,0.23879191675014433,0.22740032552251713,0.24781044108513206,0.2370083963541382,0.2988190408933575,0.21852336887828844,0.31890577529642844,0.20102544339418726,0.2792703750646485,0.2125735100718925,0.3220560489023414,0.26815127907895614,0.24633852052277005,0.3058565899585791,0.29511175740321977,0.24600040087349587,0.2313807253394299,0.25318351902715147,0.19778641992311188,0.26574874316089536,0.2381605517671781,0.253326315323,0.2910753994539231,0.22123577780311304,0.2338876399453672,0.30205183914388495,0.24606479364187434,0.2846217738386571,0.24295190385306736,0.34611774076603674,0.28757274459639376,0.3172192860075808,0.18983362926770395,0.2740904004666211,0.26435638158523234,0.2611625261968665,0.2415649684454865,0.34465684284972387,0.3037062480520717,0.26249165844581773,0.3578434856271106,0.19307815733192477,0.24846049868717376,0.25326422024377204,0.24874115436921276,0.2344863425287575,0.2624539245020584
0.31394052064521916,0.25457003867314687,0.22316635044768324,0.19789095688705607,0.23787764131926534,0.2392188456615667,0.22093415356636006,0.27390569247010454,0.0,0.2181899622420768,0.21985797659796616,0.2521792657276266,0.22790871759244788,0.22826557801968062,0.23197451979449354,0.24270162276839874,0.2342185969228972,0.2698483937765955,0.23260018657945097,0.2631153465030905,0.23632212931012067,0.278216631516889,0.21237619359593957,0.21648922392882686,0.24565447921773914,0.1968622898637257,0.23341806196269868,0.23019142870614248,0.18214253770744007,0.35239392664506686,0.3197145836978545,0.253100704609412,0.20689762434201506,0.20890680515591953,0.24541623180032343,0.2024684180658574,0.2435668977504406,0.28205845179164035,0.23479983048051914,0.21588910407447276,0.1995841838806095,0.32003766841667947,0.22460512175041503,0.22123789845463313,0.2384123432916753,0.2332273980689651,0.23205813203458647,0.1962307496320736,0.24105991439965657,0.23427434018335144,0.23530842460570758,0.22297198898462045,0.2371022798191992,0.21195748511805376,0.2023454771882285,0.3176402117171481,0.27052168942819355,0.26124445464814944,0.2102498586580542,0.21608453849372916,0.2125925748596742,0.2144258551265397,0.22561614771866492,0.19719429980044334,0.24378075833735605,0.2197104079561071,0.2375047428374067,0.25788737905029646,0.2053090826278727,0.27557766482964197,0.3028159806823557,0.23213863119675449,0.2392654768652958,0.23142519020336372,0.2704252315867935,0.2503218685714367,0.21091924455681746,0.22102690325896435,0.22825858831151102,0.21159035880529917,0.23089006248488134,0.324411783831129,0.3397595282731824,0.20838803385470137,0.25579387474519055,0.3081759356290171,0.2515158481521809,0.25786120210180774,0.25802791822576415,0.3184135604938317,0.26317128241348775,0.2763181277382231,0.23104415822790408,0.23938441187445353,0.2752975279537987,0.2545251408696874,0.23984820571068924,0.2372826608827172,0.24297383032949493,0.2238615337309529,0.23033597703710074,0.20426198740445287,0.20374172344005168,0.19830684394913742,0.26318321749918105,0.23419624114201457,0.19712354201599744,0.24470927225470623,0.21176930634297716,0.2155672192950018,0.20932303337609143,0.2567959208438443,0.23130398568841123,0.28408187082534747,0.21797417077602396,0.2736754891382822,0.2476650416231906,0.22510334323531536,0.1679655126512958,0.2508923450241155,0.2505668620265735,0.23299461762863083,0.22075733299262473,0.27772348156235327,0.29011787570454933,0.20988258048608596,0.21704652144549266,0.23153453744585384,0.18414786141238793,0.23128152443072117,0.366673019274194,0.27347695150575263,0.22673938383264208,0.30114115237480793,0.21572854460753754,0.21858776652583203,0.25776854241659225,0.21637864471077947,0.2125430817829343,0.28156323400407895,0.19619706289928524,0.23796032979642795,0.28893078432814606,0.26430286371143097,0.24306823164996377,0.24411289805687725,0.3923495372643926,0.2246005888222592,0.24750459527646038,0.17568724854478934,0.2850976011534403,0.2363558398790512,0.24054624875907052,0.20729238198083605,0.23587175018954953,0.2807032264068127,0.22964880160204787,0.25813365732184806,0.21038514174203934,0.24277012712220014,0.19224032855776543,0.28366556796541686,0.2600127027376529,0.2926822257244
0.25338465326137233,0.3655164149364997,0.4155059524353556,0.23473750221535108,0.251116315911651,0.2665719263367684,0.2646593533541202,0.314811912264812,0.2181899622420768,0.0,0.25407234575444426,0.2630408069632712,0.28022142526684113,0.22472395505309004,0.2485958634100868,0.27085959541110965,0.26684050720455077,0.266322636712758,0.2372776265709665,0.21621153504909849,0.26249486264942795,0.2888611647644128,0.29127658624537733,0.24164463790135343,0.34318676422618877,0.21725999256801876,0.23652062735522458,0.26718719949141323,0.28181075863485344,0.21577080423421124,0.2707650698998232,0.27498920250134623,0.2125716809579167,0.23506749051932638,0.2375417336651276,0.23217604625520594,0.28420704402674607,0.22661269385996688,0.21157999359708482,0.25696217207896216,0.21506521142550292,0.2899399170413551,0.2183597374449081,0.2212465244039138,0.2733133056633016,0.24327053167316517,0.2379754322910681,0.23557536762165912,0.3157341808405883,0.2035138887775602,0.2470212169764926,0.23184876548024191,0.19935566521105835,0.266485452593835,0.2765122666799273,0.26572157617884695,0.22303652052951062,0.23802319512147746,0.25991029764474505,0.2301717957802314,0.2593341130802916,0.17922547046976187,0.21838359574218247,0.19279026688591175,0.199057575866262,0.20630766549058388,0.2309652045041126,0.26469394511179134,0.23959619877233893,0.296308182205018,0.243639437467763,0.22932505476688736,0.19714704988425782,0.29568654664986993,0.24961892175178982,0.23102376989003587,0.24899094743340622,0.3045080745428367,0.2017530090273863,0.1908910801220777,0.25363314991148767,0.2396573492165274,0.2981323929767501,0.23473575024685084,0.21613829471070545,0.29066157463030623,0.2299171607271086,0.21694786232831467,0.28219719860435577,0.2161905583434826,0.22969792490116384,0.23030603843660138,0.255728319745415,0.2007357834961943,0.24435375627670972,0.29239340345707976,0.1809338744867683,0.2665229558566961,0.18374862829082964,0.27406954385179694,0.20873457980385252,0.23060385065591082,0.19126654992747633,0.2787692176870332,0.21281967499358725,0.2535674032980493,0.2231125125060521,0.33343713574264516,0.24779217240427967,0.29190561870988446,0.2422716072721175,0.20294625602728988,0.23638332676401486,0.22825808672162778,0.21644881224484286,0.2788217517946007,0.24808399300094583,0.28148647152607437,0.24654755505212442,0.23964319329972048,0.20961572270733028,0.2151119712327933,0.19769055394056706,0.2994968048936224,0.18561269065637276,0.30577716135009797,0.19960447369805154,0.24604744597731112,0.28860534817023037,0.23853068061060254,0.26379812237441036,0.242570876091207,0.20092656795679192,0.1998724574511623,0.22057692476883042,0.19410348608893208,0.2225009678131106,0.23327983852179712,0.2536870520785678,0.23343800148194996,0.219944395288085,0.23760062779072647,0.2689891238647539,0.21303604214612862,0.24649557072696207,0.22425186314663548,0.2431860519392615,0.2815411754839728,0.3705707910731033,0.17254298651900046,0.21060738586760805,0.24267533162325233,0.21870523746440387,0.25857384829713786,0.27593776082640464,0.25919399613171323,0.23215053746402708,0.33468180168841505,0.20058959307024013,0.2460961968127171,0.30641298677625867,0.22806633376972343,0.21916789358228056,0.22993068287914784
0.30011378587176185,0.2968997304164558,0.31711707544555134,0.2730750858179553,0.2803606713653202,0.269744828461064,0.24119962133781203,0.2675310685686282,0.21985797659796616,0.25407234575444426,0.0,0.2630345973510684,0.3089814332807883,0.2502166274906996,0.2523348225386523,0.3329993794294465,0.31052277569883807,0.2966678502060909,0.2773084156651028,0.26910077322510867,0.32358450282081763,0.34357899324125263,0.25079257327355753,0.2734690006174617,0.31178325974711407,0.27958103440454696,0.23733190211749472,0.31280957065644494,0.2768007538351671,0.21984303885729137,0.25287266014009624,0.27332160457902,0.24883058991181903,0.2263281050470621,0.2906857155513365,0.2930031930320265,0.3332010510104928,0.3020715153593525,0.28809583618109363,0.2650261646377335,0.27350210619792553,0.26087400625003465,0.2588629574835989,0.3163811285383808,0.2690540002157013,0.24261476504342777,0.1943997202697706,0.3776343124329357,0.3151279720730239,0.2445672227661251,0.2947470845550493,0.2583698549895622,0.22008373200267006,0.3523152803129677,0.3191664579470214,0.2119148298267566,0.2862420290562411,0.3132242708214892,0.27223252452538627,0.2575641651230856,0.32843601987510673,0.17904919426259094,0.28619959640057485,0.22308859839259348,0.20594924311999355,0.23596266396652507,0.2836740507978184,0.25707372682820934,0.290205048718057,0.3128741846718187,0.28334291718007826,0.23338679418430933,0.264231901431619,0.329760080654419,0.31487018526272137,0.2410550226261464,0.2954691178287169,0.28800100803532724,0.23879260037339828,0.20092063432794272,0.27399355558053157,0.24773755252636984,0.2506495873089847,0.29157258334714753,0.2353334851270137,0.2761028831529938,0.2931175989735871,0.22718331868227598,0.23020893099940248,0.22174348731350418,0.320042306376612,0.2066520066196355,0.3067062293292135,0.2582550253187463,0.25836250293906143,0.27228473489690946,0.21444186020247719,0.21732433137320128,0.19183201053898694,0.24186409137067127,0.2638379447662513,0.25417189978181454,0.21541554200472815,0.22055138674880212,0.2568013535933723,0.227266188686345,0.23345012073788476,0.27777782821697317,0.24633053761376372,0.30402424818887713,0.32922204553579554,0.2422925698569103,0.26842063721585513,0.25965998620156816,0.26478940665079476,0.25720357296989843,0.24616353072730135,0.26498862514674537,0.2815967238757673,0.24514170842602953,0.26901017047190007,0.2258890490522696,0.2459119774593533,0.30330733611178956,0.22532045182471544,0.30803829442863606,0.18829374793441295,0.2511709128793298,0.27829755206322176,0.2608033499315095,0.2069298726318096,0.292801568197231,0.25006378442787086,0.2687830940611422,0.3615122675791409,0.2328815255715328,0.22397569901643868,0.25333613459768506,0.28403352813542765,0.2647360379023096,0.2817543562812431,0.26492797811591995,0.241476313739206,0.2576090416958972,0.36804217715634174,0.20720626329471853,0.24835846997019154,0.24371384350198314,0.2672069712177039,0.19583727460208866,0.3200636907628665,0.24684159313291243,0.33449620945682584,0.21053864427454674,0.27468764479404556,0.3032801186679531,0.2796629706365943,0.28024424258373876,0.24622099049569054,0.23538832266021753,0.2583327854754638,0.27733169536860636,0.2112135352070569,0.3649208424804079
0.2476389648536941,0.31323589544897423,0.27263986813983127,0.23291533125412253,0.228930836325455,0.2941817514738149,0.2612393251383152,0.3216392842882897,0.2521792657276266,0.2630408069632712,0.2630345973510684,0.0,0.22083426030807302,0.17239014142334852,0.2478317339196988,0.26276805265752645,0.24152919322352434,0.21633424720825395,0.3344215243964036,0.23948248395031205,0.30784690841993967,0.25553807894901465,0.24202968703441044,0.24923061448577974,0.3380705143829665,0.2144001991335577,0.21880827650036824,0.22148746960615556,0.22160976559344617,0.2670182081627313,0.3161376991593939,0.24893228594985004,0.2510138820791212,0.2562747455459852,0.22614153080032887,0.25313926711960283,0.26224763316404015,0.25525938043759255,0.28765560283388597,0.2235640075670886,0.274359043085334,0.26017246974277236,0.24124703469236994,0.2688147522956941,0.26194044268835515,0.24236006184520312,0.271643668444311,0.2524137584512586,0.25372627587821583,0.22903367925498058,0.263932209664524,0.2725335717990185,0.19962881493823886,0.29062934411658653,0.2772510537698163,0.24035447875942148,0.2635766787372993,0.35923269802015445,0.20167863688550547,0.2234501409886105,0.21709705848028443,0.17557998179643625,0.24999100196933788,0.19892491656567707,0.19523467753929916,0.2092978901135563,0.2024882071421092,0.2204931694604722,0.20398327770096403,0.2535562828708262,0.2349431604241077,0.1931070411798261,0.1954937711502629,0.23972075787428665,0.2566346431918395,0.21404748559544637,0.21903781082204976,0.2727265100876369,0.2320002292984482,0.17584679551686921,0.22606724212860035,0.2598542931648544,0.27998337233073817,0.20773779601012554,0.23607881053086252,0.30445174026163246,0.22742569129323464,0.2117769078372012,0.2608050674409335,0.24002664327619938,0.2548239263895685,0.270223568422875,0.24377287593917568,0.22540006638432275,0.21168762970316157,0.3611102609657094,0.20595937163543754,0.30011208328956457,0.1799807828850976,0.22367190792236508,0.19192221754450287,0.22913968723537,0.23354700750987828,0.33853658095211936,0.22997641726772816,0.2505743214275668,0.24041224303220768,0.26686222186814956,0.23061340439329608,0.29473073731354027,0.3259912910242307,0.24081603481108216,0.21052660527747982,0.23742714621064692,0.22069451456545003,0.257225226828314,0.24468683945294384,0.2654136274252799,0.24291397292474096,0.2111877756230074,0.21256734888523607,0.2343150953765078,0.20658594716061787,0.2740841025751891,0.18201706946713855,0.3225862615792267,0.18373840851130394,0.28078350381778716,0.2740519494802916,0.21018930527080137,0.24122724477955593,0.23884917355307544,0.1816237806167192,0.23906868602364675,0.24849054880275614,0.18314578202658618,0.2620810544582191,0.22259718660181954,0.22792495108974997,0.27567501429402314,0.20845599062133158,0.21475938163854447,0.2557696506574589,0.2366027985430501,0.27019479523513784,0.27521776072472426,0.3669989573435582,0.23128615914072934,0.3288047803831501,0.18821772975852405,0.2620539616352731,0.25301321694365586,0.24181281076523312,0.23305367936488736,0.38920618632961285,0.23920119145787086,0.21868999741174983,0.31398409238185077,0.1855392474036536,0.205632921407792,0.1932200301760306,0.22757172744900328,0.20966477510090736,0.24578801895132546
