0,1,2,3,4,5,6,7,8,9,10,11,12,13,14,15,16,17,18,19,20,21,22,23,24,25,26,27,28,29,30,31,32,33,34,35,36,37,38,39,40,41,42,43,44,45,46,47,48,49,50,51,52,53,54,55,56,57,58,59,60,61,62,63,64,65,66,67,68,69,70,71,72,73,74,75,76,77,78,79,80,81,82,83,84,85,86,87,88,89,90,91,92,93,94,95,96,97,98,99,100,101,102,103,104,105,106,107,108,109,110,111,112,113,114,115,116,117,118,119,120,121,122,123,124,125,126,127,128,129,130,131,132,133,134,135,136,137,138,139,140,141,142,143,144,145,146,147,148,149,150,151,152,153,154,155,156,157,158,159,160,161,162,163
0.0,0.5421601804782814,0.4503881219906775,0.534398271414882,0.47317062463398707,0.5217564925013065,0.5525042163029837,0.5096793281844999,0.6414206881781954,0.4487481064511409,0.5643195292802338,0.4961021633361409,0.5910707226605539,0.5927206500860984,0.5504102637215773,0.5370828936976969,0.5667463032076816,0.6854125091793782,0.5191988143994245,0.6998508710190405,0.5692382985419704,0.5418484037162434,0.5265804287559305,0.5304346055222404,0.5920313066053356,0.53843588810036,0.4713028148898042,0.5518523712935345,0.41972744746239954,0.5113832268473969,0.5988881873409783,0.5702667413152818,0.5237030986387037,0.5846592171768986,0.6725596520485928,0.5367559185940789,0.6295968964371725,0.6138898353154523,0.5002378231857472,0.5334953295603008,0.51671299111166,0.593844408917918,0.5829272623294846,0.6110973619756425,0.5879377033330189,0.5976296571760575,0.5090057523185626,0.5211180753598782,0.6220057328521185,0.5937024941713336,0.6119949764555427,0.5836335483483563,0.5552320272195064,0.5215673335714961,0.5166077416078008,0.5845645315850987,0.666833953309053,0.5195338184882868,0.5685047854384049,0.5832711124950406,0.5131157963816875,0.5376590948904704,0.585944940878846,0.5271106507158836,0.6107631539480375,0.6260855106808938,0.5994836697390632,0.6002025720303785,0.5358339894898179,0.5710829565342505,0.6863628238615312,0.6086593218317154,0.5979113247300527,0.5845248628192277,0.5557937599968783,0.6257707852420025,0.5282616519911005,0.5026588852396201,0.5810643807601078,0.4896050071169686,0.544954134790787,0.6182863246188345,0.577177881358803,0.5544926307394075,0.5990276150800746,0.6240131900472063,0.5544748724806916,0.5765342587624013,0.5708485283455352,0.6075767973299946,0.5944905320381116,0.5874479329072592,0.5499411250256189,0.6503041041932028,0.6309582896149243,0.5282846700999934,0.502288628839803,0.5578228005945589,0.5550244250266385,0.5711228394316081,0.6028577915861586,0.48085659704686856,0.5373370361179616,0.468716591356477,0.6246318080198826,0.5704217654043579,0.5149241443722107,0.5549685371097692,0.5469999485091749,0.5466482487415295,0.5844101988948709,0.607815565084318,0.6056512654093918,0.5306884980248686,0.6338430982065488,0.5664281247741743,0.5938357530465744,0.4932108189788365,0.502177183110358,0.5506964418751579,0.5891603227519262,0.49010862072776684,0.6311326915640332,0.6295204238267965,0.6013447005935444,0.4894693736443525,0.51109704464207,0.5184881440413445,0.50579626532258,0.5672301027779547,0.5383926669473793,0.5287436986527337,0.5638701999325991,0.6301723358121224,0.5432092253058032,0.588384615452737,0.583366288935985,0.5598856391445718,0.516091668747676,0.5646900218946618,0.5428664964541183,0.5927757472790461,0.6079135093454693,0.5435027842823318,0.6187469218280938,0.5838135506361709,0.5717760117710079,0.5006290721953334,0.5163029126975149,0.4591502739305077,0.6738683743924281,0.5550915564940125,0.5327947480827909,0.46307119939629204,0.5587481801707879,0.6651868088056669,0.5410057213182319,0.5408458479059817,0.5553535313689641,0.580878258558175,0.5034290210591523,0.6427609009195319,0.5067645858957865,0.6981532465724121
0.5421601804782814,0.0,0.5662163693140159,0.5622683357928323,0.45163266002911884,0.5569513069304206,0.5454206056653028,0.5289608481838987,0.5057795004943261,0.5797158449283916,0.5941234494894864,0.6022920771316048,0.5647782819164797,0.5473167761065073,0.5556269354565789,0.5584877740624553,0.6018044814862269,0.5591767241399357,0.5653854622730299,0.6026256532494466,0.603176441373684,0.6601489872117939,0.5272162737739413,0.5912608474117952,0.6248404271789294,0.4732161240880417,0.48597648691519413,0.560729624315915,0.5498940625391792,0.4708746489644426,0.5502723747755557,0.5514605663714975,0.5919927241009533,0.5544219078038154,0.5524271721537911,0.5857879124007392,0.52650078384109,0.5590492491631356,0.5478452721118017,0.5615557985429966,0.6063022790065219,0.5595654333874279,0.5022412357208998,0.5621079879805148,0.5995713765502435,0.5515617359891307,0.48345499684171067,0.512780417810942,0.5738390454686562,0.53794767906719,0.5397799115960614,0.5350078595954141,0.5509458874856967,0.6397017709698308,0.5798730286174246,0.5368556753687316,0.558107817759037,0.5304465113940066,0.5699008422489199,0.5739562081546851,0.5401972026804917,0.4651813903865819,0.5124210299444103,0.5318734124721649,0.5011077377811824,0.5174039244117705,0.5346608020370759,0.4963696589200828,0.5087861153104908,0.5182036947878473,0.5216036039289624,0.5176267610160294,0.48430513952118953,0.5797029663646932,0.5938836163363415,0.5004845338555792,0.5029010531675386,0.5159396683043422,0.5140906615100993,0.43283488565008144,0.5415073799112133,0.5123865607264301,0.5799575815020103,0.543210700014768,0.5058439921668985,0.6231936540568667,0.4638686747977427,0.4699017766433519,0.5255023273464424,0.5600423785868061,0.500133237242726,0.5353529029409657,0.5776819958912136,0.5343035586074072,0.538913234655881,0.5840220669098732,0.5003785769260676,0.5759055342187885,0.4626044199028874,0.5380547072333856,0.5458272966529855,0.4603305819150786,0.4620168297119798,0.559380013270111,0.5142937868474724,0.5316394573426123,0.5374236703380003,0.6202905886624644,0.5745351082894933,0.6289730653428454,0.5850497580254815,0.49807756393274333,0.5034721186211528,0.5041633783621994,0.5346175205772666,0.5500908382137167,0.5563611201977379,0.5201410351339213,0.5771417594453683,0.4847654660572438,0.5038846800867659,0.4422276441192421,0.5236819538750761,0.5771033877559206,0.47435436357326183,0.5990607486441157,0.46719250089946046,0.5352798631599408,0.6750486914461383,0.5354929344118644,0.5384080572696804,0.5232557400028615,0.4655361607985408,0.5247359447333204,0.5840231728431093,0.5093677708514461,0.5619902165145699,0.5264757286761661,0.6058528350989126,0.5344446177856623,0.5548976763408878,0.5723068648284042,0.5706564458499075,0.5433419495365878,0.5928067958064319,0.471055405678094,0.5505951814474599,0.5609670684072674,0.6264820312857112,0.5146444149364174,0.5076674666195188,0.5792083486057502,0.5727292767588347,0.5495608550128261,0.6256390117644489,0.55940661634267,0.5277080494845267,0.5572602570918476,0.517856935231373,0.47259008291568566,0.5431788784040971,0.5110590461932408,0.4806318242212661,0.5325745849310228
0.4503881219906775,0.5662163693140159,0.0,0.4835651031874875,0.4584726784213878,0.5654793045511867,0.4663534168866097,0.5079914866835517,0.42148858174594295,0.5543650769200461,0.5671141787684918,0.5634274572195078,0.5352828040409614,0.45257187527926984,0.4685806276263778,0.6138371592011624,0.5668622387066791,0.4635909257376848,0.475884615225908,0.4703868136417039,0.5715362821090596,0.6144650031622256,0.44099001794528686,0.49788294205285993,0.522769580490033,0.47160987663729964,0.43066944800971396,0.4653095808214432,0.5227258423829116,0.45148357152884994,0.45456884820334864,0.5329518434109934,0.5030070911921335,0.46402601416752054,0.4310289593523117,0.5226626800909723,0.4875817849549356,0.48522288772062516,0.49409641614387156,0.48023600710010717,0.5072713176875316,0.5024598181350672,0.4910074450752908,0.4993810218678431,0.5203845857383023,0.483367205902963,0.47898561205172663,0.519360899723467,0.47268294986575704,0.4834992658871184,0.49923881100629525,0.4961902089271697,0.44509447572973965,0.5743383469163265,0.5478846476049094,0.4613804877223499,0.46958800625323904,0.5604640165472113,0.4673368340581147,0.4812179392082104,0.5062418611223612,0.4481733044794063,0.5133089462307758,0.4567157187138516,0.42221869877273455,0.4566731516749626,0.45777912921070796,0.49038908844057566,0.49570964110966564,0.4856436544080321,0.47700074227781525,0.42084030433093916,0.42847231269113195,0.5504946999399606,0.5398836194674845,0.41091438934833413,0.5166642280040501,0.5180250247397757,0.4532475462136573,0.4046149493578149,0.5044604021404608,0.4392524295378408,0.5292722618877991,0.49296623502393183,0.4441493807971702,0.5072747353388583,0.43968415920548726,0.4210316109369842,0.45272708008694373,0.4580360600308863,0.47410457896370334,0.4399246598340885,0.5211579540336518,0.4318308952034695,0.45053243561003486,0.5302025649628631,0.4535111961886795,0.4836012240636382,0.39755809031326156,0.4603218664841165,0.4369062285938834,0.48139875113118313,0.417629394654447,0.4952804361737309,0.4486698087465665,0.521502639229719,0.530200033216574,0.5184471467882767,0.5027457117838892,0.5453631941752367,0.5154452155752345,0.4360507339445146,0.4548014053103857,0.4485298677700619,0.45749417740054427,0.48559389868106956,0.4484700018049988,0.4889077109585732,0.5923883161650173,0.4235505376728867,0.44896004812528273,0.42532472782911285,0.43915272838804814,0.5042961896783053,0.3857354086457069,0.5701449221599487,0.4377056039888544,0.5525566944113839,0.6060691331922292,0.4667701658343039,0.46942375782269574,0.5545022008357444,0.4084729944744493,0.4261685079213947,0.49476390965478506,0.43022046137560294,0.48054900071255524,0.4405412981979084,0.5038432099851415,0.4639008061649074,0.45907971111123064,0.5278644444797871,0.45989492042235325,0.48430489120940867,0.515467431561344,0.4294396131914576,0.5033267482410788,0.528307615873984,0.5525424623862057,0.48694508433930095,0.4221051884526964,0.45869952362943334,0.4891829232630552,0.5611885985413378,0.5474195664015072,0.4749674028157812,0.44779665222591514,0.5477505127214656,0.4068640156682129,0.4352640165797793,0.47877170271087144,0.4108337409139826,0.4193454504873924,0.44894972918432285
0.534398271414882,0.5622683357928323,0.4835651031874875,0.0,0.43440574931951353,0.5002436771257797,0.5564146227545607,0.5634384310792335,0.49268148823810465,0.47216540960265757,0.5416453005995405,0.5119082298366108,0.564742626879946,0.5554362015048339,0.5398826199916217,0.520000701542568,0.5871672394410241,0.581668473731223,0.5171830919751377,0.5243448196621544,0.5674256909075448,0.5356771438281499,0.5545141048266963,0.5262400430030293,0.5328125948972796,0.5451564749449179,0.538440537880531,0.6021255988603308,0.43359904426031665,0.45009079354667214,0.509296811215673,0.5182904569594141,0.6844477618312513,0.5915752055963643,0.5153511729957466,0.572243893577311,0.5152040904665737,0.553909724469484,0.49860309870586095,0.6137552706233393,0.5923199580688213,0.518418780303358,0.5045479356270336,0.5149026567167531,0.6257436277415203,0.6143000235266382,0.4561026408658118,0.45202237751684676,0.5539316210883183,0.5458806114373064,0.6061836101274721,0.5743620503816378,0.5465194860756755,0.6109958096143354,0.5409917991390539,0.49657706422676046,0.5776515084101949,0.5305072511530563,0.55299188895672,0.6307261002421122,0.5613073108531376,0.5044214572645094,0.5550619505328522,0.4855604452804093,0.5015650219106311,0.5566582246468309,0.6012765907408931,0.48997122306009033,0.5156347051480475,0.5501847118650915,0.5383685297783569,0.5099964032582408,0.5232466071190085,0.6593370678672769,0.5791410840194572,0.48737255623109826,0.5692840183213249,0.49930732291680296,0.5740367394953048,0.4194943878156509,0.4956957925889273,0.5573176201818315,0.5126026769104259,0.5437017207035812,0.5536225448248087,0.6014863541577412,0.4827937831440124,0.5103794032224549,0.5631034653981989,0.546327055061965,0.5573467320948741,0.5411167250091545,0.5339034695184146,0.5391823264663607,0.5900388311311691,0.4914751172696317,0.498732230823877,0.5416629062270882,0.46363958374784525,0.648919814787441,0.5108967269353006,0.4968209148571636,0.5315813449089335,0.4837148022961827,0.561310583869213,0.565553660662487,0.5735768258396611,0.5494676574651364,0.5928398523089274,0.49514192740623436,0.5754063209381601,0.5381425407158361,0.5317842103678238,0.5290810004555982,0.6161425665605565,0.5997828468540245,0.5265184271337027,0.4443421357512632,0.5351685158952306,0.5280071392620921,0.4935928005366158,0.5220299893055608,0.4919634240610028,0.5728119357529826,0.4404730976685556,0.5088077658003468,0.5291270144063098,0.5380934216992068,0.5563074611991141,0.5348608893401845,0.48708862860938185,0.5114556449083141,0.4997128898300982,0.53801391263062,0.4933366150705895,0.44934883370960793,0.4647106655890021,0.5356198759974244,0.5665470173884265,0.5293797054287033,0.5538118316857329,0.5058385258527013,0.6129214112547279,0.5397013595695106,0.5318959196416245,0.4977700886345742,0.5078238747381998,0.5345875570708558,0.48390053957811996,0.45554933182646706,0.5388595806907905,0.5157519987470027,0.5536037080121744,0.5015658328539127,0.5828554898782815,0.5532892867982769,0.5068461827980304,0.5522075383899164,0.5445075223517508,0.5292059657053048,0.5188513694355089,0.48481449178837155,0.48676913124354754,0.5353069926034338
0.47317062463398707,0.45163266002911884,0.4584726784213878,0.43440574931951353,0.0,0.4262282547861454,0.5240624746438953,0.40340146166390584,0.4407478393378103,0.40149002694971103,0.48607785537247866,0.478905995257357,0.437121605365882,0.4329708546872137,0.5142077609238079,0.49656146581636784,0.4878954384262968,0.4805540145225506,0.4327304993403141,0.4452473811713926,0.5136733937249628,0.504715760814116,0.46325273032855835,0.4998420085377758,0.44483488301983803,0.49369054357125175,0.40679437370722427,0.40345475292220623,0.4165205129009315,0.5160821539494702,0.4572371076942083,0.4533501243291512,0.4661395213587432,0.4311468416704844,0.4570301005516512,0.48456125409546924,0.46186469715459727,0.4792771275254776,0.4845774750784611,0.47174614314065927,0.5074656421393746,0.4720689839881074,0.5265701660632807,0.546040726905376,0.4413070216153308,0.4730000185046366,0.5638662689722335,0.47771946282919253,0.49499793551077953,0.5181502935492316,0.5210412017629384,0.49850788315516886,0.4475259555764884,0.46490685266497334,0.4720949154958299,0.43347576291886125,0.4879077673325796,0.5029865250193667,0.4385334028628213,0.4732808411643886,0.38203721450815037,0.45599816119832576,0.4844818530677857,0.45090650154380324,0.46294200918346756,0.4262598990621667,0.4125730068653696,0.4993587046693338,0.44977735047451345,0.423917605439895,0.5059071390908367,0.4534269814301472,0.40255255481303726,0.4743611240530756,0.42836667675898876,0.417644981790825,0.4593461884989378,0.5775368291673695,0.44795888407991225,0.4185485228145662,0.443423147731368,0.46114806229052047,0.536152143654419,0.41041071727161377,0.4486634878319105,0.46656372839725263,0.3892499754150381,0.4430589689621378,0.41447917733218126,0.4339240222143702,0.5696554227854785,0.4564856366132834,0.5571481867324064,0.4332445833610959,0.45993768485611175,0.4627422843134421,0.3931240050341967,0.4289034366240907,0.44919570652093227,0.41539506021219597,0.4388579264072395,0.4077922575315118,0.4344546475906741,0.42852515672717,0.4472749563974951,0.49580416688828804,0.43722733317561085,0.4340019388608217,0.5052886594634631,0.45327224549301126,0.48808515973738964,0.4877873209275169,0.4014835601866214,0.4135456898565374,0.4662898168863642,0.4697088081108373,0.4240971074394403,0.47071564140110006,0.4393095866690918,0.4168179187857442,0.6105550821537636,0.40844237436246333,0.4249877172920865,0.5262831276166896,0.41490898884706984,0.45555208479602766,0.4217202557788735,0.5036111060260345,0.43949349834912277,0.4821524190344487,0.4208193824000727,0.46459179766884123,0.3855130671653558,0.4463137809745253,0.4270157797417989,0.49240400815076407,0.49537623637909217,0.5088990758643334,0.4390610073053567,0.4879301286946106,0.41219744633670957,0.4812462405139597,0.45749121114926844,0.4526647343062432,0.49940818837704704,0.46334096147668913,0.5532293159638978,0.46140580466400677,0.4392030784975308,0.4167395984393118,0.43244792436125795,0.4466392156585338,0.4717926692866658,0.48964717674560776,0.47465043521297995,0.44035183999919864,0.407589402921263,0.4822386321158978,0.4161178313503083,0.44798495774062863,0.41943233327783824,0.4282329911725788,0.41747766188301005,0.5157015225135676
0.5217564925013065,0.5569513069304206,0.5654793045511867,0.5002436771257797,0.4262282547861454,0.0,0.45803875418663864,0.5417431556665822,0.4785279471192715,0.50886146264234,0.5700744177606702,0.5680130086663401,0.5790667401393376,0.46077884083828086,0.4467317023147312,0.6153750254413834,0.5945955152336257,0.482930654961934,0.5431038212468762,0.5295792022441481,0.6132798534908198,0.5361293285033627,0.44105005781974543,0.4848149175747968,0.5948976253659168,0.4770760372884017,0.41121871420114303,0.5211813924749464,0.4535997643575141,0.48317824293316153,0.4923791897218797,0.601262317417267,0.48269595950511396,0.5335250022145921,0.4624044636858924,0.4926327075613887,0.5436280538920002,0.5106269723539524,0.48281616482849005,0.4584333520078553,0.4797998447612641,0.5901148098440607,0.5010025388458481,0.5355541115403899,0.5243562764943842,0.5069565871137509,0.4704690215847565,0.5316961893403566,0.48532847985901767,0.4817324735743571,0.5270624618972303,0.5631599159276359,0.4725583392787424,0.5502206879431643,0.5114518738233992,0.5571723326811931,0.5281834534940698,0.5922651203815872,0.46461216052447063,0.48713504950110437,0.576684758880153,0.4821562927767174,0.5826408403785435,0.44229123263082926,0.45778183291421903,0.5360417753141905,0.4966089137896464,0.518437696620026,0.46767538859489194,0.5413024992773133,0.5249280703281625,0.4380376798161978,0.49863311347279016,0.5617292367737188,0.6167492992220226,0.4808099183808572,0.5253206071839508,0.4890513565506366,0.4968239892546036,0.4932380655709985,0.6287321691542589,0.4857777844327219,0.5591070384746156,0.5575081865193575,0.5124110556915179,0.5479055123642099,0.5404193703326964,0.44057661255979974,0.5113439516849346,0.5231106896697801,0.485731245628932,0.48102997192628283,0.49245388470676854,0.5124011788787071,0.4899348547568102,0.540681349148535,0.5028346462271505,0.5588901659808803,0.42764073546699605,0.4998690651173919,0.465684274253499,0.5017802668428363,0.4501669634622383,0.48469930538055234,0.4950814515592848,0.5446708676416024,0.5600555808583524,0.5779677070046709,0.4772644389419653,0.6043211197868826,0.5785828391512216,0.467011284590655,0.5656409597673917,0.49565161464709007,0.4956069105759216,0.522858532421851,0.5421464993890642,0.462976219777542,0.621878491581706,0.4696210152738686,0.4505899516386405,0.45924359860124014,0.5403328925578327,0.5619559286001163,0.44225049136005273,0.5367017317902617,0.47079368575799,0.5119472825627964,0.5819099160570025,0.44760524845854355,0.5360891071329588,0.6437070770728414,0.47546002738810694,0.4930090453208007,0.5180169046053819,0.45086059020463715,0.5212528562544966,0.42440707681003503,0.4540330057139132,0.48796590412098806,0.48190101383832634,0.5734689861686757,0.49835408903136613,0.4989166177904034,0.5509096918967593,0.4550297746548608,0.5186728970095685,0.531655872054815,0.552862435742613,0.5106181997535189,0.4925900082744112,0.5047099208740985,0.480122130053551,0.4568054040257575,0.6076038914189851,0.5375248097274524,0.4906099300741617,0.6140838038072833,0.42515147843670387,0.499331588147538,0.4886309685194683,0.4906186502344577,0.4640168635042131,0.5050567700115033
0.5525042163029837,0.5454206056653028,0.4663534168866097,0.5564146227545607,0.5240624746438953,0.45803875418663864,0.0,0.4562684089404888,0.4769349931171085,0.4844679610572293,0.5325480441552419,0.5150712547050486,0.5304954670616262,0.555902530182384,0.5824899515409758,0.5217502952237891,0.5564071348098134,0.5950909714683473,0.48227974206645585,0.5138931154109282,0.5391778537677672,0.529276038281227,0.6648560361574962,0.5656217820011841,0.5465845346075744,0.5412996252614048,0.5158660907701759,0.5147948467619687,0.46481410736857637,0.49723649731383224,0.5196814874185124,0.5371905021594546,0.565353530532594,0.5796034448063129,0.5474426250403122,0.5512040485587205,0.538989664957782,0.5219972005487286,0.4939113164695306,0.6334751222492419,0.5495008886786961,0.5211898986552257,0.538646772484802,0.5693430404766543,0.5580396100504872,0.581762709326337,0.5497552837228664,0.4829575351743707,0.7172116673053557,0.5516291420477374,0.604109795874724,0.5256753242425534,0.5118668973802636,0.5324659010145691,0.5572995291405851,0.5013593619806485,0.5508150193171453,0.49687403154141785,0.5934556245877234,0.5911563244883099,0.44599811481508445,0.4910275274817796,0.48986518368885,0.5171524160755826,0.5075326400083932,0.496432513151969,0.5342994563019338,0.5365638958007843,0.5164647127078538,0.4774419419293521,0.5338475416898563,0.5535317599217022,0.4760548340361263,0.5820094112706037,0.47732290065924665,0.525942157799743,0.5433253417890227,0.6040134313442691,0.5011249740391948,0.43815358427899037,0.47293107217856917,0.5080717095905106,0.5589526623187221,0.46438316287486936,0.5127359386561707,0.5268186235587988,0.432782121962573,0.5435642735147408,0.5255616856774197,0.5064476880360227,0.5889256235236151,0.5588759930186953,0.609970052116731,0.5164131921669167,0.5507439645590587,0.5163909897591444,0.42120100876959693,0.5136982213071634,0.49413418297282036,0.5577996668898689,0.5375513653696907,0.4496265751953871,0.5215561532353794,0.4870733265914708,0.5084484016457979,0.5470105662404062,0.497388717813338,0.523740490254713,0.6471674935859365,0.520206704169737,0.5912345535596983,0.5373420486524256,0.48015068925742604,0.4756867213585255,0.5520457399251656,0.5405082665586926,0.5164130367567487,0.5216451216115313,0.5023543081052855,0.48845938959653623,0.5606802576639697,0.4460245920169868,0.4860370703852482,0.6128300194946994,0.4550886504425364,0.5174398606379566,0.4849130892971111,0.5399718561706852,0.5203450919126087,0.5639554303196033,0.47030026331662267,0.46125407768353743,0.4497035787680795,0.48307060972309973,0.4663614027363803,0.49600840836917526,0.52338338102062,0.6173245809518297,0.5512794711696007,0.5322416261073651,0.5038901732582487,0.5343861043085941,0.575586407516453,0.49819083854139756,0.5622183621610548,0.5646993074731514,0.5090614730795652,0.5262453952260397,0.5005375607019383,0.4331099606591208,0.4991874060206328,0.5229814737244938,0.5145358302706943,0.5699140199640544,0.5440067672855303,0.516456099205486,0.4917383432146839,0.5406170495894038,0.5449520250969658,0.5518864717242662,0.5103792667906106,0.496282174396679,0.4676070186583403,0.5432300692999124
0.5096793281844999,0.5289608481838987,0.5079914866835517,0.5634384310792335,0.40340146166390584,0.5417431556665822,0.4562684089404888,0.0,0.5264622206061015,0.4951797102610305,0.5306135487144408,0.5388047249041155,0.5663236182219452,0.4911115867259498,0.49467476103084945,0.5582921703945399,0.5340300975638329,0.5284422040672119,0.5193950801569905,0.5304560410774195,0.5360124853751659,0.5211314039419029,0.47425079905046996,0.45351271162247603,0.5635051090774365,0.49112068775673917,0.5013404695914706,0.5380442020600399,0.42650888425739025,0.4760251912214885,0.5567000454648365,0.5516578224541013,0.5462047975969023,0.5379843440563848,0.47448267140204203,0.5516589458895217,0.5345452248152678,0.5769880265737285,0.5185597595219105,0.47295609260079235,0.5079890074537261,0.5009880544757601,0.5394073630368346,0.48114908862976585,0.6490954296523159,0.5680542293925086,0.43703822637414563,0.46259852726311396,0.4925905129472413,0.5169366102417041,0.5387991778804495,0.4977294795221814,0.4810513653544732,0.5415993470713925,0.5412856346703231,0.4944114449690725,0.5321333137309648,0.5907697291885775,0.4826472967275369,0.5498922376553184,0.6319978989537554,0.515953628001708,0.5672542801138704,0.4668201619541825,0.4666283066107071,0.5460853266617425,0.5375190585960683,0.4954396358342156,0.534783978310058,0.7097854528972617,0.529448586542258,0.4736362096502791,0.48396190435721825,0.5788636813371986,0.6381054703222261,0.4748822653899959,0.55223677083613,0.4618695787167149,0.5954103811589837,0.405947601857918,0.5006896526545931,0.5250531564943737,0.5204722363125056,0.6030905157432469,0.5172443721334726,0.6066275891588702,0.5874189952872714,0.5000833235510478,0.5846367697054418,0.554377154303699,0.503202423805349,0.5067235120604765,0.5052459134648496,0.4888705325603636,0.505163711221803,0.5264411632037437,0.5546977196831528,0.5316801892966149,0.4369726505853323,0.5420045054877722,0.4963425998322803,0.6319707844164283,0.4969995443656298,0.5104560213151416,0.5628154919031322,0.5597763918933144,0.5897036482689665,0.5397530436856112,0.5054741934358739,0.4731039149408607,0.5071390948945013,0.49920124952601447,0.5098888017713241,0.5721579886988992,0.5462152912668804,0.5097861335539555,0.5028976405934007,0.46594145297386474,0.4865536726338356,0.5045222897704791,0.4485406356410075,0.5935205032149334,0.4585884636369379,0.5266088280394265,0.4241648950428438,0.5351181611244097,0.4833179524102754,0.5854619346260073,0.5453175662068003,0.5061431035849914,0.535122120721106,0.5557101535718336,0.528043088544047,0.49981333703127584,0.5134279316614712,0.4320341654423953,0.4838469445081318,0.45872900735959937,0.5285145482592684,0.5666359924209758,0.5357186222705518,0.5231728386346197,0.5200510967570058,0.5425002588775487,0.5320060295590301,0.4699230692485054,0.519193340526617,0.5384286953794789,0.5295255988554047,0.47891736218211045,0.5395419995350942,0.500978222339667,0.5082254969567133,0.4721028737697894,0.5975076460808156,0.5993164822131528,0.4682652344021788,0.5396877399221719,0.4462949562690427,0.48397291209771315,0.48666567213611706,0.4660135300189773,0.49094284334172617,0.4795788527427361
0.6414206881781954,0.5057795004943261,0.42148858174594295,0.49268148823810465,0.4407478393378103,0.4785279471192715,0.4769349931171085,0.5264622206061015,0.0,0.4288312842341034,0.4859670389848178,0.4825373758149769,0.4942334645573023,0.5313319087824703,0.5108249123268228,0.4830101385415998,0.5024663098523059,0.6037566446532188,0.5077657166315612,0.6268487830067453,0.5195313364265226,0.4952228309837441,0.48985042941094986,0.4552212575448635,0.5461038550806122,0.47086573413875843,0.4623409869528985,0.4973267177229718,0.39162408776623886,0.5143079737647059,0.6210511472959793,0.5073341444473773,0.48759719185339767,0.5200252757681878,0.6069859058052072,0.5312640179125855,0.5235118748835407,0.6290384406462446,0.490152032114606,0.46105681165858003,0.5013053172217901,0.5641311239843716,0.5410091002903881,0.5207683003801185,0.5410173454801595,0.5433035528830922,0.47347283836974374,0.44780863200071797,0.5258205522812228,0.566281160834617,0.5354310927486152,0.515535521512216,0.5367133872192998,0.4742342556549349,0.47079516227600476,0.5631078765005667,0.5938897930526031,0.5158448054225431,0.5066226434930015,0.5445711529689097,0.4724426271572891,0.5329676544088388,0.5350832879824208,0.5268267242292302,0.580943182973842,0.5532196683264986,0.5180564633404141,0.5096285838109792,0.514021125622621,0.5736156103582214,0.5938215639741256,0.5737744504988557,0.5403513041370432,0.506538564278388,0.5454421779054941,0.5459469776374787,0.46208382699050826,0.45297648750280567,0.5792365668639533,0.43241178841604366,0.503151499707832,0.637324502411386,0.5326086714820947,0.5266844724998235,0.5844780254089784,0.627030308499907,0.5385659598753749,0.5512628858225469,0.5479529738307243,0.6031410677489321,0.554701411877,0.6093723998814243,0.506967575774099,0.5463444594921888,0.590377427160423,0.5024100473363138,0.5188274494867489,0.5575844802219572,0.5760204344501484,0.5093578591580747,0.5468508681501617,0.4693457573405355,0.5363482719367062,0.4808819683294781,0.6393364514754212,0.520897151173212,0.4887342051574561,0.528040432125952,0.49267403449210223,0.46620280788257257,0.4997686340445341,0.6134271115244289,0.5143385346866032,0.5666043746025173,0.5659440552685255,0.5086659240063898,0.5570173320759144,0.46037077263625614,0.4430325694553377,0.5686030383899966,0.5351489396129503,0.5216986415905195,0.5399064207361067,0.5349768553797809,0.581924731807325,0.45205844610299434,0.4982118448723677,0.48632485630456934,0.4731220375477485,0.5274279744815477,0.5849853283735829,0.5091172146914489,0.5245637744489067,0.6582024834209942,0.5066931352191895,0.529669321230972,0.5274726670022019,0.5036483029878684,0.48323597814128205,0.5958780991226961,0.505174181430208,0.5478212200375976,0.5812278432693406,0.5749479305278811,0.5559863255395904,0.5394078060005325,0.5825218404190634,0.4743986704345527,0.505366357758816,0.4768349552975941,0.635719350669312,0.5475812916323386,0.5165324675499624,0.4355545826646847,0.5464481034539032,0.60370173755265,0.45139601932949613,0.4859615677942819,0.48461525163869595,0.49428675900135205,0.46909631036818006,0.6099636115343354,0.5502661626331411,0.5879906773396468
0.4487481064511409,0.5797158449283916,0.5543650769200461,0.47216540960265757,0.40149002694971103,0.50886146264234,0.4844679610572293,0.4951797102610305,0.4288312842341034,0.0,0.5102240502772465,0.5318250306450066,0.5209290316990363,0.49176367359750284,0.44674632160166083,0.544439693449042,0.5225468984790443,0.47878656001945136,0.4689564006516356,0.47267337636959944,0.48748674871037295,0.5040074146172017,0.49782022156700484,0.44470811928822535,0.6137898051721501,0.43302805545383005,0.48052860605057923,0.49789032940555344,0.6079939842025603,0.4513898673430449,0.4761475592673091,0.5558039672854741,0.4791887442339463,0.499151374846516,0.4525616096386042,0.513014117098151,0.4901306923852385,0.4938419698803787,0.4525050603120152,0.4703699598128366,0.473885744682018,0.48970090924438797,0.46622228141799704,0.46916134399948933,0.5239449600374978,0.475703171612637,0.45819319837667183,0.4682394732159969,0.518087411642698,0.44864601632304835,0.46178511278549617,0.4368672313859019,0.44029916538511593,0.4937652243245122,0.5539258487693078,0.488230320799429,0.44782613232226615,0.49683979384096577,0.5101023151085015,0.4760856196367902,0.4778338525215562,0.44130973656023936,0.444220824624315,0.4923382354107264,0.4094669456375863,0.4422586605633387,0.46637832735564944,0.4633312664609291,0.5228868511457025,0.4935067558585582,0.43649370403696713,0.459281799396471,0.43168695209057467,0.500113692896338,0.5157769804715411,0.46561476311502503,0.47306237895792275,0.49897030144262566,0.449986001199019,0.40679348525972386,0.49483266581902663,0.416027069161595,0.5077145652775348,0.5077590308399397,0.44724950765613025,0.49434437174717916,0.44331000097067214,0.4499257242694495,0.512365323546735,0.4589725810448088,0.4464612891567108,0.46961325493082884,0.5119287640381371,0.4294493989281505,0.4533052219383931,0.5721994975722071,0.41862164735321755,0.5287939731960727,0.4184184987877642,0.47889549784475094,0.48258878633796304,0.4602544632173929,0.4419303293325636,0.5946354272528573,0.45092880427187043,0.48022296830053857,0.49258001833313664,0.5895423343359415,0.5010996128092218,0.511377832263327,0.4858956103018521,0.43438162637689903,0.4556367555050683,0.49583704459187256,0.454339038738408,0.45385196871323813,0.5007234209866199,0.5306732126163798,0.5404117002030862,0.46049895647734074,0.4159209495495969,0.43042302165228774,0.4417927673850733,0.4859272335530815,0.4041723813004122,0.5969567970950912,0.4276156749753542,0.48716757963222457,0.6519596062226881,0.4765258644065008,0.5219042633766265,0.4675672570957202,0.42967162383398483,0.41458893692540055,0.45995400993704794,0.4193858789087469,0.49158559799979074,0.4421797702580388,0.5363848943177489,0.4771273947290908,0.5078685320788509,0.5508117010886935,0.4640486992866654,0.4812507792932965,0.5266091569922667,0.4471183590813175,0.43821625445176654,0.5501154738427673,0.6713812437929498,0.5121228813529676,0.4238813455814832,0.5277115054932013,0.4465183723026286,0.5351490740102994,0.562893250713225,0.476039363570467,0.4393047742014994,0.5138504115787719,0.43775966906982444,0.4517957341274886,0.5481207609876169,0.4490019021764995,0.4583793370318487,0.42193384891415053
0.5643195292802338,0.5941234494894864,0.5671141787684918,0.5416453005995405,0.48607785537247866,0.5700744177606702,0.5325480441552419,0.5306135487144408,0.4859670389848178,0.5102240502772465,0.0,0.5888303087359874,0.6253378634867633,0.5136159856604633,0.5465846082649887,0.6570531694630677,0.5956452885021316,0.5455934293726662,0.5327560013461288,0.5717156073994044,0.5876733306607894,0.6630354242947343,0.49944770772432784,0.5830481379605684,0.6002855006501319,0.5203521086909279,0.47734743534187934,0.5482753237875694,0.5207741551120414,0.4996991353419425,0.5393295938117321,0.5770475198924858,0.5521648128249224,0.5360961638792674,0.5276362701030233,0.5398033664258937,0.6218548656958455,0.557483823239049,0.5724193051275466,0.5334959309875695,0.5275195961477509,0.5272974083488718,0.5521998635115256,0.6095641986735063,0.583777705768192,0.5263579567597524,0.4619994320413597,0.6394900846655311,0.5793790882057226,0.5240332640894977,0.5605315385289649,0.5231617345545634,0.4754659372247758,0.6068223314938415,0.6362512473343711,0.48669572681777695,0.5540101368743333,0.5785962971747477,0.5063984298819075,0.5310804617835936,0.5657283777971154,0.4597078639064204,0.5521718710785918,0.47998121449686515,0.4709868721235187,0.5075203499238885,0.5314787740185879,0.5445452102536211,0.5190447217598766,0.5668263668117971,0.547330000504646,0.4903894690384622,0.4790932023852589,0.5973977486736529,0.5682090547070986,0.4851905436454945,0.582826690235638,0.5458223440843447,0.5075207083968037,0.458368138610628,0.515284062046629,0.4891715375000933,0.586941383499703,0.55004678336881,0.4874285675304095,0.5627665200498072,0.5171884616847499,0.4715805344980893,0.5004393487008524,0.5211766697900068,0.5267498318304292,0.47644976002196116,0.5895419108226818,0.5193509824585797,0.5028949087532217,0.5813604748049043,0.47144011034256,0.4929620533128925,0.43757128024960995,0.49770823704944467,0.5477562011774458,0.5097089324796232,0.4501640516230587,0.48890314777477645,0.5008918038506892,0.5338833494608576,0.5165561388221839,0.5483374735546157,0.5233270462353937,0.6060452447226057,0.6038309317759131,0.48807917312175664,0.5147366504453943,0.49286164042604175,0.5282822248715671,0.5340603384688507,0.4955024747943998,0.5541996256668558,0.5582291558659852,0.4620162385474939,0.5233949513053469,0.4544178638812843,0.5042615171725218,0.5989949235541914,0.45897477661065605,0.6200862195197254,0.43951967146970927,0.5904668089956626,0.5753523467442399,0.5201771238299513,0.484140794725668,0.5404153530365304,0.5091934214616445,0.5041675735484377,0.5832791021736566,0.4976866826399087,0.56921202764249,0.5140264818798554,0.5611447682512302,0.5274177133775468,0.5350658646794924,0.5749981071723744,0.5029218271442373,0.5005358829175818,0.6156673141197284,0.46742982429179325,0.5430465830830424,0.5238364017733715,0.5509273593906404,0.469696774575567,0.5315265871174822,0.5114267613924209,0.5483639988348472,0.492237548335429,0.5749129119114657,0.5845883652184901,0.589094972948679,0.5753349348853785,0.5047282099698985,0.5116605490814456,0.4772289589142317,0.4880571255295424,0.4386313722520451,0.5743166770299185
0.4961021633361409,0.6022920771316048,0.5634274572195078,0.5119082298366108,0.478905995257357,0.5680130086663401,0.5150712547050486,0.5388047249041155,0.4825373758149769,0.5318250306450066,0.5888303087359874,0.0,0.5032994350255897,0.44900350382167287,0.525898659964159,0.5900223311255368,0.5608506027322703,0.4897102654468727,0.6408715671954182,0.529323979798749,0.614599176782258,0.5886928235952374,0.4965885907083795,0.5256625228675469,0.5987965111809984,0.45409655871067156,0.44248305435083557,0.5026561314205125,0.5026887001735124,0.5309144532782939,0.565803794911429,0.5747564378044918,0.526736074929272,0.5481621629473662,0.4831125459326829,0.5683075133819128,0.5079620770530126,0.5211775150108428,0.6324472198220444,0.4715590293763292,0.5441107588281172,0.5282633262619512,0.5424792149432912,0.5605556580824843,0.5455166304230739,0.5144519596954611,0.47547247459383385,0.5227251041606586,0.5347383082001017,0.5245893949448143,0.5503681684932226,0.5059505572380275,0.48321778250021247,0.6117667366428667,0.6189348637303033,0.4813346484519375,0.5371178401299094,0.6404497947717891,0.48046228918352235,0.526996870793846,0.5054628040339673,0.46169545493357794,0.5232190452274535,0.4735040326640155,0.46931434794183985,0.48112176091905356,0.4606400774576113,0.47437428233758183,0.4722105301773902,0.5198016081960276,0.4971127266316038,0.4554017302059101,0.437286173965891,0.5448406015258632,0.5555602984541684,0.4597973208002762,0.5232725134565557,0.5206212432836799,0.49438382616605,0.4204178183592689,0.5007576729318233,0.4955554294131886,0.5687731245427806,0.4834885310985046,0.486405733270614,0.5397287548643862,0.4712423426621894,0.45769971449545344,0.49511590509250486,0.4965509645787374,0.5040265057700101,0.5142515446439687,0.6012781240301397,0.48903401987547046,0.474633546066367,0.5716903970856667,0.49095196670063734,0.5273780806238524,0.43302541878768197,0.4720872054142186,0.48496562246835967,0.5155015260541711,0.45877170189873284,0.5593298856274147,0.49245012101842756,0.514297292972581,0.5443329291985329,0.5355100348169558,0.5069856194885516,0.5532642314756617,0.6148301981329786,0.48142217410878085,0.45374345093841684,0.4858647303225006,0.4829541656891736,0.4882647266819009,0.5058192934615379,0.5688210057771758,0.5288022163400792,0.43971965572540245,0.4816220028280345,0.4518339805072902,0.46177122752080313,0.5653153601823463,0.4247894104509668,0.6122721509348621,0.4426397994225931,0.5765341565646038,0.5958294676503864,0.46961616362782876,0.49987025494550585,0.539515179789587,0.4343147433389055,0.4834917953168196,0.5452674742265107,0.46058357649517184,0.5411603824583725,0.4649449410926042,0.5029421888662144,0.5708990737022891,0.48205843124541387,0.550759933494526,0.512637391428392,0.5266805851969668,0.5574935496785561,0.4567609254196212,0.5700560906924899,0.5338120479316808,0.5895393626650216,0.49704132766147624,0.49993964344318437,0.5296474986610984,0.558541066089765,0.5006538331042779,0.6395982771818505,0.5167533231423879,0.4673379215056273,0.5519090440144298,0.43341576601882364,0.4679957728386918,0.455536820849114,0.4636036054365066,0.4560419904053741,0.49912956648483364
