0,1,2,3,4,5,6,7,8,9,10,11,12,13,14,15,16,17,18,19,20,21,22,23,24,25,26,27,28,29,30,31,32,33,34,35,36,37,38,39,40,41,42,43,44,45,46,47,48,49,50,51,52,53,54,55,56,57,58,59,60,61,62,63,64,65,66,67,68,69,70,71,72,73,74,75,76,77,78,79,80,81,82,83,84,85,86,87,88,89,90,91,92,93,94,95,96,97,98,99,100,101,102,103,104,105,106,107,108,109,110,111,112,113,114,115,116,117,118,119,120,121,122,123,124,125,126,127,128,129,130,131,132,133,134,135,136,137,138,139,140,141,142,143,144,145,146,147,148,149,150,151,152,153,154,155,156,157,158,159,160,161,162,163
0.0,0.8851518343587595,0.8303299002044958,0.7866846243782862,0.9164131333180812,0.8012555804379811,0.8359018708705194,0.8804459240712204,0.9088040501945939,0.8221048360528836,0.9435924742290851,0.877455566471801,0.8781788143004678,0.7913171876230617,0.8349389379771092,0.8589240859415561,0.878429933104638,0.934977278102709,0.8932101184340743,0.8877174962065841,0.8995740183908365,0.8783579377991454,0.8953470078195027,0.8474266624507332,0.8963125420094887,0.8118137109353968,0.858113733163292,0.867261448830124,0.8521444527669984,0.9030023471736508,0.8697078010320214,0.8569082944422383,0.7977045734903375,0.7939181442715817,0.9347595681076405,0.8287528045249251,0.9321967762163308,0.8866980508845469,0.8218941171488342,0.9231673057607568,0.8552481887159366,0.8656265490699367,0.8920441565055252,0.8520705686910005,0.8512678817711187,0.8363437805307337,0.8468352778258443,0.9032844001386705,0.9344023061837303,0.898374148264721,0.9231132207654644,0.8519167266155897,0.8634789711737311,0.8483107171372906,0.8780611726298478,0.788627649516906,0.9382801043600313,0.9007631857255882,0.9160189277703075,0.8108281518008714,0.8202033675945051,0.6714273251693004,0.9129620001119765,0.779283231055691,0.819436387992932,0.791124580103731,0.8162725576349041,0.8358270200032272,0.8536346262896289,0.9020839372368524,0.898651071947952,0.8275771397614137,0.8849755448381529,0.9093093886545871,0.8557829828922519,0.8249955757202787,0.7822484593873665,0.8516689444683074,0.8141338077917943,0.7195882426441993,0.7903418755635296,0.8819194469048457,0.8992361450154324,0.7984168865415487,0.8979984196528276,0.8986360068342074,0.9197219735795944,0.9263390539827053,0.8153986964185641,0.7487256606747467,0.9471473956138152,0.8115022851781201,0.9369922704935172,0.8536118545136474,0.924104783739324,0.8004224959267192,0.710671377694884,0.7871760306577511,0.7559095848211362,0.7962682179883576,0.7599608946691975,0.7789561355502451,0.788628446512917,0.7600081269491761,0.890238414681141,0.7878140826490944,0.7490235562904628,0.8503498378911677,0.8676984278711907,0.8616294167151378,0.846368191053652,0.9143845901806107,0.8360105468639137,0.7981326279686318,0.8638366939296067,0.8822374931687643,0.8843177980449024,0.8538875010949503,0.7976722291858287,0.7651686574646777,0.8548926147825331,0.7827506813900873,0.8563156464624477,0.8712394694913355,0.8667145565537081,0.8261995289151925,0.7160560824289456,0.7529986831786565,0.808054741453243,0.8452164934145399,0.8120849591582051,0.791255754732836,0.7652648396111024,0.8616844826022186,0.8309457147087302,0.773510549435363,0.869012265727738,0.8974051449827372,0.889636347962152,0.9193278971465931,0.775599267800519,0.7660835923364833,0.9034991939089404,0.8591030267619864,0.8759049753725342,0.8874652517559943,0.8823600721039686,0.7399122649491309,0.9129297702277768,0.6742586309977454,0.9211023295283062,0.8841359523537011,0.8915430776947602,0.7990575670064534,0.8033627217465712,0.8773789142169504,0.8386562581390155,0.7933203603381355,0.8514338066791514,0.8262177470985258,0.7367189270409908,0.9162084411670293,0.8857938209898424,0.9598595303884122
0.8851518343587595,0.0,0.8181517083062361,0.8296856480384239,0.8109877349627562,0.9266384067443091,0.825629805993588,0.9430201746993205,0.8614922529759246,0.8510950316645021,0.8624708851242748,0.9159526593730289,0.884856959339707,0.8648026207880937,0.7847302299980068,0.8384936462409605,0.841673202816738,0.7596005747166562,0.8407939832801885,0.7975161443969829,0.8492221797416605,0.8026922723308689,0.7925981741284736,0.7769634443712153,0.8365462605818157,0.8352892810648442,0.8260037657214192,0.8056908638103305,0.9515966730413884,0.8128107298606135,0.90600444130404,0.8930475963600258,0.8924382405398272,0.8289269157914418,0.9266671776607736,0.9315782705073277,0.9010510756241757,0.8778480655657704,0.8551205547168816,0.8936424528196836,0.9246507951781309,0.8041875837875302,0.7478977415797102,0.8757202822696307,0.8960798624301423,0.8140999077249191,0.8808366984355563,0.8698517090013428,0.8217393361878623,0.8626207751760366,0.9090702621862544,0.8914525236479229,0.9016047125287195,0.9231482159378459,0.9411046412106461,0.9241826298292183,0.8482370388796023,0.9071093172231389,0.7992480479234204,0.8740718293989657,0.9243409374860562,0.7813538064171548,0.8808378013600712,0.801340558350596,0.718168086201294,0.7443106880907282,0.9001235199683044,0.7677411889979978,0.723797873578294,0.8064103753770884,0.8765120228911183,0.837808813888027,0.8809185011914014,0.8762259020588231,0.8673586462147788,0.8411634433269821,0.7822544580522358,0.9202641519023227,0.8008050587169193,0.8118026019772788,0.8614138114740607,0.8541801910899928,0.9130309343967371,0.8710023644110995,0.8947244720799364,0.9262709961935608,0.9256048355061792,0.8654751443073088,0.8720732661641571,0.8848066851253892,0.8871969453460954,0.9218405402774044,0.9325647427137674,0.8510829281236622,0.9214585475369285,0.8774767695050375,0.8122900659476541,0.8652961822583943,0.8365937565038896,0.9027321788286773,0.8418306218453545,0.7283024703049313,0.7880714861667957,0.7583906076983943,0.9266842899702398,0.7985808190238437,0.7915688031332156,0.8018887129797589,0.9010212829639361,0.8526223433641594,0.8515208180688174,0.8787419645961986,0.9296482518114326,0.8048171597613382,0.9076112150060495,0.9047266302625429,0.891980694520243,0.7107440861047505,0.8342194789023967,0.8685521980471128,0.8105363406243122,0.8788653882755535,0.8672901892112352,0.8967095038021056,0.8626653188259803,0.9157064235809913,0.829761747098409,0.8640025137026223,0.9071415874419246,0.8147160280709351,0.8471779655750376,0.8003795031902413,0.8019334643795841,0.939959626118496,0.772620796429809,0.7197835207765116,0.8221634303378224,0.8914989836965229,0.7756170790962622,0.8414366464896132,0.8058746518851122,0.8453561188156872,0.9664790977291584,0.9123869688666798,0.9088507656708661,0.8466483734468759,0.9055752170240853,0.8322010548090929,0.8682247495781209,0.7549140285471126,0.8652608340777954,0.9115313026382769,0.784413110572866,0.821841358497058,0.8080928979392261,0.8023235536549355,0.7475370096864551,0.8531373143409332,0.8825159671829029,0.8530024618237397,0.7660838178514408,0.9357387833613431,0.959963754191402,0.8378742030299681
0.8303299002044958,0.8181517083062361,0.0,0.7664877971481826,0.8235028110268675,0.8135991820279819,0.7229370093545595,0.8601861777741495,0.7886165358714496,0.8644936782216508,0.8829448497121057,0.7943972915984594,0.8368001420479859,0.7083973936297627,0.7034230646025091,0.8324755805350762,0.8760814729218976,0.8346966081940965,0.7990809776072432,0.7480552427490947,0.881299426044521,0.881495143832652,0.7728031429249567,0.7459122863099263,0.8207971108056662,0.7392339906265133,0.7930061943938107,0.8261878982557713,0.7903327570482742,0.8121894862121457,0.6916867482452169,0.766794093384503,0.7376012437706874,0.6849075620865501,0.7581400596829958,0.7300059607953493,0.7777018884723446,0.7819626761497785,0.6722697129133497,0.8291732633738514,0.7714221217655058,0.9233402897360378,0.743388585166133,0.7301835788529667,0.7386446746868433,0.7162207999504692,0.7613916702306838,0.776281500703865,0.7606062660467575,0.7617221670804187,0.7959645222732641,0.8170263189998991,0.7598086027748417,0.7957122872548035,0.7463226509373415,0.7524065004119288,0.7846878603761617,0.8853025834948441,0.7969138320366193,0.69699399897062,0.8078742921784696,0.6113131241549358,0.8823406650281281,0.6860373593941331,0.6769045945650006,0.6934227704355789,0.7138316000785437,0.7691269980704073,0.8524775038337457,0.8810545423372519,0.7624051330524014,0.6594609483554155,0.8399445497100307,0.8841808996712149,0.8756995010043069,0.6423897874153213,0.7217686832424174,0.765031127079723,0.698825080829824,0.6348247819766947,0.8265609136798281,0.774012197180485,0.8178580174981569,0.7619844869366525,0.7935303885065487,0.822623858548377,0.8164266346837957,0.7251981632883095,0.7123079736730964,0.6606805238210524,0.8659666156393276,0.695038664918583,0.7798109110940197,0.6894581901240976,0.8307937134370726,0.7313352555262161,0.6493713814991579,0.7444706718197786,0.6458417866084073,0.7217159556888478,0.6118020816830689,0.7081397284488632,0.7042505646971312,0.7302542986215501,0.7634090216272935,0.7391764584109424,0.7280492426264684,0.866292277684865,0.7480959412432948,0.8016530202002929,0.7562784721828799,0.7568304248368439,0.8001059873051728,0.7696218077894296,0.7386022689894466,0.8586596325560609,0.7787796683392835,0.7154945841315015,0.8389052776134777,0.719958473668173,0.7026964198258536,0.733559791654509,0.7586739762386809,0.7429893460992835,0.6890307839266941,0.7361865292877692,0.6886932083528401,0.6611232580458782,0.7696415259202439,0.6960533949063407,0.8127513792228566,0.8796647188472965,0.6500135005117663,0.7485394641832847,0.7174230510963089,0.6267440765050377,0.7106925014141019,0.7194534625002125,0.8002032774745986,0.7204963648449974,0.7131932296805905,0.6950577751169821,0.7897396078499114,0.7994680261715569,0.7301569902283485,0.7587081103155926,0.7870033961994898,0.7236767436656479,0.8533448921857422,0.6547750989718302,0.7269119991803377,0.7653074621204807,0.8210581266657213,0.8055269774758125,0.7765861095301594,0.7245510975965536,0.7449567725143293,0.7921973299841393,0.7232192236907785,0.7122843171677564,0.7645918244029407,0.7467725821594902,0.7797206396234992,0.8305742124992173
0.7866846243782862,0.8296856480384239,0.7664877971481826,0.0,0.7694094530971751,0.8875381063311109,0.9069599421597915,0.8298366768362169,0.7032516252795913,0.8644130833892428,0.8249460876703474,0.9039259400652305,0.7258392721130735,0.6541170556212569,0.7959445756728167,0.6798081340118324,0.7315311670973745,0.7134309159185478,0.8792151065053173,0.6219144333941495,0.8342014608194891,0.7389325136232106,0.798342796283883,0.7646322976443319,0.8893960038824614,0.7926432918527684,0.7038477560148997,0.7660486961969531,0.8200921477480766,0.7042000245791756,0.7865824724004418,0.7175943150568553,0.9491920514919008,0.7574387708633603,0.7847449976965559,0.7493051906998929,0.8140585444432339,0.6836401679664708,0.7063409146917551,0.8187778406308749,0.8759940646434201,0.7964454308543736,0.7079477237563541,0.8869112424543346,0.728118540260989,0.6797930631483518,0.7192506438942685,0.8145479326325259,0.7784542368370689,0.6591599605727907,0.8740000790890183,0.8943376472422995,0.7045342153203136,0.9265364891643258,0.8289543145347981,0.7786744073149662,0.7057599761570196,0.8855179238864644,0.71972756338784,0.6510397839738542,0.8053446873368334,0.5884787710628037,0.8669729448460325,0.5950564803130859,0.6358670505966286,0.631541509798652,0.740845468848593,0.7469466944162478,0.6506577035541035,0.8472994042549914,0.7344632210681797,0.6308554182992923,0.7725323403034854,0.8207478744153414,0.727832778383413,0.705135819033711,0.67702446171991,0.8198523903374267,0.7197106109252334,0.6992408060557739,0.8688021654727428,0.8331041737854488,0.8093275537959199,0.7155738267592863,0.7756287737801958,0.7535906629783343,0.8609738815698526,0.7204250512773112,0.7336852926940595,0.6755055905740146,0.8586379847325316,0.8526438526659421,0.7646645988881854,0.6854940781249969,0.8018871069582543,0.8995393170067494,0.6116501063841806,0.8610056641248027,0.639216298751484,0.7895852188612609,0.6424848393058971,0.6590578643831873,0.9233829591188424,0.9099506569788459,0.7425691015812593,0.6442509470417479,0.6524406856055552,0.7974207079701318,0.7494334279205401,0.7949175503417106,0.9246033742909365,0.7295175661195039,0.8787292270584758,0.6595586239339533,0.7644002320112298,0.7932664582979377,0.837875933343361,0.6335007008338664,0.9354824095177774,0.74025139842075,0.6134160720899557,0.8895137942068806,0.7254246608439798,0.8668392431680654,0.6868609089010212,0.8756888684083708,0.6469957590133175,0.6455363877516298,0.8058470115843109,0.6328148092739097,0.6855338274999843,0.6489202480437467,0.6121221648333058,0.7892177589089899,0.6643680923572227,0.5825141927110434,0.6607169982470867,0.7683978495114085,0.6953356562912058,0.729961654578851,0.9401675727919326,0.6244634226727558,0.8236628192791555,0.7428050836576914,0.7435734865796026,0.8231670487032613,0.7637802762527643,0.7416220133851801,0.7710373082794675,0.5754268333047033,0.8334179520449179,0.8915425992024683,0.6627567157083697,0.6425051233051017,0.9371600359954584,0.7192331249133631,0.6789909102159679,0.9246693055947208,0.9276353972006085,0.7610803705069086,0.8272418814633001,0.8266646351612679,0.8227578487527806,0.8049242594420483
0.9164131333180812,0.8109877349627562,0.8235028110268675,0.7694094530971751,0.0,0.7395014356889775,0.8392779825051723,0.7689188932680493,0.8812076331840533,0.7705144683869535,0.9186495418285997,0.8244401221287109,0.7553766921200603,0.7103800074233723,0.8722225267503362,0.7568824573687127,0.7684286090481035,0.8853218258039178,0.8261797493512657,0.7727858498720209,0.8569258099084145,0.9303087774902618,0.8047187764760363,0.8286063126665779,0.8371182739354767,0.7482291827105602,0.7658647705432375,0.7447836918588027,0.802212724199595,0.8437401300170633,0.8186214425670051,0.7347606438209952,0.7777526750889325,0.6736027419643664,0.8627792335854095,0.7552166454152219,0.863770067351116,0.7996668961463297,0.800139879947259,0.832203004917086,0.8139067799055514,0.8566780815252213,0.8549231247488894,0.8480748739930917,0.7296724586380307,0.7040770737624883,0.7725442120553834,0.8972785622802412,0.8607703680367851,0.8138829149124726,0.8653040258670925,0.784368944274932,0.7727100430033285,0.8213186218314016,0.8132023895323672,0.7157930749450213,0.8226613001026091,0.8528333259109122,0.8500285786932716,0.6940618987093122,0.717641113543565,0.5996805244770212,0.8495874144913946,0.7021639336369221,0.80889115017236,0.6715215827722993,0.7253905887710694,0.8899604170435966,0.8108668101454845,0.8723257505450422,0.8799862068576209,0.7364679325727393,0.7901453535049663,0.8218921462576624,0.7537432109647205,0.7009986949494282,0.707925140490197,0.8181005238555912,0.7018900054495708,0.6422558352339384,0.7406649356055145,0.8920726344223107,0.8903400358473711,0.6901998457706562,0.7734727167019247,0.7957335815666651,0.8288237521575562,0.8342222788011759,0.6749938554451491,0.6837122104057681,0.9243865181604386,0.7638335671828537,0.8687520910648323,0.7244789760240654,0.8795700689229463,0.8027278881831977,0.6455919463432648,0.7118778132419138,0.6938649403469636,0.6763192884353756,0.6911731278674188,0.7017924168911363,0.7617455603367518,0.7615035939990241,0.7833751127423666,0.6706438827066445,0.6309817583843876,0.7584606797193891,0.7625028033287657,0.8053411809998737,0.8088536646114676,0.8375426297565811,0.7505384565384744,0.7133703326206643,0.7429804696072596,0.7749098766950379,0.7495308444012625,0.8304857347591951,0.7575324071493302,0.6963206220427053,0.817915835329358,0.7350576912693376,0.7369398831387356,0.8194395789086247,0.8338246721135514,0.7735156262254894,0.6312080089217915,0.6776172015828057,0.7132626815388312,0.7958415814292117,0.7269417724327045,0.7319272217384547,0.6601007045251535,0.8178516691937318,0.8129120250224656,0.7812134080540099,0.7658366346935764,0.8468695448158653,0.8103792187990005,0.8647598338473652,0.7763059501004853,0.6888031369789527,0.8207122974030986,0.8289559454605461,0.8190468420029541,0.8163396864698088,0.8978397612181697,0.67156820948388,0.821146578484408,0.5981568067527876,0.8557489730695301,0.8329658743034131,0.8384571635529899,0.7522410583891945,0.7745459010917732,0.8484038357560766,0.7690222346489436,0.7487552371930958,0.8316626477133481,0.722845155504356,0.6852326074150884,0.8281040389392667,0.8223474925616518,0.9641796013074384
0.8012555804379811,0.9266384067443091,0.8135991820279819,0.8875381063311109,0.7395014356889775,0.0,0.8002231618520057,0.9298389221476457,0.7610084627697535,0.8766996215412707,0.8153812324513551,0.8975596675215936,0.8418610365978951,0.7868314623089393,0.7022482776563959,0.7973909400415562,0.8229900015619578,0.6916311103516809,0.8204319331740896,0.6835764265973437,0.8167663292054123,0.7221020557492674,0.7591453334267219,0.6984524737971332,0.8320543922631056,0.8240698292835286,0.7735446244091364,0.8022079489355929,0.9079388100416592,0.7666009116239326,0.8055111953446193,0.8475184545474506,0.9076439958819658,0.8123840134499706,0.826489188950219,0.8581226379275295,0.8324064811951404,0.7901123313827119,0.7270893249320556,0.8229923647759639,0.8837552862318938,0.8097150067181743,0.6743537665352477,0.8408077522251775,0.8134077592195957,0.7385705494268366,0.8286243976004257,0.7959146793589492,0.7456126255072201,0.7385586698555824,0.8590137357695447,0.9210008215639034,0.8020428766571025,0.8979519136332544,0.8716106800364072,0.9321351036737777,0.7493285556648559,0.9312856974009678,0.699286358372611,0.7781644095738273,0.9031384702942673,0.7409757883795459,0.8873887697428582,0.7026166991676731,0.6136414733171041,0.6748522328904671,0.8057802355058511,0.7133892602689552,0.6798523555512758,0.8053331664257999,0.7649675500690946,0.717891507436866,0.8588506105160961,0.8422233501899029,0.851681275857663,0.7719955619911765,0.7305316256010829,0.8888461193941959,0.7582438252083228,0.8262987528073075,0.9335416515913454,0.7819711785012985,0.8504227916832393,0.8616335237800946,0.8608190118211975,0.8545995123612182,0.9124488571476265,0.7606859989645015,0.8537666800423884,0.7932411995109276,0.8640718089395022,0.8915078776909158,0.8281503727000605,0.7548453303174825,0.8439715766709583,0.8764089986639346,0.7184559707605706,0.9040336858938964,0.7606789105127757,0.8967496992800185,0.7337780576119771,0.6723346522027742,0.8190452183916472,0.7922320544298753,0.8533383377439516,0.7571045555671034,0.7599157630420085,0.8244317690300922,0.8142475014544518,0.7905954905302086,0.8468437106549767,0.7839759055236812,0.9677261661623493,0.7767427638696449,0.8605994503353575,0.8987604179327372,0.8964812636985974,0.6185770076741182,0.9119484840317758,0.8796110821682805,0.6797333227768935,0.9365196679676236,0.8218237811083845,0.8570582001087599,0.7414851494819967,0.8961712668057656,0.8097191440749476,0.775371345356591,0.9109025837963453,0.6802652327612001,0.8332107854787821,0.779955987730643,0.7292409437673836,0.8675170748376552,0.6520571010867842,0.5983765385610916,0.7247715680127347,0.7801270076298675,0.6874954469385028,0.7262431567097176,0.8292371550387208,0.7764685123290839,0.8872298340047967,0.8286295249422378,0.8060298717924782,0.8166063294133055,0.802226943262261,0.8285457893259325,0.8167739455957136,0.72847378285784,0.7877472046272672,0.8910437629252581,0.6883459723278577,0.7214080052005052,0.8482057556960142,0.6884265851596129,0.6741848079613896,0.9210497873159166,0.8550512342741808,0.8455048522171161,0.8114441475769872,0.8835333738754501,0.8960540821886912,0.7654451705829173
0.8359018708705194,0.825629805993588,0.7229370093545595,0.9069599421597915,0.8392779825051723,0.8002231618520057,0.0,0.7810297462034724,0.7362040992146275,0.8444749993181696,0.8463083828399548,0.9134544735843484,0.7290265444685582,0.6543100967852806,0.907826782672122,0.6837923806732221,0.70431784520962,0.7596902434553849,0.8924395278680503,0.6649619968222996,0.8302323359058059,0.7766580937859621,0.8482053769442034,0.8547071663951409,0.904785954134592,0.7765761059611843,0.7127365147719344,0.740239538161901,0.820238567783874,0.7476424509496609,0.8633138757532297,0.743060170844471,0.8972988798596517,0.7605211676048621,0.8141921426826808,0.7400001072559763,0.8962611019948125,0.6839749020947541,0.8049049336589055,0.8547234700214709,0.8449568673056593,0.7633173294685466,0.7957515458500983,0.9147736828312055,0.7471891598063278,0.7260927151248853,0.7385296545074364,0.8869615320586028,0.8843502719335852,0.6990478545436714,0.9249370841173007,0.8146833067287873,0.7206491651231083,0.9078635936384063,0.8746362272553949,0.7415696940500509,0.7563288495001345,0.8307344600503144,0.8020137294139581,0.6732691786988629,0.7724011244558316,0.5830239939062333,0.8096491223536412,0.6071974380300404,0.7241465842682789,0.6682614085339631,0.7870787639729427,0.8507311212907174,0.6514477650165703,0.8283417355099041,0.80074310766547,0.678595904748978,0.7247629327672129,0.8297724806978057,0.6781703057682436,0.7809802294606505,0.7440953425155447,0.8610738379445243,0.7157862480678016,0.7122896193840185,0.7801882889348984,0.867843627910531,0.8795781036325978,0.661797307553385,0.7509143781076186,0.7309238894050943,0.8490837793207654,0.8080342138924402,0.7345308473141642,0.7014137169377764,0.8477651920304903,0.8528728884955061,0.8264774163489867,0.7422946156483371,0.8024400899320773,0.8972321248632245,0.6165995424352633,0.7825057854848423,0.6444315500518824,0.76157845327249,0.6963742865952264,0.741244672268342,0.8847701975643057,0.8608399571254229,0.7329224689095281,0.6432476453933756,0.6455562097513924,0.7385563256725319,0.7956829895837306,0.8550850572448623,0.9480756127192559,0.7503494688751969,0.8098923004948785,0.6403259482315395,0.7489494744475195,0.746469060445761,0.8104920209726202,0.7532473028027703,0.8172189136788048,0.6815353575532791,0.6757655348754011,0.8024456263075441,0.7051542018329082,0.9422876443941897,0.7351753824483782,0.8947377392427976,0.6144917575744161,0.6811242721835509,0.7472375605192542,0.7026382767206228,0.6500306420165046,0.6155805031127213,0.6369145364674369,0.7723586809261411,0.740312143043145,0.6704557185648043,0.7261458504742313,0.831685304719951,0.73192286430347,0.8471871172010874,0.901326891496452,0.6316874614772666,0.8439729074416628,0.7313470224509094,0.7984435937214318,0.8385362269746283,0.8009835990295137,0.7702489551325329,0.7751597912454757,0.5465887730665346,0.8989661296299516,0.897618999080302,0.6998984432492478,0.6971858750967517,0.8838318323594193,0.8419532239416236,0.7630605539731714,0.8759092578632415,0.9365657557875542,0.7864088938055954,0.7691598392885076,0.835645387750483,0.8300104173052352,0.852702405378901
0.8804459240712204,0.9430201746993205,0.8601861777741495,0.8298366768362169,0.7689188932680493,0.9298389221476457,0.7810297462034724,0.0,0.8167750114033574,0.8857336199956131,0.868603511170087,0.9096895007840325,0.9275916216325646,0.8206179998510755,0.7239650798052915,0.8878448494654002,0.9056769297001802,0.7815681618879299,0.8550453639224955,0.8064638545187556,0.8707953684733374,0.7705582551352465,0.8386251159848438,0.7630860190106872,0.8739991999960897,0.8617363594336153,0.8575807456443397,0.8828321418050958,0.9008358623482499,0.8305325777717288,0.8328167659787875,0.8989754780076882,0.8473208867737885,0.86701589694235,0.8766177009597143,0.8799917806890386,0.8887680828732466,0.8712087367100395,0.765539924471205,0.9009181948311389,0.8834677184580848,0.8357115880196533,0.7565275939647587,0.8214306019808066,0.908405839572751,0.8404378446651057,0.8685161244356785,0.8319608425122343,0.8200134890570098,0.8258572832110067,0.8752466792077775,0.9142919274001182,0.8339729961480524,0.8734816147147316,0.8839880506083838,0.9057936689908247,0.8486488511386392,0.9392218694115541,0.781021943985189,0.8459404206561886,0.9286844857142021,0.7422213424784284,0.9113325428316748,0.7750398200624083,0.6667160407647834,0.7624774785677695,0.8556902329102464,0.731772670772111,0.7682534902266365,0.854543126911879,0.8098575943906038,0.7849531412131411,0.9019240980789527,0.9064654375097333,0.9123755507079467,0.8107082363664248,0.7809624329399697,0.8786764801765468,0.8432951817340432,0.7889209367527205,0.8766829258009412,0.7956115279646095,0.8641697946230285,0.9090191197643199,0.9244258469014917,0.9436918363476111,0.9527057667523336,0.822392690343855,0.905218850597586,0.8223944008269052,0.88631680491074,0.8501762914322064,0.8731579891714669,0.8213536034500201,0.8670007317133624,0.8289792547678642,0.7468493160165026,0.8944718524437723,0.7746357063428746,0.9141823357257026,0.7608006443441648,0.7553915810019558,0.7939103909117643,0.770826683682678,0.9025931721755476,0.855351827227077,0.8342264624800364,0.8999622590362653,0.8812607367368985,0.8521892202540734,0.8382449539085648,0.8564847123253029,0.9309677057501331,0.8321722428416405,0.9107035682290526,0.9551337008381138,0.9331517812816615,0.6994855329567686,0.8769230796001878,0.8578587405986209,0.7523976293901233,0.8791907424207215,0.8965642286408437,0.8551785023929466,0.7733013894882331,0.8801690138881485,0.8124513582182671,0.8177494549722164,0.9291618969595008,0.7603071273289987,0.8796047043185827,0.8340663165659674,0.7899965817818677,0.8657016798508717,0.7317525428614621,0.642843871026024,0.8263765142442827,0.8334994585131964,0.8166912833707529,0.8018408840073955,0.7771230877720109,0.8082790104848052,0.9042784066924714,0.8472481314182346,0.8569685340083577,0.8658773575018126,0.8295469301022621,0.8178664721889959,0.9142595915982991,0.7607590786068789,0.8378938230323786,0.8627916158185756,0.7828440083201529,0.8130253840693187,0.8401669654981837,0.7674651863604356,0.7541183533870323,0.8851782425079271,0.8251860954800158,0.8493227739074989,0.795601159775989,0.8964555168688163,0.9159246619284607,0.8181409618715529
0.9088040501945939,0.8614922529759246,0.7886165358714496,0.7032516252795913,0.8812076331840533,0.7610084627697535,0.7362040992146275,0.8167750114033574,0.0,0.7384503115712796,0.8623335922773375,0.7717794194614425,0.8074643077850883,0.8359061354625797,0.7629134367240735,0.7966358542085555,0.7935527077970655,0.8452224365501044,0.7560079621834636,0.8253687725833599,0.7697865901334999,0.8852623356644518,0.7410784320533376,0.7141501472758484,0.7564875273509983,0.6989312031932947,0.8368420874377481,0.755757766273026,0.8180842717896855,0.8771651300649514,0.8204642063727674,0.7916610126767974,0.7387755916544994,0.672603147407658,0.8919373471546351,0.8113737698446615,0.820612267836334,0.8874664152622895,0.7872104965502291,0.7875187018592649,0.7791135206498361,0.8473420983715259,0.7460243587662337,0.7642925060940128,0.7614677816682094,0.707075396302253,0.7847847624660476,0.7920842485800144,0.7884789135734163,0.8731083618045378,0.8032448485405245,0.7482281974513649,0.8683721623286619,0.7695931101611738,0.8007638712299243,0.7926951123814857,0.8310175437753018,0.8338230352149147,0.8104854191312927,0.7867831300031074,0.7631339106078779,0.7032900210679595,0.8060269745927373,0.8017567507147297,0.7720376498478736,0.67491391254837,0.7647940915218262,0.7819564461335611,0.8246152095409794,0.8252926980765418,0.8663107302633962,0.8175898209039926,0.8539896919868761,0.7885528051725622,0.8404987528058725,0.7313673223433085,0.706068127158458,0.7877532570250327,0.6871145137552648,0.6621100542982457,0.7103546200369467,0.849463718805545,0.8704739387871443,0.7631812195761506,0.7990079459894315,0.8528805080641302,0.8415027222603457,0.8653779108627884,0.7328306580617807,0.7749596372450407,0.8859751977631607,0.7814387685992173,0.8836784299697678,0.7629050449100903,0.9200818072924196,0.7560431667789125,0.7380366153540482,0.7040292599649826,0.8005240544375334,0.7170781099415147,0.764355072413959,0.6658694661442464,0.6786002839150005,0.6663282782299885,0.8661434745178128,0.7000822350940707,0.6578718063993529,0.7392999024052999,0.755883110433752,0.7307098907020375,0.7173765149617453,0.8571448515669612,0.7781445943582893,0.8272187799436423,0.7780269626880701,0.8176257115226928,0.7537272746400988,0.7653128834007604,0.69572489610623,0.791561524448045,0.8648440799686309,0.7466358207946336,0.7693500721754447,0.7582695840982532,0.9098006374077989,0.7353152145392584,0.736949900241915,0.7463124902406125,0.7295124508566488,0.8204849706520061,0.8560236054152388,0.799474588963522,0.7682272200624592,0.8929544865253174,0.7683029910546461,0.7775277582646622,0.770103736547465,0.8222457080834997,0.7645746070350175,0.8245210624374013,0.7059720097603226,0.8021968803483084,0.8714907794526139,0.9114205335300606,0.8122296276821084,0.7684484185416887,0.9044694112876769,0.6701208188422718,0.8012158906461229,0.7055390215730994,0.8026714194531451,0.8167546890354158,0.8610296300694359,0.7633979596632668,0.6824628091852872,0.7947213420573871,0.7463194125632701,0.6901183014124075,0.7837904730225579,0.7483328455466747,0.6347964827851799,0.8592332286076423,0.8483517925716043,0.8908920207454186
0.8221048360528836,0.8510950316645021,0.8644936782216508,0.8644130833892428,0.7705144683869535,0.8766996215412707,0.8444749993181696,0.8857336199956131,0.7384503115712796,0.0,0.8744082373096581,0.8819754513540873,0.8424118063096859,0.7024648907466319,0.7369222656816524,0.8012660586997039,0.8269540627356715,0.7856278257545859,0.8560012641324513,0.6870222414241455,0.8262482567407539,0.7749703184995688,0.8609455036516463,0.7472886498990494,0.9234703308695426,0.765768184438515,0.8178140180006378,0.85441205347546,0.8732605570626774,0.8185290655871056,0.7583437422369804,0.8166821747210025,0.8283761641062185,0.7695978528140519,0.7746997824705777,0.7415355785091431,0.8577103148836771,0.738249534516052,0.6890711191821324,0.8537051901912567,0.7975608489375378,0.852412483979104,0.7356126408602821,0.7921790271574419,0.766934517483235,0.7341275957656194,0.7627116747156262,0.8022714997614605,0.8315585650537863,0.6947584226554466,0.840045339534587,0.8256815950732785,0.7265940508201058,0.8374380522114055,0.8301699725841449,0.7996746637649899,0.7476055923928759,0.9059330944123757,0.7792615028094146,0.6987044931993956,0.8359308553882461,0.6141408493990214,0.8447129106485605,0.6416588129366313,0.6222040036928378,0.6625632883643235,0.751356985647758,0.771109897627302,0.7579163351683683,0.8999060495176975,0.7173386201721182,0.6647938507166743,0.7919601521632943,0.8744333183711539,0.8131526895046282,0.7468474190155948,0.753186930781955,0.8489420011598585,0.7186069178011791,0.7208512560015115,0.8514863247263819,0.7473221592496706,0.8633426967683188,0.7661366304519973,0.7849100080488508,0.7858772108143698,0.8780069419438565,0.7653578504530762,0.8089279234217351,0.6814019645095009,0.8571629356880549,0.7764430209425648,0.8057422816396992,0.7100478218477398,0.7871544300360566,0.8369945827561013,0.6034285401261138,0.8125861494508295,0.6440807481828286,0.7977748875032645,0.6554853835719264,0.736027856719462,0.7994383927357144,0.8272009795830458,0.754428941659549,0.7142286097439621,0.7110401087727364,0.879221608413233,0.7856938072901113,0.8217568636466561,0.8444464977408551,0.7241667226993227,0.8526383260658915,0.7573706143576074,0.7691228469554708,0.8473188494271472,0.865998585697045,0.7230477286728828,0.8803173191153892,0.7501160817695893,0.6417471598152795,0.8193860290963397,0.7427018243087327,0.8424078369288736,0.6738412431999865,0.8629444831232931,0.6705044805755086,0.6833924622319254,0.8162910636542803,0.6699825324590067,0.7889174187496504,0.7279447995916087,0.67628344374709,0.7380469630740047,0.6621523511940792,0.5843730053370203,0.7293664018528742,0.7469027880224819,0.7655831097332867,0.7560306560832296,0.8248128177854879,0.6853772767161266,0.8116938227818975,0.7406332677054959,0.756399065890551,0.8080498552776274,0.7361253614080416,0.8309375877565517,0.8645109603973501,0.6282226062664596,0.7763236669059587,0.8721210758963623,0.7207962221799136,0.7538007782728479,0.8670439948437848,0.7339800629548808,0.7595698941155781,0.9060209404018605,0.8269299758296792,0.8090040331800717,0.8533706763751261,0.811982455073217,0.8211982023652585,0.7920521438007156
0.9435924742290851,0.8624708851242748,0.8829448497121057,0.8249460876703474,0.9186495418285997,0.8153812324513551,0.8463083828399548,0.868603511170087,0.8623335922773375,0.8744082373096581,0.0,0.8819743957344245,0.8657683897766951,0.751755662297087,0.7994916119153364,0.8622492916229315,0.8920765396212664,0.9148399527689032,0.9053307662840407,0.8078346709360383,0.9000691125552451,0.9051138658751022,0.9036220425937324,0.8217158023721103,0.9080990658131763,0.7723271064811121,0.8799502571250248,0.8992079495337725,0.8640230500158365,0.9190056535430673,0.7994682076910765,0.8348115027081697,0.7923548723867572,0.757657680169111,0.8648355106048539,0.7782064628139831,0.8971002904319513,0.8363900323682543,0.7806298747578595,0.9091563952324367,0.8169992758108555,0.918141514206839,0.8271055614420675,0.8208367594471093,0.7846528103738454,0.7589266283958089,0.7631389691074512,0.874206006352522,0.9174024969238707,0.8173791523684569,0.901066950462464,0.8254325391342492,0.8084192744629556,0.8536467500710301,0.8639785155307284,0.7526467472683626,0.8811834000644597,0.9370885857823449,0.8803297188002045,0.7531177653360064,0.8319707968210668,0.6238678606149565,0.8942085688418632,0.7167127202178115,0.740704896784842,0.7139597738338043,0.7768134692480946,0.7987317791521453,0.8569476630747168,0.9465363532674563,0.8118606946543159,0.7418395406084771,0.8716064570558499,0.9277151317146347,0.8687468734024274,0.7489267310017244,0.8069928509770783,0.8517866721907762,0.7359550969621586,0.700669556258484,0.7819238690363531,0.8411135801205509,0.8871648535093472,0.7648290728433266,0.8531608364542455,0.8375414808720205,0.908084215037557,0.8517880831474393,0.7734387352851115,0.6914552617582626,0.9530831022254965,0.7660381542262557,0.9044193520258501,0.7852184636833993,0.9028676510679938,0.7898146227573916,0.6510515557405621,0.7559716445195901,0.6962476426226587,0.7578446637051807,0.7002455561983671,0.7766566025652282,0.7704699181943905,0.7634905198115058,0.8230797677902986,0.7275519564846691,0.7176977446454791,0.8691884460680264,0.7965638419619409,0.8428387463069289,0.8570621767330099,0.8409311882088119,0.8276507920121939,0.8217421826383479,0.7954698430622338,0.8780307618435894,0.8463201251309403,0.8429434194002436,0.8284915885556158,0.7487621645250142,0.7821535925369156,0.7755909064947617,0.7933643060722044,0.8493486377956604,0.7884839833044196,0.8151789997809746,0.6847113351262631,0.7037667653331504,0.7859310288062354,0.7513490096554263,0.8039833364084492,0.8030855743556838,0.7364508171947062,0.8248540388305081,0.7776619649744442,0.6865651920925466,0.7810898767925472,0.8192509330697851,0.8534699269518016,0.8607698846789783,0.7763369757181817,0.7316509456396278,0.8709404083517522,0.8363730218317481,0.819447227830549,0.82542895837578,0.8284787725688102,0.7391177247153848,0.8786290255061002,0.6519828752746004,0.8653548009731387,0.8735628051089954,0.8953697300942566,0.7589469005452261,0.8144870080843907,0.817603143266019,0.8615021323276493,0.8146852574362347,0.842651666340473,0.8290091005133242,0.7229121678032678,0.8610941284312019,0.8242900990895219,0.9592761234907701
0.877455566471801,0.9159526593730289,0.7943972915984594,0.9039259400652305,0.8244401221287109,0.8975596675215936,0.9134544735843484,0.9096895007840325,0.7717794194614425,0.8819754513540873,0.8819743957344245,0.0,0.8178279176589226,0.7209760394968613,0.8368212383808912,0.789658423631984,0.8084396245834845,0.7620889101841313,0.9412120635393973,0.752851234421851,0.9096583488851556,0.773750901534742,0.8804535972295275,0.8635239253569885,0.9443823709547756,0.8689625802484372,0.7667881787216599,0.8211906720358028,0.8922709494796635,0.7925214400277486,0.9038342619774659,0.8332429197110577,0.9139119745513762,0.878114668994183,0.8814123543655362,0.8438197280081179,0.9321288097293405,0.7813016415325172,0.8404943963341053,0.901467259121533,0.9247862163030265,0.800868453153578,0.8152008378995542,0.9343284135698705,0.8651064916103294,0.8091062916281875,0.8291093987923799,0.925364916499492,0.8853891223579434,0.7749144563632313,0.9403390613091884,0.9176263254291365,0.7710528340245728,0.9472831583467045,0.9310213766351703,0.8385349522440156,0.8295845527390426,0.9238047460782528,0.7892204266370846,0.7660358299612899,0.862387527215853,0.656461826597465,0.8905292118813322,0.6942404208816519,0.7044681098293872,0.7316636553129335,0.8317058491999281,0.7802564948678352,0.6877900997667742,0.8467142597350836,0.8248828278512245,0.7420553483816934,0.8107797426078373,0.882591540230235,0.7803035098339599,0.8207897312128121,0.7687416664797438,0.9095348719505921,0.8306031034051137,0.7816942233573292,0.85947750032506,0.8579166348339728,0.8907011668665188,0.7848112624892974,0.8719233918394788,0.8596638256700422,0.9395389690502836,0.8164633954389755,0.8313719195604705,0.7851052666079141,0.8843093131813355,0.8990286498967646,0.8772687563505955,0.8097280583978659,0.8338045758547907,0.9123835142639263,0.6938855625745368,0.9009848001377586,0.7184916049248703,0.8586549408403561,0.7498346328824703,0.7739449613400933,0.8930779795639016,0.8704100937778857,0.8306824967888563,0.7619463955873791,0.7573500599715829,0.8458408061404231,0.8677338159571668,0.9253278033459079,0.9662032961446207,0.839285756410915,0.8859450238010421,0.7162955800797668,0.8564555821777573,0.8558088934868786,0.9167296735134285,0.7437526758997617,0.8958326528340237,0.7664511332142941,0.7280434680645761,0.8661989513650631,0.8401560399329739,0.9485174345938229,0.7725009577666976,0.9521420991482417,0.7019467161927835,0.772209361213011,0.8859568635955339,0.7353207003845647,0.7440293226126954,0.7111009183883614,0.705928571389643,0.8481357495914202,0.7820041366368381,0.6669233647365475,0.8210375610600565,0.8729295172123416,0.8011946558696285,0.8707533107769783,0.8628946736008315,0.7184699164734362,0.8936638203546872,0.7988558062056025,0.8832462188226261,0.9027317388815836,0.8521774691634046,0.8002604319050177,0.8915586241458251,0.6479833124833477,0.9311935275738803,0.9095773362232048,0.7486752825700437,0.754491731242955,0.9358533144576999,0.8306064680348115,0.7633487121698521,0.9331518358191346,0.9086117248864471,0.8285233877288276,0.7839849233107279,0.9059793367072446,0.9169480139815449,0.8620002018903181
