0,1,2,3,4,5,6,7,8,9,10,11,12,13,14,15,16,17,18,19,20,21,22,23,24,25,26,27,28,29,30,31,32,33,34,35,36,37,38,39,40,41,42,43,44,45,46,47,48,49,50,51,52,53,54,55,56,57,58,59,60,61,62,63,64,65,66,67,68,69,70,71,72,73,74,75,76,77,78,79,80,81,82,83,84,85,86,87,88,89,90,91,92,93,94,95,96,97,98,99,100,101,102,103,104,105,106,107,108,109,110,111,112,113,114,115,116,117,118,119,120,121,122,123,124,125,126,127,128,129,130,131,132,133,134,135,136,137,138,139,140,141,142,143,144,145,146,147,148,149,150,151,152,153,154,155,156,157,158,159,160,161,162,163
0.0,0.5178366625750257,0.4382089715704777,0.465105834477892,0.4189791740216641,0.5043499674619625,0.47605323356540213,0.48939407602145546,0.51334575738986,0.4288959005604485,0.4572589290699462,0.42203560383617356,0.6054026930691073,0.5116480684099701,0.5334069706520079,0.500541017922878,0.5262704395578618,0.6804677880147187,0.5462650568622928,0.6463325644718294,0.5232233375149467,0.502602678500648,0.46319346040778964,0.5124907763370355,0.5326755813583977,0.4362536630121982,0.4547023726514321,0.5134436608983741,0.3957980191609173,0.46745375492873803,0.530850641582643,0.5491710227072889,0.5204258773614926,0.43444794710261786,0.5782946104412163,0.44474492602701193,0.5578837901451268,0.5346888612195546,0.41891928034988174,0.5718166860472872,0.5006261688170457,0.4665433400275254,0.5214030338850957,0.47980125367170084,0.5341490972442399,0.5554102221622707,0.4880743670217587,0.43752024301731,0.553192573040818,0.5361131408977987,0.5298570098831442,0.553943440028512,0.4250445757712179,0.4720581871639557,0.41737892550397576,0.4651835557901146,0.6048030928871262,0.4722079035236701,0.5183941156472526,0.5688681905426244,0.47558280043924805,0.4484796926046964,0.48556513790897954,0.4191636866634063,0.49419579631146665,0.4857791218181798,0.4774487773623366,0.5525992706899279,0.5112395597062213,0.5481807013133415,0.5915840952642429,0.5104766816304864,0.45987130662508235,0.5572475081436485,0.5364820064948073,0.5196554649256029,0.43562262631443777,0.439758921029433,0.4965594542974044,0.4371655031272834,0.47352347250570753,0.5500339878309738,0.4934765862609992,0.5106741878071627,0.470859724550867,0.6247604022822401,0.47299025688838875,0.5332297156489478,0.5565738075236465,0.41706466332675,0.5145473760213831,0.493271234727025,0.48557498551766204,0.5254403772190788,0.47135041580579123,0.4585056341982555,0.43897604613872504,0.4794560399107818,0.4200619513534998,0.5623656731351133,0.46014812007263656,0.41859635863775513,0.4303282026222105,0.4485260232943676,0.521134815818859,0.5403668294691899,0.46225110246235146,0.478549704767577,0.5439312261494983,0.4750615155092444,0.4595677048627866,0.4406287307093655,0.5150548268565678,0.43783466761677314,0.5115351021315263,0.5728903651618833,0.5390986903161693,0.4582383211057773,0.4265536983907783,0.46205462829156263,0.48823214145569416,0.43878923380755447,0.5008215857037279,0.569526798346019,0.47168735049522875,0.4664561555651532,0.4573822404488289,0.44125528899973604,0.43827198006023754,0.5506440385332566,0.4694876782873694,0.4979383923084836,0.47649036039847026,0.4692771753734377,0.4687946271484779,0.4437786329475061,0.5160240628429248,0.5574324788070729,0.48806749752753437,0.5368956353809173,0.46745909227697874,0.4760992546013126,0.5492761685557922,0.41565732405701405,0.46458728099043906,0.5028552259148132,0.4914221202413643,0.4631002124036371,0.48514866946448204,0.37168059575096035,0.536509365335643,0.4680547030831873,0.5069456026870736,0.42896366256756835,0.4968282950878511,0.5536581669714059,0.5737889674739418,0.487618252910953,0.49121995584339234,0.4673269974957101,0.442052245822661,0.5829795834014637,0.4323586254638716,0.5390257520529662
0.5178366625750257,0.0,0.5357297234400529,0.4505533009198357,0.4140305489138179,0.5859350349199159,0.527219854594559,0.5081232742036018,0.4976361030213571,0.631752300496744,0.44850195686708677,0.5078700752743934,0.5491104397836224,0.4742071937408269,0.5349046845059222,0.4942360462415589,0.4747085365862456,0.4887897753188348,0.5246148037472843,0.5001015233176006,0.5052200424700118,0.591392206111488,0.45183879836005253,0.5174703503714514,0.6074415998041032,0.3901121815321654,0.461616092552208,0.4417353563150782,0.4948616454287059,0.4760762082280944,0.5630045501718731,0.5579320089448605,0.5385637798998992,0.41391407326540375,0.4859883347059107,0.45176052653835497,0.5295450307785257,0.46521782733792244,0.4461026103269853,0.5214196910318917,0.4855056624611798,0.5058466662021762,0.4391318707340894,0.45959223239187946,0.523932189240972,0.46868118843154455,0.49423384174788404,0.4329837150059541,0.5186771131541387,0.4509178185831121,0.464727043839881,0.4527790177125337,0.3872130196169738,0.5011891980832612,0.43585612336882673,0.5360550152652438,0.46116362244765424,0.4841190707431808,0.48970366522046366,0.4963952237236065,0.46673002285582,0.4098800706883085,0.40054364795575254,0.4094550104442844,0.41264523015308274,0.4005929868012305,0.4635631481115087,0.5334411749526403,0.45064369514629676,0.5010633632873251,0.49076259141713097,0.43677159937691834,0.39968222589503133,0.5120958502537253,0.4922358720401026,0.4460651071509633,0.42577218269613026,0.48427028405450534,0.40450829681518635,0.4008599542161604,0.4552364278918793,0.48783653629466245,0.5845866730858297,0.44537843331438687,0.408252730765663,0.5681649547491248,0.436431416799233,0.45294626106646985,0.5037942071758207,0.45754661218680115,0.4462502197948395,0.5370145623814797,0.4735582861880217,0.42114865850038546,0.4273295139032379,0.6188521418133385,0.41538939149826865,0.5130459617398232,0.39220260454180655,0.5073097342278822,0.44563101545555717,0.40926047899876405,0.3946643198633309,0.5484518983152641,0.43035968968520566,0.4729785825358952,0.43457129020652235,0.4939851141391325,0.5130799947129023,0.5566514177232167,0.4630235838909523,0.3904428976758,0.4608547999199779,0.43044612603847965,0.405234834663764,0.500631228898566,0.47103107610365924,0.4935443282558451,0.4322712876515286,0.44070909146431325,0.42289403455535624,0.40672368651829804,0.42781737827409666,0.5467781886721149,0.416885678901558,0.5630787098571337,0.42711553980883954,0.4893272841989212,0.46999231845543465,0.4863035803721905,0.5353715647950376,0.47608230443798927,0.41020581662054595,0.4293177387533456,0.47101196077301066,0.39595340230844633,0.49842685912022017,0.4836016708466947,0.4762154000916965,0.5149405747415304,0.44966211047539767,0.4954213331543007,0.539791224686277,0.4200886764340611,0.4686521879274057,0.45779911321549716,0.5303936174542915,0.5049338009721576,0.5831069083912307,0.38198205682657754,0.4381048125417404,0.4602713123221547,0.4683441527298726,0.55820862902305,0.5421350976345635,0.5277136508909327,0.5146109125108831,0.5397074141979982,0.4443449756308761,0.4084319850458214,0.4393354187433814,0.4851631420223803,0.4364622645744007,0.44996210473524856
0.4382089715704777,0.5357297234400529,0.0,0.4287236178452415,0.43363472982102647,0.5733216913839635,0.4368334302252335,0.49519634046061944,0.40598953216979466,0.5679105699685609,0.4929745995064954,0.5027928021061888,0.5240655171003554,0.41578586377916066,0.44216677923710773,0.5938433941209386,0.501936761099631,0.43369058818415407,0.4843277679591937,0.4416404469926463,0.5254604609422054,0.5848872499160291,0.4106813976142284,0.4655514833227693,0.528580311835594,0.4053550075460385,0.4301869995562212,0.4251545043700495,0.5066146077179965,0.45585974547450686,0.4462901671069249,0.5334272323242549,0.46638564388850023,0.388067041474365,0.41146701794591584,0.4435261236325116,0.4914784509253917,0.4563199443829899,0.4372540413612714,0.467178777595432,0.4553253618718618,0.4656581458658406,0.4479935986465927,0.44199667495004924,0.47565999323783,0.42184196761092,0.4456051804459151,0.4668847082761476,0.4564996883603141,0.4320625940237798,0.4447465849485042,0.4421025527344994,0.34763380795941806,0.4941486452369905,0.44700348196510453,0.4266737024253908,0.4284371509214944,0.5608193127651009,0.42638566906914815,0.439173852279585,0.46031631517472604,0.38929344136418104,0.41695491280839553,0.39450087999061034,0.3665490750636211,0.3756753352372896,0.41251995766434274,0.482378158318474,0.47338833010421116,0.4988312537201601,0.44487312003628554,0.38429502365885393,0.38330144850710746,0.5090023863466031,0.49822441371661425,0.3701661061113737,0.44601187180640656,0.49001280760839194,0.38969253347837196,0.383671846882388,0.437357086930199,0.41951903208709734,0.4901129430000194,0.4455014191411057,0.39343194401743004,0.49396075058046396,0.43250532817993004,0.40446921762425003,0.4280645762348313,0.38515336232014363,0.4474472934578671,0.4177971392478992,0.46272376078795396,0.3727469048530577,0.3924457562319883,0.5217291993050603,0.3913132907952057,0.4489817617209782,0.3568819026919878,0.4283110989926863,0.3919779797985473,0.4373204857387991,0.3751045117946342,0.4982650648441397,0.4025614593717819,0.46771975585880465,0.4441802462361715,0.47460277998976774,0.4515679950405794,0.4992886972970986,0.4476026720055607,0.37777280377375205,0.4256590904868719,0.4209691603700441,0.38119456912472843,0.4602573423284362,0.4075789769713259,0.49504545310831344,0.47280145478443203,0.40191213431486766,0.40786249179265627,0.40363779746388034,0.3987470326049393,0.4736905852396562,0.3619571564751119,0.5499680152906264,0.4015612590057316,0.4835792833753862,0.48718224399483984,0.4370292617341466,0.4524565830571996,0.5348046480607398,0.3869798045782441,0.3873521552226285,0.4527195986208219,0.35885553854997576,0.43795844735018724,0.42297837980839326,0.4655686510038692,0.46398537689565783,0.4002702794447009,0.4853186355922128,0.43450353351191595,0.41001921947680653,0.455520557775169,0.4144021482849076,0.4746594143541135,0.463166789924359,0.5526497622791382,0.4043119678347324,0.3960184650182628,0.4024462611410009,0.464173315856349,0.504570496905652,0.5203065599732347,0.45489312463631326,0.4535263403517369,0.5172291979620184,0.37851382504729353,0.39244825618965423,0.4007225312810767,0.40484334665771915,0.39684880635958464,0.4217740827614127
0.465105834477892,0.4505533009198357,0.4287236178452415,0.0,0.42488277689615084,0.4602415345292141,0.5164639247958663,0.4668503377373422,0.41801701759057985,0.4227294067284738,0.5199421184373396,0.4392469703231946,0.4797091385498005,0.5367387933187656,0.45285346919400044,0.4875791108090885,0.49849446141281006,0.46457988471343614,0.5146119396529941,0.4463757803734054,0.5642136977964749,0.4642187460709104,0.4650424603695001,0.44309756861028826,0.5006288268246716,0.5192456792939085,0.48360239739300903,0.4709714637297758,0.4279060891184552,0.3886895593931151,0.47691271488239,0.5130773562891479,0.562205727472376,0.45608246447100276,0.5070432801365095,0.563745511992368,0.520257019218481,0.5710261193985886,0.49803134254150255,0.5652408106538437,0.526699515423506,0.4489233662017561,0.46897682825179676,0.5342231461863806,0.4944878325666694,0.439330944098528,0.3776158488847713,0.46494138788065165,0.5483683812915982,0.49489479771958683,0.580619840417626,0.48876739654832907,0.37440450486296345,0.5972922676445344,0.5318124623087461,0.4117240628585951,0.5130134943066555,0.5306492690050477,0.5204563722426974,0.5192133346393176,0.5201932564435255,0.46606743855161514,0.4452554188315253,0.47165978720240165,0.4277701765766073,0.42756363030167094,0.5901029213182603,0.45321131294975764,0.477682425926679,0.5359080437776823,0.5025908663360253,0.49649720950821424,0.5577356756642141,0.6100415203159409,0.48897061842189676,0.4062666794240793,0.5760927926166414,0.5082422453515472,0.4457274861587346,0.44647782017002485,0.4422861497760128,0.5589820127664828,0.4078480874379972,0.48312674352492796,0.5775507851358695,0.4926850978029614,0.5483593821309102,0.5456194306672772,0.45700863204578396,0.39604905413780694,0.579437843061557,0.537080216839368,0.5022415235513226,0.43407384398414955,0.5859295757028263,0.4585931532910297,0.4495772434468452,0.48530781564005776,0.49771191148187927,0.5278971199051274,0.5351782816092908,0.5094546801912131,0.6075210200888407,0.4541301578171751,0.5255799749885777,0.44616639585828766,0.4965123472171715,0.44436380581757795,0.46749094783582207,0.43333178201511324,0.5912210603608784,0.5517617690623596,0.5798463533801648,0.5928202385433876,0.44459844566378987,0.450728010951987,0.43820171862303336,0.4494544051567141,0.513633077938624,0.5741086587869852,0.49162998813193926,0.6042604206223554,0.4721273875169117,0.5126544975798375,0.4743322948261048,0.47720215977303665,0.5624898063775605,0.44654399435162345,0.4935785406274009,0.49781529054531826,0.3929144044387955,0.5260564357263128,0.5516443449371339,0.5712135899120367,0.49371757920904685,0.380758161317721,0.364660146646025,0.5227683603577181,0.47831049798832215,0.5642819683944387,0.46067799947329074,0.5529632844744675,0.5752806158788998,0.565176880086152,0.5749327153011312,0.4860101407674106,0.4398929703033138,0.4345621654422579,0.4380008940786921,0.4298533080638873,0.5649863187580556,0.446723592193562,0.5254944300439657,0.3939820771601029,0.5556382857125,0.5185816248206101,0.4634173604365356,0.471279282977374,0.5627686828848294,0.5660354008298951,0.4105787298422403,0.5306829984841098,0.5660640387745192,0.5315762623235508
0.4189791740216641,0.4140305489138179,0.43363472982102647,0.42488277689615084,0.0,0.3990048401032273,0.49842821069856247,0.3738242748830917,0.4042222887571766,0.3717075854359574,0.48145469954101505,0.44690489952414625,0.40013421826823486,0.4002735442201155,0.4381963482756427,0.4600807871447136,0.43451048269402237,0.4006412483545698,0.41843744987149734,0.395149219692877,0.4917994267020599,0.4968654306646697,0.42580965144102945,0.4768842095928394,0.4203142881683534,0.4411606300694679,0.4102149337999051,0.36990909918073167,0.3957913433767744,0.44955907861179195,0.41655382514695066,0.4137811650858557,0.42180240471070163,0.373861208014644,0.42905048588539857,0.43329600155232695,0.44865233099110463,0.43952588813084276,0.461913531867867,0.46515520428328033,0.43824461460904834,0.4587221141596543,0.41660315476247056,0.4809437064375398,0.3984320986773023,0.3714686392379771,0.4062699733566491,0.44708789574798474,0.46890969413054784,0.43100204828677013,0.4478901773073139,0.422557841276721,0.3237613492863536,0.44459886029897816,0.4163254384470617,0.38718270318698994,0.4217702116883543,0.5012599338939966,0.3933080220096607,0.4111191184191254,0.3605298600341602,0.36836728863854556,0.3726888972943535,0.40334418223989127,0.36704288968817655,0.33684821808651555,0.4015864086761282,0.434721760993271,0.3992516975983007,0.40686813387613807,0.44025195582533283,0.3904388336261238,0.38796728836562827,0.44842675612122623,0.3855725990373498,0.3337986758789304,0.43808296640222916,0.5643770859296641,0.35531077332867367,0.38460759495205665,0.36523187955864034,0.44657459476436095,0.43425045047931926,0.3590990365669379,0.4062711152759677,0.4273224335812587,0.3871112644402221,0.3971245820674398,0.35405226689957003,0.3760849315356296,0.5383966900360212,0.42693341195805157,0.45418800053156955,0.35294194048079264,0.41772994637457306,0.42874270651897983,0.3433034083031098,0.394398125125727,0.41040226223412807,0.37628735689800535,0.3980728514572347,0.37735515707235084,0.39487641255605727,0.38830986936546547,0.384818959086227,0.4039403792131782,0.37279747300880933,0.39606874135050396,0.40458364563000593,0.4301483152167977,0.4743592716514131,0.434282464831825,0.3867726210499739,0.40745408801489047,0.3554867397322732,0.4270880153317599,0.35255796104823195,0.4435573176727296,0.40378095243674283,0.40717464398216224,0.5369300909048331,0.38316612686038054,0.39629658925316485,0.45302905825822576,0.3945985721228231,0.4079884461953152,0.3995842244792274,0.44470134221395036,0.38899435798226395,0.41066656185635975,0.3746094782085088,0.4466194399943011,0.37378072627218334,0.44556151291427315,0.41902486028181624,0.35808514864009655,0.3774048666364717,0.4685730717949662,0.40900866380588957,0.4554247068322676,0.3427613470482745,0.4551746475300536,0.4374545105038403,0.41875682058809255,0.46705890654656124,0.4365825282992897,0.5034097048892147,0.3704492794756973,0.39728181314536964,0.37717365166371286,0.4102052975689347,0.3587816664406417,0.4887483165854838,0.42114504301385547,0.44431072752511247,0.41505539438136835,0.4116061094571819,0.43857325702492783,0.39613421412828326,0.4026270901619214,0.33119433749192356,0.40454366809777886,0.39994141340339495,0.5282936625863656
0.5043499674619625,0.5859350349199159,0.5733216913839635,0.4602415345292141,0.3990048401032273,0.0,0.4613497762786238,0.5306495340540457,0.4415520448606422,0.5450843818800254,0.46190658484758446,0.46310733569897006,0.637539032060404,0.45357995784577815,0.4728748426102305,0.5468553902474627,0.5001428420034252,0.47262622912741925,0.5025766502335396,0.464233913426113,0.5189136798087377,0.5360396841126698,0.40506031770989315,0.4706165681383791,0.5465785078014112,0.41199011376760075,0.42264664764725496,0.4464734086671711,0.46220721922437064,0.4535087558689629,0.4859040722865007,0.6035285819128956,0.5338492840439947,0.3999432795146018,0.43487044386038676,0.4304239172811167,0.5513725292509939,0.46219873094052744,0.4232525390416373,0.4960337756414695,0.46608923573359184,0.4724401110409939,0.45388906356568315,0.4587532799027408,0.4985506263269893,0.4759142671129823,0.4736196040400127,0.45422936820546267,0.46789041280852195,0.4416504324625399,0.4857812684592203,0.4910301963215855,0.38549799064142426,0.5072927628437915,0.4354140401496276,0.49131376847854524,0.4658328474490944,0.5127876200824675,0.4515065023754802,0.479041317269193,0.5359238617375098,0.43611357651820126,0.45195832422823545,0.3767318553957478,0.40272016659385035,0.42705926439779646,0.46021599657603335,0.5781455271732217,0.45262852770032763,0.5378474937764377,0.5111916352854439,0.41065528555779157,0.4081693947087634,0.5507427905364977,0.5379088756169067,0.4440178806772819,0.45976517921786614,0.4777145203162396,0.41960199388093544,0.4475254314060516,0.513121904505936,0.46358373494883665,0.5500745950970028,0.49590167374899247,0.41436552637839535,0.5317052703955575,0.47523742465122076,0.44240097034470455,0.5118250010103447,0.42095411449491926,0.44990845206286595,0.4623801041320549,0.46043570758230395,0.4314754630820071,0.42103349829523695,0.5471867618473979,0.4323871639331034,0.4713905169354342,0.37034375577234857,0.5118975039205528,0.42357242362699044,0.4427676959747208,0.39013627344077967,0.47643901087677,0.43654592276017534,0.5020156024113389,0.4698543505072052,0.465851391493981,0.4964273772159375,0.5180460599669271,0.4574531401506315,0.38086923946589935,0.5102886114868606,0.4278229195963694,0.42426007567915486,0.5096627848327046,0.4683207806648615,0.44580999543321825,0.4630906294786164,0.4340231551906859,0.4083024447899046,0.4364615427192942,0.425135347358687,0.5648927053793923,0.39376499408029925,0.5701420708966651,0.4375047244455667,0.482865805657649,0.46650910538378554,0.466700090541443,0.48230313802851005,0.5524630501866492,0.4348991331880793,0.41384967186556737,0.44657291779639524,0.3871424839902021,0.4642403223514342,0.4389229376796269,0.43154102426345087,0.4815983546856329,0.4610019846598078,0.4917389590066195,0.48821730131996377,0.40612660174281473,0.45738155274048375,0.42474495201397605,0.48254970185040924,0.5397971475021032,0.5080606322342297,0.3784037634573058,0.43137239105300723,0.44967348049359934,0.4356496906703345,0.4737335395780998,0.5248541073547416,0.5156178800465794,0.5211793608921511,0.5863859870191265,0.42212963855137436,0.43874900351299934,0.4527817089877591,0.46398818893533356,0.4201177673938192,0.4399036235336904
0.47605323356540213,0.527219854594559,0.4368334302252335,0.5164639247958663,0.49842821069856247,0.4613497762786238,0.0,0.4388638602197483,0.4708332196034849,0.4537023147729491,0.4727845699290079,0.5274010161081181,0.46089814216677605,0.4515472013154608,0.5274129572047855,0.4639164569736354,0.44867284885427067,0.4418851902202793,0.4948936558708343,0.4397472302888356,0.5260641180764082,0.5174897438856092,0.5171695518460866,0.5675127229485749,0.5333991065368555,0.4483633699558684,0.47741786468534936,0.41724116504846753,0.4281988300381196,0.46797369909117653,0.5370125781181715,0.4832327358225161,0.5179976329436263,0.44963148530748615,0.4847298278977488,0.46180103323264926,0.5441038132254168,0.4571694334560469,0.508663378252078,0.5682821053112531,0.47788510561321873,0.5191229926485225,0.42954245715278594,0.5115534474350327,0.48359977036127355,0.4313962792383808,0.4344822756403861,0.4445927124066274,0.5923019402938073,0.44042478925810724,0.49988856509123575,0.4449382089361435,0.3513390849916118,0.5085904175038041,0.451905879316447,0.49095051353325475,0.4622643017549798,0.4994139472344061,0.46313362479054526,0.47629907802784166,0.42040266181522346,0.3960566952662037,0.37557457492745827,0.4118730137550114,0.40120214386937103,0.37491018298779877,0.5150465997812026,0.49752832450588935,0.4024364971666525,0.4619824362904707,0.48907785977244905,0.43591331851588877,0.41885742519572927,0.5172592123348927,0.4155915246119226,0.4011597560938332,0.4888033197532218,0.6117987671937728,0.38941043862992814,0.42345838423680693,0.40271598704932265,0.5383503411657051,0.5174330207447124,0.38997485098055573,0.44301453132075636,0.4971858815006226,0.4432344186077533,0.45844381769779136,0.4349238558506699,0.4759605696130544,0.5117728662013017,0.5985218761438995,0.47009625262539784,0.4028800214910065,0.4651011195008684,0.5396978362030258,0.38032998365222354,0.4874816896338882,0.4333029384720695,0.4790412664185634,0.47179118971278516,0.41866785649436233,0.45120243170955565,0.4644761125274444,0.4169825861191328,0.44210116164377194,0.4128163916551754,0.45262653938810876,0.472713317152479,0.5289402155178067,0.5759281195741519,0.4472911815532296,0.4555559355897691,0.456846036561919,0.38411692076866427,0.47751324343857804,0.41344291912612535,0.47726539394667333,0.42205643175957774,0.4625393372638598,0.4866715824266169,0.42733750889695954,0.4350627933060668,0.5741396371262661,0.43605403163272377,0.48378247334438357,0.44568431775953593,0.5084579471256312,0.4284058609624885,0.45604663807328893,0.4339718607242102,0.4514435868314287,0.4287415536829883,0.4929946601810042,0.46698767119907186,0.3729807502424063,0.42109447651945725,0.5293133195336986,0.4536121890280535,0.5530573172140862,0.3979713909196423,0.4875793853788679,0.5819188745837505,0.44371543354812976,0.5235515974241717,0.5096209409211692,0.5449750985490608,0.4364004317474712,0.4541820946107769,0.37157290636700163,0.4836154247626461,0.41110237566722374,0.49220417805376065,0.49350438415216913,0.551657430137115,0.5270967559411218,0.5061108952884904,0.5405428454960634,0.48117712882214064,0.4530250083859285,0.37808929719671375,0.48346935449412876,0.48276516266176467,0.5408809802254287
0.48939407602145546,0.5081232742036018,0.49519634046061944,0.4668503377373422,0.3738242748830917,0.5306495340540457,0.4388638602197483,0.0,0.484020081029343,0.4901123688785888,0.43998419895421254,0.48490803226127355,0.5715945454364807,0.4286830381579136,0.4755321638805363,0.5084575076578861,0.4578241651298815,0.4682003087381865,0.4960637433944478,0.48113796967153555,0.4814851658665342,0.49294148330933973,0.43775827360284947,0.4488722311998638,0.5532121595939761,0.42130964937599474,0.49449320996117213,0.45779120801178985,0.39115915461662326,0.4563644237437452,0.5420391399761443,0.5318243249994554,0.5034526036035764,0.43695968319421924,0.43601894209467457,0.4416559124212852,0.547804141269203,0.47177342305606856,0.43352951603385254,0.47224078147768145,0.4401229013560941,0.4545460603549192,0.4661846058756795,0.41564064337836587,0.6253515031407034,0.48478760620101125,0.4254496598035971,0.41216396323382465,0.4669651885141458,0.4406374910374801,0.46065982408530726,0.4419038728461964,0.35067315803408394,0.46634698961118226,0.42293714561440726,0.46282766395391417,0.45296371661074836,0.5287801922138963,0.4313235427516848,0.48471706569495,0.5262084723443003,0.41316350331519885,0.42094014268962165,0.38388521813077375,0.3841380906955138,0.4109615283117091,0.47785756681083563,0.5013165027654494,0.4717620960288953,0.6651542644000146,0.4855186498829196,0.40424896550413136,0.40483266888940744,0.5322471955528378,0.506156182668248,0.4062895122936719,0.461918178750407,0.4313729066578431,0.4488122835898168,0.3648115461780522,0.4104704377551825,0.48823152837578004,0.4835769438632093,0.4744200517559975,0.4152189048347684,0.5814709019621053,0.5361072614038994,0.4597031301423217,0.530534582758276,0.45173570537840074,0.4475552603315992,0.4753574596449849,0.4241544825350725,0.3970872223159819,0.40434421827230244,0.5111140555697493,0.4289439266987689,0.4921240926034975,0.36570456538474316,0.5229062239427392,0.4102871073006149,0.511624228185711,0.41606806073590663,0.4922671277759305,0.4465621491506149,0.5122254506465368,0.46200135582736435,0.4774062674424814,0.46269119170125156,0.4578154766934186,0.43881031007197474,0.39485764873796897,0.4617546926276966,0.45184136809973124,0.4128888934321768,0.49008593868545497,0.4284384501740209,0.4436980518583185,0.40728817401115813,0.43868841249267265,0.391459317677596,0.48825452865778396,0.40577111298517804,0.48636460781037477,0.37039754413645737,0.4988732652466658,0.4285892513873729,0.5409112513504195,0.4433369688924727,0.45864407825192277,0.49116423403038467,0.48817018843778975,0.44704702212481656,0.41226721704601027,0.4556991305490703,0.3479641862177895,0.4458804079680651,0.4412004489111803,0.48689473863658717,0.5205269495118622,0.42403843402165475,0.4452855179350993,0.48082601492905414,0.40930541507115004,0.4412630379417119,0.47527558861081126,0.48974165762202715,0.4518231882481625,0.5063025524630027,0.3671720897306069,0.468810656100417,0.3941417077579433,0.45433072632904276,0.4762829160887203,0.5351650579519903,0.5625399551786143,0.48094955054638167,0.5217381042328129,0.39817572389372874,0.4062172431604714,0.3939085479473229,0.42681531395177635,0.4200221138496039,0.42641562137821293
0.51334575738986,0.4976361030213571,0.40598953216979466,0.41801701759057985,0.4042222887571766,0.4415520448606422,0.4708332196034849,0.484020081029343,0.0,0.41399328962684545,0.40214144655439293,0.42688252665189685,0.4614086394641962,0.43821893418218466,0.47855859489156427,0.4123183427306702,0.40146035964787125,0.46118673542014,0.41869881231377504,0.4489659265564043,0.42060457135686924,0.5037450438913852,0.427714122628363,0.43707871445232926,0.47006750484944615,0.3738698545427761,0.49330880584986353,0.4001947286736013,0.35294217966733465,0.5014093655600705,0.5185236744061118,0.43043934092261044,0.4457483138389912,0.3770900390821958,0.4606385284822223,0.3929983577368156,0.48496714877657304,0.4325790487615438,0.39585897998865704,0.446556990053063,0.39762277724378164,0.5327633453836258,0.38816393658576415,0.39218359411493925,0.46394208247843366,0.41168696596217547,0.4191118590774019,0.36440686451347165,0.4487283290874793,0.4099478004901271,0.4138130319996652,0.39901167521512176,0.34545738751158467,0.40143542802451715,0.36165480538601175,0.534572939403197,0.41893425967822745,0.44472538796847055,0.4095241267253022,0.4362648713516723,0.4018990175965763,0.377680309438491,0.3602024331708568,0.373191610826388,0.3834685568449419,0.35888072516426206,0.4542962464134227,0.4909536728671729,0.41436778035423144,0.5004060111791943,0.473560443911573,0.39868525084429385,0.397222052562395,0.44322021855202237,0.42453454139313873,0.3843671771576094,0.39298981027253255,0.41848177622542726,0.36972173773284855,0.3488260980613341,0.3677019042288794,0.5322549392285814,0.5177820270636434,0.38406421006626656,0.3862227579683733,0.5273668247923508,0.43924315802487157,0.43177549095444945,0.43725916155795824,0.5215208274384447,0.45137529301467305,0.5147740327611293,0.39102885235427054,0.3727649864838266,0.4141461315666828,0.47615583703666314,0.3725289260837307,0.4405635886404101,0.3909474966417894,0.4483575626876776,0.39740425156907955,0.377367528698886,0.379522633938851,0.4094337824273186,0.40760310424346236,0.42038646187504297,0.3649220432139826,0.4326321095053984,0.41306164248172206,0.4318319527573545,0.4004359129013392,0.3873798737109774,0.42385363416519223,0.4285207900711667,0.36632847805199553,0.4888261291712824,0.38895876507313915,0.3973228688519076,0.34963993026244705,0.458947862678935,0.410103219971416,0.40778921041786426,0.3917180651205899,0.4547276391325952,0.4097847016136645,0.3952449053606181,0.4108779106858368,0.4567201652456014,0.3621199497660234,0.42490189590590727,0.5561168246358159,0.4191823681352472,0.410301137107696,0.4558957429070802,0.4074451953539276,0.35010951576765165,0.41787402500065873,0.4403788596662728,0.4136668218802945,0.46512938669095627,0.37662947847968625,0.4202105749488251,0.5152446855780364,0.3964642621656663,0.4084973090395225,0.4697970242416756,0.5630755785365014,0.3905249139645538,0.4227628939705097,0.33909173294153433,0.4384794313308251,0.3736453045563959,0.4454527961277226,0.46130155003945694,0.43994702554004755,0.5146923308654232,0.46477739678281266,0.45653448138801483,0.40982525656135954,0.37740795083760287,0.35244953228478265,0.4423212752337848,0.4121181112850242,0.47275338606477724
0.4288959005604485,0.631752300496744,0.5679105699685609,0.4227294067284738,0.3717075854359574,0.5450843818800254,0.4537023147729491,0.4901123688785888,0.41399328962684545,0.0,0.43142455537882646,0.502156143356147,0.49657168408385255,0.4180617551165939,0.43932068728874774,0.4842625195391174,0.4556344590291725,0.4263149376572515,0.4986094396462738,0.4401721989629136,0.468040591998812,0.5137450065654093,0.42793619975530883,0.44874201877398157,0.5757877962539282,0.3631531382675458,0.43962458898695655,0.432779195893677,0.5180899498728527,0.43241267188351906,0.4676712179505242,0.5276495313316706,0.46325496698482305,0.40061216268876265,0.413017728541824,0.4238408683100008,0.46323392081080994,0.4227944526698583,0.41473838820010306,0.4571342584098439,0.43445346460826856,0.45844286356668046,0.40546285963211853,0.4093477991193695,0.47950466429166805,0.42131739125567425,0.4274568053855292,0.4084308484612557,0.4643617857307666,0.40251108486171033,0.4176200028007749,0.4049759202868365,0.35356429047818577,0.4690345849840297,0.4273834319293054,0.4575077472368249,0.41047717270278444,0.4684576025525545,0.44706676345054575,0.4382977325508707,0.4530718021739399,0.3731816343637386,0.37414403051214284,0.38596755169375574,0.3637138679832419,0.3705806866466439,0.41798549064037427,0.44514566190586524,0.43276577647862,0.46845407471666717,0.4123722532249272,0.3860333064196841,0.371971786782526,0.47226384740998395,0.4716898418552823,0.3955939329364145,0.4107230326910993,0.44391228547567413,0.37542953997836725,0.36769440473405013,0.4239739236443427,0.4120197306169973,0.48310231627237615,0.4224035572178674,0.38029857803161915,0.48125593495674895,0.4113925802253379,0.40473379533214116,0.4612336100364614,0.4013459712513128,0.3997592024054662,0.4497555196925881,0.4348553407142308,0.37721338140673843,0.3850938175587149,0.5405801184016439,0.38536734154551877,0.47869147059205197,0.3516294670963061,0.4525396236875372,0.39769371023956873,0.40830861024206916,0.37084490669104103,0.5549257765241193,0.38981204409433273,0.43229222334736717,0.42606022269880667,0.48793122191146904,0.4511619640896192,0.5063856299767059,0.4348992122846995,0.3590702059444512,0.4189695084874689,0.41547499873949595,0.3685689490548165,0.4390531806719426,0.4340427018062281,0.4844973915260186,0.43646699808344797,0.3995930518332488,0.3695139500555195,0.3828928656305552,0.39007844257827634,0.4620781874853959,0.36242403876347884,0.5487998225482876,0.39250575093906803,0.4462595950523765,0.48098570720437434,0.4218641254618198,0.48594955278588026,0.4501075451737438,0.37825240528819487,0.3762490827111532,0.43593415939236624,0.349078083536396,0.43762326281369324,0.4092297060986835,0.45887402229570223,0.45704731653940384,0.41316129881443175,0.45796722214619173,0.45543478086287803,0.39677964594091303,0.4308006968687919,0.40914803140269573,0.437782843409742,0.4745438168042502,0.595495214910681,0.38358381374600514,0.38988705396772194,0.42377672426904756,0.4337245247580478,0.5161628859675804,0.5173227301329788,0.45419469513040217,0.454852562351162,0.49323876092227503,0.3887563672113617,0.3805507601350812,0.4177789171696323,0.416375409732597,0.4061104312332028,0.39034473653982626
0.4572589290699462,0.44850195686708677,0.4929745995064954,0.5199421184373396,0.48145469954101505,0.46190658484758446,0.4727845699290079,0.43998419895421254,0.40214144655439293,0.43142455537882646,0.0,0.4801712174188979,0.4876118446363658,0.4729277123070945,0.4274453540634828,0.5875663424743306,0.5199001891707948,0.4366339105405396,0.5082184982224159,0.4630635836970796,0.5589738659340105,0.5396121430791694,0.4527014345192133,0.4707017088409268,0.5151693331344044,0.4791690027464946,0.4732852029586439,0.47083627054889243,0.48423962123863123,0.41759431655121554,0.448582673841104,0.5136674300260472,0.45525631009283885,0.4337882512248011,0.49253002993406714,0.5125195355341062,0.5434534725279659,0.5358975981437794,0.5183983084824961,0.5050377993082072,0.45664086283441246,0.4608329537610067,0.4616895229213414,0.5325110210327031,0.469965921017845,0.3910858543479715,0.3655478531085774,0.5810598932939334,0.5489756601191031,0.4637937715749416,0.489878093743644,0.4397217846962192,0.33590899189075885,0.5492078273730036,0.5529565399267385,0.38450472238789285,0.4706039004915596,0.5897971260991208,0.4574135731822017,0.45233157132761526,0.4771289795945673,0.39058703396412453,0.4169877491296936,0.46918644184766556,0.37870089213380376,0.3767808709118232,0.48075823326162037,0.4363546193362495,0.492250520126323,0.5165494384406711,0.45317349569642457,0.4364320394601636,0.48624689817414046,0.5449510766206301,0.4751727461738694,0.3628920803957623,0.5531297600480577,0.5194221429112128,0.3924802389033172,0.4143705810410946,0.40018883399181515,0.45444903113537466,0.4080267556201711,0.4482590693500862,0.46708561250256114,0.4637453344543403,0.5194369316969654,0.4480374391610264,0.39777623012019003,0.3731525562681892,0.5394234523677949,0.43177828082242564,0.5056842331075361,0.39116729215964036,0.46253276913473895,0.46383822742648323,0.39247550189333585,0.4342646565420102,0.4297090172920996,0.4243583468257308,0.47974502263808044,0.477803759119405,0.4431788541729523,0.4317599647166632,0.4433375546288902,0.42079305841784875,0.4354062758189479,0.4565336065904055,0.4133238484967634,0.47059568970924914,0.5754741835701812,0.4740877655783475,0.483339112775869,0.5106704868259948,0.3911534527988938,0.43509162981480476,0.3926529882785479,0.549743438687024,0.5225725241596296,0.46011837109555964,0.497715291917921,0.4413927879454919,0.46255568614447534,0.4635905423434365,0.4364379198380174,0.4860884608754809,0.4335636232395169,0.4568139761837038,0.4932619798561708,0.44360142881748377,0.38791235323911405,0.5213122306315524,0.48838074305955786,0.488580605954555,0.5415641760733236,0.36561394020837323,0.3820327972366004,0.47733712025265157,0.5053642841978362,0.4941006713878342,0.39824209897460144,0.5754912566088759,0.4582676588591604,0.4884926446169744,0.5716794164679116,0.45164761733529263,0.44306787954327703,0.3886683640943461,0.46868020446576913,0.45113595924204614,0.4939070196327048,0.39531435050638963,0.5936318607172529,0.39419651164963515,0.5067898270698734,0.47819571375857267,0.5035871226862176,0.4523349483524477,0.46313604044800527,0.4774263429463029,0.35935357646435223,0.45920286049741044,0.4279738759987832,0.5525298155324354
0.42203560383617356,0.5078700752743934,0.5027928021061888,0.4392469703231946,0.44690489952414625,0.46310733569897006,0.5274010161081181,0.48490803226127355,0.42688252665189685,0.502156143356147,0.4801712174188979,0.0,0.45117306113289657,0.3821028101801046,0.45277604899611507,0.5018563764218948,0.43283006217888154,0.3907280103034256,0.4858094975225001,0.4304753420290761,0.4925643042430295,0.5097168732634721,0.5059102596917071,0.5419428643347357,0.5884993105826494,0.42377877488748406,0.47438073556959937,0.41055000394219143,0.4367171335027586,0.4788068919058062,0.5117636360235822,0.4679471419790558,0.44239706934534917,0.47750886021883304,0.42625763056661087,0.44038380801613203,0.5266612540182624,0.42066727752357214,0.48792603077327346,0.4655856877057982,0.4219166674564971,0.49226957622577244,0.41654669789088034,0.4486912021297959,0.5242337921536808,0.39585214530592777,0.41160530791652383,0.4532859205701928,0.5111432898238627,0.394616568811561,0.418796783468427,0.4009712282982837,0.3038888045774478,0.4623609651475454,0.4400119726844568,0.45166576704434946,0.4019133160968924,0.5533334876273995,0.3951579162273557,0.41657690639508776,0.4049594122525963,0.34597140352311934,0.3508754069044315,0.3921466462212391,0.3378660291036122,0.33741852852429627,0.43619850549058153,0.43728031021257213,0.3965707620914575,0.4659722715058685,0.41404720319966165,0.37088907849985986,0.37099303122144156,0.46437734267953845,0.4008004607243054,0.3481230964418678,0.44898615313012435,0.5302876321619681,0.37216753907139977,0.35450813511416673,0.35956629742734814,0.4300080685699026,0.4795346416427688,0.3769684809941664,0.3868927428964087,0.4864423547622168,0.44197689914821237,0.38892683927707844,0.4047351214796739,0.45380884684047573,0.43910296515097413,0.4718656507204402,0.4188027014971674,0.3462862224948378,0.37446494247494644,0.5806194199029905,0.34788889547970875,0.5060934305964212,0.3632584143125026,0.42155734166411085,0.3988359567059786,0.4301380852506181,0.40025678537267095,0.5251870455139307,0.3719704823461025,0.43687451197869437,0.39218008533043114,0.4978929726189723,0.41317047651426436,0.5590864595846018,0.5179483415969717,0.3915733237936504,0.3962030682196576,0.4170826385975661,0.3467069252728529,0.4440499284565683,0.375061188811232,0.5112585628195581,0.4197269941981352,0.40048674951066765,0.4043545609573496,0.3907463368864257,0.4052776601491082,0.4621101201650156,0.3574924595147537,0.504843648614012,0.37759195243602467,0.5784791719913532,0.45381355100043275,0.39643307830390606,0.44072857790538744,0.42565119973917565,0.3805334357814664,0.4026044076365989,0.46843305268116486,0.3220787167659558,0.44193868214537924,0.4421786181789364,0.4950952654599025,0.4835225987264027,0.35654986743613265,0.44580033189262186,0.4414599536330757,0.3951975066103269,0.4772154901811944,0.5030922201455137,0.514036968039552,0.389240428750672,0.5314106180896758,0.3785283114752641,0.42884062924147603,0.3541647571517236,0.4618784106679255,0.5326522045289693,0.5773278857110009,0.4775408443776495,0.45766400517837985,0.5333122106761459,0.38127461459473916,0.37721042736818833,0.3385643599064459,0.3961376879869676,0.3981987631795474,0.44314857335147173
