0,1,2,3,4,5,6,7,8,9,10,11,12,13,14,15,16,17,18,19,20,21,22,23,24,25,26,27,28,29,30,31,32,33,34,35,36,37,38,39,40,41,42,43,44,45,46,47,48,49,50,51,52,53,54,55,56,57,58,59,60,61,62,63,64,65,66,67,68,69,70,71,72,73,74,75,76,77,78,79,80,81,82,83,84,85,86,87,88,89,90,91,92,93,94,95,96,97,98,99,100,101,102,103,104,105,106,107,108,109,110,111,112,113,114,115,116,117,118,119,120,121,122,123,124,125,126,127,128,129,130,131,132,133,134,135,136,137,138,139,140,141,142,143,144,145,146,147,148,149,150,151,152,153,154,155,156,157,158,159,160,161,162,163
0.0,0.30016860252935373,0.26025504516217113,0.24276284595260528,0.2735625943084924,0.2798616582147458,0.28267594398049584,0.32071289496435,0.3867990199737533,0.26278900360568946,0.28442455451990467,0.24075352335177888,0.38512073822594334,0.2760715675550904,0.32572005554454014,0.2892713119217939,0.3206895003436299,0.42398157733086317,0.2871116066674973,0.3991201273372845,0.3039782311239937,0.2908229730078577,0.3002519509860854,0.27442390598700994,0.3232218089076441,0.26391763080428465,0.2409520412985478,0.3319019804868557,0.21455892130613735,0.28267981440262313,0.3304872503892027,0.3344749977876007,0.271492070223871,0.28727275825169196,0.34638377677081666,0.2691155600602885,0.3532376622267004,0.33058048880873536,0.24462405803879952,0.34761627929864036,0.2894891474837488,0.3031244540030379,0.3423389091627984,0.29281131993577303,0.3159399589038337,0.3836663644102474,0.2963808796498173,0.2756290721780315,0.3620441702247363,0.36264168128777724,0.38076171432981437,0.33356527840376926,0.27292683394492034,0.24996489337718816,0.2598575497070841,0.3211941627704845,0.43293893176253534,0.284264297293532,0.3198485951633232,0.3241442838464046,0.28233427784824155,0.2647310191933958,0.3258061719609466,0.2329701627890944,0.3074427825899397,0.31678106588944627,0.3124391025326237,0.3398975967995093,0.2882343636599399,0.3442870526795145,0.4837183930166528,0.2953767379001734,0.3142941882170357,0.3306838385149323,0.3320112370571169,0.31835615511910725,0.2577376221207093,0.24933678627845274,0.37922181414110373,0.25973724799794734,0.3192944582546773,0.37635807498156654,0.33021530023197515,0.30825872513760477,0.33232004491165895,0.40535289901001914,0.3153408117638319,0.369180173155182,0.34583727531593234,0.2902611715114679,0.3692678452151334,0.31133165000992424,0.34270963256398373,0.33532511757940886,0.3587591660687605,0.2510093601178206,0.2312730884582739,0.2755547693243443,0.2432265775579034,0.36400106701054424,0.2541214524029677,0.2622082183897992,0.26687631469957424,0.23268648964812647,0.38882566742476854,0.3581127560741033,0.2887709145492555,0.3222908715386966,0.341344184309592,0.27749572392217764,0.26437895224671876,0.33850576892726303,0.3632604991334785,0.2615493009441899,0.34521879561515795,0.34412769732740767,0.3465668888544594,0.26867389176223905,0.23701670202916883,0.25411284731440625,0.3002058557588534,0.27229115088926,0.3375676875346882,0.4180688770150245,0.3107198789312193,0.26170743663762114,0.26378568392418295,0.23541001017076013,0.24812954339739068,0.33062598636528523,0.27682891609822424,0.28392433509345966,0.2612428290387764,0.30959077465893126,0.26050201955921715,0.295519329838442,0.3119841602325573,0.32250155754479765,0.2870714047407083,0.3669670521670784,0.23964974100411104,0.25632543309919026,0.3771094268320386,0.2771831689147404,0.2935276809491071,0.33832502557712624,0.32812044738342344,0.27717014353228925,0.3309753609361291,0.18205160438265994,0.38912871072676075,0.29781750558698195,0.280574889440849,0.24047196773522653,0.3062758487580786,0.36271479726666817,0.30955040781854154,0.29612545451865124,0.2732006083986703,0.3276637714157533,0.2564828142665298,0.3657403079768861,0.25848142790808415,0.3896690403516786
0.30016860252935373,0.0,0.3217178636539596,0.25501530355948776,0.22663702296444502,0.3702292844971429,0.27288619346447024,0.38200016898269723,0.2587793889720509,0.3518753668083963,0.3018648451207964,0.3252170324838215,0.3242139731211638,0.26932306939821576,0.30336787911437246,0.28820296831936176,0.3189118984798592,0.26028234638620523,0.3299848156126797,0.31401720838658054,0.2996684424191816,0.3601525815277783,0.2884124362717839,0.2967154847925127,0.3401499119200338,0.22824774950942628,0.23683945453425656,0.32423083720567425,0.29395951048244967,0.238219014521683,0.33453956373004673,0.33227682343941994,0.3149384210933856,0.28930594037331947,0.29560639288910817,0.3193314266093977,0.2841741879616452,0.2823814937917588,0.2954690996584826,0.3033949112933888,0.3532269500771931,0.27893587485592425,0.23712441872877646,0.257891221924289,0.3797160055961082,0.2704676125968813,0.2725583808881021,0.2691899073467121,0.30064149656382544,0.2957712903105247,0.3139643970975928,0.28479330484505144,0.2551022901496393,0.3411824983137174,0.32387456926768377,0.30433093663207833,0.29260261703856777,0.278585235498158,0.30289684812081397,0.3230777483221744,0.3397685120410576,0.20476710778717772,0.2575662068061022,0.22649553471205466,0.22473565663220477,0.23408350525019464,0.26277278898665246,0.2570309442726339,0.25419225087142816,0.28911435808635755,0.2760627415847523,0.2524462207768983,0.24549172329756958,0.32573380957450526,0.33106696231115174,0.23851586541926056,0.24379286064015804,0.278756945142583,0.26403875711939345,0.21734661778069905,0.2548623841478774,0.28088739980949823,0.3247171350957767,0.27766638982077346,0.25723014350728274,0.4052115778450677,0.24831390066751355,0.24635612445143382,0.2710437476699769,0.2771685900180543,0.24693171051816276,0.2847826778099735,0.3388800055109072,0.26731139348299043,0.2762497174761726,0.3116606156482758,0.2412253177379508,0.30318963903634666,0.19769728144942292,0.33654988274901887,0.2438064807120994,0.24008093825988638,0.202808280089529,0.2566299569130798,0.27647553181225404,0.277811094972491,0.27221205645119645,0.33626862442315325,0.29688989985518355,0.36662147745022106,0.2722327963693654,0.23726769748521437,0.2959262919016966,0.21940307579562746,0.2785921178860169,0.3654534708149489,0.28691832394796574,0.23801889280103813,0.293434084131345,0.21931274826028982,0.23771632419365143,0.23230354302269576,0.2908261409181762,0.3275679234657444,0.23745795173960937,0.3519105135631354,0.24957822920925757,0.2865730176473938,0.3536586441056238,0.25890396339407584,0.28532123760159644,0.267110979075498,0.2204461068529754,0.27943455307249876,0.2823305684846341,0.2175435365054215,0.2822472865403381,0.29051031225378243,0.28980459420858723,0.2707052755048595,0.2329336475152289,0.26343029014253705,0.351161007664194,0.27559246473859456,0.2722745580786239,0.25738004268258896,0.3184170128843172,0.2607288333528136,0.3620000399592703,0.19831476093958153,0.2610027127564408,0.2816824784550117,0.2555271071121605,0.29542229049980623,0.2911935773407398,0.2796202392832085,0.2986399202072524,0.2951810021068936,0.23885826305380897,0.24822366618502872,0.24393307258837824,0.29354423332386675,0.20918029817158726,0.25630000886827714
0.26025504516217113,0.3217178636539596,0.0,0.23189229221809984,0.24964667514424366,0.30192379320364904,0.24431413515256228,0.3159604071797882,0.22959874554994436,0.3532053805025726,0.3187199592758451,0.28858559309134674,0.3101737511580441,0.21651730486907964,0.26509379512708026,0.3513059140611535,0.34340288435933414,0.2529465353405242,0.2644494648239798,0.25002394730644334,0.3349337034327115,0.4167137726081945,0.2435100672945269,0.29202456515586617,0.29159626744655176,0.23172930235365202,0.21821868352231444,0.2966528408173797,0.2536301561587499,0.2534463724473033,0.23935533612605217,0.2892974151624093,0.22766146309131352,0.22916356684443354,0.2161613377746105,0.2394271553526625,0.2750065862733158,0.2444715964650433,0.2685456653198559,0.28736239696430854,0.25220468783186445,0.28395558366902784,0.2506261154882669,0.23421450429488036,0.2908156941454525,0.251885014461183,0.23282311842393907,0.2830073258306137,0.27399934058291453,0.24663798630790995,0.2867379575941436,0.25209154309729354,0.19449718548208147,0.2848300588347473,0.2681612316380708,0.22921129749497937,0.25430680928512917,0.29542341927164606,0.26220231267278593,0.24184859525561744,0.2892992394442559,0.18465425479182723,0.25584194245755965,0.19375319553687229,0.20293456091981768,0.22044830075871596,0.24020235898412007,0.27820057349760224,0.2615533643112806,0.29016151884300695,0.26970281869748336,0.19294378029430823,0.2299438807741947,0.38169939139193554,0.2986961750071717,0.18617867092546805,0.28227196133913474,0.2571153757137887,0.22561413182883727,0.20471792835637828,0.25017111027380773,0.2567197755192367,0.3005582592038811,0.24028870651890472,0.23099922979920498,0.309794244022182,0.22789271836161626,0.2117366139978586,0.23058636925278533,0.21413734686476288,0.2484220615804285,0.20604171568471683,0.2767227061283991,0.2038015774711933,0.2460904895708914,0.24755985918547654,0.19352327720612914,0.23091106048427854,0.16688453846694257,0.2555057035238725,0.19448516167722496,0.26087482833508896,0.18591224543910173,0.25409663308712505,0.22323727185414324,0.28361942607683477,0.2580663790455452,0.28536683617779063,0.2518512113801284,0.3530078967454363,0.25020824909848655,0.20578150913721124,0.24923482783683323,0.2139409992548102,0.20972022913839347,0.30412310259241143,0.21696596299860516,0.2930655330859314,0.2827762728605887,0.19180242700510378,0.22622266954240133,0.20316289307905844,0.22844233870801445,0.29491563575890406,0.18859331628464004,0.3024879357585211,0.21869613596777399,0.2529410983968415,0.28785756904457055,0.2202877703705846,0.23976320469193402,0.33350552991598126,0.19366116967173472,0.20555014063302499,0.2702503192118297,0.19548606353423484,0.22850852139558508,0.2205392971851373,0.2759239270970245,0.26021047626973975,0.1945235345217516,0.22806848076505437,0.267764709862467,0.24245775791474966,0.24058537609385816,0.2062819411730748,0.2961628265774068,0.26835937998775933,0.3455404068436557,0.18408633836315674,0.22145318755359028,0.20631764815816078,0.25327556714737237,0.2910854523571814,0.2853675322095555,0.26818641258010756,0.31637974884067227,0.30666209716201326,0.1826333066090888,0.23389481822060534,0.22961895600114787,0.20089348932171666,0.2094934843872682,0.2664831825815976
0.24276284595260528,0.25501530355948776,0.23189229221809984,0.0,0.22776025389804247,0.24356064472010258,0.31612648639214025,0.2609962969788264,0.21963019723862953,0.22261503439717858,0.2846419372050755,0.2603642905590513,0.24547777569013424,0.237243454921565,0.26484981321857687,0.22564256701285612,0.2690785668461275,0.24125826248311236,0.2727480066143539,0.2339976893949372,0.29526962327841594,0.24705676134025506,0.2947744689086122,0.25258677950079367,0.2655568233237087,0.27179389381004093,0.24088767764718147,0.29544630247659437,0.21271350136837328,0.19583703141097372,0.23648000592660992,0.22791151349706434,0.3636692834373813,0.2901698023237609,0.2612090452771699,0.2714531341670275,0.25715967837444387,0.2572938579064512,0.25540489036931513,0.31270388300976115,0.30734614525479836,0.26389153011559935,0.22381470250458974,0.28685431023237085,0.2655170239150174,0.24723628470721115,0.18522102797171427,0.2423421533061831,0.28297615401480997,0.2510696704215574,0.32521802077241596,0.29490082643840854,0.22318342241459357,0.32228009962115317,0.26184616080794515,0.23096650659241724,0.2809083070322564,0.27844659502988534,0.264293126713399,0.26613685104240237,0.28496063655639225,0.1951109726958891,0.26931625184641567,0.20216262200749863,0.22819695754868785,0.24794901984080914,0.3174354479405107,0.21533779064808284,0.23403274554381173,0.26418410576983337,0.2473096983944565,0.21480744814864125,0.28130436918410456,0.351052857038861,0.26192825201354525,0.19797552233317445,0.3022462798402839,0.2455733766966687,0.2501129319160712,0.190938012751229,0.2350899456442076,0.3051150663268062,0.2240998540529294,0.23784725318776204,0.29305163312665206,0.274636859974373,0.2844079268423358,0.24577662776324333,0.22988432198139386,0.2356263560832534,0.29012758449809667,0.2784706727526167,0.2319477303970879,0.23181912896174237,0.30095723291876536,0.2400331083275616,0.20268548548704113,0.2856697576045385,0.2009369887151615,0.27706497041441913,0.22390806186000192,0.25452409454662084,0.31946949999552277,0.24433772131316167,0.24872347611641463,0.23242310539642097,0.25513603273966146,0.2675012069938519,0.25234076900632074,0.2518630483125347,0.33674810513732856,0.26140716499747235,0.3166753326620679,0.25692278759584325,0.24232217294371855,0.25609645938691344,0.25364405583457555,0.198156512523324,0.32071317817134376,0.24071713105528314,0.23282986877903017,0.2886543786535472,0.2684333982823404,0.2725062193272564,0.21798142219077934,0.23491735724868648,0.25347589162266265,0.21785728703438972,0.27093090621356425,0.2475655409024432,0.201686912553756,0.2589246263389492,0.23823184789892743,0.287411085736526,0.2613956197226272,0.19569074000267453,0.17847716965946786,0.2673522765081326,0.266059203796529,0.2608447837085311,0.2903287380484569,0.21941871856838524,0.3160680174528124,0.27572397739417365,0.25324333890025363,0.2616736779459053,0.2610787112698914,0.21768654609219062,0.22068964880112021,0.1730443795398155,0.30544787868602247,0.24187996020892868,0.26725887295944606,0.21648516313418611,0.3098484487483757,0.26571340697858864,0.27218132147957075,0.2719583310086312,0.3235289480293979,0.24640705542269167,0.22875535308558242,0.24287191855488324,0.25939063651306454,0.27627602083714137
0.2735625943084924,0.22663702296444502,0.24964667514424366,0.22776025389804247,0.0,0.2074497077020829,0.3408336184804405,0.22993924090394124,0.24701114851049752,0.22752239542600403,0.32271646267372633,0.24191536665032873,0.24333753745113249,0.22098358882630528,0.28079178509041314,0.27548659980602686,0.26531897176651786,0.26649707277734486,0.22223026271271562,0.2356336346050261,0.2861866636141131,0.27297779309560183,0.32977920507019826,0.2771405791576016,0.27081887374474084,0.276358848644118,0.24139924043908517,0.24228792727763016,0.2033398432641964,0.2687184631449568,0.27101894733343734,0.22673466712681112,0.2140891925536383,0.2563636676024862,0.2995884580114761,0.2534462475161077,0.2958979426688917,0.26210319158796713,0.26753883422703123,0.2660626743600068,0.24401023744708564,0.3105621169042902,0.2692088914334371,0.29930983541413836,0.2344397767945879,0.22463046241518475,0.24852484183738863,0.31596825250121474,0.33868104385634573,0.2418540503276864,0.27582766346919496,0.22810701260235908,0.18873973269636127,0.22464439255673466,0.24625165885326888,0.2338187228072364,0.22986224575567196,0.3056122241601475,0.24562904618082165,0.21394979262429156,0.1992575682349762,0.1820082495950899,0.2300556197619168,0.23387433056222726,0.208924021206813,0.1855261849877919,0.24345689324184966,0.26586621920055575,0.23537532372073755,0.2901197613388833,0.2651968761849794,0.21824375868771007,0.22808996411712681,0.27069617091309695,0.215548365548628,0.1942739335930866,0.26767045603502476,0.36046355374343986,0.22535229916228214,0.20836144496912065,0.24133773487415483,0.2680103337042583,0.28806014918966766,0.20976333385874457,0.232906128537276,0.2569981572488312,0.26392332510256417,0.230767112279386,0.21212383094825873,0.22922286130315972,0.3554030684261635,0.2579243630479172,0.28081733617577853,0.18760749919325534,0.2558759566436283,0.2309829275886618,0.16720156756053173,0.23587937130918954,0.21912674915852226,0.21766458044696285,0.22378991756446992,0.22801188378955323,0.24130810307419834,0.2089546639052126,0.22019933214936538,0.24254798777083297,0.20041125058829984,0.29949936425249263,0.25588099384397267,0.2670609678012973,0.27807615121630924,0.27353892070493985,0.23544592453324364,0.2536325732808225,0.21131673328831743,0.24114416193783653,0.2234260088238493,0.25326511190082546,0.22368579767881883,0.23335210735534856,0.30381810829528894,0.22348756800923367,0.2312420211943427,0.3150075116962687,0.23866346862487292,0.22372374014305588,0.19696483470250883,0.24197102178772986,0.2164546219675665,0.2316908322887679,0.22005689275980075,0.23719371260453992,0.20025292307749706,0.25500325576395644,0.24100776204491955,0.23063348558507382,0.22643324339255713,0.2914663392917254,0.2663295284430719,0.2962291572495428,0.1920375816508379,0.2340366358960692,0.2591027348440883,0.25523252488523307,0.2942032157161288,0.2770140777747007,0.3085660703511812,0.23325412578729296,0.23989646063914258,0.18236675104144476,0.26270406921949985,0.22325956179885806,0.26093248126431867,0.23863186013035725,0.2886473992335132,0.2803551669157565,0.2395742837107076,0.30292147811340603,0.22194795416510432,0.23100370687367838,0.2093517041177391,0.23546520096733706,0.2398405958838459,0.3642266789701308
0.2798616582147458,0.3702292844971429,0.30192379320364904,0.24356064472010258,0.2074497077020829,0.0,0.24750012570712907,0.32048942921873497,0.23301247944761314,0.26376658121292074,0.2764252096994432,0.33065953585164354,0.3281099965090033,0.20685595956499256,0.2744092826195333,0.30910665318999936,0.31810260009198127,0.2149660915164905,0.33149228797682534,0.28109158111750954,0.297883649986886,0.28527200684941495,0.2154995552399899,0.23944243978547722,0.30745576292580745,0.21532685710339827,0.200332359297797,0.28360806235855135,0.23845351490789,0.23880689403575595,0.29115980129325403,0.38080772674477925,0.29843082534724646,0.27080459664817313,0.2504925696478077,0.2614128884000015,0.2641554887869381,0.24199785407028693,0.25406734879265624,0.2427966312999648,0.31333503556067654,0.26867502522439035,0.2485860552275972,0.28618460375305066,0.2835539482833355,0.2446712726112551,0.25318217081848726,0.25451735683795285,0.23100606240095564,0.2778973688923938,0.2958509385341981,0.34703514893594367,0.2144316498323992,0.3094643426649939,0.2654476465346854,0.28147814657489667,0.27192369454133364,0.3573262177586653,0.23005242550233657,0.25966474480803076,0.31580002184830563,0.22163114896637875,0.30206454993065723,0.19143345583525503,0.20824568930672493,0.22901644861166276,0.22566599907578505,0.2555105950085757,0.2191056871649077,0.2598850433962265,0.27138278086093076,0.2017758870331445,0.24107910884417122,0.2975570248375985,0.342592595726099,0.2175594561187948,0.24601291781027793,0.24084963660206082,0.23601261230762238,0.24893084844080376,0.29947551692664703,0.2532412453633383,0.2755807161553668,0.27454178555060404,0.2457260133783112,0.3013768856121312,0.25467487923342746,0.22635467359632508,0.27443536739481833,0.22513931313828475,0.2523757318344152,0.2883022445443293,0.300815000426139,0.23689616425975993,0.22635232986119622,0.28307467720646634,0.2382601498128647,0.3284073441352138,0.18099365457014158,0.2954590295992632,0.2009390529170292,0.23766841901804145,0.21166760132224385,0.23212627581179915,0.2697277681638874,0.3045677638456592,0.29935001103706343,0.2835796644890248,0.24965817681989497,0.306634967567043,0.29337889516379284,0.21131689030388992,0.3068109586447446,0.21953442515019073,0.23718439564192104,0.31303196944078404,0.28573900453469203,0.21170026213401785,0.34582561237220794,0.21319213934630565,0.21395470777231107,0.24245301425978918,0.269327812072783,0.3013891956637712,0.21805832145883375,0.31581459309382676,0.2506024658287494,0.24300720744251877,0.30139216371867794,0.21353560283955036,0.2699819234159067,0.3302288934471941,0.206469329696333,0.24806750702135724,0.23825757678395337,0.20377521791031875,0.2622387520745081,0.22504932378340609,0.22486502402590977,0.24203770411292502,0.22371065532884277,0.25399909340181803,0.27035269083170743,0.25149920019526134,0.24267242744301418,0.23945691428651925,0.29990770633023806,0.26607191578205086,0.2815123318182024,0.19623017031629883,0.2416791957642553,0.25759548799180504,0.21310179689053735,0.23922946786641894,0.3206886260340221,0.23900670673646954,0.2612155879329583,0.3185208156506287,0.21054394675096708,0.25762620926630636,0.21545053926795987,0.26412505544913106,0.2005942464083236,0.23745519377538035
0.28267594398049584,0.27288619346447024,0.24431413515256228,0.31612648639214025,0.3408336184804405,0.24750012570712907,0.0,0.25368962936400385,0.24966940184302788,0.2609390004136539,0.3091086404293401,0.3111929344626506,0.28004865261137696,0.2407967536883016,0.3556008277939083,0.2506142567609008,0.2566138203620472,0.2744048526874164,0.26477890353982114,0.2338423209557386,0.29001051548464807,0.2950801017521756,0.42172511938401125,0.3270926464238174,0.3330439700306566,0.2925467634706444,0.2617637669672038,0.2569936356330819,0.2440494751714916,0.2582321835584074,0.3010979684805539,0.244244453444212,0.3003719583358618,0.29874023658559057,0.2851758549766478,0.26097501627674724,0.3568084586988136,0.26068447410680223,0.2656861997570931,0.3292014973479897,0.327550767166958,0.3133314432237225,0.2794615807385172,0.3479692738460017,0.297365025977085,0.2588548720500768,0.2573867326146075,0.29139235913374173,0.40871595674104405,0.2353612326443626,0.30854942178455735,0.2609924359123999,0.19643458811457298,0.2930543859652959,0.2944891554077513,0.2755102673316186,0.24486628932757581,0.3108123790826396,0.2813347331418984,0.23350994437748457,0.21887799573343455,0.1923831276886701,0.23445436243356949,0.22778000721329966,0.21172785489275261,0.200921037026302,0.2953900159600209,0.29713335223660825,0.23811496833835388,0.2912245410082337,0.2907702475142437,0.22620290189131884,0.22848657637219177,0.3070154558417983,0.21058951544073687,0.21813478016211824,0.30065376543508404,0.33357134042976644,0.24669093534397402,0.20939944469668226,0.26112094838433664,0.28598494655635015,0.3057696818975587,0.2176966738806541,0.24643430168385286,0.29452166612284925,0.2811731516497048,0.24845900886225156,0.23934580149226706,0.2611872577216346,0.34609940000267897,0.35973216226878246,0.2768703778234935,0.2087809206286655,0.26979284715515095,0.32283652487595643,0.17963400453956047,0.3334785861566989,0.2169827553259551,0.25827889532360654,0.24810178936257093,0.25449142408498465,0.30525672115976615,0.27083555926998804,0.225506254390689,0.26680476523560115,0.2150547275663388,0.32356514883571336,0.31151905012396847,0.3127075133817972,0.3605685784199158,0.2689427417452867,0.25535342343514955,0.23657737397759496,0.23467724776647758,0.2704081302322522,0.24986029053741693,0.25180705625184213,0.2684960013432528,0.23439976359440906,0.26417330634815706,0.25606304646780903,0.24972251720410482,0.35351836152385524,0.23314558126497065,0.2958385070435673,0.20392821104990996,0.2882200582817581,0.24785816809610292,0.2661112620835027,0.2262676315961114,0.22482640805812731,0.2141907410206318,0.24751031360424736,0.2441756271195423,0.23354726403480122,0.2479106273479296,0.31938189369387743,0.30440177829263915,0.32402829142976314,0.25772000995735456,0.2362820418684196,0.2833051015445827,0.2520545524573248,0.31046017602641196,0.3477300005049878,0.310700563604866,0.2655450407124564,0.26314017930532624,0.17420780248893053,0.2876174039801232,0.25977698214568445,0.25335144166350476,0.28937601635523635,0.40217650984171394,0.33417362553538865,0.29939945470454193,0.37114258151021545,0.2968436902867501,0.2540412248433877,0.24517381088176374,0.2587465014808084,0.26701855170567634,0.32852767917302766
0.32071289496435,0.38200016898269723,0.3159604071797882,0.2609962969788264,0.22993924090394124,0.32048942921873497,0.25368962936400385,0.0,0.3145473364102975,0.3290392988371656,0.28627917435721095,0.28808497876472117,0.36984077790860687,0.25861009182357964,0.29201136402716527,0.3400314439406829,0.3629406493539077,0.2709047145557659,0.2896362197170771,0.3263972273965159,0.3191284114194813,0.29002838767755285,0.2858060572167548,0.2656677772854626,0.3468595625306526,0.2456478269602084,0.27832585463539045,0.3724542869461387,0.22245580276084945,0.27068452747343347,0.388444752249516,0.3509589392752746,0.2810671841762572,0.3130677765477102,0.2952087702898892,0.3160432800918372,0.3321743551718173,0.3153451967475905,0.2823396934578309,0.3144138500873047,0.2917375991322969,0.30416548906827984,0.27576197620018217,0.2660603858332398,0.4349757468508011,0.3017715592359409,0.26257196805138594,0.2622426206584231,0.3138355018009854,0.2873924728349142,0.31911889777872243,0.26789077110392306,0.23550062944976724,0.28130513557911324,0.2823034966565496,0.3186697223299777,0.28887648646640157,0.3434677071972611,0.31562719453191945,0.2898844402597476,0.418847533969175,0.22011027483191134,0.2754141280414462,0.2404232727685581,0.22074971669503132,0.24683483993764735,0.30947119924164956,0.2765960620551533,0.29677559147340127,0.403111554357624,0.302126823732822,0.25086807306239445,0.28111444374845396,0.3665510781744543,0.3732480543783283,0.244062943498195,0.30746945131121267,0.2700265120564296,0.31566775713517853,0.2190421124989136,0.2778714467725999,0.29486395531591897,0.3346144735513342,0.32366822364769077,0.31253933459380745,0.4508902932758098,0.35929905683547453,0.2894803783168965,0.3350382400823114,0.2868486487410713,0.267163929138414,0.28843358791424545,0.31546813403985546,0.24413508354162552,0.3139309712209601,0.2850623686389269,0.2514133944220315,0.3363347137886264,0.20544351715686263,0.3568028968596494,0.24639850970313032,0.3263626099135144,0.2320502302982586,0.2577577185365637,0.3144217931470852,0.3294954740207766,0.3128120337645068,0.38787322091610377,0.2936606832955401,0.3216725187390862,0.25796289797020927,0.26279046262420475,0.35355102274669936,0.27973617562312136,0.26538270404569547,0.34214446992068515,0.3159177557869741,0.24068131418607286,0.26873046458098143,0.2425062568221835,0.23859663722132343,0.3126139286361834,0.2834934619025839,0.327835973723225,0.2442621067582245,0.2805725924873647,0.2609137778737495,0.3067145563061623,0.3161042564909425,0.26327157464163836,0.3412490623599248,0.3138525451690513,0.2643526250729661,0.2534409182514356,0.27292566467275153,0.21523532021645145,0.2801431539445347,0.268604659033772,0.30832544125738864,0.3209593431944823,0.2350572904870532,0.26197870020844943,0.36531668933338746,0.31073460182248985,0.2947556754061771,0.2807367161386615,0.34440085175533885,0.2865371452131184,0.3617281998674591,0.20054709457762626,0.3113426498948026,0.284829157143821,0.26074513381066605,0.2869309909956225,0.34075522533499064,0.33670464758446683,0.2941124429241689,0.3387320009076652,0.23133861355768698,0.28004539419290775,0.2557691656136713,0.28412139363519684,0.2522046827850204,0.2654817039791366
0.3867990199737533,0.2587793889720509,0.22959874554994436,0.21963019723862953,0.24701114851049752,0.23301247944761314,0.24966940184302788,0.3145473364102975,0.0,0.23145199543773867,0.2392676287860395,0.23838121106428964,0.2827230320346708,0.2856810524667243,0.24785193688687446,0.27474549112132696,0.2749787113321926,0.314771778845623,0.23457896476486692,0.319295689652909,0.25725728007530274,0.27998081347050435,0.26496770615184306,0.23747703123927738,0.28225105410964557,0.23891707982423924,0.27685729832988903,0.28598998993619046,0.19061991576592463,0.3503934297316084,0.3455872181402638,0.2882712236858354,0.22141177111858035,0.2544476350566331,0.32537944266952845,0.24750674166313372,0.28897648093520867,0.3360756569660481,0.242150943892277,0.27879797685916663,0.2290109268393464,0.3219796361626166,0.265176907931781,0.2560391020644206,0.3152144319401982,0.27742596448734874,0.25410122961132514,0.23257318642146174,0.29345588486473073,0.2845911121908993,0.27514611407388373,0.24128085299375004,0.23519193612680098,0.2229268849296919,0.23335599698367834,0.3599922557150835,0.30093859303983184,0.27134183687746466,0.27223949153850346,0.25351019423466414,0.2430323258281607,0.2408065690054678,0.23871562813345218,0.24887604539974975,0.2618273325360082,0.24670968778605984,0.3142019868649885,0.27686467999841585,0.25891047870938777,0.30405929623275507,0.3507849060559635,0.28064416244131285,0.3258795229071739,0.274834310094427,0.2798988516930132,0.26625680678664293,0.23761880198262475,0.2242508701674052,0.2934053710420211,0.23451425398124687,0.24101514202423205,0.36017790878930717,0.3098098554615506,0.24459459384669308,0.3404337533030673,0.3623285797307219,0.30869226514293474,0.34346266538498976,0.2876242531634031,0.3478563772484328,0.3228985672413242,0.33130398281991524,0.26631006943928853,0.25466420768787185,0.35279845647065267,0.251025400694435,0.23126096938236612,0.2856408757143521,0.28637186469944376,0.2798565588057323,0.26436289580270805,0.24648533914227821,0.2671354733366006,0.21412004602378043,0.3336611674097598,0.28632044504514564,0.23006531070583303,0.29782269585644283,0.2617077751138052,0.24732638693334846,0.22030052228202787,0.34403037124539093,0.31539275864555694,0.3054047961304567,0.2544526822263167,0.2989325378561087,0.2798814001168492,0.2472863771786853,0.20078676559511063,0.2653927605294627,0.2941580392837603,0.27383100858019865,0.30605232970727053,0.2927379318879286,0.379837149549146,0.21511188855095184,0.27678686430819166,0.250099202734222,0.22055987496972684,0.2703350118143292,0.37901041236215516,0.2752440736294198,0.27276687286327234,0.30658839022574885,0.2437519528465847,0.2353187398169862,0.27407341373633015,0.2766914948563079,0.2837646339625482,0.33701189253496944,0.20354171759001077,0.2599013416750487,0.34750020486055905,0.3109194205590724,0.27369568011611095,0.32658163136530516,0.35994452460441256,0.22531089292967785,0.2884284711559508,0.193761423923493,0.3544629896359482,0.24202701707154892,0.25734085802530604,0.2617121406603818,0.261910313289166,0.3450586164563306,0.26557025389763184,0.2760013002893444,0.26264282110472886,0.28965355938981446,0.20311788079159862,0.33123575256158333,0.2956822599400869,0.310478185578235
0.26278900360568946,0.3518753668083963,0.3532053805025726,0.22261503439717858,0.22752239542600403,0.26376658121292074,0.2609390004136539,0.3290392988371656,0.23145199543773867,0.0,0.2580659795378106,0.25514930429520877,0.28862936224088503,0.23631183031644007,0.25727198280078045,0.2727073117994783,0.2693746189524141,0.2668344664349783,0.2578627890293169,0.2336364998823751,0.25066435826666483,0.269421913483126,0.3174273770005688,0.23304232182994894,0.3851488292090231,0.2202575334512076,0.24060508520220397,0.2859094908473052,0.31850658486869937,0.2410696343812039,0.2894392804721497,0.28328058736174067,0.2198152177006665,0.23878520185086685,0.24529617238599527,0.24255455876935314,0.292223413016248,0.2543465190963137,0.21704425857937745,0.25968192046399974,0.23440715215963706,0.25769138751273457,0.2474459986284433,0.22452242392942318,0.27901089283760067,0.23882742855408207,0.24100876048852038,0.2601473126048648,0.3216469058570526,0.21181008233598003,0.2528793394041436,0.215180770201282,0.18977636867388273,0.24634223998765634,0.2782926203915853,0.2749747386045375,0.22481015927325818,0.24648385652213484,0.2757784077120252,0.22431471469241882,0.27156256117089383,0.18926244362279937,0.21383702363066712,0.20398582260225087,0.1926724319542533,0.20191585234763285,0.2312747168062341,0.27012743475864515,0.2865007346974284,0.33529037099417425,0.23688911410019642,0.2339963171319752,0.20581753970128758,0.28353986195705155,0.2546441282576012,0.22545576713562226,0.23037925464250197,0.2670776656733663,0.23665365932082383,0.21544150809537752,0.2617555584570709,0.23690981308965117,0.3181262375346847,0.2716506235612702,0.22742058205782192,0.29846606904163087,0.2564843795824973,0.24894050876138907,0.27908832398120387,0.2194220643167333,0.2351676876109518,0.2317555530782525,0.2689121938577592,0.19416846434471105,0.24294999896697853,0.30270178068815007,0.17794244247826613,0.2623293803150693,0.18725238878227046,0.2692527212907048,0.22436568652875535,0.24591200372049277,0.21697180342218955,0.3270730777167004,0.22106238063135836,0.250365684753176,0.22896697670373253,0.37836058034763204,0.2515254142054755,0.2866699535830567,0.2226181099142477,0.20987636984812966,0.2633543169174465,0.23951611330135555,0.22341730265269352,0.268430759365279,0.2605694199693421,0.3061453374314044,0.2546252734820069,0.2248158994590587,0.20068006676794203,0.2418146818615283,0.2172765051209651,0.2917447601387592,0.20897047031431953,0.3384632334283645,0.20653917832557853,0.22581708684795432,0.30311626257758884,0.24579760177655333,0.2913498075461455,0.23294377583636272,0.21818955218158287,0.19954088020868152,0.2317166783218884,0.19804038151705994,0.25384743491348005,0.25241816042402043,0.2884885496687732,0.27520315788694877,0.23615837163566078,0.236321983922156,0.2595237426185086,0.21864814554490483,0.25457163101634633,0.2576977053255059,0.23441970291740474,0.2955516172146341,0.44973183081375095,0.18584688641459426,0.22732883110134433,0.2747937161155801,0.21294360501535323,0.2765328690116291,0.29551636160958894,0.2740390865208491,0.24331425016642455,0.31519576658611836,0.2192747428315293,0.2501559793848886,0.2893789550455655,0.2670427482540597,0.24369807117049172,0.22602014812376536
0.28442455451990467,0.3018648451207964,0.3187199592758451,0.2846419372050755,0.32271646267372633,0.2764252096994432,0.3091086404293401,0.28627917435721095,0.2392676287860395,0.2580659795378106,0.0,0.32949082169923594,0.29368347047115306,0.2371866676651298,0.2799482073006362,0.3411493827147331,0.33063888681148823,0.265212303534982,0.29011231450181674,0.25550358934215217,0.3445729139586818,0.3654412161289988,0.3113875776917338,0.2935909665692652,0.3275075993959104,0.3112038811097119,0.25334229087803145,0.3056044472005743,0.2645929405856758,0.25288198827109426,0.26896051112865416,0.28843973381615157,0.2561436003749461,0.2831954821494639,0.27478340984264926,0.3319983330860045,0.3336092591845287,0.28544865530639074,0.36086359880071434,0.3069013926100846,0.2905117090199383,0.318350872386717,0.27883437164798514,0.32611522855843544,0.29455940287170806,0.24535772091067448,0.20857210609431495,0.40834980217524725,0.3441931997458789,0.25474709821126224,0.33625851041596544,0.252160075838407,0.2017701741690928,0.349220939572891,0.35988975513579147,0.22707871984425465,0.2743656428101002,0.38710716214210256,0.28766129778972277,0.24806527159865172,0.29075224607991723,0.18598650790873944,0.28132348913446514,0.24321167562049772,0.20239920176022466,0.21868981309229957,0.301968927404173,0.25729318746325164,0.2856700300519013,0.3020215171795092,0.2894128239798636,0.21202256757174978,0.2747625391608237,0.3475540182084546,0.28484929850032603,0.20234500661732882,0.3690066548326212,0.31558045640322197,0.24591502352047662,0.20641744522927064,0.2665827719262441,0.26496159934514196,0.2790689832209565,0.25248464314458985,0.2622492264462751,0.286990068754865,0.2966958645599368,0.23818744052289068,0.21490138298751293,0.24996028299724227,0.36409206392591215,0.23745124132520345,0.3377966267938473,0.2210972759937797,0.28450765456047555,0.2760143106957526,0.199169105223039,0.24395916739899717,0.20476187853469377,0.24611874039366224,0.2440513292729359,0.29521301351031637,0.24812654036771017,0.22286853009180504,0.25058712276747147,0.2451342955789719,0.2440778911703624,0.3192438095696926,0.2565091953613765,0.3578633033564079,0.3764083132351808,0.2748326120654666,0.2907839571251941,0.2677261517880594,0.24073699057961864,0.2715518693303068,0.23854846405647614,0.2769727145346214,0.31763398722925545,0.23275859611004612,0.2728829705006117,0.2344971837638304,0.27148195565433064,0.3215751785283673,0.2259283754395094,0.29965387805924387,0.21013389232147128,0.28834913505368426,0.2982444687301716,0.24010880024671724,0.2171199629105817,0.29433940047061263,0.23482464564895958,0.2840878465457486,0.33260858301058877,0.21829326901483073,0.23672196234977966,0.26613916946432864,0.32795287946276,0.29529064040116715,0.2363766823987236,0.27464545259424517,0.26240913966775914,0.3089254428087835,0.36000115559146045,0.2593190335097753,0.29899991549201493,0.2539593902406949,0.27660882762656125,0.21768753843969135,0.3220868540304295,0.24695227868997882,0.3249658551406731,0.2711452851094497,0.3191210517784159,0.2912237735183214,0.2886625906517849,0.30041218418388055,0.23452103515932343,0.2505576718409013,0.2242902071406025,0.2512555983288843,0.23084701341280384,0.3881635468261572
0.24075352335177888,0.3252170324838215,0.28858559309134674,0.2603642905590513,0.24191536665032873,0.33065953585164354,0.3111929344626506,0.28808497876472117,0.23838121106428964,0.25514930429520877,0.32949082169923594,0.0,0.23435033097053176,0.18165782973913364,0.2513012660651918,0.2647497824866416,0.2644220590023773,0.1976093830879039,0.3048041578827251,0.24158874295584826,0.3034259585848448,0.29429905903521064,0.26018528142127806,0.2670431399494687,0.3219143789899933,0.23999239483084372,0.22206097680826944,0.23863799377247463,0.2384227332645103,0.24919196918304484,0.2870819627280745,0.25883628025041133,0.25954670508024263,0.29806865445017244,0.23032148107482323,0.27479058567870257,0.2801056053690911,0.22975953129348223,0.3439295181899858,0.24590779547062147,0.285839630306425,0.2953266830454388,0.23190258012040235,0.30558588046106466,0.26845752336629325,0.22250949134099973,0.23261291832379413,0.29611132551200536,0.2603970453068534,0.23551561803334609,0.28870196721772884,0.2722148641159865,0.18731514256410328,0.33035628741109413,0.32576944378249034,0.24534675553162963,0.24868014424070228,0.37393043926576097,0.2133152265719698,0.22100019755856937,0.23883683461050337,0.17430968236762187,0.24351373990462424,0.2055953577390195,0.1885451666201397,0.19854356424571462,0.23755779696559462,0.22120084081116637,0.19993509487622071,0.23749045267103613,0.24123981673693787,0.18117209929246275,0.2290972783746377,0.26667670885659345,0.2441778993633471,0.18834328979644518,0.2640678885167009,0.27670473269251694,0.21502108173803997,0.18312847765673693,0.2205187796009973,0.25802597023236035,0.2635256255208211,0.19684630737448253,0.23939495728504717,0.27209331721109475,0.24687154027328023,0.21166596114057493,0.21482332096055104,0.25545176252629914,0.2780004004869484,0.2833975236824118,0.26262233901635135,0.2115237878045929,0.22938284530727276,0.3645472404406036,0.19252413520244419,0.3030031795878307,0.1847378377357686,0.22542366120558704,0.19750406297714515,0.24329594861820406,0.24671787146850233,0.2768698776831835,0.21692460109359196,0.2355055435179035,0.2402762401959638,0.27627216595627313,0.2271531942425328,0.34634218872382916,0.4086820602401779,0.24909043823233096,0.24592519814355993,0.22847063186243005,0.20206834621122244,0.25622216775625206,0.22422962367079385,0.25739424424717516,0.3170014152042474,0.20421877143235917,0.21549004541167716,0.22805138620123833,0.24064851543895693,0.2705040336786408,0.1937706402499666,0.32317709140799683,0.2037610352436543,0.281021731583742,0.3024858688345552,0.19910920926200368,0.21953197025469776,0.24701595435006413,0.1871438899921715,0.26438901126822123,0.2678920033926389,0.18253411922341686,0.24355247404809782,0.22522464296611533,0.24589111471104574,0.258037605997311,0.19871391333255237,0.22948785359486584,0.26867104227141486,0.274447352297791,0.28729913733599516,0.3012252735069548,0.3574257043738265,0.2165299581735432,0.30506272207471047,0.1922878158286886,0.26374028397113625,0.23184971713051372,0.2429751430868335,0.26120243726240683,0.35642401129071694,0.23940746909989225,0.24241628604648024,0.303085927326026,0.206983467659701,0.2194944056512303,0.17798956519418055,0.2184568684728137,0.20320442356577142,0.2713274952287112
