0,1,2,3,4,5,6,7,8,9,10,11,12,13,14,15,16,17,18,19,20,21,22,23,24,25,26,27,28,29,30,31,32,33,34,35,36,37,38,39,40,41,42,43,44,45,46,47,48,49,50,51,52,53,54,55,56,57,58,59,60,61,62,63,64,65,66,67,68,69,70,71,72,73,74,75,76,77,78,79,80,81,82,83,84,85,86,87,88,89,90,91,92,93,94,95,96,97,98,99,100,101,102,103,104,105,106,107,108,109,110,111,112,113,114,115,116,117,118,119,120,121,122,123,124,125,126,127,128,129,130,131,132,133,134,135,136,137,138,139,140,141,142,143,144,145,146,147,148,149,150,151,152,153,154,155,156,157,158,159,160,161,162,163
0.0,0.8678411720767375,0.8547799770637718,0.8769818388274819,0.7901962076775112,0.8899627790306088,0.8587351181846611,0.8545275925440434,0.8743176985911505,0.841224608746513,0.908448553900559,0.8913308757093051,0.9583920810120994,0.7665018483390676,0.855381335323903,0.9003615488195017,0.921951923894421,0.9193412197137655,0.827504989992729,0.92607122524947,0.8526377883556103,0.8639505262147068,0.8816752490455092,0.8232888713331629,0.9131430368038393,0.8394555436568621,0.860242375710535,0.9055721404404526,0.7673775401192247,0.8508011762906509,0.8588077271632878,0.9169698848271834,0.8665150990903545,0.863932168918291,0.8601953445457219,0.7997257460727324,0.905074698426534,0.8307847762099115,0.8173824557028182,0.9371551311352344,0.8165480759481166,0.8950032583308943,0.8337473055358948,0.8564908305086553,0.8952427574720659,0.9299283990548217,0.8203325299988362,0.8415046365154082,0.915152048818934,0.8977813006287965,0.9001135889331914,0.8738055306149777,0.8058984439342592,0.8493772860540316,0.8494105394299146,0.8370118426747049,0.9175328350043261,0.9008803374409642,0.7990155142601785,0.8468200754265107,0.8409845387220589,0.7404166292155636,0.8664719850367816,0.7432613691758426,0.8080289941301306,0.8563299014909387,0.8897220459989743,0.7983999632592393,0.8254319495824715,0.8203216602778124,0.9036123646124656,0.7531625440220313,0.8533491649303835,0.9230918534992117,0.8857797051661387,0.8138407051193413,0.8806436820578848,0.8058247257452402,0.8145920444890975,0.7086999388490678,0.8099662127385776,0.8689578154240455,0.8268099787905688,0.7798811704614006,0.8838722510343203,0.8871785653242549,0.8441868057886764,0.8359715534115416,0.8557604890386274,0.8201534556888684,0.9246677775521588,0.8244393432286105,0.8759024420029619,0.8564724697741568,0.8767981648246277,0.8255457918130041,0.7477019732271373,0.8376305794696175,0.7011920489334562,0.8692238996221606,0.7200486144867277,0.787766773302504,0.7948568500882365,0.7451725520919534,0.8338240217192194,0.8976252755062984,0.8597290971620966,0.9004612724741167,0.8974882595660212,0.8645154194674801,0.8835706403565362,0.876314513885059,0.8981905829194612,0.8161776938240038,0.8320817835147185,0.9211189087020724,0.8746974797173648,0.837923748592149,0.8517954667881812,0.7340146852796132,0.8479190604148138,0.7527328414586231,0.8557104371321792,0.8764353268146498,0.7726607150552495,0.8275189654220246,0.8009747754704982,0.8428120329859826,0.8145365141810562,0.8666156020428176,0.8224285068564793,0.8602848057613361,0.7672968277459793,0.8045168311632406,0.8259764204844158,0.8150923999886066,0.8278785261235656,0.8854052068250856,0.9057700171891965,0.8717724957451697,0.7723957074159185,0.7973405006214531,0.893093851723055,0.8243318583868329,0.8608527115171499,0.8701885733106323,0.8696098389680453,0.809250546691606,0.8886731123396427,0.6851340437234649,0.8844628790046161,0.7920383452480343,0.8693584883726087,0.8559949012647766,0.867458698786391,0.8614831509991643,0.8849889873341409,0.8607926083964839,0.8318982066685869,0.8540330742947846,0.7888518177576442,0.8111267746344258,0.8906885208956407,0.9050565374714349
0.8678411720767375,0.0,0.7971777261011355,0.8239126469168119,0.7085328096488119,0.9393388322221136,0.7693512689208021,0.8262336855265799,0.8629413385306711,0.8160329767231815,0.8011746859179283,0.9181785669756881,0.8709010266347207,0.8095785809432534,0.7660747689598982,0.8400477474044503,0.8783642056617825,0.7255301829916128,0.8143219284750339,0.9083090716733719,0.8018826349799958,0.7963230878906573,0.7658721078106482,0.779284393427918,0.807469543875464,0.7483820632538272,0.7995474170991975,0.8397809748287589,0.8549779515420433,0.7837199607924221,0.884037880832026,0.8778027499563231,0.9129506310960047,0.876632120318796,0.8862791064460717,0.8673794740650009,0.782903476706269,0.8348974407415258,0.8554319200060593,0.8642330065127828,0.9052514576327941,0.823012259097202,0.6748000869324393,0.8305320246971445,0.8794850854660952,0.8613584905210568,0.8059238953524083,0.7593881203187164,0.7787715964620024,0.8704872197872189,0.8059912025680949,0.8659924919910008,0.8914672195884249,0.8655602527611798,0.8395817983724886,0.9114366742803576,0.8619512204347585,0.8487074971117075,0.7084492037982986,0.9046168501092998,0.8269864384487752,0.7916925876611649,0.77409798596028,0.7951650174821266,0.7320504536188863,0.7738203815089278,0.8345792661417056,0.6674086338745344,0.6663507061919808,0.6822982907583941,0.8115232754796217,0.7826843214700906,0.7992777579220232,0.8127010362641696,0.8977177321875955,0.8086252777662494,0.7677195844844936,0.782137087949757,0.7800680965771193,0.7314360676123962,0.8179939354127875,0.8104607433331477,0.8038958454603267,0.8105067936130654,0.8547294955092981,0.9328598394697125,0.7434458624608083,0.7228438483740781,0.8543600026630478,0.9063019294274408,0.7978544164307818,0.9027005243444964,0.8649028413875633,0.8788698542748762,0.8396280776961426,0.8384787554398143,0.8174133634647559,0.9102980220050397,0.772146514339773,0.8840047587924619,0.7871657705321109,0.6705590083767652,0.6819197732937969,0.7155998413095426,0.8375204810659383,0.8520933809025686,0.8392126908747539,0.8579003860651307,0.8794035504024285,0.8498407131733441,0.8284712994848522,0.8321188117600749,0.8493096408600828,0.8047442399510261,0.8422960546935226,0.9265960734345731,0.9132433092369862,0.7023388796514766,0.8167547989129159,0.7907624731113927,0.8358296292921041,0.7109962128504033,0.8918295114806253,0.8330783789338216,0.8397774302492712,0.8531512382914029,0.8460524669558054,0.871497149244004,0.8986662878664553,0.7982068901921253,0.8799416215314554,0.8278994584615378,0.7565699687938029,0.9023707900067105,0.8034041973237351,0.8017330970712917,0.8322274114254137,0.8654129184950934,0.7943223225950978,0.8057357290617196,0.7201291066909931,0.852620493101773,0.9261471970225537,0.8507164671676792,0.8542147744253686,0.7592407383827257,0.8879323264994516,0.8135947906751909,0.8744568430071544,0.7962183243787236,0.8037172406352674,0.8675724770439047,0.830515226296012,0.8230742322681325,0.8225550676661313,0.7518896996565786,0.7894809414978574,0.8173273244450455,0.8268212372423513,0.7809404592642752,0.7324736428979899,0.8645908023115031,0.9351899419974312,0.8015522126144086
0.8547799770637718,0.7971777261011355,0.0,0.8189631454248818,0.8906760470725971,0.870897690128231,0.8169096325726648,0.7803721689020412,0.7434311528460013,0.8221514931403223,0.9177642432127506,0.8757711802903992,0.8623934085235132,0.6347588636938282,0.8827263647041741,0.8829923905648136,0.8832722666857186,0.8346045455083023,0.8049862682711664,0.7864635160261925,0.9390250770206877,0.9605437600922021,0.7441132499073825,0.8849170623853586,0.8407859335682983,0.8182841725774284,0.689481249759437,0.7541305002085308,0.7320395394602824,0.8093503132716999,0.731046863571716,0.8102060487877393,0.8064661334667976,0.709332250493436,0.6912702909888409,0.7073054926989409,0.8344918150834527,0.7254212817937646,0.814866239276491,0.8760367089154975,0.8053159515985542,0.9033494987410049,0.8605275586327974,0.8558091850951312,0.7657431045061804,0.8417516939462306,0.8058769102503774,0.8932912946626305,0.800519610144023,0.8220921605777038,0.8823292630760622,0.8700440881091792,0.7307230785182041,0.8638244832977476,0.7778186178427698,0.7424716456462458,0.8477524773270735,0.9049939464377873,0.7284834649119682,0.7188014362089823,0.7880540980211631,0.6522277274856442,0.8976983242408546,0.6344981989855143,0.7993910269874097,0.8060299066381046,0.7641853905217285,0.8553448863769542,0.7662089844281545,0.7833405512625183,0.9028828112587299,0.6116429911119444,0.726013470786564,0.9133261946952688,0.8144724667883395,0.6400187352221065,0.8634330400980947,0.8142386236336833,0.7299071060070638,0.691663399630754,0.9053790309599234,0.8369695460696398,0.8588394929931241,0.6848476226656167,0.7694967840749304,0.7940165317506394,0.7523429848935994,0.6921953663048976,0.6846131656917891,0.725426129484333,0.8841512717107745,0.6888535290562307,0.8150965546800263,0.740972043558746,0.7852922634116246,0.794850893901384,0.707107790131529,0.724136766309967,0.5922778452027265,0.7195687016312131,0.6008387041924069,0.7864695831435575,0.6945993900577093,0.7491663404230743,0.7006364677560345,0.8522652654436278,0.8365073858289304,0.8140912956558305,0.8381704376038516,0.9069032049426867,0.8724544416497374,0.7593298403480303,0.7856104112289128,0.6794644963740284,0.7090055820285369,0.8405292003724961,0.7201007858558582,0.826905279559498,0.8814808509336747,0.6092088547573633,0.8127050767629345,0.6763856865479209,0.7379185589294023,0.8743485521022956,0.6325582928694924,0.8035793391588263,0.700401091249327,0.7771444074294209,0.738807633196929,0.7809331618563392,0.7099940127695352,0.9345758543466061,0.6295936475336507,0.7011575739502909,0.8418204587776524,0.830778496944334,0.7688164226660826,0.7643535148057541,0.813602011196167,0.8202325333368121,0.6956363073134586,0.7048561025303828,0.777627907120179,0.7587726439714412,0.8082073985175201,0.7451837719348419,0.8990436796850061,0.8600688072792623,0.8303668681820194,0.6102233382530766,0.7505375166902993,0.6961916533819645,0.8427382252081148,0.8810308003731747,0.89934359676548,0.8228963570057876,0.8397208689661608,0.8978611634646396,0.661807389880167,0.7321402093110975,0.8100735908198308,0.6483594426008035,0.7989230339527201,0.8978006320025421
0.8769818388274819,0.8239126469168119,0.8189631454248818,0.0,0.709015301689961,0.8613676595022439,0.7947173276868261,0.8433382781358206,0.7701571494258618,0.7497178689434066,0.8691068776224542,0.8596175956464556,0.8503665563190623,0.7003798061093855,0.8529099646821457,0.7960597750696268,0.8548907204581709,0.8133235279323682,0.898809812398252,0.8528108504808299,0.8740100714680697,0.8467396118012491,0.7544362246741833,0.8028615898390551,0.8172948861109142,0.7684810738083603,0.733409874876328,0.8654707448045026,0.7009217550717974,0.7020314577266364,0.8061333346247843,0.8371956847576336,0.9059096209855086,0.8141690324881018,0.787814153112351,0.7866189706891983,0.7871298187283226,0.7519338056239137,0.8532840577163865,0.8680461253371989,0.8369584941062125,0.7997127852997944,0.7858656556658696,0.8314492633222217,0.8414557199252212,0.8671981899301612,0.6926190283555741,0.7948976687831719,0.8050490023802617,0.8726073763019571,0.9180152080537883,0.8649366395928338,0.8413603003766481,0.947108572394814,0.8484240436901992,0.7151442296069189,0.9102379634160805,0.8482164150930384,0.7948861883837237,0.8090878928180275,0.9194443998167878,0.6983587080747221,0.8914202409705235,0.6834853936170389,0.8735077422687582,0.9082462103865055,0.8742387416813946,0.7064621995804411,0.7295369239421333,0.785849596633807,0.8588489208229465,0.6795915218072326,0.8457757085181437,0.9256535833597592,0.873767635168568,0.7150511856604006,0.8719234758908063,0.7009212195008404,0.7870540988002193,0.639525754722685,0.7861215515236191,0.9319351625139659,0.7128606089147699,0.730379740913926,0.8730135069457906,0.8085626279207889,0.8224773072109102,0.778501378922926,0.7688439295091845,0.7393104730770966,0.8346040772997657,0.7910816479636607,0.8220240081366078,0.8699069445029347,0.8884407447058599,0.7392688140519239,0.8384687724023508,0.7812377779077394,0.6490358867801375,0.8386967965629681,0.6729432342831587,0.8221030747470559,0.8106122055314634,0.7190993262762599,0.8184637584637817,0.7935113683741474,0.9012067149466648,0.7672404536033559,0.8160829990816119,0.8097271693068486,0.9216604851379464,0.832804726326457,0.8875033623282605,0.7429604911158344,0.7892396727052845,0.8200455972768617,0.8099986618123974,0.7523220007714468,0.8727772927851326,0.6660682663739612,0.757404657990805,0.7506372319026396,0.7852314869048728,0.8173348093557415,0.7129177182705785,0.7839297661926514,0.7834112424085812,0.7700327759593822,0.7898346592353814,0.7643147198356977,0.6897034883183893,0.8471710875650253,0.7150476230799511,0.8088643014299733,0.8930926528553029,0.7689562520645192,0.6845264970972142,0.7881144279665803,0.8218951326188266,0.8270981865209405,0.8234518421115681,0.7199838217418194,0.8939435269491168,0.8615141239206459,0.7772311534976422,0.7578457297753854,0.8160384837181736,0.7472051839861795,0.7701712585746638,0.6368734827992264,0.9166215628449884,0.768593132596164,0.8950895820252195,0.7415851008685497,0.8484107159150568,0.828877174049443,0.8378935442735309,0.7807441220074213,0.8224449613440331,0.7912046798847469,0.7145619436879923,0.7246148718967061,0.8008852965093276,0.8458911489617077
0.7901962076775112,0.7085328096488119,0.8906760470725971,0.709015301689961,0.0,0.787246027085458,0.8332011730866351,0.648671462641263,0.6591569569911158,0.7315291626373835,0.8589848763344694,0.7920068144563414,0.786172485927333,0.6053130020857727,0.8110757667716397,0.8560791091709009,0.8316788738650325,0.7748846174937081,0.7013527245661435,0.6823314748540712,0.8539396689962712,0.8450915704314798,0.7351777314853777,0.8432324591566117,0.7506520160169744,0.8242617577834,0.6430307460497071,0.6710733557751807,0.7269043578500691,0.8451406980240872,0.6558966278047574,0.7545820590709168,0.7284729339974165,0.6537452726583958,0.643026974106604,0.6482183301187533,0.8042387704418117,0.6818442850943721,0.7389536974707865,0.8398683913818056,0.752133550851952,0.8340050321835177,0.8278624708638197,0.8574236392528242,0.6655647526954434,0.7689785435247973,0.8462678268690206,0.8806099456436952,0.7891122370846102,0.7491175017608114,0.8283359194428546,0.8250606171592626,0.6683969167457565,0.7493874340273239,0.7236689817104388,0.7053021021722606,0.7757864216611009,0.8457155582464237,0.6534622905862415,0.665811208420811,0.6498984630901056,0.6341303179978838,0.820814604626842,0.5978758092597799,0.7121435584637283,0.6972164361847987,0.6644908919181942,0.8657452141066222,0.703920922015044,0.6816391382072963,0.8378396251352612,0.597979284554317,0.6439569450210846,0.8124237965761832,0.7021210672119809,0.634782534856416,0.8057835400548502,0.8953757013524616,0.6667763045210877,0.7828316901858965,0.8863111280584238,0.7113504703300682,0.8765970291714439,0.6299231982485601,0.7073133163658313,0.704084895599979,0.651347178295753,0.6491850525561786,0.63154156356862,0.6583083490641933,0.8892619914856257,0.6336431481168872,0.8066297394729524,0.6854582767567956,0.7145642640031149,0.7541122162061301,0.5940195323720799,0.6478324502266073,0.5845197091561194,0.6469873860493427,0.585262565697047,0.6816427037263162,0.6413100418104418,0.6657774338957039,0.6325485459647474,0.8129014080052973,0.7284528871520266,0.7391473716106106,0.8157268369815968,0.839288895336833,0.8061595554448848,0.715460922414854,0.6977203518336628,0.6207154898120447,0.6765459963902145,0.8013851610140362,0.6719664346144983,0.7979098095821593,0.8044536587139325,0.5881963862895835,0.8497557574013701,0.6197720917549668,0.6921639862084977,0.8840198530839064,0.6100318851339326,0.7656583404350923,0.6482125080862617,0.7344620886901433,0.6726569010509605,0.7457169604146751,0.6577357499487538,0.8464419027733384,0.5926770457729902,0.6415320229273448,0.6907621393952925,0.8435055293390482,0.7771175612457296,0.757445283180276,0.6967145239112228,0.7595072017161109,0.6182238447938656,0.6845736530034672,0.6910524952272775,0.6558495269948634,0.7886770674239768,0.7087254550457397,0.8290641486034134,0.863748374947005,0.731948157420086,0.5915678055560716,0.6553188225288187,0.681495171683241,0.733357061751143,0.8339323361984607,0.806389321608638,0.7076260650817239,0.7766711501502864,0.8867017750524377,0.634685977386413,0.7469456455676081,0.7876911479532567,0.6372499296639541,0.7159796923893291,0.8831943195343012
0.8899627790306088,0.9393388322221136,0.870897690128231,0.8613676595022439,0.787246027085458,0.0,0.7822209016348426,0.8662222858231227,0.8340217002051578,0.7944113074372107,0.883529867089851,0.9450063285585515,0.928941437360727,0.7795203449035729,0.8128588874228142,0.9278250536470286,0.9163268235314576,0.7446964389832229,0.8136456952477634,0.875171016435369,0.862160805319717,0.8383137074244548,0.7408923763066326,0.808767270485262,0.8146267621791679,0.8524939348401888,0.7800321329383992,0.8170914364206024,0.8554068355852661,0.8279056972603789,0.8841055003911915,0.9100881195499984,0.9572193348159423,0.8522560688674178,0.8418519445101524,0.8666295385795915,0.8647999074586661,0.8698360463944483,0.9137941865840975,0.8834776717385578,0.9347306283256143,0.8247196517197961,0.7659891339991478,0.9158863403994093,0.8864201504794236,0.9023745683429638,0.8394571113200299,0.8689294991751886,0.7845479464560798,0.8989749037880029,0.8799508911593907,0.9293717321572199,0.850789398755978,0.9055405367556126,0.8907210925010592,0.8767692983959038,0.8957147573472252,0.9454942973976518,0.6801698745189909,0.8883911434310509,0.8734619266226434,0.8148110501028565,0.885269426352677,0.7553665565064251,0.7412106773512809,0.818339824894689,0.846524335286759,0.7496304286224523,0.6991346377613328,0.7472333390237792,0.9043972210773251,0.7565633096458502,0.7934937405101624,0.8728913989427788,0.919440563073208,0.7870745760738791,0.855219053334696,0.8566085722283004,0.843962188221229,0.8025365662048449,0.9172047590104354,0.8299488761044264,0.8622254273682861,0.8511118050883122,0.8764232883212154,0.9358856165501483,0.8191069410244787,0.7381791526205776,0.8424641349345734,0.8856418928686435,0.8781969569981771,0.8507492567961237,0.910939150622856,0.8727524133548513,0.841143164358663,0.8829232012170277,0.8283664958215906,0.8616464928516608,0.744002408043144,0.8622339991113687,0.7772848639234664,0.7510174200554004,0.7106701641529405,0.7145751202311724,0.8475352837062328,0.9217546465556915,0.8920970097443917,0.8321070982805652,0.9081404776593766,0.8675541485146928,0.8673798449089055,0.8602192690463863,0.8833853127943556,0.8112915507529683,0.8776564149484197,0.9478125996950927,0.8598198913220693,0.7323089358353719,0.8628899394933058,0.7729373448308094,0.895631972260287,0.791461451941418,0.8700718205949657,0.911708810054518,0.7936243476702355,0.9205216359259951,0.8373495163230034,0.9283933354616484,0.8909166665828411,0.847918370364107,0.8327069097371543,0.9265869141711954,0.7915303253205631,0.8886459894336467,0.8265593747735807,0.852303133916051,0.8555628774205615,0.8840005818740333,0.78947592926989,0.8662998338382891,0.7620782212649924,0.8608540955675609,0.8790385333142139,0.8495527721527113,0.9210834567418833,0.7658280664096546,0.9440806825046126,0.8969698521391424,0.8547027089866741,0.7734745755003125,0.836590725832232,0.8414368552986619,0.8276418301531392,0.8326287227982668,0.8767841540653127,0.8051690061054347,0.819237456948983,0.9024399965356145,0.8047229872247704,0.8340623185913166,0.7591434821476886,0.8265225908724626,0.9298906757823754,0.8622200411421236
0.8587351181846611,0.7693512689208021,0.8169096325726648,0.7947173276868261,0.8332011730866351,0.7822209016348426,0.0,0.6872841202169845,0.7025347602134718,0.853668137550987,0.8125554194569853,0.8211433766412918,0.8316506101255234,0.6611418631944745,0.8659187738481281,0.7954673833141619,0.810431724634136,0.8320344640395114,0.7493252034453405,0.7416775258371617,0.8180578648514543,0.8143708189328446,0.879183745271029,0.8461949964054187,0.8661280934847204,0.7895616410194483,0.7175434691329614,0.7480108456504274,0.724106869749405,0.7856159192635492,0.7383850937041853,0.8324394661259135,0.7725828814667084,0.7677806394254493,0.7196875026635048,0.6867386152734498,0.8434527634602147,0.6578196353745128,0.733483534697246,0.9166080534321865,0.7233130124391188,0.8549369618660394,0.8073106992593309,0.8356151365960695,0.7559363912416031,0.8394717198884295,0.8341760615134313,0.8172622734351098,0.9365396527208394,0.7728717934510326,0.8721961840648691,0.79149273256799,0.706749809077334,0.7869198190494248,0.7753609741671933,0.7665788821163864,0.7942358298552664,0.7782363502873562,0.8162189653778509,0.7224840132212555,0.700105655653752,0.650863735675987,0.7540526053893144,0.6412309094531837,0.7824077900458473,0.7633973844043839,0.7998856189907618,0.8493172918341741,0.7276126546084346,0.6903474410456389,0.8297989942225826,0.6541273208820159,0.7236594719135556,0.8670438061863456,0.6966458000934604,0.7597940921953255,0.8497518348998406,0.8333428627553462,0.6632599761314881,0.7017103870949434,0.774633012592853,0.7804297079217707,0.8180533316321306,0.6172858068603827,0.7496873886451666,0.7084377957713032,0.6903782883589097,0.777865427729439,0.7294194233119464,0.7100306175042743,0.849221881268972,0.754413825342797,0.8071416540954921,0.7523328101169706,0.7801894307349124,0.7851651114651976,0.6220424116965331,0.736932626168733,0.6173885452538737,0.7696433335229078,0.6318277135787804,0.7232381661728761,0.7727897777880144,0.7360555464906499,0.6769672066916448,0.7987114536296026,0.7645114594268897,0.7790388500411575,0.8746890402249693,0.8795383989024131,0.8918077014687015,0.7444305680128109,0.7887194207014975,0.6404719978373193,0.6915891070081884,0.7878097982624205,0.7652862767039172,0.8651674103227429,0.8197294288181175,0.6172010721596055,0.7679526287876445,0.6242734269140006,0.732016840850414,0.8805338403878995,0.6485186182681002,0.774422844422506,0.7054282757184355,0.7465425026793506,0.7081032267658146,0.7746802978421349,0.6822714611812506,0.7487683269701444,0.6158414817752433,0.6511255166720845,0.7261642539717511,0.7856084445999195,0.7546101086903269,0.8081361220232002,0.7738259085750712,0.7731159299489405,0.6966174388184614,0.698975655224769,0.8090105893783687,0.698153114151762,0.7816109292884655,0.8409781399075077,0.7774406572064202,0.8179344763410581,0.7911698601864431,0.5778997587834307,0.733487628648509,0.7210035271985684,0.7487181458441939,0.8946703967979568,0.8204531941990243,0.7727701794586317,0.8236418901855278,0.8526778815688137,0.7530174919762259,0.8089888724433195,0.8584302025418281,0.6899751711947855,0.7769005426908319,0.8175067111793546
0.8545275925440434,0.8262336855265799,0.7803721689020412,0.8433382781358206,0.648671462641263,0.8662222858231227,0.6872841202169845,0.0,0.8888259348770386,0.7655108734288452,0.8123574163231335,0.8654858369553718,0.8825533008105687,0.7190995488637885,0.8034985982035705,0.8230294052404376,0.7846682534794683,0.7625351961711089,0.7914521990973153,0.8665029416142693,0.7562881925254378,0.7802730875707425,0.7165895044546625,0.7138453963990149,0.8260282548166039,0.7652808697484402,0.828494677923888,0.8167396067156467,0.7079616265475667,0.7610350637348768,0.9231093878375294,0.8316899443816645,0.8787628960144395,0.811406400215008,0.789484099580245,0.7953988052696674,0.8444835619675071,0.8340276988890072,0.8555246965198996,0.7625592746219149,0.7892879666778045,0.7409491895408127,0.7707373325424576,0.7583607436228714,0.9184351443399672,0.8687433182578693,0.6946059363086287,0.7633540557515818,0.7330299042397704,0.8185039073248835,0.7943221309193922,0.7748899261038527,0.7364993084938333,0.8146193995826257,0.8216388818484592,0.7761386944346751,0.820420383031918,0.8727723885120522,0.6618521671890817,0.8134356288144218,0.9240495248578248,0.7366831264559556,0.8224541795326592,0.6964092920005374,0.7064135323238687,0.8141311265919459,0.8561121202303198,0.7080318115946447,0.7370123948127865,0.8873929874776326,0.8390525670846579,0.7077895639893594,0.760661835197406,0.8205476099955136,0.8878860165684037,0.7414731915387163,0.8116360534800957,0.6955270179102547,0.8812057890688763,0.6303775061983607,0.728912590867214,0.8375313591873772,0.7600675095630187,0.8359718241851815,0.7968491223983677,0.905176522368782,0.9456170436233391,0.7636729134644141,0.8596037128350325,0.8639110255860565,0.7772072227154044,0.7928273770517625,0.7776376902682478,0.7837410803582227,0.7542412789232839,0.8277153916906129,0.8373064578072615,0.8028586264039133,0.6665643622574344,0.8249929061755183,0.7287591625454347,0.8526726675778862,0.7353856659802754,0.7487448409098139,0.8344498090172564,0.8338029685525206,0.8393635945723149,0.7914545030515497,0.7791652013909326,0.7455590250910641,0.7638843795791493,0.7902609453311711,0.8268257914156595,0.846766783516476,0.8112561667388449,0.8227652611506306,0.7727745272442365,0.7193245891074815,0.7259914209183443,0.7271048179018196,0.7300461072665648,0.8792156573125696,0.7485474637989938,0.7796348655332447,0.7056131397344996,0.8346654145132719,0.7500347163459149,0.8638682339919158,0.7865707526324562,0.8123425797095105,0.8048887002990122,0.8178122885347019,0.8294861782516889,0.8084259065249871,0.8385589837553665,0.6932692025680187,0.7720382192859234,0.7833294450804619,0.8488634500797284,0.8998305016618648,0.8288569577279339,0.7471670374348306,0.8046013087508127,0.8077827695289714,0.8023084603783103,0.7483016540466199,0.8486783950948372,0.7714371302267005,0.8269826864378285,0.6838338783312904,0.9126270645674105,0.7295152892017418,0.7899103968131762,0.7436924301144577,0.8367194028512708,0.9018428545608316,0.790233716382562,0.7904378725610574,0.7499789517287567,0.7373603507657907,0.659978894369126,0.7385728561390871,0.8908515009090574,0.7636509352076583
0.8743176985911505,0.8629413385306711,0.7434311528460013,0.7701571494258618,0.6591569569911158,0.8340217002051578,0.7025347602134718,0.8888259348770386,0.0,0.7806187241431602,0.7658143520979677,0.8209182718601289,0.844287120239792,0.7522920392541133,0.7571453369020125,0.7792781768669711,0.7734722854775515,0.7829536821262063,0.7387157196863354,0.8557564063145175,0.7050361678031302,0.7779848406122285,0.7462891018447112,0.6919251345407849,0.806998630645703,0.6921403599877991,0.8768541497780117,0.8122090191996293,0.7144497356401027,0.8127841407859804,0.8754239283637102,0.794529217423053,0.8170899811585339,0.7667709903784518,0.8189896517269143,0.756612241372344,0.789926908217409,0.8115497070912527,0.7571280682475409,0.7567680017555618,0.7456950648692576,0.8154230705990154,0.6721793193679362,0.7063104705571718,0.8422134009665975,0.7960682114988104,0.7180108384451396,0.684516896875972,0.7321536118533205,0.7784517267717074,0.7265943732399375,0.7394493312342433,0.7525487436307485,0.7385363300743417,0.7363039504299801,0.8584077486596902,0.7753678918513806,0.8200005832224352,0.6612270790025583,0.7949035340411891,0.7971050897750689,0.7149724710885141,0.7276632322826783,0.711041694977618,0.6756640521120052,0.7114748591926076,0.801785332825711,0.6854323379905081,0.7267390897780973,0.8059460085273461,0.782155500290008,0.7172305245424156,0.7557130222974291,0.7573082586198248,0.8589121755965756,0.7438187358585758,0.7217337489897739,0.6933685695973927,0.7505283437074511,0.6218785078772807,0.6909886538437369,0.8048499803632899,0.7883652805776756,0.7778597830346591,0.7541259388468973,0.9002531663667733,0.8158170137709815,0.731848452191907,0.8356312407708235,0.8948371485127725,0.7730912804194816,0.8143019414860492,0.7504993961876248,0.7477313580399355,0.7629773742503524,0.8116151954772104,0.7441882571693674,0.8056104771313571,0.6945053389850848,0.7990454862640028,0.7125833813145025,0.695530934254847,0.6645574287226433,0.7116607726966399,0.7926676187685701,0.7826099052220554,0.7300300371096927,0.8340173506675033,0.753296608597272,0.7347002486598456,0.708989139457986,0.7561712797377436,0.7866713801141073,0.8521157531096065,0.7600105570618745,0.855936234517648,0.786628569705493,0.6860811993906816,0.6826840557219576,0.7672002602939221,0.7315169664305552,0.7628436819993394,0.7549617873065112,0.7456808316624105,0.7638731568375342,0.7561036866116175,0.7463245557682271,0.8081261551015396,0.7443026854659431,0.7678055908709975,0.9205734529465743,0.7626814636006607,0.776753367898697,0.8230567033293226,0.7414097388136496,0.6788276533276701,0.7785962561486103,0.7728230929186637,0.7951572514820915,0.8088196132444958,0.7381890668233484,0.7525921248115643,0.8284026847118584,0.7789738382870535,0.7508442903886662,0.746488055676251,0.8464845186254325,0.7278585306290436,0.8202522377753066,0.6986316707354676,0.8069585697540856,0.7500004416541655,0.7778090209950372,0.7632678426847931,0.7664475269071034,0.81192103726216,0.7726755571487264,0.7611642520161767,0.7623407771105905,0.7085717575709448,0.6456044482561181,0.7877811616634777,0.8940805733949321,0.7754176932436962
0.841224608746513,0.8160329767231815,0.8221514931403223,0.7497178689434066,0.7315291626373835,0.7944113074372107,0.853668137550987,0.7655108734288452,0.7806187241431602,0.0,0.7984112750987744,0.8354928769680574,0.8461170582313976,0.6932510671452379,0.7973560605884337,0.8020219057057718,0.7873167991195819,0.8231974977100998,0.7323521922828141,0.7797341973152465,0.7435454623545826,0.8022511770878422,0.8656284762118669,0.7519962610893514,0.9396055770050122,0.7232795726259089,0.8138586834556073,0.7792376285461947,0.7857637925211463,0.8054523908277148,0.7912111063680166,0.8325787716864032,0.7600684244743825,0.7641430482723601,0.7508927474319531,0.7075329670714742,0.8373696914023638,0.7110972641063312,0.7137522410200722,0.8221381012072916,0.7037807977091776,0.8447320108444242,0.7543468542206475,0.7575177876184486,0.7968502369308392,0.7928914291773984,0.7877380958541945,0.7689178981533216,0.873772716364896,0.7405542454538909,0.7608383205688822,0.7216306089288251,0.6735150113620755,0.73830107911256,0.7707012511720917,0.8065646061198398,0.7347529762045331,0.7919139696362719,0.7705607984155413,0.719542537087976,0.7194415006847033,0.6507502642179392,0.7065962480267431,0.6814887732664004,0.6778082671956386,0.6979344360844183,0.7767618731261721,0.7806606916956109,0.7891811818390327,0.7591200681977601,0.7595709622166302,0.6749088549304535,0.7138603787299965,0.7964633332731015,0.7465939333689707,0.7549548187001032,0.7671111458303826,0.7727930074512182,0.6759665981611803,0.6385800900107769,0.731565090802247,0.7267008022332387,0.8087215682176234,0.679509531266942,0.7126501049116535,0.7651517098607452,0.7391127202316259,0.7607922456907704,0.78065032404404,0.750271834313023,0.787154900137544,0.7621517790988751,0.7767706759378383,0.6936106437666367,0.7245011158718679,0.8566618270428009,0.6285990709561872,0.7882648087793495,0.6302255187513931,0.7609778747757838,0.6571623776478952,0.7153382564925874,0.7275742214849542,0.860669914202261,0.6942600201607324,0.7767264699221307,0.7283924228352667,0.8754781034114766,0.810092392783658,0.8257625302128672,0.7819076353033754,0.7128919010910761,0.7643332811997419,0.7275395300327052,0.686567388535437,0.7786501904451915,0.7820338991751812,0.8655919730548305,0.7744471192373505,0.6657584877659114,0.7048270002500332,0.6603670189922458,0.7226146597767,0.785580019111298,0.6623477105849519,0.8052195223173414,0.6864868327313115,0.7563075173048324,0.7484684440072991,0.780572441335962,0.796865639969576,0.726257972533338,0.6540729808503692,0.6579141035487402,0.7251286842254626,0.6991594797993094,0.7872539506339266,0.7761596089814974,0.8574549490291337,0.780608739404176,0.7523999718928114,0.7238059050186425,0.7712273652541555,0.7153020084337539,0.7790187287348636,0.8206327565835867,0.7653182741707663,0.7931586184946483,0.9284950055257272,0.6234287152629949,0.7209193173605009,0.7569976861683932,0.7305605788494977,0.8812130572104834,0.8325545861141737,0.78366486278046,0.7812797478484651,0.8121942554032117,0.7396650132727671,0.7359165418522451,0.8626318078003945,0.7167093244212354,0.8442840822516691,0.7437919648131996
0.908448553900559,0.8011746859179283,0.9177642432127506,0.8691068776224542,0.8589848763344694,0.883529867089851,0.8125554194569853,0.8123574163231335,0.7658143520979677,0.7984112750987744,0.0,0.8921712934823951,0.90426138760707,0.6783855387096175,0.8676876866906024,0.9313515505081352,0.9245895039467228,0.8746602520169994,0.8606776868587473,0.8369443958804261,0.9054613121502094,0.911057270132139,0.7942965798990945,0.8474984363647057,0.8619210138421516,0.8273097535609033,0.7635043357358148,0.8533080289266294,0.7790791996506773,0.8542810698428686,0.7785094630110506,0.8645431266777642,0.8404015055558313,0.7621049705724243,0.7498563291038771,0.743305907450565,0.8751873111722557,0.7988850509941757,0.8687295494317382,0.8871913781825517,0.8225973197373797,0.8478593854524632,0.8806359261250468,0.8834587013930131,0.7940605481865661,0.8636298814160388,0.7586006544835354,0.9181312190578432,0.8583482927809304,0.8551061419932143,0.9128694779532137,0.863257153656037,0.771411971374121,0.8762194582169632,0.8583590463759605,0.7182188565851378,0.9144563797266089,0.949203631352641,0.7290404254206698,0.7717531530578051,0.8424406459881558,0.6853890247110082,0.9292263283208462,0.6627876003881569,0.7915071933965703,0.8321694700169737,0.7850391165707166,0.7998636822419308,0.7921867357939105,0.8377269965891257,0.8854040886533725,0.669033558764074,0.76259636840691,0.9227238734387442,0.8782209322337816,0.7131357513031334,0.9114118294895319,0.8198655318477585,0.7869140474392421,0.7405734415856657,0.8781403634596425,0.8206467765849568,0.8338123614642523,0.7498998734549721,0.825528372326554,0.8116256558014694,0.819648763066594,0.7444225309267732,0.7483669340626329,0.7195166099382151,0.9195019123488115,0.7029052757416846,0.8929834028182322,0.8177352609337692,0.8158883572784252,0.7921009012388595,0.7296967617620592,0.7171997610997316,0.6259906429612124,0.7487944547552154,0.6660510681558287,0.8248328829675937,0.7163251221907313,0.7228233937117,0.7612059341691699,0.849848756237389,0.8590306500278496,0.8221116190985993,0.8380946513520384,0.8542748667752518,0.8922284315131066,0.8089010827904353,0.8165824315174807,0.7717677693926297,0.7787259046350744,0.8643118124183762,0.7816024599593598,0.8758587295340914,0.8655692648197774,0.6508406295351854,0.8502730575105659,0.7354154850798739,0.7656796065596058,0.8978620532422428,0.6915900759865019,0.8535837425221516,0.7174050006408849,0.8008589279453358,0.769667612956068,0.80692465261442,0.7223595959230149,0.9258032032495025,0.7312832750056067,0.7539898454506309,0.8466920681196587,0.8422505891643793,0.7905141810425182,0.8046202195905648,0.8411363885093319,0.8968778477608274,0.7673215479570876,0.7477185310415192,0.79298339827969,0.7835671885747307,0.8508289103857775,0.7364050432110072,0.8593176864919376,0.863855519615761,0.8251331572064365,0.6480776478735155,0.8412233264045648,0.7962544895815854,0.8850798618489347,0.7881191299639202,0.8848376556697936,0.8343159107885794,0.908822068558113,0.8735228899746876,0.7545837597095438,0.8268754563984249,0.7593494592656008,0.7238134056586703,0.7950680313481054,0.9448812985350857
0.8913308757093051,0.9181785669756881,0.8757711802903992,0.8596175956464556,0.7920068144563414,0.9450063285585515,0.8211433766412918,0.8654858369553718,0.8209182718601289,0.8354928769680574,0.8921712934823951,0.0,0.8949840095132079,0.6934765219551399,0.8854359704593993,0.9006790416328274,0.8920063368972005,0.7786977369412571,0.8881609687923103,0.8764164793590219,0.8860780969593628,0.862442135844742,0.8090618050496885,0.8840766278130376,0.8858699678858357,0.8078650557494277,0.7686168604722416,0.8374720317633291,0.8111701761891746,0.8570342100973314,0.8861118807496965,0.870342598348896,0.9161344429886574,0.8511972295228502,0.7885127008308954,0.7869494656186767,0.8642561837487528,0.7970559922525512,0.9249411156689985,0.8899111761477972,0.8982270605852196,0.8400362483130863,0.7976799492726155,0.8880128139371588,0.8666377057053776,0.9201266488116272,0.8072299896635712,0.8603035499714684,0.8302776631176496,0.8441540812656008,0.8703695778706556,0.8872806477332352,0.7969914064541875,0.8921743005038815,0.8520096925321635,0.8316780584448084,0.9011088946801077,0.9329132959975168,0.6858510616519157,0.8286068046378995,0.8472202327146479,0.7162393038057466,0.8499749425367146,0.6836636166718512,0.7531743723945572,0.8127617194532485,0.8083249979430012,0.7531524946646536,0.6809805471493646,0.7738726415581011,0.8697563671210009,0.6931862165054103,0.7251264991086448,0.8737180654051331,0.8710538407765479,0.7711538262651035,0.8474528748747114,0.830598235632137,0.8387523195317997,0.7542748968479401,0.8748059008445289,0.8329246130950779,0.889420670087905,0.7721513301501793,0.8207424749128032,0.9051649326721841,0.7960195819193111,0.7073748726547974,0.8187414865310038,0.8619029276888651,0.8402239121115349,0.801383342152861,0.873058234648505,0.8554190901385462,0.7755473813260908,0.875249246223412,0.7725911892670221,0.8312835692702926,0.6589851219852296,0.8147385513573747,0.7120034775786542,0.7700000247033877,0.6979877930607365,0.7895049526114428,0.7707177170766228,0.8948945309048801,0.8683466170387786,0.8686890980106052,0.8919036633407268,0.9173846528609823,0.896691671864565,0.7957407836337037,0.8063799261755065,0.7577178061668908,0.8093571680606457,0.9193414450562725,0.8557615911166783,0.79664549296609,0.8287405913073083,0.6853399985797094,0.8358161073198501,0.7348095478012606,0.8140433207733891,0.935460517676277,0.713273086572901,0.920729742744975,0.7441259011689101,0.8787135056455188,0.8322011715992776,0.7978881436674484,0.7989394567908692,0.8805345083468412,0.7340149520281084,0.807001000834036,0.8575919728388973,0.8112321494968191,0.8871826142588978,0.8453329244530844,0.8370069884308323,0.929958694131721,0.7550217228175521,0.7691397402717629,0.8505128573084895,0.7722173100950618,0.873679901427312,0.7525742998940077,0.9340537090949601,0.9154621285370103,0.8852512895168678,0.6919558284617449,0.8562325571264314,0.8259393170665138,0.8479673283339763,0.8450435749577407,0.9535105258212374,0.8489330322753952,0.8845021867838413,0.9274209623109957,0.7653204303173431,0.7835536410023222,0.7499676987973547,0.7729160420745428,0.9047779565318719,0.8822244534736725
