0,1,2,3,4,5,6,7,8,9,10,11,12,13,14,15,16,17,18,19,20,21,22,23,24,25,26,27,28,29,30,31,32,33,34,35,36,37,38,39,40,41,42,43,44,45,46,47,48,49,50,51,52,53,54,55,56,57,58,59,60,61,62,63,64,65,66,67,68,69,70,71,72,73,74,75,76,77,78,79,80,81,82,83,84,85,86,87,88,89,90,91,92,93,94,95,96,97,98,99,100,101,102,103,104,105,106,107,108,109,110,111,112,113,114,115,116,117,118,119,120,121,122,123,124,125,126,127,128,129,130,131,132,133,134,135,136,137,138,139,140,141,142,143,144,145,146,147,148,149,150,151,152,153,154,155,156,157,158,159,160,161,162,163
0.0,0.603094702921837,0.60478580722359,0.5239925695250592,0.5013393604588356,0.60084726348689,0.4964215227483131,0.558387515820074,0.5652861628390898,0.6464278210351802,0.5245163234003857,0.49705697587583764,0.7091254939362626,0.5011697613574241,0.6228652139424418,0.6209526270497027,0.6810998597228239,0.7009465631146466,0.5962747155197557,0.6861749094443965,0.6255481401748482,0.5699049854503482,0.4870913080092876,0.5745341943382655,0.6329281996237376,0.4908812790189423,0.49383463606979855,0.6025705035306985,0.5305580770322146,0.5742458637095259,0.6139367333923706,0.6478779343188301,0.5676077770367796,0.4575068328027703,0.6030164876291241,0.49295803740088734,0.6119554093217938,0.5759402766473782,0.4800892377360097,0.6227834310115572,0.5819519634542233,0.5055937413679753,0.6604156989164625,0.607028146796595,0.5935145702406031,0.684166914416803,0.5627804459035904,0.5859954200077029,0.5816059279637408,0.6728382185616423,0.7028708715963655,0.6567084210825391,0.4804136071041442,0.612667000674708,0.5551281510118891,0.5443911190207961,0.7604434688197519,0.5285011978754072,0.595068032079912,0.573929207286996,0.5918284300607954,0.44571240290517644,0.6256100406059218,0.44475663277764926,0.6095488369671667,0.6387694678436344,0.5209077899817213,0.595036472221162,0.619049456216254,0.5628429139678798,0.6667463043482078,0.6027539678480502,0.5251882354415182,0.6605109598492493,0.6439863291854591,0.5739749469104928,0.4946119092363171,0.5016866952312341,0.5719796447052854,0.5445454644665606,0.5717885715757979,0.5878597843524329,0.6036754903165586,0.5451404137934458,0.6021363301614692,0.5922950300332046,0.5063824395460477,0.6185420096581074,0.6406400206505086,0.47141483000634016,0.5835606782542857,0.5283432193463478,0.663921917655284,0.6250923776035212,0.5745953138442769,0.5478784739330992,0.5254562502385288,0.5253320072083617,0.410620807346561,0.6225145049911237,0.4981683273282405,0.49954744262580697,0.5125497499161413,0.5554683479828628,0.631805415729524,0.6435207098107922,0.6852879713079988,0.5391296546749856,0.678520934691985,0.5889554131146432,0.5154052944933911,0.51352244227074,0.6059626473594066,0.4809913273570054,0.5815177775579304,0.6318942666532323,0.6152782089318826,0.5776932918223715,0.5522303210868197,0.443189481245364,0.5586883897059682,0.4992426850163898,0.5270894775704609,0.6937657768721968,0.536253643839822,0.6234003596993166,0.47517941188720153,0.4669907481096992,0.5380933143322295,0.6640099592203593,0.5637714120088871,0.5978645842280854,0.49914675563776284,0.4566717086399191,0.5600626784569068,0.5621404682876687,0.5831740309415304,0.62089524701788,0.545752989693982,0.5910320679567205,0.5584493709850451,0.488352432329161,0.6071169698630106,0.4948628343583393,0.5248736512093785,0.47056302646028975,0.5338432316449164,0.5590900288665719,0.6505860594288675,0.3408252059416458,0.6003611101952576,0.5459104271796174,0.5704396123902757,0.5508143284717112,0.5562738086797464,0.5904540877467512,0.5614937414420923,0.6154486257050397,0.5687979422514954,0.579820469050935,0.53125465669518,0.611778856052193,0.485958727594686,0.5333304024003677
0.603094702921837,0.0,0.5602511556074532,0.5345346941653834,0.5047434462251521,0.6662003662756658,0.4856237087983144,0.530757599586069,0.6201197980760145,0.622687143092481,0.5116440712753567,0.5184280950359561,0.5874254230353315,0.5742244360719344,0.5559250300560363,0.5806086542251607,0.6108873559673484,0.5290923903001279,0.5329610561156899,0.5706119929076139,0.5672768677176401,0.5593170077017158,0.45486386324789074,0.5292673241865891,0.5529317589484505,0.4691372975033219,0.5150371086577705,0.5263816797804992,0.7192197236274843,0.5715757442216717,0.6378633310127949,0.5698291891607419,0.6457474935633776,0.43992079818031843,0.6352650185930124,0.5475168536271466,0.5493570376053805,0.6278846876781804,0.5220551023613292,0.5868653471663937,0.6832292163851347,0.5118596362343704,0.4847219165089487,0.6191346824195394,0.5423272785365597,0.541618471031271,0.5223253597664913,0.5370394658948687,0.5133455076279138,0.592180779599767,0.5803129884066469,0.6000824998981601,0.48634387624375586,0.637557365056401,0.5676433422817194,0.6594058219353118,0.6087048485943686,0.5381080842606203,0.5050239373584676,0.6024270694408312,0.5627176781830961,0.4780401497832832,0.5122611717228027,0.4754965013379329,0.5093054424860306,0.4990762574657488,0.5208150285832491,0.5066687623427423,0.4925276820100597,0.4999589771759938,0.5858662674208825,0.6469853725002133,0.5079254155983862,0.5539786237777391,0.6422787626088177,0.5190294641838711,0.4636267108092865,0.5566051894755087,0.5045729278506451,0.6373439435326417,0.5649389236567859,0.5631152445288087,0.6597162792944142,0.5628733512747548,0.5865705443264927,0.6321507461284595,0.4780550962314296,0.5179282733120751,0.5783702318424996,0.5544088010315548,0.5581529641791142,0.6038724656061931,0.6812561125070022,0.5612338828075013,0.6096007643161315,0.6178686874432203,0.5416050082334406,0.5443895149164474,0.4696756675039644,0.5862949188811676,0.5985900776810634,0.43590864917583877,0.4694840238225561,0.5244839536155526,0.6095511561572384,0.5527749383663044,0.5695160282019037,0.5208111905013293,0.6070272203546094,0.5660272965734193,0.4932977560270657,0.5193436862763714,0.5781907832831067,0.5310692736896708,0.5469636760198204,0.6791689137715918,0.5599653407823152,0.48517170783544644,0.5224001953811073,0.5254746981158445,0.6155151741758714,0.5142998512221819,0.5270786399003953,0.6678000072494367,0.6397204222980273,0.6713538958928397,0.5096428623768631,0.5024989992263159,0.57816924389313,0.6088657610018849,0.6925177919831709,0.595470570590769,0.5339373908007408,0.548730208774657,0.5298089687437314,0.5348556919211666,0.5394405893920277,0.6317898617328193,0.4903367390404639,0.5731277358985346,0.5325630921186847,0.5607542551731731,0.6640152747599494,0.5419589503004378,0.5632901443809073,0.4264144107857421,0.5960623690364881,0.5675389478403204,0.5875370465431742,0.3889364580693633,0.5430727880365286,0.578629951962543,0.5497307945157668,0.5370602112773325,0.5425707502497706,0.5396281049331276,0.5142958228788729,0.6201258650812415,0.6428627477064137,0.5524159921979747,0.49636252255607227,0.7110724617188017,0.5301479830709396,0.5359392109592224
0.60478580722359,0.5602511556074532,0.0,0.5718706738627483,0.5629591150369199,0.5589809121603557,0.5001859397428161,0.5762821552978648,0.5776412533723528,0.6562340849521281,0.5530515100973759,0.505922405026916,0.6044559905964727,0.4773250718171198,0.6015454466217931,0.5925457926042837,0.5985641189472823,0.5841936139947416,0.5131938524233302,0.5509648150394275,0.6983806524140144,0.6944206323721421,0.46731295220953517,0.5740270724600306,0.6158703857129542,0.5426625698354475,0.5018647294705204,0.5031108795005214,0.5037343986623126,0.5166788177267226,0.5610880062817435,0.5382443074851434,0.5520925392823417,0.42605299711374234,0.5350184416386555,0.4991681284638687,0.6131618028193371,0.5694564646693715,0.49586856426254283,0.6063698666685761,0.5630469032094795,0.5761205164058865,0.5981466758076301,0.6058932478050666,0.5697282891540746,0.5433717611241135,0.504983459101414,0.6186312832602274,0.535566739808163,0.5923574397936735,0.639833721145127,0.5916829318376091,0.41762559078481054,0.6518882060200927,0.537264785372206,0.5573683899793329,0.5838231156568513,0.5641239168096015,0.5655874400095232,0.4903861576331496,0.5810011245671175,0.4173487701094081,0.5593409712508708,0.44907090038707537,0.5373232708329099,0.529441274283172,0.5752583738573657,0.6456015340823581,0.642136821801699,0.6008607729748325,0.6885919383140992,0.5177565762172306,0.5562894627795565,0.6846863952499609,0.5731399776239421,0.4415249598473606,0.5195185022625615,0.5319452164249855,0.5068731010693361,0.4802603493938452,0.5342782103213204,0.6659743835243173,0.5898254022038777,0.4991793441773054,0.6015118358647278,0.582613125819319,0.5422848585967961,0.553683427191205,0.5009992941365005,0.5049231302073824,0.6310245052761453,0.5242802025444382,0.5556169509654391,0.4727500728578141,0.6282961469808647,0.5878833667026084,0.5059271515446784,0.53289896333827,0.4081633470766626,0.5403058274010287,0.46567147419200056,0.5343441957758123,0.5569827538118146,0.5799124558922999,0.5569779205443047,0.5796793817703147,0.6128914646813186,0.544075258409568,0.5671300035028946,0.6093530695260578,0.5270618100720029,0.5495393412705291,0.6139469716813203,0.5136032033277643,0.47811172025089127,0.5689570126457641,0.480268819656599,0.5392120312906026,0.5986861698384001,0.45236838240188876,0.5582881604225098,0.5415003097927494,0.4995518728892106,0.5981895784137509,0.5172690870188288,0.5601246764334423,0.4785423807836276,0.4729028140338219,0.5180041448969401,0.6258730568756773,0.5458457505931562,0.6778265423779637,0.4772500471460328,0.47456744278954294,0.6213262657035611,0.49340070068052505,0.4749495193081107,0.5784880121710578,0.5694989928831727,0.5738260208578334,0.5109610451275414,0.47990747625224667,0.5935749478937203,0.5654545023769575,0.5630515386305551,0.48330066972708896,0.599047339054016,0.5104546042708833,0.6233842615482318,0.3374275369984956,0.5674641268339184,0.4686384022478529,0.5796141198865107,0.6350242214798455,0.6012830826582067,0.6429499540880048,0.5071710756416377,0.6513692342982486,0.5288301780985489,0.5074007626920035,0.4940489595236956,0.5237109089275076,0.5444606275779685,0.5586688720016613
0.5239925695250592,0.5345346941653834,0.5718706738627483,0.0,0.6008396323647426,0.5225416346153128,0.5873593943807452,0.537687925515245,0.5571482281782429,0.5761678258630634,0.6546354743631451,0.6100519755069514,0.5192509778725161,0.46082000570920084,0.5541306950332078,0.5497550720180471,0.532662345644923,0.4790332592320926,0.5196148305460417,0.47398922881857586,0.6039916437537697,0.6052623675604604,0.5180335082792976,0.5696857535271858,0.6132027166084902,0.5532744906871581,0.5826913642352274,0.5091995823985705,0.5217559545119738,0.5324936080649638,0.5769279706602444,0.49709269302209597,0.5755103669484757,0.4621013575506537,0.5385984111377967,0.5079634085742556,0.6231896609604767,0.5286104819685843,0.5620386877734129,0.5847640526526632,0.5236784676253697,0.5866322295208963,0.4877572714945432,0.6548803010099336,0.5368025373637226,0.45385504184811026,0.419881123428375,0.6162751102001963,0.5649656865057815,0.49348722386105015,0.5874900840413554,0.508233909938839,0.36957365420079274,0.6967044413804601,0.6107791916159425,0.5320060683236414,0.512914123510524,0.629597255222539,0.4855154254124989,0.4625402017113393,0.5393944953540877,0.385332401031135,0.4562512251961141,0.4340317584408486,0.4377301426307879,0.42744196441171817,0.6041254361769567,0.507549269545495,0.4944487812330817,0.5697248883459356,0.5354641180569985,0.4772795133739595,0.5461522659214737,0.6028613396916261,0.4942722608133477,0.40148540694158197,0.5632851041651676,0.6051360431714331,0.44197291771979186,0.47000994340569885,0.43985705053226776,0.6167180254209561,0.542153140431755,0.44386827382765126,0.574599743939351,0.5194129041127927,0.5657334615707907,0.5003991805875051,0.4571578238577182,0.539678515662648,0.6633690682570634,0.5662233134429907,0.5369736756832468,0.42880890594318527,0.5960916911938123,0.6388358047045438,0.435388545438219,0.5269662654322644,0.4179413187637656,0.5057510570629234,0.49081233680346137,0.5155012999445826,0.5984831635847949,0.5542762089651291,0.4959534059788185,0.47599668716552074,0.4982222905660229,0.5279506590282566,0.4767259265443816,0.5831764294115656,0.6433685147373551,0.5622867327391909,0.5720426116909013,0.5590220939898838,0.4272355569050224,0.5402509421590558,0.43188644744379623,0.5246404826323303,0.5726630510387148,0.4812024660658237,0.5376531696732432,0.5591481457406692,0.47730440164136023,0.5735332254955883,0.5069136872915092,0.5607909034132919,0.4568134926190254,0.4943692048078642,0.5031589283268385,0.49532441927684157,0.5033208455811753,0.5363562260516294,0.5031844414966129,0.5284541182369967,0.5797557350909336,0.40860108628860875,0.42439437356869697,0.5642553317615929,0.5308615202805884,0.5610260201110331,0.47245557793161486,0.4759344471174239,0.591057394295604,0.569544718784305,0.5905299355802939,0.48193862368025325,0.5756584566554694,0.4438674748156688,0.5271623861878555,0.34076608842404893,0.6170776278899311,0.43419663281828613,0.5903316952294034,0.5259689206449064,0.620220644997814,0.5884074217385814,0.5202496151555127,0.6584375945653743,0.6257421449753284,0.538840185288643,0.40629611087175405,0.5138300827245879,0.5267058077373787,0.6201346076820826
0.5013393604588356,0.5047434462251521,0.5629591150369199,0.6008396323647426,0.0,0.46355864738787345,0.6104387021057167,0.46734822829194295,0.5516972307317248,0.5569338019707384,0.6139717701972335,0.5730369222161934,0.47656726432616914,0.4526499437614421,0.5199421318104106,0.5284066141944157,0.5198720856840671,0.4693764555135238,0.47971030754768246,0.47033936468706605,0.6227869600939696,0.6155969167323679,0.5387383368435855,0.5881737716734671,0.5947031902509305,0.5535342101804064,0.551207917672684,0.46690727242476604,0.5002886207481104,0.5278054891673285,0.5282137246921893,0.4718277792853045,0.48043517679236736,0.4484734499663415,0.5299338380287099,0.49426833876536574,0.5813882389623262,0.5169033768032569,0.5432080897107977,0.5802902856453959,0.49301687675829214,0.6941076228972025,0.4774585483039359,0.631600716621691,0.4972755152993896,0.43188185823444153,0.4283272224265015,0.6061901256441286,0.5888834210693812,0.4906293757173185,0.5489190716409823,0.47864144087005095,0.3570081205734165,0.5873831413506725,0.548540431192315,0.5422486716323078,0.49680845035832066,0.5691307348000554,0.5025871772595194,0.43992669547175367,0.46212087364903875,0.3725727045069802,0.42185775741613635,0.46466519859720923,0.44024849042898184,0.4094979444183269,0.5917509547255433,0.5065086918923928,0.4949105058037491,0.504416828922723,0.5226309611682771,0.4791572988310154,0.5584285396299618,0.5647933421748831,0.45329618245762104,0.383726858732301,0.5390590183043534,0.6592728210751091,0.4152012733526137,0.46165447837343754,0.426408005166601,0.6064668989014854,0.5273861123676591,0.40899294960502336,0.5893848683480495,0.49636724868057674,0.5095338044733488,0.4896690941038758,0.42101776084451425,0.535564442021209,0.678740014529443,0.5546106953386485,0.5158289578404774,0.40722855299484534,0.6319683947905084,0.5798220555462192,0.4075893580151454,0.5221290871670886,0.4363190789178415,0.4645032493155852,0.47621973039832816,0.47832881296619817,0.5997782770488549,0.5250377681666462,0.4663609076505103,0.46245084154662597,0.4715358945249965,0.5361977969638602,0.4632981878689467,0.6230774690225998,0.636847724105404,0.6255619711679974,0.5295090643947028,0.5608437582312684,0.3976085218473876,0.5035893517296411,0.41377265061895535,0.5579277495218284,0.5553130323460496,0.4687469687526103,0.6006608605512551,0.48719309005391404,0.4935411852498295,0.5354361291541894,0.5367846873500248,0.49227115298181806,0.45527906357830045,0.4667779298361363,0.47970851098173845,0.4903970428546354,0.4959996742410058,0.5279859440070064,0.46321156636092803,0.5215800245311536,0.5908797389168928,0.4137494000319438,0.4165129218250782,0.5609183472031017,0.5374686475610075,0.5484480395912522,0.41820893669896814,0.484899436053718,0.5845925851215076,0.6052503007841703,0.6345719937148533,0.5080069041881723,0.5837042280455728,0.4225259579334299,0.5352783225282113,0.3438997318929532,0.5584832655335752,0.41388556433086954,0.612510952083989,0.5775592013642329,0.5925205355511726,0.5634115918614153,0.487112206081821,0.5939859613299012,0.5447059822338249,0.5074188669748224,0.3965288926845749,0.5038072087596516,0.5826593151675695,0.6633105229748448
0.60084726348689,0.6662003662756658,0.5589809121603557,0.5225416346153128,0.46355864738787345,0.0,0.4462833714723591,0.5909680759081374,0.6015836912566742,0.5709290588294446,0.49510159241301693,0.4990941514580637,0.61079858485007,0.5277981884269817,0.5352412120517216,0.5796835624462805,0.5713441172352675,0.5122386615294365,0.5260218286258558,0.5461119799435654,0.5430907686429624,0.5287617022744412,0.41675596737328063,0.4779850722213352,0.5326106521670345,0.46292530530289905,0.4726477953916615,0.5050598513785591,0.5802484563082396,0.5474116461040605,0.6448621864984958,0.5886867621180467,0.6523893741256586,0.42578691769433047,0.5718309023572262,0.5274436793641404,0.5552596612972701,0.5996304170059112,0.5013428146612412,0.5140262239944301,0.6076287343580264,0.47847384822611055,0.5037022532644898,0.5909559890836033,0.544870534386841,0.5436326567841812,0.5076674322833997,0.5381960245192661,0.47148525567063004,0.5789906620826715,0.5840942641879434,0.6113471639275693,0.4771268393503429,0.6206042661710285,0.5563293468051136,0.5989934800927178,0.5853193468922872,0.5540787452018362,0.4707699494958029,0.5705166996454988,0.6360210772559391,0.49993844642727137,0.5753450310234706,0.4388470625969652,0.5007812470188268,0.5226444709234682,0.499591170128162,0.520917307464652,0.49326410951247507,0.5341385496922902,0.6097457491391395,0.5690173265394493,0.49666184144453074,0.5484363048289465,0.6921211573314268,0.5180149687358122,0.46304615461948717,0.5024094029042583,0.5238500819336646,0.5957755918203846,0.5784105861334239,0.5579288870213615,0.6172861140769552,0.6070617858936146,0.5558095450105396,0.6056464295437408,0.5179682530163886,0.520710278289964,0.6000130047369938,0.5199264193506319,0.5380263788888436,0.5648606196615111,0.6185421401509333,0.5535343646146292,0.5501661028641213,0.6095290766993873,0.6043580261694663,0.5214702631990586,0.44041121382511383,0.5802614503823158,0.5458776603708491,0.46425638026012556,0.46569360625379635,0.5123081041380136,0.6456193167769441,0.5587145682409698,0.592083549747691,0.48417535808498785,0.5608520114230141,0.5153192709096956,0.47245856127335756,0.4876325959939875,0.6040605922419254,0.5040265976019013,0.564584621745978,0.6150581619205022,0.5452390435382912,0.46099398104076045,0.5107643068635643,0.5035952216432042,0.5342743417462977,0.5661323000645577,0.4940180071629895,0.6324055677984184,0.5589590472550269,0.675959663126139,0.5003223094029778,0.5069396434354032,0.549953826797658,0.5737007203633758,0.637045444181577,0.6237202257979801,0.5392366770194353,0.5154585738182609,0.511852586775506,0.5128380709849736,0.5207887227686514,0.5501273533281631,0.4562559070524239,0.5516939500085212,0.5635061233170721,0.531894791723918,0.5857016607628075,0.5167274119728915,0.5219388015031892,0.4179470457403284,0.5770073871590996,0.5579176165120324,0.552813432991124,0.37400066471342747,0.5484939565854754,0.5526341559430689,0.5017249190387234,0.48657001218916895,0.5251704199951025,0.5405811973824762,0.4871396012107651,0.6071629542773724,0.5626424606168043,0.5428876339151933,0.48437421240851236,0.6254624594749425,0.4877260344589311,0.496479097039437
0.4964215227483131,0.4856237087983144,0.5001859397428161,0.5873593943807452,0.6104387021057167,0.4462833714723591,0.0,0.42686341008886186,0.47876240631817507,0.5665451228884386,0.5523428468823889,0.507006784793297,0.4805993801641402,0.4563558623483022,0.505740597992426,0.4862860045977816,0.4979895155671386,0.4673656810111984,0.46487508059253385,0.44126257404497177,0.5314986010966818,0.5419435985563923,0.5568009039013488,0.5405137087841593,0.5576945345306044,0.4870476691567814,0.535783662850617,0.47683182573133587,0.48975671747345956,0.49162733290580796,0.4863807494652702,0.4954775320592295,0.4694097956768747,0.44795093574838996,0.5044410043674252,0.4577081562537398,0.5492481928575264,0.44857405724041505,0.4727125376537675,0.5936072690047104,0.4440541315277277,0.5797529008412863,0.4532502961485295,0.5585316130138337,0.4728456134041722,0.4278272153377046,0.42282997020401913,0.5328047327805773,0.6459016151790519,0.4686685064012765,0.5620730445990095,0.44906273230673743,0.36113233214548013,0.5604310499699114,0.551684436508509,0.4941670888177076,0.4759086796401026,0.48601314851142574,0.5494112263172259,0.4405199822918782,0.44920493358681923,0.367685640748596,0.40361443686698834,0.4305411258438833,0.43611487764316376,0.40657025260113616,0.5743896757309475,0.4954389342919691,0.47895700397529223,0.4582193412124554,0.48292026468893645,0.4641180351966234,0.5359963840080959,0.5692514408077437,0.42685768688884956,0.40045847008491997,0.5596004540903371,0.5905950323072661,0.3829235438585409,0.4429880379679027,0.40343930931106475,0.5348362759622594,0.48616067904680205,0.3808680809390273,0.5193643086524071,0.43468863178165745,0.4575984306826229,0.5221736991983054,0.42741870215544714,0.46022260471321713,0.5947522216045374,0.5389116372997197,0.5171884857413592,0.4155872684009147,0.5744795453659034,0.5143357763671604,0.38319603351444115,0.4696403095339047,0.4112009739339803,0.48683090479965624,0.45717849916888753,0.456396948399179,0.5608461495413808,0.4698051837260307,0.44464773373177724,0.4330421303199968,0.455327486080331,0.4763746461737186,0.46536776884741543,0.5662834637695696,0.6450016792581411,0.515438811156366,0.5302995011072227,0.4808317650350993,0.3886906417382386,0.4729380095692582,0.4143441344830442,0.5725316156497233,0.5310417599287672,0.43356846122384296,0.5065224175970643,0.4339071664434567,0.4519376175889279,0.5245558498800974,0.47861835583787893,0.4737127881610714,0.4517494030127096,0.4361986548227136,0.44884117767810694,0.46297844791933634,0.4477648373354954,0.4580215208726886,0.4339285350321742,0.44871273194916805,0.49360934606118423,0.39883770148686043,0.3932916755098154,0.526706093891058,0.48335725708684174,0.48405407219570357,0.4172577077508882,0.4596338886551465,0.5855583541163808,0.51372924748116,0.5202051472301651,0.5024107805182527,0.473628801047562,0.4143583551957611,0.4811010031990801,0.31855704361598525,0.5048634531282279,0.41068104346397677,0.5428430869285306,0.5546840185874359,0.5003350996863235,0.5004982777653765,0.4999603617387531,0.5338302824577262,0.5719469358375815,0.5652459501575388,0.39413737394933407,0.47453505509145644,0.4766140657552958,0.5418967068178884
0.558387515820074,0.530757599586069,0.5762821552978648,0.537687925515245,0.46734822829194295,0.5909680759081374,0.42686341008886186,0.0,0.5908454690950785,0.5205877574876284,0.5435154827287391,0.5293103743833524,0.5923051913735518,0.45728035722356836,0.5405805840947647,0.6246700818166685,0.546619083738375,0.5040159658874325,0.5282040694126108,0.5469328808544779,0.5593713729507357,0.5398916262465042,0.4314822197198034,0.493634019333958,0.5453730536679807,0.5105097163382221,0.5152612213652279,0.5140787202058472,0.4866652476161005,0.552473420359696,0.6486411991041933,0.5290833467499556,0.5708986217582767,0.43709249603635275,0.5160284622995213,0.5069470340930109,0.6012135534633543,0.6221011008917733,0.553491885795408,0.5019497960354576,0.5521954024731559,0.46705334457647224,0.5594540619964573,0.5506118567105992,0.6041737900413137,0.5330154030521024,0.43977403205238014,0.5734839773073027,0.4727087488524401,0.5507289648251978,0.5633525524940396,0.5401246998763419,0.40453856647439507,0.5912196411513782,0.5593963690125197,0.5016811968110493,0.5717239639891233,0.6306990901776476,0.44277087764956935,0.51541033019941,0.6988051945420202,0.43649481828390746,0.5637127935138112,0.42214587453164615,0.46193095056737316,0.5016078446539725,0.5145578914332227,0.5089094854736828,0.5203138204436646,0.680244010995908,0.5925571208854677,0.5042486230229428,0.481266448780139,0.5664522609152878,0.6338440969011259,0.4417244506716793,0.504836969688007,0.48667785067112385,0.5754942998006697,0.484615473874996,0.4869165308006476,0.5635409488501757,0.5585452616682567,0.5834437297235633,0.551278834386311,0.6201860118906702,0.6337052213560246,0.5018411332941659,0.5403329115415371,0.525403453661222,0.5470425042372714,0.49135382569764563,0.5477674554545012,0.4808080261788841,0.5105954267015135,0.5704445659038352,0.5625023022227191,0.49254901767169007,0.400784274939797,0.5180229555755872,0.49958238903508234,0.5819793017726821,0.48367465166211776,0.5151062470231871,0.5877511943536738,0.5723888837905922,0.5979688099738224,0.49494101052525274,0.504795887731468,0.5003113664166833,0.47566882382409365,0.5068988584980993,0.5386215009643617,0.537239874907259,0.5138901440212161,0.5687021540199118,0.4663671839397859,0.48463413531482835,0.48081879851825227,0.46241366009543533,0.5221765545679757,0.6846565791858272,0.4654185186890146,0.5696429336411215,0.4837547172936422,0.6232506863182883,0.4493932597899953,0.5442857641660236,0.5119980352449234,0.5541797958832763,0.5496536141002429,0.6363093093898038,0.5839803023909165,0.4938961323768615,0.5773419207244125,0.44754411777421604,0.498536133835527,0.5311519488981408,0.5153063948177514,0.6133840904692108,0.505075488232956,0.4766048315687535,0.5171331191947838,0.5093986226784969,0.5345928422029325,0.42486621070200775,0.5864988368697482,0.49650105267621225,0.5470278974412454,0.356492725410116,0.6277338411091433,0.458643796107825,0.541866557777077,0.4762927057482297,0.5584488456876298,0.6186931794027478,0.5032480458633871,0.6021842320511468,0.49767390899095765,0.4991599415405997,0.42943722116182004,0.5139617252363925,0.4866452714417871,0.5159774143198299
0.5652861628390898,0.6201197980760145,0.5776412533723528,0.5571482281782429,0.5516972307317248,0.6015836912566742,0.47876240631817507,0.5908454690950785,0.0,0.5722274377986986,0.5593145006576741,0.5474750362746139,0.540795676945881,0.5008684409433298,0.5710780371545618,0.5745548032584967,0.5401444983976714,0.5049796020911521,0.521388847519003,0.5310305817886971,0.5966931445787231,0.6262467558188881,0.4434177685644756,0.5202869447263085,0.5685082254704072,0.4898033655876443,0.5231089088626956,0.47962136420630047,0.553904770340441,0.6001177030672505,0.7017234923166014,0.5201113761667455,0.5743946840742954,0.4195015805776382,0.5658367495637161,0.524008628058618,0.598760010267222,0.6527805791716476,0.6117813942298094,0.5275310919579147,0.5831246041570264,0.5623409341695267,0.5015645176125381,0.6251693436623891,0.5286480804080783,0.49075872215953475,0.45376282985254274,0.5804569610439143,0.500350952296691,0.5511958200520091,0.5742364064768466,0.5266160571814722,0.42357123463611146,0.6315040376660526,0.5627882637869848,0.6314651422180684,0.5721193453172727,0.6109749703251853,0.47511210153359157,0.5085542952671025,0.5904900632211776,0.44082398037630693,0.49707732739143073,0.4535249327967776,0.4949300934519006,0.47273946204918754,0.5618003683838259,0.5383294335793911,0.4948054910756543,0.5902279011187809,0.6332711846170636,0.5508421729446128,0.51998639196925,0.557323023456046,0.5920317246527653,0.44769866396450214,0.5005281619111319,0.5640636422564269,0.4875949582174749,0.5642755056138646,0.5226985928874691,0.6779259124120479,0.6825829950123182,0.5176887518565944,0.6011768740441424,0.6161626876950875,0.5790998342648784,0.5115901412378465,0.5033139100339833,0.6395246445653777,0.5949755240940298,0.585984656799936,0.5861216358325503,0.48226079988587495,0.6447548876894579,0.6779264273612298,0.5504406253134306,0.5161656079393653,0.4542410502925764,0.5034802409649028,0.5670739110488932,0.500634167208404,0.49897893011032074,0.527558799492843,0.5718225659576713,0.5130873459431492,0.5398058225928478,0.507269104435215,0.5083322238005827,0.5592046331038272,0.5080969988145222,0.562862546440065,0.5748317295658356,0.6271677584812825,0.47057139179262225,0.5694246692077053,0.4718276761996715,0.5016065871568047,0.4921562072601449,0.5167063024074129,0.6258507569434197,0.6143571709592263,0.49074775750084887,0.6309430029613045,0.6588153573524053,0.6024936066923939,0.48141451363384113,0.5176616710089085,0.5031703158904048,0.5734796185118752,0.6536446129346191,0.6835579058325488,0.5832385378645398,0.6116890075629997,0.6159726431128203,0.49512954101409934,0.48189467647050765,0.563650232677015,0.4899143295772955,0.6707136548735613,0.5012931343605936,0.5352461002215438,0.6288448773531397,0.6241633489486124,0.6235397120948025,0.4288795670778506,0.7672639614407867,0.5204976126434633,0.5593978433682729,0.37024816852909154,0.617625033573251,0.5054659664298494,0.5827010832845326,0.5161442719066601,0.5841736651728867,0.6588890995029043,0.5118280782739081,0.6405875805657945,0.5706547524234588,0.5219854307352191,0.4454786491737697,0.6184075718691007,0.6328135380202312,0.6078444335458807
0.6464278210351802,0.622687143092481,0.6562340849521281,0.5761678258630634,0.5569338019707384,0.5709290588294446,0.5665451228884386,0.5205877574876284,0.5722274377986986,0.0,0.5486838287265373,0.515047262272807,0.6108041551886509,0.5002419977950538,0.6166335559951439,0.5828646026337136,0.6307793348279119,0.620883545423118,0.5553870039500871,0.5554952160207682,0.6476807178066684,0.6341970412949118,0.5114869992626018,0.5905514100180596,0.6677185772067199,0.4925967124669868,0.5239871265025442,0.5518702732294929,0.5749259987205677,0.5701616363701794,0.5740467948229624,0.5837115204076356,0.5648347833354377,0.44013384371906494,0.5633569356334356,0.48709842028058603,0.6035108146452417,0.5502606978484768,0.48948018688680267,0.6658721551534046,0.5664953918352987,0.5821424385075096,0.5589147019198907,0.616329552071798,0.5388016145180411,0.5585432947764023,0.5217052256652899,0.578041361922684,0.6079551319897432,0.575672495902447,0.6648502317415675,0.5750355883625389,0.44742540617877835,0.6416083927898268,0.5584881093679324,0.5874915295259552,0.6157173264990183,0.5365060866099103,0.6237599228462025,0.5158188455191808,0.5515653588855086,0.4190341000472793,0.5228519356393021,0.4455409447236476,0.5534844342118964,0.527714879099087,0.5584793522371158,0.6059429939364351,0.5888022164038018,0.5517427459706087,0.6152590042803416,0.5560436246610951,0.5385979716059766,0.6655182902351132,0.5722658715294657,0.4992547672981959,0.5136464192318533,0.5623760460450181,0.4859215848024869,0.5409151088990161,0.5533881811734849,0.6118873040504537,0.640636045585356,0.4860460066458434,0.6000432321053245,0.553440815453118,0.4965715264791842,0.5811537491924963,0.5460007967747608,0.49452006213318755,0.6146220988787319,0.556298248343353,0.6250068992529981,0.5202805724569537,0.6478753097531579,0.595050474600656,0.47645955638169757,0.5306942695587145,0.41558131055681236,0.5709088160533761,0.4931960940962057,0.48714475730464607,0.5381309934336459,0.5874613215396051,0.5480699713291762,0.5507718515564707,0.5922216605028504,0.5573632580850809,0.6145442477453478,0.6383962061686305,0.5495863966737788,0.5267226588565862,0.6076521838769972,0.5170140146448744,0.4878834676391538,0.5932954072091,0.5395948056086654,0.5875942048640359,0.5844029931702535,0.4577166121091326,0.5575725392131815,0.49778188705207826,0.503826990032043,0.6866829724807725,0.548019150927255,0.601553541068603,0.4774092026952199,0.4555486489502938,0.5222917604085898,0.6123518153451251,0.5746843251779816,0.5932378378459898,0.48257117156218293,0.47110364839429264,0.5578329780551998,0.5133553616361238,0.4989325995817299,0.597804920022061,0.5417454005104062,0.5881827619398733,0.5358573641424181,0.4929667176565171,0.6612379516313392,0.5366204743159955,0.5554678866126074,0.47144792448111034,0.5480163964382492,0.5573135268223387,0.6360771809965512,0.33870134464801677,0.5583985920775965,0.5342427741242488,0.5796294520552839,0.6215141354540734,0.5927392386156296,0.5965919068559633,0.5538071415515723,0.6695784312711854,0.6064454322646802,0.5739690890664809,0.5272699337960021,0.5924601998420738,0.5506221448599192,0.5622324701142759
0.5245163234003857,0.5116440712753567,0.5530515100973759,0.6546354743631451,0.6139717701972335,0.49510159241301693,0.5523428468823889,0.5435154827287391,0.5593145006576741,0.5486838287265373,0.0,0.695027791020638,0.5227033018403502,0.4443730743043758,0.5236185035364344,0.6109011369168524,0.5472196987070455,0.47049834579535366,0.5382339501800507,0.5060034671845022,0.6225573842893475,0.5936066900535039,0.5615249641996222,0.6264785605309389,0.6557912167825157,0.5780691679407833,0.6327697208665022,0.5414758040889968,0.5129573280145504,0.5829443053261687,0.586894799647171,0.4987777989039886,0.49857109852987697,0.499744877204626,0.5369548708242122,0.4950204743759432,0.6999440997121005,0.5485252258439113,0.6407455336539386,0.5766791708437895,0.49304978954942735,0.5918175403958177,0.4979588693475321,0.6364338268063071,0.556620410917864,0.4498197528201423,0.4016657866554843,0.7170665313227115,0.6084069820277451,0.48574473279441727,0.5560673823837375,0.48017992385321223,0.3527416894473436,0.6207862527326612,0.6251183971561052,0.5137934763119584,0.5291612294458438,0.6670579459002861,0.46665787748601456,0.4589736916296863,0.5373412072332544,0.3716115318831052,0.43781948553082556,0.4414978973999465,0.42256591433722007,0.42182971689915977,0.6163503761583552,0.48618339931854987,0.48568023333397636,0.5864731664109576,0.5172003196304851,0.47732768085957067,0.5390677998903814,0.5910203763163656,0.4886243520923982,0.3958516458793151,0.6127803945385215,0.6230640770792159,0.44909748027647567,0.48493510439072046,0.42230456215752726,0.572346501830611,0.535371704983068,0.4433465455905981,0.591045623669523,0.5270955192154784,0.6239993524151225,0.48157437755845756,0.45066645476574135,0.5684121635839948,0.6285122764003174,0.5169543620101557,0.529475854240114,0.4295474953005419,0.5609906981358462,0.5971578860175241,0.4234811681654006,0.5132847004676031,0.4133271888647693,0.47979931481544236,0.508643631345718,0.5537762270645412,0.556863148399501,0.5181639993575896,0.47941316389715716,0.4828362615855328,0.4970022089815712,0.5632554618005059,0.45723353347807916,0.6457831581308567,0.6824377713227533,0.5904620472324454,0.5404399088662138,0.6118618220422214,0.41693237397738814,0.5383151706610356,0.42392823077569697,0.5929043340259972,0.5361250386052723,0.4650304059867685,0.5746108637073012,0.5307883280615946,0.5027284193389537,0.5652474298936849,0.5133658373059474,0.5544164239255137,0.4346612591897958,0.5184050038162417,0.5004897698132531,0.48207049941720587,0.5013209863176342,0.5439820725185348,0.5596800310945038,0.5332577820434359,0.6787485152979649,0.40036783227594946,0.4456827158869307,0.5541305774629232,0.5812852252986234,0.6018244932895653,0.43089678037715606,0.48462918228362445,0.5513039766466297,0.549141324140513,0.6628898081130572,0.4796090032245775,0.5719860333126211,0.42896612955511704,0.5472913270601918,0.3503463972186312,0.7010188680143449,0.4148428245860801,0.6753733451489649,0.5084635361135628,0.6329591236258011,0.6362142149724227,0.5880577003242784,0.6526656041944396,0.5612138143565103,0.5434284198744251,0.38402716997150615,0.5124532733331068,0.5319740702449346,0.7148253539522738
0.49705697587583764,0.5184280950359561,0.505922405026916,0.6100519755069514,0.5730369222161934,0.4990941514580637,0.507006784793297,0.5293103743833524,0.5474750362746139,0.515047262272807,0.695027791020638,0.0,0.4860496686809599,0.4399097778797139,0.48012002472596155,0.5980595401078984,0.5452318627517406,0.44014587611010686,0.5529956005924551,0.5012136170625839,0.5863757210384152,0.5202997766472297,0.5577663648367934,0.5710102640246753,0.6125658271302392,0.5472013891761736,0.611662004870175,0.5436219810393351,0.5300457626273938,0.6068977688968202,0.5930047472451362,0.48394265477683973,0.49608552290390096,0.5357858694474795,0.5497988355727855,0.5179513946137767,0.5934839437271765,0.5637030204756928,0.6456218275589354,0.5323128454032041,0.5128456721849645,0.5561409334087027,0.4645236046096387,0.6242755999196947,0.5420352219644315,0.4367169411623243,0.3997899480595821,0.613521866362946,0.5580771154386022,0.47432129236474047,0.5143991976853117,0.48577774762913023,0.35022941385815104,0.5831042077631511,0.605217818021744,0.5196226914901841,0.5160273309380693,0.7210314635704862,0.42964531437197245,0.4664372632260575,0.49676615907831023,0.37577089275316006,0.42505797503077575,0.4540586269816674,0.4002791065189668,0.40219487492952477,0.5342846614974441,0.4340940778447117,0.4472969697479374,0.5300157624693544,0.476623790465529,0.47867900678575054,0.5092748963839622,0.524894146923761,0.4889940517892335,0.3910665708279894,0.5262614032097993,0.6128035098298087,0.45488087901138635,0.49321022681040017,0.4146502726778631,0.5267254517475737,0.5145079328033714,0.4508353893077502,0.5965380226728746,0.5429064495713597,0.5651325015337422,0.4492336504880037,0.4508944546574698,0.5733257445583673,0.5948214918204898,0.5318079309215223,0.526246693858599,0.4248701691732764,0.5242068206484249,0.586569838487585,0.4171827899140359,0.5512213135941789,0.4326824306353548,0.470435000125929,0.5184228914955464,0.4893678709337462,0.5332876549046937,0.5262361333298384,0.4807130154601304,0.4778369432012865,0.48167900705701727,0.5831191425178827,0.44473371599632494,0.5890627896671122,0.6365989239107439,0.5936527361946862,0.500690384936279,0.6213701481166582,0.4219969982317521,0.5535577612257843,0.43193787489132257,0.5297243640471991,0.5229015178960267,0.49144399643609904,0.5712515594810446,0.5255543205652572,0.5223072888278479,0.5387895701620045,0.5131854313699231,0.5559044337215873,0.4346260109810009,0.5246233931998318,0.5357071204435652,0.4547797408102366,0.5248212484281273,0.521433458401239,0.5465031034305281,0.5686603433929389,0.593955045796703,0.38610943854566177,0.4564329454345844,0.5431585589322716,0.5447049739782472,0.5868508688364967,0.4150422132294375,0.496269394228623,0.5328521305146617,0.5356386788263856,0.6461665875106766,0.4646342827624569,0.5674238949450687,0.4175926957957527,0.5489509417354068,0.38183787550391163,0.6565185465673317,0.4168179584259728,0.634323530290579,0.4726645742966967,0.6423041356807729,0.5458223990988789,0.518859605638405,0.6221179305123629,0.5377966338176023,0.5198709712850103,0.37112305711661453,0.5309332905363038,0.523347855248921,0.6503949487614593
