0,1,2,3,4,5,6,7,8,9,10,11,12,13,14,15,16,17,18,19,20,21,22,23,24,25,26,27,28,29,30,31,32,33,34,35,36,37,38,39,40,41,42,43,44,45,46,47,48,49,50,51,52,53,54,55,56,57,58,59,60,61,62,63,64,65,66,67,68,69,70,71,72,73,74,75,76,77,78,79,80,81,82,83,84,85,86,87,88,89,90,91,92,93,94,95,96,97,98,99,100,101,102,103,104,105,106,107,108,109,110,111,112,113,114,115,116,117,118,119,120,121,122,123,124,125,126,127,128,129,130,131,132,133,134,135,136,137,138,139,140,141,142,143,144,145,146,147,148,149,150,151,152,153,154,155,156,157,158,159,160,161,162,163
0.0,0.8651690090680757,0.8035615661905374,0.7981008231040875,0.9138191259642645,0.751237917265033,0.8498274262988279,0.7963694634072652,0.9300996182163106,0.7553414215534454,0.9187109379966956,0.8382922175500136,0.8370544171960238,0.8499871066948999,0.8341310281273496,0.8357272719652857,0.8304507321897847,0.9358862230267463,0.8599797261530429,0.9635339321749034,0.9159222945750346,0.9162505653751474,0.8655751650377894,0.8171225299952414,0.9142586129364552,0.789737414199145,0.7935161275322125,0.7915755497444407,0.8110918754332119,0.8396617450867945,0.8528412959488171,0.83355411276101,0.8063156554725488,0.7483170685870166,0.9422861178003055,0.8391853091084933,0.9184114683102133,0.8925671575086077,0.7968757976558999,0.8232868068015654,0.812993397278005,0.8450393182660678,0.8975287627555961,0.884316602029535,0.8383026071944573,0.8265838659063787,0.839195831244772,0.9012579066123863,0.9312983281127655,0.938108587735713,0.9123491930838065,0.8708834892868375,0.9004109815697271,0.8752464192209108,0.8784330686702811,0.787175345264453,0.9694597279699105,0.838532491455375,0.8697376843349293,0.8295582313418393,0.7779681777211015,0.7195945410266446,0.9235292521219305,0.8607274133883901,0.8822431025423798,0.8377050330499113,0.7982478144117546,0.8652847908059131,0.8755768645466375,0.8616651261185789,0.9315748283015161,0.8875852819683335,0.8614927872613088,0.8487267737788808,0.7936505495468552,0.8389966046723044,0.7859285696737098,0.8287414483881795,0.7892251494118091,0.6474811061155591,0.7495049364976272,0.9299141380373568,0.895692436295121,0.7483618144096025,0.886371454607019,0.8713292128865495,0.8610799403357529,0.9018515258906593,0.7625490758601166,0.7647832753153094,0.9400132083279327,0.8316765748964376,0.9315727086747604,0.8886086555881533,0.9507864236732969,0.8501628347561478,0.7931135788524993,0.7674767339055566,0.810220074879223,0.7433982221633905,0.8093094860014681,0.7544694029354964,0.7961353397519603,0.7806337132515413,0.9025751902350411,0.7920905898820072,0.728440611910347,0.7886444945159375,0.814447417984693,0.8398744299860152,0.8632400484203535,0.9256226239942403,0.8080273372411177,0.7585047264231768,0.8430937378520852,0.797539966273007,0.842163105620912,0.9037878978198933,0.7776047344813762,0.7524345559433324,0.9149820113812147,0.7565922657479314,0.8661396453609986,0.8695836190287363,0.9017276080212001,0.7824849491557555,0.7252981012782974,0.7708764902496322,0.7659800490409069,0.8819920603747637,0.7591454909309941,0.7976168926920826,0.7812129238870722,0.8648118432408165,0.8611184764581614,0.8631585339165855,0.8524872774327793,0.875211196775683,0.8654847352335593,0.8583543597674516,0.8348768243959771,0.8198641580692196,0.918754837204552,0.9119390326537891,0.8833501815623989,0.8523841908719453,0.8969232224975278,0.6626349949549912,0.9126246590244547,0.6455078238572566,0.906785361858633,0.8715438794637552,0.9211121911833161,0.7763383786119015,0.8079660040207284,0.8730027247340761,0.8356300562631486,0.7308292479650306,0.8811001501641426,0.8110411888756974,0.6908447468500324,0.9017501628047723,0.9023924377480453,0.9397625358714723
0.8651690090680757,0.0,0.8100082608546103,0.8432745414596978,0.7959817996398224,0.836738285295178,0.7989903720351292,0.879149579374105,0.8273270667563983,0.8107621259531952,0.8707603607924925,0.9042955921707458,0.8707451876409092,0.9092310464372649,0.7790473794825843,0.8760392809978318,0.8498457528774807,0.8007049184071051,0.8077793432142754,0.89800308483956,0.8510581001933554,0.8350266389268541,0.8331156650124436,0.8046273487318053,0.8501097083599395,0.826005206673015,0.8430637942718461,0.8074815434052993,0.9696323442915602,0.7794083675894906,0.8489811839995098,0.8359622214077123,0.9205829208601544,0.8292983962104208,0.9074289991567879,0.91506373686808,0.8788644049786279,0.9223740985100652,0.8272329012546517,0.8629046484883949,0.9266040856789323,0.7390098831643782,0.760345206818575,0.8587140351993373,0.9106846352776476,0.8617477338042817,0.8342163915899307,0.8549288615657079,0.8441940866946702,0.8783027048667866,0.8407338879570055,0.901012128190229,0.9155247700809602,0.9240569939251587,0.9309990297536681,0.8621599393941924,0.8930564324750275,0.8432481400266584,0.7746666003265287,0.9203236918155169,0.8626562025304653,0.7885074617892902,0.8494944701153647,0.8796466433521448,0.7337755552916188,0.7746039590260113,0.8207087633102517,0.7516018800287433,0.7708230679491462,0.7785933881423732,0.8372657561701383,0.9049617270037996,0.7897540553283282,0.8191413489999695,0.8339444794525219,0.8504941331511334,0.7762639952012577,0.9097313826042692,0.8691279743308667,0.738690854132689,0.8025466688959171,0.7937817958524598,0.9180474178129454,0.8810621198562028,0.8546393655361532,0.9632885222929403,0.802873245784436,0.795976533816199,0.8545037390488602,0.893145938790543,0.8413658545906386,0.8480926346340946,0.9310211822059331,0.8937062383583961,0.8761817811397329,0.9098268035707023,0.8399978090148053,0.8486555359128796,0.8349651301160553,0.822422346588504,0.8972283252721399,0.6980446322358154,0.7196815422357731,0.783903994178321,0.8899335329949307,0.863303927080618,0.7870767267092046,0.8240896914289403,0.8830624517820218,0.8489967857653249,0.8184802409608853,0.8567292140210802,0.7982875606821542,0.7944277278138345,0.9327792574963369,0.8824771256506982,0.8809383046938728,0.7765159529221414,0.7976136060364164,0.8348648421985237,0.8784808302078301,0.824191677552277,0.878460875330262,0.8958958976233432,0.8362443585114411,0.9246024495924907,0.7641327544890472,0.890917980556772,0.9206431219793486,0.879058296579522,0.8012310698699128,0.7896055756244824,0.8616760107369943,0.8886327460555751,0.80625233587713,0.7845141252379142,0.8946446701068496,0.8906559875595288,0.8716012429799681,0.8174658900325747,0.8580117741515191,0.8739176333809752,0.9055410354240718,0.8686549675587101,0.9183217727768701,0.7627270267093408,0.8641261078801312,0.798948678917233,0.9183343730839302,0.7576776191245223,0.8213983440703071,0.9063514792594846,0.8400828239304439,0.809564883611896,0.8506037704680617,0.8036302387754565,0.8217527723790915,0.8250936272923409,0.9076430843476315,0.8080835845887022,0.7480038738903755,0.8909168915209242,0.9345573988927619,0.8229421350734416
0.8035615661905374,0.8100082608546103,0.0,0.8391381315015872,0.7860825547798315,0.7877609222417298,0.774026340964637,0.8337965194582466,0.7281337307333342,0.9263433620557735,0.8897923720685776,0.7597053110699483,0.894097837969086,0.783789462896437,0.6928399185335872,0.8935766564010038,0.9064175317314491,0.8501705209688591,0.7359158340168501,0.7654441377524831,0.8854689933473151,0.877638711403279,0.8402784814803967,0.7341474120036141,0.8673405471244338,0.7781025871851963,0.8397992222584031,0.8553958622896242,0.8114499341937886,0.7692824019584378,0.6516161467927154,0.8139416018152692,0.7513034590745843,0.6902377412619067,0.7285680679940599,0.7347632706732071,0.8159341682070641,0.7726833373763728,0.6460390986567757,0.8424328236537992,0.7181326584475921,0.8763225297143045,0.7505036985489484,0.7078829623728972,0.7790136349677439,0.7735009203660511,0.764488839442351,0.7710464983807628,0.81513117709688,0.7760909140449327,0.8135371522183122,0.8158263736457033,0.7642931691807607,0.8239703206752901,0.7877512863944851,0.7443996507437148,0.7907842140244897,0.8448820731473708,0.8200197008638301,0.7451424208727193,0.8357122487978202,0.6602718807375466,0.8654366672167407,0.7400234050824479,0.6817745262941897,0.7489995092467046,0.7769262245074398,0.8092985714179592,0.902921015985756,0.8676982476225616,0.7606098356107129,0.7045482819628176,0.8172263945849195,0.915379856392732,0.838921465277817,0.6710575465757349,0.847753609608878,0.8193813162669711,0.6734925889247652,0.6052422401770629,0.7861832894424072,0.7339384636888222,0.8182351911716794,0.7487023697453253,0.7808960171126887,0.7811392482834734,0.7753257017036129,0.7635796768473025,0.7439943814032934,0.6641711997135841,0.855059701481975,0.6749575176751227,0.7943809793334142,0.7062195195290341,0.8395612344527297,0.7483913264740302,0.6648879425359889,0.7197587499256561,0.6570424261209381,0.7486955223447632,0.652620206807975,0.7739500019307783,0.7034488252766269,0.7315190796828881,0.7522588110649399,0.808424558315091,0.7902910560095936,0.8959259875109762,0.7812983532299501,0.8058485925468959,0.7767281908243165,0.7391569305450938,0.8015558997715512,0.7794185235211966,0.7370274440273065,0.834963208943857,0.7516393829342394,0.7815619922008257,0.8901993407521325,0.7173346910728166,0.7232529205777917,0.7304208546666936,0.7371244992420282,0.7637351321022736,0.6560880108950788,0.7438590799474127,0.7211807840610903,0.7129234435228212,0.777794609644072,0.7578035465634223,0.7642852358850607,0.8763787674974339,0.702789424194498,0.6806100915886156,0.7049797569522127,0.6518591366934094,0.686411162612544,0.7204292210132967,0.8412914586401882,0.6791887222088916,0.7478193528377818,0.7477689020781,0.8042347392764868,0.7976863534636399,0.7417603907907742,0.7463372266593751,0.7188744774100697,0.757400806799281,0.8674032167337857,0.6363298621995648,0.6763019550164533,0.7296357443093607,0.8293338874461288,0.8510372346458477,0.8048233042409204,0.7361883267274794,0.8135804225504202,0.8323277067184994,0.7407017832204732,0.7818732297461923,0.7973294089569729,0.6869409145685866,0.7582145685207546,0.7662629727936691
0.7981008231040875,0.8432745414596978,0.8391381315015872,0.0,0.7598162246153581,0.7627511739444217,0.8624912733208939,0.8415386505369035,0.708091225139829,0.846367194332498,0.8469296532041944,0.8064191806922748,0.8578580527145439,0.7969380804881089,0.7613873095502082,0.8000372069743577,0.8197013533899304,0.8105888940294287,0.7511015595675474,0.7458387805757233,0.8458750476518693,0.8145648234570445,0.891587232360267,0.7975607539270618,0.853064775764346,0.8603181731750306,0.8426204855138669,0.8215370285069906,0.8207153983971074,0.6958922311812064,0.7160579663197115,0.7696387422729483,0.9036288721324202,0.7775284034140972,0.7730150206065592,0.7797531248490288,0.8463910679289048,0.762996300103611,0.6985841622768646,0.9107684322211909,0.8155303517991442,0.7563501055937762,0.7426191304485857,0.7778322550697968,0.8441699605793332,0.8317917776815862,0.7554319972330912,0.7831830069350614,0.8436839891100618,0.7699910444382395,0.853042181275163,0.8671087862707243,0.7711402425663155,0.9021195402964488,0.8416946101183158,0.7515992831986494,0.7929018697230641,0.795914597798705,0.8056737374760444,0.7858734811990097,0.8502377201803845,0.6718318123129857,0.8303332401506575,0.7318684526503866,0.6882794750802733,0.7550723098735911,0.8475537601309824,0.7875202887974292,0.7911783295697578,0.8160388516275323,0.7800361624318081,0.7478272956272202,0.7823034614290567,0.8955296938844223,0.7570871523053403,0.728369743073174,0.8395041975960321,0.8588498892834543,0.7649224289490366,0.6272584457091329,0.7365549837715916,0.7724559461530072,0.8144290348013334,0.7542380487218933,0.7892516719528271,0.8090298994246052,0.7701439481133261,0.7756819523086019,0.7847887644490279,0.7431365172939256,0.8393616301860933,0.7560972177321635,0.8050893353886196,0.7541672333086293,0.8481680387789933,0.8171266493259872,0.6844445745841425,0.7816252434251179,0.6825212164597998,0.8236867870328238,0.7205547296210209,0.7489859492064388,0.7895074253604075,0.7973513780325778,0.7699177455054286,0.8075541592061982,0.7709740107333574,0.8248631379774495,0.8490348954670407,0.8112384021547925,0.8466886492713663,0.7669170662354802,0.8091001089436497,0.7233136786159484,0.8120653283698922,0.8408757316202888,0.7724965326245614,0.7314376622193581,0.8652307339371159,0.7387424862205982,0.736115632720746,0.8148829043781098,0.7474925991052126,0.8466349396921371,0.6773538806837969,0.8212363545262987,0.7177361448049391,0.7638738537083526,0.8092450512521326,0.7979194920975639,0.6903738541064397,0.7291785086752043,0.734583967407551,0.7282991562864661,0.7195935736165802,0.6640021836525583,0.7052305414076498,0.8076422685526787,0.8649325700494211,0.7154206716063952,0.867901292925776,0.717823491795826,0.851696408222825,0.7739234734933271,0.780547185898799,0.7765971473660057,0.7354443455958805,0.7714115188589119,0.8019480286725742,0.611494508834589,0.7506866910217622,0.7636895850643481,0.7787631549787851,0.8288076558799045,0.8831404383039079,0.7758380633041402,0.8217595121297593,0.8818894969827573,0.8769541563950256,0.7994426776664161,0.8069041437819204,0.7267781052131534,0.7902962234371563,0.7733545549816184
0.9138191259642645,0.7959817996398224,0.7860825547798315,0.7598162246153581,0.0,0.654225143922066,0.855305440310592,0.7077177874290526,0.8772882565936503,0.7055150298020343,0.8909303732972949,0.8223609547829966,0.7328966552989815,0.7571408933390059,0.8721805851069446,0.76482916544548,0.7581804714310327,0.9037582084842459,0.8276403078615014,0.8734123542368403,0.8976969276923467,0.9333433466598465,0.850217502160995,0.8426032251999361,0.8454001573134169,0.7489784996051295,0.7499585928529824,0.7052020025083016,0.7707151372073333,0.8218010627546773,0.8145646527695786,0.7293724080882465,0.7743336446374123,0.6621467421674921,0.877471663674598,0.7841211924100465,0.8381725678973609,0.827855021067155,0.809907639514323,0.7929140444274363,0.8078962752832293,0.8046592026034425,0.8981634940810357,0.8682551917841314,0.7555380546863291,0.7526791203850525,0.7949067596660562,0.8762261215715007,0.9011675017295084,0.8902434539388595,0.8663569407634534,0.7920177834464129,0.815521813279979,0.8385232731004251,0.8279519288747057,0.6808012568195421,0.8960297415571683,0.8035007410311277,0.8277875033078387,0.7482910040922783,0.6684211482378236,0.6405960531229717,0.8421369214415285,0.7999713329521612,0.8693110119373845,0.7279995745242659,0.716148151264817,0.8353987973078411,0.8352632759649466,0.8069627728491507,0.8818482432137374,0.8160710844703783,0.7539275940305206,0.7877032144574654,0.7064223426003098,0.7170691934506848,0.7305516817888227,0.815689758371356,0.7219939813293136,0.572700861435921,0.6584515762232132,0.9098857239647667,0.8747087322700611,0.6503251781315424,0.782785160393706,0.7977454982459145,0.739029923376229,0.8333519541790823,0.6489492071936614,0.6939430743601845,0.9202093443563738,0.7699098522301145,0.9011769208067719,0.7707758958271794,0.879421634894477,0.8153899435032186,0.7064528645209048,0.6817832494636961,0.743540927441742,0.6502550019534498,0.7415168862828895,0.7066444301203533,0.7624793128657338,0.7971635784429459,0.8020315012971638,0.7134496245342075,0.649181071534717,0.7195483575682102,0.7731399573601545,0.7918694584296051,0.8276417197123,0.8834004803875546,0.6868513112667153,0.687129843761887,0.7488320222747015,0.7260640166880098,0.7124209291483019,0.919401012324275,0.7144571895175965,0.6686210811513283,0.9126524151397065,0.6860291397869663,0.7471439422020782,0.8236154970316584,0.8372883175604336,0.7413243531522967,0.6454859881312256,0.7200535591693521,0.6897600520819002,0.8541553847209372,0.6792474077601937,0.7281146310527231,0.6717710416620872,0.8038383918180896,0.8484764969599775,0.8572651943712363,0.8032583708812384,0.8626640128121738,0.855771054393563,0.8693725077662275,0.7860894157521733,0.7331652734479239,0.8376607876957598,0.8607072880259832,0.8375174455680529,0.8020584785389165,0.9076838184985889,0.6227782098936133,0.8471984076188642,0.5893962699833665,0.8514569960997106,0.8082084840867385,0.9169950647507122,0.7708990550813747,0.7908560149231803,0.8269499155728179,0.7784898064524022,0.6812714344285453,0.8334482682796411,0.7101863905960882,0.6370297631302783,0.7984997985598282,0.8324733002760216,0.9403359844731677
0.751237917265033,0.836738285295178,0.7877609222417298,0.7627511739444217,0.654225143922066,0.0,0.6598299225164959,0.877386068336666,0.7193399310761904,0.7936663394240779,0.7679490856543686,0.8036815747657313,0.8598044832847697,0.8151584458255935,0.5915269142498103,0.8930407789204111,0.8645466543290682,0.673461588237293,0.7331985273025353,0.7498282583909758,0.7708707378301328,0.6861689427931444,0.69978767489361,0.6187353706426055,0.7866579345706306,0.7488567732085337,0.7453357831599935,0.820827843993846,0.8238989199003379,0.7567382115603231,0.6922928734118431,0.8807869617940366,0.7513317645219207,0.8216814757389771,0.7402181059696925,0.7956967397644538,0.7785064959573621,0.8006047938401727,0.6503619980791477,0.7066392638940402,0.7204006017444267,0.7632105613484137,0.6484497457410612,0.7132441489971486,0.791335015852766,0.7438237133005292,0.7708645006834584,0.7256945081851278,0.6961323008583536,0.7388329173493091,0.7465634128437476,0.8778296763104085,0.7777729184162093,0.7780889478575868,0.7928391993583578,0.9180868265785087,0.7605559881801219,0.8706621215606986,0.6604658145797304,0.8096907235840489,0.8773563912652477,0.8140066363328003,0.8412209139706194,0.7605992353514527,0.6029141330082963,0.7311745835289156,0.7325692267934197,0.6724315840066463,0.7142692524034908,0.746000235481729,0.7093424943547759,0.7305829305314648,0.8123934706129418,0.7724425403160023,0.8797330081344732,0.7730721928599839,0.7585753385934341,0.7978211346119609,0.7407073435380199,0.8293938343789999,0.9032780100813622,0.6665414280571872,0.7742422017122179,0.8955077302349955,0.8527838572685541,0.8220753818336205,0.8514927960474316,0.7071169247868835,0.8804811009011574,0.7690612497086142,0.7622543349197041,0.7556748774066168,0.7680141677738829,0.783681924856673,0.761232590527968,0.7735282809830124,0.7679833327653127,0.8732635770668258,0.7614167835663309,0.8132567773905924,0.7353265312898899,0.6959986391381768,0.6745074028150801,0.670022652111138,0.820880601188843,0.843518068232677,0.8298043141189881,0.8479970701781668,0.7248867692355356,0.7432680963962081,0.7447755345119782,0.7319804680722255,0.8661342499466813,0.8265561867875613,0.8246727979423124,0.8564701069082706,0.9049358508447166,0.6449735871588279,0.8549733900298838,0.8620307659855941,0.692499196425086,0.8450203204314036,0.8604656290823223,0.7621525835286258,0.6963196706280208,0.789527211762717,0.8171605177479909,0.7913643503902142,0.8995835414419695,0.6740624062800491,0.8619727348387521,0.8880165965233902,0.8253074422256592,0.7704186398968912,0.6404170763325902,0.6133579769879325,0.7330459488844551,0.6741617990052012,0.6696818383999122,0.6487025770994326,0.7064139071114013,0.8653250986927467,0.7900328389654465,0.7790506994953997,0.7606640032547489,0.7060243703668435,0.7029594407626734,0.7555996961740344,0.8212384108527473,0.8148486114271238,0.683587492048458,0.7758062587704436,0.7003241220614521,0.689335877973122,0.7812885562719467,0.6563902653370144,0.698396937186003,0.8569626996709037,0.7066290893576455,0.8532888693296443,0.6996014877799254,0.7988082011920985,0.806987957422276,0.681532410100433
0.8498274262988279,0.7989903720351292,0.774026340964637,0.8624912733208939,0.855305440310592,0.6598299225164959,0.0,0.7078567674586432,0.7201503099267382,0.788106847422162,0.8086107302947046,0.7986912955886352,0.7870961045816717,0.7731881198019926,0.8734433730347281,0.7295505504018327,0.7338175319096869,0.8437154454506833,0.752077855282228,0.7938629397711042,0.8829843962736378,0.8379672412678766,0.9136577483720272,0.8861255143010354,0.8747889491806395,0.8681685634708742,0.7413716964223384,0.6967910373468557,0.7684056580097727,0.6684355750731226,0.7904102889588888,0.7743869697245209,0.8407429741223746,0.7764033980545394,0.829766049856907,0.7946242977042485,0.8949508929590624,0.7274267644367485,0.7614765016473801,0.9036250577922755,0.7971807331604266,0.7330594682030256,0.8817010405528609,0.8736778550811028,0.849453329145935,0.8622918364705533,0.8431909112978769,0.875127778554649,0.9604257914300667,0.845225270608908,0.9377237925998422,0.8198036857538697,0.7725648278924093,0.9049837843998676,0.8762757943519137,0.7154485484207633,0.8327661106171265,0.7060154589366461,0.9278560478698182,0.7741903602951566,0.730177341353277,0.6642732597337341,0.793858914156688,0.7757811736490965,0.840675926030558,0.8222461032776781,0.869822995323746,0.9085780408166401,0.7895257331517398,0.7320126667860513,0.8833558206670913,0.8103471537623608,0.7725984526152235,0.8794657749362733,0.6409290352177974,0.7923155367029613,0.8458243997992191,0.8695524341702928,0.7403523553124909,0.5920387273577465,0.6703336477468879,0.8717639862072805,0.8099664648475966,0.637330966554489,0.7890769651948486,0.7423056604374411,0.7336506157449135,0.8899042281062985,0.7176631339664233,0.7204989130008227,0.8493451990270288,0.8248405140529144,0.8506347215897858,0.79246602783753,0.8787677989694558,0.8371300380902775,0.696079080109428,0.7554689948665054,0.7176206223387781,0.7829130030823481,0.7558643269860267,0.789744142833047,0.8931550121204289,0.8191094683364514,0.7733623693908885,0.7761028814357336,0.7410542740146435,0.7021843949148827,0.8918358381871186,0.8822615834600969,0.9375478832539571,0.8423077701944195,0.7763280076103364,0.6211474257738184,0.7701784021410435,0.7102675116148576,0.7347842401709335,0.8675061126263512,0.7990938628933398,0.656101835660226,0.8122574518050083,0.6976657696437455,0.7555946861844124,0.8879585734215177,0.7452652995948075,0.79334527771172,0.6951061705870253,0.7607394096765304,0.7420827888478981,0.880966762512025,0.6051309242503262,0.6545789365090459,0.6581377698797592,0.7095439981323943,0.8146772972753032,0.791172654890358,0.7465971113507465,0.8895115776871767,0.8804276218505978,0.7854573313739854,0.8409750824106115,0.7127755898880721,0.8853791502245459,0.8032121424715145,0.8428225659545551,0.8964302861389697,0.7855819233090744,0.6923974909779212,0.8207936828313999,0.5491757517141286,0.8218476870499373,0.7480125706872814,0.7861701015464188,0.8911745400281808,0.8310798517585143,0.8539947430126003,0.7883317500315183,0.7682598369755715,0.884467812730037,0.7825479211801069,0.7672339740128494,0.7403437763555875,0.8221200614758098,0.8014202618920399
0.7963694634072652,0.879149579374105,0.8337965194582466,0.8415386505369035,0.7077177874290526,0.877386068336666,0.7078567674586432,0.0,0.7766475070012285,0.8119271328286166,0.8425887500957904,0.8380412306573342,0.8942421742504579,0.840624591316831,0.6841354828336476,0.9075002290892747,0.8632119794831381,0.7599839854194782,0.7665890474261052,0.8056413019774251,0.8032356683049421,0.7756812548320487,0.7752199257845904,0.6945005212951887,0.8151171296730806,0.7964667810306361,0.8535157863885633,0.8502360426004193,0.856348220942665,0.7804704618198758,0.751376069673178,0.8403334326301117,0.839725457276039,0.7936571758653003,0.7829043558665566,0.8299355930893554,0.8345050464493782,0.8693148434950347,0.7298145049598096,0.7889112649778878,0.7991970538851173,0.7403709126793004,0.718197158244779,0.7388222088554802,0.8690648263436341,0.8227936064342565,0.7505133567829357,0.7658858819232603,0.7570840351415401,0.7967142599468656,0.7942483591630525,0.8512085308977906,0.815838934331751,0.8445521978122036,0.8532887308037294,0.8160361215828017,0.8214009875649,0.8906477445259015,0.7101625297320151,0.8549424972098724,0.9417334038845384,0.7744431988484187,0.8724201036029084,0.7823063076116867,0.6506171886728347,0.7605889315530542,0.7880643128822472,0.7165581603809509,0.7820313886742054,0.8569083406727883,0.7664606998579294,0.7800823311392829,0.7865506786612497,0.8304353942660253,0.8933340141705728,0.7622684314068005,0.8113479374870991,0.8234919029174569,0.8348660404157959,0.7012526832504618,0.793740762555051,0.7297045710221428,0.8363427667187562,0.9096427611626366,0.8293455674328781,0.9006483343412449,0.8780411783238358,0.7541192688983267,0.8805695453569479,0.8136399402768589,0.8093356244663259,0.7523462365397402,0.8291850583048501,0.7987333400404871,0.8044478070274954,0.812834233098797,0.8047055680597863,0.7991649682640125,0.7432542358418139,0.8128949508694111,0.7762875098439639,0.7801616914831202,0.6913472970541773,0.7198013018463951,0.8492471108181117,0.8673608441565558,0.8329725007077697,0.8414909470897854,0.7924551390208358,0.749431852129298,0.7510096492091183,0.7730821797024428,0.8097685107826478,0.8558137567176745,0.8718777166572017,0.8812702584409585,0.8297971956788929,0.7093133976114943,0.7947447901824457,0.828111180114287,0.7527385835425577,0.924602639683961,0.792080253849292,0.8064520489744926,0.709628644335541,0.8481412227240128,0.7673704720991856,0.847735874471548,0.8710132527560943,0.7739656880701702,0.8252912768412601,0.8602354966133821,0.8779236194848329,0.795566845995765,0.7144611431074637,0.6594830045764628,0.7730720284012493,0.7565398020093286,0.7985987646277233,0.7464726228847278,0.7912798046179668,0.8242440480152756,0.8237641919070904,0.8148392221974304,0.8016344592962755,0.7142895039065352,0.7668360064361528,0.8013368602394648,0.8474307010478689,0.7499051919237685,0.7508770492837507,0.7990893161202087,0.7890615344252375,0.7526507884262018,0.8216502790592638,0.75464561441132,0.7852137231151227,0.8470797581724636,0.7818640135287293,0.8148800054139677,0.7207021498371352,0.7791035564971085,0.8424898080499565,0.7436512879561661
0.9300996182163106,0.8273270667563983,0.7281337307333342,0.708091225139829,0.8772882565936503,0.7193399310761904,0.7201503099267382,0.7766475070012285,0.0,0.6647303032598245,0.8750519108138549,0.8193171498838221,0.7405176930685275,0.8049911184691481,0.770511267506466,0.7946197279566799,0.7775404141595282,0.8558269100626653,0.8505266853292011,0.9397200484107568,0.8123874881314763,0.8636184868203103,0.7661603177494145,0.7257831056772757,0.8104407586320943,0.6827237702898116,0.7677449435438776,0.7512905691325129,0.7816038821404885,0.8931555605470327,0.8441247416531766,0.7522263588381752,0.7470324593438114,0.6742741046158338,0.918682994878711,0.8121441047602314,0.8039195910715133,0.926559859369865,0.801645702252468,0.7087462472390846,0.7910412834908964,0.8003230539920753,0.8038389649354646,0.8168628893221641,0.7529025264283397,0.7143913352353566,0.7463337468384695,0.8131352556590669,0.8081129918449627,0.8873175069536446,0.787753443555399,0.7850995795469289,0.86988413022836,0.7828680847997547,0.8065605573796495,0.739094360077657,0.9129755194587076,0.8553541398300435,0.7356285021211284,0.7887411767780251,0.7063209394852679,0.6981555158351515,0.8520151630016819,0.8413679066500198,0.8062225838202587,0.7090003542349368,0.6794610386421235,0.7263835456959212,0.8091169189195386,0.8372731313474653,0.8351042808223101,0.8520735289816058,0.7837785549291376,0.7217720006034567,0.806848860785319,0.7523586899623039,0.670300426901595,0.7458245127369296,0.7550632996175258,0.6174776673855078,0.6805847674914641,0.8672761650621869,0.8527205924974142,0.7473952517654737,0.8231610479571206,0.87615010751848,0.814932681659617,0.7978561714994865,0.7031635798733694,0.7482214180796316,0.8837798764967166,0.7820180484961021,0.8917264090313921,0.817863955580124,0.861056335200441,0.7996062278611734,0.7866323809860643,0.7105633583662538,0.8165780918789697,0.651017699134238,0.7916976329096964,0.6611954419550046,0.6905267183402118,0.731572062450658,0.8799030594824431,0.7074102183278951,0.6419173609804166,0.7483800561490908,0.706565146667816,0.7173370585516069,0.7414012713573463,0.8860201246614743,0.7027558922733937,0.7959866904869939,0.7971261595941571,0.7661298824244354,0.7836058300343229,0.8316327482955342,0.6735694504817142,0.760843973806409,0.903826982944856,0.7462650246623297,0.8090211856363029,0.766661957202504,0.9205303596009077,0.729580328010846,0.6764011846166936,0.7345117165509205,0.718985598946101,0.8019712565414197,0.8035751669090533,0.781459211217581,0.7825040814535507,0.9209626856073342,0.8151210520338033,0.8279203722248634,0.841420212124999,0.8095952278389862,0.7855111756048935,0.8610526267096558,0.7600352607678805,0.8055737844983366,0.8307224552570649,0.8933609064865127,0.8266600241159895,0.7414049475890047,0.9139519622490602,0.5986804355381358,0.8547277568681766,0.692116093001944,0.8707819768608999,0.8691099473430172,0.918581397470718,0.6671080156541563,0.7371213036779001,0.7854682973859135,0.7543266212117287,0.6429482402522543,0.8073425882071795,0.7185432658806246,0.5834675793125272,0.9067091119486416,0.8650847388665557,0.9254428774566412
0.7553414215534454,0.8107621259531952,0.9263433620557735,0.846367194332498,0.7055150298020343,0.7936663394240779,0.788106847422162,0.8119271328286166,0.6647303032598245,0.0,0.8208332216040518,0.7510443923867894,0.8922860287533438,0.7842247509070204,0.6642421215880449,0.8530055507952206,0.8657134114648768,0.7876336443791491,0.7071915334941862,0.7224433676178288,0.8157828012625424,0.7891328004566569,0.850323282782329,0.7063374305463057,0.8758008587887648,0.7731446278557976,0.8252591825548201,0.8469386880083771,0.8329886631672341,0.7065646466451208,0.6435762145073455,0.8336944805569736,0.7575643152666439,0.7430076640371963,0.7074692159056584,0.7311505088006223,0.8062518528394318,0.7250684933209999,0.6210637250016767,0.8414039726563239,0.6996731726973401,0.8039775213247627,0.7081607725629954,0.6922656658676262,0.7941123208790468,0.7811219905399163,0.7607061614297069,0.742139395133895,0.8116319860556066,0.7307779210999402,0.7905120100804974,0.7869376947430126,0.7356217685183101,0.8103339149035153,0.7971990622514072,0.7646044036634894,0.7383767767140627,0.781190686043289,0.8187627734549461,0.7460600509813026,0.8415684531164773,0.6693656025588373,0.792557850769708,0.7261393494928434,0.6416899999135267,0.7414433357038586,0.7985865741474681,0.7761091151088395,0.8406544163130399,0.7970349078787644,0.7133015045921246,0.6995906279336341,0.7942816521551632,0.8927675591855643,0.790657459057183,0.711813880911606,0.8474140096512044,0.819865160773446,0.6646000925402006,0.6270945850898617,0.7832379481802224,0.6801621730384865,0.7730066310001286,0.7463165605814972,0.7603105223638158,0.7418098094753292,0.7510482599516526,0.7585571501383007,0.794905018494555,0.6631520770870217,0.7877900605462701,0.6908783439024158,0.7670384757362534,0.7035476554656006,0.7959566755979192,0.7570188101191918,0.6433518814599152,0.7601962304344484,0.6506339136922131,0.7994157481980616,0.6632575779548703,0.7628830824799646,0.7203783600346685,0.7483101968810659,0.7287527262035791,0.8017833949788264,0.8079355635675052,0.8862462835313413,0.7975137550392748,0.807596313979435,0.7824151854221826,0.7006702023615975,0.8199788297153221,0.748605057628147,0.735164825872865,0.8027872333588781,0.7862366732568385,0.7505515242857511,0.908713100436211,0.7198915224114164,0.6698816709043754,0.7216503336390248,0.7318246856728499,0.7609750396555691,0.6276598778323095,0.772821006031986,0.7301334916390454,0.7145880346004747,0.8151576428028018,0.7361528124054585,0.7384503774055722,0.7843501179730188,0.6974866102196666,0.6419504295974834,0.6663704109419702,0.6179295365020124,0.6715950584760301,0.7068868816331209,0.8148876864355443,0.6458397128231458,0.7615674631005834,0.7431334811181524,0.7936900670429607,0.7524937139281228,0.7300340375746999,0.7499820523232021,0.656505594664312,0.7963065128435269,0.8627683726037784,0.634662846261488,0.6508820119758109,0.7315631126826355,0.7452588339929757,0.8546295525518083,0.8075263604147863,0.7064009996224184,0.7847341323401057,0.8533116874500045,0.7466558913992553,0.8077819636792106,0.8608519984246089,0.6798840811385437,0.7493076735674826,0.6906015324092809
0.9187109379966956,0.8707603607924925,0.8897923720685776,0.8469296532041944,0.8909303732972949,0.7679490856543686,0.8086107302947046,0.8425887500957904,0.8750519108138549,0.8208332216040518,0.0,0.8548437747603729,0.8589127896625386,0.8135845515147623,0.7884968220631324,0.8910824718190207,0.8795584016053114,0.9183393246920596,0.856368510365536,0.8872560010073315,0.9066877306162422,0.9534888053771186,0.8897293033776129,0.8142113643408606,0.9190561346919135,0.7675107715296356,0.869483823789085,0.8675544263154646,0.8616137802968359,0.8762009948880223,0.7679520175309815,0.7923485346338699,0.8046947691457147,0.7053441778660221,0.8524737203117004,0.7820268981939141,0.8846202593194936,0.881008790401008,0.7662760000850046,0.8404500053953448,0.7976467131123683,0.8725144025397371,0.8115788339075797,0.8086200846817632,0.797834204991341,0.7701210933318022,0.7448437636234688,0.8622289466769866,0.8888597074398943,0.8425571603279687,0.8397474064317103,0.8243795940213062,0.8253111879231679,0.8645305677365941,0.8510138724591774,0.7427807563225137,0.9015489318918166,0.8998119429531002,0.80685896495765,0.7821955269876046,0.8163440141152432,0.6554747160047533,0.885401476576617,0.7896389556969842,0.754369732244663,0.7376197696931632,0.7665084780597433,0.8032812131460374,0.884146414302259,0.93635023736923,0.8262710935726424,0.7944680777477817,0.8111893248721646,0.8579638306809065,0.8484294592860863,0.7294446949713214,0.7985713045458089,0.8411131600260651,0.7409730289589785,0.6360185236366708,0.7428655733786241,0.8251648973575807,0.9163773541283998,0.7716055172141582,0.8123140918218374,0.8697254234936516,0.8395852557862975,0.7923240798411975,0.7351534061134785,0.7372478753104919,0.9159127121410647,0.7278098437770495,0.8894999009186669,0.7931642017366848,0.8886561517253508,0.8286312116193101,0.7115988756009882,0.7144488720047789,0.7205766845292711,0.7066731516515228,0.748498078261336,0.7408865397407953,0.7076025808478081,0.7778306042424091,0.8145156095941596,0.7656523157811762,0.7070076887248716,0.8775461865586116,0.7729673688201785,0.8305476790827822,0.8188320057498285,0.8276162985713006,0.7654759205396955,0.8213954975928504,0.790893590053771,0.8497381815634868,0.784265229520302,0.8694814015955257,0.7977417129550568,0.7420304680686949,0.8471311613453351,0.7551637874500052,0.7910784233643146,0.835464338209211,0.7953894683270933,0.7976333188461926,0.6771220172164008,0.7466252498569574,0.7658679794253186,0.8185843768734116,0.7871172565243952,0.8363646935825836,0.7938793503095215,0.8181229976777059,0.8138173672901498,0.7556594401265178,0.8044913001227039,0.8127135387179815,0.8972748341364101,0.8139846385895273,0.8209657867003534,0.7787039615699175,0.8450597770683055,0.850977011038007,0.8363828320952961,0.7522799470749371,0.84250337217692,0.7033007294490482,0.9037570330611701,0.6525905614586993,0.8198291106435046,0.8412501930346271,0.943365047069843,0.7713885576952434,0.8452227308612208,0.830810775519328,0.9067722322975645,0.78701869979063,0.8545312121411917,0.7792487998605516,0.6936322296136228,0.8170405527466861,0.8273256526458534,0.9346863098542543
0.8382922175500136,0.9042955921707458,0.7597053110699483,0.8064191806922748,0.8223609547829966,0.8036815747657313,0.7986912955886352,0.8380412306573342,0.8193171498838221,0.7510443923867894,0.8548437747603729,0.0,0.7660227032264539,0.7792700935164298,0.801631756949075,0.8149173503482376,0.766469804100969,0.7510292716811081,0.9030248350043055,0.8587586243243608,0.8728402553832665,0.8129588767124222,0.797160831718868,0.8042131500616008,0.8715046422030662,0.7713454724182072,0.7401364126662219,0.7311475206354984,0.8819800125409134,0.7918833654969213,0.8957828839821949,0.797313872483836,0.8698125400453522,0.8081604356779896,0.8728062856986766,0.869355998372295,0.8596429047955716,0.8531307974266135,0.8932360951713729,0.7624269506553091,0.8848481515405353,0.7188549545268064,0.80694009391985,0.9012342890180817,0.8434580225193486,0.7917410097981225,0.7857730597751921,0.887865718348507,0.8302980586206685,0.84449379912034,0.8422777988913895,0.8498184113603777,0.8205104722872053,0.9158364181163688,0.9255568524022986,0.7792138389841742,0.8724439632894347,0.8661696613811146,0.7254184039741184,0.8251974368620468,0.7922090948049989,0.7227850426813907,0.8346929584135122,0.8051321261480395,0.7474084034590299,0.7366102227524719,0.7409655279741197,0.7360626313912203,0.7124322333883331,0.7764345504824018,0.8252054235617954,0.8287644084014644,0.7271649756726696,0.7642340362135368,0.756286424759709,0.8018540494952819,0.7471801125708948,0.8622487445264126,0.837280596654058,0.6998233887959778,0.7491928662226377,0.8234563882294644,0.8963127157617046,0.7671330234996495,0.8163704594398,0.8727262192967961,0.8237457327017667,0.7729970077773094,0.7668089562770446,0.8274120303742607,0.8201280966539378,0.849180017576787,0.9093425774739166,0.846026050508823,0.8029437861245373,0.9306030446622687,0.8238080966915539,0.8181037683021307,0.7846429930775742,0.7286191702247024,0.8433823007407576,0.7417652883448261,0.7482589100294387,0.8525524392759277,0.839398557264758,0.7750570424099881,0.7392189143427821,0.749516928688936,0.7923377735607194,0.8359395814985785,0.872235525801673,0.8431943534158137,0.732321273038813,0.7291569874189631,0.8335267614656444,0.7667323829533399,0.8223436674907092,0.8179188924502776,0.7545464395913217,0.7399615841543336,0.8468594370362252,0.8062446840720018,0.8120968558583568,0.8942890094806453,0.8184198249844916,0.9152425923102928,0.6893697176846245,0.8475267599940546,0.8411989276385246,0.8049305660116398,0.7260007594627969,0.7506715854825731,0.7746928961678712,0.864755094209724,0.8401905999854458,0.7821940070304807,0.8816808395319498,0.8412831199516704,0.8011887927359762,0.8843551063335582,0.8318495338825685,0.8066001612011907,0.8454369623592402,0.8464204544275471,0.9050831553226738,0.7558081337605035,0.8959293109484713,0.723295328459708,0.8967066219418827,0.6890729889595371,0.8753426204976194,0.8830618439173198,0.8219177806530529,0.7330264312812704,0.9207778042091886,0.8116866157438398,0.7657873528553969,0.7940919707601412,0.8444744228764582,0.7569638384602836,0.6454844056052944,0.8609831179154609,0.9174726330235383,0.8279695660939123
