0,1,2,3,4,5,6,7,8,9,10,11,12,13,14,15,16,17,18,19,20,21,22,23,24,25,26,27,28,29,30,31,32,33,34,35,36,37,38,39,40,41,42,43,44,45,46,47,48,49,50,51,52,53,54,55,56,57,58,59,60,61,62,63,64,65,66,67,68,69,70,71,72,73,74,75,76,77,78,79,80,81,82,83,84,85,86,87,88,89,90,91,92,93,94,95,96,97,98,99,100,101,102,103,104,105,106,107,108,109,110,111,112,113,114,115,116,117,118,119,120,121,122,123,124,125,126,127,128,129,130,131,132,133,134,135,136,137,138,139,140,141,142,143,144,145,146,147,148,149,150,151,152,153,154,155,156,157,158,159,160,161,162,163
0.0,0.5803590108995906,0.483145553625724,0.5935324878496665,0.49990189380030453,0.5502612280729376,0.6195066175673077,0.5172608127079836,0.7224157769084867,0.47545268338239244,0.5984188998034019,0.5440431132721505,0.6166230040182265,0.626240816566131,0.6182602019116826,0.5542386289100397,0.601080270963055,0.7484686918956096,0.617124530780029,0.7297329888971347,0.6358051528647898,0.5952773179916935,0.6036355401442379,0.6051702713214115,0.6218839091332744,0.6022142097012759,0.5596369154417182,0.608361302132791,0.4471570369448711,0.596611829281219,0.646592896983819,0.6026844255125795,0.5941570516726966,0.6477317789218767,0.6757438687825224,0.5909307210643887,0.6792882572113443,0.7001550290135983,0.5613053573707649,0.611209088336983,0.6100501017004974,0.6281814691778514,0.620932166156739,0.6439469283986562,0.6228416390711128,0.6725578062351184,0.5587945060207987,0.54723533738698,0.6949086112058438,0.6781576816627074,0.6866286981716215,0.6448604372428705,0.6303812110653971,0.60301585248061,0.5519376088253493,0.6193564413480538,0.7619488453699822,0.5560087041406765,0.6147778232891037,0.6451059970047887,0.5348543143016421,0.5817350353119428,0.6229529959646354,0.5620276813874938,0.7007932948443354,0.6925063914281994,0.6656757613892339,0.6658884748099252,0.6216040059102188,0.5729655992295714,0.746703247533719,0.6572991332912537,0.663601345571662,0.6400200589234818,0.6052717721463861,0.7104340362096921,0.5605263580641195,0.5486712972074197,0.66625336609314,0.5303148835027672,0.5959326250210986,0.7396654459683164,0.629962948126647,0.6025559303900598,0.6628416283828494,0.7189973113162853,0.5505204860345561,0.6739212578570658,0.61502084587988,0.7039013828259219,0.6684000780269671,0.6458670153207268,0.602155264649428,0.7569039577491226,0.6889183360679554,0.5822465163481512,0.5885716527012025,0.5974776206064787,0.5847193012774937,0.621519715337692,0.6627994692168937,0.47607228182385086,0.6289934992849848,0.5126862830019783,0.6757776538385503,0.6132930032111379,0.5711431088408152,0.5800416272545525,0.624483142998268,0.5842148690049189,0.6591622489869436,0.7032330199589879,0.6541219087918536,0.590709462113937,0.6966453377273821,0.6150977101079775,0.6116108867848143,0.5331640755875899,0.5352139229318333,0.5972415623407501,0.6255947558490793,0.5306369255070574,0.6532678913718194,0.6832208132170107,0.6337136628386322,0.5309656120967349,0.57462873752783,0.5353383153378124,0.532187199358037,0.6799070708418751,0.591377319920685,0.5756778201659496,0.5993009606148662,0.7388030698996236,0.6057671373567479,0.6304466668459369,0.6513903027157381,0.6514474002190017,0.5844091351530625,0.6593208236726829,0.5961143274049294,0.6092199705515104,0.6799768133847325,0.6249942289869258,0.6919381994758433,0.7315812844940028,0.6567903718274314,0.560574779154753,0.547267121211139,0.47314501160727424,0.7100337967505806,0.6051879923716847,0.6556860469029161,0.5264868408431721,0.6136345266301757,0.6968369807099362,0.6405330798275604,0.5743506326532895,0.6166983778813447,0.6425529165871605,0.5593657205418645,0.6763460372098403,0.5873820790071945,0.7591830618298324
0.5803590108995906,0.0,0.57263894810354,0.5682405374980735,0.47906486729522957,0.5845960222732784,0.6357747686589776,0.4954164138127458,0.5451214617875775,0.6559351980459062,0.6073401752243275,0.6379523291894145,0.5878468711036663,0.6229680672597978,0.5638179498825789,0.5773632885776161,0.6407914980632924,0.5998936701377221,0.6489394998812255,0.627458376420128,0.6296111974265306,0.647378090914868,0.6370537321788319,0.6109530452250505,0.7102024234619573,0.5092530943331928,0.5764973631697105,0.6169809268983061,0.6263692124511024,0.5594740554441773,0.5811039291314856,0.629616993153897,0.6025545482868465,0.6318207599032828,0.5981534054075397,0.641835474182636,0.5731980033145369,0.6204397191833122,0.5591342297136012,0.6187862208911908,0.666537739456152,0.6184385135042253,0.5292660717912682,0.6019172210222921,0.5961337394896558,0.5790449771924122,0.5649044388061346,0.5424824861611273,0.6876934378070022,0.5825745362590087,0.5731563393974614,0.5635666215469025,0.6048303861623217,0.6667629052208361,0.6172390708998816,0.6104657300941223,0.5870785611393454,0.5500151331030164,0.6494227563113526,0.6094133456789171,0.5160521432824952,0.5158490576349831,0.5212373262287241,0.620112199028536,0.5392622659310012,0.5415238405250273,0.5658916709994414,0.5464533617548814,0.6064488416862783,0.5084451447508698,0.5392432555983092,0.5902115822888649,0.545371531233828,0.595064964644593,0.615272529686181,0.6017841679024164,0.5156691766188797,0.585955830808846,0.5391864822278276,0.49416809400861256,0.6072581005730573,0.5377979326374275,0.6261573062106424,0.5809109193033816,0.5574333035600002,0.6482939005556614,0.46968392456172253,0.5458384669877743,0.5803360832947748,0.5917555811791043,0.5518395565551962,0.6078267834580452,0.650301959598854,0.5826601475692614,0.5817612640356222,0.6787496015273607,0.5269768515701881,0.6570523494361706,0.5295686821347119,0.5782089137604325,0.6259553091154759,0.44216081408962565,0.5335328049256132,0.6379838385541876,0.5508794581165412,0.5555274611227302,0.5658785187727708,0.6849808561024081,0.6464525876947468,0.6741017562154065,0.6497977219889259,0.5558346989393457,0.5545528065871957,0.5668690033875682,0.5653800844381512,0.5708383996105072,0.6228949077658793,0.5986466569981661,0.6369440622500314,0.5532987344551985,0.533161265270365,0.46284153905345266,0.5836763978575715,0.6095441391506492,0.5320174931620791,0.6448878439272662,0.5270700752117548,0.521557391692741,0.7303603664070633,0.6114619200058099,0.6360291959087728,0.5457296915440603,0.4939591628034514,0.5626607729526987,0.5908959843436199,0.5523471884908028,0.6534474702557921,0.5907082135021169,0.6588093966387928,0.5861174649717417,0.5960018005392346,0.666901359262609,0.6171377727511699,0.6163801396657109,0.6835039267106471,0.577425033486403,0.5715680070136109,0.6259573122375794,0.7366749197984271,0.5623778186445206,0.5199725893858281,0.6905532556853833,0.6366079612370654,0.642372478286222,0.6686907836566269,0.5573947390367998,0.5801797359616513,0.5781146548000998,0.5740280067741962,0.5437849629941562,0.6422881832855057,0.5868844810140229,0.5599359694557848,0.553934383809506
0.483145553625724,0.57263894810354,0.0,0.5058055739931031,0.4868274958323889,0.6215103976123284,0.5162512797769623,0.5122492348598783,0.4506488334971829,0.6017003422859555,0.6444113715807694,0.6536937710777514,0.5834563392782509,0.46574817428392606,0.5052738300858067,0.6921117585833129,0.5952914319757726,0.49350319096634127,0.5585611715630925,0.49489445450029795,0.6165461695468352,0.6407763839621264,0.4954139863323642,0.5489739756150963,0.5832737288962239,0.5167621509662257,0.4912645734941241,0.5116724578900578,0.5681761799017296,0.5552496981740217,0.49459716330031944,0.6097307896110585,0.5300439907966253,0.512697813118324,0.44645446844185216,0.5349162114437701,0.5615816775549324,0.5238308251471515,0.5559940767986531,0.5162701218733622,0.5402320284648783,0.5268778483134239,0.5472225814200737,0.5392210414484553,0.5404783289771725,0.5228233196254005,0.5195303789426501,0.5947656747586204,0.5307600725588314,0.5097479689536347,0.5437685356361502,0.5171178591695522,0.46637945561460037,0.6288796919261972,0.6105940184508162,0.48807062396208806,0.5062543108481168,0.6228633010294944,0.4882586779840217,0.5033809180008915,0.5292435480112714,0.47503045018375323,0.5438667409668215,0.46447522674937847,0.4487223260332302,0.49078028371237603,0.4877706370034031,0.5584846400921334,0.5582886544823502,0.5149329881769452,0.5063276870378757,0.4464764554948479,0.4533601351360605,0.5885958565891543,0.5720271975152753,0.4645559368917613,0.5770554828945602,0.5918942948613077,0.494207000525103,0.4647837758247368,0.5571532556083559,0.464729805056273,0.6022908513168119,0.5333816693719111,0.47291993342644484,0.5325327961027153,0.47158084644406806,0.4680395507233903,0.496351405789188,0.49229367153295595,0.5123390782238567,0.46234323648273673,0.5773219666435323,0.4730213929210142,0.4661833059974641,0.6125536877988254,0.48971967205061134,0.5004642431676035,0.41305350345043873,0.48236490121482645,0.478183598831592,0.49738162568267213,0.45888494583797007,0.5404687470525884,0.4699055077914883,0.5553387961369818,0.5764922061455974,0.5429777597370029,0.5428943882419286,0.5988727291334577,0.5802693803384233,0.4647536305361142,0.48961573557898924,0.4931989864108165,0.4844098966200768,0.5079954088152476,0.4767542453109497,0.5806405652643584,0.6089286008865834,0.4455491543473275,0.4710624975579536,0.4580345675080119,0.46113689119240786,0.5622338243045515,0.4103442014187533,0.6882122316128065,0.45854195802355474,0.5734914748567964,0.6023863323154885,0.5124463286880897,0.5081081198148392,0.6007600860508833,0.4510698577809943,0.4491524395396644,0.5355649954932776,0.45866332470128507,0.5602961150487428,0.47421009771754447,0.5429321874119354,0.5276650470752265,0.49913035991972116,0.5582711331823914,0.4785437069117019,0.5108424621030763,0.5761363869809245,0.479873254611889,0.5387282508022164,0.6180171687323807,0.5971110230933508,0.4813056464088615,0.45441293432950225,0.5016375504026394,0.5426325215955031,0.6179115234758272,0.603050212538083,0.512048626761668,0.5302134737548817,0.6086155835500121,0.43661457303465767,0.49615985629164144,0.520172483925917,0.4430060742205204,0.4622612483258038,0.4808616953153499
0.5935324878496665,0.5682405374980735,0.5058055739931031,0.0,0.45125828822078795,0.5625772054663014,0.5968701141297511,0.5722232073544413,0.5597126700453254,0.5107665795500458,0.5827595969010081,0.5563289451989085,0.6126772573425601,0.578717450436211,0.5650765000020762,0.5486247554545913,0.5960274135406965,0.6273736862963561,0.6009730993428335,0.5517461027795959,0.5944061102800829,0.5551741875766236,0.6135363693537671,0.5373250468267714,0.6102879690066371,0.6018676764057784,0.6426373645986211,0.6630412437476542,0.45982109908381164,0.5360121301610403,0.568387693938772,0.5792595303361918,0.7308984500363562,0.6503725848229269,0.5458057274507186,0.5934273511126296,0.6021785702325357,0.6255004413803281,0.5239742095330566,0.6134039135111116,0.6243620489757172,0.5647000253851192,0.557607877726982,0.5601068876326778,0.6379532452878807,0.6379124465269562,0.500310353685545,0.49766884399568595,0.6075458411106542,0.5700078570325257,0.6437488735888487,0.6105344407400075,0.5597565508030714,0.6448377206510421,0.5725663853782779,0.5545318867978336,0.6019607144766213,0.5878772341883023,0.5691570084682074,0.6096646163853824,0.5778708045413428,0.5484205374984737,0.60799951428932,0.5045466457271821,0.5322218763776304,0.5980863291664545,0.640332782967673,0.5688418823769175,0.6259589378966388,0.6092083727957431,0.5818025191803714,0.5445641957655335,0.5929803507660047,0.6679954086233956,0.6318904817307931,0.5722444395711741,0.5801614562677636,0.5374966443589282,0.6500705520412698,0.47435177024003633,0.5631293511559118,0.6088329966562706,0.5666319664641707,0.6304516923500129,0.6022481045471855,0.6563443325462103,0.5416087684840288,0.6011134438331673,0.6410366928039423,0.6013079000846449,0.6229297549124769,0.5958493198618722,0.5632351417663509,0.576529774673129,0.6076134333830139,0.5826108305330259,0.5510568607515514,0.6045824872690959,0.49583812853215004,0.6701080828640218,0.560977550371667,0.49769252395778263,0.6643748119519409,0.5591360497963048,0.613552868173148,0.590560431512679,0.5986345403508925,0.5940394287215695,0.6114629719648347,0.5238658224223471,0.6283725636214006,0.5876933947073142,0.6187000564199797,0.6096283526608467,0.6579651134636975,0.6091699748298451,0.5715603845082208,0.4893481222034782,0.576845472660251,0.6055496430645019,0.5006968283678466,0.6037224752777491,0.5311098832575141,0.6138225166030234,0.48505455335197506,0.5632324619317629,0.565621115267846,0.5332041124348059,0.5714594210287995,0.597294367718014,0.5636907170212709,0.552928639307326,0.5623606973707389,0.5872248159854534,0.5272348140813786,0.4788603914816921,0.5252632077368324,0.5715847130886259,0.5984408710648124,0.5993847871883907,0.6745441072143787,0.5437782360432877,0.619366448369641,0.5955905677237598,0.5943056107919977,0.6187895936552549,0.5507059024621647,0.5889500325243823,0.5334604873069309,0.4653524697574583,0.5920680884273194,0.579355745988272,0.5860179783968469,0.5292011716828593,0.6622712038111717,0.6020386787861637,0.5706929862421792,0.6003289806676547,0.6009475510162688,0.6117100472539803,0.5840969452767257,0.548714600902634,0.5605421028628377,0.5686792200551496
0.49990189380030453,0.47906486729522957,0.4868274958323889,0.45125828822078795,0.0,0.46340935245686127,0.567677433115513,0.3994860091343644,0.45434227705586405,0.4187233697807996,0.5204070293744991,0.5134725004803959,0.4607217054453638,0.43975535783412095,0.5411353149419827,0.5099553787854423,0.5132255264976483,0.49217378712795673,0.48770850110307107,0.4684208013591734,0.5648345977031055,0.5453473079746063,0.488168421134131,0.6003994118242735,0.4668936163645985,0.5198695337279613,0.4256027238218282,0.42994717746125016,0.44246664218899323,0.5776351685523698,0.46771883768851197,0.4757495344115605,0.4883157202939407,0.45642363745518333,0.46618004762709475,0.4823243173200101,0.49355308250767926,0.4870011337786316,0.5167827050021376,0.5124493727726439,0.5492269643530039,0.5012188612977947,0.5305854542799583,0.5921685804177537,0.44648648975893934,0.4924473720108899,0.6116854073784334,0.5280807554543441,0.524919292118866,0.5308566100114236,0.5461170295661915,0.5458089574587638,0.4782817377871166,0.5129182515370172,0.48303933230185836,0.4599271323395923,0.5193462245226218,0.5099872801052681,0.4557265450672742,0.4811838434942539,0.3994895705761744,0.4570460093269195,0.5044093931902405,0.4485694829658214,0.49573632705391857,0.45407101386493653,0.4341113527972821,0.5445634104816609,0.46330347536885436,0.42213010655049527,0.5288844221053808,0.4606219303013837,0.4263651307287042,0.4970517686155075,0.44775571836543476,0.45291693311664055,0.4744896008077947,0.6201526977129388,0.46385961555536664,0.4817695024440179,0.49022514954818686,0.48430295457527284,0.58495746880433,0.4287694780050806,0.46561522002618916,0.48578065992245023,0.39683927881728664,0.45562114820766725,0.42686155027681016,0.461728704204101,0.5727428392036923,0.4653235723736098,0.5715680001301974,0.47845695065680965,0.472717232459799,0.49416479613954684,0.4231421924919356,0.44536965265425443,0.44828083530718194,0.43170960244228224,0.4579591155331022,0.3970611966057314,0.4495747772574008,0.4442621363534342,0.45006841679622434,0.509546547760667,0.45916499725478616,0.45163754040844833,0.5341165416750638,0.5164546018890569,0.5452144930149532,0.49664493618279837,0.43155580258516385,0.4232137893653784,0.4790227470506219,0.4989571778588394,0.44571885483850504,0.4978682592682133,0.4758437967486273,0.42228024682726134,0.6189516067550707,0.4068187319966582,0.46044437229249124,0.5712785454278159,0.4420520873923289,0.48528552340812914,0.43822327992691995,0.4895194561271509,0.45301373344250084,0.5047795947158933,0.43930293026108286,0.4956099201972654,0.4025981357654822,0.47245178047176173,0.46551460255107485,0.5379588568404982,0.5603470140607509,0.5358887349752001,0.457249078549029,0.5054703605724683,0.432771490901968,0.4893379166121649,0.4753594744645281,0.4650380372173097,0.5297881575249698,0.4944251878025147,0.5964931914245768,0.4960116733141789,0.4570616064310736,0.41540554527287415,0.4484680582618622,0.4709656232075979,0.5213000797004003,0.5252689596137534,0.497742995297345,0.4572066795060216,0.47176559265569656,0.5155127593656248,0.44360225339034076,0.4788189242095316,0.44842734959916297,0.45376433448429015,0.440155498549765,0.559040324297858
0.5502612280729376,0.5845960222732784,0.6215103976123284,0.5625772054663014,0.46340935245686127,0.0,0.5281207196086586,0.5517718241782716,0.5060388329590775,0.5618290305733347,0.6386153021010255,0.6377146560296904,0.6584045008578422,0.5093984217239214,0.49381409074857774,0.6909962532704382,0.6443967362542644,0.52571449390035,0.6084920126740431,0.537961742131396,0.6471335015467404,0.5774475660851729,0.5146547744360422,0.5315637795825603,0.644703499456271,0.5612359001191722,0.5049993320164988,0.5850286556216419,0.5074905010560706,0.5892180076372503,0.5320058742104213,0.6988017646852372,0.5581224853551175,0.6071132808263066,0.486951772802744,0.5517609310547025,0.6326963012697546,0.5726067747709789,0.5306779938014354,0.5263254424084094,0.546140809200276,0.5992216482549314,0.5533813079419545,0.5760104762948138,0.5776071598419126,0.5646988784129757,0.5345955135711146,0.5817522028050535,0.5528013989024034,0.5285199815331902,0.5900216589902764,0.6018458938944127,0.5023312141982955,0.6305259687421991,0.5868636956421307,0.5821593043975213,0.5586766029267037,0.671739725538711,0.5024442762360406,0.5395895847221474,0.5879264227638054,0.5410720617962538,0.6181877802609613,0.47830360843931574,0.47884279659195356,0.5593360635893382,0.5473466984147247,0.5981163702589289,0.5633977150181347,0.5665371008338144,0.5574377039227355,0.4792861113914621,0.5358356411665383,0.6305284921340958,0.6598307152609554,0.5386618724301142,0.5967525426015395,0.5795016767745113,0.5529105399684937,0.5424975170257281,0.6587226426087082,0.5152918312839145,0.6273562470526385,0.6305818739367038,0.5461835715151362,0.5954797193651395,0.5490632456582675,0.508924294936814,0.5770451812025478,0.566131522912195,0.55581068366965,0.5208830125129137,0.5605604657797882,0.5421172511690966,0.5175420051469425,0.6388566590431357,0.537866804044231,0.588222286682977,0.45819860377006355,0.5562509380917497,0.5192892603933078,0.5063284492623171,0.5188535872055543,0.5405396085240836,0.532932729298905,0.6066075692231585,0.6202906938112767,0.6065005875126592,0.5497383203029214,0.6186033835534718,0.6472206394263282,0.51140270382809,0.6114887553789611,0.5565858431808455,0.549879524436059,0.5732162705810453,0.5546505075630884,0.521361160341063,0.6743981710670258,0.5249166260093016,0.48222599901696733,0.5155293508891825,0.5434275142568472,0.6205820762304305,0.45741440625336754,0.6361655456440957,0.5240499834412973,0.5663252723071157,0.626774495921454,0.5178837552775808,0.5887466262254034,0.670033588430061,0.521789519484409,0.5178441887610948,0.5374808186484609,0.4707151360671972,0.5859381640639942,0.4843047506660892,0.518310251460932,0.5492440188083492,0.543628748631038,0.6200075889029281,0.5306728381484852,0.5470384643456432,0.6189896202003224,0.5410597094047876,0.5588651398739949,0.6243998706024583,0.5917566653910693,0.5209045098495608,0.5140596961924376,0.5461081764141952,0.539279413384965,0.5396331446675927,0.6689908414493319,0.5610100797132734,0.5668901968983293,0.6934090163815363,0.47503104267253976,0.5884115552704382,0.5508383997172549,0.5146272725351204,0.5110774479593834,0.5287960709400114
0.6195066175673077,0.6357747686589776,0.5162512797769623,0.5968701141297511,0.567677433115513,0.5281207196086586,0.0,0.4593922957225477,0.5495435646053152,0.520107642491284,0.5818840683425048,0.5802632029416042,0.5513957482313268,0.5821922192172446,0.6182806193516308,0.5450310044797884,0.6289812959476436,0.649412718137196,0.6045093449262042,0.577410098823579,0.6525029373667715,0.6138402940290675,0.7164377168067381,0.6891354643283698,0.6082074094585422,0.5654615837377102,0.5546823769075011,0.5735701077365728,0.5096153353055147,0.5992567707231929,0.5534409571675369,0.5651970582197186,0.6233411784336613,0.6050851780395586,0.596371273385812,0.5858656382250716,0.5691417741330818,0.5945177464718879,0.5382132439854819,0.7023632495255024,0.7096500514533649,0.6363409601070057,0.5530705702482622,0.6527035268187457,0.5481575674761554,0.607345832072575,0.6375447360925908,0.5263761185377137,0.7489519167161701,0.6083683320962145,0.6405342797173538,0.6393506562843623,0.6195891767684378,0.6254005173168079,0.5559556270702669,0.5910849438991008,0.6289717376347406,0.5451372657530643,0.6265157031483677,0.6043275896245711,0.4671768335374911,0.516023791508289,0.5432977811552979,0.5562093289005965,0.589084185178263,0.5455310795054795,0.5552944932732328,0.5890251900590123,0.5725373937002762,0.4895072432748731,0.5831936275592519,0.5888312978690978,0.5429002526554821,0.6070233506034407,0.5463120511527351,0.5944701405457101,0.5215551387121613,0.6511166170308301,0.5501062439930072,0.5174885203286959,0.5858873188427587,0.5854808792190275,0.6570142102874021,0.5193403160696461,0.5821688014809101,0.6187322916261226,0.44861251100126304,0.5643088719893783,0.5468722942051519,0.5766301777965736,0.6574468746099733,0.6200119949367915,0.6540819091324814,0.5996748844310884,0.6240891529797415,0.5933445809023405,0.48459582628122394,0.5970383832499502,0.5417349367911789,0.5713692115040263,0.5728188871450413,0.4260732228672569,0.5760811281438666,0.5596698053644478,0.5478589629406463,0.5755185706541038,0.5371102204354231,0.603792556255502,0.7069041468271304,0.616413911398759,0.6934138233619057,0.6065637629948812,0.5393016056265533,0.5290232058132235,0.5933754729645544,0.6180001173235945,0.5938671302424604,0.5471253899614589,0.5871800701861135,0.5443406385922417,0.6129911627466242,0.4651878471615274,0.5769517484736332,0.6839676684998629,0.5360358907312623,0.55700296619592,0.5355805773017094,0.5071942178865015,0.5683689220202938,0.6239799511726316,0.5599957386567473,0.5316967664202705,0.4750157958005491,0.5841499133659739,0.531554767994511,0.5804384482917704,0.6269050320229216,0.6752508138889789,0.5893339829501251,0.5934920428694742,0.5601663729481646,0.5807177989064614,0.6491560627189463,0.5775616336556462,0.6459001503624681,0.6439517602387449,0.6099981002796465,0.5982845291744466,0.5652160743088975,0.4786581277863569,0.5329193952346787,0.6342972177849867,0.6342285571141147,0.6242534408373813,0.6371855814430797,0.5444057832856855,0.5716517638642652,0.5954321672460946,0.6056436825386345,0.5824021152728854,0.6011390485002622,0.5893448472813934,0.5594679733858229,0.6471855813560019
0.5172608127079836,0.4954164138127458,0.5122492348598783,0.5722232073544413,0.3994860091343644,0.5517718241782716,0.4593922957225477,0.0,0.5337506827877744,0.48509141766720515,0.5569325321573382,0.5394634946013764,0.6068437704163171,0.49022318064088455,0.5042316944730851,0.5606144402961856,0.5136430924943524,0.5232458440879386,0.548416432857733,0.5244348978868272,0.5236661667270642,0.5243238346358928,0.4786512059700258,0.4557266168800628,0.5552181075935663,0.5263171207957862,0.5723687553259181,0.5572495043224365,0.4228933407991255,0.5065122808096844,0.5726954444217859,0.5841730114514474,0.5550962132143152,0.5543621349832778,0.46718708484766924,0.5507291122985637,0.5940367467754363,0.5800004033186023,0.5440760846212709,0.476058306521619,0.4955290087606104,0.48025249983104484,0.5730428551055274,0.4790965392002256,0.683445166963936,0.5682666419315647,0.43362293255332685,0.4915408996300249,0.49911232254746085,0.5273849798506529,0.5550320496893401,0.488590382928546,0.4661930072326418,0.56906706094287,0.5718365795483084,0.4750651578476598,0.527806061913286,0.5997831817990038,0.4793495720119914,0.5425726520969487,0.734820478376134,0.534397098217278,0.5906606573640173,0.45770513063978746,0.46922067987867316,0.5680695527072704,0.5744353517982508,0.5334713144080959,0.6164944825696386,0.7765830621744927,0.542894330108475,0.47071323568419415,0.5117787588504176,0.5982970488455484,0.6378351703035516,0.49169005905710633,0.6158715451973557,0.4601504862416375,0.6172643826430846,0.4142320411077231,0.4883411861681053,0.5382871535483443,0.5070371856274908,0.6399209523646899,0.5107810519252115,0.5813198818251636,0.6849048094318159,0.5593612939590266,0.5989298633635018,0.5541370548596358,0.51290446943386,0.49493259197403355,0.5051216642645969,0.49764826979695015,0.48911359550110234,0.5442810514606183,0.6460625911949102,0.5031500960440589,0.42991312085236805,0.5514844676724583,0.5107712691237764,0.6952427768173846,0.5352124682013006,0.4995120161003067,0.5753855700623672,0.5530828846147302,0.6125627410026556,0.5016884752248284,0.49849307930925285,0.4671065006704077,0.5193724672925017,0.5020137086398323,0.5481903535274886,0.5865097257867571,0.5462218109422056,0.49391237143128136,0.47469469515837487,0.4915998057601078,0.483190346216247,0.5030644857580409,0.4390703610867664,0.6782874316880868,0.45085336990430674,0.5153194637760505,0.4230943986932379,0.5514542121039813,0.49834761820324186,0.5991238861271899,0.5155356913448899,0.5309770828311153,0.5205248680525199,0.5619802696919096,0.5933327753213887,0.49710837099363786,0.5429547581323215,0.4287308462644158,0.48703650690345124,0.46789925480218303,0.5469568243906323,0.5812902383397671,0.5618515669081842,0.5128706072411486,0.5020718264871424,0.5518420626985097,0.5326904294095655,0.5157379367546574,0.5186271512335758,0.5278669724511365,0.511742803815137,0.4434649846758922,0.5660582011894937,0.47819710435492613,0.5362311774805876,0.47817432840872787,0.5625390378879952,0.6221190861697732,0.5203662421680431,0.5254253326499192,0.4570158197913541,0.5190709790506464,0.4758917715015226,0.45662527114854695,0.48427784330597007,0.47450309352792536
0.7224157769084867,0.5451214617875775,0.4506488334971829,0.5597126700453254,0.45434227705586405,0.5060388329590775,0.5495435646053152,0.5337506827877744,0.0,0.4593040198203639,0.5327179853389395,0.5198413455165763,0.5543014463478391,0.5998069168728143,0.5812406310886328,0.5073284252855058,0.5392801529696523,0.6817995183998594,0.5966754599418469,0.700960498977794,0.566075446397642,0.5441047407978872,0.5708117168878643,0.5210556206066503,0.5863953167292584,0.5315601508835989,0.5647387954927245,0.5752004810009713,0.4206668041783677,0.5632832658796872,0.6800997041615607,0.5654636551924969,0.5547699727313873,0.6135841782103284,0.6522687056543316,0.5888782269171651,0.5956687400249528,0.6851813564748119,0.5474868007454181,0.5388459200948569,0.5640789980349304,0.5766236295532924,0.5864422750406375,0.5564471188630229,0.6164125570161676,0.6267758731544929,0.5070960544461435,0.48736975890765033,0.6155375790330162,0.6540014672224924,0.613494623782343,0.5568568713636084,0.6062445612760313,0.5533196149195638,0.5250480980822761,0.5801288978616019,0.6771829505102482,0.5302447212804204,0.5877030906159615,0.6290157895976249,0.5220400655816875,0.5788126579298786,0.5686944409594669,0.5676518026647314,0.6784712021483473,0.647613514728096,0.6245461753522553,0.5725348294492725,0.6097720980966104,0.5778671399243509,0.6530472989829023,0.6471772936096054,0.6343466437985456,0.578558422263639,0.5881047464166511,0.6541098076804979,0.5212226476088491,0.488830931472504,0.6533116495198187,0.46614494364000186,0.5316218920381269,0.7670999735114824,0.5588898551197846,0.5743793539757632,0.638455566773961,0.6843540492981709,0.5548920959782616,0.7071219902528039,0.6165306348405359,0.6843052025112897,0.6035151047576462,0.6688781904237241,0.5586761902553569,0.6587671149854045,0.6487393349056716,0.5453979734527337,0.6238082445870643,0.5831918523916153,0.593907623384181,0.595026805614393,0.6360289729969789,0.48151579575070247,0.6386418767010505,0.5076109639363787,0.7117122662932188,0.5613689925248121,0.5510175343225026,0.544832302730171,0.5650499983244772,0.5117626358104802,0.5751527458320771,0.6921899696103265,0.5918429219069916,0.6126811172684365,0.6361465137365914,0.5486325970980707,0.5800819923887568,0.5129070257946001,0.4810960378693349,0.6002687322089855,0.5607838991180271,0.5504539075677033,0.5789526298676512,0.5825813275396252,0.6125255503141452,0.4954424730801828,0.5688257944185168,0.5152287090718722,0.5038770847791496,0.6350451198517202,0.5979299541477209,0.5361700174625456,0.5908512225436863,0.724827560881472,0.5816004211074246,0.5699347536765299,0.5748676243676608,0.590896084362476,0.5637930523477702,0.6732055745241904,0.5695298444460444,0.5725311214858151,0.6635086569908176,0.6506327425731248,0.6129166701606994,0.6899596260653881,0.616005703375351,0.5199182612749039,0.5307795560605433,0.46785051792628524,0.7220701166542809,0.5792300419916394,0.6337237468050282,0.49415446918283806,0.5754146730119051,0.669765604370147,0.551196284504615,0.5133696086369411,0.565134686204898,0.5735904114887206,0.5185963464405643,0.6357015845481199,0.5976584309850147,0.625056377327445
0.47545268338239244,0.6559351980459062,0.6017003422859555,0.5107665795500458,0.4187233697807996,0.5618290305733347,0.520107642491284,0.48509141766720515,0.4593040198203639,0.0,0.542925055620252,0.5955931793182837,0.534538968593083,0.5070903006309799,0.47206834607897874,0.5465022605261346,0.5698421526653024,0.5009429184750748,0.5801926241900066,0.5120663698683324,0.5512949169001214,0.5589965655449185,0.5417218319148311,0.5005999050717445,0.6472479622888558,0.44847125117878023,0.5215348368815419,0.5628459160367578,0.6337635686248646,0.4956692789899709,0.49354408940743966,0.5883885669462834,0.5120211055573853,0.5457802081067112,0.4736699382824308,0.5422855061726777,0.501872645225915,0.5178021229509463,0.4923620718619905,0.5136838190172411,0.5319666534087804,0.5429920658382817,0.4752445671381126,0.4943977642286862,0.5293787137647447,0.5013886534550176,0.4841022585898168,0.48902942429582325,0.5520494910365797,0.48558222048594896,0.49506823509670256,0.4794345596814134,0.4974684702515748,0.5795920959902153,0.5669531857270685,0.5219594514989565,0.4897560358052594,0.5196615337592686,0.554940622580528,0.5066563031460434,0.5037458838863897,0.45660236815278205,0.47069478976933754,0.5163087117352343,0.4516743744429554,0.4801062686254542,0.4947583203278231,0.4797960308238752,0.5576568993041232,0.4843665126298679,0.45757730135448577,0.4755951479903852,0.4780304760164891,0.5368483798838556,0.5730875373387523,0.5004187527367028,0.4877698292684817,0.5128825521371211,0.4720798209137839,0.4408833719875532,0.5499706394182106,0.45708325593260996,0.5304983368193877,0.5276095815280194,0.48520794176260956,0.5307338008786117,0.4457616169348261,0.4762687572656355,0.5272008679841133,0.49198846290744264,0.47083177415430066,0.5024542605843879,0.5413069479849046,0.48006822281538325,0.48779068174749324,0.5944191485754006,0.4787158555152141,0.5746617304143229,0.438644866719071,0.5086967318046373,0.49989256779718194,0.44182622844777164,0.476088493179615,0.6345768122458562,0.4747155985623601,0.4946608545075095,0.5426426832524103,0.6288492163900058,0.5339744474134619,0.5807388419751747,0.5538103182241109,0.4656923953953204,0.49603243185722146,0.5268315327193331,0.47308812591864896,0.4873830611188558,0.5405655264961338,0.5628164629465024,0.6198752634370278,0.47918535938224527,0.43553587428494744,0.4356665364581316,0.4851278681894949,0.511570001650439,0.43629392953324214,0.6116303707203823,0.4707808326174641,0.4735990080899206,0.6943873882997654,0.5007903248882112,0.5699959428504009,0.5130086388097548,0.4438296246389208,0.45685706216006755,0.5173855087818215,0.4488442018105329,0.5239327811861342,0.46700658902003206,0.5726679327221424,0.5092387818725271,0.5278990140940522,0.5657196357703203,0.5109978038670018,0.5388227573166905,0.5541666806695581,0.4864446456514114,0.47599472907038054,0.5885790374045696,0.7181339154294671,0.5284614022641853,0.4476581365922817,0.5756722236900862,0.5318258098154431,0.5868644208123662,0.6079246942727053,0.4898460261790185,0.5019184343667991,0.5319788049924257,0.46720536317444994,0.48126403114816063,0.5921974130199734,0.48105153302395437,0.5051978767646703,0.45399567110135214
0.5984188998034019,0.6073401752243275,0.6444113715807694,0.5827595969010081,0.5204070293744991,0.6386153021010255,0.5818840683425048,0.5569325321573382,0.5327179853389395,0.542925055620252,0.0,0.676229849974862,0.6711125393292311,0.5291900007061119,0.6158212993983617,0.6986057218468377,0.6196361235817882,0.5816105627188115,0.6330644232793742,0.5933779556269613,0.6798310802800104,0.7538794602141816,0.5406388234690025,0.6381796902445438,0.6502933109206098,0.6020850402157776,0.5391973976740523,0.567925402594085,0.5332410137214098,0.5952543402045167,0.6015169861958938,0.6529738735367961,0.6231394660190962,0.5809905535634493,0.5364027286421885,0.6020342155576389,0.73368313301733,0.6229953139135962,0.6650632724352241,0.5743933704580503,0.6069014322215837,0.5617182443430534,0.6561613221912886,0.6708203063273258,0.6346382172326841,0.5910722188031221,0.5297459026652296,0.7369500366950614,0.6227363840722768,0.5958236502271272,0.6456149381599383,0.582623977056629,0.5147522036953253,0.7527681680503538,0.7047690096725999,0.5245474403137224,0.6015931768188291,0.6626219188200958,0.5390655209301958,0.5680661144895609,0.5955521812249227,0.5181242647723153,0.6379955408358369,0.5071477445114083,0.5238718817937461,0.5690605722967461,0.575864380438604,0.6686979157363956,0.6269757195849108,0.5988540038070954,0.6234954597544689,0.5185746544125392,0.5221506161970039,0.6697201662827346,0.6211341732243533,0.5358626930810765,0.6418878934476833,0.6065266245286762,0.5821069739735952,0.4984823248971949,0.5830738403927306,0.5550283953346837,0.6647902099362786,0.6088569208928615,0.5321932417626761,0.6241714430031741,0.5519250284964112,0.5463432269707871,0.5461175954611676,0.5749669163648562,0.5952317304738786,0.5229595816405596,0.6528129666842598,0.5597996318988652,0.5330003859038636,0.7051139318395011,0.5617809488950636,0.5362934684102297,0.4643276175284525,0.5363815204542827,0.5803902953479991,0.5324720624346029,0.5248323030099995,0.5539078001603771,0.5503513240875126,0.5987362314938155,0.5958357632992067,0.5623048066855356,0.5889051555537804,0.6426977576084046,0.6920731552023079,0.5420771345882108,0.5680821456976376,0.5386023009584131,0.5729109559902598,0.5574803782744241,0.5169895257761222,0.6238073990775493,0.6060657755723099,0.49520231003237725,0.5481198218246701,0.5129570275675481,0.5243884224602733,0.659286196360022,0.48118626096969364,0.7223735096160495,0.49080794894244323,0.6328149775335773,0.5997363228375401,0.609080379890983,0.5304182523031686,0.6225793491616274,0.5363608382934565,0.5410119616407355,0.6627163314932527,0.5386491665498843,0.6498495646580064,0.5673927887875369,0.6167725565678179,0.6172509191802179,0.5964320496413025,0.6069564825615704,0.5385158037548642,0.5720837601325173,0.7045117476732844,0.5592284444759746,0.641211765813197,0.6029901360354782,0.600196378016367,0.47390245943044806,0.5685790561464499,0.5490695106322813,0.633148952062032,0.5752642389741962,0.6541502149471108,0.6371284079755859,0.6527436025909015,0.6332579915749259,0.5240661458451731,0.5648842754269797,0.5320033468157341,0.5124587837490413,0.4954013828536281,0.5932366402947306
0.5440431132721505,0.6379523291894145,0.6536937710777514,0.5563289451989085,0.5134725004803959,0.6377146560296904,0.5802632029416042,0.5394634946013764,0.5198413455165763,0.5955931793182837,0.676229849974862,0.0,0.5737267280020141,0.5032097999472729,0.5770866910218764,0.6463887073858541,0.6016561192805107,0.5394662079940371,0.699584686387749,0.5575030827628974,0.6604173822094551,0.675976713420753,0.5502655562632924,0.5756779640877581,0.6711459314038409,0.5245703263947582,0.5217352935814265,0.5452231036498196,0.5700589146595242,0.6224972830767607,0.6036498033728389,0.6554288560361741,0.6001323941330909,0.584278797177083,0.5204791621650019,0.632770009825181,0.5982020501629504,0.5886520134010698,0.6507205681397356,0.530396202769609,0.6159829760259071,0.566974832875669,0.604915152934702,0.6289764848050393,0.5915385353861884,0.5549052081403162,0.5474585894435027,0.614146873983921,0.6003689085894847,0.5760815354548701,0.6020636552502548,0.5548466864690561,0.5131877372009385,0.7218526037418505,0.7053036989190257,0.5264304918502674,0.561491874668633,0.6917067328390023,0.5285964676587805,0.5548735359850799,0.5336738992865991,0.510130839086074,0.5765574527934425,0.5192656576007831,0.5017950299582392,0.5187674724345586,0.5118174427410365,0.5684516224455752,0.5910098265655839,0.5505009969588348,0.548800421337835,0.499964214306543,0.49066376195161887,0.6004878619432701,0.6038196578188035,0.5160840288769691,0.5625530666249793,0.5969631310778162,0.540684225503889,0.46749408482060406,0.5652302046918839,0.5313235912447851,0.6382942460288444,0.5540554651850877,0.5192101462059445,0.5930128257527556,0.5025602852840051,0.5273673299910018,0.5385206995227289,0.5384571803870412,0.5701009133468932,0.5507040714958906,0.6719570879568458,0.5199927354740567,0.5092458191114103,0.7466408320198885,0.5391054135050466,0.5715668943408689,0.46731475035192555,0.5150475160284205,0.5412759451812014,0.503741465338365,0.5261191587143479,0.6462216086711992,0.5332468928360838,0.560672811895038,0.5835392901816235,0.5742687704016634,0.5713747092458648,0.6067986176013924,0.6786200594377463,0.5252756333073094,0.5160010990351099,0.5313812443866581,0.5299519650350152,0.5253704816804563,0.5278806750308178,0.6514586289344486,0.6112005563157816,0.49008723156114425,0.5114168644798618,0.49398598839880475,0.49958636462186845,0.6081477114650586,0.46097165897955067,0.7469999694851597,0.4876901185084059,0.5942929530407012,0.6495696303417114,0.5541023105332059,0.5560161533196617,0.5875323704956541,0.47477148917996564,0.5164067759964328,0.5958190044201886,0.5040491178147704,0.6231687777034506,0.5311859195690569,0.5792347617230879,0.6157680988790607,0.5631483538097825,0.6106422412276122,0.536824683758394,0.5872209090378784,0.6447107098181004,0.5519931659860875,0.6244312501210387,0.6004495351840893,0.6663320970164526,0.5052962751748776,0.5228327541332165,0.5746601933568884,0.6159180722010186,0.5939526193879828,0.6965881440554375,0.5550105169778897,0.535507059256497,0.6036276845001705,0.4880782111768876,0.5260052308459073,0.5247715291796423,0.5021245097565706,0.5001525670671739,0.5316938469862379
