0,1,2,3,4,5,6,7,8,9,10,11,12,13,14,15,16,17,18,19,20,21,22,23,24,25,26,27,28,29,30,31,32,33,34,35,36,37,38,39,40,41,42,43,44,45,46,47,48,49,50,51,52,53,54,55,56,57,58,59,60,61,62,63,64,65,66,67,68,69,70,71,72,73,74,75,76,77,78,79,80,81,82,83,84,85,86,87,88,89,90,91,92,93,94,95,96,97,98,99,100,101,102,103,104,105,106,107,108,109,110,111,112,113,114,115,116,117,118,119,120,121,122,123,124,125,126,127,128,129,130,131,132,133,134,135,136,137,138,139,140,141,142,143,144,145,146,147,148,149,150,151,152,153,154,155,156,157,158,159,160,161,162,163
0.0,0.7191967503258482,0.680567250962499,0.6436941070641647,0.5871413978948274,0.7229413169725762,0.6508409318259308,0.7286697016970615,0.7041258031555517,0.726902413424915,0.6885627459817709,0.6593604390851814,0.7873604534369795,0.6413724402901281,0.6692731894685896,0.7207705279008245,0.7456200938705908,0.7698668133308034,0.6940500742402065,0.7922588114355534,0.7034881604886274,0.6935765801850996,0.6602791718430081,0.6284496715103998,0.7734359466578856,0.6216879918819304,0.5973466558558915,0.725570694917463,0.6388204341719536,0.6355098051017029,0.7104486910072026,0.7632369859645383,0.6313745927381393,0.6433263747031515,0.7453954998538573,0.6341017979286586,0.7388502929612738,0.7127634272715094,0.6346167823248544,0.6561870351906447,0.6459202881858994,0.7024890924415592,0.7012484621828424,0.6786040356794487,0.7010844387621885,0.7108680624107402,0.6402626358787002,0.65829847956969,0.7401830434105582,0.7080947578675822,0.7098815446177297,0.7060738157341572,0.64009848750878,0.661241461003905,0.659138479511026,0.6940400026061333,0.7606116478171636,0.6873986062582582,0.6916855212103055,0.675392118352588,0.706233942871777,0.5930969336609409,0.6996256300106874,0.6118456248410188,0.6773109171216511,0.6881750303002979,0.6691140607943873,0.6889493075861258,0.6815271193226577,0.7601177756984917,0.7512728670961085,0.6666365264707891,0.6805197162280233,0.7418988974601952,0.7514379665264668,0.6905634743311273,0.661070367671845,0.6170951171463092,0.6744101293442872,0.6142470742817338,0.6964163457225883,0.7117918156328925,0.6798623705553738,0.698779182762635,0.6919008311082934,0.7555462369990692,0.708498324433044,0.6901968863736084,0.7317730358412973,0.6285117152813579,0.7013180797690236,0.6575376264004925,0.692448787037807,0.7050650415709717,0.6992857696219892,0.6761214219874562,0.6105475506272804,0.681903446613672,0.5858688127455245,0.7043361353899551,0.624023771506627,0.6610449018376363,0.6223819229255153,0.6537758193004325,0.6957861717129425,0.7114400742183798,0.6779591609485888,0.7471318087856169,0.6711151039702168,0.6847357539905027,0.6690682318864072,0.6635554365817424,0.7397518223170614,0.662288226963573,0.6834917112640644,0.7203874890154794,0.7467610306212504,0.7125795667984194,0.6782213548408731,0.6331241844796938,0.6721306529539837,0.6479424712593451,0.7066110858101722,0.7157359481981617,0.6784955882659554,0.6756536224042519,0.6345864208939148,0.6120644293413262,0.6749333890625745,0.6732470652342507,0.6805591295396952,0.7022381789662911,0.6661404180008322,0.6663047911012275,0.6839434120570419,0.672552029366927,0.6862108856892964,0.6616699665665576,0.6442744121691801,0.6972207165430817,0.6386971747835108,0.6651187342702733,0.7236079935938596,0.6403208067999524,0.6845073705588294,0.6758027813533338,0.6814592769381407,0.6636571802153648,0.7642960217910937,0.5288623862241179,0.7257038741555122,0.683232392892656,0.6688298877740856,0.6121256412292527,0.7052206348046556,0.7251418680397892,0.6783400731905469,0.6899482388899055,0.6279856710910927,0.6938100155894272,0.654639267087995,0.7319464317857007,0.6295724057188543,0.7351980194244525
0.7191967503258482,0.0,0.6829261098070737,0.6737211289507937,0.5705794056940183,0.7081849148301131,0.6724057541920844,0.7447168339861308,0.67463102204581,0.7424863053533404,0.6528213219523132,0.6900098775139163,0.7420769130337443,0.6543467957247159,0.709077151806925,0.6693841001915148,0.6846067082837989,0.6710757322285075,0.6506700323472351,0.7011588660492767,0.6668598989168905,0.7093627495183489,0.6458052389491651,0.6613280968710928,0.697225849742182,0.6120795189795792,0.6196253076502499,0.6668488443145736,0.692497704998597,0.5953097342054172,0.7232916825113951,0.6826402845417109,0.7159834483997743,0.6366192712879001,0.7136052721549896,0.6602903837553661,0.6882024080166765,0.6733120113962242,0.673169834602707,0.6927563319691765,0.6997892114690722,0.6518841311878614,0.6154203524675981,0.6573138076730535,0.7363861031094915,0.6950906781130604,0.6242885616935961,0.6207885472548642,0.6856471614141536,0.6685938889264516,0.6692266562894416,0.6747350200351138,0.633517742933107,0.703852912300186,0.6659810362738493,0.7073153503588562,0.6841381992619872,0.652642630869891,0.6511516407904099,0.7081926481702097,0.711836521431081,0.5853499573558133,0.6227489263389752,0.6033862017795723,0.6201184300961188,0.6241390477728509,0.6885178586614173,0.6406823211900018,0.6037748455843418,0.6728790698207725,0.698702740986483,0.6478899617544287,0.6140817212998614,0.7108827595939405,0.6974545200748031,0.6358697131553418,0.643363930358636,0.6323155826564841,0.6425570249375425,0.5795431283220366,0.6411134802641613,0.6868776270328689,0.6961298829198855,0.6707606278015162,0.631426912099397,0.7876900114855301,0.6331240505103454,0.626045632529498,0.700787817677043,0.7000977096097181,0.6457747345789765,0.6799248809779059,0.6765565816039874,0.660339000105126,0.6666078604301202,0.7105693033789542,0.6132067835501359,0.6775561768797828,0.5774041359093356,0.7354476440626618,0.6425882968561856,0.6138835758180975,0.5830944949706274,0.6459013737267595,0.6474819427975949,0.6868039046789879,0.650578021991536,0.6955585348290882,0.6985862479633886,0.6924718094004974,0.6503558335138989,0.6223185296983312,0.6734264212463092,0.6294313556779023,0.6623545228857535,0.7496935965901032,0.6670641455095321,0.6368735383938892,0.6415929815137962,0.6328828723723517,0.6560858630891916,0.6295670651254386,0.6449194135933377,0.7098796967362629,0.6300812650574146,0.7202542378762526,0.6293213402182032,0.6732393795957872,0.6949300001244849,0.6735126924808521,0.6652932305266106,0.6470214917485904,0.6380537190977301,0.6749556176144561,0.6743306680975842,0.629887404846418,0.6641395538841525,0.6968358330924993,0.6544203429318494,0.6696350610443568,0.6356089587421195,0.642908982183403,0.7455110451226117,0.6249947324920858,0.6682474244081684,0.6229329308886482,0.7146339089422277,0.6778722732325049,0.7079033342796508,0.5329229242854951,0.6657953091779942,0.6504096898075807,0.6538618193391298,0.6660754396205721,0.6884782347138242,0.6991127704772236,0.6738518417079628,0.7006831916753709,0.6520458974774092,0.6286673876751941,0.6354225851080647,0.6622526168010254,0.6071454209755532,0.676727772016061
0.680567250962499,0.6829261098070737,0.0,0.63220811089654,0.6888073678223213,0.6750551041868529,0.6575406248808899,0.6573474812876163,0.6070069754706835,0.6814989942546877,0.7158812469854641,0.6676444420484386,0.7105078591711416,0.5764988734043451,0.6818971458407356,0.7391411061777079,0.7277349345606411,0.667915929982213,0.6241827175919173,0.6374505117818148,0.7303027157165224,0.8114322197553909,0.6205650330685537,0.6846338838755186,0.6586630875658316,0.6442424381501486,0.5754570992720258,0.6222187467307039,0.645800265492299,0.6226171116194129,0.6126926072533228,0.6536669910335362,0.6330737203386253,0.5716920905690791,0.6147867858224113,0.6034173247302393,0.6748828215231762,0.6379840191995887,0.6442041770609122,0.676471031354668,0.6553473166382071,0.6791579399712999,0.6612840264709362,0.6618255426641168,0.6378971000992728,0.6502335103001392,0.6438537242783774,0.6718844815985316,0.6654255474515592,0.6606644831220478,0.6847012085478864,0.6920446804924647,0.5806721834876462,0.6802246633987867,0.6366537502970108,0.6183629422029294,0.6683175299172294,0.7054455046321211,0.6192745689333328,0.6187583596753375,0.6387889252624894,0.5457660641899572,0.6656424092043027,0.5608332360839063,0.6041756410305661,0.599433879579064,0.6155534247511985,0.6888396323051212,0.6329684823326233,0.6651477843468194,0.703589860335733,0.5753907582530927,0.5880421495698603,0.7402233952605749,0.663571719116672,0.5589281981511692,0.6775910600746725,0.6708709439536902,0.6024402372407648,0.5746424325157362,0.6405461233162851,0.6498667139926965,0.6990319899260395,0.6090809773691018,0.6087181204823611,0.6813837384253957,0.6023917706826358,0.5907544378607074,0.5977283905078602,0.5936010193358671,0.7033201379435746,0.5817575553469122,0.6736441166193172,0.5961745993996179,0.6337284936891978,0.6484676884304449,0.5584091351860228,0.5984562104523369,0.5265913411796214,0.6148793618744487,0.555778117636314,0.6258855265110084,0.5628868951699892,0.6082328901889198,0.5940604337469189,0.6932408052806281,0.6392349526106872,0.6652707137353207,0.6607713210456262,0.6898137688863464,0.652996274025282,0.607745994895458,0.623994467728151,0.5907454039402774,0.6053290392623115,0.7164423699846272,0.5958942806966058,0.6695876238364704,0.6771073697985556,0.5620623483991604,0.6850988645704074,0.5923237180500224,0.6028341422042683,0.6944854429874521,0.5679904202553892,0.6641846062678818,0.5850221827282859,0.6336183101206655,0.6319482118554098,0.6369158113335496,0.5998704864342302,0.7121491272245178,0.571324823667045,0.6009335501443893,0.6469989716712954,0.6159328597955781,0.629811686588064,0.6422178584091753,0.62935308808903,0.6385770448715494,0.5746337238800334,0.6076519855906046,0.6463670973386505,0.599036918358574,0.6465982935683932,0.6052915605064985,0.7185456554176003,0.6532776836028424,0.6666141173374741,0.5015960254671871,0.6077202422608867,0.5903040721762298,0.6694889609595244,0.6797432984478408,0.6716015186473366,0.6487831381969795,0.651010313014595,0.7174881910505333,0.5725550190802837,0.6125098003054973,0.6033836122294428,0.5860013081406015,0.5730221098883373,0.711670316655943
0.6436941070641647,0.6737211289507937,0.63220811089654,0.0,0.5714026160526466,0.607505646576007,0.6984544808436134,0.6638671436168797,0.5865548004545232,0.656756313494939,0.6758999375406908,0.6393493700808567,0.6482290011139609,0.6231749575094496,0.6993934826819528,0.6172535008073115,0.6526820190001335,0.6515615326055342,0.6434730567216438,0.6206148676973346,0.6679806338927221,0.6655798013217201,0.6587680456343741,0.6369061258878843,0.6549035268851676,0.6460528729972141,0.6130149446587245,0.6557757533344494,0.6504610629088371,0.5331367057822404,0.6453193973718405,0.6188842012055138,0.7503066219786005,0.6202676520453564,0.6773054493176047,0.6685131403101066,0.6435086334923253,0.6532874604313298,0.677616496057998,0.7108006906273632,0.7177852090941947,0.6011422786654282,0.619435197232524,0.6755300296249984,0.6719577627544435,0.6397680065438534,0.5475778255116999,0.6212454275592704,0.6946882323631346,0.6515677260054366,0.6986410926675343,0.65393686250221,0.5963176102668956,0.7665239268876318,0.713287507294156,0.5833044177499963,0.6626551888842043,0.6349980015238004,0.6773917758119972,0.6500507049666695,0.6929902236781104,0.5493395717219426,0.6233113005390121,0.5938112021830307,0.6163825264296282,0.6086219251434274,0.6994121037826581,0.5963599211595694,0.6093532920131712,0.6637965364347084,0.6550116713858943,0.6294961619323941,0.6356424173510635,0.7280601176435839,0.6391440786785149,0.5767324367846601,0.6769492980004788,0.6156801333019615,0.6303790287103583,0.5475905664969392,0.601315154863309,0.6901136877494508,0.591502772308223,0.6250032061665829,0.6529018247619188,0.6647944934400758,0.6241610674303244,0.635613313204851,0.6207880558854985,0.5909332006280926,0.6714651528020044,0.6434351165155107,0.6686880633662304,0.6180682478651998,0.7098068840071823,0.6400419094496436,0.5882821504620652,0.6296588339952996,0.5640274125175313,0.6841508186053568,0.6228048819526307,0.6403726059709767,0.6553759426936003,0.6472356944107562,0.6379911891247129,0.6153137016896036,0.6438175754165837,0.6385214578261025,0.6578371478039537,0.6186015076145945,0.6958294609143236,0.6604760146438508,0.661195532596645,0.6309847679617101,0.6400937712793217,0.6445170284466987,0.6120412497000798,0.6257330367653944,0.686448308291665,0.609368150757516,0.6406590023409814,0.6667906931480263,0.6062679427681509,0.6602370197030906,0.6071418247867271,0.6703574939922703,0.613465061288282,0.5970859225929614,0.673709566164567,0.6582649202657882,0.5548608086761228,0.6113186524421149,0.62096873223258,0.6660642772537462,0.6717383705621076,0.5954816112006956,0.5546429021024004,0.7050208580125187,0.672044523256453,0.6574773474948966,0.666248721661732,0.5940315749912433,0.708348121654827,0.6544856702915205,0.6637660138412564,0.6148322482666432,0.6237636768615861,0.6195331341320154,0.6292328840612752,0.49991095067028074,0.6886426724147386,0.6291678482559988,0.6633846195553934,0.5939750308100621,0.6873986000927087,0.6609359113513051,0.6288321751513277,0.6378888509246302,0.7257046951269818,0.6428853597813163,0.6174731120224195,0.6234180359696738,0.6154516888393626,0.6811645717259427
0.5871413978948274,0.5705794056940183,0.6888073678223213,0.5714026160526466,0.0,0.5909913805970984,0.632552231572174,0.5557421465272327,0.5456716434798105,0.5801385374654593,0.6539844450754398,0.6217867690814419,0.5925781708248763,0.5219773057692166,0.5938518722104976,0.6786485443077565,0.6430154832933874,0.5776981209801947,0.5594122511289751,0.5438074656460822,0.6536929581840701,0.6478119481880565,0.5878956244642713,0.6067773613001035,0.5817941738856873,0.6306036536736509,0.5334707312435993,0.5454798804874166,0.5876208410930832,0.633907178300413,0.5498367288561536,0.5896554403269593,0.5612265022303516,0.5313198678619122,0.5485090580634154,0.5574409579822812,0.6093402107425344,0.5822131425551691,0.6016398733338599,0.6002503970929295,0.5888732782136414,0.6279183064350494,0.6119731963632283,0.6302763954449504,0.5490709228008979,0.5674651373486527,0.6170488506307558,0.6300299370888912,0.6123685863249786,0.5918809767867335,0.6298960223772742,0.620939923180259,0.5157430202356388,0.5926061778656571,0.5909537944157157,0.5613743759812813,0.5936161395975428,0.6859098224934304,0.5430520163148693,0.5540138781181473,0.5359486406051381,0.5203248586221417,0.595407187919858,0.5229110667928634,0.5390884159783856,0.5255425824670564,0.5443923524073765,0.6254780201640735,0.5663114721852582,0.5804134997609901,0.6175850977852136,0.5280368651126252,0.5354687438176553,0.6316200776552762,0.5672451289969214,0.5069120354648541,0.6398157755000109,0.7197530630657882,0.5403953667360152,0.5746782731181652,0.5761693389222384,0.5780400850849238,0.6421381823727355,0.5342569159535218,0.5708278245268679,0.5802727767319468,0.545568498667593,0.5453652704218078,0.5306182594527226,0.5361475055345638,0.703212583898624,0.5402316242676894,0.6331786135882496,0.5292426713737013,0.5785565566669917,0.5886669842958943,0.49209021772546796,0.5413702390922321,0.5121981769662219,0.5370913563973907,0.516304873044704,0.5717670519761359,0.5398879493265556,0.5493644529911835,0.5378258891294723,0.6172780670185755,0.5682200773739632,0.5855640920650105,0.5872470783782503,0.6004800470872652,0.6159577727954442,0.5837135250809918,0.5518719964528993,0.5563724171193577,0.5428170387130166,0.6244353929483335,0.5322041399856294,0.6203542401665343,0.6086059663621692,0.5319201063061968,0.675906178944877,0.5574834094268465,0.5475287337921795,0.6383693449398271,0.5247383389753026,0.5932884696279614,0.5463495734163349,0.594609081512603,0.5621050546713633,0.5651170268002451,0.5423920355070365,0.6435953318314361,0.5236225170735544,0.5570413857408826,0.5541626012704494,0.5539348619821584,0.5679186316204906,0.5858472615748185,0.5469349173007801,0.5938209094530928,0.5075823398334657,0.5761281150858795,0.5744418242060678,0.5567933010136835,0.6077904763930866,0.5709967403621249,0.6503858075348464,0.5892950493523222,0.5762658809919133,0.48800286047199903,0.548421597181674,0.5382051961945664,0.5953053761811425,0.608984528130977,0.609989167332506,0.563742113162762,0.5631397320838799,0.6597739000268508,0.5205533448794427,0.5967363222237679,0.5328292160073135,0.5400225308502106,0.5456037625582044,0.6633516235156627
0.7229413169725762,0.7081849148301131,0.6750551041868529,0.607505646576007,0.5909913805970984,0.0,0.6130769347132625,0.6781050738707904,0.6529372487413616,0.6538448542684763,0.6491682171895732,0.691373074102991,0.6938576948695006,0.5882578075365732,0.6256517632216289,0.696199103909983,0.6799206041405381,0.6184621410372397,0.6703412082573897,0.6721080899651548,0.6944530242330155,0.6586500481046852,0.573031641300185,0.6075190137455403,0.6801182146142857,0.5994365434434609,0.529845404186417,0.613219573365597,0.6292661619800171,0.6202194067289367,0.6897400670069331,0.7272363922409459,0.6237801604216733,0.6117048763233331,0.6624431325445955,0.6246756737410809,0.6860502699860301,0.6470084164398399,0.6531884158683674,0.5931177243814358,0.6341528737863568,0.6690680181393143,0.6400023154990547,0.7014638328439635,0.6408343341506816,0.6408789268674023,0.6446977704448899,0.6693110267526026,0.6323130440260116,0.6570414784230257,0.6783803277216415,0.7215295198658092,0.6085026078710742,0.6691307901810551,0.6433452251829194,0.7024963356655394,0.6840021874014603,0.7030808382936944,0.5914237012702934,0.635168495552891,0.6757252575603682,0.6039059927963354,0.6838072786860276,0.568999112846881,0.6215362463450521,0.6312485551903618,0.6129684358423826,0.6572764023317724,0.574743699817304,0.654593116178793,0.721735441593454,0.5985072296958772,0.6184921995766459,0.671335615316839,0.690856872325676,0.6298673916185797,0.6319441540391243,0.6222971016394114,0.6196148702535645,0.646650511592221,0.7031537482434543,0.6738862359444601,0.687015634364473,0.6505054219332816,0.6420830239341191,0.6930036598036075,0.6697580745156662,0.6054712517515479,0.650284935456538,0.6301805301189513,0.6529287111406062,0.6524504302870556,0.6620800307445214,0.6625539419225597,0.6339105279402447,0.6907843887238705,0.6206003646394395,0.6636399331247861,0.5758146265491338,0.6444899868936363,0.5992683193698451,0.6225754540958273,0.577953913298315,0.6139882797614921,0.6445404601776691,0.67272486777971,0.649899011861482,0.6481525724059749,0.6209845257143203,0.6854138119185641,0.6691961892502332,0.6156057555502698,0.6994759111709183,0.6019858179549722,0.6327333479269008,0.6768400699569889,0.6722251439388268,0.6281012673603656,0.6692444730301398,0.6045847535427157,0.64757275247756,0.6200239408464642,0.6720423968340435,0.7104108775649427,0.6387259107674503,0.681235113754503,0.6236966766054868,0.6354024483409704,0.6614843105404016,0.6017581700826233,0.6442927161419605,0.7196262096684719,0.6120456445590097,0.6678299911212988,0.6519888227471808,0.6408469783788396,0.6628997121645853,0.6055286176257033,0.5588985011439425,0.6462955471452271,0.5923765878904821,0.6670965028837189,0.6717623474037144,0.6150296709643743,0.6615727495791498,0.6136092113196392,0.7269767323949416,0.6426531495102604,0.6800522314945856,0.5384693051860584,0.6617707716257084,0.6387952034319528,0.6115320043828535,0.5833374469955088,0.6775197862241638,0.6568075519584795,0.6147395881995684,0.7039258319163488,0.5755519740255695,0.6499705161690889,0.5925031789586858,0.6750401284856938,0.5902365041674172,0.6791728005054065
0.6508409318259308,0.6724057541920844,0.6575406248808899,0.6984544808436134,0.632552231572174,0.6130769347132625,0.0,0.6376598784391304,0.5926607482613786,0.7082198734524717,0.6557257456875702,0.6776606098029673,0.6663484387445465,0.5879492425419903,0.7399655759998284,0.6426204748051173,0.637685496162345,0.6431996329150828,0.6081799638561164,0.5989139769859619,0.6646451959362616,0.6737116182641223,0.7091758056303847,0.6866459762549136,0.6850066598734388,0.6691997781164529,0.6071396447929185,0.6055719828678238,0.6456888572619178,0.5845871780509361,0.6576507781328755,0.6409683935458126,0.678619496554495,0.6230301515797225,0.6319007223017613,0.6141705655032919,0.7045713848943489,0.6112648588263222,0.6629526852061286,0.7223881479539865,0.6519355916571412,0.6358564665230377,0.6397857760967685,0.6814910976497153,0.6657761631571922,0.6563522783282718,0.6176053540348542,0.6424956982142728,0.7550814443520463,0.6219739767674847,0.6962653584021619,0.6338514378636293,0.5574779459487819,0.6778050665438154,0.6743481804312063,0.6321592011903797,0.6355402340598056,0.6390262015451547,0.6526773929079429,0.6231774893015358,0.6195768008506621,0.5418064585411229,0.5892337270683058,0.5616637154826308,0.5944294000127351,0.5844078116296757,0.6838601756411381,0.6803039370935838,0.591379418315576,0.6422708404900981,0.6754552333299301,0.6018809992494587,0.5826220757799477,0.7198235093087431,0.5877730469419739,0.5902901925820391,0.7094954622991793,0.7126476274491179,0.5996942146564799,0.5733444106196467,0.5985553508556117,0.6599888733051873,0.6756871221015412,0.5765808149074744,0.6130366832078942,0.6458336764293516,0.6051813185571079,0.6322549355911454,0.6242613342596535,0.6279359037772548,0.6789058390866185,0.647320738030577,0.6625746511709835,0.5913827970075268,0.6494455617372583,0.6945507431925666,0.5364675566254568,0.6246306318682834,0.5438188802541944,0.6643916408598851,0.5997091460286359,0.6374454536861478,0.6275354157072432,0.6464935500521634,0.5857870799536782,0.6506466894957473,0.6170088922620257,0.6441291270086412,0.6878854127046251,0.6780287891127591,0.7033179760352123,0.6239932959033176,0.6303670868457151,0.5972695278983479,0.5978719767180475,0.6549725379088376,0.5970346028669115,0.6768816935934743,0.6402532948685732,0.5786310729385471,0.6513979294511466,0.6191451785389634,0.5881529831290271,0.7270405531010908,0.5762794772254335,0.6925064868959313,0.5871734431806206,0.6467334715750657,0.6249388101730141,0.6535615971820123,0.5712942161502002,0.6028410272261678,0.5863579582853999,0.6008917047943901,0.6281242566003962,0.5913591572749142,0.6032926872351791,0.7034079854411774,0.642300923498955,0.6667116778126486,0.6067182958614864,0.5927628378725657,0.6856009935674373,0.5975375791085173,0.6729531471680568,0.6615168524759656,0.6608994299855336,0.6568196896141658,0.6443501573852715,0.47701038464995293,0.6392544348277754,0.600309456551015,0.6124234142319077,0.6956527871491273,0.6976101404254325,0.6772218778188904,0.6445810989131279,0.7242797973820371,0.6434497802204836,0.6501319064707217,0.6144605660853253,0.6028695400883232,0.6086981599954897,0.6764446596732329
0.7286697016970615,0.7447168339861308,0.6573474812876163,0.6638671436168797,0.5557421465272327,0.6781050738707904,0.6376598784391304,0.0,0.7227127566043489,0.7279167287965601,0.6397562934198093,0.6962986834745685,0.713353070018086,0.6244544161959084,0.6890350069615073,0.6679852703440228,0.668635835781773,0.6883261442528258,0.6752130365575935,0.7249719476643258,0.6669420982336356,0.671607692968271,0.6582575974494149,0.616675071152873,0.735890461267991,0.6113656571175712,0.626776196835994,0.6753624374153355,0.6237101418070823,0.6104612328445063,0.7805968261096773,0.6915883372920084,0.6663889852317529,0.6544793813736223,0.705138416953689,0.6611566050334723,0.6951986802737518,0.702052094775172,0.6746784622364306,0.6425033115689034,0.6657137585478271,0.6558230243521012,0.6574706110625708,0.6382163802903998,0.7681827300795754,0.7073582254414927,0.6068455036839705,0.6081798643281453,0.6863983561029414,0.6788047988490404,0.6716300715308031,0.6533651672184336,0.6102918888471975,0.6669207776191873,0.6587203096998493,0.6901021151604014,0.6957915842630542,0.6818670659382814,0.6488250916871704,0.6883717978930969,0.7176378978870864,0.5883390883508922,0.6380663965693493,0.6083349092872659,0.6315273371931104,0.643069791801953,0.6813911067572593,0.6373354817189686,0.63522099925863,0.7638184881367428,0.7038830562761541,0.6477024877713065,0.6279935712825487,0.7049455615277652,0.7125165036566056,0.6371192016407167,0.6464806398195856,0.6034783556307757,0.6889331992187949,0.557760753580463,0.631092273057687,0.7236121962883503,0.6668891005867923,0.6812054321667363,0.661117657624532,0.8074769412460745,0.7018798837783072,0.6636246631811615,0.738175237445501,0.6888397287271746,0.6571093201174404,0.6919270693878574,0.6587978769550389,0.6452889413971352,0.6668008623665354,0.6981202002763116,0.6301969796733412,0.7032096126195282,0.579026006919982,0.7173360950619114,0.6278381815722035,0.6849496718030842,0.6245213009102029,0.6855475795492336,0.6813602415317388,0.6963164079630157,0.6721111623995059,0.7164672745911448,0.665270816975682,0.6482322853685043,0.6425325591667087,0.6524157471996137,0.6698265569855419,0.6738793028608616,0.6593127060038022,0.6940380188700808,0.6770268184051955,0.661225760593109,0.6213134590339379,0.6395464203553964,0.6345727092029994,0.6978864895641992,0.6387800492641851,0.6814072259131148,0.6279177932429983,0.6882194292470439,0.6292044403554423,0.6598556357460572,0.6767030214277037,0.6689771736289565,0.6856883580987001,0.6579940305985345,0.6574070127224059,0.6717145982066135,0.6850863901865334,0.6106956016264928,0.6546920776043876,0.6635766598889088,0.6648253043460889,0.728296917912614,0.6324970941749332,0.6338651682089396,0.7309656911480757,0.6484763471113196,0.6696106440817757,0.6580237869913478,0.7081994433100675,0.6585472665380114,0.7448089595473791,0.5297021141569901,0.7208351148676955,0.6465266705754457,0.6573841301140831,0.634282181835092,0.7236101002596352,0.7400176879635709,0.6341617818209477,0.679404906597756,0.6151847214324637,0.6277534029131158,0.6231850516573445,0.6678730992720419,0.6430337149887236,0.6674053458230407
0.7041258031555517,0.67463102204581,0.6070069754706835,0.5865548004545232,0.5456716434798105,0.6529372487413616,0.5926607482613786,0.7227127566043489,0.0,0.6744493084754699,0.6014862583133276,0.6389455638813474,0.6400668816685035,0.5987734109527137,0.6013780990458201,0.6208826463812565,0.6216387275743402,0.6476997556759801,0.626193525243471,0.6717525649022171,0.6107807511162773,0.6387132060389613,0.6101541735750867,0.5517746007634758,0.6916180380094702,0.5442690903473727,0.5978374923481453,0.6277859839343918,0.5727873230128082,0.6509391920192713,0.6998644296329616,0.6525931230906993,0.5736392399027461,0.5850273297707979,0.6645425992606013,0.5945701928041439,0.6388695928604883,0.6559399671430315,0.5977168832046647,0.567966053670076,0.5759686156991128,0.7239289555577937,0.5913377247116393,0.5830108871596238,0.6327394702678638,0.6053951722865335,0.5801683750418969,0.5580252854221833,0.6303169544688244,0.6184843139117157,0.6044682456379291,0.5903407814284508,0.5778535084477151,0.5834184293995633,0.5817011972751134,0.7279453742442655,0.633857300593652,0.6554497091806816,0.6012858138402531,0.6099500195807391,0.6213967070628256,0.5621442930881219,0.583406038484407,0.5849487746163733,0.5961884600084802,0.5802369573279491,0.6142250947395179,0.6073950069302964,0.6129548767216957,0.7149777539443033,0.644785907756558,0.6013638888186686,0.6234787648575473,0.6226247303838643,0.6760541540538023,0.6006063408637761,0.5840201181383194,0.5671736977749551,0.5862791916169331,0.540588152860159,0.5974340303217481,0.6880758823189,0.6498419622594144,0.6104263409414663,0.6253154117109999,0.7013131289193711,0.6737413978604679,0.6269133728838039,0.6608113174254469,0.6664364428152255,0.6342870276199862,0.6686626485932994,0.6030640684472209,0.590933404757388,0.6401407720210969,0.6507211192794666,0.5795012099164613,0.6564207156855613,0.582246996655937,0.621311202453676,0.5805296798940357,0.6055178317532602,0.5808908905943246,0.6219668047437811,0.6358910398736148,0.6110042249067794,0.5889815377798281,0.685755295966936,0.578697510676067,0.6023014048186347,0.5893755151841479,0.6172312377757483,0.636876176472867,0.6844046772753011,0.5782517452542535,0.6424858188450001,0.6385766753964123,0.6252262783848209,0.5702244230751127,0.6476716206853688,0.5967774175360153,0.6327953973660125,0.6127046126580526,0.6167994630918892,0.6422531187968802,0.5925610409938006,0.6070601776157092,0.5874059233694001,0.5928957839235861,0.5913520087773558,0.8054272727185429,0.6361200877943706,0.6195796483137629,0.6662517457583345,0.6119290360856323,0.574018275647396,0.608067183675561,0.5803669615070483,0.5785661699260662,0.6605249324148977,0.5680971499436565,0.6275539364070416,0.6890647420838136,0.6343828462334866,0.6162662521509125,0.6277905122765272,0.6837018550402602,0.5941884306237115,0.6884052818587153,0.5289874737214615,0.650845346436704,0.6170360146618566,0.6245324236815456,0.583993833546497,0.6460591701219542,0.6667236433971795,0.5874721287382547,0.6217176309867072,0.5629847235648806,0.5962019122119739,0.5680223533168871,0.666829221551681,0.6333311341152634,0.6507251032261782
0.726902413424915,0.7424863053533404,0.6814989942546877,0.656756313494939,0.5801385374654593,0.6538448542684763,0.7082198734524717,0.7279167287965601,0.6744493084754699,0.0,0.6540561652897937,0.6698502395908286,0.7256886864314227,0.628426300332107,0.7184270610875828,0.6674943040213189,0.6645524593839807,0.7246235835307258,0.639584446988923,0.6783537242539519,0.6558039448096928,0.6944963546892815,0.6997436119944069,0.6334603694491585,0.7857235906304689,0.6142867439512157,0.6372488144315597,0.6590180730574421,0.6804117114381386,0.6149387736408775,0.7224067083138223,0.6897056346139528,0.6599627355515002,0.6207764963767368,0.6906067086852565,0.6265161426012652,0.7253062804879515,0.6719074755788566,0.6379752234791496,0.6753065038401597,0.6501301552623525,0.6688974623881999,0.662695339243074,0.651463243685455,0.7081373809982743,0.6879945939767138,0.6292099211952595,0.628684604909124,0.7518256573985794,0.6470417352157248,0.6674478324155458,0.6307405014284854,0.5966223834899093,0.6499294320129746,0.6619495647319283,0.6897969598875473,0.663178003052782,0.652452947681559,0.6930374328715527,0.64474599272545,0.6630128253598091,0.5614902117620721,0.6143521187498922,0.5971558388339872,0.6238329325149907,0.6200846329507881,0.6794616623525593,0.6895275983016053,0.6634723535927148,0.7391880921152347,0.6920281721127304,0.6482448600507553,0.6114993262318021,0.706316991701365,0.6617857441494592,0.6513430883739647,0.6476416938641207,0.640476086417969,0.6407820840450842,0.5709011796818274,0.6437488260435515,0.6756019958845375,0.7007216103109929,0.6473260960106377,0.6327237473783466,0.72458463517353,0.6570673678519913,0.6722067646955217,0.7092073120463814,0.650032140440715,0.6640863110444507,0.6672068082860275,0.6704117359770198,0.6204093974556624,0.6665253180850834,0.7422482858189875,0.570300620300841,0.6731945102425532,0.5623076128088689,0.6883360352626376,0.6234941678700987,0.6498100604749,0.6231847867669582,0.7253212181928448,0.6335751449603424,0.6718943933755256,0.6353673327055172,0.732739021173066,0.6887545783875886,0.6732913714023842,0.6437951757192767,0.6296847009478128,0.6620901599352575,0.6523611000789571,0.6316544946848489,0.6736151001124046,0.6705563741944672,0.7227551330612171,0.6370290453252303,0.618947063682959,0.6329386747896317,0.6489042098542138,0.6194823809571789,0.7020323474092869,0.6240323010176066,0.7144772797707475,0.5959967101908415,0.625383403471104,0.6601122009131093,0.6947367775533797,0.6657706867810934,0.6298724980607732,0.6281977214352856,0.6199785893590015,0.6558165235410468,0.627699960629157,0.6612710898462544,0.6840862273965158,0.6827556112245001,0.7053117538278453,0.6602357692214131,0.62605570531331,0.7039775698351304,0.6234393634073404,0.6802321626641318,0.6680954873855409,0.6688800769798559,0.6914530731941037,0.7780760703883294,0.5039516120086708,0.6678617283817458,0.6687511092495759,0.6270458096994445,0.6784932079193178,0.7238825270037894,0.7302388960117413,0.6528310259317784,0.7008655017475188,0.6443111794181354,0.6384825423116702,0.6776078383970242,0.666528709042327,0.6444599848326449,0.668938321537142
0.6885627459817709,0.6528213219523132,0.7158812469854641,0.6758999375406908,0.6539844450754398,0.6491682171895732,0.6557257456875702,0.6397562934198093,0.6014862583133276,0.6540561652897937,0.0,0.6566181319145525,0.7079382267008322,0.6094561629703127,0.6365308877616808,0.749108135050392,0.7407449062092757,0.6624440539024198,0.6357514734427706,0.6502405961875614,0.7008870643774661,0.7368007768979209,0.6489196196172676,0.6512896793320413,0.6744514586438906,0.6607774615989814,0.6084869660523026,0.6842107326943418,0.6820694220773332,0.604464097812615,0.6126015357128584,0.6577191266407592,0.6219456090290492,0.5997483210990576,0.6615402285509219,0.6206930860470529,0.7030641478587754,0.6783421824261593,0.6645403267103668,0.6766769704906418,0.6369032780272353,0.6648788776905689,0.6407352580596862,0.688862759599441,0.6332990994952535,0.610084255890856,0.5654814061231611,0.7161372767685102,0.7110735517850832,0.6469842506757948,0.6767062010702506,0.656273475769771,0.5629351181919721,0.6838889046278158,0.6925371936737058,0.5935191030859197,0.6773920161236208,0.711577524786693,0.6266777537120293,0.6174353977608631,0.6652000427947967,0.5394959955674999,0.6442403299938051,0.5892356538327694,0.5860460842439533,0.5879711259711615,0.6469044591503497,0.6321449345325112,0.6440839081540981,0.6920756154816922,0.6651109618038017,0.6041787298548413,0.6422617885028246,0.7299377925710914,0.672750805550436,0.5633086775360904,0.7173499496940096,0.6650694445760625,0.5976028809552331,0.5991747596681359,0.6168799935147472,0.6359190863605609,0.6330023917211736,0.6351835944507535,0.641883991123759,0.6617882232079243,0.6516259955671443,0.60350012386513,0.5948662931440175,0.5809817508459714,0.7234442493931897,0.5799619446174044,0.6885325940195857,0.6070409134071785,0.6685953549702813,0.6370802226954774,0.5505881395039056,0.5948777740004741,0.5542114559719056,0.6117036825915656,0.6015339349513519,0.6363652354518049,0.5843569524610435,0.5933689752300916,0.6111399050206824,0.6361203281088936,0.6211997227719613,0.6809848702633773,0.616627747973169,0.6656392228483188,0.689483540087682,0.6468397229571016,0.6611508665266081,0.6474398066408418,0.610545692752532,0.6874273267234361,0.5988762007165898,0.6962995685554166,0.7075620227510764,0.5986172402843799,0.7066487681882521,0.612521496763558,0.6403575894421739,0.6700444339094419,0.6154358127727735,0.6608786541605577,0.58675357782546,0.6088682662089258,0.6519068789253953,0.6259176331197629,0.5841435727958268,0.683852482129873,0.6450126355549943,0.6523578634849974,0.6731639576221382,0.6013797259476054,0.5969374176680321,0.652076530855849,0.6485471739530846,0.6410867665146557,0.5877531017904397,0.6397272011264324,0.6435608813990488,0.624552398201166,0.6923716248060224,0.6046560453429151,0.6479991225874167,0.6071612831553975,0.6532074447232804,0.526629017501287,0.6570269449331698,0.6003322859391833,0.7008410869562809,0.5907587421601929,0.6651467045923893,0.6542085485178983,0.6968252204182227,0.6698713648263526,0.6292537484281547,0.6728011269622836,0.5788227865105651,0.6258272031143471,0.5844695517740969,0.804678753800994
0.6593604390851814,0.6900098775139163,0.6676444420484386,0.6393493700808567,0.6217867690814419,0.691373074102991,0.6776606098029673,0.6962986834745685,0.6389455638813474,0.6698502395908286,0.6566181319145525,0.0,0.6433198955882893,0.5536942072371411,0.6518525734462819,0.6838257120744232,0.660437977049793,0.6005322379948321,0.6883093671629368,0.6413933969208178,0.7101811234832891,0.657197904898467,0.660988959286089,0.6606176926579284,0.7136674939148107,0.6281587641903059,0.5683693024950737,0.6180131854642719,0.6143132337280207,0.6435970673315774,0.7071557416904303,0.6655899999494032,0.624443555053609,0.6800816419068574,0.6359768087556882,0.628471857973043,0.6809773875562026,0.6275529683336611,0.7144068687648607,0.619850374952089,0.641841511476933,0.6851090753077657,0.6361135868821431,0.681412218466859,0.6726431035664732,0.6374204341805192,0.6205092069968552,0.6435688220175435,0.6783372236070252,0.6283655286557989,0.6658271312063796,0.6657183161561122,0.5477320058511129,0.6682966652099835,0.6516814109588089,0.6768464643559436,0.6573538725674276,0.7432943122770025,0.5830512352396668,0.6234462168389415,0.6245938327206367,0.5493522407471411,0.6058837608306069,0.5659771488690808,0.5795671590405719,0.5800350901655602,0.6213531041612433,0.6200439504354934,0.5609249531518571,0.6524373442028626,0.6609923794066461,0.5757214113623368,0.5841224014904229,0.6742242462340219,0.6256537764171118,0.5750466198066635,0.6587255051431369,0.6647842432680884,0.6167262042155119,0.5807347720843121,0.6062606150316395,0.6736871283456632,0.6840180722469744,0.5895204177998478,0.6358099215401245,0.6947526009057634,0.6438832666423043,0.5897332833382886,0.6269390169295481,0.6662225631035273,0.664790399012535,0.6660222536407282,0.645787629235247,0.598504331423518,0.6146946981173897,0.7008982866966372,0.5649641053278222,0.6916430741693367,0.5548346496616923,0.6332484968222577,0.5803880050367994,0.6460130277535222,0.6057108794383486,0.6601987553863076,0.6000642744990626,0.6724291815846831,0.6336518028159854,0.691382684885288,0.6219792128606437,0.7062986057613998,0.7264456278535953,0.6335772231991514,0.6207300903457021,0.613048000345638,0.5893536213827893,0.6762151713252446,0.6207782932599084,0.6629673345671826,0.6427418401767697,0.5862174704434946,0.6441196816313999,0.6213397901806379,0.6332431327745692,0.7015043708041779,0.5828413935676543,0.681037331695666,0.5932886711888281,0.6790694487808864,0.6572629675658075,0.5880159001977522,0.6259338542856865,0.6547595772141406,0.5845242712398598,0.645012613106648,0.6572491932239044,0.5682046538605142,0.6507056133737671,0.6249800437065771,0.6020476419141032,0.6885137075516089,0.5568738570944333,0.6181989083780751,0.6745234930497196,0.6089479400119696,0.6738825150431583,0.6558183284545923,0.7539055552022373,0.6194211496950766,0.6940242055691784,0.5225552717963686,0.6691917615670737,0.5889517820214307,0.639797569207994,0.6329614556788209,0.7577595131479756,0.6632513569214677,0.6132333924293311,0.7425823040276477,0.5663882333765144,0.619054440746822,0.5571513087101283,0.6197638728080388,0.6070753563398038,0.6893127067819651
