0,1,2,3,4,5,6,7,8,9,10,11,12,13,14,15,16,17,18,19,20,21,22,23,24,25,26,27,28,29,30,31,32,33,34,35,36,37,38,39,40,41,42,43,44,45,46,47,48,49,50,51,52,53,54,55,56,57,58,59,60,61,62,63,64,65,66,67,68,69,70,71,72,73,74,75,76,77,78,79,80,81,82,83,84,85,86,87,88,89,90,91,92,93,94,95,96,97,98,99,100,101,102,103,104,105,106,107,108,109,110,111,112,113,114,115,116,117,118,119,120,121,122,123,124,125,126,127,128,129,130,131,132,133,134,135,136,137,138,139,140,141,142,143,144,145,146,147,148,149,150,151,152,153,154,155,156,157,158,159,160,161,162,163
0.0,0.28696245482159394,0.25807345058473513,0.28136403598922327,0.2696587443281171,0.27578384618309965,0.2627090316359,0.26744286080256385,0.3588788479300619,0.2671627504561695,0.30545528582390796,0.2583595152400525,0.3811109708868819,0.27050772169039455,0.30828054476634037,0.2968854237194803,0.3297278443882564,0.44650598658781715,0.2972413296486452,0.4185428875019131,0.322227244650226,0.29899012675915043,0.27610295003596746,0.29674462493944703,0.345892941811924,0.26784459602842603,0.2622852198444351,0.3145091036295494,0.22170798542710884,0.2880350126113317,0.307935376285352,0.31929453585810874,0.2763673821000461,0.26426601300988994,0.35515891554097634,0.2677327808667485,0.3671016081206811,0.32947763394271173,0.2367662412815563,0.3645195078706857,0.27965832439896876,0.29749611348870875,0.31959209317629095,0.32217671334715275,0.29717962332827713,0.385546085219126,0.26203375395828843,0.29586871840051965,0.3463507653734087,0.3687489182162961,0.3761567595295393,0.3360726726111577,0.27352769291928763,0.28531959412497665,0.2650270461058405,0.29519901228679796,0.46804949900508014,0.2715263323715815,0.3007145886802098,0.3358226008521518,0.2716245068832474,0.2424321539993691,0.3239702437772645,0.22591888286691672,0.31981171446234546,0.3562261250878708,0.3220228259509913,0.3155235116385392,0.2834912416987766,0.2960401927865866,0.41649239968183965,0.3142834129466256,0.33126221451020843,0.3428340446542761,0.3162541800577516,0.3240289632442329,0.24815880526341222,0.2627062629507579,0.31260338386274283,0.24764267179318897,0.28934389749222733,0.3565540734471464,0.32293553369677985,0.28615325542393505,0.3478510825244071,0.35951774050587343,0.28677810026423917,0.35483996685076646,0.33551192722438417,0.29103584944080335,0.3790773813203533,0.28403944202079245,0.33425166177872473,0.35692385080078226,0.34388017862803233,0.26830905626347373,0.22744232405626663,0.2586093088232802,0.23034678490776317,0.35508433539584827,0.27713727399107774,0.23300098917557732,0.28599106932229656,0.23481021468050284,0.3641888323870399,0.3258560716679362,0.3001403618629339,0.29799696699067013,0.33295967818724315,0.2912173274754043,0.2978563136727644,0.3536597172300638,0.3430025905596127,0.2714655812750695,0.34065235819268186,0.3418561027299725,0.31914473964571005,0.2807935738882065,0.25410625284075083,0.24779105503280946,0.3065987985932092,0.23718661790157067,0.3077558701201392,0.38530090929099375,0.2874174824764708,0.26632445702039653,0.24454560477291037,0.22664629017584836,0.24595542902508627,0.357839561352016,0.26429685935035735,0.2833135960268931,0.25951425114539095,0.302069303585103,0.28132919748161955,0.28928455155372806,0.31593765173975263,0.3411342095971676,0.30600337171554853,0.3380633206255353,0.2639957284559954,0.2649199289711252,0.3518937647778393,0.28101549205143067,0.3178569720548445,0.32000279292606937,0.29878893627590336,0.26612897722942935,0.31294514796600104,0.1697599311672926,0.39022471259171637,0.2824678387379644,0.3289949929812355,0.23922093253281151,0.29756395368207983,0.3338787452582451,0.30107627827503075,0.3108008687315085,0.3119197413566057,0.32241301726834753,0.2495788120275802,0.3534953327020576,0.24067641690160932,0.4071159010335247
0.28696245482159394,0.0,0.27748476036012354,0.2651229753654428,0.23961472345239754,0.3653959442894446,0.26585134432270097,0.302573201364313,0.2686162732440173,0.3601254158976404,0.28266405617796164,0.3046591423224196,0.29165940401055335,0.30097472801770303,0.2789856290454317,0.28698088230481733,0.3100599655354382,0.2638624125779139,0.30576478743369967,0.3081668100620037,0.3034263967097119,0.3294980145390333,0.25966103467709567,0.28497690548173477,0.3364041241500304,0.22361005728523947,0.24049340276208908,0.276521841510738,0.3546757774553458,0.24315866710305026,0.3244992447648515,0.3198546629588943,0.32964122992072253,0.25166463727387345,0.31622669216776184,0.2992059272581385,0.2709431526452349,0.3024432553853345,0.27608890683851584,0.31018922820289585,0.34479601989372904,0.29560439858625154,0.22632778806133966,0.28830837834821893,0.3200711306996543,0.2592998594622583,0.2727623222872219,0.26282698635595925,0.29055879523474193,0.2877001142141758,0.2873696980477006,0.28553715883027336,0.3043170833484482,0.3562727576576945,0.31265741507810996,0.34163499199869546,0.2941185575534324,0.272035170308576,0.306068078578115,0.30318067920845737,0.3006528349383995,0.21029851317430773,0.24646430396436378,0.24048944262980865,0.2443222146485384,0.2434354684078371,0.2645043799817947,0.24565033733172567,0.24072101525222744,0.26723270350114736,0.26859169361826735,0.2985638791485329,0.25179769082269465,0.28917401086565564,0.32411154402169695,0.2745974075627754,0.22536785669616655,0.31751526166948835,0.24716589011124465,0.24872419712509866,0.28543882254209924,0.26553160113031893,0.34886943583565566,0.2701525524596147,0.2813963179939264,0.36118639440478645,0.24049802392148273,0.24780110652561183,0.27159569272269857,0.2958588603362776,0.2525427468779938,0.3047956113972248,0.34314936240895316,0.2895251393887915,0.30356145291524783,0.34135987650000016,0.25585407539636207,0.3124856631848808,0.22097185502596647,0.2998456194248826,0.27910861433805634,0.21202911793651957,0.2120804595485188,0.2721665723723593,0.2776206492512339,0.2625521339161645,0.26456543208235933,0.34052628630668064,0.31071172409993264,0.3441576111131791,0.27413825108349227,0.2572315404091074,0.2852072927819096,0.2533276777886086,0.2888992227761265,0.3473000940587765,0.31135330000936107,0.23306750325871822,0.2966844221952934,0.24353137319420848,0.27474164204499535,0.22938512976026368,0.29193753428827734,0.3302328948248546,0.27904353978315205,0.3522949724968013,0.24651851499429947,0.26048029312372994,0.3528388174816598,0.27776238928208175,0.32406587218346333,0.2705942890751715,0.22956281773453258,0.2973623930952425,0.27916098960262326,0.2582977158773663,0.29235298009287897,0.3085375117738474,0.2882642528471821,0.2675867596008629,0.2673713661149631,0.31321307247260144,0.35668566513004185,0.28539713229958413,0.3178539293204677,0.2458413173907971,0.2951115547532847,0.2816825497509128,0.3728186205825756,0.2082796558039644,0.25111605381513646,0.3337367068333387,0.26172986505019696,0.298023587478504,0.29552223312521525,0.27490217133233297,0.25896597918927283,0.3024801333715147,0.2822807535423863,0.25821295260470595,0.270327892984059,0.35012150763326927,0.24124041295800694,0.26680318685843574
0.25807345058473513,0.27748476036012354,0.0,0.25809744582708616,0.25196455991858996,0.29688018252512444,0.22258578854478916,0.2775475640070014,0.24201196588488222,0.3506935816480915,0.3079008349435104,0.2786080434845419,0.299475578192111,0.2166853568132008,0.2594566561018548,0.34430801393289734,0.30723876513370607,0.2628540345986642,0.25472882550102166,0.23580903167635356,0.3383484561437736,0.3883405461931544,0.21879208228229644,0.25726744314145766,0.2924019893392665,0.25057366742361625,0.2306918268934354,0.25043125690705953,0.23996666380337542,0.2495908438724904,0.23636069926417824,0.29233899241303635,0.24054969095806347,0.20748272984224225,0.21497612247246514,0.25031670122227817,0.2730790729428647,0.2644615817222956,0.2396213629918901,0.27054047003099274,0.2446861281641511,0.2899262713082055,0.2571370307896571,0.25012357209215935,0.2679902610143664,0.2526423694175531,0.23020625263412883,0.2881182706666148,0.2532371257814945,0.2536385465605059,0.28678037914082166,0.2646427911110686,0.19437634010531493,0.3085151623063225,0.27229162500360654,0.2333694106878571,0.25105112359981663,0.2921083770276294,0.24835894258252866,0.23050715502065192,0.2573621046690838,0.20125594623315538,0.27862022490972355,0.20008219133987407,0.21782928999784335,0.24733869525988011,0.24508926176613002,0.2896058701791854,0.2889489263876086,0.2793619164890872,0.2853079823434443,0.20379485036855058,0.2397309876675003,0.3665979513170604,0.3043223016077308,0.19068683871113584,0.2618143177471642,0.25655714271542035,0.22048363789430292,0.19222953818782643,0.26321043874965744,0.27157619602556865,0.291575236041483,0.24728448692231508,0.2420274611948314,0.2953792563852645,0.2241133053373939,0.22171975080622905,0.23510570535227496,0.2199240198449206,0.2697228270391235,0.2051042514009258,0.26414131108501804,0.20152566083399992,0.25190661301457856,0.2706511884942147,0.2107230622796863,0.237606093524774,0.1749552495566268,0.24329483738331836,0.19455765059190272,0.2437432965494791,0.2116770316197261,0.270662915974482,0.24355215696434662,0.2874320929693229,0.27210471120701873,0.26432599283043123,0.2486897115057863,0.29716160022577226,0.25564025980974225,0.22416588510211236,0.2541729194378303,0.23389404528488678,0.21981774963815043,0.27490150046846923,0.21087014536260115,0.29148035274284445,0.28782922529861993,0.21021917651155894,0.2312511251490947,0.20966125128641147,0.20954807226121458,0.2761501389078293,0.18653040943824487,0.3010165111661054,0.21443382167063033,0.23661626776242076,0.2797432948121441,0.2546767534336234,0.24958286497960736,0.36452589729407836,0.19130904277444286,0.206264564513073,0.276405214256586,0.20619839608798718,0.21546250788657909,0.22632232277575667,0.2830849158630734,0.25632177725704824,0.2251094637201216,0.24235834152145047,0.24572051315661073,0.2623498308724354,0.2569789016013584,0.20834056713080598,0.295905849660343,0.2595303106759515,0.3270740375478012,0.18163952925967783,0.21806586326426217,0.20674313571566014,0.25643839996658696,0.29381695038418554,0.2913972869637806,0.25858301247106075,0.26633461187591534,0.313875823923357,0.18914776555675833,0.2352553184679337,0.25444312486303605,0.1999092705264535,0.2223618416387156,0.25816644524466315
0.28136403598922327,0.2651229753654428,0.25809744582708616,0.0,0.2487836957078646,0.27049585051980957,0.30216383863752644,0.2745004813264482,0.26054871151102216,0.26347424356954274,0.2985912339374656,0.2839198087293793,0.2845929094804536,0.24311762109965415,0.3126634653454052,0.26506333658387315,0.28583876370399225,0.28342418097834987,0.2839743461945232,0.25549331549556437,0.32176974786865725,0.269889185285501,0.2832068563092701,0.25514109985748323,0.30540166700832594,0.279733187065772,0.2924240633886551,0.2800035411956761,0.21795907408002801,0.23332882528640625,0.2813990099992101,0.2645361810578836,0.38018408865862546,0.2721267626395018,0.2634735802092362,0.27455605171061676,0.3035968538745969,0.2863636006276998,0.2638147509635786,0.3309607129917412,0.2792424879555099,0.29013856787197945,0.25541932760586833,0.29751638209928,0.2862358325232972,0.30366630516763266,0.20044447595177317,0.26112722315017717,0.2894529682580728,0.27446426990474543,0.37916054653621134,0.29323386834842774,0.24507063375068538,0.3676751628805022,0.28819931184498204,0.25506346741731967,0.31249990143322,0.30315585970209535,0.2758170637105919,0.28992770129753714,0.2942925112528397,0.22379263215172668,0.29667012221960304,0.2004472291859396,0.2608377562396764,0.30043621601724485,0.3542355502184055,0.2539974958792182,0.26400197420176014,0.28738928132652275,0.2864290355760201,0.2431356163344607,0.27908321214564574,0.40713008991362176,0.2923538735914934,0.227326309449287,0.31449706621417134,0.2924748300000374,0.2628409238397615,0.20299352666120957,0.25153606897873976,0.35031185863526476,0.27195171239607047,0.24779701392958958,0.327738565264828,0.29116359197679226,0.29867020096985647,0.29972008717943915,0.2847937849996089,0.26683612669555273,0.3188482042836861,0.2894175394577578,0.26041592111431977,0.24797191288719334,0.31753656539111713,0.27219825846535095,0.226251220268791,0.2777913993859822,0.2074898869087342,0.297848108487548,0.24699988153582592,0.26364947485668117,0.33533777495479156,0.25399206114521555,0.28763057135777803,0.2749601844296986,0.2970109158150969,0.2707561328760842,0.279199605188941,0.26237545017546776,0.3320106652416807,0.28525392150302054,0.3283224888690205,0.31143188127455657,0.2723612865658273,0.2706537467945682,0.268338419247496,0.22250731544934418,0.280391828308768,0.2562323982101679,0.25257088451795257,0.28998611245253597,0.24607848682100725,0.3176521328760357,0.22022062472780773,0.26722051821000586,0.2509519373205771,0.24698298596973767,0.2621298937920712,0.29264568689776915,0.23273682927880082,0.29578684604856464,0.2583919269749213,0.2726704683351603,0.27578805645236204,0.2169050950520727,0.20039916079434533,0.28517545794455756,0.2952612633323222,0.31339361696900464,0.32191739186002727,0.24334062880944518,0.33853682841309135,0.2928111244035903,0.2802374597294919,0.270612431463237,0.2924336922115203,0.2591091178158342,0.2450293142276379,0.168332273018506,0.31793382263036807,0.26687952091447137,0.29863035062817045,0.2407605721914677,0.3294547161814553,0.3072061974493104,0.2752742696533875,0.3207532524091761,0.32020775453147693,0.27519472219883645,0.25079592041774545,0.2540645185078161,0.2751206561876183,0.2893684552952063
0.2696587443281171,0.23961472345239754,0.25196455991858996,0.2487836957078646,0.0,0.20943822875756457,0.31531469832206843,0.20716085253307887,0.24950636378601376,0.24609908908083222,0.2788836346184946,0.234067870898568,0.22782131211099596,0.2324065942633651,0.28612366733898525,0.24673775838543588,0.27256332104831893,0.2821062477229301,0.22631338213919458,0.23815103975105575,0.3057817773044861,0.2853925180992906,0.2950234894858258,0.2865682557323271,0.2610913747837547,0.24164942607767464,0.243449524023933,0.22163814462542822,0.20541320878815805,0.2709363342069533,0.2521170102218353,0.21744378500717879,0.22845769527987753,0.21785770550132677,0.2992129397476746,0.2505402002332978,0.2640071967606176,0.25337002748623405,0.24379095240069965,0.27864537943619305,0.26065128709240265,0.3356843153992472,0.2616652800693833,0.30515585080085883,0.2181871154018293,0.22898322254599673,0.2530556120628944,0.27450868992950694,0.3110758312133996,0.26731733905921257,0.28097840792006556,0.23899551087383714,0.22063177515082572,0.24591664627655674,0.2334899933863852,0.2334204418442474,0.2433211152210555,0.27535172108515726,0.2609629053351422,0.2274994421890474,0.19030892079477113,0.18730004629567695,0.2325360886742443,0.23087036818272846,0.2569786759985552,0.20462717447098241,0.23297033294714542,0.2535590097541202,0.23665472946859603,0.24954718214973837,0.25851366732329456,0.24510726493420898,0.23059203536099718,0.2695012087826846,0.2205334374635559,0.20463454696166286,0.23721816140676674,0.36073252009939794,0.2045365003750676,0.20233092058287794,0.24643622658662725,0.278110578995974,0.2902048688467616,0.19227718130861032,0.2524816691011974,0.23930688583822912,0.22474493596870534,0.23722138214790567,0.20778247570273975,0.22056459167154446,0.3533182713406231,0.27455900665180766,0.2905304198044035,0.2011259414033274,0.28018140906438915,0.2306920398042901,0.17643885692010874,0.23166200738698084,0.22370482053365157,0.21250128272675298,0.22266745882606706,0.20612657699837245,0.24831083669802556,0.22221008912951917,0.2297380875538251,0.23446224459908588,0.21688698472976867,0.2730667281047231,0.280341264936269,0.2667928851569585,0.2773505285623086,0.2840848459810742,0.22558307775446113,0.25572504928676,0.21130831107992984,0.24655409818716845,0.2196318946934888,0.2474565889291804,0.232698484791281,0.2312820728044799,0.32794433391558264,0.20581328285161637,0.21966220574269069,0.2916234153798769,0.23628221307235867,0.2117710777021813,0.20803139923648298,0.22237552256759846,0.21577815428407243,0.2561041722106691,0.2360766894603153,0.24422303786292768,0.18373608024844792,0.24591100969505003,0.24183046132211028,0.2527818308010733,0.2229175900940036,0.3079474798753333,0.26071701902801214,0.28234406349868174,0.2069886146531672,0.24776597764718572,0.28070506578204907,0.2701092624376273,0.2855830638896156,0.2537135080993934,0.2953887626159521,0.24110400546831123,0.242233256065785,0.17300754319532494,0.23712839986619755,0.23318710969895548,0.2854461965821323,0.26587811185218846,0.27519975704319405,0.2570374691021811,0.22316460061862198,0.28489355945194506,0.2397387574030972,0.22333233008043868,0.22735490309666076,0.23542155757293737,0.2497406328501708,0.34025090023618665
0.27578384618309965,0.3653959442894446,0.29688018252512444,0.27049585051980957,0.20943822875756457,0.0,0.21976052821003364,0.3005183599553054,0.25444883157367526,0.26862788946061217,0.29593047906240266,0.3065379787341557,0.3487412202793932,0.22554262038252657,0.2731555429821316,0.3337256858547041,0.2979867572907314,0.22094335324059952,0.28564901172622303,0.27909130234451307,0.2985997215551242,0.2962808579358321,0.19446334008705912,0.234162564011784,0.29928540357612926,0.23281357419476173,0.22468815974499823,0.25736279880405843,0.256846488815817,0.24136489250692714,0.2997914139609122,0.36998315395016196,0.3358760167663815,0.23602924175186596,0.2536485612675352,0.2664317128526406,0.2846048272877814,0.2768637224100832,0.2565467550783746,0.2387533180069258,0.28876592223274367,0.26065640297310566,0.24086796263614943,0.30358420703386213,0.2803901210379983,0.2512348949519179,0.23372166631207933,0.27589402844289873,0.21891157769509817,0.28057773219568266,0.2890506416626666,0.31256932117334063,0.22897548096168885,0.34324067430496685,0.2811504564173156,0.29786640149804533,0.2700938564275655,0.337777489644044,0.2197712696973869,0.2559015258639105,0.33500964386562254,0.23511567813718479,0.29296422329582256,0.19178884341222424,0.21475799485536004,0.24797713695583293,0.26093127682862116,0.27105629984930973,0.22885299732032763,0.2591423469796869,0.28230455131132565,0.22149556320313124,0.2506179701835555,0.29777045772211713,0.3662658028512514,0.22964229732870348,0.24612805643711724,0.26190384881257084,0.2387957405562079,0.26323859034629027,0.30665292020467155,0.25677385750994247,0.2987998023561765,0.3064691398159828,0.2568140023671323,0.3031116558380139,0.26598846129588,0.23733022072637,0.2907613846047648,0.2679449389301048,0.2595267768560593,0.2693625991644011,0.30259326877391085,0.24529891776824805,0.23605924971027992,0.3318272339244788,0.2610791876739333,0.28630340250206976,0.18541044658031905,0.2838787989867085,0.23691263515433253,0.21875184454828728,0.21706240332132937,0.2300231868941864,0.2846432918024318,0.3115349894964564,0.3075926598546348,0.274958792355501,0.2509707898676646,0.287157726227423,0.2700845168545776,0.22466110259192118,0.331303797743926,0.26214266920854684,0.2640638249766148,0.30954516311059826,0.26631149438505775,0.2101884059390639,0.3187014564026719,0.23048321358466534,0.23751488809507082,0.24931323603489428,0.254199022423513,0.3034086766320441,0.23596629405166494,0.3373814475318619,0.24422288640556974,0.25103185572912107,0.29253539317552274,0.2423929756457263,0.28905412208149883,0.35466310826843134,0.24031352335787073,0.25931671828923825,0.270035590162924,0.2236261775322265,0.2672066964696418,0.23815499240964066,0.24024113879037054,0.25074082598041375,0.27366082931520824,0.28263891332999036,0.2589896634730009,0.26098290305660915,0.2859007585337016,0.22461732105454263,0.3048745018176413,0.2861877959214218,0.2766019379309309,0.19101662880580783,0.24401507326708002,0.2570720474772721,0.2250570123619337,0.2431370375520412,0.30916480995971446,0.26324290975861975,0.25719139331378454,0.3435119963652654,0.23533038855576788,0.2697913334864602,0.22949220089741015,0.2725628616528731,0.21047139458712807,0.24553239270226093
0.2627090316359,0.26585134432270097,0.22258578854478916,0.30216383863752644,0.31531469832206843,0.21976052821003364,0.0,0.2063867181677717,0.23132257427429903,0.2617245552614865,0.26884148977202077,0.28026676892370145,0.24360336187187803,0.24368434553334045,0.31411174077959814,0.2231487519039769,0.2539970889040195,0.2689801939369425,0.273643165221408,0.2257801420495485,0.2866338609299934,0.2697041776101695,0.37525339621557713,0.3137237498237075,0.2926750978778431,0.24361331623613225,0.2486010858019707,0.23986928626103096,0.2373464069001931,0.26069650087202506,0.2564323526076729,0.24886536021983363,0.27801377439734526,0.2664940268706589,0.25774380531382296,0.2377405919777261,0.2942196907152453,0.23345168786438913,0.24904081863594552,0.33909761252469994,0.28581343156584127,0.3136058915983144,0.26012642517863105,0.30270673148084853,0.24604878079435374,0.25036381531599616,0.26241283781385516,0.245816576949833,0.4142684303093871,0.24095209922673314,0.31979447833167807,0.24363311528819587,0.22874675591155644,0.28979763191173624,0.278327657439276,0.2624263332609597,0.2575140939854988,0.2482081074351251,0.3212660259441733,0.23778353765844099,0.20258121135071777,0.19322424189944382,0.2195549105806441,0.22803035374883357,0.24635311982972397,0.2134584207280217,0.2724483314074972,0.27689406717629833,0.23341300653410643,0.23165364172086064,0.2668304846292754,0.2396526860451843,0.22788139374318556,0.30165608689892304,0.20124592231199195,0.24392748900989802,0.2994888690900102,0.3280336097557584,0.2092535767137592,0.21613578916462106,0.25192488207749614,0.2819421701843701,0.28999216885731355,0.18626201791616015,0.2488145205401374,0.2406309546752406,0.22308209708404064,0.26486624789388413,0.2330030248824726,0.234776422452516,0.3030179399020859,0.3342997078555888,0.28096456582498563,0.23524868214927097,0.2853912827472263,0.2751028295609816,0.18452166780413615,0.27582595309404767,0.2229686874086815,0.2515661169500589,0.24435381449159516,0.2297224786422902,0.2870700935626715,0.24566788949679502,0.21916680812710196,0.23523133464264245,0.22119502367379204,0.26933679254406334,0.3064157498165211,0.29851423015252715,0.3705860512418953,0.2596854373232216,0.24038790222635115,0.22884277256071,0.2167670758586532,0.24283357849800077,0.2502247588716247,0.26246297738670776,0.25890229759145805,0.21646063422946696,0.2587105708011438,0.21051584227054979,0.22924495135907924,0.32916236519748365,0.22820303323720126,0.2533633623673064,0.2126933776280136,0.23859224515688707,0.2239103539522531,0.264143484234194,0.2197204840529158,0.21711436191881725,0.19592207943606801,0.23041459429712396,0.22834648385223674,0.24870648136254617,0.23312573781750642,0.295052432007055,0.2641036389633788,0.2922436274391431,0.24629821728348658,0.23635332399276643,0.3071958393767334,0.2515294359002978,0.28287040810089265,0.293022648398045,0.27191666079586124,0.2647227897950766,0.2395874574529273,0.16282402590718045,0.25338438114425926,0.27684155120804593,0.2684387014938533,0.2962430394331714,0.3123566498045042,0.27385990464154936,0.267783838487346,0.3012968202908874,0.2969941844675873,0.26911886521742756,0.2543451592749241,0.2534876565824471,0.2702802835816142,0.2946767692176488
0.26744286080256385,0.302573201364313,0.2775475640070014,0.2745004813264482,0.20716085253307887,0.3005183599553054,0.2063867181677717,0.0,0.28833993463022983,0.2710736054828965,0.2661982296499046,0.2753645666033332,0.32669981035219475,0.2272388196841921,0.259397245935426,0.3164007915892945,0.2997530884008379,0.2479452115625581,0.26866753582709785,0.2810636791849164,0.2993816544432859,0.2561011930267166,0.22219996418852203,0.22671760764402565,0.29201986076365516,0.2473164982354444,0.268655599382428,0.28071624693171027,0.20744311449599198,0.249579280386396,0.34918748596572396,0.30073084021003377,0.28999186985555825,0.2394177703638387,0.25105806704920425,0.2779226946771323,0.30324070095520544,0.3169791686136906,0.2730498622567521,0.2646436478916838,0.272459144338096,0.25164173757411606,0.27351252702029594,0.25600897526376504,0.3638996782244827,0.2766288705983616,0.22019478569453396,0.25159252852433595,0.2498489639434626,0.2734089372232392,0.2811076486853324,0.2533882810736907,0.22595696100432114,0.28538614842420484,0.26829689008897784,0.26064812308243174,0.27415554792715957,0.35786102457817176,0.2531907966288612,0.2591384096121245,0.42276807842061565,0.21207643698477982,0.29676476401771257,0.21146592056086222,0.21546724277201745,0.25359030592652526,0.2762252443173742,0.2439864777993681,0.27967648371655507,0.41885034734046267,0.2713127551280169,0.24087825093448637,0.2535600513605646,0.3251119532078922,0.37451563507082236,0.22421939982765218,0.28749234227766013,0.2511575355920557,0.3097653077910702,0.19864715853997783,0.25280738281792897,0.2695628218103101,0.2914299246602923,0.3156626348423019,0.29500387183656623,0.35875458705195407,0.39319269385239625,0.26647520589204127,0.30569973454424876,0.26412315779219303,0.2536379582840467,0.24592410137976442,0.26940938755819877,0.23188403521414194,0.2682213490501121,0.2751478523581813,0.2833372544913803,0.27481468474836945,0.1872468896622779,0.2907629696651043,0.2310182431888981,0.32415173631636834,0.233107967490264,0.24634981996676653,0.3037800616109404,0.2998912232532219,0.3157145188585664,0.2983371618843933,0.26509715757989044,0.25155049741294044,0.23851686275447043,0.25370788076273004,0.2950360977955024,0.2919761199147647,0.26385356107701563,0.2882799810282001,0.27190680130023365,0.2174713373872602,0.2425614034976225,0.22792991574782215,0.23352204263953444,0.36074112034637346,0.22933951697222263,0.27704221487546654,0.21792357480885324,0.2761544065587467,0.22644629824913026,0.3008948876780228,0.2714190607998121,0.26837962283617384,0.3041094691711489,0.3157888938664986,0.27104118657252574,0.2364216726708707,0.2744669721990268,0.20381784798015026,0.2442013835856345,0.2520636517168022,0.28144647758490743,0.29645320994044494,0.25742604238853983,0.24463639784477298,0.2891390897944562,0.2786681063159933,0.29053851736938796,0.24522889059225308,0.30397472523836205,0.2682071022765453,0.30039251765019054,0.1840043369512073,0.2957973080315694,0.2622119128540631,0.2532725397034425,0.24837937883251807,0.3203801348178975,0.3090779801947278,0.2446881717961635,0.3061115441622827,0.22008730308401753,0.24563017058861988,0.23730376882847218,0.2567198982635657,0.23673793630235507,0.238209820431276
0.3588788479300619,0.2686162732440173,0.24201196588488222,0.26054871151102216,0.24950636378601376,0.25444883157367526,0.23132257427429903,0.28833993463022983,0.0,0.22899066448314948,0.25061108382210934,0.25122852460268785,0.2665109718528051,0.2889166175483156,0.2671361290050668,0.2686546682752443,0.26822016561515466,0.3126203992902882,0.24410380241663104,0.3144972633144863,0.27133366374044454,0.31756351997295484,0.2245206506095159,0.2335028930207979,0.26500744198606296,0.2500691203171799,0.28173678230707977,0.2660601856013415,0.20281506746393396,0.31450047003020065,0.3413407527347552,0.26785347491041994,0.27183900495738916,0.2228074088396884,0.30433683649773025,0.25881699696117616,0.2757750377392886,0.37925769177783647,0.25670422107112423,0.26762967705667984,0.2547797412672243,0.2983093314052586,0.2514873193838221,0.27579234075410397,0.28224053686321543,0.2808508782790356,0.22677567314596236,0.23655880100057328,0.25978878467191385,0.3042929098929912,0.2861189980665102,0.26379713936114657,0.2666768439413717,0.26970184849786927,0.23985495766830306,0.31159932521844486,0.3163613426256575,0.27777414223968766,0.2533513563288446,0.2539712188690483,0.24798929549369994,0.24814796136570463,0.26322939484068364,0.2335409099630185,0.2852516332541085,0.2697948686791221,0.32158605892706565,0.2818059223703796,0.2660272246321619,0.2904852180933279,0.3590770543291544,0.29146228417287345,0.3227224057476068,0.2787820355175008,0.31620591989770747,0.25690445375724935,0.22969193671665675,0.23566114052481657,0.29519009246833067,0.22551447751528,0.2509988736414106,0.4008110775622668,0.3242977961619697,0.256691703152517,0.3313913855365215,0.3657518469904801,0.27801182016184184,0.33454608230347505,0.2828456941157027,0.36838916358913226,0.3365002207098423,0.3133055295887192,0.2681678112400515,0.264125453342736,0.36919641601884867,0.29405152308050847,0.26958275308764035,0.259157224262111,0.2681325715085482,0.27073671244211633,0.2832481800270529,0.2123511565110438,0.2797111835136417,0.2274806657097409,0.3456474245717072,0.2804191550101637,0.2429130862904905,0.2681229228232246,0.2553162009939198,0.22646659797848961,0.22798653924155296,0.3419896417984781,0.31579176052798047,0.35033497763689075,0.27821363154052137,0.29870558504474454,0.26002685493118505,0.23362300676380843,0.20907307798688354,0.28133730049860056,0.30715886806410064,0.28064422403684336,0.26277376835777416,0.2972073221547689,0.36083578383619536,0.23847902967825105,0.2641602019813182,0.2297406131083627,0.22331548012405084,0.3158402697516984,0.35369102309361483,0.3083009868710316,0.27347855949702327,0.358385925034853,0.2646773635804295,0.25657873730425657,0.2543542887354014,0.2844509630966121,0.2833001909900402,0.32849851340901787,0.2575391839191689,0.26217320278909506,0.33824280204673873,0.3353491725366606,0.29593720368604737,0.29308322526888775,0.39336700346546133,0.24570064446955892,0.27470516184507016,0.1833815221080776,0.34222752021874886,0.26206211973095905,0.28157121987906153,0.2411836867188353,0.2703868734471493,0.3246884950067077,0.25482332418472675,0.2810257152038084,0.2919618479981877,0.2764363776930645,0.21696489919082151,0.3230545981092651,0.2988797964832295,0.32611597088823735
0.2671627504561695,0.3601254158976404,0.3506935816480915,0.26347424356954274,0.24609908908083222,0.26862788946061217,0.2617245552614865,0.2710736054828965,0.22899066448314948,0.0,0.2563824207952255,0.25905008848052624,0.2767302968847267,0.24506539550628856,0.2557702601998799,0.2687978668098035,0.2968752188291764,0.2837543233630475,0.2685222323727549,0.24567772224164586,0.2831629583337244,0.27742299962468053,0.28417346563817636,0.24961437552166968,0.3702656719026708,0.2113617531390257,0.23632869189661734,0.2696898832815814,0.31975486878100096,0.23065557892878769,0.26697994391019664,0.28534560111193363,0.23191279359425807,0.22846332823847282,0.2561448327316251,0.24099674080679506,0.26967095683645126,0.2431407301337722,0.2158978734609201,0.29677385460049044,0.2415093105072152,0.29522437829167303,0.23801013558702297,0.24496400857716524,0.25939260498745675,0.24726939431290645,0.22754095772315347,0.2530571584827405,0.3171541091081532,0.2259229174779763,0.26715768380925503,0.23600540242949583,0.2216211858496965,0.2849967813241726,0.2780874716382384,0.2761097532625623,0.2488038149505151,0.24152307553555608,0.3049693761554551,0.23753457317222781,0.2644003832376047,0.18926686957410307,0.22362901175109354,0.2077057600521136,0.2301186148541756,0.23258474860821057,0.2414884126621666,0.2454941413433825,0.263928613618746,0.28026070493670097,0.23863820552278497,0.25644972820894013,0.2231429044169613,0.303344736415864,0.2657161162190604,0.2417680607750085,0.23153442434581673,0.2905180735397693,0.21337793278124306,0.21932355988004515,0.28416103834083656,0.24802119425792402,0.30987944419352187,0.23810623803978617,0.2577892171048393,0.2690535225103489,0.23402143919331408,0.24525882897093174,0.267348371493748,0.21929009995065543,0.2421146843029523,0.2450941700269662,0.27779169909946944,0.21842173290926328,0.2792127990398405,0.28401709651655604,0.18933945663104257,0.269796898738872,0.19389212752376958,0.27280417974968274,0.22673786941652324,0.2326163994387294,0.22340903778113397,0.31102231233279987,0.22871347105204334,0.24255189541803085,0.2540275651773334,0.34821435628417235,0.2742944569232977,0.30902442117669343,0.2548244893152191,0.22821141159525912,0.26371485103708875,0.25074910072119966,0.2248242936571087,0.27490008091143986,0.2746579463368907,0.29374066991763503,0.29042459972195167,0.2293414098718242,0.22179220498911292,0.2140298869078965,0.22248123687681803,0.2928265531181518,0.21371435367997288,0.3100398955267668,0.2196418153110916,0.215197688300463,0.3130906630558169,0.2570486971772791,0.2949895595190065,0.25278031908543064,0.20593291655274717,0.2092954419135019,0.24318550727176516,0.22025280026088423,0.23980684326967724,0.2601093573703885,0.2941435761543993,0.26308583065505764,0.24605957493214872,0.26063738121765345,0.2962372887325887,0.23723801783113171,0.26409932315844153,0.23597629748032983,0.2279563786326414,0.3020417844398076,0.41553341125917714,0.1855975918385327,0.22425356411872624,0.289601353905379,0.239469366806938,0.29422374031825343,0.2961396922294175,0.25836001706732414,0.23287222513229863,0.314136562353292,0.24411470696928791,0.2552565379030509,0.31328815092011403,0.2689353557826243,0.25482309985880275,0.243117116612215
0.30545528582390796,0.28266405617796164,0.3079008349435104,0.2985912339374656,0.2788836346184946,0.29593047906240266,0.26884148977202077,0.2661982296499046,0.25061108382210934,0.2563824207952255,0.0,0.34943283299057964,0.3207397788457891,0.2189371722370729,0.28192340650086595,0.36372920369144207,0.30378508332773924,0.27215946240640876,0.3036510430511651,0.26998893620046466,0.3285896787485744,0.3562357247712472,0.2646160209700105,0.30355077963815863,0.3470890599638775,0.2785804318540012,0.28044078608026224,0.2854939431276909,0.250238930060717,0.28155158104857236,0.2847705851704818,0.30049933061255385,0.26508347891594725,0.24271968003640446,0.25425788831286106,0.27908233106024055,0.3695809033296532,0.28290651895659247,0.3302808205480926,0.2854095336838618,0.25587191788331115,0.2906760777670293,0.2768688797541577,0.31780005609259937,0.2807358735338242,0.2527462294344211,0.19659715822804885,0.396813548267683,0.3104490766761912,0.24965849861815784,0.32623318173431776,0.2408680686531729,0.20418538857048338,0.35503987315178703,0.3513737899684754,0.22079430817446608,0.2946656020407776,0.3720332556177578,0.25522823691356455,0.2454369776133234,0.2898583114380214,0.18268723237510612,0.28667566630822205,0.20943468480072208,0.20665110045266377,0.24423618334820874,0.28781381554860597,0.26982089120408825,0.2820590435212539,0.2981930941616352,0.2878941268508629,0.21383796664619664,0.25829777313902536,0.34377201612751757,0.2975791460247766,0.22123128022871386,0.3219257577729207,0.29093150932777756,0.2338096591858348,0.20565819898798704,0.25229165410067744,0.2600080126373727,0.2888922389665077,0.2527295681649249,0.24801150811762634,0.2691612539616322,0.2869256551356279,0.2453933735952031,0.23784588322954656,0.248427960052493,0.3307226392278914,0.21753633798300834,0.3238798735350424,0.24406386426873802,0.2511766198509096,0.2967062266972035,0.2106590618462615,0.2212458942929789,0.18291059039085045,0.23314407182800703,0.24911244743274227,0.2654258238344033,0.24068405332199716,0.22810309664549897,0.2532458679496481,0.2422428252064747,0.2569900819630268,0.28616380156348004,0.2451695240026903,0.3394609411795913,0.36695480377905604,0.25302810733882436,0.26328947622546384,0.26755249184179797,0.2410885503585663,0.26462037049191334,0.23267796613263816,0.28114029355663683,0.2825486749826099,0.21398445290322224,0.25653376552868773,0.2157130412077568,0.23083527093181136,0.32425324327625643,0.21220263424994423,0.31993596170646044,0.1883385568243661,0.27519013180511814,0.25292061539740657,0.24619967919321104,0.22327692353459158,0.3024106125696472,0.2483685404722325,0.2496286079919127,0.3564508444740393,0.22051301092425765,0.25207154774745655,0.2485133818119944,0.315944997661258,0.3066738946957771,0.2687881655439087,0.25906633827464026,0.24337999252048143,0.2709754519817901,0.3475129178217096,0.2342076473702495,0.28476300595386855,0.2502860682687635,0.2718704888462911,0.18646469774433239,0.3281298230563174,0.23966342885196676,0.3545864132063061,0.2533424290637855,0.30175845895942205,0.31076499078364495,0.302151034517059,0.31299913135165947,0.24659353824300892,0.2468692755454707,0.21535536196907945,0.24657966812381454,0.211242665756388,0.36003418551757754
0.2583595152400525,0.3046591423224196,0.2786080434845419,0.2839198087293793,0.234067870898568,0.3065379787341557,0.28026676892370145,0.2753645666033332,0.25122852460268785,0.25905008848052624,0.34943283299057964,0.0,0.25262358923091943,0.18792862446933303,0.26601159311010075,0.29912151292482203,0.2786285357214833,0.22450494162104717,0.3478024196057858,0.25731536888434314,0.31848060083477625,0.28514422976020093,0.24960859983418976,0.27484796048134186,0.33361398137906145,0.24807897243401178,0.2614551659688518,0.24550043156802592,0.2537360245898427,0.28831847880107975,0.3018507511308752,0.2905272539629815,0.28793065187497013,0.27071592503226355,0.23366135426746212,0.27825550090311607,0.2949905175165915,0.2733472894672827,0.3581348432078345,0.266121082504316,0.2963388975396964,0.25262383418466033,0.2520743873820925,0.3121696748263252,0.2722838437739851,0.26318410312346896,0.22567936763004734,0.3051155599942261,0.2738388391996863,0.2568282340356307,0.31194934837406363,0.26996760888577453,0.2055665342988741,0.36218163977905504,0.3622165872565151,0.2280334334181913,0.2940121935699806,0.3719656903932171,0.21984150557359183,0.24838643896782386,0.24128069548179182,0.1853247918595659,0.2549832693317911,0.20487072646648688,0.20266596456332409,0.22565236271188596,0.24305041988618817,0.22178223992127466,0.22129540418857188,0.237910268771396,0.24362755573732808,0.2055432853512205,0.2234146346500986,0.2814853717888699,0.26986479262728424,0.2151432254208321,0.2636740594962497,0.29727558231032736,0.2398262845280649,0.1975491212957848,0.22943947197320352,0.2563710175141923,0.28400212435059,0.216874486747633,0.2637753332732035,0.290410884687812,0.23676379809995213,0.23873839609161226,0.2612385320610371,0.2607279801878528,0.2887891044982886,0.25747165620955637,0.30202783392948573,0.2439450683358058,0.23061474013981528,0.36816807750112723,0.2099324909007815,0.26692976908406646,0.182080681312676,0.2376610909204273,0.22423552870262228,0.23752947189999507,0.2603132956493185,0.29598515526869534,0.23885365919183588,0.2580727761472812,0.2729429248964067,0.2598131302784898,0.2542101257455488,0.30854964438908766,0.38782556944124624,0.2676691353776228,0.2393514483563988,0.26514925793490796,0.23915131252707394,0.26368630893825673,0.24304124133902633,0.28837323467743897,0.2825018203190314,0.20348184993684068,0.2363190335700765,0.22599109022070973,0.22018446386363433,0.3002014964295117,0.194838249083391,0.38361050037628475,0.1950239163789587,0.2750098868762154,0.29298971722733963,0.23636914159250047,0.22949734925389545,0.2604812300068579,0.2095176989249393,0.25033911726056174,0.28058787407136354,0.19546354367303206,0.26902805087491805,0.25109120333141205,0.2724921119427146,0.29724428816278736,0.23081660873592968,0.2373541074998819,0.26407470269841277,0.27054748980315246,0.31601944245864483,0.2778683503744223,0.3328866652883514,0.2487780433965164,0.30866341902619143,0.18933046510787058,0.2815701500724035,0.2550259385440975,0.28810577207708365,0.258498943503656,0.36429854511459075,0.244937769398909,0.25292008894276224,0.31311564596370434,0.22744009554140823,0.23826094641954657,0.1913737840549448,0.23302883950146458,0.2122273574422968,0.2755682984766658
