0,1,2,3,4,5,6,7,8,9,10,11,12,13,14,15,16,17,18,19,20,21,22,23,24,25,26,27,28,29,30,31,32,33,34,35,36,37,38,39,40,41,42,43,44,45,46,47,48,49,50,51,52,53,54,55,56,57,58,59,60,61,62,63,64,65,66,67,68,69,70,71,72,73,74,75,76,77,78,79,80,81,82,83,84,85,86,87,88,89,90,91,92,93,94,95,96,97,98,99,100,101,102,103,104,105,106,107,108,109,110,111,112,113,114,115,116,117,118,119,120,121,122,123,124,125,126,127,128,129,130,131,132,133,134,135,136,137,138,139,140,141,142,143,144,145,146,147,148,149,150,151,152,153,154,155,156,157,158,159,160,161,162,163
0.0,0.362800840008495,0.3130948970512189,0.3312564246714592,0.3168028641521432,0.34632465182262995,0.3547694115793274,0.3288573357492383,0.41667270087890723,0.3320339074118191,0.3774324442888438,0.323828980825855,0.47612712481386005,0.3481079525939366,0.4138929869793358,0.36396375831141653,0.3738065374113576,0.5260049375425648,0.3323008544122252,0.46989673925028214,0.3570170187755261,0.3714211882421402,0.35896653811618906,0.34413819612096297,0.4518760751704368,0.32712983926910016,0.32428983052742416,0.37547104779601537,0.2821137706490079,0.30356980890990254,0.40551087469570346,0.4215369811966569,0.3529448687232089,0.4207096536621356,0.45415629840496297,0.3762708491510395,0.4234465719571001,0.3913225364313658,0.30285589485808817,0.4214153567073632,0.32568343628473534,0.39003252543673855,0.3564860547330427,0.38916258107715274,0.4146182439901477,0.4913468867918772,0.2979898984340698,0.3334851700670729,0.43515563766113957,0.39810392618386375,0.3937820652739607,0.3516494440426358,0.31710856671005716,0.30783886792168047,0.35041877538518024,0.38587190172635244,0.44480793945499747,0.34843662480243537,0.34358591179014064,0.4268395611483222,0.3054698309418882,0.34553687576655073,0.33293075994302984,0.2992010339183218,0.3660654662327,0.39642049912939337,0.43261304239946746,0.3631086570750589,0.31680253146985266,0.37329597273514514,0.47934916557261387,0.345472134974509,0.3797781101738025,0.3884753616001278,0.373570243963871,0.3930009076349125,0.3054689193949063,0.31289604353228995,0.38579105560306093,0.27443562942341493,0.354725935292059,0.41949771753000115,0.34225751876567817,0.3552415523578514,0.40949269966261276,0.47907712142807996,0.3533178756164807,0.3595685795478038,0.42532154073402484,0.4096581224117289,0.4255947968495749,0.4155931134831101,0.38742657593566554,0.4002759487968066,0.3876842855046432,0.3345760747525166,0.25287216867239354,0.37532319201914993,0.31731924794767985,0.4599147149442058,0.3585650477845348,0.31148393562050797,0.3299028269107999,0.301452381162052,0.41871621503858303,0.41642128825598707,0.3291633300402088,0.3883987220205007,0.40843417403538523,0.3491233084353109,0.3545978083511728,0.44001904945343306,0.43097859949042205,0.3316049368378621,0.4523908098517471,0.4007372624126485,0.4006060334996885,0.3587602854677882,0.2922744373957269,0.3404563101000725,0.3667510276681365,0.28241514245630744,0.4170688106707003,0.4581897740079665,0.3427080267443462,0.3362170174489933,0.32759551919273044,0.32500749362692655,0.3522879603264802,0.3840488158349985,0.3207688717886438,0.31089394761277006,0.3156843507286128,0.3972403186545715,0.3393102238408504,0.34952394072326226,0.3518282352458607,0.4205066390658829,0.39677516564733584,0.4190139049176275,0.3010513032101407,0.37466662673883183,0.410303835542361,0.340200867934337,0.4010717216826822,0.41296177745429286,0.3495827370101323,0.3321412428885551,0.3899536185394065,0.28187316203230645,0.44070357057325754,0.320431243130973,0.35059517058571915,0.28299044338348633,0.4294727238314306,0.4679080596617056,0.37692544160618807,0.36990550570215147,0.3497905555179135,0.3803985729278274,0.3088362313952608,0.3935695743060906,0.2958952345003384,0.49620315821190003
0.362800840008495,0.0,0.3555455541727021,0.3370370677626936,0.27659614745317845,0.40067571591038664,0.3444689637449757,0.35987395534671845,0.3215544749103831,0.41980203966206875,0.34540319045115686,0.40394042736800073,0.3298766405731129,0.32011305290803677,0.3739848590244316,0.3029602892948131,0.3631233223750947,0.34199534956195177,0.36795255367475244,0.37815926096197106,0.36370613639666116,0.4506864703945544,0.34772912320672883,0.39386561452597496,0.4166527469067952,0.2511307650017301,0.27841854100998004,0.36243923193900224,0.3360929842906011,0.26348123756968567,0.3609285601946134,0.33261258071330607,0.3656966105142705,0.35208420721371725,0.3463151192593758,0.3538399096578062,0.30117253878775624,0.3083659776487639,0.3365148173230497,0.3757876660011519,0.37434365205723336,0.43761645912908403,0.26104016648996214,0.30993475741448906,0.37594689993928804,0.33448025175605395,0.28604023274070456,0.27942483218928393,0.35384789468384525,0.3228474252312081,0.32646477324852663,0.32385653819570964,0.35638796267738976,0.36437186832460183,0.3180910194011719,0.36839283831198333,0.35521833345982645,0.31702405470448564,0.34735945059493994,0.37309183831333864,0.32819610759615336,0.2537226483518519,0.29260396376753406,0.27862435343196146,0.32646530710020877,0.325091418693851,0.3246504190857924,0.28128342774038334,0.27004494345802266,0.3221258404214966,0.3139164844353194,0.2873772419057357,0.2960321437631121,0.3603982770395221,0.3934833695290877,0.30093334308844805,0.272119425751122,0.30721232838550167,0.29162426709956646,0.2345716218006852,0.32844748715973243,0.35055486573926187,0.34948839732615217,0.2909600354718819,0.3214237191435543,0.42700509634230066,0.27473603056249735,0.2534525700082322,0.30238400298937523,0.35531457701133945,0.2876479467693732,0.35577805765897824,0.3245706301051933,0.351377353772014,0.3480036942305979,0.3624143346289575,0.26508086180501295,0.3808494725606591,0.2629374312161766,0.3589823680102637,0.293952418141222,0.2620953974191505,0.24655753004920286,0.32559395452721424,0.29385827903073247,0.2996416322233673,0.3090327803741854,0.462287049393618,0.3512101410517485,0.4837155867503368,0.3535523194620243,0.2952399655746368,0.3204546645085182,0.2745698690850104,0.3284437614375936,0.42532154853281556,0.3621244451566637,0.284563776152176,0.3499004830631924,0.2844991430225899,0.28852402277494554,0.23921280351246,0.3551679094864272,0.36484390811640616,0.28402406342228426,0.3440866706875895,0.31124991615543157,0.3179163504878536,0.41079396754946307,0.2949227515159392,0.33979700699846244,0.31383859582639156,0.24114063783323017,0.3746107351402148,0.3584940172752094,0.303250500382593,0.3140484531831594,0.32770138696399537,0.35171142183946125,0.31452670387548315,0.28725243008747753,0.34228484823090016,0.42323659315348516,0.32046476001789775,0.33451424069310737,0.30625808248751246,0.36732621765005485,0.3249071884666385,0.4215036673952114,0.30475627294435736,0.3113963988735858,0.34136437486159377,0.3244365424801932,0.3332360609931924,0.38387591021077355,0.35226308848076027,0.3546994331514768,0.3549534975328306,0.2899674957835573,0.262595762051983,0.3222358661629387,0.32751712020902424,0.2796339043630366,0.3562810881721284
0.3130948970512189,0.3555455541727021,0.0,0.2992790245740423,0.2915502473391645,0.42612665040211495,0.27778406662633076,0.3141522063447969,0.27239282136354326,0.33208378792903787,0.37018760567820735,0.3830718768570034,0.3647685593330824,0.25299098891192795,0.33915231666270435,0.4201841279275158,0.3854124019407611,0.29709713199568333,0.2805183513578456,0.3003457570042695,0.3860822428161532,0.47521013856972827,0.254999000506193,0.3409916558736657,0.30952247231684155,0.3218363190167535,0.2626162340955118,0.30524705450389983,0.2761348024862871,0.2802973497704126,0.2865022707857305,0.35536578637089494,0.31508645501041616,0.3036071814791159,0.2590593365974682,0.32266747300613,0.3134669633916188,0.28887482721509045,0.3278573645989289,0.3267558899380106,0.31087774776941746,0.34376598255198015,0.2920647180987747,0.3074225107496867,0.3463627118425787,0.33458941187295843,0.29547587713132295,0.33699964714078534,0.28449401750268566,0.32185353415527795,0.3480238267854814,0.3524326050379787,0.24859062897555848,0.34030681045104794,0.3218050125923288,0.269854526961899,0.3082726415111168,0.3729441992159726,0.2637553845995646,0.31947155302930313,0.29165682279978333,0.27285020961677753,0.346469588739246,0.24073619173143118,0.2648479844317687,0.302982408476621,0.30099208376494524,0.3358819437203154,0.27823919070226205,0.2855838625392818,0.3530300937850231,0.22990635672633852,0.2758305905000991,0.4162169488889519,0.3729988996290859,0.23210960661926902,0.3317702608286786,0.3165615678161961,0.2709939039834058,0.2309194520935469,0.3067579607509078,0.3151195528338292,0.3281095373652564,0.2862180738794173,0.2799564759852785,0.36591925623576116,0.25023985278199595,0.23892768884292703,0.2897964016081779,0.2795856064392616,0.31557884058780983,0.26741720905941135,0.3142665214737284,0.260796327949102,0.2808861268437697,0.3029209410733658,0.2455599920210507,0.3000567752909633,0.2218366011593534,0.3219741119169463,0.23447847898400967,0.26825874935469407,0.2297137071919016,0.27856835977838135,0.2866354893737738,0.39441745742539247,0.327720413456197,0.2961855750076868,0.31530622293729094,0.3759142180551392,0.3227355597403612,0.2656115181285147,0.2953423082551759,0.2559872706734655,0.28675025811705834,0.37051608068244224,0.25847503458865734,0.31128026203411235,0.3335189798216339,0.2535985000597196,0.2976113340253832,0.22824615911291432,0.27358425210490017,0.35138467234378745,0.21435298310387887,0.35693393987134076,0.2826538020877327,0.34757890453712353,0.3490263470168013,0.27761316814374964,0.2668130554919046,0.4252373816530116,0.2199171687182877,0.2767411980471612,0.30801621492507747,0.2519841820183686,0.2704919887053308,0.2729738264799008,0.3086979539139929,0.282369172790401,0.2397708096251144,0.30160697362017386,0.30226694309041263,0.30303554862746857,0.3002047152805489,0.25607693707306756,0.4027278881657141,0.31611055835518204,0.341393659361603,0.2616582528753303,0.2601659560679905,0.23259990998296984,0.2830502692217519,0.32149971674376226,0.3362243110602443,0.29881755801919513,0.33165185518977636,0.3741210537633286,0.21289781919673997,0.2702856398119472,0.26836367252581983,0.22486172643529315,0.2324673098591809,0.32082881083643605
0.3312564246714592,0.3370370677626936,0.2992790245740423,0.0,0.2490120548526441,0.33669253990014014,0.30551870033270456,0.31503207426058316,0.2841576382182629,0.2813887157640136,0.34062200551103866,0.3223346874761051,0.3273854110193123,0.32062948601882235,0.37721524590115746,0.29731839214166084,0.3662996747256628,0.3592242908151422,0.3564100020926849,0.3404178949232187,0.3671953967622758,0.32669565327052014,0.2972785852705319,0.28722872260512033,0.32036220704658835,0.30827386528090206,0.30216477527900865,0.3772417360967852,0.2667386701321838,0.2294005533636551,0.3235456081436061,0.3291840545113009,0.50163682071115,0.3729986486548311,0.33639481126050824,0.39197600098883995,0.2895017608413011,0.35538022046927853,0.34371296797866996,0.3620791338266535,0.38073054339214835,0.3077768937797737,0.3030609729926748,0.3342223943004955,0.3552162678790858,0.37922620996563816,0.22238802585962203,0.2787125232822947,0.30958009753051413,0.3824246332458734,0.4411088349827981,0.3762193077621714,0.3629873137485559,0.4235340481019481,0.3481245896566363,0.26760790290587577,0.41806686977574914,0.32403400687349676,0.3363329221695488,0.442484651882397,0.3805746169153375,0.32208988608117106,0.3712584168918465,0.26297628459297334,0.3768380140306049,0.42174696013914864,0.39619322639957805,0.2603220547945139,0.3165145697692003,0.31530736122499137,0.3284882066046615,0.29445756123354266,0.3422265162494539,0.46252102212289653,0.43429486012712426,0.2850457950681959,0.3446939058543255,0.2741741583635024,0.3524108697609707,0.22505453974213652,0.29805021310876895,0.42977625772293077,0.2556753599183754,0.33539155465118786,0.3897591654532558,0.35297774849512503,0.3083315939476225,0.3341638685153569,0.3421304972055216,0.2962129663900917,0.3383446068731297,0.3435844569576803,0.32120758673289895,0.3613667259511681,0.3717605148764136,0.2749830482410294,0.30139437087809057,0.3278884522149021,0.272254987866025,0.40308597502845994,0.3045562530644281,0.31050545327962426,0.34639030309654995,0.28656563400997137,0.3898629219513681,0.3202908134718348,0.4038426564730062,0.2925059072182223,0.33677107877573,0.2841776292997157,0.383895175297162,0.3411215067585143,0.4098228867281732,0.3425043464545813,0.38926767999015804,0.32486981410760135,0.3446584821884271,0.26202539888901905,0.3377577974071941,0.31498603860373137,0.2950756587973367,0.3196927079399811,0.32294075835987696,0.3302614371820427,0.26270596205168567,0.31071673611339445,0.37507639231899925,0.2825596170111267,0.37335953447444464,0.3440144174881594,0.25860481882342806,0.3567512900269446,0.29524961706241526,0.39427657380064407,0.34762353710025756,0.2690309632568168,0.2244832050283976,0.33814256497297,0.3320030416653642,0.33935609331474775,0.36872365563649423,0.3106571858327666,0.4172628601958269,0.36212224532507553,0.3139173036961849,0.29227484013044913,0.3130332708588819,0.2922732959579409,0.27860260852516955,0.2625893867742606,0.37684779086828635,0.32090875891121956,0.3449896443450593,0.24227830942556094,0.35359635922068455,0.33642085539460415,0.321813794400748,0.298797941639052,0.3537063399365297,0.3095194806305867,0.3100321426305422,0.3003974841455055,0.29240439886920777,0.32801199747612014
0.3168028641521432,0.27659614745317845,0.2915502473391645,0.2490120548526441,0.0,0.26522375418290817,0.3522454872110556,0.23675610094740246,0.2628734423665602,0.27603807223814075,0.29689236997930024,0.262586451887193,0.29202021080250246,0.2838737374912,0.33017661312185664,0.33390894521059217,0.3234527316838708,0.3327541659536851,0.23911720845498793,0.27482184852125513,0.31386052773816486,0.2955331249583372,0.31187667179985107,0.30705806938462404,0.28780318762290513,0.30103455966074777,0.2581434344030939,0.25547124590053966,0.26189455928200633,0.3035049924217493,0.29733209313629916,0.2891195131499886,0.28042429757244214,0.2773258814664784,0.3462271279529594,0.3015882617441937,0.295624749394811,0.29155117296877975,0.27041190049833275,0.3237162874684156,0.3103693043471715,0.3139748778042857,0.3115310901166777,0.3571073264007826,0.2664268821298042,0.3036582561134596,0.35292182870786964,0.3274685294754473,0.3431451837110218,0.3021034300999684,0.31088776203553115,0.29677997242416093,0.2581088931283345,0.25385025364416397,0.27803367897519393,0.2744796747677517,0.2727444172298888,0.32839946913110435,0.2726593533532008,0.2910594787947305,0.21186120326732236,0.27247046237570394,0.2724630156663581,0.2738532127503558,0.2723794849376215,0.23606859133554406,0.2600948969923713,0.3015408013188993,0.25617750785180565,0.27201436345653335,0.3142226640816015,0.2808972349434663,0.23826700681153357,0.29095121364007065,0.2582706883627803,0.26367084598534984,0.26770535010305657,0.44037581398365033,0.2690765241465646,0.266132630104767,0.31389411089062347,0.2795213235982576,0.33373556322441505,0.24663233109577734,0.2773402878614513,0.2881735712116399,0.24753822276834336,0.26188869183034275,0.2719759102854946,0.24688920746084184,0.3986871721446282,0.3287122267389325,0.360297743146256,0.24095025945108461,0.2876476029562729,0.26256669522851067,0.19672557414213518,0.28285318682244326,0.27069767704251535,0.27373227075936657,0.26188277992033,0.23283647801083635,0.2587608052195546,0.25559817429981946,0.2718213540801055,0.32904448844357764,0.2519923181747773,0.30584256584073805,0.38319122436819375,0.2875297269797826,0.2857476060046042,0.306145251541934,0.259273698159318,0.2657248903500845,0.28830901515953095,0.3002536702115876,0.282855231944153,0.2857973389411546,0.25870498628977573,0.2762054501774059,0.3927535790155526,0.23408239128852054,0.2643764015113638,0.3783587838510769,0.26184662603710607,0.28312204520163314,0.25437306417935346,0.29856196321263134,0.2785390272730572,0.29263095974052905,0.26654915375968224,0.2769233351325728,0.21330012116609845,0.2664053660975955,0.23858032907315255,0.3092748515351021,0.285299047332273,0.3696336731375115,0.2934733963096175,0.31901331416568174,0.23323374356515553,0.31524608066482923,0.30521354419712304,0.270900490303953,0.31814972379980555,0.28519986141955483,0.3148171487944784,0.325007830364752,0.28859922404267113,0.24936189682950297,0.2544766448875521,0.27513229482087714,0.2644433134044702,0.3079305513499903,0.3180345272176056,0.2852066482672165,0.2472873359143311,0.3474353185031881,0.26344815564302604,0.2715085835888444,0.26739598996631686,0.2726795416267868,0.2605254665057099,0.340927645864378
0.34632465182262995,0.40067571591038664,0.42612665040211495,0.33669253990014014,0.26522375418290817,0.0,0.30353772929633316,0.3349741757815205,0.29432912999054467,0.3009167178671832,0.4158662398912966,0.4453386779641608,0.39077540772114644,0.2462448942519548,0.3808128989295331,0.3781598850084444,0.3761040081266557,0.2790209776528641,0.34603241098276,0.3394995741286519,0.4014782642910692,0.4541855627027895,0.25207811393833773,0.343844579246975,0.36886714014008243,0.2828213782675324,0.2532999474254942,0.32388895014635066,0.27607280419389957,0.27711718865537244,0.33474818830240777,0.37643056836036437,0.3763257994036547,0.320569311792667,0.2829009080629373,0.3158794423932478,0.344382292892897,0.28484708138305276,0.3430055478263165,0.30725372791967276,0.335803872796898,0.3723611357020774,0.2967581923360721,0.3656654159388034,0.33072058205971755,0.32470389601998223,0.25852750192541557,0.3309376830652062,0.2735842721459692,0.3182974576212551,0.3643308100395958,0.37615431458781423,0.26504459282631443,0.3784962933099611,0.30528421558054597,0.30724701443930874,0.3306830694705278,0.43783528873199645,0.2540148546342383,0.3072522375435886,0.34803077362844276,0.2790048854939452,0.37426396006227464,0.2234261712322664,0.27788042519265455,0.3205231389047751,0.3192905895299087,0.33294508110638604,0.2553191877055952,0.3107696518272025,0.356814059218489,0.22540736964452246,0.2909474822232658,0.39127618059609637,0.40842454793788063,0.25336214914100863,0.32244934316875645,0.28771965355467954,0.27681157823268326,0.2587954740736277,0.3650094811015477,0.33891579959094303,0.32963111160743086,0.3048031557162672,0.29266000438439776,0.3553790162125806,0.30177414124703184,0.24447487886858835,0.3031789790367014,0.30702390740641866,0.3271166900923968,0.3141587212562786,0.3185673743923719,0.2930533938914843,0.2743285761438147,0.3613286683685298,0.2621795473020068,0.3356741238159241,0.22055924436308044,0.32213858684866437,0.25568385856439435,0.2720653615656236,0.2527871979101219,0.2802726073960949,0.29134738536281585,0.3735487929993967,0.3463078998863893,0.3392079728440761,0.29968983600213517,0.4267232751959966,0.38260555386928025,0.2619755258019367,0.3581596804848303,0.2760870798720976,0.2970208798200208,0.3901793037698054,0.30074361276748074,0.2711305707331604,0.3949474129209366,0.26122171723103843,0.27753172260110753,0.25233119749133065,0.3090807744100192,0.38045642779034233,0.2482384382720047,0.3697973351292258,0.2928677324705894,0.32618617099623265,0.3383635667211666,0.258432753791781,0.28455203435673526,0.4396452287970678,0.2471611570780635,0.3208201296922219,0.3513565238335329,0.2734835629706572,0.30384586949746417,0.27030005337511165,0.2953471916838028,0.301865461197072,0.28767342912771277,0.3196748894382729,0.31065845143624327,0.2960725556910978,0.3243944655723605,0.278348603164131,0.4140745719084646,0.34114963962114897,0.32324430798636866,0.2656510496310674,0.3071975744298827,0.2698920570016739,0.2818611221805863,0.29059026109678504,0.4138724986993121,0.3424953239602613,0.377143074250121,0.4161916331915408,0.2503219723219916,0.280978456347509,0.26084585430943164,0.2728144208127831,0.2420770559618137,0.362090777557863
0.3547694115793274,0.3444689637449757,0.27778406662633076,0.30551870033270456,0.3522454872110556,0.30353772929633316,0.0,0.2614965600822142,0.28406854529024333,0.32946313656419857,0.31596655523688105,0.3411740300214782,0.35284136335380556,0.3279717670252596,0.4097388738792927,0.30807622954679464,0.333200125789796,0.36139453827261264,0.29134987513651994,0.28504954371482194,0.3072074380022861,0.32767181970411996,0.44921039468328117,0.34028218541033406,0.3576323287007596,0.30359100168760456,0.30687921025535153,0.29743153801771627,0.32735928988624174,0.310642880682905,0.3380826577442541,0.35298108333656675,0.35029444217372957,0.35852095725051847,0.3428790012922508,0.3054312085811741,0.35516908452487206,0.2987943818183715,0.2909453855743249,0.4149860656975201,0.3561276532046404,0.3711039918274444,0.32379136881731035,0.36187930515668526,0.3280860930572661,0.347441580722892,0.3616280285761669,0.2851223504426298,0.4621687517143457,0.30064008821864724,0.35937441877441934,0.3059408155097104,0.2831837877822346,0.2999086263022869,0.3389066521270557,0.3388864733638255,0.30408343545650457,0.32144808382369766,0.34629573612888254,0.3210379604685981,0.23096230513593585,0.290169032952192,0.27198826389548975,0.30239413558767847,0.279330377553384,0.253685872113533,0.3102267064593678,0.3339391779789728,0.27908840171937976,0.28584206492938474,0.3376262873374225,0.2958175800171901,0.25762957723204094,0.3423658151017427,0.2617678314173305,0.31893372951846344,0.3267767808344154,0.3770510385055743,0.2866665105656262,0.26164854881227906,0.3330216683565056,0.29617711405383707,0.3433531896570023,0.25653016471329476,0.2919648981379086,0.3306594668436675,0.2598217800346522,0.3003740762023039,0.3250990030238393,0.2870203763012709,0.3844443292925872,0.42563992247814597,0.3777460741934821,0.2831502032921142,0.3120349560607684,0.3320259093993049,0.20857194207921725,0.3734472408383174,0.2971122249363779,0.33537751034306523,0.2930026046680467,0.2628512692578226,0.30299844140294435,0.3040325741391153,0.2810599371108208,0.3494967165350211,0.2652051617681119,0.35974239715732487,0.4461212773960102,0.33461179915314215,0.376008107098932,0.31257706943472985,0.28897202278244927,0.2721146736149426,0.31523748142174357,0.3447327646260432,0.3418177199738942,0.32593106755141776,0.3026589843916305,0.2888999829288894,0.33104326547200325,0.24658489944332634,0.2942834553168437,0.4191695044552799,0.2744400081690103,0.35175237770263434,0.273505436475064,0.3352570174509248,0.3068916427006409,0.31975412091479793,0.2900371928953289,0.2606724922136015,0.2356172090513398,0.27685682364281683,0.2402630355124682,0.32453696768419293,0.31656938196706796,0.38951649172582636,0.3225638045157768,0.3396829923249309,0.2788504686290213,0.3303583459186254,0.345088164145501,0.2756215078795824,0.33958255055381,0.36872621757036234,0.3185667197450194,0.3620721497636709,0.3229785556888522,0.26324929793625473,0.27945033704106625,0.3380755363122078,0.27666617022207446,0.3658674118431559,0.3865185112471341,0.32776116624328944,0.32283509231091984,0.37444993685069017,0.331223999202117,0.33729706615899263,0.3125178632220195,0.3125524397077789,0.2845885264851316,0.34276689036895586
0.3288573357492383,0.35987395534671845,0.3141522063447969,0.31503207426058316,0.23675610094740246,0.3349741757815205,0.2614965600822142,0.0,0.3546527636626013,0.320639295843983,0.31624757275501936,0.32644507519578014,0.35401642783790677,0.2731218052628028,0.3505864548205791,0.3227546168564758,0.31091789708971307,0.3188952264569027,0.2960926466641569,0.3347382684801115,0.3094063156760103,0.31434076238655706,0.2828659649304756,0.27115927860190875,0.35158001233296887,0.2651776001077756,0.3186813374045007,0.33502841268987643,0.23113985434269968,0.259942137054035,0.42456141385657786,0.3320073157972353,0.33677427943630484,0.34037146586208217,0.303582567824668,0.3508813690126779,0.3198429544499067,0.33379660130296396,0.31281341037362687,0.30287312271298844,0.29199408764146007,0.33049244886349793,0.30540570395094696,0.2696686785445608,0.4691548460974808,0.3439332382863115,0.24694662138700207,0.26417600649943807,0.29122299779370336,0.2981064484755199,0.3040042122463076,0.26538090511200063,0.26816659909049145,0.28125517464334104,0.30186280778820607,0.2975036380493437,0.2988634931666129,0.381605027220483,0.3016619021125926,0.3207314173070247,0.40822826983623217,0.27071705963946846,0.31720059065569184,0.2625562780411713,0.26944520453987003,0.30441323730195263,0.3451688838001387,0.2804779889525239,0.30956576352524295,0.4853728516796798,0.31803736677920136,0.2635789037981417,0.28839564126891,0.34358322460247215,0.40466050233411316,0.26920936306993004,0.3271541006037632,0.2563884570006354,0.35191221149833374,0.20346807868564637,0.2833414295005182,0.32857704278017524,0.30224841314825335,0.34928919877347486,0.3210893181105278,0.425595937974263,0.42603341472383793,0.2818158755783896,0.36762495647835025,0.3391023854299017,0.27878335615703786,0.32355117399007044,0.2862470595496058,0.2668224668405341,0.31211608376243505,0.3010231620244666,0.30406579827500635,0.3553677984567887,0.24248202640201494,0.37190906981097355,0.2744178247120743,0.3802052295382598,0.26879371717153394,0.3009220536820595,0.3543095471408192,0.3367322166033741,0.31713273587111784,0.36891765040876306,0.29603658039606334,0.2996530372333442,0.2719961480418058,0.2878298198568629,0.3290692459551527,0.31941798041132086,0.31897525960209894,0.3370688543995511,0.32258342170005705,0.2607845699580577,0.2545823297847915,0.2870297553155149,0.25596359748989217,0.3598137434378653,0.27797195764088173,0.3118487252027207,0.24761908431797366,0.29668742067193543,0.2777015526373712,0.39200451989776575,0.3290914089462133,0.28227847239497694,0.34087913908186157,0.31222525520130295,0.3010313517639989,0.29988179350537447,0.3162401324713544,0.2418746754500859,0.2709296157895033,0.2787011140876006,0.3485994437900558,0.3350659160391338,0.2914574763636964,0.28777982392443474,0.32698466846978996,0.31976099607760505,0.30126883224411016,0.2938536527943326,0.34344347655162977,0.3043526790690595,0.3385315100296673,0.26687975819090315,0.36682933631732245,0.2909182593000256,0.2785937855562686,0.27216036073966055,0.3836181564566967,0.3975333175640241,0.29857934780960793,0.3334972920178921,0.24252915478273657,0.25688441512271165,0.27654438759025557,0.27643974643465447,0.27455911861247373,0.29793221522811275
0.41667270087890723,0.3215544749103831,0.27239282136354326,0.2841576382182629,0.2628734423665602,0.29432912999054467,0.28406854529024333,0.3546527636626013,0.0,0.29368720345830646,0.2771039668029781,0.302384525504027,0.3222713245769539,0.34225482734903884,0.34065301526049124,0.29466780626731615,0.28110120285872947,0.393100039003515,0.27350698120683203,0.35974005726197467,0.27948536254536155,0.3295658091763547,0.28786518005786677,0.265115667297194,0.339114956743866,0.2725943721874643,0.34333491670673855,0.3101615123280534,0.23155587057779384,0.3274464841082677,0.43043401567658524,0.33375065339563453,0.30705358086966533,0.31276757611943357,0.3711464330570234,0.3167435449347858,0.2989895730958182,0.3852143191908544,0.2764284983256728,0.2942722571146814,0.27498744199074204,0.364467652129734,0.2924668941189123,0.2897477163559091,0.36702196183052915,0.3510828856156568,0.27362406833135483,0.25384817066954307,0.30629746125998947,0.31550717581922555,0.2957036790360512,0.27277428702945145,0.29151281740278445,0.25663613896529874,0.27796484287720746,0.38517310596694615,0.32340483340938847,0.30275412505273797,0.3070468116384297,0.3139983633062992,0.2660545092459909,0.3234937008158957,0.2775223990289871,0.29528885390807025,0.3234754598904327,0.3159981922643847,0.372937656205288,0.3164606321358969,0.3008050692610409,0.34652866280471856,0.37989303698923504,0.3270081509621466,0.3354451821870975,0.2989440233817543,0.3476264661417858,0.3221250861044301,0.2553075853511023,0.2500158307647702,0.35450068846653515,0.2330495297050531,0.2974036639194406,0.39604876413019446,0.36255284252824493,0.3152774680519156,0.34393954423726536,0.44110281202255336,0.3186682133746806,0.34828830101681774,0.3861086278655555,0.4885261163539499,0.329996041994414,0.40475536484388863,0.29392533154083406,0.2947707255241941,0.3572461565917904,0.3242690350852015,0.2845448449925169,0.35489318358732397,0.33586086454574,0.35313891097578043,0.32818964504336195,0.25888261502177645,0.32221759190932364,0.2938542686460236,0.40205395734569704,0.3452742780660075,0.26474707298408234,0.3426644407855426,0.3072697378417146,0.2687213775529297,0.2549756157614736,0.3722021265251875,0.33823588758457823,0.3759720851151145,0.35496502245168554,0.33794406085790024,0.33892561198588805,0.2793841107636381,0.22347815012682334,0.3474521347659426,0.31313640256065634,0.2923103193994006,0.3042332023681725,0.3401667853337145,0.3683955298376286,0.2803980709857112,0.30163180696207575,0.3120798602424078,0.27791755997023854,0.32665626361051925,0.44415553561507853,0.2971891333933308,0.30613985275697525,0.3810566316852963,0.29132938600397695,0.2952177434059272,0.31715732596154034,0.31334401725727695,0.3610876285225022,0.36969647092226454,0.3034830709242555,0.31229623125301437,0.34474132816182484,0.34532887681037133,0.3182571877607848,0.34915629350797434,0.3907856967832159,0.2944314200521845,0.3365169099734671,0.2727766678115456,0.3788743551211204,0.2987476976179239,0.2769946283812594,0.2909363903961368,0.3471559163057986,0.40637823226275716,0.2971236680649946,0.329041043303057,0.30442573616536467,0.28967488416230697,0.2696088969487026,0.35009498577042536,0.33791588945800766,0.34516745791107556
0.3320339074118191,0.41980203966206875,0.33208378792903787,0.2813887157640136,0.27603807223814075,0.3009167178671832,0.32946313656419857,0.320639295843983,0.29368720345830646,0.0,0.28391867768626855,0.30518407608337506,0.33579988827940993,0.3411223803202197,0.31038384011690945,0.31504936797399835,0.31530795967473507,0.3742699832821187,0.2710636344547606,0.29479498516037933,0.27761977587734626,0.30313323410835685,0.3996845981688575,0.2780154111201013,0.4702230197757807,0.2724713357394577,0.33689327966534965,0.31203226749921276,0.3942352833809924,0.27980140849569096,0.3638655753965689,0.34321855217520286,0.2773527193290329,0.33237810563546016,0.3378794162135391,0.3140710930445768,0.33708882644264515,0.3225049687065806,0.25098545446523435,0.3270825553904472,0.27369944800098733,0.34864638333984455,0.2823910294948008,0.28132622711649324,0.3455305886871589,0.31101460672897496,0.3060522857274911,0.27777866669133006,0.39271024889700323,0.2583830919432088,0.2724598206376863,0.25801633004713365,0.2645178980109193,0.2734875683882891,0.32356466417031393,0.3667703719388761,0.2682989820793404,0.28434376606594775,0.31836584885296454,0.3009959790094655,0.271025476148478,0.2697850002317964,0.24099046400617047,0.2897887041941007,0.2631116753475533,0.2632719390821818,0.2990306575724632,0.301745151696069,0.31706884739816793,0.3526764832217562,0.2744578258277575,0.3321030947580769,0.2597039691819672,0.29922273466562566,0.3075256201124952,0.3436985179310791,0.255689749831365,0.35076206057637055,0.2812055792183272,0.2529095904052558,0.3154550276116541,0.27702031384546616,0.34581114386215167,0.3240918970658899,0.29926481674119043,0.3487049439939196,0.2913855833696159,0.29562260759510495,0.3833055803542799,0.29753861409624516,0.29040001218329364,0.3374303592604533,0.3126460398837645,0.259199064640918,0.3107456824201485,0.3732229680778881,0.211464212630257,0.37721029217757207,0.2904436536275733,0.3441008698328138,0.316035232582583,0.2619462566719758,0.2771724233710329,0.39854190531128775,0.2780482477428884,0.3051237233232926,0.2674671908834707,0.4718805689782783,0.3405766936307521,0.32810133594211893,0.2737459247839878,0.28895460450855615,0.3043708323763538,0.3265989236006608,0.3029713719461704,0.33077789167914,0.3502906907066791,0.36204200569146927,0.2876580544472148,0.34393203397389166,0.2666259845062008,0.26911741145926305,0.2824973614714088,0.32930153861223593,0.2695928348577933,0.37539083661079736,0.2725720295025723,0.295173557389217,0.3877814777696984,0.32392104381463493,0.40135718438305856,0.25508545938374755,0.26781285091172674,0.2693113254164236,0.26251666075047236,0.2667695086024998,0.3230709886993148,0.3460593706796198,0.35641519341663574,0.31349870800478863,0.2961293607968335,0.3605020528838505,0.33274927464304227,0.2739961997005807,0.34275140448803576,0.35284785024723814,0.26558516654959946,0.36906080607581454,0.5269603890660469,0.29520617295289453,0.2647874504006452,0.35823117314815384,0.25187634184513,0.3253909122374632,0.3547432894078029,0.32575485265667153,0.2636662953767008,0.3533155104253413,0.2974525728385118,0.3060216317187627,0.39099460821743737,0.3413403967251974,0.3140280443925487,0.2811484429989601
0.3774324442888438,0.34540319045115686,0.37018760567820735,0.34062200551103866,0.29689236997930024,0.4158662398912966,0.31596655523688105,0.31624757275501936,0.2771039668029781,0.28391867768626855,0.0,0.3854644674569523,0.41962352063053177,0.2906805861666142,0.3905082722719074,0.45802943012075453,0.4153407930373462,0.34112501975624404,0.33922228626167156,0.34133747416008436,0.40202164321712125,0.4143458233444918,0.27994802254374984,0.3499945472954962,0.3627358607089218,0.3631335415788404,0.2795156236532757,0.3516819955984603,0.33393506952733965,0.2882243898600904,0.3411958770188379,0.4132840552845238,0.37290876837107323,0.3302142725934235,0.3327023809053823,0.39366404188685167,0.39355259049431657,0.34645316594711073,0.42477997239755966,0.36777093489821244,0.35687934409384897,0.31999633770204183,0.374841572603988,0.42596925974109096,0.3632334386666971,0.357920037068031,0.24906449069772307,0.4639134751892574,0.3455784291869315,0.33945043112157086,0.4335486437963079,0.3399255991594266,0.27494943710207587,0.4028709370690618,0.4515908954898098,0.2639386036834078,0.3766997743193888,0.44379916549991444,0.3155423808284922,0.35914101699698187,0.35860801258440905,0.28610126728520013,0.3996966471180676,0.2632400845123667,0.2758021825690348,0.32498190399067695,0.35915948526949665,0.33238711523817926,0.318246898120542,0.3292244112936604,0.4053666247409582,0.2665620675153517,0.3036274745261505,0.42575667778845594,0.39115722347263837,0.2906791317170829,0.4262061619737946,0.3178183606561175,0.33210471201510067,0.2667979706989271,0.3594058878074413,0.30841152335898503,0.31918245855544514,0.3525633848713202,0.31614999765978374,0.3480868024228909,0.3202992464010264,0.29030060371313376,0.3041993070660218,0.2949287908796179,0.40192759792030014,0.27852721395856483,0.44035310631439234,0.3307690554311844,0.30896942763282254,0.3253319671848679,0.26286533108449545,0.27870769400667555,0.24096779782575356,0.3259327879931196,0.31854849264081997,0.33064067811653164,0.26664893446984145,0.2604905306057677,0.34321121263631527,0.34824302141662133,0.3410371969409774,0.311162701164905,0.3414854611768775,0.37997563654553074,0.4133021105194199,0.30580049091599426,0.363835337321408,0.2974078512508036,0.3652763397960822,0.3489315794098185,0.3176195821597233,0.3366939219840596,0.35149999324177256,0.2705801411152951,0.34557488574740336,0.26145415348993817,0.32258466688354387,0.42596069200789294,0.2634118291961134,0.4269142738081732,0.26503524361024994,0.3710685280436419,0.37679377717221857,0.31019766029092255,0.2503037976972362,0.4002711965336848,0.3006696578110324,0.32537328044812697,0.3980815655464744,0.30902475556810793,0.31588298284765065,0.3271420465934535,0.3473573897907111,0.3551328902659889,0.3207283781124656,0.3553403306875033,0.2947395984204544,0.3169268489100441,0.40850835748788467,0.26554717296142055,0.34530434161859225,0.3374539140786974,0.3088498294478372,0.28136014498951756,0.4046712657410803,0.2966323513130817,0.34570681294889893,0.28932444223063064,0.362085560446978,0.3666779100775386,0.36434802034450287,0.3597714362853547,0.29428872784588667,0.32000254293355,0.28002801007995304,0.30511853178566484,0.24585795358041024,0.44246980345044895
0.323828980825855,0.40394042736800073,0.3830718768570034,0.3223346874761051,0.262586451887193,0.4453386779641608,0.3411740300214782,0.32644507519578014,0.302384525504027,0.30518407608337506,0.3854644674569523,0.0,0.31042061698551066,0.2256757771481789,0.38074103232997875,0.3356232080690013,0.353643536535191,0.2855387174130278,0.39407080191727434,0.3166113885525987,0.3804271837036637,0.41184773807989866,0.2818983195120976,0.356334287890308,0.3665734224416477,0.2611051701377012,0.273198319996978,0.30437071483239436,0.28534410203490024,0.32270538622948325,0.34453778328376894,0.34814485224311303,0.35957425429383005,0.3376288940154008,0.2687489050502572,0.32631801038865776,0.3128219848513293,0.29233619552587375,0.39934702992869947,0.317655430311543,0.3566836226861143,0.34764210545828433,0.3050334340689694,0.3298041086072666,0.3241888762078126,0.3387004624857099,0.28074128372980933,0.3034412813824194,0.2994095542809836,0.32100085768105147,0.3826131690427355,0.33721670298616335,0.26112652110718904,0.3696860915679719,0.358376260519642,0.2739995473450196,0.3558532690693915,0.41006979858364223,0.2566238723551598,0.33016436961681805,0.2716535263211757,0.2497958870046249,0.3292925646270913,0.23059647744004,0.26826786070869363,0.29022968583949926,0.2688988509972774,0.27981477023529,0.24990283117531856,0.2819269990691454,0.3134774209709119,0.2249653628670375,0.24938644491294729,0.36082911571353377,0.34632850647942454,0.24813517510769373,0.3029036187017319,0.28855730524184886,0.2802472800870347,0.2187538710696903,0.2913347190681449,0.3234995177136719,0.3393390197370278,0.2552458595454497,0.2822049211849283,0.3591935426129158,0.24802152856178258,0.24861025589264485,0.3052218467624362,0.30700267879749227,0.32570397070443097,0.30827680587008766,0.3455361962150887,0.2956209011537449,0.2615752806938635,0.3798949238224674,0.24088175523626137,0.3136598165152313,0.21570565319036597,0.3031259732134628,0.2446896446772423,0.27314873184339455,0.2597971234016641,0.3248965453833688,0.28052929056723025,0.33330438074515184,0.3194555726897224,0.30929679052738446,0.3072977070831833,0.40238494777595685,0.421203312927655,0.27249408996446867,0.2770715849889182,0.2648300854305021,0.296401677341301,0.380084142395669,0.2839290621397041,0.32765203477619476,0.3277672645427574,0.23886577572035192,0.2716608255695905,0.23563749693439034,0.26613340865578966,0.36751489736267134,0.21521310714422084,0.4122982551870747,0.2583010157768193,0.3634627886855962,0.34347167563256964,0.2564526854973197,0.275617396145444,0.3294817129238152,0.22424630689884217,0.3016498034690804,0.31269313230919793,0.24570605402231807,0.32604805577593127,0.28033895328590497,0.30062085994383014,0.3283603487302266,0.2549806234203161,0.28303453823011504,0.3120268599887114,0.28861625823440684,0.30703409352096067,0.29309561458150535,0.44921838230669997,0.31903014198673685,0.3356407137425885,0.2563609258785322,0.3060048597426558,0.2773925296791738,0.314753477854781,0.30819706768890276,0.42244498269205855,0.29702788169032346,0.34953970630857856,0.3799877205957669,0.2359711680177231,0.26692327638870506,0.23101191462134812,0.2501283821403239,0.23032798210600494,0.3503459317381351
