0,1,2,3,4,5,6,7,8,9,10,11,12,13,14,15,16,17,18,19,20,21,22,23,24,25,26,27,28,29,30,31,32,33,34,35,36,37,38,39,40,41,42,43,44,45,46,47,48,49,50,51,52,53,54,55,56,57,58,59,60,61,62,63,64,65,66,67,68,69,70,71,72,73,74,75,76,77,78,79,80,81,82,83,84,85,86,87,88,89,90,91,92,93,94,95,96,97,98,99,100,101,102,103,104,105,106,107,108,109,110,111,112,113,114,115,116,117,118,119,120,121,122,123,124,125,126,127,128,129,130,131,132,133,134,135,136,137,138,139,140,141,142,143,144,145,146,147,148,149,150,151,152,153,154,155,156,157,158,159,160,161,162,163
0.0,0.9234757239231189,0.893844773959878,0.7757263125289084,0.7489497410646907,0.9272728088408062,0.8110079974035489,0.8672362011274789,0.8833858275499381,0.9178841163515834,0.8342377272649957,0.8233537040640644,0.9538202828368948,0.8150506045553261,0.8912447455860214,0.8679873531039242,0.8969519287168589,0.9485910595044862,0.8902395191031464,0.9441428128559551,0.8459456988496767,0.9169447167195476,0.8236529738333973,0.8183976229510705,0.931913559087495,0.7374669659461175,0.7665662242061112,0.901470490967272,0.8329580972510785,0.8618092131913943,0.871834691574878,0.9461410912566018,0.8451593477179765,0.7976622422628571,0.8945171652166686,0.803770657629802,0.879388106646328,0.8947009901491147,0.7629218706062268,0.8518901144580223,0.8308467736385118,0.8513572761461567,0.8544265373065919,0.7930940813634085,0.8703759713698029,0.890119533484381,0.8432435790540949,0.7846753005506131,0.9226905957323267,0.883676718007509,0.864990038889858,0.8724923573260166,0.8000330875421379,0.8229007271301156,0.7974537862015076,0.8522151495177275,0.9149370256532399,0.849834962963166,0.833633635291193,0.8873182429481534,0.8420136327656084,0.7921227101044515,0.8610641983692252,0.7016939907785901,0.8246473299070047,0.8137809247360792,0.7951535274551588,0.8793163005583552,0.8587775089200504,0.88936321237399,0.9137928680402678,0.797971792597265,0.7788371114513909,0.9026492381030837,0.9235934350856218,0.8273301719435296,0.7738744778471499,0.7418473575290668,0.8451929235056843,0.7198559807027828,0.8463890688081546,0.8995749607075896,0.8807852699463887,0.8779535242317819,0.8491909580950542,0.9521957089534726,0.7943419524424825,0.8528792016657972,0.8939081404767364,0.7793084105334265,0.8547020416458249,0.8104293170825749,0.8683906387842465,0.8492046913479815,0.8641496770669401,0.8517477536073704,0.7461292951712183,0.82210412984509,0.68353304123269,0.8818338629513495,0.7517759316540197,0.7393323909531634,0.6889057616655322,0.8119045003364207,0.8544224802979749,0.8884978103358606,0.8164310758695914,0.8946983506239428,0.8617685029783401,0.8343683937398436,0.7789469002701829,0.7859866010825904,0.9000513733680889,0.7606907088004473,0.8625986939134401,0.9259877484464238,0.878820404532578,0.9123234436880369,0.7978772001442278,0.7810037066981415,0.787565135967502,0.7562041927347584,0.8651378847799975,0.8738056306527459,0.8080640594405756,0.8646560000359843,0.816358965350242,0.7998171595636827,0.859429263404589,0.8575612167634161,0.8678974804419758,0.8546952735390091,0.7737223136323713,0.8139501114744766,0.8169519234823241,0.8013113410571552,0.8908536004583343,0.8508011031743872,0.8415225120547793,0.8998578025937649,0.787468016760821,0.8437697998921313,0.9063106081829543,0.7660845963686362,0.8031304550931726,0.8347729645391387,0.8760376292971208,0.8457464196688386,0.9633744653940037,0.6671535947887474,0.8436587034505868,0.8226747019386352,0.8309361520665072,0.8187759707597693,0.8622619676846089,0.8749802756234187,0.9107326390852709,0.8459020797906397,0.7591231508706956,0.835963936006758,0.7909549288542868,0.8919715029013983,0.9340056921182306,0.8670245069299545
0.9234757239231189,0.0,0.8637734064024517,0.795659579113769,0.7276580399874827,0.8967549077786118,0.8650865697400656,0.8362162615235855,0.8614454627307571,0.9380647118817483,0.7804081196712517,0.8625982357954713,0.8963799914976185,0.7888125494030657,0.8991000200565704,0.8037122293005119,0.8512772596483339,0.8646797125768755,0.871248860394177,0.8956323441734623,0.8289264279691625,0.8989973981960223,0.875332914472023,0.8740543620658386,0.9154002627433305,0.7189040633232657,0.7732231882014435,0.8675243984119532,0.8397337923230969,0.8194739127942735,0.8679835480745803,0.8600731873380135,0.8732393279789966,0.8597502922529863,0.8744400910506471,0.7944033135076642,0.8302964656346736,0.8013617063127337,0.7645770593717864,0.8956043427906736,0.8576468249184316,0.8572778702976315,0.7506434978055269,0.7708505286782693,0.8817066510357271,0.8701394946066952,0.8370335411300066,0.7318383083240835,0.909004614043486,0.8130973218105969,0.8126938072617453,0.8547519481995253,0.7706885621794335,0.8317724456404418,0.7534729849368733,0.9074021701798479,0.8529977173400142,0.800071278215523,0.8064683911072789,0.8828223290706627,0.7955523038711912,0.7233612631875781,0.7641872046596686,0.6827492468552733,0.7657934676122533,0.747532367004705,0.8186933498398824,0.8212129977177621,0.7407764876465588,0.7957838304727336,0.8505652644956223,0.7511239691081584,0.7189906539440072,0.8649296839465052,0.8453578916192784,0.7826428779482875,0.7319794818103289,0.7487200775948544,0.7914449124314863,0.6877961584355499,0.7904723706229451,0.8850489292513629,0.8838735311734038,0.7936455352492762,0.7848859867661786,0.9628016361664942,0.7107044966002616,0.7467871423391489,0.8601500231630289,0.8550438636092585,0.7932354640946613,0.8705683814123271,0.8076500088510216,0.8110929825370058,0.8249582548156609,0.8641962770536946,0.7076867087777459,0.8890223632176092,0.6661495422777727,0.914017537748561,0.7359769210664817,0.6650260750996988,0.6597635556869215,0.8292902817232094,0.7663038068526844,0.8618962646020496,0.7703307203855685,0.9178711898464402,0.8732930108683092,0.8831312654184679,0.7944540945092972,0.7341205400971879,0.8381267169632386,0.7015408859168418,0.8056407518535762,0.9456751585828638,0.8513000965034433,0.8155305515323079,0.7795425408841323,0.7666890692289156,0.7560679683838513,0.6886030171285246,0.863054867364011,0.8666433113546139,0.7551452051151002,0.8545739318540945,0.7981449976230698,0.8097083474784051,0.8746387147233428,0.8075414875572828,0.8676000516463507,0.7827669794298836,0.6988358109347483,0.8197304116100577,0.8028809720042974,0.7392823760299291,0.8818304429699408,0.8694213202862615,0.8545044086340258,0.8468696796787749,0.7478702533419533,0.7817429139633227,0.9558174969832942,0.7201822669122127,0.7800389364315509,0.8289182813688681,0.8862583624926509,0.8280343405010376,0.9435486751882324,0.6559310108187528,0.793222910026646,0.7755039694673529,0.8111965776793572,0.8763271748836207,0.8808129709559328,0.8463132734003517,0.9052709514496726,0.8604059529976866,0.77444100198606,0.749502633074159,0.7665091055155754,0.8445415751720027,0.9401450703636182,0.8376323790626861
0.893844773959878,0.8637734064024517,0.0,0.7809224805171243,0.9023048510302675,0.926795199699162,0.87246572019891,0.8010415783973294,0.7703873418788619,0.8427698759796791,0.9255215862251646,0.8892836474858864,0.9314203760159425,0.7151757391090174,0.8823983382002029,0.9700041962051732,0.9531387760869433,0.8414850825338815,0.8428820959116521,0.8171729932799019,0.9549937091642138,0.971882731849381,0.8264765876728888,0.9164368365793046,0.856464343462475,0.8685039964110224,0.7306961749888051,0.8117956566317658,0.8578281505938741,0.9023159767671032,0.7739751013338968,0.9138589454890074,0.8263470918260393,0.7833671069194336,0.755651397459192,0.7951164781851778,0.9035536206257601,0.8484312902369031,0.8573037944164457,0.9130198989460412,0.8557367198433325,0.8779743982898445,0.877554362064695,0.8624988401323722,0.8158945406612546,0.8537086766575492,0.8776581574859907,0.8869861748314953,0.9239971158749231,0.8699645146975287,0.9189225411150687,0.9186569411527246,0.7126238712726363,0.8702848391240746,0.84104360186759,0.8062532754028857,0.9008066539117902,0.9364964100576899,0.7266156712338122,0.840951925056394,0.7911718305858683,0.7626159881670873,0.8669238018616393,0.6460886573226252,0.7455920315768515,0.7466510797526296,0.7750973720890222,0.9188914346494804,0.785673390056993,0.8216161031151604,0.9308532939986393,0.6777569001592447,0.7119527759512231,0.9599727201753304,0.8499582826693255,0.6874892385195227,0.9049931553393769,0.8876096438932721,0.788486929239117,0.7985958021137962,0.8375688161524769,0.8510690329644545,0.925306519617992,0.7868254597171833,0.8398832100073548,0.8915653341088163,0.747227460587825,0.7306913887122685,0.7544045738969462,0.767638359318936,0.9356012563514714,0.7199029556333998,0.9069200602999654,0.7718539205886644,0.8275367748550873,0.8379160320646573,0.6798334598686618,0.7447965967301364,0.6290644352290928,0.7893241884699349,0.6817873543474084,0.7675388768234032,0.6514210146679811,0.7294427531109321,0.7412928205280632,0.9400126078080449,0.8360450579205919,0.8516966614007085,0.8680656475807467,0.9028273576362748,0.8690640836041004,0.8214624414520306,0.8291588841665223,0.7166964550728621,0.7929639401760739,0.9555786477364002,0.7372817650836181,0.9361908833544118,0.8575522455445371,0.7011312518911859,0.9064650098587809,0.7260619169161495,0.8294548968979544,0.9347237966936032,0.6708282272619066,0.8852268759593835,0.801653246394772,0.8837016191936482,0.8459780522041458,0.8109822962384502,0.7733136414238048,0.9463840702523947,0.7144646047993186,0.7848489496962595,0.8151649108148254,0.7607530643891,0.8700696403956854,0.8547311119581976,0.8056931708143551,0.8899171554492182,0.6755884552982673,0.860617521155422,0.8394082338479754,0.740805038853069,0.8896621603267209,0.8018319308245236,0.9384407420301464,0.8601616891971041,0.8647467720098382,0.6798423810243972,0.7646197353297061,0.704745316224147,0.8603835246503326,0.8853971582815533,0.8903300272052964,0.8311448586172563,0.9270651371250391,0.9336168992666685,0.6812942194903059,0.8768401023160105,0.7138256248412242,0.7334050919860806,0.8449282889487587,0.9459025206096481
0.7757263125289084,0.795659579113769,0.7809224805171243,0.0,0.6932964850216787,0.8004864211539653,0.8115245006820881,0.7914685077889612,0.6989068833179833,0.7585583661055547,0.8252738195101291,0.8066740692529428,0.7770857896716102,0.7275687104048453,0.8226972250226813,0.7336565173510092,0.7716620236665633,0.7438881111835254,0.8405038581771285,0.7224669224644233,0.793358200539252,0.808447143866235,0.779005738874027,0.7691654159208373,0.8009351093602218,0.7704578318593016,0.7304552581689117,0.8177240913347746,0.7851644504637157,0.6711153708602148,0.7727053500315716,0.7476465895887195,0.9244213595793188,0.8234041935604368,0.8205594032761164,0.8738237322584181,0.7677778767331479,0.7749259584801459,0.7939650499692139,0.8194644670371634,0.8561258401549787,0.7215623021940127,0.7290289783064114,0.8105064642161975,0.8069354839716739,0.7268301527153972,0.6576658246127831,0.7556861450390037,0.8144981422920178,0.7573629922122903,0.8223796326991671,0.8151026834691112,0.669384931571971,0.9118110790410733,0.8737961571454086,0.6820290994545662,0.7676623866348841,0.8051402818993781,0.7361845061897277,0.7687453865758108,0.8243796379982017,0.6650766318198525,0.7747169626630234,0.6555584727223662,0.6835613731913716,0.6849355283485089,0.8135261790267158,0.7095731170144751,0.7164490690708807,0.7977815491579486,0.7653622717737663,0.675937952098623,0.7811133275377079,0.8424257544661585,0.775851542739989,0.6316876722413091,0.7689905108963768,0.7003422534531888,0.7568828197452719,0.6196400934786117,0.6947496119523808,0.851439593744239,0.7051012266169968,0.7644115515448745,0.8199935553555457,0.7987731142357112,0.7610445021037362,0.7269992408391018,0.7128990344767328,0.6913798607670577,0.8086865309606993,0.7937635954038605,0.7756043547189214,0.7058674986178053,0.8453570795343278,0.7915980619717916,0.6977524504308648,0.7923346463388338,0.6499652471121613,0.8185200120902226,0.7241436420232195,0.7236737740082425,0.8547244950207099,0.8119529609633717,0.7720211204200004,0.7224245003183806,0.740758316627966,0.7645326727061619,0.7378889935036,0.7326543261365532,0.8557707592033986,0.8203452482757159,0.8468202069426831,0.7101011783035068,0.7679967923996225,0.7903832534663323,0.7021287108585924,0.7247051651406835,0.8622141122811383,0.7595902103360791,0.6971740720393359,0.8099845350754413,0.7529282675309638,0.7617741188982217,0.6826589641953799,0.8152317280451764,0.7605098606113042,0.7348838133258931,0.8841301249871326,0.7242143295748313,0.6597725313138991,0.7258157943721607,0.711748305326295,0.856453116044514,0.8019291205893511,0.6365607367522981,0.6651499313988559,0.8245027568396771,0.8158045685688566,0.7696578949176005,0.8014181520999972,0.7017292167618292,0.8261340138289233,0.8140958820479022,0.7709296128146449,0.7721067847283477,0.7618391583704859,0.6880645035993179,0.7503427607154887,0.6116796562589927,0.8593436891551268,0.7010742985023015,0.7823379045117259,0.6907112282484716,0.854014975091101,0.7616878831700319,0.7795257764902791,0.7628538327778404,0.8707919268467976,0.7682711188726646,0.662635280401289,0.733164868464041,0.7631929227122144,0.805061475683621
0.7489497410646907,0.7276580399874827,0.9023048510302675,0.6932964850216787,0.0,0.8057787536379413,0.8521898477595732,0.6455554295616331,0.6537548829137231,0.7133898492285297,0.87926263559312,0.8339624327633447,0.7718108753063885,0.6194951661868919,0.7656677119453742,0.9056945123494811,0.8580659814867962,0.7001782708735159,0.7151269066781096,0.661221294261606,0.8865641600889108,0.856598826770346,0.7682116793640104,0.8553832302166641,0.7362933431691838,0.8755876299918878,0.645236010901039,0.6666669006642518,0.8258185678169435,0.8639201790447665,0.6574962999997394,0.7791941148117394,0.7204500520886781,0.6908191862613716,0.6584282613420642,0.7169464793860602,0.8127281507818369,0.7429429418869884,0.8029529021132541,0.8188234096627185,0.7782196179193631,0.8193895890283452,0.7929450871195242,0.867584351673121,0.666511326163719,0.7056067153728806,0.8413128935808062,0.8851543412600151,0.8391109833652515,0.754395679504535,0.8248820993695367,0.8395481311086449,0.6063788832580818,0.7694354566030714,0.778871048345397,0.720852652145387,0.7647846066086673,0.8892215153011582,0.605737562510382,0.6979927922588773,0.6293758446464454,0.6791523241070555,0.7629991744810911,0.6057248924778565,0.6326247126081139,0.6134588871215462,0.6457764076757591,0.8373087343157748,0.6796554857170171,0.6831045561308576,0.8095818575042377,0.594475687753341,0.6220645546328196,0.8177107006679043,0.6948450522852294,0.5836016485252851,0.8358840266642451,0.9576789811071346,0.6584849776989931,0.829185176683004,0.7531621237652311,0.7108033029491402,0.8537256167475868,0.6522676191187282,0.7452300240768508,0.7374301834075992,0.6391327749085586,0.6156458504621943,0.6093932315394615,0.6755214174414257,0.9188817206849939,0.6385677578716861,0.849645326828272,0.6443466182113469,0.7210229980888513,0.7721826642417914,0.5579334669994436,0.6581066251437672,0.6258759605665829,0.6368444596261036,0.6116187820133026,0.6620200998905719,0.6118452236115376,0.6548879692437225,0.6199560994210229,0.8249720778744762,0.7016837362150152,0.7490543043445318,0.7613490232735364,0.8333942032594609,0.8407931971708792,0.7927887020918148,0.6914713814095622,0.634030584651695,0.6750767640664237,0.8386376293201838,0.6224931525479259,0.860777845233942,0.8198647620607512,0.6394457728853389,0.9329560894161539,0.6374030240123176,0.750555816633149,0.8582129991182221,0.6103808170958441,0.7949944166659981,0.6951443384518101,0.8117478734097385,0.7478168176314306,0.6982279669105677,0.6700624417112339,0.855272870061548,0.6052858545677988,0.7097346102377994,0.6907096588843746,0.6937324752757258,0.7826798279608682,0.7876689629661152,0.6800308863188927,0.7687256843793134,0.5789064409794857,0.8156713145451331,0.6985650913012007,0.6618358178127375,0.8774175512297194,0.7435099396201982,0.8633767624136771,0.7554861498895244,0.7345677663245351,0.6759843248631369,0.6441622428876214,0.6196716260585262,0.75568907078813,0.8117745435938358,0.8070805973824215,0.6856991982023958,0.7793341536211257,0.8738084708112258,0.6137049588454839,0.8231231452579406,0.6189247963636926,0.6487979158311098,0.7156786930053695,0.9079620195830485
0.9272728088408062,0.8967549077786118,0.926795199699162,0.8004864211539653,0.8057787536379413,0.0,0.8431680479650903,0.8386569832597873,0.8008896854092872,0.8617025160804564,0.8556538445565142,0.9010830911694873,0.9196216995163514,0.7167753275398931,0.8795401790141733,0.9027722279041939,0.9016412938669183,0.8276206901902129,0.9118011493533654,0.845340115854009,0.9215739846257458,0.9014514401236597,0.7795553853913235,0.8637648025842817,0.9057391851949465,0.8091939974505559,0.6839872183484844,0.8184664297186481,0.8367534367241258,0.8631133214277575,0.8529902114669786,0.945989731560571,0.8675262571254906,0.8415542461905264,0.8080651231127728,0.8150794498139916,0.8970628907414789,0.8353813714577354,0.8332895236749356,0.8412039146047559,0.8669432026925588,0.852189280134305,0.867157058303778,0.881334940258354,0.8397032321121806,0.8691462615187817,0.872845764550309,0.8583385768445917,0.8811085976264111,0.8543891639814688,0.9129845138538997,0.945993635809194,0.747653380662398,0.8813269533999016,0.8369367893991739,0.8561752974833439,0.9019028712826263,0.9131184503405163,0.7249180610122861,0.8475106444093501,0.8312227362120604,0.8026206561353404,0.8890041871266514,0.6308920362068892,0.77815968916275,0.7910054784254524,0.7721685627651039,0.8964438650035184,0.7453393301924153,0.8363949005264949,0.9341992354100365,0.6998592824570787,0.7331265982979311,0.9164104363929227,0.8699784603726187,0.7684556365676335,0.826950034363966,0.8141898378749501,0.83891747500462,0.8062253060985192,0.8892326014567347,0.8922378979061762,0.9075503210966593,0.8341158983042243,0.8694501862967269,0.9138823882568858,0.7947151623252794,0.7592145058755329,0.8253912145125016,0.785891595494604,0.8770815732864742,0.813519833879207,0.8750948102968056,0.8278241588158353,0.8172521782477142,0.8862246104584008,0.7383949024811942,0.8422599873751221,0.6594532946187528,0.8483311209812479,0.7174107516385596,0.761057493977419,0.7087047263631217,0.8060113899579617,0.7979389728072908,0.9174210108498672,0.8471255626332271,0.8544748163290651,0.8538795185699667,0.8898518722565335,0.8754053070155767,0.7950670226824971,0.9030448936257256,0.6995229247257424,0.8367754444595987,0.926910044916607,0.8323377457459737,0.8651717548739413,0.8684077967409046,0.7370125700119401,0.8144949807160895,0.7684200680796771,0.8824320623943606,0.9375987787092636,0.7336085682141994,0.9161443451940624,0.8205510179367214,0.8522603493613944,0.8958489803780995,0.7882261725814534,0.8005442336465293,0.9070628754907367,0.7271692140442656,0.824610793281831,0.819704596117639,0.7744098508440359,0.887596105719824,0.8275030750347686,0.752603450838719,0.8962884478174816,0.7455756786300941,0.8513416265354147,0.8717922793976007,0.7448409426520064,0.8611030473462395,0.8257655874904465,0.9238766772486149,0.862902184925814,0.9046251323044957,0.6738485058878563,0.8332604485715469,0.7753177429542556,0.7945341530432881,0.8170041261086914,0.9318497140905392,0.8486170992636576,0.8810059416131982,0.9253416901328321,0.7153097051355126,0.8716461499609036,0.7465423130725664,0.835168403701504,0.9125502265318503,0.8884590625522585
0.8110079974035489,0.8650865697400656,0.87246572019891,0.8115245006820881,0.8521898477595732,0.8431680479650903,0.0,0.7322457307732759,0.73011683376934,0.8609484559285107,0.8168851895089514,0.9076063280409464,0.8179810160684812,0.6748303741415513,0.8884422080613936,0.813578549088667,0.8043250315929664,0.7482727749802363,0.7705731261586535,0.7139271132240839,0.8490539994164221,0.8706136101065894,0.9042295648622505,0.9223346237486701,0.8713616077448825,0.846270836489407,0.7200032305335065,0.7244242389619876,0.8539094812101126,0.815089578183157,0.7899829741793931,0.7863662912711693,0.8591980565356895,0.8407700845328795,0.7642188159961952,0.7631203308666302,0.8639945552536321,0.7207960789548173,0.7937609049479838,0.9057437930730436,0.8422541603196759,0.8435954675401722,0.7610677524911723,0.869170131034039,0.7961262095716739,0.7757671853003797,0.8559854694367428,0.8207089958964024,0.9339550250618206,0.7327568982180627,0.8212221120174378,0.8500850304351255,0.6305277411218011,0.8255351442971991,0.7870467723312861,0.846377914176309,0.7537682907760649,0.8349676896017318,0.6936945035041919,0.7470535416418492,0.6859873899197249,0.6559762003740662,0.7254315512174926,0.6127503533174368,0.6578365291172094,0.6400673055808636,0.7754688620342638,0.8592816254313747,0.6744953983714517,0.7310632042000357,0.8262181786637497,0.644050882062742,0.6442614257390857,0.8407057637980632,0.6986959168940104,0.6612677777676673,0.7824717673512351,0.8922350697644638,0.7125762630897976,0.732722413460302,0.7435220731836555,0.8035608883352956,0.8913761486073313,0.6802901056428495,0.7292094786809024,0.8343364738948181,0.6746935386393021,0.6697091925590903,0.7103196746800325,0.8064820665934872,0.853397678958597,0.8159388239335168,0.7981281027116334,0.6755479970346789,0.7497926087404745,0.9111921854268802,0.5851205661660193,0.8357383536586264,0.6268733162631304,0.7857955791663355,0.6775239525563012,0.6571620537123914,0.7190572056623958,0.8287037055028632,0.648981001459551,0.835161400103161,0.6983161847189403,0.8490690451551841,0.8351834419678442,0.906816377540101,0.882998149243943,0.7537267544931472,0.7654548375056948,0.6277433885059204,0.7141033586948407,0.8852232143948261,0.7014714822497236,0.823853953314388,0.8282850183196927,0.7031640002361338,0.7998262071403314,0.6775188781367739,0.7902956902768293,0.8929899696154745,0.6449482489719681,0.8730101980170809,0.7090031942183416,0.8399657995712863,0.8288065169934656,0.7509718613062905,0.737313981673356,0.7515221161925977,0.6180504326167533,0.748135070083494,0.7404491797366937,0.6778628254931658,0.8309619615181673,0.895227866998913,0.7945315331860952,0.8037405818742249,0.6868487059385194,0.7456764971082184,0.8212787734920469,0.661247177956263,0.8610308658669298,0.8865512149904171,0.8911656648094329,0.7848547057620059,0.8409153223096807,0.5967845309504003,0.7285496149834256,0.6698533366447661,0.7300415990778992,0.9012927905707381,0.9236218244142552,0.7850760644249359,0.8331437330570647,0.9258236476785074,0.7498521486617593,0.7654620171766676,0.6923304456643864,0.7244349029986125,0.8454411672425016,0.8673535479906507
0.8672362011274789,0.8362162615235855,0.8010415783973294,0.7914685077889612,0.6455554295616331,0.8386569832597873,0.7322457307732759,0.0,0.8856446417739805,0.8398286895963085,0.7637841200193614,0.8197090430890793,0.8813876167369804,0.7283597488491431,0.8512256780551672,0.7805618426469018,0.7532617782718967,0.818155745043893,0.826418599104381,0.8559546456218455,0.7511194585871723,0.826891051393932,0.7703348510647251,0.7416452806027506,0.8812000588145447,0.7135972952547542,0.8028462812835124,0.8317736084983824,0.6929993185639016,0.7758070056108961,0.9299293912683746,0.8440333109070023,0.8261024636648109,0.8321483967653179,0.7962483219868965,0.7908134547481958,0.8542365943463547,0.8265468638679354,0.7897854926428658,0.7548925095871034,0.744657774277411,0.7580382972349776,0.7932146261990412,0.6986848024805798,0.9514590124480496,0.8373088984043722,0.7099358331723178,0.7094437999207654,0.8009846539696086,0.7830012866313257,0.7842659141179151,0.749025171218495,0.679199820511588,0.7833954934590026,0.7745187039668836,0.7906970596588483,0.7982259231589394,0.8143496800541297,0.7188557668982253,0.8297183812098742,0.9008523519937799,0.7339634940151778,0.7697628467527605,0.6340199884281086,0.7135776066014329,0.7560357520356075,0.8605011941900446,0.7948927021907664,0.7818025271387651,0.9496420868329236,0.8388284471649448,0.6999063487528132,0.722716111821531,0.8428112304591088,0.8470800362521677,0.7258124524899687,0.7787392981122686,0.6639291610170431,0.8483583417629318,0.5978036510353072,0.6969880645236327,0.8995683036236272,0.7938478495697795,0.8339063990227492,0.7605151933320041,0.9211251205084455,0.9036051933760048,0.8230693556718556,0.8825781809822711,0.8371653194208755,0.7553690216452378,0.8110195813823106,0.7370864903604819,0.736940287790123,0.7461518122057142,0.8307892703271266,0.7762108376742696,0.8029580178494853,0.6068091656499304,0.8739544173940226,0.7327718455524181,0.8540437083320387,0.7218290175108618,0.7957666144873654,0.8185253074238986,0.8208764599777458,0.785405322066429,0.8101296767070875,0.7582569700586227,0.7463934662798308,0.7269155265363627,0.7335244298776118,0.8352016709182425,0.7954994987838275,0.7779384893992499,0.8220801044687552,0.7386550375273437,0.8005796886763535,0.683668407939046,0.7574334240599198,0.6681990715329257,0.8710732428805418,0.718171219725075,0.7776723144891563,0.6629757893859479,0.8181907650479405,0.7580257587223802,0.8393174792185502,0.7779744544927217,0.7840872157155172,0.8163594486020384,0.7683059237744578,0.8314787401539365,0.7838566029551106,0.8287357395963872,0.6500058243342317,0.7848762398519745,0.7672914891195332,0.8478093749762388,0.9087436506677088,0.7581186557656725,0.7267680231996813,0.8422125624124717,0.7529511477330311,0.7417611960192977,0.8132350202199584,0.8344848689296371,0.7536921051672798,0.8647347051433796,0.6022233331647914,0.9027426117339533,0.6854315622535593,0.7719156514793026,0.7671061221232308,0.8370157104936732,0.9348564876315602,0.8387430413070023,0.789731104591223,0.7032248838192521,0.7245615197518915,0.6726399053633557,0.7347690520430084,0.9001605031917965,0.7574511757477316
0.8833858275499381,0.8614454627307571,0.7703873418788619,0.6989068833179833,0.6537548829137231,0.8008896854092872,0.73011683376934,0.8856446417739805,0.0,0.8737430422214423,0.7322062180733401,0.8020789529962633,0.8255085455163663,0.7427456620044305,0.7757541537321968,0.746980685874811,0.7473337900370316,0.8246001447843101,0.7893960427894291,0.8743696909749307,0.7053701945032697,0.8262526229846787,0.8304032545506237,0.7138213065270759,0.9006480075268063,0.6266690647122444,0.8396913639359395,0.844397979600538,0.6887803448984632,0.8448108636406297,0.8724180392312464,0.8019214814764576,0.7241198625407235,0.7804796924316378,0.831425361923391,0.7103207635268065,0.7917606555274542,0.7911741322657735,0.6865301565510608,0.7181294587777189,0.6736181244691395,0.8636552075832248,0.6950260704491429,0.6431353144858369,0.8434461005979048,0.7496319715148695,0.7206516678500067,0.6429798197970068,0.8098228571752194,0.7285247100574114,0.6934526214970016,0.6975324615808891,0.6608956014906766,0.6862967837002253,0.6626505176465853,0.8738952548046186,0.7476742343528043,0.7812993397381303,0.7102296947561582,0.7688603583331488,0.7494447958964389,0.6592178061595286,0.6805766625757764,0.6755468274132469,0.6708005707460826,0.6593367162920419,0.7615858600460395,0.7488113398607201,0.7803622414674956,0.8720046181118674,0.7582827857472751,0.6834731116528397,0.7248014416841615,0.7569873468977997,0.8199353166831063,0.7020361234849323,0.6724646404502135,0.648870163166152,0.7061697872521357,0.5734138767636286,0.6549693560105122,0.8445284911653206,0.8039764626019769,0.741075943864145,0.7087641220672148,0.9052531302614827,0.7897425882964816,0.7547024533953519,0.8302037134303203,0.8517581231231778,0.7430087880698057,0.8222971407795906,0.6949873285217328,0.6823631546736169,0.7280602589123508,0.8051871653160704,0.6631493562033828,0.8256897093371857,0.6516836395557797,0.7933545907951911,0.6634722453764561,0.6842374768368599,0.6341637094049792,0.7775022828007563,0.7468756788629257,0.756491332729812,0.6666393086315394,0.8976565690275353,0.7001884561591265,0.7476614051978498,0.6757585044173867,0.6936588908254008,0.7636916389140357,0.8212884207440155,0.6879513151914242,0.8345265971800002,0.747634347205449,0.8001475488246745,0.643979329151762,0.8049713006063571,0.6565686975892295,0.7120594665905213,0.7469540587428748,0.7227087192320398,0.7245119697782627,0.7217664815221349,0.7229186860802468,0.7569181353202059,0.716831242788268,0.7057078018987307,0.9568651773239747,0.7224752013582527,0.734510398820935,0.7873842643886568,0.7393425369494949,0.6197489659297571,0.7950931150331311,0.7164773377732386,0.8054107197844056,0.8165982752335571,0.6710478410870657,0.7390030425592435,0.8504151349761309,0.7231414990841201,0.6876722728430181,0.8307689050595162,0.8276844369970497,0.6908374447217992,0.9124409513920668,0.645699799786536,0.7884919268187808,0.675278410472989,0.7808958663285213,0.7775837793714275,0.7839804972513625,0.8381515628051176,0.8105800980018347,0.7517922186076239,0.6657347176095656,0.663905168101612,0.6334712134279977,0.7826420392555624,0.8973304352466918,0.7694009690394195
0.9178841163515834,0.9380647118817483,0.8427698759796791,0.7585583661055547,0.7133898492285297,0.8617025160804564,0.8609484559285107,0.8398286895963085,0.8737430422214423,0.0,0.7564468627032616,0.8238402452704516,0.8986297368223816,0.774036808057677,0.8766337631851894,0.7931472848070115,0.8088470113354664,0.8870415838516164,0.797013669934429,0.841144820702228,0.7627445402258104,0.8602184697439565,0.9067305623795955,0.8116398665375936,0.9518761030568799,0.707443677907384,0.8155497341625155,0.8455704819167623,0.8238458991921078,0.8479695224096369,0.8596721674653252,0.8480071799545368,0.8370824931382114,0.8054631616783231,0.8382390920534855,0.7282156334888988,0.8526651879731746,0.7870221209659953,0.6912337296544906,0.8537854067116443,0.785324487557243,0.8508013702466639,0.7550060858611272,0.7320816504768457,0.8615867697432398,0.846769496360144,0.8432637637901101,0.7097788631306361,0.9148064303477687,0.7531053889065353,0.7676198503840826,0.7952336751145067,0.7155867408715272,0.7484288373000368,0.7163031189393455,0.9166213725015571,0.7835817989296865,0.7886314738190113,0.7842362532558911,0.8100477403408551,0.7497849758123614,0.6951193675109726,0.7360177773678137,0.6448827294166617,0.7101273446742935,0.706764160503924,0.785389174910683,0.8519823334719175,0.7881979494225769,0.8367132953203571,0.8205572218030978,0.7331985449719006,0.6825374580802056,0.8237783953439827,0.8101554691296112,0.7951445285134042,0.704464531160417,0.7457308739112752,0.7724953238145125,0.666708277778525,0.7670615707836196,0.8208065077341589,0.8945871129099732,0.7880163384097747,0.7189892048950551,0.9295514215248158,0.7233092896811127,0.7716389443225896,0.8855512621026004,0.835064032734218,0.788782420097417,0.8399619754017532,0.7710774423683984,0.737402187387938,0.7606297688114269,0.8936190691440389,0.638408380234075,0.8702864608248764,0.6254536015725509,0.8776870925464249,0.7004401405375004,0.6617989148710702,0.6702805325200542,0.8760886375205107,0.7339679558917972,0.8451606983970776,0.7129568630960929,0.9399330341433582,0.8479548697564798,0.8326482805006634,0.7314659627266143,0.6816105900072887,0.8065615035887388,0.7154892018022703,0.7762484794843165,0.9124008466146926,0.8332033810920898,0.8323783572099632,0.7360063851977425,0.7808039782690528,0.7057504467562611,0.708669900409655,0.7834342632041539,0.8397558642401448,0.7047310377411095,0.8451827666622018,0.72706854006086,0.7861245004174147,0.8099903247076472,0.8100290661142455,0.9042816162164251,0.7391763015849292,0.6951235062028099,0.7294299616944377,0.720048600962705,0.6997653915243484,0.8874400767324628,0.8415793847099542,0.8551878024198688,0.8329117393052147,0.7669072530206635,0.7478181681512429,0.8728797360041483,0.6624679151417163,0.749987531734487,0.8663659824947357,0.8425367802649997,0.8275454499247359,0.9690781292534338,0.6090987888892305,0.7526918242741978,0.7692172044056714,0.7358669895463797,0.8804910428753943,0.8693652513477433,0.8436315791545631,0.8677723829763888,0.8587168420482734,0.7608702308831081,0.7367212708655235,0.7886449647120461,0.8296391098134545,0.9422366266966775,0.7941152546103587
0.8342377272649957,0.7804081196712517,0.9255215862251646,0.8252738195101291,0.87926263559312,0.8556538445565142,0.8168851895089514,0.7637841200193614,0.7322062180733401,0.7564468627032616,0.0,0.8439938182328602,0.8661358109789264,0.7327162456804879,0.7999745974800717,0.93120128460017,0.9089907476875534,0.7825470356775042,0.7977440573068953,0.7646709630923214,0.8946267183812749,0.9296421281596036,0.7932941228102707,0.8341509439153069,0.8080864408501013,0.8774147691959211,0.7503421456110915,0.8147278873817986,0.8534254593159767,0.8282932792961007,0.7251849770510691,0.8376447372336956,0.7970204823377135,0.7571907382962493,0.7772207244933661,0.8265125216904982,0.8730731335222709,0.8775225144358804,0.8535312748791625,0.8537776225720417,0.8070306261282861,0.8354640921687597,0.816030195654418,0.862626453053,0.7684176060960531,0.7323552935476016,0.7423749373184532,0.9033439467812101,0.8842082860337221,0.820909400924787,0.8644817904204296,0.850567035081435,0.6459181287700465,0.8609217351822123,0.8883193392384603,0.716537304698945,0.8341046919057596,0.9373049244302389,0.686502636389409,0.7717479031670779,0.7839083184074337,0.7085370383161863,0.8287626000476803,0.6918770344883735,0.6729899866480067,0.6747636859503203,0.7751207129213088,0.8207956378583022,0.7960123787390505,0.8268153106518481,0.8484310200119806,0.6682463722217542,0.7845692230675294,0.9073818395229063,0.8228299449999349,0.6092527441242739,0.9030280917234118,0.8467390787874549,0.7260488350458841,0.7485940644605897,0.7475473603009264,0.8069275482309856,0.8097235117161913,0.7797477767827232,0.8543709554637828,0.821928267215998,0.7881071442751185,0.7057999373864925,0.6746079868355691,0.7065979025956327,0.9498287539528295,0.6778218745774344,0.8729228776956194,0.7009500850023995,0.8508589963310456,0.795642537398157,0.6481009164762657,0.7001702768273553,0.6756832617065378,0.7212789790285937,0.7116010516439334,0.7613839908879781,0.6870599848063719,0.6907113742090935,0.7389623778570275,0.81783764820623,0.7591591033329556,0.8116058676822859,0.7504080044769581,0.8156613688838724,0.8694855270894063,0.8992019651699861,0.8348730360440222,0.7862992895264014,0.7465104302701722,0.8759972323256827,0.6616686882177669,0.8938193067630487,0.8801125833826013,0.750152208660687,0.8902371949906365,0.7544324156199542,0.8206000798998299,0.8307623218259268,0.7082199685090595,0.826216147019267,0.7720012461878315,0.823973433571549,0.8384258639531351,0.7512336864211359,0.7115742165010764,0.8949868232847571,0.7699302532512597,0.8541261045080216,0.8199868866118406,0.6920505950587152,0.7518322412368231,0.8243965094791039,0.8043957956928579,0.816052314319744,0.6675848739301526,0.8697344890697057,0.7732950835205016,0.8076851664764619,0.9087696328162397,0.772502671713801,0.8587194612288273,0.7310467484459416,0.786856810738094,0.7235083417133589,0.7895677808680094,0.6573644359934835,0.8717502963125788,0.7614866875254286,0.8360124813001976,0.7821947984319993,0.8791692605635895,0.8428128749665791,0.7233418576256718,0.8822023890405155,0.6315035601329948,0.7207430658127604,0.7545204023640181,0.9694407157876137
0.8233537040640644,0.8625982357954713,0.8892836474858864,0.8066740692529428,0.8339624327633447,0.9010830911694873,0.9076063280409464,0.8197090430890793,0.8020789529962633,0.8238402452704516,0.8439938182328602,0.0,0.8246969604383895,0.6370237657017698,0.8608230090600478,0.8473545784070247,0.8082482451399522,0.7194176227196005,0.8387043329692656,0.7522845563410252,0.8835921946912105,0.8896561448305598,0.852505764274576,0.8993460304204536,0.8956731205768174,0.8297923371697261,0.7167698237996002,0.7420660818983142,0.7734022637982616,0.8636952878430477,0.8524402086024434,0.8170878284328923,0.8278458486473101,0.9014770127814584,0.7522127645481449,0.783501425189734,0.8849019312851021,0.7457105816551921,0.8752838546346005,0.8218403323405332,0.8039190014169242,0.8902379905711051,0.772862694082854,0.8486064089019179,0.8367615804495042,0.7684115281141098,0.8141681140549394,0.825157193288122,0.8718267425650453,0.7454575148183342,0.8244235067023787,0.8475133939160269,0.6116289461656629,0.8411751153836271,0.7914994028918814,0.8713413716140987,0.7784782589702366,0.918377666304571,0.6332325361255502,0.7543357353331269,0.7410383976417704,0.6695686971991377,0.7447790875820568,0.6003398539079428,0.6501452763991104,0.6487131657385775,0.7856113796640061,0.839452766240621,0.6609560528802912,0.7925834827447393,0.8457939591751478,0.6004446471736629,0.6686164577142304,0.8518894427848774,0.7425886727761446,0.6319443330177272,0.8208186539946407,0.8513111161861208,0.7305435692959631,0.7093334501692536,0.7243581266719384,0.8724736058872088,0.8965347831509921,0.6933933481623096,0.7677823401994869,0.8782999683805233,0.7700358261023221,0.6588095131897559,0.7189756786836775,0.8736426086210413,0.8549640511207008,0.8373577313350676,0.7753340955862011,0.6773632509234376,0.7296266847973546,0.9157705092606674,0.6380410046674129,0.8655895801861513,0.6244888921538244,0.775085896252346,0.6583968379432773,0.7343153599613981,0.7129003740889975,0.8081192472343841,0.6761902198957083,0.8488845198051663,0.7302841678647867,0.8610123678413701,0.7684031207556501,0.9127538205036034,0.9110517254620275,0.7843482646620639,0.785168422723531,0.6856397884446316,0.6944994333954555,0.8919608020249139,0.6863514703207987,0.8261951375601124,0.8018756910933023,0.7150342262441466,0.7846190014784565,0.7313277352582742,0.8074294614318609,0.8792053445190948,0.6395811653675358,0.8582910854198088,0.7356814058646591,0.9015191868007608,0.8199416297484552,0.6956508310826924,0.7815254048823184,0.8142003157971269,0.661558446584633,0.824434627700879,0.8075541722267983,0.6388655552667412,0.8317050525202675,0.8076985105298709,0.7642020035137875,0.8628089089259797,0.6476957129612283,0.7701253246448281,0.8360637778706884,0.7115253809573143,0.8656743722136512,0.8850853278419797,0.9665909416772612,0.7513716819372163,0.8540854104728938,0.6364216289270662,0.8024011949934549,0.6325845121332528,0.7797572763927545,0.8618872954175357,0.9608937163638521,0.8373981444678981,0.8413213562105042,0.9371250631267249,0.6739114989751455,0.7514619032425873,0.6173788448713735,0.711559681735577,0.8780836836021088,0.8930144628287366
