0,1,2,3,4,5,6,7,8,9,10,11,12,13,14,15,16,17,18,19,20,21,22,23,24,25,26,27,28,29,30,31,32,33,34,35,36,37,38,39,40,41,42,43,44,45,46,47,48,49,50,51,52,53,54,55,56,57,58,59,60,61,62,63,64,65,66,67,68,69,70,71,72,73,74,75,76,77,78,79,80,81,82,83,84,85,86,87,88,89,90,91,92,93,94,95,96,97,98,99,100,101,102,103,104,105,106,107,108,109,110,111,112,113,114,115,116,117,118,119,120,121,122,123,124,125,126,127,128,129,130,131,132,133,134,135,136,137,138,139,140,141,142,143,144,145,146,147,148,149,150,151,152,153,154,155,156,157,158,159,160,161,162,163
0.0,0.2716244959087694,0.24485026863835402,0.26557639014455575,0.28356968259668314,0.2679846258531395,0.257818734236784,0.26465585488715565,0.3042931040046315,0.25441450591661663,0.2655118286148294,0.23176436682067847,0.38771598592415146,0.270586932979276,0.3158012742442277,0.29441785466285847,0.31753571389007884,0.47593151673035167,0.2600718337157509,0.40425283838511644,0.29993337661469677,0.2857168667633602,0.27915067684854966,0.2779698726779052,0.33089673927763846,0.24383528609073277,0.25415243054833625,0.27675062360760544,0.2074981934656467,0.240578495082862,0.3042694049632227,0.30344877879678017,0.27131415497073225,0.2727254794533142,0.3719261584953299,0.2692040697862808,0.365526306401332,0.29613992724425237,0.21419801771625577,0.33669535471822976,0.25254198728105604,0.2869130061062988,0.3294715645883528,0.2901302469528938,0.3118647863719498,0.39571435695402424,0.26158308214805637,0.26827821564203297,0.32320627682162534,0.3542034698951167,0.3406504364954618,0.3286973598534004,0.2616548009550681,0.2559630501856463,0.2466781871635943,0.2732051370279385,0.40845004928078027,0.26906848358407975,0.2711562620675994,0.38137899907682765,0.2557896084583277,0.2624730544779791,0.29140391809993843,0.2271936842894629,0.3059155873725084,0.3226831171417799,0.2882154880982944,0.30274960485149033,0.2524287729264159,0.31002706921826756,0.4073554316338216,0.32361835500056574,0.26543024997433373,0.3145638435853371,0.28765641287637855,0.31525890860152345,0.227387737341846,0.2669276371030523,0.283507562855108,0.2264304798151958,0.24208279498187146,0.36214484663803903,0.2663422689041702,0.25471695778371944,0.3131198583772977,0.323408138320391,0.28067582820602066,0.31442656725011514,0.35844685733052806,0.24411455319150638,0.35938755293152697,0.3199734823995335,0.31656444901450753,0.3168434368308751,0.3058165324891426,0.2393613681330839,0.21377314930475322,0.2713525913939773,0.24670461329216115,0.35436782450984516,0.26077184561487565,0.24856436923760744,0.2524052089503226,0.23446247757579725,0.36991739510447874,0.35363251949373575,0.2873831732463056,0.2731476266162447,0.335460942222918,0.28056698866534807,0.2702939009710716,0.3246264771850478,0.3045427621193143,0.24432615094741206,0.3209739393280216,0.32246713117564507,0.31076236645437266,0.2664593525575775,0.21607930292662653,0.2646025615302495,0.2990225958443034,0.2375715653303947,0.3192139685153616,0.35560322135543054,0.26403624300077566,0.24481131252487204,0.23883135490632865,0.25266634109353514,0.2408433327624021,0.3238155124538989,0.23633033580642973,0.2517215384740762,0.24575755578381944,0.2707393909320614,0.25198758734891163,0.24998989232021487,0.2709840008937397,0.3336730209938661,0.28221543155752027,0.31684354770805345,0.23112010666276495,0.2724230051859899,0.36978886380317455,0.2510461410584365,0.27672365523248427,0.2784354583597511,0.26197864693126144,0.24114472720336022,0.2884673880673662,0.17837274906742423,0.3497777371895206,0.24779052515957045,0.30041093046917156,0.2077000018461824,0.2828159356728816,0.33744564897652635,0.2788966323143821,0.2728261098882621,0.28181087280731126,0.2779225523243942,0.2314885768321057,0.3290505119758185,0.22090401602310794,0.3618496196293029
0.2716244959087694,0.0,0.28705968824587375,0.25805517873213757,0.23251793364027742,0.3734439665452965,0.24488213511615287,0.36110530907182475,0.25799730757421013,0.3530558191064778,0.28166306576689126,0.31418953619475976,0.28480936379812566,0.2515377005159714,0.31155704767100034,0.2747308183360338,0.2727380436080373,0.2599310379673329,0.29464616310450337,0.2961799827802118,0.2932572832182743,0.3695352486248359,0.24826725907860328,0.3025899696070059,0.3481776220393761,0.19424080824985746,0.23257242543665926,0.25145946575957856,0.30056214529907144,0.2306543726366854,0.32904012898626855,0.26444804423128615,0.3291900874096742,0.22081871372504386,0.2648282494059834,0.26897577548343304,0.27638292362237515,0.26563279433455295,0.2629554284057117,0.26677051311455835,0.3013905585188582,0.2785533825925324,0.22449099367447584,0.25490920156773433,0.3139539008971061,0.2554570644625749,0.23501561739802673,0.25357243021586007,0.2551280461108555,0.24583959568357142,0.2561349761446457,0.2478035023833855,0.2567428335026265,0.3289428447586066,0.25935372725990263,0.28262364111518357,0.27118040587119546,0.28349357853032897,0.25534867483142004,0.2902603418708473,0.31278428211159054,0.19686299107883093,0.22629209896475355,0.20386630873808828,0.2187085015993895,0.21933503782590605,0.24142104841794984,0.2511660479926541,0.22183692062490237,0.30685351096386293,0.25317773783698067,0.24735984689496385,0.19531691716018557,0.2718984756908102,0.3008107679806701,0.22768744257681986,0.2088774268163802,0.284663948848888,0.2312504694456346,0.2049279717840219,0.24750532785332058,0.2590125186211493,0.3462839735859844,0.24606090848773784,0.23108452454681408,0.347089241105349,0.24918412415112737,0.2089490573726042,0.2524402576736149,0.2655229001397702,0.22929709524459002,0.27031122472547486,0.28932426950622736,0.24105107678680487,0.24806603693233545,0.365231701969445,0.23400031644269045,0.27147824857649094,0.19213109551924426,0.25705454694585855,0.25656365808904813,0.22318546569431089,0.18547211683034698,0.30265414533555907,0.23881422314951392,0.2535861636620334,0.24198604429058093,0.34043135188121215,0.27806411919450386,0.3722341640850124,0.24112576415914433,0.21222868497626549,0.2381878753059257,0.23024763965143333,0.25574274596386454,0.33650743189232857,0.26667880197030874,0.2220428204388317,0.24222410290391166,0.2225877733829611,0.23637977409781305,0.22375740161212734,0.2469536306548646,0.3248783097395164,0.2322961779771265,0.33786932128727837,0.206371057511841,0.30229809805803115,0.30215537596085973,0.24809992021901073,0.2789137213555659,0.2616286193170756,0.21464468144265766,0.24533532263154742,0.2936201648241629,0.22240877163447467,0.2679086280842932,0.2561500665513464,0.2863014056360505,0.27063180346844584,0.26728579682554027,0.2720533484651798,0.3097709596307207,0.2371368294349614,0.2787520284181692,0.20630450707556938,0.29748833252173396,0.27892658971460393,0.3583759415273478,0.20716465110435575,0.24153177265784564,0.27683154096719204,0.25813600855076735,0.2688206118183197,0.31011217598260427,0.3172667086180315,0.2879632371214015,0.3218447760271398,0.2393042235651323,0.198519775566088,0.24313022243089985,0.28392001668571326,0.21813172762980898,0.2576022078030186
0.24485026863835402,0.28705968824587375,0.0,0.231161808603045,0.24224031700310758,0.30329916865635287,0.20830448012663585,0.27702054013095995,0.20436464623358822,0.3461123362074908,0.26696782899670085,0.24905643511554584,0.3077330075733345,0.22163855416982903,0.239210088459348,0.3259403522398438,0.29059424055803706,0.24182044775636302,0.21121146711288802,0.22833748280699562,0.28868728414115485,0.36777461909041753,0.21381909674202595,0.2378212795360382,0.2723623550418561,0.22640769391386747,0.21939190660400504,0.22860873378899388,0.23947320070419592,0.20527324078702647,0.22218787673254833,0.2686412245368853,0.2315568636050757,0.20816918760542724,0.21976530837917638,0.2589308740225837,0.27186726269955297,0.23443797473767325,0.2099970369433119,0.2495364641803994,0.22968825489890718,0.26866923338565835,0.22839183875632532,0.23173210868434885,0.2811466388264105,0.23875771105444454,0.22922540398831756,0.26615517560520624,0.22779268244052478,0.2364310356965486,0.2436427416997462,0.2528347965675717,0.1808970505549902,0.27633053575963223,0.25376538516620345,0.22907524075964814,0.2158956495839699,0.27590721865126455,0.2137826503181364,0.24230077452454743,0.25008640023887846,0.20392593181498928,0.23901075832770613,0.20522299469777003,0.1920548205904935,0.21160099190014875,0.22706783489180613,0.2649929851205999,0.24344435541828263,0.2622021133145397,0.2634724509230159,0.19930002876072203,0.20875299400803002,0.3094477821218797,0.26541322558871816,0.18017790438782394,0.23134182820602817,0.2590668045693812,0.19337855908064225,0.17489646099410194,0.22667515394721433,0.24071007665782157,0.2397983556421937,0.2300794889481879,0.21521371136373466,0.2758652165726736,0.21797041552259236,0.1883269984331916,0.22715263292711108,0.1962023055046249,0.24707546328602525,0.21857562754127527,0.24620703129447208,0.18071367518388295,0.22700756872532943,0.2596286731442836,0.19395607449761554,0.2564602295512656,0.18043269047512242,0.23904652754852998,0.18759508975609845,0.23531054235086943,0.18216379026612617,0.2725361476730951,0.22725514296387053,0.2905207335674929,0.24916144393433906,0.25174196046613573,0.24643055076768192,0.29323857305708384,0.22798222320322456,0.20423824174264557,0.23563637282114527,0.20420373327421137,0.2013654786735923,0.2623914116913604,0.19807726545790985,0.26010300354752325,0.268069737971975,0.22049123365364245,0.21714567660097317,0.20201312964831647,0.2163225627697414,0.24668567718410012,0.17560240242884914,0.2790774894096891,0.2092965885644946,0.2600144671577159,0.29525050475586423,0.23419707404010653,0.22721162115959992,0.3074642162552913,0.17890157111305463,0.18883589428255396,0.24206171147620256,0.18347557258399058,0.1936419149073878,0.2194360659292648,0.2536302188923719,0.21634732479235222,0.19679498992983274,0.25258713101088826,0.24589665582680928,0.24192015005570386,0.23273685317903003,0.18646012478630178,0.2555378939432778,0.23048757423554803,0.32468855079987324,0.1978955892917937,0.19112383830212615,0.18107426450598962,0.22685838492412094,0.2682772627342465,0.25942633988388214,0.2435692620243798,0.24119662482546736,0.27695035202773777,0.17791454587483005,0.20162812581011458,0.2304569564528237,0.1881897946858477,0.19390986858476641,0.22088086604176238
0.26557639014455575,0.25805517873213757,0.231161808603045,0.0,0.2461870083615003,0.252111992396998,0.26803472286724955,0.25483867295682616,0.21503362343649302,0.237666479977779,0.29477975448316984,0.2314069284844911,0.28476906554945336,0.28572849984663246,0.28578982169428235,0.2670339807116349,0.30848866813768006,0.285223255673111,0.24333182732012548,0.26044934938012665,0.32240764302329994,0.25866350516711845,0.2693907489887382,0.2526710634561166,0.2806060557860715,0.28175315247765953,0.28108387496783677,0.2765138846221128,0.23494397524453503,0.1925305735578212,0.25150730881407335,0.2527937783025709,0.34920875409099106,0.27356486517265516,0.2933070944349724,0.29903369159541215,0.2963344594832508,0.28550350246244344,0.24935568534057145,0.3320122100660292,0.2819297605826508,0.2692191697637305,0.25458313929351695,0.3064838000368688,0.2850071025225818,0.29455967701447094,0.18643887289462846,0.268952763738218,0.27405414820633556,0.2800368015458579,0.35304279550904827,0.30035771570420533,0.2573898785425137,0.3636660151242012,0.28247973684437766,0.24280205470965296,0.31403941321176193,0.27567066682115404,0.2703195399875453,0.3470855530984512,0.3314813804753967,0.2433267308567645,0.28322878731841317,0.2149054269772385,0.2562220048496958,0.2860972731716391,0.3537198122635583,0.23041584531341358,0.23985557137187916,0.27879726393957055,0.2689790437257519,0.27140220961691164,0.26857812570676687,0.3792573569957621,0.280677069940066,0.2356583175984691,0.31479905642772965,0.3040068296835192,0.2497382049446906,0.21193870783323696,0.24051080014621792,0.3135472626975361,0.22501468615709444,0.2559305914296976,0.3311252862550572,0.26307854080322285,0.3214126037975807,0.27075587594427,0.2770736327942889,0.2328762513656787,0.3058722853915072,0.2859645087000851,0.2734304156133816,0.2572964602121401,0.31547898459730844,0.23348354063558133,0.22558880137326345,0.27090690803319334,0.23253678631798524,0.29654291092748913,0.28209350943658296,0.2883004891922738,0.28271132089258505,0.21952994108522295,0.2925733655117656,0.26554344385071343,0.2978987692423124,0.2486972824155142,0.2911762312908972,0.2635283285990948,0.3105448392605903,0.2839653047391914,0.3359314730966731,0.3063292535862083,0.2826657547735388,0.26081633313433605,0.27582023284327933,0.2081831627365645,0.264481586352266,0.2894016129014139,0.27530965449415445,0.30160662596628074,0.29082087869188783,0.2944834284872801,0.23388339776158032,0.2451798043150768,0.2653235210742423,0.26778385966546236,0.2955109700216673,0.29944094405558275,0.20511988832732486,0.28282878431254976,0.28525859202334647,0.2777893688513352,0.27478952035808907,0.21455391036663196,0.18068761378371562,0.3002305930471811,0.2837441113723455,0.27682291613430554,0.2892967473221917,0.2831660997759091,0.3457978135264685,0.286850083328223,0.2945480790426459,0.21959568533918172,0.2397790651551968,0.23674029562233842,0.22498122306858367,0.19217237099669388,0.30768149898785924,0.24883797191533982,0.2944069451802079,0.20690665795782254,0.28396943382990975,0.300228694596353,0.26763688643365646,0.27446945388794647,0.3443214390408924,0.2646453934304294,0.2627917777543619,0.26915995247448604,0.27030972535272363,0.28240478638377114
0.28356968259668314,0.23251793364027742,0.24224031700310758,0.2461870083615003,0.0,0.21960016514501224,0.2816972710796451,0.21496050846756862,0.23067290002332283,0.22597430196827267,0.27682600002935165,0.21579946514191997,0.2528546877652025,0.24886061141487772,0.27896372570183503,0.27035110906985205,0.2724938699913418,0.28554577275430276,0.19852418424600718,0.25765043962987666,0.2865522926240556,0.28409684932722074,0.2692772354502216,0.2623952786997698,0.2496212436166194,0.2466250360838961,0.2421627202131518,0.21644515374018988,0.20124992358551755,0.22526402471043913,0.2603757334940231,0.22410669511634065,0.23829515096979065,0.23491158362674655,0.34548450469424336,0.2678245920702731,0.30123517776767816,0.2552198608284289,0.2382511353491384,0.26570197630628856,0.23368384840481782,0.3114098145537238,0.2630932901506066,0.31771832278075685,0.24315068609492063,0.2354448885828718,0.23668383578822955,0.2943080060334336,0.2941842051022647,0.2683769781055603,0.26363990331645054,0.23848709149107314,0.2060603857709549,0.24333033187642428,0.23641931959020357,0.22672515451426772,0.2299661622323377,0.28309850785129903,0.2291733199530831,0.24915775312077862,0.2024086289827634,0.19961670519207084,0.223427102830126,0.24076603136047725,0.2346915590042064,0.1988523377745643,0.24851701963770087,0.2557602108918674,0.21991941325178585,0.26547259269799894,0.2769705101244269,0.2571164168539517,0.21701207297540723,0.26478851856370894,0.22039428541796796,0.20454543238008308,0.239418001755103,0.37650918760688035,0.19903709518233184,0.1923166054327544,0.2176791992377914,0.27549619033298495,0.2511101462034385,0.19802928089862473,0.23773455767986287,0.23679648216983337,0.2569489727840963,0.2200320602986853,0.2181492111495905,0.21161923251709527,0.3507696027160985,0.29207041305847503,0.28019828876584024,0.1917332406395697,0.2601872466009609,0.23104566677320795,0.1766547946744223,0.24218710316454703,0.24215235871909788,0.22151627136139207,0.23961196597492546,0.21681687158102977,0.22277321438324482,0.2065753601034765,0.2393368149466612,0.2534378140309317,0.21529546026804244,0.2586086524190477,0.2778770111018205,0.2605355276360538,0.2673514720274903,0.2744887825127243,0.231147190733509,0.2500032523412501,0.21262873473042326,0.23455293490504905,0.21399066189767327,0.23933173993302845,0.21554676504256243,0.2550800956419226,0.33217211068410013,0.20849679180075686,0.24092712464691074,0.2854434925966033,0.2373182735228382,0.21266471280984872,0.20207699107532298,0.2596965037767158,0.22298464170242158,0.2585569384765185,0.2133910559557249,0.23837696432666042,0.19447863681389915,0.2423668339758118,0.2442696245822272,0.23500072896093965,0.2060129081943419,0.32099090485994014,0.26137438701333904,0.2621026341090097,0.19929724770568152,0.2793536871209321,0.2863652409314021,0.25863349451205114,0.29427009088004963,0.23169752160345639,0.27359680098863537,0.22116362636232623,0.2317348642583435,0.18584499105610436,0.23746544202340267,0.2054162336215265,0.2702295818554473,0.2204860191939588,0.25827007430531457,0.27652065399163944,0.2170877218978935,0.27006044752502945,0.2348402833493417,0.21140347334442827,0.20867448070864236,0.23259937522313462,0.21526362978782657,0.3201534974791386
0.2679846258531395,0.3734439665452965,0.30329916865635287,0.252111992396998,0.21960016514501224,0.0,0.21513866794314973,0.3381764670525379,0.24327192728489186,0.27968334003310713,0.2753288906963905,0.2911787324933254,0.3166235903712528,0.20786643663439514,0.2933405654853629,0.3219634841046722,0.2899624466683826,0.22594818146211884,0.2897062529632891,0.2814979282075436,0.3155403374017412,0.32195901770410373,0.19969360521626012,0.24757238566534595,0.3237562072015713,0.19865256965093644,0.21159937155544767,0.24739495486905305,0.23492246769484948,0.23056319964397848,0.2984197882872447,0.31706011686429325,0.3180085302835804,0.21957156627201427,0.23109978063678954,0.24622016381996606,0.27386215294484456,0.24619238834985524,0.2397898183404382,0.22768480503333338,0.2656491307835639,0.27848730830288615,0.24467972343915778,0.2710848294593892,0.26606128234877785,0.2489481953130737,0.22090298527535052,0.25046344886720295,0.21139743954368695,0.25096373813506,0.25880230822639494,0.28633921284321806,0.2225792366191092,0.30057224815337863,0.22903140765281083,0.27473514762978846,0.2663013726491583,0.3581653900899442,0.20822403837115208,0.2512023170145645,0.3310178128430998,0.22804561191710485,0.27385104612653144,0.18213688265027814,0.21372485740063227,0.22977676176240103,0.2273880653042436,0.2655019342864468,0.21164341548373206,0.29712225355419836,0.2693960781232158,0.20501782492169163,0.20568012946362066,0.27650796676960987,0.3496836244871851,0.21368650379222942,0.2256118191050835,0.2553652552447338,0.2240389637578291,0.23426206214803377,0.30124067298519686,0.2591292051807413,0.2914687940317648,0.2663575415409974,0.23825293264397307,0.29098035318132315,0.277195266314304,0.2051728125441072,0.2781562188687091,0.2273696942746194,0.24002184441152274,0.26663123117511317,0.2732788125451068,0.2241053350596193,0.22013374398952898,0.3148407583599577,0.24585829132109993,0.28507466756870253,0.18243032419624816,0.25161047404873155,0.2200772229112981,0.23837974037830145,0.19392074251360208,0.2615580938876208,0.2520002963578703,0.30538828161155507,0.28945382131668856,0.30445282396771733,0.24467020793483377,0.3097824400342431,0.24795978813239217,0.20287536073782708,0.27245451942667903,0.24752447813502465,0.23448302171688554,0.2998925405569772,0.2739297581508975,0.20722106020878792,0.2746016221282123,0.22813804227775306,0.22306436715826491,0.24368074948438795,0.24114608309428812,0.314293258589497,0.21948798125968327,0.2982050510577901,0.22472586976064804,0.2630795361443949,0.27310764335770343,0.2222540749161673,0.27475823201490257,0.36649655898569555,0.21230967279671434,0.23085506484749443,0.27081025817445964,0.2146209487274027,0.24419145973771153,0.21438308221464983,0.23957439112085874,0.2554986614134849,0.25497300531634304,0.2780064055728122,0.25818110873070693,0.23592496852761538,0.26628449568426127,0.19936986029882403,0.2924313612694387,0.300646820236239,0.3014308951739094,0.21436458049359466,0.23509222709194805,0.24634524876624816,0.22862530176736626,0.2288667432244631,0.3393781976080041,0.28938613161600174,0.266450572641301,0.34960748997759666,0.2057744099861439,0.21701439017458327,0.23213603484426626,0.2552888807614727,0.21884854101408804,0.2433733647649442
0.257818734236784,0.24488213511615287,0.20830448012663585,0.26803472286724955,0.2816972710796451,0.21513866794314973,0.0,0.204720390112828,0.20452363828146064,0.2307639126331164,0.248933727965897,0.2430343368211806,0.27095363032581804,0.25930406578360493,0.29453107419373353,0.22240673866848015,0.23105319873156283,0.24918016005628932,0.21884172726690593,0.22035769491853802,0.24133269525939485,0.2603555597053167,0.35313779314655075,0.288518974296812,0.26808438805964174,0.24293646532927166,0.2578333600324307,0.22387293124635846,0.21066998421993857,0.22403719588281618,0.2518146274586908,0.2598778391488303,0.259343637035678,0.28765618693828354,0.2524013746858517,0.23896782024014637,0.32341014025848547,0.21192663554050278,0.22248803494243455,0.30650683019151925,0.23542891840575217,0.2654694598981214,0.24132943880470067,0.2658115135919406,0.280886412344359,0.24178383051227556,0.2589492065269662,0.2349771254004432,0.3882637993190696,0.23160282738117455,0.289801166134426,0.2146291329967467,0.19359196640693965,0.25469168455181335,0.26616166928814405,0.2345708542242161,0.22428032318799243,0.23091776552299384,0.27525403525315323,0.2504370413567972,0.20106574412879558,0.2039147083262083,0.19207801272755906,0.22640562588319044,0.20754552594083547,0.1918646096957179,0.2929448152787753,0.29303407084899924,0.21893128631397593,0.22560723672781294,0.25577414723862063,0.2244769024069755,0.21470600529470818,0.29186828259888714,0.1837284693993495,0.22969411969246975,0.3195654186137321,0.3130603916897699,0.18660008886944207,0.1883490208921101,0.2008520570332842,0.24752589699431607,0.24119562986794169,0.17705834748705931,0.21203214047921012,0.2283971241511204,0.22887660416545075,0.25513083410254406,0.2357955118778336,0.21524060026130523,0.28004152102908225,0.3380499456309435,0.2559011663140013,0.21133740960358846,0.23872939514766475,0.25349178134917794,0.17073098881023593,0.26108800142420896,0.2188833434236046,0.27086532915455735,0.24411192982551042,0.23157278090537176,0.2546397803673851,0.212309234100338,0.2069127405369719,0.23854689774713062,0.2047150208632689,0.23537220148433521,0.2910510266419357,0.27378264871151325,0.3262710873412394,0.22849704069320773,0.241184494819557,0.2034370474741903,0.20158755043969948,0.227948130602819,0.21760098410509585,0.24571845711934695,0.22538137033141112,0.21169999741502965,0.23257866697801916,0.19712586139932528,0.22050454417297802,0.29714487919896326,0.20038278275749266,0.23497252164766272,0.21224065139069367,0.27836312804231794,0.2077815940870005,0.24430869567586833,0.19092994239306732,0.19363301463588703,0.196066925178388,0.20404369954938906,0.20709893608693222,0.20434502512874803,0.2091283294083219,0.275500788620497,0.24361770884478265,0.2546817758177075,0.21334656621434103,0.23946713046568913,0.285779187060874,0.22270520943338018,0.25625698273182107,0.27855437595863936,0.23893635661830195,0.22430952232042453,0.21769324482252023,0.15764795310475033,0.23220828965539167,0.21083537610966796,0.23848933366623007,0.27292654198312116,0.25680074582935164,0.2768112743638619,0.2684271837587573,0.2699229942911308,0.26179975187392773,0.25453892090275326,0.20876792433355593,0.21969269644853873,0.20875502802346105,0.2502967310476926
0.26465585488715565,0.36110530907182475,0.27702054013095995,0.25483867295682616,0.21496050846756862,0.3381764670525379,0.204720390112828,0.0,0.2843896479119939,0.2902001309425347,0.25591652127039405,0.2796872420067071,0.31235106480781966,0.22460478660703612,0.27216984824418455,0.30923512174537604,0.2857476216473032,0.2471543023471991,0.2655654717949213,0.287244882911188,0.301323825392709,0.27448658530779163,0.22853300796056344,0.25418652620280363,0.3244964139573534,0.20886107430369333,0.26075528955646987,0.2684177547511579,0.21289688480042482,0.24313459031344783,0.3618469577303197,0.27046956795030447,0.2878425609577066,0.23541394993534337,0.2552906614722094,0.2700633568635691,0.2954385951947159,0.30372238264863816,0.24147623163231022,0.24804025371812408,0.26961427403557325,0.2739093820915618,0.2459791049576572,0.2455417707161489,0.3467082676150087,0.26448345742375445,0.22139176603274816,0.23640085109988845,0.23790556392800738,0.24492353163487948,0.2443368581712813,0.24216335555008936,0.21704993140040985,0.2558064341805615,0.22603292592126173,0.2754773648307322,0.25573775959457623,0.35512993034059925,0.23155931515586942,0.2629742818537046,0.36484617141653264,0.2060418386892152,0.25026277815747905,0.20635438838127734,0.20170490952219194,0.22673487240785184,0.2479357976773822,0.2479511443981767,0.24357241559333628,0.4399164735929434,0.2529051094513485,0.2317599343176742,0.21301449739124056,0.2896721587055677,0.3637475478278935,0.21591015068220032,0.23630099470848118,0.2486388138320637,0.2729496588000496,0.19832016198841707,0.2556605289017886,0.2573510784641719,0.31245878650810194,0.30661984599703157,0.2558430979891993,0.3883966203933,0.34133026767157976,0.21493140681405018,0.3008338699901526,0.26953060510490884,0.23327895462679424,0.25528781415272145,0.24977194825992674,0.21708301937862018,0.24138196294173964,0.296677621784734,0.24717304455215597,0.2975629956988123,0.18536330476732302,0.27083708920589994,0.2360677041468863,0.2830250851528494,0.20315822543039114,0.28602223043258246,0.26630631372024804,0.29840225987565455,0.2710684553471306,0.3611870175627623,0.2509328852288474,0.29732041748280874,0.22477734072164707,0.22116829161478146,0.2638890367288562,0.27357272434661023,0.24543456842422312,0.3194157479081048,0.2725568521081562,0.20565038750130887,0.22514282410181433,0.2383126864560027,0.22666004254477765,0.3080403257617324,0.23795354392668844,0.28744467670084844,0.21842882067506178,0.2710044177111104,0.2107227771301089,0.31769128283811837,0.27770510965818773,0.23648078550219406,0.3257488682974006,0.29936946819528987,0.25536120635546916,0.23159765579235822,0.2792734378226719,0.19830899128940555,0.2571457820805158,0.23326240538882742,0.2724442936425984,0.2956780973749696,0.2548110998779427,0.2509907568177417,0.2762792770294538,0.2402680437592289,0.2812510852477634,0.21330392938073583,0.3056250084602849,0.2791067700894326,0.3181395066350152,0.21034195128031985,0.2726102835254858,0.2505229017705657,0.2497988712800661,0.23776064711506978,0.36795889046874647,0.3403375981622557,0.27394105563749754,0.3484575289417508,0.2079454916268937,0.2069947307229156,0.2352154333508946,0.26613289771309717,0.2400842481617988,0.25241081335674515
0.3042931040046315,0.25799730757421013,0.20436464623358822,0.21503362343649302,0.23067290002332283,0.24327192728489186,0.20452363828146064,0.2843896479119939,0.0,0.2038667450978888,0.2117369392723242,0.23240806605326902,0.2240034295647192,0.2445969511021873,0.24378274184302232,0.226631360372344,0.2174373147206427,0.26494849980461305,0.21590513960281588,0.2720031788774847,0.2340021392816467,0.28022866028776056,0.20478815203332157,0.22441290414652348,0.24510516309244806,0.19873033751415342,0.23617643577643388,0.21564980508419102,0.18319515009094883,0.2967720533632009,0.3167904217544235,0.2115324315388857,0.23769617518003133,0.1951153762888062,0.269472909451077,0.22159053679340115,0.24159551589642314,0.31054075079964794,0.21306575230931504,0.21694328669219387,0.22444393841537835,0.29816970655271247,0.21616275877843066,0.2298351668390078,0.2428065571520249,0.23057612752511358,0.21334666254201765,0.20053922585997858,0.21372638769908442,0.23775378616234147,0.22119567791360265,0.22482997956132064,0.22563167809016707,0.20857905631505574,0.18937759837423676,0.32625226814074076,0.25314775809248774,0.2575972148328486,0.19893253870364366,0.22442764707747997,0.2124971916841616,0.22524521168326295,0.2161310312176265,0.20323239252653705,0.23737693676256136,0.21369734212358413,0.2430639692823417,0.2504557497911981,0.20526843828840247,0.2903527873251773,0.2912606897113306,0.24359457908874527,0.2367761687340404,0.21680098806485518,0.2599668570377407,0.22049936624877908,0.18254899847629427,0.20639721548895565,0.24942200057957978,0.20660493709215852,0.22485010712033396,0.3415167640085054,0.31511460177203926,0.22612085292618225,0.2575754229594604,0.32619832247134245,0.2603457622246919,0.23345196906857477,0.2417729055820351,0.3599794112571744,0.2684176210513959,0.2985336248129039,0.21787768567154386,0.21847773113931215,0.2771669272328822,0.2728492959239816,0.22986983899091495,0.24629943015925937,0.2501525298868167,0.2217148408427623,0.24846351970933858,0.19404762944321777,0.22051152499407922,0.2264521766194616,0.2773569606523439,0.24328544464224536,0.19318293762206473,0.2583398854793538,0.21226313795928223,0.21971046570053906,0.1894699736763753,0.2638887506750256,0.24774922753575102,0.2840477683208266,0.23102016742558695,0.2824754034806214,0.23238358608499976,0.19491119232356202,0.17154503703329682,0.2673181864444216,0.2637192837356234,0.2624963561490293,0.24804380909335172,0.25914793049969936,0.3291176861182918,0.20713384327176254,0.22305422114845763,0.23396943982447949,0.19648970735811913,0.23747873142401396,0.3660784934508764,0.25443774992466067,0.24713907968655768,0.3178922728907067,0.23144930666612612,0.21751590231313978,0.24662907429795083,0.23536711858682252,0.22910099636695777,0.2883113309591691,0.2197881667210486,0.2338082994872731,0.2813173746504785,0.2508011520698961,0.2420280822709109,0.23152831600649101,0.368892121197262,0.21593462309415068,0.24324537757384562,0.19189412163071176,0.2949149968471023,0.22137529396338076,0.2352601791832879,0.21347202733154125,0.2583665518026417,0.31528417531791114,0.2377133338823956,0.2646393605977343,0.2416391847635541,0.20691071796136176,0.18675703960446635,0.3071248506050248,0.27485008175547826,0.30157167452790096
0.25441450591661663,0.3530558191064778,0.3461123362074908,0.237666479977779,0.22597430196827267,0.27968334003310713,0.2307639126331164,0.2902001309425347,0.2038667450978888,0.0,0.23100780659099837,0.24637249332375688,0.2954786517687534,0.23276483338259588,0.2465258917817529,0.27128864762615235,0.26997799125191463,0.2623637916993845,0.22063055849281818,0.2350086999535486,0.24311540714428073,0.2700415386412385,0.2605503906637698,0.22995233984580787,0.34826488492529867,0.193662596009553,0.2407080159550939,0.23855664575061108,0.29945289640142536,0.20418523249977522,0.2657142773119126,0.2717419592754856,0.22392486372502837,0.22200033760311266,0.24543661513784434,0.2400121119346581,0.2845735489761285,0.2194376771702919,0.19680578777344077,0.25205989641771176,0.20828338022065376,0.2650286298713696,0.22520793334539752,0.22165758063302157,0.2801081219535869,0.2413266924733684,0.21984358342779314,0.24337215454386008,0.2633212918495589,0.21020327052985782,0.23330480304137588,0.21218792835779737,0.19331297592935523,0.2589378365811467,0.2647837630890582,0.25790057691351354,0.21399354609264898,0.23507468447566915,0.24249133115375307,0.2486096497458995,0.266641246984528,0.19315213608140958,0.19601192295224112,0.1959635569594334,0.19432258389852414,0.20333117618121463,0.2272547002293348,0.24191272796279237,0.22979972748544553,0.2749720605604187,0.2235594847778684,0.23817908059561338,0.18719720201854126,0.26902346486055934,0.2400277853120645,0.2179804118853853,0.21328201985790304,0.27941656442750934,0.19182148436182506,0.1929913222175092,0.2219206774703091,0.2223773270286077,0.26538079795966907,0.2252556841534516,0.21913008250370666,0.253448558193885,0.23414161861629038,0.21385703820914737,0.27128229338646953,0.20216275507076553,0.2213433148824842,0.24248077175514154,0.25725428996582334,0.188950790963155,0.22791777751460784,0.2874348182524593,0.17438037835349995,0.26450293092450716,0.1866145603398522,0.26201634168444415,0.21864866153002782,0.23552060262666838,0.18921388185224014,0.2964027085483182,0.21732592132285786,0.25204841975357967,0.24061046714440018,0.3144980010983536,0.2560712026481268,0.30086887250986216,0.21872945403836988,0.20054460328102075,0.23951467678086671,0.22358528731176358,0.2074358017472818,0.2613402902365468,0.2374136675249398,0.27167112543181055,0.24107147417039065,0.2249180803848479,0.2001422417522315,0.20623399414753232,0.2132873029796475,0.25801306030444027,0.1877705814507784,0.29965322794811233,0.2018637227995566,0.2567502948497896,0.30091347557643755,0.2347212038004871,0.25924776908365954,0.2236232025539506,0.19994417939855166,0.1815411554990343,0.22073798704703992,0.18316265436313925,0.2207727359059881,0.23876078617600233,0.2639791333747472,0.23157059920075881,0.21562677525370352,0.25993469036744954,0.2722538903635517,0.21016517857364325,0.23644454819083244,0.20598698901892237,0.20881795874688702,0.2639036092998139,0.3806635899337779,0.18824794701825823,0.19895778234990216,0.22953268137931424,0.21238000676508206,0.2568409403619186,0.2603170545333379,0.2559382379729788,0.22018878873779216,0.29630768356885445,0.2137305297248005,0.2183396422790151,0.2574160479321933,0.23445805738103118,0.20486020894887655,0.20699364169845977
0.2655118286148294,0.28166306576689126,0.26696782899670085,0.29477975448316984,0.27682600002935165,0.2753288906963905,0.248933727965897,0.25591652127039405,0.2117369392723242,0.23100780659099837,0.0,0.3153145276783549,0.28477259422535034,0.23323573013327123,0.26552706007010546,0.37042468019226354,0.3223195318283304,0.2685366155649164,0.2876417515359696,0.26767405111539994,0.326608376978977,0.3269067635213441,0.2535942282269611,0.28885638800782104,0.3173428110062694,0.25585255881979097,0.2724262279827567,0.2848337852932485,0.27611391492305704,0.23817914426658174,0.2625536636687738,0.2883489862688965,0.2732714424730137,0.2428276333438695,0.2674113363304973,0.3081389211866869,0.31961952173044095,0.2889496312947962,0.3366860819203717,0.27182750413903584,0.2672692575105862,0.2556809650721673,0.26720981166399027,0.3173727662137861,0.268825104476125,0.24334670627931304,0.18209908880116105,0.36567465501061236,0.294423278697127,0.24683166383580876,0.296105192487462,0.23939416926528204,0.21396275315888066,0.35336616014089844,0.3490383552206744,0.20054850259584225,0.2996120430244077,0.36098615251976013,0.24431707235192937,0.2846042211574735,0.3049603557228462,0.18947539449161152,0.25657510442849285,0.22701244681899455,0.19667646189427537,0.21616292220998715,0.2579753296781795,0.22192450986045556,0.25242359888767674,0.28586160654267806,0.2511364448547321,0.22663256503428725,0.22503570360118816,0.3079471552041921,0.293334220066061,0.22155939276240108,0.3081393501744136,0.3042344317491383,0.22436000461766092,0.20405301102123188,0.23000962079495588,0.2345114805967441,0.23980594197073082,0.2444355439002805,0.2410100066307468,0.2485289589785734,0.2853358840079761,0.2214423367929145,0.23622427009224223,0.21417708497337928,0.3187410339170769,0.21939429253913673,0.358843153006203,0.24578114872898513,0.240060672898615,0.2668663703989391,0.20854268611455312,0.21868537360246496,0.19863397961636517,0.22457567274722565,0.2762700555333488,0.28735912129047186,0.2142762986879097,0.22479432882107847,0.24888902713187058,0.2302505350916371,0.24658904802417458,0.2650981890814969,0.24650583638634493,0.31523349136647005,0.34820400917668765,0.24703254779216674,0.23984323949011987,0.27148342787375307,0.24974515982717727,0.2509995290787287,0.24097232961476914,0.2711380504717385,0.2581218919748563,0.2372998280569574,0.2808375444832544,0.22271846683509622,0.24594849608457706,0.30601485934676187,0.21372423042848446,0.3100753537601551,0.1892166751858004,0.29995580568417285,0.2814975621251909,0.24067545579619026,0.20235165197241586,0.2888548406350154,0.2541619462906954,0.2505868935675464,0.34241260895997094,0.21020413793941053,0.22142698568895028,0.25081610972875545,0.2997348669581788,0.28700645671205993,0.2507145616637193,0.29124216403633824,0.2422217231462039,0.26451696771936106,0.368624573889873,0.1960569251768666,0.2421984015957095,0.23988387727787444,0.25472871531037894,0.22756395389979142,0.31024940605997875,0.2355750658862175,0.3820469346990793,0.21613896704372754,0.28489345363183805,0.28461501769890607,0.2762093554955431,0.27111395567929214,0.24898687075725623,0.2277674082825927,0.21454954363236267,0.25195411706536397,0.2088185142939398,0.33664429143237645
0.23176436682067847,0.31418953619475976,0.24905643511554584,0.2314069284844911,0.21579946514191997,0.2911787324933254,0.2430343368211806,0.2796872420067071,0.23240806605326902,0.24637249332375688,0.3153145276783549,0.0,0.22488353365584074,0.16908729189829622,0.24286293615260826,0.26920121814637976,0.23571036773283163,0.2018631261007432,0.3082622854070281,0.23929505560177705,0.2801919203298823,0.27106976721192994,0.23402977406312456,0.2842653543172551,0.3307242977837166,0.19620807934750098,0.23452818514862747,0.21436524644253788,0.23732859821570976,0.2660592413016745,0.29028678853069423,0.2428762600745085,0.2415877215173395,0.246323361232866,0.21044152757651383,0.23680674484997066,0.2732330971131423,0.23511407691655506,0.31181437597614914,0.2238706513234437,0.24665141354868225,0.2529807786719241,0.2201640526634276,0.251326361037813,0.24931287954331233,0.22240249106990911,0.2079271732430193,0.26552878467839885,0.23844969667016766,0.2069259486448317,0.24069391074379548,0.21985075528485523,0.18071833186035752,0.27311789453405605,0.28246205586961215,0.21996554788292663,0.24997805806763362,0.3343300189536584,0.18532808029735248,0.2273280064173369,0.2228419354384168,0.1663476032868806,0.20832545515313908,0.18339568265119982,0.1749212836308923,0.19012658355254375,0.20309567863619005,0.20403487313415788,0.17995987114222314,0.2447764433072013,0.210011484407105,0.18088368521370377,0.177726428312424,0.2309452703698822,0.23967281279798336,0.19573854971181703,0.22073562391496646,0.259769287561872,0.20337401480284895,0.1850924861691353,0.20738906750965586,0.22164704658418558,0.27337337864030914,0.19750560512398313,0.20915645740285385,0.26787218821220055,0.22904357465514513,0.18455006071989905,0.23426269768290955,0.24749467563866992,0.2274157169357241,0.23177489907795737,0.25028092438522226,0.21456722487692126,0.19005007415231354,0.3411276653496871,0.18747132396866403,0.24675495899983615,0.16807440369034474,0.20152496075407883,0.21111659972673372,0.22906324076615284,0.1978835771568961,0.29728600425889595,0.19802927934229,0.22277263787790885,0.21924119804297595,0.26100058574081253,0.21266958618276685,0.33584795321189936,0.31515245454845164,0.21227536868811686,0.19545682862674718,0.22983168214193214,0.1996986416379954,0.25115359344331323,0.22066852633096404,0.25730406954668994,0.22373790631124324,0.19010562920558846,0.20513731280200317,0.2027182104448591,0.2083011526961367,0.2727454259840867,0.1804234037046089,0.3377969626562953,0.1678773273071111,0.29825066124304567,0.2598338660817872,0.1886807503123601,0.2233539020118509,0.225768168004719,0.20158109232544189,0.2269209609192694,0.2672497888772439,0.17294329531816743,0.26603632217334866,0.20673841990101818,0.23742119005251378,0.2758304682647934,0.2004686266055367,0.22132394168179628,0.227973374108428,0.2144807656650245,0.269759349511504,0.21390886094895115,0.30965849039142906,0.2260364070900734,0.2936141471316016,0.20263624927007093,0.2549202776724244,0.22024880560124768,0.25726026583643297,0.2228375782895161,0.34367993692913296,0.2490140653980601,0.25635026552105705,0.29773610942939843,0.19261573623139672,0.18882379018040005,0.17015094001823075,0.2184985392153619,0.19635293897007328,0.26303997773933907
