0,1,2,3,4,5,6,7,8,9,10,11,12,13,14,15,16,17,18,19,20,21,22,23,24,25,26,27,28,29,30,31,32,33,34,35,36,37,38,39,40,41,42,43,44,45,46,47,48,49,50,51,52,53,54,55,56,57,58,59,60,61,62,63,64,65,66,67,68,69,70,71,72,73,74,75,76,77,78,79,80,81,82,83,84,85,86,87,88,89,90,91,92,93,94,95,96,97,98,99,100,101,102,103,104,105,106,107,108,109,110,111,112,113,114,115,116,117,118,119,120,121,122,123,124,125,126,127,128,129,130,131,132,133,134,135,136,137,138,139,140,141,142,143,144,145,146,147,148,149,150,151,152,153,154,155,156,157,158,159,160,161,162,163
0.0,0.8803214864632407,0.7873008294208409,0.7531892334444245,0.8311593925075076,0.8806714821350715,0.8597530296620384,0.8835916792380782,0.8713630431567326,0.8163676161051299,0.8497128097187236,0.8471423540555619,0.9174087647829189,0.7611285104556724,0.836178341045184,0.8653960770976188,0.8628437470432944,0.886719046929383,0.8004041428852596,0.9191195638268673,0.8838079508750573,0.8470299153566925,0.8394445437537221,0.890817803309818,0.9162826878969309,0.8047314404336943,0.7841093221209265,0.8862564652637125,0.7331415587909983,0.8226240658673857,0.9114240913293717,0.8447341177686808,0.7679091724847656,0.9027535947640686,0.9138496279147916,0.6857106006158465,0.96819558536871,0.8073925448268992,0.7781838162100184,0.7829764278121233,0.7159278993184535,0.8971172147834999,0.8280163088738808,0.8272517335900327,0.8885270137161795,0.8561448102501215,0.8381272750560715,0.8228750160364097,0.8898033881390816,0.7481641519711884,0.8299951234346143,0.8635460357463699,0.7282606577872589,0.7704266393610029,0.7089880963188033,0.893791887806189,0.8988468468816526,0.826584608648222,0.7747294338258965,0.7676638179195994,0.8440219885342989,0.5957433176787125,0.7767939324929164,0.6449174832900932,0.8523466385451497,0.8409345590582928,0.8699803865053782,0.9320949626545958,0.7631514371732419,0.9340409457455687,0.9531895724771566,0.7475685999980519,0.7988984126623366,0.8624060320482708,0.8688312222984443,0.9368908776314744,0.7966122368262101,0.8512711947171803,0.8302145825477907,0.7977167352015146,0.8247502431739347,0.9135453456125231,0.9037450029452786,0.8044469221902292,0.7695442763565632,0.9051731149513017,0.9051188781995303,0.8191058585265717,0.9164353550581242,0.8956534497385977,0.8326110480556381,0.8346524483575033,0.7199936690795623,0.8484942393516088,0.7906542304682309,0.879662482128726,0.6678098014895806,0.8610058310451901,0.6338346115237081,0.8899932067250903,0.7724833413586771,0.7510473326096655,0.6855952157553106,0.7663837301906888,0.7668480096333345,0.871899027852675,0.7191705774294405,0.9255147017632365,0.7808128960084872,0.9357044703700572,0.8665572633006172,0.7450881039557895,0.8786408035482169,0.8500485913571939,0.7735608071299219,0.9047352271047536,0.904196609105674,0.7554991667120332,0.7436965165561716,0.8210198156153061,0.7794094832500097,0.7349998955890733,0.8776538002908642,0.9409688426289377,0.7861956535885566,0.8194602250734769,0.6888666210345841,0.8397691094259552,0.752415328419369,0.7359324382951336,0.8464751619942996,0.8193940631361766,0.8112444170879374,0.871206646085787,0.8278967949726709,0.7431226978990266,0.9340679949158096,0.7862404477796425,0.7733396399030998,0.8297392261930143,0.7624706359707666,0.7560677119974151,0.9060071903351986,0.6371423610880058,0.8622296299766271,0.912762378955819,0.8703247868774071,0.8037721183775794,0.8339429289377774,0.5836858242972052,0.9354700857863341,0.7622553110754771,0.7935681610474455,0.7726849188334105,0.862767007672092,0.9430924199643606,0.8898594257767996,0.9302201088459886,0.7711274110259317,0.7631333937326739,0.7633683779810252,0.8955775916135515,0.8813370764034804,0.9644270581737087
0.8803214864632407,0.0,0.9470311717589321,0.8073437770016387,0.9122881418244697,0.8761595396599662,0.9125055229789936,0.9673464646744392,0.8199671138833958,0.9617774813530098,0.8942689714959954,0.9152028029881596,0.939092950563786,0.8276178992432419,0.9299059257203897,0.933372775105602,0.9133311892529076,0.8963773132159918,0.7928338061020409,0.86806849043295,0.9275814821662058,0.9677500488832604,0.8778682514395735,0.9355227292989808,0.9241339926201336,0.8235934165368601,0.8843054197759516,0.8721851469713127,0.8847867862684318,0.8075791391038414,0.9337010811081182,0.8536316741225606,0.8678820395257514,0.8579549302901506,0.8919824601781032,0.8132044360278569,0.9350542137140299,0.8823886074473498,0.901658878071406,0.8541247521998871,0.8383569991087232,0.8535313239462483,0.8434335866923841,0.8303136229098619,0.9648295520879208,0.8949216471015444,0.882808320949977,0.8378941747913846,0.9066229570077886,0.8260734339977953,0.8505923208685731,0.8304291416973243,0.8052622052768499,0.8796841918995417,0.8100560408187186,0.8563625395190798,0.834707359881727,0.8800409495678195,0.8549451798646437,0.8475871132612002,0.8908228680405896,0.623646692777734,0.7546591151452113,0.7391244290158623,0.752327161054768,0.7424394427150725,0.8799103308281329,0.9193185886438947,0.8764173314080911,0.9472017779449198,0.9066354564088561,0.7808372405088081,0.6900696693080774,0.9259917351146025,0.9391401545744413,0.8267150540636743,0.8438912003771312,0.9643328111998393,0.8356792077626659,0.6802127342665131,0.8102088997277638,0.8615700914528106,0.9448694468912608,0.8451721191602237,0.679407562317549,0.9544926606981856,0.8009064614851461,0.8197707185134571,0.9208109450731924,0.8926818623350549,0.847090811964371,0.8470054631010038,0.8293747399803972,0.7464351309678068,0.7946432293279827,0.959529168393643,0.7200389688829435,0.8619393100128981,0.619320273693299,0.9135064552933893,0.810667148084038,0.8083269133833327,0.667749263352298,0.8609184987355007,0.7571122103296868,0.9049929386156864,0.8093560802696388,0.9460705787260925,0.8924049751882063,0.9400049061537342,0.8496458464319652,0.7155911762699764,0.7850924644674344,0.911868131308139,0.7841494707863589,0.9150458756099525,0.8292059513929112,0.8244227331419057,0.7837374632269216,0.8284177528885917,0.8082023481952292,0.7849303519482258,0.7492469749398237,0.9440304117074757,0.6781821665103583,0.947114683914717,0.7080996633950406,0.950286951068376,0.8638256886387139,0.840089663380557,0.8549992774713187,0.8464414591240795,0.7523485275036946,0.8056437843558237,0.8670375131659702,0.7434625785944206,0.9238409086450696,0.8606970032914141,0.8845563727220126,0.8988315887988544,0.8217198250280897,0.7995334286477255,0.9343146602556609,0.7419471094236224,0.91094278858215,0.851868187094133,0.9129819806084852,0.9545593392820938,0.920020977461135,0.6422037108610081,0.811111610192206,0.8211225387381882,0.8789645329458466,0.9112765043951918,0.9155791302483405,0.9230132184152102,0.8673880698877796,0.9577479558458502,0.7931680414968063,0.6933038045720755,0.8779380337035934,0.772985390973641,0.9427266199159918,0.8647843531237042
0.7873008294208409,0.9470311717589321,0.0,0.7587836383249351,0.870034295755541,0.8266595434282737,0.8326412179781378,0.9215949632688129,0.742016061644088,0.9748408686275151,0.8737961286525551,0.8773781322005618,0.8799274225538682,0.7687416418169128,0.8791690674291899,0.9152768353369335,0.8786962849708125,0.8400597439180018,0.7636651571583319,0.8219977111806025,0.9195980414271324,0.9659825080010618,0.8110763193656318,0.8847243129147191,0.8876797494712123,0.7732946738514903,0.8275453049663745,0.8065547132240601,0.8995000310745349,0.7453703641490904,0.8547120848040262,0.8132666327709691,0.8151595326919433,0.7733999847559575,0.8068104351704722,0.8023229037525211,0.8628764447411553,0.8477389404391642,0.8848488696873252,0.8067461907144552,0.8164524652785884,0.7987857940553025,0.849566452229117,0.7883949499555213,0.9074337571860613,0.8267410565373858,0.8256158916355285,0.8372789160980965,0.843291951298763,0.8011372242654753,0.78752627362718,0.7628657364862675,0.7412685646869855,0.865440602020737,0.8071263112687976,0.7766822066697067,0.7620183951579672,0.8466074415427294,0.8488471847609265,0.7766078261829714,0.8628405175498692,0.577291304783126,0.737024369433523,0.7489300063650022,0.7040803775480965,0.7037401665682984,0.8106509150220919,0.8646484765733612,0.9148846204837654,0.902539092114467,0.8289578811136001,0.7250651219702174,0.6419502592371197,0.8832504232078116,0.9104905832281491,0.7259125420514914,0.8052955786991032,0.9004006972845005,0.7833895374278237,0.6176086276350538,0.798492905807603,0.7725234149756599,0.8745862400717886,0.8155768054063072,0.6251483896065265,0.88673417980295,0.7522330225772133,0.7465904791420908,0.8211330632376137,0.8043304661769036,0.7744357851780226,0.756814156206084,0.8100665182724779,0.6685551559324797,0.7309019155567917,0.9160099859102538,0.7247674128104089,0.8076518990868989,0.5633157197760085,0.8136621647093187,0.7518249156130181,0.8320545255091323,0.6334317193330821,0.8665404657837505,0.6963324414226466,0.8468901533410058,0.8236588850556774,0.9026951839782343,0.8473177678683977,0.9000808651840483,0.7966483369238281,0.6636603885781456,0.722451356778054,0.8502677567080847,0.7182819278528626,0.8210251650026998,0.755261395843283,0.8478988890306834,0.7919541111910268,0.7293868919596956,0.7506060856621566,0.7282326512600502,0.6927790515403829,0.8499656883511335,0.6229056097020187,0.9280240956619935,0.6364396509374186,0.8853389395407991,0.8689691801483478,0.8230264616516364,0.7955920406321443,0.8617251843735904,0.6843837889688281,0.7058367397244026,0.8827765203854426,0.7327003161968034,0.8610044832334304,0.8039380188737133,0.886996882993539,0.8526966223892105,0.7929735992462411,0.7719697927474843,0.8232470705308105,0.762626916708052,0.8816155050564556,0.7751727027362629,0.8523232874591097,0.926163561999025,0.9369015690341262,0.6426259580416951,0.7284746561379121,0.7846873337453529,0.8616538489533877,0.8982069089301667,0.8859610248534189,0.8639101817167264,0.8052156788367191,0.8845940264003308,0.7325278457841502,0.6222118183698673,0.8812565680777925,0.6883697558528139,0.8870391702225982,0.7762814376487244
0.7531892334444245,0.8073437770016387,0.7587836383249351,0.0,0.845593470886279,0.724645499392817,0.9022694563068345,0.7650136151405015,0.6232414651778936,0.7693247245934182,0.8539014444450235,0.7534506522656306,0.7852706446415524,0.8063301040004887,0.8829700903316292,0.7426187066213109,0.8235084838835816,0.8386822145439746,0.7373356509735154,0.6676884866313118,0.8132861073107707,0.794107967103581,0.8315045317139971,0.8306501637256847,0.7600891570207599,0.8895704108004007,0.8187886172924227,0.8420473678784928,0.830714269371792,0.625748895258535,0.7507753512902401,0.6805677993949347,0.9754217722122226,0.7724485688685667,0.8514859540334524,0.818110454762437,0.7827523963657068,0.811414274295292,0.7853560794524311,0.8703972050105718,0.9375516120293169,0.6583519122349837,0.7673696545604948,0.8750872930613808,0.8023452271554323,0.7853622000475206,0.6868198116996808,0.7744615332460008,0.8402070860604915,0.760958701165666,0.9197668648133281,0.8840891989325147,0.8483465975465789,0.9265014015086529,0.8367521947450585,0.6515359778236367,0.7729522212147432,0.7737187001169139,0.8350478626797062,0.7792404767762212,0.8076576884962787,0.5802627091420913,0.8468932942979053,0.6617498145716358,0.7215843851430206,0.6921549047734818,0.8044156446253962,0.7422394741297729,0.80430419036524,0.8167078933275282,0.7665855917736101,0.7787995516916517,0.7071129375825125,0.8744116291688458,0.7859056760443065,0.7259844132436393,0.7870185831105447,0.871863414574331,0.8476958391495331,0.6512607708222918,0.7371983109646326,0.7791161972489501,0.7289926150357969,0.8066071145708691,0.7281144332358908,0.7779437825576614,0.6787276057913506,0.8072457408350784,0.7733526935706734,0.6800289053530764,0.9158071417435856,0.7612010993796022,0.8306742350898417,0.7172606581018206,0.8993205323499436,0.8089066435295708,0.6058591123370753,0.7437529552655783,0.6092555591309324,0.8661155029518581,0.7778185757127107,0.6778194985895187,0.8346136763937617,0.8131059434671727,0.7822199968481492,0.7317625048697931,0.7267323005318049,0.7729835114956322,0.8531282496266847,0.7326240389185631,0.8514757110554447,0.7914686897752997,0.7546128803578638,0.7581834289833363,0.8856692703292617,0.8143167588438154,0.7564408659752128,0.6727556342828022,0.8463864681165273,0.8145237975356278,0.761674467570929,0.9090059669325673,0.6654330655950674,0.8507687159543642,0.635633680549825,0.8672485603031382,0.6721642945950154,0.7428128510670603,0.82599349061571,0.8096874263412012,0.6249096988932201,0.6318164657775627,0.7060499474016831,0.7959179494988708,0.7175437494080299,0.6849820631332597,0.6910348034603587,0.9006171815252532,0.8226266468243847,0.7535664636084927,0.9582727354706553,0.6405036210691938,0.8287676972925184,0.7153401112550536,0.7988475941111276,0.7490050752720483,0.7033436135444673,0.8162520377525515,0.7039601289436235,0.5508371159425277,0.800216558185291,0.8678956353500189,0.7729276915970046,0.7162125369786433,0.8312929529592482,0.7397789287636645,0.7632739802240746,0.8131848101924853,0.9510884201935689,0.7603151856460145,0.890855066180645,0.7350388389902315,0.7315740804476892,0.8274633335688599
0.8311593925075076,0.9122881418244697,0.870034295755541,0.845593470886279,0.0,0.787425350240834,0.9491813185214821,0.9058779314562974,0.7844866080983686,0.8826676511078148,0.8340484147853227,0.896145235817846,0.8352464023162228,0.7541889024544232,0.953379577350363,0.8417825153147547,0.8639637818525621,0.8970923979588028,0.8002213231211021,0.7700646768748522,0.8955536187296289,0.9031962429225424,0.9202439752240397,0.8993247551938538,0.863563611383943,0.8125186372165148,0.8813222413169834,0.8399077300510418,0.8119576234657347,0.8128680138379188,0.8911263333044683,0.7725454186096059,0.8895321553248174,0.8294299815844105,0.8441823574380528,0.7986587596273681,0.8444138700985369,0.8207679786994128,0.8622579203759092,0.84564384765975,0.8666891902524748,0.8105892785999516,0.860954285124613,0.8079294803003914,0.895618374161076,0.8834426443960288,0.8752979522614522,0.753119114731369,0.8952612571888375,0.8295618097945922,0.8913496163868834,0.8372687157146468,0.8038726153472168,0.8584130828355063,0.7815973196260247,0.7816765581703752,0.816641236325745,0.8876064356766057,0.8219577511070979,0.8270295735636657,0.7760133855797029,0.5927534402703728,0.7578558825383575,0.6812311670429197,0.765675602811085,0.674918714396719,0.7932453269368075,0.8477949786203195,0.8510865951991493,0.9012906585706904,0.8435435325159549,0.7345455821989592,0.6319417652475906,0.8940469680189495,0.8430370204666793,0.7575915575960472,0.8000163562346525,0.9457126333880466,0.8335245999882197,0.6050398201075188,0.7159599616508375,0.8903682420446077,0.8930239921603013,0.7442578315739466,0.6765293251918434,0.8912492548797017,0.7094225707014818,0.8447381845888167,0.8712338105233343,0.8133399143232714,0.933595259150729,0.8569229252084831,0.8365820787806078,0.692756260995856,0.7796101522561297,0.8948622179913709,0.6232512268646474,0.825804818745759,0.5949131110792404,0.8738634715460977,0.7238731378662048,0.7621630276681521,0.7380067021746625,0.8750862880094459,0.7445949376532163,0.8607021427938267,0.7619527468201954,0.8830249361127064,0.8914129132850201,0.8307802580464937,0.8416596425907338,0.747120282885799,0.6969337487919733,0.8289421971794074,0.7778706634493996,0.8892018765933656,0.7895067204271667,0.7864322471467581,0.7463069585004838,0.7884559690741884,0.7903847516967161,0.8263537722400628,0.6656854127757829,0.9152132058428023,0.6061399457310194,0.8861354604019626,0.6849764794221442,0.8854739245441415,0.7996885782930164,0.8057670424219061,0.7908529312103874,0.7362689717200998,0.6617903606903468,0.7619571211563226,0.7588386647188686,0.6713976885507568,0.8425555377878542,0.8662380130343217,0.8510443237447606,0.9187826268238273,0.8087982380604611,0.6902113898481699,0.9293674724549443,0.719049012301663,0.8099208593280706,0.8646901884553024,0.8857593900937093,0.9024191758923722,0.8357885675850434,0.5754854176544072,0.7882043290707477,0.8081600012229396,0.8774120397917738,0.8797735966950042,0.9077757851395878,0.8301555779057078,0.7903924205203522,0.9128229813812215,0.7853404836114302,0.6792894255276636,0.8241534568456436,0.7171246865541815,0.8882639164010193,0.8439524540646248
0.8806714821350715,0.8761595396599662,0.8266595434282737,0.724645499392817,0.787425350240834,0.0,0.788619147042391,0.8768124805034437,0.8304167790969386,0.8661044258566941,0.8215875746641327,0.9097747049204461,0.8237924491568043,0.6943773525103079,0.7600248417095175,0.8495436745109042,0.810602611504915,0.7403452203368883,0.8629243842317589,0.8305056994038886,0.9002327701571955,0.8174104648436482,0.7347476772376297,0.7765989442587001,0.9434816274620574,0.7038476611306052,0.6847933056435964,0.7874682315113501,0.7769903591555721,0.799951551145406,0.9281036808739217,0.8934286389533728,0.745795080255333,0.8484391557676496,0.8643145106422291,0.7339254534123337,0.8877798509409328,0.7733970147437482,0.7922401015745321,0.6714179673142205,0.7029718922907737,0.8990580869982436,0.8056029978991336,0.8667433933499151,0.815267987277887,0.7264716786173225,0.8223185567728842,0.8488025536494662,0.7904248103606629,0.7034311179573683,0.7822300491587588,0.8406880763590935,0.6771158876713643,0.7948843728566964,0.7439549209051428,0.8864434714011945,0.7702942763944838,0.9122833726190901,0.7037455166576829,0.6862918208526986,0.8264652127977525,0.6250207503118608,0.8097423713178281,0.6573341009557676,0.7273076921097117,0.726128807624129,0.7479364750589446,0.8510965370514032,0.7218462501337936,0.9040029220335998,0.849917255032018,0.6655328183588298,0.7725246071915732,0.7771210686356925,0.8939581447855814,0.8446905128467286,0.7147541584847382,0.8077219555569217,0.7333523844831271,0.7680004152896889,0.919656686068283,0.8591251479160853,0.857274398013315,0.7888457971044003,0.746819734323157,0.8353152396751111,0.9374739314112606,0.7458165016123484,0.8437498619794409,0.8142447413340816,0.7806391823283778,0.8865422196468786,0.7245264260819531,0.7359883292584387,0.7083220874097454,0.944072617489122,0.7564294625228887,0.9353522577744143,0.6615273191607453,0.7900699967362764,0.7276104781286699,0.7692918693763097,0.717127576455037,0.8613643529700559,0.7741391669883242,0.7708366677229329,0.7230191909626463,0.8957756073912108,0.6937764287654101,0.8990387082366017,0.8852875004555917,0.6922386068775018,0.8658958320279686,0.8316939943820995,0.6899904618823726,0.7842143777985299,0.9160478917618069,0.7673072529217522,0.8209986912775646,0.815873683149029,0.6599000926117204,0.7620984254102747,0.8396880680996696,0.8593616672229981,0.7697611353527793,0.8531085194589896,0.6856232990820669,0.7936584538637265,0.8210257293194357,0.6516095483431735,0.8586836183589037,0.899248135971021,0.7032920631359508,0.8517435715610189,0.8217827726758781,0.6942781473285001,0.8666577328945201,0.6901977944419421,0.6938473407416018,0.7975832503287474,0.7706103576950467,0.8298238547337855,0.8291417636807308,0.7479993586957777,0.8558483054486447,0.8666042777870986,0.863833427090509,0.7711726244400184,0.9041619353339373,0.661125049696956,0.860409350031454,0.8292424739980137,0.7191317228725488,0.7213895451677921,0.9111396938047056,0.8403317834459333,0.7513824685677426,0.8944089176700697,0.7054353041225784,0.7012310933696049,0.7338242706486248,0.8914696377524114,0.9202487524755439,0.8219624339498174
0.8597530296620384,0.9125055229789936,0.8326412179781378,0.9022694563068345,0.9491813185214821,0.788619147042391,0.0,0.8879667322191778,0.762119557358957,0.8721669413832872,0.8696465997392061,0.8721838917178145,0.8725522846304871,0.788532019867549,0.9686092737201276,0.8373130011442862,0.8784015140932864,0.9283806807322788,0.8044510185038977,0.7702427105076394,0.879912491497937,0.8909738309567605,0.9529985765121007,0.9306497408456021,0.8679364073499627,0.8460054692216062,0.9084678271787414,0.9010559299300183,0.8207280006794259,0.7872758190562451,0.8785795359590868,0.7795757319197474,0.921125278979539,0.8619159077285135,0.8657892165353258,0.7731966671971076,0.8809837484414008,0.808999901158753,0.8570724751440741,0.894256868954093,0.8641720775990434,0.7926078453569113,0.8329513110559011,0.828212912985906,0.9020265928038141,0.9045627211652454,0.8202781341667509,0.7700612218972097,0.9443193852322741,0.794847997067962,0.9348191021181422,0.8485113542118743,0.8353484937217818,0.8821460879792223,0.8021564780833074,0.7739799272718759,0.8521965868244044,0.8508404646676048,0.8598918427417859,0.8453688868872737,0.8236806815017774,0.579519802741077,0.759457007958643,0.6503968831369109,0.7789558857060974,0.7175396076923319,0.8541121345782356,0.8589240750641963,0.8264166882125564,0.9124959352840222,0.8523190383614293,0.7619208503884384,0.6650405750782278,0.9366472422232406,0.8399148938875749,0.8189088679167145,0.8586177247287237,0.9602085131084892,0.8430495700495091,0.6559930602712232,0.7262620902177439,0.8837773752467925,0.8866199811276257,0.7642991825075682,0.6950044986027034,0.8762499163940487,0.7299006842003154,0.8756802531913898,0.9038424708868179,0.8172777029773699,0.9309775949796119,0.84425782731194,0.8407314133581689,0.7564452200522688,0.8311439308013773,0.8857272148501703,0.6067581302214744,0.8032134560262465,0.5844369119325008,0.928131755715995,0.7678160052107209,0.7639045988271006,0.7471443700051165,0.8402794971980081,0.7427599875621761,0.8474064466516463,0.760280035791475,0.8784233262240408,0.9096016556641157,0.8461537378896805,0.882262941814389,0.739179443625873,0.7446555031694463,0.8422491611376732,0.8169337004339303,0.9142138364850754,0.8155758690715343,0.7761831869169491,0.7594811158904573,0.8019240529429027,0.7936694986690236,0.8314706577433311,0.6841944490196195,0.9639717474421954,0.6284455842925855,0.9006064782110564,0.6821324627139118,0.8725188148005328,0.7930773467976393,0.8167997237372754,0.759708001002491,0.702359433101136,0.7222646986702089,0.7843619392017712,0.7622549734703102,0.6800346451996085,0.83247288078637,0.8937302534256089,0.8590330371473645,0.8991389824983518,0.8532188681593778,0.6805839365727895,0.9581739422547019,0.6789682679427285,0.8236871861447502,0.8491099691391886,0.8373397940781868,0.920978352874608,0.7985889106527744,0.5482307813217243,0.835253525472026,0.8361663502307436,0.8722570670561907,0.8497086911300876,0.8960236295798789,0.8574765351421505,0.8566450793808691,0.92993979517662,0.8567212875487995,0.754161485737371,0.8538811598876832,0.7515780714169394,0.8524421717980127,0.8899090169632834
0.8835916792380782,0.9673464646744392,0.9215949632688129,0.7650136151405015,0.9058779314562974,0.8768124805034437,0.8879667322191778,0.0,0.8744874274219175,0.9407104215194647,0.8328813602552906,0.940525001119439,0.9039186163695793,0.756090598145621,0.8996131087201767,0.9151918342794754,0.8826946122605578,0.8748915810803082,0.8042277620183909,0.8641110367380546,0.9148051352558803,0.9276388193256923,0.8836906516634834,0.9023337682500499,0.9317904296669096,0.78584938341052,0.8645501554052529,0.8494658493533201,0.8066570342659822,0.87301219028783,0.9525791707325212,0.8509373629997197,0.820828464914016,0.8734354900755621,0.8484771953768279,0.7696266083537333,0.9123251268111605,0.8357347860321156,0.856139132275374,0.8048294659033527,0.7890843684467039,0.9000826305454034,0.8489302557894799,0.7815963914042086,0.9546203869365943,0.8992284611337128,0.9339674953040232,0.7790351102141123,0.8769621749560715,0.7984068241248136,0.8194172574438828,0.8201577907208063,0.7398042120323781,0.814885453994633,0.7487217020818647,0.8946358543301619,0.8181343802927159,0.9112059750409064,0.7876351471925592,0.8199320414643227,0.8292016709717263,0.616366746308708,0.7331196703604449,0.6951007655114311,0.7221889331465793,0.7160056725867595,0.8273487751816024,0.9125334422185307,0.841367875318893,0.9556141104473389,0.8919067541967834,0.7192691192029033,0.6590388832203549,0.8858389169945665,0.914453177063316,0.8091161305510391,0.8004115977807216,0.9270043631694894,0.8317653380573531,0.6449108217993835,0.7716215513664968,0.8905424732305098,0.9642163019452519,0.7902175339272202,0.6736675268217422,0.9619484581974402,0.803832633737452,0.8030350719921215,0.9384338218867478,0.9166051679393397,0.8457359299020735,0.8717289627723006,0.7776751760781289,0.7110617066918453,0.7285869589705114,0.9446804109219804,0.686727189137015,0.8936015018817464,0.6002750959540137,0.8919704079351723,0.7350723483257845,0.8125252611282566,0.6704158170874067,0.8668773920027301,0.7385343501299946,0.9311242342457282,0.7895088853309862,0.9630736563252735,0.8559024479747861,0.9207707961522771,0.8252233883952922,0.6981765942499173,0.7476742121447005,0.895378634061015,0.7433216725885571,0.916835894804782,0.8342414883252656,0.8073600417480813,0.7367974854395588,0.8112126420729577,0.7573366067969461,0.7847736003939866,0.7346739379920441,0.9232772696836877,0.6383416081045801,0.8940259046187123,0.7045775390550375,0.9517776131110702,0.8156615916048517,0.7809364023828228,0.9124163039032979,0.8501022475928999,0.7058299412477326,0.7746326324823041,0.8152491730414206,0.6718338654661201,0.9450710700828496,0.8081816675229976,0.8416741774317706,0.9189693436817581,0.7603067522067228,0.7628686702363997,0.9295402603811138,0.7043031905871338,0.8485536732327222,0.8992832486895449,0.9510836487671263,0.9175997799959773,0.9260508340721528,0.6278036807962536,0.8001783926758596,0.7682547014427688,0.8530110940420674,0.9175469869943734,0.9273477221261319,0.9095976426813864,0.8253530513674228,0.9666190908352381,0.7263613388263424,0.6610638638634562,0.8084096888642298,0.7517040526994732,0.9714179906744236,0.8389849415600972
0.8713630431567326,0.8199671138833958,0.742016061644088,0.6232414651778936,0.7844866080983686,0.8304167790969386,0.762119557358957,0.8744874274219175,0.0,0.7716156964468944,0.6742367173867337,0.8341968307659393,0.7779223536638962,0.6317346706940744,0.7529081531782481,0.7576001958086396,0.7107704337886801,0.7510487668969817,0.7192159153094422,0.8047336930956295,0.7606059136665112,0.7772868440212908,0.7521891053253866,0.7651851197022925,0.8360346605888482,0.6499361465610812,0.716173177043323,0.7093616236564728,0.6222863591283422,0.9221766227114174,0.8936163732396695,0.7654331740884525,0.6635208837681532,0.7783771115608483,0.7460986359549678,0.6057107922678545,0.8250760822691157,0.6757671897728635,0.6876162802255608,0.6560465870517466,0.6167699166663587,0.9616229117968379,0.7041532200593571,0.6672041764451031,0.7965793904000343,0.7704508409096676,0.9146396739018249,0.6542516726559756,0.7365035667606911,0.6509868314763829,0.677388739350121,0.7261249383963785,0.6091085657397047,0.6363446177919048,0.5827551151929573,0.9719773382891267,0.720265126738925,0.8040815594391411,0.6246134529093784,0.6803144891876466,0.679997828521982,0.5853800759761202,0.6207206951387615,0.5713331515432174,0.6847695181972231,0.6432998523946276,0.7198217232195,0.8728345155214762,0.6540990240253175,0.8388885894351115,0.8498648811397256,0.6017913400105815,0.626153819550256,0.7137523381866175,0.7542454921080499,0.7774966255565919,0.6545065714640486,0.7596291099742667,0.685077677144663,0.6357234606314869,0.693705056358109,0.9052480828269388,0.9265357449226966,0.6465723609775154,0.6174645720728521,0.8584233066934318,0.7919286550807563,0.6942947006589205,0.8421770785583793,0.9400200298703001,0.735533924169953,0.8554196693177927,0.6116982339739245,0.6565353740825428,0.6218372838460692,0.8314738812301681,0.6087284228504571,0.8442421649105161,0.5911218253967921,0.7640891824301391,0.6176357904957614,0.6718178981573951,0.5984921515079042,0.7315074350531615,0.6459366634928135,0.8259984687838408,0.6136342023816655,0.8517638983880592,0.6876547524817197,0.836213718503757,0.7112122130449945,0.6094945598751267,0.7046294134362757,0.7573656375115203,0.6149322999882644,0.8282121266738126,0.7747599001717542,0.6812040918021955,0.6007011043424525,0.7495071941010415,0.6524961063312923,0.666788009293088,0.7219414736108561,0.8158766630474074,0.6511009528922734,0.7033375299323317,0.6606908240518605,0.8244408674748269,0.6351896845360808,0.6290118114698016,0.9694676503242615,0.7785420454618361,0.6410574867775964,0.7499795568263385,0.6900309295369053,0.597050063012802,0.8978776370357759,0.6587206168562947,0.6600023442268599,0.7951231460322472,0.6184932448829736,0.6822764342916732,0.8479030707790001,0.5858108198816755,0.7019886800892895,0.8857699516303059,0.9484211016769764,0.7367662085463207,0.7976329079459203,0.5614080231230149,0.7491891841338684,0.6357275460672328,0.6930648290866579,0.7951727176743789,0.7952211934890344,0.84450963418296,0.7322465917915004,0.8706135010788097,0.6068888010193535,0.5959951714053838,0.6325956422755317,0.7439867958958397,0.9113262815765288,0.7870660059365823
0.8163676161051299,0.9617774813530098,0.9748408686275151,0.7693247245934182,0.8826676511078148,0.8661044258566941,0.8721669413832872,0.9407104215194647,0.7716156964468944,0.0,0.8830090759745904,0.9358731334819361,0.8797834281616339,0.747629808107166,0.8853273661173232,0.9279183017102874,0.8895371891356828,0.8407425736893651,0.8333289461445431,0.8322524892175647,0.9388459446862207,0.9515695629585242,0.8480187677423672,0.8854383324252949,0.9364265852118434,0.747626527703153,0.8288652067828696,0.840549768604051,0.8957880921156974,0.8009639072526348,0.9046389372920852,0.8687405727612562,0.815140093724107,0.8250179970437332,0.821232225649118,0.7954002697858652,0.8817097765986788,0.8248217191691248,0.9106236050701693,0.7924573786195245,0.7991484304234786,0.8357845709307101,0.86839838352093,0.8058128810685754,0.9084062032455629,0.8341253229990746,0.8407129209970853,0.8358125213968869,0.8816326357221218,0.7913197457507796,0.8215807699272706,0.7693540920214846,0.7496783937070551,0.8715867368665696,0.8236768516608233,0.8031385485243268,0.7904352133054167,0.8939992730982184,0.8432669181147799,0.7846124848995109,0.8636096250076413,0.5797304764257107,0.7376356124208753,0.7187336475202757,0.7177946621280972,0.7055678013004989,0.8003444432753152,0.8637036167202395,0.8753423526381958,0.927258026159577,0.8223976878623189,0.7131357629868147,0.6453704846954733,0.8884652101868684,0.9231202599692948,0.7754751968742161,0.8238273138817307,0.9151817249577966,0.7727803378450899,0.6389918655342859,0.8012443655534267,0.8021347901252003,0.9011095081866884,0.7895592054245004,0.646626233484118,0.8792906580671963,0.7803568077380221,0.7852137508895634,0.8674171466561986,0.8155474805982711,0.7941904424200527,0.8064329569522048,0.8321546758789293,0.6978256335497173,0.7220280791752376,0.9415366178958802,0.7137363193257406,0.8386527770538882,0.5683051060013571,0.8293752543846399,0.751797533403617,0.8661623480962416,0.6583334295136497,0.8947233697166103,0.7075369559642897,0.8408550141231272,0.8303707917733552,0.9239292447013816,0.8358239727817346,0.9175189860602062,0.850119353544647,0.663354341547337,0.7333815774438935,0.8801041082642095,0.7107929261888908,0.8279672608635473,0.8105054456557546,0.8893212886775551,0.7926108371094159,0.7371005110398201,0.7280328766542766,0.7383103759735352,0.7005921772440181,0.8881871995401726,0.628783355937529,0.9469488115613167,0.6432303479558126,0.8929902365787761,0.8671093275123484,0.7808616677655543,0.825718767293945,0.8566283106330214,0.6870673899540897,0.7195608063218275,0.8699982271232841,0.7057033045113472,0.88427006237499,0.7867172953394679,0.8558876791987878,0.9028298207886017,0.7935736564482525,0.7847415399057742,0.8631600665049464,0.7596069904030343,0.8776561698525903,0.8062745166653299,0.8664715861742197,0.9361360040976615,0.9571177145520299,0.6369541773745218,0.7659291415114425,0.8278271535669631,0.8748472207191951,0.8845542168003387,0.922342736055129,0.870710886294437,0.8170205039199507,0.9130192937789301,0.7330911211796041,0.65966183131654,0.8485476449659664,0.7229182434028404,0.9156122073514129,0.792036963385568
0.8497128097187236,0.8942689714959954,0.8737961286525551,0.8539014444450235,0.8340484147853227,0.8215875746641327,0.8696465997392061,0.8328813602552906,0.6742367173867337,0.8830090759745904,0.0,0.8200618793625444,0.9203271090354098,0.8524708174261052,0.87321864002994,0.918269751197073,0.9430908287850513,0.8880885062132026,0.8146791767269947,0.850459636949966,0.9306194371836433,0.9036650398931069,0.8298135641814502,0.9048600403832072,0.8785171419307101,0.8525217051500344,0.8177379034836983,0.9291005724724662,0.9335555285293581,0.6823700832459725,0.8263782420601307,0.8453484932840206,0.8564113190065891,0.8387208643248355,0.9127808214802585,0.8170712799788685,0.9172533299039418,0.902573101916731,0.9126413679234142,0.8605003780452871,0.8410097514999196,0.728956502610204,0.8892659027051505,0.9092674542145397,0.8838855145582792,0.8256583284625059,0.7112625613306995,0.9525374118796526,0.932840586640098,0.8333770862642568,0.9108431628099809,0.8277016679795854,0.8512352516255283,0.9451664108275464,0.9143334362460719,0.708069392665601,0.8954375838926808,0.8075940981654034,0.9398982558564745,0.8125218834335787,0.9708779990408304,0.5910638802109253,0.8558655848455553,0.7534276351231242,0.8424149438558708,0.8559318170914711,0.886619766066061,0.8350085321855311,0.8992530721519889,0.9036473459176786,0.8495948139498659,0.8445179557890712,0.7851746899363352,0.9468385740907692,0.9322694025801777,0.8503854911757174,0.9129217156997107,0.8987900709674466,0.8440012748489759,0.7691304364878995,0.8595261945192757,0.7629812577420911,0.7969568058823868,0.9051398433275568,0.7567116550932916,0.8292607914023764,0.8193575861401197,0.8504853914692846,0.8378205988764041,0.7379094430429479,0.8205348895289721,0.7314077673812132,0.8877047257535362,0.8482319670791614,0.87825871207114,0.8677490851505528,0.746792872405904,0.7618906395084802,0.6121748762517499,0.8645954082739259,0.8949991413916459,0.8489257759997261,0.7000013055193122,0.801860857310598,0.7941982826316155,0.793084485757627,0.857032874098154,0.8604417448344216,0.8461876631683463,0.8908857737947827,0.9124047413172286,0.7700135282927064,0.8486469583755627,0.887789638781926,0.8409877036365565,0.8191309398402341,0.8359029606367979,0.8536465582066595,0.882409066422706,0.7638627211392042,0.8280919579958613,0.7607573677213696,0.7843660731597892,0.9067836917162669,0.7436099391822697,0.953853966832636,0.6531715360927205,0.8146793244267372,0.8993904460168213,0.8439624269284829,0.6905466724876913,0.8109847894276444,0.8378667717232419,0.8016870866291859,0.9308159544794785,0.8493989431391188,0.818723149376427,0.8621403039006308,0.8849482015128011,0.8291873860601746,0.900838237771261,0.8023267609795891,0.8339888161369704,0.7629043444387904,0.9636517343714532,0.7536857913339162,0.7448143633963226,0.8843464652370434,0.845058754804686,0.6296661127441857,0.8738710273645588,0.8991840913975715,0.8893256363901111,0.759054797919619,0.8556363347686705,0.8724828058762235,0.9009062311164217,0.8547920907248653,0.8813561711593001,0.8083560308417521,0.9107637904917649,0.810200080963268,0.7913807540553671,0.8885707946360236
0.8471423540555619,0.9152028029881596,0.8773781322005618,0.7534506522656306,0.896145235817846,0.9097747049204461,0.8721838917178145,0.940525001119439,0.8341968307659393,0.9358731334819361,0.8200618793625444,0.0,0.8165950838334125,0.6798291236396488,0.8437761049190344,0.8847110204518259,0.8536385261639623,0.7974274047529961,0.9224329192105515,0.8180640618274534,0.934427480385124,0.8603087529663513,0.8566256486187958,0.8272251464476879,0.9612253641534538,0.7072522046789387,0.7753633939654395,0.8287798313101704,0.8035904617089188,0.8932454614537965,0.968569429360307,0.8984992763084965,0.7860454130080025,0.8921986845331665,0.8297664004735226,0.7754807187977804,0.8580441985985335,0.7805834190972444,0.8720975720274725,0.7220391205664413,0.7597610358764938,0.891500751742403,0.8850728664406383,0.8163233289753759,0.8693019197818315,0.8117297170072338,0.8924714659171202,0.7838535075577223,0.8635193214696167,0.7723356088532685,0.8378248162077798,0.8083493021348238,0.7171717116833963,0.8200071551316023,0.7789285736503111,0.8486975306691298,0.8031589802869095,0.9790784902730166,0.7497701813503252,0.7598663305174399,0.7844147160345213,0.6061430215284891,0.7592945972679167,0.6697995143604796,0.7245494296524168,0.6798150292505575,0.7295030693654172,0.8285318219929312,0.781362269440942,0.9228919743521414,0.8074376235017853,0.6689955106848375,0.6493439944254409,0.826676414752709,0.8928127158090207,0.8100816895826213,0.7614110277859718,0.8802806916062887,0.7720475504597583,0.647676292788716,0.7843187737416081,0.8719986407182572,0.9033536209274545,0.7318672606275434,0.7054235667588236,0.8633676043288545,0.8104179583120612,0.8115772299841826,0.9018857545629778,0.8166031032500577,0.841744969267503,0.9129559390859585,0.8047815398951711,0.7025142385039115,0.6823469309540046,0.9431017555914517,0.6867723969604189,0.9191200848265588,0.607095885717698,0.8176069631533437,0.6984068263275814,0.8403127441959007,0.7306653592495352,0.9284213026419186,0.7491826391727746,0.8294134256761111,0.789104679470018,0.9270061069658642,0.7753271892375486,0.8785629550261925,0.8914452814223202,0.6976015714334468,0.7271302385788838,0.8643387601222056,0.6957178625614001,0.8211446903108957,0.8916355524033408,0.8565841310703817,0.7685979714187985,0.767098112879461,0.6844093466857883,0.7804436071947417,0.7196338214522849,0.8932718958781557,0.6340351531938049,0.8954113221680137,0.6746491204078761,0.8672383375754075,0.8287514539541392,0.6890407308019297,0.8770269237042249,0.8362209854565884,0.6475555738258267,0.7563582594438947,0.7896958577526375,0.6395314533319616,0.8954798658790647,0.7358480524761877,0.7607188857598971,0.940471331068222,0.7540282555594895,0.7718054133252065,0.8897990241382129,0.7475653656549471,0.8213701200735988,0.8935207942680465,0.9029104861904633,0.8575948815353452,0.9434999298118899,0.6376887693990978,0.8167269363174404,0.8384499375906517,0.8258602322158484,0.8202662210940639,0.9624439921039784,0.8276085099318534,0.7545556200086565,0.9217008043258134,0.6938287863809788,0.6808089355198634,0.7461068160214432,0.7775673265526618,0.9554341149649586,0.7950614603600843
