0,1,2,3,4,5,6,7,8,9,10,11,12,13,14,15,16,17,18,19,20,21,22,23,24,25,26,27,28,29,30,31,32,33,34,35,36,37,38,39,40,41,42,43,44,45,46,47,48,49,50,51,52,53,54,55,56,57,58,59,60,61,62,63,64,65,66,67,68,69,70,71,72,73,74,75,76,77,78,79,80,81,82,83,84,85,86,87,88,89,90,91,92,93,94,95,96,97,98,99,100,101,102,103,104,105,106,107,108,109,110,111,112,113,114,115,116,117,118,119,120,121,122,123,124,125,126,127,128,129,130,131,132,133,134,135,136,137,138,139,140,141,142,143,144,145,146,147,148,149,150,151,152,153,154,155,156,157,158,159,160,161,162,163
0.0,0.29256504593008625,0.2785683433089498,0.25232570592690934,0.2757972354702784,0.29689314137713124,0.25274356291081673,0.3503660897466699,0.31406598455087675,0.30174110600367976,0.2806436159564263,0.2524296045271555,0.44153878492284726,0.2440708019086516,0.3063099827168059,0.3253833937001516,0.35379221672027206,0.415682515141094,0.2885817202687623,0.3895068489251706,0.31766934622205295,0.2686400724758612,0.2849764134078261,0.25821384116350937,0.35209967053900665,0.24313379067342436,0.243236191090276,0.3189893199666924,0.22033668450465427,0.26855024788118254,0.3213561809304911,0.34109356757885123,0.24876465377367557,0.2544009561629228,0.34904315931041063,0.24143837089466724,0.3763070216024534,0.3138738363594251,0.238803036479169,0.35001340936228825,0.2634700795837112,0.29770376025976364,0.3273712885965362,0.279763764936384,0.30332971707661555,0.38857200848997187,0.28510953563214325,0.2799796080738251,0.3405847040125269,0.35235026132713015,0.3670982791564886,0.3302347856596555,0.2601966264110001,0.2527910532439883,0.2417519101211748,0.29206677777481926,0.441816971100747,0.31299404656357854,0.30566834082250444,0.31648052162692575,0.30654721815755825,0.22825682274987608,0.33095932373258274,0.2159142891562563,0.2830210888022394,0.32202842242579754,0.28769191808063443,0.3023444104068849,0.2833828596347982,0.37553220558719635,0.3968538591125317,0.28064289860733993,0.2982513305407943,0.3560328666045655,0.3595335896894425,0.30302589543077063,0.2571803424219166,0.2570539567518814,0.31943793030421164,0.2572688099366692,0.2980324945149214,0.32994651748685727,0.3029365653525787,0.2967494583900179,0.3232538981457475,0.36335240971244903,0.32800324104690315,0.3485245758175774,0.38100590700363174,0.24073233949130468,0.35760635656157436,0.2740510152253453,0.3146473061012475,0.3170526943982212,0.321832131219092,0.24042566051120495,0.21350864392454627,0.2654295815261792,0.20879497113293044,0.36922874022711516,0.225317096213388,0.2794075496320036,0.256200280103557,0.24118907402518291,0.34535914596984724,0.350799159727523,0.3250189392712526,0.3408113333562882,0.33417130040923204,0.29624679603582016,0.2702358672996989,0.3024653096641177,0.34474969259939325,0.2723118230281789,0.30228723262626894,0.35572871079690144,0.3570434380286836,0.2779186123278808,0.2542171330849617,0.24296324298515243,0.28550280649613496,0.27042049280313357,0.30405137851593356,0.3848848136382572,0.27351691511564685,0.2646454075736614,0.2483271763837536,0.2250123404014654,0.24299114847754055,0.29606184878224345,0.2697876471177913,0.29671892346272366,0.2578415978373294,0.26175757346592243,0.2665187571891988,0.27482834670439255,0.2860229556474438,0.30568464115907634,0.26130987304117903,0.3515338674294197,0.22440979851341655,0.24577961981579854,0.37002521173226954,0.24484166685325742,0.27693271478113757,0.30348417772943354,0.2892247115582327,0.2822235649740974,0.34699043848188693,0.1702395108066108,0.3749138826583032,0.2933309115946342,0.29341119709678365,0.23239366749358692,0.31521072868816863,0.33166313168292455,0.2870285462246195,0.3104966726913089,0.24705809749040036,0.302337187937148,0.2547822744496874,0.3423889275147838,0.24208536202488998,0.3671718607165692
0.29256504593008625,0.0,0.3035735813748,0.26170533883658,0.23686583366214897,0.4072591044085536,0.25933482665838026,0.4238396908223837,0.2652866982855134,0.39083093268312075,0.26773629479430544,0.2906231463974585,0.34517541189057194,0.25967208778346856,0.3265489132595925,0.28201680822830416,0.28645578633521135,0.2497002238924289,0.27066196812820226,0.2913575531996709,0.26889284334858937,0.3404506870755404,0.24731517558547098,0.2664769224550413,0.30811436393897595,0.2189853182287254,0.2381512935355143,0.2676061177522858,0.3019051173565613,0.22099402251811867,0.37095063451836974,0.31336074247443996,0.32491846095364446,0.23238421178205496,0.3069992794811583,0.28783834863308255,0.29132083504230005,0.27603594631269257,0.2943398746772112,0.27428690661201166,0.3221180454013779,0.26109961339962723,0.22696755196212076,0.26130298833714255,0.3602679808206268,0.26172189675878155,0.2592474148427768,0.26391071239701314,0.2674947810220663,0.2900492610913209,0.2875545799775354,0.2617074546722256,0.25196069082735467,0.3384112951210057,0.30643091482030027,0.3171767903168732,0.2671048878839117,0.2743528978557873,0.2768338353596779,0.301089660035128,0.37166344271873447,0.19917922683182088,0.23340444033557775,0.2059120549476604,0.22216108199611356,0.21859225055307005,0.2755235000343976,0.2600856539565446,0.23058209490355133,0.2986665373315141,0.2809160720238963,0.26759745518048833,0.22666378761542413,0.3145670513943902,0.31982471541183977,0.22775136064537377,0.24275400570542782,0.29743573897073555,0.24079171300358207,0.22916258508494144,0.24386407094077553,0.2771590078034616,0.3307207450451137,0.27434149300738336,0.24320468878385362,0.38004194244943096,0.2626253417625758,0.2524419359765659,0.28334435656273166,0.28078614227906806,0.2433211574340008,0.28578723544879625,0.3302367390858696,0.24198892300419433,0.26049109612866195,0.3369306885804004,0.23424884360114176,0.2728593383083086,0.19335766587925032,0.3377332059044405,0.2526573850201327,0.2341267851036328,0.19053706246023575,0.24315162366495816,0.2640168254169471,0.27985049863833833,0.26420888370995793,0.31198844052622976,0.28644706364287653,0.319171820154868,0.2335467360150235,0.22809492272160764,0.3050806955160189,0.23769578730416527,0.26681683868933287,0.37741642153411403,0.26458945181238475,0.2236318144154709,0.2579069623864248,0.22405299567885012,0.25937488831641253,0.2577721643421293,0.25446708333858997,0.31673102096241257,0.2535173254277075,0.35198020298973764,0.24552001078494826,0.2964861142796345,0.3056036409343201,0.26913016887903213,0.28819284165052117,0.26149277268775495,0.24102940998025146,0.2706199501199107,0.27623444519577306,0.22645355029539332,0.2693450073973954,0.30518683071937625,0.2580264948767816,0.27022512793200537,0.24091898274197499,0.2537937465143151,0.3399973605597567,0.24803218555685722,0.2693398780300462,0.24168891621442448,0.3263474615144771,0.27776882496230004,0.3237620648855633,0.17114254235250256,0.2521141706962284,0.2683172684187857,0.24231689995323283,0.2800128746856011,0.2728807674925092,0.29401674514060383,0.2679289643366864,0.3206905306907949,0.24895336286253103,0.24557809725723323,0.24407823818594046,0.2997889508755883,0.2070515326472232,0.2527271208908592
0.2785683433089498,0.3035735813748,0.0,0.22478416759709136,0.2979965453360289,0.2746395985784027,0.2450618944358991,0.3056244433875803,0.23457487821127232,0.3566792472838268,0.3089871833349728,0.2533987904334209,0.3021182616566773,0.21640463717203917,0.28024303189633265,0.31216933908577943,0.29896989036467875,0.27342149444943487,0.2407293327260042,0.2434304276434521,0.32190239197511616,0.43656384614819926,0.2322859973284877,0.28199856904659804,0.28325454460922794,0.22591314315628305,0.20830471723766406,0.24621489848287798,0.24565921098694352,0.23708364282814529,0.24399122644881077,0.25302744166540164,0.22180406257517837,0.18543627863126566,0.23549719945582126,0.23545617724667908,0.29233231066389304,0.25297043907465977,0.24871089853536127,0.2719376073017283,0.256366271497764,0.2806920584063764,0.251940646227074,0.24812697524000432,0.2700123254216391,0.2388847959602128,0.24105978706024223,0.2893254709758,0.2709243503761186,0.25100888228549695,0.2696538070609193,0.24787451936144508,0.19070434966754246,0.2772435070759101,0.2454369664408085,0.22384708947033943,0.24280009145187093,0.28527303408601307,0.26677915329448154,0.228568215841532,0.26614138310972635,0.1718664763697702,0.25034834653688076,0.19997101472040457,0.2124199368245711,0.20843666148949602,0.22906098937751682,0.29570513160043665,0.2708116445453047,0.31374723440422025,0.28853916347039077,0.2058520346051312,0.22360881684108638,0.3533342376407664,0.27151655969875854,0.18245726620574815,0.24800039742076987,0.2586939833032105,0.2093376680928937,0.19219163513575552,0.24631226992608163,0.27143993697016916,0.28771779485128424,0.23001759791916002,0.2174606083026615,0.3099513712922281,0.23113397705261046,0.21235905406748642,0.2166517125751778,0.20267309227614166,0.2702886019893524,0.2071302248923146,0.2685370686648764,0.1917562039572039,0.247061053027016,0.2554094416006537,0.18876696561341078,0.22188043911937516,0.17192944585041825,0.2375173129140732,0.18950625378547786,0.24898906655194009,0.1883119022733407,0.27104626314290536,0.22199771562067233,0.2641759742981504,0.23412552056879557,0.27487170342146267,0.24925727552976792,0.33082520885330274,0.23545415987142906,0.21119234936996595,0.23695556993401412,0.20946318296449218,0.19982785799918745,0.28586629106576544,0.20003166310122833,0.2867683765920369,0.26716641529767055,0.19566397322344484,0.2536258080911093,0.20796087955103226,0.21323594565786677,0.2805539545416375,0.20103228445730426,0.2810442048950573,0.20505249092111655,0.24113101712794208,0.24785584040517888,0.24354189231785814,0.23325003485829782,0.32033776319256047,0.18826458161884863,0.20514779930228746,0.2846692598418563,0.21467835131048713,0.2165248662739949,0.23662573922903063,0.2616101148136204,0.26211739113076205,0.2013406471638134,0.21796457582206769,0.25954549120751286,0.23451311899434693,0.24550459299822777,0.20739978552431837,0.30456299911737367,0.2540797181699525,0.32979162855893823,0.16532245315815383,0.2214540748765883,0.20038750449440362,0.2621069502083811,0.28971575912372394,0.27502201176023544,0.28167682829772317,0.2888987868944377,0.3049123088020303,0.18781169209744694,0.20800802434603843,0.24499544052111566,0.20880476692817035,0.21051371334888544,0.294400954699538
0.25232570592690934,0.26170533883658,0.22478416759709136,0.0,0.25739557645963357,0.23188477215808648,0.32345348413516534,0.25428291588975094,0.21355919321140218,0.25167892191883506,0.2977458706252263,0.24295708498594393,0.2497288039328836,0.24246963311842948,0.3000486712127781,0.2229366504849557,0.25704919667990467,0.2524913303809797,0.25335621315908124,0.23264960204115032,0.2882668818385925,0.25447121633612524,0.270672442548963,0.25544760796843735,0.2663721718843556,0.2602646836408498,0.23006360470849663,0.25150192857134945,0.24643205401172383,0.18467098602738122,0.25479839412181143,0.22018249743316928,0.34620871095198286,0.22528569540626062,0.281168720064209,0.2678337526132532,0.2801367160075741,0.2542090289140169,0.2791396579004813,0.3193769628632743,0.30413950191757894,0.24386278745536458,0.23588989615094047,0.31422148581176595,0.2534801287508299,0.241539334033284,0.17805810694985574,0.27644885275256986,0.2929313319524326,0.254816346876955,0.33623236330261164,0.2621415720389893,0.22920969563186377,0.35796061434623827,0.2802989549145605,0.21977048726706305,0.2828847034332147,0.26082101514626993,0.2926141057481333,0.2626969028547127,0.3134987949711036,0.18193924683883647,0.24878734705980213,0.19987181927214906,0.24651931520559445,0.23898515533916573,0.325549945057579,0.21775228161892904,0.23019278515131664,0.2674298020987696,0.2597090843225086,0.23913994938711505,0.25632271538147505,0.35039206854910876,0.24439174260232652,0.2021743882856338,0.312255657633109,0.2736510998385538,0.22953718792946226,0.20184809923760932,0.23764831839467324,0.30656586274571584,0.2302335727901732,0.22482710262067063,0.27802007936830064,0.24873631066891227,0.29924569629651343,0.27230938952340994,0.22391042776961623,0.2189416589754513,0.2976883076196265,0.26685552929708256,0.255140071499463,0.2286557640182703,0.30835852749994014,0.24809294331750625,0.19835978712527436,0.2395522975010211,0.20443766451099546,0.2662703254030881,0.24669451706183737,0.26906796863120513,0.30041594411429107,0.23658126825334763,0.24023355517628833,0.21478676508471328,0.24883671902711188,0.25057489768206503,0.26192810695407176,0.2549276975314197,0.3212922852173304,0.26487546702727466,0.31619529156704346,0.2680496666271179,0.23457520997482253,0.23975098314115023,0.24106999815283703,0.2128916172402886,0.29333800575895747,0.23163264829054528,0.2654584942144425,0.2941633424552001,0.24681276952420977,0.2803603991273071,0.2407061745276155,0.24816275475342758,0.23862046603837736,0.22450640293120394,0.25076418792859956,0.2814201288810074,0.18902708777140118,0.24930303657621158,0.25467110811667826,0.27906615873783536,0.28920573223749585,0.22183292134776142,0.1781652507264663,0.2992221909759557,0.2698014347761185,0.28333647208470697,0.31315633753220307,0.22521102605683513,0.32169758876393384,0.2632448746379623,0.27451136745510274,0.24247411266932573,0.2543769273405655,0.23325970350798494,0.22067303738281685,0.15506098868213009,0.3219095667704287,0.26094449112326396,0.28562119561894145,0.21920889354488174,0.2827041231871416,0.28387868543740824,0.2580362043032108,0.27457966394438815,0.3757058485537765,0.2433719232071877,0.24697522587890983,0.2623389228791706,0.26182203298036216,0.30101936451238165
0.2757972354702784,0.23686583366214897,0.2979965453360289,0.25739557645963357,0.0,0.2338085648837227,0.3062097017542124,0.25705813395570526,0.23851970470879308,0.26673273372301665,0.33829255253556884,0.23960444517051707,0.26385319559724774,0.21892890576363228,0.2642677106026899,0.29721015553933827,0.28233135013270755,0.27696009308546354,0.21978109478475924,0.22921104143988552,0.31169645977301075,0.2969571526789148,0.28993085623332365,0.25342086823024756,0.27740050826538365,0.2660682661619709,0.24134809568707158,0.23621921839376647,0.21176390108811177,0.25019396576266006,0.2512232731725749,0.23079508513234567,0.2174632365941676,0.2212930156470406,0.2737266727685449,0.2391956032768647,0.31599903424946674,0.2583677363770611,0.2566230199822037,0.2635896275588011,0.2275046149802874,0.35451964038341593,0.25600261145880443,0.28606378789025005,0.23058075112271623,0.22861269352791133,0.23006020063417892,0.3116562340654604,0.3073344528083459,0.2382266128404713,0.2850396149443081,0.23349001907011555,0.19456345759346902,0.24605453535543223,0.23978422490902387,0.2331317770719901,0.23127272960818143,0.3423639290901983,0.25145852515954176,0.21273255069640848,0.22949046437008275,0.17545520814649834,0.23737754750640655,0.21048887659143345,0.21103048996019436,0.1967260001045998,0.26428306325597933,0.2781696292851421,0.24443570378087007,0.3420368408632154,0.2746871659328416,0.21129190726232014,0.24147074323942233,0.3040877883599786,0.24196642458426143,0.18974253973661268,0.28788354205131106,0.38013620164447853,0.21116773774664546,0.21414259931194465,0.24669458236701788,0.28233204570038095,0.2868684773534241,0.2103865683621357,0.23681180043054936,0.24921022208244303,0.29588102394322474,0.23191673537745217,0.21725415724667116,0.22364127835691264,0.38335087392751394,0.24517306530200747,0.26732834024062474,0.18455882603597656,0.26702453266363857,0.23994618036400578,0.16836497295453876,0.22386501198556633,0.2009083096195447,0.22635810161849218,0.206263052588368,0.2524275980690307,0.23812885352460914,0.21356493358009926,0.21796285219448744,0.24656148735126257,0.21610239153447158,0.3107519111245333,0.24961498851551148,0.2834034930556987,0.2802530618867366,0.25790169656457745,0.2583292195042843,0.2894135505066407,0.20219075902344333,0.253806099670411,0.21683102110708738,0.2435071240163101,0.24055197921334748,0.24695699445485297,0.2889379496759774,0.24108943972387997,0.2233085796452581,0.3169653444616018,0.22095306114874344,0.2298970876719032,0.2051423553680457,0.23995867825924894,0.2150776865411234,0.22723919260942607,0.22413657108340568,0.2699510650910868,0.21473810459493126,0.24749318302990614,0.2548053874626074,0.21820697965407182,0.20220779572628397,0.25696536711377416,0.2522634455273933,0.29026574960110624,0.19859945919057093,0.24011654064085164,0.2768432934673535,0.24817724172227934,0.2957022521437691,0.2541234598890205,0.28442787107106376,0.2500140859272381,0.24205995907307531,0.1702824507526269,0.2508253944351697,0.21992652494691478,0.2771250887380652,0.2371330271707283,0.3029618958692924,0.3039190829391904,0.24096115429902515,0.3296391803116653,0.20928519125303546,0.23109167778830628,0.22479669226449966,0.23367201603261042,0.24722889019355843,0.3904478762337309
0.29689314137713124,0.4072591044085536,0.2746395985784027,0.23188477215808648,0.2338085648837227,0.0,0.2439588669683638,0.3278950341480265,0.2616548085211739,0.27009059607328045,0.25172040269981816,0.30565588184227555,0.31160663521579873,0.2159314311563029,0.2954386032679038,0.2883849759110915,0.2767189405314142,0.21729550303151687,0.2977746819815274,0.28763086198707544,0.29090522728020446,0.2909906864031977,0.198093022105087,0.22666979928797434,0.29460751040874344,0.20429437500721115,0.1931576606232277,0.22360094706832498,0.25976364872035346,0.23654998952865003,0.34209376962800164,0.3667196752690225,0.3095899817312071,0.22193385692616482,0.2816643174164556,0.25761544841206796,0.27740918550402205,0.25570140580571826,0.26808294355272494,0.2293758591507127,0.30179240208649344,0.268415462435178,0.2531590600272557,0.30575606867568195,0.2761186453739983,0.23464791399377835,0.26895642037824025,0.2605417396079536,0.2240579594697697,0.30124333571159717,0.28755418451560083,0.3216728938078518,0.2337469289573993,0.30836352612236895,0.26371994905681123,0.3020521847607923,0.2727348069900962,0.349805490990995,0.22972945093369596,0.2558845177404706,0.30803450375541486,0.22387643403477045,0.2860323311726429,0.19377675198703778,0.23068182789019553,0.21928959182442279,0.22586476972768413,0.2701901546079824,0.208269290411836,0.26985949429258677,0.2981494241332973,0.22679119641189957,0.23478884306451409,0.27253758104285586,0.31860238299821525,0.22775520274293765,0.22940481766618287,0.2591472917393596,0.2249611268023393,0.261100540845863,0.28724504516223753,0.2765496996536022,0.29003515618259174,0.25673635340765505,0.24966858063047764,0.303578663449322,0.2779549200245538,0.2466218122189338,0.2704418691419084,0.23149218475798058,0.2643519266615806,0.332428751610466,0.3176546398861526,0.23596667777736144,0.23736148856639788,0.31344143589606593,0.2574594059785951,0.3080769781833316,0.1999196930281834,0.27293221198354856,0.21523140742079422,0.23317753623820134,0.20971359580212345,0.2385053841689345,0.2879487792495835,0.29222277327449697,0.270677994933138,0.2570030489336024,0.250404547139902,0.28413748499918295,0.263847077093622,0.22465947180801785,0.3062645394245988,0.22968497864176446,0.23441998445000076,0.2934345947921422,0.2791359398460174,0.21614467183185304,0.2849095190602763,0.21965524113715776,0.2516837995063553,0.26194537610825663,0.26702836941487046,0.3072505582647886,0.26678390022001497,0.31399512213252145,0.24963869179708753,0.24942445960358303,0.2692372042052794,0.2297872244975882,0.278175076159524,0.3187017126346087,0.21864233304818742,0.271664767302172,0.2495586470177068,0.23397383170225275,0.2637897222213428,0.24572353942706773,0.21146424186265933,0.25730353955527746,0.2311991101927795,0.27512952596694085,0.2908333492060413,0.25656755743598036,0.2606862167164115,0.24593533670414142,0.3288888564178632,0.2594881417455328,0.2943328535806794,0.1736499569128716,0.24872953611777762,0.27286508732118003,0.21476128175024461,0.23176747363671676,0.29920025907171643,0.25839710755945683,0.2359092889574939,0.2981995435377095,0.2225791194909114,0.24949897433732357,0.20734050424022057,0.3089309484043489,0.20907543467798934,0.24920372129982923
0.25274356291081673,0.25933482665838026,0.2450618944358991,0.32345348413516534,0.3062097017542124,0.2439588669683638,0.0,0.24683090331395685,0.2186757087555189,0.2777099949765448,0.2870836778154714,0.28685613413706407,0.2774249496101139,0.214055629799735,0.3713944666363586,0.23275769254578496,0.23199534753418663,0.24119107326353645,0.2485526489531989,0.20581677575596735,0.26555311673191306,0.2902486418203454,0.3621279716080072,0.307062971761979,0.30657446754225964,0.2572562444624347,0.25128692741311714,0.23626488118597513,0.23135784713983634,0.2325823989143818,0.2814299354689116,0.23801439508639596,0.2769755792816797,0.2554494153140411,0.24223575279350093,0.21816446089302205,0.350653082631697,0.21348905887401534,0.27636542790717916,0.30121230690931605,0.26270056104046596,0.27811160664746926,0.24536049191675013,0.29474713422439347,0.2722656597626516,0.24628257026129718,0.21800841408606828,0.26804700948623755,0.3635894777240212,0.20968477314342196,0.2949664824059292,0.22469324262548762,0.18381211027629243,0.2918866057785237,0.2749521884224197,0.24522283171716303,0.2250095530989802,0.2725272936045081,0.25943285531071597,0.21842116337982145,0.23803754228612256,0.17500370194979806,0.20537808362011215,0.1838152864731539,0.2064156376651484,0.19433834861780497,0.3100916627221763,0.2945406042978692,0.2114218641653476,0.27446028635226466,0.26916559942156537,0.20252462264564633,0.20597979570401734,0.31298694318020415,0.19693266389616673,0.21156197641696206,0.3469989536093954,0.3260366981383506,0.20481453273144512,0.20725047203783026,0.23414734584624322,0.2766541387149098,0.28194395314661314,0.19054837491920093,0.2163716462340565,0.24542240666429294,0.26654455013104883,0.23418975180507856,0.23571511718876242,0.2392072634691276,0.2853424704109992,0.2981398040321947,0.25099148869028426,0.20354749530491323,0.24616262124679864,0.3004089860501618,0.1701817543786892,0.26110128466411586,0.1821949854299986,0.2578339181844648,0.23296335351608383,0.26890244635941696,0.2590731479483178,0.2400209855506305,0.19268577720871047,0.2403499895160006,0.21205316007849054,0.2685824375651285,0.27740396334179696,0.30342951741054436,0.34461219043419056,0.21986659631072733,0.24824233358505207,0.2239601640210656,0.20049079300014885,0.2493898483816592,0.21891089953519324,0.25088506566287605,0.24124927069928306,0.20726249779509434,0.23654262632164927,0.24398340237118396,0.20638106554835728,0.3401567983981349,0.2094144052585728,0.28483114832287376,0.19455646201187654,0.2709538998262055,0.212532798475172,0.24193220776332092,0.19657903796685383,0.2133500986395884,0.2167841639598677,0.21652696314701747,0.24462207373244038,0.2208208818552035,0.21281762539001234,0.27887861627589844,0.24931580410547086,0.29528637972259864,0.2462723092732037,0.2083963107152589,0.27806058302053305,0.21760638046289288,0.2681415547256877,0.27417854540324227,0.27757919479089355,0.2749142030800697,0.23020015107471273,0.14254898365820545,0.26798287491500783,0.23239799958939095,0.2427899745042171,0.27101635381691247,0.3394807883553686,0.31918330644516724,0.30530780109285904,0.3563810126524691,0.274550479101528,0.2518311310051245,0.23642889939288683,0.2205947433499773,0.2499260526184345,0.2969969394524122
0.3503660897466699,0.4238396908223837,0.3056244433875803,0.25428291588975094,0.25705813395570526,0.3278950341480265,0.24683090331395685,0.0,0.33238436105306196,0.3601310219087902,0.27339506423614396,0.3066664884247912,0.362361691540223,0.25042814129764374,0.30241294836025817,0.32131866003023996,0.3357791937596147,0.2792925463288016,0.2827059883812315,0.3495043207859691,0.32792194852168,0.2969891142074089,0.26408827564018633,0.2730308018496365,0.35374190871975253,0.23654797244421652,0.26602755384771776,0.3058501309392949,0.23431497978915972,0.2637887067535061,0.4357556265296394,0.31700395358383443,0.28364181515299,0.2500033606770383,0.34609400263689716,0.3155835826937354,0.357962694318495,0.3360299773739841,0.29096726293859615,0.3017834578861558,0.31004115540543337,0.29080217281322407,0.2726668134781249,0.2993662145056854,0.3983618144764245,0.2940584600437862,0.2802944685749019,0.2864446197478559,0.31039524283090303,0.3197701836184772,0.308180433521175,0.27772163568657615,0.24546567704605743,0.29186149763833497,0.2703446783479329,0.3130130194346127,0.3016322347663485,0.34070580759080615,0.3105203684026926,0.2905970059824107,0.38239963660781834,0.20020108395962222,0.2666048928263019,0.23946609162202676,0.2356942560199744,0.24292876320728635,0.29315357203755077,0.28279413024906763,0.2810220962229126,0.39335932983414185,0.3114111081310648,0.2867775580057157,0.2730113799392999,0.346238255689525,0.3642220403693748,0.24837224402329852,0.26061452259530676,0.27829249699695197,0.30014844138815444,0.21854591082497665,0.26425993424057465,0.30888107180788726,0.3453511296429297,0.3028405643258355,0.3089079133269694,0.47277087429123144,0.34947041338522633,0.2985315775649919,0.33157204066148616,0.2820366356920142,0.28690220430995905,0.2986056357611858,0.3176039142177189,0.2510401213360366,0.3093210861066965,0.33033185458537384,0.24003968557827376,0.31630669400460987,0.20632691475869333,0.3375288807819979,0.24794532503580216,0.2840761515642881,0.23563753606617494,0.2869760633810071,0.31712058371498747,0.3225308005858543,0.30387227709244397,0.3838030145687247,0.30270871606670147,0.34154422756348146,0.2551864801737757,0.27972247503493197,0.3393889145975857,0.2789968711877721,0.2614369524855587,0.3463060335675845,0.3046898454318064,0.2498845966723672,0.2683461367330665,0.23415574053075608,0.2812360089186948,0.30104253297259537,0.2773071585862532,0.3236010032915299,0.273164630945412,0.29128020294604556,0.24579245456287832,0.29176202989372435,0.2949737579051325,0.28670753862918585,0.3344963049281099,0.2996990578123479,0.25939546090756604,0.2627542788179,0.31572179881670137,0.2377301456780343,0.29755650551407886,0.3028407342045206,0.2933074430304747,0.3343000664128282,0.2422633907844588,0.25373059460729747,0.38036208747807587,0.2856519504498954,0.3265644043968972,0.2990281971843698,0.3766439549429779,0.27705718162328324,0.39542974748073534,0.17843891854344032,0.3226406812788862,0.2863820433572034,0.27738378882775944,0.28700330756911097,0.3414317455519774,0.35114830778247363,0.27602909030652284,0.36063691123319574,0.24424263023184045,0.25257099874991296,0.251347182829376,0.32218754873562716,0.24263053029537382,0.29062554750028563
0.31406598455087675,0.2652866982855134,0.23457487821127232,0.21355919321140218,0.23851970470879308,0.2616548085211739,0.2186757087555189,0.33238436105306196,0.0,0.2467609265906191,0.21746146823865437,0.23025656125839386,0.26202703315138526,0.2581638239403053,0.2266543890739613,0.25696735085858013,0.2573441093491914,0.2604978305544132,0.2139302396454925,0.2678923783395412,0.24352160041289195,0.2777692857097874,0.21842389565888187,0.20192230787372745,0.26101223018996694,0.20686782080462685,0.24795022902149305,0.24495571387836165,0.19096640333427214,0.3284481761397051,0.31275390483574644,0.25780032166875333,0.21324152373423283,0.20088759775314474,0.27986784612663945,0.2153905117054156,0.26485287166924587,0.29630487550375395,0.22625942216578657,0.23617133387555475,0.2086813942004538,0.3528109500051386,0.21850402415624431,0.23103549028519316,0.2608616767363403,0.23491872185189933,0.23685668878871863,0.20759174782938516,0.23441958657451858,0.24664787410927427,0.24198029825877784,0.22634942823064755,0.23120429746895804,0.2190950303530489,0.2022771645820457,0.3874651713876375,0.25624186893764406,0.28071383101970754,0.23365189128503594,0.21754384419257256,0.25325270751514606,0.22089897496939753,0.22622363507260254,0.20878120755169338,0.23685680705106596,0.21954508589134974,0.28263596393942647,0.2644762529916528,0.23303182740752107,0.30468277655272236,0.3026906727440828,0.23551526782615886,0.306362999265486,0.2508909347623273,0.28494464310576406,0.23060343847333045,0.21908176979996183,0.21925606274605586,0.2396075160413164,0.23002515701076676,0.2403307649200393,0.33708879330427055,0.316285598571752,0.2264524977487656,0.3003243140746884,0.3145333406745231,0.3109538153672757,0.28822723181361587,0.25692372406719216,0.32806778255384084,0.29357110716677587,0.30919797343367605,0.2282628589758949,0.2189785771602108,0.33251895900147166,0.2664656325414508,0.23103124289813334,0.26498300080956655,0.24222877703824872,0.24548463206146337,0.22405839253543683,0.23220202591723088,0.23573006046821432,0.21033306028960871,0.2843612093357066,0.25200289937247183,0.22113472896568626,0.2892467099358781,0.22728252558114417,0.23506627573939076,0.20006516404803137,0.28049360941600865,0.3092209487566811,0.3193914037671291,0.2098163884630083,0.28671438867486526,0.2541673367714496,0.21199276976800355,0.20209676368509724,0.26435866146742715,0.2584162825480397,0.2854237901062565,0.2654801304864715,0.2596138322910003,0.35980619760860505,0.20376070006211558,0.27028262834207206,0.2250267660028818,0.2047288019872203,0.235430126034976,0.42852035127312005,0.2931204173912168,0.2529367847746963,0.2898915517272548,0.2274419726931229,0.22581600384207295,0.23433691729361408,0.2330419130122341,0.22511098111736996,0.28565874965835786,0.19820698209908486,0.24937380006101043,0.3371457036578537,0.296040676911714,0.24802438842304403,0.27322917220932563,0.3563351874497421,0.22896420351082694,0.2766107384331572,0.17890055324041426,0.28371871009951777,0.238477429651837,0.2345407902687657,0.25400292029736316,0.24720640912380443,0.303326405697083,0.22807921619995372,0.2759370432949528,0.23064803408178045,0.2501399983411463,0.1990745174666503,0.3051663248473733,0.2965561534438572,0.2705275178812739
0.30174110600367976,0.39083093268312075,0.3566792472838268,0.25167892191883506,0.26673273372301665,0.27009059607328045,0.2777099949765448,0.3601310219087902,0.2467609265906191,0.0,0.27193483184332295,0.26529894304669904,0.3042481515865049,0.2271829491318453,0.315871484388659,0.26474795961662945,0.25988692345558234,0.2934039434518749,0.2648549757168961,0.25549465453965314,0.2668266817857856,0.3059320586209977,0.2935745299360035,0.25517032533931133,0.3875843804027262,0.2087582251008032,0.23262535422815772,0.25093285214977146,0.30377446711948664,0.23238618990571921,0.33884971565266964,0.27334666590082546,0.23599251802349744,0.20687544826329846,0.2713771358532235,0.24368037857128597,0.3327891342281561,0.24959905467789326,0.24212272901333157,0.26875243837627594,0.2394471514778372,0.2667911640649398,0.2617828639375149,0.24680170478851757,0.28994262452706776,0.25322393442338514,0.23387133463854606,0.28389182857370043,0.3271142822002314,0.2341089372776582,0.285017126210112,0.2180255874789859,0.2043867644644051,0.28321950872064305,0.28677384256168753,0.25914697888683486,0.2462980846952044,0.2532828836118926,0.3082131100541384,0.24022031300037938,0.30188864500577484,0.1776883667574496,0.2196840650297211,0.19401179546745329,0.22010530424402033,0.21397770432239424,0.24767394229142792,0.2911118323960634,0.27580461328571904,0.36053878167778475,0.26779273521240243,0.24975768643567497,0.20366820439518646,0.32087607066218354,0.25075757394620996,0.22197164678543188,0.2397305929924261,0.279051263364409,0.22371073226679045,0.2044679064211748,0.24308527691739096,0.27534788294856977,0.3361590428851525,0.24339859559565594,0.22575965973944637,0.3060313975460104,0.27460526055318896,0.2714963859897606,0.26615050696771114,0.22241401889755721,0.2527293065933171,0.2421093611103296,0.2891293240830056,0.20212987697686519,0.2548165516933699,0.31989820227972665,0.1837735855193203,0.23867557297413433,0.18365426358983789,0.2698473787025974,0.22962497871967386,0.2629177128253546,0.21530860750046416,0.31571421980576403,0.22852983948111333,0.2461160739626825,0.23180377029620122,0.3319655003533753,0.2589557870040859,0.3202944368556189,0.2346506461764521,0.21614752387005504,0.26665046921544594,0.2330642544165894,0.22054383424044427,0.2714684692355789,0.24634619005267167,0.3081830192689607,0.2390690269448367,0.20884499130335335,0.22672902514663507,0.2411089345642167,0.2101093676904223,0.31398041360467877,0.2222428464319486,0.33685086558915905,0.20048568195592295,0.2462716896123931,0.2637742529692677,0.2634966132079548,0.25962196140412314,0.23689143356542414,0.2266063606403595,0.2084756883220602,0.27035727154361405,0.21836462737541765,0.24992037693683003,0.2692125843850147,0.2854914264225464,0.3079689628800312,0.24831802823939828,0.2277819356678334,0.29358880589220254,0.21841287052661684,0.25864257267355384,0.251850559501122,0.26308598179933107,0.2879842630447426,0.40559072205997626,0.15400692712978212,0.2529801082813927,0.27350862598526826,0.24222048406495242,0.2756716211977869,0.2913736781758779,0.3224933382163582,0.2589118278811244,0.3310645217215641,0.23459281742504012,0.23453741417831336,0.27083859691466233,0.27831818243676787,0.2291482067785525,0.26323487053683825
0.2806436159564263,0.26773629479430544,0.3089871833349728,0.2977458706252263,0.33829255253556884,0.25172040269981816,0.2870836778154714,0.27339506423614396,0.21746146823865437,0.27193483184332295,0.0,0.2999828911987561,0.29623394986152174,0.22137231870868923,0.26323586314959835,0.3377049208693673,0.34437574004203403,0.2708231768841918,0.27104533217713417,0.24170800671381742,0.3266599696584422,0.3254002291963657,0.2935637285994536,0.27841487554675576,0.3071150718253076,0.2780741686162916,0.26584702031246615,0.30490920881440714,0.26636782795670233,0.2450704407752502,0.2486071188447709,0.2788913164029095,0.22689237338514484,0.23446778791909267,0.2775933415311001,0.27855220789004315,0.3244323161533499,0.267565359785551,0.34630374987100604,0.2991945070952105,0.2648421866274156,0.2981897886739061,0.2609984454869599,0.31353775973468817,0.2527747131799543,0.23754664522390276,0.18864882445008369,0.37965547183855686,0.33674899516068024,0.24694153920275408,0.3148674039895649,0.23887949146677948,0.19602773182522817,0.3239013445859223,0.3249711722564483,0.2059948666316614,0.2769801011383598,0.3664477203438362,0.276474537202531,0.2471111446087447,0.2983267182640283,0.16664115831171608,0.25923940419981906,0.22102706013575157,0.19992924416534222,0.21348395433654382,0.2785298674485031,0.22536875023635958,0.2738692891622176,0.30361800832771474,0.2564762974876368,0.21731985356531178,0.26377553291631434,0.363981173670642,0.29121505477986814,0.2028361639890913,0.3686269478804598,0.31221719227676553,0.21772069542857822,0.21303018723210793,0.24983555662068122,0.2431634900970227,0.25044375855963474,0.2360599910027854,0.24856020193674852,0.2496806433662062,0.2921544531842217,0.23393897033040337,0.22194157238023624,0.21216562222780863,0.36128283236579284,0.20878451137583287,0.33315433406313016,0.22076372961362822,0.2623778550116048,0.24379018806235295,0.1778768973743025,0.21318791639327478,0.18834948502756976,0.24253021465509433,0.23395940303414023,0.3012289086376806,0.23367007679581933,0.2085480200563724,0.2266687246415598,0.22658443938894512,0.24165972487688636,0.30349927305833,0.24683037651439008,0.32843656887126377,0.3691203096157947,0.25484191437471443,0.26913642770068996,0.28356569617364485,0.2228628293851772,0.27141104677905464,0.2357131651522796,0.283858370954939,0.3003191839534382,0.22780632670311546,0.28967260696524477,0.2313176806304,0.23999846019452195,0.30600906020241664,0.2194067003723905,0.28549816562712427,0.1993283126690104,0.25205766794727064,0.2620840047657599,0.23554385781326245,0.20809416958029162,0.28718581898056617,0.2466955394648697,0.25513928483818926,0.32805492716221557,0.2169559147034221,0.21399061081666387,0.2637281709480877,0.27999036819081663,0.28859136024128684,0.22224031315377288,0.24941352423994564,0.25075956733979,0.2547380735630429,0.3336122821588847,0.2261086414948218,0.2556238712687132,0.2544398205845376,0.25165830957863583,0.1935017326593817,0.31778612902854564,0.23537767146470015,0.3812997279539626,0.2425006444725162,0.29048393951975326,0.26362256441642573,0.27416992626612824,0.2998905545132666,0.23649091263033667,0.24758183626892927,0.22833233272848474,0.24634979286739403,0.22458065240418162,0.4028368173038315
0.2524296045271555,0.2906231463974585,0.2533987904334209,0.24295708498594393,0.23960444517051707,0.30565588184227555,0.28685613413706407,0.3066664884247912,0.23025656125839386,0.26529894304669904,0.2999828911987561,0.0,0.2456941156006741,0.16523452555223486,0.24159155924378992,0.27393781450377475,0.260414009313379,0.19468674766475627,0.28459978978153094,0.24180811831135102,0.29245619005220297,0.24731769642595192,0.2526009716360346,0.2693974481640478,0.33614612456466725,0.23016049970450525,0.22798863902119026,0.22659515163059907,0.22482291014179573,0.2520083064479273,0.30498855380694345,0.26045318161324854,0.22667186118944224,0.26980797265189554,0.23887913090680155,0.23918611915692894,0.2973453911337011,0.2200559485588614,0.33586863272707707,0.24387543014860366,0.25539832340477336,0.2781790689039869,0.23261563607072844,0.3003270451933462,0.25770279148000286,0.22686452810866098,0.23749026497559608,0.2965482372441125,0.26304826397208164,0.22732442242925877,0.2673388637563277,0.25675455347552645,0.1769441513851352,0.28533352903253667,0.29453651696850297,0.2485667951234601,0.25286221419394433,0.3659881647136089,0.20014340922001606,0.2133887282692167,0.24221664450498706,0.161231517047614,0.227402783183106,0.19203678791570464,0.18370994311992667,0.19807173830675773,0.2288809184224677,0.20854473589520017,0.18518505874636876,0.23942128071538704,0.2296571995427604,0.1862883899306316,0.2153499038686347,0.25664675542993276,0.23663592780007559,0.19834034556119617,0.26157838565480984,0.2813560475988034,0.20500461713846707,0.1983595212281051,0.21534507704019276,0.23925263669990987,0.25532930822816335,0.19395406321619732,0.24029058928822758,0.26071844674748257,0.25869784410689817,0.2140017166618811,0.2416157485941501,0.23913571694044547,0.25929819336107907,0.258133644649264,0.2546789294024957,0.2156395618634392,0.20938619878001052,0.33715286955331436,0.17683414697502894,0.28661633074158044,0.17289275087033001,0.2289162158997176,0.19442935843654668,0.2518191575099365,0.23480316259312714,0.2637094421258955,0.20255665644713006,0.2380117154211101,0.24907358801502108,0.27992166921970757,0.22579132959727805,0.34838735415131805,0.38052031788163565,0.24708034305355248,0.23910831937116742,0.23512526300206046,0.19302553785586693,0.26350072286642273,0.23845708755346293,0.26284793086650404,0.2867726623221055,0.19426137991790232,0.22219041873925735,0.23151148425064214,0.22839629486627147,0.2692667144658232,0.19559959943463046,0.3051019570878301,0.18987389597651785,0.2684220954534547,0.2656849329811381,0.19570986635173335,0.2201255503387826,0.23341960875239895,0.1987310458574528,0.23813451444501704,0.2670111274476869,0.1850528952158231,0.2594370682573857,0.2331765297226019,0.21985075161985138,0.2674717507449134,0.1844702520812787,0.21124646152200166,0.25663791439762773,0.22807833934948063,0.2824404880779446,0.29481916910116246,0.3339570528201361,0.21815813973130235,0.2957117235908522,0.17338628022176947,0.28468077269572944,0.22299788632807416,0.24640283336301658,0.24628850989714104,0.34760106692176,0.2352487382346692,0.2276617715636757,0.32499104249557287,0.20467129078609891,0.22075345806006622,0.17621456865741955,0.2241209637582896,0.2010784351845187,0.27044155212180915
