0,1,2,3,4,5,6,7,8,9,10,11,12,13,14,15,16,17,18,19,20,21,22,23,24,25,26,27,28,29,30,31,32,33,34,35,36,37,38,39,40,41,42,43,44,45,46,47,48,49,50,51,52,53,54,55,56,57,58,59,60,61,62,63,64,65,66,67,68,69,70,71,72,73,74,75,76,77,78,79,80,81,82,83,84,85,86,87,88,89,90,91,92,93,94,95,96,97,98,99,100,101,102,103,104,105,106,107,108,109,110,111,112,113,114,115,116,117,118,119,120,121,122,123,124,125,126,127,128,129,130,131,132,133,134,135,136,137,138,139,140,141,142,143,144,145,146,147,148,149,150,151,152,153,154,155,156,157,158,159,160,161,162,163
0.0,0.30137177372902085,0.28667367248571235,0.2911285180889505,0.3396960857296042,0.29391069123121044,0.3000103532379283,0.2804512654735592,0.4325929807155798,0.2814897379402325,0.35294699747782177,0.32256882994850183,0.345450564997574,0.28435230802933037,0.29234429908480025,0.33600864302784283,0.3428151335753639,0.43016951830719197,0.3194945138632919,0.5222042411340151,0.3637217488751516,0.3469472997660173,0.30298747471832177,0.29549405048898636,0.3927364751998197,0.2840267496881669,0.2484119104688852,0.32427140532476695,0.23879528126494654,0.3172169873334548,0.3477828555622158,0.3295832209871119,0.2763022258702992,0.324593254180471,0.3866790107371549,0.3135000252462926,0.39396490286567204,0.37101302294333227,0.2813328747531027,0.30334885475814777,0.285299561732957,0.32703648990684475,0.357763295315709,0.4020695607318582,0.3062584624777606,0.37373209365343946,0.30058635019564767,0.36195220059020794,0.37741984531106487,0.41161901225295894,0.41503673626791965,0.36994232284885264,0.3336912801113333,0.3172325445269624,0.31082216085069936,0.31449427888657494,0.4990373303120514,0.3124185779376394,0.31961744825427824,0.3267223938426119,0.2763750940874199,0.25748893624498853,0.36093701531817723,0.2841869763023119,0.35366638307825377,0.37544682412234553,0.3357074494386091,0.3563299080727627,0.29841077960859763,0.3221836431811662,0.5004154667134995,0.3321332647789246,0.36666588842980674,0.3364850040097698,0.32897565039604615,0.359435175138122,0.28093472022789856,0.29487138947875924,0.33181555110521627,0.2566139343912785,0.31064647982333154,0.4259202980406117,0.3689467456738546,0.2858055953217285,0.35621477346520625,0.3730986743293178,0.30524464917990496,0.4034398263485086,0.33571392792791355,0.33325587332832285,0.45646266116684586,0.34029271268096795,0.3858534922579126,0.3962134170438329,0.411772259748575,0.3350123643983099,0.2593019837314573,0.294832234803662,0.2668666138240795,0.31321856312368923,0.30959582894341714,0.2558674531002786,0.32567826492331975,0.2887684301334787,0.3879454034625693,0.3398062762009911,0.3052523132633954,0.3356761299122289,0.3064705131721721,0.3190651116004835,0.3649391374852456,0.42374003482768785,0.36883850237219634,0.3182299797535252,0.34031079499404066,0.3127784631815277,0.32680695240496027,0.3487775825147627,0.2961711366477937,0.28828587583898974,0.349485081982466,0.2682637048515636,0.3389950368381022,0.41249764474348816,0.3261028156924345,0.2823315952259822,0.2634395512107879,0.24922133262463075,0.2739991212438625,0.3475967332387554,0.27686329191086906,0.31128880324235353,0.2843859446319591,0.39070247204660374,0.3257433178584038,0.34162018736880223,0.3766526014563175,0.3011647979940317,0.3187085289107269,0.3884559664302336,0.2992649310519099,0.3064909668490687,0.3960203589701014,0.35880403861545457,0.3826865421402574,0.3851882960681446,0.3823738253667651,0.2787920328721086,0.37242666873667973,0.1870205501156064,0.4334296710074404,0.3374274108412525,0.37240036055408565,0.24838881364748963,0.3438980040400533,0.37430128287692355,0.2981184332396757,0.32752387759491586,0.315859767889594,0.35438157601462383,0.25157161538186884,0.3691570441452003,0.2689664458388315,0.48945181568189416
0.30137177372902085,0.0,0.3187705185681276,0.30524989166817834,0.2684351651642504,0.32774901052585365,0.31623191429321507,0.31376690361878884,0.26784626204908407,0.36081781310995475,0.3394284014938599,0.3533694895918396,0.3305243980296592,0.3432676873029587,0.2731830609488899,0.32259811000545296,0.34647570936816585,0.3101128024589673,0.30383951128762493,0.3431515179043879,0.3303844417653459,0.3581065793831976,0.3391077612177691,0.3233606083678148,0.34707650677155577,0.28323682742749806,0.2599785249778693,0.32829042668626596,0.39117349615083824,0.2532538474936698,0.30013684543635305,0.3089513114122871,0.3450680018841243,0.30658789767458844,0.332304530314695,0.3234655202548329,0.30737298808618957,0.3370513495065853,0.290055093596253,0.3322115632110445,0.394339610366927,0.2919930105360695,0.2387554251757335,0.305442745543846,0.3958565866275351,0.3196609615869304,0.32064208962178636,0.2857446125913893,0.3486559916358763,0.30748143545009904,0.3067263018943757,0.341811684968941,0.370130246193041,0.3922036901501119,0.3498573610335961,0.32803652558351226,0.3315518426271158,0.2836949754518212,0.35156491098406223,0.3687352551422738,0.3071094768294528,0.21772416516581103,0.275958665545795,0.27845577378262176,0.2489129254123582,0.27225269310665123,0.3084362714325943,0.2718014818012341,0.26870053825021806,0.27086158948805705,0.2827977119244341,0.3304512346415866,0.2728334549853556,0.32824167359319406,0.32129930300279697,0.3127728719575578,0.2634036095892752,0.397205790091324,0.2973132093205111,0.24932445333808478,0.2852326818047109,0.26876719922462056,0.38339420663792584,0.3044867848586033,0.2966253063802418,0.43421026347646363,0.2406632302259126,0.25751102565271133,0.2993927824478378,0.3529032775270114,0.28331586799926706,0.3078958378866797,0.3586553182482272,0.33969748799716565,0.3453141013599742,0.3626993563686203,0.26626580237056235,0.34000160360082504,0.22859125006513553,0.33876583065757393,0.3076576960981314,0.21712576824786195,0.23684405862778476,0.30583546863220445,0.2911081427942996,0.31339931333876203,0.27438809629583827,0.37357371624873553,0.36141312954133464,0.40105973273756446,0.3166666062835329,0.2897937463419924,0.28143002354210483,0.26494008662558294,0.36799355195260236,0.4054470524374976,0.32935024241195543,0.2498004312387122,0.33499457073707495,0.2630976967595699,0.32325273616411376,0.2398345999219232,0.331706049712868,0.36019374801311055,0.2760592385153996,0.40313631995783933,0.25108131875269696,0.31228937986427985,0.40135077957937504,0.30090687545469125,0.3006015310484681,0.2693760057351749,0.2654356778852475,0.3219894890209725,0.2909127266162598,0.27095020401430486,0.34512043034316786,0.31208660335212646,0.32383395435457046,0.27167136388337526,0.3117942299240194,0.30971418786720645,0.38995166713610024,0.3050940552977566,0.35568647931784797,0.27711194197188527,0.3089168030259209,0.311653816219876,0.3947849588241943,0.21516980629602284,0.26542551665579395,0.3532676389377472,0.29459735330593906,0.32666533569606093,0.3158562585585795,0.29448965846441816,0.2996295147247128,0.32776940988224396,0.30154030604862425,0.2742009315378464,0.30507921199538485,0.33948699267199883,0.2493837072309772,0.30303828937129595
0.28667367248571235,0.3187705185681276,0.0,0.3338918780709727,0.27890357011147937,0.3085124385154917,0.2645776333867473,0.3170926601548834,0.25610969871299377,0.4076475348618557,0.36879457367232804,0.30665704015530587,0.3667371831567258,0.2502793036399849,0.2708073422688433,0.39455017373055373,0.36777188503250086,0.32937861102082094,0.27155385981751134,0.27069586473193813,0.3513785200162974,0.4142433779741732,0.2872435601395274,0.2662207536043371,0.3260562252365338,0.29756276576252805,0.26278438641151003,0.3385238696384259,0.2560870195525155,0.24766224421577696,0.23852562387736276,0.3060080832525364,0.26747226374921246,0.26665853322023253,0.2341773779546654,0.2696348780004439,0.3017234789122232,0.29050093951103256,0.25554306482896677,0.2825829963062543,0.26445819430319706,0.3160834626433123,0.267098234575378,0.255035770239946,0.31849099949672255,0.3291662948443323,0.24258696009560257,0.2925726479753342,0.3013437861196753,0.2723873641069284,0.31634289501127005,0.30761491172300637,0.24198172824451594,0.35779624462022724,0.3063291902300973,0.25197704082244593,0.28491650084641057,0.3114128777839118,0.29537199742372183,0.2800279562181672,0.3110569542985166,0.22137376485841698,0.31297937172384804,0.22292123395140334,0.23573999522750771,0.2988265745568343,0.3094308931864952,0.3166402789286681,0.3406537838881453,0.31351594114579395,0.3019334865618924,0.22818696206889189,0.2726741783789465,0.4480778388483374,0.34603545347646003,0.2189429714597334,0.3368462951410667,0.30286263257640844,0.26874068283003916,0.2030395011283902,0.27999326461525537,0.2904173339484004,0.32478453668064966,0.299330785755931,0.26649460606486836,0.34001162416832975,0.23926979575336976,0.24488002899955447,0.2849368486661154,0.2675322452852959,0.2985919524979919,0.22243830607747986,0.2831240511715254,0.23556403550138447,0.29808009842135075,0.29652400204067453,0.22643228716075375,0.26853205335666747,0.18337509774058874,0.3035513270907475,0.22189580172294432,0.2639083865974964,0.24088388540016814,0.2944708008804458,0.26056714945216014,0.3561732776850649,0.3081336486922484,0.3302443727788269,0.27999586892531453,0.3278072698955878,0.2894911400194706,0.24632420877329195,0.28736257410442134,0.279343520815979,0.28037827351613986,0.33283823892241104,0.24734643066051423,0.2967019474741573,0.33521024816050826,0.25180474729858754,0.24793955908231324,0.24116490289726786,0.23415917721392215,0.3126790614464765,0.193156960720848,0.32866995890139505,0.2375241555060696,0.26141736836879065,0.33176420222655717,0.2716314381089926,0.25867280024614503,0.35858222525812633,0.23612443836586322,0.23308188168484045,0.2887104253247822,0.2205806650274903,0.24129944661053335,0.22859056085672697,0.3143405011013847,0.2658442735889972,0.2788004841747169,0.25430894530542963,0.2854131207501699,0.2858760586966318,0.2751012230449022,0.23660102116342543,0.29605550210525805,0.32197566595886695,0.3387171848206186,0.19446910335045148,0.2378122271218607,0.24030771015499708,0.29448791880558894,0.30133715908744124,0.3318248508883802,0.29170512622299627,0.3040409518306367,0.35099145356666184,0.2109846150174711,0.2697606236366069,0.30822100096728694,0.20935765587628616,0.24879578159936272,0.2912628916396222
0.2911285180889505,0.30524989166817834,0.3338918780709727,0.0,0.25613499097157794,0.27550433314653316,0.32424483218070066,0.30726360182783224,0.2493724336049635,0.2979041538369637,0.3365823007390489,0.30038687882712856,0.35096621725816934,0.2756905421528745,0.3390461434448026,0.3115454132886093,0.3343350810856858,0.32506403354898616,0.2870986772429062,0.2796006894881248,0.34855272027883816,0.3125760842391206,0.3442325497658469,0.2988699550112951,0.3147177363471249,0.3621624228463056,0.32345950036216903,0.3398794252740062,0.25591918350828885,0.2358917588927532,0.2577943439816633,0.28270366242151423,0.409004318725354,0.3074158977520423,0.25674129698686093,0.2813438909345337,0.31986377184332926,0.2994174398276615,0.26778061339504994,0.37698782300233047,0.3304696544935087,0.277694642849295,0.2731086780610407,0.2839847459588247,0.34024256029216643,0.39454944834969846,0.23078318657203584,0.2774208478990249,0.3180105874157384,0.2910489302621559,0.3902763575214241,0.3490475672590968,0.28526596577340374,0.3969618425300484,0.3065946477178687,0.25392707685523214,0.34296910054988633,0.30083220740278793,0.31176730487126847,0.3376383724103174,0.33146084995440905,0.24106486557115325,0.3375516569550273,0.21396157656546827,0.26165089674599984,0.35116127822991555,0.4097703326500909,0.28763654908715525,0.30603015804466166,0.2949576151003359,0.30560402177307855,0.2610229377086591,0.279750812452998,0.48957205053922537,0.31764241522273995,0.24922325801845435,0.36381510239050097,0.3348861574817459,0.31996343542809164,0.21137060595018975,0.271359376993504,0.3290549243197632,0.3129377443847918,0.2935587482689737,0.3260393250142248,0.336541305728363,0.27635477091105126,0.297134713076963,0.3227873975358813,0.29020006569439555,0.3166171005181665,0.26051963455532334,0.28073928584462027,0.2799250338164881,0.3321104197460898,0.27942351857562503,0.239941507501567,0.28249591855881123,0.19643120954136656,0.3454032268353529,0.25237883614322437,0.2717940331838677,0.3107663427565204,0.2701310399703644,0.2926092687352855,0.3526825052330294,0.3343697252502787,0.2977161681248765,0.3623093682961123,0.29601808477606595,0.33335464867616976,0.2841617124227353,0.320367548081526,0.3016525144146381,0.3415226066136241,0.33697537343165274,0.29014858341310873,0.2381230046002873,0.3097906012497015,0.257914696248461,0.2672449391990006,0.28810085387806006,0.2590460461699041,0.34603198663842494,0.20891519858915816,0.31339957341954927,0.25331388921324977,0.2761082588778128,0.3097730927030029,0.3507329482332018,0.23165154088206982,0.3092654415663466,0.28076549804098305,0.26227556265580676,0.2803721707378884,0.23097339077223067,0.2342079733429629,0.3001935977048304,0.35276539341642055,0.3034619876488202,0.38200516260201767,0.23951793013299097,0.3470738146875155,0.286690030342468,0.28886850037534695,0.26994255278187634,0.2929241733132053,0.3178387588017119,0.2741709313710073,0.17591421898688345,0.29642248722307496,0.28098056336914234,0.30990921347967276,0.3026489313198672,0.3424304209719862,0.3096957553835595,0.34550438753191026,0.34953144029127403,0.31785846689530983,0.28738686668844,0.3064997341412616,0.24196163816801236,0.26901621213567,0.29027946037250324
0.3396960857296042,0.2684351651642504,0.27890357011147937,0.25613499097157794,0.0,0.21500128326543852,0.34214369034574266,0.23466700846944064,0.29156946414725304,0.2796582459791392,0.30323398946668767,0.2594159533870168,0.2512770189186932,0.2621976044924867,0.31984580335756163,0.2812130721033813,0.31900739681523366,0.3700490543309753,0.25990749142838426,0.31029915106621747,0.32279674263620856,0.3256181568570639,0.34086517616544004,0.29774475651384474,0.2994112746629555,0.24761145788024194,0.23748223176180974,0.2649547339165914,0.2246314276444629,0.278563958603873,0.2895811408311103,0.23692711931095115,0.243440720674856,0.2494737104229044,0.394509408199075,0.29341304451051087,0.29262845808889476,0.3035604211394062,0.28544399745034926,0.27217066365707826,0.29255934726970007,0.3115891264939569,0.31465577635507924,0.34790381305639684,0.248462580649818,0.2800493278227964,0.29017734677255363,0.31534335942083747,0.3817152821545901,0.3309459015357764,0.3127365657441345,0.279861538071659,0.2893266090556337,0.2705228169172705,0.26864287832308903,0.2412614945863842,0.2955134609852641,0.27792152702080875,0.31879784521719373,0.2691109053691821,0.21140344434678224,0.20675673568517697,0.2652556391967265,0.2902206693739214,0.31910621418188,0.24397182276316823,0.24390897542537363,0.2957842355974208,0.2921097778618869,0.2779030288425429,0.3052379295630093,0.31219516680252835,0.24758416331500663,0.2894162220377409,0.24716497753230246,0.248384304978376,0.2495353642957926,0.33393233007223916,0.2607383922258718,0.2042406949622242,0.2601726577749039,0.31633370764079183,0.3332585813104962,0.22469615799870296,0.2679798809561414,0.28468835924340913,0.22392014499843638,0.28020995210984034,0.2457937708794742,0.24378729384636247,0.392302591390281,0.29878161964647226,0.36377075669641096,0.24743008623857465,0.33298485520377163,0.2730784353161136,0.20168125596517655,0.25413601116170337,0.2424253760188534,0.2351113440051914,0.25933720935403276,0.22060167304032824,0.27230449258722633,0.283985188378927,0.26585788628942314,0.27874996832302623,0.24034909126316203,0.3176468288229484,0.3066724524118278,0.2999527987470327,0.2956138893425444,0.3199750561338098,0.23667435652184537,0.26563065709285866,0.25820328270531906,0.2644154008413175,0.252196963733952,0.32033638404090525,0.26346553212796103,0.25143867326601416,0.4018981798117354,0.222786900997425,0.24442950404107974,0.32856059464422704,0.2763922402816001,0.23779039016120018,0.21998195709240337,0.23077100286597968,0.255945349263081,0.2937317665698817,0.24713923899986354,0.2454427913622295,0.20980491311962549,0.2728347852335614,0.2933168054529544,0.32954302915911715,0.2887657063102716,0.33134768654175745,0.29246640875006863,0.32072392694214263,0.25197952985273747,0.25858172900307713,0.3247498071936556,0.29575775724888004,0.31114082218848754,0.2869113187710292,0.32914534788026295,0.2716270739678721,0.29421391883465314,0.1828118547201684,0.2745273633452092,0.28325875234137926,0.35134077058351093,0.2719484035487117,0.30196207889762333,0.2977223142099691,0.2408203115112365,0.2905183264680944,0.26818866733988794,0.24183600917901582,0.2566901678097811,0.25926551091505706,0.2606286680999279,0.3982466196431919
0.29391069123121044,0.32774901052585365,0.3085124385154917,0.27550433314653316,0.21500128326543852,0.0,0.21305821142239734,0.32657471777243285,0.2924220285034092,0.28271773842251746,0.2931811298867938,0.352221454731456,0.34566748473168085,0.223919612751152,0.22435546779014745,0.3801250331344937,0.33333065151145613,0.22920789863585944,0.32370272177950343,0.322580689320955,0.3285446425251963,0.26512205914433856,0.2191637694798054,0.22163391515754371,0.3400048432459812,0.25200301135184244,0.22799719535276142,0.30718852151863174,0.23828182833342623,0.27548423149043577,0.30183701778377414,0.4434668878885323,0.27719277623556277,0.3145215747512919,0.25979703599036597,0.27662231593853054,0.2916924990666398,0.3023571529435333,0.2562228708749923,0.22539167135356666,0.25955676057608384,0.30877708542521326,0.25537782563309835,0.29317364971858256,0.2945116010610259,0.27719147814223244,0.26196011801942104,0.27978412903443084,0.23492585177034808,0.29380798225049587,0.29665342425661323,0.3425696421904204,0.26265918575752834,0.30487785907245196,0.2825840890309662,0.35478243394482056,0.3054387893928832,0.3856291904630509,0.22559303413278237,0.26851809016051537,0.3397950559653373,0.2772257479086669,0.3361208281871177,0.21886969142271254,0.23568230097098888,0.3052664076907596,0.2755493210161052,0.26562904904461343,0.2372153086620914,0.27530160004950116,0.2829364661532418,0.22867165801246112,0.32105092355970866,0.3099863872476885,0.41286518259211225,0.2750251651963807,0.2705359925201878,0.26722978089851834,0.2711033972114831,0.31393936838547654,0.35605015114588157,0.28262092964691,0.29233171653252726,0.3393210247051577,0.33027227305940937,0.3272001624129513,0.32003177462004345,0.2587265876066882,0.35368571658780235,0.29669152289520523,0.2711762870473161,0.2964830597012817,0.28563672869393464,0.29196329321512543,0.2632202148677643,0.3157663485301832,0.3052773783236896,0.3694406492455661,0.2133594719863353,0.30383796687433945,0.23778204859998806,0.252695375188595,0.2603468052440639,0.25418523727547954,0.32481012851649754,0.3488856325089993,0.3643522627068959,0.3307654673776753,0.2419620561781243,0.2983340102896345,0.30174229917505097,0.2715154745646165,0.38612781307997934,0.32786640404298656,0.28633545874637417,0.3167331485852776,0.34387197991891855,0.23329238048487472,0.3665006727167994,0.26688123274628445,0.24353597787290787,0.2788624136639814,0.33243175848353984,0.2957260552758324,0.2661753750939787,0.30272621947401046,0.301841268790781,0.24827928397435972,0.3268787718342222,0.2264565663373546,0.3476108305873458,0.4380121907606669,0.2774386272224719,0.29983360424890915,0.2791627538424971,0.225687510137458,0.2847297367520978,0.21447762089681618,0.23728779589969237,0.26984843680442333,0.25833952119509235,0.319882193164313,0.2846274732481722,0.3161731037373466,0.3032208024981775,0.26752543069217505,0.31110316934490617,0.29186636608896693,0.3225462419660692,0.24077564302087953,0.27874109972844785,0.27724950881591837,0.23953362954388452,0.2297209804063381,0.338226147146862,0.27061951668354073,0.25585127123168305,0.35668610365823666,0.21649235618186116,0.3229414675873588,0.242815955666459,0.31088949461644566,0.2591754802840561,0.2585761825792947
0.3000103532379283,0.31623191429321507,0.2645776333867473,0.32424483218070066,0.34214369034574266,0.21305821142239734,0.0,0.2290463001079382,0.2408801227880183,0.3002810410394522,0.30097488499115993,0.29045464741781224,0.28298173328762966,0.29264057767539914,0.34275111103850237,0.2472195616681882,0.2783345735699114,0.35180208625435017,0.2801548630484947,0.2700845466384799,0.3052036348078092,0.31393851913611254,0.47449164965029605,0.3679787085391891,0.31258539875448565,0.30296708573153425,0.2549542544344934,0.2729312990866646,0.2716604220584971,0.2508859788394053,0.26499485995185856,0.2523514171146274,0.31199853009180495,0.2895309040008457,0.2833978984238971,0.27093167461541473,0.3164057972443976,0.2667269844527614,0.25542844247271684,0.36139594769348315,0.3626584982001526,0.2858332281296319,0.2992823350731867,0.31434927084325825,0.30896522056983194,0.32035757100409934,0.3191615976779574,0.27989589039096824,0.49105470465214307,0.275238896340491,0.3400482156774162,0.2785854439240202,0.2801522935149494,0.32342716318332243,0.3133338320717675,0.2589885033192218,0.2946325690042311,0.24086293301964937,0.4163389894759225,0.28568872990758737,0.22305198836770276,0.20554275294477942,0.24503110671170492,0.2704240203952636,0.2784715847820668,0.25250680584603397,0.317243586779156,0.3192611329481708,0.28660616491462004,0.2467623315744171,0.30393729975132966,0.2933758963025102,0.23588013285241516,0.33120374809403136,0.21715841264120336,0.2807884315287943,0.3050408548974585,0.37009402943021297,0.2659710580097243,0.21826962677584655,0.26541570824823213,0.2949351495671586,0.3255802496990165,0.21861929614930875,0.25930483319506387,0.28905685206138976,0.21878248704679432,0.29863136990851896,0.2624897972720782,0.2616085498531462,0.3185943352415555,0.327795191274332,0.31404871444802834,0.27505410177515865,0.31420188270895816,0.29971883355676815,0.20457423228644714,0.2877739018576963,0.22993393233936332,0.2962304958537599,0.27277094640544736,0.23659641181858013,0.30267249609961144,0.30276545989725506,0.24628958432752426,0.2854984082823752,0.24212728272762205,0.29880726463707086,0.3928265757927588,0.33670632151129215,0.3573069618660407,0.2922393763463488,0.24486552600611816,0.23113055767931576,0.2802362659764104,0.283400518259887,0.2747037046979219,0.2883099856775075,0.2770018923678526,0.22322306832012515,0.29433116842710416,0.21744855794798118,0.25114608986559434,0.35967998683122226,0.23389478202250288,0.2987339252448214,0.21661205059692717,0.272808009413242,0.2616310859620976,0.3401923661909167,0.22186943178139584,0.21884635082537826,0.21462555195349334,0.24042584775469192,0.25738036874818915,0.2820621263239876,0.292217032617703,0.33315239399389257,0.33451870226919295,0.3169393543843317,0.3246661308865261,0.23735401509740692,0.3267182361578369,0.26086658392915657,0.3139378794647111,0.32686564094899095,0.2764398623733824,0.3045441735881712,0.28303836464023735,0.17062050663931555,0.2697399308615964,0.3069475091108106,0.29651359452814746,0.3566653996607891,0.32523284703426036,0.31245519701914315,0.29889059086518793,0.31560722735505153,0.3221948297485589,0.2640682419379437,0.32326199743792217,0.2690186291016129,0.2696601645556308,0.31415505947972144
0.2804512654735592,0.31376690361878884,0.3170926601548834,0.30726360182783224,0.23466700846944064,0.32657471777243285,0.2290463001079382,0.0,0.28732127104666844,0.2984309771227402,0.2944256169191349,0.3222506456491354,0.3540076875459037,0.2320746682569575,0.24841740592223993,0.3882732857965921,0.3529215996930378,0.26354842750201446,0.27382264924846933,0.299764859052971,0.3177248992302573,0.2637961789857132,0.2533524016161288,0.22525759441981252,0.3120760645663513,0.2872287597167748,0.2612732073406882,0.3166888587081613,0.22157148920636324,0.2590780022472469,0.3225011085436823,0.318692186347474,0.28992187373931017,0.2977429666309637,0.2545870528183619,0.2926356299759732,0.3329525223944851,0.33421151190175497,0.3081588783611866,0.25499865081907547,0.27160597796745484,0.2697046567017521,0.286569669093277,0.2729617747022345,0.3682498755934139,0.3284138451663925,0.24922272803058157,0.28004117816110835,0.27114866769429075,0.2847650455084176,0.31361531326248687,0.3084436152791146,0.27493738068348145,0.30649336115219816,0.30050710638162265,0.28373113352588203,0.30377810326874166,0.39154923342818404,0.2663687810669987,0.27979693570084846,0.46647105864285865,0.237894169686888,0.34243540507200226,0.22860238470323427,0.2249852774828593,0.2902008221086957,0.30642081665330256,0.28291913014458486,0.2897172578657927,0.4337128819178562,0.3023248136284138,0.24658150558742947,0.27066100711954527,0.35684704404409673,0.3940188845365402,0.2494229966134678,0.37076010374448354,0.29117212699518097,0.37693529250150937,0.22217051130113505,0.2834582116029848,0.2780617514052669,0.33842026335719166,0.3564474484663432,0.3119171853278368,0.38304510896542754,0.3910841264660918,0.2812146438781277,0.35307518603215243,0.3114411798488993,0.2843707312637675,0.25436813056039254,0.29235269151726445,0.26344346309197136,0.3086673182686379,0.3172460216628897,0.29847340321818683,0.3001227885019888,0.19380009800902376,0.30757297483138885,0.24060835694951166,0.3516553356035917,0.2505889620331212,0.2703839392981364,0.30213906921166256,0.37945292064714176,0.350162425388674,0.3467706299386787,0.27441707011305827,0.2821416002215587,0.26828532127489163,0.27324697136748527,0.32406757870634,0.33224790992634196,0.3025845497654561,0.31122763561767197,0.30189539589394004,0.2344271964872465,0.29117828710515664,0.26538348629290925,0.2549923539742055,0.42608790867668933,0.25215016209569535,0.32209669904709404,0.21936488793119477,0.3005091789894945,0.2484684710771625,0.3255412628508185,0.3199876191596846,0.26353464889977124,0.2969693600272419,0.33838704017531623,0.32628826214253553,0.2593431565512733,0.28047539468933197,0.22386535496428014,0.28196298602095987,0.23038728381710677,0.27079277912717825,0.30078957884280066,0.278553308164835,0.2571134272623048,0.3214211225514762,0.29725347159367305,0.3163121314983933,0.2688195520194565,0.3283252295101264,0.315640044064743,0.31771101552462244,0.19842593981200315,0.29953596633260476,0.29357376463065676,0.26915340957733824,0.25546222383368367,0.3558276463884211,0.3341585452696369,0.25601384025681007,0.3522780877052443,0.22030853220421256,0.2873053276625686,0.25970331775559924,0.253019467899935,0.261288233399027,0.26875576943414586
0.4325929807155798,0.26784626204908407,0.25610969871299377,0.2493724336049635,0.29156946414725304,0.2924220285034092,0.2408801227880183,0.28732127104666844,0.0,0.2333649035657934,0.28595525508451636,0.3242233773978732,0.267774255967296,0.2590220840298962,0.2559237534153283,0.30368558382146194,0.29293535371421947,0.3323835881509648,0.30938582377566026,0.3991531953084005,0.3033192900514878,0.31202014025582153,0.24517502158759572,0.24078880457926757,0.30384132952982623,0.25889134996717883,0.24948885017064978,0.2812413922064065,0.20961243968427634,0.38341538225150484,0.37473420002812974,0.3181671803495338,0.2576564922020948,0.2658159156242516,0.31896084956359216,0.28129173874446883,0.29036086023368357,0.39538691323168684,0.28050096886520937,0.23925242514370637,0.2657959664726693,0.3335810117802745,0.3148956123683874,0.325050462395952,0.279019592754094,0.3024307542467702,0.271554640615099,0.28462602417793653,0.2852807700108245,0.356417865373835,0.3128618169189088,0.3051002941825766,0.29405966844049775,0.27465970102860926,0.26675529387188746,0.3117642924638694,0.3726672097324721,0.3455358864732275,0.258707675921006,0.2631433229883241,0.23886737395165278,0.26960673228384713,0.32521937190459654,0.2724092662213978,0.3279153619955669,0.3107116288216419,0.28309610248077843,0.2858095313969957,0.27940790557772827,0.2981097433690769,0.38188452844366233,0.2997994707796134,0.3460198154885247,0.27333484471713887,0.33813649929771794,0.29821821952958477,0.23831129719351893,0.24791905915650458,0.328568789053561,0.24568348539292162,0.2875426691033914,0.4101797664510284,0.3321998568309199,0.2658102250434826,0.3662815443537656,0.3697419874456912,0.3027046387075626,0.36135768872139457,0.29865635816817176,0.3368858758760611,0.38018018530789355,0.33912034642558203,0.3103390359272427,0.310893838955637,0.3432381925507833,0.31562053162587733,0.3013083564314817,0.3018484280696198,0.2963923315024822,0.25604865877365957,0.27598632022538966,0.23330430923024145,0.3215973494398443,0.2678150365408342,0.3875786462997043,0.3048018514884406,0.2671850983235736,0.2930452099972792,0.2550378788559019,0.24588324111169735,0.2742095495136674,0.40290840044079224,0.30978122870400654,0.3608417773458255,0.3040745764804925,0.28980263340567086,0.3195799359218901,0.28871212186658257,0.23475124790919244,0.27983430048992647,0.327571979110188,0.27454124503100125,0.30552245065621547,0.3153751520344844,0.37047808746646044,0.2578988167890769,0.25991163314831284,0.23728297774815144,0.24219814099114262,0.30770789940438587,0.36307736043211675,0.3477576954268604,0.26581331493606714,0.39279374527779526,0.2895038522200671,0.28444564945815165,0.32249938656506316,0.2630771427336174,0.27709205112031154,0.3643997541026383,0.26579112086550694,0.29484005988076384,0.32162898536516293,0.37068702817190025,0.32592288698351085,0.3575302419617284,0.4366808105830066,0.24558458510389652,0.32519623307697443,0.21230324344777396,0.3965367647864489,0.30186017451124364,0.3154779018652343,0.22914315328316426,0.30512658161988904,0.3159529603624049,0.24885446160817243,0.2835800055169114,0.2644701988581863,0.29144657927856976,0.21728874621400981,0.36823307272040856,0.3020275174667899,0.3746455452723827
0.2814897379402325,0.36081781310995475,0.4076475348618557,0.2979041538369637,0.2796582459791392,0.28271773842251746,0.3002810410394522,0.2984309771227402,0.2333649035657934,0.0,0.29205743857558714,0.28312460340357964,0.32330473751185335,0.26748951124631537,0.2460951961032081,0.3225140613136449,0.358250565281342,0.3271419134684329,0.26688946946614805,0.2653549356831567,0.3120361758516897,0.29057093245701027,0.36182332932223105,0.26266082981429545,0.3895959750232231,0.2634689493202882,0.2532942059478178,0.34194978640169466,0.31482387295852265,0.24218201557832728,0.2481290532324677,0.29552163623138494,0.23884547937084238,0.2809984176515075,0.26655786051406877,0.25530208504076185,0.306131515466935,0.2686869263579858,0.22725108545204253,0.3037631690718277,0.25769741507987315,0.31306921148284445,0.25467326526155604,0.26035268095444886,0.289301553452117,0.3093798779543617,0.26754917461260724,0.2744852658602205,0.3844444798093013,0.24092910995805908,0.2816875840959967,0.2865253318487506,0.2610916317226382,0.30299041136649435,0.29777200849073177,0.3009945270482919,0.275139833849979,0.2618663789494054,0.34072610524296626,0.27025408108230364,0.29657397151181336,0.20914507505647745,0.2553793486666521,0.23574097547340636,0.23600846993921795,0.2672870869524907,0.2795876664041564,0.28567380586030733,0.3040174636381929,0.2955250222462702,0.25955538193028616,0.28368405423091214,0.2472273235489987,0.35572609737672894,0.2885471576266048,0.27324185749906515,0.29474343631718375,0.3538581268487889,0.25821991241543596,0.24571364037715,0.32296423940362007,0.252566202900835,0.36053887592990425,0.2913149527173693,0.2807173780066688,0.31342396820939983,0.24245492162099044,0.25563412682996367,0.3235358952996065,0.26105011484001817,0.2729716458720953,0.25169441271339793,0.29081193207628164,0.24661054640775576,0.32154142049609846,0.3108653945175188,0.1991506370952281,0.30669834774110766,0.20339572183587995,0.3166583525922461,0.24733012639476717,0.24674415436488523,0.25137308966458793,0.3395083706994503,0.2391297178107814,0.31395222848348564,0.28879689253496227,0.44471830950371016,0.3059283503160552,0.3554616262308339,0.2866489419064052,0.25388122866827484,0.2841954477722497,0.2909920650527157,0.2723753899513382,0.32056329904900865,0.3064636133600087,0.30270983088437947,0.36676918925881646,0.2695900721242688,0.25559747255084364,0.24167300377039655,0.25105272259378575,0.32849120361272377,0.21783605532881786,0.32185070165468627,0.2438416853590326,0.23844402614735966,0.3692185778698432,0.270313484597848,0.30226838769902986,0.27304696603626455,0.24572002186554046,0.22537937511087133,0.2510435479491515,0.23959820602906878,0.2803072271827426,0.2541511301476471,0.31092000495333905,0.2667537679633552,0.2814841521852095,0.2710078025975948,0.3201665679775276,0.25403818043093135,0.2961721134694289,0.266657894567206,0.24254488205198915,0.39021214340268223,0.42596562683109135,0.206504537945809,0.23215525969502399,0.31390685007501345,0.2633534345295668,0.3184128959095196,0.33720340482779665,0.27829129778392114,0.2550358233733204,0.3890223107357209,0.25046398854447977,0.2952903599310853,0.39034061516682844,0.2636750536101201,0.2892344289830542,0.27148668672236426
0.35294699747782177,0.3394284014938599,0.36879457367232804,0.3365823007390489,0.30323398946668767,0.2931811298867938,0.30097488499115993,0.2944256169191349,0.28595525508451636,0.29205743857558714,0.0,0.3444586075523281,0.36929156005514685,0.26853030017102847,0.3043334700407731,0.3874578352662376,0.3388720384768503,0.3638142089508202,0.31485522225648316,0.32665898264613613,0.33455440652326474,0.42137845744913655,0.3079677611752792,0.3087444170086649,0.35352444208958694,0.309467696598607,0.27655005428318563,0.35468017393999335,0.279452567916576,0.28320357790744144,0.2907375889146732,0.2949337922963139,0.3132091382518798,0.26503915210020496,0.27943431790288786,0.3003658598136119,0.3970092911225162,0.334714958328012,0.32513201170220696,0.2880969740163322,0.29445453005318967,0.2847152132097245,0.30090189624742,0.32141589430831763,0.3403652889436775,0.3236695100980203,0.22742703445417886,0.3977016196896972,0.3580464542368939,0.2841764151005719,0.3619698705034726,0.2818490871012696,0.2690567130281952,0.42137403035818755,0.3868411252836825,0.2326134297234769,0.3436768994216397,0.34820638424269673,0.32064209013282524,0.2990719951912629,0.33417040813977933,0.20511220416045411,0.3270385057925792,0.23596027035290973,0.2360456505436861,0.2910858476788691,0.33434238152218126,0.3307854936097392,0.35822746448049064,0.3275496202018038,0.34258480091257076,0.2514614239604944,0.2725628673502904,0.38881333726035905,0.3273178575885636,0.2563402673784975,0.34690818050073124,0.3158718263451104,0.299818668896748,0.21154005374291265,0.2692132916408448,0.2909657335295915,0.3464561280009823,0.30537497864501995,0.2600204326080749,0.33519743268184043,0.2798442385131423,0.2825730659984732,0.2682499618946672,0.2932739107195142,0.3633803442408286,0.23781980076093956,0.3539323445468933,0.2891951644890364,0.30407526310536026,0.3431225296058939,0.24715940438501893,0.23705924338211704,0.19299584613474158,0.26979921776051285,0.28667711278615265,0.26385294793603675,0.2593040649401776,0.2734917130728936,0.29068103506314724,0.28971816210477913,0.2759333627244781,0.31732927045231696,0.28167847158830916,0.35099531363697295,0.3517798836708716,0.2722990561361311,0.2821670872686622,0.28291623329753535,0.3175879720009359,0.3004232446699386,0.2554430912644712,0.2958949222191745,0.2999081914563446,0.23656186510790062,0.2849048461423447,0.23853530569703502,0.25303989567491003,0.3670443477889462,0.22812554484947326,0.36719208412632304,0.20393888955286005,0.3007484842773689,0.28907426340539566,0.2896545391207981,0.23591334952577162,0.3074466330585659,0.2877436752284922,0.27362079760135694,0.3671768487285401,0.25615714471883777,0.29523676949590405,0.25480128828142845,0.35434162847963346,0.326430440683491,0.3670730361942731,0.2656654102870788,0.2834974684348876,0.3001754872276927,0.35724182869015536,0.2565458442643849,0.3042173063422279,0.297961083579233,0.30966692892807285,0.18876435504866698,0.3379033528453738,0.2838552071932747,0.3934159346463313,0.26799800100763527,0.31368865860344386,0.37292455163066535,0.3388692587241193,0.3278820063062175,0.275650823417459,0.26053899259411034,0.2577999537189307,0.26401009073026316,0.22492531184806663,0.3800341662061018
0.32256882994850183,0.3533694895918396,0.30665704015530587,0.30038687882712856,0.2594159533870168,0.352221454731456,0.29045464741781224,0.3222506456491354,0.3242233773978732,0.28312460340357964,0.3444586075523281,0.0,0.2734767414185217,0.21911467316854516,0.2741885009944228,0.33416768751666365,0.3135244877098685,0.26623679013695967,0.4062901962725321,0.34809055920869064,0.386907000190395,0.3074553612461459,0.26789916767937655,0.26869029377634807,0.38926812099302194,0.26427339506901615,0.2436934074368597,0.28046039582528803,0.2626198513911188,0.33227195371280016,0.36582754398847006,0.3389147791328379,0.3197800358593282,0.33140283211485705,0.2600918035250846,0.31923579233772226,0.3343628258381225,0.3370847747264245,0.3820394527904637,0.2577316887915157,0.3211758083846653,0.279611688007015,0.3108155689252076,0.351735993120195,0.3099622546161246,0.32626436506453976,0.29861385677236274,0.3294815204404352,0.300115855032939,0.3247993178619133,0.4035480935424275,0.34376630049160395,0.29614862141909737,0.40348886634067227,0.3839435425408156,0.27765978860113066,0.3938878177589316,0.39819230074491735,0.2673801758096333,0.2987468749134673,0.283418193422679,0.23782773387762954,0.3306793349385016,0.23998912992661497,0.2671788395146848,0.30792358125549624,0.2759884072141496,0.2838337191006493,0.257685117245213,0.27857857211057735,0.32169155439119357,0.2448161186282316,0.2696101397063852,0.31216642767597547,0.33524266020254667,0.2925521788487481,0.29104429879035315,0.3186470535502844,0.3203918271919947,0.23483223728504446,0.2871864647883924,0.34126628826189453,0.36022380129299647,0.2535900009654699,0.3160707279435113,0.3547565952312506,0.271460299277803,0.32199311439464845,0.32214768363787705,0.3175684389094556,0.33877358940104885,0.31911272611276964,0.3433310121130166,0.345148499582243,0.30090890540618126,0.4282676040410631,0.28881497118820015,0.31397698312476513,0.21355442891015153,0.26805965292549067,0.25670196058994077,0.2761551984578957,0.3085571350174902,0.3698497962410022,0.31625899107238115,0.3192462583855691,0.33916047532740035,0.29162667516721186,0.2830581802995742,0.33519112378655136,0.4312024170425131,0.3265140362178924,0.3028441718519149,0.32144498633072954,0.30017445183636376,0.2763091223316078,0.30368477921056136,0.32529367800270137,0.30650952600278214,0.23967872295605683,0.2678527405421973,0.27862187136325806,0.2729708090084438,0.3667830184894179,0.2366330636469858,0.39793954503472934,0.24083350464671302,0.29603877575869614,0.3248773119120871,0.271929771310699,0.2698771149629825,0.3152000322276549,0.24789009441952536,0.31898003528559443,0.3161989498098327,0.24827447873941136,0.33983035991185134,0.24566295783560987,0.28146366922561583,0.3808491751101451,0.2850295114330313,0.28079165064702116,0.35065209524819824,0.35514385226306666,0.36688691495512255,0.3426190709441956,0.4307848609083473,0.2931883920932216,0.39559573944871296,0.20330393663277205,0.33779638909926274,0.3569671836321846,0.3134601289852675,0.2686346713452822,0.40896975526035173,0.3016148818156989,0.2730876539990388,0.3358408911271644,0.2406122826915165,0.29192499445685854,0.22365840104293394,0.287779244384982,0.26028628298698225,0.3065065229222662
