0,1,2,3,4,5,6,7,8,9,10,11,12,13,14,15,16,17,18,19,20,21,22,23,24,25,26,27,28,29,30,31,32,33,34,35,36,37,38,39,40,41,42,43,44,45,46,47,48,49,50,51,52,53,54,55,56,57,58,59,60,61,62,63,64,65,66,67,68,69,70,71,72,73,74,75,76,77,78,79,80,81,82,83,84,85,86,87,88,89,90,91,92,93,94,95,96,97,98,99,100,101,102,103,104,105,106,107,108,109,110,111,112,113,114,115,116,117,118,119,120,121,122,123,124,125,126,127,128,129,130,131,132,133,134,135,136,137,138,139,140,141,142,143,144,145,146,147,148,149,150,151,152,153,154,155,156,157,158,159,160,161,162,163
0.0,0.3482470002701461,0.2778838757481312,0.27696965188487777,0.27483548252468154,0.32764096402079285,0.2996201820888565,0.3544730640494108,0.3479250625130348,0.32042048341213764,0.3253396189448778,0.312567718593979,0.4241837104338931,0.2993092854482975,0.334816008214127,0.34264905181160704,0.3585068962177188,0.45731371731237486,0.33526063615667556,0.47170972103187997,0.36359304056375713,0.3212503852364454,0.30869794829330216,0.30548451500382773,0.4434942904898279,0.2753716164030714,0.25682561572815776,0.32673248798377136,0.260926828675498,0.2783912397216749,0.4067535258074689,0.37961974470804494,0.2793582365649163,0.3661991387781436,0.4150268051513445,0.32588809678457226,0.43603831970635143,0.37642747167771745,0.3029922650695381,0.32419049485150236,0.28831991392497186,0.34907531817395515,0.3710177993677863,0.3421575817984133,0.3639365286637199,0.414823883080107,0.31055116323157234,0.3092067177889988,0.40130515806113176,0.39642644064810495,0.3870871858366179,0.3492923700607418,0.3205378066941495,0.29685785198103,0.30222848549159886,0.3619467269288621,0.4676884118629563,0.3282416671368854,0.3268549025612955,0.3802646900446284,0.33060121502943624,0.30443501392953937,0.32962731458845645,0.2817876849733984,0.3479096085415873,0.38967397144292515,0.34020760012375506,0.36101985851058377,0.31396454008190333,0.42870859783151427,0.442927497099388,0.3374129383711941,0.3436277997029858,0.36727430870101835,0.4009769144069113,0.40146596237220944,0.2775988017623742,0.2835118020643345,0.37068673045731415,0.28080279148133547,0.32211976244314056,0.40751025520491363,0.3179652713909526,0.346775674101071,0.35164913369789974,0.4157735945346676,0.3611036241483637,0.37720129872994795,0.42553667219836017,0.33001161543646745,0.37609440722674864,0.35402762016004163,0.3388846886176829,0.4190592329789119,0.34798913932848613,0.3170720314831972,0.2637371317828746,0.3226653581813613,0.28921398804497933,0.407627304408757,0.3255513274466967,0.33026087043816194,0.2977940721566939,0.30070204089890323,0.3771191251433737,0.3594986998284779,0.34460717649759837,0.3705757476000333,0.33624667666453895,0.346969963505672,0.3469920465821989,0.3693452903161091,0.39336892565598436,0.3124599991509353,0.37642088645777394,0.35245569054837667,0.38230050712771996,0.34388481538929894,0.28204210429456533,0.32458583575441496,0.3133977051336631,0.30736123868600307,0.38888776927082136,0.40279105575551966,0.31678124183590073,0.31124708477074514,0.30842128965339527,0.2886895681259776,0.3122014946612787,0.320005278159542,0.3059136328645153,0.28811553735192086,0.31746374725054904,0.3712408088868296,0.3542616092437493,0.3218627281361523,0.36292372754249863,0.33316826326116555,0.2812488927618768,0.43120389673287207,0.26113672563853113,0.33488802143241103,0.4205648376154195,0.2820737424586858,0.3726983299103418,0.4024003727043415,0.3326895486704265,0.30154395823169866,0.3908482803247463,0.2520042981937007,0.4449096118549801,0.3359941524814499,0.3637116975948265,0.23202521476032098,0.3982401519215177,0.44603419910800063,0.3028990917647012,0.32146438541275496,0.2729630549775265,0.3476594217906206,0.28986877118951415,0.4083373940253153,0.278614027657477,0.4577961232261377
0.3482470002701461,0.0,0.3535090542077217,0.31969016198561473,0.2593571421708562,0.3389750202861876,0.3439429487693675,0.4207270363763296,0.2932181745145807,0.48730637537294236,0.34543481774351326,0.3302330104535111,0.3810675426902652,0.34138623696643794,0.38963554102892756,0.3010527592079586,0.3159278850433549,0.3629827917274658,0.30910361234473394,0.31675400746600374,0.3140983855505527,0.46348752749565536,0.33894463083087584,0.3336376404565847,0.39781467420573724,0.2659763608597689,0.2744780445109985,0.3202576140063614,0.3470902015208526,0.2443648917124105,0.3727270648374598,0.31057324841678574,0.3449863618329235,0.29030984235791996,0.3294275121163202,0.3383840265886294,0.35281056981730097,0.3161986648385966,0.3210924778117392,0.3138415060021805,0.33729772858965923,0.33981495796488287,0.2668312943507121,0.28837421288534876,0.4386699619252659,0.3349291492442878,0.2732090937502307,0.2835072448339877,0.35351802216022443,0.29308707218041236,0.3139122882632177,0.2790618052142921,0.3001108131056603,0.4077060922850594,0.33670674364474723,0.33105279757979317,0.30057501006055426,0.29348841444364193,0.3464384385545118,0.3593305989655848,0.37568773788984683,0.2412380462335549,0.2621825339261407,0.25215898145771865,0.27167931084321917,0.28245069710574106,0.3481499423482507,0.3279318617644437,0.31390380867297907,0.3916196079714863,0.31810610487837326,0.30004657605400475,0.25334600081750386,0.36929663168703253,0.35358683506814126,0.2768202301448965,0.28290416476585867,0.3321538594975019,0.3008097563275113,0.21964561291334583,0.2753445940513273,0.3205700391918788,0.37439618034177374,0.3163212470457695,0.2668156268884249,0.4351068924020962,0.28661110430955633,0.26982893389503126,0.3057304115591199,0.35362547645755565,0.28647408694636645,0.30992673983667135,0.31808832039850016,0.2869867594156397,0.3115932937950484,0.4132953381346751,0.251861334265174,0.3035690652345207,0.23494031409465124,0.3787125750499462,0.3162386927380891,0.2812797165211097,0.23416733307855178,0.31589244341064265,0.27432821381276845,0.30057497092017127,0.28270311528267433,0.4174597879587304,0.3417647438583964,0.39520485834888414,0.29642334722428626,0.26009929752465566,0.30860178423976253,0.2690140226786432,0.33905276495729086,0.3999101075090975,0.29372048781018606,0.2743141483607799,0.2889499588083025,0.2824477749263667,0.26972928829151227,0.26920736337404155,0.2807092023921571,0.3651141869245,0.2469464986424378,0.409025086430417,0.267970129002223,0.37660533944213265,0.3695945861703949,0.32146312510997915,0.3082216281260998,0.2637559594907981,0.2678964451618739,0.30819423038597943,0.34187506038440835,0.2647601000028092,0.3064423920531238,0.324283185336955,0.321456121332734,0.31696037192524856,0.31107294479373576,0.3137647050361604,0.37147619548861077,0.2653999657622366,0.33040172751712416,0.3062369530127121,0.3250442052061468,0.3422748558719724,0.39168582628959864,0.2433468794834247,0.286623675287205,0.31766122453284645,0.31599514800339856,0.3174917481911173,0.35246289436834155,0.3972366342020314,0.31266178515592613,0.3668046828790764,0.26738430626094883,0.254772086234487,0.34459408155673527,0.30017911304960093,0.2474677095308665,0.31889138553115887
0.2778838757481312,0.3535090542077217,0.0,0.2505215097884666,0.28679719962933314,0.32533629489822163,0.27794587930830666,0.328211221883369,0.23555914727184266,0.367412320945936,0.34347917687025975,0.3014880534112619,0.35599812121802843,0.2596692773404604,0.2967031266479001,0.39729674651978414,0.3479263828130213,0.29598011149359027,0.2380872190052259,0.25026866492961347,0.34616988581255054,0.4399035312369512,0.25060559984210806,0.3160865585152447,0.28677950163794463,0.32152601275397086,0.2338369282674773,0.2677220496456248,0.29509050691112054,0.26220656920206836,0.2646179122565037,0.2959636834641902,0.26094057106012597,0.24432508259014968,0.2486995918360819,0.2878782183493864,0.3304717632101312,0.2869206178367131,0.2935918050844281,0.2860698637227479,0.2973169680436445,0.29495183874566494,0.2721141703487533,0.2870568848585975,0.3315693494444553,0.3028990799296316,0.3165186589817669,0.3194381884617725,0.2897124829321828,0.27013641410325817,0.29278372034386596,0.3199948368595043,0.2273749711921681,0.33018373188406663,0.2962921209024321,0.2631241434908445,0.261801375512179,0.32753203856954266,0.26862650724674003,0.28622000364195016,0.2913545154964618,0.23585790883267915,0.28898361219221447,0.2370680230176166,0.22304748633877447,0.23993589053652098,0.2697881400940551,0.36092569997200225,0.29326041886786447,0.3090550714745122,0.32080767083949413,0.24054445561130836,0.2349080269963529,0.3846903792446156,0.31435010061398216,0.22005698116717937,0.31150762409765714,0.35371103032990997,0.26175775739319457,0.2343933281328525,0.2881844072462021,0.264419501089414,0.34729235892940263,0.29577578179791186,0.2375370261380168,0.36738153208514324,0.23916872362082964,0.2239077427536625,0.26783188558700316,0.26220978362023034,0.29858878756622487,0.2364721916787096,0.29802284769233295,0.22523614604429035,0.26040653606964204,0.3110936182344888,0.2240738211214747,0.2686066881473671,0.21054923611433898,0.3035613948353004,0.2388225355833843,0.26026084787832754,0.20607458896130415,0.28477401879015446,0.2433460434959907,0.36658107002440193,0.2709791366932586,0.2966215643659693,0.304136245490546,0.3571428793615028,0.2718007492708874,0.23445871174845903,0.25618003253219507,0.23698131208406553,0.270278961341166,0.3553178389129768,0.23146545235316862,0.28332833454739187,0.3028497289314115,0.2570650250699734,0.3043499521930709,0.24138220736591964,0.24000149068062596,0.34535690275342135,0.20331762373634754,0.3686214290017133,0.24676276198039973,0.3619068018397153,0.3276343574248831,0.27586656597239523,0.2617546465634067,0.3452185708848584,0.22402771827498286,0.23924514941320515,0.2799554012874721,0.2397585152634329,0.27279225571307786,0.2618939877223189,0.2611965409893859,0.2644498940332209,0.2273211603118135,0.2743835498566091,0.2756249225111599,0.24388480169110524,0.2997305088704231,0.24496594026988303,0.34099340575243603,0.3350138955372119,0.33567647098452386,0.24008227033492116,0.22585325816403157,0.2263833147864905,0.2727313300238176,0.3231629358828307,0.3124677397527296,0.2962967220420893,0.2762138391454151,0.3847777206883604,0.19574396202899666,0.24785882698147693,0.30035411941979445,0.2204669937967774,0.22828227216669264,0.29986730812209655
0.27696965188487777,0.31969016198561473,0.2505215097884666,0.0,0.23562782094858672,0.24827326361825217,0.3380214171193904,0.2976850682027316,0.23147753807576174,0.2956261562695362,0.30921571591190755,0.25581306316760394,0.30647444240812244,0.3562288986975784,0.3536182975721179,0.25922824184638393,0.30806878173498264,0.3432761481832975,0.27711485038675926,0.26468826512338683,0.29209755311084423,0.2835174468014258,0.31375630613249667,0.26916023490512736,0.2887906010656379,0.3118387226929751,0.29503070864479997,0.31055215209455306,0.3187113924452727,0.20088093642294044,0.2861871932673346,0.2650459723183108,0.43912836789509624,0.29376015843612246,0.3158587765031075,0.3387714574509592,0.28655199124223796,0.3288232123195893,0.29690002237209834,0.34273535097030916,0.36809020123464276,0.25688441063239514,0.2651885177765036,0.2997870205685385,0.33166693602151237,0.31726837652732587,0.20591846017575,0.25368035669131117,0.3132577969654097,0.2949901465391745,0.3481814035090932,0.2913265892208138,0.3062054131190441,0.39490255563793625,0.3276042995151569,0.2423543640092853,0.3133303382836443,0.2745491801224725,0.3438052704207971,0.3716319998702971,0.3583546766760048,0.2568302328435352,0.2744769627930193,0.25261209083294206,0.28532041789241014,0.293565523534256,0.38354082408668183,0.24285402311949378,0.31314975792828526,0.3207776429211009,0.2706466517841142,0.3030831525724474,0.28020760511122184,0.388083977298579,0.32269010475936666,0.25904128558447437,0.3241547161896161,0.29891582530503363,0.31140679205986527,0.21711923855941714,0.254406009594805,0.3145450013643043,0.24248538955513863,0.31457996438443203,0.3083405644835294,0.3069981312185324,0.28910557826944777,0.3087662431676341,0.2957602358080778,0.2664294568433206,0.3103945677744086,0.2982447829544444,0.29230767218854853,0.2800561704015116,0.336524574427864,0.2704821609328602,0.24554445803633118,0.27620508862906407,0.2555521091393344,0.3691882555611242,0.3217681696541567,0.3012921535302903,0.309282820691547,0.2762495657710556,0.29743092364923746,0.26539678201881567,0.29595638568637916,0.2808793108052512,0.3463374560095634,0.2515129791759704,0.31041569677021413,0.28943119467711076,0.3375539180474556,0.32041161769201393,0.3424829747462426,0.30189802628218704,0.29234721933083835,0.23603108877459414,0.2916108652723527,0.31565262914906755,0.2814497578683302,0.33880153125315077,0.26777021407042595,0.3011040328704993,0.24127511560708342,0.31061461833468557,0.30236339062153783,0.2829191909322405,0.33411973035314907,0.36606781558997087,0.2335279585218838,0.25710567906383763,0.3107729187485797,0.31767707496924336,0.2922856087410856,0.23810486208428377,0.20850394615305537,0.35467493640744713,0.30534524334236757,0.3014945762839239,0.3837448883334513,0.2817726729303816,0.35549615270791285,0.27957720949695286,0.3020852671575438,0.2744701299747802,0.2465560525770872,0.2881102351047294,0.2515656775459638,0.2308923817194524,0.31134928057913086,0.3174956417938614,0.3182596979256595,0.24395035466395182,0.31408897033464156,0.31539164219757126,0.2799239236520567,0.27737754427503386,0.38265277350756377,0.27887980520629324,0.3373390140622503,0.28795888535373104,0.2812371754325304,0.29708538200436946
0.27483548252468154,0.2593571421708562,0.28679719962933314,0.23562782094858672,0.0,0.24856837648294647,0.29580368328187634,0.25529207692690076,0.22844544455078378,0.24787383131450705,0.2943363228927468,0.2579033721307396,0.26020569464220794,0.2378379024086708,0.29122295082829813,0.31321157164101293,0.299397241824216,0.27787971761680147,0.22357472903472678,0.2459767293689682,0.31250776167051536,0.2913542872227992,0.26030441082115274,0.2720941067526433,0.2500982305577604,0.2822697269347232,0.21992644289093943,0.22773653978345773,0.23273810169444512,0.2668861910036414,0.27554226667394344,0.24519364206056338,0.2446220271414523,0.24358297704826917,0.2973920588138666,0.2936745381801423,0.30479657573930674,0.27684969908288154,0.3050516482206922,0.2520335820257951,0.27329552996957035,0.2778936615893935,0.28671674260592905,0.3240281765528066,0.24976977770000375,0.2689906127984458,0.30978199097085707,0.3226601695143869,0.2927647386118274,0.28697779295672077,0.3087799493545971,0.2790523975080093,0.24247590157847732,0.268252815932096,0.26416830418459847,0.2323828096979133,0.25338143176006594,0.3255521977880701,0.24748897223746835,0.2654716171301929,0.22734331767908222,0.2303302930110196,0.258665100275642,0.24074286724698027,0.2401264100410786,0.21552656721771007,0.24340264935457873,0.3074736630478655,0.24861466946036492,0.2891706947202744,0.29837009015566773,0.2514831232982344,0.21775620976401255,0.29223599110374676,0.2539257510063669,0.21981337150231625,0.27730692514399824,0.42001209817430274,0.25222029007513835,0.2418155833300331,0.25300907410320556,0.2757451114074696,0.3145214807582349,0.2317671719801349,0.23536405832599896,0.2693682830962251,0.2431857502379457,0.24614482755983402,0.24256371889061798,0.23617543912615674,0.37525816925589395,0.27178083080998183,0.321759520924119,0.21599826654738807,0.2595628117773515,0.2640974774092206,0.19617461425605193,0.23094400549039798,0.2333911631516506,0.2509491668886383,0.24355605027568905,0.2379401167122046,0.2326673794948773,0.2307777095869357,0.23933871960886943,0.2975429705810612,0.24226432820630292,0.2707697580595611,0.29176943618847045,0.28183961808640556,0.2774037161150772,0.26150411873207224,0.24168475412879656,0.2531252754200058,0.24922985054256377,0.26747809424829444,0.22880769651944868,0.25420090935044104,0.2424094271321874,0.2579073186930509,0.3537607053242336,0.24730713622474382,0.22938395704385425,0.3520396493727864,0.2218929446559874,0.2653228899722274,0.2347141908751854,0.2991412981565591,0.25052437312121284,0.2504333907098084,0.22434852834295438,0.26334616073364586,0.21694246609127912,0.25852271628624013,0.25540470361525347,0.2560020079578067,0.2545286016462184,0.2879441474366296,0.22866857933784518,0.29892338010032815,0.2073479383772555,0.26540780702901795,0.2909867881409627,0.24073048285561946,0.3061320432365647,0.2633099677908314,0.31741887906042626,0.28807858147674276,0.24464394510611023,0.21084453437413922,0.2441274280321943,0.24022448714897798,0.28607411095674323,0.24870050079456965,0.2911260097893836,0.2866751337339232,0.21817387005965702,0.3265406910169352,0.20572496891525982,0.23915611351281138,0.23369419290652843,0.237153332597013,0.22953361076523313,0.34510080886863076
0.32764096402079285,0.3389750202861876,0.32533629489822163,0.24827326361825217,0.24856837648294647,0.0,0.27855692215365585,0.3204254342659155,0.28352278995827995,0.3018521591762646,0.31658158312346435,0.3570406893768797,0.3356440968688589,0.22943106253723114,0.2956038381279743,0.33206245809179347,0.3197910513891897,0.25055156158502356,0.33013593485508735,0.2906591500396349,0.36857378453581396,0.34738872004153765,0.222581223925045,0.2645206474077253,0.3634613210123807,0.2417428726188147,0.20150409080317888,0.24921309566257357,0.2602936892718704,0.2840987603798384,0.3268022231903453,0.3801450362709504,0.27298486979128617,0.2659742685360133,0.2663206097509032,0.2667502861631108,0.33790762731810564,0.2610019301355117,0.2871203869085229,0.2389534133668784,0.2713358788210148,0.3846353941163117,0.30611057080790405,0.3451795605720996,0.2747471123375549,0.265466916119139,0.28092304480793145,0.29943834614646603,0.25175764115081456,0.2786365508585725,0.3146438030101587,0.3411309839542337,0.24101975633260322,0.32178924259625885,0.2617350958435523,0.3367748247400923,0.2861624178369812,0.42621721110589517,0.2382112630459202,0.2504506571996231,0.3156316484804615,0.28246491661971174,0.33949419273074916,0.2130436737565599,0.26595137664351903,0.27314506143520506,0.2577641364520654,0.3466291683309284,0.24332852734360375,0.3245903186300871,0.33538274247866506,0.2212783819521447,0.27219792738525495,0.30777130039273554,0.34405569174274586,0.26051618263082854,0.2773198617376313,0.2749922455468742,0.24889638237954878,0.3005776488616164,0.3880917853474554,0.3081661184269882,0.3211282308363742,0.2765112671558491,0.2802733044985977,0.29644166967336444,0.33379617063219136,0.24780478275353512,0.2808270620933046,0.25899769675060985,0.3119380549819082,0.3305577935755222,0.28961538631148503,0.25821919095722373,0.25295658683916833,0.35421373377546733,0.26461788262755437,0.33758411243858194,0.23316369018156924,0.2730609479574267,0.2344996136083862,0.2887637483433535,0.2514299737183959,0.27806729669691294,0.27425532470436614,0.325068970289211,0.3035283897646773,0.3193866145158572,0.26002872598694754,0.364562986097638,0.3398575710209315,0.24533817104504976,0.3400452819168385,0.2663453130939091,0.24762693140058228,0.30891219436939554,0.30821643264411175,0.25853933578626764,0.34961130718972067,0.2631994994774003,0.2511861198996631,0.27000687137843116,0.3029312008173798,0.3476055498925332,0.26253356009068757,0.32552235473827024,0.2807805128912493,0.28695242374150903,0.2933752669851885,0.2286499349164106,0.3078559361753833,0.39253783117171737,0.23516180474304593,0.2856473329947442,0.29524995037661256,0.262939478975455,0.30048801594328567,0.23150908294026992,0.2213777592435391,0.28716273142441406,0.24765277422992432,0.3439054551270492,0.28709749978187143,0.2647774572428933,0.30766288000090863,0.2938013850689595,0.3442393907608747,0.3184948799575397,0.32981812904620966,0.2600534141081773,0.2753990278017987,0.2855623814452961,0.24596914134369588,0.251354506505495,0.38687955517133754,0.3137293027467914,0.261111296575724,0.36887077541550956,0.2111056878639716,0.27613408564344233,0.2520288369520541,0.3093042955108079,0.2579701949919082,0.31213176993590813
0.2996201820888565,0.3439429487693675,0.27794587930830666,0.3380214171193904,0.29580368328187634,0.27855692215365585,0.0,0.27599906712018396,0.24161217717947214,0.30032816071124574,0.33796588457774773,0.3414066027526649,0.3450740382176366,0.2929092182120501,0.43605013325098907,0.2790139693231017,0.2996863233352531,0.3146058248238968,0.28070881590566943,0.24774678042343976,0.2878986849195563,0.37158528685383674,0.41283563981997273,0.34818007557299063,0.3052929337453773,0.29816726831317797,0.29782323132313016,0.2859223542637188,0.3184325692433857,0.27652544415298325,0.30749520762374505,0.28526202780147353,0.3502440898351504,0.30912507867831074,0.28290977558661445,0.27936002598928533,0.37651382960106,0.27153208797720385,0.3311526703733143,0.3446901991732938,0.3528056044946234,0.2935918493036723,0.2834250736869566,0.31190873509495803,0.3342817151069471,0.319405535094786,0.26971978017377324,0.26361093682220205,0.4092292706220657,0.2663989147179576,0.34214990530646544,0.27444616955232964,0.2497920663405914,0.35229579644282366,0.3427799262649463,0.26240249244387165,0.2790870709757509,0.30470401759142934,0.2918398329309996,0.3111021916418228,0.25820971816543364,0.23251257362822947,0.24659283289797596,0.23397205689008735,0.23488310691119307,0.2228489723755399,0.31598840419701396,0.31832566109514565,0.25947402277077053,0.29445334924146777,0.30609959439305284,0.25870965342033597,0.21775534253248402,0.35733062112616065,0.2470566018910754,0.2627468601645701,0.36091169622823494,0.37929064061061035,0.2574362069760161,0.22388438623880033,0.2521083873271326,0.2846475075845334,0.3185813481234882,0.24006116158075025,0.2367307856326409,0.31010543605199953,0.24611976310855888,0.2652989702463397,0.28870948615817443,0.2752093679481828,0.33421814266297956,0.3302548589177931,0.3366303326918115,0.2555477896331869,0.26977633427085923,0.33947110553346715,0.20456958180629162,0.27794534880843413,0.23057537259622776,0.3159734195579381,0.2907999313339642,0.2662768442460516,0.2492820684355172,0.2661353238552301,0.2371119991280743,0.3030978087745466,0.24608540467628984,0.2909568546968924,0.37288714394123157,0.31171347247145215,0.363828934429484,0.25080769028329497,0.25061736329937695,0.2485074029877911,0.27976828154658323,0.34983699203593566,0.25403845407998177,0.29024638846539835,0.26291099516833666,0.26017895805272173,0.2898727657780684,0.2552600497697296,0.23344274851696262,0.38713674833470907,0.21805595409575396,0.378099508668755,0.23403194476588962,0.375748177292115,0.26815884468209106,0.3008529152199095,0.23434695270024714,0.23561614645296372,0.24660183810167066,0.25860125888405844,0.24631045554980766,0.2519353829834012,0.2763907744331831,0.3373332863636247,0.2727961079761378,0.31132589155467644,0.27835000149727573,0.2651186811886158,0.3192199334686285,0.23661909121715005,0.3064597779785191,0.30659408155672985,0.3102675798538638,0.34093927067521546,0.26162699568294073,0.2038912194452606,0.26555602025808217,0.2780945727954319,0.30342473341161025,0.30093474655626695,0.33868008920288606,0.3210328490125842,0.34050731344400514,0.34630878994032827,0.289943122147303,0.2924516912157069,0.27667203233881615,0.250133445103878,0.23637981482266052,0.33116197393852176
0.3544730640494108,0.4207270363763296,0.328211221883369,0.2976850682027316,0.25529207692690076,0.3204254342659155,0.27599906712018396,0.0,0.34496996021469756,0.41778257164442306,0.29063095786328313,0.31990635989613164,0.3582582014795081,0.3080398717064784,0.3176251869253922,0.33686078298796635,0.3527199654066597,0.356155283377883,0.30355976272763835,0.35127237846428055,0.348429029993028,0.32591609123645504,0.3074717596103248,0.2742467170075491,0.4013480717598696,0.2575229057789259,0.3060253074336782,0.3463415904626791,0.2458027155539701,0.2633506473253927,0.44332164747375225,0.33205200391067635,0.2920304644922537,0.334801200652509,0.3621953619898769,0.38064672702554847,0.3605702773131664,0.38462516925765566,0.30928017307321154,0.28525735320550305,0.2949944765675727,0.34850618458767135,0.3016720052648795,0.28293987048359026,0.4592339513312222,0.34273997414101526,0.2914519682900707,0.27100155759269257,0.33599803080988033,0.32192297861667724,0.3181677095569515,0.2888256211008226,0.30033693160480646,0.308121137727073,0.29689770795914927,0.335661265218491,0.31287906811630345,0.3411747073713725,0.35291158152577595,0.3410730407320609,0.4038747082752171,0.2634367247722317,0.28948512298596984,0.30332765335897627,0.2817467204968315,0.30216135540173195,0.3359891262259929,0.323480246260522,0.3709630701232435,0.5149899385367709,0.31928094648807753,0.3252704860781148,0.3028593844839111,0.37016167849575776,0.4327396633220082,0.2999426394903371,0.2948397456953686,0.28445220776354274,0.36011000638163404,0.21683244240370006,0.28314842853629607,0.3486236737418212,0.3435321710356796,0.36968328234446546,0.32027572864543763,0.4686812809441525,0.36934445813465655,0.31506408210054704,0.425299205168028,0.3442405772647858,0.3058588932342108,0.3464247715598027,0.30734627615115484,0.278534377042021,0.34951219657773047,0.3521798935813077,0.29025254583519056,0.38120799362626123,0.26252195316375304,0.41430686160356944,0.30188598234693875,0.34432946089361627,0.2837561967875805,0.3597213385273992,0.35326978816333565,0.36000687931445674,0.3283362655362612,0.46564174097910893,0.307513913917207,0.3531516069497051,0.28673233049741054,0.2965901755638838,0.34180994094987993,0.3398100243931055,0.3202126257284162,0.35411379404712146,0.3379567551318582,0.2790431160817278,0.2827058236084874,0.3405522956376239,0.2746947329692637,0.35485005212549725,0.2894820916340434,0.33540226578438886,0.26072086356959373,0.3018230882343837,0.30026458452171373,0.35358516805725004,0.36232399749414856,0.2963576679677006,0.39546688132123337,0.2948376043468417,0.3082705470498819,0.30731648667167427,0.34957709349253896,0.25064783724156403,0.30520649813732875,0.28845034743514525,0.3181343162842592,0.351039862468993,0.28428142041223675,0.30757329245972925,0.4039493058252372,0.30729020292008175,0.34561813771640737,0.3456822405080398,0.3423941909027562,0.3252013397771902,0.40915445667646233,0.266151212895672,0.33532634832904695,0.3292056784674062,0.3259745281970401,0.2825893030706566,0.4171474589540998,0.421706839789996,0.26944404789435505,0.366892029716929,0.23443758399644055,0.2706860733307097,0.32280740358268706,0.3137967488142799,0.2986781667119445,0.3129581350248291
0.3479250625130348,0.2932181745145807,0.23555914727184266,0.23147753807576174,0.22844544455078378,0.28352278995827995,0.24161217717947214,0.34496996021469756,0.0,0.2725115911231575,0.22272618747092907,0.264564742556806,0.2546355743689169,0.30188237622779757,0.2579111848935332,0.24729412160187783,0.2499445332784782,0.3103378799621226,0.26699213706822605,0.32173765449667135,0.27356691479136175,0.2907929428623297,0.23852877862815297,0.22344092690079345,0.3091634671632842,0.22109332879583496,0.2509085914471931,0.25253032105082224,0.2018203358474213,0.3105347195291513,0.393716189253137,0.297871061292998,0.23217261246785628,0.26539629320631475,0.3254216988979617,0.2737010154108639,0.27213675761067396,0.32495579338651903,0.25339597921815377,0.22840652881206436,0.22697556918164322,0.3949603582695574,0.27199560253327537,0.2486948717783567,0.30478175418676945,0.2665239628493836,0.27068679418895936,0.21797637749154705,0.2646535405737534,0.28656855824628424,0.26400089647976094,0.2510729911258236,0.2822368626140176,0.23785786275626133,0.22927331227767064,0.414654238866029,0.29090077923309565,0.27479307688357696,0.2810553275252336,0.2626400027233221,0.25990920421253594,0.305902107877277,0.25800249519324187,0.2767548114119203,0.3292476091563691,0.2854838044932838,0.29763398623904697,0.29920703487622996,0.2728602155369489,0.3380660366610093,0.3366677914601008,0.3025296260311999,0.34141021280560674,0.2614623646465315,0.3126823531745457,0.30526948443397955,0.22560710315131569,0.2216016055670309,0.2840797906753368,0.23336773818225778,0.26818073377410195,0.4241400460577447,0.3168928829234753,0.2607800835968491,0.33208438679718155,0.34516067306241494,0.33674536519374765,0.338207075591656,0.3198759493612995,0.3854009260606336,0.28295879030648874,0.4193712171508497,0.2428151772851145,0.2695049879472967,0.34508158940113653,0.29725974303489777,0.3237695572463255,0.3433578953232439,0.3647179960370904,0.2941560912226515,0.2872940864778651,0.2679615665696695,0.3051059445966284,0.2722480683150922,0.36542609898335476,0.27039479333911154,0.24655245872838502,0.30084955023484444,0.24024592724503183,0.25201837038348507,0.23990389411841578,0.3301217779342367,0.3162913795497386,0.33907808398136935,0.25909545553567065,0.2737793116612511,0.3134141822520991,0.2523284905260003,0.21130946854460333,0.33720455564382723,0.26101270178545577,0.30131501251909537,0.307710030430775,0.2741499690358715,0.39664558619526147,0.22524998132704052,0.3217472316869978,0.2619984585361759,0.24366193037577083,0.2625745657558776,0.4813416507122968,0.2904313514844243,0.2756625226217529,0.37457068782509884,0.2760962824711227,0.2591946782028118,0.2768992289268816,0.24606685052985083,0.25046862052775715,0.3264811127863346,0.24217059422749637,0.3108379193789661,0.3568603597661638,0.3420175149047939,0.2815891565800643,0.3489276954185553,0.3598792862259031,0.24579459774434878,0.32087642382400783,0.25263406937676014,0.3465079325344065,0.28482866334380036,0.26212972783358457,0.24244926156224314,0.29070283141756265,0.35121366698031187,0.2241630118263106,0.26856496073580344,0.23764788944926266,0.26181539071776394,0.24085529421904042,0.3653168796010698,0.3593455704917848,0.29247630942031294
0.32042048341213764,0.48730637537294236,0.367412320945936,0.2956261562695362,0.24787383131450705,0.3018521591762646,0.30032816071124574,0.41778257164442306,0.2725115911231575,0.0,0.29697829463255004,0.30646965422388467,0.35221910307070897,0.30034262469871,0.3181092061298572,0.30893542189267753,0.31781369286051137,0.3624140979335668,0.27627182428001695,0.29106593158205807,0.28216293425824274,0.331281276361761,0.33045322767380736,0.27078449041746133,0.41189365108302267,0.2477532079817923,0.2829577238811146,0.32560187461546525,0.3456433793119254,0.2412518612018639,0.3751039271841925,0.3141996959059409,0.2711425067039248,0.3015328681894869,0.3135692691403497,0.31805917443724036,0.3455372867878737,0.306743145521216,0.28016713512476277,0.2819240320926762,0.26930435013087545,0.3098248555709061,0.2626173048113569,0.26115374839687466,0.38570266487528293,0.3201077703165073,0.2596474823207412,0.26840383022553727,0.35443599746210197,0.26068952877134993,0.2901103449004062,0.254608683210539,0.2669163926513,0.3275897600820451,0.34070903606804703,0.31105923887291537,0.27093418051213003,0.28157623460041215,0.33681187791968475,0.3209819954204259,0.36160692881481016,0.23538940281272364,0.23997506120107256,0.2509133961566252,0.24917297814205608,0.26073217251749664,0.30647136837639816,0.3001795357269147,0.32548055966057593,0.40314086349430267,0.27623910904147336,0.303417763315974,0.24453010929934477,0.3493233104543837,0.3372278538297914,0.28064302689972614,0.28123003233777405,0.31288366225843933,0.2835195559725833,0.22279494351231435,0.26724990584453207,0.2901338657751418,0.33454319603238203,0.32879226959687535,0.26405871223738653,0.38514060184507554,0.28831710404317196,0.28132875242658595,0.3514634556506205,0.3060583603169619,0.2734490833190688,0.29311511303110965,0.30356769048753723,0.25254146140649353,0.29368113969891557,0.3660783013808025,0.2263298601911884,0.31065647670691743,0.23396324509216435,0.38213873159940787,0.3039922125518446,0.2867268926735187,0.2390373681193055,0.34690546208845424,0.26409687140763827,0.2995315384099598,0.2787666137293954,0.4310314746885148,0.3005817722024495,0.33879171925699497,0.2678230404761902,0.2505959735752511,0.30620612215398485,0.29267884298428254,0.2985376690501611,0.3451849039049911,0.3026672336068023,0.30591976436848084,0.27499094878223523,0.3012091420346929,0.2511817468054916,0.28044918714198785,0.25102905398639713,0.33544666236493614,0.23101192552598027,0.3833151447758806,0.26588356123786266,0.32266257434238593,0.3747467419065037,0.2876813082417391,0.3322027210586853,0.2531259855422418,0.2789832475883063,0.26539776098096524,0.29437061442568063,0.23440717159304425,0.28653876809078144,0.28824241874332107,0.29557915525845824,0.3080320733243217,0.27222455315485217,0.29469647661452,0.3469231058059616,0.2474565163671744,0.3045564679197035,0.30545435800361037,0.27225166376358684,0.3490919288842937,0.43168378146597375,0.2446153023790796,0.27056071944136767,0.3141019744464969,0.2867095626126163,0.28294532000305067,0.33729180821178045,0.36251003427587336,0.26120287498783856,0.3656522870784673,0.24499239824208788,0.2706375759216729,0.34947995183812797,0.29392150243378345,0.25722723243805434,0.28534489930875734
0.3253396189448778,0.34543481774351326,0.34347917687025975,0.30921571591190755,0.2943363228927468,0.31658158312346435,0.33796588457774773,0.29063095786328313,0.22272618747092907,0.29697829463255004,0.0,0.3439843193033105,0.38404854654856974,0.2915066527861889,0.3160473448916739,0.39709784870616477,0.3972173774172409,0.3342098121607721,0.30142253537541075,0.2856249730704937,0.3780218590954717,0.38969244278114157,0.2951054414092106,0.3466204469416928,0.3325704656471274,0.35373682496809183,0.25708188629089873,0.324766824260164,0.3616234778782663,0.2596334241159588,0.2864416558179012,0.3415202312293228,0.2883986700023721,0.2873384616168771,0.3202309348443126,0.3477167200347869,0.4124350061137818,0.32094414670999727,0.4141071963593403,0.32434469737469324,0.33533677664256034,0.28288317582845013,0.32861583900047836,0.3903767825074896,0.3244923015086143,0.31286533346193257,0.2400737029873036,0.4276776014455604,0.3790648020268137,0.296124937484676,0.3847000667690396,0.31097639945801775,0.25508413801183283,0.43303129501884025,0.42729884319962563,0.2392585769804519,0.3330694546658479,0.35881019280008686,0.3227502643180076,0.3476817087189354,0.3623708968112607,0.23247915511069142,0.3166437065838569,0.2574126904127474,0.23890468047187743,0.2650114974941919,0.32663665761841915,0.31432482874673956,0.314447511839405,0.32335845314519146,0.3237637869132961,0.2769335042590831,0.2708024650853773,0.42294007246398374,0.32684524820600996,0.27488892963002626,0.4281377041040197,0.3638256833044768,0.2876160408199595,0.26542618141204327,0.3028531407123042,0.26377329848334546,0.30610469362753623,0.3211889365427092,0.26174364505373937,0.3056566241578026,0.29282145787638725,0.2693316440687703,0.2749645743259028,0.2656969191917581,0.38746638950797374,0.24169792898857528,0.4214462346637561,0.2994178783459063,0.2814785162684861,0.3135427750652103,0.22707585507630523,0.2390487821292607,0.22692484606294333,0.3127922001311468,0.333660777997216,0.3211699385138492,0.24206383211833732,0.24311841854740757,0.2694152135085803,0.30053703235152246,0.2885166890028313,0.29998156365909834,0.32139419580132833,0.3943243031495268,0.4198295319501503,0.2711715337944533,0.30330200057218826,0.27499922665262533,0.3251801089520645,0.3296088625048851,0.27508853931190536,0.31897889572030835,0.3427849851217262,0.26642323138503227,0.3422071249391137,0.25522052169424403,0.28467398427795404,0.4017559158456244,0.23819306704312246,0.4246699231575583,0.23810804098827232,0.36663961726775,0.34114340009975613,0.29165069487914114,0.2235196326867258,0.30850998563231624,0.30883925301716103,0.2939801585152458,0.3676540352169003,0.2709813543989524,0.3060693018424519,0.3113484953221985,0.2870998850727743,0.314137940860546,0.28304355146568116,0.32193277742926607,0.2845604460650926,0.25970001267062043,0.4140067256974262,0.2562978484855919,0.2887682913829631,0.3341077420305016,0.2792876083705922,0.24862000795580996,0.3332460248465321,0.28240431009778366,0.37666647581722384,0.272083623962444,0.32021115978536735,0.32773707810218694,0.313950951327035,0.34134186337343086,0.2705197340204904,0.2998246384386606,0.28930157145192736,0.2921368212376489,0.23019671767167438,0.4328152953828569
0.312567718593979,0.3302330104535111,0.3014880534112619,0.25581306316760394,0.2579033721307396,0.3570406893768797,0.3414066027526649,0.31990635989613164,0.264564742556806,0.30646965422388467,0.3439843193033105,0.0,0.2783506730772883,0.2062101197066697,0.2937380709851297,0.32486072985182374,0.3171268368205707,0.2603450040791624,0.3572496312229059,0.27741616919534057,0.36900746677905033,0.3172942586675111,0.2809098375406615,0.2987332920144502,0.4008801729178084,0.24450625166272608,0.23933509816641985,0.25068489020493734,0.2685793759048072,0.32405690958987243,0.3455097528586,0.3298862742054915,0.25756364871991216,0.31995338563269393,0.26270240646282506,0.2873224554522134,0.3337823843917945,0.2720411995984851,0.3620790318253292,0.26063779118388203,0.2797828194961632,0.3421542069223947,0.3213042888110038,0.3210203642636768,0.2887570290961699,0.2832459293949964,0.3120942022677397,0.29755455462523844,0.30682029025280816,0.27899692320823993,0.3430700887467057,0.30510516478934735,0.23066486932131303,0.3224655694509973,0.33449797535934805,0.2789760319879688,0.3205626771872055,0.41123363394727536,0.24063276851440554,0.2733910574106699,0.24670652710532273,0.2266176727032212,0.29564673631107247,0.23419177509695863,0.23577310411165087,0.25219608770833246,0.2313716830913162,0.276631463271328,0.2436217816618228,0.29801519859010867,0.2867221186763783,0.22119156018685496,0.23140309471580883,0.30462595877364695,0.2918575972403164,0.25496201091694237,0.2872353003766526,0.29513891876685766,0.2519628957148379,0.2251915572143141,0.2648305043213568,0.2889745304139032,0.31748794957891463,0.230823521070652,0.26142685610753036,0.30093794239593924,0.2591285713725012,0.2568353270858693,0.29568493784350075,0.26521090734009106,0.3259686991240733,0.30222552621324994,0.3218369465978847,0.2687207391039529,0.24157995464627496,0.37640271634162437,0.21860465573342788,0.30951415802918164,0.21822871727960513,0.26209144339270346,0.23003866434892956,0.3060269303983992,0.26349279021868705,0.3318614765950418,0.2547293518201757,0.2949739639993745,0.29068477403298937,0.31100917786197857,0.2673270344888473,0.3821738416345391,0.4482982544557992,0.2700047524131998,0.2563661099113436,0.2624201104414432,0.2481447230015507,0.31323767847693235,0.27412331204875584,0.34848926723363105,0.30749302278970125,0.24500302581484015,0.2536827725439112,0.2513003854590432,0.25360896257588245,0.33747383828212785,0.2066521896167361,0.36561178480997375,0.23570467479553125,0.3523185871553162,0.3076106431725619,0.2220913012127026,0.26971575825139094,0.27314523959865544,0.22188914170382756,0.2709343496808728,0.2834283815709539,0.22530372815357672,0.32944739638785775,0.2476888971285555,0.23697403384003574,0.32794638417702626,0.21479325843491237,0.2822272508942014,0.2913195318550799,0.2505060371208428,0.31006234585428405,0.3317749512357111,0.37729536575656775,0.28240816733466273,0.35106811823023976,0.24585889026390842,0.29703463844221356,0.2825963331196044,0.30324852194832486,0.2711861754420743,0.4177908880449647,0.2790923731311553,0.25535815986393356,0.352236929317723,0.20303739049281166,0.27203290348603937,0.21606120879895674,0.2527783086996742,0.22764766564927305,0.3237789283803339
