0,1,2,3,4,5,6,7,8,9,10,11,12,13,14,15,16,17,18,19,20,21,22,23,24,25,26,27,28,29,30,31,32,33,34,35,36,37,38,39,40,41,42,43,44,45,46,47,48,49,50,51,52,53,54,55,56,57,58,59,60,61,62,63,64,65,66,67,68,69,70,71,72,73,74,75,76,77,78,79,80,81,82,83,84,85,86,87,88,89,90,91,92,93,94,95,96,97,98,99,100,101,102,103,104,105,106,107,108,109,110,111,112,113,114,115,116,117,118,119,120,121,122,123,124,125,126,127,128,129,130,131,132,133,134,135,136,137,138,139,140,141,142,143,144,145,146,147,148,149,150,151,152,153,154,155,156,157,158,159,160,161,162,163
0.0,0.2982051220372268,0.31108777205331545,0.2980957210705543,0.28776089473533717,0.2921584070542813,0.2677262638429205,0.2765730980513623,0.37741864329771174,0.29713490837801476,0.32292767451692395,0.26390393908617293,0.4115599759877053,0.28062406210595475,0.30291632852355255,0.3146974878679968,0.34368535839837616,0.46058955719481304,0.3159827320426123,0.408400599331157,0.32454704472051465,0.33138762731163224,0.3346279913600273,0.2737825067090697,0.353849509069672,0.2688139784778916,0.29123910092070515,0.3538326821415885,0.2356816824834684,0.2915265618744844,0.28113932658847124,0.3453310482564488,0.28018741713481077,0.26989915073560683,0.3669982773626342,0.28260284424358056,0.3519415605356109,0.3612136423154503,0.22771789795864245,0.3884068332079989,0.28121465395360523,0.32775257372372896,0.2925731274308296,0.29884205191249674,0.2910883914152927,0.3678460560368962,0.2536090924724496,0.2867257379622233,0.37926347352262646,0.3786853512493486,0.35154172460668287,0.3321889215299498,0.28200018926785886,0.28342905730111634,0.2746335233281883,0.30853142910397474,0.4446707443440964,0.2935613371544434,0.28734077508763284,0.3362162222062426,0.26548851875486645,0.24498686473940773,0.34362006728251987,0.24240035752529918,0.3067116864594842,0.32383186543402215,0.31564815856519085,0.2957891378179578,0.28318411386698966,0.30632381579529966,0.39508433052258685,0.29308075344895324,0.3571463049217011,0.35364329621473145,0.323338503193471,0.29836573958662943,0.2613311351338218,0.2638029179099994,0.2915808029280202,0.22199221619819973,0.3002705816391689,0.36262597417852493,0.31476665301542905,0.304635653140851,0.3708410279370942,0.3995114892773365,0.2917405262308131,0.3260304648554638,0.3348266127091351,0.281719582109524,0.4057542669009328,0.27303206572272704,0.35887525635866113,0.330318148191234,0.3766066600818829,0.267688535848339,0.21652276107460366,0.27055922701216256,0.23841007060417785,0.3319980003581327,0.24951172707400565,0.22495304928630416,0.2747809538497673,0.23715082477287172,0.37500651579715283,0.33133853768197336,0.2904148292978073,0.34344867706796955,0.328057597057174,0.27555143438628926,0.29041613433500185,0.3814291621498481,0.35771190705997313,0.29287497608057006,0.34223718897614364,0.3664248775212332,0.3155616846130112,0.32029234322301386,0.27575991237176967,0.2703828404490812,0.3170088222945646,0.23954084844064719,0.3191793997166872,0.35270339844552184,0.2932739531460262,0.2542190506142033,0.26216989254493456,0.2159270815882882,0.2633792148212839,0.371645649298053,0.27527816715541736,0.3266504559612047,0.2547012792269447,0.31617721918324476,0.27281560025007284,0.28698572228359137,0.2774417756351674,0.35035340668156667,0.3567410267768674,0.31599908524844217,0.2579834096116272,0.2874646122907574,0.34906528671780646,0.3324579606363832,0.3105847802272585,0.3160376457302622,0.31505261381259136,0.26602824650331974,0.346779262585804,0.17949195492402256,0.34365483069783614,0.2740196008811405,0.3332387748364681,0.25851293790783725,0.30071192767460875,0.30634067157427636,0.3590263436151916,0.30679319148362544,0.3050221238005004,0.3521734783188812,0.26359950367713064,0.3241092730262098,0.24437269700899433,0.41516472085406286
0.2982051220372268,0.0,0.2676076239660933,0.27559302636845084,0.23208244708512296,0.39688025375229313,0.2752071535568177,0.30703558753942567,0.2716293344928094,0.3746479372871922,0.2645840970890935,0.3308996719855614,0.28857763472424186,0.27103450825626063,0.2743726382392549,0.2732694977075902,0.3010055232964146,0.25140771785861066,0.34740771606186227,0.32517254021840464,0.3049152211565237,0.29635642384227073,0.2993791090255147,0.28606451875763567,0.3533836868072771,0.21799308718017862,0.24153523653445647,0.2851075331156093,0.3546512987574265,0.23627693106334763,0.32292043626716405,0.3438429347413706,0.32137186807362444,0.2773833206957663,0.32836040067585454,0.31222453598122296,0.2658785067046242,0.30196887140328393,0.2728194851522953,0.336102625246266,0.35517742145957143,0.29685232266717293,0.21906148722039798,0.27587494485776126,0.295835342600859,0.2584737006079661,0.2815161667178076,0.25100086990153275,0.323746045699519,0.30327276920311536,0.2844107788755821,0.3058497836127383,0.33494425417017526,0.3196481571052775,0.31641742262432243,0.39511067339047423,0.32289680684356575,0.26386284695892437,0.2936550828610192,0.32138434896789425,0.2924643643326629,0.21705411357039342,0.25425865979514767,0.24660265149586189,0.25662133873250714,0.23888374121653136,0.25178761844806946,0.23019387026474783,0.20782979322061995,0.24564490972591885,0.2665536006495693,0.29627395207521956,0.25769331155752223,0.29197103448972317,0.3069091445704185,0.29270064752233754,0.2302018747623872,0.3100857530842962,0.24171995042235336,0.2521962086615043,0.3090244956170152,0.2855484815255434,0.3277419502189044,0.2796021508069801,0.3130361169982768,0.3947904310595943,0.2463628836353254,0.25063689738343126,0.2960428835991575,0.2951737857881894,0.24204185353634472,0.3093294212942214,0.3563108899171275,0.3262800336579924,0.32017700527105436,0.3237570340628166,0.25303547330863657,0.34433712653265114,0.2410871498148875,0.29699008162019147,0.26805463250471806,0.20295965583932424,0.20803891478334233,0.26838870844652785,0.28710095032774724,0.2660983330870828,0.26269037350254076,0.3527281450975814,0.29987298610747676,0.3352738710381338,0.27915189532307144,0.29120439091837025,0.3064658455411239,0.2505987230295618,0.2958192073857675,0.35154753961255236,0.35936587022270294,0.2516287879001239,0.31206206214962,0.2503704380954867,0.2912910282715069,0.23825469524460952,0.3393272480173418,0.3152263927440396,0.3259880992462452,0.3128070993582592,0.27404333981405193,0.23683543516023314,0.36589305315050097,0.27985822349666883,0.31825180261967556,0.28085123841359044,0.23903470513313702,0.33578986650707887,0.2749780556259779,0.27581751924503867,0.29684823345896016,0.32157946314809693,0.2920649645819703,0.27124084787889235,0.2500659290066656,0.30276671503517405,0.38472227931885383,0.31232950685544414,0.30989239403696917,0.2561321356701925,0.3323840024643649,0.2710656767096678,0.39507439209609896,0.20840276061834836,0.26367894370719597,0.350015902955126,0.25404573765107297,0.2923928208252167,0.291638083659349,0.25673232269597407,0.2948273739844779,0.29211802375231255,0.30366175328171774,0.29383527059350356,0.27361013884552576,0.38456785648202896,0.25483686337247763,0.27446324801303834
0.31108777205331545,0.2676076239660933,0.0,0.26751228851334485,0.2925823809740042,0.31699472127328593,0.2378457567706893,0.2572203041925659,0.2604225732662517,0.3315616120059533,0.35939973822057814,0.29817369478696965,0.3266876536448336,0.21480637831345561,0.27496868596920365,0.3889364430031135,0.3342402413527318,0.29363836288650075,0.28603421842865895,0.261743571167637,0.3478474807948152,0.43711447379059803,0.2542605147072568,0.27271565266086384,0.30449614337531794,0.24151835588436704,0.24990058534222737,0.27653259103241357,0.2411853161818501,0.2819746103281472,0.23170705102451297,0.3185236037548586,0.23653062504204694,0.21442644643406983,0.22796205002261902,0.24235255077096265,0.28652476907029456,0.26885995683402375,0.24321674913075045,0.29145472435305003,0.2304773918397441,0.3139418481749955,0.2712377478960637,0.2495031920774544,0.2530504009745259,0.2558066328353138,0.22366661357101514,0.3026349505045034,0.28060320279501333,0.27651859874354295,0.3099420882510757,0.2637328496535499,0.20771100186026886,0.29433208559788965,0.27691916787677895,0.22057754106758387,0.2802106335341214,0.32715365360527676,0.24354384045810687,0.24090763392267625,0.24798856770383196,0.1964783204697377,0.3003031091102748,0.19646546223706385,0.22993966629463125,0.2504802563026795,0.2391072246141336,0.28682999421624467,0.26814127549545264,0.287417586297764,0.2889516532473461,0.1991620185630143,0.25412599079240894,0.3832430618773447,0.30696302606948805,0.19670656155973304,0.27800634395334717,0.2585499904390368,0.20801186271246375,0.1918328750712922,0.2507622194006838,0.2868197464400559,0.2955305184808666,0.23462290733034769,0.2488622199972807,0.28211931192081346,0.22700356246745126,0.23255891854744706,0.24232219089391469,0.20552613634708727,0.3065271005442109,0.2002979137210709,0.2975144780201731,0.2162861443042023,0.2578905831402227,0.24931048789598165,0.19290531788692364,0.21642600141644858,0.1749997514014762,0.23226985684346632,0.18723766544013296,0.23465225503371467,0.20463923100933748,0.238433403301879,0.25422214904334045,0.2842689009586059,0.26874782074456444,0.2780484576170123,0.24635673539968517,0.29789315693778246,0.27316353998851434,0.23524740256803583,0.2562098040336967,0.2450465303455569,0.22123752101873553,0.29814101321629033,0.21660217689388164,0.34879958898899394,0.28045097475093334,0.20561520642703715,0.24859775981150242,0.19430203674336585,0.21655235137168308,0.2801502091849921,0.19261807026084427,0.2760536454226085,0.2125426298917564,0.22647589504982946,0.2506832104064695,0.2465288725054472,0.23486602956595456,0.3850821992193142,0.19499993662990844,0.2162569673588107,0.2730317001742772,0.20938159741504905,0.22115694182871834,0.23109643251196998,0.30375641096463085,0.2637873257412508,0.21603119731919374,0.24906017591844448,0.25472420207311497,0.27350739475828295,0.24795826969786788,0.20973294777245258,0.3090536439263729,0.2488809011519158,0.31320845282297455,0.1701947179270431,0.22980400814081384,0.20870560331421292,0.28288402025895426,0.2728095502379379,0.27435629721915833,0.25117022044449755,0.3382979064408192,0.3046048165948497,0.1976151487101966,0.2613481037477379,0.22729299665526406,0.20313262747846356,0.2037602672176862,0.3122074668621682
0.2980957210705543,0.27559302636845084,0.26751228851334485,0.0,0.23559030588559687,0.30318904355671333,0.29330209939320595,0.2801208629523891,0.2645117643230396,0.2755730892909548,0.29173987607912283,0.3067958538400893,0.28050211716439266,0.22483018291319226,0.3160306763402092,0.2522042242974765,0.26727659273541593,0.27512507820656684,0.33771588166097016,0.2752039383919564,0.34525091111645395,0.27128053150951664,0.2930432274928786,0.24764568001369497,0.3346456903206377,0.2691829048431886,0.2581840515045115,0.281383939153183,0.21473523121292845,0.21667026837821113,0.2855247128398466,0.2844374623421711,0.39844701345267675,0.2788967590599384,0.2743905936684723,0.30473191080635115,0.3060629035610843,0.28830338654578863,0.26708651921311316,0.3314927776617073,0.2939661136530344,0.27162977077596684,0.2695629390309087,0.3097366794767482,0.27986032950275036,0.3011163266428321,0.20380455982226983,0.2794438376596037,0.31324253941134017,0.30099279466494694,0.39855669393848325,0.32938782260490646,0.26275906811477107,0.3825422708455714,0.3078324252320047,0.26714646098373734,0.3462447239581816,0.2839525127709567,0.27478362350475705,0.3031833456116913,0.3090094144229277,0.23719603554923008,0.3307572670469309,0.2024083940095662,0.29615090177129294,0.3259572322227902,0.3340829630865809,0.25960813166462055,0.24619487506932947,0.27245572672347584,0.31963174458248317,0.24964697632477006,0.27849169247230804,0.40651950086064725,0.28804682170992646,0.24103050475802015,0.3170499776240439,0.2660911936762512,0.2681634648153627,0.19688700665617678,0.2792352526090213,0.4250475393029486,0.2713427464116763,0.2644776079796203,0.36043513151221346,0.3108249347984126,0.31692821422085526,0.3186832092822186,0.2997179841067679,0.2592641930210267,0.30267348603892297,0.2882595340735195,0.27519172471149594,0.2788471052359297,0.3359997561840451,0.2851603170227938,0.24202503553779356,0.29076489883998097,0.21605469745003372,0.2864346257306371,0.23874313517828308,0.2544016147199207,0.34384001671435266,0.27572234650215455,0.31449180807750576,0.2801777635992941,0.3119413028438536,0.26653385268754715,0.26591917250711544,0.25820030720598147,0.3538791015894393,0.32288202638614716,0.3759101147957255,0.286231389901252,0.29163634904824576,0.24896204984796158,0.28900391090747135,0.24943762317499246,0.30867771218023055,0.2460589720096772,0.25493845633786394,0.3017490871379941,0.27350584415001317,0.30623764551458843,0.24434714934443175,0.26428316424177734,0.2672882422586855,0.22235490391053694,0.28175248182806506,0.31045366233478167,0.21854306558051373,0.3176517791334682,0.25522584042304014,0.29877138285882876,0.30824286941778645,0.2422476252644382,0.20389484389217494,0.2899779631808475,0.31479667355807434,0.3257902412081465,0.353247447238603,0.2405954999957957,0.35319191596121224,0.32820098576340195,0.2858828653869894,0.27987492582654466,0.33162280854793375,0.25113439353418454,0.2724617117919649,0.16217300362337433,0.34856166937418925,0.2817452175578921,0.2832484019736803,0.2355786265882071,0.3289029736328299,0.306005221895529,0.3019768548641674,0.30665624709572553,0.3437824420727712,0.2961501865092802,0.2639426281984839,0.2685104214066735,0.27593212913605447,0.28393611920529893
0.28776089473533717,0.23208244708512296,0.2925823809740042,0.23559030588559687,0.0,0.21681447284278255,0.30167152711442385,0.1930780658283019,0.2470138949058525,0.2607616780303183,0.2981376691388572,0.2245137286319474,0.24221868956748693,0.23256229154867591,0.2556564632505096,0.26920351253249963,0.296073799657168,0.3048916993902243,0.23494192186744753,0.23506994812103782,0.29102878231318763,0.2990398946498825,0.3211626067872268,0.2727746678393685,0.2661044418000923,0.22843532986600606,0.2443970986513516,0.24473592107577347,0.21714591613290143,0.2812975351362786,0.2168912433536448,0.23091498008754907,0.20966418938630885,0.20965746991777365,0.27783285806429775,0.22350003440497584,0.24987632974248683,0.24524388533231375,0.2069696558235986,0.2907668643936851,0.23946280450937105,0.35409123938893494,0.24223064302911418,0.2644001295505495,0.1985248606873605,0.21907393054720836,0.24738040145632315,0.2593194058354663,0.32182001368959273,0.2468589531959121,0.26334466245584837,0.24281071793245715,0.21556851234452856,0.22453671478909382,0.22336900060782378,0.23191072383466155,0.24316619990344943,0.284143931875605,0.24444565149374808,0.21827999263029307,0.1827980361310356,0.18056207844311023,0.24083777804358658,0.2187017516815639,0.23587005296968014,0.19472420794097667,0.21133014369264494,0.24210222640004767,0.2269416067293751,0.24496458783989114,0.24672335868833592,0.22023646482807308,0.23674489986100528,0.2647287816328167,0.22058930213382769,0.20546101770177347,0.23187118312524344,0.34429154354514424,0.18666488713410073,0.2041452917606917,0.2587636203197772,0.25742998416901924,0.2780135697564851,0.19378045690317,0.2439762251565216,0.2326444101181242,0.21129361005816438,0.2200631161731678,0.20689058447583833,0.19431406113261637,0.3529678109809679,0.23569452842917477,0.2919579951256159,0.20222302027736042,0.27335104071281413,0.21059877474708535,0.16180311045241377,0.22180485927397703,0.20933182723248253,0.20259653591500873,0.19478294636303076,0.1907950022566379,0.2157798886131248,0.20900614834138592,0.22173252890568979,0.22812674160894245,0.20320665038122307,0.2865874836696399,0.26518493885047817,0.2541250343554047,0.26263395920584376,0.26386992532446196,0.22255788097767568,0.24927702148960268,0.20422832487354364,0.269850098469483,0.22606470048534905,0.2655463411372297,0.24132932604047727,0.23698694859914285,0.3013102909533624,0.18933791872416347,0.2194435268937832,0.2778835556536886,0.22585246266074266,0.20369650405863493,0.20269101800449477,0.19705047914939722,0.21036006875055438,0.23964670118949957,0.23849368748857613,0.2605750978949478,0.1784034928199307,0.23200158003018428,0.21147914235170512,0.24042421961485752,0.2150331962767255,0.2764863432416185,0.26181174231750176,0.24965938992162479,0.19487463810062866,0.24562111606085704,0.2631818758634588,0.2610914737405877,0.249851805138407,0.22832898873804147,0.2708676589580302,0.2336903005644079,0.24786416428850042,0.1724542315764784,0.21673810220676964,0.2279966003157596,0.2710566077195584,0.2583415587316315,0.2519795541587347,0.2241479005601053,0.2530794656104655,0.2710569456083,0.23525022133167178,0.24010955190671898,0.228320649070418,0.22826996942206348,0.23062845231376314,0.3464054143839501
0.2921584070542813,0.39688025375229313,0.31699472127328593,0.30318904355671333,0.21681447284278255,0.0,0.24532050208759548,0.30039360013850847,0.2552434401993558,0.2747813571848179,0.3198068926916299,0.36776568386506026,0.36489560728055015,0.21865097169456765,0.3026469581674284,0.34313551498780076,0.29929591869299194,0.22570965861992817,0.3204084350434676,0.29731359545430414,0.3077876981806853,0.3119295290807613,0.22652111695171842,0.2543821089346025,0.30994251532386025,0.24689236538497533,0.24030516348598246,0.26827846900803193,0.28719179043490917,0.2430480887815418,0.3077422405164151,0.3983639481197581,0.3674899770194843,0.255219740599312,0.27173162632776865,0.28867543465292783,0.3015655992928355,0.29200812525575776,0.28021152706518027,0.2706139542343666,0.32047753073326646,0.24582538145830363,0.24397143674391852,0.30960020207470884,0.2891172978385752,0.26520938848919856,0.23934227569528263,0.28730922997670927,0.24885139487379102,0.30801149383500986,0.31462091900379213,0.3434032716577688,0.24970663087900422,0.36068970782623466,0.3231578407756131,0.2945927960934827,0.30666267082156623,0.3456854202384194,0.21942108476421873,0.286936468560452,0.32015354156594983,0.23429757387740938,0.3185029940859274,0.1967191115601476,0.21623773274209612,0.241629283276521,0.2599462503333028,0.2668656697608542,0.2092983407855195,0.24821496329252088,0.2966124406357505,0.2273942404025667,0.2426529677470946,0.3285934695720192,0.331631078109909,0.23432789580280486,0.27040987343865963,0.27979935878370193,0.23877538285397462,0.24431862485286204,0.29599032680190984,0.27640846023286186,0.3082776129022984,0.31466418917116074,0.26358015820809333,0.3508931176715484,0.25893562297452005,0.24627445938528308,0.3095979791098521,0.2715736632378526,0.27207583024960713,0.2641048379085823,0.35248921279757667,0.2678164050356404,0.24865663223835194,0.3389925271566389,0.25192958700953216,0.284944090578658,0.1939476050332307,0.28484931158896193,0.2401993351601969,0.2078878334037368,0.21171054271617717,0.23089918444143076,0.29772777944424184,0.3276498832194458,0.2945227011442721,0.2676635205577692,0.2600511490653788,0.28678831430940493,0.291041432324312,0.24652650042805785,0.32532672704703536,0.25335428961417894,0.29086444228229974,0.33608011729535725,0.2731410128630306,0.24031810653380917,0.32785556685810535,0.23049874916930774,0.2703970547509816,0.25421166959954633,0.26360980804095285,0.31909340037943246,0.24923419824542534,0.3589712259535223,0.2513791223442265,0.25947039828784496,0.3006830974000015,0.2578589725379162,0.2576677226988851,0.36340355463199936,0.2570681711420192,0.2893127272247206,0.27079372170758254,0.23334738056150858,0.280032780522223,0.2649050988054056,0.2688355875551455,0.2628757244606425,0.2715067502208926,0.27111198546702975,0.27585556552696117,0.2825419193768837,0.2888054994595588,0.23085655883682044,0.3695762645600119,0.27921883743371056,0.28684009272878247,0.17770977032587015,0.26048205363601423,0.2614673662512473,0.23454074429788532,0.25198660366894365,0.3020942520948113,0.25735034033235327,0.3248623733119848,0.3426996368861046,0.26142763191807344,0.308410729883172,0.22253918431824388,0.27568830680191425,0.20287124392950023,0.27136625441542817
0.2677262638429205,0.2752071535568177,0.2378457567706893,0.29330209939320595,0.30167152711442385,0.24532050208759548,0.0,0.2087643909462765,0.22427198249758618,0.2925791585086388,0.2400603298992612,0.2887576104609481,0.24920123681155087,0.23036031515292849,0.3395903598125653,0.21774643365937577,0.246542358690376,0.2585827368807425,0.26830288631852045,0.22694365796588298,0.31317537842673593,0.26065869527281504,0.35870068349123274,0.32055872196645124,0.3176582030127365,0.26647970962627465,0.21289764817516077,0.21664610669580692,0.2419220189240111,0.22171806880493006,0.26580943319552813,0.2596447593023433,0.2944030012850824,0.26896511445857324,0.26178175352280203,0.24601933737624368,0.3081839923345385,0.2247232921634929,0.24220648787431093,0.36983125897285224,0.317469993811908,0.3232372018794718,0.2865583288246697,0.3383027159762618,0.2552509803723457,0.2703404317008081,0.31714067990460687,0.27111646827421226,0.3942350027260487,0.24852736978886905,0.33799074298463055,0.27974769073523853,0.23524728679621157,0.3018443151939807,0.27143537984621763,0.31201022833863706,0.25768514864065656,0.23936862776559692,0.3284380491959812,0.23156232676963798,0.20684162519123112,0.21497111115918852,0.23550908856670058,0.2303725712888328,0.28506382894528304,0.23662431411705137,0.28532202865194023,0.3225625883020555,0.2189395714377942,0.22198840583193136,0.3119372660787301,0.24377080466388412,0.23321616147978558,0.3074656378971398,0.1947286675148671,0.25561078430215983,0.2874242039620814,0.3278520186067098,0.22255235690093847,0.2318562590113306,0.3277270878156419,0.3088551963907002,0.30027113209570805,0.1940080964593666,0.2698425630998963,0.25138786496802995,0.231378512701088,0.264371979115762,0.24261488225561761,0.24356775080835324,0.29351119404876663,0.36320947882860766,0.2720688469136539,0.24559268351767016,0.2981102998814862,0.30646577332223085,0.1921593420022318,0.3365448080776442,0.23171163774330242,0.2724033481967372,0.2353634596944407,0.23294389885872005,0.3222909291096736,0.2844934063126424,0.2225619973470967,0.267299207754256,0.2430053206460254,0.2827498517360044,0.3458684061068052,0.33933601283676973,0.3925788803181876,0.2781895299272969,0.27327435763198,0.21454483838445815,0.2300398234905712,0.23879954043930074,0.276632856597109,0.26419458417511743,0.30365456603611246,0.2145176476201425,0.26188973939996096,0.22261852871326734,0.2585457983423039,0.3450272833590009,0.24864912346396345,0.26393402003478994,0.23005965576515822,0.23002450733818255,0.24879498110056475,0.28868289684311627,0.2152428082736712,0.2289011736643555,0.18600657231885825,0.23129442376856,0.24696833211836167,0.3083202699750474,0.2513446474011049,0.33058842551402334,0.2717439362255401,0.30192630312584995,0.26417554714716696,0.23963858270798502,0.31560374081542325,0.25815102764683345,0.30932585910264393,0.3269484683290914,0.29034118921289714,0.2947260476150196,0.26986430350198987,0.16083834348406312,0.261815547430196,0.2886441145178893,0.22833937624015543,0.3576546318503855,0.3648643036038339,0.28646060114151567,0.26485085451855095,0.3414015542937752,0.30063133072768106,0.27511806877801914,0.30841524184342184,0.2662835162118984,0.3097848425291818,0.2869230649440176
0.2765730980513623,0.30703558753942567,0.2572203041925659,0.2801208629523891,0.1930780658283019,0.30039360013850847,0.2087643909462765,0.0,0.2912486587620122,0.26986663261225957,0.26335523191689264,0.29303244911120374,0.32450447958137846,0.20856062647181256,0.2648241931306413,0.286426324442397,0.26194712879231274,0.23806483783727325,0.29236463182105155,0.2950938327749469,0.27379441623256373,0.2419909892698595,0.24106645103783064,0.22482364763786158,0.2990318833309301,0.23727489731121307,0.26526884215570085,0.2783304688735433,0.21033124022223967,0.23564654287926384,0.3546992784806835,0.3060273188894585,0.2842844596984982,0.24350728890443027,0.25100363138746434,0.2732200621676027,0.3068918785059036,0.29661357216330453,0.27755801022694426,0.27171334385474977,0.26560649978252704,0.22909866321379596,0.26659951254559244,0.24040217404596623,0.3519230786331717,0.2706171546902568,0.20872640305650614,0.2486307840222734,0.2652023974178185,0.2680467861504185,0.27420296894304524,0.24506096848707415,0.23162658616095919,0.269284432455125,0.27876878792072596,0.257073264027624,0.2868050473928993,0.3332926756202721,0.24325100000660432,0.2657055023769125,0.4372890151524494,0.2071304304182778,0.29707289002099596,0.2020369002962446,0.21440776726839714,0.24378233478092348,0.27336257319439516,0.2304873104564703,0.23423284699472594,0.3893941872888507,0.271585392324956,0.2337883974129238,0.24245888721981704,0.31332313254804833,0.3209029420330049,0.23248931002165318,0.2951127404383766,0.23812884406394252,0.2944963013470977,0.18955710056298514,0.24881251975728413,0.2782568896008145,0.27805714882186194,0.315121812921083,0.2950271438817676,0.3712362916402395,0.44319362839474996,0.27552651248253607,0.31303907316085133,0.2578752177468251,0.2338659936652355,0.23513409718084322,0.27222458632980956,0.24615600836924253,0.2641830483488253,0.2658517739724281,0.2820606510297083,0.2635491337512127,0.19094201255116344,0.2772153603142805,0.2282170146240006,0.3078357021375651,0.22021104002906822,0.23656035096260708,0.3055495125221151,0.27611554771134544,0.2898326583863489,0.2756053642998797,0.2515822235120908,0.23602718028067118,0.23368003014488503,0.2662486320804412,0.2943627408086315,0.27508314333294764,0.26644721712259006,0.2705857733849367,0.2843453758290775,0.23215765211403236,0.22944403053362905,0.21391143830949733,0.22970016231960574,0.3738026092994578,0.23449912961370523,0.26458046480522324,0.23543486609690015,0.26948539451673736,0.22258642891753572,0.2838421003510728,0.25415265577102997,0.2683417739552471,0.2655962793229689,0.29810214051141254,0.2934468917394993,0.24966576256705753,0.2697224010441755,0.20716495842039073,0.24278701736624647,0.25208282024029444,0.2984037324492019,0.2984528673197905,0.2542504281843399,0.2264862221092211,0.2905728937361969,0.2912834905797659,0.27087870847698436,0.2400464496458959,0.3267741081803917,0.24879958817269598,0.30108128679853374,0.16887532004202507,0.32734465213206726,0.26578056402640343,0.23676924458996518,0.233192861708327,0.2859430568177597,0.30030619876581294,0.2814135504095184,0.2802478026378929,0.23886756400755577,0.25806462092175875,0.22508184133875322,0.268110041077114,0.2280365276565918,0.24041335970274877
0.37741864329771174,0.2716293344928094,0.2604225732662517,0.2645117643230396,0.2470138949058525,0.2552434401993558,0.22427198249758618,0.2912486587620122,0.0,0.2440930817201223,0.2854045781473524,0.2603907825290931,0.2969203039501427,0.2879927532579962,0.25763961103318883,0.29271139423554177,0.296374195534094,0.34163182342114773,0.2544768676157103,0.3251590801003203,0.2464424571634404,0.32361459121750435,0.25645910547202666,0.21995940796187752,0.27063254851949814,0.2262362566869388,0.3552533363459974,0.3326737422034598,0.21511993143504946,0.3406094517956225,0.3084485389936442,0.28113663178625165,0.25873340460188393,0.22388250800588608,0.30270591663378493,0.24275922171395792,0.26787435942276133,0.38371671047270794,0.24244710763578856,0.2708732247763966,0.23976879363171438,0.2971352681629861,0.2277341135143033,0.24165830098647548,0.26847395100936333,0.2773561174373334,0.20729959951795565,0.222895477628558,0.26831279730500973,0.28678810820924744,0.26680899934771257,0.24135318438022654,0.26887929966139923,0.2499044236675149,0.24036715769301978,0.28541473444250687,0.3132694564861466,0.297861195934002,0.244986655260192,0.25823604047008547,0.2528003296922066,0.22301954801429758,0.2514150067469802,0.22908604277669836,0.24762988305434802,0.24631604001588117,0.3058126432858966,0.24677509043594179,0.26393481906297994,0.30036173582443954,0.304157628935316,0.2656624802463648,0.3203975004346066,0.27827030183452006,0.3496747657859063,0.25262053232673626,0.23177149618226434,0.22680707187525515,0.2683147822333976,0.20646477488174073,0.24141664875802915,0.32807553515594295,0.3100734594793075,0.2718423362442174,0.30481735579947433,0.37006545080165826,0.26730628744308277,0.31858467010720826,0.3036838007459336,0.32728677089284663,0.3414427807603842,0.26349995829787115,0.2804845776486394,0.2620305302911368,0.3342075683549683,0.26735361875086255,0.23594761325799132,0.23970820249228808,0.23898254260920673,0.26245261598636443,0.2593983134726531,0.19766117272797215,0.24108178684856266,0.21637149188302301,0.32374914866964905,0.266976072459561,0.23325158153300182,0.2967758651278323,0.24701299814389927,0.21632404507198064,0.21674867596789607,0.31022767885959984,0.29743405649583793,0.40657870455178285,0.2749704502756526,0.329750948644936,0.26518139972998095,0.24979057650542402,0.20476065980047772,0.28961893743313477,0.28392218389926965,0.25855705982843596,0.24268263537710102,0.2782815782087696,0.32289650754395427,0.23680673381957562,0.24340208341982195,0.2140816723732761,0.21589008692545378,0.29301811301713326,0.3666999244026797,0.3044519623769393,0.28573357038214625,0.328084438594515,0.24506381231263233,0.2368423594797451,0.24955538494252655,0.26533739142548035,0.30742330902263604,0.30796293628324095,0.25005335011351015,0.24991808732810342,0.3151262398617587,0.33167779017079235,0.2689062132333507,0.25845432660127826,0.35999893089425494,0.24376232345005647,0.27524182450791357,0.1872083754725917,0.3124306203976147,0.26187022037611685,0.30022358751730416,0.23269343589565658,0.2539318916542087,0.2907325638761081,0.3075161207326145,0.26915476864699767,0.2911377396563592,0.2844320909482446,0.21153050785033004,0.29999694135578175,0.2662038596588402,0.3312920955054004
0.29713490837801476,0.3746479372871922,0.3315616120059533,0.2755730892909548,0.2607616780303183,0.2747813571848179,0.2925791585086388,0.26986663261225957,0.2440930817201223,0.0,0.2532733839649705,0.2682661607049388,0.2793568845699101,0.24829771826601335,0.26602134260486127,0.25266172784490276,0.27584668101414495,0.29643540741282115,0.3035273611436436,0.2637650538864454,0.29469705682067676,0.27767839944467443,0.3695635115949352,0.259517200154472,0.42410957671602545,0.21780809830387934,0.2436415976271082,0.26743329593838144,0.3188456159738584,0.23137291334862417,0.2692885022328935,0.3033703744924596,0.23630414084345522,0.24336820373183743,0.2848576285780743,0.25985559498869476,0.28440914360722597,0.2547040848178016,0.21150554957121745,0.3321927800431654,0.2537198494579791,0.30959067841315263,0.24812920386755044,0.25005013531588305,0.2542856801373681,0.24916722542971792,0.2475738930830089,0.25846354747597383,0.39074665597597813,0.24512867394231336,0.27281226809277137,0.25110237286774095,0.2432522724811666,0.27088089639011265,0.28157725916852266,0.31018045158611424,0.273065418279211,0.23456911117392587,0.3118808268373221,0.25101137957550823,0.2485690714565127,0.1996994461848979,0.23902105534067414,0.22456976158547845,0.2579661244078142,0.23756439137379642,0.2439098474782487,0.2569274463894311,0.2494596863066397,0.2742235132889263,0.25720090459073575,0.27475757015661967,0.2344076167554585,0.304733924578478,0.24572419171102253,0.26927367193969404,0.2332516425145713,0.2966282461933496,0.21575005178090056,0.2142733911593211,0.30927601862296966,0.2844192987377303,0.31491336686834687,0.24871595507865596,0.2896815816312165,0.29516544807406236,0.2516789004949033,0.26494381367483233,0.2826934283304215,0.2233460970192488,0.25095942621312306,0.2620129983388902,0.2960882330011219,0.23853314964926756,0.320708523252793,0.2899998932152618,0.19005460991849793,0.29427602853091045,0.2235906366035557,0.26178900606596023,0.22721699176398105,0.22392297124633267,0.2379808496940056,0.32681621636457725,0.2494635324762662,0.2465565276269007,0.24334554625282084,0.36508322366030044,0.2836847000355865,0.3070413659865872,0.2676133825439155,0.27018344342746275,0.28482204328767413,0.24804566380296686,0.23705919246021726,0.26520480223092974,0.30257145335896274,0.3440204374436166,0.3045081587817654,0.24087791245462836,0.2415650002909794,0.22392359002141585,0.2539794686075219,0.28879459879590097,0.25436645685045506,0.28295193094268634,0.2364513254720787,0.20280283727516346,0.3121933599883814,0.28775725178506184,0.28786640267624225,0.2540979873930824,0.21493937342459707,0.23401544348772987,0.2514966293428535,0.24898357832971174,0.25035026269967126,0.2929341140139366,0.342160703262409,0.2761147943546467,0.257804226195091,0.27090511805942913,0.3213560921852345,0.2720660100789489,0.2763367931424433,0.2659263229336607,0.25454170259128955,0.28635572940384696,0.4891844770329412,0.1805193769385097,0.2398448017768212,0.31672606762823435,0.23684285275209646,0.31065976631474695,0.29945475550073064,0.26188979962585246,0.2700169548849938,0.2961351921915848,0.27917628274239553,0.28722298394779755,0.33528286860684064,0.301130677790397,0.2795355272079581,0.25781880734658047
0.32292767451692395,0.2645840970890935,0.35939973822057814,0.29173987607912283,0.2981376691388572,0.3198068926916299,0.2400603298992612,0.26335523191689264,0.2854045781473524,0.2532733839649705,0.0,0.3093146005928549,0.32442644723684333,0.21932495359889037,0.2783224080678498,0.38526064866838283,0.34101532176163357,0.2885245457602072,0.2972293945990844,0.27408980291832163,0.33144310782642483,0.3973421818913223,0.2624812567686525,0.2630857651927728,0.3147246199643023,0.26912146484772187,0.2835248467261171,0.3150640676294079,0.2462906468949122,0.2968463747034888,0.26121241978467097,0.29478208752203083,0.2610744940262442,0.22085606412907977,0.2549259826962824,0.26993037908718254,0.3237858795869984,0.30083221497018064,0.28529543888429254,0.28076839548187943,0.2540927664080506,0.33024047368947756,0.2778444868415007,0.2943333490628977,0.2512514024622016,0.24411116328719462,0.19627539340914593,0.36402084638549154,0.28687530352388474,0.2660773839021404,0.31563106049752104,0.25677387257204237,0.2136042456945843,0.3137002186849046,0.3078785770616441,0.2217727551613098,0.2964564783346636,0.42729829834155003,0.23370593139090404,0.232838213503587,0.27138381432042386,0.1908814228335439,0.33840016637370235,0.2092816020208864,0.21239277228390524,0.24205298582293922,0.257101616279607,0.2623587522634378,0.29638862427731993,0.30843248053696487,0.30310661192998484,0.20339592575885868,0.2737549914493885,0.3389543436845809,0.3458172106605846,0.20539675809948957,0.30232690293646164,0.2585273479013057,0.23091999347045597,0.19213094940776998,0.2729974238554165,0.27301338657174307,0.2787356197683337,0.26663531513419714,0.25728978947075726,0.27800467840860976,0.2790096117214052,0.23746327779097462,0.22918058632687419,0.22448360187794897,0.3808947056259843,0.20417102288690028,0.31957336016276877,0.23235910171011906,0.26053812337009596,0.2698967766319263,0.20629361769309382,0.2157013109750669,0.18492306760462393,0.21726456735709623,0.213407455233436,0.235862979186065,0.2272818496475979,0.21839024152911654,0.2689860122361341,0.2512626834834326,0.25606729332061046,0.30215087928058915,0.23583275717659574,0.2899372247696927,0.31099128889852223,0.25907546591202185,0.27228510244028264,0.2887442972328311,0.24467536376833932,0.2928966147818101,0.23308343800115905,0.28896523436783,0.28745964562657367,0.23046762325490294,0.26771633248853666,0.2208330435951715,0.23313663180391087,0.2933201974265553,0.2194190037092428,0.2791275852065602,0.197735692967353,0.23697827021729573,0.2474753019329719,0.2482315817186533,0.24260354543883292,0.37262333669109643,0.22984580142247144,0.2592927823976728,0.32405936471382285,0.2311217562169144,0.23259465637120744,0.24561157155704802,0.31398968995482973,0.2881126817259663,0.25593867387594393,0.258792374317908,0.23580444009096121,0.2882758031493069,0.30784157903220694,0.22224611415208056,0.3096020763763867,0.24372700228296196,0.2756166055824797,0.1961595607077253,0.30490471397340796,0.2330478019561442,0.3604652838231379,0.24607224603148198,0.28522332197858224,0.27684051844213264,0.3198856312445267,0.2962198272679143,0.23147098692104093,0.25393711738489505,0.2166705606594624,0.23853947776485127,0.21031543070178818,0.38195226448552205
0.26390393908617293,0.3308996719855614,0.29817369478696965,0.3067958538400893,0.2245137286319474,0.36776568386506026,0.2887576104609481,0.29303244911120374,0.2603907825290931,0.2682661607049388,0.3093146005928549,0.0,0.2693586042877051,0.18361839930383683,0.3040628576025027,0.28508711571910844,0.2727582041740286,0.21968528077157637,0.3525445355798966,0.2665423684306287,0.3396867708934341,0.2951633134596427,0.2506980955904385,0.2904560506689215,0.3275842362010391,0.2710398833845488,0.23922503762402564,0.24385055732882308,0.25755349588078275,0.26037229277190194,0.31199696727120524,0.2897769115130601,0.33923113401435456,0.2708408234018296,0.23798773875744889,0.29315600787882873,0.3154738568926971,0.2745864477130554,0.35361561812268916,0.29118013319540204,0.36098013933349654,0.24695763475408097,0.2638447523594175,0.3400051087385037,0.2834990596674218,0.2888821638155431,0.24439283853476818,0.32414366610991185,0.27289694318839075,0.2734657019077566,0.3344705507869423,0.3212527630229785,0.21715974177166747,0.3956069686672396,0.35575747896103266,0.259881294560203,0.30159202952221614,0.3543317012271391,0.21502160339977294,0.25538079912902123,0.2637163620259181,0.20395289511618644,0.27995021064230224,0.19505771478843864,0.2222677738869451,0.24128270835681098,0.2603794486026408,0.2448788732725631,0.20139703342943072,0.22985642558385727,0.28391652986927157,0.21179718208210002,0.22205373471444387,0.2984911026640176,0.2680348823114277,0.2197977053723153,0.275574643034801,0.30267111195147167,0.2609334811874547,0.20446708156885604,0.277635010722921,0.28944656212884096,0.3119069746798757,0.2384696568085705,0.2815089585808303,0.33375807000546365,0.24700068365696884,0.23611285020564968,0.2772084805962122,0.28601378201616257,0.2804518054368445,0.26363933251868543,0.2970113378060485,0.261591101012951,0.23896563200524737,0.41809765381713676,0.22267982886143822,0.2905720745031149,0.18272911218430685,0.2549963234710172,0.22515703819621916,0.22175961526303195,0.2592773626075356,0.30394544043301935,0.24452223499976425,0.302448637504512,0.2937275741038017,0.2621504538879916,0.2794412343288876,0.32239756081754184,0.37199603609940024,0.2799713967608024,0.2698349607395633,0.2506649971616722,0.2709434718609747,0.2855430718514047,0.2591767809165985,0.27635038643751086,0.3066985391735188,0.20153750730538847,0.2504618666683736,0.24974954722501927,0.2385051052266639,0.3163871548507376,0.21131882758925905,0.4033698359934843,0.20646084648782687,0.2705330266150172,0.3153521656152117,0.2733571031463488,0.22462189764427715,0.28835938957301605,0.2098098742753994,0.26575698209918863,0.2999144086662392,0.22556854752722752,0.2963678604326831,0.28586869221805283,0.28585149341188465,0.305514060408284,0.25809011917824903,0.2288826921899757,0.2748113715085737,0.27842186624897386,0.3326004717839673,0.28978370464520276,0.41941419788115697,0.27840458773152593,0.3140859634010854,0.17618873701395935,0.29286252726373746,0.25796722439534747,0.25297150222447135,0.2903146820777602,0.39324481217288426,0.25698742989604234,0.29329201928963966,0.36172356423112645,0.24763086681943602,0.24937546315779338,0.21331053031501107,0.24255538655394368,0.22489912496892392,0.2826252591312738
