0,1,2,3,4,5,6,7,8,9,10,11,12,13,14,15,16,17,18,19,20,21,22,23,24,25,26,27,28,29,30,31,32,33,34,35,36,37,38,39,40,41,42,43,44,45,46,47,48,49,50,51,52,53,54,55,56,57,58,59,60,61,62,63,64,65,66,67,68,69,70,71,72,73,74,75,76,77,78,79,80,81,82,83,84,85,86,87,88,89,90,91,92,93,94,95,96,97,98,99,100,101,102,103,104,105,106,107,108,109,110,111,112,113,114,115,116,117,118,119,120,121,122,123,124,125,126,127,128,129,130,131,132,133,134,135,136,137,138,139,140,141,142,143,144,145,146,147,148,149,150,151,152,153,154,155,156,157,158,159,160,161,162,163
0.0,0.9558424552748405,0.9739688178871572,0.9126465703916428,0.9474968367294581,0.9687590561223753,0.7438448732283506,0.9381323078664606,0.9490147306204308,0.971511700626773,0.9845084867238826,0.9064694244422842,0.9789088727823472,0.9656077448870877,0.688398861031924,0.9867343748428596,0.9829203421930652,0.9832325478483613,0.9396457659657561,0.9826977885914587,0.9574435579161005,0.967542673296543,0.9262006411151632,0.672984638743393,0.9745335844768024,0.6833263762476199,0.9462313531541813,0.9781774931644955,0.9439397708403464,0.9362607362573226,0.7231406397558169,0.963768588696322,0.730705556650027,0.629324739730794,0.9934404683907547,0.9190686394508518,0.877986558124186,0.9695148351377315,0.5917202066837776,0.8605552662698053,0.770022120630868,0.9731825019939915,0.8347366612179499,0.7420732982478468,0.7601245972532952,0.686718099094856,0.7997653934892718,0.8145892909651365,0.9372076847379565,0.9606120183509979,0.8718950382896906,0.9318662568364727,0.9533130696533356,0.8506594837341849,0.8831982506154755,0.9461899533105255,0.9831406254114627,0.9569815351567412,0.8972894222289998,0.9338487470285034,0.8901889407922715,0.8500003745824674,0.9775253800061241,0.9592623492552537,0.879041372923744,0.6943234389071569,0.6910745883868029,0.7998412023139544,0.9712546961852905,0.9715920258501082,0.8530321846192835,0.9523379487390199,0.9809096278633145,0.9462003035867141,0.9650591372532085,0.6766428399285103,0.8490988323271369,0.8695782549902072,0.5929121298783158,0.6255543716606221,0.8806320795143537,0.9418899354137563,0.930755244499307,0.9569250515880305,0.9674787747482027,0.955034492263824,0.9194828424032164,0.8880941961072648,0.9258679574956218,0.6273413155833698,0.9671207480370487,0.697731536637409,0.9620460116436782,0.8639730774759212,0.9691426313412141,0.7973967771865149,0.6736514053209688,0.768275587959854,0.9502964060663842,0.7556048347932509,0.7180443129012941,0.6859048632180001,0.632474347113565,0.8018603235857442,0.9777513872360616,0.8323706904011223,0.7597680818778684,0.9734512528589794,0.6828552897749602,0.7134835961159197,0.7633926250565214,0.9582291425087306,0.9087277649714708,0.9514816024933567,0.9113828188389403,0.9711067439007964,0.9512816662514876,0.9738622486120563,0.9557556831604898,0.9672400343309442,0.971639816445003,0.8681927696032042,0.9118519928004712,0.7241257822650602,0.9541204255940741,0.6605294898742315,0.905600039564606,0.6838294013502852,0.9059358201570868,0.8211479723953795,0.9498392169203327,0.9705995755924152,0.9365636041213857,0.9590028473741555,0.7763431656327419,0.8176911848716822,0.8024019497717684,0.7877833064013456,0.901914407901458,0.8543669067766975,0.7990794047523321,0.9851800641226195,0.9446725620774604,0.9480246014370216,0.8335569690285737,0.7997366409808097,0.9481787737183581,0.6593871237573192,0.9725073549680331,0.9345964785489677,0.8508744313029857,0.9516556112023128,0.9640924982529573,0.7658523530480702,0.8150910245238036,0.7294896791751423,0.9284479823377414,0.8223721494795432,0.8657327210128306,0.9519790733418264,0.7263274084643973,0.9758654830516852,0.9630584548498375,0.981731009109559
0.9558424552748405,0.0,0.9605466767976982,0.9554138051265517,0.9276241320375485,0.9288071203635403,0.7777115583401345,0.9165705212499297,0.9100369455346542,0.9768124757679054,0.9710203380294233,0.8770566113788485,0.973568211670229,0.9678416000316459,0.7584688830647544,0.9503738364869208,0.9463685919574802,0.9608247294583105,0.8769228175829642,0.9310979854967213,0.9139007955789934,0.9717417608631198,0.9131412232277513,0.7240809647273272,0.9280797397455895,0.6959173214535133,0.9532142930652849,0.9468122979592759,0.9952203123366309,0.8927206376959469,0.7179629628535968,0.8995839281299977,0.821686592503829,0.6061048209548984,0.9630476270314219,0.895553255392546,0.8781470014066686,0.9419955010459309,0.6298206321939235,0.9161216792117212,0.8378261777074606,0.9237238007133295,0.779514245362226,0.7469778897144448,0.7636035523304592,0.6955207590894928,0.7653652803419393,0.8120279684082392,0.9230946922020286,0.9127076445612803,0.8495138955753206,0.8958468671824951,0.9500286393979146,0.8904244951828966,0.8914980625724599,0.9193489051112811,0.9394402133970001,0.9083548301555321,0.8851017281994494,0.9313344061438332,0.9078075953755094,0.799196241552471,0.9188532099602423,0.912090135784626,0.8320219196224343,0.6685536958722663,0.7243004061146708,0.8059859488188668,0.9300375971595575,0.939899396399703,0.8445149223668742,0.9501095249425904,0.9200559014837533,0.9362395830338517,0.9298274244871,0.6700312925575782,0.8495322679994789,0.9107360962621492,0.5903777170358379,0.6375620350185217,0.8658660790325042,0.901160416599892,0.9678686489329215,0.9479849664751192,0.8886739897810723,0.9502208031353377,0.8598851590588024,0.8407954596659111,0.8984665169621324,0.6846981738303833,0.9278125231388752,0.6731739584838642,0.9483098504959382,0.8498364698618877,0.9532950330344682,0.8425382677743091,0.6518343846498083,0.7160301551906572,0.8900874613435716,0.764046977180213,0.7765298234626555,0.6543528124157079,0.5960433279513612,0.7838238500922277,0.915149882635728,0.8114571637875222,0.7261395407369127,0.9362151662387048,0.7232325495169749,0.7296606001151954,0.7426018401791202,0.8945495925690117,0.8763211229022644,0.9188381271803736,0.9114711163562152,0.9692277075094611,0.8876124541631754,0.9254079667214774,0.916230554390475,0.9388710523346271,0.9675997097774235,0.8478259836865577,0.8536646746827988,0.764751896094722,0.9228824968733439,0.7155032172183793,0.8540700856475446,0.715041749073411,0.8870675498106122,0.8725472800455161,0.9091398092927774,0.918930713649964,0.9455496415373272,0.9417786857891094,0.7816789145293471,0.8465128828075738,0.7976537287726061,0.8423851934729851,0.9222102905980594,0.8415287881181676,0.8749612253389761,0.9356006060662262,0.9331709503477936,0.8999131994080999,0.8452211595071395,0.7436642421787631,0.9399773222355028,0.7420648444380818,0.9186365652168896,0.8855516369008893,0.8145947585935271,0.9531610340734508,0.9353951881752967,0.8007086701295157,0.8007359915933604,0.754291630912812,0.9689410274111083,0.8544254923205264,0.9478759044985866,0.9142191196041293,0.7839869142580939,0.9321819983605231,0.9330148615808186,0.9658361371776054
0.9739688178871572,0.9605466767976982,0.0,0.9336299804014705,0.9804555646689177,0.9435014306581199,0.7506342307232988,0.9394942615247222,0.946043253300809,0.9699942511472183,0.9804649169749732,0.8832465576201786,0.9681164846243062,0.9750251784135614,0.7116226032315781,0.9831944964795557,0.9807084140048365,0.985187511746789,0.8945925928319862,0.9431903575273478,0.9492657558399575,0.9884971191831156,0.9178313227833751,0.6681678779637311,0.9284333747331922,0.6899837259988415,0.9646497930448246,0.9591635924994201,0.956455789047611,0.9366201811076634,0.6894474704376161,0.93359116932941,0.7681177667896514,0.5955944827694609,0.9699506708371322,0.9389756297476832,0.8495294495221543,0.9746257734413987,0.5935170276792269,0.8783351511840914,0.8112394465056435,0.9682353059619714,0.8214098408226772,0.7227018100588204,0.7490987081450471,0.6828344969566196,0.8138945276273559,0.7878206651500671,0.9147535598553007,0.9704852245147473,0.8743153186589997,0.926917601632404,0.9677078031603251,0.8636384501515088,0.8794868128986325,0.9168368432353785,0.9604786463461822,0.9636321732703901,0.892146561815071,0.9421329757544366,0.8701906576683128,0.8669033913924039,0.9769632788970485,0.9604000819216246,0.8599308748041161,0.6634333486000885,0.6825949026340687,0.8038856688067044,0.981492624179018,0.9677113550088045,0.8539565356145312,0.9399444249918912,0.959851821001735,0.9514748496210389,0.9645111576721385,0.6258461723831448,0.8494267665913157,0.900560204987622,0.5825550073577531,0.5907667748971603,0.8534452295640617,0.9457010735369077,0.946676325755434,0.9458716782827707,0.9394937668133333,0.9570276237266521,0.8732439391567429,0.8814167493314962,0.892259217830113,0.6194526813851027,0.984110824558214,0.6865116519503439,0.9753964927815022,0.8039675767195708,0.9777816747302311,0.7925614584220538,0.6612177014092627,0.7322765621528209,0.9453354654478529,0.7450763852794406,0.6946729825003928,0.6743075319357347,0.6222646411183206,0.7917784417940459,0.9701722249467212,0.8327453192058138,0.7508091196590971,0.9546997280273621,0.7008112714098861,0.6825347842949537,0.7310386666623334,0.9529921272396028,0.8741419408953935,0.951943875248157,0.9062388934756329,0.9794616370380838,0.8920455290659749,0.9504749134353516,0.9409733479957468,0.9739318437111969,0.9905382365282391,0.8969203770652466,0.8554868266565626,0.7149134561446223,0.9114299229654133,0.6574079861017923,0.9164493527305493,0.7008311320907172,0.8897408309319065,0.8489291300964955,0.9472301610056063,0.9754975231399908,0.9048913123830177,0.9521126577837885,0.7415692861018486,0.8031626601157567,0.7655079476527308,0.8053802563328318,0.9073585383407604,0.8491011592290533,0.8000897975811165,0.9744489257834571,0.9476550335563063,0.9626382058595107,0.811148814269327,0.7813835102275821,0.9788102651308125,0.6848434122910038,0.9434818542952768,0.9325634463887388,0.7939032734426409,0.9379417921105664,0.9697138322481926,0.8049677077999826,0.7943226554605709,0.7066378742647239,0.9030259101588158,0.8199982312822571,0.8635723409312287,0.9256742649859006,0.7373982340119623,0.9222549226457128,0.9550583916240574,0.9735092245996381
0.9126465703916428,0.9554138051265517,0.9336299804014705,0.0,0.8974991651278665,0.8660880412762003,0.8519407763622197,0.9266443087365991,0.8462089057788966,0.9657370898508566,0.9202410969402235,0.880041337975258,0.9609928174536911,0.9420893996859594,0.8478582653836156,0.9142624675750138,0.9050775230824595,0.9311689563854451,0.8398649680979847,0.888063923528307,0.9107105815674114,0.9283864381288363,0.9278818201709411,0.7588136052161857,0.9057626558854255,0.7663058732566578,0.933060260936443,0.9021214759982318,0.9430825625513346,0.8358642990466175,0.7722764111421522,0.9007512144744663,0.8985331317818619,0.6507395205815749,0.9258714668600653,0.9451598813473028,0.8956344914281167,0.8946420100047014,0.6815244462877627,0.9621248342199082,0.8773642329654484,0.862794420120048,0.8390660925831329,0.7727798901027548,0.841755477781392,0.777468317746366,0.8054053917509509,0.8176854130889211,0.944903378268575,0.9254030513829341,0.9171458993389671,0.8931575795979034,0.9123153323177748,0.9533010699204619,0.956790963242169,0.8639954677231244,0.9191671074512467,0.8674721290575113,0.9232057054478267,0.9705378951531286,0.9195677753431857,0.8489288389621927,0.9019922650553684,0.8991558765717962,0.8722475787571666,0.7211780355544116,0.7873175927926841,0.8451271952241335,0.9059764575830359,0.90385349662241,0.8825648300578184,0.9606975546603538,0.8887811442883584,0.9711003597447152,0.8722460148376137,0.6931773423622969,0.9240161457430185,0.9426918166794135,0.6303345111902103,0.5981422123374238,0.800232149280481,0.9251319887733128,0.9189431498682785,0.8993763278252015,0.8815004849475792,0.9122523424742938,0.8439536990455446,0.8956616330657314,0.9344289166952535,0.69887336557568,0.9062501359154052,0.7390062331525745,0.9410937662562467,0.8488896285557707,0.932757237972182,0.8538897964143313,0.6969999409898093,0.7342494065680351,0.8637073860566306,0.8448633676178697,0.8039883611216769,0.7402479353517757,0.6680614461182091,0.8212519049419527,0.9075197143113545,0.8615968083417795,0.8067532758110181,0.8818677326277937,0.8094601362840819,0.7315571766877508,0.7901831786755193,0.9040776072174218,0.8695916894843062,0.8653694378382922,0.9366537380710757,0.9231128043819112,0.8464381688403355,0.9238225733734194,0.9042879775280509,0.8888732566810745,0.9392439142512863,0.8998839890475213,0.810289368744609,0.8048633413212597,0.8327445641274241,0.7603982543018543,0.8776189017194722,0.8074454722697301,0.8981902413516824,0.9453348638283696,0.8385139235608275,0.8673344558116176,0.9004509554241853,0.8653837617825841,0.7940751175084936,0.8292166818812863,0.770013294687264,0.9113072630226967,0.9458539362149484,0.879699531147816,0.9024046904549275,0.891964681650421,0.9473621619339471,0.8818066499365816,0.8591031320613715,0.7954704699014854,0.9049309527263322,0.793979354276358,0.8866527665416793,0.8156042625403974,0.8318933467430079,0.8802494011880702,0.8953413352308938,0.8825028597096637,0.8219754944883664,0.7894229433901696,0.9281325875057389,0.8742804764654524,0.948970434662291,0.9218451534695091,0.8289070906583368,0.8491139644047696,0.9402024896334754,0.9001212647630648
0.9474968367294581,0.9276241320375485,0.9804555646689177,0.8974991651278665,0.0,0.9129244813792702,0.7387031723277799,0.8957431016835867,0.943833116734844,0.9413544119503786,0.9628714155077097,0.8683757157945066,0.9239494436840108,0.9516924482332315,0.678531685779012,0.9696213416248505,0.9751469402195938,0.9709326688358526,0.8924614459066562,0.9074035366558991,0.9231939234350262,0.973053015168259,0.912373540918051,0.6331390324287905,0.8889970877550736,0.649072007913266,0.9595552422077448,0.9478532775080709,0.9359260052270276,0.9600365570464725,0.6453049522460463,0.9173498962544743,0.7286758749236396,0.5724308040466075,0.9363839675480439,0.9120582555863886,0.7934005627883002,0.9593611205920892,0.5747933505329057,0.8440274465083749,0.7820323489493811,0.9695597249773451,0.7908450633327528,0.6807256181616698,0.697984328151447,0.6517679556741602,0.8053620796964883,0.7345303590891117,0.8929150968448079,0.9599703143341385,0.856320903967197,0.8907238445319521,0.9754062029485353,0.8198510593532521,0.8472583936961146,0.8750769479450085,0.9437378716821075,0.969355513239221,0.8651057437291825,0.9260539104788128,0.807323256550091,0.8586311103024488,0.9522628379145271,0.9437565204798563,0.8321336486883992,0.6216453762699431,0.6346549978669386,0.758998860266455,0.9720146311585659,0.9429454404714516,0.8020648430264917,0.900805496179751,0.9340748808211523,0.9206284514650115,0.9585343106435548,0.5957290721820412,0.8232151320953832,0.8909760690589036,0.5509431329833393,0.5712545893291122,0.8054951935139629,0.9167942148267447,0.9304968836543702,0.896236289313228,0.9202564167765275,0.917360059909471,0.8183425116492159,0.8658995511788435,0.8566285735028567,0.5716243723151966,0.9892244025150906,0.6697414404283452,0.9819761322460256,0.766931658988959,0.9612707549725332,0.7338503316195709,0.6121706631667805,0.6907570773625529,0.9415351956805168,0.7045007387990596,0.6464240763638094,0.6447257062685616,0.6017807091132366,0.7478359671072748,0.9503499226946909,0.795222667595125,0.7219081548186876,0.9331818699972385,0.6755501786530551,0.6394731150115988,0.7044243977696457,0.9345705701883363,0.8212840380749191,0.9531284380856496,0.8608850255984379,0.9654357042979151,0.8696578986443929,0.942943972080931,0.9017948019880819,0.964261644821213,0.9814866818565086,0.8629033232343709,0.809866511202901,0.687039069836417,0.8778955700033135,0.6202182999079201,0.911514065017839,0.6681166196387639,0.8432294459037973,0.7981582154426284,0.9500081249931143,0.9680631266672962,0.8582322791819732,0.9348523330879267,0.6781784048952519,0.752201324260688,0.7287232514974389,0.7641543412431028,0.8619680539923774,0.8396752327619541,0.7359045574185146,0.9639923571414977,0.9371971484131346,0.9603087881538066,0.7554035051275759,0.7534776744697994,0.9609537010118678,0.6670209721492454,0.9088160487372977,0.9395502771124752,0.7414391954921103,0.9390744898151837,0.9743580994821182,0.783376901953005,0.7523849106548365,0.6483590621728126,0.8632281448920218,0.7779414326328605,0.8152456812941253,0.9157870045580041,0.6891289008307191,0.8950575161758382,0.9072720410436014,0.9585777211866553
0.9687590561223753,0.9288071203635403,0.9435014306581199,0.8660880412762003,0.9129244813792702,0.0,0.7096474081766035,0.913547724791491,0.9333622573759216,0.9239625924846492,0.9622999853600303,0.880918973641939,0.9525842452206742,0.9201835316282012,0.6733758266211101,0.954789449789627,0.93251260966938,0.9280787325883303,0.9031605587258422,0.938898437922257,0.9238346706175082,0.9453366037104524,0.8412071499647088,0.6595996066958256,0.9391294265277518,0.6632333562673821,0.8865170311784211,0.9229949442181803,0.9160147061051255,0.9082653806664719,0.7335062759514278,0.9329613750066879,0.7111161148350411,0.5974950931853864,0.9449495713632338,0.8548369133543869,0.8859568673980331,0.930771439535839,0.6114014839660733,0.8038926885800041,0.7248615765417791,0.94569769356255,0.7993178381957955,0.7566506890979805,0.7221207022637794,0.6491793094214063,0.7555833168393576,0.8402699132004725,0.8755813525838265,0.9005945300169843,0.837639225708328,0.8942151318146915,0.9082583407940734,0.8343518175766167,0.8530063548011044,0.9562602416252631,0.9371224117596141,0.9302358800399744,0.8341851362156766,0.8648114228007395,0.9073408364629866,0.8260495884991861,0.9531408726313063,0.8877655162349932,0.8461075943586922,0.6846140147691682,0.6863143952588168,0.816566355326168,0.9159309126187116,0.9517121563419859,0.8651814978985851,0.8878641155687802,0.9432249788423986,0.9020224846597144,0.9348397041953471,0.6734168803611787,0.8316257021680618,0.8451780186153418,0.5728787167780506,0.6807833147692947,0.9302055465987713,0.9213844930253362,0.9460288510908478,0.9373891488056533,0.9116529370296912,0.9159416264676089,0.948524547147868,0.8354721741040106,0.8700969768622071,0.6591334200163771,0.9199334367076533,0.6720854733513435,0.9135991126661335,0.8517201783938038,0.9284480982328409,0.8320249682580585,0.7134296144840172,0.7261669848849722,0.9032573707001377,0.713575930936834,0.727405309207912,0.6846593016551092,0.5972732071084624,0.7430193747276731,0.9283242941254344,0.787388033314195,0.722439917582901,0.9192053204519057,0.6408579941386213,0.7243911841092986,0.7485580283668904,0.8941123127757441,0.9136985121936666,0.918877240907928,0.8569336403472869,0.9267357242754215,0.899508015300137,0.9241489153766204,0.915911157926682,0.9290406579569012,0.9329991047495101,0.8537859775085141,0.8866007210504881,0.7362370096506242,0.9661584540258212,0.6685988985805932,0.8558217207618186,0.6801892497911242,0.8484725955938094,0.7793101653554828,0.9212341083020111,0.9644235243223379,0.9472190111973511,0.9569927306911118,0.7916926303190381,0.8448848223610275,0.7923270069196396,0.7380508942766769,0.8311904723605616,0.8248524366619806,0.7996531410039437,0.9624337613354362,0.8939195118038856,0.9106298203955687,0.8376238899287622,0.7478062584016145,0.9567005103600116,0.663837420146354,0.9200365842630702,0.8959754952839432,0.8477359442454323,0.9284421826446634,0.9145672754401986,0.7164437826920265,0.7887727772316048,0.753446134376389,0.922657727496887,0.8308062531298263,0.8401071953858645,0.9220923177788084,0.6968212783844351,0.9653161381849319,0.9369185665288302,0.9635528731537687
0.7438448732283506,0.7777115583401345,0.7506342307232988,0.8519407763622197,0.7387031723277799,0.7096474081766035,0.0,0.7111259554054161,0.651069848657632,0.8259805558579829,0.7215873028203009,0.7503061109521174,0.8042323190661087,0.7779988374415279,0.8859658950018339,0.7279604463600405,0.722895193150301,0.7421110505879189,0.678060418543351,0.7158755941339866,0.7906537702138378,0.7341379821206081,0.8016598859178892,0.8015918814645806,0.7740145942355608,0.8299224806112601,0.7271368304664991,0.7078370759337822,0.7623418837977801,0.6522736117086474,0.7696118214647382,0.8105454992511125,0.8433816107042055,0.7298022838384414,0.7591701591418354,0.83285818627978,0.8396900145922103,0.681144540462732,0.6863148724984717,0.8971633018336228,0.7550979842470189,0.695883098128558,0.8062228701169826,0.833143465284116,0.8448765919410244,0.8376045428351393,0.8541125916473244,0.7976838601676727,0.8725115919034427,0.784869360610471,0.9149455166103035,0.7827668872786985,0.7380917728959246,0.9155635919917007,0.9087036866337465,0.7714467374065359,0.7536452976471745,0.6720446519211183,0.8989127812512386,0.8405275121269102,0.7805574932235042,0.8224553565582845,0.726059150727658,0.7561590418142081,0.8837110463147564,0.7969337227520567,0.8850863702843504,0.8836217134062528,0.7234381033373578,0.6884654413084056,0.8564709877119355,0.8397156521135133,0.7489829555915268,0.8659725396220623,0.6663794640769869,0.7970556147251768,0.9265923016033781,0.9012811284426221,0.6073920405146983,0.619766229691441,0.7032961904765724,0.8107180805370608,0.7479920207878946,0.6838117067009614,0.7559942960369938,0.6977899923568887,0.7034558485388841,0.8640134466264938,0.8256870488651903,0.6977755022633946,0.7344037191771571,0.8910372565612343,0.7802257637545508,0.8140573197628145,0.7838185469563443,0.8115555884188771,0.6715938952338678,0.7363677485184827,0.7456541712750768,0.9308195060375998,0.8223256873416027,0.7784488217685749,0.788846220944207,0.7368701199457177,0.738516751944465,0.8087024670533501,0.8419643697418197,0.6949506362798888,0.9074192955019811,0.7882775234634605,0.8938082546085829,0.7738706630327019,0.8164140749002796,0.6614156597188506,0.7902021574373964,0.7210060764183591,0.7249594822777677,0.8001262984089037,0.8081181044622914,0.6966769106660262,0.7667913004077153,0.7096817110343488,0.722310623565843,0.8629325362490601,0.6835176566288089,0.7719161606406227,0.8117370029827047,0.8501823734802659,0.7942896509777027,0.890845099839471,0.645562559647025,0.6819561693966693,0.7047255743730784,0.6621546123802122,0.7498509820230795,0.8237670803890288,0.676658948495536,0.8937707260159385,0.7871394315589112,0.7288088734112841,0.7996118241823456,0.7420395432861496,0.8496955421335207,0.7230130835280802,0.8264708072834717,0.840805184349022,0.7124898093035559,0.8057458936483803,0.730663250684721,0.6269727231614385,0.7449890944810399,0.6919257667748768,0.6988846672076171,0.9370061320936452,0.7387485341512893,0.7738019566538065,0.7687666760707632,0.8287927085545743,0.8411188597379095,0.8471195026784605,0.8775619614630257,0.6897121586260994,0.8053400304244631,0.7047565654974954
0.9381323078664606,0.9165705212499297,0.9394942615247222,0.9266443087365991,0.8957431016835867,0.913547724791491,0.7111259554054161,0.0,0.9055693635032038,0.917025114230569,0.9478976374836143,0.9196551848571145,0.9457878510736162,0.9063793101849347,0.7335576787457874,0.9537704101469301,0.931511737734967,0.9401236203277155,0.9160382321412056,0.9371830343463466,0.9203835968486828,0.9289525313143612,0.8947847861402806,0.6839254767173112,0.9245126662184016,0.7056376589179346,0.9317468121122061,0.9377711019495218,0.9034664556115269,0.8951880590380416,0.7728388726737072,0.8985567031539548,0.786738626269073,0.6300546075802965,0.9305883856051679,0.9106327373078068,0.8653325555084266,0.9502157123848175,0.6625590981885984,0.8487008426431442,0.822749743943119,0.8928780211528526,0.8487940690068242,0.7242207320800979,0.7935487580077336,0.7192236833613703,0.7474222501727505,0.7987013180022215,0.8860137597089675,0.9247220023002451,0.8520669787044808,0.8973386698758022,0.8978061392293838,0.8604765707514681,0.8875047890859539,0.8494304046015244,0.9492428763913284,0.9371743750142703,0.8326491888226474,0.9246418772583334,0.9178854906395038,0.8203832158572847,0.9593235338985154,0.8945744203704564,0.819708108524296,0.6953908143709325,0.68987774524288,0.7725224648896419,0.9268973454824532,0.9710450364116381,0.8406600400304777,0.908652932787929,0.8998240512101636,0.920858852647619,0.9317665346137242,0.6469313281526857,0.847656676122941,0.8443185787181396,0.6535830528109902,0.5920282279268527,0.8229869042446978,0.9138411744148813,0.9100014263492635,0.9626836224073031,0.9115192867307871,0.9607718984184547,0.9196958059602677,0.8466639517265401,0.9248057698381009,0.6576739387032161,0.9213280928411373,0.6613935182471958,0.9269490524652314,0.8270640449751324,0.9027336456548894,0.8049387885053921,0.7294028631554788,0.7348315804896901,0.8600049312004933,0.7479990539360631,0.7244013453577344,0.7396455021808425,0.6277555828451288,0.8319297597553476,0.9443065331800996,0.8474212309917791,0.7802664993615377,0.9252475295418229,0.6958258444490939,0.681598646168776,0.7307692662603478,0.9161585120453953,0.8418457063617044,0.9203712799592632,0.9309001458868538,0.9401439865008548,0.8797131140391612,0.9216526450257291,0.8844318738752305,0.914579959931417,0.9304785054662534,0.9640360999489704,0.8338558183702962,0.7305327072102974,0.8590821733729173,0.7070390795037556,0.841277095916038,0.7436917029977154,0.8853949217612187,0.8413747018058796,0.8963411194798788,0.9301146793362027,0.9422061403133966,0.9173831775053486,0.7910154976377564,0.7662971697619847,0.8042491132362398,0.8006292867219488,0.9157309053893848,0.9274329966999301,0.8336940288565722,0.9065448029757986,0.8841673337206443,0.8970388883225704,0.8224200723060534,0.7560353455796036,0.9446384183621039,0.7019698713830842,0.9246960461019801,0.884732540542789,0.8720301101612004,0.899494710344043,0.9279315442606493,0.7550750927114932,0.8455076890779829,0.761785462359149,0.9067699790281015,0.8317579177045221,0.8469169657589707,0.8867962524867458,0.7128674147086619,0.8910400752318881,0.9435362694820221,0.9332574983972324
0.9490147306204308,0.9100369455346542,0.946043253300809,0.8462089057788966,0.943833116734844,0.9333622573759216,0.651069848657632,0.9055693635032038,0.0,0.9033847876800198,0.968045506259218,0.8218864401726717,0.8989084761186029,0.9387559548851727,0.612095233765527,0.9510117304618075,0.956067508729726,0.9580177242173655,0.9006014963823562,0.9129536638708313,0.8590982315972784,0.9673806360569271,0.8492273213026933,0.5738820898953427,0.8737320230454825,0.5788206866391865,0.9508313614580208,0.9555602017957042,0.9123098031834577,0.9785747775083599,0.6292651469458449,0.883464338705447,0.6685393952139976,0.5308473923091035,0.9318445184882271,0.8423754914763537,0.760972331467667,0.9741328739234609,0.5433446557671316,0.7612395351508223,0.7044435113682546,0.9822216492316405,0.7222094073733999,0.625076747844246,0.6447972127440007,0.5825559273977824,0.6974229412015501,0.69672318120807,0.8290283590934284,0.9065565816958884,0.7716717675537699,0.8231893131186143,0.9638355300512932,0.7507160924562849,0.7821542911985683,0.8676337024297506,0.9170705899972814,0.975339096196264,0.8027279263429015,0.8593177164123483,0.8151584956180221,0.7964549177736291,0.9317420782563482,0.9115391120397027,0.7732380526676438,0.5827315836620336,0.5968351930848105,0.7023960835617292,0.9634377874892189,0.9756455427280062,0.7505108762668713,0.8566378141522724,0.9365095117069184,0.8562856486386735,0.990835861111936,0.5713564869933799,0.7531231309547979,0.7827298781659818,0.5216644438506728,0.5626355802916697,0.796309540552711,0.8886745119934025,0.9049224337015528,0.9178471489467628,0.8878749727020863,0.9137675438581038,0.8561670899442899,0.813055889565194,0.8202638931257896,0.5628404487084794,0.9604194834194452,0.6154030633227823,0.9334448135655249,0.7407251136305911,0.9401797744772946,0.7058154371066835,0.62250933226937,0.6498996124629228,0.9258891513731838,0.6413288031729495,0.6284511328977613,0.6083559703857006,0.5480366664614786,0.6957957295717476,0.9435743455476167,0.714959404592062,0.6491180280978819,0.9320917540545465,0.5877071299829506,0.6001207169268187,0.6406185990982353,0.8858660286898068,0.810417825844216,0.9938644710970524,0.8090495811044386,0.9478483445212623,0.8595033250291942,0.9026646194268629,0.8499863971810628,0.9854480405419519,0.9283000977091865,0.8574481648185607,0.7978519128466365,0.6246766184118463,0.9326712361924342,0.5778702793984601,0.8581212700299249,0.6004845246624718,0.7874397709396017,0.7252503061890258,0.9937281966488826,0.9779178540729824,0.9022645929765756,0.9880169306793277,0.6662072174722765,0.7125787489837581,0.7025707258787933,0.6833100516541484,0.8127062255419104,0.8033474941791764,0.7256398322290732,0.9600278831938593,0.8896179747939237,0.9601589576197435,0.7096178938834968,0.6878782713985107,0.9419455793832299,0.6015419009617343,0.8905625558687839,0.9702803720518438,0.7417038612491303,0.9656315170442985,0.9758910775953686,0.677974220158629,0.7026029673548492,0.6358171668836764,0.8605414800671195,0.7125253165617197,0.7910876042654208,0.8718450144024026,0.6242501098171364,0.9344307988319661,0.8713999096606703,0.9685573214332066
0.971511700626773,0.9768124757679054,0.9699942511472183,0.9657370898508566,0.9413544119503786,0.9239625924846492,0.8259805558579829,0.917025114230569,0.9033847876800198,0.0,0.9609614092252544,0.887259276460107,0.9856098811455996,0.9833606361599263,0.7607744923584778,0.9574004826107216,0.9583106451574255,0.9740854254724703,0.8853745152613322,0.9427169589644,0.9464047926019628,0.9641654233965765,0.9465735343292477,0.7163994752316741,0.9538780106304512,0.7244387182714306,0.9515736741443046,0.9495978495937556,0.9643231297244882,0.8898789379990267,0.7344624592083507,0.9549709148454757,0.8051497705557759,0.6423434769384223,0.9809132994853484,0.9505271081908669,0.89381622092466,0.9348585859019485,0.614082717382179,0.9309385497746521,0.8158583817856646,0.9373290474627344,0.8368965076056502,0.7657443490621334,0.8000463040633328,0.7291093924683243,0.8322721004006778,0.820553348962264,0.9682977517193628,0.9619536908883612,0.912978998531686,0.9245652552584331,0.9564325342259485,0.9115634159052071,0.93076227183497,0.9350339381763169,0.9587264395199272,0.9118270709176041,0.9513636713902299,0.9683636965320466,0.8995417500243231,0.8702805206960451,0.9415401926088236,0.9574020920726916,0.9056443195292199,0.7109567234792304,0.7496333653614364,0.8411447291785887,0.9559737585263659,0.934369827837098,0.8788413036932933,0.9830414903351717,0.9599312096715168,0.9789979804697161,0.9230050748003418,0.6962650398867792,0.8978572084724994,0.9267976236486561,0.593798850512779,0.6126819204303698,0.8480635881014362,0.9504432820948414,0.9317820566979567,0.9223813629756026,0.9393331692821076,0.9315020418904657,0.8727949141624181,0.9195780353891554,0.9374402262860956,0.6546391278109611,0.9533195757619228,0.7452100473037816,0.9693935792484158,0.865753204874718,0.9808200715317016,0.8291036091702192,0.6708532527472917,0.7648144256094557,0.9387749478223812,0.8170051050137542,0.7637227163580775,0.7012742308723515,0.6610054229776043,0.8111244856399378,0.9542756110040164,0.8489082035641672,0.7851792966959315,0.9376831619862318,0.754050795037071,0.7348880420353179,0.793188431741998,0.9483073023416517,0.9140443387383658,0.9132335689209783,0.9239013880159841,0.9571280947360946,0.9126345963382777,0.9687384552919189,0.9579802372814262,0.9443413799220713,0.9715084311907742,0.8620983672231617,0.8761825831959295,0.765018324617209,0.9111292054776193,0.6981188162082752,0.9248608460522478,0.7324880913582626,0.9161573461339971,0.8920961555454034,0.9025926778348717,0.9230455886771625,0.9110815963274626,0.9163714702781504,0.7809474906176112,0.8445215329981203,0.7787260524014697,0.858610586292218,0.9308798361187327,0.846483730189405,0.84796216747496,0.9613981196783342,0.9803959296044031,0.9353257221865533,0.8530200486640127,0.8223339813278908,0.9266787428281873,0.7169325791645219,0.9424535299249596,0.8802171966960066,0.8303127477842149,0.9286322304822753,0.940165260279226,0.8482896359860943,0.8098457495479289,0.751237716995145,0.9349097170526542,0.8480983046200713,0.9252682622377162,0.9622417457856964,0.7971213359842322,0.9246045339980772,0.9650581406410372,0.9492315872014135
0.9845084867238826,0.9710203380294233,0.9804649169749732,0.9202410969402235,0.9628714155077097,0.9622999853600303,0.7215873028203009,0.9478976374836143,0.968045506259218,0.9609614092252544,0.0,0.9018953233803575,0.9659617377968142,0.9636140747193939,0.6920613787936423,0.9898975752611969,0.9839954035012181,0.9855857762956864,0.9359951086695613,0.9603457480838864,0.931418864664574,0.9879677927996432,0.9147380189997375,0.6626841312392889,0.9407647858595403,0.6555084494034709,0.9710173423983923,0.9830784759411763,0.9704039390857204,0.9610290634964975,0.6988940802887283,0.9256619737894866,0.7481635764515273,0.5901886010572825,0.9739884341088639,0.8953150976733144,0.8481673482824762,0.9860761381863872,0.6049632490267278,0.8538367587692842,0.7902788115385652,0.9723100842657437,0.7924876724219206,0.7082259537865365,0.7261184984613209,0.6605587147493208,0.7551093588127867,0.7830781484623541,0.9075436773633155,0.9408785109177944,0.8403261316312255,0.9001333939599185,0.9700780987232076,0.8398256785693922,0.865312064498235,0.9108713873790318,0.9717645951944772,0.9748284476549972,0.8572819231439314,0.9247716128152335,0.8850027245225877,0.8156963862148056,0.9661285569563168,0.933024347745738,0.8255644139844849,0.6470496408844278,0.6628471433821586,0.7679826271958426,0.9686494268745823,0.9875403812800776,0.8202862724284228,0.9259113951638436,0.9493070203863052,0.9257501550635481,0.9836759199041796,0.6357112213933505,0.8274173751060461,0.8712020374057448,0.5788749128628133,0.6158195486781083,0.8602465603713619,0.9180080950502284,0.9631334295545813,0.9657059123197643,0.9274816106697326,0.9659091331952683,0.8926191421426831,0.8470530317042562,0.8962066623410836,0.6259173137454949,0.9702938053981064,0.6511007318029739,0.9711689532591,0.8285319761226095,0.9611534274805514,0.7877397134853349,0.6509875051776003,0.7086098473112411,0.9214032747815586,0.7152387486487276,0.7064518071896185,0.6572421194571182,0.5866228837815746,0.772873912096974,0.958583646237786,0.8002308048326721,0.719108720572223,0.9683054794749147,0.6654822930110498,0.6806539559155322,0.7178390696175881,0.9252460838080342,0.8615967615020832,0.9747225012767976,0.8968728199156989,0.9884681715750449,0.9134679815917248,0.9526651035378109,0.914017672869971,0.975638856987029,0.9802636060193873,0.882066921661586,0.8592586361452816,0.7149610019185094,0.9408055185392643,0.6617748746167292,0.870906300873577,0.6764207848239552,0.8712991059197762,0.8099528032072201,0.9669048719740276,0.9783993608094452,0.9516424663192425,0.981891828607104,0.7473913275258999,0.7914262989305411,0.7888250292373009,0.7754259076495471,0.8949714182264615,0.8696217285839788,0.8040126861694437,0.9711621725777405,0.9275177727727404,0.9429784501810164,0.8042202244854231,0.7387513291200497,0.9716228422166271,0.6806092283146018,0.9433312647628326,0.9486873908620771,0.8170578302305125,0.9793484302557596,0.981242045360273,0.747528860092793,0.7935718008194453,0.710827266587609,0.94081776760433,0.8139797400828294,0.8715390114302863,0.9244325746698211,0.7045448540312269,0.9609731317690197,0.9347943070490186,0.9973959686028285
0.9064694244422842,0.8770566113788485,0.8832465576201786,0.880041337975258,0.8683757157945066,0.880918973641939,0.7503061109521174,0.9196551848571145,0.8218864401726717,0.887259276460107,0.9018953233803575,0.0,0.9134038151371758,0.8354171787422126,0.7452156402400602,0.9308632866715507,0.9051140444184171,0.8890264325793146,0.9519623585102542,0.9266635651197194,0.9501203415742021,0.8570400514368615,0.9232947843187844,0.7619428951085407,0.9418299056649745,0.7505875009571505,0.8646114627379783,0.9079226174698976,0.8724100905882899,0.8588013157533233,0.8113991233136397,0.9016042583527413,0.7599397243801768,0.7259634422589213,0.8941724271173838,0.8762422148619313,0.8819905311705241,0.8840229295686991,0.7132826098053541,0.8598025107142968,0.8346878191752383,0.8420286552389428,0.9013927631861548,0.7933602353120169,0.8211568800491231,0.7890669831807531,0.7967639539961515,0.8447991673002814,0.9211613538721576,0.8925954582977078,0.8738805747486642,0.9268186537591572,0.8412007910338455,0.8589067326710165,0.9015580896540493,0.8304449109324726,0.9563945311040096,0.8897998101841417,0.8177338796325473,0.9159946427795225,0.864079088111706,0.7843727308139679,0.920539726589224,0.8510315654442863,0.8254772644399443,0.7470687053003736,0.6885874124365697,0.7659920859713596,0.8582343218066366,0.8897644253091244,0.8253077409459386,0.891174827688111,0.8463331071044793,0.904101492322812,0.8631056976480513,0.7264233774653849,0.8607569998027044,0.8815819977448115,0.711735736016321,0.6692929069672886,0.839740825713116,0.8505899577512653,0.8894363899425667,0.9034741409448486,0.9141724503578964,0.9145711060024002,0.8709280013760771,0.8216732704870612,0.9462644663159021,0.6586421096456019,0.8717864071239977,0.6746386367577543,0.9059470375956908,0.9081342246431562,0.8394740581814515,0.7998588531768535,0.6769227713946463,0.7882298493943071,0.8112423310290084,0.7732153346006055,0.7399176594949974,0.7563444405559612,0.6583156821104575,0.8769642603657058,0.8849282466178651,0.9035365659940975,0.839270060319638,0.9069856996294686,0.7430083050879747,0.754259529215008,0.8192193731444496,0.8990359385780569,0.8149825251722129,0.8447847346333103,0.9413821103137361,0.9044118065899394,0.927225720458259,0.9347372799046785,0.8868971947367736,0.8332762769702844,0.911347006350405,0.8553026979019894,0.8704576048850535,0.8126547744271808,0.8107018468157712,0.7639808435560383,0.798539442629911,0.7748337458280576,0.9161863087790187,0.8169678244069409,0.8291919824555036,0.873397226470727,0.887267470030369,0.8400123792438003,0.8128935433775317,0.7831513220897546,0.9023485758738811,0.8210898428483758,0.90262529957434,0.9636913138837181,0.7815680099084631,0.8635909461769171,0.8494473594602717,0.8147189109296239,0.8672010720170878,0.7849312965770424,0.8846629501242409,0.7418710759828178,0.9262031210429353,0.8360092948026917,0.9060586364248,0.8653938147889954,0.8766041839488877,0.7615140042552935,0.9295363653677947,0.7646583616839813,0.9031697573721017,0.8949582555413661,0.8144531259328824,0.8989079382985855,0.7244015859392292,0.8766743941679772,0.9159197229920869,0.8952029402083815
