0,1,2,3,4,5,6,7,8,9,10,11,12,13,14,15,16,17,18,19,20,21,22,23,24,25,26,27,28,29,30,31,32,33,34,35,36,37,38,39,40,41,42,43,44,45,46,47,48,49,50,51,52,53,54,55,56,57,58,59,60,61,62,63,64,65,66,67,68,69,70,71,72,73,74,75,76,77,78,79,80,81,82,83,84,85,86,87,88,89,90,91,92,93,94,95,96,97,98,99,100,101,102,103,104,105,106,107,108,109,110,111,112,113,114,115,116,117,118,119,120,121,122,123,124,125,126,127,128,129,130,131,132,133,134,135,136,137,138,139,140,141,142,143,144,145,146,147,148,149,150,151,152,153,154,155,156,157,158,159,160,161,162,163
0.0,0.37353405804169926,0.3265394373126542,0.25701348278741504,0.32791718283525134,0.2770679440818342,0.33149267730698767,0.27837115973361953,0.4204140342686203,0.267888215730167,0.3930361158293938,0.2969575205422782,0.3532919190423723,0.376061265144378,0.25641871932361815,0.32069293563175844,0.26737359082064927,0.4622587110677118,0.3590315927379,0.596492357247193,0.2871236135782914,0.5464213150272986,0.35819684132019847,0.31633127983515447,0.3450676973497777,0.23108352896411474,0.24839949272850156,0.2462870000469445,0.3897219018691286,0.25001394198568394,0.27884802143099113,0.3117611420566511,0.29654346826299394,0.23585612133216832,0.39686178810440254,0.33442158494785873,0.3453621914040004,0.42746110767033657,0.24185915663451105,0.3117387186812321,0.2901381337098865,0.2929053326488064,0.31582259253332784,0.27569526140211387,0.29539956316523647,0.2481572654386874,0.26544679071453864,0.29943279214379825,0.4282621387300377,0.37780123747749006,0.28122665704735034,0.271628009100993,0.33164555863280387,0.2812370523060667,0.31407374801352955,0.24860499478706694,0.3636704137924372,0.32776205218285437,0.32921588491148135,0.31347442815260185,0.24393955439867374,0.23148653614061404,0.3096335411731296,0.4176438402857745,0.2688817482336734,0.22698141718938036,0.25397361536130836,0.31770572454272383,0.25934251218138915,0.4042377870528998,0.3686270025794273,0.31658624302763183,0.31674503644490515,0.28414624364743946,0.2577307760906931,0.2656788156396466,0.23612400697465977,0.2714284805210571,0.23823144004825705,0.18427260537983034,0.22423093425969107,0.3841556888088985,0.29736909352120067,0.2900010453793261,0.2587927311610241,0.38807910925882577,0.3048978971984164,0.3330188462835097,0.2461372353754956,0.2390918487366192,0.36324282620132564,0.305837995972134,0.407421534342575,0.2913783008265639,0.32671366062124374,0.31773444031057835,0.24018088827662687,0.2455329956374698,0.35807937422156483,0.22799627182177373,0.28348810642492084,0.22467346236650798,0.22097978462816475,0.2845680231629443,0.3571977282809521,0.24656003778391195,0.1932926947605395,0.3133229171149831,0.25314531446768707,0.2566139615239027,0.2717854622018098,0.3435066394292573,0.2517170023576578,0.25488371433199397,0.29239102291142616,0.29741875107966165,0.2741580969334862,0.4198172846061205,0.24803892372740532,0.2887228863537778,0.32678846150393553,0.22406274769605253,0.3195515377317611,0.27491200531828736,0.322846664727736,0.26828123268212795,0.23497729601281694,0.2598246495929878,0.25580876824702004,0.32692933557620407,0.2317759677554975,0.2861287051176856,0.28444764297215336,0.5005354591321989,0.2897085510261679,0.22858998332564143,0.34871472428347156,0.2845951022246174,0.4437534380811995,0.3254912905752636,0.29235170675020966,0.3772752846508193,0.3233683615761178,0.34420431276986435,0.30452041234523064,0.35640380858800663,0.3347099429635179,0.20153162260274748,0.38115011587453296,0.21756748032564036,0.3296854968090984,0.30550342733936275,0.37317598101382365,0.23163232018353896,0.2583202684721961,0.33673917850763363,0.3846944248607968,0.21489626396630876,0.3515008287210397,0.2504220292551887,0.20218391816545242,0.39717600733271197,0.20406811977005151,0.6163964568060679
0.37353405804169926,0.0,0.3278358820271394,0.3767881901816325,0.22506966356236452,0.36401895292418424,0.3788646347120125,0.4867651769019417,0.2996393454485842,0.4194172424822411,0.3021709200124042,0.5085258190097995,0.3525448379000067,0.35393461260324927,0.2571931568108201,0.30079876172957865,0.2607967307386027,0.3419594663383946,0.5304164149276259,0.3741423082212424,0.4330700930224286,0.3371798687643503,0.47420502421749877,0.3310715711862036,0.5852393997032687,0.30611171187702646,0.25642949042724456,0.24358359541235514,0.44172456387856873,0.2649708805701646,0.2905850608606388,0.4117244533082411,0.37792365536776046,0.32531437622061027,0.28069811914485904,0.347609517333553,0.46516703317561386,0.3439737086584229,0.23934878514112948,0.4743251991215409,0.3144748238526075,0.32243245616198085,0.29873616489138416,0.2546639648282991,0.4693119110963858,0.33759958858617983,0.42754751509023814,0.2671089470058558,0.4895124001667155,0.3131207941313453,0.3908641723731004,0.40307736838262426,0.3829085618001869,0.37409336444389324,0.3401726922244137,0.3665050457941864,0.4610024866943475,0.3112615496369299,0.4394716415603356,0.49953886032196876,0.31844967172210237,0.30460888924981794,0.3772768458739472,0.27068111285004187,0.2681728780507087,0.31246822891545656,0.32444816744824473,0.44142395178227917,0.24837909518379478,0.3808879048872454,0.36693266735565844,0.30321948451343345,0.28761125816775446,0.4163688895950554,0.25516480501588307,0.3515803575119949,0.3192995661990875,0.38143666051951725,0.32003209389566695,0.21572978410138666,0.27784310402914963,0.38468541223637676,0.5299205339211307,0.3174325363107666,0.36413361866905647,0.6955944763861519,0.40651426986684014,0.36203131169222025,0.33421714261936913,0.35149587338306887,0.3016864813433726,0.3356531694344382,0.30191713881787363,0.3871531081202426,0.42475103335052744,0.40312655228708166,0.2993740003968193,0.3598525377775556,0.3049999629450054,0.3100392435227022,0.25870036647218597,0.29327576295794033,0.2915315643538189,0.38636896849630153,0.37582213218088545,0.3368412156323089,0.24993046823612883,0.33483470418281497,0.34448229986667805,0.39482128196921296,0.3923255094488588,0.36088404977363797,0.32439953706284996,0.24401840705171887,0.4239238477716102,0.3314190678877054,0.3925695706257897,0.3163072488975686,0.3054045020655496,0.2770515227270452,0.27134444485516257,0.29694933361908177,0.44559242466986254,0.38791983198793123,0.2753815393819753,0.37609475596612635,0.308546472330569,0.3976629868649673,0.3601682478668874,0.3118931771017893,0.2468578651626596,0.2919663096221731,0.3445544006419582,0.379565243679866,0.2693362389665362,0.21224374417485078,0.3539345783481672,0.2730249997675096,0.4602645703109245,0.33152673294757257,0.329364590997921,0.3862434275931595,0.5314747343101971,0.3524343689225492,0.34543053991144596,0.46511625011325847,0.3824363777006526,0.2552497584941438,0.6541736999628964,0.20960108539730277,0.3117059553373975,0.4484507425938549,0.2520889378475619,0.35275441624525694,0.3561137141310706,0.3864402132966137,0.4667414087650448,0.31710965512580347,0.31170349299510375,0.3242159549047418,0.25881978207233924,0.44780459496761305,0.26145883340260384,0.31850163735535014
0.3265394373126542,0.3278358820271394,0.0,0.32985328746235915,0.25214768250576286,0.41124569208319445,0.24902532993141224,0.4218279610708879,0.27468489781669936,0.3896080385028763,0.3186797243240775,0.27923136051470787,0.5007625830941123,0.3408322900844577,0.18850490272246714,0.7066290492524744,0.5005535512310142,0.3459711994920069,0.29227009045225705,0.27988254999537693,0.32600304142571296,0.348198124824675,0.36826151730767176,0.22199690512195416,0.3381439881772765,0.27464804953540667,0.34835091216720265,0.3695699298836597,0.33079706026813566,0.28639372052245515,0.19402089480927906,0.4311724496018217,0.2431767710022548,0.2944173863438163,0.22454413687075941,0.22647756784122616,0.2784124550396882,0.330572595672896,0.18289960534474536,0.3458620277665086,0.2195626198472166,0.47444777674743566,0.21880453384393367,0.19059926941849806,0.28200753720189414,0.2763132142413879,0.2704717207524763,0.20235387755170542,0.2851553588561691,0.24347917692063528,0.26052628825297924,0.3483293939308498,0.27482878849553116,0.24617530335119012,0.2292094012370975,0.31430443218032744,0.29154433653197365,0.5275110413937069,0.2645954717366236,0.2905640044199713,0.3052787604281641,0.2740768920151073,0.3562949760010769,0.24764232967642352,0.19066840265337048,0.24550056880913643,0.26408015573571403,0.27416281416400595,0.26540206475268363,0.515920099608362,0.24240428021356802,0.2082898244314928,0.3890914737554284,0.42029490235745653,0.42142211341188524,0.2281679908320038,0.3596070913913549,0.32425475196116377,0.23082141471319867,0.23387271856024258,0.2874290725659122,0.24137586653616142,0.30871123151982693,0.36623518792699056,0.3068831415339591,0.36788011439092805,0.308752870574446,0.234834603995584,0.3372186745053861,0.22377589113000618,0.3325389426094812,0.2210713987573805,0.2573886029948748,0.23547347218515444,0.30406060694553894,0.22888291440043954,0.20617941443855356,0.31757581674608876,0.22533374590384714,0.30956348116802507,0.18139999547767036,0.2692360882117904,0.20564645864479053,0.2419421187971576,0.2751102407428294,0.3843641661768679,0.2574021437742422,0.5149697902781415,0.25697511742023166,0.25851374570201263,0.2520319233888228,0.23418530636261145,0.30810252447108455,0.3939656017459133,0.26991044033186773,0.639366462882475,0.35373312584288014,0.2550937995472018,0.3389265134215564,0.47742961042716564,0.23192054236781415,0.2916579106486343,0.28856126612616995,0.2793682741735385,0.19449278380652227,0.2515354071326355,0.329027826412417,0.25215799895719326,0.3328952349565429,0.21285744026578568,0.3525686099252449,0.5185195115645098,0.3055320809398441,0.27045247122864124,0.1861706452289038,0.16181316527038675,0.22309629712012383,0.19573755171677618,0.29598477213422864,0.22264175624660573,0.21174031616931557,0.3670183493340944,0.3089401294437913,0.27421672573443895,0.22819943757344335,0.2617896577068677,0.2432403487851782,0.27588746628968797,0.35643103191567505,0.31144411632370395,0.20432314573506125,0.26483289774580854,0.2558833786526273,0.27698598215390785,0.30977906792406457,0.23631194637882796,0.36695278100738826,0.31290284843591537,0.20401453571715042,0.3579161688287861,0.25922514049951867,0.2546488726229313,0.2595969159102399,0.3213011460320995
0.25701348278741504,0.3767881901816325,0.32985328746235915,0.0,0.19519788139594127,0.3501153564797941,0.29966278057501833,0.4632656448772067,0.2098032612652826,0.38454347694111535,0.26270202123607,0.3395779790355358,0.3479623942395139,0.31968926714693,0.2175057308302258,0.33761542066464206,0.3333927541641092,0.287526740705615,0.4482456760956734,0.278409305174079,0.5028701371352642,0.23192891542217114,0.3651650132114761,0.23274346215097141,0.4364993380356833,0.3859721934666596,0.2615999344370267,0.27663196917051,0.3762311029367311,0.2019246052795356,0.2274599307436392,0.5128678045991245,0.37057747779863714,0.3954860812196881,0.2430971304427466,0.3845785069425466,0.31516777679440555,0.3378710219849056,0.24302418053935188,0.5148105758292147,0.34471791636539123,0.2817970016709511,0.31647211669439046,0.2530311959087662,0.34712316839149404,0.37620196923144117,0.29449423326917573,0.2594097375332684,0.3731339387944667,0.30963208176617857,0.42852085208164314,0.556123248680187,0.3891933226059817,0.3964616043325709,0.36092059384505826,0.3393364801755356,0.4384653736594042,0.3380263904762788,0.44541759336039255,0.4888750915491196,0.4804810946434211,0.4943807237345241,0.42682730870640817,0.2724191457410479,0.29004819564809103,0.40141408193955713,0.3821112738359532,0.28868155115696953,0.2628629217758038,0.3529867088219108,0.30155777102196074,0.3186726855727089,0.3619901932212242,0.6014992497471043,0.3195349852452318,0.3190840290694788,0.5261144040512701,0.39802509693203786,0.37602909976521237,0.27930562285272187,0.3931557942748412,0.348387796520298,0.32481991314553704,0.43856516378745347,0.6677577566703667,0.3891111383532642,0.49394065933086884,0.39473083755904986,0.42123490054021584,0.2606157515105232,0.28295219714005615,0.2857650922257593,0.2984955436106638,0.3736454970505554,0.44126883247596954,0.26558047672762863,0.31635823668474616,0.4084036403253656,0.3072225093733899,0.3943929558838509,0.2553580330184706,0.4837698905708659,0.3410587288646533,0.325347466692055,0.3803892029577547,0.4074901461377287,0.38735664542656756,0.2985025840194712,0.35245367801578276,0.2782945666136125,0.36478086465846693,0.38087666826457833,0.5047026400527977,0.339873234711754,0.48397637984033065,0.2977096682569781,0.6147101741663334,0.27391568810428274,0.42328901508699607,0.36326605340635015,0.26711843635703075,0.5387111024638095,0.47244494138864357,0.32356323020124983,0.25343538717499386,0.3199696356739144,0.48840387139916935,0.2806830839198707,0.6468351101759846,0.3258933956870921,0.234803740848333,0.38706125902125604,0.4664457485142526,0.3340257536109603,0.25446934307383196,0.20690309409444294,0.23712865567613323,0.265430322973888,0.3530096263842455,0.31050826655058267,0.3423272044261324,0.3925799516595399,0.4999513859386729,0.35606500620784143,0.3283732031448664,0.33624846108949297,0.271175056692738,0.32623887605591056,0.3985042732596434,0.2749319874534182,0.29436329055579985,0.48768258530636727,0.23827278275317357,0.3180416216996951,0.4308047548857599,0.2820742436604564,0.31813024399475814,0.3009537489983521,0.3198531885206434,0.4606096213445838,0.38192033737497666,0.3821566507403994,0.4199539001518561,0.25279365280530364
0.32791718283525134,0.22506966356236452,0.25214768250576286,0.19519788139594127,0.0,0.18690745835426142,0.2407390221105215,0.19607821014200497,0.3214275425889912,0.18816279020428767,0.2876353837141459,0.22053903598498947,0.21172945863818793,0.2661772780767722,0.26832054270326694,0.2608429053556201,0.23443745453423376,0.3475426565481378,0.24815373918445152,0.3038599243106742,0.22081111315665336,0.3711610115110884,0.2583828937113551,0.22294718061120364,0.21138833812899627,0.18674754610505856,0.21959407065208955,0.19875969679866548,0.2520000349458929,0.24313201203890075,0.24955739514993935,0.2176175770741476,0.22113049459658957,0.17348454487967815,0.36594944602084617,0.25398545961148206,0.2121794782537356,0.288342221104673,0.25708492390203486,0.22526815243358142,0.23472744066647547,0.2250921573795608,0.2591910449626585,0.23847436343645675,0.19802830227755372,0.19477863164117037,0.22661138608680692,0.23863810849191228,0.2711400604950118,0.31523933360286926,0.2236189635349017,0.21027913770943896,0.24622853954786356,0.20803794891877592,0.22764673177639239,0.1681323557092969,0.24873972722420012,0.30838007667197154,0.22810261459478454,0.23908077430672817,0.16816212697988028,0.19372260037881797,0.23185498407738078,0.310645452359817,0.25080448793977206,0.16671619191617762,0.17287773731297473,0.21056309108579274,0.22689670839831233,0.26281488180115065,0.24274077370512898,0.25031627323379546,0.21908325580315696,0.2105997707793528,0.21201132800100006,0.18295915190068196,0.18754827758984213,0.23298465630665238,0.18606168999499254,0.14988938635652588,0.16748261297184094,0.2694075200518236,0.21672674247002505,0.1911842613967792,0.19599138836351154,0.2364263546554551,0.19681367716264642,0.24899178862639973,0.18237235827594533,0.16233288276415586,0.3575497811408872,0.22097154319313853,0.32980437576150157,0.19403610806268048,0.2274765691572254,0.20367408017233996,0.18004711034322105,0.17593803843572509,0.27851358772460616,0.17295843180564496,0.20697987624539216,0.17721868804128163,0.1845327518722989,0.21046572544294334,0.2506782010067972,0.1934612238578322,0.16185957186712302,0.21339671800584945,0.208384178291173,0.17748465226158133,0.2000593844707665,0.25145492027223293,0.17253063194316282,0.22373375302755247,0.2120055387001738,0.23549978114947373,0.1955142396616274,0.3660828045152338,0.17949971807876708,0.23908892200759616,0.3806830962809615,0.1871892563029982,0.20099879820336317,0.20701940045633746,0.28063958633334657,0.2000291490576006,0.19126691797359563,0.20419928326548561,0.18729293790161078,0.24279782972306554,0.1901079763133486,0.21815014011579564,0.18814808282031653,0.2839511682890419,0.23066157899541828,0.22232466278928018,0.22217120823966677,0.3015129282790943,0.27783483487880306,0.2515178585711098,0.1965296304016351,0.24535072316761522,0.2357112556436029,0.25416174853203266,0.20829650815189701,0.2360013330325023,0.2968028126783284,0.17177170497294644,0.23261446636960464,0.19435741133709697,0.2355429046860077,0.22294840619106315,0.3176831686140288,0.19468062508440692,0.19259939796558007,0.20072934532001996,0.22180393281529076,0.16814441032244848,0.23746812849126284,0.18916704411814259,0.1577335600307218,0.23363056881992988,0.16945694676161596,0.37088081690254554
0.2770679440818342,0.36401895292418424,0.41124569208319445,0.3501153564797941,0.18690745835426142,0.0,0.2631383178881052,0.4454987462545224,0.20659313334865434,0.5466790185447478,0.25453008740849753,0.2981512909716818,0.5360821611844776,0.24749557512312154,0.19418385938710708,0.36559686067116204,0.33694941101858006,0.24114606415538645,0.30741477579450577,0.2720931448822025,0.33164352950897935,0.2549681349959342,0.3349874226344409,0.23843614303710972,0.3969080467479979,0.27596639491535213,0.2451095907395595,0.31899624054243003,0.3143420538681759,0.2068919385157067,0.20043088436846823,0.4473961145206867,0.2535330326632587,0.3049984454309984,0.2156664736999893,0.2318734495394519,0.3327294837829674,0.2425379867657976,0.1852416097698028,0.35330058712047707,0.2274543282200506,0.3155526057302395,0.22198617264530038,0.2068056339745767,0.2921292064546564,0.2808771769900291,0.2661714106579807,0.2224512399464438,0.2908887490906462,0.23191250029150706,0.2673048537972377,0.3625707961029235,0.2602801051960783,0.25672521798748704,0.23560640939766422,0.3861211190007291,0.29777094445083074,0.32109749838425283,0.26878519849394483,0.2955904069597746,0.4256831277562279,0.2792174959118478,0.32604390301455355,0.20338978634758267,0.1934031693980968,0.25910522230610383,0.3030932188595826,0.3071644927957393,0.19905584413612862,0.3299455106197077,0.2566425462258552,0.21092035606193435,0.2922621302203174,0.4323161646904767,0.302908705217378,0.24904962266225047,0.3766434745209315,0.31574079576604147,0.2341113869366815,0.3111815074084413,0.3883860642061356,0.2477195592420889,0.3136650592543977,0.4179534016310944,0.31340405607305155,0.3836729590920551,0.37882030379926446,0.23846764907759832,0.40662799390003884,0.24805647893356764,0.23869683433684108,0.23005650277599868,0.23386690978160807,0.25624142998454347,0.291321620720188,0.25934469780119623,0.20939302151729816,0.3418155331362064,0.2224245042744082,0.3665755484217796,0.19568315169873354,0.2741108850252325,0.21337547018493516,0.25264596410747964,0.25828374907068435,0.39782899583682585,0.31441169939130814,0.44453777974315334,0.26087960637962293,0.306537856988905,0.2718541912335293,0.23782225077689978,0.42633461652154314,0.3000575405044014,0.27655815655967675,0.4045658328435801,0.3770939978446427,0.23609883781406274,0.5273465330074842,0.30977639609217344,0.21765874763378254,0.3049388634013669,0.34665760743563845,0.2867006944321728,0.21928021762785735,0.26936546770332426,0.41553733837781864,0.25431371695451077,0.35051652668468514,0.21549884258849908,0.27213091848968496,0.41571915970974205,0.37055379686646306,0.2604045784415146,0.2088571829295859,0.17219561960918625,0.2482400035985165,0.19955990891914646,0.29459053260732493,0.22590280934564075,0.23469922070912602,0.30207513432817357,0.31661827197622994,0.2469098257938735,0.2453129873053692,0.27542147800875816,0.2484218068572594,0.34712508601561504,0.38186978799128884,0.2649874345283496,0.2210663759864734,0.27505073703376687,0.19399004016570176,0.28445203067750907,0.32736681455708144,0.26676646454501374,0.40321477231600816,0.42811690466651287,0.23320205474270364,0.404023665557061,0.32231467334651226,0.2927200240379363,0.26417308021509706,0.2555877440070777
0.33149267730698767,0.3788646347120125,0.24902532993141224,0.29966278057501833,0.2407390221105215,0.2631383178881052,0.0,0.30215343973869435,0.2616427404929835,0.27428696795951224,0.2523513319472665,0.5288399126676692,0.25829248705142466,0.24996184982204597,0.403391420656061,0.23832454787091908,0.21221375234016543,0.305532275225493,0.39198037832942834,0.3167079344378246,0.3660377763415979,0.3083325685153874,0.33820394661042374,0.45234060622994515,0.369941145707948,0.35053823918243504,0.20700407308628804,0.1843707115488964,0.3126249523268616,0.21669357093583558,0.41450511380244004,0.29365087517274313,0.57977899409771,0.34094748250879,0.25729984700071623,0.3990396940331188,0.4575939225894265,0.2939453578864995,0.35599968953322675,0.37836663232160633,0.5582135143779412,0.22295668487212142,0.49208550845273685,0.3695762868054455,0.5049991309818542,0.40619793690831113,0.46775370699815455,0.36958728310685623,0.45923351184855615,0.3118694523015308,0.44307320820726237,0.3403124967733179,0.306009193959529,0.45464437616375464,0.46677709076052665,0.28914769816762126,0.3678931681551039,0.26364940127415304,0.3527806559465897,0.35516694257319054,0.256868884130803,0.31494264924715054,0.282626429276009,0.2750052911087305,0.36376509163131365,0.3047863408998215,0.32655852027937127,0.499639439250039,0.20753200071553438,0.2663818727006194,0.5723661318554167,0.33131406128574686,0.20840776014211868,0.2980613303930579,0.19555935807368707,0.3638651484317382,0.3052272511496744,0.40672871499614327,0.37602868668929806,0.23207275578801767,0.2964867120438806,0.480837001904708,0.365738394082376,0.2311069154391111,0.2937878462657178,0.3797094993188593,0.3002646243715912,0.39547739878368526,0.3197432179360969,0.323646677729616,0.28833264186528595,0.6116872873442128,0.3283095747113566,0.3974817394635071,0.29639383828051175,0.5659105387098525,0.35248131197777827,0.39401522169896663,0.3105101280798465,0.3267112668002208,0.34238727216990467,0.3402826421008037,0.34782143612339744,0.5668663385618493,0.3231343951731713,0.3880861280162722,0.2777374363228023,0.22886704913132777,0.445361055696775,0.37449032632650314,0.4489428006115047,0.3867485458428968,0.25117605160948575,0.20448221044621562,0.36941855958296865,0.23501451423146202,0.3064671845753381,0.32551912509542524,0.2311670626112014,0.22141374993153445,0.2864060355867773,0.29907745759031246,0.3057558447185794,0.4577172573120329,0.2526878096581719,0.44612842293668664,0.23724179501583972,0.5051632958071031,0.30961466834737206,0.45896045379307593,0.18844849949201575,0.22777023286389833,0.24522600357672295,0.3189293843318282,0.33890150757802306,0.277773159147286,0.4706115245458663,0.40338279180630776,0.4093746943318807,0.5835203279836823,0.4263002673169685,0.277004465441501,0.38755077985796077,0.29747833889502057,0.4794633552812963,0.6134328431442013,0.38890127905534816,0.3116728132055278,0.3795755177419532,0.17930176202571696,0.415244095078675,0.3502828850252685,0.2468295337526802,0.3693066350077645,0.43849406374436345,0.49937100009165286,0.30223886641220415,0.326043944880671,0.32736658082146014,0.25203604729005513,0.2763624103698128,0.3546091640848048,0.29885276602354266,0.29847261804661707
0.27837115973361953,0.4867651769019417,0.4218279610708879,0.4632656448772067,0.19607821014200497,0.4454987462545224,0.30215343973869435,0.0,0.2525260889633855,0.6209921542254219,0.23534482600720738,0.3686586616950801,0.4477516701792899,0.27859475266291484,0.21977545806555113,0.37429738208618973,0.3256755093431075,0.2817068268952071,0.3813106905656728,0.28494131849064896,0.3761264281560022,0.2519515732541698,0.4332533307487569,0.24771488918284218,0.4869189813870815,0.2984260229660188,0.31400087146974726,0.2930134676394645,0.31256774110906743,0.2335741527080955,0.24638497141265764,0.5060441548530817,0.29979692321651785,0.3861001189106265,0.22955157347520738,0.28700153402462003,0.32592316046020453,0.2857564573134688,0.20437931528203773,0.43669576851538894,0.25623400435637644,0.36268629556195087,0.25152106885536457,0.2050838452430324,0.37739305340022133,0.35060394615060514,0.3343777786111428,0.21332382477813192,0.35763639010064024,0.257039049195496,0.3067865989016447,0.3860714129901434,0.3082085050090341,0.2840519459604228,0.2762162178607111,0.4641644030228034,0.34294377416188443,0.3432744108503776,0.355859568316743,0.38183655286130724,0.3991605502561049,0.3472500634608322,0.3354311474646908,0.23942594328911268,0.2274021916634266,0.29547988539365166,0.3429283223025546,0.3139808910083925,0.23091638119730634,0.38487561971918527,0.27441718138230314,0.25891892330104704,0.3061493431433369,0.5287976548594413,0.31240735569146805,0.28496389286957385,0.42854213458577517,0.37103812642017436,0.28956004900845406,0.24715812438771176,0.3317081176241239,0.3066068258005088,0.3810504934035807,0.4044922278057004,0.4258758280855882,0.49114319376350385,0.4235151872866515,0.3082226042356189,0.5108991875289624,0.2955795233042541,0.25210517760478673,0.2862823544277988,0.25370185122174765,0.2787574523519821,0.36075077835374586,0.2907981432872325,0.2511578519377748,0.464439149757023,0.26588593034140984,0.4291879420611515,0.2154357245638515,0.346859323412897,0.2609256735434264,0.32216675429241,0.31904317357998674,0.4797670612453412,0.3124975660593713,0.42112390443013165,0.310013596498313,0.31011739005759104,0.2821883979581658,0.2961199129578856,0.4084582516785075,0.3272407111880756,0.3460346842721027,0.4236339720052745,0.5139962546802364,0.2629378934301946,0.3589428918622109,0.37923330621925905,0.23160313477429678,0.41266566943518723,0.35919809915093204,0.31149318851081914,0.2272008133062477,0.28708680877238724,0.41958635352250095,0.31688356207061624,0.43876836626980786,0.2600877086867121,0.31946373054694494,0.36481188551264043,0.3851555089466744,0.2812295614740177,0.21368047718947844,0.17731178072895143,0.26579297123479384,0.23108158751323926,0.3651213255946169,0.2740697830617694,0.2607721141587477,0.3239282657649043,0.4327202560689966,0.298129389599355,0.261864834912805,0.3595121738052335,0.30045884761104197,0.3289714875609445,0.48054799120878783,0.25735865751757026,0.24965983441702677,0.36053140832902497,0.21364330911771107,0.364133315019708,0.40686218419685094,0.29012253027223306,0.35969701508810853,0.38628283066796504,0.24911000280363674,0.42193824268879715,0.32387827169675626,0.3293304969647191,0.3521665758036574,0.2447216397797581
0.4204140342686203,0.2996393454485842,0.27468489781669936,0.2098032612652826,0.3214275425889912,0.20659313334865434,0.2616427404929835,0.2525260889633855,0.0,0.23630414663000524,0.32581739700345597,0.2670893374298785,0.24088047109760344,0.32903905727232124,0.22455783291079323,0.2645943102479105,0.2610598877484138,0.4247613533222512,0.26852891152074926,0.3830623658205971,0.22452725178570607,0.5059225755041097,0.2886215366438269,0.2569352021517233,0.2613140451793563,0.187029446373733,0.28143690510428404,0.2434602875882572,0.2679256421223771,0.3149816285484318,0.2627837499793033,0.23893747920228625,0.23009088063153235,0.19605923602262448,0.31170304727602666,0.25787837194655966,0.2393161691212753,0.3268439524392251,0.20928585935728525,0.2398006525154766,0.22614508615443074,0.3337701868224495,0.25792024391437146,0.21805838608468028,0.24674430183482182,0.20122261217908322,0.2437580349833397,0.22727091162927615,0.3042657881519835,0.30409962496372217,0.22071576045367086,0.21422518419117922,0.2605677798214808,0.220744008227626,0.24128134995353334,0.22633458412440077,0.27093212944107736,0.2922440597621239,0.26801840428762197,0.24550719843648972,0.18862375253550845,0.19095972252985113,0.23800721196894484,0.35883250432613684,0.23412671790139886,0.18451571263584873,0.19676582484728863,0.2374133977141881,0.2638269458152222,0.31869118659789275,0.2616991375003692,0.28282244711136706,0.2610686301744564,0.2238192999926603,0.2561975567652906,0.20800752614868423,0.1932421947688288,0.2153918149397294,0.1964514610921332,0.148124787923108,0.17382394537779725,0.29712795898619615,0.28704087434399156,0.21409881432106193,0.211505541257369,0.30686455096955345,0.22349602506406988,0.2716722273357302,0.20995983880059899,0.2226963569333177,0.3430434651595816,0.2521721223190005,0.30973272924940604,0.21695478495178738,0.25840154713688196,0.25670899245374523,0.20583583166430522,0.21461817254512128,0.31321147488233725,0.19369394504330067,0.23299534954719653,0.18557305699284726,0.19073890669967822,0.23837783598739015,0.2828771295175638,0.20284050731318934,0.1635992800027166,0.2743747825693324,0.20519489294673815,0.20872117173892601,0.20979241043772723,0.26524364700896264,0.19040394256848314,0.2572096031562133,0.2287416740968465,0.29537765005409455,0.22246145746737658,0.3325771052835091,0.18673451190725046,0.27638011356730435,0.2712570006714675,0.18977218680340852,0.22376277315688695,0.21497350900912635,0.25817873096911037,0.20845207232822416,0.19583951074041278,0.23716295733072537,0.20489567330369515,0.26580196722471544,0.3012059464417084,0.22575329022690682,0.21664237854304214,0.3404669813485459,0.226025554052469,0.18824089885684833,0.30325525609785026,0.23960180387058935,0.335213411532282,0.2511732549863999,0.22592095837054424,0.27169590911017555,0.2562640395145206,0.2750365680162527,0.2243693333703885,0.2876167601436857,0.33426929985913556,0.16991986416509058,0.2910720897465268,0.21572673120599867,0.26577307906682246,0.24535518303691337,0.361253355158723,0.23030191449750886,0.20702699785678585,0.24163456061290262,0.2629381092768692,0.19140857963740357,0.2732527535792846,0.2008158063388202,0.17157972797610363,0.27302745556867436,0.17869828217842892,0.40342906987825095
0.267888215730167,0.4194172424822411,0.3896080385028763,0.38454347694111535,0.18816279020428767,0.5466790185447478,0.27428696795951224,0.6209921542254219,0.23630414663000524,0.0,0.2265698582244674,0.31246058892896933,0.45444427513704677,0.26997235056012236,0.200885772269328,0.3612986195133828,0.32749067475505533,0.2690890749979013,0.3278397011720977,0.26481974376437595,0.3255356249695354,0.24042996629015023,0.40791845767522583,0.23019727492794217,0.45475015610884456,0.28711325853129677,0.2918454797403997,0.32348116471886856,0.315045496956858,0.22300033005003878,0.22894835478613765,0.477292154742455,0.2648066705013795,0.34355475545671466,0.2207912845742055,0.25476067143455033,0.31237050372434394,0.27190864439273293,0.18649191816989552,0.37449592764176853,0.2305505389081086,0.3347646658789385,0.23312920043852303,0.19614117752380106,0.3335854896175198,0.3038579392293087,0.30190315783104815,0.20523998195742268,0.3338276720237908,0.23624378827451667,0.26968606472327217,0.3471295005554894,0.277610478967263,0.25908597060304644,0.2515611535162637,0.44399925190677764,0.3102888626270178,0.3118223537928067,0.3036399322867915,0.3246889958860548,0.39547225759921023,0.3111329861000442,0.3108102510104516,0.22331376020806437,0.2058108778706444,0.2702111770879364,0.3034524698462042,0.30144850278676333,0.22096347852105783,0.37745979938166424,0.2542254233436551,0.2410755789894774,0.28228243378021084,0.447093600020406,0.32246215593377886,0.2688580141666517,0.3783373341210655,0.3387263512898101,0.26201834850581646,0.27895554544496837,0.36311338273260435,0.2688385667258702,0.3540916191490927,0.43690018073248854,0.35647387538994924,0.451871037827213,0.38290516007031294,0.2768648860728417,0.5295483408938481,0.2698820487714592,0.23940293515095495,0.25205492743412045,0.2377119020734597,0.2565366754812852,0.3205230819905704,0.2784074269699866,0.22418899804614845,0.4006526574168016,0.24966450247817779,0.426382173893639,0.20604722853761526,0.30176796708381676,0.23850797072541585,0.29075510908391855,0.28281979178042577,0.4131084585934436,0.324445777327236,0.5422218711154949,0.27751509337352137,0.2793511314698912,0.26098103670988526,0.265345360564654,0.4077361007270695,0.3522822645526564,0.3101794585618521,0.43098171186766376,0.44537068749821124,0.25318401856112244,0.4198356005951139,0.3633165239758004,0.21796539731955147,0.3646038205340359,0.32326712697743776,0.29100455468138237,0.21982191404088064,0.27649567416297177,0.46347094957552537,0.2773772937871274,0.39075603840284906,0.24257735908789252,0.33773478804526635,0.391095006224356,0.37106618567055133,0.265739189383561,0.20009273461208948,0.1704254317110225,0.2541212951134544,0.21682861555836044,0.3355997235502634,0.2508239944869186,0.24833109570156475,0.319225360248562,0.35328225646774325,0.26443478839501605,0.2526166764883336,0.3294033291130537,0.2604497069432416,0.3635347712859089,0.4671416535162412,0.2808212228501126,0.22794802868933275,0.32227833999875277,0.19918462541147658,0.3156107649389478,0.3535603560293901,0.2715624066749478,0.336701755081797,0.4456798138407629,0.23567685212776113,0.456869471902044,0.3791875980431154,0.30975379547911325,0.3124607223428851,0.23452357138010782
0.3930361158293938,0.3021709200124042,0.3186797243240775,0.26270202123607,0.2876353837141459,0.25453008740849753,0.2523513319472665,0.23534482600720738,0.32581739700345597,0.2265698582244674,0.0,0.2655756772163037,0.2967397022885962,0.4542858387841485,0.19038975276160774,0.3484320060473937,0.38958033641666573,0.48337839327628596,0.33870635215041006,0.3395826498571531,0.30711117303420843,0.4244937115976847,0.28822424871460744,0.22925296106336046,0.27923258816399155,0.24961392578134337,0.278220435722906,0.31958651394424026,0.42409350739217516,0.3044288268218676,0.19606945898393283,0.2945400104079745,0.27759733966341765,0.20924507873080594,0.2892137692796614,0.2805291764367974,0.2956063735707786,0.45239037032881085,0.20942719367084842,0.2989870126578157,0.2662188309553425,0.35620469397717774,0.26644775424446776,0.24153247376951498,0.24650920982309066,0.2235479051493471,0.23889492182583674,0.2622439232424656,0.32771688700067175,0.2970534461582951,0.3060533333284226,0.29405533067119516,0.3373976669467362,0.2993650468343135,0.28556844325709957,0.21166750064818854,0.3720240835249548,0.3724420755037177,0.3337084281229484,0.30893569245219055,0.2495657441925944,0.23512944294619267,0.3496482283810437,0.3101715271550359,0.222027932901721,0.22971823512169162,0.23987594848004387,0.2809079352412188,0.3687904510824365,0.3560255250283018,0.28617360425509347,0.2508996078808328,0.37421719736327275,0.2884356979249051,0.35942262814598347,0.25114170673827696,0.2573818777995355,0.2540149452685438,0.2388179355472583,0.19615815319535174,0.23734225107843154,0.2615599419061931,0.264678609890763,0.29099912402121025,0.26211633608418106,0.3077519357463443,0.28478152848825694,0.29054730262826695,0.21072083936151847,0.20511078263506016,0.5777355898177778,0.22660733747819142,0.3270052589648706,0.2957116377200816,0.33229237653202026,0.2485883349035851,0.24332645254420088,0.2103519162194889,0.27595825487495473,0.20758144698863923,0.2297219963568496,0.22578949688782035,0.2224823545661098,0.2382764300467838,0.35533136837339535,0.2237624908810229,0.19804451771146062,0.2749836222188456,0.24212419845702265,0.23629124466485968,0.288460605967563,0.28939510881044866,0.2589143729408611,0.311511786171845,0.29448879635348935,0.30840315204918695,0.2638225570036989,0.2970977486795662,0.26812426177955534,0.33002344339424433,0.278075200347598,0.22576507468468437,0.3244377789465806,0.2563003389395061,0.25677405560308664,0.25754707156771456,0.23775226528257834,0.23487492296801546,0.2609943466646003,0.25750071050251,0.2569950516217917,0.3168840855873737,0.28818339763898704,0.3627625061305591,0.23644010493462037,0.1978061606498864,0.242780596922708,0.22661630738770558,0.3339949125093467,0.2513851063483986,0.28011802796782675,0.3898587502024263,0.28511506122226593,0.34764787833703226,0.3008791996687225,0.2653535043839389,0.23865824294312427,0.19477463563692138,0.30002106333844836,0.289055036571089,0.26233920097558155,0.3083030997830838,0.4153925658229368,0.21142053851859702,0.22693828874363237,0.2653238371348714,0.3242802300054512,0.19834006298764187,0.2770155780470189,0.2602503437687631,0.2025686727354734,0.3732771124281305,0.20421394888627406,0.4383370382818221
0.2969575205422782,0.5085258190097995,0.27923136051470787,0.3395779790355358,0.22053903598498947,0.2981512909716818,0.5288399126676692,0.3686586616950801,0.2670893374298785,0.31246058892896933,0.2655756772163037,0.0,0.27575621336673156,0.2644645338016998,0.3069263559660848,0.25479717211621905,0.23298637041580003,0.29242414704717823,0.44701608988685476,0.29438461519962855,0.43696217480290717,0.2911634659782729,0.3709433469084955,0.3731572029531382,0.41292114623800724,0.3283840171643147,0.22320704910315575,0.1984746506206586,0.33547840099484966,0.25545193950891704,0.3174519778999973,0.3176449683301697,0.487906392526259,0.32852165123456706,0.23420286431437876,0.35431697010533414,0.5113752379768354,0.2989718643140056,0.28505824837342353,0.4299153273337235,0.3992799971948303,0.2709337623858701,0.38212922171473185,0.2858895656438213,0.46810794371925873,0.37954798845834853,0.6154183045992762,0.2956676725969906,0.402009129707499,0.28967735662861904,0.5231977173455865,0.4003743133680944,0.33513019345657924,0.45737904546639974,0.4027739442920787,0.35872511900284393,0.393722158891043,0.2883675232014583,0.37521302710235727,0.40879784065639085,0.2863788007601591,0.33816440367597617,0.321867987428087,0.24649961347846744,0.3008732536678596,0.30011975399759094,0.31069004374008796,0.5103323825663442,0.21712795699486315,0.28392752457356424,0.41801869675264675,0.29203614504022246,0.22612890151442147,0.338429847239387,0.21240803248225873,0.33579413674438163,0.3447795638130411,0.45327965540405857,0.34611764862523403,0.22220493984250952,0.28861236164079507,0.4339969045933938,0.4943347956852701,0.2440272133788514,0.32451230373637935,0.4456781209488219,0.3229678957262135,0.3426385331602259,0.3453673561640808,0.3551199733918265,0.2964754731155088,0.4072470265670664,0.2928536423582212,0.39936947252698224,0.32816458241298424,0.4738878512254857,0.32790897865602747,0.37215551106978706,0.2747908247257688,0.3150438809778166,0.26445168338832764,0.3197851571213852,0.32050193330954574,0.4848945801240745,0.331760244023436,0.4037175242164352,0.27263863701397756,0.25389259191819746,0.4028625820019749,0.4201783668253227,0.4411686619148165,0.33625512169978566,0.2735650695558772,0.2140166459258706,0.4057552051782842,0.2821455674171677,0.3330924820581913,0.28827192578812894,0.256025232112241,0.23319218981273962,0.2613436103248494,0.3198440824350649,0.3422499775244176,0.4264224261173228,0.22935450141595243,0.4068808175577023,0.261200530369331,0.5717400820723268,0.34322168264397723,0.35457073351423213,0.21581758843950866,0.25353594901561793,0.2598595355054593,0.29753308845174276,0.2752414909692446,0.22492303560053922,0.43369390423968707,0.313352929028794,0.37030471385086633,0.3945287158456027,0.34714187044405453,0.2958453936213924,0.4549621011374035,0.31323184641573537,0.37758164255168725,0.5645258998800414,0.4312250174143401,0.2925768286357636,0.41579828785327166,0.1870415298990009,0.32180082868004495,0.38044636411723576,0.23278793436562678,0.4597371052626223,0.4037351800318953,0.40002880794002793,0.34235440325670274,0.3475299966806478,0.28823183954496695,0.26766340457633386,0.2592539445531501,0.3393366907337556,0.27835649933815004,0.2779925121973752
