0,1,2,3,4,5,6,7,8,9,10,11,12,13,14,15,16,17,18,19,20,21,22,23,24,25,26,27,28,29,30,31,32,33,34,35,36,37,38,39,40,41,42,43,44,45,46,47,48,49,50,51,52,53,54,55,56,57,58,59,60,61,62,63,64,65,66,67,68,69,70,71,72,73,74,75,76,77,78,79,80,81,82,83,84,85,86,87,88,89,90,91,92,93,94,95,96,97,98,99,100,101,102,103,104,105,106,107,108,109,110,111,112,113,114,115,116,117,118,119,120,121,122,123,124,125,126,127,128,129,130,131,132,133,134,135,136,137,138,139,140,141,142,143,144,145,146,147,148,149,150,151,152,153,154,155,156,157,158,159,160,161,162,163
0.0,0.9125357958942346,0.8059666925813289,0.8267670777056504,0.7109384302033315,0.8680301117460978,0.8164362385393042,0.8582550388677416,0.8754611605533872,0.8532562933954455,0.8958244876100726,0.8114383778943001,0.9256113536314492,0.8188306698642847,0.8380124099235257,0.8544095216239443,0.8534496350538248,0.9202750321180747,0.8625486702656691,0.9699994591394547,0.8633006516163285,0.89335327138567,0.7464904043180494,0.8832573292784391,0.9440481302894163,0.7931765414114759,0.7077646541665108,0.845888697684825,0.8559228847322417,0.7629434168308371,0.8900620925011028,0.8881175363128074,0.8272603386545471,0.7979582756222787,0.9119346087723371,0.7165177097587827,0.9410161493069963,0.8648890540400043,0.7909470246500474,0.8584419741017492,0.7589743512940391,0.854934411672901,0.8513458625722837,0.8975537690664058,0.8864901962518257,0.8414772421981654,0.769375661553894,0.8895322943358704,0.9022581735034881,0.8094930297882361,0.846043642244449,0.8611478451738828,0.7702508841624556,0.8815933139912246,0.8328587948922762,0.8511304816955824,0.9268018275371683,0.7755225582611834,0.8633364257328406,0.7731014186482006,0.8831477237864213,0.6699670144033139,0.8551049479987511,0.7241289759463405,0.8472197541972952,0.894809959170268,0.8688412716348471,0.8919294804168522,0.8299547538272806,0.9449265073510045,0.933604651876577,0.8436959231595008,0.8450869701742677,0.882671076218603,0.8670127290549337,0.9062225156532762,0.7980487281204716,0.7547381217062681,0.8303586853350647,0.8085913485480627,0.8346643482508028,0.8877814598337108,0.8625889808471978,0.8392908712159042,0.8554828706824306,0.8967725985344591,0.8963675169724882,0.8103557771102291,0.8217330868135643,0.8289946945184491,0.7888555341150607,0.7807187899856983,0.7990053160882772,0.9201656454898333,0.9012944573987821,0.9045907679622238,0.7984865979325018,0.8262784752937455,0.6965402298642892,0.828866414646309,0.8378828813308288,0.8355126633434162,0.7229602422231013,0.8112164256261787,0.8188076672381241,0.8174371845369546,0.7636654667329722,0.862807515798589,0.8032195561982038,0.9023226024656971,0.8712500281900865,0.7834123227498404,0.8714123834043884,0.7547164970935701,0.8428907500762959,0.8560037531057454,0.8925078092167908,0.8625221276819968,0.8341749232071929,0.7183412367892283,0.8232773273066213,0.7208174111492048,0.8909411710559753,0.8947256260713964,0.8739771282882199,0.886362601578603,0.6677475441620849,0.776358288498787,0.8138771000778434,0.8660344353351416,0.8017669310343061,0.8150885034267402,0.8491493669646674,0.8389376775414795,0.9079769964499284,0.8818169445082438,0.930361470350888,0.853230529809831,0.8474297500478779,0.8008516397732398,0.8792861607969562,0.8234176786175922,0.8666137598713711,0.7276003185610296,0.8948969411021926,0.8352132266356668,0.8225712775348134,0.7558930886003533,0.9315164574398935,0.6218059581173087,0.9368690361426787,0.8515043080600959,0.8216598127199789,0.7283373445059702,0.8761114698120016,0.9416727475479788,0.903586112123838,0.825723747766115,0.8846031201682276,0.8224665641228236,0.7888316377405673,0.9348586370316175,0.897246275812569,0.9193255361865657
0.9125357958942346,0.0,0.8276384853761707,0.8611410304263509,0.6969218039538578,0.8937746783400359,0.810432664611974,0.9460532465193167,0.8788417878313727,0.8962644147795954,0.8471403735831275,0.8556274025833494,0.9218050902980685,0.8687914013554623,0.8217671058748596,0.8654898818901298,0.8534888981886981,0.8410638876553392,0.8109830690407297,0.9067333012720475,0.8249102190698133,0.8738189996752306,0.7453157286958055,0.8529679561430311,0.8857076842042321,0.7954397523110975,0.7787670105102578,0.8246009592216611,0.9243538641964516,0.7765952954244751,0.9048778334555082,0.8852148563618869,0.9188187150421528,0.8141138434595722,0.8832292634202763,0.7830407076213588,0.8955685015004694,0.8888334372893267,0.8161561373654215,0.8772243196887162,0.8212782632169306,0.8275890162617114,0.7699090044624156,0.8508171027033072,0.9366177337237289,0.8557650493202331,0.7987046394065218,0.8247503924756101,0.8442095109433568,0.8051641212342182,0.817054890086397,0.8547045974896402,0.7852844972475643,0.9024905194966342,0.851349327691979,0.9044407089548357,0.8704903766578731,0.806658625138464,0.7969290657416518,0.8436448436006574,0.8866431512824898,0.7330026371905298,0.8042893442657818,0.7542823057276359,0.7565664714305603,0.8183844390961968,0.867619744637352,0.8377357102021191,0.7793433963578382,0.8886141124514811,0.8867687957767578,0.8466556767670336,0.7869954400776955,0.866927649524108,0.8951883298469333,0.8662683222338576,0.7935681286424329,0.797990951617004,0.8302843215316322,0.7862621550125145,0.803931579720936,0.844980738762894,0.8916977114434341,0.8685803664155659,0.8202886796938209,0.9563069661777369,0.8364263387999189,0.7728274928950184,0.8665164953381899,0.91065466446789,0.7770875875769978,0.8410038574402364,0.8127547194736541,0.8709138275233835,0.8677879861450699,0.9402400683271155,0.8257711952418885,0.8712550520617154,0.7328853454426145,0.8859229200979465,0.8630471061856911,0.794597135732414,0.6773328094448586,0.8146499321122809,0.8254680022640789,0.8530234212770128,0.7858612512494154,0.8606005471886903,0.8475810055318254,0.8678939187690082,0.822579436182203,0.7612036015747424,0.8307597882105511,0.8084386926164989,0.8622232902841299,0.913369141612911,0.8625756417973013,0.7877556586148114,0.8024782723926741,0.7983409668613036,0.8159591101273562,0.81304491510304,0.842561303907946,0.8883352226827113,0.8112666873429527,0.9361836692059686,0.7292975440690985,0.8778652954805547,0.8769282103752746,0.8714041969583337,0.8778857313426983,0.8145012148687334,0.8446917313091148,0.8598318347291458,0.8389321603027897,0.8094339690872192,0.9195992771331933,0.8682794107184725,0.8409890649045145,0.7987738611235842,0.8486480527237668,0.8640315395421093,0.9094871426341672,0.7517528716803904,0.8802518329299209,0.7992175734793872,0.8557767633739917,0.8095701589759137,0.919933600965023,0.6963413751752017,0.8494807762692385,0.8397913261532598,0.8033741473131667,0.7996904193167296,0.8766296425905254,0.8843343685283003,0.8538605492255026,0.8544678855495232,0.8631785623348268,0.7988108454295813,0.7840978059049238,0.8837177092015198,0.9519568365401186,0.8427927147970683
0.8059666925813289,0.8276384853761707,0.0,0.7968685162605739,0.8167265925628012,0.8563324065974349,0.7939146428210776,0.8010566734102262,0.7132583429516739,0.8515790634789966,0.8474406555019998,0.8145072947963102,0.8607809713517952,0.6948919041958539,0.7708771226571409,0.9085333697828549,0.8894283013252324,0.7964437900970843,0.7363767411757836,0.7534139683875032,0.9295978470618882,0.9052014033015804,0.7040185202921988,0.8638740820277538,0.8094089634292495,0.8600426378308906,0.6729736346434868,0.7279275204380851,0.8240867139982406,0.7914701802105579,0.7044825025523653,0.8082797871117615,0.8011746394544982,0.6905636013095444,0.698159625430241,0.6724003603472839,0.8340881447386641,0.7625528519404564,0.7290518687820784,0.8600090412984691,0.7742568435192242,0.8786068289377278,0.81200614607235,0.8188270981711899,0.7760805664316193,0.803205999433239,0.8524453827075448,0.8307017023172545,0.7767906623417546,0.749643207595346,0.8294009389383168,0.8967433372562229,0.68425343301272,0.854163237618397,0.7536863874767379,0.7987040802775732,0.8017686262373916,0.8721945134697983,0.7238400292422055,0.7058403850263263,0.7648682081175567,0.6540452522623642,0.8618246352792378,0.6348801150645406,0.7026544092454191,0.7591059341836502,0.7430872831378414,0.897962016278344,0.7932743815711697,0.8287627992317309,0.8641754536245535,0.6652132532956866,0.7012195243995629,0.901752932779601,0.8108922315036342,0.6982925725061158,0.8274134599378161,0.8674444092427201,0.7439202978424603,0.7753774693726169,0.8379137421301793,0.7627092480370573,0.9000265174836941,0.7473696716282803,0.7523096620018593,0.8228970583479742,0.7310008975691532,0.6674176005050906,0.7057851159675282,0.7497760124512197,0.8388834753138418,0.6626444140790758,0.7633992647248103,0.7299291713495851,0.775885279345915,0.8379074431279375,0.6694083263777202,0.7463551304846989,0.6002882932640625,0.7376449307410716,0.6593054363216533,0.8057689132635428,0.6390370955326609,0.7651762408492709,0.6798780878349705,0.8824481606945844,0.7929555790111495,0.8270876180597467,0.8208913278308518,0.8567045060273307,0.8124047278029486,0.6980340783704087,0.7508282117180572,0.6730677540078825,0.74424256044818,0.8850453760002557,0.730740359697493,0.763380249947994,0.8735677236200142,0.6498722214648996,0.7958465786259226,0.7092676295754431,0.7485321823774488,0.8719864895892689,0.6562199402501298,0.8464861625390233,0.6670481178743538,0.8015951175381264,0.7787000016384172,0.7810484417868818,0.7554422514851084,0.929169886285229,0.6759593714882889,0.687884890067084,0.747659272437488,0.7423918139228372,0.8313107398631874,0.76086583153541,0.764437398507411,0.7213100028654558,0.712388626529654,0.7545306511414575,0.7559876120389765,0.6660881341183068,0.8074287076620834,0.7522625537979306,0.8386682128666316,0.8322369567013728,0.8356668454040709,0.6152512722952408,0.6936730560049741,0.7033338689092635,0.7625387444936959,0.8647987175532862,0.8966564619168053,0.7813323568577899,0.7847607670642316,0.919817229965307,0.6910885136797459,0.7457168477852756,0.7821839451260096,0.7020380615921906,0.8055066139538399,0.8240825705422767
0.8267670777056504,0.8611410304263509,0.7968685162605739,0.0,0.7125343843617788,0.7619850051387907,0.8794537827794132,0.8203269857677363,0.7212930356310319,0.8400089507382821,0.8672274018832734,0.8044768758894353,0.8662966031195232,0.8142411935075972,0.8035626708910583,0.8352703360548843,0.8609986029352071,0.835637203294843,0.7917159988283222,0.8072153732453033,0.8183305099626639,0.8393237065981827,0.8371260896647011,0.8549382987379524,0.8221585386780271,0.8217549096735114,0.8408443489145684,0.8608507929007959,0.869232363701801,0.7259930058036143,0.7714727635623049,0.8325877746421132,0.8822406628477869,0.8144571997350255,0.7996307696921752,0.7492253717558276,0.8350967287662238,0.8004900568624994,0.7910272254750587,0.9586754213111194,0.7856711172044176,0.7660178258131946,0.7621121352810698,0.799977107125113,0.8739966123395949,0.8264671691681478,0.7177074825272166,0.7858774116948297,0.8985926499880467,0.781066987912283,0.8531205341301688,0.7956366527889931,0.7297848223261063,0.9133619101054838,0.8787506246581278,0.7352610607624074,0.8486075160395493,0.7725583456634091,0.8508746016832088,0.8194382814073947,0.8333347458841067,0.6633411810807273,0.7591868947156005,0.7165992337883941,0.7217379315178816,0.773498943745163,0.8613408872191973,0.7730351629945805,0.8016277620216468,0.8267405861877256,0.7969793033929067,0.7872003445085767,0.7700428616823835,0.9248877608916592,0.806421940079287,0.7722840949118863,0.892721093231844,0.8050698393258412,0.759750693854565,0.7208123998747152,0.7021885286470185,0.7826010178376648,0.7821280784840855,0.757052862197469,0.8106688841412644,0.80942584159395,0.7499092404255181,0.783829704716256,0.7890054236425755,0.7589862924049957,0.8058518498633355,0.7409771970472563,0.817245222201169,0.8141323838478322,0.8747606354200665,0.7940957324971127,0.7015977458577032,0.7425115953805309,0.6651625388330631,0.8567494948272242,0.7879888664579798,0.8519631353934389,0.732193511912372,0.72842080141463,0.7538595884856344,0.7962050852713521,0.793591882421924,0.8026240269181847,0.841941881699465,0.8057655241291096,0.8637580833142597,0.765446652883729,0.7716944305492951,0.7834051960692752,0.8026141382937935,0.8576876056677532,0.7678967277767105,0.813467484879898,0.8085792592425477,0.7123661427655189,0.7921023528351573,0.7503939536107801,0.7583158399618158,0.8426932014154876,0.7065318925816947,0.8594926155680815,0.7084276973222355,0.8101736355339213,0.8165460698679627,0.827322028092721,0.70905390275948,0.7464449319663402,0.7865533464849674,0.7536558539417108,0.7821576533082248,0.7235938817745319,0.7815709098351175,0.8559394421304496,0.8817069978354865,0.7646099246168965,0.7813916573679056,0.7737353686684258,0.8759728482409229,0.7257344998258908,0.8184220222805554,0.7785529940518595,0.7374007006056694,0.7600146381922286,0.7982155844404307,0.6281055460839141,0.8001590069523983,0.7517973404467385,0.8588063598314019,0.7885314187789947,0.8185705170964456,0.8037962675264875,0.8515130087797119,0.7995515371785663,0.8606107875538075,0.8398387009367768,0.7354456968434222,0.7588204291592419,0.7769373787454393,0.8212793102856897
0.7109384302033315,0.6969218039538578,0.8167265925628012,0.7125343843617788,0.0,0.672043735751865,0.8318464242564221,0.6466875637974644,0.6751368196699928,0.6557882284014207,0.7749304217215992,0.8194511944066406,0.6750199827810919,0.6142144177018786,0.8115069162788705,0.7958127113840803,0.7623901556973491,0.7190722630683459,0.714883054668333,0.663003749002664,0.8617532049154317,0.8273903455439333,0.7217853547032397,0.8103248838408454,0.6776306518423583,0.8008340213896724,0.6420219820410412,0.6084075239094654,0.7273041880958847,0.8340132185814577,0.7020723055259736,0.7018243483902241,0.7468957826931013,0.6352722016602476,0.6670963716278543,0.6981691036940211,0.7179077284941212,0.7213981399505791,0.8307716579740899,0.7717380642036913,0.792140194039444,0.7492999782177796,0.8415874560579175,0.8095186212269316,0.6726530330555566,0.72072880207684,0.8241259834142076,0.7606054666605944,0.7624058948384325,0.7895883791780413,0.8418886411896882,0.7813910177912375,0.6446011672415808,0.7913831018829606,0.7596570354938611,0.6435027711345539,0.767041383252327,0.8721468281541979,0.6531649716700598,0.6891968094091664,0.5920307651615445,0.635434762319925,0.7620750175770533,0.6388010742952256,0.7067143761158008,0.6317219918903522,0.6158498478349046,0.7732959804616181,0.7049105673180777,0.6811457574646144,0.7897718033379797,0.6491821953516591,0.5898820407414848,0.7753836158388825,0.6495594749089555,0.6069552643729674,0.7791940967998262,0.8925016090744151,0.6733334873273221,0.668182742701746,0.6554049384096035,0.7728136874939919,0.8143819379735837,0.5911890691360553,0.7023398143760639,0.7013004593601966,0.6040627092665941,0.6768905307983218,0.5965351387354352,0.6478272138067058,0.9236318675028299,0.6708229862830892,0.8305525622593855,0.6496494814803724,0.7168155719429389,0.7362464477325118,0.598447115933332,0.6211703889429914,0.6268116056299582,0.6109783419971272,0.6272258502391835,0.7524642628308851,0.6771864522868039,0.7007189285224114,0.6477419137659822,0.7666255628553498,0.691218930259295,0.6493365559641526,0.7694069863943022,0.7111647453564387,0.7871600386120589,0.7726947240118235,0.592367883642532,0.60524583080187,0.6701270791078101,0.7432675389483363,0.608232646196287,0.8027265814551211,0.6926543072103194,0.5817616528064234,0.8910337594321157,0.6746116734218014,0.62742321803487,0.8070006930290587,0.6132291530629301,0.7510421503698727,0.6224494968254207,0.7912503377162989,0.6575442911306675,0.7413191511861724,0.623118443611009,0.7790033987076767,0.5779913431171371,0.6692558891868248,0.6804034496102647,0.7230128895980773,0.7437404210792334,0.7852764093681449,0.690861705738906,0.8110472363115077,0.600674202030266,0.6928338197391165,0.7159868505441935,0.695186729544367,0.7536266398862148,0.7292848498016288,0.869903621125793,0.7143581782103038,0.6934811963186116,0.5806536016677749,0.6655985995245397,0.6453645273915732,0.8111694415975979,0.8092078760502981,0.7826817946250277,0.669755342524046,0.6632131009469086,0.7661723781146681,0.6317014615981049,0.6922580272394289,0.5997611631362462,0.6234197721093229,0.7214268500052797,0.8040232006230652
0.8680301117460978,0.8937746783400359,0.8563324065974349,0.7619850051387907,0.672043735751865,0.0,0.721925802410835,0.8516015001763131,0.7660792928964624,0.8504619249871818,0.846124293995936,0.7943501197941633,0.9409093929433087,0.7839285143464877,0.692827120516049,0.9073139251912408,0.8730557481442434,0.7506900979237859,0.7567757323207792,0.8342589280029763,0.8440763836373335,0.8120042688300193,0.6460572560959834,0.8035244529838073,0.8581407104614203,0.8081354785317513,0.6474935550094618,0.7906730715787447,0.8673424378868176,0.7478870630319061,0.7666314130414988,0.8988561736600792,0.780432824987623,0.770463597127525,0.7709811773890652,0.6820087252662728,0.9019509552759835,0.8029418632837817,0.7182466040822152,0.7924920500167311,0.7128789246732385,0.857058787674533,0.7306876710624177,0.8370485949338514,0.8209725406240623,0.7840999786384679,0.780843641991579,0.8589111302005619,0.7596491365408607,0.7140103886724496,0.777817812625369,0.889322494276524,0.7116418449086602,0.8355472531745286,0.7743181563476086,0.9258637327918071,0.8192887518845346,0.808959769482585,0.7028117101283331,0.7366469755856753,0.9044901894937373,0.7171238732120937,0.8425999137890242,0.6609518101076747,0.6883024720989712,0.8283090033284425,0.8283755365023038,0.8643005815508755,0.7091780467649901,0.8466121545347897,0.866949760091535,0.7300984908244728,0.804603668684141,0.8492388347237698,0.892579147519129,0.8341275629706674,0.8047109586669919,0.7930196303724689,0.7663393053164836,0.9204474188140604,0.9207603991212534,0.7366931041199858,0.8757050121378368,0.884858251101843,0.8124919973671483,0.8637485375906723,0.8806791562444446,0.6733651801944178,0.8063592700955844,0.8491741739132806,0.730406112115769,0.7151833661649231,0.7302287245516712,0.8476374655788679,0.7960197576906254,0.8871366921952986,0.7745680805772794,0.8351001678988382,0.669355217826503,0.8216460708305205,0.7792776158507441,0.7785621326337853,0.6059252192568433,0.6963277534846297,0.74406513843234,0.8519281003883656,0.7918394886389287,0.8562303717209001,0.7588201729139996,0.9020875682665774,0.8177082409586728,0.6838891661428496,0.8997836939595861,0.7563481507216433,0.8024251802191272,0.8933152664970666,0.8517735635511645,0.7151142404862231,0.886650813018006,0.7553300208634715,0.7539491707207936,0.736420628295927,0.8850081737017007,0.8802857925632053,0.7759226104580524,0.8867434914679159,0.7122381307270927,0.8080253255465955,0.8494404727867472,0.7476311269072512,0.8422126532470879,0.9226498671039943,0.8439038962526265,0.7934930814138718,0.7891163084296446,0.765561107319421,0.8837066241997332,0.7287971219298307,0.7044345558283547,0.6836116231030562,0.771218670154521,0.865833430579712,0.7813660897175153,0.6641527106181468,0.8624895643810798,0.73195701367827,0.7861770528555055,0.8081980770793685,0.8616958396295372,0.698880977016191,0.7746922974551104,0.7728781302983211,0.6948455580063374,0.7195017419649633,0.8513799016305241,0.8387890327916013,0.8485167076533114,0.9091050693804783,0.75781470108109,0.8306623131986074,0.7850058782880398,0.8577206531440216,0.8465143945822173,0.8199806154058544
0.8164362385393042,0.810432664611974,0.7939146428210776,0.8794537827794132,0.8318464242564221,0.721925802410835,0.0,0.7598885152255657,0.744526330659744,0.8103826744735743,0.8372780784829134,0.876444922182321,0.792835711487672,0.7100869744776078,0.8876197501002483,0.8164868252101737,0.8010882306534738,0.8227905657712064,0.8100222837976218,0.7613093164582713,0.8464986486638261,0.8601979765774583,0.8779385956806234,0.8899248763104809,0.8212401697713023,0.8060864882624768,0.7782955718375004,0.749077467399723,0.8009534859783944,0.8222234573351405,0.8120289361855584,0.8169723641727933,0.8326451789621511,0.7777236785911645,0.75945457717438,0.7164720319833127,0.8318832596966977,0.7362906387135744,0.8534007857044105,0.9059310348511819,0.763325058628735,0.7959472175203145,0.8415648291361213,0.8263263990787879,0.8167566763783543,0.8219193701029598,0.7862086897086428,0.7899127979161802,0.9387552568410192,0.7916329590813187,0.902524774789382,0.7671901168783484,0.689786579152025,0.8743729057284094,0.8603254856237482,0.7236222126664335,0.8383447828193598,0.8105996048154791,0.8164670037119479,0.7738870044654262,0.7162948221024991,0.6384952148284153,0.7347804492640808,0.6680712534259472,0.7550084971001966,0.7243027534859495,0.7784452793999173,0.8239803673335641,0.7584662259500143,0.7915572604407002,0.8225444140863047,0.7355676026069711,0.6771757466710562,0.8940624816140215,0.7035247931820215,0.7439375594575259,0.9031017231333314,0.8714525620087022,0.7131946199517014,0.6962556040296709,0.6654161387372551,0.8397663681764131,0.8469146299652202,0.6428733116733566,0.7551499342204581,0.7546576271530342,0.7024611623912018,0.8076111109315258,0.7339266199681741,0.7471097734188248,0.8650536803562557,0.7733413276507235,0.849237547795074,0.763096633528388,0.8059296779119132,0.815931745100862,0.6421779416404259,0.7016383797944465,0.6408815385047865,0.7654945183972915,0.7297317243807583,0.8989045854867362,0.7671819708869686,0.76699300031574,0.699410588911698,0.7888358390209874,0.7476066079063254,0.7394710467309649,0.842900204284977,0.8035096542475566,0.9014986707819814,0.7691502238449766,0.69185899612869,0.6888664543681399,0.7262329631298294,0.8013750425032562,0.7126015011502068,0.910300218530603,0.7316140833499577,0.6306370113630043,0.8296843284544579,0.69940573688566,0.6919098303025332,0.8866584234075352,0.6708208518340895,0.8436221634578487,0.6585038278572221,0.8362592146733716,0.7183046252829458,0.8057972529753922,0.6817908536356616,0.7259364565553749,0.6868261445600379,0.7031502262047963,0.7594225140975709,0.7357309754049767,0.8016936892788996,0.8556401572354706,0.8134641779062494,0.8587241910414939,0.7094279722512344,0.7319040402101117,0.8670610492591316,0.7011782531069524,0.8057055019744397,0.830292319955744,0.8142665983793094,0.7630142528117776,0.7808003629289405,0.5635147363873771,0.7869171442161309,0.7206121469626683,0.859445621643349,0.8564467260563459,0.8442039888049735,0.7983905836163974,0.8047213589993926,0.8174464474319427,0.7738032457637444,0.8092713747710919,0.6717592524982255,0.7114435365101478,0.7948868512148701,0.8364822628504741
0.8582550388677416,0.9460532465193167,0.8010566734102262,0.8203269857677363,0.6466875637974644,0.8516015001763131,0.7598885152255657,0.0,0.854153625626785,0.9118507667876974,0.771210076201465,0.8366294858951381,0.8858585272842469,0.8120174652731762,0.7576118284501412,0.836225420762244,0.8458465077203492,0.8245312876168732,0.801720268067221,0.8676058229530214,0.7787246366000281,0.7987476816990544,0.7752135897186492,0.788571799580486,0.8689621781175869,0.7439163063767831,0.8142976106697992,0.8537637062036053,0.8357128989352703,0.7869993728597878,0.8471050732564153,0.8611101283951871,0.8528287286612861,0.8294807232783346,0.8109741019498724,0.7442117136376556,0.8240683919786734,0.8373484769384687,0.7293164022282184,0.8353220018967185,0.7723906675486678,0.8151774020884036,0.7342567517292609,0.7467094182949267,0.928737664110617,0.8671803362420697,0.7904246545970597,0.7303154122651152,0.8037377709894441,0.7644563734212747,0.7651439124088966,0.816764785802446,0.7572081447984216,0.8114168922986515,0.7726992485207046,0.8868274302926612,0.8269249162070224,0.7973478598756678,0.7626427097680232,0.8328086423692224,0.8361360681439766,0.7137239056954011,0.7657983548401466,0.7213912622451407,0.7016011269355761,0.7885240304941551,0.8035618288912542,0.7712213765285928,0.7841653151627367,0.8794014298319455,0.8003969117265124,0.7840539165155889,0.7455552841909204,0.8349243881780601,0.8993689790880184,0.8314421502807872,0.7477143604328301,0.7437362416543079,0.834147786735399,0.7173471863347907,0.7553259065034783,0.7856258915214307,0.8442924376216396,0.8396049488144564,0.7957378573318786,0.9424164773103157,0.7869339163960838,0.7492286007493483,0.9092054042017284,0.8705970792188708,0.7425414894520574,0.8118804610313858,0.756638843875758,0.815530348057165,0.7841012914207757,0.8584473181877451,0.7684450232525291,0.8954829814822741,0.6849975533648688,0.8960692829060617,0.7685901733134974,0.7785553008550131,0.6713991323439589,0.8342720782741601,0.7980758122895982,0.8637376627519118,0.7961917438874659,0.900243801011158,0.8290671685499836,0.8063128322949153,0.7594286317269732,0.7132157205097346,0.7749499488868185,0.8200866684310245,0.8338111736087939,0.9149201638402493,0.8730294951851085,0.7437789179129219,0.7587514346005518,0.7860061603711732,0.7301094555487607,0.8168875600403596,0.7932529547509561,0.8228318587919587,0.7173881721449312,0.8642777245151424,0.7286455858898653,0.8379657301667065,0.8543650911293948,0.8017379775555531,0.929979423388291,0.7776501126564822,0.7842209710934864,0.7687092786756053,0.7512999455244412,0.7120165032620591,0.8824109907817147,0.7939185854760348,0.8297244297358607,0.7710515939438678,0.7804849746724652,0.7987706643880901,0.878107369901762,0.699188161280122,0.7824183924781993,0.7955692018430777,0.7927814928790309,0.797254612498842,0.9183697800806239,0.6942847000514747,0.7825156975804085,0.7924171689038736,0.7742904934880827,0.806551614279757,0.8692292590046385,0.8161740697149625,0.7971926786597714,0.830565130669306,0.769223138540016,0.7556951527666811,0.7721074528940588,0.8138602500902788,0.9245338261176328,0.7599474534656365
0.8754611605533872,0.8788417878313727,0.7132583429516739,0.7212930356310319,0.6751368196699928,0.7660792928964624,0.744526330659744,0.854153625626785,0.0,0.7749211111575549,0.7567439903697788,0.7900126571867023,0.7764916504248667,0.7770241821399484,0.7950152025889451,0.7308569811535013,0.7182647885147856,0.8067187191766213,0.7670511821167629,0.8677964130481837,0.7256370595241299,0.8264181450401062,0.7020604955139035,0.7589453563537236,0.8267044432681779,0.6679916175845411,0.7292236728314376,0.7273667436379548,0.7589638210885445,0.7683497314956729,0.9101745559383194,0.7639629854115387,0.7760336056428102,0.7159174798736669,0.8692085585011473,0.7172798304009054,0.8009339560477917,0.8186944562045532,0.7605105474924511,0.7291180217025346,0.7151120319458648,0.821499052722222,0.7218495774081823,0.7662966294631057,0.8210295603682627,0.733729247774254,0.7259367099825776,0.7333713520089862,0.7766097719516528,0.75687607230547,0.7184866223607735,0.7269845578456122,0.7168961763981548,0.758222418082712,0.7296210595842176,0.8441438104837596,0.7851262932071248,0.7381118951185381,0.7400943383328712,0.7383334572390555,0.7429428840859684,0.6534903464340243,0.7040401618546415,0.7292581739776168,0.7538241348373573,0.713464217597948,0.7601452827309639,0.7657010382753723,0.7472364440177098,0.8524330317173309,0.8174289077986456,0.7884472018170956,0.7386865028606419,0.7288124905476512,0.7813832443738767,0.7757968628417081,0.6642595265618649,0.6844983075131186,0.7227064603758148,0.6611064748881024,0.6845717653921444,0.88589879004657,0.813970612375461,0.7330801221914948,0.7325687787052576,0.8724654747842538,0.7885897019025117,0.7524667384902989,0.7561771150333163,0.8618278483110032,0.7351865966668203,0.8433455492169392,0.7299927999384628,0.7622715640399079,0.7985070918789636,0.864501027587998,0.7581583439804755,0.8030835065138173,0.7240054912906175,0.7429702378527205,0.7776072561421015,0.6946821382099302,0.6636060634171589,0.8006484359734032,0.7784257754536552,0.7190621844391253,0.6411889430502589,0.7786375311466838,0.7124867784813803,0.7669805213530138,0.7284366818869163,0.7416780369738838,0.7323691016176195,0.7614905537860579,0.7327382358850545,0.7803544456403108,0.7655124741070547,0.7621646462983729,0.6668747481827143,0.7456645365252328,0.7586447489793418,0.7230382888892936,0.7620818866396086,0.7623434539770272,0.8186713685929948,0.769039106022556,0.6519573820402893,0.7619359242169986,0.7191666465229429,0.7813265893372435,0.8719331248684861,0.7065412690534194,0.7479438866149325,0.8483308261136457,0.7985436027550439,0.769761631200954,0.8358230379834045,0.7901706933692169,0.7658718482441585,0.7823311684386702,0.7618780208271655,0.7670212651719356,0.8493479941477372,0.7528194976009633,0.7786457742963596,0.790398850895336,0.8535031846680464,0.6640447184180739,0.8513142863244507,0.6317292257571451,0.8342402870377172,0.7635561439035119,0.782599393777817,0.7175071744530228,0.7758963288524034,0.8362504527269311,0.755798394207437,0.7224622550218408,0.7820339232595954,0.6772832866229815,0.6546392683685339,0.8412472916194226,0.9102275949299302,0.8103943971148404
0.8532562933954455,0.8962644147795954,0.8515790634789966,0.8400089507382821,0.6557882284014207,0.8504619249871818,0.8103826744735743,0.9118507667876974,0.7749211111575549,0.0,0.8135905206776433,0.8055171315834497,0.9151553253324735,0.7591769188327133,0.7612307468596038,0.8434022548694502,0.8451862785541634,0.8446141528321182,0.789503450740801,0.819878457262617,0.7998570261002534,0.8345643444494638,0.7808556349808514,0.8186418554118498,0.9136585083494408,0.7469309259611588,0.7771078595354042,0.8553800387187868,0.8392892860130456,0.764788548071371,0.7759857151796749,0.8688267984867669,0.8040600136766043,0.7814959875835777,0.7511861998168722,0.6615123629445265,0.8608939231397441,0.7507914987082023,0.695212042429582,0.8604841754164686,0.7025535227662005,0.8481367322212513,0.749003910204593,0.74918399319475,0.8646687446747351,0.8368181067817326,0.7594394490249231,0.7665515806525032,0.8423591899033924,0.7087153239586345,0.7803448028297045,0.7852574326643721,0.7090473287428546,0.8161601419496037,0.7686627450153806,0.847801393221164,0.8006200779643781,0.7679083994312217,0.8125059969723674,0.746257709069786,0.8567838258559769,0.6408423923063032,0.7605986796329339,0.6462768512385124,0.6986261523587702,0.7986015760926861,0.8300959786322527,0.8364249953196152,0.8055342419702143,0.9105240351484801,0.7991598916979311,0.7181854366839173,0.7440123815593285,0.88668286883273,0.8481463157426237,0.8211452182532378,0.8105170051298669,0.7575939600137002,0.7507043941666232,0.7389008624144119,0.7824965538191696,0.7519129393784523,0.8540706114417748,0.784394953297625,0.7450150973653895,0.8375683140628043,0.7984818613721917,0.7394186890856815,0.8522549584164317,0.8059672488464202,0.729242008270083,0.724644374311356,0.7330360843602534,0.7951843426997781,0.7758107056954819,0.8546812713609026,0.6912821534071006,0.8075127363932367,0.6039833943795695,0.8530937396314245,0.7216083234863869,0.8405013807181161,0.659841247767542,0.818245575939254,0.7111153904517995,0.82264832154805,0.7809855988108484,0.8951787929928814,0.8086511920178323,0.8532395917435934,0.7983504071233928,0.6543978390675098,0.801774188528659,0.7605788929225392,0.7605668459389103,0.8671741203892247,0.8370960330140736,0.7924171979212753,0.8062577271428633,0.6927809920666405,0.6925891594492615,0.7129501577891824,0.7653960711424503,0.8448641038496827,0.6868703805213295,0.8655258273845126,0.6657095274602338,0.7738978591593093,0.796016795229365,0.7762134160473957,0.8376714795828327,0.7806740489202202,0.7635366776349702,0.6868713382272899,0.7575151757517515,0.7064976292001005,0.8437119506254596,0.7498323755416062,0.8215079431814349,0.7314146424762042,0.797752735147083,0.7520573121699656,0.8271174397512772,0.6457757728264029,0.7764505668823951,0.7753776191538164,0.7390005393134406,0.822612491272423,0.9016286696417137,0.6037681967217917,0.7567967415261093,0.7726744955872329,0.7475272369183608,0.8153721227801294,0.8744291099489795,0.8433368961376565,0.8546111001561953,0.8647494584532373,0.770258039940829,0.7826038120713082,0.8209524634176443,0.7720735265222471,0.8459388697433411,0.7694811376917329
0.8958244876100726,0.8471403735831275,0.8474406555019998,0.8672274018832734,0.7749304217215992,0.846124293995936,0.8372780784829134,0.771210076201465,0.7567439903697788,0.8135905206776433,0.0,0.841567675737914,0.8963327875612569,0.7600664752283433,0.7853725588713961,0.9058555946999142,0.8738035112306897,0.8171057658966724,0.8178824024641511,0.8568660451365733,0.8974310675357546,0.9102320904279647,0.7529989340580224,0.9175778127814829,0.8965013840115889,0.8571004223661196,0.7100929279992645,0.8254798925946275,0.8952049652985977,0.7655051547159463,0.7830254621789875,0.8416505061915069,0.787121369964695,0.7782031111160123,0.8214679701367259,0.6872374687588658,0.9411169339848987,0.8188730760197542,0.8253244887489869,0.8781151612542639,0.7322721513122036,0.8630624262142407,0.801957128326656,0.9143871020083336,0.8110471957663994,0.7498134545359797,0.7113326990500396,0.9446557600350811,0.8962660597995433,0.7414986857434652,0.8297173065995207,0.8310691776493241,0.6633695720556863,0.9003881603439001,0.8619820232649258,0.7812937743628866,0.8648286750759466,0.8272174437353694,0.7734006536206463,0.7137944598327268,0.8509686738946614,0.6159091017146545,0.8052798314852432,0.6800295978820733,0.7232578078200826,0.7749757406382417,0.8518489102817209,0.860198563006243,0.7664443781797015,0.8895961187864803,0.8649177800152372,0.7506668648149718,0.8069687129993318,0.8930915278183404,0.8062223138065515,0.7720007582749221,0.8864349583036409,0.8377161548801068,0.7338862586704451,0.8468454362237193,0.7905392436550074,0.7836836462509787,0.8482990819256696,0.7816797546837255,0.8143396967940629,0.814456059768681,0.8672146558879607,0.7062274285908146,0.7123140043992686,0.7866217503030948,0.8117772473275813,0.6836249026981855,0.7911752516905652,0.825148940782065,0.853830000653339,0.87366744816421,0.6844322292068015,0.739329536319162,0.6516390726590409,0.7445612305763076,0.8004608823201432,0.8420162764113327,0.6665021570031633,0.7199193988702252,0.7111284965745489,0.7792345549400966,0.7263492674587277,0.8450346417100093,0.7478322963370605,0.9223910234488016,0.9318629567243211,0.7651127772735237,0.8333861200749296,0.764928757962189,0.755877794672338,0.8469827474744146,0.7644712934360334,0.8637527931898131,0.8816008107438744,0.6819219236097549,0.8447810176993913,0.6715496256199036,0.8545694580167703,0.890133976463752,0.8016599638257418,0.8854625744945138,0.6289868693942218,0.7848233553260926,0.797359412592474,0.7832857759093531,0.7178679844837359,0.8404322808880025,0.8394102363698841,0.8134597746749336,0.8879056741882876,0.7936792924196835,0.8586996962446904,0.8144692113111069,0.8252797068899028,0.7547611036621995,0.7754934390025708,0.8137968612970828,0.780324138662399,0.6962911742491432,0.9291800432813754,0.7664049292277768,0.7972376081452253,0.7269084505767214,0.8472308823453327,0.6264570406454552,0.8657953914124713,0.7450388582225296,0.8354691444501393,0.7163783605039311,0.8761304459711168,0.8833254747673667,0.9290107705412893,0.8605530706952375,0.8499109542752294,0.8430824250184611,0.7007337779482642,0.8357638573470856,0.778439749339108,0.9653437218995388
0.8114383778943001,0.8556274025833494,0.8145072947963102,0.8044768758894353,0.8194511944066406,0.7943501197941633,0.876444922182321,0.8366294858951381,0.7900126571867023,0.8055171315834497,0.841567675737914,0.0,0.7960939300917147,0.6988239384534873,0.8079224156471654,0.8836493269029241,0.8419298564370777,0.7556341270921816,0.858890496906579,0.7974101574170495,0.873308151586476,0.832093811964272,0.8452323072188721,0.8741800991737909,0.8434851314030755,0.8069343804114442,0.7630527463655495,0.7673781756140168,0.8301828773755419,0.90449858668647,0.8499762911667056,0.8378363104096187,0.8084820941674019,0.8423135123446205,0.7686105478954202,0.7488626905984934,0.8315886555296477,0.7928732763953312,0.8898533785994751,0.8347176036587459,0.7873305215207472,0.8351685269870713,0.8066751910576538,0.8329503890906835,0.8428325089029746,0.8085850805241435,0.8117810217747611,0.7969183881307589,0.8701463982318883,0.7806887967525054,0.8379614536305322,0.8099887702736012,0.6683748371922555,0.8514523282404783,0.8441685040854255,0.7925432290979935,0.8438042471744835,0.9233255691146276,0.6977832444068269,0.790597410044562,0.7211924210561765,0.6665867099547678,0.7439587499660326,0.6909202732669435,0.6872151335257787,0.6975288554312351,0.7335535600933842,0.7742951511657261,0.7025131291340843,0.7973440496349271,0.8004558774689604,0.7238933243312157,0.6685640391281287,0.837764377640259,0.7622212870063756,0.7339603614604829,0.8425107066245068,0.8877568273141904,0.7610952574919122,0.7373724534872554,0.6905370900946269,0.7983020549757471,0.8844703176571349,0.6946806751566715,0.7902080511412586,0.8371825552888668,0.7351000792679467,0.7179359244435249,0.758467331158234,0.8175350678040428,0.8461586662529423,0.7920444221609828,0.8355073546677702,0.7618449843160447,0.7417644582732639,0.8575792026188124,0.6687805790621919,0.7932292094532849,0.6733504535130956,0.7552803691517829,0.7399318009040123,0.8498927217557902,0.6990301584047739,0.800395643715398,0.715401073325915,0.8417466481369119,0.7626885367794091,0.8161047511644128,0.80345324447916,0.8285343067039302,0.8885891057560492,0.7795485902432068,0.6869782214798634,0.7526342193373063,0.7433156074223136,0.8634521187197403,0.7493725115856573,0.8586444384398507,0.743898432816966,0.6823461457896312,0.8398234655801488,0.7387813912973822,0.7454571610984108,0.883672819873171,0.6809259022783741,0.8794045744917514,0.6714828745328265,0.9075616615364939,0.7908284975240341,0.7487478863235746,0.7814429310214542,0.7901525937488643,0.7113983656845129,0.762061989141325,0.7643785019214155,0.7054485122392586,0.8800712246864596,0.8167735014931644,0.7865709879288483,0.8748394819570515,0.6625508311578749,0.7893680290532108,0.835393051953231,0.7017383982292764,0.8387723922427632,0.8129835141924854,0.8800618506937368,0.7596717498034229,0.8491258839562378,0.6634662280709795,0.7910400380659861,0.7165369510160505,0.8563552979345859,0.8286042690639523,0.9251538575596928,0.7814397028814025,0.7851146976418873,0.8661328368065492,0.7151844505186359,0.7815796155748568,0.6304660154413445,0.7457937205664803,0.8531663779418421,0.8413850406548422
