0,1,2,3,4,5,6,7,8,9,10,11,12,13,14,15,16,17,18,19,20,21,22,23,24,25,26,27,28,29,30,31,32,33,34,35,36,37,38,39,40,41,42,43,44,45,46,47,48,49,50,51,52,53,54,55,56,57,58,59,60,61,62,63,64,65,66,67,68,69,70,71,72,73,74,75,76,77,78,79,80,81,82,83,84,85,86,87,88,89,90,91,92,93,94,95,96,97,98,99,100,101,102,103,104,105,106,107,108,109,110,111,112,113,114,115,116,117,118,119,120,121,122,123,124,125,126,127,128,129,130,131,132,133,134,135,136,137,138,139,140,141,142,143,144,145,146,147,148,149,150,151,152,153,154,155,156,157,158,159,160,161,162,163
0.0,0.5741216184788015,0.5232412290787083,0.5699435439496219,0.5053726293486653,0.6199461872262716,0.5388952917050436,0.5154098948452379,0.5991796549059312,0.5231312252005038,0.59658212383575,0.5124990413179673,0.7120328540372469,0.5321095682307303,0.5582888870178904,0.6139835685039086,0.6171853368088716,0.6505021526063193,0.5522418083525832,0.7478390329589183,0.593131250869932,0.5959664175001418,0.5099419953296478,0.5885901302483106,0.6482137134557415,0.5546596724324767,0.5120070214847541,0.6342900970536648,0.4637917773396835,0.4911840721242278,0.5758104461980396,0.6079567124070994,0.5460691418428951,0.5511141808761186,0.6454684851971042,0.45745859683784557,0.6630824554377867,0.5581476349449489,0.4936026773316875,0.6094444215353624,0.48655032065838466,0.6076291977713764,0.5324208766221156,0.589814248797356,0.5798578774945545,0.5738478292716405,0.48940957115405864,0.5352474915794334,0.6117635086330255,0.5214318701859928,0.5549207528322144,0.6121235398398408,0.49901061815049996,0.5508857703977991,0.48901119255816755,0.560332076345014,0.6230323633503816,0.5340058394885719,0.5429932025436995,0.5088615407607362,0.5559835225631683,0.42976382494221843,0.5478357307663441,0.4534568326209172,0.5430919292649442,0.5815239461753574,0.637389206397439,0.6246428865657281,0.5275186806921985,0.575683507174999,0.6442377560106672,0.5334513175575674,0.5820286720618695,0.6287036454656508,0.6004788674242576,0.6092297897111489,0.5420696593297222,0.5499001134698158,0.5271918518046216,0.512125173763803,0.5706535969188774,0.5894614681470881,0.5842372104211846,0.554442213386429,0.5448315709514154,0.6194344644739137,0.5539758909357105,0.5303352141184035,0.6038389683672676,0.5291528379796433,0.5477341476479891,0.5237597372247861,0.5025833711114056,0.5992392297553253,0.5589344062454987,0.5627971022651241,0.4840626660145531,0.5606156222147521,0.4381902901263732,0.6000343018618868,0.5188561892920239,0.4509327545200296,0.4829830036881907,0.48550756798117833,0.5272793120352011,0.5903242183170824,0.5107996197034093,0.6354311944571683,0.5332583686717866,0.566595835203456,0.5932832790315944,0.5128980293291219,0.6245673464878881,0.5552830317798243,0.5461500642089764,0.6425983602225875,0.6105485092872496,0.5177892021889424,0.5447648982332535,0.5151522075902379,0.5595000509521525,0.4609164904037851,0.5796080939464955,0.6377266678986963,0.5524017455784677,0.5295117783243626,0.4698425777883997,0.4724303010062982,0.5060723589700317,0.5655999900070601,0.5322720661284245,0.5905107927689589,0.5513337552679931,0.5780840942688522,0.5657513427540429,0.5493707744973327,0.5847368067000993,0.5765681419146018,0.584340796267836,0.5165176818925465,0.5657253569881532,0.5310141743506923,0.5856585619809855,0.4867473833825048,0.5929599907617897,0.5725751836296428,0.5548534246079034,0.5356431545022878,0.5670251783150496,0.3764200193403712,0.6259738936357889,0.5237655918498855,0.5436388770198267,0.4624736241697808,0.5693547652092341,0.6265910393607411,0.5803859968529913,0.6261507784699565,0.5923700528354832,0.5557252290555836,0.5279754808587785,0.6152818302958722,0.49020356954341043,0.7059017065903042
0.5741216184788015,0.0,0.5659098627838264,0.5190666756947683,0.503200502260478,0.6282937457938932,0.5449498370000488,0.5036441941993153,0.5602155949291464,0.6518404025343253,0.5190648789283069,0.607754857617155,0.5770967523105967,0.525056507425947,0.5509491554267781,0.5878440197641541,0.5819930143011484,0.5314509993147206,0.5448924590083135,0.6279380253802332,0.5640479325275239,0.5898630021975515,0.5156552060054144,0.5842240328529359,0.6351188917228273,0.4874708340715885,0.5168689397493642,0.5408797118241343,0.5748043419944501,0.4988300498608831,0.6060378961507112,0.5835569785099275,0.5771561558710574,0.5534230093426241,0.6053847060953328,0.4943333514625186,0.5421850281184372,0.5358377625048034,0.519398012021933,0.5821715281378241,0.5340087837221279,0.5781640019495039,0.47489070177287374,0.5582328593000291,0.5805593220013325,0.5428269747418734,0.5463320895495761,0.4879636731443921,0.5643884505877588,0.502717262788745,0.4987308955957249,0.5560487239190718,0.4986602803810579,0.557637759562303,0.49847545549447103,0.6153977498246219,0.5349520545383346,0.5309526036750435,0.5098108124787311,0.525904129012824,0.48914204542598533,0.4318294020566539,0.4688206206773029,0.48559589090012806,0.479473105624584,0.48228962461323327,0.5329428841401304,0.5200052200911593,0.47537325397449687,0.48679700483370186,0.5316171904200918,0.5221964870234047,0.47519501744863785,0.541879386475175,0.5630892980325917,0.5483565336726148,0.4746319433598375,0.6055833194291802,0.48908970223132675,0.46764241211214946,0.5400366103995223,0.518747029746007,0.6331271091958532,0.5172647118180024,0.49282193792904594,0.6438531230766206,0.4569354379001312,0.4748697524747861,0.5864901848445987,0.5593097996455046,0.49564098858363,0.5762006721225433,0.5209354400088498,0.5151712726561312,0.5017138704899607,0.6634156089833517,0.4690563390597504,0.6495258759194189,0.44887683384531446,0.5709196974483725,0.5203142142542123,0.41192077601344457,0.44751657798413447,0.5625133069287194,0.4877310010797692,0.5717857743643033,0.495378178040657,0.6737193294545616,0.5633922124327286,0.5806961742252393,0.5500644291342363,0.47793913287358686,0.49897564692561686,0.5254587982406057,0.5030354638311115,0.6153325182990135,0.5965559399712588,0.5177418969839724,0.5276756486997404,0.5150885756001368,0.5322940013594378,0.43125493467269205,0.5222768673685931,0.5955361371001636,0.49727362546197085,0.6040685267384722,0.463479554354864,0.5105066025472967,0.5876779473376653,0.5456831978163911,0.603451469833723,0.5374012024001676,0.46055787701707973,0.5378218947436594,0.5276374942876675,0.5104302658806208,0.6505583645043715,0.5806121448498669,0.591543610345331,0.5127125181735651,0.5211567149866296,0.5585496216833203,0.5819869143172174,0.48718855622510615,0.5821528596419553,0.5277397623839806,0.5925291978152556,0.5794085210741208,0.6928486718613419,0.41812510134989644,0.502727012278593,0.5433771638965719,0.520762321729239,0.5436728454600633,0.5967506989480893,0.526997819780637,0.4846383088172746,0.6285241377043655,0.5270638533448934,0.4731604445203005,0.5326278120316047,0.558285795981456,0.49037527522641067,0.5369289485121229
0.5232412290787083,0.5659098627838264,0.0,0.5254581081151924,0.5485424058119701,0.5634228407779631,0.49492971974022626,0.5368209075068254,0.510070519505255,0.6263546358784055,0.5602190226447765,0.5667044105118272,0.5492054587442529,0.454715592827919,0.56687084646133,0.6124983908355337,0.5612503223991182,0.5415355682460482,0.5287921197838321,0.5431412337669418,0.59989913334539,0.7365261548787467,0.46829165357149877,0.5296200556495154,0.5944176562370215,0.49524741671497724,0.48930835367593056,0.4939290336678148,0.507751662423225,0.4772912071168714,0.5337852202405179,0.545496938503519,0.5424249724669785,0.4575465011481488,0.4994418215666131,0.4766902736668481,0.5245338232039121,0.5220012171065049,0.5201814227269194,0.5237014302620311,0.5046849788744068,0.5500282023810451,0.5420983603709296,0.529692873218468,0.5420253430798128,0.5100747281561832,0.4922788439405648,0.5118210455999489,0.5171434662719164,0.5095432465904193,0.5126156905119481,0.5228033188739255,0.45352987449820953,0.5763229405605013,0.5045215483239875,0.4751284892230526,0.5086505067196021,0.5900726684965919,0.5032360613707696,0.4645245731244936,0.5028041962973516,0.4060800594344405,0.520570140999585,0.4489301367569436,0.4791876339025421,0.4788323630314358,0.4937911223520538,0.5542353288700045,0.5636036989356562,0.5543565944245175,0.5407719681364009,0.4543863731229982,0.4603286366390094,0.5763793682340902,0.5679721162096307,0.4461621169282367,0.5041490850388348,0.5469291750663146,0.4786266023283522,0.40367831973248186,0.5139298172715345,0.5262317119820593,0.5573662395584917,0.4899299332194544,0.4702652056758716,0.5593714554389453,0.4762857964618755,0.47763903318098666,0.49672974421407784,0.4574882575992745,0.5200180588466087,0.48126230640527456,0.5099909318397746,0.44598720386569934,0.48232445191081463,0.594926439810003,0.47259250054298013,0.5206823859220195,0.3957685109775479,0.48461714170919823,0.4393692521046796,0.46954719591584615,0.45751132898070856,0.5860535471379466,0.47437280062558046,0.5436578850163772,0.5109844589174495,0.5719678913188081,0.5126877311703537,0.5074336850525258,0.5252460185060149,0.46779725115951515,0.4701317870841103,0.5092847898593001,0.4614593640441342,0.5128781711820283,0.4847828361131316,0.5628866007335945,0.5437321513208389,0.44629848252280907,0.49612546794764734,0.45406515972850114,0.44258153045674786,0.5291566643903919,0.43087857875172425,0.5651642154721069,0.43293162573664934,0.4826855123931201,0.5254581607095609,0.5392871457283491,0.5009150583174315,0.5992137796191527,0.4257905726105489,0.46938687319609856,0.5475053543735366,0.48152702940864045,0.5069960313233416,0.5118273323032276,0.6166575891649324,0.5135598279760675,0.5202119597648418,0.49271103567243907,0.5058733732427687,0.5045317575245863,0.5379056329823406,0.5032015285865102,0.5793885718539592,0.5432399686285505,0.645287330149601,0.37436523993634685,0.48366020636678964,0.484879302346251,0.5438456467831292,0.5334652932109577,0.5914578822023611,0.5259044055155121,0.44758012336243286,0.5721006963970798,0.4566919816511287,0.44039503619107434,0.5069871731217931,0.45722093259113106,0.46665190926374117,0.5119252400406598
0.5699435439496219,0.5190666756947683,0.5254581081151924,0.0,0.5548436752226978,0.5101230131659111,0.5674316850889242,0.5349152971688967,0.5073561506906871,0.5084957454200504,0.5672352849762622,0.5281733628899795,0.5492494527531707,0.5218639594819262,0.63682594231671,0.5948848546580946,0.6250941947736947,0.6387853668989225,0.6125317384463124,0.5778848076466683,0.6765368845410454,0.560406446505399,0.5414030584803069,0.5330865775183002,0.5660170801052032,0.622680517960252,0.5449986077487436,0.5785292904751037,0.47218492365081177,0.4616710931997526,0.5828151201715136,0.5909053460861184,0.6865192865019158,0.5499285497798002,0.5786110735616983,0.5532101266961365,0.53931761582033,0.6309759722823652,0.6136165653447979,0.6533083477764725,0.6103041816466137,0.5026438189102651,0.6515400730092713,0.6144909816275911,0.5888315623858846,0.6461606020306212,0.4753208430034257,0.5015649894532538,0.6230922583164873,0.6439001143294918,0.7326385540614704,0.6224700176195229,0.5632443981314004,0.7020686076162397,0.5995098198430984,0.45445367520230545,0.7006173113606806,0.5955146436947242,0.604784936213251,0.5830117302078746,0.5523383438514021,0.4784072266213151,0.6277465744721079,0.49610158051643666,0.6255029898526011,0.6245968643521135,0.5991916229626181,0.5334480126133676,0.5788240802914189,0.5754948939043255,0.6254573370756974,0.5808478558357909,0.548933638389497,0.7434973271677554,0.6080197068161558,0.5377810278409018,0.6468845186889318,0.594886902132914,0.6268624911030041,0.45611780327272516,0.5469056400005464,0.674060273407674,0.5072947967040977,0.5393426129133804,0.6480962232768134,0.5781061930827911,0.5132610246961404,0.6516113985476183,0.6031362224747002,0.45562274319379203,0.6485366639128758,0.5631799220825414,0.6176523746425494,0.573507106236385,0.6470779703558412,0.5181331045305232,0.5606755104387746,0.536804859748506,0.4639268404603015,0.6078312935298581,0.5316845573488986,0.5368562828399291,0.6314706926897166,0.5382140866630721,0.6181560550281688,0.603935229217362,0.6636207236987831,0.5356604234224462,0.6199913672320204,0.4644669419412294,0.6463679821499564,0.6375030689991087,0.5284093020578515,0.64611146628491,0.6109435317136486,0.54257202986099,0.5705374685654642,0.5563447554963552,0.5551906110355034,0.5161475634896235,0.6234174677046261,0.5763242156451801,0.4795989164967252,0.6297889863323419,0.4917548583165985,0.5632881221913566,0.5267731843021229,0.49042547114751556,0.547554167915089,0.6816710027337449,0.45537643067737066,0.6256319588688455,0.5140828559971303,0.5770251943851961,0.5581052708891513,0.54899615508747,0.4745301924690159,0.6646399773982921,0.6542483376824518,0.6505482541508425,0.6187289808728342,0.5275529108703838,0.6432173987430048,0.612961203048571,0.6195574964583641,0.5563729698030289,0.5408349486277527,0.6100295377180295,0.5366277516648117,0.3873916854903596,0.6453696394215412,0.5817665607030335,0.6384146384975823,0.47052691861051865,0.6295274210338755,0.5652590916222872,0.464391231468408,0.5610651150199892,0.5864228732634272,0.5947494427076441,0.5631332493920593,0.5379750190964782,0.5782710925601323,0.5957550729545623
0.5053726293486653,0.503200502260478,0.5485424058119701,0.5548436752226978,0.0,0.46562687538536074,0.5733905927874542,0.46004857562365503,0.500894827080882,0.5108728687404138,0.4923099949776693,0.5235829640325163,0.4730497257197955,0.460269951045933,0.5559467596656776,0.5532698582860329,0.6074046532587571,0.5834110326667593,0.5348500482079435,0.4953954737729948,0.6151317212639954,0.5579788689975114,0.5689119402325158,0.5083727201221249,0.5159840860726063,0.5077025133658466,0.5299966893937976,0.5036599371045993,0.4525390418290147,0.5365722829126828,0.4902625887022571,0.5155348721421346,0.5329391713940408,0.4714161975350149,0.4921151412523254,0.48607684636423854,0.458505889529532,0.5310402399074088,0.49840990618147046,0.585434359983283,0.5510471126592595,0.5630933122516217,0.5375981424829545,0.5080328530901252,0.48281667980023724,0.5476375987991028,0.5509126367309525,0.42997603892248143,0.5626096682885162,0.5636002903682964,0.5722769727362974,0.5593748685448316,0.5160911104563031,0.5308539662988034,0.47769229995335094,0.45943651751623416,0.5620688187737171,0.5875828141640659,0.5294673000211639,0.5122674003153145,0.4231236916446608,0.4337043353708387,0.5094274886908735,0.46805790670984265,0.5260071601009656,0.4745938286820439,0.46363954282649367,0.4941973592919207,0.5449274518149801,0.48183213043456513,0.5187561574531211,0.4854553174665064,0.4608588096758302,0.578697220246943,0.5280415290688679,0.4542486406988024,0.5055395984514216,0.6387682559584862,0.48692416119201576,0.41332548637899574,0.490604862395346,0.5618896673652553,0.5332172622029278,0.43958417348140105,0.5349514177904933,0.5280636369696362,0.4126933066928628,0.523053519692037,0.5062454300815307,0.42970014739306445,0.6643901506787185,0.5225034381839372,0.5670029287481025,0.4625678009637435,0.5446178060589417,0.47894801540091564,0.4364420227413128,0.5070540681007448,0.4359915997268123,0.4970469854325888,0.4278751082779628,0.4337134378807303,0.5125493287189556,0.5245588506790226,0.4959328378318471,0.5630089692315405,0.5253905895646277,0.5438534990600742,0.5791768515594349,0.44400375302736833,0.5351793732415294,0.5428259492975666,0.4338499811838237,0.5483953847397892,0.48552641934410273,0.5510832553917422,0.5118110185974161,0.5282609081974684,0.49626851947480666,0.4750170379809993,0.5896034537435876,0.46334006660581956,0.4323045993070902,0.5529214461218338,0.42968532556129346,0.48081546061875147,0.4879829914041661,0.45262460428915136,0.4832828342068343,0.5422001920148889,0.487578379660813,0.5679009930033497,0.4052418988764022,0.48690644767149494,0.4495779647607413,0.47648780908539917,0.4648892061011206,0.5557848010584058,0.5485552140325286,0.5597159633970518,0.46022594627219704,0.48404500522611216,0.5842072360560262,0.533160895134947,0.5102365444443884,0.5328493703802526,0.5551469313658927,0.5671654140511345,0.5234100265220606,0.38360467663081776,0.46927515054807445,0.5172821598705848,0.6095015562850671,0.5369681657326995,0.5708682523565847,0.46187723887550514,0.4122860837691072,0.5413725692774034,0.4577724138340307,0.4884182180303711,0.5085562255029424,0.4698228755440582,0.5326252047732333,0.5404470670747663
0.6199461872262716,0.6282937457938932,0.5634228407779631,0.5101230131659111,0.46562687538536074,0.0,0.47512466821860666,0.5404636858333598,0.5478274163310904,0.5428038857916246,0.5813860040350148,0.5533869989834334,0.6848578566999046,0.5094394905041624,0.518634610555365,0.6378217371708934,0.5536442835179928,0.5085036738973611,0.5212471323974488,0.6602277226488595,0.5534962380314727,0.5853270857247242,0.4414158250103338,0.5451019046284866,0.6152001710240703,0.5210244171798104,0.463958617729182,0.527052993349131,0.5176678941048343,0.4625471608730729,0.6088573527836958,0.6080303072816229,0.5496235640179431,0.5274047862816339,0.5952208821911097,0.47398935110923324,0.6522392988697003,0.5409204659917044,0.5244847091772092,0.5166051598519742,0.4825627198123042,0.5323413706912291,0.49626800703779284,0.5995225911458882,0.5963534939631182,0.5148660693338913,0.4769942651296783,0.5894692267951595,0.5156937304749748,0.4887090204289955,0.4989753572937963,0.5627108105974782,0.45723408500240204,0.5634730366577563,0.5100362321877651,0.5626320303317363,0.5314963625285768,0.5412697553590728,0.4700764865150052,0.4876066568538084,0.5903585412067351,0.43396061792446217,0.5184066789369015,0.45081176480498797,0.46925994369649704,0.5149411203726489,0.5719627623752959,0.5731472826241164,0.4743854247306738,0.5409754812823176,0.5871212674492227,0.49632750711719303,0.5075281675904887,0.5499407978441067,0.5874605306073194,0.5416634442080245,0.5056984694658093,0.5382816508137316,0.5021558730622491,0.5016921053686255,0.5620011369754792,0.5153669107316221,0.5819933686567123,0.5938351181992143,0.48551254218212103,0.615506343762353,0.5657478188488758,0.46843971980100685,0.558164195306727,0.5502266708356479,0.4811933076400004,0.5075498892780136,0.488408107086104,0.5288257274746817,0.4842410354799922,0.676853960576427,0.5102106099741294,0.5683754039242827,0.42895189281519147,0.5454212710591813,0.5379031267218283,0.4471316922110592,0.4377113837261117,0.4947856438361243,0.4986724338712152,0.5609270551299723,0.4950237872067802,0.5785255392150572,0.49443401326197,0.5848775252778073,0.5494259541460558,0.4656756536229367,0.582493754588584,0.511738695546832,0.5117221333002757,0.5651510154949411,0.5427528918240311,0.4961215589822918,0.5437895657161224,0.4984295267530227,0.512177812916622,0.45172094320761935,0.5497128297101149,0.5816538870733762,0.5162540311182006,0.6118300827802373,0.44602534893107343,0.5227993140482166,0.5552628119370335,0.5272330814632629,0.5304193235435286,0.5859478373242584,0.5338946680378073,0.5540412266170788,0.597645937965507,0.5195368513672795,0.6227763515564769,0.5286622437576354,0.540841041188748,0.48780765019278316,0.5535581883444,0.5642104977992022,0.5135793941579313,0.47238816084482194,0.6056710686303077,0.5049449525452296,0.5743295589320532,0.5223544875505666,0.6030886995558743,0.4010974280725964,0.5583721823177226,0.4950576503733783,0.4877102407555871,0.4563285184263919,0.5565593625622876,0.5897063803249484,0.5233037387774102,0.6207167115514695,0.5236458093026402,0.4874290026090816,0.48918955736043207,0.5550518650586946,0.451928357674346,0.557706671228829
0.5388952917050436,0.5449498370000488,0.49492971974022626,0.5674316850889242,0.5733905927874542,0.47512466821860666,0.0,0.45435673143468397,0.49033587567403064,0.561237639605209,0.48394174095182524,0.5526081529576858,0.5040795548188729,0.46502787281837366,0.6103764211186776,0.5212506874715155,0.5584397398991732,0.5743700537495198,0.5604829217353186,0.5232822990768936,0.5823311633448822,0.5280055830121415,0.6799526738021042,0.5995974491069513,0.5834806406271696,0.5041947390405854,0.5243436623150209,0.5311241020794751,0.46103478034725426,0.498851753810261,0.5364901660650027,0.5539609602082646,0.5436697695391454,0.5667118730560917,0.5183800738732064,0.46259448490002153,0.503040619469003,0.480333222945854,0.5040532183325928,0.6737153782113982,0.5114473324460156,0.5498037964492613,0.5194362169436427,0.5293537600831024,0.5258913189338504,0.5939633465179432,0.544247353318746,0.44476344795995687,0.7097272355021246,0.5154543778473443,0.5772645186457133,0.5325121786843879,0.49870567303847213,0.5416962743030244,0.4911347568316756,0.4966165535928362,0.5628199740886528,0.5030598286330399,0.5884465311479496,0.5201629998449704,0.44032102665829226,0.41469216558746314,0.46160214641753416,0.4464965218988394,0.5338659928629625,0.49906808668458796,0.5261065841256677,0.5216997063042065,0.4801618118463066,0.4661480189427858,0.5212172345319761,0.5000546845387068,0.4614073151511557,0.5955013986011088,0.4817633690301837,0.5386196042435101,0.5334826974424749,0.6416619188882575,0.4800226765917519,0.4367803105566821,0.48449672660767323,0.5551630838520979,0.5556460644090833,0.42757303939956,0.516146322244154,0.5147047234556897,0.4221852107117803,0.5425674912336254,0.5632137399948778,0.4681465860630908,0.5455931204692732,0.5733497756274871,0.5371401021591091,0.512271653770444,0.527255090510073,0.5121597516368221,0.42735241027384135,0.5418157727980722,0.4229794261841452,0.5721722783724795,0.4606038993942838,0.4354978091104836,0.5185748242525249,0.5317877145539832,0.4712110698270597,0.5553823409391332,0.5168177624527446,0.5581939691435975,0.6217135689292888,0.507650735457037,0.6256787741509569,0.5050647512796095,0.4614131420598161,0.5022036515352757,0.480953821163336,0.5429876970991495,0.5607038551914368,0.5670691918421479,0.4928696490386362,0.45305178829873305,0.5330668855035173,0.4311450185810702,0.4561133593717084,0.6277952503163572,0.44244431791784605,0.5141776623841051,0.46815786266089726,0.4637557723852932,0.4861135158440769,0.5394193197898894,0.4725487338322248,0.4921296548151458,0.4201755460861529,0.4710013640061914,0.47252139996730586,0.48305001854357704,0.5075315607262864,0.5904982828647237,0.5696696123692659,0.5509569912650719,0.48288462066326066,0.47386796692863925,0.6349458117452603,0.48035259880643294,0.5270136715187536,0.5909939856684553,0.5180055289719192,0.5831705768553004,0.5401829423454145,0.3556671647634351,0.5028539343860358,0.521822753605218,0.5433294212805938,0.5625654627149569,0.584359953051766,0.5022155058874013,0.4642504764279887,0.5845675693076562,0.5104037171536743,0.5220113530273959,0.527628770768636,0.4965137990496255,0.5151767343034832,0.533313556628346
0.5154098948452379,0.5036441941993153,0.5368209075068254,0.5349152971688967,0.46004857562365503,0.5404636858333598,0.45435673143468397,0.0,0.5645167045080917,0.4899376405740062,0.5007335650427361,0.5678533024429189,0.5481273927514376,0.43747418860540255,0.5719635014239973,0.5717833349056348,0.49221593812168096,0.5032597607864809,0.5147060935097536,0.5265071272941052,0.5175030856386521,0.5406237633851565,0.4501145675597471,0.47307191026066103,0.5317751487829049,0.5108187700151599,0.5239037077568502,0.48459937870499936,0.42028730840821393,0.49002870454579583,0.6506290220088818,0.532791090677499,0.577856812988486,0.49037252092321415,0.4804414685337687,0.4785620581914053,0.543099772027426,0.5288723891974186,0.5653073472445469,0.47738860718368176,0.4807405065587629,0.46974543555599735,0.5522255154229662,0.48352147223499775,0.6462820081323666,0.5527932069600885,0.4501689704093918,0.4614632368979685,0.4758215524106245,0.5022302815901903,0.5127849710738399,0.4948628813544291,0.4319124168590048,0.5316153073852259,0.4963470426332346,0.46090344809768724,0.5082955771688468,0.620412514770581,0.43708503622030154,0.495071791617149,0.5565815242009033,0.43584632268081613,0.5248069599728403,0.41539196895862823,0.4547099331959039,0.48973162833855177,0.5100115445746268,0.5210496719496307,0.49852011004652597,0.6582619110093963,0.555426153847978,0.4480680670950315,0.43706218956178255,0.552136652819504,0.5595662701355465,0.4537063283034753,0.5338799177581881,0.4933492406629932,0.55363161365654,0.38689670563639067,0.45337733214146225,0.554759197939458,0.5353454532130294,0.5133791946899028,0.46484201122816493,0.5926443394075377,0.5584457200110573,0.4972351885308053,0.5688156702636779,0.5111276061577422,0.5017030427399737,0.4968962074288218,0.4792113026358262,0.4512389492717778,0.4513281151548463,0.5609887050913287,0.5269253909318241,0.49816569627564694,0.39185558393726566,0.5173855577997123,0.4522188249231455,0.5596560917281433,0.4650696217121611,0.5104544684831726,0.5070349285281419,0.5796670223321163,0.5229185677240896,0.49505525639812864,0.490292035385656,0.44102145248986374,0.4862928694158278,0.46472680731747135,0.45877728847471966,0.5283902980917229,0.49266643049183484,0.5126863065759605,0.4596889070894558,0.48489972444303103,0.4382570318403599,0.4599222694812821,0.4685825787403085,0.56436366369813,0.41324150977563084,0.5250340432971061,0.40693976651193065,0.550359346277662,0.43795551959344137,0.6000895805629108,0.4735152831083916,0.5235679254156612,0.4943477280222778,0.5539067633422206,0.4803756147199499,0.4838520812368806,0.5118026697569765,0.43166219487202145,0.5008056802978581,0.49952737643841405,0.5511390897315076,0.560883910714518,0.5093885806228399,0.4626645199001298,0.4974652587003138,0.4779298184363107,0.5021937530186668,0.4984744450924446,0.602714109352198,0.5192722303104976,0.5201208089858627,0.36375218733595843,0.5479704843833226,0.44635278742500595,0.504641399493557,0.47158786120397156,0.5551028971887769,0.5722908573070167,0.4391403960811706,0.5584326169061404,0.43947710826384667,0.4456621706206233,0.43959322734445644,0.4405255877181199,0.4515222011959305,0.48199136436552364
0.5991796549059312,0.5602155949291464,0.510070519505255,0.5073561506906871,0.500894827080882,0.5478274163310904,0.49033587567403064,0.5645167045080917,0.0,0.5035152867118623,0.48480062104689403,0.5330729691646119,0.546354437306676,0.47054820053303303,0.5370998890608658,0.5407159439903285,0.5274358374651514,0.5602676800629259,0.5016065298025433,0.5727459788262934,0.5206736656372825,0.5622380219638984,0.49562061517241446,0.5030741059476421,0.5594355710489258,0.48072091986822396,0.5520699417013939,0.5203213961999611,0.4193775183413192,0.5678675429429121,0.5816490688745233,0.5124273758930117,0.5233248210000759,0.48794913959683994,0.5308985470270542,0.44462868497509694,0.5269960850855069,0.5269753117150651,0.4710399974151161,0.5133985054113162,0.4723319404265699,0.6241455465580015,0.4782873318992893,0.47663749093177893,0.550150362541328,0.5345308982276007,0.5057658936171653,0.4297015360052349,0.5040785533626896,0.48722548643717395,0.48574293667768587,0.526405639733565,0.4599587046338357,0.4796173576092125,0.4316307289413711,0.5905116119231857,0.5221592655020838,0.5607898183597702,0.4571544666687732,0.48811161992334806,0.4700503976143074,0.4198856408569442,0.47879623877529964,0.4296729572667672,0.47078245680631237,0.47039210511855084,0.5101277526971908,0.5355499322538886,0.4924417091475909,0.5608967600497908,0.5518791601164048,0.4670271193487848,0.46990823311700664,0.5269487470603642,0.5591294625451891,0.4837933771664464,0.4653316328004778,0.5163050796287505,0.4948150708841539,0.4150084934690566,0.4783574889776642,0.5790213793938638,0.6262776839015595,0.48644341331365265,0.48292817647992364,0.6607928312977871,0.48725918302329146,0.4790448432501156,0.5681280566506367,0.5880964923796362,0.5290213290368484,0.5368150969846517,0.4613285424980612,0.4672970637130169,0.48874223246967446,0.5502186760823088,0.4539508338503974,0.5551980184204675,0.4206909258376718,0.5286250520853701,0.4441963098179607,0.426079552938095,0.4493139481855828,0.49639798095723736,0.4896634393447664,0.572169747827598,0.46526939202283685,0.6029215935564212,0.4976344061201459,0.47766631707760454,0.48153692749889215,0.4757933811034705,0.47548089562535295,0.5487455027222108,0.4804920225196708,0.6458931186866427,0.513596722814083,0.4597381232083456,0.4436200843033313,0.5168922760547552,0.5014063581388929,0.47087087818512696,0.4638277275242786,0.5423316991804875,0.4575258524341642,0.47925990369978133,0.45406539164427345,0.4954434256158837,0.4569774126728525,0.5071905031211876,0.6806154298940521,0.5432441903485747,0.46256022215595005,0.5362623105458567,0.4725685479358053,0.4500207199807408,0.5517105491930997,0.512775092333389,0.5289086568483333,0.5182298320090848,0.4740284146097656,0.47706064212723587,0.5588054689285716,0.4702279983652463,0.49840908531199185,0.5408882478834364,0.6562980633975732,0.510856175056585,0.5389944048179601,0.3765695451722772,0.5155603320170709,0.46950175081107304,0.5176884818525711,0.4993781734189498,0.5503706767744945,0.5451464394489706,0.4609400107941999,0.5918823878278111,0.46383472239697954,0.4502267430190623,0.46187924036514183,0.5037421226438674,0.4838114749243105,0.557474346709591
0.5231312252005038,0.6518404025343253,0.6263546358784055,0.5084957454200504,0.5108728687404138,0.5428038857916246,0.561237639605209,0.4899376405740062,0.5035152867118623,0.0,0.5196822570141947,0.6117028177630237,0.5286707207933783,0.45825304453525845,0.569385620365922,0.5592182224577801,0.5476863010471235,0.5342492417856376,0.5624033861431115,0.554878426668293,0.5661489787492925,0.6257836903422086,0.5280475226419404,0.568290292850796,0.6728976974281802,0.4557906801319041,0.4997627719888785,0.515782012153812,0.5581023347068272,0.4875767037954878,0.5552093126462246,0.5598009857324253,0.5277469518892788,0.4998831553345732,0.5173201441547682,0.4629308753646434,0.513321165984333,0.4890866176722277,0.5096095718403921,0.5481696856019261,0.497277895012768,0.5610349779473367,0.49688230377898557,0.5220423001029395,0.5349361737263656,0.5151525698084306,0.5070594595605105,0.4817081087655779,0.5778881067717868,0.4821149781561669,0.4948297712272099,0.49465693739214106,0.4633681303067331,0.550649101331799,0.4995970383311612,0.509212834781666,0.5040215222334407,0.5233619697819946,0.5342944173026855,0.4721571108038479,0.4691188111059948,0.3925731385418302,0.4561134112788969,0.45094843368335996,0.47541416898480326,0.46475634282212824,0.49279660744836895,0.5168356770629321,0.5004645885328286,0.49475693837179696,0.4968245123334488,0.46834190798461817,0.44369058703158165,0.5431628759201614,0.5218439753043657,0.4919794745218145,0.4788849113562217,0.5638667520028342,0.4573428982585384,0.41552830724491613,0.5046713157894976,0.500686751108894,0.5803196484635034,0.4584892677589348,0.4629650603952878,0.5408804761384782,0.4402830419744507,0.4742487898721709,0.5262751241193644,0.47283913736502425,0.4828162411752089,0.5161059288689165,0.5129132608617074,0.4646098215470129,0.4749632288465858,0.619811318685176,0.43959795637979043,0.5593832190461338,0.39944555485995953,0.5035723085459108,0.45596231316005964,0.4311757600024501,0.4506037663488236,0.6425219154410106,0.4518328218834357,0.5180606001841973,0.48935881441819995,0.6254881237373954,0.5341572610219336,0.553567761064927,0.5502565114424689,0.45295694137409565,0.4576177615010757,0.49635798559190747,0.44924666550404774,0.5118348147439212,0.5350908217965452,0.6121400058252441,0.5235069420050449,0.4414511044342352,0.47924641202857354,0.4160919549702501,0.4534315607261133,0.5511388696296826,0.44063715173430845,0.5879405814338613,0.4237580041905908,0.46531524955095976,0.5372125501518914,0.5195173287549255,0.5225182656479185,0.5126028150105345,0.41573234330253644,0.4579333148007508,0.5250314978547953,0.480130249692347,0.5528177654747278,0.5217241490074536,0.6181668720902868,0.5152686002775749,0.512374143529462,0.49175733520395953,0.533420043913841,0.4774032466546879,0.5361392047390706,0.5114504905697852,0.5364847173274924,0.5679836606310873,0.745902487259418,0.3730110266718105,0.4753671973107737,0.5223344443553011,0.5254915914519005,0.5644485545815005,0.605917099823457,0.51170571781408,0.464686038995115,0.5786139293113913,0.478609625120551,0.4465887943815345,0.5291513694554577,0.48355182103763095,0.4771681330193382,0.4974768833226583
0.59658212383575,0.5190648789283069,0.5602190226447765,0.5672352849762622,0.4923099949776693,0.5813860040350148,0.48394174095182524,0.5007335650427361,0.48480062104689403,0.5196822570141947,0.0,0.5112169780671371,0.6334859232645292,0.4907611660893923,0.5168882293287231,0.668552113648553,0.6013635472672837,0.5588918755094213,0.5656479729124624,0.6126990970930868,0.5771806628071127,0.615791351342799,0.4662997762015522,0.5327637506326509,0.5984997614596747,0.5189549875247899,0.4896737098652328,0.6179002082868584,0.5156482244759336,0.45400509297795705,0.5195222967725945,0.5902660235960947,0.5198045940016955,0.49404379487920597,0.5572858834606476,0.4590837015225511,0.607212395717047,0.5493429163877465,0.534799702021141,0.5388838252764062,0.47119449334167496,0.5081636619486943,0.5347321752013119,0.5865872038985266,0.5274678632012998,0.4935779439700306,0.41616695475445314,0.6197657694975327,0.5664636745498052,0.4985571232401636,0.5325280802664858,0.5235195854465229,0.45775465190220815,0.5923745233053486,0.5580926990572944,0.444070553454959,0.5668627367610873,0.5550403762199744,0.509667470731185,0.47085691138050745,0.6069432223357727,0.403603010319522,0.5506817279406696,0.44205197941788615,0.48600168037949754,0.5235482983120815,0.5530349928422524,0.5291119816803751,0.5394089289241966,0.5876622176732945,0.5447105777678333,0.4885577698458583,0.5335962894071382,0.6041490718990329,0.607904621209805,0.5006800883924972,0.579829091057401,0.5212915965750727,0.4869684926026668,0.4770063975622051,0.5266882077370062,0.5054638479066821,0.5002349226532615,0.5519678997684572,0.5022982691553256,0.5235125765214421,0.5625682997150728,0.4918200131560314,0.5099756599719488,0.43928319168335955,0.5147025218126187,0.44962051686570587,0.5233736677746564,0.5293644246823594,0.5102228733119194,0.5322665941194809,0.4800926420065951,0.4742730764113198,0.4051254398446214,0.496234161543117,0.509231224287459,0.4844180312203012,0.45322719676016265,0.4735693990629528,0.4959756695650348,0.5032214467491328,0.5065173463349129,0.5484804851147723,0.47598136402859864,0.5169855035155758,0.5891418088164588,0.48199115055740005,0.5544011455973468,0.5496544437563187,0.4978853223715226,0.5145339555396219,0.5140189356966017,0.5792975373293163,0.5752216975108115,0.4596397992697232,0.5213047794420619,0.4535666338113812,0.4991857665981299,0.5532426756951349,0.4950370876235004,0.5670378383207155,0.42726904442773417,0.4542770300829759,0.5185348536954751,0.5227995309254324,0.4521899973841508,0.5924087461915117,0.55059713516181,0.520950387703342,0.613555548980293,0.5106314481025804,0.49767709027698726,0.5150540038552053,0.5881933804038281,0.5002103599085522,0.5704993038367984,0.5232897925826152,0.49597467471144385,0.4890051423705774,0.5877994997539504,0.47140511387274664,0.4894134358497144,0.5021648584246345,0.5471601474059775,0.37803799765208973,0.5820552301782337,0.5058297930304194,0.5660931966655088,0.4190781625897586,0.5375002628637692,0.5612516418782709,0.5668532934775269,0.5396943416836476,0.5551551544165217,0.5347983630752803,0.4806917516930168,0.5217885173998023,0.4490742163317783,0.6135180143108829
0.5124990413179673,0.607754857617155,0.5667044105118272,0.5281733628899795,0.5235829640325163,0.5533869989834334,0.5526081529576858,0.5678533024429189,0.5330729691646119,0.6117028177630237,0.5112169780671371,0.0,0.5230533858718464,0.439568827335144,0.5972177920363997,0.5973083523287702,0.5382668127569176,0.5041856079578212,0.6056478524078733,0.5395038858911771,0.5649984610876974,0.5648617199138591,0.5442317114794597,0.5566029913602107,0.6160232254638767,0.48010808733056903,0.5364180037267907,0.5158387501995896,0.4966430027841504,0.5603271038122591,0.6548624184344725,0.5748338971121647,0.5689063231217014,0.5616263869814005,0.49919949078609654,0.48448738226624144,0.5239179009392927,0.50411556969174,0.602590485814755,0.5290341513421144,0.513210989484397,0.5234969672484721,0.5196691408912676,0.5165556782606818,0.5921206321823976,0.5578533125562013,0.5083287883044726,0.46595935792640353,0.5569009634422467,0.49664811499114997,0.5191674394305857,0.5035689802928544,0.4524953848840872,0.5576199217700762,0.5205687617667366,0.5026399816479945,0.5235975034452873,0.6153131308617092,0.4695212976141852,0.5130589817374748,0.48193943326927285,0.41632776549835254,0.467963848011584,0.4344755803197816,0.45831068812481224,0.46320881583201473,0.48833223256782804,0.49776591008142906,0.46646952540697023,0.5214127665401529,0.50682244748125,0.46076543512503576,0.42319108928131116,0.5501799000130878,0.5300126018756083,0.48575137602534946,0.5190504516533588,0.6018318065945778,0.4990689318279472,0.4136610778285484,0.47047220626533454,0.522877284357111,0.6170093633768653,0.4632500242509053,0.471368270418719,0.5753646214015588,0.4623203789084036,0.48113391732132776,0.5776915830626951,0.5152921809975644,0.5029770118917377,0.5465500885103519,0.5303970664433716,0.4698157312772438,0.4575278276184474,0.6177331422559186,0.46141790919508924,0.5560577387511342,0.40270385045893087,0.5227858921640792,0.46306818355399204,0.4736824150274541,0.45958286783659463,0.5948587140731074,0.46937607344153326,0.5716673125663809,0.51771065457466,0.5723060866458396,0.539950076957796,0.5072146411561428,0.5609452041550247,0.4651261337889338,0.43942295930163555,0.5195374040207117,0.4694998629175152,0.5425267643996258,0.5146289093758012,0.5754269706967904,0.4688606080374247,0.45197062594356274,0.49285872436987704,0.460852427380662,0.4331799043987214,0.5889065563504436,0.41636854912927607,0.6251897602525507,0.43580009327232344,0.5696798141158969,0.5220992145366274,0.50724823810521,0.530246610518147,0.5263789954380054,0.43550406840202044,0.4759734897294263,0.5059980228637163,0.44450503883101355,0.5791330779756471,0.5276850369776142,0.5768155940123035,0.5849989088765941,0.48242265430489034,0.48890696169059694,0.5430124765532032,0.4748148450376665,0.5321192281420227,0.5151888819495237,0.6084495989280374,0.5843739214894931,0.619558502682072,0.3816183967612279,0.5075587096599378,0.49458386688538675,0.54062783589419,0.5506568414793864,0.6360445346892413,0.5231205052468149,0.4570121372028531,0.6309825165938882,0.45372218129878056,0.4608601637302502,0.46538899979458714,0.4670459703655448,0.47508905781653166,0.4975051460039959
