0,1,2,3,4,5,6,7,8,9,10,11,12,13,14,15,16,17,18,19,20,21,22,23,24,25,26,27,28,29,30,31,32,33,34,35,36,37,38,39,40,41,42,43,44,45,46,47,48,49,50,51,52,53,54,55,56,57,58,59,60,61,62,63,64,65,66,67,68,69,70,71,72,73,74,75,76,77,78,79,80,81,82,83,84,85,86,87,88,89,90,91,92,93,94,95,96,97,98,99,100,101,102,103,104,105,106,107,108,109,110,111,112,113,114,115,116,117,118,119,120,121,122,123,124,125,126,127,128,129,130,131,132,133,134,135,136,137,138,139,140,141,142,143,144,145,146,147,148,149,150,151,152,153,154,155,156,157,158,159,160,161,162,163
0.0,0.8848296095399371,0.8849380945918913,0.8180367233003603,0.8283834811199201,0.8385626605838631,0.8444292486078732,0.7921562574297918,0.8808015813456779,0.8793010327665755,0.9070737327486047,0.8256053517934054,0.9135552282388624,0.8441118237269756,0.8812004977441474,0.8655255387702553,0.8852692577822537,0.9549956038134064,0.832969418960732,0.9271583387897661,0.8945500139936817,0.9250207415139203,0.8635446953306698,0.8502993590886503,0.9378953784127957,0.847660882402358,0.8281624140087689,0.8649134768533092,0.8271754943747278,0.8004283400385609,0.8629034299475685,0.9027474253220198,0.8320518093254586,0.8254447136417529,0.920721340241287,0.8658079379445218,0.9170863965507029,0.8750354881827807,0.7654454204148076,0.9125155822933191,0.8157216870953063,0.8676835531701026,0.8998783609355581,0.8843140834882265,0.8916648378583861,0.8872716793794615,0.8428030284082069,0.9014210455342598,0.9323608187413615,0.9241923675660916,0.9170670143723798,0.8864524169150221,0.8274971844089567,0.8885478141311383,0.9047630865723577,0.8417466354187769,0.9404092345276693,0.8287567553838728,0.841438710823429,0.8613892227607097,0.8169852262220394,0.7839639302829408,0.9074235422318172,0.809264544166367,0.8854164408159939,0.869078499112241,0.851978457761309,0.880676165696681,0.8851200299755898,0.8232678009830516,0.9360146699428232,0.8613620997932994,0.8728302040823532,0.8997589541127379,0.8421809291699757,0.8686527718080428,0.8206507241095347,0.8094784098062593,0.7978749317530878,0.6720019498894768,0.8056897795773814,0.9177617259763433,0.8335446253977283,0.7942549272369501,0.9128986280062157,0.8794399994786269,0.8208349224238078,0.8739401519505423,0.8505738144619697,0.7778825558966155,0.918823642948494,0.8441394586106689,0.9267765457204891,0.8905645242599518,0.9226582418197358,0.8487225704484394,0.7858222862153456,0.8257925474178338,0.7799408691963237,0.8484158621493736,0.798899455333625,0.7676360865342691,0.8190748127367476,0.7745327333994971,0.9138540195400696,0.8583423088195044,0.8232966467131684,0.8348325237800952,0.8878595108157272,0.8673634455688491,0.8730936185669205,0.9079459903677436,0.8830748087685409,0.7583763623058257,0.8866219165862991,0.8585499074144408,0.8522530329477002,0.9180512238586539,0.8443453080236912,0.7776569158934669,0.8581014876291153,0.7503309020106463,0.8706689434362699,0.8834419319524949,0.8408793878805938,0.8347320454664483,0.7897812487512208,0.8047655476566296,0.8476153213298585,0.91876891886237,0.7897572685821311,0.8284827390566964,0.7439105289453427,0.8054913779046042,0.8661942139925725,0.8428032697189355,0.8085131509895986,0.9152667050775293,0.9281254092739718,0.8276556765657819,0.8139823607518334,0.8402991939606056,0.9015363496725789,0.8880624381024087,0.8983022703962211,0.8555582019015296,0.860593016089204,0.744216830223961,0.9605880094604359,0.6271684795277733,0.8857949333028446,0.784306994255989,0.8719480966757533,0.82154535847761,0.8150911980053761,0.8706171856800123,0.8777672604077652,0.8068789686532658,0.8573725691831161,0.8717952002192755,0.7923843562685415,0.8589518919288758,0.9348798962346448,0.8940766442076642
0.8848296095399371,0.0,0.8029843055202213,0.8139859411434747,0.7648937120457174,0.8930994918949291,0.7861016853315197,0.7510656813458119,0.8452723121726369,0.8204291900056675,0.8238980026076828,0.8673580959508016,0.8208414545176049,0.8264700502357099,0.8035774027303386,0.8026279194630008,0.8523235558030788,0.7941262726651845,0.849919755397889,0.8517933021559926,0.8395288499553074,0.8320623170339045,0.785781830593244,0.8211000527841752,0.8414596394570006,0.763330077452111,0.7669268879296376,0.8336861701696895,0.913904490421177,0.7777693130469788,0.8432201556451929,0.8244842593687705,0.880392270211576,0.823446827149265,0.8966298647373147,0.8677470555241344,0.7976035045713876,0.8442865085539737,0.7712397181691727,0.8528596419844149,0.9022223208186673,0.8153401575187954,0.7367461819496565,0.8628845078839114,0.8199399621844343,0.8107691303409262,0.8051786488163223,0.8043384056948625,0.8065557972205695,0.836369183910601,0.8240046910829615,0.9028327697539129,0.8735009603134889,0.8854309753047285,0.8504129649096985,0.9087111822394094,0.87544900946507,0.8120569487484295,0.7254058295588414,0.8704407262137137,0.775710782631328,0.7834184342223525,0.82556072186267,0.7744911669893655,0.7753183112699293,0.7634726160382651,0.7638264817904667,0.737546203456417,0.7169833204796252,0.7160236527095272,0.8224809053624319,0.8226585084679464,0.7874074445834512,0.7932386762481354,0.843406106234222,0.8390602712493141,0.7152250712334288,0.8007248033057067,0.7662065024105371,0.7394479067869818,0.830628418246842,0.8368593379663466,0.8400735089412342,0.8075129551807534,0.8603076425014615,0.909683721468063,0.7247657196344731,0.7385309640208781,0.8288091523826169,0.8471998390331483,0.8268126972396105,0.8693947426509894,0.887597890053544,0.8958592109894813,0.8530766001919392,0.8515112230329441,0.7844547777690993,0.8665938720601535,0.8052616278071917,0.8270240945716099,0.8209217407484236,0.6473275376326534,0.7292668200912313,0.7617763177677992,0.8601094940497043,0.8000002050977701,0.7655958686331832,0.8263058403145904,0.8452974522246774,0.8433056620737638,0.8321669741712497,0.825014316837947,0.817395111309909,0.7361044958217059,0.8859181313601641,0.9120632885553658,0.8959104197589773,0.7413240991304,0.816227182899391,0.8286096683584171,0.821799767569715,0.7149458175256295,0.878630225053496,0.8734178604128815,0.848322768351633,0.8581156688633216,0.7782432861649412,0.7931681411821196,0.8979971108682825,0.7989655446936195,0.8447027611681507,0.785600847071476,0.7199948309985914,0.8957015966862594,0.7840175077960497,0.783075126206728,0.8153959564100345,0.8675697071372567,0.7895969609249358,0.7681313872755772,0.7894598302589453,0.8367407712965982,0.8955798177618151,0.8322882304621995,0.8502668089232788,0.7485894936300831,0.8652334916638672,0.7645895227973808,0.8844058609991271,0.7206902274237849,0.8123499364508442,0.8528501762035776,0.812450300556242,0.7486862651523164,0.8141644089067355,0.7512205961152483,0.8083785930363774,0.8132906957695493,0.8665885963811859,0.8039761002577143,0.7498779243964121,0.9133510720656162,0.9271972494365518,0.8446237122757833
0.8849380945918913,0.8029843055202213,0.0,0.8159891568246664,0.8542213687396526,0.8678665121777326,0.8192307846435815,0.791412490226124,0.7605236357761106,0.8714259430511553,0.9135933088686877,0.8202758415102679,0.9245648561330803,0.7505543650086405,0.7977674625389659,0.930257727508539,0.9323643589605914,0.8700603170422541,0.7879044769308297,0.7941792962322781,0.9483704271741784,0.922534275139288,0.8188436743639677,0.8405189354704652,0.8699754535664547,0.8830357007940665,0.7910871698961792,0.8424228290784203,0.759162507385996,0.820644158291279,0.7328234149444015,0.8949275389300533,0.7822767376419284,0.7815727171542795,0.7503314899377849,0.7860788241047358,0.8850811324460124,0.7841420280503709,0.7238609305445721,0.9083658381978168,0.7545938454873825,0.9062972018238697,0.8698792670876586,0.8154916913443705,0.8336419212062993,0.8688222869193946,0.8349151345308112,0.8728349271639032,0.8571903834451622,0.8552048297750343,0.9215952866967381,0.8947570794172278,0.7461188149312787,0.8769457637305417,0.8501514380510256,0.8023880711765663,0.8861231336520101,0.8782124678406379,0.7785252424269948,0.802304475385341,0.8248063546706352,0.7568032934423391,0.9230740471916816,0.7080622093896749,0.7884315564529353,0.8409913973026136,0.8239100227678,0.8954400924259451,0.8521806450968104,0.8134424230770239,0.8986813767349094,0.708168266538316,0.828178159829812,0.9528496699985165,0.8405958821388126,0.7334714702457374,0.905282843980625,0.8583124134873424,0.7419373008948931,0.6927752322691231,0.8245091071265886,0.852354797522476,0.8470303980759676,0.7458379923499739,0.8734763682461312,0.8066259459499876,0.7972458844295911,0.7977985329731826,0.7916281397801576,0.7293120760683174,0.9191969099285912,0.7433933335452334,0.8602982163009215,0.7974309106534205,0.857945984432417,0.7788321923504238,0.7344385634729772,0.7599160028772894,0.6760182161500707,0.816309270083952,0.667059412469915,0.8100253421307534,0.7699278004783886,0.7013196228555496,0.8131660647862464,0.8986341222564016,0.8752757912570727,0.8193823926549705,0.8586001480301368,0.8721108993395945,0.8739682002504963,0.8239001313284111,0.8615898875715425,0.7400690204469508,0.8027427969231957,0.8859241902856292,0.7574817763081848,0.849754672279453,0.8726837800248892,0.7140491279995025,0.7983288134849353,0.7428821899457999,0.7879862852782444,0.8862155144206175,0.665533113640974,0.7967410268197751,0.7911739034875154,0.8112968126367935,0.8012848359781344,0.8097242495515841,0.7466735836230416,0.9348788221176212,0.6926117278194921,0.7102328544598423,0.7823170406052596,0.7166283524823109,0.7281083540038152,0.7889357139457222,0.8326171617481877,0.76101429439338,0.7141992561189066,0.7922029580285164,0.8410187619302942,0.8228032993466692,0.8267324973498601,0.8025442889911812,0.8273773772228897,0.7992785276739524,0.8563531565229654,0.6048600703915618,0.7722035704822511,0.6743598247601654,0.8460290564076423,0.8616856095984111,0.8138096881954716,0.813089846894278,0.8716607345818247,0.8902885756221216,0.7199278437707158,0.8815102791732549,0.7633644389508808,0.7011444946903119,0.8298467721746774,0.8472152979925894
0.8180367233003603,0.8139859411434747,0.8159891568246664,0.0,0.7356743686544096,0.8650777552536683,0.8344385871587591,0.802380858846685,0.7430486918623499,0.8409802942117243,0.8424195518781266,0.8766450681166387,0.7907459778607193,0.7175995452078928,0.8108714462924046,0.7513728535683024,0.7827834019629032,0.7673377421454678,0.855182024845719,0.7079137491586445,0.8416766501710408,0.8029676774680178,0.8063239703422425,0.7637371617224161,0.8939096838673889,0.8170709088323773,0.7590326121264058,0.8175058429116936,0.7699192244381818,0.6925131646945054,0.7985437294100926,0.7880297314591135,0.9336713878325081,0.8186359956787143,0.7938105107920727,0.8173365075725463,0.8149366749518662,0.7402930399628981,0.7235755603119801,0.8170732003596347,0.8252253402538703,0.8008462680947966,0.7725321129267566,0.8597841336036428,0.8122896211673818,0.759230197339723,0.7162721950914237,0.8066224230253896,0.7998586435860816,0.7580686356307916,0.8632530682914457,0.8805294704354065,0.7004603289686009,0.9291203392027719,0.8713005858201833,0.7736447121422533,0.7765254972970288,0.8587639198993546,0.7223480487762771,0.7402156218989034,0.8125069352741306,0.6967899064471007,0.8582068151973272,0.6686759244839072,0.718091823773187,0.738723259618331,0.788466584737781,0.7597151273230558,0.7433378326554192,0.8111422328067872,0.7960535898749139,0.68411493322283,0.8012166723641302,0.8391825023358568,0.7743615093455748,0.7114651945794535,0.7707286664784218,0.7629997452758643,0.7442023316677444,0.6176820671756137,0.7550710522420085,0.8705049935914246,0.7386606302849752,0.7366276332447417,0.8382533086087844,0.7848873041013325,0.806367840683009,0.7577016190903072,0.7771550846548069,0.720269748823607,0.8616187400950449,0.8496905931451522,0.7955361994046275,0.7352354051175074,0.8232178108045471,0.8705211431026961,0.7205760280824434,0.8669277840657207,0.6819890604598543,0.8196270559552902,0.6851440119656915,0.7413856675277587,0.878786220072105,0.8750407520764089,0.8134995843480297,0.7424427867388974,0.7627437426645814,0.7960481825354105,0.7672377975145199,0.7700299002710105,0.907810911887498,0.7987952389438632,0.8505338656799796,0.7110877630375008,0.7976449503528051,0.7998622814096584,0.7806094774443956,0.7246135890448621,0.8920008267818632,0.768294147198656,0.6765467553468618,0.8296185459475827,0.750949410435364,0.8264987196760943,0.6800687618370419,0.841234843148234,0.7378705886646368,0.7389483483775904,0.8437776681412817,0.7258371963220428,0.694998358427675,0.7428554307875631,0.6645988378200685,0.7812001371988339,0.7486252114468944,0.6379747769534543,0.6462220384049745,0.7905399726226441,0.7830460067718914,0.7389221075326342,0.8749777224426688,0.7083738821877973,0.8360510905923891,0.8236407680655728,0.7822744127557162,0.7953817392771013,0.779817241650917,0.6918128570768969,0.8116591638341749,0.5772209313344473,0.8432944260024601,0.7447627050447899,0.7453626003435816,0.7087577109703638,0.9126999483466913,0.7660764541107009,0.7377236587953391,0.844647734242686,0.8726104305771323,0.8068985466991887,0.7258441996945939,0.7598995726277805,0.84846881522017,0.7928914058853669
0.8283834811199201,0.7648937120457174,0.8542213687396526,0.7356743686544096,0.0,0.7394187222972465,0.8519008533930926,0.6460197683356076,0.7409219613306034,0.7524869691096921,0.8615165084146613,0.8098756285856717,0.7536777266816549,0.7033167919045932,0.8323601510891765,0.8112929916183935,0.8096404963821972,0.803666402056471,0.7416195517200659,0.7364688180591134,0.8723149949584185,0.8862453802301331,0.8146693876299943,0.8659091282086372,0.7927222440678523,0.8146276903777897,0.7095220687235172,0.694957704735578,0.7929169173229875,0.8328589477716524,0.7336659725254818,0.7657600291145594,0.7503015376384627,0.7023659401452313,0.7742635199708334,0.7614872462036272,0.8047559129454183,0.7502338095851488,0.7515634374249326,0.8458514570917548,0.7818001492627747,0.8419187034683621,0.8220212241010509,0.8676072139394413,0.7194736396519943,0.7433076143789216,0.8348696526849987,0.8672922800803655,0.8532099327783119,0.814166816644138,0.8433634114575894,0.8221212464646112,0.7018794744961178,0.8073390198755817,0.8088841424301976,0.7381353979365959,0.8122656272633981,0.8093591180381674,0.7258248203036777,0.727622059986928,0.6469401124417459,0.6832961921919045,0.7958666826233779,0.7117808649656848,0.7705644068696142,0.6921506145962968,0.7032219840145715,0.8269170078214076,0.7566687277489178,0.6924918502560528,0.8333847935097106,0.7194615280514202,0.7220362624040964,0.7976862297425527,0.6904549309814643,0.6804268119920693,0.7631467514453959,0.9041051259785808,0.6646457676094325,0.6850139250521398,0.7309045875110391,0.8032660942609545,0.8492608481035749,0.6354426898933604,0.7783751273699492,0.7364279479173192,0.6698996026352362,0.7371392472790673,0.6561751227115532,0.6779728721723657,0.9046437890974283,0.7415868008149764,0.8806253717216062,0.7183812097389742,0.8041172187522685,0.78551571770341,0.6326258315160912,0.7056295547138108,0.7059536601713516,0.6877244527281896,0.679079472685172,0.6706246422161759,0.7315671906002394,0.710679551968335,0.7323361842393646,0.7681015163883321,0.7018808038455662,0.7293408596105407,0.8041608657407571,0.8248730253131009,0.8375965348394846,0.8248197166022377,0.7193820883601509,0.6437507103678719,0.7268631248221039,0.7849448992085319,0.6866122945162845,0.8650413198181519,0.7818677745721452,0.6688218414398217,0.8899469895158736,0.6506680227115874,0.7412058393944367,0.8547277837487305,0.7236333309047481,0.7623654105514037,0.6927661660293036,0.748468949676858,0.7290548017818138,0.78873410491277,0.6713999971289674,0.7754794869889738,0.6027013936452568,0.7230672322262097,0.7463498429082761,0.7813606567489472,0.74732066465082,0.8433392656926836,0.7738930105716155,0.7648493557299999,0.6768561157730408,0.75287545702586,0.7769583444907653,0.7757717729034712,0.8393976623650928,0.7698877502432554,0.8593309647885653,0.7023889160337925,0.7968007641026249,0.5868465939988585,0.7326627672219741,0.6882190321053719,0.8067571797374032,0.809409194702912,0.7682835042079512,0.7241913901588737,0.7594874695896799,0.7961071101082555,0.7404686009919798,0.7775427493412631,0.67387002642859,0.7196959248453613,0.788210716938296,0.891962333979243
0.8385626605838631,0.8930994918949291,0.8678665121777326,0.8650777552536683,0.7394187222972465,0.0,0.7476684662041767,0.840000264397347,0.7763656774630664,0.8331121200532687,0.8641189782074578,0.8880719833769133,0.8748022388319856,0.7507970723544775,0.7601512577674241,0.873971035087372,0.8648477073756416,0.7529846783363638,0.8380621860783988,0.7618381303585627,0.8590115983425789,0.8078184731484861,0.7330586109041285,0.776199384022193,0.8544674826536502,0.8252383760371802,0.7550227573693796,0.843953235221397,0.8535508528482697,0.7950221584754007,0.7988045344463024,0.8451252298923322,0.8942583478146582,0.812650593494431,0.7755582095201481,0.8122243480299695,0.8488465370930786,0.8186256297574359,0.754197330708724,0.8119827095182848,0.8457311612028279,0.8025850269095014,0.7602613597378332,0.8449944703511799,0.8220326016789264,0.8161304320297648,0.7687286637786847,0.8366561207787095,0.7528413897075809,0.7741365199919874,0.839806936180302,0.9257910420110017,0.7645621803332069,0.891747433942511,0.8560123842605235,0.876462530396241,0.8345436801100145,0.9058568733009572,0.6651207480918117,0.8072329069659925,0.867485951585357,0.7807153642246895,0.9023976301109224,0.6735352280908611,0.6967003392635409,0.7771988112658184,0.7704369400843514,0.7762909746737918,0.7159797178528141,0.8048710395663492,0.827897516894374,0.7107420260415457,0.7689683978107593,0.8330237397285155,0.8850822306759605,0.7827550261657316,0.7840650866149919,0.8234806206922954,0.8049106244371756,0.7982176963642765,0.9040842153097612,0.80207635684028,0.865151728142486,0.8710002666387777,0.845449116805209,0.8844822974040593,0.82038701489734,0.712922842964255,0.8530902723136491,0.8278187703808214,0.8327948725670689,0.7917099847286678,0.8315261864871043,0.8284762052365681,0.7898610397185044,0.8724835254500278,0.7791652150167098,0.8381386453023425,0.7022185041264688,0.8237538299364195,0.7434008627413647,0.7298156389823531,0.737082265060639,0.7611622699008669,0.8288533924128467,0.8439305933532419,0.8172118264837304,0.8291110084037294,0.8043935358462783,0.8241996583484372,0.8382834647235248,0.7672848099176897,0.8569310625862118,0.7712659433103014,0.8772378847583303,0.9269977531297194,0.8419118750809349,0.7021927354910554,0.8527845793343518,0.8091445004198137,0.7388134045405386,0.8210382941573979,0.811023119245675,0.906800911093435,0.7088739138716494,0.912875056270597,0.7598143492260135,0.8269227954425468,0.8844031751103263,0.7458848227173798,0.8169458287554283,0.8740547533218879,0.7688920162996141,0.8198223428436611,0.7459065759077226,0.6835375823434862,0.7722648052616846,0.7735325895025059,0.7410907896199196,0.7613943174500797,0.809965692786001,0.7976304714451251,0.8122984549759128,0.780834249845892,0.8330079194830444,0.7243964232048293,0.8352796538155254,0.8434549259345536,0.8375731096205623,0.6845763195393004,0.8042595022605643,0.7859986516760523,0.7460012954948281,0.7197867533649894,0.8777811671322634,0.7785111636988282,0.8249610419572772,0.9339659635462899,0.7951580909943241,0.845169813370065,0.7551096347704762,0.8115590622168388,0.8844223579108966,0.8111211114679592
0.8444292486078732,0.7861016853315197,0.8192307846435815,0.8344385871587591,0.8519008533930926,0.7476684662041767,0.0,0.6457922668066627,0.6944127422711353,0.882743727401151,0.7823611920709924,0.7742022848057654,0.7857943692234769,0.7761909733055615,0.8296280720277565,0.7329538917454418,0.7811332561141732,0.8152299466586238,0.7173610546875935,0.717015030003383,0.8436321422360007,0.8197946548360557,0.898668136161339,0.8206715344735042,0.8715247955505504,0.8504100904505884,0.7200800113496164,0.7157889806465273,0.7736046407841417,0.6739551701909152,0.7455287410789195,0.8297709133117015,0.8028619965797079,0.8081602381353538,0.8252981000435626,0.8151208563733459,0.8270140713864426,0.681774165087615,0.6653128065403469,0.9208261379728526,0.7513669339560577,0.8578116963526901,0.8098663435751143,0.881115099360083,0.7899054859823396,0.776661172074614,0.8774781367371601,0.8326879721282545,0.9399723399586396,0.817334839573549,0.9001181964790488,0.8444447958167773,0.7086881218909058,0.8572396067127342,0.8518608746729099,0.8170190034323691,0.7674081808276155,0.7307885403930033,0.8702233416234012,0.7508603976187029,0.6739875617426773,0.7204580055829519,0.7752343199306424,0.7619298771458625,0.8100213679893835,0.7460408407935782,0.8270959839042583,0.8670051887858125,0.7945071172750824,0.6721117007377105,0.8389682292671077,0.760073499024501,0.836273961160682,0.858507133633672,0.6520764972240833,0.7623738575220916,0.7930233838421197,0.8613361503591058,0.6434191167727802,0.6229557139375,0.716804653742608,0.8540999669444297,0.7413272857174782,0.6173209309322842,0.8358768050536154,0.6934486749444672,0.6878615624023139,0.8498695730596372,0.7246753331639482,0.6727285215243264,0.8962986685584315,0.887357056710904,0.837833998654146,0.730226650476127,0.8914095596974972,0.8199187216746919,0.6384520303101039,0.8392745121225267,0.7558487407616907,0.8304873266583631,0.6943349224267337,0.6893123634186016,0.9064507694849099,0.7868669189829022,0.7755771091260099,0.7612698503842705,0.7395454763793752,0.7470968512252354,0.8679685746693716,0.8503135233032175,0.9319606934680259,0.8544677482348242,0.8474250045756452,0.6090298283351646,0.7402105771953129,0.7420473238381939,0.7526656893298552,0.8443866149700349,0.895334814475542,0.7186154390001577,0.7642425892089767,0.6654022445765034,0.7920724057737945,0.829792477743455,0.7235115116946857,0.7522004731285061,0.7895404719327361,0.7233136697239714,0.7970965417604446,0.8087503784123641,0.6447865045694792,0.690405916548606,0.5751107537295393,0.6867939848853749,0.7257872580328498,0.7332793337969102,0.6579196081419201,0.8772661937648765,0.800276074176976,0.6821199379225804,0.7507512724702786,0.7604354175172654,0.8857432561818755,0.8279758370039643,0.8184235153185933,0.9246571799352681,0.7549194132201583,0.6645581661689295,0.8328949419919786,0.5475589582071555,0.7475533636802731,0.6882006721121577,0.7286365051175836,0.8813608543654565,0.7844936611851747,0.7293699540213504,0.7051112894140289,0.7873895945933922,0.8406558443346877,0.8516789597492553,0.7848310522461532,0.7416612588603577,0.829722950018664,0.777512769969626
0.7921562574297918,0.7510656813458119,0.791412490226124,0.802380858846685,0.6460197683356076,0.840000264397347,0.6457922668066627,0.0,0.8213645785239807,0.7281966439146333,0.8216661429669967,0.8185151754189334,0.8404675342649508,0.6916827645306424,0.7586040451880746,0.8275360133324927,0.7530300635885497,0.7465021369982368,0.7984194970041906,0.773228697802749,0.7666309574008117,0.7685788857914219,0.6751293037023122,0.6873437712633927,0.7964513867603952,0.7798526475197838,0.8056081759021502,0.805703481066037,0.6807297757259474,0.7523647009973613,0.840104851550472,0.7883678911067072,0.8144960947119378,0.7596930474865248,0.7202308749553648,0.7773297980279114,0.8366833232372943,0.8419177427012879,0.7972756767248407,0.7084012534667,0.7445666125013893,0.6848247665610748,0.8007919126798294,0.7295986509982546,0.8689112537711569,0.8168562405359122,0.6493577437723712,0.7745939080072138,0.6943123863282371,0.762832029806219,0.7877477395489283,0.7670953330098514,0.6804622602631571,0.811600946003904,0.8271395151939125,0.7087796693984914,0.8065272031759191,0.8749938543844726,0.6297364076238077,0.7795972833656835,0.9439845660675827,0.7454224419757839,0.8727597575492606,0.642907067143126,0.6809866145814298,0.7912386999952958,0.7720362672023876,0.7369711566279895,0.7419054296929354,0.9370531265079668,0.810956952257272,0.683182869519765,0.720913108805155,0.7997536644550287,0.8772999730619471,0.7105391726870367,0.7988193957853911,0.6809301520980514,0.8840762253143991,0.6149035333968229,0.7179179126140207,0.8079770069055694,0.7567478201412029,0.8797543583415316,0.7832504241866869,0.875208096201166,0.9412962388054016,0.7301690261201647,0.8525790094207583,0.8201766718854889,0.7640317717307029,0.7137837942105925,0.7583522496047237,0.7587539785448713,0.7157202040618333,0.7882683711910463,0.8573082538155723,0.7244248802694749,0.6372057228198015,0.7663996198227857,0.7239334109627148,0.8762869250702832,0.7176625129920787,0.7112430808061511,0.8402490986956681,0.8092837832668027,0.8220730976679258,0.7253112309378119,0.718885559073306,0.6872194911940486,0.7321703007258622,0.7472360906431329,0.7765576557485159,0.8429515458324202,0.8331500887496275,0.7887610848377946,0.7069287760516141,0.7110887700413373,0.7001914730318636,0.7341044110317341,0.6789470831583329,0.936612865888248,0.6844630411207135,0.7809463403973856,0.6410113351383486,0.838148310902581,0.6983219707123752,0.8494912742330866,0.7627311399091466,0.755446510651384,0.7524151119193438,0.8345486674296042,0.867470192070254,0.7642622668213026,0.7913403189229753,0.6334570437817933,0.7162595831912144,0.7184134563026734,0.7885998275220019,0.8525374766294552,0.7795912115562397,0.7160260520946615,0.7323575691465528,0.7717434959907816,0.7697828281261001,0.6869867485532045,0.8006443359863198,0.749963015418621,0.7767223724004817,0.623389407120103,0.8694394788653149,0.6726862160954629,0.7558387140574572,0.6596467756728579,0.8020353620635918,0.8714065818150823,0.7970738608734075,0.7918357408323423,0.7033380156323493,0.7530716486350999,0.6414762588851429,0.6928517279780259,0.8341374529422607,0.7393946869718465
0.8808015813456779,0.8452723121726369,0.7605236357761106,0.7430486918623499,0.7409219613306034,0.7763656774630664,0.6944127422711353,0.8213645785239807,0.0,0.7304860464249842,0.8521791066463468,0.8053434451385184,0.7872313727182904,0.7688840193440563,0.8199271082963804,0.7837161148008547,0.7589217200620599,0.8273613516304799,0.807878934902434,0.8696297517618833,0.756389603282887,0.8622261621976595,0.7259131193284704,0.7346541281944501,0.8048077118430279,0.7053914685968974,0.835340859629841,0.792399385902967,0.7722590528566586,0.8336781090371531,0.8836416935028207,0.762805289281676,0.788244363679676,0.7070445012317796,0.8581321719494511,0.8016571779214431,0.8051437916098041,0.9024164290914846,0.8140956682600172,0.7343850914551506,0.7784636193593578,0.7620973033649586,0.7698269819031226,0.7725941689653063,0.7997201732471247,0.7508656590260139,0.6845388554895482,0.7802894804864567,0.760854791039461,0.8178230759384941,0.7657905095235804,0.7457047892481353,0.7697770280097977,0.7905390781354823,0.8124315238048023,0.754336997255185,0.8446252012927908,0.8196049662917279,0.6804646370149764,0.795309475312423,0.7868209819084417,0.7192175559625055,0.7987327813030598,0.7358680059316985,0.7601816855268172,0.7248949979389724,0.7326477318484986,0.7287366812368595,0.767339306729204,0.8370999176381525,0.816999943021795,0.7897646021770278,0.7419680435348003,0.7475564354273785,0.8459507570371932,0.7438933677073005,0.7085733769911415,0.6995715376968854,0.7630882034594899,0.6091797602759725,0.6892951551917633,0.8485116306138277,0.8056585450627369,0.7935949668541785,0.775672976116373,0.8922222889718203,0.807061176114284,0.7472150891966127,0.7720524552987014,0.8258203280430721,0.805151086699211,0.7653459943861697,0.8393008560970571,0.7906906029478304,0.7919958207686257,0.8058988407632635,0.7956680503202155,0.715486244552197,0.7376389565146428,0.7140948021523329,0.7989667486366623,0.7122652232630305,0.6849700616877044,0.7129141404091001,0.8503069400803933,0.7305175228673756,0.7016907231224329,0.7424422077426936,0.7228137967933607,0.7155319881011311,0.7255242672010052,0.8045189615002294,0.7373504325323073,0.8333651441030302,0.8033675827659341,0.7962131486490932,0.7340351959311554,0.7941055722918898,0.676915503085936,0.7683178280076807,0.8029289494186115,0.7661427174315372,0.7358958735584646,0.771901749613573,0.8335249175805262,0.7859113858948246,0.6871667132960583,0.7811759175058595,0.7390305508948071,0.8065724759985728,0.8368096444739166,0.771709023409768,0.8015206137710758,0.8786354494397383,0.8288440226471122,0.7634696936822416,0.7774670905621158,0.8069956846484576,0.8195796934954561,0.8629869230136868,0.7657807802948363,0.7721384921376341,0.793709807016601,0.8335665757129113,0.8075863927416164,0.7005445484806982,0.8797757064860485,0.6765818729767252,0.8296300949865392,0.6571521193942735,0.8665113097456444,0.7647812299888321,0.8590290812763375,0.6768552019902933,0.7411305045305673,0.8310894429023905,0.8200794337095849,0.7099454407136229,0.7899730979941019,0.7247308084595712,0.6271424814836304,0.8218240372398169,0.8751773499439588,0.8603951515281888
0.8793010327665755,0.8204291900056675,0.8714259430511553,0.8409802942117243,0.7524869691096921,0.8331121200532687,0.882743727401151,0.7281966439146333,0.7304860464249842,0.0,0.799512040359806,0.7553454774695626,0.8906614641471339,0.8195371849221255,0.7552418184242958,0.8039759611580686,0.8642227357554834,0.8695601398373344,0.7316541558447685,0.7542135295402379,0.8233662218394447,0.8069375816999987,0.8918125967469585,0.7493433441957394,0.9215827690768349,0.830443347486009,0.8119105770009112,0.8504370061668532,0.7929606238320832,0.7223455245658676,0.7248682069407056,0.894960220151824,0.7981681207496073,0.8258570644492869,0.8033106422199976,0.7939698037029761,0.8464001449845925,0.7303485248592501,0.6142695614131328,0.9103301966326561,0.7251147405180068,0.8928412442096345,0.7917210602148875,0.7973544397705207,0.8269978591242034,0.8259749882293709,0.860518603638123,0.78844782593633,0.89523692704544,0.801435163091992,0.8697546642687874,0.8624816223854436,0.7452762166300184,0.8238987302998074,0.825106537143955,0.8841741202127211,0.7868253192899405,0.7713649234438121,0.8504784646538861,0.7832994167850758,0.7542194036904103,0.757262964811776,0.8277353727621155,0.7477399017640475,0.7604093616725088,0.7953080148285672,0.8377555456375878,0.8582541713695088,0.8640176678416653,0.7509084799099964,0.8200590594654009,0.7543552493530525,0.8768285992171141,0.8902423598711477,0.7694374534718985,0.8225874112218323,0.8014903299123196,0.8111015750240347,0.6901687750185086,0.65172276653404,0.7942261396011543,0.8077645038138969,0.7609447486080575,0.723902051080259,0.861814634823999,0.7560810465375497,0.7465887009169696,0.8459355965778986,0.8501886552295296,0.6921455563149287,0.8800117717296275,0.8351351069854109,0.812853521126202,0.7639837626605761,0.8767749755070414,0.8072161074490328,0.6631613238251364,0.8684449612495908,0.7271564255250972,0.89376560593054,0.6821722447244989,0.7143177339145083,0.8548783012577723,0.78066222584315,0.8174167377437264,0.822150087196788,0.7949836887508995,0.8655597356447577,0.8685396301652112,0.8253318534968911,0.8560095475633592,0.8029030550852864,0.9112288564592907,0.7042406800581531,0.8006623286775038,0.8334513631463702,0.849880673763561,0.7998152200392722,0.9157991908242534,0.7889642233942851,0.7035498705454021,0.7160859937509488,0.8179324813607682,0.8178949798068056,0.6931875671858636,0.7700143006069249,0.8200271591141862,0.7268776115984725,0.8437313052027734,0.798237683869797,0.7740085154062243,0.7558650221156993,0.64425058970046,0.6774982202857253,0.69019703944202,0.6804817420161012,0.6834411300402833,0.80565784259642,0.8202308108636422,0.6690818483255342,0.7819278021704377,0.7883888464420961,0.8743207152410677,0.8062345601178544,0.7784358523636226,0.8840207913156654,0.715920864925242,0.737839085779891,0.89860260871594,0.5945677949535213,0.7349173665867521,0.7274100447509353,0.7269614857577619,0.8575037807445174,0.7956670979850853,0.7412963460817528,0.7589535722061583,0.8308233993862537,0.8113916559489851,0.8953740478252219,0.8818885218101092,0.7691201927814945,0.852061685850709,0.7471391424492835
0.9070737327486047,0.8238980026076828,0.9135933088686877,0.8424195518781266,0.8615165084146613,0.8641189782074578,0.7823611920709924,0.8216661429669967,0.8521791066463468,0.799512040359806,0.0,0.8848767743863558,0.8708958824877931,0.7440278017965928,0.8358450976073216,0.906181643112021,0.8727958926054011,0.850370766920006,0.8460652981637895,0.8284721730660022,0.9063339397563542,0.9391782294392101,0.8008057477438216,0.8447767631470803,0.8917682896627698,0.8542235194774127,0.8195041044135598,0.8483452851432183,0.8102335230833703,0.8587392831702234,0.8153199259849226,0.8265478842956686,0.8256310723356176,0.7694578307191189,0.8190098897278209,0.8068040665621395,0.9049339544385426,0.8688631003210078,0.8132526064874669,0.8408944004491148,0.8034364637932916,0.8644416179169198,0.8530861935920128,0.8712743009107012,0.8241626390812155,0.7906793848284325,0.7437629510893594,0.9223712058453716,0.8387066549759989,0.8307783119884522,0.8682226842785847,0.8636622675990233,0.7144074181784983,0.8850564377352232,0.8827157937443537,0.7722079545605642,0.8843316468603855,0.931517151110047,0.7119008694970779,0.7752785960076387,0.8306455104926836,0.7132712809212507,0.9054164958521507,0.7106348787029982,0.7555217548388189,0.7675275140559075,0.7887080698276531,0.8291941825232463,0.8132492549880891,0.8766536061101007,0.8793773934676643,0.7317392617383223,0.8009771990168313,0.8668606020993646,0.854138200652911,0.713681600033854,0.8318291413118666,0.8307785492672459,0.7753043177350974,0.6931679162527623,0.7812477796709436,0.8667931791770105,0.8584118623094602,0.793513434438464,0.8517576130161926,0.8670128279659033,0.8572930505621816,0.7580242254966267,0.7571524988874153,0.7782615056177221,0.9164209410902509,0.7507420464662271,0.8748684692258349,0.78549287491018,0.8359251666657618,0.8483848047225289,0.74417421501312,0.7572387348827497,0.6978027944828975,0.7508655934340267,0.7355697531559672,0.7820759906649651,0.7565770241222664,0.7483806856704255,0.8282881350817627,0.8152455568441492,0.777328897862407,0.8259906452917121,0.7752450134059196,0.8382961532821246,0.8629098223384813,0.8489622860923594,0.8221150518898814,0.8050872898916447,0.8138687801793052,0.8715256754634456,0.7406659730559967,0.8501074770217452,0.8246306704770376,0.7491956203281244,0.8339809049387277,0.7900187440911511,0.7954290462535113,0.8741487968528631,0.7542129692065868,0.847229666838284,0.7169666508049548,0.8134704691874415,0.8022149719796174,0.8017262304324273,0.7650695599375086,0.8849863869630206,0.7701952592893437,0.8269867546639256,0.8514024421578948,0.7358661204936618,0.7689686753754986,0.8244611957604474,0.8608470418696571,0.834295550044508,0.7730280944960034,0.7876073264530884,0.802164765103586,0.8379360765975489,0.8880058377082157,0.7636871603101978,0.8915121637782907,0.7261976466886723,0.8655316439078141,0.6300695845686085,0.8715158538858702,0.7190506204407493,0.8774227999328841,0.7426019011826915,0.8533386928001083,0.8548258217041271,0.9051754393891677,0.8577888279834751,0.7986120641173132,0.8259631194586416,0.6757461805014566,0.7792844224810455,0.8528223681173541,0.952735258731891
0.8256053517934054,0.8673580959508016,0.8202758415102679,0.8766450681166387,0.8098756285856717,0.8880719833769133,0.7742022848057654,0.8185151754189334,0.8053434451385184,0.7553454774695626,0.8848767743863558,0.0,0.7764711277877615,0.6852972197425597,0.8448568087724385,0.8195519505347011,0.7981442607792589,0.7363611249795105,0.9067151613434596,0.7669903184865811,0.8791407733066395,0.83107364099662,0.777473830974923,0.8575064365655378,0.8619230857260631,0.824997750635575,0.7390436490853196,0.7831062685981929,0.8229230577954632,0.8149046234614675,0.8708645260841106,0.762395536603717,0.9162197188726172,0.8168141478711262,0.8047418229301586,0.8231653954169152,0.8329871701149397,0.818642975564341,0.8637595741098073,0.7937250561599875,0.9140859329603127,0.7784570589440376,0.788117659597914,0.9050805750934972,0.8121953008945406,0.7778024786000258,0.7375655960620797,0.8654643525999723,0.7724736038124305,0.7741630560600119,0.8287557586786761,0.8978853328124206,0.7027451173553758,0.9079938383419904,0.8666092664483707,0.7941282387133933,0.8343351842243967,0.9301439868513226,0.6390566436727877,0.767804341191293,0.785745018426931,0.6999213204819825,0.8573107216327416,0.6682033425148772,0.7029775571971367,0.7134061663747696,0.7260828043004925,0.7412333738910839,0.6804797295063582,0.7975433440088282,0.8175937752707005,0.7001142916208739,0.7121298007721314,0.786317336860038,0.7943497533434497,0.707679062282063,0.7440269906485114,0.827205369858901,0.8230308298744927,0.708466258282335,0.7808695537767147,0.8448142154193333,0.8644837494364228,0.7794996060409732,0.8161907350756875,0.8948613281341979,0.7942791290543367,0.6884765885705865,0.7570768128100924,0.8404722863323588,0.8463489101480434,0.8072450322230329,0.842144214524801,0.7742132807573615,0.7571604171831177,0.9082197964478411,0.7461975710628527,0.8316727308234959,0.692068317814131,0.7470350668101983,0.7405397610548949,0.717634445900828,0.7582994403943873,0.8358018321288748,0.7954969014972052,0.7926816859756394,0.7486365894846905,0.8047837950180255,0.7712511066244601,0.8229401583184814,0.8742320048054029,0.8076442460935486,0.7588279764000719,0.7243257403899929,0.8287942634127794,0.8676687008906527,0.7690174257023489,0.7401605408838535,0.80248053896299,0.746468177421055,0.7843174179792664,0.80746877984479,0.7780399762280518,0.9013309665713595,0.7219040732140966,0.9196013412371569,0.6859096030038804,0.8290116428207653,0.8447989744893039,0.7399906664191499,0.7429540542510358,0.7977744646122266,0.7124047108846432,0.8655728859751198,0.8096847196973087,0.6952183742570159,0.800056394970794,0.828038513786676,0.7884435018450553,0.8534776956414036,0.7987095644872536,0.7356157102661628,0.7890477739014737,0.7808209778838752,0.865779870144392,0.7317743205604257,0.9246768319871718,0.7437735715833539,0.8381391768204602,0.6428587766035224,0.8746746905232697,0.7566078563046402,0.7907333434536644,0.7021497399525005,0.9473896571305646,0.7958524026554672,0.7962318280233048,0.8978174976322568,0.8132201722693057,0.7572308800578951,0.6528657197472686,0.7961267413775962,0.8900723804976404,0.8851628802722804
